        TIME,    TIDE,      OB,   SURGE,    BIAS,     TWL,SURGE90p,  TWL90p,SURGE10p,   TWL10p
202603200600,   5.179,   5.749,   0.300,   0.270,   5.749,   0.300,   5.749,   0.300,   5.749
202603200606,   5.189,9999.000,9999.000,9999.000,9999.000,9999.000,9999.000,9999.000,9999.000
202603200612,   5.192,   5.749,9999.000,9999.000,9999.000,9999.000,9999.000,9999.000,9999.000
202603200618,   5.190,9999.000,9999.000,9999.000,9999.000,9999.000,9999.000,9999.000,9999.000
202603200624,   5.181,   5.677,9999.000,9999.000,9999.000,9999.000,9999.000,9999.000,9999.000
202603200630,   5.166,9999.000,9999.000,9999.000,9999.000,9999.000,9999.000,9999.000,9999.000
202603200636,   5.144,   5.579,9999.000,9999.000,9999.000,9999.000,9999.000,9999.000,9999.000
202603200642,   5.117,9999.000,9999.000,9999.000,9999.000,9999.000,9999.000,9999.000,9999.000
202603200648,   5.084,   5.569,9999.000,9999.000,9999.000,9999.000,9999.000,9999.000,9999.000
202603200654,   5.044,9999.000,9999.000,9999.000,9999.000,9999.000,9999.000,9999.000,9999.000
202603200700,   4.999,   5.549,   0.300,   0.250,   5.549,   0.300,   5.549,   0.300,   5.549
202603200706,   4.948,   5.477,9999.000,9999.000,9999.000,9999.000,9999.000,9999.000,9999.000
202603200712,   4.892,   5.438,9999.000,9999.000,9999.000,9999.000,9999.000,9999.000,9999.000
202603200718,   4.830,   5.389,9999.000,9999.000,9999.000,9999.000,9999.000,9999.000,9999.000
202603200724,   4.763,   5.369,9999.000,9999.000,9999.000,9999.000,9999.000,9999.000,9999.000
202603200730,   4.690,   5.208,9999.000,9999.000,9999.000,9999.000,9999.000,9999.000,9999.000
202603200736,   4.613,   5.028,9999.000,9999.000,9999.000,9999.000,9999.000,9999.000,9999.000
202603200742,   4.531,   5.028,9999.000,9999.000,9999.000,9999.000,9999.000,9999.000,9999.000
202603200748,   4.444,   4.939,9999.000,9999.000,9999.000,9999.000,9999.000,9999.000,9999.000
202603200754,   4.353,   4.867,9999.000,9999.000,9999.000,9999.000,9999.000,9999.000,9999.000
202603200800,   4.257,   4.710,   0.300,   0.153,   4.710,   0.300,   4.710,   0.300,   4.710
202603200806,   4.158,   4.657,9999.000,9999.000,9999.000,9999.000,9999.000,9999.000,9999.000
202603200812,   4.055,   4.588,9999.000,9999.000,9999.000,9999.000,9999.000,9999.000,9999.000
202603200818,   3.949,   4.509,9999.000,9999.000,9999.000,9999.000,9999.000,9999.000,9999.000
202603200824,   3.839,   4.398,9999.000,9999.000,9999.000,9999.000,9999.000,9999.000,9999.000
202603200830,   3.727,   4.208,9999.000,9999.000,9999.000,9999.000,9999.000,9999.000,9999.000
202603200836,   3.612,   4.057,9999.000,9999.000,9999.000,9999.000,9999.000,9999.000,9999.000
202603200842,   3.494,   3.939,9999.000,9999.000,9999.000,9999.000,9999.000,9999.000,9999.000
202603200848,   3.375,   3.778,9999.000,9999.000,9999.000,9999.000,9999.000,9999.000,9999.000
202603200854,   3.254,   3.719,9999.000,9999.000,9999.000,9999.000,9999.000,9999.000,9999.000
202603200900,   3.131,   3.627,   0.500,  -0.004,   3.627,   0.400,   3.527,   0.500,   3.627
202603200906,   3.007,   3.489,9999.000,9999.000,9999.000,9999.000,9999.000,9999.000,9999.000
202603200912,   2.882,   3.388,9999.000,9999.000,9999.000,9999.000,9999.000,9999.000,9999.000
202603200918,   2.757,   3.309,9999.000,9999.000,9999.000,9999.000,9999.000,9999.000,9999.000
202603200924,   2.631,   3.168,9999.000,9999.000,9999.000,9999.000,9999.000,9999.000,9999.000
202603200930,   2.506,   3.030,9999.000,9999.000,9999.000,9999.000,9999.000,9999.000,9999.000
202603200936,   2.381,   2.899,9999.000,9999.000,9999.000,9999.000,9999.000,9999.000,9999.000
202603200942,   2.256,   2.728,9999.000,9999.000,9999.000,9999.000,9999.000,9999.000,9999.000
202603200948,   2.133,   2.578,9999.000,9999.000,9999.000,9999.000,9999.000,9999.000,9999.000
202603200954,   2.010,   2.440,9999.000,9999.000,9999.000,9999.000,9999.000,9999.000,9999.000
202603201000,   1.890,   2.368,   0.300,   0.178,   2.368,   0.300,   2.368,   0.400,   2.468
202603201006,   1.771,   2.259,9999.000,9999.000,9999.000,9999.000,9999.000,9999.000,9999.000
202603201012,   1.654,   2.099,9999.000,9999.000,9999.000,9999.000,9999.000,9999.000,9999.000
202603201018,   1.540,   2.020,9999.000,9999.000,9999.000,9999.000,9999.000,9999.000,9999.000
202603201024,   1.428,   1.990,9999.000,9999.000,9999.000,9999.000,9999.000,9999.000,9999.000
202603201030,   1.320,   1.908,9999.000,9999.000,9999.000,9999.000,9999.000,9999.000,9999.000
202603201036,   1.214,   1.728,9999.000,9999.000,9999.000,9999.000,9999.000,9999.000,9999.000
202603201042,   1.112,   1.580,9999.000,9999.000,9999.000,9999.000,9999.000,9999.000,9999.000
202603201048,   1.014,   1.538,9999.000,9999.000,9999.000,9999.000,9999.000,9999.000,9999.000
202603201054,   0.919,   1.518,9999.000,9999.000,9999.000,9999.000,9999.000,9999.000,9999.000
202603201100,   0.828,   1.348,   0.300,   0.220,   1.348,   0.300,   1.348,   0.300,   1.348
202603201106,   0.742,   1.190,9999.000,9999.000,9999.000,9999.000,9999.000,9999.000,9999.000
202603201112,   0.661,   1.108,9999.000,9999.000,9999.000,9999.000,9999.000,9999.000,9999.000
202603201118,   0.583,   1.029,9999.000,9999.000,9999.000,9999.000,9999.000,9999.000,9999.000
202603201124,   0.511,   0.990,9999.000,9999.000,9999.000,9999.000,9999.000,9999.000,9999.000
202603201130,   0.444,   0.951,9999.000,9999.000,9999.000,9999.000,9999.000,9999.000,9999.000
202603201136,   0.381,   0.869,9999.000,9999.000,9999.000,9999.000,9999.000,9999.000,9999.000
202603201142,   0.324,   0.819,9999.000,9999.000,9999.000,9999.000,9999.000,9999.000,9999.000
202603201148,   0.272,   0.800,9999.000,9999.000,9999.000,9999.000,9999.000,9999.000,9999.000
202603201154,   0.226,   0.718,9999.000,9999.000,9999.000,9999.000,9999.000,9999.000,9999.000
202603201200,   0.185,   0.708,   0.400,   0.123,   0.708,   0.300,   0.608,   0.400,   0.708
202603201206,   0.150,   0.639,9999.000,9999.000,9999.000,9999.000,9999.000,9999.000,9999.000
202603201212,   0.120,   0.590,9999.000,9999.000,9999.000,9999.000,9999.000,9999.000,9999.000
202603201218,   0.096,   0.570,9999.000,9999.000,9999.000,9999.000,9999.000,9999.000,9999.000
202603201224,   0.078,   0.508,9999.000,9999.000,9999.000,9999.000,9999.000,9999.000,9999.000
202603201230,   0.065,   0.488,9999.000,9999.000,9999.000,9999.000,9999.000,9999.000,9999.000
202603201236,   0.059,   0.551,9999.000,9999.000,9999.000,9999.000,9999.000,9999.000,9999.000
202603201242,   0.058,   0.570,9999.000,9999.000,9999.000,9999.000,9999.000,9999.000,9999.000
202603201248,   0.063,   0.541,9999.000,9999.000,9999.000,9999.000,9999.000,9999.000,9999.000
202603201254,   0.073,   0.560,9999.000,9999.000,9999.000,9999.000,9999.000,9999.000,9999.000
202603201300,   0.090,   0.600,   0.300,   0.210,   0.600,   0.300,   0.600,   0.300,   0.600
202603201306,   0.112,   0.629,9999.000,9999.000,9999.000,9999.000,9999.000,9999.000,9999.000
202603201312,   0.139,   0.560,9999.000,9999.000,9999.000,9999.000,9999.000,9999.000,9999.000
202603201318,   0.172,   0.580,9999.000,9999.000,9999.000,9999.000,9999.000,9999.000,9999.000
202603201324,   0.211,   0.639,9999.000,9999.000,9999.000,9999.000,9999.000,9999.000,9999.000
202603201330,   0.255,   0.731,9999.000,9999.000,9999.000,9999.000,9999.000,9999.000,9999.000
202603201336,   0.304,   0.800,9999.000,9999.000,9999.000,9999.000,9999.000,9999.000,9999.000
202603201342,   0.358,   0.800,9999.000,9999.000,9999.000,9999.000,9999.000,9999.000,9999.000
202603201348,   0.417,   0.849,9999.000,9999.000,9999.000,9999.000,9999.000,9999.000,9999.000
202603201354,   0.481,   0.941,9999.000,9999.000,9999.000,9999.000,9999.000,9999.000,9999.000
202603201400,   0.549,   1.020,   0.300,   0.171,   1.020,   0.300,   1.020,   0.400,   1.120
202603201406,   0.622,   1.059,9999.000,9999.000,9999.000,9999.000,9999.000,9999.000,9999.000
202603201412,   0.700,   1.128,9999.000,9999.000,9999.000,9999.000,9999.000,9999.000,9999.000
202603201418,   0.781,   1.180,9999.000,9999.000,9999.000,9999.000,9999.000,9999.000,9999.000
202603201424,   0.866,   1.200,9999.000,9999.000,9999.000,9999.000,9999.000,9999.000,9999.000
202603201430,   0.955,   1.328,9999.000,9999.000,9999.000,9999.000,9999.000,9999.000,9999.000
202603201436,   1.047,   1.449,9999.000,9999.000,9999.000,9999.000,9999.000,9999.000,9999.000
202603201442,   1.142,   1.620,9999.000,9999.000,9999.000,9999.000,9999.000,9999.000,9999.000
202603201448,   1.240,   1.728,9999.000,9999.000,9999.000,9999.000,9999.000,9999.000,9999.000
202603201454,   1.341,   1.800,9999.000,9999.000,9999.000,9999.000,9999.000,9999.000,9999.000
202603201500,   1.443,   1.928,   0.200,   0.285,   1.928,   0.200,   1.928,   0.300,   2.028
202603201506,   1.548,   2.059,9999.000,9999.000,9999.000,9999.000,9999.000,9999.000,9999.000
202603201512,   1.655,   2.210,9999.000,9999.000,9999.000,9999.000,9999.000,9999.000,9999.000
202603201518,   1.763,   2.230,9999.000,9999.000,9999.000,9999.000,9999.000,9999.000,9999.000
202603201524,   1.872,   2.210,9999.000,9999.000,9999.000,9999.000,9999.000,9999.000,9999.000
202603201530,   1.982,   2.368,9999.000,9999.000,9999.000,9999.000,9999.000,9999.000,9999.000
202603201536,   2.092,   2.528,9999.000,9999.000,9999.000,9999.000,9999.000,9999.000,9999.000
202603201542,   2.203,   2.640,9999.000,9999.000,9999.000,9999.000,9999.000,9999.000,9999.000
202603201548,   2.313,   2.768,9999.000,9999.000,9999.000,9999.000,9999.000,9999.000,9999.000
202603201554,   2.423,   2.929,9999.000,9999.000,9999.000,9999.000,9999.000,9999.000,9999.000
202603201600,   2.533,   3.040,   0.300,   0.207,   3.040,   0.300,   3.040,   0.400,   3.140
202603201606,   2.641,   3.138,9999.000,9999.000,9999.000,9999.000,9999.000,9999.000,9999.000
202603201612,   2.748,   3.207,9999.000,9999.000,9999.000,9999.000,9999.000,9999.000,9999.000
202603201618,   2.853,   3.329,9999.000,9999.000,9999.000,9999.000,9999.000,9999.000,9999.000
202603201624,   2.957,   3.388,9999.000,9999.000,9999.000,9999.000,9999.000,9999.000,9999.000
202603201630,   3.058,   3.407,9999.000,9999.000,9999.000,9999.000,9999.000,9999.000,9999.000
202603201636,   3.157,   3.548,9999.000,9999.000,9999.000,9999.000,9999.000,9999.000,9999.000
202603201642,   3.253,   3.758,9999.000,9999.000,9999.000,9999.000,9999.000,9999.000,9999.000
202603201648,   3.346,   3.847,9999.000,9999.000,9999.000,9999.000,9999.000,9999.000,9999.000
202603201654,   3.436,   3.880,9999.000,9999.000,9999.000,9999.000,9999.000,9999.000,9999.000
202603201700,   3.522,   3.939,   0.300,   0.117,   3.939,   0.300,   3.939,   0.400,   4.039
202603201706,   3.605,   4.057,9999.000,9999.000,9999.000,9999.000,9999.000,9999.000,9999.000
202603201712,   3.684,   4.168,9999.000,9999.000,9999.000,9999.000,9999.000,9999.000,9999.000
202603201718,   3.759,   4.188,9999.000,9999.000,9999.000,9999.000,9999.000,9999.000,9999.000
202603201724,   3.830,   4.218,9999.000,9999.000,9999.000,9999.000,9999.000,9999.000,9999.000
202603201730,   3.896,   4.300,9999.000,9999.000,9999.000,9999.000,9999.000,9999.000,9999.000
202603201736,   3.958,   4.388,9999.000,9999.000,9999.000,9999.000,9999.000,9999.000,9999.000
202603201742,   4.015,   4.519,9999.000,9999.000,9999.000,9999.000,9999.000,9999.000,9999.000
202603201748,   4.068,   4.480,9999.000,9999.000,9999.000,9999.000,9999.000,9999.000,9999.000
202603201754,   4.115,   4.509,9999.000,9999.000,9999.000,9999.000,9999.000,9999.000,9999.000
202603201800,   4.158,   4.549,   0.300,   0.091,   4.549,   0.300,   4.549,   0.400,   4.649
202603201806,   4.195,   4.578,9999.000,9999.000,9999.000,9999.000,9999.000,9999.000,9999.000
202603201812,   4.227,   4.598,9999.000,9999.000,9999.000,9999.000,9999.000,9999.000,9999.000
202603201818,   4.254,   4.657,9999.000,9999.000,9999.000,9999.000,9999.000,9999.000,9999.000
202603201824,   4.276,   4.690,9999.000,9999.000,9999.000,9999.000,9999.000,9999.000,9999.000
202603201830,   4.292,   4.739,9999.000,9999.000,9999.000,9999.000,9999.000,9999.000,9999.000
202603201836,   4.303,   4.739,9999.000,9999.000,9999.000,9999.000,9999.000,9999.000,9999.000
202603201842,   4.309,   4.690,9999.000,9999.000,9999.000,9999.000,9999.000,9999.000,9999.000
202603201848,   4.310,   4.700,9999.000,9999.000,9999.000,9999.000,9999.000,9999.000,9999.000
202603201854,   4.305,   4.690,9999.000,9999.000,9999.000,9999.000,9999.000,9999.000,9999.000
202603201900,   4.295,   4.618,   0.400,  -0.077,   4.618,   0.400,   4.618,   0.400,   4.618
202603201906,   4.280,   4.598,9999.000,9999.000,9999.000,9999.000,9999.000,9999.000,9999.000
202603201912,   4.259,   4.690,9999.000,9999.000,9999.000,9999.000,9999.000,9999.000,9999.000
202603201918,   4.234,   4.729,9999.000,9999.000,9999.000,9999.000,9999.000,9999.000,9999.000
202603201924,   4.203,   4.657,9999.000,9999.000,9999.000,9999.000,9999.000,9999.000,9999.000
202603201930,   4.168,   4.569,9999.000,9999.000,9999.000,9999.000,9999.000,9999.000,9999.000
202603201936,   4.128,   4.539,9999.000,9999.000,9999.000,9999.000,9999.000,9999.000,9999.000
202603201942,   4.083,   4.519,9999.000,9999.000,9999.000,9999.000,9999.000,9999.000,9999.000
202603201948,   4.034,   4.427,9999.000,9999.000,9999.000,9999.000,9999.000,9999.000,9999.000
202603201954,   3.981,   4.339,9999.000,9999.000,9999.000,9999.000,9999.000,9999.000,9999.000
202603202000,   3.923,   4.198,   0.400,  -0.125,   4.198,   0.300,   4.098,   0.400,   4.198
202603202006,   3.862,   4.198,9999.000,9999.000,9999.000,9999.000,9999.000,9999.000,9999.000
202603202012,   3.796,   4.159,9999.000,9999.000,9999.000,9999.000,9999.000,9999.000,9999.000
202603202018,   3.727,   4.099,9999.000,9999.000,9999.000,9999.000,9999.000,9999.000,9999.000
202603202024,   3.654,   4.037,9999.000,9999.000,9999.000,9999.000,9999.000,9999.000,9999.000
202603202030,   3.579,   3.939,9999.000,9999.000,9999.000,9999.000,9999.000,9999.000,9999.000
202603202036,   3.500,   3.847,9999.000,9999.000,9999.000,9999.000,9999.000,9999.000,9999.000
202603202042,   3.419,   3.778,9999.000,9999.000,9999.000,9999.000,9999.000,9999.000,9999.000
202603202048,   3.335,   3.739,9999.000,9999.000,9999.000,9999.000,9999.000,9999.000,9999.000
202603202054,   3.249,   3.650,9999.000,9999.000,9999.000,9999.000,9999.000,9999.000,9999.000
202603202100,   3.161,   3.568,   0.500,  -0.093,   3.568,   0.500,   3.568,   0.500,   3.568
202603202106,   3.071,   3.417,9999.000,9999.000,9999.000,9999.000,9999.000,9999.000,9999.000
202603202112,   2.980,   3.329,9999.000,9999.000,9999.000,9999.000,9999.000,9999.000,9999.000
202603202118,   2.888,   3.260,9999.000,9999.000,9999.000,9999.000,9999.000,9999.000,9999.000
202603202124,   2.794,   3.158,9999.000,9999.000,9999.000,9999.000,9999.000,9999.000,9999.000
202603202130,   2.701,   3.070,9999.000,9999.000,9999.000,9999.000,9999.000,9999.000,9999.000
202603202136,   2.606,   2.929,9999.000,9999.000,9999.000,9999.000,9999.000,9999.000,9999.000
202603202142,   2.512,   2.820,9999.000,9999.000,9999.000,9999.000,9999.000,9999.000,9999.000
202603202148,   2.418,   2.787,9999.000,9999.000,9999.000,9999.000,9999.000,9999.000,9999.000
202603202154,   2.325,   2.709,9999.000,9999.000,9999.000,9999.000,9999.000,9999.000,9999.000
202603202200,   2.232,   2.558,   0.400,  -0.074,   2.558,   0.400,   2.558,   0.500,   2.658
202603202206,   2.141,   2.469,9999.000,9999.000,9999.000,9999.000,9999.000,9999.000,9999.000
202603202212,   2.050,   2.338,9999.000,9999.000,9999.000,9999.000,9999.000,9999.000,9999.000
202603202218,   1.962,   2.279,9999.000,9999.000,9999.000,9999.000,9999.000,9999.000,9999.000
202603202224,   1.875,   2.200,9999.000,9999.000,9999.000,9999.000,9999.000,9999.000,9999.000
202603202230,   1.790,   2.168,9999.000,9999.000,9999.000,9999.000,9999.000,9999.000,9999.000
202603202236,   1.708,   2.089,9999.000,9999.000,9999.000,9999.000,9999.000,9999.000,9999.000
202603202242,   1.628,   1.948,9999.000,9999.000,9999.000,9999.000,9999.000,9999.000,9999.000
202603202248,   1.552,   1.908,9999.000,9999.000,9999.000,9999.000,9999.000,9999.000,9999.000
202603202254,   1.478,   1.908,9999.000,9999.000,9999.000,9999.000,9999.000,9999.000,9999.000
202603202300,   1.407,   1.790,   0.400,  -0.017,   1.790,   0.400,   1.790,   0.400,   1.790
202603202306,   1.340,   1.679,9999.000,9999.000,9999.000,9999.000,9999.000,9999.000,9999.000
202603202312,   1.277,   1.669,9999.000,9999.000,9999.000,9999.000,9999.000,9999.000,9999.000
202603202318,   1.217,   1.620,9999.000,9999.000,9999.000,9999.000,9999.000,9999.000,9999.000
202603202324,   1.162,   1.528,9999.000,9999.000,9999.000,9999.000,9999.000,9999.000,9999.000
202603202330,   1.110,   1.498,9999.000,9999.000,9999.000,9999.000,9999.000,9999.000,9999.000
202603202336,   1.064,   1.518,9999.000,9999.000,9999.000,9999.000,9999.000,9999.000,9999.000
202603202342,   1.021,   1.459,9999.000,9999.000,9999.000,9999.000,9999.000,9999.000,9999.000
202603202348,   0.983,   1.400,9999.000,9999.000,9999.000,9999.000,9999.000,9999.000,9999.000
202603202354,   0.950,   1.341,9999.000,9999.000,9999.000,9999.000,9999.000,9999.000,9999.000
202603210000,   0.922,   1.341,   0.500,  -0.081,   1.341,   0.500,   1.341,   0.500,   1.341
202603210006,   0.899,   1.289,9999.000,9999.000,9999.000,9999.000,9999.000,9999.000,9999.000
202603210012,   0.880,   1.220,9999.000,9999.000,9999.000,9999.000,9999.000,9999.000,9999.000
202603210018,   0.867,   1.289,9999.000,9999.000,9999.000,9999.000,9999.000,9999.000,9999.000
202603210024,   0.859,   1.308,9999.000,9999.000,9999.000,9999.000,9999.000,9999.000,9999.000
202603210030,   0.857,   1.338,9999.000,9999.000,9999.000,9999.000,9999.000,9999.000,9999.000
202603210036,   0.859,   1.289,9999.000,9999.000,9999.000,9999.000,9999.000,9999.000,9999.000
202603210042,   0.867,   1.318,9999.000,9999.000,9999.000,9999.000,9999.000,9999.000,9999.000
202603210048,   0.881,   1.338,9999.000,9999.000,9999.000,9999.000,9999.000,9999.000,9999.000
202603210054,   0.899,   1.338,9999.000,9999.000,9999.000,9999.000,9999.000,9999.000,9999.000
202603210100,   0.923,   1.380,   0.500,  -0.043,   1.380,   0.500,   1.380,   0.500,   1.380
202603210106,   0.953,   1.348,9999.000,9999.000,9999.000,9999.000,9999.000,9999.000,9999.000
202603210112,   0.987,   1.380,9999.000,9999.000,9999.000,9999.000,9999.000,9999.000,9999.000
202603210118,   1.027,   1.459,9999.000,9999.000,9999.000,9999.000,9999.000,9999.000,9999.000
202603210124,   1.072,   1.498,9999.000,9999.000,9999.000,9999.000,9999.000,9999.000,9999.000
202603210130,   1.122,   1.571,9999.000,9999.000,9999.000,9999.000,9999.000,9999.000,9999.000
202603210136,   1.177,   1.620,9999.000,9999.000,9999.000,9999.000,9999.000,9999.000,9999.000
202603210142,   1.237,   1.728,9999.000,9999.000,9999.000,9999.000,9999.000,9999.000,9999.000
202603210148,   1.302,   1.708,9999.000,9999.000,9999.000,9999.000,9999.000,9999.000,9999.000
202603210154,   1.371,   1.758,9999.000,9999.000,9999.000,9999.000,9999.000,9999.000,9999.000
202603210200,   1.446,   1.918,   0.500,  -0.028,   1.918,   0.500,   1.918,   0.600,   2.018
202603210206,   1.524,   2.020,9999.000,9999.000,9999.000,9999.000,9999.000,9999.000,9999.000
202603210212,   1.607,   2.099,9999.000,9999.000,9999.000,9999.000,9999.000,9999.000,9999.000
202603210218,   1.693,   2.177,9999.000,9999.000,9999.000,9999.000,9999.000,9999.000,9999.000
202603210224,   1.784,   2.289,9999.000,9999.000,9999.000,9999.000,9999.000,9999.000,9999.000
202603210230,   1.878,   2.368,9999.000,9999.000,9999.000,9999.000,9999.000,9999.000,9999.000
202603210236,   1.975,   2.440,9999.000,9999.000,9999.000,9999.000,9999.000,9999.000,9999.000
202603210242,   2.076,   2.558,9999.000,9999.000,9999.000,9999.000,9999.000,9999.000,9999.000
202603210248,   2.179,   2.587,9999.000,9999.000,9999.000,9999.000,9999.000,9999.000,9999.000
202603210254,   2.286,   2.748,9999.000,9999.000,9999.000,9999.000,9999.000,9999.000,9999.000
202603210300,   2.394,   2.988,   0.400,   0.194,   2.988,   0.400,   2.988,   0.500,   3.088
202603210306,   2.505,   3.099,9999.000,9999.000,9999.000,9999.000,9999.000,9999.000,9999.000
202603210312,   2.617,   3.138,9999.000,9999.000,9999.000,9999.000,9999.000,9999.000,9999.000
202603210318,   2.731,   3.207,9999.000,9999.000,9999.000,9999.000,9999.000,9999.000,9999.000
202603210324,   2.846,   3.329,9999.000,9999.000,9999.000,9999.000,9999.000,9999.000,9999.000
202603210330,   2.962,   3.427,9999.000,9999.000,9999.000,9999.000,9999.000,9999.000,9999.000
202603210336,   3.079,   3.499,9999.000,9999.000,9999.000,9999.000,9999.000,9999.000,9999.000
202603210342,   3.196,   3.617,9999.000,9999.000,9999.000,9999.000,9999.000,9999.000,9999.000
202603210348,   3.313,   3.798,9999.000,9999.000,9999.000,9999.000,9999.000,9999.000,9999.000
202603210354,   3.430,   3.958,9999.000,9999.000,9999.000,9999.000,9999.000,9999.000,9999.000
202603210400,   3.546,   4.070,   0.500,   0.024,   4.070,   0.500,   4.070,   0.500,   4.070
202603210406,   3.661,   4.237,9999.000,9999.000,9999.000,9999.000,9999.000,9999.000,9999.000
202603210412,   3.775,   4.349,9999.000,9999.000,9999.000,9999.000,9999.000,9999.000,9999.000
202603210418,   3.887,   4.427,9999.000,9999.000,9999.000,9999.000,9999.000,9999.000,9999.000
202603210424,   3.997,   4.437,9999.000,9999.000,9999.000,9999.000,9999.000,9999.000,9999.000
202603210430,   4.105,   4.519,9999.000,9999.000,9999.000,9999.000,9999.000,9999.000,9999.000
202603210436,   4.211,   4.677,9999.000,9999.000,9999.000,9999.000,9999.000,9999.000,9999.000
202603210442,   4.314,   4.778,9999.000,9999.000,9999.000,9999.000,9999.000,9999.000,9999.000
202603210448,   4.414,   4.867,9999.000,9999.000,9999.000,9999.000,9999.000,9999.000,9999.000
202603210454,   4.510,   5.057,9999.000,9999.000,9999.000,9999.000,9999.000,9999.000,9999.000
202603210500,   4.603,   5.120,   0.500,   0.017,   5.120,   0.500,   5.120,   0.500,   5.120
202603210506,   4.693,   5.228,9999.000,9999.000,9999.000,9999.000,9999.000,9999.000,9999.000
202603210512,   4.778,   5.307,9999.000,9999.000,9999.000,9999.000,9999.000,9999.000,9999.000
202603210518,   4.859,   5.329,9999.000,9999.000,9999.000,9999.000,9999.000,9999.000,9999.000
202603210524,   4.935,   5.369,9999.000,9999.000,9999.000,9999.000,9999.000,9999.000,9999.000
202603210530,   5.007,   5.487,9999.000,9999.000,9999.000,9999.000,9999.000,9999.000,9999.000
202603210536,   5.074,   5.589,9999.000,9999.000,9999.000,9999.000,9999.000,9999.000,9999.000
202603210542,   5.136,   5.608,9999.000,9999.000,9999.000,9999.000,9999.000,9999.000,9999.000
202603210548,   5.193,   5.667,9999.000,9999.000,9999.000,9999.000,9999.000,9999.000,9999.000
202603210554,   5.244,   5.687,9999.000,9999.000,9999.000,9999.000,9999.000,9999.000,9999.000
202603210600,   5.290,   5.789,   0.400,   0.099,   5.789,   0.300,   5.689,   0.400,   5.789
202603210606,   5.330,   5.828,9999.000,9999.000,9999.000,9999.000,9999.000,9999.000,9999.000
202603210612,   5.365,   5.887,9999.000,9999.000,9999.000,9999.000,9999.000,9999.000,9999.000
202603210618,   5.394,   5.926,9999.000,9999.000,9999.000,9999.000,9999.000,9999.000,9999.000
202603210624,   5.416,   5.917,9999.000,9999.000,9999.000,9999.000,9999.000,9999.000,9999.000
202603210630,   5.433,   6.008,9999.000,9999.000,9999.000,9999.000,9999.000,9999.000,9999.000
202603210636,   5.444,   6.008,9999.000,9999.000,9999.000,9999.000,9999.000,9999.000,9999.000
202603210642,   5.449,   5.999,9999.000,9999.000,9999.000,9999.000,9999.000,9999.000,9999.000
202603210648,   5.448,   5.949,9999.000,9999.000,9999.000,9999.000,9999.000,9999.000,9999.000
202603210654,   5.440,   5.907,9999.000,9999.000,9999.000,9999.000,9999.000,9999.000,9999.000
202603210700,   5.427,   5.917,   0.400,   0.090,   5.917,   0.400,   5.917,   0.400,   5.917
202603210706,   5.407,   5.887,9999.000,9999.000,9999.000,9999.000,9999.000,9999.000,9999.000
202603210712,   5.381,   5.808,9999.000,9999.000,9999.000,9999.000,9999.000,9999.000,9999.000
202603210718,   5.350,   5.779,9999.000,9999.000,9999.000,9999.000,9999.000,9999.000,9999.000
202603210724,   5.312,   5.808,9999.000,9999.000,9999.000,9999.000,9999.000,9999.000,9999.000
202603210730,   5.268,   5.730,9999.000,9999.000,9999.000,9999.000,9999.000,9999.000,9999.000
202603210736,   5.219,   5.677,9999.000,9999.000,9999.000,9999.000,9999.000,9999.000,9999.000
202603210742,   5.164,   5.717,9999.000,9999.000,9999.000,9999.000,9999.000,9999.000,9999.000
202603210748,   5.103,   5.638,9999.000,9999.000,9999.000,9999.000,9999.000,9999.000,9999.000
202603210754,   5.037,   5.539,9999.000,9999.000,9999.000,9999.000,9999.000,9999.000,9999.000
202603210800,   4.965,   5.428,   0.400,   0.063,   5.428,   0.400,   5.428,   0.400,   5.428
202603210806,   4.889,   5.467,9999.000,9999.000,9999.000,9999.000,9999.000,9999.000,9999.000
202603210812,   4.807,   5.339,9999.000,9999.000,9999.000,9999.000,9999.000,9999.000,9999.000
202603210818,   4.720,   5.149,9999.000,9999.000,9999.000,9999.000,9999.000,9999.000,9999.000
202603210824,   4.629,   5.067,9999.000,9999.000,9999.000,9999.000,9999.000,9999.000,9999.000
202603210830,   4.534,   4.979,9999.000,9999.000,9999.000,9999.000,9999.000,9999.000,9999.000
202603210836,   4.434,   4.979,9999.000,9999.000,9999.000,9999.000,9999.000,9999.000,9999.000
202603210842,   4.330,   4.877,9999.000,9999.000,9999.000,9999.000,9999.000,9999.000,9999.000
202603210848,   4.223,   4.710,9999.000,9999.000,9999.000,9999.000,9999.000,9999.000,9999.000
202603210854,   4.112,   4.588,9999.000,9999.000,9999.000,9999.000,9999.000,9999.000,9999.000
202603210900,   3.997,   4.500,   0.500,   0.003,   4.500,   0.500,   4.500,   0.500,   4.500
202603210906,   3.880,   4.388,9999.000,9999.000,9999.000,9999.000,9999.000,9999.000,9999.000
202603210912,   3.760,   4.198,9999.000,9999.000,9999.000,9999.000,9999.000,9999.000,9999.000
202603210918,   3.638,   4.080,9999.000,9999.000,9999.000,9999.000,9999.000,9999.000,9999.000
202603210924,   3.513,   3.978,9999.000,9999.000,9999.000,9999.000,9999.000,9999.000,9999.000
202603210930,   3.387,   3.890,9999.000,9999.000,9999.000,9999.000,9999.000,9999.000,9999.000
202603210936,   3.259,   3.758,9999.000,9999.000,9999.000,9999.000,9999.000,9999.000,9999.000
202603210942,   3.129,   3.627,9999.000,9999.000,9999.000,9999.000,9999.000,9999.000,9999.000
202603210948,   2.999,   3.539,9999.000,9999.000,9999.000,9999.000,9999.000,9999.000,9999.000
202603210954,   2.868,   3.358,9999.000,9999.000,9999.000,9999.000,9999.000,9999.000,9999.000
202603211000,   2.737,   3.099,   0.400,  -0.038,   3.099,   0.400,   3.099,   0.400,   3.099
202603211006,   2.606,   3.007,9999.000,9999.000,9999.000,9999.000,9999.000,9999.000,9999.000
202603211012,   2.474,   2.909,9999.000,9999.000,9999.000,9999.000,9999.000,9999.000,9999.000
202603211018,   2.344,   2.768,9999.000,9999.000,9999.000,9999.000,9999.000,9999.000,9999.000
202603211024,   2.214,   2.620,9999.000,9999.000,9999.000,9999.000,9999.000,9999.000,9999.000
202603211030,   2.085,   2.528,9999.000,9999.000,9999.000,9999.000,9999.000,9999.000,9999.000
202603211036,   1.957,   2.450,9999.000,9999.000,9999.000,9999.000,9999.000,9999.000,9999.000
202603211042,   1.831,   2.338,9999.000,9999.000,9999.000,9999.000,9999.000,9999.000,9999.000
202603211048,   1.707,   2.177,9999.000,9999.000,9999.000,9999.000,9999.000,9999.000,9999.000
202603211054,   1.585,   2.089,9999.000,9999.000,9999.000,9999.000,9999.000,9999.000,9999.000
202603211100,   1.465,   1.967,   0.400,   0.102,   1.967,   0.400,   1.967,   0.400,   1.967
202603211106,   1.348,   1.849,9999.000,9999.000,9999.000,9999.000,9999.000,9999.000,9999.000
202603211112,   1.234,   1.767,9999.000,9999.000,9999.000,9999.000,9999.000,9999.000,9999.000
202603211118,   1.123,   1.610,9999.000,9999.000,9999.000,9999.000,9999.000,9999.000,9999.000
202603211124,   1.015,   1.498,9999.000,9999.000,9999.000,9999.000,9999.000,9999.000,9999.000
202603211130,   0.911,   1.371,9999.000,9999.000,9999.000,9999.000,9999.000,9999.000,9999.000
202603211136,   0.811,   1.229,9999.000,9999.000,9999.000,9999.000,9999.000,9999.000,9999.000
202603211142,   0.714,   1.151,9999.000,9999.000,9999.000,9999.000,9999.000,9999.000,9999.000
202603211148,   0.621,   1.098,9999.000,9999.000,9999.000,9999.000,9999.000,9999.000,9999.000
202603211154,   0.533,   0.990,9999.000,9999.000,9999.000,9999.000,9999.000,9999.000,9999.000
202603211200,   0.449,   0.879,   0.400,   0.030,   0.879,   0.400,   0.879,   0.400,   0.879
202603211206,   0.370,   0.760,9999.000,9999.000,9999.000,9999.000,9999.000,9999.000,9999.000
202603211212,   0.296,   0.741,9999.000,9999.000,9999.000,9999.000,9999.000,9999.000,9999.000
202603211218,   0.226,   0.708,9999.000,9999.000,9999.000,9999.000,9999.000,9999.000,9999.000
202603211224,   0.162,   0.560,9999.000,9999.000,9999.000,9999.000,9999.000,9999.000,9999.000
202603211230,   0.102,   0.469,9999.000,9999.000,9999.000,9999.000,9999.000,9999.000,9999.000
202603211236,   0.048,   0.429,9999.000,9999.000,9999.000,9999.000,9999.000,9999.000,9999.000
202603211242,   0.000,   0.380,9999.000,9999.000,9999.000,9999.000,9999.000,9999.000,9999.000
202603211248,  -0.043,   0.390,9999.000,9999.000,9999.000,9999.000,9999.000,9999.000,9999.000
202603211254,  -0.081,   0.350,9999.000,9999.000,9999.000,9999.000,9999.000,9999.000,9999.000
202603211300,  -0.114,   0.288,   0.400,   0.002,   0.288,   0.300,   0.188,   0.400,   0.288
202603211306,  -0.140,   0.298,9999.000,9999.000,9999.000,9999.000,9999.000,9999.000,9999.000
202603211312,  -0.162,   0.278,9999.000,9999.000,9999.000,9999.000,9999.000,9999.000,9999.000
202603211318,  -0.177,   0.259,9999.000,9999.000,9999.000,9999.000,9999.000,9999.000,9999.000
202603211324,  -0.187,   0.268,9999.000,9999.000,9999.000,9999.000,9999.000,9999.000,9999.000
202603211330,  -0.191,   0.298,9999.000,9999.000,9999.000,9999.000,9999.000,9999.000,9999.000
202603211336,  -0.189,   0.239,9999.000,9999.000,9999.000,9999.000,9999.000,9999.000,9999.000
202603211342,  -0.182,   0.219,9999.000,9999.000,9999.000,9999.000,9999.000,9999.000,9999.000
202603211348,  -0.169,   0.229,9999.000,9999.000,9999.000,9999.000,9999.000,9999.000,9999.000
202603211354,  -0.151,   0.259,9999.000,9999.000,9999.000,9999.000,9999.000,9999.000,9999.000
202603211400,  -0.127,   0.331,   0.400,   0.058,   0.331,   0.300,   0.231,   0.400,   0.331
202603211406,  -0.097,   0.321,9999.000,9999.000,9999.000,9999.000,9999.000,9999.000,9999.000
202603211412,  -0.063,   0.350,9999.000,9999.000,9999.000,9999.000,9999.000,9999.000,9999.000
202603211418,  -0.023,   0.439,9999.000,9999.000,9999.000,9999.000,9999.000,9999.000,9999.000
202603211424,   0.021,   0.541,9999.000,9999.000,9999.000,9999.000,9999.000,9999.000,9999.000
202603211430,   0.071,   0.580,9999.000,9999.000,9999.000,9999.000,9999.000,9999.000,9999.000
202603211436,   0.126,   0.580,9999.000,9999.000,9999.000,9999.000,9999.000,9999.000,9999.000
202603211442,   0.185,   0.659,9999.000,9999.000,9999.000,9999.000,9999.000,9999.000,9999.000
202603211448,   0.249,   0.708,9999.000,9999.000,9999.000,9999.000,9999.000,9999.000,9999.000
202603211454,   0.316,   0.731,9999.000,9999.000,9999.000,9999.000,9999.000,9999.000,9999.000
202603211500,   0.389,   0.790,   0.200,   0.201,   0.790,   0.200,   0.790,   0.300,   0.890
202603211506,   0.464,   0.859,9999.000,9999.000,9999.000,9999.000,9999.000,9999.000,9999.000
202603211512,   0.544,   0.941,9999.000,9999.000,9999.000,9999.000,9999.000,9999.000,9999.000
202603211518,   0.627,   1.059,9999.000,9999.000,9999.000,9999.000,9999.000,9999.000,9999.000
202603211524,   0.713,   1.229,9999.000,9999.000,9999.000,9999.000,9999.000,9999.000,9999.000
202603211530,   0.801,   1.348,9999.000,9999.000,9999.000,9999.000,9999.000,9999.000,9999.000
202603211536,   0.893,   1.410,9999.000,9999.000,9999.000,9999.000,9999.000,9999.000,9999.000
202603211542,   0.987,   1.449,9999.000,9999.000,9999.000,9999.000,9999.000,9999.000,9999.000
202603211548,   1.083,   1.518,9999.000,9999.000,9999.000,9999.000,9999.000,9999.000,9999.000
202603211554,   1.180,   1.620,9999.000,9999.000,9999.000,9999.000,9999.000,9999.000,9999.000
202603211600,   1.280,   1.708,   0.300,   0.128,   1.708,   0.300,   1.708,   0.400,   1.808
202603211606,   1.380,   1.781,9999.000,9999.000,9999.000,9999.000,9999.000,9999.000,9999.000
202603211612,   1.482,   1.859,9999.000,9999.000,9999.000,9999.000,9999.000,9999.000,9999.000
202603211618,   1.584,   1.967,9999.000,9999.000,9999.000,9999.000,9999.000,9999.000,9999.000
202603211624,   1.687,   2.118,9999.000,9999.000,9999.000,9999.000,9999.000,9999.000,9999.000
202603211630,   1.790,   2.259,9999.000,9999.000,9999.000,9999.000,9999.000,9999.000,9999.000
202603211636,   1.893,   2.348,9999.000,9999.000,9999.000,9999.000,9999.000,9999.000,9999.000
202603211642,   1.995,   2.509,9999.000,9999.000,9999.000,9999.000,9999.000,9999.000,9999.000
202603211648,   2.097,   2.578,9999.000,9999.000,9999.000,9999.000,9999.000,9999.000,9999.000
202603211654,   2.198,   2.669,9999.000,9999.000,9999.000,9999.000,9999.000,9999.000,9999.000
202603211700,   2.297,   2.830,   0.300,   0.233,   2.830,   0.300,   2.830,   0.300,   2.830
202603211706,   2.396,   2.840,9999.000,9999.000,9999.000,9999.000,9999.000,9999.000,9999.000
202603211712,   2.492,   2.889,9999.000,9999.000,9999.000,9999.000,9999.000,9999.000,9999.000
202603211718,   2.587,   2.938,9999.000,9999.000,9999.000,9999.000,9999.000,9999.000,9999.000
202603211724,   2.680,   2.988,9999.000,9999.000,9999.000,9999.000,9999.000,9999.000,9999.000
202603211730,   2.770,   3.168,9999.000,9999.000,9999.000,9999.000,9999.000,9999.000,9999.000
202603211736,   2.858,   3.299,9999.000,9999.000,9999.000,9999.000,9999.000,9999.000,9999.000
202603211742,   2.943,   3.378,9999.000,9999.000,9999.000,9999.000,9999.000,9999.000,9999.000
202603211748,   3.025,   3.529,9999.000,9999.000,9999.000,9999.000,9999.000,9999.000,9999.000
202603211754,   3.104,   3.578,9999.000,9999.000,9999.000,9999.000,9999.000,9999.000,9999.000
202603211800,   3.179,   3.699,   0.300,   0.220,   3.699,   0.300,   3.699,   0.300,   3.699
202603211806,   3.251,   3.778,9999.000,9999.000,9999.000,9999.000,9999.000,9999.000,9999.000
202603211812,   3.320,   3.778,9999.000,9999.000,9999.000,9999.000,9999.000,9999.000,9999.000
202603211818,   3.384,   3.808,9999.000,9999.000,9999.000,9999.000,9999.000,9999.000,9999.000
202603211824,   3.445,   3.798,9999.000,9999.000,9999.000,9999.000,9999.000,9999.000,9999.000
202603211830,   3.502,   3.837,9999.000,9999.000,9999.000,9999.000,9999.000,9999.000,9999.000
202603211836,   3.555,   3.880,9999.000,9999.000,9999.000,9999.000,9999.000,9999.000,9999.000
202603211842,   3.603,   3.939,9999.000,9999.000,9999.000,9999.000,9999.000,9999.000,9999.000
202603211848,   3.647,   4.057,9999.000,9999.000,9999.000,9999.000,9999.000,9999.000,9999.000
202603211854,   3.686,   4.129,9999.000,9999.000,9999.000,9999.000,9999.000,9999.000,9999.000
202603211900,   3.721,   4.168,   0.300,   0.147,   4.168,   0.300,   4.168,   0.300,   4.168
202603211906,   3.752,   4.267,9999.000,9999.000,9999.000,9999.000,9999.000,9999.000,9999.000
202603211912,   3.778,   4.208,9999.000,9999.000,9999.000,9999.000,9999.000,9999.000,9999.000
202603211918,   3.799,   4.109,9999.000,9999.000,9999.000,9999.000,9999.000,9999.000,9999.000
202603211924,   3.815,   4.159,9999.000,9999.000,9999.000,9999.000,9999.000,9999.000,9999.000
202603211930,   3.827,   4.188,9999.000,9999.000,9999.000,9999.000,9999.000,9999.000,9999.000
202603211936,   3.835,   4.129,9999.000,9999.000,9999.000,9999.000,9999.000,9999.000,9999.000
202603211942,   3.837,   4.057,9999.000,9999.000,9999.000,9999.000,9999.000,9999.000,9999.000
202603211948,   3.835,   4.099,9999.000,9999.000,9999.000,9999.000,9999.000,9999.000,9999.000
202603211954,   3.829,   4.159,9999.000,9999.000,9999.000,9999.000,9999.000,9999.000,9999.000
202603212000,   3.818,   4.208,   0.300,   0.090,   4.208,   0.200,   4.108,   0.300,   4.208
202603212006,   3.802,   4.188,9999.000,9999.000,9999.000,9999.000,9999.000,9999.000,9999.000
202603212012,   3.782,   4.178,9999.000,9999.000,9999.000,9999.000,9999.000,9999.000,9999.000
202603212018,   3.758,   4.227,9999.000,9999.000,9999.000,9999.000,9999.000,9999.000,9999.000
202603212024,   3.730,   4.119,9999.000,9999.000,9999.000,9999.000,9999.000,9999.000,9999.000
202603212030,   3.698,   4.027,9999.000,9999.000,9999.000,9999.000,9999.000,9999.000,9999.000
202603212036,   3.662,   4.090,9999.000,9999.000,9999.000,9999.000,9999.000,9999.000,9999.000
202603212042,   3.622,   4.017,9999.000,9999.000,9999.000,9999.000,9999.000,9999.000,9999.000
202603212048,   3.579,   3.870,9999.000,9999.000,9999.000,9999.000,9999.000,9999.000,9999.000
202603212054,   3.533,   3.788,9999.000,9999.000,9999.000,9999.000,9999.000,9999.000,9999.000
202603212100,   3.483,   3.739,   0.400,  -0.144,   3.739,   0.400,   3.739,   0.400,   3.739
202603212106,   3.430,   3.719,9999.000,9999.000,9999.000,9999.000,9999.000,9999.000,9999.000
202603212112,   3.374,   3.650,9999.000,9999.000,9999.000,9999.000,9999.000,9999.000,9999.000
202603212118,   3.316,   3.617,9999.000,9999.000,9999.000,9999.000,9999.000,9999.000,9999.000
202603212124,   3.255,   3.637,9999.000,9999.000,9999.000,9999.000,9999.000,9999.000,9999.000
202603212130,   3.193,   3.607,9999.000,9999.000,9999.000,9999.000,9999.000,9999.000,9999.000
202603212136,   3.128,   3.499,9999.000,9999.000,9999.000,9999.000,9999.000,9999.000,9999.000
202603212142,   3.061,   3.398,9999.000,9999.000,9999.000,9999.000,9999.000,9999.000,9999.000
202603212148,   2.993,   3.329,9999.000,9999.000,9999.000,9999.000,9999.000,9999.000,9999.000
202603212154,   2.924,   3.217,9999.000,9999.000,9999.000,9999.000,9999.000,9999.000,9999.000
202603212200,   2.854,   3.070,   0.300,  -0.084,   3.070,   0.300,   3.070,   0.400,   3.170
202603212206,   2.783,   2.988,9999.000,9999.000,9999.000,9999.000,9999.000,9999.000,9999.000
202603212212,   2.712,   2.948,9999.000,9999.000,9999.000,9999.000,9999.000,9999.000,9999.000
202603212218,   2.640,   2.938,9999.000,9999.000,9999.000,9999.000,9999.000,9999.000,9999.000
202603212224,   2.569,   2.889,9999.000,9999.000,9999.000,9999.000,9999.000,9999.000,9999.000
202603212230,   2.497,   2.830,9999.000,9999.000,9999.000,9999.000,9999.000,9999.000,9999.000
202603212236,   2.426,   2.797,9999.000,9999.000,9999.000,9999.000,9999.000,9999.000,9999.000
202603212242,   2.356,   2.748,9999.000,9999.000,9999.000,9999.000,9999.000,9999.000,9999.000
202603212248,   2.286,   2.568,9999.000,9999.000,9999.000,9999.000,9999.000,9999.000,9999.000
202603212254,   2.218,   2.410,9999.000,9999.000,9999.000,9999.000,9999.000,9999.000,9999.000
202603212300,   2.151,   2.328,   0.300,  -0.123,   2.328,   0.300,   2.328,   0.300,   2.328
202603212306,   2.086,   2.338,9999.000,9999.000,9999.000,9999.000,9999.000,9999.000,9999.000
202603212312,   2.022,   2.299,9999.000,9999.000,9999.000,9999.000,9999.000,9999.000,9999.000
202603212318,   1.960,   2.269,9999.000,9999.000,9999.000,9999.000,9999.000,9999.000,9999.000
202603212324,   1.901,   2.191,9999.000,9999.000,9999.000,9999.000,9999.000,9999.000,9999.000
202603212330,   1.844,   2.128,9999.000,9999.000,9999.000,9999.000,9999.000,9999.000,9999.000
202603212336,   1.789,   2.128,9999.000,9999.000,9999.000,9999.000,9999.000,9999.000,9999.000
202603212342,   1.738,   2.109,9999.000,9999.000,9999.000,9999.000,9999.000,9999.000,9999.000
202603212348,   1.689,   2.010,9999.000,9999.000,9999.000,9999.000,9999.000,9999.000,9999.000
202603212354,   1.643,   1.695,9999.000,9999.000,9999.000,9999.000,9999.000,9999.000,9999.000
202603220000,   1.601,   1.695,   0.400,  -0.306,   1.695,   0.400,   1.695,   0.400,   1.695
202603220006,   1.562,   1.859,9999.000,9999.000,9999.000,9999.000,9999.000,9999.000,9999.000
202603220012,   1.526,   1.820,9999.000,9999.000,9999.000,9999.000,9999.000,9999.000,9999.000
202603220018,   1.494,   1.800,9999.000,9999.000,9999.000,9999.000,9999.000,9999.000,9999.000
202603220024,   1.466,   1.748,9999.000,9999.000,9999.000,9999.000,9999.000,9999.000,9999.000
202603220030,   1.442,   1.699,9999.000,9999.000,9999.000,9999.000,9999.000,9999.000,9999.000
202603220036,   1.422,   1.758,9999.000,9999.000,9999.000,9999.000,9999.000,9999.000,9999.000
202603220042,   1.406,   1.800,9999.000,9999.000,9999.000,9999.000,9999.000,9999.000,9999.000
202603220048,   1.395,   1.728,9999.000,9999.000,9999.000,9999.000,9999.000,9999.000,9999.000
202603220054,   1.387,   1.781,9999.000,9999.000,9999.000,9999.000,9999.000,9999.000,9999.000
202603220100,   1.385,   1.840,   0.400,   0.055,   1.840,   0.400,   1.840,   0.400,   1.840
202603220106,   1.386,   1.767,9999.000,9999.000,9999.000,9999.000,9999.000,9999.000,9999.000
202603220112,   1.392,   1.767,9999.000,9999.000,9999.000,9999.000,9999.000,9999.000,9999.000
202603220118,   1.403,   1.767,9999.000,9999.000,9999.000,9999.000,9999.000,9999.000,9999.000
202603220124,   1.418,   1.767,9999.000,9999.000,9999.000,9999.000,9999.000,9999.000,9999.000
202603220130,   1.438,   1.758,9999.000,9999.000,9999.000,9999.000,9999.000,9999.000,9999.000
202603220136,   1.463,   1.767,9999.000,9999.000,9999.000,9999.000,9999.000,9999.000,9999.000
202603220142,   1.492,   1.820,9999.000,9999.000,9999.000,9999.000,9999.000,9999.000,9999.000
202603220148,   1.526,   1.981,9999.000,9999.000,9999.000,9999.000,9999.000,9999.000,9999.000
202603220154,   1.565,   2.020,9999.000,9999.000,9999.000,9999.000,9999.000,9999.000,9999.000
202603220200,   1.608,   2.030,   0.400,   0.022,   2.030,   0.400,   2.030,   0.400,   2.030
202603220206,   1.655,   2.118,9999.000,9999.000,9999.000,9999.000,9999.000,9999.000,9999.000
202603220212,   1.707,   2.158,9999.000,9999.000,9999.000,9999.000,9999.000,9999.000,9999.000
202603220218,   1.763,   2.220,9999.000,9999.000,9999.000,9999.000,9999.000,9999.000,9999.000
202603220224,   1.824,   2.210,9999.000,9999.000,9999.000,9999.000,9999.000,9999.000,9999.000
202603220230,   1.888,   2.230,9999.000,9999.000,9999.000,9999.000,9999.000,9999.000,9999.000
202603220236,   1.957,   2.368,9999.000,9999.000,9999.000,9999.000,9999.000,9999.000,9999.000
202603220242,   2.029,   2.499,9999.000,9999.000,9999.000,9999.000,9999.000,9999.000,9999.000
202603220248,   2.105,   2.587,9999.000,9999.000,9999.000,9999.000,9999.000,9999.000,9999.000
202603220254,   2.185,   2.699,9999.000,9999.000,9999.000,9999.000,9999.000,9999.000,9999.000
202603220300,   2.267,   2.728,   0.300,   0.161,   2.728,   0.300,   2.728,   0.400,   2.828
202603220306,   2.353,   2.807,9999.000,9999.000,9999.000,9999.000,9999.000,9999.000,9999.000
202603220312,   2.442,   2.929,9999.000,9999.000,9999.000,9999.000,9999.000,9999.000,9999.000
202603220318,   2.534,   3.017,9999.000,9999.000,9999.000,9999.000,9999.000,9999.000,9999.000
202603220324,   2.628,   3.158,9999.000,9999.000,9999.000,9999.000,9999.000,9999.000,9999.000
202603220330,   2.725,   3.260,9999.000,9999.000,9999.000,9999.000,9999.000,9999.000,9999.000
202603220336,   2.823,   3.417,9999.000,9999.000,9999.000,9999.000,9999.000,9999.000,9999.000
202603220342,   2.923,   3.519,9999.000,9999.000,9999.000,9999.000,9999.000,9999.000,9999.000
202603220348,   3.025,   3.529,9999.000,9999.000,9999.000,9999.000,9999.000,9999.000,9999.000
202603220354,   3.128,   3.617,9999.000,9999.000,9999.000,9999.000,9999.000,9999.000,9999.000
202603220400,   3.232,   3.729,   0.400,   0.097,   3.729,   0.300,   3.629,   0.400,   3.729
202603220406,   3.337,   3.758,9999.000,9999.000,9999.000,9999.000,9999.000,9999.000,9999.000
202603220412,   3.442,   3.847,9999.000,9999.000,9999.000,9999.000,9999.000,9999.000,9999.000
202603220418,   3.548,   4.008,9999.000,9999.000,9999.000,9999.000,9999.000,9999.000,9999.000
202603220424,   3.653,   4.168,9999.000,9999.000,9999.000,9999.000,9999.000,9999.000,9999.000
202603220430,   3.758,   4.349,9999.000,9999.000,9999.000,9999.000,9999.000,9999.000,9999.000
202603220436,   3.862,   4.418,9999.000,9999.000,9999.000,9999.000,9999.000,9999.000,9999.000
202603220442,   3.966,   4.559,9999.000,9999.000,9999.000,9999.000,9999.000,9999.000,9999.000
202603220448,   4.068,   4.677,9999.000,9999.000,9999.000,9999.000,9999.000,9999.000,9999.000
202603220454,   4.169,   4.719,9999.000,9999.000,9999.000,9999.000,9999.000,9999.000,9999.000
202603220500,   4.268,   4.759,   0.400,   0.091,   4.759,   0.300,   4.659,   0.400,   4.759
202603220506,   4.366,   4.887,9999.000,9999.000,9999.000,9999.000,9999.000,9999.000,9999.000
202603220512,   4.461,   5.047,9999.000,9999.000,9999.000,9999.000,9999.000,9999.000,9999.000
202603220518,   4.554,   5.067,9999.000,9999.000,9999.000,9999.000,9999.000,9999.000,9999.000
202603220524,   4.644,   5.129,9999.000,9999.000,9999.000,9999.000,9999.000,9999.000,9999.000
202603220530,   4.731,   5.188,9999.000,9999.000,9999.000,9999.000,9999.000,9999.000,9999.000
202603220536,   4.815,   5.287,9999.000,9999.000,9999.000,9999.000,9999.000,9999.000,9999.000
202603220542,   4.896,   5.369,9999.000,9999.000,9999.000,9999.000,9999.000,9999.000,9999.000
202603220548,   4.973,   5.467,9999.000,9999.000,9999.000,9999.000,9999.000,9999.000,9999.000
202603220554,   5.046,   5.569,9999.000,9999.000,9999.000,9999.000,9999.000,9999.000,9999.000
202603220600,   5.115,   5.628,   0.200,   0.313,   5.628,   0.200,   5.628,   0.300,   5.728
202603220606,   5.180,   5.749,9999.000,9999.000,9999.000,9999.000,9999.000,9999.000,9999.000
202603220612,   5.241,   5.789,9999.000,9999.000,9999.000,9999.000,9999.000,9999.000,9999.000
202603220618,   5.298,   5.848,9999.000,9999.000,9999.000,9999.000,9999.000,9999.000,9999.000
202603220624,   5.349,   5.917,9999.000,9999.000,9999.000,9999.000,9999.000,9999.000,9999.000
202603220630,   5.396,   5.877,9999.000,9999.000,9999.000,9999.000,9999.000,9999.000,9999.000
202603220636,   5.438,   5.959,9999.000,9999.000,9999.000,9999.000,9999.000,9999.000,9999.000
202603220642,   5.475,   6.008,9999.000,9999.000,9999.000,9999.000,9999.000,9999.000,9999.000
202603220648,   5.506,   5.999,9999.000,9999.000,9999.000,9999.000,9999.000,9999.000,9999.000
202603220654,   5.533,   6.008,9999.000,9999.000,9999.000,9999.000,9999.000,9999.000,9999.000
202603220700,   5.554,   6.058,   0.200,   0.304,   6.058,   0.200,   6.058,   0.300,   6.158
202603220706,   5.569,   6.117,9999.000,9999.000,9999.000,9999.000,9999.000,9999.000,9999.000
202603220712,   5.579,   6.117,9999.000,9999.000,9999.000,9999.000,9999.000,9999.000,9999.000
202603220718,   5.583,   6.097,9999.000,9999.000,9999.000,9999.000,9999.000,9999.000,9999.000
202603220724,   5.581,   6.058,9999.000,9999.000,9999.000,9999.000,9999.000,9999.000,9999.000
202603220730,   5.574,   6.067,9999.000,9999.000,9999.000,9999.000,9999.000,9999.000,9999.000
202603220736,   5.561,   6.067,9999.000,9999.000,9999.000,9999.000,9999.000,9999.000,9999.000
202603220742,   5.542,   6.008,9999.000,9999.000,9999.000,9999.000,9999.000,9999.000,9999.000
202603220748,   5.518,   5.979,9999.000,9999.000,9999.000,9999.000,9999.000,9999.000,9999.000
202603220754,   5.488,   5.979,9999.000,9999.000,9999.000,9999.000,9999.000,9999.000,9999.000
202603220800,   5.452,   5.999,   0.200,   0.347,   5.999,   0.200,   5.999,   0.300,   6.099
202603220806,   5.410,   5.887,9999.000,9999.000,9999.000,9999.000,9999.000,9999.000,9999.000
202603220812,   5.363,   5.848,9999.000,9999.000,9999.000,9999.000,9999.000,9999.000,9999.000
202603220818,   5.311,   5.858,9999.000,9999.000,9999.000,9999.000,9999.000,9999.000,9999.000
202603220824,   5.253,   5.779,9999.000,9999.000,9999.000,9999.000,9999.000,9999.000,9999.000
202603220830,   5.190,   5.667,9999.000,9999.000,9999.000,9999.000,9999.000,9999.000,9999.000
202603220836,   5.122,   5.569,9999.000,9999.000,9999.000,9999.000,9999.000,9999.000,9999.000
202603220842,   5.048,   5.539,9999.000,9999.000,9999.000,9999.000,9999.000,9999.000,9999.000
202603220848,   4.970,   5.448,9999.000,9999.000,9999.000,9999.000,9999.000,9999.000,9999.000
202603220854,   4.887,   5.349,9999.000,9999.000,9999.000,9999.000,9999.000,9999.000,9999.000
202603220900,   4.800,   5.287,   0.400,   0.087,   5.287,   0.400,   5.287,   0.400,   5.287
202603220906,   4.708,   5.179,9999.000,9999.000,9999.000,9999.000,9999.000,9999.000,9999.000
202603220912,   4.612,   5.120,9999.000,9999.000,9999.000,9999.000,9999.000,9999.000,9999.000
202603220918,   4.512,   5.018,9999.000,9999.000,9999.000,9999.000,9999.000,9999.000,9999.000
202603220924,   4.409,   4.867,9999.000,9999.000,9999.000,9999.000,9999.000,9999.000,9999.000
202603220930,   4.302,   4.769,9999.000,9999.000,9999.000,9999.000,9999.000,9999.000,9999.000
202603220936,   4.191,   4.637,9999.000,9999.000,9999.000,9999.000,9999.000,9999.000,9999.000
202603220942,   4.078,   4.519,9999.000,9999.000,9999.000,9999.000,9999.000,9999.000,9999.000
202603220948,   3.962,   4.388,9999.000,9999.000,9999.000,9999.000,9999.000,9999.000,9999.000
202603220954,   3.843,   4.329,9999.000,9999.000,9999.000,9999.000,9999.000,9999.000,9999.000
202603221000,   3.722,   4.227,   0.300,   0.205,   4.227,   0.200,   4.127,   0.300,   4.227
202603221006,   3.599,   4.109,9999.000,9999.000,9999.000,9999.000,9999.000,9999.000,9999.000
202603221012,   3.474,   3.978,9999.000,9999.000,9999.000,9999.000,9999.000,9999.000,9999.000
202603221018,   3.348,   3.808,9999.000,9999.000,9999.000,9999.000,9999.000,9999.000,9999.000
202603221024,   3.220,   3.699,9999.000,9999.000,9999.000,9999.000,9999.000,9999.000,9999.000
202603221030,   3.091,   3.558,9999.000,9999.000,9999.000,9999.000,9999.000,9999.000,9999.000
202603221036,   2.962,   3.378,9999.000,9999.000,9999.000,9999.000,9999.000,9999.000,9999.000
202603221042,   2.832,   3.217,9999.000,9999.000,9999.000,9999.000,9999.000,9999.000,9999.000
202603221048,   2.702,   3.099,9999.000,9999.000,9999.000,9999.000,9999.000,9999.000,9999.000
202603221054,   2.572,   3.017,9999.000,9999.000,9999.000,9999.000,9999.000,9999.000,9999.000
202603221100,   2.442,   2.889,   0.300,   0.147,   2.889,   0.200,   2.789,   0.300,   2.889
202603221106,   2.312,   2.758,9999.000,9999.000,9999.000,9999.000,9999.000,9999.000,9999.000
202603221112,   2.184,   2.669,9999.000,9999.000,9999.000,9999.000,9999.000,9999.000,9999.000
202603221118,   2.056,   2.489,9999.000,9999.000,9999.000,9999.000,9999.000,9999.000,9999.000
202603221124,   1.930,   2.358,9999.000,9999.000,9999.000,9999.000,9999.000,9999.000,9999.000
202603221130,   1.805,   2.220,9999.000,9999.000,9999.000,9999.000,9999.000,9999.000,9999.000
202603221136,   1.682,   2.069,9999.000,9999.000,9999.000,9999.000,9999.000,9999.000,9999.000
202603221142,   1.561,   1.899,9999.000,9999.000,9999.000,9999.000,9999.000,9999.000,9999.000
202603221148,   1.442,   1.810,9999.000,9999.000,9999.000,9999.000,9999.000,9999.000,9999.000
202603221154,   1.326,   1.738,9999.000,9999.000,9999.000,9999.000,9999.000,9999.000,9999.000
202603221200,   1.212,   1.630,   0.200,   0.218,   1.630,   0.200,   1.630,   0.200,   1.630
202603221206,   1.101,   1.518,9999.000,9999.000,9999.000,9999.000,9999.000,9999.000,9999.000
202603221212,   0.993,   1.361,9999.000,9999.000,9999.000,9999.000,9999.000,9999.000,9999.000
202603221218,   0.888,   1.338,9999.000,9999.000,9999.000,9999.000,9999.000,9999.000,9999.000
202603221224,   0.786,   1.249,9999.000,9999.000,9999.000,9999.000,9999.000,9999.000,9999.000
202603221230,   0.688,   1.039,9999.000,9999.000,9999.000,9999.000,9999.000,9999.000,9999.000
202603221236,   0.594,   0.951,9999.000,9999.000,9999.000,9999.000,9999.000,9999.000,9999.000
202603221242,   0.504,   0.918,9999.000,9999.000,9999.000,9999.000,9999.000,9999.000,9999.000
202603221248,   0.418,   0.849,9999.000,9999.000,9999.000,9999.000,9999.000,9999.000,9999.000
202603221254,   0.336,   0.751,9999.000,9999.000,9999.000,9999.000,9999.000,9999.000,9999.000
202603221300,   0.259,   0.698,   0.200,   0.239,   0.698,   0.200,   0.698,   0.200,   0.698
202603221306,   0.186,   0.659,9999.000,9999.000,9999.000,9999.000,9999.000,9999.000,9999.000
202603221312,   0.118,   0.570,9999.000,9999.000,9999.000,9999.000,9999.000,9999.000,9999.000
202603221318,   0.054,   0.478,9999.000,9999.000,9999.000,9999.000,9999.000,9999.000,9999.000
202603221324,  -0.003,   0.370,9999.000,9999.000,9999.000,9999.000,9999.000,9999.000,9999.000
202603221330,  -0.057,   0.249,9999.000,9999.000,9999.000,9999.000,9999.000,9999.000,9999.000
202603221336,  -0.105,   0.249,9999.000,9999.000,9999.000,9999.000,9999.000,9999.000,9999.000
202603221342,  -0.149,   0.249,9999.000,9999.000,9999.000,9999.000,9999.000,9999.000,9999.000
202603221348,  -0.187,   0.229,9999.000,9999.000,9999.000,9999.000,9999.000,9999.000,9999.000
202603221354,  -0.220,   0.180,9999.000,9999.000,9999.000,9999.000,9999.000,9999.000,9999.000
202603221400,  -0.247,   0.190,   0.200,   0.237,   0.190,   0.200,   0.190,   0.200,   0.190
202603221406,  -0.270,   0.219,9999.000,9999.000,9999.000,9999.000,9999.000,9999.000,9999.000
202603221412,  -0.287,   0.111,9999.000,9999.000,9999.000,9999.000,9999.000,9999.000,9999.000
202603221418,  -0.298,   0.000,9999.000,9999.000,9999.000,9999.000,9999.000,9999.000,9999.000
202603221424,  -0.305,   0.000,9999.000,9999.000,9999.000,9999.000,9999.000,9999.000,9999.000
202603221430,  -0.306,   0.039,9999.000,9999.000,9999.000,9999.000,9999.000,9999.000,9999.000
202603221436,  -0.301,   0.049,9999.000,9999.000,9999.000,9999.000,9999.000,9999.000,9999.000
202603221442,  -0.292,   0.131,9999.000,9999.000,9999.000,9999.000,9999.000,9999.000,9999.000
202603221448,  -0.277,   0.190,9999.000,9999.000,9999.000,9999.000,9999.000,9999.000,9999.000
202603221454,  -0.258,   0.229,9999.000,9999.000,9999.000,9999.000,9999.000,9999.000,9999.000
202603221500,  -0.233,   0.298,   0.100,   0.431,   0.298,   0.000,   0.198,   0.200,   0.398
202603221506,  -0.204,   0.229,9999.000,9999.000,9999.000,9999.000,9999.000,9999.000,9999.000
202603221512,  -0.170,   0.190,9999.000,9999.000,9999.000,9999.000,9999.000,9999.000,9999.000
202603221518,  -0.131,   0.249,9999.000,9999.000,9999.000,9999.000,9999.000,9999.000,9999.000
202603221524,  -0.088,   0.288,9999.000,9999.000,9999.000,9999.000,9999.000,9999.000,9999.000
202603221530,  -0.041,   0.308,9999.000,9999.000,9999.000,9999.000,9999.000,9999.000,9999.000
202603221536,   0.009,   0.360,9999.000,9999.000,9999.000,9999.000,9999.000,9999.000,9999.000
202603221542,   0.065,   0.541,9999.000,9999.000,9999.000,9999.000,9999.000,9999.000,9999.000
202603221548,   0.124,   0.678,9999.000,9999.000,9999.000,9999.000,9999.000,9999.000,9999.000
202603221554,   0.186,   0.698,9999.000,9999.000,9999.000,9999.000,9999.000,9999.000,9999.000
202603221600,   0.252,   0.718,   0.200,   0.266,   0.718,   0.200,   0.718,   0.200,   0.718
202603221606,   0.322,   0.770,9999.000,9999.000,9999.000,9999.000,9999.000,9999.000,9999.000
202603221612,   0.394,   0.829,9999.000,9999.000,9999.000,9999.000,9999.000,9999.000,9999.000
202603221618,   0.469,   0.879,9999.000,9999.000,9999.000,9999.000,9999.000,9999.000,9999.000
202603221624,   0.546,   0.951,9999.000,9999.000,9999.000,9999.000,9999.000,9999.000,9999.000
202603221630,   0.626,   1.059,9999.000,9999.000,9999.000,9999.000,9999.000,9999.000,9999.000
202603221636,   0.708,   1.161,9999.000,9999.000,9999.000,9999.000,9999.000,9999.000,9999.000
202603221642,   0.792,   1.259,9999.000,9999.000,9999.000,9999.000,9999.000,9999.000,9999.000
202603221648,   0.877,   1.249,9999.000,9999.000,9999.000,9999.000,9999.000,9999.000,9999.000
202603221654,   0.964,   1.380,9999.000,9999.000,9999.000,9999.000,9999.000,9999.000,9999.000
202603221700,   1.052,   1.469,   0.200,   0.217,   1.469,   0.200,   1.469,   0.200,   1.469
202603221706,   1.141,   1.548,9999.000,9999.000,9999.000,9999.000,9999.000,9999.000,9999.000
202603221712,   1.230,   1.708,9999.000,9999.000,9999.000,9999.000,9999.000,9999.000,9999.000
202603221718,   1.321,   1.758,9999.000,9999.000,9999.000,9999.000,9999.000,9999.000,9999.000
202603221724,   1.411,   1.820,9999.000,9999.000,9999.000,9999.000,9999.000,9999.000,9999.000
202603221730,   1.502,   1.938,9999.000,9999.000,9999.000,9999.000,9999.000,9999.000,9999.000
202603221736,   1.592,   2.040,9999.000,9999.000,9999.000,9999.000,9999.000,9999.000,9999.000
202603221742,   1.683,   2.177,9999.000,9999.000,9999.000,9999.000,9999.000,9999.000,9999.000
202603221748,   1.772,   2.220,9999.000,9999.000,9999.000,9999.000,9999.000,9999.000,9999.000
202603221754,   1.861,   2.338,9999.000,9999.000,9999.000,9999.000,9999.000,9999.000,9999.000
202603221800,   1.949,   2.440,   0.100,   0.391,   2.440,   0.100,   2.440,   0.200,   2.540
202603221806,   2.035,   2.479,9999.000,9999.000,9999.000,9999.000,9999.000,9999.000,9999.000
202603221812,   2.120,   2.558,9999.000,9999.000,9999.000,9999.000,9999.000,9999.000,9999.000
202603221818,   2.204,   2.597,9999.000,9999.000,9999.000,9999.000,9999.000,9999.000,9999.000
202603221824,   2.286,   2.679,9999.000,9999.000,9999.000,9999.000,9999.000,9999.000,9999.000
202603221830,   2.366,   2.758,9999.000,9999.000,9999.000,9999.000,9999.000,9999.000,9999.000
202603221836,   2.444,   2.830,9999.000,9999.000,9999.000,9999.000,9999.000,9999.000,9999.000
202603221842,   2.519,   2.919,9999.000,9999.000,9999.000,9999.000,9999.000,9999.000,9999.000
202603221848,   2.592,   2.997,9999.000,9999.000,9999.000,9999.000,9999.000,9999.000,9999.000
202603221854,   2.662,   3.070,9999.000,9999.000,9999.000,9999.000,9999.000,9999.000,9999.000
202603221900,   2.730,   3.188,   0.200,   0.258,   3.188,   0.100,   3.088,   0.200,   3.188
202603221906,   2.794,   3.240,9999.000,9999.000,9999.000,9999.000,9999.000,9999.000,9999.000
202603221912,   2.856,   3.240,9999.000,9999.000,9999.000,9999.000,9999.000,9999.000,9999.000
202603221918,   2.914,   3.339,9999.000,9999.000,9999.000,9999.000,9999.000,9999.000,9999.000
202603221924,   2.969,   3.388,9999.000,9999.000,9999.000,9999.000,9999.000,9999.000,9999.000
202603221930,   3.021,   3.398,9999.000,9999.000,9999.000,9999.000,9999.000,9999.000,9999.000
202603221936,   3.069,   3.427,9999.000,9999.000,9999.000,9999.000,9999.000,9999.000,9999.000
202603221942,   3.114,   3.548,9999.000,9999.000,9999.000,9999.000,9999.000,9999.000,9999.000
202603221948,   3.155,   3.568,9999.000,9999.000,9999.000,9999.000,9999.000,9999.000,9999.000
202603221954,   3.192,   3.558,9999.000,9999.000,9999.000,9999.000,9999.000,9999.000,9999.000
202603222000,   3.225,   3.548,   0.100,   0.223,   3.548,   0.100,   3.548,   0.200,   3.648
202603222006,   3.255,   3.598,9999.000,9999.000,9999.000,9999.000,9999.000,9999.000,9999.000
202603222012,   3.281,   3.670,9999.000,9999.000,9999.000,9999.000,9999.000,9999.000,9999.000
202603222018,   3.303,   3.680,9999.000,9999.000,9999.000,9999.000,9999.000,9999.000,9999.000
202603222024,   3.321,   3.699,9999.000,9999.000,9999.000,9999.000,9999.000,9999.000,9999.000
202603222030,   3.335,   3.699,9999.000,9999.000,9999.000,9999.000,9999.000,9999.000,9999.000
202603222036,   3.345,   3.739,9999.000,9999.000,9999.000,9999.000,9999.000,9999.000,9999.000
202603222042,   3.352,   3.778,9999.000,9999.000,9999.000,9999.000,9999.000,9999.000,9999.000
202603222048,   3.355,   3.798,9999.000,9999.000,9999.000,9999.000,9999.000,9999.000,9999.000
202603222054,   3.354,   3.817,9999.000,9999.000,9999.000,9999.000,9999.000,9999.000,9999.000
202603222100,   3.350,   3.758,   0.300,   0.108,   3.758,   0.300,   3.758,   0.300,   3.758
202603222106,   3.343,   3.699,9999.000,9999.000,9999.000,9999.000,9999.000,9999.000,9999.000
202603222112,   3.332,   3.739,9999.000,9999.000,9999.000,9999.000,9999.000,9999.000,9999.000
202603222118,   3.317,   3.670,9999.000,9999.000,9999.000,9999.000,9999.000,9999.000,9999.000
202603222124,   3.300,   3.607,9999.000,9999.000,9999.000,9999.000,9999.000,9999.000,9999.000
202603222130,   3.279,   3.548,9999.000,9999.000,9999.000,9999.000,9999.000,9999.000,9999.000
202603222136,   3.256,   3.568,9999.000,9999.000,9999.000,9999.000,9999.000,9999.000,9999.000
202603222142,   3.230,   3.548,9999.000,9999.000,9999.000,9999.000,9999.000,9999.000,9999.000
202603222148,   3.201,   3.519,9999.000,9999.000,9999.000,9999.000,9999.000,9999.000,9999.000
202603222154,   3.170,   3.499,9999.000,9999.000,9999.000,9999.000,9999.000,9999.000,9999.000
202603222200,   3.137,   3.509,   0.200,   0.172,   3.509,   0.100,   3.409,   0.200,   3.509
202603222206,   3.101,   3.480,9999.000,9999.000,9999.000,9999.000,9999.000,9999.000,9999.000
202603222212,   3.064,   3.460,9999.000,9999.000,9999.000,9999.000,9999.000,9999.000,9999.000
202603222218,   3.024,   3.398,9999.000,9999.000,9999.000,9999.000,9999.000,9999.000,9999.000
202603222224,   2.984,   3.309,9999.000,9999.000,9999.000,9999.000,9999.000,9999.000,9999.000
202603222230,   2.941,   3.270,9999.000,9999.000,9999.000,9999.000,9999.000,9999.000,9999.000
202603222236,   2.898,   3.217,9999.000,9999.000,9999.000,9999.000,9999.000,9999.000,9999.000
202603222242,   2.853,   3.099,9999.000,9999.000,9999.000,9999.000,9999.000,9999.000,9999.000
202603222248,   2.808,   3.158,9999.000,9999.000,9999.000,9999.000,9999.000,9999.000,9999.000
202603222254,   2.762,   3.099,9999.000,9999.000,9999.000,9999.000,9999.000,9999.000,9999.000
202603222300,   2.716,   3.060,   0.200,   0.144,   3.060,   0.200,   3.060,   0.200,   3.060
202603222306,   2.669,   3.030,9999.000,9999.000,9999.000,9999.000,9999.000,9999.000,9999.000
202603222312,   2.622,   2.988,9999.000,9999.000,9999.000,9999.000,9999.000,9999.000,9999.000
202603222318,   2.575,   3.007,9999.000,9999.000,9999.000,9999.000,9999.000,9999.000,9999.000
202603222324,   2.529,   2.889,9999.000,9999.000,9999.000,9999.000,9999.000,9999.000,9999.000
202603222330,   2.482,   2.840,9999.000,9999.000,9999.000,9999.000,9999.000,9999.000,9999.000
202603222336,   2.437,   2.778,9999.000,9999.000,9999.000,9999.000,9999.000,9999.000,9999.000
202603222342,   2.392,   2.689,9999.000,9999.000,9999.000,9999.000,9999.000,9999.000,9999.000
202603222348,   2.348,   2.679,9999.000,9999.000,9999.000,9999.000,9999.000,9999.000,9999.000
202603222354,   2.306,   2.679,9999.000,9999.000,9999.000,9999.000,9999.000,9999.000,9999.000
202603230000,   2.264,   2.679,   0.300,   0.115,   2.679,   0.300,   2.679,   0.300,   2.679
202603230006,   2.224,   2.597,9999.000,9999.000,9999.000,9999.000,9999.000,9999.000,9999.000
202603230012,   2.186,   2.548,9999.000,9999.000,9999.000,9999.000,9999.000,9999.000,9999.000
202603230018,   2.150,   2.558,9999.000,9999.000,9999.000,9999.000,9999.000,9999.000,9999.000
202603230024,   2.115,   2.568,9999.000,9999.000,9999.000,9999.000,9999.000,9999.000,9999.000
202603230030,   2.083,   2.499,9999.000,9999.000,9999.000,9999.000,9999.000,9999.000,9999.000
202603230036,   2.053,   2.420,9999.000,9999.000,9999.000,9999.000,9999.000,9999.000,9999.000
202603230042,   2.025,   2.358,9999.000,9999.000,9999.000,9999.000,9999.000,9999.000,9999.000
202603230048,   2.000,   2.387,9999.000,9999.000,9999.000,9999.000,9999.000,9999.000,9999.000
202603230054,   1.978,   2.358,9999.000,9999.000,9999.000,9999.000,9999.000,9999.000,9999.000
202603230100,   1.958,   2.318,   0.300,   0.060,   2.318,   0.300,   2.318,   0.300,   2.318
202603230106,   1.941,   2.348,9999.000,9999.000,9999.000,9999.000,9999.000,9999.000,9999.000
202603230112,   1.928,   2.400,9999.000,9999.000,9999.000,9999.000,9999.000,9999.000,9999.000
202603230118,   1.917,   2.400,9999.000,9999.000,9999.000,9999.000,9999.000,9999.000,9999.000
202603230124,   1.910,   2.279,9999.000,9999.000,9999.000,9999.000,9999.000,9999.000,9999.000
202603230130,   1.906,   2.338,9999.000,9999.000,9999.000,9999.000,9999.000,9999.000,9999.000
202603230136,   1.906,   2.400,9999.000,9999.000,9999.000,9999.000,9999.000,9999.000,9999.000
202603230142,   1.909,   2.400,9999.000,9999.000,9999.000,9999.000,9999.000,9999.000,9999.000
202603230148,   1.916,   2.348,9999.000,9999.000,9999.000,9999.000,9999.000,9999.000,9999.000
202603230154,   1.926,   2.328,9999.000,9999.000,9999.000,9999.000,9999.000,9999.000,9999.000
202603230200,   1.940,   2.328,   0.300,   0.088,   2.328,   0.300,   2.328,   0.400,   2.428
202603230206,   1.958,   2.368,9999.000,9999.000,9999.000,9999.000,9999.000,9999.000,9999.000
202603230212,   1.980,   2.358,9999.000,9999.000,9999.000,9999.000,9999.000,9999.000,9999.000
202603230218,   2.005,   2.440,9999.000,9999.000,9999.000,9999.000,9999.000,9999.000,9999.000
202603230224,   2.034,   2.489,9999.000,9999.000,9999.000,9999.000,9999.000,9999.000,9999.000
202603230230,   2.067,   2.558,9999.000,9999.000,9999.000,9999.000,9999.000,9999.000,9999.000
202603230236,   2.103,   2.620,9999.000,9999.000,9999.000,9999.000,9999.000,9999.000,9999.000
202603230242,   2.143,   2.640,9999.000,9999.000,9999.000,9999.000,9999.000,9999.000,9999.000
202603230248,   2.187,   2.640,9999.000,9999.000,9999.000,9999.000,9999.000,9999.000,9999.000
202603230254,   2.234,   2.669,9999.000,9999.000,9999.000,9999.000,9999.000,9999.000,9999.000
202603230300,   2.285,   2.669,   0.200,   0.184,   2.669,   0.200,   2.669,   0.300,   2.769
202603230306,   2.339,   2.709,9999.000,9999.000,9999.000,9999.000,9999.000,9999.000,9999.000
202603230312,   2.397,   2.768,9999.000,9999.000,9999.000,9999.000,9999.000,9999.000,9999.000
202603230318,   2.457,   2.919,9999.000,9999.000,9999.000,9999.000,9999.000,9999.000,9999.000
202603230324,   2.521,   3.070,9999.000,9999.000,9999.000,9999.000,9999.000,9999.000,9999.000
202603230330,   2.587,   3.060,9999.000,9999.000,9999.000,9999.000,9999.000,9999.000,9999.000
202603230336,   2.656,   3.129,9999.000,9999.000,9999.000,9999.000,9999.000,9999.000,9999.000
202603230342,   2.728,   3.197,9999.000,9999.000,9999.000,9999.000,9999.000,9999.000,9999.000
202603230348,   2.803,   3.289,9999.000,9999.000,9999.000,9999.000,9999.000,9999.000,9999.000
202603230354,   2.879,   3.339,9999.000,9999.000,9999.000,9999.000,9999.000,9999.000,9999.000
202603230400,   2.958,   3.407,   0.300,   0.149,   3.407,   0.300,   3.407,   0.300,   3.407
202603230406,   3.039,   3.529,9999.000,9999.000,9999.000,9999.000,9999.000,9999.000,9999.000
202603230412,   3.121,   3.660,9999.000,9999.000,9999.000,9999.000,9999.000,9999.000,9999.000
202603230418,   3.205,   3.670,9999.000,9999.000,9999.000,9999.000,9999.000,9999.000,9999.000
202603230424,   3.291,   3.749,9999.000,9999.000,9999.000,9999.000,9999.000,9999.000,9999.000
202603230430,   3.377,   3.899,9999.000,9999.000,9999.000,9999.000,9999.000,9999.000,9999.000
202603230436,   3.465,   3.968,9999.000,9999.000,9999.000,9999.000,9999.000,9999.000,9999.000
202603230442,   3.553,   4.090,9999.000,9999.000,9999.000,9999.000,9999.000,9999.000,9999.000
202603230448,   3.642,   4.188,9999.000,9999.000,9999.000,9999.000,9999.000,9999.000,9999.000
202603230454,   3.732,   4.319,9999.000,9999.000,9999.000,9999.000,9999.000,9999.000,9999.000
202603230500,   3.821,   4.398,   0.300,   0.277,   4.398,   0.300,   4.398,   0.300,   4.398
202603230506,   3.910,   4.437,9999.000,9999.000,9999.000,9999.000,9999.000,9999.000,9999.000
202603230512,   3.999,   4.480,9999.000,9999.000,9999.000,9999.000,9999.000,9999.000,9999.000
202603230518,   4.088,   4.519,9999.000,9999.000,9999.000,9999.000,9999.000,9999.000,9999.000
202603230524,   4.176,   4.618,9999.000,9999.000,9999.000,9999.000,9999.000,9999.000,9999.000
202603230530,   4.263,   4.677,9999.000,9999.000,9999.000,9999.000,9999.000,9999.000,9999.000
202603230536,   4.348,   4.828,9999.000,9999.000,9999.000,9999.000,9999.000,9999.000,9999.000
202603230542,   4.433,   4.949,9999.000,9999.000,9999.000,9999.000,9999.000,9999.000,9999.000
202603230548,   4.516,   5.087,9999.000,9999.000,9999.000,9999.000,9999.000,9999.000,9999.000
202603230554,   4.597,   5.179,9999.000,9999.000,9999.000,9999.000,9999.000,9999.000,9999.000
202603230600,   4.676,   5.267,   0.200,   0.391,   5.267,   0.200,   5.267,   0.200,   5.267
202603230606,   4.753,   5.238,9999.000,9999.000,9999.000,9999.000,9999.000,9999.000,9999.000
202603230612,   4.828,   5.228,9999.000,9999.000,9999.000,9999.000,9999.000,9999.000,9999.000
202603230618,   4.900,   5.369,9999.000,9999.000,9999.000,9999.000,9999.000,9999.000,9999.000
202603230624,   4.969,   5.467,9999.000,9999.000,9999.000,9999.000,9999.000,9999.000,9999.000
202603230630,   5.035,   5.507,9999.000,9999.000,9999.000,9999.000,9999.000,9999.000,9999.000
202603230636,   5.098,   5.569,9999.000,9999.000,9999.000,9999.000,9999.000,9999.000,9999.000
202603230642,   5.158,   5.657,9999.000,9999.000,9999.000,9999.000,9999.000,9999.000,9999.000
202603230648,   5.215,   5.687,9999.000,9999.000,9999.000,9999.000,9999.000,9999.000,9999.000
202603230654,   5.267,   5.799,9999.000,9999.000,9999.000,9999.000,9999.000,9999.000,9999.000
202603230700,   5.316,   5.838,   0.200,   0.322,   5.838,   0.200,   5.838,   0.200,   5.838
202603230706,   5.361,   5.838,9999.000,9999.000,9999.000,9999.000,9999.000,9999.000,9999.000
202603230712,   5.402,   5.858,9999.000,9999.000,9999.000,9999.000,9999.000,9999.000,9999.000
202603230718,   5.438,   5.907,9999.000,9999.000,9999.000,9999.000,9999.000,9999.000,9999.000
202603230724,   5.470,   5.949,9999.000,9999.000,9999.000,9999.000,9999.000,9999.000,9999.000
202603230730,   5.498,   5.989,9999.000,9999.000,9999.000,9999.000,9999.000,9999.000,9999.000
202603230736,   5.520,   6.008,9999.000,9999.000,9999.000,9999.000,9999.000,9999.000,9999.000
202603230742,   5.539,   6.028,9999.000,9999.000,9999.000,9999.000,9999.000,9999.000,9999.000
202603230748,   5.552,   6.008,9999.000,9999.000,9999.000,9999.000,9999.000,9999.000,9999.000
202603230754,   5.560,   5.959,9999.000,9999.000,9999.000,9999.000,9999.000,9999.000,9999.000
202603230800,   5.564,   5.959,   0.200,   0.195,   5.959,   0.200,   5.959,   0.300,   6.059
202603230806,   5.562,   6.018,9999.000,9999.000,9999.000,9999.000,9999.000,9999.000,9999.000
202603230812,   5.555,   6.058,9999.000,9999.000,9999.000,9999.000,9999.000,9999.000,9999.000
202603230818,   5.544,   6.008,9999.000,9999.000,9999.000,9999.000,9999.000,9999.000,9999.000
202603230824,   5.527,   5.989,9999.000,9999.000,9999.000,9999.000,9999.000,9999.000,9999.000
202603230830,   5.505,   6.008,9999.000,9999.000,9999.000,9999.000,9999.000,9999.000,9999.000
202603230836,   5.478,   5.940,9999.000,9999.000,9999.000,9999.000,9999.000,9999.000,9999.000
202603230842,   5.446,   5.828,9999.000,9999.000,9999.000,9999.000,9999.000,9999.000,9999.000
202603230848,   5.408,   5.799,9999.000,9999.000,9999.000,9999.000,9999.000,9999.000,9999.000
202603230854,   5.366,   5.759,9999.000,9999.000,9999.000,9999.000,9999.000,9999.000,9999.000
202603230900,   5.319,   5.730,   0.300,   0.111,   5.730,   0.300,   5.730,   0.400,   5.830
202603230906,   5.267,   5.707,9999.000,9999.000,9999.000,9999.000,9999.000,9999.000,9999.000
202603230912,   5.211,   5.598,9999.000,9999.000,9999.000,9999.000,9999.000,9999.000,9999.000
202603230918,   5.149,   5.539,9999.000,9999.000,9999.000,9999.000,9999.000,9999.000,9999.000
202603230924,   5.084,   5.549,9999.000,9999.000,9999.000,9999.000,9999.000,9999.000,9999.000
202603230930,   5.013,   5.530,9999.000,9999.000,9999.000,9999.000,9999.000,9999.000,9999.000
202603230936,   4.939,   5.428,9999.000,9999.000,9999.000,9999.000,9999.000,9999.000,9999.000
202603230942,   4.860,   5.257,9999.000,9999.000,9999.000,9999.000,9999.000,9999.000,9999.000
202603230948,   4.777,   5.179,9999.000,9999.000,9999.000,9999.000,9999.000,9999.000,9999.000
202603230954,   4.691,   5.129,9999.000,9999.000,9999.000,9999.000,9999.000,9999.000,9999.000
202603231000,   4.601,   5.110,   0.200,   0.309,   5.110,   0.200,   5.110,   0.300,   5.210
202603231006,   4.507,   4.998,9999.000,9999.000,9999.000,9999.000,9999.000,9999.000,9999.000
202603231012,   4.410,   4.818,9999.000,9999.000,9999.000,9999.000,9999.000,9999.000,9999.000
202603231018,   4.310,   4.769,9999.000,9999.000,9999.000,9999.000,9999.000,9999.000,9999.000
202603231024,   4.206,   4.667,9999.000,9999.000,9999.000,9999.000,9999.000,9999.000,9999.000
202603231030,   4.101,   4.500,9999.000,9999.000,9999.000,9999.000,9999.000,9999.000,9999.000
202603231036,   3.992,   4.437,9999.000,9999.000,9999.000,9999.000,9999.000,9999.000,9999.000
202603231042,   3.881,   4.388,9999.000,9999.000,9999.000,9999.000,9999.000,9999.000,9999.000
202603231048,   3.768,   4.247,9999.000,9999.000,9999.000,9999.000,9999.000,9999.000,9999.000
202603231054,   3.653,   4.090,9999.000,9999.000,9999.000,9999.000,9999.000,9999.000,9999.000
202603231100,   3.537,   3.968,   0.200,   0.231,   3.968,   0.200,   3.968,   0.300,   4.068
202603231106,   3.418,   3.847,9999.000,9999.000,9999.000,9999.000,9999.000,9999.000,9999.000
202603231112,   3.299,   3.768,9999.000,9999.000,9999.000,9999.000,9999.000,9999.000,9999.000
202603231118,   3.178,   3.568,9999.000,9999.000,9999.000,9999.000,9999.000,9999.000,9999.000
202603231124,   3.056,   3.407,9999.000,9999.000,9999.000,9999.000,9999.000,9999.000,9999.000
202603231130,   2.934,   3.339,9999.000,9999.000,9999.000,9999.000,9999.000,9999.000,9999.000
202603231136,   2.811,   3.260,9999.000,9999.000,9999.000,9999.000,9999.000,9999.000,9999.000
202603231142,   2.688,   3.099,9999.000,9999.000,9999.000,9999.000,9999.000,9999.000,9999.000
202603231148,   2.565,   2.968,9999.000,9999.000,9999.000,9999.000,9999.000,9999.000,9999.000
202603231154,   2.442,   2.938,9999.000,9999.000,9999.000,9999.000,9999.000,9999.000,9999.000
202603231200,   2.319,   2.899,   0.200,   0.380,   2.899,   0.200,   2.899,   0.300,   2.999
202603231206,   2.197,   2.630,9999.000,9999.000,9999.000,9999.000,9999.000,9999.000,9999.000
202603231212,   2.076,   2.450,9999.000,9999.000,9999.000,9999.000,9999.000,9999.000,9999.000
202603231218,   1.956,   2.328,9999.000,9999.000,9999.000,9999.000,9999.000,9999.000,9999.000
202603231224,   1.837,   2.210,9999.000,9999.000,9999.000,9999.000,9999.000,9999.000,9999.000
202603231230,   1.720,   2.118,9999.000,9999.000,9999.000,9999.000,9999.000,9999.000,9999.000
202603231236,   1.604,   2.000,9999.000,9999.000,9999.000,9999.000,9999.000,9999.000,9999.000
202603231242,   1.490,   1.859,9999.000,9999.000,9999.000,9999.000,9999.000,9999.000,9999.000
202603231248,   1.378,   1.820,9999.000,9999.000,9999.000,9999.000,9999.000,9999.000,9999.000
202603231254,   1.268,   1.738,9999.000,9999.000,9999.000,9999.000,9999.000,9999.000,9999.000
202603231300,   1.160,   1.639,   0.300,   0.179,   1.639,   0.200,   1.539,   0.300,   1.639
202603231306,   1.056,   1.620,9999.000,9999.000,9999.000,9999.000,9999.000,9999.000,9999.000
202603231312,   0.954,   1.459,9999.000,9999.000,9999.000,9999.000,9999.000,9999.000,9999.000
202603231318,   0.855,   1.239,9999.000,9999.000,9999.000,9999.000,9999.000,9999.000,9999.000
202603231324,   0.759,   1.128,9999.000,9999.000,9999.000,9999.000,9999.000,9999.000,9999.000
202603231330,   0.667,   1.059,9999.000,9999.000,9999.000,9999.000,9999.000,9999.000,9999.000
202603231336,   0.578,   0.970,9999.000,9999.000,9999.000,9999.000,9999.000,9999.000,9999.000
202603231342,   0.492,   0.898,9999.000,9999.000,9999.000,9999.000,9999.000,9999.000,9999.000
202603231348,   0.411,   0.839,9999.000,9999.000,9999.000,9999.000,9999.000,9999.000,9999.000
202603231354,   0.333,   0.751,9999.000,9999.000,9999.000,9999.000,9999.000,9999.000,9999.000
202603231400,   0.259,   0.669,   0.200,   0.210,   0.669,   0.200,   0.669,   0.300,   0.769
202603231406,   0.190,   0.741,9999.000,9999.000,9999.000,9999.000,9999.000,9999.000,9999.000
202603231412,   0.124,   0.678,9999.000,9999.000,9999.000,9999.000,9999.000,9999.000,9999.000
202603231418,   0.063,   0.518,9999.000,9999.000,9999.000,9999.000,9999.000,9999.000,9999.000
202603231424,   0.007,   0.498,9999.000,9999.000,9999.000,9999.000,9999.000,9999.000,9999.000
202603231430,  -0.044,   0.478,9999.000,9999.000,9999.000,9999.000,9999.000,9999.000,9999.000
202603231436,  -0.092,   0.429,9999.000,9999.000,9999.000,9999.000,9999.000,9999.000,9999.000
202603231442,  -0.135,   0.341,9999.000,9999.000,9999.000,9999.000,9999.000,9999.000,9999.000
202603231448,  -0.173,   0.321,9999.000,9999.000,9999.000,9999.000,9999.000,9999.000,9999.000
202603231454,  -0.207,   0.259,9999.000,9999.000,9999.000,9999.000,9999.000,9999.000,9999.000
202603231500,  -0.236,   0.239,   0.100,   0.375,   0.239,   0.100,   0.239,   0.200,   0.339
202603231506,  -0.260,   0.200,9999.000,9999.000,9999.000,9999.000,9999.000,9999.000,9999.000
202603231512,  -0.280,   0.190,9999.000,9999.000,9999.000,9999.000,9999.000,9999.000,9999.000
202603231518,  -0.295,   0.180,9999.000,9999.000,9999.000,9999.000,9999.000,9999.000,9999.000
202603231524,  -0.305,   0.150,9999.000,9999.000,9999.000,9999.000,9999.000,9999.000,9999.000
202603231530,  -0.311,   0.200,9999.000,9999.000,9999.000,9999.000,9999.000,9999.000,9999.000
202603231536,  -0.312,   0.268,9999.000,9999.000,9999.000,9999.000,9999.000,9999.000,9999.000
202603231542,  -0.309,   0.229,9999.000,9999.000,9999.000,9999.000,9999.000,9999.000,9999.000
202603231548,  -0.301,   0.131,9999.000,9999.000,9999.000,9999.000,9999.000,9999.000,9999.000
202603231554,  -0.289,   0.098,9999.000,9999.000,9999.000,9999.000,9999.000,9999.000,9999.000
202603231600,  -0.273,   0.141,   0.200,   0.214,   0.141,   0.200,   0.141,   0.200,   0.141
202603231606,  -0.253,   0.209,9999.000,9999.000,9999.000,9999.000,9999.000,9999.000,9999.000
202603231612,  -0.228,   0.209,9999.000,9999.000,9999.000,9999.000,9999.000,9999.000,9999.000
202603231618,  -0.200,   0.259,9999.000,9999.000,9999.000,9999.000,9999.000,9999.000,9999.000
202603231624,  -0.168,   0.350,9999.000,9999.000,9999.000,9999.000,9999.000,9999.000,9999.000
202603231630,  -0.132,   0.380,9999.000,9999.000,9999.000,9999.000,9999.000,9999.000,9999.000
202603231636,  -0.093,   0.439,9999.000,9999.000,9999.000,9999.000,9999.000,9999.000,9999.000
202603231642,  -0.050,   0.508,9999.000,9999.000,9999.000,9999.000,9999.000,9999.000,9999.000
202603231648,  -0.003,   0.541,9999.000,9999.000,9999.000,9999.000,9999.000,9999.000,9999.000
202603231654,   0.045,   0.488,9999.000,9999.000,9999.000,9999.000,9999.000,9999.000,9999.000
202603231700,   0.097,   0.439,   0.200,   0.142,   0.439,   0.200,   0.439,   0.300,   0.539
202603231706,   0.153,   0.541,9999.000,9999.000,9999.000,9999.000,9999.000,9999.000,9999.000
202603231712,   0.211,   0.708,9999.000,9999.000,9999.000,9999.000,9999.000,9999.000,9999.000
202603231718,   0.271,   0.741,9999.000,9999.000,9999.000,9999.000,9999.000,9999.000,9999.000
202603231724,   0.335,   0.760,9999.000,9999.000,9999.000,9999.000,9999.000,9999.000,9999.000
202603231730,   0.400,   0.849,9999.000,9999.000,9999.000,9999.000,9999.000,9999.000,9999.000
202603231736,   0.467,   1.000,9999.000,9999.000,9999.000,9999.000,9999.000,9999.000,9999.000
202603231742,   0.537,   1.118,9999.000,9999.000,9999.000,9999.000,9999.000,9999.000,9999.000
202603231748,   0.608,   1.108,9999.000,9999.000,9999.000,9999.000,9999.000,9999.000,9999.000
202603231754,   0.680,   1.138,9999.000,9999.000,9999.000,9999.000,9999.000,9999.000,9999.000
202603231800,   0.755,   1.229,   0.200,   0.274,   1.229,   0.200,   1.229,   0.200,   1.229
202603231806,   0.830,   1.220,9999.000,9999.000,9999.000,9999.000,9999.000,9999.000,9999.000
202603231812,   0.906,   1.348,9999.000,9999.000,9999.000,9999.000,9999.000,9999.000,9999.000
202603231818,   0.983,   1.439,9999.000,9999.000,9999.000,9999.000,9999.000,9999.000,9999.000
202603231824,   1.061,   1.459,9999.000,9999.000,9999.000,9999.000,9999.000,9999.000,9999.000
202603231830,   1.140,   1.449,9999.000,9999.000,9999.000,9999.000,9999.000,9999.000,9999.000
202603231836,   1.218,   1.639,9999.000,9999.000,9999.000,9999.000,9999.000,9999.000,9999.000
202603231842,   1.297,   1.820,9999.000,9999.000,9999.000,9999.000,9999.000,9999.000,9999.000
202603231848,   1.376,   1.830,9999.000,9999.000,9999.000,9999.000,9999.000,9999.000,9999.000
202603231854,   1.454,   1.879,9999.000,9999.000,9999.000,9999.000,9999.000,9999.000,9999.000
202603231900,   1.532,   1.981,   0.200,   0.249,   1.981,   0.200,   1.981,   0.200,   1.981
202603231906,   1.609,   2.030,9999.000,9999.000,9999.000,9999.000,9999.000,9999.000,9999.000
202603231912,   1.686,   2.099,9999.000,9999.000,9999.000,9999.000,9999.000,9999.000,9999.000
202603231918,   1.762,   2.191,9999.000,9999.000,9999.000,9999.000,9999.000,9999.000,9999.000
202603231924,   1.836,   2.299,9999.000,9999.000,9999.000,9999.000,9999.000,9999.000,9999.000
202603231930,   1.909,   2.328,9999.000,9999.000,9999.000,9999.000,9999.000,9999.000,9999.000
202603231936,   1.981,   2.377,9999.000,9999.000,9999.000,9999.000,9999.000,9999.000,9999.000
202603231942,   2.051,   2.509,9999.000,9999.000,9999.000,9999.000,9999.000,9999.000,9999.000
202603231948,   2.119,   2.597,9999.000,9999.000,9999.000,9999.000,9999.000,9999.000,9999.000
202603231954,   2.185,   2.660,9999.000,9999.000,9999.000,9999.000,9999.000,9999.000,9999.000
202603232000,   2.250,   2.650,   0.200,   0.200,   2.650,   0.200,   2.650,   0.200,   2.650
202603232006,   2.312,   2.738,9999.000,9999.000,9999.000,9999.000,9999.000,9999.000,9999.000
202603232012,   2.371,   2.787,9999.000,9999.000,9999.000,9999.000,9999.000,9999.000,9999.000
202603232018,   2.429,   2.820,9999.000,9999.000,9999.000,9999.000,9999.000,9999.000,9999.000
202603232024,   2.484,   2.938,9999.000,9999.000,9999.000,9999.000,9999.000,9999.000,9999.000
202603232030,   2.536,   2.978,9999.000,9999.000,9999.000,9999.000,9999.000,9999.000,9999.000
202603232036,   2.586,   2.938,9999.000,9999.000,9999.000,9999.000,9999.000,9999.000,9999.000
202603232042,   2.633,   2.988,9999.000,9999.000,9999.000,9999.000,9999.000,9999.000,9999.000
202603232048,   2.677,   3.138,9999.000,9999.000,9999.000,9999.000,9999.000,9999.000,9999.000
202603232054,   2.718,   3.207,9999.000,9999.000,9999.000,9999.000,9999.000,9999.000,9999.000
202603232100,   2.756,   3.207,   0.300,   0.151,   3.207,   0.300,   3.207,   0.300,   3.207
202603232106,   2.792,   3.207,9999.000,9999.000,9999.000,9999.000,9999.000,9999.000,9999.000
202603232112,   2.825,   3.309,9999.000,9999.000,9999.000,9999.000,9999.000,9999.000,9999.000
202603232118,   2.855,   3.378,9999.000,9999.000,9999.000,9999.000,9999.000,9999.000,9999.000
202603232124,   2.881,   3.309,9999.000,9999.000,9999.000,9999.000,9999.000,9999.000,9999.000
202603232130,   2.906,   3.299,9999.000,9999.000,9999.000,9999.000,9999.000,9999.000,9999.000
202603232136,   2.927,   3.368,9999.000,9999.000,9999.000,9999.000,9999.000,9999.000,9999.000
202603232142,   2.945,   3.407,9999.000,9999.000,9999.000,9999.000,9999.000,9999.000,9999.000
202603232148,   2.961,   3.407,9999.000,9999.000,9999.000,9999.000,9999.000,9999.000,9999.000
202603232154,   2.973,   3.378,9999.000,9999.000,9999.000,9999.000,9999.000,9999.000,9999.000
202603232200,   2.984,   3.470,   0.200,   0.286,   3.470,   0.200,   3.470,   0.300,   3.570
202603232206,   2.991,   3.460,9999.000,9999.000,9999.000,9999.000,9999.000,9999.000,9999.000
202603232212,   2.996,   3.407,9999.000,9999.000,9999.000,9999.000,9999.000,9999.000,9999.000
202603232218,   2.999,   3.450,9999.000,9999.000,9999.000,9999.000,9999.000,9999.000,9999.000
202603232224,   2.999,   3.509,9999.000,9999.000,9999.000,9999.000,9999.000,9999.000,9999.000
202603232230,   2.997,   3.489,9999.000,9999.000,9999.000,9999.000,9999.000,9999.000,9999.000
202603232236,   2.992,   3.450,9999.000,9999.000,9999.000,9999.000,9999.000,9999.000,9999.000
202603232242,   2.986,   3.388,9999.000,9999.000,9999.000,9999.000,9999.000,9999.000,9999.000
202603232248,   2.977,   3.440,9999.000,9999.000,9999.000,9999.000,9999.000,9999.000,9999.000
202603232254,   2.967,   3.450,9999.000,9999.000,9999.000,9999.000,9999.000,9999.000,9999.000
202603232300,   2.955,   3.470,   0.200,   0.315,   3.470,   0.200,   3.470,   0.200,   3.470
202603232306,   2.941,   3.388,9999.000,9999.000,9999.000,9999.000,9999.000,9999.000,9999.000
202603232312,   2.926,   3.398,9999.000,9999.000,9999.000,9999.000,9999.000,9999.000,9999.000
202603232318,   2.909,   3.440,9999.000,9999.000,9999.000,9999.000,9999.000,9999.000,9999.000
202603232324,   2.890,   3.417,9999.000,9999.000,9999.000,9999.000,9999.000,9999.000,9999.000
202603232330,   2.871,   3.358,9999.000,9999.000,9999.000,9999.000,9999.000,9999.000,9999.000
202603232336,   2.850,   3.329,9999.000,9999.000,9999.000,9999.000,9999.000,9999.000,9999.000
202603232342,   2.829,   3.398,9999.000,9999.000,9999.000,9999.000,9999.000,9999.000,9999.000
202603232348,   2.806,   3.368,9999.000,9999.000,9999.000,9999.000,9999.000,9999.000,9999.000
202603232354,   2.783,   3.289,9999.000,9999.000,9999.000,9999.000,9999.000,9999.000,9999.000
202603240000,   2.760,   3.289,   0.300,   0.229,   3.289,   0.300,   3.289,   0.300,   3.289
202603240006,   2.736,   3.240,9999.000,9999.000,9999.000,9999.000,9999.000,9999.000,9999.000
202603240012,   2.711,   3.168,9999.000,9999.000,9999.000,9999.000,9999.000,9999.000,9999.000
202603240018,   2.687,   3.197,9999.000,9999.000,9999.000,9999.000,9999.000,9999.000,9999.000
202603240024,   2.662,   3.168,9999.000,9999.000,9999.000,9999.000,9999.000,9999.000,9999.000
202603240030,   2.638,   3.168,9999.000,9999.000,9999.000,9999.000,9999.000,9999.000,9999.000
202603240036,   2.614,   3.089,9999.000,9999.000,9999.000,9999.000,9999.000,9999.000,9999.000
202603240042,   2.590,   3.040,9999.000,9999.000,9999.000,9999.000,9999.000,9999.000,9999.000
202603240048,   2.567,   3.070,9999.000,9999.000,9999.000,9999.000,9999.000,9999.000,9999.000
202603240054,   2.545,   3.119,9999.000,9999.000,9999.000,9999.000,9999.000,9999.000,9999.000
202603240100,   2.524,   3.129,   0.300,   0.305,   3.129,   0.300,   3.129,   0.300,   3.129
202603240106,   2.503,   3.079,9999.000,9999.000,9999.000,9999.000,9999.000,9999.000,9999.000
202603240112,   2.484,   3.040,9999.000,9999.000,9999.000,9999.000,9999.000,9999.000,9999.000
202603240118,   2.466,   2.997,9999.000,9999.000,9999.000,9999.000,9999.000,9999.000,9999.000
202603240124,   2.449,   2.988,9999.000,9999.000,9999.000,9999.000,9999.000,9999.000,9999.000
202603240130,   2.434,   2.948,9999.000,9999.000,9999.000,9999.000,9999.000,9999.000,9999.000
202603240136,   2.421,   2.909,9999.000,9999.000,9999.000,9999.000,9999.000,9999.000,9999.000
202603240142,   2.410,   2.869,9999.000,9999.000,9999.000,9999.000,9999.000,9999.000,9999.000
202603240148,   2.400,   2.889,9999.000,9999.000,9999.000,9999.000,9999.000,9999.000,9999.000
202603240154,   2.392,   2.968,9999.000,9999.000,9999.000,9999.000,9999.000,9999.000,9999.000
202603240200,   2.387,   2.978,   0.300,   0.291,   2.978,   0.300,   2.978,   0.300,   2.978
202603240206,   2.384,   3.007,9999.000,9999.000,9999.000,9999.000,9999.000,9999.000,9999.000
202603240212,   2.383,   3.060,9999.000,9999.000,9999.000,9999.000,9999.000,9999.000,9999.000
202603240218,   2.384,   3.030,9999.000,9999.000,9999.000,9999.000,9999.000,9999.000,9999.000
202603240224,   2.388,   3.017,9999.000,9999.000,9999.000,9999.000,9999.000,9999.000,9999.000
202603240230,   2.395,   2.997,9999.000,9999.000,9999.000,9999.000,9999.000,9999.000,9999.000
202603240236,   2.404,   2.968,9999.000,9999.000,9999.000,9999.000,9999.000,9999.000,9999.000
202603240242,   2.416,   2.938,9999.000,9999.000,9999.000,9999.000,9999.000,9999.000,9999.000
202603240248,   2.430,   2.929,9999.000,9999.000,9999.000,9999.000,9999.000,9999.000,9999.000
202603240254,   2.447,   2.997,9999.000,9999.000,9999.000,9999.000,9999.000,9999.000,9999.000
202603240300,   2.467,   3.070,   0.200,   0.403,   3.070,   0.100,   2.970,   0.300,   3.170
202603240306,   2.489,   3.099,9999.000,9999.000,9999.000,9999.000,9999.000,9999.000,9999.000
202603240312,   2.515,   3.138,9999.000,9999.000,9999.000,9999.000,9999.000,9999.000,9999.000
202603240318,   2.542,   3.217,9999.000,9999.000,9999.000,9999.000,9999.000,9999.000,9999.000
202603240324,   2.573,   3.217,9999.000,9999.000,9999.000,9999.000,9999.000,9999.000,9999.000
202603240330,   2.606,   3.217,9999.000,9999.000,9999.000,9999.000,9999.000,9999.000,9999.000
202603240336,   2.642,   3.270,9999.000,9999.000,9999.000,9999.000,9999.000,9999.000,9999.000
202603240342,   2.680,   3.240,9999.000,9999.000,9999.000,9999.000,9999.000,9999.000,9999.000
202603240348,   2.721,   3.260,9999.000,9999.000,9999.000,9999.000,9999.000,9999.000,9999.000
202603240354,   2.765,   3.348,9999.000,9999.000,9999.000,9999.000,9999.000,9999.000,9999.000
202603240400,   2.810,   3.460,   0.300,   0.350,   3.460,   0.200,   3.360,   0.300,   3.460
202603240406,   2.858,   3.568,9999.000,9999.000,9999.000,9999.000,9999.000,9999.000,9999.000
202603240412,   2.909,   3.539,9999.000,9999.000,9999.000,9999.000,9999.000,9999.000,9999.000
202603240418,   2.961,   3.588,9999.000,9999.000,9999.000,9999.000,9999.000,9999.000,9999.000
202603240424,   3.016,   3.689,9999.000,9999.000,9999.000,9999.000,9999.000,9999.000,9999.000
202603240430,   3.072,   3.709,9999.000,9999.000,9999.000,9999.000,9999.000,9999.000,9999.000
202603240436,   3.130,   3.680,9999.000,9999.000,9999.000,9999.000,9999.000,9999.000,9999.000
202603240442,   3.191,   3.758,9999.000,9999.000,9999.000,9999.000,9999.000,9999.000,9999.000
202603240448,   3.252,   3.880,9999.000,9999.000,9999.000,9999.000,9999.000,9999.000,9999.000
202603240454,   3.316,   3.860,9999.000,9999.000,9999.000,9999.000,9999.000,9999.000,9999.000
202603240500,   3.380,   3.899,   0.300,   0.219,   3.899,   0.200,   3.799,   0.300,   3.899
202603240506,   3.446,   4.008,9999.000,9999.000,9999.000,9999.000,9999.000,9999.000,9999.000
202603240512,   3.514,   4.099,9999.000,9999.000,9999.000,9999.000,9999.000,9999.000,9999.000
202603240518,   3.582,   4.178,9999.000,9999.000,9999.000,9999.000,9999.000,9999.000,9999.000
202603240524,   3.651,   4.227,9999.000,9999.000,9999.000,9999.000,9999.000,9999.000,9999.000
202603240530,   3.721,   4.300,9999.000,9999.000,9999.000,9999.000,9999.000,9999.000,9999.000
202603240536,   3.791,   4.408,9999.000,9999.000,9999.000,9999.000,9999.000,9999.000,9999.000
202603240542,   3.862,   4.519,9999.000,9999.000,9999.000,9999.000,9999.000,9999.000,9999.000
202603240548,   3.933,   4.509,9999.000,9999.000,9999.000,9999.000,9999.000,9999.000,9999.000
202603240554,   4.005,   4.500,9999.000,9999.000,9999.000,9999.000,9999.000,9999.000,9999.000
202603240600,   4.076,   4.569,   0.200,   0.293,   4.569,   0.200,   4.569,   0.200,   4.569
202603240606,   4.147,   4.647,9999.000,9999.000,9999.000,9999.000,9999.000,9999.000,9999.000
202603240612,   4.218,   4.739,9999.000,9999.000,9999.000,9999.000,9999.000,9999.000,9999.000
202603240618,   4.289,   4.857,9999.000,9999.000,9999.000,9999.000,9999.000,9999.000,9999.000
202603240624,   4.359,   4.959,9999.000,9999.000,9999.000,9999.000,9999.000,9999.000,9999.000
202603240630,   4.428,   5.057,9999.000,9999.000,9999.000,9999.000,9999.000,9999.000,9999.000
202603240636,   4.495,   5.087,9999.000,9999.000,9999.000,9999.000,9999.000,9999.000,9999.000
202603240642,   4.562,   5.057,9999.000,9999.000,9999.000,9999.000,9999.000,9999.000,9999.000
202603240648,   4.627,   5.077,9999.000,9999.000,9999.000,9999.000,9999.000,9999.000,9999.000
202603240654,   4.691,   5.228,9999.000,9999.000,9999.000,9999.000,9999.000,9999.000,9999.000
202603240700,   4.753,   5.267,   0.200,   0.314,   5.267,   0.200,   5.267,   0.200,   5.267
202603240706,   4.814,   5.277,9999.000,9999.000,9999.000,9999.000,9999.000,9999.000,9999.000
202603240712,   4.872,   5.359,9999.000,9999.000,9999.000,9999.000,9999.000,9999.000,9999.000
202603240718,   4.928,   5.467,9999.000,9999.000,9999.000,9999.000,9999.000,9999.000,9999.000
202603240724,   4.981,   5.516,9999.000,9999.000,9999.000,9999.000,9999.000,9999.000,9999.000
202603240730,   5.032,   5.477,9999.000,9999.000,9999.000,9999.000,9999.000,9999.000,9999.000
202603240736,   5.080,   5.589,9999.000,9999.000,9999.000,9999.000,9999.000,9999.000,9999.000
202603240742,   5.126,   5.667,9999.000,9999.000,9999.000,9999.000,9999.000,9999.000,9999.000
202603240748,   5.168,   5.618,9999.000,9999.000,9999.000,9999.000,9999.000,9999.000,9999.000
202603240754,   5.207,   5.648,9999.000,9999.000,9999.000,9999.000,9999.000,9999.000,9999.000
202603240800,   5.243,   5.730,   0.200,   0.287,   5.730,   0.100,   5.630,   0.200,   5.730
202603240806,   5.275,   5.838,9999.000,9999.000,9999.000,9999.000,9999.000,9999.000,9999.000
202603240812,   5.304,   5.838,9999.000,9999.000,9999.000,9999.000,9999.000,9999.000,9999.000
202603240818,   5.329,   5.808,9999.000,9999.000,9999.000,9999.000,9999.000,9999.000,9999.000
202603240824,   5.350,   5.808,9999.000,9999.000,9999.000,9999.000,9999.000,9999.000,9999.000
202603240830,   5.367,   5.858,9999.000,9999.000,9999.000,9999.000,9999.000,9999.000,9999.000
202603240836,   5.381,   5.818,9999.000,9999.000,9999.000,9999.000,9999.000,9999.000,9999.000
202603240842,   5.390,   5.799,9999.000,9999.000,9999.000,9999.000,9999.000,9999.000,9999.000
202603240848,   5.395,   5.818,9999.000,9999.000,9999.000,9999.000,9999.000,9999.000,9999.000
202603240854,   5.396,   5.858,9999.000,9999.000,9999.000,9999.000,9999.000,9999.000,9999.000
202603240900,   5.393,   5.838,   0.300,   0.145,   5.838,   0.200,   5.738,   0.300,   5.838
202603240906,   5.386,   5.789,9999.000,9999.000,9999.000,9999.000,9999.000,9999.000,9999.000
202603240912,   5.374,   5.769,9999.000,9999.000,9999.000,9999.000,9999.000,9999.000,9999.000
202603240918,   5.358,   5.759,9999.000,9999.000,9999.000,9999.000,9999.000,9999.000,9999.000
202603240924,   5.338,   5.789,9999.000,9999.000,9999.000,9999.000,9999.000,9999.000,9999.000
202603240930,   5.314,   5.799,9999.000,9999.000,9999.000,9999.000,9999.000,9999.000,9999.000
202603240936,   5.285,   5.759,9999.000,9999.000,9999.000,9999.000,9999.000,9999.000,9999.000
202603240942,   5.252,   5.779,9999.000,9999.000,9999.000,9999.000,9999.000,9999.000,9999.000
202603240948,   5.215,   5.707,9999.000,9999.000,9999.000,9999.000,9999.000,9999.000,9999.000
202603240954,   5.174,   5.638,9999.000,9999.000,9999.000,9999.000,9999.000,9999.000,9999.000
202603241000,   5.129,   5.559,   0.100,   0.330,   5.559,   0.100,   5.559,   0.200,   5.659
202603241006,   5.079,   5.549,9999.000,9999.000,9999.000,9999.000,9999.000,9999.000,9999.000
202603241012,   5.026,   5.516,9999.000,9999.000,9999.000,9999.000,9999.000,9999.000,9999.000
202603241018,   4.969,   5.418,9999.000,9999.000,9999.000,9999.000,9999.000,9999.000,9999.000
202603241024,   4.908,   5.320,9999.000,9999.000,9999.000,9999.000,9999.000,9999.000,9999.000
202603241030,   4.843,   5.287,9999.000,9999.000,9999.000,9999.000,9999.000,9999.000,9999.000
202603241036,   4.775,   5.307,9999.000,9999.000,9999.000,9999.000,9999.000,9999.000,9999.000
202603241042,   4.703,   5.238,9999.000,9999.000,9999.000,9999.000,9999.000,9999.000,9999.000
202603241048,   4.627,   5.067,9999.000,9999.000,9999.000,9999.000,9999.000,9999.000,9999.000
202603241054,   4.549,   4.949,9999.000,9999.000,9999.000,9999.000,9999.000,9999.000,9999.000
202603241100,   4.467,   4.910,   0.200,   0.243,   4.910,   0.200,   4.910,   0.200,   4.910
202603241106,   4.382,   4.887,9999.000,9999.000,9999.000,9999.000,9999.000,9999.000,9999.000
202603241112,   4.294,   4.788,9999.000,9999.000,9999.000,9999.000,9999.000,9999.000,9999.000
202603241118,   4.204,   4.710,9999.000,9999.000,9999.000,9999.000,9999.000,9999.000,9999.000
202603241124,   4.110,   4.618,9999.000,9999.000,9999.000,9999.000,9999.000,9999.000,9999.000
202603241130,   4.014,   4.408,9999.000,9999.000,9999.000,9999.000,9999.000,9999.000,9999.000
202603241136,   3.916,   4.329,9999.000,9999.000,9999.000,9999.000,9999.000,9999.000,9999.000
202603241142,   3.816,   4.208,9999.000,9999.000,9999.000,9999.000,9999.000,9999.000,9999.000
202603241148,   3.713,   4.099,9999.000,9999.000,9999.000,9999.000,9999.000,9999.000,9999.000
202603241154,   3.609,   3.998,9999.000,9999.000,9999.000,9999.000,9999.000,9999.000,9999.000
202603241200,   3.502,   3.880,   0.300,   0.078,   3.880,   0.300,   3.880,   0.300,   3.880
202603241206,   3.394,   3.768,9999.000,9999.000,9999.000,9999.000,9999.000,9999.000,9999.000
202603241212,   3.285,   3.749,9999.000,9999.000,9999.000,9999.000,9999.000,9999.000,9999.000
202603241218,   3.175,   3.650,9999.000,9999.000,9999.000,9999.000,9999.000,9999.000,9999.000
202603241224,   3.063,   3.480,9999.000,9999.000,9999.000,9999.000,9999.000,9999.000,9999.000
202603241230,   2.951,   3.388,9999.000,9999.000,9999.000,9999.000,9999.000,9999.000,9999.000
202603241236,   2.838,   3.260,9999.000,9999.000,9999.000,9999.000,9999.000,9999.000,9999.000
202603241242,   2.724,   3.178,9999.000,9999.000,9999.000,9999.000,9999.000,9999.000,9999.000
202603241248,   2.610,   3.017,9999.000,9999.000,9999.000,9999.000,9999.000,9999.000,9999.000
202603241254,   2.496,   2.919,9999.000,9999.000,9999.000,9999.000,9999.000,9999.000,9999.000
202603241300,   2.383,   2.820,   0.300,   0.137,   2.820,   0.300,   2.820,   0.400,   2.920
202603241306,   2.269,   2.738,9999.000,9999.000,9999.000,9999.000,9999.000,9999.000,9999.000
202603241312,   2.156,   2.640,9999.000,9999.000,9999.000,9999.000,9999.000,9999.000,9999.000
202603241318,   2.043,   2.479,9999.000,9999.000,9999.000,9999.000,9999.000,9999.000,9999.000
202603241324,   1.932,   2.338,9999.000,9999.000,9999.000,9999.000,9999.000,9999.000,9999.000
202603241330,   1.821,   2.220,9999.000,9999.000,9999.000,9999.000,9999.000,9999.000,9999.000
202603241336,   1.712,   2.138,9999.000,9999.000,9999.000,9999.000,9999.000,9999.000,9999.000
202603241342,   1.604,   2.040,9999.000,9999.000,9999.000,9999.000,9999.000,9999.000,9999.000
202603241348,   1.497,   1.938,9999.000,9999.000,9999.000,9999.000,9999.000,9999.000,9999.000
202603241354,   1.393,   1.820,9999.000,9999.000,9999.000,9999.000,9999.000,9999.000,9999.000
202603241400,   1.290,   1.699,   0.300,   0.109,   1.699,   0.300,   1.699,   0.400,   1.799
202603241406,   1.190,   1.590,9999.000,9999.000,9999.000,9999.000,9999.000,9999.000,9999.000
202603241412,   1.091,   1.498,9999.000,9999.000,9999.000,9999.000,9999.000,9999.000,9999.000
202603241418,   0.995,   1.439,9999.000,9999.000,9999.000,9999.000,9999.000,9999.000,9999.000
202603241424,   0.902,   1.348,9999.000,9999.000,9999.000,9999.000,9999.000,9999.000,9999.000
202603241430,   0.812,   1.170,9999.000,9999.000,9999.000,9999.000,9999.000,9999.000,9999.000
202603241436,   0.724,   1.088,9999.000,9999.000,9999.000,9999.000,9999.000,9999.000,9999.000
202603241442,   0.639,   1.049,9999.000,9999.000,9999.000,9999.000,9999.000,9999.000,9999.000
202603241448,   0.558,   1.079,9999.000,9999.000,9999.000,9999.000,9999.000,9999.000,9999.000
202603241454,   0.479,   0.970,9999.000,9999.000,9999.000,9999.000,9999.000,9999.000,9999.000
202603241500,   0.404,   0.859,   0.200,   0.255,   0.859,   0.200,   0.859,   0.300,   0.959
202603241506,   0.332,   0.829,9999.000,9999.000,9999.000,9999.000,9999.000,9999.000,9999.000
202603241512,   0.264,   0.770,9999.000,9999.000,9999.000,9999.000,9999.000,9999.000,9999.000
202603241518,   0.199,   0.639,9999.000,9999.000,9999.000,9999.000,9999.000,9999.000,9999.000
202603241524,   0.138,   0.551,9999.000,9999.000,9999.000,9999.000,9999.000,9999.000,9999.000
202603241530,   0.081,   0.488,9999.000,9999.000,9999.000,9999.000,9999.000,9999.000,9999.000
202603241536,   0.027,   0.478,9999.000,9999.000,9999.000,9999.000,9999.000,9999.000,9999.000
202603241542,  -0.021,   0.439,9999.000,9999.000,9999.000,9999.000,9999.000,9999.000,9999.000
202603241548,  -0.067,   0.360,9999.000,9999.000,9999.000,9999.000,9999.000,9999.000,9999.000
202603241554,  -0.109,   0.370,9999.000,9999.000,9999.000,9999.000,9999.000,9999.000,9999.000
202603241600,  -0.148,   0.380,   0.300,   0.228,   0.380,   0.200,   0.280,   0.300,   0.380
202603241606,  -0.182,   0.331,9999.000,9999.000,9999.000,9999.000,9999.000,9999.000,9999.000
202603241612,  -0.212,   0.308,9999.000,9999.000,9999.000,9999.000,9999.000,9999.000,9999.000
202603241618,  -0.238,   0.249,9999.000,9999.000,9999.000,9999.000,9999.000,9999.000,9999.000
202603241624,  -0.261,   0.150,9999.000,9999.000,9999.000,9999.000,9999.000,9999.000,9999.000
202603241630,  -0.279,   0.170,9999.000,9999.000,9999.000,9999.000,9999.000,9999.000,9999.000
202603241636,  -0.293,   0.141,9999.000,9999.000,9999.000,9999.000,9999.000,9999.000,9999.000
202603241642,  -0.304,   0.190,9999.000,9999.000,9999.000,9999.000,9999.000,9999.000,9999.000
202603241648,  -0.310,   0.259,9999.000,9999.000,9999.000,9999.000,9999.000,9999.000,9999.000
202603241654,  -0.313,   0.259,9999.000,9999.000,9999.000,9999.000,9999.000,9999.000,9999.000
202603241700,  -0.312,   0.219,   0.400,   0.131,   0.219,   0.300,   0.119,   0.400,   0.219
202603241706,  -0.307,   0.190,9999.000,9999.000,9999.000,9999.000,9999.000,9999.000,9999.000
202603241712,  -0.298,   0.170,9999.000,9999.000,9999.000,9999.000,9999.000,9999.000,9999.000
202603241718,  -0.285,   0.229,9999.000,9999.000,9999.000,9999.000,9999.000,9999.000,9999.000
202603241724,  -0.269,   0.288,9999.000,9999.000,9999.000,9999.000,9999.000,9999.000,9999.000
202603241730,  -0.249,   0.229,9999.000,9999.000,9999.000,9999.000,9999.000,9999.000,9999.000
202603241736,  -0.226,   0.190,9999.000,9999.000,9999.000,9999.000,9999.000,9999.000,9999.000
202603241742,  -0.199,   0.278,9999.000,9999.000,9999.000,9999.000,9999.000,9999.000,9999.000
202603241748,  -0.168,   0.400,9999.000,9999.000,9999.000,9999.000,9999.000,9999.000,9999.000
202603241754,  -0.135,   0.478,9999.000,9999.000,9999.000,9999.000,9999.000,9999.000,9999.000
202603241800,  -0.098,   0.469,   0.300,   0.267,   0.469,   0.300,   0.469,   0.400,   0.569
202603241806,  -0.058,   0.419,9999.000,9999.000,9999.000,9999.000,9999.000,9999.000,9999.000
202603241812,  -0.015,   0.469,9999.000,9999.000,9999.000,9999.000,9999.000,9999.000,9999.000
202603241818,   0.030,   0.508,9999.000,9999.000,9999.000,9999.000,9999.000,9999.000,9999.000
202603241824,   0.079,   0.610,9999.000,9999.000,9999.000,9999.000,9999.000,9999.000,9999.000
202603241830,   0.130,   0.698,9999.000,9999.000,9999.000,9999.000,9999.000,9999.000,9999.000
202603241836,   0.184,   0.760,9999.000,9999.000,9999.000,9999.000,9999.000,9999.000,9999.000
202603241842,   0.241,   0.819,9999.000,9999.000,9999.000,9999.000,9999.000,9999.000,9999.000
202603241848,   0.299,   0.839,9999.000,9999.000,9999.000,9999.000,9999.000,9999.000,9999.000
202603241854,   0.360,   0.849,9999.000,9999.000,9999.000,9999.000,9999.000,9999.000,9999.000
202603241900,   0.422,   0.908,   0.300,   0.186,   0.908,   0.300,   0.908,   0.400,   1.008
202603241906,   0.487,   0.951,9999.000,9999.000,9999.000,9999.000,9999.000,9999.000,9999.000
202603241912,   0.553,   0.970,9999.000,9999.000,9999.000,9999.000,9999.000,9999.000,9999.000
202603241918,   0.620,   1.069,9999.000,9999.000,9999.000,9999.000,9999.000,9999.000,9999.000
202603241924,   0.689,   1.220,9999.000,9999.000,9999.000,9999.000,9999.000,9999.000,9999.000
202603241930,   0.759,   1.361,9999.000,9999.000,9999.000,9999.000,9999.000,9999.000,9999.000
202603241936,   0.829,   1.348,9999.000,9999.000,9999.000,9999.000,9999.000,9999.000,9999.000
202603241942,   0.901,   1.400,9999.000,9999.000,9999.000,9999.000,9999.000,9999.000,9999.000
202603241948,   0.973,   1.508,9999.000,9999.000,9999.000,9999.000,9999.000,9999.000,9999.000
202603241954,   1.046,   1.557,9999.000,9999.000,9999.000,9999.000,9999.000,9999.000,9999.000
202603242000,   1.118,   1.659,   0.300,   0.241,   1.659,   0.300,   1.659,   0.300,   1.659
202603242006,   1.191,   1.699,9999.000,9999.000,9999.000,9999.000,9999.000,9999.000,9999.000
202603242012,   1.264,   1.708,9999.000,9999.000,9999.000,9999.000,9999.000,9999.000,9999.000
202603242018,   1.337,   1.758,9999.000,9999.000,9999.000,9999.000,9999.000,9999.000,9999.000
202603242024,   1.409,   1.918,9999.000,9999.000,9999.000,9999.000,9999.000,9999.000,9999.000
202603242030,   1.481,   2.030,9999.000,9999.000,9999.000,9999.000,9999.000,9999.000,9999.000
202603242036,   1.552,   2.030,9999.000,9999.000,9999.000,9999.000,9999.000,9999.000,9999.000
202603242042,   1.623,   2.059,9999.000,9999.000,9999.000,9999.000,9999.000,9999.000,9999.000
202603242048,   1.692,   2.148,9999.000,9999.000,9999.000,9999.000,9999.000,9999.000,9999.000
202603242054,   1.761,   2.191,9999.000,9999.000,9999.000,9999.000,9999.000,9999.000,9999.000
202603242100,   1.828,   2.269,   0.400,   0.041,   2.269,   0.400,   2.269,   0.500,   2.369
202603242106,   1.894,   2.368,9999.000,9999.000,9999.000,9999.000,9999.000,9999.000,9999.000
202603242112,   1.958,   2.499,9999.000,9999.000,9999.000,9999.000,9999.000,9999.000,9999.000
202603242118,   2.021,   2.548,9999.000,9999.000,9999.000,9999.000,9999.000,9999.000,9999.000
202603242124,   2.083,   2.587,9999.000,9999.000,9999.000,9999.000,9999.000,9999.000,9999.000
202603242130,   2.143,   2.630,9999.000,9999.000,9999.000,9999.000,9999.000,9999.000,9999.000
202603242136,   2.201,   2.689,9999.000,9999.000,9999.000,9999.000,9999.000,9999.000,9999.000
202603242142,   2.257,   2.748,9999.000,9999.000,9999.000,9999.000,9999.000,9999.000,9999.000
202603242148,   2.311,   2.719,9999.000,9999.000,9999.000,9999.000,9999.000,9999.000,9999.000
202603242154,   2.364,   2.758,9999.000,9999.000,9999.000,9999.000,9999.000,9999.000,9999.000
202603242200,   2.414,   2.889,   0.400,   0.075,   2.889,   0.400,   2.889,   0.400,   2.889
202603242206,   2.463,   2.988,9999.000,9999.000,9999.000,9999.000,9999.000,9999.000,9999.000
202603242212,   2.509,   2.997,9999.000,9999.000,9999.000,9999.000,9999.000,9999.000,9999.000
202603242218,   2.553,   2.997,9999.000,9999.000,9999.000,9999.000,9999.000,9999.000,9999.000
202603242224,   2.595,   3.030,9999.000,9999.000,9999.000,9999.000,9999.000,9999.000,9999.000
202603242230,   2.635,   3.099,9999.000,9999.000,9999.000,9999.000,9999.000,9999.000,9999.000
202603242236,   2.672,   3.109,9999.000,9999.000,9999.000,9999.000,9999.000,9999.000,9999.000
202603242242,   2.708,   3.119,9999.000,9999.000,9999.000,9999.000,9999.000,9999.000,9999.000
202603242248,   2.741,   3.138,9999.000,9999.000,9999.000,9999.000,9999.000,9999.000,9999.000
202603242254,   2.772,   3.230,9999.000,9999.000,9999.000,9999.000,9999.000,9999.000,9999.000
202603242300,   2.800,   3.299,   0.300,   0.199,   3.299,   0.200,   3.199,   0.300,   3.299
202603242306,   2.827,   3.289,9999.000,9999.000,9999.000,9999.000,9999.000,9999.000,9999.000
202603242312,   2.851,   3.339,9999.000,9999.000,9999.000,9999.000,9999.000,9999.000,9999.000
202603242318,   2.873,   3.378,9999.000,9999.000,9999.000,9999.000,9999.000,9999.000,9999.000
202603242324,   2.893,   3.358,9999.000,9999.000,9999.000,9999.000,9999.000,9999.000,9999.000
202603242330,   2.910,   3.329,9999.000,9999.000,9999.000,9999.000,9999.000,9999.000,9999.000
202603242336,   2.926,   3.398,9999.000,9999.000,9999.000,9999.000,9999.000,9999.000,9999.000
202603242342,   2.939,   3.440,9999.000,9999.000,9999.000,9999.000,9999.000,9999.000,9999.000
202603242348,   2.951,   3.388,9999.000,9999.000,9999.000,9999.000,9999.000,9999.000,9999.000
202603242354,   2.960,   3.378,9999.000,9999.000,9999.000,9999.000,9999.000,9999.000,9999.000
202603250000,   2.968,   3.378,   0.400,   0.010,   3.378,   0.300,   3.278,   0.400,   3.378
202603250006,   2.973,   3.460,9999.000,9999.000,9999.000,9999.000,9999.000,9999.000,9999.000
202603250012,   2.977,   3.417,9999.000,9999.000,9999.000,9999.000,9999.000,9999.000,9999.000
202603250018,   2.979,   3.407,9999.000,9999.000,9999.000,9999.000,9999.000,9999.000,9999.000
202603250024,   2.980,   3.460,9999.000,9999.000,9999.000,9999.000,9999.000,9999.000,9999.000
202603250030,   2.979,   3.529,9999.000,9999.000,9999.000,9999.000,9999.000,9999.000,9999.000
202603250036,   2.977,   3.509,9999.000,9999.000,9999.000,9999.000,9999.000,9999.000,9999.000
202603250042,   2.973,   3.450,9999.000,9999.000,9999.000,9999.000,9999.000,9999.000,9999.000
202603250048,   2.968,   3.470,9999.000,9999.000,9999.000,9999.000,9999.000,9999.000,9999.000
202603250054,   2.962,   3.470,9999.000,9999.000,9999.000,9999.000,9999.000,9999.000,9999.000
202603250100,   2.955,   3.427,   0.400,   0.072,   3.427,   0.300,   3.327,   0.400,   3.427
202603250106,   2.947,   3.398,9999.000,9999.000,9999.000,9999.000,9999.000,9999.000,9999.000
202603250112,   2.939,   3.450,9999.000,9999.000,9999.000,9999.000,9999.000,9999.000,9999.000
202603250118,   2.929,   3.407,9999.000,9999.000,9999.000,9999.000,9999.000,9999.000,9999.000
202603250124,   2.920,   3.407,9999.000,9999.000,9999.000,9999.000,9999.000,9999.000,9999.000
202603250130,   2.909,   3.427,9999.000,9999.000,9999.000,9999.000,9999.000,9999.000,9999.000
202603250136,   2.899,   3.417,9999.000,9999.000,9999.000,9999.000,9999.000,9999.000,9999.000
202603250142,   2.888,   3.440,9999.000,9999.000,9999.000,9999.000,9999.000,9999.000,9999.000
202603250148,   2.877,   3.470,9999.000,9999.000,9999.000,9999.000,9999.000,9999.000,9999.000
202603250154,   2.867,   3.407,9999.000,9999.000,9999.000,9999.000,9999.000,9999.000,9999.000
202603250200,   2.856,   3.339,   0.400,   0.083,   3.339,   0.300,   3.239,   0.400,   3.339
202603250206,   2.846,   3.398,9999.000,9999.000,9999.000,9999.000,9999.000,9999.000,9999.000
202603250212,   2.836,   3.388,9999.000,9999.000,9999.000,9999.000,9999.000,9999.000,9999.000
202603250218,   2.827,   3.348,9999.000,9999.000,9999.000,9999.000,9999.000,9999.000,9999.000
202603250224,   2.819,   3.289,9999.000,9999.000,9999.000,9999.000,9999.000,9999.000,9999.000
202603250230,   2.811,   3.309,9999.000,9999.000,9999.000,9999.000,9999.000,9999.000,9999.000
202603250236,   2.804,   3.319,9999.000,9999.000,9999.000,9999.000,9999.000,9999.000,9999.000
202603250242,   2.798,   3.329,9999.000,9999.000,9999.000,9999.000,9999.000,9999.000,9999.000
202603250248,   2.793,   3.427,9999.000,9999.000,9999.000,9999.000,9999.000,9999.000,9999.000
202603250254,   2.790,   3.358,9999.000,9999.000,9999.000,9999.000,9999.000,9999.000,9999.000
202603250300,   2.787,   3.319,   0.200,   0.332,   3.319,   0.200,   3.319,   0.300,   3.419
202603250306,   2.786,   3.398,9999.000,9999.000,9999.000,9999.000,9999.000,9999.000,9999.000
202603250312,   2.786,   3.348,9999.000,9999.000,9999.000,9999.000,9999.000,9999.000,9999.000
202603250318,   2.788,   3.339,9999.000,9999.000,9999.000,9999.000,9999.000,9999.000,9999.000
202603250324,   2.791,   3.319,9999.000,9999.000,9999.000,9999.000,9999.000,9999.000,9999.000
202603250330,   2.795,   3.348,9999.000,9999.000,9999.000,9999.000,9999.000,9999.000,9999.000
202603250336,   2.801,   3.378,9999.000,9999.000,9999.000,9999.000,9999.000,9999.000,9999.000
202603250342,   2.809,   3.358,9999.000,9999.000,9999.000,9999.000,9999.000,9999.000,9999.000
202603250348,   2.818,   3.378,9999.000,9999.000,9999.000,9999.000,9999.000,9999.000,9999.000
202603250354,   2.829,   3.358,9999.000,9999.000,9999.000,9999.000,9999.000,9999.000,9999.000
202603250400,   2.842,   3.388,   0.300,   0.246,   3.388,   0.300,   3.388,   0.400,   3.488
202603250406,   2.857,   3.427,9999.000,9999.000,9999.000,9999.000,9999.000,9999.000,9999.000
202603250412,   2.873,   3.378,9999.000,9999.000,9999.000,9999.000,9999.000,9999.000,9999.000
202603250418,   2.891,   3.440,9999.000,9999.000,9999.000,9999.000,9999.000,9999.000,9999.000
202603250424,   2.911,   3.470,9999.000,9999.000,9999.000,9999.000,9999.000,9999.000,9999.000
202603250430,   2.933,   3.440,9999.000,9999.000,9999.000,9999.000,9999.000,9999.000,9999.000
202603250436,   2.957,   3.470,9999.000,9999.000,9999.000,9999.000,9999.000,9999.000,9999.000
202603250442,   2.982,   3.558,9999.000,9999.000,9999.000,9999.000,9999.000,9999.000,9999.000
202603250448,   3.010,   3.598,9999.000,9999.000,9999.000,9999.000,9999.000,9999.000,9999.000
202603250454,   3.039,   3.588,9999.000,9999.000,9999.000,9999.000,9999.000,9999.000,9999.000
202603250500,   3.070,   3.637,   0.400,   0.167,   3.637,   0.300,   3.537,   0.400,   3.637
202603250506,   3.102,   3.650,9999.000,9999.000,9999.000,9999.000,9999.000,9999.000,9999.000
202603250512,   3.137,   3.699,9999.000,9999.000,9999.000,9999.000,9999.000,9999.000,9999.000
202603250518,   3.173,   3.749,9999.000,9999.000,9999.000,9999.000,9999.000,9999.000,9999.000
202603250524,   3.211,   3.808,9999.000,9999.000,9999.000,9999.000,9999.000,9999.000,9999.000
202603250530,   3.251,   3.817,9999.000,9999.000,9999.000,9999.000,9999.000,9999.000,9999.000
202603250536,   3.292,   3.808,9999.000,9999.000,9999.000,9999.000,9999.000,9999.000,9999.000
202603250542,   3.335,   3.827,9999.000,9999.000,9999.000,9999.000,9999.000,9999.000,9999.000
202603250548,   3.380,   3.870,9999.000,9999.000,9999.000,9999.000,9999.000,9999.000,9999.000
202603250554,   3.426,   3.919,9999.000,9999.000,9999.000,9999.000,9999.000,9999.000,9999.000
202603250600,   3.473,   3.958,   0.300,   0.185,   3.958,   0.300,   3.958,   0.300,   3.958
202603250606,   3.522,   3.968,9999.000,9999.000,9999.000,9999.000,9999.000,9999.000,9999.000
202603250612,   3.571,   4.047,9999.000,9999.000,9999.000,9999.000,9999.000,9999.000,9999.000
202603250618,   3.623,   4.178,9999.000,9999.000,9999.000,9999.000,9999.000,9999.000,9999.000
202603250624,   3.675,   4.208,9999.000,9999.000,9999.000,9999.000,9999.000,9999.000,9999.000
202603250630,   3.728,   4.247,9999.000,9999.000,9999.000,9999.000,9999.000,9999.000,9999.000
202603250636,   3.782,   4.339,9999.000,9999.000,9999.000,9999.000,9999.000,9999.000,9999.000
202603250642,   3.837,   4.388,9999.000,9999.000,9999.000,9999.000,9999.000,9999.000,9999.000
202603250648,   3.892,   4.447,9999.000,9999.000,9999.000,9999.000,9999.000,9999.000,9999.000
202603250654,   3.948,   4.398,9999.000,9999.000,9999.000,9999.000,9999.000,9999.000,9999.000
202603250700,   4.004,   4.447,   0.300,   0.143,   4.447,   0.300,   4.447,   0.300,   4.447
202603250706,   4.061,   4.519,9999.000,9999.000,9999.000,9999.000,9999.000,9999.000,9999.000
202603250712,   4.117,   4.549,9999.000,9999.000,9999.000,9999.000,9999.000,9999.000,9999.000
202603250718,   4.174,   4.569,9999.000,9999.000,9999.000,9999.000,9999.000,9999.000,9999.000
202603250724,   4.230,   4.647,9999.000,9999.000,9999.000,9999.000,9999.000,9999.000,9999.000
202603250730,   4.286,   4.759,9999.000,9999.000,9999.000,9999.000,9999.000,9999.000,9999.000
202603250736,   4.342,   4.857,9999.000,9999.000,9999.000,9999.000,9999.000,9999.000,9999.000
202603250742,   4.396,   4.847,9999.000,9999.000,9999.000,9999.000,9999.000,9999.000,9999.000
202603250748,   4.450,   4.959,9999.000,9999.000,9999.000,9999.000,9999.000,9999.000,9999.000
202603250754,   4.504,   5.057,9999.000,9999.000,9999.000,9999.000,9999.000,9999.000,9999.000
202603250800,   4.555,   5.057,   0.300,   0.202,   5.057,   0.200,   4.957,   0.300,   5.057
202603250806,   4.606,   5.008,9999.000,9999.000,9999.000,9999.000,9999.000,9999.000,9999.000
202603250812,   4.655,   5.047,9999.000,9999.000,9999.000,9999.000,9999.000,9999.000,9999.000
202603250818,   4.703,   5.120,9999.000,9999.000,9999.000,9999.000,9999.000,9999.000,9999.000
202603250824,   4.749,   5.188,9999.000,9999.000,9999.000,9999.000,9999.000,9999.000,9999.000
202603250830,   4.793,   5.247,9999.000,9999.000,9999.000,9999.000,9999.000,9999.000,9999.000
202603250836,   4.835,   5.297,9999.000,9999.000,9999.000,9999.000,9999.000,9999.000,9999.000
202603250842,   4.875,   5.329,9999.000,9999.000,9999.000,9999.000,9999.000,9999.000,9999.000
202603250848,   4.913,   5.448,9999.000,9999.000,9999.000,9999.000,9999.000,9999.000,9999.000
202603250854,   4.948,   5.438,9999.000,9999.000,9999.000,9999.000,9999.000,9999.000,9999.000
202603250900,   4.981,   5.497,   0.400,   0.116,   5.497,   0.300,   5.397,   0.400,   5.497
202603250906,   5.011,   5.530,9999.000,9999.000,9999.000,9999.000,9999.000,9999.000,9999.000
202603250912,   5.038,   5.549,9999.000,9999.000,9999.000,9999.000,9999.000,9999.000,9999.000
202603250918,   5.063,   5.487,9999.000,9999.000,9999.000,9999.000,9999.000,9999.000,9999.000
202603250924,   5.084,   5.507,9999.000,9999.000,9999.000,9999.000,9999.000,9999.000,9999.000
202603250930,   5.103,   5.559,9999.000,9999.000,9999.000,9999.000,9999.000,9999.000,9999.000
202603250936,   5.119,   5.530,9999.000,9999.000,9999.000,9999.000,9999.000,9999.000,9999.000
202603250942,   5.131,   5.589,9999.000,9999.000,9999.000,9999.000,9999.000,9999.000,9999.000
202603250948,   5.140,   5.608,9999.000,9999.000,9999.000,9999.000,9999.000,9999.000,9999.000
202603250954,   5.146,   5.618,9999.000,9999.000,9999.000,9999.000,9999.000,9999.000,9999.000
202603251000,   5.148,   5.657,   0.300,   0.209,   5.657,   0.200,   5.557,   0.300,   5.657
202603251006,   5.147,   5.657,9999.000,9999.000,9999.000,9999.000,9999.000,9999.000,9999.000
202603251012,   5.143,   5.638,9999.000,9999.000,9999.000,9999.000,9999.000,9999.000,9999.000
202603251018,   5.135,   5.628,9999.000,9999.000,9999.000,9999.000,9999.000,9999.000,9999.000
202603251024,   5.123,   5.569,9999.000,9999.000,9999.000,9999.000,9999.000,9999.000,9999.000
202603251030,   5.108,   5.507,9999.000,9999.000,9999.000,9999.000,9999.000,9999.000,9999.000
202603251036,   5.089,   5.467,9999.000,9999.000,9999.000,9999.000,9999.000,9999.000,9999.000
202603251042,   5.067,   5.467,9999.000,9999.000,9999.000,9999.000,9999.000,9999.000,9999.000
202603251048,   5.041,   5.438,9999.000,9999.000,9999.000,9999.000,9999.000,9999.000,9999.000
202603251054,   5.012,   5.487,9999.000,9999.000,9999.000,9999.000,9999.000,9999.000,9999.000
202603251100,   4.978,   5.507,   0.300,   0.229,   5.507,   0.300,   5.507,   0.300,   5.507
202603251106,   4.941,   5.438,9999.000,9999.000,9999.000,9999.000,9999.000,9999.000,9999.000
202603251112,   4.901,   5.408,9999.000,9999.000,9999.000,9999.000,9999.000,9999.000,9999.000
202603251118,   4.857,   5.339,9999.000,9999.000,9999.000,9999.000,9999.000,9999.000,9999.000
202603251124,   4.809,   5.238,9999.000,9999.000,9999.000,9999.000,9999.000,9999.000,9999.000
202603251130,   4.758,   5.198,9999.000,9999.000,9999.000,9999.000,9999.000,9999.000,9999.000
202603251136,   4.703,   5.169,9999.000,9999.000,9999.000,9999.000,9999.000,9999.000,9999.000
202603251142,   4.645,   5.018,9999.000,9999.000,9999.000,9999.000,9999.000,9999.000,9999.000
202603251148,   4.584,   4.929,9999.000,9999.000,9999.000,9999.000,9999.000,9999.000,9999.000
202603251154,   4.519,   4.949,9999.000,9999.000,9999.000,9999.000,9999.000,9999.000,9999.000
202603251200,   4.451,   4.949,   0.300,   0.198,   4.949,   0.300,   4.949,   0.400,   5.049
202603251206,   4.380,9999.000,9999.000,9999.000,9999.000,9999.000,9999.000,9999.000,9999.000
202603251212,   4.306,9999.000,9999.000,9999.000,9999.000,9999.000,9999.000,9999.000,9999.000
202603251218,   4.229,9999.000,9999.000,9999.000,9999.000,9999.000,9999.000,9999.000,9999.000
202603251224,   4.148,9999.000,9999.000,9999.000,9999.000,9999.000,9999.000,9999.000,9999.000
202603251230,   4.066,9999.000,9999.000,9999.000,9999.000,9999.000,9999.000,9999.000,9999.000
202603251236,   3.980,9999.000,9999.000,9999.000,9999.000,9999.000,9999.000,9999.000,9999.000
202603251242,   3.892,9999.000,9999.000,9999.000,9999.000,9999.000,9999.000,9999.000,9999.000
202603251248,   3.802,9999.000,9999.000,9999.000,9999.000,9999.000,9999.000,9999.000,9999.000
202603251254,   3.709,9999.000,9999.000,9999.000,9999.000,9999.000,9999.000,9999.000,9999.000
202603251300,   3.614,9999.000,   0.300,   0.195,   4.109,   0.300,   4.109,   0.300,   4.109
202603251306,   3.518,9999.000,9999.000,9999.000,9999.000,9999.000,9999.000,9999.000,9999.000
202603251312,   3.419,9999.000,9999.000,9999.000,9999.000,9999.000,9999.000,9999.000,9999.000
202603251318,   3.319,9999.000,9999.000,9999.000,9999.000,9999.000,9999.000,9999.000,9999.000
202603251324,   3.218,9999.000,9999.000,9999.000,9999.000,9999.000,9999.000,9999.000,9999.000
202603251330,   3.115,9999.000,9999.000,9999.000,9999.000,9999.000,9999.000,9999.000,9999.000
202603251336,   3.010,9999.000,9999.000,9999.000,9999.000,9999.000,9999.000,9999.000,9999.000
202603251342,   2.905,9999.000,9999.000,9999.000,9999.000,9999.000,9999.000,9999.000,9999.000
202603251348,   2.800,9999.000,9999.000,9999.000,9999.000,9999.000,9999.000,9999.000,9999.000
202603251354,   2.693,9999.000,9999.000,9999.000,9999.000,9999.000,9999.000,9999.000,9999.000
202603251400,   2.586,9999.000,   0.300,   0.192,   3.078,   0.300,   3.078,   0.300,   3.078
202603251406,   2.479,9999.000,9999.000,9999.000,9999.000,9999.000,9999.000,9999.000,9999.000
202603251412,   2.371,9999.000,9999.000,9999.000,9999.000,9999.000,9999.000,9999.000,9999.000
202603251418,   2.264,9999.000,9999.000,9999.000,9999.000,9999.000,9999.000,9999.000,9999.000
202603251424,   2.157,9999.000,9999.000,9999.000,9999.000,9999.000,9999.000,9999.000,9999.000
202603251430,   2.050,9999.000,9999.000,9999.000,9999.000,9999.000,9999.000,9999.000,9999.000
202603251436,   1.944,9999.000,9999.000,9999.000,9999.000,9999.000,9999.000,9999.000,9999.000
202603251442,   1.838,9999.000,9999.000,9999.000,9999.000,9999.000,9999.000,9999.000,9999.000
202603251448,   1.733,9999.000,9999.000,9999.000,9999.000,9999.000,9999.000,9999.000,9999.000
202603251454,   1.630,9999.000,9999.000,9999.000,9999.000,9999.000,9999.000,9999.000,9999.000
202603251500,   1.527,9999.000,   0.200,   0.189,   1.916,   0.200,   1.916,   0.200,   1.916
202603251506,   1.426,9999.000,9999.000,9999.000,9999.000,9999.000,9999.000,9999.000,9999.000
202603251512,   1.326,9999.000,9999.000,9999.000,9999.000,9999.000,9999.000,9999.000,9999.000
202603251518,   1.228,9999.000,9999.000,9999.000,9999.000,9999.000,9999.000,9999.000,9999.000
202603251524,   1.132,9999.000,9999.000,9999.000,9999.000,9999.000,9999.000,9999.000,9999.000
202603251530,   1.037,9999.000,9999.000,9999.000,9999.000,9999.000,9999.000,9999.000,9999.000
202603251536,   0.944,9999.000,9999.000,9999.000,9999.000,9999.000,9999.000,9999.000,9999.000
202603251542,   0.854,9999.000,9999.000,9999.000,9999.000,9999.000,9999.000,9999.000,9999.000
202603251548,   0.766,9999.000,9999.000,9999.000,9999.000,9999.000,9999.000,9999.000,9999.000
202603251554,   0.680,9999.000,9999.000,9999.000,9999.000,9999.000,9999.000,9999.000,9999.000
202603251600,   0.597,9999.000,   0.300,   0.186,   1.083,   0.300,   1.083,   0.300,   1.083
202603251606,   0.516,9999.000,9999.000,9999.000,9999.000,9999.000,9999.000,9999.000,9999.000
202603251612,   0.438,9999.000,9999.000,9999.000,9999.000,9999.000,9999.000,9999.000,9999.000
202603251618,   0.363,9999.000,9999.000,9999.000,9999.000,9999.000,9999.000,9999.000,9999.000
202603251624,   0.290,9999.000,9999.000,9999.000,9999.000,9999.000,9999.000,9999.000,9999.000
202603251630,   0.221,9999.000,9999.000,9999.000,9999.000,9999.000,9999.000,9999.000,9999.000
202603251636,   0.155,9999.000,9999.000,9999.000,9999.000,9999.000,9999.000,9999.000,9999.000
202603251642,   0.092,9999.000,9999.000,9999.000,9999.000,9999.000,9999.000,9999.000,9999.000
202603251648,   0.033,9999.000,9999.000,9999.000,9999.000,9999.000,9999.000,9999.000,9999.000
202603251654,  -0.022,9999.000,9999.000,9999.000,9999.000,9999.000,9999.000,9999.000,9999.000
202603251700,  -0.075,9999.000,   0.300,   0.183,   0.408,   0.300,   0.408,   0.300,   0.408
202603251706,  -0.124,9999.000,9999.000,9999.000,9999.000,9999.000,9999.000,9999.000,9999.000
202603251712,  -0.169,9999.000,9999.000,9999.000,9999.000,9999.000,9999.000,9999.000,9999.000
202603251718,  -0.211,9999.000,9999.000,9999.000,9999.000,9999.000,9999.000,9999.000,9999.000
202603251724,  -0.249,9999.000,9999.000,9999.000,9999.000,9999.000,9999.000,9999.000,9999.000
202603251730,  -0.283,9999.000,9999.000,9999.000,9999.000,9999.000,9999.000,9999.000,9999.000
202603251736,  -0.313,9999.000,9999.000,9999.000,9999.000,9999.000,9999.000,9999.000,9999.000
202603251742,  -0.339,9999.000,9999.000,9999.000,9999.000,9999.000,9999.000,9999.000,9999.000
202603251748,  -0.361,9999.000,9999.000,9999.000,9999.000,9999.000,9999.000,9999.000,9999.000
202603251754,  -0.379,9999.000,9999.000,9999.000,9999.000,9999.000,9999.000,9999.000,9999.000
202603251800,  -0.394,9999.000,   0.200,   0.179,  -0.015,   0.200,  -0.015,   0.200,  -0.015
202603251806,  -0.404,9999.000,9999.000,9999.000,9999.000,9999.000,9999.000,9999.000,9999.000
202603251812,  -0.410,9999.000,9999.000,9999.000,9999.000,9999.000,9999.000,9999.000,9999.000
202603251818,  -0.412,9999.000,9999.000,9999.000,9999.000,9999.000,9999.000,9999.000,9999.000
202603251824,  -0.410,9999.000,9999.000,9999.000,9999.000,9999.000,9999.000,9999.000,9999.000
202603251830,  -0.404,9999.000,9999.000,9999.000,9999.000,9999.000,9999.000,9999.000,9999.000
202603251836,  -0.394,9999.000,9999.000,9999.000,9999.000,9999.000,9999.000,9999.000,9999.000
202603251842,  -0.381,9999.000,9999.000,9999.000,9999.000,9999.000,9999.000,9999.000,9999.000
202603251848,  -0.363,9999.000,9999.000,9999.000,9999.000,9999.000,9999.000,9999.000,9999.000
202603251854,  -0.342,9999.000,9999.000,9999.000,9999.000,9999.000,9999.000,9999.000,9999.000
202603251900,  -0.317,9999.000,   0.300,   0.176,   0.159,   0.200,   0.059,   0.300,   0.159
202603251906,  -0.288,9999.000,9999.000,9999.000,9999.000,9999.000,9999.000,9999.000,9999.000
202603251912,  -0.256,9999.000,9999.000,9999.000,9999.000,9999.000,9999.000,9999.000,9999.000
202603251918,  -0.220,9999.000,9999.000,9999.000,9999.000,9999.000,9999.000,9999.000,9999.000
202603251924,  -0.181,9999.000,9999.000,9999.000,9999.000,9999.000,9999.000,9999.000,9999.000
202603251930,  -0.138,9999.000,9999.000,9999.000,9999.000,9999.000,9999.000,9999.000,9999.000
202603251936,  -0.093,9999.000,9999.000,9999.000,9999.000,9999.000,9999.000,9999.000,9999.000
202603251942,  -0.044,9999.000,9999.000,9999.000,9999.000,9999.000,9999.000,9999.000,9999.000
202603251948,   0.006,9999.000,9999.000,9999.000,9999.000,9999.000,9999.000,9999.000,9999.000
202603251954,   0.060,9999.000,9999.000,9999.000,9999.000,9999.000,9999.000,9999.000,9999.000
202603252000,   0.117,9999.000,   0.300,   0.173,   0.590,   0.200,   0.490,   0.300,   0.590
202603252006,   0.176,9999.000,9999.000,9999.000,9999.000,9999.000,9999.000,9999.000,9999.000
202603252012,   0.237,9999.000,9999.000,9999.000,9999.000,9999.000,9999.000,9999.000,9999.000
202603252018,   0.301,9999.000,9999.000,9999.000,9999.000,9999.000,9999.000,9999.000,9999.000
202603252024,   0.366,9999.000,9999.000,9999.000,9999.000,9999.000,9999.000,9999.000,9999.000
202603252030,   0.434,9999.000,9999.000,9999.000,9999.000,9999.000,9999.000,9999.000,9999.000
202603252036,   0.503,9999.000,9999.000,9999.000,9999.000,9999.000,9999.000,9999.000,9999.000
202603252042,   0.574,9999.000,9999.000,9999.000,9999.000,9999.000,9999.000,9999.000,9999.000
202603252048,   0.646,9999.000,9999.000,9999.000,9999.000,9999.000,9999.000,9999.000,9999.000
202603252054,   0.720,9999.000,9999.000,9999.000,9999.000,9999.000,9999.000,9999.000,9999.000
202603252100,   0.794,9999.000,   0.400,   0.170,   1.364,   0.400,   1.364,   0.400,   1.364
202603252106,   0.870,9999.000,9999.000,9999.000,9999.000,9999.000,9999.000,9999.000,9999.000
202603252112,   0.946,9999.000,9999.000,9999.000,9999.000,9999.000,9999.000,9999.000,9999.000
202603252118,   1.023,9999.000,9999.000,9999.000,9999.000,9999.000,9999.000,9999.000,9999.000
202603252124,   1.100,9999.000,9999.000,9999.000,9999.000,9999.000,9999.000,9999.000,9999.000
202603252130,   1.178,9999.000,9999.000,9999.000,9999.000,9999.000,9999.000,9999.000,9999.000
202603252136,   1.256,9999.000,9999.000,9999.000,9999.000,9999.000,9999.000,9999.000,9999.000
202603252142,   1.334,9999.000,9999.000,9999.000,9999.000,9999.000,9999.000,9999.000,9999.000
202603252148,   1.412,9999.000,9999.000,9999.000,9999.000,9999.000,9999.000,9999.000,9999.000
202603252154,   1.489,9999.000,9999.000,9999.000,9999.000,9999.000,9999.000,9999.000,9999.000
202603252200,   1.567,9999.000,   0.300,   0.167,   2.034,   0.300,   2.034,   0.300,   2.034
202603252206,   1.643,9999.000,9999.000,9999.000,9999.000,9999.000,9999.000,9999.000,9999.000
202603252212,   1.720,9999.000,9999.000,9999.000,9999.000,9999.000,9999.000,9999.000,9999.000
202603252218,   1.795,9999.000,9999.000,9999.000,9999.000,9999.000,9999.000,9999.000,9999.000
202603252224,   1.869,9999.000,9999.000,9999.000,9999.000,9999.000,9999.000,9999.000,9999.000
202603252230,   1.943,9999.000,9999.000,9999.000,9999.000,9999.000,9999.000,9999.000,9999.000
202603252236,   2.015,9999.000,9999.000,9999.000,9999.000,9999.000,9999.000,9999.000,9999.000
202603252242,   2.086,9999.000,9999.000,9999.000,9999.000,9999.000,9999.000,9999.000,9999.000
202603252248,   2.155,9999.000,9999.000,9999.000,9999.000,9999.000,9999.000,9999.000,9999.000
202603252254,   2.223,9999.000,9999.000,9999.000,9999.000,9999.000,9999.000,9999.000,9999.000
202603252300,   2.289,9999.000,   0.300,   0.164,   2.753,   0.300,   2.753,   0.300,   2.753
202603252306,   2.354,9999.000,9999.000,9999.000,9999.000,9999.000,9999.000,9999.000,9999.000
202603252312,   2.417,9999.000,9999.000,9999.000,9999.000,9999.000,9999.000,9999.000,9999.000
202603252318,   2.477,9999.000,9999.000,9999.000,9999.000,9999.000,9999.000,9999.000,9999.000
202603252324,   2.536,9999.000,9999.000,9999.000,9999.000,9999.000,9999.000,9999.000,9999.000
202603252330,   2.593,9999.000,9999.000,9999.000,9999.000,9999.000,9999.000,9999.000,9999.000
202603252336,   2.647,9999.000,9999.000,9999.000,9999.000,9999.000,9999.000,9999.000,9999.000
202603252342,   2.700,9999.000,9999.000,9999.000,9999.000,9999.000,9999.000,9999.000,9999.000
202603252348,   2.749,9999.000,9999.000,9999.000,9999.000,9999.000,9999.000,9999.000,9999.000
202603252354,   2.797,9999.000,9999.000,9999.000,9999.000,9999.000,9999.000,9999.000,9999.000
202603260000,   2.842,9999.000,   0.400,   0.161,   3.403,   0.300,   3.303,   0.400,   3.403
202603260006,   2.885,9999.000,9999.000,9999.000,9999.000,9999.000,9999.000,9999.000,9999.000
202603260012,   2.925,9999.000,9999.000,9999.000,9999.000,9999.000,9999.000,9999.000,9999.000
202603260018,   2.963,9999.000,9999.000,9999.000,9999.000,9999.000,9999.000,9999.000,9999.000
202603260024,   2.999,9999.000,9999.000,9999.000,9999.000,9999.000,9999.000,9999.000,9999.000
202603260030,   3.031,9999.000,9999.000,9999.000,9999.000,9999.000,9999.000,9999.000,9999.000
202603260036,   3.062,9999.000,9999.000,9999.000,9999.000,9999.000,9999.000,9999.000,9999.000
202603260042,   3.090,9999.000,9999.000,9999.000,9999.000,9999.000,9999.000,9999.000,9999.000
202603260048,   3.115,9999.000,9999.000,9999.000,9999.000,9999.000,9999.000,9999.000,9999.000
202603260054,   3.138,9999.000,9999.000,9999.000,9999.000,9999.000,9999.000,9999.000,9999.000
202603260100,   3.159,9999.000,   0.300,   0.161,   3.620,   0.300,   3.620,   0.400,   3.720
202603260106,   3.177,9999.000,9999.000,9999.000,9999.000,9999.000,9999.000,9999.000,9999.000
202603260112,   3.193,9999.000,9999.000,9999.000,9999.000,9999.000,9999.000,9999.000,9999.000
202603260118,   3.207,9999.000,9999.000,9999.000,9999.000,9999.000,9999.000,9999.000,9999.000
202603260124,   3.219,9999.000,9999.000,9999.000,9999.000,9999.000,9999.000,9999.000,9999.000
202603260130,   3.228,9999.000,9999.000,9999.000,9999.000,9999.000,9999.000,9999.000,9999.000
202603260136,   3.236,9999.000,9999.000,9999.000,9999.000,9999.000,9999.000,9999.000,9999.000
202603260142,   3.241,9999.000,9999.000,9999.000,9999.000,9999.000,9999.000,9999.000,9999.000
202603260148,   3.245,9999.000,9999.000,9999.000,9999.000,9999.000,9999.000,9999.000,9999.000
202603260154,   3.247,9999.000,9999.000,9999.000,9999.000,9999.000,9999.000,9999.000,9999.000
202603260200,   3.248,9999.000,   0.400,   0.161,   3.809,   0.300,   3.709,   0.400,   3.809
202603260206,   3.246,9999.000,9999.000,9999.000,9999.000,9999.000,9999.000,9999.000,9999.000
202603260212,   3.244,9999.000,9999.000,9999.000,9999.000,9999.000,9999.000,9999.000,9999.000
202603260218,   3.240,9999.000,9999.000,9999.000,9999.000,9999.000,9999.000,9999.000,9999.000
202603260224,   3.234,9999.000,9999.000,9999.000,9999.000,9999.000,9999.000,9999.000,9999.000
202603260230,   3.228,9999.000,9999.000,9999.000,9999.000,9999.000,9999.000,9999.000,9999.000
202603260236,   3.220,9999.000,9999.000,9999.000,9999.000,9999.000,9999.000,9999.000,9999.000
202603260242,   3.212,9999.000,9999.000,9999.000,9999.000,9999.000,9999.000,9999.000,9999.000
202603260248,   3.202,9999.000,9999.000,9999.000,9999.000,9999.000,9999.000,9999.000,9999.000
202603260254,   3.192,9999.000,9999.000,9999.000,9999.000,9999.000,9999.000,9999.000,9999.000
202603260300,   3.181,9999.000,   0.200,   0.161,   3.542,   0.200,   3.542,   0.300,   3.642
202603260306,   3.169,9999.000,9999.000,9999.000,9999.000,9999.000,9999.000,9999.000,9999.000
202603260312,   3.158,9999.000,9999.000,9999.000,9999.000,9999.000,9999.000,9999.000,9999.000
202603260318,   3.145,9999.000,9999.000,9999.000,9999.000,9999.000,9999.000,9999.000,9999.000
202603260324,   3.133,9999.000,9999.000,9999.000,9999.000,9999.000,9999.000,9999.000,9999.000
202603260330,   3.120,9999.000,9999.000,9999.000,9999.000,9999.000,9999.000,9999.000,9999.000
202603260336,   3.107,9999.000,9999.000,9999.000,9999.000,9999.000,9999.000,9999.000,9999.000
202603260342,   3.094,9999.000,9999.000,9999.000,9999.000,9999.000,9999.000,9999.000,9999.000
202603260348,   3.082,9999.000,9999.000,9999.000,9999.000,9999.000,9999.000,9999.000,9999.000
202603260354,   3.069,9999.000,9999.000,9999.000,9999.000,9999.000,9999.000,9999.000,9999.000
202603260400,   3.057,9999.000,   0.300,   0.161,   3.518,   0.300,   3.518,   0.400,   3.618
202603260406,   3.045,9999.000,9999.000,9999.000,9999.000,9999.000,9999.000,9999.000,9999.000
202603260412,   3.034,9999.000,9999.000,9999.000,9999.000,9999.000,9999.000,9999.000,9999.000
202603260418,   3.023,9999.000,9999.000,9999.000,9999.000,9999.000,9999.000,9999.000,9999.000
202603260424,   3.014,9999.000,9999.000,9999.000,9999.000,9999.000,9999.000,9999.000,9999.000
202603260430,   3.005,9999.000,9999.000,9999.000,9999.000,9999.000,9999.000,9999.000,9999.000
202603260436,   2.996,9999.000,9999.000,9999.000,9999.000,9999.000,9999.000,9999.000,9999.000
202603260442,   2.989,9999.000,9999.000,9999.000,9999.000,9999.000,9999.000,9999.000,9999.000
202603260448,   2.983,9999.000,9999.000,9999.000,9999.000,9999.000,9999.000,9999.000,9999.000
202603260454,   2.978,9999.000,9999.000,9999.000,9999.000,9999.000,9999.000,9999.000,9999.000
202603260500,   2.974,9999.000,   0.300,   0.161,   3.435,   0.300,   3.435,   0.400,   3.535
202603260506,   2.972,9999.000,9999.000,9999.000,9999.000,9999.000,9999.000,9999.000,9999.000
202603260512,   2.971,9999.000,9999.000,9999.000,9999.000,9999.000,9999.000,9999.000,9999.000
202603260518,   2.972,9999.000,9999.000,9999.000,9999.000,9999.000,9999.000,9999.000,9999.000
202603260524,   2.974,9999.000,9999.000,9999.000,9999.000,9999.000,9999.000,9999.000,9999.000
202603260530,   2.978,9999.000,9999.000,9999.000,9999.000,9999.000,9999.000,9999.000,9999.000
202603260536,   2.983,9999.000,9999.000,9999.000,9999.000,9999.000,9999.000,9999.000,9999.000
202603260542,   2.991,9999.000,9999.000,9999.000,9999.000,9999.000,9999.000,9999.000,9999.000
202603260548,   3.000,9999.000,9999.000,9999.000,9999.000,9999.000,9999.000,9999.000,9999.000
202603260554,   3.011,9999.000,9999.000,9999.000,9999.000,9999.000,9999.000,9999.000,9999.000
202603260600,   3.024,9999.000,   0.200,   0.161,   3.385,   0.200,   3.385,   0.300,   3.485
202603260606,   3.039,9999.000,9999.000,9999.000,9999.000,9999.000,9999.000,9999.000,9999.000
202603260612,   3.056,9999.000,9999.000,9999.000,9999.000,9999.000,9999.000,9999.000,9999.000
202603260618,   3.075,9999.000,9999.000,9999.000,9999.000,9999.000,9999.000,9999.000,9999.000
202603260624,   3.096,9999.000,9999.000,9999.000,9999.000,9999.000,9999.000,9999.000,9999.000
202603260630,   3.119,9999.000,9999.000,9999.000,9999.000,9999.000,9999.000,9999.000,9999.000
202603260636,   3.143,9999.000,9999.000,9999.000,9999.000,9999.000,9999.000,9999.000,9999.000
202603260642,   3.170,9999.000,9999.000,9999.000,9999.000,9999.000,9999.000,9999.000,9999.000
202603260648,   3.199,9999.000,9999.000,9999.000,9999.000,9999.000,9999.000,9999.000,9999.000
202603260654,   3.230,9999.000,9999.000,9999.000,9999.000,9999.000,9999.000,9999.000,9999.000
202603260700,   3.263,9999.000,   0.200,   0.161,   3.624,   0.200,   3.624,   0.300,   3.724
202603260706,   3.297,9999.000,9999.000,9999.000,9999.000,9999.000,9999.000,9999.000,9999.000
202603260712,   3.334,9999.000,9999.000,9999.000,9999.000,9999.000,9999.000,9999.000,9999.000
202603260718,   3.372,9999.000,9999.000,9999.000,9999.000,9999.000,9999.000,9999.000,9999.000
202603260724,   3.411,9999.000,9999.000,9999.000,9999.000,9999.000,9999.000,9999.000,9999.000
202603260730,   3.452,9999.000,9999.000,9999.000,9999.000,9999.000,9999.000,9999.000,9999.000
202603260736,   3.495,9999.000,9999.000,9999.000,9999.000,9999.000,9999.000,9999.000,9999.000
202603260742,   3.539,9999.000,9999.000,9999.000,9999.000,9999.000,9999.000,9999.000,9999.000
202603260748,   3.584,9999.000,9999.000,9999.000,9999.000,9999.000,9999.000,9999.000,9999.000
202603260754,   3.631,9999.000,9999.000,9999.000,9999.000,9999.000,9999.000,9999.000,9999.000
202603260800,   3.678,9999.000,   0.200,   0.161,   4.039,   0.200,   4.039,   0.300,   4.139
202603260806,   3.726,9999.000,9999.000,9999.000,9999.000,9999.000,9999.000,9999.000,9999.000
202603260812,   3.776,9999.000,9999.000,9999.000,9999.000,9999.000,9999.000,9999.000,9999.000
202603260818,   3.825,9999.000,9999.000,9999.000,9999.000,9999.000,9999.000,9999.000,9999.000
202603260824,   3.876,9999.000,9999.000,9999.000,9999.000,9999.000,9999.000,9999.000,9999.000
202603260830,   3.927,9999.000,9999.000,9999.000,9999.000,9999.000,9999.000,9999.000,9999.000
202603260836,   3.978,9999.000,9999.000,9999.000,9999.000,9999.000,9999.000,9999.000,9999.000
202603260842,   4.029,9999.000,9999.000,9999.000,9999.000,9999.000,9999.000,9999.000,9999.000
202603260848,   4.080,9999.000,9999.000,9999.000,9999.000,9999.000,9999.000,9999.000,9999.000
202603260854,   4.131,9999.000,9999.000,9999.000,9999.000,9999.000,9999.000,9999.000,9999.000
202603260900,   4.182,9999.000,   0.400,   0.161,   4.743,   0.300,   4.643,   0.400,   4.743
202603260906,   4.233,9999.000,9999.000,9999.000,9999.000,9999.000,9999.000,9999.000,9999.000
202603260912,   4.283,9999.000,9999.000,9999.000,9999.000,9999.000,9999.000,9999.000,9999.000
202603260918,   4.332,9999.000,9999.000,9999.000,9999.000,9999.000,9999.000,9999.000,9999.000
202603260924,   4.380,9999.000,9999.000,9999.000,9999.000,9999.000,9999.000,9999.000,9999.000
202603260930,   4.428,9999.000,9999.000,9999.000,9999.000,9999.000,9999.000,9999.000,9999.000
202603260936,   4.474,9999.000,9999.000,9999.000,9999.000,9999.000,9999.000,9999.000,9999.000
202603260942,   4.519,9999.000,9999.000,9999.000,9999.000,9999.000,9999.000,9999.000,9999.000
202603260948,   4.563,9999.000,9999.000,9999.000,9999.000,9999.000,9999.000,9999.000,9999.000
202603260954,   4.605,9999.000,9999.000,9999.000,9999.000,9999.000,9999.000,9999.000,9999.000
202603261000,   4.646,9999.000,   0.200,   0.161,   5.007,   0.200,   5.007,   0.300,   5.107
202603261006,   4.684,9999.000,9999.000,9999.000,9999.000,9999.000,9999.000,9999.000,9999.000
202603261012,   4.721,9999.000,9999.000,9999.000,9999.000,9999.000,9999.000,9999.000,9999.000
202603261018,   4.756,9999.000,9999.000,9999.000,9999.000,9999.000,9999.000,9999.000,9999.000
202603261024,   4.789,9999.000,9999.000,9999.000,9999.000,9999.000,9999.000,9999.000,9999.000
202603261030,   4.819,9999.000,9999.000,9999.000,9999.000,9999.000,9999.000,9999.000,9999.000
202603261036,   4.847,9999.000,9999.000,9999.000,9999.000,9999.000,9999.000,9999.000,9999.000
202603261042,   4.872,9999.000,9999.000,9999.000,9999.000,9999.000,9999.000,9999.000,9999.000
202603261048,   4.894,9999.000,9999.000,9999.000,9999.000,9999.000,9999.000,9999.000,9999.000
202603261054,   4.914,9999.000,9999.000,9999.000,9999.000,9999.000,9999.000,9999.000,9999.000
202603261100,   4.931,9999.000,   0.200,   0.161,   5.292,   0.200,   5.292,   0.200,   5.292
202603261106,   4.945,9999.000,9999.000,9999.000,9999.000,9999.000,9999.000,9999.000,9999.000
202603261112,   4.955,9999.000,9999.000,9999.000,9999.000,9999.000,9999.000,9999.000,9999.000
202603261118,   4.963,9999.000,9999.000,9999.000,9999.000,9999.000,9999.000,9999.000,9999.000
202603261124,   4.967,9999.000,9999.000,9999.000,9999.000,9999.000,9999.000,9999.000,9999.000
202603261130,   4.967,9999.000,9999.000,9999.000,9999.000,9999.000,9999.000,9999.000,9999.000
202603261136,   4.965,9999.000,9999.000,9999.000,9999.000,9999.000,9999.000,9999.000,9999.000
202603261142,   4.958,9999.000,9999.000,9999.000,9999.000,9999.000,9999.000,9999.000,9999.000
202603261148,   4.949,9999.000,9999.000,9999.000,9999.000,9999.000,9999.000,9999.000,9999.000
202603261154,   4.935,9999.000,9999.000,9999.000,9999.000,9999.000,9999.000,9999.000,9999.000
202603261200,   4.918,9999.000,   0.300,   0.161,   5.379,   0.300,   5.379,   0.400,   5.479
202603261206,   4.897,9999.000,9999.000,9999.000,9999.000,9999.000,9999.000,9999.000,9999.000
202603261212,   4.872,9999.000,9999.000,9999.000,9999.000,9999.000,9999.000,9999.000,9999.000
202603261218,   4.844,9999.000,9999.000,9999.000,9999.000,9999.000,9999.000,9999.000,9999.000
202603261224,   4.811,9999.000,9999.000,9999.000,9999.000,9999.000,9999.000,9999.000,9999.000
202603261230,   4.775,9999.000,9999.000,9999.000,9999.000,9999.000,9999.000,9999.000,9999.000
202603261236,   4.736,9999.000,9999.000,9999.000,9999.000,9999.000,9999.000,9999.000,9999.000
202603261242,   4.692,9999.000,9999.000,9999.000,9999.000,9999.000,9999.000,9999.000,9999.000
202603261248,   4.645,9999.000,9999.000,9999.000,9999.000,9999.000,9999.000,9999.000,9999.000
202603261254,   4.594,9999.000,9999.000,9999.000,9999.000,9999.000,9999.000,9999.000,9999.000
202603261300,   4.540,9999.000,   0.300,   0.161,   5.001,   0.200,   4.901,   0.300,   5.001
202603261306,   4.482,9999.000,9999.000,9999.000,9999.000,9999.000,9999.000,9999.000,9999.000
202603261312,   4.420,9999.000,9999.000,9999.000,9999.000,9999.000,9999.000,9999.000,9999.000
202603261318,   4.355,9999.000,9999.000,9999.000,9999.000,9999.000,9999.000,9999.000,9999.000
202603261324,   4.287,9999.000,9999.000,9999.000,9999.000,9999.000,9999.000,9999.000,9999.000
202603261330,   4.216,9999.000,9999.000,9999.000,9999.000,9999.000,9999.000,9999.000,9999.000
202603261336,   4.141,9999.000,9999.000,9999.000,9999.000,9999.000,9999.000,9999.000,9999.000
202603261342,   4.064,9999.000,9999.000,9999.000,9999.000,9999.000,9999.000,9999.000,9999.000
202603261348,   3.984,9999.000,9999.000,9999.000,9999.000,9999.000,9999.000,9999.000,9999.000
202603261354,   3.900,9999.000,9999.000,9999.000,9999.000,9999.000,9999.000,9999.000,9999.000
202603261400,   3.815,9999.000,   0.300,   0.161,   4.276,   0.300,   4.276,   0.300,   4.276
202603261406,   3.726,9999.000,9999.000,9999.000,9999.000,9999.000,9999.000,9999.000,9999.000
202603261412,   3.635,9999.000,9999.000,9999.000,9999.000,9999.000,9999.000,9999.000,9999.000
202603261418,   3.542,9999.000,9999.000,9999.000,9999.000,9999.000,9999.000,9999.000,9999.000
202603261424,   3.447,9999.000,9999.000,9999.000,9999.000,9999.000,9999.000,9999.000,9999.000
202603261430,   3.350,9999.000,9999.000,9999.000,9999.000,9999.000,9999.000,9999.000,9999.000
202603261436,   3.251,9999.000,9999.000,9999.000,9999.000,9999.000,9999.000,9999.000,9999.000
202603261442,   3.150,9999.000,9999.000,9999.000,9999.000,9999.000,9999.000,9999.000,9999.000
202603261448,   3.048,9999.000,9999.000,9999.000,9999.000,9999.000,9999.000,9999.000,9999.000
202603261454,   2.944,9999.000,9999.000,9999.000,9999.000,9999.000,9999.000,9999.000,9999.000
202603261500,   2.840,9999.000,   0.100,   0.161,   3.101,   0.100,   3.101,   0.200,   3.201
202603261506,   2.734,9999.000,9999.000,9999.000,9999.000,9999.000,9999.000,9999.000,9999.000
202603261512,   2.627,9999.000,9999.000,9999.000,9999.000,9999.000,9999.000,9999.000,9999.000
202603261518,   2.519,9999.000,9999.000,9999.000,9999.000,9999.000,9999.000,9999.000,9999.000
202603261524,   2.411,9999.000,9999.000,9999.000,9999.000,9999.000,9999.000,9999.000,9999.000
202603261530,   2.302,9999.000,9999.000,9999.000,9999.000,9999.000,9999.000,9999.000,9999.000
202603261536,   2.193,9999.000,9999.000,9999.000,9999.000,9999.000,9999.000,9999.000,9999.000
202603261542,   2.083,9999.000,9999.000,9999.000,9999.000,9999.000,9999.000,9999.000,9999.000
202603261548,   1.974,9999.000,9999.000,9999.000,9999.000,9999.000,9999.000,9999.000,9999.000
202603261554,   1.865,9999.000,9999.000,9999.000,9999.000,9999.000,9999.000,9999.000,9999.000
202603261600,   1.757,9999.000,   0.300,   0.161,   2.218,   0.200,   2.118,   0.300,   2.218
202603261606,   1.648,9999.000,9999.000,9999.000,9999.000,9999.000,9999.000,9999.000,9999.000
202603261612,   1.541,9999.000,9999.000,9999.000,9999.000,9999.000,9999.000,9999.000,9999.000
202603261618,   1.434,9999.000,9999.000,9999.000,9999.000,9999.000,9999.000,9999.000,9999.000
202603261624,   1.329,9999.000,9999.000,9999.000,9999.000,9999.000,9999.000,9999.000,9999.000
202603261630,   1.225,9999.000,9999.000,9999.000,9999.000,9999.000,9999.000,9999.000,9999.000
202603261636,   1.122,9999.000,9999.000,9999.000,9999.000,9999.000,9999.000,9999.000,9999.000
202603261642,   1.020,9999.000,9999.000,9999.000,9999.000,9999.000,9999.000,9999.000,9999.000
202603261648,   0.921,9999.000,9999.000,9999.000,9999.000,9999.000,9999.000,9999.000,9999.000
202603261654,   0.823,9999.000,9999.000,9999.000,9999.000,9999.000,9999.000,9999.000,9999.000
202603261700,   0.727,9999.000,   0.300,   0.161,   1.188,   0.300,   1.188,   0.300,   1.188
202603261706,   0.634,9999.000,9999.000,9999.000,9999.000,9999.000,9999.000,9999.000,9999.000
202603261712,   0.543,9999.000,9999.000,9999.000,9999.000,9999.000,9999.000,9999.000,9999.000
202603261718,   0.455,9999.000,9999.000,9999.000,9999.000,9999.000,9999.000,9999.000,9999.000
202603261724,   0.369,9999.000,9999.000,9999.000,9999.000,9999.000,9999.000,9999.000,9999.000
202603261730,   0.286,9999.000,9999.000,9999.000,9999.000,9999.000,9999.000,9999.000,9999.000
202603261736,   0.207,9999.000,9999.000,9999.000,9999.000,9999.000,9999.000,9999.000,9999.000
202603261742,   0.130,9999.000,9999.000,9999.000,9999.000,9999.000,9999.000,9999.000,9999.000
202603261748,   0.057,9999.000,9999.000,9999.000,9999.000,9999.000,9999.000,9999.000,9999.000
202603261754,  -0.011,9999.000,9999.000,9999.000,9999.000,9999.000,9999.000,9999.000,9999.000
202603261800,  -0.077,9999.000,   0.200,   0.161,   0.284,   0.200,   0.284,   0.300,   0.384
202603261806,  -0.139,9999.000,9999.000,9999.000,9999.000,9999.000,9999.000,9999.000,9999.000
202603261812,  -0.198,9999.000,9999.000,9999.000,9999.000,9999.000,9999.000,9999.000,9999.000
202603261818,  -0.252,9999.000,9999.000,9999.000,9999.000,9999.000,9999.000,9999.000,9999.000
202603261824,  -0.302,9999.000,9999.000,9999.000,9999.000,9999.000,9999.000,9999.000,9999.000
202603261830,  -0.348,9999.000,9999.000,9999.000,9999.000,9999.000,9999.000,9999.000,9999.000
202603261836,  -0.390,9999.000,9999.000,9999.000,9999.000,9999.000,9999.000,9999.000,9999.000
202603261842,  -0.428,9999.000,9999.000,9999.000,9999.000,9999.000,9999.000,9999.000,9999.000
202603261848,  -0.461,9999.000,9999.000,9999.000,9999.000,9999.000,9999.000,9999.000,9999.000
202603261854,  -0.489,9999.000,9999.000,9999.000,9999.000,9999.000,9999.000,9999.000,9999.000
202603261900,  -0.513,9999.000,   0.200,   0.161,  -0.152,   0.200,  -0.152,   0.300,  -0.052
202603261906,  -0.533,9999.000,9999.000,9999.000,9999.000,9999.000,9999.000,9999.000,9999.000
202603261912,  -0.548,9999.000,9999.000,9999.000,9999.000,9999.000,9999.000,9999.000,9999.000
202603261918,  -0.559,9999.000,9999.000,9999.000,9999.000,9999.000,9999.000,9999.000,9999.000
202603261924,  -0.565,9999.000,9999.000,9999.000,9999.000,9999.000,9999.000,9999.000,9999.000
202603261930,  -0.567,9999.000,9999.000,9999.000,9999.000,9999.000,9999.000,9999.000,9999.000
202603261936,  -0.564,9999.000,9999.000,9999.000,9999.000,9999.000,9999.000,9999.000,9999.000
202603261942,  -0.556,9999.000,9999.000,9999.000,9999.000,9999.000,9999.000,9999.000,9999.000
202603261948,  -0.544,9999.000,9999.000,9999.000,9999.000,9999.000,9999.000,9999.000,9999.000
202603261954,  -0.528,9999.000,9999.000,9999.000,9999.000,9999.000,9999.000,9999.000,9999.000
202603262000,  -0.508,9999.000,   0.200,   0.161,  -0.147,   0.200,  -0.147,   0.300,  -0.047
202603262006,  -0.483,9999.000,9999.000,9999.000,9999.000,9999.000,9999.000,9999.000,9999.000
202603262012,  -0.454,9999.000,9999.000,9999.000,9999.000,9999.000,9999.000,9999.000,9999.000
202603262018,  -0.421,9999.000,9999.000,9999.000,9999.000,9999.000,9999.000,9999.000,9999.000
202603262024,  -0.384,9999.000,9999.000,9999.000,9999.000,9999.000,9999.000,9999.000,9999.000
202603262030,  -0.343,9999.000,9999.000,9999.000,9999.000,9999.000,9999.000,9999.000,9999.000
202603262036,  -0.298,9999.000,9999.000,9999.000,9999.000,9999.000,9999.000,9999.000,9999.000
202603262042,  -0.249,9999.000,9999.000,9999.000,9999.000,9999.000,9999.000,9999.000,9999.000
202603262048,  -0.197,9999.000,9999.000,9999.000,9999.000,9999.000,9999.000,9999.000,9999.000
202603262054,  -0.142,9999.000,9999.000,9999.000,9999.000,9999.000,9999.000,9999.000,9999.000
202603262100,  -0.083,9999.000,   0.400,   0.161,   0.478,   0.300,   0.378,   0.400,   0.478
202603262106,  -0.020,9999.000,9999.000,9999.000,9999.000,9999.000,9999.000,9999.000,9999.000
202603262112,   0.044,9999.000,9999.000,9999.000,9999.000,9999.000,9999.000,9999.000,9999.000
202603262118,   0.112,9999.000,9999.000,9999.000,9999.000,9999.000,9999.000,9999.000,9999.000
202603262124,   0.183,9999.000,9999.000,9999.000,9999.000,9999.000,9999.000,9999.000,9999.000
202603262130,   0.256,9999.000,9999.000,9999.000,9999.000,9999.000,9999.000,9999.000,9999.000
202603262136,   0.332,9999.000,9999.000,9999.000,9999.000,9999.000,9999.000,9999.000,9999.000
202603262142,   0.411,9999.000,9999.000,9999.000,9999.000,9999.000,9999.000,9999.000,9999.000
202603262148,   0.491,9999.000,9999.000,9999.000,9999.000,9999.000,9999.000,9999.000,9999.000
202603262154,   0.573,9999.000,9999.000,9999.000,9999.000,9999.000,9999.000,9999.000,9999.000
202603262200,   0.658,9999.000,   0.300,   0.161,   1.119,   0.300,   1.119,   0.300,   1.119
202603262206,   0.743,9999.000,9999.000,9999.000,9999.000,9999.000,9999.000,9999.000,9999.000
202603262212,   0.831,9999.000,9999.000,9999.000,9999.000,9999.000,9999.000,9999.000,9999.000
202603262218,   0.919,9999.000,9999.000,9999.000,9999.000,9999.000,9999.000,9999.000,9999.000
202603262224,   1.008,9999.000,9999.000,9999.000,9999.000,9999.000,9999.000,9999.000,9999.000
202603262230,   1.099,9999.000,9999.000,9999.000,9999.000,9999.000,9999.000,9999.000,9999.000
202603262236,   1.190,9999.000,9999.000,9999.000,9999.000,9999.000,9999.000,9999.000,9999.000
202603262242,   1.281,9999.000,9999.000,9999.000,9999.000,9999.000,9999.000,9999.000,9999.000
202603262248,   1.373,9999.000,9999.000,9999.000,9999.000,9999.000,9999.000,9999.000,9999.000
202603262254,   1.465,9999.000,9999.000,9999.000,9999.000,9999.000,9999.000,9999.000,9999.000
202603262300,   1.556,9999.000,   0.300,   0.161,   2.017,   0.300,   2.017,   0.300,   2.017
202603262306,   1.648,9999.000,9999.000,9999.000,9999.000,9999.000,9999.000,9999.000,9999.000
202603262312,   1.739,9999.000,9999.000,9999.000,9999.000,9999.000,9999.000,9999.000,9999.000
202603262318,   1.829,9999.000,9999.000,9999.000,9999.000,9999.000,9999.000,9999.000,9999.000
202603262324,   1.918,9999.000,9999.000,9999.000,9999.000,9999.000,9999.000,9999.000,9999.000
202603262330,   2.006,9999.000,9999.000,9999.000,9999.000,9999.000,9999.000,9999.000,9999.000
202603262336,   2.093,9999.000,9999.000,9999.000,9999.000,9999.000,9999.000,9999.000,9999.000
202603262342,   2.179,9999.000,9999.000,9999.000,9999.000,9999.000,9999.000,9999.000,9999.000
202603262348,   2.263,9999.000,9999.000,9999.000,9999.000,9999.000,9999.000,9999.000,9999.000
202603262354,   2.345,9999.000,9999.000,9999.000,9999.000,9999.000,9999.000,9999.000,9999.000
202603270000,   2.426,9999.000,   0.400,   0.161,   2.987,   0.400,   2.987,   0.400,   2.987
202603270006,   2.504,9999.000,9999.000,9999.000,9999.000,9999.000,9999.000,9999.000,9999.000
202603270012,   2.580,9999.000,9999.000,9999.000,9999.000,9999.000,9999.000,9999.000,9999.000
202603270018,   2.654,9999.000,9999.000,9999.000,9999.000,9999.000,9999.000,9999.000,9999.000
202603270024,   2.726,9999.000,9999.000,9999.000,9999.000,9999.000,9999.000,9999.000,9999.000
202603270030,   2.795,9999.000,9999.000,9999.000,9999.000,9999.000,9999.000,9999.000,9999.000
202603270036,   2.861,9999.000,9999.000,9999.000,9999.000,9999.000,9999.000,9999.000,9999.000
202603270042,   2.925,9999.000,9999.000,9999.000,9999.000,9999.000,9999.000,9999.000,9999.000
202603270048,   2.986,9999.000,9999.000,9999.000,9999.000,9999.000,9999.000,9999.000,9999.000
202603270054,   3.044,9999.000,9999.000,9999.000,9999.000,9999.000,9999.000,9999.000,9999.000
202603270100,   3.099,9999.000,   0.400,   0.161,   3.660,   0.400,   3.660,   0.400,   3.660
202603270106,   3.151,9999.000,9999.000,9999.000,9999.000,9999.000,9999.000,9999.000,9999.000
202603270112,   3.200,9999.000,9999.000,9999.000,9999.000,9999.000,9999.000,9999.000,9999.000
202603270118,   3.246,9999.000,9999.000,9999.000,9999.000,9999.000,9999.000,9999.000,9999.000
202603270124,   3.289,9999.000,9999.000,9999.000,9999.000,9999.000,9999.000,9999.000,9999.000
202603270130,   3.328,9999.000,9999.000,9999.000,9999.000,9999.000,9999.000,9999.000,9999.000
202603270136,   3.365,9999.000,9999.000,9999.000,9999.000,9999.000,9999.000,9999.000,9999.000
202603270142,   3.399,9999.000,9999.000,9999.000,9999.000,9999.000,9999.000,9999.000,9999.000
202603270148,   3.429,9999.000,9999.000,9999.000,9999.000,9999.000,9999.000,9999.000,9999.000
202603270154,   3.456,9999.000,9999.000,9999.000,9999.000,9999.000,9999.000,9999.000,9999.000
202603270200,   3.481,9999.000,   0.400,   0.161,   4.042,   0.300,   3.942,   0.400,   4.042
202603270206,   3.502,9999.000,9999.000,9999.000,9999.000,9999.000,9999.000,9999.000,9999.000
202603270212,   3.520,9999.000,9999.000,9999.000,9999.000,9999.000,9999.000,9999.000,9999.000
202603270218,   3.535,9999.000,9999.000,9999.000,9999.000,9999.000,9999.000,9999.000,9999.000
202603270224,   3.548,9999.000,9999.000,9999.000,9999.000,9999.000,9999.000,9999.000,9999.000
202603270230,   3.557,9999.000,9999.000,9999.000,9999.000,9999.000,9999.000,9999.000,9999.000
202603270236,   3.564,9999.000,9999.000,9999.000,9999.000,9999.000,9999.000,9999.000,9999.000
202603270242,   3.568,9999.000,9999.000,9999.000,9999.000,9999.000,9999.000,9999.000,9999.000
202603270248,   3.569,9999.000,9999.000,9999.000,9999.000,9999.000,9999.000,9999.000,9999.000
202603270254,   3.568,9999.000,9999.000,9999.000,9999.000,9999.000,9999.000,9999.000,9999.000
202603270300,   3.564,9999.000,   0.300,   0.161,   4.025,   0.200,   3.925,   0.300,   4.025
202603270306,   3.558,9999.000,9999.000,9999.000,9999.000,9999.000,9999.000,9999.000,9999.000
202603270312,   3.549,9999.000,9999.000,9999.000,9999.000,9999.000,9999.000,9999.000,9999.000
202603270318,   3.538,9999.000,9999.000,9999.000,9999.000,9999.000,9999.000,9999.000,9999.000
202603270324,   3.525,9999.000,9999.000,9999.000,9999.000,9999.000,9999.000,9999.000,9999.000
202603270330,   3.510,9999.000,9999.000,9999.000,9999.000,9999.000,9999.000,9999.000,9999.000
202603270336,   3.493,9999.000,9999.000,9999.000,9999.000,9999.000,9999.000,9999.000,9999.000
202603270342,   3.474,9999.000,9999.000,9999.000,9999.000,9999.000,9999.000,9999.000,9999.000
202603270348,   3.453,9999.000,9999.000,9999.000,9999.000,9999.000,9999.000,9999.000,9999.000
202603270354,   3.431,9999.000,9999.000,9999.000,9999.000,9999.000,9999.000,9999.000,9999.000
202603270400,   3.407,9999.000,   0.400,   0.161,   3.968,   0.300,   3.868,   0.400,   3.968
202603270406,   3.382,9999.000,9999.000,9999.000,9999.000,9999.000,9999.000,9999.000,9999.000
202603270412,   3.356,9999.000,9999.000,9999.000,9999.000,9999.000,9999.000,9999.000,9999.000
202603270418,   3.328,9999.000,9999.000,9999.000,9999.000,9999.000,9999.000,9999.000,9999.000
202603270424,   3.300,9999.000,9999.000,9999.000,9999.000,9999.000,9999.000,9999.000,9999.000
202603270430,   3.271,9999.000,9999.000,9999.000,9999.000,9999.000,9999.000,9999.000,9999.000
202603270436,   3.241,9999.000,9999.000,9999.000,9999.000,9999.000,9999.000,9999.000,9999.000
202603270442,   3.210,9999.000,9999.000,9999.000,9999.000,9999.000,9999.000,9999.000,9999.000
202603270448,   3.180,9999.000,9999.000,9999.000,9999.000,9999.000,9999.000,9999.000,9999.000
202603270454,   3.149,9999.000,9999.000,9999.000,9999.000,9999.000,9999.000,9999.000,9999.000
202603270500,   3.118,9999.000,   0.400,   0.161,   3.679,   0.300,   3.579,   0.400,   3.679
202603270506,   3.087,9999.000,9999.000,9999.000,9999.000,9999.000,9999.000,9999.000,9999.000
202603270512,   3.056,9999.000,9999.000,9999.000,9999.000,9999.000,9999.000,9999.000,9999.000
202603270518,   3.026,9999.000,9999.000,9999.000,9999.000,9999.000,9999.000,9999.000,9999.000
202603270524,   2.996,9999.000,9999.000,9999.000,9999.000,9999.000,9999.000,9999.000,9999.000
202603270530,   2.967,9999.000,9999.000,9999.000,9999.000,9999.000,9999.000,9999.000,9999.000
202603270536,   2.939,9999.000,9999.000,9999.000,9999.000,9999.000,9999.000,9999.000,9999.000
202603270542,   2.912,9999.000,9999.000,9999.000,9999.000,9999.000,9999.000,9999.000,9999.000
202603270548,   2.886,9999.000,9999.000,9999.000,9999.000,9999.000,9999.000,9999.000,9999.000
202603270554,   2.861,9999.000,9999.000,9999.000,9999.000,9999.000,9999.000,9999.000,9999.000
202603270600,   2.838,9999.000,   0.300,   0.161,   3.299,   0.200,   3.199,   0.300,   3.299
202603270606,   2.816,9999.000,9999.000,9999.000,9999.000,9999.000,9999.000,9999.000,9999.000
202603270612,   2.797,9999.000,9999.000,9999.000,9999.000,9999.000,9999.000,9999.000,9999.000
202603270618,   2.779,9999.000,9999.000,9999.000,9999.000,9999.000,9999.000,9999.000,9999.000
202603270624,   2.763,9999.000,9999.000,9999.000,9999.000,9999.000,9999.000,9999.000,9999.000
202603270630,   2.749,9999.000,9999.000,9999.000,9999.000,9999.000,9999.000,9999.000,9999.000
202603270636,   2.737,9999.000,9999.000,9999.000,9999.000,9999.000,9999.000,9999.000,9999.000
202603270642,   2.728,9999.000,9999.000,9999.000,9999.000,9999.000,9999.000,9999.000,9999.000
202603270648,   2.720,9999.000,9999.000,9999.000,9999.000,9999.000,9999.000,9999.000,9999.000
202603270654,   2.716,9999.000,9999.000,9999.000,9999.000,9999.000,9999.000,9999.000,9999.000
202603270700,   2.713,9999.000,   0.300,   0.161,   3.174,   0.300,   3.174,   0.300,   3.174
202603270706,   2.714,9999.000,9999.000,9999.000,9999.000,9999.000,9999.000,9999.000,9999.000
202603270712,   2.717,9999.000,9999.000,9999.000,9999.000,9999.000,9999.000,9999.000,9999.000
202603270718,   2.722,9999.000,9999.000,9999.000,9999.000,9999.000,9999.000,9999.000,9999.000
202603270724,   2.730,9999.000,9999.000,9999.000,9999.000,9999.000,9999.000,9999.000,9999.000
202603270730,   2.741,9999.000,9999.000,9999.000,9999.000,9999.000,9999.000,9999.000,9999.000
202603270736,   2.755,9999.000,9999.000,9999.000,9999.000,9999.000,9999.000,9999.000,9999.000
202603270742,   2.771,9999.000,9999.000,9999.000,9999.000,9999.000,9999.000,9999.000,9999.000
202603270748,   2.789,9999.000,9999.000,9999.000,9999.000,9999.000,9999.000,9999.000,9999.000
202603270754,   2.811,9999.000,9999.000,9999.000,9999.000,9999.000,9999.000,9999.000,9999.000
202603270800,   2.835,9999.000,   0.300,   0.161,   3.296,   0.300,   3.296,   0.400,   3.396
202603270806,   2.862,9999.000,9999.000,9999.000,9999.000,9999.000,9999.000,9999.000,9999.000
202603270812,   2.891,9999.000,9999.000,9999.000,9999.000,9999.000,9999.000,9999.000,9999.000
202603270818,   2.922,9999.000,9999.000,9999.000,9999.000,9999.000,9999.000,9999.000,9999.000
202603270824,   2.956,9999.000,9999.000,9999.000,9999.000,9999.000,9999.000,9999.000,9999.000
202603270830,   2.993,9999.000,9999.000,9999.000,9999.000,9999.000,9999.000,9999.000,9999.000
202603270836,   3.032,9999.000,9999.000,9999.000,9999.000,9999.000,9999.000,9999.000,9999.000
202603270842,   3.073,9999.000,9999.000,9999.000,9999.000,9999.000,9999.000,9999.000,9999.000
202603270848,   3.116,9999.000,9999.000,9999.000,9999.000,9999.000,9999.000,9999.000,9999.000
202603270854,   3.161,9999.000,9999.000,9999.000,9999.000,9999.000,9999.000,9999.000,9999.000
202603270900,   3.208,9999.000,   0.400,   0.161,   3.769,   0.400,   3.769,   0.500,   3.869
202603270906,   3.257,9999.000,9999.000,9999.000,9999.000,9999.000,9999.000,9999.000,9999.000
202603270912,   3.307,9999.000,9999.000,9999.000,9999.000,9999.000,9999.000,9999.000,9999.000
202603270918,   3.359,9999.000,9999.000,9999.000,9999.000,9999.000,9999.000,9999.000,9999.000
202603270924,   3.413,9999.000,9999.000,9999.000,9999.000,9999.000,9999.000,9999.000,9999.000
202603270930,   3.468,9999.000,9999.000,9999.000,9999.000,9999.000,9999.000,9999.000,9999.000
202603270936,   3.524,9999.000,9999.000,9999.000,9999.000,9999.000,9999.000,9999.000,9999.000
202603270942,   3.581,9999.000,9999.000,9999.000,9999.000,9999.000,9999.000,9999.000,9999.000
202603270948,   3.639,9999.000,9999.000,9999.000,9999.000,9999.000,9999.000,9999.000,9999.000
202603270954,   3.698,9999.000,9999.000,9999.000,9999.000,9999.000,9999.000,9999.000,9999.000
202603271000,   3.758,9999.000,   0.300,   0.161,   4.219,   0.300,   4.219,   0.400,   4.319
202603271006,   3.817,9999.000,9999.000,9999.000,9999.000,9999.000,9999.000,9999.000,9999.000
202603271012,   3.878,9999.000,9999.000,9999.000,9999.000,9999.000,9999.000,9999.000,9999.000
202603271018,   3.938,9999.000,9999.000,9999.000,9999.000,9999.000,9999.000,9999.000,9999.000
202603271024,   3.998,9999.000,9999.000,9999.000,9999.000,9999.000,9999.000,9999.000,9999.000
202603271030,   4.058,9999.000,9999.000,9999.000,9999.000,9999.000,9999.000,9999.000,9999.000
202603271036,   4.117,9999.000,9999.000,9999.000,9999.000,9999.000,9999.000,9999.000,9999.000
202603271042,   4.176,9999.000,9999.000,9999.000,9999.000,9999.000,9999.000,9999.000,9999.000
202603271048,   4.233,9999.000,9999.000,9999.000,9999.000,9999.000,9999.000,9999.000,9999.000
202603271054,   4.290,9999.000,9999.000,9999.000,9999.000,9999.000,9999.000,9999.000,9999.000
202603271100,   4.346,9999.000,   0.300,   0.161,   4.807,   0.300,   4.807,   0.400,   4.907
202603271106,   4.400,9999.000,9999.000,9999.000,9999.000,9999.000,9999.000,9999.000,9999.000
202603271112,   4.453,9999.000,9999.000,9999.000,9999.000,9999.000,9999.000,9999.000,9999.000
202603271118,   4.503,9999.000,9999.000,9999.000,9999.000,9999.000,9999.000,9999.000,9999.000
202603271124,   4.552,9999.000,9999.000,9999.000,9999.000,9999.000,9999.000,9999.000,9999.000
202603271130,   4.599,9999.000,9999.000,9999.000,9999.000,9999.000,9999.000,9999.000,9999.000
202603271136,   4.643,9999.000,9999.000,9999.000,9999.000,9999.000,9999.000,9999.000,9999.000
202603271142,   4.685,9999.000,9999.000,9999.000,9999.000,9999.000,9999.000,9999.000,9999.000
202603271148,   4.724,9999.000,9999.000,9999.000,9999.000,9999.000,9999.000,9999.000,9999.000
202603271154,   4.761,9999.000,9999.000,9999.000,9999.000,9999.000,9999.000,9999.000,9999.000
202603271200,   4.794,9999.000,   0.400,   0.161,   5.355,   0.400,   5.355,   0.400,   5.355
202603271206,   4.824,9999.000,9999.000,9999.000,9999.000,9999.000,9999.000,9999.000,9999.000
202603271212,   4.851,9999.000,9999.000,9999.000,9999.000,9999.000,9999.000,9999.000,9999.000
202603271218,   4.875,9999.000,9999.000,9999.000,9999.000,9999.000,9999.000,9999.000,9999.000
202603271224,   4.895,9999.000,9999.000,9999.000,9999.000,9999.000,9999.000,9999.000,9999.000
202603271230,   4.911,9999.000,9999.000,9999.000,9999.000,9999.000,9999.000,9999.000,9999.000
202603271236,   4.924,9999.000,9999.000,9999.000,9999.000,9999.000,9999.000,9999.000,9999.000
202603271242,   4.933,9999.000,9999.000,9999.000,9999.000,9999.000,9999.000,9999.000,9999.000
202603271248,   4.937,9999.000,9999.000,9999.000,9999.000,9999.000,9999.000,9999.000,9999.000
202603271254,   4.938,9999.000,9999.000,9999.000,9999.000,9999.000,9999.000,9999.000,9999.000
202603271300,   4.935,9999.000,   0.400,   0.161,   5.496,   0.300,   5.396,   0.400,   5.496
202603271306,   4.928,9999.000,9999.000,9999.000,9999.000,9999.000,9999.000,9999.000,9999.000
202603271312,   4.916,9999.000,9999.000,9999.000,9999.000,9999.000,9999.000,9999.000,9999.000
202603271318,   4.901,9999.000,9999.000,9999.000,9999.000,9999.000,9999.000,9999.000,9999.000
202603271324,   4.881,9999.000,9999.000,9999.000,9999.000,9999.000,9999.000,9999.000,9999.000
202603271330,   4.857,9999.000,9999.000,9999.000,9999.000,9999.000,9999.000,9999.000,9999.000
202603271336,   4.829,9999.000,9999.000,9999.000,9999.000,9999.000,9999.000,9999.000,9999.000
202603271342,   4.796,9999.000,9999.000,9999.000,9999.000,9999.000,9999.000,9999.000,9999.000
202603271348,   4.760,9999.000,9999.000,9999.000,9999.000,9999.000,9999.000,9999.000,9999.000
202603271354,   4.719,9999.000,9999.000,9999.000,9999.000,9999.000,9999.000,9999.000,9999.000
202603271400,   4.674,9999.000,   0.400,   0.161,   5.235,   0.400,   5.235,   0.400,   5.235
202603271406,   4.625,9999.000,9999.000,9999.000,9999.000,9999.000,9999.000,9999.000,9999.000
202603271412,   4.572,9999.000,9999.000,9999.000,9999.000,9999.000,9999.000,9999.000,9999.000
202603271418,   4.515,9999.000,9999.000,9999.000,9999.000,9999.000,9999.000,9999.000,9999.000
202603271424,   4.454,9999.000,9999.000,9999.000,9999.000,9999.000,9999.000,9999.000,9999.000
202603271430,   4.389,9999.000,9999.000,9999.000,9999.000,9999.000,9999.000,9999.000,9999.000
202603271436,   4.320,9999.000,9999.000,9999.000,9999.000,9999.000,9999.000,9999.000,9999.000
202603271442,   4.248,9999.000,9999.000,9999.000,9999.000,9999.000,9999.000,9999.000,9999.000
202603271448,   4.172,9999.000,9999.000,9999.000,9999.000,9999.000,9999.000,9999.000,9999.000
202603271454,   4.093,9999.000,9999.000,9999.000,9999.000,9999.000,9999.000,9999.000,9999.000
202603271500,   4.010,9999.000,   0.200,   0.161,   4.371,   0.200,   4.371,   0.300,   4.471
202603271506,   3.925,9999.000,9999.000,9999.000,9999.000,9999.000,9999.000,9999.000,9999.000
202603271512,   3.835,9999.000,9999.000,9999.000,9999.000,9999.000,9999.000,9999.000,9999.000
202603271518,   3.743,9999.000,9999.000,9999.000,9999.000,9999.000,9999.000,9999.000,9999.000
202603271524,   3.648,9999.000,9999.000,9999.000,9999.000,9999.000,9999.000,9999.000,9999.000
202603271530,   3.551,9999.000,9999.000,9999.000,9999.000,9999.000,9999.000,9999.000,9999.000
202603271536,   3.450,9999.000,9999.000,9999.000,9999.000,9999.000,9999.000,9999.000,9999.000
202603271542,   3.347,9999.000,9999.000,9999.000,9999.000,9999.000,9999.000,9999.000,9999.000
202603271548,   3.242,9999.000,9999.000,9999.000,9999.000,9999.000,9999.000,9999.000,9999.000
202603271554,   3.135,9999.000,9999.000,9999.000,9999.000,9999.000,9999.000,9999.000,9999.000
202603271600,   3.026,9999.000,   0.400,   0.161,   3.587,   0.300,   3.487,   0.400,   3.587
202603271606,   2.915,9999.000,9999.000,9999.000,9999.000,9999.000,9999.000,9999.000,9999.000
202603271612,   2.802,9999.000,9999.000,9999.000,9999.000,9999.000,9999.000,9999.000,9999.000
202603271618,   2.688,9999.000,9999.000,9999.000,9999.000,9999.000,9999.000,9999.000,9999.000
202603271624,   2.573,9999.000,9999.000,9999.000,9999.000,9999.000,9999.000,9999.000,9999.000
202603271630,   2.456,9999.000,9999.000,9999.000,9999.000,9999.000,9999.000,9999.000,9999.000
202603271636,   2.339,9999.000,9999.000,9999.000,9999.000,9999.000,9999.000,9999.000,9999.000
202603271642,   2.221,9999.000,9999.000,9999.000,9999.000,9999.000,9999.000,9999.000,9999.000
202603271648,   2.103,9999.000,9999.000,9999.000,9999.000,9999.000,9999.000,9999.000,9999.000
202603271654,   1.985,9999.000,9999.000,9999.000,9999.000,9999.000,9999.000,9999.000,9999.000
202603271700,   1.866,9999.000,   0.400,   0.161,   2.427,   0.300,   2.327,   0.400,   2.427
202603271706,   1.748,9999.000,9999.000,9999.000,9999.000,9999.000,9999.000,9999.000,9999.000
202603271712,   1.630,9999.000,9999.000,9999.000,9999.000,9999.000,9999.000,9999.000,9999.000
202603271718,   1.513,9999.000,9999.000,9999.000,9999.000,9999.000,9999.000,9999.000,9999.000
202603271724,   1.397,9999.000,9999.000,9999.000,9999.000,9999.000,9999.000,9999.000,9999.000
202603271730,   1.282,9999.000,9999.000,9999.000,9999.000,9999.000,9999.000,9999.000,9999.000
202603271736,   1.169,9999.000,9999.000,9999.000,9999.000,9999.000,9999.000,9999.000,9999.000
202603271742,   1.057,9999.000,9999.000,9999.000,9999.000,9999.000,9999.000,9999.000,9999.000
202603271748,   0.947,9999.000,9999.000,9999.000,9999.000,9999.000,9999.000,9999.000,9999.000
202603271754,   0.839,9999.000,9999.000,9999.000,9999.000,9999.000,9999.000,9999.000,9999.000
202603271800,   0.733,9999.000,   0.300,   0.161,   1.194,   0.300,   1.194,   0.300,   1.194
202603271806,   0.630,9999.000,9999.000,9999.000,9999.000,9999.000,9999.000,9999.000,9999.000
202603271812,   0.529,9999.000,9999.000,9999.000,9999.000,9999.000,9999.000,9999.000,9999.000
202603271818,   0.432,9999.000,9999.000,9999.000,9999.000,9999.000,9999.000,9999.000,9999.000
202603271824,   0.337,9999.000,9999.000,9999.000,9999.000,9999.000,9999.000,9999.000,9999.000
202603271830,   0.246,9999.000,9999.000,9999.000,9999.000,9999.000,9999.000,9999.000,9999.000
202603271836,   0.158,9999.000,9999.000,9999.000,9999.000,9999.000,9999.000,9999.000,9999.000
202603271842,   0.074,9999.000,9999.000,9999.000,9999.000,9999.000,9999.000,9999.000,9999.000
202603271848,  -0.005,9999.000,9999.000,9999.000,9999.000,9999.000,9999.000,9999.000,9999.000
202603271854,  -0.082,9999.000,9999.000,9999.000,9999.000,9999.000,9999.000,9999.000,9999.000
202603271900,  -0.154,9999.000,   0.300,   0.161,   0.307,   0.300,   0.307,   0.400,   0.407
202603271906,  -0.222,9999.000,9999.000,9999.000,9999.000,9999.000,9999.000,9999.000,9999.000
202603271912,  -0.286,9999.000,9999.000,9999.000,9999.000,9999.000,9999.000,9999.000,9999.000
202603271918,  -0.345,9999.000,9999.000,9999.000,9999.000,9999.000,9999.000,9999.000,9999.000
202603271924,  -0.400,9999.000,9999.000,9999.000,9999.000,9999.000,9999.000,9999.000,9999.000
202603271930,  -0.450,9999.000,9999.000,9999.000,9999.000,9999.000,9999.000,9999.000,9999.000
202603271936,  -0.495,9999.000,9999.000,9999.000,9999.000,9999.000,9999.000,9999.000,9999.000
202603271942,  -0.535,9999.000,9999.000,9999.000,9999.000,9999.000,9999.000,9999.000,9999.000
202603271948,  -0.570,9999.000,9999.000,9999.000,9999.000,9999.000,9999.000,9999.000,9999.000
202603271954,  -0.600,9999.000,9999.000,9999.000,9999.000,9999.000,9999.000,9999.000,9999.000
202603272000,  -0.626,9999.000,   0.300,   0.161,  -0.165,   0.300,  -0.165,   0.300,  -0.165
202603272006,  -0.646,9999.000,9999.000,9999.000,9999.000,9999.000,9999.000,9999.000,9999.000
202603272012,  -0.661,9999.000,9999.000,9999.000,9999.000,9999.000,9999.000,9999.000,9999.000
202603272018,  -0.671,9999.000,9999.000,9999.000,9999.000,9999.000,9999.000,9999.000,9999.000
202603272024,  -0.676,9999.000,9999.000,9999.000,9999.000,9999.000,9999.000,9999.000,9999.000
202603272030,  -0.675,9999.000,9999.000,9999.000,9999.000,9999.000,9999.000,9999.000,9999.000
202603272036,  -0.670,9999.000,9999.000,9999.000,9999.000,9999.000,9999.000,9999.000,9999.000
202603272042,  -0.659,9999.000,9999.000,9999.000,9999.000,9999.000,9999.000,9999.000,9999.000
202603272048,  -0.644,9999.000,9999.000,9999.000,9999.000,9999.000,9999.000,9999.000,9999.000
202603272054,  -0.623,9999.000,9999.000,9999.000,9999.000,9999.000,9999.000,9999.000,9999.000
202603272100,  -0.597,9999.000,   0.400,   0.161,  -0.036,   0.400,  -0.036,   0.400,  -0.036
202603272106,  -0.567,9999.000,9999.000,9999.000,9999.000,9999.000,9999.000,9999.000,9999.000
202603272112,  -0.531,9999.000,9999.000,9999.000,9999.000,9999.000,9999.000,9999.000,9999.000
202603272118,  -0.491,9999.000,9999.000,9999.000,9999.000,9999.000,9999.000,9999.000,9999.000
202603272124,  -0.446,9999.000,9999.000,9999.000,9999.000,9999.000,9999.000,9999.000,9999.000
202603272130,  -0.397,9999.000,9999.000,9999.000,9999.000,9999.000,9999.000,9999.000,9999.000
202603272136,  -0.343,9999.000,9999.000,9999.000,9999.000,9999.000,9999.000,9999.000,9999.000
202603272142,  -0.285,9999.000,9999.000,9999.000,9999.000,9999.000,9999.000,9999.000,9999.000
202603272148,  -0.222,9999.000,9999.000,9999.000,9999.000,9999.000,9999.000,9999.000,9999.000
202603272154,  -0.156,9999.000,9999.000,9999.000,9999.000,9999.000,9999.000,9999.000,9999.000
202603272200,  -0.085,9999.000,   0.300,   0.161,   0.376,   0.300,   0.376,   0.400,   0.476
202603272206,  -0.011,9999.000,9999.000,9999.000,9999.000,9999.000,9999.000,9999.000,9999.000
202603272212,   0.066,9999.000,9999.000,9999.000,9999.000,9999.000,9999.000,9999.000,9999.000
202603272218,   0.147,9999.000,9999.000,9999.000,9999.000,9999.000,9999.000,9999.000,9999.000
202603272224,   0.231,9999.000,9999.000,9999.000,9999.000,9999.000,9999.000,9999.000,9999.000
202603272230,   0.318,9999.000,9999.000,9999.000,9999.000,9999.000,9999.000,9999.000,9999.000
202603272236,   0.408,9999.000,9999.000,9999.000,9999.000,9999.000,9999.000,9999.000,9999.000
202603272242,   0.501,9999.000,9999.000,9999.000,9999.000,9999.000,9999.000,9999.000,9999.000
202603272248,   0.596,9999.000,9999.000,9999.000,9999.000,9999.000,9999.000,9999.000,9999.000
202603272254,   0.693,9999.000,9999.000,9999.000,9999.000,9999.000,9999.000,9999.000,9999.000
202603272300,   0.792,9999.000,   0.300,   0.161,   1.253,   0.300,   1.253,   0.400,   1.353
202603272306,   0.893,9999.000,9999.000,9999.000,9999.000,9999.000,9999.000,9999.000,9999.000
202603272312,   0.995,9999.000,9999.000,9999.000,9999.000,9999.000,9999.000,9999.000,9999.000
202603272318,   1.099,9999.000,9999.000,9999.000,9999.000,9999.000,9999.000,9999.000,9999.000
202603272324,   1.203,9999.000,9999.000,9999.000,9999.000,9999.000,9999.000,9999.000,9999.000
202603272330,   1.308,9999.000,9999.000,9999.000,9999.000,9999.000,9999.000,9999.000,9999.000
202603272336,   1.414,9999.000,9999.000,9999.000,9999.000,9999.000,9999.000,9999.000,9999.000
202603272342,   1.519,9999.000,9999.000,9999.000,9999.000,9999.000,9999.000,9999.000,9999.000
202603272348,   1.625,9999.000,9999.000,9999.000,9999.000,9999.000,9999.000,9999.000,9999.000
202603272354,   1.730,9999.000,9999.000,9999.000,9999.000,9999.000,9999.000,9999.000,9999.000
202603280000,   1.835,9999.000,   0.400,   0.161,   2.396,   0.400,   2.396,   0.500,   2.496
202603280006,   1.939,9999.000,9999.000,9999.000,9999.000,9999.000,9999.000,9999.000,9999.000
202603280012,   2.043,9999.000,9999.000,9999.000,9999.000,9999.000,9999.000,9999.000,9999.000
202603280018,   2.145,9999.000,9999.000,9999.000,9999.000,9999.000,9999.000,9999.000,9999.000
202603280024,   2.245,9999.000,9999.000,9999.000,9999.000,9999.000,9999.000,9999.000,9999.000
202603280030,   2.344,9999.000,9999.000,9999.000,9999.000,9999.000,9999.000,9999.000,9999.000
202603280036,   2.441,9999.000,9999.000,9999.000,9999.000,9999.000,9999.000,9999.000,9999.000
202603280042,   2.536,9999.000,9999.000,9999.000,9999.000,9999.000,9999.000,9999.000,9999.000
202603280048,   2.629,9999.000,9999.000,9999.000,9999.000,9999.000,9999.000,9999.000,9999.000
202603280054,   2.720,9999.000,9999.000,9999.000,9999.000,9999.000,9999.000,9999.000,9999.000
202603280100,   2.807,9999.000,   0.400,   0.161,   3.368,   0.300,   3.268,   0.400,   3.368
202603280106,   2.893,9999.000,9999.000,9999.000,9999.000,9999.000,9999.000,9999.000,9999.000
202603280112,   2.975,9999.000,9999.000,9999.000,9999.000,9999.000,9999.000,9999.000,9999.000
202603280118,   3.055,9999.000,9999.000,9999.000,9999.000,9999.000,9999.000,9999.000,9999.000
202603280124,   3.131,9999.000,9999.000,9999.000,9999.000,9999.000,9999.000,9999.000,9999.000
202603280130,   3.204,9999.000,9999.000,9999.000,9999.000,9999.000,9999.000,9999.000,9999.000
202603280136,   3.274,9999.000,9999.000,9999.000,9999.000,9999.000,9999.000,9999.000,9999.000
202603280142,   3.340,9999.000,9999.000,9999.000,9999.000,9999.000,9999.000,9999.000,9999.000
202603280148,   3.402,9999.000,9999.000,9999.000,9999.000,9999.000,9999.000,9999.000,9999.000
202603280154,   3.462,9999.000,9999.000,9999.000,9999.000,9999.000,9999.000,9999.000,9999.000
202603280200,   3.517,9999.000,   0.400,   0.161,   4.078,   0.400,   4.078,   0.400,   4.078
202603280206,   3.568,9999.000,9999.000,9999.000,9999.000,9999.000,9999.000,9999.000,9999.000
202603280212,   3.616,9999.000,9999.000,9999.000,9999.000,9999.000,9999.000,9999.000,9999.000
202603280218,   3.660,9999.000,9999.000,9999.000,9999.000,9999.000,9999.000,9999.000,9999.000
202603280224,   3.700,9999.000,9999.000,9999.000,9999.000,9999.000,9999.000,9999.000,9999.000
202603280230,   3.736,9999.000,9999.000,9999.000,9999.000,9999.000,9999.000,9999.000,9999.000
202603280236,   3.768,9999.000,9999.000,9999.000,9999.000,9999.000,9999.000,9999.000,9999.000
202603280242,   3.797,9999.000,9999.000,9999.000,9999.000,9999.000,9999.000,9999.000,9999.000
202603280248,   3.821,9999.000,9999.000,9999.000,9999.000,9999.000,9999.000,9999.000,9999.000
202603280254,   3.841,9999.000,9999.000,9999.000,9999.000,9999.000,9999.000,9999.000,9999.000
202603280300,   3.857,9999.000,   0.300,   0.161,   4.318,   0.200,   4.218,   0.300,   4.318
202603280306,   3.870,9999.000,9999.000,9999.000,9999.000,9999.000,9999.000,9999.000,9999.000
202603280312,   3.878,9999.000,9999.000,9999.000,9999.000,9999.000,9999.000,9999.000,9999.000
202603280318,   3.883,9999.000,9999.000,9999.000,9999.000,9999.000,9999.000,9999.000,9999.000
202603280324,   3.884,9999.000,9999.000,9999.000,9999.000,9999.000,9999.000,9999.000,9999.000
202603280330,   3.881,9999.000,9999.000,9999.000,9999.000,9999.000,9999.000,9999.000,9999.000
202603280336,   3.874,9999.000,9999.000,9999.000,9999.000,9999.000,9999.000,9999.000,9999.000
202603280342,   3.864,9999.000,9999.000,9999.000,9999.000,9999.000,9999.000,9999.000,9999.000
202603280348,   3.851,9999.000,9999.000,9999.000,9999.000,9999.000,9999.000,9999.000,9999.000
202603280354,   3.833,9999.000,9999.000,9999.000,9999.000,9999.000,9999.000,9999.000,9999.000
202603280400,   3.813,9999.000,   0.400,   0.161,   4.374,   0.300,   4.274,   0.400,   4.374
202603280406,   3.790,9999.000,9999.000,9999.000,9999.000,9999.000,9999.000,9999.000,9999.000
202603280412,   3.763,9999.000,9999.000,9999.000,9999.000,9999.000,9999.000,9999.000,9999.000
202603280418,   3.733,9999.000,9999.000,9999.000,9999.000,9999.000,9999.000,9999.000,9999.000
202603280424,   3.701,9999.000,9999.000,9999.000,9999.000,9999.000,9999.000,9999.000,9999.000
202603280430,   3.666,9999.000,9999.000,9999.000,9999.000,9999.000,9999.000,9999.000,9999.000
202603280436,   3.628,9999.000,9999.000,9999.000,9999.000,9999.000,9999.000,9999.000,9999.000
202603280442,   3.589,9999.000,9999.000,9999.000,9999.000,9999.000,9999.000,9999.000,9999.000
202603280448,   3.547,9999.000,9999.000,9999.000,9999.000,9999.000,9999.000,9999.000,9999.000
202603280454,   3.503,9999.000,9999.000,9999.000,9999.000,9999.000,9999.000,9999.000,9999.000
202603280500,   3.457,9999.000,   0.400,   0.161,   4.018,   0.300,   3.918,   0.400,   4.018
202603280506,   3.409,9999.000,9999.000,9999.000,9999.000,9999.000,9999.000,9999.000,9999.000
202603280512,   3.361,9999.000,9999.000,9999.000,9999.000,9999.000,9999.000,9999.000,9999.000
202603280518,   3.311,9999.000,9999.000,9999.000,9999.000,9999.000,9999.000,9999.000,9999.000
202603280524,   3.260,9999.000,9999.000,9999.000,9999.000,9999.000,9999.000,9999.000,9999.000
202603280530,   3.208,9999.000,9999.000,9999.000,9999.000,9999.000,9999.000,9999.000,9999.000
202603280536,   3.155,9999.000,9999.000,9999.000,9999.000,9999.000,9999.000,9999.000,9999.000
202603280542,   3.103,9999.000,9999.000,9999.000,9999.000,9999.000,9999.000,9999.000,9999.000
202603280548,   3.050,9999.000,9999.000,9999.000,9999.000,9999.000,9999.000,9999.000,9999.000
202603280554,   2.997,9999.000,9999.000,9999.000,9999.000,9999.000,9999.000,9999.000,9999.000
202603280600,   2.944,9999.000,   0.300,   0.161,   3.405,   0.200,   3.305,   0.300,   3.405
202603280606,   2.892,9999.000,9999.000,9999.000,9999.000,9999.000,9999.000,9999.000,9999.000
202603280612,   2.840,9999.000,9999.000,9999.000,9999.000,9999.000,9999.000,9999.000,9999.000
202603280618,   2.789,9999.000,9999.000,9999.000,9999.000,9999.000,9999.000,9999.000,9999.000
202603280624,   2.740,9999.000,9999.000,9999.000,9999.000,9999.000,9999.000,9999.000,9999.000
202603280630,   2.691,9999.000,9999.000,9999.000,9999.000,9999.000,9999.000,9999.000,9999.000
202603280636,   2.644,9999.000,9999.000,9999.000,9999.000,9999.000,9999.000,9999.000,9999.000
202603280642,   2.599,9999.000,9999.000,9999.000,9999.000,9999.000,9999.000,9999.000,9999.000
202603280648,   2.555,9999.000,9999.000,9999.000,9999.000,9999.000,9999.000,9999.000,9999.000
202603280654,   2.514,9999.000,9999.000,9999.000,9999.000,9999.000,9999.000,9999.000,9999.000
202603280700,   2.474,9999.000,   0.300,   0.161,   2.935,   0.300,   2.935,   0.300,   2.935
202603280706,   2.437,9999.000,9999.000,9999.000,9999.000,9999.000,9999.000,9999.000,9999.000
202603280712,   2.402,9999.000,9999.000,9999.000,9999.000,9999.000,9999.000,9999.000,9999.000
202603280718,   2.369,9999.000,9999.000,9999.000,9999.000,9999.000,9999.000,9999.000,9999.000
202603280724,   2.340,9999.000,9999.000,9999.000,9999.000,9999.000,9999.000,9999.000,9999.000
202603280730,   2.313,9999.000,9999.000,9999.000,9999.000,9999.000,9999.000,9999.000,9999.000
202603280736,   2.289,9999.000,9999.000,9999.000,9999.000,9999.000,9999.000,9999.000,9999.000
202603280742,   2.268,9999.000,9999.000,9999.000,9999.000,9999.000,9999.000,9999.000,9999.000
202603280748,   2.250,9999.000,9999.000,9999.000,9999.000,9999.000,9999.000,9999.000,9999.000
202603280754,   2.235,9999.000,9999.000,9999.000,9999.000,9999.000,9999.000,9999.000,9999.000
202603280800,   2.224,9999.000,   0.300,   0.161,   2.685,   0.200,   2.585,   0.300,   2.685
202603280806,   2.216,9999.000,9999.000,9999.000,9999.000,9999.000,9999.000,9999.000,9999.000
202603280812,   2.211,9999.000,9999.000,9999.000,9999.000,9999.000,9999.000,9999.000,9999.000
202603280818,   2.210,9999.000,9999.000,9999.000,9999.000,9999.000,9999.000,9999.000,9999.000
202603280824,   2.212,9999.000,9999.000,9999.000,9999.000,9999.000,9999.000,9999.000,9999.000
202603280830,   2.218,9999.000,9999.000,9999.000,9999.000,9999.000,9999.000,9999.000,9999.000
202603280836,   2.228,9999.000,9999.000,9999.000,9999.000,9999.000,9999.000,9999.000,9999.000
202603280842,   2.240,9999.000,9999.000,9999.000,9999.000,9999.000,9999.000,9999.000,9999.000
202603280848,   2.257,9999.000,9999.000,9999.000,9999.000,9999.000,9999.000,9999.000,9999.000
202603280854,   2.277,9999.000,9999.000,9999.000,9999.000,9999.000,9999.000,9999.000,9999.000
202603280900,   2.300,9999.000,   0.400,   0.161,   2.861,   0.400,   2.861,   0.500,   2.961
202603280906,   2.327,9999.000,9999.000,9999.000,9999.000,9999.000,9999.000,9999.000,9999.000
202603280912,   2.358,9999.000,9999.000,9999.000,9999.000,9999.000,9999.000,9999.000,9999.000
202603280918,   2.392,9999.000,9999.000,9999.000,9999.000,9999.000,9999.000,9999.000,9999.000
202603280924,   2.429,9999.000,9999.000,9999.000,9999.000,9999.000,9999.000,9999.000,9999.000
202603280930,   2.470,9999.000,9999.000,9999.000,9999.000,9999.000,9999.000,9999.000,9999.000
202603280936,   2.513,9999.000,9999.000,9999.000,9999.000,9999.000,9999.000,9999.000,9999.000
202603280942,   2.560,9999.000,9999.000,9999.000,9999.000,9999.000,9999.000,9999.000,9999.000
202603280948,   2.610,9999.000,9999.000,9999.000,9999.000,9999.000,9999.000,9999.000,9999.000
202603280954,   2.663,9999.000,9999.000,9999.000,9999.000,9999.000,9999.000,9999.000,9999.000
202603281000,   2.718,9999.000,   0.300,   0.161,   3.179,   0.300,   3.179,   0.300,   3.179
202603281006,   2.777,9999.000,9999.000,9999.000,9999.000,9999.000,9999.000,9999.000,9999.000
202603281012,   2.837,9999.000,9999.000,9999.000,9999.000,9999.000,9999.000,9999.000,9999.000
202603281018,   2.900,9999.000,9999.000,9999.000,9999.000,9999.000,9999.000,9999.000,9999.000
202603281024,   2.965,9999.000,9999.000,9999.000,9999.000,9999.000,9999.000,9999.000,9999.000
202603281030,   3.033,9999.000,9999.000,9999.000,9999.000,9999.000,9999.000,9999.000,9999.000
202603281036,   3.102,9999.000,9999.000,9999.000,9999.000,9999.000,9999.000,9999.000,9999.000
202603281042,   3.172,9999.000,9999.000,9999.000,9999.000,9999.000,9999.000,9999.000,9999.000
202603281048,   3.244,9999.000,9999.000,9999.000,9999.000,9999.000,9999.000,9999.000,9999.000
202603281054,   3.317,9999.000,9999.000,9999.000,9999.000,9999.000,9999.000,9999.000,9999.000
202603281100,   3.392,9999.000,   0.300,   0.161,   3.853,   0.300,   3.853,   0.300,   3.853
202603281106,   3.467,9999.000,9999.000,9999.000,9999.000,9999.000,9999.000,9999.000,9999.000
202603281112,   3.542,9999.000,9999.000,9999.000,9999.000,9999.000,9999.000,9999.000,9999.000
202603281118,   3.618,9999.000,9999.000,9999.000,9999.000,9999.000,9999.000,9999.000,9999.000
202603281124,   3.694,9999.000,9999.000,9999.000,9999.000,9999.000,9999.000,9999.000,9999.000
202603281130,   3.770,9999.000,9999.000,9999.000,9999.000,9999.000,9999.000,9999.000,9999.000
202603281136,   3.845,9999.000,9999.000,9999.000,9999.000,9999.000,9999.000,9999.000,9999.000
202603281142,   3.920,9999.000,9999.000,9999.000,9999.000,9999.000,9999.000,9999.000,9999.000
202603281148,   3.994,9999.000,9999.000,9999.000,9999.000,9999.000,9999.000,9999.000,9999.000
202603281154,   4.067,9999.000,9999.000,9999.000,9999.000,9999.000,9999.000,9999.000,9999.000
202603281200,   4.139,9999.000,   0.300,   0.161,   4.600,   0.300,   4.600,   0.400,   4.700
202603281206,   4.209,9999.000,9999.000,9999.000,9999.000,9999.000,9999.000,9999.000,9999.000
202603281212,   4.277,9999.000,9999.000,9999.000,9999.000,9999.000,9999.000,9999.000,9999.000
202603281218,   4.343,9999.000,9999.000,9999.000,9999.000,9999.000,9999.000,9999.000,9999.000
202603281224,   4.407,9999.000,9999.000,9999.000,9999.000,9999.000,9999.000,9999.000,9999.000
202603281230,   4.469,9999.000,9999.000,9999.000,9999.000,9999.000,9999.000,9999.000,9999.000
202603281236,   4.528,9999.000,9999.000,9999.000,9999.000,9999.000,9999.000,9999.000,9999.000
202603281242,   4.584,9999.000,9999.000,9999.000,9999.000,9999.000,9999.000,9999.000,9999.000
202603281248,   4.637,9999.000,9999.000,9999.000,9999.000,9999.000,9999.000,9999.000,9999.000
202603281254,   4.687,9999.000,9999.000,9999.000,9999.000,9999.000,9999.000,9999.000,9999.000
202603281300,   4.733,9999.000,   0.300,   0.161,   5.194,   0.300,   5.194,   0.400,   5.294
202603281306,   4.776,9999.000,9999.000,9999.000,9999.000,9999.000,9999.000,9999.000,9999.000
202603281312,   4.815,9999.000,9999.000,9999.000,9999.000,9999.000,9999.000,9999.000,9999.000
202603281318,   4.851,9999.000,9999.000,9999.000,9999.000,9999.000,9999.000,9999.000,9999.000
202603281324,   4.882,9999.000,9999.000,9999.000,9999.000,9999.000,9999.000,9999.000,9999.000
202603281330,   4.909,9999.000,9999.000,9999.000,9999.000,9999.000,9999.000,9999.000,9999.000
202603281336,   4.932,9999.000,9999.000,9999.000,9999.000,9999.000,9999.000,9999.000,9999.000
202603281342,   4.951,9999.000,9999.000,9999.000,9999.000,9999.000,9999.000,9999.000,9999.000
202603281348,   4.966,9999.000,9999.000,9999.000,9999.000,9999.000,9999.000,9999.000,9999.000
202603281354,   4.975,9999.000,9999.000,9999.000,9999.000,9999.000,9999.000,9999.000,9999.000
202603281400,   4.981,9999.000,   0.400,   0.161,   5.542,   0.300,   5.442,   0.400,   5.542
202603281406,   4.982,9999.000,9999.000,9999.000,9999.000,9999.000,9999.000,9999.000,9999.000
202603281412,   4.978,9999.000,9999.000,9999.000,9999.000,9999.000,9999.000,9999.000,9999.000
202603281418,   4.969,9999.000,9999.000,9999.000,9999.000,9999.000,9999.000,9999.000,9999.000
202603281424,   4.955,9999.000,9999.000,9999.000,9999.000,9999.000,9999.000,9999.000,9999.000
202603281430,   4.937,9999.000,9999.000,9999.000,9999.000,9999.000,9999.000,9999.000,9999.000
202603281436,   4.914,9999.000,9999.000,9999.000,9999.000,9999.000,9999.000,9999.000,9999.000
202603281442,   4.886,9999.000,9999.000,9999.000,9999.000,9999.000,9999.000,9999.000,9999.000
202603281448,   4.853,9999.000,9999.000,9999.000,9999.000,9999.000,9999.000,9999.000,9999.000
202603281454,   4.816,9999.000,9999.000,9999.000,9999.000,9999.000,9999.000,9999.000,9999.000
202603281500,   4.773,9999.000,   0.200,   0.161,   5.134,   0.200,   5.134,   0.200,   5.134
202603281506,   4.726,9999.000,9999.000,9999.000,9999.000,9999.000,9999.000,9999.000,9999.000
202603281512,   4.674,9999.000,9999.000,9999.000,9999.000,9999.000,9999.000,9999.000,9999.000
202603281518,   4.618,9999.000,9999.000,9999.000,9999.000,9999.000,9999.000,9999.000,9999.000
202603281524,   4.557,9999.000,9999.000,9999.000,9999.000,9999.000,9999.000,9999.000,9999.000
202603281530,   4.491,9999.000,9999.000,9999.000,9999.000,9999.000,9999.000,9999.000,9999.000
202603281536,   4.421,9999.000,9999.000,9999.000,9999.000,9999.000,9999.000,9999.000,9999.000
202603281542,   4.346,9999.000,9999.000,9999.000,9999.000,9999.000,9999.000,9999.000,9999.000
202603281548,   4.268,9999.000,9999.000,9999.000,9999.000,9999.000,9999.000,9999.000,9999.000
202603281554,   4.185,9999.000,9999.000,9999.000,9999.000,9999.000,9999.000,9999.000,9999.000
202603281600,   4.098,9999.000,   0.300,   0.161,   4.559,   0.300,   4.559,   0.400,   4.659
202603281606,   4.008,9999.000,9999.000,9999.000,9999.000,9999.000,9999.000,9999.000,9999.000
202603281612,   3.913,9999.000,9999.000,9999.000,9999.000,9999.000,9999.000,9999.000,9999.000
202603281618,   3.815,9999.000,9999.000,9999.000,9999.000,9999.000,9999.000,9999.000,9999.000
202603281624,   3.714,9999.000,9999.000,9999.000,9999.000,9999.000,9999.000,9999.000,9999.000
202603281630,   3.610,9999.000,9999.000,9999.000,9999.000,9999.000,9999.000,9999.000,9999.000
202603281636,   3.502,9999.000,9999.000,9999.000,9999.000,9999.000,9999.000,9999.000,9999.000
202603281642,   3.392,9999.000,9999.000,9999.000,9999.000,9999.000,9999.000,9999.000,9999.000
202603281648,   3.279,9999.000,9999.000,9999.000,9999.000,9999.000,9999.000,9999.000,9999.000
202603281654,   3.164,9999.000,9999.000,9999.000,9999.000,9999.000,9999.000,9999.000,9999.000
202603281700,   3.046,9999.000,   0.300,   0.161,   3.507,   0.300,   3.507,   0.300,   3.507
202603281706,   2.927,9999.000,9999.000,9999.000,9999.000,9999.000,9999.000,9999.000,9999.000
202603281712,   2.806,9999.000,9999.000,9999.000,9999.000,9999.000,9999.000,9999.000,9999.000
202603281718,   2.683,9999.000,9999.000,9999.000,9999.000,9999.000,9999.000,9999.000,9999.000
202603281724,   2.560,9999.000,9999.000,9999.000,9999.000,9999.000,9999.000,9999.000,9999.000
202603281730,   2.435,9999.000,9999.000,9999.000,9999.000,9999.000,9999.000,9999.000,9999.000
202603281736,   2.309,9999.000,9999.000,9999.000,9999.000,9999.000,9999.000,9999.000,9999.000
202603281742,   2.184,9999.000,9999.000,9999.000,9999.000,9999.000,9999.000,9999.000,9999.000
202603281748,   2.058,9999.000,9999.000,9999.000,9999.000,9999.000,9999.000,9999.000,9999.000
202603281754,   1.932,9999.000,9999.000,9999.000,9999.000,9999.000,9999.000,9999.000,9999.000
202603281800,   1.806,9999.000,   0.300,   0.161,   2.267,   0.200,   2.167,   0.300,   2.267
202603281806,   1.681,9999.000,9999.000,9999.000,9999.000,9999.000,9999.000,9999.000,9999.000
202603281812,   1.557,9999.000,9999.000,9999.000,9999.000,9999.000,9999.000,9999.000,9999.000
202603281818,   1.434,9999.000,9999.000,9999.000,9999.000,9999.000,9999.000,9999.000,9999.000
202603281824,   1.312,9999.000,9999.000,9999.000,9999.000,9999.000,9999.000,9999.000,9999.000
202603281830,   1.192,9999.000,9999.000,9999.000,9999.000,9999.000,9999.000,9999.000,9999.000
202603281836,   1.074,9999.000,9999.000,9999.000,9999.000,9999.000,9999.000,9999.000,9999.000
202603281842,   0.958,9999.000,9999.000,9999.000,9999.000,9999.000,9999.000,9999.000,9999.000
202603281848,   0.845,9999.000,9999.000,9999.000,9999.000,9999.000,9999.000,9999.000,9999.000
202603281854,   0.734,9999.000,9999.000,9999.000,9999.000,9999.000,9999.000,9999.000,9999.000
202603281900,   0.626,9999.000,   0.300,   0.161,   1.087,   0.200,   0.987,   0.300,   1.087
202603281906,   0.521,9999.000,9999.000,9999.000,9999.000,9999.000,9999.000,9999.000,9999.000
202603281912,   0.419,9999.000,9999.000,9999.000,9999.000,9999.000,9999.000,9999.000,9999.000
202603281918,   0.320,9999.000,9999.000,9999.000,9999.000,9999.000,9999.000,9999.000,9999.000
202603281924,   0.226,9999.000,9999.000,9999.000,9999.000,9999.000,9999.000,9999.000,9999.000
202603281930,   0.135,9999.000,9999.000,9999.000,9999.000,9999.000,9999.000,9999.000,9999.000
202603281936,   0.048,9999.000,9999.000,9999.000,9999.000,9999.000,9999.000,9999.000,9999.000
202603281942,  -0.033,9999.000,9999.000,9999.000,9999.000,9999.000,9999.000,9999.000,9999.000
202603281948,  -0.111,9999.000,9999.000,9999.000,9999.000,9999.000,9999.000,9999.000,9999.000
202603281954,  -0.185,9999.000,9999.000,9999.000,9999.000,9999.000,9999.000,9999.000,9999.000
202603282000,  -0.253,9999.000,   0.300,   0.161,   0.208,   0.200,   0.108,   0.300,   0.208
202603282006,  -0.317,9999.000,9999.000,9999.000,9999.000,9999.000,9999.000,9999.000,9999.000
202603282012,  -0.376,9999.000,9999.000,9999.000,9999.000,9999.000,9999.000,9999.000,9999.000
202603282018,  -0.430,9999.000,9999.000,9999.000,9999.000,9999.000,9999.000,9999.000,9999.000
202603282024,  -0.479,9999.000,9999.000,9999.000,9999.000,9999.000,9999.000,9999.000,9999.000
202603282030,  -0.522,9999.000,9999.000,9999.000,9999.000,9999.000,9999.000,9999.000,9999.000
202603282036,  -0.560,9999.000,9999.000,9999.000,9999.000,9999.000,9999.000,9999.000,9999.000
202603282042,  -0.592,9999.000,9999.000,9999.000,9999.000,9999.000,9999.000,9999.000,9999.000
202603282048,  -0.619,9999.000,9999.000,9999.000,9999.000,9999.000,9999.000,9999.000,9999.000
202603282054,  -0.640,9999.000,9999.000,9999.000,9999.000,9999.000,9999.000,9999.000,9999.000
202603282100,  -0.656,9999.000,   0.400,   0.161,  -0.095,   0.400,  -0.095,   0.400,  -0.095
202603282106,  -0.666,9999.000,9999.000,9999.000,9999.000,9999.000,9999.000,9999.000,9999.000
202603282112,  -0.670,9999.000,9999.000,9999.000,9999.000,9999.000,9999.000,9999.000,9999.000
202603282118,  -0.668,9999.000,9999.000,9999.000,9999.000,9999.000,9999.000,9999.000,9999.000
202603282124,  -0.661,9999.000,9999.000,9999.000,9999.000,9999.000,9999.000,9999.000,9999.000
202603282130,  -0.648,9999.000,9999.000,9999.000,9999.000,9999.000,9999.000,9999.000,9999.000
202603282136,  -0.629,9999.000,9999.000,9999.000,9999.000,9999.000,9999.000,9999.000,9999.000
202603282142,  -0.604,9999.000,9999.000,9999.000,9999.000,9999.000,9999.000,9999.000,9999.000
202603282148,  -0.574,9999.000,9999.000,9999.000,9999.000,9999.000,9999.000,9999.000,9999.000
202603282154,  -0.539,9999.000,9999.000,9999.000,9999.000,9999.000,9999.000,9999.000,9999.000
202603282200,  -0.498,9999.000,   0.300,   0.161,  -0.037,   0.300,  -0.037,   0.300,  -0.037
202603282206,  -0.451,9999.000,9999.000,9999.000,9999.000,9999.000,9999.000,9999.000,9999.000
202603282212,  -0.399,9999.000,9999.000,9999.000,9999.000,9999.000,9999.000,9999.000,9999.000
202603282218,  -0.343,9999.000,9999.000,9999.000,9999.000,9999.000,9999.000,9999.000,9999.000
202603282224,  -0.281,9999.000,9999.000,9999.000,9999.000,9999.000,9999.000,9999.000,9999.000
202603282230,  -0.214,9999.000,9999.000,9999.000,9999.000,9999.000,9999.000,9999.000,9999.000
202603282236,  -0.143,9999.000,9999.000,9999.000,9999.000,9999.000,9999.000,9999.000,9999.000
202603282242,  -0.067,9999.000,9999.000,9999.000,9999.000,9999.000,9999.000,9999.000,9999.000
202603282248,   0.012,9999.000,9999.000,9999.000,9999.000,9999.000,9999.000,9999.000,9999.000
202603282254,   0.096,9999.000,9999.000,9999.000,9999.000,9999.000,9999.000,9999.000,9999.000
202603282300,   0.184,9999.000,   0.300,   0.161,   0.645,   0.300,   0.645,   0.300,   0.645
202603282306,   0.276,9999.000,9999.000,9999.000,9999.000,9999.000,9999.000,9999.000,9999.000
202603282312,   0.371,9999.000,9999.000,9999.000,9999.000,9999.000,9999.000,9999.000,9999.000
202603282318,   0.470,9999.000,9999.000,9999.000,9999.000,9999.000,9999.000,9999.000,9999.000
202603282324,   0.571,9999.000,9999.000,9999.000,9999.000,9999.000,9999.000,9999.000,9999.000
202603282330,   0.675,9999.000,9999.000,9999.000,9999.000,9999.000,9999.000,9999.000,9999.000
202603282336,   0.781,9999.000,9999.000,9999.000,9999.000,9999.000,9999.000,9999.000,9999.000
202603282342,   0.890,9999.000,9999.000,9999.000,9999.000,9999.000,9999.000,9999.000,9999.000
202603282348,   1.000,9999.000,9999.000,9999.000,9999.000,9999.000,9999.000,9999.000,9999.000
202603282354,   1.113,9999.000,9999.000,9999.000,9999.000,9999.000,9999.000,9999.000,9999.000
202603290000,   1.226,9999.000,   0.400,   0.161,   1.787,   0.400,   1.787,   0.500,   1.887
202603290006,   1.340,9999.000,9999.000,9999.000,9999.000,9999.000,9999.000,9999.000,9999.000
202603290012,   1.456,9999.000,9999.000,9999.000,9999.000,9999.000,9999.000,9999.000,9999.000
202603290018,   1.572,9999.000,9999.000,9999.000,9999.000,9999.000,9999.000,9999.000,9999.000
202603290024,   1.688,9999.000,9999.000,9999.000,9999.000,9999.000,9999.000,9999.000,9999.000
202603290030,   1.804,9999.000,9999.000,9999.000,9999.000,9999.000,9999.000,9999.000,9999.000
202603290036,   1.919,9999.000,9999.000,9999.000,9999.000,9999.000,9999.000,9999.000,9999.000
202603290042,   2.034,9999.000,9999.000,9999.000,9999.000,9999.000,9999.000,9999.000,9999.000
202603290048,   2.149,9999.000,9999.000,9999.000,9999.000,9999.000,9999.000,9999.000,9999.000
202603290054,   2.262,9999.000,9999.000,9999.000,9999.000,9999.000,9999.000,9999.000,9999.000
202603290100,   2.374,9999.000,   0.400,   0.161,   2.935,   0.300,   2.835,   0.400,   2.935
202603290106,   2.484,9999.000,9999.000,9999.000,9999.000,9999.000,9999.000,9999.000,9999.000
202603290112,   2.592,9999.000,9999.000,9999.000,9999.000,9999.000,9999.000,9999.000,9999.000
202603290118,   2.699,9999.000,9999.000,9999.000,9999.000,9999.000,9999.000,9999.000,9999.000
202603290124,   2.803,9999.000,9999.000,9999.000,9999.000,9999.000,9999.000,9999.000,9999.000
202603290130,   2.905,9999.000,9999.000,9999.000,9999.000,9999.000,9999.000,9999.000,9999.000
202603290136,   3.003,9999.000,9999.000,9999.000,9999.000,9999.000,9999.000,9999.000,9999.000
202603290142,   3.099,9999.000,9999.000,9999.000,9999.000,9999.000,9999.000,9999.000,9999.000
202603290148,   3.192,9999.000,9999.000,9999.000,9999.000,9999.000,9999.000,9999.000,9999.000
202603290154,   3.282,9999.000,9999.000,9999.000,9999.000,9999.000,9999.000,9999.000,9999.000
202603290200,   3.368,9999.000,   0.400,   0.161,   3.929,   0.300,   3.829,   0.400,   3.929
202603290206,   3.451,9999.000,9999.000,9999.000,9999.000,9999.000,9999.000,9999.000,9999.000
202603290212,   3.529,9999.000,9999.000,9999.000,9999.000,9999.000,9999.000,9999.000,9999.000
202603290218,   3.604,9999.000,9999.000,9999.000,9999.000,9999.000,9999.000,9999.000,9999.000
202603290224,   3.675,9999.000,9999.000,9999.000,9999.000,9999.000,9999.000,9999.000,9999.000
202603290230,   3.741,9999.000,9999.000,9999.000,9999.000,9999.000,9999.000,9999.000,9999.000
202603290236,   3.804,9999.000,9999.000,9999.000,9999.000,9999.000,9999.000,9999.000,9999.000
202603290242,   3.862,9999.000,9999.000,9999.000,9999.000,9999.000,9999.000,9999.000,9999.000
202603290248,   3.915,9999.000,9999.000,9999.000,9999.000,9999.000,9999.000,9999.000,9999.000
202603290254,   3.964,9999.000,9999.000,9999.000,9999.000,9999.000,9999.000,9999.000,9999.000
202603290300,   4.008,9999.000,   0.300,   0.161,   4.469,   0.200,   4.369,   0.300,   4.469
202603290306,   4.047,9999.000,9999.000,9999.000,9999.000,9999.000,9999.000,9999.000,9999.000
202603290312,   4.082,9999.000,9999.000,9999.000,9999.000,9999.000,9999.000,9999.000,9999.000
202603290318,   4.112,9999.000,9999.000,9999.000,9999.000,9999.000,9999.000,9999.000,9999.000
202603290324,   4.137,9999.000,9999.000,9999.000,9999.000,9999.000,9999.000,9999.000,9999.000
202603290330,   4.157,9999.000,9999.000,9999.000,9999.000,9999.000,9999.000,9999.000,9999.000
202603290336,   4.172,9999.000,9999.000,9999.000,9999.000,9999.000,9999.000,9999.000,9999.000
202603290342,   4.183,9999.000,9999.000,9999.000,9999.000,9999.000,9999.000,9999.000,9999.000
202603290348,   4.188,9999.000,9999.000,9999.000,9999.000,9999.000,9999.000,9999.000,9999.000
202603290354,   4.189,9999.000,9999.000,9999.000,9999.000,9999.000,9999.000,9999.000,9999.000
202603290400,   4.185,9999.000,   0.400,   0.161,   4.746,   0.300,   4.646,   0.400,   4.746
202603290406,   4.176,9999.000,9999.000,9999.000,9999.000,9999.000,9999.000,9999.000,9999.000
202603290412,   4.163,9999.000,9999.000,9999.000,9999.000,9999.000,9999.000,9999.000,9999.000
202603290418,   4.145,9999.000,9999.000,9999.000,9999.000,9999.000,9999.000,9999.000,9999.000
202603290424,   4.123,9999.000,9999.000,9999.000,9999.000,9999.000,9999.000,9999.000,9999.000
202603290430,   4.097,9999.000,9999.000,9999.000,9999.000,9999.000,9999.000,9999.000,9999.000
202603290436,   4.066,9999.000,9999.000,9999.000,9999.000,9999.000,9999.000,9999.000,9999.000
202603290442,   4.031,9999.000,9999.000,9999.000,9999.000,9999.000,9999.000,9999.000,9999.000
202603290448,   3.993,9999.000,9999.000,9999.000,9999.000,9999.000,9999.000,9999.000,9999.000
202603290454,   3.950,9999.000,9999.000,9999.000,9999.000,9999.000,9999.000,9999.000,9999.000
202603290500,   3.905,9999.000,   0.400,   0.161,   4.466,   0.400,   4.466,   0.500,   4.566
202603290506,   3.855,9999.000,9999.000,9999.000,9999.000,9999.000,9999.000,9999.000,9999.000
202603290512,   3.803,9999.000,9999.000,9999.000,9999.000,9999.000,9999.000,9999.000,9999.000
202603290518,   3.747,9999.000,9999.000,9999.000,9999.000,9999.000,9999.000,9999.000,9999.000
202603290524,   3.689,9999.000,9999.000,9999.000,9999.000,9999.000,9999.000,9999.000,9999.000
202603290530,   3.628,9999.000,9999.000,9999.000,9999.000,9999.000,9999.000,9999.000,9999.000
202603290536,   3.565,9999.000,9999.000,9999.000,9999.000,9999.000,9999.000,9999.000,9999.000
202603290542,   3.500,9999.000,9999.000,9999.000,9999.000,9999.000,9999.000,9999.000,9999.000
202603290548,   3.433,9999.000,9999.000,9999.000,9999.000,9999.000,9999.000,9999.000,9999.000
202603290554,   3.364,9999.000,9999.000,9999.000,9999.000,9999.000,9999.000,9999.000,9999.000
202603290600,   3.294,9999.000,   0.300,   0.161,   3.755,   0.200,   3.655,   0.300,   3.755
202603290606,   3.223,9999.000,9999.000,9999.000,9999.000,9999.000,9999.000,9999.000,9999.000
202603290612,   3.150,9999.000,9999.000,9999.000,9999.000,9999.000,9999.000,9999.000,9999.000
202603290618,   3.077,9999.000,9999.000,9999.000,9999.000,9999.000,9999.000,9999.000,9999.000
202603290624,   3.004,9999.000,9999.000,9999.000,9999.000,9999.000,9999.000,9999.000,9999.000
202603290630,   2.930,9999.000,9999.000,9999.000,9999.000,9999.000,9999.000,9999.000,9999.000
202603290636,   2.857,9999.000,9999.000,9999.000,9999.000,9999.000,9999.000,9999.000,9999.000
202603290642,   2.784,9999.000,9999.000,9999.000,9999.000,9999.000,9999.000,9999.000,9999.000
202603290648,   2.711,9999.000,9999.000,9999.000,9999.000,9999.000,9999.000,9999.000,9999.000
202603290654,   2.639,9999.000,9999.000,9999.000,9999.000,9999.000,9999.000,9999.000,9999.000
202603290700,   2.568,9999.000,   0.300,   0.161,   3.029,   0.300,   3.029,   0.400,   3.129
202603290706,   2.498,9999.000,9999.000,9999.000,9999.000,9999.000,9999.000,9999.000,9999.000
202603290712,   2.430,9999.000,9999.000,9999.000,9999.000,9999.000,9999.000,9999.000,9999.000
202603290718,   2.363,9999.000,9999.000,9999.000,9999.000,9999.000,9999.000,9999.000,9999.000
202603290724,   2.298,9999.000,9999.000,9999.000,9999.000,9999.000,9999.000,9999.000,9999.000
202603290730,   2.235,9999.000,9999.000,9999.000,9999.000,9999.000,9999.000,9999.000,9999.000
202603290736,   2.175,9999.000,9999.000,9999.000,9999.000,9999.000,9999.000,9999.000,9999.000
202603290742,   2.116,9999.000,9999.000,9999.000,9999.000,9999.000,9999.000,9999.000,9999.000
202603290748,   2.061,9999.000,9999.000,9999.000,9999.000,9999.000,9999.000,9999.000,9999.000
202603290754,   2.008,9999.000,9999.000,9999.000,9999.000,9999.000,9999.000,9999.000,9999.000
202603290800,   1.959,9999.000,   0.300,   0.161,   2.420,   0.200,   2.320,   0.400,   2.520
202603290806,   1.912,9999.000,9999.000,9999.000,9999.000,9999.000,9999.000,9999.000,9999.000
202603290812,   1.869,9999.000,9999.000,9999.000,9999.000,9999.000,9999.000,9999.000,9999.000
202603290818,   1.829,9999.000,9999.000,9999.000,9999.000,9999.000,9999.000,9999.000,9999.000
202603290824,   1.793,9999.000,9999.000,9999.000,9999.000,9999.000,9999.000,9999.000,9999.000
202603290830,   1.760,9999.000,9999.000,9999.000,9999.000,9999.000,9999.000,9999.000,9999.000
202603290836,   1.731,9999.000,9999.000,9999.000,9999.000,9999.000,9999.000,9999.000,9999.000
202603290842,   1.707,9999.000,9999.000,9999.000,9999.000,9999.000,9999.000,9999.000,9999.000
202603290848,   1.686,9999.000,9999.000,9999.000,9999.000,9999.000,9999.000,9999.000,9999.000
202603290854,   1.669,9999.000,9999.000,9999.000,9999.000,9999.000,9999.000,9999.000,9999.000
202603290900,   1.657,9999.000,   0.500,   0.161,   2.318,   0.400,   2.218,   0.500,   2.318
202603290906,   1.649,9999.000,9999.000,9999.000,9999.000,9999.000,9999.000,9999.000,9999.000
202603290912,   1.646,9999.000,9999.000,9999.000,9999.000,9999.000,9999.000,9999.000,9999.000
202603290918,   1.646,9999.000,9999.000,9999.000,9999.000,9999.000,9999.000,9999.000,9999.000
202603290924,   1.651,9999.000,9999.000,9999.000,9999.000,9999.000,9999.000,9999.000,9999.000
202603290930,   1.661,9999.000,9999.000,9999.000,9999.000,9999.000,9999.000,9999.000,9999.000
202603290936,   1.675,9999.000,9999.000,9999.000,9999.000,9999.000,9999.000,9999.000,9999.000
202603290942,   1.694,9999.000,9999.000,9999.000,9999.000,9999.000,9999.000,9999.000,9999.000
202603290948,   1.717,9999.000,9999.000,9999.000,9999.000,9999.000,9999.000,9999.000,9999.000
202603290954,   1.745,9999.000,9999.000,9999.000,9999.000,9999.000,9999.000,9999.000,9999.000
202603291000,   1.776,9999.000,   0.400,   0.161,   2.337,   0.300,   2.237,   0.400,   2.337
202603291006,   1.813,9999.000,9999.000,9999.000,9999.000,9999.000,9999.000,9999.000,9999.000
202603291012,   1.853,9999.000,9999.000,9999.000,9999.000,9999.000,9999.000,9999.000,9999.000
202603291018,   1.898,9999.000,9999.000,9999.000,9999.000,9999.000,9999.000,9999.000,9999.000
202603291024,   1.946,9999.000,9999.000,9999.000,9999.000,9999.000,9999.000,9999.000,9999.000
202603291030,   1.999,9999.000,9999.000,9999.000,9999.000,9999.000,9999.000,9999.000,9999.000
202603291036,   2.055,9999.000,9999.000,9999.000,9999.000,9999.000,9999.000,9999.000,9999.000
202603291042,   2.115,9999.000,9999.000,9999.000,9999.000,9999.000,9999.000,9999.000,9999.000
202603291048,   2.179,9999.000,9999.000,9999.000,9999.000,9999.000,9999.000,9999.000,9999.000
202603291054,   2.246,9999.000,9999.000,9999.000,9999.000,9999.000,9999.000,9999.000,9999.000
202603291100,   2.316,9999.000,   0.300,   0.161,   2.777,   0.300,   2.777,   0.400,   2.877
202603291106,   2.389,9999.000,9999.000,9999.000,9999.000,9999.000,9999.000,9999.000,9999.000
202603291112,   2.465,9999.000,9999.000,9999.000,9999.000,9999.000,9999.000,9999.000,9999.000
202603291118,   2.543,9999.000,9999.000,9999.000,9999.000,9999.000,9999.000,9999.000,9999.000
202603291124,   2.624,9999.000,9999.000,9999.000,9999.000,9999.000,9999.000,9999.000,9999.000
202603291130,   2.706,9999.000,9999.000,9999.000,9999.000,9999.000,9999.000,9999.000,9999.000
202603291136,   2.791,9999.000,9999.000,9999.000,9999.000,9999.000,9999.000,9999.000,9999.000
202603291142,   2.877,9999.000,9999.000,9999.000,9999.000,9999.000,9999.000,9999.000,9999.000
202603291148,   2.965,9999.000,9999.000,9999.000,9999.000,9999.000,9999.000,9999.000,9999.000
202603291154,   3.053,9999.000,9999.000,9999.000,9999.000,9999.000,9999.000,9999.000,9999.000
202603291200,   3.143,9999.000,   0.400,   0.161,   3.704,   0.300,   3.604,   0.500,   3.804
