        TIME,    TIDE,      OB,   SURGE,    BIAS,     TWL,SURGE90p,  TWL90p,SURGE10p,   TWL10p
202604051200,   7.253,   7.019,  -0.100,  -0.134,   7.019,  -0.100,   7.019,   0.000,   7.119
202604051206,   7.321,9999.000,9999.000,9999.000,9999.000,9999.000,9999.000,9999.000,9999.000
202604051212,   7.386,   7.166,9999.000,9999.000,9999.000,9999.000,9999.000,9999.000,9999.000
202604051218,   7.450,9999.000,9999.000,9999.000,9999.000,9999.000,9999.000,9999.000,9999.000
202604051224,   7.511,   7.317,9999.000,9999.000,9999.000,9999.000,9999.000,9999.000,9999.000
202604051230,   7.570,9999.000,9999.000,9999.000,9999.000,9999.000,9999.000,9999.000,9999.000
202604051236,   7.625,   7.429,9999.000,9999.000,9999.000,9999.000,9999.000,9999.000,9999.000
202604051242,   7.678,9999.000,9999.000,9999.000,9999.000,9999.000,9999.000,9999.000,9999.000
202604051248,   7.726,   7.557,9999.000,9999.000,9999.000,9999.000,9999.000,9999.000,9999.000
202604051254,   7.772,9999.000,9999.000,9999.000,9999.000,9999.000,9999.000,9999.000,9999.000
202604051300,   7.813,   7.658,   0.000,  -0.155,   7.658,   0.000,   7.658,   0.000,   7.658
202604051306,   7.851,   7.688,9999.000,9999.000,9999.000,9999.000,9999.000,9999.000,9999.000
202604051312,   7.884,   7.737,9999.000,9999.000,9999.000,9999.000,9999.000,9999.000,9999.000
202604051318,   7.913,   7.786,9999.000,9999.000,9999.000,9999.000,9999.000,9999.000,9999.000
202604051324,   7.938,   7.806,9999.000,9999.000,9999.000,9999.000,9999.000,9999.000,9999.000
202604051330,   7.957,   7.819,9999.000,9999.000,9999.000,9999.000,9999.000,9999.000,9999.000
202604051336,   7.972,   7.829,9999.000,9999.000,9999.000,9999.000,9999.000,9999.000,9999.000
202604051342,   7.981,   7.839,9999.000,9999.000,9999.000,9999.000,9999.000,9999.000,9999.000
202604051348,   7.985,   7.839,9999.000,9999.000,9999.000,9999.000,9999.000,9999.000,9999.000
202604051354,   7.984,   7.829,9999.000,9999.000,9999.000,9999.000,9999.000,9999.000,9999.000
202604051400,   7.977,   7.806,   0.000,  -0.171,   7.806,  -0.100,   7.706,   0.000,   7.806
202604051406,   7.964,   7.786,9999.000,9999.000,9999.000,9999.000,9999.000,9999.000,9999.000
202604051412,   7.946,   7.776,9999.000,9999.000,9999.000,9999.000,9999.000,9999.000,9999.000
202604051418,   7.921,   7.747,9999.000,9999.000,9999.000,9999.000,9999.000,9999.000,9999.000
202604051424,   7.890,   7.717,9999.000,9999.000,9999.000,9999.000,9999.000,9999.000,9999.000
202604051430,   7.853,   7.678,9999.000,9999.000,9999.000,9999.000,9999.000,9999.000,9999.000
202604051436,   7.809,   7.639,9999.000,9999.000,9999.000,9999.000,9999.000,9999.000,9999.000
202604051442,   7.758,   7.586,9999.000,9999.000,9999.000,9999.000,9999.000,9999.000,9999.000
202604051448,   7.701,   7.537,9999.000,9999.000,9999.000,9999.000,9999.000,9999.000,9999.000
202604051454,   7.638,   7.478,9999.000,9999.000,9999.000,9999.000,9999.000,9999.000,9999.000
202604051500,   7.568,   7.419,  -0.100,  -0.049,   7.419,  -0.100,   7.419,   0.000,   7.519
202604051506,   7.491,   7.347,9999.000,9999.000,9999.000,9999.000,9999.000,9999.000,9999.000
202604051512,   7.407,   7.268,9999.000,9999.000,9999.000,9999.000,9999.000,9999.000,9999.000
202604051518,   7.317,   7.189,9999.000,9999.000,9999.000,9999.000,9999.000,9999.000,9999.000
202604051524,   7.220,   7.088,9999.000,9999.000,9999.000,9999.000,9999.000,9999.000,9999.000
202604051530,   7.116,   6.979,9999.000,9999.000,9999.000,9999.000,9999.000,9999.000,9999.000
202604051536,   7.006,   6.868,9999.000,9999.000,9999.000,9999.000,9999.000,9999.000,9999.000
202604051542,   6.890,   6.756,9999.000,9999.000,9999.000,9999.000,9999.000,9999.000,9999.000
202604051548,   6.768,   6.648,9999.000,9999.000,9999.000,9999.000,9999.000,9999.000,9999.000
202604051554,   6.640,   6.507,9999.000,9999.000,9999.000,9999.000,9999.000,9999.000,9999.000
202604051600,   6.507,   6.359,   0.000,  -0.148,   6.359,  -0.100,   6.259,   0.000,   6.359
202604051606,   6.368,   6.228,9999.000,9999.000,9999.000,9999.000,9999.000,9999.000,9999.000
202604051612,   6.224,   6.077,9999.000,9999.000,9999.000,9999.000,9999.000,9999.000,9999.000
202604051618,   6.074,   5.917,9999.000,9999.000,9999.000,9999.000,9999.000,9999.000,9999.000
202604051624,   5.921,   5.759,9999.000,9999.000,9999.000,9999.000,9999.000,9999.000,9999.000
202604051630,   5.763,   5.618,9999.000,9999.000,9999.000,9999.000,9999.000,9999.000,9999.000
202604051636,   5.601,   5.457,9999.000,9999.000,9999.000,9999.000,9999.000,9999.000,9999.000
202604051642,   5.435,   5.277,9999.000,9999.000,9999.000,9999.000,9999.000,9999.000,9999.000
202604051648,   5.266,   5.110,9999.000,9999.000,9999.000,9999.000,9999.000,9999.000,9999.000
202604051654,   5.094,   4.949,9999.000,9999.000,9999.000,9999.000,9999.000,9999.000,9999.000
202604051700,   4.919,   4.788,   0.000,  -0.131,   4.788,   0.000,   4.788,   0.000,   4.788
202604051706,   4.742,   4.628,9999.000,9999.000,9999.000,9999.000,9999.000,9999.000,9999.000
202604051712,   4.563,   4.467,9999.000,9999.000,9999.000,9999.000,9999.000,9999.000,9999.000
202604051718,   4.383,   4.300,9999.000,9999.000,9999.000,9999.000,9999.000,9999.000,9999.000
202604051724,   4.201,   4.139,9999.000,9999.000,9999.000,9999.000,9999.000,9999.000,9999.000
202604051730,   4.018,   3.968,9999.000,9999.000,9999.000,9999.000,9999.000,9999.000,9999.000
202604051736,   3.834,   3.798,9999.000,9999.000,9999.000,9999.000,9999.000,9999.000,9999.000
202604051742,   3.650,   3.627,9999.000,9999.000,9999.000,9999.000,9999.000,9999.000,9999.000
202604051748,   3.467,   3.450,9999.000,9999.000,9999.000,9999.000,9999.000,9999.000,9999.000
202604051754,   3.283,   3.270,9999.000,9999.000,9999.000,9999.000,9999.000,9999.000,9999.000
202604051800,   3.101,   3.109,   0.000,   0.008,   3.109,   0.000,   3.109,   0.000,   3.109
202604051806,   2.919,   2.929,9999.000,9999.000,9999.000,9999.000,9999.000,9999.000,9999.000
202604051812,   2.739,   2.758,9999.000,9999.000,9999.000,9999.000,9999.000,9999.000,9999.000
202604051818,   2.561,   2.578,9999.000,9999.000,9999.000,9999.000,9999.000,9999.000,9999.000
202604051824,   2.384,   2.400,9999.000,9999.000,9999.000,9999.000,9999.000,9999.000,9999.000
202604051830,   2.210,   2.230,9999.000,9999.000,9999.000,9999.000,9999.000,9999.000,9999.000
202604051836,   2.039,   2.059,9999.000,9999.000,9999.000,9999.000,9999.000,9999.000,9999.000
202604051842,   1.871,   1.879,9999.000,9999.000,9999.000,9999.000,9999.000,9999.000,9999.000
202604051848,   1.707,   1.708,9999.000,9999.000,9999.000,9999.000,9999.000,9999.000,9999.000
202604051854,   1.546,   1.548,9999.000,9999.000,9999.000,9999.000,9999.000,9999.000,9999.000
202604051900,   1.389,   1.390,   0.000,   0.001,   1.390,   0.000,   1.390,   0.000,   1.390
202604051906,   1.237,   1.239,9999.000,9999.000,9999.000,9999.000,9999.000,9999.000,9999.000
202604051912,   1.089,   1.088,9999.000,9999.000,9999.000,9999.000,9999.000,9999.000,9999.000
202604051918,   0.947,   0.941,9999.000,9999.000,9999.000,9999.000,9999.000,9999.000,9999.000
202604051924,   0.809,   0.800,9999.000,9999.000,9999.000,9999.000,9999.000,9999.000,9999.000
202604051930,   0.678,   0.659,9999.000,9999.000,9999.000,9999.000,9999.000,9999.000,9999.000
202604051936,   0.553,   0.541,9999.000,9999.000,9999.000,9999.000,9999.000,9999.000,9999.000
202604051942,   0.433,   0.439,9999.000,9999.000,9999.000,9999.000,9999.000,9999.000,9999.000
202604051948,   0.321,   0.321,9999.000,9999.000,9999.000,9999.000,9999.000,9999.000,9999.000
202604051954,   0.215,   0.200,9999.000,9999.000,9999.000,9999.000,9999.000,9999.000,9999.000
202604052000,   0.116,   0.098,   0.000,  -0.018,   0.098,   0.000,   0.098,   0.000,   0.098
202604052006,   0.025,   0.000,9999.000,9999.000,9999.000,9999.000,9999.000,9999.000,9999.000
202604052012,  -0.058,  -0.068,9999.000,9999.000,9999.000,9999.000,9999.000,9999.000,9999.000
202604052018,  -0.134,  -0.150,9999.000,9999.000,9999.000,9999.000,9999.000,9999.000,9999.000
202604052024,  -0.203,  -0.219,9999.000,9999.000,9999.000,9999.000,9999.000,9999.000,9999.000
202604052030,  -0.263,  -0.278,9999.000,9999.000,9999.000,9999.000,9999.000,9999.000,9999.000
202604052036,  -0.315,  -0.331,9999.000,9999.000,9999.000,9999.000,9999.000,9999.000,9999.000
202604052042,  -0.359,  -0.390,9999.000,9999.000,9999.000,9999.000,9999.000,9999.000,9999.000
202604052048,  -0.395,  -0.459,9999.000,9999.000,9999.000,9999.000,9999.000,9999.000,9999.000
202604052054,  -0.422,  -0.459,9999.000,9999.000,9999.000,9999.000,9999.000,9999.000,9999.000
202604052100,  -0.441,  -0.478,   0.000,  -0.037,  -0.478,   0.000,  -0.478,   0.000,  -0.478
202604052106,  -0.451,  -0.508,9999.000,9999.000,9999.000,9999.000,9999.000,9999.000,9999.000
202604052112,  -0.452,  -0.541,9999.000,9999.000,9999.000,9999.000,9999.000,9999.000,9999.000
202604052118,  -0.445,  -0.531,9999.000,9999.000,9999.000,9999.000,9999.000,9999.000,9999.000
202604052124,  -0.430,  -0.498,9999.000,9999.000,9999.000,9999.000,9999.000,9999.000,9999.000
202604052130,  -0.406,  -0.478,9999.000,9999.000,9999.000,9999.000,9999.000,9999.000,9999.000
202604052136,  -0.374,  -0.459,9999.000,9999.000,9999.000,9999.000,9999.000,9999.000,9999.000
202604052142,  -0.333,  -0.419,9999.000,9999.000,9999.000,9999.000,9999.000,9999.000,9999.000
202604052148,  -0.284,  -0.360,9999.000,9999.000,9999.000,9999.000,9999.000,9999.000,9999.000
202604052154,  -0.227,  -0.308,9999.000,9999.000,9999.000,9999.000,9999.000,9999.000,9999.000
202604052200,  -0.162,  -0.249,   0.000,  -0.087,  -0.249,   0.000,  -0.249,   0.000,  -0.249
202604052206,  -0.089,  -0.170,9999.000,9999.000,9999.000,9999.000,9999.000,9999.000,9999.000
202604052212,  -0.009,  -0.078,9999.000,9999.000,9999.000,9999.000,9999.000,9999.000,9999.000
202604052218,   0.078,   0.019,9999.000,9999.000,9999.000,9999.000,9999.000,9999.000,9999.000
202604052224,   0.174,   0.131,9999.000,9999.000,9999.000,9999.000,9999.000,9999.000,9999.000
202604052230,   0.276,   0.249,9999.000,9999.000,9999.000,9999.000,9999.000,9999.000,9999.000
202604052236,   0.385,   0.370,9999.000,9999.000,9999.000,9999.000,9999.000,9999.000,9999.000
202604052242,   0.501,   0.498,9999.000,9999.000,9999.000,9999.000,9999.000,9999.000,9999.000
202604052248,   0.623,   0.639,9999.000,9999.000,9999.000,9999.000,9999.000,9999.000,9999.000
202604052254,   0.752,   0.780,9999.000,9999.000,9999.000,9999.000,9999.000,9999.000,9999.000
202604052300,   0.886,   0.918,   0.000,   0.032,   0.918,   0.000,   0.918,   0.000,   0.918
202604052306,   1.026,   1.079,9999.000,9999.000,9999.000,9999.000,9999.000,9999.000,9999.000
202604052312,   1.171,   1.239,9999.000,9999.000,9999.000,9999.000,9999.000,9999.000,9999.000
202604052318,   1.320,   1.380,9999.000,9999.000,9999.000,9999.000,9999.000,9999.000,9999.000
202604052324,   1.475,   1.528,9999.000,9999.000,9999.000,9999.000,9999.000,9999.000,9999.000
202604052330,   1.634,   1.679,9999.000,9999.000,9999.000,9999.000,9999.000,9999.000,9999.000
202604052336,   1.796,   1.830,9999.000,9999.000,9999.000,9999.000,9999.000,9999.000,9999.000
202604052342,   1.962,   1.990,9999.000,9999.000,9999.000,9999.000,9999.000,9999.000,9999.000
202604052348,   2.132,   2.158,9999.000,9999.000,9999.000,9999.000,9999.000,9999.000,9999.000
202604052354,   2.304,   2.309,9999.000,9999.000,9999.000,9999.000,9999.000,9999.000,9999.000
202604060000,   2.479,   2.479,   0.000,   0.000,   2.479,   0.000,   2.479,   0.000,   2.479
202604060006,   2.657,   2.650,9999.000,9999.000,9999.000,9999.000,9999.000,9999.000,9999.000
202604060012,   2.836,   2.807,9999.000,9999.000,9999.000,9999.000,9999.000,9999.000,9999.000
202604060018,   3.016,   2.978,9999.000,9999.000,9999.000,9999.000,9999.000,9999.000,9999.000
202604060024,   3.198,   3.158,9999.000,9999.000,9999.000,9999.000,9999.000,9999.000,9999.000
202604060030,   3.381,   3.329,9999.000,9999.000,9999.000,9999.000,9999.000,9999.000,9999.000
202604060036,   3.565,   3.499,9999.000,9999.000,9999.000,9999.000,9999.000,9999.000,9999.000
202604060042,   3.748,   3.670,9999.000,9999.000,9999.000,9999.000,9999.000,9999.000,9999.000
202604060048,   3.932,   3.847,9999.000,9999.000,9999.000,9999.000,9999.000,9999.000,9999.000
202604060054,   4.115,   4.027,9999.000,9999.000,9999.000,9999.000,9999.000,9999.000,9999.000
202604060100,   4.298,   4.198,   0.000,  -0.100,   4.198,   0.000,   4.198,   0.100,   4.298
202604060106,   4.480,   4.378,9999.000,9999.000,9999.000,9999.000,9999.000,9999.000,9999.000
202604060112,   4.661,   4.559,9999.000,9999.000,9999.000,9999.000,9999.000,9999.000,9999.000
202604060118,   4.840,   4.719,9999.000,9999.000,9999.000,9999.000,9999.000,9999.000,9999.000
202604060124,   5.017,   4.900,9999.000,9999.000,9999.000,9999.000,9999.000,9999.000,9999.000
202604060130,   5.193,   5.057,9999.000,9999.000,9999.000,9999.000,9999.000,9999.000,9999.000
202604060136,   5.366,   5.228,9999.000,9999.000,9999.000,9999.000,9999.000,9999.000,9999.000
202604060142,   5.537,   5.408,9999.000,9999.000,9999.000,9999.000,9999.000,9999.000,9999.000
202604060148,   5.705,   5.569,9999.000,9999.000,9999.000,9999.000,9999.000,9999.000,9999.000
202604060154,   5.870,   5.739,9999.000,9999.000,9999.000,9999.000,9999.000,9999.000,9999.000
202604060200,   6.032,   5.907,   0.000,  -0.125,   5.907,   0.000,   5.907,   0.000,   5.907
202604060206,   6.190,   6.067,9999.000,9999.000,9999.000,9999.000,9999.000,9999.000,9999.000
202604060212,   6.344,   6.238,9999.000,9999.000,9999.000,9999.000,9999.000,9999.000,9999.000
202604060218,   6.494,   6.379,9999.000,9999.000,9999.000,9999.000,9999.000,9999.000,9999.000
202604060224,   6.640,   6.517,9999.000,9999.000,9999.000,9999.000,9999.000,9999.000,9999.000
202604060230,   6.782,   6.668,9999.000,9999.000,9999.000,9999.000,9999.000,9999.000,9999.000
202604060236,   6.919,   6.819,9999.000,9999.000,9999.000,9999.000,9999.000,9999.000,9999.000
202604060242,   7.051,   6.956,9999.000,9999.000,9999.000,9999.000,9999.000,9999.000,9999.000
202604060248,   7.177,   7.068,9999.000,9999.000,9999.000,9999.000,9999.000,9999.000,9999.000
202604060254,   7.298,   7.209,9999.000,9999.000,9999.000,9999.000,9999.000,9999.000,9999.000
202604060300,   7.414,   7.347,   0.000,  -0.067,   7.347,   0.000,   7.347,   0.000,   7.347
202604060306,   7.524,   7.448,9999.000,9999.000,9999.000,9999.000,9999.000,9999.000,9999.000
202604060312,   7.628,   7.547,9999.000,9999.000,9999.000,9999.000,9999.000,9999.000,9999.000
202604060318,   7.725,   7.648,9999.000,9999.000,9999.000,9999.000,9999.000,9999.000,9999.000
202604060324,   7.817,   7.737,9999.000,9999.000,9999.000,9999.000,9999.000,9999.000,9999.000
202604060330,   7.902,   7.819,9999.000,9999.000,9999.000,9999.000,9999.000,9999.000,9999.000
202604060336,   7.980,   7.898,9999.000,9999.000,9999.000,9999.000,9999.000,9999.000,9999.000
202604060342,   8.053,   7.976,9999.000,9999.000,9999.000,9999.000,9999.000,9999.000,9999.000
202604060348,   8.118,   8.049,9999.000,9999.000,9999.000,9999.000,9999.000,9999.000,9999.000
202604060354,   8.177,   8.117,9999.000,9999.000,9999.000,9999.000,9999.000,9999.000,9999.000
202604060400,   8.229,   8.177,   0.000,  -0.052,   8.177,   0.000,   8.177,   0.100,   8.277
202604060406,   8.275,   8.229,9999.000,9999.000,9999.000,9999.000,9999.000,9999.000,9999.000
202604060412,   8.315,   8.288,9999.000,9999.000,9999.000,9999.000,9999.000,9999.000,9999.000
202604060418,   8.348,   8.327,9999.000,9999.000,9999.000,9999.000,9999.000,9999.000,9999.000
202604060424,   8.374,   8.347,9999.000,9999.000,9999.000,9999.000,9999.000,9999.000,9999.000
202604060430,   8.395,   8.367,9999.000,9999.000,9999.000,9999.000,9999.000,9999.000,9999.000
202604060436,   8.409,   8.386,9999.000,9999.000,9999.000,9999.000,9999.000,9999.000,9999.000
202604060442,   8.418,   8.396,9999.000,9999.000,9999.000,9999.000,9999.000,9999.000,9999.000
202604060448,   8.420,   8.377,9999.000,9999.000,9999.000,9999.000,9999.000,9999.000,9999.000
202604060454,   8.418,   8.377,9999.000,9999.000,9999.000,9999.000,9999.000,9999.000,9999.000
202604060500,   8.409,   8.377,   0.100,  -0.132,   8.377,   0.100,   8.377,   0.100,   8.377
202604060506,   8.396,   8.367,9999.000,9999.000,9999.000,9999.000,9999.000,9999.000,9999.000
202604060512,   8.378,   8.347,9999.000,9999.000,9999.000,9999.000,9999.000,9999.000,9999.000
202604060518,   8.355,   8.327,9999.000,9999.000,9999.000,9999.000,9999.000,9999.000,9999.000
202604060524,   8.328,   8.288,9999.000,9999.000,9999.000,9999.000,9999.000,9999.000,9999.000
202604060530,   8.296,   8.268,9999.000,9999.000,9999.000,9999.000,9999.000,9999.000,9999.000
202604060536,   8.261,   8.229,9999.000,9999.000,9999.000,9999.000,9999.000,9999.000,9999.000
202604060542,   8.221,   8.167,9999.000,9999.000,9999.000,9999.000,9999.000,9999.000,9999.000
202604060548,   8.178,   8.117,9999.000,9999.000,9999.000,9999.000,9999.000,9999.000,9999.000
202604060554,   8.132,   8.068,9999.000,9999.000,9999.000,9999.000,9999.000,9999.000,9999.000
202604060600,   8.083,   8.029,   0.100,  -0.154,   8.029,   0.100,   8.029,   0.100,   8.029
202604060606,   8.031,   7.967,9999.000,9999.000,9999.000,9999.000,9999.000,9999.000,9999.000
202604060612,   7.976,   7.908,9999.000,9999.000,9999.000,9999.000,9999.000,9999.000,9999.000
202604060618,   7.919,   7.858,9999.000,9999.000,9999.000,9999.000,9999.000,9999.000,9999.000
202604060624,   7.859,   7.796,9999.000,9999.000,9999.000,9999.000,9999.000,9999.000,9999.000
202604060630,   7.798,   7.747,9999.000,9999.000,9999.000,9999.000,9999.000,9999.000,9999.000
202604060636,   7.735,   7.688,9999.000,9999.000,9999.000,9999.000,9999.000,9999.000,9999.000
202604060642,   7.671,   7.629,9999.000,9999.000,9999.000,9999.000,9999.000,9999.000,9999.000
202604060648,   7.606,   7.576,9999.000,9999.000,9999.000,9999.000,9999.000,9999.000,9999.000
202604060654,   7.539,   7.507,9999.000,9999.000,9999.000,9999.000,9999.000,9999.000,9999.000
202604060700,   7.472,   7.448,   0.100,  -0.124,   7.448,   0.000,   7.348,   0.100,   7.448
202604060706,   7.405,   7.399,9999.000,9999.000,9999.000,9999.000,9999.000,9999.000,9999.000
202604060712,   7.337,   7.337,9999.000,9999.000,9999.000,9999.000,9999.000,9999.000,9999.000
202604060718,   7.269,   7.278,9999.000,9999.000,9999.000,9999.000,9999.000,9999.000,9999.000
202604060724,   7.202,   7.219,9999.000,9999.000,9999.000,9999.000,9999.000,9999.000,9999.000
202604060730,   7.135,   7.147,9999.000,9999.000,9999.000,9999.000,9999.000,9999.000,9999.000
202604060736,   7.069,   7.088,9999.000,9999.000,9999.000,9999.000,9999.000,9999.000,9999.000
202604060742,   7.004,   7.019,9999.000,9999.000,9999.000,9999.000,9999.000,9999.000,9999.000
202604060748,   6.941,   6.956,9999.000,9999.000,9999.000,9999.000,9999.000,9999.000,9999.000
202604060754,   6.879,   6.887,9999.000,9999.000,9999.000,9999.000,9999.000,9999.000,9999.000
202604060800,   6.819,   6.828,   0.100,  -0.091,   6.828,   0.100,   6.828,   0.100,   6.828
202604060806,   6.761,   6.766,9999.000,9999.000,9999.000,9999.000,9999.000,9999.000,9999.000
202604060812,   6.705,   6.717,9999.000,9999.000,9999.000,9999.000,9999.000,9999.000,9999.000
202604060818,   6.652,   6.658,9999.000,9999.000,9999.000,9999.000,9999.000,9999.000,9999.000
202604060824,   6.601,   6.599,9999.000,9999.000,9999.000,9999.000,9999.000,9999.000,9999.000
202604060830,   6.554,   6.556,9999.000,9999.000,9999.000,9999.000,9999.000,9999.000,9999.000
202604060836,   6.509,   6.517,9999.000,9999.000,9999.000,9999.000,9999.000,9999.000,9999.000
202604060842,   6.468,   6.477,9999.000,9999.000,9999.000,9999.000,9999.000,9999.000,9999.000
202604060848,   6.430,   6.448,9999.000,9999.000,9999.000,9999.000,9999.000,9999.000,9999.000
202604060854,   6.395,   6.418,9999.000,9999.000,9999.000,9999.000,9999.000,9999.000,9999.000
202604060900,   6.364,   6.399,   0.100,  -0.065,   6.399,   0.100,   6.399,   0.100,   6.399
202604060906,   6.337,   6.369,9999.000,9999.000,9999.000,9999.000,9999.000,9999.000,9999.000
202604060912,   6.314,   6.346,9999.000,9999.000,9999.000,9999.000,9999.000,9999.000,9999.000
202604060918,   6.294,   6.327,9999.000,9999.000,9999.000,9999.000,9999.000,9999.000,9999.000
202604060924,   6.279,   6.317,9999.000,9999.000,9999.000,9999.000,9999.000,9999.000,9999.000
202604060930,   6.267,   6.317,9999.000,9999.000,9999.000,9999.000,9999.000,9999.000,9999.000
202604060936,   6.259,   6.307,9999.000,9999.000,9999.000,9999.000,9999.000,9999.000,9999.000
202604060942,   6.256,   6.327,9999.000,9999.000,9999.000,9999.000,9999.000,9999.000,9999.000
202604060948,   6.256,   6.327,9999.000,9999.000,9999.000,9999.000,9999.000,9999.000,9999.000
202604060954,   6.260,   6.336,9999.000,9999.000,9999.000,9999.000,9999.000,9999.000,9999.000
202604061000,   6.268,   6.359,   0.100,  -0.009,   6.359,   0.000,   6.259,   0.200,   6.459
202604061006,   6.279,   6.379,9999.000,9999.000,9999.000,9999.000,9999.000,9999.000,9999.000
202604061012,   6.295,   6.389,9999.000,9999.000,9999.000,9999.000,9999.000,9999.000,9999.000
202604061018,   6.314,   6.399,9999.000,9999.000,9999.000,9999.000,9999.000,9999.000,9999.000
202604061024,   6.336,   6.428,9999.000,9999.000,9999.000,9999.000,9999.000,9999.000,9999.000
202604061030,   6.362,   6.458,9999.000,9999.000,9999.000,9999.000,9999.000,9999.000,9999.000
202604061036,   6.391,   6.487,9999.000,9999.000,9999.000,9999.000,9999.000,9999.000,9999.000
202604061042,   6.423,   6.517,9999.000,9999.000,9999.000,9999.000,9999.000,9999.000,9999.000
202604061048,   6.458,   6.546,9999.000,9999.000,9999.000,9999.000,9999.000,9999.000,9999.000
202604061054,   6.496,   6.579,9999.000,9999.000,9999.000,9999.000,9999.000,9999.000,9999.000
202604061100,   6.537,   6.628,   0.100,  -0.009,   6.628,   0.000,   6.528,   0.200,   6.728
202604061106,   6.580,   6.687,9999.000,9999.000,9999.000,9999.000,9999.000,9999.000,9999.000
202604061112,   6.625,   6.737,9999.000,9999.000,9999.000,9999.000,9999.000,9999.000,9999.000
202604061118,   6.672,   6.766,9999.000,9999.000,9999.000,9999.000,9999.000,9999.000,9999.000
202604061124,   6.720,   6.819,9999.000,9999.000,9999.000,9999.000,9999.000,9999.000,9999.000
202604061130,   6.770,   6.868,9999.000,9999.000,9999.000,9999.000,9999.000,9999.000,9999.000
202604061136,   6.822,   6.927,9999.000,9999.000,9999.000,9999.000,9999.000,9999.000,9999.000
202604061142,   6.874,   6.956,9999.000,9999.000,9999.000,9999.000,9999.000,9999.000,9999.000
202604061148,   6.927,   7.009,9999.000,9999.000,9999.000,9999.000,9999.000,9999.000,9999.000
202604061154,   6.981,   7.068,9999.000,9999.000,9999.000,9999.000,9999.000,9999.000,9999.000
202604061200,   7.034,   7.127,   0.100,  -0.007,   7.127,   0.100,   7.127,   0.100,   7.127
202604061206,   7.088,   7.189,9999.000,9999.000,9999.000,9999.000,9999.000,9999.000,9999.000
202604061212,   7.141,   7.229,9999.000,9999.000,9999.000,9999.000,9999.000,9999.000,9999.000
202604061218,   7.194,   7.278,9999.000,9999.000,9999.000,9999.000,9999.000,9999.000,9999.000
202604061224,   7.246,   7.317,9999.000,9999.000,9999.000,9999.000,9999.000,9999.000,9999.000
202604061230,   7.296,   7.366,9999.000,9999.000,9999.000,9999.000,9999.000,9999.000,9999.000
202604061236,   7.345,   7.419,9999.000,9999.000,9999.000,9999.000,9999.000,9999.000,9999.000
202604061242,   7.393,   7.458,9999.000,9999.000,9999.000,9999.000,9999.000,9999.000,9999.000
202604061248,   7.438,   7.498,9999.000,9999.000,9999.000,9999.000,9999.000,9999.000,9999.000
202604061254,   7.482,   7.527,9999.000,9999.000,9999.000,9999.000,9999.000,9999.000,9999.000
202604061300,   7.523,   7.576,   0.100,  -0.047,   7.576,   0.100,   7.576,   0.100,   7.576
202604061306,   7.561,   7.619,9999.000,9999.000,9999.000,9999.000,9999.000,9999.000,9999.000
202604061312,   7.597,   7.658,9999.000,9999.000,9999.000,9999.000,9999.000,9999.000,9999.000
202604061318,   7.629,   7.707,9999.000,9999.000,9999.000,9999.000,9999.000,9999.000,9999.000
202604061324,   7.658,   7.737,9999.000,9999.000,9999.000,9999.000,9999.000,9999.000,9999.000
202604061330,   7.684,   7.776,9999.000,9999.000,9999.000,9999.000,9999.000,9999.000,9999.000
202604061336,   7.707,   7.796,9999.000,9999.000,9999.000,9999.000,9999.000,9999.000,9999.000
202604061342,   7.725,   7.796,9999.000,9999.000,9999.000,9999.000,9999.000,9999.000,9999.000
202604061348,   7.740,   7.819,9999.000,9999.000,9999.000,9999.000,9999.000,9999.000,9999.000
202604061354,   7.750,   7.849,9999.000,9999.000,9999.000,9999.000,9999.000,9999.000,9999.000
202604061400,   7.757,   7.849,   0.100,  -0.008,   7.849,   0.100,   7.849,   0.100,   7.849
202604061406,   7.759,   7.849,9999.000,9999.000,9999.000,9999.000,9999.000,9999.000,9999.000
202604061412,   7.756,   7.858,9999.000,9999.000,9999.000,9999.000,9999.000,9999.000,9999.000
202604061418,   7.749,   7.858,9999.000,9999.000,9999.000,9999.000,9999.000,9999.000,9999.000
202604061424,   7.738,   7.829,9999.000,9999.000,9999.000,9999.000,9999.000,9999.000,9999.000
202604061430,   7.721,   7.819,9999.000,9999.000,9999.000,9999.000,9999.000,9999.000,9999.000
202604061436,   7.699,   7.806,9999.000,9999.000,9999.000,9999.000,9999.000,9999.000,9999.000
202604061442,   7.672,   7.786,9999.000,9999.000,9999.000,9999.000,9999.000,9999.000,9999.000
202604061448,   7.640,   7.747,9999.000,9999.000,9999.000,9999.000,9999.000,9999.000,9999.000
202604061454,   7.603,   7.707,9999.000,9999.000,9999.000,9999.000,9999.000,9999.000,9999.000
202604061500,   7.560,   7.668,   0.100,   0.008,   7.668,   0.100,   7.668,   0.100,   7.668
202604061506,   7.512,   7.619,9999.000,9999.000,9999.000,9999.000,9999.000,9999.000,9999.000
202604061512,   7.458,   7.576,9999.000,9999.000,9999.000,9999.000,9999.000,9999.000,9999.000
202604061518,   7.399,   7.527,9999.000,9999.000,9999.000,9999.000,9999.000,9999.000,9999.000
202604061524,   7.333,   7.448,9999.000,9999.000,9999.000,9999.000,9999.000,9999.000,9999.000
202604061530,   7.262,   7.357,9999.000,9999.000,9999.000,9999.000,9999.000,9999.000,9999.000
202604061536,   7.185,   7.268,9999.000,9999.000,9999.000,9999.000,9999.000,9999.000,9999.000
202604061542,   7.103,   7.189,9999.000,9999.000,9999.000,9999.000,9999.000,9999.000,9999.000
202604061548,   7.014,   7.078,9999.000,9999.000,9999.000,9999.000,9999.000,9999.000,9999.000
202604061554,   6.920,   6.979,9999.000,9999.000,9999.000,9999.000,9999.000,9999.000,9999.000
202604061600,   6.820,   6.858,   0.100,  -0.062,   6.858,   0.100,   6.858,   0.100,   6.858
202604061606,   6.714,   6.766,9999.000,9999.000,9999.000,9999.000,9999.000,9999.000,9999.000
202604061612,   6.603,   6.658,9999.000,9999.000,9999.000,9999.000,9999.000,9999.000,9999.000
202604061618,   6.486,   6.527,9999.000,9999.000,9999.000,9999.000,9999.000,9999.000,9999.000
202604061624,   6.364,   6.389,9999.000,9999.000,9999.000,9999.000,9999.000,9999.000,9999.000
202604061630,   6.237,   6.268,9999.000,9999.000,9999.000,9999.000,9999.000,9999.000,9999.000
202604061636,   6.105,   6.127,9999.000,9999.000,9999.000,9999.000,9999.000,9999.000,9999.000
202604061642,   5.968,   5.979,9999.000,9999.000,9999.000,9999.000,9999.000,9999.000,9999.000
202604061648,   5.827,   5.838,9999.000,9999.000,9999.000,9999.000,9999.000,9999.000,9999.000
202604061654,   5.681,   5.697,9999.000,9999.000,9999.000,9999.000,9999.000,9999.000,9999.000
202604061700,   5.531,   5.549,   0.200,  -0.182,   5.549,   0.100,   5.449,   0.200,   5.549
202604061706,   5.378,   5.398,9999.000,9999.000,9999.000,9999.000,9999.000,9999.000,9999.000
202604061712,   5.221,   5.247,9999.000,9999.000,9999.000,9999.000,9999.000,9999.000,9999.000
202604061718,   5.061,   5.087,9999.000,9999.000,9999.000,9999.000,9999.000,9999.000,9999.000
202604061724,   4.898,   4.949,9999.000,9999.000,9999.000,9999.000,9999.000,9999.000,9999.000
202604061730,   4.733,   4.778,9999.000,9999.000,9999.000,9999.000,9999.000,9999.000,9999.000
202604061736,   4.566,   4.628,9999.000,9999.000,9999.000,9999.000,9999.000,9999.000,9999.000
202604061742,   4.396,   4.480,9999.000,9999.000,9999.000,9999.000,9999.000,9999.000,9999.000
202604061748,   4.226,   4.309,9999.000,9999.000,9999.000,9999.000,9999.000,9999.000,9999.000
202604061754,   4.054,   4.149,9999.000,9999.000,9999.000,9999.000,9999.000,9999.000,9999.000
202604061800,   3.881,   3.988,   0.100,   0.007,   3.988,   0.100,   3.988,   0.200,   4.088
202604061806,   3.708,   3.827,9999.000,9999.000,9999.000,9999.000,9999.000,9999.000,9999.000
202604061812,   3.534,   3.660,9999.000,9999.000,9999.000,9999.000,9999.000,9999.000,9999.000
202604061818,   3.361,   3.499,9999.000,9999.000,9999.000,9999.000,9999.000,9999.000,9999.000
202604061824,   3.188,   3.339,9999.000,9999.000,9999.000,9999.000,9999.000,9999.000,9999.000
202604061830,   3.016,   3.178,9999.000,9999.000,9999.000,9999.000,9999.000,9999.000,9999.000
202604061836,   2.844,   3.007,9999.000,9999.000,9999.000,9999.000,9999.000,9999.000,9999.000
202604061842,   2.675,   2.840,9999.000,9999.000,9999.000,9999.000,9999.000,9999.000,9999.000
202604061848,   2.507,   2.679,9999.000,9999.000,9999.000,9999.000,9999.000,9999.000,9999.000
202604061854,   2.340,   2.509,9999.000,9999.000,9999.000,9999.000,9999.000,9999.000,9999.000
202604061900,   2.176,   2.348,   0.100,   0.072,   2.348,   0.100,   2.348,   0.200,   2.448
202604061906,   2.015,   2.177,9999.000,9999.000,9999.000,9999.000,9999.000,9999.000,9999.000
202604061912,   1.857,   2.010,9999.000,9999.000,9999.000,9999.000,9999.000,9999.000,9999.000
202604061918,   1.701,   1.849,9999.000,9999.000,9999.000,9999.000,9999.000,9999.000,9999.000
202604061924,   1.549,   1.689,9999.000,9999.000,9999.000,9999.000,9999.000,9999.000,9999.000
202604061930,   1.401,   1.548,9999.000,9999.000,9999.000,9999.000,9999.000,9999.000,9999.000
202604061936,   1.256,   1.420,9999.000,9999.000,9999.000,9999.000,9999.000,9999.000,9999.000
202604061942,   1.116,   1.269,9999.000,9999.000,9999.000,9999.000,9999.000,9999.000,9999.000
202604061948,   0.980,   1.128,9999.000,9999.000,9999.000,9999.000,9999.000,9999.000,9999.000
202604061954,   0.849,   0.990,9999.000,9999.000,9999.000,9999.000,9999.000,9999.000,9999.000
202604062000,   0.724,   0.879,   0.200,  -0.045,   0.879,   0.100,   0.779,   0.200,   0.879
202604062006,   0.603,   0.760,9999.000,9999.000,9999.000,9999.000,9999.000,9999.000,9999.000
202604062012,   0.488,   0.629,9999.000,9999.000,9999.000,9999.000,9999.000,9999.000,9999.000
202604062018,   0.379,   0.518,9999.000,9999.000,9999.000,9999.000,9999.000,9999.000,9999.000
202604062024,   0.276,   0.390,9999.000,9999.000,9999.000,9999.000,9999.000,9999.000,9999.000
202604062030,   0.179,   0.308,9999.000,9999.000,9999.000,9999.000,9999.000,9999.000,9999.000
202604062036,   0.089,   0.190,9999.000,9999.000,9999.000,9999.000,9999.000,9999.000,9999.000
202604062042,   0.005,   0.098,9999.000,9999.000,9999.000,9999.000,9999.000,9999.000,9999.000
202604062048,  -0.070,   0.019,9999.000,9999.000,9999.000,9999.000,9999.000,9999.000,9999.000
202604062054,  -0.140,  -0.049,9999.000,9999.000,9999.000,9999.000,9999.000,9999.000,9999.000
202604062100,  -0.202,  -0.088,   0.200,  -0.086,  -0.088,   0.100,  -0.188,   0.200,  -0.088
202604062106,  -0.257,  -0.141,9999.000,9999.000,9999.000,9999.000,9999.000,9999.000,9999.000
202604062112,  -0.305,  -0.209,9999.000,9999.000,9999.000,9999.000,9999.000,9999.000,9999.000
202604062118,  -0.344,  -0.239,9999.000,9999.000,9999.000,9999.000,9999.000,9999.000,9999.000
202604062124,  -0.376,  -0.268,9999.000,9999.000,9999.000,9999.000,9999.000,9999.000,9999.000
202604062130,  -0.400,  -0.298,9999.000,9999.000,9999.000,9999.000,9999.000,9999.000,9999.000
202604062136,  -0.417,  -0.341,9999.000,9999.000,9999.000,9999.000,9999.000,9999.000,9999.000
202604062142,  -0.425,  -0.360,9999.000,9999.000,9999.000,9999.000,9999.000,9999.000,9999.000
202604062148,  -0.426,  -0.350,9999.000,9999.000,9999.000,9999.000,9999.000,9999.000,9999.000
202604062154,  -0.418,  -0.341,9999.000,9999.000,9999.000,9999.000,9999.000,9999.000,9999.000
202604062200,  -0.403,  -0.321,   0.200,  -0.118,  -0.321,   0.100,  -0.421,   0.200,  -0.321
202604062206,  -0.380,  -0.278,9999.000,9999.000,9999.000,9999.000,9999.000,9999.000,9999.000
202604062212,  -0.349,  -0.239,9999.000,9999.000,9999.000,9999.000,9999.000,9999.000,9999.000
202604062218,  -0.310,  -0.209,9999.000,9999.000,9999.000,9999.000,9999.000,9999.000,9999.000
202604062224,  -0.264,  -0.170,9999.000,9999.000,9999.000,9999.000,9999.000,9999.000,9999.000
202604062230,  -0.210,  -0.111,9999.000,9999.000,9999.000,9999.000,9999.000,9999.000,9999.000
202604062236,  -0.148,  -0.039,9999.000,9999.000,9999.000,9999.000,9999.000,9999.000,9999.000
202604062242,  -0.079,   0.029,9999.000,9999.000,9999.000,9999.000,9999.000,9999.000,9999.000
202604062248,  -0.003,   0.121,9999.000,9999.000,9999.000,9999.000,9999.000,9999.000,9999.000
202604062254,   0.079,   0.229,9999.000,9999.000,9999.000,9999.000,9999.000,9999.000,9999.000
202604062300,   0.169,   0.350,   0.200,  -0.019,   0.350,   0.100,   0.250,   0.200,   0.350
202604062306,   0.265,   0.449,9999.000,9999.000,9999.000,9999.000,9999.000,9999.000,9999.000
202604062312,   0.368,   0.551,9999.000,9999.000,9999.000,9999.000,9999.000,9999.000,9999.000
202604062318,   0.477,   0.678,9999.000,9999.000,9999.000,9999.000,9999.000,9999.000,9999.000
202604062324,   0.593,   0.800,9999.000,9999.000,9999.000,9999.000,9999.000,9999.000,9999.000
202604062330,   0.714,   0.941,9999.000,9999.000,9999.000,9999.000,9999.000,9999.000,9999.000
202604062336,   0.840,   1.069,9999.000,9999.000,9999.000,9999.000,9999.000,9999.000,9999.000
202604062342,   0.972,   1.210,9999.000,9999.000,9999.000,9999.000,9999.000,9999.000,9999.000
202604062348,   1.109,   1.348,9999.000,9999.000,9999.000,9999.000,9999.000,9999.000,9999.000
202604062354,   1.251,   1.498,9999.000,9999.000,9999.000,9999.000,9999.000,9999.000,9999.000
202604070000,   1.397,   1.639,   0.200,   0.042,   1.639,   0.100,   1.539,   0.200,   1.639
202604070006,   1.547,   1.790,9999.000,9999.000,9999.000,9999.000,9999.000,9999.000,9999.000
202604070012,   1.701,   1.948,9999.000,9999.000,9999.000,9999.000,9999.000,9999.000,9999.000
202604070018,   1.859,   2.099,9999.000,9999.000,9999.000,9999.000,9999.000,9999.000,9999.000
202604070024,   2.020,   2.269,9999.000,9999.000,9999.000,9999.000,9999.000,9999.000,9999.000
202604070030,   2.184,   2.430,9999.000,9999.000,9999.000,9999.000,9999.000,9999.000,9999.000
202604070036,   2.350,   2.610,9999.000,9999.000,9999.000,9999.000,9999.000,9999.000,9999.000
202604070042,   2.519,   2.758,9999.000,9999.000,9999.000,9999.000,9999.000,9999.000,9999.000
202604070048,   2.689,   2.929,9999.000,9999.000,9999.000,9999.000,9999.000,9999.000,9999.000
202604070054,   2.861,   3.089,9999.000,9999.000,9999.000,9999.000,9999.000,9999.000,9999.000
202604070100,   3.035,   3.270,   0.200,   0.035,   3.270,   0.200,   3.270,   0.200,   3.270
202604070106,   3.209,   3.440,9999.000,9999.000,9999.000,9999.000,9999.000,9999.000,9999.000
202604070112,   3.385,   3.607,9999.000,9999.000,9999.000,9999.000,9999.000,9999.000,9999.000
202604070118,   3.561,   3.778,9999.000,9999.000,9999.000,9999.000,9999.000,9999.000,9999.000
202604070124,   3.736,   3.949,9999.000,9999.000,9999.000,9999.000,9999.000,9999.000,9999.000
202604070130,   3.912,   4.129,9999.000,9999.000,9999.000,9999.000,9999.000,9999.000,9999.000
202604070136,   4.087,   4.300,9999.000,9999.000,9999.000,9999.000,9999.000,9999.000,9999.000
202604070142,   4.262,   4.457,9999.000,9999.000,9999.000,9999.000,9999.000,9999.000,9999.000
202604070148,   4.436,   4.628,9999.000,9999.000,9999.000,9999.000,9999.000,9999.000,9999.000
202604070154,   4.608,   4.818,9999.000,9999.000,9999.000,9999.000,9999.000,9999.000,9999.000
202604070200,   4.780,   4.979,   0.200,  -0.001,   4.979,   0.200,   4.979,   0.200,   4.979
202604070206,   4.949,   5.139,9999.000,9999.000,9999.000,9999.000,9999.000,9999.000,9999.000
202604070212,   5.117,   5.307,9999.000,9999.000,9999.000,9999.000,9999.000,9999.000,9999.000
202604070218,   5.282,   5.487,9999.000,9999.000,9999.000,9999.000,9999.000,9999.000,9999.000
202604070224,   5.445,   5.657,9999.000,9999.000,9999.000,9999.000,9999.000,9999.000,9999.000
202604070230,   5.606,   5.838,9999.000,9999.000,9999.000,9999.000,9999.000,9999.000,9999.000
202604070236,   5.764,   5.989,9999.000,9999.000,9999.000,9999.000,9999.000,9999.000,9999.000
202604070242,   5.919,   6.117,9999.000,9999.000,9999.000,9999.000,9999.000,9999.000,9999.000
202604070248,   6.071,   6.277,9999.000,9999.000,9999.000,9999.000,9999.000,9999.000,9999.000
202604070254,   6.219,   6.428,9999.000,9999.000,9999.000,9999.000,9999.000,9999.000,9999.000
202604070300,   6.364,   6.579,   0.200,   0.015,   6.579,   0.200,   6.579,   0.200,   6.579
202604070306,   6.505,   6.707,9999.000,9999.000,9999.000,9999.000,9999.000,9999.000,9999.000
202604070312,   6.642,   6.838,9999.000,9999.000,9999.000,9999.000,9999.000,9999.000,9999.000
202604070318,   6.774,   6.989,9999.000,9999.000,9999.000,9999.000,9999.000,9999.000,9999.000
202604070324,   6.903,   7.137,9999.000,9999.000,9999.000,9999.000,9999.000,9999.000,9999.000
202604070330,   7.027,   7.238,9999.000,9999.000,9999.000,9999.000,9999.000,9999.000,9999.000
202604070336,   7.146,   7.386,9999.000,9999.000,9999.000,9999.000,9999.000,9999.000,9999.000
202604070342,   7.260,   7.517,9999.000,9999.000,9999.000,9999.000,9999.000,9999.000,9999.000
202604070348,   7.369,   7.609,9999.000,9999.000,9999.000,9999.000,9999.000,9999.000,9999.000
202604070354,   7.472,   7.698,9999.000,9999.000,9999.000,9999.000,9999.000,9999.000,9999.000
202604070400,   7.571,   7.786,   0.200,   0.015,   7.786,   0.100,   7.686,   0.300,   7.886
202604070406,   7.664,   7.888,9999.000,9999.000,9999.000,9999.000,9999.000,9999.000,9999.000
202604070412,   7.751,   7.986,9999.000,9999.000,9999.000,9999.000,9999.000,9999.000,9999.000
202604070418,   7.832,   8.078,9999.000,9999.000,9999.000,9999.000,9999.000,9999.000,9999.000
202604070424,   7.908,   8.167,9999.000,9999.000,9999.000,9999.000,9999.000,9999.000,9999.000
202604070430,   7.977,   8.249,9999.000,9999.000,9999.000,9999.000,9999.000,9999.000,9999.000
202604070436,   8.041,   8.327,9999.000,9999.000,9999.000,9999.000,9999.000,9999.000,9999.000
202604070442,   8.099,   8.386,9999.000,9999.000,9999.000,9999.000,9999.000,9999.000,9999.000
202604070448,   8.151,   8.449,9999.000,9999.000,9999.000,9999.000,9999.000,9999.000,9999.000
202604070454,   8.198,   8.498,9999.000,9999.000,9999.000,9999.000,9999.000,9999.000,9999.000
202604070500,   8.238,   8.537,   0.300,  -0.001,   8.537,   0.200,   8.437,   0.400,   8.637
202604070506,   8.273,   8.577,9999.000,9999.000,9999.000,9999.000,9999.000,9999.000,9999.000
202604070512,   8.302,   8.606,9999.000,9999.000,9999.000,9999.000,9999.000,9999.000,9999.000
202604070518,   8.326,   8.669,9999.000,9999.000,9999.000,9999.000,9999.000,9999.000,9999.000
202604070524,   8.345,   8.678,9999.000,9999.000,9999.000,9999.000,9999.000,9999.000,9999.000
202604070530,   8.358,   8.688,9999.000,9999.000,9999.000,9999.000,9999.000,9999.000,9999.000
202604070536,   8.366,   8.678,9999.000,9999.000,9999.000,9999.000,9999.000,9999.000,9999.000
202604070542,   8.370,   8.698,9999.000,9999.000,9999.000,9999.000,9999.000,9999.000,9999.000
202604070548,   8.368,   8.708,9999.000,9999.000,9999.000,9999.000,9999.000,9999.000,9999.000
202604070554,   8.363,   8.698,9999.000,9999.000,9999.000,9999.000,9999.000,9999.000,9999.000
202604070600,   8.353,   8.669,   0.200,   0.116,   8.669,   0.200,   8.669,   0.200,   8.669
202604070606,   8.338,   8.649,9999.000,9999.000,9999.000,9999.000,9999.000,9999.000,9999.000
202604070612,   8.321,   8.636,9999.000,9999.000,9999.000,9999.000,9999.000,9999.000,9999.000
202604070618,   8.299,   8.596,9999.000,9999.000,9999.000,9999.000,9999.000,9999.000,9999.000
202604070624,   8.274,   8.567,9999.000,9999.000,9999.000,9999.000,9999.000,9999.000,9999.000
202604070630,   8.246,   8.537,9999.000,9999.000,9999.000,9999.000,9999.000,9999.000,9999.000
202604070636,   8.214,   8.498,9999.000,9999.000,9999.000,9999.000,9999.000,9999.000,9999.000
202604070642,   8.180,   8.449,9999.000,9999.000,9999.000,9999.000,9999.000,9999.000,9999.000
202604070648,   8.143,   8.416,9999.000,9999.000,9999.000,9999.000,9999.000,9999.000,9999.000
202604070654,   8.104,   8.357,9999.000,9999.000,9999.000,9999.000,9999.000,9999.000,9999.000
202604070700,   8.062,   8.308,   0.100,   0.146,   8.308,   0.100,   8.308,   0.200,   8.408
202604070706,   8.019,   8.249,9999.000,9999.000,9999.000,9999.000,9999.000,9999.000,9999.000
202604070712,   7.973,   8.216,9999.000,9999.000,9999.000,9999.000,9999.000,9999.000,9999.000
202604070718,   7.926,   8.177,9999.000,9999.000,9999.000,9999.000,9999.000,9999.000,9999.000
202604070724,   7.878,   8.137,9999.000,9999.000,9999.000,9999.000,9999.000,9999.000,9999.000
202604070730,   7.828,   8.058,9999.000,9999.000,9999.000,9999.000,9999.000,9999.000,9999.000
202604070736,   7.777,   8.039,9999.000,9999.000,9999.000,9999.000,9999.000,9999.000,9999.000
202604070742,   7.725,   7.986,9999.000,9999.000,9999.000,9999.000,9999.000,9999.000,9999.000
202604070748,   7.673,   7.927,9999.000,9999.000,9999.000,9999.000,9999.000,9999.000,9999.000
202604070754,   7.620,   7.839,9999.000,9999.000,9999.000,9999.000,9999.000,9999.000,9999.000
202604070800,   7.566,   7.796,   0.100,   0.130,   7.796,   0.100,   7.796,   0.200,   7.896
202604070806,   7.513,   7.727,9999.000,9999.000,9999.000,9999.000,9999.000,9999.000,9999.000
202604070812,   7.460,   7.668,9999.000,9999.000,9999.000,9999.000,9999.000,9999.000,9999.000
202604070818,   7.407,   7.596,9999.000,9999.000,9999.000,9999.000,9999.000,9999.000,9999.000
202604070824,   7.354,   7.566,9999.000,9999.000,9999.000,9999.000,9999.000,9999.000,9999.000
202604070830,   7.303,   7.468,9999.000,9999.000,9999.000,9999.000,9999.000,9999.000,9999.000
202604070836,   7.252,   7.409,9999.000,9999.000,9999.000,9999.000,9999.000,9999.000,9999.000
202604070842,   7.202,   7.409,9999.000,9999.000,9999.000,9999.000,9999.000,9999.000,9999.000
202604070848,   7.154,   7.317,9999.000,9999.000,9999.000,9999.000,9999.000,9999.000,9999.000
202604070854,   7.107,   7.278,9999.000,9999.000,9999.000,9999.000,9999.000,9999.000,9999.000
202604070900,   7.062,   7.209,   0.100,   0.047,   7.209,   0.100,   7.209,   0.200,   7.309
202604070906,   7.019,   7.166,9999.000,9999.000,9999.000,9999.000,9999.000,9999.000,9999.000
202604070912,   6.978,   7.068,9999.000,9999.000,9999.000,9999.000,9999.000,9999.000,9999.000
202604070918,   6.939,   7.088,9999.000,9999.000,9999.000,9999.000,9999.000,9999.000,9999.000
202604070924,   6.902,   7.068,9999.000,9999.000,9999.000,9999.000,9999.000,9999.000,9999.000
202604070930,   6.868,   7.009,9999.000,9999.000,9999.000,9999.000,9999.000,9999.000,9999.000
202604070936,   6.837,   6.966,9999.000,9999.000,9999.000,9999.000,9999.000,9999.000,9999.000
202604070942,   6.808,   6.979,9999.000,9999.000,9999.000,9999.000,9999.000,9999.000,9999.000
202604070948,   6.782,   6.966,9999.000,9999.000,9999.000,9999.000,9999.000,9999.000,9999.000
202604070954,   6.759,   6.887,9999.000,9999.000,9999.000,9999.000,9999.000,9999.000,9999.000
202604071000,   6.739,   6.868,   0.100,   0.029,   6.868,   0.100,   6.868,   0.100,   6.868
202604071006,   6.721,   6.848,9999.000,9999.000,9999.000,9999.000,9999.000,9999.000,9999.000
202604071012,   6.707,   6.878,9999.000,9999.000,9999.000,9999.000,9999.000,9999.000,9999.000
202604071018,   6.696,   6.848,9999.000,9999.000,9999.000,9999.000,9999.000,9999.000,9999.000
202604071024,   6.688,   6.819,9999.000,9999.000,9999.000,9999.000,9999.000,9999.000,9999.000
202604071030,   6.683,   6.828,9999.000,9999.000,9999.000,9999.000,9999.000,9999.000,9999.000
202604071036,   6.681,   6.828,9999.000,9999.000,9999.000,9999.000,9999.000,9999.000,9999.000
202604071042,   6.682,   6.789,9999.000,9999.000,9999.000,9999.000,9999.000,9999.000,9999.000
202604071048,   6.686,   6.789,9999.000,9999.000,9999.000,9999.000,9999.000,9999.000,9999.000
202604071054,   6.693,   6.799,9999.000,9999.000,9999.000,9999.000,9999.000,9999.000,9999.000
202604071100,   6.702,   6.789,   0.000,   0.087,   6.789,   0.000,   6.789,   0.100,   6.889
202604071106,   6.715,   6.799,9999.000,9999.000,9999.000,9999.000,9999.000,9999.000,9999.000
202604071112,   6.729,   6.799,9999.000,9999.000,9999.000,9999.000,9999.000,9999.000,9999.000
202604071118,   6.747,   6.799,9999.000,9999.000,9999.000,9999.000,9999.000,9999.000,9999.000
202604071124,   6.766,   6.819,9999.000,9999.000,9999.000,9999.000,9999.000,9999.000,9999.000
202604071130,   6.788,   6.828,9999.000,9999.000,9999.000,9999.000,9999.000,9999.000,9999.000
202604071136,   6.813,   6.858,9999.000,9999.000,9999.000,9999.000,9999.000,9999.000,9999.000
202604071142,   6.839,   6.878,9999.000,9999.000,9999.000,9999.000,9999.000,9999.000,9999.000
202604071148,   6.867,   6.897,9999.000,9999.000,9999.000,9999.000,9999.000,9999.000,9999.000
202604071154,   6.896,   6.907,9999.000,9999.000,9999.000,9999.000,9999.000,9999.000,9999.000
202604071200,   6.927,   6.907,   0.000,  -0.020,   6.907,   0.000,   6.907,   0.000,   6.907
202604071206,   6.959,   6.947,9999.000,9999.000,9999.000,9999.000,9999.000,9999.000,9999.000
202604071212,   6.992,   6.966,9999.000,9999.000,9999.000,9999.000,9999.000,9999.000,9999.000
202604071218,   7.026,   7.009,9999.000,9999.000,9999.000,9999.000,9999.000,9999.000,9999.000
202604071224,   7.061,   7.038,9999.000,9999.000,9999.000,9999.000,9999.000,9999.000,9999.000
202604071230,   7.096,   7.068,9999.000,9999.000,9999.000,9999.000,9999.000,9999.000,9999.000
202604071236,   7.131,   7.088,9999.000,9999.000,9999.000,9999.000,9999.000,9999.000,9999.000
202604071242,   7.166,   7.117,9999.000,9999.000,9999.000,9999.000,9999.000,9999.000,9999.000
202604071248,   7.201,   7.156,9999.000,9999.000,9999.000,9999.000,9999.000,9999.000,9999.000
202604071254,   7.236,   7.189,9999.000,9999.000,9999.000,9999.000,9999.000,9999.000,9999.000
202604071300,   7.269,   7.209,   0.000,  -0.060,   7.209,   0.000,   7.209,   0.000,   7.209
202604071306,   7.302,   7.258,9999.000,9999.000,9999.000,9999.000,9999.000,9999.000,9999.000
202604071312,   7.333,   7.238,9999.000,9999.000,9999.000,9999.000,9999.000,9999.000,9999.000
202604071318,   7.363,   7.258,9999.000,9999.000,9999.000,9999.000,9999.000,9999.000,9999.000
202604071324,   7.391,   7.278,9999.000,9999.000,9999.000,9999.000,9999.000,9999.000,9999.000
202604071330,   7.418,   7.307,9999.000,9999.000,9999.000,9999.000,9999.000,9999.000,9999.000
202604071336,   7.442,   7.327,9999.000,9999.000,9999.000,9999.000,9999.000,9999.000,9999.000
202604071342,   7.464,   7.366,9999.000,9999.000,9999.000,9999.000,9999.000,9999.000,9999.000
202604071348,   7.483,   7.366,9999.000,9999.000,9999.000,9999.000,9999.000,9999.000,9999.000
202604071354,   7.500,   7.366,9999.000,9999.000,9999.000,9999.000,9999.000,9999.000,9999.000
202604071400,   7.514,   7.409,   0.000,  -0.105,   7.409,   0.000,   7.409,   0.000,   7.409
202604071406,   7.525,   7.439,9999.000,9999.000,9999.000,9999.000,9999.000,9999.000,9999.000
202604071412,   7.533,   7.399,9999.000,9999.000,9999.000,9999.000,9999.000,9999.000,9999.000
202604071418,   7.538,   7.419,9999.000,9999.000,9999.000,9999.000,9999.000,9999.000,9999.000
202604071424,   7.539,   7.429,9999.000,9999.000,9999.000,9999.000,9999.000,9999.000,9999.000
202604071430,   7.537,   7.429,9999.000,9999.000,9999.000,9999.000,9999.000,9999.000,9999.000
202604071436,   7.531,   7.429,9999.000,9999.000,9999.000,9999.000,9999.000,9999.000,9999.000
202604071442,   7.521,   7.439,9999.000,9999.000,9999.000,9999.000,9999.000,9999.000,9999.000
202604071448,   7.508,   7.399,9999.000,9999.000,9999.000,9999.000,9999.000,9999.000,9999.000
202604071454,   7.490,   7.419,9999.000,9999.000,9999.000,9999.000,9999.000,9999.000,9999.000
202604071500,   7.469,   7.376,   0.000,  -0.093,   7.376,   0.000,   7.376,   0.100,   7.476
202604071506,   7.443,   7.357,9999.000,9999.000,9999.000,9999.000,9999.000,9999.000,9999.000
202604071512,   7.413,   7.337,9999.000,9999.000,9999.000,9999.000,9999.000,9999.000,9999.000
202604071518,   7.379,   7.278,9999.000,9999.000,9999.000,9999.000,9999.000,9999.000,9999.000
202604071524,   7.341,   7.258,9999.000,9999.000,9999.000,9999.000,9999.000,9999.000,9999.000
202604071530,   7.298,   7.209,9999.000,9999.000,9999.000,9999.000,9999.000,9999.000,9999.000
202604071536,   7.250,   7.147,9999.000,9999.000,9999.000,9999.000,9999.000,9999.000,9999.000
202604071542,   7.198,   7.117,9999.000,9999.000,9999.000,9999.000,9999.000,9999.000,9999.000
202604071548,   7.141,   7.038,9999.000,9999.000,9999.000,9999.000,9999.000,9999.000,9999.000
202604071554,   7.080,   6.956,9999.000,9999.000,9999.000,9999.000,9999.000,9999.000,9999.000
202604071600,   7.014,   6.868,   0.000,  -0.146,   6.868,   0.000,   6.868,   0.000,   6.868
202604071606,   6.943,   6.756,9999.000,9999.000,9999.000,9999.000,9999.000,9999.000,9999.000
202604071612,   6.867,   6.717,9999.000,9999.000,9999.000,9999.000,9999.000,9999.000,9999.000
202604071618,   6.786,   6.609,9999.000,9999.000,9999.000,9999.000,9999.000,9999.000,9999.000
202604071624,   6.700,   6.546,9999.000,9999.000,9999.000,9999.000,9999.000,9999.000,9999.000
202604071630,   6.609,   6.428,9999.000,9999.000,9999.000,9999.000,9999.000,9999.000,9999.000
202604071636,   6.514,   6.297,9999.000,9999.000,9999.000,9999.000,9999.000,9999.000,9999.000
202604071642,   6.414,   6.189,9999.000,9999.000,9999.000,9999.000,9999.000,9999.000,9999.000
202604071648,   6.309,   6.087,9999.000,9999.000,9999.000,9999.000,9999.000,9999.000,9999.000
202604071654,   6.199,   5.949,9999.000,9999.000,9999.000,9999.000,9999.000,9999.000,9999.000
202604071700,   6.085,   5.848,   0.000,  -0.237,   5.848,   0.000,   5.848,   0.000,   5.848
202604071706,   5.966,   5.739,9999.000,9999.000,9999.000,9999.000,9999.000,9999.000,9999.000
202604071712,   5.843,   5.569,9999.000,9999.000,9999.000,9999.000,9999.000,9999.000,9999.000
202604071718,   5.716,   5.467,9999.000,9999.000,9999.000,9999.000,9999.000,9999.000,9999.000
202604071724,   5.585,   5.329,9999.000,9999.000,9999.000,9999.000,9999.000,9999.000,9999.000
202604071730,   5.451,   5.198,9999.000,9999.000,9999.000,9999.000,9999.000,9999.000,9999.000
202604071736,   5.312,   5.038,9999.000,9999.000,9999.000,9999.000,9999.000,9999.000,9999.000
202604071742,   5.171,   4.929,9999.000,9999.000,9999.000,9999.000,9999.000,9999.000,9999.000
202604071748,   5.026,   4.818,9999.000,9999.000,9999.000,9999.000,9999.000,9999.000,9999.000
202604071754,   4.879,   4.647,9999.000,9999.000,9999.000,9999.000,9999.000,9999.000,9999.000
202604071800,   4.729,   4.539,   0.000,  -0.190,   4.539,   0.000,   4.539,   0.000,   4.539
202604071806,   4.577,   4.437,9999.000,9999.000,9999.000,9999.000,9999.000,9999.000,9999.000
202604071812,   4.423,   4.247,9999.000,9999.000,9999.000,9999.000,9999.000,9999.000,9999.000
202604071818,   4.267,   4.149,9999.000,9999.000,9999.000,9999.000,9999.000,9999.000,9999.000
202604071824,   4.110,   3.978,9999.000,9999.000,9999.000,9999.000,9999.000,9999.000,9999.000
202604071830,   3.952,   3.847,9999.000,9999.000,9999.000,9999.000,9999.000,9999.000,9999.000
202604071836,   3.793,   3.729,9999.000,9999.000,9999.000,9999.000,9999.000,9999.000,9999.000
202604071842,   3.634,   3.568,9999.000,9999.000,9999.000,9999.000,9999.000,9999.000,9999.000
202604071848,   3.475,   3.427,9999.000,9999.000,9999.000,9999.000,9999.000,9999.000,9999.000
202604071854,   3.316,   3.270,9999.000,9999.000,9999.000,9999.000,9999.000,9999.000,9999.000
202604071900,   3.157,   3.109,   0.000,  -0.048,   3.109,   0.000,   3.109,   0.000,   3.109
202604071906,   3.000,   2.978,9999.000,9999.000,9999.000,9999.000,9999.000,9999.000,9999.000
202604071912,   2.843,   2.797,9999.000,9999.000,9999.000,9999.000,9999.000,9999.000,9999.000
202604071918,   2.687,   2.660,9999.000,9999.000,9999.000,9999.000,9999.000,9999.000,9999.000
202604071924,   2.533,   2.509,9999.000,9999.000,9999.000,9999.000,9999.000,9999.000,9999.000
202604071930,   2.381,   2.338,9999.000,9999.000,9999.000,9999.000,9999.000,9999.000,9999.000
202604071936,   2.231,   2.210,9999.000,9999.000,9999.000,9999.000,9999.000,9999.000,9999.000
202604071942,   2.084,   2.089,9999.000,9999.000,9999.000,9999.000,9999.000,9999.000,9999.000
202604071948,   1.939,   1.918,9999.000,9999.000,9999.000,9999.000,9999.000,9999.000,9999.000
202604071954,   1.796,   1.767,9999.000,9999.000,9999.000,9999.000,9999.000,9999.000,9999.000
202604072000,   1.657,   1.639,   0.000,  -0.018,   1.639,   0.000,   1.639,   0.000,   1.639
202604072006,   1.521,   1.498,9999.000,9999.000,9999.000,9999.000,9999.000,9999.000,9999.000
202604072012,   1.388,   1.361,9999.000,9999.000,9999.000,9999.000,9999.000,9999.000,9999.000
202604072018,   1.260,   1.220,9999.000,9999.000,9999.000,9999.000,9999.000,9999.000,9999.000
202604072024,   1.135,   1.108,9999.000,9999.000,9999.000,9999.000,9999.000,9999.000,9999.000
202604072030,   1.014,   1.000,9999.000,9999.000,9999.000,9999.000,9999.000,9999.000,9999.000
202604072036,   0.898,   0.869,9999.000,9999.000,9999.000,9999.000,9999.000,9999.000,9999.000
202604072042,   0.787,   0.760,9999.000,9999.000,9999.000,9999.000,9999.000,9999.000,9999.000
202604072048,   0.680,   0.649,9999.000,9999.000,9999.000,9999.000,9999.000,9999.000,9999.000
202604072054,   0.578,   0.551,9999.000,9999.000,9999.000,9999.000,9999.000,9999.000,9999.000
202604072100,   0.482,   0.449,   0.000,  -0.033,   0.449,   0.000,   0.449,   0.000,   0.449
202604072106,   0.391,   0.350,9999.000,9999.000,9999.000,9999.000,9999.000,9999.000,9999.000
202604072112,   0.306,   0.268,9999.000,9999.000,9999.000,9999.000,9999.000,9999.000,9999.000
202604072118,   0.227,   0.190,9999.000,9999.000,9999.000,9999.000,9999.000,9999.000,9999.000
202604072124,   0.154,   0.111,9999.000,9999.000,9999.000,9999.000,9999.000,9999.000,9999.000
202604072130,   0.087,   0.049,9999.000,9999.000,9999.000,9999.000,9999.000,9999.000,9999.000
202604072136,   0.026,  -0.019,9999.000,9999.000,9999.000,9999.000,9999.000,9999.000,9999.000
202604072142,  -0.027,  -0.078,9999.000,9999.000,9999.000,9999.000,9999.000,9999.000,9999.000
202604072148,  -0.074,  -0.121,9999.000,9999.000,9999.000,9999.000,9999.000,9999.000,9999.000
202604072154,  -0.115,  -0.160,9999.000,9999.000,9999.000,9999.000,9999.000,9999.000,9999.000
202604072200,  -0.149,  -0.180,   0.000,  -0.031,  -0.180,   0.000,  -0.180,   0.000,  -0.180
202604072206,  -0.176,  -0.200,9999.000,9999.000,9999.000,9999.000,9999.000,9999.000,9999.000
202604072212,  -0.196,  -0.219,9999.000,9999.000,9999.000,9999.000,9999.000,9999.000,9999.000
202604072218,  -0.208,  -0.229,9999.000,9999.000,9999.000,9999.000,9999.000,9999.000,9999.000
202604072224,  -0.214,  -0.239,9999.000,9999.000,9999.000,9999.000,9999.000,9999.000,9999.000
202604072230,  -0.213,  -0.219,9999.000,9999.000,9999.000,9999.000,9999.000,9999.000,9999.000
202604072236,  -0.204,  -0.209,9999.000,9999.000,9999.000,9999.000,9999.000,9999.000,9999.000
202604072242,  -0.188,  -0.190,9999.000,9999.000,9999.000,9999.000,9999.000,9999.000,9999.000
202604072248,  -0.166,  -0.160,9999.000,9999.000,9999.000,9999.000,9999.000,9999.000,9999.000
202604072254,  -0.136,  -0.131,9999.000,9999.000,9999.000,9999.000,9999.000,9999.000,9999.000
202604072300,  -0.099,  -0.078,   0.000,   0.021,  -0.078,   0.000,  -0.078,   0.000,  -0.078
202604072306,  -0.055,  -0.029,9999.000,9999.000,9999.000,9999.000,9999.000,9999.000,9999.000
202604072312,  -0.005,   0.029,9999.000,9999.000,9999.000,9999.000,9999.000,9999.000,9999.000
202604072318,   0.051,   0.098,9999.000,9999.000,9999.000,9999.000,9999.000,9999.000,9999.000
202604072324,   0.115,   0.180,9999.000,9999.000,9999.000,9999.000,9999.000,9999.000,9999.000
202604072330,   0.185,   0.259,9999.000,9999.000,9999.000,9999.000,9999.000,9999.000,9999.000
202604072336,   0.262,   0.331,9999.000,9999.000,9999.000,9999.000,9999.000,9999.000,9999.000
202604072342,   0.345,   0.429,9999.000,9999.000,9999.000,9999.000,9999.000,9999.000,9999.000
202604072348,   0.434,   0.531,9999.000,9999.000,9999.000,9999.000,9999.000,9999.000,9999.000
202604072354,   0.528,   0.639,9999.000,9999.000,9999.000,9999.000,9999.000,9999.000,9999.000
202604080000,   0.629,   0.741,   0.000,   0.112,   0.741,   0.000,   0.741,   0.000,   0.741
202604080006,   0.735,   0.859,9999.000,9999.000,9999.000,9999.000,9999.000,9999.000,9999.000
202604080012,   0.846,   0.970,9999.000,9999.000,9999.000,9999.000,9999.000,9999.000,9999.000
202604080018,   0.962,   1.088,9999.000,9999.000,9999.000,9999.000,9999.000,9999.000,9999.000
202604080024,   1.084,   1.220,9999.000,9999.000,9999.000,9999.000,9999.000,9999.000,9999.000
202604080030,   1.209,   1.361,9999.000,9999.000,9999.000,9999.000,9999.000,9999.000,9999.000
202604080036,   1.339,   1.479,9999.000,9999.000,9999.000,9999.000,9999.000,9999.000,9999.000
202604080042,   1.474,   1.620,9999.000,9999.000,9999.000,9999.000,9999.000,9999.000,9999.000
202604080048,   1.612,   1.767,9999.000,9999.000,9999.000,9999.000,9999.000,9999.000,9999.000
202604080054,   1.753,   1.908,9999.000,9999.000,9999.000,9999.000,9999.000,9999.000,9999.000
202604080100,   1.898,   2.059,   0.000,   0.161,   2.059,   0.000,   2.059,   0.000,   2.059
202604080106,   2.046,   2.200,9999.000,9999.000,9999.000,9999.000,9999.000,9999.000,9999.000
202604080112,   2.197,   2.358,9999.000,9999.000,9999.000,9999.000,9999.000,9999.000,9999.000
202604080118,   2.350,   2.499,9999.000,9999.000,9999.000,9999.000,9999.000,9999.000,9999.000
202604080124,   2.506,   2.650,9999.000,9999.000,9999.000,9999.000,9999.000,9999.000,9999.000
202604080130,   2.663,   2.797,9999.000,9999.000,9999.000,9999.000,9999.000,9999.000,9999.000
202604080136,   2.822,   2.958,9999.000,9999.000,9999.000,9999.000,9999.000,9999.000,9999.000
202604080142,   2.982,   3.119,9999.000,9999.000,9999.000,9999.000,9999.000,9999.000,9999.000
202604080148,   3.144,   3.270,9999.000,9999.000,9999.000,9999.000,9999.000,9999.000,9999.000
202604080154,   3.306,   3.427,9999.000,9999.000,9999.000,9999.000,9999.000,9999.000,9999.000
202604080200,   3.468,   3.588,   0.000,   0.120,   3.588,   0.000,   3.588,   0.000,   3.588
202604080206,   3.631,   3.758,9999.000,9999.000,9999.000,9999.000,9999.000,9999.000,9999.000
202604080212,   3.794,   3.909,9999.000,9999.000,9999.000,9999.000,9999.000,9999.000,9999.000
202604080218,   3.957,   4.057,9999.000,9999.000,9999.000,9999.000,9999.000,9999.000,9999.000
202604080224,   4.120,   4.208,9999.000,9999.000,9999.000,9999.000,9999.000,9999.000,9999.000
202604080230,   4.281,   4.378,9999.000,9999.000,9999.000,9999.000,9999.000,9999.000,9999.000
202604080236,   4.442,   4.529,9999.000,9999.000,9999.000,9999.000,9999.000,9999.000,9999.000
202604080242,   4.602,   4.667,9999.000,9999.000,9999.000,9999.000,9999.000,9999.000,9999.000
202604080248,   4.760,   4.818,9999.000,9999.000,9999.000,9999.000,9999.000,9999.000,9999.000
202604080254,   4.917,   4.969,9999.000,9999.000,9999.000,9999.000,9999.000,9999.000,9999.000
202604080300,   5.073,   5.120,   0.000,   0.047,   5.120,   0.000,   5.120,   0.000,   5.120
202604080306,   5.226,   5.247,9999.000,9999.000,9999.000,9999.000,9999.000,9999.000,9999.000
202604080312,   5.377,   5.408,9999.000,9999.000,9999.000,9999.000,9999.000,9999.000,9999.000
202604080318,   5.527,   5.549,9999.000,9999.000,9999.000,9999.000,9999.000,9999.000,9999.000
202604080324,   5.673,   5.697,9999.000,9999.000,9999.000,9999.000,9999.000,9999.000,9999.000
202604080330,   5.818,   5.848,9999.000,9999.000,9999.000,9999.000,9999.000,9999.000,9999.000
202604080336,   5.959,   5.989,9999.000,9999.000,9999.000,9999.000,9999.000,9999.000,9999.000
202604080342,   6.098,   6.117,9999.000,9999.000,9999.000,9999.000,9999.000,9999.000,9999.000
202604080348,   6.233,   6.258,9999.000,9999.000,9999.000,9999.000,9999.000,9999.000,9999.000
202604080354,   6.365,   6.389,9999.000,9999.000,9999.000,9999.000,9999.000,9999.000,9999.000
202604080400,   6.494,   6.537,   0.000,   0.043,   6.537,   0.000,   6.537,   0.000,   6.537
202604080406,   6.619,   6.658,9999.000,9999.000,9999.000,9999.000,9999.000,9999.000,9999.000
202604080412,   6.741,   6.789,9999.000,9999.000,9999.000,9999.000,9999.000,9999.000,9999.000
202604080418,   6.858,   6.907,9999.000,9999.000,9999.000,9999.000,9999.000,9999.000,9999.000
202604080424,   6.972,   7.029,9999.000,9999.000,9999.000,9999.000,9999.000,9999.000,9999.000
202604080430,   7.081,   7.127,9999.000,9999.000,9999.000,9999.000,9999.000,9999.000,9999.000
202604080436,   7.186,   7.238,9999.000,9999.000,9999.000,9999.000,9999.000,9999.000,9999.000
202604080442,   7.286,   7.327,9999.000,9999.000,9999.000,9999.000,9999.000,9999.000,9999.000
202604080448,   7.382,   7.409,9999.000,9999.000,9999.000,9999.000,9999.000,9999.000,9999.000
202604080454,   7.473,   7.498,9999.000,9999.000,9999.000,9999.000,9999.000,9999.000,9999.000
202604080500,   7.559,   7.596,   0.000,   0.037,   7.596,   0.000,   7.596,   0.000,   7.596
202604080506,   7.640,   7.678,9999.000,9999.000,9999.000,9999.000,9999.000,9999.000,9999.000
202604080512,   7.716,   7.737,9999.000,9999.000,9999.000,9999.000,9999.000,9999.000,9999.000
202604080518,   7.787,   7.819,9999.000,9999.000,9999.000,9999.000,9999.000,9999.000,9999.000
202604080524,   7.853,   7.898,9999.000,9999.000,9999.000,9999.000,9999.000,9999.000,9999.000
202604080530,   7.913,   7.967,9999.000,9999.000,9999.000,9999.000,9999.000,9999.000,9999.000
202604080536,   7.969,   8.016,9999.000,9999.000,9999.000,9999.000,9999.000,9999.000,9999.000
202604080542,   8.019,   8.058,9999.000,9999.000,9999.000,9999.000,9999.000,9999.000,9999.000
202604080548,   8.065,   8.117,9999.000,9999.000,9999.000,9999.000,9999.000,9999.000,9999.000
202604080554,   8.105,   8.157,9999.000,9999.000,9999.000,9999.000,9999.000,9999.000,9999.000
202604080600,   8.141,   8.186,  -0.100,   0.145,   8.186,  -0.100,   8.186,   0.000,   8.286
202604080606,   8.172,   8.229,9999.000,9999.000,9999.000,9999.000,9999.000,9999.000,9999.000
202604080612,   8.198,   8.259,9999.000,9999.000,9999.000,9999.000,9999.000,9999.000,9999.000
202604080618,   8.219,   8.268,9999.000,9999.000,9999.000,9999.000,9999.000,9999.000,9999.000
202604080624,   8.237,   8.298,9999.000,9999.000,9999.000,9999.000,9999.000,9999.000,9999.000
202604080630,   8.249,   8.298,9999.000,9999.000,9999.000,9999.000,9999.000,9999.000,9999.000
202604080636,   8.258,   8.298,9999.000,9999.000,9999.000,9999.000,9999.000,9999.000,9999.000
202604080642,   8.263,   8.298,9999.000,9999.000,9999.000,9999.000,9999.000,9999.000,9999.000
202604080648,   8.264,   8.288,9999.000,9999.000,9999.000,9999.000,9999.000,9999.000,9999.000
202604080654,   8.262,   8.288,9999.000,9999.000,9999.000,9999.000,9999.000,9999.000,9999.000
202604080700,   8.255,   8.259,  -0.100,   0.104,   8.259,  -0.100,   8.259,  -0.100,   8.259
202604080706,   8.246,   8.239,9999.000,9999.000,9999.000,9999.000,9999.000,9999.000,9999.000
202604080712,   8.234,   8.239,9999.000,9999.000,9999.000,9999.000,9999.000,9999.000,9999.000
202604080718,   8.219,   8.206,9999.000,9999.000,9999.000,9999.000,9999.000,9999.000,9999.000
202604080724,   8.200,   8.186,9999.000,9999.000,9999.000,9999.000,9999.000,9999.000,9999.000
202604080730,   8.180,   8.157,9999.000,9999.000,9999.000,9999.000,9999.000,9999.000,9999.000
202604080736,   8.157,   8.127,9999.000,9999.000,9999.000,9999.000,9999.000,9999.000,9999.000
202604080742,   8.131,   8.088,9999.000,9999.000,9999.000,9999.000,9999.000,9999.000,9999.000
202604080748,   8.104,   8.058,9999.000,9999.000,9999.000,9999.000,9999.000,9999.000,9999.000
202604080754,   8.074,   8.016,9999.000,9999.000,9999.000,9999.000,9999.000,9999.000,9999.000
202604080800,   8.043,   7.986,  -0.100,   0.043,   7.986,  -0.100,   7.986,  -0.100,   7.986
202604080806,   8.010,   7.967,9999.000,9999.000,9999.000,9999.000,9999.000,9999.000,9999.000
202604080812,   7.975,   7.927,9999.000,9999.000,9999.000,9999.000,9999.000,9999.000,9999.000
202604080818,   7.939,   7.878,9999.000,9999.000,9999.000,9999.000,9999.000,9999.000,9999.000
202604080824,   7.902,   7.849,9999.000,9999.000,9999.000,9999.000,9999.000,9999.000,9999.000
202604080830,   7.864,   7.819,9999.000,9999.000,9999.000,9999.000,9999.000,9999.000,9999.000
202604080836,   7.825,   7.776,9999.000,9999.000,9999.000,9999.000,9999.000,9999.000,9999.000
202604080842,   7.785,   7.737,9999.000,9999.000,9999.000,9999.000,9999.000,9999.000,9999.000
202604080848,   7.744,   7.707,9999.000,9999.000,9999.000,9999.000,9999.000,9999.000,9999.000
202604080854,   7.703,   7.678,9999.000,9999.000,9999.000,9999.000,9999.000,9999.000,9999.000
202604080900,   7.662,   7.629,  -0.100,   0.067,   7.629,  -0.100,   7.629,   0.000,   7.729
202604080906,   7.620,   7.586,9999.000,9999.000,9999.000,9999.000,9999.000,9999.000,9999.000
202604080912,   7.579,   7.547,9999.000,9999.000,9999.000,9999.000,9999.000,9999.000,9999.000
202604080918,   7.537,   7.507,9999.000,9999.000,9999.000,9999.000,9999.000,9999.000,9999.000
202604080924,   7.496,   7.458,9999.000,9999.000,9999.000,9999.000,9999.000,9999.000,9999.000
202604080930,   7.456,   7.429,9999.000,9999.000,9999.000,9999.000,9999.000,9999.000,9999.000
202604080936,   7.416,   7.386,9999.000,9999.000,9999.000,9999.000,9999.000,9999.000,9999.000
202604080942,   7.377,   7.357,9999.000,9999.000,9999.000,9999.000,9999.000,9999.000,9999.000
202604080948,   7.340,   7.317,9999.000,9999.000,9999.000,9999.000,9999.000,9999.000,9999.000
202604080954,   7.303,   7.288,9999.000,9999.000,9999.000,9999.000,9999.000,9999.000,9999.000
202604081000,   7.267,   7.268,  -0.100,   0.101,   7.268,  -0.100,   7.268,  -0.100,   7.268
202604081006,   7.233,   7.238,9999.000,9999.000,9999.000,9999.000,9999.000,9999.000,9999.000
202604081012,   7.201,   7.209,9999.000,9999.000,9999.000,9999.000,9999.000,9999.000,9999.000
202604081018,   7.170,   7.189,9999.000,9999.000,9999.000,9999.000,9999.000,9999.000,9999.000
202604081024,   7.141,   7.156,9999.000,9999.000,9999.000,9999.000,9999.000,9999.000,9999.000
202604081030,   7.114,   7.127,9999.000,9999.000,9999.000,9999.000,9999.000,9999.000,9999.000
202604081036,   7.089,   7.097,9999.000,9999.000,9999.000,9999.000,9999.000,9999.000,9999.000
202604081042,   7.066,   7.088,9999.000,9999.000,9999.000,9999.000,9999.000,9999.000,9999.000
202604081048,   7.045,   7.068,9999.000,9999.000,9999.000,9999.000,9999.000,9999.000,9999.000
202604081054,   7.026,   7.029,9999.000,9999.000,9999.000,9999.000,9999.000,9999.000,9999.000
202604081100,   7.010,   7.019,  -0.200,   0.209,   7.019,  -0.200,   7.019,  -0.100,   7.119
202604081106,   6.995,   6.999,9999.000,9999.000,9999.000,9999.000,9999.000,9999.000,9999.000
202604081112,   6.983,   6.989,9999.000,9999.000,9999.000,9999.000,9999.000,9999.000,9999.000
202604081118,   6.973,   6.979,9999.000,9999.000,9999.000,9999.000,9999.000,9999.000,9999.000
202604081124,   6.965,   6.956,9999.000,9999.000,9999.000,9999.000,9999.000,9999.000,9999.000
202604081130,   6.959,   6.956,9999.000,9999.000,9999.000,9999.000,9999.000,9999.000,9999.000
202604081136,   6.956,   6.947,9999.000,9999.000,9999.000,9999.000,9999.000,9999.000,9999.000
202604081142,   6.954,   6.937,9999.000,9999.000,9999.000,9999.000,9999.000,9999.000,9999.000
202604081148,   6.955,   6.937,9999.000,9999.000,9999.000,9999.000,9999.000,9999.000,9999.000
202604081154,   6.958,   6.947,9999.000,9999.000,9999.000,9999.000,9999.000,9999.000,9999.000
202604081200,   6.962,   6.947,   0.000,  -0.015,   6.947,  -0.100,   6.847,   0.000,   6.947
202604081206,   6.968,   6.956,9999.000,9999.000,9999.000,9999.000,9999.000,9999.000,9999.000
202604081212,   6.976,   6.966,9999.000,9999.000,9999.000,9999.000,9999.000,9999.000,9999.000
202604081218,   6.986,   6.979,9999.000,9999.000,9999.000,9999.000,9999.000,9999.000,9999.000
202604081224,   6.997,   6.979,9999.000,9999.000,9999.000,9999.000,9999.000,9999.000,9999.000
202604081230,   7.010,   6.989,9999.000,9999.000,9999.000,9999.000,9999.000,9999.000,9999.000
202604081236,   7.024,   6.999,9999.000,9999.000,9999.000,9999.000,9999.000,9999.000,9999.000
202604081242,   7.039,   7.019,9999.000,9999.000,9999.000,9999.000,9999.000,9999.000,9999.000
202604081248,   7.054,   7.019,9999.000,9999.000,9999.000,9999.000,9999.000,9999.000,9999.000
202604081254,   7.071,   7.038,9999.000,9999.000,9999.000,9999.000,9999.000,9999.000,9999.000
202604081300,   7.089,   7.058,   0.000,  -0.031,   7.058,   0.000,   7.058,   0.000,   7.058
202604081306,   7.107,   7.078,9999.000,9999.000,9999.000,9999.000,9999.000,9999.000,9999.000
202604081312,   7.125,   7.088,9999.000,9999.000,9999.000,9999.000,9999.000,9999.000,9999.000
202604081318,   7.143,   7.097,9999.000,9999.000,9999.000,9999.000,9999.000,9999.000,9999.000
202604081324,   7.161,   7.107,9999.000,9999.000,9999.000,9999.000,9999.000,9999.000,9999.000
202604081330,   7.179,   7.137,9999.000,9999.000,9999.000,9999.000,9999.000,9999.000,9999.000
202604081336,   7.197,   7.156,9999.000,9999.000,9999.000,9999.000,9999.000,9999.000,9999.000
202604081342,   7.214,   7.166,9999.000,9999.000,9999.000,9999.000,9999.000,9999.000,9999.000
202604081348,   7.230,   7.176,9999.000,9999.000,9999.000,9999.000,9999.000,9999.000,9999.000
202604081354,   7.246,   7.189,9999.000,9999.000,9999.000,9999.000,9999.000,9999.000,9999.000
202604081400,   7.260,   7.199,   0.000,  -0.061,   7.199,   0.000,   7.199,   0.000,   7.199
202604081406,   7.272,   7.199,9999.000,9999.000,9999.000,9999.000,9999.000,9999.000,9999.000
202604081412,   7.283,   7.199,9999.000,9999.000,9999.000,9999.000,9999.000,9999.000,9999.000
202604081418,   7.293,   7.209,9999.000,9999.000,9999.000,9999.000,9999.000,9999.000,9999.000
202604081424,   7.300,   7.219,9999.000,9999.000,9999.000,9999.000,9999.000,9999.000,9999.000
202604081430,   7.306,   7.209,9999.000,9999.000,9999.000,9999.000,9999.000,9999.000,9999.000
202604081436,   7.309,   7.219,9999.000,9999.000,9999.000,9999.000,9999.000,9999.000,9999.000
202604081442,   7.310,   7.219,9999.000,9999.000,9999.000,9999.000,9999.000,9999.000,9999.000
202604081448,   7.308,   7.219,9999.000,9999.000,9999.000,9999.000,9999.000,9999.000,9999.000
202604081454,   7.304,   7.219,9999.000,9999.000,9999.000,9999.000,9999.000,9999.000,9999.000
202604081500,   7.297,   7.209,   0.000,  -0.088,   7.209,   0.000,   7.209,   0.000,   7.209
202604081506,   7.287,   7.199,9999.000,9999.000,9999.000,9999.000,9999.000,9999.000,9999.000
202604081512,   7.274,   7.199,9999.000,9999.000,9999.000,9999.000,9999.000,9999.000,9999.000
202604081518,   7.259,   7.199,9999.000,9999.000,9999.000,9999.000,9999.000,9999.000,9999.000
202604081524,   7.240,   7.189,9999.000,9999.000,9999.000,9999.000,9999.000,9999.000,9999.000
202604081530,   7.218,   7.166,9999.000,9999.000,9999.000,9999.000,9999.000,9999.000,9999.000
202604081536,   7.193,   7.137,9999.000,9999.000,9999.000,9999.000,9999.000,9999.000,9999.000
202604081542,   7.165,   7.107,9999.000,9999.000,9999.000,9999.000,9999.000,9999.000,9999.000
202604081548,   7.133,   7.078,9999.000,9999.000,9999.000,9999.000,9999.000,9999.000,9999.000
202604081554,   7.098,   7.038,9999.000,9999.000,9999.000,9999.000,9999.000,9999.000,9999.000
202604081600,   7.059,   6.989,   0.000,  -0.070,   6.989,   0.000,   6.989,   0.000,   6.989
202604081606,   7.017,   6.947,9999.000,9999.000,9999.000,9999.000,9999.000,9999.000,9999.000
202604081612,   6.971,   6.897,9999.000,9999.000,9999.000,9999.000,9999.000,9999.000,9999.000
202604081618,   6.922,   6.828,9999.000,9999.000,9999.000,9999.000,9999.000,9999.000,9999.000
202604081624,   6.869,   6.766,9999.000,9999.000,9999.000,9999.000,9999.000,9999.000,9999.000
202604081630,   6.812,   6.687,9999.000,9999.000,9999.000,9999.000,9999.000,9999.000,9999.000
202604081636,   6.752,   6.619,9999.000,9999.000,9999.000,9999.000,9999.000,9999.000,9999.000
202604081642,   6.687,   6.546,9999.000,9999.000,9999.000,9999.000,9999.000,9999.000,9999.000
202604081648,   6.619,   6.468,9999.000,9999.000,9999.000,9999.000,9999.000,9999.000,9999.000
202604081654,   6.547,   6.389,9999.000,9999.000,9999.000,9999.000,9999.000,9999.000,9999.000
202604081700,   6.471,   6.317,   0.000,  -0.154,   6.317,   0.000,   6.317,   0.000,   6.317
202604081706,   6.390,   6.228,9999.000,9999.000,9999.000,9999.000,9999.000,9999.000,9999.000
202604081712,   6.306,   6.149,9999.000,9999.000,9999.000,9999.000,9999.000,9999.000,9999.000
202604081718,   6.218,   6.048,9999.000,9999.000,9999.000,9999.000,9999.000,9999.000,9999.000
202604081724,   6.126,   5.949,9999.000,9999.000,9999.000,9999.000,9999.000,9999.000,9999.000
202604081730,   6.030,   5.867,9999.000,9999.000,9999.000,9999.000,9999.000,9999.000,9999.000
202604081736,   5.930,   5.759,9999.000,9999.000,9999.000,9999.000,9999.000,9999.000,9999.000
202604081742,   5.827,   5.657,9999.000,9999.000,9999.000,9999.000,9999.000,9999.000,9999.000
202604081748,   5.720,   5.559,9999.000,9999.000,9999.000,9999.000,9999.000,9999.000,9999.000
202604081754,   5.609,   5.457,9999.000,9999.000,9999.000,9999.000,9999.000,9999.000,9999.000
202604081800,   5.494,   5.339,   0.000,  -0.155,   5.339,   0.000,   5.339,   0.100,   5.439
202604081806,   5.376,   5.218,9999.000,9999.000,9999.000,9999.000,9999.000,9999.000,9999.000
202604081812,   5.255,   5.097,9999.000,9999.000,9999.000,9999.000,9999.000,9999.000,9999.000
202604081818,   5.131,   4.969,9999.000,9999.000,9999.000,9999.000,9999.000,9999.000,9999.000
202604081824,   5.005,   4.837,9999.000,9999.000,9999.000,9999.000,9999.000,9999.000,9999.000
202604081830,   4.875,   4.710,9999.000,9999.000,9999.000,9999.000,9999.000,9999.000,9999.000
202604081836,   4.743,   4.578,9999.000,9999.000,9999.000,9999.000,9999.000,9999.000,9999.000
202604081842,   4.609,   4.447,9999.000,9999.000,9999.000,9999.000,9999.000,9999.000,9999.000
202604081848,   4.473,   4.319,9999.000,9999.000,9999.000,9999.000,9999.000,9999.000,9999.000
202604081854,   4.336,   4.188,9999.000,9999.000,9999.000,9999.000,9999.000,9999.000,9999.000
202604081900,   4.197,   4.047,   0.000,  -0.150,   4.047,   0.000,   4.047,   0.100,   4.147
202604081906,   4.056,   3.919,9999.000,9999.000,9999.000,9999.000,9999.000,9999.000,9999.000
202604081912,   3.915,   3.778,9999.000,9999.000,9999.000,9999.000,9999.000,9999.000,9999.000
202604081918,   3.774,   3.650,9999.000,9999.000,9999.000,9999.000,9999.000,9999.000,9999.000
202604081924,   3.632,   3.519,9999.000,9999.000,9999.000,9999.000,9999.000,9999.000,9999.000
202604081930,   3.489,   3.388,9999.000,9999.000,9999.000,9999.000,9999.000,9999.000,9999.000
202604081936,   3.347,   3.270,9999.000,9999.000,9999.000,9999.000,9999.000,9999.000,9999.000
202604081942,   3.206,   3.138,9999.000,9999.000,9999.000,9999.000,9999.000,9999.000,9999.000
202604081948,   3.065,   3.007,9999.000,9999.000,9999.000,9999.000,9999.000,9999.000,9999.000
202604081954,   2.925,   2.879,9999.000,9999.000,9999.000,9999.000,9999.000,9999.000,9999.000
202604082000,   2.786,   2.738,   0.100,  -0.148,   2.738,   0.000,   2.638,   0.100,   2.738
202604082006,   2.648,   2.620,9999.000,9999.000,9999.000,9999.000,9999.000,9999.000,9999.000
202604082012,   2.512,   2.489,9999.000,9999.000,9999.000,9999.000,9999.000,9999.000,9999.000
202604082018,   2.378,   2.348,9999.000,9999.000,9999.000,9999.000,9999.000,9999.000,9999.000
202604082024,   2.246,   2.220,9999.000,9999.000,9999.000,9999.000,9999.000,9999.000,9999.000
202604082030,   2.116,   2.089,9999.000,9999.000,9999.000,9999.000,9999.000,9999.000,9999.000
202604082036,   1.988,   1.958,9999.000,9999.000,9999.000,9999.000,9999.000,9999.000,9999.000
202604082042,   1.863,   1.830,9999.000,9999.000,9999.000,9999.000,9999.000,9999.000,9999.000
202604082048,   1.741,   1.708,9999.000,9999.000,9999.000,9999.000,9999.000,9999.000,9999.000
202604082054,   1.621,   1.590,9999.000,9999.000,9999.000,9999.000,9999.000,9999.000,9999.000
202604082100,   1.505,   1.469,   0.100,  -0.136,   1.469,   0.000,   1.369,   0.100,   1.469
202604082106,   1.393,   1.361,9999.000,9999.000,9999.000,9999.000,9999.000,9999.000,9999.000
202604082112,   1.284,   1.249,9999.000,9999.000,9999.000,9999.000,9999.000,9999.000,9999.000
202604082118,   1.178,   1.151,9999.000,9999.000,9999.000,9999.000,9999.000,9999.000,9999.000
202604082124,   1.077,   1.039,9999.000,9999.000,9999.000,9999.000,9999.000,9999.000,9999.000
202604082130,   0.979,   0.951,9999.000,9999.000,9999.000,9999.000,9999.000,9999.000,9999.000
202604082136,   0.886,   0.859,9999.000,9999.000,9999.000,9999.000,9999.000,9999.000,9999.000
202604082142,   0.798,   0.780,9999.000,9999.000,9999.000,9999.000,9999.000,9999.000,9999.000
202604082148,   0.714,   0.698,9999.000,9999.000,9999.000,9999.000,9999.000,9999.000,9999.000
202604082154,   0.634,   0.619,9999.000,9999.000,9999.000,9999.000,9999.000,9999.000,9999.000
202604082200,   0.560,   0.560,   0.100,  -0.100,   0.560,   0.000,   0.460,   0.100,   0.560
202604082206,   0.491,   0.498,9999.000,9999.000,9999.000,9999.000,9999.000,9999.000,9999.000
202604082212,   0.427,   0.439,9999.000,9999.000,9999.000,9999.000,9999.000,9999.000,9999.000
202604082218,   0.369,   0.390,9999.000,9999.000,9999.000,9999.000,9999.000,9999.000,9999.000
202604082224,   0.316,   0.341,9999.000,9999.000,9999.000,9999.000,9999.000,9999.000,9999.000
202604082230,   0.270,   0.308,9999.000,9999.000,9999.000,9999.000,9999.000,9999.000,9999.000
202604082236,   0.228,   0.278,9999.000,9999.000,9999.000,9999.000,9999.000,9999.000,9999.000
202604082242,   0.193,   0.249,9999.000,9999.000,9999.000,9999.000,9999.000,9999.000,9999.000
202604082248,   0.164,   0.229,9999.000,9999.000,9999.000,9999.000,9999.000,9999.000,9999.000
202604082254,   0.141,   0.219,9999.000,9999.000,9999.000,9999.000,9999.000,9999.000,9999.000
202604082300,   0.124,   0.209,   0.000,   0.085,   0.209,   0.000,   0.209,   0.000,   0.209
202604082306,   0.113,   0.209,9999.000,9999.000,9999.000,9999.000,9999.000,9999.000,9999.000
202604082312,   0.109,   0.209,9999.000,9999.000,9999.000,9999.000,9999.000,9999.000,9999.000
202604082318,   0.110,   0.209,9999.000,9999.000,9999.000,9999.000,9999.000,9999.000,9999.000
202604082324,   0.119,   0.209,9999.000,9999.000,9999.000,9999.000,9999.000,9999.000,9999.000
202604082330,   0.133,   0.239,9999.000,9999.000,9999.000,9999.000,9999.000,9999.000,9999.000
202604082336,   0.154,   0.249,9999.000,9999.000,9999.000,9999.000,9999.000,9999.000,9999.000
202604082342,   0.180,   0.278,9999.000,9999.000,9999.000,9999.000,9999.000,9999.000,9999.000
202604082348,   0.213,   0.308,9999.000,9999.000,9999.000,9999.000,9999.000,9999.000,9999.000
202604082354,   0.252,   0.350,9999.000,9999.000,9999.000,9999.000,9999.000,9999.000,9999.000
202604090000,   0.298,   0.390,   0.000,   0.092,   0.390,   0.000,   0.390,   0.000,   0.390
202604090006,   0.349,   0.439,9999.000,9999.000,9999.000,9999.000,9999.000,9999.000,9999.000
202604090012,   0.406,   0.518,9999.000,9999.000,9999.000,9999.000,9999.000,9999.000,9999.000
202604090018,   0.468,   0.590,9999.000,9999.000,9999.000,9999.000,9999.000,9999.000,9999.000
202604090024,   0.537,   0.669,9999.000,9999.000,9999.000,9999.000,9999.000,9999.000,9999.000
202604090030,   0.611,   0.751,9999.000,9999.000,9999.000,9999.000,9999.000,9999.000,9999.000
202604090036,   0.690,   0.849,9999.000,9999.000,9999.000,9999.000,9999.000,9999.000,9999.000
202604090042,   0.775,   0.961,9999.000,9999.000,9999.000,9999.000,9999.000,9999.000,9999.000
202604090048,   0.865,   1.069,9999.000,9999.000,9999.000,9999.000,9999.000,9999.000,9999.000
202604090054,   0.959,   1.190,9999.000,9999.000,9999.000,9999.000,9999.000,9999.000,9999.000
202604090100,   1.059,   1.308,   0.000,   0.249,   1.308,   0.000,   1.308,   0.100,   1.408
202604090106,   1.163,   1.420,9999.000,9999.000,9999.000,9999.000,9999.000,9999.000,9999.000
202604090112,   1.271,   1.548,9999.000,9999.000,9999.000,9999.000,9999.000,9999.000,9999.000
202604090118,   1.384,   1.669,9999.000,9999.000,9999.000,9999.000,9999.000,9999.000,9999.000
202604090124,   1.500,   1.800,9999.000,9999.000,9999.000,9999.000,9999.000,9999.000,9999.000
202604090130,   1.621,   1.928,9999.000,9999.000,9999.000,9999.000,9999.000,9999.000,9999.000
202604090136,   1.745,   2.069,9999.000,9999.000,9999.000,9999.000,9999.000,9999.000,9999.000
202604090142,   1.872,   2.191,9999.000,9999.000,9999.000,9999.000,9999.000,9999.000,9999.000
202604090148,   2.003,   2.328,9999.000,9999.000,9999.000,9999.000,9999.000,9999.000,9999.000
202604090154,   2.136,   2.459,9999.000,9999.000,9999.000,9999.000,9999.000,9999.000,9999.000
202604090200,   2.272,   2.587,   0.000,   0.315,   2.587,   0.000,   2.587,   0.000,   2.587
202604090206,   2.410,   2.728,9999.000,9999.000,9999.000,9999.000,9999.000,9999.000,9999.000
202604090212,   2.551,   2.860,9999.000,9999.000,9999.000,9999.000,9999.000,9999.000,9999.000
202604090218,   2.693,   2.997,9999.000,9999.000,9999.000,9999.000,9999.000,9999.000,9999.000
202604090224,   2.837,   3.138,9999.000,9999.000,9999.000,9999.000,9999.000,9999.000,9999.000
202604090230,   2.982,   3.279,9999.000,9999.000,9999.000,9999.000,9999.000,9999.000,9999.000
202604090236,   3.129,   3.440,9999.000,9999.000,9999.000,9999.000,9999.000,9999.000,9999.000
202604090242,   3.276,   3.588,9999.000,9999.000,9999.000,9999.000,9999.000,9999.000,9999.000
202604090248,   3.425,   3.729,9999.000,9999.000,9999.000,9999.000,9999.000,9999.000,9999.000
202604090254,   3.573,   3.890,9999.000,9999.000,9999.000,9999.000,9999.000,9999.000,9999.000
202604090300,   3.722,   4.047,   0.000,   0.325,   4.047,   0.000,   4.047,   0.000,   4.047
202604090306,   3.872,   4.198,9999.000,9999.000,9999.000,9999.000,9999.000,9999.000,9999.000
202604090312,   4.021,   4.339,9999.000,9999.000,9999.000,9999.000,9999.000,9999.000,9999.000
202604090318,   4.169,   4.490,9999.000,9999.000,9999.000,9999.000,9999.000,9999.000,9999.000
202604090324,   4.318,   4.647,9999.000,9999.000,9999.000,9999.000,9999.000,9999.000,9999.000
202604090330,   4.465,   4.788,9999.000,9999.000,9999.000,9999.000,9999.000,9999.000,9999.000
202604090336,   4.612,   4.919,9999.000,9999.000,9999.000,9999.000,9999.000,9999.000,9999.000
202604090342,   4.757,   5.067,9999.000,9999.000,9999.000,9999.000,9999.000,9999.000,9999.000
202604090348,   4.902,   5.218,9999.000,9999.000,9999.000,9999.000,9999.000,9999.000,9999.000
202604090354,   5.045,   5.349,9999.000,9999.000,9999.000,9999.000,9999.000,9999.000,9999.000
202604090400,   5.187,   5.497,   0.000,   0.310,   5.497,   0.000,   5.497,   0.000,   5.497
202604090406,   5.327,   5.628,9999.000,9999.000,9999.000,9999.000,9999.000,9999.000,9999.000
202604090412,   5.466,   5.749,9999.000,9999.000,9999.000,9999.000,9999.000,9999.000,9999.000
202604090418,   5.602,   5.887,9999.000,9999.000,9999.000,9999.000,9999.000,9999.000,9999.000
202604090424,   5.736,   6.028,9999.000,9999.000,9999.000,9999.000,9999.000,9999.000,9999.000
202604090430,   5.869,   6.149,9999.000,9999.000,9999.000,9999.000,9999.000,9999.000,9999.000
202604090436,   5.998,   6.268,9999.000,9999.000,9999.000,9999.000,9999.000,9999.000,9999.000
202604090442,   6.126,   6.389,9999.000,9999.000,9999.000,9999.000,9999.000,9999.000,9999.000
202604090448,   6.250,   6.517,9999.000,9999.000,9999.000,9999.000,9999.000,9999.000,9999.000
202604090454,   6.372,   6.628,9999.000,9999.000,9999.000,9999.000,9999.000,9999.000,9999.000
202604090500,   6.491,   6.746,   0.000,   0.255,   6.746,   0.000,   6.746,   0.000,   6.746
202604090506,   6.606,   6.858,9999.000,9999.000,9999.000,9999.000,9999.000,9999.000,9999.000
202604090512,   6.718,   6.979,9999.000,9999.000,9999.000,9999.000,9999.000,9999.000,9999.000
202604090518,   6.827,   7.088,9999.000,9999.000,9999.000,9999.000,9999.000,9999.000,9999.000
202604090524,   6.932,   7.189,9999.000,9999.000,9999.000,9999.000,9999.000,9999.000,9999.000
202604090530,   7.034,   7.278,9999.000,9999.000,9999.000,9999.000,9999.000,9999.000,9999.000
202604090536,   7.131,   7.376,9999.000,9999.000,9999.000,9999.000,9999.000,9999.000,9999.000
202604090542,   7.225,   7.478,9999.000,9999.000,9999.000,9999.000,9999.000,9999.000,9999.000
202604090548,   7.314,   7.566,9999.000,9999.000,9999.000,9999.000,9999.000,9999.000,9999.000
202604090554,   7.399,   7.648,9999.000,9999.000,9999.000,9999.000,9999.000,9999.000,9999.000
202604090600,   7.480,   7.747,   0.000,   0.267,   7.747,   0.000,   7.747,   0.000,   7.747
202604090606,   7.556,   7.829,9999.000,9999.000,9999.000,9999.000,9999.000,9999.000,9999.000
202604090612,   7.628,   7.898,9999.000,9999.000,9999.000,9999.000,9999.000,9999.000,9999.000
202604090618,   7.696,   7.967,9999.000,9999.000,9999.000,9999.000,9999.000,9999.000,9999.000
202604090624,   7.759,   8.049,9999.000,9999.000,9999.000,9999.000,9999.000,9999.000,9999.000
202604090630,   7.818,   8.108,9999.000,9999.000,9999.000,9999.000,9999.000,9999.000,9999.000
202604090636,   7.872,   8.167,9999.000,9999.000,9999.000,9999.000,9999.000,9999.000,9999.000
202604090642,   7.921,   8.216,9999.000,9999.000,9999.000,9999.000,9999.000,9999.000,9999.000
202604090648,   7.966,   8.259,9999.000,9999.000,9999.000,9999.000,9999.000,9999.000,9999.000
202604090654,   8.007,   8.298,9999.000,9999.000,9999.000,9999.000,9999.000,9999.000,9999.000
202604090700,   8.044,   8.327,   0.000,   0.283,   8.327,   0.000,   8.327,   0.000,   8.327
202604090706,   8.076,   8.357,9999.000,9999.000,9999.000,9999.000,9999.000,9999.000,9999.000
202604090712,   8.105,   8.377,9999.000,9999.000,9999.000,9999.000,9999.000,9999.000,9999.000
202604090718,   8.129,   8.386,9999.000,9999.000,9999.000,9999.000,9999.000,9999.000,9999.000
202604090724,   8.150,   8.396,9999.000,9999.000,9999.000,9999.000,9999.000,9999.000,9999.000
202604090730,   8.167,   8.406,9999.000,9999.000,9999.000,9999.000,9999.000,9999.000,9999.000
202604090736,   8.180,   8.416,9999.000,9999.000,9999.000,9999.000,9999.000,9999.000,9999.000
202604090742,   8.190,   8.416,9999.000,9999.000,9999.000,9999.000,9999.000,9999.000,9999.000
202604090748,   8.197,   8.416,9999.000,9999.000,9999.000,9999.000,9999.000,9999.000,9999.000
202604090754,   8.200,   8.396,9999.000,9999.000,9999.000,9999.000,9999.000,9999.000,9999.000
202604090800,   8.201,   8.386,   0.000,   0.185,   8.386,   0.000,   8.386,   0.000,   8.386
202604090806,   8.198,   8.367,9999.000,9999.000,9999.000,9999.000,9999.000,9999.000,9999.000
202604090812,   8.193,   8.357,9999.000,9999.000,9999.000,9999.000,9999.000,9999.000,9999.000
202604090818,   8.185,   8.347,9999.000,9999.000,9999.000,9999.000,9999.000,9999.000,9999.000
202604090824,   8.175,   8.327,9999.000,9999.000,9999.000,9999.000,9999.000,9999.000,9999.000
202604090830,   8.162,   8.308,9999.000,9999.000,9999.000,9999.000,9999.000,9999.000,9999.000
202604090836,   8.147,   8.298,9999.000,9999.000,9999.000,9999.000,9999.000,9999.000,9999.000
202604090842,   8.129,   8.278,9999.000,9999.000,9999.000,9999.000,9999.000,9999.000,9999.000
202604090848,   8.110,   8.239,9999.000,9999.000,9999.000,9999.000,9999.000,9999.000,9999.000
202604090854,   8.089,   8.216,9999.000,9999.000,9999.000,9999.000,9999.000,9999.000,9999.000
202604090900,   8.066,   8.177,   0.000,   0.111,   8.177,  -0.100,   8.077,   0.000,   8.177
202604090906,   8.041,   8.157,9999.000,9999.000,9999.000,9999.000,9999.000,9999.000,9999.000
202604090912,   8.014,   8.127,9999.000,9999.000,9999.000,9999.000,9999.000,9999.000,9999.000
202604090918,   7.986,   8.098,9999.000,9999.000,9999.000,9999.000,9999.000,9999.000,9999.000
202604090924,   7.956,   8.068,9999.000,9999.000,9999.000,9999.000,9999.000,9999.000,9999.000
202604090930,   7.926,   8.039,9999.000,9999.000,9999.000,9999.000,9999.000,9999.000,9999.000
202604090936,   7.894,   7.996,9999.000,9999.000,9999.000,9999.000,9999.000,9999.000,9999.000
202604090942,   7.861,   7.967,9999.000,9999.000,9999.000,9999.000,9999.000,9999.000,9999.000
202604090948,   7.827,   7.927,9999.000,9999.000,9999.000,9999.000,9999.000,9999.000,9999.000
202604090954,   7.792,   7.878,9999.000,9999.000,9999.000,9999.000,9999.000,9999.000,9999.000
202604091000,   7.757,   7.829,   0.000,   0.072,   7.829,  -0.100,   7.729,   0.000,   7.829
202604091006,   7.721,   7.796,9999.000,9999.000,9999.000,9999.000,9999.000,9999.000,9999.000
202604091012,   7.685,   7.747,9999.000,9999.000,9999.000,9999.000,9999.000,9999.000,9999.000
202604091018,   7.649,   7.688,9999.000,9999.000,9999.000,9999.000,9999.000,9999.000,9999.000
202604091024,   7.613,   7.648,9999.000,9999.000,9999.000,9999.000,9999.000,9999.000,9999.000
202604091030,   7.577,   7.596,9999.000,9999.000,9999.000,9999.000,9999.000,9999.000,9999.000
202604091036,   7.541,   7.576,9999.000,9999.000,9999.000,9999.000,9999.000,9999.000,9999.000
202604091042,   7.505,   7.527,9999.000,9999.000,9999.000,9999.000,9999.000,9999.000,9999.000
202604091048,   7.470,   7.498,9999.000,9999.000,9999.000,9999.000,9999.000,9999.000,9999.000
202604091054,   7.436,   7.468,9999.000,9999.000,9999.000,9999.000,9999.000,9999.000,9999.000
202604091100,   7.402,   7.439,  -0.100,   0.137,   7.439,  -0.100,   7.439,   0.000,   7.539
202604091106,   7.370,   7.399,9999.000,9999.000,9999.000,9999.000,9999.000,9999.000,9999.000
202604091112,   7.338,   7.376,9999.000,9999.000,9999.000,9999.000,9999.000,9999.000,9999.000
202604091118,   7.308,   7.337,9999.000,9999.000,9999.000,9999.000,9999.000,9999.000,9999.000
202604091124,   7.279,   7.297,9999.000,9999.000,9999.000,9999.000,9999.000,9999.000,9999.000
202604091130,   7.251,   7.278,9999.000,9999.000,9999.000,9999.000,9999.000,9999.000,9999.000
202604091136,   7.224,   7.248,9999.000,9999.000,9999.000,9999.000,9999.000,9999.000,9999.000
202604091142,   7.199,   7.219,9999.000,9999.000,9999.000,9999.000,9999.000,9999.000,9999.000
202604091148,   7.175,   7.189,9999.000,9999.000,9999.000,9999.000,9999.000,9999.000,9999.000
202604091154,   7.153,   7.166,9999.000,9999.000,9999.000,9999.000,9999.000,9999.000,9999.000
202604091200,   7.133,   7.156,   0.100,  -0.077,   7.156,   0.000,   7.056,   0.100,   7.156
202604091206,   7.114,   7.147,9999.000,9999.000,9999.000,9999.000,9999.000,9999.000,9999.000
202604091212,   7.096,   7.127,9999.000,9999.000,9999.000,9999.000,9999.000,9999.000,9999.000
202604091218,   7.080,   7.097,9999.000,9999.000,9999.000,9999.000,9999.000,9999.000,9999.000
202604091224,   7.066,   7.088,9999.000,9999.000,9999.000,9999.000,9999.000,9999.000,9999.000
202604091230,   7.053,   7.068,9999.000,9999.000,9999.000,9999.000,9999.000,9999.000,9999.000
202604091236,   7.042,   7.058,9999.000,9999.000,9999.000,9999.000,9999.000,9999.000,9999.000
202604091242,   7.033,   7.038,9999.000,9999.000,9999.000,9999.000,9999.000,9999.000,9999.000
202604091248,   7.024,   7.019,9999.000,9999.000,9999.000,9999.000,9999.000,9999.000,9999.000
202604091254,   7.018,   7.019,9999.000,9999.000,9999.000,9999.000,9999.000,9999.000,9999.000
202604091300,   7.012,   7.009,   0.100,  -0.103,   7.009,   0.100,   7.009,   0.100,   7.009
202604091306,   7.008,   6.999,9999.000,9999.000,9999.000,9999.000,9999.000,9999.000,9999.000
202604091312,   7.006,   6.989,9999.000,9999.000,9999.000,9999.000,9999.000,9999.000,9999.000
202604091318,   7.004,   6.979,9999.000,9999.000,9999.000,9999.000,9999.000,9999.000,9999.000
202604091324,   7.003,   6.966,9999.000,9999.000,9999.000,9999.000,9999.000,9999.000,9999.000
202604091330,   7.004,   6.956,9999.000,9999.000,9999.000,9999.000,9999.000,9999.000,9999.000
202604091336,   7.005,   6.947,9999.000,9999.000,9999.000,9999.000,9999.000,9999.000,9999.000
202604091342,   7.007,   6.937,9999.000,9999.000,9999.000,9999.000,9999.000,9999.000,9999.000
202604091348,   7.010,   6.937,9999.000,9999.000,9999.000,9999.000,9999.000,9999.000,9999.000
202604091354,   7.013,   6.937,9999.000,9999.000,9999.000,9999.000,9999.000,9999.000,9999.000
202604091400,   7.016,   6.927,   0.100,  -0.189,   6.927,   0.000,   6.827,   0.100,   6.927
202604091406,   7.020,   6.927,9999.000,9999.000,9999.000,9999.000,9999.000,9999.000,9999.000
202604091412,   7.024,   6.927,9999.000,9999.000,9999.000,9999.000,9999.000,9999.000,9999.000
202604091418,   7.028,   6.937,9999.000,9999.000,9999.000,9999.000,9999.000,9999.000,9999.000
202604091424,   7.032,   6.927,9999.000,9999.000,9999.000,9999.000,9999.000,9999.000,9999.000
202604091430,   7.035,   6.917,9999.000,9999.000,9999.000,9999.000,9999.000,9999.000,9999.000
202604091436,   7.038,   6.907,9999.000,9999.000,9999.000,9999.000,9999.000,9999.000,9999.000
202604091442,   7.040,   6.897,9999.000,9999.000,9999.000,9999.000,9999.000,9999.000,9999.000
202604091448,   7.041,   6.887,9999.000,9999.000,9999.000,9999.000,9999.000,9999.000,9999.000
202604091454,   7.041,   6.878,9999.000,9999.000,9999.000,9999.000,9999.000,9999.000,9999.000
202604091500,   7.041,   6.868,   0.000,  -0.173,   6.868,   0.000,   6.868,   0.100,   6.968
202604091506,   7.039,   6.858,9999.000,9999.000,9999.000,9999.000,9999.000,9999.000,9999.000
202604091512,   7.035,   6.848,9999.000,9999.000,9999.000,9999.000,9999.000,9999.000,9999.000
202604091518,   7.030,   6.838,9999.000,9999.000,9999.000,9999.000,9999.000,9999.000,9999.000
202604091524,   7.024,   6.819,9999.000,9999.000,9999.000,9999.000,9999.000,9999.000,9999.000
202604091530,   7.016,   6.809,9999.000,9999.000,9999.000,9999.000,9999.000,9999.000,9999.000
202604091536,   7.006,   6.799,9999.000,9999.000,9999.000,9999.000,9999.000,9999.000,9999.000
202604091542,   6.994,   6.779,9999.000,9999.000,9999.000,9999.000,9999.000,9999.000,9999.000
202604091548,   6.980,   6.746,9999.000,9999.000,9999.000,9999.000,9999.000,9999.000,9999.000
202604091554,   6.963,   6.727,9999.000,9999.000,9999.000,9999.000,9999.000,9999.000,9999.000
202604091600,   6.945,   6.717,   0.000,  -0.228,   6.717,   0.000,   6.717,   0.100,   6.817
202604091606,   6.925,   6.697,9999.000,9999.000,9999.000,9999.000,9999.000,9999.000,9999.000
202604091612,   6.902,   6.678,9999.000,9999.000,9999.000,9999.000,9999.000,9999.000,9999.000
202604091618,   6.876,   6.658,9999.000,9999.000,9999.000,9999.000,9999.000,9999.000,9999.000
202604091624,   6.849,   6.638,9999.000,9999.000,9999.000,9999.000,9999.000,9999.000,9999.000
202604091630,   6.819,   6.599,9999.000,9999.000,9999.000,9999.000,9999.000,9999.000,9999.000
202604091636,   6.786,   6.569,9999.000,9999.000,9999.000,9999.000,9999.000,9999.000,9999.000
202604091642,   6.751,   6.546,9999.000,9999.000,9999.000,9999.000,9999.000,9999.000,9999.000
202604091648,   6.713,   6.507,9999.000,9999.000,9999.000,9999.000,9999.000,9999.000,9999.000
202604091654,   6.672,   6.468,9999.000,9999.000,9999.000,9999.000,9999.000,9999.000,9999.000
202604091700,   6.629,   6.428,   0.100,  -0.301,   6.428,   0.000,   6.328,   0.100,   6.428
202604091706,   6.582,   6.389,9999.000,9999.000,9999.000,9999.000,9999.000,9999.000,9999.000
202604091712,   6.533,   6.327,9999.000,9999.000,9999.000,9999.000,9999.000,9999.000,9999.000
202604091718,   6.481,   6.268,9999.000,9999.000,9999.000,9999.000,9999.000,9999.000,9999.000
202604091724,   6.427,   6.209,9999.000,9999.000,9999.000,9999.000,9999.000,9999.000,9999.000
202604091730,   6.369,   6.149,9999.000,9999.000,9999.000,9999.000,9999.000,9999.000,9999.000
202604091736,   6.308,   6.077,9999.000,9999.000,9999.000,9999.000,9999.000,9999.000,9999.000
202604091742,   6.244,   6.008,9999.000,9999.000,9999.000,9999.000,9999.000,9999.000,9999.000
202604091748,   6.176,   5.940,9999.000,9999.000,9999.000,9999.000,9999.000,9999.000,9999.000
202604091754,   6.106,   5.858,9999.000,9999.000,9999.000,9999.000,9999.000,9999.000,9999.000
202604091800,   6.032,   5.779,   0.100,  -0.353,   5.779,   0.000,   5.679,   0.100,   5.779
202604091806,   5.955,   5.697,9999.000,9999.000,9999.000,9999.000,9999.000,9999.000,9999.000
202604091812,   5.875,   5.608,9999.000,9999.000,9999.000,9999.000,9999.000,9999.000,9999.000
202604091818,   5.792,   5.516,9999.000,9999.000,9999.000,9999.000,9999.000,9999.000,9999.000
202604091824,   5.705,   5.408,9999.000,9999.000,9999.000,9999.000,9999.000,9999.000,9999.000
202604091830,   5.615,   5.329,9999.000,9999.000,9999.000,9999.000,9999.000,9999.000,9999.000
202604091836,   5.522,   5.238,9999.000,9999.000,9999.000,9999.000,9999.000,9999.000,9999.000
202604091842,   5.426,   5.129,9999.000,9999.000,9999.000,9999.000,9999.000,9999.000,9999.000
202604091848,   5.327,   5.028,9999.000,9999.000,9999.000,9999.000,9999.000,9999.000,9999.000
202604091854,   5.225,   4.929,9999.000,9999.000,9999.000,9999.000,9999.000,9999.000,9999.000
202604091900,   5.120,   4.828,   0.100,  -0.392,   4.828,   0.000,   4.728,   0.100,   4.828
202604091906,   5.012,   4.719,9999.000,9999.000,9999.000,9999.000,9999.000,9999.000,9999.000
202604091912,   4.902,   4.608,9999.000,9999.000,9999.000,9999.000,9999.000,9999.000,9999.000
202604091918,   4.790,   4.490,9999.000,9999.000,9999.000,9999.000,9999.000,9999.000,9999.000
202604091924,   4.675,   4.378,9999.000,9999.000,9999.000,9999.000,9999.000,9999.000,9999.000
202604091930,   4.559,   4.257,9999.000,9999.000,9999.000,9999.000,9999.000,9999.000,9999.000
202604091936,   4.441,   4.139,9999.000,9999.000,9999.000,9999.000,9999.000,9999.000,9999.000
202604091942,   4.321,   4.027,9999.000,9999.000,9999.000,9999.000,9999.000,9999.000,9999.000
202604091948,   4.200,   3.909,9999.000,9999.000,9999.000,9999.000,9999.000,9999.000,9999.000
202604091954,   4.077,   3.798,9999.000,9999.000,9999.000,9999.000,9999.000,9999.000,9999.000
202604092000,   3.954,   3.689,   0.100,  -0.365,   3.689,   0.000,   3.589,   0.100,   3.689
202604092006,   3.830,   3.578,9999.000,9999.000,9999.000,9999.000,9999.000,9999.000,9999.000
202604092012,   3.706,   3.460,9999.000,9999.000,9999.000,9999.000,9999.000,9999.000,9999.000
202604092018,   3.581,   3.358,9999.000,9999.000,9999.000,9999.000,9999.000,9999.000,9999.000
202604092024,   3.456,   3.240,9999.000,9999.000,9999.000,9999.000,9999.000,9999.000,9999.000
202604092030,   3.332,   3.119,9999.000,9999.000,9999.000,9999.000,9999.000,9999.000,9999.000
202604092036,   3.208,   3.017,9999.000,9999.000,9999.000,9999.000,9999.000,9999.000,9999.000
202604092042,   3.084,   2.909,9999.000,9999.000,9999.000,9999.000,9999.000,9999.000,9999.000
202604092048,   2.962,   2.797,9999.000,9999.000,9999.000,9999.000,9999.000,9999.000,9999.000
202604092054,   2.840,   2.689,9999.000,9999.000,9999.000,9999.000,9999.000,9999.000,9999.000
202604092100,   2.719,   2.578,   0.100,  -0.241,   2.578,   0.000,   2.478,   0.200,   2.678
202604092106,   2.600,   2.469,9999.000,9999.000,9999.000,9999.000,9999.000,9999.000,9999.000
202604092112,   2.482,   2.358,9999.000,9999.000,9999.000,9999.000,9999.000,9999.000,9999.000
202604092118,   2.366,   2.250,9999.000,9999.000,9999.000,9999.000,9999.000,9999.000,9999.000
202604092124,   2.252,   2.138,9999.000,9999.000,9999.000,9999.000,9999.000,9999.000,9999.000
202604092130,   2.140,   2.030,9999.000,9999.000,9999.000,9999.000,9999.000,9999.000,9999.000
202604092136,   2.030,   1.928,9999.000,9999.000,9999.000,9999.000,9999.000,9999.000,9999.000
202604092142,   1.923,   1.830,9999.000,9999.000,9999.000,9999.000,9999.000,9999.000,9999.000
202604092148,   1.818,   1.738,9999.000,9999.000,9999.000,9999.000,9999.000,9999.000,9999.000
202604092154,   1.715,   1.649,9999.000,9999.000,9999.000,9999.000,9999.000,9999.000,9999.000
202604092200,   1.616,   1.548,   0.100,  -0.168,   1.548,   0.000,   1.448,   0.100,   1.548
202604092206,   1.519,   1.469,9999.000,9999.000,9999.000,9999.000,9999.000,9999.000,9999.000
202604092212,   1.426,   1.380,9999.000,9999.000,9999.000,9999.000,9999.000,9999.000,9999.000
202604092218,   1.336,   1.279,9999.000,9999.000,9999.000,9999.000,9999.000,9999.000,9999.000
202604092224,   1.249,   1.200,9999.000,9999.000,9999.000,9999.000,9999.000,9999.000,9999.000
202604092230,   1.166,   1.128,9999.000,9999.000,9999.000,9999.000,9999.000,9999.000,9999.000
202604092236,   1.087,   1.059,9999.000,9999.000,9999.000,9999.000,9999.000,9999.000,9999.000
202604092242,   1.012,   0.990,9999.000,9999.000,9999.000,9999.000,9999.000,9999.000,9999.000
202604092248,   0.941,   0.928,9999.000,9999.000,9999.000,9999.000,9999.000,9999.000,9999.000
202604092254,   0.874,   0.869,9999.000,9999.000,9999.000,9999.000,9999.000,9999.000,9999.000
202604092300,   0.812,   0.810,   0.100,  -0.102,   0.810,   0.000,   0.710,   0.100,   0.810
202604092306,   0.754,   0.760,9999.000,9999.000,9999.000,9999.000,9999.000,9999.000,9999.000
202604092312,   0.701,   0.718,9999.000,9999.000,9999.000,9999.000,9999.000,9999.000,9999.000
202604092318,   0.653,   0.678,9999.000,9999.000,9999.000,9999.000,9999.000,9999.000,9999.000
202604092324,   0.610,   0.649,9999.000,9999.000,9999.000,9999.000,9999.000,9999.000,9999.000
202604092330,   0.572,   0.610,9999.000,9999.000,9999.000,9999.000,9999.000,9999.000,9999.000
202604092336,   0.539,   0.590,9999.000,9999.000,9999.000,9999.000,9999.000,9999.000,9999.000
202604092342,   0.511,   0.570,9999.000,9999.000,9999.000,9999.000,9999.000,9999.000,9999.000
202604092348,   0.489,   0.570,9999.000,9999.000,9999.000,9999.000,9999.000,9999.000,9999.000
202604092354,   0.472,   0.551,9999.000,9999.000,9999.000,9999.000,9999.000,9999.000,9999.000
202604100000,   0.461,   0.541,   0.000,   0.080,   0.541,   0.000,   0.541,   0.000,   0.541
202604100006,   0.455,   0.541,9999.000,9999.000,9999.000,9999.000,9999.000,9999.000,9999.000
202604100012,   0.455,   0.551,9999.000,9999.000,9999.000,9999.000,9999.000,9999.000,9999.000
202604100018,   0.461,   0.560,9999.000,9999.000,9999.000,9999.000,9999.000,9999.000,9999.000
202604100024,   0.472,   0.570,9999.000,9999.000,9999.000,9999.000,9999.000,9999.000,9999.000
202604100030,   0.488,   0.590,9999.000,9999.000,9999.000,9999.000,9999.000,9999.000,9999.000
202604100036,   0.510,   0.619,9999.000,9999.000,9999.000,9999.000,9999.000,9999.000,9999.000
202604100042,   0.538,   0.659,9999.000,9999.000,9999.000,9999.000,9999.000,9999.000,9999.000
202604100048,   0.571,   0.698,9999.000,9999.000,9999.000,9999.000,9999.000,9999.000,9999.000
202604100054,   0.610,   0.751,9999.000,9999.000,9999.000,9999.000,9999.000,9999.000,9999.000
202604100100,   0.654,   0.810,   0.000,   0.156,   0.810,   0.000,   0.810,   0.000,   0.810
202604100106,   0.703,   0.879,9999.000,9999.000,9999.000,9999.000,9999.000,9999.000,9999.000
202604100112,   0.758,   0.951,9999.000,9999.000,9999.000,9999.000,9999.000,9999.000,9999.000
202604100118,   0.818,   1.029,9999.000,9999.000,9999.000,9999.000,9999.000,9999.000,9999.000
202604100124,   0.882,   1.118,9999.000,9999.000,9999.000,9999.000,9999.000,9999.000,9999.000
202604100130,   0.952,   1.210,9999.000,9999.000,9999.000,9999.000,9999.000,9999.000,9999.000
202604100136,   1.027,   1.298,9999.000,9999.000,9999.000,9999.000,9999.000,9999.000,9999.000
202604100142,   1.106,   1.400,9999.000,9999.000,9999.000,9999.000,9999.000,9999.000,9999.000
202604100148,   1.190,   1.508,9999.000,9999.000,9999.000,9999.000,9999.000,9999.000,9999.000
202604100154,   1.279,   1.620,9999.000,9999.000,9999.000,9999.000,9999.000,9999.000,9999.000
202604100200,   1.371,   1.728,   0.000,   0.357,   1.728,   0.000,   1.728,   0.000,   1.728
202604100206,   1.468,   1.840,9999.000,9999.000,9999.000,9999.000,9999.000,9999.000,9999.000
202604100212,   1.569,   1.948,9999.000,9999.000,9999.000,9999.000,9999.000,9999.000,9999.000
202604100218,   1.674,   2.079,9999.000,9999.000,9999.000,9999.000,9999.000,9999.000,9999.000
202604100224,   1.782,   2.191,9999.000,9999.000,9999.000,9999.000,9999.000,9999.000,9999.000
202604100230,   1.894,   2.309,9999.000,9999.000,9999.000,9999.000,9999.000,9999.000,9999.000
202604100236,   2.009,   2.430,9999.000,9999.000,9999.000,9999.000,9999.000,9999.000,9999.000
202604100242,   2.127,   2.558,9999.000,9999.000,9999.000,9999.000,9999.000,9999.000,9999.000
202604100248,   2.248,   2.699,9999.000,9999.000,9999.000,9999.000,9999.000,9999.000,9999.000
202604100254,   2.372,   2.820,9999.000,9999.000,9999.000,9999.000,9999.000,9999.000,9999.000
202604100300,   2.498,   2.948,   0.000,   0.450,   2.948,   0.000,   2.948,   0.000,   2.948
202604100306,   2.626,   3.079,9999.000,9999.000,9999.000,9999.000,9999.000,9999.000,9999.000
202604100312,   2.757,   3.217,9999.000,9999.000,9999.000,9999.000,9999.000,9999.000,9999.000
202604100318,   2.889,   3.348,9999.000,9999.000,9999.000,9999.000,9999.000,9999.000,9999.000
202604100324,   3.023,   3.480,9999.000,9999.000,9999.000,9999.000,9999.000,9999.000,9999.000
202604100330,   3.158,   3.607,9999.000,9999.000,9999.000,9999.000,9999.000,9999.000,9999.000
202604100336,   3.294,   3.739,9999.000,9999.000,9999.000,9999.000,9999.000,9999.000,9999.000
202604100342,   3.431,   3.890,9999.000,9999.000,9999.000,9999.000,9999.000,9999.000,9999.000
202604100348,   3.570,   4.027,9999.000,9999.000,9999.000,9999.000,9999.000,9999.000,9999.000
202604100354,   3.708,   4.168,9999.000,9999.000,9999.000,9999.000,9999.000,9999.000,9999.000
202604100400,   3.848,   4.319,   0.000,   0.471,   4.319,   0.000,   4.319,   0.000,   4.319
202604100406,   3.987,   4.467,9999.000,9999.000,9999.000,9999.000,9999.000,9999.000,9999.000
202604100412,   4.127,   4.608,9999.000,9999.000,9999.000,9999.000,9999.000,9999.000,9999.000
202604100418,   4.266,   4.749,9999.000,9999.000,9999.000,9999.000,9999.000,9999.000,9999.000
202604100424,   4.406,   4.900,9999.000,9999.000,9999.000,9999.000,9999.000,9999.000,9999.000
202604100430,   4.545,   5.038,9999.000,9999.000,9999.000,9999.000,9999.000,9999.000,9999.000
202604100436,   4.684,   5.169,9999.000,9999.000,9999.000,9999.000,9999.000,9999.000,9999.000
202604100442,   4.821,   5.320,9999.000,9999.000,9999.000,9999.000,9999.000,9999.000,9999.000
202604100448,   4.959,   5.467,9999.000,9999.000,9999.000,9999.000,9999.000,9999.000,9999.000
202604100454,   5.095,   5.598,9999.000,9999.000,9999.000,9999.000,9999.000,9999.000,9999.000
202604100500,   5.230,   5.717,   0.000,   0.487,   5.717,   0.000,   5.717,   0.100,   5.817
202604100506,   5.364,   5.848,9999.000,9999.000,9999.000,9999.000,9999.000,9999.000,9999.000
202604100512,   5.496,   5.969,9999.000,9999.000,9999.000,9999.000,9999.000,9999.000,9999.000
202604100518,   5.627,   6.107,9999.000,9999.000,9999.000,9999.000,9999.000,9999.000,9999.000
202604100524,   5.757,   6.228,9999.000,9999.000,9999.000,9999.000,9999.000,9999.000,9999.000
202604100530,   5.884,   6.359,9999.000,9999.000,9999.000,9999.000,9999.000,9999.000,9999.000
202604100536,   6.010,   6.487,9999.000,9999.000,9999.000,9999.000,9999.000,9999.000,9999.000
202604100542,   6.133,   6.599,9999.000,9999.000,9999.000,9999.000,9999.000,9999.000,9999.000
202604100548,   6.254,   6.717,9999.000,9999.000,9999.000,9999.000,9999.000,9999.000,9999.000
202604100554,   6.372,   6.848,9999.000,9999.000,9999.000,9999.000,9999.000,9999.000,9999.000
202604100600,   6.488,   6.956,   0.000,   0.468,   6.956,   0.000,   6.956,   0.100,   7.056
202604100606,   6.601,   7.068,9999.000,9999.000,9999.000,9999.000,9999.000,9999.000,9999.000
202604100612,   6.711,   7.166,9999.000,9999.000,9999.000,9999.000,9999.000,9999.000,9999.000
202604100618,   6.818,   7.288,9999.000,9999.000,9999.000,9999.000,9999.000,9999.000,9999.000
202604100624,   6.922,   7.386,9999.000,9999.000,9999.000,9999.000,9999.000,9999.000,9999.000
202604100630,   7.022,   7.468,9999.000,9999.000,9999.000,9999.000,9999.000,9999.000,9999.000
202604100636,   7.118,   7.566,9999.000,9999.000,9999.000,9999.000,9999.000,9999.000,9999.000
202604100642,   7.211,   7.668,9999.000,9999.000,9999.000,9999.000,9999.000,9999.000,9999.000
202604100648,   7.300,   7.747,9999.000,9999.000,9999.000,9999.000,9999.000,9999.000,9999.000
202604100654,   7.384,   7.829,9999.000,9999.000,9999.000,9999.000,9999.000,9999.000,9999.000
202604100700,   7.465,   7.908,   0.000,   0.443,   7.908,   0.000,   7.908,   0.000,   7.908
202604100706,   7.542,   7.986,9999.000,9999.000,9999.000,9999.000,9999.000,9999.000,9999.000
202604100712,   7.615,   8.078,9999.000,9999.000,9999.000,9999.000,9999.000,9999.000,9999.000
202604100718,   7.683,   8.157,9999.000,9999.000,9999.000,9999.000,9999.000,9999.000,9999.000
202604100724,   7.747,   8.229,9999.000,9999.000,9999.000,9999.000,9999.000,9999.000,9999.000
202604100730,   7.807,   8.298,9999.000,9999.000,9999.000,9999.000,9999.000,9999.000,9999.000
202604100736,   7.863,   8.347,9999.000,9999.000,9999.000,9999.000,9999.000,9999.000,9999.000
202604100742,   7.914,   8.396,9999.000,9999.000,9999.000,9999.000,9999.000,9999.000,9999.000
202604100748,   7.961,   8.449,9999.000,9999.000,9999.000,9999.000,9999.000,9999.000,9999.000
202604100754,   8.005,   8.478,9999.000,9999.000,9999.000,9999.000,9999.000,9999.000,9999.000
202604100800,   8.044,   8.508,   0.000,   0.464,   8.508,   0.000,   8.508,   0.000,   8.508
202604100806,   8.079,   8.547,9999.000,9999.000,9999.000,9999.000,9999.000,9999.000,9999.000
202604100812,   8.110,   8.587,9999.000,9999.000,9999.000,9999.000,9999.000,9999.000,9999.000
202604100818,   8.138,   8.596,9999.000,9999.000,9999.000,9999.000,9999.000,9999.000,9999.000
202604100824,   8.162,   8.616,9999.000,9999.000,9999.000,9999.000,9999.000,9999.000,9999.000
202604100830,   8.182,   8.636,9999.000,9999.000,9999.000,9999.000,9999.000,9999.000,9999.000
202604100836,   8.198,   8.649,9999.000,9999.000,9999.000,9999.000,9999.000,9999.000,9999.000
202604100842,   8.212,   8.649,9999.000,9999.000,9999.000,9999.000,9999.000,9999.000,9999.000
202604100848,   8.222,   8.649,9999.000,9999.000,9999.000,9999.000,9999.000,9999.000,9999.000
202604100854,   8.229,   8.649,9999.000,9999.000,9999.000,9999.000,9999.000,9999.000,9999.000
202604100900,   8.232,   8.649,   0.100,   0.317,   8.649,   0.000,   8.549,   0.100,   8.649
202604100906,   8.233,   8.626,9999.000,9999.000,9999.000,9999.000,9999.000,9999.000,9999.000
202604100912,   8.231,   8.606,9999.000,9999.000,9999.000,9999.000,9999.000,9999.000,9999.000
202604100918,   8.226,   8.587,9999.000,9999.000,9999.000,9999.000,9999.000,9999.000,9999.000
202604100924,   8.218,   8.567,9999.000,9999.000,9999.000,9999.000,9999.000,9999.000,9999.000
202604100930,   8.207,   8.547,9999.000,9999.000,9999.000,9999.000,9999.000,9999.000,9999.000
202604100936,   8.194,   8.518,9999.000,9999.000,9999.000,9999.000,9999.000,9999.000,9999.000
202604100942,   8.179,   8.478,9999.000,9999.000,9999.000,9999.000,9999.000,9999.000,9999.000
202604100948,   8.161,   8.459,9999.000,9999.000,9999.000,9999.000,9999.000,9999.000,9999.000
202604100954,   8.141,   8.426,9999.000,9999.000,9999.000,9999.000,9999.000,9999.000,9999.000
202604101000,   8.118,   8.386,   0.000,   0.268,   8.386,   0.000,   8.386,   0.100,   8.486
202604101006,   8.094,   8.357,9999.000,9999.000,9999.000,9999.000,9999.000,9999.000,9999.000
202604101012,   8.067,   8.327,9999.000,9999.000,9999.000,9999.000,9999.000,9999.000,9999.000
202604101018,   8.039,   8.288,9999.000,9999.000,9999.000,9999.000,9999.000,9999.000,9999.000
202604101024,   8.009,   8.259,9999.000,9999.000,9999.000,9999.000,9999.000,9999.000,9999.000
202604101030,   7.977,   8.229,9999.000,9999.000,9999.000,9999.000,9999.000,9999.000,9999.000
202604101036,   7.944,   8.177,9999.000,9999.000,9999.000,9999.000,9999.000,9999.000,9999.000
202604101042,   7.909,   8.137,9999.000,9999.000,9999.000,9999.000,9999.000,9999.000,9999.000
202604101048,   7.873,   8.098,9999.000,9999.000,9999.000,9999.000,9999.000,9999.000,9999.000
202604101054,   7.835,   8.058,9999.000,9999.000,9999.000,9999.000,9999.000,9999.000,9999.000
202604101100,   7.797,   8.016,   0.000,   0.219,   8.016,   0.000,   8.016,   0.100,   8.116
202604101106,   7.758,   7.986,9999.000,9999.000,9999.000,9999.000,9999.000,9999.000,9999.000
202604101112,   7.718,   7.947,9999.000,9999.000,9999.000,9999.000,9999.000,9999.000,9999.000
202604101118,   7.677,   7.898,9999.000,9999.000,9999.000,9999.000,9999.000,9999.000,9999.000
202604101124,   7.636,   7.839,9999.000,9999.000,9999.000,9999.000,9999.000,9999.000,9999.000
202604101130,   7.595,   7.796,9999.000,9999.000,9999.000,9999.000,9999.000,9999.000,9999.000
202604101136,   7.554,   7.767,9999.000,9999.000,9999.000,9999.000,9999.000,9999.000,9999.000
202604101142,   7.513,   7.717,9999.000,9999.000,9999.000,9999.000,9999.000,9999.000,9999.000
202604101148,   7.472,   7.658,9999.000,9999.000,9999.000,9999.000,9999.000,9999.000,9999.000
202604101154,   7.431,   7.619,9999.000,9999.000,9999.000,9999.000,9999.000,9999.000,9999.000
202604101200,   7.391,   7.586,   0.300,  -0.105,   7.586,   0.300,   7.586,   0.400,   7.686
202604101206,   7.351,   7.557,9999.000,9999.000,9999.000,9999.000,9999.000,9999.000,9999.000
202604101212,   7.312,   7.507,9999.000,9999.000,9999.000,9999.000,9999.000,9999.000,9999.000
202604101218,   7.273,   7.448,9999.000,9999.000,9999.000,9999.000,9999.000,9999.000,9999.000
202604101224,   7.236,   7.409,9999.000,9999.000,9999.000,9999.000,9999.000,9999.000,9999.000
202604101230,   7.200,   7.376,9999.000,9999.000,9999.000,9999.000,9999.000,9999.000,9999.000
202604101236,   7.164,   7.347,9999.000,9999.000,9999.000,9999.000,9999.000,9999.000,9999.000
202604101242,   7.130,   7.317,9999.000,9999.000,9999.000,9999.000,9999.000,9999.000,9999.000
202604101248,   7.097,   7.288,9999.000,9999.000,9999.000,9999.000,9999.000,9999.000,9999.000
202604101254,   7.065,   7.258,9999.000,9999.000,9999.000,9999.000,9999.000,9999.000,9999.000
202604101300,   7.035,   7.219,   0.400,  -0.216,   7.219,   0.300,   7.119,   0.400,   7.219
202604101306,   7.006,   7.189,9999.000,9999.000,9999.000,9999.000,9999.000,9999.000,9999.000
202604101312,   6.978,   7.166,9999.000,9999.000,9999.000,9999.000,9999.000,9999.000,9999.000
202604101318,   6.952,   7.137,9999.000,9999.000,9999.000,9999.000,9999.000,9999.000,9999.000
202604101324,   6.927,   7.107,9999.000,9999.000,9999.000,9999.000,9999.000,9999.000,9999.000
202604101330,   6.904,   7.078,9999.000,9999.000,9999.000,9999.000,9999.000,9999.000,9999.000
202604101336,   6.882,   7.058,9999.000,9999.000,9999.000,9999.000,9999.000,9999.000,9999.000
202604101342,   6.861,   7.038,9999.000,9999.000,9999.000,9999.000,9999.000,9999.000,9999.000
202604101348,   6.842,   7.009,9999.000,9999.000,9999.000,9999.000,9999.000,9999.000,9999.000
202604101354,   6.825,   6.989,9999.000,9999.000,9999.000,9999.000,9999.000,9999.000,9999.000
202604101400,   6.808,   6.966,   0.300,  -0.142,   6.966,   0.300,   6.966,   0.400,   7.066
202604101406,   6.793,   6.947,9999.000,9999.000,9999.000,9999.000,9999.000,9999.000,9999.000
202604101412,   6.780,   6.927,9999.000,9999.000,9999.000,9999.000,9999.000,9999.000,9999.000
202604101418,   6.767,   6.887,9999.000,9999.000,9999.000,9999.000,9999.000,9999.000,9999.000
202604101424,   6.756,   6.858,9999.000,9999.000,9999.000,9999.000,9999.000,9999.000,9999.000
202604101430,   6.746,   6.848,9999.000,9999.000,9999.000,9999.000,9999.000,9999.000,9999.000
202604101436,   6.736,   6.819,9999.000,9999.000,9999.000,9999.000,9999.000,9999.000,9999.000
202604101442,   6.728,   6.809,9999.000,9999.000,9999.000,9999.000,9999.000,9999.000,9999.000
202604101448,   6.721,   6.779,9999.000,9999.000,9999.000,9999.000,9999.000,9999.000,9999.000
202604101454,   6.714,   6.756,9999.000,9999.000,9999.000,9999.000,9999.000,9999.000,9999.000
202604101500,   6.708,   6.746,   0.300,  -0.262,   6.746,   0.300,   6.746,   0.400,   6.846
202604101506,   6.702,   6.727,9999.000,9999.000,9999.000,9999.000,9999.000,9999.000,9999.000
202604101512,   6.697,   6.697,9999.000,9999.000,9999.000,9999.000,9999.000,9999.000,9999.000
202604101518,   6.692,   6.687,9999.000,9999.000,9999.000,9999.000,9999.000,9999.000,9999.000
202604101524,   6.687,   6.668,9999.000,9999.000,9999.000,9999.000,9999.000,9999.000,9999.000
202604101530,   6.682,   6.648,9999.000,9999.000,9999.000,9999.000,9999.000,9999.000,9999.000
202604101536,   6.677,   6.638,9999.000,9999.000,9999.000,9999.000,9999.000,9999.000,9999.000
202604101542,   6.672,   6.648,9999.000,9999.000,9999.000,9999.000,9999.000,9999.000,9999.000
202604101548,   6.667,   6.648,9999.000,9999.000,9999.000,9999.000,9999.000,9999.000,9999.000
202604101554,   6.661,   6.628,9999.000,9999.000,9999.000,9999.000,9999.000,9999.000,9999.000
202604101600,   6.654,   6.609,   0.400,  -0.445,   6.609,   0.300,   6.509,   0.400,   6.609
202604101606,   6.647,   6.589,9999.000,9999.000,9999.000,9999.000,9999.000,9999.000,9999.000
202604101612,   6.639,   6.579,9999.000,9999.000,9999.000,9999.000,9999.000,9999.000,9999.000
202604101618,   6.630,   6.569,9999.000,9999.000,9999.000,9999.000,9999.000,9999.000,9999.000
202604101624,   6.620,   6.569,9999.000,9999.000,9999.000,9999.000,9999.000,9999.000,9999.000
202604101630,   6.609,   6.556,9999.000,9999.000,9999.000,9999.000,9999.000,9999.000,9999.000
202604101636,   6.596,   6.556,9999.000,9999.000,9999.000,9999.000,9999.000,9999.000,9999.000
202604101642,   6.583,   6.546,9999.000,9999.000,9999.000,9999.000,9999.000,9999.000,9999.000
202604101648,   6.568,   6.527,9999.000,9999.000,9999.000,9999.000,9999.000,9999.000,9999.000
202604101654,   6.551,   6.507,9999.000,9999.000,9999.000,9999.000,9999.000,9999.000,9999.000
202604101700,   6.533,   6.497,   0.400,  -0.436,   6.497,   0.400,   6.497,   0.400,   6.497
202604101706,   6.514,   6.468,9999.000,9999.000,9999.000,9999.000,9999.000,9999.000,9999.000
202604101712,   6.493,   6.458,9999.000,9999.000,9999.000,9999.000,9999.000,9999.000,9999.000
202604101718,   6.470,   6.438,9999.000,9999.000,9999.000,9999.000,9999.000,9999.000,9999.000
202604101724,   6.446,   6.428,9999.000,9999.000,9999.000,9999.000,9999.000,9999.000,9999.000
202604101730,   6.419,   6.399,9999.000,9999.000,9999.000,9999.000,9999.000,9999.000,9999.000
202604101736,   6.391,   6.369,9999.000,9999.000,9999.000,9999.000,9999.000,9999.000,9999.000
202604101742,   6.361,   6.346,9999.000,9999.000,9999.000,9999.000,9999.000,9999.000,9999.000
202604101748,   6.329,   6.327,9999.000,9999.000,9999.000,9999.000,9999.000,9999.000,9999.000
202604101754,   6.295,   6.287,9999.000,9999.000,9999.000,9999.000,9999.000,9999.000,9999.000
202604101800,   6.258,   6.228,   0.400,  -0.430,   6.228,   0.400,   6.228,   0.400,   6.228
202604101806,   6.220,9999.000,9999.000,9999.000,9999.000,9999.000,9999.000,9999.000,9999.000
202604101812,   6.179,9999.000,9999.000,9999.000,9999.000,9999.000,9999.000,9999.000,9999.000
202604101818,   6.136,9999.000,9999.000,9999.000,9999.000,9999.000,9999.000,9999.000,9999.000
202604101824,   6.090,9999.000,9999.000,9999.000,9999.000,9999.000,9999.000,9999.000,9999.000
202604101830,   6.042,9999.000,9999.000,9999.000,9999.000,9999.000,9999.000,9999.000,9999.000
202604101836,   5.991,9999.000,9999.000,9999.000,9999.000,9999.000,9999.000,9999.000,9999.000
202604101842,   5.937,9999.000,9999.000,9999.000,9999.000,9999.000,9999.000,9999.000,9999.000
202604101848,   5.881,9999.000,9999.000,9999.000,9999.000,9999.000,9999.000,9999.000,9999.000
202604101854,   5.822,9999.000,9999.000,9999.000,9999.000,9999.000,9999.000,9999.000,9999.000
202604101900,   5.759,9999.000,   0.400,  -0.394,   5.765,   0.400,   5.765,   0.400,   5.765
202604101906,   5.694,9999.000,9999.000,9999.000,9999.000,9999.000,9999.000,9999.000,9999.000
202604101912,   5.627,9999.000,9999.000,9999.000,9999.000,9999.000,9999.000,9999.000,9999.000
202604101918,   5.556,9999.000,9999.000,9999.000,9999.000,9999.000,9999.000,9999.000,9999.000
202604101924,   5.482,9999.000,9999.000,9999.000,9999.000,9999.000,9999.000,9999.000,9999.000
202604101930,   5.405,9999.000,9999.000,9999.000,9999.000,9999.000,9999.000,9999.000,9999.000
202604101936,   5.325,9999.000,9999.000,9999.000,9999.000,9999.000,9999.000,9999.000,9999.000
202604101942,   5.243,9999.000,9999.000,9999.000,9999.000,9999.000,9999.000,9999.000,9999.000
202604101948,   5.158,9999.000,9999.000,9999.000,9999.000,9999.000,9999.000,9999.000,9999.000
202604101954,   5.070,9999.000,9999.000,9999.000,9999.000,9999.000,9999.000,9999.000,9999.000
202604102000,   4.979,9999.000,   0.400,  -0.359,   5.020,   0.400,   5.020,   0.500,   5.120
202604102006,   4.886,9999.000,9999.000,9999.000,9999.000,9999.000,9999.000,9999.000,9999.000
202604102012,   4.791,9999.000,9999.000,9999.000,9999.000,9999.000,9999.000,9999.000,9999.000
202604102018,   4.693,9999.000,9999.000,9999.000,9999.000,9999.000,9999.000,9999.000,9999.000
202604102024,   4.594,9999.000,9999.000,9999.000,9999.000,9999.000,9999.000,9999.000,9999.000
202604102030,   4.492,9999.000,9999.000,9999.000,9999.000,9999.000,9999.000,9999.000,9999.000
202604102036,   4.389,9999.000,9999.000,9999.000,9999.000,9999.000,9999.000,9999.000,9999.000
202604102042,   4.285,9999.000,9999.000,9999.000,9999.000,9999.000,9999.000,9999.000,9999.000
202604102048,   4.179,9999.000,9999.000,9999.000,9999.000,9999.000,9999.000,9999.000,9999.000
202604102054,   4.072,9999.000,9999.000,9999.000,9999.000,9999.000,9999.000,9999.000,9999.000
202604102100,   3.964,9999.000,   0.500,  -0.323,   4.141,   0.400,   4.041,   0.500,   4.141
202604102106,   3.855,9999.000,9999.000,9999.000,9999.000,9999.000,9999.000,9999.000,9999.000
202604102112,   3.745,9999.000,9999.000,9999.000,9999.000,9999.000,9999.000,9999.000,9999.000
202604102118,   3.636,9999.000,9999.000,9999.000,9999.000,9999.000,9999.000,9999.000,9999.000
202604102124,   3.525,9999.000,9999.000,9999.000,9999.000,9999.000,9999.000,9999.000,9999.000
202604102130,   3.415,9999.000,9999.000,9999.000,9999.000,9999.000,9999.000,9999.000,9999.000
202604102136,   3.305,9999.000,9999.000,9999.000,9999.000,9999.000,9999.000,9999.000,9999.000
202604102142,   3.196,9999.000,9999.000,9999.000,9999.000,9999.000,9999.000,9999.000,9999.000
202604102148,   3.086,9999.000,9999.000,9999.000,9999.000,9999.000,9999.000,9999.000,9999.000
202604102154,   2.978,9999.000,9999.000,9999.000,9999.000,9999.000,9999.000,9999.000,9999.000
202604102200,   2.870,9999.000,   0.500,  -0.288,   3.082,   0.400,   2.982,   0.500,   3.082
202604102206,   2.763,9999.000,9999.000,9999.000,9999.000,9999.000,9999.000,9999.000,9999.000
202604102212,   2.657,9999.000,9999.000,9999.000,9999.000,9999.000,9999.000,9999.000,9999.000
202604102218,   2.552,9999.000,9999.000,9999.000,9999.000,9999.000,9999.000,9999.000,9999.000
202604102224,   2.449,9999.000,9999.000,9999.000,9999.000,9999.000,9999.000,9999.000,9999.000
202604102230,   2.347,9999.000,9999.000,9999.000,9999.000,9999.000,9999.000,9999.000,9999.000
202604102236,   2.247,9999.000,9999.000,9999.000,9999.000,9999.000,9999.000,9999.000,9999.000
202604102242,   2.149,9999.000,9999.000,9999.000,9999.000,9999.000,9999.000,9999.000,9999.000
202604102248,   2.052,9999.000,9999.000,9999.000,9999.000,9999.000,9999.000,9999.000,9999.000
202604102254,   1.958,9999.000,9999.000,9999.000,9999.000,9999.000,9999.000,9999.000,9999.000
202604102300,   1.866,9999.000,   0.500,  -0.252,   2.114,   0.400,   2.014,   0.500,   2.114
202604102306,   1.777,9999.000,9999.000,9999.000,9999.000,9999.000,9999.000,9999.000,9999.000
202604102312,   1.690,9999.000,9999.000,9999.000,9999.000,9999.000,9999.000,9999.000,9999.000
202604102318,   1.606,9999.000,9999.000,9999.000,9999.000,9999.000,9999.000,9999.000,9999.000
202604102324,   1.525,9999.000,9999.000,9999.000,9999.000,9999.000,9999.000,9999.000,9999.000
202604102330,   1.447,9999.000,9999.000,9999.000,9999.000,9999.000,9999.000,9999.000,9999.000
202604102336,   1.372,9999.000,9999.000,9999.000,9999.000,9999.000,9999.000,9999.000,9999.000
202604102342,   1.301,9999.000,9999.000,9999.000,9999.000,9999.000,9999.000,9999.000,9999.000
202604102348,   1.234,9999.000,9999.000,9999.000,9999.000,9999.000,9999.000,9999.000,9999.000
202604102354,   1.170,9999.000,9999.000,9999.000,9999.000,9999.000,9999.000,9999.000,9999.000
202604110000,   1.110,9999.000,   0.500,  -0.217,   1.393,   0.500,   1.393,   0.600,   1.493
202604110006,   1.054,9999.000,9999.000,9999.000,9999.000,9999.000,9999.000,9999.000,9999.000
202604110012,   1.003,9999.000,9999.000,9999.000,9999.000,9999.000,9999.000,9999.000,9999.000
202604110018,   0.956,9999.000,9999.000,9999.000,9999.000,9999.000,9999.000,9999.000,9999.000
202604110024,   0.914,9999.000,9999.000,9999.000,9999.000,9999.000,9999.000,9999.000,9999.000
202604110030,   0.876,9999.000,9999.000,9999.000,9999.000,9999.000,9999.000,9999.000,9999.000
202604110036,   0.843,9999.000,9999.000,9999.000,9999.000,9999.000,9999.000,9999.000,9999.000
202604110042,   0.815,9999.000,9999.000,9999.000,9999.000,9999.000,9999.000,9999.000,9999.000
202604110048,   0.792,9999.000,9999.000,9999.000,9999.000,9999.000,9999.000,9999.000,9999.000
202604110054,   0.774,9999.000,9999.000,9999.000,9999.000,9999.000,9999.000,9999.000,9999.000
202604110100,   0.761,9999.000,   0.600,  -0.181,   1.180,   0.500,   1.080,   0.600,   1.180
202604110106,   0.753,9999.000,9999.000,9999.000,9999.000,9999.000,9999.000,9999.000,9999.000
202604110112,   0.750,9999.000,9999.000,9999.000,9999.000,9999.000,9999.000,9999.000,9999.000
202604110118,   0.753,9999.000,9999.000,9999.000,9999.000,9999.000,9999.000,9999.000,9999.000
202604110124,   0.761,9999.000,9999.000,9999.000,9999.000,9999.000,9999.000,9999.000,9999.000
202604110130,   0.774,9999.000,9999.000,9999.000,9999.000,9999.000,9999.000,9999.000,9999.000
202604110136,   0.792,9999.000,9999.000,9999.000,9999.000,9999.000,9999.000,9999.000,9999.000
202604110142,   0.816,9999.000,9999.000,9999.000,9999.000,9999.000,9999.000,9999.000,9999.000
202604110148,   0.845,9999.000,9999.000,9999.000,9999.000,9999.000,9999.000,9999.000,9999.000
202604110154,   0.879,9999.000,9999.000,9999.000,9999.000,9999.000,9999.000,9999.000,9999.000
202604110200,   0.919,9999.000,   0.600,  -0.145,   1.374,   0.500,   1.274,   0.600,   1.374
202604110206,   0.963,9999.000,9999.000,9999.000,9999.000,9999.000,9999.000,9999.000,9999.000
202604110212,   1.013,9999.000,9999.000,9999.000,9999.000,9999.000,9999.000,9999.000,9999.000
202604110218,   1.068,9999.000,9999.000,9999.000,9999.000,9999.000,9999.000,9999.000,9999.000
202604110224,   1.127,9999.000,9999.000,9999.000,9999.000,9999.000,9999.000,9999.000,9999.000
202604110230,   1.192,9999.000,9999.000,9999.000,9999.000,9999.000,9999.000,9999.000,9999.000
202604110236,   1.261,9999.000,9999.000,9999.000,9999.000,9999.000,9999.000,9999.000,9999.000
202604110242,   1.335,9999.000,9999.000,9999.000,9999.000,9999.000,9999.000,9999.000,9999.000
202604110248,   1.414,9999.000,9999.000,9999.000,9999.000,9999.000,9999.000,9999.000,9999.000
202604110254,   1.497,9999.000,9999.000,9999.000,9999.000,9999.000,9999.000,9999.000,9999.000
202604110300,   1.584,9999.000,   0.600,  -0.110,   2.074,   0.500,   1.974,   0.600,   2.074
202604110306,   1.676,9999.000,9999.000,9999.000,9999.000,9999.000,9999.000,9999.000,9999.000
202604110312,   1.772,9999.000,9999.000,9999.000,9999.000,9999.000,9999.000,9999.000,9999.000
202604110318,   1.871,9999.000,9999.000,9999.000,9999.000,9999.000,9999.000,9999.000,9999.000
202604110324,   1.974,9999.000,9999.000,9999.000,9999.000,9999.000,9999.000,9999.000,9999.000
202604110330,   2.081,9999.000,9999.000,9999.000,9999.000,9999.000,9999.000,9999.000,9999.000
202604110336,   2.191,9999.000,9999.000,9999.000,9999.000,9999.000,9999.000,9999.000,9999.000
202604110342,   2.304,9999.000,9999.000,9999.000,9999.000,9999.000,9999.000,9999.000,9999.000
202604110348,   2.420,9999.000,9999.000,9999.000,9999.000,9999.000,9999.000,9999.000,9999.000
202604110354,   2.539,9999.000,9999.000,9999.000,9999.000,9999.000,9999.000,9999.000,9999.000
202604110400,   2.661,9999.000,   0.600,  -0.074,   3.187,   0.600,   3.187,   0.700,   3.287
202604110406,   2.785,9999.000,9999.000,9999.000,9999.000,9999.000,9999.000,9999.000,9999.000
202604110412,   2.911,9999.000,9999.000,9999.000,9999.000,9999.000,9999.000,9999.000,9999.000
202604110418,   3.039,9999.000,9999.000,9999.000,9999.000,9999.000,9999.000,9999.000,9999.000
202604110424,   3.170,9999.000,9999.000,9999.000,9999.000,9999.000,9999.000,9999.000,9999.000
202604110430,   3.301,9999.000,9999.000,9999.000,9999.000,9999.000,9999.000,9999.000,9999.000
202604110436,   3.434,9999.000,9999.000,9999.000,9999.000,9999.000,9999.000,9999.000,9999.000
202604110442,   3.569,9999.000,9999.000,9999.000,9999.000,9999.000,9999.000,9999.000,9999.000
202604110448,   3.704,9999.000,9999.000,9999.000,9999.000,9999.000,9999.000,9999.000,9999.000
202604110454,   3.841,9999.000,9999.000,9999.000,9999.000,9999.000,9999.000,9999.000,9999.000
202604110500,   3.978,9999.000,   0.700,  -0.039,   4.639,   0.600,   4.539,   0.700,   4.639
202604110506,   4.115,9999.000,9999.000,9999.000,9999.000,9999.000,9999.000,9999.000,9999.000
202604110512,   4.253,9999.000,9999.000,9999.000,9999.000,9999.000,9999.000,9999.000,9999.000
202604110518,   4.392,9999.000,9999.000,9999.000,9999.000,9999.000,9999.000,9999.000,9999.000
202604110524,   4.530,9999.000,9999.000,9999.000,9999.000,9999.000,9999.000,9999.000,9999.000
202604110530,   4.669,9999.000,9999.000,9999.000,9999.000,9999.000,9999.000,9999.000,9999.000
202604110536,   4.807,9999.000,9999.000,9999.000,9999.000,9999.000,9999.000,9999.000,9999.000
202604110542,   4.945,9999.000,9999.000,9999.000,9999.000,9999.000,9999.000,9999.000,9999.000
202604110548,   5.082,9999.000,9999.000,9999.000,9999.000,9999.000,9999.000,9999.000,9999.000
202604110554,   5.218,9999.000,9999.000,9999.000,9999.000,9999.000,9999.000,9999.000,9999.000
202604110600,   5.354,9999.000,   0.700,  -0.003,   6.051,   0.600,   5.951,   0.700,   6.051
202604110606,   5.489,9999.000,9999.000,9999.000,9999.000,9999.000,9999.000,9999.000,9999.000
202604110612,   5.622,9999.000,9999.000,9999.000,9999.000,9999.000,9999.000,9999.000,9999.000
202604110618,   5.754,9999.000,9999.000,9999.000,9999.000,9999.000,9999.000,9999.000,9999.000
202604110624,   5.885,9999.000,9999.000,9999.000,9999.000,9999.000,9999.000,9999.000,9999.000
202604110630,   6.014,9999.000,9999.000,9999.000,9999.000,9999.000,9999.000,9999.000,9999.000
202604110636,   6.140,9999.000,9999.000,9999.000,9999.000,9999.000,9999.000,9999.000,9999.000
202604110642,   6.265,9999.000,9999.000,9999.000,9999.000,9999.000,9999.000,9999.000,9999.000
202604110648,   6.387,9999.000,9999.000,9999.000,9999.000,9999.000,9999.000,9999.000,9999.000
202604110654,   6.507,9999.000,9999.000,9999.000,9999.000,9999.000,9999.000,9999.000,9999.000
202604110700,   6.624,9999.000,   0.700,  -0.003,   7.321,   0.600,   7.221,   0.700,   7.321
202604110706,   6.739,9999.000,9999.000,9999.000,9999.000,9999.000,9999.000,9999.000,9999.000
202604110712,   6.850,9999.000,9999.000,9999.000,9999.000,9999.000,9999.000,9999.000,9999.000
202604110718,   6.957,9999.000,9999.000,9999.000,9999.000,9999.000,9999.000,9999.000,9999.000
202604110724,   7.062,9999.000,9999.000,9999.000,9999.000,9999.000,9999.000,9999.000,9999.000
202604110730,   7.162,9999.000,9999.000,9999.000,9999.000,9999.000,9999.000,9999.000,9999.000
202604110736,   7.259,9999.000,9999.000,9999.000,9999.000,9999.000,9999.000,9999.000,9999.000
202604110742,   7.352,9999.000,9999.000,9999.000,9999.000,9999.000,9999.000,9999.000,9999.000
202604110748,   7.441,9999.000,9999.000,9999.000,9999.000,9999.000,9999.000,9999.000,9999.000
202604110754,   7.526,9999.000,9999.000,9999.000,9999.000,9999.000,9999.000,9999.000,9999.000
202604110800,   7.606,9999.000,   0.700,  -0.003,   8.303,   0.600,   8.203,   0.700,   8.303
202604110806,   7.683,9999.000,9999.000,9999.000,9999.000,9999.000,9999.000,9999.000,9999.000
202604110812,   7.754,9999.000,9999.000,9999.000,9999.000,9999.000,9999.000,9999.000,9999.000
202604110818,   7.822,9999.000,9999.000,9999.000,9999.000,9999.000,9999.000,9999.000,9999.000
202604110824,   7.885,9999.000,9999.000,9999.000,9999.000,9999.000,9999.000,9999.000,9999.000
202604110830,   7.943,9999.000,9999.000,9999.000,9999.000,9999.000,9999.000,9999.000,9999.000
202604110836,   7.997,9999.000,9999.000,9999.000,9999.000,9999.000,9999.000,9999.000,9999.000
202604110842,   8.047,9999.000,9999.000,9999.000,9999.000,9999.000,9999.000,9999.000,9999.000
202604110848,   8.092,9999.000,9999.000,9999.000,9999.000,9999.000,9999.000,9999.000,9999.000
202604110854,   8.133,9999.000,9999.000,9999.000,9999.000,9999.000,9999.000,9999.000,9999.000
202604110900,   8.169,9999.000,   0.700,  -0.003,   8.866,   0.600,   8.766,   0.700,   8.866
202604110906,   8.201,9999.000,9999.000,9999.000,9999.000,9999.000,9999.000,9999.000,9999.000
202604110912,   8.230,9999.000,9999.000,9999.000,9999.000,9999.000,9999.000,9999.000,9999.000
202604110918,   8.254,9999.000,9999.000,9999.000,9999.000,9999.000,9999.000,9999.000,9999.000
202604110924,   8.274,9999.000,9999.000,9999.000,9999.000,9999.000,9999.000,9999.000,9999.000
202604110930,   8.290,9999.000,9999.000,9999.000,9999.000,9999.000,9999.000,9999.000,9999.000
202604110936,   8.302,9999.000,9999.000,9999.000,9999.000,9999.000,9999.000,9999.000,9999.000
202604110942,   8.310,9999.000,9999.000,9999.000,9999.000,9999.000,9999.000,9999.000,9999.000
202604110948,   8.315,9999.000,9999.000,9999.000,9999.000,9999.000,9999.000,9999.000,9999.000
202604110954,   8.316,9999.000,9999.000,9999.000,9999.000,9999.000,9999.000,9999.000,9999.000
202604111000,   8.314,9999.000,   0.600,  -0.003,   8.911,   0.600,   8.911,   0.700,   9.011
202604111006,   8.308,9999.000,9999.000,9999.000,9999.000,9999.000,9999.000,9999.000,9999.000
202604111012,   8.299,9999.000,9999.000,9999.000,9999.000,9999.000,9999.000,9999.000,9999.000
202604111018,   8.286,9999.000,9999.000,9999.000,9999.000,9999.000,9999.000,9999.000,9999.000
202604111024,   8.270,9999.000,9999.000,9999.000,9999.000,9999.000,9999.000,9999.000,9999.000
202604111030,   8.252,9999.000,9999.000,9999.000,9999.000,9999.000,9999.000,9999.000,9999.000
202604111036,   8.230,9999.000,9999.000,9999.000,9999.000,9999.000,9999.000,9999.000,9999.000
202604111042,   8.205,9999.000,9999.000,9999.000,9999.000,9999.000,9999.000,9999.000,9999.000
202604111048,   8.177,9999.000,9999.000,9999.000,9999.000,9999.000,9999.000,9999.000,9999.000
202604111054,   8.147,9999.000,9999.000,9999.000,9999.000,9999.000,9999.000,9999.000,9999.000
202604111100,   8.114,9999.000,   0.600,  -0.003,   8.711,   0.600,   8.711,   0.700,   8.811
202604111106,   8.078,9999.000,9999.000,9999.000,9999.000,9999.000,9999.000,9999.000,9999.000
202604111112,   8.041,9999.000,9999.000,9999.000,9999.000,9999.000,9999.000,9999.000,9999.000
202604111118,   8.000,9999.000,9999.000,9999.000,9999.000,9999.000,9999.000,9999.000,9999.000
202604111124,   7.958,9999.000,9999.000,9999.000,9999.000,9999.000,9999.000,9999.000,9999.000
202604111130,   7.914,9999.000,9999.000,9999.000,9999.000,9999.000,9999.000,9999.000,9999.000
202604111136,   7.867,9999.000,9999.000,9999.000,9999.000,9999.000,9999.000,9999.000,9999.000
202604111142,   7.819,9999.000,9999.000,9999.000,9999.000,9999.000,9999.000,9999.000,9999.000
202604111148,   7.770,9999.000,9999.000,9999.000,9999.000,9999.000,9999.000,9999.000,9999.000
202604111154,   7.719,9999.000,9999.000,9999.000,9999.000,9999.000,9999.000,9999.000,9999.000
202604111200,   7.667,9999.000,   0.600,  -0.003,   8.264,   0.600,   8.264,   0.700,   8.364
202604111206,   7.614,9999.000,9999.000,9999.000,9999.000,9999.000,9999.000,9999.000,9999.000
202604111212,   7.560,9999.000,9999.000,9999.000,9999.000,9999.000,9999.000,9999.000,9999.000
202604111218,   7.505,9999.000,9999.000,9999.000,9999.000,9999.000,9999.000,9999.000,9999.000
202604111224,   7.450,9999.000,9999.000,9999.000,9999.000,9999.000,9999.000,9999.000,9999.000
202604111230,   7.395,9999.000,9999.000,9999.000,9999.000,9999.000,9999.000,9999.000,9999.000
202604111236,   7.339,9999.000,9999.000,9999.000,9999.000,9999.000,9999.000,9999.000,9999.000
202604111242,   7.284,9999.000,9999.000,9999.000,9999.000,9999.000,9999.000,9999.000,9999.000
202604111248,   7.228,9999.000,9999.000,9999.000,9999.000,9999.000,9999.000,9999.000,9999.000
202604111254,   7.173,9999.000,9999.000,9999.000,9999.000,9999.000,9999.000,9999.000,9999.000
202604111300,   7.119,9999.000,   0.600,  -0.003,   7.716,   0.600,   7.716,   0.700,   7.816
202604111306,   7.065,9999.000,9999.000,9999.000,9999.000,9999.000,9999.000,9999.000,9999.000
202604111312,   7.012,9999.000,9999.000,9999.000,9999.000,9999.000,9999.000,9999.000,9999.000
202604111318,   6.961,9999.000,9999.000,9999.000,9999.000,9999.000,9999.000,9999.000,9999.000
202604111324,   6.910,9999.000,9999.000,9999.000,9999.000,9999.000,9999.000,9999.000,9999.000
202604111330,   6.860,9999.000,9999.000,9999.000,9999.000,9999.000,9999.000,9999.000,9999.000
202604111336,   6.812,9999.000,9999.000,9999.000,9999.000,9999.000,9999.000,9999.000,9999.000
202604111342,   6.765,9999.000,9999.000,9999.000,9999.000,9999.000,9999.000,9999.000,9999.000
202604111348,   6.720,9999.000,9999.000,9999.000,9999.000,9999.000,9999.000,9999.000,9999.000
202604111354,   6.676,9999.000,9999.000,9999.000,9999.000,9999.000,9999.000,9999.000,9999.000
202604111400,   6.634,9999.000,   0.600,  -0.003,   7.231,   0.500,   7.131,   0.600,   7.231
202604111406,   6.593,9999.000,9999.000,9999.000,9999.000,9999.000,9999.000,9999.000,9999.000
202604111412,   6.555,9999.000,9999.000,9999.000,9999.000,9999.000,9999.000,9999.000,9999.000
202604111418,   6.518,9999.000,9999.000,9999.000,9999.000,9999.000,9999.000,9999.000,9999.000
202604111424,   6.483,9999.000,9999.000,9999.000,9999.000,9999.000,9999.000,9999.000,9999.000
202604111430,   6.450,9999.000,9999.000,9999.000,9999.000,9999.000,9999.000,9999.000,9999.000
202604111436,   6.419,9999.000,9999.000,9999.000,9999.000,9999.000,9999.000,9999.000,9999.000
202604111442,   6.390,9999.000,9999.000,9999.000,9999.000,9999.000,9999.000,9999.000,9999.000
202604111448,   6.363,9999.000,9999.000,9999.000,9999.000,9999.000,9999.000,9999.000,9999.000
202604111454,   6.338,9999.000,9999.000,9999.000,9999.000,9999.000,9999.000,9999.000,9999.000
202604111500,   6.315,9999.000,   0.600,  -0.003,   6.912,   0.500,   6.812,   0.600,   6.912
202604111506,   6.293,9999.000,9999.000,9999.000,9999.000,9999.000,9999.000,9999.000,9999.000
202604111512,   6.274,9999.000,9999.000,9999.000,9999.000,9999.000,9999.000,9999.000,9999.000
202604111518,   6.256,9999.000,9999.000,9999.000,9999.000,9999.000,9999.000,9999.000,9999.000
202604111524,   6.240,9999.000,9999.000,9999.000,9999.000,9999.000,9999.000,9999.000,9999.000
202604111530,   6.226,9999.000,9999.000,9999.000,9999.000,9999.000,9999.000,9999.000,9999.000
202604111536,   6.214,9999.000,9999.000,9999.000,9999.000,9999.000,9999.000,9999.000,9999.000
202604111542,   6.203,9999.000,9999.000,9999.000,9999.000,9999.000,9999.000,9999.000,9999.000
202604111548,   6.194,9999.000,9999.000,9999.000,9999.000,9999.000,9999.000,9999.000,9999.000
202604111554,   6.186,9999.000,9999.000,9999.000,9999.000,9999.000,9999.000,9999.000,9999.000
202604111600,   6.179,9999.000,   0.600,  -0.003,   6.776,   0.500,   6.676,   0.700,   6.876
202604111606,   6.173,9999.000,9999.000,9999.000,9999.000,9999.000,9999.000,9999.000,9999.000
202604111612,   6.169,9999.000,9999.000,9999.000,9999.000,9999.000,9999.000,9999.000,9999.000
202604111618,   6.165,9999.000,9999.000,9999.000,9999.000,9999.000,9999.000,9999.000,9999.000
202604111624,   6.163,9999.000,9999.000,9999.000,9999.000,9999.000,9999.000,9999.000,9999.000
202604111630,   6.161,9999.000,9999.000,9999.000,9999.000,9999.000,9999.000,9999.000,9999.000
202604111636,   6.159,9999.000,9999.000,9999.000,9999.000,9999.000,9999.000,9999.000,9999.000
202604111642,   6.158,9999.000,9999.000,9999.000,9999.000,9999.000,9999.000,9999.000,9999.000
202604111648,   6.158,9999.000,9999.000,9999.000,9999.000,9999.000,9999.000,9999.000,9999.000
202604111654,   6.157,9999.000,9999.000,9999.000,9999.000,9999.000,9999.000,9999.000,9999.000
202604111700,   6.157,9999.000,   0.600,  -0.003,   6.754,   0.500,   6.654,   0.700,   6.854
202604111706,   6.156,9999.000,9999.000,9999.000,9999.000,9999.000,9999.000,9999.000,9999.000
202604111712,   6.156,9999.000,9999.000,9999.000,9999.000,9999.000,9999.000,9999.000,9999.000
202604111718,   6.155,9999.000,9999.000,9999.000,9999.000,9999.000,9999.000,9999.000,9999.000
202604111724,   6.154,9999.000,9999.000,9999.000,9999.000,9999.000,9999.000,9999.000,9999.000
202604111730,   6.152,9999.000,9999.000,9999.000,9999.000,9999.000,9999.000,9999.000,9999.000
202604111736,   6.150,9999.000,9999.000,9999.000,9999.000,9999.000,9999.000,9999.000,9999.000
202604111742,   6.147,9999.000,9999.000,9999.000,9999.000,9999.000,9999.000,9999.000,9999.000
202604111748,   6.144,9999.000,9999.000,9999.000,9999.000,9999.000,9999.000,9999.000,9999.000
202604111754,   6.140,9999.000,9999.000,9999.000,9999.000,9999.000,9999.000,9999.000,9999.000
202604111800,   6.134,9999.000,   0.600,  -0.003,   6.731,   0.500,   6.631,   0.600,   6.731
202604111806,   6.128,9999.000,9999.000,9999.000,9999.000,9999.000,9999.000,9999.000,9999.000
202604111812,   6.121,9999.000,9999.000,9999.000,9999.000,9999.000,9999.000,9999.000,9999.000
202604111818,   6.112,9999.000,9999.000,9999.000,9999.000,9999.000,9999.000,9999.000,9999.000
202604111824,   6.102,9999.000,9999.000,9999.000,9999.000,9999.000,9999.000,9999.000,9999.000
202604111830,   6.091,9999.000,9999.000,9999.000,9999.000,9999.000,9999.000,9999.000,9999.000
202604111836,   6.079,9999.000,9999.000,9999.000,9999.000,9999.000,9999.000,9999.000,9999.000
202604111842,   6.064,9999.000,9999.000,9999.000,9999.000,9999.000,9999.000,9999.000,9999.000
202604111848,   6.048,9999.000,9999.000,9999.000,9999.000,9999.000,9999.000,9999.000,9999.000
202604111854,   6.030,9999.000,9999.000,9999.000,9999.000,9999.000,9999.000,9999.000,9999.000
202604111900,   6.011,9999.000,   0.500,  -0.003,   6.508,   0.400,   6.408,   0.600,   6.608
202604111906,   5.989,9999.000,9999.000,9999.000,9999.000,9999.000,9999.000,9999.000,9999.000
202604111912,   5.965,9999.000,9999.000,9999.000,9999.000,9999.000,9999.000,9999.000,9999.000
202604111918,   5.939,9999.000,9999.000,9999.000,9999.000,9999.000,9999.000,9999.000,9999.000
202604111924,   5.910,9999.000,9999.000,9999.000,9999.000,9999.000,9999.000,9999.000,9999.000
202604111930,   5.879,9999.000,9999.000,9999.000,9999.000,9999.000,9999.000,9999.000,9999.000
202604111936,   5.845,9999.000,9999.000,9999.000,9999.000,9999.000,9999.000,9999.000,9999.000
202604111942,   5.808,9999.000,9999.000,9999.000,9999.000,9999.000,9999.000,9999.000,9999.000
202604111948,   5.769,9999.000,9999.000,9999.000,9999.000,9999.000,9999.000,9999.000,9999.000
202604111954,   5.726,9999.000,9999.000,9999.000,9999.000,9999.000,9999.000,9999.000,9999.000
202604112000,   5.681,9999.000,   0.600,  -0.003,   6.278,   0.500,   6.178,   0.700,   6.378
202604112006,   5.632,9999.000,9999.000,9999.000,9999.000,9999.000,9999.000,9999.000,9999.000
202604112012,   5.581,9999.000,9999.000,9999.000,9999.000,9999.000,9999.000,9999.000,9999.000
202604112018,   5.526,9999.000,9999.000,9999.000,9999.000,9999.000,9999.000,9999.000,9999.000
202604112024,   5.468,9999.000,9999.000,9999.000,9999.000,9999.000,9999.000,9999.000,9999.000
202604112030,   5.407,9999.000,9999.000,9999.000,9999.000,9999.000,9999.000,9999.000,9999.000
202604112036,   5.343,9999.000,9999.000,9999.000,9999.000,9999.000,9999.000,9999.000,9999.000
202604112042,   5.276,9999.000,9999.000,9999.000,9999.000,9999.000,9999.000,9999.000,9999.000
202604112048,   5.206,9999.000,9999.000,9999.000,9999.000,9999.000,9999.000,9999.000,9999.000
202604112054,   5.133,9999.000,9999.000,9999.000,9999.000,9999.000,9999.000,9999.000,9999.000
202604112100,   5.056,9999.000,   0.600,  -0.003,   5.653,   0.500,   5.553,   0.700,   5.753
202604112106,   4.978,9999.000,9999.000,9999.000,9999.000,9999.000,9999.000,9999.000,9999.000
202604112112,   4.896,9999.000,9999.000,9999.000,9999.000,9999.000,9999.000,9999.000,9999.000
202604112118,   4.812,9999.000,9999.000,9999.000,9999.000,9999.000,9999.000,9999.000,9999.000
202604112124,   4.726,9999.000,9999.000,9999.000,9999.000,9999.000,9999.000,9999.000,9999.000
202604112130,   4.637,9999.000,9999.000,9999.000,9999.000,9999.000,9999.000,9999.000,9999.000
202604112136,   4.547,9999.000,9999.000,9999.000,9999.000,9999.000,9999.000,9999.000,9999.000
202604112142,   4.454,9999.000,9999.000,9999.000,9999.000,9999.000,9999.000,9999.000,9999.000
202604112148,   4.360,9999.000,9999.000,9999.000,9999.000,9999.000,9999.000,9999.000,9999.000
202604112154,   4.264,9999.000,9999.000,9999.000,9999.000,9999.000,9999.000,9999.000,9999.000
202604112200,   4.167,9999.000,   0.600,  -0.003,   4.764,   0.500,   4.664,   0.700,   4.864
202604112206,   4.068,9999.000,9999.000,9999.000,9999.000,9999.000,9999.000,9999.000,9999.000
202604112212,   3.969,9999.000,9999.000,9999.000,9999.000,9999.000,9999.000,9999.000,9999.000
202604112218,   3.868,9999.000,9999.000,9999.000,9999.000,9999.000,9999.000,9999.000,9999.000
202604112224,   3.767,9999.000,9999.000,9999.000,9999.000,9999.000,9999.000,9999.000,9999.000
202604112230,   3.665,9999.000,9999.000,9999.000,9999.000,9999.000,9999.000,9999.000,9999.000
202604112236,   3.562,9999.000,9999.000,9999.000,9999.000,9999.000,9999.000,9999.000,9999.000
202604112242,   3.460,9999.000,9999.000,9999.000,9999.000,9999.000,9999.000,9999.000,9999.000
202604112248,   3.357,9999.000,9999.000,9999.000,9999.000,9999.000,9999.000,9999.000,9999.000
202604112254,   3.254,9999.000,9999.000,9999.000,9999.000,9999.000,9999.000,9999.000,9999.000
202604112300,   3.152,9999.000,   0.500,  -0.003,   3.649,   0.400,   3.549,   0.600,   3.749
202604112306,   3.049,9999.000,9999.000,9999.000,9999.000,9999.000,9999.000,9999.000,9999.000
202604112312,   2.947,9999.000,9999.000,9999.000,9999.000,9999.000,9999.000,9999.000,9999.000
202604112318,   2.846,9999.000,9999.000,9999.000,9999.000,9999.000,9999.000,9999.000,9999.000
202604112324,   2.746,9999.000,9999.000,9999.000,9999.000,9999.000,9999.000,9999.000,9999.000
202604112330,   2.646,9999.000,9999.000,9999.000,9999.000,9999.000,9999.000,9999.000,9999.000
202604112336,   2.548,9999.000,9999.000,9999.000,9999.000,9999.000,9999.000,9999.000,9999.000
202604112342,   2.451,9999.000,9999.000,9999.000,9999.000,9999.000,9999.000,9999.000,9999.000
202604112348,   2.355,9999.000,9999.000,9999.000,9999.000,9999.000,9999.000,9999.000,9999.000
202604112354,   2.261,9999.000,9999.000,9999.000,9999.000,9999.000,9999.000,9999.000,9999.000
202604120000,   2.169,9999.000,   0.500,  -0.003,   2.666,   0.400,   2.566,   0.600,   2.766
202604120006,   2.079,9999.000,9999.000,9999.000,9999.000,9999.000,9999.000,9999.000,9999.000
202604120012,   1.991,9999.000,9999.000,9999.000,9999.000,9999.000,9999.000,9999.000,9999.000
202604120018,   1.905,9999.000,9999.000,9999.000,9999.000,9999.000,9999.000,9999.000,9999.000
202604120024,   1.823,9999.000,9999.000,9999.000,9999.000,9999.000,9999.000,9999.000,9999.000
202604120030,   1.743,9999.000,9999.000,9999.000,9999.000,9999.000,9999.000,9999.000,9999.000
202604120036,   1.666,9999.000,9999.000,9999.000,9999.000,9999.000,9999.000,9999.000,9999.000
202604120042,   1.592,9999.000,9999.000,9999.000,9999.000,9999.000,9999.000,9999.000,9999.000
202604120048,   1.522,9999.000,9999.000,9999.000,9999.000,9999.000,9999.000,9999.000,9999.000
202604120054,   1.455,9999.000,9999.000,9999.000,9999.000,9999.000,9999.000,9999.000,9999.000
202604120100,   1.392,9999.000,   0.600,  -0.003,   1.989,   0.500,   1.889,   0.700,   2.089
202604120106,   1.333,9999.000,9999.000,9999.000,9999.000,9999.000,9999.000,9999.000,9999.000
202604120112,   1.278,9999.000,9999.000,9999.000,9999.000,9999.000,9999.000,9999.000,9999.000
202604120118,   1.228,9999.000,9999.000,9999.000,9999.000,9999.000,9999.000,9999.000,9999.000
202604120124,   1.182,9999.000,9999.000,9999.000,9999.000,9999.000,9999.000,9999.000,9999.000
202604120130,   1.141,9999.000,9999.000,9999.000,9999.000,9999.000,9999.000,9999.000,9999.000
202604120136,   1.104,9999.000,9999.000,9999.000,9999.000,9999.000,9999.000,9999.000,9999.000
202604120142,   1.072,9999.000,9999.000,9999.000,9999.000,9999.000,9999.000,9999.000,9999.000
202604120148,   1.046,9999.000,9999.000,9999.000,9999.000,9999.000,9999.000,9999.000,9999.000
202604120154,   1.024,9999.000,9999.000,9999.000,9999.000,9999.000,9999.000,9999.000,9999.000
202604120200,   1.008,9999.000,   0.600,  -0.003,   1.605,   0.500,   1.505,   0.700,   1.705
202604120206,   0.996,9999.000,9999.000,9999.000,9999.000,9999.000,9999.000,9999.000,9999.000
202604120212,   0.990,9999.000,9999.000,9999.000,9999.000,9999.000,9999.000,9999.000,9999.000
202604120218,   0.990,9999.000,9999.000,9999.000,9999.000,9999.000,9999.000,9999.000,9999.000
202604120224,   0.995,9999.000,9999.000,9999.000,9999.000,9999.000,9999.000,9999.000,9999.000
202604120230,   1.005,9999.000,9999.000,9999.000,9999.000,9999.000,9999.000,9999.000,9999.000
202604120236,   1.021,9999.000,9999.000,9999.000,9999.000,9999.000,9999.000,9999.000,9999.000
202604120242,   1.043,9999.000,9999.000,9999.000,9999.000,9999.000,9999.000,9999.000,9999.000
202604120248,   1.069,9999.000,9999.000,9999.000,9999.000,9999.000,9999.000,9999.000,9999.000
202604120254,   1.102,9999.000,9999.000,9999.000,9999.000,9999.000,9999.000,9999.000,9999.000
202604120300,   1.139,9999.000,   0.500,  -0.003,   1.636,   0.500,   1.636,   0.600,   1.736
202604120306,   1.183,9999.000,9999.000,9999.000,9999.000,9999.000,9999.000,9999.000,9999.000
202604120312,   1.231,9999.000,9999.000,9999.000,9999.000,9999.000,9999.000,9999.000,9999.000
202604120318,   1.285,9999.000,9999.000,9999.000,9999.000,9999.000,9999.000,9999.000,9999.000
202604120324,   1.344,9999.000,9999.000,9999.000,9999.000,9999.000,9999.000,9999.000,9999.000
202604120330,   1.408,9999.000,9999.000,9999.000,9999.000,9999.000,9999.000,9999.000,9999.000
202604120336,   1.478,9999.000,9999.000,9999.000,9999.000,9999.000,9999.000,9999.000,9999.000
202604120342,   1.552,9999.000,9999.000,9999.000,9999.000,9999.000,9999.000,9999.000,9999.000
202604120348,   1.631,9999.000,9999.000,9999.000,9999.000,9999.000,9999.000,9999.000,9999.000
202604120354,   1.715,9999.000,9999.000,9999.000,9999.000,9999.000,9999.000,9999.000,9999.000
202604120400,   1.804,9999.000,   0.600,  -0.003,   2.401,   0.500,   2.301,   0.600,   2.401
202604120406,   1.897,9999.000,9999.000,9999.000,9999.000,9999.000,9999.000,9999.000,9999.000
202604120412,   1.994,9999.000,9999.000,9999.000,9999.000,9999.000,9999.000,9999.000,9999.000
202604120418,   2.096,9999.000,9999.000,9999.000,9999.000,9999.000,9999.000,9999.000,9999.000
202604120424,   2.201,9999.000,9999.000,9999.000,9999.000,9999.000,9999.000,9999.000,9999.000
202604120430,   2.310,9999.000,9999.000,9999.000,9999.000,9999.000,9999.000,9999.000,9999.000
202604120436,   2.423,9999.000,9999.000,9999.000,9999.000,9999.000,9999.000,9999.000,9999.000
202604120442,   2.539,9999.000,9999.000,9999.000,9999.000,9999.000,9999.000,9999.000,9999.000
202604120448,   2.658,9999.000,9999.000,9999.000,9999.000,9999.000,9999.000,9999.000,9999.000
202604120454,   2.781,9999.000,9999.000,9999.000,9999.000,9999.000,9999.000,9999.000,9999.000
202604120500,   2.906,9999.000,   0.600,  -0.003,   3.503,   0.500,   3.403,   0.600,   3.503
202604120506,   3.033,9999.000,9999.000,9999.000,9999.000,9999.000,9999.000,9999.000,9999.000
202604120512,   3.163,9999.000,9999.000,9999.000,9999.000,9999.000,9999.000,9999.000,9999.000
202604120518,   3.296,9999.000,9999.000,9999.000,9999.000,9999.000,9999.000,9999.000,9999.000
202604120524,   3.430,9999.000,9999.000,9999.000,9999.000,9999.000,9999.000,9999.000,9999.000
202604120530,   3.566,9999.000,9999.000,9999.000,9999.000,9999.000,9999.000,9999.000,9999.000
202604120536,   3.703,9999.000,9999.000,9999.000,9999.000,9999.000,9999.000,9999.000,9999.000
202604120542,   3.842,9999.000,9999.000,9999.000,9999.000,9999.000,9999.000,9999.000,9999.000
202604120548,   3.982,9999.000,9999.000,9999.000,9999.000,9999.000,9999.000,9999.000,9999.000
202604120554,   4.123,9999.000,9999.000,9999.000,9999.000,9999.000,9999.000,9999.000,9999.000
202604120600,   4.265,9999.000,   0.600,  -0.003,   4.862,   0.500,   4.762,   0.600,   4.862
202604120606,   4.407,9999.000,9999.000,9999.000,9999.000,9999.000,9999.000,9999.000,9999.000
202604120612,   4.550,9999.000,9999.000,9999.000,9999.000,9999.000,9999.000,9999.000,9999.000
202604120618,   4.693,9999.000,9999.000,9999.000,9999.000,9999.000,9999.000,9999.000,9999.000
202604120624,   4.836,9999.000,9999.000,9999.000,9999.000,9999.000,9999.000,9999.000,9999.000
202604120630,   4.979,9999.000,9999.000,9999.000,9999.000,9999.000,9999.000,9999.000,9999.000
202604120636,   5.122,9999.000,9999.000,9999.000,9999.000,9999.000,9999.000,9999.000,9999.000
202604120642,   5.264,9999.000,9999.000,9999.000,9999.000,9999.000,9999.000,9999.000,9999.000
202604120648,   5.405,9999.000,9999.000,9999.000,9999.000,9999.000,9999.000,9999.000,9999.000
202604120654,   5.546,9999.000,9999.000,9999.000,9999.000,9999.000,9999.000,9999.000,9999.000
202604120700,   5.685,9999.000,   0.600,  -0.003,   6.282,   0.500,   6.182,   0.600,   6.282
202604120706,   5.823,9999.000,9999.000,9999.000,9999.000,9999.000,9999.000,9999.000,9999.000
202604120712,   5.959,9999.000,9999.000,9999.000,9999.000,9999.000,9999.000,9999.000,9999.000
202604120718,   6.094,9999.000,9999.000,9999.000,9999.000,9999.000,9999.000,9999.000,9999.000
202604120724,   6.227,9999.000,9999.000,9999.000,9999.000,9999.000,9999.000,9999.000,9999.000
202604120730,   6.357,9999.000,9999.000,9999.000,9999.000,9999.000,9999.000,9999.000,9999.000
202604120736,   6.485,9999.000,9999.000,9999.000,9999.000,9999.000,9999.000,9999.000,9999.000
202604120742,   6.610,9999.000,9999.000,9999.000,9999.000,9999.000,9999.000,9999.000,9999.000
202604120748,   6.733,9999.000,9999.000,9999.000,9999.000,9999.000,9999.000,9999.000,9999.000
202604120754,   6.852,9999.000,9999.000,9999.000,9999.000,9999.000,9999.000,9999.000,9999.000
202604120800,   6.968,9999.000,   0.600,  -0.003,   7.565,   0.500,   7.465,   0.600,   7.565
202604120806,   7.081,9999.000,9999.000,9999.000,9999.000,9999.000,9999.000,9999.000,9999.000
202604120812,   7.189,9999.000,9999.000,9999.000,9999.000,9999.000,9999.000,9999.000,9999.000
202604120818,   7.294,9999.000,9999.000,9999.000,9999.000,9999.000,9999.000,9999.000,9999.000
202604120824,   7.395,9999.000,9999.000,9999.000,9999.000,9999.000,9999.000,9999.000,9999.000
202604120830,   7.491,9999.000,9999.000,9999.000,9999.000,9999.000,9999.000,9999.000,9999.000
202604120836,   7.583,9999.000,9999.000,9999.000,9999.000,9999.000,9999.000,9999.000,9999.000
202604120842,   7.670,9999.000,9999.000,9999.000,9999.000,9999.000,9999.000,9999.000,9999.000
202604120848,   7.752,9999.000,9999.000,9999.000,9999.000,9999.000,9999.000,9999.000,9999.000
202604120854,   7.830,9999.000,9999.000,9999.000,9999.000,9999.000,9999.000,9999.000,9999.000
202604120900,   7.903,9999.000,   0.600,  -0.003,   8.500,   0.500,   8.400,   0.600,   8.500
202604120906,   7.970,9999.000,9999.000,9999.000,9999.000,9999.000,9999.000,9999.000,9999.000
202604120912,   8.033,9999.000,9999.000,9999.000,9999.000,9999.000,9999.000,9999.000,9999.000
202604120918,   8.090,9999.000,9999.000,9999.000,9999.000,9999.000,9999.000,9999.000,9999.000
202604120924,   8.143,9999.000,9999.000,9999.000,9999.000,9999.000,9999.000,9999.000,9999.000
202604120930,   8.190,9999.000,9999.000,9999.000,9999.000,9999.000,9999.000,9999.000,9999.000
202604120936,   8.232,9999.000,9999.000,9999.000,9999.000,9999.000,9999.000,9999.000,9999.000
202604120942,   8.270,9999.000,9999.000,9999.000,9999.000,9999.000,9999.000,9999.000,9999.000
202604120948,   8.302,9999.000,9999.000,9999.000,9999.000,9999.000,9999.000,9999.000,9999.000
202604120954,   8.329,9999.000,9999.000,9999.000,9999.000,9999.000,9999.000,9999.000,9999.000
202604121000,   8.351,9999.000,   0.500,  -0.003,   8.848,   0.500,   8.848,   0.600,   8.948
202604121006,   8.369,9999.000,9999.000,9999.000,9999.000,9999.000,9999.000,9999.000,9999.000
202604121012,   8.381,9999.000,9999.000,9999.000,9999.000,9999.000,9999.000,9999.000,9999.000
202604121018,   8.390,9999.000,9999.000,9999.000,9999.000,9999.000,9999.000,9999.000,9999.000
202604121024,   8.393,9999.000,9999.000,9999.000,9999.000,9999.000,9999.000,9999.000,9999.000
202604121030,   8.392,9999.000,9999.000,9999.000,9999.000,9999.000,9999.000,9999.000,9999.000
202604121036,   8.387,9999.000,9999.000,9999.000,9999.000,9999.000,9999.000,9999.000,9999.000
202604121042,   8.377,9999.000,9999.000,9999.000,9999.000,9999.000,9999.000,9999.000,9999.000
202604121048,   8.363,9999.000,9999.000,9999.000,9999.000,9999.000,9999.000,9999.000,9999.000
202604121054,   8.345,9999.000,9999.000,9999.000,9999.000,9999.000,9999.000,9999.000,9999.000
202604121100,   8.322,9999.000,   0.500,  -0.003,   8.819,   0.500,   8.819,   0.600,   8.919
202604121106,   8.296,9999.000,9999.000,9999.000,9999.000,9999.000,9999.000,9999.000,9999.000
202604121112,   8.266,9999.000,9999.000,9999.000,9999.000,9999.000,9999.000,9999.000,9999.000
202604121118,   8.233,9999.000,9999.000,9999.000,9999.000,9999.000,9999.000,9999.000,9999.000
202604121124,   8.196,9999.000,9999.000,9999.000,9999.000,9999.000,9999.000,9999.000,9999.000
202604121130,   8.155,9999.000,9999.000,9999.000,9999.000,9999.000,9999.000,9999.000,9999.000
202604121136,   8.111,9999.000,9999.000,9999.000,9999.000,9999.000,9999.000,9999.000,9999.000
202604121142,   8.063,9999.000,9999.000,9999.000,9999.000,9999.000,9999.000,9999.000,9999.000
202604121148,   8.013,9999.000,9999.000,9999.000,9999.000,9999.000,9999.000,9999.000,9999.000
202604121154,   7.959,9999.000,9999.000,9999.000,9999.000,9999.000,9999.000,9999.000,9999.000
202604121200,   7.903,9999.000,   0.600,  -0.003,   8.500,   0.500,   8.400,   0.600,   8.500
202604121206,   7.844,9999.000,9999.000,9999.000,9999.000,9999.000,9999.000,9999.000,9999.000
202604121212,   7.782,9999.000,9999.000,9999.000,9999.000,9999.000,9999.000,9999.000,9999.000
202604121218,   7.718,9999.000,9999.000,9999.000,9999.000,9999.000,9999.000,9999.000,9999.000
202604121224,   7.652,9999.000,9999.000,9999.000,9999.000,9999.000,9999.000,9999.000,9999.000
202604121230,   7.585,9999.000,9999.000,9999.000,9999.000,9999.000,9999.000,9999.000,9999.000
202604121236,   7.515,9999.000,9999.000,9999.000,9999.000,9999.000,9999.000,9999.000,9999.000
202604121242,   7.444,9999.000,9999.000,9999.000,9999.000,9999.000,9999.000,9999.000,9999.000
202604121248,   7.371,9999.000,9999.000,9999.000,9999.000,9999.000,9999.000,9999.000,9999.000
202604121254,   7.297,9999.000,9999.000,9999.000,9999.000,9999.000,9999.000,9999.000,9999.000
202604121300,   7.223,9999.000,   0.600,  -0.003,   7.820,   0.500,   7.720,   0.600,   7.820
202604121306,   7.148,9999.000,9999.000,9999.000,9999.000,9999.000,9999.000,9999.000,9999.000
202604121312,   7.072,9999.000,9999.000,9999.000,9999.000,9999.000,9999.000,9999.000,9999.000
202604121318,   6.996,9999.000,9999.000,9999.000,9999.000,9999.000,9999.000,9999.000,9999.000
202604121324,   6.921,9999.000,9999.000,9999.000,9999.000,9999.000,9999.000,9999.000,9999.000
202604121330,   6.845,9999.000,9999.000,9999.000,9999.000,9999.000,9999.000,9999.000,9999.000
202604121336,   6.770,9999.000,9999.000,9999.000,9999.000,9999.000,9999.000,9999.000,9999.000
202604121342,   6.696,9999.000,9999.000,9999.000,9999.000,9999.000,9999.000,9999.000,9999.000
202604121348,   6.622,9999.000,9999.000,9999.000,9999.000,9999.000,9999.000,9999.000,9999.000
202604121354,   6.550,9999.000,9999.000,9999.000,9999.000,9999.000,9999.000,9999.000,9999.000
202604121400,   6.479,9999.000,   0.500,  -0.003,   6.976,   0.500,   6.976,   0.600,   7.076
202604121406,   6.409,9999.000,9999.000,9999.000,9999.000,9999.000,9999.000,9999.000,9999.000
202604121412,   6.342,9999.000,9999.000,9999.000,9999.000,9999.000,9999.000,9999.000,9999.000
202604121418,   6.275,9999.000,9999.000,9999.000,9999.000,9999.000,9999.000,9999.000,9999.000
202604121424,   6.211,9999.000,9999.000,9999.000,9999.000,9999.000,9999.000,9999.000,9999.000
202604121430,   6.149,9999.000,9999.000,9999.000,9999.000,9999.000,9999.000,9999.000,9999.000
202604121436,   6.089,9999.000,9999.000,9999.000,9999.000,9999.000,9999.000,9999.000,9999.000
202604121442,   6.032,9999.000,9999.000,9999.000,9999.000,9999.000,9999.000,9999.000,9999.000
202604121448,   5.977,9999.000,9999.000,9999.000,9999.000,9999.000,9999.000,9999.000,9999.000
202604121454,   5.924,9999.000,9999.000,9999.000,9999.000,9999.000,9999.000,9999.000,9999.000
202604121500,   5.875,9999.000,   0.500,  -0.003,   6.372,   0.500,   6.372,   0.600,   6.472
202604121506,   5.828,9999.000,9999.000,9999.000,9999.000,9999.000,9999.000,9999.000,9999.000
202604121512,   5.783,9999.000,9999.000,9999.000,9999.000,9999.000,9999.000,9999.000,9999.000
202604121518,   5.742,9999.000,9999.000,9999.000,9999.000,9999.000,9999.000,9999.000,9999.000
202604121524,   5.704,9999.000,9999.000,9999.000,9999.000,9999.000,9999.000,9999.000,9999.000
202604121530,   5.668,9999.000,9999.000,9999.000,9999.000,9999.000,9999.000,9999.000,9999.000
202604121536,   5.636,9999.000,9999.000,9999.000,9999.000,9999.000,9999.000,9999.000,9999.000
202604121542,   5.606,9999.000,9999.000,9999.000,9999.000,9999.000,9999.000,9999.000,9999.000
202604121548,   5.580,9999.000,9999.000,9999.000,9999.000,9999.000,9999.000,9999.000,9999.000
202604121554,   5.557,9999.000,9999.000,9999.000,9999.000,9999.000,9999.000,9999.000,9999.000
202604121600,   5.536,9999.000,   0.600,  -0.003,   6.133,   0.500,   6.033,   0.700,   6.233
202604121606,   5.519,9999.000,9999.000,9999.000,9999.000,9999.000,9999.000,9999.000,9999.000
202604121612,   5.504,9999.000,9999.000,9999.000,9999.000,9999.000,9999.000,9999.000,9999.000
202604121618,   5.492,9999.000,9999.000,9999.000,9999.000,9999.000,9999.000,9999.000,9999.000
202604121624,   5.483,9999.000,9999.000,9999.000,9999.000,9999.000,9999.000,9999.000,9999.000
202604121630,   5.477,9999.000,9999.000,9999.000,9999.000,9999.000,9999.000,9999.000,9999.000
202604121636,   5.473,9999.000,9999.000,9999.000,9999.000,9999.000,9999.000,9999.000,9999.000
202604121642,   5.472,9999.000,9999.000,9999.000,9999.000,9999.000,9999.000,9999.000,9999.000
202604121648,   5.473,9999.000,9999.000,9999.000,9999.000,9999.000,9999.000,9999.000,9999.000
202604121654,   5.477,9999.000,9999.000,9999.000,9999.000,9999.000,9999.000,9999.000,9999.000
202604121700,   5.482,9999.000,   0.600,  -0.003,   6.079,   0.600,   6.079,   0.700,   6.179
202604121706,   5.490,9999.000,9999.000,9999.000,9999.000,9999.000,9999.000,9999.000,9999.000
202604121712,   5.499,9999.000,9999.000,9999.000,9999.000,9999.000,9999.000,9999.000,9999.000
202604121718,   5.511,9999.000,9999.000,9999.000,9999.000,9999.000,9999.000,9999.000,9999.000
202604121724,   5.523,9999.000,9999.000,9999.000,9999.000,9999.000,9999.000,9999.000,9999.000
202604121730,   5.538,9999.000,9999.000,9999.000,9999.000,9999.000,9999.000,9999.000,9999.000
202604121736,   5.553,9999.000,9999.000,9999.000,9999.000,9999.000,9999.000,9999.000,9999.000
202604121742,   5.570,9999.000,9999.000,9999.000,9999.000,9999.000,9999.000,9999.000,9999.000
202604121748,   5.587,9999.000,9999.000,9999.000,9999.000,9999.000,9999.000,9999.000,9999.000
202604121754,   5.605,9999.000,9999.000,9999.000,9999.000,9999.000,9999.000,9999.000,9999.000
202604121800,   5.624,9999.000,   0.600,  -0.003,   6.221,   0.500,   6.121,   0.700,   6.321
202604121806,   5.644,9999.000,9999.000,9999.000,9999.000,9999.000,9999.000,9999.000,9999.000
202604121812,   5.664,9999.000,9999.000,9999.000,9999.000,9999.000,9999.000,9999.000,9999.000
202604121818,   5.684,9999.000,9999.000,9999.000,9999.000,9999.000,9999.000,9999.000,9999.000
202604121824,   5.704,9999.000,9999.000,9999.000,9999.000,9999.000,9999.000,9999.000,9999.000
202604121830,   5.725,9999.000,9999.000,9999.000,9999.000,9999.000,9999.000,9999.000,9999.000
202604121836,   5.745,9999.000,9999.000,9999.000,9999.000,9999.000,9999.000,9999.000,9999.000
202604121842,   5.764,9999.000,9999.000,9999.000,9999.000,9999.000,9999.000,9999.000,9999.000
202604121848,   5.784,9999.000,9999.000,9999.000,9999.000,9999.000,9999.000,9999.000,9999.000
202604121854,   5.803,9999.000,9999.000,9999.000,9999.000,9999.000,9999.000,9999.000,9999.000
202604121900,   5.821,9999.000,   0.600,  -0.003,   6.418,   0.500,   6.318,   0.600,   6.418
202604121906,   5.838,9999.000,9999.000,9999.000,9999.000,9999.000,9999.000,9999.000,9999.000
202604121912,   5.854,9999.000,9999.000,9999.000,9999.000,9999.000,9999.000,9999.000,9999.000
202604121918,   5.869,9999.000,9999.000,9999.000,9999.000,9999.000,9999.000,9999.000,9999.000
202604121924,   5.883,9999.000,9999.000,9999.000,9999.000,9999.000,9999.000,9999.000,9999.000
202604121930,   5.896,9999.000,9999.000,9999.000,9999.000,9999.000,9999.000,9999.000,9999.000
202604121936,   5.907,9999.000,9999.000,9999.000,9999.000,9999.000,9999.000,9999.000,9999.000
202604121942,   5.916,9999.000,9999.000,9999.000,9999.000,9999.000,9999.000,9999.000,9999.000
202604121948,   5.923,9999.000,9999.000,9999.000,9999.000,9999.000,9999.000,9999.000,9999.000
202604121954,   5.928,9999.000,9999.000,9999.000,9999.000,9999.000,9999.000,9999.000,9999.000
202604122000,   5.931,9999.000,   0.600,  -0.003,   6.528,   0.500,   6.428,   0.700,   6.628
202604122006,   5.932,9999.000,9999.000,9999.000,9999.000,9999.000,9999.000,9999.000,9999.000
202604122012,   5.930,9999.000,9999.000,9999.000,9999.000,9999.000,9999.000,9999.000,9999.000
202604122018,   5.926,9999.000,9999.000,9999.000,9999.000,9999.000,9999.000,9999.000,9999.000
202604122024,   5.918,9999.000,9999.000,9999.000,9999.000,9999.000,9999.000,9999.000,9999.000
202604122030,   5.908,9999.000,9999.000,9999.000,9999.000,9999.000,9999.000,9999.000,9999.000
202604122036,   5.894,9999.000,9999.000,9999.000,9999.000,9999.000,9999.000,9999.000,9999.000
202604122042,   5.877,9999.000,9999.000,9999.000,9999.000,9999.000,9999.000,9999.000,9999.000
202604122048,   5.857,9999.000,9999.000,9999.000,9999.000,9999.000,9999.000,9999.000,9999.000
202604122054,   5.833,9999.000,9999.000,9999.000,9999.000,9999.000,9999.000,9999.000,9999.000
202604122100,   5.805,9999.000,   0.600,  -0.003,   6.402,   0.600,   6.402,   0.700,   6.502
202604122106,   5.774,9999.000,9999.000,9999.000,9999.000,9999.000,9999.000,9999.000,9999.000
202604122112,   5.739,9999.000,9999.000,9999.000,9999.000,9999.000,9999.000,9999.000,9999.000
202604122118,   5.700,9999.000,9999.000,9999.000,9999.000,9999.000,9999.000,9999.000,9999.000
202604122124,   5.658,9999.000,9999.000,9999.000,9999.000,9999.000,9999.000,9999.000,9999.000
202604122130,   5.612,9999.000,9999.000,9999.000,9999.000,9999.000,9999.000,9999.000,9999.000
202604122136,   5.562,9999.000,9999.000,9999.000,9999.000,9999.000,9999.000,9999.000,9999.000
202604122142,   5.508,9999.000,9999.000,9999.000,9999.000,9999.000,9999.000,9999.000,9999.000
202604122148,   5.450,9999.000,9999.000,9999.000,9999.000,9999.000,9999.000,9999.000,9999.000
202604122154,   5.389,9999.000,9999.000,9999.000,9999.000,9999.000,9999.000,9999.000,9999.000
202604122200,   5.325,9999.000,   0.600,  -0.003,   5.922,   0.500,   5.822,   0.600,   5.922
202604122206,   5.257,9999.000,9999.000,9999.000,9999.000,9999.000,9999.000,9999.000,9999.000
202604122212,   5.186,9999.000,9999.000,9999.000,9999.000,9999.000,9999.000,9999.000,9999.000
202604122218,   5.111,9999.000,9999.000,9999.000,9999.000,9999.000,9999.000,9999.000,9999.000
202604122224,   5.034,9999.000,9999.000,9999.000,9999.000,9999.000,9999.000,9999.000,9999.000
202604122230,   4.953,9999.000,9999.000,9999.000,9999.000,9999.000,9999.000,9999.000,9999.000
202604122236,   4.870,9999.000,9999.000,9999.000,9999.000,9999.000,9999.000,9999.000,9999.000
202604122242,   4.785,9999.000,9999.000,9999.000,9999.000,9999.000,9999.000,9999.000,9999.000
202604122248,   4.697,9999.000,9999.000,9999.000,9999.000,9999.000,9999.000,9999.000,9999.000
202604122254,   4.606,9999.000,9999.000,9999.000,9999.000,9999.000,9999.000,9999.000,9999.000
202604122300,   4.514,9999.000,   0.500,  -0.003,   5.011,   0.500,   5.011,   0.600,   5.111
202604122306,   4.420,9999.000,9999.000,9999.000,9999.000,9999.000,9999.000,9999.000,9999.000
202604122312,   4.324,9999.000,9999.000,9999.000,9999.000,9999.000,9999.000,9999.000,9999.000
202604122318,   4.226,9999.000,9999.000,9999.000,9999.000,9999.000,9999.000,9999.000,9999.000
202604122324,   4.127,9999.000,9999.000,9999.000,9999.000,9999.000,9999.000,9999.000,9999.000
202604122330,   4.027,9999.000,9999.000,9999.000,9999.000,9999.000,9999.000,9999.000,9999.000
202604122336,   3.925,9999.000,9999.000,9999.000,9999.000,9999.000,9999.000,9999.000,9999.000
202604122342,   3.823,9999.000,9999.000,9999.000,9999.000,9999.000,9999.000,9999.000,9999.000
202604122348,   3.720,9999.000,9999.000,9999.000,9999.000,9999.000,9999.000,9999.000,9999.000
202604122354,   3.616,9999.000,9999.000,9999.000,9999.000,9999.000,9999.000,9999.000,9999.000
202604130000,   3.512,9999.000,   0.500,  -0.003,   4.009,   0.500,   4.009,   0.600,   4.109
202604130006,   3.408,9999.000,9999.000,9999.000,9999.000,9999.000,9999.000,9999.000,9999.000
202604130012,   3.304,9999.000,9999.000,9999.000,9999.000,9999.000,9999.000,9999.000,9999.000
202604130018,   3.200,9999.000,9999.000,9999.000,9999.000,9999.000,9999.000,9999.000,9999.000
202604130024,   3.096,9999.000,9999.000,9999.000,9999.000,9999.000,9999.000,9999.000,9999.000
202604130030,   2.993,9999.000,9999.000,9999.000,9999.000,9999.000,9999.000,9999.000,9999.000
202604130036,   2.891,9999.000,9999.000,9999.000,9999.000,9999.000,9999.000,9999.000,9999.000
202604130042,   2.789,9999.000,9999.000,9999.000,9999.000,9999.000,9999.000,9999.000,9999.000
202604130048,   2.689,9999.000,9999.000,9999.000,9999.000,9999.000,9999.000,9999.000,9999.000
202604130054,   2.591,9999.000,9999.000,9999.000,9999.000,9999.000,9999.000,9999.000,9999.000
202604130100,   2.494,9999.000,   0.600,  -0.003,   3.091,   0.500,   2.991,   0.600,   3.091
202604130106,   2.399,9999.000,9999.000,9999.000,9999.000,9999.000,9999.000,9999.000,9999.000
202604130112,   2.306,9999.000,9999.000,9999.000,9999.000,9999.000,9999.000,9999.000,9999.000
202604130118,   2.215,9999.000,9999.000,9999.000,9999.000,9999.000,9999.000,9999.000,9999.000
202604130124,   2.128,9999.000,9999.000,9999.000,9999.000,9999.000,9999.000,9999.000,9999.000
202604130130,   2.043,9999.000,9999.000,9999.000,9999.000,9999.000,9999.000,9999.000,9999.000
202604130136,   1.961,9999.000,9999.000,9999.000,9999.000,9999.000,9999.000,9999.000,9999.000
202604130142,   1.883,9999.000,9999.000,9999.000,9999.000,9999.000,9999.000,9999.000,9999.000
202604130148,   1.808,9999.000,9999.000,9999.000,9999.000,9999.000,9999.000,9999.000,9999.000
202604130154,   1.737,9999.000,9999.000,9999.000,9999.000,9999.000,9999.000,9999.000,9999.000
202604130200,   1.671,9999.000,   0.500,  -0.003,   2.168,   0.500,   2.168,   0.600,   2.268
202604130206,   1.608,9999.000,9999.000,9999.000,9999.000,9999.000,9999.000,9999.000,9999.000
202604130212,   1.550,9999.000,9999.000,9999.000,9999.000,9999.000,9999.000,9999.000,9999.000
202604130218,   1.497,9999.000,9999.000,9999.000,9999.000,9999.000,9999.000,9999.000,9999.000
202604130224,   1.449,9999.000,9999.000,9999.000,9999.000,9999.000,9999.000,9999.000,9999.000
202604130230,   1.405,9999.000,9999.000,9999.000,9999.000,9999.000,9999.000,9999.000,9999.000
202604130236,   1.367,9999.000,9999.000,9999.000,9999.000,9999.000,9999.000,9999.000,9999.000
202604130242,   1.334,9999.000,9999.000,9999.000,9999.000,9999.000,9999.000,9999.000,9999.000
202604130248,   1.307,9999.000,9999.000,9999.000,9999.000,9999.000,9999.000,9999.000,9999.000
202604130254,   1.285,9999.000,9999.000,9999.000,9999.000,9999.000,9999.000,9999.000,9999.000
202604130300,   1.269,9999.000,   0.500,  -0.003,   1.766,   0.400,   1.666,   0.600,   1.866
202604130306,   1.258,9999.000,9999.000,9999.000,9999.000,9999.000,9999.000,9999.000,9999.000
202604130312,   1.253,9999.000,9999.000,9999.000,9999.000,9999.000,9999.000,9999.000,9999.000
202604130318,   1.255,9999.000,9999.000,9999.000,9999.000,9999.000,9999.000,9999.000,9999.000
202604130324,   1.262,9999.000,9999.000,9999.000,9999.000,9999.000,9999.000,9999.000,9999.000
202604130330,   1.275,9999.000,9999.000,9999.000,9999.000,9999.000,9999.000,9999.000,9999.000
202604130336,   1.294,9999.000,9999.000,9999.000,9999.000,9999.000,9999.000,9999.000,9999.000
202604130342,   1.319,9999.000,9999.000,9999.000,9999.000,9999.000,9999.000,9999.000,9999.000
202604130348,   1.350,9999.000,9999.000,9999.000,9999.000,9999.000,9999.000,9999.000,9999.000
202604130354,   1.388,9999.000,9999.000,9999.000,9999.000,9999.000,9999.000,9999.000,9999.000
202604130400,   1.431,9999.000,   0.500,  -0.003,   1.928,   0.400,   1.828,   0.600,   2.028
202604130406,   1.480,9999.000,9999.000,9999.000,9999.000,9999.000,9999.000,9999.000,9999.000
202604130412,   1.534,9999.000,9999.000,9999.000,9999.000,9999.000,9999.000,9999.000,9999.000
202604130418,   1.595,9999.000,9999.000,9999.000,9999.000,9999.000,9999.000,9999.000,9999.000
202604130424,   1.661,9999.000,9999.000,9999.000,9999.000,9999.000,9999.000,9999.000,9999.000
202604130430,   1.733,9999.000,9999.000,9999.000,9999.000,9999.000,9999.000,9999.000,9999.000
202604130436,   1.810,9999.000,9999.000,9999.000,9999.000,9999.000,9999.000,9999.000,9999.000
202604130442,   1.893,9999.000,9999.000,9999.000,9999.000,9999.000,9999.000,9999.000,9999.000
202604130448,   1.980,9999.000,9999.000,9999.000,9999.000,9999.000,9999.000,9999.000,9999.000
202604130454,   2.073,9999.000,9999.000,9999.000,9999.000,9999.000,9999.000,9999.000,9999.000
202604130500,   2.171,9999.000,   0.500,  -0.003,   2.668,   0.500,   2.668,   0.600,   2.768
202604130506,   2.273,9999.000,9999.000,9999.000,9999.000,9999.000,9999.000,9999.000,9999.000
202604130512,   2.379,9999.000,9999.000,9999.000,9999.000,9999.000,9999.000,9999.000,9999.000
202604130518,   2.490,9999.000,9999.000,9999.000,9999.000,9999.000,9999.000,9999.000,9999.000
202604130524,   2.605,9999.000,9999.000,9999.000,9999.000,9999.000,9999.000,9999.000,9999.000
202604130530,   2.724,9999.000,9999.000,9999.000,9999.000,9999.000,9999.000,9999.000,9999.000
202604130536,   2.847,9999.000,9999.000,9999.000,9999.000,9999.000,9999.000,9999.000,9999.000
202604130542,   2.972,9999.000,9999.000,9999.000,9999.000,9999.000,9999.000,9999.000,9999.000
202604130548,   3.101,9999.000,9999.000,9999.000,9999.000,9999.000,9999.000,9999.000,9999.000
202604130554,   3.233,9999.000,9999.000,9999.000,9999.000,9999.000,9999.000,9999.000,9999.000
202604130600,   3.368,9999.000,   0.500,  -0.003,   3.865,   0.400,   3.765,   0.500,   3.865
202604130606,   3.505,9999.000,9999.000,9999.000,9999.000,9999.000,9999.000,9999.000,9999.000
202604130612,   3.644,9999.000,9999.000,9999.000,9999.000,9999.000,9999.000,9999.000,9999.000
202604130618,   3.785,9999.000,9999.000,9999.000,9999.000,9999.000,9999.000,9999.000,9999.000
202604130624,   3.928,9999.000,9999.000,9999.000,9999.000,9999.000,9999.000,9999.000,9999.000
202604130630,   4.072,9999.000,9999.000,9999.000,9999.000,9999.000,9999.000,9999.000,9999.000
202604130636,   4.217,9999.000,9999.000,9999.000,9999.000,9999.000,9999.000,9999.000,9999.000
202604130642,   4.364,9999.000,9999.000,9999.000,9999.000,9999.000,9999.000,9999.000,9999.000
202604130648,   4.511,9999.000,9999.000,9999.000,9999.000,9999.000,9999.000,9999.000,9999.000
202604130654,   4.659,9999.000,9999.000,9999.000,9999.000,9999.000,9999.000,9999.000,9999.000
202604130700,   4.807,9999.000,   0.500,  -0.003,   5.304,   0.400,   5.204,   0.500,   5.304
202604130706,   4.955,9999.000,9999.000,9999.000,9999.000,9999.000,9999.000,9999.000,9999.000
202604130712,   5.103,9999.000,9999.000,9999.000,9999.000,9999.000,9999.000,9999.000,9999.000
202604130718,   5.251,9999.000,9999.000,9999.000,9999.000,9999.000,9999.000,9999.000,9999.000
202604130724,   5.398,9999.000,9999.000,9999.000,9999.000,9999.000,9999.000,9999.000,9999.000
202604130730,   5.545,9999.000,9999.000,9999.000,9999.000,9999.000,9999.000,9999.000,9999.000
202604130736,   5.690,9999.000,9999.000,9999.000,9999.000,9999.000,9999.000,9999.000,9999.000
202604130742,   5.834,9999.000,9999.000,9999.000,9999.000,9999.000,9999.000,9999.000,9999.000
202604130748,   5.977,9999.000,9999.000,9999.000,9999.000,9999.000,9999.000,9999.000,9999.000
202604130754,   6.118,9999.000,9999.000,9999.000,9999.000,9999.000,9999.000,9999.000,9999.000
202604130800,   6.257,9999.000,   0.500,  -0.003,   6.754,   0.400,   6.654,   0.500,   6.754
202604130806,   6.394,9999.000,9999.000,9999.000,9999.000,9999.000,9999.000,9999.000,9999.000
202604130812,   6.528,9999.000,9999.000,9999.000,9999.000,9999.000,9999.000,9999.000,9999.000
202604130818,   6.660,9999.000,9999.000,9999.000,9999.000,9999.000,9999.000,9999.000,9999.000
202604130824,   6.788,9999.000,9999.000,9999.000,9999.000,9999.000,9999.000,9999.000,9999.000
202604130830,   6.913,9999.000,9999.000,9999.000,9999.000,9999.000,9999.000,9999.000,9999.000
202604130836,   7.035,9999.000,9999.000,9999.000,9999.000,9999.000,9999.000,9999.000,9999.000
202604130842,   7.153,9999.000,9999.000,9999.000,9999.000,9999.000,9999.000,9999.000,9999.000
202604130848,   7.267,9999.000,9999.000,9999.000,9999.000,9999.000,9999.000,9999.000,9999.000
202604130854,   7.377,9999.000,9999.000,9999.000,9999.000,9999.000,9999.000,9999.000,9999.000
202604130900,   7.483,9999.000,   0.400,  -0.003,   7.880,   0.400,   7.880,   0.500,   7.980
202604130906,   7.583,9999.000,9999.000,9999.000,9999.000,9999.000,9999.000,9999.000,9999.000
202604130912,   7.679,9999.000,9999.000,9999.000,9999.000,9999.000,9999.000,9999.000,9999.000
202604130918,   7.770,9999.000,9999.000,9999.000,9999.000,9999.000,9999.000,9999.000,9999.000
202604130924,   7.855,9999.000,9999.000,9999.000,9999.000,9999.000,9999.000,9999.000,9999.000
202604130930,   7.935,9999.000,9999.000,9999.000,9999.000,9999.000,9999.000,9999.000,9999.000
202604130936,   8.010,9999.000,9999.000,9999.000,9999.000,9999.000,9999.000,9999.000,9999.000
202604130942,   8.079,9999.000,9999.000,9999.000,9999.000,9999.000,9999.000,9999.000,9999.000
202604130948,   8.142,9999.000,9999.000,9999.000,9999.000,9999.000,9999.000,9999.000,9999.000
202604130954,   8.199,9999.000,9999.000,9999.000,9999.000,9999.000,9999.000,9999.000,9999.000
202604131000,   8.250,9999.000,   0.400,  -0.003,   8.647,   0.300,   8.547,   0.500,   8.747
202604131006,   8.296,9999.000,9999.000,9999.000,9999.000,9999.000,9999.000,9999.000,9999.000
202604131012,   8.335,9999.000,9999.000,9999.000,9999.000,9999.000,9999.000,9999.000,9999.000
202604131018,   8.369,9999.000,9999.000,9999.000,9999.000,9999.000,9999.000,9999.000,9999.000
202604131024,   8.396,9999.000,9999.000,9999.000,9999.000,9999.000,9999.000,9999.000,9999.000
202604131030,   8.418,9999.000,9999.000,9999.000,9999.000,9999.000,9999.000,9999.000,9999.000
202604131036,   8.433,9999.000,9999.000,9999.000,9999.000,9999.000,9999.000,9999.000,9999.000
202604131042,   8.443,9999.000,9999.000,9999.000,9999.000,9999.000,9999.000,9999.000,9999.000
202604131048,   8.447,9999.000,9999.000,9999.000,9999.000,9999.000,9999.000,9999.000,9999.000
202604131054,   8.446,9999.000,9999.000,9999.000,9999.000,9999.000,9999.000,9999.000,9999.000
202604131100,   8.439,9999.000,   0.400,  -0.003,   8.836,   0.300,   8.736,   0.400,   8.836
202604131106,   8.426,9999.000,9999.000,9999.000,9999.000,9999.000,9999.000,9999.000,9999.000
202604131112,   8.408,9999.000,9999.000,9999.000,9999.000,9999.000,9999.000,9999.000,9999.000
202604131118,   8.385,9999.000,9999.000,9999.000,9999.000,9999.000,9999.000,9999.000,9999.000
202604131124,   8.357,9999.000,9999.000,9999.000,9999.000,9999.000,9999.000,9999.000,9999.000
202604131130,   8.324,9999.000,9999.000,9999.000,9999.000,9999.000,9999.000,9999.000,9999.000
202604131136,   8.286,9999.000,9999.000,9999.000,9999.000,9999.000,9999.000,9999.000,9999.000
202604131142,   8.243,9999.000,9999.000,9999.000,9999.000,9999.000,9999.000,9999.000,9999.000
202604131148,   8.196,9999.000,9999.000,9999.000,9999.000,9999.000,9999.000,9999.000,9999.000
202604131154,   8.144,9999.000,9999.000,9999.000,9999.000,9999.000,9999.000,9999.000,9999.000
202604131200,   8.088,9999.000,   0.400,  -0.003,   8.485,   0.300,   8.385,   0.500,   8.585
202604131206,   8.028,9999.000,9999.000,9999.000,9999.000,9999.000,9999.000,9999.000,9999.000
202604131212,   7.963,9999.000,9999.000,9999.000,9999.000,9999.000,9999.000,9999.000,9999.000
202604131218,   7.895,9999.000,9999.000,9999.000,9999.000,9999.000,9999.000,9999.000,9999.000
202604131224,   7.824,9999.000,9999.000,9999.000,9999.000,9999.000,9999.000,9999.000,9999.000
202604131230,   7.749,9999.000,9999.000,9999.000,9999.000,9999.000,9999.000,9999.000,9999.000
202604131236,   7.670,9999.000,9999.000,9999.000,9999.000,9999.000,9999.000,9999.000,9999.000
202604131242,   7.589,9999.000,9999.000,9999.000,9999.000,9999.000,9999.000,9999.000,9999.000
202604131248,   7.504,9999.000,9999.000,9999.000,9999.000,9999.000,9999.000,9999.000,9999.000
202604131254,   7.417,9999.000,9999.000,9999.000,9999.000,9999.000,9999.000,9999.000,9999.000
202604131300,   7.327,9999.000,   0.400,  -0.003,   7.724,   0.300,   7.624,   0.400,   7.724
202604131306,   7.235,9999.000,9999.000,9999.000,9999.000,9999.000,9999.000,9999.000,9999.000
202604131312,   7.142,9999.000,9999.000,9999.000,9999.000,9999.000,9999.000,9999.000,9999.000
202604131318,   7.046,9999.000,9999.000,9999.000,9999.000,9999.000,9999.000,9999.000,9999.000
202604131324,   6.949,9999.000,9999.000,9999.000,9999.000,9999.000,9999.000,9999.000,9999.000
202604131330,   6.851,9999.000,9999.000,9999.000,9999.000,9999.000,9999.000,9999.000,9999.000
202604131336,   6.751,9999.000,9999.000,9999.000,9999.000,9999.000,9999.000,9999.000,9999.000
202604131342,   6.652,9999.000,9999.000,9999.000,9999.000,9999.000,9999.000,9999.000,9999.000
202604131348,   6.551,9999.000,9999.000,9999.000,9999.000,9999.000,9999.000,9999.000,9999.000
202604131354,   6.451,9999.000,9999.000,9999.000,9999.000,9999.000,9999.000,9999.000,9999.000
202604131400,   6.351,9999.000,   0.300,  -0.003,   6.648,   0.300,   6.648,   0.400,   6.748
202604131406,   6.251,9999.000,9999.000,9999.000,9999.000,9999.000,9999.000,9999.000,9999.000
202604131412,   6.152,9999.000,9999.000,9999.000,9999.000,9999.000,9999.000,9999.000,9999.000
202604131418,   6.054,9999.000,9999.000,9999.000,9999.000,9999.000,9999.000,9999.000,9999.000
202604131424,   5.957,9999.000,9999.000,9999.000,9999.000,9999.000,9999.000,9999.000,9999.000
202604131430,   5.862,9999.000,9999.000,9999.000,9999.000,9999.000,9999.000,9999.000,9999.000
202604131436,   5.769,9999.000,9999.000,9999.000,9999.000,9999.000,9999.000,9999.000,9999.000
202604131442,   5.678,9999.000,9999.000,9999.000,9999.000,9999.000,9999.000,9999.000,9999.000
202604131448,   5.589,9999.000,9999.000,9999.000,9999.000,9999.000,9999.000,9999.000,9999.000
202604131454,   5.503,9999.000,9999.000,9999.000,9999.000,9999.000,9999.000,9999.000,9999.000
202604131500,   5.419,9999.000,   0.300,  -0.003,   5.716,   0.200,   5.616,   0.300,   5.716
202604131506,   5.339,9999.000,9999.000,9999.000,9999.000,9999.000,9999.000,9999.000,9999.000
202604131512,   5.261,9999.000,9999.000,9999.000,9999.000,9999.000,9999.000,9999.000,9999.000
202604131518,   5.187,9999.000,9999.000,9999.000,9999.000,9999.000,9999.000,9999.000,9999.000
202604131524,   5.116,9999.000,9999.000,9999.000,9999.000,9999.000,9999.000,9999.000,9999.000
202604131530,   5.049,9999.000,9999.000,9999.000,9999.000,9999.000,9999.000,9999.000,9999.000
202604131536,   4.986,9999.000,9999.000,9999.000,9999.000,9999.000,9999.000,9999.000,9999.000
202604131542,   4.927,9999.000,9999.000,9999.000,9999.000,9999.000,9999.000,9999.000,9999.000
202604131548,   4.871,9999.000,9999.000,9999.000,9999.000,9999.000,9999.000,9999.000,9999.000
202604131554,   4.820,9999.000,9999.000,9999.000,9999.000,9999.000,9999.000,9999.000,9999.000
202604131600,   4.773,9999.000,   0.400,  -0.003,   5.170,   0.300,   5.070,   0.400,   5.170
202604131606,   4.730,9999.000,9999.000,9999.000,9999.000,9999.000,9999.000,9999.000,9999.000
202604131612,   4.692,9999.000,9999.000,9999.000,9999.000,9999.000,9999.000,9999.000,9999.000
202604131618,   4.657,9999.000,9999.000,9999.000,9999.000,9999.000,9999.000,9999.000,9999.000
202604131624,   4.628,9999.000,9999.000,9999.000,9999.000,9999.000,9999.000,9999.000,9999.000
202604131630,   4.602,9999.000,9999.000,9999.000,9999.000,9999.000,9999.000,9999.000,9999.000
202604131636,   4.581,9999.000,9999.000,9999.000,9999.000,9999.000,9999.000,9999.000,9999.000
202604131642,   4.565,9999.000,9999.000,9999.000,9999.000,9999.000,9999.000,9999.000,9999.000
202604131648,   4.552,9999.000,9999.000,9999.000,9999.000,9999.000,9999.000,9999.000,9999.000
202604131654,   4.544,9999.000,9999.000,9999.000,9999.000,9999.000,9999.000,9999.000,9999.000
202604131700,   4.540,9999.000,   0.400,  -0.003,   4.937,   0.300,   4.837,   0.400,   4.937
202604131706,   4.541,9999.000,9999.000,9999.000,9999.000,9999.000,9999.000,9999.000,9999.000
202604131712,   4.545,9999.000,9999.000,9999.000,9999.000,9999.000,9999.000,9999.000,9999.000
202604131718,   4.554,9999.000,9999.000,9999.000,9999.000,9999.000,9999.000,9999.000,9999.000
202604131724,   4.566,9999.000,9999.000,9999.000,9999.000,9999.000,9999.000,9999.000,9999.000
202604131730,   4.582,9999.000,9999.000,9999.000,9999.000,9999.000,9999.000,9999.000,9999.000
202604131736,   4.601,9999.000,9999.000,9999.000,9999.000,9999.000,9999.000,9999.000,9999.000
202604131742,   4.624,9999.000,9999.000,9999.000,9999.000,9999.000,9999.000,9999.000,9999.000
202604131748,   4.650,9999.000,9999.000,9999.000,9999.000,9999.000,9999.000,9999.000,9999.000
202604131754,   4.679,9999.000,9999.000,9999.000,9999.000,9999.000,9999.000,9999.000,9999.000
202604131800,   4.711,9999.000,   0.300,  -0.003,   5.008,   0.200,   4.908,   0.300,   5.008
202604131806,   4.746,9999.000,9999.000,9999.000,9999.000,9999.000,9999.000,9999.000,9999.000
202604131812,   4.783,9999.000,9999.000,9999.000,9999.000,9999.000,9999.000,9999.000,9999.000
202604131818,   4.823,9999.000,9999.000,9999.000,9999.000,9999.000,9999.000,9999.000,9999.000
202604131824,   4.865,9999.000,9999.000,9999.000,9999.000,9999.000,9999.000,9999.000,9999.000
202604131830,   4.908,9999.000,9999.000,9999.000,9999.000,9999.000,9999.000,9999.000,9999.000
202604131836,   4.954,9999.000,9999.000,9999.000,9999.000,9999.000,9999.000,9999.000,9999.000
202604131842,   5.000,9999.000,9999.000,9999.000,9999.000,9999.000,9999.000,9999.000,9999.000
202604131848,   5.048,9999.000,9999.000,9999.000,9999.000,9999.000,9999.000,9999.000,9999.000
202604131854,   5.098,9999.000,9999.000,9999.000,9999.000,9999.000,9999.000,9999.000,9999.000
202604131900,   5.148,9999.000,   0.200,  -0.003,   5.345,   0.200,   5.345,   0.300,   5.445
202604131906,   5.199,9999.000,9999.000,9999.000,9999.000,9999.000,9999.000,9999.000,9999.000
202604131912,   5.250,9999.000,9999.000,9999.000,9999.000,9999.000,9999.000,9999.000,9999.000
202604131918,   5.302,9999.000,9999.000,9999.000,9999.000,9999.000,9999.000,9999.000,9999.000
202604131924,   5.354,9999.000,9999.000,9999.000,9999.000,9999.000,9999.000,9999.000,9999.000
202604131930,   5.405,9999.000,9999.000,9999.000,9999.000,9999.000,9999.000,9999.000,9999.000
202604131936,   5.457,9999.000,9999.000,9999.000,9999.000,9999.000,9999.000,9999.000,9999.000
202604131942,   5.508,9999.000,9999.000,9999.000,9999.000,9999.000,9999.000,9999.000,9999.000
202604131948,   5.559,9999.000,9999.000,9999.000,9999.000,9999.000,9999.000,9999.000,9999.000
202604131954,   5.609,9999.000,9999.000,9999.000,9999.000,9999.000,9999.000,9999.000,9999.000
202604132000,   5.658,9999.000,   0.300,  -0.003,   5.955,   0.200,   5.855,   0.400,   6.055
202604132006,   5.706,9999.000,9999.000,9999.000,9999.000,9999.000,9999.000,9999.000,9999.000
202604132012,   5.752,9999.000,9999.000,9999.000,9999.000,9999.000,9999.000,9999.000,9999.000
202604132018,   5.797,9999.000,9999.000,9999.000,9999.000,9999.000,9999.000,9999.000,9999.000
202604132024,   5.840,9999.000,9999.000,9999.000,9999.000,9999.000,9999.000,9999.000,9999.000
202604132030,   5.881,9999.000,9999.000,9999.000,9999.000,9999.000,9999.000,9999.000,9999.000
202604132036,   5.920,9999.000,9999.000,9999.000,9999.000,9999.000,9999.000,9999.000,9999.000
202604132042,   5.957,9999.000,9999.000,9999.000,9999.000,9999.000,9999.000,9999.000,9999.000
202604132048,   5.991,9999.000,9999.000,9999.000,9999.000,9999.000,9999.000,9999.000,9999.000
202604132054,   6.022,9999.000,9999.000,9999.000,9999.000,9999.000,9999.000,9999.000,9999.000
202604132100,   6.051,9999.000,   0.300,  -0.003,   6.348,   0.300,   6.348,   0.400,   6.448
202604132106,   6.076,9999.000,9999.000,9999.000,9999.000,9999.000,9999.000,9999.000,9999.000
202604132112,   6.098,9999.000,9999.000,9999.000,9999.000,9999.000,9999.000,9999.000,9999.000
202604132118,   6.116,9999.000,9999.000,9999.000,9999.000,9999.000,9999.000,9999.000,9999.000
202604132124,   6.130,9999.000,9999.000,9999.000,9999.000,9999.000,9999.000,9999.000,9999.000
202604132130,   6.141,9999.000,9999.000,9999.000,9999.000,9999.000,9999.000,9999.000,9999.000
202604132136,   6.147,9999.000,9999.000,9999.000,9999.000,9999.000,9999.000,9999.000,9999.000
202604132142,   6.149,9999.000,9999.000,9999.000,9999.000,9999.000,9999.000,9999.000,9999.000
202604132148,   6.147,9999.000,9999.000,9999.000,9999.000,9999.000,9999.000,9999.000,9999.000
202604132154,   6.140,9999.000,9999.000,9999.000,9999.000,9999.000,9999.000,9999.000,9999.000
202604132200,   6.128,9999.000,   0.300,  -0.003,   6.425,   0.200,   6.325,   0.300,   6.425
202604132206,   6.112,9999.000,9999.000,9999.000,9999.000,9999.000,9999.000,9999.000,9999.000
202604132212,   6.092,9999.000,9999.000,9999.000,9999.000,9999.000,9999.000,9999.000,9999.000
202604132218,   6.066,9999.000,9999.000,9999.000,9999.000,9999.000,9999.000,9999.000,9999.000
202604132224,   6.036,9999.000,9999.000,9999.000,9999.000,9999.000,9999.000,9999.000,9999.000
202604132230,   6.001,9999.000,9999.000,9999.000,9999.000,9999.000,9999.000,9999.000,9999.000
202604132236,   5.962,9999.000,9999.000,9999.000,9999.000,9999.000,9999.000,9999.000,9999.000
202604132242,   5.918,9999.000,9999.000,9999.000,9999.000,9999.000,9999.000,9999.000,9999.000
202604132248,   5.869,9999.000,9999.000,9999.000,9999.000,9999.000,9999.000,9999.000,9999.000
202604132254,   5.816,9999.000,9999.000,9999.000,9999.000,9999.000,9999.000,9999.000,9999.000
202604132300,   5.758,9999.000,   0.200,  -0.003,   5.955,   0.100,   5.855,   0.300,   6.055
202604132306,   5.697,9999.000,9999.000,9999.000,9999.000,9999.000,9999.000,9999.000,9999.000
202604132312,   5.631,9999.000,9999.000,9999.000,9999.000,9999.000,9999.000,9999.000,9999.000
202604132318,   5.561,9999.000,9999.000,9999.000,9999.000,9999.000,9999.000,9999.000,9999.000
202604132324,   5.487,9999.000,9999.000,9999.000,9999.000,9999.000,9999.000,9999.000,9999.000
202604132330,   5.410,9999.000,9999.000,9999.000,9999.000,9999.000,9999.000,9999.000,9999.000
202604132336,   5.329,9999.000,9999.000,9999.000,9999.000,9999.000,9999.000,9999.000,9999.000
202604132342,   5.245,9999.000,9999.000,9999.000,9999.000,9999.000,9999.000,9999.000,9999.000
202604132348,   5.158,9999.000,9999.000,9999.000,9999.000,9999.000,9999.000,9999.000,9999.000
202604132354,   5.068,9999.000,9999.000,9999.000,9999.000,9999.000,9999.000,9999.000,9999.000
202604140000,   4.975,9999.000,   0.200,  -0.003,   5.172,   0.200,   5.172,   0.300,   5.272
202604140006,   4.880,9999.000,9999.000,9999.000,9999.000,9999.000,9999.000,9999.000,9999.000
202604140012,   4.782,9999.000,9999.000,9999.000,9999.000,9999.000,9999.000,9999.000,9999.000
202604140018,   4.682,9999.000,9999.000,9999.000,9999.000,9999.000,9999.000,9999.000,9999.000
202604140024,   4.580,9999.000,9999.000,9999.000,9999.000,9999.000,9999.000,9999.000,9999.000
202604140030,   4.477,9999.000,9999.000,9999.000,9999.000,9999.000,9999.000,9999.000,9999.000
202604140036,   4.372,9999.000,9999.000,9999.000,9999.000,9999.000,9999.000,9999.000,9999.000
202604140042,   4.265,9999.000,9999.000,9999.000,9999.000,9999.000,9999.000,9999.000,9999.000
202604140048,   4.157,9999.000,9999.000,9999.000,9999.000,9999.000,9999.000,9999.000,9999.000
202604140054,   4.049,9999.000,9999.000,9999.000,9999.000,9999.000,9999.000,9999.000,9999.000
202604140100,   3.939,9999.000,   0.300,  -0.003,   4.236,   0.200,   4.136,   0.400,   4.336
202604140106,   3.830,9999.000,9999.000,9999.000,9999.000,9999.000,9999.000,9999.000,9999.000
202604140112,   3.720,9999.000,9999.000,9999.000,9999.000,9999.000,9999.000,9999.000,9999.000
202604140118,   3.610,9999.000,9999.000,9999.000,9999.000,9999.000,9999.000,9999.000,9999.000
202604140124,   3.500,9999.000,9999.000,9999.000,9999.000,9999.000,9999.000,9999.000,9999.000
202604140130,   3.391,9999.000,9999.000,9999.000,9999.000,9999.000,9999.000,9999.000,9999.000
202604140136,   3.283,9999.000,9999.000,9999.000,9999.000,9999.000,9999.000,9999.000,9999.000
202604140142,   3.175,9999.000,9999.000,9999.000,9999.000,9999.000,9999.000,9999.000,9999.000
202604140148,   3.070,9999.000,9999.000,9999.000,9999.000,9999.000,9999.000,9999.000,9999.000
202604140154,   2.965,9999.000,9999.000,9999.000,9999.000,9999.000,9999.000,9999.000,9999.000
202604140200,   2.863,9999.000,   0.300,  -0.003,   3.160,   0.200,   3.060,   0.300,   3.160
202604140206,   2.763,9999.000,9999.000,9999.000,9999.000,9999.000,9999.000,9999.000,9999.000
202604140212,   2.666,9999.000,9999.000,9999.000,9999.000,9999.000,9999.000,9999.000,9999.000
202604140218,   2.571,9999.000,9999.000,9999.000,9999.000,9999.000,9999.000,9999.000,9999.000
202604140224,   2.480,9999.000,9999.000,9999.000,9999.000,9999.000,9999.000,9999.000,9999.000
202604140230,   2.392,9999.000,9999.000,9999.000,9999.000,9999.000,9999.000,9999.000,9999.000
202604140236,   2.308,9999.000,9999.000,9999.000,9999.000,9999.000,9999.000,9999.000,9999.000
202604140242,   2.228,9999.000,9999.000,9999.000,9999.000,9999.000,9999.000,9999.000,9999.000
202604140248,   2.152,9999.000,9999.000,9999.000,9999.000,9999.000,9999.000,9999.000,9999.000
202604140254,   2.080,9999.000,9999.000,9999.000,9999.000,9999.000,9999.000,9999.000,9999.000
202604140300,   2.013,9999.000,   0.200,  -0.003,   2.210,   0.100,   2.110,   0.300,   2.310
202604140306,   1.951,9999.000,9999.000,9999.000,9999.000,9999.000,9999.000,9999.000,9999.000
202604140312,   1.895,9999.000,9999.000,9999.000,9999.000,9999.000,9999.000,9999.000,9999.000
202604140318,   1.843,9999.000,9999.000,9999.000,9999.000,9999.000,9999.000,9999.000,9999.000
202604140324,   1.798,9999.000,9999.000,9999.000,9999.000,9999.000,9999.000,9999.000,9999.000
202604140330,   1.758,9999.000,9999.000,9999.000,9999.000,9999.000,9999.000,9999.000,9999.000
202604140336,   1.723,9999.000,9999.000,9999.000,9999.000,9999.000,9999.000,9999.000,9999.000
202604140342,   1.695,9999.000,9999.000,9999.000,9999.000,9999.000,9999.000,9999.000,9999.000
202604140348,   1.673,9999.000,9999.000,9999.000,9999.000,9999.000,9999.000,9999.000,9999.000
202604140354,   1.658,9999.000,9999.000,9999.000,9999.000,9999.000,9999.000,9999.000,9999.000
202604140400,   1.649,9999.000,   0.200,  -0.003,   1.846,   0.200,   1.846,   0.300,   1.946
202604140406,   1.646,9999.000,9999.000,9999.000,9999.000,9999.000,9999.000,9999.000,9999.000
202604140412,   1.649,9999.000,9999.000,9999.000,9999.000,9999.000,9999.000,9999.000,9999.000
202604140418,   1.659,9999.000,9999.000,9999.000,9999.000,9999.000,9999.000,9999.000,9999.000
202604140424,   1.676,9999.000,9999.000,9999.000,9999.000,9999.000,9999.000,9999.000,9999.000
202604140430,   1.699,9999.000,9999.000,9999.000,9999.000,9999.000,9999.000,9999.000,9999.000
202604140436,   1.729,9999.000,9999.000,9999.000,9999.000,9999.000,9999.000,9999.000,9999.000
202604140442,   1.765,9999.000,9999.000,9999.000,9999.000,9999.000,9999.000,9999.000,9999.000
202604140448,   1.808,9999.000,9999.000,9999.000,9999.000,9999.000,9999.000,9999.000,9999.000
202604140454,   1.858,9999.000,9999.000,9999.000,9999.000,9999.000,9999.000,9999.000,9999.000
202604140500,   1.913,9999.000,   0.300,  -0.003,   2.210,   0.200,   2.110,   0.300,   2.210
202604140506,   1.975,9999.000,9999.000,9999.000,9999.000,9999.000,9999.000,9999.000,9999.000
202604140512,   2.043,9999.000,9999.000,9999.000,9999.000,9999.000,9999.000,9999.000,9999.000
202604140518,   2.117,9999.000,9999.000,9999.000,9999.000,9999.000,9999.000,9999.000,9999.000
202604140524,   2.197,9999.000,9999.000,9999.000,9999.000,9999.000,9999.000,9999.000,9999.000
202604140530,   2.282,9999.000,9999.000,9999.000,9999.000,9999.000,9999.000,9999.000,9999.000
202604140536,   2.374,9999.000,9999.000,9999.000,9999.000,9999.000,9999.000,9999.000,9999.000
202604140542,   2.470,9999.000,9999.000,9999.000,9999.000,9999.000,9999.000,9999.000,9999.000
202604140548,   2.572,9999.000,9999.000,9999.000,9999.000,9999.000,9999.000,9999.000,9999.000
202604140554,   2.679,9999.000,9999.000,9999.000,9999.000,9999.000,9999.000,9999.000,9999.000
202604140600,   2.790,9999.000,   0.300,  -0.003,   3.087,   0.200,   2.987,   0.300,   3.087
202604140606,   2.906,9999.000,9999.000,9999.000,9999.000,9999.000,9999.000,9999.000,9999.000
202604140612,   3.026,9999.000,9999.000,9999.000,9999.000,9999.000,9999.000,9999.000,9999.000
202604140618,   3.150,9999.000,9999.000,9999.000,9999.000,9999.000,9999.000,9999.000,9999.000
202604140624,   3.278,9999.000,9999.000,9999.000,9999.000,9999.000,9999.000,9999.000,9999.000
202604140630,   3.409,9999.000,9999.000,9999.000,9999.000,9999.000,9999.000,9999.000,9999.000
202604140636,   3.543,9999.000,9999.000,9999.000,9999.000,9999.000,9999.000,9999.000,9999.000
202604140642,   3.681,9999.000,9999.000,9999.000,9999.000,9999.000,9999.000,9999.000,9999.000
202604140648,   3.820,9999.000,9999.000,9999.000,9999.000,9999.000,9999.000,9999.000,9999.000
202604140654,   3.963,9999.000,9999.000,9999.000,9999.000,9999.000,9999.000,9999.000,9999.000
202604140700,   4.107,9999.000,   0.300,  -0.003,   4.404,   0.200,   4.304,   0.300,   4.404
202604140706,   4.253,9999.000,9999.000,9999.000,9999.000,9999.000,9999.000,9999.000,9999.000
202604140712,   4.400,9999.000,9999.000,9999.000,9999.000,9999.000,9999.000,9999.000,9999.000
202604140718,   4.549,9999.000,9999.000,9999.000,9999.000,9999.000,9999.000,9999.000,9999.000
202604140724,   4.698,9999.000,9999.000,9999.000,9999.000,9999.000,9999.000,9999.000,9999.000
202604140730,   4.848,9999.000,9999.000,9999.000,9999.000,9999.000,9999.000,9999.000,9999.000
202604140736,   4.999,9999.000,9999.000,9999.000,9999.000,9999.000,9999.000,9999.000,9999.000
202604140742,   5.149,9999.000,9999.000,9999.000,9999.000,9999.000,9999.000,9999.000,9999.000
202604140748,   5.300,9999.000,9999.000,9999.000,9999.000,9999.000,9999.000,9999.000,9999.000
202604140754,   5.450,9999.000,9999.000,9999.000,9999.000,9999.000,9999.000,9999.000,9999.000
202604140800,   5.599,9999.000,   0.300,  -0.003,   5.896,   0.200,   5.796,   0.300,   5.896
202604140806,   5.747,9999.000,9999.000,9999.000,9999.000,9999.000,9999.000,9999.000,9999.000
202604140812,   5.894,9999.000,9999.000,9999.000,9999.000,9999.000,9999.000,9999.000,9999.000
202604140818,   6.040,9999.000,9999.000,9999.000,9999.000,9999.000,9999.000,9999.000,9999.000
202604140824,   6.184,9999.000,9999.000,9999.000,9999.000,9999.000,9999.000,9999.000,9999.000
202604140830,   6.326,9999.000,9999.000,9999.000,9999.000,9999.000,9999.000,9999.000,9999.000
202604140836,   6.465,9999.000,9999.000,9999.000,9999.000,9999.000,9999.000,9999.000,9999.000
202604140842,   6.603,9999.000,9999.000,9999.000,9999.000,9999.000,9999.000,9999.000,9999.000
202604140848,   6.737,9999.000,9999.000,9999.000,9999.000,9999.000,9999.000,9999.000,9999.000
202604140854,   6.868,9999.000,9999.000,9999.000,9999.000,9999.000,9999.000,9999.000,9999.000
202604140900,   6.996,9999.000,   0.300,  -0.003,   7.293,   0.200,   7.193,   0.300,   7.293
202604140906,   7.120,9999.000,9999.000,9999.000,9999.000,9999.000,9999.000,9999.000,9999.000
202604140912,   7.241,9999.000,9999.000,9999.000,9999.000,9999.000,9999.000,9999.000,9999.000
202604140918,   7.357,9999.000,9999.000,9999.000,9999.000,9999.000,9999.000,9999.000,9999.000
202604140924,   7.469,9999.000,9999.000,9999.000,9999.000,9999.000,9999.000,9999.000,9999.000
202604140930,   7.576,9999.000,9999.000,9999.000,9999.000,9999.000,9999.000,9999.000,9999.000
202604140936,   7.679,9999.000,9999.000,9999.000,9999.000,9999.000,9999.000,9999.000,9999.000
202604140942,   7.776,9999.000,9999.000,9999.000,9999.000,9999.000,9999.000,9999.000,9999.000
202604140948,   7.868,9999.000,9999.000,9999.000,9999.000,9999.000,9999.000,9999.000,9999.000
202604140954,   7.954,9999.000,9999.000,9999.000,9999.000,9999.000,9999.000,9999.000,9999.000
202604141000,   8.034,9999.000,   0.300,  -0.003,   8.331,   0.200,   8.231,   0.300,   8.331
202604141006,   8.108,9999.000,9999.000,9999.000,9999.000,9999.000,9999.000,9999.000,9999.000
202604141012,   8.176,9999.000,9999.000,9999.000,9999.000,9999.000,9999.000,9999.000,9999.000
202604141018,   8.238,9999.000,9999.000,9999.000,9999.000,9999.000,9999.000,9999.000,9999.000
202604141024,   8.293,9999.000,9999.000,9999.000,9999.000,9999.000,9999.000,9999.000,9999.000
202604141030,   8.341,9999.000,9999.000,9999.000,9999.000,9999.000,9999.000,9999.000,9999.000
202604141036,   8.383,9999.000,9999.000,9999.000,9999.000,9999.000,9999.000,9999.000,9999.000
202604141042,   8.417,9999.000,9999.000,9999.000,9999.000,9999.000,9999.000,9999.000,9999.000
202604141048,   8.445,9999.000,9999.000,9999.000,9999.000,9999.000,9999.000,9999.000,9999.000
202604141054,   8.466,9999.000,9999.000,9999.000,9999.000,9999.000,9999.000,9999.000,9999.000
202604141100,   8.480,9999.000,   0.300,  -0.003,   8.777,   0.200,   8.677,   0.300,   8.777
202604141106,   8.488,9999.000,9999.000,9999.000,9999.000,9999.000,9999.000,9999.000,9999.000
202604141112,   8.488,9999.000,9999.000,9999.000,9999.000,9999.000,9999.000,9999.000,9999.000
202604141118,   8.482,9999.000,9999.000,9999.000,9999.000,9999.000,9999.000,9999.000,9999.000
202604141124,   8.468,9999.000,9999.000,9999.000,9999.000,9999.000,9999.000,9999.000,9999.000
202604141130,   8.449,9999.000,9999.000,9999.000,9999.000,9999.000,9999.000,9999.000,9999.000
202604141136,   8.422,9999.000,9999.000,9999.000,9999.000,9999.000,9999.000,9999.000,9999.000
202604141142,   8.390,9999.000,9999.000,9999.000,9999.000,9999.000,9999.000,9999.000,9999.000
202604141148,   8.351,9999.000,9999.000,9999.000,9999.000,9999.000,9999.000,9999.000,9999.000
202604141154,   8.306,9999.000,9999.000,9999.000,9999.000,9999.000,9999.000,9999.000,9999.000
202604141200,   8.255,9999.000,   0.300,  -0.003,   8.552,   0.200,   8.452,   0.400,   8.652
202604141206,   8.198,9999.000,9999.000,9999.000,9999.000,9999.000,9999.000,9999.000,9999.000
202604141212,   8.136,9999.000,9999.000,9999.000,9999.000,9999.000,9999.000,9999.000,9999.000
202604141218,   8.068,9999.000,9999.000,9999.000,9999.000,9999.000,9999.000,9999.000,9999.000
202604141224,   7.996,9999.000,9999.000,9999.000,9999.000,9999.000,9999.000,9999.000,9999.000
202604141230,   7.918,9999.000,9999.000,9999.000,9999.000,9999.000,9999.000,9999.000,9999.000
202604141236,   7.835,9999.000,9999.000,9999.000,9999.000,9999.000,9999.000,9999.000,9999.000
202604141242,   7.747,9999.000,9999.000,9999.000,9999.000,9999.000,9999.000,9999.000,9999.000
202604141248,   7.655,9999.000,9999.000,9999.000,9999.000,9999.000,9999.000,9999.000,9999.000
202604141254,   7.559,9999.000,9999.000,9999.000,9999.000,9999.000,9999.000,9999.000,9999.000
202604141300,   7.459,9999.000,   0.300,  -0.003,   7.756,   0.200,   7.656,   0.400,   7.856
202604141306,   7.355,9999.000,9999.000,9999.000,9999.000,9999.000,9999.000,9999.000,9999.000
202604141312,   7.248,9999.000,9999.000,9999.000,9999.000,9999.000,9999.000,9999.000,9999.000
202604141318,   7.137,9999.000,9999.000,9999.000,9999.000,9999.000,9999.000,9999.000,9999.000
202604141324,   7.023,9999.000,9999.000,9999.000,9999.000,9999.000,9999.000,9999.000,9999.000
202604141330,   6.906,9999.000,9999.000,9999.000,9999.000,9999.000,9999.000,9999.000,9999.000
202604141336,   6.787,9999.000,9999.000,9999.000,9999.000,9999.000,9999.000,9999.000,9999.000
202604141342,   6.666,9999.000,9999.000,9999.000,9999.000,9999.000,9999.000,9999.000,9999.000
202604141348,   6.543,9999.000,9999.000,9999.000,9999.000,9999.000,9999.000,9999.000,9999.000
202604141354,   6.418,9999.000,9999.000,9999.000,9999.000,9999.000,9999.000,9999.000,9999.000
202604141400,   6.291,9999.000,   0.300,  -0.003,   6.588,   0.200,   6.488,   0.400,   6.688
202604141406,   6.164,9999.000,9999.000,9999.000,9999.000,9999.000,9999.000,9999.000,9999.000
202604141412,   6.036,9999.000,9999.000,9999.000,9999.000,9999.000,9999.000,9999.000,9999.000
202604141418,   5.907,9999.000,9999.000,9999.000,9999.000,9999.000,9999.000,9999.000,9999.000
202604141424,   5.779,9999.000,9999.000,9999.000,9999.000,9999.000,9999.000,9999.000,9999.000
202604141430,   5.651,9999.000,9999.000,9999.000,9999.000,9999.000,9999.000,9999.000,9999.000
202604141436,   5.523,9999.000,9999.000,9999.000,9999.000,9999.000,9999.000,9999.000,9999.000
202604141442,   5.397,9999.000,9999.000,9999.000,9999.000,9999.000,9999.000,9999.000,9999.000
202604141448,   5.272,9999.000,9999.000,9999.000,9999.000,9999.000,9999.000,9999.000,9999.000
202604141454,   5.148,9999.000,9999.000,9999.000,9999.000,9999.000,9999.000,9999.000,9999.000
202604141500,   5.027,9999.000,   0.300,  -0.003,   5.324,   0.200,   5.224,   0.400,   5.424
202604141506,   4.907,9999.000,9999.000,9999.000,9999.000,9999.000,9999.000,9999.000,9999.000
202604141512,   4.791,9999.000,9999.000,9999.000,9999.000,9999.000,9999.000,9999.000,9999.000
202604141518,   4.677,9999.000,9999.000,9999.000,9999.000,9999.000,9999.000,9999.000,9999.000
202604141524,   4.567,9999.000,9999.000,9999.000,9999.000,9999.000,9999.000,9999.000,9999.000
202604141530,   4.460,9999.000,9999.000,9999.000,9999.000,9999.000,9999.000,9999.000,9999.000
202604141536,   4.357,9999.000,9999.000,9999.000,9999.000,9999.000,9999.000,9999.000,9999.000
202604141542,   4.258,9999.000,9999.000,9999.000,9999.000,9999.000,9999.000,9999.000,9999.000
202604141548,   4.164,9999.000,9999.000,9999.000,9999.000,9999.000,9999.000,9999.000,9999.000
202604141554,   4.073,9999.000,9999.000,9999.000,9999.000,9999.000,9999.000,9999.000,9999.000
202604141600,   3.988,9999.000,   0.400,  -0.003,   4.385,   0.300,   4.285,   0.500,   4.485
202604141606,   3.908,9999.000,9999.000,9999.000,9999.000,9999.000,9999.000,9999.000,9999.000
202604141612,   3.833,9999.000,9999.000,9999.000,9999.000,9999.000,9999.000,9999.000,9999.000
202604141618,   3.763,9999.000,9999.000,9999.000,9999.000,9999.000,9999.000,9999.000,9999.000
202604141624,   3.698,9999.000,9999.000,9999.000,9999.000,9999.000,9999.000,9999.000,9999.000
202604141630,   3.639,9999.000,9999.000,9999.000,9999.000,9999.000,9999.000,9999.000,9999.000
202604141636,   3.586,9999.000,9999.000,9999.000,9999.000,9999.000,9999.000,9999.000,9999.000
202604141642,   3.538,9999.000,9999.000,9999.000,9999.000,9999.000,9999.000,9999.000,9999.000
202604141648,   3.496,9999.000,9999.000,9999.000,9999.000,9999.000,9999.000,9999.000,9999.000
202604141654,   3.461,9999.000,9999.000,9999.000,9999.000,9999.000,9999.000,9999.000,9999.000
202604141700,   3.431,9999.000,   0.500,  -0.003,   3.928,   0.300,   3.728,   0.600,   4.028
202604141706,   3.407,9999.000,9999.000,9999.000,9999.000,9999.000,9999.000,9999.000,9999.000
202604141712,   3.389,9999.000,9999.000,9999.000,9999.000,9999.000,9999.000,9999.000,9999.000
202604141718,   3.377,9999.000,9999.000,9999.000,9999.000,9999.000,9999.000,9999.000,9999.000
202604141724,   3.370,9999.000,9999.000,9999.000,9999.000,9999.000,9999.000,9999.000,9999.000
202604141730,   3.370,9999.000,9999.000,9999.000,9999.000,9999.000,9999.000,9999.000,9999.000
202604141736,   3.375,9999.000,9999.000,9999.000,9999.000,9999.000,9999.000,9999.000,9999.000
202604141742,   3.387,9999.000,9999.000,9999.000,9999.000,9999.000,9999.000,9999.000,9999.000
202604141748,   3.403,9999.000,9999.000,9999.000,9999.000,9999.000,9999.000,9999.000,9999.000
202604141754,   3.426,9999.000,9999.000,9999.000,9999.000,9999.000,9999.000,9999.000,9999.000
202604141800,   3.453,9999.000,   0.400,  -0.003,   3.850,   0.300,   3.750,   0.600,   4.050
