        TIME,    TIDE,      OB,   SURGE,    BIAS,     TWL,SURGE90p,  TWL90p,SURGE10p,   TWL10p
202603011800,   0.380,   0.708,   0.200,   0.128,   0.708,   0.200,   0.708,   0.200,   0.708
202603011806,   0.407,9999.000,9999.000,9999.000,9999.000,9999.000,9999.000,9999.000,9999.000
202603011812,   0.433,   0.839,9999.000,9999.000,9999.000,9999.000,9999.000,9999.000,9999.000
202603011818,   0.459,9999.000,9999.000,9999.000,9999.000,9999.000,9999.000,9999.000,9999.000
202603011824,   0.486,   0.888,9999.000,9999.000,9999.000,9999.000,9999.000,9999.000,9999.000
202603011830,   0.512,9999.000,9999.000,9999.000,9999.000,9999.000,9999.000,9999.000,9999.000
202603011836,   0.537,   0.941,9999.000,9999.000,9999.000,9999.000,9999.000,9999.000,9999.000
202603011842,   0.563,9999.000,9999.000,9999.000,9999.000,9999.000,9999.000,9999.000,9999.000
202603011848,   0.588,   1.020,9999.000,9999.000,9999.000,9999.000,9999.000,9999.000,9999.000
202603011854,   0.613,9999.000,9999.000,9999.000,9999.000,9999.000,9999.000,9999.000,9999.000
202603011900,   0.638,   1.098,   0.200,   0.260,   1.098,   0.200,   1.098,   0.200,   1.098
202603011906,   0.662,   1.118,9999.000,9999.000,9999.000,9999.000,9999.000,9999.000,9999.000
202603011912,   0.686,   1.151,9999.000,9999.000,9999.000,9999.000,9999.000,9999.000,9999.000
202603011918,   0.709,   1.190,9999.000,9999.000,9999.000,9999.000,9999.000,9999.000,9999.000
202603011924,   0.732,   1.220,9999.000,9999.000,9999.000,9999.000,9999.000,9999.000,9999.000
202603011930,   0.754,   1.239,9999.000,9999.000,9999.000,9999.000,9999.000,9999.000,9999.000
202603011936,   0.776,   1.279,9999.000,9999.000,9999.000,9999.000,9999.000,9999.000,9999.000
202603011942,   0.797,   1.279,9999.000,9999.000,9999.000,9999.000,9999.000,9999.000,9999.000
202603011948,   0.818,9999.000,9999.000,9999.000,9999.000,9999.000,9999.000,9999.000,9999.000
202603011954,   0.837,   1.318,9999.000,9999.000,9999.000,9999.000,9999.000,9999.000,9999.000
202603012000,   0.857,   1.338,   0.200,   0.281,   1.338,   0.200,   1.338,   0.200,   1.338
202603012006,   0.875,   1.348,9999.000,9999.000,9999.000,9999.000,9999.000,9999.000,9999.000
202603012012,   0.893,   1.361,9999.000,9999.000,9999.000,9999.000,9999.000,9999.000,9999.000
202603012018,   0.911,   1.380,9999.000,9999.000,9999.000,9999.000,9999.000,9999.000,9999.000
202603012024,   0.927,   1.410,9999.000,9999.000,9999.000,9999.000,9999.000,9999.000,9999.000
202603012030,   0.943,   1.410,9999.000,9999.000,9999.000,9999.000,9999.000,9999.000,9999.000
202603012036,   0.958,   1.439,9999.000,9999.000,9999.000,9999.000,9999.000,9999.000,9999.000
202603012042,   0.972,   1.449,9999.000,9999.000,9999.000,9999.000,9999.000,9999.000,9999.000
202603012048,   0.986,   1.459,9999.000,9999.000,9999.000,9999.000,9999.000,9999.000,9999.000
202603012054,   0.999,   1.459,9999.000,9999.000,9999.000,9999.000,9999.000,9999.000,9999.000
202603012100,   1.011,   1.469,   0.200,   0.258,   1.469,   0.200,   1.469,   0.200,   1.469
202603012106,   1.022,   1.479,9999.000,9999.000,9999.000,9999.000,9999.000,9999.000,9999.000
202603012112,   1.033,   1.498,9999.000,9999.000,9999.000,9999.000,9999.000,9999.000,9999.000
202603012118,   1.043,   1.518,9999.000,9999.000,9999.000,9999.000,9999.000,9999.000,9999.000
202603012124,   1.053,   1.508,9999.000,9999.000,9999.000,9999.000,9999.000,9999.000,9999.000
202603012130,   1.061,   1.518,9999.000,9999.000,9999.000,9999.000,9999.000,9999.000,9999.000
202603012136,   1.069,   1.538,9999.000,9999.000,9999.000,9999.000,9999.000,9999.000,9999.000
202603012142,   1.077,   1.571,9999.000,9999.000,9999.000,9999.000,9999.000,9999.000,9999.000
202603012148,   1.083,   1.600,9999.000,9999.000,9999.000,9999.000,9999.000,9999.000,9999.000
202603012154,   1.090,   1.600,9999.000,9999.000,9999.000,9999.000,9999.000,9999.000,9999.000
202603012200,   1.095,   1.600,   0.200,   0.305,   1.600,   0.200,   1.600,   0.200,   1.600
202603012206,   1.100,   1.620,9999.000,9999.000,9999.000,9999.000,9999.000,9999.000,9999.000
202603012212,   1.105,   1.649,9999.000,9999.000,9999.000,9999.000,9999.000,9999.000,9999.000
202603012218,   1.109,   1.669,9999.000,9999.000,9999.000,9999.000,9999.000,9999.000,9999.000
202603012224,   1.113,   1.669,9999.000,9999.000,9999.000,9999.000,9999.000,9999.000,9999.000
202603012230,   1.116,   1.669,9999.000,9999.000,9999.000,9999.000,9999.000,9999.000,9999.000
202603012236,   1.118,   1.659,9999.000,9999.000,9999.000,9999.000,9999.000,9999.000,9999.000
202603012242,   1.121,   1.679,9999.000,9999.000,9999.000,9999.000,9999.000,9999.000,9999.000
202603012248,   1.122,   1.699,9999.000,9999.000,9999.000,9999.000,9999.000,9999.000,9999.000
202603012254,   1.124,   1.718,9999.000,9999.000,9999.000,9999.000,9999.000,9999.000,9999.000
202603012300,   1.125,   1.718,   0.300,   0.293,   1.718,   0.200,   1.618,   0.300,   1.718
202603012306,   1.125,   1.718,9999.000,9999.000,9999.000,9999.000,9999.000,9999.000,9999.000
202603012312,   1.125,   1.708,9999.000,9999.000,9999.000,9999.000,9999.000,9999.000,9999.000
202603012318,   1.125,   1.708,9999.000,9999.000,9999.000,9999.000,9999.000,9999.000,9999.000
202603012324,   1.125,   1.708,9999.000,9999.000,9999.000,9999.000,9999.000,9999.000,9999.000
202603012330,   1.124,   1.708,9999.000,9999.000,9999.000,9999.000,9999.000,9999.000,9999.000
202603012336,   1.122,   1.708,9999.000,9999.000,9999.000,9999.000,9999.000,9999.000,9999.000
202603012342,   1.121,   1.708,9999.000,9999.000,9999.000,9999.000,9999.000,9999.000,9999.000
202603012348,   1.119,   1.728,9999.000,9999.000,9999.000,9999.000,9999.000,9999.000,9999.000
202603012354,   1.116,   1.699,9999.000,9999.000,9999.000,9999.000,9999.000,9999.000,9999.000
202603020000,   1.114,   1.728,   0.400,   0.214,   1.728,   0.400,   1.728,   0.400,   1.728
202603020006,   1.110,   1.718,9999.000,9999.000,9999.000,9999.000,9999.000,9999.000,9999.000
202603020012,   1.107,   1.689,9999.000,9999.000,9999.000,9999.000,9999.000,9999.000,9999.000
202603020018,   1.103,   1.689,9999.000,9999.000,9999.000,9999.000,9999.000,9999.000,9999.000
202603020024,   1.099,   1.689,9999.000,9999.000,9999.000,9999.000,9999.000,9999.000,9999.000
202603020030,   1.095,   1.699,9999.000,9999.000,9999.000,9999.000,9999.000,9999.000,9999.000
202603020036,   1.091,   1.708,9999.000,9999.000,9999.000,9999.000,9999.000,9999.000,9999.000
202603020042,   1.086,   1.699,9999.000,9999.000,9999.000,9999.000,9999.000,9999.000,9999.000
202603020048,   1.081,   1.689,9999.000,9999.000,9999.000,9999.000,9999.000,9999.000,9999.000
202603020054,   1.075,   1.679,9999.000,9999.000,9999.000,9999.000,9999.000,9999.000,9999.000
202603020100,   1.070,   1.669,   0.400,   0.199,   1.669,   0.400,   1.669,   0.400,   1.669
202603020106,   1.065,   1.679,9999.000,9999.000,9999.000,9999.000,9999.000,9999.000,9999.000
202603020112,   1.059,   1.689,9999.000,9999.000,9999.000,9999.000,9999.000,9999.000,9999.000
202603020118,   1.053,   1.689,9999.000,9999.000,9999.000,9999.000,9999.000,9999.000,9999.000
202603020124,   1.047,   1.699,9999.000,9999.000,9999.000,9999.000,9999.000,9999.000,9999.000
202603020130,   1.042,   1.689,9999.000,9999.000,9999.000,9999.000,9999.000,9999.000,9999.000
202603020136,   1.036,   1.689,9999.000,9999.000,9999.000,9999.000,9999.000,9999.000,9999.000
202603020142,   1.030,   1.679,9999.000,9999.000,9999.000,9999.000,9999.000,9999.000,9999.000
202603020148,   1.025,   1.659,9999.000,9999.000,9999.000,9999.000,9999.000,9999.000,9999.000
202603020154,   1.019,   1.649,9999.000,9999.000,9999.000,9999.000,9999.000,9999.000,9999.000
202603020200,   1.014,   1.649,   0.400,   0.235,   1.649,   0.400,   1.649,   0.400,   1.649
202603020206,   1.009,   1.669,9999.000,9999.000,9999.000,9999.000,9999.000,9999.000,9999.000
202603020212,   1.004,   1.689,9999.000,9999.000,9999.000,9999.000,9999.000,9999.000,9999.000
202603020218,   1.000,   1.699,9999.000,9999.000,9999.000,9999.000,9999.000,9999.000,9999.000
202603020224,   0.995,   1.689,9999.000,9999.000,9999.000,9999.000,9999.000,9999.000,9999.000
202603020230,   0.992,   1.679,9999.000,9999.000,9999.000,9999.000,9999.000,9999.000,9999.000
202603020236,   0.988,   1.669,9999.000,9999.000,9999.000,9999.000,9999.000,9999.000,9999.000
202603020242,   0.985,   1.659,9999.000,9999.000,9999.000,9999.000,9999.000,9999.000,9999.000
202603020248,   0.982,   1.669,9999.000,9999.000,9999.000,9999.000,9999.000,9999.000,9999.000
202603020254,   0.979,   1.659,9999.000,9999.000,9999.000,9999.000,9999.000,9999.000,9999.000
202603020300,   0.977,   1.659,   0.400,   0.282,   1.659,   0.400,   1.659,   0.400,   1.659
202603020306,   0.976,   1.639,9999.000,9999.000,9999.000,9999.000,9999.000,9999.000,9999.000
202603020312,   0.974,   1.639,9999.000,9999.000,9999.000,9999.000,9999.000,9999.000,9999.000
202603020318,   0.974,   1.639,9999.000,9999.000,9999.000,9999.000,9999.000,9999.000,9999.000
202603020324,   0.973,   1.649,9999.000,9999.000,9999.000,9999.000,9999.000,9999.000,9999.000
202603020330,   0.973,   1.669,9999.000,9999.000,9999.000,9999.000,9999.000,9999.000,9999.000
202603020336,   0.973,   1.679,9999.000,9999.000,9999.000,9999.000,9999.000,9999.000,9999.000
202603020342,   0.974,   1.689,9999.000,9999.000,9999.000,9999.000,9999.000,9999.000,9999.000
202603020348,   0.974,   1.699,9999.000,9999.000,9999.000,9999.000,9999.000,9999.000,9999.000
202603020354,   0.975,   1.699,9999.000,9999.000,9999.000,9999.000,9999.000,9999.000,9999.000
202603020400,   0.977,   1.699,   0.400,   0.322,   1.699,   0.400,   1.699,   0.400,   1.699
202603020406,   0.978,   1.689,9999.000,9999.000,9999.000,9999.000,9999.000,9999.000,9999.000
202603020412,   0.980,   1.689,9999.000,9999.000,9999.000,9999.000,9999.000,9999.000,9999.000
202603020418,   0.982,   1.689,9999.000,9999.000,9999.000,9999.000,9999.000,9999.000,9999.000
202603020424,   0.985,   1.699,9999.000,9999.000,9999.000,9999.000,9999.000,9999.000,9999.000
202603020430,   0.987,   1.689,9999.000,9999.000,9999.000,9999.000,9999.000,9999.000,9999.000
202603020436,   0.989,   1.689,9999.000,9999.000,9999.000,9999.000,9999.000,9999.000,9999.000
202603020442,   0.992,   1.699,9999.000,9999.000,9999.000,9999.000,9999.000,9999.000,9999.000
202603020448,   0.994,   1.708,9999.000,9999.000,9999.000,9999.000,9999.000,9999.000,9999.000
202603020454,   0.997,   1.708,9999.000,9999.000,9999.000,9999.000,9999.000,9999.000,9999.000
202603020500,   1.000,   1.728,   0.400,   0.328,   1.728,   0.400,   1.728,   0.400,   1.728
202603020506,   1.002,   1.728,9999.000,9999.000,9999.000,9999.000,9999.000,9999.000,9999.000
202603020512,   1.005,   1.738,9999.000,9999.000,9999.000,9999.000,9999.000,9999.000,9999.000
202603020518,   1.008,   1.728,9999.000,9999.000,9999.000,9999.000,9999.000,9999.000,9999.000
202603020524,   1.010,   1.718,9999.000,9999.000,9999.000,9999.000,9999.000,9999.000,9999.000
202603020530,   1.012,   1.718,9999.000,9999.000,9999.000,9999.000,9999.000,9999.000,9999.000
202603020536,   1.015,   1.728,9999.000,9999.000,9999.000,9999.000,9999.000,9999.000,9999.000
202603020542,   1.017,   1.738,9999.000,9999.000,9999.000,9999.000,9999.000,9999.000,9999.000
202603020548,   1.019,   1.738,9999.000,9999.000,9999.000,9999.000,9999.000,9999.000,9999.000
202603020554,   1.021,   1.738,9999.000,9999.000,9999.000,9999.000,9999.000,9999.000,9999.000
202603020600,   1.022,   1.748,   0.600,   0.126,   1.748,   0.600,   1.748,   0.600,   1.748
202603020606,   1.024,   1.748,9999.000,9999.000,9999.000,9999.000,9999.000,9999.000,9999.000
202603020612,   1.025,   1.748,9999.000,9999.000,9999.000,9999.000,9999.000,9999.000,9999.000
202603020618,   1.026,   1.748,9999.000,9999.000,9999.000,9999.000,9999.000,9999.000,9999.000
202603020624,   1.026,   1.738,9999.000,9999.000,9999.000,9999.000,9999.000,9999.000,9999.000
202603020630,   1.027,   1.738,9999.000,9999.000,9999.000,9999.000,9999.000,9999.000,9999.000
202603020636,   1.026,   1.738,9999.000,9999.000,9999.000,9999.000,9999.000,9999.000,9999.000
202603020642,   1.026,   1.748,9999.000,9999.000,9999.000,9999.000,9999.000,9999.000,9999.000
202603020648,   1.025,   1.758,9999.000,9999.000,9999.000,9999.000,9999.000,9999.000,9999.000
202603020654,   1.024,   1.758,9999.000,9999.000,9999.000,9999.000,9999.000,9999.000,9999.000
202603020700,   1.022,   1.758,   0.600,   0.136,   1.758,   0.600,   1.758,   0.600,   1.758
202603020706,   1.020,   1.748,9999.000,9999.000,9999.000,9999.000,9999.000,9999.000,9999.000
202603020712,   1.017,   1.748,9999.000,9999.000,9999.000,9999.000,9999.000,9999.000,9999.000
202603020718,   1.014,   1.738,9999.000,9999.000,9999.000,9999.000,9999.000,9999.000,9999.000
202603020724,   1.010,   1.738,9999.000,9999.000,9999.000,9999.000,9999.000,9999.000,9999.000
202603020730,   1.005,   1.728,9999.000,9999.000,9999.000,9999.000,9999.000,9999.000,9999.000
202603020736,   1.000,   1.718,9999.000,9999.000,9999.000,9999.000,9999.000,9999.000,9999.000
202603020742,   0.994,   1.718,9999.000,9999.000,9999.000,9999.000,9999.000,9999.000,9999.000
202603020748,   0.987,   1.728,9999.000,9999.000,9999.000,9999.000,9999.000,9999.000,9999.000
202603020754,   0.979,   1.728,9999.000,9999.000,9999.000,9999.000,9999.000,9999.000,9999.000
202603020800,   0.971,   1.708,   0.600,   0.137,   1.708,   0.600,   1.708,   0.600,   1.708
202603020806,   0.962,   1.689,9999.000,9999.000,9999.000,9999.000,9999.000,9999.000,9999.000
202603020812,   0.952,   1.679,9999.000,9999.000,9999.000,9999.000,9999.000,9999.000,9999.000
202603020818,   0.941,   1.679,9999.000,9999.000,9999.000,9999.000,9999.000,9999.000,9999.000
202603020824,   0.929,   1.689,9999.000,9999.000,9999.000,9999.000,9999.000,9999.000,9999.000
202603020830,   0.917,   1.689,9999.000,9999.000,9999.000,9999.000,9999.000,9999.000,9999.000
202603020836,   0.903,   1.659,9999.000,9999.000,9999.000,9999.000,9999.000,9999.000,9999.000
202603020842,   0.889,   1.639,9999.000,9999.000,9999.000,9999.000,9999.000,9999.000,9999.000
202603020848,   0.874,   1.610,9999.000,9999.000,9999.000,9999.000,9999.000,9999.000,9999.000
202603020854,   0.857,   1.590,9999.000,9999.000,9999.000,9999.000,9999.000,9999.000,9999.000
202603020900,   0.841,   1.571,   0.600,   0.130,   1.571,   0.600,   1.571,   0.600,   1.571
202603020906,   0.823,   1.557,9999.000,9999.000,9999.000,9999.000,9999.000,9999.000,9999.000
202603020912,   0.804,   1.538,9999.000,9999.000,9999.000,9999.000,9999.000,9999.000,9999.000
202603020918,   0.785,   1.518,9999.000,9999.000,9999.000,9999.000,9999.000,9999.000,9999.000
202603020924,   0.765,   1.508,9999.000,9999.000,9999.000,9999.000,9999.000,9999.000,9999.000
202603020930,   0.745,   1.489,9999.000,9999.000,9999.000,9999.000,9999.000,9999.000,9999.000
202603020936,   0.723,   1.459,9999.000,9999.000,9999.000,9999.000,9999.000,9999.000,9999.000
202603020942,   0.702,   1.420,9999.000,9999.000,9999.000,9999.000,9999.000,9999.000,9999.000
202603020948,   0.679,   1.390,9999.000,9999.000,9999.000,9999.000,9999.000,9999.000,9999.000
202603020954,   0.657,   1.361,9999.000,9999.000,9999.000,9999.000,9999.000,9999.000,9999.000
202603021000,   0.633,   1.361,   0.600,   0.128,   1.361,   0.600,   1.361,   0.600,   1.361
202603021006,   0.610,   1.348,9999.000,9999.000,9999.000,9999.000,9999.000,9999.000,9999.000
202603021012,   0.586,   1.308,9999.000,9999.000,9999.000,9999.000,9999.000,9999.000,9999.000
202603021018,   0.562,   1.289,9999.000,9999.000,9999.000,9999.000,9999.000,9999.000,9999.000
202603021024,   0.537,   1.259,9999.000,9999.000,9999.000,9999.000,9999.000,9999.000,9999.000
202603021030,   0.513,   1.229,9999.000,9999.000,9999.000,9999.000,9999.000,9999.000,9999.000
202603021036,   0.488,   1.210,9999.000,9999.000,9999.000,9999.000,9999.000,9999.000,9999.000
202603021042,   0.463,   1.180,9999.000,9999.000,9999.000,9999.000,9999.000,9999.000,9999.000
202603021048,   0.439,   1.161,9999.000,9999.000,9999.000,9999.000,9999.000,9999.000,9999.000
202603021054,   0.414,   1.138,9999.000,9999.000,9999.000,9999.000,9999.000,9999.000,9999.000
202603021100,   0.389,   1.108,   0.600,   0.119,   1.108,   0.600,   1.108,   0.600,   1.108
202603021106,   0.365,   1.079,9999.000,9999.000,9999.000,9999.000,9999.000,9999.000,9999.000
202603021112,   0.340,   1.049,9999.000,9999.000,9999.000,9999.000,9999.000,9999.000,9999.000
202603021118,   0.316,   1.029,9999.000,9999.000,9999.000,9999.000,9999.000,9999.000,9999.000
202603021124,   0.292,   0.980,9999.000,9999.000,9999.000,9999.000,9999.000,9999.000,9999.000
202603021130,   0.269,   0.970,9999.000,9999.000,9999.000,9999.000,9999.000,9999.000,9999.000
202603021136,   0.245,   0.951,9999.000,9999.000,9999.000,9999.000,9999.000,9999.000,9999.000
202603021142,   0.222,   0.928,9999.000,9999.000,9999.000,9999.000,9999.000,9999.000,9999.000
202603021148,   0.199,   0.888,9999.000,9999.000,9999.000,9999.000,9999.000,9999.000,9999.000
202603021154,   0.177,   0.849,9999.000,9999.000,9999.000,9999.000,9999.000,9999.000,9999.000
202603021200,   0.155,   0.839,   0.700,  -0.016,   0.839,   0.600,   0.739,   0.700,   0.839
202603021206,   0.133,   0.810,9999.000,9999.000,9999.000,9999.000,9999.000,9999.000,9999.000
202603021212,   0.112,   0.790,9999.000,9999.000,9999.000,9999.000,9999.000,9999.000,9999.000
202603021218,   0.091,   0.760,9999.000,9999.000,9999.000,9999.000,9999.000,9999.000,9999.000
202603021224,   0.071,   0.741,9999.000,9999.000,9999.000,9999.000,9999.000,9999.000,9999.000
202603021230,   0.051,   0.731,9999.000,9999.000,9999.000,9999.000,9999.000,9999.000,9999.000
202603021236,   0.032,   0.688,9999.000,9999.000,9999.000,9999.000,9999.000,9999.000,9999.000
202603021242,   0.013,   0.678,9999.000,9999.000,9999.000,9999.000,9999.000,9999.000,9999.000
202603021248,  -0.004,   0.649,9999.000,9999.000,9999.000,9999.000,9999.000,9999.000,9999.000
202603021254,  -0.022,   0.619,9999.000,9999.000,9999.000,9999.000,9999.000,9999.000,9999.000
202603021300,  -0.039,   0.600,   0.600,   0.039,   0.600,   0.600,   0.600,   0.700,   0.700
202603021306,  -0.055,   0.580,9999.000,9999.000,9999.000,9999.000,9999.000,9999.000,9999.000
202603021312,  -0.070,   0.560,9999.000,9999.000,9999.000,9999.000,9999.000,9999.000,9999.000
202603021318,  -0.085,   0.551,9999.000,9999.000,9999.000,9999.000,9999.000,9999.000,9999.000
202603021324,  -0.099,   0.518,9999.000,9999.000,9999.000,9999.000,9999.000,9999.000,9999.000
202603021330,  -0.113,   0.498,9999.000,9999.000,9999.000,9999.000,9999.000,9999.000,9999.000
202603021336,  -0.125,   0.488,9999.000,9999.000,9999.000,9999.000,9999.000,9999.000,9999.000
202603021342,  -0.137,   0.488,9999.000,9999.000,9999.000,9999.000,9999.000,9999.000,9999.000
202603021348,  -0.147,   0.469,9999.000,9999.000,9999.000,9999.000,9999.000,9999.000,9999.000
202603021354,  -0.157,   0.459,9999.000,9999.000,9999.000,9999.000,9999.000,9999.000,9999.000
202603021400,  -0.166,   0.429,   0.700,  -0.105,   0.429,   0.600,   0.329,   0.700,   0.429
202603021406,  -0.173,   0.419,9999.000,9999.000,9999.000,9999.000,9999.000,9999.000,9999.000
202603021412,  -0.180,   0.409,9999.000,9999.000,9999.000,9999.000,9999.000,9999.000,9999.000
202603021418,  -0.186,   0.390,9999.000,9999.000,9999.000,9999.000,9999.000,9999.000,9999.000
202603021424,  -0.190,   0.390,9999.000,9999.000,9999.000,9999.000,9999.000,9999.000,9999.000
202603021430,  -0.194,   0.390,9999.000,9999.000,9999.000,9999.000,9999.000,9999.000,9999.000
202603021436,  -0.196,   0.370,9999.000,9999.000,9999.000,9999.000,9999.000,9999.000,9999.000
202603021442,  -0.197,   0.380,9999.000,9999.000,9999.000,9999.000,9999.000,9999.000,9999.000
202603021448,  -0.197,   0.380,9999.000,9999.000,9999.000,9999.000,9999.000,9999.000,9999.000
202603021454,  -0.196,   0.370,9999.000,9999.000,9999.000,9999.000,9999.000,9999.000,9999.000
202603021500,  -0.194,   0.350,   0.700,  -0.156,   0.350,   0.600,   0.250,   0.700,   0.350
202603021506,  -0.191,   0.360,9999.000,9999.000,9999.000,9999.000,9999.000,9999.000,9999.000
202603021512,  -0.186,   0.370,9999.000,9999.000,9999.000,9999.000,9999.000,9999.000,9999.000
202603021518,  -0.180,   0.350,9999.000,9999.000,9999.000,9999.000,9999.000,9999.000,9999.000
202603021524,  -0.174,   0.390,9999.000,9999.000,9999.000,9999.000,9999.000,9999.000,9999.000
202603021530,  -0.166,   0.360,9999.000,9999.000,9999.000,9999.000,9999.000,9999.000,9999.000
202603021536,  -0.157,   0.360,9999.000,9999.000,9999.000,9999.000,9999.000,9999.000,9999.000
202603021542,  -0.147,   0.380,9999.000,9999.000,9999.000,9999.000,9999.000,9999.000,9999.000
202603021548,  -0.137,   0.380,9999.000,9999.000,9999.000,9999.000,9999.000,9999.000,9999.000
202603021554,  -0.125,   0.380,9999.000,9999.000,9999.000,9999.000,9999.000,9999.000,9999.000
202603021600,  -0.113,   0.419,   0.600,  -0.068,   0.419,   0.600,   0.419,   0.600,   0.419
202603021606,  -0.099,   0.419,9999.000,9999.000,9999.000,9999.000,9999.000,9999.000,9999.000
202603021612,  -0.085,   0.439,9999.000,9999.000,9999.000,9999.000,9999.000,9999.000,9999.000
202603021618,  -0.070,   0.449,9999.000,9999.000,9999.000,9999.000,9999.000,9999.000,9999.000
202603021624,  -0.054,   0.449,9999.000,9999.000,9999.000,9999.000,9999.000,9999.000,9999.000
202603021630,  -0.038,   0.469,9999.000,9999.000,9999.000,9999.000,9999.000,9999.000,9999.000
202603021636,  -0.021,   0.478,9999.000,9999.000,9999.000,9999.000,9999.000,9999.000,9999.000
202603021642,  -0.003,   0.508,9999.000,9999.000,9999.000,9999.000,9999.000,9999.000,9999.000
202603021648,   0.014,   0.531,9999.000,9999.000,9999.000,9999.000,9999.000,9999.000,9999.000
202603021654,   0.033,   0.560,9999.000,9999.000,9999.000,9999.000,9999.000,9999.000,9999.000
202603021700,   0.052,   0.580,   0.600,  -0.072,   0.580,   0.600,   0.580,   0.600,   0.580
202603021706,   0.071,   0.600,9999.000,9999.000,9999.000,9999.000,9999.000,9999.000,9999.000
202603021712,   0.091,9999.000,9999.000,9999.000,9999.000,9999.000,9999.000,9999.000,9999.000
202603021718,   0.112,   0.639,9999.000,9999.000,9999.000,9999.000,9999.000,9999.000,9999.000
202603021724,   0.133,   0.669,9999.000,9999.000,9999.000,9999.000,9999.000,9999.000,9999.000
202603021730,   0.154,   0.688,9999.000,9999.000,9999.000,9999.000,9999.000,9999.000,9999.000
202603021736,   0.175,   0.708,9999.000,9999.000,9999.000,9999.000,9999.000,9999.000,9999.000
202603021742,   0.197,   0.751,9999.000,9999.000,9999.000,9999.000,9999.000,9999.000,9999.000
202603021748,   0.219,   0.770,9999.000,9999.000,9999.000,9999.000,9999.000,9999.000,9999.000
202603021754,   0.241,   0.800,9999.000,9999.000,9999.000,9999.000,9999.000,9999.000,9999.000
202603021800,   0.263,   0.849,   0.600,  -0.014,   0.849,   0.600,   0.849,   0.600,   0.849
202603021806,   0.286,   0.879,9999.000,9999.000,9999.000,9999.000,9999.000,9999.000,9999.000
202603021812,   0.309,   0.908,9999.000,9999.000,9999.000,9999.000,9999.000,9999.000,9999.000
202603021818,   0.332,   0.941,9999.000,9999.000,9999.000,9999.000,9999.000,9999.000,9999.000
202603021824,   0.354,   0.970,9999.000,9999.000,9999.000,9999.000,9999.000,9999.000,9999.000
202603021830,   0.378,   0.980,9999.000,9999.000,9999.000,9999.000,9999.000,9999.000,9999.000
202603021836,   0.401,   0.990,9999.000,9999.000,9999.000,9999.000,9999.000,9999.000,9999.000
202603021842,   0.424,   1.010,9999.000,9999.000,9999.000,9999.000,9999.000,9999.000,9999.000
202603021848,   0.447,   1.029,9999.000,9999.000,9999.000,9999.000,9999.000,9999.000,9999.000
202603021854,   0.470,   1.039,9999.000,9999.000,9999.000,9999.000,9999.000,9999.000,9999.000
202603021900,   0.493,   1.059,   0.600,  -0.034,   1.059,   0.600,   1.059,   0.600,   1.059
202603021906,   0.516,   1.098,9999.000,9999.000,9999.000,9999.000,9999.000,9999.000,9999.000
202603021912,   0.538,   1.118,9999.000,9999.000,9999.000,9999.000,9999.000,9999.000,9999.000
202603021918,   0.561,   1.151,9999.000,9999.000,9999.000,9999.000,9999.000,9999.000,9999.000
202603021924,   0.583,   1.180,9999.000,9999.000,9999.000,9999.000,9999.000,9999.000,9999.000
202603021930,   0.605,   1.229,9999.000,9999.000,9999.000,9999.000,9999.000,9999.000,9999.000
202603021936,   0.626,   1.259,9999.000,9999.000,9999.000,9999.000,9999.000,9999.000,9999.000
202603021942,   0.647,   1.289,9999.000,9999.000,9999.000,9999.000,9999.000,9999.000,9999.000
202603021948,   0.668,   1.318,9999.000,9999.000,9999.000,9999.000,9999.000,9999.000,9999.000
202603021954,   0.688,   1.318,9999.000,9999.000,9999.000,9999.000,9999.000,9999.000,9999.000
202603022000,   0.708,   1.338,   0.600,   0.030,   1.338,   0.600,   1.338,   0.600,   1.338
202603022006,   0.727,   1.361,9999.000,9999.000,9999.000,9999.000,9999.000,9999.000,9999.000
202603022012,   0.745,   1.371,9999.000,9999.000,9999.000,9999.000,9999.000,9999.000,9999.000
202603022018,   0.763,   1.400,9999.000,9999.000,9999.000,9999.000,9999.000,9999.000,9999.000
202603022024,   0.780,   1.400,9999.000,9999.000,9999.000,9999.000,9999.000,9999.000,9999.000
202603022030,   0.797,   1.410,9999.000,9999.000,9999.000,9999.000,9999.000,9999.000,9999.000
202603022036,   0.812,   1.430,9999.000,9999.000,9999.000,9999.000,9999.000,9999.000,9999.000
202603022042,   0.827,   1.439,9999.000,9999.000,9999.000,9999.000,9999.000,9999.000,9999.000
202603022048,   0.841,   1.469,9999.000,9999.000,9999.000,9999.000,9999.000,9999.000,9999.000
202603022054,   0.854,   1.479,9999.000,9999.000,9999.000,9999.000,9999.000,9999.000,9999.000
202603022100,   0.867,   1.498,   0.600,   0.031,   1.498,   0.600,   1.498,   0.600,   1.498
202603022106,   0.878,   1.518,9999.000,9999.000,9999.000,9999.000,9999.000,9999.000,9999.000
202603022112,   0.889,   1.518,9999.000,9999.000,9999.000,9999.000,9999.000,9999.000,9999.000
202603022118,   0.899,   1.518,9999.000,9999.000,9999.000,9999.000,9999.000,9999.000,9999.000
202603022124,   0.908,   1.518,9999.000,9999.000,9999.000,9999.000,9999.000,9999.000,9999.000
202603022130,   0.916,   1.518,9999.000,9999.000,9999.000,9999.000,9999.000,9999.000,9999.000
202603022136,   0.924,   1.528,9999.000,9999.000,9999.000,9999.000,9999.000,9999.000,9999.000
202603022142,   0.931,   1.528,9999.000,9999.000,9999.000,9999.000,9999.000,9999.000,9999.000
202603022148,   0.937,   1.538,9999.000,9999.000,9999.000,9999.000,9999.000,9999.000,9999.000
202603022154,   0.942,   1.548,9999.000,9999.000,9999.000,9999.000,9999.000,9999.000,9999.000
202603022200,   0.947,   1.557,   0.600,   0.010,   1.557,   0.600,   1.557,   0.600,   1.557
202603022206,   0.951,   1.571,9999.000,9999.000,9999.000,9999.000,9999.000,9999.000,9999.000
202603022212,   0.954,   1.580,9999.000,9999.000,9999.000,9999.000,9999.000,9999.000,9999.000
202603022218,   0.957,   1.610,9999.000,9999.000,9999.000,9999.000,9999.000,9999.000,9999.000
202603022224,   0.960,   1.620,9999.000,9999.000,9999.000,9999.000,9999.000,9999.000,9999.000
202603022230,   0.961,   1.610,9999.000,9999.000,9999.000,9999.000,9999.000,9999.000,9999.000
202603022236,   0.963,   1.620,9999.000,9999.000,9999.000,9999.000,9999.000,9999.000,9999.000
202603022242,   0.964,   1.620,9999.000,9999.000,9999.000,9999.000,9999.000,9999.000,9999.000
202603022248,   0.964,   1.610,9999.000,9999.000,9999.000,9999.000,9999.000,9999.000,9999.000
202603022254,   0.964,   1.620,9999.000,9999.000,9999.000,9999.000,9999.000,9999.000,9999.000
202603022300,   0.964,   1.610,   0.600,   0.046,   1.610,   0.600,   1.610,   0.700,   1.710
202603022306,   0.963,   1.610,9999.000,9999.000,9999.000,9999.000,9999.000,9999.000,9999.000
202603022312,   0.962,   1.620,9999.000,9999.000,9999.000,9999.000,9999.000,9999.000,9999.000
202603022318,   0.961,   1.620,9999.000,9999.000,9999.000,9999.000,9999.000,9999.000,9999.000
202603022324,   0.960,   1.620,9999.000,9999.000,9999.000,9999.000,9999.000,9999.000,9999.000
202603022330,   0.958,   1.630,9999.000,9999.000,9999.000,9999.000,9999.000,9999.000,9999.000
202603022336,   0.956,   1.620,9999.000,9999.000,9999.000,9999.000,9999.000,9999.000,9999.000
202603022342,   0.953,   1.610,9999.000,9999.000,9999.000,9999.000,9999.000,9999.000,9999.000
202603022348,   0.950,   1.600,9999.000,9999.000,9999.000,9999.000,9999.000,9999.000,9999.000
202603022354,   0.948,   1.567,9999.000,9999.000,9999.000,9999.000,9999.000,9999.000,9999.000
202603030000,   0.944,   1.580,   0.600,   0.036,   1.580,   0.600,   1.580,   0.600,   1.580
202603030006,   0.941,   1.580,9999.000,9999.000,9999.000,9999.000,9999.000,9999.000,9999.000
202603030012,   0.937,   1.580,9999.000,9999.000,9999.000,9999.000,9999.000,9999.000,9999.000
202603030018,   0.933,   1.571,9999.000,9999.000,9999.000,9999.000,9999.000,9999.000,9999.000
202603030024,   0.929,   1.571,9999.000,9999.000,9999.000,9999.000,9999.000,9999.000,9999.000
202603030030,   0.924,   1.571,9999.000,9999.000,9999.000,9999.000,9999.000,9999.000,9999.000
202603030036,   0.919,   1.557,9999.000,9999.000,9999.000,9999.000,9999.000,9999.000,9999.000
202603030042,   0.914,   1.548,9999.000,9999.000,9999.000,9999.000,9999.000,9999.000,9999.000
202603030048,   0.909,   1.538,9999.000,9999.000,9999.000,9999.000,9999.000,9999.000,9999.000
202603030054,   0.903,   1.548,9999.000,9999.000,9999.000,9999.000,9999.000,9999.000,9999.000
202603030100,   0.897,   1.548,   0.600,   0.051,   1.548,   0.600,   1.548,   0.600,   1.548
202603030106,   0.892,   1.538,9999.000,9999.000,9999.000,9999.000,9999.000,9999.000,9999.000
202603030112,   0.885,   1.538,9999.000,9999.000,9999.000,9999.000,9999.000,9999.000,9999.000
202603030118,   0.879,   1.528,9999.000,9999.000,9999.000,9999.000,9999.000,9999.000,9999.000
202603030124,   0.873,   1.518,9999.000,9999.000,9999.000,9999.000,9999.000,9999.000,9999.000
202603030130,   0.867,   1.518,9999.000,9999.000,9999.000,9999.000,9999.000,9999.000,9999.000
202603030136,   0.860,   1.508,9999.000,9999.000,9999.000,9999.000,9999.000,9999.000,9999.000
202603030142,   0.854,   1.508,9999.000,9999.000,9999.000,9999.000,9999.000,9999.000,9999.000
202603030148,   0.848,   1.498,9999.000,9999.000,9999.000,9999.000,9999.000,9999.000,9999.000
202603030154,   0.841,   1.518,9999.000,9999.000,9999.000,9999.000,9999.000,9999.000,9999.000
202603030200,   0.835,   1.498,   0.700,  -0.037,   1.498,   0.600,   1.398,   0.700,   1.498
202603030206,   0.829,   1.489,9999.000,9999.000,9999.000,9999.000,9999.000,9999.000,9999.000
202603030212,   0.824,   1.469,9999.000,9999.000,9999.000,9999.000,9999.000,9999.000,9999.000
202603030218,   0.818,   1.489,9999.000,9999.000,9999.000,9999.000,9999.000,9999.000,9999.000
202603030224,   0.813,   1.479,9999.000,9999.000,9999.000,9999.000,9999.000,9999.000,9999.000
202603030230,   0.808,   1.479,9999.000,9999.000,9999.000,9999.000,9999.000,9999.000,9999.000
202603030236,   0.804,   1.469,9999.000,9999.000,9999.000,9999.000,9999.000,9999.000,9999.000
202603030242,   0.800,   1.449,9999.000,9999.000,9999.000,9999.000,9999.000,9999.000,9999.000
202603030248,   0.796,   1.459,9999.000,9999.000,9999.000,9999.000,9999.000,9999.000,9999.000
202603030254,   0.793,   1.459,9999.000,9999.000,9999.000,9999.000,9999.000,9999.000,9999.000
202603030300,   0.790,   1.459,   0.700,  -0.031,   1.459,   0.600,   1.359,   0.700,   1.459
202603030306,   0.788,   1.459,9999.000,9999.000,9999.000,9999.000,9999.000,9999.000,9999.000
202603030312,   0.786,   1.449,9999.000,9999.000,9999.000,9999.000,9999.000,9999.000,9999.000
202603030318,   0.785,   1.449,9999.000,9999.000,9999.000,9999.000,9999.000,9999.000,9999.000
202603030324,   0.784,   1.479,9999.000,9999.000,9999.000,9999.000,9999.000,9999.000,9999.000
202603030330,   0.784,   1.528,9999.000,9999.000,9999.000,9999.000,9999.000,9999.000,9999.000
202603030336,   0.784,   1.508,9999.000,9999.000,9999.000,9999.000,9999.000,9999.000,9999.000
202603030342,   0.785,   1.380,9999.000,9999.000,9999.000,9999.000,9999.000,9999.000,9999.000
202603030348,   0.787,   1.269,9999.000,9999.000,9999.000,9999.000,9999.000,9999.000,9999.000
202603030354,   0.788,   1.390,9999.000,9999.000,9999.000,9999.000,9999.000,9999.000,9999.000
202603030400,   0.791,   1.518,   0.600,   0.127,   1.518,   0.600,   1.518,   0.700,   1.618
202603030406,   0.793,   1.479,9999.000,9999.000,9999.000,9999.000,9999.000,9999.000,9999.000
202603030412,   0.797,   1.489,9999.000,9999.000,9999.000,9999.000,9999.000,9999.000,9999.000
202603030418,   0.800,   1.479,9999.000,9999.000,9999.000,9999.000,9999.000,9999.000,9999.000
202603030424,   0.804,   1.469,9999.000,9999.000,9999.000,9999.000,9999.000,9999.000,9999.000
202603030430,   0.808,   1.469,9999.000,9999.000,9999.000,9999.000,9999.000,9999.000,9999.000
202603030436,   0.813,   1.489,9999.000,9999.000,9999.000,9999.000,9999.000,9999.000,9999.000
202603030442,   0.818,   1.498,9999.000,9999.000,9999.000,9999.000,9999.000,9999.000,9999.000
202603030448,   0.823,   1.469,9999.000,9999.000,9999.000,9999.000,9999.000,9999.000,9999.000
202603030454,   0.829,   1.508,9999.000,9999.000,9999.000,9999.000,9999.000,9999.000,9999.000
202603030500,   0.835,   1.508,   0.600,   0.073,   1.508,   0.600,   1.508,   0.600,   1.508
202603030506,   0.840,   1.498,9999.000,9999.000,9999.000,9999.000,9999.000,9999.000,9999.000
202603030512,   0.847,   1.498,9999.000,9999.000,9999.000,9999.000,9999.000,9999.000,9999.000
202603030518,   0.853,   1.557,9999.000,9999.000,9999.000,9999.000,9999.000,9999.000,9999.000
202603030524,   0.859,   1.508,9999.000,9999.000,9999.000,9999.000,9999.000,9999.000,9999.000
202603030530,   0.866,   1.498,9999.000,9999.000,9999.000,9999.000,9999.000,9999.000,9999.000
202603030536,   0.873,   1.469,9999.000,9999.000,9999.000,9999.000,9999.000,9999.000,9999.000
202603030542,   0.880,   1.538,9999.000,9999.000,9999.000,9999.000,9999.000,9999.000,9999.000
202603030548,   0.887,   1.528,9999.000,9999.000,9999.000,9999.000,9999.000,9999.000,9999.000
202603030554,   0.894,   1.528,9999.000,9999.000,9999.000,9999.000,9999.000,9999.000,9999.000
202603030600,   0.901,   1.548,   0.600,   0.047,   1.548,   0.600,   1.548,   0.600,   1.548
202603030606,   0.908,   1.548,9999.000,9999.000,9999.000,9999.000,9999.000,9999.000,9999.000
202603030612,   0.915,   1.557,9999.000,9999.000,9999.000,9999.000,9999.000,9999.000,9999.000
202603030618,   0.923,   1.571,9999.000,9999.000,9999.000,9999.000,9999.000,9999.000,9999.000
202603030624,   0.930,   1.580,9999.000,9999.000,9999.000,9999.000,9999.000,9999.000,9999.000
202603030630,   0.937,   1.590,9999.000,9999.000,9999.000,9999.000,9999.000,9999.000,9999.000
202603030636,   0.944,   1.600,9999.000,9999.000,9999.000,9999.000,9999.000,9999.000,9999.000
202603030642,   0.952,   1.630,9999.000,9999.000,9999.000,9999.000,9999.000,9999.000,9999.000
202603030648,   0.959,   1.649,9999.000,9999.000,9999.000,9999.000,9999.000,9999.000,9999.000
202603030654,   0.966,   1.639,9999.000,9999.000,9999.000,9999.000,9999.000,9999.000,9999.000
202603030700,   0.972,   1.639,   0.600,   0.067,   1.639,   0.600,   1.639,   0.600,   1.639
202603030706,   0.979,   1.639,9999.000,9999.000,9999.000,9999.000,9999.000,9999.000,9999.000
202603030712,   0.985,   1.649,9999.000,9999.000,9999.000,9999.000,9999.000,9999.000,9999.000
202603030718,   0.991,   1.649,9999.000,9999.000,9999.000,9999.000,9999.000,9999.000,9999.000
202603030724,   0.997,   1.669,9999.000,9999.000,9999.000,9999.000,9999.000,9999.000,9999.000
202603030730,   1.002,   1.669,9999.000,9999.000,9999.000,9999.000,9999.000,9999.000,9999.000
202603030736,   1.007,   1.669,9999.000,9999.000,9999.000,9999.000,9999.000,9999.000,9999.000
202603030742,   1.012,   1.679,9999.000,9999.000,9999.000,9999.000,9999.000,9999.000,9999.000
202603030748,   1.016,   1.689,9999.000,9999.000,9999.000,9999.000,9999.000,9999.000,9999.000
202603030754,   1.019,   1.699,9999.000,9999.000,9999.000,9999.000,9999.000,9999.000,9999.000
202603030800,   1.022,   1.699,   0.600,   0.077,   1.699,   0.600,   1.699,   0.600,   1.699
202603030806,   1.024,   1.708,9999.000,9999.000,9999.000,9999.000,9999.000,9999.000,9999.000
202603030812,   1.025,   1.718,9999.000,9999.000,9999.000,9999.000,9999.000,9999.000,9999.000
202603030818,   1.026,   1.728,9999.000,9999.000,9999.000,9999.000,9999.000,9999.000,9999.000
202603030824,   1.026,   1.715,9999.000,9999.000,9999.000,9999.000,9999.000,9999.000,9999.000
202603030830,   1.025,   1.718,9999.000,9999.000,9999.000,9999.000,9999.000,9999.000,9999.000
202603030836,   1.023,   1.708,9999.000,9999.000,9999.000,9999.000,9999.000,9999.000,9999.000
202603030842,   1.020,   1.718,9999.000,9999.000,9999.000,9999.000,9999.000,9999.000,9999.000
202603030848,   1.016,   1.718,9999.000,9999.000,9999.000,9999.000,9999.000,9999.000,9999.000
202603030854,   1.012,   1.718,9999.000,9999.000,9999.000,9999.000,9999.000,9999.000,9999.000
202603030900,   1.006,   1.718,   0.600,   0.112,   1.718,   0.600,   1.718,   0.600,   1.718
202603030906,   0.999,   1.699,9999.000,9999.000,9999.000,9999.000,9999.000,9999.000,9999.000
202603030912,   0.992,   1.689,9999.000,9999.000,9999.000,9999.000,9999.000,9999.000,9999.000
202603030918,   0.983,   1.679,9999.000,9999.000,9999.000,9999.000,9999.000,9999.000,9999.000
202603030924,   0.973,   1.679,9999.000,9999.000,9999.000,9999.000,9999.000,9999.000,9999.000
202603030930,   0.963,   1.679,9999.000,9999.000,9999.000,9999.000,9999.000,9999.000,9999.000
202603030936,   0.951,   1.659,9999.000,9999.000,9999.000,9999.000,9999.000,9999.000,9999.000
202603030942,   0.939,   1.649,9999.000,9999.000,9999.000,9999.000,9999.000,9999.000,9999.000
202603030948,   0.926,   1.639,9999.000,9999.000,9999.000,9999.000,9999.000,9999.000,9999.000
202603030954,   0.911,   1.620,9999.000,9999.000,9999.000,9999.000,9999.000,9999.000,9999.000
202603031000,   0.896,   1.620,   0.600,   0.124,   1.620,   0.600,   1.620,   0.600,   1.620
202603031006,   0.881,   1.590,9999.000,9999.000,9999.000,9999.000,9999.000,9999.000,9999.000
202603031012,   0.864,   1.580,9999.000,9999.000,9999.000,9999.000,9999.000,9999.000,9999.000
202603031018,   0.847,   1.571,9999.000,9999.000,9999.000,9999.000,9999.000,9999.000,9999.000
202603031024,   0.830,   1.557,9999.000,9999.000,9999.000,9999.000,9999.000,9999.000,9999.000
202603031030,   0.811,   1.538,9999.000,9999.000,9999.000,9999.000,9999.000,9999.000,9999.000
202603031036,   0.793,   1.538,9999.000,9999.000,9999.000,9999.000,9999.000,9999.000,9999.000
202603031042,   0.773,   1.498,9999.000,9999.000,9999.000,9999.000,9999.000,9999.000,9999.000
202603031048,   0.754,   1.479,9999.000,9999.000,9999.000,9999.000,9999.000,9999.000,9999.000
202603031054,   0.734,   1.479,9999.000,9999.000,9999.000,9999.000,9999.000,9999.000,9999.000
202603031100,   0.714,   1.449,   0.600,   0.135,   1.449,   0.600,   1.449,   0.700,   1.549
202603031106,   0.693,   1.430,9999.000,9999.000,9999.000,9999.000,9999.000,9999.000,9999.000
202603031112,   0.673,   1.400,9999.000,9999.000,9999.000,9999.000,9999.000,9999.000,9999.000
202603031118,   0.652,   1.380,9999.000,9999.000,9999.000,9999.000,9999.000,9999.000,9999.000
202603031124,   0.631,   1.371,9999.000,9999.000,9999.000,9999.000,9999.000,9999.000,9999.000
202603031130,   0.610,   1.348,9999.000,9999.000,9999.000,9999.000,9999.000,9999.000,9999.000
202603031136,   0.589,   1.338,9999.000,9999.000,9999.000,9999.000,9999.000,9999.000,9999.000
202603031142,   0.567,   1.308,9999.000,9999.000,9999.000,9999.000,9999.000,9999.000,9999.000
202603031148,   0.546,   1.279,9999.000,9999.000,9999.000,9999.000,9999.000,9999.000,9999.000
202603031154,   0.525,   1.269,9999.000,9999.000,9999.000,9999.000,9999.000,9999.000,9999.000
202603031200,   0.504,   1.249,   0.600,   0.145,   1.249,   0.600,   1.249,   0.600,   1.249
202603031206,   0.483,   1.229,9999.000,9999.000,9999.000,9999.000,9999.000,9999.000,9999.000
202603031212,   0.462,   1.210,9999.000,9999.000,9999.000,9999.000,9999.000,9999.000,9999.000
202603031218,   0.442,   1.190,9999.000,9999.000,9999.000,9999.000,9999.000,9999.000,9999.000
202603031224,   0.421,   1.180,9999.000,9999.000,9999.000,9999.000,9999.000,9999.000,9999.000
202603031230,   0.401,   1.161,9999.000,9999.000,9999.000,9999.000,9999.000,9999.000,9999.000
202603031236,   0.381,   1.138,9999.000,9999.000,9999.000,9999.000,9999.000,9999.000,9999.000
202603031242,   0.361,   1.108,9999.000,9999.000,9999.000,9999.000,9999.000,9999.000,9999.000
202603031248,   0.341,   1.079,9999.000,9999.000,9999.000,9999.000,9999.000,9999.000,9999.000
202603031254,   0.321,   1.049,9999.000,9999.000,9999.000,9999.000,9999.000,9999.000,9999.000
202603031300,   0.302,   1.029,   0.600,   0.127,   1.029,   0.600,   1.029,   0.600,   1.029
202603031306,   0.283,   1.000,9999.000,9999.000,9999.000,9999.000,9999.000,9999.000,9999.000
202603031312,   0.265,   0.990,9999.000,9999.000,9999.000,9999.000,9999.000,9999.000,9999.000
202603031318,   0.247,   0.970,9999.000,9999.000,9999.000,9999.000,9999.000,9999.000,9999.000
202603031324,   0.229,   0.970,9999.000,9999.000,9999.000,9999.000,9999.000,9999.000,9999.000
202603031330,   0.212,   0.970,9999.000,9999.000,9999.000,9999.000,9999.000,9999.000,9999.000
202603031336,   0.195,   1.029,9999.000,9999.000,9999.000,9999.000,9999.000,9999.000,9999.000
202603031342,   0.179,   0.708,9999.000,9999.000,9999.000,9999.000,9999.000,9999.000,9999.000
202603031348,   0.163,   0.829,9999.000,9999.000,9999.000,9999.000,9999.000,9999.000,9999.000
202603031354,   0.148,   0.941,9999.000,9999.000,9999.000,9999.000,9999.000,9999.000,9999.000
202603031400,   0.134,   0.829,   0.600,   0.095,   0.829,   0.600,   0.829,   0.600,   0.829
202603031406,   0.120,   0.928,9999.000,9999.000,9999.000,9999.000,9999.000,9999.000,9999.000
202603031412,   0.107,   0.741,9999.000,9999.000,9999.000,9999.000,9999.000,9999.000,9999.000
202603031418,   0.094,   0.790,9999.000,9999.000,9999.000,9999.000,9999.000,9999.000,9999.000
202603031424,   0.083,   0.849,9999.000,9999.000,9999.000,9999.000,9999.000,9999.000,9999.000
202603031430,   0.072,   0.790,9999.000,9999.000,9999.000,9999.000,9999.000,9999.000,9999.000
202603031436,   0.063,   0.800,9999.000,9999.000,9999.000,9999.000,9999.000,9999.000,9999.000
202603031442,   0.054,   0.810,9999.000,9999.000,9999.000,9999.000,9999.000,9999.000,9999.000
202603031448,   0.046,   0.741,9999.000,9999.000,9999.000,9999.000,9999.000,9999.000,9999.000
202603031454,   0.039,   0.770,9999.000,9999.000,9999.000,9999.000,9999.000,9999.000,9999.000
202603031500,   0.033,   0.760,   0.600,   0.127,   0.760,   0.600,   0.760,   0.600,   0.760
202603031506,   0.028,   0.731,9999.000,9999.000,9999.000,9999.000,9999.000,9999.000,9999.000
202603031512,   0.024,   0.780,9999.000,9999.000,9999.000,9999.000,9999.000,9999.000,9999.000
202603031518,   0.021,   0.731,9999.000,9999.000,9999.000,9999.000,9999.000,9999.000,9999.000
202603031524,   0.019,   0.649,9999.000,9999.000,9999.000,9999.000,9999.000,9999.000,9999.000
202603031530,   0.018,   0.698,9999.000,9999.000,9999.000,9999.000,9999.000,9999.000,9999.000
202603031536,   0.018,   0.649,9999.000,9999.000,9999.000,9999.000,9999.000,9999.000,9999.000
202603031542,   0.019,   0.678,9999.000,9999.000,9999.000,9999.000,9999.000,9999.000,9999.000
202603031548,   0.021,   0.688,9999.000,9999.000,9999.000,9999.000,9999.000,9999.000,9999.000
202603031554,   0.024,   0.688,9999.000,9999.000,9999.000,9999.000,9999.000,9999.000,9999.000
202603031600,   0.028,   0.718,   0.600,   0.090,   0.718,   0.500,   0.618,   0.600,   0.718
202603031606,   0.033,   0.708,9999.000,9999.000,9999.000,9999.000,9999.000,9999.000,9999.000
202603031612,   0.039,   0.708,9999.000,9999.000,9999.000,9999.000,9999.000,9999.000,9999.000
202603031618,   0.045,   0.698,9999.000,9999.000,9999.000,9999.000,9999.000,9999.000,9999.000
202603031624,   0.053,   0.718,9999.000,9999.000,9999.000,9999.000,9999.000,9999.000,9999.000
202603031630,   0.061,   0.698,9999.000,9999.000,9999.000,9999.000,9999.000,9999.000,9999.000
202603031636,   0.070,   0.718,9999.000,9999.000,9999.000,9999.000,9999.000,9999.000,9999.000
202603031642,   0.080,   0.718,9999.000,9999.000,9999.000,9999.000,9999.000,9999.000,9999.000
202603031648,   0.090,   0.718,9999.000,9999.000,9999.000,9999.000,9999.000,9999.000,9999.000
202603031654,   0.101,   0.731,9999.000,9999.000,9999.000,9999.000,9999.000,9999.000,9999.000
202603031700,   0.113,   0.741,   0.500,   0.128,   0.741,   0.500,   0.741,   0.600,   0.841
202603031706,   0.125,   0.760,9999.000,9999.000,9999.000,9999.000,9999.000,9999.000,9999.000
202603031712,   0.138,   0.790,9999.000,9999.000,9999.000,9999.000,9999.000,9999.000,9999.000
202603031718,   0.151,   0.810,9999.000,9999.000,9999.000,9999.000,9999.000,9999.000,9999.000
202603031724,   0.165,   0.819,9999.000,9999.000,9999.000,9999.000,9999.000,9999.000,9999.000
202603031730,   0.179,   0.829,9999.000,9999.000,9999.000,9999.000,9999.000,9999.000,9999.000
202603031736,   0.194,   0.859,9999.000,9999.000,9999.000,9999.000,9999.000,9999.000,9999.000
202603031742,   0.209,   0.908,9999.000,9999.000,9999.000,9999.000,9999.000,9999.000,9999.000
202603031748,   0.224,   0.918,9999.000,9999.000,9999.000,9999.000,9999.000,9999.000,9999.000
202603031754,   0.240,   0.941,9999.000,9999.000,9999.000,9999.000,9999.000,9999.000,9999.000
202603031800,   0.257,   0.951,   0.600,   0.094,   0.951,   0.500,   0.851,   0.600,   0.951
202603031806,   0.273,   0.980,9999.000,9999.000,9999.000,9999.000,9999.000,9999.000,9999.000
202603031812,   0.290,   0.990,9999.000,9999.000,9999.000,9999.000,9999.000,9999.000,9999.000
202603031818,   0.307,   1.020,9999.000,9999.000,9999.000,9999.000,9999.000,9999.000,9999.000
202603031824,   0.325,   1.039,9999.000,9999.000,9999.000,9999.000,9999.000,9999.000,9999.000
202603031830,   0.343,   1.079,9999.000,9999.000,9999.000,9999.000,9999.000,9999.000,9999.000
202603031836,   0.361,   1.088,9999.000,9999.000,9999.000,9999.000,9999.000,9999.000,9999.000
202603031842,   0.379,   1.118,9999.000,9999.000,9999.000,9999.000,9999.000,9999.000,9999.000
202603031848,   0.398,   1.151,9999.000,9999.000,9999.000,9999.000,9999.000,9999.000,9999.000
202603031854,   0.416,   1.151,9999.000,9999.000,9999.000,9999.000,9999.000,9999.000,9999.000
202603031900,   0.435,   1.190,   0.600,   0.155,   1.190,   0.500,   1.090,   0.600,   1.190
202603031906,   0.454,   1.239,9999.000,9999.000,9999.000,9999.000,9999.000,9999.000,9999.000
202603031912,   0.473,   1.269,9999.000,9999.000,9999.000,9999.000,9999.000,9999.000,9999.000
202603031918,   0.492,   1.239,9999.000,9999.000,9999.000,9999.000,9999.000,9999.000,9999.000
202603031924,   0.511,   1.279,9999.000,9999.000,9999.000,9999.000,9999.000,9999.000,9999.000
202603031930,   0.530,   1.298,9999.000,9999.000,9999.000,9999.000,9999.000,9999.000,9999.000
202603031936,   0.548,   1.308,9999.000,9999.000,9999.000,9999.000,9999.000,9999.000,9999.000
202603031942,   0.567,   1.318,9999.000,9999.000,9999.000,9999.000,9999.000,9999.000,9999.000
202603031948,   0.585,   1.338,9999.000,9999.000,9999.000,9999.000,9999.000,9999.000,9999.000
202603031954,   0.604,   1.348,9999.000,9999.000,9999.000,9999.000,9999.000,9999.000,9999.000
202603032000,   0.621,   1.361,   0.600,   0.140,   1.361,   0.500,   1.261,   0.600,   1.361
202603032006,   0.639,   1.390,9999.000,9999.000,9999.000,9999.000,9999.000,9999.000,9999.000
202603032012,   0.656,   1.420,9999.000,9999.000,9999.000,9999.000,9999.000,9999.000,9999.000
202603032018,   0.672,   1.420,9999.000,9999.000,9999.000,9999.000,9999.000,9999.000,9999.000
202603032024,   0.688,   1.459,9999.000,9999.000,9999.000,9999.000,9999.000,9999.000,9999.000
202603032030,   0.704,   1.459,9999.000,9999.000,9999.000,9999.000,9999.000,9999.000,9999.000
202603032036,   0.719,   1.528,9999.000,9999.000,9999.000,9999.000,9999.000,9999.000,9999.000
202603032042,   0.733,   1.508,9999.000,9999.000,9999.000,9999.000,9999.000,9999.000,9999.000
202603032048,   0.746,   1.508,9999.000,9999.000,9999.000,9999.000,9999.000,9999.000,9999.000
202603032054,   0.759,   1.538,9999.000,9999.000,9999.000,9999.000,9999.000,9999.000,9999.000
202603032100,   0.771,   1.538,   0.600,   0.167,   1.538,   0.500,   1.438,   0.600,   1.538
202603032106,   0.782,   1.538,9999.000,9999.000,9999.000,9999.000,9999.000,9999.000,9999.000
202603032112,   0.793,   1.557,9999.000,9999.000,9999.000,9999.000,9999.000,9999.000,9999.000
202603032118,   0.802,   1.548,9999.000,9999.000,9999.000,9999.000,9999.000,9999.000,9999.000
202603032124,   0.811,   1.571,9999.000,9999.000,9999.000,9999.000,9999.000,9999.000,9999.000
202603032130,   0.819,   1.600,9999.000,9999.000,9999.000,9999.000,9999.000,9999.000,9999.000
202603032136,   0.826,   1.610,9999.000,9999.000,9999.000,9999.000,9999.000,9999.000,9999.000
202603032142,   0.832,   1.630,9999.000,9999.000,9999.000,9999.000,9999.000,9999.000,9999.000
202603032148,   0.838,   1.630,9999.000,9999.000,9999.000,9999.000,9999.000,9999.000,9999.000
202603032154,   0.842,   1.639,9999.000,9999.000,9999.000,9999.000,9999.000,9999.000,9999.000
202603032200,   0.846,   1.639,   0.600,   0.193,   1.639,   0.500,   1.539,   0.600,   1.639
202603032206,   0.849,   1.639,9999.000,9999.000,9999.000,9999.000,9999.000,9999.000,9999.000
202603032212,   0.851,   1.630,9999.000,9999.000,9999.000,9999.000,9999.000,9999.000,9999.000
202603032218,   0.853,   1.630,9999.000,9999.000,9999.000,9999.000,9999.000,9999.000,9999.000
202603032224,   0.854,   1.630,9999.000,9999.000,9999.000,9999.000,9999.000,9999.000,9999.000
202603032230,   0.854,   1.630,9999.000,9999.000,9999.000,9999.000,9999.000,9999.000,9999.000
202603032236,   0.853,   1.630,9999.000,9999.000,9999.000,9999.000,9999.000,9999.000,9999.000
202603032242,   0.852,   1.630,9999.000,9999.000,9999.000,9999.000,9999.000,9999.000,9999.000
202603032248,   0.851,   1.630,9999.000,9999.000,9999.000,9999.000,9999.000,9999.000,9999.000
202603032254,   0.849,   1.610,9999.000,9999.000,9999.000,9999.000,9999.000,9999.000,9999.000
202603032300,   0.846,   1.610,   0.600,   0.164,   1.610,   0.600,   1.610,   0.600,   1.610
202603032306,   0.843,   1.610,9999.000,9999.000,9999.000,9999.000,9999.000,9999.000,9999.000
202603032312,   0.840,   1.600,9999.000,9999.000,9999.000,9999.000,9999.000,9999.000,9999.000
202603032318,   0.836,   1.580,9999.000,9999.000,9999.000,9999.000,9999.000,9999.000,9999.000
202603032324,   0.832,   1.512,9999.000,9999.000,9999.000,9999.000,9999.000,9999.000,9999.000
202603032330,   0.828,   1.557,9999.000,9999.000,9999.000,9999.000,9999.000,9999.000,9999.000
202603032336,   0.823,   1.548,9999.000,9999.000,9999.000,9999.000,9999.000,9999.000,9999.000
202603032342,   0.818,   1.528,9999.000,9999.000,9999.000,9999.000,9999.000,9999.000,9999.000
202603032348,   0.813,   1.528,9999.000,9999.000,9999.000,9999.000,9999.000,9999.000,9999.000
202603032354,   0.808,   1.462,9999.000,9999.000,9999.000,9999.000,9999.000,9999.000,9999.000
202603040000,   0.802,   1.508,   0.600,   0.106,   1.508,   0.600,   1.508,   0.600,   1.508
202603040006,   0.796,   1.489,9999.000,9999.000,9999.000,9999.000,9999.000,9999.000,9999.000
202603040012,   0.790,   1.489,9999.000,9999.000,9999.000,9999.000,9999.000,9999.000,9999.000
202603040018,   0.784,   1.489,9999.000,9999.000,9999.000,9999.000,9999.000,9999.000,9999.000
202603040024,   0.777,   1.469,9999.000,9999.000,9999.000,9999.000,9999.000,9999.000,9999.000
202603040030,   0.771,   1.459,9999.000,9999.000,9999.000,9999.000,9999.000,9999.000,9999.000
202603040036,   0.764,   1.459,9999.000,9999.000,9999.000,9999.000,9999.000,9999.000,9999.000
202603040042,   0.757,   1.449,9999.000,9999.000,9999.000,9999.000,9999.000,9999.000,9999.000
202603040048,   0.750,   1.439,9999.000,9999.000,9999.000,9999.000,9999.000,9999.000,9999.000
202603040054,   0.742,   1.430,9999.000,9999.000,9999.000,9999.000,9999.000,9999.000,9999.000
202603040100,   0.735,   1.420,   0.600,   0.085,   1.420,   0.600,   1.420,   0.600,   1.420
202603040106,   0.727,   1.410,9999.000,9999.000,9999.000,9999.000,9999.000,9999.000,9999.000
202603040112,   0.720,   1.410,9999.000,9999.000,9999.000,9999.000,9999.000,9999.000,9999.000
202603040118,   0.712,   1.410,9999.000,9999.000,9999.000,9999.000,9999.000,9999.000,9999.000
202603040124,   0.704,   1.410,9999.000,9999.000,9999.000,9999.000,9999.000,9999.000,9999.000
202603040130,   0.696,   1.410,9999.000,9999.000,9999.000,9999.000,9999.000,9999.000,9999.000
202603040136,   0.688,   1.390,9999.000,9999.000,9999.000,9999.000,9999.000,9999.000,9999.000
202603040142,   0.680,   1.380,9999.000,9999.000,9999.000,9999.000,9999.000,9999.000,9999.000
202603040148,   0.672,   1.361,9999.000,9999.000,9999.000,9999.000,9999.000,9999.000,9999.000
202603040154,   0.664,   1.361,9999.000,9999.000,9999.000,9999.000,9999.000,9999.000,9999.000
202603040200,   0.656,   1.361,   0.600,   0.105,   1.361,   0.600,   1.361,   0.700,   1.461
202603040206,   0.649,   1.338,9999.000,9999.000,9999.000,9999.000,9999.000,9999.000,9999.000
202603040212,   0.641,   1.338,9999.000,9999.000,9999.000,9999.000,9999.000,9999.000,9999.000
202603040218,   0.634,   1.328,9999.000,9999.000,9999.000,9999.000,9999.000,9999.000,9999.000
202603040224,   0.627,   1.328,9999.000,9999.000,9999.000,9999.000,9999.000,9999.000,9999.000
202603040230,   0.620,   1.328,9999.000,9999.000,9999.000,9999.000,9999.000,9999.000,9999.000
202603040236,   0.614,   1.308,9999.000,9999.000,9999.000,9999.000,9999.000,9999.000,9999.000
202603040242,   0.608,   1.298,9999.000,9999.000,9999.000,9999.000,9999.000,9999.000,9999.000
202603040248,   0.602,   1.279,9999.000,9999.000,9999.000,9999.000,9999.000,9999.000,9999.000
202603040254,   0.597,   1.279,9999.000,9999.000,9999.000,9999.000,9999.000,9999.000,9999.000
202603040300,   0.592,   1.269,   0.600,   0.077,   1.269,   0.600,   1.269,   0.700,   1.369
202603040306,   0.588,   1.249,9999.000,9999.000,9999.000,9999.000,9999.000,9999.000,9999.000
202603040312,   0.584,   1.239,9999.000,9999.000,9999.000,9999.000,9999.000,9999.000,9999.000
202603040318,   0.581,   1.229,9999.000,9999.000,9999.000,9999.000,9999.000,9999.000,9999.000
202603040324,   0.578,   1.229,9999.000,9999.000,9999.000,9999.000,9999.000,9999.000,9999.000
202603040330,   0.576,   1.239,9999.000,9999.000,9999.000,9999.000,9999.000,9999.000,9999.000
202603040336,   0.575,   1.229,9999.000,9999.000,9999.000,9999.000,9999.000,9999.000,9999.000
202603040342,   0.574,   1.220,9999.000,9999.000,9999.000,9999.000,9999.000,9999.000,9999.000
202603040348,   0.573,   1.220,9999.000,9999.000,9999.000,9999.000,9999.000,9999.000,9999.000
202603040354,   0.574,   1.229,9999.000,9999.000,9999.000,9999.000,9999.000,9999.000,9999.000
202603040400,   0.574,   1.229,   0.600,   0.055,   1.229,   0.600,   1.229,   0.600,   1.229
202603040406,   0.576,   1.249,9999.000,9999.000,9999.000,9999.000,9999.000,9999.000,9999.000
202603040412,   0.578,   1.249,9999.000,9999.000,9999.000,9999.000,9999.000,9999.000,9999.000
202603040418,   0.581,   1.249,9999.000,9999.000,9999.000,9999.000,9999.000,9999.000,9999.000
202603040424,   0.584,   1.229,9999.000,9999.000,9999.000,9999.000,9999.000,9999.000,9999.000
202603040430,   0.588,   1.210,9999.000,9999.000,9999.000,9999.000,9999.000,9999.000,9999.000
202603040436,   0.592,   1.200,9999.000,9999.000,9999.000,9999.000,9999.000,9999.000,9999.000
202603040442,   0.597,   1.210,9999.000,9999.000,9999.000,9999.000,9999.000,9999.000,9999.000
202603040448,   0.602,   1.200,9999.000,9999.000,9999.000,9999.000,9999.000,9999.000,9999.000
202603040454,   0.608,   1.220,9999.000,9999.000,9999.000,9999.000,9999.000,9999.000,9999.000
202603040500,   0.614,   1.220,   0.600,   0.006,   1.220,   0.600,   1.220,   0.600,   1.220
202603040506,   0.621,   1.229,9999.000,9999.000,9999.000,9999.000,9999.000,9999.000,9999.000
202603040512,   0.628,   1.229,9999.000,9999.000,9999.000,9999.000,9999.000,9999.000,9999.000
202603040518,   0.635,   1.229,9999.000,9999.000,9999.000,9999.000,9999.000,9999.000,9999.000
202603040524,   0.643,   1.229,9999.000,9999.000,9999.000,9999.000,9999.000,9999.000,9999.000
202603040530,   0.652,   1.229,9999.000,9999.000,9999.000,9999.000,9999.000,9999.000,9999.000
202603040536,   0.660,   1.229,9999.000,9999.000,9999.000,9999.000,9999.000,9999.000,9999.000
202603040542,   0.669,   1.239,9999.000,9999.000,9999.000,9999.000,9999.000,9999.000,9999.000
202603040548,   0.679,   1.249,9999.000,9999.000,9999.000,9999.000,9999.000,9999.000,9999.000
202603040554,   0.688,   1.249,9999.000,9999.000,9999.000,9999.000,9999.000,9999.000,9999.000
202603040600,   0.699,   1.249,   0.600,  -0.050,   1.249,   0.600,   1.249,   0.600,   1.249
202603040606,   0.709,   1.239,9999.000,9999.000,9999.000,9999.000,9999.000,9999.000,9999.000
202603040612,   0.719,   1.229,9999.000,9999.000,9999.000,9999.000,9999.000,9999.000,9999.000
202603040618,   0.730,   1.239,9999.000,9999.000,9999.000,9999.000,9999.000,9999.000,9999.000
202603040624,   0.742,   1.239,9999.000,9999.000,9999.000,9999.000,9999.000,9999.000,9999.000
202603040630,   0.753,   1.239,9999.000,9999.000,9999.000,9999.000,9999.000,9999.000,9999.000
202603040636,   0.765,   1.259,9999.000,9999.000,9999.000,9999.000,9999.000,9999.000,9999.000
202603040642,   0.776,   1.269,9999.000,9999.000,9999.000,9999.000,9999.000,9999.000,9999.000
202603040648,   0.788,   1.298,9999.000,9999.000,9999.000,9999.000,9999.000,9999.000,9999.000
202603040654,   0.801,   1.308,9999.000,9999.000,9999.000,9999.000,9999.000,9999.000,9999.000
202603040700,   0.813,   1.308,   0.600,  -0.105,   1.308,   0.600,   1.308,   0.600,   1.308
202603040706,   0.825,   1.318,9999.000,9999.000,9999.000,9999.000,9999.000,9999.000,9999.000
202603040712,   0.838,   1.318,9999.000,9999.000,9999.000,9999.000,9999.000,9999.000,9999.000
202603040718,   0.850,   1.328,9999.000,9999.000,9999.000,9999.000,9999.000,9999.000,9999.000
202603040724,   0.863,   1.338,9999.000,9999.000,9999.000,9999.000,9999.000,9999.000,9999.000
202603040730,   0.875,   1.348,9999.000,9999.000,9999.000,9999.000,9999.000,9999.000,9999.000
202603040736,   0.888,   1.371,9999.000,9999.000,9999.000,9999.000,9999.000,9999.000,9999.000
202603040742,   0.900,   1.371,9999.000,9999.000,9999.000,9999.000,9999.000,9999.000,9999.000
202603040748,   0.912,   1.390,9999.000,9999.000,9999.000,9999.000,9999.000,9999.000,9999.000
202603040754,   0.924,   1.410,9999.000,9999.000,9999.000,9999.000,9999.000,9999.000,9999.000
202603040800,   0.935,   1.420,   0.600,  -0.115,   1.420,   0.600,   1.420,   0.600,   1.420
202603040806,   0.946,   1.449,9999.000,9999.000,9999.000,9999.000,9999.000,9999.000,9999.000
202603040812,   0.957,   1.459,9999.000,9999.000,9999.000,9999.000,9999.000,9999.000,9999.000
202603040818,   0.967,   1.479,9999.000,9999.000,9999.000,9999.000,9999.000,9999.000,9999.000
202603040824,   0.977,   1.479,9999.000,9999.000,9999.000,9999.000,9999.000,9999.000,9999.000
202603040830,   0.986,   1.479,9999.000,9999.000,9999.000,9999.000,9999.000,9999.000,9999.000
202603040836,   0.995,   1.479,9999.000,9999.000,9999.000,9999.000,9999.000,9999.000,9999.000
202603040842,   1.003,   1.469,9999.000,9999.000,9999.000,9999.000,9999.000,9999.000,9999.000
202603040848,   1.010,   1.479,9999.000,9999.000,9999.000,9999.000,9999.000,9999.000,9999.000
202603040854,   1.016,   1.479,9999.000,9999.000,9999.000,9999.000,9999.000,9999.000,9999.000
202603040900,   1.022,   1.489,   0.600,  -0.133,   1.489,   0.600,   1.489,   0.600,   1.489
202603040906,   1.026,   1.489,9999.000,9999.000,9999.000,9999.000,9999.000,9999.000,9999.000
202603040912,   1.030,   1.489,9999.000,9999.000,9999.000,9999.000,9999.000,9999.000,9999.000
202603040918,   1.033,   1.489,9999.000,9999.000,9999.000,9999.000,9999.000,9999.000,9999.000
202603040924,   1.035,   1.479,9999.000,9999.000,9999.000,9999.000,9999.000,9999.000,9999.000
202603040930,   1.036,   1.489,9999.000,9999.000,9999.000,9999.000,9999.000,9999.000,9999.000
202603040936,   1.036,   1.489,9999.000,9999.000,9999.000,9999.000,9999.000,9999.000,9999.000
202603040942,   1.035,   1.479,9999.000,9999.000,9999.000,9999.000,9999.000,9999.000,9999.000
202603040948,   1.033,   1.479,9999.000,9999.000,9999.000,9999.000,9999.000,9999.000,9999.000
202603040954,   1.030,   1.479,9999.000,9999.000,9999.000,9999.000,9999.000,9999.000,9999.000
202603041000,   1.026,   1.479,   0.600,  -0.147,   1.479,   0.600,   1.479,   0.600,   1.479
202603041006,   1.021,   1.459,9999.000,9999.000,9999.000,9999.000,9999.000,9999.000,9999.000
202603041012,   1.016,   1.449,9999.000,9999.000,9999.000,9999.000,9999.000,9999.000,9999.000
202603041018,   1.009,   1.430,9999.000,9999.000,9999.000,9999.000,9999.000,9999.000,9999.000
202603041024,   1.001,   1.420,9999.000,9999.000,9999.000,9999.000,9999.000,9999.000,9999.000
202603041030,   0.993,   1.430,9999.000,9999.000,9999.000,9999.000,9999.000,9999.000,9999.000
202603041036,   0.984,   1.430,9999.000,9999.000,9999.000,9999.000,9999.000,9999.000,9999.000
202603041042,   0.974,   1.420,9999.000,9999.000,9999.000,9999.000,9999.000,9999.000,9999.000
202603041048,   0.963,   1.410,9999.000,9999.000,9999.000,9999.000,9999.000,9999.000,9999.000
202603041054,   0.952,   1.410,9999.000,9999.000,9999.000,9999.000,9999.000,9999.000,9999.000
202603041100,   0.940,   1.400,   0.600,  -0.140,   1.400,   0.600,   1.400,   0.600,   1.400
202603041106,   0.928,   1.410,9999.000,9999.000,9999.000,9999.000,9999.000,9999.000,9999.000
202603041112,   0.915,   1.410,9999.000,9999.000,9999.000,9999.000,9999.000,9999.000,9999.000
202603041118,   0.901,   1.390,9999.000,9999.000,9999.000,9999.000,9999.000,9999.000,9999.000
202603041124,   0.887,   1.348,9999.000,9999.000,9999.000,9999.000,9999.000,9999.000,9999.000
202603041130,   0.872,   1.318,9999.000,9999.000,9999.000,9999.000,9999.000,9999.000,9999.000
202603041136,   0.857,   1.298,9999.000,9999.000,9999.000,9999.000,9999.000,9999.000,9999.000
202603041142,   0.842,   1.289,9999.000,9999.000,9999.000,9999.000,9999.000,9999.000,9999.000
202603041148,   0.826,   1.279,9999.000,9999.000,9999.000,9999.000,9999.000,9999.000,9999.000
202603041154,   0.810,   1.249,9999.000,9999.000,9999.000,9999.000,9999.000,9999.000,9999.000
202603041200,   0.794,   1.220,   0.500,  -0.074,   1.220,   0.500,   1.220,   0.500,   1.220
202603041206,   0.778,   1.200,9999.000,9999.000,9999.000,9999.000,9999.000,9999.000,9999.000
202603041212,   0.761,   1.190,9999.000,9999.000,9999.000,9999.000,9999.000,9999.000,9999.000
202603041218,   0.744,   1.180,9999.000,9999.000,9999.000,9999.000,9999.000,9999.000,9999.000
202603041224,   0.727,   1.161,9999.000,9999.000,9999.000,9999.000,9999.000,9999.000,9999.000
202603041230,   0.710,   1.138,9999.000,9999.000,9999.000,9999.000,9999.000,9999.000,9999.000
202603041236,   0.693,   1.108,9999.000,9999.000,9999.000,9999.000,9999.000,9999.000,9999.000
202603041242,   0.676,   1.088,9999.000,9999.000,9999.000,9999.000,9999.000,9999.000,9999.000
202603041248,   0.659,   1.079,9999.000,9999.000,9999.000,9999.000,9999.000,9999.000,9999.000
202603041254,   0.642,   1.049,9999.000,9999.000,9999.000,9999.000,9999.000,9999.000,9999.000
202603041300,   0.624,   1.020,   0.500,  -0.104,   1.020,   0.500,   1.020,   0.500,   1.020
202603041306,   0.607,   0.980,9999.000,9999.000,9999.000,9999.000,9999.000,9999.000,9999.000
202603041312,   0.590,   0.951,9999.000,9999.000,9999.000,9999.000,9999.000,9999.000,9999.000
202603041318,   0.573,   0.941,9999.000,9999.000,9999.000,9999.000,9999.000,9999.000,9999.000
202603041324,   0.556,   0.941,9999.000,9999.000,9999.000,9999.000,9999.000,9999.000,9999.000
202603041330,   0.539,   0.928,9999.000,9999.000,9999.000,9999.000,9999.000,9999.000,9999.000
202603041336,   0.522,   0.908,9999.000,9999.000,9999.000,9999.000,9999.000,9999.000,9999.000
202603041342,   0.506,   0.888,9999.000,9999.000,9999.000,9999.000,9999.000,9999.000,9999.000
202603041348,   0.490,   0.859,9999.000,9999.000,9999.000,9999.000,9999.000,9999.000,9999.000
202603041354,   0.474,   0.849,9999.000,9999.000,9999.000,9999.000,9999.000,9999.000,9999.000
202603041400,   0.458,   0.849,   0.500,  -0.109,   0.849,   0.500,   0.849,   0.500,   0.849
202603041406,   0.443,   0.819,9999.000,9999.000,9999.000,9999.000,9999.000,9999.000,9999.000
202603041412,   0.428,   0.800,9999.000,9999.000,9999.000,9999.000,9999.000,9999.000,9999.000
202603041418,   0.413,   0.770,9999.000,9999.000,9999.000,9999.000,9999.000,9999.000,9999.000
202603041424,   0.399,   0.760,9999.000,9999.000,9999.000,9999.000,9999.000,9999.000,9999.000
202603041430,   0.386,   0.741,9999.000,9999.000,9999.000,9999.000,9999.000,9999.000,9999.000
202603041436,   0.373,   0.731,9999.000,9999.000,9999.000,9999.000,9999.000,9999.000,9999.000
202603041442,   0.360,   0.708,9999.000,9999.000,9999.000,9999.000,9999.000,9999.000,9999.000
202603041448,   0.348,   0.688,9999.000,9999.000,9999.000,9999.000,9999.000,9999.000,9999.000
202603041454,   0.337,   0.698,9999.000,9999.000,9999.000,9999.000,9999.000,9999.000,9999.000
202603041500,   0.326,   0.669,   0.500,  -0.157,   0.669,   0.500,   0.669,   0.500,   0.669
202603041506,   0.317,   0.659,9999.000,9999.000,9999.000,9999.000,9999.000,9999.000,9999.000
202603041512,   0.307,   0.649,9999.000,9999.000,9999.000,9999.000,9999.000,9999.000,9999.000
202603041518,   0.299,   0.649,9999.000,9999.000,9999.000,9999.000,9999.000,9999.000,9999.000
202603041524,   0.291,   0.619,9999.000,9999.000,9999.000,9999.000,9999.000,9999.000,9999.000
202603041530,   0.284,   0.629,9999.000,9999.000,9999.000,9999.000,9999.000,9999.000,9999.000
202603041536,   0.278,   0.610,9999.000,9999.000,9999.000,9999.000,9999.000,9999.000,9999.000
202603041542,   0.273,   0.590,9999.000,9999.000,9999.000,9999.000,9999.000,9999.000,9999.000
202603041548,   0.268,   0.570,9999.000,9999.000,9999.000,9999.000,9999.000,9999.000,9999.000
202603041554,   0.264,   0.531,9999.000,9999.000,9999.000,9999.000,9999.000,9999.000,9999.000
202603041600,   0.261,   0.541,   0.500,  -0.220,   0.541,   0.500,   0.541,   0.500,   0.541
202603041606,   0.259,   0.551,9999.000,9999.000,9999.000,9999.000,9999.000,9999.000,9999.000
202603041612,   0.257,   0.541,9999.000,9999.000,9999.000,9999.000,9999.000,9999.000,9999.000
202603041618,   0.257,   0.541,9999.000,9999.000,9999.000,9999.000,9999.000,9999.000,9999.000
202603041624,   0.257,   0.541,9999.000,9999.000,9999.000,9999.000,9999.000,9999.000,9999.000
202603041630,   0.257,   0.531,9999.000,9999.000,9999.000,9999.000,9999.000,9999.000,9999.000
202603041636,   0.259,   0.541,9999.000,9999.000,9999.000,9999.000,9999.000,9999.000,9999.000
202603041642,   0.261,   0.498,9999.000,9999.000,9999.000,9999.000,9999.000,9999.000,9999.000
202603041648,   0.264,   0.518,9999.000,9999.000,9999.000,9999.000,9999.000,9999.000,9999.000
202603041654,   0.268,   0.551,9999.000,9999.000,9999.000,9999.000,9999.000,9999.000,9999.000
202603041700,   0.272,   0.551,   0.500,  -0.221,   0.551,   0.400,   0.451,   0.500,   0.551
202603041706,   0.277,   0.541,9999.000,9999.000,9999.000,9999.000,9999.000,9999.000,9999.000
202603041712,   0.283,   0.560,9999.000,9999.000,9999.000,9999.000,9999.000,9999.000,9999.000
202603041718,   0.289,   0.560,9999.000,9999.000,9999.000,9999.000,9999.000,9999.000,9999.000
202603041724,   0.296,   0.590,9999.000,9999.000,9999.000,9999.000,9999.000,9999.000,9999.000
202603041730,   0.303,   0.610,9999.000,9999.000,9999.000,9999.000,9999.000,9999.000,9999.000
202603041736,   0.311,   0.629,9999.000,9999.000,9999.000,9999.000,9999.000,9999.000,9999.000
202603041742,   0.319,   0.649,9999.000,9999.000,9999.000,9999.000,9999.000,9999.000,9999.000
202603041748,   0.328,   0.678,9999.000,9999.000,9999.000,9999.000,9999.000,9999.000,9999.000
202603041754,   0.337,   0.688,9999.000,9999.000,9999.000,9999.000,9999.000,9999.000,9999.000
202603041800,   0.347,   0.718,   0.300,   0.071,   0.718,   0.300,   0.718,   0.300,   0.718
202603041806,   0.357,   0.751,9999.000,9999.000,9999.000,9999.000,9999.000,9999.000,9999.000
202603041812,   0.368,   0.760,9999.000,9999.000,9999.000,9999.000,9999.000,9999.000,9999.000
202603041818,   0.379,   0.770,9999.000,9999.000,9999.000,9999.000,9999.000,9999.000,9999.000
202603041824,   0.390,   0.780,9999.000,9999.000,9999.000,9999.000,9999.000,9999.000,9999.000
202603041830,   0.402,   0.810,9999.000,9999.000,9999.000,9999.000,9999.000,9999.000,9999.000
202603041836,   0.414,   0.829,9999.000,9999.000,9999.000,9999.000,9999.000,9999.000,9999.000
202603041842,   0.426,   0.859,9999.000,9999.000,9999.000,9999.000,9999.000,9999.000,9999.000
202603041848,   0.439,   0.859,9999.000,9999.000,9999.000,9999.000,9999.000,9999.000,9999.000
202603041854,   0.452,   0.869,9999.000,9999.000,9999.000,9999.000,9999.000,9999.000,9999.000
202603041900,   0.466,   0.898,   0.300,   0.132,   0.898,   0.300,   0.898,   0.300,   0.898
202603041906,   0.479,   0.928,9999.000,9999.000,9999.000,9999.000,9999.000,9999.000,9999.000
202603041912,   0.493,   0.951,9999.000,9999.000,9999.000,9999.000,9999.000,9999.000,9999.000
202603041918,   0.507,   0.970,9999.000,9999.000,9999.000,9999.000,9999.000,9999.000,9999.000
202603041924,   0.521,   0.980,9999.000,9999.000,9999.000,9999.000,9999.000,9999.000,9999.000
202603041930,   0.535,   1.000,9999.000,9999.000,9999.000,9999.000,9999.000,9999.000,9999.000
202603041936,   0.549,   1.010,9999.000,9999.000,9999.000,9999.000,9999.000,9999.000,9999.000
202603041942,   0.563,   1.029,9999.000,9999.000,9999.000,9999.000,9999.000,9999.000,9999.000
202603041948,   0.578,   1.059,9999.000,9999.000,9999.000,9999.000,9999.000,9999.000,9999.000
202603041954,   0.592,   1.079,9999.000,9999.000,9999.000,9999.000,9999.000,9999.000,9999.000
202603042000,   0.606,   1.088,   0.300,   0.182,   1.088,   0.300,   1.088,   0.300,   1.088
202603042006,   0.620,   1.088,9999.000,9999.000,9999.000,9999.000,9999.000,9999.000,9999.000
202603042012,   0.633,   1.118,9999.000,9999.000,9999.000,9999.000,9999.000,9999.000,9999.000
202603042018,   0.647,   1.161,9999.000,9999.000,9999.000,9999.000,9999.000,9999.000,9999.000
202603042024,   0.660,   1.180,9999.000,9999.000,9999.000,9999.000,9999.000,9999.000,9999.000
202603042030,   0.672,   1.200,9999.000,9999.000,9999.000,9999.000,9999.000,9999.000,9999.000
202603042036,   0.685,   1.220,9999.000,9999.000,9999.000,9999.000,9999.000,9999.000,9999.000
202603042042,   0.697,   1.239,9999.000,9999.000,9999.000,9999.000,9999.000,9999.000,9999.000
202603042048,   0.708,   1.259,9999.000,9999.000,9999.000,9999.000,9999.000,9999.000,9999.000
202603042054,   0.719,   1.279,9999.000,9999.000,9999.000,9999.000,9999.000,9999.000,9999.000
202603042100,   0.729,   1.289,   0.300,   0.260,   1.289,   0.300,   1.289,   0.300,   1.289
202603042106,   0.739,   1.289,9999.000,9999.000,9999.000,9999.000,9999.000,9999.000,9999.000
202603042112,   0.748,   1.308,9999.000,9999.000,9999.000,9999.000,9999.000,9999.000,9999.000
202603042118,   0.756,   1.318,9999.000,9999.000,9999.000,9999.000,9999.000,9999.000,9999.000
202603042124,   0.764,   1.318,9999.000,9999.000,9999.000,9999.000,9999.000,9999.000,9999.000
202603042130,   0.771,   1.338,9999.000,9999.000,9999.000,9999.000,9999.000,9999.000,9999.000
202603042136,   0.777,   1.338,9999.000,9999.000,9999.000,9999.000,9999.000,9999.000,9999.000
202603042142,   0.782,   1.338,9999.000,9999.000,9999.000,9999.000,9999.000,9999.000,9999.000
202603042148,   0.787,   1.361,9999.000,9999.000,9999.000,9999.000,9999.000,9999.000,9999.000
202603042154,   0.791,   1.371,9999.000,9999.000,9999.000,9999.000,9999.000,9999.000,9999.000
202603042200,   0.794,   1.380,   0.400,   0.186,   1.380,   0.300,   1.280,   0.400,   1.380
202603042206,   0.796,   1.400,9999.000,9999.000,9999.000,9999.000,9999.000,9999.000,9999.000
202603042212,   0.798,   1.390,9999.000,9999.000,9999.000,9999.000,9999.000,9999.000,9999.000
202603042218,   0.798,   1.390,9999.000,9999.000,9999.000,9999.000,9999.000,9999.000,9999.000
202603042224,   0.798,   1.400,9999.000,9999.000,9999.000,9999.000,9999.000,9999.000,9999.000
202603042230,   0.798,   1.400,9999.000,9999.000,9999.000,9999.000,9999.000,9999.000,9999.000
202603042236,   0.796,   1.400,9999.000,9999.000,9999.000,9999.000,9999.000,9999.000,9999.000
202603042242,   0.794,   1.410,9999.000,9999.000,9999.000,9999.000,9999.000,9999.000,9999.000
202603042248,   0.791,   1.410,9999.000,9999.000,9999.000,9999.000,9999.000,9999.000,9999.000
202603042254,   0.788,   1.420,9999.000,9999.000,9999.000,9999.000,9999.000,9999.000,9999.000
202603042300,   0.784,   1.430,   0.400,   0.246,   1.430,   0.400,   1.430,   0.400,   1.430
202603042306,   0.779,   1.420,9999.000,9999.000,9999.000,9999.000,9999.000,9999.000,9999.000
202603042312,   0.774,   1.430,9999.000,9999.000,9999.000,9999.000,9999.000,9999.000,9999.000
202603042318,   0.768,   1.439,9999.000,9999.000,9999.000,9999.000,9999.000,9999.000,9999.000
202603042324,   0.762,   1.439,9999.000,9999.000,9999.000,9999.000,9999.000,9999.000,9999.000
202603042330,   0.755,   1.430,9999.000,9999.000,9999.000,9999.000,9999.000,9999.000,9999.000
202603042336,   0.748,   1.430,9999.000,9999.000,9999.000,9999.000,9999.000,9999.000,9999.000
202603042342,   0.740,   1.420,9999.000,9999.000,9999.000,9999.000,9999.000,9999.000,9999.000
202603042348,   0.732,   1.400,9999.000,9999.000,9999.000,9999.000,9999.000,9999.000,9999.000
202603042354,   0.724,   1.351,9999.000,9999.000,9999.000,9999.000,9999.000,9999.000,9999.000
202603050000,   0.715,   1.380,   0.400,   0.265,   1.380,   0.400,   1.380,   0.400,   1.380
202603050006,   0.706,   1.380,9999.000,9999.000,9999.000,9999.000,9999.000,9999.000,9999.000
202603050012,   0.697,   1.371,9999.000,9999.000,9999.000,9999.000,9999.000,9999.000,9999.000
202603050018,   0.688,   1.361,9999.000,9999.000,9999.000,9999.000,9999.000,9999.000,9999.000
202603050024,   0.678,   1.348,9999.000,9999.000,9999.000,9999.000,9999.000,9999.000,9999.000
202603050030,   0.668,   1.348,9999.000,9999.000,9999.000,9999.000,9999.000,9999.000,9999.000
202603050036,   0.658,   1.348,9999.000,9999.000,9999.000,9999.000,9999.000,9999.000,9999.000
202603050042,   0.648,   1.328,9999.000,9999.000,9999.000,9999.000,9999.000,9999.000,9999.000
202603050048,   0.638,   1.318,9999.000,9999.000,9999.000,9999.000,9999.000,9999.000,9999.000
202603050054,   0.627,   1.308,9999.000,9999.000,9999.000,9999.000,9999.000,9999.000,9999.000
202603050100,   0.617,   1.289,   0.400,   0.272,   1.289,   0.400,   1.289,   0.400,   1.289
202603050106,   0.606,   1.289,9999.000,9999.000,9999.000,9999.000,9999.000,9999.000,9999.000
202603050112,   0.595,   1.279,9999.000,9999.000,9999.000,9999.000,9999.000,9999.000,9999.000
202603050118,   0.585,   1.279,9999.000,9999.000,9999.000,9999.000,9999.000,9999.000,9999.000
202603050124,   0.574,   1.269,9999.000,9999.000,9999.000,9999.000,9999.000,9999.000,9999.000
202603050130,   0.563,   1.249,9999.000,9999.000,9999.000,9999.000,9999.000,9999.000,9999.000
202603050136,   0.552,   1.239,9999.000,9999.000,9999.000,9999.000,9999.000,9999.000,9999.000
202603050142,   0.542,   1.220,9999.000,9999.000,9999.000,9999.000,9999.000,9999.000,9999.000
202603050148,   0.531,   1.200,9999.000,9999.000,9999.000,9999.000,9999.000,9999.000,9999.000
202603050154,   0.521,   1.200,9999.000,9999.000,9999.000,9999.000,9999.000,9999.000,9999.000
202603050200,   0.510,   1.200,   0.400,   0.290,   1.200,   0.400,   1.200,   0.400,   1.200
202603050206,   0.500,   1.210,9999.000,9999.000,9999.000,9999.000,9999.000,9999.000,9999.000
202603050212,   0.490,   1.200,9999.000,9999.000,9999.000,9999.000,9999.000,9999.000,9999.000
202603050218,   0.480,   1.180,9999.000,9999.000,9999.000,9999.000,9999.000,9999.000,9999.000
202603050224,   0.470,   1.151,9999.000,9999.000,9999.000,9999.000,9999.000,9999.000,9999.000
202603050230,   0.461,   1.138,9999.000,9999.000,9999.000,9999.000,9999.000,9999.000,9999.000
202603050236,   0.452,   1.128,9999.000,9999.000,9999.000,9999.000,9999.000,9999.000,9999.000
202603050242,   0.443,   1.128,9999.000,9999.000,9999.000,9999.000,9999.000,9999.000,9999.000
202603050248,   0.435,   1.128,9999.000,9999.000,9999.000,9999.000,9999.000,9999.000,9999.000
202603050254,   0.427,   1.108,9999.000,9999.000,9999.000,9999.000,9999.000,9999.000,9999.000
202603050300,   0.420,   1.098,   0.400,   0.278,   1.098,   0.400,   1.098,   0.400,   1.098
202603050306,   0.413,   1.098,9999.000,9999.000,9999.000,9999.000,9999.000,9999.000,9999.000
202603050312,   0.406,   1.079,9999.000,9999.000,9999.000,9999.000,9999.000,9999.000,9999.000
202603050318,   0.400,   1.088,9999.000,9999.000,9999.000,9999.000,9999.000,9999.000,9999.000
202603050324,   0.394,   1.151,9999.000,9999.000,9999.000,9999.000,9999.000,9999.000,9999.000
202603050330,   0.389,   1.000,9999.000,9999.000,9999.000,9999.000,9999.000,9999.000,9999.000
202603050336,   0.385,   0.970,9999.000,9999.000,9999.000,9999.000,9999.000,9999.000,9999.000
202603050342,   0.381,   1.059,9999.000,9999.000,9999.000,9999.000,9999.000,9999.000,9999.000
202603050348,   0.377,   1.138,9999.000,9999.000,9999.000,9999.000,9999.000,9999.000,9999.000
202603050354,   0.375,   1.098,9999.000,9999.000,9999.000,9999.000,9999.000,9999.000,9999.000
202603050400,   0.373,   1.118,   0.400,   0.345,   1.118,   0.400,   1.118,   0.400,   1.118
202603050406,   0.371,   1.108,9999.000,9999.000,9999.000,9999.000,9999.000,9999.000,9999.000
202603050412,   0.370,   1.098,9999.000,9999.000,9999.000,9999.000,9999.000,9999.000,9999.000
202603050418,   0.370,   1.108,9999.000,9999.000,9999.000,9999.000,9999.000,9999.000,9999.000
202603050424,   0.370,   1.079,9999.000,9999.000,9999.000,9999.000,9999.000,9999.000,9999.000
202603050430,   0.372,   1.128,9999.000,9999.000,9999.000,9999.000,9999.000,9999.000,9999.000
202603050436,   0.373,   1.059,9999.000,9999.000,9999.000,9999.000,9999.000,9999.000,9999.000
202603050442,   0.376,   1.079,9999.000,9999.000,9999.000,9999.000,9999.000,9999.000,9999.000
202603050448,   0.379,   1.079,9999.000,9999.000,9999.000,9999.000,9999.000,9999.000,9999.000
202603050454,   0.382,   1.059,9999.000,9999.000,9999.000,9999.000,9999.000,9999.000,9999.000
202603050500,   0.387,   1.079,   0.400,   0.292,   1.079,   0.400,   1.079,   0.400,   1.079
202603050506,   0.391,   1.088,9999.000,9999.000,9999.000,9999.000,9999.000,9999.000,9999.000
202603050512,   0.397,   1.079,9999.000,9999.000,9999.000,9999.000,9999.000,9999.000,9999.000
202603050518,   0.403,   1.098,9999.000,9999.000,9999.000,9999.000,9999.000,9999.000,9999.000
202603050524,   0.410,   1.069,9999.000,9999.000,9999.000,9999.000,9999.000,9999.000,9999.000
202603050530,   0.417,   1.098,9999.000,9999.000,9999.000,9999.000,9999.000,9999.000,9999.000
202603050536,   0.425,   1.118,9999.000,9999.000,9999.000,9999.000,9999.000,9999.000,9999.000
202603050542,   0.434,   1.088,9999.000,9999.000,9999.000,9999.000,9999.000,9999.000,9999.000
202603050548,   0.443,   1.098,9999.000,9999.000,9999.000,9999.000,9999.000,9999.000,9999.000
202603050554,   0.453,   1.098,9999.000,9999.000,9999.000,9999.000,9999.000,9999.000,9999.000
202603050600,   0.463,   1.118,   0.500,   0.155,   1.118,   0.500,   1.118,   0.500,   1.118
202603050606,   0.474,   1.138,9999.000,9999.000,9999.000,9999.000,9999.000,9999.000,9999.000
202603050612,   0.485,   1.161,9999.000,9999.000,9999.000,9999.000,9999.000,9999.000,9999.000
202603050618,   0.497,   1.151,9999.000,9999.000,9999.000,9999.000,9999.000,9999.000,9999.000
202603050624,   0.510,   1.161,9999.000,9999.000,9999.000,9999.000,9999.000,9999.000,9999.000
202603050630,   0.522,   1.170,9999.000,9999.000,9999.000,9999.000,9999.000,9999.000,9999.000
202603050636,   0.536,   1.190,9999.000,9999.000,9999.000,9999.000,9999.000,9999.000,9999.000
202603050642,   0.550,   1.200,9999.000,9999.000,9999.000,9999.000,9999.000,9999.000,9999.000
202603050648,   0.564,   1.200,9999.000,9999.000,9999.000,9999.000,9999.000,9999.000,9999.000
202603050654,   0.579,   1.220,9999.000,9999.000,9999.000,9999.000,9999.000,9999.000,9999.000
202603050700,   0.594,   1.220,   0.500,   0.126,   1.220,   0.500,   1.220,   0.500,   1.220
202603050706,   0.609,   1.229,9999.000,9999.000,9999.000,9999.000,9999.000,9999.000,9999.000
202603050712,   0.625,   1.249,9999.000,9999.000,9999.000,9999.000,9999.000,9999.000,9999.000
202603050718,   0.641,   1.269,9999.000,9999.000,9999.000,9999.000,9999.000,9999.000,9999.000
202603050724,   0.657,   1.289,9999.000,9999.000,9999.000,9999.000,9999.000,9999.000,9999.000
202603050730,   0.673,   1.308,9999.000,9999.000,9999.000,9999.000,9999.000,9999.000,9999.000
202603050736,   0.690,   1.318,9999.000,9999.000,9999.000,9999.000,9999.000,9999.000,9999.000
202603050742,   0.707,   1.338,9999.000,9999.000,9999.000,9999.000,9999.000,9999.000,9999.000
202603050748,   0.723,   1.348,9999.000,9999.000,9999.000,9999.000,9999.000,9999.000,9999.000
202603050754,   0.740,   1.348,9999.000,9999.000,9999.000,9999.000,9999.000,9999.000,9999.000
202603050800,   0.757,   1.348,   0.500,   0.091,   1.348,   0.500,   1.348,   0.500,   1.348
202603050806,   0.774,   1.348,9999.000,9999.000,9999.000,9999.000,9999.000,9999.000,9999.000
202603050812,   0.791,   1.361,9999.000,9999.000,9999.000,9999.000,9999.000,9999.000,9999.000
202603050818,   0.807,   1.371,9999.000,9999.000,9999.000,9999.000,9999.000,9999.000,9999.000
202603050824,   0.824,   1.380,9999.000,9999.000,9999.000,9999.000,9999.000,9999.000,9999.000
202603050830,   0.840,   1.420,9999.000,9999.000,9999.000,9999.000,9999.000,9999.000,9999.000
202603050836,   0.856,   1.439,9999.000,9999.000,9999.000,9999.000,9999.000,9999.000,9999.000
202603050842,   0.871,   1.459,9999.000,9999.000,9999.000,9999.000,9999.000,9999.000,9999.000
202603050848,   0.886,   1.489,9999.000,9999.000,9999.000,9999.000,9999.000,9999.000,9999.000
202603050854,   0.901,   1.508,9999.000,9999.000,9999.000,9999.000,9999.000,9999.000,9999.000
202603050900,   0.915,   1.548,   0.500,   0.133,   1.548,   0.500,   1.548,   0.500,   1.548
202603050906,   0.928,   1.557,9999.000,9999.000,9999.000,9999.000,9999.000,9999.000,9999.000
202603050912,   0.941,   1.557,9999.000,9999.000,9999.000,9999.000,9999.000,9999.000,9999.000
202603050918,   0.953,   1.557,9999.000,9999.000,9999.000,9999.000,9999.000,9999.000,9999.000
202603050924,   0.965,   1.548,9999.000,9999.000,9999.000,9999.000,9999.000,9999.000,9999.000
202603050930,   0.976,   1.538,9999.000,9999.000,9999.000,9999.000,9999.000,9999.000,9999.000
202603050936,   0.986,   1.548,9999.000,9999.000,9999.000,9999.000,9999.000,9999.000,9999.000
202603050942,   0.995,   1.557,9999.000,9999.000,9999.000,9999.000,9999.000,9999.000,9999.000
202603050948,   1.004,   1.571,9999.000,9999.000,9999.000,9999.000,9999.000,9999.000,9999.000
202603050954,   1.012,   1.590,9999.000,9999.000,9999.000,9999.000,9999.000,9999.000,9999.000
202603051000,   1.019,   1.620,   0.500,   0.101,   1.620,   0.500,   1.620,   0.500,   1.620
202603051006,   1.025,   1.639,9999.000,9999.000,9999.000,9999.000,9999.000,9999.000,9999.000
202603051012,   1.030,   1.649,9999.000,9999.000,9999.000,9999.000,9999.000,9999.000,9999.000
202603051018,   1.035,   1.659,9999.000,9999.000,9999.000,9999.000,9999.000,9999.000,9999.000
202603051024,   1.038,   1.659,9999.000,9999.000,9999.000,9999.000,9999.000,9999.000,9999.000
202603051030,   1.041,   1.659,9999.000,9999.000,9999.000,9999.000,9999.000,9999.000,9999.000
202603051036,   1.043,   1.639,9999.000,9999.000,9999.000,9999.000,9999.000,9999.000,9999.000
202603051042,   1.044,   1.630,9999.000,9999.000,9999.000,9999.000,9999.000,9999.000,9999.000
202603051048,   1.044,   1.639,9999.000,9999.000,9999.000,9999.000,9999.000,9999.000,9999.000
202603051054,   1.043,   1.639,9999.000,9999.000,9999.000,9999.000,9999.000,9999.000,9999.000
202603051100,   1.041,   1.630,   0.500,   0.089,   1.630,   0.500,   1.630,   0.500,   1.630
202603051106,   1.039,   1.639,9999.000,9999.000,9999.000,9999.000,9999.000,9999.000,9999.000
202603051112,   1.036,   1.630,9999.000,9999.000,9999.000,9999.000,9999.000,9999.000,9999.000
202603051118,   1.032,   1.630,9999.000,9999.000,9999.000,9999.000,9999.000,9999.000,9999.000
202603051124,   1.028,   1.649,9999.000,9999.000,9999.000,9999.000,9999.000,9999.000,9999.000
202603051130,   1.022,   1.659,9999.000,9999.000,9999.000,9999.000,9999.000,9999.000,9999.000
202603051136,   1.016,   1.669,9999.000,9999.000,9999.000,9999.000,9999.000,9999.000,9999.000
202603051142,   1.010,   1.669,9999.000,9999.000,9999.000,9999.000,9999.000,9999.000,9999.000
202603051148,   1.003,   1.659,9999.000,9999.000,9999.000,9999.000,9999.000,9999.000,9999.000
202603051154,   0.995,   1.639,9999.000,9999.000,9999.000,9999.000,9999.000,9999.000,9999.000
202603051200,   0.986,   1.620,   0.600,   0.034,   1.620,   0.600,   1.620,   0.600,   1.620
202603051206,   0.977,   1.600,9999.000,9999.000,9999.000,9999.000,9999.000,9999.000,9999.000
202603051212,   0.968,   1.580,9999.000,9999.000,9999.000,9999.000,9999.000,9999.000,9999.000
202603051218,   0.958,   1.557,9999.000,9999.000,9999.000,9999.000,9999.000,9999.000,9999.000
202603051224,   0.948,   1.557,9999.000,9999.000,9999.000,9999.000,9999.000,9999.000,9999.000
202603051230,   0.937,   1.548,9999.000,9999.000,9999.000,9999.000,9999.000,9999.000,9999.000
202603051236,   0.926,   1.538,9999.000,9999.000,9999.000,9999.000,9999.000,9999.000,9999.000
202603051242,   0.914,   1.508,9999.000,9999.000,9999.000,9999.000,9999.000,9999.000,9999.000
202603051248,   0.902,   1.498,9999.000,9999.000,9999.000,9999.000,9999.000,9999.000,9999.000
202603051254,   0.890,   1.462,9999.000,9999.000,9999.000,9999.000,9999.000,9999.000,9999.000
202603051300,   0.878,   1.489,   0.600,   0.011,   1.489,   0.600,   1.489,   0.600,   1.489
202603051306,   0.865,   1.498,9999.000,9999.000,9999.000,9999.000,9999.000,9999.000,9999.000
202603051312,   0.852,   1.508,9999.000,9999.000,9999.000,9999.000,9999.000,9999.000,9999.000
202603051318,   0.839,   1.508,9999.000,9999.000,9999.000,9999.000,9999.000,9999.000,9999.000
202603051324,   0.826,   1.498,9999.000,9999.000,9999.000,9999.000,9999.000,9999.000,9999.000
202603051330,   0.813,   1.459,9999.000,9999.000,9999.000,9999.000,9999.000,9999.000,9999.000
202603051336,   0.800,   1.439,9999.000,9999.000,9999.000,9999.000,9999.000,9999.000,9999.000
202603051342,   0.786,   1.420,9999.000,9999.000,9999.000,9999.000,9999.000,9999.000,9999.000
202603051348,   0.773,   1.390,9999.000,9999.000,9999.000,9999.000,9999.000,9999.000,9999.000
202603051354,   0.760,   1.390,9999.000,9999.000,9999.000,9999.000,9999.000,9999.000,9999.000
202603051400,   0.746,   1.371,   0.600,   0.025,   1.371,   0.600,   1.371,   0.600,   1.371
202603051406,   0.733,   1.348,9999.000,9999.000,9999.000,9999.000,9999.000,9999.000,9999.000
202603051412,   0.720,   1.348,9999.000,9999.000,9999.000,9999.000,9999.000,9999.000,9999.000
202603051418,   0.707,   1.328,9999.000,9999.000,9999.000,9999.000,9999.000,9999.000,9999.000
202603051424,   0.694,   1.318,9999.000,9999.000,9999.000,9999.000,9999.000,9999.000,9999.000
202603051430,   0.682,   1.328,9999.000,9999.000,9999.000,9999.000,9999.000,9999.000,9999.000
202603051436,   0.669,   1.308,9999.000,9999.000,9999.000,9999.000,9999.000,9999.000,9999.000
202603051442,   0.657,   1.298,9999.000,9999.000,9999.000,9999.000,9999.000,9999.000,9999.000
202603051448,   0.646,   1.308,9999.000,9999.000,9999.000,9999.000,9999.000,9999.000,9999.000
202603051454,   0.634,   1.279,9999.000,9999.000,9999.000,9999.000,9999.000,9999.000,9999.000
202603051500,   0.623,   1.249,   0.600,   0.026,   1.249,   0.600,   1.249,   0.700,   1.349
202603051506,   0.612,   1.220,9999.000,9999.000,9999.000,9999.000,9999.000,9999.000,9999.000
202603051512,   0.602,   1.190,9999.000,9999.000,9999.000,9999.000,9999.000,9999.000,9999.000
202603051518,   0.591,   1.170,9999.000,9999.000,9999.000,9999.000,9999.000,9999.000,9999.000
202603051524,   0.582,   1.170,9999.000,9999.000,9999.000,9999.000,9999.000,9999.000,9999.000
202603051530,   0.573,   1.161,9999.000,9999.000,9999.000,9999.000,9999.000,9999.000,9999.000
202603051536,   0.564,   1.128,9999.000,9999.000,9999.000,9999.000,9999.000,9999.000,9999.000
202603051542,   0.555,   1.180,9999.000,9999.000,9999.000,9999.000,9999.000,9999.000,9999.000
202603051548,   0.548,   1.128,9999.000,9999.000,9999.000,9999.000,9999.000,9999.000,9999.000
202603051554,   0.540,   1.151,9999.000,9999.000,9999.000,9999.000,9999.000,9999.000,9999.000
202603051600,   0.533,   1.138,   0.600,   0.005,   1.138,   0.600,   1.138,   0.600,   1.138
202603051606,   0.527,   1.128,9999.000,9999.000,9999.000,9999.000,9999.000,9999.000,9999.000
202603051612,   0.521,   1.118,9999.000,9999.000,9999.000,9999.000,9999.000,9999.000,9999.000
202603051618,   0.516,   1.098,9999.000,9999.000,9999.000,9999.000,9999.000,9999.000,9999.000
202603051624,   0.511,   1.108,9999.000,9999.000,9999.000,9999.000,9999.000,9999.000,9999.000
202603051630,   0.507,   1.098,9999.000,9999.000,9999.000,9999.000,9999.000,9999.000,9999.000
202603051636,   0.503,   1.108,9999.000,9999.000,9999.000,9999.000,9999.000,9999.000,9999.000
202603051642,   0.500,   1.118,9999.000,9999.000,9999.000,9999.000,9999.000,9999.000,9999.000
202603051648,   0.497,   1.118,9999.000,9999.000,9999.000,9999.000,9999.000,9999.000,9999.000
202603051654,   0.495,   1.118,9999.000,9999.000,9999.000,9999.000,9999.000,9999.000,9999.000
202603051700,   0.493,   1.118,   0.600,   0.025,   1.118,   0.600,   1.118,   0.600,   1.118
202603051706,   0.492,   1.128,9999.000,9999.000,9999.000,9999.000,9999.000,9999.000,9999.000
202603051712,   0.492,   1.128,9999.000,9999.000,9999.000,9999.000,9999.000,9999.000,9999.000
202603051718,   0.492,   1.118,9999.000,9999.000,9999.000,9999.000,9999.000,9999.000,9999.000
202603051724,   0.492,   1.108,9999.000,9999.000,9999.000,9999.000,9999.000,9999.000,9999.000
202603051730,   0.493,   1.108,9999.000,9999.000,9999.000,9999.000,9999.000,9999.000,9999.000
202603051736,   0.495,   1.118,9999.000,9999.000,9999.000,9999.000,9999.000,9999.000,9999.000
202603051742,   0.497,   1.118,9999.000,9999.000,9999.000,9999.000,9999.000,9999.000,9999.000
202603051748,   0.499,   1.108,9999.000,9999.000,9999.000,9999.000,9999.000,9999.000,9999.000
202603051754,   0.503,   1.108,9999.000,9999.000,9999.000,9999.000,9999.000,9999.000,9999.000
202603051800,   0.506,   1.108,   0.600,   0.002,   1.108,   0.600,   1.108,   0.600,   1.108
202603051806,   0.510,   1.108,9999.000,9999.000,9999.000,9999.000,9999.000,9999.000,9999.000
202603051812,   0.515,   1.118,9999.000,9999.000,9999.000,9999.000,9999.000,9999.000,9999.000
202603051818,   0.520,   1.151,9999.000,9999.000,9999.000,9999.000,9999.000,9999.000,9999.000
202603051824,   0.526,   1.170,9999.000,9999.000,9999.000,9999.000,9999.000,9999.000,9999.000
202603051830,   0.532,   1.170,9999.000,9999.000,9999.000,9999.000,9999.000,9999.000,9999.000
202603051836,   0.538,   1.190,9999.000,9999.000,9999.000,9999.000,9999.000,9999.000,9999.000
202603051842,   0.545,   1.200,9999.000,9999.000,9999.000,9999.000,9999.000,9999.000,9999.000
202603051848,   0.552,   1.190,9999.000,9999.000,9999.000,9999.000,9999.000,9999.000,9999.000
202603051854,   0.559,   1.180,9999.000,9999.000,9999.000,9999.000,9999.000,9999.000,9999.000
202603051900,   0.567,   1.190,   0.600,   0.023,   1.190,   0.600,   1.190,   0.600,   1.190
202603051906,   0.575,   1.200,9999.000,9999.000,9999.000,9999.000,9999.000,9999.000,9999.000
202603051912,   0.584,   1.229,9999.000,9999.000,9999.000,9999.000,9999.000,9999.000,9999.000
202603051918,   0.592,   1.259,9999.000,9999.000,9999.000,9999.000,9999.000,9999.000,9999.000
202603051924,   0.601,   1.269,9999.000,9999.000,9999.000,9999.000,9999.000,9999.000,9999.000
202603051930,   0.610,   1.279,9999.000,9999.000,9999.000,9999.000,9999.000,9999.000,9999.000
202603051936,   0.619,   1.279,9999.000,9999.000,9999.000,9999.000,9999.000,9999.000,9999.000
202603051942,   0.629,   1.289,9999.000,9999.000,9999.000,9999.000,9999.000,9999.000,9999.000
202603051948,   0.638,   1.318,9999.000,9999.000,9999.000,9999.000,9999.000,9999.000,9999.000
202603051954,   0.647,   1.338,9999.000,9999.000,9999.000,9999.000,9999.000,9999.000,9999.000
202603052000,   0.657,   1.348,   0.600,   0.091,   1.348,   0.600,   1.348,   0.600,   1.348
202603052006,   0.666,   1.361,9999.000,9999.000,9999.000,9999.000,9999.000,9999.000,9999.000
202603052012,   0.675,   1.361,9999.000,9999.000,9999.000,9999.000,9999.000,9999.000,9999.000
202603052018,   0.684,   1.348,9999.000,9999.000,9999.000,9999.000,9999.000,9999.000,9999.000
202603052024,   0.693,   1.371,9999.000,9999.000,9999.000,9999.000,9999.000,9999.000,9999.000
202603052030,   0.702,   1.390,9999.000,9999.000,9999.000,9999.000,9999.000,9999.000,9999.000
202603052036,   0.711,   1.390,9999.000,9999.000,9999.000,9999.000,9999.000,9999.000,9999.000
202603052042,   0.719,   1.390,9999.000,9999.000,9999.000,9999.000,9999.000,9999.000,9999.000
202603052048,   0.727,   1.410,9999.000,9999.000,9999.000,9999.000,9999.000,9999.000,9999.000
202603052054,   0.734,   1.410,9999.000,9999.000,9999.000,9999.000,9999.000,9999.000,9999.000
202603052100,   0.741,   1.430,   0.600,   0.089,   1.430,   0.600,   1.430,   0.600,   1.430
202603052106,   0.748,   1.449,9999.000,9999.000,9999.000,9999.000,9999.000,9999.000,9999.000
202603052112,   0.754,   1.449,9999.000,9999.000,9999.000,9999.000,9999.000,9999.000,9999.000
202603052118,   0.760,   1.439,9999.000,9999.000,9999.000,9999.000,9999.000,9999.000,9999.000
202603052124,   0.765,   1.449,9999.000,9999.000,9999.000,9999.000,9999.000,9999.000,9999.000
202603052130,   0.770,   1.449,9999.000,9999.000,9999.000,9999.000,9999.000,9999.000,9999.000
202603052136,   0.774,   1.459,9999.000,9999.000,9999.000,9999.000,9999.000,9999.000,9999.000
202603052142,   0.778,   1.469,9999.000,9999.000,9999.000,9999.000,9999.000,9999.000,9999.000
202603052148,   0.781,   1.469,9999.000,9999.000,9999.000,9999.000,9999.000,9999.000,9999.000
202603052154,   0.783,   1.469,9999.000,9999.000,9999.000,9999.000,9999.000,9999.000,9999.000
202603052200,   0.785,   1.469,   0.600,   0.084,   1.469,   0.600,   1.469,   0.600,   1.469
202603052206,   0.786,   1.479,9999.000,9999.000,9999.000,9999.000,9999.000,9999.000,9999.000
202603052212,   0.787,   1.479,9999.000,9999.000,9999.000,9999.000,9999.000,9999.000,9999.000
202603052218,   0.787,   1.479,9999.000,9999.000,9999.000,9999.000,9999.000,9999.000,9999.000
202603052224,   0.786,   1.469,9999.000,9999.000,9999.000,9999.000,9999.000,9999.000,9999.000
202603052230,   0.784,   1.479,9999.000,9999.000,9999.000,9999.000,9999.000,9999.000,9999.000
202603052236,   0.782,   1.489,9999.000,9999.000,9999.000,9999.000,9999.000,9999.000,9999.000
202603052242,   0.779,   1.498,9999.000,9999.000,9999.000,9999.000,9999.000,9999.000,9999.000
202603052248,   0.776,   1.508,9999.000,9999.000,9999.000,9999.000,9999.000,9999.000,9999.000
202603052254,   0.772,   1.498,9999.000,9999.000,9999.000,9999.000,9999.000,9999.000,9999.000
202603052300,   0.767,   1.479,   0.700,   0.012,   1.479,   0.600,   1.379,   0.700,   1.479
202603052306,   0.762,   1.459,9999.000,9999.000,9999.000,9999.000,9999.000,9999.000,9999.000
202603052312,   0.756,   1.449,9999.000,9999.000,9999.000,9999.000,9999.000,9999.000,9999.000
202603052318,   0.749,   1.459,9999.000,9999.000,9999.000,9999.000,9999.000,9999.000,9999.000
202603052324,   0.742,   1.469,9999.000,9999.000,9999.000,9999.000,9999.000,9999.000,9999.000
202603052330,   0.734,   1.459,9999.000,9999.000,9999.000,9999.000,9999.000,9999.000,9999.000
202603052336,   0.725,   1.449,9999.000,9999.000,9999.000,9999.000,9999.000,9999.000,9999.000
202603052342,   0.716,   1.430,9999.000,9999.000,9999.000,9999.000,9999.000,9999.000,9999.000
202603052348,   0.707,   1.400,9999.000,9999.000,9999.000,9999.000,9999.000,9999.000,9999.000
202603052354,   0.697,   1.338,9999.000,9999.000,9999.000,9999.000,9999.000,9999.000,9999.000
202603060000,   0.686,   1.371,   0.700,  -0.015,   1.371,   0.600,   1.271,   0.700,   1.371
202603060006,   0.676,   1.361,9999.000,9999.000,9999.000,9999.000,9999.000,9999.000,9999.000
202603060012,   0.664,   1.348,9999.000,9999.000,9999.000,9999.000,9999.000,9999.000,9999.000
202603060018,   0.652,   1.338,9999.000,9999.000,9999.000,9999.000,9999.000,9999.000,9999.000
202603060024,   0.640,   1.338,9999.000,9999.000,9999.000,9999.000,9999.000,9999.000,9999.000
202603060030,   0.628,   1.338,9999.000,9999.000,9999.000,9999.000,9999.000,9999.000,9999.000
202603060036,   0.615,   1.308,9999.000,9999.000,9999.000,9999.000,9999.000,9999.000,9999.000
202603060042,   0.602,   1.289,9999.000,9999.000,9999.000,9999.000,9999.000,9999.000,9999.000
202603060048,   0.588,   1.269,9999.000,9999.000,9999.000,9999.000,9999.000,9999.000,9999.000
202603060054,   0.575,   1.249,9999.000,9999.000,9999.000,9999.000,9999.000,9999.000,9999.000
202603060100,   0.561,   1.220,   0.700,  -0.041,   1.220,   0.700,   1.220,   0.700,   1.220
202603060106,   0.547,   1.210,9999.000,9999.000,9999.000,9999.000,9999.000,9999.000,9999.000
202603060112,   0.533,   1.190,9999.000,9999.000,9999.000,9999.000,9999.000,9999.000,9999.000
202603060118,   0.519,   1.161,9999.000,9999.000,9999.000,9999.000,9999.000,9999.000,9999.000
202603060124,   0.505,   1.128,9999.000,9999.000,9999.000,9999.000,9999.000,9999.000,9999.000
202603060130,   0.491,   1.098,9999.000,9999.000,9999.000,9999.000,9999.000,9999.000,9999.000
202603060136,   0.476,   1.069,9999.000,9999.000,9999.000,9999.000,9999.000,9999.000,9999.000
202603060142,   0.462,   1.049,9999.000,9999.000,9999.000,9999.000,9999.000,9999.000,9999.000
202603060148,   0.448,   1.039,9999.000,9999.000,9999.000,9999.000,9999.000,9999.000,9999.000
202603060154,   0.434,   1.029,9999.000,9999.000,9999.000,9999.000,9999.000,9999.000,9999.000
202603060200,   0.421,   1.000,   0.700,  -0.121,   1.000,   0.700,   1.000,   0.700,   1.000
202603060206,   0.407,   0.980,9999.000,9999.000,9999.000,9999.000,9999.000,9999.000,9999.000
202603060212,   0.394,   0.970,9999.000,9999.000,9999.000,9999.000,9999.000,9999.000,9999.000
202603060218,   0.380,   0.951,9999.000,9999.000,9999.000,9999.000,9999.000,9999.000,9999.000
202603060224,   0.368,   0.941,9999.000,9999.000,9999.000,9999.000,9999.000,9999.000,9999.000
202603060230,   0.355,   0.918,9999.000,9999.000,9999.000,9999.000,9999.000,9999.000,9999.000
202603060236,   0.343,   0.888,9999.000,9999.000,9999.000,9999.000,9999.000,9999.000,9999.000
202603060242,   0.331,   0.869,9999.000,9999.000,9999.000,9999.000,9999.000,9999.000,9999.000
202603060248,   0.319,   0.869,9999.000,9999.000,9999.000,9999.000,9999.000,9999.000,9999.000
202603060254,   0.308,   0.849,9999.000,9999.000,9999.000,9999.000,9999.000,9999.000,9999.000
202603060300,   0.297,   0.829,   0.700,  -0.168,   0.829,   0.700,   0.829,   0.700,   0.829
202603060306,   0.287,   0.819,9999.000,9999.000,9999.000,9999.000,9999.000,9999.000,9999.000
202603060312,   0.277,   0.800,9999.000,9999.000,9999.000,9999.000,9999.000,9999.000,9999.000
202603060318,   0.268,   0.800,9999.000,9999.000,9999.000,9999.000,9999.000,9999.000,9999.000
202603060324,   0.259,   0.800,9999.000,9999.000,9999.000,9999.000,9999.000,9999.000,9999.000
202603060330,   0.251,   0.800,9999.000,9999.000,9999.000,9999.000,9999.000,9999.000,9999.000
202603060336,   0.243,   0.810,9999.000,9999.000,9999.000,9999.000,9999.000,9999.000,9999.000
202603060342,   0.235,   0.790,9999.000,9999.000,9999.000,9999.000,9999.000,9999.000,9999.000
202603060348,   0.228,   0.780,9999.000,9999.000,9999.000,9999.000,9999.000,9999.000,9999.000
202603060354,   0.222,   0.760,9999.000,9999.000,9999.000,9999.000,9999.000,9999.000,9999.000
202603060400,   0.216,   0.751,   0.700,  -0.165,   0.751,   0.700,   0.751,   0.700,   0.751
202603060406,   0.211,   0.760,9999.000,9999.000,9999.000,9999.000,9999.000,9999.000,9999.000
202603060412,   0.207,   0.731,9999.000,9999.000,9999.000,9999.000,9999.000,9999.000,9999.000
202603060418,   0.203,   0.708,9999.000,9999.000,9999.000,9999.000,9999.000,9999.000,9999.000
202603060424,   0.199,   0.731,9999.000,9999.000,9999.000,9999.000,9999.000,9999.000,9999.000
202603060430,   0.197,   0.731,9999.000,9999.000,9999.000,9999.000,9999.000,9999.000,9999.000
202603060436,   0.195,   0.731,9999.000,9999.000,9999.000,9999.000,9999.000,9999.000,9999.000
202603060442,   0.193,   0.731,9999.000,9999.000,9999.000,9999.000,9999.000,9999.000,9999.000
202603060448,   0.192,   0.708,9999.000,9999.000,9999.000,9999.000,9999.000,9999.000,9999.000
202603060454,   0.192,   0.688,9999.000,9999.000,9999.000,9999.000,9999.000,9999.000,9999.000
202603060500,   0.193,   0.688,   0.600,  -0.105,   0.688,   0.600,   0.688,   0.700,   0.788
202603060506,   0.194,   0.678,9999.000,9999.000,9999.000,9999.000,9999.000,9999.000,9999.000
202603060512,   0.196,   0.678,9999.000,9999.000,9999.000,9999.000,9999.000,9999.000,9999.000
202603060518,   0.199,   0.688,9999.000,9999.000,9999.000,9999.000,9999.000,9999.000,9999.000
202603060524,   0.202,   0.688,9999.000,9999.000,9999.000,9999.000,9999.000,9999.000,9999.000
202603060530,   0.206,   0.688,9999.000,9999.000,9999.000,9999.000,9999.000,9999.000,9999.000
202603060536,   0.211,   0.718,9999.000,9999.000,9999.000,9999.000,9999.000,9999.000,9999.000
202603060542,   0.217,   0.731,9999.000,9999.000,9999.000,9999.000,9999.000,9999.000,9999.000
202603060548,   0.223,   0.751,9999.000,9999.000,9999.000,9999.000,9999.000,9999.000,9999.000
202603060554,   0.231,   0.780,9999.000,9999.000,9999.000,9999.000,9999.000,9999.000,9999.000
202603060600,   0.239,   0.800,   0.600,  -0.039,   0.800,   0.500,   0.700,   0.600,   0.800
202603060606,   0.247,   0.849,9999.000,9999.000,9999.000,9999.000,9999.000,9999.000,9999.000
202603060612,   0.257,   0.888,9999.000,9999.000,9999.000,9999.000,9999.000,9999.000,9999.000
202603060618,   0.267,   0.918,9999.000,9999.000,9999.000,9999.000,9999.000,9999.000,9999.000
202603060624,   0.278,   0.928,9999.000,9999.000,9999.000,9999.000,9999.000,9999.000,9999.000
202603060630,   0.290,   0.918,9999.000,9999.000,9999.000,9999.000,9999.000,9999.000,9999.000
202603060636,   0.302,   0.908,9999.000,9999.000,9999.000,9999.000,9999.000,9999.000,9999.000
202603060642,   0.315,   0.888,9999.000,9999.000,9999.000,9999.000,9999.000,9999.000,9999.000
202603060648,   0.329,   0.888,9999.000,9999.000,9999.000,9999.000,9999.000,9999.000,9999.000
202603060654,   0.343,   0.928,9999.000,9999.000,9999.000,9999.000,9999.000,9999.000,9999.000
202603060700,   0.358,   0.970,   0.600,   0.012,   0.970,   0.600,   0.970,   0.600,   0.970
202603060706,   0.374,   1.010,9999.000,9999.000,9999.000,9999.000,9999.000,9999.000,9999.000
202603060712,   0.390,   1.029,9999.000,9999.000,9999.000,9999.000,9999.000,9999.000,9999.000
202603060718,   0.407,   1.049,9999.000,9999.000,9999.000,9999.000,9999.000,9999.000,9999.000
202603060724,   0.424,   1.079,9999.000,9999.000,9999.000,9999.000,9999.000,9999.000,9999.000
202603060730,   0.442,   1.088,9999.000,9999.000,9999.000,9999.000,9999.000,9999.000,9999.000
202603060736,   0.460,   1.138,9999.000,9999.000,9999.000,9999.000,9999.000,9999.000,9999.000
202603060742,   0.479,   1.161,9999.000,9999.000,9999.000,9999.000,9999.000,9999.000,9999.000
202603060748,   0.497,   1.190,9999.000,9999.000,9999.000,9999.000,9999.000,9999.000,9999.000
202603060754,   0.517,   1.229,9999.000,9999.000,9999.000,9999.000,9999.000,9999.000,9999.000
202603060800,   0.536,   1.210,   0.600,   0.074,   1.210,   0.500,   1.110,   0.600,   1.210
202603060806,   0.555,   1.210,9999.000,9999.000,9999.000,9999.000,9999.000,9999.000,9999.000
202603060812,   0.575,   1.210,9999.000,9999.000,9999.000,9999.000,9999.000,9999.000,9999.000
202603060818,   0.595,   1.210,9999.000,9999.000,9999.000,9999.000,9999.000,9999.000,9999.000
202603060824,   0.615,   1.249,9999.000,9999.000,9999.000,9999.000,9999.000,9999.000,9999.000
202603060830,   0.634,   1.269,9999.000,9999.000,9999.000,9999.000,9999.000,9999.000,9999.000
202603060836,   0.654,   1.318,9999.000,9999.000,9999.000,9999.000,9999.000,9999.000,9999.000
202603060842,   0.674,   1.371,9999.000,9999.000,9999.000,9999.000,9999.000,9999.000,9999.000
202603060848,   0.693,   1.400,9999.000,9999.000,9999.000,9999.000,9999.000,9999.000,9999.000
202603060854,   0.713,   1.420,9999.000,9999.000,9999.000,9999.000,9999.000,9999.000,9999.000
202603060900,   0.732,   1.430,   0.600,   0.098,   1.430,   0.500,   1.330,   0.600,   1.430
202603060906,   0.751,   1.439,9999.000,9999.000,9999.000,9999.000,9999.000,9999.000,9999.000
202603060912,   0.769,   1.469,9999.000,9999.000,9999.000,9999.000,9999.000,9999.000,9999.000
202603060918,   0.787,   1.508,9999.000,9999.000,9999.000,9999.000,9999.000,9999.000,9999.000
202603060924,   0.805,   1.518,9999.000,9999.000,9999.000,9999.000,9999.000,9999.000,9999.000
202603060930,   0.823,   1.538,9999.000,9999.000,9999.000,9999.000,9999.000,9999.000,9999.000
202603060936,   0.840,   1.538,9999.000,9999.000,9999.000,9999.000,9999.000,9999.000,9999.000
202603060942,   0.856,   1.528,9999.000,9999.000,9999.000,9999.000,9999.000,9999.000,9999.000
202603060948,   0.872,   1.528,9999.000,9999.000,9999.000,9999.000,9999.000,9999.000,9999.000
202603060954,   0.888,   1.538,9999.000,9999.000,9999.000,9999.000,9999.000,9999.000,9999.000
202603061000,   0.903,   1.548,   0.600,   0.045,   1.548,   0.500,   1.448,   0.600,   1.548
202603061006,   0.917,   1.580,9999.000,9999.000,9999.000,9999.000,9999.000,9999.000,9999.000
202603061012,   0.931,   1.620,9999.000,9999.000,9999.000,9999.000,9999.000,9999.000,9999.000
202603061018,   0.944,   1.639,9999.000,9999.000,9999.000,9999.000,9999.000,9999.000,9999.000
202603061024,   0.957,   1.659,9999.000,9999.000,9999.000,9999.000,9999.000,9999.000,9999.000
202603061030,   0.969,   1.689,9999.000,9999.000,9999.000,9999.000,9999.000,9999.000,9999.000
202603061036,   0.980,   1.718,9999.000,9999.000,9999.000,9999.000,9999.000,9999.000,9999.000
202603061042,   0.991,   1.748,9999.000,9999.000,9999.000,9999.000,9999.000,9999.000,9999.000
202603061048,   1.001,   1.748,9999.000,9999.000,9999.000,9999.000,9999.000,9999.000,9999.000
202603061054,   1.010,   1.748,9999.000,9999.000,9999.000,9999.000,9999.000,9999.000,9999.000
202603061100,   1.019,   1.738,   0.600,   0.119,   1.738,   0.500,   1.638,   0.600,   1.738
202603061106,   1.026,   1.728,9999.000,9999.000,9999.000,9999.000,9999.000,9999.000,9999.000
202603061112,   1.033,   1.728,9999.000,9999.000,9999.000,9999.000,9999.000,9999.000,9999.000
202603061118,   1.040,   1.708,9999.000,9999.000,9999.000,9999.000,9999.000,9999.000,9999.000
202603061124,   1.045,   1.708,9999.000,9999.000,9999.000,9999.000,9999.000,9999.000,9999.000
202603061130,   1.050,   1.748,9999.000,9999.000,9999.000,9999.000,9999.000,9999.000,9999.000
202603061136,   1.054,   1.767,9999.000,9999.000,9999.000,9999.000,9999.000,9999.000,9999.000
202603061142,   1.058,   1.810,9999.000,9999.000,9999.000,9999.000,9999.000,9999.000,9999.000
202603061148,   1.060,   1.820,9999.000,9999.000,9999.000,9999.000,9999.000,9999.000,9999.000
202603061154,   1.062,   1.820,9999.000,9999.000,9999.000,9999.000,9999.000,9999.000,9999.000
202603061200,   1.063,   1.830,   0.500,   0.267,   1.830,   0.500,   1.830,   0.500,   1.830
202603061206,   1.063,   1.840,9999.000,9999.000,9999.000,9999.000,9999.000,9999.000,9999.000
202603061212,   1.063,   1.849,9999.000,9999.000,9999.000,9999.000,9999.000,9999.000,9999.000
202603061218,   1.062,   1.849,9999.000,9999.000,9999.000,9999.000,9999.000,9999.000,9999.000
202603061224,   1.060,   1.830,9999.000,9999.000,9999.000,9999.000,9999.000,9999.000,9999.000
202603061230,   1.058,   1.810,9999.000,9999.000,9999.000,9999.000,9999.000,9999.000,9999.000
202603061236,   1.055,   1.790,9999.000,9999.000,9999.000,9999.000,9999.000,9999.000,9999.000
202603061242,   1.051,   1.767,9999.000,9999.000,9999.000,9999.000,9999.000,9999.000,9999.000
202603061248,   1.047,   1.781,9999.000,9999.000,9999.000,9999.000,9999.000,9999.000,9999.000
202603061254,   1.042,   1.781,9999.000,9999.000,9999.000,9999.000,9999.000,9999.000,9999.000
202603061300,   1.036,   1.767,   0.500,   0.231,   1.767,   0.500,   1.767,   0.500,   1.767
202603061306,   1.031,   1.767,9999.000,9999.000,9999.000,9999.000,9999.000,9999.000,9999.000
202603061312,   1.024,   1.738,9999.000,9999.000,9999.000,9999.000,9999.000,9999.000,9999.000
202603061318,   1.017,   1.728,9999.000,9999.000,9999.000,9999.000,9999.000,9999.000,9999.000
202603061324,   1.010,   1.708,9999.000,9999.000,9999.000,9999.000,9999.000,9999.000,9999.000
202603061330,   1.003,   1.679,9999.000,9999.000,9999.000,9999.000,9999.000,9999.000,9999.000
202603061336,   0.995,   1.699,9999.000,9999.000,9999.000,9999.000,9999.000,9999.000,9999.000
202603061342,   0.987,   1.699,9999.000,9999.000,9999.000,9999.000,9999.000,9999.000,9999.000
202603061348,   0.979,   1.679,9999.000,9999.000,9999.000,9999.000,9999.000,9999.000,9999.000
202603061354,   0.970,   1.679,9999.000,9999.000,9999.000,9999.000,9999.000,9999.000,9999.000
202603061400,   0.961,   1.679,   0.500,   0.218,   1.679,   0.500,   1.679,   0.500,   1.679
202603061406,   0.953,   1.639,9999.000,9999.000,9999.000,9999.000,9999.000,9999.000,9999.000
202603061412,   0.944,   1.630,9999.000,9999.000,9999.000,9999.000,9999.000,9999.000,9999.000
202603061418,   0.935,   1.630,9999.000,9999.000,9999.000,9999.000,9999.000,9999.000,9999.000
202603061424,   0.926,   1.630,9999.000,9999.000,9999.000,9999.000,9999.000,9999.000,9999.000
202603061430,   0.917,   1.620,9999.000,9999.000,9999.000,9999.000,9999.000,9999.000,9999.000
202603061436,   0.908,   1.600,9999.000,9999.000,9999.000,9999.000,9999.000,9999.000,9999.000
202603061442,   0.899,   1.571,9999.000,9999.000,9999.000,9999.000,9999.000,9999.000,9999.000
202603061448,   0.890,   1.548,9999.000,9999.000,9999.000,9999.000,9999.000,9999.000,9999.000
202603061454,   0.881,   1.548,9999.000,9999.000,9999.000,9999.000,9999.000,9999.000,9999.000
202603061500,   0.872,   1.538,   0.500,   0.166,   1.538,   0.500,   1.538,   0.500,   1.538
202603061506,   0.864,   1.528,9999.000,9999.000,9999.000,9999.000,9999.000,9999.000,9999.000
202603061512,   0.855,   1.528,9999.000,9999.000,9999.000,9999.000,9999.000,9999.000,9999.000
202603061518,   0.847,   1.518,9999.000,9999.000,9999.000,9999.000,9999.000,9999.000,9999.000
202603061524,   0.839,   1.508,9999.000,9999.000,9999.000,9999.000,9999.000,9999.000,9999.000
202603061530,   0.831,   1.518,9999.000,9999.000,9999.000,9999.000,9999.000,9999.000,9999.000
202603061536,   0.823,   1.498,9999.000,9999.000,9999.000,9999.000,9999.000,9999.000,9999.000
202603061542,   0.815,   1.489,9999.000,9999.000,9999.000,9999.000,9999.000,9999.000,9999.000
202603061548,   0.807,   1.469,9999.000,9999.000,9999.000,9999.000,9999.000,9999.000,9999.000
202603061554,   0.800,   1.449,9999.000,9999.000,9999.000,9999.000,9999.000,9999.000,9999.000
202603061600,   0.793,   1.459,   0.500,   0.166,   1.459,   0.400,   1.359,   0.500,   1.459
202603061606,   0.786,   1.449,9999.000,9999.000,9999.000,9999.000,9999.000,9999.000,9999.000
202603061612,   0.779,   1.439,9999.000,9999.000,9999.000,9999.000,9999.000,9999.000,9999.000
202603061618,   0.772,   1.430,9999.000,9999.000,9999.000,9999.000,9999.000,9999.000,9999.000
202603061624,   0.766,   1.420,9999.000,9999.000,9999.000,9999.000,9999.000,9999.000,9999.000
202603061630,   0.760,   1.420,9999.000,9999.000,9999.000,9999.000,9999.000,9999.000,9999.000
202603061636,   0.754,   1.420,9999.000,9999.000,9999.000,9999.000,9999.000,9999.000,9999.000
202603061642,   0.748,   1.420,9999.000,9999.000,9999.000,9999.000,9999.000,9999.000,9999.000
202603061648,   0.743,   1.410,9999.000,9999.000,9999.000,9999.000,9999.000,9999.000,9999.000
202603061654,   0.738,   1.390,9999.000,9999.000,9999.000,9999.000,9999.000,9999.000,9999.000
202603061700,   0.733,   1.371,   0.400,   0.238,   1.371,   0.400,   1.371,   0.400,   1.371
202603061706,   0.728,   1.361,9999.000,9999.000,9999.000,9999.000,9999.000,9999.000,9999.000
202603061712,   0.724,   1.348,9999.000,9999.000,9999.000,9999.000,9999.000,9999.000,9999.000
202603061718,   0.720,   1.348,9999.000,9999.000,9999.000,9999.000,9999.000,9999.000,9999.000
202603061724,   0.717,   1.348,9999.000,9999.000,9999.000,9999.000,9999.000,9999.000,9999.000
202603061730,   0.714,   1.328,9999.000,9999.000,9999.000,9999.000,9999.000,9999.000,9999.000
202603061736,   0.711,   1.338,9999.000,9999.000,9999.000,9999.000,9999.000,9999.000,9999.000
202603061742,   0.708,   1.338,9999.000,9999.000,9999.000,9999.000,9999.000,9999.000,9999.000
202603061748,   0.706,   1.348,9999.000,9999.000,9999.000,9999.000,9999.000,9999.000,9999.000
202603061754,   0.705,   1.371,9999.000,9999.000,9999.000,9999.000,9999.000,9999.000,9999.000
202603061800,   0.703,   1.361,   0.500,   0.158,   1.361,   0.400,   1.261,   0.500,   1.361
202603061806,   0.703,   1.361,9999.000,9999.000,9999.000,9999.000,9999.000,9999.000,9999.000
202603061812,   0.702,   1.348,9999.000,9999.000,9999.000,9999.000,9999.000,9999.000,9999.000
202603061818,   0.702,   1.348,9999.000,9999.000,9999.000,9999.000,9999.000,9999.000,9999.000
202603061824,   0.703,   1.338,9999.000,9999.000,9999.000,9999.000,9999.000,9999.000,9999.000
202603061830,   0.704,   1.318,9999.000,9999.000,9999.000,9999.000,9999.000,9999.000,9999.000
202603061836,   0.705,   1.308,9999.000,9999.000,9999.000,9999.000,9999.000,9999.000,9999.000
202603061842,   0.707,   1.308,9999.000,9999.000,9999.000,9999.000,9999.000,9999.000,9999.000
202603061848,   0.709,   1.318,9999.000,9999.000,9999.000,9999.000,9999.000,9999.000,9999.000
202603061854,   0.712,   1.348,9999.000,9999.000,9999.000,9999.000,9999.000,9999.000,9999.000
202603061900,   0.715,   1.400,   0.500,   0.185,   1.400,   0.400,   1.300,   0.500,   1.400
202603061906,   0.718,   1.410,9999.000,9999.000,9999.000,9999.000,9999.000,9999.000,9999.000
202603061912,   0.722,   1.430,9999.000,9999.000,9999.000,9999.000,9999.000,9999.000,9999.000
202603061918,   0.726,   1.439,9999.000,9999.000,9999.000,9999.000,9999.000,9999.000,9999.000
202603061924,   0.730,   1.449,9999.000,9999.000,9999.000,9999.000,9999.000,9999.000,9999.000
202603061930,   0.734,   1.469,9999.000,9999.000,9999.000,9999.000,9999.000,9999.000,9999.000
202603061936,   0.739,   1.469,9999.000,9999.000,9999.000,9999.000,9999.000,9999.000,9999.000
202603061942,   0.744,   1.479,9999.000,9999.000,9999.000,9999.000,9999.000,9999.000,9999.000
202603061948,   0.748,   1.459,9999.000,9999.000,9999.000,9999.000,9999.000,9999.000,9999.000
202603061954,   0.753,   1.439,9999.000,9999.000,9999.000,9999.000,9999.000,9999.000,9999.000
202603062000,   0.758,   1.449,   0.500,   0.191,   1.449,   0.500,   1.449,   0.500,   1.449
202603062006,   0.764,   1.439,9999.000,9999.000,9999.000,9999.000,9999.000,9999.000,9999.000
202603062012,   0.769,   1.430,9999.000,9999.000,9999.000,9999.000,9999.000,9999.000,9999.000
202603062018,   0.773,   1.459,9999.000,9999.000,9999.000,9999.000,9999.000,9999.000,9999.000
202603062024,   0.778,   1.449,9999.000,9999.000,9999.000,9999.000,9999.000,9999.000,9999.000
202603062030,   0.783,   1.449,9999.000,9999.000,9999.000,9999.000,9999.000,9999.000,9999.000
202603062036,   0.787,   1.439,9999.000,9999.000,9999.000,9999.000,9999.000,9999.000,9999.000
202603062042,   0.792,   1.439,9999.000,9999.000,9999.000,9999.000,9999.000,9999.000,9999.000
202603062048,   0.796,   1.449,9999.000,9999.000,9999.000,9999.000,9999.000,9999.000,9999.000
202603062054,   0.800,   1.439,9999.000,9999.000,9999.000,9999.000,9999.000,9999.000,9999.000
202603062100,   0.803,   1.430,   0.500,   0.127,   1.430,   0.500,   1.430,   0.600,   1.530
202603062106,   0.806,   1.449,9999.000,9999.000,9999.000,9999.000,9999.000,9999.000,9999.000
202603062112,   0.810,   1.469,9999.000,9999.000,9999.000,9999.000,9999.000,9999.000,9999.000
202603062118,   0.812,   1.479,9999.000,9999.000,9999.000,9999.000,9999.000,9999.000,9999.000
202603062124,   0.814,   1.489,9999.000,9999.000,9999.000,9999.000,9999.000,9999.000,9999.000
202603062130,   0.815,   1.469,9999.000,9999.000,9999.000,9999.000,9999.000,9999.000,9999.000
202603062136,   0.817,   1.469,9999.000,9999.000,9999.000,9999.000,9999.000,9999.000,9999.000
202603062142,   0.817,   1.469,9999.000,9999.000,9999.000,9999.000,9999.000,9999.000,9999.000
202603062148,   0.818,   1.489,9999.000,9999.000,9999.000,9999.000,9999.000,9999.000,9999.000
202603062154,   0.818,   1.498,9999.000,9999.000,9999.000,9999.000,9999.000,9999.000,9999.000
202603062200,   0.817,   1.498,   0.500,   0.181,   1.498,   0.500,   1.498,   0.600,   1.598
202603062206,   0.816,   1.469,9999.000,9999.000,9999.000,9999.000,9999.000,9999.000,9999.000
202603062212,   0.815,   1.469,9999.000,9999.000,9999.000,9999.000,9999.000,9999.000,9999.000
202603062218,   0.813,   1.459,9999.000,9999.000,9999.000,9999.000,9999.000,9999.000,9999.000
202603062224,   0.811,   1.479,9999.000,9999.000,9999.000,9999.000,9999.000,9999.000,9999.000
202603062230,   0.808,   1.498,9999.000,9999.000,9999.000,9999.000,9999.000,9999.000,9999.000
202603062236,   0.805,   1.508,9999.000,9999.000,9999.000,9999.000,9999.000,9999.000,9999.000
202603062242,   0.801,   1.518,9999.000,9999.000,9999.000,9999.000,9999.000,9999.000,9999.000
202603062248,   0.796,   1.518,9999.000,9999.000,9999.000,9999.000,9999.000,9999.000,9999.000
202603062254,   0.792,   1.518,9999.000,9999.000,9999.000,9999.000,9999.000,9999.000,9999.000
202603062300,   0.786,   1.518,   0.600,   0.132,   1.518,   0.500,   1.418,   0.600,   1.518
202603062306,   0.780,   1.518,9999.000,9999.000,9999.000,9999.000,9999.000,9999.000,9999.000
202603062312,   0.774,   1.498,9999.000,9999.000,9999.000,9999.000,9999.000,9999.000,9999.000
202603062318,   0.767,   1.469,9999.000,9999.000,9999.000,9999.000,9999.000,9999.000,9999.000
202603062324,   0.759,   1.449,9999.000,9999.000,9999.000,9999.000,9999.000,9999.000,9999.000
202603062330,   0.751,   1.430,9999.000,9999.000,9999.000,9999.000,9999.000,9999.000,9999.000
202603062336,   0.743,   1.420,9999.000,9999.000,9999.000,9999.000,9999.000,9999.000,9999.000
202603062342,   0.733,   1.410,9999.000,9999.000,9999.000,9999.000,9999.000,9999.000,9999.000
202603062348,   0.724,   1.400,9999.000,9999.000,9999.000,9999.000,9999.000,9999.000,9999.000
202603062354,   0.713,9999.000,9999.000,9999.000,9999.000,9999.000,9999.000,9999.000,9999.000
202603070000,   0.703,9999.000,   0.600,   0.128,   1.431,   0.500,   1.331,   0.600,   1.431
202603070006,   0.691,9999.000,9999.000,9999.000,9999.000,9999.000,9999.000,9999.000,9999.000
202603070012,   0.679,9999.000,9999.000,9999.000,9999.000,9999.000,9999.000,9999.000,9999.000
202603070018,   0.667,9999.000,9999.000,9999.000,9999.000,9999.000,9999.000,9999.000,9999.000
202603070024,   0.654,9999.000,9999.000,9999.000,9999.000,9999.000,9999.000,9999.000,9999.000
202603070030,   0.640,9999.000,9999.000,9999.000,9999.000,9999.000,9999.000,9999.000,9999.000
202603070036,   0.626,9999.000,9999.000,9999.000,9999.000,9999.000,9999.000,9999.000,9999.000
202603070042,   0.612,9999.000,9999.000,9999.000,9999.000,9999.000,9999.000,9999.000,9999.000
202603070048,   0.597,9999.000,9999.000,9999.000,9999.000,9999.000,9999.000,9999.000,9999.000
202603070054,   0.582,9999.000,9999.000,9999.000,9999.000,9999.000,9999.000,9999.000,9999.000
202603070100,   0.566,9999.000,   0.600,   0.124,   1.290,   0.500,   1.190,   0.600,   1.290
202603070106,   0.551,9999.000,9999.000,9999.000,9999.000,9999.000,9999.000,9999.000,9999.000
202603070112,   0.534,9999.000,9999.000,9999.000,9999.000,9999.000,9999.000,9999.000,9999.000
202603070118,   0.518,9999.000,9999.000,9999.000,9999.000,9999.000,9999.000,9999.000,9999.000
202603070124,   0.501,9999.000,9999.000,9999.000,9999.000,9999.000,9999.000,9999.000,9999.000
202603070130,   0.484,9999.000,9999.000,9999.000,9999.000,9999.000,9999.000,9999.000,9999.000
202603070136,   0.468,9999.000,9999.000,9999.000,9999.000,9999.000,9999.000,9999.000,9999.000
202603070142,   0.450,9999.000,9999.000,9999.000,9999.000,9999.000,9999.000,9999.000,9999.000
202603070148,   0.433,9999.000,9999.000,9999.000,9999.000,9999.000,9999.000,9999.000,9999.000
202603070154,   0.416,9999.000,9999.000,9999.000,9999.000,9999.000,9999.000,9999.000,9999.000
202603070200,   0.399,9999.000,   0.600,   0.120,   1.119,   0.500,   1.019,   0.600,   1.119
202603070206,   0.383,9999.000,9999.000,9999.000,9999.000,9999.000,9999.000,9999.000,9999.000
202603070212,   0.366,9999.000,9999.000,9999.000,9999.000,9999.000,9999.000,9999.000,9999.000
202603070218,   0.349,9999.000,9999.000,9999.000,9999.000,9999.000,9999.000,9999.000,9999.000
202603070224,   0.333,9999.000,9999.000,9999.000,9999.000,9999.000,9999.000,9999.000,9999.000
202603070230,   0.317,9999.000,9999.000,9999.000,9999.000,9999.000,9999.000,9999.000,9999.000
202603070236,   0.301,9999.000,9999.000,9999.000,9999.000,9999.000,9999.000,9999.000,9999.000
202603070242,   0.286,9999.000,9999.000,9999.000,9999.000,9999.000,9999.000,9999.000,9999.000
202603070248,   0.270,9999.000,9999.000,9999.000,9999.000,9999.000,9999.000,9999.000,9999.000
202603070254,   0.256,9999.000,9999.000,9999.000,9999.000,9999.000,9999.000,9999.000,9999.000
202603070300,   0.241,9999.000,   0.600,   0.116,   0.957,   0.600,   0.957,   0.600,   0.957
202603070306,   0.228,9999.000,9999.000,9999.000,9999.000,9999.000,9999.000,9999.000,9999.000
202603070312,   0.214,9999.000,9999.000,9999.000,9999.000,9999.000,9999.000,9999.000,9999.000
202603070318,   0.201,9999.000,9999.000,9999.000,9999.000,9999.000,9999.000,9999.000,9999.000
202603070324,   0.189,9999.000,9999.000,9999.000,9999.000,9999.000,9999.000,9999.000,9999.000
202603070330,   0.177,9999.000,9999.000,9999.000,9999.000,9999.000,9999.000,9999.000,9999.000
202603070336,   0.165,9999.000,9999.000,9999.000,9999.000,9999.000,9999.000,9999.000,9999.000
202603070342,   0.154,9999.000,9999.000,9999.000,9999.000,9999.000,9999.000,9999.000,9999.000
202603070348,   0.143,9999.000,9999.000,9999.000,9999.000,9999.000,9999.000,9999.000,9999.000
202603070354,   0.133,9999.000,9999.000,9999.000,9999.000,9999.000,9999.000,9999.000,9999.000
202603070400,   0.124,9999.000,   0.600,   0.112,   0.836,   0.600,   0.836,   0.600,   0.836
202603070406,   0.115,9999.000,9999.000,9999.000,9999.000,9999.000,9999.000,9999.000,9999.000
202603070412,   0.106,9999.000,9999.000,9999.000,9999.000,9999.000,9999.000,9999.000,9999.000
202603070418,   0.098,9999.000,9999.000,9999.000,9999.000,9999.000,9999.000,9999.000,9999.000
202603070424,   0.091,9999.000,9999.000,9999.000,9999.000,9999.000,9999.000,9999.000,9999.000
202603070430,   0.084,9999.000,9999.000,9999.000,9999.000,9999.000,9999.000,9999.000,9999.000
202603070436,   0.078,9999.000,9999.000,9999.000,9999.000,9999.000,9999.000,9999.000,9999.000
202603070442,   0.072,9999.000,9999.000,9999.000,9999.000,9999.000,9999.000,9999.000,9999.000
202603070448,   0.067,9999.000,9999.000,9999.000,9999.000,9999.000,9999.000,9999.000,9999.000
202603070454,   0.063,9999.000,9999.000,9999.000,9999.000,9999.000,9999.000,9999.000,9999.000
202603070500,   0.059,9999.000,   0.500,   0.109,   0.668,   0.500,   0.668,   0.600,   0.768
202603070506,   0.056,9999.000,9999.000,9999.000,9999.000,9999.000,9999.000,9999.000,9999.000
202603070512,   0.053,9999.000,9999.000,9999.000,9999.000,9999.000,9999.000,9999.000,9999.000
202603070518,   0.051,9999.000,9999.000,9999.000,9999.000,9999.000,9999.000,9999.000,9999.000
202603070524,   0.050,9999.000,9999.000,9999.000,9999.000,9999.000,9999.000,9999.000,9999.000
202603070530,   0.050,9999.000,9999.000,9999.000,9999.000,9999.000,9999.000,9999.000,9999.000
202603070536,   0.050,9999.000,9999.000,9999.000,9999.000,9999.000,9999.000,9999.000,9999.000
202603070542,   0.051,9999.000,9999.000,9999.000,9999.000,9999.000,9999.000,9999.000,9999.000
202603070548,   0.053,9999.000,9999.000,9999.000,9999.000,9999.000,9999.000,9999.000,9999.000
202603070554,   0.056,9999.000,9999.000,9999.000,9999.000,9999.000,9999.000,9999.000,9999.000
202603070600,   0.060,9999.000,   0.500,   0.105,   0.665,   0.500,   0.665,   0.600,   0.765
202603070606,   0.064,9999.000,9999.000,9999.000,9999.000,9999.000,9999.000,9999.000,9999.000
202603070612,   0.070,9999.000,9999.000,9999.000,9999.000,9999.000,9999.000,9999.000,9999.000
202603070618,   0.076,9999.000,9999.000,9999.000,9999.000,9999.000,9999.000,9999.000,9999.000
202603070624,   0.083,9999.000,9999.000,9999.000,9999.000,9999.000,9999.000,9999.000,9999.000
202603070630,   0.091,9999.000,9999.000,9999.000,9999.000,9999.000,9999.000,9999.000,9999.000
202603070636,   0.100,9999.000,9999.000,9999.000,9999.000,9999.000,9999.000,9999.000,9999.000
202603070642,   0.110,9999.000,9999.000,9999.000,9999.000,9999.000,9999.000,9999.000,9999.000
202603070648,   0.120,9999.000,9999.000,9999.000,9999.000,9999.000,9999.000,9999.000,9999.000
202603070654,   0.132,9999.000,9999.000,9999.000,9999.000,9999.000,9999.000,9999.000,9999.000
202603070700,   0.144,9999.000,   0.600,   0.101,   0.845,   0.500,   0.745,   0.600,   0.845
202603070706,   0.158,9999.000,9999.000,9999.000,9999.000,9999.000,9999.000,9999.000,9999.000
202603070712,   0.172,9999.000,9999.000,9999.000,9999.000,9999.000,9999.000,9999.000,9999.000
202603070718,   0.186,9999.000,9999.000,9999.000,9999.000,9999.000,9999.000,9999.000,9999.000
202603070724,   0.202,9999.000,9999.000,9999.000,9999.000,9999.000,9999.000,9999.000,9999.000
202603070730,   0.218,9999.000,9999.000,9999.000,9999.000,9999.000,9999.000,9999.000,9999.000
202603070736,   0.235,9999.000,9999.000,9999.000,9999.000,9999.000,9999.000,9999.000,9999.000
202603070742,   0.253,9999.000,9999.000,9999.000,9999.000,9999.000,9999.000,9999.000,9999.000
202603070748,   0.271,9999.000,9999.000,9999.000,9999.000,9999.000,9999.000,9999.000,9999.000
202603070754,   0.290,9999.000,9999.000,9999.000,9999.000,9999.000,9999.000,9999.000,9999.000
202603070800,   0.309,9999.000,   0.500,   0.097,   0.906,   0.500,   0.906,   0.600,   1.006
202603070806,   0.328,9999.000,9999.000,9999.000,9999.000,9999.000,9999.000,9999.000,9999.000
202603070812,   0.348,9999.000,9999.000,9999.000,9999.000,9999.000,9999.000,9999.000,9999.000
202603070818,   0.368,9999.000,9999.000,9999.000,9999.000,9999.000,9999.000,9999.000,9999.000
202603070824,   0.389,9999.000,9999.000,9999.000,9999.000,9999.000,9999.000,9999.000,9999.000
202603070830,   0.410,9999.000,9999.000,9999.000,9999.000,9999.000,9999.000,9999.000,9999.000
202603070836,   0.431,9999.000,9999.000,9999.000,9999.000,9999.000,9999.000,9999.000,9999.000
202603070842,   0.452,9999.000,9999.000,9999.000,9999.000,9999.000,9999.000,9999.000,9999.000
202603070848,   0.473,9999.000,9999.000,9999.000,9999.000,9999.000,9999.000,9999.000,9999.000
202603070854,   0.494,9999.000,9999.000,9999.000,9999.000,9999.000,9999.000,9999.000,9999.000
202603070900,   0.515,9999.000,   0.500,   0.093,   1.108,   0.500,   1.108,   0.600,   1.208
202603070906,   0.536,9999.000,9999.000,9999.000,9999.000,9999.000,9999.000,9999.000,9999.000
202603070912,   0.557,9999.000,9999.000,9999.000,9999.000,9999.000,9999.000,9999.000,9999.000
202603070918,   0.578,9999.000,9999.000,9999.000,9999.000,9999.000,9999.000,9999.000,9999.000
202603070924,   0.599,9999.000,9999.000,9999.000,9999.000,9999.000,9999.000,9999.000,9999.000
202603070930,   0.620,9999.000,9999.000,9999.000,9999.000,9999.000,9999.000,9999.000,9999.000
202603070936,   0.640,9999.000,9999.000,9999.000,9999.000,9999.000,9999.000,9999.000,9999.000
202603070942,   0.661,9999.000,9999.000,9999.000,9999.000,9999.000,9999.000,9999.000,9999.000
202603070948,   0.681,9999.000,9999.000,9999.000,9999.000,9999.000,9999.000,9999.000,9999.000
202603070954,   0.700,9999.000,9999.000,9999.000,9999.000,9999.000,9999.000,9999.000,9999.000
202603071000,   0.720,9999.000,   0.500,   0.089,   1.309,   0.500,   1.309,   0.600,   1.409
202603071006,   0.739,9999.000,9999.000,9999.000,9999.000,9999.000,9999.000,9999.000,9999.000
202603071012,   0.758,9999.000,9999.000,9999.000,9999.000,9999.000,9999.000,9999.000,9999.000
202603071018,   0.777,9999.000,9999.000,9999.000,9999.000,9999.000,9999.000,9999.000,9999.000
202603071024,   0.795,9999.000,9999.000,9999.000,9999.000,9999.000,9999.000,9999.000,9999.000
202603071030,   0.813,9999.000,9999.000,9999.000,9999.000,9999.000,9999.000,9999.000,9999.000
202603071036,   0.831,9999.000,9999.000,9999.000,9999.000,9999.000,9999.000,9999.000,9999.000
202603071042,   0.848,9999.000,9999.000,9999.000,9999.000,9999.000,9999.000,9999.000,9999.000
202603071048,   0.864,9999.000,9999.000,9999.000,9999.000,9999.000,9999.000,9999.000,9999.000
202603071054,   0.881,9999.000,9999.000,9999.000,9999.000,9999.000,9999.000,9999.000,9999.000
202603071100,   0.897,9999.000,   0.500,   0.085,   1.482,   0.500,   1.482,   0.600,   1.582
202603071106,   0.912,9999.000,9999.000,9999.000,9999.000,9999.000,9999.000,9999.000,9999.000
202603071112,   0.927,9999.000,9999.000,9999.000,9999.000,9999.000,9999.000,9999.000,9999.000
202603071118,   0.941,9999.000,9999.000,9999.000,9999.000,9999.000,9999.000,9999.000,9999.000
202603071124,   0.955,9999.000,9999.000,9999.000,9999.000,9999.000,9999.000,9999.000,9999.000
202603071130,   0.968,9999.000,9999.000,9999.000,9999.000,9999.000,9999.000,9999.000,9999.000
202603071136,   0.981,9999.000,9999.000,9999.000,9999.000,9999.000,9999.000,9999.000,9999.000
202603071142,   0.993,9999.000,9999.000,9999.000,9999.000,9999.000,9999.000,9999.000,9999.000
202603071148,   1.005,9999.000,9999.000,9999.000,9999.000,9999.000,9999.000,9999.000,9999.000
202603071154,   1.015,9999.000,9999.000,9999.000,9999.000,9999.000,9999.000,9999.000,9999.000
202603071200,   1.025,9999.000,   0.500,   0.085,   1.610,   0.500,   1.610,   0.600,   1.710
202603071206,   1.035,9999.000,9999.000,9999.000,9999.000,9999.000,9999.000,9999.000,9999.000
202603071212,   1.044,9999.000,9999.000,9999.000,9999.000,9999.000,9999.000,9999.000,9999.000
202603071218,   1.052,9999.000,9999.000,9999.000,9999.000,9999.000,9999.000,9999.000,9999.000
202603071224,   1.059,9999.000,9999.000,9999.000,9999.000,9999.000,9999.000,9999.000,9999.000
202603071230,   1.065,9999.000,9999.000,9999.000,9999.000,9999.000,9999.000,9999.000,9999.000
202603071236,   1.071,9999.000,9999.000,9999.000,9999.000,9999.000,9999.000,9999.000,9999.000
202603071242,   1.076,9999.000,9999.000,9999.000,9999.000,9999.000,9999.000,9999.000,9999.000
202603071248,   1.081,9999.000,9999.000,9999.000,9999.000,9999.000,9999.000,9999.000,9999.000
202603071254,   1.084,9999.000,9999.000,9999.000,9999.000,9999.000,9999.000,9999.000,9999.000
202603071300,   1.087,9999.000,   0.500,   0.085,   1.672,   0.500,   1.672,   0.500,   1.672
202603071306,   1.089,9999.000,9999.000,9999.000,9999.000,9999.000,9999.000,9999.000,9999.000
202603071312,   1.091,9999.000,9999.000,9999.000,9999.000,9999.000,9999.000,9999.000,9999.000
202603071318,   1.092,9999.000,9999.000,9999.000,9999.000,9999.000,9999.000,9999.000,9999.000
202603071324,   1.092,9999.000,9999.000,9999.000,9999.000,9999.000,9999.000,9999.000,9999.000
202603071330,   1.092,9999.000,9999.000,9999.000,9999.000,9999.000,9999.000,9999.000,9999.000
202603071336,   1.091,9999.000,9999.000,9999.000,9999.000,9999.000,9999.000,9999.000,9999.000
202603071342,   1.090,9999.000,9999.000,9999.000,9999.000,9999.000,9999.000,9999.000,9999.000
202603071348,   1.089,9999.000,9999.000,9999.000,9999.000,9999.000,9999.000,9999.000,9999.000
202603071354,   1.086,9999.000,9999.000,9999.000,9999.000,9999.000,9999.000,9999.000,9999.000
202603071400,   1.084,9999.000,   0.500,   0.085,   1.669,   0.500,   1.669,   0.500,   1.669
202603071406,   1.081,9999.000,9999.000,9999.000,9999.000,9999.000,9999.000,9999.000,9999.000
202603071412,   1.078,9999.000,9999.000,9999.000,9999.000,9999.000,9999.000,9999.000,9999.000
202603071418,   1.074,9999.000,9999.000,9999.000,9999.000,9999.000,9999.000,9999.000,9999.000
202603071424,   1.071,9999.000,9999.000,9999.000,9999.000,9999.000,9999.000,9999.000,9999.000
202603071430,   1.067,9999.000,9999.000,9999.000,9999.000,9999.000,9999.000,9999.000,9999.000
202603071436,   1.063,9999.000,9999.000,9999.000,9999.000,9999.000,9999.000,9999.000,9999.000
202603071442,   1.059,9999.000,9999.000,9999.000,9999.000,9999.000,9999.000,9999.000,9999.000
202603071448,   1.054,9999.000,9999.000,9999.000,9999.000,9999.000,9999.000,9999.000,9999.000
202603071454,   1.050,9999.000,9999.000,9999.000,9999.000,9999.000,9999.000,9999.000,9999.000
202603071500,   1.045,9999.000,   0.500,   0.085,   1.630,   0.500,   1.630,   0.600,   1.730
202603071506,   1.041,9999.000,9999.000,9999.000,9999.000,9999.000,9999.000,9999.000,9999.000
202603071512,   1.036,9999.000,9999.000,9999.000,9999.000,9999.000,9999.000,9999.000,9999.000
202603071518,   1.032,9999.000,9999.000,9999.000,9999.000,9999.000,9999.000,9999.000,9999.000
202603071524,   1.027,9999.000,9999.000,9999.000,9999.000,9999.000,9999.000,9999.000,9999.000
202603071530,   1.022,9999.000,9999.000,9999.000,9999.000,9999.000,9999.000,9999.000,9999.000
202603071536,   1.018,9999.000,9999.000,9999.000,9999.000,9999.000,9999.000,9999.000,9999.000
202603071542,   1.013,9999.000,9999.000,9999.000,9999.000,9999.000,9999.000,9999.000,9999.000
202603071548,   1.008,9999.000,9999.000,9999.000,9999.000,9999.000,9999.000,9999.000,9999.000
202603071554,   1.004,9999.000,9999.000,9999.000,9999.000,9999.000,9999.000,9999.000,9999.000
202603071600,   0.999,9999.000,   0.500,   0.085,   1.584,   0.500,   1.584,   0.600,   1.684
202603071606,   0.994,9999.000,9999.000,9999.000,9999.000,9999.000,9999.000,9999.000,9999.000
202603071612,   0.989,9999.000,9999.000,9999.000,9999.000,9999.000,9999.000,9999.000,9999.000
202603071618,   0.985,9999.000,9999.000,9999.000,9999.000,9999.000,9999.000,9999.000,9999.000
202603071624,   0.980,9999.000,9999.000,9999.000,9999.000,9999.000,9999.000,9999.000,9999.000
202603071630,   0.975,9999.000,9999.000,9999.000,9999.000,9999.000,9999.000,9999.000,9999.000
202603071636,   0.970,9999.000,9999.000,9999.000,9999.000,9999.000,9999.000,9999.000,9999.000
202603071642,   0.965,9999.000,9999.000,9999.000,9999.000,9999.000,9999.000,9999.000,9999.000
202603071648,   0.960,9999.000,9999.000,9999.000,9999.000,9999.000,9999.000,9999.000,9999.000
202603071654,   0.955,9999.000,9999.000,9999.000,9999.000,9999.000,9999.000,9999.000,9999.000
202603071700,   0.950,9999.000,   0.500,   0.085,   1.535,   0.500,   1.535,   0.500,   1.535
202603071706,   0.946,9999.000,9999.000,9999.000,9999.000,9999.000,9999.000,9999.000,9999.000
202603071712,   0.941,9999.000,9999.000,9999.000,9999.000,9999.000,9999.000,9999.000,9999.000
202603071718,   0.936,9999.000,9999.000,9999.000,9999.000,9999.000,9999.000,9999.000,9999.000
202603071724,   0.931,9999.000,9999.000,9999.000,9999.000,9999.000,9999.000,9999.000,9999.000
202603071730,   0.926,9999.000,9999.000,9999.000,9999.000,9999.000,9999.000,9999.000,9999.000
202603071736,   0.922,9999.000,9999.000,9999.000,9999.000,9999.000,9999.000,9999.000,9999.000
202603071742,   0.917,9999.000,9999.000,9999.000,9999.000,9999.000,9999.000,9999.000,9999.000
202603071748,   0.913,9999.000,9999.000,9999.000,9999.000,9999.000,9999.000,9999.000,9999.000
202603071754,   0.909,9999.000,9999.000,9999.000,9999.000,9999.000,9999.000,9999.000,9999.000
202603071800,   0.905,9999.000,   0.500,   0.085,   1.490,   0.500,   1.490,   0.500,   1.490
202603071806,   0.902,9999.000,9999.000,9999.000,9999.000,9999.000,9999.000,9999.000,9999.000
202603071812,   0.898,9999.000,9999.000,9999.000,9999.000,9999.000,9999.000,9999.000,9999.000
202603071818,   0.895,9999.000,9999.000,9999.000,9999.000,9999.000,9999.000,9999.000,9999.000
202603071824,   0.893,9999.000,9999.000,9999.000,9999.000,9999.000,9999.000,9999.000,9999.000
202603071830,   0.890,9999.000,9999.000,9999.000,9999.000,9999.000,9999.000,9999.000,9999.000
202603071836,   0.888,9999.000,9999.000,9999.000,9999.000,9999.000,9999.000,9999.000,9999.000
202603071842,   0.886,9999.000,9999.000,9999.000,9999.000,9999.000,9999.000,9999.000,9999.000
202603071848,   0.885,9999.000,9999.000,9999.000,9999.000,9999.000,9999.000,9999.000,9999.000
202603071854,   0.884,9999.000,9999.000,9999.000,9999.000,9999.000,9999.000,9999.000,9999.000
202603071900,   0.883,9999.000,   0.500,   0.085,   1.468,   0.500,   1.468,   0.500,   1.468
202603071906,   0.883,9999.000,9999.000,9999.000,9999.000,9999.000,9999.000,9999.000,9999.000
202603071912,   0.882,9999.000,9999.000,9999.000,9999.000,9999.000,9999.000,9999.000,9999.000
202603071918,   0.883,9999.000,9999.000,9999.000,9999.000,9999.000,9999.000,9999.000,9999.000
202603071924,   0.883,9999.000,9999.000,9999.000,9999.000,9999.000,9999.000,9999.000,9999.000
202603071930,   0.884,9999.000,9999.000,9999.000,9999.000,9999.000,9999.000,9999.000,9999.000
202603071936,   0.885,9999.000,9999.000,9999.000,9999.000,9999.000,9999.000,9999.000,9999.000
202603071942,   0.886,9999.000,9999.000,9999.000,9999.000,9999.000,9999.000,9999.000,9999.000
202603071948,   0.887,9999.000,9999.000,9999.000,9999.000,9999.000,9999.000,9999.000,9999.000
202603071954,   0.889,9999.000,9999.000,9999.000,9999.000,9999.000,9999.000,9999.000,9999.000
202603072000,   0.890,9999.000,   0.500,   0.085,   1.475,   0.500,   1.475,   0.500,   1.475
202603072006,   0.892,9999.000,9999.000,9999.000,9999.000,9999.000,9999.000,9999.000,9999.000
202603072012,   0.894,9999.000,9999.000,9999.000,9999.000,9999.000,9999.000,9999.000,9999.000
202603072018,   0.895,9999.000,9999.000,9999.000,9999.000,9999.000,9999.000,9999.000,9999.000
202603072024,   0.897,9999.000,9999.000,9999.000,9999.000,9999.000,9999.000,9999.000,9999.000
202603072030,   0.898,9999.000,9999.000,9999.000,9999.000,9999.000,9999.000,9999.000,9999.000
202603072036,   0.900,9999.000,9999.000,9999.000,9999.000,9999.000,9999.000,9999.000,9999.000
202603072042,   0.901,9999.000,9999.000,9999.000,9999.000,9999.000,9999.000,9999.000,9999.000
202603072048,   0.902,9999.000,9999.000,9999.000,9999.000,9999.000,9999.000,9999.000,9999.000
202603072054,   0.902,9999.000,9999.000,9999.000,9999.000,9999.000,9999.000,9999.000,9999.000
202603072100,   0.903,9999.000,   0.500,   0.085,   1.488,   0.500,   1.488,   0.600,   1.588
202603072106,   0.903,9999.000,9999.000,9999.000,9999.000,9999.000,9999.000,9999.000,9999.000
202603072112,   0.903,9999.000,9999.000,9999.000,9999.000,9999.000,9999.000,9999.000,9999.000
202603072118,   0.902,9999.000,9999.000,9999.000,9999.000,9999.000,9999.000,9999.000,9999.000
202603072124,   0.901,9999.000,9999.000,9999.000,9999.000,9999.000,9999.000,9999.000,9999.000
202603072130,   0.900,9999.000,9999.000,9999.000,9999.000,9999.000,9999.000,9999.000,9999.000
202603072136,   0.899,9999.000,9999.000,9999.000,9999.000,9999.000,9999.000,9999.000,9999.000
202603072142,   0.897,9999.000,9999.000,9999.000,9999.000,9999.000,9999.000,9999.000,9999.000
202603072148,   0.894,9999.000,9999.000,9999.000,9999.000,9999.000,9999.000,9999.000,9999.000
202603072154,   0.892,9999.000,9999.000,9999.000,9999.000,9999.000,9999.000,9999.000,9999.000
202603072200,   0.889,9999.000,   0.500,   0.085,   1.474,   0.500,   1.474,   0.600,   1.574
202603072206,   0.885,9999.000,9999.000,9999.000,9999.000,9999.000,9999.000,9999.000,9999.000
202603072212,   0.882,9999.000,9999.000,9999.000,9999.000,9999.000,9999.000,9999.000,9999.000
202603072218,   0.877,9999.000,9999.000,9999.000,9999.000,9999.000,9999.000,9999.000,9999.000
202603072224,   0.873,9999.000,9999.000,9999.000,9999.000,9999.000,9999.000,9999.000,9999.000
202603072230,   0.868,9999.000,9999.000,9999.000,9999.000,9999.000,9999.000,9999.000,9999.000
202603072236,   0.863,9999.000,9999.000,9999.000,9999.000,9999.000,9999.000,9999.000,9999.000
202603072242,   0.857,9999.000,9999.000,9999.000,9999.000,9999.000,9999.000,9999.000,9999.000
202603072248,   0.852,9999.000,9999.000,9999.000,9999.000,9999.000,9999.000,9999.000,9999.000
202603072254,   0.845,9999.000,9999.000,9999.000,9999.000,9999.000,9999.000,9999.000,9999.000
202603072300,   0.839,9999.000,   0.600,   0.085,   1.524,   0.600,   1.524,   0.600,   1.524
202603072306,   0.832,9999.000,9999.000,9999.000,9999.000,9999.000,9999.000,9999.000,9999.000
202603072312,   0.824,9999.000,9999.000,9999.000,9999.000,9999.000,9999.000,9999.000,9999.000
202603072318,   0.817,9999.000,9999.000,9999.000,9999.000,9999.000,9999.000,9999.000,9999.000
202603072324,   0.810,9999.000,9999.000,9999.000,9999.000,9999.000,9999.000,9999.000,9999.000
202603072330,   0.800,9999.000,9999.000,9999.000,9999.000,9999.000,9999.000,9999.000,9999.000
202603072336,   0.791,9999.000,9999.000,9999.000,9999.000,9999.000,9999.000,9999.000,9999.000
202603072342,   0.782,9999.000,9999.000,9999.000,9999.000,9999.000,9999.000,9999.000,9999.000
202603072348,   0.772,9999.000,9999.000,9999.000,9999.000,9999.000,9999.000,9999.000,9999.000
202603072354,   0.762,9999.000,9999.000,9999.000,9999.000,9999.000,9999.000,9999.000,9999.000
202603080000,   0.751,9999.000,   0.600,   0.085,   1.436,   0.500,   1.336,   0.600,   1.436
202603080006,   0.740,9999.000,9999.000,9999.000,9999.000,9999.000,9999.000,9999.000,9999.000
202603080012,   0.729,9999.000,9999.000,9999.000,9999.000,9999.000,9999.000,9999.000,9999.000
202603080018,   0.717,9999.000,9999.000,9999.000,9999.000,9999.000,9999.000,9999.000,9999.000
202603080024,   0.704,9999.000,9999.000,9999.000,9999.000,9999.000,9999.000,9999.000,9999.000
202603080030,   0.691,9999.000,9999.000,9999.000,9999.000,9999.000,9999.000,9999.000,9999.000
202603080036,   0.677,9999.000,9999.000,9999.000,9999.000,9999.000,9999.000,9999.000,9999.000
202603080042,   0.663,9999.000,9999.000,9999.000,9999.000,9999.000,9999.000,9999.000,9999.000
202603080048,   0.649,9999.000,9999.000,9999.000,9999.000,9999.000,9999.000,9999.000,9999.000
202603080054,   0.633,9999.000,9999.000,9999.000,9999.000,9999.000,9999.000,9999.000,9999.000
202603080100,   0.618,9999.000,   0.600,   0.085,   1.303,   0.500,   1.203,   0.600,   1.303
202603080106,   0.602,9999.000,9999.000,9999.000,9999.000,9999.000,9999.000,9999.000,9999.000
202603080112,   0.586,9999.000,9999.000,9999.000,9999.000,9999.000,9999.000,9999.000,9999.000
202603080118,   0.569,9999.000,9999.000,9999.000,9999.000,9999.000,9999.000,9999.000,9999.000
202603080124,   0.551,9999.000,9999.000,9999.000,9999.000,9999.000,9999.000,9999.000,9999.000
202603080130,   0.534,9999.000,9999.000,9999.000,9999.000,9999.000,9999.000,9999.000,9999.000
202603080136,   0.516,9999.000,9999.000,9999.000,9999.000,9999.000,9999.000,9999.000,9999.000
202603080142,   0.498,9999.000,9999.000,9999.000,9999.000,9999.000,9999.000,9999.000,9999.000
202603080148,   0.480,9999.000,9999.000,9999.000,9999.000,9999.000,9999.000,9999.000,9999.000
202603080154,   0.461,9999.000,9999.000,9999.000,9999.000,9999.000,9999.000,9999.000,9999.000
202603080200,   0.442,9999.000,   0.600,   0.085,   1.127,   0.600,   1.127,   0.600,   1.127
202603080206,   0.424,9999.000,9999.000,9999.000,9999.000,9999.000,9999.000,9999.000,9999.000
202603080212,   0.405,9999.000,9999.000,9999.000,9999.000,9999.000,9999.000,9999.000,9999.000
202603080218,   0.386,9999.000,9999.000,9999.000,9999.000,9999.000,9999.000,9999.000,9999.000
202603080224,   0.367,9999.000,9999.000,9999.000,9999.000,9999.000,9999.000,9999.000,9999.000
202603080230,   0.349,9999.000,9999.000,9999.000,9999.000,9999.000,9999.000,9999.000,9999.000
202603080236,   0.330,9999.000,9999.000,9999.000,9999.000,9999.000,9999.000,9999.000,9999.000
202603080242,   0.312,9999.000,9999.000,9999.000,9999.000,9999.000,9999.000,9999.000,9999.000
202603080248,   0.294,9999.000,9999.000,9999.000,9999.000,9999.000,9999.000,9999.000,9999.000
202603080254,   0.276,9999.000,9999.000,9999.000,9999.000,9999.000,9999.000,9999.000,9999.000
202603080300,   0.259,9999.000,   0.600,   0.085,   0.944,   0.600,   0.944,   0.600,   0.944
202603080306,   0.241,9999.000,9999.000,9999.000,9999.000,9999.000,9999.000,9999.000,9999.000
202603080312,   0.225,9999.000,9999.000,9999.000,9999.000,9999.000,9999.000,9999.000,9999.000
202603080318,   0.208,9999.000,9999.000,9999.000,9999.000,9999.000,9999.000,9999.000,9999.000
202603080324,   0.192,9999.000,9999.000,9999.000,9999.000,9999.000,9999.000,9999.000,9999.000
202603080330,   0.176,9999.000,9999.000,9999.000,9999.000,9999.000,9999.000,9999.000,9999.000
202603080336,   0.161,9999.000,9999.000,9999.000,9999.000,9999.000,9999.000,9999.000,9999.000
202603080342,   0.146,9999.000,9999.000,9999.000,9999.000,9999.000,9999.000,9999.000,9999.000
202603080348,   0.132,9999.000,9999.000,9999.000,9999.000,9999.000,9999.000,9999.000,9999.000
202603080354,   0.118,9999.000,9999.000,9999.000,9999.000,9999.000,9999.000,9999.000,9999.000
202603080400,   0.105,9999.000,   0.600,   0.085,   0.790,   0.600,   0.790,   0.600,   0.790
202603080406,   0.092,9999.000,9999.000,9999.000,9999.000,9999.000,9999.000,9999.000,9999.000
202603080412,   0.080,9999.000,9999.000,9999.000,9999.000,9999.000,9999.000,9999.000,9999.000
202603080418,   0.068,9999.000,9999.000,9999.000,9999.000,9999.000,9999.000,9999.000,9999.000
202603080424,   0.056,9999.000,9999.000,9999.000,9999.000,9999.000,9999.000,9999.000,9999.000
202603080430,   0.045,9999.000,9999.000,9999.000,9999.000,9999.000,9999.000,9999.000,9999.000
202603080436,   0.035,9999.000,9999.000,9999.000,9999.000,9999.000,9999.000,9999.000,9999.000
202603080442,   0.025,9999.000,9999.000,9999.000,9999.000,9999.000,9999.000,9999.000,9999.000
202603080448,   0.015,9999.000,9999.000,9999.000,9999.000,9999.000,9999.000,9999.000,9999.000
202603080454,   0.006,9999.000,9999.000,9999.000,9999.000,9999.000,9999.000,9999.000,9999.000
202603080500,  -0.001,9999.000,   0.600,   0.085,   0.684,   0.500,   0.584,   0.600,   0.684
202603080506,  -0.009,9999.000,9999.000,9999.000,9999.000,9999.000,9999.000,9999.000,9999.000
202603080512,  -0.016,9999.000,9999.000,9999.000,9999.000,9999.000,9999.000,9999.000,9999.000
202603080518,  -0.023,9999.000,9999.000,9999.000,9999.000,9999.000,9999.000,9999.000,9999.000
202603080524,  -0.029,9999.000,9999.000,9999.000,9999.000,9999.000,9999.000,9999.000,9999.000
202603080530,  -0.034,9999.000,9999.000,9999.000,9999.000,9999.000,9999.000,9999.000,9999.000
202603080536,  -0.039,9999.000,9999.000,9999.000,9999.000,9999.000,9999.000,9999.000,9999.000
202603080542,  -0.043,9999.000,9999.000,9999.000,9999.000,9999.000,9999.000,9999.000,9999.000
202603080548,  -0.046,9999.000,9999.000,9999.000,9999.000,9999.000,9999.000,9999.000,9999.000
202603080554,  -0.048,9999.000,9999.000,9999.000,9999.000,9999.000,9999.000,9999.000,9999.000
202603080600,  -0.050,9999.000,   0.600,   0.085,   0.635,   0.500,   0.535,   0.600,   0.635
202603080606,  -0.051,9999.000,9999.000,9999.000,9999.000,9999.000,9999.000,9999.000,9999.000
202603080612,  -0.051,9999.000,9999.000,9999.000,9999.000,9999.000,9999.000,9999.000,9999.000
202603080618,  -0.050,9999.000,9999.000,9999.000,9999.000,9999.000,9999.000,9999.000,9999.000
202603080624,  -0.048,9999.000,9999.000,9999.000,9999.000,9999.000,9999.000,9999.000,9999.000
202603080630,  -0.046,9999.000,9999.000,9999.000,9999.000,9999.000,9999.000,9999.000,9999.000
202603080636,  -0.042,9999.000,9999.000,9999.000,9999.000,9999.000,9999.000,9999.000,9999.000
202603080642,  -0.038,9999.000,9999.000,9999.000,9999.000,9999.000,9999.000,9999.000,9999.000
202603080648,  -0.032,9999.000,9999.000,9999.000,9999.000,9999.000,9999.000,9999.000,9999.000
202603080654,  -0.026,9999.000,9999.000,9999.000,9999.000,9999.000,9999.000,9999.000,9999.000
202603080700,  -0.018,9999.000,   0.600,   0.085,   0.667,   0.500,   0.567,   0.600,   0.667
202603080706,  -0.010,9999.000,9999.000,9999.000,9999.000,9999.000,9999.000,9999.000,9999.000
202603080712,   0.000,9999.000,9999.000,9999.000,9999.000,9999.000,9999.000,9999.000,9999.000
202603080718,   0.009,9999.000,9999.000,9999.000,9999.000,9999.000,9999.000,9999.000,9999.000
202603080724,   0.020,9999.000,9999.000,9999.000,9999.000,9999.000,9999.000,9999.000,9999.000
202603080730,   0.032,9999.000,9999.000,9999.000,9999.000,9999.000,9999.000,9999.000,9999.000
202603080736,   0.045,9999.000,9999.000,9999.000,9999.000,9999.000,9999.000,9999.000,9999.000
202603080742,   0.059,9999.000,9999.000,9999.000,9999.000,9999.000,9999.000,9999.000,9999.000
202603080748,   0.074,9999.000,9999.000,9999.000,9999.000,9999.000,9999.000,9999.000,9999.000
202603080754,   0.089,9999.000,9999.000,9999.000,9999.000,9999.000,9999.000,9999.000,9999.000
202603080800,   0.105,9999.000,   0.600,   0.085,   0.790,   0.500,   0.690,   0.600,   0.790
202603080806,   0.122,9999.000,9999.000,9999.000,9999.000,9999.000,9999.000,9999.000,9999.000
202603080812,   0.140,9999.000,9999.000,9999.000,9999.000,9999.000,9999.000,9999.000,9999.000
202603080818,   0.158,9999.000,9999.000,9999.000,9999.000,9999.000,9999.000,9999.000,9999.000
202603080824,   0.176,9999.000,9999.000,9999.000,9999.000,9999.000,9999.000,9999.000,9999.000
202603080830,   0.195,9999.000,9999.000,9999.000,9999.000,9999.000,9999.000,9999.000,9999.000
202603080836,   0.215,9999.000,9999.000,9999.000,9999.000,9999.000,9999.000,9999.000,9999.000
202603080842,   0.234,9999.000,9999.000,9999.000,9999.000,9999.000,9999.000,9999.000,9999.000
202603080848,   0.255,9999.000,9999.000,9999.000,9999.000,9999.000,9999.000,9999.000,9999.000
202603080854,   0.275,9999.000,9999.000,9999.000,9999.000,9999.000,9999.000,9999.000,9999.000
202603080900,   0.296,9999.000,   0.600,   0.085,   0.981,   0.500,   0.881,   0.600,   0.981
202603080906,   0.316,9999.000,9999.000,9999.000,9999.000,9999.000,9999.000,9999.000,9999.000
202603080912,   0.337,9999.000,9999.000,9999.000,9999.000,9999.000,9999.000,9999.000,9999.000
202603080918,   0.358,9999.000,9999.000,9999.000,9999.000,9999.000,9999.000,9999.000,9999.000
202603080924,   0.380,9999.000,9999.000,9999.000,9999.000,9999.000,9999.000,9999.000,9999.000
202603080930,   0.401,9999.000,9999.000,9999.000,9999.000,9999.000,9999.000,9999.000,9999.000
202603080936,   0.422,9999.000,9999.000,9999.000,9999.000,9999.000,9999.000,9999.000,9999.000
202603080942,   0.443,9999.000,9999.000,9999.000,9999.000,9999.000,9999.000,9999.000,9999.000
202603080948,   0.465,9999.000,9999.000,9999.000,9999.000,9999.000,9999.000,9999.000,9999.000
202603080954,   0.486,9999.000,9999.000,9999.000,9999.000,9999.000,9999.000,9999.000,9999.000
202603081000,   0.507,9999.000,   0.600,   0.085,   1.192,   0.500,   1.092,   0.600,   1.192
202603081006,   0.528,9999.000,9999.000,9999.000,9999.000,9999.000,9999.000,9999.000,9999.000
202603081012,   0.549,9999.000,9999.000,9999.000,9999.000,9999.000,9999.000,9999.000,9999.000
202603081018,   0.570,9999.000,9999.000,9999.000,9999.000,9999.000,9999.000,9999.000,9999.000
202603081024,   0.590,9999.000,9999.000,9999.000,9999.000,9999.000,9999.000,9999.000,9999.000
202603081030,   0.611,9999.000,9999.000,9999.000,9999.000,9999.000,9999.000,9999.000,9999.000
202603081036,   0.631,9999.000,9999.000,9999.000,9999.000,9999.000,9999.000,9999.000,9999.000
202603081042,   0.652,9999.000,9999.000,9999.000,9999.000,9999.000,9999.000,9999.000,9999.000
202603081048,   0.672,9999.000,9999.000,9999.000,9999.000,9999.000,9999.000,9999.000,9999.000
202603081054,   0.692,9999.000,9999.000,9999.000,9999.000,9999.000,9999.000,9999.000,9999.000
202603081100,   0.712,9999.000,   0.600,   0.085,   1.397,   0.600,   1.397,   0.600,   1.397
202603081106,   0.731,9999.000,9999.000,9999.000,9999.000,9999.000,9999.000,9999.000,9999.000
202603081112,   0.750,9999.000,9999.000,9999.000,9999.000,9999.000,9999.000,9999.000,9999.000
202603081118,   0.770,9999.000,9999.000,9999.000,9999.000,9999.000,9999.000,9999.000,9999.000
202603081124,   0.788,9999.000,9999.000,9999.000,9999.000,9999.000,9999.000,9999.000,9999.000
202603081130,   0.807,9999.000,9999.000,9999.000,9999.000,9999.000,9999.000,9999.000,9999.000
202603081136,   0.825,9999.000,9999.000,9999.000,9999.000,9999.000,9999.000,9999.000,9999.000
202603081142,   0.843,9999.000,9999.000,9999.000,9999.000,9999.000,9999.000,9999.000,9999.000
202603081148,   0.861,9999.000,9999.000,9999.000,9999.000,9999.000,9999.000,9999.000,9999.000
202603081154,   0.878,9999.000,9999.000,9999.000,9999.000,9999.000,9999.000,9999.000,9999.000
202603081200,   0.894,9999.000,   0.600,   0.085,   1.579,   0.600,   1.579,   0.600,   1.579
202603081206,   0.910,9999.000,9999.000,9999.000,9999.000,9999.000,9999.000,9999.000,9999.000
202603081212,   0.926,9999.000,9999.000,9999.000,9999.000,9999.000,9999.000,9999.000,9999.000
202603081218,   0.941,9999.000,9999.000,9999.000,9999.000,9999.000,9999.000,9999.000,9999.000
202603081224,   0.956,9999.000,9999.000,9999.000,9999.000,9999.000,9999.000,9999.000,9999.000
202603081230,   0.970,9999.000,9999.000,9999.000,9999.000,9999.000,9999.000,9999.000,9999.000
202603081236,   0.984,9999.000,9999.000,9999.000,9999.000,9999.000,9999.000,9999.000,9999.000
202603081242,   0.996,9999.000,9999.000,9999.000,9999.000,9999.000,9999.000,9999.000,9999.000
202603081248,   1.009,9999.000,9999.000,9999.000,9999.000,9999.000,9999.000,9999.000,9999.000
202603081254,   1.020,9999.000,9999.000,9999.000,9999.000,9999.000,9999.000,9999.000,9999.000
202603081300,   1.031,9999.000,   0.600,   0.085,   1.716,   0.500,   1.616,   0.600,   1.716
202603081306,   1.041,9999.000,9999.000,9999.000,9999.000,9999.000,9999.000,9999.000,9999.000
202603081312,   1.051,9999.000,9999.000,9999.000,9999.000,9999.000,9999.000,9999.000,9999.000
202603081318,   1.060,9999.000,9999.000,9999.000,9999.000,9999.000,9999.000,9999.000,9999.000
202603081324,   1.068,9999.000,9999.000,9999.000,9999.000,9999.000,9999.000,9999.000,9999.000
202603081330,   1.076,9999.000,9999.000,9999.000,9999.000,9999.000,9999.000,9999.000,9999.000
202603081336,   1.083,9999.000,9999.000,9999.000,9999.000,9999.000,9999.000,9999.000,9999.000
202603081342,   1.089,9999.000,9999.000,9999.000,9999.000,9999.000,9999.000,9999.000,9999.000
202603081348,   1.095,9999.000,9999.000,9999.000,9999.000,9999.000,9999.000,9999.000,9999.000
202603081354,   1.100,9999.000,9999.000,9999.000,9999.000,9999.000,9999.000,9999.000,9999.000
202603081400,   1.105,9999.000,   0.600,   0.085,   1.790,   0.500,   1.690,   0.600,   1.790
202603081406,   1.109,9999.000,9999.000,9999.000,9999.000,9999.000,9999.000,9999.000,9999.000
202603081412,   1.113,9999.000,9999.000,9999.000,9999.000,9999.000,9999.000,9999.000,9999.000
202603081418,   1.116,9999.000,9999.000,9999.000,9999.000,9999.000,9999.000,9999.000,9999.000
202603081424,   1.119,9999.000,9999.000,9999.000,9999.000,9999.000,9999.000,9999.000,9999.000
202603081430,   1.122,9999.000,9999.000,9999.000,9999.000,9999.000,9999.000,9999.000,9999.000
202603081436,   1.124,9999.000,9999.000,9999.000,9999.000,9999.000,9999.000,9999.000,9999.000
202603081442,   1.126,9999.000,9999.000,9999.000,9999.000,9999.000,9999.000,9999.000,9999.000
202603081448,   1.127,9999.000,9999.000,9999.000,9999.000,9999.000,9999.000,9999.000,9999.000
202603081454,   1.128,9999.000,9999.000,9999.000,9999.000,9999.000,9999.000,9999.000,9999.000
202603081500,   1.129,9999.000,   0.600,   0.085,   1.814,   0.500,   1.714,   0.600,   1.814
202603081506,   1.130,9999.000,9999.000,9999.000,9999.000,9999.000,9999.000,9999.000,9999.000
202603081512,   1.130,9999.000,9999.000,9999.000,9999.000,9999.000,9999.000,9999.000,9999.000
202603081518,   1.131,9999.000,9999.000,9999.000,9999.000,9999.000,9999.000,9999.000,9999.000
202603081524,   1.131,9999.000,9999.000,9999.000,9999.000,9999.000,9999.000,9999.000,9999.000
202603081530,   1.131,9999.000,9999.000,9999.000,9999.000,9999.000,9999.000,9999.000,9999.000
202603081536,   1.131,9999.000,9999.000,9999.000,9999.000,9999.000,9999.000,9999.000,9999.000
202603081542,   1.130,9999.000,9999.000,9999.000,9999.000,9999.000,9999.000,9999.000,9999.000
202603081548,   1.130,9999.000,9999.000,9999.000,9999.000,9999.000,9999.000,9999.000,9999.000
202603081554,   1.129,9999.000,9999.000,9999.000,9999.000,9999.000,9999.000,9999.000,9999.000
202603081600,   1.129,9999.000,   0.600,   0.085,   1.814,   0.500,   1.714,   0.600,   1.814
202603081606,   1.128,9999.000,9999.000,9999.000,9999.000,9999.000,9999.000,9999.000,9999.000
202603081612,   1.127,9999.000,9999.000,9999.000,9999.000,9999.000,9999.000,9999.000,9999.000
202603081618,   1.126,9999.000,9999.000,9999.000,9999.000,9999.000,9999.000,9999.000,9999.000
202603081624,   1.124,9999.000,9999.000,9999.000,9999.000,9999.000,9999.000,9999.000,9999.000
202603081630,   1.123,9999.000,9999.000,9999.000,9999.000,9999.000,9999.000,9999.000,9999.000
202603081636,   1.121,9999.000,9999.000,9999.000,9999.000,9999.000,9999.000,9999.000,9999.000
202603081642,   1.119,9999.000,9999.000,9999.000,9999.000,9999.000,9999.000,9999.000,9999.000
202603081648,   1.117,9999.000,9999.000,9999.000,9999.000,9999.000,9999.000,9999.000,9999.000
202603081654,   1.115,9999.000,9999.000,9999.000,9999.000,9999.000,9999.000,9999.000,9999.000
202603081700,   1.112,9999.000,   0.500,   0.085,   1.697,   0.500,   1.697,   0.600,   1.797
202603081706,   1.109,9999.000,9999.000,9999.000,9999.000,9999.000,9999.000,9999.000,9999.000
202603081712,   1.107,9999.000,9999.000,9999.000,9999.000,9999.000,9999.000,9999.000,9999.000
202603081718,   1.104,9999.000,9999.000,9999.000,9999.000,9999.000,9999.000,9999.000,9999.000
202603081724,   1.101,9999.000,9999.000,9999.000,9999.000,9999.000,9999.000,9999.000,9999.000
202603081730,   1.097,9999.000,9999.000,9999.000,9999.000,9999.000,9999.000,9999.000,9999.000
202603081736,   1.094,9999.000,9999.000,9999.000,9999.000,9999.000,9999.000,9999.000,9999.000
202603081742,   1.090,9999.000,9999.000,9999.000,9999.000,9999.000,9999.000,9999.000,9999.000
202603081748,   1.087,9999.000,9999.000,9999.000,9999.000,9999.000,9999.000,9999.000,9999.000
202603081754,   1.083,9999.000,9999.000,9999.000,9999.000,9999.000,9999.000,9999.000,9999.000
202603081800,   1.080,9999.000,   0.500,   0.085,   1.665,   0.500,   1.665,   0.600,   1.765
202603081806,   1.076,9999.000,9999.000,9999.000,9999.000,9999.000,9999.000,9999.000,9999.000
202603081812,   1.072,9999.000,9999.000,9999.000,9999.000,9999.000,9999.000,9999.000,9999.000
202603081818,   1.069,9999.000,9999.000,9999.000,9999.000,9999.000,9999.000,9999.000,9999.000
202603081824,   1.065,9999.000,9999.000,9999.000,9999.000,9999.000,9999.000,9999.000,9999.000
202603081830,   1.062,9999.000,9999.000,9999.000,9999.000,9999.000,9999.000,9999.000,9999.000
202603081836,   1.059,9999.000,9999.000,9999.000,9999.000,9999.000,9999.000,9999.000,9999.000
202603081842,   1.056,9999.000,9999.000,9999.000,9999.000,9999.000,9999.000,9999.000,9999.000
202603081848,   1.053,9999.000,9999.000,9999.000,9999.000,9999.000,9999.000,9999.000,9999.000
202603081854,   1.050,9999.000,9999.000,9999.000,9999.000,9999.000,9999.000,9999.000,9999.000
202603081900,   1.047,9999.000,   0.500,   0.085,   1.632,   0.500,   1.632,   0.600,   1.732
202603081906,   1.045,9999.000,9999.000,9999.000,9999.000,9999.000,9999.000,9999.000,9999.000
202603081912,   1.043,9999.000,9999.000,9999.000,9999.000,9999.000,9999.000,9999.000,9999.000
202603081918,   1.041,9999.000,9999.000,9999.000,9999.000,9999.000,9999.000,9999.000,9999.000
202603081924,   1.039,9999.000,9999.000,9999.000,9999.000,9999.000,9999.000,9999.000,9999.000
202603081930,   1.038,9999.000,9999.000,9999.000,9999.000,9999.000,9999.000,9999.000,9999.000
202603081936,   1.036,9999.000,9999.000,9999.000,9999.000,9999.000,9999.000,9999.000,9999.000
202603081942,   1.035,9999.000,9999.000,9999.000,9999.000,9999.000,9999.000,9999.000,9999.000
202603081948,   1.034,9999.000,9999.000,9999.000,9999.000,9999.000,9999.000,9999.000,9999.000
202603081954,   1.033,9999.000,9999.000,9999.000,9999.000,9999.000,9999.000,9999.000,9999.000
202603082000,   1.032,9999.000,   0.600,   0.085,   1.717,   0.500,   1.617,   0.600,   1.717
202603082006,   1.031,9999.000,9999.000,9999.000,9999.000,9999.000,9999.000,9999.000,9999.000
202603082012,   1.031,9999.000,9999.000,9999.000,9999.000,9999.000,9999.000,9999.000,9999.000
202603082018,   1.030,9999.000,9999.000,9999.000,9999.000,9999.000,9999.000,9999.000,9999.000
202603082024,   1.029,9999.000,9999.000,9999.000,9999.000,9999.000,9999.000,9999.000,9999.000
202603082030,   1.028,9999.000,9999.000,9999.000,9999.000,9999.000,9999.000,9999.000,9999.000
202603082036,   1.027,9999.000,9999.000,9999.000,9999.000,9999.000,9999.000,9999.000,9999.000
202603082042,   1.026,9999.000,9999.000,9999.000,9999.000,9999.000,9999.000,9999.000,9999.000
202603082048,   1.025,9999.000,9999.000,9999.000,9999.000,9999.000,9999.000,9999.000,9999.000
202603082054,   1.024,9999.000,9999.000,9999.000,9999.000,9999.000,9999.000,9999.000,9999.000
202603082100,   1.022,9999.000,   0.600,   0.085,   1.707,   0.500,   1.607,   0.600,   1.707
202603082106,   1.020,9999.000,9999.000,9999.000,9999.000,9999.000,9999.000,9999.000,9999.000
202603082112,   1.018,9999.000,9999.000,9999.000,9999.000,9999.000,9999.000,9999.000,9999.000
202603082118,   1.016,9999.000,9999.000,9999.000,9999.000,9999.000,9999.000,9999.000,9999.000
202603082124,   1.013,9999.000,9999.000,9999.000,9999.000,9999.000,9999.000,9999.000,9999.000
202603082130,   1.010,9999.000,9999.000,9999.000,9999.000,9999.000,9999.000,9999.000,9999.000
202603082136,   1.007,9999.000,9999.000,9999.000,9999.000,9999.000,9999.000,9999.000,9999.000
202603082142,   1.003,9999.000,9999.000,9999.000,9999.000,9999.000,9999.000,9999.000,9999.000
202603082148,   0.999,9999.000,9999.000,9999.000,9999.000,9999.000,9999.000,9999.000,9999.000
202603082154,   0.995,9999.000,9999.000,9999.000,9999.000,9999.000,9999.000,9999.000,9999.000
202603082200,   0.990,9999.000,   0.600,   0.085,   1.675,   0.500,   1.575,   0.600,   1.675
202603082206,   0.985,9999.000,9999.000,9999.000,9999.000,9999.000,9999.000,9999.000,9999.000
202603082212,   0.979,9999.000,9999.000,9999.000,9999.000,9999.000,9999.000,9999.000,9999.000
202603082218,   0.974,9999.000,9999.000,9999.000,9999.000,9999.000,9999.000,9999.000,9999.000
202603082224,   0.967,9999.000,9999.000,9999.000,9999.000,9999.000,9999.000,9999.000,9999.000
202603082230,   0.961,9999.000,9999.000,9999.000,9999.000,9999.000,9999.000,9999.000,9999.000
202603082236,   0.954,9999.000,9999.000,9999.000,9999.000,9999.000,9999.000,9999.000,9999.000
202603082242,   0.947,9999.000,9999.000,9999.000,9999.000,9999.000,9999.000,9999.000,9999.000
202603082248,   0.940,9999.000,9999.000,9999.000,9999.000,9999.000,9999.000,9999.000,9999.000
202603082254,   0.932,9999.000,9999.000,9999.000,9999.000,9999.000,9999.000,9999.000,9999.000
202603082300,   0.924,9999.000,   0.600,   0.085,   1.609,   0.600,   1.609,   0.600,   1.609
202603082306,   0.916,9999.000,9999.000,9999.000,9999.000,9999.000,9999.000,9999.000,9999.000
202603082312,   0.907,9999.000,9999.000,9999.000,9999.000,9999.000,9999.000,9999.000,9999.000
202603082318,   0.899,9999.000,9999.000,9999.000,9999.000,9999.000,9999.000,9999.000,9999.000
202603082324,   0.889,9999.000,9999.000,9999.000,9999.000,9999.000,9999.000,9999.000,9999.000
202603082330,   0.880,9999.000,9999.000,9999.000,9999.000,9999.000,9999.000,9999.000,9999.000
202603082336,   0.870,9999.000,9999.000,9999.000,9999.000,9999.000,9999.000,9999.000,9999.000
202603082342,   0.861,9999.000,9999.000,9999.000,9999.000,9999.000,9999.000,9999.000,9999.000
202603082348,   0.850,9999.000,9999.000,9999.000,9999.000,9999.000,9999.000,9999.000,9999.000
202603082354,   0.840,9999.000,9999.000,9999.000,9999.000,9999.000,9999.000,9999.000,9999.000
202603090000,   0.829,9999.000,   0.600,   0.085,   1.514,   0.600,   1.514,   0.600,   1.514
202603090006,   0.818,9999.000,9999.000,9999.000,9999.000,9999.000,9999.000,9999.000,9999.000
202603090012,   0.806,9999.000,9999.000,9999.000,9999.000,9999.000,9999.000,9999.000,9999.000
202603090018,   0.795,9999.000,9999.000,9999.000,9999.000,9999.000,9999.000,9999.000,9999.000
202603090024,   0.782,9999.000,9999.000,9999.000,9999.000,9999.000,9999.000,9999.000,9999.000
202603090030,   0.770,9999.000,9999.000,9999.000,9999.000,9999.000,9999.000,9999.000,9999.000
202603090036,   0.757,9999.000,9999.000,9999.000,9999.000,9999.000,9999.000,9999.000,9999.000
202603090042,   0.744,9999.000,9999.000,9999.000,9999.000,9999.000,9999.000,9999.000,9999.000
202603090048,   0.730,9999.000,9999.000,9999.000,9999.000,9999.000,9999.000,9999.000,9999.000
202603090054,   0.716,9999.000,9999.000,9999.000,9999.000,9999.000,9999.000,9999.000,9999.000
202603090100,   0.701,9999.000,   0.600,   0.085,   1.386,   0.600,   1.386,   0.600,   1.386
202603090106,   0.686,9999.000,9999.000,9999.000,9999.000,9999.000,9999.000,9999.000,9999.000
202603090112,   0.671,9999.000,9999.000,9999.000,9999.000,9999.000,9999.000,9999.000,9999.000
202603090118,   0.655,9999.000,9999.000,9999.000,9999.000,9999.000,9999.000,9999.000,9999.000
202603090124,   0.639,9999.000,9999.000,9999.000,9999.000,9999.000,9999.000,9999.000,9999.000
202603090130,   0.622,9999.000,9999.000,9999.000,9999.000,9999.000,9999.000,9999.000,9999.000
202603090136,   0.605,9999.000,9999.000,9999.000,9999.000,9999.000,9999.000,9999.000,9999.000
202603090142,   0.587,9999.000,9999.000,9999.000,9999.000,9999.000,9999.000,9999.000,9999.000
202603090148,   0.570,9999.000,9999.000,9999.000,9999.000,9999.000,9999.000,9999.000,9999.000
202603090154,   0.552,9999.000,9999.000,9999.000,9999.000,9999.000,9999.000,9999.000,9999.000
202603090200,   0.533,9999.000,   0.600,   0.085,   1.218,   0.600,   1.218,   0.600,   1.218
202603090206,   0.515,9999.000,9999.000,9999.000,9999.000,9999.000,9999.000,9999.000,9999.000
202603090212,   0.496,9999.000,9999.000,9999.000,9999.000,9999.000,9999.000,9999.000,9999.000
202603090218,   0.477,9999.000,9999.000,9999.000,9999.000,9999.000,9999.000,9999.000,9999.000
202603090224,   0.458,9999.000,9999.000,9999.000,9999.000,9999.000,9999.000,9999.000,9999.000
202603090230,   0.439,9999.000,9999.000,9999.000,9999.000,9999.000,9999.000,9999.000,9999.000
202603090236,   0.420,9999.000,9999.000,9999.000,9999.000,9999.000,9999.000,9999.000,9999.000
202603090242,   0.400,9999.000,9999.000,9999.000,9999.000,9999.000,9999.000,9999.000,9999.000
202603090248,   0.381,9999.000,9999.000,9999.000,9999.000,9999.000,9999.000,9999.000,9999.000
202603090254,   0.362,9999.000,9999.000,9999.000,9999.000,9999.000,9999.000,9999.000,9999.000
202603090300,   0.343,9999.000,   0.600,   0.085,   1.028,   0.600,   1.028,   0.600,   1.028
202603090306,   0.324,9999.000,9999.000,9999.000,9999.000,9999.000,9999.000,9999.000,9999.000
202603090312,   0.305,9999.000,9999.000,9999.000,9999.000,9999.000,9999.000,9999.000,9999.000
202603090318,   0.286,9999.000,9999.000,9999.000,9999.000,9999.000,9999.000,9999.000,9999.000
202603090324,   0.268,9999.000,9999.000,9999.000,9999.000,9999.000,9999.000,9999.000,9999.000
202603090330,   0.249,9999.000,9999.000,9999.000,9999.000,9999.000,9999.000,9999.000,9999.000
202603090336,   0.231,9999.000,9999.000,9999.000,9999.000,9999.000,9999.000,9999.000,9999.000
202603090342,   0.214,9999.000,9999.000,9999.000,9999.000,9999.000,9999.000,9999.000,9999.000
202603090348,   0.196,9999.000,9999.000,9999.000,9999.000,9999.000,9999.000,9999.000,9999.000
202603090354,   0.179,9999.000,9999.000,9999.000,9999.000,9999.000,9999.000,9999.000,9999.000
202603090400,   0.162,9999.000,   0.600,   0.085,   0.847,   0.600,   0.847,   0.700,   0.947
202603090406,   0.146,9999.000,9999.000,9999.000,9999.000,9999.000,9999.000,9999.000,9999.000
202603090412,   0.130,9999.000,9999.000,9999.000,9999.000,9999.000,9999.000,9999.000,9999.000
202603090418,   0.114,9999.000,9999.000,9999.000,9999.000,9999.000,9999.000,9999.000,9999.000
202603090424,   0.099,9999.000,9999.000,9999.000,9999.000,9999.000,9999.000,9999.000,9999.000
202603090430,   0.084,9999.000,9999.000,9999.000,9999.000,9999.000,9999.000,9999.000,9999.000
202603090436,   0.070,9999.000,9999.000,9999.000,9999.000,9999.000,9999.000,9999.000,9999.000
202603090442,   0.056,9999.000,9999.000,9999.000,9999.000,9999.000,9999.000,9999.000,9999.000
202603090448,   0.042,9999.000,9999.000,9999.000,9999.000,9999.000,9999.000,9999.000,9999.000
202603090454,   0.029,9999.000,9999.000,9999.000,9999.000,9999.000,9999.000,9999.000,9999.000
202603090500,   0.016,9999.000,   0.600,   0.085,   0.701,   0.500,   0.601,   0.600,   0.701
202603090506,   0.004,9999.000,9999.000,9999.000,9999.000,9999.000,9999.000,9999.000,9999.000
202603090512,  -0.007,9999.000,9999.000,9999.000,9999.000,9999.000,9999.000,9999.000,9999.000
202603090518,  -0.018,9999.000,9999.000,9999.000,9999.000,9999.000,9999.000,9999.000,9999.000
202603090524,  -0.029,9999.000,9999.000,9999.000,9999.000,9999.000,9999.000,9999.000,9999.000
202603090530,  -0.039,9999.000,9999.000,9999.000,9999.000,9999.000,9999.000,9999.000,9999.000
202603090536,  -0.049,9999.000,9999.000,9999.000,9999.000,9999.000,9999.000,9999.000,9999.000
202603090542,  -0.058,9999.000,9999.000,9999.000,9999.000,9999.000,9999.000,9999.000,9999.000
202603090548,  -0.066,9999.000,9999.000,9999.000,9999.000,9999.000,9999.000,9999.000,9999.000
202603090554,  -0.074,9999.000,9999.000,9999.000,9999.000,9999.000,9999.000,9999.000,9999.000
202603090600,  -0.081,9999.000,   0.600,   0.085,   0.604,   0.600,   0.604,   0.600,   0.604
202603090606,  -0.088,9999.000,9999.000,9999.000,9999.000,9999.000,9999.000,9999.000,9999.000
202603090612,  -0.093,9999.000,9999.000,9999.000,9999.000,9999.000,9999.000,9999.000,9999.000
202603090618,  -0.098,9999.000,9999.000,9999.000,9999.000,9999.000,9999.000,9999.000,9999.000
202603090624,  -0.103,9999.000,9999.000,9999.000,9999.000,9999.000,9999.000,9999.000,9999.000
202603090630,  -0.106,9999.000,9999.000,9999.000,9999.000,9999.000,9999.000,9999.000,9999.000
202603090636,  -0.108,9999.000,9999.000,9999.000,9999.000,9999.000,9999.000,9999.000,9999.000
202603090642,  -0.110,9999.000,9999.000,9999.000,9999.000,9999.000,9999.000,9999.000,9999.000
202603090648,  -0.111,9999.000,9999.000,9999.000,9999.000,9999.000,9999.000,9999.000,9999.000
202603090654,  -0.110,9999.000,9999.000,9999.000,9999.000,9999.000,9999.000,9999.000,9999.000
202603090700,  -0.109,9999.000,   0.600,   0.085,   0.576,   0.600,   0.576,   0.600,   0.576
202603090706,  -0.107,9999.000,9999.000,9999.000,9999.000,9999.000,9999.000,9999.000,9999.000
202603090712,  -0.104,9999.000,9999.000,9999.000,9999.000,9999.000,9999.000,9999.000,9999.000
202603090718,  -0.100,9999.000,9999.000,9999.000,9999.000,9999.000,9999.000,9999.000,9999.000
202603090724,  -0.095,9999.000,9999.000,9999.000,9999.000,9999.000,9999.000,9999.000,9999.000
202603090730,  -0.089,9999.000,9999.000,9999.000,9999.000,9999.000,9999.000,9999.000,9999.000
202603090736,  -0.082,9999.000,9999.000,9999.000,9999.000,9999.000,9999.000,9999.000,9999.000
202603090742,  -0.075,9999.000,9999.000,9999.000,9999.000,9999.000,9999.000,9999.000,9999.000
202603090748,  -0.066,9999.000,9999.000,9999.000,9999.000,9999.000,9999.000,9999.000,9999.000
202603090754,  -0.056,9999.000,9999.000,9999.000,9999.000,9999.000,9999.000,9999.000,9999.000
202603090800,  -0.046,9999.000,   0.600,   0.085,   0.639,   0.600,   0.639,   0.600,   0.639
202603090806,  -0.034,9999.000,9999.000,9999.000,9999.000,9999.000,9999.000,9999.000,9999.000
202603090812,  -0.022,9999.000,9999.000,9999.000,9999.000,9999.000,9999.000,9999.000,9999.000
202603090818,  -0.009,9999.000,9999.000,9999.000,9999.000,9999.000,9999.000,9999.000,9999.000
202603090824,   0.003,9999.000,9999.000,9999.000,9999.000,9999.000,9999.000,9999.000,9999.000
202603090830,   0.018,9999.000,9999.000,9999.000,9999.000,9999.000,9999.000,9999.000,9999.000
202603090836,   0.033,9999.000,9999.000,9999.000,9999.000,9999.000,9999.000,9999.000,9999.000
202603090842,   0.049,9999.000,9999.000,9999.000,9999.000,9999.000,9999.000,9999.000,9999.000
202603090848,   0.065,9999.000,9999.000,9999.000,9999.000,9999.000,9999.000,9999.000,9999.000
202603090854,   0.082,9999.000,9999.000,9999.000,9999.000,9999.000,9999.000,9999.000,9999.000
202603090900,   0.099,9999.000,   0.600,   0.085,   0.784,   0.500,   0.684,   0.600,   0.784
202603090906,   0.117,9999.000,9999.000,9999.000,9999.000,9999.000,9999.000,9999.000,9999.000
202603090912,   0.135,9999.000,9999.000,9999.000,9999.000,9999.000,9999.000,9999.000,9999.000
202603090918,   0.153,9999.000,9999.000,9999.000,9999.000,9999.000,9999.000,9999.000,9999.000
202603090924,   0.172,9999.000,9999.000,9999.000,9999.000,9999.000,9999.000,9999.000,9999.000
202603090930,   0.191,9999.000,9999.000,9999.000,9999.000,9999.000,9999.000,9999.000,9999.000
202603090936,   0.211,9999.000,9999.000,9999.000,9999.000,9999.000,9999.000,9999.000,9999.000
202603090942,   0.230,9999.000,9999.000,9999.000,9999.000,9999.000,9999.000,9999.000,9999.000
202603090948,   0.250,9999.000,9999.000,9999.000,9999.000,9999.000,9999.000,9999.000,9999.000
202603090954,   0.270,9999.000,9999.000,9999.000,9999.000,9999.000,9999.000,9999.000,9999.000
202603091000,   0.290,9999.000,   0.600,   0.085,   0.975,   0.500,   0.875,   0.600,   0.975
202603091006,   0.311,9999.000,9999.000,9999.000,9999.000,9999.000,9999.000,9999.000,9999.000
202603091012,   0.331,9999.000,9999.000,9999.000,9999.000,9999.000,9999.000,9999.000,9999.000
202603091018,   0.351,9999.000,9999.000,9999.000,9999.000,9999.000,9999.000,9999.000,9999.000
202603091024,   0.372,9999.000,9999.000,9999.000,9999.000,9999.000,9999.000,9999.000,9999.000
202603091030,   0.393,9999.000,9999.000,9999.000,9999.000,9999.000,9999.000,9999.000,9999.000
202603091036,   0.413,9999.000,9999.000,9999.000,9999.000,9999.000,9999.000,9999.000,9999.000
202603091042,   0.434,9999.000,9999.000,9999.000,9999.000,9999.000,9999.000,9999.000,9999.000
202603091048,   0.455,9999.000,9999.000,9999.000,9999.000,9999.000,9999.000,9999.000,9999.000
202603091054,   0.476,9999.000,9999.000,9999.000,9999.000,9999.000,9999.000,9999.000,9999.000
202603091100,   0.497,9999.000,   0.600,   0.085,   1.182,   0.600,   1.182,   0.600,   1.182
202603091106,   0.517,9999.000,9999.000,9999.000,9999.000,9999.000,9999.000,9999.000,9999.000
202603091112,   0.538,9999.000,9999.000,9999.000,9999.000,9999.000,9999.000,9999.000,9999.000
202603091118,   0.559,9999.000,9999.000,9999.000,9999.000,9999.000,9999.000,9999.000,9999.000
202603091124,   0.580,9999.000,9999.000,9999.000,9999.000,9999.000,9999.000,9999.000,9999.000
202603091130,   0.600,9999.000,9999.000,9999.000,9999.000,9999.000,9999.000,9999.000,9999.000
202603091136,   0.621,9999.000,9999.000,9999.000,9999.000,9999.000,9999.000,9999.000,9999.000
202603091142,   0.641,9999.000,9999.000,9999.000,9999.000,9999.000,9999.000,9999.000,9999.000
202603091148,   0.662,9999.000,9999.000,9999.000,9999.000,9999.000,9999.000,9999.000,9999.000
202603091154,   0.682,9999.000,9999.000,9999.000,9999.000,9999.000,9999.000,9999.000,9999.000
202603091200,   0.702,9999.000,   0.600,   0.085,   1.387,   0.500,   1.287,   0.600,   1.387
202603091206,   0.721,9999.000,9999.000,9999.000,9999.000,9999.000,9999.000,9999.000,9999.000
202603091212,   0.741,9999.000,9999.000,9999.000,9999.000,9999.000,9999.000,9999.000,9999.000
202603091218,   0.760,9999.000,9999.000,9999.000,9999.000,9999.000,9999.000,9999.000,9999.000
202603091224,   0.779,9999.000,9999.000,9999.000,9999.000,9999.000,9999.000,9999.000,9999.000
202603091230,   0.798,9999.000,9999.000,9999.000,9999.000,9999.000,9999.000,9999.000,9999.000
202603091236,   0.816,9999.000,9999.000,9999.000,9999.000,9999.000,9999.000,9999.000,9999.000
202603091242,   0.834,9999.000,9999.000,9999.000,9999.000,9999.000,9999.000,9999.000,9999.000
202603091248,   0.852,9999.000,9999.000,9999.000,9999.000,9999.000,9999.000,9999.000,9999.000
202603091254,   0.869,9999.000,9999.000,9999.000,9999.000,9999.000,9999.000,9999.000,9999.000
202603091300,   0.886,9999.000,   0.600,   0.085,   1.571,   0.500,   1.471,   0.600,   1.571
202603091306,   0.902,9999.000,9999.000,9999.000,9999.000,9999.000,9999.000,9999.000,9999.000
202603091312,   0.918,9999.000,9999.000,9999.000,9999.000,9999.000,9999.000,9999.000,9999.000
202603091318,   0.934,9999.000,9999.000,9999.000,9999.000,9999.000,9999.000,9999.000,9999.000
202603091324,   0.949,9999.000,9999.000,9999.000,9999.000,9999.000,9999.000,9999.000,9999.000
202603091330,   0.963,9999.000,9999.000,9999.000,9999.000,9999.000,9999.000,9999.000,9999.000
202603091336,   0.977,9999.000,9999.000,9999.000,9999.000,9999.000,9999.000,9999.000,9999.000
202603091342,   0.990,9999.000,9999.000,9999.000,9999.000,9999.000,9999.000,9999.000,9999.000
202603091348,   1.003,9999.000,9999.000,9999.000,9999.000,9999.000,9999.000,9999.000,9999.000
202603091354,   1.015,9999.000,9999.000,9999.000,9999.000,9999.000,9999.000,9999.000,9999.000
202603091400,   1.027,9999.000,   0.500,   0.085,   1.612,   0.500,   1.612,   0.600,   1.712
202603091406,   1.039,9999.000,9999.000,9999.000,9999.000,9999.000,9999.000,9999.000,9999.000
202603091412,   1.049,9999.000,9999.000,9999.000,9999.000,9999.000,9999.000,9999.000,9999.000
202603091418,   1.060,9999.000,9999.000,9999.000,9999.000,9999.000,9999.000,9999.000,9999.000
202603091424,   1.069,9999.000,9999.000,9999.000,9999.000,9999.000,9999.000,9999.000,9999.000
202603091430,   1.079,9999.000,9999.000,9999.000,9999.000,9999.000,9999.000,9999.000,9999.000
202603091436,   1.088,9999.000,9999.000,9999.000,9999.000,9999.000,9999.000,9999.000,9999.000
202603091442,   1.096,9999.000,9999.000,9999.000,9999.000,9999.000,9999.000,9999.000,9999.000
202603091448,   1.104,9999.000,9999.000,9999.000,9999.000,9999.000,9999.000,9999.000,9999.000
202603091454,   1.112,9999.000,9999.000,9999.000,9999.000,9999.000,9999.000,9999.000,9999.000
202603091500,   1.119,9999.000,   0.500,   0.085,   1.704,   0.500,   1.704,   0.600,   1.804
202603091506,   1.126,9999.000,9999.000,9999.000,9999.000,9999.000,9999.000,9999.000,9999.000
202603091512,   1.133,9999.000,9999.000,9999.000,9999.000,9999.000,9999.000,9999.000,9999.000
202603091518,   1.139,9999.000,9999.000,9999.000,9999.000,9999.000,9999.000,9999.000,9999.000
202603091524,   1.145,9999.000,9999.000,9999.000,9999.000,9999.000,9999.000,9999.000,9999.000
202603091530,   1.150,9999.000,9999.000,9999.000,9999.000,9999.000,9999.000,9999.000,9999.000
202603091536,   1.155,9999.000,9999.000,9999.000,9999.000,9999.000,9999.000,9999.000,9999.000
202603091542,   1.160,9999.000,9999.000,9999.000,9999.000,9999.000,9999.000,9999.000,9999.000
202603091548,   1.165,9999.000,9999.000,9999.000,9999.000,9999.000,9999.000,9999.000,9999.000
202603091554,   1.170,9999.000,9999.000,9999.000,9999.000,9999.000,9999.000,9999.000,9999.000
202603091600,   1.174,9999.000,   0.500,   0.085,   1.759,   0.500,   1.759,   0.600,   1.859
202603091606,   1.177,9999.000,9999.000,9999.000,9999.000,9999.000,9999.000,9999.000,9999.000
202603091612,   1.181,9999.000,9999.000,9999.000,9999.000,9999.000,9999.000,9999.000,9999.000
202603091618,   1.184,9999.000,9999.000,9999.000,9999.000,9999.000,9999.000,9999.000,9999.000
202603091624,   1.187,9999.000,9999.000,9999.000,9999.000,9999.000,9999.000,9999.000,9999.000
202603091630,   1.190,9999.000,9999.000,9999.000,9999.000,9999.000,9999.000,9999.000,9999.000
202603091636,   1.193,9999.000,9999.000,9999.000,9999.000,9999.000,9999.000,9999.000,9999.000
202603091642,   1.195,9999.000,9999.000,9999.000,9999.000,9999.000,9999.000,9999.000,9999.000
202603091648,   1.197,9999.000,9999.000,9999.000,9999.000,9999.000,9999.000,9999.000,9999.000
202603091654,   1.198,9999.000,9999.000,9999.000,9999.000,9999.000,9999.000,9999.000,9999.000
202603091700,   1.200,9999.000,   0.500,   0.085,   1.785,   0.500,   1.785,   0.500,   1.785
202603091706,   1.201,9999.000,9999.000,9999.000,9999.000,9999.000,9999.000,9999.000,9999.000
202603091712,   1.202,9999.000,9999.000,9999.000,9999.000,9999.000,9999.000,9999.000,9999.000
202603091718,   1.202,9999.000,9999.000,9999.000,9999.000,9999.000,9999.000,9999.000,9999.000
202603091724,   1.202,9999.000,9999.000,9999.000,9999.000,9999.000,9999.000,9999.000,9999.000
202603091730,   1.202,9999.000,9999.000,9999.000,9999.000,9999.000,9999.000,9999.000,9999.000
202603091736,   1.202,9999.000,9999.000,9999.000,9999.000,9999.000,9999.000,9999.000,9999.000
202603091742,   1.202,9999.000,9999.000,9999.000,9999.000,9999.000,9999.000,9999.000,9999.000
202603091748,   1.201,9999.000,9999.000,9999.000,9999.000,9999.000,9999.000,9999.000,9999.000
202603091754,   1.200,9999.000,9999.000,9999.000,9999.000,9999.000,9999.000,9999.000,9999.000
202603091800,   1.199,9999.000,   0.500,   0.085,   1.784,   0.500,   1.784,   0.500,   1.784
202603091806,   1.198,9999.000,9999.000,9999.000,9999.000,9999.000,9999.000,9999.000,9999.000
202603091812,   1.196,9999.000,9999.000,9999.000,9999.000,9999.000,9999.000,9999.000,9999.000
202603091818,   1.195,9999.000,9999.000,9999.000,9999.000,9999.000,9999.000,9999.000,9999.000
202603091824,   1.193,9999.000,9999.000,9999.000,9999.000,9999.000,9999.000,9999.000,9999.000
202603091830,   1.192,9999.000,9999.000,9999.000,9999.000,9999.000,9999.000,9999.000,9999.000
202603091836,   1.190,9999.000,9999.000,9999.000,9999.000,9999.000,9999.000,9999.000,9999.000
202603091842,   1.188,9999.000,9999.000,9999.000,9999.000,9999.000,9999.000,9999.000,9999.000
202603091848,   1.186,9999.000,9999.000,9999.000,9999.000,9999.000,9999.000,9999.000,9999.000
202603091854,   1.184,9999.000,9999.000,9999.000,9999.000,9999.000,9999.000,9999.000,9999.000
202603091900,   1.182,9999.000,   0.500,   0.085,   1.767,   0.400,   1.667,   0.500,   1.767
202603091906,   1.180,9999.000,9999.000,9999.000,9999.000,9999.000,9999.000,9999.000,9999.000
202603091912,   1.178,9999.000,9999.000,9999.000,9999.000,9999.000,9999.000,9999.000,9999.000
202603091918,   1.176,9999.000,9999.000,9999.000,9999.000,9999.000,9999.000,9999.000,9999.000
202603091924,   1.174,9999.000,9999.000,9999.000,9999.000,9999.000,9999.000,9999.000,9999.000
202603091930,   1.172,9999.000,9999.000,9999.000,9999.000,9999.000,9999.000,9999.000,9999.000
202603091936,   1.170,9999.000,9999.000,9999.000,9999.000,9999.000,9999.000,9999.000,9999.000
202603091942,   1.169,9999.000,9999.000,9999.000,9999.000,9999.000,9999.000,9999.000,9999.000
202603091948,   1.167,9999.000,9999.000,9999.000,9999.000,9999.000,9999.000,9999.000,9999.000
202603091954,   1.165,9999.000,9999.000,9999.000,9999.000,9999.000,9999.000,9999.000,9999.000
202603092000,   1.163,9999.000,   0.500,   0.085,   1.748,   0.500,   1.748,   0.500,   1.748
202603092006,   1.162,9999.000,9999.000,9999.000,9999.000,9999.000,9999.000,9999.000,9999.000
202603092012,   1.160,9999.000,9999.000,9999.000,9999.000,9999.000,9999.000,9999.000,9999.000
202603092018,   1.158,9999.000,9999.000,9999.000,9999.000,9999.000,9999.000,9999.000,9999.000
202603092024,   1.156,9999.000,9999.000,9999.000,9999.000,9999.000,9999.000,9999.000,9999.000
202603092030,   1.154,9999.000,9999.000,9999.000,9999.000,9999.000,9999.000,9999.000,9999.000
202603092036,   1.152,9999.000,9999.000,9999.000,9999.000,9999.000,9999.000,9999.000,9999.000
202603092042,   1.150,9999.000,9999.000,9999.000,9999.000,9999.000,9999.000,9999.000,9999.000
202603092048,   1.148,9999.000,9999.000,9999.000,9999.000,9999.000,9999.000,9999.000,9999.000
202603092054,   1.145,9999.000,9999.000,9999.000,9999.000,9999.000,9999.000,9999.000,9999.000
202603092100,   1.143,9999.000,   0.500,   0.085,   1.728,   0.500,   1.728,   0.500,   1.728
202603092106,   1.140,9999.000,9999.000,9999.000,9999.000,9999.000,9999.000,9999.000,9999.000
202603092112,   1.137,9999.000,9999.000,9999.000,9999.000,9999.000,9999.000,9999.000,9999.000
202603092118,   1.134,9999.000,9999.000,9999.000,9999.000,9999.000,9999.000,9999.000,9999.000
202603092124,   1.130,9999.000,9999.000,9999.000,9999.000,9999.000,9999.000,9999.000,9999.000
202603092130,   1.126,9999.000,9999.000,9999.000,9999.000,9999.000,9999.000,9999.000,9999.000
202603092136,   1.122,9999.000,9999.000,9999.000,9999.000,9999.000,9999.000,9999.000,9999.000
202603092142,   1.118,9999.000,9999.000,9999.000,9999.000,9999.000,9999.000,9999.000,9999.000
202603092148,   1.113,9999.000,9999.000,9999.000,9999.000,9999.000,9999.000,9999.000,9999.000
202603092154,   1.108,9999.000,9999.000,9999.000,9999.000,9999.000,9999.000,9999.000,9999.000
202603092200,   1.103,9999.000,   0.500,   0.085,   1.688,   0.500,   1.688,   0.500,   1.688
202603092206,   1.097,9999.000,9999.000,9999.000,9999.000,9999.000,9999.000,9999.000,9999.000
202603092212,   1.091,9999.000,9999.000,9999.000,9999.000,9999.000,9999.000,9999.000,9999.000
202603092218,   1.085,9999.000,9999.000,9999.000,9999.000,9999.000,9999.000,9999.000,9999.000
202603092224,   1.079,9999.000,9999.000,9999.000,9999.000,9999.000,9999.000,9999.000,9999.000
202603092230,   1.072,9999.000,9999.000,9999.000,9999.000,9999.000,9999.000,9999.000,9999.000
202603092236,   1.064,9999.000,9999.000,9999.000,9999.000,9999.000,9999.000,9999.000,9999.000
202603092242,   1.057,9999.000,9999.000,9999.000,9999.000,9999.000,9999.000,9999.000,9999.000
202603092248,   1.049,9999.000,9999.000,9999.000,9999.000,9999.000,9999.000,9999.000,9999.000
202603092254,   1.041,9999.000,9999.000,9999.000,9999.000,9999.000,9999.000,9999.000,9999.000
202603092300,   1.032,9999.000,   0.500,   0.085,   1.617,   0.500,   1.617,   0.600,   1.717
202603092306,   1.024,9999.000,9999.000,9999.000,9999.000,9999.000,9999.000,9999.000,9999.000
202603092312,   1.015,9999.000,9999.000,9999.000,9999.000,9999.000,9999.000,9999.000,9999.000
202603092318,   1.005,9999.000,9999.000,9999.000,9999.000,9999.000,9999.000,9999.000,9999.000
202603092324,   0.996,9999.000,9999.000,9999.000,9999.000,9999.000,9999.000,9999.000,9999.000
202603092330,   0.986,9999.000,9999.000,9999.000,9999.000,9999.000,9999.000,9999.000,9999.000
202603092336,   0.976,9999.000,9999.000,9999.000,9999.000,9999.000,9999.000,9999.000,9999.000
202603092342,   0.966,9999.000,9999.000,9999.000,9999.000,9999.000,9999.000,9999.000,9999.000
202603092348,   0.955,9999.000,9999.000,9999.000,9999.000,9999.000,9999.000,9999.000,9999.000
202603092354,   0.944,9999.000,9999.000,9999.000,9999.000,9999.000,9999.000,9999.000,9999.000
202603100000,   0.933,9999.000,   0.500,   0.085,   1.518,   0.500,   1.518,   0.600,   1.618
202603100006,   0.922,9999.000,9999.000,9999.000,9999.000,9999.000,9999.000,9999.000,9999.000
202603100012,   0.910,9999.000,9999.000,9999.000,9999.000,9999.000,9999.000,9999.000,9999.000
202603100018,   0.899,9999.000,9999.000,9999.000,9999.000,9999.000,9999.000,9999.000,9999.000
202603100024,   0.887,9999.000,9999.000,9999.000,9999.000,9999.000,9999.000,9999.000,9999.000
202603100030,   0.874,9999.000,9999.000,9999.000,9999.000,9999.000,9999.000,9999.000,9999.000
202603100036,   0.862,9999.000,9999.000,9999.000,9999.000,9999.000,9999.000,9999.000,9999.000
202603100042,   0.849,9999.000,9999.000,9999.000,9999.000,9999.000,9999.000,9999.000,9999.000
202603100048,   0.835,9999.000,9999.000,9999.000,9999.000,9999.000,9999.000,9999.000,9999.000
202603100054,   0.822,9999.000,9999.000,9999.000,9999.000,9999.000,9999.000,9999.000,9999.000
202603100100,   0.808,9999.000,   0.500,   0.085,   1.393,   0.500,   1.393,   0.600,   1.493
202603100106,   0.794,9999.000,9999.000,9999.000,9999.000,9999.000,9999.000,9999.000,9999.000
202603100112,   0.780,9999.000,9999.000,9999.000,9999.000,9999.000,9999.000,9999.000,9999.000
202603100118,   0.765,9999.000,9999.000,9999.000,9999.000,9999.000,9999.000,9999.000,9999.000
202603100124,   0.750,9999.000,9999.000,9999.000,9999.000,9999.000,9999.000,9999.000,9999.000
202603100130,   0.735,9999.000,9999.000,9999.000,9999.000,9999.000,9999.000,9999.000,9999.000
202603100136,   0.719,9999.000,9999.000,9999.000,9999.000,9999.000,9999.000,9999.000,9999.000
202603100142,   0.703,9999.000,9999.000,9999.000,9999.000,9999.000,9999.000,9999.000,9999.000
202603100148,   0.687,9999.000,9999.000,9999.000,9999.000,9999.000,9999.000,9999.000,9999.000
202603100154,   0.671,9999.000,9999.000,9999.000,9999.000,9999.000,9999.000,9999.000,9999.000
202603100200,   0.654,9999.000,   0.500,   0.085,   1.239,   0.500,   1.239,   0.600,   1.339
202603100206,   0.637,9999.000,9999.000,9999.000,9999.000,9999.000,9999.000,9999.000,9999.000
202603100212,   0.620,9999.000,9999.000,9999.000,9999.000,9999.000,9999.000,9999.000,9999.000
202603100218,   0.602,9999.000,9999.000,9999.000,9999.000,9999.000,9999.000,9999.000,9999.000
202603100224,   0.585,9999.000,9999.000,9999.000,9999.000,9999.000,9999.000,9999.000,9999.000
202603100230,   0.567,9999.000,9999.000,9999.000,9999.000,9999.000,9999.000,9999.000,9999.000
202603100236,   0.549,9999.000,9999.000,9999.000,9999.000,9999.000,9999.000,9999.000,9999.000
202603100242,   0.530,9999.000,9999.000,9999.000,9999.000,9999.000,9999.000,9999.000,9999.000
202603100248,   0.512,9999.000,9999.000,9999.000,9999.000,9999.000,9999.000,9999.000,9999.000
202603100254,   0.493,9999.000,9999.000,9999.000,9999.000,9999.000,9999.000,9999.000,9999.000
202603100300,   0.475,9999.000,   0.600,   0.085,   1.160,   0.500,   1.060,   0.600,   1.160
202603100306,   0.456,9999.000,9999.000,9999.000,9999.000,9999.000,9999.000,9999.000,9999.000
202603100312,   0.437,9999.000,9999.000,9999.000,9999.000,9999.000,9999.000,9999.000,9999.000
202603100318,   0.418,9999.000,9999.000,9999.000,9999.000,9999.000,9999.000,9999.000,9999.000
202603100324,   0.400,9999.000,9999.000,9999.000,9999.000,9999.000,9999.000,9999.000,9999.000
202603100330,   0.381,9999.000,9999.000,9999.000,9999.000,9999.000,9999.000,9999.000,9999.000
202603100336,   0.362,9999.000,9999.000,9999.000,9999.000,9999.000,9999.000,9999.000,9999.000
202603100342,   0.343,9999.000,9999.000,9999.000,9999.000,9999.000,9999.000,9999.000,9999.000
202603100348,   0.324,9999.000,9999.000,9999.000,9999.000,9999.000,9999.000,9999.000,9999.000
202603100354,   0.306,9999.000,9999.000,9999.000,9999.000,9999.000,9999.000,9999.000,9999.000
202603100400,   0.287,9999.000,   0.600,   0.085,   0.972,   0.500,   0.872,   0.600,   0.972
202603100406,   0.269,9999.000,9999.000,9999.000,9999.000,9999.000,9999.000,9999.000,9999.000
202603100412,   0.250,9999.000,9999.000,9999.000,9999.000,9999.000,9999.000,9999.000,9999.000
202603100418,   0.232,9999.000,9999.000,9999.000,9999.000,9999.000,9999.000,9999.000,9999.000
202603100424,   0.214,9999.000,9999.000,9999.000,9999.000,9999.000,9999.000,9999.000,9999.000
202603100430,   0.197,9999.000,9999.000,9999.000,9999.000,9999.000,9999.000,9999.000,9999.000
202603100436,   0.179,9999.000,9999.000,9999.000,9999.000,9999.000,9999.000,9999.000,9999.000
202603100442,   0.162,9999.000,9999.000,9999.000,9999.000,9999.000,9999.000,9999.000,9999.000
202603100448,   0.145,9999.000,9999.000,9999.000,9999.000,9999.000,9999.000,9999.000,9999.000
202603100454,   0.128,9999.000,9999.000,9999.000,9999.000,9999.000,9999.000,9999.000,9999.000
202603100500,   0.111,9999.000,   0.500,   0.085,   0.696,   0.500,   0.696,   0.600,   0.796
202603100506,   0.095,9999.000,9999.000,9999.000,9999.000,9999.000,9999.000,9999.000,9999.000
202603100512,   0.079,9999.000,9999.000,9999.000,9999.000,9999.000,9999.000,9999.000,9999.000
202603100518,   0.064,9999.000,9999.000,9999.000,9999.000,9999.000,9999.000,9999.000,9999.000
202603100524,   0.049,9999.000,9999.000,9999.000,9999.000,9999.000,9999.000,9999.000,9999.000
202603100530,   0.034,9999.000,9999.000,9999.000,9999.000,9999.000,9999.000,9999.000,9999.000
202603100536,   0.020,9999.000,9999.000,9999.000,9999.000,9999.000,9999.000,9999.000,9999.000
202603100542,   0.006,9999.000,9999.000,9999.000,9999.000,9999.000,9999.000,9999.000,9999.000
202603100548,  -0.006,9999.000,9999.000,9999.000,9999.000,9999.000,9999.000,9999.000,9999.000
202603100554,  -0.019,9999.000,9999.000,9999.000,9999.000,9999.000,9999.000,9999.000,9999.000
202603100600,  -0.031,9999.000,   0.500,   0.085,   0.554,   0.500,   0.554,   0.600,   0.654
202603100606,  -0.043,9999.000,9999.000,9999.000,9999.000,9999.000,9999.000,9999.000,9999.000
202603100612,  -0.054,9999.000,9999.000,9999.000,9999.000,9999.000,9999.000,9999.000,9999.000
202603100618,  -0.064,9999.000,9999.000,9999.000,9999.000,9999.000,9999.000,9999.000,9999.000
202603100624,  -0.074,9999.000,9999.000,9999.000,9999.000,9999.000,9999.000,9999.000,9999.000
202603100630,  -0.083,9999.000,9999.000,9999.000,9999.000,9999.000,9999.000,9999.000,9999.000
202603100636,  -0.092,9999.000,9999.000,9999.000,9999.000,9999.000,9999.000,9999.000,9999.000
202603100642,  -0.099,9999.000,9999.000,9999.000,9999.000,9999.000,9999.000,9999.000,9999.000
202603100648,  -0.106,9999.000,9999.000,9999.000,9999.000,9999.000,9999.000,9999.000,9999.000
202603100654,  -0.112,9999.000,9999.000,9999.000,9999.000,9999.000,9999.000,9999.000,9999.000
202603100700,  -0.118,9999.000,   0.500,   0.085,   0.467,   0.500,   0.467,   0.600,   0.567
202603100706,  -0.122,9999.000,9999.000,9999.000,9999.000,9999.000,9999.000,9999.000,9999.000
202603100712,  -0.126,9999.000,9999.000,9999.000,9999.000,9999.000,9999.000,9999.000,9999.000
202603100718,  -0.129,9999.000,9999.000,9999.000,9999.000,9999.000,9999.000,9999.000,9999.000
202603100724,  -0.131,9999.000,9999.000,9999.000,9999.000,9999.000,9999.000,9999.000,9999.000
202603100730,  -0.132,9999.000,9999.000,9999.000,9999.000,9999.000,9999.000,9999.000,9999.000
202603100736,  -0.132,9999.000,9999.000,9999.000,9999.000,9999.000,9999.000,9999.000,9999.000
202603100742,  -0.131,9999.000,9999.000,9999.000,9999.000,9999.000,9999.000,9999.000,9999.000
202603100748,  -0.130,9999.000,9999.000,9999.000,9999.000,9999.000,9999.000,9999.000,9999.000
202603100754,  -0.127,9999.000,9999.000,9999.000,9999.000,9999.000,9999.000,9999.000,9999.000
202603100800,  -0.124,9999.000,   0.500,   0.085,   0.461,   0.500,   0.461,   0.600,   0.561
202603100806,  -0.120,9999.000,9999.000,9999.000,9999.000,9999.000,9999.000,9999.000,9999.000
202603100812,  -0.115,9999.000,9999.000,9999.000,9999.000,9999.000,9999.000,9999.000,9999.000
202603100818,  -0.109,9999.000,9999.000,9999.000,9999.000,9999.000,9999.000,9999.000,9999.000
202603100824,  -0.103,9999.000,9999.000,9999.000,9999.000,9999.000,9999.000,9999.000,9999.000
202603100830,  -0.095,9999.000,9999.000,9999.000,9999.000,9999.000,9999.000,9999.000,9999.000
202603100836,  -0.087,9999.000,9999.000,9999.000,9999.000,9999.000,9999.000,9999.000,9999.000
202603100842,  -0.078,9999.000,9999.000,9999.000,9999.000,9999.000,9999.000,9999.000,9999.000
202603100848,  -0.068,9999.000,9999.000,9999.000,9999.000,9999.000,9999.000,9999.000,9999.000
202603100854,  -0.058,9999.000,9999.000,9999.000,9999.000,9999.000,9999.000,9999.000,9999.000
202603100900,  -0.047,9999.000,   0.500,   0.085,   0.538,   0.500,   0.538,   0.600,   0.638
202603100906,  -0.035,9999.000,9999.000,9999.000,9999.000,9999.000,9999.000,9999.000,9999.000
202603100912,  -0.023,9999.000,9999.000,9999.000,9999.000,9999.000,9999.000,9999.000,9999.000
202603100918,  -0.010,9999.000,9999.000,9999.000,9999.000,9999.000,9999.000,9999.000,9999.000
202603100924,   0.003,9999.000,9999.000,9999.000,9999.000,9999.000,9999.000,9999.000,9999.000
202603100930,   0.017,9999.000,9999.000,9999.000,9999.000,9999.000,9999.000,9999.000,9999.000
202603100936,   0.032,9999.000,9999.000,9999.000,9999.000,9999.000,9999.000,9999.000,9999.000
202603100942,   0.047,9999.000,9999.000,9999.000,9999.000,9999.000,9999.000,9999.000,9999.000
202603100948,   0.063,9999.000,9999.000,9999.000,9999.000,9999.000,9999.000,9999.000,9999.000
202603100954,   0.079,9999.000,9999.000,9999.000,9999.000,9999.000,9999.000,9999.000,9999.000
202603101000,   0.095,9999.000,   0.500,   0.085,   0.680,   0.500,   0.680,   0.500,   0.680
202603101006,   0.112,9999.000,9999.000,9999.000,9999.000,9999.000,9999.000,9999.000,9999.000
202603101012,   0.129,9999.000,9999.000,9999.000,9999.000,9999.000,9999.000,9999.000,9999.000
202603101018,   0.147,9999.000,9999.000,9999.000,9999.000,9999.000,9999.000,9999.000,9999.000
202603101024,   0.165,9999.000,9999.000,9999.000,9999.000,9999.000,9999.000,9999.000,9999.000
202603101030,   0.183,9999.000,9999.000,9999.000,9999.000,9999.000,9999.000,9999.000,9999.000
202603101036,   0.202,9999.000,9999.000,9999.000,9999.000,9999.000,9999.000,9999.000,9999.000
202603101042,   0.221,9999.000,9999.000,9999.000,9999.000,9999.000,9999.000,9999.000,9999.000
202603101048,   0.240,9999.000,9999.000,9999.000,9999.000,9999.000,9999.000,9999.000,9999.000
202603101054,   0.259,9999.000,9999.000,9999.000,9999.000,9999.000,9999.000,9999.000,9999.000
202603101100,   0.278,9999.000,   0.500,   0.085,   0.863,   0.500,   0.863,   0.600,   0.963
202603101106,   0.298,9999.000,9999.000,9999.000,9999.000,9999.000,9999.000,9999.000,9999.000
202603101112,   0.318,9999.000,9999.000,9999.000,9999.000,9999.000,9999.000,9999.000,9999.000
202603101118,   0.338,9999.000,9999.000,9999.000,9999.000,9999.000,9999.000,9999.000,9999.000
202603101124,   0.358,9999.000,9999.000,9999.000,9999.000,9999.000,9999.000,9999.000,9999.000
202603101130,   0.379,9999.000,9999.000,9999.000,9999.000,9999.000,9999.000,9999.000,9999.000
202603101136,   0.399,9999.000,9999.000,9999.000,9999.000,9999.000,9999.000,9999.000,9999.000
202603101142,   0.419,9999.000,9999.000,9999.000,9999.000,9999.000,9999.000,9999.000,9999.000
202603101148,   0.440,9999.000,9999.000,9999.000,9999.000,9999.000,9999.000,9999.000,9999.000
202603101154,   0.461,9999.000,9999.000,9999.000,9999.000,9999.000,9999.000,9999.000,9999.000
202603101200,   0.481,9999.000,   0.500,   0.085,   1.066,   0.500,   1.066,   0.500,   1.066
202603101206,   0.502,9999.000,9999.000,9999.000,9999.000,9999.000,9999.000,9999.000,9999.000
202603101212,   0.522,9999.000,9999.000,9999.000,9999.000,9999.000,9999.000,9999.000,9999.000
202603101218,   0.543,9999.000,9999.000,9999.000,9999.000,9999.000,9999.000,9999.000,9999.000
202603101224,   0.563,9999.000,9999.000,9999.000,9999.000,9999.000,9999.000,9999.000,9999.000
202603101230,   0.584,9999.000,9999.000,9999.000,9999.000,9999.000,9999.000,9999.000,9999.000
202603101236,   0.604,9999.000,9999.000,9999.000,9999.000,9999.000,9999.000,9999.000,9999.000
202603101242,   0.624,9999.000,9999.000,9999.000,9999.000,9999.000,9999.000,9999.000,9999.000
202603101248,   0.644,9999.000,9999.000,9999.000,9999.000,9999.000,9999.000,9999.000,9999.000
202603101254,   0.664,9999.000,9999.000,9999.000,9999.000,9999.000,9999.000,9999.000,9999.000
202603101300,   0.684,9999.000,   0.500,   0.085,   1.269,   0.400,   1.169,   0.500,   1.269
202603101306,   0.703,9999.000,9999.000,9999.000,9999.000,9999.000,9999.000,9999.000,9999.000
202603101312,   0.722,9999.000,9999.000,9999.000,9999.000,9999.000,9999.000,9999.000,9999.000
202603101318,   0.742,9999.000,9999.000,9999.000,9999.000,9999.000,9999.000,9999.000,9999.000
202603101324,   0.760,9999.000,9999.000,9999.000,9999.000,9999.000,9999.000,9999.000,9999.000
202603101330,   0.779,9999.000,9999.000,9999.000,9999.000,9999.000,9999.000,9999.000,9999.000
202603101336,   0.797,9999.000,9999.000,9999.000,9999.000,9999.000,9999.000,9999.000,9999.000
202603101342,   0.815,9999.000,9999.000,9999.000,9999.000,9999.000,9999.000,9999.000,9999.000
202603101348,   0.833,9999.000,9999.000,9999.000,9999.000,9999.000,9999.000,9999.000,9999.000
202603101354,   0.851,9999.000,9999.000,9999.000,9999.000,9999.000,9999.000,9999.000,9999.000
202603101400,   0.868,9999.000,   0.500,   0.085,   1.453,   0.400,   1.353,   0.500,   1.453
202603101406,   0.885,9999.000,9999.000,9999.000,9999.000,9999.000,9999.000,9999.000,9999.000
202603101412,   0.901,9999.000,9999.000,9999.000,9999.000,9999.000,9999.000,9999.000,9999.000
202603101418,   0.917,9999.000,9999.000,9999.000,9999.000,9999.000,9999.000,9999.000,9999.000
202603101424,   0.933,9999.000,9999.000,9999.000,9999.000,9999.000,9999.000,9999.000,9999.000
202603101430,   0.948,9999.000,9999.000,9999.000,9999.000,9999.000,9999.000,9999.000,9999.000
202603101436,   0.964,9999.000,9999.000,9999.000,9999.000,9999.000,9999.000,9999.000,9999.000
202603101442,   0.978,9999.000,9999.000,9999.000,9999.000,9999.000,9999.000,9999.000,9999.000
202603101448,   0.993,9999.000,9999.000,9999.000,9999.000,9999.000,9999.000,9999.000,9999.000
202603101454,   1.007,9999.000,9999.000,9999.000,9999.000,9999.000,9999.000,9999.000,9999.000
202603101500,   1.020,9999.000,   0.500,   0.085,   1.605,   0.400,   1.505,   0.500,   1.605
202603101506,   1.033,9999.000,9999.000,9999.000,9999.000,9999.000,9999.000,9999.000,9999.000
202603101512,   1.046,9999.000,9999.000,9999.000,9999.000,9999.000,9999.000,9999.000,9999.000
202603101518,   1.059,9999.000,9999.000,9999.000,9999.000,9999.000,9999.000,9999.000,9999.000
202603101524,   1.071,9999.000,9999.000,9999.000,9999.000,9999.000,9999.000,9999.000,9999.000
202603101530,   1.083,9999.000,9999.000,9999.000,9999.000,9999.000,9999.000,9999.000,9999.000
202603101536,   1.094,9999.000,9999.000,9999.000,9999.000,9999.000,9999.000,9999.000,9999.000
202603101542,   1.105,9999.000,9999.000,9999.000,9999.000,9999.000,9999.000,9999.000,9999.000
202603101548,   1.115,9999.000,9999.000,9999.000,9999.000,9999.000,9999.000,9999.000,9999.000
202603101554,   1.125,9999.000,9999.000,9999.000,9999.000,9999.000,9999.000,9999.000,9999.000
202603101600,   1.135,9999.000,   0.500,   0.085,   1.720,   0.400,   1.620,   0.500,   1.720
202603101606,   1.144,9999.000,9999.000,9999.000,9999.000,9999.000,9999.000,9999.000,9999.000
202603101612,   1.153,9999.000,9999.000,9999.000,9999.000,9999.000,9999.000,9999.000,9999.000
202603101618,   1.162,9999.000,9999.000,9999.000,9999.000,9999.000,9999.000,9999.000,9999.000
202603101624,   1.170,9999.000,9999.000,9999.000,9999.000,9999.000,9999.000,9999.000,9999.000
202603101630,   1.177,9999.000,9999.000,9999.000,9999.000,9999.000,9999.000,9999.000,9999.000
202603101636,   1.185,9999.000,9999.000,9999.000,9999.000,9999.000,9999.000,9999.000,9999.000
202603101642,   1.192,9999.000,9999.000,9999.000,9999.000,9999.000,9999.000,9999.000,9999.000
202603101648,   1.198,9999.000,9999.000,9999.000,9999.000,9999.000,9999.000,9999.000,9999.000
202603101654,   1.204,9999.000,9999.000,9999.000,9999.000,9999.000,9999.000,9999.000,9999.000
202603101700,   1.210,9999.000,   0.400,   0.085,   1.695,   0.400,   1.695,   0.500,   1.795
202603101706,   1.216,9999.000,9999.000,9999.000,9999.000,9999.000,9999.000,9999.000,9999.000
202603101712,   1.221,9999.000,9999.000,9999.000,9999.000,9999.000,9999.000,9999.000,9999.000
202603101718,   1.225,9999.000,9999.000,9999.000,9999.000,9999.000,9999.000,9999.000,9999.000
202603101724,   1.230,9999.000,9999.000,9999.000,9999.000,9999.000,9999.000,9999.000,9999.000
202603101730,   1.234,9999.000,9999.000,9999.000,9999.000,9999.000,9999.000,9999.000,9999.000
202603101736,   1.238,9999.000,9999.000,9999.000,9999.000,9999.000,9999.000,9999.000,9999.000
202603101742,   1.241,9999.000,9999.000,9999.000,9999.000,9999.000,9999.000,9999.000,9999.000
202603101748,   1.244,9999.000,9999.000,9999.000,9999.000,9999.000,9999.000,9999.000,9999.000
202603101754,   1.247,9999.000,9999.000,9999.000,9999.000,9999.000,9999.000,9999.000,9999.000
202603101800,   1.250,9999.000,   0.400,   0.085,   1.735,   0.300,   1.635,   0.500,   1.835
202603101806,   1.252,9999.000,9999.000,9999.000,9999.000,9999.000,9999.000,9999.000,9999.000
202603101812,   1.254,9999.000,9999.000,9999.000,9999.000,9999.000,9999.000,9999.000,9999.000
202603101818,   1.256,9999.000,9999.000,9999.000,9999.000,9999.000,9999.000,9999.000,9999.000
202603101824,   1.258,9999.000,9999.000,9999.000,9999.000,9999.000,9999.000,9999.000,9999.000
202603101830,   1.260,9999.000,9999.000,9999.000,9999.000,9999.000,9999.000,9999.000,9999.000
202603101836,   1.261,9999.000,9999.000,9999.000,9999.000,9999.000,9999.000,9999.000,9999.000
202603101842,   1.262,9999.000,9999.000,9999.000,9999.000,9999.000,9999.000,9999.000,9999.000
202603101848,   1.263,9999.000,9999.000,9999.000,9999.000,9999.000,9999.000,9999.000,9999.000
202603101854,   1.264,9999.000,9999.000,9999.000,9999.000,9999.000,9999.000,9999.000,9999.000
202603101900,   1.265,9999.000,   0.400,   0.085,   1.750,   0.400,   1.750,   0.500,   1.850
202603101906,   1.265,9999.000,9999.000,9999.000,9999.000,9999.000,9999.000,9999.000,9999.000
202603101912,   1.266,9999.000,9999.000,9999.000,9999.000,9999.000,9999.000,9999.000,9999.000
202603101918,   1.266,9999.000,9999.000,9999.000,9999.000,9999.000,9999.000,9999.000,9999.000
202603101924,   1.266,9999.000,9999.000,9999.000,9999.000,9999.000,9999.000,9999.000,9999.000
202603101930,   1.266,9999.000,9999.000,9999.000,9999.000,9999.000,9999.000,9999.000,9999.000
202603101936,   1.266,9999.000,9999.000,9999.000,9999.000,9999.000,9999.000,9999.000,9999.000
202603101942,   1.265,9999.000,9999.000,9999.000,9999.000,9999.000,9999.000,9999.000,9999.000
202603101948,   1.265,9999.000,9999.000,9999.000,9999.000,9999.000,9999.000,9999.000,9999.000
202603101954,   1.264,9999.000,9999.000,9999.000,9999.000,9999.000,9999.000,9999.000,9999.000
202603102000,   1.264,9999.000,   0.400,   0.085,   1.749,   0.400,   1.749,   0.500,   1.849
202603102006,   1.263,9999.000,9999.000,9999.000,9999.000,9999.000,9999.000,9999.000,9999.000
202603102012,   1.262,9999.000,9999.000,9999.000,9999.000,9999.000,9999.000,9999.000,9999.000
202603102018,   1.260,9999.000,9999.000,9999.000,9999.000,9999.000,9999.000,9999.000,9999.000
202603102024,   1.259,9999.000,9999.000,9999.000,9999.000,9999.000,9999.000,9999.000,9999.000
202603102030,   1.257,9999.000,9999.000,9999.000,9999.000,9999.000,9999.000,9999.000,9999.000
202603102036,   1.256,9999.000,9999.000,9999.000,9999.000,9999.000,9999.000,9999.000,9999.000
202603102042,   1.254,9999.000,9999.000,9999.000,9999.000,9999.000,9999.000,9999.000,9999.000
202603102048,   1.252,9999.000,9999.000,9999.000,9999.000,9999.000,9999.000,9999.000,9999.000
202603102054,   1.249,9999.000,9999.000,9999.000,9999.000,9999.000,9999.000,9999.000,9999.000
202603102100,   1.247,9999.000,   0.400,   0.085,   1.732,   0.400,   1.732,   0.500,   1.832
202603102106,   1.244,9999.000,9999.000,9999.000,9999.000,9999.000,9999.000,9999.000,9999.000
202603102112,   1.241,9999.000,9999.000,9999.000,9999.000,9999.000,9999.000,9999.000,9999.000
202603102118,   1.237,9999.000,9999.000,9999.000,9999.000,9999.000,9999.000,9999.000,9999.000
202603102124,   1.234,9999.000,9999.000,9999.000,9999.000,9999.000,9999.000,9999.000,9999.000
202603102130,   1.230,9999.000,9999.000,9999.000,9999.000,9999.000,9999.000,9999.000,9999.000
202603102136,   1.226,9999.000,9999.000,9999.000,9999.000,9999.000,9999.000,9999.000,9999.000
202603102142,   1.222,9999.000,9999.000,9999.000,9999.000,9999.000,9999.000,9999.000,9999.000
202603102148,   1.218,9999.000,9999.000,9999.000,9999.000,9999.000,9999.000,9999.000,9999.000
202603102154,   1.213,9999.000,9999.000,9999.000,9999.000,9999.000,9999.000,9999.000,9999.000
202603102200,   1.208,9999.000,   0.400,   0.085,   1.693,   0.400,   1.693,   0.500,   1.793
202603102206,   1.203,9999.000,9999.000,9999.000,9999.000,9999.000,9999.000,9999.000,9999.000
202603102212,   1.197,9999.000,9999.000,9999.000,9999.000,9999.000,9999.000,9999.000,9999.000
202603102218,   1.191,9999.000,9999.000,9999.000,9999.000,9999.000,9999.000,9999.000,9999.000
202603102224,   1.185,9999.000,9999.000,9999.000,9999.000,9999.000,9999.000,9999.000,9999.000
202603102230,   1.179,9999.000,9999.000,9999.000,9999.000,9999.000,9999.000,9999.000,9999.000
202603102236,   1.172,9999.000,9999.000,9999.000,9999.000,9999.000,9999.000,9999.000,9999.000
202603102242,   1.165,9999.000,9999.000,9999.000,9999.000,9999.000,9999.000,9999.000,9999.000
202603102248,   1.158,9999.000,9999.000,9999.000,9999.000,9999.000,9999.000,9999.000,9999.000
202603102254,   1.151,9999.000,9999.000,9999.000,9999.000,9999.000,9999.000,9999.000,9999.000
202603102300,   1.143,9999.000,   0.500,   0.085,   1.728,   0.400,   1.628,   0.600,   1.828
202603102306,   1.135,9999.000,9999.000,9999.000,9999.000,9999.000,9999.000,9999.000,9999.000
202603102312,   1.127,9999.000,9999.000,9999.000,9999.000,9999.000,9999.000,9999.000,9999.000
202603102318,   1.118,9999.000,9999.000,9999.000,9999.000,9999.000,9999.000,9999.000,9999.000
202603102324,   1.110,9999.000,9999.000,9999.000,9999.000,9999.000,9999.000,9999.000,9999.000
202603102330,   1.101,9999.000,9999.000,9999.000,9999.000,9999.000,9999.000,9999.000,9999.000
202603102336,   1.091,9999.000,9999.000,9999.000,9999.000,9999.000,9999.000,9999.000,9999.000
202603102342,   1.082,9999.000,9999.000,9999.000,9999.000,9999.000,9999.000,9999.000,9999.000
202603102348,   1.072,9999.000,9999.000,9999.000,9999.000,9999.000,9999.000,9999.000,9999.000
202603102354,   1.062,9999.000,9999.000,9999.000,9999.000,9999.000,9999.000,9999.000,9999.000
202603110000,   1.051,9999.000,   0.500,   0.085,   1.636,   0.400,   1.536,   0.500,   1.636
