        TIME,    TIDE,      OB,   SURGE,    BIAS,     TWL,SURGE90p,  TWL90p,SURGE10p,   TWL10p
202606211200,   5.604,   4.867,  -0.500,  -0.237,   4.867,  -0.500,   4.867,  -0.400,   4.967
202606211206,   5.759,9999.000,9999.000,9999.000,9999.000,9999.000,9999.000,9999.000,9999.000
202606211212,   5.913,   5.188,9999.000,9999.000,9999.000,9999.000,9999.000,9999.000,9999.000
202606211218,   6.065,9999.000,9999.000,9999.000,9999.000,9999.000,9999.000,9999.000,9999.000
202606211224,   6.215,   5.467,9999.000,9999.000,9999.000,9999.000,9999.000,9999.000,9999.000
202606211230,   6.362,9999.000,9999.000,9999.000,9999.000,9999.000,9999.000,9999.000,9999.000
202606211236,   6.507,   5.697,9999.000,9999.000,9999.000,9999.000,9999.000,9999.000,9999.000
202606211242,   6.647,9999.000,9999.000,9999.000,9999.000,9999.000,9999.000,9999.000,9999.000
202606211248,   6.784,   6.028,9999.000,9999.000,9999.000,9999.000,9999.000,9999.000,9999.000
202606211254,   6.917,9999.000,9999.000,9999.000,9999.000,9999.000,9999.000,9999.000,9999.000
202606211300,   7.045,   6.336,  -0.500,  -0.209,   6.336,  -0.500,   6.336,  -0.500,   6.336
202606211306,   7.167,   6.487,9999.000,9999.000,9999.000,9999.000,9999.000,9999.000,9999.000
202606211312,   7.284,   6.579,9999.000,9999.000,9999.000,9999.000,9999.000,9999.000,9999.000
202606211318,   7.396,   6.687,9999.000,9999.000,9999.000,9999.000,9999.000,9999.000,9999.000
202606211324,   7.501,   6.756,9999.000,9999.000,9999.000,9999.000,9999.000,9999.000,9999.000
202606211330,   7.599,   6.848,9999.000,9999.000,9999.000,9999.000,9999.000,9999.000,9999.000
202606211336,   7.691,   6.956,9999.000,9999.000,9999.000,9999.000,9999.000,9999.000,9999.000
202606211342,   7.775,   7.058,9999.000,9999.000,9999.000,9999.000,9999.000,9999.000,9999.000
202606211348,   7.852,   7.176,9999.000,9999.000,9999.000,9999.000,9999.000,9999.000,9999.000
202606211354,   7.922,   7.219,9999.000,9999.000,9999.000,9999.000,9999.000,9999.000,9999.000
202606211400,   7.983,   7.337,  -0.600,  -0.046,   7.337,  -0.600,   7.337,  -0.500,   7.437
202606211406,   8.036,   7.337,9999.000,9999.000,9999.000,9999.000,9999.000,9999.000,9999.000
202606211412,   8.082,   7.376,9999.000,9999.000,9999.000,9999.000,9999.000,9999.000,9999.000
202606211418,   8.119,   7.386,9999.000,9999.000,9999.000,9999.000,9999.000,9999.000,9999.000
202606211424,   8.147,   7.419,9999.000,9999.000,9999.000,9999.000,9999.000,9999.000,9999.000
202606211430,   8.167,   7.527,9999.000,9999.000,9999.000,9999.000,9999.000,9999.000,9999.000
202606211436,   8.179,   7.498,9999.000,9999.000,9999.000,9999.000,9999.000,9999.000,9999.000
202606211442,   8.181,   7.547,9999.000,9999.000,9999.000,9999.000,9999.000,9999.000,9999.000
202606211448,   8.176,   7.566,9999.000,9999.000,9999.000,9999.000,9999.000,9999.000,9999.000
202606211454,   8.162,   7.527,9999.000,9999.000,9999.000,9999.000,9999.000,9999.000,9999.000
202606211500,   8.139,   7.507,  -0.600,  -0.032,   7.507,  -0.600,   7.507,  -0.500,   7.607
202606211506,   8.108,   7.458,9999.000,9999.000,9999.000,9999.000,9999.000,9999.000,9999.000
202606211512,   8.069,   7.419,9999.000,9999.000,9999.000,9999.000,9999.000,9999.000,9999.000
202606211518,   8.022,   7.399,9999.000,9999.000,9999.000,9999.000,9999.000,9999.000,9999.000
202606211524,   7.966,   7.357,9999.000,9999.000,9999.000,9999.000,9999.000,9999.000,9999.000
202606211530,   7.903,   7.229,9999.000,9999.000,9999.000,9999.000,9999.000,9999.000,9999.000
202606211536,   7.832,   7.199,9999.000,9999.000,9999.000,9999.000,9999.000,9999.000,9999.000
202606211542,   7.753,   7.088,9999.000,9999.000,9999.000,9999.000,9999.000,9999.000,9999.000
202606211548,   7.666,   6.937,9999.000,9999.000,9999.000,9999.000,9999.000,9999.000,9999.000
202606211554,   7.572,   6.878,9999.000,9999.000,9999.000,9999.000,9999.000,9999.000,9999.000
202606211600,   7.471,   6.779,  -0.600,  -0.092,   6.779,  -0.600,   6.779,  -0.500,   6.879
202606211606,   7.363,   6.648,9999.000,9999.000,9999.000,9999.000,9999.000,9999.000,9999.000
202606211612,   7.248,   6.579,9999.000,9999.000,9999.000,9999.000,9999.000,9999.000,9999.000
202606211618,   7.126,   6.448,9999.000,9999.000,9999.000,9999.000,9999.000,9999.000,9999.000
202606211624,   6.998,   6.336,9999.000,9999.000,9999.000,9999.000,9999.000,9999.000,9999.000
202606211630,   6.864,   6.169,9999.000,9999.000,9999.000,9999.000,9999.000,9999.000,9999.000
202606211636,   6.723,   5.999,9999.000,9999.000,9999.000,9999.000,9999.000,9999.000,9999.000
202606211642,   6.577,   5.848,9999.000,9999.000,9999.000,9999.000,9999.000,9999.000,9999.000
202606211648,   6.424,   5.707,9999.000,9999.000,9999.000,9999.000,9999.000,9999.000,9999.000
202606211654,   6.267,   5.569,9999.000,9999.000,9999.000,9999.000,9999.000,9999.000,9999.000
202606211700,   6.104,   5.438,  -0.600,  -0.066,   5.438,  -0.600,   5.438,  -0.500,   5.538
202606211706,   5.937,   5.267,9999.000,9999.000,9999.000,9999.000,9999.000,9999.000,9999.000
202606211712,   5.765,   5.110,9999.000,9999.000,9999.000,9999.000,9999.000,9999.000,9999.000
202606211718,   5.589,   4.969,9999.000,9999.000,9999.000,9999.000,9999.000,9999.000,9999.000
202606211724,   5.409,   4.759,9999.000,9999.000,9999.000,9999.000,9999.000,9999.000,9999.000
202606211730,   5.225,   4.578,9999.000,9999.000,9999.000,9999.000,9999.000,9999.000,9999.000
202606211736,   5.039,   4.408,9999.000,9999.000,9999.000,9999.000,9999.000,9999.000,9999.000
202606211742,   4.850,   4.218,9999.000,9999.000,9999.000,9999.000,9999.000,9999.000,9999.000
202606211748,   4.659,   4.057,9999.000,9999.000,9999.000,9999.000,9999.000,9999.000,9999.000
202606211754,   4.466,   3.880,9999.000,9999.000,9999.000,9999.000,9999.000,9999.000,9999.000
202606211800,   4.273,   3.680,  -0.600,   0.007,   3.680,  -0.600,   3.680,  -0.500,   3.780
202606211806,   4.078,   3.470,9999.000,9999.000,9999.000,9999.000,9999.000,9999.000,9999.000
202606211812,   3.884,   3.329,9999.000,9999.000,9999.000,9999.000,9999.000,9999.000,9999.000
202606211818,   3.690,   3.089,9999.000,9999.000,9999.000,9999.000,9999.000,9999.000,9999.000
202606211824,   3.497,   2.919,9999.000,9999.000,9999.000,9999.000,9999.000,9999.000,9999.000
202606211830,   3.306,   2.728,9999.000,9999.000,9999.000,9999.000,9999.000,9999.000,9999.000
202606211836,   3.117,   2.528,9999.000,9999.000,9999.000,9999.000,9999.000,9999.000,9999.000
202606211842,   2.931,   2.368,9999.000,9999.000,9999.000,9999.000,9999.000,9999.000,9999.000
202606211848,   2.748,   2.138,9999.000,9999.000,9999.000,9999.000,9999.000,9999.000,9999.000
202606211854,   2.569,   1.948,9999.000,9999.000,9999.000,9999.000,9999.000,9999.000,9999.000
202606211900,   2.395,   1.758,  -0.600,  -0.037,   1.758,  -0.600,   1.758,  -0.600,   1.758
202606211906,   2.225,   1.538,9999.000,9999.000,9999.000,9999.000,9999.000,9999.000,9999.000
202606211912,   2.062,   1.439,9999.000,9999.000,9999.000,9999.000,9999.000,9999.000,9999.000
202606211918,   1.904,   1.259,9999.000,9999.000,9999.000,9999.000,9999.000,9999.000,9999.000
202606211924,   1.753,   1.088,9999.000,9999.000,9999.000,9999.000,9999.000,9999.000,9999.000
202606211930,   1.609,   0.961,9999.000,9999.000,9999.000,9999.000,9999.000,9999.000,9999.000
202606211936,   1.472,   0.829,9999.000,9999.000,9999.000,9999.000,9999.000,9999.000,9999.000
202606211942,   1.343,   0.669,9999.000,9999.000,9999.000,9999.000,9999.000,9999.000,9999.000
202606211948,   1.222,   0.600,9999.000,9999.000,9999.000,9999.000,9999.000,9999.000,9999.000
202606211954,   1.110,   0.459,9999.000,9999.000,9999.000,9999.000,9999.000,9999.000,9999.000
202606212000,   1.007,   0.298,  -0.600,  -0.109,   0.298,  -0.600,   0.298,  -0.600,   0.298
202606212006,   0.912,   0.268,9999.000,9999.000,9999.000,9999.000,9999.000,9999.000,9999.000
202606212012,   0.827,   0.098,9999.000,9999.000,9999.000,9999.000,9999.000,9999.000,9999.000
202606212018,   0.752,   0.039,9999.000,9999.000,9999.000,9999.000,9999.000,9999.000,9999.000
202606212024,   0.686,   0.009,9999.000,9999.000,9999.000,9999.000,9999.000,9999.000,9999.000
202606212030,   0.629,  -0.088,9999.000,9999.000,9999.000,9999.000,9999.000,9999.000,9999.000
202606212036,   0.583,  -0.049,9999.000,9999.000,9999.000,9999.000,9999.000,9999.000,9999.000
202606212042,   0.547,  -0.068,9999.000,9999.000,9999.000,9999.000,9999.000,9999.000,9999.000
202606212048,   0.520,  -0.141,9999.000,9999.000,9999.000,9999.000,9999.000,9999.000,9999.000
202606212054,   0.504,  -0.088,9999.000,9999.000,9999.000,9999.000,9999.000,9999.000,9999.000
202606212100,   0.497,  -0.121,  -0.600,  -0.018,  -0.121,  -0.600,  -0.121,  -0.600,  -0.121
202606212106,   0.501,  -0.131,9999.000,9999.000,9999.000,9999.000,9999.000,9999.000,9999.000
202606212112,   0.515,  -0.088,9999.000,9999.000,9999.000,9999.000,9999.000,9999.000,9999.000
202606212118,   0.538,  -0.098,9999.000,9999.000,9999.000,9999.000,9999.000,9999.000,9999.000
202606212124,   0.571,  -0.049,9999.000,9999.000,9999.000,9999.000,9999.000,9999.000,9999.000
202606212130,   0.614,   0.000,9999.000,9999.000,9999.000,9999.000,9999.000,9999.000,9999.000
202606212136,   0.666,   0.049,9999.000,9999.000,9999.000,9999.000,9999.000,9999.000,9999.000
202606212142,   0.728,   0.141,9999.000,9999.000,9999.000,9999.000,9999.000,9999.000,9999.000
202606212148,   0.799,   0.200,9999.000,9999.000,9999.000,9999.000,9999.000,9999.000,9999.000
202606212154,   0.879,   0.308,9999.000,9999.000,9999.000,9999.000,9999.000,9999.000,9999.000
202606212200,   0.968,   0.380,  -0.600,   0.012,   0.380,  -0.600,   0.380,  -0.500,   0.480
202606212206,   1.066,   0.469,9999.000,9999.000,9999.000,9999.000,9999.000,9999.000,9999.000
202606212212,   1.172,   0.629,9999.000,9999.000,9999.000,9999.000,9999.000,9999.000,9999.000
202606212218,   1.286,   0.698,9999.000,9999.000,9999.000,9999.000,9999.000,9999.000,9999.000
202606212224,   1.408,   0.800,9999.000,9999.000,9999.000,9999.000,9999.000,9999.000,9999.000
202606212230,   1.537,   0.970,9999.000,9999.000,9999.000,9999.000,9999.000,9999.000,9999.000
202606212236,   1.674,   1.039,9999.000,9999.000,9999.000,9999.000,9999.000,9999.000,9999.000
202606212242,   1.818,   1.190,9999.000,9999.000,9999.000,9999.000,9999.000,9999.000,9999.000
202606212248,   1.969,   1.380,9999.000,9999.000,9999.000,9999.000,9999.000,9999.000,9999.000
202606212254,   2.126,   1.489,9999.000,9999.000,9999.000,9999.000,9999.000,9999.000,9999.000
202606212300,   2.289,   1.748,  -0.600,   0.059,   1.748,  -0.600,   1.748,  -0.500,   1.848
202606212306,   2.458,   1.918,9999.000,9999.000,9999.000,9999.000,9999.000,9999.000,9999.000
202606212312,   2.632,   2.040,9999.000,9999.000,9999.000,9999.000,9999.000,9999.000,9999.000
202606212318,   2.811,   2.279,9999.000,9999.000,9999.000,9999.000,9999.000,9999.000,9999.000
202606212324,   2.995,   2.459,9999.000,9999.000,9999.000,9999.000,9999.000,9999.000,9999.000
202606212330,   3.183,   2.620,9999.000,9999.000,9999.000,9999.000,9999.000,9999.000,9999.000
202606212336,   3.375,   2.869,9999.000,9999.000,9999.000,9999.000,9999.000,9999.000,9999.000
202606212342,   3.570,   2.997,9999.000,9999.000,9999.000,9999.000,9999.000,9999.000,9999.000
202606212348,   3.768,   3.197,9999.000,9999.000,9999.000,9999.000,9999.000,9999.000,9999.000
202606212354,   3.969,   3.378,9999.000,9999.000,9999.000,9999.000,9999.000,9999.000,9999.000
202606220000,   4.172,   3.539,  -0.500,  -0.133,   3.539,  -0.500,   3.539,  -0.500,   3.539
202606220006,   4.376,   3.768,9999.000,9999.000,9999.000,9999.000,9999.000,9999.000,9999.000
202606220012,   4.582,   3.939,9999.000,9999.000,9999.000,9999.000,9999.000,9999.000,9999.000
202606220018,   4.789,   4.208,9999.000,9999.000,9999.000,9999.000,9999.000,9999.000,9999.000
202606220024,   4.996,   4.388,9999.000,9999.000,9999.000,9999.000,9999.000,9999.000,9999.000
202606220030,   5.202,   4.578,9999.000,9999.000,9999.000,9999.000,9999.000,9999.000,9999.000
202606220036,   5.408,   4.808,9999.000,9999.000,9999.000,9999.000,9999.000,9999.000,9999.000
202606220042,   5.613,   4.969,9999.000,9999.000,9999.000,9999.000,9999.000,9999.000,9999.000
202606220048,   5.817,   5.169,9999.000,9999.000,9999.000,9999.000,9999.000,9999.000,9999.000
202606220054,   6.018,   5.359,9999.000,9999.000,9999.000,9999.000,9999.000,9999.000,9999.000
202606220100,   6.217,   5.530,  -0.500,  -0.187,   5.530,  -0.600,   5.430,  -0.500,   5.530
202606220106,   6.413,   5.697,9999.000,9999.000,9999.000,9999.000,9999.000,9999.000,9999.000
202606220112,   6.606,   5.940,9999.000,9999.000,9999.000,9999.000,9999.000,9999.000,9999.000
202606220118,   6.794,   6.117,9999.000,9999.000,9999.000,9999.000,9999.000,9999.000,9999.000
202606220124,   6.979,   6.307,9999.000,9999.000,9999.000,9999.000,9999.000,9999.000,9999.000
202606220130,   7.159,   6.477,9999.000,9999.000,9999.000,9999.000,9999.000,9999.000,9999.000
202606220136,   7.333,   6.668,9999.000,9999.000,9999.000,9999.000,9999.000,9999.000,9999.000
202606220142,   7.502,   6.828,9999.000,9999.000,9999.000,9999.000,9999.000,9999.000,9999.000
202606220148,   7.665,   7.019,9999.000,9999.000,9999.000,9999.000,9999.000,9999.000,9999.000
202606220154,   7.822,   7.147,9999.000,9999.000,9999.000,9999.000,9999.000,9999.000,9999.000
202606220200,   7.972,   7.297,  -0.600,  -0.075,   7.297,  -0.600,   7.297,  -0.500,   7.397
202606220206,   8.115,   7.448,9999.000,9999.000,9999.000,9999.000,9999.000,9999.000,9999.000
202606220212,   8.251,   7.566,9999.000,9999.000,9999.000,9999.000,9999.000,9999.000,9999.000
202606220218,   8.380,   7.717,9999.000,9999.000,9999.000,9999.000,9999.000,9999.000,9999.000
202606220224,   8.500,   7.829,9999.000,9999.000,9999.000,9999.000,9999.000,9999.000,9999.000
202606220230,   8.613,   7.937,9999.000,9999.000,9999.000,9999.000,9999.000,9999.000,9999.000
202606220236,   8.718,   8.016,9999.000,9999.000,9999.000,9999.000,9999.000,9999.000,9999.000
202606220242,   8.814,   8.157,9999.000,9999.000,9999.000,9999.000,9999.000,9999.000,9999.000
202606220248,   8.901,   8.216,9999.000,9999.000,9999.000,9999.000,9999.000,9999.000,9999.000
202606220254,   8.981,   8.357,9999.000,9999.000,9999.000,9999.000,9999.000,9999.000,9999.000
202606220300,   9.051,   8.386,  -0.600,  -0.065,   8.386,  -0.600,   8.386,  -0.500,   8.486
202606220306,   9.113,   8.478,9999.000,9999.000,9999.000,9999.000,9999.000,9999.000,9999.000
202606220312,   9.166,   8.587,9999.000,9999.000,9999.000,9999.000,9999.000,9999.000,9999.000
202606220318,   9.210,   8.577,9999.000,9999.000,9999.000,9999.000,9999.000,9999.000,9999.000
202606220324,   9.245,   8.606,9999.000,9999.000,9999.000,9999.000,9999.000,9999.000,9999.000
202606220330,   9.272,   8.577,9999.000,9999.000,9999.000,9999.000,9999.000,9999.000,9999.000
202606220336,   9.289,   8.606,9999.000,9999.000,9999.000,9999.000,9999.000,9999.000,9999.000
202606220342,   9.298,   8.596,9999.000,9999.000,9999.000,9999.000,9999.000,9999.000,9999.000
202606220348,   9.299,   8.567,9999.000,9999.000,9999.000,9999.000,9999.000,9999.000,9999.000
202606220354,   9.291,   8.577,9999.000,9999.000,9999.000,9999.000,9999.000,9999.000,9999.000
202606220400,   9.274,   8.557,  -0.600,  -0.117,   8.557,  -0.600,   8.557,  -0.500,   8.657
202606220406,   9.249,   8.537,9999.000,9999.000,9999.000,9999.000,9999.000,9999.000,9999.000
202606220412,   9.216,   8.459,9999.000,9999.000,9999.000,9999.000,9999.000,9999.000,9999.000
202606220418,   9.174,   8.406,9999.000,9999.000,9999.000,9999.000,9999.000,9999.000,9999.000
202606220424,   9.124,   8.337,9999.000,9999.000,9999.000,9999.000,9999.000,9999.000,9999.000
202606220430,   9.067,   8.268,9999.000,9999.000,9999.000,9999.000,9999.000,9999.000,9999.000
202606220436,   9.001,   8.186,9999.000,9999.000,9999.000,9999.000,9999.000,9999.000,9999.000
202606220442,   8.927,   8.117,9999.000,9999.000,9999.000,9999.000,9999.000,9999.000,9999.000
202606220448,   8.846,   8.006,9999.000,9999.000,9999.000,9999.000,9999.000,9999.000,9999.000
202606220454,   8.757,   7.917,9999.000,9999.000,9999.000,9999.000,9999.000,9999.000,9999.000
202606220500,   8.661,   7.829,  -0.600,  -0.232,   7.829,  -0.600,   7.829,  -0.500,   7.929
202606220506,   8.557,   7.727,9999.000,9999.000,9999.000,9999.000,9999.000,9999.000,9999.000
202606220512,   8.447,   7.658,9999.000,9999.000,9999.000,9999.000,9999.000,9999.000,9999.000
202606220518,   8.329,   7.527,9999.000,9999.000,9999.000,9999.000,9999.000,9999.000,9999.000
202606220524,   8.205,   7.409,9999.000,9999.000,9999.000,9999.000,9999.000,9999.000,9999.000
202606220530,   8.074,   7.297,9999.000,9999.000,9999.000,9999.000,9999.000,9999.000,9999.000
202606220536,   7.937,   7.176,9999.000,9999.000,9999.000,9999.000,9999.000,9999.000,9999.000
202606220542,   7.794,   7.058,9999.000,9999.000,9999.000,9999.000,9999.000,9999.000,9999.000
202606220548,   7.646,   6.878,9999.000,9999.000,9999.000,9999.000,9999.000,9999.000,9999.000
202606220554,   7.492,   6.779,9999.000,9999.000,9999.000,9999.000,9999.000,9999.000,9999.000
202606220600,   7.333,   6.619,  -0.500,  -0.214,   6.619,  -0.600,   6.519,  -0.500,   6.619
202606220606,   7.169,   6.477,9999.000,9999.000,9999.000,9999.000,9999.000,9999.000,9999.000
202606220612,   7.002,   6.317,9999.000,9999.000,9999.000,9999.000,9999.000,9999.000,9999.000
202606220618,   6.831,   6.189,9999.000,9999.000,9999.000,9999.000,9999.000,9999.000,9999.000
202606220624,   6.656,   6.048,9999.000,9999.000,9999.000,9999.000,9999.000,9999.000,9999.000
202606220630,   6.479,   5.858,9999.000,9999.000,9999.000,9999.000,9999.000,9999.000,9999.000
202606220636,   6.300,   5.739,9999.000,9999.000,9999.000,9999.000,9999.000,9999.000,9999.000
202606220642,   6.118,   5.497,9999.000,9999.000,9999.000,9999.000,9999.000,9999.000,9999.000
202606220648,   5.936,   5.369,9999.000,9999.000,9999.000,9999.000,9999.000,9999.000,9999.000
202606220654,   5.753,   5.179,9999.000,9999.000,9999.000,9999.000,9999.000,9999.000,9999.000
202606220700,   5.570,   5.038,  -0.600,   0.068,   5.038,  -0.600,   5.038,  -0.500,   5.138
202606220706,   5.387,   4.857,9999.000,9999.000,9999.000,9999.000,9999.000,9999.000,9999.000
202606220712,   5.205,   4.628,9999.000,9999.000,9999.000,9999.000,9999.000,9999.000,9999.000
202606220718,   5.025,   4.408,9999.000,9999.000,9999.000,9999.000,9999.000,9999.000,9999.000
202606220724,   4.847,   4.188,9999.000,9999.000,9999.000,9999.000,9999.000,9999.000,9999.000
202606220730,   4.671,   4.008,9999.000,9999.000,9999.000,9999.000,9999.000,9999.000,9999.000
202606220736,   4.498,   3.847,9999.000,9999.000,9999.000,9999.000,9999.000,9999.000,9999.000
202606220742,   4.330,   3.660,9999.000,9999.000,9999.000,9999.000,9999.000,9999.000,9999.000
202606220748,   4.165,   3.489,9999.000,9999.000,9999.000,9999.000,9999.000,9999.000,9999.000
202606220754,   4.005,   3.348,9999.000,9999.000,9999.000,9999.000,9999.000,9999.000,9999.000
202606220800,   3.849,   3.217,  -0.500,  -0.132,   3.217,  -0.600,   3.117,  -0.500,   3.217
202606220806,   3.699,   3.060,9999.000,9999.000,9999.000,9999.000,9999.000,9999.000,9999.000
202606220812,   3.555,   2.879,9999.000,9999.000,9999.000,9999.000,9999.000,9999.000,9999.000
202606220818,   3.416,   2.679,9999.000,9999.000,9999.000,9999.000,9999.000,9999.000,9999.000
202606220824,   3.284,   2.519,9999.000,9999.000,9999.000,9999.000,9999.000,9999.000,9999.000
202606220830,   3.159,   2.387,9999.000,9999.000,9999.000,9999.000,9999.000,9999.000,9999.000
202606220836,   3.040,   2.299,9999.000,9999.000,9999.000,9999.000,9999.000,9999.000,9999.000
202606220842,   2.929,   2.158,9999.000,9999.000,9999.000,9999.000,9999.000,9999.000,9999.000
202606220848,   2.825,   2.079,9999.000,9999.000,9999.000,9999.000,9999.000,9999.000,9999.000
202606220854,   2.728,   1.981,9999.000,9999.000,9999.000,9999.000,9999.000,9999.000,9999.000
202606220900,   2.638,   1.899,  -0.500,  -0.239,   1.899,  -0.600,   1.799,  -0.500,   1.899
202606220906,   2.557,   1.869,9999.000,9999.000,9999.000,9999.000,9999.000,9999.000,9999.000
202606220912,   2.483,   1.748,9999.000,9999.000,9999.000,9999.000,9999.000,9999.000,9999.000
202606220918,   2.417,   1.708,9999.000,9999.000,9999.000,9999.000,9999.000,9999.000,9999.000
202606220924,   2.359,   1.708,9999.000,9999.000,9999.000,9999.000,9999.000,9999.000,9999.000
202606220930,   2.308,   1.659,9999.000,9999.000,9999.000,9999.000,9999.000,9999.000,9999.000
202606220936,   2.266,   1.679,9999.000,9999.000,9999.000,9999.000,9999.000,9999.000,9999.000
202606220942,   2.231,   1.639,9999.000,9999.000,9999.000,9999.000,9999.000,9999.000,9999.000
202606220948,   2.204,   1.580,9999.000,9999.000,9999.000,9999.000,9999.000,9999.000,9999.000
202606220954,   2.185,   1.600,9999.000,9999.000,9999.000,9999.000,9999.000,9999.000,9999.000
202606221000,   2.174,   1.600,  -0.500,  -0.074,   1.600,  -0.600,   1.500,  -0.500,   1.600
202606221006,   2.171,   1.600,9999.000,9999.000,9999.000,9999.000,9999.000,9999.000,9999.000
202606221012,   2.175,   1.600,9999.000,9999.000,9999.000,9999.000,9999.000,9999.000,9999.000
202606221018,   2.187,   1.600,9999.000,9999.000,9999.000,9999.000,9999.000,9999.000,9999.000
202606221024,   2.206,   1.649,9999.000,9999.000,9999.000,9999.000,9999.000,9999.000,9999.000
202606221030,   2.233,   1.649,9999.000,9999.000,9999.000,9999.000,9999.000,9999.000,9999.000
202606221036,   2.267,   1.718,9999.000,9999.000,9999.000,9999.000,9999.000,9999.000,9999.000
202606221042,   2.307,   1.738,9999.000,9999.000,9999.000,9999.000,9999.000,9999.000,9999.000
202606221048,   2.355,   1.738,9999.000,9999.000,9999.000,9999.000,9999.000,9999.000,9999.000
202606221054,   2.410,   1.810,9999.000,9999.000,9999.000,9999.000,9999.000,9999.000,9999.000
202606221100,   2.471,   1.889,  -0.500,  -0.082,   1.889,  -0.600,   1.789,  -0.500,   1.889
202606221106,   2.538,   1.918,9999.000,9999.000,9999.000,9999.000,9999.000,9999.000,9999.000
202606221112,   2.611,   2.010,9999.000,9999.000,9999.000,9999.000,9999.000,9999.000,9999.000
202606221118,   2.691,   2.079,9999.000,9999.000,9999.000,9999.000,9999.000,9999.000,9999.000
202606221124,   2.776,   2.177,9999.000,9999.000,9999.000,9999.000,9999.000,9999.000,9999.000
202606221130,   2.867,   2.309,9999.000,9999.000,9999.000,9999.000,9999.000,9999.000,9999.000
202606221136,   2.962,   2.400,9999.000,9999.000,9999.000,9999.000,9999.000,9999.000,9999.000
202606221142,   3.063,   2.519,9999.000,9999.000,9999.000,9999.000,9999.000,9999.000,9999.000
202606221148,   3.168,   2.640,9999.000,9999.000,9999.000,9999.000,9999.000,9999.000,9999.000
202606221154,   3.278,   2.807,9999.000,9999.000,9999.000,9999.000,9999.000,9999.000,9999.000
202606221200,   3.391,   2.938,  -0.500,   0.047,   2.938,  -0.500,   2.938,  -0.500,   2.938
202606221206,   3.509,   3.040,9999.000,9999.000,9999.000,9999.000,9999.000,9999.000,9999.000
202606221212,   3.630,   3.168,9999.000,9999.000,9999.000,9999.000,9999.000,9999.000,9999.000
202606221218,   3.753,   3.260,9999.000,9999.000,9999.000,9999.000,9999.000,9999.000,9999.000
202606221224,   3.880,   3.348,9999.000,9999.000,9999.000,9999.000,9999.000,9999.000,9999.000
202606221230,   4.009,   3.460,9999.000,9999.000,9999.000,9999.000,9999.000,9999.000,9999.000
202606221236,   4.139,   3.578,9999.000,9999.000,9999.000,9999.000,9999.000,9999.000,9999.000
202606221242,   4.272,   3.719,9999.000,9999.000,9999.000,9999.000,9999.000,9999.000,9999.000
202606221248,   4.405,   3.880,9999.000,9999.000,9999.000,9999.000,9999.000,9999.000,9999.000
202606221254,   4.540,   4.037,9999.000,9999.000,9999.000,9999.000,9999.000,9999.000,9999.000
202606221300,   4.674,   4.198,  -0.500,   0.024,   4.198,  -0.600,   4.098,  -0.500,   4.198
202606221306,   4.809,   4.319,9999.000,9999.000,9999.000,9999.000,9999.000,9999.000,9999.000
202606221312,   4.944,   4.418,9999.000,9999.000,9999.000,9999.000,9999.000,9999.000,9999.000
202606221318,   5.077,   4.509,9999.000,9999.000,9999.000,9999.000,9999.000,9999.000,9999.000
202606221324,   5.210,   4.700,9999.000,9999.000,9999.000,9999.000,9999.000,9999.000,9999.000
202606221330,   5.340,   4.808,9999.000,9999.000,9999.000,9999.000,9999.000,9999.000,9999.000
202606221336,   5.469,   4.959,9999.000,9999.000,9999.000,9999.000,9999.000,9999.000,9999.000
202606221342,   5.596,   5.087,9999.000,9999.000,9999.000,9999.000,9999.000,9999.000,9999.000
202606221348,   5.719,   5.218,9999.000,9999.000,9999.000,9999.000,9999.000,9999.000,9999.000
202606221354,   5.840,   5.369,9999.000,9999.000,9999.000,9999.000,9999.000,9999.000,9999.000
202606221400,   5.957,   5.497,  -0.500,   0.040,   5.497,  -0.600,   5.397,  -0.500,   5.497
202606221406,   6.070,   5.598,9999.000,9999.000,9999.000,9999.000,9999.000,9999.000,9999.000
202606221412,   6.178,   5.657,9999.000,9999.000,9999.000,9999.000,9999.000,9999.000,9999.000
202606221418,   6.282,   5.739,9999.000,9999.000,9999.000,9999.000,9999.000,9999.000,9999.000
202606221424,   6.382,   5.858,9999.000,9999.000,9999.000,9999.000,9999.000,9999.000,9999.000
202606221430,   6.476,   5.989,9999.000,9999.000,9999.000,9999.000,9999.000,9999.000,9999.000
202606221436,   6.565,   6.077,9999.000,9999.000,9999.000,9999.000,9999.000,9999.000,9999.000
202606221442,   6.648,   6.159,9999.000,9999.000,9999.000,9999.000,9999.000,9999.000,9999.000
202606221448,   6.725,   6.277,9999.000,9999.000,9999.000,9999.000,9999.000,9999.000,9999.000
202606221454,   6.796,   6.336,9999.000,9999.000,9999.000,9999.000,9999.000,9999.000,9999.000
202606221500,   6.861,   6.428,  -0.600,   0.167,   6.428,  -0.600,   6.428,  -0.500,   6.528
202606221506,   6.919,   6.468,9999.000,9999.000,9999.000,9999.000,9999.000,9999.000,9999.000
202606221512,   6.971,   6.468,9999.000,9999.000,9999.000,9999.000,9999.000,9999.000,9999.000
202606221518,   7.017,   6.579,9999.000,9999.000,9999.000,9999.000,9999.000,9999.000,9999.000
202606221524,   7.055,   6.579,9999.000,9999.000,9999.000,9999.000,9999.000,9999.000,9999.000
202606221530,   7.087,   6.638,9999.000,9999.000,9999.000,9999.000,9999.000,9999.000,9999.000
202606221536,   7.112,   6.658,9999.000,9999.000,9999.000,9999.000,9999.000,9999.000,9999.000
202606221542,   7.130,   6.628,9999.000,9999.000,9999.000,9999.000,9999.000,9999.000,9999.000
202606221548,   7.142,   6.628,9999.000,9999.000,9999.000,9999.000,9999.000,9999.000,9999.000
202606221554,   7.146,   6.599,9999.000,9999.000,9999.000,9999.000,9999.000,9999.000,9999.000
202606221600,   7.144,   6.546,  -0.500,  -0.098,   6.546,  -0.600,   6.446,  -0.500,   6.546
202606221606,   7.135,   6.546,9999.000,9999.000,9999.000,9999.000,9999.000,9999.000,9999.000
202606221612,   7.119,   6.527,9999.000,9999.000,9999.000,9999.000,9999.000,9999.000,9999.000
202606221618,   7.097,   6.517,9999.000,9999.000,9999.000,9999.000,9999.000,9999.000,9999.000
202606221624,   7.068,   6.458,9999.000,9999.000,9999.000,9999.000,9999.000,9999.000,9999.000
202606221630,   7.033,   6.468,9999.000,9999.000,9999.000,9999.000,9999.000,9999.000,9999.000
202606221636,   6.991,   6.389,9999.000,9999.000,9999.000,9999.000,9999.000,9999.000,9999.000
202606221642,   6.943,9999.000,9999.000,9999.000,9999.000,9999.000,9999.000,9999.000,9999.000
202606221648,   6.888,   6.268,9999.000,9999.000,9999.000,9999.000,9999.000,9999.000,9999.000
202606221654,   6.827,   6.169,9999.000,9999.000,9999.000,9999.000,9999.000,9999.000,9999.000
202606221700,   6.760,   6.136,  -0.500,  -0.124,   6.136,  -0.600,   6.036,  -0.500,   6.136
202606221706,   6.687,   6.038,9999.000,9999.000,9999.000,9999.000,9999.000,9999.000,9999.000
202606221712,   6.609,   5.989,9999.000,9999.000,9999.000,9999.000,9999.000,9999.000,9999.000
202606221718,   6.524,   5.887,9999.000,9999.000,9999.000,9999.000,9999.000,9999.000,9999.000
202606221724,   6.433,   5.789,9999.000,9999.000,9999.000,9999.000,9999.000,9999.000,9999.000
202606221730,   6.337,   5.739,9999.000,9999.000,9999.000,9999.000,9999.000,9999.000,9999.000
202606221736,   6.236,   5.608,9999.000,9999.000,9999.000,9999.000,9999.000,9999.000,9999.000
202606221742,   6.129,   5.549,9999.000,9999.000,9999.000,9999.000,9999.000,9999.000,9999.000
202606221748,   6.017,   5.398,9999.000,9999.000,9999.000,9999.000,9999.000,9999.000,9999.000
202606221754,   5.900,   5.287,9999.000,9999.000,9999.000,9999.000,9999.000,9999.000,9999.000
202606221800,   5.779,   5.159,  -0.400,  -0.220,   5.159,  -0.500,   5.059,  -0.400,   5.159
202606221806,   5.653,   5.008,9999.000,9999.000,9999.000,9999.000,9999.000,9999.000,9999.000
202606221812,   5.523,   4.919,9999.000,9999.000,9999.000,9999.000,9999.000,9999.000,9999.000
202606221818,   5.389,   4.739,9999.000,9999.000,9999.000,9999.000,9999.000,9999.000,9999.000
202606221824,   5.252,   4.598,9999.000,9999.000,9999.000,9999.000,9999.000,9999.000,9999.000
202606221830,   5.112,   4.529,9999.000,9999.000,9999.000,9999.000,9999.000,9999.000,9999.000
202606221836,   4.969,   4.408,9999.000,9999.000,9999.000,9999.000,9999.000,9999.000,9999.000
202606221842,   4.823,   4.267,9999.000,9999.000,9999.000,9999.000,9999.000,9999.000,9999.000
202606221848,   4.676,   4.129,9999.000,9999.000,9999.000,9999.000,9999.000,9999.000,9999.000
202606221854,   4.527,   3.968,9999.000,9999.000,9999.000,9999.000,9999.000,9999.000,9999.000
202606221900,   4.377,   3.817,  -0.400,  -0.160,   3.817,  -0.400,   3.817,  -0.400,   3.817
202606221906,   4.227,   3.660,9999.000,9999.000,9999.000,9999.000,9999.000,9999.000,9999.000
202606221912,   4.077,   3.489,9999.000,9999.000,9999.000,9999.000,9999.000,9999.000,9999.000
202606221918,   3.927,   3.358,9999.000,9999.000,9999.000,9999.000,9999.000,9999.000,9999.000
202606221924,   3.778,   3.178,9999.000,9999.000,9999.000,9999.000,9999.000,9999.000,9999.000
202606221930,   3.631,   3.040,9999.000,9999.000,9999.000,9999.000,9999.000,9999.000,9999.000
202606221936,   3.486,   2.899,9999.000,9999.000,9999.000,9999.000,9999.000,9999.000,9999.000
202606221942,   3.344,   2.778,9999.000,9999.000,9999.000,9999.000,9999.000,9999.000,9999.000
202606221948,   3.204,   2.679,9999.000,9999.000,9999.000,9999.000,9999.000,9999.000,9999.000
202606221954,   3.069,   2.558,9999.000,9999.000,9999.000,9999.000,9999.000,9999.000,9999.000
202606222000,   2.937,   2.450,  -0.400,  -0.087,   2.450,  -0.400,   2.450,  -0.400,   2.450
202606222006,   2.809,   2.289,9999.000,9999.000,9999.000,9999.000,9999.000,9999.000,9999.000
202606222012,   2.687,   2.168,9999.000,9999.000,9999.000,9999.000,9999.000,9999.000,9999.000
202606222018,   2.570,   2.030,9999.000,9999.000,9999.000,9999.000,9999.000,9999.000,9999.000
202606222024,   2.459,   1.899,9999.000,9999.000,9999.000,9999.000,9999.000,9999.000,9999.000
202606222030,   2.353,   1.748,9999.000,9999.000,9999.000,9999.000,9999.000,9999.000,9999.000
202606222036,   2.254,   1.689,9999.000,9999.000,9999.000,9999.000,9999.000,9999.000,9999.000
202606222042,   2.162,   1.600,9999.000,9999.000,9999.000,9999.000,9999.000,9999.000,9999.000
202606222048,   2.077,   1.498,9999.000,9999.000,9999.000,9999.000,9999.000,9999.000,9999.000
202606222054,   1.998,   1.479,9999.000,9999.000,9999.000,9999.000,9999.000,9999.000,9999.000
202606222100,   1.928,   1.380,  -0.400,  -0.148,   1.380,  -0.400,   1.380,  -0.300,   1.480
202606222106,   1.864,   1.318,9999.000,9999.000,9999.000,9999.000,9999.000,9999.000,9999.000
202606222112,   1.808,   1.328,9999.000,9999.000,9999.000,9999.000,9999.000,9999.000,9999.000
202606222118,   1.761,   1.210,9999.000,9999.000,9999.000,9999.000,9999.000,9999.000,9999.000
202606222124,   1.721,   1.190,9999.000,9999.000,9999.000,9999.000,9999.000,9999.000,9999.000
202606222130,   1.689,   1.161,9999.000,9999.000,9999.000,9999.000,9999.000,9999.000,9999.000
202606222136,   1.665,   1.069,9999.000,9999.000,9999.000,9999.000,9999.000,9999.000,9999.000
202606222142,   1.649,   1.079,9999.000,9999.000,9999.000,9999.000,9999.000,9999.000,9999.000
202606222148,   1.641,   1.108,9999.000,9999.000,9999.000,9999.000,9999.000,9999.000,9999.000
202606222154,   1.641,   1.059,9999.000,9999.000,9999.000,9999.000,9999.000,9999.000,9999.000
202606222200,   1.650,   1.059,  -0.400,  -0.191,   1.059,  -0.500,   0.959,  -0.300,   1.159
202606222206,   1.666,   1.088,9999.000,9999.000,9999.000,9999.000,9999.000,9999.000,9999.000
202606222212,   1.691,   1.128,9999.000,9999.000,9999.000,9999.000,9999.000,9999.000,9999.000
202606222218,   1.723,   1.210,9999.000,9999.000,9999.000,9999.000,9999.000,9999.000,9999.000
202606222224,   1.763,   1.210,9999.000,9999.000,9999.000,9999.000,9999.000,9999.000,9999.000
202606222230,   1.811,   1.279,9999.000,9999.000,9999.000,9999.000,9999.000,9999.000,9999.000
202606222236,   1.867,   1.308,9999.000,9999.000,9999.000,9999.000,9999.000,9999.000,9999.000
202606222242,   1.930,   1.328,9999.000,9999.000,9999.000,9999.000,9999.000,9999.000,9999.000
202606222248,   2.001,   1.469,9999.000,9999.000,9999.000,9999.000,9999.000,9999.000,9999.000
202606222254,   2.079,   1.528,9999.000,9999.000,9999.000,9999.000,9999.000,9999.000,9999.000
202606222300,   2.165,   1.639,  -0.400,  -0.126,   1.639,  -0.400,   1.639,  -0.300,   1.739
202606222306,   2.257,   1.738,9999.000,9999.000,9999.000,9999.000,9999.000,9999.000,9999.000
202606222312,   2.357,   1.840,9999.000,9999.000,9999.000,9999.000,9999.000,9999.000,9999.000
202606222318,   2.463,   1.958,9999.000,9999.000,9999.000,9999.000,9999.000,9999.000,9999.000
202606222324,   2.575,   2.059,9999.000,9999.000,9999.000,9999.000,9999.000,9999.000,9999.000
202606222330,   2.694,   2.148,9999.000,9999.000,9999.000,9999.000,9999.000,9999.000,9999.000
202606222336,   2.819,   2.259,9999.000,9999.000,9999.000,9999.000,9999.000,9999.000,9999.000
202606222342,   2.950,   2.400,9999.000,9999.000,9999.000,9999.000,9999.000,9999.000,9999.000
202606222348,   3.086,   2.519,9999.000,9999.000,9999.000,9999.000,9999.000,9999.000,9999.000
202606222354,   3.228,   2.669,9999.000,9999.000,9999.000,9999.000,9999.000,9999.000,9999.000
202606230000,   3.375,   2.860,  -0.300,  -0.215,   2.860,  -0.400,   2.760,  -0.300,   2.860
202606230006,   3.526,   3.040,9999.000,9999.000,9999.000,9999.000,9999.000,9999.000,9999.000
202606230012,   3.682,   3.158,9999.000,9999.000,9999.000,9999.000,9999.000,9999.000,9999.000
202606230018,   3.842,   3.358,9999.000,9999.000,9999.000,9999.000,9999.000,9999.000,9999.000
202606230024,   4.006,   3.509,9999.000,9999.000,9999.000,9999.000,9999.000,9999.000,9999.000
202606230030,   4.173,   3.689,9999.000,9999.000,9999.000,9999.000,9999.000,9999.000,9999.000
202606230036,   4.344,   3.880,9999.000,9999.000,9999.000,9999.000,9999.000,9999.000,9999.000
202606230042,   4.517,   3.998,9999.000,9999.000,9999.000,9999.000,9999.000,9999.000,9999.000
202606230048,   4.693,   4.168,9999.000,9999.000,9999.000,9999.000,9999.000,9999.000,9999.000
202606230054,   4.870,   4.339,9999.000,9999.000,9999.000,9999.000,9999.000,9999.000,9999.000
202606230100,   5.050,   4.467,  -0.400,  -0.183,   4.467,  -0.400,   4.467,  -0.300,   4.567
202606230106,   5.230,   4.739,9999.000,9999.000,9999.000,9999.000,9999.000,9999.000,9999.000
202606230112,   5.411,   4.900,9999.000,9999.000,9999.000,9999.000,9999.000,9999.000,9999.000
202606230118,   5.593,   5.057,9999.000,9999.000,9999.000,9999.000,9999.000,9999.000,9999.000
202606230124,   5.775,   5.287,9999.000,9999.000,9999.000,9999.000,9999.000,9999.000,9999.000
202606230130,   5.956,   5.418,9999.000,9999.000,9999.000,9999.000,9999.000,9999.000,9999.000
202606230136,   6.136,   5.638,9999.000,9999.000,9999.000,9999.000,9999.000,9999.000,9999.000
202606230142,   6.315,   5.769,9999.000,9999.000,9999.000,9999.000,9999.000,9999.000,9999.000
202606230148,   6.492,   5.917,9999.000,9999.000,9999.000,9999.000,9999.000,9999.000,9999.000
202606230154,   6.667,   6.067,9999.000,9999.000,9999.000,9999.000,9999.000,9999.000,9999.000
202606230200,   6.840,   6.287,  -0.400,  -0.153,   6.287,  -0.400,   6.287,  -0.300,   6.387
202606230206,   7.009,   6.458,9999.000,9999.000,9999.000,9999.000,9999.000,9999.000,9999.000
202606230212,   7.176,   6.628,9999.000,9999.000,9999.000,9999.000,9999.000,9999.000,9999.000
202606230218,   7.338,   6.828,9999.000,9999.000,9999.000,9999.000,9999.000,9999.000,9999.000
202606230224,   7.496,   6.956,9999.000,9999.000,9999.000,9999.000,9999.000,9999.000,9999.000
202606230230,   7.650,   7.166,9999.000,9999.000,9999.000,9999.000,9999.000,9999.000,9999.000
202606230236,   7.798,   7.278,9999.000,9999.000,9999.000,9999.000,9999.000,9999.000,9999.000
202606230242,   7.942,   7.386,9999.000,9999.000,9999.000,9999.000,9999.000,9999.000,9999.000
202606230248,   8.079,   7.527,9999.000,9999.000,9999.000,9999.000,9999.000,9999.000,9999.000
202606230254,   8.211,   7.609,9999.000,9999.000,9999.000,9999.000,9999.000,9999.000,9999.000
202606230300,   8.337,   7.829,  -0.400,  -0.108,   7.829,  -0.400,   7.829,  -0.300,   7.929
202606230306,   8.456,   7.917,9999.000,9999.000,9999.000,9999.000,9999.000,9999.000,9999.000
202606230312,   8.568,   8.039,9999.000,9999.000,9999.000,9999.000,9999.000,9999.000,9999.000
202606230318,   8.674,   8.117,9999.000,9999.000,9999.000,9999.000,9999.000,9999.000,9999.000
202606230324,   8.772,   8.206,9999.000,9999.000,9999.000,9999.000,9999.000,9999.000,9999.000
202606230330,   8.863,   8.308,9999.000,9999.000,9999.000,9999.000,9999.000,9999.000,9999.000
202606230336,   8.947,   8.357,9999.000,9999.000,9999.000,9999.000,9999.000,9999.000,9999.000
202606230342,   9.023,   8.459,9999.000,9999.000,9999.000,9999.000,9999.000,9999.000,9999.000
202606230348,   9.091,   8.498,9999.000,9999.000,9999.000,9999.000,9999.000,9999.000,9999.000
202606230354,   9.151,   8.587,9999.000,9999.000,9999.000,9999.000,9999.000,9999.000,9999.000
202606230400,   9.204,   8.616,  -0.400,  -0.188,   8.616,  -0.400,   8.616,  -0.300,   8.716
202606230406,   9.249,   8.678,9999.000,9999.000,9999.000,9999.000,9999.000,9999.000,9999.000
202606230412,   9.285,   8.698,9999.000,9999.000,9999.000,9999.000,9999.000,9999.000,9999.000
202606230418,   9.314,   8.678,9999.000,9999.000,9999.000,9999.000,9999.000,9999.000,9999.000
202606230424,   9.334,   8.678,9999.000,9999.000,9999.000,9999.000,9999.000,9999.000,9999.000
202606230430,   9.347,   8.698,9999.000,9999.000,9999.000,9999.000,9999.000,9999.000,9999.000
202606230436,   9.352,   8.718,9999.000,9999.000,9999.000,9999.000,9999.000,9999.000,9999.000
202606230442,   9.348,   8.728,9999.000,9999.000,9999.000,9999.000,9999.000,9999.000,9999.000
202606230448,   9.337,   8.688,9999.000,9999.000,9999.000,9999.000,9999.000,9999.000,9999.000
202606230454,   9.318,   8.698,9999.000,9999.000,9999.000,9999.000,9999.000,9999.000,9999.000
202606230500,   9.291,   8.649,  -0.400,  -0.242,   8.649,  -0.400,   8.649,  -0.300,   8.749
202606230506,   9.256,   8.669,9999.000,9999.000,9999.000,9999.000,9999.000,9999.000,9999.000
202606230512,   9.213,   8.606,9999.000,9999.000,9999.000,9999.000,9999.000,9999.000,9999.000
202606230518,   9.162,   8.547,9999.000,9999.000,9999.000,9999.000,9999.000,9999.000,9999.000
202606230524,   9.104,   8.498,9999.000,9999.000,9999.000,9999.000,9999.000,9999.000,9999.000
202606230530,   9.038,   8.439,9999.000,9999.000,9999.000,9999.000,9999.000,9999.000,9999.000
202606230536,   8.965,   8.367,9999.000,9999.000,9999.000,9999.000,9999.000,9999.000,9999.000
202606230542,   8.884,   8.259,9999.000,9999.000,9999.000,9999.000,9999.000,9999.000,9999.000
202606230548,   8.795,   8.157,9999.000,9999.000,9999.000,9999.000,9999.000,9999.000,9999.000
202606230554,   8.700,   8.039,9999.000,9999.000,9999.000,9999.000,9999.000,9999.000,9999.000
202606230600,   8.597,   7.917,  -0.500,  -0.180,   7.917,  -0.500,   7.917,  -0.400,   8.017
202606230606,   8.487,   7.829,9999.000,9999.000,9999.000,9999.000,9999.000,9999.000,9999.000
202606230612,   8.370,   7.698,9999.000,9999.000,9999.000,9999.000,9999.000,9999.000,9999.000
202606230618,   8.247,   7.586,9999.000,9999.000,9999.000,9999.000,9999.000,9999.000,9999.000
202606230624,   8.117,   7.429,9999.000,9999.000,9999.000,9999.000,9999.000,9999.000,9999.000
202606230630,   7.981,   7.317,9999.000,9999.000,9999.000,9999.000,9999.000,9999.000,9999.000
202606230636,   7.839,   7.166,9999.000,9999.000,9999.000,9999.000,9999.000,9999.000,9999.000
202606230642,   7.691,   7.009,9999.000,9999.000,9999.000,9999.000,9999.000,9999.000,9999.000
202606230648,   7.538,   6.848,9999.000,9999.000,9999.000,9999.000,9999.000,9999.000,9999.000
202606230654,   7.380,   6.678,9999.000,9999.000,9999.000,9999.000,9999.000,9999.000,9999.000
202606230700,   7.218,   6.537,  -0.400,  -0.281,   6.537,  -0.500,   6.437,  -0.400,   6.537
202606230706,   7.051,   6.379,9999.000,9999.000,9999.000,9999.000,9999.000,9999.000,9999.000
202606230712,   6.880,   6.218,9999.000,9999.000,9999.000,9999.000,9999.000,9999.000,9999.000
202606230718,   6.705,   6.067,9999.000,9999.000,9999.000,9999.000,9999.000,9999.000,9999.000
202606230724,   6.528,   5.877,9999.000,9999.000,9999.000,9999.000,9999.000,9999.000,9999.000
202606230730,   6.348,   5.717,9999.000,9999.000,9999.000,9999.000,9999.000,9999.000,9999.000
202606230736,   6.167,   5.530,9999.000,9999.000,9999.000,9999.000,9999.000,9999.000,9999.000
202606230742,   5.984,   5.369,9999.000,9999.000,9999.000,9999.000,9999.000,9999.000,9999.000
202606230748,   5.799,   5.198,9999.000,9999.000,9999.000,9999.000,9999.000,9999.000,9999.000
202606230754,   5.615,   5.018,9999.000,9999.000,9999.000,9999.000,9999.000,9999.000,9999.000
202606230800,   5.430,   4.828,  -0.400,  -0.202,   4.828,  -0.500,   4.728,  -0.400,   4.828
202606230806,   5.246,   4.647,9999.000,9999.000,9999.000,9999.000,9999.000,9999.000,9999.000
202606230812,   5.063,   4.457,9999.000,9999.000,9999.000,9999.000,9999.000,9999.000,9999.000
202606230818,   4.882,   4.218,9999.000,9999.000,9999.000,9999.000,9999.000,9999.000,9999.000
202606230824,   4.703,   4.027,9999.000,9999.000,9999.000,9999.000,9999.000,9999.000,9999.000
202606230830,   4.526,   3.890,9999.000,9999.000,9999.000,9999.000,9999.000,9999.000,9999.000
202606230836,   4.352,   3.709,9999.000,9999.000,9999.000,9999.000,9999.000,9999.000,9999.000
202606230842,   4.181,   3.588,9999.000,9999.000,9999.000,9999.000,9999.000,9999.000,9999.000
202606230848,   4.014,   3.460,9999.000,9999.000,9999.000,9999.000,9999.000,9999.000,9999.000
202606230854,   3.852,   3.289,9999.000,9999.000,9999.000,9999.000,9999.000,9999.000,9999.000
202606230900,   3.693,   3.158,  -0.400,  -0.135,   3.158,  -0.500,   3.058,  -0.400,   3.158
202606230906,   3.540,   2.978,9999.000,9999.000,9999.000,9999.000,9999.000,9999.000,9999.000
202606230912,   3.391,   2.860,9999.000,9999.000,9999.000,9999.000,9999.000,9999.000,9999.000
202606230918,   3.248,   2.709,9999.000,9999.000,9999.000,9999.000,9999.000,9999.000,9999.000
202606230924,   3.111,   2.548,9999.000,9999.000,9999.000,9999.000,9999.000,9999.000,9999.000
202606230930,   2.979,   2.420,9999.000,9999.000,9999.000,9999.000,9999.000,9999.000,9999.000
202606230936,   2.854,   2.259,9999.000,9999.000,9999.000,9999.000,9999.000,9999.000,9999.000
202606230942,   2.734,   2.148,9999.000,9999.000,9999.000,9999.000,9999.000,9999.000,9999.000
202606230948,   2.621,   2.040,9999.000,9999.000,9999.000,9999.000,9999.000,9999.000,9999.000
202606230954,   2.515,   1.918,9999.000,9999.000,9999.000,9999.000,9999.000,9999.000,9999.000
202606231000,   2.415,   1.840,  -0.400,  -0.175,   1.840,  -0.500,   1.740,  -0.400,   1.840
202606231006,   2.322,   1.790,9999.000,9999.000,9999.000,9999.000,9999.000,9999.000,9999.000
202606231012,   2.236,   1.718,9999.000,9999.000,9999.000,9999.000,9999.000,9999.000,9999.000
202606231018,   2.156,   1.649,9999.000,9999.000,9999.000,9999.000,9999.000,9999.000,9999.000
202606231024,   2.084,   1.571,9999.000,9999.000,9999.000,9999.000,9999.000,9999.000,9999.000
202606231030,   2.019,   1.469,9999.000,9999.000,9999.000,9999.000,9999.000,9999.000,9999.000
202606231036,   1.961,   1.410,9999.000,9999.000,9999.000,9999.000,9999.000,9999.000,9999.000
202606231042,   1.911,   1.348,9999.000,9999.000,9999.000,9999.000,9999.000,9999.000,9999.000
202606231048,   1.867,   1.371,9999.000,9999.000,9999.000,9999.000,9999.000,9999.000,9999.000
202606231054,   1.831,   1.390,9999.000,9999.000,9999.000,9999.000,9999.000,9999.000,9999.000
202606231100,   1.802,   1.328,  -0.400,  -0.074,   1.328,  -0.400,   1.328,  -0.300,   1.428
202606231106,   1.780,   1.328,9999.000,9999.000,9999.000,9999.000,9999.000,9999.000,9999.000
202606231112,   1.766,   1.348,9999.000,9999.000,9999.000,9999.000,9999.000,9999.000,9999.000
202606231118,   1.758,   1.279,9999.000,9999.000,9999.000,9999.000,9999.000,9999.000,9999.000
202606231124,   1.758,   1.259,9999.000,9999.000,9999.000,9999.000,9999.000,9999.000,9999.000
202606231130,   1.765,   1.269,9999.000,9999.000,9999.000,9999.000,9999.000,9999.000,9999.000
202606231136,   1.779,   1.229,9999.000,9999.000,9999.000,9999.000,9999.000,9999.000,9999.000
202606231142,   1.800,   1.318,9999.000,9999.000,9999.000,9999.000,9999.000,9999.000,9999.000
202606231148,   1.828,   1.400,9999.000,9999.000,9999.000,9999.000,9999.000,9999.000,9999.000
202606231154,   1.863,   1.420,9999.000,9999.000,9999.000,9999.000,9999.000,9999.000,9999.000
202606231200,   1.904,   1.508,  -0.500,   0.104,   1.508,  -0.500,   1.508,  -0.500,   1.508
202606231206,   1.952,   1.528,9999.000,9999.000,9999.000,9999.000,9999.000,9999.000,9999.000
202606231212,   2.007,   1.518,9999.000,9999.000,9999.000,9999.000,9999.000,9999.000,9999.000
202606231218,   2.067,   1.600,9999.000,9999.000,9999.000,9999.000,9999.000,9999.000,9999.000
202606231224,   2.134,   1.620,9999.000,9999.000,9999.000,9999.000,9999.000,9999.000,9999.000
202606231230,   2.206,   1.708,9999.000,9999.000,9999.000,9999.000,9999.000,9999.000,9999.000
202606231236,   2.284,   1.820,9999.000,9999.000,9999.000,9999.000,9999.000,9999.000,9999.000
202606231242,   2.368,   1.889,9999.000,9999.000,9999.000,9999.000,9999.000,9999.000,9999.000
202606231248,   2.456,   2.030,9999.000,9999.000,9999.000,9999.000,9999.000,9999.000,9999.000
202606231254,   2.549,   2.089,9999.000,9999.000,9999.000,9999.000,9999.000,9999.000,9999.000
202606231300,   2.647,   2.148,  -0.600,   0.101,   2.148,  -0.600,   2.148,  -0.500,   2.248
202606231306,   2.750,   2.309,9999.000,9999.000,9999.000,9999.000,9999.000,9999.000,9999.000
202606231312,   2.856,   2.368,9999.000,9999.000,9999.000,9999.000,9999.000,9999.000,9999.000
202606231318,   2.966,   2.450,9999.000,9999.000,9999.000,9999.000,9999.000,9999.000,9999.000
202606231324,   3.080,   2.630,9999.000,9999.000,9999.000,9999.000,9999.000,9999.000,9999.000
202606231330,   3.196,   2.728,9999.000,9999.000,9999.000,9999.000,9999.000,9999.000,9999.000
202606231336,   3.315,   2.879,9999.000,9999.000,9999.000,9999.000,9999.000,9999.000,9999.000
202606231342,   3.437,   2.997,9999.000,9999.000,9999.000,9999.000,9999.000,9999.000,9999.000
202606231348,   3.560,   3.089,9999.000,9999.000,9999.000,9999.000,9999.000,9999.000,9999.000
202606231354,   3.686,   3.207,9999.000,9999.000,9999.000,9999.000,9999.000,9999.000,9999.000
202606231400,   3.812,   3.299,  -0.600,   0.087,   3.299,  -0.600,   3.299,  -0.500,   3.399
202606231406,   3.939,   3.440,9999.000,9999.000,9999.000,9999.000,9999.000,9999.000,9999.000
202606231412,   4.067,   3.558,9999.000,9999.000,9999.000,9999.000,9999.000,9999.000,9999.000
202606231418,   4.195,   3.709,9999.000,9999.000,9999.000,9999.000,9999.000,9999.000,9999.000
202606231424,   4.323,   3.837,9999.000,9999.000,9999.000,9999.000,9999.000,9999.000,9999.000
202606231430,   4.450,   3.958,9999.000,9999.000,9999.000,9999.000,9999.000,9999.000,9999.000
202606231436,   4.576,   4.080,9999.000,9999.000,9999.000,9999.000,9999.000,9999.000,9999.000
202606231442,   4.701,   4.198,9999.000,9999.000,9999.000,9999.000,9999.000,9999.000,9999.000
202606231448,   4.824,   4.309,9999.000,9999.000,9999.000,9999.000,9999.000,9999.000,9999.000
202606231454,   4.945,   4.427,9999.000,9999.000,9999.000,9999.000,9999.000,9999.000,9999.000
202606231500,   5.063,   4.539,  -0.500,  -0.024,   4.539,  -0.600,   4.439,  -0.500,   4.539
202606231506,   5.179,   4.667,9999.000,9999.000,9999.000,9999.000,9999.000,9999.000,9999.000
202606231512,   5.292,   4.778,9999.000,9999.000,9999.000,9999.000,9999.000,9999.000,9999.000
202606231518,   5.401,   4.939,9999.000,9999.000,9999.000,9999.000,9999.000,9999.000,9999.000
202606231524,   5.506,   5.008,9999.000,9999.000,9999.000,9999.000,9999.000,9999.000,9999.000
202606231530,   5.608,   5.179,9999.000,9999.000,9999.000,9999.000,9999.000,9999.000,9999.000
202606231536,   5.705,   5.277,9999.000,9999.000,9999.000,9999.000,9999.000,9999.000,9999.000
202606231542,   5.798,   5.329,9999.000,9999.000,9999.000,9999.000,9999.000,9999.000,9999.000
202606231548,   5.886,   5.438,9999.000,9999.000,9999.000,9999.000,9999.000,9999.000,9999.000
202606231554,   5.970,   5.487,9999.000,9999.000,9999.000,9999.000,9999.000,9999.000,9999.000
202606231600,   6.048,   5.539,  -0.500,  -0.009,   5.539,  -0.500,   5.539,  -0.400,   5.639
202606231606,   6.121,   5.608,9999.000,9999.000,9999.000,9999.000,9999.000,9999.000,9999.000
202606231612,   6.189,   5.677,9999.000,9999.000,9999.000,9999.000,9999.000,9999.000,9999.000
202606231618,   6.251,   5.779,9999.000,9999.000,9999.000,9999.000,9999.000,9999.000,9999.000
202606231624,   6.308,   5.858,9999.000,9999.000,9999.000,9999.000,9999.000,9999.000,9999.000
202606231630,   6.360,   5.907,9999.000,9999.000,9999.000,9999.000,9999.000,9999.000,9999.000
202606231636,   6.405,   5.940,9999.000,9999.000,9999.000,9999.000,9999.000,9999.000,9999.000
202606231642,   6.445,   5.969,9999.000,9999.000,9999.000,9999.000,9999.000,9999.000,9999.000
202606231648,   6.480,   5.989,9999.000,9999.000,9999.000,9999.000,9999.000,9999.000,9999.000
202606231654,   6.508,   6.038,9999.000,9999.000,9999.000,9999.000,9999.000,9999.000,9999.000
202606231700,   6.530,   6.077,  -0.500,   0.047,   6.077,  -0.500,   6.077,  -0.400,   6.177
202606231706,   6.547,   6.097,9999.000,9999.000,9999.000,9999.000,9999.000,9999.000,9999.000
202606231712,   6.558,   6.077,9999.000,9999.000,9999.000,9999.000,9999.000,9999.000,9999.000
202606231718,   6.563,   6.058,9999.000,9999.000,9999.000,9999.000,9999.000,9999.000,9999.000
202606231724,   6.562,   6.048,9999.000,9999.000,9999.000,9999.000,9999.000,9999.000,9999.000
202606231730,   6.555,   6.028,9999.000,9999.000,9999.000,9999.000,9999.000,9999.000,9999.000
202606231736,   6.543,   5.999,9999.000,9999.000,9999.000,9999.000,9999.000,9999.000,9999.000
202606231742,   6.524,   5.969,9999.000,9999.000,9999.000,9999.000,9999.000,9999.000,9999.000
202606231748,   6.500,   5.969,9999.000,9999.000,9999.000,9999.000,9999.000,9999.000,9999.000
202606231754,   6.470,   5.907,9999.000,9999.000,9999.000,9999.000,9999.000,9999.000,9999.000
202606231800,   6.434,   5.907,  -0.400,  -0.127,   5.907,  -0.500,   5.807,  -0.300,   6.007
202606231806,   6.393,   5.818,9999.000,9999.000,9999.000,9999.000,9999.000,9999.000,9999.000
202606231812,   6.346,   5.789,9999.000,9999.000,9999.000,9999.000,9999.000,9999.000,9999.000
202606231818,   6.293,   5.717,9999.000,9999.000,9999.000,9999.000,9999.000,9999.000,9999.000
202606231824,   6.235,   5.628,9999.000,9999.000,9999.000,9999.000,9999.000,9999.000,9999.000
202606231830,   6.171,   5.589,9999.000,9999.000,9999.000,9999.000,9999.000,9999.000,9999.000
202606231836,   6.103,   5.516,9999.000,9999.000,9999.000,9999.000,9999.000,9999.000,9999.000
202606231842,   6.029,   5.457,9999.000,9999.000,9999.000,9999.000,9999.000,9999.000,9999.000
202606231848,   5.950,   5.369,9999.000,9999.000,9999.000,9999.000,9999.000,9999.000,9999.000
202606231854,   5.867,   5.297,9999.000,9999.000,9999.000,9999.000,9999.000,9999.000,9999.000
202606231900,   5.779,   5.218,  -0.400,  -0.161,   5.218,  -0.500,   5.118,  -0.300,   5.318
202606231906,   5.687,   5.159,9999.000,9999.000,9999.000,9999.000,9999.000,9999.000,9999.000
202606231912,   5.591,   5.038,9999.000,9999.000,9999.000,9999.000,9999.000,9999.000,9999.000
202606231918,   5.491,   4.929,9999.000,9999.000,9999.000,9999.000,9999.000,9999.000,9999.000
202606231924,   5.388,   4.847,9999.000,9999.000,9999.000,9999.000,9999.000,9999.000,9999.000
202606231930,   5.282,   4.719,9999.000,9999.000,9999.000,9999.000,9999.000,9999.000,9999.000
202606231936,   5.173,   4.628,9999.000,9999.000,9999.000,9999.000,9999.000,9999.000,9999.000
202606231942,   5.061,   4.519,9999.000,9999.000,9999.000,9999.000,9999.000,9999.000,9999.000
202606231948,   4.948,   4.359,9999.000,9999.000,9999.000,9999.000,9999.000,9999.000,9999.000
202606231954,   4.834,   4.247,9999.000,9999.000,9999.000,9999.000,9999.000,9999.000,9999.000
202606232000,   4.718,   4.168,  -0.400,  -0.150,   4.168,  -0.500,   4.068,  -0.300,   4.268
202606232006,   4.602,   4.047,9999.000,9999.000,9999.000,9999.000,9999.000,9999.000,9999.000
202606232012,   4.486,   3.929,9999.000,9999.000,9999.000,9999.000,9999.000,9999.000,9999.000
202606232018,   4.370,   3.808,9999.000,9999.000,9999.000,9999.000,9999.000,9999.000,9999.000
202606232024,   4.255,   3.709,9999.000,9999.000,9999.000,9999.000,9999.000,9999.000,9999.000
202606232030,   4.141,   3.617,9999.000,9999.000,9999.000,9999.000,9999.000,9999.000,9999.000
202606232036,   4.029,   3.519,9999.000,9999.000,9999.000,9999.000,9999.000,9999.000,9999.000
202606232042,   3.918,   3.440,9999.000,9999.000,9999.000,9999.000,9999.000,9999.000,9999.000
202606232048,   3.811,   3.329,9999.000,9999.000,9999.000,9999.000,9999.000,9999.000,9999.000
202606232054,   3.706,   3.197,9999.000,9999.000,9999.000,9999.000,9999.000,9999.000,9999.000
202606232100,   3.605,   3.079,  -0.400,  -0.126,   3.079,  -0.500,   2.979,  -0.400,   3.079
202606232106,   3.507,   3.007,9999.000,9999.000,9999.000,9999.000,9999.000,9999.000,9999.000
202606232112,   3.413,   2.929,9999.000,9999.000,9999.000,9999.000,9999.000,9999.000,9999.000
202606232118,   3.324,   2.807,9999.000,9999.000,9999.000,9999.000,9999.000,9999.000,9999.000
202606232124,   3.239,   2.758,9999.000,9999.000,9999.000,9999.000,9999.000,9999.000,9999.000
202606232130,   3.159,   2.669,9999.000,9999.000,9999.000,9999.000,9999.000,9999.000,9999.000
202606232136,   3.084,   2.597,9999.000,9999.000,9999.000,9999.000,9999.000,9999.000,9999.000
202606232142,   3.015,   2.499,9999.000,9999.000,9999.000,9999.000,9999.000,9999.000,9999.000
202606232148,   2.951,   2.420,9999.000,9999.000,9999.000,9999.000,9999.000,9999.000,9999.000
202606232154,   2.893,   2.368,9999.000,9999.000,9999.000,9999.000,9999.000,9999.000,9999.000
202606232200,   2.841,   2.299,  -0.400,  -0.142,   2.299,  -0.500,   2.199,  -0.400,   2.299
202606232206,   2.795,   2.250,9999.000,9999.000,9999.000,9999.000,9999.000,9999.000,9999.000
202606232212,   2.755,   2.177,9999.000,9999.000,9999.000,9999.000,9999.000,9999.000,9999.000
202606232218,   2.722,   2.128,9999.000,9999.000,9999.000,9999.000,9999.000,9999.000,9999.000
202606232224,   2.694,   2.109,9999.000,9999.000,9999.000,9999.000,9999.000,9999.000,9999.000
202606232230,   2.674,   2.059,9999.000,9999.000,9999.000,9999.000,9999.000,9999.000,9999.000
202606232236,   2.660,   2.049,9999.000,9999.000,9999.000,9999.000,9999.000,9999.000,9999.000
202606232242,   2.652,   2.030,9999.000,9999.000,9999.000,9999.000,9999.000,9999.000,9999.000
202606232248,   2.651,   2.000,9999.000,9999.000,9999.000,9999.000,9999.000,9999.000,9999.000
202606232254,   2.657,   2.000,9999.000,9999.000,9999.000,9999.000,9999.000,9999.000,9999.000
202606232300,   2.670,   2.049,  -0.400,  -0.221,   2.049,  -0.500,   1.949,  -0.400,   2.049
202606232306,   2.689,   2.109,9999.000,9999.000,9999.000,9999.000,9999.000,9999.000,9999.000
202606232312,   2.715,   2.148,9999.000,9999.000,9999.000,9999.000,9999.000,9999.000,9999.000
202606232318,   2.748,   2.168,9999.000,9999.000,9999.000,9999.000,9999.000,9999.000,9999.000
202606232324,   2.787,   2.230,9999.000,9999.000,9999.000,9999.000,9999.000,9999.000,9999.000
202606232330,   2.833,   2.269,9999.000,9999.000,9999.000,9999.000,9999.000,9999.000,9999.000
202606232336,   2.886,   2.348,9999.000,9999.000,9999.000,9999.000,9999.000,9999.000,9999.000
202606232342,   2.945,   2.420,9999.000,9999.000,9999.000,9999.000,9999.000,9999.000,9999.000
202606232348,   3.010,   2.479,9999.000,9999.000,9999.000,9999.000,9999.000,9999.000,9999.000
202606232354,   3.082,   2.538,9999.000,9999.000,9999.000,9999.000,9999.000,9999.000,9999.000
202606240000,   3.160,   2.620,  -0.400,  -0.140,   2.620,  -0.400,   2.620,  -0.300,   2.720
202606240006,   3.245,   2.699,9999.000,9999.000,9999.000,9999.000,9999.000,9999.000,9999.000
202606240012,   3.335,   2.778,9999.000,9999.000,9999.000,9999.000,9999.000,9999.000,9999.000
202606240018,   3.432,   2.879,9999.000,9999.000,9999.000,9999.000,9999.000,9999.000,9999.000
202606240024,   3.534,   2.978,9999.000,9999.000,9999.000,9999.000,9999.000,9999.000,9999.000
202606240030,   3.642,   3.079,9999.000,9999.000,9999.000,9999.000,9999.000,9999.000,9999.000
202606240036,   3.755,   3.197,9999.000,9999.000,9999.000,9999.000,9999.000,9999.000,9999.000
202606240042,   3.873,   3.348,9999.000,9999.000,9999.000,9999.000,9999.000,9999.000,9999.000
202606240048,   3.997,   3.460,9999.000,9999.000,9999.000,9999.000,9999.000,9999.000,9999.000
202606240054,   4.125,   3.568,9999.000,9999.000,9999.000,9999.000,9999.000,9999.000,9999.000
202606240100,   4.257,   3.680,  -0.400,  -0.177,   3.680,  -0.400,   3.680,  -0.300,   3.780
202606240106,   4.394,   3.827,9999.000,9999.000,9999.000,9999.000,9999.000,9999.000,9999.000
202606240112,   4.535,   3.978,9999.000,9999.000,9999.000,9999.000,9999.000,9999.000,9999.000
202606240118,   4.679,   4.129,9999.000,9999.000,9999.000,9999.000,9999.000,9999.000,9999.000
202606240124,   4.827,   4.290,9999.000,9999.000,9999.000,9999.000,9999.000,9999.000,9999.000
202606240130,   4.978,   4.437,9999.000,9999.000,9999.000,9999.000,9999.000,9999.000,9999.000
202606240136,   5.131,   4.578,9999.000,9999.000,9999.000,9999.000,9999.000,9999.000,9999.000
202606240142,   5.287,   4.739,9999.000,9999.000,9999.000,9999.000,9999.000,9999.000,9999.000
202606240148,   5.445,   4.857,9999.000,9999.000,9999.000,9999.000,9999.000,9999.000,9999.000
202606240154,   5.605,   4.969,9999.000,9999.000,9999.000,9999.000,9999.000,9999.000,9999.000
202606240200,   5.766,   5.179,  -0.400,  -0.187,   5.179,  -0.500,   5.079,  -0.300,   5.279
202606240206,   5.928,   5.329,9999.000,9999.000,9999.000,9999.000,9999.000,9999.000,9999.000
202606240212,   6.090,   5.516,9999.000,9999.000,9999.000,9999.000,9999.000,9999.000,9999.000
202606240218,   6.253,   5.687,9999.000,9999.000,9999.000,9999.000,9999.000,9999.000,9999.000
202606240224,   6.416,   5.818,9999.000,9999.000,9999.000,9999.000,9999.000,9999.000,9999.000
202606240230,   6.578,   5.969,9999.000,9999.000,9999.000,9999.000,9999.000,9999.000,9999.000
202606240236,   6.738,   6.136,9999.000,9999.000,9999.000,9999.000,9999.000,9999.000,9999.000
202606240242,   6.898,   6.287,9999.000,9999.000,9999.000,9999.000,9999.000,9999.000,9999.000
202606240248,   7.056,   6.418,9999.000,9999.000,9999.000,9999.000,9999.000,9999.000,9999.000
202606240254,   7.211,   6.579,9999.000,9999.000,9999.000,9999.000,9999.000,9999.000,9999.000
202606240300,   7.364,   6.727,  -0.400,  -0.237,   6.727,  -0.400,   6.727,  -0.300,   6.827
202606240306,   7.514,   6.878,9999.000,9999.000,9999.000,9999.000,9999.000,9999.000,9999.000
202606240312,   7.661,   6.989,9999.000,9999.000,9999.000,9999.000,9999.000,9999.000,9999.000
202606240318,   7.804,   7.137,9999.000,9999.000,9999.000,9999.000,9999.000,9999.000,9999.000
202606240324,   7.943,   7.307,9999.000,9999.000,9999.000,9999.000,9999.000,9999.000,9999.000
202606240330,   8.077,   7.409,9999.000,9999.000,9999.000,9999.000,9999.000,9999.000,9999.000
202606240336,   8.207,   7.576,9999.000,9999.000,9999.000,9999.000,9999.000,9999.000,9999.000
202606240342,   8.332,   7.688,9999.000,9999.000,9999.000,9999.000,9999.000,9999.000,9999.000
202606240348,   8.451,   7.806,9999.000,9999.000,9999.000,9999.000,9999.000,9999.000,9999.000
202606240354,   8.565,   7.927,9999.000,9999.000,9999.000,9999.000,9999.000,9999.000,9999.000
202606240400,   8.672,   8.006,  -0.400,  -0.266,   8.006,  -0.400,   8.006,  -0.300,   8.106
202606240406,   8.774,   8.147,9999.000,9999.000,9999.000,9999.000,9999.000,9999.000,9999.000
202606240412,   8.869,   8.229,9999.000,9999.000,9999.000,9999.000,9999.000,9999.000,9999.000
202606240418,   8.957,   8.308,9999.000,9999.000,9999.000,9999.000,9999.000,9999.000,9999.000
202606240424,   9.039,   8.377,9999.000,9999.000,9999.000,9999.000,9999.000,9999.000,9999.000
202606240430,   9.113,   8.426,9999.000,9999.000,9999.000,9999.000,9999.000,9999.000,9999.000
202606240436,   9.181,   8.498,9999.000,9999.000,9999.000,9999.000,9999.000,9999.000,9999.000
202606240442,   9.241,   8.547,9999.000,9999.000,9999.000,9999.000,9999.000,9999.000,9999.000
202606240448,   9.294,   8.626,9999.000,9999.000,9999.000,9999.000,9999.000,9999.000,9999.000
202606240454,   9.339,   8.669,9999.000,9999.000,9999.000,9999.000,9999.000,9999.000,9999.000
202606240500,   9.377,   8.688,  -0.400,  -0.289,   8.688,  -0.500,   8.588,  -0.300,   8.788
202606240506,   9.407,   8.728,9999.000,9999.000,9999.000,9999.000,9999.000,9999.000,9999.000
202606240512,   9.429,   8.747,9999.000,9999.000,9999.000,9999.000,9999.000,9999.000,9999.000
202606240518,   9.444,   8.747,9999.000,9999.000,9999.000,9999.000,9999.000,9999.000,9999.000
202606240524,   9.451,   8.737,9999.000,9999.000,9999.000,9999.000,9999.000,9999.000,9999.000
202606240530,   9.450,   8.767,9999.000,9999.000,9999.000,9999.000,9999.000,9999.000,9999.000
202606240536,   9.441,   8.718,9999.000,9999.000,9999.000,9999.000,9999.000,9999.000,9999.000
202606240542,   9.425,   8.796,9999.000,9999.000,9999.000,9999.000,9999.000,9999.000,9999.000
202606240548,   9.401,   8.796,9999.000,9999.000,9999.000,9999.000,9999.000,9999.000,9999.000
202606240554,   9.369,   8.777,9999.000,9999.000,9999.000,9999.000,9999.000,9999.000,9999.000
202606240600,   9.330,   8.708,  -0.400,  -0.222,   8.708,  -0.500,   8.608,  -0.400,   8.708
202606240606,   9.282,   8.587,9999.000,9999.000,9999.000,9999.000,9999.000,9999.000,9999.000
202606240612,   9.227,   8.557,9999.000,9999.000,9999.000,9999.000,9999.000,9999.000,9999.000
202606240618,   9.165,   8.459,9999.000,9999.000,9999.000,9999.000,9999.000,9999.000,9999.000
202606240624,   9.095,   8.449,9999.000,9999.000,9999.000,9999.000,9999.000,9999.000,9999.000
202606240630,   9.017,   8.327,9999.000,9999.000,9999.000,9999.000,9999.000,9999.000,9999.000
202606240636,   8.932,   8.288,9999.000,9999.000,9999.000,9999.000,9999.000,9999.000,9999.000
202606240642,   8.840,   8.167,9999.000,9999.000,9999.000,9999.000,9999.000,9999.000,9999.000
202606240648,   8.740,   8.088,9999.000,9999.000,9999.000,9999.000,9999.000,9999.000,9999.000
202606240654,   8.634,   7.986,9999.000,9999.000,9999.000,9999.000,9999.000,9999.000,9999.000
202606240700,   8.520,   7.888,  -0.400,  -0.232,   7.888,  -0.500,   7.788,  -0.400,   7.888
202606240706,   8.399,   7.786,9999.000,9999.000,9999.000,9999.000,9999.000,9999.000,9999.000
202606240712,   8.272,   7.648,9999.000,9999.000,9999.000,9999.000,9999.000,9999.000,9999.000
202606240718,   8.139,   7.527,9999.000,9999.000,9999.000,9999.000,9999.000,9999.000,9999.000
202606240724,   7.999,   7.337,9999.000,9999.000,9999.000,9999.000,9999.000,9999.000,9999.000
202606240730,   7.853,   7.209,9999.000,9999.000,9999.000,9999.000,9999.000,9999.000,9999.000
202606240736,   7.701,   7.038,9999.000,9999.000,9999.000,9999.000,9999.000,9999.000,9999.000
202606240742,   7.544,   6.887,9999.000,9999.000,9999.000,9999.000,9999.000,9999.000,9999.000
202606240748,   7.382,   6.707,9999.000,9999.000,9999.000,9999.000,9999.000,9999.000,9999.000
202606240754,   7.215,   6.579,9999.000,9999.000,9999.000,9999.000,9999.000,9999.000,9999.000
202606240800,   7.044,   6.399,  -0.400,  -0.245,   6.399,  -0.500,   6.299,  -0.400,   6.399
202606240806,   6.869,   6.248,9999.000,9999.000,9999.000,9999.000,9999.000,9999.000,9999.000
202606240812,   6.691,   6.087,9999.000,9999.000,9999.000,9999.000,9999.000,9999.000,9999.000
202606240818,   6.509,   5.848,9999.000,9999.000,9999.000,9999.000,9999.000,9999.000,9999.000
202606240824,   6.325,   5.677,9999.000,9999.000,9999.000,9999.000,9999.000,9999.000,9999.000
202606240830,   6.138,   5.487,9999.000,9999.000,9999.000,9999.000,9999.000,9999.000,9999.000
202606240836,   5.950,   5.287,9999.000,9999.000,9999.000,9999.000,9999.000,9999.000,9999.000
202606240842,   5.760,   5.139,9999.000,9999.000,9999.000,9999.000,9999.000,9999.000,9999.000
202606240848,   5.570,   4.959,9999.000,9999.000,9999.000,9999.000,9999.000,9999.000,9999.000
202606240854,   5.379,   4.837,9999.000,9999.000,9999.000,9999.000,9999.000,9999.000,9999.000
202606240900,   5.188,   4.667,  -0.500,  -0.021,   4.667,  -0.500,   4.667,  -0.400,   4.767
202606240906,   4.998,   4.408,9999.000,9999.000,9999.000,9999.000,9999.000,9999.000,9999.000
202606240912,   4.809,   4.247,9999.000,9999.000,9999.000,9999.000,9999.000,9999.000,9999.000
202606240918,   4.622,   4.037,9999.000,9999.000,9999.000,9999.000,9999.000,9999.000,9999.000
202606240924,   4.436,   3.817,9999.000,9999.000,9999.000,9999.000,9999.000,9999.000,9999.000
202606240930,   4.253,   3.617,9999.000,9999.000,9999.000,9999.000,9999.000,9999.000,9999.000
202606240936,   4.073,   3.470,9999.000,9999.000,9999.000,9999.000,9999.000,9999.000,9999.000
202606240942,   3.895,   3.348,9999.000,9999.000,9999.000,9999.000,9999.000,9999.000,9999.000
202606240948,   3.721,   3.217,9999.000,9999.000,9999.000,9999.000,9999.000,9999.000,9999.000
202606240954,   3.551,   3.070,9999.000,9999.000,9999.000,9999.000,9999.000,9999.000,9999.000
202606241000,   3.385,   2.869,  -0.500,  -0.016,   2.869,  -0.500,   2.869,  -0.400,   2.969
202606241006,   3.223,   2.689,9999.000,9999.000,9999.000,9999.000,9999.000,9999.000,9999.000
202606241012,   3.066,   2.499,9999.000,9999.000,9999.000,9999.000,9999.000,9999.000,9999.000
202606241018,   2.914,   2.387,9999.000,9999.000,9999.000,9999.000,9999.000,9999.000,9999.000
202606241024,   2.768,   2.220,9999.000,9999.000,9999.000,9999.000,9999.000,9999.000,9999.000
202606241030,   2.626,   2.030,9999.000,9999.000,9999.000,9999.000,9999.000,9999.000,9999.000
202606241036,   2.491,   1.958,9999.000,9999.000,9999.000,9999.000,9999.000,9999.000,9999.000
202606241042,   2.361,   1.820,9999.000,9999.000,9999.000,9999.000,9999.000,9999.000,9999.000
202606241048,   2.237,   1.718,9999.000,9999.000,9999.000,9999.000,9999.000,9999.000,9999.000
202606241054,   2.119,   1.669,9999.000,9999.000,9999.000,9999.000,9999.000,9999.000,9999.000
202606241100,   2.008,   1.498,  -0.400,  -0.110,   1.498,  -0.500,   1.398,  -0.400,   1.498
202606241106,   1.904,   1.380,9999.000,9999.000,9999.000,9999.000,9999.000,9999.000,9999.000
202606241112,   1.806,   1.318,9999.000,9999.000,9999.000,9999.000,9999.000,9999.000,9999.000
202606241118,   1.714,   1.180,9999.000,9999.000,9999.000,9999.000,9999.000,9999.000,9999.000
202606241124,   1.630,   1.151,9999.000,9999.000,9999.000,9999.000,9999.000,9999.000,9999.000
202606241130,   1.553,   1.088,9999.000,9999.000,9999.000,9999.000,9999.000,9999.000,9999.000
202606241136,   1.483,   0.951,9999.000,9999.000,9999.000,9999.000,9999.000,9999.000,9999.000
202606241142,   1.420,   0.970,9999.000,9999.000,9999.000,9999.000,9999.000,9999.000,9999.000
202606241148,   1.365,   0.928,9999.000,9999.000,9999.000,9999.000,9999.000,9999.000,9999.000
202606241154,   1.317,   0.829,9999.000,9999.000,9999.000,9999.000,9999.000,9999.000,9999.000
202606241200,   1.277,   0.819,  -0.500,   0.042,   0.819,  -0.500,   0.819,  -0.500,   0.819
202606241206,   1.243,   0.731,9999.000,9999.000,9999.000,9999.000,9999.000,9999.000,9999.000
202606241212,   1.218,   0.718,9999.000,9999.000,9999.000,9999.000,9999.000,9999.000,9999.000
202606241218,   1.200,   0.780,9999.000,9999.000,9999.000,9999.000,9999.000,9999.000,9999.000
202606241224,   1.190,   0.760,9999.000,9999.000,9999.000,9999.000,9999.000,9999.000,9999.000
202606241230,   1.187,   0.770,9999.000,9999.000,9999.000,9999.000,9999.000,9999.000,9999.000
202606241236,   1.191,   0.790,9999.000,9999.000,9999.000,9999.000,9999.000,9999.000,9999.000
202606241242,   1.203,   0.741,9999.000,9999.000,9999.000,9999.000,9999.000,9999.000,9999.000
202606241248,   1.223,   0.810,9999.000,9999.000,9999.000,9999.000,9999.000,9999.000,9999.000
202606241254,   1.250,   0.849,9999.000,9999.000,9999.000,9999.000,9999.000,9999.000,9999.000
202606241300,   1.284,   0.839,  -0.600,   0.155,   0.839,  -0.600,   0.839,  -0.500,   0.939
202606241306,   1.325,   0.928,9999.000,9999.000,9999.000,9999.000,9999.000,9999.000,9999.000
202606241312,   1.373,   0.951,9999.000,9999.000,9999.000,9999.000,9999.000,9999.000,9999.000
202606241318,   1.427,   1.059,9999.000,9999.000,9999.000,9999.000,9999.000,9999.000,9999.000
202606241324,   1.489,   1.210,9999.000,9999.000,9999.000,9999.000,9999.000,9999.000,9999.000
202606241330,   1.557,   1.229,9999.000,9999.000,9999.000,9999.000,9999.000,9999.000,9999.000
202606241336,   1.631,   1.279,9999.000,9999.000,9999.000,9999.000,9999.000,9999.000,9999.000
202606241342,   1.711,   1.371,9999.000,9999.000,9999.000,9999.000,9999.000,9999.000,9999.000
202606241348,   1.797,   1.410,9999.000,9999.000,9999.000,9999.000,9999.000,9999.000,9999.000
202606241354,   1.888,   1.528,9999.000,9999.000,9999.000,9999.000,9999.000,9999.000,9999.000
202606241400,   1.985,   1.600,  -0.600,   0.215,   1.600,  -0.600,   1.600,  -0.500,   1.700
202606241406,   2.086,   1.669,9999.000,9999.000,9999.000,9999.000,9999.000,9999.000,9999.000
202606241412,   2.193,   1.810,9999.000,9999.000,9999.000,9999.000,9999.000,9999.000,9999.000
202606241418,   2.304,   1.889,9999.000,9999.000,9999.000,9999.000,9999.000,9999.000,9999.000
202606241424,   2.418,   2.010,9999.000,9999.000,9999.000,9999.000,9999.000,9999.000,9999.000
202606241430,   2.537,   2.148,9999.000,9999.000,9999.000,9999.000,9999.000,9999.000,9999.000
202606241436,   2.659,   2.191,9999.000,9999.000,9999.000,9999.000,9999.000,9999.000,9999.000
202606241442,   2.784,   2.328,9999.000,9999.000,9999.000,9999.000,9999.000,9999.000,9999.000
202606241448,   2.912,   2.509,9999.000,9999.000,9999.000,9999.000,9999.000,9999.000,9999.000
202606241454,   3.042,   2.597,9999.000,9999.000,9999.000,9999.000,9999.000,9999.000,9999.000
202606241500,   3.174,   2.758,  -0.500,   0.084,   2.758,  -0.600,   2.658,  -0.500,   2.758
202606241506,   3.308,   2.889,9999.000,9999.000,9999.000,9999.000,9999.000,9999.000,9999.000
202606241512,   3.443,   2.968,9999.000,9999.000,9999.000,9999.000,9999.000,9999.000,9999.000
202606241518,   3.579,   3.178,9999.000,9999.000,9999.000,9999.000,9999.000,9999.000,9999.000
202606241524,   3.715,   3.289,9999.000,9999.000,9999.000,9999.000,9999.000,9999.000,9999.000
202606241530,   3.851,   3.440,9999.000,9999.000,9999.000,9999.000,9999.000,9999.000,9999.000
202606241536,   3.987,   3.539,9999.000,9999.000,9999.000,9999.000,9999.000,9999.000,9999.000
202606241542,   4.122,   3.650,9999.000,9999.000,9999.000,9999.000,9999.000,9999.000,9999.000
202606241548,   4.257,   3.798,9999.000,9999.000,9999.000,9999.000,9999.000,9999.000,9999.000
202606241554,   4.389,   3.949,9999.000,9999.000,9999.000,9999.000,9999.000,9999.000,9999.000
202606241600,   4.520,   4.037,  -0.500,   0.017,   4.037,  -0.500,   4.037,  -0.500,   4.037
202606241606,   4.649,   4.159,9999.000,9999.000,9999.000,9999.000,9999.000,9999.000,9999.000
202606241612,   4.775,   4.339,9999.000,9999.000,9999.000,9999.000,9999.000,9999.000,9999.000
202606241618,   4.899,   4.500,9999.000,9999.000,9999.000,9999.000,9999.000,9999.000,9999.000
202606241624,   5.019,   4.618,9999.000,9999.000,9999.000,9999.000,9999.000,9999.000,9999.000
202606241630,   5.136,   4.690,9999.000,9999.000,9999.000,9999.000,9999.000,9999.000,9999.000
202606241636,   5.249,   4.818,9999.000,9999.000,9999.000,9999.000,9999.000,9999.000,9999.000
202606241642,   5.359,   4.910,9999.000,9999.000,9999.000,9999.000,9999.000,9999.000,9999.000
202606241648,   5.464,   5.047,9999.000,9999.000,9999.000,9999.000,9999.000,9999.000,9999.000
202606241654,   5.565,   5.159,9999.000,9999.000,9999.000,9999.000,9999.000,9999.000,9999.000
202606241700,   5.661,   5.238,  -0.500,   0.077,   5.238,  -0.600,   5.138,  -0.500,   5.238
202606241706,   5.753,   5.389,9999.000,9999.000,9999.000,9999.000,9999.000,9999.000,9999.000
202606241712,   5.839,   5.438,9999.000,9999.000,9999.000,9999.000,9999.000,9999.000,9999.000
202606241718,   5.921,   5.530,9999.000,9999.000,9999.000,9999.000,9999.000,9999.000,9999.000
202606241724,   5.997,   5.598,9999.000,9999.000,9999.000,9999.000,9999.000,9999.000,9999.000
202606241730,   6.068,   5.618,9999.000,9999.000,9999.000,9999.000,9999.000,9999.000,9999.000
202606241736,   6.134,   5.707,9999.000,9999.000,9999.000,9999.000,9999.000,9999.000,9999.000
202606241742,   6.195,   5.789,9999.000,9999.000,9999.000,9999.000,9999.000,9999.000,9999.000
202606241748,   6.249,   5.858,9999.000,9999.000,9999.000,9999.000,9999.000,9999.000,9999.000
202606241754,   6.299,   5.877,9999.000,9999.000,9999.000,9999.000,9999.000,9999.000,9999.000
202606241800,   6.342,   5.926,  -0.500,   0.084,   5.926,  -0.500,   5.926,  -0.400,   6.026
202606241806,   6.380,   5.959,9999.000,9999.000,9999.000,9999.000,9999.000,9999.000,9999.000
202606241812,   6.413,   5.959,9999.000,9999.000,9999.000,9999.000,9999.000,9999.000,9999.000
202606241818,   6.439,   5.926,9999.000,9999.000,9999.000,9999.000,9999.000,9999.000,9999.000
202606241824,   6.460,   5.907,9999.000,9999.000,9999.000,9999.000,9999.000,9999.000,9999.000
202606241830,   6.475,   5.959,9999.000,9999.000,9999.000,9999.000,9999.000,9999.000,9999.000
202606241836,   6.484,   5.979,9999.000,9999.000,9999.000,9999.000,9999.000,9999.000,9999.000
202606241842,   6.488,   6.008,9999.000,9999.000,9999.000,9999.000,9999.000,9999.000,9999.000
202606241848,   6.485,   6.038,9999.000,9999.000,9999.000,9999.000,9999.000,9999.000,9999.000
202606241854,   6.477,   6.028,9999.000,9999.000,9999.000,9999.000,9999.000,9999.000,9999.000
202606241900,   6.464,   6.018,  -0.400,  -0.046,   6.018,  -0.500,   5.918,  -0.400,   6.018
202606241906,   6.444,   5.926,9999.000,9999.000,9999.000,9999.000,9999.000,9999.000,9999.000
202606241912,   6.419,   5.926,9999.000,9999.000,9999.000,9999.000,9999.000,9999.000,9999.000
202606241918,   6.388,   5.858,9999.000,9999.000,9999.000,9999.000,9999.000,9999.000,9999.000
202606241924,   6.352,   5.808,9999.000,9999.000,9999.000,9999.000,9999.000,9999.000,9999.000
202606241930,   6.311,   5.799,9999.000,9999.000,9999.000,9999.000,9999.000,9999.000,9999.000
202606241936,   6.264,   5.779,9999.000,9999.000,9999.000,9999.000,9999.000,9999.000,9999.000
202606241942,   6.212,   5.717,9999.000,9999.000,9999.000,9999.000,9999.000,9999.000,9999.000
202606241948,   6.155,   5.677,9999.000,9999.000,9999.000,9999.000,9999.000,9999.000,9999.000
202606241954,   6.094,   5.608,9999.000,9999.000,9999.000,9999.000,9999.000,9999.000,9999.000
202606242000,   6.028,   5.559,  -0.400,  -0.069,   5.559,  -0.500,   5.459,  -0.400,   5.559
202606242006,   5.957,   5.487,9999.000,9999.000,9999.000,9999.000,9999.000,9999.000,9999.000
202606242012,   5.883,   5.457,9999.000,9999.000,9999.000,9999.000,9999.000,9999.000,9999.000
202606242018,   5.804,   5.398,9999.000,9999.000,9999.000,9999.000,9999.000,9999.000,9999.000
202606242024,   5.723,   5.307,9999.000,9999.000,9999.000,9999.000,9999.000,9999.000,9999.000
202606242030,   5.638,   5.198,9999.000,9999.000,9999.000,9999.000,9999.000,9999.000,9999.000
202606242036,   5.550,   5.139,9999.000,9999.000,9999.000,9999.000,9999.000,9999.000,9999.000
202606242042,   5.460,   5.018,9999.000,9999.000,9999.000,9999.000,9999.000,9999.000,9999.000
202606242048,   5.367,   4.877,9999.000,9999.000,9999.000,9999.000,9999.000,9999.000,9999.000
202606242054,   5.273,   4.857,9999.000,9999.000,9999.000,9999.000,9999.000,9999.000,9999.000
202606242100,   5.178,   4.759,  -0.400,  -0.019,   4.759,  -0.500,   4.659,  -0.400,   4.759
202606242106,   5.082,   4.667,9999.000,9999.000,9999.000,9999.000,9999.000,9999.000,9999.000
202606242112,   4.985,   4.657,9999.000,9999.000,9999.000,9999.000,9999.000,9999.000,9999.000
202606242118,   4.889,   4.529,9999.000,9999.000,9999.000,9999.000,9999.000,9999.000,9999.000
202606242124,   4.792,   4.447,9999.000,9999.000,9999.000,9999.000,9999.000,9999.000,9999.000
202606242130,   4.697,   4.339,9999.000,9999.000,9999.000,9999.000,9999.000,9999.000,9999.000
202606242136,   4.602,   4.218,9999.000,9999.000,9999.000,9999.000,9999.000,9999.000,9999.000
202606242142,   4.509,   4.129,9999.000,9999.000,9999.000,9999.000,9999.000,9999.000,9999.000
202606242148,   4.418,   4.008,9999.000,9999.000,9999.000,9999.000,9999.000,9999.000,9999.000
202606242154,   4.329,   3.929,9999.000,9999.000,9999.000,9999.000,9999.000,9999.000,9999.000
202606242200,   4.243,   3.788,  -0.400,  -0.055,   3.788,  -0.400,   3.788,  -0.300,   3.888
202606242206,   4.159,   3.719,9999.000,9999.000,9999.000,9999.000,9999.000,9999.000,9999.000
202606242212,   4.079,   3.670,9999.000,9999.000,9999.000,9999.000,9999.000,9999.000,9999.000
202606242218,   4.002,   3.558,9999.000,9999.000,9999.000,9999.000,9999.000,9999.000,9999.000
202606242224,   3.930,   3.499,9999.000,9999.000,9999.000,9999.000,9999.000,9999.000,9999.000
202606242230,   3.861,   3.417,9999.000,9999.000,9999.000,9999.000,9999.000,9999.000,9999.000
202606242236,   3.796,   3.407,9999.000,9999.000,9999.000,9999.000,9999.000,9999.000,9999.000
202606242242,   3.736,   3.309,9999.000,9999.000,9999.000,9999.000,9999.000,9999.000,9999.000
202606242248,   3.681,   3.230,9999.000,9999.000,9999.000,9999.000,9999.000,9999.000,9999.000
202606242254,   3.630,   3.138,9999.000,9999.000,9999.000,9999.000,9999.000,9999.000,9999.000
202606242300,   3.585,   3.099,  -0.400,  -0.086,   3.099,  -0.400,   3.099,  -0.300,   3.199
202606242306,   3.545,   3.079,9999.000,9999.000,9999.000,9999.000,9999.000,9999.000,9999.000
202606242312,   3.510,   3.017,9999.000,9999.000,9999.000,9999.000,9999.000,9999.000,9999.000
202606242318,   3.481,   3.030,9999.000,9999.000,9999.000,9999.000,9999.000,9999.000,9999.000
202606242324,   3.457,   2.958,9999.000,9999.000,9999.000,9999.000,9999.000,9999.000,9999.000
202606242330,   3.439,   2.938,9999.000,9999.000,9999.000,9999.000,9999.000,9999.000,9999.000
202606242336,   3.427,   2.938,9999.000,9999.000,9999.000,9999.000,9999.000,9999.000,9999.000
202606242342,   3.421,   2.899,9999.000,9999.000,9999.000,9999.000,9999.000,9999.000,9999.000
202606242348,   3.421,   2.938,9999.000,9999.000,9999.000,9999.000,9999.000,9999.000,9999.000
202606242354,   3.427,   2.909,9999.000,9999.000,9999.000,9999.000,9999.000,9999.000,9999.000
202606250000,   3.439,   2.978,  -0.300,  -0.161,   2.978,  -0.300,   2.978,  -0.200,   3.078
202606250006,   3.457,   3.060,9999.000,9999.000,9999.000,9999.000,9999.000,9999.000,9999.000
202606250012,   3.481,   3.060,9999.000,9999.000,9999.000,9999.000,9999.000,9999.000,9999.000
202606250018,   3.512,   3.030,9999.000,9999.000,9999.000,9999.000,9999.000,9999.000,9999.000
202606250024,   3.548,   3.050,9999.000,9999.000,9999.000,9999.000,9999.000,9999.000,9999.000
202606250030,   3.591,   3.109,9999.000,9999.000,9999.000,9999.000,9999.000,9999.000,9999.000
202606250036,   3.640,   3.197,9999.000,9999.000,9999.000,9999.000,9999.000,9999.000,9999.000
202606250042,   3.696,   3.250,9999.000,9999.000,9999.000,9999.000,9999.000,9999.000,9999.000
202606250048,   3.757,   3.289,9999.000,9999.000,9999.000,9999.000,9999.000,9999.000,9999.000
202606250054,   3.824,   3.460,9999.000,9999.000,9999.000,9999.000,9999.000,9999.000,9999.000
202606250100,   3.898,   3.529,  -0.300,  -0.069,   3.529,  -0.300,   3.529,  -0.200,   3.629
202606250106,   3.977,   3.578,9999.000,9999.000,9999.000,9999.000,9999.000,9999.000,9999.000
202606250112,   4.062,   3.689,9999.000,9999.000,9999.000,9999.000,9999.000,9999.000,9999.000
202606250118,   4.152,   3.699,9999.000,9999.000,9999.000,9999.000,9999.000,9999.000,9999.000
202606250124,   4.248,   3.808,9999.000,9999.000,9999.000,9999.000,9999.000,9999.000,9999.000
202606250130,   4.349,   3.929,9999.000,9999.000,9999.000,9999.000,9999.000,9999.000,9999.000
202606250136,   4.456,   4.017,9999.000,9999.000,9999.000,9999.000,9999.000,9999.000,9999.000
202606250142,   4.567,   4.168,9999.000,9999.000,9999.000,9999.000,9999.000,9999.000,9999.000
202606250148,   4.683,   4.329,9999.000,9999.000,9999.000,9999.000,9999.000,9999.000,9999.000
202606250154,   4.804,   4.398,9999.000,9999.000,9999.000,9999.000,9999.000,9999.000,9999.000
202606250200,   4.928,   4.529,  -0.300,  -0.099,   4.529,  -0.300,   4.529,  -0.200,   4.629
202606250206,   5.057,   4.637,9999.000,9999.000,9999.000,9999.000,9999.000,9999.000,9999.000
202606250212,   5.190,   4.729,9999.000,9999.000,9999.000,9999.000,9999.000,9999.000,9999.000
202606250218,   5.326,   4.887,9999.000,9999.000,9999.000,9999.000,9999.000,9999.000,9999.000
202606250224,   5.465,   4.979,9999.000,9999.000,9999.000,9999.000,9999.000,9999.000,9999.000
202606250230,   5.607,   5.149,9999.000,9999.000,9999.000,9999.000,9999.000,9999.000,9999.000
202606250236,   5.751,   5.297,9999.000,9999.000,9999.000,9999.000,9999.000,9999.000,9999.000
202606250242,   5.898,   5.418,9999.000,9999.000,9999.000,9999.000,9999.000,9999.000,9999.000
202606250248,   6.046,   5.589,9999.000,9999.000,9999.000,9999.000,9999.000,9999.000,9999.000
202606250254,   6.197,   5.687,9999.000,9999.000,9999.000,9999.000,9999.000,9999.000,9999.000
202606250300,   6.348,   5.848,  -0.300,  -0.200,   5.848,  -0.300,   5.848,  -0.200,   5.948
202606250306,   6.500,   5.959,9999.000,9999.000,9999.000,9999.000,9999.000,9999.000,9999.000
202606250312,   6.652,   6.136,9999.000,9999.000,9999.000,9999.000,9999.000,9999.000,9999.000
202606250318,   6.805,   6.317,9999.000,9999.000,9999.000,9999.000,9999.000,9999.000,9999.000
202606250324,   6.957,   6.458,9999.000,9999.000,9999.000,9999.000,9999.000,9999.000,9999.000
202606250330,   7.108,   6.638,9999.000,9999.000,9999.000,9999.000,9999.000,9999.000,9999.000
202606250336,   7.258,   6.789,9999.000,9999.000,9999.000,9999.000,9999.000,9999.000,9999.000
202606250342,   7.407,   6.956,9999.000,9999.000,9999.000,9999.000,9999.000,9999.000,9999.000
202606250348,   7.554,   7.048,9999.000,9999.000,9999.000,9999.000,9999.000,9999.000,9999.000
202606250354,   7.698,   7.156,9999.000,9999.000,9999.000,9999.000,9999.000,9999.000,9999.000
202606250400,   7.839,   7.238,  -0.300,  -0.301,   7.238,  -0.300,   7.238,  -0.200,   7.338
202606250406,   7.978,   7.429,9999.000,9999.000,9999.000,9999.000,9999.000,9999.000,9999.000
202606250412,   8.112,   7.557,9999.000,9999.000,9999.000,9999.000,9999.000,9999.000,9999.000
202606250418,   8.243,   7.707,9999.000,9999.000,9999.000,9999.000,9999.000,9999.000,9999.000
202606250424,   8.370,   7.839,9999.000,9999.000,9999.000,9999.000,9999.000,9999.000,9999.000
202606250430,   8.492,   7.917,9999.000,9999.000,9999.000,9999.000,9999.000,9999.000,9999.000
202606250436,   8.609,   8.088,9999.000,9999.000,9999.000,9999.000,9999.000,9999.000,9999.000
202606250442,   8.720,   8.206,9999.000,9999.000,9999.000,9999.000,9999.000,9999.000,9999.000
202606250448,   8.826,   8.288,9999.000,9999.000,9999.000,9999.000,9999.000,9999.000,9999.000
202606250454,   8.926,   8.406,9999.000,9999.000,9999.000,9999.000,9999.000,9999.000,9999.000
202606250500,   9.020,   8.498,  -0.300,  -0.222,   8.498,  -0.300,   8.498,  -0.200,   8.598
202606250506,   9.107,   8.659,9999.000,9999.000,9999.000,9999.000,9999.000,9999.000,9999.000
202606250512,   9.188,   8.767,9999.000,9999.000,9999.000,9999.000,9999.000,9999.000,9999.000
202606250518,   9.262,   8.846,9999.000,9999.000,9999.000,9999.000,9999.000,9999.000,9999.000
202606250524,   9.329,   8.888,9999.000,9999.000,9999.000,9999.000,9999.000,9999.000,9999.000
202606250530,   9.388,   8.967,9999.000,9999.000,9999.000,9999.000,9999.000,9999.000,9999.000
202606250536,   9.441,   9.006,9999.000,9999.000,9999.000,9999.000,9999.000,9999.000,9999.000
202606250542,   9.486,   9.056,9999.000,9999.000,9999.000,9999.000,9999.000,9999.000,9999.000
202606250548,   9.523,   9.128,9999.000,9999.000,9999.000,9999.000,9999.000,9999.000,9999.000
202606250554,   9.552,   9.167,9999.000,9999.000,9999.000,9999.000,9999.000,9999.000,9999.000
202606250600,   9.574,   9.206,  -0.300,  -0.068,   9.206,  -0.300,   9.206,  -0.200,   9.306
202606250606,   9.589,   9.279,9999.000,9999.000,9999.000,9999.000,9999.000,9999.000,9999.000
202606250612,   9.595,   9.236,9999.000,9999.000,9999.000,9999.000,9999.000,9999.000,9999.000
202606250618,   9.593,   9.236,9999.000,9999.000,9999.000,9999.000,9999.000,9999.000,9999.000
202606250624,   9.584,   9.216,9999.000,9999.000,9999.000,9999.000,9999.000,9999.000,9999.000
202606250630,   9.567,   9.167,9999.000,9999.000,9999.000,9999.000,9999.000,9999.000,9999.000
202606250636,   9.542,   9.157,9999.000,9999.000,9999.000,9999.000,9999.000,9999.000,9999.000
202606250642,   9.510,   9.079,9999.000,9999.000,9999.000,9999.000,9999.000,9999.000,9999.000
202606250648,   9.469,   9.026,9999.000,9999.000,9999.000,9999.000,9999.000,9999.000,9999.000
202606250654,   9.421,   8.997,9999.000,9999.000,9999.000,9999.000,9999.000,9999.000,9999.000
202606250700,   9.365,   8.957,  -0.300,  -0.108,   8.957,  -0.300,   8.957,  -0.200,   9.057
202606250706,   9.301,   8.878,9999.000,9999.000,9999.000,9999.000,9999.000,9999.000,9999.000
202606250712,   9.230,   8.816,9999.000,9999.000,9999.000,9999.000,9999.000,9999.000,9999.000
202606250718,   9.151,   8.678,9999.000,9999.000,9999.000,9999.000,9999.000,9999.000,9999.000
202606250724,   9.065,   8.616,9999.000,9999.000,9999.000,9999.000,9999.000,9999.000,9999.000
202606250730,   8.971,   8.527,9999.000,9999.000,9999.000,9999.000,9999.000,9999.000,9999.000
202606250736,   8.870,   8.406,9999.000,9999.000,9999.000,9999.000,9999.000,9999.000,9999.000
202606250742,   8.762,   8.278,9999.000,9999.000,9999.000,9999.000,9999.000,9999.000,9999.000
202606250748,   8.646,   8.157,9999.000,9999.000,9999.000,9999.000,9999.000,9999.000,9999.000
202606250754,   8.524,   8.049,9999.000,9999.000,9999.000,9999.000,9999.000,9999.000,9999.000
202606250800,   8.394,   7.898,  -0.200,  -0.296,   7.898,  -0.200,   7.898,  -0.200,   7.898
202606250806,   8.258,   7.796,9999.000,9999.000,9999.000,9999.000,9999.000,9999.000,9999.000
202606250812,   8.116,   7.648,9999.000,9999.000,9999.000,9999.000,9999.000,9999.000,9999.000
202606250818,   7.967,   7.586,9999.000,9999.000,9999.000,9999.000,9999.000,9999.000,9999.000
202606250824,   7.812,   7.439,9999.000,9999.000,9999.000,9999.000,9999.000,9999.000,9999.000
202606250830,   7.652,   7.238,9999.000,9999.000,9999.000,9999.000,9999.000,9999.000,9999.000
202606250836,   7.486,   7.078,9999.000,9999.000,9999.000,9999.000,9999.000,9999.000,9999.000
202606250842,   7.315,   6.878,9999.000,9999.000,9999.000,9999.000,9999.000,9999.000,9999.000
202606250848,   7.139,   6.737,9999.000,9999.000,9999.000,9999.000,9999.000,9999.000,9999.000
202606250854,   6.958,   6.569,9999.000,9999.000,9999.000,9999.000,9999.000,9999.000,9999.000
202606250900,   6.773,   6.487,  -0.200,  -0.086,   6.487,  -0.200,   6.487,  -0.100,   6.587
202606250906,   6.585,   6.248,9999.000,9999.000,9999.000,9999.000,9999.000,9999.000,9999.000
202606250912,   6.393,   6.107,9999.000,9999.000,9999.000,9999.000,9999.000,9999.000,9999.000
202606250918,   6.199,   5.867,9999.000,9999.000,9999.000,9999.000,9999.000,9999.000,9999.000
202606250924,   6.002,   5.687,9999.000,9999.000,9999.000,9999.000,9999.000,9999.000,9999.000
202606250930,   5.803,   5.530,9999.000,9999.000,9999.000,9999.000,9999.000,9999.000,9999.000
202606250936,   5.602,   5.287,9999.000,9999.000,9999.000,9999.000,9999.000,9999.000,9999.000
202606250942,   5.401,   5.120,9999.000,9999.000,9999.000,9999.000,9999.000,9999.000,9999.000
202606250948,   5.199,   4.919,9999.000,9999.000,9999.000,9999.000,9999.000,9999.000,9999.000
202606250954,   4.996,   4.749,9999.000,9999.000,9999.000,9999.000,9999.000,9999.000,9999.000
202606251000,   4.795,   4.549,  -0.200,  -0.046,   4.549,  -0.300,   4.449,  -0.200,   4.549
202606251006,   4.593,   4.329,9999.000,9999.000,9999.000,9999.000,9999.000,9999.000,9999.000
202606251012,   4.393,   4.139,9999.000,9999.000,9999.000,9999.000,9999.000,9999.000,9999.000
202606251018,   4.195,   3.899,9999.000,9999.000,9999.000,9999.000,9999.000,9999.000,9999.000
202606251024,   3.999,   3.719,9999.000,9999.000,9999.000,9999.000,9999.000,9999.000,9999.000
202606251030,   3.805,   3.529,9999.000,9999.000,9999.000,9999.000,9999.000,9999.000,9999.000
202606251036,   3.615,   3.398,9999.000,9999.000,9999.000,9999.000,9999.000,9999.000,9999.000
202606251042,   3.427,   3.250,9999.000,9999.000,9999.000,9999.000,9999.000,9999.000,9999.000
202606251048,   3.243,   3.050,9999.000,9999.000,9999.000,9999.000,9999.000,9999.000,9999.000
202606251054,   3.063,   2.840,9999.000,9999.000,9999.000,9999.000,9999.000,9999.000,9999.000
202606251100,   2.888,   2.660,  -0.200,  -0.028,   2.660,  -0.300,   2.560,  -0.200,   2.660
202606251106,   2.717,   2.430,9999.000,9999.000,9999.000,9999.000,9999.000,9999.000,9999.000
202606251112,   2.551,   2.259,9999.000,9999.000,9999.000,9999.000,9999.000,9999.000,9999.000
202606251118,   2.390,   2.168,9999.000,9999.000,9999.000,9999.000,9999.000,9999.000,9999.000
202606251124,   2.235,   1.981,9999.000,9999.000,9999.000,9999.000,9999.000,9999.000,9999.000
202606251130,   2.086,   1.840,9999.000,9999.000,9999.000,9999.000,9999.000,9999.000,9999.000
202606251136,   1.942,   1.728,9999.000,9999.000,9999.000,9999.000,9999.000,9999.000,9999.000
202606251142,   1.805,   1.557,9999.000,9999.000,9999.000,9999.000,9999.000,9999.000,9999.000
202606251148,   1.675,   1.459,9999.000,9999.000,9999.000,9999.000,9999.000,9999.000,9999.000
202606251154,   1.551,   1.390,9999.000,9999.000,9999.000,9999.000,9999.000,9999.000,9999.000
202606251200,   1.433,   1.259,  -0.200,   0.026,   1.259,  -0.200,   1.259,  -0.200,   1.259
202606251206,   1.323,   1.118,9999.000,9999.000,9999.000,9999.000,9999.000,9999.000,9999.000
202606251212,   1.220,   1.059,9999.000,9999.000,9999.000,9999.000,9999.000,9999.000,9999.000
202606251218,   1.125,   0.928,9999.000,9999.000,9999.000,9999.000,9999.000,9999.000,9999.000
202606251224,   1.037,   0.839,9999.000,9999.000,9999.000,9999.000,9999.000,9999.000,9999.000
202606251230,   0.956,   0.859,9999.000,9999.000,9999.000,9999.000,9999.000,9999.000,9999.000
202606251236,   0.884,   0.760,9999.000,9999.000,9999.000,9999.000,9999.000,9999.000,9999.000
202606251242,   0.819,   0.639,9999.000,9999.000,9999.000,9999.000,9999.000,9999.000,9999.000
202606251248,   0.763,   0.600,9999.000,9999.000,9999.000,9999.000,9999.000,9999.000,9999.000
202606251254,   0.714,   0.590,9999.000,9999.000,9999.000,9999.000,9999.000,9999.000,9999.000
202606251300,   0.674,   0.508,  -0.200,   0.034,   0.508,  -0.200,   0.508,  -0.200,   0.508
202606251306,   0.641,   0.508,9999.000,9999.000,9999.000,9999.000,9999.000,9999.000,9999.000
202606251312,   0.618,   0.459,9999.000,9999.000,9999.000,9999.000,9999.000,9999.000,9999.000
202606251318,   0.602,   0.439,9999.000,9999.000,9999.000,9999.000,9999.000,9999.000,9999.000
202606251324,   0.594,   0.518,9999.000,9999.000,9999.000,9999.000,9999.000,9999.000,9999.000
202606251330,   0.595,   0.498,9999.000,9999.000,9999.000,9999.000,9999.000,9999.000,9999.000
202606251336,   0.604,   0.508,9999.000,9999.000,9999.000,9999.000,9999.000,9999.000,9999.000
202606251342,   0.621,   0.590,9999.000,9999.000,9999.000,9999.000,9999.000,9999.000,9999.000
202606251348,   0.647,   0.580,9999.000,9999.000,9999.000,9999.000,9999.000,9999.000,9999.000
202606251354,   0.680,   0.610,9999.000,9999.000,9999.000,9999.000,9999.000,9999.000,9999.000
202606251400,   0.721,   0.731,  -0.200,   0.210,   0.731,  -0.300,   0.631,  -0.200,   0.731
202606251406,   0.770,   0.731,9999.000,9999.000,9999.000,9999.000,9999.000,9999.000,9999.000
202606251412,   0.827,   0.800,9999.000,9999.000,9999.000,9999.000,9999.000,9999.000,9999.000
202606251418,   0.891,   0.898,9999.000,9999.000,9999.000,9999.000,9999.000,9999.000,9999.000
202606251424,   0.962,   0.908,9999.000,9999.000,9999.000,9999.000,9999.000,9999.000,9999.000
202606251430,   1.041,   0.980,9999.000,9999.000,9999.000,9999.000,9999.000,9999.000,9999.000
202606251436,   1.126,   1.049,9999.000,9999.000,9999.000,9999.000,9999.000,9999.000,9999.000
202606251442,   1.218,   1.069,9999.000,9999.000,9999.000,9999.000,9999.000,9999.000,9999.000
202606251448,   1.316,   1.259,9999.000,9999.000,9999.000,9999.000,9999.000,9999.000,9999.000
202606251454,   1.421,   1.338,9999.000,9999.000,9999.000,9999.000,9999.000,9999.000,9999.000
202606251500,   1.531,   1.390,  -0.200,   0.059,   1.390,  -0.300,   1.290,  -0.200,   1.390
202606251506,   1.647,   1.528,9999.000,9999.000,9999.000,9999.000,9999.000,9999.000,9999.000
202606251512,   1.768,   1.571,9999.000,9999.000,9999.000,9999.000,9999.000,9999.000,9999.000
202606251518,   1.894,   1.718,9999.000,9999.000,9999.000,9999.000,9999.000,9999.000,9999.000
202606251524,   2.024,   1.938,9999.000,9999.000,9999.000,9999.000,9999.000,9999.000,9999.000
202606251530,   2.159,   2.020,9999.000,9999.000,9999.000,9999.000,9999.000,9999.000,9999.000
202606251536,   2.297,   2.148,9999.000,9999.000,9999.000,9999.000,9999.000,9999.000,9999.000
202606251542,   2.439,   2.240,9999.000,9999.000,9999.000,9999.000,9999.000,9999.000,9999.000
202606251548,   2.584,   2.377,9999.000,9999.000,9999.000,9999.000,9999.000,9999.000,9999.000
202606251554,   2.731,   2.548,9999.000,9999.000,9999.000,9999.000,9999.000,9999.000,9999.000
202606251600,   2.881,   2.669,  -0.200,  -0.012,   2.669,  -0.200,   2.669,  -0.100,   2.769
202606251606,   3.033,   2.830,9999.000,9999.000,9999.000,9999.000,9999.000,9999.000,9999.000
202606251612,   3.185,   2.958,9999.000,9999.000,9999.000,9999.000,9999.000,9999.000,9999.000
202606251618,   3.339,   3.129,9999.000,9999.000,9999.000,9999.000,9999.000,9999.000,9999.000
202606251624,   3.493,   3.299,9999.000,9999.000,9999.000,9999.000,9999.000,9999.000,9999.000
202606251630,   3.648,   3.480,9999.000,9999.000,9999.000,9999.000,9999.000,9999.000,9999.000
202606251636,   3.802,   3.617,9999.000,9999.000,9999.000,9999.000,9999.000,9999.000,9999.000
202606251642,   3.955,   3.837,9999.000,9999.000,9999.000,9999.000,9999.000,9999.000,9999.000
202606251648,   4.107,   3.998,9999.000,9999.000,9999.000,9999.000,9999.000,9999.000,9999.000
202606251654,   4.257,   4.119,9999.000,9999.000,9999.000,9999.000,9999.000,9999.000,9999.000
202606251700,   4.405,   4.290,  -0.200,   0.085,   4.290,  -0.200,   4.290,  -0.100,   4.390
202606251706,   4.551,   4.418,9999.000,9999.000,9999.000,9999.000,9999.000,9999.000,9999.000
202606251712,   4.694,   4.588,9999.000,9999.000,9999.000,9999.000,9999.000,9999.000,9999.000
202606251718,   4.834,   4.719,9999.000,9999.000,9999.000,9999.000,9999.000,9999.000,9999.000
202606251724,   4.971,   4.847,9999.000,9999.000,9999.000,9999.000,9999.000,9999.000,9999.000
202606251730,   5.104,   5.008,9999.000,9999.000,9999.000,9999.000,9999.000,9999.000,9999.000
202606251736,   5.233,   5.169,9999.000,9999.000,9999.000,9999.000,9999.000,9999.000,9999.000
202606251742,   5.358,   5.297,9999.000,9999.000,9999.000,9999.000,9999.000,9999.000,9999.000
202606251748,   5.478,   5.428,9999.000,9999.000,9999.000,9999.000,9999.000,9999.000,9999.000
202606251754,   5.594,   5.467,9999.000,9999.000,9999.000,9999.000,9999.000,9999.000,9999.000
202606251800,   5.705,   5.569,   0.000,  -0.136,   5.569,  -0.100,   5.469,   0.000,   5.569
202606251806,   5.811,   5.657,9999.000,9999.000,9999.000,9999.000,9999.000,9999.000,9999.000
202606251812,   5.911,   5.769,9999.000,9999.000,9999.000,9999.000,9999.000,9999.000,9999.000
202606251818,   6.007,   5.867,9999.000,9999.000,9999.000,9999.000,9999.000,9999.000,9999.000
202606251824,   6.097,   5.926,9999.000,9999.000,9999.000,9999.000,9999.000,9999.000,9999.000
202606251830,   6.181,   6.067,9999.000,9999.000,9999.000,9999.000,9999.000,9999.000,9999.000
202606251836,   6.260,   6.159,9999.000,9999.000,9999.000,9999.000,9999.000,9999.000,9999.000
202606251842,   6.333,   6.297,9999.000,9999.000,9999.000,9999.000,9999.000,9999.000,9999.000
202606251848,   6.400,   6.317,9999.000,9999.000,9999.000,9999.000,9999.000,9999.000,9999.000
202606251854,   6.461,   6.399,9999.000,9999.000,9999.000,9999.000,9999.000,9999.000,9999.000
202606251900,   6.517,   6.458,   0.000,  -0.059,   6.458,   0.000,   6.458,   0.000,   6.458
202606251906,   6.567,   6.517,9999.000,9999.000,9999.000,9999.000,9999.000,9999.000,9999.000
202606251912,   6.611,   6.507,9999.000,9999.000,9999.000,9999.000,9999.000,9999.000,9999.000
202606251918,   6.649,   6.507,9999.000,9999.000,9999.000,9999.000,9999.000,9999.000,9999.000
202606251924,   6.680,   6.546,9999.000,9999.000,9999.000,9999.000,9999.000,9999.000,9999.000
202606251930,   6.706,   6.527,9999.000,9999.000,9999.000,9999.000,9999.000,9999.000,9999.000
202606251936,   6.726,   6.599,9999.000,9999.000,9999.000,9999.000,9999.000,9999.000,9999.000
202606251942,   6.740,   6.589,9999.000,9999.000,9999.000,9999.000,9999.000,9999.000,9999.000
202606251948,   6.748,   6.599,9999.000,9999.000,9999.000,9999.000,9999.000,9999.000,9999.000
202606251954,   6.750,   6.678,9999.000,9999.000,9999.000,9999.000,9999.000,9999.000,9999.000
202606252000,   6.746,   6.638,   0.000,  -0.108,   6.638,   0.000,   6.638,   0.000,   6.638
202606252006,   6.736,   6.628,9999.000,9999.000,9999.000,9999.000,9999.000,9999.000,9999.000
202606252012,   6.720,   6.589,9999.000,9999.000,9999.000,9999.000,9999.000,9999.000,9999.000
202606252018,   6.698,   6.589,9999.000,9999.000,9999.000,9999.000,9999.000,9999.000,9999.000
202606252024,   6.671,   6.527,9999.000,9999.000,9999.000,9999.000,9999.000,9999.000,9999.000
202606252030,   6.638,   6.527,9999.000,9999.000,9999.000,9999.000,9999.000,9999.000,9999.000
202606252036,   6.599,   6.477,9999.000,9999.000,9999.000,9999.000,9999.000,9999.000,9999.000
202606252042,   6.555,   6.448,9999.000,9999.000,9999.000,9999.000,9999.000,9999.000,9999.000
202606252048,   6.505,   6.379,9999.000,9999.000,9999.000,9999.000,9999.000,9999.000,9999.000
202606252054,   6.451,   6.307,9999.000,9999.000,9999.000,9999.000,9999.000,9999.000,9999.000
202606252100,   6.392,   6.238,   0.000,  -0.154,   6.238,   0.000,   6.238,   0.000,   6.238
202606252106,   6.328,   6.209,9999.000,9999.000,9999.000,9999.000,9999.000,9999.000,9999.000
202606252112,   6.260,   6.159,9999.000,9999.000,9999.000,9999.000,9999.000,9999.000,9999.000
202606252118,   6.187,   6.067,9999.000,9999.000,9999.000,9999.000,9999.000,9999.000,9999.000
202606252124,   6.112,   6.028,9999.000,9999.000,9999.000,9999.000,9999.000,9999.000,9999.000
202606252130,   6.032,   5.989,9999.000,9999.000,9999.000,9999.000,9999.000,9999.000,9999.000
202606252136,   5.950,   5.917,9999.000,9999.000,9999.000,9999.000,9999.000,9999.000,9999.000
202606252142,   5.865,   5.749,9999.000,9999.000,9999.000,9999.000,9999.000,9999.000,9999.000
202606252148,   5.777,   5.707,9999.000,9999.000,9999.000,9999.000,9999.000,9999.000,9999.000
202606252154,   5.688,   5.648,9999.000,9999.000,9999.000,9999.000,9999.000,9999.000,9999.000
202606252200,   5.597,   5.507,   0.000,  -0.090,   5.507,   0.000,   5.507,   0.000,   5.507
202606252206,   5.505,   5.448,9999.000,9999.000,9999.000,9999.000,9999.000,9999.000,9999.000
202606252212,   5.412,   5.349,9999.000,9999.000,9999.000,9999.000,9999.000,9999.000,9999.000
202606252218,   5.319,   5.218,9999.000,9999.000,9999.000,9999.000,9999.000,9999.000,9999.000
202606252224,   5.226,   5.159,9999.000,9999.000,9999.000,9999.000,9999.000,9999.000,9999.000
202606252230,   5.134,   5.008,9999.000,9999.000,9999.000,9999.000,9999.000,9999.000,9999.000
202606252236,   5.042,   4.939,9999.000,9999.000,9999.000,9999.000,9999.000,9999.000,9999.000
202606252242,   4.952,   4.808,9999.000,9999.000,9999.000,9999.000,9999.000,9999.000,9999.000
202606252248,   4.864,   4.667,9999.000,9999.000,9999.000,9999.000,9999.000,9999.000,9999.000
202606252254,   4.777,   4.549,9999.000,9999.000,9999.000,9999.000,9999.000,9999.000,9999.000
202606252300,   4.693,   4.480,   0.000,  -0.213,   4.480,   0.000,   4.480,   0.100,   4.580
202606252306,   4.612,   4.437,9999.000,9999.000,9999.000,9999.000,9999.000,9999.000,9999.000
202606252312,   4.534,   4.368,9999.000,9999.000,9999.000,9999.000,9999.000,9999.000,9999.000
202606252318,   4.459,   4.280,9999.000,9999.000,9999.000,9999.000,9999.000,9999.000,9999.000
202606252324,   4.388,   4.159,9999.000,9999.000,9999.000,9999.000,9999.000,9999.000,9999.000
202606252330,   4.320,   4.139,9999.000,9999.000,9999.000,9999.000,9999.000,9999.000,9999.000
202606252336,   4.257,   4.037,9999.000,9999.000,9999.000,9999.000,9999.000,9999.000,9999.000
202606252342,   4.198,   3.929,9999.000,9999.000,9999.000,9999.000,9999.000,9999.000,9999.000
202606252348,   4.144,   3.899,9999.000,9999.000,9999.000,9999.000,9999.000,9999.000,9999.000
202606252354,   4.095,   3.827,9999.000,9999.000,9999.000,9999.000,9999.000,9999.000,9999.000
202606260000,   4.050,   3.778,   0.200,  -0.472,   3.778,   0.100,   3.678,   0.200,   3.778
202606260006,   4.011,   3.758,9999.000,9999.000,9999.000,9999.000,9999.000,9999.000,9999.000
202606260012,   3.977,   3.650,9999.000,9999.000,9999.000,9999.000,9999.000,9999.000,9999.000
202606260018,   3.949,   3.637,9999.000,9999.000,9999.000,9999.000,9999.000,9999.000,9999.000
202606260024,   3.926,   3.670,9999.000,9999.000,9999.000,9999.000,9999.000,9999.000,9999.000
202606260030,   3.909,   3.539,9999.000,9999.000,9999.000,9999.000,9999.000,9999.000,9999.000
202606260036,   3.898,   3.578,9999.000,9999.000,9999.000,9999.000,9999.000,9999.000,9999.000
202606260042,   3.893,   3.509,9999.000,9999.000,9999.000,9999.000,9999.000,9999.000,9999.000
202606260048,   3.894,   3.509,9999.000,9999.000,9999.000,9999.000,9999.000,9999.000,9999.000
202606260054,   3.901,   3.558,9999.000,9999.000,9999.000,9999.000,9999.000,9999.000,9999.000
202606260100,   3.914,   3.539,   0.200,  -0.575,   3.539,   0.100,   3.439,   0.200,   3.539
202606260106,   3.933,   3.598,9999.000,9999.000,9999.000,9999.000,9999.000,9999.000,9999.000
202606260112,   3.959,   3.670,9999.000,9999.000,9999.000,9999.000,9999.000,9999.000,9999.000
202606260118,   3.991,   3.578,9999.000,9999.000,9999.000,9999.000,9999.000,9999.000,9999.000
202606260124,   4.029,   3.680,9999.000,9999.000,9999.000,9999.000,9999.000,9999.000,9999.000
202606260130,   4.073,   3.719,9999.000,9999.000,9999.000,9999.000,9999.000,9999.000,9999.000
202606260136,   4.124,   3.808,9999.000,9999.000,9999.000,9999.000,9999.000,9999.000,9999.000
202606260142,   4.180,   3.870,9999.000,9999.000,9999.000,9999.000,9999.000,9999.000,9999.000
202606260148,   4.243,   3.909,9999.000,9999.000,9999.000,9999.000,9999.000,9999.000,9999.000
202606260154,   4.313,   4.008,9999.000,9999.000,9999.000,9999.000,9999.000,9999.000,9999.000
202606260200,   4.388,   4.129,   0.200,  -0.459,   4.129,   0.200,   4.129,   0.200,   4.129
202606260206,   4.469,   4.208,9999.000,9999.000,9999.000,9999.000,9999.000,9999.000,9999.000
202606260212,   4.555,   4.349,9999.000,9999.000,9999.000,9999.000,9999.000,9999.000,9999.000
202606260218,   4.648,   4.378,9999.000,9999.000,9999.000,9999.000,9999.000,9999.000,9999.000
202606260224,   4.745,   4.447,9999.000,9999.000,9999.000,9999.000,9999.000,9999.000,9999.000
202606260230,   4.849,   4.608,9999.000,9999.000,9999.000,9999.000,9999.000,9999.000,9999.000
202606260236,   4.957,   4.710,9999.000,9999.000,9999.000,9999.000,9999.000,9999.000,9999.000
202606260242,   5.070,   4.828,9999.000,9999.000,9999.000,9999.000,9999.000,9999.000,9999.000
202606260248,   5.188,   4.929,9999.000,9999.000,9999.000,9999.000,9999.000,9999.000,9999.000
202606260254,   5.310,   4.979,9999.000,9999.000,9999.000,9999.000,9999.000,9999.000,9999.000
202606260300,   5.437,   5.159,   0.200,  -0.478,   5.159,   0.200,   5.159,   0.300,   5.259
202606260306,   5.567,   5.228,9999.000,9999.000,9999.000,9999.000,9999.000,9999.000,9999.000
202606260312,   5.701,   5.389,9999.000,9999.000,9999.000,9999.000,9999.000,9999.000,9999.000
202606260318,   5.839,   5.448,9999.000,9999.000,9999.000,9999.000,9999.000,9999.000,9999.000
202606260324,   5.979,   5.618,9999.000,9999.000,9999.000,9999.000,9999.000,9999.000,9999.000
202606260330,   6.122,   5.759,9999.000,9999.000,9999.000,9999.000,9999.000,9999.000,9999.000
202606260336,   6.267,   5.858,9999.000,9999.000,9999.000,9999.000,9999.000,9999.000,9999.000
202606260342,   6.415,   6.087,9999.000,9999.000,9999.000,9999.000,9999.000,9999.000,9999.000
202606260348,   6.564,   6.097,9999.000,9999.000,9999.000,9999.000,9999.000,9999.000,9999.000
202606260354,   6.714,   6.199,9999.000,9999.000,9999.000,9999.000,9999.000,9999.000,9999.000
202606260400,   6.865,   6.438,   0.200,  -0.627,   6.438,   0.100,   6.338,   0.200,   6.438
202606260406,   7.016,   6.497,9999.000,9999.000,9999.000,9999.000,9999.000,9999.000,9999.000
202606260412,   7.167,   6.737,9999.000,9999.000,9999.000,9999.000,9999.000,9999.000,9999.000
202606260418,   7.318,   6.799,9999.000,9999.000,9999.000,9999.000,9999.000,9999.000,9999.000
202606260424,   7.468,   6.947,9999.000,9999.000,9999.000,9999.000,9999.000,9999.000,9999.000
202606260430,   7.616,   7.156,9999.000,9999.000,9999.000,9999.000,9999.000,9999.000,9999.000
202606260436,   7.763,   7.268,9999.000,9999.000,9999.000,9999.000,9999.000,9999.000,9999.000
202606260442,   7.908,   7.429,9999.000,9999.000,9999.000,9999.000,9999.000,9999.000,9999.000
202606260448,   8.049,   7.557,9999.000,9999.000,9999.000,9999.000,9999.000,9999.000,9999.000
202606260454,   8.188,   7.698,9999.000,9999.000,9999.000,9999.000,9999.000,9999.000,9999.000
202606260500,   8.323,   7.868,   0.100,  -0.555,   7.868,   0.100,   7.868,   0.200,   7.968
202606260506,   8.455,   8.039,9999.000,9999.000,9999.000,9999.000,9999.000,9999.000,9999.000
202606260512,   8.582,   8.229,9999.000,9999.000,9999.000,9999.000,9999.000,9999.000,9999.000
202606260518,   8.704,   8.327,9999.000,9999.000,9999.000,9999.000,9999.000,9999.000,9999.000
202606260524,   8.821,   8.508,9999.000,9999.000,9999.000,9999.000,9999.000,9999.000,9999.000
202606260530,   8.933,   8.596,9999.000,9999.000,9999.000,9999.000,9999.000,9999.000,9999.000
202606260536,   9.039,   8.747,9999.000,9999.000,9999.000,9999.000,9999.000,9999.000,9999.000
202606260542,   9.138,   8.787,9999.000,9999.000,9999.000,9999.000,9999.000,9999.000,9999.000
202606260548,   9.232,   8.859,9999.000,9999.000,9999.000,9999.000,9999.000,9999.000,9999.000
202606260554,   9.318,   8.918,9999.000,9999.000,9999.000,9999.000,9999.000,9999.000,9999.000
202606260600,   9.398,   9.098,   0.200,  -0.500,   9.098,   0.100,   8.998,   0.200,   9.098
202606260606,   9.471,   9.167,9999.000,9999.000,9999.000,9999.000,9999.000,9999.000,9999.000
202606260612,   9.536,   9.279,9999.000,9999.000,9999.000,9999.000,9999.000,9999.000,9999.000
202606260618,   9.594,   9.347,9999.000,9999.000,9999.000,9999.000,9999.000,9999.000,9999.000
202606260624,   9.644,   9.377,9999.000,9999.000,9999.000,9999.000,9999.000,9999.000,9999.000
202606260630,   9.687,   9.456,9999.000,9999.000,9999.000,9999.000,9999.000,9999.000,9999.000
202606260636,   9.721,   9.456,9999.000,9999.000,9999.000,9999.000,9999.000,9999.000,9999.000
202606260642,   9.748,   9.489,9999.000,9999.000,9999.000,9999.000,9999.000,9999.000,9999.000
202606260648,   9.767,   9.508,9999.000,9999.000,9999.000,9999.000,9999.000,9999.000,9999.000
202606260654,   9.778,   9.528,9999.000,9999.000,9999.000,9999.000,9999.000,9999.000,9999.000
202606260700,   9.781,   9.548,   0.200,  -0.433,   9.548,   0.100,   9.448,   0.300,   9.648
202606260706,   9.775,   9.557,9999.000,9999.000,9999.000,9999.000,9999.000,9999.000,9999.000
202606260712,   9.762,   9.538,9999.000,9999.000,9999.000,9999.000,9999.000,9999.000,9999.000
202606260718,   9.741,   9.489,9999.000,9999.000,9999.000,9999.000,9999.000,9999.000,9999.000
202606260724,   9.712,   9.456,9999.000,9999.000,9999.000,9999.000,9999.000,9999.000,9999.000
202606260730,   9.674,   9.407,9999.000,9999.000,9999.000,9999.000,9999.000,9999.000,9999.000
202606260736,   9.629,   9.377,9999.000,9999.000,9999.000,9999.000,9999.000,9999.000,9999.000
202606260742,   9.576,   9.298,9999.000,9999.000,9999.000,9999.000,9999.000,9999.000,9999.000
202606260748,   9.515,   9.226,9999.000,9999.000,9999.000,9999.000,9999.000,9999.000,9999.000
202606260754,   9.446,   9.157,9999.000,9999.000,9999.000,9999.000,9999.000,9999.000,9999.000
202606260800,   9.369,   9.056,   0.200,  -0.513,   9.056,   0.100,   8.956,   0.300,   9.156
202606260806,   9.284,   9.036,9999.000,9999.000,9999.000,9999.000,9999.000,9999.000,9999.000
202606260812,   9.192,   8.908,9999.000,9999.000,9999.000,9999.000,9999.000,9999.000,9999.000
202606260818,   9.092,   8.796,9999.000,9999.000,9999.000,9999.000,9999.000,9999.000,9999.000
202606260824,   8.985,   8.698,9999.000,9999.000,9999.000,9999.000,9999.000,9999.000,9999.000
202606260830,   8.870,   8.596,9999.000,9999.000,9999.000,9999.000,9999.000,9999.000,9999.000
202606260836,   8.747,   8.527,9999.000,9999.000,9999.000,9999.000,9999.000,9999.000,9999.000
202606260842,   8.618,   8.386,9999.000,9999.000,9999.000,9999.000,9999.000,9999.000,9999.000
202606260848,   8.481,   8.206,9999.000,9999.000,9999.000,9999.000,9999.000,9999.000,9999.000
202606260854,   8.337,   8.088,9999.000,9999.000,9999.000,9999.000,9999.000,9999.000,9999.000
202606260900,   8.186,   7.927,   0.100,  -0.359,   7.927,   0.100,   7.927,   0.200,   8.027
202606260906,   8.029,   7.849,9999.000,9999.000,9999.000,9999.000,9999.000,9999.000,9999.000
202606260912,   7.865,   7.698,9999.000,9999.000,9999.000,9999.000,9999.000,9999.000,9999.000
202606260918,   7.695,   7.527,9999.000,9999.000,9999.000,9999.000,9999.000,9999.000,9999.000
202606260924,   7.519,   7.317,9999.000,9999.000,9999.000,9999.000,9999.000,9999.000,9999.000
202606260930,   7.338,   7.209,9999.000,9999.000,9999.000,9999.000,9999.000,9999.000,9999.000
202606260936,   7.151,   7.019,9999.000,9999.000,9999.000,9999.000,9999.000,9999.000,9999.000
202606260942,   6.960,   6.858,9999.000,9999.000,9999.000,9999.000,9999.000,9999.000,9999.000
202606260948,   6.763,   6.697,9999.000,9999.000,9999.000,9999.000,9999.000,9999.000,9999.000
202606260954,   6.563,   6.497,9999.000,9999.000,9999.000,9999.000,9999.000,9999.000,9999.000
202606261000,   6.359,   6.369,   0.100,  -0.090,   6.369,   0.000,   6.269,   0.100,   6.369
202606261006,   6.151,   6.097,9999.000,9999.000,9999.000,9999.000,9999.000,9999.000,9999.000
202606261012,   5.941,   5.858,9999.000,9999.000,9999.000,9999.000,9999.000,9999.000,9999.000
202606261018,   5.728,   5.628,9999.000,9999.000,9999.000,9999.000,9999.000,9999.000,9999.000
202606261024,   5.513,   5.418,9999.000,9999.000,9999.000,9999.000,9999.000,9999.000,9999.000
202606261030,   5.297,   5.257,9999.000,9999.000,9999.000,9999.000,9999.000,9999.000,9999.000
202606261036,   5.080,   5.067,9999.000,9999.000,9999.000,9999.000,9999.000,9999.000,9999.000
202606261042,   4.862,   4.887,9999.000,9999.000,9999.000,9999.000,9999.000,9999.000,9999.000
202606261048,   4.645,   4.677,9999.000,9999.000,9999.000,9999.000,9999.000,9999.000,9999.000
202606261054,   4.428,   4.359,9999.000,9999.000,9999.000,9999.000,9999.000,9999.000,9999.000
202606261100,   4.212,   4.168,   0.100,  -0.144,   4.168,   0.100,   4.168,   0.200,   4.268
202606261106,   3.998,   3.929,9999.000,9999.000,9999.000,9999.000,9999.000,9999.000,9999.000
202606261112,   3.785,   3.689,9999.000,9999.000,9999.000,9999.000,9999.000,9999.000,9999.000
202606261118,   3.575,   3.548,9999.000,9999.000,9999.000,9999.000,9999.000,9999.000,9999.000
202606261124,   3.368,   3.388,9999.000,9999.000,9999.000,9999.000,9999.000,9999.000,9999.000
202606261130,   3.165,   3.158,9999.000,9999.000,9999.000,9999.000,9999.000,9999.000,9999.000
202606261136,   2.965,   3.007,9999.000,9999.000,9999.000,9999.000,9999.000,9999.000,9999.000
202606261142,   2.769,   2.758,9999.000,9999.000,9999.000,9999.000,9999.000,9999.000,9999.000
202606261148,   2.578,   2.538,9999.000,9999.000,9999.000,9999.000,9999.000,9999.000,9999.000
202606261154,   2.392,   2.377,9999.000,9999.000,9999.000,9999.000,9999.000,9999.000,9999.000
202606261200,   2.210,   2.158,   0.100,  -0.152,   2.158,   0.000,   2.058,   0.100,   2.158
202606261206,   2.035,   1.981,9999.000,9999.000,9999.000,9999.000,9999.000,9999.000,9999.000
202606261212,   1.865,   1.840,9999.000,9999.000,9999.000,9999.000,9999.000,9999.000,9999.000
202606261218,   1.702,   1.659,9999.000,9999.000,9999.000,9999.000,9999.000,9999.000,9999.000
202606261224,   1.545,   1.498,9999.000,9999.000,9999.000,9999.000,9999.000,9999.000,9999.000
202606261230,   1.395,   1.361,9999.000,9999.000,9999.000,9999.000,9999.000,9999.000,9999.000
202606261236,   1.252,   1.229,9999.000,9999.000,9999.000,9999.000,9999.000,9999.000,9999.000
202606261242,   1.116,   1.151,9999.000,9999.000,9999.000,9999.000,9999.000,9999.000,9999.000
202606261248,   0.987,   1.049,9999.000,9999.000,9999.000,9999.000,9999.000,9999.000,9999.000
202606261254,   0.866,   0.961,9999.000,9999.000,9999.000,9999.000,9999.000,9999.000,9999.000
202606261300,   0.753,   0.849,   0.000,   0.096,   0.849,   0.000,   0.849,   0.100,   0.949
202606261306,   0.648,   0.698,9999.000,9999.000,9999.000,9999.000,9999.000,9999.000,9999.000
202606261312,   0.552,   0.669,9999.000,9999.000,9999.000,9999.000,9999.000,9999.000,9999.000
202606261318,   0.463,   0.518,9999.000,9999.000,9999.000,9999.000,9999.000,9999.000,9999.000
202606261324,   0.383,   0.419,9999.000,9999.000,9999.000,9999.000,9999.000,9999.000,9999.000
202606261330,   0.312,   0.429,9999.000,9999.000,9999.000,9999.000,9999.000,9999.000,9999.000
202606261336,   0.250,   0.341,9999.000,9999.000,9999.000,9999.000,9999.000,9999.000,9999.000
202606261342,   0.196,   0.278,9999.000,9999.000,9999.000,9999.000,9999.000,9999.000,9999.000
202606261348,   0.152,   0.298,9999.000,9999.000,9999.000,9999.000,9999.000,9999.000,9999.000
202606261354,   0.116,   0.239,9999.000,9999.000,9999.000,9999.000,9999.000,9999.000,9999.000
202606261400,   0.090,   0.200,   0.000,   0.110,   0.200,   0.000,   0.200,   0.000,   0.200
202606261406,   0.072,   0.229,9999.000,9999.000,9999.000,9999.000,9999.000,9999.000,9999.000
202606261412,   0.064,   0.170,9999.000,9999.000,9999.000,9999.000,9999.000,9999.000,9999.000
202606261418,   0.065,   0.170,9999.000,9999.000,9999.000,9999.000,9999.000,9999.000,9999.000
202606261424,   0.075,   0.190,9999.000,9999.000,9999.000,9999.000,9999.000,9999.000,9999.000
202606261430,   0.095,   0.121,9999.000,9999.000,9999.000,9999.000,9999.000,9999.000,9999.000
202606261436,   0.123,   0.098,9999.000,9999.000,9999.000,9999.000,9999.000,9999.000,9999.000
202606261442,   0.160,   0.209,9999.000,9999.000,9999.000,9999.000,9999.000,9999.000,9999.000
202606261448,   0.206,   0.209,9999.000,9999.000,9999.000,9999.000,9999.000,9999.000,9999.000
202606261454,   0.261,   0.229,9999.000,9999.000,9999.000,9999.000,9999.000,9999.000,9999.000
202606261500,   0.324,   0.380,   0.000,   0.056,   0.380,   0.000,   0.380,   0.000,   0.380
202606261506,   0.396,   0.400,9999.000,9999.000,9999.000,9999.000,9999.000,9999.000,9999.000
202606261512,   0.476,   0.498,9999.000,9999.000,9999.000,9999.000,9999.000,9999.000,9999.000
202606261518,   0.564,   0.619,9999.000,9999.000,9999.000,9999.000,9999.000,9999.000,9999.000
202606261524,   0.660,   0.600,9999.000,9999.000,9999.000,9999.000,9999.000,9999.000,9999.000
202606261530,   0.763,   0.718,9999.000,9999.000,9999.000,9999.000,9999.000,9999.000,9999.000
202606261536,   0.873,   0.908,9999.000,9999.000,9999.000,9999.000,9999.000,9999.000,9999.000
202606261542,   0.991,   0.918,9999.000,9999.000,9999.000,9999.000,9999.000,9999.000,9999.000
202606261548,   1.115,   1.180,9999.000,9999.000,9999.000,9999.000,9999.000,9999.000,9999.000
202606261554,   1.245,   1.200,9999.000,9999.000,9999.000,9999.000,9999.000,9999.000,9999.000
202606261600,   1.382,   1.190,   0.000,  -0.192,   1.190,   0.000,   1.190,   0.000,   1.190
202606261606,   1.524,   1.489,9999.000,9999.000,9999.000,9999.000,9999.000,9999.000,9999.000
202606261612,   1.671,   1.630,9999.000,9999.000,9999.000,9999.000,9999.000,9999.000,9999.000
202606261618,   1.823,   1.728,9999.000,9999.000,9999.000,9999.000,9999.000,9999.000,9999.000
202606261624,   1.979,   1.958,9999.000,9999.000,9999.000,9999.000,9999.000,9999.000,9999.000
202606261630,   2.139,   2.059,9999.000,9999.000,9999.000,9999.000,9999.000,9999.000,9999.000
202606261636,   2.303,   2.210,9999.000,9999.000,9999.000,9999.000,9999.000,9999.000,9999.000
202606261642,   2.469,   2.479,9999.000,9999.000,9999.000,9999.000,9999.000,9999.000,9999.000
202606261648,   2.638,   2.578,9999.000,9999.000,9999.000,9999.000,9999.000,9999.000,9999.000
202606261654,   2.809,   2.748,9999.000,9999.000,9999.000,9999.000,9999.000,9999.000,9999.000
202606261700,   2.982,   2.909,   0.000,  -0.073,   2.909,   0.000,   2.909,   0.000,   2.909
202606261706,   3.156,   3.050,9999.000,9999.000,9999.000,9999.000,9999.000,9999.000,9999.000
202606261712,   3.330,   3.319,9999.000,9999.000,9999.000,9999.000,9999.000,9999.000,9999.000
202606261718,   3.505,   3.480,9999.000,9999.000,9999.000,9999.000,9999.000,9999.000,9999.000
202606261724,   3.679,   3.670,9999.000,9999.000,9999.000,9999.000,9999.000,9999.000,9999.000
202606261730,   3.853,   3.837,9999.000,9999.000,9999.000,9999.000,9999.000,9999.000,9999.000
202606261736,   4.025,   3.968,9999.000,9999.000,9999.000,9999.000,9999.000,9999.000,9999.000
202606261742,   4.195,   4.237,9999.000,9999.000,9999.000,9999.000,9999.000,9999.000,9999.000
202606261748,   4.363,   4.319,9999.000,9999.000,9999.000,9999.000,9999.000,9999.000,9999.000
202606261754,   4.529,9999.000,9999.000,9999.000,9999.000,9999.000,9999.000,9999.000,9999.000
202606261800,   4.692,9999.000,   0.000,  -0.077,   4.615,   0.000,   4.615,   0.000,   4.615
202606261806,   4.851,9999.000,9999.000,9999.000,9999.000,9999.000,9999.000,9999.000,9999.000
202606261812,   5.007,9999.000,9999.000,9999.000,9999.000,9999.000,9999.000,9999.000,9999.000
202606261818,   5.159,9999.000,9999.000,9999.000,9999.000,9999.000,9999.000,9999.000,9999.000
202606261824,   5.306,9999.000,9999.000,9999.000,9999.000,9999.000,9999.000,9999.000,9999.000
202606261830,   5.449,9999.000,9999.000,9999.000,9999.000,9999.000,9999.000,9999.000,9999.000
202606261836,   5.587,9999.000,9999.000,9999.000,9999.000,9999.000,9999.000,9999.000,9999.000
202606261842,   5.720,9999.000,9999.000,9999.000,9999.000,9999.000,9999.000,9999.000,9999.000
202606261848,   5.848,9999.000,9999.000,9999.000,9999.000,9999.000,9999.000,9999.000,9999.000
202606261854,   5.971,9999.000,9999.000,9999.000,9999.000,9999.000,9999.000,9999.000,9999.000
202606261900,   6.088,9999.000,   0.000,  -0.081,   6.007,   0.000,   6.007,   0.000,   6.007
202606261906,   6.199,9999.000,9999.000,9999.000,9999.000,9999.000,9999.000,9999.000,9999.000
202606261912,   6.304,9999.000,9999.000,9999.000,9999.000,9999.000,9999.000,9999.000,9999.000
202606261918,   6.404,9999.000,9999.000,9999.000,9999.000,9999.000,9999.000,9999.000,9999.000
202606261924,   6.497,9999.000,9999.000,9999.000,9999.000,9999.000,9999.000,9999.000,9999.000
202606261930,   6.585,9999.000,9999.000,9999.000,9999.000,9999.000,9999.000,9999.000,9999.000
202606261936,   6.666,9999.000,9999.000,9999.000,9999.000,9999.000,9999.000,9999.000,9999.000
202606261942,   6.741,9999.000,9999.000,9999.000,9999.000,9999.000,9999.000,9999.000,9999.000
202606261948,   6.810,9999.000,9999.000,9999.000,9999.000,9999.000,9999.000,9999.000,9999.000
202606261954,   6.872,9999.000,9999.000,9999.000,9999.000,9999.000,9999.000,9999.000,9999.000
202606262000,   6.928,9999.000,   0.000,  -0.085,   6.843,   0.000,   6.843,   0.100,   6.943
202606262006,   6.978,9999.000,9999.000,9999.000,9999.000,9999.000,9999.000,9999.000,9999.000
202606262012,   7.021,9999.000,9999.000,9999.000,9999.000,9999.000,9999.000,9999.000,9999.000
202606262018,   7.058,9999.000,9999.000,9999.000,9999.000,9999.000,9999.000,9999.000,9999.000
202606262024,   7.089,9999.000,9999.000,9999.000,9999.000,9999.000,9999.000,9999.000,9999.000
202606262030,   7.112,9999.000,9999.000,9999.000,9999.000,9999.000,9999.000,9999.000,9999.000
202606262036,   7.130,9999.000,9999.000,9999.000,9999.000,9999.000,9999.000,9999.000,9999.000
202606262042,   7.141,9999.000,9999.000,9999.000,9999.000,9999.000,9999.000,9999.000,9999.000
202606262048,   7.145,9999.000,9999.000,9999.000,9999.000,9999.000,9999.000,9999.000,9999.000
202606262054,   7.142,9999.000,9999.000,9999.000,9999.000,9999.000,9999.000,9999.000,9999.000
202606262100,   7.134,9999.000,   0.100,  -0.088,   7.146,   0.000,   7.046,   0.100,   7.146
202606262106,   7.118,9999.000,9999.000,9999.000,9999.000,9999.000,9999.000,9999.000,9999.000
202606262112,   7.097,9999.000,9999.000,9999.000,9999.000,9999.000,9999.000,9999.000,9999.000
202606262118,   7.069,9999.000,9999.000,9999.000,9999.000,9999.000,9999.000,9999.000,9999.000
202606262124,   7.034,9999.000,9999.000,9999.000,9999.000,9999.000,9999.000,9999.000,9999.000
202606262130,   6.994,9999.000,9999.000,9999.000,9999.000,9999.000,9999.000,9999.000,9999.000
202606262136,   6.948,9999.000,9999.000,9999.000,9999.000,9999.000,9999.000,9999.000,9999.000
202606262142,   6.895,9999.000,9999.000,9999.000,9999.000,9999.000,9999.000,9999.000,9999.000
202606262148,   6.838,9999.000,9999.000,9999.000,9999.000,9999.000,9999.000,9999.000,9999.000
202606262154,   6.775,9999.000,9999.000,9999.000,9999.000,9999.000,9999.000,9999.000,9999.000
202606262200,   6.707,9999.000,   0.100,  -0.092,   6.715,   0.000,   6.615,   0.100,   6.715
202606262206,   6.634,9999.000,9999.000,9999.000,9999.000,9999.000,9999.000,9999.000,9999.000
202606262212,   6.556,9999.000,9999.000,9999.000,9999.000,9999.000,9999.000,9999.000,9999.000
202606262218,   6.475,9999.000,9999.000,9999.000,9999.000,9999.000,9999.000,9999.000,9999.000
202606262224,   6.390,9999.000,9999.000,9999.000,9999.000,9999.000,9999.000,9999.000,9999.000
202606262230,   6.301,9999.000,9999.000,9999.000,9999.000,9999.000,9999.000,9999.000,9999.000
202606262236,   6.210,9999.000,9999.000,9999.000,9999.000,9999.000,9999.000,9999.000,9999.000
202606262242,   6.115,9999.000,9999.000,9999.000,9999.000,9999.000,9999.000,9999.000,9999.000
202606262248,   6.019,9999.000,9999.000,9999.000,9999.000,9999.000,9999.000,9999.000,9999.000
202606262254,   5.921,9999.000,9999.000,9999.000,9999.000,9999.000,9999.000,9999.000,9999.000
202606262300,   5.822,9999.000,   0.000,  -0.096,   5.726,   0.000,   5.726,   0.100,   5.826
202606262306,   5.722,9999.000,9999.000,9999.000,9999.000,9999.000,9999.000,9999.000,9999.000
202606262312,   5.622,9999.000,9999.000,9999.000,9999.000,9999.000,9999.000,9999.000,9999.000
202606262318,   5.522,9999.000,9999.000,9999.000,9999.000,9999.000,9999.000,9999.000,9999.000
202606262324,   5.422,9999.000,9999.000,9999.000,9999.000,9999.000,9999.000,9999.000,9999.000
202606262330,   5.323,9999.000,9999.000,9999.000,9999.000,9999.000,9999.000,9999.000,9999.000
202606262336,   5.226,9999.000,9999.000,9999.000,9999.000,9999.000,9999.000,9999.000,9999.000
202606262342,   5.131,9999.000,9999.000,9999.000,9999.000,9999.000,9999.000,9999.000,9999.000
202606262348,   5.038,9999.000,9999.000,9999.000,9999.000,9999.000,9999.000,9999.000,9999.000
202606262354,   4.947,9999.000,9999.000,9999.000,9999.000,9999.000,9999.000,9999.000,9999.000
202606270000,   4.860,9999.000,   0.100,  -0.100,   4.860,   0.000,   4.760,   0.100,   4.860
202606270006,   4.776,9999.000,9999.000,9999.000,9999.000,9999.000,9999.000,9999.000,9999.000
202606270012,   4.695,9999.000,9999.000,9999.000,9999.000,9999.000,9999.000,9999.000,9999.000
202606270018,   4.619,9999.000,9999.000,9999.000,9999.000,9999.000,9999.000,9999.000,9999.000
202606270024,   4.546,9999.000,9999.000,9999.000,9999.000,9999.000,9999.000,9999.000,9999.000
202606270030,   4.478,9999.000,9999.000,9999.000,9999.000,9999.000,9999.000,9999.000,9999.000
202606270036,   4.415,9999.000,9999.000,9999.000,9999.000,9999.000,9999.000,9999.000,9999.000
202606270042,   4.357,9999.000,9999.000,9999.000,9999.000,9999.000,9999.000,9999.000,9999.000
202606270048,   4.304,9999.000,9999.000,9999.000,9999.000,9999.000,9999.000,9999.000,9999.000
202606270054,   4.256,9999.000,9999.000,9999.000,9999.000,9999.000,9999.000,9999.000,9999.000
202606270100,   4.214,9999.000,   0.000,  -0.104,   4.110,   0.000,   4.110,   0.100,   4.210
202606270106,   4.178,9999.000,9999.000,9999.000,9999.000,9999.000,9999.000,9999.000,9999.000
202606270112,   4.147,9999.000,9999.000,9999.000,9999.000,9999.000,9999.000,9999.000,9999.000
202606270118,   4.123,9999.000,9999.000,9999.000,9999.000,9999.000,9999.000,9999.000,9999.000
202606270124,   4.105,9999.000,9999.000,9999.000,9999.000,9999.000,9999.000,9999.000,9999.000
202606270130,   4.093,9999.000,9999.000,9999.000,9999.000,9999.000,9999.000,9999.000,9999.000
202606270136,   4.087,9999.000,9999.000,9999.000,9999.000,9999.000,9999.000,9999.000,9999.000
202606270142,   4.088,9999.000,9999.000,9999.000,9999.000,9999.000,9999.000,9999.000,9999.000
202606270148,   4.096,9999.000,9999.000,9999.000,9999.000,9999.000,9999.000,9999.000,9999.000
202606270154,   4.110,9999.000,9999.000,9999.000,9999.000,9999.000,9999.000,9999.000,9999.000
202606270200,   4.131,9999.000,   0.000,  -0.108,   4.023,   0.000,   4.023,   0.000,   4.023
202606270206,   4.158,9999.000,9999.000,9999.000,9999.000,9999.000,9999.000,9999.000,9999.000
202606270212,   4.192,9999.000,9999.000,9999.000,9999.000,9999.000,9999.000,9999.000,9999.000
202606270218,   4.233,9999.000,9999.000,9999.000,9999.000,9999.000,9999.000,9999.000,9999.000
202606270224,   4.281,9999.000,9999.000,9999.000,9999.000,9999.000,9999.000,9999.000,9999.000
202606270230,   4.335,9999.000,9999.000,9999.000,9999.000,9999.000,9999.000,9999.000,9999.000
202606270236,   4.396,9999.000,9999.000,9999.000,9999.000,9999.000,9999.000,9999.000,9999.000
202606270242,   4.464,9999.000,9999.000,9999.000,9999.000,9999.000,9999.000,9999.000,9999.000
202606270248,   4.538,9999.000,9999.000,9999.000,9999.000,9999.000,9999.000,9999.000,9999.000
202606270254,   4.619,9999.000,9999.000,9999.000,9999.000,9999.000,9999.000,9999.000,9999.000
202606270300,   4.706,9999.000,   0.000,  -0.112,   4.594,   0.000,   4.594,   0.000,   4.594
202606270306,   4.798,9999.000,9999.000,9999.000,9999.000,9999.000,9999.000,9999.000,9999.000
202606270312,   4.897,9999.000,9999.000,9999.000,9999.000,9999.000,9999.000,9999.000,9999.000
202606270318,   5.002,9999.000,9999.000,9999.000,9999.000,9999.000,9999.000,9999.000,9999.000
202606270324,   5.112,9999.000,9999.000,9999.000,9999.000,9999.000,9999.000,9999.000,9999.000
202606270330,   5.228,9999.000,9999.000,9999.000,9999.000,9999.000,9999.000,9999.000,9999.000
202606270336,   5.349,9999.000,9999.000,9999.000,9999.000,9999.000,9999.000,9999.000,9999.000
202606270342,   5.474,9999.000,9999.000,9999.000,9999.000,9999.000,9999.000,9999.000,9999.000
202606270348,   5.605,9999.000,9999.000,9999.000,9999.000,9999.000,9999.000,9999.000,9999.000
202606270354,   5.739,9999.000,9999.000,9999.000,9999.000,9999.000,9999.000,9999.000,9999.000
202606270400,   5.878,9999.000,   0.000,  -0.115,   5.763,   0.000,   5.763,   0.000,   5.763
202606270406,   6.020,9999.000,9999.000,9999.000,9999.000,9999.000,9999.000,9999.000,9999.000
202606270412,   6.165,9999.000,9999.000,9999.000,9999.000,9999.000,9999.000,9999.000,9999.000
202606270418,   6.313,9999.000,9999.000,9999.000,9999.000,9999.000,9999.000,9999.000,9999.000
202606270424,   6.464,9999.000,9999.000,9999.000,9999.000,9999.000,9999.000,9999.000,9999.000
202606270430,   6.617,9999.000,9999.000,9999.000,9999.000,9999.000,9999.000,9999.000,9999.000
202606270436,   6.771,9999.000,9999.000,9999.000,9999.000,9999.000,9999.000,9999.000,9999.000
202606270442,   6.926,9999.000,9999.000,9999.000,9999.000,9999.000,9999.000,9999.000,9999.000
202606270448,   7.083,9999.000,9999.000,9999.000,9999.000,9999.000,9999.000,9999.000,9999.000
202606270454,   7.239,9999.000,9999.000,9999.000,9999.000,9999.000,9999.000,9999.000,9999.000
202606270500,   7.396,9999.000,   0.000,  -0.119,   7.277,   0.000,   7.277,   0.000,   7.277
202606270506,   7.552,9999.000,9999.000,9999.000,9999.000,9999.000,9999.000,9999.000,9999.000
202606270512,   7.706,9999.000,9999.000,9999.000,9999.000,9999.000,9999.000,9999.000,9999.000
202606270518,   7.859,9999.000,9999.000,9999.000,9999.000,9999.000,9999.000,9999.000,9999.000
202606270524,   8.011,9999.000,9999.000,9999.000,9999.000,9999.000,9999.000,9999.000,9999.000
202606270530,   8.159,9999.000,9999.000,9999.000,9999.000,9999.000,9999.000,9999.000,9999.000
202606270536,   8.305,9999.000,9999.000,9999.000,9999.000,9999.000,9999.000,9999.000,9999.000
202606270542,   8.447,9999.000,9999.000,9999.000,9999.000,9999.000,9999.000,9999.000,9999.000
202606270548,   8.585,9999.000,9999.000,9999.000,9999.000,9999.000,9999.000,9999.000,9999.000
202606270554,   8.718,9999.000,9999.000,9999.000,9999.000,9999.000,9999.000,9999.000,9999.000
202606270600,   8.847,9999.000,   0.000,  -0.119,   8.728,   0.000,   8.728,   0.000,   8.728
202606270606,   8.971,9999.000,9999.000,9999.000,9999.000,9999.000,9999.000,9999.000,9999.000
202606270612,   9.089,9999.000,9999.000,9999.000,9999.000,9999.000,9999.000,9999.000,9999.000
202606270618,   9.201,9999.000,9999.000,9999.000,9999.000,9999.000,9999.000,9999.000,9999.000
202606270624,   9.307,9999.000,9999.000,9999.000,9999.000,9999.000,9999.000,9999.000,9999.000
202606270630,   9.407,9999.000,9999.000,9999.000,9999.000,9999.000,9999.000,9999.000,9999.000
202606270636,   9.499,9999.000,9999.000,9999.000,9999.000,9999.000,9999.000,9999.000,9999.000
202606270642,   9.584,9999.000,9999.000,9999.000,9999.000,9999.000,9999.000,9999.000,9999.000
202606270648,   9.662,9999.000,9999.000,9999.000,9999.000,9999.000,9999.000,9999.000,9999.000
202606270654,   9.732,9999.000,9999.000,9999.000,9999.000,9999.000,9999.000,9999.000,9999.000
202606270700,   9.795,9999.000,   0.000,  -0.119,   9.676,   0.000,   9.676,   0.000,   9.676
202606270706,   9.849,9999.000,9999.000,9999.000,9999.000,9999.000,9999.000,9999.000,9999.000
202606270712,   9.896,9999.000,9999.000,9999.000,9999.000,9999.000,9999.000,9999.000,9999.000
202606270718,   9.934,9999.000,9999.000,9999.000,9999.000,9999.000,9999.000,9999.000,9999.000
202606270724,   9.964,9999.000,9999.000,9999.000,9999.000,9999.000,9999.000,9999.000,9999.000
202606270730,   9.985,9999.000,9999.000,9999.000,9999.000,9999.000,9999.000,9999.000,9999.000
202606270736,   9.998,9999.000,9999.000,9999.000,9999.000,9999.000,9999.000,9999.000,9999.000
202606270742,  10.003,9999.000,9999.000,9999.000,9999.000,9999.000,9999.000,9999.000,9999.000
202606270748,  10.000,9999.000,9999.000,9999.000,9999.000,9999.000,9999.000,9999.000,9999.000
202606270754,   9.987,9999.000,9999.000,9999.000,9999.000,9999.000,9999.000,9999.000,9999.000
202606270800,   9.967,9999.000,   0.000,  -0.119,   9.848,   0.000,   9.848,   0.000,   9.848
202606270806,   9.938,9999.000,9999.000,9999.000,9999.000,9999.000,9999.000,9999.000,9999.000
202606270812,   9.900,9999.000,9999.000,9999.000,9999.000,9999.000,9999.000,9999.000,9999.000
202606270818,   9.855,9999.000,9999.000,9999.000,9999.000,9999.000,9999.000,9999.000,9999.000
202606270824,   9.801,9999.000,9999.000,9999.000,9999.000,9999.000,9999.000,9999.000,9999.000
202606270830,   9.738,9999.000,9999.000,9999.000,9999.000,9999.000,9999.000,9999.000,9999.000
202606270836,   9.667,9999.000,9999.000,9999.000,9999.000,9999.000,9999.000,9999.000,9999.000
202606270842,   9.588,9999.000,9999.000,9999.000,9999.000,9999.000,9999.000,9999.000,9999.000
202606270848,   9.501,9999.000,9999.000,9999.000,9999.000,9999.000,9999.000,9999.000,9999.000
202606270854,   9.406,9999.000,9999.000,9999.000,9999.000,9999.000,9999.000,9999.000,9999.000
202606270900,   9.302,9999.000,   0.000,  -0.119,   9.183,   0.000,   9.183,   0.000,   9.183
202606270906,   9.191,9999.000,9999.000,9999.000,9999.000,9999.000,9999.000,9999.000,9999.000
202606270912,   9.071,9999.000,9999.000,9999.000,9999.000,9999.000,9999.000,9999.000,9999.000
202606270918,   8.944,9999.000,9999.000,9999.000,9999.000,9999.000,9999.000,9999.000,9999.000
202606270924,   8.809,9999.000,9999.000,9999.000,9999.000,9999.000,9999.000,9999.000,9999.000
202606270930,   8.666,9999.000,9999.000,9999.000,9999.000,9999.000,9999.000,9999.000,9999.000
202606270936,   8.515,9999.000,9999.000,9999.000,9999.000,9999.000,9999.000,9999.000,9999.000
202606270942,   8.358,9999.000,9999.000,9999.000,9999.000,9999.000,9999.000,9999.000,9999.000
202606270948,   8.193,9999.000,9999.000,9999.000,9999.000,9999.000,9999.000,9999.000,9999.000
202606270954,   8.021,9999.000,9999.000,9999.000,9999.000,9999.000,9999.000,9999.000,9999.000
202606271000,   7.842,9999.000,   0.000,  -0.119,   7.723,   0.000,   7.723,   0.100,   7.823
202606271006,   7.657,9999.000,9999.000,9999.000,9999.000,9999.000,9999.000,9999.000,9999.000
202606271012,   7.465,9999.000,9999.000,9999.000,9999.000,9999.000,9999.000,9999.000,9999.000
202606271018,   7.268,9999.000,9999.000,9999.000,9999.000,9999.000,9999.000,9999.000,9999.000
202606271024,   7.065,9999.000,9999.000,9999.000,9999.000,9999.000,9999.000,9999.000,9999.000
202606271030,   6.857,9999.000,9999.000,9999.000,9999.000,9999.000,9999.000,9999.000,9999.000
202606271036,   6.644,9999.000,9999.000,9999.000,9999.000,9999.000,9999.000,9999.000,9999.000
202606271042,   6.427,9999.000,9999.000,9999.000,9999.000,9999.000,9999.000,9999.000,9999.000
202606271048,   6.206,9999.000,9999.000,9999.000,9999.000,9999.000,9999.000,9999.000,9999.000
202606271054,   5.982,9999.000,9999.000,9999.000,9999.000,9999.000,9999.000,9999.000,9999.000
202606271100,   5.754,9999.000,   0.000,  -0.119,   5.635,   0.000,   5.635,   0.000,   5.635
202606271106,   5.524,9999.000,9999.000,9999.000,9999.000,9999.000,9999.000,9999.000,9999.000
202606271112,   5.293,9999.000,9999.000,9999.000,9999.000,9999.000,9999.000,9999.000,9999.000
202606271118,   5.060,9999.000,9999.000,9999.000,9999.000,9999.000,9999.000,9999.000,9999.000
202606271124,   4.826,9999.000,9999.000,9999.000,9999.000,9999.000,9999.000,9999.000,9999.000
202606271130,   4.592,9999.000,9999.000,9999.000,9999.000,9999.000,9999.000,9999.000,9999.000
202606271136,   4.359,9999.000,9999.000,9999.000,9999.000,9999.000,9999.000,9999.000,9999.000
202606271142,   4.126,9999.000,9999.000,9999.000,9999.000,9999.000,9999.000,9999.000,9999.000
202606271148,   3.894,9999.000,9999.000,9999.000,9999.000,9999.000,9999.000,9999.000,9999.000
202606271154,   3.665,9999.000,9999.000,9999.000,9999.000,9999.000,9999.000,9999.000,9999.000
202606271200,   3.438,9999.000,   0.000,  -0.119,   3.319,   0.000,   3.319,   0.000,   3.319
202606271206,   3.213,9999.000,9999.000,9999.000,9999.000,9999.000,9999.000,9999.000,9999.000
202606271212,   2.993,9999.000,9999.000,9999.000,9999.000,9999.000,9999.000,9999.000,9999.000
202606271218,   2.776,9999.000,9999.000,9999.000,9999.000,9999.000,9999.000,9999.000,9999.000
202606271224,   2.563,9999.000,9999.000,9999.000,9999.000,9999.000,9999.000,9999.000,9999.000
202606271230,   2.356,9999.000,9999.000,9999.000,9999.000,9999.000,9999.000,9999.000,9999.000
202606271236,   2.153,9999.000,9999.000,9999.000,9999.000,9999.000,9999.000,9999.000,9999.000
202606271242,   1.956,9999.000,9999.000,9999.000,9999.000,9999.000,9999.000,9999.000,9999.000
202606271248,   1.765,9999.000,9999.000,9999.000,9999.000,9999.000,9999.000,9999.000,9999.000
202606271254,   1.581,9999.000,9999.000,9999.000,9999.000,9999.000,9999.000,9999.000,9999.000
202606271300,   1.403,9999.000,   0.000,  -0.119,   1.284,  -0.100,   1.184,   0.000,   1.284
202606271306,   1.232,9999.000,9999.000,9999.000,9999.000,9999.000,9999.000,9999.000,9999.000
202606271312,   1.068,9999.000,9999.000,9999.000,9999.000,9999.000,9999.000,9999.000,9999.000
202606271318,   0.912,9999.000,9999.000,9999.000,9999.000,9999.000,9999.000,9999.000,9999.000
202606271324,   0.764,9999.000,9999.000,9999.000,9999.000,9999.000,9999.000,9999.000,9999.000
202606271330,   0.624,9999.000,9999.000,9999.000,9999.000,9999.000,9999.000,9999.000,9999.000
202606271336,   0.492,9999.000,9999.000,9999.000,9999.000,9999.000,9999.000,9999.000,9999.000
202606271342,   0.369,9999.000,9999.000,9999.000,9999.000,9999.000,9999.000,9999.000,9999.000
202606271348,   0.254,9999.000,9999.000,9999.000,9999.000,9999.000,9999.000,9999.000,9999.000
202606271354,   0.149,9999.000,9999.000,9999.000,9999.000,9999.000,9999.000,9999.000,9999.000
202606271400,   0.052,9999.000,   0.000,  -0.119,  -0.067,  -0.100,  -0.167,   0.000,  -0.067
202606271406,  -0.034,9999.000,9999.000,9999.000,9999.000,9999.000,9999.000,9999.000,9999.000
202606271412,  -0.111,9999.000,9999.000,9999.000,9999.000,9999.000,9999.000,9999.000,9999.000
202606271418,  -0.179,9999.000,9999.000,9999.000,9999.000,9999.000,9999.000,9999.000,9999.000
202606271424,  -0.237,9999.000,9999.000,9999.000,9999.000,9999.000,9999.000,9999.000,9999.000
202606271430,  -0.286,9999.000,9999.000,9999.000,9999.000,9999.000,9999.000,9999.000,9999.000
202606271436,  -0.324,9999.000,9999.000,9999.000,9999.000,9999.000,9999.000,9999.000,9999.000
202606271442,  -0.352,9999.000,9999.000,9999.000,9999.000,9999.000,9999.000,9999.000,9999.000
202606271448,  -0.371,9999.000,9999.000,9999.000,9999.000,9999.000,9999.000,9999.000,9999.000
202606271454,  -0.379,9999.000,9999.000,9999.000,9999.000,9999.000,9999.000,9999.000,9999.000
202606271500,  -0.377,9999.000,   0.000,  -0.119,  -0.496,  -0.100,  -0.596,   0.000,  -0.496
202606271506,  -0.365,9999.000,9999.000,9999.000,9999.000,9999.000,9999.000,9999.000,9999.000
202606271512,  -0.343,9999.000,9999.000,9999.000,9999.000,9999.000,9999.000,9999.000,9999.000
202606271518,  -0.311,9999.000,9999.000,9999.000,9999.000,9999.000,9999.000,9999.000,9999.000
202606271524,  -0.269,9999.000,9999.000,9999.000,9999.000,9999.000,9999.000,9999.000,9999.000
202606271530,  -0.218,9999.000,9999.000,9999.000,9999.000,9999.000,9999.000,9999.000,9999.000
202606271536,  -0.156,9999.000,9999.000,9999.000,9999.000,9999.000,9999.000,9999.000,9999.000
202606271542,  -0.086,9999.000,9999.000,9999.000,9999.000,9999.000,9999.000,9999.000,9999.000
202606271548,  -0.006,9999.000,9999.000,9999.000,9999.000,9999.000,9999.000,9999.000,9999.000
202606271554,   0.082,9999.000,9999.000,9999.000,9999.000,9999.000,9999.000,9999.000,9999.000
202606271600,   0.180,9999.000,  -0.100,  -0.119,  -0.039,  -0.100,  -0.039,   0.000,   0.061
202606271606,   0.287,9999.000,9999.000,9999.000,9999.000,9999.000,9999.000,9999.000,9999.000
202606271612,   0.402,9999.000,9999.000,9999.000,9999.000,9999.000,9999.000,9999.000,9999.000
202606271618,   0.525,9999.000,9999.000,9999.000,9999.000,9999.000,9999.000,9999.000,9999.000
202606271624,   0.655,9999.000,9999.000,9999.000,9999.000,9999.000,9999.000,9999.000,9999.000
202606271630,   0.793,9999.000,9999.000,9999.000,9999.000,9999.000,9999.000,9999.000,9999.000
202606271636,   0.938,9999.000,9999.000,9999.000,9999.000,9999.000,9999.000,9999.000,9999.000
202606271642,   1.089,9999.000,9999.000,9999.000,9999.000,9999.000,9999.000,9999.000,9999.000
202606271648,   1.246,9999.000,9999.000,9999.000,9999.000,9999.000,9999.000,9999.000,9999.000
202606271654,   1.409,9999.000,9999.000,9999.000,9999.000,9999.000,9999.000,9999.000,9999.000
202606271700,   1.578,9999.000,  -0.100,  -0.119,   1.359,  -0.100,   1.359,   0.000,   1.459
202606271706,   1.751,9999.000,9999.000,9999.000,9999.000,9999.000,9999.000,9999.000,9999.000
202606271712,   1.928,9999.000,9999.000,9999.000,9999.000,9999.000,9999.000,9999.000,9999.000
202606271718,   2.109,9999.000,9999.000,9999.000,9999.000,9999.000,9999.000,9999.000,9999.000
202606271724,   2.294,9999.000,9999.000,9999.000,9999.000,9999.000,9999.000,9999.000,9999.000
202606271730,   2.481,9999.000,9999.000,9999.000,9999.000,9999.000,9999.000,9999.000,9999.000
202606271736,   2.670,9999.000,9999.000,9999.000,9999.000,9999.000,9999.000,9999.000,9999.000
202606271742,   2.861,9999.000,9999.000,9999.000,9999.000,9999.000,9999.000,9999.000,9999.000
202606271748,   3.054,9999.000,9999.000,9999.000,9999.000,9999.000,9999.000,9999.000,9999.000
202606271754,   3.247,9999.000,9999.000,9999.000,9999.000,9999.000,9999.000,9999.000,9999.000
202606271800,   3.440,9999.000,  -0.100,  -0.119,   3.221,  -0.100,   3.221,   0.000,   3.321
202606271806,   3.633,9999.000,9999.000,9999.000,9999.000,9999.000,9999.000,9999.000,9999.000
202606271812,   3.825,9999.000,9999.000,9999.000,9999.000,9999.000,9999.000,9999.000,9999.000
202606271818,   4.015,9999.000,9999.000,9999.000,9999.000,9999.000,9999.000,9999.000,9999.000
202606271824,   4.204,9999.000,9999.000,9999.000,9999.000,9999.000,9999.000,9999.000,9999.000
202606271830,   4.391,9999.000,9999.000,9999.000,9999.000,9999.000,9999.000,9999.000,9999.000
202606271836,   4.575,9999.000,9999.000,9999.000,9999.000,9999.000,9999.000,9999.000,9999.000
202606271842,   4.756,9999.000,9999.000,9999.000,9999.000,9999.000,9999.000,9999.000,9999.000
202606271848,   4.933,9999.000,9999.000,9999.000,9999.000,9999.000,9999.000,9999.000,9999.000
202606271854,   5.106,9999.000,9999.000,9999.000,9999.000,9999.000,9999.000,9999.000,9999.000
202606271900,   5.276,9999.000,   0.000,  -0.119,   5.157,  -0.100,   5.057,   0.000,   5.157
202606271906,   5.440,9999.000,9999.000,9999.000,9999.000,9999.000,9999.000,9999.000,9999.000
202606271912,   5.600,9999.000,9999.000,9999.000,9999.000,9999.000,9999.000,9999.000,9999.000
202606271918,   5.754,9999.000,9999.000,9999.000,9999.000,9999.000,9999.000,9999.000,9999.000
202606271924,   5.903,9999.000,9999.000,9999.000,9999.000,9999.000,9999.000,9999.000,9999.000
202606271930,   6.047,9999.000,9999.000,9999.000,9999.000,9999.000,9999.000,9999.000,9999.000
202606271936,   6.184,9999.000,9999.000,9999.000,9999.000,9999.000,9999.000,9999.000,9999.000
202606271942,   6.316,9999.000,9999.000,9999.000,9999.000,9999.000,9999.000,9999.000,9999.000
202606271948,   6.441,9999.000,9999.000,9999.000,9999.000,9999.000,9999.000,9999.000,9999.000
202606271954,   6.560,9999.000,9999.000,9999.000,9999.000,9999.000,9999.000,9999.000,9999.000
202606272000,   6.672,9999.000,   0.000,  -0.119,   6.553,  -0.100,   6.453,   0.000,   6.553
202606272006,   6.778,9999.000,9999.000,9999.000,9999.000,9999.000,9999.000,9999.000,9999.000
202606272012,   6.877,9999.000,9999.000,9999.000,9999.000,9999.000,9999.000,9999.000,9999.000
202606272018,   6.970,9999.000,9999.000,9999.000,9999.000,9999.000,9999.000,9999.000,9999.000
202606272024,   7.055,9999.000,9999.000,9999.000,9999.000,9999.000,9999.000,9999.000,9999.000
202606272030,   7.134,9999.000,9999.000,9999.000,9999.000,9999.000,9999.000,9999.000,9999.000
202606272036,   7.206,9999.000,9999.000,9999.000,9999.000,9999.000,9999.000,9999.000,9999.000
202606272042,   7.271,9999.000,9999.000,9999.000,9999.000,9999.000,9999.000,9999.000,9999.000
202606272048,   7.329,9999.000,9999.000,9999.000,9999.000,9999.000,9999.000,9999.000,9999.000
202606272054,   7.379,9999.000,9999.000,9999.000,9999.000,9999.000,9999.000,9999.000,9999.000
202606272100,   7.423,9999.000,  -0.100,  -0.119,   7.204,  -0.100,   7.204,   0.000,   7.304
202606272106,   7.459,9999.000,9999.000,9999.000,9999.000,9999.000,9999.000,9999.000,9999.000
202606272112,   7.488,9999.000,9999.000,9999.000,9999.000,9999.000,9999.000,9999.000,9999.000
202606272118,   7.510,9999.000,9999.000,9999.000,9999.000,9999.000,9999.000,9999.000,9999.000
202606272124,   7.525,9999.000,9999.000,9999.000,9999.000,9999.000,9999.000,9999.000,9999.000
202606272130,   7.532,9999.000,9999.000,9999.000,9999.000,9999.000,9999.000,9999.000,9999.000
202606272136,   7.532,9999.000,9999.000,9999.000,9999.000,9999.000,9999.000,9999.000,9999.000
202606272142,   7.525,9999.000,9999.000,9999.000,9999.000,9999.000,9999.000,9999.000,9999.000
202606272148,   7.511,9999.000,9999.000,9999.000,9999.000,9999.000,9999.000,9999.000,9999.000
202606272154,   7.490,9999.000,9999.000,9999.000,9999.000,9999.000,9999.000,9999.000,9999.000
202606272200,   7.461,9999.000,   0.000,  -0.119,   7.342,  -0.100,   7.242,   0.000,   7.342
202606272206,   7.426,9999.000,9999.000,9999.000,9999.000,9999.000,9999.000,9999.000,9999.000
202606272212,   7.384,9999.000,9999.000,9999.000,9999.000,9999.000,9999.000,9999.000,9999.000
202606272218,   7.335,9999.000,9999.000,9999.000,9999.000,9999.000,9999.000,9999.000,9999.000
202606272224,   7.280,9999.000,9999.000,9999.000,9999.000,9999.000,9999.000,9999.000,9999.000
202606272230,   7.218,9999.000,9999.000,9999.000,9999.000,9999.000,9999.000,9999.000,9999.000
202606272236,   7.151,9999.000,9999.000,9999.000,9999.000,9999.000,9999.000,9999.000,9999.000
202606272242,   7.077,9999.000,9999.000,9999.000,9999.000,9999.000,9999.000,9999.000,9999.000
202606272248,   6.999,9999.000,9999.000,9999.000,9999.000,9999.000,9999.000,9999.000,9999.000
202606272254,   6.915,9999.000,9999.000,9999.000,9999.000,9999.000,9999.000,9999.000,9999.000
202606272300,   6.826,9999.000,   0.000,  -0.119,   6.707,  -0.100,   6.607,   0.000,   6.707
202606272306,   6.733,9999.000,9999.000,9999.000,9999.000,9999.000,9999.000,9999.000,9999.000
202606272312,   6.636,9999.000,9999.000,9999.000,9999.000,9999.000,9999.000,9999.000,9999.000
202606272318,   6.535,9999.000,9999.000,9999.000,9999.000,9999.000,9999.000,9999.000,9999.000
202606272324,   6.431,9999.000,9999.000,9999.000,9999.000,9999.000,9999.000,9999.000,9999.000
202606272330,   6.324,9999.000,9999.000,9999.000,9999.000,9999.000,9999.000,9999.000,9999.000
202606272336,   6.216,9999.000,9999.000,9999.000,9999.000,9999.000,9999.000,9999.000,9999.000
202606272342,   6.105,9999.000,9999.000,9999.000,9999.000,9999.000,9999.000,9999.000,9999.000
202606272348,   5.994,9999.000,9999.000,9999.000,9999.000,9999.000,9999.000,9999.000,9999.000
202606272354,   5.882,9999.000,9999.000,9999.000,9999.000,9999.000,9999.000,9999.000,9999.000
202606280000,   5.769,9999.000,   0.000,  -0.119,   5.650,  -0.100,   5.550,   0.000,   5.650
202606280006,   5.657,9999.000,9999.000,9999.000,9999.000,9999.000,9999.000,9999.000,9999.000
202606280012,   5.546,9999.000,9999.000,9999.000,9999.000,9999.000,9999.000,9999.000,9999.000
202606280018,   5.436,9999.000,9999.000,9999.000,9999.000,9999.000,9999.000,9999.000,9999.000
202606280024,   5.327,9999.000,9999.000,9999.000,9999.000,9999.000,9999.000,9999.000,9999.000
202606280030,   5.221,9999.000,9999.000,9999.000,9999.000,9999.000,9999.000,9999.000,9999.000
202606280036,   5.117,9999.000,9999.000,9999.000,9999.000,9999.000,9999.000,9999.000,9999.000
202606280042,   5.017,9999.000,9999.000,9999.000,9999.000,9999.000,9999.000,9999.000,9999.000
202606280048,   4.919,9999.000,9999.000,9999.000,9999.000,9999.000,9999.000,9999.000,9999.000
202606280054,   4.826,9999.000,9999.000,9999.000,9999.000,9999.000,9999.000,9999.000,9999.000
202606280100,   4.737,9999.000,  -0.100,  -0.119,   4.518,  -0.200,   4.418,   0.000,   4.618
202606280106,   4.652,9999.000,9999.000,9999.000,9999.000,9999.000,9999.000,9999.000,9999.000
202606280112,   4.572,9999.000,9999.000,9999.000,9999.000,9999.000,9999.000,9999.000,9999.000
202606280118,   4.496,9999.000,9999.000,9999.000,9999.000,9999.000,9999.000,9999.000,9999.000
202606280124,   4.427,9999.000,9999.000,9999.000,9999.000,9999.000,9999.000,9999.000,9999.000
202606280130,   4.362,9999.000,9999.000,9999.000,9999.000,9999.000,9999.000,9999.000,9999.000
202606280136,   4.304,9999.000,9999.000,9999.000,9999.000,9999.000,9999.000,9999.000,9999.000
202606280142,   4.252,9999.000,9999.000,9999.000,9999.000,9999.000,9999.000,9999.000,9999.000
202606280148,   4.206,9999.000,9999.000,9999.000,9999.000,9999.000,9999.000,9999.000,9999.000
202606280154,   4.166,9999.000,9999.000,9999.000,9999.000,9999.000,9999.000,9999.000,9999.000
202606280200,   4.133,9999.000,  -0.100,  -0.119,   3.914,  -0.200,   3.814,   0.000,   4.014
202606280206,   4.106,9999.000,9999.000,9999.000,9999.000,9999.000,9999.000,9999.000,9999.000
202606280212,   4.087,9999.000,9999.000,9999.000,9999.000,9999.000,9999.000,9999.000,9999.000
202606280218,   4.074,9999.000,9999.000,9999.000,9999.000,9999.000,9999.000,9999.000,9999.000
202606280224,   4.069,9999.000,9999.000,9999.000,9999.000,9999.000,9999.000,9999.000,9999.000
202606280230,   4.071,9999.000,9999.000,9999.000,9999.000,9999.000,9999.000,9999.000,9999.000
202606280236,   4.080,9999.000,9999.000,9999.000,9999.000,9999.000,9999.000,9999.000,9999.000
202606280242,   4.096,9999.000,9999.000,9999.000,9999.000,9999.000,9999.000,9999.000,9999.000
202606280248,   4.120,9999.000,9999.000,9999.000,9999.000,9999.000,9999.000,9999.000,9999.000
202606280254,   4.151,9999.000,9999.000,9999.000,9999.000,9999.000,9999.000,9999.000,9999.000
202606280300,   4.190,9999.000,  -0.100,  -0.119,   3.971,  -0.100,   3.971,   0.000,   4.071
202606280306,   4.236,9999.000,9999.000,9999.000,9999.000,9999.000,9999.000,9999.000,9999.000
202606280312,   4.289,9999.000,9999.000,9999.000,9999.000,9999.000,9999.000,9999.000,9999.000
202606280318,   4.350,9999.000,9999.000,9999.000,9999.000,9999.000,9999.000,9999.000,9999.000
202606280324,   4.418,9999.000,9999.000,9999.000,9999.000,9999.000,9999.000,9999.000,9999.000
202606280330,   4.494,9999.000,9999.000,9999.000,9999.000,9999.000,9999.000,9999.000,9999.000
202606280336,   4.576,9999.000,9999.000,9999.000,9999.000,9999.000,9999.000,9999.000,9999.000
202606280342,   4.665,9999.000,9999.000,9999.000,9999.000,9999.000,9999.000,9999.000,9999.000
202606280348,   4.761,9999.000,9999.000,9999.000,9999.000,9999.000,9999.000,9999.000,9999.000
202606280354,   4.864,9999.000,9999.000,9999.000,9999.000,9999.000,9999.000,9999.000,9999.000
202606280400,   4.973,9999.000,  -0.100,  -0.119,   4.754,  -0.100,   4.754,   0.000,   4.854
202606280406,   5.088,9999.000,9999.000,9999.000,9999.000,9999.000,9999.000,9999.000,9999.000
202606280412,   5.209,9999.000,9999.000,9999.000,9999.000,9999.000,9999.000,9999.000,9999.000
202606280418,   5.336,9999.000,9999.000,9999.000,9999.000,9999.000,9999.000,9999.000,9999.000
202606280424,   5.468,9999.000,9999.000,9999.000,9999.000,9999.000,9999.000,9999.000,9999.000
202606280430,   5.605,9999.000,9999.000,9999.000,9999.000,9999.000,9999.000,9999.000,9999.000
202606280436,   5.747,9999.000,9999.000,9999.000,9999.000,9999.000,9999.000,9999.000,9999.000
202606280442,   5.892,9999.000,9999.000,9999.000,9999.000,9999.000,9999.000,9999.000,9999.000
202606280448,   6.042,9999.000,9999.000,9999.000,9999.000,9999.000,9999.000,9999.000,9999.000
202606280454,   6.196,9999.000,9999.000,9999.000,9999.000,9999.000,9999.000,9999.000,9999.000
202606280500,   6.352,9999.000,  -0.100,  -0.119,   6.133,  -0.100,   6.133,   0.000,   6.233
202606280506,   6.511,9999.000,9999.000,9999.000,9999.000,9999.000,9999.000,9999.000,9999.000
202606280512,   6.672,9999.000,9999.000,9999.000,9999.000,9999.000,9999.000,9999.000,9999.000
202606280518,   6.835,9999.000,9999.000,9999.000,9999.000,9999.000,9999.000,9999.000,9999.000
202606280524,   7.000,9999.000,9999.000,9999.000,9999.000,9999.000,9999.000,9999.000,9999.000
202606280530,   7.165,9999.000,9999.000,9999.000,9999.000,9999.000,9999.000,9999.000,9999.000
202606280536,   7.330,9999.000,9999.000,9999.000,9999.000,9999.000,9999.000,9999.000,9999.000
202606280542,   7.495,9999.000,9999.000,9999.000,9999.000,9999.000,9999.000,9999.000,9999.000
202606280548,   7.660,9999.000,9999.000,9999.000,9999.000,9999.000,9999.000,9999.000,9999.000
202606280554,   7.823,9999.000,9999.000,9999.000,9999.000,9999.000,9999.000,9999.000,9999.000
202606280600,   7.985,9999.000,  -0.100,  -0.119,   7.766,  -0.100,   7.766,   0.000,   7.866
202606280606,   8.144,9999.000,9999.000,9999.000,9999.000,9999.000,9999.000,9999.000,9999.000
202606280612,   8.301,9999.000,9999.000,9999.000,9999.000,9999.000,9999.000,9999.000,9999.000
202606280618,   8.454,9999.000,9999.000,9999.000,9999.000,9999.000,9999.000,9999.000,9999.000
202606280624,   8.604,9999.000,9999.000,9999.000,9999.000,9999.000,9999.000,9999.000,9999.000
202606280630,   8.750,9999.000,9999.000,9999.000,9999.000,9999.000,9999.000,9999.000,9999.000
202606280636,   8.891,9999.000,9999.000,9999.000,9999.000,9999.000,9999.000,9999.000,9999.000
202606280642,   9.027,9999.000,9999.000,9999.000,9999.000,9999.000,9999.000,9999.000,9999.000
202606280648,   9.158,9999.000,9999.000,9999.000,9999.000,9999.000,9999.000,9999.000,9999.000
202606280654,   9.282,9999.000,9999.000,9999.000,9999.000,9999.000,9999.000,9999.000,9999.000
202606280700,   9.401,9999.000,   0.000,  -0.119,   9.282,  -0.100,   9.182,   0.000,   9.282
202606280706,   9.513,9999.000,9999.000,9999.000,9999.000,9999.000,9999.000,9999.000,9999.000
202606280712,   9.618,9999.000,9999.000,9999.000,9999.000,9999.000,9999.000,9999.000,9999.000
202606280718,   9.715,9999.000,9999.000,9999.000,9999.000,9999.000,9999.000,9999.000,9999.000
202606280724,   9.805,9999.000,9999.000,9999.000,9999.000,9999.000,9999.000,9999.000,9999.000
202606280730,   9.888,9999.000,9999.000,9999.000,9999.000,9999.000,9999.000,9999.000,9999.000
202606280736,   9.962,9999.000,9999.000,9999.000,9999.000,9999.000,9999.000,9999.000,9999.000
202606280742,  10.028,9999.000,9999.000,9999.000,9999.000,9999.000,9999.000,9999.000,9999.000
202606280748,  10.085,9999.000,9999.000,9999.000,9999.000,9999.000,9999.000,9999.000,9999.000
202606280754,  10.134,9999.000,9999.000,9999.000,9999.000,9999.000,9999.000,9999.000,9999.000
202606280800,  10.174,9999.000,   0.000,  -0.119,  10.055,  -0.100,   9.955,   0.000,  10.055
202606280806,  10.206,9999.000,9999.000,9999.000,9999.000,9999.000,9999.000,9999.000,9999.000
202606280812,  10.228,9999.000,9999.000,9999.000,9999.000,9999.000,9999.000,9999.000,9999.000
202606280818,  10.241,9999.000,9999.000,9999.000,9999.000,9999.000,9999.000,9999.000,9999.000
202606280824,  10.246,9999.000,9999.000,9999.000,9999.000,9999.000,9999.000,9999.000,9999.000
202606280830,  10.241,9999.000,9999.000,9999.000,9999.000,9999.000,9999.000,9999.000,9999.000
202606280836,  10.227,9999.000,9999.000,9999.000,9999.000,9999.000,9999.000,9999.000,9999.000
202606280842,  10.204,9999.000,9999.000,9999.000,9999.000,9999.000,9999.000,9999.000,9999.000
202606280848,  10.172,9999.000,9999.000,9999.000,9999.000,9999.000,9999.000,9999.000,9999.000
202606280854,  10.131,9999.000,9999.000,9999.000,9999.000,9999.000,9999.000,9999.000,9999.000
202606280900,  10.081,9999.000,  -0.100,  -0.119,   9.862,  -0.100,   9.862,   0.000,   9.962
202606280906,  10.022,9999.000,9999.000,9999.000,9999.000,9999.000,9999.000,9999.000,9999.000
202606280912,   9.954,9999.000,9999.000,9999.000,9999.000,9999.000,9999.000,9999.000,9999.000
202606280918,   9.877,9999.000,9999.000,9999.000,9999.000,9999.000,9999.000,9999.000,9999.000
202606280924,   9.792,9999.000,9999.000,9999.000,9999.000,9999.000,9999.000,9999.000,9999.000
202606280930,   9.697,9999.000,9999.000,9999.000,9999.000,9999.000,9999.000,9999.000,9999.000
202606280936,   9.594,9999.000,9999.000,9999.000,9999.000,9999.000,9999.000,9999.000,9999.000
202606280942,   9.482,9999.000,9999.000,9999.000,9999.000,9999.000,9999.000,9999.000,9999.000
202606280948,   9.361,9999.000,9999.000,9999.000,9999.000,9999.000,9999.000,9999.000,9999.000
202606280954,   9.232,9999.000,9999.000,9999.000,9999.000,9999.000,9999.000,9999.000,9999.000
202606281000,   9.095,9999.000,  -0.100,  -0.119,   8.876,  -0.200,   8.776,   0.000,   8.976
202606281006,   8.949,9999.000,9999.000,9999.000,9999.000,9999.000,9999.000,9999.000,9999.000
202606281012,   8.796,9999.000,9999.000,9999.000,9999.000,9999.000,9999.000,9999.000,9999.000
202606281018,   8.634,9999.000,9999.000,9999.000,9999.000,9999.000,9999.000,9999.000,9999.000
202606281024,   8.464,9999.000,9999.000,9999.000,9999.000,9999.000,9999.000,9999.000,9999.000
202606281030,   8.287,9999.000,9999.000,9999.000,9999.000,9999.000,9999.000,9999.000,9999.000
202606281036,   8.103,9999.000,9999.000,9999.000,9999.000,9999.000,9999.000,9999.000,9999.000
202606281042,   7.911,9999.000,9999.000,9999.000,9999.000,9999.000,9999.000,9999.000,9999.000
202606281048,   7.713,9999.000,9999.000,9999.000,9999.000,9999.000,9999.000,9999.000,9999.000
202606281054,   7.508,9999.000,9999.000,9999.000,9999.000,9999.000,9999.000,9999.000,9999.000
202606281100,   7.297,9999.000,  -0.100,  -0.119,   7.078,  -0.200,   6.978,   0.000,   7.178
202606281106,   7.080,9999.000,9999.000,9999.000,9999.000,9999.000,9999.000,9999.000,9999.000
202606281112,   6.857,9999.000,9999.000,9999.000,9999.000,9999.000,9999.000,9999.000,9999.000
202606281118,   6.630,9999.000,9999.000,9999.000,9999.000,9999.000,9999.000,9999.000,9999.000
202606281124,   6.398,9999.000,9999.000,9999.000,9999.000,9999.000,9999.000,9999.000,9999.000
202606281130,   6.162,9999.000,9999.000,9999.000,9999.000,9999.000,9999.000,9999.000,9999.000
202606281136,   5.922,9999.000,9999.000,9999.000,9999.000,9999.000,9999.000,9999.000,9999.000
202606281142,   5.679,9999.000,9999.000,9999.000,9999.000,9999.000,9999.000,9999.000,9999.000
202606281148,   5.434,9999.000,9999.000,9999.000,9999.000,9999.000,9999.000,9999.000,9999.000
202606281154,   5.187,9999.000,9999.000,9999.000,9999.000,9999.000,9999.000,9999.000,9999.000
202606281200,   4.939,9999.000,  -0.100,  -0.119,   4.720,  -0.200,   4.620,  -0.100,   4.720
202606281206,   4.689,9999.000,9999.000,9999.000,9999.000,9999.000,9999.000,9999.000,9999.000
202606281212,   4.440,9999.000,9999.000,9999.000,9999.000,9999.000,9999.000,9999.000,9999.000
202606281218,   4.191,9999.000,9999.000,9999.000,9999.000,9999.000,9999.000,9999.000,9999.000
202606281224,   3.943,9999.000,9999.000,9999.000,9999.000,9999.000,9999.000,9999.000,9999.000
202606281230,   3.696,9999.000,9999.000,9999.000,9999.000,9999.000,9999.000,9999.000,9999.000
202606281236,   3.452,9999.000,9999.000,9999.000,9999.000,9999.000,9999.000,9999.000,9999.000
202606281242,   3.210,9999.000,9999.000,9999.000,9999.000,9999.000,9999.000,9999.000,9999.000
202606281248,   2.972,9999.000,9999.000,9999.000,9999.000,9999.000,9999.000,9999.000,9999.000
202606281254,   2.737,9999.000,9999.000,9999.000,9999.000,9999.000,9999.000,9999.000,9999.000
202606281300,   2.507,9999.000,  -0.200,  -0.119,   2.188,  -0.300,   2.088,  -0.100,   2.288
202606281306,   2.281,9999.000,9999.000,9999.000,9999.000,9999.000,9999.000,9999.000,9999.000
202606281312,   2.061,9999.000,9999.000,9999.000,9999.000,9999.000,9999.000,9999.000,9999.000
202606281318,   1.846,9999.000,9999.000,9999.000,9999.000,9999.000,9999.000,9999.000,9999.000
202606281324,   1.638,9999.000,9999.000,9999.000,9999.000,9999.000,9999.000,9999.000,9999.000
202606281330,   1.436,9999.000,9999.000,9999.000,9999.000,9999.000,9999.000,9999.000,9999.000
202606281336,   1.241,9999.000,9999.000,9999.000,9999.000,9999.000,9999.000,9999.000,9999.000
202606281342,   1.054,9999.000,9999.000,9999.000,9999.000,9999.000,9999.000,9999.000,9999.000
202606281348,   0.874,9999.000,9999.000,9999.000,9999.000,9999.000,9999.000,9999.000,9999.000
202606281354,   0.703,9999.000,9999.000,9999.000,9999.000,9999.000,9999.000,9999.000,9999.000
202606281400,   0.540,9999.000,  -0.300,  -0.119,   0.121,  -0.400,   0.021,  -0.200,   0.221
202606281406,   0.385,9999.000,9999.000,9999.000,9999.000,9999.000,9999.000,9999.000,9999.000
202606281412,   0.240,9999.000,9999.000,9999.000,9999.000,9999.000,9999.000,9999.000,9999.000
202606281418,   0.103,9999.000,9999.000,9999.000,9999.000,9999.000,9999.000,9999.000,9999.000
202606281424,  -0.023,9999.000,9999.000,9999.000,9999.000,9999.000,9999.000,9999.000,9999.000
202606281430,  -0.140,9999.000,9999.000,9999.000,9999.000,9999.000,9999.000,9999.000,9999.000
202606281436,  -0.247,9999.000,9999.000,9999.000,9999.000,9999.000,9999.000,9999.000,9999.000
202606281442,  -0.344,9999.000,9999.000,9999.000,9999.000,9999.000,9999.000,9999.000,9999.000
202606281448,  -0.431,9999.000,9999.000,9999.000,9999.000,9999.000,9999.000,9999.000,9999.000
202606281454,  -0.508,9999.000,9999.000,9999.000,9999.000,9999.000,9999.000,9999.000,9999.000
202606281500,  -0.573,9999.000,  -0.300,  -0.119,  -0.992,  -0.400,  -1.092,  -0.200,  -0.892
202606281506,  -0.629,9999.000,9999.000,9999.000,9999.000,9999.000,9999.000,9999.000,9999.000
202606281512,  -0.673,9999.000,9999.000,9999.000,9999.000,9999.000,9999.000,9999.000,9999.000
202606281518,  -0.707,9999.000,9999.000,9999.000,9999.000,9999.000,9999.000,9999.000,9999.000
202606281524,  -0.729,9999.000,9999.000,9999.000,9999.000,9999.000,9999.000,9999.000,9999.000
202606281530,  -0.741,9999.000,9999.000,9999.000,9999.000,9999.000,9999.000,9999.000,9999.000
202606281536,  -0.742,9999.000,9999.000,9999.000,9999.000,9999.000,9999.000,9999.000,9999.000
202606281542,  -0.732,9999.000,9999.000,9999.000,9999.000,9999.000,9999.000,9999.000,9999.000
202606281548,  -0.711,9999.000,9999.000,9999.000,9999.000,9999.000,9999.000,9999.000,9999.000
202606281554,  -0.679,9999.000,9999.000,9999.000,9999.000,9999.000,9999.000,9999.000,9999.000
202606281600,  -0.636,9999.000,  -0.400,  -0.119,  -1.155,  -0.500,  -1.255,  -0.300,  -1.055
202606281606,  -0.583,9999.000,9999.000,9999.000,9999.000,9999.000,9999.000,9999.000,9999.000
202606281612,  -0.519,9999.000,9999.000,9999.000,9999.000,9999.000,9999.000,9999.000,9999.000
202606281618,  -0.445,9999.000,9999.000,9999.000,9999.000,9999.000,9999.000,9999.000,9999.000
202606281624,  -0.361,9999.000,9999.000,9999.000,9999.000,9999.000,9999.000,9999.000,9999.000
202606281630,  -0.267,9999.000,9999.000,9999.000,9999.000,9999.000,9999.000,9999.000,9999.000
202606281636,  -0.164,9999.000,9999.000,9999.000,9999.000,9999.000,9999.000,9999.000,9999.000
202606281642,  -0.051,9999.000,9999.000,9999.000,9999.000,9999.000,9999.000,9999.000,9999.000
202606281648,   0.070,9999.000,9999.000,9999.000,9999.000,9999.000,9999.000,9999.000,9999.000
202606281654,   0.201,9999.000,9999.000,9999.000,9999.000,9999.000,9999.000,9999.000,9999.000
202606281700,   0.339,9999.000,  -0.400,  -0.119,  -0.180,  -0.500,  -0.280,  -0.300,  -0.080
202606281706,   0.486,9999.000,9999.000,9999.000,9999.000,9999.000,9999.000,9999.000,9999.000
202606281712,   0.641,9999.000,9999.000,9999.000,9999.000,9999.000,9999.000,9999.000,9999.000
202606281718,   0.802,9999.000,9999.000,9999.000,9999.000,9999.000,9999.000,9999.000,9999.000
202606281724,   0.970,9999.000,9999.000,9999.000,9999.000,9999.000,9999.000,9999.000,9999.000
202606281730,   1.144,9999.000,9999.000,9999.000,9999.000,9999.000,9999.000,9999.000,9999.000
202606281736,   1.324,9999.000,9999.000,9999.000,9999.000,9999.000,9999.000,9999.000,9999.000
202606281742,   1.510,9999.000,9999.000,9999.000,9999.000,9999.000,9999.000,9999.000,9999.000
202606281748,   1.700,9999.000,9999.000,9999.000,9999.000,9999.000,9999.000,9999.000,9999.000
202606281754,   1.894,9999.000,9999.000,9999.000,9999.000,9999.000,9999.000,9999.000,9999.000
202606281800,   2.092,9999.000,  -0.500,  -0.119,   1.473,  -0.600,   1.373,  -0.300,   1.673
202606281806,   2.293,9999.000,9999.000,9999.000,9999.000,9999.000,9999.000,9999.000,9999.000
202606281812,   2.497,9999.000,9999.000,9999.000,9999.000,9999.000,9999.000,9999.000,9999.000
202606281818,   2.703,9999.000,9999.000,9999.000,9999.000,9999.000,9999.000,9999.000,9999.000
202606281824,   2.910,9999.000,9999.000,9999.000,9999.000,9999.000,9999.000,9999.000,9999.000
202606281830,   3.119,9999.000,9999.000,9999.000,9999.000,9999.000,9999.000,9999.000,9999.000
202606281836,   3.328,9999.000,9999.000,9999.000,9999.000,9999.000,9999.000,9999.000,9999.000
202606281842,   3.537,9999.000,9999.000,9999.000,9999.000,9999.000,9999.000,9999.000,9999.000
202606281848,   3.745,9999.000,9999.000,9999.000,9999.000,9999.000,9999.000,9999.000,9999.000
202606281854,   3.953,9999.000,9999.000,9999.000,9999.000,9999.000,9999.000,9999.000,9999.000
202606281900,   4.158,9999.000,  -0.400,  -0.119,   3.639,  -0.500,   3.539,  -0.300,   3.739
202606281906,   4.362,9999.000,9999.000,9999.000,9999.000,9999.000,9999.000,9999.000,9999.000
202606281912,   4.563,9999.000,9999.000,9999.000,9999.000,9999.000,9999.000,9999.000,9999.000
202606281918,   4.761,9999.000,9999.000,9999.000,9999.000,9999.000,9999.000,9999.000,9999.000
202606281924,   4.956,9999.000,9999.000,9999.000,9999.000,9999.000,9999.000,9999.000,9999.000
202606281930,   5.146,9999.000,9999.000,9999.000,9999.000,9999.000,9999.000,9999.000,9999.000
202606281936,   5.333,9999.000,9999.000,9999.000,9999.000,9999.000,9999.000,9999.000,9999.000
202606281942,   5.514,9999.000,9999.000,9999.000,9999.000,9999.000,9999.000,9999.000,9999.000
202606281948,   5.691,9999.000,9999.000,9999.000,9999.000,9999.000,9999.000,9999.000,9999.000
202606281954,   5.862,9999.000,9999.000,9999.000,9999.000,9999.000,9999.000,9999.000,9999.000
202606282000,   6.027,9999.000,  -0.400,  -0.119,   5.508,  -0.500,   5.408,  -0.300,   5.608
202606282006,   6.186,9999.000,9999.000,9999.000,9999.000,9999.000,9999.000,9999.000,9999.000
202606282012,   6.339,9999.000,9999.000,9999.000,9999.000,9999.000,9999.000,9999.000,9999.000
202606282018,   6.486,9999.000,9999.000,9999.000,9999.000,9999.000,9999.000,9999.000,9999.000
202606282024,   6.625,9999.000,9999.000,9999.000,9999.000,9999.000,9999.000,9999.000,9999.000
202606282030,   6.758,9999.000,9999.000,9999.000,9999.000,9999.000,9999.000,9999.000,9999.000
202606282036,   6.884,9999.000,9999.000,9999.000,9999.000,9999.000,9999.000,9999.000,9999.000
202606282042,   7.002,9999.000,9999.000,9999.000,9999.000,9999.000,9999.000,9999.000,9999.000
202606282048,   7.113,9999.000,9999.000,9999.000,9999.000,9999.000,9999.000,9999.000,9999.000
202606282054,   7.217,9999.000,9999.000,9999.000,9999.000,9999.000,9999.000,9999.000,9999.000
202606282100,   7.313,9999.000,  -0.400,  -0.119,   6.794,  -0.500,   6.694,  -0.300,   6.894
202606282106,   7.401,9999.000,9999.000,9999.000,9999.000,9999.000,9999.000,9999.000,9999.000
202606282112,   7.482,9999.000,9999.000,9999.000,9999.000,9999.000,9999.000,9999.000,9999.000
202606282118,   7.555,9999.000,9999.000,9999.000,9999.000,9999.000,9999.000,9999.000,9999.000
202606282124,   7.620,9999.000,9999.000,9999.000,9999.000,9999.000,9999.000,9999.000,9999.000
202606282130,   7.677,9999.000,9999.000,9999.000,9999.000,9999.000,9999.000,9999.000,9999.000
202606282136,   7.726,9999.000,9999.000,9999.000,9999.000,9999.000,9999.000,9999.000,9999.000
202606282142,   7.767,9999.000,9999.000,9999.000,9999.000,9999.000,9999.000,9999.000,9999.000
202606282148,   7.801,9999.000,9999.000,9999.000,9999.000,9999.000,9999.000,9999.000,9999.000
202606282154,   7.826,9999.000,9999.000,9999.000,9999.000,9999.000,9999.000,9999.000,9999.000
202606282200,   7.843,9999.000,  -0.400,  -0.119,   7.324,  -0.500,   7.224,  -0.300,   7.424
202606282206,   7.853,9999.000,9999.000,9999.000,9999.000,9999.000,9999.000,9999.000,9999.000
202606282212,   7.855,9999.000,9999.000,9999.000,9999.000,9999.000,9999.000,9999.000,9999.000
202606282218,   7.848,9999.000,9999.000,9999.000,9999.000,9999.000,9999.000,9999.000,9999.000
202606282224,   7.835,9999.000,9999.000,9999.000,9999.000,9999.000,9999.000,9999.000,9999.000
202606282230,   7.813,9999.000,9999.000,9999.000,9999.000,9999.000,9999.000,9999.000,9999.000
202606282236,   7.783,9999.000,9999.000,9999.000,9999.000,9999.000,9999.000,9999.000,9999.000
202606282242,   7.747,9999.000,9999.000,9999.000,9999.000,9999.000,9999.000,9999.000,9999.000
202606282248,   7.702,9999.000,9999.000,9999.000,9999.000,9999.000,9999.000,9999.000,9999.000
202606282254,   7.651,9999.000,9999.000,9999.000,9999.000,9999.000,9999.000,9999.000,9999.000
202606282300,   7.592,9999.000,  -0.400,  -0.119,   7.073,  -0.500,   6.973,  -0.200,   7.273
202606282306,   7.527,9999.000,9999.000,9999.000,9999.000,9999.000,9999.000,9999.000,9999.000
202606282312,   7.454,9999.000,9999.000,9999.000,9999.000,9999.000,9999.000,9999.000,9999.000
202606282318,   7.376,9999.000,9999.000,9999.000,9999.000,9999.000,9999.000,9999.000,9999.000
202606282324,   7.291,9999.000,9999.000,9999.000,9999.000,9999.000,9999.000,9999.000,9999.000
202606282330,   7.201,9999.000,9999.000,9999.000,9999.000,9999.000,9999.000,9999.000,9999.000
202606282336,   7.105,9999.000,9999.000,9999.000,9999.000,9999.000,9999.000,9999.000,9999.000
202606282342,   7.004,9999.000,9999.000,9999.000,9999.000,9999.000,9999.000,9999.000,9999.000
202606282348,   6.899,9999.000,9999.000,9999.000,9999.000,9999.000,9999.000,9999.000,9999.000
202606282354,   6.789,9999.000,9999.000,9999.000,9999.000,9999.000,9999.000,9999.000,9999.000
202606290000,   6.676,9999.000,  -0.400,  -0.119,   6.157,  -0.500,   6.057,  -0.200,   6.357
202606290006,   6.559,9999.000,9999.000,9999.000,9999.000,9999.000,9999.000,9999.000,9999.000
202606290012,   6.439,9999.000,9999.000,9999.000,9999.000,9999.000,9999.000,9999.000,9999.000
202606290018,   6.317,9999.000,9999.000,9999.000,9999.000,9999.000,9999.000,9999.000,9999.000
202606290024,   6.194,9999.000,9999.000,9999.000,9999.000,9999.000,9999.000,9999.000,9999.000
202606290030,   6.069,9999.000,9999.000,9999.000,9999.000,9999.000,9999.000,9999.000,9999.000
202606290036,   5.943,9999.000,9999.000,9999.000,9999.000,9999.000,9999.000,9999.000,9999.000
202606290042,   5.818,9999.000,9999.000,9999.000,9999.000,9999.000,9999.000,9999.000,9999.000
202606290048,   5.692,9999.000,9999.000,9999.000,9999.000,9999.000,9999.000,9999.000,9999.000
202606290054,   5.568,9999.000,9999.000,9999.000,9999.000,9999.000,9999.000,9999.000,9999.000
202606290100,   5.445,9999.000,  -0.400,  -0.119,   4.926,  -0.500,   4.826,  -0.300,   5.026
202606290106,   5.324,9999.000,9999.000,9999.000,9999.000,9999.000,9999.000,9999.000,9999.000
202606290112,   5.205,9999.000,9999.000,9999.000,9999.000,9999.000,9999.000,9999.000,9999.000
202606290118,   5.089,9999.000,9999.000,9999.000,9999.000,9999.000,9999.000,9999.000,9999.000
202606290124,   4.976,9999.000,9999.000,9999.000,9999.000,9999.000,9999.000,9999.000,9999.000
202606290130,   4.868,9999.000,9999.000,9999.000,9999.000,9999.000,9999.000,9999.000,9999.000
202606290136,   4.763,9999.000,9999.000,9999.000,9999.000,9999.000,9999.000,9999.000,9999.000
202606290142,   4.663,9999.000,9999.000,9999.000,9999.000,9999.000,9999.000,9999.000,9999.000
202606290148,   4.568,9999.000,9999.000,9999.000,9999.000,9999.000,9999.000,9999.000,9999.000
202606290154,   4.479,9999.000,9999.000,9999.000,9999.000,9999.000,9999.000,9999.000,9999.000
202606290200,   4.395,9999.000,  -0.400,  -0.119,   3.876,  -0.500,   3.776,  -0.300,   3.976
202606290206,   4.317,9999.000,9999.000,9999.000,9999.000,9999.000,9999.000,9999.000,9999.000
202606290212,   4.245,9999.000,9999.000,9999.000,9999.000,9999.000,9999.000,9999.000,9999.000
202606290218,   4.180,9999.000,9999.000,9999.000,9999.000,9999.000,9999.000,9999.000,9999.000
202606290224,   4.121,9999.000,9999.000,9999.000,9999.000,9999.000,9999.000,9999.000,9999.000
202606290230,   4.070,9999.000,9999.000,9999.000,9999.000,9999.000,9999.000,9999.000,9999.000
202606290236,   4.025,9999.000,9999.000,9999.000,9999.000,9999.000,9999.000,9999.000,9999.000
202606290242,   3.989,9999.000,9999.000,9999.000,9999.000,9999.000,9999.000,9999.000,9999.000
202606290248,   3.959,9999.000,9999.000,9999.000,9999.000,9999.000,9999.000,9999.000,9999.000
202606290254,   3.938,9999.000,9999.000,9999.000,9999.000,9999.000,9999.000,9999.000,9999.000
202606290300,   3.924,9999.000,  -0.400,  -0.119,   3.405,  -0.500,   3.305,  -0.300,   3.505
202606290306,   3.918,9999.000,9999.000,9999.000,9999.000,9999.000,9999.000,9999.000,9999.000
202606290312,   3.920,9999.000,9999.000,9999.000,9999.000,9999.000,9999.000,9999.000,9999.000
202606290318,   3.931,9999.000,9999.000,9999.000,9999.000,9999.000,9999.000,9999.000,9999.000
202606290324,   3.949,9999.000,9999.000,9999.000,9999.000,9999.000,9999.000,9999.000,9999.000
202606290330,   3.976,9999.000,9999.000,9999.000,9999.000,9999.000,9999.000,9999.000,9999.000
202606290336,   4.011,9999.000,9999.000,9999.000,9999.000,9999.000,9999.000,9999.000,9999.000
202606290342,   4.054,9999.000,9999.000,9999.000,9999.000,9999.000,9999.000,9999.000,9999.000
202606290348,   4.105,9999.000,9999.000,9999.000,9999.000,9999.000,9999.000,9999.000,9999.000
202606290354,   4.164,9999.000,9999.000,9999.000,9999.000,9999.000,9999.000,9999.000,9999.000
202606290400,   4.231,9999.000,  -0.400,  -0.119,   3.712,  -0.600,   3.512,  -0.300,   3.812
202606290406,   4.306,9999.000,9999.000,9999.000,9999.000,9999.000,9999.000,9999.000,9999.000
202606290412,   4.389,9999.000,9999.000,9999.000,9999.000,9999.000,9999.000,9999.000,9999.000
202606290418,   4.479,9999.000,9999.000,9999.000,9999.000,9999.000,9999.000,9999.000,9999.000
202606290424,   4.577,9999.000,9999.000,9999.000,9999.000,9999.000,9999.000,9999.000,9999.000
202606290430,   4.682,9999.000,9999.000,9999.000,9999.000,9999.000,9999.000,9999.000,9999.000
202606290436,   4.794,9999.000,9999.000,9999.000,9999.000,9999.000,9999.000,9999.000,9999.000
202606290442,   4.913,9999.000,9999.000,9999.000,9999.000,9999.000,9999.000,9999.000,9999.000
202606290448,   5.038,9999.000,9999.000,9999.000,9999.000,9999.000,9999.000,9999.000,9999.000
202606290454,   5.170,9999.000,9999.000,9999.000,9999.000,9999.000,9999.000,9999.000,9999.000
202606290500,   5.307,9999.000,  -0.500,  -0.119,   4.688,  -0.600,   4.588,  -0.400,   4.788
202606290506,   5.449,9999.000,9999.000,9999.000,9999.000,9999.000,9999.000,9999.000,9999.000
202606290512,   5.597,9999.000,9999.000,9999.000,9999.000,9999.000,9999.000,9999.000,9999.000
202606290518,   5.749,9999.000,9999.000,9999.000,9999.000,9999.000,9999.000,9999.000,9999.000
202606290524,   5.906,9999.000,9999.000,9999.000,9999.000,9999.000,9999.000,9999.000,9999.000
202606290530,   6.067,9999.000,9999.000,9999.000,9999.000,9999.000,9999.000,9999.000,9999.000
202606290536,   6.231,9999.000,9999.000,9999.000,9999.000,9999.000,9999.000,9999.000,9999.000
202606290542,   6.398,9999.000,9999.000,9999.000,9999.000,9999.000,9999.000,9999.000,9999.000
202606290548,   6.568,9999.000,9999.000,9999.000,9999.000,9999.000,9999.000,9999.000,9999.000
202606290554,   6.739,9999.000,9999.000,9999.000,9999.000,9999.000,9999.000,9999.000,9999.000
202606290600,   6.913,9999.000,  -0.500,  -0.119,   6.294,  -0.600,   6.194,  -0.400,   6.394
202606290606,   7.087,9999.000,9999.000,9999.000,9999.000,9999.000,9999.000,9999.000,9999.000
202606290612,   7.262,9999.000,9999.000,9999.000,9999.000,9999.000,9999.000,9999.000,9999.000
202606290618,   7.437,9999.000,9999.000,9999.000,9999.000,9999.000,9999.000,9999.000,9999.000
202606290624,   7.612,9999.000,9999.000,9999.000,9999.000,9999.000,9999.000,9999.000,9999.000
202606290630,   7.785,9999.000,9999.000,9999.000,9999.000,9999.000,9999.000,9999.000,9999.000
202606290636,   7.957,9999.000,9999.000,9999.000,9999.000,9999.000,9999.000,9999.000,9999.000
202606290642,   8.128,9999.000,9999.000,9999.000,9999.000,9999.000,9999.000,9999.000,9999.000
202606290648,   8.295,9999.000,9999.000,9999.000,9999.000,9999.000,9999.000,9999.000,9999.000
202606290654,   8.460,9999.000,9999.000,9999.000,9999.000,9999.000,9999.000,9999.000,9999.000
202606290700,   8.621,9999.000,  -0.500,  -0.119,   8.002,  -0.600,   7.902,  -0.300,   8.202
202606290706,   8.779,9999.000,9999.000,9999.000,9999.000,9999.000,9999.000,9999.000,9999.000
202606290712,   8.931,9999.000,9999.000,9999.000,9999.000,9999.000,9999.000,9999.000,9999.000
202606290718,   9.079,9999.000,9999.000,9999.000,9999.000,9999.000,9999.000,9999.000,9999.000
202606290724,   9.222,9999.000,9999.000,9999.000,9999.000,9999.000,9999.000,9999.000,9999.000
202606290730,   9.358,9999.000,9999.000,9999.000,9999.000,9999.000,9999.000,9999.000,9999.000
202606290736,   9.489,9999.000,9999.000,9999.000,9999.000,9999.000,9999.000,9999.000,9999.000
202606290742,   9.612,9999.000,9999.000,9999.000,9999.000,9999.000,9999.000,9999.000,9999.000
202606290748,   9.729,9999.000,9999.000,9999.000,9999.000,9999.000,9999.000,9999.000,9999.000
202606290754,   9.838,9999.000,9999.000,9999.000,9999.000,9999.000,9999.000,9999.000,9999.000
202606290800,   9.940,9999.000,  -0.500,  -0.119,   9.321,  -0.600,   9.221,  -0.400,   9.421
202606290806,  10.033,9999.000,9999.000,9999.000,9999.000,9999.000,9999.000,9999.000,9999.000
202606290812,  10.118,9999.000,9999.000,9999.000,9999.000,9999.000,9999.000,9999.000,9999.000
202606290818,  10.194,9999.000,9999.000,9999.000,9999.000,9999.000,9999.000,9999.000,9999.000
202606290824,  10.262,9999.000,9999.000,9999.000,9999.000,9999.000,9999.000,9999.000,9999.000
202606290830,  10.320,9999.000,9999.000,9999.000,9999.000,9999.000,9999.000,9999.000,9999.000
202606290836,  10.369,9999.000,9999.000,9999.000,9999.000,9999.000,9999.000,9999.000,9999.000
202606290842,  10.409,9999.000,9999.000,9999.000,9999.000,9999.000,9999.000,9999.000,9999.000
202606290848,  10.439,9999.000,9999.000,9999.000,9999.000,9999.000,9999.000,9999.000,9999.000
202606290854,  10.459,9999.000,9999.000,9999.000,9999.000,9999.000,9999.000,9999.000,9999.000
202606290900,  10.470,9999.000,  -0.500,  -0.119,   9.851,  -0.600,   9.751,  -0.400,   9.951
202606290906,  10.471,9999.000,9999.000,9999.000,9999.000,9999.000,9999.000,9999.000,9999.000
202606290912,  10.462,9999.000,9999.000,9999.000,9999.000,9999.000,9999.000,9999.000,9999.000
202606290918,  10.443,9999.000,9999.000,9999.000,9999.000,9999.000,9999.000,9999.000,9999.000
202606290924,  10.414,9999.000,9999.000,9999.000,9999.000,9999.000,9999.000,9999.000,9999.000
202606290930,  10.375,9999.000,9999.000,9999.000,9999.000,9999.000,9999.000,9999.000,9999.000
202606290936,  10.327,9999.000,9999.000,9999.000,9999.000,9999.000,9999.000,9999.000,9999.000
202606290942,  10.268,9999.000,9999.000,9999.000,9999.000,9999.000,9999.000,9999.000,9999.000
202606290948,  10.200,9999.000,9999.000,9999.000,9999.000,9999.000,9999.000,9999.000,9999.000
202606290954,  10.123,9999.000,9999.000,9999.000,9999.000,9999.000,9999.000,9999.000,9999.000
202606291000,  10.035,9999.000,  -0.600,  -0.119,   9.316,  -0.700,   9.216,  -0.500,   9.416
202606291006,   9.939,9999.000,9999.000,9999.000,9999.000,9999.000,9999.000,9999.000,9999.000
202606291012,   9.833,9999.000,9999.000,9999.000,9999.000,9999.000,9999.000,9999.000,9999.000
202606291018,   9.717,9999.000,9999.000,9999.000,9999.000,9999.000,9999.000,9999.000,9999.000
202606291024,   9.593,9999.000,9999.000,9999.000,9999.000,9999.000,9999.000,9999.000,9999.000
202606291030,   9.459,9999.000,9999.000,9999.000,9999.000,9999.000,9999.000,9999.000,9999.000
202606291036,   9.317,9999.000,9999.000,9999.000,9999.000,9999.000,9999.000,9999.000,9999.000
202606291042,   9.166,9999.000,9999.000,9999.000,9999.000,9999.000,9999.000,9999.000,9999.000
202606291048,   9.006,9999.000,9999.000,9999.000,9999.000,9999.000,9999.000,9999.000,9999.000
202606291054,   8.838,9999.000,9999.000,9999.000,9999.000,9999.000,9999.000,9999.000,9999.000
202606291100,   8.662,9999.000,  -0.600,  -0.119,   7.943,  -0.700,   7.843,  -0.400,   8.143
202606291106,   8.477,9999.000,9999.000,9999.000,9999.000,9999.000,9999.000,9999.000,9999.000
202606291112,   8.286,9999.000,9999.000,9999.000,9999.000,9999.000,9999.000,9999.000,9999.000
202606291118,   8.086,9999.000,9999.000,9999.000,9999.000,9999.000,9999.000,9999.000,9999.000
202606291124,   7.880,9999.000,9999.000,9999.000,9999.000,9999.000,9999.000,9999.000,9999.000
202606291130,   7.666,9999.000,9999.000,9999.000,9999.000,9999.000,9999.000,9999.000,9999.000
202606291136,   7.446,9999.000,9999.000,9999.000,9999.000,9999.000,9999.000,9999.000,9999.000
202606291142,   7.220,9999.000,9999.000,9999.000,9999.000,9999.000,9999.000,9999.000,9999.000
202606291148,   6.988,9999.000,9999.000,9999.000,9999.000,9999.000,9999.000,9999.000,9999.000
202606291154,   6.751,9999.000,9999.000,9999.000,9999.000,9999.000,9999.000,9999.000,9999.000
202606291200,   6.509,9999.000,  -0.600,  -0.119,   5.790,  -0.700,   5.690,  -0.500,   5.890
202606291206,   6.262,9999.000,9999.000,9999.000,9999.000,9999.000,9999.000,9999.000,9999.000
202606291212,   6.012,9999.000,9999.000,9999.000,9999.000,9999.000,9999.000,9999.000,9999.000
202606291218,   5.758,9999.000,9999.000,9999.000,9999.000,9999.000,9999.000,9999.000,9999.000
202606291224,   5.501,9999.000,9999.000,9999.000,9999.000,9999.000,9999.000,9999.000,9999.000
202606291230,   5.241,9999.000,9999.000,9999.000,9999.000,9999.000,9999.000,9999.000,9999.000
202606291236,   4.981,9999.000,9999.000,9999.000,9999.000,9999.000,9999.000,9999.000,9999.000
202606291242,   4.718,9999.000,9999.000,9999.000,9999.000,9999.000,9999.000,9999.000,9999.000
202606291248,   4.456,9999.000,9999.000,9999.000,9999.000,9999.000,9999.000,9999.000,9999.000
202606291254,   4.193,9999.000,9999.000,9999.000,9999.000,9999.000,9999.000,9999.000,9999.000
202606291300,   3.932,9999.000,  -0.600,  -0.119,   3.213,  -0.700,   3.113,  -0.500,   3.313
202606291306,   3.671,9999.000,9999.000,9999.000,9999.000,9999.000,9999.000,9999.000,9999.000
202606291312,   3.413,9999.000,9999.000,9999.000,9999.000,9999.000,9999.000,9999.000,9999.000
202606291318,   3.157,9999.000,9999.000,9999.000,9999.000,9999.000,9999.000,9999.000,9999.000
202606291324,   2.904,9999.000,9999.000,9999.000,9999.000,9999.000,9999.000,9999.000,9999.000
202606291330,   2.655,9999.000,9999.000,9999.000,9999.000,9999.000,9999.000,9999.000,9999.000
202606291336,   2.410,9999.000,9999.000,9999.000,9999.000,9999.000,9999.000,9999.000,9999.000
202606291342,   2.170,9999.000,9999.000,9999.000,9999.000,9999.000,9999.000,9999.000,9999.000
202606291348,   1.936,9999.000,9999.000,9999.000,9999.000,9999.000,9999.000,9999.000,9999.000
202606291354,   1.707,9999.000,9999.000,9999.000,9999.000,9999.000,9999.000,9999.000,9999.000
202606291400,   1.485,9999.000,  -0.600,  -0.119,   0.766,  -0.800,   0.566,  -0.500,   0.866
202606291406,   1.270,9999.000,9999.000,9999.000,9999.000,9999.000,9999.000,9999.000,9999.000
202606291412,   1.063,9999.000,9999.000,9999.000,9999.000,9999.000,9999.000,9999.000,9999.000
202606291418,   0.863,9999.000,9999.000,9999.000,9999.000,9999.000,9999.000,9999.000,9999.000
202606291424,   0.672,9999.000,9999.000,9999.000,9999.000,9999.000,9999.000,9999.000,9999.000
202606291430,   0.489,9999.000,9999.000,9999.000,9999.000,9999.000,9999.000,9999.000,9999.000
202606291436,   0.315,9999.000,9999.000,9999.000,9999.000,9999.000,9999.000,9999.000,9999.000
202606291442,   0.151,9999.000,9999.000,9999.000,9999.000,9999.000,9999.000,9999.000,9999.000
202606291448,  -0.003,9999.000,9999.000,9999.000,9999.000,9999.000,9999.000,9999.000,9999.000
202606291454,  -0.147,9999.000,9999.000,9999.000,9999.000,9999.000,9999.000,9999.000,9999.000
202606291500,  -0.282,9999.000,  -0.600,  -0.119,  -1.001,  -0.800,  -1.201,  -0.500,  -0.901
202606291506,  -0.406,9999.000,9999.000,9999.000,9999.000,9999.000,9999.000,9999.000,9999.000
202606291512,  -0.519,9999.000,9999.000,9999.000,9999.000,9999.000,9999.000,9999.000,9999.000
202606291518,  -0.621,9999.000,9999.000,9999.000,9999.000,9999.000,9999.000,9999.000,9999.000
202606291524,  -0.713,9999.000,9999.000,9999.000,9999.000,9999.000,9999.000,9999.000,9999.000
202606291530,  -0.793,9999.000,9999.000,9999.000,9999.000,9999.000,9999.000,9999.000,9999.000
202606291536,  -0.861,9999.000,9999.000,9999.000,9999.000,9999.000,9999.000,9999.000,9999.000
202606291542,  -0.919,9999.000,9999.000,9999.000,9999.000,9999.000,9999.000,9999.000,9999.000
202606291548,  -0.964,9999.000,9999.000,9999.000,9999.000,9999.000,9999.000,9999.000,9999.000
202606291554,  -0.998,9999.000,9999.000,9999.000,9999.000,9999.000,9999.000,9999.000,9999.000
202606291600,  -1.021,9999.000,  -0.600,  -0.119,  -1.740,  -0.800,  -1.940,  -0.500,  -1.640
202606291606,  -1.031,9999.000,9999.000,9999.000,9999.000,9999.000,9999.000,9999.000,9999.000
202606291612,  -1.031,9999.000,9999.000,9999.000,9999.000,9999.000,9999.000,9999.000,9999.000
202606291618,  -1.018,9999.000,9999.000,9999.000,9999.000,9999.000,9999.000,9999.000,9999.000
202606291624,  -0.994,9999.000,9999.000,9999.000,9999.000,9999.000,9999.000,9999.000,9999.000
202606291630,  -0.958,9999.000,9999.000,9999.000,9999.000,9999.000,9999.000,9999.000,9999.000
202606291636,  -0.911,9999.000,9999.000,9999.000,9999.000,9999.000,9999.000,9999.000,9999.000
202606291642,  -0.853,9999.000,9999.000,9999.000,9999.000,9999.000,9999.000,9999.000,9999.000
202606291648,  -0.784,9999.000,9999.000,9999.000,9999.000,9999.000,9999.000,9999.000,9999.000
202606291654,  -0.705,9999.000,9999.000,9999.000,9999.000,9999.000,9999.000,9999.000,9999.000
202606291700,  -0.614,9999.000,  -0.600,  -0.119,  -1.333,  -0.800,  -1.533,  -0.500,  -1.233
202606291706,  -0.513,9999.000,9999.000,9999.000,9999.000,9999.000,9999.000,9999.000,9999.000
202606291712,  -0.403,9999.000,9999.000,9999.000,9999.000,9999.000,9999.000,9999.000,9999.000
202606291718,  -0.282,9999.000,9999.000,9999.000,9999.000,9999.000,9999.000,9999.000,9999.000
202606291724,  -0.152,9999.000,9999.000,9999.000,9999.000,9999.000,9999.000,9999.000,9999.000
202606291730,  -0.013,9999.000,9999.000,9999.000,9999.000,9999.000,9999.000,9999.000,9999.000
202606291736,   0.133,9999.000,9999.000,9999.000,9999.000,9999.000,9999.000,9999.000,9999.000
202606291742,   0.289,9999.000,9999.000,9999.000,9999.000,9999.000,9999.000,9999.000,9999.000
202606291748,   0.452,9999.000,9999.000,9999.000,9999.000,9999.000,9999.000,9999.000,9999.000
202606291754,   0.624,9999.000,9999.000,9999.000,9999.000,9999.000,9999.000,9999.000,9999.000
202606291800,   0.802,9999.000,  -0.600,  -0.119,   0.083,  -0.700,  -0.017,  -0.500,   0.183
202606291806,   0.986,9999.000,9999.000,9999.000,9999.000,9999.000,9999.000,9999.000,9999.000
202606291812,   1.177,9999.000,9999.000,9999.000,9999.000,9999.000,9999.000,9999.000,9999.000
202606291818,   1.373,9999.000,9999.000,9999.000,9999.000,9999.000,9999.000,9999.000,9999.000
202606291824,   1.574,9999.000,9999.000,9999.000,9999.000,9999.000,9999.000,9999.000,9999.000
202606291830,   1.779,9999.000,9999.000,9999.000,9999.000,9999.000,9999.000,9999.000,9999.000
202606291836,   1.989,9999.000,9999.000,9999.000,9999.000,9999.000,9999.000,9999.000,9999.000
202606291842,   2.202,9999.000,9999.000,9999.000,9999.000,9999.000,9999.000,9999.000,9999.000
202606291848,   2.417,9999.000,9999.000,9999.000,9999.000,9999.000,9999.000,9999.000,9999.000
202606291854,   2.635,9999.000,9999.000,9999.000,9999.000,9999.000,9999.000,9999.000,9999.000
202606291900,   2.855,9999.000,  -0.600,  -0.119,   2.136,  -0.700,   2.036,  -0.500,   2.236
202606291906,   3.077,9999.000,9999.000,9999.000,9999.000,9999.000,9999.000,9999.000,9999.000
202606291912,   3.298,9999.000,9999.000,9999.000,9999.000,9999.000,9999.000,9999.000,9999.000
202606291918,   3.520,9999.000,9999.000,9999.000,9999.000,9999.000,9999.000,9999.000,9999.000
202606291924,   3.742,9999.000,9999.000,9999.000,9999.000,9999.000,9999.000,9999.000,9999.000
202606291930,   3.963,9999.000,9999.000,9999.000,9999.000,9999.000,9999.000,9999.000,9999.000
202606291936,   4.182,9999.000,9999.000,9999.000,9999.000,9999.000,9999.000,9999.000,9999.000
202606291942,   4.399,9999.000,9999.000,9999.000,9999.000,9999.000,9999.000,9999.000,9999.000
202606291948,   4.613,9999.000,9999.000,9999.000,9999.000,9999.000,9999.000,9999.000,9999.000
202606291954,   4.825,9999.000,9999.000,9999.000,9999.000,9999.000,9999.000,9999.000,9999.000
202606292000,   5.033,9999.000,  -0.600,  -0.119,   4.314,  -0.700,   4.214,  -0.500,   4.414
202606292006,   5.237,9999.000,9999.000,9999.000,9999.000,9999.000,9999.000,9999.000,9999.000
202606292012,   5.436,9999.000,9999.000,9999.000,9999.000,9999.000,9999.000,9999.000,9999.000
202606292018,   5.630,9999.000,9999.000,9999.000,9999.000,9999.000,9999.000,9999.000,9999.000
202606292024,   5.820,9999.000,9999.000,9999.000,9999.000,9999.000,9999.000,9999.000,9999.000
202606292030,   6.003,9999.000,9999.000,9999.000,9999.000,9999.000,9999.000,9999.000,9999.000
202606292036,   6.180,9999.000,9999.000,9999.000,9999.000,9999.000,9999.000,9999.000,9999.000
202606292042,   6.351,9999.000,9999.000,9999.000,9999.000,9999.000,9999.000,9999.000,9999.000
202606292048,   6.515,9999.000,9999.000,9999.000,9999.000,9999.000,9999.000,9999.000,9999.000
202606292054,   6.672,9999.000,9999.000,9999.000,9999.000,9999.000,9999.000,9999.000,9999.000
202606292100,   6.821,9999.000,  -0.600,  -0.119,   6.102,  -0.700,   6.002,  -0.500,   6.202
202606292106,   6.963,9999.000,9999.000,9999.000,9999.000,9999.000,9999.000,9999.000,9999.000
202606292112,   7.097,9999.000,9999.000,9999.000,9999.000,9999.000,9999.000,9999.000,9999.000
202606292118,   7.223,9999.000,9999.000,9999.000,9999.000,9999.000,9999.000,9999.000,9999.000
202606292124,   7.341,9999.000,9999.000,9999.000,9999.000,9999.000,9999.000,9999.000,9999.000
202606292130,   7.451,9999.000,9999.000,9999.000,9999.000,9999.000,9999.000,9999.000,9999.000
202606292136,   7.552,9999.000,9999.000,9999.000,9999.000,9999.000,9999.000,9999.000,9999.000
202606292142,   7.645,9999.000,9999.000,9999.000,9999.000,9999.000,9999.000,9999.000,9999.000
202606292148,   7.729,9999.000,9999.000,9999.000,9999.000,9999.000,9999.000,9999.000,9999.000
202606292154,   7.805,9999.000,9999.000,9999.000,9999.000,9999.000,9999.000,9999.000,9999.000
202606292200,   7.872,9999.000,  -0.600,  -0.119,   7.153,  -0.700,   7.053,  -0.400,   7.353
202606292206,   7.930,9999.000,9999.000,9999.000,9999.000,9999.000,9999.000,9999.000,9999.000
202606292212,   7.979,9999.000,9999.000,9999.000,9999.000,9999.000,9999.000,9999.000,9999.000
202606292218,   8.020,9999.000,9999.000,9999.000,9999.000,9999.000,9999.000,9999.000,9999.000
202606292224,   8.053,9999.000,9999.000,9999.000,9999.000,9999.000,9999.000,9999.000,9999.000
202606292230,   8.076,9999.000,9999.000,9999.000,9999.000,9999.000,9999.000,9999.000,9999.000
202606292236,   8.092,9999.000,9999.000,9999.000,9999.000,9999.000,9999.000,9999.000,9999.000
202606292242,   8.098,9999.000,9999.000,9999.000,9999.000,9999.000,9999.000,9999.000,9999.000
202606292248,   8.096,9999.000,9999.000,9999.000,9999.000,9999.000,9999.000,9999.000,9999.000
202606292254,   8.086,9999.000,9999.000,9999.000,9999.000,9999.000,9999.000,9999.000,9999.000
202606292300,   8.068,9999.000,  -0.600,  -0.119,   7.349,  -0.700,   7.249,  -0.400,   7.549
202606292306,   8.041,9999.000,9999.000,9999.000,9999.000,9999.000,9999.000,9999.000,9999.000
202606292312,   8.007,9999.000,9999.000,9999.000,9999.000,9999.000,9999.000,9999.000,9999.000
202606292318,   7.964,9999.000,9999.000,9999.000,9999.000,9999.000,9999.000,9999.000,9999.000
202606292324,   7.914,9999.000,9999.000,9999.000,9999.000,9999.000,9999.000,9999.000,9999.000
202606292330,   7.856,9999.000,9999.000,9999.000,9999.000,9999.000,9999.000,9999.000,9999.000
202606292336,   7.791,9999.000,9999.000,9999.000,9999.000,9999.000,9999.000,9999.000,9999.000
202606292342,   7.719,9999.000,9999.000,9999.000,9999.000,9999.000,9999.000,9999.000,9999.000
202606292348,   7.640,9999.000,9999.000,9999.000,9999.000,9999.000,9999.000,9999.000,9999.000
202606292354,   7.554,9999.000,9999.000,9999.000,9999.000,9999.000,9999.000,9999.000,9999.000
202606300000,   7.461,9999.000,  -0.600,  -0.119,   6.742,  -0.700,   6.642,  -0.500,   6.842
202606300006,   7.363,9999.000,9999.000,9999.000,9999.000,9999.000,9999.000,9999.000,9999.000
202606300012,   7.259,9999.000,9999.000,9999.000,9999.000,9999.000,9999.000,9999.000,9999.000
202606300018,   7.149,9999.000,9999.000,9999.000,9999.000,9999.000,9999.000,9999.000,9999.000
202606300024,   7.035,9999.000,9999.000,9999.000,9999.000,9999.000,9999.000,9999.000,9999.000
202606300030,   6.916,9999.000,9999.000,9999.000,9999.000,9999.000,9999.000,9999.000,9999.000
202606300036,   6.793,9999.000,9999.000,9999.000,9999.000,9999.000,9999.000,9999.000,9999.000
202606300042,   6.666,9999.000,9999.000,9999.000,9999.000,9999.000,9999.000,9999.000,9999.000
202606300048,   6.536,9999.000,9999.000,9999.000,9999.000,9999.000,9999.000,9999.000,9999.000
202606300054,   6.403,9999.000,9999.000,9999.000,9999.000,9999.000,9999.000,9999.000,9999.000
202606300100,   6.268,9999.000,  -0.600,  -0.119,   5.549,  -0.700,   5.449,  -0.500,   5.649
202606300106,   6.132,9999.000,9999.000,9999.000,9999.000,9999.000,9999.000,9999.000,9999.000
202606300112,   5.994,9999.000,9999.000,9999.000,9999.000,9999.000,9999.000,9999.000,9999.000
202606300118,   5.856,9999.000,9999.000,9999.000,9999.000,9999.000,9999.000,9999.000,9999.000
202606300124,   5.718,9999.000,9999.000,9999.000,9999.000,9999.000,9999.000,9999.000,9999.000
202606300130,   5.581,9999.000,9999.000,9999.000,9999.000,9999.000,9999.000,9999.000,9999.000
202606300136,   5.445,9999.000,9999.000,9999.000,9999.000,9999.000,9999.000,9999.000,9999.000
202606300142,   5.311,9999.000,9999.000,9999.000,9999.000,9999.000,9999.000,9999.000,9999.000
202606300148,   5.179,9999.000,9999.000,9999.000,9999.000,9999.000,9999.000,9999.000,9999.000
202606300154,   5.050,9999.000,9999.000,9999.000,9999.000,9999.000,9999.000,9999.000,9999.000
202606300200,   4.924,9999.000,  -0.600,  -0.119,   4.205,  -0.700,   4.105,  -0.500,   4.305
202606300206,   4.803,9999.000,9999.000,9999.000,9999.000,9999.000,9999.000,9999.000,9999.000
202606300212,   4.685,9999.000,9999.000,9999.000,9999.000,9999.000,9999.000,9999.000,9999.000
202606300218,   4.573,9999.000,9999.000,9999.000,9999.000,9999.000,9999.000,9999.000,9999.000
202606300224,   4.466,9999.000,9999.000,9999.000,9999.000,9999.000,9999.000,9999.000,9999.000
202606300230,   4.364,9999.000,9999.000,9999.000,9999.000,9999.000,9999.000,9999.000,9999.000
202606300236,   4.269,9999.000,9999.000,9999.000,9999.000,9999.000,9999.000,9999.000,9999.000
202606300242,   4.180,9999.000,9999.000,9999.000,9999.000,9999.000,9999.000,9999.000,9999.000
202606300248,   4.098,9999.000,9999.000,9999.000,9999.000,9999.000,9999.000,9999.000,9999.000
202606300254,   4.023,9999.000,9999.000,9999.000,9999.000,9999.000,9999.000,9999.000,9999.000
202606300300,   3.955,9999.000,  -0.600,  -0.119,   3.236,  -0.700,   3.136,  -0.500,   3.336
202606300306,   3.896,9999.000,9999.000,9999.000,9999.000,9999.000,9999.000,9999.000,9999.000
202606300312,   3.844,9999.000,9999.000,9999.000,9999.000,9999.000,9999.000,9999.000,9999.000
202606300318,   3.800,9999.000,9999.000,9999.000,9999.000,9999.000,9999.000,9999.000,9999.000
202606300324,   3.764,9999.000,9999.000,9999.000,9999.000,9999.000,9999.000,9999.000,9999.000
202606300330,   3.737,9999.000,9999.000,9999.000,9999.000,9999.000,9999.000,9999.000,9999.000
202606300336,   3.719,9999.000,9999.000,9999.000,9999.000,9999.000,9999.000,9999.000,9999.000
202606300342,   3.709,9999.000,9999.000,9999.000,9999.000,9999.000,9999.000,9999.000,9999.000
202606300348,   3.708,9999.000,9999.000,9999.000,9999.000,9999.000,9999.000,9999.000,9999.000
202606300354,   3.716,9999.000,9999.000,9999.000,9999.000,9999.000,9999.000,9999.000,9999.000
202606300400,   3.732,9999.000,  -0.600,  -0.119,   3.013,  -0.800,   2.813,  -0.500,   3.113
202606300406,   3.758,9999.000,9999.000,9999.000,9999.000,9999.000,9999.000,9999.000,9999.000
202606300412,   3.792,9999.000,9999.000,9999.000,9999.000,9999.000,9999.000,9999.000,9999.000
202606300418,   3.836,9999.000,9999.000,9999.000,9999.000,9999.000,9999.000,9999.000,9999.000
202606300424,   3.888,9999.000,9999.000,9999.000,9999.000,9999.000,9999.000,9999.000,9999.000
202606300430,   3.948,9999.000,9999.000,9999.000,9999.000,9999.000,9999.000,9999.000,9999.000
202606300436,   4.017,9999.000,9999.000,9999.000,9999.000,9999.000,9999.000,9999.000,9999.000
202606300442,   4.095,9999.000,9999.000,9999.000,9999.000,9999.000,9999.000,9999.000,9999.000
202606300448,   4.181,9999.000,9999.000,9999.000,9999.000,9999.000,9999.000,9999.000,9999.000
202606300454,   4.275,9999.000,9999.000,9999.000,9999.000,9999.000,9999.000,9999.000,9999.000
202606300500,   4.376,9999.000,  -0.700,  -0.119,   3.557,  -0.800,   3.457,  -0.500,   3.757
202606300506,   4.486,9999.000,9999.000,9999.000,9999.000,9999.000,9999.000,9999.000,9999.000
202606300512,   4.602,9999.000,9999.000,9999.000,9999.000,9999.000,9999.000,9999.000,9999.000
202606300518,   4.726,9999.000,9999.000,9999.000,9999.000,9999.000,9999.000,9999.000,9999.000
202606300524,   4.857,9999.000,9999.000,9999.000,9999.000,9999.000,9999.000,9999.000,9999.000
202606300530,   4.993,9999.000,9999.000,9999.000,9999.000,9999.000,9999.000,9999.000,9999.000
202606300536,   5.137,9999.000,9999.000,9999.000,9999.000,9999.000,9999.000,9999.000,9999.000
202606300542,   5.285,9999.000,9999.000,9999.000,9999.000,9999.000,9999.000,9999.000,9999.000
202606300548,   5.439,9999.000,9999.000,9999.000,9999.000,9999.000,9999.000,9999.000,9999.000
202606300554,   5.599,9999.000,9999.000,9999.000,9999.000,9999.000,9999.000,9999.000,9999.000
202606300600,   5.762,9999.000,  -0.600,  -0.119,   5.043,  -0.700,   4.943,  -0.500,   5.143
202606300606,   5.930,9999.000,9999.000,9999.000,9999.000,9999.000,9999.000,9999.000,9999.000
202606300612,   6.101,9999.000,9999.000,9999.000,9999.000,9999.000,9999.000,9999.000,9999.000
202606300618,   6.276,9999.000,9999.000,9999.000,9999.000,9999.000,9999.000,9999.000,9999.000
202606300624,   6.453,9999.000,9999.000,9999.000,9999.000,9999.000,9999.000,9999.000,9999.000
202606300630,   6.633,9999.000,9999.000,9999.000,9999.000,9999.000,9999.000,9999.000,9999.000
202606300636,   6.814,9999.000,9999.000,9999.000,9999.000,9999.000,9999.000,9999.000,9999.000
202606300642,   6.997,9999.000,9999.000,9999.000,9999.000,9999.000,9999.000,9999.000,9999.000
202606300648,   7.180,9999.000,9999.000,9999.000,9999.000,9999.000,9999.000,9999.000,9999.000
202606300654,   7.364,9999.000,9999.000,9999.000,9999.000,9999.000,9999.000,9999.000,9999.000
202606300700,   7.547,9999.000,  -0.600,  -0.119,   6.828,  -0.700,   6.728,  -0.400,   7.028
202606300706,   7.730,9999.000,9999.000,9999.000,9999.000,9999.000,9999.000,9999.000,9999.000
202606300712,   7.911,9999.000,9999.000,9999.000,9999.000,9999.000,9999.000,9999.000,9999.000
202606300718,   8.090,9999.000,9999.000,9999.000,9999.000,9999.000,9999.000,9999.000,9999.000
202606300724,   8.267,9999.000,9999.000,9999.000,9999.000,9999.000,9999.000,9999.000,9999.000
202606300730,   8.442,9999.000,9999.000,9999.000,9999.000,9999.000,9999.000,9999.000,9999.000
202606300736,   8.613,9999.000,9999.000,9999.000,9999.000,9999.000,9999.000,9999.000,9999.000
202606300742,   8.780,9999.000,9999.000,9999.000,9999.000,9999.000,9999.000,9999.000,9999.000
202606300748,   8.942,9999.000,9999.000,9999.000,9999.000,9999.000,9999.000,9999.000,9999.000
202606300754,   9.100,9999.000,9999.000,9999.000,9999.000,9999.000,9999.000,9999.000,9999.000
202606300800,   9.252,9999.000,  -0.600,  -0.119,   8.533,  -0.700,   8.433,  -0.400,   8.733
202606300806,   9.399,9999.000,9999.000,9999.000,9999.000,9999.000,9999.000,9999.000,9999.000
202606300812,   9.539,9999.000,9999.000,9999.000,9999.000,9999.000,9999.000,9999.000,9999.000
202606300818,   9.672,9999.000,9999.000,9999.000,9999.000,9999.000,9999.000,9999.000,9999.000
202606300824,   9.798,9999.000,9999.000,9999.000,9999.000,9999.000,9999.000,9999.000,9999.000
202606300830,   9.917,9999.000,9999.000,9999.000,9999.000,9999.000,9999.000,9999.000,9999.000
202606300836,  10.028,9999.000,9999.000,9999.000,9999.000,9999.000,9999.000,9999.000,9999.000
202606300842,  10.130,9999.000,9999.000,9999.000,9999.000,9999.000,9999.000,9999.000,9999.000
202606300848,  10.223,9999.000,9999.000,9999.000,9999.000,9999.000,9999.000,9999.000,9999.000
202606300854,  10.308,9999.000,9999.000,9999.000,9999.000,9999.000,9999.000,9999.000,9999.000
202606300900,  10.383,9999.000,  -0.600,  -0.119,   9.664,  -0.700,   9.564,  -0.400,   9.864
202606300906,  10.448,9999.000,9999.000,9999.000,9999.000,9999.000,9999.000,9999.000,9999.000
202606300912,  10.504,9999.000,9999.000,9999.000,9999.000,9999.000,9999.000,9999.000,9999.000
202606300918,  10.550,9999.000,9999.000,9999.000,9999.000,9999.000,9999.000,9999.000,9999.000
202606300924,  10.585,9999.000,9999.000,9999.000,9999.000,9999.000,9999.000,9999.000,9999.000
202606300930,  10.610,9999.000,9999.000,9999.000,9999.000,9999.000,9999.000,9999.000,9999.000
202606300936,  10.625,9999.000,9999.000,9999.000,9999.000,9999.000,9999.000,9999.000,9999.000
202606300942,  10.629,9999.000,9999.000,9999.000,9999.000,9999.000,9999.000,9999.000,9999.000
202606300948,  10.622,9999.000,9999.000,9999.000,9999.000,9999.000,9999.000,9999.000,9999.000
202606300954,  10.605,9999.000,9999.000,9999.000,9999.000,9999.000,9999.000,9999.000,9999.000
202606301000,  10.577,9999.000,  -0.600,  -0.119,   9.858,  -0.700,   9.758,  -0.400,  10.058
202606301006,  10.538,9999.000,9999.000,9999.000,9999.000,9999.000,9999.000,9999.000,9999.000
202606301012,  10.489,9999.000,9999.000,9999.000,9999.000,9999.000,9999.000,9999.000,9999.000
202606301018,  10.430,9999.000,9999.000,9999.000,9999.000,9999.000,9999.000,9999.000,9999.000
202606301024,  10.360,9999.000,9999.000,9999.000,9999.000,9999.000,9999.000,9999.000,9999.000
202606301030,  10.279,9999.000,9999.000,9999.000,9999.000,9999.000,9999.000,9999.000,9999.000
202606301036,  10.189,9999.000,9999.000,9999.000,9999.000,9999.000,9999.000,9999.000,9999.000
202606301042,  10.088,9999.000,9999.000,9999.000,9999.000,9999.000,9999.000,9999.000,9999.000
202606301048,   9.978,9999.000,9999.000,9999.000,9999.000,9999.000,9999.000,9999.000,9999.000
202606301054,   9.857,9999.000,9999.000,9999.000,9999.000,9999.000,9999.000,9999.000,9999.000
202606301100,   9.727,9999.000,  -0.600,  -0.119,   9.008,  -0.700,   8.908,  -0.400,   9.208
202606301106,   9.588,9999.000,9999.000,9999.000,9999.000,9999.000,9999.000,9999.000,9999.000
202606301112,   9.440,9999.000,9999.000,9999.000,9999.000,9999.000,9999.000,9999.000,9999.000
202606301118,   9.282,9999.000,9999.000,9999.000,9999.000,9999.000,9999.000,9999.000,9999.000
202606301124,   9.116,9999.000,9999.000,9999.000,9999.000,9999.000,9999.000,9999.000,9999.000
202606301130,   8.941,9999.000,9999.000,9999.000,9999.000,9999.000,9999.000,9999.000,9999.000
202606301136,   8.758,9999.000,9999.000,9999.000,9999.000,9999.000,9999.000,9999.000,9999.000
202606301142,   8.566,9999.000,9999.000,9999.000,9999.000,9999.000,9999.000,9999.000,9999.000
202606301148,   8.367,9999.000,9999.000,9999.000,9999.000,9999.000,9999.000,9999.000,9999.000
202606301154,   8.160,9999.000,9999.000,9999.000,9999.000,9999.000,9999.000,9999.000,9999.000
202606301200,   7.946,9999.000,  -0.600,  -0.119,   7.227,  -0.700,   7.127,  -0.400,   7.427
202606301206,   7.725,9999.000,9999.000,9999.000,9999.000,9999.000,9999.000,9999.000,9999.000
202606301212,   7.498,9999.000,9999.000,9999.000,9999.000,9999.000,9999.000,9999.000,9999.000
202606301218,   7.264,9999.000,9999.000,9999.000,9999.000,9999.000,9999.000,9999.000,9999.000
202606301224,   7.024,9999.000,9999.000,9999.000,9999.000,9999.000,9999.000,9999.000,9999.000
202606301230,   6.779,9999.000,9999.000,9999.000,9999.000,9999.000,9999.000,9999.000,9999.000
202606301236,   6.529,9999.000,9999.000,9999.000,9999.000,9999.000,9999.000,9999.000,9999.000
202606301242,   6.274,9999.000,9999.000,9999.000,9999.000,9999.000,9999.000,9999.000,9999.000
202606301248,   6.015,9999.000,9999.000,9999.000,9999.000,9999.000,9999.000,9999.000,9999.000
202606301254,   5.752,9999.000,9999.000,9999.000,9999.000,9999.000,9999.000,9999.000,9999.000
202606301300,   5.487,9999.000,  -0.600,  -0.119,   4.768,  -0.800,   4.568,  -0.500,   4.868
202606301306,   5.219,9999.000,9999.000,9999.000,9999.000,9999.000,9999.000,9999.000,9999.000
202606301312,   4.949,9999.000,9999.000,9999.000,9999.000,9999.000,9999.000,9999.000,9999.000
202606301318,   4.678,9999.000,9999.000,9999.000,9999.000,9999.000,9999.000,9999.000,9999.000
202606301324,   4.406,9999.000,9999.000,9999.000,9999.000,9999.000,9999.000,9999.000,9999.000
202606301330,   4.134,9999.000,9999.000,9999.000,9999.000,9999.000,9999.000,9999.000,9999.000
202606301336,   3.862,9999.000,9999.000,9999.000,9999.000,9999.000,9999.000,9999.000,9999.000
202606301342,   3.592,9999.000,9999.000,9999.000,9999.000,9999.000,9999.000,9999.000,9999.000
202606301348,   3.324,9999.000,9999.000,9999.000,9999.000,9999.000,9999.000,9999.000,9999.000
202606301354,   3.058,9999.000,9999.000,9999.000,9999.000,9999.000,9999.000,9999.000,9999.000
202606301400,   2.795,9999.000,  -0.600,  -0.119,   2.076,  -0.800,   1.876,  -0.500,   2.176
202606301406,   2.536,9999.000,9999.000,9999.000,9999.000,9999.000,9999.000,9999.000,9999.000
202606301412,   2.282,9999.000,9999.000,9999.000,9999.000,9999.000,9999.000,9999.000,9999.000
202606301418,   2.032,9999.000,9999.000,9999.000,9999.000,9999.000,9999.000,9999.000,9999.000
202606301424,   1.788,9999.000,9999.000,9999.000,9999.000,9999.000,9999.000,9999.000,9999.000
202606301430,   1.551,9999.000,9999.000,9999.000,9999.000,9999.000,9999.000,9999.000,9999.000
202606301436,   1.320,9999.000,9999.000,9999.000,9999.000,9999.000,9999.000,9999.000,9999.000
202606301442,   1.097,9999.000,9999.000,9999.000,9999.000,9999.000,9999.000,9999.000,9999.000
202606301448,   0.881,9999.000,9999.000,9999.000,9999.000,9999.000,9999.000,9999.000,9999.000
202606301454,   0.674,9999.000,9999.000,9999.000,9999.000,9999.000,9999.000,9999.000,9999.000
202606301500,   0.476,9999.000,  -0.600,  -0.119,  -0.243,  -0.800,  -0.443,  -0.500,  -0.143
202606301506,   0.287,9999.000,9999.000,9999.000,9999.000,9999.000,9999.000,9999.000,9999.000
202606301512,   0.107,9999.000,9999.000,9999.000,9999.000,9999.000,9999.000,9999.000,9999.000
202606301518,  -0.061,9999.000,9999.000,9999.000,9999.000,9999.000,9999.000,9999.000,9999.000
202606301524,  -0.220,9999.000,9999.000,9999.000,9999.000,9999.000,9999.000,9999.000,9999.000
202606301530,  -0.368,9999.000,9999.000,9999.000,9999.000,9999.000,9999.000,9999.000,9999.000
202606301536,  -0.506,9999.000,9999.000,9999.000,9999.000,9999.000,9999.000,9999.000,9999.000
202606301542,  -0.632,9999.000,9999.000,9999.000,9999.000,9999.000,9999.000,9999.000,9999.000
202606301548,  -0.747,9999.000,9999.000,9999.000,9999.000,9999.000,9999.000,9999.000,9999.000
202606301554,  -0.850,9999.000,9999.000,9999.000,9999.000,9999.000,9999.000,9999.000,9999.000
202606301600,  -0.941,9999.000,  -0.700,  -0.119,  -1.760,  -0.800,  -1.860,  -0.500,  -1.560
202606301606,  -1.020,9999.000,9999.000,9999.000,9999.000,9999.000,9999.000,9999.000,9999.000
202606301612,  -1.088,9999.000,9999.000,9999.000,9999.000,9999.000,9999.000,9999.000,9999.000
202606301618,  -1.143,9999.000,9999.000,9999.000,9999.000,9999.000,9999.000,9999.000,9999.000
202606301624,  -1.186,9999.000,9999.000,9999.000,9999.000,9999.000,9999.000,9999.000,9999.000
202606301630,  -1.217,9999.000,9999.000,9999.000,9999.000,9999.000,9999.000,9999.000,9999.000
202606301636,  -1.235,9999.000,9999.000,9999.000,9999.000,9999.000,9999.000,9999.000,9999.000
202606301642,  -1.242,9999.000,9999.000,9999.000,9999.000,9999.000,9999.000,9999.000,9999.000
202606301648,  -1.236,9999.000,9999.000,9999.000,9999.000,9999.000,9999.000,9999.000,9999.000
202606301654,  -1.219,9999.000,9999.000,9999.000,9999.000,9999.000,9999.000,9999.000,9999.000
202606301700,  -1.189,9999.000,  -0.700,  -0.119,  -2.008,  -0.900,  -2.208,  -0.500,  -1.808
202606301706,  -1.147,9999.000,9999.000,9999.000,9999.000,9999.000,9999.000,9999.000,9999.000
202606301712,  -1.094,9999.000,9999.000,9999.000,9999.000,9999.000,9999.000,9999.000,9999.000
202606301718,  -1.030,9999.000,9999.000,9999.000,9999.000,9999.000,9999.000,9999.000,9999.000
202606301724,  -0.954,9999.000,9999.000,9999.000,9999.000,9999.000,9999.000,9999.000,9999.000
202606301730,  -0.867,9999.000,9999.000,9999.000,9999.000,9999.000,9999.000,9999.000,9999.000
202606301736,  -0.770,9999.000,9999.000,9999.000,9999.000,9999.000,9999.000,9999.000,9999.000
202606301742,  -0.661,9999.000,9999.000,9999.000,9999.000,9999.000,9999.000,9999.000,9999.000
202606301748,  -0.543,9999.000,9999.000,9999.000,9999.000,9999.000,9999.000,9999.000,9999.000
202606301754,  -0.415,9999.000,9999.000,9999.000,9999.000,9999.000,9999.000,9999.000,9999.000
202606301800,  -0.277,9999.000,  -0.700,  -0.119,  -1.096,  -0.800,  -1.196,  -0.500,  -0.896
