        TIME,    TIDE,      OB,   SURGE,    BIAS,     TWL,SURGE90p,  TWL90p,SURGE10p,   TWL10p
202606171800,   0.167,   0.819,  -0.300,   0.952,   0.819,  -0.300,   0.819,  -0.200,   0.919
202606171806,   0.176,9999.000,9999.000,9999.000,9999.000,9999.000,9999.000,9999.000,9999.000
202606171812,   0.187,   0.810,9999.000,9999.000,9999.000,9999.000,9999.000,9999.000,9999.000
202606171818,   0.198,9999.000,9999.000,9999.000,9999.000,9999.000,9999.000,9999.000,9999.000
202606171824,   0.209,   0.839,9999.000,9999.000,9999.000,9999.000,9999.000,9999.000,9999.000
202606171830,   0.221,9999.000,9999.000,9999.000,9999.000,9999.000,9999.000,9999.000,9999.000
202606171836,   0.234,   0.879,9999.000,9999.000,9999.000,9999.000,9999.000,9999.000,9999.000
202606171842,   0.248,9999.000,9999.000,9999.000,9999.000,9999.000,9999.000,9999.000,9999.000
202606171848,   0.262,   0.908,9999.000,9999.000,9999.000,9999.000,9999.000,9999.000,9999.000
202606171854,   0.277,9999.000,9999.000,9999.000,9999.000,9999.000,9999.000,9999.000,9999.000
202606171900,   0.292,   0.951,  -0.300,   0.959,   0.951,  -0.300,   0.951,  -0.200,   1.051
202606171906,   0.308,   0.980,9999.000,9999.000,9999.000,9999.000,9999.000,9999.000,9999.000
202606171912,   0.325,   1.010,9999.000,9999.000,9999.000,9999.000,9999.000,9999.000,9999.000
202606171918,   0.341,   1.029,9999.000,9999.000,9999.000,9999.000,9999.000,9999.000,9999.000
202606171924,   0.359,   1.049,9999.000,9999.000,9999.000,9999.000,9999.000,9999.000,9999.000
202606171930,   0.376,   1.069,9999.000,9999.000,9999.000,9999.000,9999.000,9999.000,9999.000
202606171936,   0.394,   1.098,9999.000,9999.000,9999.000,9999.000,9999.000,9999.000,9999.000
202606171942,   0.413,   1.118,9999.000,9999.000,9999.000,9999.000,9999.000,9999.000,9999.000
202606171948,   0.431,   1.118,9999.000,9999.000,9999.000,9999.000,9999.000,9999.000,9999.000
202606171954,   0.450,   1.128,9999.000,9999.000,9999.000,9999.000,9999.000,9999.000,9999.000
202606172000,   0.469,   1.161,  -0.300,   0.992,   1.161,  -0.300,   1.161,  -0.200,   1.261
202606172006,   0.489,9999.000,9999.000,9999.000,9999.000,9999.000,9999.000,9999.000,9999.000
202606172012,   0.508,   1.220,9999.000,9999.000,9999.000,9999.000,9999.000,9999.000,9999.000
202606172018,   0.527,   1.239,9999.000,9999.000,9999.000,9999.000,9999.000,9999.000,9999.000
202606172024,   0.547,   1.269,9999.000,9999.000,9999.000,9999.000,9999.000,9999.000,9999.000
202606172030,   0.566,   1.308,9999.000,9999.000,9999.000,9999.000,9999.000,9999.000,9999.000
202606172036,   0.586,   1.338,9999.000,9999.000,9999.000,9999.000,9999.000,9999.000,9999.000
202606172042,   0.605,   1.338,9999.000,9999.000,9999.000,9999.000,9999.000,9999.000,9999.000
202606172048,   0.624,   1.361,9999.000,9999.000,9999.000,9999.000,9999.000,9999.000,9999.000
202606172054,   0.644,   1.380,9999.000,9999.000,9999.000,9999.000,9999.000,9999.000,9999.000
202606172100,   0.663,   1.420,  -0.200,   0.957,   1.420,  -0.300,   1.320,  -0.200,   1.420
202606172106,   0.681,   1.430,9999.000,9999.000,9999.000,9999.000,9999.000,9999.000,9999.000
202606172112,   0.700,   1.459,9999.000,9999.000,9999.000,9999.000,9999.000,9999.000,9999.000
202606172118,   0.718,   1.469,9999.000,9999.000,9999.000,9999.000,9999.000,9999.000,9999.000
202606172124,   0.736,   1.557,9999.000,9999.000,9999.000,9999.000,9999.000,9999.000,9999.000
202606172130,   0.753,   1.508,9999.000,9999.000,9999.000,9999.000,9999.000,9999.000,9999.000
202606172136,   0.770,   1.518,9999.000,9999.000,9999.000,9999.000,9999.000,9999.000,9999.000
202606172142,   0.787,   1.538,9999.000,9999.000,9999.000,9999.000,9999.000,9999.000,9999.000
202606172148,   0.803,   1.538,9999.000,9999.000,9999.000,9999.000,9999.000,9999.000,9999.000
202606172154,   0.818,   1.557,9999.000,9999.000,9999.000,9999.000,9999.000,9999.000,9999.000
202606172200,   0.833,   1.557,  -0.200,   0.924,   1.557,  -0.300,   1.457,  -0.200,   1.557
202606172206,   0.848,   1.571,9999.000,9999.000,9999.000,9999.000,9999.000,9999.000,9999.000
202606172212,   0.862,   1.590,9999.000,9999.000,9999.000,9999.000,9999.000,9999.000,9999.000
202606172218,   0.875,   1.610,9999.000,9999.000,9999.000,9999.000,9999.000,9999.000,9999.000
202606172224,   0.887,   1.630,9999.000,9999.000,9999.000,9999.000,9999.000,9999.000,9999.000
202606172230,   0.899,9999.000,9999.000,9999.000,9999.000,9999.000,9999.000,9999.000,9999.000
202606172236,   0.911,   1.659,9999.000,9999.000,9999.000,9999.000,9999.000,9999.000,9999.000
202606172242,   0.921,   1.669,9999.000,9999.000,9999.000,9999.000,9999.000,9999.000,9999.000
202606172248,   0.931,   1.679,9999.000,9999.000,9999.000,9999.000,9999.000,9999.000,9999.000
202606172254,   0.940,   1.679,9999.000,9999.000,9999.000,9999.000,9999.000,9999.000,9999.000
202606172300,   0.948,   1.689,  -0.200,   0.941,   1.689,  -0.300,   1.589,  -0.200,   1.689
202606172306,   0.956,   1.699,9999.000,9999.000,9999.000,9999.000,9999.000,9999.000,9999.000
202606172312,   0.963,   1.708,9999.000,9999.000,9999.000,9999.000,9999.000,9999.000,9999.000
202606172318,   0.969,   1.699,9999.000,9999.000,9999.000,9999.000,9999.000,9999.000,9999.000
202606172324,   0.974,   1.708,9999.000,9999.000,9999.000,9999.000,9999.000,9999.000,9999.000
202606172330,   0.978,   1.708,9999.000,9999.000,9999.000,9999.000,9999.000,9999.000,9999.000
202606172336,   0.982,   1.708,9999.000,9999.000,9999.000,9999.000,9999.000,9999.000,9999.000
202606172342,   0.985,   1.699,9999.000,9999.000,9999.000,9999.000,9999.000,9999.000,9999.000
202606172348,   0.987,   1.679,9999.000,9999.000,9999.000,9999.000,9999.000,9999.000,9999.000
202606172354,   0.988,   1.679,9999.000,9999.000,9999.000,9999.000,9999.000,9999.000,9999.000
202606180000,   0.988,   1.689,  -0.300,   1.001,   1.689,  -0.300,   1.689,  -0.200,   1.789
202606180006,   0.988,   1.689,9999.000,9999.000,9999.000,9999.000,9999.000,9999.000,9999.000
202606180012,   0.987,   1.679,9999.000,9999.000,9999.000,9999.000,9999.000,9999.000,9999.000
202606180018,   0.985,   1.669,9999.000,9999.000,9999.000,9999.000,9999.000,9999.000,9999.000
202606180024,   0.982,   1.659,9999.000,9999.000,9999.000,9999.000,9999.000,9999.000,9999.000
202606180030,   0.979,   1.649,9999.000,9999.000,9999.000,9999.000,9999.000,9999.000,9999.000
202606180036,   0.974,   1.630,9999.000,9999.000,9999.000,9999.000,9999.000,9999.000,9999.000
202606180042,   0.970,   1.630,9999.000,9999.000,9999.000,9999.000,9999.000,9999.000,9999.000
202606180048,   0.964,   1.639,9999.000,9999.000,9999.000,9999.000,9999.000,9999.000,9999.000
202606180054,   0.958,   1.639,9999.000,9999.000,9999.000,9999.000,9999.000,9999.000,9999.000
202606180100,   0.951,   1.639,  -0.300,   0.988,   1.639,  -0.300,   1.639,  -0.200,   1.739
202606180106,   0.943,   1.639,9999.000,9999.000,9999.000,9999.000,9999.000,9999.000,9999.000
202606180112,   0.935,   1.630,9999.000,9999.000,9999.000,9999.000,9999.000,9999.000,9999.000
202606180118,   0.927,   1.610,9999.000,9999.000,9999.000,9999.000,9999.000,9999.000,9999.000
202606180124,   0.917,   1.600,9999.000,9999.000,9999.000,9999.000,9999.000,9999.000,9999.000
202606180130,   0.908,   1.600,9999.000,9999.000,9999.000,9999.000,9999.000,9999.000,9999.000
202606180136,   0.897,   1.590,9999.000,9999.000,9999.000,9999.000,9999.000,9999.000,9999.000
202606180142,   0.887,   1.580,9999.000,9999.000,9999.000,9999.000,9999.000,9999.000,9999.000
202606180148,   0.876,   1.571,9999.000,9999.000,9999.000,9999.000,9999.000,9999.000,9999.000
202606180154,   0.864,   1.548,9999.000,9999.000,9999.000,9999.000,9999.000,9999.000,9999.000
202606180200,   0.852,   1.528,  -0.200,   0.876,   1.528,  -0.300,   1.428,  -0.200,   1.528
202606180206,   0.840,   1.518,9999.000,9999.000,9999.000,9999.000,9999.000,9999.000,9999.000
202606180212,   0.828,   1.498,9999.000,9999.000,9999.000,9999.000,9999.000,9999.000,9999.000
202606180218,   0.815,   1.498,9999.000,9999.000,9999.000,9999.000,9999.000,9999.000,9999.000
202606180224,   0.802,   1.498,9999.000,9999.000,9999.000,9999.000,9999.000,9999.000,9999.000
202606180230,   0.789,   1.498,9999.000,9999.000,9999.000,9999.000,9999.000,9999.000,9999.000
202606180236,   0.776,   1.489,9999.000,9999.000,9999.000,9999.000,9999.000,9999.000,9999.000
202606180242,   0.762,   1.498,9999.000,9999.000,9999.000,9999.000,9999.000,9999.000,9999.000
202606180248,   0.749,   1.498,9999.000,9999.000,9999.000,9999.000,9999.000,9999.000,9999.000
202606180254,   0.735,   1.479,9999.000,9999.000,9999.000,9999.000,9999.000,9999.000,9999.000
202606180300,   0.722,   1.449,  -0.200,   0.927,   1.449,  -0.300,   1.349,  -0.200,   1.449
202606180306,   0.708,   1.439,9999.000,9999.000,9999.000,9999.000,9999.000,9999.000,9999.000
202606180312,   0.695,   1.420,9999.000,9999.000,9999.000,9999.000,9999.000,9999.000,9999.000
202606180318,   0.682,   1.400,9999.000,9999.000,9999.000,9999.000,9999.000,9999.000,9999.000
202606180324,   0.669,   1.285,9999.000,9999.000,9999.000,9999.000,9999.000,9999.000,9999.000
202606180330,   0.656,   1.380,9999.000,9999.000,9999.000,9999.000,9999.000,9999.000,9999.000
202606180336,   0.643,   1.361,9999.000,9999.000,9999.000,9999.000,9999.000,9999.000,9999.000
202606180342,   0.630,   1.348,9999.000,9999.000,9999.000,9999.000,9999.000,9999.000,9999.000
202606180348,   0.618,   1.308,9999.000,9999.000,9999.000,9999.000,9999.000,9999.000,9999.000
202606180354,   0.606,   1.289,9999.000,9999.000,9999.000,9999.000,9999.000,9999.000,9999.000
202606180400,   0.594,   1.289,  -0.200,   0.895,   1.289,  -0.300,   1.189,  -0.200,   1.289
202606180406,   0.583,   1.279,9999.000,9999.000,9999.000,9999.000,9999.000,9999.000,9999.000
202606180412,   0.572,9999.000,9999.000,9999.000,9999.000,9999.000,9999.000,9999.000,9999.000
202606180418,   0.562,   1.239,9999.000,9999.000,9999.000,9999.000,9999.000,9999.000,9999.000
202606180424,   0.552,   1.220,9999.000,9999.000,9999.000,9999.000,9999.000,9999.000,9999.000
202606180430,   0.542,   1.220,9999.000,9999.000,9999.000,9999.000,9999.000,9999.000,9999.000
202606180436,   0.533,   1.200,9999.000,9999.000,9999.000,9999.000,9999.000,9999.000,9999.000
202606180442,   0.524,   1.180,9999.000,9999.000,9999.000,9999.000,9999.000,9999.000,9999.000
202606180448,   0.516,   1.161,9999.000,9999.000,9999.000,9999.000,9999.000,9999.000,9999.000
202606180454,   0.509,   1.151,9999.000,9999.000,9999.000,9999.000,9999.000,9999.000,9999.000
202606180500,   0.502,   1.128,  -0.200,   0.826,   1.128,  -0.300,   1.028,  -0.200,   1.128
202606180506,   0.495,   1.118,9999.000,9999.000,9999.000,9999.000,9999.000,9999.000,9999.000
202606180512,   0.489,   1.108,9999.000,9999.000,9999.000,9999.000,9999.000,9999.000,9999.000
202606180518,   0.484,   1.108,9999.000,9999.000,9999.000,9999.000,9999.000,9999.000,9999.000
202606180524,   0.479,   1.108,9999.000,9999.000,9999.000,9999.000,9999.000,9999.000,9999.000
202606180530,   0.475,   1.108,9999.000,9999.000,9999.000,9999.000,9999.000,9999.000,9999.000
202606180536,   0.472,   1.108,9999.000,9999.000,9999.000,9999.000,9999.000,9999.000,9999.000
202606180542,   0.469,   1.098,9999.000,9999.000,9999.000,9999.000,9999.000,9999.000,9999.000
202606180548,   0.467,   1.118,9999.000,9999.000,9999.000,9999.000,9999.000,9999.000,9999.000
202606180554,   0.465,   1.138,9999.000,9999.000,9999.000,9999.000,9999.000,9999.000,9999.000
202606180600,   0.464,   1.108,  -0.200,   0.844,   1.108,  -0.200,   1.108,  -0.100,   1.208
202606180606,   0.464,   1.059,9999.000,9999.000,9999.000,9999.000,9999.000,9999.000,9999.000
202606180612,   0.464,   1.079,9999.000,9999.000,9999.000,9999.000,9999.000,9999.000,9999.000
202606180618,   0.465,   1.098,9999.000,9999.000,9999.000,9999.000,9999.000,9999.000,9999.000
202606180624,   0.467,   1.108,9999.000,9999.000,9999.000,9999.000,9999.000,9999.000,9999.000
202606180630,   0.469,   1.108,9999.000,9999.000,9999.000,9999.000,9999.000,9999.000,9999.000
202606180636,   0.472,9999.000,9999.000,9999.000,9999.000,9999.000,9999.000,9999.000,9999.000
202606180642,   0.475,   1.118,9999.000,9999.000,9999.000,9999.000,9999.000,9999.000,9999.000
202606180648,   0.479,   1.151,9999.000,9999.000,9999.000,9999.000,9999.000,9999.000,9999.000
202606180654,   0.483,   1.151,9999.000,9999.000,9999.000,9999.000,9999.000,9999.000,9999.000
202606180700,   0.488,   1.128,  -0.200,   0.840,   1.128,  -0.200,   1.128,  -0.100,   1.228
202606180706,   0.493,   1.138,9999.000,9999.000,9999.000,9999.000,9999.000,9999.000,9999.000
202606180712,   0.499,   1.151,9999.000,9999.000,9999.000,9999.000,9999.000,9999.000,9999.000
202606180718,   0.505,   1.151,9999.000,9999.000,9999.000,9999.000,9999.000,9999.000,9999.000
202606180724,   0.512,   1.138,9999.000,9999.000,9999.000,9999.000,9999.000,9999.000,9999.000
202606180730,   0.519,9999.000,9999.000,9999.000,9999.000,9999.000,9999.000,9999.000,9999.000
202606180736,   0.526,   1.180,9999.000,9999.000,9999.000,9999.000,9999.000,9999.000,9999.000
202606180742,   0.534,   1.190,9999.000,9999.000,9999.000,9999.000,9999.000,9999.000,9999.000
202606180748,   0.542,   1.170,9999.000,9999.000,9999.000,9999.000,9999.000,9999.000,9999.000
202606180754,   0.551,   1.161,9999.000,9999.000,9999.000,9999.000,9999.000,9999.000,9999.000
202606180800,   0.559,   1.180,  -0.200,   0.821,   1.180,  -0.200,   1.180,  -0.100,   1.280
202606180806,   0.568,   1.220,9999.000,9999.000,9999.000,9999.000,9999.000,9999.000,9999.000
202606180812,   0.578,   1.229,9999.000,9999.000,9999.000,9999.000,9999.000,9999.000,9999.000
202606180818,   0.587,   1.229,9999.000,9999.000,9999.000,9999.000,9999.000,9999.000,9999.000
202606180824,   0.596,   1.249,9999.000,9999.000,9999.000,9999.000,9999.000,9999.000,9999.000
202606180830,   0.606,   1.249,9999.000,9999.000,9999.000,9999.000,9999.000,9999.000,9999.000
202606180836,   0.615,   1.249,9999.000,9999.000,9999.000,9999.000,9999.000,9999.000,9999.000
202606180842,   0.625,   1.269,9999.000,9999.000,9999.000,9999.000,9999.000,9999.000,9999.000
202606180848,   0.635,   1.308,9999.000,9999.000,9999.000,9999.000,9999.000,9999.000,9999.000
202606180854,   0.645,   1.318,9999.000,9999.000,9999.000,9999.000,9999.000,9999.000,9999.000
202606180900,   0.654,   1.318,  -0.200,   0.864,   1.318,  -0.300,   1.218,  -0.200,   1.318
202606180906,   0.664,   1.328,9999.000,9999.000,9999.000,9999.000,9999.000,9999.000,9999.000
202606180912,   0.673,   1.361,9999.000,9999.000,9999.000,9999.000,9999.000,9999.000,9999.000
202606180918,   0.682,   1.371,9999.000,9999.000,9999.000,9999.000,9999.000,9999.000,9999.000
202606180924,   0.691,   1.380,9999.000,9999.000,9999.000,9999.000,9999.000,9999.000,9999.000
202606180930,   0.700,   1.400,9999.000,9999.000,9999.000,9999.000,9999.000,9999.000,9999.000
202606180936,   0.709,   1.420,9999.000,9999.000,9999.000,9999.000,9999.000,9999.000,9999.000
202606180942,   0.717,   1.420,9999.000,9999.000,9999.000,9999.000,9999.000,9999.000,9999.000
202606180948,   0.725,   1.449,9999.000,9999.000,9999.000,9999.000,9999.000,9999.000,9999.000
202606180954,   0.733,   1.469,9999.000,9999.000,9999.000,9999.000,9999.000,9999.000,9999.000
202606181000,   0.740,   1.469,  -0.200,   0.929,   1.469,  -0.300,   1.369,  -0.200,   1.469
202606181006,   0.747,   1.479,9999.000,9999.000,9999.000,9999.000,9999.000,9999.000,9999.000
202606181012,   0.754,   1.469,9999.000,9999.000,9999.000,9999.000,9999.000,9999.000,9999.000
202606181018,   0.760,   1.489,9999.000,9999.000,9999.000,9999.000,9999.000,9999.000,9999.000
202606181024,   0.765,   1.479,9999.000,9999.000,9999.000,9999.000,9999.000,9999.000,9999.000
202606181030,   0.770,   1.469,9999.000,9999.000,9999.000,9999.000,9999.000,9999.000,9999.000
202606181036,   0.775,   1.459,9999.000,9999.000,9999.000,9999.000,9999.000,9999.000,9999.000
202606181042,   0.779,   1.459,9999.000,9999.000,9999.000,9999.000,9999.000,9999.000,9999.000
202606181048,   0.783,   1.469,9999.000,9999.000,9999.000,9999.000,9999.000,9999.000,9999.000
202606181054,   0.785,   1.469,9999.000,9999.000,9999.000,9999.000,9999.000,9999.000,9999.000
202606181100,   0.788,   1.459,  -0.300,   0.971,   1.459,  -0.400,   1.359,  -0.200,   1.559
202606181106,   0.790,   1.459,9999.000,9999.000,9999.000,9999.000,9999.000,9999.000,9999.000
202606181112,   0.791,   1.469,9999.000,9999.000,9999.000,9999.000,9999.000,9999.000,9999.000
202606181118,   0.791,   1.489,9999.000,9999.000,9999.000,9999.000,9999.000,9999.000,9999.000
202606181124,   0.791,   1.489,9999.000,9999.000,9999.000,9999.000,9999.000,9999.000,9999.000
202606181130,   0.791,   1.479,9999.000,9999.000,9999.000,9999.000,9999.000,9999.000,9999.000
202606181136,   0.789,   1.449,9999.000,9999.000,9999.000,9999.000,9999.000,9999.000,9999.000
202606181142,   0.787,   1.439,9999.000,9999.000,9999.000,9999.000,9999.000,9999.000,9999.000
202606181148,   0.785,   1.439,9999.000,9999.000,9999.000,9999.000,9999.000,9999.000,9999.000
202606181154,   0.782,   1.469,9999.000,9999.000,9999.000,9999.000,9999.000,9999.000,9999.000
202606181200,   0.778,   1.489,  -0.200,   0.911,   1.489,  -0.300,   1.389,  -0.100,   1.589
202606181206,   0.773,   1.479,9999.000,9999.000,9999.000,9999.000,9999.000,9999.000,9999.000
202606181212,   0.768,   1.459,9999.000,9999.000,9999.000,9999.000,9999.000,9999.000,9999.000
202606181218,   0.762,   1.449,9999.000,9999.000,9999.000,9999.000,9999.000,9999.000,9999.000
202606181224,   0.756,   1.439,9999.000,9999.000,9999.000,9999.000,9999.000,9999.000,9999.000
202606181230,   0.749,   1.449,9999.000,9999.000,9999.000,9999.000,9999.000,9999.000,9999.000
202606181236,   0.741,   1.449,9999.000,9999.000,9999.000,9999.000,9999.000,9999.000,9999.000
202606181242,   0.733,   1.439,9999.000,9999.000,9999.000,9999.000,9999.000,9999.000,9999.000
202606181248,   0.725,   1.439,9999.000,9999.000,9999.000,9999.000,9999.000,9999.000,9999.000
202606181254,   0.715,   1.449,9999.000,9999.000,9999.000,9999.000,9999.000,9999.000,9999.000
202606181300,   0.705,   1.449,  -0.200,   0.944,   1.449,  -0.300,   1.349,  -0.100,   1.549
202606181306,   0.695,   1.420,9999.000,9999.000,9999.000,9999.000,9999.000,9999.000,9999.000
202606181312,   0.684,   1.390,9999.000,9999.000,9999.000,9999.000,9999.000,9999.000,9999.000
202606181318,   0.673,   1.361,9999.000,9999.000,9999.000,9999.000,9999.000,9999.000,9999.000
202606181324,   0.661,   1.328,9999.000,9999.000,9999.000,9999.000,9999.000,9999.000,9999.000
202606181330,   0.649,   1.308,9999.000,9999.000,9999.000,9999.000,9999.000,9999.000,9999.000
202606181336,   0.637,   1.279,9999.000,9999.000,9999.000,9999.000,9999.000,9999.000,9999.000
202606181342,   0.624,   1.269,9999.000,9999.000,9999.000,9999.000,9999.000,9999.000,9999.000
202606181348,   0.611,   1.289,9999.000,9999.000,9999.000,9999.000,9999.000,9999.000,9999.000
202606181354,   0.597,   1.289,9999.000,9999.000,9999.000,9999.000,9999.000,9999.000,9999.000
202606181400,   0.584,   1.249,  -0.200,   0.865,   1.249,  -0.300,   1.149,  -0.100,   1.349
202606181406,   0.570,   1.210,9999.000,9999.000,9999.000,9999.000,9999.000,9999.000,9999.000
202606181412,   0.555,   1.210,9999.000,9999.000,9999.000,9999.000,9999.000,9999.000,9999.000
202606181418,   0.541,   1.220,9999.000,9999.000,9999.000,9999.000,9999.000,9999.000,9999.000
202606181424,   0.527,   1.239,9999.000,9999.000,9999.000,9999.000,9999.000,9999.000,9999.000
202606181430,   0.512,9999.000,9999.000,9999.000,9999.000,9999.000,9999.000,9999.000,9999.000
202606181436,   0.497,   1.180,9999.000,9999.000,9999.000,9999.000,9999.000,9999.000,9999.000
202606181442,   0.483,   1.180,9999.000,9999.000,9999.000,9999.000,9999.000,9999.000,9999.000
202606181448,   0.468,   1.161,9999.000,9999.000,9999.000,9999.000,9999.000,9999.000,9999.000
202606181454,   0.453,   1.065,9999.000,9999.000,9999.000,9999.000,9999.000,9999.000,9999.000
202606181500,   0.439,   1.151,  -0.300,   1.012,   1.151,  -0.400,   1.051,  -0.200,   1.251
202606181506,   0.424,   1.180,9999.000,9999.000,9999.000,9999.000,9999.000,9999.000,9999.000
202606181512,   0.410,   1.170,9999.000,9999.000,9999.000,9999.000,9999.000,9999.000,9999.000
202606181518,   0.395,   1.108,9999.000,9999.000,9999.000,9999.000,9999.000,9999.000,9999.000
202606181524,   0.382,   1.059,9999.000,9999.000,9999.000,9999.000,9999.000,9999.000,9999.000
202606181530,   0.368,   1.069,9999.000,9999.000,9999.000,9999.000,9999.000,9999.000,9999.000
202606181536,   0.354,   1.059,9999.000,9999.000,9999.000,9999.000,9999.000,9999.000,9999.000
202606181542,   0.341,   1.079,9999.000,9999.000,9999.000,9999.000,9999.000,9999.000,9999.000
202606181548,   0.328,   1.049,9999.000,9999.000,9999.000,9999.000,9999.000,9999.000,9999.000
202606181554,   0.316,   1.020,9999.000,9999.000,9999.000,9999.000,9999.000,9999.000,9999.000
202606181600,   0.304,   1.020,  -0.300,   1.016,   1.020,  -0.400,   0.920,  -0.200,   1.120
202606181606,   0.292,   0.928,9999.000,9999.000,9999.000,9999.000,9999.000,9999.000,9999.000
202606181612,   0.281,   0.918,9999.000,9999.000,9999.000,9999.000,9999.000,9999.000,9999.000
202606181618,   0.271,   0.951,9999.000,9999.000,9999.000,9999.000,9999.000,9999.000,9999.000
202606181624,   0.260,   0.980,9999.000,9999.000,9999.000,9999.000,9999.000,9999.000,9999.000
202606181630,   0.251,   0.961,9999.000,9999.000,9999.000,9999.000,9999.000,9999.000,9999.000
202606181636,   0.242,   0.888,9999.000,9999.000,9999.000,9999.000,9999.000,9999.000,9999.000
202606181642,   0.234,   0.849,9999.000,9999.000,9999.000,9999.000,9999.000,9999.000,9999.000
202606181648,   0.226,   0.859,9999.000,9999.000,9999.000,9999.000,9999.000,9999.000,9999.000
202606181654,   0.219,   0.859,9999.000,9999.000,9999.000,9999.000,9999.000,9999.000,9999.000
202606181700,   0.212,   0.849,  -0.300,   0.937,   0.849,  -0.400,   0.749,  -0.200,   0.949
202606181706,   0.207,   0.869,9999.000,9999.000,9999.000,9999.000,9999.000,9999.000,9999.000
202606181712,   0.201,   0.849,9999.000,9999.000,9999.000,9999.000,9999.000,9999.000,9999.000
202606181718,   0.197,   0.810,9999.000,9999.000,9999.000,9999.000,9999.000,9999.000,9999.000
202606181724,   0.193,   0.770,9999.000,9999.000,9999.000,9999.000,9999.000,9999.000,9999.000
202606181730,   0.190,   0.790,9999.000,9999.000,9999.000,9999.000,9999.000,9999.000,9999.000
202606181736,   0.188,   0.819,9999.000,9999.000,9999.000,9999.000,9999.000,9999.000,9999.000
202606181742,   0.187,9999.000,9999.000,9999.000,9999.000,9999.000,9999.000,9999.000,9999.000
202606181748,   0.186,   0.829,9999.000,9999.000,9999.000,9999.000,9999.000,9999.000,9999.000
202606181754,   0.186,   0.800,9999.000,9999.000,9999.000,9999.000,9999.000,9999.000,9999.000
202606181800,   0.187,   0.800,  -0.300,   0.913,   0.800,  -0.300,   0.800,  -0.200,   0.900
202606181806,   0.189,   0.829,9999.000,9999.000,9999.000,9999.000,9999.000,9999.000,9999.000
202606181812,   0.191,   0.849,9999.000,9999.000,9999.000,9999.000,9999.000,9999.000,9999.000
202606181818,   0.194,   0.859,9999.000,9999.000,9999.000,9999.000,9999.000,9999.000,9999.000
202606181824,   0.198,   0.869,9999.000,9999.000,9999.000,9999.000,9999.000,9999.000,9999.000
202606181830,   0.203,   0.879,9999.000,9999.000,9999.000,9999.000,9999.000,9999.000,9999.000
202606181836,   0.208,   0.888,9999.000,9999.000,9999.000,9999.000,9999.000,9999.000,9999.000
202606181842,   0.214,   0.888,9999.000,9999.000,9999.000,9999.000,9999.000,9999.000,9999.000
202606181848,   0.221,   0.928,9999.000,9999.000,9999.000,9999.000,9999.000,9999.000,9999.000
202606181854,   0.229,   0.928,9999.000,9999.000,9999.000,9999.000,9999.000,9999.000,9999.000
202606181900,   0.237,   0.918,  -0.300,   0.981,   0.918,  -0.300,   0.918,  -0.200,   1.018
202606181906,   0.246,   0.928,9999.000,9999.000,9999.000,9999.000,9999.000,9999.000,9999.000
202606181912,   0.255,   0.961,9999.000,9999.000,9999.000,9999.000,9999.000,9999.000,9999.000
202606181918,   0.265,   0.970,9999.000,9999.000,9999.000,9999.000,9999.000,9999.000,9999.000
202606181924,   0.276,   1.082,9999.000,9999.000,9999.000,9999.000,9999.000,9999.000,9999.000
202606181930,   0.288,   1.029,9999.000,9999.000,9999.000,9999.000,9999.000,9999.000,9999.000
202606181936,   0.299,   1.049,9999.000,9999.000,9999.000,9999.000,9999.000,9999.000,9999.000
202606181942,   0.312,   1.039,9999.000,9999.000,9999.000,9999.000,9999.000,9999.000,9999.000
202606181948,   0.325,   1.029,9999.000,9999.000,9999.000,9999.000,9999.000,9999.000,9999.000
202606181954,   0.338,   1.059,9999.000,9999.000,9999.000,9999.000,9999.000,9999.000,9999.000
202606182000,   0.352,   1.079,  -0.300,   1.027,   1.079,  -0.400,   0.979,  -0.200,   1.179
202606182006,   0.367,9999.000,9999.000,9999.000,9999.000,9999.000,9999.000,9999.000,9999.000
202606182012,   0.381,   1.098,9999.000,9999.000,9999.000,9999.000,9999.000,9999.000,9999.000
202606182018,   0.396,   1.138,9999.000,9999.000,9999.000,9999.000,9999.000,9999.000,9999.000
202606182024,   0.412,   1.138,9999.000,9999.000,9999.000,9999.000,9999.000,9999.000,9999.000
202606182030,   0.428,   1.151,9999.000,9999.000,9999.000,9999.000,9999.000,9999.000,9999.000
202606182036,   0.443,   1.138,9999.000,9999.000,9999.000,9999.000,9999.000,9999.000,9999.000
202606182042,   0.460,   1.138,9999.000,9999.000,9999.000,9999.000,9999.000,9999.000,9999.000
202606182048,   0.476,   1.180,9999.000,9999.000,9999.000,9999.000,9999.000,9999.000,9999.000
202606182054,   0.493,   1.210,9999.000,9999.000,9999.000,9999.000,9999.000,9999.000,9999.000
202606182100,   0.509,   1.229,  -0.300,   1.020,   1.229,  -0.300,   1.229,  -0.200,   1.329
202606182106,   0.526,   1.249,9999.000,9999.000,9999.000,9999.000,9999.000,9999.000,9999.000
202606182112,   0.543,   1.269,9999.000,9999.000,9999.000,9999.000,9999.000,9999.000,9999.000
202606182118,   0.560,   1.279,9999.000,9999.000,9999.000,9999.000,9999.000,9999.000,9999.000
202606182124,   0.576,   1.308,9999.000,9999.000,9999.000,9999.000,9999.000,9999.000,9999.000
202606182130,   0.593,   1.328,9999.000,9999.000,9999.000,9999.000,9999.000,9999.000,9999.000
202606182136,   0.610,   1.348,9999.000,9999.000,9999.000,9999.000,9999.000,9999.000,9999.000
202606182142,   0.626,   1.371,9999.000,9999.000,9999.000,9999.000,9999.000,9999.000,9999.000
202606182148,   0.642,   1.400,9999.000,9999.000,9999.000,9999.000,9999.000,9999.000,9999.000
202606182154,   0.658,   1.430,9999.000,9999.000,9999.000,9999.000,9999.000,9999.000,9999.000
202606182200,   0.674,   1.449,  -0.200,   0.975,   1.449,  -0.300,   1.349,  -0.200,   1.449
202606182206,   0.690,   1.459,9999.000,9999.000,9999.000,9999.000,9999.000,9999.000,9999.000
202606182212,   0.705,   1.479,9999.000,9999.000,9999.000,9999.000,9999.000,9999.000,9999.000
202606182218,   0.720,   1.508,9999.000,9999.000,9999.000,9999.000,9999.000,9999.000,9999.000
202606182224,   0.734,   1.528,9999.000,9999.000,9999.000,9999.000,9999.000,9999.000,9999.000
202606182230,   0.749,   1.548,9999.000,9999.000,9999.000,9999.000,9999.000,9999.000,9999.000
202606182236,   0.762,   1.538,9999.000,9999.000,9999.000,9999.000,9999.000,9999.000,9999.000
202606182242,   0.776,   1.557,9999.000,9999.000,9999.000,9999.000,9999.000,9999.000,9999.000
202606182248,   0.788,   1.571,9999.000,9999.000,9999.000,9999.000,9999.000,9999.000,9999.000
202606182254,   0.801,   1.590,9999.000,9999.000,9999.000,9999.000,9999.000,9999.000,9999.000
202606182300,   0.812,   1.620,  -0.200,   1.008,   1.620,  -0.300,   1.520,  -0.100,   1.720
202606182306,   0.823,   1.630,9999.000,9999.000,9999.000,9999.000,9999.000,9999.000,9999.000
202606182312,   0.834,9999.000,9999.000,9999.000,9999.000,9999.000,9999.000,9999.000,9999.000
202606182318,   0.844,   1.630,9999.000,9999.000,9999.000,9999.000,9999.000,9999.000,9999.000
202606182324,   0.853,   1.639,9999.000,9999.000,9999.000,9999.000,9999.000,9999.000,9999.000
202606182330,   0.862,   1.659,9999.000,9999.000,9999.000,9999.000,9999.000,9999.000,9999.000
202606182336,   0.870,   1.679,9999.000,9999.000,9999.000,9999.000,9999.000,9999.000,9999.000
202606182342,   0.878,   1.679,9999.000,9999.000,9999.000,9999.000,9999.000,9999.000,9999.000
202606182348,   0.884,9999.000,9999.000,9999.000,9999.000,9999.000,9999.000,9999.000,9999.000
202606182354,   0.890,   1.689,9999.000,9999.000,9999.000,9999.000,9999.000,9999.000,9999.000
202606190000,   0.896,   1.679,  -0.200,   0.983,   1.679,  -0.200,   1.679,  -0.100,   1.779
202606190006,   0.900,   1.689,9999.000,9999.000,9999.000,9999.000,9999.000,9999.000,9999.000
202606190012,   0.904,9999.000,9999.000,9999.000,9999.000,9999.000,9999.000,9999.000,9999.000
202606190018,   0.908,9999.000,9999.000,9999.000,9999.000,9999.000,9999.000,9999.000,9999.000
202606190024,   0.910,9999.000,9999.000,9999.000,9999.000,9999.000,9999.000,9999.000,9999.000
202606190030,   0.912,9999.000,9999.000,9999.000,9999.000,9999.000,9999.000,9999.000,9999.000
202606190036,   0.913,9999.000,9999.000,9999.000,9999.000,9999.000,9999.000,9999.000,9999.000
202606190042,   0.913,9999.000,9999.000,9999.000,9999.000,9999.000,9999.000,9999.000,9999.000
202606190048,   0.913,9999.000,9999.000,9999.000,9999.000,9999.000,9999.000,9999.000,9999.000
202606190054,   0.912,9999.000,9999.000,9999.000,9999.000,9999.000,9999.000,9999.000,9999.000
202606190100,   0.911,9999.000,  -0.200,9999.000,   0.711,  -0.200,   0.711,  -0.100,   0.811
202606190106,   0.908,9999.000,9999.000,9999.000,9999.000,9999.000,9999.000,9999.000,9999.000
202606190112,   0.905,9999.000,9999.000,9999.000,9999.000,9999.000,9999.000,9999.000,9999.000
202606190118,   0.901,9999.000,9999.000,9999.000,9999.000,9999.000,9999.000,9999.000,9999.000
202606190124,   0.897,9999.000,9999.000,9999.000,9999.000,9999.000,9999.000,9999.000,9999.000
202606190130,   0.892,9999.000,9999.000,9999.000,9999.000,9999.000,9999.000,9999.000,9999.000
202606190136,   0.887,9999.000,9999.000,9999.000,9999.000,9999.000,9999.000,9999.000,9999.000
202606190142,   0.881,9999.000,9999.000,9999.000,9999.000,9999.000,9999.000,9999.000,9999.000
202606190148,   0.874,9999.000,9999.000,9999.000,9999.000,9999.000,9999.000,9999.000,9999.000
202606190154,   0.867,9999.000,9999.000,9999.000,9999.000,9999.000,9999.000,9999.000,9999.000
202606190200,   0.859,9999.000,  -0.200,9999.000,   0.659,  -0.200,   0.659,  -0.100,   0.759
202606190206,   0.851,9999.000,9999.000,9999.000,9999.000,9999.000,9999.000,9999.000,9999.000
202606190212,   0.842,9999.000,9999.000,9999.000,9999.000,9999.000,9999.000,9999.000,9999.000
202606190218,   0.833,   1.630,9999.000,9999.000,9999.000,9999.000,9999.000,9999.000,9999.000
202606190224,   0.824,9999.000,9999.000,9999.000,9999.000,9999.000,9999.000,9999.000,9999.000
202606190230,   0.814,9999.000,9999.000,9999.000,9999.000,9999.000,9999.000,9999.000,9999.000
202606190236,   0.804,9999.000,9999.000,9999.000,9999.000,9999.000,9999.000,9999.000,9999.000
202606190242,   0.793,9999.000,9999.000,9999.000,9999.000,9999.000,9999.000,9999.000,9999.000
202606190248,   0.782,9999.000,9999.000,9999.000,9999.000,9999.000,9999.000,9999.000,9999.000
202606190254,   0.771,9999.000,9999.000,9999.000,9999.000,9999.000,9999.000,9999.000,9999.000
202606190300,   0.760,9999.000,  -0.200,9999.000,   0.560,  -0.200,   0.560,  -0.100,   0.660
202606190306,   0.748,9999.000,9999.000,9999.000,9999.000,9999.000,9999.000,9999.000,9999.000
202606190312,   0.737,9999.000,9999.000,9999.000,9999.000,9999.000,9999.000,9999.000,9999.000
202606190318,   0.725,9999.000,9999.000,9999.000,9999.000,9999.000,9999.000,9999.000,9999.000
202606190324,   0.713,   1.475,9999.000,9999.000,9999.000,9999.000,9999.000,9999.000,9999.000
202606190330,   0.701,9999.000,9999.000,9999.000,9999.000,9999.000,9999.000,9999.000,9999.000
202606190336,   0.689,   1.518,9999.000,9999.000,9999.000,9999.000,9999.000,9999.000,9999.000
202606190342,   0.677,   1.498,9999.000,9999.000,9999.000,9999.000,9999.000,9999.000,9999.000
202606190348,   0.665,   1.479,9999.000,9999.000,9999.000,9999.000,9999.000,9999.000,9999.000
202606190354,   0.653,9999.000,9999.000,9999.000,9999.000,9999.000,9999.000,9999.000,9999.000
202606190400,   0.641,9999.000,  -0.200,9999.000,   0.441,  -0.200,   0.441,  -0.100,   0.541
202606190406,   0.630,9999.000,9999.000,9999.000,9999.000,9999.000,9999.000,9999.000,9999.000
202606190412,   0.618,9999.000,9999.000,9999.000,9999.000,9999.000,9999.000,9999.000,9999.000
202606190418,   0.607,9999.000,9999.000,9999.000,9999.000,9999.000,9999.000,9999.000,9999.000
202606190424,   0.596,   1.380,9999.000,9999.000,9999.000,9999.000,9999.000,9999.000,9999.000
202606190430,   0.585,   1.410,9999.000,9999.000,9999.000,9999.000,9999.000,9999.000,9999.000
202606190436,   0.575,   1.400,9999.000,9999.000,9999.000,9999.000,9999.000,9999.000,9999.000
202606190442,   0.564,   1.380,9999.000,9999.000,9999.000,9999.000,9999.000,9999.000,9999.000
202606190448,   0.555,9999.000,9999.000,9999.000,9999.000,9999.000,9999.000,9999.000,9999.000
202606190454,   0.545,9999.000,9999.000,9999.000,9999.000,9999.000,9999.000,9999.000,9999.000
202606190500,   0.536,9999.000,  -0.100,9999.000,   0.436,  -0.200,   0.336,  -0.100,   0.436
202606190506,   0.527,9999.000,9999.000,9999.000,9999.000,9999.000,9999.000,9999.000,9999.000
202606190512,   0.519,   1.348,9999.000,9999.000,9999.000,9999.000,9999.000,9999.000,9999.000
202606190518,   0.511,9999.000,9999.000,9999.000,9999.000,9999.000,9999.000,9999.000,9999.000
202606190524,   0.504,9999.000,9999.000,9999.000,9999.000,9999.000,9999.000,9999.000,9999.000
202606190530,   0.497,9999.000,9999.000,9999.000,9999.000,9999.000,9999.000,9999.000,9999.000
202606190536,   0.491,9999.000,9999.000,9999.000,9999.000,9999.000,9999.000,9999.000,9999.000
202606190542,   0.485,9999.000,9999.000,9999.000,9999.000,9999.000,9999.000,9999.000,9999.000
202606190548,   0.480,9999.000,9999.000,9999.000,9999.000,9999.000,9999.000,9999.000,9999.000
202606190554,   0.475,9999.000,9999.000,9999.000,9999.000,9999.000,9999.000,9999.000,9999.000
202606190600,   0.471,9999.000,  -0.100,9999.000,   0.371,  -0.200,   0.271,  -0.100,   0.371
202606190606,   0.467,9999.000,9999.000,9999.000,9999.000,9999.000,9999.000,9999.000,9999.000
202606190612,   0.464,9999.000,9999.000,9999.000,9999.000,9999.000,9999.000,9999.000,9999.000
202606190618,   0.462,9999.000,9999.000,9999.000,9999.000,9999.000,9999.000,9999.000,9999.000
202606190624,   0.460,9999.000,9999.000,9999.000,9999.000,9999.000,9999.000,9999.000,9999.000
202606190630,   0.459,9999.000,9999.000,9999.000,9999.000,9999.000,9999.000,9999.000,9999.000
202606190636,   0.458,9999.000,9999.000,9999.000,9999.000,9999.000,9999.000,9999.000,9999.000
202606190642,   0.458,9999.000,9999.000,9999.000,9999.000,9999.000,9999.000,9999.000,9999.000
202606190648,   0.459,9999.000,9999.000,9999.000,9999.000,9999.000,9999.000,9999.000,9999.000
202606190654,   0.460,9999.000,9999.000,9999.000,9999.000,9999.000,9999.000,9999.000,9999.000
202606190700,   0.462,9999.000,  -0.100,9999.000,   0.362,  -0.200,   0.262,  -0.100,   0.362
202606190706,   0.464,9999.000,9999.000,9999.000,9999.000,9999.000,9999.000,9999.000,9999.000
202606190712,   0.467,9999.000,9999.000,9999.000,9999.000,9999.000,9999.000,9999.000,9999.000
202606190718,   0.470,9999.000,9999.000,9999.000,9999.000,9999.000,9999.000,9999.000,9999.000
202606190724,   0.474,9999.000,9999.000,9999.000,9999.000,9999.000,9999.000,9999.000,9999.000
202606190730,   0.479,9999.000,9999.000,9999.000,9999.000,9999.000,9999.000,9999.000,9999.000
202606190736,   0.484,9999.000,9999.000,9999.000,9999.000,9999.000,9999.000,9999.000,9999.000
202606190742,   0.489,9999.000,9999.000,9999.000,9999.000,9999.000,9999.000,9999.000,9999.000
202606190748,   0.495,9999.000,9999.000,9999.000,9999.000,9999.000,9999.000,9999.000,9999.000
202606190754,   0.502,   1.459,9999.000,9999.000,9999.000,9999.000,9999.000,9999.000,9999.000
202606190800,   0.509,   1.439,  -0.100,   1.030,   1.439,  -0.200,   1.339,  -0.100,   1.439
202606190806,   0.516,   1.449,9999.000,9999.000,9999.000,9999.000,9999.000,9999.000,9999.000
202606190812,   0.524,   1.430,9999.000,9999.000,9999.000,9999.000,9999.000,9999.000,9999.000
202606190818,   0.532,   1.439,9999.000,9999.000,9999.000,9999.000,9999.000,9999.000,9999.000
202606190824,   0.540,   1.439,9999.000,9999.000,9999.000,9999.000,9999.000,9999.000,9999.000
202606190830,   0.549,   1.459,9999.000,9999.000,9999.000,9999.000,9999.000,9999.000,9999.000
202606190836,   0.558,   1.479,9999.000,9999.000,9999.000,9999.000,9999.000,9999.000,9999.000
202606190842,   0.567,   1.498,9999.000,9999.000,9999.000,9999.000,9999.000,9999.000,9999.000
202606190848,   0.577,   1.518,9999.000,9999.000,9999.000,9999.000,9999.000,9999.000,9999.000
202606190854,   0.587,   1.518,9999.000,9999.000,9999.000,9999.000,9999.000,9999.000,9999.000
202606190900,   0.597,   1.518,  -0.100,   1.021,   1.518,  -0.200,   1.418,  -0.100,   1.518
202606190906,   0.607,   1.518,9999.000,9999.000,9999.000,9999.000,9999.000,9999.000,9999.000
202606190912,   0.617,   1.528,9999.000,9999.000,9999.000,9999.000,9999.000,9999.000,9999.000
202606190918,   0.627,   1.557,9999.000,9999.000,9999.000,9999.000,9999.000,9999.000,9999.000
202606190924,   0.638,   1.580,9999.000,9999.000,9999.000,9999.000,9999.000,9999.000,9999.000
202606190930,   0.648,   1.590,9999.000,9999.000,9999.000,9999.000,9999.000,9999.000,9999.000
202606190936,   0.658,   1.590,9999.000,9999.000,9999.000,9999.000,9999.000,9999.000,9999.000
202606190942,   0.669,   1.600,9999.000,9999.000,9999.000,9999.000,9999.000,9999.000,9999.000
202606190948,   0.679,   1.610,9999.000,9999.000,9999.000,9999.000,9999.000,9999.000,9999.000
202606190954,   0.689,   1.620,9999.000,9999.000,9999.000,9999.000,9999.000,9999.000,9999.000
202606191000,   0.700,   1.639,  -0.200,   1.139,   1.639,  -0.200,   1.639,  -0.100,   1.739
202606191006,   0.709,   1.649,9999.000,9999.000,9999.000,9999.000,9999.000,9999.000,9999.000
202606191012,   0.719,   1.659,9999.000,9999.000,9999.000,9999.000,9999.000,9999.000,9999.000
202606191018,   0.729,   1.679,9999.000,9999.000,9999.000,9999.000,9999.000,9999.000,9999.000
202606191024,   0.738,   1.689,9999.000,9999.000,9999.000,9999.000,9999.000,9999.000,9999.000
202606191030,   0.747,   1.699,9999.000,9999.000,9999.000,9999.000,9999.000,9999.000,9999.000
202606191036,   0.756,   1.699,9999.000,9999.000,9999.000,9999.000,9999.000,9999.000,9999.000
202606191042,   0.764,   1.708,9999.000,9999.000,9999.000,9999.000,9999.000,9999.000,9999.000
202606191048,   0.772,   1.718,9999.000,9999.000,9999.000,9999.000,9999.000,9999.000,9999.000
202606191054,   0.780,   1.738,9999.000,9999.000,9999.000,9999.000,9999.000,9999.000,9999.000
202606191100,   0.787,   1.748,  -0.200,   1.161,   1.748,  -0.200,   1.748,  -0.100,   1.848
202606191106,   0.794,   1.758,9999.000,9999.000,9999.000,9999.000,9999.000,9999.000,9999.000
202606191112,   0.801,   1.767,9999.000,9999.000,9999.000,9999.000,9999.000,9999.000,9999.000
202606191118,   0.806,   1.767,9999.000,9999.000,9999.000,9999.000,9999.000,9999.000,9999.000
202606191124,   0.812,   1.767,9999.000,9999.000,9999.000,9999.000,9999.000,9999.000,9999.000
202606191130,   0.817,9999.000,9999.000,9999.000,9999.000,9999.000,9999.000,9999.000,9999.000
202606191136,   0.821,   1.790,9999.000,9999.000,9999.000,9999.000,9999.000,9999.000,9999.000
202606191142,   0.825,   1.790,9999.000,9999.000,9999.000,9999.000,9999.000,9999.000,9999.000
202606191148,   0.828,   1.800,9999.000,9999.000,9999.000,9999.000,9999.000,9999.000,9999.000
202606191154,   0.831,   1.800,9999.000,9999.000,9999.000,9999.000,9999.000,9999.000,9999.000
202606191200,   0.833,   1.810,  -0.200,   1.177,   1.810,  -0.300,   1.710,  -0.100,   1.910
202606191206,   0.835,   1.810,9999.000,9999.000,9999.000,9999.000,9999.000,9999.000,9999.000
202606191212,   0.836,   1.800,9999.000,9999.000,9999.000,9999.000,9999.000,9999.000,9999.000
202606191218,   0.836,   1.800,9999.000,9999.000,9999.000,9999.000,9999.000,9999.000,9999.000
202606191224,   0.836,   1.800,9999.000,9999.000,9999.000,9999.000,9999.000,9999.000,9999.000
202606191230,   0.835,   1.781,9999.000,9999.000,9999.000,9999.000,9999.000,9999.000,9999.000
202606191236,   0.834,   1.781,9999.000,9999.000,9999.000,9999.000,9999.000,9999.000,9999.000
202606191242,   0.832,   1.790,9999.000,9999.000,9999.000,9999.000,9999.000,9999.000,9999.000
202606191248,   0.829,   1.781,9999.000,9999.000,9999.000,9999.000,9999.000,9999.000,9999.000
202606191254,   0.826,   1.767,9999.000,9999.000,9999.000,9999.000,9999.000,9999.000,9999.000
202606191300,   0.822,   1.758,  -0.200,   1.136,   1.758,  -0.300,   1.658,  -0.100,   1.858
202606191306,   0.818,   1.758,9999.000,9999.000,9999.000,9999.000,9999.000,9999.000,9999.000
202606191312,   0.813,9999.000,9999.000,9999.000,9999.000,9999.000,9999.000,9999.000,9999.000
202606191318,   0.807,   1.748,9999.000,9999.000,9999.000,9999.000,9999.000,9999.000,9999.000
202606191324,   0.801,   1.758,9999.000,9999.000,9999.000,9999.000,9999.000,9999.000,9999.000
202606191330,   0.794,   1.758,9999.000,9999.000,9999.000,9999.000,9999.000,9999.000,9999.000
202606191336,   0.787,   1.738,9999.000,9999.000,9999.000,9999.000,9999.000,9999.000,9999.000
202606191342,   0.779,   1.728,9999.000,9999.000,9999.000,9999.000,9999.000,9999.000,9999.000
202606191348,   0.771,   1.708,9999.000,9999.000,9999.000,9999.000,9999.000,9999.000,9999.000
202606191354,   0.762,   1.699,9999.000,9999.000,9999.000,9999.000,9999.000,9999.000,9999.000
202606191400,   0.752,   1.689,  -0.200,   1.137,   1.689,  -0.300,   1.589,  -0.100,   1.789
202606191406,   0.743,   1.679,9999.000,9999.000,9999.000,9999.000,9999.000,9999.000,9999.000
202606191412,   0.732,   1.679,9999.000,9999.000,9999.000,9999.000,9999.000,9999.000,9999.000
202606191418,   0.722,   1.669,9999.000,9999.000,9999.000,9999.000,9999.000,9999.000,9999.000
202606191424,   0.711,   1.659,9999.000,9999.000,9999.000,9999.000,9999.000,9999.000,9999.000
202606191430,   0.699,   1.649,9999.000,9999.000,9999.000,9999.000,9999.000,9999.000,9999.000
202606191436,   0.688,   1.639,9999.000,9999.000,9999.000,9999.000,9999.000,9999.000,9999.000
202606191442,   0.676,   1.630,9999.000,9999.000,9999.000,9999.000,9999.000,9999.000,9999.000
202606191448,   0.663,   1.620,9999.000,9999.000,9999.000,9999.000,9999.000,9999.000,9999.000
202606191454,   0.651,   1.610,9999.000,9999.000,9999.000,9999.000,9999.000,9999.000,9999.000
202606191500,   0.638,   1.610,  -0.200,   1.172,   1.610,  -0.300,   1.510,  -0.200,   1.610
202606191506,   0.625,   1.600,9999.000,9999.000,9999.000,9999.000,9999.000,9999.000,9999.000
202606191512,   0.612,   1.590,9999.000,9999.000,9999.000,9999.000,9999.000,9999.000,9999.000
202606191518,   0.599,   1.580,9999.000,9999.000,9999.000,9999.000,9999.000,9999.000,9999.000
202606191524,   0.585,   1.571,9999.000,9999.000,9999.000,9999.000,9999.000,9999.000,9999.000
202606191530,   0.572,   1.548,9999.000,9999.000,9999.000,9999.000,9999.000,9999.000,9999.000
202606191536,   0.558,   1.548,9999.000,9999.000,9999.000,9999.000,9999.000,9999.000,9999.000
202606191542,   0.545,   1.548,9999.000,9999.000,9999.000,9999.000,9999.000,9999.000,9999.000
202606191548,   0.531,   1.538,9999.000,9999.000,9999.000,9999.000,9999.000,9999.000,9999.000
202606191554,   0.518,   1.528,9999.000,9999.000,9999.000,9999.000,9999.000,9999.000,9999.000
202606191600,   0.505,   1.508,  -0.300,   1.303,   1.508,  -0.300,   1.508,  -0.200,   1.608
202606191606,   0.492,   1.479,9999.000,9999.000,9999.000,9999.000,9999.000,9999.000,9999.000
202606191612,   0.478,   1.449,9999.000,9999.000,9999.000,9999.000,9999.000,9999.000,9999.000
202606191618,   0.466,   1.449,9999.000,9999.000,9999.000,9999.000,9999.000,9999.000,9999.000
202606191624,   0.453,   1.449,9999.000,9999.000,9999.000,9999.000,9999.000,9999.000,9999.000
202606191630,   0.441,   1.430,9999.000,9999.000,9999.000,9999.000,9999.000,9999.000,9999.000
202606191636,   0.429,   1.400,9999.000,9999.000,9999.000,9999.000,9999.000,9999.000,9999.000
202606191642,   0.417,   1.371,9999.000,9999.000,9999.000,9999.000,9999.000,9999.000,9999.000
202606191648,   0.405,   1.348,9999.000,9999.000,9999.000,9999.000,9999.000,9999.000,9999.000
202606191654,   0.394,   1.348,9999.000,9999.000,9999.000,9999.000,9999.000,9999.000,9999.000
202606191700,   0.383,   1.338,  -0.300,   1.255,   1.338,  -0.300,   1.338,  -0.200,   1.438
202606191706,   0.373,   1.318,9999.000,9999.000,9999.000,9999.000,9999.000,9999.000,9999.000
202606191712,   0.363,   1.308,9999.000,9999.000,9999.000,9999.000,9999.000,9999.000,9999.000
202606191718,   0.354,   1.298,9999.000,9999.000,9999.000,9999.000,9999.000,9999.000,9999.000
202606191724,   0.345,   1.289,9999.000,9999.000,9999.000,9999.000,9999.000,9999.000,9999.000
202606191730,   0.337,   1.279,9999.000,9999.000,9999.000,9999.000,9999.000,9999.000,9999.000
202606191736,   0.329,   1.279,9999.000,9999.000,9999.000,9999.000,9999.000,9999.000,9999.000
202606191742,   0.321,   1.279,9999.000,9999.000,9999.000,9999.000,9999.000,9999.000,9999.000
202606191748,   0.315,9999.000,9999.000,9999.000,9999.000,9999.000,9999.000,9999.000,9999.000
202606191754,   0.308,   1.259,9999.000,9999.000,9999.000,9999.000,9999.000,9999.000,9999.000
202606191800,   0.303,   1.239,  -0.400,   1.336,   1.239,  -0.500,   1.139,  -0.400,   1.239
202606191806,   0.298,   1.239,9999.000,9999.000,9999.000,9999.000,9999.000,9999.000,9999.000
202606191812,   0.293,   1.229,9999.000,9999.000,9999.000,9999.000,9999.000,9999.000,9999.000
202606191818,   0.290,   1.220,9999.000,9999.000,9999.000,9999.000,9999.000,9999.000,9999.000
202606191824,   0.287,   1.229,9999.000,9999.000,9999.000,9999.000,9999.000,9999.000,9999.000
202606191830,   0.284,9999.000,9999.000,9999.000,9999.000,9999.000,9999.000,9999.000,9999.000
202606191836,   0.282,   1.229,9999.000,9999.000,9999.000,9999.000,9999.000,9999.000,9999.000
202606191842,   0.281,   1.220,9999.000,9999.000,9999.000,9999.000,9999.000,9999.000,9999.000
202606191848,   0.281,9999.000,9999.000,9999.000,9999.000,9999.000,9999.000,9999.000,9999.000
202606191854,   0.281,   1.220,9999.000,9999.000,9999.000,9999.000,9999.000,9999.000,9999.000
202606191900,   0.282,   1.220,  -0.500,   1.438,   1.220,  -0.500,   1.220,  -0.400,   1.320
202606191906,   0.283,   1.229,9999.000,9999.000,9999.000,9999.000,9999.000,9999.000,9999.000
202606191912,   0.286,   1.249,9999.000,9999.000,9999.000,9999.000,9999.000,9999.000,9999.000
202606191918,   0.288,   1.259,9999.000,9999.000,9999.000,9999.000,9999.000,9999.000,9999.000
202606191924,   0.292,   1.279,9999.000,9999.000,9999.000,9999.000,9999.000,9999.000,9999.000
202606191930,   0.296,   1.289,9999.000,9999.000,9999.000,9999.000,9999.000,9999.000,9999.000
202606191936,   0.301,   1.308,9999.000,9999.000,9999.000,9999.000,9999.000,9999.000,9999.000
202606191942,   0.306,   1.318,9999.000,9999.000,9999.000,9999.000,9999.000,9999.000,9999.000
202606191948,   0.312,   1.318,9999.000,9999.000,9999.000,9999.000,9999.000,9999.000,9999.000
202606191954,   0.318,   1.318,9999.000,9999.000,9999.000,9999.000,9999.000,9999.000,9999.000
202606192000,   0.325,   1.308,  -0.500,   1.483,   1.308,  -0.500,   1.308,  -0.400,   1.408
202606192006,   0.333,   1.318,9999.000,9999.000,9999.000,9999.000,9999.000,9999.000,9999.000
202606192012,   0.341,   1.308,9999.000,9999.000,9999.000,9999.000,9999.000,9999.000,9999.000
202606192018,   0.350,   1.318,9999.000,9999.000,9999.000,9999.000,9999.000,9999.000,9999.000
202606192024,   0.359,   1.338,9999.000,9999.000,9999.000,9999.000,9999.000,9999.000,9999.000
202606192030,   0.369,   1.348,9999.000,9999.000,9999.000,9999.000,9999.000,9999.000,9999.000
202606192036,   0.379,   1.371,9999.000,9999.000,9999.000,9999.000,9999.000,9999.000,9999.000
202606192042,   0.389,   1.361,9999.000,9999.000,9999.000,9999.000,9999.000,9999.000,9999.000
202606192048,   0.400,   1.348,9999.000,9999.000,9999.000,9999.000,9999.000,9999.000,9999.000
202606192054,   0.411,   1.371,9999.000,9999.000,9999.000,9999.000,9999.000,9999.000,9999.000
202606192100,   0.423,   1.380,  -0.500,   1.457,   1.380,  -0.500,   1.380,  -0.400,   1.480
202606192106,   0.435,   1.390,9999.000,9999.000,9999.000,9999.000,9999.000,9999.000,9999.000
202606192112,   0.447,9999.000,9999.000,9999.000,9999.000,9999.000,9999.000,9999.000,9999.000
202606192118,   0.460,   1.410,9999.000,9999.000,9999.000,9999.000,9999.000,9999.000,9999.000
202606192124,   0.472,   1.430,9999.000,9999.000,9999.000,9999.000,9999.000,9999.000,9999.000
202606192130,   0.485,9999.000,9999.000,9999.000,9999.000,9999.000,9999.000,9999.000,9999.000
202606192136,   0.498,   1.469,9999.000,9999.000,9999.000,9999.000,9999.000,9999.000,9999.000
202606192142,   0.511,   1.479,9999.000,9999.000,9999.000,9999.000,9999.000,9999.000,9999.000
202606192148,   0.525,   1.498,9999.000,9999.000,9999.000,9999.000,9999.000,9999.000,9999.000
202606192154,   0.538,   1.518,9999.000,9999.000,9999.000,9999.000,9999.000,9999.000,9999.000
202606192200,   0.552,   1.538,  -0.500,   1.486,   1.538,  -0.500,   1.538,  -0.400,   1.638
202606192206,   0.565,   1.548,9999.000,9999.000,9999.000,9999.000,9999.000,9999.000,9999.000
202606192212,   0.578,   1.538,9999.000,9999.000,9999.000,9999.000,9999.000,9999.000,9999.000
202606192218,   0.592,   1.538,9999.000,9999.000,9999.000,9999.000,9999.000,9999.000,9999.000
202606192224,   0.605,   1.557,9999.000,9999.000,9999.000,9999.000,9999.000,9999.000,9999.000
202606192230,   0.618,   1.580,9999.000,9999.000,9999.000,9999.000,9999.000,9999.000,9999.000
202606192236,   0.631,   1.600,9999.000,9999.000,9999.000,9999.000,9999.000,9999.000,9999.000
202606192242,   0.644,   1.630,9999.000,9999.000,9999.000,9999.000,9999.000,9999.000,9999.000
202606192248,   0.657,   1.639,9999.000,9999.000,9999.000,9999.000,9999.000,9999.000,9999.000
202606192254,   0.669,   1.659,9999.000,9999.000,9999.000,9999.000,9999.000,9999.000,9999.000
202606192300,   0.681,   1.649,  -0.500,   1.468,   1.649,  -0.600,   1.549,  -0.400,   1.749
202606192306,   0.693,   1.669,9999.000,9999.000,9999.000,9999.000,9999.000,9999.000,9999.000
202606192312,   0.704,9999.000,9999.000,9999.000,9999.000,9999.000,9999.000,9999.000,9999.000
202606192318,   0.716,9999.000,9999.000,9999.000,9999.000,9999.000,9999.000,9999.000,9999.000
202606192324,   0.726,   1.679,9999.000,9999.000,9999.000,9999.000,9999.000,9999.000,9999.000
202606192330,   0.737,9999.000,9999.000,9999.000,9999.000,9999.000,9999.000,9999.000,9999.000
202606192336,   0.747,   1.689,9999.000,9999.000,9999.000,9999.000,9999.000,9999.000,9999.000
202606192342,   0.756,9999.000,9999.000,9999.000,9999.000,9999.000,9999.000,9999.000,9999.000
202606192348,   0.765,9999.000,9999.000,9999.000,9999.000,9999.000,9999.000,9999.000,9999.000
202606192354,   0.774,9999.000,9999.000,9999.000,9999.000,9999.000,9999.000,9999.000,9999.000
202606200000,   0.782,9999.000,  -0.500,9999.000,   0.282,  -0.500,   0.282,  -0.400,   0.382
202606200006,   0.790,9999.000,9999.000,9999.000,9999.000,9999.000,9999.000,9999.000,9999.000
202606200012,   0.797,9999.000,9999.000,9999.000,9999.000,9999.000,9999.000,9999.000,9999.000
202606200018,   0.803,9999.000,9999.000,9999.000,9999.000,9999.000,9999.000,9999.000,9999.000
202606200024,   0.809,9999.000,9999.000,9999.000,9999.000,9999.000,9999.000,9999.000,9999.000
202606200030,   0.815,9999.000,9999.000,9999.000,9999.000,9999.000,9999.000,9999.000,9999.000
202606200036,   0.819,9999.000,9999.000,9999.000,9999.000,9999.000,9999.000,9999.000,9999.000
202606200042,   0.824,9999.000,9999.000,9999.000,9999.000,9999.000,9999.000,9999.000,9999.000
202606200048,   0.827,9999.000,9999.000,9999.000,9999.000,9999.000,9999.000,9999.000,9999.000
202606200054,   0.830,   1.771,9999.000,9999.000,9999.000,9999.000,9999.000,9999.000,9999.000
202606200100,   0.833,   1.771,  -0.500,   1.438,   1.771,  -0.500,   1.771,  -0.400,   1.871
202606200106,   0.835,   1.767,9999.000,9999.000,9999.000,9999.000,9999.000,9999.000,9999.000
202606200112,   0.836,   1.767,9999.000,9999.000,9999.000,9999.000,9999.000,9999.000,9999.000
202606200118,   0.836,9999.000,9999.000,9999.000,9999.000,9999.000,9999.000,9999.000,9999.000
202606200124,   0.837,9999.000,9999.000,9999.000,9999.000,9999.000,9999.000,9999.000,9999.000
202606200130,   0.836,9999.000,9999.000,9999.000,9999.000,9999.000,9999.000,9999.000,9999.000
202606200136,   0.835,9999.000,9999.000,9999.000,9999.000,9999.000,9999.000,9999.000,9999.000
202606200142,   0.833,9999.000,9999.000,9999.000,9999.000,9999.000,9999.000,9999.000,9999.000
202606200148,   0.831,9999.000,9999.000,9999.000,9999.000,9999.000,9999.000,9999.000,9999.000
202606200154,   0.828,   1.810,9999.000,9999.000,9999.000,9999.000,9999.000,9999.000,9999.000
202606200200,   0.824,   1.810,  -0.500,   1.486,   1.810,  -0.500,   1.810,  -0.400,   1.910
202606200206,   0.820,9999.000,9999.000,9999.000,9999.000,9999.000,9999.000,9999.000,9999.000
202606200212,   0.816,9999.000,9999.000,9999.000,9999.000,9999.000,9999.000,9999.000,9999.000
202606200218,   0.811,9999.000,9999.000,9999.000,9999.000,9999.000,9999.000,9999.000,9999.000
202606200224,   0.805,9999.000,9999.000,9999.000,9999.000,9999.000,9999.000,9999.000,9999.000
202606200230,   0.799,9999.000,9999.000,9999.000,9999.000,9999.000,9999.000,9999.000,9999.000
202606200236,   0.793,9999.000,9999.000,9999.000,9999.000,9999.000,9999.000,9999.000,9999.000
202606200242,   0.786,9999.000,9999.000,9999.000,9999.000,9999.000,9999.000,9999.000,9999.000
202606200248,   0.778,9999.000,9999.000,9999.000,9999.000,9999.000,9999.000,9999.000,9999.000
202606200254,   0.771,   1.725,9999.000,9999.000,9999.000,9999.000,9999.000,9999.000,9999.000
202606200300,   0.763,   1.728,  -0.500,   1.465,   1.728,  -0.500,   1.728,  -0.400,   1.828
202606200306,   0.754,9999.000,9999.000,9999.000,9999.000,9999.000,9999.000,9999.000,9999.000
202606200312,   0.745,9999.000,9999.000,9999.000,9999.000,9999.000,9999.000,9999.000,9999.000
202606200318,   0.736,9999.000,9999.000,9999.000,9999.000,9999.000,9999.000,9999.000,9999.000
202606200324,   0.727,9999.000,9999.000,9999.000,9999.000,9999.000,9999.000,9999.000,9999.000
202606200330,   0.717,9999.000,9999.000,9999.000,9999.000,9999.000,9999.000,9999.000,9999.000
202606200336,   0.708,9999.000,9999.000,9999.000,9999.000,9999.000,9999.000,9999.000,9999.000
202606200342,   0.698,9999.000,9999.000,9999.000,9999.000,9999.000,9999.000,9999.000,9999.000
202606200348,   0.687,9999.000,9999.000,9999.000,9999.000,9999.000,9999.000,9999.000,9999.000
202606200354,   0.677,9999.000,9999.000,9999.000,9999.000,9999.000,9999.000,9999.000,9999.000
202606200400,   0.667,9999.000,  -0.500,9999.000,   0.167,  -0.500,   0.167,  -0.400,   0.267
202606200406,   0.656,9999.000,9999.000,9999.000,9999.000,9999.000,9999.000,9999.000,9999.000
202606200412,   0.646,9999.000,9999.000,9999.000,9999.000,9999.000,9999.000,9999.000,9999.000
202606200418,   0.635,9999.000,9999.000,9999.000,9999.000,9999.000,9999.000,9999.000,9999.000
202606200424,   0.625,9999.000,9999.000,9999.000,9999.000,9999.000,9999.000,9999.000,9999.000
202606200430,   0.614,9999.000,9999.000,9999.000,9999.000,9999.000,9999.000,9999.000,9999.000
202606200436,   0.604,9999.000,9999.000,9999.000,9999.000,9999.000,9999.000,9999.000,9999.000
202606200442,   0.593,9999.000,9999.000,9999.000,9999.000,9999.000,9999.000,9999.000,9999.000
202606200448,   0.583,9999.000,9999.000,9999.000,9999.000,9999.000,9999.000,9999.000,9999.000
202606200454,   0.573,9999.000,9999.000,9999.000,9999.000,9999.000,9999.000,9999.000,9999.000
202606200500,   0.563,9999.000,  -0.500,9999.000,   0.063,  -0.500,   0.063,  -0.400,   0.163
202606200506,   0.554,9999.000,9999.000,9999.000,9999.000,9999.000,9999.000,9999.000,9999.000
202606200512,   0.544,9999.000,9999.000,9999.000,9999.000,9999.000,9999.000,9999.000,9999.000
202606200518,   0.535,9999.000,9999.000,9999.000,9999.000,9999.000,9999.000,9999.000,9999.000
202606200524,   0.527,9999.000,9999.000,9999.000,9999.000,9999.000,9999.000,9999.000,9999.000
202606200530,   0.518,9999.000,9999.000,9999.000,9999.000,9999.000,9999.000,9999.000,9999.000
202606200536,   0.510,9999.000,9999.000,9999.000,9999.000,9999.000,9999.000,9999.000,9999.000
202606200542,   0.502,9999.000,9999.000,9999.000,9999.000,9999.000,9999.000,9999.000,9999.000
202606200548,   0.495,9999.000,9999.000,9999.000,9999.000,9999.000,9999.000,9999.000,9999.000
202606200554,   0.488,   1.449,9999.000,9999.000,9999.000,9999.000,9999.000,9999.000,9999.000
202606200600,   0.481,   1.449,  -0.300,   1.268,   1.449,  -0.400,   1.349,  -0.300,   1.449
202606200606,   0.475,9999.000,9999.000,9999.000,9999.000,9999.000,9999.000,9999.000,9999.000
202606200612,   0.469,   1.459,9999.000,9999.000,9999.000,9999.000,9999.000,9999.000,9999.000
202606200618,   0.464,   1.449,9999.000,9999.000,9999.000,9999.000,9999.000,9999.000,9999.000
202606200624,   0.459,9999.000,9999.000,9999.000,9999.000,9999.000,9999.000,9999.000,9999.000
202606200630,   0.455,9999.000,9999.000,9999.000,9999.000,9999.000,9999.000,9999.000,9999.000
202606200636,   0.451,9999.000,9999.000,9999.000,9999.000,9999.000,9999.000,9999.000,9999.000
202606200642,   0.448,9999.000,9999.000,9999.000,9999.000,9999.000,9999.000,9999.000,9999.000
202606200648,   0.446,9999.000,9999.000,9999.000,9999.000,9999.000,9999.000,9999.000,9999.000
202606200654,   0.443,9999.000,9999.000,9999.000,9999.000,9999.000,9999.000,9999.000,9999.000
202606200700,   0.442,9999.000,  -0.300,9999.000,   0.142,  -0.400,   0.042,  -0.300,   0.142
202606200706,   0.441,9999.000,9999.000,9999.000,9999.000,9999.000,9999.000,9999.000,9999.000
202606200712,   0.440,9999.000,9999.000,9999.000,9999.000,9999.000,9999.000,9999.000,9999.000
202606200718,   0.440,9999.000,9999.000,9999.000,9999.000,9999.000,9999.000,9999.000,9999.000
202606200724,   0.441,9999.000,9999.000,9999.000,9999.000,9999.000,9999.000,9999.000,9999.000
202606200730,   0.442,9999.000,9999.000,9999.000,9999.000,9999.000,9999.000,9999.000,9999.000
202606200736,   0.444,9999.000,9999.000,9999.000,9999.000,9999.000,9999.000,9999.000,9999.000
202606200742,   0.446,9999.000,9999.000,9999.000,9999.000,9999.000,9999.000,9999.000,9999.000
202606200748,   0.449,   1.308,9999.000,9999.000,9999.000,9999.000,9999.000,9999.000,9999.000
202606200754,   0.452,9999.000,9999.000,9999.000,9999.000,9999.000,9999.000,9999.000,9999.000
202606200800,   0.456,   1.420,  -0.300,   1.264,   1.420,  -0.400,   1.320,  -0.200,   1.520
202606200806,   0.461,   1.420,9999.000,9999.000,9999.000,9999.000,9999.000,9999.000,9999.000
202606200812,   0.466,9999.000,9999.000,9999.000,9999.000,9999.000,9999.000,9999.000,9999.000
202606200818,   0.471,9999.000,9999.000,9999.000,9999.000,9999.000,9999.000,9999.000,9999.000
202606200824,   0.477,   1.541,9999.000,9999.000,9999.000,9999.000,9999.000,9999.000,9999.000
202606200830,   0.483,   1.528,9999.000,9999.000,9999.000,9999.000,9999.000,9999.000,9999.000
202606200836,   0.490,   1.518,9999.000,9999.000,9999.000,9999.000,9999.000,9999.000,9999.000
202606200842,   0.497,   1.538,9999.000,9999.000,9999.000,9999.000,9999.000,9999.000,9999.000
202606200848,   0.505,   1.538,9999.000,9999.000,9999.000,9999.000,9999.000,9999.000,9999.000
202606200854,   0.513,   1.584,9999.000,9999.000,9999.000,9999.000,9999.000,9999.000,9999.000
202606200900,   0.521,   1.528,  -0.300,   1.307,   1.528,  -0.400,   1.428,  -0.200,   1.628
202606200906,   0.530,   1.548,9999.000,9999.000,9999.000,9999.000,9999.000,9999.000,9999.000
202606200912,   0.539,   1.548,9999.000,9999.000,9999.000,9999.000,9999.000,9999.000,9999.000
202606200918,   0.548,   1.580,9999.000,9999.000,9999.000,9999.000,9999.000,9999.000,9999.000
202606200924,   0.558,   1.580,9999.000,9999.000,9999.000,9999.000,9999.000,9999.000,9999.000
202606200930,   0.568,9999.000,9999.000,9999.000,9999.000,9999.000,9999.000,9999.000,9999.000
202606200936,   0.578,9999.000,9999.000,9999.000,9999.000,9999.000,9999.000,9999.000,9999.000
202606200942,   0.588,   1.610,9999.000,9999.000,9999.000,9999.000,9999.000,9999.000,9999.000
202606200948,   0.599,9999.000,9999.000,9999.000,9999.000,9999.000,9999.000,9999.000,9999.000
202606200954,   0.609,   1.712,9999.000,9999.000,9999.000,9999.000,9999.000,9999.000,9999.000
202606201000,   0.620,   1.712,  -0.300,   1.392,   1.712,  -0.400,   1.612,  -0.200,   1.812
202606201006,   0.631,9999.000,9999.000,9999.000,9999.000,9999.000,9999.000,9999.000,9999.000
202606201012,   0.642,9999.000,9999.000,9999.000,9999.000,9999.000,9999.000,9999.000,9999.000
202606201018,   0.653,9999.000,9999.000,9999.000,9999.000,9999.000,9999.000,9999.000,9999.000
202606201024,   0.664,   1.699,9999.000,9999.000,9999.000,9999.000,9999.000,9999.000,9999.000
202606201030,   0.674,   1.708,9999.000,9999.000,9999.000,9999.000,9999.000,9999.000,9999.000
202606201036,   0.685,   1.738,9999.000,9999.000,9999.000,9999.000,9999.000,9999.000,9999.000
202606201042,   0.696,   1.767,9999.000,9999.000,9999.000,9999.000,9999.000,9999.000,9999.000
202606201048,   0.707,   1.767,9999.000,9999.000,9999.000,9999.000,9999.000,9999.000,9999.000
202606201054,   0.717,   1.767,9999.000,9999.000,9999.000,9999.000,9999.000,9999.000,9999.000
202606201100,   0.728,   1.748,  -0.300,   1.320,   1.748,  -0.400,   1.648,  -0.200,   1.848
202606201106,   0.738,   1.758,9999.000,9999.000,9999.000,9999.000,9999.000,9999.000,9999.000
202606201112,   0.748,9999.000,9999.000,9999.000,9999.000,9999.000,9999.000,9999.000,9999.000
202606201118,   0.757,   1.728,9999.000,9999.000,9999.000,9999.000,9999.000,9999.000,9999.000
202606201124,   0.767,   1.849,9999.000,9999.000,9999.000,9999.000,9999.000,9999.000,9999.000
202606201130,   0.776,   1.781,9999.000,9999.000,9999.000,9999.000,9999.000,9999.000,9999.000
202606201136,   0.785,   1.800,9999.000,9999.000,9999.000,9999.000,9999.000,9999.000,9999.000
202606201142,   0.793,   1.790,9999.000,9999.000,9999.000,9999.000,9999.000,9999.000,9999.000
202606201148,   0.802,   1.840,9999.000,9999.000,9999.000,9999.000,9999.000,9999.000,9999.000
202606201154,   0.809,   1.859,9999.000,9999.000,9999.000,9999.000,9999.000,9999.000,9999.000
202606201200,   0.817,   1.849,  -0.300,   1.332,   1.849,  -0.400,   1.749,  -0.300,   1.849
202606201206,   0.824,   1.908,9999.000,9999.000,9999.000,9999.000,9999.000,9999.000,9999.000
202606201212,   0.830,   1.918,9999.000,9999.000,9999.000,9999.000,9999.000,9999.000,9999.000
202606201218,   0.836,   1.908,9999.000,9999.000,9999.000,9999.000,9999.000,9999.000,9999.000
202606201224,   0.842,   1.859,9999.000,9999.000,9999.000,9999.000,9999.000,9999.000,9999.000
202606201230,   0.847,   1.879,9999.000,9999.000,9999.000,9999.000,9999.000,9999.000,9999.000
202606201236,   0.851,   1.908,9999.000,9999.000,9999.000,9999.000,9999.000,9999.000,9999.000
202606201242,   0.855,   1.899,9999.000,9999.000,9999.000,9999.000,9999.000,9999.000,9999.000
202606201248,   0.859,   1.918,9999.000,9999.000,9999.000,9999.000,9999.000,9999.000,9999.000
202606201254,   0.862,   1.938,9999.000,9999.000,9999.000,9999.000,9999.000,9999.000,9999.000
202606201300,   0.864,   1.918,  -0.300,   1.354,   1.918,  -0.400,   1.818,  -0.200,   2.018
202606201306,   0.866,9999.000,9999.000,9999.000,9999.000,9999.000,9999.000,9999.000,9999.000
202606201312,   0.867,   1.889,9999.000,9999.000,9999.000,9999.000,9999.000,9999.000,9999.000
202606201318,   0.868,   1.889,9999.000,9999.000,9999.000,9999.000,9999.000,9999.000,9999.000
202606201324,   0.868,   1.928,9999.000,9999.000,9999.000,9999.000,9999.000,9999.000,9999.000
202606201330,   0.868,   1.958,9999.000,9999.000,9999.000,9999.000,9999.000,9999.000,9999.000
202606201336,   0.867,   2.000,9999.000,9999.000,9999.000,9999.000,9999.000,9999.000,9999.000
202606201342,   0.865,   2.000,9999.000,9999.000,9999.000,9999.000,9999.000,9999.000,9999.000
202606201348,   0.863,   1.958,9999.000,9999.000,9999.000,9999.000,9999.000,9999.000,9999.000
202606201354,   0.861,   1.879,9999.000,9999.000,9999.000,9999.000,9999.000,9999.000,9999.000
202606201400,   0.858,   1.908,  -0.300,   1.350,   1.908,  -0.400,   1.808,  -0.200,   2.008
202606201406,   0.854,   1.938,9999.000,9999.000,9999.000,9999.000,9999.000,9999.000,9999.000
202606201412,   0.850,   1.981,9999.000,9999.000,9999.000,9999.000,9999.000,9999.000,9999.000
202606201418,   0.845,   1.967,9999.000,9999.000,9999.000,9999.000,9999.000,9999.000,9999.000
202606201424,   0.840,   2.030,9999.000,9999.000,9999.000,9999.000,9999.000,9999.000,9999.000
202606201430,   0.834,   2.010,9999.000,9999.000,9999.000,9999.000,9999.000,9999.000,9999.000
202606201436,   0.827,   1.958,9999.000,9999.000,9999.000,9999.000,9999.000,9999.000,9999.000
202606201442,   0.821,   1.928,9999.000,9999.000,9999.000,9999.000,9999.000,9999.000,9999.000
202606201448,   0.813,   1.899,9999.000,9999.000,9999.000,9999.000,9999.000,9999.000,9999.000
202606201454,   0.806,   1.863,9999.000,9999.000,9999.000,9999.000,9999.000,9999.000,9999.000
202606201500,   0.798,   1.899,  -0.300,   1.401,   1.899,  -0.300,   1.899,  -0.200,   1.999
202606201506,   0.789,   1.879,9999.000,9999.000,9999.000,9999.000,9999.000,9999.000,9999.000
202606201512,   0.780,   1.899,9999.000,9999.000,9999.000,9999.000,9999.000,9999.000,9999.000
202606201518,   0.771,   1.849,9999.000,9999.000,9999.000,9999.000,9999.000,9999.000,9999.000
202606201524,   0.761,   1.830,9999.000,9999.000,9999.000,9999.000,9999.000,9999.000,9999.000
202606201530,   0.751,   1.859,9999.000,9999.000,9999.000,9999.000,9999.000,9999.000,9999.000
202606201536,   0.741,   1.889,9999.000,9999.000,9999.000,9999.000,9999.000,9999.000,9999.000
202606201542,   0.731,   1.879,9999.000,9999.000,9999.000,9999.000,9999.000,9999.000,9999.000
202606201548,   0.720,   1.840,9999.000,9999.000,9999.000,9999.000,9999.000,9999.000,9999.000
202606201554,   0.709,   1.840,9999.000,9999.000,9999.000,9999.000,9999.000,9999.000,9999.000
202606201600,   0.698,   1.840,  -0.200,   1.342,   1.840,  -0.300,   1.740,  -0.200,   1.840
202606201606,   0.687,   1.849,9999.000,9999.000,9999.000,9999.000,9999.000,9999.000,9999.000
202606201612,   0.675,   1.840,9999.000,9999.000,9999.000,9999.000,9999.000,9999.000,9999.000
202606201618,   0.664,   1.800,9999.000,9999.000,9999.000,9999.000,9999.000,9999.000,9999.000
202606201624,   0.652,   1.721,9999.000,9999.000,9999.000,9999.000,9999.000,9999.000,9999.000
202606201630,   0.641,   1.748,9999.000,9999.000,9999.000,9999.000,9999.000,9999.000,9999.000
202606201636,   0.629,   1.748,9999.000,9999.000,9999.000,9999.000,9999.000,9999.000,9999.000
202606201642,   0.617,   1.748,9999.000,9999.000,9999.000,9999.000,9999.000,9999.000,9999.000
202606201648,   0.605,   1.758,9999.000,9999.000,9999.000,9999.000,9999.000,9999.000,9999.000
202606201654,   0.594,   1.718,9999.000,9999.000,9999.000,9999.000,9999.000,9999.000,9999.000
202606201700,   0.582,   1.718,  -0.200,   1.336,   1.718,  -0.300,   1.618,  -0.100,   1.818
202606201706,   0.571,   1.728,9999.000,9999.000,9999.000,9999.000,9999.000,9999.000,9999.000
202606201712,   0.560,   1.708,9999.000,9999.000,9999.000,9999.000,9999.000,9999.000,9999.000
202606201718,   0.548,   1.689,9999.000,9999.000,9999.000,9999.000,9999.000,9999.000,9999.000
202606201724,   0.538,   1.708,9999.000,9999.000,9999.000,9999.000,9999.000,9999.000,9999.000
202606201730,   0.527,   1.728,9999.000,9999.000,9999.000,9999.000,9999.000,9999.000,9999.000
202606201736,   0.516,   1.689,9999.000,9999.000,9999.000,9999.000,9999.000,9999.000,9999.000
202606201742,   0.506,9999.000,9999.000,9999.000,9999.000,9999.000,9999.000,9999.000,9999.000
202606201748,   0.496,9999.000,9999.000,9999.000,9999.000,9999.000,9999.000,9999.000,9999.000
202606201754,   0.487,   1.649,9999.000,9999.000,9999.000,9999.000,9999.000,9999.000,9999.000
202606201800,   0.477,   1.659,  -0.200,   1.382,   1.659,  -0.300,   1.559,  -0.100,   1.759
202606201806,   0.468,   1.659,9999.000,9999.000,9999.000,9999.000,9999.000,9999.000,9999.000
202606201812,   0.460,   1.659,9999.000,9999.000,9999.000,9999.000,9999.000,9999.000,9999.000
202606201818,   0.452,9999.000,9999.000,9999.000,9999.000,9999.000,9999.000,9999.000,9999.000
202606201824,   0.444,   1.639,9999.000,9999.000,9999.000,9999.000,9999.000,9999.000,9999.000
202606201830,   0.437,   1.639,9999.000,9999.000,9999.000,9999.000,9999.000,9999.000,9999.000
202606201836,   0.430,   1.649,9999.000,9999.000,9999.000,9999.000,9999.000,9999.000,9999.000
202606201842,   0.424,9999.000,9999.000,9999.000,9999.000,9999.000,9999.000,9999.000,9999.000
202606201848,   0.418,   1.649,9999.000,9999.000,9999.000,9999.000,9999.000,9999.000,9999.000
202606201854,   0.412,   1.659,9999.000,9999.000,9999.000,9999.000,9999.000,9999.000,9999.000
202606201900,   0.407,   1.649,  -0.100,   1.342,   1.649,  -0.200,   1.549,  -0.100,   1.649
202606201906,   0.403,   1.649,9999.000,9999.000,9999.000,9999.000,9999.000,9999.000,9999.000
202606201912,   0.399,   1.649,9999.000,9999.000,9999.000,9999.000,9999.000,9999.000,9999.000
202606201918,   0.396,   1.649,9999.000,9999.000,9999.000,9999.000,9999.000,9999.000,9999.000
202606201924,   0.393,   1.649,9999.000,9999.000,9999.000,9999.000,9999.000,9999.000,9999.000
202606201930,   0.391,   1.639,9999.000,9999.000,9999.000,9999.000,9999.000,9999.000,9999.000
202606201936,   0.389,   1.659,9999.000,9999.000,9999.000,9999.000,9999.000,9999.000,9999.000
202606201942,   0.388,   1.659,9999.000,9999.000,9999.000,9999.000,9999.000,9999.000,9999.000
202606201948,   0.387,   1.669,9999.000,9999.000,9999.000,9999.000,9999.000,9999.000,9999.000
202606201954,   0.387,   1.689,9999.000,9999.000,9999.000,9999.000,9999.000,9999.000,9999.000
202606202000,   0.387,   1.689,  -0.100,   1.402,   1.689,  -0.200,   1.589,   0.000,   1.789
202606202006,   0.388,   1.669,9999.000,9999.000,9999.000,9999.000,9999.000,9999.000,9999.000
202606202012,   0.390,   1.679,9999.000,9999.000,9999.000,9999.000,9999.000,9999.000,9999.000
202606202018,   0.392,   1.679,9999.000,9999.000,9999.000,9999.000,9999.000,9999.000,9999.000
202606202024,   0.394,   1.679,9999.000,9999.000,9999.000,9999.000,9999.000,9999.000,9999.000
202606202030,   0.397,   1.669,9999.000,9999.000,9999.000,9999.000,9999.000,9999.000,9999.000
202606202036,   0.401,   1.679,9999.000,9999.000,9999.000,9999.000,9999.000,9999.000,9999.000
202606202042,   0.405,   1.699,9999.000,9999.000,9999.000,9999.000,9999.000,9999.000,9999.000
202606202048,   0.409,   1.718,9999.000,9999.000,9999.000,9999.000,9999.000,9999.000,9999.000
202606202054,   0.414,   1.728,9999.000,9999.000,9999.000,9999.000,9999.000,9999.000,9999.000
202606202100,   0.420,   1.738,   0.000,   1.318,   1.738,  -0.100,   1.638,   0.000,   1.738
202606202106,   0.425,   1.718,9999.000,9999.000,9999.000,9999.000,9999.000,9999.000,9999.000
202606202112,   0.432,   1.728,9999.000,9999.000,9999.000,9999.000,9999.000,9999.000,9999.000
202606202118,   0.438,   1.767,9999.000,9999.000,9999.000,9999.000,9999.000,9999.000,9999.000
202606202124,   0.445,   1.758,9999.000,9999.000,9999.000,9999.000,9999.000,9999.000,9999.000
202606202130,   0.453,   1.758,9999.000,9999.000,9999.000,9999.000,9999.000,9999.000,9999.000
202606202136,   0.460,   1.767,9999.000,9999.000,9999.000,9999.000,9999.000,9999.000,9999.000
202606202142,   0.468,   1.767,9999.000,9999.000,9999.000,9999.000,9999.000,9999.000,9999.000
202606202148,   0.477,   1.790,9999.000,9999.000,9999.000,9999.000,9999.000,9999.000,9999.000
202606202154,   0.485,   1.810,9999.000,9999.000,9999.000,9999.000,9999.000,9999.000,9999.000
202606202200,   0.494,   1.810,   0.000,   1.316,   1.810,  -0.100,   1.710,   0.000,   1.810
202606202206,   0.503,   1.820,9999.000,9999.000,9999.000,9999.000,9999.000,9999.000,9999.000
202606202212,   0.512,9999.000,9999.000,9999.000,9999.000,9999.000,9999.000,9999.000,9999.000
202606202218,   0.522,   1.840,9999.000,9999.000,9999.000,9999.000,9999.000,9999.000,9999.000
202606202224,   0.531,   1.849,9999.000,9999.000,9999.000,9999.000,9999.000,9999.000,9999.000
202606202230,   0.541,   1.879,9999.000,9999.000,9999.000,9999.000,9999.000,9999.000,9999.000
202606202236,   0.551,   1.899,9999.000,9999.000,9999.000,9999.000,9999.000,9999.000,9999.000
202606202242,   0.561,   1.899,9999.000,9999.000,9999.000,9999.000,9999.000,9999.000,9999.000
202606202248,   0.570,   1.889,9999.000,9999.000,9999.000,9999.000,9999.000,9999.000,9999.000
202606202254,   0.580,   1.899,9999.000,9999.000,9999.000,9999.000,9999.000,9999.000,9999.000
202606202300,   0.590,   1.889,   0.000,   1.299,   1.889,   0.000,   1.889,   0.000,   1.889
202606202306,   0.600,   1.899,9999.000,9999.000,9999.000,9999.000,9999.000,9999.000,9999.000
202606202312,   0.610,   1.928,9999.000,9999.000,9999.000,9999.000,9999.000,9999.000,9999.000
202606202318,   0.620,   1.908,9999.000,9999.000,9999.000,9999.000,9999.000,9999.000,9999.000
202606202324,   0.629,   1.928,9999.000,9999.000,9999.000,9999.000,9999.000,9999.000,9999.000
202606202330,   0.639,   1.938,9999.000,9999.000,9999.000,9999.000,9999.000,9999.000,9999.000
202606202336,   0.648,   1.958,9999.000,9999.000,9999.000,9999.000,9999.000,9999.000,9999.000
202606202342,   0.657,   1.958,9999.000,9999.000,9999.000,9999.000,9999.000,9999.000,9999.000
202606202348,   0.666,   1.958,9999.000,9999.000,9999.000,9999.000,9999.000,9999.000,9999.000
202606202354,   0.675,   1.958,9999.000,9999.000,9999.000,9999.000,9999.000,9999.000,9999.000
202606210000,   0.683,   1.967,   0.000,   1.284,   1.967,   0.000,   1.967,   0.000,   1.967
202606210006,   0.691,   1.981,9999.000,9999.000,9999.000,9999.000,9999.000,9999.000,9999.000
202606210012,   0.699,   2.000,9999.000,9999.000,9999.000,9999.000,9999.000,9999.000,9999.000
202606210018,   0.706,   2.020,9999.000,9999.000,9999.000,9999.000,9999.000,9999.000,9999.000
202606210024,   0.713,   2.020,9999.000,9999.000,9999.000,9999.000,9999.000,9999.000,9999.000
202606210030,   0.720,   2.010,9999.000,9999.000,9999.000,9999.000,9999.000,9999.000,9999.000
202606210036,   0.727,   2.020,9999.000,9999.000,9999.000,9999.000,9999.000,9999.000,9999.000
202606210042,   0.733,   2.030,9999.000,9999.000,9999.000,9999.000,9999.000,9999.000,9999.000
202606210048,   0.738,   2.040,9999.000,9999.000,9999.000,9999.000,9999.000,9999.000,9999.000
202606210054,   0.743,   2.040,9999.000,9999.000,9999.000,9999.000,9999.000,9999.000,9999.000
202606210100,   0.748,   2.040,   0.000,   1.292,   2.040,   0.000,   2.040,   0.000,   2.040
202606210106,   0.753,   2.010,9999.000,9999.000,9999.000,9999.000,9999.000,9999.000,9999.000
202606210112,   0.756,   2.020,9999.000,9999.000,9999.000,9999.000,9999.000,9999.000,9999.000
202606210118,   0.760,   2.010,9999.000,9999.000,9999.000,9999.000,9999.000,9999.000,9999.000
202606210124,   0.763,   2.000,9999.000,9999.000,9999.000,9999.000,9999.000,9999.000,9999.000
202606210130,   0.765,   1.990,9999.000,9999.000,9999.000,9999.000,9999.000,9999.000,9999.000
202606210136,   0.767,   2.000,9999.000,9999.000,9999.000,9999.000,9999.000,9999.000,9999.000
202606210142,   0.769,   2.000,9999.000,9999.000,9999.000,9999.000,9999.000,9999.000,9999.000
202606210148,   0.770,   2.010,9999.000,9999.000,9999.000,9999.000,9999.000,9999.000,9999.000
202606210154,   0.770,   2.030,9999.000,9999.000,9999.000,9999.000,9999.000,9999.000,9999.000
202606210200,   0.770,   2.040,   0.000,   1.270,   2.040,   0.000,   2.040,   0.100,   2.140
202606210206,   0.769,   2.049,9999.000,9999.000,9999.000,9999.000,9999.000,9999.000,9999.000
202606210212,   0.768,   2.059,9999.000,9999.000,9999.000,9999.000,9999.000,9999.000,9999.000
202606210218,   0.767,   2.089,9999.000,9999.000,9999.000,9999.000,9999.000,9999.000,9999.000
202606210224,   0.765,   2.069,9999.000,9999.000,9999.000,9999.000,9999.000,9999.000,9999.000
202606210230,   0.763,   2.069,9999.000,9999.000,9999.000,9999.000,9999.000,9999.000,9999.000
202606210236,   0.760,   2.099,9999.000,9999.000,9999.000,9999.000,9999.000,9999.000,9999.000
202606210242,   0.756,   2.109,9999.000,9999.000,9999.000,9999.000,9999.000,9999.000,9999.000
202606210248,   0.752,   2.099,9999.000,9999.000,9999.000,9999.000,9999.000,9999.000,9999.000
202606210254,   0.748,   2.069,9999.000,9999.000,9999.000,9999.000,9999.000,9999.000,9999.000
202606210300,   0.743,   2.030,   0.000,   1.287,   2.030,   0.000,   2.030,   0.000,   2.030
202606210306,   0.738,   2.059,9999.000,9999.000,9999.000,9999.000,9999.000,9999.000,9999.000
202606210312,   0.733,   2.089,9999.000,9999.000,9999.000,9999.000,9999.000,9999.000,9999.000
202606210318,   0.727,   2.059,9999.000,9999.000,9999.000,9999.000,9999.000,9999.000,9999.000
202606210324,   0.721,   2.069,9999.000,9999.000,9999.000,9999.000,9999.000,9999.000,9999.000
202606210330,   0.714,   2.069,9999.000,9999.000,9999.000,9999.000,9999.000,9999.000,9999.000
202606210336,   0.707,   2.099,9999.000,9999.000,9999.000,9999.000,9999.000,9999.000,9999.000
202606210342,   0.700,   2.059,9999.000,9999.000,9999.000,9999.000,9999.000,9999.000,9999.000
202606210348,   0.692,   1.948,9999.000,9999.000,9999.000,9999.000,9999.000,9999.000,9999.000
202606210354,   0.684,   1.908,9999.000,9999.000,9999.000,9999.000,9999.000,9999.000,9999.000
202606210400,   0.676,   1.899,   0.000,   1.223,   1.899,   0.000,   1.899,   0.000,   1.899
202606210406,   0.668,   1.869,9999.000,9999.000,9999.000,9999.000,9999.000,9999.000,9999.000
202606210412,   0.659,   1.849,9999.000,9999.000,9999.000,9999.000,9999.000,9999.000,9999.000
202606210418,   0.651,   1.849,9999.000,9999.000,9999.000,9999.000,9999.000,9999.000,9999.000
202606210424,   0.642,   1.820,9999.000,9999.000,9999.000,9999.000,9999.000,9999.000,9999.000
202606210430,   0.633,   1.810,9999.000,9999.000,9999.000,9999.000,9999.000,9999.000,9999.000
202606210436,   0.624,   1.800,9999.000,9999.000,9999.000,9999.000,9999.000,9999.000,9999.000
202606210442,   0.615,   1.790,9999.000,9999.000,9999.000,9999.000,9999.000,9999.000,9999.000
202606210448,   0.605,   1.800,9999.000,9999.000,9999.000,9999.000,9999.000,9999.000,9999.000
202606210454,   0.596,   1.800,9999.000,9999.000,9999.000,9999.000,9999.000,9999.000,9999.000
202606210500,   0.587,   1.781,   0.000,   1.194,   1.781,   0.000,   1.781,   0.000,   1.781
202606210506,   0.578,   1.767,9999.000,9999.000,9999.000,9999.000,9999.000,9999.000,9999.000
202606210512,   0.568,   1.758,9999.000,9999.000,9999.000,9999.000,9999.000,9999.000,9999.000
202606210518,   0.559,   1.748,9999.000,9999.000,9999.000,9999.000,9999.000,9999.000,9999.000
202606210524,   0.550,   1.728,9999.000,9999.000,9999.000,9999.000,9999.000,9999.000,9999.000
202606210530,   0.541,   1.718,9999.000,9999.000,9999.000,9999.000,9999.000,9999.000,9999.000
202606210536,   0.533,   1.728,9999.000,9999.000,9999.000,9999.000,9999.000,9999.000,9999.000
202606210542,   0.524,   1.728,9999.000,9999.000,9999.000,9999.000,9999.000,9999.000,9999.000
202606210548,   0.515,   1.718,9999.000,9999.000,9999.000,9999.000,9999.000,9999.000,9999.000
202606210554,   0.507,   1.718,9999.000,9999.000,9999.000,9999.000,9999.000,9999.000,9999.000
202606210600,   0.499,   1.718,  -0.100,   1.319,   1.718,  -0.100,   1.718,   0.000,   1.818
202606210606,   0.492,   1.708,9999.000,9999.000,9999.000,9999.000,9999.000,9999.000,9999.000
202606210612,   0.484,9999.000,9999.000,9999.000,9999.000,9999.000,9999.000,9999.000,9999.000
202606210618,   0.477,9999.000,9999.000,9999.000,9999.000,9999.000,9999.000,9999.000,9999.000
202606210624,   0.470,   1.639,9999.000,9999.000,9999.000,9999.000,9999.000,9999.000,9999.000
202606210630,   0.464,   1.630,9999.000,9999.000,9999.000,9999.000,9999.000,9999.000,9999.000
202606210636,   0.458,   1.639,9999.000,9999.000,9999.000,9999.000,9999.000,9999.000,9999.000
202606210642,   0.452,   1.639,9999.000,9999.000,9999.000,9999.000,9999.000,9999.000,9999.000
202606210648,   0.447,   1.630,9999.000,9999.000,9999.000,9999.000,9999.000,9999.000,9999.000
202606210654,   0.442,   1.630,9999.000,9999.000,9999.000,9999.000,9999.000,9999.000,9999.000
202606210700,   0.437,   1.630,  -0.100,   1.293,   1.630,  -0.200,   1.530,   0.000,   1.730
202606210706,   0.433,   1.639,9999.000,9999.000,9999.000,9999.000,9999.000,9999.000,9999.000
202606210712,   0.430,   1.649,9999.000,9999.000,9999.000,9999.000,9999.000,9999.000,9999.000
202606210718,   0.426,   1.649,9999.000,9999.000,9999.000,9999.000,9999.000,9999.000,9999.000
202606210724,   0.424,   1.649,9999.000,9999.000,9999.000,9999.000,9999.000,9999.000,9999.000
202606210730,   0.422,   1.649,9999.000,9999.000,9999.000,9999.000,9999.000,9999.000,9999.000
202606210736,   0.420,   1.669,9999.000,9999.000,9999.000,9999.000,9999.000,9999.000,9999.000
202606210742,   0.419,   1.669,9999.000,9999.000,9999.000,9999.000,9999.000,9999.000,9999.000
202606210748,   0.418,   1.699,9999.000,9999.000,9999.000,9999.000,9999.000,9999.000,9999.000
202606210754,   0.418,   1.679,9999.000,9999.000,9999.000,9999.000,9999.000,9999.000,9999.000
202606210800,   0.418,   1.659,  -0.100,   1.341,   1.659,  -0.200,   1.559,   0.000,   1.759
202606210806,   0.419,   1.679,9999.000,9999.000,9999.000,9999.000,9999.000,9999.000,9999.000
202606210812,   0.420,   1.669,9999.000,9999.000,9999.000,9999.000,9999.000,9999.000,9999.000
202606210818,   0.422,   1.649,9999.000,9999.000,9999.000,9999.000,9999.000,9999.000,9999.000
202606210824,   0.425,   1.639,9999.000,9999.000,9999.000,9999.000,9999.000,9999.000,9999.000
202606210830,   0.428,   1.639,9999.000,9999.000,9999.000,9999.000,9999.000,9999.000,9999.000
202606210836,   0.431,   1.649,9999.000,9999.000,9999.000,9999.000,9999.000,9999.000,9999.000
202606210842,   0.435,   1.639,9999.000,9999.000,9999.000,9999.000,9999.000,9999.000,9999.000
202606210848,   0.439,   1.610,9999.000,9999.000,9999.000,9999.000,9999.000,9999.000,9999.000
202606210854,   0.444,   1.610,9999.000,9999.000,9999.000,9999.000,9999.000,9999.000,9999.000
202606210900,   0.449,   1.600,  -0.200,   1.351,   1.600,  -0.300,   1.500,  -0.100,   1.700
202606210906,   0.455,   1.590,9999.000,9999.000,9999.000,9999.000,9999.000,9999.000,9999.000
202606210912,   0.461,   1.600,9999.000,9999.000,9999.000,9999.000,9999.000,9999.000,9999.000
202606210918,   0.468,   1.571,9999.000,9999.000,9999.000,9999.000,9999.000,9999.000,9999.000
202606210924,   0.475,   1.600,9999.000,9999.000,9999.000,9999.000,9999.000,9999.000,9999.000
202606210930,   0.483,   1.610,9999.000,9999.000,9999.000,9999.000,9999.000,9999.000,9999.000
202606210936,   0.490,   1.610,9999.000,9999.000,9999.000,9999.000,9999.000,9999.000,9999.000
202606210942,   0.499,   1.639,9999.000,9999.000,9999.000,9999.000,9999.000,9999.000,9999.000
202606210948,   0.507,   1.630,9999.000,9999.000,9999.000,9999.000,9999.000,9999.000,9999.000
202606210954,   0.516,   1.639,9999.000,9999.000,9999.000,9999.000,9999.000,9999.000,9999.000
202606211000,   0.525,   1.679,  -0.300,   1.454,   1.679,  -0.400,   1.579,  -0.200,   1.779
202606211006,   0.535,   1.649,9999.000,9999.000,9999.000,9999.000,9999.000,9999.000,9999.000
202606211012,   0.545,   1.639,9999.000,9999.000,9999.000,9999.000,9999.000,9999.000,9999.000
202606211018,   0.555,   1.659,9999.000,9999.000,9999.000,9999.000,9999.000,9999.000,9999.000
202606211024,   0.565,   1.669,9999.000,9999.000,9999.000,9999.000,9999.000,9999.000,9999.000
202606211030,   0.575,   1.738,9999.000,9999.000,9999.000,9999.000,9999.000,9999.000,9999.000
202606211036,   0.586,   1.758,9999.000,9999.000,9999.000,9999.000,9999.000,9999.000,9999.000
202606211042,   0.597,   1.748,9999.000,9999.000,9999.000,9999.000,9999.000,9999.000,9999.000
202606211048,   0.608,   1.781,9999.000,9999.000,9999.000,9999.000,9999.000,9999.000,9999.000
202606211054,   0.619,   1.781,9999.000,9999.000,9999.000,9999.000,9999.000,9999.000,9999.000
202606211100,   0.630,   1.820,  -0.300,   1.490,   1.820,  -0.400,   1.720,  -0.200,   1.920
202606211106,   0.641,   1.810,9999.000,9999.000,9999.000,9999.000,9999.000,9999.000,9999.000
202606211112,   0.652,   1.810,9999.000,9999.000,9999.000,9999.000,9999.000,9999.000,9999.000
202606211118,   0.663,   1.820,9999.000,9999.000,9999.000,9999.000,9999.000,9999.000,9999.000
202606211124,   0.675,   1.840,9999.000,9999.000,9999.000,9999.000,9999.000,9999.000,9999.000
202606211130,   0.686,   1.830,9999.000,9999.000,9999.000,9999.000,9999.000,9999.000,9999.000
202606211136,   0.697,   1.820,9999.000,9999.000,9999.000,9999.000,9999.000,9999.000,9999.000
202606211142,   0.708,   1.830,9999.000,9999.000,9999.000,9999.000,9999.000,9999.000,9999.000
202606211148,   0.718,   1.849,9999.000,9999.000,9999.000,9999.000,9999.000,9999.000,9999.000
202606211154,   0.729,   1.840,9999.000,9999.000,9999.000,9999.000,9999.000,9999.000,9999.000
202606211200,   0.740,   1.849,  -0.300,   1.409,   1.849,  -0.400,   1.749,  -0.300,   1.849
202606211206,   0.750,   1.859,9999.000,9999.000,9999.000,9999.000,9999.000,9999.000,9999.000
202606211212,   0.760,   1.849,9999.000,9999.000,9999.000,9999.000,9999.000,9999.000,9999.000
202606211218,   0.770,   1.889,9999.000,9999.000,9999.000,9999.000,9999.000,9999.000,9999.000
202606211224,   0.780,   1.938,9999.000,9999.000,9999.000,9999.000,9999.000,9999.000,9999.000
202606211230,   0.789,   1.938,9999.000,9999.000,9999.000,9999.000,9999.000,9999.000,9999.000
202606211236,   0.798,   1.908,9999.000,9999.000,9999.000,9999.000,9999.000,9999.000,9999.000
202606211242,   0.807,   1.889,9999.000,9999.000,9999.000,9999.000,9999.000,9999.000,9999.000
202606211248,   0.815,   1.879,9999.000,9999.000,9999.000,9999.000,9999.000,9999.000,9999.000
202606211254,   0.823,   1.908,9999.000,9999.000,9999.000,9999.000,9999.000,9999.000,9999.000
202606211300,   0.831,   1.928,  -0.400,   1.497,   1.928,  -0.400,   1.928,  -0.300,   2.028
202606211306,   0.838,   1.958,9999.000,9999.000,9999.000,9999.000,9999.000,9999.000,9999.000
202606211312,   0.845,   1.990,9999.000,9999.000,9999.000,9999.000,9999.000,9999.000,9999.000
202606211318,   0.851,   2.010,9999.000,9999.000,9999.000,9999.000,9999.000,9999.000,9999.000
202606211324,   0.857,   1.990,9999.000,9999.000,9999.000,9999.000,9999.000,9999.000,9999.000
202606211330,   0.862,   1.990,9999.000,9999.000,9999.000,9999.000,9999.000,9999.000,9999.000
202606211336,   0.867,   1.967,9999.000,9999.000,9999.000,9999.000,9999.000,9999.000,9999.000
202606211342,   0.872,   1.967,9999.000,9999.000,9999.000,9999.000,9999.000,9999.000,9999.000
202606211348,   0.876,   1.981,9999.000,9999.000,9999.000,9999.000,9999.000,9999.000,9999.000
202606211354,   0.880,   2.000,9999.000,9999.000,9999.000,9999.000,9999.000,9999.000,9999.000
202606211400,   0.883,   1.990,  -0.400,   1.507,   1.990,  -0.500,   1.890,  -0.300,   2.090
202606211406,   0.885,   1.981,9999.000,9999.000,9999.000,9999.000,9999.000,9999.000,9999.000
202606211412,   0.887,   1.981,9999.000,9999.000,9999.000,9999.000,9999.000,9999.000,9999.000
202606211418,   0.889,   1.990,9999.000,9999.000,9999.000,9999.000,9999.000,9999.000,9999.000
202606211424,   0.890,   2.000,9999.000,9999.000,9999.000,9999.000,9999.000,9999.000,9999.000
202606211430,   0.890,   1.990,9999.000,9999.000,9999.000,9999.000,9999.000,9999.000,9999.000
202606211436,   0.890,   2.010,9999.000,9999.000,9999.000,9999.000,9999.000,9999.000,9999.000
202606211442,   0.890,   2.000,9999.000,9999.000,9999.000,9999.000,9999.000,9999.000,9999.000
202606211448,   0.889,   1.990,9999.000,9999.000,9999.000,9999.000,9999.000,9999.000,9999.000
202606211454,   0.887,   1.967,9999.000,9999.000,9999.000,9999.000,9999.000,9999.000,9999.000
202606211500,   0.885,   1.967,  -0.400,   1.482,   1.967,  -0.500,   1.867,  -0.400,   1.967
202606211506,   0.883,   1.990,9999.000,9999.000,9999.000,9999.000,9999.000,9999.000,9999.000
202606211512,   0.880,   1.981,9999.000,9999.000,9999.000,9999.000,9999.000,9999.000,9999.000
202606211518,   0.876,   1.967,9999.000,9999.000,9999.000,9999.000,9999.000,9999.000,9999.000
202606211524,   0.873,   1.967,9999.000,9999.000,9999.000,9999.000,9999.000,9999.000,9999.000
202606211530,   0.868,   1.958,9999.000,9999.000,9999.000,9999.000,9999.000,9999.000,9999.000
202606211536,   0.863,   1.967,9999.000,9999.000,9999.000,9999.000,9999.000,9999.000,9999.000
202606211542,   0.858,   1.990,9999.000,9999.000,9999.000,9999.000,9999.000,9999.000,9999.000
202606211548,   0.853,   1.967,9999.000,9999.000,9999.000,9999.000,9999.000,9999.000,9999.000
202606211554,   0.847,   1.958,9999.000,9999.000,9999.000,9999.000,9999.000,9999.000,9999.000
202606211600,   0.840,   1.958,  -0.500,   1.618,   1.958,  -0.500,   1.958,  -0.400,   2.058
202606211606,   0.833,   1.879,9999.000,9999.000,9999.000,9999.000,9999.000,9999.000,9999.000
202606211612,   0.826,   1.899,9999.000,9999.000,9999.000,9999.000,9999.000,9999.000,9999.000
202606211618,   0.819,   1.879,9999.000,9999.000,9999.000,9999.000,9999.000,9999.000,9999.000
202606211624,   0.811,   1.879,9999.000,9999.000,9999.000,9999.000,9999.000,9999.000,9999.000
202606211630,   0.803,   1.879,9999.000,9999.000,9999.000,9999.000,9999.000,9999.000,9999.000
202606211636,   0.795,   1.879,9999.000,9999.000,9999.000,9999.000,9999.000,9999.000,9999.000
202606211642,   0.786,   1.849,9999.000,9999.000,9999.000,9999.000,9999.000,9999.000,9999.000
202606211648,   0.777,   1.840,9999.000,9999.000,9999.000,9999.000,9999.000,9999.000,9999.000
202606211654,   0.768,   1.849,9999.000,9999.000,9999.000,9999.000,9999.000,9999.000,9999.000
202606211700,   0.759,   1.859,  -0.500,   1.600,   1.859,  -0.500,   1.859,  -0.400,   1.959
202606211706,   0.750,9999.000,9999.000,9999.000,9999.000,9999.000,9999.000,9999.000,9999.000
202606211712,   0.740,   1.849,9999.000,9999.000,9999.000,9999.000,9999.000,9999.000,9999.000
202606211718,   0.731,   1.830,9999.000,9999.000,9999.000,9999.000,9999.000,9999.000,9999.000
202606211724,   0.721,   1.820,9999.000,9999.000,9999.000,9999.000,9999.000,9999.000,9999.000
202606211730,   0.711,   1.781,9999.000,9999.000,9999.000,9999.000,9999.000,9999.000,9999.000
202606211736,   0.701,   1.781,9999.000,9999.000,9999.000,9999.000,9999.000,9999.000,9999.000
202606211742,   0.692,   1.781,9999.000,9999.000,9999.000,9999.000,9999.000,9999.000,9999.000
202606211748,   0.682,   1.767,9999.000,9999.000,9999.000,9999.000,9999.000,9999.000,9999.000
202606211754,   0.672,   1.748,9999.000,9999.000,9999.000,9999.000,9999.000,9999.000,9999.000
202606211800,   0.662,   1.758,  -0.500,   1.596,   1.758,  -0.500,   1.758,  -0.400,   1.858
202606211806,   0.653,   1.790,9999.000,9999.000,9999.000,9999.000,9999.000,9999.000,9999.000
202606211812,   0.643,   1.781,9999.000,9999.000,9999.000,9999.000,9999.000,9999.000,9999.000
202606211818,   0.634,   1.767,9999.000,9999.000,9999.000,9999.000,9999.000,9999.000,9999.000
202606211824,   0.624,   1.767,9999.000,9999.000,9999.000,9999.000,9999.000,9999.000,9999.000
202606211830,   0.615,   1.758,9999.000,9999.000,9999.000,9999.000,9999.000,9999.000,9999.000
202606211836,   0.606,   1.748,9999.000,9999.000,9999.000,9999.000,9999.000,9999.000,9999.000
202606211842,   0.597,   1.728,9999.000,9999.000,9999.000,9999.000,9999.000,9999.000,9999.000
202606211848,   0.589,   1.728,9999.000,9999.000,9999.000,9999.000,9999.000,9999.000,9999.000
202606211854,   0.581,   1.748,9999.000,9999.000,9999.000,9999.000,9999.000,9999.000,9999.000
202606211900,   0.573,   1.738,  -0.500,   1.665,   1.738,  -0.500,   1.738,  -0.400,   1.838
202606211906,   0.565,   1.708,9999.000,9999.000,9999.000,9999.000,9999.000,9999.000,9999.000
202606211912,   0.557,   1.708,9999.000,9999.000,9999.000,9999.000,9999.000,9999.000,9999.000
202606211918,   0.550,   1.718,9999.000,9999.000,9999.000,9999.000,9999.000,9999.000,9999.000
202606211924,   0.543,   1.699,9999.000,9999.000,9999.000,9999.000,9999.000,9999.000,9999.000
202606211930,   0.537,   1.699,9999.000,9999.000,9999.000,9999.000,9999.000,9999.000,9999.000
202606211936,   0.531,   1.669,9999.000,9999.000,9999.000,9999.000,9999.000,9999.000,9999.000
202606211942,   0.525,   1.669,9999.000,9999.000,9999.000,9999.000,9999.000,9999.000,9999.000
202606211948,   0.520,   1.659,9999.000,9999.000,9999.000,9999.000,9999.000,9999.000,9999.000
202606211954,   0.515,   1.639,9999.000,9999.000,9999.000,9999.000,9999.000,9999.000,9999.000
202606212000,   0.510,   1.630,  -0.400,   1.520,   1.630,  -0.500,   1.530,  -0.400,   1.630
202606212006,   0.506,   1.630,9999.000,9999.000,9999.000,9999.000,9999.000,9999.000,9999.000
202606212012,   0.502,   1.630,9999.000,9999.000,9999.000,9999.000,9999.000,9999.000,9999.000
202606212018,   0.499,   1.630,9999.000,9999.000,9999.000,9999.000,9999.000,9999.000,9999.000
202606212024,   0.496,   1.630,9999.000,9999.000,9999.000,9999.000,9999.000,9999.000,9999.000
202606212030,   0.493,   1.610,9999.000,9999.000,9999.000,9999.000,9999.000,9999.000,9999.000
202606212036,   0.491,   1.620,9999.000,9999.000,9999.000,9999.000,9999.000,9999.000,9999.000
202606212042,   0.489,   1.620,9999.000,9999.000,9999.000,9999.000,9999.000,9999.000,9999.000
202606212048,   0.488,   1.590,9999.000,9999.000,9999.000,9999.000,9999.000,9999.000,9999.000
202606212054,   0.487,   1.590,9999.000,9999.000,9999.000,9999.000,9999.000,9999.000,9999.000
202606212100,   0.487,   1.610,  -0.400,   1.523,   1.610,  -0.500,   1.510,  -0.300,   1.710
202606212106,   0.487,   1.610,9999.000,9999.000,9999.000,9999.000,9999.000,9999.000,9999.000
202606212112,   0.487,   1.600,9999.000,9999.000,9999.000,9999.000,9999.000,9999.000,9999.000
202606212118,   0.488,   1.620,9999.000,9999.000,9999.000,9999.000,9999.000,9999.000,9999.000
202606212124,   0.489,   1.649,9999.000,9999.000,9999.000,9999.000,9999.000,9999.000,9999.000
202606212130,   0.491,   1.659,9999.000,9999.000,9999.000,9999.000,9999.000,9999.000,9999.000
202606212136,   0.493,   1.649,9999.000,9999.000,9999.000,9999.000,9999.000,9999.000,9999.000
202606212142,   0.495,   1.659,9999.000,9999.000,9999.000,9999.000,9999.000,9999.000,9999.000
202606212148,   0.498,   1.659,9999.000,9999.000,9999.000,9999.000,9999.000,9999.000,9999.000
202606212154,   0.501,   1.679,9999.000,9999.000,9999.000,9999.000,9999.000,9999.000,9999.000
202606212200,   0.505,   1.689,  -0.400,   1.584,   1.689,  -0.500,   1.589,  -0.300,   1.789
202606212206,   0.508,   1.689,9999.000,9999.000,9999.000,9999.000,9999.000,9999.000,9999.000
202606212212,   0.513,   1.699,9999.000,9999.000,9999.000,9999.000,9999.000,9999.000,9999.000
202606212218,   0.517,   1.708,9999.000,9999.000,9999.000,9999.000,9999.000,9999.000,9999.000
202606212224,   0.522,   1.718,9999.000,9999.000,9999.000,9999.000,9999.000,9999.000,9999.000
202606212230,   0.527,   1.718,9999.000,9999.000,9999.000,9999.000,9999.000,9999.000,9999.000
202606212236,   0.532,   1.738,9999.000,9999.000,9999.000,9999.000,9999.000,9999.000,9999.000
202606212242,   0.537,   1.748,9999.000,9999.000,9999.000,9999.000,9999.000,9999.000,9999.000
202606212248,   0.543,   1.748,9999.000,9999.000,9999.000,9999.000,9999.000,9999.000,9999.000
202606212254,   0.549,   1.758,9999.000,9999.000,9999.000,9999.000,9999.000,9999.000,9999.000
202606212300,   0.555,   1.767,  -0.300,   1.512,   1.767,  -0.400,   1.667,  -0.200,   1.867
202606212306,   0.561,   1.781,9999.000,9999.000,9999.000,9999.000,9999.000,9999.000,9999.000
202606212312,   0.567,   1.800,9999.000,9999.000,9999.000,9999.000,9999.000,9999.000,9999.000
202606212318,   0.574,   1.810,9999.000,9999.000,9999.000,9999.000,9999.000,9999.000,9999.000
202606212324,   0.580,   1.800,9999.000,9999.000,9999.000,9999.000,9999.000,9999.000,9999.000
202606212330,   0.587,   1.810,9999.000,9999.000,9999.000,9999.000,9999.000,9999.000,9999.000
202606212336,   0.594,   1.830,9999.000,9999.000,9999.000,9999.000,9999.000,9999.000,9999.000
202606212342,   0.600,   1.830,9999.000,9999.000,9999.000,9999.000,9999.000,9999.000,9999.000
202606212348,   0.607,   1.830,9999.000,9999.000,9999.000,9999.000,9999.000,9999.000,9999.000
202606212354,   0.614,   1.830,9999.000,9999.000,9999.000,9999.000,9999.000,9999.000,9999.000
202606220000,   0.620,   1.830,  -0.300,   1.510,   1.830,  -0.400,   1.730,  -0.300,   1.830
202606220006,   0.627,   1.840,9999.000,9999.000,9999.000,9999.000,9999.000,9999.000,9999.000
202606220012,   0.633,   1.840,9999.000,9999.000,9999.000,9999.000,9999.000,9999.000,9999.000
202606220018,   0.640,   1.849,9999.000,9999.000,9999.000,9999.000,9999.000,9999.000,9999.000
202606220024,   0.646,   1.869,9999.000,9999.000,9999.000,9999.000,9999.000,9999.000,9999.000
202606220030,   0.652,   1.879,9999.000,9999.000,9999.000,9999.000,9999.000,9999.000,9999.000
202606220036,   0.658,   1.879,9999.000,9999.000,9999.000,9999.000,9999.000,9999.000,9999.000
202606220042,   0.664,   1.879,9999.000,9999.000,9999.000,9999.000,9999.000,9999.000,9999.000
202606220048,   0.670,   1.869,9999.000,9999.000,9999.000,9999.000,9999.000,9999.000,9999.000
202606220054,   0.675,   1.869,9999.000,9999.000,9999.000,9999.000,9999.000,9999.000,9999.000
202606220100,   0.681,   1.879,  -0.300,   1.498,   1.879,  -0.400,   1.779,  -0.300,   1.879
202606220106,   0.685,   1.879,9999.000,9999.000,9999.000,9999.000,9999.000,9999.000,9999.000
202606220112,   0.690,   1.879,9999.000,9999.000,9999.000,9999.000,9999.000,9999.000,9999.000
202606220118,   0.695,   1.889,9999.000,9999.000,9999.000,9999.000,9999.000,9999.000,9999.000
202606220124,   0.699,   1.889,9999.000,9999.000,9999.000,9999.000,9999.000,9999.000,9999.000
202606220130,   0.703,   1.879,9999.000,9999.000,9999.000,9999.000,9999.000,9999.000,9999.000
202606220136,   0.706,   1.889,9999.000,9999.000,9999.000,9999.000,9999.000,9999.000,9999.000
202606220142,   0.709,   1.899,9999.000,9999.000,9999.000,9999.000,9999.000,9999.000,9999.000
202606220148,   0.712,   1.908,9999.000,9999.000,9999.000,9999.000,9999.000,9999.000,9999.000
202606220154,   0.715,   1.918,9999.000,9999.000,9999.000,9999.000,9999.000,9999.000,9999.000
202606220200,   0.717,   1.918,  -0.300,   1.501,   1.918,  -0.300,   1.918,  -0.300,   1.918
202606220206,   0.719,   1.908,9999.000,9999.000,9999.000,9999.000,9999.000,9999.000,9999.000
202606220212,   0.720,   1.908,9999.000,9999.000,9999.000,9999.000,9999.000,9999.000,9999.000
202606220218,   0.721,   1.908,9999.000,9999.000,9999.000,9999.000,9999.000,9999.000,9999.000
202606220224,   0.722,   1.899,9999.000,9999.000,9999.000,9999.000,9999.000,9999.000,9999.000
202606220230,   0.722,   1.918,9999.000,9999.000,9999.000,9999.000,9999.000,9999.000,9999.000
202606220236,   0.722,   1.938,9999.000,9999.000,9999.000,9999.000,9999.000,9999.000,9999.000
202606220242,   0.721,   1.948,9999.000,9999.000,9999.000,9999.000,9999.000,9999.000,9999.000
202606220248,   0.721,   1.948,9999.000,9999.000,9999.000,9999.000,9999.000,9999.000,9999.000
202606220254,   0.719,   1.948,9999.000,9999.000,9999.000,9999.000,9999.000,9999.000,9999.000
202606220300,   0.718,   1.948,  -0.300,   1.530,   1.948,  -0.300,   1.948,  -0.300,   1.948
202606220306,   0.715,   1.938,9999.000,9999.000,9999.000,9999.000,9999.000,9999.000,9999.000
202606220312,   0.713,   1.928,9999.000,9999.000,9999.000,9999.000,9999.000,9999.000,9999.000
202606220318,   0.710,   1.918,9999.000,9999.000,9999.000,9999.000,9999.000,9999.000,9999.000
202606220324,   0.707,   1.905,9999.000,9999.000,9999.000,9999.000,9999.000,9999.000,9999.000
202606220330,   0.703,   1.928,9999.000,9999.000,9999.000,9999.000,9999.000,9999.000,9999.000
202606220336,   0.699,   1.918,9999.000,9999.000,9999.000,9999.000,9999.000,9999.000,9999.000
202606220342,   0.695,   1.928,9999.000,9999.000,9999.000,9999.000,9999.000,9999.000,9999.000
202606220348,   0.690,   1.918,9999.000,9999.000,9999.000,9999.000,9999.000,9999.000,9999.000
202606220354,   0.685,   1.908,9999.000,9999.000,9999.000,9999.000,9999.000,9999.000,9999.000
202606220400,   0.680,   1.908,  -0.300,   1.528,   1.908,  -0.300,   1.908,  -0.200,   2.008
202606220406,   0.674,   1.908,9999.000,9999.000,9999.000,9999.000,9999.000,9999.000,9999.000
202606220412,   0.668,   1.899,9999.000,9999.000,9999.000,9999.000,9999.000,9999.000,9999.000
202606220418,   0.662,   1.879,9999.000,9999.000,9999.000,9999.000,9999.000,9999.000,9999.000
202606220424,   0.656,   1.859,9999.000,9999.000,9999.000,9999.000,9999.000,9999.000,9999.000
202606220430,   0.649,   1.830,9999.000,9999.000,9999.000,9999.000,9999.000,9999.000,9999.000
202606220436,   0.642,9999.000,9999.000,9999.000,9999.000,9999.000,9999.000,9999.000,9999.000
202606220442,   0.635,   1.820,9999.000,9999.000,9999.000,9999.000,9999.000,9999.000,9999.000
202606220448,   0.627,   1.800,9999.000,9999.000,9999.000,9999.000,9999.000,9999.000,9999.000
202606220454,   0.620,   1.790,9999.000,9999.000,9999.000,9999.000,9999.000,9999.000,9999.000
202606220500,   0.612,   1.800,  -0.300,   1.488,   1.800,  -0.400,   1.700,  -0.200,   1.900
202606220506,   0.604,   1.781,9999.000,9999.000,9999.000,9999.000,9999.000,9999.000,9999.000
202606220512,   0.596,   1.748,9999.000,9999.000,9999.000,9999.000,9999.000,9999.000,9999.000
202606220518,   0.588,   1.748,9999.000,9999.000,9999.000,9999.000,9999.000,9999.000,9999.000
202606220524,   0.580,   1.738,9999.000,9999.000,9999.000,9999.000,9999.000,9999.000,9999.000
202606220530,   0.572,   1.728,9999.000,9999.000,9999.000,9999.000,9999.000,9999.000,9999.000
202606220536,   0.564,   1.728,9999.000,9999.000,9999.000,9999.000,9999.000,9999.000,9999.000
202606220542,   0.555,   1.708,9999.000,9999.000,9999.000,9999.000,9999.000,9999.000,9999.000
202606220548,   0.547,   1.708,9999.000,9999.000,9999.000,9999.000,9999.000,9999.000,9999.000
202606220554,   0.539,   1.708,9999.000,9999.000,9999.000,9999.000,9999.000,9999.000,9999.000
202606220600,   0.531,   1.699,  -0.300,   1.468,   1.699,  -0.300,   1.699,  -0.200,   1.799
202606220606,   0.523,   1.699,9999.000,9999.000,9999.000,9999.000,9999.000,9999.000,9999.000
202606220612,   0.515,   1.699,9999.000,9999.000,9999.000,9999.000,9999.000,9999.000,9999.000
202606220618,   0.507,   1.689,9999.000,9999.000,9999.000,9999.000,9999.000,9999.000,9999.000
202606220624,   0.499,   1.689,9999.000,9999.000,9999.000,9999.000,9999.000,9999.000,9999.000
202606220630,   0.491,   1.689,9999.000,9999.000,9999.000,9999.000,9999.000,9999.000,9999.000
202606220636,   0.484,   1.669,9999.000,9999.000,9999.000,9999.000,9999.000,9999.000,9999.000
202606220642,   0.477,   1.669,9999.000,9999.000,9999.000,9999.000,9999.000,9999.000,9999.000
202606220648,   0.470,   1.649,9999.000,9999.000,9999.000,9999.000,9999.000,9999.000,9999.000
202606220654,   0.463,   1.649,9999.000,9999.000,9999.000,9999.000,9999.000,9999.000,9999.000
202606220700,   0.456,   1.649,  -0.300,   1.493,   1.649,  -0.300,   1.649,  -0.200,   1.749
202606220706,   0.450,   1.659,9999.000,9999.000,9999.000,9999.000,9999.000,9999.000,9999.000
202606220712,   0.444,9999.000,9999.000,9999.000,9999.000,9999.000,9999.000,9999.000,9999.000
202606220718,   0.439,   1.679,9999.000,9999.000,9999.000,9999.000,9999.000,9999.000,9999.000
202606220724,   0.433,   1.669,9999.000,9999.000,9999.000,9999.000,9999.000,9999.000,9999.000
202606220730,   0.428,   1.669,9999.000,9999.000,9999.000,9999.000,9999.000,9999.000,9999.000
202606220736,   0.424,   1.649,9999.000,9999.000,9999.000,9999.000,9999.000,9999.000,9999.000
202606220742,   0.419,   1.630,9999.000,9999.000,9999.000,9999.000,9999.000,9999.000,9999.000
202606220748,   0.416,   1.630,9999.000,9999.000,9999.000,9999.000,9999.000,9999.000,9999.000
202606220754,   0.412,   1.620,9999.000,9999.000,9999.000,9999.000,9999.000,9999.000,9999.000
202606220800,   0.409,   1.620,  -0.200,   1.411,   1.620,  -0.300,   1.520,  -0.100,   1.720
202606220806,   0.406,   1.630,9999.000,9999.000,9999.000,9999.000,9999.000,9999.000,9999.000
202606220812,   0.404,   1.630,9999.000,9999.000,9999.000,9999.000,9999.000,9999.000,9999.000
202606220818,   0.403,   1.620,9999.000,9999.000,9999.000,9999.000,9999.000,9999.000,9999.000
202606220824,   0.401,   1.610,9999.000,9999.000,9999.000,9999.000,9999.000,9999.000,9999.000
202606220830,   0.400,   1.600,9999.000,9999.000,9999.000,9999.000,9999.000,9999.000,9999.000
202606220836,   0.400,   1.600,9999.000,9999.000,9999.000,9999.000,9999.000,9999.000,9999.000
202606220842,   0.400,   1.620,9999.000,9999.000,9999.000,9999.000,9999.000,9999.000,9999.000
202606220848,   0.401,   1.620,9999.000,9999.000,9999.000,9999.000,9999.000,9999.000,9999.000
202606220854,   0.402,   1.610,9999.000,9999.000,9999.000,9999.000,9999.000,9999.000,9999.000
202606220900,   0.403,   1.630,  -0.200,   1.427,   1.630,  -0.300,   1.530,  -0.100,   1.730
202606220906,   0.405,   1.630,9999.000,9999.000,9999.000,9999.000,9999.000,9999.000,9999.000
202606220912,   0.408,   1.630,9999.000,9999.000,9999.000,9999.000,9999.000,9999.000,9999.000
202606220918,   0.410,   1.610,9999.000,9999.000,9999.000,9999.000,9999.000,9999.000,9999.000
202606220924,   0.414,   1.610,9999.000,9999.000,9999.000,9999.000,9999.000,9999.000,9999.000
202606220930,   0.418,   1.600,9999.000,9999.000,9999.000,9999.000,9999.000,9999.000,9999.000
202606220936,   0.422,   1.620,9999.000,9999.000,9999.000,9999.000,9999.000,9999.000,9999.000
202606220942,   0.427,   1.639,9999.000,9999.000,9999.000,9999.000,9999.000,9999.000,9999.000
202606220948,   0.432,   1.630,9999.000,9999.000,9999.000,9999.000,9999.000,9999.000,9999.000
202606220954,   0.437,   1.649,9999.000,9999.000,9999.000,9999.000,9999.000,9999.000,9999.000
202606221000,   0.443,   1.669,  -0.200,   1.426,   1.669,  -0.300,   1.569,   0.000,   1.869
202606221006,   0.450,   1.659,9999.000,9999.000,9999.000,9999.000,9999.000,9999.000,9999.000
202606221012,   0.457,   1.669,9999.000,9999.000,9999.000,9999.000,9999.000,9999.000,9999.000
202606221018,   0.464,   1.679,9999.000,9999.000,9999.000,9999.000,9999.000,9999.000,9999.000
202606221024,   0.471,   1.708,9999.000,9999.000,9999.000,9999.000,9999.000,9999.000,9999.000
202606221030,   0.479,   1.708,9999.000,9999.000,9999.000,9999.000,9999.000,9999.000,9999.000
202606221036,   0.488,   1.708,9999.000,9999.000,9999.000,9999.000,9999.000,9999.000,9999.000
202606221042,   0.496,   1.728,9999.000,9999.000,9999.000,9999.000,9999.000,9999.000,9999.000
202606221048,   0.505,   1.738,9999.000,9999.000,9999.000,9999.000,9999.000,9999.000,9999.000
202606221054,   0.515,   1.728,9999.000,9999.000,9999.000,9999.000,9999.000,9999.000,9999.000
202606221100,   0.524,   1.738,  -0.200,   1.414,   1.738,  -0.300,   1.638,   0.000,   1.938
202606221106,   0.534,   1.748,9999.000,9999.000,9999.000,9999.000,9999.000,9999.000,9999.000
202606221112,   0.544,   1.758,9999.000,9999.000,9999.000,9999.000,9999.000,9999.000,9999.000
202606221118,   0.554,   1.748,9999.000,9999.000,9999.000,9999.000,9999.000,9999.000,9999.000
202606221124,   0.565,   1.758,9999.000,9999.000,9999.000,9999.000,9999.000,9999.000,9999.000
202606221130,   0.575,   1.781,9999.000,9999.000,9999.000,9999.000,9999.000,9999.000,9999.000
202606221136,   0.586,   1.790,9999.000,9999.000,9999.000,9999.000,9999.000,9999.000,9999.000
202606221142,   0.597,   1.800,9999.000,9999.000,9999.000,9999.000,9999.000,9999.000,9999.000
202606221148,   0.608,   1.820,9999.000,9999.000,9999.000,9999.000,9999.000,9999.000,9999.000
202606221154,   0.619,   1.885,9999.000,9999.000,9999.000,9999.000,9999.000,9999.000,9999.000
202606221200,   0.630,   1.840,  -0.100,   1.310,   1.840,  -0.200,   1.740,   0.000,   1.940
202606221206,   0.642,   1.859,9999.000,9999.000,9999.000,9999.000,9999.000,9999.000,9999.000
202606221212,   0.653,   1.869,9999.000,9999.000,9999.000,9999.000,9999.000,9999.000,9999.000
202606221218,   0.664,   1.869,9999.000,9999.000,9999.000,9999.000,9999.000,9999.000,9999.000
202606221224,   0.675,   1.869,9999.000,9999.000,9999.000,9999.000,9999.000,9999.000,9999.000
202606221230,   0.686,   1.889,9999.000,9999.000,9999.000,9999.000,9999.000,9999.000,9999.000
202606221236,   0.698,   1.899,9999.000,9999.000,9999.000,9999.000,9999.000,9999.000,9999.000
202606221242,   0.709,   1.908,9999.000,9999.000,9999.000,9999.000,9999.000,9999.000,9999.000
202606221248,   0.720,   1.928,9999.000,9999.000,9999.000,9999.000,9999.000,9999.000,9999.000
202606221254,   0.730,   1.928,9999.000,9999.000,9999.000,9999.000,9999.000,9999.000,9999.000
202606221300,   0.741,   1.938,  -0.100,   1.297,   1.938,  -0.200,   1.838,   0.000,   2.038
202606221306,   0.752,   1.938,9999.000,9999.000,9999.000,9999.000,9999.000,9999.000,9999.000
202606221312,   0.762,   1.958,9999.000,9999.000,9999.000,9999.000,9999.000,9999.000,9999.000
202606221318,   0.772,   1.967,9999.000,9999.000,9999.000,9999.000,9999.000,9999.000,9999.000
202606221324,   0.782,   1.981,9999.000,9999.000,9999.000,9999.000,9999.000,9999.000,9999.000
202606221330,   0.791,   1.990,9999.000,9999.000,9999.000,9999.000,9999.000,9999.000,9999.000
202606221336,   0.801,   1.990,9999.000,9999.000,9999.000,9999.000,9999.000,9999.000,9999.000
202606221342,   0.810,   2.010,9999.000,9999.000,9999.000,9999.000,9999.000,9999.000,9999.000
202606221348,   0.818,   2.030,9999.000,9999.000,9999.000,9999.000,9999.000,9999.000,9999.000
202606221354,   0.827,   2.020,9999.000,9999.000,9999.000,9999.000,9999.000,9999.000,9999.000
202606221400,   0.835,   2.020,  -0.100,   1.285,   2.020,  -0.100,   2.020,   0.000,   2.120
202606221406,   0.843,   2.020,9999.000,9999.000,9999.000,9999.000,9999.000,9999.000,9999.000
202606221412,   0.850,   2.030,9999.000,9999.000,9999.000,9999.000,9999.000,9999.000,9999.000
202606221418,   0.857,   2.040,9999.000,9999.000,9999.000,9999.000,9999.000,9999.000,9999.000
202606221424,   0.863,   2.040,9999.000,9999.000,9999.000,9999.000,9999.000,9999.000,9999.000
202606221430,   0.870,   2.059,9999.000,9999.000,9999.000,9999.000,9999.000,9999.000,9999.000
202606221436,   0.875,   2.059,9999.000,9999.000,9999.000,9999.000,9999.000,9999.000,9999.000
202606221442,   0.881,   2.069,9999.000,9999.000,9999.000,9999.000,9999.000,9999.000,9999.000
202606221448,   0.885,   2.059,9999.000,9999.000,9999.000,9999.000,9999.000,9999.000,9999.000
202606221454,   0.890,   2.059,9999.000,9999.000,9999.000,9999.000,9999.000,9999.000,9999.000
202606221500,   0.894,   2.069,   0.000,   1.175,   2.069,  -0.100,   1.969,   0.000,   2.069
202606221506,   0.897,   2.069,9999.000,9999.000,9999.000,9999.000,9999.000,9999.000,9999.000
202606221512,   0.900,   2.079,9999.000,9999.000,9999.000,9999.000,9999.000,9999.000,9999.000
202606221518,   0.903,   2.089,9999.000,9999.000,9999.000,9999.000,9999.000,9999.000,9999.000
202606221524,   0.905,   2.089,9999.000,9999.000,9999.000,9999.000,9999.000,9999.000,9999.000
202606221530,   0.907,9999.000,9999.000,9999.000,9999.000,9999.000,9999.000,9999.000,9999.000
202606221536,   0.908,   2.079,9999.000,9999.000,9999.000,9999.000,9999.000,9999.000,9999.000
202606221542,   0.909,   2.089,9999.000,9999.000,9999.000,9999.000,9999.000,9999.000,9999.000
202606221548,   0.909,   2.089,9999.000,9999.000,9999.000,9999.000,9999.000,9999.000,9999.000
202606221554,   0.909,   2.066,9999.000,9999.000,9999.000,9999.000,9999.000,9999.000,9999.000
202606221600,   0.908,   2.099,   0.000,   1.191,   2.099,  -0.100,   1.999,   0.000,   2.099
202606221606,   0.907,   2.099,9999.000,9999.000,9999.000,9999.000,9999.000,9999.000,9999.000
202606221612,   0.906,   2.109,9999.000,9999.000,9999.000,9999.000,9999.000,9999.000,9999.000
202606221618,   0.904,   2.099,9999.000,9999.000,9999.000,9999.000,9999.000,9999.000,9999.000
202606221624,   0.902,   2.079,9999.000,9999.000,9999.000,9999.000,9999.000,9999.000,9999.000
202606221630,   0.899,   2.069,9999.000,9999.000,9999.000,9999.000,9999.000,9999.000,9999.000
202606221636,   0.896,   2.079,9999.000,9999.000,9999.000,9999.000,9999.000,9999.000,9999.000
202606221642,   0.892,9999.000,9999.000,9999.000,9999.000,9999.000,9999.000,9999.000,9999.000
202606221648,   0.888,   2.089,9999.000,9999.000,9999.000,9999.000,9999.000,9999.000,9999.000
202606221654,   0.884,   2.079,9999.000,9999.000,9999.000,9999.000,9999.000,9999.000,9999.000
202606221700,   0.879,   2.069,   0.000,   1.190,   2.069,  -0.100,   1.969,   0.000,   2.069
202606221706,   0.874,   2.069,9999.000,9999.000,9999.000,9999.000,9999.000,9999.000,9999.000
202606221712,   0.868,   2.059,9999.000,9999.000,9999.000,9999.000,9999.000,9999.000,9999.000
202606221718,   0.863,   2.059,9999.000,9999.000,9999.000,9999.000,9999.000,9999.000,9999.000
202606221724,   0.857,   2.069,9999.000,9999.000,9999.000,9999.000,9999.000,9999.000,9999.000
202606221730,   0.850,   2.069,9999.000,9999.000,9999.000,9999.000,9999.000,9999.000,9999.000
202606221736,   0.844,   2.069,9999.000,9999.000,9999.000,9999.000,9999.000,9999.000,9999.000
202606221742,   0.837,   2.069,9999.000,9999.000,9999.000,9999.000,9999.000,9999.000,9999.000
202606221748,   0.830,   2.040,9999.000,9999.000,9999.000,9999.000,9999.000,9999.000,9999.000
202606221754,   0.823,   2.040,9999.000,9999.000,9999.000,9999.000,9999.000,9999.000,9999.000
202606221800,   0.815,   2.059,   0.000,   1.244,   2.059,   0.000,   2.059,   0.000,   2.059
202606221806,   0.808,   2.059,9999.000,9999.000,9999.000,9999.000,9999.000,9999.000,9999.000
202606221812,   0.800,   2.049,9999.000,9999.000,9999.000,9999.000,9999.000,9999.000,9999.000
202606221818,   0.792,   2.040,9999.000,9999.000,9999.000,9999.000,9999.000,9999.000,9999.000
202606221824,   0.784,   2.049,9999.000,9999.000,9999.000,9999.000,9999.000,9999.000,9999.000
202606221830,   0.776,   2.069,9999.000,9999.000,9999.000,9999.000,9999.000,9999.000,9999.000
202606221836,   0.767,   2.049,9999.000,9999.000,9999.000,9999.000,9999.000,9999.000,9999.000
202606221842,   0.759,   2.040,9999.000,9999.000,9999.000,9999.000,9999.000,9999.000,9999.000
202606221848,   0.751,   2.030,9999.000,9999.000,9999.000,9999.000,9999.000,9999.000,9999.000
202606221854,   0.743,   2.030,9999.000,9999.000,9999.000,9999.000,9999.000,9999.000,9999.000
202606221900,   0.734,   2.010,   0.000,   1.276,   2.010,   0.000,   2.010,   0.100,   2.110
202606221906,   0.726,   2.010,9999.000,9999.000,9999.000,9999.000,9999.000,9999.000,9999.000
202606221912,   0.718,   2.010,9999.000,9999.000,9999.000,9999.000,9999.000,9999.000,9999.000
202606221918,   0.709,   2.010,9999.000,9999.000,9999.000,9999.000,9999.000,9999.000,9999.000
202606221924,   0.701,   2.000,9999.000,9999.000,9999.000,9999.000,9999.000,9999.000,9999.000
202606221930,   0.693,   1.967,9999.000,9999.000,9999.000,9999.000,9999.000,9999.000,9999.000
202606221936,   0.685,   1.958,9999.000,9999.000,9999.000,9999.000,9999.000,9999.000,9999.000
202606221942,   0.678,9999.000,9999.000,9999.000,9999.000,9999.000,9999.000,9999.000,9999.000
202606221948,   0.670,   1.958,9999.000,9999.000,9999.000,9999.000,9999.000,9999.000,9999.000
202606221954,   0.662,   1.958,9999.000,9999.000,9999.000,9999.000,9999.000,9999.000,9999.000
202606222000,   0.655,   1.958,   0.000,   1.303,   1.958,   0.000,   1.958,   0.100,   2.058
202606222006,   0.648,   1.948,9999.000,9999.000,9999.000,9999.000,9999.000,9999.000,9999.000
202606222012,   0.641,   1.938,9999.000,9999.000,9999.000,9999.000,9999.000,9999.000,9999.000
202606222018,   0.635,   1.938,9999.000,9999.000,9999.000,9999.000,9999.000,9999.000,9999.000
202606222024,   0.628,   1.938,9999.000,9999.000,9999.000,9999.000,9999.000,9999.000,9999.000
202606222030,   0.622,   1.918,9999.000,9999.000,9999.000,9999.000,9999.000,9999.000,9999.000
202606222036,   0.616,   1.918,9999.000,9999.000,9999.000,9999.000,9999.000,9999.000,9999.000
202606222042,   0.611,   1.918,9999.000,9999.000,9999.000,9999.000,9999.000,9999.000,9999.000
202606222048,   0.605,   1.918,9999.000,9999.000,9999.000,9999.000,9999.000,9999.000,9999.000
202606222054,   0.600,   1.918,9999.000,9999.000,9999.000,9999.000,9999.000,9999.000,9999.000
202606222100,   0.595,   1.928,   0.100,   1.233,   1.928,   0.000,   1.828,   0.200,   2.028
202606222106,   0.591,   1.928,9999.000,9999.000,9999.000,9999.000,9999.000,9999.000,9999.000
202606222112,   0.587,   1.928,9999.000,9999.000,9999.000,9999.000,9999.000,9999.000,9999.000
202606222118,   0.583,   1.928,9999.000,9999.000,9999.000,9999.000,9999.000,9999.000,9999.000
202606222124,   0.580,   1.918,9999.000,9999.000,9999.000,9999.000,9999.000,9999.000,9999.000
202606222130,   0.577,   1.908,9999.000,9999.000,9999.000,9999.000,9999.000,9999.000,9999.000
202606222136,   0.574,   1.918,9999.000,9999.000,9999.000,9999.000,9999.000,9999.000,9999.000
202606222142,   0.571,   1.918,9999.000,9999.000,9999.000,9999.000,9999.000,9999.000,9999.000
202606222148,   0.569,   1.918,9999.000,9999.000,9999.000,9999.000,9999.000,9999.000,9999.000
202606222154,   0.567,   1.908,9999.000,9999.000,9999.000,9999.000,9999.000,9999.000,9999.000
202606222200,   0.566,   1.908,   0.100,   1.242,   1.908,   0.000,   1.808,   0.200,   2.008
202606222206,   0.565,   1.899,9999.000,9999.000,9999.000,9999.000,9999.000,9999.000,9999.000
202606222212,   0.564,   1.918,9999.000,9999.000,9999.000,9999.000,9999.000,9999.000,9999.000
202606222218,   0.564,   1.928,9999.000,9999.000,9999.000,9999.000,9999.000,9999.000,9999.000
202606222224,   0.563,   1.928,9999.000,9999.000,9999.000,9999.000,9999.000,9999.000,9999.000
202606222230,   0.564,   1.918,9999.000,9999.000,9999.000,9999.000,9999.000,9999.000,9999.000
202606222236,   0.564,   1.918,9999.000,9999.000,9999.000,9999.000,9999.000,9999.000,9999.000
202606222242,   0.565,   1.899,9999.000,9999.000,9999.000,9999.000,9999.000,9999.000,9999.000
202606222248,   0.566,   1.899,9999.000,9999.000,9999.000,9999.000,9999.000,9999.000,9999.000
202606222254,   0.567,   1.879,9999.000,9999.000,9999.000,9999.000,9999.000,9999.000,9999.000
202606222300,   0.569,   1.879,   0.200,   1.110,   1.879,   0.100,   1.779,   0.300,   1.979
202606222306,   0.571,   1.869,9999.000,9999.000,9999.000,9999.000,9999.000,9999.000,9999.000
202606222312,   0.573,   1.859,9999.000,9999.000,9999.000,9999.000,9999.000,9999.000,9999.000
202606222318,   0.575,   1.879,9999.000,9999.000,9999.000,9999.000,9999.000,9999.000,9999.000
202606222324,   0.578,   1.899,9999.000,9999.000,9999.000,9999.000,9999.000,9999.000,9999.000
202606222330,   0.581,   1.899,9999.000,9999.000,9999.000,9999.000,9999.000,9999.000,9999.000
202606222336,   0.584,   1.908,9999.000,9999.000,9999.000,9999.000,9999.000,9999.000,9999.000
202606222342,   0.587,   1.908,9999.000,9999.000,9999.000,9999.000,9999.000,9999.000,9999.000
202606222348,   0.590,   1.908,9999.000,9999.000,9999.000,9999.000,9999.000,9999.000,9999.000
202606222354,   0.594,9999.000,9999.000,9999.000,9999.000,9999.000,9999.000,9999.000,9999.000
202606230000,   0.598,9999.000,   0.200,   1.112,   1.910,   0.100,   1.810,   0.300,   2.010
202606230006,   0.602,9999.000,9999.000,9999.000,9999.000,9999.000,9999.000,9999.000,9999.000
202606230012,   0.606,9999.000,9999.000,9999.000,9999.000,9999.000,9999.000,9999.000,9999.000
202606230018,   0.610,9999.000,9999.000,9999.000,9999.000,9999.000,9999.000,9999.000,9999.000
202606230024,   0.614,9999.000,9999.000,9999.000,9999.000,9999.000,9999.000,9999.000,9999.000
202606230030,   0.618,9999.000,9999.000,9999.000,9999.000,9999.000,9999.000,9999.000,9999.000
202606230036,   0.622,9999.000,9999.000,9999.000,9999.000,9999.000,9999.000,9999.000,9999.000
202606230042,   0.626,9999.000,9999.000,9999.000,9999.000,9999.000,9999.000,9999.000,9999.000
202606230048,   0.631,9999.000,9999.000,9999.000,9999.000,9999.000,9999.000,9999.000,9999.000
202606230054,   0.635,9999.000,9999.000,9999.000,9999.000,9999.000,9999.000,9999.000,9999.000
202606230100,   0.639,9999.000,   0.300,   1.115,   2.054,   0.200,   1.954,   0.400,   2.154
202606230106,   0.643,9999.000,9999.000,9999.000,9999.000,9999.000,9999.000,9999.000,9999.000
202606230112,   0.647,9999.000,9999.000,9999.000,9999.000,9999.000,9999.000,9999.000,9999.000
202606230118,   0.651,9999.000,9999.000,9999.000,9999.000,9999.000,9999.000,9999.000,9999.000
202606230124,   0.655,9999.000,9999.000,9999.000,9999.000,9999.000,9999.000,9999.000,9999.000
202606230130,   0.659,9999.000,9999.000,9999.000,9999.000,9999.000,9999.000,9999.000,9999.000
202606230136,   0.663,9999.000,9999.000,9999.000,9999.000,9999.000,9999.000,9999.000,9999.000
202606230142,   0.667,9999.000,9999.000,9999.000,9999.000,9999.000,9999.000,9999.000,9999.000
202606230148,   0.670,9999.000,9999.000,9999.000,9999.000,9999.000,9999.000,9999.000,9999.000
202606230154,   0.673,9999.000,9999.000,9999.000,9999.000,9999.000,9999.000,9999.000,9999.000
202606230200,   0.676,9999.000,   0.400,   1.117,   2.193,   0.200,   1.993,   0.500,   2.293
202606230206,   0.679,9999.000,9999.000,9999.000,9999.000,9999.000,9999.000,9999.000,9999.000
202606230212,   0.682,9999.000,9999.000,9999.000,9999.000,9999.000,9999.000,9999.000,9999.000
202606230218,   0.684,9999.000,9999.000,9999.000,9999.000,9999.000,9999.000,9999.000,9999.000
202606230224,   0.687,9999.000,9999.000,9999.000,9999.000,9999.000,9999.000,9999.000,9999.000
202606230230,   0.689,9999.000,9999.000,9999.000,9999.000,9999.000,9999.000,9999.000,9999.000
202606230236,   0.690,9999.000,9999.000,9999.000,9999.000,9999.000,9999.000,9999.000,9999.000
202606230242,   0.692,9999.000,9999.000,9999.000,9999.000,9999.000,9999.000,9999.000,9999.000
202606230248,   0.693,9999.000,9999.000,9999.000,9999.000,9999.000,9999.000,9999.000,9999.000
202606230254,   0.694,9999.000,9999.000,9999.000,9999.000,9999.000,9999.000,9999.000,9999.000
202606230300,   0.694,9999.000,   0.400,   1.119,   2.213,   0.300,   2.113,   0.500,   2.313
202606230306,   0.695,9999.000,9999.000,9999.000,9999.000,9999.000,9999.000,9999.000,9999.000
202606230312,   0.695,9999.000,9999.000,9999.000,9999.000,9999.000,9999.000,9999.000,9999.000
202606230318,   0.694,9999.000,9999.000,9999.000,9999.000,9999.000,9999.000,9999.000,9999.000
202606230324,   0.694,9999.000,9999.000,9999.000,9999.000,9999.000,9999.000,9999.000,9999.000
202606230330,   0.693,9999.000,9999.000,9999.000,9999.000,9999.000,9999.000,9999.000,9999.000
202606230336,   0.691,9999.000,9999.000,9999.000,9999.000,9999.000,9999.000,9999.000,9999.000
202606230342,   0.690,9999.000,9999.000,9999.000,9999.000,9999.000,9999.000,9999.000,9999.000
202606230348,   0.688,9999.000,9999.000,9999.000,9999.000,9999.000,9999.000,9999.000,9999.000
202606230354,   0.686,9999.000,9999.000,9999.000,9999.000,9999.000,9999.000,9999.000,9999.000
202606230400,   0.683,9999.000,   0.400,   1.121,   2.204,   0.300,   2.104,   0.500,   2.304
202606230406,   0.680,9999.000,9999.000,9999.000,9999.000,9999.000,9999.000,9999.000,9999.000
202606230412,   0.677,9999.000,9999.000,9999.000,9999.000,9999.000,9999.000,9999.000,9999.000
202606230418,   0.674,9999.000,9999.000,9999.000,9999.000,9999.000,9999.000,9999.000,9999.000
202606230424,   0.670,9999.000,9999.000,9999.000,9999.000,9999.000,9999.000,9999.000,9999.000
202606230430,   0.666,9999.000,9999.000,9999.000,9999.000,9999.000,9999.000,9999.000,9999.000
202606230436,   0.662,9999.000,9999.000,9999.000,9999.000,9999.000,9999.000,9999.000,9999.000
202606230442,   0.657,9999.000,9999.000,9999.000,9999.000,9999.000,9999.000,9999.000,9999.000
202606230448,   0.652,9999.000,9999.000,9999.000,9999.000,9999.000,9999.000,9999.000,9999.000
202606230454,   0.647,9999.000,9999.000,9999.000,9999.000,9999.000,9999.000,9999.000,9999.000
202606230500,   0.642,9999.000,   0.400,   1.124,   2.166,   0.300,   2.066,   0.600,   2.366
202606230506,   0.636,9999.000,9999.000,9999.000,9999.000,9999.000,9999.000,9999.000,9999.000
202606230512,   0.630,9999.000,9999.000,9999.000,9999.000,9999.000,9999.000,9999.000,9999.000
202606230518,   0.624,9999.000,9999.000,9999.000,9999.000,9999.000,9999.000,9999.000,9999.000
202606230524,   0.618,9999.000,9999.000,9999.000,9999.000,9999.000,9999.000,9999.000,9999.000
202606230530,   0.611,9999.000,9999.000,9999.000,9999.000,9999.000,9999.000,9999.000,9999.000
202606230536,   0.604,9999.000,9999.000,9999.000,9999.000,9999.000,9999.000,9999.000,9999.000
202606230542,   0.598,9999.000,9999.000,9999.000,9999.000,9999.000,9999.000,9999.000,9999.000
202606230548,   0.591,9999.000,9999.000,9999.000,9999.000,9999.000,9999.000,9999.000,9999.000
202606230554,   0.584,9999.000,9999.000,9999.000,9999.000,9999.000,9999.000,9999.000,9999.000
202606230600,   0.576,9999.000,   0.400,   1.126,   2.102,   0.300,   2.002,   0.500,   2.202
202606230606,   0.569,9999.000,9999.000,9999.000,9999.000,9999.000,9999.000,9999.000,9999.000
202606230612,   0.562,9999.000,9999.000,9999.000,9999.000,9999.000,9999.000,9999.000,9999.000
202606230618,   0.554,9999.000,9999.000,9999.000,9999.000,9999.000,9999.000,9999.000,9999.000
202606230624,   0.547,9999.000,9999.000,9999.000,9999.000,9999.000,9999.000,9999.000,9999.000
202606230630,   0.539,9999.000,9999.000,9999.000,9999.000,9999.000,9999.000,9999.000,9999.000
202606230636,   0.532,9999.000,9999.000,9999.000,9999.000,9999.000,9999.000,9999.000,9999.000
202606230642,   0.524,9999.000,9999.000,9999.000,9999.000,9999.000,9999.000,9999.000,9999.000
202606230648,   0.517,9999.000,9999.000,9999.000,9999.000,9999.000,9999.000,9999.000,9999.000
202606230654,   0.509,9999.000,9999.000,9999.000,9999.000,9999.000,9999.000,9999.000,9999.000
202606230700,   0.502,9999.000,   0.400,   1.128,   2.030,   0.300,   1.930,   0.500,   2.130
202606230706,   0.495,9999.000,9999.000,9999.000,9999.000,9999.000,9999.000,9999.000,9999.000
202606230712,   0.488,9999.000,9999.000,9999.000,9999.000,9999.000,9999.000,9999.000,9999.000
202606230718,   0.481,9999.000,9999.000,9999.000,9999.000,9999.000,9999.000,9999.000,9999.000
202606230724,   0.474,9999.000,9999.000,9999.000,9999.000,9999.000,9999.000,9999.000,9999.000
202606230730,   0.467,9999.000,9999.000,9999.000,9999.000,9999.000,9999.000,9999.000,9999.000
202606230736,   0.460,9999.000,9999.000,9999.000,9999.000,9999.000,9999.000,9999.000,9999.000
202606230742,   0.454,9999.000,9999.000,9999.000,9999.000,9999.000,9999.000,9999.000,9999.000
202606230748,   0.448,9999.000,9999.000,9999.000,9999.000,9999.000,9999.000,9999.000,9999.000
202606230754,   0.442,9999.000,9999.000,9999.000,9999.000,9999.000,9999.000,9999.000,9999.000
202606230800,   0.436,9999.000,   0.400,   1.130,   1.966,   0.300,   1.866,   0.500,   2.066
202606230806,   0.431,9999.000,9999.000,9999.000,9999.000,9999.000,9999.000,9999.000,9999.000
202606230812,   0.426,9999.000,9999.000,9999.000,9999.000,9999.000,9999.000,9999.000,9999.000
202606230818,   0.421,9999.000,9999.000,9999.000,9999.000,9999.000,9999.000,9999.000,9999.000
202606230824,   0.417,9999.000,9999.000,9999.000,9999.000,9999.000,9999.000,9999.000,9999.000
202606230830,   0.413,9999.000,9999.000,9999.000,9999.000,9999.000,9999.000,9999.000,9999.000
202606230836,   0.409,9999.000,9999.000,9999.000,9999.000,9999.000,9999.000,9999.000,9999.000
202606230842,   0.405,9999.000,9999.000,9999.000,9999.000,9999.000,9999.000,9999.000,9999.000
202606230848,   0.402,9999.000,9999.000,9999.000,9999.000,9999.000,9999.000,9999.000,9999.000
202606230854,   0.400,9999.000,9999.000,9999.000,9999.000,9999.000,9999.000,9999.000,9999.000
202606230900,   0.397,9999.000,   0.300,   1.133,   1.830,   0.200,   1.730,   0.400,   1.930
202606230906,   0.395,9999.000,9999.000,9999.000,9999.000,9999.000,9999.000,9999.000,9999.000
202606230912,   0.394,9999.000,9999.000,9999.000,9999.000,9999.000,9999.000,9999.000,9999.000
202606230918,   0.393,9999.000,9999.000,9999.000,9999.000,9999.000,9999.000,9999.000,9999.000
202606230924,   0.392,9999.000,9999.000,9999.000,9999.000,9999.000,9999.000,9999.000,9999.000
202606230930,   0.392,9999.000,9999.000,9999.000,9999.000,9999.000,9999.000,9999.000,9999.000
202606230936,   0.392,9999.000,9999.000,9999.000,9999.000,9999.000,9999.000,9999.000,9999.000
202606230942,   0.393,9999.000,9999.000,9999.000,9999.000,9999.000,9999.000,9999.000,9999.000
202606230948,   0.394,9999.000,9999.000,9999.000,9999.000,9999.000,9999.000,9999.000,9999.000
202606230954,   0.395,9999.000,9999.000,9999.000,9999.000,9999.000,9999.000,9999.000,9999.000
202606231000,   0.397,9999.000,   0.300,   1.135,   1.832,   0.200,   1.732,   0.400,   1.932
202606231006,   0.399,9999.000,9999.000,9999.000,9999.000,9999.000,9999.000,9999.000,9999.000
202606231012,   0.402,9999.000,9999.000,9999.000,9999.000,9999.000,9999.000,9999.000,9999.000
202606231018,   0.405,9999.000,9999.000,9999.000,9999.000,9999.000,9999.000,9999.000,9999.000
202606231024,   0.409,9999.000,9999.000,9999.000,9999.000,9999.000,9999.000,9999.000,9999.000
202606231030,   0.413,9999.000,9999.000,9999.000,9999.000,9999.000,9999.000,9999.000,9999.000
202606231036,   0.418,9999.000,9999.000,9999.000,9999.000,9999.000,9999.000,9999.000,9999.000
202606231042,   0.423,9999.000,9999.000,9999.000,9999.000,9999.000,9999.000,9999.000,9999.000
202606231048,   0.428,9999.000,9999.000,9999.000,9999.000,9999.000,9999.000,9999.000,9999.000
202606231054,   0.434,9999.000,9999.000,9999.000,9999.000,9999.000,9999.000,9999.000,9999.000
202606231100,   0.440,9999.000,   0.200,   1.137,   1.777,   0.100,   1.677,   0.300,   1.877
202606231106,   0.447,9999.000,9999.000,9999.000,9999.000,9999.000,9999.000,9999.000,9999.000
202606231112,   0.454,9999.000,9999.000,9999.000,9999.000,9999.000,9999.000,9999.000,9999.000
202606231118,   0.461,9999.000,9999.000,9999.000,9999.000,9999.000,9999.000,9999.000,9999.000
202606231124,   0.469,9999.000,9999.000,9999.000,9999.000,9999.000,9999.000,9999.000,9999.000
202606231130,   0.477,9999.000,9999.000,9999.000,9999.000,9999.000,9999.000,9999.000,9999.000
202606231136,   0.485,9999.000,9999.000,9999.000,9999.000,9999.000,9999.000,9999.000,9999.000
202606231142,   0.494,9999.000,9999.000,9999.000,9999.000,9999.000,9999.000,9999.000,9999.000
202606231148,   0.503,9999.000,9999.000,9999.000,9999.000,9999.000,9999.000,9999.000,9999.000
202606231154,   0.512,9999.000,9999.000,9999.000,9999.000,9999.000,9999.000,9999.000,9999.000
202606231200,   0.521,9999.000,   0.200,   1.137,   1.858,   0.100,   1.758,   0.300,   1.958
202606231206,   0.531,9999.000,9999.000,9999.000,9999.000,9999.000,9999.000,9999.000,9999.000
202606231212,   0.541,9999.000,9999.000,9999.000,9999.000,9999.000,9999.000,9999.000,9999.000
202606231218,   0.551,9999.000,9999.000,9999.000,9999.000,9999.000,9999.000,9999.000,9999.000
202606231224,   0.562,9999.000,9999.000,9999.000,9999.000,9999.000,9999.000,9999.000,9999.000
202606231230,   0.572,9999.000,9999.000,9999.000,9999.000,9999.000,9999.000,9999.000,9999.000
202606231236,   0.583,9999.000,9999.000,9999.000,9999.000,9999.000,9999.000,9999.000,9999.000
202606231242,   0.594,9999.000,9999.000,9999.000,9999.000,9999.000,9999.000,9999.000,9999.000
202606231248,   0.605,9999.000,9999.000,9999.000,9999.000,9999.000,9999.000,9999.000,9999.000
202606231254,   0.616,9999.000,9999.000,9999.000,9999.000,9999.000,9999.000,9999.000,9999.000
202606231300,   0.628,9999.000,   0.100,   1.137,   1.865,   0.000,   1.765,   0.200,   1.965
202606231306,   0.639,9999.000,9999.000,9999.000,9999.000,9999.000,9999.000,9999.000,9999.000
202606231312,   0.650,9999.000,9999.000,9999.000,9999.000,9999.000,9999.000,9999.000,9999.000
202606231318,   0.662,9999.000,9999.000,9999.000,9999.000,9999.000,9999.000,9999.000,9999.000
202606231324,   0.673,9999.000,9999.000,9999.000,9999.000,9999.000,9999.000,9999.000,9999.000
202606231330,   0.684,9999.000,9999.000,9999.000,9999.000,9999.000,9999.000,9999.000,9999.000
202606231336,   0.695,9999.000,9999.000,9999.000,9999.000,9999.000,9999.000,9999.000,9999.000
202606231342,   0.707,9999.000,9999.000,9999.000,9999.000,9999.000,9999.000,9999.000,9999.000
202606231348,   0.718,9999.000,9999.000,9999.000,9999.000,9999.000,9999.000,9999.000,9999.000
202606231354,   0.729,9999.000,9999.000,9999.000,9999.000,9999.000,9999.000,9999.000,9999.000
202606231400,   0.740,9999.000,   0.100,   1.137,   1.977,   0.000,   1.877,   0.200,   2.077
202606231406,   0.750,9999.000,9999.000,9999.000,9999.000,9999.000,9999.000,9999.000,9999.000
202606231412,   0.761,9999.000,9999.000,9999.000,9999.000,9999.000,9999.000,9999.000,9999.000
202606231418,   0.772,9999.000,9999.000,9999.000,9999.000,9999.000,9999.000,9999.000,9999.000
202606231424,   0.782,9999.000,9999.000,9999.000,9999.000,9999.000,9999.000,9999.000,9999.000
202606231430,   0.792,9999.000,9999.000,9999.000,9999.000,9999.000,9999.000,9999.000,9999.000
202606231436,   0.801,9999.000,9999.000,9999.000,9999.000,9999.000,9999.000,9999.000,9999.000
202606231442,   0.811,9999.000,9999.000,9999.000,9999.000,9999.000,9999.000,9999.000,9999.000
202606231448,   0.820,9999.000,9999.000,9999.000,9999.000,9999.000,9999.000,9999.000,9999.000
202606231454,   0.829,9999.000,9999.000,9999.000,9999.000,9999.000,9999.000,9999.000,9999.000
202606231500,   0.838,9999.000,   0.000,   1.137,   1.975,   0.000,   1.975,   0.100,   2.075
202606231506,   0.846,9999.000,9999.000,9999.000,9999.000,9999.000,9999.000,9999.000,9999.000
202606231512,   0.854,9999.000,9999.000,9999.000,9999.000,9999.000,9999.000,9999.000,9999.000
202606231518,   0.862,9999.000,9999.000,9999.000,9999.000,9999.000,9999.000,9999.000,9999.000
202606231524,   0.869,9999.000,9999.000,9999.000,9999.000,9999.000,9999.000,9999.000,9999.000
202606231530,   0.876,9999.000,9999.000,9999.000,9999.000,9999.000,9999.000,9999.000,9999.000
202606231536,   0.882,9999.000,9999.000,9999.000,9999.000,9999.000,9999.000,9999.000,9999.000
202606231542,   0.889,9999.000,9999.000,9999.000,9999.000,9999.000,9999.000,9999.000,9999.000
202606231548,   0.894,9999.000,9999.000,9999.000,9999.000,9999.000,9999.000,9999.000,9999.000
202606231554,   0.900,9999.000,9999.000,9999.000,9999.000,9999.000,9999.000,9999.000,9999.000
202606231600,   0.905,9999.000,   0.000,   1.137,   2.042,  -0.100,   1.942,   0.000,   2.042
202606231606,   0.909,9999.000,9999.000,9999.000,9999.000,9999.000,9999.000,9999.000,9999.000
202606231612,   0.913,9999.000,9999.000,9999.000,9999.000,9999.000,9999.000,9999.000,9999.000
202606231618,   0.917,9999.000,9999.000,9999.000,9999.000,9999.000,9999.000,9999.000,9999.000
202606231624,   0.920,9999.000,9999.000,9999.000,9999.000,9999.000,9999.000,9999.000,9999.000
202606231630,   0.923,9999.000,9999.000,9999.000,9999.000,9999.000,9999.000,9999.000,9999.000
202606231636,   0.925,9999.000,9999.000,9999.000,9999.000,9999.000,9999.000,9999.000,9999.000
202606231642,   0.927,9999.000,9999.000,9999.000,9999.000,9999.000,9999.000,9999.000,9999.000
202606231648,   0.929,9999.000,9999.000,9999.000,9999.000,9999.000,9999.000,9999.000,9999.000
202606231654,   0.930,9999.000,9999.000,9999.000,9999.000,9999.000,9999.000,9999.000,9999.000
202606231700,   0.930,9999.000,  -0.100,   1.137,   1.967,  -0.200,   1.867,   0.000,   2.067
202606231706,   0.930,9999.000,9999.000,9999.000,9999.000,9999.000,9999.000,9999.000,9999.000
202606231712,   0.930,9999.000,9999.000,9999.000,9999.000,9999.000,9999.000,9999.000,9999.000
202606231718,   0.929,9999.000,9999.000,9999.000,9999.000,9999.000,9999.000,9999.000,9999.000
202606231724,   0.928,9999.000,9999.000,9999.000,9999.000,9999.000,9999.000,9999.000,9999.000
202606231730,   0.927,9999.000,9999.000,9999.000,9999.000,9999.000,9999.000,9999.000,9999.000
202606231736,   0.925,9999.000,9999.000,9999.000,9999.000,9999.000,9999.000,9999.000,9999.000
202606231742,   0.923,9999.000,9999.000,9999.000,9999.000,9999.000,9999.000,9999.000,9999.000
202606231748,   0.920,9999.000,9999.000,9999.000,9999.000,9999.000,9999.000,9999.000,9999.000
202606231754,   0.917,9999.000,9999.000,9999.000,9999.000,9999.000,9999.000,9999.000,9999.000
202606231800,   0.913,9999.000,  -0.100,   1.137,   1.950,  -0.200,   1.850,   0.000,   2.050
202606231806,   0.910,9999.000,9999.000,9999.000,9999.000,9999.000,9999.000,9999.000,9999.000
202606231812,   0.905,9999.000,9999.000,9999.000,9999.000,9999.000,9999.000,9999.000,9999.000
202606231818,   0.901,9999.000,9999.000,9999.000,9999.000,9999.000,9999.000,9999.000,9999.000
202606231824,   0.896,9999.000,9999.000,9999.000,9999.000,9999.000,9999.000,9999.000,9999.000
202606231830,   0.891,9999.000,9999.000,9999.000,9999.000,9999.000,9999.000,9999.000,9999.000
202606231836,   0.886,9999.000,9999.000,9999.000,9999.000,9999.000,9999.000,9999.000,9999.000
202606231842,   0.880,9999.000,9999.000,9999.000,9999.000,9999.000,9999.000,9999.000,9999.000
202606231848,   0.874,9999.000,9999.000,9999.000,9999.000,9999.000,9999.000,9999.000,9999.000
202606231854,   0.868,9999.000,9999.000,9999.000,9999.000,9999.000,9999.000,9999.000,9999.000
202606231900,   0.862,9999.000,  -0.200,   1.137,   1.799,  -0.300,   1.699,  -0.100,   1.899
202606231906,   0.855,9999.000,9999.000,9999.000,9999.000,9999.000,9999.000,9999.000,9999.000
202606231912,   0.848,9999.000,9999.000,9999.000,9999.000,9999.000,9999.000,9999.000,9999.000
202606231918,   0.841,9999.000,9999.000,9999.000,9999.000,9999.000,9999.000,9999.000,9999.000
202606231924,   0.834,9999.000,9999.000,9999.000,9999.000,9999.000,9999.000,9999.000,9999.000
202606231930,   0.827,9999.000,9999.000,9999.000,9999.000,9999.000,9999.000,9999.000,9999.000
202606231936,   0.820,9999.000,9999.000,9999.000,9999.000,9999.000,9999.000,9999.000,9999.000
202606231942,   0.812,9999.000,9999.000,9999.000,9999.000,9999.000,9999.000,9999.000,9999.000
202606231948,   0.805,9999.000,9999.000,9999.000,9999.000,9999.000,9999.000,9999.000,9999.000
202606231954,   0.797,9999.000,9999.000,9999.000,9999.000,9999.000,9999.000,9999.000,9999.000
202606232000,   0.790,9999.000,  -0.300,   1.137,   1.627,  -0.400,   1.527,  -0.100,   1.827
202606232006,   0.782,9999.000,9999.000,9999.000,9999.000,9999.000,9999.000,9999.000,9999.000
202606232012,   0.774,9999.000,9999.000,9999.000,9999.000,9999.000,9999.000,9999.000,9999.000
202606232018,   0.767,9999.000,9999.000,9999.000,9999.000,9999.000,9999.000,9999.000,9999.000
202606232024,   0.759,9999.000,9999.000,9999.000,9999.000,9999.000,9999.000,9999.000,9999.000
202606232030,   0.751,9999.000,9999.000,9999.000,9999.000,9999.000,9999.000,9999.000,9999.000
202606232036,   0.744,9999.000,9999.000,9999.000,9999.000,9999.000,9999.000,9999.000,9999.000
202606232042,   0.736,9999.000,9999.000,9999.000,9999.000,9999.000,9999.000,9999.000,9999.000
202606232048,   0.729,9999.000,9999.000,9999.000,9999.000,9999.000,9999.000,9999.000,9999.000
202606232054,   0.722,9999.000,9999.000,9999.000,9999.000,9999.000,9999.000,9999.000,9999.000
202606232100,   0.715,9999.000,  -0.300,   1.137,   1.552,  -0.400,   1.452,  -0.200,   1.652
202606232106,   0.708,9999.000,9999.000,9999.000,9999.000,9999.000,9999.000,9999.000,9999.000
202606232112,   0.701,9999.000,9999.000,9999.000,9999.000,9999.000,9999.000,9999.000,9999.000
202606232118,   0.694,9999.000,9999.000,9999.000,9999.000,9999.000,9999.000,9999.000,9999.000
202606232124,   0.687,9999.000,9999.000,9999.000,9999.000,9999.000,9999.000,9999.000,9999.000
202606232130,   0.681,9999.000,9999.000,9999.000,9999.000,9999.000,9999.000,9999.000,9999.000
202606232136,   0.675,9999.000,9999.000,9999.000,9999.000,9999.000,9999.000,9999.000,9999.000
202606232142,   0.669,9999.000,9999.000,9999.000,9999.000,9999.000,9999.000,9999.000,9999.000
202606232148,   0.663,9999.000,9999.000,9999.000,9999.000,9999.000,9999.000,9999.000,9999.000
202606232154,   0.658,9999.000,9999.000,9999.000,9999.000,9999.000,9999.000,9999.000,9999.000
202606232200,   0.653,9999.000,  -0.400,   1.137,   1.390,  -0.500,   1.290,  -0.200,   1.590
202606232206,   0.648,9999.000,9999.000,9999.000,9999.000,9999.000,9999.000,9999.000,9999.000
202606232212,   0.643,9999.000,9999.000,9999.000,9999.000,9999.000,9999.000,9999.000,9999.000
202606232218,   0.639,9999.000,9999.000,9999.000,9999.000,9999.000,9999.000,9999.000,9999.000
202606232224,   0.635,9999.000,9999.000,9999.000,9999.000,9999.000,9999.000,9999.000,9999.000
202606232230,   0.631,9999.000,9999.000,9999.000,9999.000,9999.000,9999.000,9999.000,9999.000
202606232236,   0.627,9999.000,9999.000,9999.000,9999.000,9999.000,9999.000,9999.000,9999.000
202606232242,   0.624,9999.000,9999.000,9999.000,9999.000,9999.000,9999.000,9999.000,9999.000
202606232248,   0.621,9999.000,9999.000,9999.000,9999.000,9999.000,9999.000,9999.000,9999.000
202606232254,   0.618,9999.000,9999.000,9999.000,9999.000,9999.000,9999.000,9999.000,9999.000
202606232300,   0.615,9999.000,  -0.400,   1.137,   1.352,  -0.500,   1.252,  -0.300,   1.452
202606232306,   0.613,9999.000,9999.000,9999.000,9999.000,9999.000,9999.000,9999.000,9999.000
202606232312,   0.611,9999.000,9999.000,9999.000,9999.000,9999.000,9999.000,9999.000,9999.000
202606232318,   0.610,9999.000,9999.000,9999.000,9999.000,9999.000,9999.000,9999.000,9999.000
202606232324,   0.608,9999.000,9999.000,9999.000,9999.000,9999.000,9999.000,9999.000,9999.000
202606232330,   0.607,9999.000,9999.000,9999.000,9999.000,9999.000,9999.000,9999.000,9999.000
202606232336,   0.607,9999.000,9999.000,9999.000,9999.000,9999.000,9999.000,9999.000,9999.000
202606232342,   0.606,9999.000,9999.000,9999.000,9999.000,9999.000,9999.000,9999.000,9999.000
202606232348,   0.606,9999.000,9999.000,9999.000,9999.000,9999.000,9999.000,9999.000,9999.000
202606232354,   0.606,9999.000,9999.000,9999.000,9999.000,9999.000,9999.000,9999.000,9999.000
202606240000,   0.606,9999.000,  -0.400,   1.137,   1.343,  -0.500,   1.243,  -0.300,   1.443
202606240006,   0.607,9999.000,9999.000,9999.000,9999.000,9999.000,9999.000,9999.000,9999.000
202606240012,   0.608,9999.000,9999.000,9999.000,9999.000,9999.000,9999.000,9999.000,9999.000
202606240018,   0.609,9999.000,9999.000,9999.000,9999.000,9999.000,9999.000,9999.000,9999.000
202606240024,   0.610,9999.000,9999.000,9999.000,9999.000,9999.000,9999.000,9999.000,9999.000
202606240030,   0.611,9999.000,9999.000,9999.000,9999.000,9999.000,9999.000,9999.000,9999.000
202606240036,   0.613,9999.000,9999.000,9999.000,9999.000,9999.000,9999.000,9999.000,9999.000
202606240042,   0.615,9999.000,9999.000,9999.000,9999.000,9999.000,9999.000,9999.000,9999.000
202606240048,   0.617,9999.000,9999.000,9999.000,9999.000,9999.000,9999.000,9999.000,9999.000
202606240054,   0.619,9999.000,9999.000,9999.000,9999.000,9999.000,9999.000,9999.000,9999.000
202606240100,   0.621,9999.000,  -0.400,   1.137,   1.358,  -0.500,   1.258,  -0.300,   1.458
202606240106,   0.623,9999.000,9999.000,9999.000,9999.000,9999.000,9999.000,9999.000,9999.000
202606240112,   0.626,9999.000,9999.000,9999.000,9999.000,9999.000,9999.000,9999.000,9999.000
202606240118,   0.628,9999.000,9999.000,9999.000,9999.000,9999.000,9999.000,9999.000,9999.000
202606240124,   0.631,9999.000,9999.000,9999.000,9999.000,9999.000,9999.000,9999.000,9999.000
202606240130,   0.634,9999.000,9999.000,9999.000,9999.000,9999.000,9999.000,9999.000,9999.000
202606240136,   0.637,9999.000,9999.000,9999.000,9999.000,9999.000,9999.000,9999.000,9999.000
202606240142,   0.640,9999.000,9999.000,9999.000,9999.000,9999.000,9999.000,9999.000,9999.000
202606240148,   0.642,9999.000,9999.000,9999.000,9999.000,9999.000,9999.000,9999.000,9999.000
202606240154,   0.645,9999.000,9999.000,9999.000,9999.000,9999.000,9999.000,9999.000,9999.000
202606240200,   0.648,9999.000,  -0.400,   1.137,   1.385,  -0.500,   1.285,  -0.300,   1.485
202606240206,   0.651,9999.000,9999.000,9999.000,9999.000,9999.000,9999.000,9999.000,9999.000
202606240212,   0.654,9999.000,9999.000,9999.000,9999.000,9999.000,9999.000,9999.000,9999.000
202606240218,   0.657,9999.000,9999.000,9999.000,9999.000,9999.000,9999.000,9999.000,9999.000
202606240224,   0.660,9999.000,9999.000,9999.000,9999.000,9999.000,9999.000,9999.000,9999.000
202606240230,   0.662,9999.000,9999.000,9999.000,9999.000,9999.000,9999.000,9999.000,9999.000
202606240236,   0.665,9999.000,9999.000,9999.000,9999.000,9999.000,9999.000,9999.000,9999.000
202606240242,   0.668,9999.000,9999.000,9999.000,9999.000,9999.000,9999.000,9999.000,9999.000
202606240248,   0.670,9999.000,9999.000,9999.000,9999.000,9999.000,9999.000,9999.000,9999.000
202606240254,   0.672,9999.000,9999.000,9999.000,9999.000,9999.000,9999.000,9999.000,9999.000
202606240300,   0.674,9999.000,  -0.300,   1.137,   1.511,  -0.400,   1.411,  -0.200,   1.611
202606240306,   0.676,9999.000,9999.000,9999.000,9999.000,9999.000,9999.000,9999.000,9999.000
202606240312,   0.678,9999.000,9999.000,9999.000,9999.000,9999.000,9999.000,9999.000,9999.000
202606240318,   0.680,9999.000,9999.000,9999.000,9999.000,9999.000,9999.000,9999.000,9999.000
202606240324,   0.681,9999.000,9999.000,9999.000,9999.000,9999.000,9999.000,9999.000,9999.000
202606240330,   0.682,9999.000,9999.000,9999.000,9999.000,9999.000,9999.000,9999.000,9999.000
202606240336,   0.683,9999.000,9999.000,9999.000,9999.000,9999.000,9999.000,9999.000,9999.000
202606240342,   0.684,9999.000,9999.000,9999.000,9999.000,9999.000,9999.000,9999.000,9999.000
202606240348,   0.685,9999.000,9999.000,9999.000,9999.000,9999.000,9999.000,9999.000,9999.000
202606240354,   0.685,9999.000,9999.000,9999.000,9999.000,9999.000,9999.000,9999.000,9999.000
202606240400,   0.685,9999.000,  -0.300,   1.137,   1.522,  -0.400,   1.422,  -0.200,   1.622
202606240406,   0.685,9999.000,9999.000,9999.000,9999.000,9999.000,9999.000,9999.000,9999.000
202606240412,   0.684,9999.000,9999.000,9999.000,9999.000,9999.000,9999.000,9999.000,9999.000
202606240418,   0.684,9999.000,9999.000,9999.000,9999.000,9999.000,9999.000,9999.000,9999.000
202606240424,   0.683,9999.000,9999.000,9999.000,9999.000,9999.000,9999.000,9999.000,9999.000
202606240430,   0.681,9999.000,9999.000,9999.000,9999.000,9999.000,9999.000,9999.000,9999.000
202606240436,   0.680,9999.000,9999.000,9999.000,9999.000,9999.000,9999.000,9999.000,9999.000
202606240442,   0.678,9999.000,9999.000,9999.000,9999.000,9999.000,9999.000,9999.000,9999.000
202606240448,   0.676,9999.000,9999.000,9999.000,9999.000,9999.000,9999.000,9999.000,9999.000
202606240454,   0.674,9999.000,9999.000,9999.000,9999.000,9999.000,9999.000,9999.000,9999.000
202606240500,   0.671,9999.000,  -0.200,   1.137,   1.608,  -0.300,   1.508,  -0.200,   1.608
202606240506,   0.668,9999.000,9999.000,9999.000,9999.000,9999.000,9999.000,9999.000,9999.000
202606240512,   0.665,9999.000,9999.000,9999.000,9999.000,9999.000,9999.000,9999.000,9999.000
202606240518,   0.661,9999.000,9999.000,9999.000,9999.000,9999.000,9999.000,9999.000,9999.000
202606240524,   0.658,9999.000,9999.000,9999.000,9999.000,9999.000,9999.000,9999.000,9999.000
202606240530,   0.654,9999.000,9999.000,9999.000,9999.000,9999.000,9999.000,9999.000,9999.000
202606240536,   0.649,9999.000,9999.000,9999.000,9999.000,9999.000,9999.000,9999.000,9999.000
202606240542,   0.645,9999.000,9999.000,9999.000,9999.000,9999.000,9999.000,9999.000,9999.000
202606240548,   0.640,9999.000,9999.000,9999.000,9999.000,9999.000,9999.000,9999.000,9999.000
202606240554,   0.635,9999.000,9999.000,9999.000,9999.000,9999.000,9999.000,9999.000,9999.000
202606240600,   0.630,9999.000,  -0.200,   1.137,   1.567,  -0.300,   1.467,  -0.100,   1.667
202606240606,   0.625,9999.000,9999.000,9999.000,9999.000,9999.000,9999.000,9999.000,9999.000
202606240612,   0.619,9999.000,9999.000,9999.000,9999.000,9999.000,9999.000,9999.000,9999.000
202606240618,   0.613,9999.000,9999.000,9999.000,9999.000,9999.000,9999.000,9999.000,9999.000
202606240624,   0.607,9999.000,9999.000,9999.000,9999.000,9999.000,9999.000,9999.000,9999.000
202606240630,   0.601,9999.000,9999.000,9999.000,9999.000,9999.000,9999.000,9999.000,9999.000
202606240636,   0.595,9999.000,9999.000,9999.000,9999.000,9999.000,9999.000,9999.000,9999.000
202606240642,   0.588,9999.000,9999.000,9999.000,9999.000,9999.000,9999.000,9999.000,9999.000
202606240648,   0.582,9999.000,9999.000,9999.000,9999.000,9999.000,9999.000,9999.000,9999.000
202606240654,   0.575,9999.000,9999.000,9999.000,9999.000,9999.000,9999.000,9999.000,9999.000
202606240700,   0.568,9999.000,  -0.100,   1.137,   1.605,  -0.200,   1.505,  -0.100,   1.605
202606240706,   0.561,9999.000,9999.000,9999.000,9999.000,9999.000,9999.000,9999.000,9999.000
202606240712,   0.554,9999.000,9999.000,9999.000,9999.000,9999.000,9999.000,9999.000,9999.000
202606240718,   0.547,9999.000,9999.000,9999.000,9999.000,9999.000,9999.000,9999.000,9999.000
202606240724,   0.540,9999.000,9999.000,9999.000,9999.000,9999.000,9999.000,9999.000,9999.000
202606240730,   0.533,9999.000,9999.000,9999.000,9999.000,9999.000,9999.000,9999.000,9999.000
202606240736,   0.526,9999.000,9999.000,9999.000,9999.000,9999.000,9999.000,9999.000,9999.000
202606240742,   0.519,9999.000,9999.000,9999.000,9999.000,9999.000,9999.000,9999.000,9999.000
202606240748,   0.512,9999.000,9999.000,9999.000,9999.000,9999.000,9999.000,9999.000,9999.000
202606240754,   0.505,9999.000,9999.000,9999.000,9999.000,9999.000,9999.000,9999.000,9999.000
202606240800,   0.498,9999.000,  -0.100,   1.137,   1.535,  -0.200,   1.435,   0.000,   1.635
202606240806,   0.491,9999.000,9999.000,9999.000,9999.000,9999.000,9999.000,9999.000,9999.000
202606240812,   0.484,9999.000,9999.000,9999.000,9999.000,9999.000,9999.000,9999.000,9999.000
202606240818,   0.477,9999.000,9999.000,9999.000,9999.000,9999.000,9999.000,9999.000,9999.000
202606240824,   0.471,9999.000,9999.000,9999.000,9999.000,9999.000,9999.000,9999.000,9999.000
202606240830,   0.464,9999.000,9999.000,9999.000,9999.000,9999.000,9999.000,9999.000,9999.000
202606240836,   0.458,9999.000,9999.000,9999.000,9999.000,9999.000,9999.000,9999.000,9999.000
202606240842,   0.452,9999.000,9999.000,9999.000,9999.000,9999.000,9999.000,9999.000,9999.000
202606240848,   0.446,9999.000,9999.000,9999.000,9999.000,9999.000,9999.000,9999.000,9999.000
202606240854,   0.441,9999.000,9999.000,9999.000,9999.000,9999.000,9999.000,9999.000,9999.000
202606240900,   0.435,9999.000,   0.000,   1.137,   1.572,  -0.100,   1.472,   0.000,   1.572
202606240906,   0.430,9999.000,9999.000,9999.000,9999.000,9999.000,9999.000,9999.000,9999.000
202606240912,   0.425,9999.000,9999.000,9999.000,9999.000,9999.000,9999.000,9999.000,9999.000
202606240918,   0.421,9999.000,9999.000,9999.000,9999.000,9999.000,9999.000,9999.000,9999.000
202606240924,   0.417,9999.000,9999.000,9999.000,9999.000,9999.000,9999.000,9999.000,9999.000
202606240930,   0.413,9999.000,9999.000,9999.000,9999.000,9999.000,9999.000,9999.000,9999.000
202606240936,   0.409,9999.000,9999.000,9999.000,9999.000,9999.000,9999.000,9999.000,9999.000
202606240942,   0.406,9999.000,9999.000,9999.000,9999.000,9999.000,9999.000,9999.000,9999.000
202606240948,   0.403,9999.000,9999.000,9999.000,9999.000,9999.000,9999.000,9999.000,9999.000
202606240954,   0.400,9999.000,9999.000,9999.000,9999.000,9999.000,9999.000,9999.000,9999.000
202606241000,   0.398,9999.000,   0.000,   1.137,   1.535,   0.000,   1.535,   0.100,   1.635
202606241006,   0.396,9999.000,9999.000,9999.000,9999.000,9999.000,9999.000,9999.000,9999.000
202606241012,   0.395,9999.000,9999.000,9999.000,9999.000,9999.000,9999.000,9999.000,9999.000
202606241018,   0.394,9999.000,9999.000,9999.000,9999.000,9999.000,9999.000,9999.000,9999.000
202606241024,   0.393,9999.000,9999.000,9999.000,9999.000,9999.000,9999.000,9999.000,9999.000
202606241030,   0.393,9999.000,9999.000,9999.000,9999.000,9999.000,9999.000,9999.000,9999.000
202606241036,   0.393,9999.000,9999.000,9999.000,9999.000,9999.000,9999.000,9999.000,9999.000
202606241042,   0.394,9999.000,9999.000,9999.000,9999.000,9999.000,9999.000,9999.000,9999.000
202606241048,   0.395,9999.000,9999.000,9999.000,9999.000,9999.000,9999.000,9999.000,9999.000
202606241054,   0.396,9999.000,9999.000,9999.000,9999.000,9999.000,9999.000,9999.000,9999.000
202606241100,   0.398,9999.000,   0.000,   1.137,   1.535,   0.000,   1.535,   0.100,   1.635
202606241106,   0.400,9999.000,9999.000,9999.000,9999.000,9999.000,9999.000,9999.000,9999.000
202606241112,   0.403,9999.000,9999.000,9999.000,9999.000,9999.000,9999.000,9999.000,9999.000
202606241118,   0.406,9999.000,9999.000,9999.000,9999.000,9999.000,9999.000,9999.000,9999.000
202606241124,   0.410,9999.000,9999.000,9999.000,9999.000,9999.000,9999.000,9999.000,9999.000
202606241130,   0.414,9999.000,9999.000,9999.000,9999.000,9999.000,9999.000,9999.000,9999.000
202606241136,   0.418,9999.000,9999.000,9999.000,9999.000,9999.000,9999.000,9999.000,9999.000
202606241142,   0.423,9999.000,9999.000,9999.000,9999.000,9999.000,9999.000,9999.000,9999.000
202606241148,   0.428,9999.000,9999.000,9999.000,9999.000,9999.000,9999.000,9999.000,9999.000
202606241154,   0.434,9999.000,9999.000,9999.000,9999.000,9999.000,9999.000,9999.000,9999.000
202606241200,   0.440,9999.000,   0.100,   1.137,   1.677,   0.000,   1.577,   0.200,   1.777
202606241206,   0.447,9999.000,9999.000,9999.000,9999.000,9999.000,9999.000,9999.000,9999.000
202606241212,   0.454,9999.000,9999.000,9999.000,9999.000,9999.000,9999.000,9999.000,9999.000
202606241218,   0.461,9999.000,9999.000,9999.000,9999.000,9999.000,9999.000,9999.000,9999.000
202606241224,   0.469,9999.000,9999.000,9999.000,9999.000,9999.000,9999.000,9999.000,9999.000
202606241230,   0.477,9999.000,9999.000,9999.000,9999.000,9999.000,9999.000,9999.000,9999.000
202606241236,   0.485,9999.000,9999.000,9999.000,9999.000,9999.000,9999.000,9999.000,9999.000
202606241242,   0.493,9999.000,9999.000,9999.000,9999.000,9999.000,9999.000,9999.000,9999.000
202606241248,   0.502,9999.000,9999.000,9999.000,9999.000,9999.000,9999.000,9999.000,9999.000
202606241254,   0.512,9999.000,9999.000,9999.000,9999.000,9999.000,9999.000,9999.000,9999.000
202606241300,   0.521,9999.000,   0.200,   1.137,   1.858,   0.000,   1.658,   0.300,   1.958
202606241306,   0.531,9999.000,9999.000,9999.000,9999.000,9999.000,9999.000,9999.000,9999.000
202606241312,   0.541,9999.000,9999.000,9999.000,9999.000,9999.000,9999.000,9999.000,9999.000
202606241318,   0.551,9999.000,9999.000,9999.000,9999.000,9999.000,9999.000,9999.000,9999.000
202606241324,   0.562,9999.000,9999.000,9999.000,9999.000,9999.000,9999.000,9999.000,9999.000
202606241330,   0.573,9999.000,9999.000,9999.000,9999.000,9999.000,9999.000,9999.000,9999.000
202606241336,   0.583,9999.000,9999.000,9999.000,9999.000,9999.000,9999.000,9999.000,9999.000
202606241342,   0.594,9999.000,9999.000,9999.000,9999.000,9999.000,9999.000,9999.000,9999.000
202606241348,   0.606,9999.000,9999.000,9999.000,9999.000,9999.000,9999.000,9999.000,9999.000
202606241354,   0.617,9999.000,9999.000,9999.000,9999.000,9999.000,9999.000,9999.000,9999.000
202606241400,   0.628,9999.000,   0.200,   1.137,   1.965,   0.100,   1.865,   0.300,   2.065
202606241406,   0.640,9999.000,9999.000,9999.000,9999.000,9999.000,9999.000,9999.000,9999.000
202606241412,   0.651,9999.000,9999.000,9999.000,9999.000,9999.000,9999.000,9999.000,9999.000
202606241418,   0.663,9999.000,9999.000,9999.000,9999.000,9999.000,9999.000,9999.000,9999.000
202606241424,   0.675,9999.000,9999.000,9999.000,9999.000,9999.000,9999.000,9999.000,9999.000
202606241430,   0.686,9999.000,9999.000,9999.000,9999.000,9999.000,9999.000,9999.000,9999.000
202606241436,   0.698,9999.000,9999.000,9999.000,9999.000,9999.000,9999.000,9999.000,9999.000
202606241442,   0.709,9999.000,9999.000,9999.000,9999.000,9999.000,9999.000,9999.000,9999.000
202606241448,   0.721,9999.000,9999.000,9999.000,9999.000,9999.000,9999.000,9999.000,9999.000
202606241454,   0.732,9999.000,9999.000,9999.000,9999.000,9999.000,9999.000,9999.000,9999.000
202606241500,   0.744,9999.000,   0.200,   1.137,   2.081,   0.100,   1.981,   0.400,   2.281
202606241506,   0.755,9999.000,9999.000,9999.000,9999.000,9999.000,9999.000,9999.000,9999.000
202606241512,   0.766,9999.000,9999.000,9999.000,9999.000,9999.000,9999.000,9999.000,9999.000
202606241518,   0.777,9999.000,9999.000,9999.000,9999.000,9999.000,9999.000,9999.000,9999.000
202606241524,   0.787,9999.000,9999.000,9999.000,9999.000,9999.000,9999.000,9999.000,9999.000
202606241530,   0.798,9999.000,9999.000,9999.000,9999.000,9999.000,9999.000,9999.000,9999.000
202606241536,   0.808,9999.000,9999.000,9999.000,9999.000,9999.000,9999.000,9999.000,9999.000
202606241542,   0.818,9999.000,9999.000,9999.000,9999.000,9999.000,9999.000,9999.000,9999.000
202606241548,   0.828,9999.000,9999.000,9999.000,9999.000,9999.000,9999.000,9999.000,9999.000
202606241554,   0.838,9999.000,9999.000,9999.000,9999.000,9999.000,9999.000,9999.000,9999.000
202606241600,   0.847,9999.000,   0.300,   1.137,   2.284,   0.200,   2.184,   0.400,   2.384
202606241606,   0.856,9999.000,9999.000,9999.000,9999.000,9999.000,9999.000,9999.000,9999.000
202606241612,   0.864,9999.000,9999.000,9999.000,9999.000,9999.000,9999.000,9999.000,9999.000
202606241618,   0.873,9999.000,9999.000,9999.000,9999.000,9999.000,9999.000,9999.000,9999.000
202606241624,   0.881,9999.000,9999.000,9999.000,9999.000,9999.000,9999.000,9999.000,9999.000
202606241630,   0.888,9999.000,9999.000,9999.000,9999.000,9999.000,9999.000,9999.000,9999.000
202606241636,   0.896,9999.000,9999.000,9999.000,9999.000,9999.000,9999.000,9999.000,9999.000
202606241642,   0.902,9999.000,9999.000,9999.000,9999.000,9999.000,9999.000,9999.000,9999.000
202606241648,   0.909,9999.000,9999.000,9999.000,9999.000,9999.000,9999.000,9999.000,9999.000
202606241654,   0.915,9999.000,9999.000,9999.000,9999.000,9999.000,9999.000,9999.000,9999.000
202606241700,   0.921,9999.000,   0.300,   1.137,   2.358,   0.200,   2.258,   0.400,   2.458
202606241706,   0.926,9999.000,9999.000,9999.000,9999.000,9999.000,9999.000,9999.000,9999.000
202606241712,   0.931,9999.000,9999.000,9999.000,9999.000,9999.000,9999.000,9999.000,9999.000
202606241718,   0.935,9999.000,9999.000,9999.000,9999.000,9999.000,9999.000,9999.000,9999.000
202606241724,   0.939,9999.000,9999.000,9999.000,9999.000,9999.000,9999.000,9999.000,9999.000
202606241730,   0.943,9999.000,9999.000,9999.000,9999.000,9999.000,9999.000,9999.000,9999.000
202606241736,   0.946,9999.000,9999.000,9999.000,9999.000,9999.000,9999.000,9999.000,9999.000
202606241742,   0.948,9999.000,9999.000,9999.000,9999.000,9999.000,9999.000,9999.000,9999.000
202606241748,   0.950,9999.000,9999.000,9999.000,9999.000,9999.000,9999.000,9999.000,9999.000
202606241754,   0.952,9999.000,9999.000,9999.000,9999.000,9999.000,9999.000,9999.000,9999.000
202606241800,   0.953,9999.000,   0.300,   1.137,   2.390,   0.200,   2.290,   0.500,   2.590
202606241806,   0.954,9999.000,9999.000,9999.000,9999.000,9999.000,9999.000,9999.000,9999.000
202606241812,   0.955,9999.000,9999.000,9999.000,9999.000,9999.000,9999.000,9999.000,9999.000
202606241818,   0.955,9999.000,9999.000,9999.000,9999.000,9999.000,9999.000,9999.000,9999.000
202606241824,   0.954,9999.000,9999.000,9999.000,9999.000,9999.000,9999.000,9999.000,9999.000
202606241830,   0.953,9999.000,9999.000,9999.000,9999.000,9999.000,9999.000,9999.000,9999.000
202606241836,   0.952,9999.000,9999.000,9999.000,9999.000,9999.000,9999.000,9999.000,9999.000
202606241842,   0.950,9999.000,9999.000,9999.000,9999.000,9999.000,9999.000,9999.000,9999.000
202606241848,   0.948,9999.000,9999.000,9999.000,9999.000,9999.000,9999.000,9999.000,9999.000
202606241854,   0.946,9999.000,9999.000,9999.000,9999.000,9999.000,9999.000,9999.000,9999.000
202606241900,   0.943,9999.000,   0.400,   1.137,   2.480,   0.200,   2.280,   0.500,   2.580
202606241906,   0.939,9999.000,9999.000,9999.000,9999.000,9999.000,9999.000,9999.000,9999.000
202606241912,   0.936,9999.000,9999.000,9999.000,9999.000,9999.000,9999.000,9999.000,9999.000
202606241918,   0.932,9999.000,9999.000,9999.000,9999.000,9999.000,9999.000,9999.000,9999.000
202606241924,   0.927,9999.000,9999.000,9999.000,9999.000,9999.000,9999.000,9999.000,9999.000
202606241930,   0.923,9999.000,9999.000,9999.000,9999.000,9999.000,9999.000,9999.000,9999.000
202606241936,   0.918,9999.000,9999.000,9999.000,9999.000,9999.000,9999.000,9999.000,9999.000
202606241942,   0.912,9999.000,9999.000,9999.000,9999.000,9999.000,9999.000,9999.000,9999.000
202606241948,   0.907,9999.000,9999.000,9999.000,9999.000,9999.000,9999.000,9999.000,9999.000
202606241954,   0.901,9999.000,9999.000,9999.000,9999.000,9999.000,9999.000,9999.000,9999.000
202606242000,   0.895,9999.000,   0.400,   1.137,   2.432,   0.200,   2.232,   0.500,   2.532
202606242006,   0.888,9999.000,9999.000,9999.000,9999.000,9999.000,9999.000,9999.000,9999.000
202606242012,   0.882,9999.000,9999.000,9999.000,9999.000,9999.000,9999.000,9999.000,9999.000
202606242018,   0.875,9999.000,9999.000,9999.000,9999.000,9999.000,9999.000,9999.000,9999.000
202606242024,   0.868,9999.000,9999.000,9999.000,9999.000,9999.000,9999.000,9999.000,9999.000
202606242030,   0.861,9999.000,9999.000,9999.000,9999.000,9999.000,9999.000,9999.000,9999.000
202606242036,   0.854,9999.000,9999.000,9999.000,9999.000,9999.000,9999.000,9999.000,9999.000
202606242042,   0.846,9999.000,9999.000,9999.000,9999.000,9999.000,9999.000,9999.000,9999.000
202606242048,   0.839,9999.000,9999.000,9999.000,9999.000,9999.000,9999.000,9999.000,9999.000
202606242054,   0.831,9999.000,9999.000,9999.000,9999.000,9999.000,9999.000,9999.000,9999.000
202606242100,   0.823,9999.000,   0.400,   1.137,   2.360,   0.200,   2.160,   0.500,   2.460
202606242106,   0.815,9999.000,9999.000,9999.000,9999.000,9999.000,9999.000,9999.000,9999.000
202606242112,   0.808,9999.000,9999.000,9999.000,9999.000,9999.000,9999.000,9999.000,9999.000
202606242118,   0.800,9999.000,9999.000,9999.000,9999.000,9999.000,9999.000,9999.000,9999.000
202606242124,   0.792,9999.000,9999.000,9999.000,9999.000,9999.000,9999.000,9999.000,9999.000
202606242130,   0.784,9999.000,9999.000,9999.000,9999.000,9999.000,9999.000,9999.000,9999.000
202606242136,   0.776,9999.000,9999.000,9999.000,9999.000,9999.000,9999.000,9999.000,9999.000
202606242142,   0.768,9999.000,9999.000,9999.000,9999.000,9999.000,9999.000,9999.000,9999.000
202606242148,   0.761,9999.000,9999.000,9999.000,9999.000,9999.000,9999.000,9999.000,9999.000
202606242154,   0.753,9999.000,9999.000,9999.000,9999.000,9999.000,9999.000,9999.000,9999.000
202606242200,   0.745,9999.000,   0.400,   1.137,   2.282,   0.200,   2.082,   0.500,   2.382
202606242206,   0.738,9999.000,9999.000,9999.000,9999.000,9999.000,9999.000,9999.000,9999.000
202606242212,   0.731,9999.000,9999.000,9999.000,9999.000,9999.000,9999.000,9999.000,9999.000
202606242218,   0.723,9999.000,9999.000,9999.000,9999.000,9999.000,9999.000,9999.000,9999.000
202606242224,   0.716,9999.000,9999.000,9999.000,9999.000,9999.000,9999.000,9999.000,9999.000
202606242230,   0.709,9999.000,9999.000,9999.000,9999.000,9999.000,9999.000,9999.000,9999.000
202606242236,   0.703,9999.000,9999.000,9999.000,9999.000,9999.000,9999.000,9999.000,9999.000
202606242242,   0.696,9999.000,9999.000,9999.000,9999.000,9999.000,9999.000,9999.000,9999.000
202606242248,   0.690,9999.000,9999.000,9999.000,9999.000,9999.000,9999.000,9999.000,9999.000
202606242254,   0.684,9999.000,9999.000,9999.000,9999.000,9999.000,9999.000,9999.000,9999.000
202606242300,   0.678,9999.000,   0.400,   1.137,   2.215,   0.200,   2.015,   0.500,   2.315
202606242306,   0.673,9999.000,9999.000,9999.000,9999.000,9999.000,9999.000,9999.000,9999.000
202606242312,   0.667,9999.000,9999.000,9999.000,9999.000,9999.000,9999.000,9999.000,9999.000
202606242318,   0.662,9999.000,9999.000,9999.000,9999.000,9999.000,9999.000,9999.000,9999.000
202606242324,   0.657,9999.000,9999.000,9999.000,9999.000,9999.000,9999.000,9999.000,9999.000
202606242330,   0.653,9999.000,9999.000,9999.000,9999.000,9999.000,9999.000,9999.000,9999.000
202606242336,   0.648,9999.000,9999.000,9999.000,9999.000,9999.000,9999.000,9999.000,9999.000
202606242342,   0.644,9999.000,9999.000,9999.000,9999.000,9999.000,9999.000,9999.000,9999.000
202606242348,   0.641,9999.000,9999.000,9999.000,9999.000,9999.000,9999.000,9999.000,9999.000
202606242354,   0.637,9999.000,9999.000,9999.000,9999.000,9999.000,9999.000,9999.000,9999.000
202606250000,   0.634,9999.000,   0.400,   1.137,   2.171,   0.200,   1.971,   0.500,   2.271
202606250006,   0.631,9999.000,9999.000,9999.000,9999.000,9999.000,9999.000,9999.000,9999.000
202606250012,   0.629,9999.000,9999.000,9999.000,9999.000,9999.000,9999.000,9999.000,9999.000
202606250018,   0.626,9999.000,9999.000,9999.000,9999.000,9999.000,9999.000,9999.000,9999.000
202606250024,   0.624,9999.000,9999.000,9999.000,9999.000,9999.000,9999.000,9999.000,9999.000
202606250030,   0.623,9999.000,9999.000,9999.000,9999.000,9999.000,9999.000,9999.000,9999.000
202606250036,   0.621,9999.000,9999.000,9999.000,9999.000,9999.000,9999.000,9999.000,9999.000
202606250042,   0.620,9999.000,9999.000,9999.000,9999.000,9999.000,9999.000,9999.000,9999.000
202606250048,   0.619,9999.000,9999.000,9999.000,9999.000,9999.000,9999.000,9999.000,9999.000
202606250054,   0.619,9999.000,9999.000,9999.000,9999.000,9999.000,9999.000,9999.000,9999.000
202606250100,   0.618,9999.000,   0.400,   1.137,   2.155,   0.200,   1.955,   0.500,   2.255
202606250106,   0.618,9999.000,9999.000,9999.000,9999.000,9999.000,9999.000,9999.000,9999.000
202606250112,   0.618,9999.000,9999.000,9999.000,9999.000,9999.000,9999.000,9999.000,9999.000
202606250118,   0.619,9999.000,9999.000,9999.000,9999.000,9999.000,9999.000,9999.000,9999.000
202606250124,   0.620,9999.000,9999.000,9999.000,9999.000,9999.000,9999.000,9999.000,9999.000
202606250130,   0.621,9999.000,9999.000,9999.000,9999.000,9999.000,9999.000,9999.000,9999.000
202606250136,   0.622,9999.000,9999.000,9999.000,9999.000,9999.000,9999.000,9999.000,9999.000
202606250142,   0.623,9999.000,9999.000,9999.000,9999.000,9999.000,9999.000,9999.000,9999.000
202606250148,   0.624,9999.000,9999.000,9999.000,9999.000,9999.000,9999.000,9999.000,9999.000
202606250154,   0.626,9999.000,9999.000,9999.000,9999.000,9999.000,9999.000,9999.000,9999.000
202606250200,   0.628,9999.000,   0.400,   1.137,   2.165,   0.200,   1.965,   0.500,   2.265
202606250206,   0.630,9999.000,9999.000,9999.000,9999.000,9999.000,9999.000,9999.000,9999.000
202606250212,   0.632,9999.000,9999.000,9999.000,9999.000,9999.000,9999.000,9999.000,9999.000
202606250218,   0.634,9999.000,9999.000,9999.000,9999.000,9999.000,9999.000,9999.000,9999.000
202606250224,   0.637,9999.000,9999.000,9999.000,9999.000,9999.000,9999.000,9999.000,9999.000
202606250230,   0.639,9999.000,9999.000,9999.000,9999.000,9999.000,9999.000,9999.000,9999.000
202606250236,   0.642,9999.000,9999.000,9999.000,9999.000,9999.000,9999.000,9999.000,9999.000
202606250242,   0.645,9999.000,9999.000,9999.000,9999.000,9999.000,9999.000,9999.000,9999.000
202606250248,   0.647,9999.000,9999.000,9999.000,9999.000,9999.000,9999.000,9999.000,9999.000
202606250254,   0.650,9999.000,9999.000,9999.000,9999.000,9999.000,9999.000,9999.000,9999.000
202606250300,   0.653,9999.000,   0.400,   1.137,   2.190,   0.200,   1.990,   0.500,   2.290
202606250306,   0.656,9999.000,9999.000,9999.000,9999.000,9999.000,9999.000,9999.000,9999.000
202606250312,   0.658,9999.000,9999.000,9999.000,9999.000,9999.000,9999.000,9999.000,9999.000
202606250318,   0.661,9999.000,9999.000,9999.000,9999.000,9999.000,9999.000,9999.000,9999.000
202606250324,   0.664,9999.000,9999.000,9999.000,9999.000,9999.000,9999.000,9999.000,9999.000
202606250330,   0.667,9999.000,9999.000,9999.000,9999.000,9999.000,9999.000,9999.000,9999.000
202606250336,   0.669,9999.000,9999.000,9999.000,9999.000,9999.000,9999.000,9999.000,9999.000
202606250342,   0.672,9999.000,9999.000,9999.000,9999.000,9999.000,9999.000,9999.000,9999.000
202606250348,   0.674,9999.000,9999.000,9999.000,9999.000,9999.000,9999.000,9999.000,9999.000
202606250354,   0.676,9999.000,9999.000,9999.000,9999.000,9999.000,9999.000,9999.000,9999.000
202606250400,   0.679,9999.000,   0.400,   1.137,   2.216,   0.200,   2.016,   0.500,   2.316
202606250406,   0.681,9999.000,9999.000,9999.000,9999.000,9999.000,9999.000,9999.000,9999.000
202606250412,   0.683,9999.000,9999.000,9999.000,9999.000,9999.000,9999.000,9999.000,9999.000
202606250418,   0.684,9999.000,9999.000,9999.000,9999.000,9999.000,9999.000,9999.000,9999.000
202606250424,   0.686,9999.000,9999.000,9999.000,9999.000,9999.000,9999.000,9999.000,9999.000
202606250430,   0.687,9999.000,9999.000,9999.000,9999.000,9999.000,9999.000,9999.000,9999.000
202606250436,   0.689,9999.000,9999.000,9999.000,9999.000,9999.000,9999.000,9999.000,9999.000
202606250442,   0.689,9999.000,9999.000,9999.000,9999.000,9999.000,9999.000,9999.000,9999.000
202606250448,   0.690,9999.000,9999.000,9999.000,9999.000,9999.000,9999.000,9999.000,9999.000
202606250454,   0.691,9999.000,9999.000,9999.000,9999.000,9999.000,9999.000,9999.000,9999.000
202606250500,   0.691,9999.000,   0.400,   1.137,   2.228,   0.200,   2.028,   0.600,   2.428
202606250506,   0.691,9999.000,9999.000,9999.000,9999.000,9999.000,9999.000,9999.000,9999.000
202606250512,   0.691,9999.000,9999.000,9999.000,9999.000,9999.000,9999.000,9999.000,9999.000
202606250518,   0.690,9999.000,9999.000,9999.000,9999.000,9999.000,9999.000,9999.000,9999.000
202606250524,   0.690,9999.000,9999.000,9999.000,9999.000,9999.000,9999.000,9999.000,9999.000
202606250530,   0.689,9999.000,9999.000,9999.000,9999.000,9999.000,9999.000,9999.000,9999.000
202606250536,   0.687,9999.000,9999.000,9999.000,9999.000,9999.000,9999.000,9999.000,9999.000
202606250542,   0.686,9999.000,9999.000,9999.000,9999.000,9999.000,9999.000,9999.000,9999.000
202606250548,   0.684,9999.000,9999.000,9999.000,9999.000,9999.000,9999.000,9999.000,9999.000
202606250554,   0.682,9999.000,9999.000,9999.000,9999.000,9999.000,9999.000,9999.000,9999.000
202606250600,   0.680,9999.000,   0.400,   1.137,   2.217,   0.200,   2.017,   0.600,   2.417
202606250606,   0.677,9999.000,9999.000,9999.000,9999.000,9999.000,9999.000,9999.000,9999.000
202606250612,   0.674,9999.000,9999.000,9999.000,9999.000,9999.000,9999.000,9999.000,9999.000
202606250618,   0.671,9999.000,9999.000,9999.000,9999.000,9999.000,9999.000,9999.000,9999.000
202606250624,   0.667,9999.000,9999.000,9999.000,9999.000,9999.000,9999.000,9999.000,9999.000
202606250630,   0.664,9999.000,9999.000,9999.000,9999.000,9999.000,9999.000,9999.000,9999.000
202606250636,   0.660,9999.000,9999.000,9999.000,9999.000,9999.000,9999.000,9999.000,9999.000
202606250642,   0.655,9999.000,9999.000,9999.000,9999.000,9999.000,9999.000,9999.000,9999.000
202606250648,   0.651,9999.000,9999.000,9999.000,9999.000,9999.000,9999.000,9999.000,9999.000
202606250654,   0.646,9999.000,9999.000,9999.000,9999.000,9999.000,9999.000,9999.000,9999.000
202606250700,   0.641,9999.000,   0.400,   1.137,   2.178,   0.100,   1.878,   0.600,   2.378
202606250706,   0.636,9999.000,9999.000,9999.000,9999.000,9999.000,9999.000,9999.000,9999.000
202606250712,   0.630,9999.000,9999.000,9999.000,9999.000,9999.000,9999.000,9999.000,9999.000
202606250718,   0.624,9999.000,9999.000,9999.000,9999.000,9999.000,9999.000,9999.000,9999.000
202606250724,   0.619,9999.000,9999.000,9999.000,9999.000,9999.000,9999.000,9999.000,9999.000
202606250730,   0.613,9999.000,9999.000,9999.000,9999.000,9999.000,9999.000,9999.000,9999.000
202606250736,   0.606,9999.000,9999.000,9999.000,9999.000,9999.000,9999.000,9999.000,9999.000
202606250742,   0.600,9999.000,9999.000,9999.000,9999.000,9999.000,9999.000,9999.000,9999.000
202606250748,   0.593,9999.000,9999.000,9999.000,9999.000,9999.000,9999.000,9999.000,9999.000
202606250754,   0.587,9999.000,9999.000,9999.000,9999.000,9999.000,9999.000,9999.000,9999.000
202606250800,   0.580,9999.000,   0.300,   1.137,   2.017,   0.100,   1.817,   0.600,   2.317
202606250806,   0.573,9999.000,9999.000,9999.000,9999.000,9999.000,9999.000,9999.000,9999.000
202606250812,   0.566,9999.000,9999.000,9999.000,9999.000,9999.000,9999.000,9999.000,9999.000
202606250818,   0.559,9999.000,9999.000,9999.000,9999.000,9999.000,9999.000,9999.000,9999.000
202606250824,   0.552,9999.000,9999.000,9999.000,9999.000,9999.000,9999.000,9999.000,9999.000
202606250830,   0.544,9999.000,9999.000,9999.000,9999.000,9999.000,9999.000,9999.000,9999.000
202606250836,   0.537,9999.000,9999.000,9999.000,9999.000,9999.000,9999.000,9999.000,9999.000
202606250842,   0.530,9999.000,9999.000,9999.000,9999.000,9999.000,9999.000,9999.000,9999.000
202606250848,   0.523,9999.000,9999.000,9999.000,9999.000,9999.000,9999.000,9999.000,9999.000
202606250854,   0.516,9999.000,9999.000,9999.000,9999.000,9999.000,9999.000,9999.000,9999.000
202606250900,   0.509,9999.000,   0.300,   1.137,   1.946,   0.100,   1.746,   0.600,   2.246
202606250906,   0.501,9999.000,9999.000,9999.000,9999.000,9999.000,9999.000,9999.000,9999.000
202606250912,   0.495,9999.000,9999.000,9999.000,9999.000,9999.000,9999.000,9999.000,9999.000
202606250918,   0.488,9999.000,9999.000,9999.000,9999.000,9999.000,9999.000,9999.000,9999.000
202606250924,   0.481,9999.000,9999.000,9999.000,9999.000,9999.000,9999.000,9999.000,9999.000
202606250930,   0.474,9999.000,9999.000,9999.000,9999.000,9999.000,9999.000,9999.000,9999.000
202606250936,   0.468,9999.000,9999.000,9999.000,9999.000,9999.000,9999.000,9999.000,9999.000
202606250942,   0.462,9999.000,9999.000,9999.000,9999.000,9999.000,9999.000,9999.000,9999.000
202606250948,   0.456,9999.000,9999.000,9999.000,9999.000,9999.000,9999.000,9999.000,9999.000
202606250954,   0.450,9999.000,9999.000,9999.000,9999.000,9999.000,9999.000,9999.000,9999.000
202606251000,   0.444,9999.000,   0.300,   1.137,   1.881,   0.100,   1.681,   0.600,   2.181
202606251006,   0.439,9999.000,9999.000,9999.000,9999.000,9999.000,9999.000,9999.000,9999.000
202606251012,   0.434,9999.000,9999.000,9999.000,9999.000,9999.000,9999.000,9999.000,9999.000
202606251018,   0.429,9999.000,9999.000,9999.000,9999.000,9999.000,9999.000,9999.000,9999.000
202606251024,   0.424,9999.000,9999.000,9999.000,9999.000,9999.000,9999.000,9999.000,9999.000
202606251030,   0.420,9999.000,9999.000,9999.000,9999.000,9999.000,9999.000,9999.000,9999.000
202606251036,   0.416,9999.000,9999.000,9999.000,9999.000,9999.000,9999.000,9999.000,9999.000
202606251042,   0.413,9999.000,9999.000,9999.000,9999.000,9999.000,9999.000,9999.000,9999.000
202606251048,   0.409,9999.000,9999.000,9999.000,9999.000,9999.000,9999.000,9999.000,9999.000
202606251054,   0.407,9999.000,9999.000,9999.000,9999.000,9999.000,9999.000,9999.000,9999.000
202606251100,   0.404,9999.000,   0.300,   1.137,   1.841,   0.100,   1.641,   0.600,   2.141
202606251106,   0.402,9999.000,9999.000,9999.000,9999.000,9999.000,9999.000,9999.000,9999.000
202606251112,   0.400,9999.000,9999.000,9999.000,9999.000,9999.000,9999.000,9999.000,9999.000
202606251118,   0.399,9999.000,9999.000,9999.000,9999.000,9999.000,9999.000,9999.000,9999.000
202606251124,   0.398,9999.000,9999.000,9999.000,9999.000,9999.000,9999.000,9999.000,9999.000
202606251130,   0.398,9999.000,9999.000,9999.000,9999.000,9999.000,9999.000,9999.000,9999.000
202606251136,   0.398,9999.000,9999.000,9999.000,9999.000,9999.000,9999.000,9999.000,9999.000
202606251142,   0.398,9999.000,9999.000,9999.000,9999.000,9999.000,9999.000,9999.000,9999.000
202606251148,   0.399,9999.000,9999.000,9999.000,9999.000,9999.000,9999.000,9999.000,9999.000
202606251154,   0.400,9999.000,9999.000,9999.000,9999.000,9999.000,9999.000,9999.000,9999.000
202606251200,   0.402,9999.000,   0.300,   1.137,   1.839,   0.100,   1.639,   0.600,   2.139
202606251206,   0.404,9999.000,9999.000,9999.000,9999.000,9999.000,9999.000,9999.000,9999.000
202606251212,   0.407,9999.000,9999.000,9999.000,9999.000,9999.000,9999.000,9999.000,9999.000
202606251218,   0.410,9999.000,9999.000,9999.000,9999.000,9999.000,9999.000,9999.000,9999.000
202606251224,   0.414,9999.000,9999.000,9999.000,9999.000,9999.000,9999.000,9999.000,9999.000
202606251230,   0.418,9999.000,9999.000,9999.000,9999.000,9999.000,9999.000,9999.000,9999.000
202606251236,   0.422,9999.000,9999.000,9999.000,9999.000,9999.000,9999.000,9999.000,9999.000
202606251242,   0.427,9999.000,9999.000,9999.000,9999.000,9999.000,9999.000,9999.000,9999.000
202606251248,   0.432,9999.000,9999.000,9999.000,9999.000,9999.000,9999.000,9999.000,9999.000
202606251254,   0.438,9999.000,9999.000,9999.000,9999.000,9999.000,9999.000,9999.000,9999.000
202606251300,   0.444,9999.000,   0.300,   1.137,   1.881,   0.100,   1.681,   0.600,   2.181
202606251306,   0.451,9999.000,9999.000,9999.000,9999.000,9999.000,9999.000,9999.000,9999.000
202606251312,   0.458,9999.000,9999.000,9999.000,9999.000,9999.000,9999.000,9999.000,9999.000
202606251318,   0.465,9999.000,9999.000,9999.000,9999.000,9999.000,9999.000,9999.000,9999.000
202606251324,   0.473,9999.000,9999.000,9999.000,9999.000,9999.000,9999.000,9999.000,9999.000
202606251330,   0.481,9999.000,9999.000,9999.000,9999.000,9999.000,9999.000,9999.000,9999.000
202606251336,   0.490,9999.000,9999.000,9999.000,9999.000,9999.000,9999.000,9999.000,9999.000
202606251342,   0.498,9999.000,9999.000,9999.000,9999.000,9999.000,9999.000,9999.000,9999.000
202606251348,   0.508,9999.000,9999.000,9999.000,9999.000,9999.000,9999.000,9999.000,9999.000
202606251354,   0.517,9999.000,9999.000,9999.000,9999.000,9999.000,9999.000,9999.000,9999.000
202606251400,   0.527,9999.000,   0.300,   1.137,   1.964,   0.100,   1.764,   0.600,   2.264
202606251406,   0.537,9999.000,9999.000,9999.000,9999.000,9999.000,9999.000,9999.000,9999.000
202606251412,   0.548,9999.000,9999.000,9999.000,9999.000,9999.000,9999.000,9999.000,9999.000
202606251418,   0.558,9999.000,9999.000,9999.000,9999.000,9999.000,9999.000,9999.000,9999.000
202606251424,   0.569,9999.000,9999.000,9999.000,9999.000,9999.000,9999.000,9999.000,9999.000
202606251430,   0.580,9999.000,9999.000,9999.000,9999.000,9999.000,9999.000,9999.000,9999.000
202606251436,   0.592,9999.000,9999.000,9999.000,9999.000,9999.000,9999.000,9999.000,9999.000
202606251442,   0.603,9999.000,9999.000,9999.000,9999.000,9999.000,9999.000,9999.000,9999.000
202606251448,   0.615,9999.000,9999.000,9999.000,9999.000,9999.000,9999.000,9999.000,9999.000
202606251454,   0.626,9999.000,9999.000,9999.000,9999.000,9999.000,9999.000,9999.000,9999.000
202606251500,   0.638,9999.000,   0.300,   1.137,   2.075,   0.100,   1.875,   0.600,   2.375
202606251506,   0.650,9999.000,9999.000,9999.000,9999.000,9999.000,9999.000,9999.000,9999.000
202606251512,   0.662,9999.000,9999.000,9999.000,9999.000,9999.000,9999.000,9999.000,9999.000
202606251518,   0.675,9999.000,9999.000,9999.000,9999.000,9999.000,9999.000,9999.000,9999.000
202606251524,   0.687,9999.000,9999.000,9999.000,9999.000,9999.000,9999.000,9999.000,9999.000
202606251530,   0.699,9999.000,9999.000,9999.000,9999.000,9999.000,9999.000,9999.000,9999.000
202606251536,   0.711,9999.000,9999.000,9999.000,9999.000,9999.000,9999.000,9999.000,9999.000
202606251542,   0.723,9999.000,9999.000,9999.000,9999.000,9999.000,9999.000,9999.000,9999.000
202606251548,   0.735,9999.000,9999.000,9999.000,9999.000,9999.000,9999.000,9999.000,9999.000
202606251554,   0.747,9999.000,9999.000,9999.000,9999.000,9999.000,9999.000,9999.000,9999.000
202606251600,   0.759,9999.000,   0.300,   1.137,   2.196,   0.100,   1.996,   0.600,   2.496
202606251606,   0.771,9999.000,9999.000,9999.000,9999.000,9999.000,9999.000,9999.000,9999.000
202606251612,   0.783,9999.000,9999.000,9999.000,9999.000,9999.000,9999.000,9999.000,9999.000
202606251618,   0.794,9999.000,9999.000,9999.000,9999.000,9999.000,9999.000,9999.000,9999.000
202606251624,   0.805,9999.000,9999.000,9999.000,9999.000,9999.000,9999.000,9999.000,9999.000
202606251630,   0.816,9999.000,9999.000,9999.000,9999.000,9999.000,9999.000,9999.000,9999.000
202606251636,   0.827,9999.000,9999.000,9999.000,9999.000,9999.000,9999.000,9999.000,9999.000
202606251642,   0.838,9999.000,9999.000,9999.000,9999.000,9999.000,9999.000,9999.000,9999.000
202606251648,   0.848,9999.000,9999.000,9999.000,9999.000,9999.000,9999.000,9999.000,9999.000
202606251654,   0.858,9999.000,9999.000,9999.000,9999.000,9999.000,9999.000,9999.000,9999.000
202606251700,   0.868,9999.000,   0.300,   1.137,   2.305,   0.100,   2.105,   0.600,   2.605
202606251706,   0.877,9999.000,9999.000,9999.000,9999.000,9999.000,9999.000,9999.000,9999.000
202606251712,   0.887,9999.000,9999.000,9999.000,9999.000,9999.000,9999.000,9999.000,9999.000
202606251718,   0.895,9999.000,9999.000,9999.000,9999.000,9999.000,9999.000,9999.000,9999.000
202606251724,   0.904,9999.000,9999.000,9999.000,9999.000,9999.000,9999.000,9999.000,9999.000
202606251730,   0.912,9999.000,9999.000,9999.000,9999.000,9999.000,9999.000,9999.000,9999.000
202606251736,   0.919,9999.000,9999.000,9999.000,9999.000,9999.000,9999.000,9999.000,9999.000
202606251742,   0.927,9999.000,9999.000,9999.000,9999.000,9999.000,9999.000,9999.000,9999.000
202606251748,   0.933,9999.000,9999.000,9999.000,9999.000,9999.000,9999.000,9999.000,9999.000
202606251754,   0.940,9999.000,9999.000,9999.000,9999.000,9999.000,9999.000,9999.000,9999.000
202606251800,   0.946,9999.000,   0.300,   1.137,   2.383,   0.200,   2.283,   0.600,   2.683
202606251806,   0.951,9999.000,9999.000,9999.000,9999.000,9999.000,9999.000,9999.000,9999.000
202606251812,   0.956,9999.000,9999.000,9999.000,9999.000,9999.000,9999.000,9999.000,9999.000
202606251818,   0.961,9999.000,9999.000,9999.000,9999.000,9999.000,9999.000,9999.000,9999.000
202606251824,   0.965,9999.000,9999.000,9999.000,9999.000,9999.000,9999.000,9999.000,9999.000
202606251830,   0.969,9999.000,9999.000,9999.000,9999.000,9999.000,9999.000,9999.000,9999.000
202606251836,   0.972,9999.000,9999.000,9999.000,9999.000,9999.000,9999.000,9999.000,9999.000
202606251842,   0.974,9999.000,9999.000,9999.000,9999.000,9999.000,9999.000,9999.000,9999.000
202606251848,   0.977,9999.000,9999.000,9999.000,9999.000,9999.000,9999.000,9999.000,9999.000
202606251854,   0.978,9999.000,9999.000,9999.000,9999.000,9999.000,9999.000,9999.000,9999.000
202606251900,   0.980,9999.000,   0.400,   1.137,   2.517,   0.200,   2.317,   0.600,   2.717
202606251906,   0.980,9999.000,9999.000,9999.000,9999.000,9999.000,9999.000,9999.000,9999.000
202606251912,   0.981,9999.000,9999.000,9999.000,9999.000,9999.000,9999.000,9999.000,9999.000
202606251918,   0.981,9999.000,9999.000,9999.000,9999.000,9999.000,9999.000,9999.000,9999.000
202606251924,   0.980,9999.000,9999.000,9999.000,9999.000,9999.000,9999.000,9999.000,9999.000
202606251930,   0.979,9999.000,9999.000,9999.000,9999.000,9999.000,9999.000,9999.000,9999.000
202606251936,   0.977,9999.000,9999.000,9999.000,9999.000,9999.000,9999.000,9999.000,9999.000
202606251942,   0.975,9999.000,9999.000,9999.000,9999.000,9999.000,9999.000,9999.000,9999.000
202606251948,   0.973,9999.000,9999.000,9999.000,9999.000,9999.000,9999.000,9999.000,9999.000
202606251954,   0.970,9999.000,9999.000,9999.000,9999.000,9999.000,9999.000,9999.000,9999.000
202606252000,   0.967,9999.000,   0.400,   1.137,   2.504,   0.200,   2.304,   0.600,   2.704
202606252006,   0.963,9999.000,9999.000,9999.000,9999.000,9999.000,9999.000,9999.000,9999.000
202606252012,   0.959,9999.000,9999.000,9999.000,9999.000,9999.000,9999.000,9999.000,9999.000
202606252018,   0.954,9999.000,9999.000,9999.000,9999.000,9999.000,9999.000,9999.000,9999.000
202606252024,   0.949,9999.000,9999.000,9999.000,9999.000,9999.000,9999.000,9999.000,9999.000
202606252030,   0.944,9999.000,9999.000,9999.000,9999.000,9999.000,9999.000,9999.000,9999.000
202606252036,   0.939,9999.000,9999.000,9999.000,9999.000,9999.000,9999.000,9999.000,9999.000
202606252042,   0.933,9999.000,9999.000,9999.000,9999.000,9999.000,9999.000,9999.000,9999.000
202606252048,   0.927,9999.000,9999.000,9999.000,9999.000,9999.000,9999.000,9999.000,9999.000
202606252054,   0.920,9999.000,9999.000,9999.000,9999.000,9999.000,9999.000,9999.000,9999.000
202606252100,   0.913,9999.000,   0.400,   1.137,   2.450,   0.200,   2.250,   0.700,   2.750
202606252106,   0.906,9999.000,9999.000,9999.000,9999.000,9999.000,9999.000,9999.000,9999.000
202606252112,   0.899,9999.000,9999.000,9999.000,9999.000,9999.000,9999.000,9999.000,9999.000
202606252118,   0.891,9999.000,9999.000,9999.000,9999.000,9999.000,9999.000,9999.000,9999.000
202606252124,   0.884,9999.000,9999.000,9999.000,9999.000,9999.000,9999.000,9999.000,9999.000
202606252130,   0.876,9999.000,9999.000,9999.000,9999.000,9999.000,9999.000,9999.000,9999.000
202606252136,   0.868,9999.000,9999.000,9999.000,9999.000,9999.000,9999.000,9999.000,9999.000
202606252142,   0.859,9999.000,9999.000,9999.000,9999.000,9999.000,9999.000,9999.000,9999.000
202606252148,   0.851,9999.000,9999.000,9999.000,9999.000,9999.000,9999.000,9999.000,9999.000
202606252154,   0.843,9999.000,9999.000,9999.000,9999.000,9999.000,9999.000,9999.000,9999.000
202606252200,   0.834,9999.000,   0.400,   1.137,   2.371,   0.200,   2.171,   0.700,   2.671
202606252206,   0.825,9999.000,9999.000,9999.000,9999.000,9999.000,9999.000,9999.000,9999.000
202606252212,   0.817,9999.000,9999.000,9999.000,9999.000,9999.000,9999.000,9999.000,9999.000
202606252218,   0.808,9999.000,9999.000,9999.000,9999.000,9999.000,9999.000,9999.000,9999.000
202606252224,   0.799,9999.000,9999.000,9999.000,9999.000,9999.000,9999.000,9999.000,9999.000
202606252230,   0.791,9999.000,9999.000,9999.000,9999.000,9999.000,9999.000,9999.000,9999.000
202606252236,   0.782,9999.000,9999.000,9999.000,9999.000,9999.000,9999.000,9999.000,9999.000
202606252242,   0.774,9999.000,9999.000,9999.000,9999.000,9999.000,9999.000,9999.000,9999.000
202606252248,   0.765,9999.000,9999.000,9999.000,9999.000,9999.000,9999.000,9999.000,9999.000
202606252254,   0.757,9999.000,9999.000,9999.000,9999.000,9999.000,9999.000,9999.000,9999.000
202606252300,   0.748,9999.000,   0.400,   1.137,   2.285,   0.200,   2.085,   0.700,   2.585
202606252306,   0.740,9999.000,9999.000,9999.000,9999.000,9999.000,9999.000,9999.000,9999.000
202606252312,   0.732,9999.000,9999.000,9999.000,9999.000,9999.000,9999.000,9999.000,9999.000
202606252318,   0.724,9999.000,9999.000,9999.000,9999.000,9999.000,9999.000,9999.000,9999.000
202606252324,   0.717,9999.000,9999.000,9999.000,9999.000,9999.000,9999.000,9999.000,9999.000
202606252330,   0.709,9999.000,9999.000,9999.000,9999.000,9999.000,9999.000,9999.000,9999.000
202606252336,   0.702,9999.000,9999.000,9999.000,9999.000,9999.000,9999.000,9999.000,9999.000
202606252342,   0.695,9999.000,9999.000,9999.000,9999.000,9999.000,9999.000,9999.000,9999.000
202606252348,   0.688,9999.000,9999.000,9999.000,9999.000,9999.000,9999.000,9999.000,9999.000
202606252354,   0.681,9999.000,9999.000,9999.000,9999.000,9999.000,9999.000,9999.000,9999.000
202606260000,   0.675,9999.000,   0.500,   1.137,   2.312,   0.200,   2.012,   0.800,   2.612
202606260006,   0.669,9999.000,9999.000,9999.000,9999.000,9999.000,9999.000,9999.000,9999.000
202606260012,   0.663,9999.000,9999.000,9999.000,9999.000,9999.000,9999.000,9999.000,9999.000
202606260018,   0.658,9999.000,9999.000,9999.000,9999.000,9999.000,9999.000,9999.000,9999.000
202606260024,   0.652,9999.000,9999.000,9999.000,9999.000,9999.000,9999.000,9999.000,9999.000
202606260030,   0.648,9999.000,9999.000,9999.000,9999.000,9999.000,9999.000,9999.000,9999.000
202606260036,   0.643,9999.000,9999.000,9999.000,9999.000,9999.000,9999.000,9999.000,9999.000
202606260042,   0.639,9999.000,9999.000,9999.000,9999.000,9999.000,9999.000,9999.000,9999.000
202606260048,   0.635,9999.000,9999.000,9999.000,9999.000,9999.000,9999.000,9999.000,9999.000
202606260054,   0.631,9999.000,9999.000,9999.000,9999.000,9999.000,9999.000,9999.000,9999.000
202606260100,   0.628,9999.000,   0.500,   1.137,   2.265,   0.300,   2.065,   0.800,   2.565
202606260106,   0.625,9999.000,9999.000,9999.000,9999.000,9999.000,9999.000,9999.000,9999.000
202606260112,   0.622,9999.000,9999.000,9999.000,9999.000,9999.000,9999.000,9999.000,9999.000
202606260118,   0.620,9999.000,9999.000,9999.000,9999.000,9999.000,9999.000,9999.000,9999.000
202606260124,   0.618,9999.000,9999.000,9999.000,9999.000,9999.000,9999.000,9999.000,9999.000
202606260130,   0.616,9999.000,9999.000,9999.000,9999.000,9999.000,9999.000,9999.000,9999.000
202606260136,   0.615,9999.000,9999.000,9999.000,9999.000,9999.000,9999.000,9999.000,9999.000
202606260142,   0.614,9999.000,9999.000,9999.000,9999.000,9999.000,9999.000,9999.000,9999.000
202606260148,   0.613,9999.000,9999.000,9999.000,9999.000,9999.000,9999.000,9999.000,9999.000
202606260154,   0.613,9999.000,9999.000,9999.000,9999.000,9999.000,9999.000,9999.000,9999.000
202606260200,   0.613,9999.000,   0.500,   1.137,   2.250,   0.300,   2.050,   0.700,   2.450
202606260206,   0.613,9999.000,9999.000,9999.000,9999.000,9999.000,9999.000,9999.000,9999.000
202606260212,   0.614,9999.000,9999.000,9999.000,9999.000,9999.000,9999.000,9999.000,9999.000
202606260218,   0.615,9999.000,9999.000,9999.000,9999.000,9999.000,9999.000,9999.000,9999.000
202606260224,   0.616,9999.000,9999.000,9999.000,9999.000,9999.000,9999.000,9999.000,9999.000
202606260230,   0.617,9999.000,9999.000,9999.000,9999.000,9999.000,9999.000,9999.000,9999.000
202606260236,   0.619,9999.000,9999.000,9999.000,9999.000,9999.000,9999.000,9999.000,9999.000
202606260242,   0.621,9999.000,9999.000,9999.000,9999.000,9999.000,9999.000,9999.000,9999.000
202606260248,   0.623,9999.000,9999.000,9999.000,9999.000,9999.000,9999.000,9999.000,9999.000
202606260254,   0.625,9999.000,9999.000,9999.000,9999.000,9999.000,9999.000,9999.000,9999.000
202606260300,   0.627,9999.000,   0.500,   1.137,   2.264,   0.300,   2.064,   0.700,   2.464
202606260306,   0.630,9999.000,9999.000,9999.000,9999.000,9999.000,9999.000,9999.000,9999.000
202606260312,   0.633,9999.000,9999.000,9999.000,9999.000,9999.000,9999.000,9999.000,9999.000
202606260318,   0.636,9999.000,9999.000,9999.000,9999.000,9999.000,9999.000,9999.000,9999.000
202606260324,   0.639,9999.000,9999.000,9999.000,9999.000,9999.000,9999.000,9999.000,9999.000
202606260330,   0.642,9999.000,9999.000,9999.000,9999.000,9999.000,9999.000,9999.000,9999.000
202606260336,   0.645,9999.000,9999.000,9999.000,9999.000,9999.000,9999.000,9999.000,9999.000
202606260342,   0.649,9999.000,9999.000,9999.000,9999.000,9999.000,9999.000,9999.000,9999.000
202606260348,   0.652,9999.000,9999.000,9999.000,9999.000,9999.000,9999.000,9999.000,9999.000
202606260354,   0.656,9999.000,9999.000,9999.000,9999.000,9999.000,9999.000,9999.000,9999.000
202606260400,   0.659,9999.000,   0.500,   1.137,   2.296,   0.300,   2.096,   0.700,   2.496
202606260406,   0.663,9999.000,9999.000,9999.000,9999.000,9999.000,9999.000,9999.000,9999.000
202606260412,   0.666,9999.000,9999.000,9999.000,9999.000,9999.000,9999.000,9999.000,9999.000
202606260418,   0.670,9999.000,9999.000,9999.000,9999.000,9999.000,9999.000,9999.000,9999.000
202606260424,   0.674,9999.000,9999.000,9999.000,9999.000,9999.000,9999.000,9999.000,9999.000
202606260430,   0.677,9999.000,9999.000,9999.000,9999.000,9999.000,9999.000,9999.000,9999.000
202606260436,   0.680,9999.000,9999.000,9999.000,9999.000,9999.000,9999.000,9999.000,9999.000
202606260442,   0.684,9999.000,9999.000,9999.000,9999.000,9999.000,9999.000,9999.000,9999.000
202606260448,   0.687,9999.000,9999.000,9999.000,9999.000,9999.000,9999.000,9999.000,9999.000
202606260454,   0.690,9999.000,9999.000,9999.000,9999.000,9999.000,9999.000,9999.000,9999.000
202606260500,   0.693,9999.000,   0.500,   1.137,   2.330,   0.300,   2.130,   0.700,   2.530
202606260506,   0.696,9999.000,9999.000,9999.000,9999.000,9999.000,9999.000,9999.000,9999.000
202606260512,   0.698,9999.000,9999.000,9999.000,9999.000,9999.000,9999.000,9999.000,9999.000
202606260518,   0.701,9999.000,9999.000,9999.000,9999.000,9999.000,9999.000,9999.000,9999.000
202606260524,   0.703,9999.000,9999.000,9999.000,9999.000,9999.000,9999.000,9999.000,9999.000
202606260530,   0.705,9999.000,9999.000,9999.000,9999.000,9999.000,9999.000,9999.000,9999.000
202606260536,   0.707,9999.000,9999.000,9999.000,9999.000,9999.000,9999.000,9999.000,9999.000
202606260542,   0.708,9999.000,9999.000,9999.000,9999.000,9999.000,9999.000,9999.000,9999.000
202606260548,   0.710,9999.000,9999.000,9999.000,9999.000,9999.000,9999.000,9999.000,9999.000
202606260554,   0.711,9999.000,9999.000,9999.000,9999.000,9999.000,9999.000,9999.000,9999.000
202606260600,   0.712,9999.000,   0.500,   1.137,   2.349,   0.300,   2.149,   0.700,   2.549
202606260606,   0.712,9999.000,9999.000,9999.000,9999.000,9999.000,9999.000,9999.000,9999.000
202606260612,   0.712,9999.000,9999.000,9999.000,9999.000,9999.000,9999.000,9999.000,9999.000
202606260618,   0.712,9999.000,9999.000,9999.000,9999.000,9999.000,9999.000,9999.000,9999.000
202606260624,   0.712,9999.000,9999.000,9999.000,9999.000,9999.000,9999.000,9999.000,9999.000
202606260630,   0.711,9999.000,9999.000,9999.000,9999.000,9999.000,9999.000,9999.000,9999.000
202606260636,   0.710,9999.000,9999.000,9999.000,9999.000,9999.000,9999.000,9999.000,9999.000
202606260642,   0.709,9999.000,9999.000,9999.000,9999.000,9999.000,9999.000,9999.000,9999.000
202606260648,   0.708,9999.000,9999.000,9999.000,9999.000,9999.000,9999.000,9999.000,9999.000
202606260654,   0.706,9999.000,9999.000,9999.000,9999.000,9999.000,9999.000,9999.000,9999.000
202606260700,   0.704,9999.000,   0.500,   1.137,   2.341,   0.200,   2.041,   0.800,   2.641
202606260706,   0.701,9999.000,9999.000,9999.000,9999.000,9999.000,9999.000,9999.000,9999.000
202606260712,   0.698,9999.000,9999.000,9999.000,9999.000,9999.000,9999.000,9999.000,9999.000
202606260718,   0.695,9999.000,9999.000,9999.000,9999.000,9999.000,9999.000,9999.000,9999.000
202606260724,   0.692,9999.000,9999.000,9999.000,9999.000,9999.000,9999.000,9999.000,9999.000
202606260730,   0.688,9999.000,9999.000,9999.000,9999.000,9999.000,9999.000,9999.000,9999.000
202606260736,   0.684,9999.000,9999.000,9999.000,9999.000,9999.000,9999.000,9999.000,9999.000
202606260742,   0.679,9999.000,9999.000,9999.000,9999.000,9999.000,9999.000,9999.000,9999.000
202606260748,   0.675,9999.000,9999.000,9999.000,9999.000,9999.000,9999.000,9999.000,9999.000
202606260754,   0.670,9999.000,9999.000,9999.000,9999.000,9999.000,9999.000,9999.000,9999.000
202606260800,   0.664,9999.000,   0.500,   1.137,   2.301,   0.200,   2.001,   0.800,   2.601
202606260806,   0.659,9999.000,9999.000,9999.000,9999.000,9999.000,9999.000,9999.000,9999.000
202606260812,   0.653,9999.000,9999.000,9999.000,9999.000,9999.000,9999.000,9999.000,9999.000
202606260818,   0.647,9999.000,9999.000,9999.000,9999.000,9999.000,9999.000,9999.000,9999.000
202606260824,   0.641,9999.000,9999.000,9999.000,9999.000,9999.000,9999.000,9999.000,9999.000
202606260830,   0.635,9999.000,9999.000,9999.000,9999.000,9999.000,9999.000,9999.000,9999.000
202606260836,   0.628,9999.000,9999.000,9999.000,9999.000,9999.000,9999.000,9999.000,9999.000
202606260842,   0.621,9999.000,9999.000,9999.000,9999.000,9999.000,9999.000,9999.000,9999.000
202606260848,   0.614,9999.000,9999.000,9999.000,9999.000,9999.000,9999.000,9999.000,9999.000
202606260854,   0.607,9999.000,9999.000,9999.000,9999.000,9999.000,9999.000,9999.000,9999.000
202606260900,   0.600,9999.000,   0.500,   1.137,   2.237,   0.200,   1.937,   0.800,   2.537
202606260906,   0.592,9999.000,9999.000,9999.000,9999.000,9999.000,9999.000,9999.000,9999.000
202606260912,   0.585,9999.000,9999.000,9999.000,9999.000,9999.000,9999.000,9999.000,9999.000
202606260918,   0.577,9999.000,9999.000,9999.000,9999.000,9999.000,9999.000,9999.000,9999.000
202606260924,   0.569,9999.000,9999.000,9999.000,9999.000,9999.000,9999.000,9999.000,9999.000
202606260930,   0.561,9999.000,9999.000,9999.000,9999.000,9999.000,9999.000,9999.000,9999.000
202606260936,   0.554,9999.000,9999.000,9999.000,9999.000,9999.000,9999.000,9999.000,9999.000
202606260942,   0.546,9999.000,9999.000,9999.000,9999.000,9999.000,9999.000,9999.000,9999.000
202606260948,   0.538,9999.000,9999.000,9999.000,9999.000,9999.000,9999.000,9999.000,9999.000
202606260954,   0.530,9999.000,9999.000,9999.000,9999.000,9999.000,9999.000,9999.000,9999.000
202606261000,   0.523,9999.000,   0.500,   1.137,   2.160,   0.100,   1.760,   0.800,   2.460
202606261006,   0.515,9999.000,9999.000,9999.000,9999.000,9999.000,9999.000,9999.000,9999.000
202606261012,   0.507,9999.000,9999.000,9999.000,9999.000,9999.000,9999.000,9999.000,9999.000
202606261018,   0.500,9999.000,9999.000,9999.000,9999.000,9999.000,9999.000,9999.000,9999.000
202606261024,   0.492,9999.000,9999.000,9999.000,9999.000,9999.000,9999.000,9999.000,9999.000
202606261030,   0.485,9999.000,9999.000,9999.000,9999.000,9999.000,9999.000,9999.000,9999.000
202606261036,   0.478,9999.000,9999.000,9999.000,9999.000,9999.000,9999.000,9999.000,9999.000
202606261042,   0.471,9999.000,9999.000,9999.000,9999.000,9999.000,9999.000,9999.000,9999.000
202606261048,   0.465,9999.000,9999.000,9999.000,9999.000,9999.000,9999.000,9999.000,9999.000
202606261054,   0.458,9999.000,9999.000,9999.000,9999.000,9999.000,9999.000,9999.000,9999.000
202606261100,   0.452,9999.000,   0.500,   1.137,   2.089,   0.000,   1.589,   0.800,   2.389
202606261106,   0.446,9999.000,9999.000,9999.000,9999.000,9999.000,9999.000,9999.000,9999.000
202606261112,   0.441,9999.000,9999.000,9999.000,9999.000,9999.000,9999.000,9999.000,9999.000
202606261118,   0.436,9999.000,9999.000,9999.000,9999.000,9999.000,9999.000,9999.000,9999.000
202606261124,   0.431,9999.000,9999.000,9999.000,9999.000,9999.000,9999.000,9999.000,9999.000
202606261130,   0.426,9999.000,9999.000,9999.000,9999.000,9999.000,9999.000,9999.000,9999.000
202606261136,   0.422,9999.000,9999.000,9999.000,9999.000,9999.000,9999.000,9999.000,9999.000
202606261142,   0.418,9999.000,9999.000,9999.000,9999.000,9999.000,9999.000,9999.000,9999.000
202606261148,   0.414,9999.000,9999.000,9999.000,9999.000,9999.000,9999.000,9999.000,9999.000
202606261154,   0.411,9999.000,9999.000,9999.000,9999.000,9999.000,9999.000,9999.000,9999.000
202606261200,   0.408,9999.000,   0.400,   1.137,   1.945,   0.000,   1.545,   0.800,   2.345
202606261206,   0.406,9999.000,9999.000,9999.000,9999.000,9999.000,9999.000,9999.000,9999.000
202606261212,   0.404,9999.000,9999.000,9999.000,9999.000,9999.000,9999.000,9999.000,9999.000
202606261218,   0.403,9999.000,9999.000,9999.000,9999.000,9999.000,9999.000,9999.000,9999.000
202606261224,   0.402,9999.000,9999.000,9999.000,9999.000,9999.000,9999.000,9999.000,9999.000
202606261230,   0.401,9999.000,9999.000,9999.000,9999.000,9999.000,9999.000,9999.000,9999.000
202606261236,   0.401,9999.000,9999.000,9999.000,9999.000,9999.000,9999.000,9999.000,9999.000
202606261242,   0.402,9999.000,9999.000,9999.000,9999.000,9999.000,9999.000,9999.000,9999.000
202606261248,   0.403,9999.000,9999.000,9999.000,9999.000,9999.000,9999.000,9999.000,9999.000
202606261254,   0.404,9999.000,9999.000,9999.000,9999.000,9999.000,9999.000,9999.000,9999.000
202606261300,   0.406,9999.000,   0.400,   1.137,   1.943,   0.000,   1.543,   0.800,   2.343
202606261306,   0.408,9999.000,9999.000,9999.000,9999.000,9999.000,9999.000,9999.000,9999.000
202606261312,   0.411,9999.000,9999.000,9999.000,9999.000,9999.000,9999.000,9999.000,9999.000
202606261318,   0.415,9999.000,9999.000,9999.000,9999.000,9999.000,9999.000,9999.000,9999.000
202606261324,   0.419,9999.000,9999.000,9999.000,9999.000,9999.000,9999.000,9999.000,9999.000
202606261330,   0.423,9999.000,9999.000,9999.000,9999.000,9999.000,9999.000,9999.000,9999.000
202606261336,   0.428,9999.000,9999.000,9999.000,9999.000,9999.000,9999.000,9999.000,9999.000
202606261342,   0.433,9999.000,9999.000,9999.000,9999.000,9999.000,9999.000,9999.000,9999.000
202606261348,   0.439,9999.000,9999.000,9999.000,9999.000,9999.000,9999.000,9999.000,9999.000
202606261354,   0.445,9999.000,9999.000,9999.000,9999.000,9999.000,9999.000,9999.000,9999.000
202606261400,   0.452,9999.000,   0.400,   1.137,   1.989,  -0.100,   1.489,   0.800,   2.389
202606261406,   0.459,9999.000,9999.000,9999.000,9999.000,9999.000,9999.000,9999.000,9999.000
202606261412,   0.467,9999.000,9999.000,9999.000,9999.000,9999.000,9999.000,9999.000,9999.000
202606261418,   0.475,9999.000,9999.000,9999.000,9999.000,9999.000,9999.000,9999.000,9999.000
202606261424,   0.483,9999.000,9999.000,9999.000,9999.000,9999.000,9999.000,9999.000,9999.000
202606261430,   0.492,9999.000,9999.000,9999.000,9999.000,9999.000,9999.000,9999.000,9999.000
202606261436,   0.501,9999.000,9999.000,9999.000,9999.000,9999.000,9999.000,9999.000,9999.000
202606261442,   0.511,9999.000,9999.000,9999.000,9999.000,9999.000,9999.000,9999.000,9999.000
202606261448,   0.521,9999.000,9999.000,9999.000,9999.000,9999.000,9999.000,9999.000,9999.000
202606261454,   0.531,9999.000,9999.000,9999.000,9999.000,9999.000,9999.000,9999.000,9999.000
202606261500,   0.542,9999.000,   0.400,   1.137,   2.079,  -0.100,   1.579,   0.800,   2.479
202606261506,   0.553,9999.000,9999.000,9999.000,9999.000,9999.000,9999.000,9999.000,9999.000
202606261512,   0.564,9999.000,9999.000,9999.000,9999.000,9999.000,9999.000,9999.000,9999.000
202606261518,   0.576,9999.000,9999.000,9999.000,9999.000,9999.000,9999.000,9999.000,9999.000
202606261524,   0.587,9999.000,9999.000,9999.000,9999.000,9999.000,9999.000,9999.000,9999.000
202606261530,   0.599,9999.000,9999.000,9999.000,9999.000,9999.000,9999.000,9999.000,9999.000
202606261536,   0.611,9999.000,9999.000,9999.000,9999.000,9999.000,9999.000,9999.000,9999.000
202606261542,   0.624,9999.000,9999.000,9999.000,9999.000,9999.000,9999.000,9999.000,9999.000
202606261548,   0.636,9999.000,9999.000,9999.000,9999.000,9999.000,9999.000,9999.000,9999.000
202606261554,   0.649,9999.000,9999.000,9999.000,9999.000,9999.000,9999.000,9999.000,9999.000
202606261600,   0.662,9999.000,   0.300,   1.137,   2.099,  -0.100,   1.699,   0.800,   2.599
202606261606,   0.675,9999.000,9999.000,9999.000,9999.000,9999.000,9999.000,9999.000,9999.000
202606261612,   0.688,9999.000,9999.000,9999.000,9999.000,9999.000,9999.000,9999.000,9999.000
202606261618,   0.700,9999.000,9999.000,9999.000,9999.000,9999.000,9999.000,9999.000,9999.000
202606261624,   0.713,9999.000,9999.000,9999.000,9999.000,9999.000,9999.000,9999.000,9999.000
202606261630,   0.726,9999.000,9999.000,9999.000,9999.000,9999.000,9999.000,9999.000,9999.000
202606261636,   0.739,9999.000,9999.000,9999.000,9999.000,9999.000,9999.000,9999.000,9999.000
202606261642,   0.752,9999.000,9999.000,9999.000,9999.000,9999.000,9999.000,9999.000,9999.000
202606261648,   0.765,9999.000,9999.000,9999.000,9999.000,9999.000,9999.000,9999.000,9999.000
202606261654,   0.778,9999.000,9999.000,9999.000,9999.000,9999.000,9999.000,9999.000,9999.000
202606261700,   0.790,9999.000,   0.300,   1.137,   2.227,  -0.200,   1.727,   0.800,   2.727
202606261706,   0.803,9999.000,9999.000,9999.000,9999.000,9999.000,9999.000,9999.000,9999.000
202606261712,   0.815,9999.000,9999.000,9999.000,9999.000,9999.000,9999.000,9999.000,9999.000
202606261718,   0.827,9999.000,9999.000,9999.000,9999.000,9999.000,9999.000,9999.000,9999.000
202606261724,   0.839,9999.000,9999.000,9999.000,9999.000,9999.000,9999.000,9999.000,9999.000
202606261730,   0.850,9999.000,9999.000,9999.000,9999.000,9999.000,9999.000,9999.000,9999.000
202606261736,   0.861,9999.000,9999.000,9999.000,9999.000,9999.000,9999.000,9999.000,9999.000
202606261742,   0.872,9999.000,9999.000,9999.000,9999.000,9999.000,9999.000,9999.000,9999.000
202606261748,   0.883,9999.000,9999.000,9999.000,9999.000,9999.000,9999.000,9999.000,9999.000
202606261754,   0.893,9999.000,9999.000,9999.000,9999.000,9999.000,9999.000,9999.000,9999.000
202606261800,   0.903,9999.000,   0.300,   1.137,   2.340,  -0.200,   1.840,   0.800,   2.840
202606261806,   0.913,9999.000,9999.000,9999.000,9999.000,9999.000,9999.000,9999.000,9999.000
202606261812,   0.922,9999.000,9999.000,9999.000,9999.000,9999.000,9999.000,9999.000,9999.000
202606261818,   0.931,9999.000,9999.000,9999.000,9999.000,9999.000,9999.000,9999.000,9999.000
202606261824,   0.939,9999.000,9999.000,9999.000,9999.000,9999.000,9999.000,9999.000,9999.000
202606261830,   0.947,9999.000,9999.000,9999.000,9999.000,9999.000,9999.000,9999.000,9999.000
202606261836,   0.955,9999.000,9999.000,9999.000,9999.000,9999.000,9999.000,9999.000,9999.000
202606261842,   0.962,9999.000,9999.000,9999.000,9999.000,9999.000,9999.000,9999.000,9999.000
202606261848,   0.969,9999.000,9999.000,9999.000,9999.000,9999.000,9999.000,9999.000,9999.000
202606261854,   0.975,9999.000,9999.000,9999.000,9999.000,9999.000,9999.000,9999.000,9999.000
202606261900,   0.980,9999.000,   0.300,   1.137,   2.417,  -0.200,   1.917,   0.800,   2.917
202606261906,   0.985,9999.000,9999.000,9999.000,9999.000,9999.000,9999.000,9999.000,9999.000
202606261912,   0.990,9999.000,9999.000,9999.000,9999.000,9999.000,9999.000,9999.000,9999.000
202606261918,   0.994,9999.000,9999.000,9999.000,9999.000,9999.000,9999.000,9999.000,9999.000
202606261924,   0.998,9999.000,9999.000,9999.000,9999.000,9999.000,9999.000,9999.000,9999.000
202606261930,   1.001,9999.000,9999.000,9999.000,9999.000,9999.000,9999.000,9999.000,9999.000
202606261936,   1.003,9999.000,9999.000,9999.000,9999.000,9999.000,9999.000,9999.000,9999.000
202606261942,   1.005,9999.000,9999.000,9999.000,9999.000,9999.000,9999.000,9999.000,9999.000
202606261948,   1.007,9999.000,9999.000,9999.000,9999.000,9999.000,9999.000,9999.000,9999.000
202606261954,   1.008,9999.000,9999.000,9999.000,9999.000,9999.000,9999.000,9999.000,9999.000
202606262000,   1.008,9999.000,   0.200,   1.137,   2.345,  -0.200,   1.945,   0.800,   2.945
202606262006,   1.008,9999.000,9999.000,9999.000,9999.000,9999.000,9999.000,9999.000,9999.000
202606262012,   1.007,9999.000,9999.000,9999.000,9999.000,9999.000,9999.000,9999.000,9999.000
202606262018,   1.006,9999.000,9999.000,9999.000,9999.000,9999.000,9999.000,9999.000,9999.000
202606262024,   1.004,9999.000,9999.000,9999.000,9999.000,9999.000,9999.000,9999.000,9999.000
202606262030,   1.002,9999.000,9999.000,9999.000,9999.000,9999.000,9999.000,9999.000,9999.000
202606262036,   0.999,9999.000,9999.000,9999.000,9999.000,9999.000,9999.000,9999.000,9999.000
202606262042,   0.996,9999.000,9999.000,9999.000,9999.000,9999.000,9999.000,9999.000,9999.000
202606262048,   0.993,9999.000,9999.000,9999.000,9999.000,9999.000,9999.000,9999.000,9999.000
202606262054,   0.988,9999.000,9999.000,9999.000,9999.000,9999.000,9999.000,9999.000,9999.000
202606262100,   0.984,9999.000,   0.200,   1.137,   2.321,  -0.200,   1.921,   0.800,   2.921
202606262106,   0.979,9999.000,9999.000,9999.000,9999.000,9999.000,9999.000,9999.000,9999.000
202606262112,   0.973,9999.000,9999.000,9999.000,9999.000,9999.000,9999.000,9999.000,9999.000
202606262118,   0.968,9999.000,9999.000,9999.000,9999.000,9999.000,9999.000,9999.000,9999.000
202606262124,   0.961,9999.000,9999.000,9999.000,9999.000,9999.000,9999.000,9999.000,9999.000
202606262130,   0.955,9999.000,9999.000,9999.000,9999.000,9999.000,9999.000,9999.000,9999.000
202606262136,   0.948,9999.000,9999.000,9999.000,9999.000,9999.000,9999.000,9999.000,9999.000
202606262142,   0.941,9999.000,9999.000,9999.000,9999.000,9999.000,9999.000,9999.000,9999.000
202606262148,   0.933,9999.000,9999.000,9999.000,9999.000,9999.000,9999.000,9999.000,9999.000
202606262154,   0.925,9999.000,9999.000,9999.000,9999.000,9999.000,9999.000,9999.000,9999.000
202606262200,   0.917,9999.000,   0.200,   1.137,   2.254,  -0.200,   1.854,   0.800,   2.854
202606262206,   0.909,9999.000,9999.000,9999.000,9999.000,9999.000,9999.000,9999.000,9999.000
202606262212,   0.900,9999.000,9999.000,9999.000,9999.000,9999.000,9999.000,9999.000,9999.000
202606262218,   0.891,9999.000,9999.000,9999.000,9999.000,9999.000,9999.000,9999.000,9999.000
202606262224,   0.882,9999.000,9999.000,9999.000,9999.000,9999.000,9999.000,9999.000,9999.000
202606262230,   0.873,9999.000,9999.000,9999.000,9999.000,9999.000,9999.000,9999.000,9999.000
202606262236,   0.863,9999.000,9999.000,9999.000,9999.000,9999.000,9999.000,9999.000,9999.000
202606262242,   0.854,9999.000,9999.000,9999.000,9999.000,9999.000,9999.000,9999.000,9999.000
202606262248,   0.844,9999.000,9999.000,9999.000,9999.000,9999.000,9999.000,9999.000,9999.000
202606262254,   0.835,9999.000,9999.000,9999.000,9999.000,9999.000,9999.000,9999.000,9999.000
202606262300,   0.825,9999.000,   0.200,   1.137,   2.162,  -0.200,   1.762,   0.800,   2.762
202606262306,   0.815,9999.000,9999.000,9999.000,9999.000,9999.000,9999.000,9999.000,9999.000
202606262312,   0.805,9999.000,9999.000,9999.000,9999.000,9999.000,9999.000,9999.000,9999.000
202606262318,   0.796,9999.000,9999.000,9999.000,9999.000,9999.000,9999.000,9999.000,9999.000
202606262324,   0.786,9999.000,9999.000,9999.000,9999.000,9999.000,9999.000,9999.000,9999.000
202606262330,   0.776,9999.000,9999.000,9999.000,9999.000,9999.000,9999.000,9999.000,9999.000
202606262336,   0.767,9999.000,9999.000,9999.000,9999.000,9999.000,9999.000,9999.000,9999.000
202606262342,   0.757,9999.000,9999.000,9999.000,9999.000,9999.000,9999.000,9999.000,9999.000
202606262348,   0.748,9999.000,9999.000,9999.000,9999.000,9999.000,9999.000,9999.000,9999.000
202606262354,   0.739,9999.000,9999.000,9999.000,9999.000,9999.000,9999.000,9999.000,9999.000
202606270000,   0.730,9999.000,   0.200,   1.137,   2.067,  -0.200,   1.667,   0.800,   2.667
