        TIME,    TIDE,      OB,   SURGE,    BIAS,     TWL,SURGE90p,  TWL90p,SURGE10p,   TWL10p
202606160600,  -0.106,   0.409,   0.500,   0.015,   0.409,   0.500,   0.409,   0.600,   0.509
202606160606,  -0.130,9999.000,9999.000,9999.000,9999.000,9999.000,9999.000,9999.000,9999.000
202606160612,  -0.154,   0.298,9999.000,9999.000,9999.000,9999.000,9999.000,9999.000,9999.000
202606160618,  -0.177,9999.000,9999.000,9999.000,9999.000,9999.000,9999.000,9999.000,9999.000
202606160624,  -0.199,   0.288,9999.000,9999.000,9999.000,9999.000,9999.000,9999.000,9999.000
202606160630,  -0.220,9999.000,9999.000,9999.000,9999.000,9999.000,9999.000,9999.000,9999.000
202606160636,  -0.241,   0.229,9999.000,9999.000,9999.000,9999.000,9999.000,9999.000,9999.000
202606160642,  -0.260,9999.000,9999.000,9999.000,9999.000,9999.000,9999.000,9999.000,9999.000
202606160648,  -0.279,   0.219,9999.000,9999.000,9999.000,9999.000,9999.000,9999.000,9999.000
202606160654,  -0.296,9999.000,9999.000,9999.000,9999.000,9999.000,9999.000,9999.000,9999.000
202606160700,  -0.313,   0.180,   0.500,  -0.007,   0.180,   0.500,   0.180,   0.600,   0.280
202606160706,  -0.329,   0.141,9999.000,9999.000,9999.000,9999.000,9999.000,9999.000,9999.000
202606160712,  -0.343,   0.121,9999.000,9999.000,9999.000,9999.000,9999.000,9999.000,9999.000
202606160718,  -0.357,   0.111,9999.000,9999.000,9999.000,9999.000,9999.000,9999.000,9999.000
202606160724,  -0.370,   0.111,9999.000,9999.000,9999.000,9999.000,9999.000,9999.000,9999.000
202606160730,  -0.382,   0.039,9999.000,9999.000,9999.000,9999.000,9999.000,9999.000,9999.000
202606160736,  -0.393,   0.049,9999.000,9999.000,9999.000,9999.000,9999.000,9999.000,9999.000
202606160742,  -0.403,   0.029,9999.000,9999.000,9999.000,9999.000,9999.000,9999.000,9999.000
202606160748,  -0.412,   0.019,9999.000,9999.000,9999.000,9999.000,9999.000,9999.000,9999.000
202606160754,  -0.420,   0.059,9999.000,9999.000,9999.000,9999.000,9999.000,9999.000,9999.000
202606160800,  -0.426,   0.009,   0.500,  -0.065,   0.009,   0.500,   0.009,   0.600,   0.109
202606160806,  -0.432,   0.029,9999.000,9999.000,9999.000,9999.000,9999.000,9999.000,9999.000
202606160812,  -0.436,  -0.059,9999.000,9999.000,9999.000,9999.000,9999.000,9999.000,9999.000
202606160818,  -0.439,  -0.009,9999.000,9999.000,9999.000,9999.000,9999.000,9999.000,9999.000
202606160824,  -0.441,  -0.019,9999.000,9999.000,9999.000,9999.000,9999.000,9999.000,9999.000
202606160830,  -0.441,  -0.029,9999.000,9999.000,9999.000,9999.000,9999.000,9999.000,9999.000
202606160836,  -0.441,  -0.009,9999.000,9999.000,9999.000,9999.000,9999.000,9999.000,9999.000
202606160842,  -0.438,   0.000,9999.000,9999.000,9999.000,9999.000,9999.000,9999.000,9999.000
202606160848,  -0.435,  -0.009,9999.000,9999.000,9999.000,9999.000,9999.000,9999.000,9999.000
202606160854,  -0.430,   0.019,9999.000,9999.000,9999.000,9999.000,9999.000,9999.000,9999.000
202606160900,  -0.424,  -0.019,   0.500,  -0.095,  -0.019,   0.500,  -0.019,   0.500,  -0.019
202606160906,  -0.416,  -0.088,9999.000,9999.000,9999.000,9999.000,9999.000,9999.000,9999.000
202606160912,  -0.407,  -0.019,9999.000,9999.000,9999.000,9999.000,9999.000,9999.000,9999.000
202606160918,  -0.396,  -0.019,9999.000,9999.000,9999.000,9999.000,9999.000,9999.000,9999.000
202606160924,  -0.384,   0.009,9999.000,9999.000,9999.000,9999.000,9999.000,9999.000,9999.000
202606160930,  -0.371,  -0.039,9999.000,9999.000,9999.000,9999.000,9999.000,9999.000,9999.000
202606160936,  -0.356,   0.000,9999.000,9999.000,9999.000,9999.000,9999.000,9999.000,9999.000
202606160942,  -0.340,   0.029,9999.000,9999.000,9999.000,9999.000,9999.000,9999.000,9999.000
202606160948,  -0.323,   0.068,9999.000,9999.000,9999.000,9999.000,9999.000,9999.000,9999.000
202606160954,  -0.305,   0.068,9999.000,9999.000,9999.000,9999.000,9999.000,9999.000,9999.000
202606161000,  -0.285,   0.098,   0.500,  -0.117,   0.098,   0.500,   0.098,   0.500,   0.098
202606161006,  -0.264,   0.121,9999.000,9999.000,9999.000,9999.000,9999.000,9999.000,9999.000
202606161012,  -0.242,   0.160,9999.000,9999.000,9999.000,9999.000,9999.000,9999.000,9999.000
202606161018,  -0.219,   0.170,9999.000,9999.000,9999.000,9999.000,9999.000,9999.000,9999.000
202606161024,  -0.195,   0.209,9999.000,9999.000,9999.000,9999.000,9999.000,9999.000,9999.000
202606161030,  -0.170,   0.278,9999.000,9999.000,9999.000,9999.000,9999.000,9999.000,9999.000
202606161036,  -0.145,   0.268,9999.000,9999.000,9999.000,9999.000,9999.000,9999.000,9999.000
202606161042,  -0.118,   0.298,9999.000,9999.000,9999.000,9999.000,9999.000,9999.000,9999.000
202606161048,  -0.091,   0.308,9999.000,9999.000,9999.000,9999.000,9999.000,9999.000,9999.000
202606161054,  -0.062,   0.331,9999.000,9999.000,9999.000,9999.000,9999.000,9999.000,9999.000
202606161100,  -0.033,   0.390,   0.500,  -0.077,   0.390,   0.500,   0.390,   0.500,   0.390
202606161106,  -0.004,   0.409,9999.000,9999.000,9999.000,9999.000,9999.000,9999.000,9999.000
202606161112,   0.025,   0.439,9999.000,9999.000,9999.000,9999.000,9999.000,9999.000,9999.000
202606161118,   0.056,   0.531,9999.000,9999.000,9999.000,9999.000,9999.000,9999.000,9999.000
202606161124,   0.088,   0.560,9999.000,9999.000,9999.000,9999.000,9999.000,9999.000,9999.000
202606161130,   0.120,   0.600,9999.000,9999.000,9999.000,9999.000,9999.000,9999.000,9999.000
202606161136,   0.152,   0.649,9999.000,9999.000,9999.000,9999.000,9999.000,9999.000,9999.000
202606161142,   0.186,   0.669,9999.000,9999.000,9999.000,9999.000,9999.000,9999.000,9999.000
202606161148,   0.219,   0.790,9999.000,9999.000,9999.000,9999.000,9999.000,9999.000,9999.000
202606161154,   0.253,   0.859,9999.000,9999.000,9999.000,9999.000,9999.000,9999.000,9999.000
202606161200,   0.287,   0.908,   0.600,   0.021,   0.908,   0.500,   0.808,   0.600,   0.908
202606161206,   0.322,   0.879,9999.000,9999.000,9999.000,9999.000,9999.000,9999.000,9999.000
202606161212,   0.357,   0.879,9999.000,9999.000,9999.000,9999.000,9999.000,9999.000,9999.000
202606161218,   0.392,   0.888,9999.000,9999.000,9999.000,9999.000,9999.000,9999.000,9999.000
202606161224,   0.428,   0.990,9999.000,9999.000,9999.000,9999.000,9999.000,9999.000,9999.000
202606161230,   0.464,   0.970,9999.000,9999.000,9999.000,9999.000,9999.000,9999.000,9999.000
202606161236,   0.499,   0.970,9999.000,9999.000,9999.000,9999.000,9999.000,9999.000,9999.000
202606161242,   0.535,   0.970,9999.000,9999.000,9999.000,9999.000,9999.000,9999.000,9999.000
202606161248,   0.571,   1.000,9999.000,9999.000,9999.000,9999.000,9999.000,9999.000,9999.000
202606161254,   0.607,   1.039,9999.000,9999.000,9999.000,9999.000,9999.000,9999.000,9999.000
202606161300,   0.642,   1.098,   0.600,  -0.144,   1.098,   0.500,   0.998,   0.700,   1.198
202606161306,   0.678,   1.161,9999.000,9999.000,9999.000,9999.000,9999.000,9999.000,9999.000
202606161312,   0.713,   1.180,9999.000,9999.000,9999.000,9999.000,9999.000,9999.000,9999.000
202606161318,   0.748,   1.249,9999.000,9999.000,9999.000,9999.000,9999.000,9999.000,9999.000
202606161324,   0.783,   1.308,9999.000,9999.000,9999.000,9999.000,9999.000,9999.000,9999.000
202606161330,   0.818,   1.348,9999.000,9999.000,9999.000,9999.000,9999.000,9999.000,9999.000
202606161336,   0.852,   1.380,9999.000,9999.000,9999.000,9999.000,9999.000,9999.000,9999.000
202606161342,   0.885,   1.400,9999.000,9999.000,9999.000,9999.000,9999.000,9999.000,9999.000
202606161348,   0.918,   1.449,9999.000,9999.000,9999.000,9999.000,9999.000,9999.000,9999.000
202606161354,   0.951,   1.548,9999.000,9999.000,9999.000,9999.000,9999.000,9999.000,9999.000
202606161400,   0.983,   1.590,   0.600,   0.007,   1.590,   0.500,   1.490,   0.700,   1.690
202606161406,   1.015,   1.639,9999.000,9999.000,9999.000,9999.000,9999.000,9999.000,9999.000
202606161412,   1.047,   1.679,9999.000,9999.000,9999.000,9999.000,9999.000,9999.000,9999.000
202606161418,   1.077,   1.738,9999.000,9999.000,9999.000,9999.000,9999.000,9999.000,9999.000
202606161424,   1.108,   1.748,9999.000,9999.000,9999.000,9999.000,9999.000,9999.000,9999.000
202606161430,   1.137,   1.758,9999.000,9999.000,9999.000,9999.000,9999.000,9999.000,9999.000
202606161436,   1.167,   1.810,9999.000,9999.000,9999.000,9999.000,9999.000,9999.000,9999.000
202606161442,   1.195,   1.918,9999.000,9999.000,9999.000,9999.000,9999.000,9999.000,9999.000
202606161448,   1.224,   1.981,9999.000,9999.000,9999.000,9999.000,9999.000,9999.000,9999.000
202606161454,   1.251,   1.889,9999.000,9999.000,9999.000,9999.000,9999.000,9999.000,9999.000
202606161500,   1.279,   1.899,   0.600,   0.020,   1.899,   0.500,   1.799,   0.700,   1.999
202606161506,   1.305,   1.928,9999.000,9999.000,9999.000,9999.000,9999.000,9999.000,9999.000
202606161512,   1.331,   1.938,9999.000,9999.000,9999.000,9999.000,9999.000,9999.000,9999.000
202606161518,   1.357,   1.938,9999.000,9999.000,9999.000,9999.000,9999.000,9999.000,9999.000
202606161524,   1.382,   1.879,9999.000,9999.000,9999.000,9999.000,9999.000,9999.000,9999.000
202606161530,   1.407,   1.840,9999.000,9999.000,9999.000,9999.000,9999.000,9999.000,9999.000
202606161536,   1.430,   1.849,9999.000,9999.000,9999.000,9999.000,9999.000,9999.000,9999.000
202606161542,   1.454,   1.859,9999.000,9999.000,9999.000,9999.000,9999.000,9999.000,9999.000
202606161548,   1.476,   1.849,9999.000,9999.000,9999.000,9999.000,9999.000,9999.000,9999.000
202606161554,   1.498,   1.869,9999.000,9999.000,9999.000,9999.000,9999.000,9999.000,9999.000
202606161600,   1.519,   1.800,   0.600,  -0.319,   1.800,   0.500,   1.700,   0.700,   1.900
202606161606,   1.539,   1.810,9999.000,9999.000,9999.000,9999.000,9999.000,9999.000,9999.000
202606161612,   1.559,   1.879,9999.000,9999.000,9999.000,9999.000,9999.000,9999.000,9999.000
202606161618,   1.578,   1.918,9999.000,9999.000,9999.000,9999.000,9999.000,9999.000,9999.000
202606161624,   1.596,   1.981,9999.000,9999.000,9999.000,9999.000,9999.000,9999.000,9999.000
202606161630,   1.613,   1.981,9999.000,9999.000,9999.000,9999.000,9999.000,9999.000,9999.000
202606161636,   1.629,   2.010,9999.000,9999.000,9999.000,9999.000,9999.000,9999.000,9999.000
202606161642,   1.644,   2.109,9999.000,9999.000,9999.000,9999.000,9999.000,9999.000,9999.000
202606161648,   1.659,   2.138,9999.000,9999.000,9999.000,9999.000,9999.000,9999.000,9999.000
202606161654,   1.673,   2.158,9999.000,9999.000,9999.000,9999.000,9999.000,9999.000,9999.000
202606161700,   1.685,   2.191,   0.600,  -0.094,   2.191,   0.500,   2.091,   0.700,   2.291
202606161706,   1.698,   2.250,9999.000,9999.000,9999.000,9999.000,9999.000,9999.000,9999.000
202606161712,   1.709,   2.338,9999.000,9999.000,9999.000,9999.000,9999.000,9999.000,9999.000
202606161718,   1.719,   2.348,9999.000,9999.000,9999.000,9999.000,9999.000,9999.000,9999.000
202606161724,   1.729,   2.318,9999.000,9999.000,9999.000,9999.000,9999.000,9999.000,9999.000
202606161730,   1.738,   2.318,9999.000,9999.000,9999.000,9999.000,9999.000,9999.000,9999.000
202606161736,   1.747,   2.328,9999.000,9999.000,9999.000,9999.000,9999.000,9999.000,9999.000
202606161742,   1.755,   2.309,9999.000,9999.000,9999.000,9999.000,9999.000,9999.000,9999.000
202606161748,   1.762,   2.328,9999.000,9999.000,9999.000,9999.000,9999.000,9999.000,9999.000
202606161754,   1.769,   2.200,9999.000,9999.000,9999.000,9999.000,9999.000,9999.000,9999.000
202606161800,   1.776,   2.230,   0.700,  -0.246,   2.230,   0.700,   2.230,   0.800,   2.330
202606161806,   1.782,   2.210,9999.000,9999.000,9999.000,9999.000,9999.000,9999.000,9999.000
202606161812,   1.787,   2.200,9999.000,9999.000,9999.000,9999.000,9999.000,9999.000,9999.000
202606161818,   1.792,   2.210,9999.000,9999.000,9999.000,9999.000,9999.000,9999.000,9999.000
202606161824,   1.797,   2.109,9999.000,9999.000,9999.000,9999.000,9999.000,9999.000,9999.000
202606161830,   1.802,   2.109,9999.000,9999.000,9999.000,9999.000,9999.000,9999.000,9999.000
202606161836,   1.806,   2.099,9999.000,9999.000,9999.000,9999.000,9999.000,9999.000,9999.000
202606161842,   1.810,   2.118,9999.000,9999.000,9999.000,9999.000,9999.000,9999.000,9999.000
202606161848,   1.813,   2.148,9999.000,9999.000,9999.000,9999.000,9999.000,9999.000,9999.000
202606161854,   1.816,   2.148,9999.000,9999.000,9999.000,9999.000,9999.000,9999.000,9999.000
202606161900,   1.819,   2.128,   0.700,  -0.391,   2.128,   0.700,   2.128,   0.800,   2.228
202606161906,   1.821,   2.168,9999.000,9999.000,9999.000,9999.000,9999.000,9999.000,9999.000
202606161912,   1.824,   2.158,9999.000,9999.000,9999.000,9999.000,9999.000,9999.000,9999.000
202606161918,   1.825,   2.177,9999.000,9999.000,9999.000,9999.000,9999.000,9999.000,9999.000
202606161924,   1.827,   2.158,9999.000,9999.000,9999.000,9999.000,9999.000,9999.000,9999.000
202606161930,   1.827,   2.210,9999.000,9999.000,9999.000,9999.000,9999.000,9999.000,9999.000
202606161936,   1.828,   2.158,9999.000,9999.000,9999.000,9999.000,9999.000,9999.000,9999.000
202606161942,   1.828,   2.148,9999.000,9999.000,9999.000,9999.000,9999.000,9999.000,9999.000
202606161948,   1.828,   2.158,9999.000,9999.000,9999.000,9999.000,9999.000,9999.000,9999.000
202606161954,   1.827,   2.138,9999.000,9999.000,9999.000,9999.000,9999.000,9999.000,9999.000
202606162000,   1.826,   2.158,   0.700,  -0.368,   2.158,   0.700,   2.158,   0.800,   2.258
202606162006,   1.824,   2.158,9999.000,9999.000,9999.000,9999.000,9999.000,9999.000,9999.000
202606162012,   1.822,   2.128,9999.000,9999.000,9999.000,9999.000,9999.000,9999.000,9999.000
202606162018,   1.820,   2.158,9999.000,9999.000,9999.000,9999.000,9999.000,9999.000,9999.000
202606162024,   1.817,   2.138,9999.000,9999.000,9999.000,9999.000,9999.000,9999.000,9999.000
202606162030,   1.814,   2.118,9999.000,9999.000,9999.000,9999.000,9999.000,9999.000,9999.000
202606162036,   1.811,   2.148,9999.000,9999.000,9999.000,9999.000,9999.000,9999.000,9999.000
202606162042,   1.807,   2.177,9999.000,9999.000,9999.000,9999.000,9999.000,9999.000,9999.000
202606162048,   1.804,   2.191,9999.000,9999.000,9999.000,9999.000,9999.000,9999.000,9999.000
202606162054,   1.800,   2.168,9999.000,9999.000,9999.000,9999.000,9999.000,9999.000,9999.000
202606162100,   1.796,   2.168,   0.700,  -0.328,   2.168,   0.700,   2.168,   0.800,   2.268
202606162106,   1.792,   2.200,9999.000,9999.000,9999.000,9999.000,9999.000,9999.000,9999.000
202606162112,   1.787,   2.191,9999.000,9999.000,9999.000,9999.000,9999.000,9999.000,9999.000
202606162118,   1.783,   2.158,9999.000,9999.000,9999.000,9999.000,9999.000,9999.000,9999.000
202606162124,   1.779,   2.109,9999.000,9999.000,9999.000,9999.000,9999.000,9999.000,9999.000
202606162130,   1.775,   2.128,9999.000,9999.000,9999.000,9999.000,9999.000,9999.000,9999.000
202606162136,   1.771,   2.168,9999.000,9999.000,9999.000,9999.000,9999.000,9999.000,9999.000
202606162142,   1.767,   2.030,9999.000,9999.000,9999.000,9999.000,9999.000,9999.000,9999.000
202606162148,   1.762,   2.059,9999.000,9999.000,9999.000,9999.000,9999.000,9999.000,9999.000
202606162154,   1.758,   2.030,9999.000,9999.000,9999.000,9999.000,9999.000,9999.000,9999.000
202606162200,   1.754,   2.079,   0.700,  -0.375,   2.079,   0.700,   2.079,   0.800,   2.179
202606162206,   1.750,   2.118,9999.000,9999.000,9999.000,9999.000,9999.000,9999.000,9999.000
202606162212,   1.746,   2.089,9999.000,9999.000,9999.000,9999.000,9999.000,9999.000,9999.000
202606162218,   1.742,   1.990,9999.000,9999.000,9999.000,9999.000,9999.000,9999.000,9999.000
202606162224,   1.737,   2.099,9999.000,9999.000,9999.000,9999.000,9999.000,9999.000,9999.000
202606162230,   1.733,   2.040,9999.000,9999.000,9999.000,9999.000,9999.000,9999.000,9999.000
202606162236,   1.728,   2.089,9999.000,9999.000,9999.000,9999.000,9999.000,9999.000,9999.000
202606162242,   1.723,   2.030,9999.000,9999.000,9999.000,9999.000,9999.000,9999.000,9999.000
202606162248,   1.718,   2.030,9999.000,9999.000,9999.000,9999.000,9999.000,9999.000,9999.000
202606162254,   1.712,   2.000,9999.000,9999.000,9999.000,9999.000,9999.000,9999.000,9999.000
202606162300,   1.707,   2.010,   0.700,  -0.397,   2.010,   0.700,   2.010,   0.800,   2.110
202606162306,   1.700,   1.990,9999.000,9999.000,9999.000,9999.000,9999.000,9999.000,9999.000
202606162312,   1.694,   1.990,9999.000,9999.000,9999.000,9999.000,9999.000,9999.000,9999.000
202606162318,   1.687,   1.899,9999.000,9999.000,9999.000,9999.000,9999.000,9999.000,9999.000
202606162324,   1.680,   1.918,9999.000,9999.000,9999.000,9999.000,9999.000,9999.000,9999.000
202606162330,   1.672,   1.918,9999.000,9999.000,9999.000,9999.000,9999.000,9999.000,9999.000
202606162336,   1.663,   1.967,9999.000,9999.000,9999.000,9999.000,9999.000,9999.000,9999.000
202606162342,   1.655,   1.938,9999.000,9999.000,9999.000,9999.000,9999.000,9999.000,9999.000
202606162348,   1.646,   1.928,9999.000,9999.000,9999.000,9999.000,9999.000,9999.000,9999.000
202606162354,   1.636,   1.758,9999.000,9999.000,9999.000,9999.000,9999.000,9999.000,9999.000
202606170000,   1.626,   1.889,   0.800,  -0.537,   1.889,   0.700,   1.789,   0.800,   1.889
202606170006,   1.615,   1.767,9999.000,9999.000,9999.000,9999.000,9999.000,9999.000,9999.000
202606170012,   1.604,   1.840,9999.000,9999.000,9999.000,9999.000,9999.000,9999.000,9999.000
202606170018,   1.593,   1.840,9999.000,9999.000,9999.000,9999.000,9999.000,9999.000,9999.000
202606170024,   1.581,   1.820,9999.000,9999.000,9999.000,9999.000,9999.000,9999.000,9999.000
202606170030,   1.568,   1.830,9999.000,9999.000,9999.000,9999.000,9999.000,9999.000,9999.000
202606170036,   1.556,   1.800,9999.000,9999.000,9999.000,9999.000,9999.000,9999.000,9999.000
202606170042,   1.542,   1.728,9999.000,9999.000,9999.000,9999.000,9999.000,9999.000,9999.000
202606170048,   1.528,   1.728,9999.000,9999.000,9999.000,9999.000,9999.000,9999.000,9999.000
202606170054,   1.514,   1.728,9999.000,9999.000,9999.000,9999.000,9999.000,9999.000,9999.000
202606170100,   1.499,   1.630,   0.800,  -0.669,   1.630,   0.700,   1.530,   0.800,   1.630
202606170106,   1.484,   1.738,9999.000,9999.000,9999.000,9999.000,9999.000,9999.000,9999.000
202606170112,   1.468,   1.600,9999.000,9999.000,9999.000,9999.000,9999.000,9999.000,9999.000
202606170118,   1.452,   1.708,9999.000,9999.000,9999.000,9999.000,9999.000,9999.000,9999.000
202606170124,   1.435,   1.610,9999.000,9999.000,9999.000,9999.000,9999.000,9999.000,9999.000
202606170130,   1.418,   1.630,9999.000,9999.000,9999.000,9999.000,9999.000,9999.000,9999.000
202606170136,   1.400,   1.649,9999.000,9999.000,9999.000,9999.000,9999.000,9999.000,9999.000
202606170142,   1.381,   1.679,9999.000,9999.000,9999.000,9999.000,9999.000,9999.000,9999.000
202606170148,   1.362,   1.538,9999.000,9999.000,9999.000,9999.000,9999.000,9999.000,9999.000
202606170154,   1.343,   1.538,9999.000,9999.000,9999.000,9999.000,9999.000,9999.000,9999.000
202606170200,   1.323,   1.528,   0.800,  -0.595,   1.528,   0.700,   1.428,   0.800,   1.528
202606170206,   1.302,   1.580,9999.000,9999.000,9999.000,9999.000,9999.000,9999.000,9999.000
202606170212,   1.281,   1.590,9999.000,9999.000,9999.000,9999.000,9999.000,9999.000,9999.000
202606170218,   1.259,   1.548,9999.000,9999.000,9999.000,9999.000,9999.000,9999.000,9999.000
202606170224,   1.236,   1.479,9999.000,9999.000,9999.000,9999.000,9999.000,9999.000,9999.000
202606170230,   1.214,   1.498,9999.000,9999.000,9999.000,9999.000,9999.000,9999.000,9999.000
202606170236,   1.190,   1.479,9999.000,9999.000,9999.000,9999.000,9999.000,9999.000,9999.000
202606170242,   1.166,   1.459,9999.000,9999.000,9999.000,9999.000,9999.000,9999.000,9999.000
202606170248,   1.142,   1.439,9999.000,9999.000,9999.000,9999.000,9999.000,9999.000,9999.000
202606170254,   1.117,   1.420,9999.000,9999.000,9999.000,9999.000,9999.000,9999.000,9999.000
202606170300,   1.092,   1.380,   0.800,  -0.512,   1.380,   0.700,   1.280,   0.800,   1.380
202606170306,   1.067,   1.318,9999.000,9999.000,9999.000,9999.000,9999.000,9999.000,9999.000
202606170312,   1.041,   1.289,9999.000,9999.000,9999.000,9999.000,9999.000,9999.000,9999.000
202606170318,   1.015,   1.308,9999.000,9999.000,9999.000,9999.000,9999.000,9999.000,9999.000
202606170324,   0.988,   1.361,9999.000,9999.000,9999.000,9999.000,9999.000,9999.000,9999.000
202606170330,   0.962,   1.289,9999.000,9999.000,9999.000,9999.000,9999.000,9999.000,9999.000
202606170336,   0.935,   1.239,9999.000,9999.000,9999.000,9999.000,9999.000,9999.000,9999.000
202606170342,   0.907,   1.229,9999.000,9999.000,9999.000,9999.000,9999.000,9999.000,9999.000
202606170348,   0.880,   1.210,9999.000,9999.000,9999.000,9999.000,9999.000,9999.000,9999.000
202606170354,   0.852,   1.249,9999.000,9999.000,9999.000,9999.000,9999.000,9999.000,9999.000
202606170400,   0.824,   1.128,   0.800,  -0.496,   1.128,   0.800,   1.128,   0.900,   1.228
202606170406,   0.796,   1.069,9999.000,9999.000,9999.000,9999.000,9999.000,9999.000,9999.000
202606170412,   0.767,   1.079,9999.000,9999.000,9999.000,9999.000,9999.000,9999.000,9999.000
202606170418,   0.738,   1.049,9999.000,9999.000,9999.000,9999.000,9999.000,9999.000,9999.000
202606170424,   0.709,   0.970,9999.000,9999.000,9999.000,9999.000,9999.000,9999.000,9999.000
202606170430,   0.680,   0.941,9999.000,9999.000,9999.000,9999.000,9999.000,9999.000,9999.000
202606170436,   0.650,   0.879,9999.000,9999.000,9999.000,9999.000,9999.000,9999.000,9999.000
202606170442,   0.620,   0.869,9999.000,9999.000,9999.000,9999.000,9999.000,9999.000,9999.000
202606170448,   0.590,   0.849,9999.000,9999.000,9999.000,9999.000,9999.000,9999.000,9999.000
202606170454,   0.560,   0.810,9999.000,9999.000,9999.000,9999.000,9999.000,9999.000,9999.000
202606170500,   0.530,   0.751,   0.800,  -0.579,   0.751,   0.800,   0.751,   0.900,   0.851
202606170506,   0.499,   0.819,9999.000,9999.000,9999.000,9999.000,9999.000,9999.000,9999.000
202606170512,   0.468,   0.800,9999.000,9999.000,9999.000,9999.000,9999.000,9999.000,9999.000
202606170518,   0.438,   0.810,9999.000,9999.000,9999.000,9999.000,9999.000,9999.000,9999.000
202606170524,   0.407,   0.790,9999.000,9999.000,9999.000,9999.000,9999.000,9999.000,9999.000
202606170530,   0.376,   0.760,9999.000,9999.000,9999.000,9999.000,9999.000,9999.000,9999.000
202606170536,   0.345,   0.751,9999.000,9999.000,9999.000,9999.000,9999.000,9999.000,9999.000
202606170542,   0.315,   0.718,9999.000,9999.000,9999.000,9999.000,9999.000,9999.000,9999.000
202606170548,   0.284,   0.718,9999.000,9999.000,9999.000,9999.000,9999.000,9999.000,9999.000
202606170554,   0.254,   0.708,9999.000,9999.000,9999.000,9999.000,9999.000,9999.000,9999.000
202606170600,   0.224,   0.688,   0.700,  -0.236,   0.688,   0.600,   0.588,   0.800,   0.788
202606170606,   0.195,   0.610,9999.000,9999.000,9999.000,9999.000,9999.000,9999.000,9999.000
202606170612,   0.165,   0.551,9999.000,9999.000,9999.000,9999.000,9999.000,9999.000,9999.000
202606170618,   0.137,   0.590,9999.000,9999.000,9999.000,9999.000,9999.000,9999.000,9999.000
202606170624,   0.109,   0.600,9999.000,9999.000,9999.000,9999.000,9999.000,9999.000,9999.000
202606170630,   0.081,   0.669,9999.000,9999.000,9999.000,9999.000,9999.000,9999.000,9999.000
202606170636,   0.054,   0.649,9999.000,9999.000,9999.000,9999.000,9999.000,9999.000,9999.000
202606170642,   0.028,   0.639,9999.000,9999.000,9999.000,9999.000,9999.000,9999.000,9999.000
202606170648,   0.002,   0.610,9999.000,9999.000,9999.000,9999.000,9999.000,9999.000,9999.000
202606170654,  -0.021,   0.590,9999.000,9999.000,9999.000,9999.000,9999.000,9999.000,9999.000
202606170700,  -0.045,   0.498,   0.700,  -0.157,   0.498,   0.600,   0.398,   0.800,   0.598
202606170706,  -0.069,   0.488,9999.000,9999.000,9999.000,9999.000,9999.000,9999.000,9999.000
202606170712,  -0.091,   0.488,9999.000,9999.000,9999.000,9999.000,9999.000,9999.000,9999.000
202606170718,  -0.113,   0.469,9999.000,9999.000,9999.000,9999.000,9999.000,9999.000,9999.000
202606170724,  -0.134,   0.268,9999.000,9999.000,9999.000,9999.000,9999.000,9999.000,9999.000
202606170730,  -0.154,   0.200,9999.000,9999.000,9999.000,9999.000,9999.000,9999.000,9999.000
202606170736,  -0.174,   0.150,9999.000,9999.000,9999.000,9999.000,9999.000,9999.000,9999.000
202606170742,  -0.192,   0.278,9999.000,9999.000,9999.000,9999.000,9999.000,9999.000,9999.000
202606170748,  -0.210,   0.180,9999.000,9999.000,9999.000,9999.000,9999.000,9999.000,9999.000
202606170754,  -0.227,   0.219,9999.000,9999.000,9999.000,9999.000,9999.000,9999.000,9999.000
202606170800,  -0.244,   0.190,   0.700,  -0.266,   0.190,   0.700,   0.190,   0.800,   0.290
202606170806,  -0.259,   0.209,9999.000,9999.000,9999.000,9999.000,9999.000,9999.000,9999.000
202606170812,  -0.274,   0.200,9999.000,9999.000,9999.000,9999.000,9999.000,9999.000,9999.000
202606170818,  -0.288,   0.219,9999.000,9999.000,9999.000,9999.000,9999.000,9999.000,9999.000
202606170824,  -0.302,   0.190,9999.000,9999.000,9999.000,9999.000,9999.000,9999.000,9999.000
202606170830,  -0.314,   0.200,9999.000,9999.000,9999.000,9999.000,9999.000,9999.000,9999.000
202606170836,  -0.326,   0.219,9999.000,9999.000,9999.000,9999.000,9999.000,9999.000,9999.000
202606170842,  -0.336,   0.190,9999.000,9999.000,9999.000,9999.000,9999.000,9999.000,9999.000
202606170848,  -0.346,   0.190,9999.000,9999.000,9999.000,9999.000,9999.000,9999.000,9999.000
202606170854,  -0.355,   0.229,9999.000,9999.000,9999.000,9999.000,9999.000,9999.000,9999.000
202606170900,  -0.362,   0.190,   0.800,  -0.248,   0.190,   0.700,   0.090,   0.900,   0.290
202606170906,  -0.369,   0.288,9999.000,9999.000,9999.000,9999.000,9999.000,9999.000,9999.000
202606170912,  -0.375,   0.298,9999.000,9999.000,9999.000,9999.000,9999.000,9999.000,9999.000
202606170918,  -0.379,   0.400,9999.000,9999.000,9999.000,9999.000,9999.000,9999.000,9999.000
202606170924,  -0.382,   0.390,9999.000,9999.000,9999.000,9999.000,9999.000,9999.000,9999.000
202606170930,  -0.384,   0.409,9999.000,9999.000,9999.000,9999.000,9999.000,9999.000,9999.000
202606170936,  -0.384,   0.508,9999.000,9999.000,9999.000,9999.000,9999.000,9999.000,9999.000
202606170942,  -0.384,   0.488,9999.000,9999.000,9999.000,9999.000,9999.000,9999.000,9999.000
202606170948,  -0.381,   0.469,9999.000,9999.000,9999.000,9999.000,9999.000,9999.000,9999.000
202606170954,  -0.378,   0.439,9999.000,9999.000,9999.000,9999.000,9999.000,9999.000,9999.000
202606171000,  -0.373,   0.439,   0.800,   0.012,   0.439,   0.700,   0.339,   0.900,   0.539
202606171006,  -0.366,   0.518,9999.000,9999.000,9999.000,9999.000,9999.000,9999.000,9999.000
202606171012,  -0.358,   0.478,9999.000,9999.000,9999.000,9999.000,9999.000,9999.000,9999.000
202606171018,  -0.349,   0.449,9999.000,9999.000,9999.000,9999.000,9999.000,9999.000,9999.000
202606171024,  -0.339,   0.449,9999.000,9999.000,9999.000,9999.000,9999.000,9999.000,9999.000
202606171030,  -0.327,   0.478,9999.000,9999.000,9999.000,9999.000,9999.000,9999.000,9999.000
202606171036,  -0.313,   0.488,9999.000,9999.000,9999.000,9999.000,9999.000,9999.000,9999.000
202606171042,  -0.299,   0.488,9999.000,9999.000,9999.000,9999.000,9999.000,9999.000,9999.000
202606171048,  -0.283,   0.580,9999.000,9999.000,9999.000,9999.000,9999.000,9999.000,9999.000
202606171054,  -0.266,   0.610,9999.000,9999.000,9999.000,9999.000,9999.000,9999.000,9999.000
202606171100,  -0.248,   0.669,   0.900,   0.017,   0.669,   0.800,   0.569,   1.000,   0.769
202606171106,  -0.228,   0.731,9999.000,9999.000,9999.000,9999.000,9999.000,9999.000,9999.000
202606171112,  -0.208,   0.810,9999.000,9999.000,9999.000,9999.000,9999.000,9999.000,9999.000
202606171118,  -0.187,   0.951,9999.000,9999.000,9999.000,9999.000,9999.000,9999.000,9999.000
202606171124,  -0.165,   1.069,9999.000,9999.000,9999.000,9999.000,9999.000,9999.000,9999.000
202606171130,  -0.142,   1.138,9999.000,9999.000,9999.000,9999.000,9999.000,9999.000,9999.000
202606171136,  -0.118,   1.180,9999.000,9999.000,9999.000,9999.000,9999.000,9999.000,9999.000
202606171142,  -0.094,   1.239,9999.000,9999.000,9999.000,9999.000,9999.000,9999.000,9999.000
202606171148,  -0.069,   1.249,9999.000,9999.000,9999.000,9999.000,9999.000,9999.000,9999.000
202606171154,  -0.043,   1.289,9999.000,9999.000,9999.000,9999.000,9999.000,9999.000,9999.000
202606171200,  -0.016,   1.410,   0.900,   0.526,   1.410,   0.800,   1.310,   1.000,   1.510
202606171206,   0.010,   1.508,9999.000,9999.000,9999.000,9999.000,9999.000,9999.000,9999.000
202606171212,   0.038,   1.649,9999.000,9999.000,9999.000,9999.000,9999.000,9999.000,9999.000
202606171218,   0.066,   1.639,9999.000,9999.000,9999.000,9999.000,9999.000,9999.000,9999.000
202606171224,   0.095,   1.659,9999.000,9999.000,9999.000,9999.000,9999.000,9999.000,9999.000
202606171230,   0.125,   1.718,9999.000,9999.000,9999.000,9999.000,9999.000,9999.000,9999.000
202606171236,   0.154,   1.767,9999.000,9999.000,9999.000,9999.000,9999.000,9999.000,9999.000
202606171242,   0.185,   1.748,9999.000,9999.000,9999.000,9999.000,9999.000,9999.000,9999.000
202606171248,   0.216,   1.699,9999.000,9999.000,9999.000,9999.000,9999.000,9999.000,9999.000
202606171254,   0.247,   1.699,9999.000,9999.000,9999.000,9999.000,9999.000,9999.000,9999.000
202606171300,   0.278,   1.781,   1.000,   0.503,   1.781,   0.900,   1.681,   1.100,   1.881
202606171306,   0.310,   1.889,9999.000,9999.000,9999.000,9999.000,9999.000,9999.000,9999.000
202606171312,   0.343,   1.908,9999.000,9999.000,9999.000,9999.000,9999.000,9999.000,9999.000
202606171318,   0.375,   1.948,9999.000,9999.000,9999.000,9999.000,9999.000,9999.000,9999.000
202606171324,   0.408,   1.928,9999.000,9999.000,9999.000,9999.000,9999.000,9999.000,9999.000
202606171330,   0.442,   1.990,9999.000,9999.000,9999.000,9999.000,9999.000,9999.000,9999.000
202606171336,   0.475,   2.069,9999.000,9999.000,9999.000,9999.000,9999.000,9999.000,9999.000
202606171342,   0.508,   2.168,9999.000,9999.000,9999.000,9999.000,9999.000,9999.000,9999.000
202606171348,   0.542,   2.191,9999.000,9999.000,9999.000,9999.000,9999.000,9999.000,9999.000
202606171354,   0.576,   2.220,9999.000,9999.000,9999.000,9999.000,9999.000,9999.000,9999.000
202606171400,   0.609,   2.259,   1.100,   0.550,   2.259,   0.900,   2.059,   1.200,   2.359
202606171406,   0.643,   2.368,9999.000,9999.000,9999.000,9999.000,9999.000,9999.000,9999.000
202606171412,   0.677,   2.459,9999.000,9999.000,9999.000,9999.000,9999.000,9999.000,9999.000
202606171418,   0.710,   2.509,9999.000,9999.000,9999.000,9999.000,9999.000,9999.000,9999.000
202606171424,   0.743,   2.650,9999.000,9999.000,9999.000,9999.000,9999.000,9999.000,9999.000
202606171430,   0.776,   2.630,9999.000,9999.000,9999.000,9999.000,9999.000,9999.000,9999.000
202606171436,   0.809,   2.689,9999.000,9999.000,9999.000,9999.000,9999.000,9999.000,9999.000
202606171442,   0.842,   2.787,9999.000,9999.000,9999.000,9999.000,9999.000,9999.000,9999.000
202606171448,   0.874,   2.899,9999.000,9999.000,9999.000,9999.000,9999.000,9999.000,9999.000
202606171454,   0.906,   3.030,9999.000,9999.000,9999.000,9999.000,9999.000,9999.000,9999.000
202606171500,   0.937,   3.040,   1.200,   0.903,   3.040,   1.000,   2.840,   1.500,   3.340
202606171506,   0.968,   2.929,9999.000,9999.000,9999.000,9999.000,9999.000,9999.000,9999.000
202606171512,   0.999,   3.109,9999.000,9999.000,9999.000,9999.000,9999.000,9999.000,9999.000
202606171518,   1.029,   3.050,9999.000,9999.000,9999.000,9999.000,9999.000,9999.000,9999.000
202606171524,   1.059,   3.188,9999.000,9999.000,9999.000,9999.000,9999.000,9999.000,9999.000
202606171530,   1.089,   3.188,9999.000,9999.000,9999.000,9999.000,9999.000,9999.000,9999.000
202606171536,   1.118,   3.168,9999.000,9999.000,9999.000,9999.000,9999.000,9999.000,9999.000
202606171542,   1.146,   3.207,9999.000,9999.000,9999.000,9999.000,9999.000,9999.000,9999.000
202606171548,   1.174,   3.070,9999.000,9999.000,9999.000,9999.000,9999.000,9999.000,9999.000
202606171554,   1.201,   3.138,9999.000,9999.000,9999.000,9999.000,9999.000,9999.000,9999.000
202606171600,   1.228,   3.099,   1.400,   0.471,   3.099,   1.100,   2.799,   1.700,   3.399
202606171606,   1.254,   3.119,9999.000,9999.000,9999.000,9999.000,9999.000,9999.000,9999.000
202606171612,   1.279,   3.070,9999.000,9999.000,9999.000,9999.000,9999.000,9999.000,9999.000
202606171618,   1.304,   3.119,9999.000,9999.000,9999.000,9999.000,9999.000,9999.000,9999.000
202606171624,   1.328,   3.079,9999.000,9999.000,9999.000,9999.000,9999.000,9999.000,9999.000
202606171630,   1.352,   3.070,9999.000,9999.000,9999.000,9999.000,9999.000,9999.000,9999.000
202606171636,   1.375,   3.089,9999.000,9999.000,9999.000,9999.000,9999.000,9999.000,9999.000
202606171642,   1.397,   3.129,9999.000,9999.000,9999.000,9999.000,9999.000,9999.000,9999.000
202606171648,   1.418,   3.197,9999.000,9999.000,9999.000,9999.000,9999.000,9999.000,9999.000
202606171654,   1.439,   3.260,9999.000,9999.000,9999.000,9999.000,9999.000,9999.000,9999.000
202606171700,   1.458,   3.240,   1.500,   0.282,   3.240,   1.200,   2.940,   1.800,   3.540
202606171706,   1.477,   3.378,9999.000,9999.000,9999.000,9999.000,9999.000,9999.000,9999.000
202606171712,   1.495,   3.417,9999.000,9999.000,9999.000,9999.000,9999.000,9999.000,9999.000
202606171718,   1.513,   3.440,9999.000,9999.000,9999.000,9999.000,9999.000,9999.000,9999.000
202606171724,   1.529,   3.460,9999.000,9999.000,9999.000,9999.000,9999.000,9999.000,9999.000
202606171730,   1.545,   3.440,9999.000,9999.000,9999.000,9999.000,9999.000,9999.000,9999.000
202606171736,   1.560,   3.440,9999.000,9999.000,9999.000,9999.000,9999.000,9999.000,9999.000
202606171742,   1.574,   3.460,9999.000,9999.000,9999.000,9999.000,9999.000,9999.000,9999.000
202606171748,   1.587,   3.480,9999.000,9999.000,9999.000,9999.000,9999.000,9999.000,9999.000
202606171754,   1.600,   3.578,9999.000,9999.000,9999.000,9999.000,9999.000,9999.000,9999.000
202606171800,   1.612,   3.598,   1.700,   0.286,   3.598,   1.400,   3.298,   2.000,   3.898
202606171806,   1.624,   3.588,9999.000,9999.000,9999.000,9999.000,9999.000,9999.000,9999.000
202606171812,   1.634,   3.627,9999.000,9999.000,9999.000,9999.000,9999.000,9999.000,9999.000
202606171818,   1.644,   3.670,9999.000,9999.000,9999.000,9999.000,9999.000,9999.000,9999.000
202606171824,   1.654,   3.689,9999.000,9999.000,9999.000,9999.000,9999.000,9999.000,9999.000
202606171830,   1.663,   3.650,9999.000,9999.000,9999.000,9999.000,9999.000,9999.000,9999.000
202606171836,   1.672,   3.637,9999.000,9999.000,9999.000,9999.000,9999.000,9999.000,9999.000
202606171842,   1.680,   3.709,9999.000,9999.000,9999.000,9999.000,9999.000,9999.000,9999.000
202606171848,   1.688,   3.817,9999.000,9999.000,9999.000,9999.000,9999.000,9999.000,9999.000
202606171854,   1.695,   3.847,9999.000,9999.000,9999.000,9999.000,9999.000,9999.000,9999.000
202606171900,   1.702,   3.827,   1.800,   0.325,   3.827,   1.400,   3.427,   2.100,   4.127
202606171906,   1.709,   3.817,9999.000,9999.000,9999.000,9999.000,9999.000,9999.000,9999.000
202606171912,   1.715,   3.798,9999.000,9999.000,9999.000,9999.000,9999.000,9999.000,9999.000
202606171918,   1.721,   3.817,9999.000,9999.000,9999.000,9999.000,9999.000,9999.000,9999.000
202606171924,   1.727,   3.827,9999.000,9999.000,9999.000,9999.000,9999.000,9999.000,9999.000
202606171930,   1.732,   3.827,9999.000,9999.000,9999.000,9999.000,9999.000,9999.000,9999.000
202606171936,   1.737,   3.817,9999.000,9999.000,9999.000,9999.000,9999.000,9999.000,9999.000
202606171942,   1.741,   3.788,9999.000,9999.000,9999.000,9999.000,9999.000,9999.000,9999.000
202606171948,   1.745,   3.768,9999.000,9999.000,9999.000,9999.000,9999.000,9999.000,9999.000
202606171954,   1.749,   3.758,9999.000,9999.000,9999.000,9999.000,9999.000,9999.000,9999.000
202606172000,   1.752,   3.758,   1.800,   0.206,   3.758,   1.400,   3.358,   2.200,   4.158
202606172006,   1.755,   3.749,9999.000,9999.000,9999.000,9999.000,9999.000,9999.000,9999.000
202606172012,   1.757,   3.778,9999.000,9999.000,9999.000,9999.000,9999.000,9999.000,9999.000
202606172018,   1.759,   3.798,9999.000,9999.000,9999.000,9999.000,9999.000,9999.000,9999.000
202606172024,   1.760,   3.817,9999.000,9999.000,9999.000,9999.000,9999.000,9999.000,9999.000
202606172030,   1.760,   3.827,9999.000,9999.000,9999.000,9999.000,9999.000,9999.000,9999.000
202606172036,   1.760,   3.837,9999.000,9999.000,9999.000,9999.000,9999.000,9999.000,9999.000
202606172042,   1.760,   3.847,9999.000,9999.000,9999.000,9999.000,9999.000,9999.000,9999.000
202606172048,   1.759,   3.870,9999.000,9999.000,9999.000,9999.000,9999.000,9999.000,9999.000
202606172054,   1.758,   3.890,9999.000,9999.000,9999.000,9999.000,9999.000,9999.000,9999.000
202606172100,   1.756,   3.949,   1.800,   0.393,   3.949,   1.400,   3.549,   2.200,   4.349
202606172106,   1.753,   3.988,9999.000,9999.000,9999.000,9999.000,9999.000,9999.000,9999.000
202606172112,   1.750,   3.998,9999.000,9999.000,9999.000,9999.000,9999.000,9999.000,9999.000
202606172118,   1.747,   4.008,9999.000,9999.000,9999.000,9999.000,9999.000,9999.000,9999.000
202606172124,   1.744,   4.057,9999.000,9999.000,9999.000,9999.000,9999.000,9999.000,9999.000
202606172130,   1.740,   4.129,9999.000,9999.000,9999.000,9999.000,9999.000,9999.000,9999.000
202606172136,   1.736,   4.168,9999.000,9999.000,9999.000,9999.000,9999.000,9999.000,9999.000
202606172142,   1.732,   4.218,9999.000,9999.000,9999.000,9999.000,9999.000,9999.000,9999.000
202606172148,   1.728,   4.267,9999.000,9999.000,9999.000,9999.000,9999.000,9999.000,9999.000
202606172154,   1.724,   4.309,9999.000,9999.000,9999.000,9999.000,9999.000,9999.000,9999.000
202606172200,   1.719,   4.349,   1.800,   0.830,   4.349,   1.400,   3.949,   2.200,   4.749
202606172206,   1.715,   4.368,9999.000,9999.000,9999.000,9999.000,9999.000,9999.000,9999.000
202606172212,   1.711,   4.359,9999.000,9999.000,9999.000,9999.000,9999.000,9999.000,9999.000
202606172218,   1.707,   4.359,9999.000,9999.000,9999.000,9999.000,9999.000,9999.000,9999.000
202606172224,   1.703,   4.319,9999.000,9999.000,9999.000,9999.000,9999.000,9999.000,9999.000
202606172230,   1.699,   4.280,9999.000,9999.000,9999.000,9999.000,9999.000,9999.000,9999.000
202606172236,   1.695,   4.218,9999.000,9999.000,9999.000,9999.000,9999.000,9999.000,9999.000
202606172242,   1.691,   4.129,9999.000,9999.000,9999.000,9999.000,9999.000,9999.000,9999.000
202606172248,   1.687,   4.047,9999.000,9999.000,9999.000,9999.000,9999.000,9999.000,9999.000
202606172254,   1.683,   4.017,9999.000,9999.000,9999.000,9999.000,9999.000,9999.000,9999.000
202606172300,   1.680,   3.988,   1.800,   0.508,   3.988,   1.400,   3.588,   2.200,   4.388
202606172306,   1.676,   4.008,9999.000,9999.000,9999.000,9999.000,9999.000,9999.000,9999.000
202606172312,   1.672,   4.008,9999.000,9999.000,9999.000,9999.000,9999.000,9999.000,9999.000
202606172318,   1.668,   3.998,9999.000,9999.000,9999.000,9999.000,9999.000,9999.000,9999.000
202606172324,   1.664,   4.008,9999.000,9999.000,9999.000,9999.000,9999.000,9999.000,9999.000
202606172330,   1.660,   4.027,9999.000,9999.000,9999.000,9999.000,9999.000,9999.000,9999.000
202606172336,   1.655,   4.047,9999.000,9999.000,9999.000,9999.000,9999.000,9999.000,9999.000
202606172342,   1.651,   4.070,9999.000,9999.000,9999.000,9999.000,9999.000,9999.000,9999.000
202606172348,   1.646,   4.057,9999.000,9999.000,9999.000,9999.000,9999.000,9999.000,9999.000
202606172354,   1.640,   4.047,9999.000,9999.000,9999.000,9999.000,9999.000,9999.000,9999.000
202606180000,   1.634,   4.027,   1.700,   0.693,   4.027,   1.200,   3.527,   2.200,   4.527
202606180006,   1.628,   4.008,9999.000,9999.000,9999.000,9999.000,9999.000,9999.000,9999.000
202606180012,   1.622,   4.008,9999.000,9999.000,9999.000,9999.000,9999.000,9999.000,9999.000
202606180018,   1.615,   4.008,9999.000,9999.000,9999.000,9999.000,9999.000,9999.000,9999.000
202606180024,   1.607,   3.998,9999.000,9999.000,9999.000,9999.000,9999.000,9999.000,9999.000
202606180030,   1.599,   3.988,9999.000,9999.000,9999.000,9999.000,9999.000,9999.000,9999.000
202606180036,   1.591,   3.968,9999.000,9999.000,9999.000,9999.000,9999.000,9999.000,9999.000
202606180042,   1.582,   3.949,9999.000,9999.000,9999.000,9999.000,9999.000,9999.000,9999.000
202606180048,   1.573,   3.929,9999.000,9999.000,9999.000,9999.000,9999.000,9999.000,9999.000
202606180054,   1.564,   3.909,9999.000,9999.000,9999.000,9999.000,9999.000,9999.000,9999.000
202606180100,   1.554,   3.899,   1.700,   0.645,   3.899,   1.200,   3.399,   2.100,   4.299
202606180106,   1.544,   3.860,9999.000,9999.000,9999.000,9999.000,9999.000,9999.000,9999.000
202606180112,   1.533,   3.827,9999.000,9999.000,9999.000,9999.000,9999.000,9999.000,9999.000
202606180118,   1.522,   3.778,9999.000,9999.000,9999.000,9999.000,9999.000,9999.000,9999.000
202606180124,   1.511,   3.739,9999.000,9999.000,9999.000,9999.000,9999.000,9999.000,9999.000
202606180130,   1.499,   3.699,9999.000,9999.000,9999.000,9999.000,9999.000,9999.000,9999.000
202606180136,   1.487,   3.670,9999.000,9999.000,9999.000,9999.000,9999.000,9999.000,9999.000
202606180142,   1.475,   3.637,9999.000,9999.000,9999.000,9999.000,9999.000,9999.000,9999.000
202606180148,   1.463,   3.607,9999.000,9999.000,9999.000,9999.000,9999.000,9999.000,9999.000
202606180154,   1.450,   3.568,9999.000,9999.000,9999.000,9999.000,9999.000,9999.000,9999.000
202606180200,   1.437,   3.539,   1.700,   0.402,   3.539,   1.200,   3.039,   2.100,   3.939
202606180206,   1.423,   3.499,9999.000,9999.000,9999.000,9999.000,9999.000,9999.000,9999.000
202606180212,   1.409,   3.450,9999.000,9999.000,9999.000,9999.000,9999.000,9999.000,9999.000
202606180218,   1.395,   3.407,9999.000,9999.000,9999.000,9999.000,9999.000,9999.000,9999.000
202606180224,   1.381,   3.378,9999.000,9999.000,9999.000,9999.000,9999.000,9999.000,9999.000
202606180230,   1.366,   3.348,9999.000,9999.000,9999.000,9999.000,9999.000,9999.000,9999.000
202606180236,   1.351,   3.319,9999.000,9999.000,9999.000,9999.000,9999.000,9999.000,9999.000
202606180242,   1.335,   3.289,9999.000,9999.000,9999.000,9999.000,9999.000,9999.000,9999.000
202606180248,   1.319,   3.260,9999.000,9999.000,9999.000,9999.000,9999.000,9999.000,9999.000
202606180254,   1.302,   3.207,9999.000,9999.000,9999.000,9999.000,9999.000,9999.000,9999.000
202606180300,   1.285,   3.178,   1.600,   0.293,   3.178,   1.200,   2.778,   2.000,   3.578
202606180306,   1.268,   3.119,9999.000,9999.000,9999.000,9999.000,9999.000,9999.000,9999.000
202606180312,   1.250,   3.070,9999.000,9999.000,9999.000,9999.000,9999.000,9999.000,9999.000
202606180318,   1.231,   3.040,9999.000,9999.000,9999.000,9999.000,9999.000,9999.000,9999.000
202606180324,   1.213,   3.040,9999.000,9999.000,9999.000,9999.000,9999.000,9999.000,9999.000
202606180330,   1.193,   3.017,9999.000,9999.000,9999.000,9999.000,9999.000,9999.000,9999.000
202606180336,   1.173,   3.017,9999.000,9999.000,9999.000,9999.000,9999.000,9999.000,9999.000
202606180342,   1.153,   3.007,9999.000,9999.000,9999.000,9999.000,9999.000,9999.000,9999.000
202606180348,   1.132,   2.997,9999.000,9999.000,9999.000,9999.000,9999.000,9999.000,9999.000
202606180354,   1.111,   2.997,9999.000,9999.000,9999.000,9999.000,9999.000,9999.000,9999.000
202606180400,   1.089,   2.988,   1.600,   0.299,   2.988,   1.200,   2.588,   1.900,   3.288
202606180406,   1.067,   2.968,9999.000,9999.000,9999.000,9999.000,9999.000,9999.000,9999.000
202606180412,   1.044,   2.938,9999.000,9999.000,9999.000,9999.000,9999.000,9999.000,9999.000
202606180418,   1.021,   2.919,9999.000,9999.000,9999.000,9999.000,9999.000,9999.000,9999.000
202606180424,   0.998,   2.879,9999.000,9999.000,9999.000,9999.000,9999.000,9999.000,9999.000
202606180430,   0.974,   2.830,9999.000,9999.000,9999.000,9999.000,9999.000,9999.000,9999.000
202606180436,   0.949,   2.787,9999.000,9999.000,9999.000,9999.000,9999.000,9999.000,9999.000
202606180442,   0.925,   2.748,9999.000,9999.000,9999.000,9999.000,9999.000,9999.000,9999.000
202606180448,   0.900,   2.719,9999.000,9999.000,9999.000,9999.000,9999.000,9999.000,9999.000
202606180454,   0.875,   2.679,9999.000,9999.000,9999.000,9999.000,9999.000,9999.000,9999.000
202606180500,   0.849,   2.650,   1.500,   0.301,   2.650,   1.100,   2.250,   1.900,   3.050
202606180506,   0.823,   2.610,9999.000,9999.000,9999.000,9999.000,9999.000,9999.000,9999.000
202606180512,   0.797,   2.568,9999.000,9999.000,9999.000,9999.000,9999.000,9999.000,9999.000
202606180518,   0.770,   2.538,9999.000,9999.000,9999.000,9999.000,9999.000,9999.000,9999.000
202606180524,   0.743,   2.509,9999.000,9999.000,9999.000,9999.000,9999.000,9999.000,9999.000
202606180530,   0.716,   2.479,9999.000,9999.000,9999.000,9999.000,9999.000,9999.000,9999.000
202606180536,   0.689,   2.450,9999.000,9999.000,9999.000,9999.000,9999.000,9999.000,9999.000
202606180542,   0.661,   2.400,9999.000,9999.000,9999.000,9999.000,9999.000,9999.000,9999.000
202606180548,   0.633,   2.368,9999.000,9999.000,9999.000,9999.000,9999.000,9999.000,9999.000
202606180554,   0.605,   2.338,9999.000,9999.000,9999.000,9999.000,9999.000,9999.000,9999.000
202606180600,   0.577,   2.289,   1.500,   0.212,   2.289,   1.100,   1.889,   1.800,   2.589
202606180606,   0.549,   2.250,9999.000,9999.000,9999.000,9999.000,9999.000,9999.000,9999.000
202606180612,   0.521,   2.220,9999.000,9999.000,9999.000,9999.000,9999.000,9999.000,9999.000
202606180618,   0.493,   2.191,9999.000,9999.000,9999.000,9999.000,9999.000,9999.000,9999.000
202606180624,   0.465,   2.158,9999.000,9999.000,9999.000,9999.000,9999.000,9999.000,9999.000
202606180630,   0.437,   2.118,9999.000,9999.000,9999.000,9999.000,9999.000,9999.000,9999.000
202606180636,   0.409,   2.089,9999.000,9999.000,9999.000,9999.000,9999.000,9999.000,9999.000
202606180642,   0.381,   2.069,9999.000,9999.000,9999.000,9999.000,9999.000,9999.000,9999.000
202606180648,   0.354,   2.049,9999.000,9999.000,9999.000,9999.000,9999.000,9999.000,9999.000
202606180654,   0.327,   2.030,9999.000,9999.000,9999.000,9999.000,9999.000,9999.000,9999.000
202606180700,   0.300,   2.010,   1.500,   0.210,   2.010,   1.100,   1.610,   1.800,   2.310
202606180706,   0.273,   1.981,9999.000,9999.000,9999.000,9999.000,9999.000,9999.000,9999.000
202606180712,   0.248,   1.948,9999.000,9999.000,9999.000,9999.000,9999.000,9999.000,9999.000
202606180718,   0.222,   1.908,9999.000,9999.000,9999.000,9999.000,9999.000,9999.000,9999.000
202606180724,   0.197,   1.879,9999.000,9999.000,9999.000,9999.000,9999.000,9999.000,9999.000
202606180730,   0.173,   1.840,9999.000,9999.000,9999.000,9999.000,9999.000,9999.000,9999.000
202606180736,   0.149,   1.830,9999.000,9999.000,9999.000,9999.000,9999.000,9999.000,9999.000
202606180742,   0.126,   1.800,9999.000,9999.000,9999.000,9999.000,9999.000,9999.000,9999.000
202606180748,   0.103,   1.781,9999.000,9999.000,9999.000,9999.000,9999.000,9999.000,9999.000
202606180754,   0.081,   1.748,9999.000,9999.000,9999.000,9999.000,9999.000,9999.000,9999.000
202606180800,   0.059,   1.718,   1.400,   0.259,   1.718,   1.100,   1.418,   1.700,   2.018
202606180806,   0.038,   1.679,9999.000,9999.000,9999.000,9999.000,9999.000,9999.000,9999.000
202606180812,   0.018,   1.649,9999.000,9999.000,9999.000,9999.000,9999.000,9999.000,9999.000
202606180818,  -0.001,   1.630,9999.000,9999.000,9999.000,9999.000,9999.000,9999.000,9999.000
202606180824,  -0.021,   1.590,9999.000,9999.000,9999.000,9999.000,9999.000,9999.000,9999.000
202606180830,  -0.039,   1.548,9999.000,9999.000,9999.000,9999.000,9999.000,9999.000,9999.000
202606180836,  -0.058,   1.518,9999.000,9999.000,9999.000,9999.000,9999.000,9999.000,9999.000
202606180842,  -0.075,   1.479,9999.000,9999.000,9999.000,9999.000,9999.000,9999.000,9999.000
202606180848,  -0.093,   1.390,9999.000,9999.000,9999.000,9999.000,9999.000,9999.000,9999.000
202606180854,  -0.109,   1.390,9999.000,9999.000,9999.000,9999.000,9999.000,9999.000,9999.000
202606180900,  -0.125,   1.328,   1.400,   0.053,   1.328,   1.100,   1.028,   1.600,   1.528
202606180906,  -0.141,   1.338,9999.000,9999.000,9999.000,9999.000,9999.000,9999.000,9999.000
202606180912,  -0.155,   1.318,9999.000,9999.000,9999.000,9999.000,9999.000,9999.000,9999.000
202606180918,  -0.169,   1.269,9999.000,9999.000,9999.000,9999.000,9999.000,9999.000,9999.000
202606180924,  -0.183,   1.269,9999.000,9999.000,9999.000,9999.000,9999.000,9999.000,9999.000
202606180930,  -0.196,   1.259,9999.000,9999.000,9999.000,9999.000,9999.000,9999.000,9999.000
202606180936,  -0.207,   1.249,9999.000,9999.000,9999.000,9999.000,9999.000,9999.000,9999.000
202606180942,  -0.218,   1.249,9999.000,9999.000,9999.000,9999.000,9999.000,9999.000,9999.000
202606180948,  -0.228,   1.289,9999.000,9999.000,9999.000,9999.000,9999.000,9999.000,9999.000
202606180954,  -0.237,   1.298,9999.000,9999.000,9999.000,9999.000,9999.000,9999.000,9999.000
202606181000,  -0.245,   1.289,   1.400,   0.134,   1.289,   1.100,   0.989,   1.600,   1.489
202606181006,  -0.252,   1.289,9999.000,9999.000,9999.000,9999.000,9999.000,9999.000,9999.000
202606181012,  -0.258,   1.289,9999.000,9999.000,9999.000,9999.000,9999.000,9999.000,9999.000
202606181018,  -0.263,   1.210,9999.000,9999.000,9999.000,9999.000,9999.000,9999.000,9999.000
202606181024,  -0.266,   1.200,9999.000,9999.000,9999.000,9999.000,9999.000,9999.000,9999.000
202606181030,  -0.268,   1.249,9999.000,9999.000,9999.000,9999.000,9999.000,9999.000,9999.000
202606181036,  -0.269,   1.298,9999.000,9999.000,9999.000,9999.000,9999.000,9999.000,9999.000
202606181042,  -0.268,   1.279,9999.000,9999.000,9999.000,9999.000,9999.000,9999.000,9999.000
202606181048,  -0.266,   1.229,9999.000,9999.000,9999.000,9999.000,9999.000,9999.000,9999.000
202606181054,  -0.263,   1.259,9999.000,9999.000,9999.000,9999.000,9999.000,9999.000,9999.000
202606181100,  -0.258,   1.318,   1.300,   0.276,   1.318,   1.100,   1.118,   1.600,   1.618
202606181106,  -0.252,   1.279,9999.000,9999.000,9999.000,9999.000,9999.000,9999.000,9999.000
202606181112,  -0.245,   1.308,9999.000,9999.000,9999.000,9999.000,9999.000,9999.000,9999.000
202606181118,  -0.236,   1.210,9999.000,9999.000,9999.000,9999.000,9999.000,9999.000,9999.000
202606181124,  -0.226,   1.229,9999.000,9999.000,9999.000,9999.000,9999.000,9999.000,9999.000
202606181130,  -0.215,   1.279,9999.000,9999.000,9999.000,9999.000,9999.000,9999.000,9999.000
202606181136,  -0.203,   1.220,9999.000,9999.000,9999.000,9999.000,9999.000,9999.000,9999.000
202606181142,  -0.190,   1.318,9999.000,9999.000,9999.000,9999.000,9999.000,9999.000,9999.000
202606181148,  -0.175,   1.298,9999.000,9999.000,9999.000,9999.000,9999.000,9999.000,9999.000
202606181154,  -0.160,   1.318,9999.000,9999.000,9999.000,9999.000,9999.000,9999.000,9999.000
202606181200,  -0.144,   1.410,   1.300,   0.254,   1.410,   1.100,   1.210,   1.500,   1.610
202606181206,  -0.126,   1.161,9999.000,9999.000,9999.000,9999.000,9999.000,9999.000,9999.000
202606181212,  -0.108,   1.308,9999.000,9999.000,9999.000,9999.000,9999.000,9999.000,9999.000
202606181218,  -0.090,   1.361,9999.000,9999.000,9999.000,9999.000,9999.000,9999.000,9999.000
202606181224,  -0.070,   1.508,9999.000,9999.000,9999.000,9999.000,9999.000,9999.000,9999.000
202606181230,  -0.050,   1.528,9999.000,9999.000,9999.000,9999.000,9999.000,9999.000,9999.000
202606181236,  -0.029,   1.298,9999.000,9999.000,9999.000,9999.000,9999.000,9999.000,9999.000
202606181242,  -0.007,   1.420,9999.000,9999.000,9999.000,9999.000,9999.000,9999.000,9999.000
202606181248,   0.014,   1.518,9999.000,9999.000,9999.000,9999.000,9999.000,9999.000,9999.000
202606181254,   0.037,   1.571,9999.000,9999.000,9999.000,9999.000,9999.000,9999.000,9999.000
202606181300,   0.060,   1.590,   1.300,   0.230,   1.590,   1.000,   1.290,   1.500,   1.790
202606181306,   0.085,   1.557,9999.000,9999.000,9999.000,9999.000,9999.000,9999.000,9999.000
202606181312,   0.109,   1.600,9999.000,9999.000,9999.000,9999.000,9999.000,9999.000,9999.000
202606181318,   0.135,   1.689,9999.000,9999.000,9999.000,9999.000,9999.000,9999.000,9999.000
202606181324,   0.160,   1.639,9999.000,9999.000,9999.000,9999.000,9999.000,9999.000,9999.000
202606181330,   0.187,   1.699,9999.000,9999.000,9999.000,9999.000,9999.000,9999.000,9999.000
202606181336,   0.214,   1.738,9999.000,9999.000,9999.000,9999.000,9999.000,9999.000,9999.000
202606181342,   0.241,   1.758,9999.000,9999.000,9999.000,9999.000,9999.000,9999.000,9999.000
202606181348,   0.269,   1.790,9999.000,9999.000,9999.000,9999.000,9999.000,9999.000,9999.000
202606181354,   0.298,   1.879,9999.000,9999.000,9999.000,9999.000,9999.000,9999.000,9999.000
202606181400,   0.327,   1.748,   1.300,   0.121,   1.748,   1.000,   1.448,   1.500,   1.948
202606181406,   0.357,   1.869,9999.000,9999.000,9999.000,9999.000,9999.000,9999.000,9999.000
202606181412,   0.387,   1.781,9999.000,9999.000,9999.000,9999.000,9999.000,9999.000,9999.000
202606181418,   0.417,   1.908,9999.000,9999.000,9999.000,9999.000,9999.000,9999.000,9999.000
202606181424,   0.448,   2.000,9999.000,9999.000,9999.000,9999.000,9999.000,9999.000,9999.000
202606181430,   0.480,   1.908,9999.000,9999.000,9999.000,9999.000,9999.000,9999.000,9999.000
202606181436,   0.511,   1.879,9999.000,9999.000,9999.000,9999.000,9999.000,9999.000,9999.000
202606181442,   0.543,   1.958,9999.000,9999.000,9999.000,9999.000,9999.000,9999.000,9999.000
202606181448,   0.574,   2.030,9999.000,9999.000,9999.000,9999.000,9999.000,9999.000,9999.000
202606181454,   0.606,   2.099,9999.000,9999.000,9999.000,9999.000,9999.000,9999.000,9999.000
202606181500,   0.638,   2.069,   1.200,   0.231,   2.069,   1.000,   1.869,   1.400,   2.269
202606181506,   0.670,   2.158,9999.000,9999.000,9999.000,9999.000,9999.000,9999.000,9999.000
202606181512,   0.702,   2.109,9999.000,9999.000,9999.000,9999.000,9999.000,9999.000,9999.000
202606181518,   0.734,   2.128,9999.000,9999.000,9999.000,9999.000,9999.000,9999.000,9999.000
202606181524,   0.765,   2.128,9999.000,9999.000,9999.000,9999.000,9999.000,9999.000,9999.000
202606181530,   0.797,   2.118,9999.000,9999.000,9999.000,9999.000,9999.000,9999.000,9999.000
202606181536,   0.828,   2.250,9999.000,9999.000,9999.000,9999.000,9999.000,9999.000,9999.000
202606181542,   0.858,   2.230,9999.000,9999.000,9999.000,9999.000,9999.000,9999.000,9999.000
202606181548,   0.889,   2.148,9999.000,9999.000,9999.000,9999.000,9999.000,9999.000,9999.000
202606181554,   0.918,   2.230,9999.000,9999.000,9999.000,9999.000,9999.000,9999.000,9999.000
202606181600,   0.948,   2.200,   1.200,   0.052,   2.200,   1.000,   2.000,   1.400,   2.400
202606181606,   0.977,   2.309,9999.000,9999.000,9999.000,9999.000,9999.000,9999.000,9999.000
202606181612,   1.005,   2.279,9999.000,9999.000,9999.000,9999.000,9999.000,9999.000,9999.000
202606181618,   1.033,   2.269,9999.000,9999.000,9999.000,9999.000,9999.000,9999.000,9999.000
202606181624,   1.060,   2.299,9999.000,9999.000,9999.000,9999.000,9999.000,9999.000,9999.000
202606181630,   1.087,   2.377,9999.000,9999.000,9999.000,9999.000,9999.000,9999.000,9999.000
202606181636,   1.113,   2.400,9999.000,9999.000,9999.000,9999.000,9999.000,9999.000,9999.000
202606181642,   1.138,   2.358,9999.000,9999.000,9999.000,9999.000,9999.000,9999.000,9999.000
202606181648,   1.163,   2.387,9999.000,9999.000,9999.000,9999.000,9999.000,9999.000,9999.000
202606181654,   1.187,   2.368,9999.000,9999.000,9999.000,9999.000,9999.000,9999.000,9999.000
202606181700,   1.211,   2.410,   1.200,  -0.001,   2.410,   1.000,   2.210,   1.400,   2.610
202606181706,   1.234,   2.410,9999.000,9999.000,9999.000,9999.000,9999.000,9999.000,9999.000
202606181712,   1.256,   2.387,9999.000,9999.000,9999.000,9999.000,9999.000,9999.000,9999.000
202606181718,   1.278,   2.420,9999.000,9999.000,9999.000,9999.000,9999.000,9999.000,9999.000
202606181724,   1.299,   2.368,9999.000,9999.000,9999.000,9999.000,9999.000,9999.000,9999.000
202606181730,   1.319,   2.338,9999.000,9999.000,9999.000,9999.000,9999.000,9999.000,9999.000
202606181736,   1.339,   2.400,9999.000,9999.000,9999.000,9999.000,9999.000,9999.000,9999.000
202606181742,   1.358,   2.420,9999.000,9999.000,9999.000,9999.000,9999.000,9999.000,9999.000
202606181748,   1.376,   2.440,9999.000,9999.000,9999.000,9999.000,9999.000,9999.000,9999.000
202606181754,   1.393,   2.450,9999.000,9999.000,9999.000,9999.000,9999.000,9999.000,9999.000
202606181800,   1.410,   2.469,   1.200,  -0.141,   2.469,   1.100,   2.369,   1.300,   2.569
202606181806,   1.426,   2.489,9999.000,9999.000,9999.000,9999.000,9999.000,9999.000,9999.000
202606181812,   1.442,   2.479,9999.000,9999.000,9999.000,9999.000,9999.000,9999.000,9999.000
202606181818,   1.457,   2.528,9999.000,9999.000,9999.000,9999.000,9999.000,9999.000,9999.000
202606181824,   1.471,   2.587,9999.000,9999.000,9999.000,9999.000,9999.000,9999.000,9999.000
202606181830,   1.484,   2.459,9999.000,9999.000,9999.000,9999.000,9999.000,9999.000,9999.000
202606181836,   1.497,   2.450,9999.000,9999.000,9999.000,9999.000,9999.000,9999.000,9999.000
202606181842,   1.509,   2.377,9999.000,9999.000,9999.000,9999.000,9999.000,9999.000,9999.000
202606181848,   1.520,   2.489,9999.000,9999.000,9999.000,9999.000,9999.000,9999.000,9999.000
202606181854,   1.531,   2.499,9999.000,9999.000,9999.000,9999.000,9999.000,9999.000,9999.000
202606181900,   1.541,   2.420,   1.200,  -0.321,   2.420,   1.100,   2.320,   1.300,   2.520
202606181906,   1.551,   2.348,9999.000,9999.000,9999.000,9999.000,9999.000,9999.000,9999.000
202606181912,   1.560,   2.430,9999.000,9999.000,9999.000,9999.000,9999.000,9999.000,9999.000
202606181918,   1.569,   2.420,9999.000,9999.000,9999.000,9999.000,9999.000,9999.000,9999.000
202606181924,   1.577,   2.430,9999.000,9999.000,9999.000,9999.000,9999.000,9999.000,9999.000
202606181930,   1.584,   2.377,9999.000,9999.000,9999.000,9999.000,9999.000,9999.000,9999.000
202606181936,   1.592,   2.400,9999.000,9999.000,9999.000,9999.000,9999.000,9999.000,9999.000
202606181942,   1.598,   2.430,9999.000,9999.000,9999.000,9999.000,9999.000,9999.000,9999.000
202606181948,   1.605,   2.420,9999.000,9999.000,9999.000,9999.000,9999.000,9999.000,9999.000
202606181954,   1.611,   2.400,9999.000,9999.000,9999.000,9999.000,9999.000,9999.000,9999.000
202606182000,   1.616,   2.430,   1.200,  -0.386,   2.430,   1.100,   2.330,   1.300,   2.530
202606182006,   1.621,   2.420,9999.000,9999.000,9999.000,9999.000,9999.000,9999.000,9999.000
202606182012,   1.626,   2.400,9999.000,9999.000,9999.000,9999.000,9999.000,9999.000,9999.000
202606182018,   1.630,   2.430,9999.000,9999.000,9999.000,9999.000,9999.000,9999.000,9999.000
202606182024,   1.633,   2.420,9999.000,9999.000,9999.000,9999.000,9999.000,9999.000,9999.000
202606182030,   1.636,   2.450,9999.000,9999.000,9999.000,9999.000,9999.000,9999.000,9999.000
202606182036,   1.639,   2.459,9999.000,9999.000,9999.000,9999.000,9999.000,9999.000,9999.000
202606182042,   1.641,   2.377,9999.000,9999.000,9999.000,9999.000,9999.000,9999.000,9999.000
202606182048,   1.643,   2.469,9999.000,9999.000,9999.000,9999.000,9999.000,9999.000,9999.000
202606182054,   1.644,   2.430,9999.000,9999.000,9999.000,9999.000,9999.000,9999.000,9999.000
202606182100,   1.644,   2.400,   1.200,  -0.444,   2.400,   1.100,   2.300,   1.300,   2.500
202606182106,   1.644,   2.450,9999.000,9999.000,9999.000,9999.000,9999.000,9999.000,9999.000
202606182112,   1.644,   2.400,9999.000,9999.000,9999.000,9999.000,9999.000,9999.000,9999.000
202606182118,   1.642,   2.479,9999.000,9999.000,9999.000,9999.000,9999.000,9999.000,9999.000
202606182124,   1.641,   2.377,9999.000,9999.000,9999.000,9999.000,9999.000,9999.000,9999.000
202606182130,   1.638,   2.410,9999.000,9999.000,9999.000,9999.000,9999.000,9999.000,9999.000
202606182136,   1.636,   2.348,9999.000,9999.000,9999.000,9999.000,9999.000,9999.000,9999.000
202606182142,   1.632,   2.387,9999.000,9999.000,9999.000,9999.000,9999.000,9999.000,9999.000
202606182148,   1.629,   2.328,9999.000,9999.000,9999.000,9999.000,9999.000,9999.000,9999.000
202606182154,   1.625,   2.338,9999.000,9999.000,9999.000,9999.000,9999.000,9999.000,9999.000
202606182200,   1.620,   2.348,   1.200,  -0.472,   2.348,   1.100,   2.248,   1.300,   2.448
202606182206,   1.616,   2.338,9999.000,9999.000,9999.000,9999.000,9999.000,9999.000,9999.000
202606182212,   1.611,   2.328,9999.000,9999.000,9999.000,9999.000,9999.000,9999.000,9999.000
202606182218,   1.605,   2.368,9999.000,9999.000,9999.000,9999.000,9999.000,9999.000,9999.000
202606182224,   1.600,   2.328,9999.000,9999.000,9999.000,9999.000,9999.000,9999.000,9999.000
202606182230,   1.595,   2.358,9999.000,9999.000,9999.000,9999.000,9999.000,9999.000,9999.000
202606182236,   1.589,   2.318,9999.000,9999.000,9999.000,9999.000,9999.000,9999.000,9999.000
202606182242,   1.584,   2.400,9999.000,9999.000,9999.000,9999.000,9999.000,9999.000,9999.000
202606182248,   1.578,   2.338,9999.000,9999.000,9999.000,9999.000,9999.000,9999.000,9999.000
202606182254,   1.573,   2.318,9999.000,9999.000,9999.000,9999.000,9999.000,9999.000,9999.000
202606182300,   1.567,   2.299,   1.200,  -0.468,   2.299,   1.100,   2.199,   1.300,   2.399
202606182306,   1.562,   2.168,9999.000,9999.000,9999.000,9999.000,9999.000,9999.000,9999.000
202606182312,   1.557,   2.338,9999.000,9999.000,9999.000,9999.000,9999.000,9999.000,9999.000
202606182318,   1.552,   2.220,9999.000,9999.000,9999.000,9999.000,9999.000,9999.000,9999.000
202606182324,   1.548,   2.250,9999.000,9999.000,9999.000,9999.000,9999.000,9999.000,9999.000
202606182330,   1.543,   2.289,9999.000,9999.000,9999.000,9999.000,9999.000,9999.000,9999.000
202606182336,   1.538,   2.240,9999.000,9999.000,9999.000,9999.000,9999.000,9999.000,9999.000
202606182342,   1.534,   2.240,9999.000,9999.000,9999.000,9999.000,9999.000,9999.000,9999.000
202606182348,   1.530,   2.250,9999.000,9999.000,9999.000,9999.000,9999.000,9999.000,9999.000
202606182354,   1.525,   2.191,9999.000,9999.000,9999.000,9999.000,9999.000,9999.000,9999.000
202606190000,   1.521,   2.210,   1.200,  -0.511,   2.210,   1.100,   2.110,   1.300,   2.310
202606190006,   1.516,   2.177,9999.000,9999.000,9999.000,9999.000,9999.000,9999.000,9999.000
202606190012,   1.512,   2.210,9999.000,9999.000,9999.000,9999.000,9999.000,9999.000,9999.000
202606190018,   1.507,   2.191,9999.000,9999.000,9999.000,9999.000,9999.000,9999.000,9999.000
202606190024,   1.502,   2.177,9999.000,9999.000,9999.000,9999.000,9999.000,9999.000,9999.000
202606190030,   1.497,   2.158,9999.000,9999.000,9999.000,9999.000,9999.000,9999.000,9999.000
202606190036,   1.492,   2.128,9999.000,9999.000,9999.000,9999.000,9999.000,9999.000,9999.000
202606190042,   1.487,   2.109,9999.000,9999.000,9999.000,9999.000,9999.000,9999.000,9999.000
202606190048,   1.481,   2.128,9999.000,9999.000,9999.000,9999.000,9999.000,9999.000,9999.000
202606190054,   1.475,   2.109,9999.000,9999.000,9999.000,9999.000,9999.000,9999.000,9999.000
202606190100,   1.469,   2.069,   1.200,  -0.600,   2.069,   1.100,   1.969,   1.300,   2.169
202606190106,   1.462,   2.030,9999.000,9999.000,9999.000,9999.000,9999.000,9999.000,9999.000
202606190112,   1.455,   2.030,9999.000,9999.000,9999.000,9999.000,9999.000,9999.000,9999.000
202606190118,   1.448,   2.030,9999.000,9999.000,9999.000,9999.000,9999.000,9999.000,9999.000
202606190124,   1.441,   2.049,9999.000,9999.000,9999.000,9999.000,9999.000,9999.000,9999.000
202606190130,   1.433,   2.020,9999.000,9999.000,9999.000,9999.000,9999.000,9999.000,9999.000
202606190136,   1.425,   2.000,9999.000,9999.000,9999.000,9999.000,9999.000,9999.000,9999.000
202606190142,   1.418,   2.000,9999.000,9999.000,9999.000,9999.000,9999.000,9999.000,9999.000
202606190148,   1.410,   1.928,9999.000,9999.000,9999.000,9999.000,9999.000,9999.000,9999.000
202606190154,   1.401,   1.948,9999.000,9999.000,9999.000,9999.000,9999.000,9999.000,9999.000
202606190200,   1.393,   1.938,   1.200,  -0.655,   1.938,   1.100,   1.838,   1.300,   2.038
202606190206,   1.385,   1.958,9999.000,9999.000,9999.000,9999.000,9999.000,9999.000,9999.000
202606190212,   1.376,   1.899,9999.000,9999.000,9999.000,9999.000,9999.000,9999.000,9999.000
202606190218,   1.368,   1.820,9999.000,9999.000,9999.000,9999.000,9999.000,9999.000,9999.000
202606190224,   1.360,   1.879,9999.000,9999.000,9999.000,9999.000,9999.000,9999.000,9999.000
202606190230,   1.351,   1.840,9999.000,9999.000,9999.000,9999.000,9999.000,9999.000,9999.000
202606190236,   1.342,   1.849,9999.000,9999.000,9999.000,9999.000,9999.000,9999.000,9999.000
202606190242,   1.334,   1.869,9999.000,9999.000,9999.000,9999.000,9999.000,9999.000,9999.000
202606190248,   1.325,   1.781,9999.000,9999.000,9999.000,9999.000,9999.000,9999.000,9999.000
202606190254,   1.316,   1.800,9999.000,9999.000,9999.000,9999.000,9999.000,9999.000,9999.000
202606190300,   1.307,   1.718,   1.200,  -0.789,   1.718,   1.100,   1.618,   1.300,   1.818
202606190306,   1.298,   1.748,9999.000,9999.000,9999.000,9999.000,9999.000,9999.000,9999.000
202606190312,   1.288,   1.758,9999.000,9999.000,9999.000,9999.000,9999.000,9999.000,9999.000
202606190318,   1.279,   1.728,9999.000,9999.000,9999.000,9999.000,9999.000,9999.000,9999.000
202606190324,   1.269,   1.669,9999.000,9999.000,9999.000,9999.000,9999.000,9999.000,9999.000
202606190330,   1.258,   1.689,9999.000,9999.000,9999.000,9999.000,9999.000,9999.000,9999.000
202606190336,   1.247,   1.679,9999.000,9999.000,9999.000,9999.000,9999.000,9999.000,9999.000
202606190342,   1.236,   1.689,9999.000,9999.000,9999.000,9999.000,9999.000,9999.000,9999.000
202606190348,   1.225,   1.639,9999.000,9999.000,9999.000,9999.000,9999.000,9999.000,9999.000
202606190354,   1.213,   1.620,9999.000,9999.000,9999.000,9999.000,9999.000,9999.000,9999.000
202606190400,   1.200,   1.580,   1.200,  -0.820,   1.580,   1.100,   1.480,   1.300,   1.680
202606190406,   1.187,   1.571,9999.000,9999.000,9999.000,9999.000,9999.000,9999.000,9999.000
202606190412,   1.174,   1.489,9999.000,9999.000,9999.000,9999.000,9999.000,9999.000,9999.000
202606190418,   1.160,   1.498,9999.000,9999.000,9999.000,9999.000,9999.000,9999.000,9999.000
202606190424,   1.145,   1.508,9999.000,9999.000,9999.000,9999.000,9999.000,9999.000,9999.000
202606190430,   1.130,   1.518,9999.000,9999.000,9999.000,9999.000,9999.000,9999.000,9999.000
202606190436,   1.114,   1.449,9999.000,9999.000,9999.000,9999.000,9999.000,9999.000,9999.000
202606190442,   1.098,   1.439,9999.000,9999.000,9999.000,9999.000,9999.000,9999.000,9999.000
202606190448,   1.081,   1.410,9999.000,9999.000,9999.000,9999.000,9999.000,9999.000,9999.000
202606190454,   1.064,   1.469,9999.000,9999.000,9999.000,9999.000,9999.000,9999.000,9999.000
202606190500,   1.047,   1.439,   1.200,  -0.808,   1.439,   1.100,   1.339,   1.300,   1.539
202606190506,   1.029,   1.390,9999.000,9999.000,9999.000,9999.000,9999.000,9999.000,9999.000
202606190512,   1.010,   1.328,9999.000,9999.000,9999.000,9999.000,9999.000,9999.000,9999.000
202606190518,   0.992,   1.361,9999.000,9999.000,9999.000,9999.000,9999.000,9999.000,9999.000
202606190524,   0.972,   1.371,9999.000,9999.000,9999.000,9999.000,9999.000,9999.000,9999.000
202606190530,   0.953,   1.380,9999.000,9999.000,9999.000,9999.000,9999.000,9999.000,9999.000
202606190536,   0.933,   1.318,9999.000,9999.000,9999.000,9999.000,9999.000,9999.000,9999.000
202606190542,   0.913,   1.259,9999.000,9999.000,9999.000,9999.000,9999.000,9999.000,9999.000
202606190548,   0.892,   1.249,9999.000,9999.000,9999.000,9999.000,9999.000,9999.000,9999.000
202606190554,   0.872,   1.259,9999.000,9999.000,9999.000,9999.000,9999.000,9999.000,9999.000
202606190600,   0.851,   1.259,   0.900,  -0.492,   1.259,   0.900,   1.259,   1.000,   1.359
202606190606,   0.829,   1.220,9999.000,9999.000,9999.000,9999.000,9999.000,9999.000,9999.000
202606190612,   0.808,   1.170,9999.000,9999.000,9999.000,9999.000,9999.000,9999.000,9999.000
202606190618,   0.786,   1.138,9999.000,9999.000,9999.000,9999.000,9999.000,9999.000,9999.000
202606190624,   0.764,   1.161,9999.000,9999.000,9999.000,9999.000,9999.000,9999.000,9999.000
202606190630,   0.742,   1.098,9999.000,9999.000,9999.000,9999.000,9999.000,9999.000,9999.000
202606190636,   0.720,   1.079,9999.000,9999.000,9999.000,9999.000,9999.000,9999.000,9999.000
202606190642,   0.698,   1.069,9999.000,9999.000,9999.000,9999.000,9999.000,9999.000,9999.000
202606190648,   0.675,   1.049,9999.000,9999.000,9999.000,9999.000,9999.000,9999.000,9999.000
202606190654,   0.653,   1.020,9999.000,9999.000,9999.000,9999.000,9999.000,9999.000,9999.000
202606190700,   0.630,   1.000,   1.000,  -0.630,   1.000,   0.900,   0.900,   1.000,   1.000
202606190706,   0.607,   1.010,9999.000,9999.000,9999.000,9999.000,9999.000,9999.000,9999.000
202606190712,   0.585,   1.029,9999.000,9999.000,9999.000,9999.000,9999.000,9999.000,9999.000
202606190718,   0.562,   1.000,9999.000,9999.000,9999.000,9999.000,9999.000,9999.000,9999.000
202606190724,   0.539,   0.941,9999.000,9999.000,9999.000,9999.000,9999.000,9999.000,9999.000
202606190730,   0.517,   0.941,9999.000,9999.000,9999.000,9999.000,9999.000,9999.000,9999.000
202606190736,   0.494,   0.941,9999.000,9999.000,9999.000,9999.000,9999.000,9999.000,9999.000
202606190742,   0.472,   0.961,9999.000,9999.000,9999.000,9999.000,9999.000,9999.000,9999.000
202606190748,   0.450,   0.918,9999.000,9999.000,9999.000,9999.000,9999.000,9999.000,9999.000
202606190754,   0.428,   0.898,9999.000,9999.000,9999.000,9999.000,9999.000,9999.000,9999.000
202606190800,   0.406,   0.879,   1.000,  -0.527,   0.879,   0.900,   0.779,   1.000,   0.879
202606190806,   0.385,   0.918,9999.000,9999.000,9999.000,9999.000,9999.000,9999.000,9999.000
202606190812,   0.364,   0.888,9999.000,9999.000,9999.000,9999.000,9999.000,9999.000,9999.000
202606190818,   0.343,   0.849,9999.000,9999.000,9999.000,9999.000,9999.000,9999.000,9999.000
202606190824,   0.322,   0.800,9999.000,9999.000,9999.000,9999.000,9999.000,9999.000,9999.000
202606190830,   0.302,   0.790,9999.000,9999.000,9999.000,9999.000,9999.000,9999.000,9999.000
202606190836,   0.282,   0.800,9999.000,9999.000,9999.000,9999.000,9999.000,9999.000,9999.000
202606190842,   0.263,   0.780,9999.000,9999.000,9999.000,9999.000,9999.000,9999.000,9999.000
202606190848,   0.243,   0.780,9999.000,9999.000,9999.000,9999.000,9999.000,9999.000,9999.000
202606190854,   0.225,   0.780,9999.000,9999.000,9999.000,9999.000,9999.000,9999.000,9999.000
202606190900,   0.206,   0.810,   1.000,  -0.396,   0.810,   0.900,   0.710,   1.000,   0.810
202606190906,   0.188,   0.698,9999.000,9999.000,9999.000,9999.000,9999.000,9999.000,9999.000
202606190912,   0.170,   0.751,9999.000,9999.000,9999.000,9999.000,9999.000,9999.000,9999.000
202606190918,   0.153,   0.698,9999.000,9999.000,9999.000,9999.000,9999.000,9999.000,9999.000
202606190924,   0.136,   0.751,9999.000,9999.000,9999.000,9999.000,9999.000,9999.000,9999.000
202606190930,   0.119,   0.698,9999.000,9999.000,9999.000,9999.000,9999.000,9999.000,9999.000
202606190936,   0.103,   0.688,9999.000,9999.000,9999.000,9999.000,9999.000,9999.000,9999.000
202606190942,   0.088,   0.698,9999.000,9999.000,9999.000,9999.000,9999.000,9999.000,9999.000
202606190948,   0.072,   0.718,9999.000,9999.000,9999.000,9999.000,9999.000,9999.000,9999.000
202606190954,   0.057,   0.698,9999.000,9999.000,9999.000,9999.000,9999.000,9999.000,9999.000
202606191000,   0.043,   0.659,   1.000,  -0.384,   0.659,   0.900,   0.559,   1.000,   0.659
202606191006,   0.029,   0.669,9999.000,9999.000,9999.000,9999.000,9999.000,9999.000,9999.000
202606191012,   0.016,   0.659,9999.000,9999.000,9999.000,9999.000,9999.000,9999.000,9999.000
202606191018,   0.004,   0.649,9999.000,9999.000,9999.000,9999.000,9999.000,9999.000,9999.000
202606191024,  -0.007,   0.669,9999.000,9999.000,9999.000,9999.000,9999.000,9999.000,9999.000
202606191030,  -0.018,   0.649,9999.000,9999.000,9999.000,9999.000,9999.000,9999.000,9999.000
202606191036,  -0.029,   0.659,9999.000,9999.000,9999.000,9999.000,9999.000,9999.000,9999.000
202606191042,  -0.038,   0.600,9999.000,9999.000,9999.000,9999.000,9999.000,9999.000,9999.000
202606191048,  -0.047,   0.590,9999.000,9999.000,9999.000,9999.000,9999.000,9999.000,9999.000
202606191054,  -0.054,   0.590,9999.000,9999.000,9999.000,9999.000,9999.000,9999.000,9999.000
202606191100,  -0.061,   0.629,   1.000,  -0.310,   0.629,   0.900,   0.529,   1.000,   0.629
202606191106,  -0.067,   0.619,9999.000,9999.000,9999.000,9999.000,9999.000,9999.000,9999.000
202606191112,  -0.071,   0.590,9999.000,9999.000,9999.000,9999.000,9999.000,9999.000,9999.000
202606191118,  -0.075,   0.619,9999.000,9999.000,9999.000,9999.000,9999.000,9999.000,9999.000
202606191124,  -0.077,   0.639,9999.000,9999.000,9999.000,9999.000,9999.000,9999.000,9999.000
202606191130,  -0.078,   0.659,9999.000,9999.000,9999.000,9999.000,9999.000,9999.000,9999.000
202606191136,  -0.078,   0.678,9999.000,9999.000,9999.000,9999.000,9999.000,9999.000,9999.000
202606191142,  -0.077,   0.659,9999.000,9999.000,9999.000,9999.000,9999.000,9999.000,9999.000
202606191148,  -0.075,   0.678,9999.000,9999.000,9999.000,9999.000,9999.000,9999.000,9999.000
202606191154,  -0.071,   0.659,9999.000,9999.000,9999.000,9999.000,9999.000,9999.000,9999.000
202606191200,  -0.066,   0.659,   0.700,   0.025,   0.659,   0.700,   0.659,   0.800,   0.759
202606191206,  -0.061,   0.688,9999.000,9999.000,9999.000,9999.000,9999.000,9999.000,9999.000
202606191212,  -0.054,   0.731,9999.000,9999.000,9999.000,9999.000,9999.000,9999.000,9999.000
202606191218,  -0.046,   0.741,9999.000,9999.000,9999.000,9999.000,9999.000,9999.000,9999.000
202606191224,  -0.037,   0.698,9999.000,9999.000,9999.000,9999.000,9999.000,9999.000,9999.000
202606191230,  -0.027,   0.731,9999.000,9999.000,9999.000,9999.000,9999.000,9999.000,9999.000
202606191236,  -0.017,   0.731,9999.000,9999.000,9999.000,9999.000,9999.000,9999.000,9999.000
202606191242,  -0.005,   0.741,9999.000,9999.000,9999.000,9999.000,9999.000,9999.000,9999.000
202606191248,   0.006,   0.760,9999.000,9999.000,9999.000,9999.000,9999.000,9999.000,9999.000
202606191254,   0.020,   0.741,9999.000,9999.000,9999.000,9999.000,9999.000,9999.000,9999.000
202606191300,   0.034,   0.770,   0.700,   0.036,   0.770,   0.700,   0.770,   0.800,   0.870
202606191306,   0.049,   0.829,9999.000,9999.000,9999.000,9999.000,9999.000,9999.000,9999.000
202606191312,   0.064,   0.790,9999.000,9999.000,9999.000,9999.000,9999.000,9999.000,9999.000
202606191318,   0.080,   0.810,9999.000,9999.000,9999.000,9999.000,9999.000,9999.000,9999.000
202606191324,   0.097,   0.829,9999.000,9999.000,9999.000,9999.000,9999.000,9999.000,9999.000
202606191330,   0.115,   0.879,9999.000,9999.000,9999.000,9999.000,9999.000,9999.000,9999.000
202606191336,   0.133,   0.908,9999.000,9999.000,9999.000,9999.000,9999.000,9999.000,9999.000
202606191342,   0.152,   0.928,9999.000,9999.000,9999.000,9999.000,9999.000,9999.000,9999.000
202606191348,   0.171,   0.869,9999.000,9999.000,9999.000,9999.000,9999.000,9999.000,9999.000
202606191354,   0.191,   0.879,9999.000,9999.000,9999.000,9999.000,9999.000,9999.000,9999.000
202606191400,   0.212,   0.961,   0.700,   0.049,   0.961,   0.700,   0.961,   0.800,   1.061
202606191406,   0.234,   1.000,9999.000,9999.000,9999.000,9999.000,9999.000,9999.000,9999.000
202606191412,   0.256,   1.010,9999.000,9999.000,9999.000,9999.000,9999.000,9999.000,9999.000
202606191418,   0.279,   1.039,9999.000,9999.000,9999.000,9999.000,9999.000,9999.000,9999.000
202606191424,   0.302,   1.020,9999.000,9999.000,9999.000,9999.000,9999.000,9999.000,9999.000
202606191430,   0.327,   1.049,9999.000,9999.000,9999.000,9999.000,9999.000,9999.000,9999.000
202606191436,   0.352,   1.118,9999.000,9999.000,9999.000,9999.000,9999.000,9999.000,9999.000
202606191442,   0.377,   1.088,9999.000,9999.000,9999.000,9999.000,9999.000,9999.000,9999.000
202606191448,   0.403,   1.210,9999.000,9999.000,9999.000,9999.000,9999.000,9999.000,9999.000
202606191454,   0.430,   1.151,9999.000,9999.000,9999.000,9999.000,9999.000,9999.000,9999.000
202606191500,   0.457,   1.229,   0.700,   0.072,   1.229,   0.700,   1.229,   0.800,   1.329
202606191506,   0.484,   1.049,9999.000,9999.000,9999.000,9999.000,9999.000,9999.000,9999.000
202606191512,   0.512,   1.151,9999.000,9999.000,9999.000,9999.000,9999.000,9999.000,9999.000
202606191518,   0.540,   1.239,9999.000,9999.000,9999.000,9999.000,9999.000,9999.000,9999.000
202606191524,   0.569,   1.269,9999.000,9999.000,9999.000,9999.000,9999.000,9999.000,9999.000
202606191530,   0.597,   1.338,9999.000,9999.000,9999.000,9999.000,9999.000,9999.000,9999.000
202606191536,   0.626,   1.318,9999.000,9999.000,9999.000,9999.000,9999.000,9999.000,9999.000
202606191542,   0.655,   1.348,9999.000,9999.000,9999.000,9999.000,9999.000,9999.000,9999.000
202606191548,   0.684,   1.430,9999.000,9999.000,9999.000,9999.000,9999.000,9999.000,9999.000
202606191554,   0.713,   1.430,9999.000,9999.000,9999.000,9999.000,9999.000,9999.000,9999.000
202606191600,   0.741,   1.459,   0.700,   0.018,   1.459,   0.700,   1.459,   0.800,   1.559
202606191606,   0.770,   1.459,9999.000,9999.000,9999.000,9999.000,9999.000,9999.000,9999.000
202606191612,   0.798,   1.498,9999.000,9999.000,9999.000,9999.000,9999.000,9999.000,9999.000
202606191618,   0.826,   1.518,9999.000,9999.000,9999.000,9999.000,9999.000,9999.000,9999.000
202606191624,   0.853,   1.557,9999.000,9999.000,9999.000,9999.000,9999.000,9999.000,9999.000
202606191630,   0.880,   1.600,9999.000,9999.000,9999.000,9999.000,9999.000,9999.000,9999.000
202606191636,   0.907,   1.620,9999.000,9999.000,9999.000,9999.000,9999.000,9999.000,9999.000
202606191642,   0.933,   1.620,9999.000,9999.000,9999.000,9999.000,9999.000,9999.000,9999.000
202606191648,   0.958,   1.610,9999.000,9999.000,9999.000,9999.000,9999.000,9999.000,9999.000
202606191654,   0.983,   1.669,9999.000,9999.000,9999.000,9999.000,9999.000,9999.000,9999.000
202606191700,   1.007,   1.669,   0.700,  -0.038,   1.669,   0.700,   1.669,   0.800,   1.769
202606191706,   1.031,   1.649,9999.000,9999.000,9999.000,9999.000,9999.000,9999.000,9999.000
202606191712,   1.054,   1.659,9999.000,9999.000,9999.000,9999.000,9999.000,9999.000,9999.000
202606191718,   1.077,   1.748,9999.000,9999.000,9999.000,9999.000,9999.000,9999.000,9999.000
202606191724,   1.099,   1.781,9999.000,9999.000,9999.000,9999.000,9999.000,9999.000,9999.000
202606191730,   1.121,   1.810,9999.000,9999.000,9999.000,9999.000,9999.000,9999.000,9999.000
202606191736,   1.142,   1.790,9999.000,9999.000,9999.000,9999.000,9999.000,9999.000,9999.000
202606191742,   1.162,   1.767,9999.000,9999.000,9999.000,9999.000,9999.000,9999.000,9999.000
202606191748,   1.182,   1.810,9999.000,9999.000,9999.000,9999.000,9999.000,9999.000,9999.000
202606191754,   1.201,   1.781,9999.000,9999.000,9999.000,9999.000,9999.000,9999.000,9999.000
202606191800,   1.220,   1.840,   0.700,  -0.080,   1.840,   0.700,   1.840,   0.800,   1.940
202606191806,   1.238,   1.830,9999.000,9999.000,9999.000,9999.000,9999.000,9999.000,9999.000
202606191812,   1.256,   1.879,9999.000,9999.000,9999.000,9999.000,9999.000,9999.000,9999.000
202606191818,   1.273,   1.859,9999.000,9999.000,9999.000,9999.000,9999.000,9999.000,9999.000
202606191824,   1.289,   1.869,9999.000,9999.000,9999.000,9999.000,9999.000,9999.000,9999.000
202606191830,   1.305,   1.918,9999.000,9999.000,9999.000,9999.000,9999.000,9999.000,9999.000
202606191836,   1.320,   1.908,9999.000,9999.000,9999.000,9999.000,9999.000,9999.000,9999.000
202606191842,   1.335,   1.948,9999.000,9999.000,9999.000,9999.000,9999.000,9999.000,9999.000
202606191848,   1.348,   1.840,9999.000,9999.000,9999.000,9999.000,9999.000,9999.000,9999.000
202606191854,   1.362,   1.908,9999.000,9999.000,9999.000,9999.000,9999.000,9999.000,9999.000
202606191900,   1.374,   2.000,   0.700,  -0.074,   2.000,   0.700,   2.000,   0.800,   2.100
202606191906,   1.386,   2.030,9999.000,9999.000,9999.000,9999.000,9999.000,9999.000,9999.000
202606191912,   1.398,   1.958,9999.000,9999.000,9999.000,9999.000,9999.000,9999.000,9999.000
202606191918,   1.408,   1.918,9999.000,9999.000,9999.000,9999.000,9999.000,9999.000,9999.000
202606191924,   1.418,   1.990,9999.000,9999.000,9999.000,9999.000,9999.000,9999.000,9999.000
202606191930,   1.428,   1.981,9999.000,9999.000,9999.000,9999.000,9999.000,9999.000,9999.000
202606191936,   1.436,   1.990,9999.000,9999.000,9999.000,9999.000,9999.000,9999.000,9999.000
202606191942,   1.444,   1.938,9999.000,9999.000,9999.000,9999.000,9999.000,9999.000,9999.000
202606191948,   1.451,   1.990,9999.000,9999.000,9999.000,9999.000,9999.000,9999.000,9999.000
202606191954,   1.458,   2.059,9999.000,9999.000,9999.000,9999.000,9999.000,9999.000,9999.000
202606192000,   1.464,   2.040,   0.700,  -0.124,   2.040,   0.700,   2.040,   0.800,   2.140
202606192006,   1.470,   2.069,9999.000,9999.000,9999.000,9999.000,9999.000,9999.000,9999.000
202606192012,   1.475,   2.030,9999.000,9999.000,9999.000,9999.000,9999.000,9999.000,9999.000
202606192018,   1.479,   2.030,9999.000,9999.000,9999.000,9999.000,9999.000,9999.000,9999.000
202606192024,   1.483,   1.958,9999.000,9999.000,9999.000,9999.000,9999.000,9999.000,9999.000
202606192030,   1.486,   2.030,9999.000,9999.000,9999.000,9999.000,9999.000,9999.000,9999.000
202606192036,   1.489,   2.200,9999.000,9999.000,9999.000,9999.000,9999.000,9999.000,9999.000
202606192042,   1.491,   1.981,9999.000,9999.000,9999.000,9999.000,9999.000,9999.000,9999.000
202606192048,   1.492,   2.000,9999.000,9999.000,9999.000,9999.000,9999.000,9999.000,9999.000
202606192054,   1.494,   1.938,9999.000,9999.000,9999.000,9999.000,9999.000,9999.000,9999.000
202606192100,   1.494,   2.089,   0.700,  -0.105,   2.089,   0.700,   2.089,   0.800,   2.189
202606192106,   1.495,   2.118,9999.000,9999.000,9999.000,9999.000,9999.000,9999.000,9999.000
202606192112,   1.494,   2.040,9999.000,9999.000,9999.000,9999.000,9999.000,9999.000,9999.000
202606192118,   1.493,   2.020,9999.000,9999.000,9999.000,9999.000,9999.000,9999.000,9999.000
202606192124,   1.492,   2.000,9999.000,9999.000,9999.000,9999.000,9999.000,9999.000,9999.000
202606192130,   1.490,   2.040,9999.000,9999.000,9999.000,9999.000,9999.000,9999.000,9999.000
202606192136,   1.488,   2.000,9999.000,9999.000,9999.000,9999.000,9999.000,9999.000,9999.000
202606192142,   1.485,   2.020,9999.000,9999.000,9999.000,9999.000,9999.000,9999.000,9999.000
202606192148,   1.482,   2.010,9999.000,9999.000,9999.000,9999.000,9999.000,9999.000,9999.000
202606192154,   1.478,   1.958,9999.000,9999.000,9999.000,9999.000,9999.000,9999.000,9999.000
202606192200,   1.474,   1.869,   0.700,  -0.305,   1.869,   0.700,   1.869,   0.800,   1.969
202606192206,   1.470,   1.938,9999.000,9999.000,9999.000,9999.000,9999.000,9999.000,9999.000
202606192212,   1.464,   1.990,9999.000,9999.000,9999.000,9999.000,9999.000,9999.000,9999.000
202606192218,   1.459,   1.908,9999.000,9999.000,9999.000,9999.000,9999.000,9999.000,9999.000
202606192224,   1.453,   1.918,9999.000,9999.000,9999.000,9999.000,9999.000,9999.000,9999.000
202606192230,   1.447,   1.738,9999.000,9999.000,9999.000,9999.000,9999.000,9999.000,9999.000
202606192236,   1.440,   1.889,9999.000,9999.000,9999.000,9999.000,9999.000,9999.000,9999.000
202606192242,   1.433,   1.879,9999.000,9999.000,9999.000,9999.000,9999.000,9999.000,9999.000
202606192248,   1.425,   1.869,9999.000,9999.000,9999.000,9999.000,9999.000,9999.000,9999.000
202606192254,   1.418,   1.830,9999.000,9999.000,9999.000,9999.000,9999.000,9999.000,9999.000
202606192300,   1.410,   1.810,   0.700,  -0.300,   1.810,   0.700,   1.810,   0.800,   1.910
202606192306,   1.402,   1.790,9999.000,9999.000,9999.000,9999.000,9999.000,9999.000,9999.000
202606192312,   1.394,   1.830,9999.000,9999.000,9999.000,9999.000,9999.000,9999.000,9999.000
202606192318,   1.386,   1.790,9999.000,9999.000,9999.000,9999.000,9999.000,9999.000,9999.000
202606192324,   1.378,   1.781,9999.000,9999.000,9999.000,9999.000,9999.000,9999.000,9999.000
202606192330,   1.370,   1.738,9999.000,9999.000,9999.000,9999.000,9999.000,9999.000,9999.000
202606192336,   1.362,   1.738,9999.000,9999.000,9999.000,9999.000,9999.000,9999.000,9999.000
202606192342,   1.355,   1.718,9999.000,9999.000,9999.000,9999.000,9999.000,9999.000,9999.000
202606192348,   1.347,   1.639,9999.000,9999.000,9999.000,9999.000,9999.000,9999.000,9999.000
202606192354,   1.339,   1.649,9999.000,9999.000,9999.000,9999.000,9999.000,9999.000,9999.000
202606200000,   1.332,   1.620,   0.800,  -0.512,   1.620,   0.700,   1.520,   0.900,   1.720
202606200006,   1.325,   1.620,9999.000,9999.000,9999.000,9999.000,9999.000,9999.000,9999.000
202606200012,   1.318,   1.610,9999.000,9999.000,9999.000,9999.000,9999.000,9999.000,9999.000
202606200018,   1.311,   1.600,9999.000,9999.000,9999.000,9999.000,9999.000,9999.000,9999.000
202606200024,   1.305,   1.600,9999.000,9999.000,9999.000,9999.000,9999.000,9999.000,9999.000
202606200030,   1.298,   1.590,9999.000,9999.000,9999.000,9999.000,9999.000,9999.000,9999.000
202606200036,   1.292,   1.580,9999.000,9999.000,9999.000,9999.000,9999.000,9999.000,9999.000
202606200042,   1.286,   1.580,9999.000,9999.000,9999.000,9999.000,9999.000,9999.000,9999.000
202606200048,   1.280,   1.548,9999.000,9999.000,9999.000,9999.000,9999.000,9999.000,9999.000
202606200054,   1.274,   1.508,9999.000,9999.000,9999.000,9999.000,9999.000,9999.000,9999.000
202606200100,   1.269,   1.439,   0.800,  -0.630,   1.439,   0.700,   1.339,   0.900,   1.539
202606200106,   1.263,   1.459,9999.000,9999.000,9999.000,9999.000,9999.000,9999.000,9999.000
202606200112,   1.257,   1.498,9999.000,9999.000,9999.000,9999.000,9999.000,9999.000,9999.000
202606200118,   1.252,   1.459,9999.000,9999.000,9999.000,9999.000,9999.000,9999.000,9999.000
202606200124,   1.246,   1.498,9999.000,9999.000,9999.000,9999.000,9999.000,9999.000,9999.000
202606200130,   1.240,   1.400,9999.000,9999.000,9999.000,9999.000,9999.000,9999.000,9999.000
202606200136,   1.235,   1.459,9999.000,9999.000,9999.000,9999.000,9999.000,9999.000,9999.000
202606200142,   1.229,   1.410,9999.000,9999.000,9999.000,9999.000,9999.000,9999.000,9999.000
202606200148,   1.224,   1.430,9999.000,9999.000,9999.000,9999.000,9999.000,9999.000,9999.000
202606200154,   1.218,   1.348,9999.000,9999.000,9999.000,9999.000,9999.000,9999.000,9999.000
202606200200,   1.213,   1.420,   0.800,  -0.593,   1.420,   0.700,   1.320,   0.900,   1.520
202606200206,   1.207,   1.430,9999.000,9999.000,9999.000,9999.000,9999.000,9999.000,9999.000
202606200212,   1.202,   1.430,9999.000,9999.000,9999.000,9999.000,9999.000,9999.000,9999.000
202606200218,   1.197,   1.439,9999.000,9999.000,9999.000,9999.000,9999.000,9999.000,9999.000
202606200224,   1.192,   1.400,9999.000,9999.000,9999.000,9999.000,9999.000,9999.000,9999.000
202606200230,   1.187,   1.449,9999.000,9999.000,9999.000,9999.000,9999.000,9999.000,9999.000
202606200236,   1.182,   1.518,9999.000,9999.000,9999.000,9999.000,9999.000,9999.000,9999.000
202606200242,   1.177,   1.469,9999.000,9999.000,9999.000,9999.000,9999.000,9999.000,9999.000
202606200248,   1.173,   1.469,9999.000,9999.000,9999.000,9999.000,9999.000,9999.000,9999.000
202606200254,   1.168,   1.430,9999.000,9999.000,9999.000,9999.000,9999.000,9999.000,9999.000
202606200300,   1.164,   1.469,   0.800,  -0.495,   1.469,   0.700,   1.369,   0.900,   1.569
202606200306,   1.160,   1.439,9999.000,9999.000,9999.000,9999.000,9999.000,9999.000,9999.000
202606200312,   1.156,   1.439,9999.000,9999.000,9999.000,9999.000,9999.000,9999.000,9999.000
202606200318,   1.152,   1.318,9999.000,9999.000,9999.000,9999.000,9999.000,9999.000,9999.000
202606200324,   1.149,   1.390,9999.000,9999.000,9999.000,9999.000,9999.000,9999.000,9999.000
202606200330,   1.145,   1.338,9999.000,9999.000,9999.000,9999.000,9999.000,9999.000,9999.000
202606200336,   1.142,   1.338,9999.000,9999.000,9999.000,9999.000,9999.000,9999.000,9999.000
202606200342,   1.138,   1.390,9999.000,9999.000,9999.000,9999.000,9999.000,9999.000,9999.000
202606200348,   1.135,   1.229,9999.000,9999.000,9999.000,9999.000,9999.000,9999.000,9999.000
202606200354,   1.131,   1.249,9999.000,9999.000,9999.000,9999.000,9999.000,9999.000,9999.000
202606200400,   1.127,   1.259,   0.800,  -0.668,   1.259,   0.700,   1.159,   0.900,   1.359
202606200406,   1.123,   1.338,9999.000,9999.000,9999.000,9999.000,9999.000,9999.000,9999.000
202606200412,   1.119,   1.390,9999.000,9999.000,9999.000,9999.000,9999.000,9999.000,9999.000
202606200418,   1.115,   1.380,9999.000,9999.000,9999.000,9999.000,9999.000,9999.000,9999.000
202606200424,   1.110,   1.390,9999.000,9999.000,9999.000,9999.000,9999.000,9999.000,9999.000
202606200430,   1.105,   1.439,9999.000,9999.000,9999.000,9999.000,9999.000,9999.000,9999.000
202606200436,   1.099,   1.400,9999.000,9999.000,9999.000,9999.000,9999.000,9999.000,9999.000
202606200442,   1.093,   1.410,9999.000,9999.000,9999.000,9999.000,9999.000,9999.000,9999.000
202606200448,   1.087,   1.410,9999.000,9999.000,9999.000,9999.000,9999.000,9999.000,9999.000
202606200454,   1.080,   1.459,9999.000,9999.000,9999.000,9999.000,9999.000,9999.000,9999.000
202606200500,   1.073,   1.479,   0.800,  -0.394,   1.479,   0.800,   1.479,   0.900,   1.579
202606200506,   1.065,   1.420,9999.000,9999.000,9999.000,9999.000,9999.000,9999.000,9999.000
202606200512,   1.057,   1.390,9999.000,9999.000,9999.000,9999.000,9999.000,9999.000,9999.000
202606200518,   1.048,   1.420,9999.000,9999.000,9999.000,9999.000,9999.000,9999.000,9999.000
202606200524,   1.039,   1.430,9999.000,9999.000,9999.000,9999.000,9999.000,9999.000,9999.000
202606200530,   1.030,   1.469,9999.000,9999.000,9999.000,9999.000,9999.000,9999.000,9999.000
202606200536,   1.020,   1.439,9999.000,9999.000,9999.000,9999.000,9999.000,9999.000,9999.000
202606200542,   1.010,   1.338,9999.000,9999.000,9999.000,9999.000,9999.000,9999.000,9999.000
202606200548,   0.999,   1.410,9999.000,9999.000,9999.000,9999.000,9999.000,9999.000,9999.000
202606200554,   0.988,   1.400,9999.000,9999.000,9999.000,9999.000,9999.000,9999.000,9999.000
202606200600,   0.977,   1.420,   0.800,  -0.357,   1.420,   0.700,   1.320,   0.900,   1.520
202606200606,   0.966,   1.439,9999.000,9999.000,9999.000,9999.000,9999.000,9999.000,9999.000
202606200612,   0.954,   1.400,9999.000,9999.000,9999.000,9999.000,9999.000,9999.000,9999.000
202606200618,   0.942,   1.371,9999.000,9999.000,9999.000,9999.000,9999.000,9999.000,9999.000
202606200624,   0.930,   1.371,9999.000,9999.000,9999.000,9999.000,9999.000,9999.000,9999.000
202606200630,   0.917,   1.361,9999.000,9999.000,9999.000,9999.000,9999.000,9999.000,9999.000
202606200636,   0.905,   1.390,9999.000,9999.000,9999.000,9999.000,9999.000,9999.000,9999.000
202606200642,   0.892,   1.361,9999.000,9999.000,9999.000,9999.000,9999.000,9999.000,9999.000
202606200648,   0.879,   1.371,9999.000,9999.000,9999.000,9999.000,9999.000,9999.000,9999.000
202606200654,   0.866,   1.371,9999.000,9999.000,9999.000,9999.000,9999.000,9999.000,9999.000
202606200700,   0.852,   1.361,   0.800,  -0.291,   1.361,   0.700,   1.261,   0.900,   1.461
202606200706,   0.839,   1.328,9999.000,9999.000,9999.000,9999.000,9999.000,9999.000,9999.000
202606200712,   0.825,   1.338,9999.000,9999.000,9999.000,9999.000,9999.000,9999.000,9999.000
202606200718,   0.811,   1.318,9999.000,9999.000,9999.000,9999.000,9999.000,9999.000,9999.000
202606200724,   0.797,   1.361,9999.000,9999.000,9999.000,9999.000,9999.000,9999.000,9999.000
202606200730,   0.782,   1.348,9999.000,9999.000,9999.000,9999.000,9999.000,9999.000,9999.000
202606200736,   0.768,   1.308,9999.000,9999.000,9999.000,9999.000,9999.000,9999.000,9999.000
202606200742,   0.753,   1.298,9999.000,9999.000,9999.000,9999.000,9999.000,9999.000,9999.000
202606200748,   0.738,   1.279,9999.000,9999.000,9999.000,9999.000,9999.000,9999.000,9999.000
202606200754,   0.722,   1.289,9999.000,9999.000,9999.000,9999.000,9999.000,9999.000,9999.000
202606200800,   0.707,   1.328,   0.800,  -0.179,   1.328,   0.700,   1.228,   0.900,   1.428
202606200806,   0.691,   1.229,9999.000,9999.000,9999.000,9999.000,9999.000,9999.000,9999.000
202606200812,   0.676,   1.229,9999.000,9999.000,9999.000,9999.000,9999.000,9999.000,9999.000
202606200818,   0.660,   1.170,9999.000,9999.000,9999.000,9999.000,9999.000,9999.000,9999.000
202606200824,   0.644,   1.180,9999.000,9999.000,9999.000,9999.000,9999.000,9999.000,9999.000
202606200830,   0.628,   1.128,9999.000,9999.000,9999.000,9999.000,9999.000,9999.000,9999.000
202606200836,   0.611,   1.151,9999.000,9999.000,9999.000,9999.000,9999.000,9999.000,9999.000
202606200842,   0.595,   1.098,9999.000,9999.000,9999.000,9999.000,9999.000,9999.000,9999.000
202606200848,   0.579,   1.151,9999.000,9999.000,9999.000,9999.000,9999.000,9999.000,9999.000
202606200854,   0.563,   1.151,9999.000,9999.000,9999.000,9999.000,9999.000,9999.000,9999.000
202606200900,   0.547,   1.118,   0.800,  -0.229,   1.118,   0.700,   1.018,   0.900,   1.218
202606200906,   0.531,   1.079,9999.000,9999.000,9999.000,9999.000,9999.000,9999.000,9999.000
202606200912,   0.516,   1.069,9999.000,9999.000,9999.000,9999.000,9999.000,9999.000,9999.000
202606200918,   0.500,   1.059,9999.000,9999.000,9999.000,9999.000,9999.000,9999.000,9999.000
202606200924,   0.485,   1.098,9999.000,9999.000,9999.000,9999.000,9999.000,9999.000,9999.000
202606200930,   0.469,   1.088,9999.000,9999.000,9999.000,9999.000,9999.000,9999.000,9999.000
202606200936,   0.454,   1.069,9999.000,9999.000,9999.000,9999.000,9999.000,9999.000,9999.000
202606200942,   0.440,   1.039,9999.000,9999.000,9999.000,9999.000,9999.000,9999.000,9999.000
202606200948,   0.425,   1.020,9999.000,9999.000,9999.000,9999.000,9999.000,9999.000,9999.000
202606200954,   0.411,   0.990,9999.000,9999.000,9999.000,9999.000,9999.000,9999.000,9999.000
202606201000,   0.397,   0.980,   0.800,  -0.217,   0.980,   0.700,   0.880,   0.900,   1.080
202606201006,   0.383,   0.898,9999.000,9999.000,9999.000,9999.000,9999.000,9999.000,9999.000
202606201012,   0.369,   0.859,9999.000,9999.000,9999.000,9999.000,9999.000,9999.000,9999.000
202606201018,   0.356,   0.869,9999.000,9999.000,9999.000,9999.000,9999.000,9999.000,9999.000
202606201024,   0.343,   0.849,9999.000,9999.000,9999.000,9999.000,9999.000,9999.000,9999.000
202606201030,   0.330,   0.859,9999.000,9999.000,9999.000,9999.000,9999.000,9999.000,9999.000
202606201036,   0.318,   0.849,9999.000,9999.000,9999.000,9999.000,9999.000,9999.000,9999.000
202606201042,   0.306,   0.741,9999.000,9999.000,9999.000,9999.000,9999.000,9999.000,9999.000
202606201048,   0.294,   0.751,9999.000,9999.000,9999.000,9999.000,9999.000,9999.000,9999.000
202606201054,   0.283,   0.790,9999.000,9999.000,9999.000,9999.000,9999.000,9999.000,9999.000
202606201100,   0.272,   0.780,   0.800,  -0.292,   0.780,   0.700,   0.680,   0.900,   0.880
202606201106,   0.261,   0.751,9999.000,9999.000,9999.000,9999.000,9999.000,9999.000,9999.000
202606201112,   0.251,   0.741,9999.000,9999.000,9999.000,9999.000,9999.000,9999.000,9999.000
202606201118,   0.241,   0.741,9999.000,9999.000,9999.000,9999.000,9999.000,9999.000,9999.000
202606201124,   0.232,   0.829,9999.000,9999.000,9999.000,9999.000,9999.000,9999.000,9999.000
202606201130,   0.224,   0.590,9999.000,9999.000,9999.000,9999.000,9999.000,9999.000,9999.000
202606201136,   0.216,   0.698,9999.000,9999.000,9999.000,9999.000,9999.000,9999.000,9999.000
202606201142,   0.209,   0.619,9999.000,9999.000,9999.000,9999.000,9999.000,9999.000,9999.000
202606201148,   0.202,   0.790,9999.000,9999.000,9999.000,9999.000,9999.000,9999.000,9999.000
202606201154,   0.197,   0.780,9999.000,9999.000,9999.000,9999.000,9999.000,9999.000,9999.000
202606201200,   0.192,   0.698,   0.700,  -0.194,   0.698,   0.700,   0.698,   0.800,   0.798
202606201206,   0.188,   0.731,9999.000,9999.000,9999.000,9999.000,9999.000,9999.000,9999.000
202606201212,   0.184,   0.741,9999.000,9999.000,9999.000,9999.000,9999.000,9999.000,9999.000
202606201218,   0.182,   0.770,9999.000,9999.000,9999.000,9999.000,9999.000,9999.000,9999.000
202606201224,   0.181,   0.810,9999.000,9999.000,9999.000,9999.000,9999.000,9999.000,9999.000
202606201230,   0.180,   0.629,9999.000,9999.000,9999.000,9999.000,9999.000,9999.000,9999.000
202606201236,   0.181,   0.731,9999.000,9999.000,9999.000,9999.000,9999.000,9999.000,9999.000
202606201242,   0.182,   0.760,9999.000,9999.000,9999.000,9999.000,9999.000,9999.000,9999.000
202606201248,   0.184,   0.790,9999.000,9999.000,9999.000,9999.000,9999.000,9999.000,9999.000
202606201254,   0.188,   0.839,9999.000,9999.000,9999.000,9999.000,9999.000,9999.000,9999.000
202606201300,   0.192,   0.780,   0.700,  -0.112,   0.780,   0.700,   0.780,   0.800,   0.880
202606201306,   0.197,   0.780,9999.000,9999.000,9999.000,9999.000,9999.000,9999.000,9999.000
202606201312,   0.203,   0.800,9999.000,9999.000,9999.000,9999.000,9999.000,9999.000,9999.000
202606201318,   0.210,   0.849,9999.000,9999.000,9999.000,9999.000,9999.000,9999.000,9999.000
202606201324,   0.217,   0.879,9999.000,9999.000,9999.000,9999.000,9999.000,9999.000,9999.000
202606201330,   0.226,   0.869,9999.000,9999.000,9999.000,9999.000,9999.000,9999.000,9999.000
202606201336,   0.235,   0.879,9999.000,9999.000,9999.000,9999.000,9999.000,9999.000,9999.000
202606201342,   0.245,   0.859,9999.000,9999.000,9999.000,9999.000,9999.000,9999.000,9999.000
202606201348,   0.256,   0.908,9999.000,9999.000,9999.000,9999.000,9999.000,9999.000,9999.000
202606201354,   0.267,   0.951,9999.000,9999.000,9999.000,9999.000,9999.000,9999.000,9999.000
202606201400,   0.279,   0.970,   0.700,  -0.009,   0.970,   0.600,   0.870,   0.800,   1.070
202606201406,   0.292,   1.010,9999.000,9999.000,9999.000,9999.000,9999.000,9999.000,9999.000
202606201412,   0.306,   0.951,9999.000,9999.000,9999.000,9999.000,9999.000,9999.000,9999.000
202606201418,   0.320,   0.980,9999.000,9999.000,9999.000,9999.000,9999.000,9999.000,9999.000
202606201424,   0.335,   0.980,9999.000,9999.000,9999.000,9999.000,9999.000,9999.000,9999.000
202606201430,   0.350,   0.990,9999.000,9999.000,9999.000,9999.000,9999.000,9999.000,9999.000
202606201436,   0.366,   1.029,9999.000,9999.000,9999.000,9999.000,9999.000,9999.000,9999.000
202606201442,   0.383,   1.049,9999.000,9999.000,9999.000,9999.000,9999.000,9999.000,9999.000
202606201448,   0.401,   1.059,9999.000,9999.000,9999.000,9999.000,9999.000,9999.000,9999.000
202606201454,   0.419,   1.069,9999.000,9999.000,9999.000,9999.000,9999.000,9999.000,9999.000
202606201500,   0.437,   1.108,   0.700,  -0.029,   1.108,   0.600,   1.008,   0.800,   1.208
202606201506,   0.457,   1.098,9999.000,9999.000,9999.000,9999.000,9999.000,9999.000,9999.000
202606201512,   0.477,   1.151,9999.000,9999.000,9999.000,9999.000,9999.000,9999.000,9999.000
202606201518,   0.497,   1.210,9999.000,9999.000,9999.000,9999.000,9999.000,9999.000,9999.000
202606201524,   0.518,   1.269,9999.000,9999.000,9999.000,9999.000,9999.000,9999.000,9999.000
202606201530,   0.540,   1.289,9999.000,9999.000,9999.000,9999.000,9999.000,9999.000,9999.000
202606201536,   0.562,   1.348,9999.000,9999.000,9999.000,9999.000,9999.000,9999.000,9999.000
202606201542,   0.584,   1.328,9999.000,9999.000,9999.000,9999.000,9999.000,9999.000,9999.000
202606201548,   0.607,   1.390,9999.000,9999.000,9999.000,9999.000,9999.000,9999.000,9999.000
202606201554,   0.630,   1.410,9999.000,9999.000,9999.000,9999.000,9999.000,9999.000,9999.000
202606201600,   0.653,   1.430,   0.700,   0.077,   1.430,   0.600,   1.330,   0.800,   1.530
202606201606,   0.677,   1.400,9999.000,9999.000,9999.000,9999.000,9999.000,9999.000,9999.000
202606201612,   0.701,   1.400,9999.000,9999.000,9999.000,9999.000,9999.000,9999.000,9999.000
202606201618,   0.724,   1.498,9999.000,9999.000,9999.000,9999.000,9999.000,9999.000,9999.000
202606201624,   0.748,   1.479,9999.000,9999.000,9999.000,9999.000,9999.000,9999.000,9999.000
202606201630,   0.772,   1.459,9999.000,9999.000,9999.000,9999.000,9999.000,9999.000,9999.000
202606201636,   0.795,   1.528,9999.000,9999.000,9999.000,9999.000,9999.000,9999.000,9999.000
202606201642,   0.819,   1.571,9999.000,9999.000,9999.000,9999.000,9999.000,9999.000,9999.000
202606201648,   0.842,   1.659,9999.000,9999.000,9999.000,9999.000,9999.000,9999.000,9999.000
202606201654,   0.865,   1.610,9999.000,9999.000,9999.000,9999.000,9999.000,9999.000,9999.000
202606201700,   0.887,   1.639,   0.700,   0.052,   1.639,   0.600,   1.539,   0.800,   1.739
202606201706,   0.909,   1.699,9999.000,9999.000,9999.000,9999.000,9999.000,9999.000,9999.000
202606201712,   0.931,   1.738,9999.000,9999.000,9999.000,9999.000,9999.000,9999.000,9999.000
202606201718,   0.952,   1.738,9999.000,9999.000,9999.000,9999.000,9999.000,9999.000,9999.000
202606201724,   0.973,   1.767,9999.000,9999.000,9999.000,9999.000,9999.000,9999.000,9999.000
202606201730,   0.993,   1.800,9999.000,9999.000,9999.000,9999.000,9999.000,9999.000,9999.000
202606201736,   1.013,   1.800,9999.000,9999.000,9999.000,9999.000,9999.000,9999.000,9999.000
202606201742,   1.032,   1.859,9999.000,9999.000,9999.000,9999.000,9999.000,9999.000,9999.000
202606201748,   1.051,   1.767,9999.000,9999.000,9999.000,9999.000,9999.000,9999.000,9999.000
202606201754,   1.069,   1.820,9999.000,9999.000,9999.000,9999.000,9999.000,9999.000,9999.000
202606201800,   1.087,   1.810,   0.800,  -0.077,   1.810,   0.700,   1.710,   0.800,   1.810
202606201806,   1.104,   1.820,9999.000,9999.000,9999.000,9999.000,9999.000,9999.000,9999.000
202606201812,   1.121,   1.781,9999.000,9999.000,9999.000,9999.000,9999.000,9999.000,9999.000
202606201818,   1.137,   1.790,9999.000,9999.000,9999.000,9999.000,9999.000,9999.000,9999.000
202606201824,   1.153,   1.820,9999.000,9999.000,9999.000,9999.000,9999.000,9999.000,9999.000
202606201830,   1.168,   1.840,9999.000,9999.000,9999.000,9999.000,9999.000,9999.000,9999.000
202606201836,   1.182,   1.840,9999.000,9999.000,9999.000,9999.000,9999.000,9999.000,9999.000
202606201842,   1.197,   1.820,9999.000,9999.000,9999.000,9999.000,9999.000,9999.000,9999.000
202606201848,   1.210,   1.849,9999.000,9999.000,9999.000,9999.000,9999.000,9999.000,9999.000
202606201854,   1.224,   1.869,9999.000,9999.000,9999.000,9999.000,9999.000,9999.000,9999.000
202606201900,   1.236,   1.928,   0.800,  -0.108,   1.928,   0.700,   1.828,   0.800,   1.928
202606201906,   1.249,   1.908,9999.000,9999.000,9999.000,9999.000,9999.000,9999.000,9999.000
202606201912,   1.260,   1.899,9999.000,9999.000,9999.000,9999.000,9999.000,9999.000,9999.000
202606201918,   1.271,   1.908,9999.000,9999.000,9999.000,9999.000,9999.000,9999.000,9999.000
202606201924,   1.282,   1.889,9999.000,9999.000,9999.000,9999.000,9999.000,9999.000,9999.000
202606201930,   1.291,   1.859,9999.000,9999.000,9999.000,9999.000,9999.000,9999.000,9999.000
202606201936,   1.300,   1.879,9999.000,9999.000,9999.000,9999.000,9999.000,9999.000,9999.000
202606201942,   1.309,   1.859,9999.000,9999.000,9999.000,9999.000,9999.000,9999.000,9999.000
202606201948,   1.317,   1.918,9999.000,9999.000,9999.000,9999.000,9999.000,9999.000,9999.000
202606201954,   1.324,   1.908,9999.000,9999.000,9999.000,9999.000,9999.000,9999.000,9999.000
202606202000,   1.330,   1.899,   0.800,  -0.231,   1.899,   0.700,   1.799,   0.800,   1.899
202606202006,   1.335,   1.879,9999.000,9999.000,9999.000,9999.000,9999.000,9999.000,9999.000
202606202012,   1.340,   1.879,9999.000,9999.000,9999.000,9999.000,9999.000,9999.000,9999.000
202606202018,   1.344,   1.899,9999.000,9999.000,9999.000,9999.000,9999.000,9999.000,9999.000
202606202024,   1.347,   1.899,9999.000,9999.000,9999.000,9999.000,9999.000,9999.000,9999.000
202606202030,   1.350,   1.879,9999.000,9999.000,9999.000,9999.000,9999.000,9999.000,9999.000
202606202036,   1.352,   1.869,9999.000,9999.000,9999.000,9999.000,9999.000,9999.000,9999.000
202606202042,   1.353,   1.859,9999.000,9999.000,9999.000,9999.000,9999.000,9999.000,9999.000
202606202048,   1.353,   1.889,9999.000,9999.000,9999.000,9999.000,9999.000,9999.000,9999.000
202606202054,   1.353,   1.879,9999.000,9999.000,9999.000,9999.000,9999.000,9999.000,9999.000
202606202100,   1.352,   1.781,   0.800,  -0.371,   1.781,   0.700,   1.681,   0.800,   1.781
202606202106,   1.350,   1.748,9999.000,9999.000,9999.000,9999.000,9999.000,9999.000,9999.000
202606202112,   1.348,   1.758,9999.000,9999.000,9999.000,9999.000,9999.000,9999.000,9999.000
202606202118,   1.346,   1.800,9999.000,9999.000,9999.000,9999.000,9999.000,9999.000,9999.000
202606202124,   1.343,   1.800,9999.000,9999.000,9999.000,9999.000,9999.000,9999.000,9999.000
202606202130,   1.339,   1.781,9999.000,9999.000,9999.000,9999.000,9999.000,9999.000,9999.000
202606202136,   1.335,   1.689,9999.000,9999.000,9999.000,9999.000,9999.000,9999.000,9999.000
202606202142,   1.331,   1.699,9999.000,9999.000,9999.000,9999.000,9999.000,9999.000,9999.000
202606202148,   1.326,   1.699,9999.000,9999.000,9999.000,9999.000,9999.000,9999.000,9999.000
202606202154,   1.320,   1.738,9999.000,9999.000,9999.000,9999.000,9999.000,9999.000,9999.000
202606202200,   1.315,   1.748,   0.700,  -0.267,   1.748,   0.700,   1.748,   0.800,   1.848
202606202206,   1.309,   1.649,9999.000,9999.000,9999.000,9999.000,9999.000,9999.000,9999.000
202606202212,   1.302,   1.580,9999.000,9999.000,9999.000,9999.000,9999.000,9999.000,9999.000
202606202218,   1.295,   1.580,9999.000,9999.000,9999.000,9999.000,9999.000,9999.000,9999.000
202606202224,   1.288,   1.639,9999.000,9999.000,9999.000,9999.000,9999.000,9999.000,9999.000
202606202230,   1.281,   1.528,9999.000,9999.000,9999.000,9999.000,9999.000,9999.000,9999.000
202606202236,   1.273,   1.469,9999.000,9999.000,9999.000,9999.000,9999.000,9999.000,9999.000
202606202242,   1.264,   1.308,9999.000,9999.000,9999.000,9999.000,9999.000,9999.000,9999.000
202606202248,   1.256,   1.200,9999.000,9999.000,9999.000,9999.000,9999.000,9999.000,9999.000
202606202254,   1.247,   1.318,9999.000,9999.000,9999.000,9999.000,9999.000,9999.000,9999.000
202606202300,   1.237,   1.269,   0.700,  -0.668,   1.269,   0.700,   1.269,   0.800,   1.369
202606202306,   1.228,   1.318,9999.000,9999.000,9999.000,9999.000,9999.000,9999.000,9999.000
202606202312,   1.218,   1.318,9999.000,9999.000,9999.000,9999.000,9999.000,9999.000,9999.000
202606202318,   1.207,   1.220,9999.000,9999.000,9999.000,9999.000,9999.000,9999.000,9999.000
202606202324,   1.197,   1.190,9999.000,9999.000,9999.000,9999.000,9999.000,9999.000,9999.000
202606202330,   1.186,   1.200,9999.000,9999.000,9999.000,9999.000,9999.000,9999.000,9999.000
202606202336,   1.175,   1.269,9999.000,9999.000,9999.000,9999.000,9999.000,9999.000,9999.000
202606202342,   1.163,   1.371,9999.000,9999.000,9999.000,9999.000,9999.000,9999.000,9999.000
202606202348,   1.152,   1.420,9999.000,9999.000,9999.000,9999.000,9999.000,9999.000,9999.000
202606202354,   1.140,   1.361,9999.000,9999.000,9999.000,9999.000,9999.000,9999.000,9999.000
202606210000,   1.129,   1.410,   0.800,  -0.519,   1.410,   0.700,   1.310,   0.800,   1.410
202606210006,   1.117,   1.449,9999.000,9999.000,9999.000,9999.000,9999.000,9999.000,9999.000
202606210012,   1.106,   1.498,9999.000,9999.000,9999.000,9999.000,9999.000,9999.000,9999.000
202606210018,   1.094,   1.538,9999.000,9999.000,9999.000,9999.000,9999.000,9999.000,9999.000
202606210024,   1.083,   1.479,9999.000,9999.000,9999.000,9999.000,9999.000,9999.000,9999.000
202606210030,   1.072,   1.449,9999.000,9999.000,9999.000,9999.000,9999.000,9999.000,9999.000
202606210036,   1.061,   1.439,9999.000,9999.000,9999.000,9999.000,9999.000,9999.000,9999.000
202606210042,   1.050,   1.430,9999.000,9999.000,9999.000,9999.000,9999.000,9999.000,9999.000
202606210048,   1.040,   1.410,9999.000,9999.000,9999.000,9999.000,9999.000,9999.000,9999.000
202606210054,   1.030,   1.400,9999.000,9999.000,9999.000,9999.000,9999.000,9999.000,9999.000
202606210100,   1.020,   1.371,   0.800,  -0.449,   1.371,   0.700,   1.271,   0.800,   1.371
202606210106,   1.011,   1.328,9999.000,9999.000,9999.000,9999.000,9999.000,9999.000,9999.000
202606210112,   1.002,   1.289,9999.000,9999.000,9999.000,9999.000,9999.000,9999.000,9999.000
202606210118,   0.994,   1.259,9999.000,9999.000,9999.000,9999.000,9999.000,9999.000,9999.000
202606210124,   0.986,   1.259,9999.000,9999.000,9999.000,9999.000,9999.000,9999.000,9999.000
202606210130,   0.978,   1.249,9999.000,9999.000,9999.000,9999.000,9999.000,9999.000,9999.000
202606210136,   0.971,   1.259,9999.000,9999.000,9999.000,9999.000,9999.000,9999.000,9999.000
202606210142,   0.964,   1.259,9999.000,9999.000,9999.000,9999.000,9999.000,9999.000,9999.000
202606210148,   0.958,   1.279,9999.000,9999.000,9999.000,9999.000,9999.000,9999.000,9999.000
202606210154,   0.952,   1.279,9999.000,9999.000,9999.000,9999.000,9999.000,9999.000,9999.000
202606210200,   0.946,   1.259,   0.800,  -0.487,   1.259,   0.700,   1.159,   0.800,   1.259
202606210206,   0.941,   1.239,9999.000,9999.000,9999.000,9999.000,9999.000,9999.000,9999.000
202606210212,   0.936,   1.200,9999.000,9999.000,9999.000,9999.000,9999.000,9999.000,9999.000
202606210218,   0.932,   1.108,9999.000,9999.000,9999.000,9999.000,9999.000,9999.000,9999.000
202606210224,   0.928,   1.069,9999.000,9999.000,9999.000,9999.000,9999.000,9999.000,9999.000
202606210230,   0.924,   1.069,9999.000,9999.000,9999.000,9999.000,9999.000,9999.000,9999.000
202606210236,   0.920,   1.098,9999.000,9999.000,9999.000,9999.000,9999.000,9999.000,9999.000
202606210242,   0.917,   1.098,9999.000,9999.000,9999.000,9999.000,9999.000,9999.000,9999.000
202606210248,   0.914,   1.049,9999.000,9999.000,9999.000,9999.000,9999.000,9999.000,9999.000
202606210254,   0.912,   1.049,9999.000,9999.000,9999.000,9999.000,9999.000,9999.000,9999.000
202606210300,   0.910,   1.059,   0.700,  -0.551,   1.059,   0.700,   1.059,   0.800,   1.159
202606210306,   0.908,   1.049,9999.000,9999.000,9999.000,9999.000,9999.000,9999.000,9999.000
202606210312,   0.906,   1.088,9999.000,9999.000,9999.000,9999.000,9999.000,9999.000,9999.000
202606210318,   0.905,   1.138,9999.000,9999.000,9999.000,9999.000,9999.000,9999.000,9999.000
202606210324,   0.905,   1.180,9999.000,9999.000,9999.000,9999.000,9999.000,9999.000,9999.000
202606210330,   0.904,   1.249,9999.000,9999.000,9999.000,9999.000,9999.000,9999.000,9999.000
202606210336,   0.904,   1.239,9999.000,9999.000,9999.000,9999.000,9999.000,9999.000,9999.000
202606210342,   0.904,   1.308,9999.000,9999.000,9999.000,9999.000,9999.000,9999.000,9999.000
202606210348,   0.905,   1.289,9999.000,9999.000,9999.000,9999.000,9999.000,9999.000,9999.000
202606210354,   0.906,   1.298,9999.000,9999.000,9999.000,9999.000,9999.000,9999.000,9999.000
202606210400,   0.907,   1.269,   0.700,  -0.338,   1.269,   0.700,   1.269,   0.800,   1.369
202606210406,   0.908,   1.289,9999.000,9999.000,9999.000,9999.000,9999.000,9999.000,9999.000
202606210412,   0.910,   1.269,9999.000,9999.000,9999.000,9999.000,9999.000,9999.000,9999.000
202606210418,   0.912,   1.239,9999.000,9999.000,9999.000,9999.000,9999.000,9999.000,9999.000
202606210424,   0.914,   1.229,9999.000,9999.000,9999.000,9999.000,9999.000,9999.000,9999.000
202606210430,   0.916,   1.249,9999.000,9999.000,9999.000,9999.000,9999.000,9999.000,9999.000
202606210436,   0.918,   1.239,9999.000,9999.000,9999.000,9999.000,9999.000,9999.000,9999.000
202606210442,   0.920,   1.269,9999.000,9999.000,9999.000,9999.000,9999.000,9999.000,9999.000
202606210448,   0.922,   1.259,9999.000,9999.000,9999.000,9999.000,9999.000,9999.000,9999.000
202606210454,   0.925,   1.298,9999.000,9999.000,9999.000,9999.000,9999.000,9999.000,9999.000
202606210500,   0.927,   1.338,   0.700,  -0.289,   1.338,   0.700,   1.338,   0.800,   1.438
202606210506,   0.928,   1.239,9999.000,9999.000,9999.000,9999.000,9999.000,9999.000,9999.000
202606210512,   0.930,   1.298,9999.000,9999.000,9999.000,9999.000,9999.000,9999.000,9999.000
202606210518,   0.932,   1.308,9999.000,9999.000,9999.000,9999.000,9999.000,9999.000,9999.000
202606210524,   0.933,   1.348,9999.000,9999.000,9999.000,9999.000,9999.000,9999.000,9999.000
202606210530,   0.934,   1.380,9999.000,9999.000,9999.000,9999.000,9999.000,9999.000,9999.000
202606210536,   0.935,   1.279,9999.000,9999.000,9999.000,9999.000,9999.000,9999.000,9999.000
202606210542,   0.935,   1.289,9999.000,9999.000,9999.000,9999.000,9999.000,9999.000,9999.000
202606210548,   0.936,   1.229,9999.000,9999.000,9999.000,9999.000,9999.000,9999.000,9999.000
202606210554,   0.936,   1.289,9999.000,9999.000,9999.000,9999.000,9999.000,9999.000,9999.000
202606210600,   0.935,   1.279,   0.700,  -0.356,   1.279,   0.600,   1.179,   0.700,   1.279
202606210606,   0.935,   1.279,9999.000,9999.000,9999.000,9999.000,9999.000,9999.000,9999.000
202606210612,   0.934,   1.269,9999.000,9999.000,9999.000,9999.000,9999.000,9999.000,9999.000
202606210618,   0.933,   1.279,9999.000,9999.000,9999.000,9999.000,9999.000,9999.000,9999.000
202606210624,   0.932,   1.308,9999.000,9999.000,9999.000,9999.000,9999.000,9999.000,9999.000
202606210630,   0.931,   1.328,9999.000,9999.000,9999.000,9999.000,9999.000,9999.000,9999.000
202606210636,   0.929,   1.318,9999.000,9999.000,9999.000,9999.000,9999.000,9999.000,9999.000
202606210642,   0.927,   1.380,9999.000,9999.000,9999.000,9999.000,9999.000,9999.000,9999.000
202606210648,   0.925,   1.371,9999.000,9999.000,9999.000,9999.000,9999.000,9999.000,9999.000
202606210654,   0.923,   1.400,9999.000,9999.000,9999.000,9999.000,9999.000,9999.000,9999.000
202606210700,   0.921,   1.420,   0.700,  -0.201,   1.420,   0.600,   1.320,   0.700,   1.420
202606210706,   0.918,   1.420,9999.000,9999.000,9999.000,9999.000,9999.000,9999.000,9999.000
202606210712,   0.915,   1.449,9999.000,9999.000,9999.000,9999.000,9999.000,9999.000,9999.000
202606210718,   0.913,   1.439,9999.000,9999.000,9999.000,9999.000,9999.000,9999.000,9999.000
202606210724,   0.909,   1.400,9999.000,9999.000,9999.000,9999.000,9999.000,9999.000,9999.000
202606210730,   0.906,   1.420,9999.000,9999.000,9999.000,9999.000,9999.000,9999.000,9999.000
202606210736,   0.903,   1.410,9999.000,9999.000,9999.000,9999.000,9999.000,9999.000,9999.000
202606210742,   0.899,   1.400,9999.000,9999.000,9999.000,9999.000,9999.000,9999.000,9999.000
202606210748,   0.895,   1.410,9999.000,9999.000,9999.000,9999.000,9999.000,9999.000,9999.000
202606210754,   0.890,   1.380,9999.000,9999.000,9999.000,9999.000,9999.000,9999.000,9999.000
202606210800,   0.886,   1.410,   0.700,  -0.176,   1.410,   0.700,   1.410,   0.700,   1.410
202606210806,   0.881,   1.400,9999.000,9999.000,9999.000,9999.000,9999.000,9999.000,9999.000
202606210812,   0.875,   1.390,9999.000,9999.000,9999.000,9999.000,9999.000,9999.000,9999.000
202606210818,   0.870,   1.390,9999.000,9999.000,9999.000,9999.000,9999.000,9999.000,9999.000
202606210824,   0.863,   1.390,9999.000,9999.000,9999.000,9999.000,9999.000,9999.000,9999.000
202606210830,   0.857,   1.410,9999.000,9999.000,9999.000,9999.000,9999.000,9999.000,9999.000
202606210836,   0.850,   1.318,9999.000,9999.000,9999.000,9999.000,9999.000,9999.000,9999.000
202606210842,   0.843,   1.380,9999.000,9999.000,9999.000,9999.000,9999.000,9999.000,9999.000
202606210848,   0.835,   1.338,9999.000,9999.000,9999.000,9999.000,9999.000,9999.000,9999.000
202606210854,   0.827,   1.430,9999.000,9999.000,9999.000,9999.000,9999.000,9999.000,9999.000
202606210900,   0.819,   1.328,   0.700,  -0.191,   1.328,   0.700,   1.328,   0.700,   1.328
202606210906,   0.810,   1.348,9999.000,9999.000,9999.000,9999.000,9999.000,9999.000,9999.000
202606210912,   0.801,   1.269,9999.000,9999.000,9999.000,9999.000,9999.000,9999.000,9999.000
202606210918,   0.792,   1.338,9999.000,9999.000,9999.000,9999.000,9999.000,9999.000,9999.000
202606210924,   0.783,   1.371,9999.000,9999.000,9999.000,9999.000,9999.000,9999.000,9999.000
202606210930,   0.774,   1.269,9999.000,9999.000,9999.000,9999.000,9999.000,9999.000,9999.000
202606210936,   0.764,   1.279,9999.000,9999.000,9999.000,9999.000,9999.000,9999.000,9999.000
202606210942,   0.755,   1.269,9999.000,9999.000,9999.000,9999.000,9999.000,9999.000,9999.000
202606210948,   0.745,   1.308,9999.000,9999.000,9999.000,9999.000,9999.000,9999.000,9999.000
202606210954,   0.735,   1.318,9999.000,9999.000,9999.000,9999.000,9999.000,9999.000,9999.000
202606211000,   0.726,   1.318,   0.700,  -0.108,   1.318,   0.700,   1.318,   0.800,   1.418
202606211006,   0.716,   1.420,9999.000,9999.000,9999.000,9999.000,9999.000,9999.000,9999.000
202606211012,   0.707,   1.249,9999.000,9999.000,9999.000,9999.000,9999.000,9999.000,9999.000
202606211018,   0.697,   1.229,9999.000,9999.000,9999.000,9999.000,9999.000,9999.000,9999.000
202606211024,   0.688,   1.239,9999.000,9999.000,9999.000,9999.000,9999.000,9999.000,9999.000
202606211030,   0.679,   1.318,9999.000,9999.000,9999.000,9999.000,9999.000,9999.000,9999.000
202606211036,   0.670,   1.298,9999.000,9999.000,9999.000,9999.000,9999.000,9999.000,9999.000
202606211042,   0.660,   1.180,9999.000,9999.000,9999.000,9999.000,9999.000,9999.000,9999.000
202606211048,   0.652,   1.128,9999.000,9999.000,9999.000,9999.000,9999.000,9999.000,9999.000
202606211054,   0.643,   1.210,9999.000,9999.000,9999.000,9999.000,9999.000,9999.000,9999.000
202606211100,   0.634,   1.059,   0.700,  -0.275,   1.059,   0.700,   1.059,   0.800,   1.159
202606211106,   0.625,   1.200,9999.000,9999.000,9999.000,9999.000,9999.000,9999.000,9999.000
202606211112,   0.617,   1.239,9999.000,9999.000,9999.000,9999.000,9999.000,9999.000,9999.000
202606211118,   0.608,   1.289,9999.000,9999.000,9999.000,9999.000,9999.000,9999.000,9999.000
202606211124,   0.599,   1.328,9999.000,9999.000,9999.000,9999.000,9999.000,9999.000,9999.000
202606211130,   0.591,   1.400,9999.000,9999.000,9999.000,9999.000,9999.000,9999.000,9999.000
202606211136,   0.583,   1.430,9999.000,9999.000,9999.000,9999.000,9999.000,9999.000,9999.000
202606211142,   0.574,   1.538,9999.000,9999.000,9999.000,9999.000,9999.000,9999.000,9999.000
202606211148,   0.566,   1.338,9999.000,9999.000,9999.000,9999.000,9999.000,9999.000,9999.000
202606211154,   0.558,   1.380,9999.000,9999.000,9999.000,9999.000,9999.000,9999.000,9999.000
202606211200,   0.550,   1.380,   0.800,   0.030,   1.380,   0.700,   1.280,   0.800,   1.380
202606211206,   0.543,9999.000,9999.000,9999.000,9999.000,9999.000,9999.000,9999.000,9999.000
202606211212,   0.535,9999.000,9999.000,9999.000,9999.000,9999.000,9999.000,9999.000,9999.000
202606211218,   0.528,9999.000,9999.000,9999.000,9999.000,9999.000,9999.000,9999.000,9999.000
202606211224,   0.521,9999.000,9999.000,9999.000,9999.000,9999.000,9999.000,9999.000,9999.000
202606211230,   0.515,9999.000,9999.000,9999.000,9999.000,9999.000,9999.000,9999.000,9999.000
202606211236,   0.509,9999.000,9999.000,9999.000,9999.000,9999.000,9999.000,9999.000,9999.000
202606211242,   0.503,9999.000,9999.000,9999.000,9999.000,9999.000,9999.000,9999.000,9999.000
202606211248,   0.498,9999.000,9999.000,9999.000,9999.000,9999.000,9999.000,9999.000,9999.000
202606211254,   0.494,9999.000,9999.000,9999.000,9999.000,9999.000,9999.000,9999.000,9999.000
202606211300,   0.490,9999.000,   0.800,   0.016,   1.306,   0.700,   1.206,   0.900,   1.406
202606211306,   0.487,9999.000,9999.000,9999.000,9999.000,9999.000,9999.000,9999.000,9999.000
202606211312,   0.484,9999.000,9999.000,9999.000,9999.000,9999.000,9999.000,9999.000,9999.000
202606211318,   0.483,9999.000,9999.000,9999.000,9999.000,9999.000,9999.000,9999.000,9999.000
202606211324,   0.482,9999.000,9999.000,9999.000,9999.000,9999.000,9999.000,9999.000,9999.000
202606211330,   0.482,9999.000,9999.000,9999.000,9999.000,9999.000,9999.000,9999.000,9999.000
202606211336,   0.482,9999.000,9999.000,9999.000,9999.000,9999.000,9999.000,9999.000,9999.000
202606211342,   0.484,9999.000,9999.000,9999.000,9999.000,9999.000,9999.000,9999.000,9999.000
202606211348,   0.486,9999.000,9999.000,9999.000,9999.000,9999.000,9999.000,9999.000,9999.000
202606211354,   0.489,9999.000,9999.000,9999.000,9999.000,9999.000,9999.000,9999.000,9999.000
202606211400,   0.493,9999.000,   0.800,   0.002,   1.295,   0.700,   1.195,   1.000,   1.495
202606211406,   0.497,9999.000,9999.000,9999.000,9999.000,9999.000,9999.000,9999.000,9999.000
202606211412,   0.503,9999.000,9999.000,9999.000,9999.000,9999.000,9999.000,9999.000,9999.000
202606211418,   0.509,9999.000,9999.000,9999.000,9999.000,9999.000,9999.000,9999.000,9999.000
202606211424,   0.516,9999.000,9999.000,9999.000,9999.000,9999.000,9999.000,9999.000,9999.000
202606211430,   0.523,9999.000,9999.000,9999.000,9999.000,9999.000,9999.000,9999.000,9999.000
202606211436,   0.532,9999.000,9999.000,9999.000,9999.000,9999.000,9999.000,9999.000,9999.000
202606211442,   0.540,9999.000,9999.000,9999.000,9999.000,9999.000,9999.000,9999.000,9999.000
202606211448,   0.550,9999.000,9999.000,9999.000,9999.000,9999.000,9999.000,9999.000,9999.000
202606211454,   0.560,9999.000,9999.000,9999.000,9999.000,9999.000,9999.000,9999.000,9999.000
202606211500,   0.570,9999.000,   0.900,  -0.012,   1.458,   0.800,   1.358,   1.000,   1.558
202606211506,   0.581,9999.000,9999.000,9999.000,9999.000,9999.000,9999.000,9999.000,9999.000
202606211512,   0.593,9999.000,9999.000,9999.000,9999.000,9999.000,9999.000,9999.000,9999.000
202606211518,   0.605,9999.000,9999.000,9999.000,9999.000,9999.000,9999.000,9999.000,9999.000
202606211524,   0.618,9999.000,9999.000,9999.000,9999.000,9999.000,9999.000,9999.000,9999.000
202606211530,   0.631,9999.000,9999.000,9999.000,9999.000,9999.000,9999.000,9999.000,9999.000
202606211536,   0.644,9999.000,9999.000,9999.000,9999.000,9999.000,9999.000,9999.000,9999.000
202606211542,   0.658,9999.000,9999.000,9999.000,9999.000,9999.000,9999.000,9999.000,9999.000
202606211548,   0.672,9999.000,9999.000,9999.000,9999.000,9999.000,9999.000,9999.000,9999.000
202606211554,   0.687,9999.000,9999.000,9999.000,9999.000,9999.000,9999.000,9999.000,9999.000
202606211600,   0.702,9999.000,   0.900,  -0.026,   1.576,   0.800,   1.476,   1.000,   1.676
202606211606,   0.717,9999.000,9999.000,9999.000,9999.000,9999.000,9999.000,9999.000,9999.000
202606211612,   0.733,9999.000,9999.000,9999.000,9999.000,9999.000,9999.000,9999.000,9999.000
202606211618,   0.749,9999.000,9999.000,9999.000,9999.000,9999.000,9999.000,9999.000,9999.000
202606211624,   0.765,9999.000,9999.000,9999.000,9999.000,9999.000,9999.000,9999.000,9999.000
202606211630,   0.782,9999.000,9999.000,9999.000,9999.000,9999.000,9999.000,9999.000,9999.000
202606211636,   0.799,9999.000,9999.000,9999.000,9999.000,9999.000,9999.000,9999.000,9999.000
202606211642,   0.816,9999.000,9999.000,9999.000,9999.000,9999.000,9999.000,9999.000,9999.000
202606211648,   0.833,9999.000,9999.000,9999.000,9999.000,9999.000,9999.000,9999.000,9999.000
202606211654,   0.850,9999.000,9999.000,9999.000,9999.000,9999.000,9999.000,9999.000,9999.000
202606211700,   0.867,9999.000,   0.900,  -0.040,   1.727,   0.800,   1.627,   1.100,   1.927
202606211706,   0.884,9999.000,9999.000,9999.000,9999.000,9999.000,9999.000,9999.000,9999.000
202606211712,   0.901,9999.000,9999.000,9999.000,9999.000,9999.000,9999.000,9999.000,9999.000
202606211718,   0.918,9999.000,9999.000,9999.000,9999.000,9999.000,9999.000,9999.000,9999.000
202606211724,   0.934,9999.000,9999.000,9999.000,9999.000,9999.000,9999.000,9999.000,9999.000
202606211730,   0.951,9999.000,9999.000,9999.000,9999.000,9999.000,9999.000,9999.000,9999.000
202606211736,   0.967,9999.000,9999.000,9999.000,9999.000,9999.000,9999.000,9999.000,9999.000
202606211742,   0.983,9999.000,9999.000,9999.000,9999.000,9999.000,9999.000,9999.000,9999.000
202606211748,   0.998,9999.000,9999.000,9999.000,9999.000,9999.000,9999.000,9999.000,9999.000
202606211754,   1.014,9999.000,9999.000,9999.000,9999.000,9999.000,9999.000,9999.000,9999.000
202606211800,   1.029,9999.000,   1.000,  -0.054,   1.975,   0.800,   1.775,   1.100,   2.075
202606211806,   1.043,9999.000,9999.000,9999.000,9999.000,9999.000,9999.000,9999.000,9999.000
202606211812,   1.057,9999.000,9999.000,9999.000,9999.000,9999.000,9999.000,9999.000,9999.000
202606211818,   1.071,9999.000,9999.000,9999.000,9999.000,9999.000,9999.000,9999.000,9999.000
202606211824,   1.084,9999.000,9999.000,9999.000,9999.000,9999.000,9999.000,9999.000,9999.000
202606211830,   1.097,9999.000,9999.000,9999.000,9999.000,9999.000,9999.000,9999.000,9999.000
202606211836,   1.109,9999.000,9999.000,9999.000,9999.000,9999.000,9999.000,9999.000,9999.000
202606211842,   1.121,9999.000,9999.000,9999.000,9999.000,9999.000,9999.000,9999.000,9999.000
202606211848,   1.132,9999.000,9999.000,9999.000,9999.000,9999.000,9999.000,9999.000,9999.000
202606211854,   1.143,9999.000,9999.000,9999.000,9999.000,9999.000,9999.000,9999.000,9999.000
202606211900,   1.154,9999.000,   1.000,  -0.068,   2.086,   0.900,   1.986,   1.100,   2.186
202606211906,   1.164,9999.000,9999.000,9999.000,9999.000,9999.000,9999.000,9999.000,9999.000
202606211912,   1.173,9999.000,9999.000,9999.000,9999.000,9999.000,9999.000,9999.000,9999.000
202606211918,   1.182,9999.000,9999.000,9999.000,9999.000,9999.000,9999.000,9999.000,9999.000
202606211924,   1.191,9999.000,9999.000,9999.000,9999.000,9999.000,9999.000,9999.000,9999.000
202606211930,   1.199,9999.000,9999.000,9999.000,9999.000,9999.000,9999.000,9999.000,9999.000
202606211936,   1.207,9999.000,9999.000,9999.000,9999.000,9999.000,9999.000,9999.000,9999.000
202606211942,   1.214,9999.000,9999.000,9999.000,9999.000,9999.000,9999.000,9999.000,9999.000
202606211948,   1.220,9999.000,9999.000,9999.000,9999.000,9999.000,9999.000,9999.000,9999.000
202606211954,   1.226,9999.000,9999.000,9999.000,9999.000,9999.000,9999.000,9999.000,9999.000
202606212000,   1.231,9999.000,   1.000,  -0.082,   2.149,   0.900,   2.049,   1.100,   2.249
202606212006,   1.235,9999.000,9999.000,9999.000,9999.000,9999.000,9999.000,9999.000,9999.000
202606212012,   1.239,9999.000,9999.000,9999.000,9999.000,9999.000,9999.000,9999.000,9999.000
202606212018,   1.242,9999.000,9999.000,9999.000,9999.000,9999.000,9999.000,9999.000,9999.000
202606212024,   1.245,9999.000,9999.000,9999.000,9999.000,9999.000,9999.000,9999.000,9999.000
202606212030,   1.246,9999.000,9999.000,9999.000,9999.000,9999.000,9999.000,9999.000,9999.000
202606212036,   1.247,9999.000,9999.000,9999.000,9999.000,9999.000,9999.000,9999.000,9999.000
202606212042,   1.247,9999.000,9999.000,9999.000,9999.000,9999.000,9999.000,9999.000,9999.000
202606212048,   1.247,9999.000,9999.000,9999.000,9999.000,9999.000,9999.000,9999.000,9999.000
202606212054,   1.245,9999.000,9999.000,9999.000,9999.000,9999.000,9999.000,9999.000,9999.000
202606212100,   1.243,9999.000,   1.000,  -0.096,   2.147,   0.900,   2.047,   1.100,   2.247
202606212106,   1.240,9999.000,9999.000,9999.000,9999.000,9999.000,9999.000,9999.000,9999.000
202606212112,   1.236,9999.000,9999.000,9999.000,9999.000,9999.000,9999.000,9999.000,9999.000
202606212118,   1.232,9999.000,9999.000,9999.000,9999.000,9999.000,9999.000,9999.000,9999.000
202606212124,   1.226,9999.000,9999.000,9999.000,9999.000,9999.000,9999.000,9999.000,9999.000
202606212130,   1.221,9999.000,9999.000,9999.000,9999.000,9999.000,9999.000,9999.000,9999.000
202606212136,   1.214,9999.000,9999.000,9999.000,9999.000,9999.000,9999.000,9999.000,9999.000
202606212142,   1.207,9999.000,9999.000,9999.000,9999.000,9999.000,9999.000,9999.000,9999.000
202606212148,   1.200,9999.000,9999.000,9999.000,9999.000,9999.000,9999.000,9999.000,9999.000
202606212154,   1.191,9999.000,9999.000,9999.000,9999.000,9999.000,9999.000,9999.000,9999.000
202606212200,   1.183,9999.000,   1.000,  -0.110,   2.073,   0.900,   1.973,   1.100,   2.173
202606212206,   1.174,9999.000,9999.000,9999.000,9999.000,9999.000,9999.000,9999.000,9999.000
202606212212,   1.164,9999.000,9999.000,9999.000,9999.000,9999.000,9999.000,9999.000,9999.000
202606212218,   1.155,9999.000,9999.000,9999.000,9999.000,9999.000,9999.000,9999.000,9999.000
202606212224,   1.145,9999.000,9999.000,9999.000,9999.000,9999.000,9999.000,9999.000,9999.000
202606212230,   1.134,9999.000,9999.000,9999.000,9999.000,9999.000,9999.000,9999.000,9999.000
202606212236,   1.124,9999.000,9999.000,9999.000,9999.000,9999.000,9999.000,9999.000,9999.000
202606212242,   1.113,9999.000,9999.000,9999.000,9999.000,9999.000,9999.000,9999.000,9999.000
202606212248,   1.101,9999.000,9999.000,9999.000,9999.000,9999.000,9999.000,9999.000,9999.000
202606212254,   1.090,9999.000,9999.000,9999.000,9999.000,9999.000,9999.000,9999.000,9999.000
202606212300,   1.078,9999.000,   1.000,  -0.124,   1.954,   0.900,   1.854,   1.100,   2.054
202606212306,   1.066,9999.000,9999.000,9999.000,9999.000,9999.000,9999.000,9999.000,9999.000
202606212312,   1.054,9999.000,9999.000,9999.000,9999.000,9999.000,9999.000,9999.000,9999.000
202606212318,   1.042,9999.000,9999.000,9999.000,9999.000,9999.000,9999.000,9999.000,9999.000
202606212324,   1.029,9999.000,9999.000,9999.000,9999.000,9999.000,9999.000,9999.000,9999.000
202606212330,   1.016,9999.000,9999.000,9999.000,9999.000,9999.000,9999.000,9999.000,9999.000
202606212336,   1.003,9999.000,9999.000,9999.000,9999.000,9999.000,9999.000,9999.000,9999.000
202606212342,   0.989,9999.000,9999.000,9999.000,9999.000,9999.000,9999.000,9999.000,9999.000
202606212348,   0.975,9999.000,9999.000,9999.000,9999.000,9999.000,9999.000,9999.000,9999.000
202606212354,   0.961,9999.000,9999.000,9999.000,9999.000,9999.000,9999.000,9999.000,9999.000
202606220000,   0.946,9999.000,   1.000,  -0.138,   1.808,   0.900,   1.708,   1.100,   1.908
202606220006,   0.932,9999.000,9999.000,9999.000,9999.000,9999.000,9999.000,9999.000,9999.000
202606220012,   0.917,9999.000,9999.000,9999.000,9999.000,9999.000,9999.000,9999.000,9999.000
202606220018,   0.902,9999.000,9999.000,9999.000,9999.000,9999.000,9999.000,9999.000,9999.000
202606220024,   0.886,9999.000,9999.000,9999.000,9999.000,9999.000,9999.000,9999.000,9999.000
202606220030,   0.871,9999.000,9999.000,9999.000,9999.000,9999.000,9999.000,9999.000,9999.000
202606220036,   0.856,9999.000,9999.000,9999.000,9999.000,9999.000,9999.000,9999.000,9999.000
202606220042,   0.840,9999.000,9999.000,9999.000,9999.000,9999.000,9999.000,9999.000,9999.000
202606220048,   0.825,9999.000,9999.000,9999.000,9999.000,9999.000,9999.000,9999.000,9999.000
202606220054,   0.810,9999.000,9999.000,9999.000,9999.000,9999.000,9999.000,9999.000,9999.000
202606220100,   0.795,9999.000,   1.000,  -0.138,   1.657,   1.000,   1.657,   1.100,   1.757
202606220106,   0.780,9999.000,9999.000,9999.000,9999.000,9999.000,9999.000,9999.000,9999.000
202606220112,   0.766,9999.000,9999.000,9999.000,9999.000,9999.000,9999.000,9999.000,9999.000
202606220118,   0.752,9999.000,9999.000,9999.000,9999.000,9999.000,9999.000,9999.000,9999.000
202606220124,   0.738,9999.000,9999.000,9999.000,9999.000,9999.000,9999.000,9999.000,9999.000
202606220130,   0.725,9999.000,9999.000,9999.000,9999.000,9999.000,9999.000,9999.000,9999.000
202606220136,   0.713,9999.000,9999.000,9999.000,9999.000,9999.000,9999.000,9999.000,9999.000
202606220142,   0.701,9999.000,9999.000,9999.000,9999.000,9999.000,9999.000,9999.000,9999.000
202606220148,   0.690,9999.000,9999.000,9999.000,9999.000,9999.000,9999.000,9999.000,9999.000
202606220154,   0.679,9999.000,9999.000,9999.000,9999.000,9999.000,9999.000,9999.000,9999.000
202606220200,   0.670,9999.000,   1.000,  -0.138,   1.532,   1.000,   1.532,   1.100,   1.632
202606220206,   0.661,9999.000,9999.000,9999.000,9999.000,9999.000,9999.000,9999.000,9999.000
202606220212,   0.652,9999.000,9999.000,9999.000,9999.000,9999.000,9999.000,9999.000,9999.000
202606220218,   0.645,9999.000,9999.000,9999.000,9999.000,9999.000,9999.000,9999.000,9999.000
202606220224,   0.638,9999.000,9999.000,9999.000,9999.000,9999.000,9999.000,9999.000,9999.000
202606220230,   0.632,9999.000,9999.000,9999.000,9999.000,9999.000,9999.000,9999.000,9999.000
202606220236,   0.627,9999.000,9999.000,9999.000,9999.000,9999.000,9999.000,9999.000,9999.000
202606220242,   0.622,9999.000,9999.000,9999.000,9999.000,9999.000,9999.000,9999.000,9999.000
202606220248,   0.618,9999.000,9999.000,9999.000,9999.000,9999.000,9999.000,9999.000,9999.000
202606220254,   0.615,9999.000,9999.000,9999.000,9999.000,9999.000,9999.000,9999.000,9999.000
202606220300,   0.612,9999.000,   1.100,  -0.138,   1.574,   1.000,   1.474,   1.100,   1.574
202606220306,   0.610,9999.000,9999.000,9999.000,9999.000,9999.000,9999.000,9999.000,9999.000
202606220312,   0.608,9999.000,9999.000,9999.000,9999.000,9999.000,9999.000,9999.000,9999.000
202606220318,   0.607,9999.000,9999.000,9999.000,9999.000,9999.000,9999.000,9999.000,9999.000
202606220324,   0.607,9999.000,9999.000,9999.000,9999.000,9999.000,9999.000,9999.000,9999.000
202606220330,   0.607,9999.000,9999.000,9999.000,9999.000,9999.000,9999.000,9999.000,9999.000
202606220336,   0.608,9999.000,9999.000,9999.000,9999.000,9999.000,9999.000,9999.000,9999.000
202606220342,   0.609,9999.000,9999.000,9999.000,9999.000,9999.000,9999.000,9999.000,9999.000
202606220348,   0.611,9999.000,9999.000,9999.000,9999.000,9999.000,9999.000,9999.000,9999.000
202606220354,   0.613,9999.000,9999.000,9999.000,9999.000,9999.000,9999.000,9999.000,9999.000
202606220400,   0.615,9999.000,   1.100,  -0.138,   1.577,   1.000,   1.477,   1.200,   1.677
202606220406,   0.618,9999.000,9999.000,9999.000,9999.000,9999.000,9999.000,9999.000,9999.000
202606220412,   0.622,9999.000,9999.000,9999.000,9999.000,9999.000,9999.000,9999.000,9999.000
202606220418,   0.626,9999.000,9999.000,9999.000,9999.000,9999.000,9999.000,9999.000,9999.000
202606220424,   0.630,9999.000,9999.000,9999.000,9999.000,9999.000,9999.000,9999.000,9999.000
202606220430,   0.635,9999.000,9999.000,9999.000,9999.000,9999.000,9999.000,9999.000,9999.000
202606220436,   0.640,9999.000,9999.000,9999.000,9999.000,9999.000,9999.000,9999.000,9999.000
202606220442,   0.646,9999.000,9999.000,9999.000,9999.000,9999.000,9999.000,9999.000,9999.000
202606220448,   0.652,9999.000,9999.000,9999.000,9999.000,9999.000,9999.000,9999.000,9999.000
202606220454,   0.659,9999.000,9999.000,9999.000,9999.000,9999.000,9999.000,9999.000,9999.000
202606220500,   0.666,9999.000,   1.100,  -0.138,   1.628,   1.000,   1.528,   1.200,   1.728
202606220506,   0.673,9999.000,9999.000,9999.000,9999.000,9999.000,9999.000,9999.000,9999.000
202606220512,   0.680,9999.000,9999.000,9999.000,9999.000,9999.000,9999.000,9999.000,9999.000
202606220518,   0.688,9999.000,9999.000,9999.000,9999.000,9999.000,9999.000,9999.000,9999.000
202606220524,   0.696,9999.000,9999.000,9999.000,9999.000,9999.000,9999.000,9999.000,9999.000
202606220530,   0.705,9999.000,9999.000,9999.000,9999.000,9999.000,9999.000,9999.000,9999.000
202606220536,   0.713,9999.000,9999.000,9999.000,9999.000,9999.000,9999.000,9999.000,9999.000
202606220542,   0.722,9999.000,9999.000,9999.000,9999.000,9999.000,9999.000,9999.000,9999.000
202606220548,   0.731,9999.000,9999.000,9999.000,9999.000,9999.000,9999.000,9999.000,9999.000
202606220554,   0.740,9999.000,9999.000,9999.000,9999.000,9999.000,9999.000,9999.000,9999.000
202606220600,   0.749,9999.000,   1.100,  -0.138,   1.711,   1.000,   1.611,   1.200,   1.811
202606220606,   0.758,9999.000,9999.000,9999.000,9999.000,9999.000,9999.000,9999.000,9999.000
202606220612,   0.767,9999.000,9999.000,9999.000,9999.000,9999.000,9999.000,9999.000,9999.000
202606220618,   0.777,9999.000,9999.000,9999.000,9999.000,9999.000,9999.000,9999.000,9999.000
202606220624,   0.786,9999.000,9999.000,9999.000,9999.000,9999.000,9999.000,9999.000,9999.000
202606220630,   0.795,9999.000,9999.000,9999.000,9999.000,9999.000,9999.000,9999.000,9999.000
202606220636,   0.804,9999.000,9999.000,9999.000,9999.000,9999.000,9999.000,9999.000,9999.000
202606220642,   0.813,9999.000,9999.000,9999.000,9999.000,9999.000,9999.000,9999.000,9999.000
202606220648,   0.821,9999.000,9999.000,9999.000,9999.000,9999.000,9999.000,9999.000,9999.000
202606220654,   0.830,9999.000,9999.000,9999.000,9999.000,9999.000,9999.000,9999.000,9999.000
202606220700,   0.839,9999.000,   1.100,  -0.138,   1.801,   1.000,   1.701,   1.200,   1.901
202606220706,   0.847,9999.000,9999.000,9999.000,9999.000,9999.000,9999.000,9999.000,9999.000
202606220712,   0.855,9999.000,9999.000,9999.000,9999.000,9999.000,9999.000,9999.000,9999.000
202606220718,   0.864,9999.000,9999.000,9999.000,9999.000,9999.000,9999.000,9999.000,9999.000
202606220724,   0.872,9999.000,9999.000,9999.000,9999.000,9999.000,9999.000,9999.000,9999.000
202606220730,   0.879,9999.000,9999.000,9999.000,9999.000,9999.000,9999.000,9999.000,9999.000
202606220736,   0.887,9999.000,9999.000,9999.000,9999.000,9999.000,9999.000,9999.000,9999.000
202606220742,   0.894,9999.000,9999.000,9999.000,9999.000,9999.000,9999.000,9999.000,9999.000
202606220748,   0.902,9999.000,9999.000,9999.000,9999.000,9999.000,9999.000,9999.000,9999.000
202606220754,   0.909,9999.000,9999.000,9999.000,9999.000,9999.000,9999.000,9999.000,9999.000
202606220800,   0.915,9999.000,   1.100,  -0.138,   1.877,   1.000,   1.777,   1.200,   1.977
202606220806,   0.922,9999.000,9999.000,9999.000,9999.000,9999.000,9999.000,9999.000,9999.000
202606220812,   0.928,9999.000,9999.000,9999.000,9999.000,9999.000,9999.000,9999.000,9999.000
202606220818,   0.934,9999.000,9999.000,9999.000,9999.000,9999.000,9999.000,9999.000,9999.000
202606220824,   0.939,9999.000,9999.000,9999.000,9999.000,9999.000,9999.000,9999.000,9999.000
202606220830,   0.945,9999.000,9999.000,9999.000,9999.000,9999.000,9999.000,9999.000,9999.000
202606220836,   0.949,9999.000,9999.000,9999.000,9999.000,9999.000,9999.000,9999.000,9999.000
202606220842,   0.954,9999.000,9999.000,9999.000,9999.000,9999.000,9999.000,9999.000,9999.000
202606220848,   0.957,9999.000,9999.000,9999.000,9999.000,9999.000,9999.000,9999.000,9999.000
202606220854,   0.961,9999.000,9999.000,9999.000,9999.000,9999.000,9999.000,9999.000,9999.000
202606220900,   0.964,9999.000,   1.100,  -0.138,   1.926,   1.000,   1.826,   1.200,   2.026
202606220906,   0.966,9999.000,9999.000,9999.000,9999.000,9999.000,9999.000,9999.000,9999.000
202606220912,   0.968,9999.000,9999.000,9999.000,9999.000,9999.000,9999.000,9999.000,9999.000
202606220918,   0.970,9999.000,9999.000,9999.000,9999.000,9999.000,9999.000,9999.000,9999.000
202606220924,   0.971,9999.000,9999.000,9999.000,9999.000,9999.000,9999.000,9999.000,9999.000
202606220930,   0.971,9999.000,9999.000,9999.000,9999.000,9999.000,9999.000,9999.000,9999.000
202606220936,   0.971,9999.000,9999.000,9999.000,9999.000,9999.000,9999.000,9999.000,9999.000
202606220942,   0.971,9999.000,9999.000,9999.000,9999.000,9999.000,9999.000,9999.000,9999.000
202606220948,   0.970,9999.000,9999.000,9999.000,9999.000,9999.000,9999.000,9999.000,9999.000
202606220954,   0.969,9999.000,9999.000,9999.000,9999.000,9999.000,9999.000,9999.000,9999.000
202606221000,   0.967,9999.000,   1.100,  -0.138,   1.929,   1.000,   1.829,   1.200,   2.029
202606221006,   0.965,9999.000,9999.000,9999.000,9999.000,9999.000,9999.000,9999.000,9999.000
202606221012,   0.963,9999.000,9999.000,9999.000,9999.000,9999.000,9999.000,9999.000,9999.000
202606221018,   0.961,9999.000,9999.000,9999.000,9999.000,9999.000,9999.000,9999.000,9999.000
202606221024,   0.958,9999.000,9999.000,9999.000,9999.000,9999.000,9999.000,9999.000,9999.000
202606221030,   0.956,9999.000,9999.000,9999.000,9999.000,9999.000,9999.000,9999.000,9999.000
202606221036,   0.953,9999.000,9999.000,9999.000,9999.000,9999.000,9999.000,9999.000,9999.000
202606221042,   0.950,9999.000,9999.000,9999.000,9999.000,9999.000,9999.000,9999.000,9999.000
202606221048,   0.947,9999.000,9999.000,9999.000,9999.000,9999.000,9999.000,9999.000,9999.000
202606221054,   0.943,9999.000,9999.000,9999.000,9999.000,9999.000,9999.000,9999.000,9999.000
202606221100,   0.940,9999.000,   1.100,  -0.138,   1.902,   1.000,   1.802,   1.200,   2.002
202606221106,   0.937,9999.000,9999.000,9999.000,9999.000,9999.000,9999.000,9999.000,9999.000
202606221112,   0.933,9999.000,9999.000,9999.000,9999.000,9999.000,9999.000,9999.000,9999.000
202606221118,   0.930,9999.000,9999.000,9999.000,9999.000,9999.000,9999.000,9999.000,9999.000
202606221124,   0.926,9999.000,9999.000,9999.000,9999.000,9999.000,9999.000,9999.000,9999.000
202606221130,   0.922,9999.000,9999.000,9999.000,9999.000,9999.000,9999.000,9999.000,9999.000
202606221136,   0.918,9999.000,9999.000,9999.000,9999.000,9999.000,9999.000,9999.000,9999.000
202606221142,   0.914,9999.000,9999.000,9999.000,9999.000,9999.000,9999.000,9999.000,9999.000
202606221148,   0.910,9999.000,9999.000,9999.000,9999.000,9999.000,9999.000,9999.000,9999.000
202606221154,   0.905,9999.000,9999.000,9999.000,9999.000,9999.000,9999.000,9999.000,9999.000
202606221200,   0.901,9999.000,   1.100,  -0.138,   1.863,   1.000,   1.763,   1.200,   1.963
202606221206,   0.896,9999.000,9999.000,9999.000,9999.000,9999.000,9999.000,9999.000,9999.000
202606221212,   0.891,9999.000,9999.000,9999.000,9999.000,9999.000,9999.000,9999.000,9999.000
202606221218,   0.885,9999.000,9999.000,9999.000,9999.000,9999.000,9999.000,9999.000,9999.000
202606221224,   0.880,9999.000,9999.000,9999.000,9999.000,9999.000,9999.000,9999.000,9999.000
202606221230,   0.874,9999.000,9999.000,9999.000,9999.000,9999.000,9999.000,9999.000,9999.000
202606221236,   0.868,9999.000,9999.000,9999.000,9999.000,9999.000,9999.000,9999.000,9999.000
202606221242,   0.862,9999.000,9999.000,9999.000,9999.000,9999.000,9999.000,9999.000,9999.000
202606221248,   0.856,9999.000,9999.000,9999.000,9999.000,9999.000,9999.000,9999.000,9999.000
202606221254,   0.850,9999.000,9999.000,9999.000,9999.000,9999.000,9999.000,9999.000,9999.000
202606221300,   0.844,9999.000,   1.100,  -0.138,   1.806,   1.000,   1.706,   1.200,   1.906
202606221306,   0.838,9999.000,9999.000,9999.000,9999.000,9999.000,9999.000,9999.000,9999.000
202606221312,   0.832,9999.000,9999.000,9999.000,9999.000,9999.000,9999.000,9999.000,9999.000
202606221318,   0.826,9999.000,9999.000,9999.000,9999.000,9999.000,9999.000,9999.000,9999.000
202606221324,   0.821,9999.000,9999.000,9999.000,9999.000,9999.000,9999.000,9999.000,9999.000
202606221330,   0.815,9999.000,9999.000,9999.000,9999.000,9999.000,9999.000,9999.000,9999.000
202606221336,   0.810,9999.000,9999.000,9999.000,9999.000,9999.000,9999.000,9999.000,9999.000
202606221342,   0.806,9999.000,9999.000,9999.000,9999.000,9999.000,9999.000,9999.000,9999.000
202606221348,   0.802,9999.000,9999.000,9999.000,9999.000,9999.000,9999.000,9999.000,9999.000
202606221354,   0.798,9999.000,9999.000,9999.000,9999.000,9999.000,9999.000,9999.000,9999.000
202606221400,   0.795,9999.000,   1.100,  -0.138,   1.757,   1.000,   1.657,   1.200,   1.857
202606221406,   0.793,9999.000,9999.000,9999.000,9999.000,9999.000,9999.000,9999.000,9999.000
202606221412,   0.791,9999.000,9999.000,9999.000,9999.000,9999.000,9999.000,9999.000,9999.000
202606221418,   0.790,9999.000,9999.000,9999.000,9999.000,9999.000,9999.000,9999.000,9999.000
202606221424,   0.790,9999.000,9999.000,9999.000,9999.000,9999.000,9999.000,9999.000,9999.000
202606221430,   0.790,9999.000,9999.000,9999.000,9999.000,9999.000,9999.000,9999.000,9999.000
202606221436,   0.791,9999.000,9999.000,9999.000,9999.000,9999.000,9999.000,9999.000,9999.000
202606221442,   0.793,9999.000,9999.000,9999.000,9999.000,9999.000,9999.000,9999.000,9999.000
202606221448,   0.795,9999.000,9999.000,9999.000,9999.000,9999.000,9999.000,9999.000,9999.000
202606221454,   0.798,9999.000,9999.000,9999.000,9999.000,9999.000,9999.000,9999.000,9999.000
202606221500,   0.802,9999.000,   1.100,  -0.138,   1.764,   0.900,   1.564,   1.200,   1.864
202606221506,   0.806,9999.000,9999.000,9999.000,9999.000,9999.000,9999.000,9999.000,9999.000
202606221512,   0.810,9999.000,9999.000,9999.000,9999.000,9999.000,9999.000,9999.000,9999.000
202606221518,   0.816,9999.000,9999.000,9999.000,9999.000,9999.000,9999.000,9999.000,9999.000
202606221524,   0.821,9999.000,9999.000,9999.000,9999.000,9999.000,9999.000,9999.000,9999.000
202606221530,   0.827,9999.000,9999.000,9999.000,9999.000,9999.000,9999.000,9999.000,9999.000
202606221536,   0.833,9999.000,9999.000,9999.000,9999.000,9999.000,9999.000,9999.000,9999.000
202606221542,   0.840,9999.000,9999.000,9999.000,9999.000,9999.000,9999.000,9999.000,9999.000
202606221548,   0.847,9999.000,9999.000,9999.000,9999.000,9999.000,9999.000,9999.000,9999.000
202606221554,   0.854,9999.000,9999.000,9999.000,9999.000,9999.000,9999.000,9999.000,9999.000
202606221600,   0.861,9999.000,   1.100,  -0.138,   1.823,   1.000,   1.723,   1.200,   1.923
202606221606,   0.869,9999.000,9999.000,9999.000,9999.000,9999.000,9999.000,9999.000,9999.000
202606221612,   0.877,9999.000,9999.000,9999.000,9999.000,9999.000,9999.000,9999.000,9999.000
202606221618,   0.885,9999.000,9999.000,9999.000,9999.000,9999.000,9999.000,9999.000,9999.000
202606221624,   0.893,9999.000,9999.000,9999.000,9999.000,9999.000,9999.000,9999.000,9999.000
202606221630,   0.901,9999.000,9999.000,9999.000,9999.000,9999.000,9999.000,9999.000,9999.000
202606221636,   0.910,9999.000,9999.000,9999.000,9999.000,9999.000,9999.000,9999.000,9999.000
202606221642,   0.919,9999.000,9999.000,9999.000,9999.000,9999.000,9999.000,9999.000,9999.000
202606221648,   0.928,9999.000,9999.000,9999.000,9999.000,9999.000,9999.000,9999.000,9999.000
202606221654,   0.937,9999.000,9999.000,9999.000,9999.000,9999.000,9999.000,9999.000,9999.000
202606221700,   0.946,9999.000,   1.100,  -0.138,   1.908,   1.000,   1.808,   1.200,   2.008
202606221706,   0.955,9999.000,9999.000,9999.000,9999.000,9999.000,9999.000,9999.000,9999.000
202606221712,   0.964,9999.000,9999.000,9999.000,9999.000,9999.000,9999.000,9999.000,9999.000
202606221718,   0.974,9999.000,9999.000,9999.000,9999.000,9999.000,9999.000,9999.000,9999.000
202606221724,   0.984,9999.000,9999.000,9999.000,9999.000,9999.000,9999.000,9999.000,9999.000
202606221730,   0.993,9999.000,9999.000,9999.000,9999.000,9999.000,9999.000,9999.000,9999.000
202606221736,   1.003,9999.000,9999.000,9999.000,9999.000,9999.000,9999.000,9999.000,9999.000
202606221742,   1.013,9999.000,9999.000,9999.000,9999.000,9999.000,9999.000,9999.000,9999.000
202606221748,   1.023,9999.000,9999.000,9999.000,9999.000,9999.000,9999.000,9999.000,9999.000
202606221754,   1.033,9999.000,9999.000,9999.000,9999.000,9999.000,9999.000,9999.000,9999.000
202606221800,   1.043,9999.000,   1.100,  -0.138,   2.005,   1.000,   1.905,   1.200,   2.105
202606221806,   1.052,9999.000,9999.000,9999.000,9999.000,9999.000,9999.000,9999.000,9999.000
202606221812,   1.062,9999.000,9999.000,9999.000,9999.000,9999.000,9999.000,9999.000,9999.000
202606221818,   1.071,9999.000,9999.000,9999.000,9999.000,9999.000,9999.000,9999.000,9999.000
202606221824,   1.081,9999.000,9999.000,9999.000,9999.000,9999.000,9999.000,9999.000,9999.000
202606221830,   1.090,9999.000,9999.000,9999.000,9999.000,9999.000,9999.000,9999.000,9999.000
202606221836,   1.098,9999.000,9999.000,9999.000,9999.000,9999.000,9999.000,9999.000,9999.000
202606221842,   1.107,9999.000,9999.000,9999.000,9999.000,9999.000,9999.000,9999.000,9999.000
202606221848,   1.115,9999.000,9999.000,9999.000,9999.000,9999.000,9999.000,9999.000,9999.000
202606221854,   1.123,9999.000,9999.000,9999.000,9999.000,9999.000,9999.000,9999.000,9999.000
202606221900,   1.130,9999.000,   1.100,  -0.138,   2.092,   1.000,   1.992,   1.200,   2.192
202606221906,   1.137,9999.000,9999.000,9999.000,9999.000,9999.000,9999.000,9999.000,9999.000
202606221912,   1.144,9999.000,9999.000,9999.000,9999.000,9999.000,9999.000,9999.000,9999.000
202606221918,   1.150,9999.000,9999.000,9999.000,9999.000,9999.000,9999.000,9999.000,9999.000
202606221924,   1.155,9999.000,9999.000,9999.000,9999.000,9999.000,9999.000,9999.000,9999.000
202606221930,   1.161,9999.000,9999.000,9999.000,9999.000,9999.000,9999.000,9999.000,9999.000
202606221936,   1.165,9999.000,9999.000,9999.000,9999.000,9999.000,9999.000,9999.000,9999.000
202606221942,   1.169,9999.000,9999.000,9999.000,9999.000,9999.000,9999.000,9999.000,9999.000
202606221948,   1.173,9999.000,9999.000,9999.000,9999.000,9999.000,9999.000,9999.000,9999.000
202606221954,   1.176,9999.000,9999.000,9999.000,9999.000,9999.000,9999.000,9999.000,9999.000
202606222000,   1.179,9999.000,   1.100,  -0.138,   2.141,   1.000,   2.041,   1.200,   2.241
202606222006,   1.181,9999.000,9999.000,9999.000,9999.000,9999.000,9999.000,9999.000,9999.000
202606222012,   1.182,9999.000,9999.000,9999.000,9999.000,9999.000,9999.000,9999.000,9999.000
202606222018,   1.183,9999.000,9999.000,9999.000,9999.000,9999.000,9999.000,9999.000,9999.000
202606222024,   1.183,9999.000,9999.000,9999.000,9999.000,9999.000,9999.000,9999.000,9999.000
202606222030,   1.183,9999.000,9999.000,9999.000,9999.000,9999.000,9999.000,9999.000,9999.000
202606222036,   1.182,9999.000,9999.000,9999.000,9999.000,9999.000,9999.000,9999.000,9999.000
202606222042,   1.180,9999.000,9999.000,9999.000,9999.000,9999.000,9999.000,9999.000,9999.000
202606222048,   1.178,9999.000,9999.000,9999.000,9999.000,9999.000,9999.000,9999.000,9999.000
202606222054,   1.175,9999.000,9999.000,9999.000,9999.000,9999.000,9999.000,9999.000,9999.000
202606222100,   1.172,9999.000,   1.000,  -0.138,   2.034,   0.900,   1.934,   1.100,   2.134
202606222106,   1.167,9999.000,9999.000,9999.000,9999.000,9999.000,9999.000,9999.000,9999.000
202606222112,   1.162,9999.000,9999.000,9999.000,9999.000,9999.000,9999.000,9999.000,9999.000
202606222118,   1.156,9999.000,9999.000,9999.000,9999.000,9999.000,9999.000,9999.000,9999.000
202606222124,   1.150,9999.000,9999.000,9999.000,9999.000,9999.000,9999.000,9999.000,9999.000
202606222130,   1.143,9999.000,9999.000,9999.000,9999.000,9999.000,9999.000,9999.000,9999.000
202606222136,   1.135,9999.000,9999.000,9999.000,9999.000,9999.000,9999.000,9999.000,9999.000
202606222142,   1.126,9999.000,9999.000,9999.000,9999.000,9999.000,9999.000,9999.000,9999.000
202606222148,   1.117,9999.000,9999.000,9999.000,9999.000,9999.000,9999.000,9999.000,9999.000
202606222154,   1.107,9999.000,9999.000,9999.000,9999.000,9999.000,9999.000,9999.000,9999.000
202606222200,   1.097,9999.000,   1.000,  -0.138,   1.959,   0.900,   1.859,   1.100,   2.059
202606222206,   1.086,9999.000,9999.000,9999.000,9999.000,9999.000,9999.000,9999.000,9999.000
202606222212,   1.074,9999.000,9999.000,9999.000,9999.000,9999.000,9999.000,9999.000,9999.000
202606222218,   1.062,9999.000,9999.000,9999.000,9999.000,9999.000,9999.000,9999.000,9999.000
202606222224,   1.049,9999.000,9999.000,9999.000,9999.000,9999.000,9999.000,9999.000,9999.000
202606222230,   1.036,9999.000,9999.000,9999.000,9999.000,9999.000,9999.000,9999.000,9999.000
202606222236,   1.022,9999.000,9999.000,9999.000,9999.000,9999.000,9999.000,9999.000,9999.000
202606222242,   1.008,9999.000,9999.000,9999.000,9999.000,9999.000,9999.000,9999.000,9999.000
202606222248,   0.994,9999.000,9999.000,9999.000,9999.000,9999.000,9999.000,9999.000,9999.000
202606222254,   0.979,9999.000,9999.000,9999.000,9999.000,9999.000,9999.000,9999.000,9999.000
202606222300,   0.964,9999.000,   1.000,  -0.138,   1.826,   0.900,   1.726,   1.100,   1.926
202606222306,   0.949,9999.000,9999.000,9999.000,9999.000,9999.000,9999.000,9999.000,9999.000
202606222312,   0.934,9999.000,9999.000,9999.000,9999.000,9999.000,9999.000,9999.000,9999.000
202606222318,   0.918,9999.000,9999.000,9999.000,9999.000,9999.000,9999.000,9999.000,9999.000
202606222324,   0.903,9999.000,9999.000,9999.000,9999.000,9999.000,9999.000,9999.000,9999.000
202606222330,   0.887,9999.000,9999.000,9999.000,9999.000,9999.000,9999.000,9999.000,9999.000
202606222336,   0.871,9999.000,9999.000,9999.000,9999.000,9999.000,9999.000,9999.000,9999.000
202606222342,   0.854,9999.000,9999.000,9999.000,9999.000,9999.000,9999.000,9999.000,9999.000
202606222348,   0.838,9999.000,9999.000,9999.000,9999.000,9999.000,9999.000,9999.000,9999.000
202606222354,   0.821,9999.000,9999.000,9999.000,9999.000,9999.000,9999.000,9999.000,9999.000
202606230000,   0.805,9999.000,   1.000,  -0.138,   1.667,   0.900,   1.567,   1.100,   1.767
202606230006,   0.788,9999.000,9999.000,9999.000,9999.000,9999.000,9999.000,9999.000,9999.000
202606230012,   0.770,9999.000,9999.000,9999.000,9999.000,9999.000,9999.000,9999.000,9999.000
202606230018,   0.753,9999.000,9999.000,9999.000,9999.000,9999.000,9999.000,9999.000,9999.000
202606230024,   0.736,9999.000,9999.000,9999.000,9999.000,9999.000,9999.000,9999.000,9999.000
202606230030,   0.718,9999.000,9999.000,9999.000,9999.000,9999.000,9999.000,9999.000,9999.000
202606230036,   0.700,9999.000,9999.000,9999.000,9999.000,9999.000,9999.000,9999.000,9999.000
202606230042,   0.682,9999.000,9999.000,9999.000,9999.000,9999.000,9999.000,9999.000,9999.000
202606230048,   0.664,9999.000,9999.000,9999.000,9999.000,9999.000,9999.000,9999.000,9999.000
202606230054,   0.645,9999.000,9999.000,9999.000,9999.000,9999.000,9999.000,9999.000,9999.000
202606230100,   0.627,9999.000,   1.000,  -0.138,   1.489,   0.900,   1.389,   1.100,   1.589
202606230106,   0.609,9999.000,9999.000,9999.000,9999.000,9999.000,9999.000,9999.000,9999.000
202606230112,   0.590,9999.000,9999.000,9999.000,9999.000,9999.000,9999.000,9999.000,9999.000
202606230118,   0.572,9999.000,9999.000,9999.000,9999.000,9999.000,9999.000,9999.000,9999.000
202606230124,   0.554,9999.000,9999.000,9999.000,9999.000,9999.000,9999.000,9999.000,9999.000
202606230130,   0.536,9999.000,9999.000,9999.000,9999.000,9999.000,9999.000,9999.000,9999.000
202606230136,   0.519,9999.000,9999.000,9999.000,9999.000,9999.000,9999.000,9999.000,9999.000
202606230142,   0.502,9999.000,9999.000,9999.000,9999.000,9999.000,9999.000,9999.000,9999.000
202606230148,   0.485,9999.000,9999.000,9999.000,9999.000,9999.000,9999.000,9999.000,9999.000
202606230154,   0.469,9999.000,9999.000,9999.000,9999.000,9999.000,9999.000,9999.000,9999.000
202606230200,   0.453,9999.000,   1.000,  -0.138,   1.315,   0.900,   1.215,   1.100,   1.415
202606230206,   0.439,9999.000,9999.000,9999.000,9999.000,9999.000,9999.000,9999.000,9999.000
202606230212,   0.424,9999.000,9999.000,9999.000,9999.000,9999.000,9999.000,9999.000,9999.000
202606230218,   0.411,9999.000,9999.000,9999.000,9999.000,9999.000,9999.000,9999.000,9999.000
202606230224,   0.399,9999.000,9999.000,9999.000,9999.000,9999.000,9999.000,9999.000,9999.000
202606230230,   0.387,9999.000,9999.000,9999.000,9999.000,9999.000,9999.000,9999.000,9999.000
202606230236,   0.376,9999.000,9999.000,9999.000,9999.000,9999.000,9999.000,9999.000,9999.000
202606230242,   0.367,9999.000,9999.000,9999.000,9999.000,9999.000,9999.000,9999.000,9999.000
202606230248,   0.358,9999.000,9999.000,9999.000,9999.000,9999.000,9999.000,9999.000,9999.000
202606230254,   0.350,9999.000,9999.000,9999.000,9999.000,9999.000,9999.000,9999.000,9999.000
202606230300,   0.344,9999.000,   1.000,  -0.138,   1.206,   0.900,   1.106,   1.100,   1.306
202606230306,   0.338,9999.000,9999.000,9999.000,9999.000,9999.000,9999.000,9999.000,9999.000
202606230312,   0.333,9999.000,9999.000,9999.000,9999.000,9999.000,9999.000,9999.000,9999.000
202606230318,   0.329,9999.000,9999.000,9999.000,9999.000,9999.000,9999.000,9999.000,9999.000
202606230324,   0.326,9999.000,9999.000,9999.000,9999.000,9999.000,9999.000,9999.000,9999.000
202606230330,   0.324,9999.000,9999.000,9999.000,9999.000,9999.000,9999.000,9999.000,9999.000
202606230336,   0.323,9999.000,9999.000,9999.000,9999.000,9999.000,9999.000,9999.000,9999.000
202606230342,   0.322,9999.000,9999.000,9999.000,9999.000,9999.000,9999.000,9999.000,9999.000
202606230348,   0.323,9999.000,9999.000,9999.000,9999.000,9999.000,9999.000,9999.000,9999.000
202606230354,   0.324,9999.000,9999.000,9999.000,9999.000,9999.000,9999.000,9999.000,9999.000
202606230400,   0.325,9999.000,   0.900,  -0.138,   1.087,   0.900,   1.087,   1.000,   1.187
202606230406,   0.328,9999.000,9999.000,9999.000,9999.000,9999.000,9999.000,9999.000,9999.000
202606230412,   0.331,9999.000,9999.000,9999.000,9999.000,9999.000,9999.000,9999.000,9999.000
202606230418,   0.334,9999.000,9999.000,9999.000,9999.000,9999.000,9999.000,9999.000,9999.000
202606230424,   0.338,9999.000,9999.000,9999.000,9999.000,9999.000,9999.000,9999.000,9999.000
202606230430,   0.343,9999.000,9999.000,9999.000,9999.000,9999.000,9999.000,9999.000,9999.000
202606230436,   0.348,9999.000,9999.000,9999.000,9999.000,9999.000,9999.000,9999.000,9999.000
202606230442,   0.354,9999.000,9999.000,9999.000,9999.000,9999.000,9999.000,9999.000,9999.000
202606230448,   0.361,9999.000,9999.000,9999.000,9999.000,9999.000,9999.000,9999.000,9999.000
202606230454,   0.368,9999.000,9999.000,9999.000,9999.000,9999.000,9999.000,9999.000,9999.000
202606230500,   0.375,9999.000,   0.900,  -0.138,   1.137,   0.800,   1.037,   1.000,   1.237
202606230506,   0.384,9999.000,9999.000,9999.000,9999.000,9999.000,9999.000,9999.000,9999.000
202606230512,   0.392,9999.000,9999.000,9999.000,9999.000,9999.000,9999.000,9999.000,9999.000
202606230518,   0.402,9999.000,9999.000,9999.000,9999.000,9999.000,9999.000,9999.000,9999.000
202606230524,   0.412,9999.000,9999.000,9999.000,9999.000,9999.000,9999.000,9999.000,9999.000
202606230530,   0.422,9999.000,9999.000,9999.000,9999.000,9999.000,9999.000,9999.000,9999.000
202606230536,   0.434,9999.000,9999.000,9999.000,9999.000,9999.000,9999.000,9999.000,9999.000
202606230542,   0.445,9999.000,9999.000,9999.000,9999.000,9999.000,9999.000,9999.000,9999.000
202606230548,   0.458,9999.000,9999.000,9999.000,9999.000,9999.000,9999.000,9999.000,9999.000
202606230554,   0.471,9999.000,9999.000,9999.000,9999.000,9999.000,9999.000,9999.000,9999.000
202606230600,   0.484,9999.000,   0.900,  -0.138,   1.246,   0.800,   1.146,   1.000,   1.346
202606230606,   0.498,9999.000,9999.000,9999.000,9999.000,9999.000,9999.000,9999.000,9999.000
202606230612,   0.513,9999.000,9999.000,9999.000,9999.000,9999.000,9999.000,9999.000,9999.000
202606230618,   0.528,9999.000,9999.000,9999.000,9999.000,9999.000,9999.000,9999.000,9999.000
202606230624,   0.544,9999.000,9999.000,9999.000,9999.000,9999.000,9999.000,9999.000,9999.000
202606230630,   0.560,9999.000,9999.000,9999.000,9999.000,9999.000,9999.000,9999.000,9999.000
202606230636,   0.576,9999.000,9999.000,9999.000,9999.000,9999.000,9999.000,9999.000,9999.000
202606230642,   0.593,9999.000,9999.000,9999.000,9999.000,9999.000,9999.000,9999.000,9999.000
202606230648,   0.609,9999.000,9999.000,9999.000,9999.000,9999.000,9999.000,9999.000,9999.000
202606230654,   0.626,9999.000,9999.000,9999.000,9999.000,9999.000,9999.000,9999.000,9999.000
202606230700,   0.644,9999.000,   0.900,  -0.138,   1.406,   0.800,   1.306,   1.000,   1.506
202606230706,   0.661,9999.000,9999.000,9999.000,9999.000,9999.000,9999.000,9999.000,9999.000
202606230712,   0.679,9999.000,9999.000,9999.000,9999.000,9999.000,9999.000,9999.000,9999.000
202606230718,   0.696,9999.000,9999.000,9999.000,9999.000,9999.000,9999.000,9999.000,9999.000
202606230724,   0.714,9999.000,9999.000,9999.000,9999.000,9999.000,9999.000,9999.000,9999.000
202606230730,   0.731,9999.000,9999.000,9999.000,9999.000,9999.000,9999.000,9999.000,9999.000
202606230736,   0.748,9999.000,9999.000,9999.000,9999.000,9999.000,9999.000,9999.000,9999.000
202606230742,   0.766,9999.000,9999.000,9999.000,9999.000,9999.000,9999.000,9999.000,9999.000
202606230748,   0.783,9999.000,9999.000,9999.000,9999.000,9999.000,9999.000,9999.000,9999.000
202606230754,   0.800,9999.000,9999.000,9999.000,9999.000,9999.000,9999.000,9999.000,9999.000
202606230800,   0.817,9999.000,   0.900,  -0.138,   1.579,   0.800,   1.479,   1.000,   1.679
202606230806,   0.833,9999.000,9999.000,9999.000,9999.000,9999.000,9999.000,9999.000,9999.000
202606230812,   0.849,9999.000,9999.000,9999.000,9999.000,9999.000,9999.000,9999.000,9999.000
202606230818,   0.866,9999.000,9999.000,9999.000,9999.000,9999.000,9999.000,9999.000,9999.000
202606230824,   0.881,9999.000,9999.000,9999.000,9999.000,9999.000,9999.000,9999.000,9999.000
202606230830,   0.897,9999.000,9999.000,9999.000,9999.000,9999.000,9999.000,9999.000,9999.000
202606230836,   0.912,9999.000,9999.000,9999.000,9999.000,9999.000,9999.000,9999.000,9999.000
202606230842,   0.927,9999.000,9999.000,9999.000,9999.000,9999.000,9999.000,9999.000,9999.000
202606230848,   0.942,9999.000,9999.000,9999.000,9999.000,9999.000,9999.000,9999.000,9999.000
202606230854,   0.956,9999.000,9999.000,9999.000,9999.000,9999.000,9999.000,9999.000,9999.000
202606230900,   0.969,9999.000,   0.900,  -0.138,   1.731,   0.800,   1.631,   1.000,   1.831
202606230906,   0.983,9999.000,9999.000,9999.000,9999.000,9999.000,9999.000,9999.000,9999.000
202606230912,   0.996,9999.000,9999.000,9999.000,9999.000,9999.000,9999.000,9999.000,9999.000
202606230918,   1.008,9999.000,9999.000,9999.000,9999.000,9999.000,9999.000,9999.000,9999.000
202606230924,   1.020,9999.000,9999.000,9999.000,9999.000,9999.000,9999.000,9999.000,9999.000
202606230930,   1.032,9999.000,9999.000,9999.000,9999.000,9999.000,9999.000,9999.000,9999.000
202606230936,   1.043,9999.000,9999.000,9999.000,9999.000,9999.000,9999.000,9999.000,9999.000
202606230942,   1.054,9999.000,9999.000,9999.000,9999.000,9999.000,9999.000,9999.000,9999.000
202606230948,   1.064,9999.000,9999.000,9999.000,9999.000,9999.000,9999.000,9999.000,9999.000
202606230954,   1.073,9999.000,9999.000,9999.000,9999.000,9999.000,9999.000,9999.000,9999.000
202606231000,   1.082,9999.000,   0.900,  -0.138,   1.844,   0.800,   1.744,   1.000,   1.944
202606231006,   1.091,9999.000,9999.000,9999.000,9999.000,9999.000,9999.000,9999.000,9999.000
202606231012,   1.099,9999.000,9999.000,9999.000,9999.000,9999.000,9999.000,9999.000,9999.000
202606231018,   1.106,9999.000,9999.000,9999.000,9999.000,9999.000,9999.000,9999.000,9999.000
202606231024,   1.113,9999.000,9999.000,9999.000,9999.000,9999.000,9999.000,9999.000,9999.000
202606231030,   1.119,9999.000,9999.000,9999.000,9999.000,9999.000,9999.000,9999.000,9999.000
202606231036,   1.125,9999.000,9999.000,9999.000,9999.000,9999.000,9999.000,9999.000,9999.000
202606231042,   1.131,9999.000,9999.000,9999.000,9999.000,9999.000,9999.000,9999.000,9999.000
202606231048,   1.136,9999.000,9999.000,9999.000,9999.000,9999.000,9999.000,9999.000,9999.000
202606231054,   1.140,9999.000,9999.000,9999.000,9999.000,9999.000,9999.000,9999.000,9999.000
202606231100,   1.144,9999.000,   0.900,  -0.138,   1.906,   0.800,   1.806,   1.000,   2.006
202606231106,   1.148,9999.000,9999.000,9999.000,9999.000,9999.000,9999.000,9999.000,9999.000
202606231112,   1.152,9999.000,9999.000,9999.000,9999.000,9999.000,9999.000,9999.000,9999.000
202606231118,   1.155,9999.000,9999.000,9999.000,9999.000,9999.000,9999.000,9999.000,9999.000
202606231124,   1.157,9999.000,9999.000,9999.000,9999.000,9999.000,9999.000,9999.000,9999.000
202606231130,   1.160,9999.000,9999.000,9999.000,9999.000,9999.000,9999.000,9999.000,9999.000
202606231136,   1.162,9999.000,9999.000,9999.000,9999.000,9999.000,9999.000,9999.000,9999.000
202606231142,   1.164,9999.000,9999.000,9999.000,9999.000,9999.000,9999.000,9999.000,9999.000
202606231148,   1.165,9999.000,9999.000,9999.000,9999.000,9999.000,9999.000,9999.000,9999.000
202606231154,   1.167,9999.000,9999.000,9999.000,9999.000,9999.000,9999.000,9999.000,9999.000
202606231200,   1.168,9999.000,   0.800,  -0.138,   1.830,   0.700,   1.730,   0.900,   1.930
202606231206,   1.168,9999.000,9999.000,9999.000,9999.000,9999.000,9999.000,9999.000,9999.000
202606231212,   1.168,9999.000,9999.000,9999.000,9999.000,9999.000,9999.000,9999.000,9999.000
202606231218,   1.168,9999.000,9999.000,9999.000,9999.000,9999.000,9999.000,9999.000,9999.000
202606231224,   1.168,9999.000,9999.000,9999.000,9999.000,9999.000,9999.000,9999.000,9999.000
202606231230,   1.167,9999.000,9999.000,9999.000,9999.000,9999.000,9999.000,9999.000,9999.000
202606231236,   1.166,9999.000,9999.000,9999.000,9999.000,9999.000,9999.000,9999.000,9999.000
202606231242,   1.164,9999.000,9999.000,9999.000,9999.000,9999.000,9999.000,9999.000,9999.000
202606231248,   1.162,9999.000,9999.000,9999.000,9999.000,9999.000,9999.000,9999.000,9999.000
202606231254,   1.160,9999.000,9999.000,9999.000,9999.000,9999.000,9999.000,9999.000,9999.000
202606231300,   1.157,9999.000,   0.800,  -0.138,   1.819,   0.700,   1.719,   0.900,   1.919
202606231306,   1.154,9999.000,9999.000,9999.000,9999.000,9999.000,9999.000,9999.000,9999.000
202606231312,   1.150,9999.000,9999.000,9999.000,9999.000,9999.000,9999.000,9999.000,9999.000
202606231318,   1.146,9999.000,9999.000,9999.000,9999.000,9999.000,9999.000,9999.000,9999.000
202606231324,   1.142,9999.000,9999.000,9999.000,9999.000,9999.000,9999.000,9999.000,9999.000
202606231330,   1.137,9999.000,9999.000,9999.000,9999.000,9999.000,9999.000,9999.000,9999.000
202606231336,   1.133,9999.000,9999.000,9999.000,9999.000,9999.000,9999.000,9999.000,9999.000
202606231342,   1.128,9999.000,9999.000,9999.000,9999.000,9999.000,9999.000,9999.000,9999.000
202606231348,   1.123,9999.000,9999.000,9999.000,9999.000,9999.000,9999.000,9999.000,9999.000
202606231354,   1.117,9999.000,9999.000,9999.000,9999.000,9999.000,9999.000,9999.000,9999.000
202606231400,   1.112,9999.000,   0.800,  -0.138,   1.774,   0.700,   1.674,   0.900,   1.874
202606231406,   1.107,9999.000,9999.000,9999.000,9999.000,9999.000,9999.000,9999.000,9999.000
202606231412,   1.102,9999.000,9999.000,9999.000,9999.000,9999.000,9999.000,9999.000,9999.000
202606231418,   1.097,9999.000,9999.000,9999.000,9999.000,9999.000,9999.000,9999.000,9999.000
202606231424,   1.093,9999.000,9999.000,9999.000,9999.000,9999.000,9999.000,9999.000,9999.000
202606231430,   1.089,9999.000,9999.000,9999.000,9999.000,9999.000,9999.000,9999.000,9999.000
202606231436,   1.085,9999.000,9999.000,9999.000,9999.000,9999.000,9999.000,9999.000,9999.000
202606231442,   1.081,9999.000,9999.000,9999.000,9999.000,9999.000,9999.000,9999.000,9999.000
202606231448,   1.078,9999.000,9999.000,9999.000,9999.000,9999.000,9999.000,9999.000,9999.000
202606231454,   1.075,9999.000,9999.000,9999.000,9999.000,9999.000,9999.000,9999.000,9999.000
202606231500,   1.073,9999.000,   0.800,  -0.138,   1.735,   0.700,   1.635,   0.900,   1.835
202606231506,   1.071,9999.000,9999.000,9999.000,9999.000,9999.000,9999.000,9999.000,9999.000
202606231512,   1.070,9999.000,9999.000,9999.000,9999.000,9999.000,9999.000,9999.000,9999.000
202606231518,   1.069,9999.000,9999.000,9999.000,9999.000,9999.000,9999.000,9999.000,9999.000
202606231524,   1.069,9999.000,9999.000,9999.000,9999.000,9999.000,9999.000,9999.000,9999.000
202606231530,   1.069,9999.000,9999.000,9999.000,9999.000,9999.000,9999.000,9999.000,9999.000
202606231536,   1.069,9999.000,9999.000,9999.000,9999.000,9999.000,9999.000,9999.000,9999.000
202606231542,   1.070,9999.000,9999.000,9999.000,9999.000,9999.000,9999.000,9999.000,9999.000
202606231548,   1.071,9999.000,9999.000,9999.000,9999.000,9999.000,9999.000,9999.000,9999.000
202606231554,   1.073,9999.000,9999.000,9999.000,9999.000,9999.000,9999.000,9999.000,9999.000
202606231600,   1.074,9999.000,   0.800,  -0.138,   1.736,   0.700,   1.636,   0.900,   1.836
202606231606,   1.076,9999.000,9999.000,9999.000,9999.000,9999.000,9999.000,9999.000,9999.000
202606231612,   1.078,9999.000,9999.000,9999.000,9999.000,9999.000,9999.000,9999.000,9999.000
202606231618,   1.080,9999.000,9999.000,9999.000,9999.000,9999.000,9999.000,9999.000,9999.000
202606231624,   1.082,9999.000,9999.000,9999.000,9999.000,9999.000,9999.000,9999.000,9999.000
202606231630,   1.084,9999.000,9999.000,9999.000,9999.000,9999.000,9999.000,9999.000,9999.000
202606231636,   1.087,9999.000,9999.000,9999.000,9999.000,9999.000,9999.000,9999.000,9999.000
202606231642,   1.089,9999.000,9999.000,9999.000,9999.000,9999.000,9999.000,9999.000,9999.000
202606231648,   1.091,9999.000,9999.000,9999.000,9999.000,9999.000,9999.000,9999.000,9999.000
202606231654,   1.094,9999.000,9999.000,9999.000,9999.000,9999.000,9999.000,9999.000,9999.000
202606231700,   1.096,9999.000,   0.800,  -0.138,   1.758,   0.700,   1.658,   0.900,   1.858
202606231706,   1.098,9999.000,9999.000,9999.000,9999.000,9999.000,9999.000,9999.000,9999.000
202606231712,   1.100,9999.000,9999.000,9999.000,9999.000,9999.000,9999.000,9999.000,9999.000
202606231718,   1.103,9999.000,9999.000,9999.000,9999.000,9999.000,9999.000,9999.000,9999.000
202606231724,   1.105,9999.000,9999.000,9999.000,9999.000,9999.000,9999.000,9999.000,9999.000
202606231730,   1.107,9999.000,9999.000,9999.000,9999.000,9999.000,9999.000,9999.000,9999.000
202606231736,   1.110,9999.000,9999.000,9999.000,9999.000,9999.000,9999.000,9999.000,9999.000
202606231742,   1.112,9999.000,9999.000,9999.000,9999.000,9999.000,9999.000,9999.000,9999.000
202606231748,   1.115,9999.000,9999.000,9999.000,9999.000,9999.000,9999.000,9999.000,9999.000
202606231754,   1.118,9999.000,9999.000,9999.000,9999.000,9999.000,9999.000,9999.000,9999.000
202606231800,   1.121,9999.000,   0.800,  -0.138,   1.783,   0.700,   1.683,   0.900,   1.883
202606231806,   1.124,9999.000,9999.000,9999.000,9999.000,9999.000,9999.000,9999.000,9999.000
202606231812,   1.127,9999.000,9999.000,9999.000,9999.000,9999.000,9999.000,9999.000,9999.000
202606231818,   1.130,9999.000,9999.000,9999.000,9999.000,9999.000,9999.000,9999.000,9999.000
202606231824,   1.133,9999.000,9999.000,9999.000,9999.000,9999.000,9999.000,9999.000,9999.000
202606231830,   1.137,9999.000,9999.000,9999.000,9999.000,9999.000,9999.000,9999.000,9999.000
202606231836,   1.140,9999.000,9999.000,9999.000,9999.000,9999.000,9999.000,9999.000,9999.000
202606231842,   1.143,9999.000,9999.000,9999.000,9999.000,9999.000,9999.000,9999.000,9999.000
202606231848,   1.147,9999.000,9999.000,9999.000,9999.000,9999.000,9999.000,9999.000,9999.000
202606231854,   1.150,9999.000,9999.000,9999.000,9999.000,9999.000,9999.000,9999.000,9999.000
202606231900,   1.153,9999.000,   0.700,  -0.138,   1.715,   0.600,   1.615,   0.800,   1.815
202606231906,   1.156,9999.000,9999.000,9999.000,9999.000,9999.000,9999.000,9999.000,9999.000
202606231912,   1.159,9999.000,9999.000,9999.000,9999.000,9999.000,9999.000,9999.000,9999.000
202606231918,   1.162,9999.000,9999.000,9999.000,9999.000,9999.000,9999.000,9999.000,9999.000
202606231924,   1.165,9999.000,9999.000,9999.000,9999.000,9999.000,9999.000,9999.000,9999.000
202606231930,   1.167,9999.000,9999.000,9999.000,9999.000,9999.000,9999.000,9999.000,9999.000
202606231936,   1.168,9999.000,9999.000,9999.000,9999.000,9999.000,9999.000,9999.000,9999.000
202606231942,   1.170,9999.000,9999.000,9999.000,9999.000,9999.000,9999.000,9999.000,9999.000
202606231948,   1.171,9999.000,9999.000,9999.000,9999.000,9999.000,9999.000,9999.000,9999.000
202606231954,   1.171,9999.000,9999.000,9999.000,9999.000,9999.000,9999.000,9999.000,9999.000
202606232000,   1.171,9999.000,   0.700,  -0.138,   1.733,   0.600,   1.633,   0.800,   1.833
202606232006,   1.170,9999.000,9999.000,9999.000,9999.000,9999.000,9999.000,9999.000,9999.000
202606232012,   1.169,9999.000,9999.000,9999.000,9999.000,9999.000,9999.000,9999.000,9999.000
202606232018,   1.168,9999.000,9999.000,9999.000,9999.000,9999.000,9999.000,9999.000,9999.000
202606232024,   1.165,9999.000,9999.000,9999.000,9999.000,9999.000,9999.000,9999.000,9999.000
202606232030,   1.163,9999.000,9999.000,9999.000,9999.000,9999.000,9999.000,9999.000,9999.000
202606232036,   1.159,9999.000,9999.000,9999.000,9999.000,9999.000,9999.000,9999.000,9999.000
202606232042,   1.155,9999.000,9999.000,9999.000,9999.000,9999.000,9999.000,9999.000,9999.000
202606232048,   1.151,9999.000,9999.000,9999.000,9999.000,9999.000,9999.000,9999.000,9999.000
202606232054,   1.146,9999.000,9999.000,9999.000,9999.000,9999.000,9999.000,9999.000,9999.000
202606232100,   1.140,9999.000,   0.700,  -0.138,   1.702,   0.600,   1.602,   0.800,   1.802
202606232106,   1.134,9999.000,9999.000,9999.000,9999.000,9999.000,9999.000,9999.000,9999.000
202606232112,   1.127,9999.000,9999.000,9999.000,9999.000,9999.000,9999.000,9999.000,9999.000
202606232118,   1.119,9999.000,9999.000,9999.000,9999.000,9999.000,9999.000,9999.000,9999.000
202606232124,   1.112,9999.000,9999.000,9999.000,9999.000,9999.000,9999.000,9999.000,9999.000
202606232130,   1.103,9999.000,9999.000,9999.000,9999.000,9999.000,9999.000,9999.000,9999.000
202606232136,   1.094,9999.000,9999.000,9999.000,9999.000,9999.000,9999.000,9999.000,9999.000
202606232142,   1.084,9999.000,9999.000,9999.000,9999.000,9999.000,9999.000,9999.000,9999.000
202606232148,   1.074,9999.000,9999.000,9999.000,9999.000,9999.000,9999.000,9999.000,9999.000
202606232154,   1.063,9999.000,9999.000,9999.000,9999.000,9999.000,9999.000,9999.000,9999.000
202606232200,   1.052,9999.000,   0.700,  -0.138,   1.614,   0.600,   1.514,   0.800,   1.714
202606232206,   1.040,9999.000,9999.000,9999.000,9999.000,9999.000,9999.000,9999.000,9999.000
202606232212,   1.027,9999.000,9999.000,9999.000,9999.000,9999.000,9999.000,9999.000,9999.000
202606232218,   1.014,9999.000,9999.000,9999.000,9999.000,9999.000,9999.000,9999.000,9999.000
202606232224,   1.000,9999.000,9999.000,9999.000,9999.000,9999.000,9999.000,9999.000,9999.000
202606232230,   0.986,9999.000,9999.000,9999.000,9999.000,9999.000,9999.000,9999.000,9999.000
202606232236,   0.971,9999.000,9999.000,9999.000,9999.000,9999.000,9999.000,9999.000,9999.000
202606232242,   0.956,9999.000,9999.000,9999.000,9999.000,9999.000,9999.000,9999.000,9999.000
202606232248,   0.940,9999.000,9999.000,9999.000,9999.000,9999.000,9999.000,9999.000,9999.000
202606232254,   0.924,9999.000,9999.000,9999.000,9999.000,9999.000,9999.000,9999.000,9999.000
202606232300,   0.907,9999.000,   0.700,  -0.138,   1.469,   0.600,   1.369,   0.800,   1.569
202606232306,   0.890,9999.000,9999.000,9999.000,9999.000,9999.000,9999.000,9999.000,9999.000
202606232312,   0.873,9999.000,9999.000,9999.000,9999.000,9999.000,9999.000,9999.000,9999.000
202606232318,   0.855,9999.000,9999.000,9999.000,9999.000,9999.000,9999.000,9999.000,9999.000
202606232324,   0.837,9999.000,9999.000,9999.000,9999.000,9999.000,9999.000,9999.000,9999.000
202606232330,   0.818,9999.000,9999.000,9999.000,9999.000,9999.000,9999.000,9999.000,9999.000
202606232336,   0.800,9999.000,9999.000,9999.000,9999.000,9999.000,9999.000,9999.000,9999.000
202606232342,   0.781,9999.000,9999.000,9999.000,9999.000,9999.000,9999.000,9999.000,9999.000
202606232348,   0.761,9999.000,9999.000,9999.000,9999.000,9999.000,9999.000,9999.000,9999.000
202606232354,   0.742,9999.000,9999.000,9999.000,9999.000,9999.000,9999.000,9999.000,9999.000
202606240000,   0.723,9999.000,   0.700,  -0.138,   1.285,   0.600,   1.185,   0.800,   1.385
202606240006,   0.703,9999.000,9999.000,9999.000,9999.000,9999.000,9999.000,9999.000,9999.000
202606240012,   0.683,9999.000,9999.000,9999.000,9999.000,9999.000,9999.000,9999.000,9999.000
202606240018,   0.663,9999.000,9999.000,9999.000,9999.000,9999.000,9999.000,9999.000,9999.000
202606240024,   0.643,9999.000,9999.000,9999.000,9999.000,9999.000,9999.000,9999.000,9999.000
202606240030,   0.623,9999.000,9999.000,9999.000,9999.000,9999.000,9999.000,9999.000,9999.000
202606240036,   0.603,9999.000,9999.000,9999.000,9999.000,9999.000,9999.000,9999.000,9999.000
202606240042,   0.583,9999.000,9999.000,9999.000,9999.000,9999.000,9999.000,9999.000,9999.000
202606240048,   0.563,9999.000,9999.000,9999.000,9999.000,9999.000,9999.000,9999.000,9999.000
202606240054,   0.543,9999.000,9999.000,9999.000,9999.000,9999.000,9999.000,9999.000,9999.000
202606240100,   0.523,9999.000,   0.700,  -0.138,   1.085,   0.600,   0.985,   0.800,   1.185
202606240106,   0.502,9999.000,9999.000,9999.000,9999.000,9999.000,9999.000,9999.000,9999.000
202606240112,   0.482,9999.000,9999.000,9999.000,9999.000,9999.000,9999.000,9999.000,9999.000
202606240118,   0.462,9999.000,9999.000,9999.000,9999.000,9999.000,9999.000,9999.000,9999.000
202606240124,   0.442,9999.000,9999.000,9999.000,9999.000,9999.000,9999.000,9999.000,9999.000
202606240130,   0.422,9999.000,9999.000,9999.000,9999.000,9999.000,9999.000,9999.000,9999.000
202606240136,   0.402,9999.000,9999.000,9999.000,9999.000,9999.000,9999.000,9999.000,9999.000
202606240142,   0.382,9999.000,9999.000,9999.000,9999.000,9999.000,9999.000,9999.000,9999.000
202606240148,   0.362,9999.000,9999.000,9999.000,9999.000,9999.000,9999.000,9999.000,9999.000
202606240154,   0.343,9999.000,9999.000,9999.000,9999.000,9999.000,9999.000,9999.000,9999.000
202606240200,   0.324,9999.000,   0.700,  -0.138,   0.886,   0.600,   0.786,   0.800,   0.986
202606240206,   0.305,9999.000,9999.000,9999.000,9999.000,9999.000,9999.000,9999.000,9999.000
202606240212,   0.287,9999.000,9999.000,9999.000,9999.000,9999.000,9999.000,9999.000,9999.000
202606240218,   0.269,9999.000,9999.000,9999.000,9999.000,9999.000,9999.000,9999.000,9999.000
202606240224,   0.252,9999.000,9999.000,9999.000,9999.000,9999.000,9999.000,9999.000,9999.000
202606240230,   0.235,9999.000,9999.000,9999.000,9999.000,9999.000,9999.000,9999.000,9999.000
202606240236,   0.219,9999.000,9999.000,9999.000,9999.000,9999.000,9999.000,9999.000,9999.000
202606240242,   0.204,9999.000,9999.000,9999.000,9999.000,9999.000,9999.000,9999.000,9999.000
202606240248,   0.190,9999.000,9999.000,9999.000,9999.000,9999.000,9999.000,9999.000,9999.000
202606240254,   0.176,9999.000,9999.000,9999.000,9999.000,9999.000,9999.000,9999.000,9999.000
202606240300,   0.164,9999.000,   0.700,  -0.138,   0.726,   0.600,   0.626,   0.800,   0.826
202606240306,   0.152,9999.000,9999.000,9999.000,9999.000,9999.000,9999.000,9999.000,9999.000
202606240312,   0.141,9999.000,9999.000,9999.000,9999.000,9999.000,9999.000,9999.000,9999.000
202606240318,   0.132,9999.000,9999.000,9999.000,9999.000,9999.000,9999.000,9999.000,9999.000
202606240324,   0.123,9999.000,9999.000,9999.000,9999.000,9999.000,9999.000,9999.000,9999.000
202606240330,   0.116,9999.000,9999.000,9999.000,9999.000,9999.000,9999.000,9999.000,9999.000
202606240336,   0.110,9999.000,9999.000,9999.000,9999.000,9999.000,9999.000,9999.000,9999.000
202606240342,   0.104,9999.000,9999.000,9999.000,9999.000,9999.000,9999.000,9999.000,9999.000
202606240348,   0.100,9999.000,9999.000,9999.000,9999.000,9999.000,9999.000,9999.000,9999.000
202606240354,   0.097,9999.000,9999.000,9999.000,9999.000,9999.000,9999.000,9999.000,9999.000
202606240400,   0.095,9999.000,   0.700,  -0.138,   0.657,   0.600,   0.557,   0.700,   0.657
202606240406,   0.094,9999.000,9999.000,9999.000,9999.000,9999.000,9999.000,9999.000,9999.000
202606240412,   0.093,9999.000,9999.000,9999.000,9999.000,9999.000,9999.000,9999.000,9999.000
202606240418,   0.094,9999.000,9999.000,9999.000,9999.000,9999.000,9999.000,9999.000,9999.000
202606240424,   0.095,9999.000,9999.000,9999.000,9999.000,9999.000,9999.000,9999.000,9999.000
202606240430,   0.098,9999.000,9999.000,9999.000,9999.000,9999.000,9999.000,9999.000,9999.000
202606240436,   0.101,9999.000,9999.000,9999.000,9999.000,9999.000,9999.000,9999.000,9999.000
202606240442,   0.105,9999.000,9999.000,9999.000,9999.000,9999.000,9999.000,9999.000,9999.000
202606240448,   0.110,9999.000,9999.000,9999.000,9999.000,9999.000,9999.000,9999.000,9999.000
202606240454,   0.115,9999.000,9999.000,9999.000,9999.000,9999.000,9999.000,9999.000,9999.000
202606240500,   0.121,9999.000,   0.700,  -0.138,   0.683,   0.600,   0.583,   0.700,   0.683
202606240506,   0.128,9999.000,9999.000,9999.000,9999.000,9999.000,9999.000,9999.000,9999.000
202606240512,   0.136,9999.000,9999.000,9999.000,9999.000,9999.000,9999.000,9999.000,9999.000
202606240518,   0.144,9999.000,9999.000,9999.000,9999.000,9999.000,9999.000,9999.000,9999.000
202606240524,   0.153,9999.000,9999.000,9999.000,9999.000,9999.000,9999.000,9999.000,9999.000
202606240530,   0.162,9999.000,9999.000,9999.000,9999.000,9999.000,9999.000,9999.000,9999.000
202606240536,   0.173,9999.000,9999.000,9999.000,9999.000,9999.000,9999.000,9999.000,9999.000
202606240542,   0.184,9999.000,9999.000,9999.000,9999.000,9999.000,9999.000,9999.000,9999.000
202606240548,   0.196,9999.000,9999.000,9999.000,9999.000,9999.000,9999.000,9999.000,9999.000
202606240554,   0.208,9999.000,9999.000,9999.000,9999.000,9999.000,9999.000,9999.000,9999.000
202606240600,   0.222,9999.000,   0.700,  -0.138,   0.784,   0.600,   0.684,   0.700,   0.784
202606240606,   0.236,9999.000,9999.000,9999.000,9999.000,9999.000,9999.000,9999.000,9999.000
202606240612,   0.251,9999.000,9999.000,9999.000,9999.000,9999.000,9999.000,9999.000,9999.000
202606240618,   0.267,9999.000,9999.000,9999.000,9999.000,9999.000,9999.000,9999.000,9999.000
202606240624,   0.283,9999.000,9999.000,9999.000,9999.000,9999.000,9999.000,9999.000,9999.000
202606240630,   0.301,9999.000,9999.000,9999.000,9999.000,9999.000,9999.000,9999.000,9999.000
202606240636,   0.319,9999.000,9999.000,9999.000,9999.000,9999.000,9999.000,9999.000,9999.000
202606240642,   0.338,9999.000,9999.000,9999.000,9999.000,9999.000,9999.000,9999.000,9999.000
202606240648,   0.357,9999.000,9999.000,9999.000,9999.000,9999.000,9999.000,9999.000,9999.000
202606240654,   0.377,9999.000,9999.000,9999.000,9999.000,9999.000,9999.000,9999.000,9999.000
202606240700,   0.398,9999.000,   0.700,  -0.138,   0.960,   0.600,   0.860,   0.700,   0.960
202606240706,   0.420,9999.000,9999.000,9999.000,9999.000,9999.000,9999.000,9999.000,9999.000
202606240712,   0.442,9999.000,9999.000,9999.000,9999.000,9999.000,9999.000,9999.000,9999.000
202606240718,   0.464,9999.000,9999.000,9999.000,9999.000,9999.000,9999.000,9999.000,9999.000
202606240724,   0.487,9999.000,9999.000,9999.000,9999.000,9999.000,9999.000,9999.000,9999.000
202606240730,   0.511,9999.000,9999.000,9999.000,9999.000,9999.000,9999.000,9999.000,9999.000
202606240736,   0.534,9999.000,9999.000,9999.000,9999.000,9999.000,9999.000,9999.000,9999.000
202606240742,   0.558,9999.000,9999.000,9999.000,9999.000,9999.000,9999.000,9999.000,9999.000
202606240748,   0.582,9999.000,9999.000,9999.000,9999.000,9999.000,9999.000,9999.000,9999.000
202606240754,   0.606,9999.000,9999.000,9999.000,9999.000,9999.000,9999.000,9999.000,9999.000
202606240800,   0.631,9999.000,   0.600,  -0.138,   1.093,   0.500,   0.993,   0.700,   1.193
202606240806,   0.655,9999.000,9999.000,9999.000,9999.000,9999.000,9999.000,9999.000,9999.000
202606240812,   0.679,9999.000,9999.000,9999.000,9999.000,9999.000,9999.000,9999.000,9999.000
202606240818,   0.703,9999.000,9999.000,9999.000,9999.000,9999.000,9999.000,9999.000,9999.000
202606240824,   0.727,9999.000,9999.000,9999.000,9999.000,9999.000,9999.000,9999.000,9999.000
202606240830,   0.750,9999.000,9999.000,9999.000,9999.000,9999.000,9999.000,9999.000,9999.000
202606240836,   0.774,9999.000,9999.000,9999.000,9999.000,9999.000,9999.000,9999.000,9999.000
202606240842,   0.797,9999.000,9999.000,9999.000,9999.000,9999.000,9999.000,9999.000,9999.000
202606240848,   0.820,9999.000,9999.000,9999.000,9999.000,9999.000,9999.000,9999.000,9999.000
202606240854,   0.842,9999.000,9999.000,9999.000,9999.000,9999.000,9999.000,9999.000,9999.000
202606240900,   0.865,9999.000,   0.600,  -0.138,   1.327,   0.500,   1.227,   0.700,   1.427
202606240906,   0.887,9999.000,9999.000,9999.000,9999.000,9999.000,9999.000,9999.000,9999.000
202606240912,   0.908,9999.000,9999.000,9999.000,9999.000,9999.000,9999.000,9999.000,9999.000
202606240918,   0.929,9999.000,9999.000,9999.000,9999.000,9999.000,9999.000,9999.000,9999.000
202606240924,   0.950,9999.000,9999.000,9999.000,9999.000,9999.000,9999.000,9999.000,9999.000
202606240930,   0.971,9999.000,9999.000,9999.000,9999.000,9999.000,9999.000,9999.000,9999.000
202606240936,   0.991,9999.000,9999.000,9999.000,9999.000,9999.000,9999.000,9999.000,9999.000
202606240942,   1.011,9999.000,9999.000,9999.000,9999.000,9999.000,9999.000,9999.000,9999.000
202606240948,   1.030,9999.000,9999.000,9999.000,9999.000,9999.000,9999.000,9999.000,9999.000
202606240954,   1.049,9999.000,9999.000,9999.000,9999.000,9999.000,9999.000,9999.000,9999.000
202606241000,   1.068,9999.000,   0.600,  -0.138,   1.530,   0.500,   1.430,   0.700,   1.630
202606241006,   1.086,9999.000,9999.000,9999.000,9999.000,9999.000,9999.000,9999.000,9999.000
202606241012,   1.103,9999.000,9999.000,9999.000,9999.000,9999.000,9999.000,9999.000,9999.000
202606241018,   1.120,9999.000,9999.000,9999.000,9999.000,9999.000,9999.000,9999.000,9999.000
202606241024,   1.137,9999.000,9999.000,9999.000,9999.000,9999.000,9999.000,9999.000,9999.000
202606241030,   1.153,9999.000,9999.000,9999.000,9999.000,9999.000,9999.000,9999.000,9999.000
202606241036,   1.169,9999.000,9999.000,9999.000,9999.000,9999.000,9999.000,9999.000,9999.000
202606241042,   1.184,9999.000,9999.000,9999.000,9999.000,9999.000,9999.000,9999.000,9999.000
202606241048,   1.198,9999.000,9999.000,9999.000,9999.000,9999.000,9999.000,9999.000,9999.000
202606241054,   1.212,9999.000,9999.000,9999.000,9999.000,9999.000,9999.000,9999.000,9999.000
202606241100,   1.225,9999.000,   0.600,  -0.138,   1.687,   0.500,   1.587,   0.700,   1.787
202606241106,   1.237,9999.000,9999.000,9999.000,9999.000,9999.000,9999.000,9999.000,9999.000
202606241112,   1.249,9999.000,9999.000,9999.000,9999.000,9999.000,9999.000,9999.000,9999.000
202606241118,   1.261,9999.000,9999.000,9999.000,9999.000,9999.000,9999.000,9999.000,9999.000
202606241124,   1.271,9999.000,9999.000,9999.000,9999.000,9999.000,9999.000,9999.000,9999.000
202606241130,   1.281,9999.000,9999.000,9999.000,9999.000,9999.000,9999.000,9999.000,9999.000
202606241136,   1.291,9999.000,9999.000,9999.000,9999.000,9999.000,9999.000,9999.000,9999.000
202606241142,   1.300,9999.000,9999.000,9999.000,9999.000,9999.000,9999.000,9999.000,9999.000
202606241148,   1.308,9999.000,9999.000,9999.000,9999.000,9999.000,9999.000,9999.000,9999.000
202606241154,   1.316,9999.000,9999.000,9999.000,9999.000,9999.000,9999.000,9999.000,9999.000
202606241200,   1.323,9999.000,   0.600,  -0.138,   1.785,   0.500,   1.685,   0.700,   1.885
202606241206,   1.329,9999.000,9999.000,9999.000,9999.000,9999.000,9999.000,9999.000,9999.000
202606241212,   1.336,9999.000,9999.000,9999.000,9999.000,9999.000,9999.000,9999.000,9999.000
202606241218,   1.341,9999.000,9999.000,9999.000,9999.000,9999.000,9999.000,9999.000,9999.000
202606241224,   1.346,9999.000,9999.000,9999.000,9999.000,9999.000,9999.000,9999.000,9999.000
202606241230,   1.351,9999.000,9999.000,9999.000,9999.000,9999.000,9999.000,9999.000,9999.000
202606241236,   1.355,9999.000,9999.000,9999.000,9999.000,9999.000,9999.000,9999.000,9999.000
202606241242,   1.359,9999.000,9999.000,9999.000,9999.000,9999.000,9999.000,9999.000,9999.000
202606241248,   1.362,9999.000,9999.000,9999.000,9999.000,9999.000,9999.000,9999.000,9999.000
202606241254,   1.365,9999.000,9999.000,9999.000,9999.000,9999.000,9999.000,9999.000,9999.000
202606241300,   1.367,9999.000,   0.600,  -0.138,   1.829,   0.500,   1.729,   0.700,   1.929
202606241306,   1.369,9999.000,9999.000,9999.000,9999.000,9999.000,9999.000,9999.000,9999.000
202606241312,   1.370,9999.000,9999.000,9999.000,9999.000,9999.000,9999.000,9999.000,9999.000
202606241318,   1.371,9999.000,9999.000,9999.000,9999.000,9999.000,9999.000,9999.000,9999.000
202606241324,   1.372,9999.000,9999.000,9999.000,9999.000,9999.000,9999.000,9999.000,9999.000
202606241330,   1.371,9999.000,9999.000,9999.000,9999.000,9999.000,9999.000,9999.000,9999.000
202606241336,   1.371,9999.000,9999.000,9999.000,9999.000,9999.000,9999.000,9999.000,9999.000
202606241342,   1.370,9999.000,9999.000,9999.000,9999.000,9999.000,9999.000,9999.000,9999.000
202606241348,   1.369,9999.000,9999.000,9999.000,9999.000,9999.000,9999.000,9999.000,9999.000
202606241354,   1.367,9999.000,9999.000,9999.000,9999.000,9999.000,9999.000,9999.000,9999.000
202606241400,   1.365,9999.000,   0.600,  -0.138,   1.827,   0.500,   1.727,   0.700,   1.927
202606241406,   1.362,9999.000,9999.000,9999.000,9999.000,9999.000,9999.000,9999.000,9999.000
202606241412,   1.359,9999.000,9999.000,9999.000,9999.000,9999.000,9999.000,9999.000,9999.000
202606241418,   1.356,9999.000,9999.000,9999.000,9999.000,9999.000,9999.000,9999.000,9999.000
202606241424,   1.352,9999.000,9999.000,9999.000,9999.000,9999.000,9999.000,9999.000,9999.000
202606241430,   1.349,9999.000,9999.000,9999.000,9999.000,9999.000,9999.000,9999.000,9999.000
202606241436,   1.345,9999.000,9999.000,9999.000,9999.000,9999.000,9999.000,9999.000,9999.000
202606241442,   1.340,9999.000,9999.000,9999.000,9999.000,9999.000,9999.000,9999.000,9999.000
202606241448,   1.336,9999.000,9999.000,9999.000,9999.000,9999.000,9999.000,9999.000,9999.000
202606241454,   1.332,9999.000,9999.000,9999.000,9999.000,9999.000,9999.000,9999.000,9999.000
202606241500,   1.327,9999.000,   0.600,  -0.138,   1.789,   0.500,   1.689,   0.700,   1.889
202606241506,   1.323,9999.000,9999.000,9999.000,9999.000,9999.000,9999.000,9999.000,9999.000
202606241512,   1.319,9999.000,9999.000,9999.000,9999.000,9999.000,9999.000,9999.000,9999.000
202606241518,   1.314,9999.000,9999.000,9999.000,9999.000,9999.000,9999.000,9999.000,9999.000
202606241524,   1.310,9999.000,9999.000,9999.000,9999.000,9999.000,9999.000,9999.000,9999.000
202606241530,   1.306,9999.000,9999.000,9999.000,9999.000,9999.000,9999.000,9999.000,9999.000
202606241536,   1.302,9999.000,9999.000,9999.000,9999.000,9999.000,9999.000,9999.000,9999.000
202606241542,   1.299,9999.000,9999.000,9999.000,9999.000,9999.000,9999.000,9999.000,9999.000
202606241548,   1.296,9999.000,9999.000,9999.000,9999.000,9999.000,9999.000,9999.000,9999.000
202606241554,   1.292,9999.000,9999.000,9999.000,9999.000,9999.000,9999.000,9999.000,9999.000
202606241600,   1.289,9999.000,   0.600,  -0.138,   1.751,   0.500,   1.651,   0.600,   1.751
202606241606,   1.287,9999.000,9999.000,9999.000,9999.000,9999.000,9999.000,9999.000,9999.000
202606241612,   1.284,9999.000,9999.000,9999.000,9999.000,9999.000,9999.000,9999.000,9999.000
202606241618,   1.282,9999.000,9999.000,9999.000,9999.000,9999.000,9999.000,9999.000,9999.000
202606241624,   1.279,9999.000,9999.000,9999.000,9999.000,9999.000,9999.000,9999.000,9999.000
202606241630,   1.277,9999.000,9999.000,9999.000,9999.000,9999.000,9999.000,9999.000,9999.000
202606241636,   1.275,9999.000,9999.000,9999.000,9999.000,9999.000,9999.000,9999.000,9999.000
202606241642,   1.273,9999.000,9999.000,9999.000,9999.000,9999.000,9999.000,9999.000,9999.000
202606241648,   1.271,9999.000,9999.000,9999.000,9999.000,9999.000,9999.000,9999.000,9999.000
202606241654,   1.269,9999.000,9999.000,9999.000,9999.000,9999.000,9999.000,9999.000,9999.000
202606241700,   1.267,9999.000,   0.600,  -0.138,   1.729,   0.500,   1.629,   0.600,   1.729
202606241706,   1.265,9999.000,9999.000,9999.000,9999.000,9999.000,9999.000,9999.000,9999.000
202606241712,   1.262,9999.000,9999.000,9999.000,9999.000,9999.000,9999.000,9999.000,9999.000
202606241718,   1.260,9999.000,9999.000,9999.000,9999.000,9999.000,9999.000,9999.000,9999.000
202606241724,   1.258,9999.000,9999.000,9999.000,9999.000,9999.000,9999.000,9999.000,9999.000
202606241730,   1.255,9999.000,9999.000,9999.000,9999.000,9999.000,9999.000,9999.000,9999.000
202606241736,   1.253,9999.000,9999.000,9999.000,9999.000,9999.000,9999.000,9999.000,9999.000
202606241742,   1.250,9999.000,9999.000,9999.000,9999.000,9999.000,9999.000,9999.000,9999.000
202606241748,   1.247,9999.000,9999.000,9999.000,9999.000,9999.000,9999.000,9999.000,9999.000
202606241754,   1.244,9999.000,9999.000,9999.000,9999.000,9999.000,9999.000,9999.000,9999.000
202606241800,   1.241,9999.000,   0.600,  -0.138,   1.703,   0.500,   1.603,   0.600,   1.703
202606241806,   1.239,9999.000,9999.000,9999.000,9999.000,9999.000,9999.000,9999.000,9999.000
202606241812,   1.236,9999.000,9999.000,9999.000,9999.000,9999.000,9999.000,9999.000,9999.000
202606241818,   1.233,9999.000,9999.000,9999.000,9999.000,9999.000,9999.000,9999.000,9999.000
202606241824,   1.230,9999.000,9999.000,9999.000,9999.000,9999.000,9999.000,9999.000,9999.000
202606241830,   1.228,9999.000,9999.000,9999.000,9999.000,9999.000,9999.000,9999.000,9999.000
202606241836,   1.225,9999.000,9999.000,9999.000,9999.000,9999.000,9999.000,9999.000,9999.000
202606241842,   1.223,9999.000,9999.000,9999.000,9999.000,9999.000,9999.000,9999.000,9999.000
202606241848,   1.220,9999.000,9999.000,9999.000,9999.000,9999.000,9999.000,9999.000,9999.000
202606241854,   1.218,9999.000,9999.000,9999.000,9999.000,9999.000,9999.000,9999.000,9999.000
202606241900,   1.216,9999.000,   0.600,  -0.138,   1.678,   0.500,   1.578,   0.600,   1.678
202606241906,   1.214,9999.000,9999.000,9999.000,9999.000,9999.000,9999.000,9999.000,9999.000
202606241912,   1.212,9999.000,9999.000,9999.000,9999.000,9999.000,9999.000,9999.000,9999.000
202606241918,   1.210,9999.000,9999.000,9999.000,9999.000,9999.000,9999.000,9999.000,9999.000
202606241924,   1.208,9999.000,9999.000,9999.000,9999.000,9999.000,9999.000,9999.000,9999.000
202606241930,   1.206,9999.000,9999.000,9999.000,9999.000,9999.000,9999.000,9999.000,9999.000
202606241936,   1.204,9999.000,9999.000,9999.000,9999.000,9999.000,9999.000,9999.000,9999.000
202606241942,   1.202,9999.000,9999.000,9999.000,9999.000,9999.000,9999.000,9999.000,9999.000
202606241948,   1.200,9999.000,9999.000,9999.000,9999.000,9999.000,9999.000,9999.000,9999.000
202606241954,   1.198,9999.000,9999.000,9999.000,9999.000,9999.000,9999.000,9999.000,9999.000
202606242000,   1.195,9999.000,   0.600,  -0.138,   1.657,   0.500,   1.557,   0.700,   1.757
202606242006,   1.192,9999.000,9999.000,9999.000,9999.000,9999.000,9999.000,9999.000,9999.000
202606242012,   1.189,9999.000,9999.000,9999.000,9999.000,9999.000,9999.000,9999.000,9999.000
202606242018,   1.185,9999.000,9999.000,9999.000,9999.000,9999.000,9999.000,9999.000,9999.000
202606242024,   1.181,9999.000,9999.000,9999.000,9999.000,9999.000,9999.000,9999.000,9999.000
202606242030,   1.176,9999.000,9999.000,9999.000,9999.000,9999.000,9999.000,9999.000,9999.000
202606242036,   1.171,9999.000,9999.000,9999.000,9999.000,9999.000,9999.000,9999.000,9999.000
202606242042,   1.165,9999.000,9999.000,9999.000,9999.000,9999.000,9999.000,9999.000,9999.000
202606242048,   1.159,9999.000,9999.000,9999.000,9999.000,9999.000,9999.000,9999.000,9999.000
202606242054,   1.152,9999.000,9999.000,9999.000,9999.000,9999.000,9999.000,9999.000,9999.000
202606242100,   1.145,9999.000,   0.600,  -0.138,   1.607,   0.500,   1.507,   0.700,   1.707
202606242106,   1.137,9999.000,9999.000,9999.000,9999.000,9999.000,9999.000,9999.000,9999.000
202606242112,   1.129,9999.000,9999.000,9999.000,9999.000,9999.000,9999.000,9999.000,9999.000
202606242118,   1.120,9999.000,9999.000,9999.000,9999.000,9999.000,9999.000,9999.000,9999.000
202606242124,   1.111,9999.000,9999.000,9999.000,9999.000,9999.000,9999.000,9999.000,9999.000
202606242130,   1.101,9999.000,9999.000,9999.000,9999.000,9999.000,9999.000,9999.000,9999.000
202606242136,   1.090,9999.000,9999.000,9999.000,9999.000,9999.000,9999.000,9999.000,9999.000
202606242142,   1.079,9999.000,9999.000,9999.000,9999.000,9999.000,9999.000,9999.000,9999.000
202606242148,   1.068,9999.000,9999.000,9999.000,9999.000,9999.000,9999.000,9999.000,9999.000
202606242154,   1.056,9999.000,9999.000,9999.000,9999.000,9999.000,9999.000,9999.000,9999.000
202606242200,   1.044,9999.000,   0.600,  -0.138,   1.506,   0.500,   1.406,   0.700,   1.606
202606242206,   1.031,9999.000,9999.000,9999.000,9999.000,9999.000,9999.000,9999.000,9999.000
202606242212,   1.018,9999.000,9999.000,9999.000,9999.000,9999.000,9999.000,9999.000,9999.000
202606242218,   1.004,9999.000,9999.000,9999.000,9999.000,9999.000,9999.000,9999.000,9999.000
202606242224,   0.990,9999.000,9999.000,9999.000,9999.000,9999.000,9999.000,9999.000,9999.000
202606242230,   0.975,9999.000,9999.000,9999.000,9999.000,9999.000,9999.000,9999.000,9999.000
202606242236,   0.961,9999.000,9999.000,9999.000,9999.000,9999.000,9999.000,9999.000,9999.000
202606242242,   0.945,9999.000,9999.000,9999.000,9999.000,9999.000,9999.000,9999.000,9999.000
202606242248,   0.929,9999.000,9999.000,9999.000,9999.000,9999.000,9999.000,9999.000,9999.000
202606242254,   0.913,9999.000,9999.000,9999.000,9999.000,9999.000,9999.000,9999.000,9999.000
202606242300,   0.896,9999.000,   0.600,  -0.138,   1.358,   0.500,   1.258,   0.700,   1.458
202606242306,   0.879,9999.000,9999.000,9999.000,9999.000,9999.000,9999.000,9999.000,9999.000
202606242312,   0.862,9999.000,9999.000,9999.000,9999.000,9999.000,9999.000,9999.000,9999.000
202606242318,   0.844,9999.000,9999.000,9999.000,9999.000,9999.000,9999.000,9999.000,9999.000
202606242324,   0.825,9999.000,9999.000,9999.000,9999.000,9999.000,9999.000,9999.000,9999.000
202606242330,   0.806,9999.000,9999.000,9999.000,9999.000,9999.000,9999.000,9999.000,9999.000
202606242336,   0.787,9999.000,9999.000,9999.000,9999.000,9999.000,9999.000,9999.000,9999.000
202606242342,   0.767,9999.000,9999.000,9999.000,9999.000,9999.000,9999.000,9999.000,9999.000
202606242348,   0.747,9999.000,9999.000,9999.000,9999.000,9999.000,9999.000,9999.000,9999.000
202606242354,   0.727,9999.000,9999.000,9999.000,9999.000,9999.000,9999.000,9999.000,9999.000
202606250000,   0.706,9999.000,   0.600,  -0.138,   1.168,   0.500,   1.068,   0.700,   1.268
202606250006,   0.685,9999.000,9999.000,9999.000,9999.000,9999.000,9999.000,9999.000,9999.000
202606250012,   0.663,9999.000,9999.000,9999.000,9999.000,9999.000,9999.000,9999.000,9999.000
202606250018,   0.642,9999.000,9999.000,9999.000,9999.000,9999.000,9999.000,9999.000,9999.000
202606250024,   0.620,9999.000,9999.000,9999.000,9999.000,9999.000,9999.000,9999.000,9999.000
202606250030,   0.598,9999.000,9999.000,9999.000,9999.000,9999.000,9999.000,9999.000,9999.000
202606250036,   0.576,9999.000,9999.000,9999.000,9999.000,9999.000,9999.000,9999.000,9999.000
202606250042,   0.553,9999.000,9999.000,9999.000,9999.000,9999.000,9999.000,9999.000,9999.000
202606250048,   0.531,9999.000,9999.000,9999.000,9999.000,9999.000,9999.000,9999.000,9999.000
202606250054,   0.509,9999.000,9999.000,9999.000,9999.000,9999.000,9999.000,9999.000,9999.000
202606250100,   0.487,9999.000,   0.600,  -0.138,   0.949,   0.500,   0.849,   0.700,   1.049
202606250106,   0.464,9999.000,9999.000,9999.000,9999.000,9999.000,9999.000,9999.000,9999.000
202606250112,   0.442,9999.000,9999.000,9999.000,9999.000,9999.000,9999.000,9999.000,9999.000
202606250118,   0.420,9999.000,9999.000,9999.000,9999.000,9999.000,9999.000,9999.000,9999.000
202606250124,   0.398,9999.000,9999.000,9999.000,9999.000,9999.000,9999.000,9999.000,9999.000
202606250130,   0.377,9999.000,9999.000,9999.000,9999.000,9999.000,9999.000,9999.000,9999.000
202606250136,   0.355,9999.000,9999.000,9999.000,9999.000,9999.000,9999.000,9999.000,9999.000
202606250142,   0.334,9999.000,9999.000,9999.000,9999.000,9999.000,9999.000,9999.000,9999.000
202606250148,   0.313,9999.000,9999.000,9999.000,9999.000,9999.000,9999.000,9999.000,9999.000
202606250154,   0.292,9999.000,9999.000,9999.000,9999.000,9999.000,9999.000,9999.000,9999.000
202606250200,   0.271,9999.000,   0.600,  -0.138,   0.733,   0.500,   0.633,   0.700,   0.833
202606250206,   0.251,9999.000,9999.000,9999.000,9999.000,9999.000,9999.000,9999.000,9999.000
202606250212,   0.231,9999.000,9999.000,9999.000,9999.000,9999.000,9999.000,9999.000,9999.000
202606250218,   0.212,9999.000,9999.000,9999.000,9999.000,9999.000,9999.000,9999.000,9999.000
202606250224,   0.192,9999.000,9999.000,9999.000,9999.000,9999.000,9999.000,9999.000,9999.000
202606250230,   0.173,9999.000,9999.000,9999.000,9999.000,9999.000,9999.000,9999.000,9999.000
202606250236,   0.155,9999.000,9999.000,9999.000,9999.000,9999.000,9999.000,9999.000,9999.000
202606250242,   0.137,9999.000,9999.000,9999.000,9999.000,9999.000,9999.000,9999.000,9999.000
202606250248,   0.119,9999.000,9999.000,9999.000,9999.000,9999.000,9999.000,9999.000,9999.000
202606250254,   0.102,9999.000,9999.000,9999.000,9999.000,9999.000,9999.000,9999.000,9999.000
202606250300,   0.086,9999.000,   0.600,  -0.138,   0.548,   0.500,   0.448,   0.700,   0.648
202606250306,   0.070,9999.000,9999.000,9999.000,9999.000,9999.000,9999.000,9999.000,9999.000
202606250312,   0.055,9999.000,9999.000,9999.000,9999.000,9999.000,9999.000,9999.000,9999.000
202606250318,   0.041,9999.000,9999.000,9999.000,9999.000,9999.000,9999.000,9999.000,9999.000
202606250324,   0.027,9999.000,9999.000,9999.000,9999.000,9999.000,9999.000,9999.000,9999.000
202606250330,   0.014,9999.000,9999.000,9999.000,9999.000,9999.000,9999.000,9999.000,9999.000
202606250336,   0.002,9999.000,9999.000,9999.000,9999.000,9999.000,9999.000,9999.000,9999.000
202606250342,  -0.008,9999.000,9999.000,9999.000,9999.000,9999.000,9999.000,9999.000,9999.000
202606250348,  -0.018,9999.000,9999.000,9999.000,9999.000,9999.000,9999.000,9999.000,9999.000
202606250354,  -0.027,9999.000,9999.000,9999.000,9999.000,9999.000,9999.000,9999.000,9999.000
202606250400,  -0.035,9999.000,   0.600,  -0.138,   0.427,   0.500,   0.327,   0.700,   0.527
202606250406,  -0.042,9999.000,9999.000,9999.000,9999.000,9999.000,9999.000,9999.000,9999.000
202606250412,  -0.048,9999.000,9999.000,9999.000,9999.000,9999.000,9999.000,9999.000,9999.000
202606250418,  -0.053,9999.000,9999.000,9999.000,9999.000,9999.000,9999.000,9999.000,9999.000
202606250424,  -0.057,9999.000,9999.000,9999.000,9999.000,9999.000,9999.000,9999.000,9999.000
202606250430,  -0.060,9999.000,9999.000,9999.000,9999.000,9999.000,9999.000,9999.000,9999.000
202606250436,  -0.062,9999.000,9999.000,9999.000,9999.000,9999.000,9999.000,9999.000,9999.000
202606250442,  -0.063,9999.000,9999.000,9999.000,9999.000,9999.000,9999.000,9999.000,9999.000
202606250448,  -0.063,9999.000,9999.000,9999.000,9999.000,9999.000,9999.000,9999.000,9999.000
202606250454,  -0.061,9999.000,9999.000,9999.000,9999.000,9999.000,9999.000,9999.000,9999.000
202606250500,  -0.059,9999.000,   0.600,  -0.138,   0.403,   0.500,   0.303,   0.700,   0.503
202606250506,  -0.056,9999.000,9999.000,9999.000,9999.000,9999.000,9999.000,9999.000,9999.000
202606250512,  -0.052,9999.000,9999.000,9999.000,9999.000,9999.000,9999.000,9999.000,9999.000
202606250518,  -0.047,9999.000,9999.000,9999.000,9999.000,9999.000,9999.000,9999.000,9999.000
202606250524,  -0.041,9999.000,9999.000,9999.000,9999.000,9999.000,9999.000,9999.000,9999.000
202606250530,  -0.034,9999.000,9999.000,9999.000,9999.000,9999.000,9999.000,9999.000,9999.000
202606250536,  -0.026,9999.000,9999.000,9999.000,9999.000,9999.000,9999.000,9999.000,9999.000
202606250542,  -0.018,9999.000,9999.000,9999.000,9999.000,9999.000,9999.000,9999.000,9999.000
202606250548,  -0.008,9999.000,9999.000,9999.000,9999.000,9999.000,9999.000,9999.000,9999.000
202606250554,   0.001,9999.000,9999.000,9999.000,9999.000,9999.000,9999.000,9999.000,9999.000
202606250600,   0.012,9999.000,   0.600,  -0.138,   0.474,   0.500,   0.374,   0.700,   0.574
202606250606,   0.024,9999.000,9999.000,9999.000,9999.000,9999.000,9999.000,9999.000,9999.000
202606250612,   0.037,9999.000,9999.000,9999.000,9999.000,9999.000,9999.000,9999.000,9999.000
202606250618,   0.050,9999.000,9999.000,9999.000,9999.000,9999.000,9999.000,9999.000,9999.000
202606250624,   0.065,9999.000,9999.000,9999.000,9999.000,9999.000,9999.000,9999.000,9999.000
202606250630,   0.080,9999.000,9999.000,9999.000,9999.000,9999.000,9999.000,9999.000,9999.000
202606250636,   0.096,9999.000,9999.000,9999.000,9999.000,9999.000,9999.000,9999.000,9999.000
202606250642,   0.113,9999.000,9999.000,9999.000,9999.000,9999.000,9999.000,9999.000,9999.000
202606250648,   0.131,9999.000,9999.000,9999.000,9999.000,9999.000,9999.000,9999.000,9999.000
202606250654,   0.150,9999.000,9999.000,9999.000,9999.000,9999.000,9999.000,9999.000,9999.000
202606250700,   0.170,9999.000,   0.600,  -0.138,   0.632,   0.500,   0.532,   0.700,   0.732
202606250706,   0.190,9999.000,9999.000,9999.000,9999.000,9999.000,9999.000,9999.000,9999.000
202606250712,   0.211,9999.000,9999.000,9999.000,9999.000,9999.000,9999.000,9999.000,9999.000
202606250718,   0.234,9999.000,9999.000,9999.000,9999.000,9999.000,9999.000,9999.000,9999.000
202606250724,   0.257,9999.000,9999.000,9999.000,9999.000,9999.000,9999.000,9999.000,9999.000
202606250730,   0.280,9999.000,9999.000,9999.000,9999.000,9999.000,9999.000,9999.000,9999.000
202606250736,   0.305,9999.000,9999.000,9999.000,9999.000,9999.000,9999.000,9999.000,9999.000
202606250742,   0.330,9999.000,9999.000,9999.000,9999.000,9999.000,9999.000,9999.000,9999.000
202606250748,   0.356,9999.000,9999.000,9999.000,9999.000,9999.000,9999.000,9999.000,9999.000
202606250754,   0.382,9999.000,9999.000,9999.000,9999.000,9999.000,9999.000,9999.000,9999.000
202606250800,   0.409,9999.000,   0.600,  -0.138,   0.871,   0.500,   0.771,   0.700,   0.971
202606250806,   0.436,9999.000,9999.000,9999.000,9999.000,9999.000,9999.000,9999.000,9999.000
202606250812,   0.463,9999.000,9999.000,9999.000,9999.000,9999.000,9999.000,9999.000,9999.000
202606250818,   0.491,9999.000,9999.000,9999.000,9999.000,9999.000,9999.000,9999.000,9999.000
202606250824,   0.519,9999.000,9999.000,9999.000,9999.000,9999.000,9999.000,9999.000,9999.000
202606250830,   0.547,9999.000,9999.000,9999.000,9999.000,9999.000,9999.000,9999.000,9999.000
202606250836,   0.575,9999.000,9999.000,9999.000,9999.000,9999.000,9999.000,9999.000,9999.000
202606250842,   0.604,9999.000,9999.000,9999.000,9999.000,9999.000,9999.000,9999.000,9999.000
202606250848,   0.632,9999.000,9999.000,9999.000,9999.000,9999.000,9999.000,9999.000,9999.000
202606250854,   0.660,9999.000,9999.000,9999.000,9999.000,9999.000,9999.000,9999.000,9999.000
202606250900,   0.688,9999.000,   0.600,  -0.138,   1.150,   0.500,   1.050,   0.700,   1.250
202606250906,   0.716,9999.000,9999.000,9999.000,9999.000,9999.000,9999.000,9999.000,9999.000
202606250912,   0.744,9999.000,9999.000,9999.000,9999.000,9999.000,9999.000,9999.000,9999.000
202606250918,   0.771,9999.000,9999.000,9999.000,9999.000,9999.000,9999.000,9999.000,9999.000
202606250924,   0.798,9999.000,9999.000,9999.000,9999.000,9999.000,9999.000,9999.000,9999.000
202606250930,   0.825,9999.000,9999.000,9999.000,9999.000,9999.000,9999.000,9999.000,9999.000
202606250936,   0.851,9999.000,9999.000,9999.000,9999.000,9999.000,9999.000,9999.000,9999.000
202606250942,   0.878,9999.000,9999.000,9999.000,9999.000,9999.000,9999.000,9999.000,9999.000
202606250948,   0.904,9999.000,9999.000,9999.000,9999.000,9999.000,9999.000,9999.000,9999.000
202606250954,   0.929,9999.000,9999.000,9999.000,9999.000,9999.000,9999.000,9999.000,9999.000
202606251000,   0.954,9999.000,   0.600,  -0.138,   1.416,   0.500,   1.316,   0.700,   1.516
202606251006,   0.979,9999.000,9999.000,9999.000,9999.000,9999.000,9999.000,9999.000,9999.000
202606251012,   1.004,9999.000,9999.000,9999.000,9999.000,9999.000,9999.000,9999.000,9999.000
202606251018,   1.028,9999.000,9999.000,9999.000,9999.000,9999.000,9999.000,9999.000,9999.000
202606251024,   1.052,9999.000,9999.000,9999.000,9999.000,9999.000,9999.000,9999.000,9999.000
202606251030,   1.075,9999.000,9999.000,9999.000,9999.000,9999.000,9999.000,9999.000,9999.000
202606251036,   1.098,9999.000,9999.000,9999.000,9999.000,9999.000,9999.000,9999.000,9999.000
202606251042,   1.121,9999.000,9999.000,9999.000,9999.000,9999.000,9999.000,9999.000,9999.000
202606251048,   1.143,9999.000,9999.000,9999.000,9999.000,9999.000,9999.000,9999.000,9999.000
202606251054,   1.164,9999.000,9999.000,9999.000,9999.000,9999.000,9999.000,9999.000,9999.000
202606251100,   1.185,9999.000,   0.600,  -0.138,   1.647,   0.500,   1.547,   0.700,   1.747
202606251106,   1.206,9999.000,9999.000,9999.000,9999.000,9999.000,9999.000,9999.000,9999.000
202606251112,   1.226,9999.000,9999.000,9999.000,9999.000,9999.000,9999.000,9999.000,9999.000
202606251118,   1.245,9999.000,9999.000,9999.000,9999.000,9999.000,9999.000,9999.000,9999.000
202606251124,   1.264,9999.000,9999.000,9999.000,9999.000,9999.000,9999.000,9999.000,9999.000
202606251130,   1.282,9999.000,9999.000,9999.000,9999.000,9999.000,9999.000,9999.000,9999.000
202606251136,   1.299,9999.000,9999.000,9999.000,9999.000,9999.000,9999.000,9999.000,9999.000
202606251142,   1.316,9999.000,9999.000,9999.000,9999.000,9999.000,9999.000,9999.000,9999.000
202606251148,   1.331,9999.000,9999.000,9999.000,9999.000,9999.000,9999.000,9999.000,9999.000
202606251154,   1.346,9999.000,9999.000,9999.000,9999.000,9999.000,9999.000,9999.000,9999.000
202606251200,   1.361,9999.000,   0.600,  -0.138,   1.823,   0.500,   1.723,   0.700,   1.923
