        TIME,    TIDE,      OB,   SURGE,    BIAS,     TWL,SURGE90p,  TWL90p,SURGE10p,   TWL10p
202605191800,   0.794,   0.370,  -0.100,  -0.324,   0.370,  -0.100,   0.370,  -0.100,   0.370
202605191806,   0.706,9999.000,9999.000,9999.000,9999.000,9999.000,9999.000,9999.000,9999.000
202605191812,   0.621,   0.150,9999.000,9999.000,9999.000,9999.000,9999.000,9999.000,9999.000
202605191818,   0.537,9999.000,9999.000,9999.000,9999.000,9999.000,9999.000,9999.000,9999.000
202605191824,   0.457,  -0.019,9999.000,9999.000,9999.000,9999.000,9999.000,9999.000,9999.000
202605191830,   0.380,  -0.049,9999.000,9999.000,9999.000,9999.000,9999.000,9999.000,9999.000
202605191836,   0.306,  -0.150,9999.000,9999.000,9999.000,9999.000,9999.000,9999.000,9999.000
202605191842,   0.236,  -0.150,9999.000,9999.000,9999.000,9999.000,9999.000,9999.000,9999.000
202605191848,   0.170,  -0.200,9999.000,9999.000,9999.000,9999.000,9999.000,9999.000,9999.000
202605191854,   0.108,  -0.288,9999.000,9999.000,9999.000,9999.000,9999.000,9999.000,9999.000
202605191900,   0.050,  -0.308,  -0.100,  -0.258,  -0.308,  -0.100,  -0.308,  -0.100,  -0.308
202605191906,  -0.002,  -0.419,9999.000,9999.000,9999.000,9999.000,9999.000,9999.000,9999.000
202605191912,  -0.050,  -0.400,9999.000,9999.000,9999.000,9999.000,9999.000,9999.000,9999.000
202605191918,  -0.093,  -0.469,9999.000,9999.000,9999.000,9999.000,9999.000,9999.000,9999.000
202605191924,  -0.131,  -0.478,9999.000,9999.000,9999.000,9999.000,9999.000,9999.000,9999.000
202605191930,  -0.164,  -0.518,9999.000,9999.000,9999.000,9999.000,9999.000,9999.000,9999.000
202605191936,  -0.192,  -0.551,9999.000,9999.000,9999.000,9999.000,9999.000,9999.000,9999.000
202605191942,  -0.214,  -0.619,9999.000,9999.000,9999.000,9999.000,9999.000,9999.000,9999.000
202605191948,  -0.231,  -0.619,9999.000,9999.000,9999.000,9999.000,9999.000,9999.000,9999.000
202605191954,  -0.243,  -0.580,9999.000,9999.000,9999.000,9999.000,9999.000,9999.000,9999.000
202605192000,  -0.250,  -0.570,  -0.100,  -0.220,  -0.570,  -0.200,  -0.670,  -0.100,  -0.570
202605192006,  -0.252,  -0.629,9999.000,9999.000,9999.000,9999.000,9999.000,9999.000,9999.000
202605192012,  -0.249,  -0.600,9999.000,9999.000,9999.000,9999.000,9999.000,9999.000,9999.000
202605192018,  -0.241,  -0.619,9999.000,9999.000,9999.000,9999.000,9999.000,9999.000,9999.000
202605192024,  -0.228,  -0.639,9999.000,9999.000,9999.000,9999.000,9999.000,9999.000,9999.000
202605192030,  -0.210,  -0.600,9999.000,9999.000,9999.000,9999.000,9999.000,9999.000,9999.000
202605192036,  -0.187,  -0.518,9999.000,9999.000,9999.000,9999.000,9999.000,9999.000,9999.000
202605192042,  -0.160,  -0.551,9999.000,9999.000,9999.000,9999.000,9999.000,9999.000,9999.000
202605192048,  -0.129,  -0.531,9999.000,9999.000,9999.000,9999.000,9999.000,9999.000,9999.000
202605192054,  -0.094,  -0.439,9999.000,9999.000,9999.000,9999.000,9999.000,9999.000,9999.000
202605192100,  -0.054,  -0.419,  -0.100,  -0.265,  -0.419,  -0.200,  -0.519,  -0.100,  -0.419
202605192106,  -0.010,  -0.380,9999.000,9999.000,9999.000,9999.000,9999.000,9999.000,9999.000
202605192112,   0.036,  -0.308,9999.000,9999.000,9999.000,9999.000,9999.000,9999.000,9999.000
202605192118,   0.087,  -0.278,9999.000,9999.000,9999.000,9999.000,9999.000,9999.000,9999.000
202605192124,   0.143,  -0.229,9999.000,9999.000,9999.000,9999.000,9999.000,9999.000,9999.000
202605192130,   0.201,  -0.160,9999.000,9999.000,9999.000,9999.000,9999.000,9999.000,9999.000
202605192136,   0.263,  -0.150,9999.000,9999.000,9999.000,9999.000,9999.000,9999.000,9999.000
202605192142,   0.329,  -0.059,9999.000,9999.000,9999.000,9999.000,9999.000,9999.000,9999.000
202605192148,   0.398,   0.019,9999.000,9999.000,9999.000,9999.000,9999.000,9999.000,9999.000
202605192154,   0.471,   0.088,9999.000,9999.000,9999.000,9999.000,9999.000,9999.000,9999.000
202605192200,   0.547,   0.160,  -0.200,  -0.187,   0.160,  -0.200,   0.160,  -0.100,   0.260
202605192206,   0.626,   0.239,9999.000,9999.000,9999.000,9999.000,9999.000,9999.000,9999.000
202605192212,   0.708,   0.331,9999.000,9999.000,9999.000,9999.000,9999.000,9999.000,9999.000
202605192218,   0.793,   0.390,9999.000,9999.000,9999.000,9999.000,9999.000,9999.000,9999.000
202605192224,   0.882,   0.478,9999.000,9999.000,9999.000,9999.000,9999.000,9999.000,9999.000
202605192230,   0.973,   0.600,9999.000,9999.000,9999.000,9999.000,9999.000,9999.000,9999.000
202605192236,   1.067,   0.639,9999.000,9999.000,9999.000,9999.000,9999.000,9999.000,9999.000
202605192242,   1.164,   0.760,9999.000,9999.000,9999.000,9999.000,9999.000,9999.000,9999.000
202605192248,   1.264,   0.888,9999.000,9999.000,9999.000,9999.000,9999.000,9999.000,9999.000
202605192254,   1.366,   0.990,9999.000,9999.000,9999.000,9999.000,9999.000,9999.000,9999.000
202605192300,   1.470,   1.138,  -0.200,  -0.132,   1.138,  -0.200,   1.138,  -0.100,   1.238
202605192306,   1.576,   1.220,9999.000,9999.000,9999.000,9999.000,9999.000,9999.000,9999.000
202605192312,   1.683,   1.338,9999.000,9999.000,9999.000,9999.000,9999.000,9999.000,9999.000
202605192318,   1.792,   1.430,9999.000,9999.000,9999.000,9999.000,9999.000,9999.000,9999.000
202605192324,   1.903,   1.590,9999.000,9999.000,9999.000,9999.000,9999.000,9999.000,9999.000
202605192330,   2.014,   1.689,9999.000,9999.000,9999.000,9999.000,9999.000,9999.000,9999.000
202605192336,   2.126,   1.820,9999.000,9999.000,9999.000,9999.000,9999.000,9999.000,9999.000
202605192342,   2.238,   1.948,9999.000,9999.000,9999.000,9999.000,9999.000,9999.000,9999.000
202605192348,   2.350,   2.049,9999.000,9999.000,9999.000,9999.000,9999.000,9999.000,9999.000
202605192354,   2.461,   2.177,9999.000,9999.000,9999.000,9999.000,9999.000,9999.000,9999.000
202605200000,   2.572,   2.279,  -0.200,  -0.093,   2.279,  -0.200,   2.279,  -0.100,   2.379
202605200006,   2.681,   2.400,9999.000,9999.000,9999.000,9999.000,9999.000,9999.000,9999.000
202605200012,   2.788,   2.469,9999.000,9999.000,9999.000,9999.000,9999.000,9999.000,9999.000
202605200018,   2.894,   2.640,9999.000,9999.000,9999.000,9999.000,9999.000,9999.000,9999.000
202605200024,   2.997,   2.728,9999.000,9999.000,9999.000,9999.000,9999.000,9999.000,9999.000
202605200030,   3.097,   2.889,9999.000,9999.000,9999.000,9999.000,9999.000,9999.000,9999.000
202605200036,   3.194,   2.988,9999.000,9999.000,9999.000,9999.000,9999.000,9999.000,9999.000
202605200042,   3.288,   3.079,9999.000,9999.000,9999.000,9999.000,9999.000,9999.000,9999.000
202605200048,   3.378,   3.168,9999.000,9999.000,9999.000,9999.000,9999.000,9999.000,9999.000
202605200054,   3.464,   3.240,9999.000,9999.000,9999.000,9999.000,9999.000,9999.000,9999.000
202605200100,   3.546,   3.339,  -0.200,  -0.007,   3.339,  -0.200,   3.339,  -0.100,   3.439
202605200106,   3.623,   3.378,9999.000,9999.000,9999.000,9999.000,9999.000,9999.000,9999.000
202605200112,   3.696,   3.489,9999.000,9999.000,9999.000,9999.000,9999.000,9999.000,9999.000
202605200118,   3.764,   3.548,9999.000,9999.000,9999.000,9999.000,9999.000,9999.000,9999.000
202605200124,   3.827,   3.598,9999.000,9999.000,9999.000,9999.000,9999.000,9999.000,9999.000
202605200130,   3.885,   3.598,9999.000,9999.000,9999.000,9999.000,9999.000,9999.000,9999.000
202605200136,   3.938,   3.627,9999.000,9999.000,9999.000,9999.000,9999.000,9999.000,9999.000
202605200142,   3.985,   3.680,9999.000,9999.000,9999.000,9999.000,9999.000,9999.000,9999.000
202605200148,   4.028,   3.719,9999.000,9999.000,9999.000,9999.000,9999.000,9999.000,9999.000
202605200154,   4.065,   3.788,9999.000,9999.000,9999.000,9999.000,9999.000,9999.000,9999.000
202605200200,   4.097,   3.739,  -0.200,  -0.158,   3.739,  -0.300,   3.639,  -0.200,   3.739
202605200206,   4.123,   3.719,9999.000,9999.000,9999.000,9999.000,9999.000,9999.000,9999.000
202605200212,   4.145,   3.719,9999.000,9999.000,9999.000,9999.000,9999.000,9999.000,9999.000
202605200218,   4.161,   3.719,9999.000,9999.000,9999.000,9999.000,9999.000,9999.000,9999.000
202605200224,   4.173,   3.729,9999.000,9999.000,9999.000,9999.000,9999.000,9999.000,9999.000
202605200230,   4.179,   3.699,9999.000,9999.000,9999.000,9999.000,9999.000,9999.000,9999.000
202605200236,   4.181,   3.709,9999.000,9999.000,9999.000,9999.000,9999.000,9999.000,9999.000
202605200242,   4.177,   3.758,9999.000,9999.000,9999.000,9999.000,9999.000,9999.000,9999.000
202605200248,   4.169,   3.699,9999.000,9999.000,9999.000,9999.000,9999.000,9999.000,9999.000
202605200254,   4.157,   3.719,9999.000,9999.000,9999.000,9999.000,9999.000,9999.000,9999.000
202605200300,   4.139,   3.699,  -0.200,  -0.240,   3.699,  -0.300,   3.599,  -0.200,   3.699
202605200306,   4.117,   3.680,9999.000,9999.000,9999.000,9999.000,9999.000,9999.000,9999.000
202605200312,   4.091,   3.627,9999.000,9999.000,9999.000,9999.000,9999.000,9999.000,9999.000
202605200318,   4.060,   3.660,9999.000,9999.000,9999.000,9999.000,9999.000,9999.000,9999.000
202605200324,   4.024,   3.650,9999.000,9999.000,9999.000,9999.000,9999.000,9999.000,9999.000
202605200330,   3.985,   3.660,9999.000,9999.000,9999.000,9999.000,9999.000,9999.000,9999.000
202605200336,   3.941,   3.617,9999.000,9999.000,9999.000,9999.000,9999.000,9999.000,9999.000
202605200342,   3.893,   3.578,9999.000,9999.000,9999.000,9999.000,9999.000,9999.000,9999.000
202605200348,   3.840,   3.519,9999.000,9999.000,9999.000,9999.000,9999.000,9999.000,9999.000
202605200354,   3.784,   3.499,9999.000,9999.000,9999.000,9999.000,9999.000,9999.000,9999.000
202605200400,   3.724,   3.407,  -0.300,  -0.017,   3.407,  -0.400,   3.307,  -0.200,   3.507
202605200406,   3.659,   3.329,9999.000,9999.000,9999.000,9999.000,9999.000,9999.000,9999.000
202605200412,   3.591,   3.279,9999.000,9999.000,9999.000,9999.000,9999.000,9999.000,9999.000
202605200418,   3.519,   3.250,9999.000,9999.000,9999.000,9999.000,9999.000,9999.000,9999.000
202605200424,   3.444,   3.148,9999.000,9999.000,9999.000,9999.000,9999.000,9999.000,9999.000
202605200430,   3.365,   3.040,9999.000,9999.000,9999.000,9999.000,9999.000,9999.000,9999.000
202605200436,   3.282,   2.929,9999.000,9999.000,9999.000,9999.000,9999.000,9999.000,9999.000
202605200442,   3.196,   2.840,9999.000,9999.000,9999.000,9999.000,9999.000,9999.000,9999.000
202605200448,   3.107,   2.748,9999.000,9999.000,9999.000,9999.000,9999.000,9999.000,9999.000
202605200454,   3.015,   2.669,9999.000,9999.000,9999.000,9999.000,9999.000,9999.000,9999.000
202605200500,   2.921,   2.587,  -0.300,  -0.034,   2.587,  -0.400,   2.487,  -0.200,   2.687
202605200506,   2.823,   2.528,9999.000,9999.000,9999.000,9999.000,9999.000,9999.000,9999.000
202605200512,   2.723,   2.410,9999.000,9999.000,9999.000,9999.000,9999.000,9999.000,9999.000
202605200518,   2.621,   2.279,9999.000,9999.000,9999.000,9999.000,9999.000,9999.000,9999.000
202605200524,   2.517,   2.118,9999.000,9999.000,9999.000,9999.000,9999.000,9999.000,9999.000
202605200530,   2.412,   2.000,9999.000,9999.000,9999.000,9999.000,9999.000,9999.000,9999.000
202605200536,   2.305,   1.899,9999.000,9999.000,9999.000,9999.000,9999.000,9999.000,9999.000
202605200542,   2.196,   1.800,9999.000,9999.000,9999.000,9999.000,9999.000,9999.000,9999.000
202605200548,   2.087,   1.708,9999.000,9999.000,9999.000,9999.000,9999.000,9999.000,9999.000
202605200554,   1.977,   1.557,9999.000,9999.000,9999.000,9999.000,9999.000,9999.000,9999.000
202605200600,   1.867,   1.449,  -0.300,  -0.118,   1.449,  -0.300,   1.449,  -0.200,   1.549
202605200606,   1.756,   1.328,9999.000,9999.000,9999.000,9999.000,9999.000,9999.000,9999.000
202605200612,   1.646,   1.239,9999.000,9999.000,9999.000,9999.000,9999.000,9999.000,9999.000
202605200618,   1.537,   1.108,9999.000,9999.000,9999.000,9999.000,9999.000,9999.000,9999.000
202605200624,   1.429,   0.990,9999.000,9999.000,9999.000,9999.000,9999.000,9999.000,9999.000
202605200630,   1.322,   0.819,9999.000,9999.000,9999.000,9999.000,9999.000,9999.000,9999.000
202605200636,   1.216,   0.708,9999.000,9999.000,9999.000,9999.000,9999.000,9999.000,9999.000
202605200642,   1.112,   0.619,9999.000,9999.000,9999.000,9999.000,9999.000,9999.000,9999.000
202605200648,   1.011,   0.508,9999.000,9999.000,9999.000,9999.000,9999.000,9999.000,9999.000
202605200654,   0.912,   0.400,9999.000,9999.000,9999.000,9999.000,9999.000,9999.000,9999.000
202605200700,   0.815,   0.308,  -0.300,  -0.207,   0.308,  -0.300,   0.308,  -0.200,   0.408
202605200706,   0.722,   0.209,9999.000,9999.000,9999.000,9999.000,9999.000,9999.000,9999.000
202605200712,   0.632,   0.121,9999.000,9999.000,9999.000,9999.000,9999.000,9999.000,9999.000
202605200718,   0.545,   0.078,9999.000,9999.000,9999.000,9999.000,9999.000,9999.000,9999.000
202605200724,   0.463,  -0.068,9999.000,9999.000,9999.000,9999.000,9999.000,9999.000,9999.000
202605200730,   0.384,  -0.160,9999.000,9999.000,9999.000,9999.000,9999.000,9999.000,9999.000
202605200736,   0.309,  -0.259,9999.000,9999.000,9999.000,9999.000,9999.000,9999.000,9999.000
202605200742,   0.239,  -0.308,9999.000,9999.000,9999.000,9999.000,9999.000,9999.000,9999.000
202605200748,   0.173,  -0.370,9999.000,9999.000,9999.000,9999.000,9999.000,9999.000,9999.000
202605200754,   0.111,  -0.409,9999.000,9999.000,9999.000,9999.000,9999.000,9999.000,9999.000
202605200800,   0.054,  -0.429,  -0.200,  -0.283,  -0.429,  -0.300,  -0.529,  -0.200,  -0.429
202605200806,   0.002,  -0.498,9999.000,9999.000,9999.000,9999.000,9999.000,9999.000,9999.000
202605200812,  -0.045,  -0.531,9999.000,9999.000,9999.000,9999.000,9999.000,9999.000,9999.000
202605200818,  -0.087,  -0.551,9999.000,9999.000,9999.000,9999.000,9999.000,9999.000,9999.000
202605200824,  -0.125,  -0.619,9999.000,9999.000,9999.000,9999.000,9999.000,9999.000,9999.000
202605200830,  -0.159,  -0.619,9999.000,9999.000,9999.000,9999.000,9999.000,9999.000,9999.000
202605200836,  -0.187,  -0.669,9999.000,9999.000,9999.000,9999.000,9999.000,9999.000,9999.000
202605200842,  -0.211,  -0.708,9999.000,9999.000,9999.000,9999.000,9999.000,9999.000,9999.000
202605200848,  -0.230,  -0.698,9999.000,9999.000,9999.000,9999.000,9999.000,9999.000,9999.000
202605200854,  -0.245,  -0.708,9999.000,9999.000,9999.000,9999.000,9999.000,9999.000,9999.000
202605200900,  -0.255,  -0.708,  -0.200,  -0.253,  -0.708,  -0.300,  -0.808,  -0.200,  -0.708
202605200906,  -0.261,  -0.751,9999.000,9999.000,9999.000,9999.000,9999.000,9999.000,9999.000
202605200912,  -0.262,  -0.751,9999.000,9999.000,9999.000,9999.000,9999.000,9999.000,9999.000
202605200918,  -0.259,  -0.760,9999.000,9999.000,9999.000,9999.000,9999.000,9999.000,9999.000
202605200924,  -0.252,  -0.810,9999.000,9999.000,9999.000,9999.000,9999.000,9999.000,9999.000
202605200930,  -0.241,  -0.770,9999.000,9999.000,9999.000,9999.000,9999.000,9999.000,9999.000
202605200936,  -0.226,  -0.741,9999.000,9999.000,9999.000,9999.000,9999.000,9999.000,9999.000
202605200942,  -0.206,  -0.760,9999.000,9999.000,9999.000,9999.000,9999.000,9999.000,9999.000
202605200948,  -0.183,  -0.751,9999.000,9999.000,9999.000,9999.000,9999.000,9999.000,9999.000
202605200954,  -0.156,  -0.780,9999.000,9999.000,9999.000,9999.000,9999.000,9999.000,9999.000
202605201000,  -0.125,  -0.669,  -0.200,  -0.344,  -0.669,  -0.300,  -0.769,  -0.200,  -0.669
202605201006,  -0.090,  -0.669,9999.000,9999.000,9999.000,9999.000,9999.000,9999.000,9999.000
202605201012,  -0.051,  -0.659,9999.000,9999.000,9999.000,9999.000,9999.000,9999.000,9999.000
202605201018,  -0.009,  -0.580,9999.000,9999.000,9999.000,9999.000,9999.000,9999.000,9999.000
202605201024,   0.037,  -0.518,9999.000,9999.000,9999.000,9999.000,9999.000,9999.000,9999.000
202605201030,   0.087,  -0.409,9999.000,9999.000,9999.000,9999.000,9999.000,9999.000,9999.000
202605201036,   0.140,  -0.341,9999.000,9999.000,9999.000,9999.000,9999.000,9999.000,9999.000
202605201042,   0.197,  -0.380,9999.000,9999.000,9999.000,9999.000,9999.000,9999.000,9999.000
202605201048,   0.258,  -0.308,9999.000,9999.000,9999.000,9999.000,9999.000,9999.000,9999.000
202605201054,   0.322,  -0.219,9999.000,9999.000,9999.000,9999.000,9999.000,9999.000,9999.000
202605201100,   0.390,  -0.131,  -0.200,  -0.321,  -0.131,  -0.300,  -0.231,  -0.200,  -0.131
202605201106,   0.461,  -0.029,9999.000,9999.000,9999.000,9999.000,9999.000,9999.000,9999.000
202605201112,   0.535,  -0.019,9999.000,9999.000,9999.000,9999.000,9999.000,9999.000,9999.000
202605201118,   0.612,   0.078,9999.000,9999.000,9999.000,9999.000,9999.000,9999.000,9999.000
202605201124,   0.692,   0.141,9999.000,9999.000,9999.000,9999.000,9999.000,9999.000,9999.000
202605201130,   0.775,   0.259,9999.000,9999.000,9999.000,9999.000,9999.000,9999.000,9999.000
202605201136,   0.860,   0.331,9999.000,9999.000,9999.000,9999.000,9999.000,9999.000,9999.000
202605201142,   0.947,   0.498,9999.000,9999.000,9999.000,9999.000,9999.000,9999.000,9999.000
202605201148,   1.036,   0.600,9999.000,9999.000,9999.000,9999.000,9999.000,9999.000,9999.000
202605201154,   1.127,   0.688,9999.000,9999.000,9999.000,9999.000,9999.000,9999.000,9999.000
202605201200,   1.219,   0.741,  -0.300,  -0.178,   0.741,  -0.300,   0.741,  -0.200,   0.841
202605201206,   1.312,   0.839,9999.000,9999.000,9999.000,9999.000,9999.000,9999.000,9999.000
202605201212,   1.406,   0.941,9999.000,9999.000,9999.000,9999.000,9999.000,9999.000,9999.000
202605201218,   1.500,   1.010,9999.000,9999.000,9999.000,9999.000,9999.000,9999.000,9999.000
202605201224,   1.594,   1.088,9999.000,9999.000,9999.000,9999.000,9999.000,9999.000,9999.000
202605201230,   1.688,   1.190,9999.000,9999.000,9999.000,9999.000,9999.000,9999.000,9999.000
202605201236,   1.782,   1.289,9999.000,9999.000,9999.000,9999.000,9999.000,9999.000,9999.000
202605201242,   1.874,   1.380,9999.000,9999.000,9999.000,9999.000,9999.000,9999.000,9999.000
202605201248,   1.964,   1.528,9999.000,9999.000,9999.000,9999.000,9999.000,9999.000,9999.000
202605201254,   2.053,   1.571,9999.000,9999.000,9999.000,9999.000,9999.000,9999.000,9999.000
202605201300,   2.140,   1.669,  -0.200,  -0.271,   1.669,  -0.300,   1.569,  -0.200,   1.669
202605201306,   2.224,   1.728,9999.000,9999.000,9999.000,9999.000,9999.000,9999.000,9999.000
202605201312,   2.306,   1.790,9999.000,9999.000,9999.000,9999.000,9999.000,9999.000,9999.000
202605201318,   2.385,   1.908,9999.000,9999.000,9999.000,9999.000,9999.000,9999.000,9999.000
202605201324,   2.460,   2.000,9999.000,9999.000,9999.000,9999.000,9999.000,9999.000,9999.000
202605201330,   2.533,   2.099,9999.000,9999.000,9999.000,9999.000,9999.000,9999.000,9999.000
202605201336,   2.601,   2.128,9999.000,9999.000,9999.000,9999.000,9999.000,9999.000,9999.000
202605201342,   2.666,   2.158,9999.000,9999.000,9999.000,9999.000,9999.000,9999.000,9999.000
202605201348,   2.726,   2.259,9999.000,9999.000,9999.000,9999.000,9999.000,9999.000,9999.000
202605201354,   2.783,   2.309,9999.000,9999.000,9999.000,9999.000,9999.000,9999.000,9999.000
202605201400,   2.836,   2.368,  -0.200,  -0.268,   2.368,  -0.300,   2.268,  -0.200,   2.368
202605201406,   2.884,   2.410,9999.000,9999.000,9999.000,9999.000,9999.000,9999.000,9999.000
202605201412,   2.928,   2.479,9999.000,9999.000,9999.000,9999.000,9999.000,9999.000,9999.000
202605201418,   2.967,   2.548,9999.000,9999.000,9999.000,9999.000,9999.000,9999.000,9999.000
202605201424,   3.002,   2.499,9999.000,9999.000,9999.000,9999.000,9999.000,9999.000,9999.000
202605201430,   3.033,   2.528,9999.000,9999.000,9999.000,9999.000,9999.000,9999.000,9999.000
202605201436,   3.059,   2.548,9999.000,9999.000,9999.000,9999.000,9999.000,9999.000,9999.000
202605201442,   3.081,   2.597,9999.000,9999.000,9999.000,9999.000,9999.000,9999.000,9999.000
202605201448,   3.099,   2.630,9999.000,9999.000,9999.000,9999.000,9999.000,9999.000,9999.000
202605201454,   3.112,   2.660,9999.000,9999.000,9999.000,9999.000,9999.000,9999.000,9999.000
202605201500,   3.122,   2.630,  -0.200,  -0.292,   2.630,  -0.300,   2.530,  -0.200,   2.630
202605201506,   3.127,   2.578,9999.000,9999.000,9999.000,9999.000,9999.000,9999.000,9999.000
202605201512,   3.127,   2.568,9999.000,9999.000,9999.000,9999.000,9999.000,9999.000,9999.000
202605201518,   3.124,   2.597,9999.000,9999.000,9999.000,9999.000,9999.000,9999.000,9999.000
202605201524,   3.117,   2.538,9999.000,9999.000,9999.000,9999.000,9999.000,9999.000,9999.000
202605201530,   3.105,   2.568,9999.000,9999.000,9999.000,9999.000,9999.000,9999.000,9999.000
202605201536,   3.090,   2.568,9999.000,9999.000,9999.000,9999.000,9999.000,9999.000,9999.000
202605201542,   3.071,   2.519,9999.000,9999.000,9999.000,9999.000,9999.000,9999.000,9999.000
202605201548,   3.048,   2.489,9999.000,9999.000,9999.000,9999.000,9999.000,9999.000,9999.000
202605201554,   3.021,   2.430,9999.000,9999.000,9999.000,9999.000,9999.000,9999.000,9999.000
202605201600,   2.990,   2.377,  -0.200,  -0.413,   2.377,  -0.300,   2.277,  -0.200,   2.377
202605201606,   2.956,   2.368,9999.000,9999.000,9999.000,9999.000,9999.000,9999.000,9999.000
202605201612,   2.918,   2.348,9999.000,9999.000,9999.000,9999.000,9999.000,9999.000,9999.000
202605201618,   2.877,   2.338,9999.000,9999.000,9999.000,9999.000,9999.000,9999.000,9999.000
202605201624,   2.832,   2.289,9999.000,9999.000,9999.000,9999.000,9999.000,9999.000,9999.000
202605201630,   2.784,   2.279,9999.000,9999.000,9999.000,9999.000,9999.000,9999.000,9999.000
202605201636,   2.732,   2.210,9999.000,9999.000,9999.000,9999.000,9999.000,9999.000,9999.000
202605201642,   2.677,   2.118,9999.000,9999.000,9999.000,9999.000,9999.000,9999.000,9999.000
202605201648,   2.620,   2.089,9999.000,9999.000,9999.000,9999.000,9999.000,9999.000,9999.000
202605201654,   2.559,   2.040,9999.000,9999.000,9999.000,9999.000,9999.000,9999.000,9999.000
202605201700,   2.495,   1.928,  -0.200,  -0.367,   1.928,  -0.300,   1.828,  -0.200,   1.928
202605201706,   2.428,   1.958,9999.000,9999.000,9999.000,9999.000,9999.000,9999.000,9999.000
202605201712,   2.359,   1.908,9999.000,9999.000,9999.000,9999.000,9999.000,9999.000,9999.000
202605201718,   2.287,   1.767,9999.000,9999.000,9999.000,9999.000,9999.000,9999.000,9999.000
202605201724,   2.213,   1.699,9999.000,9999.000,9999.000,9999.000,9999.000,9999.000,9999.000
202605201730,   2.137,   1.610,9999.000,9999.000,9999.000,9999.000,9999.000,9999.000,9999.000
202605201736,   2.059,   1.610,9999.000,9999.000,9999.000,9999.000,9999.000,9999.000,9999.000
202605201742,   1.979,   1.439,9999.000,9999.000,9999.000,9999.000,9999.000,9999.000,9999.000
202605201748,   1.897,   1.380,9999.000,9999.000,9999.000,9999.000,9999.000,9999.000,9999.000
202605201754,   1.814,   1.298,9999.000,9999.000,9999.000,9999.000,9999.000,9999.000,9999.000
202605201800,   1.731,   1.210,  -0.200,  -0.321,   1.210,  -0.200,   1.210,  -0.100,   1.310
202605201806,   1.646,   1.118,9999.000,9999.000,9999.000,9999.000,9999.000,9999.000,9999.000
202605201812,   1.560,   1.020,9999.000,9999.000,9999.000,9999.000,9999.000,9999.000,9999.000
202605201818,   1.474,   0.951,9999.000,9999.000,9999.000,9999.000,9999.000,9999.000,9999.000
202605201824,   1.388,   0.879,9999.000,9999.000,9999.000,9999.000,9999.000,9999.000,9999.000
202605201830,   1.303,   0.810,9999.000,9999.000,9999.000,9999.000,9999.000,9999.000,9999.000
202605201836,   1.217,   0.698,9999.000,9999.000,9999.000,9999.000,9999.000,9999.000,9999.000
202605201842,   1.132,   0.580,9999.000,9999.000,9999.000,9999.000,9999.000,9999.000,9999.000
202605201848,   1.049,   0.498,9999.000,9999.000,9999.000,9999.000,9999.000,9999.000,9999.000
202605201854,   0.966,   0.390,9999.000,9999.000,9999.000,9999.000,9999.000,9999.000,9999.000
202605201900,   0.885,   0.331,  -0.200,  -0.354,   0.331,  -0.200,   0.331,  -0.100,   0.431
202605201906,   0.806,   0.239,9999.000,9999.000,9999.000,9999.000,9999.000,9999.000,9999.000
202605201912,   0.729,   0.150,9999.000,9999.000,9999.000,9999.000,9999.000,9999.000,9999.000
202605201918,   0.654,   0.078,9999.000,9999.000,9999.000,9999.000,9999.000,9999.000,9999.000
202605201924,   0.581,  -0.009,9999.000,9999.000,9999.000,9999.000,9999.000,9999.000,9999.000
202605201930,   0.512,  -0.049,9999.000,9999.000,9999.000,9999.000,9999.000,9999.000,9999.000
202605201936,   0.446,  -0.160,9999.000,9999.000,9999.000,9999.000,9999.000,9999.000,9999.000
202605201942,   0.383,  -0.180,9999.000,9999.000,9999.000,9999.000,9999.000,9999.000,9999.000
202605201948,   0.323,  -0.249,9999.000,9999.000,9999.000,9999.000,9999.000,9999.000,9999.000
202605201954,   0.267,  -0.288,9999.000,9999.000,9999.000,9999.000,9999.000,9999.000,9999.000
202605202000,   0.215,  -0.370,  -0.200,  -0.385,  -0.370,  -0.200,  -0.370,  -0.100,  -0.270
202605202006,   0.167,  -0.429,9999.000,9999.000,9999.000,9999.000,9999.000,9999.000,9999.000
202605202012,   0.123,  -0.478,9999.000,9999.000,9999.000,9999.000,9999.000,9999.000,9999.000
202605202018,   0.083,  -0.551,9999.000,9999.000,9999.000,9999.000,9999.000,9999.000,9999.000
202605202024,   0.048,  -0.541,9999.000,9999.000,9999.000,9999.000,9999.000,9999.000,9999.000
202605202030,   0.017,  -0.560,9999.000,9999.000,9999.000,9999.000,9999.000,9999.000,9999.000
202605202036,  -0.008,  -0.570,9999.000,9999.000,9999.000,9999.000,9999.000,9999.000,9999.000
202605202042,  -0.030,  -0.600,9999.000,9999.000,9999.000,9999.000,9999.000,9999.000,9999.000
202605202048,  -0.047,  -0.619,9999.000,9999.000,9999.000,9999.000,9999.000,9999.000,9999.000
202605202054,  -0.060,  -0.649,9999.000,9999.000,9999.000,9999.000,9999.000,9999.000,9999.000
202605202100,  -0.068,  -0.639,  -0.200,  -0.371,  -0.639,  -0.200,  -0.639,  -0.100,  -0.539
202605202106,  -0.072,  -0.669,9999.000,9999.000,9999.000,9999.000,9999.000,9999.000,9999.000
202605202112,  -0.071,  -0.590,9999.000,9999.000,9999.000,9999.000,9999.000,9999.000,9999.000
202605202118,  -0.066,  -0.551,9999.000,9999.000,9999.000,9999.000,9999.000,9999.000,9999.000
202605202124,  -0.056,  -0.541,9999.000,9999.000,9999.000,9999.000,9999.000,9999.000,9999.000
202605202130,  -0.043,  -0.541,9999.000,9999.000,9999.000,9999.000,9999.000,9999.000,9999.000
202605202136,  -0.025,  -0.488,9999.000,9999.000,9999.000,9999.000,9999.000,9999.000,9999.000
202605202142,  -0.003,  -0.478,9999.000,9999.000,9999.000,9999.000,9999.000,9999.000,9999.000
202605202148,   0.022,  -0.469,9999.000,9999.000,9999.000,9999.000,9999.000,9999.000,9999.000
202605202154,   0.052,  -0.409,9999.000,9999.000,9999.000,9999.000,9999.000,9999.000,9999.000
202605202200,   0.086,  -0.370,  -0.200,  -0.256,  -0.370,  -0.300,  -0.470,  -0.100,  -0.270
202605202206,   0.124,  -0.380,9999.000,9999.000,9999.000,9999.000,9999.000,9999.000,9999.000
202605202212,   0.165,  -0.350,9999.000,9999.000,9999.000,9999.000,9999.000,9999.000,9999.000
202605202218,   0.210,  -0.298,9999.000,9999.000,9999.000,9999.000,9999.000,9999.000,9999.000
202605202224,   0.259,  -0.288,9999.000,9999.000,9999.000,9999.000,9999.000,9999.000,9999.000
202605202230,   0.311,  -0.219,9999.000,9999.000,9999.000,9999.000,9999.000,9999.000,9999.000
202605202236,   0.367,  -0.200,9999.000,9999.000,9999.000,9999.000,9999.000,9999.000,9999.000
202605202242,   0.426,  -0.131,9999.000,9999.000,9999.000,9999.000,9999.000,9999.000,9999.000
202605202248,   0.489,  -0.078,9999.000,9999.000,9999.000,9999.000,9999.000,9999.000,9999.000
202605202254,   0.555,   0.009,9999.000,9999.000,9999.000,9999.000,9999.000,9999.000,9999.000
202605202300,   0.624,   0.068,  -0.200,  -0.356,   0.068,  -0.300,  -0.032,  -0.200,   0.068
202605202306,   0.696,   0.180,9999.000,9999.000,9999.000,9999.000,9999.000,9999.000,9999.000
202605202312,   0.772,   0.259,9999.000,9999.000,9999.000,9999.000,9999.000,9999.000,9999.000
202605202318,   0.850,   0.341,9999.000,9999.000,9999.000,9999.000,9999.000,9999.000,9999.000
202605202324,   0.932,   0.419,9999.000,9999.000,9999.000,9999.000,9999.000,9999.000,9999.000
202605202330,   1.016,   0.518,9999.000,9999.000,9999.000,9999.000,9999.000,9999.000,9999.000
202605202336,   1.103,   0.610,9999.000,9999.000,9999.000,9999.000,9999.000,9999.000,9999.000
202605202342,   1.192,   0.698,9999.000,9999.000,9999.000,9999.000,9999.000,9999.000,9999.000
202605202348,   1.284,   0.770,9999.000,9999.000,9999.000,9999.000,9999.000,9999.000,9999.000
202605202354,   1.378,   0.859,9999.000,9999.000,9999.000,9999.000,9999.000,9999.000,9999.000
202605210000,   1.474,   0.961,  -0.300,  -0.213,   0.961,  -0.300,   0.961,  -0.200,   1.061
202605210006,   1.572,   1.059,9999.000,9999.000,9999.000,9999.000,9999.000,9999.000,9999.000
202605210012,   1.672,   1.151,9999.000,9999.000,9999.000,9999.000,9999.000,9999.000,9999.000
202605210018,   1.772,   1.298,9999.000,9999.000,9999.000,9999.000,9999.000,9999.000,9999.000
202605210024,   1.874,   1.371,9999.000,9999.000,9999.000,9999.000,9999.000,9999.000,9999.000
202605210030,   1.976,   1.518,9999.000,9999.000,9999.000,9999.000,9999.000,9999.000,9999.000
202605210036,   2.079,   1.649,9999.000,9999.000,9999.000,9999.000,9999.000,9999.000,9999.000
202605210042,   2.181,   1.738,9999.000,9999.000,9999.000,9999.000,9999.000,9999.000,9999.000
202605210048,   2.283,   1.849,9999.000,9999.000,9999.000,9999.000,9999.000,9999.000,9999.000
202605210054,   2.385,   1.938,9999.000,9999.000,9999.000,9999.000,9999.000,9999.000,9999.000
202605210100,   2.485,   2.099,  -0.300,  -0.086,   2.099,  -0.300,   2.099,  -0.200,   2.199
202605210106,   2.585,   2.177,9999.000,9999.000,9999.000,9999.000,9999.000,9999.000,9999.000
202605210112,   2.682,   2.289,9999.000,9999.000,9999.000,9999.000,9999.000,9999.000,9999.000
202605210118,   2.777,   2.400,9999.000,9999.000,9999.000,9999.000,9999.000,9999.000,9999.000
202605210124,   2.871,   2.519,9999.000,9999.000,9999.000,9999.000,9999.000,9999.000,9999.000
202605210130,   2.961,   2.597,9999.000,9999.000,9999.000,9999.000,9999.000,9999.000,9999.000
202605210136,   3.048,   2.699,9999.000,9999.000,9999.000,9999.000,9999.000,9999.000,9999.000
202605210142,   3.133,   2.728,9999.000,9999.000,9999.000,9999.000,9999.000,9999.000,9999.000
202605210148,   3.213,   2.787,9999.000,9999.000,9999.000,9999.000,9999.000,9999.000,9999.000
202605210154,   3.290,   2.860,9999.000,9999.000,9999.000,9999.000,9999.000,9999.000,9999.000
202605210200,   3.364,   2.938,  -0.300,  -0.126,   2.938,  -0.300,   2.938,  -0.200,   3.038
202605210206,   3.433,   2.978,9999.000,9999.000,9999.000,9999.000,9999.000,9999.000,9999.000
202605210212,   3.497,   3.030,9999.000,9999.000,9999.000,9999.000,9999.000,9999.000,9999.000
202605210218,   3.558,   3.119,9999.000,9999.000,9999.000,9999.000,9999.000,9999.000,9999.000
202605210224,   3.614,   3.129,9999.000,9999.000,9999.000,9999.000,9999.000,9999.000,9999.000
202605210230,   3.665,   3.230,9999.000,9999.000,9999.000,9999.000,9999.000,9999.000,9999.000
202605210236,   3.711,   3.309,9999.000,9999.000,9999.000,9999.000,9999.000,9999.000,9999.000
202605210242,   3.753,   3.378,9999.000,9999.000,9999.000,9999.000,9999.000,9999.000,9999.000
202605210248,   3.790,   3.378,9999.000,9999.000,9999.000,9999.000,9999.000,9999.000,9999.000
202605210254,   3.823,   3.440,9999.000,9999.000,9999.000,9999.000,9999.000,9999.000,9999.000
202605210300,   3.850,   3.407,  -0.300,  -0.143,   3.407,  -0.400,   3.307,  -0.200,   3.507
202605210306,   3.873,   3.417,9999.000,9999.000,9999.000,9999.000,9999.000,9999.000,9999.000
202605210312,   3.891,   3.398,9999.000,9999.000,9999.000,9999.000,9999.000,9999.000,9999.000
202605210318,   3.904,   3.378,9999.000,9999.000,9999.000,9999.000,9999.000,9999.000,9999.000
202605210324,   3.913,   3.427,9999.000,9999.000,9999.000,9999.000,9999.000,9999.000,9999.000
202605210330,   3.917,   3.378,9999.000,9999.000,9999.000,9999.000,9999.000,9999.000,9999.000
202605210336,   3.916,   3.427,9999.000,9999.000,9999.000,9999.000,9999.000,9999.000,9999.000
202605210342,   3.911,   3.378,9999.000,9999.000,9999.000,9999.000,9999.000,9999.000,9999.000
202605210348,   3.902,   3.388,9999.000,9999.000,9999.000,9999.000,9999.000,9999.000,9999.000
202605210354,   3.888,   3.358,9999.000,9999.000,9999.000,9999.000,9999.000,9999.000,9999.000
202605210400,   3.870,   3.319,  -0.300,  -0.251,   3.319,  -0.400,   3.219,  -0.200,   3.419
202605210406,   3.848,   3.299,9999.000,9999.000,9999.000,9999.000,9999.000,9999.000,9999.000
202605210412,   3.821,   3.270,9999.000,9999.000,9999.000,9999.000,9999.000,9999.000,9999.000
202605210418,   3.791,   3.260,9999.000,9999.000,9999.000,9999.000,9999.000,9999.000,9999.000
202605210424,   3.756,   3.260,9999.000,9999.000,9999.000,9999.000,9999.000,9999.000,9999.000
202605210430,   3.717,   3.168,9999.000,9999.000,9999.000,9999.000,9999.000,9999.000,9999.000
202605210436,   3.675,   3.148,9999.000,9999.000,9999.000,9999.000,9999.000,9999.000,9999.000
202605210442,   3.628,   3.148,9999.000,9999.000,9999.000,9999.000,9999.000,9999.000,9999.000
202605210448,   3.579,   3.099,9999.000,9999.000,9999.000,9999.000,9999.000,9999.000,9999.000
202605210454,   3.525,   3.070,9999.000,9999.000,9999.000,9999.000,9999.000,9999.000,9999.000
202605210500,   3.468,   3.007,  -0.300,  -0.161,   3.007,  -0.400,   2.907,  -0.200,   3.107
202605210506,   3.407,   2.919,9999.000,9999.000,9999.000,9999.000,9999.000,9999.000,9999.000
202605210512,   3.343,   2.938,9999.000,9999.000,9999.000,9999.000,9999.000,9999.000,9999.000
202605210518,   3.276,   2.840,9999.000,9999.000,9999.000,9999.000,9999.000,9999.000,9999.000
202605210524,   3.206,   2.830,9999.000,9999.000,9999.000,9999.000,9999.000,9999.000,9999.000
202605210530,   3.133,   2.768,9999.000,9999.000,9999.000,9999.000,9999.000,9999.000,9999.000
202605210536,   3.057,   2.660,9999.000,9999.000,9999.000,9999.000,9999.000,9999.000,9999.000
202605210542,   2.978,   2.587,9999.000,9999.000,9999.000,9999.000,9999.000,9999.000,9999.000
202605210548,   2.897,   2.538,9999.000,9999.000,9999.000,9999.000,9999.000,9999.000,9999.000
202605210554,   2.813,   2.440,9999.000,9999.000,9999.000,9999.000,9999.000,9999.000,9999.000
202605210600,   2.727,   2.400,  -0.300,  -0.027,   2.400,  -0.400,   2.300,  -0.200,   2.500
202605210606,   2.638,   2.220,9999.000,9999.000,9999.000,9999.000,9999.000,9999.000,9999.000
202605210612,   2.548,   2.109,9999.000,9999.000,9999.000,9999.000,9999.000,9999.000,9999.000
202605210618,   2.457,   2.049,9999.000,9999.000,9999.000,9999.000,9999.000,9999.000,9999.000
202605210624,   2.363,   1.928,9999.000,9999.000,9999.000,9999.000,9999.000,9999.000,9999.000
202605210630,   2.269,   1.820,9999.000,9999.000,9999.000,9999.000,9999.000,9999.000,9999.000
202605210636,   2.173,   1.767,9999.000,9999.000,9999.000,9999.000,9999.000,9999.000,9999.000
202605210642,   2.076,   1.610,9999.000,9999.000,9999.000,9999.000,9999.000,9999.000,9999.000
202605210648,   1.978,   1.557,9999.000,9999.000,9999.000,9999.000,9999.000,9999.000,9999.000
202605210654,   1.881,   1.479,9999.000,9999.000,9999.000,9999.000,9999.000,9999.000,9999.000
202605210700,   1.782,   1.308,  -0.200,  -0.274,   1.308,  -0.400,   1.108,  -0.200,   1.308
202605210706,   1.684,   1.279,9999.000,9999.000,9999.000,9999.000,9999.000,9999.000,9999.000
202605210712,   1.587,   1.239,9999.000,9999.000,9999.000,9999.000,9999.000,9999.000,9999.000
202605210718,   1.489,   1.118,9999.000,9999.000,9999.000,9999.000,9999.000,9999.000,9999.000
202605210724,   1.393,   0.980,9999.000,9999.000,9999.000,9999.000,9999.000,9999.000,9999.000
202605210730,   1.298,   0.898,9999.000,9999.000,9999.000,9999.000,9999.000,9999.000,9999.000
202605210736,   1.204,   0.819,9999.000,9999.000,9999.000,9999.000,9999.000,9999.000,9999.000
202605210742,   1.111,   0.819,9999.000,9999.000,9999.000,9999.000,9999.000,9999.000,9999.000
202605210748,   1.021,   0.688,9999.000,9999.000,9999.000,9999.000,9999.000,9999.000,9999.000
202605210754,   0.932,   0.619,9999.000,9999.000,9999.000,9999.000,9999.000,9999.000,9999.000
202605210800,   0.846,   0.531,  -0.200,  -0.115,   0.531,  -0.300,   0.431,  -0.100,   0.631
202605210806,   0.762,   0.409,9999.000,9999.000,9999.000,9999.000,9999.000,9999.000,9999.000
202605210812,   0.682,   0.321,9999.000,9999.000,9999.000,9999.000,9999.000,9999.000,9999.000
202605210818,   0.604,   0.288,9999.000,9999.000,9999.000,9999.000,9999.000,9999.000,9999.000
202605210824,   0.529,   0.150,9999.000,9999.000,9999.000,9999.000,9999.000,9999.000,9999.000
202605210830,   0.458,   0.049,9999.000,9999.000,9999.000,9999.000,9999.000,9999.000,9999.000
202605210836,   0.391,   0.009,9999.000,9999.000,9999.000,9999.000,9999.000,9999.000,9999.000
202605210842,   0.327,  -0.121,9999.000,9999.000,9999.000,9999.000,9999.000,9999.000,9999.000
202605210848,   0.268,  -0.180,9999.000,9999.000,9999.000,9999.000,9999.000,9999.000,9999.000
202605210854,   0.212,  -0.249,9999.000,9999.000,9999.000,9999.000,9999.000,9999.000,9999.000
202605210900,   0.160,  -0.278,  -0.100,  -0.338,  -0.278,  -0.200,  -0.378,  -0.100,  -0.278
202605210906,   0.113,  -0.360,9999.000,9999.000,9999.000,9999.000,9999.000,9999.000,9999.000
202605210912,   0.069,  -0.321,9999.000,9999.000,9999.000,9999.000,9999.000,9999.000,9999.000
202605210918,   0.031,  -0.321,9999.000,9999.000,9999.000,9999.000,9999.000,9999.000,9999.000
202605210924,  -0.003,  -0.341,9999.000,9999.000,9999.000,9999.000,9999.000,9999.000,9999.000
202605210930,  -0.033,  -0.419,9999.000,9999.000,9999.000,9999.000,9999.000,9999.000,9999.000
202605210936,  -0.059,  -0.469,9999.000,9999.000,9999.000,9999.000,9999.000,9999.000,9999.000
202605210942,  -0.081,  -0.469,9999.000,9999.000,9999.000,9999.000,9999.000,9999.000,9999.000
202605210948,  -0.098,  -0.449,9999.000,9999.000,9999.000,9999.000,9999.000,9999.000,9999.000
202605210954,  -0.112,  -0.429,9999.000,9999.000,9999.000,9999.000,9999.000,9999.000,9999.000
202605211000,  -0.120,  -0.429,  -0.100,  -0.209,  -0.429,  -0.200,  -0.529,  -0.100,  -0.429
202605211006,  -0.125,  -0.419,9999.000,9999.000,9999.000,9999.000,9999.000,9999.000,9999.000
202605211012,  -0.126,  -0.419,9999.000,9999.000,9999.000,9999.000,9999.000,9999.000,9999.000
202605211018,  -0.123,  -0.439,9999.000,9999.000,9999.000,9999.000,9999.000,9999.000,9999.000
202605211024,  -0.115,  -0.429,9999.000,9999.000,9999.000,9999.000,9999.000,9999.000,9999.000
202605211030,  -0.104,  -0.409,9999.000,9999.000,9999.000,9999.000,9999.000,9999.000,9999.000
202605211036,  -0.089,  -0.360,9999.000,9999.000,9999.000,9999.000,9999.000,9999.000,9999.000
202605211042,  -0.070,  -0.298,9999.000,9999.000,9999.000,9999.000,9999.000,9999.000,9999.000
202605211048,  -0.048,  -0.278,9999.000,9999.000,9999.000,9999.000,9999.000,9999.000,9999.000
202605211054,  -0.021,  -0.259,9999.000,9999.000,9999.000,9999.000,9999.000,9999.000,9999.000
202605211100,   0.008,  -0.278,  -0.100,  -0.186,  -0.278,  -0.100,  -0.278,   0.000,  -0.178
202605211106,   0.042,  -0.209,9999.000,9999.000,9999.000,9999.000,9999.000,9999.000,9999.000
202605211112,   0.079,  -0.229,9999.000,9999.000,9999.000,9999.000,9999.000,9999.000,9999.000
202605211118,   0.121,  -0.131,9999.000,9999.000,9999.000,9999.000,9999.000,9999.000,9999.000
202605211124,   0.165,  -0.141,9999.000,9999.000,9999.000,9999.000,9999.000,9999.000,9999.000
202605211130,   0.214,  -0.059,9999.000,9999.000,9999.000,9999.000,9999.000,9999.000,9999.000
202605211136,   0.265,   0.009,9999.000,9999.000,9999.000,9999.000,9999.000,9999.000,9999.000
202605211142,   0.320,   0.039,9999.000,9999.000,9999.000,9999.000,9999.000,9999.000,9999.000
202605211148,   0.379,   0.160,9999.000,9999.000,9999.000,9999.000,9999.000,9999.000,9999.000
202605211154,   0.441,   0.180,9999.000,9999.000,9999.000,9999.000,9999.000,9999.000,9999.000
202605211200,   0.506,   0.259,   0.000,  -0.247,   0.259,  -0.100,   0.159,   0.000,   0.259
202605211206,   0.574,   0.321,9999.000,9999.000,9999.000,9999.000,9999.000,9999.000,9999.000
202605211212,   0.645,   0.400,9999.000,9999.000,9999.000,9999.000,9999.000,9999.000,9999.000
202605211218,   0.719,   0.459,9999.000,9999.000,9999.000,9999.000,9999.000,9999.000,9999.000
202605211224,   0.796,   0.488,9999.000,9999.000,9999.000,9999.000,9999.000,9999.000,9999.000
202605211230,   0.875,   0.600,9999.000,9999.000,9999.000,9999.000,9999.000,9999.000,9999.000
202605211236,   0.957,   0.678,9999.000,9999.000,9999.000,9999.000,9999.000,9999.000,9999.000
202605211242,   1.040,   0.819,9999.000,9999.000,9999.000,9999.000,9999.000,9999.000,9999.000
202605211248,   1.125,   0.908,9999.000,9999.000,9999.000,9999.000,9999.000,9999.000,9999.000
202605211254,   1.212,   1.029,9999.000,9999.000,9999.000,9999.000,9999.000,9999.000,9999.000
202605211300,   1.299,   1.088,   0.000,  -0.211,   1.088,   0.000,   1.088,   0.000,   1.088
202605211306,   1.388,   1.229,9999.000,9999.000,9999.000,9999.000,9999.000,9999.000,9999.000
202605211312,   1.477,   1.269,9999.000,9999.000,9999.000,9999.000,9999.000,9999.000,9999.000
202605211318,   1.567,   1.380,9999.000,9999.000,9999.000,9999.000,9999.000,9999.000,9999.000
202605211324,   1.656,   1.459,9999.000,9999.000,9999.000,9999.000,9999.000,9999.000,9999.000
202605211330,   1.745,   1.571,9999.000,9999.000,9999.000,9999.000,9999.000,9999.000,9999.000
202605211336,   1.833,   1.699,9999.000,9999.000,9999.000,9999.000,9999.000,9999.000,9999.000
202605211342,   1.921,   1.830,9999.000,9999.000,9999.000,9999.000,9999.000,9999.000,9999.000
202605211348,   2.006,   1.879,9999.000,9999.000,9999.000,9999.000,9999.000,9999.000,9999.000
202605211354,   2.090,   2.010,9999.000,9999.000,9999.000,9999.000,9999.000,9999.000,9999.000
202605211400,   2.172,   2.069,   0.000,  -0.103,   2.069,   0.000,   2.069,   0.000,   2.069
202605211406,   2.252,   2.210,9999.000,9999.000,9999.000,9999.000,9999.000,9999.000,9999.000
202605211412,   2.329,   2.168,9999.000,9999.000,9999.000,9999.000,9999.000,9999.000,9999.000
202605211418,   2.404,   2.210,9999.000,9999.000,9999.000,9999.000,9999.000,9999.000,9999.000
202605211424,   2.475,   2.358,9999.000,9999.000,9999.000,9999.000,9999.000,9999.000,9999.000
202605211430,   2.543,   2.440,9999.000,9999.000,9999.000,9999.000,9999.000,9999.000,9999.000
202605211436,   2.607,   2.459,9999.000,9999.000,9999.000,9999.000,9999.000,9999.000,9999.000
202605211442,   2.668,   2.578,9999.000,9999.000,9999.000,9999.000,9999.000,9999.000,9999.000
202605211448,   2.725,   2.640,9999.000,9999.000,9999.000,9999.000,9999.000,9999.000,9999.000
202605211454,   2.778,   2.650,9999.000,9999.000,9999.000,9999.000,9999.000,9999.000,9999.000
202605211500,   2.828,   2.679,   0.000,  -0.149,   2.679,   0.000,   2.679,   0.000,   2.679
202605211506,   2.873,   2.778,9999.000,9999.000,9999.000,9999.000,9999.000,9999.000,9999.000
202605211512,   2.914,   2.768,9999.000,9999.000,9999.000,9999.000,9999.000,9999.000,9999.000
202605211518,   2.951,   2.748,9999.000,9999.000,9999.000,9999.000,9999.000,9999.000,9999.000
202605211524,   2.983,   2.807,9999.000,9999.000,9999.000,9999.000,9999.000,9999.000,9999.000
202605211530,   3.012,   2.797,9999.000,9999.000,9999.000,9999.000,9999.000,9999.000,9999.000
202605211536,   3.036,   2.869,9999.000,9999.000,9999.000,9999.000,9999.000,9999.000,9999.000
202605211542,   3.056,   2.889,9999.000,9999.000,9999.000,9999.000,9999.000,9999.000,9999.000
202605211548,   3.072,   2.919,9999.000,9999.000,9999.000,9999.000,9999.000,9999.000,9999.000
202605211554,   3.084,   2.909,9999.000,9999.000,9999.000,9999.000,9999.000,9999.000,9999.000
202605211600,   3.092,   2.909,   0.000,  -0.183,   2.909,   0.000,   2.909,   0.000,   2.909
202605211606,   3.096,   2.919,9999.000,9999.000,9999.000,9999.000,9999.000,9999.000,9999.000
202605211612,   3.096,   2.899,9999.000,9999.000,9999.000,9999.000,9999.000,9999.000,9999.000
202605211618,   3.093,   2.899,9999.000,9999.000,9999.000,9999.000,9999.000,9999.000,9999.000
202605211624,   3.085,   2.850,9999.000,9999.000,9999.000,9999.000,9999.000,9999.000,9999.000
202605211630,   3.074,   2.938,9999.000,9999.000,9999.000,9999.000,9999.000,9999.000,9999.000
202605211636,   3.059,   2.929,9999.000,9999.000,9999.000,9999.000,9999.000,9999.000,9999.000
202605211642,   3.041,   2.869,9999.000,9999.000,9999.000,9999.000,9999.000,9999.000,9999.000
202605211648,   3.019,   2.889,9999.000,9999.000,9999.000,9999.000,9999.000,9999.000,9999.000
202605211654,   2.994,   2.889,9999.000,9999.000,9999.000,9999.000,9999.000,9999.000,9999.000
202605211700,   2.965,   2.830,   0.000,  -0.135,   2.830,   0.000,   2.830,   0.100,   2.930
202605211706,   2.933,   2.840,9999.000,9999.000,9999.000,9999.000,9999.000,9999.000,9999.000
202605211712,   2.899,   2.748,9999.000,9999.000,9999.000,9999.000,9999.000,9999.000,9999.000
202605211718,   2.860,   2.748,9999.000,9999.000,9999.000,9999.000,9999.000,9999.000,9999.000
202605211724,   2.819,   2.738,9999.000,9999.000,9999.000,9999.000,9999.000,9999.000,9999.000
202605211730,   2.775,   2.748,9999.000,9999.000,9999.000,9999.000,9999.000,9999.000,9999.000
202605211736,   2.729,   2.709,9999.000,9999.000,9999.000,9999.000,9999.000,9999.000,9999.000
202605211742,   2.679,   2.610,9999.000,9999.000,9999.000,9999.000,9999.000,9999.000,9999.000
202605211748,   2.627,   2.568,9999.000,9999.000,9999.000,9999.000,9999.000,9999.000,9999.000
202605211754,   2.572,   2.499,9999.000,9999.000,9999.000,9999.000,9999.000,9999.000,9999.000
202605211800,   2.514,   2.479,   0.100,  -0.135,   2.479,   0.100,   2.479,   0.100,   2.479
202605211806,   2.455,   2.430,9999.000,9999.000,9999.000,9999.000,9999.000,9999.000,9999.000
202605211812,   2.393,   2.328,9999.000,9999.000,9999.000,9999.000,9999.000,9999.000,9999.000
202605211818,   2.329,   2.269,9999.000,9999.000,9999.000,9999.000,9999.000,9999.000,9999.000
202605211824,   2.262,   2.220,9999.000,9999.000,9999.000,9999.000,9999.000,9999.000,9999.000
202605211830,   2.194,   2.138,9999.000,9999.000,9999.000,9999.000,9999.000,9999.000,9999.000
202605211836,   2.124,   2.069,9999.000,9999.000,9999.000,9999.000,9999.000,9999.000,9999.000
202605211842,   2.053,   1.948,9999.000,9999.000,9999.000,9999.000,9999.000,9999.000,9999.000
202605211848,   1.980,   1.928,9999.000,9999.000,9999.000,9999.000,9999.000,9999.000,9999.000
202605211854,   1.906,   1.820,9999.000,9999.000,9999.000,9999.000,9999.000,9999.000,9999.000
202605211900,   1.830,   1.781,   0.100,  -0.149,   1.781,   0.100,   1.781,   0.200,   1.881
202605211906,   1.754,   1.718,9999.000,9999.000,9999.000,9999.000,9999.000,9999.000,9999.000
202605211912,   1.677,   1.620,9999.000,9999.000,9999.000,9999.000,9999.000,9999.000,9999.000
202605211918,   1.599,   1.508,9999.000,9999.000,9999.000,9999.000,9999.000,9999.000,9999.000
202605211924,   1.521,   1.479,9999.000,9999.000,9999.000,9999.000,9999.000,9999.000,9999.000
202605211930,   1.442,   1.348,9999.000,9999.000,9999.000,9999.000,9999.000,9999.000,9999.000
202605211936,   1.364,   1.279,9999.000,9999.000,9999.000,9999.000,9999.000,9999.000,9999.000
202605211942,   1.286,   1.229,9999.000,9999.000,9999.000,9999.000,9999.000,9999.000,9999.000
202605211948,   1.209,   1.170,9999.000,9999.000,9999.000,9999.000,9999.000,9999.000,9999.000
202605211954,   1.132,   1.108,9999.000,9999.000,9999.000,9999.000,9999.000,9999.000,9999.000
202605212000,   1.057,   1.000,   0.200,  -0.257,   1.000,   0.100,   0.900,   0.200,   1.000
202605212006,   0.983,   0.888,9999.000,9999.000,9999.000,9999.000,9999.000,9999.000,9999.000
202605212012,   0.910,   0.829,9999.000,9999.000,9999.000,9999.000,9999.000,9999.000,9999.000
202605212018,   0.839,   0.731,9999.000,9999.000,9999.000,9999.000,9999.000,9999.000,9999.000
202605212024,   0.771,   0.718,9999.000,9999.000,9999.000,9999.000,9999.000,9999.000,9999.000
202605212030,   0.704,   0.669,9999.000,9999.000,9999.000,9999.000,9999.000,9999.000,9999.000
202605212036,   0.641,   0.649,9999.000,9999.000,9999.000,9999.000,9999.000,9999.000,9999.000
202605212042,   0.580,   0.590,9999.000,9999.000,9999.000,9999.000,9999.000,9999.000,9999.000
202605212048,   0.522,   0.518,9999.000,9999.000,9999.000,9999.000,9999.000,9999.000,9999.000
202605212054,   0.467,   0.551,9999.000,9999.000,9999.000,9999.000,9999.000,9999.000,9999.000
202605212100,   0.416,   0.469,   0.200,  -0.147,   0.469,   0.200,   0.469,   0.300,   0.569
202605212106,   0.368,   0.400,9999.000,9999.000,9999.000,9999.000,9999.000,9999.000,9999.000
202605212112,   0.324,   0.409,9999.000,9999.000,9999.000,9999.000,9999.000,9999.000,9999.000
202605212118,   0.284,   0.360,9999.000,9999.000,9999.000,9999.000,9999.000,9999.000,9999.000
202605212124,   0.248,   0.380,9999.000,9999.000,9999.000,9999.000,9999.000,9999.000,9999.000
202605212130,   0.216,   0.321,9999.000,9999.000,9999.000,9999.000,9999.000,9999.000,9999.000
202605212136,   0.187,   0.298,9999.000,9999.000,9999.000,9999.000,9999.000,9999.000,9999.000
202605212142,   0.164,   0.390,9999.000,9999.000,9999.000,9999.000,9999.000,9999.000,9999.000
202605212148,   0.144,   0.268,9999.000,9999.000,9999.000,9999.000,9999.000,9999.000,9999.000
202605212154,   0.128,   0.200,9999.000,9999.000,9999.000,9999.000,9999.000,9999.000,9999.000
202605212200,   0.117,   0.180,   0.300,  -0.237,   0.180,   0.200,   0.080,   0.400,   0.280
202605212206,   0.109,   0.160,9999.000,9999.000,9999.000,9999.000,9999.000,9999.000,9999.000
202605212212,   0.106,   0.180,9999.000,9999.000,9999.000,9999.000,9999.000,9999.000,9999.000
202605212218,   0.107,   0.219,9999.000,9999.000,9999.000,9999.000,9999.000,9999.000,9999.000
202605212224,   0.112,   0.209,9999.000,9999.000,9999.000,9999.000,9999.000,9999.000,9999.000
202605212230,   0.121,   0.239,9999.000,9999.000,9999.000,9999.000,9999.000,9999.000,9999.000
202605212236,   0.133,   0.308,9999.000,9999.000,9999.000,9999.000,9999.000,9999.000,9999.000
202605212242,   0.149,   0.321,9999.000,9999.000,9999.000,9999.000,9999.000,9999.000,9999.000
202605212248,   0.170,   0.390,9999.000,9999.000,9999.000,9999.000,9999.000,9999.000,9999.000
202605212254,   0.193,   0.429,9999.000,9999.000,9999.000,9999.000,9999.000,9999.000,9999.000
202605212300,   0.220,   0.429,   0.300,  -0.091,   0.429,   0.300,   0.429,   0.400,   0.529
202605212306,   0.251,   0.570,9999.000,9999.000,9999.000,9999.000,9999.000,9999.000,9999.000
202605212312,   0.285,   0.580,9999.000,9999.000,9999.000,9999.000,9999.000,9999.000,9999.000
202605212318,   0.323,   0.570,9999.000,9999.000,9999.000,9999.000,9999.000,9999.000,9999.000
202605212324,   0.364,   0.669,9999.000,9999.000,9999.000,9999.000,9999.000,9999.000,9999.000
202605212330,   0.408,   0.678,9999.000,9999.000,9999.000,9999.000,9999.000,9999.000,9999.000
202605212336,   0.455,   0.698,9999.000,9999.000,9999.000,9999.000,9999.000,9999.000,9999.000
202605212342,   0.506,   0.819,9999.000,9999.000,9999.000,9999.000,9999.000,9999.000,9999.000
202605212348,   0.559,   0.849,9999.000,9999.000,9999.000,9999.000,9999.000,9999.000,9999.000
202605212354,   0.616,   0.970,9999.000,9999.000,9999.000,9999.000,9999.000,9999.000,9999.000
202605220000,   0.676,   0.980,   0.400,  -0.096,   0.980,   0.300,   0.880,   0.400,   0.980
202605220006,   0.739,   1.118,9999.000,9999.000,9999.000,9999.000,9999.000,9999.000,9999.000
202605220012,   0.806,   1.220,9999.000,9999.000,9999.000,9999.000,9999.000,9999.000,9999.000
202605220018,   0.875,   1.279,9999.000,9999.000,9999.000,9999.000,9999.000,9999.000,9999.000
202605220024,   0.946,   1.371,9999.000,9999.000,9999.000,9999.000,9999.000,9999.000,9999.000
202605220030,   1.021,   1.420,9999.000,9999.000,9999.000,9999.000,9999.000,9999.000,9999.000
202605220036,   1.098,   1.548,9999.000,9999.000,9999.000,9999.000,9999.000,9999.000,9999.000
202605220042,   1.178,   1.630,9999.000,9999.000,9999.000,9999.000,9999.000,9999.000,9999.000
202605220048,   1.260,   1.728,9999.000,9999.000,9999.000,9999.000,9999.000,9999.000,9999.000
202605220054,   1.345,   1.810,9999.000,9999.000,9999.000,9999.000,9999.000,9999.000,9999.000
202605220100,   1.431,   1.879,   0.400,   0.048,   1.879,   0.400,   1.879,   0.500,   1.979
202605220106,   1.519,   2.020,9999.000,9999.000,9999.000,9999.000,9999.000,9999.000,9999.000
202605220112,   1.609,   2.079,9999.000,9999.000,9999.000,9999.000,9999.000,9999.000,9999.000
202605220118,   1.700,   2.200,9999.000,9999.000,9999.000,9999.000,9999.000,9999.000,9999.000
202605220124,   1.791,   2.309,9999.000,9999.000,9999.000,9999.000,9999.000,9999.000,9999.000
202605220130,   1.884,   2.420,9999.000,9999.000,9999.000,9999.000,9999.000,9999.000,9999.000
202605220136,   1.977,   2.479,9999.000,9999.000,9999.000,9999.000,9999.000,9999.000,9999.000
202605220142,   2.070,   2.568,9999.000,9999.000,9999.000,9999.000,9999.000,9999.000,9999.000
202605220148,   2.163,   2.640,9999.000,9999.000,9999.000,9999.000,9999.000,9999.000,9999.000
202605220154,   2.255,   2.768,9999.000,9999.000,9999.000,9999.000,9999.000,9999.000,9999.000
202605220200,   2.347,   2.850,   0.400,   0.103,   2.850,   0.400,   2.850,   0.500,   2.950
202605220206,   2.437,   2.958,9999.000,9999.000,9999.000,9999.000,9999.000,9999.000,9999.000
202605220212,   2.525,   3.099,9999.000,9999.000,9999.000,9999.000,9999.000,9999.000,9999.000
202605220218,   2.612,   3.217,9999.000,9999.000,9999.000,9999.000,9999.000,9999.000,9999.000
202605220224,   2.696,   3.250,9999.000,9999.000,9999.000,9999.000,9999.000,9999.000,9999.000
202605220230,   2.778,   3.378,9999.000,9999.000,9999.000,9999.000,9999.000,9999.000,9999.000
202605220236,   2.857,   3.417,9999.000,9999.000,9999.000,9999.000,9999.000,9999.000,9999.000
202605220242,   2.933,   3.519,9999.000,9999.000,9999.000,9999.000,9999.000,9999.000,9999.000
202605220248,   3.006,   3.578,9999.000,9999.000,9999.000,9999.000,9999.000,9999.000,9999.000
202605220254,   3.075,   3.627,9999.000,9999.000,9999.000,9999.000,9999.000,9999.000,9999.000
202605220300,   3.140,   3.768,   0.400,   0.228,   3.768,   0.400,   3.768,   0.500,   3.868
202605220306,   3.202,   3.827,9999.000,9999.000,9999.000,9999.000,9999.000,9999.000,9999.000
202605220312,   3.259,   3.860,9999.000,9999.000,9999.000,9999.000,9999.000,9999.000,9999.000
202605220318,   3.312,   3.929,9999.000,9999.000,9999.000,9999.000,9999.000,9999.000,9999.000
202605220324,   3.361,   3.919,9999.000,9999.000,9999.000,9999.000,9999.000,9999.000,9999.000
202605220330,   3.406,   3.978,9999.000,9999.000,9999.000,9999.000,9999.000,9999.000,9999.000
202605220336,   3.446,   4.027,9999.000,9999.000,9999.000,9999.000,9999.000,9999.000,9999.000
202605220342,   3.482,   4.099,9999.000,9999.000,9999.000,9999.000,9999.000,9999.000,9999.000
202605220348,   3.514,   4.070,9999.000,9999.000,9999.000,9999.000,9999.000,9999.000,9999.000
202605220354,   3.541,   4.099,9999.000,9999.000,9999.000,9999.000,9999.000,9999.000,9999.000
202605220400,   3.563,   4.149,   0.400,   0.186,   4.149,   0.400,   4.149,   0.500,   4.249
202605220406,   3.582,   4.208,9999.000,9999.000,9999.000,9999.000,9999.000,9999.000,9999.000
202605220412,   3.596,   4.198,9999.000,9999.000,9999.000,9999.000,9999.000,9999.000,9999.000
202605220418,   3.606,   4.237,9999.000,9999.000,9999.000,9999.000,9999.000,9999.000,9999.000
202605220424,   3.611,   4.208,9999.000,9999.000,9999.000,9999.000,9999.000,9999.000,9999.000
202605220430,   3.613,   4.247,9999.000,9999.000,9999.000,9999.000,9999.000,9999.000,9999.000
202605220436,   3.610,   4.227,9999.000,9999.000,9999.000,9999.000,9999.000,9999.000,9999.000
202605220442,   3.604,   4.280,9999.000,9999.000,9999.000,9999.000,9999.000,9999.000,9999.000
202605220448,   3.594,   4.159,9999.000,9999.000,9999.000,9999.000,9999.000,9999.000,9999.000
202605220454,   3.580,   4.290,9999.000,9999.000,9999.000,9999.000,9999.000,9999.000,9999.000
202605220500,   3.563,   4.257,   0.400,   0.294,   4.257,   0.400,   4.257,   0.500,   4.357
202605220506,   3.542,   4.198,9999.000,9999.000,9999.000,9999.000,9999.000,9999.000,9999.000
202605220512,   3.517,   4.119,9999.000,9999.000,9999.000,9999.000,9999.000,9999.000,9999.000
202605220518,   3.489,   4.149,9999.000,9999.000,9999.000,9999.000,9999.000,9999.000,9999.000
202605220524,   3.458,   4.037,9999.000,9999.000,9999.000,9999.000,9999.000,9999.000,9999.000
202605220530,   3.423,   3.988,9999.000,9999.000,9999.000,9999.000,9999.000,9999.000,9999.000
202605220536,   3.386,   3.958,9999.000,9999.000,9999.000,9999.000,9999.000,9999.000,9999.000
202605220542,   3.345,   3.870,9999.000,9999.000,9999.000,9999.000,9999.000,9999.000,9999.000
202605220548,   3.301,   4.008,9999.000,9999.000,9999.000,9999.000,9999.000,9999.000,9999.000
202605220554,   3.255,   3.998,9999.000,9999.000,9999.000,9999.000,9999.000,9999.000,9999.000
202605220600,   3.205,   3.890,   0.600,   0.085,   3.890,   0.500,   3.790,   0.700,   3.990
202605220606,   3.153,   3.827,9999.000,9999.000,9999.000,9999.000,9999.000,9999.000,9999.000
202605220612,   3.098,   3.758,9999.000,9999.000,9999.000,9999.000,9999.000,9999.000,9999.000
202605220618,   3.040,   3.880,9999.000,9999.000,9999.000,9999.000,9999.000,9999.000,9999.000
202605220624,   2.979,   3.739,9999.000,9999.000,9999.000,9999.000,9999.000,9999.000,9999.000
202605220630,   2.916,   3.709,9999.000,9999.000,9999.000,9999.000,9999.000,9999.000,9999.000
202605220636,   2.850,   3.598,9999.000,9999.000,9999.000,9999.000,9999.000,9999.000,9999.000
202605220642,   2.782,   3.499,9999.000,9999.000,9999.000,9999.000,9999.000,9999.000,9999.000
202605220648,   2.712,   3.388,9999.000,9999.000,9999.000,9999.000,9999.000,9999.000,9999.000
202605220654,   2.639,   3.250,9999.000,9999.000,9999.000,9999.000,9999.000,9999.000,9999.000
202605220700,   2.564,   3.329,   0.700,   0.065,   3.329,   0.600,   3.229,   0.800,   3.429
202605220706,   2.488,   3.119,9999.000,9999.000,9999.000,9999.000,9999.000,9999.000,9999.000
202605220712,   2.409,   3.040,9999.000,9999.000,9999.000,9999.000,9999.000,9999.000,9999.000
202605220718,   2.328,   2.958,9999.000,9999.000,9999.000,9999.000,9999.000,9999.000,9999.000
202605220724,   2.246,   2.899,9999.000,9999.000,9999.000,9999.000,9999.000,9999.000,9999.000
202605220730,   2.162,   2.879,9999.000,9999.000,9999.000,9999.000,9999.000,9999.000,9999.000
202605220736,   2.077,   2.807,9999.000,9999.000,9999.000,9999.000,9999.000,9999.000,9999.000
202605220742,   1.991,   2.719,9999.000,9999.000,9999.000,9999.000,9999.000,9999.000,9999.000
202605220748,   1.904,   2.620,9999.000,9999.000,9999.000,9999.000,9999.000,9999.000,9999.000
202605220754,   1.816,   2.587,9999.000,9999.000,9999.000,9999.000,9999.000,9999.000,9999.000
202605220800,   1.727,   2.459,   0.700,   0.032,   2.459,   0.600,   2.359,   0.800,   2.559
202605220806,   1.638,   2.358,9999.000,9999.000,9999.000,9999.000,9999.000,9999.000,9999.000
202605220812,   1.550,   2.309,9999.000,9999.000,9999.000,9999.000,9999.000,9999.000,9999.000
202605220818,   1.461,   2.158,9999.000,9999.000,9999.000,9999.000,9999.000,9999.000,9999.000
202605220824,   1.373,   2.177,9999.000,9999.000,9999.000,9999.000,9999.000,9999.000,9999.000
202605220830,   1.286,   1.990,9999.000,9999.000,9999.000,9999.000,9999.000,9999.000,9999.000
202605220836,   1.200,   1.938,9999.000,9999.000,9999.000,9999.000,9999.000,9999.000,9999.000
202605220842,   1.115,   1.879,9999.000,9999.000,9999.000,9999.000,9999.000,9999.000,9999.000
202605220848,   1.032,   1.790,9999.000,9999.000,9999.000,9999.000,9999.000,9999.000,9999.000
202605220854,   0.950,   1.767,9999.000,9999.000,9999.000,9999.000,9999.000,9999.000,9999.000
202605220900,   0.871,   1.738,   0.700,   0.167,   1.738,   0.600,   1.638,   0.900,   1.938
202605220906,   0.794,   1.669,9999.000,9999.000,9999.000,9999.000,9999.000,9999.000,9999.000
202605220912,   0.719,   1.580,9999.000,9999.000,9999.000,9999.000,9999.000,9999.000,9999.000
202605220918,   0.648,   1.518,9999.000,9999.000,9999.000,9999.000,9999.000,9999.000,9999.000
202605220924,   0.580,   1.361,9999.000,9999.000,9999.000,9999.000,9999.000,9999.000,9999.000
202605220930,   0.515,   1.279,9999.000,9999.000,9999.000,9999.000,9999.000,9999.000,9999.000
202605220936,   0.453,   1.289,9999.000,9999.000,9999.000,9999.000,9999.000,9999.000,9999.000
202605220942,   0.395,   1.180,9999.000,9999.000,9999.000,9999.000,9999.000,9999.000,9999.000
202605220948,   0.340,   1.128,9999.000,9999.000,9999.000,9999.000,9999.000,9999.000,9999.000
202605220954,   0.290,   1.079,9999.000,9999.000,9999.000,9999.000,9999.000,9999.000,9999.000
202605221000,   0.243,   1.069,   0.800,   0.026,   1.069,   0.700,   0.969,   0.900,   1.169
202605221006,   0.200,   1.010,9999.000,9999.000,9999.000,9999.000,9999.000,9999.000,9999.000
202605221012,   0.162,   0.829,9999.000,9999.000,9999.000,9999.000,9999.000,9999.000,9999.000
202605221018,   0.127,   0.951,9999.000,9999.000,9999.000,9999.000,9999.000,9999.000,9999.000
202605221024,   0.096,   0.888,9999.000,9999.000,9999.000,9999.000,9999.000,9999.000,9999.000
202605221030,   0.070,   0.928,9999.000,9999.000,9999.000,9999.000,9999.000,9999.000,9999.000
202605221036,   0.047,   0.990,9999.000,9999.000,9999.000,9999.000,9999.000,9999.000,9999.000
202605221042,   0.028,   0.980,9999.000,9999.000,9999.000,9999.000,9999.000,9999.000,9999.000
202605221048,   0.014,   1.039,9999.000,9999.000,9999.000,9999.000,9999.000,9999.000,9999.000
202605221054,   0.003,   1.010,9999.000,9999.000,9999.000,9999.000,9999.000,9999.000,9999.000
202605221100,  -0.003,   0.980,   0.800,   0.183,   0.980,   0.700,   0.880,   0.900,   1.080
202605221106,  -0.007,   0.918,9999.000,9999.000,9999.000,9999.000,9999.000,9999.000,9999.000
202605221112,  -0.006,   1.010,9999.000,9999.000,9999.000,9999.000,9999.000,9999.000,9999.000
202605221118,  -0.002,   1.000,9999.000,9999.000,9999.000,9999.000,9999.000,9999.000,9999.000
202605221124,   0.004,   0.928,9999.000,9999.000,9999.000,9999.000,9999.000,9999.000,9999.000
202605221130,   0.016,   0.980,9999.000,9999.000,9999.000,9999.000,9999.000,9999.000,9999.000
202605221136,   0.030,   1.000,9999.000,9999.000,9999.000,9999.000,9999.000,9999.000,9999.000
202605221142,   0.049,   1.010,9999.000,9999.000,9999.000,9999.000,9999.000,9999.000,9999.000
202605221148,   0.070,   1.079,9999.000,9999.000,9999.000,9999.000,9999.000,9999.000,9999.000
202605221154,   0.095,   1.128,9999.000,9999.000,9999.000,9999.000,9999.000,9999.000,9999.000
202605221200,   0.124,   1.000,   0.800,   0.076,   1.000,   0.700,   0.900,   0.900,   1.100
202605221206,   0.156,   1.098,9999.000,9999.000,9999.000,9999.000,9999.000,9999.000,9999.000
202605221212,   0.192,   1.220,9999.000,9999.000,9999.000,9999.000,9999.000,9999.000,9999.000
202605221218,   0.231,   1.229,9999.000,9999.000,9999.000,9999.000,9999.000,9999.000,9999.000
202605221224,   0.273,   1.220,9999.000,9999.000,9999.000,9999.000,9999.000,9999.000,9999.000
202605221230,   0.319,   1.318,9999.000,9999.000,9999.000,9999.000,9999.000,9999.000,9999.000
202605221236,   0.368,   1.269,9999.000,9999.000,9999.000,9999.000,9999.000,9999.000,9999.000
202605221242,   0.421,   1.528,9999.000,9999.000,9999.000,9999.000,9999.000,9999.000,9999.000
202605221248,   0.477,   1.390,9999.000,9999.000,9999.000,9999.000,9999.000,9999.000,9999.000
202605221254,   0.536,   1.498,9999.000,9999.000,9999.000,9999.000,9999.000,9999.000,9999.000
202605221300,   0.599,   1.508,   0.800,   0.109,   1.508,   0.700,   1.408,   0.900,   1.608
202605221306,   0.665,   1.610,9999.000,9999.000,9999.000,9999.000,9999.000,9999.000,9999.000
202605221312,   0.734,   1.669,9999.000,9999.000,9999.000,9999.000,9999.000,9999.000,9999.000
202605221318,   0.805,   1.748,9999.000,9999.000,9999.000,9999.000,9999.000,9999.000,9999.000
202605221324,   0.880,   1.810,9999.000,9999.000,9999.000,9999.000,9999.000,9999.000,9999.000
202605221330,   0.956,   1.908,9999.000,9999.000,9999.000,9999.000,9999.000,9999.000,9999.000
202605221336,   1.035,   2.059,9999.000,9999.000,9999.000,9999.000,9999.000,9999.000,9999.000
202605221342,   1.117,   2.069,9999.000,9999.000,9999.000,9999.000,9999.000,9999.000,9999.000
202605221348,   1.200,   2.177,9999.000,9999.000,9999.000,9999.000,9999.000,9999.000,9999.000
202605221354,   1.284,   2.158,9999.000,9999.000,9999.000,9999.000,9999.000,9999.000,9999.000
202605221400,   1.370,   2.279,   0.800,   0.109,   2.279,   0.700,   2.179,   0.900,   2.379
202605221406,   1.456,   2.387,9999.000,9999.000,9999.000,9999.000,9999.000,9999.000,9999.000
202605221412,   1.543,   2.430,9999.000,9999.000,9999.000,9999.000,9999.000,9999.000,9999.000
202605221418,   1.630,   2.558,9999.000,9999.000,9999.000,9999.000,9999.000,9999.000,9999.000
202605221424,   1.717,   2.578,9999.000,9999.000,9999.000,9999.000,9999.000,9999.000,9999.000
202605221430,   1.803,   2.689,9999.000,9999.000,9999.000,9999.000,9999.000,9999.000,9999.000
202605221436,   1.889,   2.840,9999.000,9999.000,9999.000,9999.000,9999.000,9999.000,9999.000
202605221442,   1.973,   2.778,9999.000,9999.000,9999.000,9999.000,9999.000,9999.000,9999.000
202605221448,   2.056,   2.958,9999.000,9999.000,9999.000,9999.000,9999.000,9999.000,9999.000
202605221454,   2.137,   2.988,9999.000,9999.000,9999.000,9999.000,9999.000,9999.000,9999.000
202605221500,   2.216,   3.040,   0.800,   0.024,   3.040,   0.700,   2.940,   0.900,   3.140
202605221506,   2.292,   3.240,9999.000,9999.000,9999.000,9999.000,9999.000,9999.000,9999.000
202605221512,   2.366,   3.197,9999.000,9999.000,9999.000,9999.000,9999.000,9999.000,9999.000
202605221518,   2.437,   3.197,9999.000,9999.000,9999.000,9999.000,9999.000,9999.000,9999.000
202605221524,   2.504,   3.309,9999.000,9999.000,9999.000,9999.000,9999.000,9999.000,9999.000
202605221530,   2.568,   3.388,9999.000,9999.000,9999.000,9999.000,9999.000,9999.000,9999.000
202605221536,   2.629,   3.329,9999.000,9999.000,9999.000,9999.000,9999.000,9999.000,9999.000
202605221542,   2.686,   3.509,9999.000,9999.000,9999.000,9999.000,9999.000,9999.000,9999.000
202605221548,   2.739,   3.617,9999.000,9999.000,9999.000,9999.000,9999.000,9999.000,9999.000
202605221554,   2.789,   3.617,9999.000,9999.000,9999.000,9999.000,9999.000,9999.000,9999.000
202605221600,   2.834,   3.709,   0.800,   0.075,   3.709,   0.700,   3.609,   0.900,   3.809
202605221606,   2.876,   3.680,9999.000,9999.000,9999.000,9999.000,9999.000,9999.000,9999.000
202605221612,   2.914,   3.788,9999.000,9999.000,9999.000,9999.000,9999.000,9999.000,9999.000
202605221618,   2.948,   3.837,9999.000,9999.000,9999.000,9999.000,9999.000,9999.000,9999.000
202605221624,   2.978,   3.827,9999.000,9999.000,9999.000,9999.000,9999.000,9999.000,9999.000
202605221630,   3.004,   3.817,9999.000,9999.000,9999.000,9999.000,9999.000,9999.000,9999.000
202605221636,   3.026,   3.899,9999.000,9999.000,9999.000,9999.000,9999.000,9999.000,9999.000
202605221642,   3.045,   3.827,9999.000,9999.000,9999.000,9999.000,9999.000,9999.000,9999.000
202605221648,   3.060,   3.909,9999.000,9999.000,9999.000,9999.000,9999.000,9999.000,9999.000
202605221654,   3.071,   3.880,9999.000,9999.000,9999.000,9999.000,9999.000,9999.000,9999.000
202605221700,   3.079,   3.919,   0.800,   0.040,   3.919,   0.700,   3.819,   0.900,   4.019
202605221706,   3.084,   3.837,9999.000,9999.000,9999.000,9999.000,9999.000,9999.000,9999.000
202605221712,   3.085,   3.919,9999.000,9999.000,9999.000,9999.000,9999.000,9999.000,9999.000
202605221718,   3.083,   3.899,9999.000,9999.000,9999.000,9999.000,9999.000,9999.000,9999.000
202605221724,   3.078,   3.860,9999.000,9999.000,9999.000,9999.000,9999.000,9999.000,9999.000
202605221730,   3.070,   3.899,9999.000,9999.000,9999.000,9999.000,9999.000,9999.000,9999.000
202605221736,   3.059,   3.939,9999.000,9999.000,9999.000,9999.000,9999.000,9999.000,9999.000
202605221742,   3.044,   3.847,9999.000,9999.000,9999.000,9999.000,9999.000,9999.000,9999.000
202605221748,   3.027,   3.768,9999.000,9999.000,9999.000,9999.000,9999.000,9999.000,9999.000
202605221754,   3.007,   3.788,9999.000,9999.000,9999.000,9999.000,9999.000,9999.000,9999.000
202605221800,   2.985,   3.788,   0.900,  -0.097,   3.788,   0.800,   3.688,   0.900,   3.788
202605221806,   2.959,   3.749,9999.000,9999.000,9999.000,9999.000,9999.000,9999.000,9999.000
202605221812,   2.931,   3.739,9999.000,9999.000,9999.000,9999.000,9999.000,9999.000,9999.000
202605221818,   2.900,   3.719,9999.000,9999.000,9999.000,9999.000,9999.000,9999.000,9999.000
202605221824,   2.867,   3.680,9999.000,9999.000,9999.000,9999.000,9999.000,9999.000,9999.000
202605221830,   2.830,   3.689,9999.000,9999.000,9999.000,9999.000,9999.000,9999.000,9999.000
202605221836,   2.792,   3.627,9999.000,9999.000,9999.000,9999.000,9999.000,9999.000,9999.000
202605221842,   2.750,   3.627,9999.000,9999.000,9999.000,9999.000,9999.000,9999.000,9999.000
202605221848,   2.706,   3.470,9999.000,9999.000,9999.000,9999.000,9999.000,9999.000,9999.000
202605221854,   2.659,   3.519,9999.000,9999.000,9999.000,9999.000,9999.000,9999.000,9999.000
202605221900,   2.610,   3.558,   0.900,   0.048,   3.558,   0.800,   3.458,   1.000,   3.658
202605221906,   2.558,   3.480,9999.000,9999.000,9999.000,9999.000,9999.000,9999.000,9999.000
202605221912,   2.504,   3.348,9999.000,9999.000,9999.000,9999.000,9999.000,9999.000,9999.000
202605221918,   2.448,   3.289,9999.000,9999.000,9999.000,9999.000,9999.000,9999.000,9999.000
202605221924,   2.389,   3.217,9999.000,9999.000,9999.000,9999.000,9999.000,9999.000,9999.000
202605221930,   2.328,   3.188,9999.000,9999.000,9999.000,9999.000,9999.000,9999.000,9999.000
202605221936,   2.265,   3.119,9999.000,9999.000,9999.000,9999.000,9999.000,9999.000,9999.000
202605221942,   2.199,   3.099,9999.000,9999.000,9999.000,9999.000,9999.000,9999.000,9999.000
202605221948,   2.132,   2.968,9999.000,9999.000,9999.000,9999.000,9999.000,9999.000,9999.000
202605221954,   2.063,   2.919,9999.000,9999.000,9999.000,9999.000,9999.000,9999.000,9999.000
202605222000,   1.993,   2.787,   0.900,  -0.106,   2.787,   0.800,   2.687,   1.000,   2.887
202605222006,   1.921,   2.689,9999.000,9999.000,9999.000,9999.000,9999.000,9999.000,9999.000
202605222012,   1.848,   2.660,9999.000,9999.000,9999.000,9999.000,9999.000,9999.000,9999.000
202605222018,   1.773,   2.558,9999.000,9999.000,9999.000,9999.000,9999.000,9999.000,9999.000
202605222024,   1.698,   2.469,9999.000,9999.000,9999.000,9999.000,9999.000,9999.000,9999.000
202605222030,   1.623,   2.410,9999.000,9999.000,9999.000,9999.000,9999.000,9999.000,9999.000
202605222036,   1.547,   2.328,9999.000,9999.000,9999.000,9999.000,9999.000,9999.000,9999.000
202605222042,   1.471,   2.177,9999.000,9999.000,9999.000,9999.000,9999.000,9999.000,9999.000
202605222048,   1.396,   2.191,9999.000,9999.000,9999.000,9999.000,9999.000,9999.000,9999.000
202605222054,   1.320,   2.099,9999.000,9999.000,9999.000,9999.000,9999.000,9999.000,9999.000
202605222100,   1.246,   1.967,   0.900,  -0.179,   1.967,   0.800,   1.867,   1.000,   2.067
202605222106,   1.173,   1.889,9999.000,9999.000,9999.000,9999.000,9999.000,9999.000,9999.000
202605222112,   1.101,   1.928,9999.000,9999.000,9999.000,9999.000,9999.000,9999.000,9999.000
202605222118,   1.031,   1.859,9999.000,9999.000,9999.000,9999.000,9999.000,9999.000,9999.000
202605222124,   0.963,   1.790,9999.000,9999.000,9999.000,9999.000,9999.000,9999.000,9999.000
202605222130,   0.897,   1.699,9999.000,9999.000,9999.000,9999.000,9999.000,9999.000,9999.000
202605222136,   0.833,   1.669,9999.000,9999.000,9999.000,9999.000,9999.000,9999.000,9999.000
202605222142,   0.772,   1.580,9999.000,9999.000,9999.000,9999.000,9999.000,9999.000,9999.000
202605222148,   0.714,   1.508,9999.000,9999.000,9999.000,9999.000,9999.000,9999.000,9999.000
202605222154,   0.659,   1.479,9999.000,9999.000,9999.000,9999.000,9999.000,9999.000,9999.000
202605222200,   0.607,   1.528,   1.000,  -0.079,   1.528,   0.900,   1.428,   1.100,   1.628
202605222206,   0.559,   1.439,9999.000,9999.000,9999.000,9999.000,9999.000,9999.000,9999.000
202605222212,   0.514,   1.380,9999.000,9999.000,9999.000,9999.000,9999.000,9999.000,9999.000
202605222218,   0.473,   1.348,9999.000,9999.000,9999.000,9999.000,9999.000,9999.000,9999.000
202605222224,   0.436,   1.298,9999.000,9999.000,9999.000,9999.000,9999.000,9999.000,9999.000
202605222230,   0.402,   1.259,9999.000,9999.000,9999.000,9999.000,9999.000,9999.000,9999.000
202605222236,   0.372,   1.239,9999.000,9999.000,9999.000,9999.000,9999.000,9999.000,9999.000
202605222242,   0.346,   1.229,9999.000,9999.000,9999.000,9999.000,9999.000,9999.000,9999.000
202605222248,   0.323,   1.338,9999.000,9999.000,9999.000,9999.000,9999.000,9999.000,9999.000
202605222254,   0.305,   1.328,9999.000,9999.000,9999.000,9999.000,9999.000,9999.000,9999.000
202605222300,   0.290,   1.249,   1.000,  -0.041,   1.249,   0.900,   1.149,   1.100,   1.349
202605222306,   0.278,   1.239,9999.000,9999.000,9999.000,9999.000,9999.000,9999.000,9999.000
202605222312,   0.271,   1.249,9999.000,9999.000,9999.000,9999.000,9999.000,9999.000,9999.000
202605222318,   0.266,   1.170,9999.000,9999.000,9999.000,9999.000,9999.000,9999.000,9999.000
202605222324,   0.266,   1.210,9999.000,9999.000,9999.000,9999.000,9999.000,9999.000,9999.000
202605222330,   0.268,   1.239,9999.000,9999.000,9999.000,9999.000,9999.000,9999.000,9999.000
202605222336,   0.274,   1.298,9999.000,9999.000,9999.000,9999.000,9999.000,9999.000,9999.000
202605222342,   0.284,   1.259,9999.000,9999.000,9999.000,9999.000,9999.000,9999.000,9999.000
202605222348,   0.296,   1.269,9999.000,9999.000,9999.000,9999.000,9999.000,9999.000,9999.000
202605222354,   0.312,   1.361,9999.000,9999.000,9999.000,9999.000,9999.000,9999.000,9999.000
202605230000,   0.331,   1.308,   0.900,   0.077,   1.308,   0.900,   1.308,   1.000,   1.408
202605230006,   0.353,   1.371,9999.000,9999.000,9999.000,9999.000,9999.000,9999.000,9999.000
202605230012,   0.378,   1.318,9999.000,9999.000,9999.000,9999.000,9999.000,9999.000,9999.000
202605230018,   0.406,   1.371,9999.000,9999.000,9999.000,9999.000,9999.000,9999.000,9999.000
202605230024,   0.438,   1.348,9999.000,9999.000,9999.000,9999.000,9999.000,9999.000,9999.000
202605230030,   0.472,   1.590,9999.000,9999.000,9999.000,9999.000,9999.000,9999.000,9999.000
202605230036,   0.510,   1.400,9999.000,9999.000,9999.000,9999.000,9999.000,9999.000,9999.000
202605230042,   0.551,   1.689,9999.000,9999.000,9999.000,9999.000,9999.000,9999.000,9999.000
202605230048,   0.595,   1.679,9999.000,9999.000,9999.000,9999.000,9999.000,9999.000,9999.000
202605230054,   0.642,   1.708,9999.000,9999.000,9999.000,9999.000,9999.000,9999.000,9999.000
202605230100,   0.692,   1.718,   1.000,   0.026,   1.718,   0.900,   1.618,   1.100,   1.818
202605230106,   0.746,   1.879,9999.000,9999.000,9999.000,9999.000,9999.000,9999.000,9999.000
202605230112,   0.803,   1.820,9999.000,9999.000,9999.000,9999.000,9999.000,9999.000,9999.000
202605230118,   0.862,   1.990,9999.000,9999.000,9999.000,9999.000,9999.000,9999.000,9999.000
202605230124,   0.925,   2.040,9999.000,9999.000,9999.000,9999.000,9999.000,9999.000,9999.000
202605230130,   0.991,   2.069,9999.000,9999.000,9999.000,9999.000,9999.000,9999.000,9999.000
202605230136,   1.060,   2.069,9999.000,9999.000,9999.000,9999.000,9999.000,9999.000,9999.000
202605230142,   1.131,   2.240,9999.000,9999.000,9999.000,9999.000,9999.000,9999.000,9999.000
202605230148,   1.205,   2.259,9999.000,9999.000,9999.000,9999.000,9999.000,9999.000,9999.000
202605230154,   1.281,   2.250,9999.000,9999.000,9999.000,9999.000,9999.000,9999.000,9999.000
202605230200,   1.359,   2.309,   1.000,  -0.050,   2.309,   0.900,   2.209,   1.100,   2.409
202605230206,   1.439,   2.499,9999.000,9999.000,9999.000,9999.000,9999.000,9999.000,9999.000
202605230212,   1.521,   2.558,9999.000,9999.000,9999.000,9999.000,9999.000,9999.000,9999.000
202605230218,   1.604,   2.830,9999.000,9999.000,9999.000,9999.000,9999.000,9999.000,9999.000
202605230224,   1.688,   2.958,9999.000,9999.000,9999.000,9999.000,9999.000,9999.000,9999.000
202605230230,   1.773,   2.958,9999.000,9999.000,9999.000,9999.000,9999.000,9999.000,9999.000
202605230236,   1.858,   2.958,9999.000,9999.000,9999.000,9999.000,9999.000,9999.000,9999.000
202605230242,   1.944,   3.138,9999.000,9999.000,9999.000,9999.000,9999.000,9999.000,9999.000
202605230248,   2.028,   3.099,9999.000,9999.000,9999.000,9999.000,9999.000,9999.000,9999.000
202605230254,   2.112,   3.358,9999.000,9999.000,9999.000,9999.000,9999.000,9999.000,9999.000
202605230300,   2.196,   3.398,   0.900,   0.302,   3.398,   0.900,   3.398,   1.000,   3.498
202605230306,   2.277,   3.417,9999.000,9999.000,9999.000,9999.000,9999.000,9999.000,9999.000
202605230312,   2.357,   3.588,9999.000,9999.000,9999.000,9999.000,9999.000,9999.000,9999.000
202605230318,   2.435,   3.808,9999.000,9999.000,9999.000,9999.000,9999.000,9999.000,9999.000
202605230324,   2.510,   3.880,9999.000,9999.000,9999.000,9999.000,9999.000,9999.000,9999.000
202605230330,   2.583,   3.808,9999.000,9999.000,9999.000,9999.000,9999.000,9999.000,9999.000
202605230336,   2.653,   3.860,9999.000,9999.000,9999.000,9999.000,9999.000,9999.000,9999.000
202605230342,   2.720,   3.899,9999.000,9999.000,9999.000,9999.000,9999.000,9999.000,9999.000
202605230348,   2.784,   4.080,9999.000,9999.000,9999.000,9999.000,9999.000,9999.000,9999.000
202605230354,   2.844,   4.070,9999.000,9999.000,9999.000,9999.000,9999.000,9999.000,9999.000
202605230400,   2.901,   4.139,   0.900,   0.338,   4.139,   0.900,   4.139,   1.000,   4.239
202605230406,   2.953,   4.090,9999.000,9999.000,9999.000,9999.000,9999.000,9999.000,9999.000
202605230412,   3.002,   4.047,9999.000,9999.000,9999.000,9999.000,9999.000,9999.000,9999.000
202605230418,   3.048,   4.129,9999.000,9999.000,9999.000,9999.000,9999.000,9999.000,9999.000
202605230424,   3.089,   4.159,9999.000,9999.000,9999.000,9999.000,9999.000,9999.000,9999.000
202605230430,   3.126,   4.368,9999.000,9999.000,9999.000,9999.000,9999.000,9999.000,9999.000
202605230436,   3.160,   4.398,9999.000,9999.000,9999.000,9999.000,9999.000,9999.000,9999.000
202605230442,   3.189,   4.447,9999.000,9999.000,9999.000,9999.000,9999.000,9999.000,9999.000
202605230448,   3.215,   4.280,9999.000,9999.000,9999.000,9999.000,9999.000,9999.000,9999.000
202605230454,   3.238,   4.368,9999.000,9999.000,9999.000,9999.000,9999.000,9999.000,9999.000
202605230500,   3.256,   4.388,   0.900,   0.232,   4.388,   0.800,   4.288,   1.000,   4.488
202605230506,   3.271,   4.437,9999.000,9999.000,9999.000,9999.000,9999.000,9999.000,9999.000
202605230512,   3.283,   4.408,9999.000,9999.000,9999.000,9999.000,9999.000,9999.000,9999.000
202605230518,   3.291,   4.437,9999.000,9999.000,9999.000,9999.000,9999.000,9999.000,9999.000
202605230524,   3.296,   4.457,9999.000,9999.000,9999.000,9999.000,9999.000,9999.000,9999.000
202605230530,   3.297,   4.490,9999.000,9999.000,9999.000,9999.000,9999.000,9999.000,9999.000
202605230536,   3.296,   4.447,9999.000,9999.000,9999.000,9999.000,9999.000,9999.000,9999.000
202605230542,   3.291,   4.500,9999.000,9999.000,9999.000,9999.000,9999.000,9999.000,9999.000
202605230548,   3.284,   4.290,9999.000,9999.000,9999.000,9999.000,9999.000,9999.000,9999.000
202605230554,   3.274,   4.339,9999.000,9999.000,9999.000,9999.000,9999.000,9999.000,9999.000
202605230600,   3.260,   4.418,   0.900,   0.258,   4.418,   0.800,   4.318,   1.000,   4.518
202605230606,   3.244,   4.349,9999.000,9999.000,9999.000,9999.000,9999.000,9999.000,9999.000
202605230612,   3.226,   4.368,9999.000,9999.000,9999.000,9999.000,9999.000,9999.000,9999.000
202605230618,   3.204,   4.349,9999.000,9999.000,9999.000,9999.000,9999.000,9999.000,9999.000
202605230624,   3.180,   4.349,9999.000,9999.000,9999.000,9999.000,9999.000,9999.000,9999.000
202605230630,   3.153,   4.408,9999.000,9999.000,9999.000,9999.000,9999.000,9999.000,9999.000
202605230636,   3.124,   4.159,9999.000,9999.000,9999.000,9999.000,9999.000,9999.000,9999.000
202605230642,   3.092,   4.198,9999.000,9999.000,9999.000,9999.000,9999.000,9999.000,9999.000
202605230648,   3.057,   4.149,9999.000,9999.000,9999.000,9999.000,9999.000,9999.000,9999.000
202605230654,   3.019,   4.168,9999.000,9999.000,9999.000,9999.000,9999.000,9999.000,9999.000
202605230700,   2.979,   3.958,   0.900,   0.079,   3.958,   0.800,   3.858,   0.900,   3.958
202605230706,   2.936,   4.008,9999.000,9999.000,9999.000,9999.000,9999.000,9999.000,9999.000
202605230712,   2.890,   3.870,9999.000,9999.000,9999.000,9999.000,9999.000,9999.000,9999.000
202605230718,   2.841,   3.958,9999.000,9999.000,9999.000,9999.000,9999.000,9999.000,9999.000
202605230724,   2.790,   3.880,9999.000,9999.000,9999.000,9999.000,9999.000,9999.000,9999.000
202605230730,   2.736,   3.788,9999.000,9999.000,9999.000,9999.000,9999.000,9999.000,9999.000
202605230736,   2.679,   3.749,9999.000,9999.000,9999.000,9999.000,9999.000,9999.000,9999.000
202605230742,   2.620,   3.637,9999.000,9999.000,9999.000,9999.000,9999.000,9999.000,9999.000
202605230748,   2.558,   3.529,9999.000,9999.000,9999.000,9999.000,9999.000,9999.000,9999.000
202605230754,   2.494,   3.529,9999.000,9999.000,9999.000,9999.000,9999.000,9999.000,9999.000
202605230800,   2.427,   3.568,   0.900,   0.241,   3.568,   0.800,   3.468,   0.900,   3.568
202605230806,   2.357,   3.388,9999.000,9999.000,9999.000,9999.000,9999.000,9999.000,9999.000
202605230812,   2.286,   3.279,9999.000,9999.000,9999.000,9999.000,9999.000,9999.000,9999.000
202605230818,   2.212,   3.319,9999.000,9999.000,9999.000,9999.000,9999.000,9999.000,9999.000
202605230824,   2.137,   3.207,9999.000,9999.000,9999.000,9999.000,9999.000,9999.000,9999.000
202605230830,   2.059,   3.148,9999.000,9999.000,9999.000,9999.000,9999.000,9999.000,9999.000
202605230836,   1.980,   2.958,9999.000,9999.000,9999.000,9999.000,9999.000,9999.000,9999.000
202605230842,   1.900,   2.899,9999.000,9999.000,9999.000,9999.000,9999.000,9999.000,9999.000
202605230848,   1.819,   2.830,9999.000,9999.000,9999.000,9999.000,9999.000,9999.000,9999.000
202605230854,   1.737,   2.748,9999.000,9999.000,9999.000,9999.000,9999.000,9999.000,9999.000
202605230900,   1.654,   2.679,   0.800,   0.225,   2.679,   0.800,   2.679,   0.900,   2.779
202605230906,   1.571,   2.587,9999.000,9999.000,9999.000,9999.000,9999.000,9999.000,9999.000
202605230912,   1.488,   2.459,9999.000,9999.000,9999.000,9999.000,9999.000,9999.000,9999.000
202605230918,   1.406,   2.440,9999.000,9999.000,9999.000,9999.000,9999.000,9999.000,9999.000
202605230924,   1.324,   2.338,9999.000,9999.000,9999.000,9999.000,9999.000,9999.000,9999.000
202605230930,   1.242,   2.230,9999.000,9999.000,9999.000,9999.000,9999.000,9999.000,9999.000
202605230936,   1.162,   2.138,9999.000,9999.000,9999.000,9999.000,9999.000,9999.000,9999.000
202605230942,   1.084,   2.049,9999.000,9999.000,9999.000,9999.000,9999.000,9999.000,9999.000
202605230948,   1.007,   1.928,9999.000,9999.000,9999.000,9999.000,9999.000,9999.000,9999.000
202605230954,   0.932,   1.918,9999.000,9999.000,9999.000,9999.000,9999.000,9999.000,9999.000
202605231000,   0.859,   1.948,   0.800,   0.289,   1.948,   0.800,   1.948,   0.900,   2.048
202605231006,   0.789,   1.859,9999.000,9999.000,9999.000,9999.000,9999.000,9999.000,9999.000
202605231012,   0.721,   1.699,9999.000,9999.000,9999.000,9999.000,9999.000,9999.000,9999.000
202605231018,   0.657,   1.639,9999.000,9999.000,9999.000,9999.000,9999.000,9999.000,9999.000
202605231024,   0.595,   1.630,9999.000,9999.000,9999.000,9999.000,9999.000,9999.000,9999.000
202605231030,   0.537,   1.571,9999.000,9999.000,9999.000,9999.000,9999.000,9999.000,9999.000
202605231036,   0.482,   1.449,9999.000,9999.000,9999.000,9999.000,9999.000,9999.000,9999.000
202605231042,   0.430,   1.449,9999.000,9999.000,9999.000,9999.000,9999.000,9999.000,9999.000
202605231048,   0.382,   1.371,9999.000,9999.000,9999.000,9999.000,9999.000,9999.000,9999.000
202605231054,   0.338,   1.249,9999.000,9999.000,9999.000,9999.000,9999.000,9999.000,9999.000
202605231100,   0.297,   1.259,   0.800,   0.162,   1.259,   0.800,   1.259,   0.900,   1.359
202605231106,   0.260,   1.161,9999.000,9999.000,9999.000,9999.000,9999.000,9999.000,9999.000
202605231112,   0.226,   1.118,9999.000,9999.000,9999.000,9999.000,9999.000,9999.000,9999.000
202605231118,   0.196,   1.180,9999.000,9999.000,9999.000,9999.000,9999.000,9999.000,9999.000
202605231124,   0.170,   1.118,9999.000,9999.000,9999.000,9999.000,9999.000,9999.000,9999.000
202605231130,   0.147,   1.039,9999.000,9999.000,9999.000,9999.000,9999.000,9999.000,9999.000
202605231136,   0.128,   1.020,9999.000,9999.000,9999.000,9999.000,9999.000,9999.000,9999.000
202605231142,   0.112,   1.049,9999.000,9999.000,9999.000,9999.000,9999.000,9999.000,9999.000
202605231148,   0.100,   1.108,9999.000,9999.000,9999.000,9999.000,9999.000,9999.000,9999.000
202605231154,   0.091,   1.118,9999.000,9999.000,9999.000,9999.000,9999.000,9999.000,9999.000
202605231200,   0.085,   1.088,   0.800,   0.203,   1.088,   0.700,   0.988,   0.800,   1.088
202605231206,   0.083,   1.180,9999.000,9999.000,9999.000,9999.000,9999.000,9999.000,9999.000
202605231212,   0.084,   1.108,9999.000,9999.000,9999.000,9999.000,9999.000,9999.000,9999.000
202605231218,   0.088,   1.049,9999.000,9999.000,9999.000,9999.000,9999.000,9999.000,9999.000
202605231224,   0.096,   1.088,9999.000,9999.000,9999.000,9999.000,9999.000,9999.000,9999.000
202605231230,   0.107,   1.088,9999.000,9999.000,9999.000,9999.000,9999.000,9999.000,9999.000
202605231236,   0.121,   1.039,9999.000,9999.000,9999.000,9999.000,9999.000,9999.000,9999.000
202605231242,   0.138,   1.000,9999.000,9999.000,9999.000,9999.000,9999.000,9999.000,9999.000
202605231248,   0.159,   1.049,9999.000,9999.000,9999.000,9999.000,9999.000,9999.000,9999.000
202605231254,   0.184,   1.138,9999.000,9999.000,9999.000,9999.000,9999.000,9999.000,9999.000
202605231300,   0.212,   1.069,   0.700,   0.157,   1.069,   0.700,   1.069,   0.800,   1.169
202605231306,   0.243,   1.151,9999.000,9999.000,9999.000,9999.000,9999.000,9999.000,9999.000
202605231312,   0.278,   1.220,9999.000,9999.000,9999.000,9999.000,9999.000,9999.000,9999.000
202605231318,   0.316,   1.210,9999.000,9999.000,9999.000,9999.000,9999.000,9999.000,9999.000
202605231324,   0.358,   1.259,9999.000,9999.000,9999.000,9999.000,9999.000,9999.000,9999.000
202605231330,   0.404,   1.318,9999.000,9999.000,9999.000,9999.000,9999.000,9999.000,9999.000
202605231336,   0.454,   1.338,9999.000,9999.000,9999.000,9999.000,9999.000,9999.000,9999.000
202605231342,   0.507,   1.371,9999.000,9999.000,9999.000,9999.000,9999.000,9999.000,9999.000
202605231348,   0.563,   1.508,9999.000,9999.000,9999.000,9999.000,9999.000,9999.000,9999.000
202605231354,   0.623,   1.498,9999.000,9999.000,9999.000,9999.000,9999.000,9999.000,9999.000
202605231400,   0.686,   1.571,   0.700,   0.185,   1.571,   0.700,   1.571,   0.800,   1.671
202605231406,   0.753,   1.669,9999.000,9999.000,9999.000,9999.000,9999.000,9999.000,9999.000
202605231412,   0.823,   1.767,9999.000,9999.000,9999.000,9999.000,9999.000,9999.000,9999.000
202605231418,   0.895,   1.820,9999.000,9999.000,9999.000,9999.000,9999.000,9999.000,9999.000
202605231424,   0.970,   1.918,9999.000,9999.000,9999.000,9999.000,9999.000,9999.000,9999.000
202605231430,   1.048,   2.010,9999.000,9999.000,9999.000,9999.000,9999.000,9999.000,9999.000
202605231436,   1.128,   2.020,9999.000,9999.000,9999.000,9999.000,9999.000,9999.000,9999.000
202605231442,   1.209,   2.069,9999.000,9999.000,9999.000,9999.000,9999.000,9999.000,9999.000
202605231448,   1.292,   2.191,9999.000,9999.000,9999.000,9999.000,9999.000,9999.000,9999.000
202605231454,   1.377,   2.158,9999.000,9999.000,9999.000,9999.000,9999.000,9999.000,9999.000
202605231500,   1.462,   2.309,   0.700,   0.147,   2.309,   0.700,   2.309,   0.800,   2.409
202605231506,   1.547,   2.358,9999.000,9999.000,9999.000,9999.000,9999.000,9999.000,9999.000
202605231512,   1.633,   2.410,9999.000,9999.000,9999.000,9999.000,9999.000,9999.000,9999.000
202605231518,   1.719,   2.568,9999.000,9999.000,9999.000,9999.000,9999.000,9999.000,9999.000
202605231524,   1.804,   2.768,9999.000,9999.000,9999.000,9999.000,9999.000,9999.000,9999.000
202605231530,   1.888,   2.820,9999.000,9999.000,9999.000,9999.000,9999.000,9999.000,9999.000
202605231536,   1.970,   2.840,9999.000,9999.000,9999.000,9999.000,9999.000,9999.000,9999.000
202605231542,   2.051,   2.919,9999.000,9999.000,9999.000,9999.000,9999.000,9999.000,9999.000
202605231548,   2.131,   3.070,9999.000,9999.000,9999.000,9999.000,9999.000,9999.000,9999.000
202605231554,   2.208,   3.099,9999.000,9999.000,9999.000,9999.000,9999.000,9999.000,9999.000
202605231600,   2.282,   3.207,   0.700,   0.225,   3.207,   0.600,   3.107,   0.700,   3.207
202605231606,   2.354,   3.270,9999.000,9999.000,9999.000,9999.000,9999.000,9999.000,9999.000
202605231612,   2.424,   3.358,9999.000,9999.000,9999.000,9999.000,9999.000,9999.000,9999.000
202605231618,   2.490,   3.417,9999.000,9999.000,9999.000,9999.000,9999.000,9999.000,9999.000
202605231624,   2.553,   3.489,9999.000,9999.000,9999.000,9999.000,9999.000,9999.000,9999.000
202605231630,   2.612,   3.558,9999.000,9999.000,9999.000,9999.000,9999.000,9999.000,9999.000
202605231636,   2.669,   3.670,9999.000,9999.000,9999.000,9999.000,9999.000,9999.000,9999.000
202605231642,   2.722,   3.729,9999.000,9999.000,9999.000,9999.000,9999.000,9999.000,9999.000
202605231648,   2.771,   3.709,9999.000,9999.000,9999.000,9999.000,9999.000,9999.000,9999.000
202605231654,   2.817,   3.788,9999.000,9999.000,9999.000,9999.000,9999.000,9999.000,9999.000
202605231700,   2.860,   3.870,   0.700,   0.310,   3.870,   0.600,   3.770,   0.700,   3.870
202605231706,   2.899,   3.860,9999.000,9999.000,9999.000,9999.000,9999.000,9999.000,9999.000
202605231712,   2.935,   3.899,9999.000,9999.000,9999.000,9999.000,9999.000,9999.000,9999.000
202605231718,   2.968,   4.008,9999.000,9999.000,9999.000,9999.000,9999.000,9999.000,9999.000
202605231724,   2.997,   3.988,9999.000,9999.000,9999.000,9999.000,9999.000,9999.000,9999.000
202605231730,   3.023,   3.968,9999.000,9999.000,9999.000,9999.000,9999.000,9999.000,9999.000
202605231736,   3.047,   4.017,9999.000,9999.000,9999.000,9999.000,9999.000,9999.000,9999.000
202605231742,   3.067,   4.017,9999.000,9999.000,9999.000,9999.000,9999.000,9999.000,9999.000
202605231748,   3.084,   3.968,9999.000,9999.000,9999.000,9999.000,9999.000,9999.000,9999.000
202605231754,   3.098,   4.099,9999.000,9999.000,9999.000,9999.000,9999.000,9999.000,9999.000
202605231800,   3.110,   4.027,   0.700,   0.217,   4.027,   0.600,   3.927,   0.800,   4.127
202605231806,   3.118,   3.988,9999.000,9999.000,9999.000,9999.000,9999.000,9999.000,9999.000
202605231812,   3.124,   3.978,9999.000,9999.000,9999.000,9999.000,9999.000,9999.000,9999.000
202605231818,   3.128,   3.998,9999.000,9999.000,9999.000,9999.000,9999.000,9999.000,9999.000
202605231824,   3.128,   4.057,9999.000,9999.000,9999.000,9999.000,9999.000,9999.000,9999.000
202605231830,   3.126,   4.027,9999.000,9999.000,9999.000,9999.000,9999.000,9999.000,9999.000
202605231836,   3.121,   3.968,9999.000,9999.000,9999.000,9999.000,9999.000,9999.000,9999.000
202605231842,   3.114,   4.027,9999.000,9999.000,9999.000,9999.000,9999.000,9999.000,9999.000
202605231848,   3.104,   3.968,9999.000,9999.000,9999.000,9999.000,9999.000,9999.000,9999.000
202605231854,   3.091,   3.998,9999.000,9999.000,9999.000,9999.000,9999.000,9999.000,9999.000
202605231900,   3.075,   3.880,   0.700,   0.105,   3.880,   0.700,   3.880,   0.800,   3.980
202605231906,   3.056,   3.890,9999.000,9999.000,9999.000,9999.000,9999.000,9999.000,9999.000
202605231912,   3.035,   3.860,9999.000,9999.000,9999.000,9999.000,9999.000,9999.000,9999.000
202605231918,   3.011,   3.817,9999.000,9999.000,9999.000,9999.000,9999.000,9999.000,9999.000
202605231924,   2.983,   3.798,9999.000,9999.000,9999.000,9999.000,9999.000,9999.000,9999.000
202605231930,   2.953,   3.870,9999.000,9999.000,9999.000,9999.000,9999.000,9999.000,9999.000
202605231936,   2.920,   3.749,9999.000,9999.000,9999.000,9999.000,9999.000,9999.000,9999.000
202605231942,   2.884,   3.749,9999.000,9999.000,9999.000,9999.000,9999.000,9999.000,9999.000
202605231948,   2.844,   3.837,9999.000,9999.000,9999.000,9999.000,9999.000,9999.000,9999.000
202605231954,   2.802,   3.660,9999.000,9999.000,9999.000,9999.000,9999.000,9999.000,9999.000
202605232000,   2.757,   3.607,   0.700,   0.150,   3.607,   0.700,   3.607,   0.800,   3.707
202605232006,   2.708,   3.558,9999.000,9999.000,9999.000,9999.000,9999.000,9999.000,9999.000
202605232012,   2.657,   3.440,9999.000,9999.000,9999.000,9999.000,9999.000,9999.000,9999.000
202605232018,   2.603,   3.460,9999.000,9999.000,9999.000,9999.000,9999.000,9999.000,9999.000
202605232024,   2.546,   3.398,9999.000,9999.000,9999.000,9999.000,9999.000,9999.000,9999.000
202605232030,   2.487,   3.348,9999.000,9999.000,9999.000,9999.000,9999.000,9999.000,9999.000
202605232036,   2.425,   3.348,9999.000,9999.000,9999.000,9999.000,9999.000,9999.000,9999.000
202605232042,   2.360,   3.178,9999.000,9999.000,9999.000,9999.000,9999.000,9999.000,9999.000
202605232048,   2.293,   3.129,9999.000,9999.000,9999.000,9999.000,9999.000,9999.000,9999.000
202605232054,   2.225,   3.017,9999.000,9999.000,9999.000,9999.000,9999.000,9999.000,9999.000
202605232100,   2.154,   2.968,   0.700,   0.114,   2.968,   0.700,   2.968,   0.800,   3.068
202605232106,   2.082,   2.899,9999.000,9999.000,9999.000,9999.000,9999.000,9999.000,9999.000
202605232112,   2.008,   2.778,9999.000,9999.000,9999.000,9999.000,9999.000,9999.000,9999.000
202605232118,   1.934,   2.679,9999.000,9999.000,9999.000,9999.000,9999.000,9999.000,9999.000
202605232124,   1.858,   2.630,9999.000,9999.000,9999.000,9999.000,9999.000,9999.000,9999.000
202605232130,   1.782,   2.620,9999.000,9999.000,9999.000,9999.000,9999.000,9999.000,9999.000
202605232136,   1.706,   2.548,9999.000,9999.000,9999.000,9999.000,9999.000,9999.000,9999.000
202605232142,   1.630,   2.368,9999.000,9999.000,9999.000,9999.000,9999.000,9999.000,9999.000
202605232148,   1.554,   2.420,9999.000,9999.000,9999.000,9999.000,9999.000,9999.000,9999.000
202605232154,   1.479,   2.328,9999.000,9999.000,9999.000,9999.000,9999.000,9999.000,9999.000
202605232200,   1.404,   2.259,   0.700,   0.155,   2.259,   0.700,   2.259,   0.800,   2.359
202605232206,   1.331,   2.191,9999.000,9999.000,9999.000,9999.000,9999.000,9999.000,9999.000
202605232212,   1.260,   2.099,9999.000,9999.000,9999.000,9999.000,9999.000,9999.000,9999.000
202605232218,   1.190,   2.020,9999.000,9999.000,9999.000,9999.000,9999.000,9999.000,9999.000
202605232224,   1.122,   1.899,9999.000,9999.000,9999.000,9999.000,9999.000,9999.000,9999.000
202605232230,   1.056,   1.879,9999.000,9999.000,9999.000,9999.000,9999.000,9999.000,9999.000
202605232236,   0.993,   1.879,9999.000,9999.000,9999.000,9999.000,9999.000,9999.000,9999.000
202605232242,   0.932,   1.728,9999.000,9999.000,9999.000,9999.000,9999.000,9999.000,9999.000
202605232248,   0.874,   1.649,9999.000,9999.000,9999.000,9999.000,9999.000,9999.000,9999.000
202605232254,   0.819,   1.580,9999.000,9999.000,9999.000,9999.000,9999.000,9999.000,9999.000
202605232300,   0.767,   1.489,   0.700,   0.022,   1.489,   0.700,   1.489,   0.800,   1.589
202605232306,   0.718,   1.420,9999.000,9999.000,9999.000,9999.000,9999.000,9999.000,9999.000
202605232312,   0.672,   1.479,9999.000,9999.000,9999.000,9999.000,9999.000,9999.000,9999.000
202605232318,   0.630,   1.371,9999.000,9999.000,9999.000,9999.000,9999.000,9999.000,9999.000
202605232324,   0.591,   1.348,9999.000,9999.000,9999.000,9999.000,9999.000,9999.000,9999.000
202605232330,   0.555,   1.249,9999.000,9999.000,9999.000,9999.000,9999.000,9999.000,9999.000
202605232336,   0.522,   1.279,9999.000,9999.000,9999.000,9999.000,9999.000,9999.000,9999.000
202605232342,   0.492,   1.200,9999.000,9999.000,9999.000,9999.000,9999.000,9999.000,9999.000
202605232348,   0.466,   1.239,9999.000,9999.000,9999.000,9999.000,9999.000,9999.000,9999.000
202605232354,   0.443,   1.220,9999.000,9999.000,9999.000,9999.000,9999.000,9999.000,9999.000
202605240000,   0.424,   1.220,   0.700,   0.096,   1.220,   0.600,   1.120,   0.700,   1.220
202605240006,   0.407,   1.239,9999.000,9999.000,9999.000,9999.000,9999.000,9999.000,9999.000
202605240012,   0.393,   1.229,9999.000,9999.000,9999.000,9999.000,9999.000,9999.000,9999.000
202605240018,   0.383,   1.180,9999.000,9999.000,9999.000,9999.000,9999.000,9999.000,9999.000
202605240024,   0.375,   1.138,9999.000,9999.000,9999.000,9999.000,9999.000,9999.000,9999.000
202605240030,   0.371,   1.239,9999.000,9999.000,9999.000,9999.000,9999.000,9999.000,9999.000
202605240036,   0.370,   1.249,9999.000,9999.000,9999.000,9999.000,9999.000,9999.000,9999.000
202605240042,   0.371,   1.239,9999.000,9999.000,9999.000,9999.000,9999.000,9999.000,9999.000
202605240048,   0.376,   1.249,9999.000,9999.000,9999.000,9999.000,9999.000,9999.000,9999.000
202605240054,   0.384,   1.229,9999.000,9999.000,9999.000,9999.000,9999.000,9999.000,9999.000
202605240100,   0.394,   1.239,   0.700,   0.145,   1.239,   0.600,   1.139,   0.700,   1.239
202605240106,   0.408,   1.328,9999.000,9999.000,9999.000,9999.000,9999.000,9999.000,9999.000
202605240112,   0.425,   1.361,9999.000,9999.000,9999.000,9999.000,9999.000,9999.000,9999.000
202605240118,   0.446,   1.308,9999.000,9999.000,9999.000,9999.000,9999.000,9999.000,9999.000
202605240124,   0.469,   1.338,9999.000,9999.000,9999.000,9999.000,9999.000,9999.000,9999.000
202605240130,   0.496,   1.400,9999.000,9999.000,9999.000,9999.000,9999.000,9999.000,9999.000
202605240136,   0.526,   1.420,9999.000,9999.000,9999.000,9999.000,9999.000,9999.000,9999.000
202605240142,   0.560,   1.439,9999.000,9999.000,9999.000,9999.000,9999.000,9999.000,9999.000
202605240148,   0.597,   1.410,9999.000,9999.000,9999.000,9999.000,9999.000,9999.000,9999.000
202605240154,   0.638,   1.498,9999.000,9999.000,9999.000,9999.000,9999.000,9999.000,9999.000
202605240200,   0.681,   1.620,   0.600,   0.339,   1.620,   0.600,   1.620,   0.700,   1.720
202605240206,   0.729,   1.600,9999.000,9999.000,9999.000,9999.000,9999.000,9999.000,9999.000
202605240212,   0.779,   1.600,9999.000,9999.000,9999.000,9999.000,9999.000,9999.000,9999.000
202605240218,   0.833,   1.649,9999.000,9999.000,9999.000,9999.000,9999.000,9999.000,9999.000
202605240224,   0.890,   1.728,9999.000,9999.000,9999.000,9999.000,9999.000,9999.000,9999.000
202605240230,   0.950,   1.879,9999.000,9999.000,9999.000,9999.000,9999.000,9999.000,9999.000
202605240236,   1.013,   1.810,9999.000,9999.000,9999.000,9999.000,9999.000,9999.000,9999.000
202605240242,   1.079,   1.938,9999.000,9999.000,9999.000,9999.000,9999.000,9999.000,9999.000
202605240248,   1.147,   2.000,9999.000,9999.000,9999.000,9999.000,9999.000,9999.000,9999.000
202605240254,   1.217,   2.079,9999.000,9999.000,9999.000,9999.000,9999.000,9999.000,9999.000
202605240300,   1.289,   2.128,   0.600,   0.239,   2.128,   0.600,   2.128,   0.700,   2.228
202605240306,   1.363,   2.168,9999.000,9999.000,9999.000,9999.000,9999.000,9999.000,9999.000
202605240312,   1.438,   2.318,9999.000,9999.000,9999.000,9999.000,9999.000,9999.000,9999.000
202605240318,   1.514,   2.410,9999.000,9999.000,9999.000,9999.000,9999.000,9999.000,9999.000
202605240324,   1.591,   2.548,9999.000,9999.000,9999.000,9999.000,9999.000,9999.000,9999.000
202605240330,   1.668,   2.558,9999.000,9999.000,9999.000,9999.000,9999.000,9999.000,9999.000
202605240336,   1.746,   2.650,9999.000,9999.000,9999.000,9999.000,9999.000,9999.000,9999.000
202605240342,   1.822,   2.850,9999.000,9999.000,9999.000,9999.000,9999.000,9999.000,9999.000
202605240348,   1.898,   2.807,9999.000,9999.000,9999.000,9999.000,9999.000,9999.000,9999.000
202605240354,   1.974,   2.909,9999.000,9999.000,9999.000,9999.000,9999.000,9999.000,9999.000
202605240400,   2.047,   2.889,   0.600,   0.242,   2.889,   0.600,   2.889,   0.700,   2.989
202605240406,   2.119,   2.997,9999.000,9999.000,9999.000,9999.000,9999.000,9999.000,9999.000
202605240412,   2.190,   3.099,9999.000,9999.000,9999.000,9999.000,9999.000,9999.000,9999.000
202605240418,   2.258,   3.138,9999.000,9999.000,9999.000,9999.000,9999.000,9999.000,9999.000
202605240424,   2.324,   3.270,9999.000,9999.000,9999.000,9999.000,9999.000,9999.000,9999.000
202605240430,   2.387,   3.309,9999.000,9999.000,9999.000,9999.000,9999.000,9999.000,9999.000
202605240436,   2.447,   3.368,9999.000,9999.000,9999.000,9999.000,9999.000,9999.000,9999.000
202605240442,   2.505,   3.450,9999.000,9999.000,9999.000,9999.000,9999.000,9999.000,9999.000
202605240448,   2.559,   3.578,9999.000,9999.000,9999.000,9999.000,9999.000,9999.000,9999.000
202605240454,   2.611,   3.617,9999.000,9999.000,9999.000,9999.000,9999.000,9999.000,9999.000
202605240500,   2.659,   3.719,   0.600,   0.460,   3.719,   0.600,   3.719,   0.700,   3.819
202605240506,   2.704,   3.827,9999.000,9999.000,9999.000,9999.000,9999.000,9999.000,9999.000
202605240512,   2.747,   3.808,9999.000,9999.000,9999.000,9999.000,9999.000,9999.000,9999.000
202605240518,   2.785,   3.739,9999.000,9999.000,9999.000,9999.000,9999.000,9999.000,9999.000
202605240524,   2.821,   3.749,9999.000,9999.000,9999.000,9999.000,9999.000,9999.000,9999.000
202605240530,   2.854,   3.817,9999.000,9999.000,9999.000,9999.000,9999.000,9999.000,9999.000
202605240536,   2.884,   3.768,9999.000,9999.000,9999.000,9999.000,9999.000,9999.000,9999.000
202605240542,   2.910,   3.919,9999.000,9999.000,9999.000,9999.000,9999.000,9999.000,9999.000
202605240548,   2.934,   3.998,9999.000,9999.000,9999.000,9999.000,9999.000,9999.000,9999.000
202605240554,   2.955,   3.949,9999.000,9999.000,9999.000,9999.000,9999.000,9999.000,9999.000
202605240600,   2.974,   3.998,   0.600,   0.424,   3.998,   0.600,   3.998,   0.700,   4.098
202605240606,   2.989,   4.057,9999.000,9999.000,9999.000,9999.000,9999.000,9999.000,9999.000
202605240612,   3.002,   3.998,9999.000,9999.000,9999.000,9999.000,9999.000,9999.000,9999.000
202605240618,   3.012,   3.988,9999.000,9999.000,9999.000,9999.000,9999.000,9999.000,9999.000
202605240624,   3.020,   4.008,9999.000,9999.000,9999.000,9999.000,9999.000,9999.000,9999.000
202605240630,   3.025,   4.017,9999.000,9999.000,9999.000,9999.000,9999.000,9999.000,9999.000
202605240636,   3.028,   3.998,9999.000,9999.000,9999.000,9999.000,9999.000,9999.000,9999.000
202605240642,   3.028,   3.988,9999.000,9999.000,9999.000,9999.000,9999.000,9999.000,9999.000
202605240648,   3.026,   3.837,9999.000,9999.000,9999.000,9999.000,9999.000,9999.000,9999.000
202605240654,   3.022,   3.958,9999.000,9999.000,9999.000,9999.000,9999.000,9999.000,9999.000
202605240700,   3.014,   3.880,   0.600,   0.266,   3.880,   0.500,   3.780,   0.600,   3.880
202605240706,   3.005,   3.837,9999.000,9999.000,9999.000,9999.000,9999.000,9999.000,9999.000
202605240712,   2.992,   3.880,9999.000,9999.000,9999.000,9999.000,9999.000,9999.000,9999.000
202605240718,   2.977,   3.929,9999.000,9999.000,9999.000,9999.000,9999.000,9999.000,9999.000
202605240724,   2.959,   3.870,9999.000,9999.000,9999.000,9999.000,9999.000,9999.000,9999.000
202605240730,   2.939,   3.739,9999.000,9999.000,9999.000,9999.000,9999.000,9999.000,9999.000
202605240736,   2.916,   3.860,9999.000,9999.000,9999.000,9999.000,9999.000,9999.000,9999.000
202605240742,   2.889,   3.758,9999.000,9999.000,9999.000,9999.000,9999.000,9999.000,9999.000
202605240748,   2.860,   3.598,9999.000,9999.000,9999.000,9999.000,9999.000,9999.000,9999.000
202605240754,   2.828,   3.689,9999.000,9999.000,9999.000,9999.000,9999.000,9999.000,9999.000
202605240800,   2.793,   3.719,   0.600,   0.326,   3.719,   0.600,   3.719,   0.600,   3.719
202605240806,   2.755,   3.578,9999.000,9999.000,9999.000,9999.000,9999.000,9999.000,9999.000
202605240812,   2.714,   3.637,9999.000,9999.000,9999.000,9999.000,9999.000,9999.000,9999.000
202605240818,   2.670,   3.578,9999.000,9999.000,9999.000,9999.000,9999.000,9999.000,9999.000
202605240824,   2.623,   3.529,9999.000,9999.000,9999.000,9999.000,9999.000,9999.000,9999.000
202605240830,   2.573,   3.470,9999.000,9999.000,9999.000,9999.000,9999.000,9999.000,9999.000
202605240836,   2.520,   3.407,9999.000,9999.000,9999.000,9999.000,9999.000,9999.000,9999.000
202605240842,   2.464,   3.407,9999.000,9999.000,9999.000,9999.000,9999.000,9999.000,9999.000
202605240848,   2.405,   3.398,9999.000,9999.000,9999.000,9999.000,9999.000,9999.000,9999.000
202605240854,   2.344,   3.260,9999.000,9999.000,9999.000,9999.000,9999.000,9999.000,9999.000
202605240900,   2.280,   3.178,   0.600,   0.298,   3.178,   0.600,   3.178,   0.600,   3.178
202605240906,   2.214,   3.070,9999.000,9999.000,9999.000,9999.000,9999.000,9999.000,9999.000
202605240912,   2.146,   3.099,9999.000,9999.000,9999.000,9999.000,9999.000,9999.000,9999.000
202605240918,   2.075,   2.958,9999.000,9999.000,9999.000,9999.000,9999.000,9999.000,9999.000
202605240924,   2.003,   2.758,9999.000,9999.000,9999.000,9999.000,9999.000,9999.000,9999.000
202605240930,   1.930,   2.699,9999.000,9999.000,9999.000,9999.000,9999.000,9999.000,9999.000
202605240936,   1.855,   2.669,9999.000,9999.000,9999.000,9999.000,9999.000,9999.000,9999.000
202605240942,   1.779,   2.558,9999.000,9999.000,9999.000,9999.000,9999.000,9999.000,9999.000
202605240948,   1.702,   2.538,9999.000,9999.000,9999.000,9999.000,9999.000,9999.000,9999.000
202605240954,   1.624,   2.450,9999.000,9999.000,9999.000,9999.000,9999.000,9999.000,9999.000
202605241000,   1.547,   2.338,   0.600,   0.191,   2.338,   0.600,   2.338,   0.600,   2.338
202605241006,   1.469,   2.318,9999.000,9999.000,9999.000,9999.000,9999.000,9999.000,9999.000
202605241012,   1.392,   2.240,9999.000,9999.000,9999.000,9999.000,9999.000,9999.000,9999.000
202605241018,   1.315,   2.079,9999.000,9999.000,9999.000,9999.000,9999.000,9999.000,9999.000
202605241024,   1.239,   1.958,9999.000,9999.000,9999.000,9999.000,9999.000,9999.000,9999.000
202605241030,   1.165,   1.918,9999.000,9999.000,9999.000,9999.000,9999.000,9999.000,9999.000
202605241036,   1.091,   1.899,9999.000,9999.000,9999.000,9999.000,9999.000,9999.000,9999.000
202605241042,   1.020,   1.781,9999.000,9999.000,9999.000,9999.000,9999.000,9999.000,9999.000
202605241048,   0.950,   1.689,9999.000,9999.000,9999.000,9999.000,9999.000,9999.000,9999.000
202605241054,   0.882,   1.689,9999.000,9999.000,9999.000,9999.000,9999.000,9999.000,9999.000
202605241100,   0.817,   1.610,   0.600,   0.193,   1.610,   0.500,   1.510,   0.600,   1.610
202605241106,   0.754,   1.620,9999.000,9999.000,9999.000,9999.000,9999.000,9999.000,9999.000
202605241112,   0.694,   1.498,9999.000,9999.000,9999.000,9999.000,9999.000,9999.000,9999.000
202605241118,   0.636,   1.449,9999.000,9999.000,9999.000,9999.000,9999.000,9999.000,9999.000
202605241124,   0.582,   1.338,9999.000,9999.000,9999.000,9999.000,9999.000,9999.000,9999.000
202605241130,   0.530,   1.298,9999.000,9999.000,9999.000,9999.000,9999.000,9999.000,9999.000
202605241136,   0.482,   1.229,9999.000,9999.000,9999.000,9999.000,9999.000,9999.000,9999.000
202605241142,   0.436,   1.151,9999.000,9999.000,9999.000,9999.000,9999.000,9999.000,9999.000
202605241148,   0.394,   1.170,9999.000,9999.000,9999.000,9999.000,9999.000,9999.000,9999.000
202605241154,   0.355,   1.190,9999.000,9999.000,9999.000,9999.000,9999.000,9999.000,9999.000
202605241200,   0.319,   1.249,   0.500,   0.430,   1.249,   0.500,   1.249,   0.500,   1.249
202605241206,   0.287,   1.161,9999.000,9999.000,9999.000,9999.000,9999.000,9999.000,9999.000
202605241212,   0.258,   1.098,9999.000,9999.000,9999.000,9999.000,9999.000,9999.000,9999.000
202605241218,   0.232,   1.049,9999.000,9999.000,9999.000,9999.000,9999.000,9999.000,9999.000
202605241224,   0.209,   1.059,9999.000,9999.000,9999.000,9999.000,9999.000,9999.000,9999.000
202605241230,   0.190,   1.029,9999.000,9999.000,9999.000,9999.000,9999.000,9999.000,9999.000
202605241236,   0.173,   1.029,9999.000,9999.000,9999.000,9999.000,9999.000,9999.000,9999.000
202605241242,   0.160,   0.980,9999.000,9999.000,9999.000,9999.000,9999.000,9999.000,9999.000
202605241248,   0.150,   0.961,9999.000,9999.000,9999.000,9999.000,9999.000,9999.000,9999.000
202605241254,   0.143,   0.951,9999.000,9999.000,9999.000,9999.000,9999.000,9999.000,9999.000
202605241300,   0.140,   1.079,   0.500,   0.439,   1.079,   0.500,   1.079,   0.500,   1.079
202605241306,   0.140,   1.020,9999.000,9999.000,9999.000,9999.000,9999.000,9999.000,9999.000
202605241312,   0.143,   1.088,9999.000,9999.000,9999.000,9999.000,9999.000,9999.000,9999.000
202605241318,   0.149,   1.151,9999.000,9999.000,9999.000,9999.000,9999.000,9999.000,9999.000
202605241324,   0.158,   1.180,9999.000,9999.000,9999.000,9999.000,9999.000,9999.000,9999.000
202605241330,   0.171,   1.118,9999.000,9999.000,9999.000,9999.000,9999.000,9999.000,9999.000
202605241336,   0.188,   1.039,9999.000,9999.000,9999.000,9999.000,9999.000,9999.000,9999.000
202605241342,   0.208,   1.220,9999.000,9999.000,9999.000,9999.000,9999.000,9999.000,9999.000
202605241348,   0.231,   1.210,9999.000,9999.000,9999.000,9999.000,9999.000,9999.000,9999.000
202605241354,   0.258,   1.190,9999.000,9999.000,9999.000,9999.000,9999.000,9999.000,9999.000
202605241400,   0.289,   1.269,   0.500,   0.480,   1.269,   0.500,   1.269,   0.500,   1.269
202605241406,   0.324,   1.259,9999.000,9999.000,9999.000,9999.000,9999.000,9999.000,9999.000
202605241412,   0.362,   1.269,9999.000,9999.000,9999.000,9999.000,9999.000,9999.000,9999.000
202605241418,   0.404,   1.298,9999.000,9999.000,9999.000,9999.000,9999.000,9999.000,9999.000
202605241424,   0.450,   1.371,9999.000,9999.000,9999.000,9999.000,9999.000,9999.000,9999.000
202605241430,   0.499,   1.489,9999.000,9999.000,9999.000,9999.000,9999.000,9999.000,9999.000
202605241436,   0.552,   1.449,9999.000,9999.000,9999.000,9999.000,9999.000,9999.000,9999.000
202605241442,   0.609,   1.489,9999.000,9999.000,9999.000,9999.000,9999.000,9999.000,9999.000
202605241448,   0.669,   1.548,9999.000,9999.000,9999.000,9999.000,9999.000,9999.000,9999.000
202605241454,   0.732,   1.649,9999.000,9999.000,9999.000,9999.000,9999.000,9999.000,9999.000
202605241500,   0.799,   1.610,   0.500,   0.311,   1.610,   0.500,   1.610,   0.500,   1.610
202605241506,   0.868,   1.718,9999.000,9999.000,9999.000,9999.000,9999.000,9999.000,9999.000
202605241512,   0.940,   1.738,9999.000,9999.000,9999.000,9999.000,9999.000,9999.000,9999.000
202605241518,   1.015,   1.840,9999.000,9999.000,9999.000,9999.000,9999.000,9999.000,9999.000
202605241524,   1.092,   1.899,9999.000,9999.000,9999.000,9999.000,9999.000,9999.000,9999.000
202605241530,   1.171,   1.967,9999.000,9999.000,9999.000,9999.000,9999.000,9999.000,9999.000
202605241536,   1.251,   2.079,9999.000,9999.000,9999.000,9999.000,9999.000,9999.000,9999.000
202605241542,   1.333,   2.168,9999.000,9999.000,9999.000,9999.000,9999.000,9999.000,9999.000
202605241548,   1.416,   2.259,9999.000,9999.000,9999.000,9999.000,9999.000,9999.000,9999.000
202605241554,   1.500,   2.269,9999.000,9999.000,9999.000,9999.000,9999.000,9999.000,9999.000
202605241600,   1.583,   2.259,   0.500,   0.176,   2.259,   0.400,   2.159,   0.500,   2.259
202605241606,   1.667,   2.328,9999.000,9999.000,9999.000,9999.000,9999.000,9999.000,9999.000
202605241612,   1.751,   2.568,9999.000,9999.000,9999.000,9999.000,9999.000,9999.000,9999.000
202605241618,   1.833,   2.597,9999.000,9999.000,9999.000,9999.000,9999.000,9999.000,9999.000
202605241624,   1.915,   2.728,9999.000,9999.000,9999.000,9999.000,9999.000,9999.000,9999.000
202605241630,   1.996,   2.738,9999.000,9999.000,9999.000,9999.000,9999.000,9999.000,9999.000
202605241636,   2.075,   2.869,9999.000,9999.000,9999.000,9999.000,9999.000,9999.000,9999.000
202605241642,   2.152,   3.079,9999.000,9999.000,9999.000,9999.000,9999.000,9999.000,9999.000
202605241648,   2.227,   3.178,9999.000,9999.000,9999.000,9999.000,9999.000,9999.000,9999.000
202605241654,   2.301,   3.319,9999.000,9999.000,9999.000,9999.000,9999.000,9999.000,9999.000
202605241700,   2.371,   3.299,   0.500,   0.428,   3.299,   0.400,   3.199,   0.500,   3.299
202605241706,   2.440,   3.299,9999.000,9999.000,9999.000,9999.000,9999.000,9999.000,9999.000
202605241712,   2.505,   3.188,9999.000,9999.000,9999.000,9999.000,9999.000,9999.000,9999.000
202605241718,   2.568,   3.319,9999.000,9999.000,9999.000,9999.000,9999.000,9999.000,9999.000
202605241724,   2.628,   3.309,9999.000,9999.000,9999.000,9999.000,9999.000,9999.000,9999.000
202605241730,   2.686,   3.489,9999.000,9999.000,9999.000,9999.000,9999.000,9999.000,9999.000
202605241736,   2.740,   3.598,9999.000,9999.000,9999.000,9999.000,9999.000,9999.000,9999.000
202605241742,   2.792,   3.709,9999.000,9999.000,9999.000,9999.000,9999.000,9999.000,9999.000
202605241748,   2.840,   3.670,9999.000,9999.000,9999.000,9999.000,9999.000,9999.000,9999.000
202605241754,   2.886,   3.768,9999.000,9999.000,9999.000,9999.000,9999.000,9999.000,9999.000
202605241800,   2.929,   3.749,   0.500,   0.320,   3.749,   0.400,   3.649,   0.500,   3.749
202605241806,   2.970,   3.798,9999.000,9999.000,9999.000,9999.000,9999.000,9999.000,9999.000
202605241812,   3.007,   3.860,9999.000,9999.000,9999.000,9999.000,9999.000,9999.000,9999.000
202605241818,   3.042,   3.939,9999.000,9999.000,9999.000,9999.000,9999.000,9999.000,9999.000
202605241824,   3.074,   4.008,9999.000,9999.000,9999.000,9999.000,9999.000,9999.000,9999.000
202605241830,   3.103,   3.939,9999.000,9999.000,9999.000,9999.000,9999.000,9999.000,9999.000
202605241836,   3.130,   3.958,9999.000,9999.000,9999.000,9999.000,9999.000,9999.000,9999.000
202605241842,   3.154,   3.929,9999.000,9999.000,9999.000,9999.000,9999.000,9999.000,9999.000
202605241848,   3.175,   3.949,9999.000,9999.000,9999.000,9999.000,9999.000,9999.000,9999.000
202605241854,   3.194,   3.978,9999.000,9999.000,9999.000,9999.000,9999.000,9999.000,9999.000
202605241900,   3.210,   4.080,   0.500,   0.370,   4.080,   0.400,   3.980,   0.500,   4.080
202605241906,   3.223,   4.057,9999.000,9999.000,9999.000,9999.000,9999.000,9999.000,9999.000
202605241912,   3.234,   4.008,9999.000,9999.000,9999.000,9999.000,9999.000,9999.000,9999.000
202605241918,   3.242,   4.017,9999.000,9999.000,9999.000,9999.000,9999.000,9999.000,9999.000
202605241924,   3.246,   4.008,9999.000,9999.000,9999.000,9999.000,9999.000,9999.000,9999.000
202605241930,   3.248,   3.949,9999.000,9999.000,9999.000,9999.000,9999.000,9999.000,9999.000
202605241936,   3.247,   4.017,9999.000,9999.000,9999.000,9999.000,9999.000,9999.000,9999.000
202605241942,   3.243,   3.949,9999.000,9999.000,9999.000,9999.000,9999.000,9999.000,9999.000
202605241948,   3.236,   3.909,9999.000,9999.000,9999.000,9999.000,9999.000,9999.000,9999.000
202605241954,   3.226,   3.890,9999.000,9999.000,9999.000,9999.000,9999.000,9999.000,9999.000
202605242000,   3.212,   3.939,   0.400,   0.327,   3.939,   0.400,   3.939,   0.500,   4.039
202605242006,   3.196,   3.899,9999.000,9999.000,9999.000,9999.000,9999.000,9999.000,9999.000
202605242012,   3.176,   3.880,9999.000,9999.000,9999.000,9999.000,9999.000,9999.000,9999.000
202605242018,   3.152,   3.847,9999.000,9999.000,9999.000,9999.000,9999.000,9999.000,9999.000
202605242024,   3.125,   3.768,9999.000,9999.000,9999.000,9999.000,9999.000,9999.000,9999.000
202605242030,   3.095,   3.798,9999.000,9999.000,9999.000,9999.000,9999.000,9999.000,9999.000
202605242036,   3.061,   3.729,9999.000,9999.000,9999.000,9999.000,9999.000,9999.000,9999.000
202605242042,   3.024,   3.788,9999.000,9999.000,9999.000,9999.000,9999.000,9999.000,9999.000
202605242048,   2.983,   3.689,9999.000,9999.000,9999.000,9999.000,9999.000,9999.000,9999.000
202605242054,   2.939,   3.670,9999.000,9999.000,9999.000,9999.000,9999.000,9999.000,9999.000
202605242100,   2.892,   3.627,   0.500,   0.235,   3.627,   0.400,   3.527,   0.500,   3.627
202605242106,   2.841,   3.548,9999.000,9999.000,9999.000,9999.000,9999.000,9999.000,9999.000
202605242112,   2.788,   3.480,9999.000,9999.000,9999.000,9999.000,9999.000,9999.000,9999.000
202605242118,   2.731,   3.388,9999.000,9999.000,9999.000,9999.000,9999.000,9999.000,9999.000
202605242124,   2.672,   3.299,9999.000,9999.000,9999.000,9999.000,9999.000,9999.000,9999.000
202605242130,   2.610,   3.270,9999.000,9999.000,9999.000,9999.000,9999.000,9999.000,9999.000
202605242136,   2.545,   3.197,9999.000,9999.000,9999.000,9999.000,9999.000,9999.000,9999.000
202605242142,   2.478,   3.089,9999.000,9999.000,9999.000,9999.000,9999.000,9999.000,9999.000
202605242148,   2.409,   3.089,9999.000,9999.000,9999.000,9999.000,9999.000,9999.000,9999.000
202605242154,   2.338,   2.997,9999.000,9999.000,9999.000,9999.000,9999.000,9999.000,9999.000
202605242200,   2.266,   2.899,   0.500,   0.133,   2.899,   0.400,   2.799,   0.500,   2.899
202605242206,   2.192,   2.860,9999.000,9999.000,9999.000,9999.000,9999.000,9999.000,9999.000
202605242212,   2.117,   2.748,9999.000,9999.000,9999.000,9999.000,9999.000,9999.000,9999.000
202605242218,   2.041,   2.650,9999.000,9999.000,9999.000,9999.000,9999.000,9999.000,9999.000
202605242224,   1.964,   2.620,9999.000,9999.000,9999.000,9999.000,9999.000,9999.000,9999.000
202605242230,   1.887,   2.568,9999.000,9999.000,9999.000,9999.000,9999.000,9999.000,9999.000
202605242236,   1.810,   2.440,9999.000,9999.000,9999.000,9999.000,9999.000,9999.000,9999.000
202605242242,   1.734,   2.348,9999.000,9999.000,9999.000,9999.000,9999.000,9999.000,9999.000
202605242248,   1.658,   2.240,9999.000,9999.000,9999.000,9999.000,9999.000,9999.000,9999.000
202605242254,   1.582,   2.148,9999.000,9999.000,9999.000,9999.000,9999.000,9999.000,9999.000
202605242300,   1.508,   2.118,   0.400,   0.210,   2.118,   0.400,   2.118,   0.500,   2.218
202605242306,   1.434,   2.059,9999.000,9999.000,9999.000,9999.000,9999.000,9999.000,9999.000
202605242312,   1.363,   1.958,9999.000,9999.000,9999.000,9999.000,9999.000,9999.000,9999.000
202605242318,   1.293,   1.849,9999.000,9999.000,9999.000,9999.000,9999.000,9999.000,9999.000
202605242324,   1.224,   1.758,9999.000,9999.000,9999.000,9999.000,9999.000,9999.000,9999.000
202605242330,   1.158,   1.738,9999.000,9999.000,9999.000,9999.000,9999.000,9999.000,9999.000
202605242336,   1.094,   1.689,9999.000,9999.000,9999.000,9999.000,9999.000,9999.000,9999.000
202605242342,   1.033,   1.548,9999.000,9999.000,9999.000,9999.000,9999.000,9999.000,9999.000
202605242348,   0.974,   1.479,9999.000,9999.000,9999.000,9999.000,9999.000,9999.000,9999.000
202605242354,   0.918,   1.430,9999.000,9999.000,9999.000,9999.000,9999.000,9999.000,9999.000
202605250000,   0.864,   1.430,   0.400,   0.166,   1.430,   0.400,   1.430,   0.500,   1.530
202605250006,   0.813,9999.000,9999.000,9999.000,9999.000,9999.000,9999.000,9999.000,9999.000
202605250012,   0.765,9999.000,9999.000,9999.000,9999.000,9999.000,9999.000,9999.000,9999.000
202605250018,   0.720,9999.000,9999.000,9999.000,9999.000,9999.000,9999.000,9999.000,9999.000
202605250024,   0.678,9999.000,9999.000,9999.000,9999.000,9999.000,9999.000,9999.000,9999.000
202605250030,   0.639,9999.000,9999.000,9999.000,9999.000,9999.000,9999.000,9999.000,9999.000
202605250036,   0.603,9999.000,9999.000,9999.000,9999.000,9999.000,9999.000,9999.000,9999.000
202605250042,   0.570,9999.000,9999.000,9999.000,9999.000,9999.000,9999.000,9999.000,9999.000
202605250048,   0.539,9999.000,9999.000,9999.000,9999.000,9999.000,9999.000,9999.000,9999.000
202605250054,   0.512,9999.000,9999.000,9999.000,9999.000,9999.000,9999.000,9999.000,9999.000
202605250100,   0.488,9999.000,   0.400,   0.153,   1.041,   0.300,   0.941,   0.500,   1.141
202605250106,   0.467,9999.000,9999.000,9999.000,9999.000,9999.000,9999.000,9999.000,9999.000
202605250112,   0.448,9999.000,9999.000,9999.000,9999.000,9999.000,9999.000,9999.000,9999.000
202605250118,   0.433,9999.000,9999.000,9999.000,9999.000,9999.000,9999.000,9999.000,9999.000
202605250124,   0.421,9999.000,9999.000,9999.000,9999.000,9999.000,9999.000,9999.000,9999.000
202605250130,   0.411,9999.000,9999.000,9999.000,9999.000,9999.000,9999.000,9999.000,9999.000
202605250136,   0.405,9999.000,9999.000,9999.000,9999.000,9999.000,9999.000,9999.000,9999.000
202605250142,   0.402,9999.000,9999.000,9999.000,9999.000,9999.000,9999.000,9999.000,9999.000
202605250148,   0.402,9999.000,9999.000,9999.000,9999.000,9999.000,9999.000,9999.000,9999.000
202605250154,   0.405,9999.000,9999.000,9999.000,9999.000,9999.000,9999.000,9999.000,9999.000
202605250200,   0.412,9999.000,   0.400,   0.140,   0.952,   0.300,   0.852,   0.500,   1.052
202605250206,   0.422,9999.000,9999.000,9999.000,9999.000,9999.000,9999.000,9999.000,9999.000
202605250212,   0.435,9999.000,9999.000,9999.000,9999.000,9999.000,9999.000,9999.000,9999.000
202605250218,   0.452,9999.000,9999.000,9999.000,9999.000,9999.000,9999.000,9999.000,9999.000
202605250224,   0.472,9999.000,9999.000,9999.000,9999.000,9999.000,9999.000,9999.000,9999.000
202605250230,   0.495,9999.000,9999.000,9999.000,9999.000,9999.000,9999.000,9999.000,9999.000
202605250236,   0.522,9999.000,9999.000,9999.000,9999.000,9999.000,9999.000,9999.000,9999.000
202605250242,   0.552,9999.000,9999.000,9999.000,9999.000,9999.000,9999.000,9999.000,9999.000
202605250248,   0.586,9999.000,9999.000,9999.000,9999.000,9999.000,9999.000,9999.000,9999.000
202605250254,   0.623,9999.000,9999.000,9999.000,9999.000,9999.000,9999.000,9999.000,9999.000
202605250300,   0.664,9999.000,   0.400,   0.127,   1.191,   0.300,   1.091,   0.400,   1.191
202605250306,   0.708,9999.000,9999.000,9999.000,9999.000,9999.000,9999.000,9999.000,9999.000
202605250312,   0.755,9999.000,9999.000,9999.000,9999.000,9999.000,9999.000,9999.000,9999.000
202605250318,   0.805,9999.000,9999.000,9999.000,9999.000,9999.000,9999.000,9999.000,9999.000
202605250324,   0.858,9999.000,9999.000,9999.000,9999.000,9999.000,9999.000,9999.000,9999.000
202605250330,   0.914,9999.000,9999.000,9999.000,9999.000,9999.000,9999.000,9999.000,9999.000
202605250336,   0.972,9999.000,9999.000,9999.000,9999.000,9999.000,9999.000,9999.000,9999.000
202605250342,   1.033,9999.000,9999.000,9999.000,9999.000,9999.000,9999.000,9999.000,9999.000
202605250348,   1.096,9999.000,9999.000,9999.000,9999.000,9999.000,9999.000,9999.000,9999.000
202605250354,   1.161,9999.000,9999.000,9999.000,9999.000,9999.000,9999.000,9999.000,9999.000
202605250400,   1.227,9999.000,   0.300,   0.114,   1.641,   0.300,   1.641,   0.400,   1.741
202605250406,   1.294,9999.000,9999.000,9999.000,9999.000,9999.000,9999.000,9999.000,9999.000
202605250412,   1.362,9999.000,9999.000,9999.000,9999.000,9999.000,9999.000,9999.000,9999.000
202605250418,   1.431,9999.000,9999.000,9999.000,9999.000,9999.000,9999.000,9999.000,9999.000
202605250424,   1.501,9999.000,9999.000,9999.000,9999.000,9999.000,9999.000,9999.000,9999.000
202605250430,   1.570,9999.000,9999.000,9999.000,9999.000,9999.000,9999.000,9999.000,9999.000
202605250436,   1.639,9999.000,9999.000,9999.000,9999.000,9999.000,9999.000,9999.000,9999.000
202605250442,   1.708,9999.000,9999.000,9999.000,9999.000,9999.000,9999.000,9999.000,9999.000
202605250448,   1.776,9999.000,9999.000,9999.000,9999.000,9999.000,9999.000,9999.000,9999.000
202605250454,   1.843,9999.000,9999.000,9999.000,9999.000,9999.000,9999.000,9999.000,9999.000
202605250500,   1.909,9999.000,   0.300,   0.101,   2.310,   0.300,   2.310,   0.400,   2.410
202605250506,   1.973,9999.000,9999.000,9999.000,9999.000,9999.000,9999.000,9999.000,9999.000
202605250512,   2.035,9999.000,9999.000,9999.000,9999.000,9999.000,9999.000,9999.000,9999.000
202605250518,   2.096,9999.000,9999.000,9999.000,9999.000,9999.000,9999.000,9999.000,9999.000
202605250524,   2.154,9999.000,9999.000,9999.000,9999.000,9999.000,9999.000,9999.000,9999.000
202605250530,   2.211,9999.000,9999.000,9999.000,9999.000,9999.000,9999.000,9999.000,9999.000
202605250536,   2.265,9999.000,9999.000,9999.000,9999.000,9999.000,9999.000,9999.000,9999.000
202605250542,   2.317,9999.000,9999.000,9999.000,9999.000,9999.000,9999.000,9999.000,9999.000
202605250548,   2.366,9999.000,9999.000,9999.000,9999.000,9999.000,9999.000,9999.000,9999.000
202605250554,   2.413,9999.000,9999.000,9999.000,9999.000,9999.000,9999.000,9999.000,9999.000
202605250600,   2.458,9999.000,   0.300,   0.088,   2.846,   0.300,   2.846,   0.400,   2.946
202605250606,   2.500,9999.000,9999.000,9999.000,9999.000,9999.000,9999.000,9999.000,9999.000
202605250612,   2.540,9999.000,9999.000,9999.000,9999.000,9999.000,9999.000,9999.000,9999.000
202605250618,   2.577,9999.000,9999.000,9999.000,9999.000,9999.000,9999.000,9999.000,9999.000
202605250624,   2.611,9999.000,9999.000,9999.000,9999.000,9999.000,9999.000,9999.000,9999.000
202605250630,   2.644,9999.000,9999.000,9999.000,9999.000,9999.000,9999.000,9999.000,9999.000
202605250636,   2.674,9999.000,9999.000,9999.000,9999.000,9999.000,9999.000,9999.000,9999.000
202605250642,   2.701,9999.000,9999.000,9999.000,9999.000,9999.000,9999.000,9999.000,9999.000
202605250648,   2.726,9999.000,9999.000,9999.000,9999.000,9999.000,9999.000,9999.000,9999.000
202605250654,   2.749,9999.000,9999.000,9999.000,9999.000,9999.000,9999.000,9999.000,9999.000
202605250700,   2.769,9999.000,   0.300,   0.075,   3.144,   0.300,   3.144,   0.400,   3.244
202605250706,   2.787,9999.000,9999.000,9999.000,9999.000,9999.000,9999.000,9999.000,9999.000
202605250712,   2.802,9999.000,9999.000,9999.000,9999.000,9999.000,9999.000,9999.000,9999.000
202605250718,   2.815,9999.000,9999.000,9999.000,9999.000,9999.000,9999.000,9999.000,9999.000
202605250724,   2.826,9999.000,9999.000,9999.000,9999.000,9999.000,9999.000,9999.000,9999.000
202605250730,   2.834,9999.000,9999.000,9999.000,9999.000,9999.000,9999.000,9999.000,9999.000
202605250736,   2.840,9999.000,9999.000,9999.000,9999.000,9999.000,9999.000,9999.000,9999.000
202605250742,   2.843,9999.000,9999.000,9999.000,9999.000,9999.000,9999.000,9999.000,9999.000
202605250748,   2.843,9999.000,9999.000,9999.000,9999.000,9999.000,9999.000,9999.000,9999.000
202605250754,   2.841,9999.000,9999.000,9999.000,9999.000,9999.000,9999.000,9999.000,9999.000
202605250800,   2.836,9999.000,   0.300,   0.062,   3.198,   0.200,   3.098,   0.300,   3.198
202605250806,   2.828,9999.000,9999.000,9999.000,9999.000,9999.000,9999.000,9999.000,9999.000
202605250812,   2.818,9999.000,9999.000,9999.000,9999.000,9999.000,9999.000,9999.000,9999.000
202605250818,   2.804,9999.000,9999.000,9999.000,9999.000,9999.000,9999.000,9999.000,9999.000
202605250824,   2.788,9999.000,9999.000,9999.000,9999.000,9999.000,9999.000,9999.000,9999.000
202605250830,   2.768,9999.000,9999.000,9999.000,9999.000,9999.000,9999.000,9999.000,9999.000
202605250836,   2.746,9999.000,9999.000,9999.000,9999.000,9999.000,9999.000,9999.000,9999.000
202605250842,   2.720,9999.000,9999.000,9999.000,9999.000,9999.000,9999.000,9999.000,9999.000
202605250848,   2.692,9999.000,9999.000,9999.000,9999.000,9999.000,9999.000,9999.000,9999.000
202605250854,   2.660,9999.000,9999.000,9999.000,9999.000,9999.000,9999.000,9999.000,9999.000
202605250900,   2.625,9999.000,   0.200,   0.049,   2.874,   0.200,   2.874,   0.300,   2.974
202605250906,   2.587,9999.000,9999.000,9999.000,9999.000,9999.000,9999.000,9999.000,9999.000
202605250912,   2.546,9999.000,9999.000,9999.000,9999.000,9999.000,9999.000,9999.000,9999.000
202605250918,   2.502,9999.000,9999.000,9999.000,9999.000,9999.000,9999.000,9999.000,9999.000
202605250924,   2.455,9999.000,9999.000,9999.000,9999.000,9999.000,9999.000,9999.000,9999.000
202605250930,   2.406,9999.000,9999.000,9999.000,9999.000,9999.000,9999.000,9999.000,9999.000
202605250936,   2.353,9999.000,9999.000,9999.000,9999.000,9999.000,9999.000,9999.000,9999.000
202605250942,   2.298,9999.000,9999.000,9999.000,9999.000,9999.000,9999.000,9999.000,9999.000
202605250948,   2.240,9999.000,9999.000,9999.000,9999.000,9999.000,9999.000,9999.000,9999.000
202605250954,   2.180,9999.000,9999.000,9999.000,9999.000,9999.000,9999.000,9999.000,9999.000
202605251000,   2.118,9999.000,   0.200,   0.036,   2.354,   0.200,   2.354,   0.300,   2.454
202605251006,   2.054,9999.000,9999.000,9999.000,9999.000,9999.000,9999.000,9999.000,9999.000
202605251012,   1.988,9999.000,9999.000,9999.000,9999.000,9999.000,9999.000,9999.000,9999.000
202605251018,   1.920,9999.000,9999.000,9999.000,9999.000,9999.000,9999.000,9999.000,9999.000
202605251024,   1.851,9999.000,9999.000,9999.000,9999.000,9999.000,9999.000,9999.000,9999.000
202605251030,   1.780,9999.000,9999.000,9999.000,9999.000,9999.000,9999.000,9999.000,9999.000
202605251036,   1.709,9999.000,9999.000,9999.000,9999.000,9999.000,9999.000,9999.000,9999.000
202605251042,   1.637,9999.000,9999.000,9999.000,9999.000,9999.000,9999.000,9999.000,9999.000
202605251048,   1.565,9999.000,9999.000,9999.000,9999.000,9999.000,9999.000,9999.000,9999.000
202605251054,   1.492,9999.000,9999.000,9999.000,9999.000,9999.000,9999.000,9999.000,9999.000
202605251100,   1.419,9999.000,   0.200,   0.023,   1.642,   0.200,   1.642,   0.300,   1.742
202605251106,   1.347,9999.000,9999.000,9999.000,9999.000,9999.000,9999.000,9999.000,9999.000
202605251112,   1.275,9999.000,9999.000,9999.000,9999.000,9999.000,9999.000,9999.000,9999.000
202605251118,   1.204,9999.000,9999.000,9999.000,9999.000,9999.000,9999.000,9999.000,9999.000
202605251124,   1.134,9999.000,9999.000,9999.000,9999.000,9999.000,9999.000,9999.000,9999.000
202605251130,   1.065,9999.000,9999.000,9999.000,9999.000,9999.000,9999.000,9999.000,9999.000
202605251136,   0.998,9999.000,9999.000,9999.000,9999.000,9999.000,9999.000,9999.000,9999.000
202605251142,   0.932,9999.000,9999.000,9999.000,9999.000,9999.000,9999.000,9999.000,9999.000
202605251148,   0.869,9999.000,9999.000,9999.000,9999.000,9999.000,9999.000,9999.000,9999.000
202605251154,   0.807,9999.000,9999.000,9999.000,9999.000,9999.000,9999.000,9999.000,9999.000
202605251200,   0.748,9999.000,   0.200,   0.010,   0.958,   0.100,   0.858,   0.200,   0.958
202605251206,   0.691,9999.000,9999.000,9999.000,9999.000,9999.000,9999.000,9999.000,9999.000
202605251212,   0.637,9999.000,9999.000,9999.000,9999.000,9999.000,9999.000,9999.000,9999.000
202605251218,   0.585,9999.000,9999.000,9999.000,9999.000,9999.000,9999.000,9999.000,9999.000
202605251224,   0.537,9999.000,9999.000,9999.000,9999.000,9999.000,9999.000,9999.000,9999.000
202605251230,   0.491,9999.000,9999.000,9999.000,9999.000,9999.000,9999.000,9999.000,9999.000
202605251236,   0.448,9999.000,9999.000,9999.000,9999.000,9999.000,9999.000,9999.000,9999.000
202605251242,   0.408,9999.000,9999.000,9999.000,9999.000,9999.000,9999.000,9999.000,9999.000
202605251248,   0.372,9999.000,9999.000,9999.000,9999.000,9999.000,9999.000,9999.000,9999.000
202605251254,   0.338,9999.000,9999.000,9999.000,9999.000,9999.000,9999.000,9999.000,9999.000
202605251300,   0.308,9999.000,   0.100,   0.010,   0.418,   0.100,   0.418,   0.200,   0.518
202605251306,   0.280,9999.000,9999.000,9999.000,9999.000,9999.000,9999.000,9999.000,9999.000
202605251312,   0.256,9999.000,9999.000,9999.000,9999.000,9999.000,9999.000,9999.000,9999.000
202605251318,   0.235,9999.000,9999.000,9999.000,9999.000,9999.000,9999.000,9999.000,9999.000
202605251324,   0.218,9999.000,9999.000,9999.000,9999.000,9999.000,9999.000,9999.000,9999.000
202605251330,   0.203,9999.000,9999.000,9999.000,9999.000,9999.000,9999.000,9999.000,9999.000
202605251336,   0.192,9999.000,9999.000,9999.000,9999.000,9999.000,9999.000,9999.000,9999.000
202605251342,   0.184,9999.000,9999.000,9999.000,9999.000,9999.000,9999.000,9999.000,9999.000
202605251348,   0.179,9999.000,9999.000,9999.000,9999.000,9999.000,9999.000,9999.000,9999.000
202605251354,   0.178,9999.000,9999.000,9999.000,9999.000,9999.000,9999.000,9999.000,9999.000
202605251400,   0.180,9999.000,   0.100,   0.010,   0.290,   0.100,   0.290,   0.200,   0.390
202605251406,   0.185,9999.000,9999.000,9999.000,9999.000,9999.000,9999.000,9999.000,9999.000
202605251412,   0.193,9999.000,9999.000,9999.000,9999.000,9999.000,9999.000,9999.000,9999.000
202605251418,   0.205,9999.000,9999.000,9999.000,9999.000,9999.000,9999.000,9999.000,9999.000
202605251424,   0.221,9999.000,9999.000,9999.000,9999.000,9999.000,9999.000,9999.000,9999.000
202605251430,   0.239,9999.000,9999.000,9999.000,9999.000,9999.000,9999.000,9999.000,9999.000
202605251436,   0.262,9999.000,9999.000,9999.000,9999.000,9999.000,9999.000,9999.000,9999.000
202605251442,   0.288,9999.000,9999.000,9999.000,9999.000,9999.000,9999.000,9999.000,9999.000
202605251448,   0.317,9999.000,9999.000,9999.000,9999.000,9999.000,9999.000,9999.000,9999.000
202605251454,   0.350,9999.000,9999.000,9999.000,9999.000,9999.000,9999.000,9999.000,9999.000
202605251500,   0.386,9999.000,   0.200,   0.010,   0.596,   0.100,   0.496,   0.200,   0.596
202605251506,   0.427,9999.000,9999.000,9999.000,9999.000,9999.000,9999.000,9999.000,9999.000
202605251512,   0.470,9999.000,9999.000,9999.000,9999.000,9999.000,9999.000,9999.000,9999.000
202605251518,   0.518,9999.000,9999.000,9999.000,9999.000,9999.000,9999.000,9999.000,9999.000
202605251524,   0.568,9999.000,9999.000,9999.000,9999.000,9999.000,9999.000,9999.000,9999.000
202605251530,   0.622,9999.000,9999.000,9999.000,9999.000,9999.000,9999.000,9999.000,9999.000
202605251536,   0.680,9999.000,9999.000,9999.000,9999.000,9999.000,9999.000,9999.000,9999.000
202605251542,   0.741,9999.000,9999.000,9999.000,9999.000,9999.000,9999.000,9999.000,9999.000
202605251548,   0.804,9999.000,9999.000,9999.000,9999.000,9999.000,9999.000,9999.000,9999.000
202605251554,   0.871,9999.000,9999.000,9999.000,9999.000,9999.000,9999.000,9999.000,9999.000
202605251600,   0.940,9999.000,   0.100,   0.010,   1.050,   0.000,   0.950,   0.200,   1.150
202605251606,   1.012,9999.000,9999.000,9999.000,9999.000,9999.000,9999.000,9999.000,9999.000
202605251612,   1.086,9999.000,9999.000,9999.000,9999.000,9999.000,9999.000,9999.000,9999.000
202605251618,   1.162,9999.000,9999.000,9999.000,9999.000,9999.000,9999.000,9999.000,9999.000
202605251624,   1.240,9999.000,9999.000,9999.000,9999.000,9999.000,9999.000,9999.000,9999.000
202605251630,   1.319,9999.000,9999.000,9999.000,9999.000,9999.000,9999.000,9999.000,9999.000
202605251636,   1.400,9999.000,9999.000,9999.000,9999.000,9999.000,9999.000,9999.000,9999.000
202605251642,   1.481,9999.000,9999.000,9999.000,9999.000,9999.000,9999.000,9999.000,9999.000
202605251648,   1.564,9999.000,9999.000,9999.000,9999.000,9999.000,9999.000,9999.000,9999.000
202605251654,   1.646,9999.000,9999.000,9999.000,9999.000,9999.000,9999.000,9999.000,9999.000
202605251700,   1.729,9999.000,   0.100,   0.010,   1.839,   0.000,   1.739,   0.200,   1.939
202605251706,   1.811,9999.000,9999.000,9999.000,9999.000,9999.000,9999.000,9999.000,9999.000
202605251712,   1.893,9999.000,9999.000,9999.000,9999.000,9999.000,9999.000,9999.000,9999.000
202605251718,   1.974,9999.000,9999.000,9999.000,9999.000,9999.000,9999.000,9999.000,9999.000
202605251724,   2.054,9999.000,9999.000,9999.000,9999.000,9999.000,9999.000,9999.000,9999.000
202605251730,   2.133,9999.000,9999.000,9999.000,9999.000,9999.000,9999.000,9999.000,9999.000
202605251736,   2.211,9999.000,9999.000,9999.000,9999.000,9999.000,9999.000,9999.000,9999.000
202605251742,   2.287,9999.000,9999.000,9999.000,9999.000,9999.000,9999.000,9999.000,9999.000
202605251748,   2.361,9999.000,9999.000,9999.000,9999.000,9999.000,9999.000,9999.000,9999.000
202605251754,   2.433,9999.000,9999.000,9999.000,9999.000,9999.000,9999.000,9999.000,9999.000
202605251800,   2.503,9999.000,   0.100,   0.010,   2.613,   0.000,   2.513,   0.200,   2.713
202605251806,   2.571,9999.000,9999.000,9999.000,9999.000,9999.000,9999.000,9999.000,9999.000
202605251812,   2.636,9999.000,9999.000,9999.000,9999.000,9999.000,9999.000,9999.000,9999.000
202605251818,   2.699,9999.000,9999.000,9999.000,9999.000,9999.000,9999.000,9999.000,9999.000
202605251824,   2.759,9999.000,9999.000,9999.000,9999.000,9999.000,9999.000,9999.000,9999.000
202605251830,   2.817,9999.000,9999.000,9999.000,9999.000,9999.000,9999.000,9999.000,9999.000
202605251836,   2.873,9999.000,9999.000,9999.000,9999.000,9999.000,9999.000,9999.000,9999.000
202605251842,   2.926,9999.000,9999.000,9999.000,9999.000,9999.000,9999.000,9999.000,9999.000
202605251848,   2.976,9999.000,9999.000,9999.000,9999.000,9999.000,9999.000,9999.000,9999.000
202605251854,   3.023,9999.000,9999.000,9999.000,9999.000,9999.000,9999.000,9999.000,9999.000
202605251900,   3.068,9999.000,   0.100,   0.010,   3.178,   0.000,   3.078,   0.200,   3.278
202605251906,   3.110,9999.000,9999.000,9999.000,9999.000,9999.000,9999.000,9999.000,9999.000
202605251912,   3.149,9999.000,9999.000,9999.000,9999.000,9999.000,9999.000,9999.000,9999.000
202605251918,   3.185,9999.000,9999.000,9999.000,9999.000,9999.000,9999.000,9999.000,9999.000
202605251924,   3.219,9999.000,9999.000,9999.000,9999.000,9999.000,9999.000,9999.000,9999.000
202605251930,   3.249,9999.000,9999.000,9999.000,9999.000,9999.000,9999.000,9999.000,9999.000
202605251936,   3.277,9999.000,9999.000,9999.000,9999.000,9999.000,9999.000,9999.000,9999.000
202605251942,   3.302,9999.000,9999.000,9999.000,9999.000,9999.000,9999.000,9999.000,9999.000
202605251948,   3.324,9999.000,9999.000,9999.000,9999.000,9999.000,9999.000,9999.000,9999.000
202605251954,   3.343,9999.000,9999.000,9999.000,9999.000,9999.000,9999.000,9999.000,9999.000
202605252000,   3.359,9999.000,   0.100,   0.010,   3.469,   0.000,   3.369,   0.200,   3.569
202605252006,   3.372,9999.000,9999.000,9999.000,9999.000,9999.000,9999.000,9999.000,9999.000
202605252012,   3.381,9999.000,9999.000,9999.000,9999.000,9999.000,9999.000,9999.000,9999.000
202605252018,   3.388,9999.000,9999.000,9999.000,9999.000,9999.000,9999.000,9999.000,9999.000
202605252024,   3.391,9999.000,9999.000,9999.000,9999.000,9999.000,9999.000,9999.000,9999.000
202605252030,   3.391,9999.000,9999.000,9999.000,9999.000,9999.000,9999.000,9999.000,9999.000
202605252036,   3.387,9999.000,9999.000,9999.000,9999.000,9999.000,9999.000,9999.000,9999.000
202605252042,   3.380,9999.000,9999.000,9999.000,9999.000,9999.000,9999.000,9999.000,9999.000
202605252048,   3.370,9999.000,9999.000,9999.000,9999.000,9999.000,9999.000,9999.000,9999.000
202605252054,   3.356,9999.000,9999.000,9999.000,9999.000,9999.000,9999.000,9999.000,9999.000
202605252100,   3.338,9999.000,   0.100,   0.010,   3.448,   0.000,   3.348,   0.200,   3.548
202605252106,   3.317,9999.000,9999.000,9999.000,9999.000,9999.000,9999.000,9999.000,9999.000
202605252112,   3.293,9999.000,9999.000,9999.000,9999.000,9999.000,9999.000,9999.000,9999.000
202605252118,   3.264,9999.000,9999.000,9999.000,9999.000,9999.000,9999.000,9999.000,9999.000
202605252124,   3.233,9999.000,9999.000,9999.000,9999.000,9999.000,9999.000,9999.000,9999.000
202605252130,   3.197,9999.000,9999.000,9999.000,9999.000,9999.000,9999.000,9999.000,9999.000
202605252136,   3.159,9999.000,9999.000,9999.000,9999.000,9999.000,9999.000,9999.000,9999.000
202605252142,   3.116,9999.000,9999.000,9999.000,9999.000,9999.000,9999.000,9999.000,9999.000
202605252148,   3.071,9999.000,9999.000,9999.000,9999.000,9999.000,9999.000,9999.000,9999.000
202605252154,   3.022,9999.000,9999.000,9999.000,9999.000,9999.000,9999.000,9999.000,9999.000
202605252200,   2.970,9999.000,   0.100,   0.010,   3.080,   0.000,   2.980,   0.200,   3.180
202605252206,   2.915,9999.000,9999.000,9999.000,9999.000,9999.000,9999.000,9999.000,9999.000
202605252212,   2.857,9999.000,9999.000,9999.000,9999.000,9999.000,9999.000,9999.000,9999.000
202605252218,   2.796,9999.000,9999.000,9999.000,9999.000,9999.000,9999.000,9999.000,9999.000
202605252224,   2.733,9999.000,9999.000,9999.000,9999.000,9999.000,9999.000,9999.000,9999.000
202605252230,   2.667,9999.000,9999.000,9999.000,9999.000,9999.000,9999.000,9999.000,9999.000
202605252236,   2.598,9999.000,9999.000,9999.000,9999.000,9999.000,9999.000,9999.000,9999.000
202605252242,   2.528,9999.000,9999.000,9999.000,9999.000,9999.000,9999.000,9999.000,9999.000
202605252248,   2.456,9999.000,9999.000,9999.000,9999.000,9999.000,9999.000,9999.000,9999.000
202605252254,   2.381,9999.000,9999.000,9999.000,9999.000,9999.000,9999.000,9999.000,9999.000
202605252300,   2.306,9999.000,   0.100,   0.010,   2.416,   0.000,   2.316,   0.200,   2.516
202605252306,   2.229,9999.000,9999.000,9999.000,9999.000,9999.000,9999.000,9999.000,9999.000
202605252312,   2.152,9999.000,9999.000,9999.000,9999.000,9999.000,9999.000,9999.000,9999.000
202605252318,   2.073,9999.000,9999.000,9999.000,9999.000,9999.000,9999.000,9999.000,9999.000
202605252324,   1.994,9999.000,9999.000,9999.000,9999.000,9999.000,9999.000,9999.000,9999.000
202605252330,   1.915,9999.000,9999.000,9999.000,9999.000,9999.000,9999.000,9999.000,9999.000
202605252336,   1.836,9999.000,9999.000,9999.000,9999.000,9999.000,9999.000,9999.000,9999.000
202605252342,   1.758,9999.000,9999.000,9999.000,9999.000,9999.000,9999.000,9999.000,9999.000
202605252348,   1.680,9999.000,9999.000,9999.000,9999.000,9999.000,9999.000,9999.000,9999.000
202605252354,   1.602,9999.000,9999.000,9999.000,9999.000,9999.000,9999.000,9999.000,9999.000
202605260000,   1.526,9999.000,   0.100,   0.010,   1.636,   0.000,   1.536,   0.200,   1.736
202605260006,   1.451,9999.000,9999.000,9999.000,9999.000,9999.000,9999.000,9999.000,9999.000
202605260012,   1.378,9999.000,9999.000,9999.000,9999.000,9999.000,9999.000,9999.000,9999.000
202605260018,   1.306,9999.000,9999.000,9999.000,9999.000,9999.000,9999.000,9999.000,9999.000
202605260024,   1.237,9999.000,9999.000,9999.000,9999.000,9999.000,9999.000,9999.000,9999.000
202605260030,   1.169,9999.000,9999.000,9999.000,9999.000,9999.000,9999.000,9999.000,9999.000
202605260036,   1.104,9999.000,9999.000,9999.000,9999.000,9999.000,9999.000,9999.000,9999.000
202605260042,   1.041,9999.000,9999.000,9999.000,9999.000,9999.000,9999.000,9999.000,9999.000
202605260048,   0.981,9999.000,9999.000,9999.000,9999.000,9999.000,9999.000,9999.000,9999.000
202605260054,   0.923,9999.000,9999.000,9999.000,9999.000,9999.000,9999.000,9999.000,9999.000
202605260100,   0.868,9999.000,   0.100,   0.010,   0.978,   0.000,   0.878,   0.200,   1.078
202605260106,   0.816,9999.000,9999.000,9999.000,9999.000,9999.000,9999.000,9999.000,9999.000
202605260112,   0.767,9999.000,9999.000,9999.000,9999.000,9999.000,9999.000,9999.000,9999.000
202605260118,   0.720,9999.000,9999.000,9999.000,9999.000,9999.000,9999.000,9999.000,9999.000
202605260124,   0.677,9999.000,9999.000,9999.000,9999.000,9999.000,9999.000,9999.000,9999.000
202605260130,   0.637,9999.000,9999.000,9999.000,9999.000,9999.000,9999.000,9999.000,9999.000
202605260136,   0.600,9999.000,9999.000,9999.000,9999.000,9999.000,9999.000,9999.000,9999.000
202605260142,   0.565,9999.000,9999.000,9999.000,9999.000,9999.000,9999.000,9999.000,9999.000
202605260148,   0.534,9999.000,9999.000,9999.000,9999.000,9999.000,9999.000,9999.000,9999.000
202605260154,   0.506,9999.000,9999.000,9999.000,9999.000,9999.000,9999.000,9999.000,9999.000
202605260200,   0.481,9999.000,   0.100,   0.010,   0.591,   0.000,   0.491,   0.200,   0.691
202605260206,   0.459,9999.000,9999.000,9999.000,9999.000,9999.000,9999.000,9999.000,9999.000
202605260212,   0.440,9999.000,9999.000,9999.000,9999.000,9999.000,9999.000,9999.000,9999.000
202605260218,   0.424,9999.000,9999.000,9999.000,9999.000,9999.000,9999.000,9999.000,9999.000
202605260224,   0.412,9999.000,9999.000,9999.000,9999.000,9999.000,9999.000,9999.000,9999.000
202605260230,   0.402,9999.000,9999.000,9999.000,9999.000,9999.000,9999.000,9999.000,9999.000
202605260236,   0.396,9999.000,9999.000,9999.000,9999.000,9999.000,9999.000,9999.000,9999.000
202605260242,   0.392,9999.000,9999.000,9999.000,9999.000,9999.000,9999.000,9999.000,9999.000
202605260248,   0.392,9999.000,9999.000,9999.000,9999.000,9999.000,9999.000,9999.000,9999.000
202605260254,   0.395,9999.000,9999.000,9999.000,9999.000,9999.000,9999.000,9999.000,9999.000
202605260300,   0.401,9999.000,   0.100,   0.010,   0.511,   0.000,   0.411,   0.200,   0.611
202605260306,   0.410,9999.000,9999.000,9999.000,9999.000,9999.000,9999.000,9999.000,9999.000
202605260312,   0.423,9999.000,9999.000,9999.000,9999.000,9999.000,9999.000,9999.000,9999.000
202605260318,   0.439,9999.000,9999.000,9999.000,9999.000,9999.000,9999.000,9999.000,9999.000
202605260324,   0.458,9999.000,9999.000,9999.000,9999.000,9999.000,9999.000,9999.000,9999.000
202605260330,   0.481,9999.000,9999.000,9999.000,9999.000,9999.000,9999.000,9999.000,9999.000
202605260336,   0.506,9999.000,9999.000,9999.000,9999.000,9999.000,9999.000,9999.000,9999.000
202605260342,   0.535,9999.000,9999.000,9999.000,9999.000,9999.000,9999.000,9999.000,9999.000
202605260348,   0.568,9999.000,9999.000,9999.000,9999.000,9999.000,9999.000,9999.000,9999.000
202605260354,   0.603,9999.000,9999.000,9999.000,9999.000,9999.000,9999.000,9999.000,9999.000
202605260400,   0.642,9999.000,   0.000,   0.010,   0.652,   0.000,   0.652,   0.200,   0.852
202605260406,   0.684,9999.000,9999.000,9999.000,9999.000,9999.000,9999.000,9999.000,9999.000
202605260412,   0.729,9999.000,9999.000,9999.000,9999.000,9999.000,9999.000,9999.000,9999.000
202605260418,   0.776,9999.000,9999.000,9999.000,9999.000,9999.000,9999.000,9999.000,9999.000
202605260424,   0.826,9999.000,9999.000,9999.000,9999.000,9999.000,9999.000,9999.000,9999.000
202605260430,   0.879,9999.000,9999.000,9999.000,9999.000,9999.000,9999.000,9999.000,9999.000
202605260436,   0.934,9999.000,9999.000,9999.000,9999.000,9999.000,9999.000,9999.000,9999.000
202605260442,   0.991,9999.000,9999.000,9999.000,9999.000,9999.000,9999.000,9999.000,9999.000
202605260448,   1.050,9999.000,9999.000,9999.000,9999.000,9999.000,9999.000,9999.000,9999.000
202605260454,   1.111,9999.000,9999.000,9999.000,9999.000,9999.000,9999.000,9999.000,9999.000
202605260500,   1.173,9999.000,   0.100,   0.010,   1.283,   0.000,   1.183,   0.200,   1.383
202605260506,   1.236,9999.000,9999.000,9999.000,9999.000,9999.000,9999.000,9999.000,9999.000
202605260512,   1.300,9999.000,9999.000,9999.000,9999.000,9999.000,9999.000,9999.000,9999.000
202605260518,   1.365,9999.000,9999.000,9999.000,9999.000,9999.000,9999.000,9999.000,9999.000
202605260524,   1.431,9999.000,9999.000,9999.000,9999.000,9999.000,9999.000,9999.000,9999.000
202605260530,   1.496,9999.000,9999.000,9999.000,9999.000,9999.000,9999.000,9999.000,9999.000
202605260536,   1.561,9999.000,9999.000,9999.000,9999.000,9999.000,9999.000,9999.000,9999.000
202605260542,   1.626,9999.000,9999.000,9999.000,9999.000,9999.000,9999.000,9999.000,9999.000
202605260548,   1.690,9999.000,9999.000,9999.000,9999.000,9999.000,9999.000,9999.000,9999.000
202605260554,   1.754,9999.000,9999.000,9999.000,9999.000,9999.000,9999.000,9999.000,9999.000
202605260600,   1.816,9999.000,   0.100,   0.010,   1.926,   0.000,   1.826,   0.200,   2.026
202605260606,   1.877,9999.000,9999.000,9999.000,9999.000,9999.000,9999.000,9999.000,9999.000
202605260612,   1.937,9999.000,9999.000,9999.000,9999.000,9999.000,9999.000,9999.000,9999.000
202605260618,   1.995,9999.000,9999.000,9999.000,9999.000,9999.000,9999.000,9999.000,9999.000
202605260624,   2.051,9999.000,9999.000,9999.000,9999.000,9999.000,9999.000,9999.000,9999.000
202605260630,   2.106,9999.000,9999.000,9999.000,9999.000,9999.000,9999.000,9999.000,9999.000
202605260636,   2.158,9999.000,9999.000,9999.000,9999.000,9999.000,9999.000,9999.000,9999.000
202605260642,   2.209,9999.000,9999.000,9999.000,9999.000,9999.000,9999.000,9999.000,9999.000
202605260648,   2.257,9999.000,9999.000,9999.000,9999.000,9999.000,9999.000,9999.000,9999.000
202605260654,   2.303,9999.000,9999.000,9999.000,9999.000,9999.000,9999.000,9999.000,9999.000
202605260700,   2.347,9999.000,   0.100,   0.010,   2.457,   0.000,   2.357,   0.200,   2.557
202605260706,   2.389,9999.000,9999.000,9999.000,9999.000,9999.000,9999.000,9999.000,9999.000
202605260712,   2.428,9999.000,9999.000,9999.000,9999.000,9999.000,9999.000,9999.000,9999.000
202605260718,   2.465,9999.000,9999.000,9999.000,9999.000,9999.000,9999.000,9999.000,9999.000
202605260724,   2.499,9999.000,9999.000,9999.000,9999.000,9999.000,9999.000,9999.000,9999.000
202605260730,   2.531,9999.000,9999.000,9999.000,9999.000,9999.000,9999.000,9999.000,9999.000
202605260736,   2.561,9999.000,9999.000,9999.000,9999.000,9999.000,9999.000,9999.000,9999.000
202605260742,   2.588,9999.000,9999.000,9999.000,9999.000,9999.000,9999.000,9999.000,9999.000
202605260748,   2.612,9999.000,9999.000,9999.000,9999.000,9999.000,9999.000,9999.000,9999.000
202605260754,   2.634,9999.000,9999.000,9999.000,9999.000,9999.000,9999.000,9999.000,9999.000
202605260800,   2.654,9999.000,   0.100,   0.010,   2.764,   0.000,   2.664,   0.200,   2.864
202605260806,   2.671,9999.000,9999.000,9999.000,9999.000,9999.000,9999.000,9999.000,9999.000
202605260812,   2.685,9999.000,9999.000,9999.000,9999.000,9999.000,9999.000,9999.000,9999.000
202605260818,   2.697,9999.000,9999.000,9999.000,9999.000,9999.000,9999.000,9999.000,9999.000
202605260824,   2.706,9999.000,9999.000,9999.000,9999.000,9999.000,9999.000,9999.000,9999.000
202605260830,   2.713,9999.000,9999.000,9999.000,9999.000,9999.000,9999.000,9999.000,9999.000
202605260836,   2.716,9999.000,9999.000,9999.000,9999.000,9999.000,9999.000,9999.000,9999.000
202605260842,   2.717,9999.000,9999.000,9999.000,9999.000,9999.000,9999.000,9999.000,9999.000
202605260848,   2.716,9999.000,9999.000,9999.000,9999.000,9999.000,9999.000,9999.000,9999.000
202605260854,   2.711,9999.000,9999.000,9999.000,9999.000,9999.000,9999.000,9999.000,9999.000
202605260900,   2.704,9999.000,   0.100,   0.010,   2.814,   0.000,   2.714,   0.200,   2.914
202605260906,   2.693,9999.000,9999.000,9999.000,9999.000,9999.000,9999.000,9999.000,9999.000
202605260912,   2.680,9999.000,9999.000,9999.000,9999.000,9999.000,9999.000,9999.000,9999.000
202605260918,   2.664,9999.000,9999.000,9999.000,9999.000,9999.000,9999.000,9999.000,9999.000
202605260924,   2.645,9999.000,9999.000,9999.000,9999.000,9999.000,9999.000,9999.000,9999.000
202605260930,   2.623,9999.000,9999.000,9999.000,9999.000,9999.000,9999.000,9999.000,9999.000
202605260936,   2.598,9999.000,9999.000,9999.000,9999.000,9999.000,9999.000,9999.000,9999.000
202605260942,   2.570,9999.000,9999.000,9999.000,9999.000,9999.000,9999.000,9999.000,9999.000
202605260948,   2.540,9999.000,9999.000,9999.000,9999.000,9999.000,9999.000,9999.000,9999.000
202605260954,   2.506,9999.000,9999.000,9999.000,9999.000,9999.000,9999.000,9999.000,9999.000
202605261000,   2.469,9999.000,   0.100,   0.010,   2.579,   0.000,   2.479,   0.200,   2.679
202605261006,   2.429,9999.000,9999.000,9999.000,9999.000,9999.000,9999.000,9999.000,9999.000
202605261012,   2.387,9999.000,9999.000,9999.000,9999.000,9999.000,9999.000,9999.000,9999.000
202605261018,   2.342,9999.000,9999.000,9999.000,9999.000,9999.000,9999.000,9999.000,9999.000
202605261024,   2.294,9999.000,9999.000,9999.000,9999.000,9999.000,9999.000,9999.000,9999.000
202605261030,   2.243,9999.000,9999.000,9999.000,9999.000,9999.000,9999.000,9999.000,9999.000
202605261036,   2.191,9999.000,9999.000,9999.000,9999.000,9999.000,9999.000,9999.000,9999.000
202605261042,   2.135,9999.000,9999.000,9999.000,9999.000,9999.000,9999.000,9999.000,9999.000
202605261048,   2.078,9999.000,9999.000,9999.000,9999.000,9999.000,9999.000,9999.000,9999.000
202605261054,   2.018,9999.000,9999.000,9999.000,9999.000,9999.000,9999.000,9999.000,9999.000
202605261100,   1.956,9999.000,   0.100,   0.010,   2.066,   0.000,   1.966,   0.300,   2.266
202605261106,   1.893,9999.000,9999.000,9999.000,9999.000,9999.000,9999.000,9999.000,9999.000
202605261112,   1.828,9999.000,9999.000,9999.000,9999.000,9999.000,9999.000,9999.000,9999.000
202605261118,   1.761,9999.000,9999.000,9999.000,9999.000,9999.000,9999.000,9999.000,9999.000
202605261124,   1.694,9999.000,9999.000,9999.000,9999.000,9999.000,9999.000,9999.000,9999.000
202605261130,   1.625,9999.000,9999.000,9999.000,9999.000,9999.000,9999.000,9999.000,9999.000
202605261136,   1.556,9999.000,9999.000,9999.000,9999.000,9999.000,9999.000,9999.000,9999.000
202605261142,   1.486,9999.000,9999.000,9999.000,9999.000,9999.000,9999.000,9999.000,9999.000
202605261148,   1.417,9999.000,9999.000,9999.000,9999.000,9999.000,9999.000,9999.000,9999.000
202605261154,   1.347,9999.000,9999.000,9999.000,9999.000,9999.000,9999.000,9999.000,9999.000
202605261200,   1.277,9999.000,   0.100,   0.010,   1.387,   0.000,   1.287,   0.200,   1.487
202605261206,   1.208,9999.000,9999.000,9999.000,9999.000,9999.000,9999.000,9999.000,9999.000
202605261212,   1.140,9999.000,9999.000,9999.000,9999.000,9999.000,9999.000,9999.000,9999.000
202605261218,   1.072,9999.000,9999.000,9999.000,9999.000,9999.000,9999.000,9999.000,9999.000
202605261224,   1.007,9999.000,9999.000,9999.000,9999.000,9999.000,9999.000,9999.000,9999.000
202605261230,   0.942,9999.000,9999.000,9999.000,9999.000,9999.000,9999.000,9999.000,9999.000
202605261236,   0.880,9999.000,9999.000,9999.000,9999.000,9999.000,9999.000,9999.000,9999.000
202605261242,   0.819,9999.000,9999.000,9999.000,9999.000,9999.000,9999.000,9999.000,9999.000
202605261248,   0.761,9999.000,9999.000,9999.000,9999.000,9999.000,9999.000,9999.000,9999.000
202605261254,   0.704,9999.000,9999.000,9999.000,9999.000,9999.000,9999.000,9999.000,9999.000
202605261300,   0.651,9999.000,   0.100,   0.010,   0.761,   0.000,   0.661,   0.300,   0.961
202605261306,   0.600,9999.000,9999.000,9999.000,9999.000,9999.000,9999.000,9999.000,9999.000
202605261312,   0.552,9999.000,9999.000,9999.000,9999.000,9999.000,9999.000,9999.000,9999.000
202605261318,   0.507,9999.000,9999.000,9999.000,9999.000,9999.000,9999.000,9999.000,9999.000
202605261324,   0.465,9999.000,9999.000,9999.000,9999.000,9999.000,9999.000,9999.000,9999.000
202605261330,   0.426,9999.000,9999.000,9999.000,9999.000,9999.000,9999.000,9999.000,9999.000
202605261336,   0.391,9999.000,9999.000,9999.000,9999.000,9999.000,9999.000,9999.000,9999.000
202605261342,   0.358,9999.000,9999.000,9999.000,9999.000,9999.000,9999.000,9999.000,9999.000
202605261348,   0.329,9999.000,9999.000,9999.000,9999.000,9999.000,9999.000,9999.000,9999.000
202605261354,   0.303,9999.000,9999.000,9999.000,9999.000,9999.000,9999.000,9999.000,9999.000
202605261400,   0.281,9999.000,   0.200,   0.010,   0.491,   0.000,   0.291,   0.300,   0.591
202605261406,   0.262,9999.000,9999.000,9999.000,9999.000,9999.000,9999.000,9999.000,9999.000
202605261412,   0.246,9999.000,9999.000,9999.000,9999.000,9999.000,9999.000,9999.000,9999.000
202605261418,   0.233,9999.000,9999.000,9999.000,9999.000,9999.000,9999.000,9999.000,9999.000
202605261424,   0.223,9999.000,9999.000,9999.000,9999.000,9999.000,9999.000,9999.000,9999.000
202605261430,   0.217,9999.000,9999.000,9999.000,9999.000,9999.000,9999.000,9999.000,9999.000
202605261436,   0.214,9999.000,9999.000,9999.000,9999.000,9999.000,9999.000,9999.000,9999.000
202605261442,   0.214,9999.000,9999.000,9999.000,9999.000,9999.000,9999.000,9999.000,9999.000
202605261448,   0.217,9999.000,9999.000,9999.000,9999.000,9999.000,9999.000,9999.000,9999.000
202605261454,   0.224,9999.000,9999.000,9999.000,9999.000,9999.000,9999.000,9999.000,9999.000
202605261500,   0.233,9999.000,   0.200,   0.010,   0.443,   0.100,   0.343,   0.300,   0.543
202605261506,   0.246,9999.000,9999.000,9999.000,9999.000,9999.000,9999.000,9999.000,9999.000
202605261512,   0.262,9999.000,9999.000,9999.000,9999.000,9999.000,9999.000,9999.000,9999.000
202605261518,   0.281,9999.000,9999.000,9999.000,9999.000,9999.000,9999.000,9999.000,9999.000
202605261524,   0.304,9999.000,9999.000,9999.000,9999.000,9999.000,9999.000,9999.000,9999.000
202605261530,   0.329,9999.000,9999.000,9999.000,9999.000,9999.000,9999.000,9999.000,9999.000
202605261536,   0.358,9999.000,9999.000,9999.000,9999.000,9999.000,9999.000,9999.000,9999.000
202605261542,   0.390,9999.000,9999.000,9999.000,9999.000,9999.000,9999.000,9999.000,9999.000
202605261548,   0.426,9999.000,9999.000,9999.000,9999.000,9999.000,9999.000,9999.000,9999.000
202605261554,   0.465,9999.000,9999.000,9999.000,9999.000,9999.000,9999.000,9999.000,9999.000
202605261600,   0.507,9999.000,   0.200,   0.010,   0.717,   0.100,   0.617,   0.300,   0.817
202605261606,   0.553,9999.000,9999.000,9999.000,9999.000,9999.000,9999.000,9999.000,9999.000
202605261612,   0.601,9999.000,9999.000,9999.000,9999.000,9999.000,9999.000,9999.000,9999.000
202605261618,   0.653,9999.000,9999.000,9999.000,9999.000,9999.000,9999.000,9999.000,9999.000
202605261624,   0.709,9999.000,9999.000,9999.000,9999.000,9999.000,9999.000,9999.000,9999.000
202605261630,   0.767,9999.000,9999.000,9999.000,9999.000,9999.000,9999.000,9999.000,9999.000
202605261636,   0.829,9999.000,9999.000,9999.000,9999.000,9999.000,9999.000,9999.000,9999.000
202605261642,   0.893,9999.000,9999.000,9999.000,9999.000,9999.000,9999.000,9999.000,9999.000
202605261648,   0.961,9999.000,9999.000,9999.000,9999.000,9999.000,9999.000,9999.000,9999.000
202605261654,   1.031,9999.000,9999.000,9999.000,9999.000,9999.000,9999.000,9999.000,9999.000
202605261700,   1.103,9999.000,   0.300,   0.010,   1.413,   0.100,   1.213,   0.400,   1.513
202605261706,   1.178,9999.000,9999.000,9999.000,9999.000,9999.000,9999.000,9999.000,9999.000
202605261712,   1.255,9999.000,9999.000,9999.000,9999.000,9999.000,9999.000,9999.000,9999.000
202605261718,   1.334,9999.000,9999.000,9999.000,9999.000,9999.000,9999.000,9999.000,9999.000
202605261724,   1.414,9999.000,9999.000,9999.000,9999.000,9999.000,9999.000,9999.000,9999.000
202605261730,   1.496,9999.000,9999.000,9999.000,9999.000,9999.000,9999.000,9999.000,9999.000
202605261736,   1.579,9999.000,9999.000,9999.000,9999.000,9999.000,9999.000,9999.000,9999.000
202605261742,   1.662,9999.000,9999.000,9999.000,9999.000,9999.000,9999.000,9999.000,9999.000
202605261748,   1.746,9999.000,9999.000,9999.000,9999.000,9999.000,9999.000,9999.000,9999.000
202605261754,   1.831,9999.000,9999.000,9999.000,9999.000,9999.000,9999.000,9999.000,9999.000
202605261800,   1.915,9999.000,   0.300,   0.010,   2.225,   0.200,   2.125,   0.400,   2.325
202605261806,   1.999,9999.000,9999.000,9999.000,9999.000,9999.000,9999.000,9999.000,9999.000
202605261812,   2.083,9999.000,9999.000,9999.000,9999.000,9999.000,9999.000,9999.000,9999.000
202605261818,   2.165,9999.000,9999.000,9999.000,9999.000,9999.000,9999.000,9999.000,9999.000
202605261824,   2.247,9999.000,9999.000,9999.000,9999.000,9999.000,9999.000,9999.000,9999.000
202605261830,   2.327,9999.000,9999.000,9999.000,9999.000,9999.000,9999.000,9999.000,9999.000
202605261836,   2.405,9999.000,9999.000,9999.000,9999.000,9999.000,9999.000,9999.000,9999.000
202605261842,   2.482,9999.000,9999.000,9999.000,9999.000,9999.000,9999.000,9999.000,9999.000
202605261848,   2.557,9999.000,9999.000,9999.000,9999.000,9999.000,9999.000,9999.000,9999.000
202605261854,   2.630,9999.000,9999.000,9999.000,9999.000,9999.000,9999.000,9999.000,9999.000
202605261900,   2.700,9999.000,   0.300,   0.010,   3.010,   0.200,   2.910,   0.400,   3.110
202605261906,   2.768,9999.000,9999.000,9999.000,9999.000,9999.000,9999.000,9999.000,9999.000
202605261912,   2.834,9999.000,9999.000,9999.000,9999.000,9999.000,9999.000,9999.000,9999.000
202605261918,   2.896,9999.000,9999.000,9999.000,9999.000,9999.000,9999.000,9999.000,9999.000
202605261924,   2.956,9999.000,9999.000,9999.000,9999.000,9999.000,9999.000,9999.000,9999.000
202605261930,   3.014,9999.000,9999.000,9999.000,9999.000,9999.000,9999.000,9999.000,9999.000
202605261936,   3.068,9999.000,9999.000,9999.000,9999.000,9999.000,9999.000,9999.000,9999.000
202605261942,   3.119,9999.000,9999.000,9999.000,9999.000,9999.000,9999.000,9999.000,9999.000
202605261948,   3.167,9999.000,9999.000,9999.000,9999.000,9999.000,9999.000,9999.000,9999.000
202605261954,   3.212,9999.000,9999.000,9999.000,9999.000,9999.000,9999.000,9999.000,9999.000
202605262000,   3.255,9999.000,   0.300,   0.010,   3.565,   0.200,   3.465,   0.400,   3.665
202605262006,   3.293,9999.000,9999.000,9999.000,9999.000,9999.000,9999.000,9999.000,9999.000
202605262012,   3.329,9999.000,9999.000,9999.000,9999.000,9999.000,9999.000,9999.000,9999.000
202605262018,   3.362,9999.000,9999.000,9999.000,9999.000,9999.000,9999.000,9999.000,9999.000
202605262024,   3.391,9999.000,9999.000,9999.000,9999.000,9999.000,9999.000,9999.000,9999.000
202605262030,   3.418,9999.000,9999.000,9999.000,9999.000,9999.000,9999.000,9999.000,9999.000
202605262036,   3.441,9999.000,9999.000,9999.000,9999.000,9999.000,9999.000,9999.000,9999.000
202605262042,   3.460,9999.000,9999.000,9999.000,9999.000,9999.000,9999.000,9999.000,9999.000
202605262048,   3.477,9999.000,9999.000,9999.000,9999.000,9999.000,9999.000,9999.000,9999.000
202605262054,   3.490,9999.000,9999.000,9999.000,9999.000,9999.000,9999.000,9999.000,9999.000
202605262100,   3.500,9999.000,   0.400,   0.010,   3.910,   0.200,   3.710,   0.400,   3.910
202605262106,   3.506,9999.000,9999.000,9999.000,9999.000,9999.000,9999.000,9999.000,9999.000
202605262112,   3.510,9999.000,9999.000,9999.000,9999.000,9999.000,9999.000,9999.000,9999.000
202605262118,   3.509,9999.000,9999.000,9999.000,9999.000,9999.000,9999.000,9999.000,9999.000
202605262124,   3.506,9999.000,9999.000,9999.000,9999.000,9999.000,9999.000,9999.000,9999.000
202605262130,   3.499,9999.000,9999.000,9999.000,9999.000,9999.000,9999.000,9999.000,9999.000
202605262136,   3.488,9999.000,9999.000,9999.000,9999.000,9999.000,9999.000,9999.000,9999.000
202605262142,   3.474,9999.000,9999.000,9999.000,9999.000,9999.000,9999.000,9999.000,9999.000
202605262148,   3.456,9999.000,9999.000,9999.000,9999.000,9999.000,9999.000,9999.000,9999.000
202605262154,   3.435,9999.000,9999.000,9999.000,9999.000,9999.000,9999.000,9999.000,9999.000
202605262200,   3.410,9999.000,   0.400,   0.010,   3.820,   0.300,   3.720,   0.400,   3.820
202605262206,   3.382,9999.000,9999.000,9999.000,9999.000,9999.000,9999.000,9999.000,9999.000
202605262212,   3.350,9999.000,9999.000,9999.000,9999.000,9999.000,9999.000,9999.000,9999.000
202605262218,   3.315,9999.000,9999.000,9999.000,9999.000,9999.000,9999.000,9999.000,9999.000
202605262224,   3.276,9999.000,9999.000,9999.000,9999.000,9999.000,9999.000,9999.000,9999.000
202605262230,   3.234,9999.000,9999.000,9999.000,9999.000,9999.000,9999.000,9999.000,9999.000
202605262236,   3.189,9999.000,9999.000,9999.000,9999.000,9999.000,9999.000,9999.000,9999.000
202605262242,   3.140,9999.000,9999.000,9999.000,9999.000,9999.000,9999.000,9999.000,9999.000
202605262248,   3.087,9999.000,9999.000,9999.000,9999.000,9999.000,9999.000,9999.000,9999.000
202605262254,   3.032,9999.000,9999.000,9999.000,9999.000,9999.000,9999.000,9999.000,9999.000
202605262300,   2.973,9999.000,   0.400,   0.010,   3.383,   0.300,   3.283,   0.500,   3.483
202605262306,   2.912,9999.000,9999.000,9999.000,9999.000,9999.000,9999.000,9999.000,9999.000
202605262312,   2.847,9999.000,9999.000,9999.000,9999.000,9999.000,9999.000,9999.000,9999.000
202605262318,   2.780,9999.000,9999.000,9999.000,9999.000,9999.000,9999.000,9999.000,9999.000
202605262324,   2.710,9999.000,9999.000,9999.000,9999.000,9999.000,9999.000,9999.000,9999.000
202605262330,   2.638,9999.000,9999.000,9999.000,9999.000,9999.000,9999.000,9999.000,9999.000
202605262336,   2.564,9999.000,9999.000,9999.000,9999.000,9999.000,9999.000,9999.000,9999.000
202605262342,   2.488,9999.000,9999.000,9999.000,9999.000,9999.000,9999.000,9999.000,9999.000
202605262348,   2.410,9999.000,9999.000,9999.000,9999.000,9999.000,9999.000,9999.000,9999.000
202605262354,   2.330,9999.000,9999.000,9999.000,9999.000,9999.000,9999.000,9999.000,9999.000
202605270000,   2.250,9999.000,   0.400,   0.010,   2.660,   0.300,   2.560,   0.400,   2.660
202605270006,   2.168,9999.000,9999.000,9999.000,9999.000,9999.000,9999.000,9999.000,9999.000
202605270012,   2.086,9999.000,9999.000,9999.000,9999.000,9999.000,9999.000,9999.000,9999.000
202605270018,   2.003,9999.000,9999.000,9999.000,9999.000,9999.000,9999.000,9999.000,9999.000
202605270024,   1.920,9999.000,9999.000,9999.000,9999.000,9999.000,9999.000,9999.000,9999.000
202605270030,   1.837,9999.000,9999.000,9999.000,9999.000,9999.000,9999.000,9999.000,9999.000
202605270036,   1.755,9999.000,9999.000,9999.000,9999.000,9999.000,9999.000,9999.000,9999.000
202605270042,   1.673,9999.000,9999.000,9999.000,9999.000,9999.000,9999.000,9999.000,9999.000
202605270048,   1.592,9999.000,9999.000,9999.000,9999.000,9999.000,9999.000,9999.000,9999.000
202605270054,   1.513,9999.000,9999.000,9999.000,9999.000,9999.000,9999.000,9999.000,9999.000
202605270100,   1.435,9999.000,   0.400,   0.010,   1.845,   0.200,   1.645,   0.400,   1.845
202605270106,   1.359,9999.000,9999.000,9999.000,9999.000,9999.000,9999.000,9999.000,9999.000
202605270112,   1.285,9999.000,9999.000,9999.000,9999.000,9999.000,9999.000,9999.000,9999.000
202605270118,   1.213,9999.000,9999.000,9999.000,9999.000,9999.000,9999.000,9999.000,9999.000
202605270124,   1.143,9999.000,9999.000,9999.000,9999.000,9999.000,9999.000,9999.000,9999.000
202605270130,   1.076,9999.000,9999.000,9999.000,9999.000,9999.000,9999.000,9999.000,9999.000
202605270136,   1.011,9999.000,9999.000,9999.000,9999.000,9999.000,9999.000,9999.000,9999.000
202605270142,   0.950,9999.000,9999.000,9999.000,9999.000,9999.000,9999.000,9999.000,9999.000
202605270148,   0.891,9999.000,9999.000,9999.000,9999.000,9999.000,9999.000,9999.000,9999.000
202605270154,   0.835,9999.000,9999.000,9999.000,9999.000,9999.000,9999.000,9999.000,9999.000
202605270200,   0.782,9999.000,   0.400,   0.010,   1.192,   0.200,   0.992,   0.500,   1.292
202605270206,   0.733,9999.000,9999.000,9999.000,9999.000,9999.000,9999.000,9999.000,9999.000
202605270212,   0.686,9999.000,9999.000,9999.000,9999.000,9999.000,9999.000,9999.000,9999.000
202605270218,   0.643,9999.000,9999.000,9999.000,9999.000,9999.000,9999.000,9999.000,9999.000
202605270224,   0.603,9999.000,9999.000,9999.000,9999.000,9999.000,9999.000,9999.000,9999.000
202605270230,   0.565,9999.000,9999.000,9999.000,9999.000,9999.000,9999.000,9999.000,9999.000
202605270236,   0.531,9999.000,9999.000,9999.000,9999.000,9999.000,9999.000,9999.000,9999.000
202605270242,   0.500,9999.000,9999.000,9999.000,9999.000,9999.000,9999.000,9999.000,9999.000
202605270248,   0.472,9999.000,9999.000,9999.000,9999.000,9999.000,9999.000,9999.000,9999.000
202605270254,   0.447,9999.000,9999.000,9999.000,9999.000,9999.000,9999.000,9999.000,9999.000
202605270300,   0.425,9999.000,   0.400,   0.010,   0.835,   0.200,   0.635,   0.500,   0.935
202605270306,   0.406,9999.000,9999.000,9999.000,9999.000,9999.000,9999.000,9999.000,9999.000
202605270312,   0.390,9999.000,9999.000,9999.000,9999.000,9999.000,9999.000,9999.000,9999.000
202605270318,   0.377,9999.000,9999.000,9999.000,9999.000,9999.000,9999.000,9999.000,9999.000
202605270324,   0.366,9999.000,9999.000,9999.000,9999.000,9999.000,9999.000,9999.000,9999.000
202605270330,   0.359,9999.000,9999.000,9999.000,9999.000,9999.000,9999.000,9999.000,9999.000
202605270336,   0.354,9999.000,9999.000,9999.000,9999.000,9999.000,9999.000,9999.000,9999.000
202605270342,   0.353,9999.000,9999.000,9999.000,9999.000,9999.000,9999.000,9999.000,9999.000
202605270348,   0.354,9999.000,9999.000,9999.000,9999.000,9999.000,9999.000,9999.000,9999.000
202605270354,   0.359,9999.000,9999.000,9999.000,9999.000,9999.000,9999.000,9999.000,9999.000
202605270400,   0.366,9999.000,   0.300,   0.010,   0.676,   0.200,   0.576,   0.500,   0.876
202605270406,   0.377,9999.000,9999.000,9999.000,9999.000,9999.000,9999.000,9999.000,9999.000
202605270412,   0.391,9999.000,9999.000,9999.000,9999.000,9999.000,9999.000,9999.000,9999.000
202605270418,   0.408,9999.000,9999.000,9999.000,9999.000,9999.000,9999.000,9999.000,9999.000
202605270424,   0.428,9999.000,9999.000,9999.000,9999.000,9999.000,9999.000,9999.000,9999.000
202605270430,   0.452,9999.000,9999.000,9999.000,9999.000,9999.000,9999.000,9999.000,9999.000
202605270436,   0.479,9999.000,9999.000,9999.000,9999.000,9999.000,9999.000,9999.000,9999.000
202605270442,   0.509,9999.000,9999.000,9999.000,9999.000,9999.000,9999.000,9999.000,9999.000
202605270448,   0.542,9999.000,9999.000,9999.000,9999.000,9999.000,9999.000,9999.000,9999.000
202605270454,   0.579,9999.000,9999.000,9999.000,9999.000,9999.000,9999.000,9999.000,9999.000
202605270500,   0.618,9999.000,   0.400,   0.010,   1.028,   0.200,   0.828,   0.500,   1.128
202605270506,   0.661,9999.000,9999.000,9999.000,9999.000,9999.000,9999.000,9999.000,9999.000
202605270512,   0.707,9999.000,9999.000,9999.000,9999.000,9999.000,9999.000,9999.000,9999.000
202605270518,   0.756,9999.000,9999.000,9999.000,9999.000,9999.000,9999.000,9999.000,9999.000
202605270524,   0.807,9999.000,9999.000,9999.000,9999.000,9999.000,9999.000,9999.000,9999.000
202605270530,   0.862,9999.000,9999.000,9999.000,9999.000,9999.000,9999.000,9999.000,9999.000
202605270536,   0.918,9999.000,9999.000,9999.000,9999.000,9999.000,9999.000,9999.000,9999.000
202605270542,   0.977,9999.000,9999.000,9999.000,9999.000,9999.000,9999.000,9999.000,9999.000
202605270548,   1.037,9999.000,9999.000,9999.000,9999.000,9999.000,9999.000,9999.000,9999.000
202605270554,   1.099,9999.000,9999.000,9999.000,9999.000,9999.000,9999.000,9999.000,9999.000
202605270600,   1.163,9999.000,   0.400,   0.010,   1.573,   0.200,   1.373,   0.500,   1.673
202605270606,   1.227,9999.000,9999.000,9999.000,9999.000,9999.000,9999.000,9999.000,9999.000
202605270612,   1.293,9999.000,9999.000,9999.000,9999.000,9999.000,9999.000,9999.000,9999.000
202605270618,   1.359,9999.000,9999.000,9999.000,9999.000,9999.000,9999.000,9999.000,9999.000
202605270624,   1.426,9999.000,9999.000,9999.000,9999.000,9999.000,9999.000,9999.000,9999.000
202605270630,   1.492,9999.000,9999.000,9999.000,9999.000,9999.000,9999.000,9999.000,9999.000
202605270636,   1.558,9999.000,9999.000,9999.000,9999.000,9999.000,9999.000,9999.000,9999.000
202605270642,   1.624,9999.000,9999.000,9999.000,9999.000,9999.000,9999.000,9999.000,9999.000
202605270648,   1.689,9999.000,9999.000,9999.000,9999.000,9999.000,9999.000,9999.000,9999.000
202605270654,   1.753,9999.000,9999.000,9999.000,9999.000,9999.000,9999.000,9999.000,9999.000
202605270700,   1.816,9999.000,   0.400,   0.010,   2.226,   0.200,   2.026,   0.500,   2.326
202605270706,   1.877,9999.000,9999.000,9999.000,9999.000,9999.000,9999.000,9999.000,9999.000
202605270712,   1.936,9999.000,9999.000,9999.000,9999.000,9999.000,9999.000,9999.000,9999.000
202605270718,   1.994,9999.000,9999.000,9999.000,9999.000,9999.000,9999.000,9999.000,9999.000
202605270724,   2.049,9999.000,9999.000,9999.000,9999.000,9999.000,9999.000,9999.000,9999.000
202605270730,   2.103,9999.000,9999.000,9999.000,9999.000,9999.000,9999.000,9999.000,9999.000
202605270736,   2.154,9999.000,9999.000,9999.000,9999.000,9999.000,9999.000,9999.000,9999.000
202605270742,   2.203,9999.000,9999.000,9999.000,9999.000,9999.000,9999.000,9999.000,9999.000
202605270748,   2.249,9999.000,9999.000,9999.000,9999.000,9999.000,9999.000,9999.000,9999.000
202605270754,   2.293,9999.000,9999.000,9999.000,9999.000,9999.000,9999.000,9999.000,9999.000
202605270800,   2.335,9999.000,   0.400,   0.010,   2.745,   0.200,   2.545,   0.500,   2.845
202605270806,   2.373,9999.000,9999.000,9999.000,9999.000,9999.000,9999.000,9999.000,9999.000
202605270812,   2.409,9999.000,9999.000,9999.000,9999.000,9999.000,9999.000,9999.000,9999.000
202605270818,   2.443,9999.000,9999.000,9999.000,9999.000,9999.000,9999.000,9999.000,9999.000
202605270824,   2.474,9999.000,9999.000,9999.000,9999.000,9999.000,9999.000,9999.000,9999.000
202605270830,   2.502,9999.000,9999.000,9999.000,9999.000,9999.000,9999.000,9999.000,9999.000
202605270836,   2.527,9999.000,9999.000,9999.000,9999.000,9999.000,9999.000,9999.000,9999.000
202605270842,   2.550,9999.000,9999.000,9999.000,9999.000,9999.000,9999.000,9999.000,9999.000
202605270848,   2.570,9999.000,9999.000,9999.000,9999.000,9999.000,9999.000,9999.000,9999.000
202605270854,   2.588,9999.000,9999.000,9999.000,9999.000,9999.000,9999.000,9999.000,9999.000
202605270900,   2.603,9999.000,   0.300,   0.010,   2.913,   0.200,   2.813,   0.500,   3.113
202605270906,   2.615,9999.000,9999.000,9999.000,9999.000,9999.000,9999.000,9999.000,9999.000
202605270912,   2.625,9999.000,9999.000,9999.000,9999.000,9999.000,9999.000,9999.000,9999.000
202605270918,   2.632,9999.000,9999.000,9999.000,9999.000,9999.000,9999.000,9999.000,9999.000
202605270924,   2.636,9999.000,9999.000,9999.000,9999.000,9999.000,9999.000,9999.000,9999.000
202605270930,   2.638,9999.000,9999.000,9999.000,9999.000,9999.000,9999.000,9999.000,9999.000
202605270936,   2.637,9999.000,9999.000,9999.000,9999.000,9999.000,9999.000,9999.000,9999.000
202605270942,   2.634,9999.000,9999.000,9999.000,9999.000,9999.000,9999.000,9999.000,9999.000
202605270948,   2.627,9999.000,9999.000,9999.000,9999.000,9999.000,9999.000,9999.000,9999.000
202605270954,   2.618,9999.000,9999.000,9999.000,9999.000,9999.000,9999.000,9999.000,9999.000
202605271000,   2.607,9999.000,   0.400,   0.010,   3.017,   0.200,   2.817,   0.500,   3.117
202605271006,   2.592,9999.000,9999.000,9999.000,9999.000,9999.000,9999.000,9999.000,9999.000
202605271012,   2.575,9999.000,9999.000,9999.000,9999.000,9999.000,9999.000,9999.000,9999.000
202605271018,   2.555,9999.000,9999.000,9999.000,9999.000,9999.000,9999.000,9999.000,9999.000
202605271024,   2.532,9999.000,9999.000,9999.000,9999.000,9999.000,9999.000,9999.000,9999.000
202605271030,   2.506,9999.000,9999.000,9999.000,9999.000,9999.000,9999.000,9999.000,9999.000
202605271036,   2.478,9999.000,9999.000,9999.000,9999.000,9999.000,9999.000,9999.000,9999.000
202605271042,   2.446,9999.000,9999.000,9999.000,9999.000,9999.000,9999.000,9999.000,9999.000
202605271048,   2.412,9999.000,9999.000,9999.000,9999.000,9999.000,9999.000,9999.000,9999.000
202605271054,   2.375,9999.000,9999.000,9999.000,9999.000,9999.000,9999.000,9999.000,9999.000
202605271100,   2.334,9999.000,   0.400,   0.010,   2.744,   0.200,   2.544,   0.500,   2.844
202605271106,   2.292,9999.000,9999.000,9999.000,9999.000,9999.000,9999.000,9999.000,9999.000
202605271112,   2.246,9999.000,9999.000,9999.000,9999.000,9999.000,9999.000,9999.000,9999.000
202605271118,   2.198,9999.000,9999.000,9999.000,9999.000,9999.000,9999.000,9999.000,9999.000
202605271124,   2.147,9999.000,9999.000,9999.000,9999.000,9999.000,9999.000,9999.000,9999.000
202605271130,   2.094,9999.000,9999.000,9999.000,9999.000,9999.000,9999.000,9999.000,9999.000
202605271136,   2.038,9999.000,9999.000,9999.000,9999.000,9999.000,9999.000,9999.000,9999.000
202605271142,   1.980,9999.000,9999.000,9999.000,9999.000,9999.000,9999.000,9999.000,9999.000
202605271148,   1.920,9999.000,9999.000,9999.000,9999.000,9999.000,9999.000,9999.000,9999.000
202605271154,   1.858,9999.000,9999.000,9999.000,9999.000,9999.000,9999.000,9999.000,9999.000
202605271200,   1.794,9999.000,   0.400,   0.010,   2.204,   0.200,   2.004,   0.500,   2.304
202605271206,   1.729,9999.000,9999.000,9999.000,9999.000,9999.000,9999.000,9999.000,9999.000
202605271212,   1.662,9999.000,9999.000,9999.000,9999.000,9999.000,9999.000,9999.000,9999.000
202605271218,   1.595,9999.000,9999.000,9999.000,9999.000,9999.000,9999.000,9999.000,9999.000
202605271224,   1.526,9999.000,9999.000,9999.000,9999.000,9999.000,9999.000,9999.000,9999.000
202605271230,   1.457,9999.000,9999.000,9999.000,9999.000,9999.000,9999.000,9999.000,9999.000
202605271236,   1.388,9999.000,9999.000,9999.000,9999.000,9999.000,9999.000,9999.000,9999.000
202605271242,   1.319,9999.000,9999.000,9999.000,9999.000,9999.000,9999.000,9999.000,9999.000
202605271248,   1.250,9999.000,9999.000,9999.000,9999.000,9999.000,9999.000,9999.000,9999.000
202605271254,   1.182,9999.000,9999.000,9999.000,9999.000,9999.000,9999.000,9999.000,9999.000
202605271300,   1.114,9999.000,   0.400,   0.010,   1.524,   0.200,   1.324,   0.500,   1.624
202605271306,   1.048,9999.000,9999.000,9999.000,9999.000,9999.000,9999.000,9999.000,9999.000
202605271312,   0.983,9999.000,9999.000,9999.000,9999.000,9999.000,9999.000,9999.000,9999.000
202605271318,   0.920,9999.000,9999.000,9999.000,9999.000,9999.000,9999.000,9999.000,9999.000
202605271324,   0.859,9999.000,9999.000,9999.000,9999.000,9999.000,9999.000,9999.000,9999.000
202605271330,   0.800,9999.000,9999.000,9999.000,9999.000,9999.000,9999.000,9999.000,9999.000
202605271336,   0.743,9999.000,9999.000,9999.000,9999.000,9999.000,9999.000,9999.000,9999.000
202605271342,   0.689,9999.000,9999.000,9999.000,9999.000,9999.000,9999.000,9999.000,9999.000
202605271348,   0.637,9999.000,9999.000,9999.000,9999.000,9999.000,9999.000,9999.000,9999.000
202605271354,   0.589,9999.000,9999.000,9999.000,9999.000,9999.000,9999.000,9999.000,9999.000
202605271400,   0.543,9999.000,   0.400,   0.010,   0.953,   0.200,   0.753,   0.500,   1.053
202605271406,   0.501,9999.000,9999.000,9999.000,9999.000,9999.000,9999.000,9999.000,9999.000
202605271412,   0.462,9999.000,9999.000,9999.000,9999.000,9999.000,9999.000,9999.000,9999.000
202605271418,   0.426,9999.000,9999.000,9999.000,9999.000,9999.000,9999.000,9999.000,9999.000
202605271424,   0.394,9999.000,9999.000,9999.000,9999.000,9999.000,9999.000,9999.000,9999.000
202605271430,   0.364,9999.000,9999.000,9999.000,9999.000,9999.000,9999.000,9999.000,9999.000
202605271436,   0.338,9999.000,9999.000,9999.000,9999.000,9999.000,9999.000,9999.000,9999.000
202605271442,   0.316,9999.000,9999.000,9999.000,9999.000,9999.000,9999.000,9999.000,9999.000
202605271448,   0.296,9999.000,9999.000,9999.000,9999.000,9999.000,9999.000,9999.000,9999.000
202605271454,   0.280,9999.000,9999.000,9999.000,9999.000,9999.000,9999.000,9999.000,9999.000
202605271500,   0.267,9999.000,   0.400,   0.010,   0.677,   0.300,   0.577,   0.500,   0.777
202605271506,   0.258,9999.000,9999.000,9999.000,9999.000,9999.000,9999.000,9999.000,9999.000
202605271512,   0.251,9999.000,9999.000,9999.000,9999.000,9999.000,9999.000,9999.000,9999.000
202605271518,   0.247,9999.000,9999.000,9999.000,9999.000,9999.000,9999.000,9999.000,9999.000
202605271524,   0.247,9999.000,9999.000,9999.000,9999.000,9999.000,9999.000,9999.000,9999.000
202605271530,   0.249,9999.000,9999.000,9999.000,9999.000,9999.000,9999.000,9999.000,9999.000
202605271536,   0.254,9999.000,9999.000,9999.000,9999.000,9999.000,9999.000,9999.000,9999.000
202605271542,   0.262,9999.000,9999.000,9999.000,9999.000,9999.000,9999.000,9999.000,9999.000
202605271548,   0.273,9999.000,9999.000,9999.000,9999.000,9999.000,9999.000,9999.000,9999.000
202605271554,   0.287,9999.000,9999.000,9999.000,9999.000,9999.000,9999.000,9999.000,9999.000
202605271600,   0.304,9999.000,   0.400,   0.010,   0.714,   0.300,   0.614,   0.500,   0.814
202605271606,   0.324,9999.000,9999.000,9999.000,9999.000,9999.000,9999.000,9999.000,9999.000
202605271612,   0.347,9999.000,9999.000,9999.000,9999.000,9999.000,9999.000,9999.000,9999.000
202605271618,   0.373,9999.000,9999.000,9999.000,9999.000,9999.000,9999.000,9999.000,9999.000
202605271624,   0.402,9999.000,9999.000,9999.000,9999.000,9999.000,9999.000,9999.000,9999.000
202605271630,   0.434,9999.000,9999.000,9999.000,9999.000,9999.000,9999.000,9999.000,9999.000
202605271636,   0.469,9999.000,9999.000,9999.000,9999.000,9999.000,9999.000,9999.000,9999.000
202605271642,   0.508,9999.000,9999.000,9999.000,9999.000,9999.000,9999.000,9999.000,9999.000
202605271648,   0.550,9999.000,9999.000,9999.000,9999.000,9999.000,9999.000,9999.000,9999.000
202605271654,   0.595,9999.000,9999.000,9999.000,9999.000,9999.000,9999.000,9999.000,9999.000
202605271700,   0.644,9999.000,   0.400,   0.010,   1.054,   0.300,   0.954,   0.500,   1.154
202605271706,   0.695,9999.000,9999.000,9999.000,9999.000,9999.000,9999.000,9999.000,9999.000
202605271712,   0.751,9999.000,9999.000,9999.000,9999.000,9999.000,9999.000,9999.000,9999.000
202605271718,   0.809,9999.000,9999.000,9999.000,9999.000,9999.000,9999.000,9999.000,9999.000
202605271724,   0.871,9999.000,9999.000,9999.000,9999.000,9999.000,9999.000,9999.000,9999.000
202605271730,   0.936,9999.000,9999.000,9999.000,9999.000,9999.000,9999.000,9999.000,9999.000
202605271736,   1.005,9999.000,9999.000,9999.000,9999.000,9999.000,9999.000,9999.000,9999.000
202605271742,   1.076,9999.000,9999.000,9999.000,9999.000,9999.000,9999.000,9999.000,9999.000
202605271748,   1.150,9999.000,9999.000,9999.000,9999.000,9999.000,9999.000,9999.000,9999.000
202605271754,   1.226,9999.000,9999.000,9999.000,9999.000,9999.000,9999.000,9999.000,9999.000
202605271800,   1.305,9999.000,   0.400,   0.010,   1.715,   0.300,   1.615,   0.500,   1.815
202605271806,   1.386,9999.000,9999.000,9999.000,9999.000,9999.000,9999.000,9999.000,9999.000
202605271812,   1.469,9999.000,9999.000,9999.000,9999.000,9999.000,9999.000,9999.000,9999.000
202605271818,   1.554,9999.000,9999.000,9999.000,9999.000,9999.000,9999.000,9999.000,9999.000
202605271824,   1.640,9999.000,9999.000,9999.000,9999.000,9999.000,9999.000,9999.000,9999.000
202605271830,   1.727,9999.000,9999.000,9999.000,9999.000,9999.000,9999.000,9999.000,9999.000
202605271836,   1.814,9999.000,9999.000,9999.000,9999.000,9999.000,9999.000,9999.000,9999.000
202605271842,   1.902,9999.000,9999.000,9999.000,9999.000,9999.000,9999.000,9999.000,9999.000
202605271848,   1.990,9999.000,9999.000,9999.000,9999.000,9999.000,9999.000,9999.000,9999.000
202605271854,   2.078,9999.000,9999.000,9999.000,9999.000,9999.000,9999.000,9999.000,9999.000
202605271900,   2.165,9999.000,   0.500,   0.010,   2.675,   0.400,   2.575,   0.600,   2.775
202605271906,   2.252,9999.000,9999.000,9999.000,9999.000,9999.000,9999.000,9999.000,9999.000
202605271912,   2.337,9999.000,9999.000,9999.000,9999.000,9999.000,9999.000,9999.000,9999.000
202605271918,   2.420,9999.000,9999.000,9999.000,9999.000,9999.000,9999.000,9999.000,9999.000
202605271924,   2.502,9999.000,9999.000,9999.000,9999.000,9999.000,9999.000,9999.000,9999.000
202605271930,   2.582,9999.000,9999.000,9999.000,9999.000,9999.000,9999.000,9999.000,9999.000
202605271936,   2.660,9999.000,9999.000,9999.000,9999.000,9999.000,9999.000,9999.000,9999.000
202605271942,   2.735,9999.000,9999.000,9999.000,9999.000,9999.000,9999.000,9999.000,9999.000
202605271948,   2.807,9999.000,9999.000,9999.000,9999.000,9999.000,9999.000,9999.000,9999.000
202605271954,   2.877,9999.000,9999.000,9999.000,9999.000,9999.000,9999.000,9999.000,9999.000
202605272000,   2.944,9999.000,   0.500,   0.010,   3.454,   0.400,   3.354,   0.500,   3.454
202605272006,   3.008,9999.000,9999.000,9999.000,9999.000,9999.000,9999.000,9999.000,9999.000
202605272012,   3.069,9999.000,9999.000,9999.000,9999.000,9999.000,9999.000,9999.000,9999.000
202605272018,   3.126,9999.000,9999.000,9999.000,9999.000,9999.000,9999.000,9999.000,9999.000
202605272024,   3.180,9999.000,9999.000,9999.000,9999.000,9999.000,9999.000,9999.000,9999.000
202605272030,   3.231,9999.000,9999.000,9999.000,9999.000,9999.000,9999.000,9999.000,9999.000
202605272036,   3.279,9999.000,9999.000,9999.000,9999.000,9999.000,9999.000,9999.000,9999.000
202605272042,   3.323,9999.000,9999.000,9999.000,9999.000,9999.000,9999.000,9999.000,9999.000
202605272048,   3.364,9999.000,9999.000,9999.000,9999.000,9999.000,9999.000,9999.000,9999.000
202605272054,   3.401,9999.000,9999.000,9999.000,9999.000,9999.000,9999.000,9999.000,9999.000
202605272100,   3.435,9999.000,   0.500,   0.010,   3.945,   0.400,   3.845,   0.600,   4.045
202605272106,   3.466,9999.000,9999.000,9999.000,9999.000,9999.000,9999.000,9999.000,9999.000
202605272112,   3.494,9999.000,9999.000,9999.000,9999.000,9999.000,9999.000,9999.000,9999.000
202605272118,   3.518,9999.000,9999.000,9999.000,9999.000,9999.000,9999.000,9999.000,9999.000
202605272124,   3.539,9999.000,9999.000,9999.000,9999.000,9999.000,9999.000,9999.000,9999.000
202605272130,   3.556,9999.000,9999.000,9999.000,9999.000,9999.000,9999.000,9999.000,9999.000
202605272136,   3.570,9999.000,9999.000,9999.000,9999.000,9999.000,9999.000,9999.000,9999.000
202605272142,   3.581,9999.000,9999.000,9999.000,9999.000,9999.000,9999.000,9999.000,9999.000
202605272148,   3.589,9999.000,9999.000,9999.000,9999.000,9999.000,9999.000,9999.000,9999.000
202605272154,   3.593,9999.000,9999.000,9999.000,9999.000,9999.000,9999.000,9999.000,9999.000
202605272200,   3.594,9999.000,   0.500,   0.010,   4.104,   0.400,   4.004,   0.600,   4.204
202605272206,   3.592,9999.000,9999.000,9999.000,9999.000,9999.000,9999.000,9999.000,9999.000
202605272212,   3.586,9999.000,9999.000,9999.000,9999.000,9999.000,9999.000,9999.000,9999.000
202605272218,   3.577,9999.000,9999.000,9999.000,9999.000,9999.000,9999.000,9999.000,9999.000
202605272224,   3.564,9999.000,9999.000,9999.000,9999.000,9999.000,9999.000,9999.000,9999.000
202605272230,   3.548,9999.000,9999.000,9999.000,9999.000,9999.000,9999.000,9999.000,9999.000
202605272236,   3.528,9999.000,9999.000,9999.000,9999.000,9999.000,9999.000,9999.000,9999.000
202605272242,   3.505,9999.000,9999.000,9999.000,9999.000,9999.000,9999.000,9999.000,9999.000
202605272248,   3.478,9999.000,9999.000,9999.000,9999.000,9999.000,9999.000,9999.000,9999.000
202605272254,   3.447,9999.000,9999.000,9999.000,9999.000,9999.000,9999.000,9999.000,9999.000
202605272300,   3.413,9999.000,   0.500,   0.010,   3.923,   0.400,   3.823,   0.600,   4.023
202605272306,   3.376,9999.000,9999.000,9999.000,9999.000,9999.000,9999.000,9999.000,9999.000
202605272312,   3.334,9999.000,9999.000,9999.000,9999.000,9999.000,9999.000,9999.000,9999.000
202605272318,   3.290,9999.000,9999.000,9999.000,9999.000,9999.000,9999.000,9999.000,9999.000
202605272324,   3.241,9999.000,9999.000,9999.000,9999.000,9999.000,9999.000,9999.000,9999.000
202605272330,   3.189,9999.000,9999.000,9999.000,9999.000,9999.000,9999.000,9999.000,9999.000
202605272336,   3.134,9999.000,9999.000,9999.000,9999.000,9999.000,9999.000,9999.000,9999.000
202605272342,   3.075,9999.000,9999.000,9999.000,9999.000,9999.000,9999.000,9999.000,9999.000
202605272348,   3.013,9999.000,9999.000,9999.000,9999.000,9999.000,9999.000,9999.000,9999.000
202605272354,   2.948,9999.000,9999.000,9999.000,9999.000,9999.000,9999.000,9999.000,9999.000
202605280000,   2.880,9999.000,   0.500,   0.010,   3.390,   0.400,   3.290,   0.600,   3.490
202605280006,   2.809,9999.000,9999.000,9999.000,9999.000,9999.000,9999.000,9999.000,9999.000
202605280012,   2.735,9999.000,9999.000,9999.000,9999.000,9999.000,9999.000,9999.000,9999.000
202605280018,   2.659,9999.000,9999.000,9999.000,9999.000,9999.000,9999.000,9999.000,9999.000
202605280024,   2.581,9999.000,9999.000,9999.000,9999.000,9999.000,9999.000,9999.000,9999.000
202605280030,   2.500,9999.000,9999.000,9999.000,9999.000,9999.000,9999.000,9999.000,9999.000
202605280036,   2.418,9999.000,9999.000,9999.000,9999.000,9999.000,9999.000,9999.000,9999.000
202605280042,   2.334,9999.000,9999.000,9999.000,9999.000,9999.000,9999.000,9999.000,9999.000
202605280048,   2.250,9999.000,9999.000,9999.000,9999.000,9999.000,9999.000,9999.000,9999.000
202605280054,   2.164,9999.000,9999.000,9999.000,9999.000,9999.000,9999.000,9999.000,9999.000
202605280100,   2.077,9999.000,   0.500,   0.010,   2.587,   0.400,   2.487,   0.600,   2.687
202605280106,   1.991,9999.000,9999.000,9999.000,9999.000,9999.000,9999.000,9999.000,9999.000
202605280112,   1.904,9999.000,9999.000,9999.000,9999.000,9999.000,9999.000,9999.000,9999.000
202605280118,   1.818,9999.000,9999.000,9999.000,9999.000,9999.000,9999.000,9999.000,9999.000
202605280124,   1.732,9999.000,9999.000,9999.000,9999.000,9999.000,9999.000,9999.000,9999.000
202605280130,   1.647,9999.000,9999.000,9999.000,9999.000,9999.000,9999.000,9999.000,9999.000
202605280136,   1.564,9999.000,9999.000,9999.000,9999.000,9999.000,9999.000,9999.000,9999.000
202605280142,   1.481,9999.000,9999.000,9999.000,9999.000,9999.000,9999.000,9999.000,9999.000
202605280148,   1.401,9999.000,9999.000,9999.000,9999.000,9999.000,9999.000,9999.000,9999.000
202605280154,   1.323,9999.000,9999.000,9999.000,9999.000,9999.000,9999.000,9999.000,9999.000
202605280200,   1.247,9999.000,   0.500,   0.010,   1.757,   0.400,   1.657,   0.600,   1.857
202605280206,   1.173,9999.000,9999.000,9999.000,9999.000,9999.000,9999.000,9999.000,9999.000
202605280212,   1.102,9999.000,9999.000,9999.000,9999.000,9999.000,9999.000,9999.000,9999.000
202605280218,   1.033,9999.000,9999.000,9999.000,9999.000,9999.000,9999.000,9999.000,9999.000
202605280224,   0.968,9999.000,9999.000,9999.000,9999.000,9999.000,9999.000,9999.000,9999.000
202605280230,   0.905,9999.000,9999.000,9999.000,9999.000,9999.000,9999.000,9999.000,9999.000
202605280236,   0.846,9999.000,9999.000,9999.000,9999.000,9999.000,9999.000,9999.000,9999.000
202605280242,   0.790,9999.000,9999.000,9999.000,9999.000,9999.000,9999.000,9999.000,9999.000
202605280248,   0.736,9999.000,9999.000,9999.000,9999.000,9999.000,9999.000,9999.000,9999.000
202605280254,   0.686,9999.000,9999.000,9999.000,9999.000,9999.000,9999.000,9999.000,9999.000
202605280300,   0.639,9999.000,   0.500,   0.010,   1.149,   0.400,   1.049,   0.600,   1.249
202605280306,   0.595,9999.000,9999.000,9999.000,9999.000,9999.000,9999.000,9999.000,9999.000
202605280312,   0.555,9999.000,9999.000,9999.000,9999.000,9999.000,9999.000,9999.000,9999.000
202605280318,   0.517,9999.000,9999.000,9999.000,9999.000,9999.000,9999.000,9999.000,9999.000
202605280324,   0.482,9999.000,9999.000,9999.000,9999.000,9999.000,9999.000,9999.000,9999.000
202605280330,   0.451,9999.000,9999.000,9999.000,9999.000,9999.000,9999.000,9999.000,9999.000
202605280336,   0.422,9999.000,9999.000,9999.000,9999.000,9999.000,9999.000,9999.000,9999.000
202605280342,   0.396,9999.000,9999.000,9999.000,9999.000,9999.000,9999.000,9999.000,9999.000
202605280348,   0.373,9999.000,9999.000,9999.000,9999.000,9999.000,9999.000,9999.000,9999.000
202605280354,   0.352,9999.000,9999.000,9999.000,9999.000,9999.000,9999.000,9999.000,9999.000
202605280400,   0.335,9999.000,   0.500,   0.010,   0.845,   0.400,   0.745,   0.600,   0.945
202605280406,   0.320,9999.000,9999.000,9999.000,9999.000,9999.000,9999.000,9999.000,9999.000
202605280412,   0.308,9999.000,9999.000,9999.000,9999.000,9999.000,9999.000,9999.000,9999.000
202605280418,   0.299,9999.000,9999.000,9999.000,9999.000,9999.000,9999.000,9999.000,9999.000
202605280424,   0.293,9999.000,9999.000,9999.000,9999.000,9999.000,9999.000,9999.000,9999.000
202605280430,   0.289,9999.000,9999.000,9999.000,9999.000,9999.000,9999.000,9999.000,9999.000
202605280436,   0.289,9999.000,9999.000,9999.000,9999.000,9999.000,9999.000,9999.000,9999.000
202605280442,   0.292,9999.000,9999.000,9999.000,9999.000,9999.000,9999.000,9999.000,9999.000
202605280448,   0.297,9999.000,9999.000,9999.000,9999.000,9999.000,9999.000,9999.000,9999.000
202605280454,   0.306,9999.000,9999.000,9999.000,9999.000,9999.000,9999.000,9999.000,9999.000
202605280500,   0.319,9999.000,   0.500,   0.010,   0.829,   0.400,   0.729,   0.600,   0.929
202605280506,   0.334,9999.000,9999.000,9999.000,9999.000,9999.000,9999.000,9999.000,9999.000
202605280512,   0.353,9999.000,9999.000,9999.000,9999.000,9999.000,9999.000,9999.000,9999.000
202605280518,   0.376,9999.000,9999.000,9999.000,9999.000,9999.000,9999.000,9999.000,9999.000
202605280524,   0.402,9999.000,9999.000,9999.000,9999.000,9999.000,9999.000,9999.000,9999.000
202605280530,   0.431,9999.000,9999.000,9999.000,9999.000,9999.000,9999.000,9999.000,9999.000
202605280536,   0.464,9999.000,9999.000,9999.000,9999.000,9999.000,9999.000,9999.000,9999.000
202605280542,   0.501,9999.000,9999.000,9999.000,9999.000,9999.000,9999.000,9999.000,9999.000
202605280548,   0.541,9999.000,9999.000,9999.000,9999.000,9999.000,9999.000,9999.000,9999.000
202605280554,   0.585,9999.000,9999.000,9999.000,9999.000,9999.000,9999.000,9999.000,9999.000
202605280600,   0.631,9999.000,   0.500,   0.010,   1.141,   0.400,   1.041,   0.600,   1.241
202605280606,   0.682,9999.000,9999.000,9999.000,9999.000,9999.000,9999.000,9999.000,9999.000
202605280612,   0.735,9999.000,9999.000,9999.000,9999.000,9999.000,9999.000,9999.000,9999.000
202605280618,   0.791,9999.000,9999.000,9999.000,9999.000,9999.000,9999.000,9999.000,9999.000
202605280624,   0.849,9999.000,9999.000,9999.000,9999.000,9999.000,9999.000,9999.000,9999.000
202605280630,   0.910,9999.000,9999.000,9999.000,9999.000,9999.000,9999.000,9999.000,9999.000
202605280636,   0.973,9999.000,9999.000,9999.000,9999.000,9999.000,9999.000,9999.000,9999.000
202605280642,   1.038,9999.000,9999.000,9999.000,9999.000,9999.000,9999.000,9999.000,9999.000
202605280648,   1.105,9999.000,9999.000,9999.000,9999.000,9999.000,9999.000,9999.000,9999.000
202605280654,   1.173,9999.000,9999.000,9999.000,9999.000,9999.000,9999.000,9999.000,9999.000
202605280700,   1.241,9999.000,   0.500,   0.010,   1.751,   0.400,   1.651,   0.700,   1.951
202605280706,   1.311,9999.000,9999.000,9999.000,9999.000,9999.000,9999.000,9999.000,9999.000
202605280712,   1.380,9999.000,9999.000,9999.000,9999.000,9999.000,9999.000,9999.000,9999.000
202605280718,   1.450,9999.000,9999.000,9999.000,9999.000,9999.000,9999.000,9999.000,9999.000
202605280724,   1.519,9999.000,9999.000,9999.000,9999.000,9999.000,9999.000,9999.000,9999.000
202605280730,   1.588,9999.000,9999.000,9999.000,9999.000,9999.000,9999.000,9999.000,9999.000
202605280736,   1.655,9999.000,9999.000,9999.000,9999.000,9999.000,9999.000,9999.000,9999.000
202605280742,   1.721,9999.000,9999.000,9999.000,9999.000,9999.000,9999.000,9999.000,9999.000
202605280748,   1.786,9999.000,9999.000,9999.000,9999.000,9999.000,9999.000,9999.000,9999.000
202605280754,   1.849,9999.000,9999.000,9999.000,9999.000,9999.000,9999.000,9999.000,9999.000
202605280800,   1.911,9999.000,   0.500,   0.010,   2.421,   0.400,   2.321,   0.700,   2.621
202605280806,   1.970,9999.000,9999.000,9999.000,9999.000,9999.000,9999.000,9999.000,9999.000
202605280812,   2.026,9999.000,9999.000,9999.000,9999.000,9999.000,9999.000,9999.000,9999.000
202605280818,   2.081,9999.000,9999.000,9999.000,9999.000,9999.000,9999.000,9999.000,9999.000
202605280824,   2.133,9999.000,9999.000,9999.000,9999.000,9999.000,9999.000,9999.000,9999.000
202605280830,   2.182,9999.000,9999.000,9999.000,9999.000,9999.000,9999.000,9999.000,9999.000
202605280836,   2.228,9999.000,9999.000,9999.000,9999.000,9999.000,9999.000,9999.000,9999.000
202605280842,   2.272,9999.000,9999.000,9999.000,9999.000,9999.000,9999.000,9999.000,9999.000
202605280848,   2.313,9999.000,9999.000,9999.000,9999.000,9999.000,9999.000,9999.000,9999.000
202605280854,   2.352,9999.000,9999.000,9999.000,9999.000,9999.000,9999.000,9999.000,9999.000
202605280900,   2.387,9999.000,   0.600,   0.010,   2.997,   0.400,   2.797,   0.700,   3.097
202605280906,   2.420,9999.000,9999.000,9999.000,9999.000,9999.000,9999.000,9999.000,9999.000
202605280912,   2.450,9999.000,9999.000,9999.000,9999.000,9999.000,9999.000,9999.000,9999.000
202605280918,   2.477,9999.000,9999.000,9999.000,9999.000,9999.000,9999.000,9999.000,9999.000
202605280924,   2.502,9999.000,9999.000,9999.000,9999.000,9999.000,9999.000,9999.000,9999.000
202605280930,   2.524,9999.000,9999.000,9999.000,9999.000,9999.000,9999.000,9999.000,9999.000
202605280936,   2.543,9999.000,9999.000,9999.000,9999.000,9999.000,9999.000,9999.000,9999.000
202605280942,   2.560,9999.000,9999.000,9999.000,9999.000,9999.000,9999.000,9999.000,9999.000
202605280948,   2.574,9999.000,9999.000,9999.000,9999.000,9999.000,9999.000,9999.000,9999.000
202605280954,   2.586,9999.000,9999.000,9999.000,9999.000,9999.000,9999.000,9999.000,9999.000
202605281000,   2.595,9999.000,   0.600,   0.010,   3.205,   0.400,   3.005,   0.700,   3.305
202605281006,   2.602,9999.000,9999.000,9999.000,9999.000,9999.000,9999.000,9999.000,9999.000
202605281012,   2.606,9999.000,9999.000,9999.000,9999.000,9999.000,9999.000,9999.000,9999.000
202605281018,   2.607,9999.000,9999.000,9999.000,9999.000,9999.000,9999.000,9999.000,9999.000
202605281024,   2.606,9999.000,9999.000,9999.000,9999.000,9999.000,9999.000,9999.000,9999.000
202605281030,   2.602,9999.000,9999.000,9999.000,9999.000,9999.000,9999.000,9999.000,9999.000
202605281036,   2.596,9999.000,9999.000,9999.000,9999.000,9999.000,9999.000,9999.000,9999.000
202605281042,   2.587,9999.000,9999.000,9999.000,9999.000,9999.000,9999.000,9999.000,9999.000
202605281048,   2.575,9999.000,9999.000,9999.000,9999.000,9999.000,9999.000,9999.000,9999.000
202605281054,   2.560,9999.000,9999.000,9999.000,9999.000,9999.000,9999.000,9999.000,9999.000
202605281100,   2.543,9999.000,   0.600,   0.010,   3.153,   0.500,   3.053,   0.700,   3.253
202605281106,   2.522,9999.000,9999.000,9999.000,9999.000,9999.000,9999.000,9999.000,9999.000
202605281112,   2.499,9999.000,9999.000,9999.000,9999.000,9999.000,9999.000,9999.000,9999.000
202605281118,   2.473,9999.000,9999.000,9999.000,9999.000,9999.000,9999.000,9999.000,9999.000
202605281124,   2.444,9999.000,9999.000,9999.000,9999.000,9999.000,9999.000,9999.000,9999.000
202605281130,   2.412,9999.000,9999.000,9999.000,9999.000,9999.000,9999.000,9999.000,9999.000
202605281136,   2.377,9999.000,9999.000,9999.000,9999.000,9999.000,9999.000,9999.000,9999.000
202605281142,   2.339,9999.000,9999.000,9999.000,9999.000,9999.000,9999.000,9999.000,9999.000
202605281148,   2.298,9999.000,9999.000,9999.000,9999.000,9999.000,9999.000,9999.000,9999.000
202605281154,   2.255,9999.000,9999.000,9999.000,9999.000,9999.000,9999.000,9999.000,9999.000
202605281200,   2.208,9999.000,   0.600,   0.010,   2.818,   0.500,   2.718,   0.800,   3.018
202605281206,   2.159,9999.000,9999.000,9999.000,9999.000,9999.000,9999.000,9999.000,9999.000
202605281212,   2.107,9999.000,9999.000,9999.000,9999.000,9999.000,9999.000,9999.000,9999.000
202605281218,   2.052,9999.000,9999.000,9999.000,9999.000,9999.000,9999.000,9999.000,9999.000
202605281224,   1.996,9999.000,9999.000,9999.000,9999.000,9999.000,9999.000,9999.000,9999.000
202605281230,   1.937,9999.000,9999.000,9999.000,9999.000,9999.000,9999.000,9999.000,9999.000
202605281236,   1.875,9999.000,9999.000,9999.000,9999.000,9999.000,9999.000,9999.000,9999.000
202605281242,   1.813,9999.000,9999.000,9999.000,9999.000,9999.000,9999.000,9999.000,9999.000
202605281248,   1.748,9999.000,9999.000,9999.000,9999.000,9999.000,9999.000,9999.000,9999.000
202605281254,   1.682,9999.000,9999.000,9999.000,9999.000,9999.000,9999.000,9999.000,9999.000
202605281300,   1.615,9999.000,   0.600,   0.010,   2.225,   0.500,   2.125,   0.800,   2.425
202605281306,   1.547,9999.000,9999.000,9999.000,9999.000,9999.000,9999.000,9999.000,9999.000
202605281312,   1.478,9999.000,9999.000,9999.000,9999.000,9999.000,9999.000,9999.000,9999.000
202605281318,   1.409,9999.000,9999.000,9999.000,9999.000,9999.000,9999.000,9999.000,9999.000
202605281324,   1.340,9999.000,9999.000,9999.000,9999.000,9999.000,9999.000,9999.000,9999.000
202605281330,   1.272,9999.000,9999.000,9999.000,9999.000,9999.000,9999.000,9999.000,9999.000
202605281336,   1.204,9999.000,9999.000,9999.000,9999.000,9999.000,9999.000,9999.000,9999.000
202605281342,   1.136,9999.000,9999.000,9999.000,9999.000,9999.000,9999.000,9999.000,9999.000
202605281348,   1.070,9999.000,9999.000,9999.000,9999.000,9999.000,9999.000,9999.000,9999.000
202605281354,   1.005,9999.000,9999.000,9999.000,9999.000,9999.000,9999.000,9999.000,9999.000
202605281400,   0.942,9999.000,   0.700,   0.010,   1.652,   0.600,   1.552,   0.900,   1.852
202605281406,   0.881,9999.000,9999.000,9999.000,9999.000,9999.000,9999.000,9999.000,9999.000
202605281412,   0.823,9999.000,9999.000,9999.000,9999.000,9999.000,9999.000,9999.000,9999.000
202605281418,   0.766,9999.000,9999.000,9999.000,9999.000,9999.000,9999.000,9999.000,9999.000
202605281424,   0.712,9999.000,9999.000,9999.000,9999.000,9999.000,9999.000,9999.000,9999.000
202605281430,   0.661,9999.000,9999.000,9999.000,9999.000,9999.000,9999.000,9999.000,9999.000
202605281436,   0.613,9999.000,9999.000,9999.000,9999.000,9999.000,9999.000,9999.000,9999.000
202605281442,   0.567,9999.000,9999.000,9999.000,9999.000,9999.000,9999.000,9999.000,9999.000
202605281448,   0.525,9999.000,9999.000,9999.000,9999.000,9999.000,9999.000,9999.000,9999.000
202605281454,   0.486,9999.000,9999.000,9999.000,9999.000,9999.000,9999.000,9999.000,9999.000
202605281500,   0.451,9999.000,   0.700,   0.010,   1.161,   0.600,   1.061,   0.900,   1.361
202605281506,   0.418,9999.000,9999.000,9999.000,9999.000,9999.000,9999.000,9999.000,9999.000
202605281512,   0.389,9999.000,9999.000,9999.000,9999.000,9999.000,9999.000,9999.000,9999.000
202605281518,   0.363,9999.000,9999.000,9999.000,9999.000,9999.000,9999.000,9999.000,9999.000
202605281524,   0.341,9999.000,9999.000,9999.000,9999.000,9999.000,9999.000,9999.000,9999.000
202605281530,   0.321,9999.000,9999.000,9999.000,9999.000,9999.000,9999.000,9999.000,9999.000
202605281536,   0.305,9999.000,9999.000,9999.000,9999.000,9999.000,9999.000,9999.000,9999.000
202605281542,   0.292,9999.000,9999.000,9999.000,9999.000,9999.000,9999.000,9999.000,9999.000
202605281548,   0.282,9999.000,9999.000,9999.000,9999.000,9999.000,9999.000,9999.000,9999.000
202605281554,   0.275,9999.000,9999.000,9999.000,9999.000,9999.000,9999.000,9999.000,9999.000
202605281600,   0.271,9999.000,   0.700,   0.010,   0.981,   0.600,   0.881,   0.900,   1.181
202605281606,   0.269,9999.000,9999.000,9999.000,9999.000,9999.000,9999.000,9999.000,9999.000
202605281612,   0.271,9999.000,9999.000,9999.000,9999.000,9999.000,9999.000,9999.000,9999.000
202605281618,   0.276,9999.000,9999.000,9999.000,9999.000,9999.000,9999.000,9999.000,9999.000
202605281624,   0.283,9999.000,9999.000,9999.000,9999.000,9999.000,9999.000,9999.000,9999.000
202605281630,   0.293,9999.000,9999.000,9999.000,9999.000,9999.000,9999.000,9999.000,9999.000
202605281636,   0.306,9999.000,9999.000,9999.000,9999.000,9999.000,9999.000,9999.000,9999.000
202605281642,   0.322,9999.000,9999.000,9999.000,9999.000,9999.000,9999.000,9999.000,9999.000
202605281648,   0.341,9999.000,9999.000,9999.000,9999.000,9999.000,9999.000,9999.000,9999.000
202605281654,   0.363,9999.000,9999.000,9999.000,9999.000,9999.000,9999.000,9999.000,9999.000
202605281700,   0.387,9999.000,   0.700,   0.010,   1.097,   0.600,   0.997,   0.900,   1.297
202605281706,   0.415,9999.000,9999.000,9999.000,9999.000,9999.000,9999.000,9999.000,9999.000
202605281712,   0.446,9999.000,9999.000,9999.000,9999.000,9999.000,9999.000,9999.000,9999.000
202605281718,   0.481,9999.000,9999.000,9999.000,9999.000,9999.000,9999.000,9999.000,9999.000
202605281724,   0.518,9999.000,9999.000,9999.000,9999.000,9999.000,9999.000,9999.000,9999.000
202605281730,   0.559,9999.000,9999.000,9999.000,9999.000,9999.000,9999.000,9999.000,9999.000
202605281736,   0.604,9999.000,9999.000,9999.000,9999.000,9999.000,9999.000,9999.000,9999.000
202605281742,   0.651,9999.000,9999.000,9999.000,9999.000,9999.000,9999.000,9999.000,9999.000
202605281748,   0.703,9999.000,9999.000,9999.000,9999.000,9999.000,9999.000,9999.000,9999.000
202605281754,   0.758,9999.000,9999.000,9999.000,9999.000,9999.000,9999.000,9999.000,9999.000
202605281800,   0.816,9999.000,   0.800,   0.010,   1.626,   0.600,   1.426,   0.900,   1.726
202605281806,   0.878,9999.000,9999.000,9999.000,9999.000,9999.000,9999.000,9999.000,9999.000
202605281812,   0.944,9999.000,9999.000,9999.000,9999.000,9999.000,9999.000,9999.000,9999.000
202605281818,   1.012,9999.000,9999.000,9999.000,9999.000,9999.000,9999.000,9999.000,9999.000
202605281824,   1.084,9999.000,9999.000,9999.000,9999.000,9999.000,9999.000,9999.000,9999.000
202605281830,   1.159,9999.000,9999.000,9999.000,9999.000,9999.000,9999.000,9999.000,9999.000
202605281836,   1.236,9999.000,9999.000,9999.000,9999.000,9999.000,9999.000,9999.000,9999.000
202605281842,   1.317,9999.000,9999.000,9999.000,9999.000,9999.000,9999.000,9999.000,9999.000
202605281848,   1.399,9999.000,9999.000,9999.000,9999.000,9999.000,9999.000,9999.000,9999.000
202605281854,   1.484,9999.000,9999.000,9999.000,9999.000,9999.000,9999.000,9999.000,9999.000
202605281900,   1.571,9999.000,   0.800,   0.010,   2.381,   0.600,   2.181,   0.900,   2.481
202605281906,   1.659,9999.000,9999.000,9999.000,9999.000,9999.000,9999.000,9999.000,9999.000
202605281912,   1.748,9999.000,9999.000,9999.000,9999.000,9999.000,9999.000,9999.000,9999.000
202605281918,   1.838,9999.000,9999.000,9999.000,9999.000,9999.000,9999.000,9999.000,9999.000
202605281924,   1.928,9999.000,9999.000,9999.000,9999.000,9999.000,9999.000,9999.000,9999.000
202605281930,   2.019,9999.000,9999.000,9999.000,9999.000,9999.000,9999.000,9999.000,9999.000
202605281936,   2.109,9999.000,9999.000,9999.000,9999.000,9999.000,9999.000,9999.000,9999.000
202605281942,   2.198,9999.000,9999.000,9999.000,9999.000,9999.000,9999.000,9999.000,9999.000
202605281948,   2.287,9999.000,9999.000,9999.000,9999.000,9999.000,9999.000,9999.000,9999.000
202605281954,   2.375,9999.000,9999.000,9999.000,9999.000,9999.000,9999.000,9999.000,9999.000
202605282000,   2.461,9999.000,   0.800,   0.010,   3.271,   0.600,   3.071,   0.900,   3.371
202605282006,   2.545,9999.000,9999.000,9999.000,9999.000,9999.000,9999.000,9999.000,9999.000
202605282012,   2.626,9999.000,9999.000,9999.000,9999.000,9999.000,9999.000,9999.000,9999.000
202605282018,   2.706,9999.000,9999.000,9999.000,9999.000,9999.000,9999.000,9999.000,9999.000
202605282024,   2.783,9999.000,9999.000,9999.000,9999.000,9999.000,9999.000,9999.000,9999.000
202605282030,   2.857,9999.000,9999.000,9999.000,9999.000,9999.000,9999.000,9999.000,9999.000
202605282036,   2.928,9999.000,9999.000,9999.000,9999.000,9999.000,9999.000,9999.000,9999.000
202605282042,   2.996,9999.000,9999.000,9999.000,9999.000,9999.000,9999.000,9999.000,9999.000
202605282048,   3.061,9999.000,9999.000,9999.000,9999.000,9999.000,9999.000,9999.000,9999.000
202605282054,   3.123,9999.000,9999.000,9999.000,9999.000,9999.000,9999.000,9999.000,9999.000
202605282100,   3.181,9999.000,   0.800,   0.010,   3.991,   0.700,   3.891,   0.900,   4.091
202605282106,   3.236,9999.000,9999.000,9999.000,9999.000,9999.000,9999.000,9999.000,9999.000
202605282112,   3.287,9999.000,9999.000,9999.000,9999.000,9999.000,9999.000,9999.000,9999.000
202605282118,   3.335,9999.000,9999.000,9999.000,9999.000,9999.000,9999.000,9999.000,9999.000
202605282124,   3.379,9999.000,9999.000,9999.000,9999.000,9999.000,9999.000,9999.000,9999.000
202605282130,   3.420,9999.000,9999.000,9999.000,9999.000,9999.000,9999.000,9999.000,9999.000
202605282136,   3.458,9999.000,9999.000,9999.000,9999.000,9999.000,9999.000,9999.000,9999.000
202605282142,   3.492,9999.000,9999.000,9999.000,9999.000,9999.000,9999.000,9999.000,9999.000
202605282148,   3.522,9999.000,9999.000,9999.000,9999.000,9999.000,9999.000,9999.000,9999.000
202605282154,   3.550,9999.000,9999.000,9999.000,9999.000,9999.000,9999.000,9999.000,9999.000
202605282200,   3.574,9999.000,   0.800,   0.010,   4.384,   0.700,   4.284,   0.900,   4.484
202605282206,   3.594,9999.000,9999.000,9999.000,9999.000,9999.000,9999.000,9999.000,9999.000
202605282212,   3.611,9999.000,9999.000,9999.000,9999.000,9999.000,9999.000,9999.000,9999.000
202605282218,   3.625,9999.000,9999.000,9999.000,9999.000,9999.000,9999.000,9999.000,9999.000
202605282224,   3.636,9999.000,9999.000,9999.000,9999.000,9999.000,9999.000,9999.000,9999.000
202605282230,   3.643,9999.000,9999.000,9999.000,9999.000,9999.000,9999.000,9999.000,9999.000
202605282236,   3.647,9999.000,9999.000,9999.000,9999.000,9999.000,9999.000,9999.000,9999.000
202605282242,   3.647,9999.000,9999.000,9999.000,9999.000,9999.000,9999.000,9999.000,9999.000
202605282248,   3.644,9999.000,9999.000,9999.000,9999.000,9999.000,9999.000,9999.000,9999.000
202605282254,   3.637,9999.000,9999.000,9999.000,9999.000,9999.000,9999.000,9999.000,9999.000
202605282300,   3.627,9999.000,   0.800,   0.010,   4.437,   0.700,   4.337,   0.900,   4.537
202605282306,   3.614,9999.000,9999.000,9999.000,9999.000,9999.000,9999.000,9999.000,9999.000
202605282312,   3.597,9999.000,9999.000,9999.000,9999.000,9999.000,9999.000,9999.000,9999.000
202605282318,   3.576,9999.000,9999.000,9999.000,9999.000,9999.000,9999.000,9999.000,9999.000
202605282324,   3.552,9999.000,9999.000,9999.000,9999.000,9999.000,9999.000,9999.000,9999.000
202605282330,   3.524,9999.000,9999.000,9999.000,9999.000,9999.000,9999.000,9999.000,9999.000
202605282336,   3.492,9999.000,9999.000,9999.000,9999.000,9999.000,9999.000,9999.000,9999.000
202605282342,   3.456,9999.000,9999.000,9999.000,9999.000,9999.000,9999.000,9999.000,9999.000
202605282348,   3.417,9999.000,9999.000,9999.000,9999.000,9999.000,9999.000,9999.000,9999.000
202605282354,   3.374,9999.000,9999.000,9999.000,9999.000,9999.000,9999.000,9999.000,9999.000
202605290000,   3.328,9999.000,   0.800,   0.010,   4.138,   0.700,   4.038,   0.900,   4.238
