        TIME,    TIDE,      OB,   SURGE,    BIAS,     TWL,SURGE90p,  TWL90p,SURGE10p,   TWL10p
202607160000,   0.566,9999.000,   0.000,9999.000,   0.566,   0.000,   0.566,   0.100,   0.666
202607160006,   0.529,9999.000,9999.000,9999.000,9999.000,9999.000,9999.000,9999.000,9999.000
202607160012,   0.494,9999.000,9999.000,9999.000,9999.000,9999.000,9999.000,9999.000,9999.000
202607160018,   0.460,9999.000,9999.000,9999.000,9999.000,9999.000,9999.000,9999.000,9999.000
202607160024,   0.427,9999.000,9999.000,9999.000,9999.000,9999.000,9999.000,9999.000,9999.000
202607160030,   0.395,9999.000,9999.000,9999.000,9999.000,9999.000,9999.000,9999.000,9999.000
202607160036,   0.365,9999.000,9999.000,9999.000,9999.000,9999.000,9999.000,9999.000,9999.000
202607160042,   0.336,9999.000,9999.000,9999.000,9999.000,9999.000,9999.000,9999.000,9999.000
202607160048,   0.309,9999.000,9999.000,9999.000,9999.000,9999.000,9999.000,9999.000,9999.000
202607160054,   0.285,9999.000,9999.000,9999.000,9999.000,9999.000,9999.000,9999.000,9999.000
202607160100,   0.263,9999.000,   0.000,9999.000,   0.263,   0.000,   0.263,   0.100,   0.363
202607160106,   0.243,9999.000,9999.000,9999.000,9999.000,9999.000,9999.000,9999.000,9999.000
202607160112,   0.226,9999.000,9999.000,9999.000,9999.000,9999.000,9999.000,9999.000,9999.000
202607160118,   0.212,9999.000,9999.000,9999.000,9999.000,9999.000,9999.000,9999.000,9999.000
202607160124,   0.201,9999.000,9999.000,9999.000,9999.000,9999.000,9999.000,9999.000,9999.000
202607160130,   0.194,9999.000,9999.000,9999.000,9999.000,9999.000,9999.000,9999.000,9999.000
202607160136,   0.189,9999.000,9999.000,9999.000,9999.000,9999.000,9999.000,9999.000,9999.000
202607160142,   0.188,9999.000,9999.000,9999.000,9999.000,9999.000,9999.000,9999.000,9999.000
202607160148,   0.190,9999.000,9999.000,9999.000,9999.000,9999.000,9999.000,9999.000,9999.000
202607160154,   0.194,9999.000,9999.000,9999.000,9999.000,9999.000,9999.000,9999.000,9999.000
202607160200,   0.202,9999.000,   0.000,9999.000,   0.202,   0.000,   0.202,   0.100,   0.302
202607160206,   0.213,9999.000,9999.000,9999.000,9999.000,9999.000,9999.000,9999.000,9999.000
202607160212,   0.226,9999.000,9999.000,9999.000,9999.000,9999.000,9999.000,9999.000,9999.000
202607160218,   0.243,9999.000,9999.000,9999.000,9999.000,9999.000,9999.000,9999.000,9999.000
202607160224,   0.261,9999.000,9999.000,9999.000,9999.000,9999.000,9999.000,9999.000,9999.000
202607160230,   0.282,9999.000,9999.000,9999.000,9999.000,9999.000,9999.000,9999.000,9999.000
202607160236,   0.305,9999.000,9999.000,9999.000,9999.000,9999.000,9999.000,9999.000,9999.000
202607160242,   0.330,9999.000,9999.000,9999.000,9999.000,9999.000,9999.000,9999.000,9999.000
202607160248,   0.356,9999.000,9999.000,9999.000,9999.000,9999.000,9999.000,9999.000,9999.000
202607160254,   0.385,9999.000,9999.000,9999.000,9999.000,9999.000,9999.000,9999.000,9999.000
202607160300,   0.414,9999.000,   0.000,9999.000,   0.414,   0.000,   0.414,   0.000,   0.414
202607160306,   0.445,9999.000,9999.000,9999.000,9999.000,9999.000,9999.000,9999.000,9999.000
202607160312,   0.478,9999.000,9999.000,9999.000,9999.000,9999.000,9999.000,9999.000,9999.000
202607160318,   0.511,9999.000,9999.000,9999.000,9999.000,9999.000,9999.000,9999.000,9999.000
202607160324,   0.545,9999.000,9999.000,9999.000,9999.000,9999.000,9999.000,9999.000,9999.000
202607160330,   0.580,9999.000,9999.000,9999.000,9999.000,9999.000,9999.000,9999.000,9999.000
202607160336,   0.616,9999.000,9999.000,9999.000,9999.000,9999.000,9999.000,9999.000,9999.000
202607160342,   0.652,9999.000,9999.000,9999.000,9999.000,9999.000,9999.000,9999.000,9999.000
202607160348,   0.688,9999.000,9999.000,9999.000,9999.000,9999.000,9999.000,9999.000,9999.000
202607160354,   0.725,9999.000,9999.000,9999.000,9999.000,9999.000,9999.000,9999.000,9999.000
202607160400,   0.762,9999.000,   0.000,9999.000,   0.762,   0.000,   0.762,   0.000,   0.762
202607160406,   0.799,9999.000,9999.000,9999.000,9999.000,9999.000,9999.000,9999.000,9999.000
202607160412,   0.837,9999.000,9999.000,9999.000,9999.000,9999.000,9999.000,9999.000,9999.000
202607160418,   0.874,9999.000,9999.000,9999.000,9999.000,9999.000,9999.000,9999.000,9999.000
202607160424,   0.911,9999.000,9999.000,9999.000,9999.000,9999.000,9999.000,9999.000,9999.000
202607160430,   0.948,9999.000,9999.000,9999.000,9999.000,9999.000,9999.000,9999.000,9999.000
202607160436,   0.985,9999.000,9999.000,9999.000,9999.000,9999.000,9999.000,9999.000,9999.000
202607160442,   1.021,9999.000,9999.000,9999.000,9999.000,9999.000,9999.000,9999.000,9999.000
202607160448,   1.057,9999.000,9999.000,9999.000,9999.000,9999.000,9999.000,9999.000,9999.000
202607160454,   1.093,9999.000,9999.000,9999.000,9999.000,9999.000,9999.000,9999.000,9999.000
202607160500,   1.128,9999.000,   0.000,9999.000,   1.128,   0.000,   1.128,   0.000,   1.128
202607160506,   1.162,9999.000,9999.000,9999.000,9999.000,9999.000,9999.000,9999.000,9999.000
202607160512,   1.196,9999.000,9999.000,9999.000,9999.000,9999.000,9999.000,9999.000,9999.000
202607160518,   1.230,9999.000,9999.000,9999.000,9999.000,9999.000,9999.000,9999.000,9999.000
202607160524,   1.263,9999.000,9999.000,9999.000,9999.000,9999.000,9999.000,9999.000,9999.000
202607160530,   1.295,9999.000,9999.000,9999.000,9999.000,9999.000,9999.000,9999.000,9999.000
202607160536,   1.326,9999.000,9999.000,9999.000,9999.000,9999.000,9999.000,9999.000,9999.000
202607160542,   1.357,9999.000,9999.000,9999.000,9999.000,9999.000,9999.000,9999.000,9999.000
202607160548,   1.387,9999.000,9999.000,9999.000,9999.000,9999.000,9999.000,9999.000,9999.000
202607160554,   1.416,9999.000,9999.000,9999.000,9999.000,9999.000,9999.000,9999.000,9999.000
202607160600,   1.444,9999.000,   0.000,9999.000,   1.444,   0.000,   1.444,   0.000,   1.444
202607160606,   1.471,9999.000,9999.000,9999.000,9999.000,9999.000,9999.000,9999.000,9999.000
202607160612,   1.498,9999.000,9999.000,9999.000,9999.000,9999.000,9999.000,9999.000,9999.000
202607160618,   1.523,9999.000,9999.000,9999.000,9999.000,9999.000,9999.000,9999.000,9999.000
202607160624,   1.548,9999.000,9999.000,9999.000,9999.000,9999.000,9999.000,9999.000,9999.000
202607160630,   1.572,9999.000,9999.000,9999.000,9999.000,9999.000,9999.000,9999.000,9999.000
202607160636,   1.595,9999.000,9999.000,9999.000,9999.000,9999.000,9999.000,9999.000,9999.000
202607160642,   1.617,9999.000,9999.000,9999.000,9999.000,9999.000,9999.000,9999.000,9999.000
202607160648,   1.638,9999.000,9999.000,9999.000,9999.000,9999.000,9999.000,9999.000,9999.000
202607160654,   1.658,9999.000,9999.000,9999.000,9999.000,9999.000,9999.000,9999.000,9999.000
202607160700,   1.677,9999.000,   0.000,9999.000,   1.677,   0.000,   1.677,   0.000,   1.677
202607160706,   1.695,9999.000,9999.000,9999.000,9999.000,9999.000,9999.000,9999.000,9999.000
202607160712,   1.712,9999.000,9999.000,9999.000,9999.000,9999.000,9999.000,9999.000,9999.000
202607160718,   1.728,9999.000,9999.000,9999.000,9999.000,9999.000,9999.000,9999.000,9999.000
202607160724,   1.743,9999.000,9999.000,9999.000,9999.000,9999.000,9999.000,9999.000,9999.000
202607160730,   1.756,9999.000,9999.000,9999.000,9999.000,9999.000,9999.000,9999.000,9999.000
202607160736,   1.769,9999.000,9999.000,9999.000,9999.000,9999.000,9999.000,9999.000,9999.000
202607160742,   1.780,9999.000,9999.000,9999.000,9999.000,9999.000,9999.000,9999.000,9999.000
202607160748,   1.791,9999.000,9999.000,9999.000,9999.000,9999.000,9999.000,9999.000,9999.000
202607160754,   1.800,9999.000,9999.000,9999.000,9999.000,9999.000,9999.000,9999.000,9999.000
202607160800,   1.807,9999.000,   0.000,9999.000,   1.807,   0.000,   1.807,   0.000,   1.807
202607160806,   1.814,9999.000,9999.000,9999.000,9999.000,9999.000,9999.000,9999.000,9999.000
202607160812,   1.818,9999.000,9999.000,9999.000,9999.000,9999.000,9999.000,9999.000,9999.000
202607160818,   1.822,9999.000,9999.000,9999.000,9999.000,9999.000,9999.000,9999.000,9999.000
202607160824,   1.824,9999.000,9999.000,9999.000,9999.000,9999.000,9999.000,9999.000,9999.000
202607160830,   1.824,9999.000,9999.000,9999.000,9999.000,9999.000,9999.000,9999.000,9999.000
202607160836,   1.822,9999.000,9999.000,9999.000,9999.000,9999.000,9999.000,9999.000,9999.000
202607160842,   1.819,9999.000,9999.000,9999.000,9999.000,9999.000,9999.000,9999.000,9999.000
202607160848,   1.814,9999.000,9999.000,9999.000,9999.000,9999.000,9999.000,9999.000,9999.000
202607160854,   1.807,9999.000,9999.000,9999.000,9999.000,9999.000,9999.000,9999.000,9999.000
202607160900,   1.798,9999.000,   0.000,9999.000,   1.798,   0.000,   1.798,   0.000,   1.798
202607160906,   1.787,9999.000,9999.000,9999.000,9999.000,9999.000,9999.000,9999.000,9999.000
202607160912,   1.773,9999.000,9999.000,9999.000,9999.000,9999.000,9999.000,9999.000,9999.000
202607160918,   1.758,9999.000,9999.000,9999.000,9999.000,9999.000,9999.000,9999.000,9999.000
202607160924,   1.740,9999.000,9999.000,9999.000,9999.000,9999.000,9999.000,9999.000,9999.000
202607160930,   1.720,9999.000,9999.000,9999.000,9999.000,9999.000,9999.000,9999.000,9999.000
202607160936,   1.698,9999.000,9999.000,9999.000,9999.000,9999.000,9999.000,9999.000,9999.000
202607160942,   1.674,9999.000,9999.000,9999.000,9999.000,9999.000,9999.000,9999.000,9999.000
202607160948,   1.649,9999.000,9999.000,9999.000,9999.000,9999.000,9999.000,9999.000,9999.000
202607160954,   1.621,9999.000,9999.000,9999.000,9999.000,9999.000,9999.000,9999.000,9999.000
202607161000,   1.592,9999.000,   0.000,9999.000,   1.592,   0.000,   1.592,   0.000,   1.592
202607161006,   1.561,9999.000,9999.000,9999.000,9999.000,9999.000,9999.000,9999.000,9999.000
202607161012,   1.530,9999.000,9999.000,9999.000,9999.000,9999.000,9999.000,9999.000,9999.000
202607161018,   1.497,9999.000,9999.000,9999.000,9999.000,9999.000,9999.000,9999.000,9999.000
202607161024,   1.463,9999.000,9999.000,9999.000,9999.000,9999.000,9999.000,9999.000,9999.000
202607161030,   1.429,9999.000,9999.000,9999.000,9999.000,9999.000,9999.000,9999.000,9999.000
202607161036,   1.394,9999.000,9999.000,9999.000,9999.000,9999.000,9999.000,9999.000,9999.000
202607161042,   1.359,9999.000,9999.000,9999.000,9999.000,9999.000,9999.000,9999.000,9999.000
202607161048,   1.323,9999.000,9999.000,9999.000,9999.000,9999.000,9999.000,9999.000,9999.000
202607161054,   1.287,9999.000,9999.000,9999.000,9999.000,9999.000,9999.000,9999.000,9999.000
202607161100,   1.251,9999.000,   0.000,9999.000,   1.251,   0.000,   1.251,   0.000,   1.251
202607161106,   1.214,9999.000,9999.000,9999.000,9999.000,9999.000,9999.000,9999.000,9999.000
202607161112,   1.176,9999.000,9999.000,9999.000,9999.000,9999.000,9999.000,9999.000,9999.000
202607161118,   1.139,9999.000,9999.000,9999.000,9999.000,9999.000,9999.000,9999.000,9999.000
202607161124,   1.101,9999.000,9999.000,9999.000,9999.000,9999.000,9999.000,9999.000,9999.000
202607161130,   1.062,9999.000,9999.000,9999.000,9999.000,9999.000,9999.000,9999.000,9999.000
202607161136,   1.023,9999.000,9999.000,9999.000,9999.000,9999.000,9999.000,9999.000,9999.000
202607161142,   0.984,9999.000,9999.000,9999.000,9999.000,9999.000,9999.000,9999.000,9999.000
202607161148,   0.945,9999.000,9999.000,9999.000,9999.000,9999.000,9999.000,9999.000,9999.000
202607161154,   0.905,9999.000,9999.000,9999.000,9999.000,9999.000,9999.000,9999.000,9999.000
202607161200,   0.864,9999.000,   0.100,9999.000,   0.964,   0.000,   0.864,   0.100,   0.964
202607161206,   0.824,9999.000,9999.000,9999.000,9999.000,9999.000,9999.000,9999.000,9999.000
202607161212,   0.783,9999.000,9999.000,9999.000,9999.000,9999.000,9999.000,9999.000,9999.000
202607161218,   0.742,9999.000,9999.000,9999.000,9999.000,9999.000,9999.000,9999.000,9999.000
202607161224,   0.701,9999.000,9999.000,9999.000,9999.000,9999.000,9999.000,9999.000,9999.000
202607161230,   0.659,9999.000,9999.000,9999.000,9999.000,9999.000,9999.000,9999.000,9999.000
202607161236,   0.618,9999.000,9999.000,9999.000,9999.000,9999.000,9999.000,9999.000,9999.000
202607161242,   0.577,9999.000,9999.000,9999.000,9999.000,9999.000,9999.000,9999.000,9999.000
202607161248,   0.535,9999.000,9999.000,9999.000,9999.000,9999.000,9999.000,9999.000,9999.000
202607161254,   0.495,9999.000,9999.000,9999.000,9999.000,9999.000,9999.000,9999.000,9999.000
202607161300,   0.455,9999.000,   0.100,9999.000,   0.555,   0.000,   0.455,   0.100,   0.555
202607161306,   0.416,9999.000,9999.000,9999.000,9999.000,9999.000,9999.000,9999.000,9999.000
202607161312,   0.378,9999.000,9999.000,9999.000,9999.000,9999.000,9999.000,9999.000,9999.000
202607161318,   0.341,9999.000,9999.000,9999.000,9999.000,9999.000,9999.000,9999.000,9999.000
202607161324,   0.306,9999.000,9999.000,9999.000,9999.000,9999.000,9999.000,9999.000,9999.000
202607161330,   0.274,9999.000,9999.000,9999.000,9999.000,9999.000,9999.000,9999.000,9999.000
202607161336,   0.243,9999.000,9999.000,9999.000,9999.000,9999.000,9999.000,9999.000,9999.000
202607161342,   0.216,9999.000,9999.000,9999.000,9999.000,9999.000,9999.000,9999.000,9999.000
202607161348,   0.192,9999.000,9999.000,9999.000,9999.000,9999.000,9999.000,9999.000,9999.000
202607161354,   0.171,9999.000,9999.000,9999.000,9999.000,9999.000,9999.000,9999.000,9999.000
202607161400,   0.154,9999.000,   0.100,9999.000,   0.254,   0.000,   0.154,   0.100,   0.254
202607161406,   0.140,9999.000,9999.000,9999.000,9999.000,9999.000,9999.000,9999.000,9999.000
202607161412,   0.131,9999.000,9999.000,9999.000,9999.000,9999.000,9999.000,9999.000,9999.000
202607161418,   0.125,9999.000,9999.000,9999.000,9999.000,9999.000,9999.000,9999.000,9999.000
202607161424,   0.122,9999.000,9999.000,9999.000,9999.000,9999.000,9999.000,9999.000,9999.000
202607161430,   0.124,9999.000,9999.000,9999.000,9999.000,9999.000,9999.000,9999.000,9999.000
202607161436,   0.128,9999.000,9999.000,9999.000,9999.000,9999.000,9999.000,9999.000,9999.000
202607161442,   0.136,9999.000,9999.000,9999.000,9999.000,9999.000,9999.000,9999.000,9999.000
202607161448,   0.148,9999.000,9999.000,9999.000,9999.000,9999.000,9999.000,9999.000,9999.000
202607161454,   0.162,9999.000,9999.000,9999.000,9999.000,9999.000,9999.000,9999.000,9999.000
202607161500,   0.178,9999.000,   0.100,9999.000,   0.278,   0.000,   0.178,   0.100,   0.278
202607161506,   0.198,9999.000,9999.000,9999.000,9999.000,9999.000,9999.000,9999.000,9999.000
202607161512,   0.219,9999.000,9999.000,9999.000,9999.000,9999.000,9999.000,9999.000,9999.000
202607161518,   0.243,9999.000,9999.000,9999.000,9999.000,9999.000,9999.000,9999.000,9999.000
202607161524,   0.268,9999.000,9999.000,9999.000,9999.000,9999.000,9999.000,9999.000,9999.000
202607161530,   0.295,9999.000,9999.000,9999.000,9999.000,9999.000,9999.000,9999.000,9999.000
202607161536,   0.324,9999.000,9999.000,9999.000,9999.000,9999.000,9999.000,9999.000,9999.000
202607161542,   0.354,9999.000,9999.000,9999.000,9999.000,9999.000,9999.000,9999.000,9999.000
202607161548,   0.385,9999.000,9999.000,9999.000,9999.000,9999.000,9999.000,9999.000,9999.000
202607161554,   0.417,9999.000,9999.000,9999.000,9999.000,9999.000,9999.000,9999.000,9999.000
202607161600,   0.450,9999.000,   0.100,9999.000,   0.550,   0.000,   0.450,   0.100,   0.550
202607161606,   0.484,9999.000,9999.000,9999.000,9999.000,9999.000,9999.000,9999.000,9999.000
202607161612,   0.518,9999.000,9999.000,9999.000,9999.000,9999.000,9999.000,9999.000,9999.000
202607161618,   0.553,9999.000,9999.000,9999.000,9999.000,9999.000,9999.000,9999.000,9999.000
202607161624,   0.589,9999.000,9999.000,9999.000,9999.000,9999.000,9999.000,9999.000,9999.000
202607161630,   0.624,9999.000,9999.000,9999.000,9999.000,9999.000,9999.000,9999.000,9999.000
202607161636,   0.660,9999.000,9999.000,9999.000,9999.000,9999.000,9999.000,9999.000,9999.000
202607161642,   0.696,9999.000,9999.000,9999.000,9999.000,9999.000,9999.000,9999.000,9999.000
202607161648,   0.732,9999.000,9999.000,9999.000,9999.000,9999.000,9999.000,9999.000,9999.000
202607161654,   0.767,9999.000,9999.000,9999.000,9999.000,9999.000,9999.000,9999.000,9999.000
202607161700,   0.803,9999.000,   0.100,9999.000,   0.903,   0.100,   0.903,   0.100,   0.903
202607161706,   0.839,9999.000,9999.000,9999.000,9999.000,9999.000,9999.000,9999.000,9999.000
202607161712,   0.874,9999.000,9999.000,9999.000,9999.000,9999.000,9999.000,9999.000,9999.000
202607161718,   0.909,9999.000,9999.000,9999.000,9999.000,9999.000,9999.000,9999.000,9999.000
202607161724,   0.943,9999.000,9999.000,9999.000,9999.000,9999.000,9999.000,9999.000,9999.000
202607161730,   0.978,9999.000,9999.000,9999.000,9999.000,9999.000,9999.000,9999.000,9999.000
202607161736,   1.012,9999.000,9999.000,9999.000,9999.000,9999.000,9999.000,9999.000,9999.000
202607161742,   1.045,9999.000,9999.000,9999.000,9999.000,9999.000,9999.000,9999.000,9999.000
202607161748,   1.077,9999.000,9999.000,9999.000,9999.000,9999.000,9999.000,9999.000,9999.000
202607161754,   1.110,9999.000,9999.000,9999.000,9999.000,9999.000,9999.000,9999.000,9999.000
202607161800,   1.141,9999.000,   0.200,9999.000,   1.341,   0.100,   1.241,   0.200,   1.341
202607161806,   1.172,9999.000,9999.000,9999.000,9999.000,9999.000,9999.000,9999.000,9999.000
202607161812,   1.202,9999.000,9999.000,9999.000,9999.000,9999.000,9999.000,9999.000,9999.000
202607161818,   1.232,9999.000,9999.000,9999.000,9999.000,9999.000,9999.000,9999.000,9999.000
202607161824,   1.261,9999.000,9999.000,9999.000,9999.000,9999.000,9999.000,9999.000,9999.000
202607161830,   1.289,9999.000,9999.000,9999.000,9999.000,9999.000,9999.000,9999.000,9999.000
202607161836,   1.316,9999.000,9999.000,9999.000,9999.000,9999.000,9999.000,9999.000,9999.000
202607161842,   1.342,9999.000,9999.000,9999.000,9999.000,9999.000,9999.000,9999.000,9999.000
202607161848,   1.368,9999.000,9999.000,9999.000,9999.000,9999.000,9999.000,9999.000,9999.000
202607161854,   1.393,9999.000,9999.000,9999.000,9999.000,9999.000,9999.000,9999.000,9999.000
202607161900,   1.417,9999.000,   0.200,9999.000,   1.617,   0.100,   1.517,   0.200,   1.617
202607161906,   1.440,9999.000,9999.000,9999.000,9999.000,9999.000,9999.000,9999.000,9999.000
202607161912,   1.463,9999.000,9999.000,9999.000,9999.000,9999.000,9999.000,9999.000,9999.000
202607161918,   1.484,9999.000,9999.000,9999.000,9999.000,9999.000,9999.000,9999.000,9999.000
202607161924,   1.505,9999.000,9999.000,9999.000,9999.000,9999.000,9999.000,9999.000,9999.000
202607161930,   1.524,9999.000,9999.000,9999.000,9999.000,9999.000,9999.000,9999.000,9999.000
202607161936,   1.543,9999.000,9999.000,9999.000,9999.000,9999.000,9999.000,9999.000,9999.000
202607161942,   1.561,9999.000,9999.000,9999.000,9999.000,9999.000,9999.000,9999.000,9999.000
202607161948,   1.578,9999.000,9999.000,9999.000,9999.000,9999.000,9999.000,9999.000,9999.000
202607161954,   1.594,9999.000,9999.000,9999.000,9999.000,9999.000,9999.000,9999.000,9999.000
202607162000,   1.609,9999.000,   0.200,9999.000,   1.809,   0.100,   1.709,   0.200,   1.809
202607162006,   1.623,9999.000,9999.000,9999.000,9999.000,9999.000,9999.000,9999.000,9999.000
202607162012,   1.635,9999.000,9999.000,9999.000,9999.000,9999.000,9999.000,9999.000,9999.000
202607162018,   1.647,9999.000,9999.000,9999.000,9999.000,9999.000,9999.000,9999.000,9999.000
202607162024,   1.657,9999.000,9999.000,9999.000,9999.000,9999.000,9999.000,9999.000,9999.000
202607162030,   1.667,9999.000,9999.000,9999.000,9999.000,9999.000,9999.000,9999.000,9999.000
202607162036,   1.675,9999.000,9999.000,9999.000,9999.000,9999.000,9999.000,9999.000,9999.000
202607162042,   1.682,9999.000,9999.000,9999.000,9999.000,9999.000,9999.000,9999.000,9999.000
202607162048,   1.687,9999.000,9999.000,9999.000,9999.000,9999.000,9999.000,9999.000,9999.000
202607162054,   1.691,9999.000,9999.000,9999.000,9999.000,9999.000,9999.000,9999.000,9999.000
202607162100,   1.693,9999.000,   0.200,9999.000,   1.893,   0.100,   1.793,   0.200,   1.893
202607162106,   1.694,9999.000,9999.000,9999.000,9999.000,9999.000,9999.000,9999.000,9999.000
202607162112,   1.693,9999.000,9999.000,9999.000,9999.000,9999.000,9999.000,9999.000,9999.000
202607162118,   1.691,9999.000,9999.000,9999.000,9999.000,9999.000,9999.000,9999.000,9999.000
202607162124,   1.687,9999.000,9999.000,9999.000,9999.000,9999.000,9999.000,9999.000,9999.000
202607162130,   1.681,9999.000,9999.000,9999.000,9999.000,9999.000,9999.000,9999.000,9999.000
202607162136,   1.672,9999.000,9999.000,9999.000,9999.000,9999.000,9999.000,9999.000,9999.000
202607162142,   1.662,9999.000,9999.000,9999.000,9999.000,9999.000,9999.000,9999.000,9999.000
202607162148,   1.650,9999.000,9999.000,9999.000,9999.000,9999.000,9999.000,9999.000,9999.000
202607162154,   1.636,9999.000,9999.000,9999.000,9999.000,9999.000,9999.000,9999.000,9999.000
202607162200,   1.619,9999.000,   0.200,9999.000,   1.819,   0.200,   1.819,   0.200,   1.819
202607162206,   1.600,9999.000,9999.000,9999.000,9999.000,9999.000,9999.000,9999.000,9999.000
202607162212,   1.579,9999.000,9999.000,9999.000,9999.000,9999.000,9999.000,9999.000,9999.000
202607162218,   1.556,9999.000,9999.000,9999.000,9999.000,9999.000,9999.000,9999.000,9999.000
202607162224,   1.531,9999.000,9999.000,9999.000,9999.000,9999.000,9999.000,9999.000,9999.000
202607162230,   1.504,9999.000,9999.000,9999.000,9999.000,9999.000,9999.000,9999.000,9999.000
202607162236,   1.475,9999.000,9999.000,9999.000,9999.000,9999.000,9999.000,9999.000,9999.000
202607162242,   1.445,9999.000,9999.000,9999.000,9999.000,9999.000,9999.000,9999.000,9999.000
202607162248,   1.413,9999.000,9999.000,9999.000,9999.000,9999.000,9999.000,9999.000,9999.000
202607162254,   1.380,9999.000,9999.000,9999.000,9999.000,9999.000,9999.000,9999.000,9999.000
202607162300,   1.346,9999.000,   0.200,9999.000,   1.546,   0.200,   1.546,   0.300,   1.646
202607162306,   1.310,9999.000,9999.000,9999.000,9999.000,9999.000,9999.000,9999.000,9999.000
202607162312,   1.274,9999.000,9999.000,9999.000,9999.000,9999.000,9999.000,9999.000,9999.000
202607162318,   1.237,9999.000,9999.000,9999.000,9999.000,9999.000,9999.000,9999.000,9999.000
202607162324,   1.199,9999.000,9999.000,9999.000,9999.000,9999.000,9999.000,9999.000,9999.000
202607162330,   1.160,9999.000,9999.000,9999.000,9999.000,9999.000,9999.000,9999.000,9999.000
202607162336,   1.121,9999.000,9999.000,9999.000,9999.000,9999.000,9999.000,9999.000,9999.000
202607162342,   1.081,9999.000,9999.000,9999.000,9999.000,9999.000,9999.000,9999.000,9999.000
202607162348,   1.041,9999.000,9999.000,9999.000,9999.000,9999.000,9999.000,9999.000,9999.000
202607162354,   1.000,9999.000,9999.000,9999.000,9999.000,9999.000,9999.000,9999.000,9999.000
202607170000,   0.959,9999.000,   0.400,9999.000,   1.359,   0.400,   1.359,   0.400,   1.359
202607170006,   0.918,9999.000,9999.000,9999.000,9999.000,9999.000,9999.000,9999.000,9999.000
202607170012,   0.877,9999.000,9999.000,9999.000,9999.000,9999.000,9999.000,9999.000,9999.000
202607170018,   0.836,9999.000,9999.000,9999.000,9999.000,9999.000,9999.000,9999.000,9999.000
202607170024,   0.795,9999.000,9999.000,9999.000,9999.000,9999.000,9999.000,9999.000,9999.000
202607170030,   0.755,9999.000,9999.000,9999.000,9999.000,9999.000,9999.000,9999.000,9999.000
202607170036,   0.715,9999.000,9999.000,9999.000,9999.000,9999.000,9999.000,9999.000,9999.000
202607170042,   0.675,9999.000,9999.000,9999.000,9999.000,9999.000,9999.000,9999.000,9999.000
202607170048,   0.636,9999.000,9999.000,9999.000,9999.000,9999.000,9999.000,9999.000,9999.000
202607170054,   0.598,9999.000,9999.000,9999.000,9999.000,9999.000,9999.000,9999.000,9999.000
202607170100,   0.560,9999.000,   0.400,9999.000,   0.960,   0.400,   0.960,   0.400,   0.960
202607170106,   0.523,9999.000,9999.000,9999.000,9999.000,9999.000,9999.000,9999.000,9999.000
202607170112,   0.488,9999.000,9999.000,9999.000,9999.000,9999.000,9999.000,9999.000,9999.000
202607170118,   0.453,9999.000,9999.000,9999.000,9999.000,9999.000,9999.000,9999.000,9999.000
202607170124,   0.420,9999.000,9999.000,9999.000,9999.000,9999.000,9999.000,9999.000,9999.000
202607170130,   0.388,9999.000,9999.000,9999.000,9999.000,9999.000,9999.000,9999.000,9999.000
202607170136,   0.358,9999.000,9999.000,9999.000,9999.000,9999.000,9999.000,9999.000,9999.000
202607170142,   0.330,9999.000,9999.000,9999.000,9999.000,9999.000,9999.000,9999.000,9999.000
202607170148,   0.305,9999.000,9999.000,9999.000,9999.000,9999.000,9999.000,9999.000,9999.000
202607170154,   0.281,9999.000,9999.000,9999.000,9999.000,9999.000,9999.000,9999.000,9999.000
202607170200,   0.260,9999.000,   0.400,9999.000,   0.660,   0.400,   0.660,   0.400,   0.660
202607170206,   0.242,9999.000,9999.000,9999.000,9999.000,9999.000,9999.000,9999.000,9999.000
202607170212,   0.228,9999.000,9999.000,9999.000,9999.000,9999.000,9999.000,9999.000,9999.000
202607170218,   0.216,9999.000,9999.000,9999.000,9999.000,9999.000,9999.000,9999.000,9999.000
202607170224,   0.207,9999.000,9999.000,9999.000,9999.000,9999.000,9999.000,9999.000,9999.000
202607170230,   0.202,9999.000,9999.000,9999.000,9999.000,9999.000,9999.000,9999.000,9999.000
202607170236,   0.200,9999.000,9999.000,9999.000,9999.000,9999.000,9999.000,9999.000,9999.000
202607170242,   0.201,9999.000,9999.000,9999.000,9999.000,9999.000,9999.000,9999.000,9999.000
202607170248,   0.205,9999.000,9999.000,9999.000,9999.000,9999.000,9999.000,9999.000,9999.000
202607170254,   0.212,9999.000,9999.000,9999.000,9999.000,9999.000,9999.000,9999.000,9999.000
202607170300,   0.222,9999.000,   0.400,9999.000,   0.622,   0.400,   0.622,   0.400,   0.622
202607170306,   0.235,9999.000,9999.000,9999.000,9999.000,9999.000,9999.000,9999.000,9999.000
202607170312,   0.250,9999.000,9999.000,9999.000,9999.000,9999.000,9999.000,9999.000,9999.000
202607170318,   0.268,9999.000,9999.000,9999.000,9999.000,9999.000,9999.000,9999.000,9999.000
202607170324,   0.288,9999.000,9999.000,9999.000,9999.000,9999.000,9999.000,9999.000,9999.000
202607170330,   0.310,9999.000,9999.000,9999.000,9999.000,9999.000,9999.000,9999.000,9999.000
202607170336,   0.334,9999.000,9999.000,9999.000,9999.000,9999.000,9999.000,9999.000,9999.000
202607170342,   0.360,9999.000,9999.000,9999.000,9999.000,9999.000,9999.000,9999.000,9999.000
202607170348,   0.387,9999.000,9999.000,9999.000,9999.000,9999.000,9999.000,9999.000,9999.000
202607170354,   0.416,9999.000,9999.000,9999.000,9999.000,9999.000,9999.000,9999.000,9999.000
202607170400,   0.446,9999.000,   0.400,9999.000,   0.846,   0.400,   0.846,   0.400,   0.846
202607170406,   0.477,9999.000,9999.000,9999.000,9999.000,9999.000,9999.000,9999.000,9999.000
202607170412,   0.509,9999.000,9999.000,9999.000,9999.000,9999.000,9999.000,9999.000,9999.000
202607170418,   0.542,9999.000,9999.000,9999.000,9999.000,9999.000,9999.000,9999.000,9999.000
202607170424,   0.576,9999.000,9999.000,9999.000,9999.000,9999.000,9999.000,9999.000,9999.000
202607170430,   0.610,9999.000,9999.000,9999.000,9999.000,9999.000,9999.000,9999.000,9999.000
202607170436,   0.645,9999.000,9999.000,9999.000,9999.000,9999.000,9999.000,9999.000,9999.000
202607170442,   0.680,9999.000,9999.000,9999.000,9999.000,9999.000,9999.000,9999.000,9999.000
202607170448,   0.716,9999.000,9999.000,9999.000,9999.000,9999.000,9999.000,9999.000,9999.000
202607170454,   0.751,9999.000,9999.000,9999.000,9999.000,9999.000,9999.000,9999.000,9999.000
202607170500,   0.787,9999.000,   0.400,9999.000,   1.187,   0.400,   1.187,   0.400,   1.187
202607170506,   0.823,9999.000,9999.000,9999.000,9999.000,9999.000,9999.000,9999.000,9999.000
202607170512,   0.858,9999.000,9999.000,9999.000,9999.000,9999.000,9999.000,9999.000,9999.000
202607170518,   0.894,9999.000,9999.000,9999.000,9999.000,9999.000,9999.000,9999.000,9999.000
202607170524,   0.929,9999.000,9999.000,9999.000,9999.000,9999.000,9999.000,9999.000,9999.000
202607170530,   0.964,9999.000,9999.000,9999.000,9999.000,9999.000,9999.000,9999.000,9999.000
202607170536,   0.999,9999.000,9999.000,9999.000,9999.000,9999.000,9999.000,9999.000,9999.000
202607170542,   1.033,9999.000,9999.000,9999.000,9999.000,9999.000,9999.000,9999.000,9999.000
202607170548,   1.067,9999.000,9999.000,9999.000,9999.000,9999.000,9999.000,9999.000,9999.000
202607170554,   1.101,9999.000,9999.000,9999.000,9999.000,9999.000,9999.000,9999.000,9999.000
202607170600,   1.134,9999.000,   0.500,9999.000,   1.634,   0.400,   1.534,   0.500,   1.634
202607170606,   1.166,9999.000,9999.000,9999.000,9999.000,9999.000,9999.000,9999.000,9999.000
202607170612,   1.198,9999.000,9999.000,9999.000,9999.000,9999.000,9999.000,9999.000,9999.000
202607170618,   1.229,9999.000,9999.000,9999.000,9999.000,9999.000,9999.000,9999.000,9999.000
202607170624,   1.260,9999.000,9999.000,9999.000,9999.000,9999.000,9999.000,9999.000,9999.000
202607170630,   1.289,9999.000,9999.000,9999.000,9999.000,9999.000,9999.000,9999.000,9999.000
202607170636,   1.319,9999.000,9999.000,9999.000,9999.000,9999.000,9999.000,9999.000,9999.000
202607170642,   1.347,9999.000,9999.000,9999.000,9999.000,9999.000,9999.000,9999.000,9999.000
202607170648,   1.374,9999.000,9999.000,9999.000,9999.000,9999.000,9999.000,9999.000,9999.000
202607170654,   1.401,9999.000,9999.000,9999.000,9999.000,9999.000,9999.000,9999.000,9999.000
202607170700,   1.427,9999.000,   0.500,9999.000,   1.927,   0.400,   1.827,   0.500,   1.927
202607170706,   1.452,9999.000,9999.000,9999.000,9999.000,9999.000,9999.000,9999.000,9999.000
202607170712,   1.476,9999.000,9999.000,9999.000,9999.000,9999.000,9999.000,9999.000,9999.000
202607170718,   1.500,9999.000,9999.000,9999.000,9999.000,9999.000,9999.000,9999.000,9999.000
202607170724,   1.522,9999.000,9999.000,9999.000,9999.000,9999.000,9999.000,9999.000,9999.000
202607170730,   1.544,9999.000,9999.000,9999.000,9999.000,9999.000,9999.000,9999.000,9999.000
202607170736,   1.564,9999.000,9999.000,9999.000,9999.000,9999.000,9999.000,9999.000,9999.000
202607170742,   1.584,9999.000,9999.000,9999.000,9999.000,9999.000,9999.000,9999.000,9999.000
202607170748,   1.603,9999.000,9999.000,9999.000,9999.000,9999.000,9999.000,9999.000,9999.000
202607170754,   1.621,9999.000,9999.000,9999.000,9999.000,9999.000,9999.000,9999.000,9999.000
202607170800,   1.638,9999.000,   0.500,9999.000,   2.138,   0.400,   2.038,   0.500,   2.138
202607170806,   1.654,9999.000,9999.000,9999.000,9999.000,9999.000,9999.000,9999.000,9999.000
202607170812,   1.668,9999.000,9999.000,9999.000,9999.000,9999.000,9999.000,9999.000,9999.000
202607170818,   1.682,9999.000,9999.000,9999.000,9999.000,9999.000,9999.000,9999.000,9999.000
202607170824,   1.695,9999.000,9999.000,9999.000,9999.000,9999.000,9999.000,9999.000,9999.000
202607170830,   1.707,9999.000,9999.000,9999.000,9999.000,9999.000,9999.000,9999.000,9999.000
202607170836,   1.718,9999.000,9999.000,9999.000,9999.000,9999.000,9999.000,9999.000,9999.000
202607170842,   1.727,9999.000,9999.000,9999.000,9999.000,9999.000,9999.000,9999.000,9999.000
202607170848,   1.735,9999.000,9999.000,9999.000,9999.000,9999.000,9999.000,9999.000,9999.000
202607170854,   1.743,9999.000,9999.000,9999.000,9999.000,9999.000,9999.000,9999.000,9999.000
202607170900,   1.748,9999.000,   0.500,9999.000,   2.248,   0.400,   2.148,   0.500,   2.248
202607170906,   1.753,9999.000,9999.000,9999.000,9999.000,9999.000,9999.000,9999.000,9999.000
202607170912,   1.756,9999.000,9999.000,9999.000,9999.000,9999.000,9999.000,9999.000,9999.000
202607170918,   1.758,9999.000,9999.000,9999.000,9999.000,9999.000,9999.000,9999.000,9999.000
202607170924,   1.758,9999.000,9999.000,9999.000,9999.000,9999.000,9999.000,9999.000,9999.000
202607170930,   1.757,9999.000,9999.000,9999.000,9999.000,9999.000,9999.000,9999.000,9999.000
202607170936,   1.754,9999.000,9999.000,9999.000,9999.000,9999.000,9999.000,9999.000,9999.000
202607170942,   1.749,9999.000,9999.000,9999.000,9999.000,9999.000,9999.000,9999.000,9999.000
202607170948,   1.743,9999.000,9999.000,9999.000,9999.000,9999.000,9999.000,9999.000,9999.000
202607170954,   1.734,9999.000,9999.000,9999.000,9999.000,9999.000,9999.000,9999.000,9999.000
202607171000,   1.724,9999.000,   0.500,9999.000,   2.224,   0.400,   2.124,   0.500,   2.224
202607171006,   1.712,9999.000,9999.000,9999.000,9999.000,9999.000,9999.000,9999.000,9999.000
202607171012,   1.697,9999.000,9999.000,9999.000,9999.000,9999.000,9999.000,9999.000,9999.000
202607171018,   1.681,9999.000,9999.000,9999.000,9999.000,9999.000,9999.000,9999.000,9999.000
202607171024,   1.663,9999.000,9999.000,9999.000,9999.000,9999.000,9999.000,9999.000,9999.000
202607171030,   1.642,9999.000,9999.000,9999.000,9999.000,9999.000,9999.000,9999.000,9999.000
202607171036,   1.620,9999.000,9999.000,9999.000,9999.000,9999.000,9999.000,9999.000,9999.000
202607171042,   1.596,9999.000,9999.000,9999.000,9999.000,9999.000,9999.000,9999.000,9999.000
202607171048,   1.570,9999.000,9999.000,9999.000,9999.000,9999.000,9999.000,9999.000,9999.000
202607171054,   1.543,9999.000,9999.000,9999.000,9999.000,9999.000,9999.000,9999.000,9999.000
202607171100,   1.514,9999.000,   0.500,9999.000,   2.014,   0.400,   1.914,   0.500,   2.014
202607171106,   1.484,9999.000,9999.000,9999.000,9999.000,9999.000,9999.000,9999.000,9999.000
202607171112,   1.452,9999.000,9999.000,9999.000,9999.000,9999.000,9999.000,9999.000,9999.000
202607171118,   1.420,9999.000,9999.000,9999.000,9999.000,9999.000,9999.000,9999.000,9999.000
202607171124,   1.386,9999.000,9999.000,9999.000,9999.000,9999.000,9999.000,9999.000,9999.000
202607171130,   1.352,9999.000,9999.000,9999.000,9999.000,9999.000,9999.000,9999.000,9999.000
202607171136,   1.317,9999.000,9999.000,9999.000,9999.000,9999.000,9999.000,9999.000,9999.000
202607171142,   1.281,9999.000,9999.000,9999.000,9999.000,9999.000,9999.000,9999.000,9999.000
202607171148,   1.245,9999.000,9999.000,9999.000,9999.000,9999.000,9999.000,9999.000,9999.000
202607171154,   1.208,9999.000,9999.000,9999.000,9999.000,9999.000,9999.000,9999.000,9999.000
202607171200,   1.170,9999.000,   0.600,9999.000,   1.770,   0.500,   1.670,   0.600,   1.770
202607171206,   1.132,9999.000,9999.000,9999.000,9999.000,9999.000,9999.000,9999.000,9999.000
202607171212,   1.094,9999.000,9999.000,9999.000,9999.000,9999.000,9999.000,9999.000,9999.000
202607171218,   1.055,9999.000,9999.000,9999.000,9999.000,9999.000,9999.000,9999.000,9999.000
202607171224,   1.016,9999.000,9999.000,9999.000,9999.000,9999.000,9999.000,9999.000,9999.000
202607171230,   0.976,9999.000,9999.000,9999.000,9999.000,9999.000,9999.000,9999.000,9999.000
202607171236,   0.936,9999.000,9999.000,9999.000,9999.000,9999.000,9999.000,9999.000,9999.000
202607171242,   0.896,9999.000,9999.000,9999.000,9999.000,9999.000,9999.000,9999.000,9999.000
202607171248,   0.856,9999.000,9999.000,9999.000,9999.000,9999.000,9999.000,9999.000,9999.000
202607171254,   0.815,9999.000,9999.000,9999.000,9999.000,9999.000,9999.000,9999.000,9999.000
202607171300,   0.775,9999.000,   0.600,9999.000,   1.375,   0.500,   1.275,   0.600,   1.375
202607171306,   0.735,9999.000,9999.000,9999.000,9999.000,9999.000,9999.000,9999.000,9999.000
202607171312,   0.694,9999.000,9999.000,9999.000,9999.000,9999.000,9999.000,9999.000,9999.000
202607171318,   0.654,9999.000,9999.000,9999.000,9999.000,9999.000,9999.000,9999.000,9999.000
202607171324,   0.614,9999.000,9999.000,9999.000,9999.000,9999.000,9999.000,9999.000,9999.000
202607171330,   0.575,9999.000,9999.000,9999.000,9999.000,9999.000,9999.000,9999.000,9999.000
202607171336,   0.536,9999.000,9999.000,9999.000,9999.000,9999.000,9999.000,9999.000,9999.000
202607171342,   0.497,9999.000,9999.000,9999.000,9999.000,9999.000,9999.000,9999.000,9999.000
202607171348,   0.459,9999.000,9999.000,9999.000,9999.000,9999.000,9999.000,9999.000,9999.000
202607171354,   0.423,9999.000,9999.000,9999.000,9999.000,9999.000,9999.000,9999.000,9999.000
202607171400,   0.387,9999.000,   0.500,9999.000,   0.887,   0.500,   0.887,   0.600,   0.987
202607171406,   0.352,9999.000,9999.000,9999.000,9999.000,9999.000,9999.000,9999.000,9999.000
202607171412,   0.320,9999.000,9999.000,9999.000,9999.000,9999.000,9999.000,9999.000,9999.000
202607171418,   0.289,9999.000,9999.000,9999.000,9999.000,9999.000,9999.000,9999.000,9999.000
202607171424,   0.261,9999.000,9999.000,9999.000,9999.000,9999.000,9999.000,9999.000,9999.000
202607171430,   0.235,9999.000,9999.000,9999.000,9999.000,9999.000,9999.000,9999.000,9999.000
202607171436,   0.213,9999.000,9999.000,9999.000,9999.000,9999.000,9999.000,9999.000,9999.000
202607171442,   0.193,9999.000,9999.000,9999.000,9999.000,9999.000,9999.000,9999.000,9999.000
202607171448,   0.177,9999.000,9999.000,9999.000,9999.000,9999.000,9999.000,9999.000,9999.000
202607171454,   0.164,9999.000,9999.000,9999.000,9999.000,9999.000,9999.000,9999.000,9999.000
202607171500,   0.155,9999.000,   0.500,9999.000,   0.655,   0.500,   0.655,   0.600,   0.755
202607171506,   0.150,9999.000,9999.000,9999.000,9999.000,9999.000,9999.000,9999.000,9999.000
202607171512,   0.148,9999.000,9999.000,9999.000,9999.000,9999.000,9999.000,9999.000,9999.000
202607171518,   0.149,9999.000,9999.000,9999.000,9999.000,9999.000,9999.000,9999.000,9999.000
202607171524,   0.154,9999.000,9999.000,9999.000,9999.000,9999.000,9999.000,9999.000,9999.000
202607171530,   0.162,9999.000,9999.000,9999.000,9999.000,9999.000,9999.000,9999.000,9999.000
202607171536,   0.173,9999.000,9999.000,9999.000,9999.000,9999.000,9999.000,9999.000,9999.000
202607171542,   0.186,9999.000,9999.000,9999.000,9999.000,9999.000,9999.000,9999.000,9999.000
202607171548,   0.203,9999.000,9999.000,9999.000,9999.000,9999.000,9999.000,9999.000,9999.000
202607171554,   0.222,9999.000,9999.000,9999.000,9999.000,9999.000,9999.000,9999.000,9999.000
202607171600,   0.243,9999.000,   0.500,9999.000,   0.743,   0.500,   0.743,   0.600,   0.843
202607171606,   0.266,9999.000,9999.000,9999.000,9999.000,9999.000,9999.000,9999.000,9999.000
202607171612,   0.291,9999.000,9999.000,9999.000,9999.000,9999.000,9999.000,9999.000,9999.000
202607171618,   0.317,9999.000,9999.000,9999.000,9999.000,9999.000,9999.000,9999.000,9999.000
202607171624,   0.346,9999.000,9999.000,9999.000,9999.000,9999.000,9999.000,9999.000,9999.000
202607171630,   0.375,9999.000,9999.000,9999.000,9999.000,9999.000,9999.000,9999.000,9999.000
202607171636,   0.406,9999.000,9999.000,9999.000,9999.000,9999.000,9999.000,9999.000,9999.000
202607171642,   0.437,9999.000,9999.000,9999.000,9999.000,9999.000,9999.000,9999.000,9999.000
202607171648,   0.470,9999.000,9999.000,9999.000,9999.000,9999.000,9999.000,9999.000,9999.000
202607171654,   0.503,9999.000,9999.000,9999.000,9999.000,9999.000,9999.000,9999.000,9999.000
202607171700,   0.537,9999.000,   0.500,9999.000,   1.037,   0.500,   1.037,   0.500,   1.037
202607171706,   0.572,9999.000,9999.000,9999.000,9999.000,9999.000,9999.000,9999.000,9999.000
202607171712,   0.606,9999.000,9999.000,9999.000,9999.000,9999.000,9999.000,9999.000,9999.000
202607171718,   0.642,9999.000,9999.000,9999.000,9999.000,9999.000,9999.000,9999.000,9999.000
202607171724,   0.677,9999.000,9999.000,9999.000,9999.000,9999.000,9999.000,9999.000,9999.000
202607171730,   0.712,9999.000,9999.000,9999.000,9999.000,9999.000,9999.000,9999.000,9999.000
202607171736,   0.748,9999.000,9999.000,9999.000,9999.000,9999.000,9999.000,9999.000,9999.000
202607171742,   0.783,9999.000,9999.000,9999.000,9999.000,9999.000,9999.000,9999.000,9999.000
202607171748,   0.819,9999.000,9999.000,9999.000,9999.000,9999.000,9999.000,9999.000,9999.000
202607171754,   0.854,9999.000,9999.000,9999.000,9999.000,9999.000,9999.000,9999.000,9999.000
202607171800,   0.889,9999.000,   0.600,9999.000,   1.489,   0.500,   1.389,   0.600,   1.489
202607171806,   0.923,9999.000,9999.000,9999.000,9999.000,9999.000,9999.000,9999.000,9999.000
202607171812,   0.957,9999.000,9999.000,9999.000,9999.000,9999.000,9999.000,9999.000,9999.000
202607171818,   0.991,9999.000,9999.000,9999.000,9999.000,9999.000,9999.000,9999.000,9999.000
202607171824,   1.024,9999.000,9999.000,9999.000,9999.000,9999.000,9999.000,9999.000,9999.000
202607171830,   1.057,9999.000,9999.000,9999.000,9999.000,9999.000,9999.000,9999.000,9999.000
202607171836,   1.090,9999.000,9999.000,9999.000,9999.000,9999.000,9999.000,9999.000,9999.000
202607171842,   1.121,9999.000,9999.000,9999.000,9999.000,9999.000,9999.000,9999.000,9999.000
202607171848,   1.152,9999.000,9999.000,9999.000,9999.000,9999.000,9999.000,9999.000,9999.000
202607171854,   1.183,9999.000,9999.000,9999.000,9999.000,9999.000,9999.000,9999.000,9999.000
202607171900,   1.213,9999.000,   0.600,9999.000,   1.813,   0.500,   1.713,   0.600,   1.813
202607171906,   1.242,9999.000,9999.000,9999.000,9999.000,9999.000,9999.000,9999.000,9999.000
202607171912,   1.270,9999.000,9999.000,9999.000,9999.000,9999.000,9999.000,9999.000,9999.000
202607171918,   1.298,9999.000,9999.000,9999.000,9999.000,9999.000,9999.000,9999.000,9999.000
202607171924,   1.325,9999.000,9999.000,9999.000,9999.000,9999.000,9999.000,9999.000,9999.000
202607171930,   1.351,9999.000,9999.000,9999.000,9999.000,9999.000,9999.000,9999.000,9999.000
202607171936,   1.376,9999.000,9999.000,9999.000,9999.000,9999.000,9999.000,9999.000,9999.000
202607171942,   1.401,9999.000,9999.000,9999.000,9999.000,9999.000,9999.000,9999.000,9999.000
202607171948,   1.424,9999.000,9999.000,9999.000,9999.000,9999.000,9999.000,9999.000,9999.000
202607171954,   1.447,9999.000,9999.000,9999.000,9999.000,9999.000,9999.000,9999.000,9999.000
202607172000,   1.469,9999.000,   0.500,9999.000,   1.969,   0.500,   1.969,   0.600,   2.069
202607172006,   1.490,9999.000,9999.000,9999.000,9999.000,9999.000,9999.000,9999.000,9999.000
202607172012,   1.511,9999.000,9999.000,9999.000,9999.000,9999.000,9999.000,9999.000,9999.000
202607172018,   1.530,9999.000,9999.000,9999.000,9999.000,9999.000,9999.000,9999.000,9999.000
202607172024,   1.549,9999.000,9999.000,9999.000,9999.000,9999.000,9999.000,9999.000,9999.000
202607172030,   1.567,9999.000,9999.000,9999.000,9999.000,9999.000,9999.000,9999.000,9999.000
202607172036,   1.583,9999.000,9999.000,9999.000,9999.000,9999.000,9999.000,9999.000,9999.000
202607172042,   1.599,9999.000,9999.000,9999.000,9999.000,9999.000,9999.000,9999.000,9999.000
202607172048,   1.614,9999.000,9999.000,9999.000,9999.000,9999.000,9999.000,9999.000,9999.000
202607172054,   1.628,9999.000,9999.000,9999.000,9999.000,9999.000,9999.000,9999.000,9999.000
202607172100,   1.641,9999.000,   0.500,9999.000,   2.141,   0.500,   2.141,   0.600,   2.241
202607172106,   1.653,9999.000,9999.000,9999.000,9999.000,9999.000,9999.000,9999.000,9999.000
202607172112,   1.664,9999.000,9999.000,9999.000,9999.000,9999.000,9999.000,9999.000,9999.000
202607172118,   1.673,9999.000,9999.000,9999.000,9999.000,9999.000,9999.000,9999.000,9999.000
202607172124,   1.682,9999.000,9999.000,9999.000,9999.000,9999.000,9999.000,9999.000,9999.000
202607172130,   1.689,9999.000,9999.000,9999.000,9999.000,9999.000,9999.000,9999.000,9999.000
202607172136,   1.695,9999.000,9999.000,9999.000,9999.000,9999.000,9999.000,9999.000,9999.000
202607172142,   1.700,9999.000,9999.000,9999.000,9999.000,9999.000,9999.000,9999.000,9999.000
202607172148,   1.704,9999.000,9999.000,9999.000,9999.000,9999.000,9999.000,9999.000,9999.000
202607172154,   1.706,9999.000,9999.000,9999.000,9999.000,9999.000,9999.000,9999.000,9999.000
202607172200,   1.707,9999.000,   0.600,9999.000,   2.307,   0.500,   2.207,   0.600,   2.307
202607172206,   1.706,9999.000,9999.000,9999.000,9999.000,9999.000,9999.000,9999.000,9999.000
202607172212,   1.703,9999.000,9999.000,9999.000,9999.000,9999.000,9999.000,9999.000,9999.000
202607172218,   1.699,9999.000,9999.000,9999.000,9999.000,9999.000,9999.000,9999.000,9999.000
202607172224,   1.693,9999.000,9999.000,9999.000,9999.000,9999.000,9999.000,9999.000,9999.000
202607172230,   1.685,9999.000,9999.000,9999.000,9999.000,9999.000,9999.000,9999.000,9999.000
202607172236,   1.676,9999.000,9999.000,9999.000,9999.000,9999.000,9999.000,9999.000,9999.000
202607172242,   1.664,9999.000,9999.000,9999.000,9999.000,9999.000,9999.000,9999.000,9999.000
202607172248,   1.650,9999.000,9999.000,9999.000,9999.000,9999.000,9999.000,9999.000,9999.000
202607172254,   1.635,9999.000,9999.000,9999.000,9999.000,9999.000,9999.000,9999.000,9999.000
202607172300,   1.617,9999.000,   0.600,9999.000,   2.217,   0.500,   2.117,   0.600,   2.217
202607172306,   1.597,9999.000,9999.000,9999.000,9999.000,9999.000,9999.000,9999.000,9999.000
202607172312,   1.575,9999.000,9999.000,9999.000,9999.000,9999.000,9999.000,9999.000,9999.000
202607172318,   1.552,9999.000,9999.000,9999.000,9999.000,9999.000,9999.000,9999.000,9999.000
202607172324,   1.526,9999.000,9999.000,9999.000,9999.000,9999.000,9999.000,9999.000,9999.000
202607172330,   1.498,9999.000,9999.000,9999.000,9999.000,9999.000,9999.000,9999.000,9999.000
202607172336,   1.469,9999.000,9999.000,9999.000,9999.000,9999.000,9999.000,9999.000,9999.000
202607172342,   1.438,9999.000,9999.000,9999.000,9999.000,9999.000,9999.000,9999.000,9999.000
202607172348,   1.406,9999.000,9999.000,9999.000,9999.000,9999.000,9999.000,9999.000,9999.000
202607172354,   1.373,9999.000,9999.000,9999.000,9999.000,9999.000,9999.000,9999.000,9999.000
202607180000,   1.338,9999.000,   0.600,9999.000,   1.938,   0.600,   1.938,   0.600,   1.938
202607180006,   1.302,9999.000,9999.000,9999.000,9999.000,9999.000,9999.000,9999.000,9999.000
202607180012,   1.266,9999.000,9999.000,9999.000,9999.000,9999.000,9999.000,9999.000,9999.000
202607180018,   1.228,9999.000,9999.000,9999.000,9999.000,9999.000,9999.000,9999.000,9999.000
202607180024,   1.190,9999.000,9999.000,9999.000,9999.000,9999.000,9999.000,9999.000,9999.000
202607180030,   1.151,9999.000,9999.000,9999.000,9999.000,9999.000,9999.000,9999.000,9999.000
202607180036,   1.111,9999.000,9999.000,9999.000,9999.000,9999.000,9999.000,9999.000,9999.000
202607180042,   1.071,9999.000,9999.000,9999.000,9999.000,9999.000,9999.000,9999.000,9999.000
202607180048,   1.030,9999.000,9999.000,9999.000,9999.000,9999.000,9999.000,9999.000,9999.000
202607180054,   0.990,9999.000,9999.000,9999.000,9999.000,9999.000,9999.000,9999.000,9999.000
202607180100,   0.949,9999.000,   0.600,9999.000,   1.549,   0.600,   1.549,   0.600,   1.549
202607180106,   0.908,9999.000,9999.000,9999.000,9999.000,9999.000,9999.000,9999.000,9999.000
202607180112,   0.868,9999.000,9999.000,9999.000,9999.000,9999.000,9999.000,9999.000,9999.000
202607180118,   0.827,9999.000,9999.000,9999.000,9999.000,9999.000,9999.000,9999.000,9999.000
202607180124,   0.787,9999.000,9999.000,9999.000,9999.000,9999.000,9999.000,9999.000,9999.000
202607180130,   0.748,9999.000,9999.000,9999.000,9999.000,9999.000,9999.000,9999.000,9999.000
202607180136,   0.709,9999.000,9999.000,9999.000,9999.000,9999.000,9999.000,9999.000,9999.000
202607180142,   0.670,9999.000,9999.000,9999.000,9999.000,9999.000,9999.000,9999.000,9999.000
202607180148,   0.632,9999.000,9999.000,9999.000,9999.000,9999.000,9999.000,9999.000,9999.000
202607180154,   0.595,9999.000,9999.000,9999.000,9999.000,9999.000,9999.000,9999.000,9999.000
202607180200,   0.559,9999.000,   0.600,9999.000,   1.159,   0.600,   1.159,   0.600,   1.159
202607180206,   0.523,9999.000,9999.000,9999.000,9999.000,9999.000,9999.000,9999.000,9999.000
202607180212,   0.489,9999.000,9999.000,9999.000,9999.000,9999.000,9999.000,9999.000,9999.000
202607180218,   0.456,9999.000,9999.000,9999.000,9999.000,9999.000,9999.000,9999.000,9999.000
202607180224,   0.424,9999.000,9999.000,9999.000,9999.000,9999.000,9999.000,9999.000,9999.000
202607180230,   0.394,9999.000,9999.000,9999.000,9999.000,9999.000,9999.000,9999.000,9999.000
202607180236,   0.366,9999.000,9999.000,9999.000,9999.000,9999.000,9999.000,9999.000,9999.000
202607180242,   0.340,9999.000,9999.000,9999.000,9999.000,9999.000,9999.000,9999.000,9999.000
202607180248,   0.316,9999.000,9999.000,9999.000,9999.000,9999.000,9999.000,9999.000,9999.000
202607180254,   0.295,9999.000,9999.000,9999.000,9999.000,9999.000,9999.000,9999.000,9999.000
202607180300,   0.277,9999.000,   0.600,9999.000,   0.877,   0.600,   0.877,   0.600,   0.877
202607180306,   0.261,9999.000,9999.000,9999.000,9999.000,9999.000,9999.000,9999.000,9999.000
202607180312,   0.249,9999.000,9999.000,9999.000,9999.000,9999.000,9999.000,9999.000,9999.000
202607180318,   0.240,9999.000,9999.000,9999.000,9999.000,9999.000,9999.000,9999.000,9999.000
202607180324,   0.234,9999.000,9999.000,9999.000,9999.000,9999.000,9999.000,9999.000,9999.000
202607180330,   0.232,9999.000,9999.000,9999.000,9999.000,9999.000,9999.000,9999.000,9999.000
202607180336,   0.233,9999.000,9999.000,9999.000,9999.000,9999.000,9999.000,9999.000,9999.000
202607180342,   0.236,9999.000,9999.000,9999.000,9999.000,9999.000,9999.000,9999.000,9999.000
202607180348,   0.243,9999.000,9999.000,9999.000,9999.000,9999.000,9999.000,9999.000,9999.000
202607180354,   0.253,9999.000,9999.000,9999.000,9999.000,9999.000,9999.000,9999.000,9999.000
202607180400,   0.265,9999.000,   0.600,9999.000,   0.865,   0.600,   0.865,   0.600,   0.865
202607180406,   0.280,9999.000,9999.000,9999.000,9999.000,9999.000,9999.000,9999.000,9999.000
202607180412,   0.297,9999.000,9999.000,9999.000,9999.000,9999.000,9999.000,9999.000,9999.000
202607180418,   0.316,9999.000,9999.000,9999.000,9999.000,9999.000,9999.000,9999.000,9999.000
202607180424,   0.337,9999.000,9999.000,9999.000,9999.000,9999.000,9999.000,9999.000,9999.000
202607180430,   0.361,9999.000,9999.000,9999.000,9999.000,9999.000,9999.000,9999.000,9999.000
202607180436,   0.385,9999.000,9999.000,9999.000,9999.000,9999.000,9999.000,9999.000,9999.000
202607180442,   0.411,9999.000,9999.000,9999.000,9999.000,9999.000,9999.000,9999.000,9999.000
202607180448,   0.439,9999.000,9999.000,9999.000,9999.000,9999.000,9999.000,9999.000,9999.000
202607180454,   0.468,9999.000,9999.000,9999.000,9999.000,9999.000,9999.000,9999.000,9999.000
202607180500,   0.497,9999.000,   0.600,9999.000,   1.097,   0.600,   1.097,   0.700,   1.197
202607180506,   0.528,9999.000,9999.000,9999.000,9999.000,9999.000,9999.000,9999.000,9999.000
202607180512,   0.559,9999.000,9999.000,9999.000,9999.000,9999.000,9999.000,9999.000,9999.000
202607180518,   0.591,9999.000,9999.000,9999.000,9999.000,9999.000,9999.000,9999.000,9999.000
202607180524,   0.623,9999.000,9999.000,9999.000,9999.000,9999.000,9999.000,9999.000,9999.000
202607180530,   0.656,9999.000,9999.000,9999.000,9999.000,9999.000,9999.000,9999.000,9999.000
202607180536,   0.689,9999.000,9999.000,9999.000,9999.000,9999.000,9999.000,9999.000,9999.000
202607180542,   0.723,9999.000,9999.000,9999.000,9999.000,9999.000,9999.000,9999.000,9999.000
202607180548,   0.756,9999.000,9999.000,9999.000,9999.000,9999.000,9999.000,9999.000,9999.000
202607180554,   0.790,9999.000,9999.000,9999.000,9999.000,9999.000,9999.000,9999.000,9999.000
202607180600,   0.823,9999.000,   0.600,9999.000,   1.423,   0.600,   1.423,   0.700,   1.523
202607180606,   0.856,9999.000,9999.000,9999.000,9999.000,9999.000,9999.000,9999.000,9999.000
202607180612,   0.890,9999.000,9999.000,9999.000,9999.000,9999.000,9999.000,9999.000,9999.000
202607180618,   0.923,9999.000,9999.000,9999.000,9999.000,9999.000,9999.000,9999.000,9999.000
202607180624,   0.955,9999.000,9999.000,9999.000,9999.000,9999.000,9999.000,9999.000,9999.000
202607180630,   0.988,9999.000,9999.000,9999.000,9999.000,9999.000,9999.000,9999.000,9999.000
202607180636,   1.020,9999.000,9999.000,9999.000,9999.000,9999.000,9999.000,9999.000,9999.000
202607180642,   1.051,9999.000,9999.000,9999.000,9999.000,9999.000,9999.000,9999.000,9999.000
202607180648,   1.082,9999.000,9999.000,9999.000,9999.000,9999.000,9999.000,9999.000,9999.000
202607180654,   1.113,9999.000,9999.000,9999.000,9999.000,9999.000,9999.000,9999.000,9999.000
202607180700,   1.143,9999.000,   0.600,9999.000,   1.743,   0.600,   1.743,   0.700,   1.843
202607180706,   1.172,9999.000,9999.000,9999.000,9999.000,9999.000,9999.000,9999.000,9999.000
202607180712,   1.201,9999.000,9999.000,9999.000,9999.000,9999.000,9999.000,9999.000,9999.000
202607180718,   1.229,9999.000,9999.000,9999.000,9999.000,9999.000,9999.000,9999.000,9999.000
202607180724,   1.257,9999.000,9999.000,9999.000,9999.000,9999.000,9999.000,9999.000,9999.000
202607180730,   1.283,9999.000,9999.000,9999.000,9999.000,9999.000,9999.000,9999.000,9999.000
202607180736,   1.309,9999.000,9999.000,9999.000,9999.000,9999.000,9999.000,9999.000,9999.000
202607180742,   1.335,9999.000,9999.000,9999.000,9999.000,9999.000,9999.000,9999.000,9999.000
202607180748,   1.359,9999.000,9999.000,9999.000,9999.000,9999.000,9999.000,9999.000,9999.000
202607180754,   1.383,9999.000,9999.000,9999.000,9999.000,9999.000,9999.000,9999.000,9999.000
202607180800,   1.406,9999.000,   0.600,9999.000,   2.006,   0.600,   2.006,   0.700,   2.106
202607180806,   1.428,9999.000,9999.000,9999.000,9999.000,9999.000,9999.000,9999.000,9999.000
202607180812,   1.450,9999.000,9999.000,9999.000,9999.000,9999.000,9999.000,9999.000,9999.000
202607180818,   1.470,9999.000,9999.000,9999.000,9999.000,9999.000,9999.000,9999.000,9999.000
202607180824,   1.490,9999.000,9999.000,9999.000,9999.000,9999.000,9999.000,9999.000,9999.000
202607180830,   1.509,9999.000,9999.000,9999.000,9999.000,9999.000,9999.000,9999.000,9999.000
202607180836,   1.527,9999.000,9999.000,9999.000,9999.000,9999.000,9999.000,9999.000,9999.000
202607180842,   1.544,9999.000,9999.000,9999.000,9999.000,9999.000,9999.000,9999.000,9999.000
202607180848,   1.560,9999.000,9999.000,9999.000,9999.000,9999.000,9999.000,9999.000,9999.000
202607180854,   1.576,9999.000,9999.000,9999.000,9999.000,9999.000,9999.000,9999.000,9999.000
202607180900,   1.590,9999.000,   0.600,9999.000,   2.190,   0.600,   2.190,   0.700,   2.290
202607180906,   1.604,9999.000,9999.000,9999.000,9999.000,9999.000,9999.000,9999.000,9999.000
202607180912,   1.617,9999.000,9999.000,9999.000,9999.000,9999.000,9999.000,9999.000,9999.000
202607180918,   1.629,9999.000,9999.000,9999.000,9999.000,9999.000,9999.000,9999.000,9999.000
202607180924,   1.640,9999.000,9999.000,9999.000,9999.000,9999.000,9999.000,9999.000,9999.000
202607180930,   1.649,9999.000,9999.000,9999.000,9999.000,9999.000,9999.000,9999.000,9999.000
202607180936,   1.658,9999.000,9999.000,9999.000,9999.000,9999.000,9999.000,9999.000,9999.000
202607180942,   1.666,9999.000,9999.000,9999.000,9999.000,9999.000,9999.000,9999.000,9999.000
202607180948,   1.673,9999.000,9999.000,9999.000,9999.000,9999.000,9999.000,9999.000,9999.000
202607180954,   1.679,9999.000,9999.000,9999.000,9999.000,9999.000,9999.000,9999.000,9999.000
202607181000,   1.683,9999.000,   0.600,9999.000,   2.283,   0.600,   2.283,   0.600,   2.283
202607181006,   1.686,9999.000,9999.000,9999.000,9999.000,9999.000,9999.000,9999.000,9999.000
202607181012,   1.688,9999.000,9999.000,9999.000,9999.000,9999.000,9999.000,9999.000,9999.000
202607181018,   1.688,9999.000,9999.000,9999.000,9999.000,9999.000,9999.000,9999.000,9999.000
202607181024,   1.688,9999.000,9999.000,9999.000,9999.000,9999.000,9999.000,9999.000,9999.000
202607181030,   1.685,9999.000,9999.000,9999.000,9999.000,9999.000,9999.000,9999.000,9999.000
202607181036,   1.681,9999.000,9999.000,9999.000,9999.000,9999.000,9999.000,9999.000,9999.000
202607181042,   1.675,9999.000,9999.000,9999.000,9999.000,9999.000,9999.000,9999.000,9999.000
202607181048,   1.668,9999.000,9999.000,9999.000,9999.000,9999.000,9999.000,9999.000,9999.000
202607181054,   1.658,9999.000,9999.000,9999.000,9999.000,9999.000,9999.000,9999.000,9999.000
202607181100,   1.647,9999.000,   0.600,9999.000,   2.247,   0.600,   2.247,   0.600,   2.247
202607181106,   1.634,9999.000,9999.000,9999.000,9999.000,9999.000,9999.000,9999.000,9999.000
202607181112,   1.619,9999.000,9999.000,9999.000,9999.000,9999.000,9999.000,9999.000,9999.000
202607181118,   1.601,9999.000,9999.000,9999.000,9999.000,9999.000,9999.000,9999.000,9999.000
202607181124,   1.582,9999.000,9999.000,9999.000,9999.000,9999.000,9999.000,9999.000,9999.000
202607181130,   1.561,9999.000,9999.000,9999.000,9999.000,9999.000,9999.000,9999.000,9999.000
202607181136,   1.538,9999.000,9999.000,9999.000,9999.000,9999.000,9999.000,9999.000,9999.000
202607181142,   1.513,9999.000,9999.000,9999.000,9999.000,9999.000,9999.000,9999.000,9999.000
202607181148,   1.486,9999.000,9999.000,9999.000,9999.000,9999.000,9999.000,9999.000,9999.000
202607181154,   1.457,9999.000,9999.000,9999.000,9999.000,9999.000,9999.000,9999.000,9999.000
202607181200,   1.427,9999.000,   0.600,9999.000,   2.027,   0.600,   2.027,   0.700,   2.127
202607181206,   1.396,9999.000,9999.000,9999.000,9999.000,9999.000,9999.000,9999.000,9999.000
202607181212,   1.364,9999.000,9999.000,9999.000,9999.000,9999.000,9999.000,9999.000,9999.000
202607181218,   1.330,9999.000,9999.000,9999.000,9999.000,9999.000,9999.000,9999.000,9999.000
202607181224,   1.295,9999.000,9999.000,9999.000,9999.000,9999.000,9999.000,9999.000,9999.000
202607181230,   1.259,9999.000,9999.000,9999.000,9999.000,9999.000,9999.000,9999.000,9999.000
202607181236,   1.223,9999.000,9999.000,9999.000,9999.000,9999.000,9999.000,9999.000,9999.000
202607181242,   1.186,9999.000,9999.000,9999.000,9999.000,9999.000,9999.000,9999.000,9999.000
202607181248,   1.148,9999.000,9999.000,9999.000,9999.000,9999.000,9999.000,9999.000,9999.000
202607181254,   1.110,9999.000,9999.000,9999.000,9999.000,9999.000,9999.000,9999.000,9999.000
202607181300,   1.072,9999.000,   0.600,9999.000,   1.672,   0.600,   1.672,   0.700,   1.772
202607181306,   1.033,9999.000,9999.000,9999.000,9999.000,9999.000,9999.000,9999.000,9999.000
202607181312,   0.994,9999.000,9999.000,9999.000,9999.000,9999.000,9999.000,9999.000,9999.000
202607181318,   0.954,9999.000,9999.000,9999.000,9999.000,9999.000,9999.000,9999.000,9999.000
202607181324,   0.915,9999.000,9999.000,9999.000,9999.000,9999.000,9999.000,9999.000,9999.000
202607181330,   0.876,9999.000,9999.000,9999.000,9999.000,9999.000,9999.000,9999.000,9999.000
202607181336,   0.836,9999.000,9999.000,9999.000,9999.000,9999.000,9999.000,9999.000,9999.000
202607181342,   0.797,9999.000,9999.000,9999.000,9999.000,9999.000,9999.000,9999.000,9999.000
202607181348,   0.759,9999.000,9999.000,9999.000,9999.000,9999.000,9999.000,9999.000,9999.000
202607181354,   0.720,9999.000,9999.000,9999.000,9999.000,9999.000,9999.000,9999.000,9999.000
202607181400,   0.682,9999.000,   0.600,9999.000,   1.282,   0.600,   1.282,   0.700,   1.382
202607181406,   0.644,9999.000,9999.000,9999.000,9999.000,9999.000,9999.000,9999.000,9999.000
202607181412,   0.607,9999.000,9999.000,9999.000,9999.000,9999.000,9999.000,9999.000,9999.000
202607181418,   0.570,9999.000,9999.000,9999.000,9999.000,9999.000,9999.000,9999.000,9999.000
202607181424,   0.534,9999.000,9999.000,9999.000,9999.000,9999.000,9999.000,9999.000,9999.000
202607181430,   0.498,9999.000,9999.000,9999.000,9999.000,9999.000,9999.000,9999.000,9999.000
202607181436,   0.463,9999.000,9999.000,9999.000,9999.000,9999.000,9999.000,9999.000,9999.000
202607181442,   0.429,9999.000,9999.000,9999.000,9999.000,9999.000,9999.000,9999.000,9999.000
202607181448,   0.397,9999.000,9999.000,9999.000,9999.000,9999.000,9999.000,9999.000,9999.000
202607181454,   0.366,9999.000,9999.000,9999.000,9999.000,9999.000,9999.000,9999.000,9999.000
202607181500,   0.336,9999.000,   0.600,9999.000,   0.936,   0.600,   0.936,   0.700,   1.036
202607181506,   0.309,9999.000,9999.000,9999.000,9999.000,9999.000,9999.000,9999.000,9999.000
202607181512,   0.283,9999.000,9999.000,9999.000,9999.000,9999.000,9999.000,9999.000,9999.000
202607181518,   0.260,9999.000,9999.000,9999.000,9999.000,9999.000,9999.000,9999.000,9999.000
202607181524,   0.240,9999.000,9999.000,9999.000,9999.000,9999.000,9999.000,9999.000,9999.000
202607181530,   0.223,9999.000,9999.000,9999.000,9999.000,9999.000,9999.000,9999.000,9999.000
202607181536,   0.209,9999.000,9999.000,9999.000,9999.000,9999.000,9999.000,9999.000,9999.000
202607181542,   0.198,9999.000,9999.000,9999.000,9999.000,9999.000,9999.000,9999.000,9999.000
202607181548,   0.190,9999.000,9999.000,9999.000,9999.000,9999.000,9999.000,9999.000,9999.000
202607181554,   0.186,9999.000,9999.000,9999.000,9999.000,9999.000,9999.000,9999.000,9999.000
202607181600,   0.185,9999.000,   0.600,9999.000,   0.785,   0.600,   0.785,   0.700,   0.885
202607181606,   0.187,9999.000,9999.000,9999.000,9999.000,9999.000,9999.000,9999.000,9999.000
202607181612,   0.193,9999.000,9999.000,9999.000,9999.000,9999.000,9999.000,9999.000,9999.000
202607181618,   0.201,9999.000,9999.000,9999.000,9999.000,9999.000,9999.000,9999.000,9999.000
202607181624,   0.212,9999.000,9999.000,9999.000,9999.000,9999.000,9999.000,9999.000,9999.000
202607181630,   0.226,9999.000,9999.000,9999.000,9999.000,9999.000,9999.000,9999.000,9999.000
202607181636,   0.242,9999.000,9999.000,9999.000,9999.000,9999.000,9999.000,9999.000,9999.000
202607181642,   0.261,9999.000,9999.000,9999.000,9999.000,9999.000,9999.000,9999.000,9999.000
202607181648,   0.281,9999.000,9999.000,9999.000,9999.000,9999.000,9999.000,9999.000,9999.000
202607181654,   0.304,9999.000,9999.000,9999.000,9999.000,9999.000,9999.000,9999.000,9999.000
202607181700,   0.329,9999.000,   0.600,9999.000,   0.929,   0.600,   0.929,   0.600,   0.929
202607181706,   0.355,9999.000,9999.000,9999.000,9999.000,9999.000,9999.000,9999.000,9999.000
202607181712,   0.382,9999.000,9999.000,9999.000,9999.000,9999.000,9999.000,9999.000,9999.000
202607181718,   0.411,9999.000,9999.000,9999.000,9999.000,9999.000,9999.000,9999.000,9999.000
202607181724,   0.440,9999.000,9999.000,9999.000,9999.000,9999.000,9999.000,9999.000,9999.000
202607181730,   0.471,9999.000,9999.000,9999.000,9999.000,9999.000,9999.000,9999.000,9999.000
202607181736,   0.503,9999.000,9999.000,9999.000,9999.000,9999.000,9999.000,9999.000,9999.000
202607181742,   0.535,9999.000,9999.000,9999.000,9999.000,9999.000,9999.000,9999.000,9999.000
202607181748,   0.568,9999.000,9999.000,9999.000,9999.000,9999.000,9999.000,9999.000,9999.000
202607181754,   0.602,9999.000,9999.000,9999.000,9999.000,9999.000,9999.000,9999.000,9999.000
202607181800,   0.635,9999.000,   0.600,9999.000,   1.235,   0.600,   1.235,   0.700,   1.335
202607181806,   0.669,9999.000,9999.000,9999.000,9999.000,9999.000,9999.000,9999.000,9999.000
202607181812,   0.704,9999.000,9999.000,9999.000,9999.000,9999.000,9999.000,9999.000,9999.000
202607181818,   0.738,9999.000,9999.000,9999.000,9999.000,9999.000,9999.000,9999.000,9999.000
202607181824,   0.772,9999.000,9999.000,9999.000,9999.000,9999.000,9999.000,9999.000,9999.000
202607181830,   0.807,9999.000,9999.000,9999.000,9999.000,9999.000,9999.000,9999.000,9999.000
202607181836,   0.841,9999.000,9999.000,9999.000,9999.000,9999.000,9999.000,9999.000,9999.000
202607181842,   0.875,9999.000,9999.000,9999.000,9999.000,9999.000,9999.000,9999.000,9999.000
202607181848,   0.909,9999.000,9999.000,9999.000,9999.000,9999.000,9999.000,9999.000,9999.000
202607181854,   0.942,9999.000,9999.000,9999.000,9999.000,9999.000,9999.000,9999.000,9999.000
202607181900,   0.975,9999.000,   0.600,9999.000,   1.575,   0.600,   1.575,   0.700,   1.675
202607181906,   1.008,9999.000,9999.000,9999.000,9999.000,9999.000,9999.000,9999.000,9999.000
202607181912,   1.040,9999.000,9999.000,9999.000,9999.000,9999.000,9999.000,9999.000,9999.000
202607181918,   1.072,9999.000,9999.000,9999.000,9999.000,9999.000,9999.000,9999.000,9999.000
202607181924,   1.103,9999.000,9999.000,9999.000,9999.000,9999.000,9999.000,9999.000,9999.000
202607181930,   1.133,9999.000,9999.000,9999.000,9999.000,9999.000,9999.000,9999.000,9999.000
202607181936,   1.163,9999.000,9999.000,9999.000,9999.000,9999.000,9999.000,9999.000,9999.000
202607181942,   1.193,9999.000,9999.000,9999.000,9999.000,9999.000,9999.000,9999.000,9999.000
202607181948,   1.222,9999.000,9999.000,9999.000,9999.000,9999.000,9999.000,9999.000,9999.000
202607181954,   1.250,9999.000,9999.000,9999.000,9999.000,9999.000,9999.000,9999.000,9999.000
202607182000,   1.277,9999.000,   0.600,9999.000,   1.877,   0.600,   1.877,   0.700,   1.977
202607182006,   1.304,9999.000,9999.000,9999.000,9999.000,9999.000,9999.000,9999.000,9999.000
202607182012,   1.329,9999.000,9999.000,9999.000,9999.000,9999.000,9999.000,9999.000,9999.000
202607182018,   1.355,9999.000,9999.000,9999.000,9999.000,9999.000,9999.000,9999.000,9999.000
202607182024,   1.379,9999.000,9999.000,9999.000,9999.000,9999.000,9999.000,9999.000,9999.000
202607182030,   1.403,9999.000,9999.000,9999.000,9999.000,9999.000,9999.000,9999.000,9999.000
202607182036,   1.426,9999.000,9999.000,9999.000,9999.000,9999.000,9999.000,9999.000,9999.000
202607182042,   1.448,9999.000,9999.000,9999.000,9999.000,9999.000,9999.000,9999.000,9999.000
202607182048,   1.469,9999.000,9999.000,9999.000,9999.000,9999.000,9999.000,9999.000,9999.000
202607182054,   1.490,9999.000,9999.000,9999.000,9999.000,9999.000,9999.000,9999.000,9999.000
202607182100,   1.509,9999.000,   0.600,9999.000,   2.109,   0.600,   2.109,   0.700,   2.209
202607182106,   1.528,9999.000,9999.000,9999.000,9999.000,9999.000,9999.000,9999.000,9999.000
202607182112,   1.546,9999.000,9999.000,9999.000,9999.000,9999.000,9999.000,9999.000,9999.000
202607182118,   1.564,9999.000,9999.000,9999.000,9999.000,9999.000,9999.000,9999.000,9999.000
202607182124,   1.580,9999.000,9999.000,9999.000,9999.000,9999.000,9999.000,9999.000,9999.000
202607182130,   1.596,9999.000,9999.000,9999.000,9999.000,9999.000,9999.000,9999.000,9999.000
202607182136,   1.611,9999.000,9999.000,9999.000,9999.000,9999.000,9999.000,9999.000,9999.000
202607182142,   1.624,9999.000,9999.000,9999.000,9999.000,9999.000,9999.000,9999.000,9999.000
202607182148,   1.637,9999.000,9999.000,9999.000,9999.000,9999.000,9999.000,9999.000,9999.000
202607182154,   1.649,9999.000,9999.000,9999.000,9999.000,9999.000,9999.000,9999.000,9999.000
202607182200,   1.660,9999.000,   0.600,9999.000,   2.260,   0.600,   2.260,   0.700,   2.360
202607182206,   1.671,9999.000,9999.000,9999.000,9999.000,9999.000,9999.000,9999.000,9999.000
202607182212,   1.680,9999.000,9999.000,9999.000,9999.000,9999.000,9999.000,9999.000,9999.000
202607182218,   1.688,9999.000,9999.000,9999.000,9999.000,9999.000,9999.000,9999.000,9999.000
202607182224,   1.695,9999.000,9999.000,9999.000,9999.000,9999.000,9999.000,9999.000,9999.000
202607182230,   1.700,9999.000,9999.000,9999.000,9999.000,9999.000,9999.000,9999.000,9999.000
202607182236,   1.705,9999.000,9999.000,9999.000,9999.000,9999.000,9999.000,9999.000,9999.000
202607182242,   1.708,9999.000,9999.000,9999.000,9999.000,9999.000,9999.000,9999.000,9999.000
202607182248,   1.710,9999.000,9999.000,9999.000,9999.000,9999.000,9999.000,9999.000,9999.000
202607182254,   1.710,9999.000,9999.000,9999.000,9999.000,9999.000,9999.000,9999.000,9999.000
202607182300,   1.709,9999.000,   0.600,9999.000,   2.309,   0.600,   2.309,   0.700,   2.409
202607182306,   1.707,9999.000,9999.000,9999.000,9999.000,9999.000,9999.000,9999.000,9999.000
202607182312,   1.703,9999.000,9999.000,9999.000,9999.000,9999.000,9999.000,9999.000,9999.000
202607182318,   1.697,9999.000,9999.000,9999.000,9999.000,9999.000,9999.000,9999.000,9999.000
202607182324,   1.689,9999.000,9999.000,9999.000,9999.000,9999.000,9999.000,9999.000,9999.000
202607182330,   1.680,9999.000,9999.000,9999.000,9999.000,9999.000,9999.000,9999.000,9999.000
202607182336,   1.669,9999.000,9999.000,9999.000,9999.000,9999.000,9999.000,9999.000,9999.000
202607182342,   1.655,9999.000,9999.000,9999.000,9999.000,9999.000,9999.000,9999.000,9999.000
202607182348,   1.640,9999.000,9999.000,9999.000,9999.000,9999.000,9999.000,9999.000,9999.000
202607182354,   1.623,9999.000,9999.000,9999.000,9999.000,9999.000,9999.000,9999.000,9999.000
202607190000,   1.603,9999.000,   0.600,9999.000,   2.203,   0.600,   2.203,   0.700,   2.303
202607190006,   1.582,9999.000,9999.000,9999.000,9999.000,9999.000,9999.000,9999.000,9999.000
202607190012,   1.559,9999.000,9999.000,9999.000,9999.000,9999.000,9999.000,9999.000,9999.000
202607190018,   1.533,9999.000,9999.000,9999.000,9999.000,9999.000,9999.000,9999.000,9999.000
202607190024,   1.506,9999.000,9999.000,9999.000,9999.000,9999.000,9999.000,9999.000,9999.000
202607190030,   1.478,9999.000,9999.000,9999.000,9999.000,9999.000,9999.000,9999.000,9999.000
202607190036,   1.448,9999.000,9999.000,9999.000,9999.000,9999.000,9999.000,9999.000,9999.000
202607190042,   1.416,9999.000,9999.000,9999.000,9999.000,9999.000,9999.000,9999.000,9999.000
202607190048,   1.383,9999.000,9999.000,9999.000,9999.000,9999.000,9999.000,9999.000,9999.000
202607190054,   1.349,9999.000,9999.000,9999.000,9999.000,9999.000,9999.000,9999.000,9999.000
202607190100,   1.314,9999.000,   0.600,9999.000,   1.914,   0.600,   1.914,   0.700,   2.014
202607190106,   1.278,9999.000,9999.000,9999.000,9999.000,9999.000,9999.000,9999.000,9999.000
202607190112,   1.242,9999.000,9999.000,9999.000,9999.000,9999.000,9999.000,9999.000,9999.000
202607190118,   1.204,9999.000,9999.000,9999.000,9999.000,9999.000,9999.000,9999.000,9999.000
202607190124,   1.166,9999.000,9999.000,9999.000,9999.000,9999.000,9999.000,9999.000,9999.000
202607190130,   1.128,9999.000,9999.000,9999.000,9999.000,9999.000,9999.000,9999.000,9999.000
202607190136,   1.089,9999.000,9999.000,9999.000,9999.000,9999.000,9999.000,9999.000,9999.000
202607190142,   1.051,9999.000,9999.000,9999.000,9999.000,9999.000,9999.000,9999.000,9999.000
202607190148,   1.012,9999.000,9999.000,9999.000,9999.000,9999.000,9999.000,9999.000,9999.000
202607190154,   0.972,9999.000,9999.000,9999.000,9999.000,9999.000,9999.000,9999.000,9999.000
202607190200,   0.933,9999.000,   0.600,9999.000,   1.533,   0.500,   1.433,   0.700,   1.633
202607190206,   0.895,9999.000,9999.000,9999.000,9999.000,9999.000,9999.000,9999.000,9999.000
202607190212,   0.856,9999.000,9999.000,9999.000,9999.000,9999.000,9999.000,9999.000,9999.000
202607190218,   0.818,9999.000,9999.000,9999.000,9999.000,9999.000,9999.000,9999.000,9999.000
202607190224,   0.780,9999.000,9999.000,9999.000,9999.000,9999.000,9999.000,9999.000,9999.000
202607190230,   0.742,9999.000,9999.000,9999.000,9999.000,9999.000,9999.000,9999.000,9999.000
202607190236,   0.705,9999.000,9999.000,9999.000,9999.000,9999.000,9999.000,9999.000,9999.000
202607190242,   0.669,9999.000,9999.000,9999.000,9999.000,9999.000,9999.000,9999.000,9999.000
202607190248,   0.633,9999.000,9999.000,9999.000,9999.000,9999.000,9999.000,9999.000,9999.000
202607190254,   0.598,9999.000,9999.000,9999.000,9999.000,9999.000,9999.000,9999.000,9999.000
202607190300,   0.564,9999.000,   0.600,9999.000,   1.164,   0.600,   1.164,   0.700,   1.264
202607190306,   0.531,9999.000,9999.000,9999.000,9999.000,9999.000,9999.000,9999.000,9999.000
202607190312,   0.498,9999.000,9999.000,9999.000,9999.000,9999.000,9999.000,9999.000,9999.000
202607190318,   0.467,9999.000,9999.000,9999.000,9999.000,9999.000,9999.000,9999.000,9999.000
202607190324,   0.438,9999.000,9999.000,9999.000,9999.000,9999.000,9999.000,9999.000,9999.000
202607190330,   0.411,9999.000,9999.000,9999.000,9999.000,9999.000,9999.000,9999.000,9999.000
202607190336,   0.386,9999.000,9999.000,9999.000,9999.000,9999.000,9999.000,9999.000,9999.000
202607190342,   0.363,9999.000,9999.000,9999.000,9999.000,9999.000,9999.000,9999.000,9999.000
202607190348,   0.342,9999.000,9999.000,9999.000,9999.000,9999.000,9999.000,9999.000,9999.000
202607190354,   0.325,9999.000,9999.000,9999.000,9999.000,9999.000,9999.000,9999.000,9999.000
202607190400,   0.310,9999.000,   0.600,9999.000,   0.910,   0.600,   0.910,   0.700,   1.010
202607190406,   0.299,9999.000,9999.000,9999.000,9999.000,9999.000,9999.000,9999.000,9999.000
202607190412,   0.290,9999.000,9999.000,9999.000,9999.000,9999.000,9999.000,9999.000,9999.000
202607190418,   0.285,9999.000,9999.000,9999.000,9999.000,9999.000,9999.000,9999.000,9999.000
202607190424,   0.283,9999.000,9999.000,9999.000,9999.000,9999.000,9999.000,9999.000,9999.000
202607190430,   0.284,9999.000,9999.000,9999.000,9999.000,9999.000,9999.000,9999.000,9999.000
202607190436,   0.288,9999.000,9999.000,9999.000,9999.000,9999.000,9999.000,9999.000,9999.000
202607190442,   0.295,9999.000,9999.000,9999.000,9999.000,9999.000,9999.000,9999.000,9999.000
202607190448,   0.304,9999.000,9999.000,9999.000,9999.000,9999.000,9999.000,9999.000,9999.000
202607190454,   0.316,9999.000,9999.000,9999.000,9999.000,9999.000,9999.000,9999.000,9999.000
202607190500,   0.330,9999.000,   0.600,9999.000,   0.930,   0.600,   0.930,   0.600,   0.930
202607190506,   0.347,9999.000,9999.000,9999.000,9999.000,9999.000,9999.000,9999.000,9999.000
202607190512,   0.365,9999.000,9999.000,9999.000,9999.000,9999.000,9999.000,9999.000,9999.000
202607190518,   0.385,9999.000,9999.000,9999.000,9999.000,9999.000,9999.000,9999.000,9999.000
202607190524,   0.407,9999.000,9999.000,9999.000,9999.000,9999.000,9999.000,9999.000,9999.000
202607190530,   0.430,9999.000,9999.000,9999.000,9999.000,9999.000,9999.000,9999.000,9999.000
202607190536,   0.455,9999.000,9999.000,9999.000,9999.000,9999.000,9999.000,9999.000,9999.000
202607190542,   0.480,9999.000,9999.000,9999.000,9999.000,9999.000,9999.000,9999.000,9999.000
202607190548,   0.507,9999.000,9999.000,9999.000,9999.000,9999.000,9999.000,9999.000,9999.000
202607190554,   0.535,9999.000,9999.000,9999.000,9999.000,9999.000,9999.000,9999.000,9999.000
202607190600,   0.563,9999.000,   0.600,9999.000,   1.163,   0.500,   1.063,   0.600,   1.163
202607190606,   0.592,9999.000,9999.000,9999.000,9999.000,9999.000,9999.000,9999.000,9999.000
202607190612,   0.621,9999.000,9999.000,9999.000,9999.000,9999.000,9999.000,9999.000,9999.000
202607190618,   0.651,9999.000,9999.000,9999.000,9999.000,9999.000,9999.000,9999.000,9999.000
202607190624,   0.681,9999.000,9999.000,9999.000,9999.000,9999.000,9999.000,9999.000,9999.000
202607190630,   0.712,9999.000,9999.000,9999.000,9999.000,9999.000,9999.000,9999.000,9999.000
202607190636,   0.742,9999.000,9999.000,9999.000,9999.000,9999.000,9999.000,9999.000,9999.000
202607190642,   0.773,9999.000,9999.000,9999.000,9999.000,9999.000,9999.000,9999.000,9999.000
202607190648,   0.804,9999.000,9999.000,9999.000,9999.000,9999.000,9999.000,9999.000,9999.000
202607190654,   0.834,9999.000,9999.000,9999.000,9999.000,9999.000,9999.000,9999.000,9999.000
202607190700,   0.865,9999.000,   0.600,9999.000,   1.465,   0.500,   1.365,   0.600,   1.465
202607190706,   0.895,9999.000,9999.000,9999.000,9999.000,9999.000,9999.000,9999.000,9999.000
202607190712,   0.925,9999.000,9999.000,9999.000,9999.000,9999.000,9999.000,9999.000,9999.000
202607190718,   0.955,9999.000,9999.000,9999.000,9999.000,9999.000,9999.000,9999.000,9999.000
202607190724,   0.984,9999.000,9999.000,9999.000,9999.000,9999.000,9999.000,9999.000,9999.000
202607190730,   1.013,9999.000,9999.000,9999.000,9999.000,9999.000,9999.000,9999.000,9999.000
202607190736,   1.041,9999.000,9999.000,9999.000,9999.000,9999.000,9999.000,9999.000,9999.000
202607190742,   1.070,9999.000,9999.000,9999.000,9999.000,9999.000,9999.000,9999.000,9999.000
202607190748,   1.097,9999.000,9999.000,9999.000,9999.000,9999.000,9999.000,9999.000,9999.000
202607190754,   1.124,9999.000,9999.000,9999.000,9999.000,9999.000,9999.000,9999.000,9999.000
202607190800,   1.151,9999.000,   0.500,9999.000,   1.651,   0.500,   1.651,   0.600,   1.751
202607190806,   1.177,9999.000,9999.000,9999.000,9999.000,9999.000,9999.000,9999.000,9999.000
202607190812,   1.202,9999.000,9999.000,9999.000,9999.000,9999.000,9999.000,9999.000,9999.000
202607190818,   1.226,9999.000,9999.000,9999.000,9999.000,9999.000,9999.000,9999.000,9999.000
202607190824,   1.250,9999.000,9999.000,9999.000,9999.000,9999.000,9999.000,9999.000,9999.000
202607190830,   1.274,9999.000,9999.000,9999.000,9999.000,9999.000,9999.000,9999.000,9999.000
202607190836,   1.297,9999.000,9999.000,9999.000,9999.000,9999.000,9999.000,9999.000,9999.000
202607190842,   1.319,9999.000,9999.000,9999.000,9999.000,9999.000,9999.000,9999.000,9999.000
202607190848,   1.340,9999.000,9999.000,9999.000,9999.000,9999.000,9999.000,9999.000,9999.000
202607190854,   1.361,9999.000,9999.000,9999.000,9999.000,9999.000,9999.000,9999.000,9999.000
202607190900,   1.380,9999.000,   0.500,9999.000,   1.880,   0.500,   1.880,   0.600,   1.980
202607190906,   1.400,9999.000,9999.000,9999.000,9999.000,9999.000,9999.000,9999.000,9999.000
202607190912,   1.418,9999.000,9999.000,9999.000,9999.000,9999.000,9999.000,9999.000,9999.000
202607190918,   1.436,9999.000,9999.000,9999.000,9999.000,9999.000,9999.000,9999.000,9999.000
202607190924,   1.453,9999.000,9999.000,9999.000,9999.000,9999.000,9999.000,9999.000,9999.000
202607190930,   1.469,9999.000,9999.000,9999.000,9999.000,9999.000,9999.000,9999.000,9999.000
202607190936,   1.485,9999.000,9999.000,9999.000,9999.000,9999.000,9999.000,9999.000,9999.000
202607190942,   1.500,9999.000,9999.000,9999.000,9999.000,9999.000,9999.000,9999.000,9999.000
202607190948,   1.514,9999.000,9999.000,9999.000,9999.000,9999.000,9999.000,9999.000,9999.000
202607190954,   1.527,9999.000,9999.000,9999.000,9999.000,9999.000,9999.000,9999.000,9999.000
202607191000,   1.540,9999.000,   0.500,9999.000,   2.040,   0.500,   2.040,   0.500,   2.040
202607191006,   1.552,9999.000,9999.000,9999.000,9999.000,9999.000,9999.000,9999.000,9999.000
202607191012,   1.563,9999.000,9999.000,9999.000,9999.000,9999.000,9999.000,9999.000,9999.000
202607191018,   1.573,9999.000,9999.000,9999.000,9999.000,9999.000,9999.000,9999.000,9999.000
202607191024,   1.582,9999.000,9999.000,9999.000,9999.000,9999.000,9999.000,9999.000,9999.000
202607191030,   1.590,9999.000,9999.000,9999.000,9999.000,9999.000,9999.000,9999.000,9999.000
202607191036,   1.598,9999.000,9999.000,9999.000,9999.000,9999.000,9999.000,9999.000,9999.000
202607191042,   1.604,9999.000,9999.000,9999.000,9999.000,9999.000,9999.000,9999.000,9999.000
202607191048,   1.610,9999.000,9999.000,9999.000,9999.000,9999.000,9999.000,9999.000,9999.000
202607191054,   1.614,9999.000,9999.000,9999.000,9999.000,9999.000,9999.000,9999.000,9999.000
202607191100,   1.617,9999.000,   0.500,9999.000,   2.117,   0.500,   2.117,   0.500,   2.117
202607191106,   1.619,9999.000,9999.000,9999.000,9999.000,9999.000,9999.000,9999.000,9999.000
202607191112,   1.620,9999.000,9999.000,9999.000,9999.000,9999.000,9999.000,9999.000,9999.000
202607191118,   1.619,9999.000,9999.000,9999.000,9999.000,9999.000,9999.000,9999.000,9999.000
202607191124,   1.617,9999.000,9999.000,9999.000,9999.000,9999.000,9999.000,9999.000,9999.000
202607191130,   1.613,9999.000,9999.000,9999.000,9999.000,9999.000,9999.000,9999.000,9999.000
202607191136,   1.608,9999.000,9999.000,9999.000,9999.000,9999.000,9999.000,9999.000,9999.000
202607191142,   1.601,9999.000,9999.000,9999.000,9999.000,9999.000,9999.000,9999.000,9999.000
202607191148,   1.592,9999.000,9999.000,9999.000,9999.000,9999.000,9999.000,9999.000,9999.000
202607191154,   1.581,9999.000,9999.000,9999.000,9999.000,9999.000,9999.000,9999.000,9999.000
202607191200,   1.568,9999.000,   0.500,9999.000,   2.068,   0.500,   2.068,   0.500,   2.068
202607191206,   1.553,9999.000,9999.000,9999.000,9999.000,9999.000,9999.000,9999.000,9999.000
202607191212,   1.536,9999.000,9999.000,9999.000,9999.000,9999.000,9999.000,9999.000,9999.000
202607191218,   1.517,9999.000,9999.000,9999.000,9999.000,9999.000,9999.000,9999.000,9999.000
202607191224,   1.496,9999.000,9999.000,9999.000,9999.000,9999.000,9999.000,9999.000,9999.000
202607191230,   1.473,9999.000,9999.000,9999.000,9999.000,9999.000,9999.000,9999.000,9999.000
202607191236,   1.448,9999.000,9999.000,9999.000,9999.000,9999.000,9999.000,9999.000,9999.000
202607191242,   1.421,9999.000,9999.000,9999.000,9999.000,9999.000,9999.000,9999.000,9999.000
202607191248,   1.393,9999.000,9999.000,9999.000,9999.000,9999.000,9999.000,9999.000,9999.000
202607191254,   1.362,9999.000,9999.000,9999.000,9999.000,9999.000,9999.000,9999.000,9999.000
202607191300,   1.331,9999.000,   0.500,9999.000,   1.831,   0.400,   1.731,   0.500,   1.831
202607191306,   1.298,9999.000,9999.000,9999.000,9999.000,9999.000,9999.000,9999.000,9999.000
202607191312,   1.263,9999.000,9999.000,9999.000,9999.000,9999.000,9999.000,9999.000,9999.000
202607191318,   1.228,9999.000,9999.000,9999.000,9999.000,9999.000,9999.000,9999.000,9999.000
202607191324,   1.192,9999.000,9999.000,9999.000,9999.000,9999.000,9999.000,9999.000,9999.000
202607191330,   1.156,9999.000,9999.000,9999.000,9999.000,9999.000,9999.000,9999.000,9999.000
202607191336,   1.118,9999.000,9999.000,9999.000,9999.000,9999.000,9999.000,9999.000,9999.000
202607191342,   1.081,9999.000,9999.000,9999.000,9999.000,9999.000,9999.000,9999.000,9999.000
202607191348,   1.043,9999.000,9999.000,9999.000,9999.000,9999.000,9999.000,9999.000,9999.000
202607191354,   1.004,9999.000,9999.000,9999.000,9999.000,9999.000,9999.000,9999.000,9999.000
202607191400,   0.966,9999.000,   0.500,9999.000,   1.466,   0.400,   1.366,   0.500,   1.466
202607191406,   0.927,9999.000,9999.000,9999.000,9999.000,9999.000,9999.000,9999.000,9999.000
202607191412,   0.889,9999.000,9999.000,9999.000,9999.000,9999.000,9999.000,9999.000,9999.000
202607191418,   0.851,9999.000,9999.000,9999.000,9999.000,9999.000,9999.000,9999.000,9999.000
202607191424,   0.813,9999.000,9999.000,9999.000,9999.000,9999.000,9999.000,9999.000,9999.000
202607191430,   0.775,9999.000,9999.000,9999.000,9999.000,9999.000,9999.000,9999.000,9999.000
202607191436,   0.738,9999.000,9999.000,9999.000,9999.000,9999.000,9999.000,9999.000,9999.000
202607191442,   0.702,9999.000,9999.000,9999.000,9999.000,9999.000,9999.000,9999.000,9999.000
202607191448,   0.666,9999.000,9999.000,9999.000,9999.000,9999.000,9999.000,9999.000,9999.000
202607191454,   0.630,9999.000,9999.000,9999.000,9999.000,9999.000,9999.000,9999.000,9999.000
202607191500,   0.596,9999.000,   0.500,9999.000,   1.096,   0.400,   0.996,   0.500,   1.096
202607191506,   0.562,9999.000,9999.000,9999.000,9999.000,9999.000,9999.000,9999.000,9999.000
202607191512,   0.529,9999.000,9999.000,9999.000,9999.000,9999.000,9999.000,9999.000,9999.000
202607191518,   0.497,9999.000,9999.000,9999.000,9999.000,9999.000,9999.000,9999.000,9999.000
202607191524,   0.465,9999.000,9999.000,9999.000,9999.000,9999.000,9999.000,9999.000,9999.000
202607191530,   0.436,9999.000,9999.000,9999.000,9999.000,9999.000,9999.000,9999.000,9999.000
202607191536,   0.407,9999.000,9999.000,9999.000,9999.000,9999.000,9999.000,9999.000,9999.000
202607191542,   0.380,9999.000,9999.000,9999.000,9999.000,9999.000,9999.000,9999.000,9999.000
202607191548,   0.354,9999.000,9999.000,9999.000,9999.000,9999.000,9999.000,9999.000,9999.000
202607191554,   0.331,9999.000,9999.000,9999.000,9999.000,9999.000,9999.000,9999.000,9999.000
202607191600,   0.309,9999.000,   0.500,9999.000,   0.809,   0.400,   0.709,   0.500,   0.809
202607191606,   0.290,9999.000,9999.000,9999.000,9999.000,9999.000,9999.000,9999.000,9999.000
202607191612,   0.274,9999.000,9999.000,9999.000,9999.000,9999.000,9999.000,9999.000,9999.000
202607191618,   0.260,9999.000,9999.000,9999.000,9999.000,9999.000,9999.000,9999.000,9999.000
202607191624,   0.249,9999.000,9999.000,9999.000,9999.000,9999.000,9999.000,9999.000,9999.000
202607191630,   0.241,9999.000,9999.000,9999.000,9999.000,9999.000,9999.000,9999.000,9999.000
202607191636,   0.235,9999.000,9999.000,9999.000,9999.000,9999.000,9999.000,9999.000,9999.000
202607191642,   0.233,9999.000,9999.000,9999.000,9999.000,9999.000,9999.000,9999.000,9999.000
202607191648,   0.234,9999.000,9999.000,9999.000,9999.000,9999.000,9999.000,9999.000,9999.000
202607191654,   0.237,9999.000,9999.000,9999.000,9999.000,9999.000,9999.000,9999.000,9999.000
202607191700,   0.244,9999.000,   0.400,9999.000,   0.644,   0.400,   0.644,   0.500,   0.744
202607191706,   0.252,9999.000,9999.000,9999.000,9999.000,9999.000,9999.000,9999.000,9999.000
202607191712,   0.264,9999.000,9999.000,9999.000,9999.000,9999.000,9999.000,9999.000,9999.000
202607191718,   0.278,9999.000,9999.000,9999.000,9999.000,9999.000,9999.000,9999.000,9999.000
202607191724,   0.294,9999.000,9999.000,9999.000,9999.000,9999.000,9999.000,9999.000,9999.000
202607191730,   0.312,9999.000,9999.000,9999.000,9999.000,9999.000,9999.000,9999.000,9999.000
202607191736,   0.332,9999.000,9999.000,9999.000,9999.000,9999.000,9999.000,9999.000,9999.000
202607191742,   0.354,9999.000,9999.000,9999.000,9999.000,9999.000,9999.000,9999.000,9999.000
202607191748,   0.378,9999.000,9999.000,9999.000,9999.000,9999.000,9999.000,9999.000,9999.000
202607191754,   0.402,9999.000,9999.000,9999.000,9999.000,9999.000,9999.000,9999.000,9999.000
202607191800,   0.429,9999.000,   0.400,9999.000,   0.829,   0.400,   0.829,   0.500,   0.929
202607191806,   0.456,9999.000,9999.000,9999.000,9999.000,9999.000,9999.000,9999.000,9999.000
202607191812,   0.485,9999.000,9999.000,9999.000,9999.000,9999.000,9999.000,9999.000,9999.000
202607191818,   0.514,9999.000,9999.000,9999.000,9999.000,9999.000,9999.000,9999.000,9999.000
202607191824,   0.544,9999.000,9999.000,9999.000,9999.000,9999.000,9999.000,9999.000,9999.000
202607191830,   0.575,9999.000,9999.000,9999.000,9999.000,9999.000,9999.000,9999.000,9999.000
202607191836,   0.606,9999.000,9999.000,9999.000,9999.000,9999.000,9999.000,9999.000,9999.000
202607191842,   0.638,9999.000,9999.000,9999.000,9999.000,9999.000,9999.000,9999.000,9999.000
202607191848,   0.670,9999.000,9999.000,9999.000,9999.000,9999.000,9999.000,9999.000,9999.000
202607191854,   0.703,9999.000,9999.000,9999.000,9999.000,9999.000,9999.000,9999.000,9999.000
202607191900,   0.735,9999.000,   0.400,9999.000,   1.135,   0.400,   1.135,   0.400,   1.135
202607191906,   0.768,9999.000,9999.000,9999.000,9999.000,9999.000,9999.000,9999.000,9999.000
202607191912,   0.800,9999.000,9999.000,9999.000,9999.000,9999.000,9999.000,9999.000,9999.000
202607191918,   0.833,9999.000,9999.000,9999.000,9999.000,9999.000,9999.000,9999.000,9999.000
202607191924,   0.866,9999.000,9999.000,9999.000,9999.000,9999.000,9999.000,9999.000,9999.000
202607191930,   0.898,9999.000,9999.000,9999.000,9999.000,9999.000,9999.000,9999.000,9999.000
202607191936,   0.930,9999.000,9999.000,9999.000,9999.000,9999.000,9999.000,9999.000,9999.000
202607191942,   0.962,9999.000,9999.000,9999.000,9999.000,9999.000,9999.000,9999.000,9999.000
202607191948,   0.993,9999.000,9999.000,9999.000,9999.000,9999.000,9999.000,9999.000,9999.000
202607191954,   1.024,9999.000,9999.000,9999.000,9999.000,9999.000,9999.000,9999.000,9999.000
202607192000,   1.055,9999.000,   0.400,9999.000,   1.455,   0.400,   1.455,   0.400,   1.455
202607192006,   1.085,9999.000,9999.000,9999.000,9999.000,9999.000,9999.000,9999.000,9999.000
202607192012,   1.114,9999.000,9999.000,9999.000,9999.000,9999.000,9999.000,9999.000,9999.000
202607192018,   1.143,9999.000,9999.000,9999.000,9999.000,9999.000,9999.000,9999.000,9999.000
202607192024,   1.172,9999.000,9999.000,9999.000,9999.000,9999.000,9999.000,9999.000,9999.000
202607192030,   1.200,9999.000,9999.000,9999.000,9999.000,9999.000,9999.000,9999.000,9999.000
202607192036,   1.227,9999.000,9999.000,9999.000,9999.000,9999.000,9999.000,9999.000,9999.000
202607192042,   1.254,9999.000,9999.000,9999.000,9999.000,9999.000,9999.000,9999.000,9999.000
202607192048,   1.280,9999.000,9999.000,9999.000,9999.000,9999.000,9999.000,9999.000,9999.000
202607192054,   1.305,9999.000,9999.000,9999.000,9999.000,9999.000,9999.000,9999.000,9999.000
202607192100,   1.330,9999.000,   0.400,9999.000,   1.730,   0.400,   1.730,   0.500,   1.830
202607192106,   1.354,9999.000,9999.000,9999.000,9999.000,9999.000,9999.000,9999.000,9999.000
202607192112,   1.377,9999.000,9999.000,9999.000,9999.000,9999.000,9999.000,9999.000,9999.000
202607192118,   1.400,9999.000,9999.000,9999.000,9999.000,9999.000,9999.000,9999.000,9999.000
202607192124,   1.422,9999.000,9999.000,9999.000,9999.000,9999.000,9999.000,9999.000,9999.000
202607192130,   1.443,9999.000,9999.000,9999.000,9999.000,9999.000,9999.000,9999.000,9999.000
202607192136,   1.463,9999.000,9999.000,9999.000,9999.000,9999.000,9999.000,9999.000,9999.000
202607192142,   1.483,9999.000,9999.000,9999.000,9999.000,9999.000,9999.000,9999.000,9999.000
202607192148,   1.502,9999.000,9999.000,9999.000,9999.000,9999.000,9999.000,9999.000,9999.000
202607192154,   1.520,9999.000,9999.000,9999.000,9999.000,9999.000,9999.000,9999.000,9999.000
202607192200,   1.538,9999.000,   0.400,9999.000,   1.938,   0.400,   1.938,   0.500,   2.038
202607192206,   1.555,9999.000,9999.000,9999.000,9999.000,9999.000,9999.000,9999.000,9999.000
202607192212,   1.571,9999.000,9999.000,9999.000,9999.000,9999.000,9999.000,9999.000,9999.000
202607192218,   1.586,9999.000,9999.000,9999.000,9999.000,9999.000,9999.000,9999.000,9999.000
202607192224,   1.600,9999.000,9999.000,9999.000,9999.000,9999.000,9999.000,9999.000,9999.000
202607192230,   1.614,9999.000,9999.000,9999.000,9999.000,9999.000,9999.000,9999.000,9999.000
202607192236,   1.627,9999.000,9999.000,9999.000,9999.000,9999.000,9999.000,9999.000,9999.000
202607192242,   1.639,9999.000,9999.000,9999.000,9999.000,9999.000,9999.000,9999.000,9999.000
202607192248,   1.650,9999.000,9999.000,9999.000,9999.000,9999.000,9999.000,9999.000,9999.000
202607192254,   1.660,9999.000,9999.000,9999.000,9999.000,9999.000,9999.000,9999.000,9999.000
202607192300,   1.670,9999.000,   0.400,9999.000,   2.070,   0.400,   2.070,   0.500,   2.170
202607192306,   1.678,9999.000,9999.000,9999.000,9999.000,9999.000,9999.000,9999.000,9999.000
202607192312,   1.685,9999.000,9999.000,9999.000,9999.000,9999.000,9999.000,9999.000,9999.000
202607192318,   1.692,9999.000,9999.000,9999.000,9999.000,9999.000,9999.000,9999.000,9999.000
202607192324,   1.697,9999.000,9999.000,9999.000,9999.000,9999.000,9999.000,9999.000,9999.000
202607192330,   1.701,9999.000,9999.000,9999.000,9999.000,9999.000,9999.000,9999.000,9999.000
202607192336,   1.704,9999.000,9999.000,9999.000,9999.000,9999.000,9999.000,9999.000,9999.000
202607192342,   1.705,9999.000,9999.000,9999.000,9999.000,9999.000,9999.000,9999.000,9999.000
202607192348,   1.705,9999.000,9999.000,9999.000,9999.000,9999.000,9999.000,9999.000,9999.000
202607192354,   1.704,9999.000,9999.000,9999.000,9999.000,9999.000,9999.000,9999.000,9999.000
202607200000,   1.701,9999.000,   0.400,9999.000,   2.101,   0.400,   2.101,   0.400,   2.101
202607200006,   1.697,9999.000,9999.000,9999.000,9999.000,9999.000,9999.000,9999.000,9999.000
202607200012,   1.691,9999.000,9999.000,9999.000,9999.000,9999.000,9999.000,9999.000,9999.000
202607200018,   1.683,9999.000,9999.000,9999.000,9999.000,9999.000,9999.000,9999.000,9999.000
202607200024,   1.674,9999.000,9999.000,9999.000,9999.000,9999.000,9999.000,9999.000,9999.000
202607200030,   1.662,9999.000,9999.000,9999.000,9999.000,9999.000,9999.000,9999.000,9999.000
202607200036,   1.649,9999.000,9999.000,9999.000,9999.000,9999.000,9999.000,9999.000,9999.000
202607200042,   1.634,9999.000,9999.000,9999.000,9999.000,9999.000,9999.000,9999.000,9999.000
202607200048,   1.616,9999.000,9999.000,9999.000,9999.000,9999.000,9999.000,9999.000,9999.000
202607200054,   1.597,9999.000,9999.000,9999.000,9999.000,9999.000,9999.000,9999.000,9999.000
202607200100,   1.576,9999.000,   0.400,9999.000,   1.976,   0.400,   1.976,   0.400,   1.976
202607200106,   1.553,9999.000,9999.000,9999.000,9999.000,9999.000,9999.000,9999.000,9999.000
202607200112,   1.529,9999.000,9999.000,9999.000,9999.000,9999.000,9999.000,9999.000,9999.000
202607200118,   1.503,9999.000,9999.000,9999.000,9999.000,9999.000,9999.000,9999.000,9999.000
202607200124,   1.475,9999.000,9999.000,9999.000,9999.000,9999.000,9999.000,9999.000,9999.000
202607200130,   1.446,9999.000,9999.000,9999.000,9999.000,9999.000,9999.000,9999.000,9999.000
202607200136,   1.416,9999.000,9999.000,9999.000,9999.000,9999.000,9999.000,9999.000,9999.000
202607200142,   1.384,9999.000,9999.000,9999.000,9999.000,9999.000,9999.000,9999.000,9999.000
202607200148,   1.352,9999.000,9999.000,9999.000,9999.000,9999.000,9999.000,9999.000,9999.000
202607200154,   1.318,9999.000,9999.000,9999.000,9999.000,9999.000,9999.000,9999.000,9999.000
202607200200,   1.284,9999.000,   0.400,9999.000,   1.684,   0.400,   1.684,   0.400,   1.684
202607200206,   1.249,9999.000,9999.000,9999.000,9999.000,9999.000,9999.000,9999.000,9999.000
202607200212,   1.214,9999.000,9999.000,9999.000,9999.000,9999.000,9999.000,9999.000,9999.000
202607200218,   1.178,9999.000,9999.000,9999.000,9999.000,9999.000,9999.000,9999.000,9999.000
202607200224,   1.141,9999.000,9999.000,9999.000,9999.000,9999.000,9999.000,9999.000,9999.000
202607200230,   1.105,9999.000,9999.000,9999.000,9999.000,9999.000,9999.000,9999.000,9999.000
202607200236,   1.068,9999.000,9999.000,9999.000,9999.000,9999.000,9999.000,9999.000,9999.000
202607200242,   1.031,9999.000,9999.000,9999.000,9999.000,9999.000,9999.000,9999.000,9999.000
202607200248,   0.993,9999.000,9999.000,9999.000,9999.000,9999.000,9999.000,9999.000,9999.000
202607200254,   0.956,9999.000,9999.000,9999.000,9999.000,9999.000,9999.000,9999.000,9999.000
202607200300,   0.920,9999.000,   0.400,9999.000,   1.320,   0.400,   1.320,   0.400,   1.320
202607200306,   0.883,9999.000,9999.000,9999.000,9999.000,9999.000,9999.000,9999.000,9999.000
202607200312,   0.847,9999.000,9999.000,9999.000,9999.000,9999.000,9999.000,9999.000,9999.000
202607200318,   0.811,9999.000,9999.000,9999.000,9999.000,9999.000,9999.000,9999.000,9999.000
202607200324,   0.775,9999.000,9999.000,9999.000,9999.000,9999.000,9999.000,9999.000,9999.000
202607200330,   0.740,9999.000,9999.000,9999.000,9999.000,9999.000,9999.000,9999.000,9999.000
202607200336,   0.706,9999.000,9999.000,9999.000,9999.000,9999.000,9999.000,9999.000,9999.000
202607200342,   0.672,9999.000,9999.000,9999.000,9999.000,9999.000,9999.000,9999.000,9999.000
202607200348,   0.639,9999.000,9999.000,9999.000,9999.000,9999.000,9999.000,9999.000,9999.000
202607200354,   0.607,9999.000,9999.000,9999.000,9999.000,9999.000,9999.000,9999.000,9999.000
202607200400,   0.575,9999.000,   0.400,9999.000,   0.975,   0.400,   0.975,   0.400,   0.975
202607200406,   0.545,9999.000,9999.000,9999.000,9999.000,9999.000,9999.000,9999.000,9999.000
202607200412,   0.517,9999.000,9999.000,9999.000,9999.000,9999.000,9999.000,9999.000,9999.000
202607200418,   0.489,9999.000,9999.000,9999.000,9999.000,9999.000,9999.000,9999.000,9999.000
202607200424,   0.464,9999.000,9999.000,9999.000,9999.000,9999.000,9999.000,9999.000,9999.000
202607200430,   0.441,9999.000,9999.000,9999.000,9999.000,9999.000,9999.000,9999.000,9999.000
202607200436,   0.420,9999.000,9999.000,9999.000,9999.000,9999.000,9999.000,9999.000,9999.000
202607200442,   0.401,9999.000,9999.000,9999.000,9999.000,9999.000,9999.000,9999.000,9999.000
202607200448,   0.385,9999.000,9999.000,9999.000,9999.000,9999.000,9999.000,9999.000,9999.000
202607200454,   0.372,9999.000,9999.000,9999.000,9999.000,9999.000,9999.000,9999.000,9999.000
202607200500,   0.362,9999.000,   0.400,9999.000,   0.762,   0.400,   0.762,   0.400,   0.762
202607200506,   0.354,9999.000,9999.000,9999.000,9999.000,9999.000,9999.000,9999.000,9999.000
202607200512,   0.350,9999.000,9999.000,9999.000,9999.000,9999.000,9999.000,9999.000,9999.000
202607200518,   0.349,9999.000,9999.000,9999.000,9999.000,9999.000,9999.000,9999.000,9999.000
202607200524,   0.350,9999.000,9999.000,9999.000,9999.000,9999.000,9999.000,9999.000,9999.000
202607200530,   0.354,9999.000,9999.000,9999.000,9999.000,9999.000,9999.000,9999.000,9999.000
202607200536,   0.360,9999.000,9999.000,9999.000,9999.000,9999.000,9999.000,9999.000,9999.000
202607200542,   0.369,9999.000,9999.000,9999.000,9999.000,9999.000,9999.000,9999.000,9999.000
202607200548,   0.380,9999.000,9999.000,9999.000,9999.000,9999.000,9999.000,9999.000,9999.000
202607200554,   0.394,9999.000,9999.000,9999.000,9999.000,9999.000,9999.000,9999.000,9999.000
202607200600,   0.409,9999.000,   0.400,9999.000,   0.809,   0.400,   0.809,   0.400,   0.809
202607200606,   0.426,9999.000,9999.000,9999.000,9999.000,9999.000,9999.000,9999.000,9999.000
202607200612,   0.444,9999.000,9999.000,9999.000,9999.000,9999.000,9999.000,9999.000,9999.000
202607200618,   0.464,9999.000,9999.000,9999.000,9999.000,9999.000,9999.000,9999.000,9999.000
202607200624,   0.485,9999.000,9999.000,9999.000,9999.000,9999.000,9999.000,9999.000,9999.000
202607200630,   0.507,9999.000,9999.000,9999.000,9999.000,9999.000,9999.000,9999.000,9999.000
202607200636,   0.531,9999.000,9999.000,9999.000,9999.000,9999.000,9999.000,9999.000,9999.000
202607200642,   0.555,9999.000,9999.000,9999.000,9999.000,9999.000,9999.000,9999.000,9999.000
202607200648,   0.580,9999.000,9999.000,9999.000,9999.000,9999.000,9999.000,9999.000,9999.000
202607200654,   0.605,9999.000,9999.000,9999.000,9999.000,9999.000,9999.000,9999.000,9999.000
202607200700,   0.631,9999.000,   0.400,9999.000,   1.031,   0.400,   1.031,   0.400,   1.031
202607200706,   0.658,9999.000,9999.000,9999.000,9999.000,9999.000,9999.000,9999.000,9999.000
202607200712,   0.684,9999.000,9999.000,9999.000,9999.000,9999.000,9999.000,9999.000,9999.000
202607200718,   0.711,9999.000,9999.000,9999.000,9999.000,9999.000,9999.000,9999.000,9999.000
202607200724,   0.739,9999.000,9999.000,9999.000,9999.000,9999.000,9999.000,9999.000,9999.000
202607200730,   0.766,9999.000,9999.000,9999.000,9999.000,9999.000,9999.000,9999.000,9999.000
202607200736,   0.793,9999.000,9999.000,9999.000,9999.000,9999.000,9999.000,9999.000,9999.000
202607200742,   0.821,9999.000,9999.000,9999.000,9999.000,9999.000,9999.000,9999.000,9999.000
202607200748,   0.848,9999.000,9999.000,9999.000,9999.000,9999.000,9999.000,9999.000,9999.000
202607200754,   0.875,9999.000,9999.000,9999.000,9999.000,9999.000,9999.000,9999.000,9999.000
202607200800,   0.902,9999.000,   0.400,9999.000,   1.302,   0.400,   1.302,   0.400,   1.302
202607200806,   0.928,9999.000,9999.000,9999.000,9999.000,9999.000,9999.000,9999.000,9999.000
202607200812,   0.955,9999.000,9999.000,9999.000,9999.000,9999.000,9999.000,9999.000,9999.000
202607200818,   0.981,9999.000,9999.000,9999.000,9999.000,9999.000,9999.000,9999.000,9999.000
202607200824,   1.007,9999.000,9999.000,9999.000,9999.000,9999.000,9999.000,9999.000,9999.000
202607200830,   1.032,9999.000,9999.000,9999.000,9999.000,9999.000,9999.000,9999.000,9999.000
202607200836,   1.057,9999.000,9999.000,9999.000,9999.000,9999.000,9999.000,9999.000,9999.000
202607200842,   1.081,9999.000,9999.000,9999.000,9999.000,9999.000,9999.000,9999.000,9999.000
202607200848,   1.105,9999.000,9999.000,9999.000,9999.000,9999.000,9999.000,9999.000,9999.000
202607200854,   1.129,9999.000,9999.000,9999.000,9999.000,9999.000,9999.000,9999.000,9999.000
202607200900,   1.152,9999.000,   0.400,9999.000,   1.552,   0.400,   1.552,   0.400,   1.552
202607200906,   1.174,9999.000,9999.000,9999.000,9999.000,9999.000,9999.000,9999.000,9999.000
202607200912,   1.196,9999.000,9999.000,9999.000,9999.000,9999.000,9999.000,9999.000,9999.000
202607200918,   1.217,9999.000,9999.000,9999.000,9999.000,9999.000,9999.000,9999.000,9999.000
202607200924,   1.238,9999.000,9999.000,9999.000,9999.000,9999.000,9999.000,9999.000,9999.000
202607200930,   1.258,9999.000,9999.000,9999.000,9999.000,9999.000,9999.000,9999.000,9999.000
202607200936,   1.278,9999.000,9999.000,9999.000,9999.000,9999.000,9999.000,9999.000,9999.000
202607200942,   1.297,9999.000,9999.000,9999.000,9999.000,9999.000,9999.000,9999.000,9999.000
202607200948,   1.315,9999.000,9999.000,9999.000,9999.000,9999.000,9999.000,9999.000,9999.000
202607200954,   1.333,9999.000,9999.000,9999.000,9999.000,9999.000,9999.000,9999.000,9999.000
202607201000,   1.350,9999.000,   0.400,9999.000,   1.750,   0.400,   1.750,   0.400,   1.750
202607201006,   1.367,9999.000,9999.000,9999.000,9999.000,9999.000,9999.000,9999.000,9999.000
202607201012,   1.383,9999.000,9999.000,9999.000,9999.000,9999.000,9999.000,9999.000,9999.000
202607201018,   1.398,9999.000,9999.000,9999.000,9999.000,9999.000,9999.000,9999.000,9999.000
202607201024,   1.413,9999.000,9999.000,9999.000,9999.000,9999.000,9999.000,9999.000,9999.000
202607201030,   1.427,9999.000,9999.000,9999.000,9999.000,9999.000,9999.000,9999.000,9999.000
202607201036,   1.440,9999.000,9999.000,9999.000,9999.000,9999.000,9999.000,9999.000,9999.000
202607201042,   1.453,9999.000,9999.000,9999.000,9999.000,9999.000,9999.000,9999.000,9999.000
202607201048,   1.465,9999.000,9999.000,9999.000,9999.000,9999.000,9999.000,9999.000,9999.000
202607201054,   1.477,9999.000,9999.000,9999.000,9999.000,9999.000,9999.000,9999.000,9999.000
202607201100,   1.488,9999.000,   0.400,9999.000,   1.888,   0.400,   1.888,   0.400,   1.888
202607201106,   1.498,9999.000,9999.000,9999.000,9999.000,9999.000,9999.000,9999.000,9999.000
202607201112,   1.507,9999.000,9999.000,9999.000,9999.000,9999.000,9999.000,9999.000,9999.000
202607201118,   1.515,9999.000,9999.000,9999.000,9999.000,9999.000,9999.000,9999.000,9999.000
202607201124,   1.523,9999.000,9999.000,9999.000,9999.000,9999.000,9999.000,9999.000,9999.000
202607201130,   1.530,9999.000,9999.000,9999.000,9999.000,9999.000,9999.000,9999.000,9999.000
202607201136,   1.536,9999.000,9999.000,9999.000,9999.000,9999.000,9999.000,9999.000,9999.000
202607201142,   1.541,9999.000,9999.000,9999.000,9999.000,9999.000,9999.000,9999.000,9999.000
202607201148,   1.545,9999.000,9999.000,9999.000,9999.000,9999.000,9999.000,9999.000,9999.000
202607201154,   1.548,9999.000,9999.000,9999.000,9999.000,9999.000,9999.000,9999.000,9999.000
202607201200,   1.550,9999.000,   0.500,9999.000,   2.050,   0.400,   1.950,   0.500,   2.050
202607201206,   1.551,9999.000,9999.000,9999.000,9999.000,9999.000,9999.000,9999.000,9999.000
202607201212,   1.550,9999.000,9999.000,9999.000,9999.000,9999.000,9999.000,9999.000,9999.000
202607201218,   1.548,9999.000,9999.000,9999.000,9999.000,9999.000,9999.000,9999.000,9999.000
202607201224,   1.544,9999.000,9999.000,9999.000,9999.000,9999.000,9999.000,9999.000,9999.000
202607201230,   1.539,9999.000,9999.000,9999.000,9999.000,9999.000,9999.000,9999.000,9999.000
202607201236,   1.532,9999.000,9999.000,9999.000,9999.000,9999.000,9999.000,9999.000,9999.000
202607201242,   1.523,9999.000,9999.000,9999.000,9999.000,9999.000,9999.000,9999.000,9999.000
202607201248,   1.513,9999.000,9999.000,9999.000,9999.000,9999.000,9999.000,9999.000,9999.000
202607201254,   1.500,9999.000,9999.000,9999.000,9999.000,9999.000,9999.000,9999.000,9999.000
202607201300,   1.486,9999.000,   0.500,9999.000,   1.986,   0.400,   1.886,   0.500,   1.986
202607201306,   1.469,9999.000,9999.000,9999.000,9999.000,9999.000,9999.000,9999.000,9999.000
202607201312,   1.451,9999.000,9999.000,9999.000,9999.000,9999.000,9999.000,9999.000,9999.000
202607201318,   1.430,9999.000,9999.000,9999.000,9999.000,9999.000,9999.000,9999.000,9999.000
202607201324,   1.407,9999.000,9999.000,9999.000,9999.000,9999.000,9999.000,9999.000,9999.000
202607201330,   1.382,9999.000,9999.000,9999.000,9999.000,9999.000,9999.000,9999.000,9999.000
202607201336,   1.356,9999.000,9999.000,9999.000,9999.000,9999.000,9999.000,9999.000,9999.000
202607201342,   1.327,9999.000,9999.000,9999.000,9999.000,9999.000,9999.000,9999.000,9999.000
202607201348,   1.297,9999.000,9999.000,9999.000,9999.000,9999.000,9999.000,9999.000,9999.000
202607201354,   1.266,9999.000,9999.000,9999.000,9999.000,9999.000,9999.000,9999.000,9999.000
202607201400,   1.233,9999.000,   0.500,9999.000,   1.733,   0.400,   1.633,   0.500,   1.733
202607201406,   1.199,9999.000,9999.000,9999.000,9999.000,9999.000,9999.000,9999.000,9999.000
202607201412,   1.164,9999.000,9999.000,9999.000,9999.000,9999.000,9999.000,9999.000,9999.000
202607201418,   1.128,9999.000,9999.000,9999.000,9999.000,9999.000,9999.000,9999.000,9999.000
202607201424,   1.092,9999.000,9999.000,9999.000,9999.000,9999.000,9999.000,9999.000,9999.000
202607201430,   1.054,9999.000,9999.000,9999.000,9999.000,9999.000,9999.000,9999.000,9999.000
202607201436,   1.017,9999.000,9999.000,9999.000,9999.000,9999.000,9999.000,9999.000,9999.000
202607201442,   0.979,9999.000,9999.000,9999.000,9999.000,9999.000,9999.000,9999.000,9999.000
202607201448,   0.941,9999.000,9999.000,9999.000,9999.000,9999.000,9999.000,9999.000,9999.000
202607201454,   0.903,9999.000,9999.000,9999.000,9999.000,9999.000,9999.000,9999.000,9999.000
202607201500,   0.865,9999.000,   0.500,9999.000,   1.365,   0.400,   1.265,   0.500,   1.365
202607201506,   0.828,9999.000,9999.000,9999.000,9999.000,9999.000,9999.000,9999.000,9999.000
202607201512,   0.791,9999.000,9999.000,9999.000,9999.000,9999.000,9999.000,9999.000,9999.000
202607201518,   0.755,9999.000,9999.000,9999.000,9999.000,9999.000,9999.000,9999.000,9999.000
202607201524,   0.719,9999.000,9999.000,9999.000,9999.000,9999.000,9999.000,9999.000,9999.000
202607201530,   0.685,9999.000,9999.000,9999.000,9999.000,9999.000,9999.000,9999.000,9999.000
202607201536,   0.651,9999.000,9999.000,9999.000,9999.000,9999.000,9999.000,9999.000,9999.000
202607201542,   0.618,9999.000,9999.000,9999.000,9999.000,9999.000,9999.000,9999.000,9999.000
202607201548,   0.587,9999.000,9999.000,9999.000,9999.000,9999.000,9999.000,9999.000,9999.000
202607201554,   0.556,9999.000,9999.000,9999.000,9999.000,9999.000,9999.000,9999.000,9999.000
202607201600,   0.527,9999.000,   0.500,9999.000,   1.027,   0.400,   0.927,   0.500,   1.027
202607201606,   0.499,9999.000,9999.000,9999.000,9999.000,9999.000,9999.000,9999.000,9999.000
202607201612,   0.472,9999.000,9999.000,9999.000,9999.000,9999.000,9999.000,9999.000,9999.000
202607201618,   0.447,9999.000,9999.000,9999.000,9999.000,9999.000,9999.000,9999.000,9999.000
202607201624,   0.423,9999.000,9999.000,9999.000,9999.000,9999.000,9999.000,9999.000,9999.000
202607201630,   0.401,9999.000,9999.000,9999.000,9999.000,9999.000,9999.000,9999.000,9999.000
202607201636,   0.380,9999.000,9999.000,9999.000,9999.000,9999.000,9999.000,9999.000,9999.000
202607201642,   0.361,9999.000,9999.000,9999.000,9999.000,9999.000,9999.000,9999.000,9999.000
202607201648,   0.344,9999.000,9999.000,9999.000,9999.000,9999.000,9999.000,9999.000,9999.000
202607201654,   0.329,9999.000,9999.000,9999.000,9999.000,9999.000,9999.000,9999.000,9999.000
202607201700,   0.317,9999.000,   0.500,9999.000,   0.817,   0.400,   0.717,   0.500,   0.817
202607201706,   0.306,9999.000,9999.000,9999.000,9999.000,9999.000,9999.000,9999.000,9999.000
202607201712,   0.298,9999.000,9999.000,9999.000,9999.000,9999.000,9999.000,9999.000,9999.000
202607201718,   0.293,9999.000,9999.000,9999.000,9999.000,9999.000,9999.000,9999.000,9999.000
202607201724,   0.290,9999.000,9999.000,9999.000,9999.000,9999.000,9999.000,9999.000,9999.000
202607201730,   0.290,9999.000,9999.000,9999.000,9999.000,9999.000,9999.000,9999.000,9999.000
202607201736,   0.292,9999.000,9999.000,9999.000,9999.000,9999.000,9999.000,9999.000,9999.000
202607201742,   0.296,9999.000,9999.000,9999.000,9999.000,9999.000,9999.000,9999.000,9999.000
202607201748,   0.303,9999.000,9999.000,9999.000,9999.000,9999.000,9999.000,9999.000,9999.000
202607201754,   0.312,9999.000,9999.000,9999.000,9999.000,9999.000,9999.000,9999.000,9999.000
202607201800,   0.323,9999.000,   0.600,9999.000,   0.923,   0.500,   0.823,   0.600,   0.923
202607201806,   0.337,9999.000,9999.000,9999.000,9999.000,9999.000,9999.000,9999.000,9999.000
202607201812,   0.352,9999.000,9999.000,9999.000,9999.000,9999.000,9999.000,9999.000,9999.000
202607201818,   0.369,9999.000,9999.000,9999.000,9999.000,9999.000,9999.000,9999.000,9999.000
202607201824,   0.388,9999.000,9999.000,9999.000,9999.000,9999.000,9999.000,9999.000,9999.000
202607201830,   0.409,9999.000,9999.000,9999.000,9999.000,9999.000,9999.000,9999.000,9999.000
202607201836,   0.431,9999.000,9999.000,9999.000,9999.000,9999.000,9999.000,9999.000,9999.000
202607201842,   0.454,9999.000,9999.000,9999.000,9999.000,9999.000,9999.000,9999.000,9999.000
202607201848,   0.479,9999.000,9999.000,9999.000,9999.000,9999.000,9999.000,9999.000,9999.000
202607201854,   0.505,9999.000,9999.000,9999.000,9999.000,9999.000,9999.000,9999.000,9999.000
202607201900,   0.531,9999.000,   0.600,9999.000,   1.131,   0.500,   1.031,   0.600,   1.131
202607201906,   0.559,9999.000,9999.000,9999.000,9999.000,9999.000,9999.000,9999.000,9999.000
202607201912,   0.587,9999.000,9999.000,9999.000,9999.000,9999.000,9999.000,9999.000,9999.000
202607201918,   0.616,9999.000,9999.000,9999.000,9999.000,9999.000,9999.000,9999.000,9999.000
202607201924,   0.645,9999.000,9999.000,9999.000,9999.000,9999.000,9999.000,9999.000,9999.000
202607201930,   0.675,9999.000,9999.000,9999.000,9999.000,9999.000,9999.000,9999.000,9999.000
202607201936,   0.705,9999.000,9999.000,9999.000,9999.000,9999.000,9999.000,9999.000,9999.000
202607201942,   0.735,9999.000,9999.000,9999.000,9999.000,9999.000,9999.000,9999.000,9999.000
202607201948,   0.766,9999.000,9999.000,9999.000,9999.000,9999.000,9999.000,9999.000,9999.000
202607201954,   0.796,9999.000,9999.000,9999.000,9999.000,9999.000,9999.000,9999.000,9999.000
202607202000,   0.827,9999.000,   0.600,9999.000,   1.427,   0.500,   1.327,   0.600,   1.427
202607202006,   0.858,9999.000,9999.000,9999.000,9999.000,9999.000,9999.000,9999.000,9999.000
202607202012,   0.888,9999.000,9999.000,9999.000,9999.000,9999.000,9999.000,9999.000,9999.000
202607202018,   0.918,9999.000,9999.000,9999.000,9999.000,9999.000,9999.000,9999.000,9999.000
202607202024,   0.949,9999.000,9999.000,9999.000,9999.000,9999.000,9999.000,9999.000,9999.000
202607202030,   0.978,9999.000,9999.000,9999.000,9999.000,9999.000,9999.000,9999.000,9999.000
202607202036,   1.008,9999.000,9999.000,9999.000,9999.000,9999.000,9999.000,9999.000,9999.000
202607202042,   1.037,9999.000,9999.000,9999.000,9999.000,9999.000,9999.000,9999.000,9999.000
202607202048,   1.066,9999.000,9999.000,9999.000,9999.000,9999.000,9999.000,9999.000,9999.000
202607202054,   1.094,9999.000,9999.000,9999.000,9999.000,9999.000,9999.000,9999.000,9999.000
202607202100,   1.122,9999.000,   0.600,9999.000,   1.722,   0.500,   1.622,   0.600,   1.722
202607202106,   1.150,9999.000,9999.000,9999.000,9999.000,9999.000,9999.000,9999.000,9999.000
202607202112,   1.176,9999.000,9999.000,9999.000,9999.000,9999.000,9999.000,9999.000,9999.000
202607202118,   1.203,9999.000,9999.000,9999.000,9999.000,9999.000,9999.000,9999.000,9999.000
202607202124,   1.228,9999.000,9999.000,9999.000,9999.000,9999.000,9999.000,9999.000,9999.000
202607202130,   1.254,9999.000,9999.000,9999.000,9999.000,9999.000,9999.000,9999.000,9999.000
202607202136,   1.278,9999.000,9999.000,9999.000,9999.000,9999.000,9999.000,9999.000,9999.000
202607202142,   1.302,9999.000,9999.000,9999.000,9999.000,9999.000,9999.000,9999.000,9999.000
202607202148,   1.326,9999.000,9999.000,9999.000,9999.000,9999.000,9999.000,9999.000,9999.000
202607202154,   1.348,9999.000,9999.000,9999.000,9999.000,9999.000,9999.000,9999.000,9999.000
202607202200,   1.370,9999.000,   0.600,9999.000,   1.970,   0.500,   1.870,   0.600,   1.970
202607202206,   1.392,9999.000,9999.000,9999.000,9999.000,9999.000,9999.000,9999.000,9999.000
202607202212,   1.413,9999.000,9999.000,9999.000,9999.000,9999.000,9999.000,9999.000,9999.000
202607202218,   1.433,9999.000,9999.000,9999.000,9999.000,9999.000,9999.000,9999.000,9999.000
202607202224,   1.452,9999.000,9999.000,9999.000,9999.000,9999.000,9999.000,9999.000,9999.000
202607202230,   1.471,9999.000,9999.000,9999.000,9999.000,9999.000,9999.000,9999.000,9999.000
202607202236,   1.489,9999.000,9999.000,9999.000,9999.000,9999.000,9999.000,9999.000,9999.000
202607202242,   1.507,9999.000,9999.000,9999.000,9999.000,9999.000,9999.000,9999.000,9999.000
202607202248,   1.524,9999.000,9999.000,9999.000,9999.000,9999.000,9999.000,9999.000,9999.000
202607202254,   1.540,9999.000,9999.000,9999.000,9999.000,9999.000,9999.000,9999.000,9999.000
202607202300,   1.555,9999.000,   0.600,9999.000,   2.155,   0.500,   2.055,   0.600,   2.155
202607202306,   1.570,9999.000,9999.000,9999.000,9999.000,9999.000,9999.000,9999.000,9999.000
202607202312,   1.584,9999.000,9999.000,9999.000,9999.000,9999.000,9999.000,9999.000,9999.000
202607202318,   1.597,9999.000,9999.000,9999.000,9999.000,9999.000,9999.000,9999.000,9999.000
202607202324,   1.610,9999.000,9999.000,9999.000,9999.000,9999.000,9999.000,9999.000,9999.000
202607202330,   1.622,9999.000,9999.000,9999.000,9999.000,9999.000,9999.000,9999.000,9999.000
202607202336,   1.633,9999.000,9999.000,9999.000,9999.000,9999.000,9999.000,9999.000,9999.000
202607202342,   1.643,9999.000,9999.000,9999.000,9999.000,9999.000,9999.000,9999.000,9999.000
202607202348,   1.652,9999.000,9999.000,9999.000,9999.000,9999.000,9999.000,9999.000,9999.000
202607202354,   1.661,9999.000,9999.000,9999.000,9999.000,9999.000,9999.000,9999.000,9999.000
202607210000,   1.668,9999.000,   0.700,9999.000,   2.368,   0.600,   2.268,   0.700,   2.368
202607210006,   1.675,9999.000,9999.000,9999.000,9999.000,9999.000,9999.000,9999.000,9999.000
202607210012,   1.680,9999.000,9999.000,9999.000,9999.000,9999.000,9999.000,9999.000,9999.000
202607210018,   1.685,9999.000,9999.000,9999.000,9999.000,9999.000,9999.000,9999.000,9999.000
202607210024,   1.688,9999.000,9999.000,9999.000,9999.000,9999.000,9999.000,9999.000,9999.000
202607210030,   1.691,9999.000,9999.000,9999.000,9999.000,9999.000,9999.000,9999.000,9999.000
202607210036,   1.692,9999.000,9999.000,9999.000,9999.000,9999.000,9999.000,9999.000,9999.000
202607210042,   1.691,9999.000,9999.000,9999.000,9999.000,9999.000,9999.000,9999.000,9999.000
202607210048,   1.690,9999.000,9999.000,9999.000,9999.000,9999.000,9999.000,9999.000,9999.000
202607210054,   1.687,9999.000,9999.000,9999.000,9999.000,9999.000,9999.000,9999.000,9999.000
202607210100,   1.682,9999.000,   0.700,9999.000,   2.382,   0.600,   2.282,   0.700,   2.382
202607210106,   1.676,9999.000,9999.000,9999.000,9999.000,9999.000,9999.000,9999.000,9999.000
202607210112,   1.668,9999.000,9999.000,9999.000,9999.000,9999.000,9999.000,9999.000,9999.000
202607210118,   1.659,9999.000,9999.000,9999.000,9999.000,9999.000,9999.000,9999.000,9999.000
202607210124,   1.648,9999.000,9999.000,9999.000,9999.000,9999.000,9999.000,9999.000,9999.000
202607210130,   1.635,9999.000,9999.000,9999.000,9999.000,9999.000,9999.000,9999.000,9999.000
202607210136,   1.621,9999.000,9999.000,9999.000,9999.000,9999.000,9999.000,9999.000,9999.000
202607210142,   1.604,9999.000,9999.000,9999.000,9999.000,9999.000,9999.000,9999.000,9999.000
202607210148,   1.586,9999.000,9999.000,9999.000,9999.000,9999.000,9999.000,9999.000,9999.000
202607210154,   1.566,9999.000,9999.000,9999.000,9999.000,9999.000,9999.000,9999.000,9999.000
202607210200,   1.545,9999.000,   0.700,9999.000,   2.245,   0.600,   2.145,   0.700,   2.245
202607210206,   1.522,9999.000,9999.000,9999.000,9999.000,9999.000,9999.000,9999.000,9999.000
202607210212,   1.497,9999.000,9999.000,9999.000,9999.000,9999.000,9999.000,9999.000,9999.000
202607210218,   1.471,9999.000,9999.000,9999.000,9999.000,9999.000,9999.000,9999.000,9999.000
202607210224,   1.444,9999.000,9999.000,9999.000,9999.000,9999.000,9999.000,9999.000,9999.000
202607210230,   1.415,9999.000,9999.000,9999.000,9999.000,9999.000,9999.000,9999.000,9999.000
202607210236,   1.386,9999.000,9999.000,9999.000,9999.000,9999.000,9999.000,9999.000,9999.000
202607210242,   1.355,9999.000,9999.000,9999.000,9999.000,9999.000,9999.000,9999.000,9999.000
202607210248,   1.323,9999.000,9999.000,9999.000,9999.000,9999.000,9999.000,9999.000,9999.000
202607210254,   1.291,9999.000,9999.000,9999.000,9999.000,9999.000,9999.000,9999.000,9999.000
202607210300,   1.258,9999.000,   0.700,9999.000,   1.958,   0.600,   1.858,   0.700,   1.958
202607210306,   1.224,9999.000,9999.000,9999.000,9999.000,9999.000,9999.000,9999.000,9999.000
202607210312,   1.189,9999.000,9999.000,9999.000,9999.000,9999.000,9999.000,9999.000,9999.000
202607210318,   1.155,9999.000,9999.000,9999.000,9999.000,9999.000,9999.000,9999.000,9999.000
202607210324,   1.119,9999.000,9999.000,9999.000,9999.000,9999.000,9999.000,9999.000,9999.000
202607210330,   1.084,9999.000,9999.000,9999.000,9999.000,9999.000,9999.000,9999.000,9999.000
202607210336,   1.049,9999.000,9999.000,9999.000,9999.000,9999.000,9999.000,9999.000,9999.000
202607210342,   1.013,9999.000,9999.000,9999.000,9999.000,9999.000,9999.000,9999.000,9999.000
202607210348,   0.978,9999.000,9999.000,9999.000,9999.000,9999.000,9999.000,9999.000,9999.000
202607210354,   0.943,9999.000,9999.000,9999.000,9999.000,9999.000,9999.000,9999.000,9999.000
202607210400,   0.909,9999.000,   0.700,9999.000,   1.609,   0.600,   1.509,   0.700,   1.609
202607210406,   0.875,9999.000,9999.000,9999.000,9999.000,9999.000,9999.000,9999.000,9999.000
202607210412,   0.841,9999.000,9999.000,9999.000,9999.000,9999.000,9999.000,9999.000,9999.000
202607210418,   0.809,9999.000,9999.000,9999.000,9999.000,9999.000,9999.000,9999.000,9999.000
202607210424,   0.776,9999.000,9999.000,9999.000,9999.000,9999.000,9999.000,9999.000,9999.000
202607210430,   0.745,9999.000,9999.000,9999.000,9999.000,9999.000,9999.000,9999.000,9999.000
202607210436,   0.714,9999.000,9999.000,9999.000,9999.000,9999.000,9999.000,9999.000,9999.000
202607210442,   0.683,9999.000,9999.000,9999.000,9999.000,9999.000,9999.000,9999.000,9999.000
202607210448,   0.654,9999.000,9999.000,9999.000,9999.000,9999.000,9999.000,9999.000,9999.000
202607210454,   0.625,9999.000,9999.000,9999.000,9999.000,9999.000,9999.000,9999.000,9999.000
202607210500,   0.598,9999.000,   0.700,9999.000,   1.298,   0.600,   1.198,   0.700,   1.298
202607210506,   0.572,9999.000,9999.000,9999.000,9999.000,9999.000,9999.000,9999.000,9999.000
202607210512,   0.547,9999.000,9999.000,9999.000,9999.000,9999.000,9999.000,9999.000,9999.000
202607210518,   0.524,9999.000,9999.000,9999.000,9999.000,9999.000,9999.000,9999.000,9999.000
202607210524,   0.502,9999.000,9999.000,9999.000,9999.000,9999.000,9999.000,9999.000,9999.000
202607210530,   0.483,9999.000,9999.000,9999.000,9999.000,9999.000,9999.000,9999.000,9999.000
202607210536,   0.466,9999.000,9999.000,9999.000,9999.000,9999.000,9999.000,9999.000,9999.000
202607210542,   0.451,9999.000,9999.000,9999.000,9999.000,9999.000,9999.000,9999.000,9999.000
202607210548,   0.439,9999.000,9999.000,9999.000,9999.000,9999.000,9999.000,9999.000,9999.000
202607210554,   0.429,9999.000,9999.000,9999.000,9999.000,9999.000,9999.000,9999.000,9999.000
202607210600,   0.422,9999.000,   0.700,9999.000,   1.122,   0.600,   1.022,   0.700,   1.122
202607210606,   0.417,9999.000,9999.000,9999.000,9999.000,9999.000,9999.000,9999.000,9999.000
202607210612,   0.415,9999.000,9999.000,9999.000,9999.000,9999.000,9999.000,9999.000,9999.000
202607210618,   0.416,9999.000,9999.000,9999.000,9999.000,9999.000,9999.000,9999.000,9999.000
202607210624,   0.419,9999.000,9999.000,9999.000,9999.000,9999.000,9999.000,9999.000,9999.000
202607210630,   0.425,9999.000,9999.000,9999.000,9999.000,9999.000,9999.000,9999.000,9999.000
202607210636,   0.432,9999.000,9999.000,9999.000,9999.000,9999.000,9999.000,9999.000,9999.000
202607210642,   0.442,9999.000,9999.000,9999.000,9999.000,9999.000,9999.000,9999.000,9999.000
202607210648,   0.453,9999.000,9999.000,9999.000,9999.000,9999.000,9999.000,9999.000,9999.000
202607210654,   0.467,9999.000,9999.000,9999.000,9999.000,9999.000,9999.000,9999.000,9999.000
202607210700,   0.482,9999.000,   0.700,9999.000,   1.182,   0.600,   1.082,   0.700,   1.182
202607210706,   0.498,9999.000,9999.000,9999.000,9999.000,9999.000,9999.000,9999.000,9999.000
202607210712,   0.515,9999.000,9999.000,9999.000,9999.000,9999.000,9999.000,9999.000,9999.000
202607210718,   0.534,9999.000,9999.000,9999.000,9999.000,9999.000,9999.000,9999.000,9999.000
202607210724,   0.554,9999.000,9999.000,9999.000,9999.000,9999.000,9999.000,9999.000,9999.000
202607210730,   0.574,9999.000,9999.000,9999.000,9999.000,9999.000,9999.000,9999.000,9999.000
202607210736,   0.596,9999.000,9999.000,9999.000,9999.000,9999.000,9999.000,9999.000,9999.000
202607210742,   0.618,9999.000,9999.000,9999.000,9999.000,9999.000,9999.000,9999.000,9999.000
202607210748,   0.640,9999.000,9999.000,9999.000,9999.000,9999.000,9999.000,9999.000,9999.000
202607210754,   0.663,9999.000,9999.000,9999.000,9999.000,9999.000,9999.000,9999.000,9999.000
202607210800,   0.686,9999.000,   0.700,9999.000,   1.386,   0.600,   1.286,   0.700,   1.386
202607210806,   0.710,9999.000,9999.000,9999.000,9999.000,9999.000,9999.000,9999.000,9999.000
202607210812,   0.734,9999.000,9999.000,9999.000,9999.000,9999.000,9999.000,9999.000,9999.000
202607210818,   0.758,9999.000,9999.000,9999.000,9999.000,9999.000,9999.000,9999.000,9999.000
202607210824,   0.782,9999.000,9999.000,9999.000,9999.000,9999.000,9999.000,9999.000,9999.000
202607210830,   0.806,9999.000,9999.000,9999.000,9999.000,9999.000,9999.000,9999.000,9999.000
202607210836,   0.831,9999.000,9999.000,9999.000,9999.000,9999.000,9999.000,9999.000,9999.000
202607210842,   0.855,9999.000,9999.000,9999.000,9999.000,9999.000,9999.000,9999.000,9999.000
202607210848,   0.879,9999.000,9999.000,9999.000,9999.000,9999.000,9999.000,9999.000,9999.000
202607210854,   0.902,9999.000,9999.000,9999.000,9999.000,9999.000,9999.000,9999.000,9999.000
202607210900,   0.926,9999.000,   0.700,9999.000,   1.626,   0.600,   1.526,   0.700,   1.626
202607210906,   0.949,9999.000,9999.000,9999.000,9999.000,9999.000,9999.000,9999.000,9999.000
202607210912,   0.972,9999.000,9999.000,9999.000,9999.000,9999.000,9999.000,9999.000,9999.000
202607210918,   0.995,9999.000,9999.000,9999.000,9999.000,9999.000,9999.000,9999.000,9999.000
202607210924,   1.017,9999.000,9999.000,9999.000,9999.000,9999.000,9999.000,9999.000,9999.000
202607210930,   1.039,9999.000,9999.000,9999.000,9999.000,9999.000,9999.000,9999.000,9999.000
202607210936,   1.061,9999.000,9999.000,9999.000,9999.000,9999.000,9999.000,9999.000,9999.000
202607210942,   1.082,9999.000,9999.000,9999.000,9999.000,9999.000,9999.000,9999.000,9999.000
202607210948,   1.103,9999.000,9999.000,9999.000,9999.000,9999.000,9999.000,9999.000,9999.000
202607210954,   1.123,9999.000,9999.000,9999.000,9999.000,9999.000,9999.000,9999.000,9999.000
202607211000,   1.143,9999.000,   0.600,9999.000,   1.743,   0.600,   1.743,   0.700,   1.843
202607211006,   1.162,9999.000,9999.000,9999.000,9999.000,9999.000,9999.000,9999.000,9999.000
202607211012,   1.181,9999.000,9999.000,9999.000,9999.000,9999.000,9999.000,9999.000,9999.000
202607211018,   1.199,9999.000,9999.000,9999.000,9999.000,9999.000,9999.000,9999.000,9999.000
202607211024,   1.217,9999.000,9999.000,9999.000,9999.000,9999.000,9999.000,9999.000,9999.000
202607211030,   1.235,9999.000,9999.000,9999.000,9999.000,9999.000,9999.000,9999.000,9999.000
202607211036,   1.252,9999.000,9999.000,9999.000,9999.000,9999.000,9999.000,9999.000,9999.000
202607211042,   1.268,9999.000,9999.000,9999.000,9999.000,9999.000,9999.000,9999.000,9999.000
202607211048,   1.284,9999.000,9999.000,9999.000,9999.000,9999.000,9999.000,9999.000,9999.000
202607211054,   1.299,9999.000,9999.000,9999.000,9999.000,9999.000,9999.000,9999.000,9999.000
202607211100,   1.314,9999.000,   0.600,9999.000,   1.914,   0.600,   1.914,   0.700,   2.014
202607211106,   1.328,9999.000,9999.000,9999.000,9999.000,9999.000,9999.000,9999.000,9999.000
202607211112,   1.342,9999.000,9999.000,9999.000,9999.000,9999.000,9999.000,9999.000,9999.000
202607211118,   1.356,9999.000,9999.000,9999.000,9999.000,9999.000,9999.000,9999.000,9999.000
202607211124,   1.368,9999.000,9999.000,9999.000,9999.000,9999.000,9999.000,9999.000,9999.000
202607211130,   1.380,9999.000,9999.000,9999.000,9999.000,9999.000,9999.000,9999.000,9999.000
202607211136,   1.392,9999.000,9999.000,9999.000,9999.000,9999.000,9999.000,9999.000,9999.000
202607211142,   1.403,9999.000,9999.000,9999.000,9999.000,9999.000,9999.000,9999.000,9999.000
202607211148,   1.414,9999.000,9999.000,9999.000,9999.000,9999.000,9999.000,9999.000,9999.000
202607211154,   1.423,9999.000,9999.000,9999.000,9999.000,9999.000,9999.000,9999.000,9999.000
202607211200,   1.433,9999.000,   0.600,9999.000,   2.033,   0.600,   2.033,   0.700,   2.133
202607211206,   1.441,9999.000,9999.000,9999.000,9999.000,9999.000,9999.000,9999.000,9999.000
202607211212,   1.449,9999.000,9999.000,9999.000,9999.000,9999.000,9999.000,9999.000,9999.000
202607211218,   1.456,9999.000,9999.000,9999.000,9999.000,9999.000,9999.000,9999.000,9999.000
202607211224,   1.463,9999.000,9999.000,9999.000,9999.000,9999.000,9999.000,9999.000,9999.000
202607211230,   1.468,9999.000,9999.000,9999.000,9999.000,9999.000,9999.000,9999.000,9999.000
202607211236,   1.473,9999.000,9999.000,9999.000,9999.000,9999.000,9999.000,9999.000,9999.000
202607211242,   1.477,9999.000,9999.000,9999.000,9999.000,9999.000,9999.000,9999.000,9999.000
202607211248,   1.480,9999.000,9999.000,9999.000,9999.000,9999.000,9999.000,9999.000,9999.000
202607211254,   1.482,9999.000,9999.000,9999.000,9999.000,9999.000,9999.000,9999.000,9999.000
202607211300,   1.483,9999.000,   0.600,9999.000,   2.083,   0.600,   2.083,   0.700,   2.183
202607211306,   1.482,9999.000,9999.000,9999.000,9999.000,9999.000,9999.000,9999.000,9999.000
202607211312,   1.481,9999.000,9999.000,9999.000,9999.000,9999.000,9999.000,9999.000,9999.000
202607211318,   1.477,9999.000,9999.000,9999.000,9999.000,9999.000,9999.000,9999.000,9999.000
202607211324,   1.473,9999.000,9999.000,9999.000,9999.000,9999.000,9999.000,9999.000,9999.000
202607211330,   1.467,9999.000,9999.000,9999.000,9999.000,9999.000,9999.000,9999.000,9999.000
202607211336,   1.459,9999.000,9999.000,9999.000,9999.000,9999.000,9999.000,9999.000,9999.000
202607211342,   1.449,9999.000,9999.000,9999.000,9999.000,9999.000,9999.000,9999.000,9999.000
202607211348,   1.438,9999.000,9999.000,9999.000,9999.000,9999.000,9999.000,9999.000,9999.000
202607211354,   1.425,9999.000,9999.000,9999.000,9999.000,9999.000,9999.000,9999.000,9999.000
202607211400,   1.409,9999.000,   0.600,9999.000,   2.009,   0.600,   2.009,   0.700,   2.109
202607211406,   1.392,9999.000,9999.000,9999.000,9999.000,9999.000,9999.000,9999.000,9999.000
202607211412,   1.373,9999.000,9999.000,9999.000,9999.000,9999.000,9999.000,9999.000,9999.000
202607211418,   1.351,9999.000,9999.000,9999.000,9999.000,9999.000,9999.000,9999.000,9999.000
202607211424,   1.328,9999.000,9999.000,9999.000,9999.000,9999.000,9999.000,9999.000,9999.000
202607211430,   1.302,9999.000,9999.000,9999.000,9999.000,9999.000,9999.000,9999.000,9999.000
202607211436,   1.275,9999.000,9999.000,9999.000,9999.000,9999.000,9999.000,9999.000,9999.000
202607211442,   1.246,9999.000,9999.000,9999.000,9999.000,9999.000,9999.000,9999.000,9999.000
202607211448,   1.215,9999.000,9999.000,9999.000,9999.000,9999.000,9999.000,9999.000,9999.000
202607211454,   1.183,9999.000,9999.000,9999.000,9999.000,9999.000,9999.000,9999.000,9999.000
202607211500,   1.149,9999.000,   0.600,9999.000,   1.749,   0.600,   1.749,   0.700,   1.849
202607211506,   1.114,9999.000,9999.000,9999.000,9999.000,9999.000,9999.000,9999.000,9999.000
202607211512,   1.078,9999.000,9999.000,9999.000,9999.000,9999.000,9999.000,9999.000,9999.000
202607211518,   1.041,9999.000,9999.000,9999.000,9999.000,9999.000,9999.000,9999.000,9999.000
202607211524,   1.004,9999.000,9999.000,9999.000,9999.000,9999.000,9999.000,9999.000,9999.000
202607211530,   0.966,9999.000,9999.000,9999.000,9999.000,9999.000,9999.000,9999.000,9999.000
202607211536,   0.928,9999.000,9999.000,9999.000,9999.000,9999.000,9999.000,9999.000,9999.000
202607211542,   0.890,9999.000,9999.000,9999.000,9999.000,9999.000,9999.000,9999.000,9999.000
202607211548,   0.853,9999.000,9999.000,9999.000,9999.000,9999.000,9999.000,9999.000,9999.000
202607211554,   0.816,9999.000,9999.000,9999.000,9999.000,9999.000,9999.000,9999.000,9999.000
202607211600,   0.780,9999.000,   0.600,9999.000,   1.380,   0.600,   1.380,   0.600,   1.380
202607211606,   0.745,9999.000,9999.000,9999.000,9999.000,9999.000,9999.000,9999.000,9999.000
202607211612,   0.712,9999.000,9999.000,9999.000,9999.000,9999.000,9999.000,9999.000,9999.000
202607211618,   0.679,9999.000,9999.000,9999.000,9999.000,9999.000,9999.000,9999.000,9999.000
202607211624,   0.648,9999.000,9999.000,9999.000,9999.000,9999.000,9999.000,9999.000,9999.000
202607211630,   0.619,9999.000,9999.000,9999.000,9999.000,9999.000,9999.000,9999.000,9999.000
202607211636,   0.591,9999.000,9999.000,9999.000,9999.000,9999.000,9999.000,9999.000,9999.000
202607211642,   0.564,9999.000,9999.000,9999.000,9999.000,9999.000,9999.000,9999.000,9999.000
202607211648,   0.539,9999.000,9999.000,9999.000,9999.000,9999.000,9999.000,9999.000,9999.000
202607211654,   0.515,9999.000,9999.000,9999.000,9999.000,9999.000,9999.000,9999.000,9999.000
202607211700,   0.493,9999.000,   0.600,9999.000,   1.093,   0.600,   1.093,   0.600,   1.093
202607211706,   0.472,9999.000,9999.000,9999.000,9999.000,9999.000,9999.000,9999.000,9999.000
202607211712,   0.452,9999.000,9999.000,9999.000,9999.000,9999.000,9999.000,9999.000,9999.000
202607211718,   0.434,9999.000,9999.000,9999.000,9999.000,9999.000,9999.000,9999.000,9999.000
202607211724,   0.417,9999.000,9999.000,9999.000,9999.000,9999.000,9999.000,9999.000,9999.000
202607211730,   0.402,9999.000,9999.000,9999.000,9999.000,9999.000,9999.000,9999.000,9999.000
202607211736,   0.389,9999.000,9999.000,9999.000,9999.000,9999.000,9999.000,9999.000,9999.000
202607211742,   0.377,9999.000,9999.000,9999.000,9999.000,9999.000,9999.000,9999.000,9999.000
202607211748,   0.368,9999.000,9999.000,9999.000,9999.000,9999.000,9999.000,9999.000,9999.000
202607211754,   0.360,9999.000,9999.000,9999.000,9999.000,9999.000,9999.000,9999.000,9999.000
202607211800,   0.354,9999.000,   0.600,9999.000,   0.954,   0.600,   0.954,   0.600,   0.954
202607211806,   0.350,9999.000,9999.000,9999.000,9999.000,9999.000,9999.000,9999.000,9999.000
202607211812,   0.348,9999.000,9999.000,9999.000,9999.000,9999.000,9999.000,9999.000,9999.000
202607211818,   0.348,9999.000,9999.000,9999.000,9999.000,9999.000,9999.000,9999.000,9999.000
202607211824,   0.351,9999.000,9999.000,9999.000,9999.000,9999.000,9999.000,9999.000,9999.000
202607211830,   0.355,9999.000,9999.000,9999.000,9999.000,9999.000,9999.000,9999.000,9999.000
202607211836,   0.362,9999.000,9999.000,9999.000,9999.000,9999.000,9999.000,9999.000,9999.000
202607211842,   0.370,9999.000,9999.000,9999.000,9999.000,9999.000,9999.000,9999.000,9999.000
202607211848,   0.381,9999.000,9999.000,9999.000,9999.000,9999.000,9999.000,9999.000,9999.000
202607211854,   0.393,9999.000,9999.000,9999.000,9999.000,9999.000,9999.000,9999.000,9999.000
202607211900,   0.407,9999.000,   0.600,9999.000,   1.007,   0.500,   0.907,   0.600,   1.007
202607211906,   0.423,9999.000,9999.000,9999.000,9999.000,9999.000,9999.000,9999.000,9999.000
202607211912,   0.441,9999.000,9999.000,9999.000,9999.000,9999.000,9999.000,9999.000,9999.000
202607211918,   0.460,9999.000,9999.000,9999.000,9999.000,9999.000,9999.000,9999.000,9999.000
202607211924,   0.480,9999.000,9999.000,9999.000,9999.000,9999.000,9999.000,9999.000,9999.000
202607211930,   0.502,9999.000,9999.000,9999.000,9999.000,9999.000,9999.000,9999.000,9999.000
202607211936,   0.524,9999.000,9999.000,9999.000,9999.000,9999.000,9999.000,9999.000,9999.000
202607211942,   0.548,9999.000,9999.000,9999.000,9999.000,9999.000,9999.000,9999.000,9999.000
202607211948,   0.573,9999.000,9999.000,9999.000,9999.000,9999.000,9999.000,9999.000,9999.000
202607211954,   0.598,9999.000,9999.000,9999.000,9999.000,9999.000,9999.000,9999.000,9999.000
202607212000,   0.624,9999.000,   0.600,9999.000,   1.224,   0.500,   1.124,   0.600,   1.224
202607212006,   0.651,9999.000,9999.000,9999.000,9999.000,9999.000,9999.000,9999.000,9999.000
202607212012,   0.679,9999.000,9999.000,9999.000,9999.000,9999.000,9999.000,9999.000,9999.000
202607212018,   0.706,9999.000,9999.000,9999.000,9999.000,9999.000,9999.000,9999.000,9999.000
202607212024,   0.734,9999.000,9999.000,9999.000,9999.000,9999.000,9999.000,9999.000,9999.000
202607212030,   0.763,9999.000,9999.000,9999.000,9999.000,9999.000,9999.000,9999.000,9999.000
202607212036,   0.791,9999.000,9999.000,9999.000,9999.000,9999.000,9999.000,9999.000,9999.000
202607212042,   0.820,9999.000,9999.000,9999.000,9999.000,9999.000,9999.000,9999.000,9999.000
202607212048,   0.849,9999.000,9999.000,9999.000,9999.000,9999.000,9999.000,9999.000,9999.000
202607212054,   0.877,9999.000,9999.000,9999.000,9999.000,9999.000,9999.000,9999.000,9999.000
202607212100,   0.906,9999.000,   0.600,9999.000,   1.506,   0.500,   1.406,   0.600,   1.506
202607212106,   0.934,9999.000,9999.000,9999.000,9999.000,9999.000,9999.000,9999.000,9999.000
202607212112,   0.963,9999.000,9999.000,9999.000,9999.000,9999.000,9999.000,9999.000,9999.000
202607212118,   0.991,9999.000,9999.000,9999.000,9999.000,9999.000,9999.000,9999.000,9999.000
202607212124,   1.019,9999.000,9999.000,9999.000,9999.000,9999.000,9999.000,9999.000,9999.000
202607212130,   1.046,9999.000,9999.000,9999.000,9999.000,9999.000,9999.000,9999.000,9999.000
202607212136,   1.073,9999.000,9999.000,9999.000,9999.000,9999.000,9999.000,9999.000,9999.000
202607212142,   1.100,9999.000,9999.000,9999.000,9999.000,9999.000,9999.000,9999.000,9999.000
202607212148,   1.126,9999.000,9999.000,9999.000,9999.000,9999.000,9999.000,9999.000,9999.000
202607212154,   1.152,9999.000,9999.000,9999.000,9999.000,9999.000,9999.000,9999.000,9999.000
202607212200,   1.177,9999.000,   0.600,9999.000,   1.777,   0.500,   1.677,   0.600,   1.777
202607212206,   1.202,9999.000,9999.000,9999.000,9999.000,9999.000,9999.000,9999.000,9999.000
202607212212,   1.226,9999.000,9999.000,9999.000,9999.000,9999.000,9999.000,9999.000,9999.000
202607212218,   1.250,9999.000,9999.000,9999.000,9999.000,9999.000,9999.000,9999.000,9999.000
202607212224,   1.273,9999.000,9999.000,9999.000,9999.000,9999.000,9999.000,9999.000,9999.000
202607212230,   1.296,9999.000,9999.000,9999.000,9999.000,9999.000,9999.000,9999.000,9999.000
202607212236,   1.318,9999.000,9999.000,9999.000,9999.000,9999.000,9999.000,9999.000,9999.000
202607212242,   1.340,9999.000,9999.000,9999.000,9999.000,9999.000,9999.000,9999.000,9999.000
202607212248,   1.360,9999.000,9999.000,9999.000,9999.000,9999.000,9999.000,9999.000,9999.000
202607212254,   1.381,9999.000,9999.000,9999.000,9999.000,9999.000,9999.000,9999.000,9999.000
202607212300,   1.400,9999.000,   0.600,9999.000,   2.000,   0.500,   1.900,   0.600,   2.000
202607212306,   1.419,9999.000,9999.000,9999.000,9999.000,9999.000,9999.000,9999.000,9999.000
202607212312,   1.438,9999.000,9999.000,9999.000,9999.000,9999.000,9999.000,9999.000,9999.000
202607212318,   1.456,9999.000,9999.000,9999.000,9999.000,9999.000,9999.000,9999.000,9999.000
202607212324,   1.473,9999.000,9999.000,9999.000,9999.000,9999.000,9999.000,9999.000,9999.000
202607212330,   1.490,9999.000,9999.000,9999.000,9999.000,9999.000,9999.000,9999.000,9999.000
202607212336,   1.506,9999.000,9999.000,9999.000,9999.000,9999.000,9999.000,9999.000,9999.000
202607212342,   1.521,9999.000,9999.000,9999.000,9999.000,9999.000,9999.000,9999.000,9999.000
202607212348,   1.536,9999.000,9999.000,9999.000,9999.000,9999.000,9999.000,9999.000,9999.000
202607212354,   1.550,9999.000,9999.000,9999.000,9999.000,9999.000,9999.000,9999.000,9999.000
202607220000,   1.563,9999.000,   0.600,9999.000,   2.163,   0.500,   2.063,   0.600,   2.163
202607220006,   1.576,9999.000,9999.000,9999.000,9999.000,9999.000,9999.000,9999.000,9999.000
202607220012,   1.588,9999.000,9999.000,9999.000,9999.000,9999.000,9999.000,9999.000,9999.000
202607220018,   1.600,9999.000,9999.000,9999.000,9999.000,9999.000,9999.000,9999.000,9999.000
202607220024,   1.611,9999.000,9999.000,9999.000,9999.000,9999.000,9999.000,9999.000,9999.000
202607220030,   1.621,9999.000,9999.000,9999.000,9999.000,9999.000,9999.000,9999.000,9999.000
202607220036,   1.630,9999.000,9999.000,9999.000,9999.000,9999.000,9999.000,9999.000,9999.000
202607220042,   1.639,9999.000,9999.000,9999.000,9999.000,9999.000,9999.000,9999.000,9999.000
202607220048,   1.647,9999.000,9999.000,9999.000,9999.000,9999.000,9999.000,9999.000,9999.000
202607220054,   1.654,9999.000,9999.000,9999.000,9999.000,9999.000,9999.000,9999.000,9999.000
202607220100,   1.660,9999.000,   0.600,9999.000,   2.260,   0.500,   2.160,   0.600,   2.260
202607220106,   1.665,9999.000,9999.000,9999.000,9999.000,9999.000,9999.000,9999.000,9999.000
202607220112,   1.669,9999.000,9999.000,9999.000,9999.000,9999.000,9999.000,9999.000,9999.000
202607220118,   1.672,9999.000,9999.000,9999.000,9999.000,9999.000,9999.000,9999.000,9999.000
202607220124,   1.674,9999.000,9999.000,9999.000,9999.000,9999.000,9999.000,9999.000,9999.000
202607220130,   1.675,9999.000,9999.000,9999.000,9999.000,9999.000,9999.000,9999.000,9999.000
202607220136,   1.675,9999.000,9999.000,9999.000,9999.000,9999.000,9999.000,9999.000,9999.000
202607220142,   1.674,9999.000,9999.000,9999.000,9999.000,9999.000,9999.000,9999.000,9999.000
202607220148,   1.671,9999.000,9999.000,9999.000,9999.000,9999.000,9999.000,9999.000,9999.000
202607220154,   1.667,9999.000,9999.000,9999.000,9999.000,9999.000,9999.000,9999.000,9999.000
202607220200,   1.662,9999.000,   0.600,9999.000,   2.262,   0.500,   2.162,   0.600,   2.262
202607220206,   1.655,9999.000,9999.000,9999.000,9999.000,9999.000,9999.000,9999.000,9999.000
202607220212,   1.646,9999.000,9999.000,9999.000,9999.000,9999.000,9999.000,9999.000,9999.000
202607220218,   1.636,9999.000,9999.000,9999.000,9999.000,9999.000,9999.000,9999.000,9999.000
202607220224,   1.625,9999.000,9999.000,9999.000,9999.000,9999.000,9999.000,9999.000,9999.000
202607220230,   1.611,9999.000,9999.000,9999.000,9999.000,9999.000,9999.000,9999.000,9999.000
202607220236,   1.596,9999.000,9999.000,9999.000,9999.000,9999.000,9999.000,9999.000,9999.000
202607220242,   1.580,9999.000,9999.000,9999.000,9999.000,9999.000,9999.000,9999.000,9999.000
202607220248,   1.561,9999.000,9999.000,9999.000,9999.000,9999.000,9999.000,9999.000,9999.000
202607220254,   1.542,9999.000,9999.000,9999.000,9999.000,9999.000,9999.000,9999.000,9999.000
202607220300,   1.520,9999.000,   0.600,9999.000,   2.120,   0.500,   2.020,   0.700,   2.220
202607220306,   1.497,9999.000,9999.000,9999.000,9999.000,9999.000,9999.000,9999.000,9999.000
202607220312,   1.473,9999.000,9999.000,9999.000,9999.000,9999.000,9999.000,9999.000,9999.000
202607220318,   1.447,9999.000,9999.000,9999.000,9999.000,9999.000,9999.000,9999.000,9999.000
202607220324,   1.420,9999.000,9999.000,9999.000,9999.000,9999.000,9999.000,9999.000,9999.000
202607220330,   1.392,9999.000,9999.000,9999.000,9999.000,9999.000,9999.000,9999.000,9999.000
202607220336,   1.362,9999.000,9999.000,9999.000,9999.000,9999.000,9999.000,9999.000,9999.000
202607220342,   1.332,9999.000,9999.000,9999.000,9999.000,9999.000,9999.000,9999.000,9999.000
202607220348,   1.300,9999.000,9999.000,9999.000,9999.000,9999.000,9999.000,9999.000,9999.000
202607220354,   1.268,9999.000,9999.000,9999.000,9999.000,9999.000,9999.000,9999.000,9999.000
202607220400,   1.235,9999.000,   0.600,9999.000,   1.835,   0.500,   1.735,   0.600,   1.835
202607220406,   1.202,9999.000,9999.000,9999.000,9999.000,9999.000,9999.000,9999.000,9999.000
202607220412,   1.169,9999.000,9999.000,9999.000,9999.000,9999.000,9999.000,9999.000,9999.000
202607220418,   1.135,9999.000,9999.000,9999.000,9999.000,9999.000,9999.000,9999.000,9999.000
202607220424,   1.101,9999.000,9999.000,9999.000,9999.000,9999.000,9999.000,9999.000,9999.000
202607220430,   1.067,9999.000,9999.000,9999.000,9999.000,9999.000,9999.000,9999.000,9999.000
202607220436,   1.034,9999.000,9999.000,9999.000,9999.000,9999.000,9999.000,9999.000,9999.000
202607220442,   1.001,9999.000,9999.000,9999.000,9999.000,9999.000,9999.000,9999.000,9999.000
202607220448,   0.969,9999.000,9999.000,9999.000,9999.000,9999.000,9999.000,9999.000,9999.000
202607220454,   0.937,9999.000,9999.000,9999.000,9999.000,9999.000,9999.000,9999.000,9999.000
202607220500,   0.905,9999.000,   0.500,9999.000,   1.405,   0.500,   1.405,   0.700,   1.605
202607220506,   0.875,9999.000,9999.000,9999.000,9999.000,9999.000,9999.000,9999.000,9999.000
202607220512,   0.844,9999.000,9999.000,9999.000,9999.000,9999.000,9999.000,9999.000,9999.000
202607220518,   0.815,9999.000,9999.000,9999.000,9999.000,9999.000,9999.000,9999.000,9999.000
202607220524,   0.786,9999.000,9999.000,9999.000,9999.000,9999.000,9999.000,9999.000,9999.000
202607220530,   0.757,9999.000,9999.000,9999.000,9999.000,9999.000,9999.000,9999.000,9999.000
202607220536,   0.729,9999.000,9999.000,9999.000,9999.000,9999.000,9999.000,9999.000,9999.000
202607220542,   0.702,9999.000,9999.000,9999.000,9999.000,9999.000,9999.000,9999.000,9999.000
202607220548,   0.676,9999.000,9999.000,9999.000,9999.000,9999.000,9999.000,9999.000,9999.000
202607220554,   0.650,9999.000,9999.000,9999.000,9999.000,9999.000,9999.000,9999.000,9999.000
202607220600,   0.625,9999.000,   0.500,9999.000,   1.125,   0.400,   1.025,   0.600,   1.225
202607220606,   0.601,9999.000,9999.000,9999.000,9999.000,9999.000,9999.000,9999.000,9999.000
202607220612,   0.578,9999.000,9999.000,9999.000,9999.000,9999.000,9999.000,9999.000,9999.000
202607220618,   0.557,9999.000,9999.000,9999.000,9999.000,9999.000,9999.000,9999.000,9999.000
202607220624,   0.538,9999.000,9999.000,9999.000,9999.000,9999.000,9999.000,9999.000,9999.000
202607220630,   0.520,9999.000,9999.000,9999.000,9999.000,9999.000,9999.000,9999.000,9999.000
202607220636,   0.505,9999.000,9999.000,9999.000,9999.000,9999.000,9999.000,9999.000,9999.000
202607220642,   0.492,9999.000,9999.000,9999.000,9999.000,9999.000,9999.000,9999.000,9999.000
202607220648,   0.481,9999.000,9999.000,9999.000,9999.000,9999.000,9999.000,9999.000,9999.000
202607220654,   0.473,9999.000,9999.000,9999.000,9999.000,9999.000,9999.000,9999.000,9999.000
202607220700,   0.467,9999.000,   0.500,9999.000,   0.967,   0.400,   0.867,   0.600,   1.067
202607220706,   0.463,9999.000,9999.000,9999.000,9999.000,9999.000,9999.000,9999.000,9999.000
202607220712,   0.462,9999.000,9999.000,9999.000,9999.000,9999.000,9999.000,9999.000,9999.000
202607220718,   0.464,9999.000,9999.000,9999.000,9999.000,9999.000,9999.000,9999.000,9999.000
202607220724,   0.468,9999.000,9999.000,9999.000,9999.000,9999.000,9999.000,9999.000,9999.000
202607220730,   0.474,9999.000,9999.000,9999.000,9999.000,9999.000,9999.000,9999.000,9999.000
202607220736,   0.482,9999.000,9999.000,9999.000,9999.000,9999.000,9999.000,9999.000,9999.000
202607220742,   0.491,9999.000,9999.000,9999.000,9999.000,9999.000,9999.000,9999.000,9999.000
202607220748,   0.503,9999.000,9999.000,9999.000,9999.000,9999.000,9999.000,9999.000,9999.000
202607220754,   0.515,9999.000,9999.000,9999.000,9999.000,9999.000,9999.000,9999.000,9999.000
202607220800,   0.530,9999.000,   0.400,9999.000,   0.930,   0.300,   0.830,   0.500,   1.030
202607220806,   0.545,9999.000,9999.000,9999.000,9999.000,9999.000,9999.000,9999.000,9999.000
202607220812,   0.562,9999.000,9999.000,9999.000,9999.000,9999.000,9999.000,9999.000,9999.000
202607220818,   0.579,9999.000,9999.000,9999.000,9999.000,9999.000,9999.000,9999.000,9999.000
202607220824,   0.597,9999.000,9999.000,9999.000,9999.000,9999.000,9999.000,9999.000,9999.000
202607220830,   0.616,9999.000,9999.000,9999.000,9999.000,9999.000,9999.000,9999.000,9999.000
202607220836,   0.636,9999.000,9999.000,9999.000,9999.000,9999.000,9999.000,9999.000,9999.000
202607220842,   0.656,9999.000,9999.000,9999.000,9999.000,9999.000,9999.000,9999.000,9999.000
202607220848,   0.677,9999.000,9999.000,9999.000,9999.000,9999.000,9999.000,9999.000,9999.000
202607220854,   0.698,9999.000,9999.000,9999.000,9999.000,9999.000,9999.000,9999.000,9999.000
202607220900,   0.719,9999.000,   0.400,9999.000,   1.119,   0.300,   1.019,   0.500,   1.219
202607220906,   0.741,9999.000,9999.000,9999.000,9999.000,9999.000,9999.000,9999.000,9999.000
202607220912,   0.762,9999.000,9999.000,9999.000,9999.000,9999.000,9999.000,9999.000,9999.000
202607220918,   0.784,9999.000,9999.000,9999.000,9999.000,9999.000,9999.000,9999.000,9999.000
202607220924,   0.806,9999.000,9999.000,9999.000,9999.000,9999.000,9999.000,9999.000,9999.000
202607220930,   0.828,9999.000,9999.000,9999.000,9999.000,9999.000,9999.000,9999.000,9999.000
202607220936,   0.849,9999.000,9999.000,9999.000,9999.000,9999.000,9999.000,9999.000,9999.000
202607220942,   0.871,9999.000,9999.000,9999.000,9999.000,9999.000,9999.000,9999.000,9999.000
202607220948,   0.892,9999.000,9999.000,9999.000,9999.000,9999.000,9999.000,9999.000,9999.000
202607220954,   0.913,9999.000,9999.000,9999.000,9999.000,9999.000,9999.000,9999.000,9999.000
202607221000,   0.934,9999.000,   0.300,9999.000,   1.234,   0.300,   1.234,   0.400,   1.334
202607221006,   0.955,9999.000,9999.000,9999.000,9999.000,9999.000,9999.000,9999.000,9999.000
202607221012,   0.975,9999.000,9999.000,9999.000,9999.000,9999.000,9999.000,9999.000,9999.000
202607221018,   0.995,9999.000,9999.000,9999.000,9999.000,9999.000,9999.000,9999.000,9999.000
202607221024,   1.015,9999.000,9999.000,9999.000,9999.000,9999.000,9999.000,9999.000,9999.000
202607221030,   1.034,9999.000,9999.000,9999.000,9999.000,9999.000,9999.000,9999.000,9999.000
202607221036,   1.053,9999.000,9999.000,9999.000,9999.000,9999.000,9999.000,9999.000,9999.000
202607221042,   1.072,9999.000,9999.000,9999.000,9999.000,9999.000,9999.000,9999.000,9999.000
202607221048,   1.090,9999.000,9999.000,9999.000,9999.000,9999.000,9999.000,9999.000,9999.000
202607221054,   1.108,9999.000,9999.000,9999.000,9999.000,9999.000,9999.000,9999.000,9999.000
202607221100,   1.125,9999.000,   0.300,9999.000,   1.425,   0.200,   1.325,   0.400,   1.525
202607221106,   1.142,9999.000,9999.000,9999.000,9999.000,9999.000,9999.000,9999.000,9999.000
202607221112,   1.159,9999.000,9999.000,9999.000,9999.000,9999.000,9999.000,9999.000,9999.000
202607221118,   1.175,9999.000,9999.000,9999.000,9999.000,9999.000,9999.000,9999.000,9999.000
202607221124,   1.191,9999.000,9999.000,9999.000,9999.000,9999.000,9999.000,9999.000,9999.000
202607221130,   1.206,9999.000,9999.000,9999.000,9999.000,9999.000,9999.000,9999.000,9999.000
202607221136,   1.221,9999.000,9999.000,9999.000,9999.000,9999.000,9999.000,9999.000,9999.000
202607221142,   1.236,9999.000,9999.000,9999.000,9999.000,9999.000,9999.000,9999.000,9999.000
202607221148,   1.250,9999.000,9999.000,9999.000,9999.000,9999.000,9999.000,9999.000,9999.000
202607221154,   1.263,9999.000,9999.000,9999.000,9999.000,9999.000,9999.000,9999.000,9999.000
202607221200,   1.277,9999.000,   0.300,9999.000,   1.577,   0.200,   1.477,   0.400,   1.677
202607221206,   1.289,9999.000,9999.000,9999.000,9999.000,9999.000,9999.000,9999.000,9999.000
202607221212,   1.302,9999.000,9999.000,9999.000,9999.000,9999.000,9999.000,9999.000,9999.000
202607221218,   1.313,9999.000,9999.000,9999.000,9999.000,9999.000,9999.000,9999.000,9999.000
202607221224,   1.325,9999.000,9999.000,9999.000,9999.000,9999.000,9999.000,9999.000,9999.000
202607221230,   1.336,9999.000,9999.000,9999.000,9999.000,9999.000,9999.000,9999.000,9999.000
202607221236,   1.346,9999.000,9999.000,9999.000,9999.000,9999.000,9999.000,9999.000,9999.000
202607221242,   1.356,9999.000,9999.000,9999.000,9999.000,9999.000,9999.000,9999.000,9999.000
202607221248,   1.365,9999.000,9999.000,9999.000,9999.000,9999.000,9999.000,9999.000,9999.000
202607221254,   1.374,9999.000,9999.000,9999.000,9999.000,9999.000,9999.000,9999.000,9999.000
202607221300,   1.383,9999.000,   0.200,9999.000,   1.583,   0.200,   1.583,   0.300,   1.683
202607221306,   1.390,9999.000,9999.000,9999.000,9999.000,9999.000,9999.000,9999.000,9999.000
202607221312,   1.397,9999.000,9999.000,9999.000,9999.000,9999.000,9999.000,9999.000,9999.000
202607221318,   1.404,9999.000,9999.000,9999.000,9999.000,9999.000,9999.000,9999.000,9999.000
202607221324,   1.410,9999.000,9999.000,9999.000,9999.000,9999.000,9999.000,9999.000,9999.000
202607221330,   1.415,9999.000,9999.000,9999.000,9999.000,9999.000,9999.000,9999.000,9999.000
202607221336,   1.419,9999.000,9999.000,9999.000,9999.000,9999.000,9999.000,9999.000,9999.000
202607221342,   1.422,9999.000,9999.000,9999.000,9999.000,9999.000,9999.000,9999.000,9999.000
202607221348,   1.425,9999.000,9999.000,9999.000,9999.000,9999.000,9999.000,9999.000,9999.000
202607221354,   1.427,9999.000,9999.000,9999.000,9999.000,9999.000,9999.000,9999.000,9999.000
202607221400,   1.427,9999.000,   0.200,9999.000,   1.627,   0.100,   1.527,   0.300,   1.727
202607221406,   1.427,9999.000,9999.000,9999.000,9999.000,9999.000,9999.000,9999.000,9999.000
202607221412,   1.425,9999.000,9999.000,9999.000,9999.000,9999.000,9999.000,9999.000,9999.000
202607221418,   1.422,9999.000,9999.000,9999.000,9999.000,9999.000,9999.000,9999.000,9999.000
202607221424,   1.417,9999.000,9999.000,9999.000,9999.000,9999.000,9999.000,9999.000,9999.000
202607221430,   1.411,9999.000,9999.000,9999.000,9999.000,9999.000,9999.000,9999.000,9999.000
202607221436,   1.403,9999.000,9999.000,9999.000,9999.000,9999.000,9999.000,9999.000,9999.000
202607221442,   1.393,9999.000,9999.000,9999.000,9999.000,9999.000,9999.000,9999.000,9999.000
202607221448,   1.382,9999.000,9999.000,9999.000,9999.000,9999.000,9999.000,9999.000,9999.000
202607221454,   1.369,9999.000,9999.000,9999.000,9999.000,9999.000,9999.000,9999.000,9999.000
202607221500,   1.353,9999.000,   0.200,9999.000,   1.553,   0.100,   1.453,   0.300,   1.653
202607221506,   1.336,9999.000,9999.000,9999.000,9999.000,9999.000,9999.000,9999.000,9999.000
202607221512,   1.316,9999.000,9999.000,9999.000,9999.000,9999.000,9999.000,9999.000,9999.000
202607221518,   1.294,9999.000,9999.000,9999.000,9999.000,9999.000,9999.000,9999.000,9999.000
202607221524,   1.270,9999.000,9999.000,9999.000,9999.000,9999.000,9999.000,9999.000,9999.000
202607221530,   1.244,9999.000,9999.000,9999.000,9999.000,9999.000,9999.000,9999.000,9999.000
202607221536,   1.215,9999.000,9999.000,9999.000,9999.000,9999.000,9999.000,9999.000,9999.000
202607221542,   1.185,9999.000,9999.000,9999.000,9999.000,9999.000,9999.000,9999.000,9999.000
202607221548,   1.153,9999.000,9999.000,9999.000,9999.000,9999.000,9999.000,9999.000,9999.000
202607221554,   1.119,9999.000,9999.000,9999.000,9999.000,9999.000,9999.000,9999.000,9999.000
202607221600,   1.083,9999.000,   0.200,9999.000,   1.283,   0.000,   1.083,   0.300,   1.383
202607221606,   1.047,9999.000,9999.000,9999.000,9999.000,9999.000,9999.000,9999.000,9999.000
202607221612,   1.010,9999.000,9999.000,9999.000,9999.000,9999.000,9999.000,9999.000,9999.000
202607221618,   0.972,9999.000,9999.000,9999.000,9999.000,9999.000,9999.000,9999.000,9999.000
202607221624,   0.935,9999.000,9999.000,9999.000,9999.000,9999.000,9999.000,9999.000,9999.000
202607221630,   0.897,9999.000,9999.000,9999.000,9999.000,9999.000,9999.000,9999.000,9999.000
202607221636,   0.860,9999.000,9999.000,9999.000,9999.000,9999.000,9999.000,9999.000,9999.000
202607221642,   0.825,9999.000,9999.000,9999.000,9999.000,9999.000,9999.000,9999.000,9999.000
202607221648,   0.790,9999.000,9999.000,9999.000,9999.000,9999.000,9999.000,9999.000,9999.000
202607221654,   0.757,9999.000,9999.000,9999.000,9999.000,9999.000,9999.000,9999.000,9999.000
202607221700,   0.725,9999.000,   0.100,9999.000,   0.825,   0.000,   0.725,   0.300,   1.025
202607221706,   0.695,9999.000,9999.000,9999.000,9999.000,9999.000,9999.000,9999.000,9999.000
202607221712,   0.666,9999.000,9999.000,9999.000,9999.000,9999.000,9999.000,9999.000,9999.000
202607221718,   0.639,9999.000,9999.000,9999.000,9999.000,9999.000,9999.000,9999.000,9999.000
202607221724,   0.614,9999.000,9999.000,9999.000,9999.000,9999.000,9999.000,9999.000,9999.000
202607221730,   0.590,9999.000,9999.000,9999.000,9999.000,9999.000,9999.000,9999.000,9999.000
202607221736,   0.568,9999.000,9999.000,9999.000,9999.000,9999.000,9999.000,9999.000,9999.000
202607221742,   0.547,9999.000,9999.000,9999.000,9999.000,9999.000,9999.000,9999.000,9999.000
202607221748,   0.527,9999.000,9999.000,9999.000,9999.000,9999.000,9999.000,9999.000,9999.000
202607221754,   0.509,9999.000,9999.000,9999.000,9999.000,9999.000,9999.000,9999.000,9999.000
202607221800,   0.492,9999.000,   0.100,9999.000,   0.592,   0.000,   0.492,   0.200,   0.692
202607221806,   0.476,9999.000,9999.000,9999.000,9999.000,9999.000,9999.000,9999.000,9999.000
202607221812,   0.462,9999.000,9999.000,9999.000,9999.000,9999.000,9999.000,9999.000,9999.000
202607221818,   0.448,9999.000,9999.000,9999.000,9999.000,9999.000,9999.000,9999.000,9999.000
202607221824,   0.437,9999.000,9999.000,9999.000,9999.000,9999.000,9999.000,9999.000,9999.000
202607221830,   0.426,9999.000,9999.000,9999.000,9999.000,9999.000,9999.000,9999.000,9999.000
202607221836,   0.418,9999.000,9999.000,9999.000,9999.000,9999.000,9999.000,9999.000,9999.000
202607221842,   0.410,9999.000,9999.000,9999.000,9999.000,9999.000,9999.000,9999.000,9999.000
202607221848,   0.405,9999.000,9999.000,9999.000,9999.000,9999.000,9999.000,9999.000,9999.000
202607221854,   0.401,9999.000,9999.000,9999.000,9999.000,9999.000,9999.000,9999.000,9999.000
202607221900,   0.399,9999.000,   0.100,9999.000,   0.499,   0.000,   0.399,   0.200,   0.599
202607221906,   0.399,9999.000,9999.000,9999.000,9999.000,9999.000,9999.000,9999.000,9999.000
202607221912,   0.401,9999.000,9999.000,9999.000,9999.000,9999.000,9999.000,9999.000,9999.000
202607221918,   0.404,9999.000,9999.000,9999.000,9999.000,9999.000,9999.000,9999.000,9999.000
202607221924,   0.410,9999.000,9999.000,9999.000,9999.000,9999.000,9999.000,9999.000,9999.000
202607221930,   0.417,9999.000,9999.000,9999.000,9999.000,9999.000,9999.000,9999.000,9999.000
202607221936,   0.427,9999.000,9999.000,9999.000,9999.000,9999.000,9999.000,9999.000,9999.000
202607221942,   0.438,9999.000,9999.000,9999.000,9999.000,9999.000,9999.000,9999.000,9999.000
202607221948,   0.450,9999.000,9999.000,9999.000,9999.000,9999.000,9999.000,9999.000,9999.000
202607221954,   0.465,9999.000,9999.000,9999.000,9999.000,9999.000,9999.000,9999.000,9999.000
202607222000,   0.481,9999.000,   0.100,9999.000,   0.581,   0.000,   0.481,   0.200,   0.681
202607222006,   0.498,9999.000,9999.000,9999.000,9999.000,9999.000,9999.000,9999.000,9999.000
202607222012,   0.517,9999.000,9999.000,9999.000,9999.000,9999.000,9999.000,9999.000,9999.000
202607222018,   0.537,9999.000,9999.000,9999.000,9999.000,9999.000,9999.000,9999.000,9999.000
202607222024,   0.558,9999.000,9999.000,9999.000,9999.000,9999.000,9999.000,9999.000,9999.000
202607222030,   0.580,9999.000,9999.000,9999.000,9999.000,9999.000,9999.000,9999.000,9999.000
202607222036,   0.603,9999.000,9999.000,9999.000,9999.000,9999.000,9999.000,9999.000,9999.000
202607222042,   0.626,9999.000,9999.000,9999.000,9999.000,9999.000,9999.000,9999.000,9999.000
202607222048,   0.651,9999.000,9999.000,9999.000,9999.000,9999.000,9999.000,9999.000,9999.000
202607222054,   0.676,9999.000,9999.000,9999.000,9999.000,9999.000,9999.000,9999.000,9999.000
202607222100,   0.702,9999.000,   0.100,9999.000,   0.802,   0.000,   0.702,   0.200,   0.902
202607222106,   0.728,9999.000,9999.000,9999.000,9999.000,9999.000,9999.000,9999.000,9999.000
202607222112,   0.754,9999.000,9999.000,9999.000,9999.000,9999.000,9999.000,9999.000,9999.000
202607222118,   0.781,9999.000,9999.000,9999.000,9999.000,9999.000,9999.000,9999.000,9999.000
202607222124,   0.808,9999.000,9999.000,9999.000,9999.000,9999.000,9999.000,9999.000,9999.000
202607222130,   0.835,9999.000,9999.000,9999.000,9999.000,9999.000,9999.000,9999.000,9999.000
202607222136,   0.862,9999.000,9999.000,9999.000,9999.000,9999.000,9999.000,9999.000,9999.000
202607222142,   0.890,9999.000,9999.000,9999.000,9999.000,9999.000,9999.000,9999.000,9999.000
202607222148,   0.917,9999.000,9999.000,9999.000,9999.000,9999.000,9999.000,9999.000,9999.000
202607222154,   0.944,9999.000,9999.000,9999.000,9999.000,9999.000,9999.000,9999.000,9999.000
202607222200,   0.971,9999.000,   0.100,9999.000,   1.071,  -0.100,   0.871,   0.200,   1.171
202607222206,   0.997,9999.000,9999.000,9999.000,9999.000,9999.000,9999.000,9999.000,9999.000
202607222212,   1.024,9999.000,9999.000,9999.000,9999.000,9999.000,9999.000,9999.000,9999.000
202607222218,   1.050,9999.000,9999.000,9999.000,9999.000,9999.000,9999.000,9999.000,9999.000
202607222224,   1.075,9999.000,9999.000,9999.000,9999.000,9999.000,9999.000,9999.000,9999.000
202607222230,   1.101,9999.000,9999.000,9999.000,9999.000,9999.000,9999.000,9999.000,9999.000
202607222236,   1.126,9999.000,9999.000,9999.000,9999.000,9999.000,9999.000,9999.000,9999.000
202607222242,   1.150,9999.000,9999.000,9999.000,9999.000,9999.000,9999.000,9999.000,9999.000
202607222248,   1.174,9999.000,9999.000,9999.000,9999.000,9999.000,9999.000,9999.000,9999.000
202607222254,   1.198,9999.000,9999.000,9999.000,9999.000,9999.000,9999.000,9999.000,9999.000
202607222300,   1.221,9999.000,   0.000,9999.000,   1.221,  -0.100,   1.121,   0.200,   1.421
202607222306,   1.244,9999.000,9999.000,9999.000,9999.000,9999.000,9999.000,9999.000,9999.000
202607222312,   1.266,9999.000,9999.000,9999.000,9999.000,9999.000,9999.000,9999.000,9999.000
202607222318,   1.287,9999.000,9999.000,9999.000,9999.000,9999.000,9999.000,9999.000,9999.000
202607222324,   1.308,9999.000,9999.000,9999.000,9999.000,9999.000,9999.000,9999.000,9999.000
202607222330,   1.329,9999.000,9999.000,9999.000,9999.000,9999.000,9999.000,9999.000,9999.000
202607222336,   1.349,9999.000,9999.000,9999.000,9999.000,9999.000,9999.000,9999.000,9999.000
202607222342,   1.368,9999.000,9999.000,9999.000,9999.000,9999.000,9999.000,9999.000,9999.000
202607222348,   1.387,9999.000,9999.000,9999.000,9999.000,9999.000,9999.000,9999.000,9999.000
202607222354,   1.405,9999.000,9999.000,9999.000,9999.000,9999.000,9999.000,9999.000,9999.000
202607230000,   1.423,9999.000,   0.000,9999.000,   1.423,  -0.100,   1.323,   0.200,   1.623
202607230006,   1.440,9999.000,9999.000,9999.000,9999.000,9999.000,9999.000,9999.000,9999.000
202607230012,   1.456,9999.000,9999.000,9999.000,9999.000,9999.000,9999.000,9999.000,9999.000
202607230018,   1.473,9999.000,9999.000,9999.000,9999.000,9999.000,9999.000,9999.000,9999.000
202607230024,   1.488,9999.000,9999.000,9999.000,9999.000,9999.000,9999.000,9999.000,9999.000
202607230030,   1.503,9999.000,9999.000,9999.000,9999.000,9999.000,9999.000,9999.000,9999.000
202607230036,   1.517,9999.000,9999.000,9999.000,9999.000,9999.000,9999.000,9999.000,9999.000
202607230042,   1.531,9999.000,9999.000,9999.000,9999.000,9999.000,9999.000,9999.000,9999.000
202607230048,   1.545,9999.000,9999.000,9999.000,9999.000,9999.000,9999.000,9999.000,9999.000
202607230054,   1.557,9999.000,9999.000,9999.000,9999.000,9999.000,9999.000,9999.000,9999.000
202607230100,   1.569,9999.000,   0.000,9999.000,   1.569,  -0.100,   1.469,   0.200,   1.769
202607230106,   1.581,9999.000,9999.000,9999.000,9999.000,9999.000,9999.000,9999.000,9999.000
202607230112,   1.592,9999.000,9999.000,9999.000,9999.000,9999.000,9999.000,9999.000,9999.000
202607230118,   1.602,9999.000,9999.000,9999.000,9999.000,9999.000,9999.000,9999.000,9999.000
202607230124,   1.612,9999.000,9999.000,9999.000,9999.000,9999.000,9999.000,9999.000,9999.000
202607230130,   1.621,9999.000,9999.000,9999.000,9999.000,9999.000,9999.000,9999.000,9999.000
202607230136,   1.630,9999.000,9999.000,9999.000,9999.000,9999.000,9999.000,9999.000,9999.000
202607230142,   1.637,9999.000,9999.000,9999.000,9999.000,9999.000,9999.000,9999.000,9999.000
202607230148,   1.644,9999.000,9999.000,9999.000,9999.000,9999.000,9999.000,9999.000,9999.000
202607230154,   1.650,9999.000,9999.000,9999.000,9999.000,9999.000,9999.000,9999.000,9999.000
202607230200,   1.656,9999.000,   0.000,9999.000,   1.656,  -0.100,   1.556,   0.100,   1.756
202607230206,   1.660,9999.000,9999.000,9999.000,9999.000,9999.000,9999.000,9999.000,9999.000
202607230212,   1.664,9999.000,9999.000,9999.000,9999.000,9999.000,9999.000,9999.000,9999.000
202607230218,   1.666,9999.000,9999.000,9999.000,9999.000,9999.000,9999.000,9999.000,9999.000
202607230224,   1.668,9999.000,9999.000,9999.000,9999.000,9999.000,9999.000,9999.000,9999.000
202607230230,   1.668,9999.000,9999.000,9999.000,9999.000,9999.000,9999.000,9999.000,9999.000
202607230236,   1.667,9999.000,9999.000,9999.000,9999.000,9999.000,9999.000,9999.000,9999.000
202607230242,   1.665,9999.000,9999.000,9999.000,9999.000,9999.000,9999.000,9999.000,9999.000
202607230248,   1.662,9999.000,9999.000,9999.000,9999.000,9999.000,9999.000,9999.000,9999.000
202607230254,   1.657,9999.000,9999.000,9999.000,9999.000,9999.000,9999.000,9999.000,9999.000
202607230300,   1.651,9999.000,   0.000,9999.000,   1.651,  -0.100,   1.551,   0.100,   1.751
202607230306,   1.644,9999.000,9999.000,9999.000,9999.000,9999.000,9999.000,9999.000,9999.000
202607230312,   1.635,9999.000,9999.000,9999.000,9999.000,9999.000,9999.000,9999.000,9999.000
202607230318,   1.624,9999.000,9999.000,9999.000,9999.000,9999.000,9999.000,9999.000,9999.000
202607230324,   1.612,9999.000,9999.000,9999.000,9999.000,9999.000,9999.000,9999.000,9999.000
202607230330,   1.598,9999.000,9999.000,9999.000,9999.000,9999.000,9999.000,9999.000,9999.000
202607230336,   1.582,9999.000,9999.000,9999.000,9999.000,9999.000,9999.000,9999.000,9999.000
202607230342,   1.565,9999.000,9999.000,9999.000,9999.000,9999.000,9999.000,9999.000,9999.000
202607230348,   1.546,9999.000,9999.000,9999.000,9999.000,9999.000,9999.000,9999.000,9999.000
202607230354,   1.525,9999.000,9999.000,9999.000,9999.000,9999.000,9999.000,9999.000,9999.000
202607230400,   1.503,9999.000,   0.000,9999.000,   1.503,  -0.100,   1.403,   0.100,   1.603
202607230406,   1.479,9999.000,9999.000,9999.000,9999.000,9999.000,9999.000,9999.000,9999.000
202607230412,   1.454,9999.000,9999.000,9999.000,9999.000,9999.000,9999.000,9999.000,9999.000
202607230418,   1.427,9999.000,9999.000,9999.000,9999.000,9999.000,9999.000,9999.000,9999.000
202607230424,   1.400,9999.000,9999.000,9999.000,9999.000,9999.000,9999.000,9999.000,9999.000
202607230430,   1.371,9999.000,9999.000,9999.000,9999.000,9999.000,9999.000,9999.000,9999.000
202607230436,   1.341,9999.000,9999.000,9999.000,9999.000,9999.000,9999.000,9999.000,9999.000
202607230442,   1.310,9999.000,9999.000,9999.000,9999.000,9999.000,9999.000,9999.000,9999.000
202607230448,   1.279,9999.000,9999.000,9999.000,9999.000,9999.000,9999.000,9999.000,9999.000
202607230454,   1.247,9999.000,9999.000,9999.000,9999.000,9999.000,9999.000,9999.000,9999.000
202607230500,   1.215,9999.000,   0.000,9999.000,   1.215,  -0.100,   1.115,   0.100,   1.315
202607230506,   1.183,9999.000,9999.000,9999.000,9999.000,9999.000,9999.000,9999.000,9999.000
202607230512,   1.150,9999.000,9999.000,9999.000,9999.000,9999.000,9999.000,9999.000,9999.000
202607230518,   1.118,9999.000,9999.000,9999.000,9999.000,9999.000,9999.000,9999.000,9999.000
202607230524,   1.086,9999.000,9999.000,9999.000,9999.000,9999.000,9999.000,9999.000,9999.000
202607230530,   1.055,9999.000,9999.000,9999.000,9999.000,9999.000,9999.000,9999.000,9999.000
202607230536,   1.024,9999.000,9999.000,9999.000,9999.000,9999.000,9999.000,9999.000,9999.000
202607230542,   0.993,9999.000,9999.000,9999.000,9999.000,9999.000,9999.000,9999.000,9999.000
202607230548,   0.963,9999.000,9999.000,9999.000,9999.000,9999.000,9999.000,9999.000,9999.000
202607230554,   0.933,9999.000,9999.000,9999.000,9999.000,9999.000,9999.000,9999.000,9999.000
202607230600,   0.904,9999.000,   0.000,9999.000,   0.904,  -0.100,   0.804,   0.100,   1.004
202607230606,   0.875,9999.000,9999.000,9999.000,9999.000,9999.000,9999.000,9999.000,9999.000
202607230612,   0.847,9999.000,9999.000,9999.000,9999.000,9999.000,9999.000,9999.000,9999.000
202607230618,   0.819,9999.000,9999.000,9999.000,9999.000,9999.000,9999.000,9999.000,9999.000
202607230624,   0.791,9999.000,9999.000,9999.000,9999.000,9999.000,9999.000,9999.000,9999.000
202607230630,   0.764,9999.000,9999.000,9999.000,9999.000,9999.000,9999.000,9999.000,9999.000
202607230636,   0.737,9999.000,9999.000,9999.000,9999.000,9999.000,9999.000,9999.000,9999.000
202607230642,   0.710,9999.000,9999.000,9999.000,9999.000,9999.000,9999.000,9999.000,9999.000
202607230648,   0.684,9999.000,9999.000,9999.000,9999.000,9999.000,9999.000,9999.000,9999.000
202607230654,   0.658,9999.000,9999.000,9999.000,9999.000,9999.000,9999.000,9999.000,9999.000
202607230700,   0.633,9999.000,   0.000,9999.000,   0.633,  -0.100,   0.533,   0.100,   0.733
202607230706,   0.609,9999.000,9999.000,9999.000,9999.000,9999.000,9999.000,9999.000,9999.000
202607230712,   0.586,9999.000,9999.000,9999.000,9999.000,9999.000,9999.000,9999.000,9999.000
202607230718,   0.565,9999.000,9999.000,9999.000,9999.000,9999.000,9999.000,9999.000,9999.000
202607230724,   0.546,9999.000,9999.000,9999.000,9999.000,9999.000,9999.000,9999.000,9999.000
202607230730,   0.529,9999.000,9999.000,9999.000,9999.000,9999.000,9999.000,9999.000,9999.000
202607230736,   0.514,9999.000,9999.000,9999.000,9999.000,9999.000,9999.000,9999.000,9999.000
202607230742,   0.501,9999.000,9999.000,9999.000,9999.000,9999.000,9999.000,9999.000,9999.000
202607230748,   0.491,9999.000,9999.000,9999.000,9999.000,9999.000,9999.000,9999.000,9999.000
202607230754,   0.483,9999.000,9999.000,9999.000,9999.000,9999.000,9999.000,9999.000,9999.000
202607230800,   0.478,9999.000,   0.000,9999.000,   0.478,  -0.100,   0.378,   0.100,   0.578
202607230806,   0.476,9999.000,9999.000,9999.000,9999.000,9999.000,9999.000,9999.000,9999.000
202607230812,   0.476,9999.000,9999.000,9999.000,9999.000,9999.000,9999.000,9999.000,9999.000
202607230818,   0.478,9999.000,9999.000,9999.000,9999.000,9999.000,9999.000,9999.000,9999.000
202607230824,   0.483,9999.000,9999.000,9999.000,9999.000,9999.000,9999.000,9999.000,9999.000
202607230830,   0.489,9999.000,9999.000,9999.000,9999.000,9999.000,9999.000,9999.000,9999.000
202607230836,   0.497,9999.000,9999.000,9999.000,9999.000,9999.000,9999.000,9999.000,9999.000
202607230842,   0.508,9999.000,9999.000,9999.000,9999.000,9999.000,9999.000,9999.000,9999.000
202607230848,   0.519,9999.000,9999.000,9999.000,9999.000,9999.000,9999.000,9999.000,9999.000
202607230854,   0.532,9999.000,9999.000,9999.000,9999.000,9999.000,9999.000,9999.000,9999.000
202607230900,   0.546,9999.000,   0.000,9999.000,   0.546,  -0.200,   0.346,   0.100,   0.646
202607230906,   0.561,9999.000,9999.000,9999.000,9999.000,9999.000,9999.000,9999.000,9999.000
202607230912,   0.578,9999.000,9999.000,9999.000,9999.000,9999.000,9999.000,9999.000,9999.000
202607230918,   0.595,9999.000,9999.000,9999.000,9999.000,9999.000,9999.000,9999.000,9999.000
202607230924,   0.612,9999.000,9999.000,9999.000,9999.000,9999.000,9999.000,9999.000,9999.000
202607230930,   0.631,9999.000,9999.000,9999.000,9999.000,9999.000,9999.000,9999.000,9999.000
202607230936,   0.650,9999.000,9999.000,9999.000,9999.000,9999.000,9999.000,9999.000,9999.000
202607230942,   0.669,9999.000,9999.000,9999.000,9999.000,9999.000,9999.000,9999.000,9999.000
202607230948,   0.688,9999.000,9999.000,9999.000,9999.000,9999.000,9999.000,9999.000,9999.000
202607230954,   0.708,9999.000,9999.000,9999.000,9999.000,9999.000,9999.000,9999.000,9999.000
202607231000,   0.728,9999.000,   0.000,9999.000,   0.728,  -0.200,   0.528,   0.100,   0.828
202607231006,   0.749,9999.000,9999.000,9999.000,9999.000,9999.000,9999.000,9999.000,9999.000
202607231012,   0.769,9999.000,9999.000,9999.000,9999.000,9999.000,9999.000,9999.000,9999.000
202607231018,   0.789,9999.000,9999.000,9999.000,9999.000,9999.000,9999.000,9999.000,9999.000
202607231024,   0.810,9999.000,9999.000,9999.000,9999.000,9999.000,9999.000,9999.000,9999.000
202607231030,   0.830,9999.000,9999.000,9999.000,9999.000,9999.000,9999.000,9999.000,9999.000
202607231036,   0.850,9999.000,9999.000,9999.000,9999.000,9999.000,9999.000,9999.000,9999.000
202607231042,   0.870,9999.000,9999.000,9999.000,9999.000,9999.000,9999.000,9999.000,9999.000
202607231048,   0.890,9999.000,9999.000,9999.000,9999.000,9999.000,9999.000,9999.000,9999.000
202607231054,   0.909,9999.000,9999.000,9999.000,9999.000,9999.000,9999.000,9999.000,9999.000
202607231100,   0.929,9999.000,  -0.100,9999.000,   0.829,  -0.200,   0.729,   0.000,   0.929
202607231106,   0.948,9999.000,9999.000,9999.000,9999.000,9999.000,9999.000,9999.000,9999.000
202607231112,   0.967,9999.000,9999.000,9999.000,9999.000,9999.000,9999.000,9999.000,9999.000
202607231118,   0.985,9999.000,9999.000,9999.000,9999.000,9999.000,9999.000,9999.000,9999.000
202607231124,   1.004,9999.000,9999.000,9999.000,9999.000,9999.000,9999.000,9999.000,9999.000
202607231130,   1.021,9999.000,9999.000,9999.000,9999.000,9999.000,9999.000,9999.000,9999.000
202607231136,   1.039,9999.000,9999.000,9999.000,9999.000,9999.000,9999.000,9999.000,9999.000
202607231142,   1.056,9999.000,9999.000,9999.000,9999.000,9999.000,9999.000,9999.000,9999.000
202607231148,   1.073,9999.000,9999.000,9999.000,9999.000,9999.000,9999.000,9999.000,9999.000
202607231154,   1.090,9999.000,9999.000,9999.000,9999.000,9999.000,9999.000,9999.000,9999.000
202607231200,   1.106,9999.000,  -0.100,9999.000,   1.006,  -0.200,   0.906,   0.000,   1.106
202607231206,   1.122,9999.000,9999.000,9999.000,9999.000,9999.000,9999.000,9999.000,9999.000
202607231212,   1.137,9999.000,9999.000,9999.000,9999.000,9999.000,9999.000,9999.000,9999.000
202607231218,   1.153,9999.000,9999.000,9999.000,9999.000,9999.000,9999.000,9999.000,9999.000
202607231224,   1.167,9999.000,9999.000,9999.000,9999.000,9999.000,9999.000,9999.000,9999.000
202607231230,   1.182,9999.000,9999.000,9999.000,9999.000,9999.000,9999.000,9999.000,9999.000
202607231236,   1.196,9999.000,9999.000,9999.000,9999.000,9999.000,9999.000,9999.000,9999.000
202607231242,   1.210,9999.000,9999.000,9999.000,9999.000,9999.000,9999.000,9999.000,9999.000
202607231248,   1.223,9999.000,9999.000,9999.000,9999.000,9999.000,9999.000,9999.000,9999.000
202607231254,   1.236,9999.000,9999.000,9999.000,9999.000,9999.000,9999.000,9999.000,9999.000
202607231300,   1.249,9999.000,  -0.100,9999.000,   1.149,  -0.200,   1.049,   0.000,   1.249
202607231306,   1.261,9999.000,9999.000,9999.000,9999.000,9999.000,9999.000,9999.000,9999.000
202607231312,   1.273,9999.000,9999.000,9999.000,9999.000,9999.000,9999.000,9999.000,9999.000
202607231318,   1.285,9999.000,9999.000,9999.000,9999.000,9999.000,9999.000,9999.000,9999.000
202607231324,   1.296,9999.000,9999.000,9999.000,9999.000,9999.000,9999.000,9999.000,9999.000
202607231330,   1.307,9999.000,9999.000,9999.000,9999.000,9999.000,9999.000,9999.000,9999.000
202607231336,   1.317,9999.000,9999.000,9999.000,9999.000,9999.000,9999.000,9999.000,9999.000
202607231342,   1.327,9999.000,9999.000,9999.000,9999.000,9999.000,9999.000,9999.000,9999.000
202607231348,   1.336,9999.000,9999.000,9999.000,9999.000,9999.000,9999.000,9999.000,9999.000
202607231354,   1.345,9999.000,9999.000,9999.000,9999.000,9999.000,9999.000,9999.000,9999.000
202607231400,   1.353,9999.000,  -0.100,9999.000,   1.253,  -0.200,   1.153,   0.000,   1.353
202607231406,   1.361,9999.000,9999.000,9999.000,9999.000,9999.000,9999.000,9999.000,9999.000
202607231412,   1.369,9999.000,9999.000,9999.000,9999.000,9999.000,9999.000,9999.000,9999.000
202607231418,   1.375,9999.000,9999.000,9999.000,9999.000,9999.000,9999.000,9999.000,9999.000
202607231424,   1.381,9999.000,9999.000,9999.000,9999.000,9999.000,9999.000,9999.000,9999.000
202607231430,   1.386,9999.000,9999.000,9999.000,9999.000,9999.000,9999.000,9999.000,9999.000
202607231436,   1.391,9999.000,9999.000,9999.000,9999.000,9999.000,9999.000,9999.000,9999.000
202607231442,   1.394,9999.000,9999.000,9999.000,9999.000,9999.000,9999.000,9999.000,9999.000
202607231448,   1.397,9999.000,9999.000,9999.000,9999.000,9999.000,9999.000,9999.000,9999.000
202607231454,   1.399,9999.000,9999.000,9999.000,9999.000,9999.000,9999.000,9999.000,9999.000
202607231500,   1.399,9999.000,  -0.100,9999.000,   1.299,  -0.200,   1.199,   0.000,   1.399
202607231506,   1.399,9999.000,9999.000,9999.000,9999.000,9999.000,9999.000,9999.000,9999.000
202607231512,   1.397,9999.000,9999.000,9999.000,9999.000,9999.000,9999.000,9999.000,9999.000
202607231518,   1.394,9999.000,9999.000,9999.000,9999.000,9999.000,9999.000,9999.000,9999.000
202607231524,   1.389,9999.000,9999.000,9999.000,9999.000,9999.000,9999.000,9999.000,9999.000
202607231530,   1.383,9999.000,9999.000,9999.000,9999.000,9999.000,9999.000,9999.000,9999.000
202607231536,   1.375,9999.000,9999.000,9999.000,9999.000,9999.000,9999.000,9999.000,9999.000
202607231542,   1.365,9999.000,9999.000,9999.000,9999.000,9999.000,9999.000,9999.000,9999.000
202607231548,   1.353,9999.000,9999.000,9999.000,9999.000,9999.000,9999.000,9999.000,9999.000
202607231554,   1.339,9999.000,9999.000,9999.000,9999.000,9999.000,9999.000,9999.000,9999.000
202607231600,   1.322,9999.000,  -0.100,9999.000,   1.222,  -0.200,   1.122,   0.000,   1.322
202607231606,   1.304,9999.000,9999.000,9999.000,9999.000,9999.000,9999.000,9999.000,9999.000
202607231612,   1.283,9999.000,9999.000,9999.000,9999.000,9999.000,9999.000,9999.000,9999.000
202607231618,   1.260,9999.000,9999.000,9999.000,9999.000,9999.000,9999.000,9999.000,9999.000
202607231624,   1.234,9999.000,9999.000,9999.000,9999.000,9999.000,9999.000,9999.000,9999.000
202607231630,   1.206,9999.000,9999.000,9999.000,9999.000,9999.000,9999.000,9999.000,9999.000
202607231636,   1.176,9999.000,9999.000,9999.000,9999.000,9999.000,9999.000,9999.000,9999.000
202607231642,   1.144,9999.000,9999.000,9999.000,9999.000,9999.000,9999.000,9999.000,9999.000
202607231648,   1.110,9999.000,9999.000,9999.000,9999.000,9999.000,9999.000,9999.000,9999.000
202607231654,   1.075,9999.000,9999.000,9999.000,9999.000,9999.000,9999.000,9999.000,9999.000
202607231700,   1.039,9999.000,  -0.100,9999.000,   0.939,  -0.200,   0.839,   0.000,   1.039
202607231706,   1.002,9999.000,9999.000,9999.000,9999.000,9999.000,9999.000,9999.000,9999.000
202607231712,   0.965,9999.000,9999.000,9999.000,9999.000,9999.000,9999.000,9999.000,9999.000
202607231718,   0.928,9999.000,9999.000,9999.000,9999.000,9999.000,9999.000,9999.000,9999.000
202607231724,   0.892,9999.000,9999.000,9999.000,9999.000,9999.000,9999.000,9999.000,9999.000
202607231730,   0.857,9999.000,9999.000,9999.000,9999.000,9999.000,9999.000,9999.000,9999.000
202607231736,   0.823,9999.000,9999.000,9999.000,9999.000,9999.000,9999.000,9999.000,9999.000
202607231742,   0.791,9999.000,9999.000,9999.000,9999.000,9999.000,9999.000,9999.000,9999.000
202607231748,   0.760,9999.000,9999.000,9999.000,9999.000,9999.000,9999.000,9999.000,9999.000
202607231754,   0.730,9999.000,9999.000,9999.000,9999.000,9999.000,9999.000,9999.000,9999.000
202607231800,   0.702,9999.000,  -0.100,9999.000,   0.602,  -0.200,   0.502,   0.000,   0.702
202607231806,   0.676,9999.000,9999.000,9999.000,9999.000,9999.000,9999.000,9999.000,9999.000
202607231812,   0.651,9999.000,9999.000,9999.000,9999.000,9999.000,9999.000,9999.000,9999.000
202607231818,   0.628,9999.000,9999.000,9999.000,9999.000,9999.000,9999.000,9999.000,9999.000
202607231824,   0.607,9999.000,9999.000,9999.000,9999.000,9999.000,9999.000,9999.000,9999.000
202607231830,   0.586,9999.000,9999.000,9999.000,9999.000,9999.000,9999.000,9999.000,9999.000
202607231836,   0.567,9999.000,9999.000,9999.000,9999.000,9999.000,9999.000,9999.000,9999.000
202607231842,   0.549,9999.000,9999.000,9999.000,9999.000,9999.000,9999.000,9999.000,9999.000
202607231848,   0.532,9999.000,9999.000,9999.000,9999.000,9999.000,9999.000,9999.000,9999.000
202607231854,   0.516,9999.000,9999.000,9999.000,9999.000,9999.000,9999.000,9999.000,9999.000
202607231900,   0.502,9999.000,  -0.100,9999.000,   0.402,  -0.200,   0.302,   0.000,   0.502
202607231906,   0.489,9999.000,9999.000,9999.000,9999.000,9999.000,9999.000,9999.000,9999.000
202607231912,   0.476,9999.000,9999.000,9999.000,9999.000,9999.000,9999.000,9999.000,9999.000
202607231918,   0.466,9999.000,9999.000,9999.000,9999.000,9999.000,9999.000,9999.000,9999.000
202607231924,   0.456,9999.000,9999.000,9999.000,9999.000,9999.000,9999.000,9999.000,9999.000
202607231930,   0.448,9999.000,9999.000,9999.000,9999.000,9999.000,9999.000,9999.000,9999.000
202607231936,   0.442,9999.000,9999.000,9999.000,9999.000,9999.000,9999.000,9999.000,9999.000
202607231942,   0.437,9999.000,9999.000,9999.000,9999.000,9999.000,9999.000,9999.000,9999.000
202607231948,   0.434,9999.000,9999.000,9999.000,9999.000,9999.000,9999.000,9999.000,9999.000
202607231954,   0.433,9999.000,9999.000,9999.000,9999.000,9999.000,9999.000,9999.000,9999.000
202607232000,   0.434,9999.000,  -0.100,9999.000,   0.334,  -0.200,   0.234,   0.000,   0.434
202607232006,   0.436,9999.000,9999.000,9999.000,9999.000,9999.000,9999.000,9999.000,9999.000
202607232012,   0.440,9999.000,9999.000,9999.000,9999.000,9999.000,9999.000,9999.000,9999.000
202607232018,   0.446,9999.000,9999.000,9999.000,9999.000,9999.000,9999.000,9999.000,9999.000
202607232024,   0.454,9999.000,9999.000,9999.000,9999.000,9999.000,9999.000,9999.000,9999.000
202607232030,   0.464,9999.000,9999.000,9999.000,9999.000,9999.000,9999.000,9999.000,9999.000
202607232036,   0.475,9999.000,9999.000,9999.000,9999.000,9999.000,9999.000,9999.000,9999.000
202607232042,   0.488,9999.000,9999.000,9999.000,9999.000,9999.000,9999.000,9999.000,9999.000
202607232048,   0.503,9999.000,9999.000,9999.000,9999.000,9999.000,9999.000,9999.000,9999.000
202607232054,   0.518,9999.000,9999.000,9999.000,9999.000,9999.000,9999.000,9999.000,9999.000
202607232100,   0.536,9999.000,  -0.100,9999.000,   0.436,  -0.200,   0.336,   0.000,   0.536
202607232106,   0.554,9999.000,9999.000,9999.000,9999.000,9999.000,9999.000,9999.000,9999.000
202607232112,   0.574,9999.000,9999.000,9999.000,9999.000,9999.000,9999.000,9999.000,9999.000
202607232118,   0.595,9999.000,9999.000,9999.000,9999.000,9999.000,9999.000,9999.000,9999.000
202607232124,   0.617,9999.000,9999.000,9999.000,9999.000,9999.000,9999.000,9999.000,9999.000
202607232130,   0.639,9999.000,9999.000,9999.000,9999.000,9999.000,9999.000,9999.000,9999.000
202607232136,   0.663,9999.000,9999.000,9999.000,9999.000,9999.000,9999.000,9999.000,9999.000
202607232142,   0.687,9999.000,9999.000,9999.000,9999.000,9999.000,9999.000,9999.000,9999.000
202607232148,   0.711,9999.000,9999.000,9999.000,9999.000,9999.000,9999.000,9999.000,9999.000
202607232154,   0.736,9999.000,9999.000,9999.000,9999.000,9999.000,9999.000,9999.000,9999.000
202607232200,   0.762,9999.000,  -0.100,9999.000,   0.662,  -0.200,   0.562,   0.000,   0.762
202607232206,   0.787,9999.000,9999.000,9999.000,9999.000,9999.000,9999.000,9999.000,9999.000
202607232212,   0.813,9999.000,9999.000,9999.000,9999.000,9999.000,9999.000,9999.000,9999.000
202607232218,   0.839,9999.000,9999.000,9999.000,9999.000,9999.000,9999.000,9999.000,9999.000
202607232224,   0.865,9999.000,9999.000,9999.000,9999.000,9999.000,9999.000,9999.000,9999.000
202607232230,   0.892,9999.000,9999.000,9999.000,9999.000,9999.000,9999.000,9999.000,9999.000
202607232236,   0.918,9999.000,9999.000,9999.000,9999.000,9999.000,9999.000,9999.000,9999.000
202607232242,   0.944,9999.000,9999.000,9999.000,9999.000,9999.000,9999.000,9999.000,9999.000
202607232248,   0.970,9999.000,9999.000,9999.000,9999.000,9999.000,9999.000,9999.000,9999.000
202607232254,   0.995,9999.000,9999.000,9999.000,9999.000,9999.000,9999.000,9999.000,9999.000
202607232300,   1.021,9999.000,  -0.100,9999.000,   0.921,  -0.200,   0.821,   0.000,   1.021
202607232306,   1.046,9999.000,9999.000,9999.000,9999.000,9999.000,9999.000,9999.000,9999.000
202607232312,   1.071,9999.000,9999.000,9999.000,9999.000,9999.000,9999.000,9999.000,9999.000
202607232318,   1.096,9999.000,9999.000,9999.000,9999.000,9999.000,9999.000,9999.000,9999.000
202607232324,   1.120,9999.000,9999.000,9999.000,9999.000,9999.000,9999.000,9999.000,9999.000
202607232330,   1.144,9999.000,9999.000,9999.000,9999.000,9999.000,9999.000,9999.000,9999.000
202607232336,   1.167,9999.000,9999.000,9999.000,9999.000,9999.000,9999.000,9999.000,9999.000
202607232342,   1.190,9999.000,9999.000,9999.000,9999.000,9999.000,9999.000,9999.000,9999.000
202607232348,   1.213,9999.000,9999.000,9999.000,9999.000,9999.000,9999.000,9999.000,9999.000
202607232354,   1.235,9999.000,9999.000,9999.000,9999.000,9999.000,9999.000,9999.000,9999.000
202607240000,   1.256,9999.000,   0.000,9999.000,   1.256,  -0.200,   1.056,   0.000,   1.256
202607240006,   1.277,9999.000,9999.000,9999.000,9999.000,9999.000,9999.000,9999.000,9999.000
202607240012,   1.298,9999.000,9999.000,9999.000,9999.000,9999.000,9999.000,9999.000,9999.000
202607240018,   1.318,9999.000,9999.000,9999.000,9999.000,9999.000,9999.000,9999.000,9999.000
202607240024,   1.338,9999.000,9999.000,9999.000,9999.000,9999.000,9999.000,9999.000,9999.000
202607240030,   1.357,9999.000,9999.000,9999.000,9999.000,9999.000,9999.000,9999.000,9999.000
202607240036,   1.376,9999.000,9999.000,9999.000,9999.000,9999.000,9999.000,9999.000,9999.000
202607240042,   1.394,9999.000,9999.000,9999.000,9999.000,9999.000,9999.000,9999.000,9999.000
202607240048,   1.411,9999.000,9999.000,9999.000,9999.000,9999.000,9999.000,9999.000,9999.000
202607240054,   1.428,9999.000,9999.000,9999.000,9999.000,9999.000,9999.000,9999.000,9999.000
202607240100,   1.445,9999.000,   0.000,9999.000,   1.445,  -0.100,   1.345,   0.100,   1.545
202607240106,   1.461,9999.000,9999.000,9999.000,9999.000,9999.000,9999.000,9999.000,9999.000
202607240112,   1.477,9999.000,9999.000,9999.000,9999.000,9999.000,9999.000,9999.000,9999.000
202607240118,   1.492,9999.000,9999.000,9999.000,9999.000,9999.000,9999.000,9999.000,9999.000
202607240124,   1.507,9999.000,9999.000,9999.000,9999.000,9999.000,9999.000,9999.000,9999.000
202607240130,   1.521,9999.000,9999.000,9999.000,9999.000,9999.000,9999.000,9999.000,9999.000
202607240136,   1.535,9999.000,9999.000,9999.000,9999.000,9999.000,9999.000,9999.000,9999.000
202607240142,   1.548,9999.000,9999.000,9999.000,9999.000,9999.000,9999.000,9999.000,9999.000
202607240148,   1.561,9999.000,9999.000,9999.000,9999.000,9999.000,9999.000,9999.000,9999.000
202607240154,   1.573,9999.000,9999.000,9999.000,9999.000,9999.000,9999.000,9999.000,9999.000
202607240200,   1.585,9999.000,   0.000,9999.000,   1.585,  -0.100,   1.485,   0.100,   1.685
202607240206,   1.596,9999.000,9999.000,9999.000,9999.000,9999.000,9999.000,9999.000,9999.000
202607240212,   1.607,9999.000,9999.000,9999.000,9999.000,9999.000,9999.000,9999.000,9999.000
202607240218,   1.617,9999.000,9999.000,9999.000,9999.000,9999.000,9999.000,9999.000,9999.000
202607240224,   1.626,9999.000,9999.000,9999.000,9999.000,9999.000,9999.000,9999.000,9999.000
202607240230,   1.635,9999.000,9999.000,9999.000,9999.000,9999.000,9999.000,9999.000,9999.000
202607240236,   1.643,9999.000,9999.000,9999.000,9999.000,9999.000,9999.000,9999.000,9999.000
202607240242,   1.650,9999.000,9999.000,9999.000,9999.000,9999.000,9999.000,9999.000,9999.000
202607240248,   1.657,9999.000,9999.000,9999.000,9999.000,9999.000,9999.000,9999.000,9999.000
202607240254,   1.662,9999.000,9999.000,9999.000,9999.000,9999.000,9999.000,9999.000,9999.000
202607240300,   1.667,9999.000,   0.000,9999.000,   1.667,  -0.100,   1.567,   0.100,   1.767
202607240306,   1.671,9999.000,9999.000,9999.000,9999.000,9999.000,9999.000,9999.000,9999.000
202607240312,   1.674,9999.000,9999.000,9999.000,9999.000,9999.000,9999.000,9999.000,9999.000
202607240318,   1.676,9999.000,9999.000,9999.000,9999.000,9999.000,9999.000,9999.000,9999.000
202607240324,   1.676,9999.000,9999.000,9999.000,9999.000,9999.000,9999.000,9999.000,9999.000
202607240330,   1.676,9999.000,9999.000,9999.000,9999.000,9999.000,9999.000,9999.000,9999.000
202607240336,   1.674,9999.000,9999.000,9999.000,9999.000,9999.000,9999.000,9999.000,9999.000
202607240342,   1.671,9999.000,9999.000,9999.000,9999.000,9999.000,9999.000,9999.000,9999.000
202607240348,   1.667,9999.000,9999.000,9999.000,9999.000,9999.000,9999.000,9999.000,9999.000
202607240354,   1.661,9999.000,9999.000,9999.000,9999.000,9999.000,9999.000,9999.000,9999.000
202607240400,   1.653,9999.000,   0.000,9999.000,   1.653,  -0.100,   1.553,   0.100,   1.753
202607240406,   1.644,9999.000,9999.000,9999.000,9999.000,9999.000,9999.000,9999.000,9999.000
202607240412,   1.633,9999.000,9999.000,9999.000,9999.000,9999.000,9999.000,9999.000,9999.000
202607240418,   1.621,9999.000,9999.000,9999.000,9999.000,9999.000,9999.000,9999.000,9999.000
202607240424,   1.606,9999.000,9999.000,9999.000,9999.000,9999.000,9999.000,9999.000,9999.000
202607240430,   1.590,9999.000,9999.000,9999.000,9999.000,9999.000,9999.000,9999.000,9999.000
202607240436,   1.573,9999.000,9999.000,9999.000,9999.000,9999.000,9999.000,9999.000,9999.000
202607240442,   1.553,9999.000,9999.000,9999.000,9999.000,9999.000,9999.000,9999.000,9999.000
202607240448,   1.532,9999.000,9999.000,9999.000,9999.000,9999.000,9999.000,9999.000,9999.000
202607240454,   1.510,9999.000,9999.000,9999.000,9999.000,9999.000,9999.000,9999.000,9999.000
202607240500,   1.486,9999.000,   0.000,9999.000,   1.486,   0.000,   1.486,   0.100,   1.586
202607240506,   1.460,9999.000,9999.000,9999.000,9999.000,9999.000,9999.000,9999.000,9999.000
202607240512,   1.434,9999.000,9999.000,9999.000,9999.000,9999.000,9999.000,9999.000,9999.000
202607240518,   1.406,9999.000,9999.000,9999.000,9999.000,9999.000,9999.000,9999.000,9999.000
202607240524,   1.377,9999.000,9999.000,9999.000,9999.000,9999.000,9999.000,9999.000,9999.000
202607240530,   1.347,9999.000,9999.000,9999.000,9999.000,9999.000,9999.000,9999.000,9999.000
202607240536,   1.317,9999.000,9999.000,9999.000,9999.000,9999.000,9999.000,9999.000,9999.000
202607240542,   1.286,9999.000,9999.000,9999.000,9999.000,9999.000,9999.000,9999.000,9999.000
202607240548,   1.254,9999.000,9999.000,9999.000,9999.000,9999.000,9999.000,9999.000,9999.000
202607240554,   1.222,9999.000,9999.000,9999.000,9999.000,9999.000,9999.000,9999.000,9999.000
202607240600,   1.191,9999.000,   0.000,9999.000,   1.191,   0.000,   1.191,   0.200,   1.391
202607240606,   1.159,9999.000,9999.000,9999.000,9999.000,9999.000,9999.000,9999.000,9999.000
202607240612,   1.127,9999.000,9999.000,9999.000,9999.000,9999.000,9999.000,9999.000,9999.000
202607240618,   1.096,9999.000,9999.000,9999.000,9999.000,9999.000,9999.000,9999.000,9999.000
202607240624,   1.065,9999.000,9999.000,9999.000,9999.000,9999.000,9999.000,9999.000,9999.000
202607240630,   1.034,9999.000,9999.000,9999.000,9999.000,9999.000,9999.000,9999.000,9999.000
202607240636,   1.003,9999.000,9999.000,9999.000,9999.000,9999.000,9999.000,9999.000,9999.000
202607240642,   0.973,9999.000,9999.000,9999.000,9999.000,9999.000,9999.000,9999.000,9999.000
202607240648,   0.943,9999.000,9999.000,9999.000,9999.000,9999.000,9999.000,9999.000,9999.000
202607240654,   0.914,9999.000,9999.000,9999.000,9999.000,9999.000,9999.000,9999.000,9999.000
202607240700,   0.884,9999.000,   0.000,9999.000,   0.884,   0.000,   0.884,   0.200,   1.084
202607240706,   0.855,9999.000,9999.000,9999.000,9999.000,9999.000,9999.000,9999.000,9999.000
202607240712,   0.826,9999.000,9999.000,9999.000,9999.000,9999.000,9999.000,9999.000,9999.000
202607240718,   0.797,9999.000,9999.000,9999.000,9999.000,9999.000,9999.000,9999.000,9999.000
202607240724,   0.768,9999.000,9999.000,9999.000,9999.000,9999.000,9999.000,9999.000,9999.000
202607240730,   0.739,9999.000,9999.000,9999.000,9999.000,9999.000,9999.000,9999.000,9999.000
202607240736,   0.710,9999.000,9999.000,9999.000,9999.000,9999.000,9999.000,9999.000,9999.000
202607240742,   0.682,9999.000,9999.000,9999.000,9999.000,9999.000,9999.000,9999.000,9999.000
202607240748,   0.654,9999.000,9999.000,9999.000,9999.000,9999.000,9999.000,9999.000,9999.000
202607240754,   0.628,9999.000,9999.000,9999.000,9999.000,9999.000,9999.000,9999.000,9999.000
202607240800,   0.602,9999.000,   0.100,9999.000,   0.702,   0.000,   0.602,   0.200,   0.802
202607240806,   0.577,9999.000,9999.000,9999.000,9999.000,9999.000,9999.000,9999.000,9999.000
202607240812,   0.554,9999.000,9999.000,9999.000,9999.000,9999.000,9999.000,9999.000,9999.000
202607240818,   0.533,9999.000,9999.000,9999.000,9999.000,9999.000,9999.000,9999.000,9999.000
202607240824,   0.514,9999.000,9999.000,9999.000,9999.000,9999.000,9999.000,9999.000,9999.000
202607240830,   0.498,9999.000,9999.000,9999.000,9999.000,9999.000,9999.000,9999.000,9999.000
202607240836,   0.484,9999.000,9999.000,9999.000,9999.000,9999.000,9999.000,9999.000,9999.000
202607240842,   0.473,9999.000,9999.000,9999.000,9999.000,9999.000,9999.000,9999.000,9999.000
202607240848,   0.464,9999.000,9999.000,9999.000,9999.000,9999.000,9999.000,9999.000,9999.000
202607240854,   0.458,9999.000,9999.000,9999.000,9999.000,9999.000,9999.000,9999.000,9999.000
202607240900,   0.455,9999.000,   0.100,9999.000,   0.555,   0.000,   0.455,   0.200,   0.655
202607240906,   0.454,9999.000,9999.000,9999.000,9999.000,9999.000,9999.000,9999.000,9999.000
202607240912,   0.456,9999.000,9999.000,9999.000,9999.000,9999.000,9999.000,9999.000,9999.000
202607240918,   0.460,9999.000,9999.000,9999.000,9999.000,9999.000,9999.000,9999.000,9999.000
202607240924,   0.466,9999.000,9999.000,9999.000,9999.000,9999.000,9999.000,9999.000,9999.000
202607240930,   0.474,9999.000,9999.000,9999.000,9999.000,9999.000,9999.000,9999.000,9999.000
202607240936,   0.484,9999.000,9999.000,9999.000,9999.000,9999.000,9999.000,9999.000,9999.000
202607240942,   0.495,9999.000,9999.000,9999.000,9999.000,9999.000,9999.000,9999.000,9999.000
202607240948,   0.507,9999.000,9999.000,9999.000,9999.000,9999.000,9999.000,9999.000,9999.000
202607240954,   0.521,9999.000,9999.000,9999.000,9999.000,9999.000,9999.000,9999.000,9999.000
202607241000,   0.536,9999.000,   0.100,9999.000,   0.636,   0.000,   0.536,   0.200,   0.736
202607241006,   0.552,9999.000,9999.000,9999.000,9999.000,9999.000,9999.000,9999.000,9999.000
202607241012,   0.569,9999.000,9999.000,9999.000,9999.000,9999.000,9999.000,9999.000,9999.000
202607241018,   0.586,9999.000,9999.000,9999.000,9999.000,9999.000,9999.000,9999.000,9999.000
202607241024,   0.604,9999.000,9999.000,9999.000,9999.000,9999.000,9999.000,9999.000,9999.000
202607241030,   0.623,9999.000,9999.000,9999.000,9999.000,9999.000,9999.000,9999.000,9999.000
202607241036,   0.642,9999.000,9999.000,9999.000,9999.000,9999.000,9999.000,9999.000,9999.000
202607241042,   0.661,9999.000,9999.000,9999.000,9999.000,9999.000,9999.000,9999.000,9999.000
202607241048,   0.681,9999.000,9999.000,9999.000,9999.000,9999.000,9999.000,9999.000,9999.000
202607241054,   0.701,9999.000,9999.000,9999.000,9999.000,9999.000,9999.000,9999.000,9999.000
202607241100,   0.721,9999.000,   0.100,9999.000,   0.821,   0.000,   0.721,   0.200,   0.921
202607241106,   0.741,9999.000,9999.000,9999.000,9999.000,9999.000,9999.000,9999.000,9999.000
202607241112,   0.761,9999.000,9999.000,9999.000,9999.000,9999.000,9999.000,9999.000,9999.000
202607241118,   0.781,9999.000,9999.000,9999.000,9999.000,9999.000,9999.000,9999.000,9999.000
202607241124,   0.801,9999.000,9999.000,9999.000,9999.000,9999.000,9999.000,9999.000,9999.000
202607241130,   0.822,9999.000,9999.000,9999.000,9999.000,9999.000,9999.000,9999.000,9999.000
202607241136,   0.841,9999.000,9999.000,9999.000,9999.000,9999.000,9999.000,9999.000,9999.000
202607241142,   0.861,9999.000,9999.000,9999.000,9999.000,9999.000,9999.000,9999.000,9999.000
202607241148,   0.881,9999.000,9999.000,9999.000,9999.000,9999.000,9999.000,9999.000,9999.000
202607241154,   0.900,9999.000,9999.000,9999.000,9999.000,9999.000,9999.000,9999.000,9999.000
202607241200,   0.920,9999.000,   0.100,9999.000,   1.020,   0.000,   0.920,   0.200,   1.120
202607241206,   0.939,9999.000,9999.000,9999.000,9999.000,9999.000,9999.000,9999.000,9999.000
202607241212,   0.957,9999.000,9999.000,9999.000,9999.000,9999.000,9999.000,9999.000,9999.000
202607241218,   0.976,9999.000,9999.000,9999.000,9999.000,9999.000,9999.000,9999.000,9999.000
202607241224,   0.994,9999.000,9999.000,9999.000,9999.000,9999.000,9999.000,9999.000,9999.000
202607241230,   1.012,9999.000,9999.000,9999.000,9999.000,9999.000,9999.000,9999.000,9999.000
202607241236,   1.030,9999.000,9999.000,9999.000,9999.000,9999.000,9999.000,9999.000,9999.000
202607241242,   1.047,9999.000,9999.000,9999.000,9999.000,9999.000,9999.000,9999.000,9999.000
202607241248,   1.064,9999.000,9999.000,9999.000,9999.000,9999.000,9999.000,9999.000,9999.000
202607241254,   1.081,9999.000,9999.000,9999.000,9999.000,9999.000,9999.000,9999.000,9999.000
202607241300,   1.097,9999.000,   0.100,9999.000,   1.197,   0.000,   1.097,   0.200,   1.297
202607241306,   1.114,9999.000,9999.000,9999.000,9999.000,9999.000,9999.000,9999.000,9999.000
202607241312,   1.130,9999.000,9999.000,9999.000,9999.000,9999.000,9999.000,9999.000,9999.000
202607241318,   1.145,9999.000,9999.000,9999.000,9999.000,9999.000,9999.000,9999.000,9999.000
202607241324,   1.161,9999.000,9999.000,9999.000,9999.000,9999.000,9999.000,9999.000,9999.000
202607241330,   1.176,9999.000,9999.000,9999.000,9999.000,9999.000,9999.000,9999.000,9999.000
202607241336,   1.190,9999.000,9999.000,9999.000,9999.000,9999.000,9999.000,9999.000,9999.000
202607241342,   1.205,9999.000,9999.000,9999.000,9999.000,9999.000,9999.000,9999.000,9999.000
202607241348,   1.219,9999.000,9999.000,9999.000,9999.000,9999.000,9999.000,9999.000,9999.000
202607241354,   1.233,9999.000,9999.000,9999.000,9999.000,9999.000,9999.000,9999.000,9999.000
202607241400,   1.246,9999.000,   0.100,9999.000,   1.346,   0.000,   1.246,   0.300,   1.546
202607241406,   1.259,9999.000,9999.000,9999.000,9999.000,9999.000,9999.000,9999.000,9999.000
202607241412,   1.272,9999.000,9999.000,9999.000,9999.000,9999.000,9999.000,9999.000,9999.000
202607241418,   1.284,9999.000,9999.000,9999.000,9999.000,9999.000,9999.000,9999.000,9999.000
202607241424,   1.296,9999.000,9999.000,9999.000,9999.000,9999.000,9999.000,9999.000,9999.000
202607241430,   1.307,9999.000,9999.000,9999.000,9999.000,9999.000,9999.000,9999.000,9999.000
202607241436,   1.318,9999.000,9999.000,9999.000,9999.000,9999.000,9999.000,9999.000,9999.000
202607241442,   1.329,9999.000,9999.000,9999.000,9999.000,9999.000,9999.000,9999.000,9999.000
202607241448,   1.339,9999.000,9999.000,9999.000,9999.000,9999.000,9999.000,9999.000,9999.000
202607241454,   1.348,9999.000,9999.000,9999.000,9999.000,9999.000,9999.000,9999.000,9999.000
202607241500,   1.357,9999.000,   0.100,9999.000,   1.457,   0.000,   1.357,   0.300,   1.657
202607241506,   1.365,9999.000,9999.000,9999.000,9999.000,9999.000,9999.000,9999.000,9999.000
202607241512,   1.373,9999.000,9999.000,9999.000,9999.000,9999.000,9999.000,9999.000,9999.000
202607241518,   1.380,9999.000,9999.000,9999.000,9999.000,9999.000,9999.000,9999.000,9999.000
202607241524,   1.386,9999.000,9999.000,9999.000,9999.000,9999.000,9999.000,9999.000,9999.000
202607241530,   1.391,9999.000,9999.000,9999.000,9999.000,9999.000,9999.000,9999.000,9999.000
202607241536,   1.395,9999.000,9999.000,9999.000,9999.000,9999.000,9999.000,9999.000,9999.000
202607241542,   1.399,9999.000,9999.000,9999.000,9999.000,9999.000,9999.000,9999.000,9999.000
202607241548,   1.401,9999.000,9999.000,9999.000,9999.000,9999.000,9999.000,9999.000,9999.000
202607241554,   1.402,9999.000,9999.000,9999.000,9999.000,9999.000,9999.000,9999.000,9999.000
202607241600,   1.402,9999.000,   0.100,9999.000,   1.502,   0.000,   1.402,   0.300,   1.702
202607241606,   1.401,9999.000,9999.000,9999.000,9999.000,9999.000,9999.000,9999.000,9999.000
202607241612,   1.398,9999.000,9999.000,9999.000,9999.000,9999.000,9999.000,9999.000,9999.000
202607241618,   1.394,9999.000,9999.000,9999.000,9999.000,9999.000,9999.000,9999.000,9999.000
202607241624,   1.388,9999.000,9999.000,9999.000,9999.000,9999.000,9999.000,9999.000,9999.000
202607241630,   1.381,9999.000,9999.000,9999.000,9999.000,9999.000,9999.000,9999.000,9999.000
202607241636,   1.371,9999.000,9999.000,9999.000,9999.000,9999.000,9999.000,9999.000,9999.000
202607241642,   1.360,9999.000,9999.000,9999.000,9999.000,9999.000,9999.000,9999.000,9999.000
202607241648,   1.346,9999.000,9999.000,9999.000,9999.000,9999.000,9999.000,9999.000,9999.000
202607241654,   1.330,9999.000,9999.000,9999.000,9999.000,9999.000,9999.000,9999.000,9999.000
202607241700,   1.312,9999.000,   0.100,9999.000,   1.412,   0.000,   1.312,   0.300,   1.612
202607241706,   1.291,9999.000,9999.000,9999.000,9999.000,9999.000,9999.000,9999.000,9999.000
202607241712,   1.268,9999.000,9999.000,9999.000,9999.000,9999.000,9999.000,9999.000,9999.000
202607241718,   1.242,9999.000,9999.000,9999.000,9999.000,9999.000,9999.000,9999.000,9999.000
202607241724,   1.215,9999.000,9999.000,9999.000,9999.000,9999.000,9999.000,9999.000,9999.000
202607241730,   1.185,9999.000,9999.000,9999.000,9999.000,9999.000,9999.000,9999.000,9999.000
202607241736,   1.153,9999.000,9999.000,9999.000,9999.000,9999.000,9999.000,9999.000,9999.000
202607241742,   1.120,9999.000,9999.000,9999.000,9999.000,9999.000,9999.000,9999.000,9999.000
202607241748,   1.085,9999.000,9999.000,9999.000,9999.000,9999.000,9999.000,9999.000,9999.000
202607241754,   1.049,9999.000,9999.000,9999.000,9999.000,9999.000,9999.000,9999.000,9999.000
202607241800,   1.013,9999.000,   0.100,9999.000,   1.113,   0.000,   1.013,   0.300,   1.313
202607241806,   0.977,9999.000,9999.000,9999.000,9999.000,9999.000,9999.000,9999.000,9999.000
202607241812,   0.941,9999.000,9999.000,9999.000,9999.000,9999.000,9999.000,9999.000,9999.000
202607241818,   0.905,9999.000,9999.000,9999.000,9999.000,9999.000,9999.000,9999.000,9999.000
202607241824,   0.871,9999.000,9999.000,9999.000,9999.000,9999.000,9999.000,9999.000,9999.000
202607241830,   0.837,9999.000,9999.000,9999.000,9999.000,9999.000,9999.000,9999.000,9999.000
202607241836,   0.805,9999.000,9999.000,9999.000,9999.000,9999.000,9999.000,9999.000,9999.000
202607241842,   0.774,9999.000,9999.000,9999.000,9999.000,9999.000,9999.000,9999.000,9999.000
202607241848,   0.745,9999.000,9999.000,9999.000,9999.000,9999.000,9999.000,9999.000,9999.000
202607241854,   0.717,9999.000,9999.000,9999.000,9999.000,9999.000,9999.000,9999.000,9999.000
202607241900,   0.691,9999.000,   0.200,9999.000,   0.891,   0.000,   0.691,   0.300,   0.991
202607241906,   0.666,9999.000,9999.000,9999.000,9999.000,9999.000,9999.000,9999.000,9999.000
202607241912,   0.643,9999.000,9999.000,9999.000,9999.000,9999.000,9999.000,9999.000,9999.000
202607241918,   0.621,9999.000,9999.000,9999.000,9999.000,9999.000,9999.000,9999.000,9999.000
202607241924,   0.600,9999.000,9999.000,9999.000,9999.000,9999.000,9999.000,9999.000,9999.000
202607241930,   0.580,9999.000,9999.000,9999.000,9999.000,9999.000,9999.000,9999.000,9999.000
202607241936,   0.562,9999.000,9999.000,9999.000,9999.000,9999.000,9999.000,9999.000,9999.000
202607241942,   0.545,9999.000,9999.000,9999.000,9999.000,9999.000,9999.000,9999.000,9999.000
202607241948,   0.529,9999.000,9999.000,9999.000,9999.000,9999.000,9999.000,9999.000,9999.000
202607241954,   0.514,9999.000,9999.000,9999.000,9999.000,9999.000,9999.000,9999.000,9999.000
202607242000,   0.500,9999.000,   0.200,9999.000,   0.700,   0.000,   0.500,   0.300,   0.800
202607242006,   0.488,9999.000,9999.000,9999.000,9999.000,9999.000,9999.000,9999.000,9999.000
202607242012,   0.477,9999.000,9999.000,9999.000,9999.000,9999.000,9999.000,9999.000,9999.000
202607242018,   0.468,9999.000,9999.000,9999.000,9999.000,9999.000,9999.000,9999.000,9999.000
202607242024,   0.460,9999.000,9999.000,9999.000,9999.000,9999.000,9999.000,9999.000,9999.000
202607242030,   0.454,9999.000,9999.000,9999.000,9999.000,9999.000,9999.000,9999.000,9999.000
202607242036,   0.450,9999.000,9999.000,9999.000,9999.000,9999.000,9999.000,9999.000,9999.000
202607242042,   0.447,9999.000,9999.000,9999.000,9999.000,9999.000,9999.000,9999.000,9999.000
202607242048,   0.446,9999.000,9999.000,9999.000,9999.000,9999.000,9999.000,9999.000,9999.000
202607242054,   0.447,9999.000,9999.000,9999.000,9999.000,9999.000,9999.000,9999.000,9999.000
202607242100,   0.450,9999.000,   0.200,9999.000,   0.650,   0.000,   0.450,   0.300,   0.750
202607242106,   0.454,9999.000,9999.000,9999.000,9999.000,9999.000,9999.000,9999.000,9999.000
202607242112,   0.461,9999.000,9999.000,9999.000,9999.000,9999.000,9999.000,9999.000,9999.000
202607242118,   0.469,9999.000,9999.000,9999.000,9999.000,9999.000,9999.000,9999.000,9999.000
202607242124,   0.479,9999.000,9999.000,9999.000,9999.000,9999.000,9999.000,9999.000,9999.000
202607242130,   0.491,9999.000,9999.000,9999.000,9999.000,9999.000,9999.000,9999.000,9999.000
202607242136,   0.505,9999.000,9999.000,9999.000,9999.000,9999.000,9999.000,9999.000,9999.000
202607242142,   0.519,9999.000,9999.000,9999.000,9999.000,9999.000,9999.000,9999.000,9999.000
202607242148,   0.536,9999.000,9999.000,9999.000,9999.000,9999.000,9999.000,9999.000,9999.000
202607242154,   0.553,9999.000,9999.000,9999.000,9999.000,9999.000,9999.000,9999.000,9999.000
202607242200,   0.572,9999.000,   0.200,9999.000,   0.772,   0.100,   0.672,   0.300,   0.872
202607242206,   0.592,9999.000,9999.000,9999.000,9999.000,9999.000,9999.000,9999.000,9999.000
202607242212,   0.613,9999.000,9999.000,9999.000,9999.000,9999.000,9999.000,9999.000,9999.000
202607242218,   0.635,9999.000,9999.000,9999.000,9999.000,9999.000,9999.000,9999.000,9999.000
202607242224,   0.657,9999.000,9999.000,9999.000,9999.000,9999.000,9999.000,9999.000,9999.000
202607242230,   0.681,9999.000,9999.000,9999.000,9999.000,9999.000,9999.000,9999.000,9999.000
202607242236,   0.705,9999.000,9999.000,9999.000,9999.000,9999.000,9999.000,9999.000,9999.000
202607242242,   0.729,9999.000,9999.000,9999.000,9999.000,9999.000,9999.000,9999.000,9999.000
202607242248,   0.754,9999.000,9999.000,9999.000,9999.000,9999.000,9999.000,9999.000,9999.000
202607242254,   0.779,9999.000,9999.000,9999.000,9999.000,9999.000,9999.000,9999.000,9999.000
202607242300,   0.805,9999.000,   0.200,9999.000,   1.005,   0.100,   0.905,   0.400,   1.205
202607242306,   0.830,9999.000,9999.000,9999.000,9999.000,9999.000,9999.000,9999.000,9999.000
202607242312,   0.856,9999.000,9999.000,9999.000,9999.000,9999.000,9999.000,9999.000,9999.000
202607242318,   0.882,9999.000,9999.000,9999.000,9999.000,9999.000,9999.000,9999.000,9999.000
202607242324,   0.908,9999.000,9999.000,9999.000,9999.000,9999.000,9999.000,9999.000,9999.000
202607242330,   0.934,9999.000,9999.000,9999.000,9999.000,9999.000,9999.000,9999.000,9999.000
202607242336,   0.960,9999.000,9999.000,9999.000,9999.000,9999.000,9999.000,9999.000,9999.000
202607242342,   0.985,9999.000,9999.000,9999.000,9999.000,9999.000,9999.000,9999.000,9999.000
202607242348,   1.011,9999.000,9999.000,9999.000,9999.000,9999.000,9999.000,9999.000,9999.000
202607242354,   1.036,9999.000,9999.000,9999.000,9999.000,9999.000,9999.000,9999.000,9999.000
202607250000,   1.061,9999.000,   0.200,9999.000,   1.261,   0.100,   1.161,   0.400,   1.461
202607250006,   1.086,9999.000,9999.000,9999.000,9999.000,9999.000,9999.000,9999.000,9999.000
202607250012,   1.110,9999.000,9999.000,9999.000,9999.000,9999.000,9999.000,9999.000,9999.000
202607250018,   1.134,9999.000,9999.000,9999.000,9999.000,9999.000,9999.000,9999.000,9999.000
202607250024,   1.158,9999.000,9999.000,9999.000,9999.000,9999.000,9999.000,9999.000,9999.000
202607250030,   1.181,9999.000,9999.000,9999.000,9999.000,9999.000,9999.000,9999.000,9999.000
202607250036,   1.204,9999.000,9999.000,9999.000,9999.000,9999.000,9999.000,9999.000,9999.000
202607250042,   1.226,9999.000,9999.000,9999.000,9999.000,9999.000,9999.000,9999.000,9999.000
202607250048,   1.248,9999.000,9999.000,9999.000,9999.000,9999.000,9999.000,9999.000,9999.000
202607250054,   1.270,9999.000,9999.000,9999.000,9999.000,9999.000,9999.000,9999.000,9999.000
202607250100,   1.291,9999.000,   0.200,9999.000,   1.491,   0.100,   1.391,   0.400,   1.691
202607250106,   1.312,9999.000,9999.000,9999.000,9999.000,9999.000,9999.000,9999.000,9999.000
202607250112,   1.332,9999.000,9999.000,9999.000,9999.000,9999.000,9999.000,9999.000,9999.000
202607250118,   1.352,9999.000,9999.000,9999.000,9999.000,9999.000,9999.000,9999.000,9999.000
202607250124,   1.371,9999.000,9999.000,9999.000,9999.000,9999.000,9999.000,9999.000,9999.000
202607250130,   1.390,9999.000,9999.000,9999.000,9999.000,9999.000,9999.000,9999.000,9999.000
202607250136,   1.408,9999.000,9999.000,9999.000,9999.000,9999.000,9999.000,9999.000,9999.000
202607250142,   1.426,9999.000,9999.000,9999.000,9999.000,9999.000,9999.000,9999.000,9999.000
202607250148,   1.443,9999.000,9999.000,9999.000,9999.000,9999.000,9999.000,9999.000,9999.000
202607250154,   1.460,9999.000,9999.000,9999.000,9999.000,9999.000,9999.000,9999.000,9999.000
202607250200,   1.477,9999.000,   0.200,9999.000,   1.677,   0.100,   1.577,   0.400,   1.877
202607250206,   1.493,9999.000,9999.000,9999.000,9999.000,9999.000,9999.000,9999.000,9999.000
202607250212,   1.509,9999.000,9999.000,9999.000,9999.000,9999.000,9999.000,9999.000,9999.000
202607250218,   1.524,9999.000,9999.000,9999.000,9999.000,9999.000,9999.000,9999.000,9999.000
202607250224,   1.539,9999.000,9999.000,9999.000,9999.000,9999.000,9999.000,9999.000,9999.000
202607250230,   1.553,9999.000,9999.000,9999.000,9999.000,9999.000,9999.000,9999.000,9999.000
202607250236,   1.566,9999.000,9999.000,9999.000,9999.000,9999.000,9999.000,9999.000,9999.000
202607250242,   1.580,9999.000,9999.000,9999.000,9999.000,9999.000,9999.000,9999.000,9999.000
202607250248,   1.592,9999.000,9999.000,9999.000,9999.000,9999.000,9999.000,9999.000,9999.000
202607250254,   1.604,9999.000,9999.000,9999.000,9999.000,9999.000,9999.000,9999.000,9999.000
202607250300,   1.616,9999.000,   0.300,9999.000,   1.916,   0.100,   1.716,   0.400,   2.016
202607250306,   1.627,9999.000,9999.000,9999.000,9999.000,9999.000,9999.000,9999.000,9999.000
202607250312,   1.637,9999.000,9999.000,9999.000,9999.000,9999.000,9999.000,9999.000,9999.000
202607250318,   1.647,9999.000,9999.000,9999.000,9999.000,9999.000,9999.000,9999.000,9999.000
202607250324,   1.656,9999.000,9999.000,9999.000,9999.000,9999.000,9999.000,9999.000,9999.000
202607250330,   1.664,9999.000,9999.000,9999.000,9999.000,9999.000,9999.000,9999.000,9999.000
202607250336,   1.671,9999.000,9999.000,9999.000,9999.000,9999.000,9999.000,9999.000,9999.000
202607250342,   1.678,9999.000,9999.000,9999.000,9999.000,9999.000,9999.000,9999.000,9999.000
202607250348,   1.683,9999.000,9999.000,9999.000,9999.000,9999.000,9999.000,9999.000,9999.000
202607250354,   1.688,9999.000,9999.000,9999.000,9999.000,9999.000,9999.000,9999.000,9999.000
202607250400,   1.691,9999.000,   0.300,9999.000,   1.991,   0.100,   1.791,   0.400,   2.091
202607250406,   1.694,9999.000,9999.000,9999.000,9999.000,9999.000,9999.000,9999.000,9999.000
202607250412,   1.695,9999.000,9999.000,9999.000,9999.000,9999.000,9999.000,9999.000,9999.000
202607250418,   1.696,9999.000,9999.000,9999.000,9999.000,9999.000,9999.000,9999.000,9999.000
202607250424,   1.694,9999.000,9999.000,9999.000,9999.000,9999.000,9999.000,9999.000,9999.000
202607250430,   1.692,9999.000,9999.000,9999.000,9999.000,9999.000,9999.000,9999.000,9999.000
202607250436,   1.688,9999.000,9999.000,9999.000,9999.000,9999.000,9999.000,9999.000,9999.000
202607250442,   1.683,9999.000,9999.000,9999.000,9999.000,9999.000,9999.000,9999.000,9999.000
202607250448,   1.676,9999.000,9999.000,9999.000,9999.000,9999.000,9999.000,9999.000,9999.000
202607250454,   1.667,9999.000,9999.000,9999.000,9999.000,9999.000,9999.000,9999.000,9999.000
202607250500,   1.657,9999.000,   0.300,9999.000,   1.957,   0.200,   1.857,   0.400,   2.057
202607250506,   1.644,9999.000,9999.000,9999.000,9999.000,9999.000,9999.000,9999.000,9999.000
202607250512,   1.631,9999.000,9999.000,9999.000,9999.000,9999.000,9999.000,9999.000,9999.000
202607250518,   1.615,9999.000,9999.000,9999.000,9999.000,9999.000,9999.000,9999.000,9999.000
202607250524,   1.598,9999.000,9999.000,9999.000,9999.000,9999.000,9999.000,9999.000,9999.000
202607250530,   1.579,9999.000,9999.000,9999.000,9999.000,9999.000,9999.000,9999.000,9999.000
202607250536,   1.558,9999.000,9999.000,9999.000,9999.000,9999.000,9999.000,9999.000,9999.000
202607250542,   1.535,9999.000,9999.000,9999.000,9999.000,9999.000,9999.000,9999.000,9999.000
202607250548,   1.512,9999.000,9999.000,9999.000,9999.000,9999.000,9999.000,9999.000,9999.000
202607250554,   1.486,9999.000,9999.000,9999.000,9999.000,9999.000,9999.000,9999.000,9999.000
202607250600,   1.460,9999.000,   0.300,9999.000,   1.760,   0.200,   1.660,   0.500,   1.960
