        TIME,    TIDE,      OB,   SURGE,    BIAS,     TWL,SURGE90p,  TWL90p,SURGE10p,   TWL10p
202607160000,   6.668,9999.000,   0.600,9999.000,   7.268,   0.600,   7.268,   0.600,   7.268
202607160006,   6.861,9999.000,9999.000,9999.000,9999.000,9999.000,9999.000,9999.000,9999.000
202607160012,   7.048,9999.000,9999.000,9999.000,9999.000,9999.000,9999.000,9999.000,9999.000
202607160018,   7.228,9999.000,9999.000,9999.000,9999.000,9999.000,9999.000,9999.000,9999.000
202607160024,   7.402,9999.000,9999.000,9999.000,9999.000,9999.000,9999.000,9999.000,9999.000
202607160030,   7.569,9999.000,9999.000,9999.000,9999.000,9999.000,9999.000,9999.000,9999.000
202607160036,   7.729,9999.000,9999.000,9999.000,9999.000,9999.000,9999.000,9999.000,9999.000
202607160042,   7.881,9999.000,9999.000,9999.000,9999.000,9999.000,9999.000,9999.000,9999.000
202607160048,   8.026,9999.000,9999.000,9999.000,9999.000,9999.000,9999.000,9999.000,9999.000
202607160054,   8.162,9999.000,9999.000,9999.000,9999.000,9999.000,9999.000,9999.000,9999.000
202607160100,   8.291,   8.357,   0.600,  -0.534,   8.357,   0.600,   8.357,   0.600,   8.357
202607160106,   8.411,   8.439,9999.000,9999.000,9999.000,9999.000,9999.000,9999.000,9999.000
202607160112,   8.523,   8.527,9999.000,9999.000,9999.000,9999.000,9999.000,9999.000,9999.000
202607160118,   8.626,   8.587,9999.000,9999.000,9999.000,9999.000,9999.000,9999.000,9999.000
202607160124,   8.720,   8.649,9999.000,9999.000,9999.000,9999.000,9999.000,9999.000,9999.000
202607160130,   8.806,   8.718,9999.000,9999.000,9999.000,9999.000,9999.000,9999.000,9999.000
202607160136,   8.883,   8.777,9999.000,9999.000,9999.000,9999.000,9999.000,9999.000,9999.000
202607160142,   8.950,   8.859,9999.000,9999.000,9999.000,9999.000,9999.000,9999.000,9999.000
202607160148,   9.008,   8.937,9999.000,9999.000,9999.000,9999.000,9999.000,9999.000,9999.000
202607160154,   9.058,   8.997,9999.000,9999.000,9999.000,9999.000,9999.000,9999.000,9999.000
202607160200,   9.098,   9.036,   0.600,  -0.662,   9.036,   0.600,   9.036,   0.600,   9.036
202607160206,   9.128,   9.088,9999.000,9999.000,9999.000,9999.000,9999.000,9999.000,9999.000
202607160212,   9.150,   9.118,9999.000,9999.000,9999.000,9999.000,9999.000,9999.000,9999.000
202607160218,   9.163,   9.118,9999.000,9999.000,9999.000,9999.000,9999.000,9999.000,9999.000
202607160224,   9.166,   9.098,9999.000,9999.000,9999.000,9999.000,9999.000,9999.000,9999.000
202607160230,   9.160,   9.088,9999.000,9999.000,9999.000,9999.000,9999.000,9999.000,9999.000
202607160236,   9.146,   9.088,9999.000,9999.000,9999.000,9999.000,9999.000,9999.000,9999.000
202607160242,   9.123,   9.069,9999.000,9999.000,9999.000,9999.000,9999.000,9999.000,9999.000
202607160248,   9.092,   9.056,9999.000,9999.000,9999.000,9999.000,9999.000,9999.000,9999.000
202607160254,   9.053,   9.056,9999.000,9999.000,9999.000,9999.000,9999.000,9999.000,9999.000
202607160300,   9.006,   9.046,   0.600,  -0.560,   9.046,   0.600,   9.046,   0.600,   9.046
202607160306,   8.952,   9.056,9999.000,9999.000,9999.000,9999.000,9999.000,9999.000,9999.000
202607160312,   8.890,   9.079,9999.000,9999.000,9999.000,9999.000,9999.000,9999.000,9999.000
202607160318,   8.822,   9.046,9999.000,9999.000,9999.000,9999.000,9999.000,9999.000,9999.000
202607160324,   8.748,   8.987,9999.000,9999.000,9999.000,9999.000,9999.000,9999.000,9999.000
202607160330,   8.669,   8.928,9999.000,9999.000,9999.000,9999.000,9999.000,9999.000,9999.000
202607160336,   8.584,   8.826,9999.000,9999.000,9999.000,9999.000,9999.000,9999.000,9999.000
202607160342,   8.495,   8.757,9999.000,9999.000,9999.000,9999.000,9999.000,9999.000,9999.000
202607160348,   8.401,   8.688,9999.000,9999.000,9999.000,9999.000,9999.000,9999.000,9999.000
202607160354,   8.304,   8.626,9999.000,9999.000,9999.000,9999.000,9999.000,9999.000,9999.000
202607160400,   8.205,   8.587,   0.600,  -0.218,   8.587,   0.600,   8.587,   0.700,   8.687
202607160406,   8.103,   8.557,9999.000,9999.000,9999.000,9999.000,9999.000,9999.000,9999.000
202607160412,   8.000,   8.478,9999.000,9999.000,9999.000,9999.000,9999.000,9999.000,9999.000
202607160418,   7.895,   8.377,9999.000,9999.000,9999.000,9999.000,9999.000,9999.000,9999.000
202607160424,   7.790,   8.259,9999.000,9999.000,9999.000,9999.000,9999.000,9999.000,9999.000
202607160430,   7.685,   8.127,9999.000,9999.000,9999.000,9999.000,9999.000,9999.000,9999.000
202607160436,   7.581,   7.976,9999.000,9999.000,9999.000,9999.000,9999.000,9999.000,9999.000
202607160442,   7.478,   7.868,9999.000,9999.000,9999.000,9999.000,9999.000,9999.000,9999.000
202607160448,   7.376,   7.776,9999.000,9999.000,9999.000,9999.000,9999.000,9999.000,9999.000
202607160454,   7.277,   7.698,9999.000,9999.000,9999.000,9999.000,9999.000,9999.000,9999.000
202607160500,   7.181,   7.596,   0.700,  -0.285,   7.596,   0.600,   7.496,   0.700,   7.596
202607160506,   7.087,   7.507,9999.000,9999.000,9999.000,9999.000,9999.000,9999.000,9999.000
202607160512,   6.998,   7.409,9999.000,9999.000,9999.000,9999.000,9999.000,9999.000,9999.000
202607160518,   6.912,   7.288,9999.000,9999.000,9999.000,9999.000,9999.000,9999.000,9999.000
202607160524,   6.830,   7.166,9999.000,9999.000,9999.000,9999.000,9999.000,9999.000,9999.000
202607160530,   6.753,   7.058,9999.000,9999.000,9999.000,9999.000,9999.000,9999.000,9999.000
202607160536,   6.680,   6.937,9999.000,9999.000,9999.000,9999.000,9999.000,9999.000,9999.000
202607160542,   6.613,   6.819,9999.000,9999.000,9999.000,9999.000,9999.000,9999.000,9999.000
202607160548,   6.550,   6.737,9999.000,9999.000,9999.000,9999.000,9999.000,9999.000,9999.000
202607160554,   6.493,   6.668,9999.000,9999.000,9999.000,9999.000,9999.000,9999.000,9999.000
202607160600,   6.442,   6.569,   0.600,  -0.473,   6.569,   0.500,   6.469,   0.600,   6.569
202607160606,   6.396,   6.527,9999.000,9999.000,9999.000,9999.000,9999.000,9999.000,9999.000
202607160612,   6.356,   6.527,9999.000,9999.000,9999.000,9999.000,9999.000,9999.000,9999.000
202607160618,   6.321,   6.507,9999.000,9999.000,9999.000,9999.000,9999.000,9999.000,9999.000
202607160624,   6.292,   6.487,9999.000,9999.000,9999.000,9999.000,9999.000,9999.000,9999.000
202607160630,   6.269,   6.477,9999.000,9999.000,9999.000,9999.000,9999.000,9999.000,9999.000
202607160636,   6.251,   6.468,9999.000,9999.000,9999.000,9999.000,9999.000,9999.000,9999.000
202607160642,   6.238,   6.468,9999.000,9999.000,9999.000,9999.000,9999.000,9999.000,9999.000
202607160648,   6.231,   6.458,9999.000,9999.000,9999.000,9999.000,9999.000,9999.000,9999.000
202607160654,   6.228,   6.468,9999.000,9999.000,9999.000,9999.000,9999.000,9999.000,9999.000
202607160700,   6.231,   6.487,   0.500,  -0.244,   6.487,   0.500,   6.487,   0.600,   6.587
202607160706,   6.238,   6.537,9999.000,9999.000,9999.000,9999.000,9999.000,9999.000,9999.000
202607160712,   6.249,   6.569,9999.000,9999.000,9999.000,9999.000,9999.000,9999.000,9999.000
202607160718,   6.265,   6.556,9999.000,9999.000,9999.000,9999.000,9999.000,9999.000,9999.000
202607160724,   6.284,   6.556,9999.000,9999.000,9999.000,9999.000,9999.000,9999.000,9999.000
202607160730,   6.307,   6.556,9999.000,9999.000,9999.000,9999.000,9999.000,9999.000,9999.000
202607160736,   6.333,   6.569,9999.000,9999.000,9999.000,9999.000,9999.000,9999.000,9999.000
202607160742,   6.362,   6.569,9999.000,9999.000,9999.000,9999.000,9999.000,9999.000,9999.000
202607160748,   6.394,   6.628,9999.000,9999.000,9999.000,9999.000,9999.000,9999.000,9999.000
202607160754,   6.427,   6.707,9999.000,9999.000,9999.000,9999.000,9999.000,9999.000,9999.000
202607160800,   6.463,   6.727,   0.600,  -0.336,   6.727,   0.500,   6.627,   0.600,   6.727
202607160806,   6.501,   6.756,9999.000,9999.000,9999.000,9999.000,9999.000,9999.000,9999.000
202607160812,   6.540,   6.799,9999.000,9999.000,9999.000,9999.000,9999.000,9999.000,9999.000
202607160818,   6.580,   6.819,9999.000,9999.000,9999.000,9999.000,9999.000,9999.000,9999.000
202607160824,   6.622,   6.848,9999.000,9999.000,9999.000,9999.000,9999.000,9999.000,9999.000
202607160830,   6.664,   6.887,9999.000,9999.000,9999.000,9999.000,9999.000,9999.000,9999.000
202607160836,   6.706,   6.947,9999.000,9999.000,9999.000,9999.000,9999.000,9999.000,9999.000
202607160842,   6.750,   7.058,9999.000,9999.000,9999.000,9999.000,9999.000,9999.000,9999.000
202607160848,   6.793,   7.166,9999.000,9999.000,9999.000,9999.000,9999.000,9999.000,9999.000
202607160854,   6.837,   7.219,9999.000,9999.000,9999.000,9999.000,9999.000,9999.000,9999.000
202607160900,   6.881,   7.297,   0.600,  -0.184,   7.297,   0.600,   7.297,   0.600,   7.297
202607160906,   6.925,   7.366,9999.000,9999.000,9999.000,9999.000,9999.000,9999.000,9999.000
202607160912,   6.970,   7.399,9999.000,9999.000,9999.000,9999.000,9999.000,9999.000,9999.000
202607160918,   7.014,   7.458,9999.000,9999.000,9999.000,9999.000,9999.000,9999.000,9999.000
202607160924,   7.058,   7.498,9999.000,9999.000,9999.000,9999.000,9999.000,9999.000,9999.000
202607160930,   7.103,   7.547,9999.000,9999.000,9999.000,9999.000,9999.000,9999.000,9999.000
202607160936,   7.148,   7.619,9999.000,9999.000,9999.000,9999.000,9999.000,9999.000,9999.000
202607160942,   7.193,   7.707,9999.000,9999.000,9999.000,9999.000,9999.000,9999.000,9999.000
202607160948,   7.238,   7.757,9999.000,9999.000,9999.000,9999.000,9999.000,9999.000,9999.000
202607160954,   7.283,   7.829,9999.000,9999.000,9999.000,9999.000,9999.000,9999.000,9999.000
202607161000,   7.328,   7.917,   0.600,  -0.011,   7.917,   0.600,   7.917,   0.600,   7.917
202607161006,   7.373,   7.967,9999.000,9999.000,9999.000,9999.000,9999.000,9999.000,9999.000
202607161012,   7.418,   7.996,9999.000,9999.000,9999.000,9999.000,9999.000,9999.000,9999.000
202607161018,   7.463,   8.049,9999.000,9999.000,9999.000,9999.000,9999.000,9999.000,9999.000
202607161024,   7.508,   8.098,9999.000,9999.000,9999.000,9999.000,9999.000,9999.000,9999.000
202607161030,   7.552,   8.108,9999.000,9999.000,9999.000,9999.000,9999.000,9999.000,9999.000
202607161036,   7.596,   8.127,9999.000,9999.000,9999.000,9999.000,9999.000,9999.000,9999.000
202607161042,   7.639,   8.147,9999.000,9999.000,9999.000,9999.000,9999.000,9999.000,9999.000
202607161048,   7.681,   8.177,9999.000,9999.000,9999.000,9999.000,9999.000,9999.000,9999.000
202607161054,   7.721,   8.216,9999.000,9999.000,9999.000,9999.000,9999.000,9999.000,9999.000
202607161100,   7.760,   8.288,   0.600,  -0.072,   8.288,   0.600,   8.288,   0.600,   8.288
202607161106,   7.796,   8.347,9999.000,9999.000,9999.000,9999.000,9999.000,9999.000,9999.000
202607161112,   7.830,   8.416,9999.000,9999.000,9999.000,9999.000,9999.000,9999.000,9999.000
202607161118,   7.861,   8.518,9999.000,9999.000,9999.000,9999.000,9999.000,9999.000,9999.000
202607161124,   7.890,   8.567,9999.000,9999.000,9999.000,9999.000,9999.000,9999.000,9999.000
202607161130,   7.914,   8.606,9999.000,9999.000,9999.000,9999.000,9999.000,9999.000,9999.000
202607161136,   7.934,   8.626,9999.000,9999.000,9999.000,9999.000,9999.000,9999.000,9999.000
202607161142,   7.950,   8.606,9999.000,9999.000,9999.000,9999.000,9999.000,9999.000,9999.000
202607161148,   7.961,   8.606,9999.000,9999.000,9999.000,9999.000,9999.000,9999.000,9999.000
202607161154,   7.967,   8.606,9999.000,9999.000,9999.000,9999.000,9999.000,9999.000,9999.000
202607161200,   7.967,   8.606,   0.500,   0.139,   8.606,   0.500,   8.606,   0.500,   8.606
202607161206,   7.961,   8.626,9999.000,9999.000,9999.000,9999.000,9999.000,9999.000,9999.000
202607161212,   7.948,   8.636,9999.000,9999.000,9999.000,9999.000,9999.000,9999.000,9999.000
202607161218,   7.929,   8.649,9999.000,9999.000,9999.000,9999.000,9999.000,9999.000,9999.000
202607161224,   7.903,   8.649,9999.000,9999.000,9999.000,9999.000,9999.000,9999.000,9999.000
202607161230,   7.870,   8.626,9999.000,9999.000,9999.000,9999.000,9999.000,9999.000,9999.000
202607161236,   7.829,   8.577,9999.000,9999.000,9999.000,9999.000,9999.000,9999.000,9999.000
202607161242,   7.781,   8.527,9999.000,9999.000,9999.000,9999.000,9999.000,9999.000,9999.000
202607161248,   7.725,   8.478,9999.000,9999.000,9999.000,9999.000,9999.000,9999.000,9999.000
202607161254,   7.661,   8.406,9999.000,9999.000,9999.000,9999.000,9999.000,9999.000,9999.000
202607161300,   7.589,   8.357,   0.500,   0.268,   8.357,   0.500,   8.357,   0.500,   8.357
202607161306,   7.509,   8.298,9999.000,9999.000,9999.000,9999.000,9999.000,9999.000,9999.000
202607161312,   7.421,   8.249,9999.000,9999.000,9999.000,9999.000,9999.000,9999.000,9999.000
202607161318,   7.324,   8.177,9999.000,9999.000,9999.000,9999.000,9999.000,9999.000,9999.000
202607161324,   7.219,   8.088,9999.000,9999.000,9999.000,9999.000,9999.000,9999.000,9999.000
202607161330,   7.106,   7.986,9999.000,9999.000,9999.000,9999.000,9999.000,9999.000,9999.000
202607161336,   6.985,   7.878,9999.000,9999.000,9999.000,9999.000,9999.000,9999.000,9999.000
202607161342,   6.856,   7.747,9999.000,9999.000,9999.000,9999.000,9999.000,9999.000,9999.000
202607161348,   6.719,   7.609,9999.000,9999.000,9999.000,9999.000,9999.000,9999.000,9999.000
202607161354,   6.574,   7.468,9999.000,9999.000,9999.000,9999.000,9999.000,9999.000,9999.000
202607161400,   6.421,   7.327,   0.500,   0.406,   7.327,   0.500,   7.327,   0.500,   7.327
202607161406,   6.260,   7.199,9999.000,9999.000,9999.000,9999.000,9999.000,9999.000,9999.000
202607161412,   6.092,   7.019,9999.000,9999.000,9999.000,9999.000,9999.000,9999.000,9999.000
202607161418,   5.916,   6.819,9999.000,9999.000,9999.000,9999.000,9999.000,9999.000,9999.000
202607161424,   5.734,   6.599,9999.000,9999.000,9999.000,9999.000,9999.000,9999.000,9999.000
202607161430,   5.544,   6.379,9999.000,9999.000,9999.000,9999.000,9999.000,9999.000,9999.000
202607161436,   5.348,   6.127,9999.000,9999.000,9999.000,9999.000,9999.000,9999.000,9999.000
202607161442,   5.145,   5.897,9999.000,9999.000,9999.000,9999.000,9999.000,9999.000,9999.000
202607161448,   4.936,   5.657,9999.000,9999.000,9999.000,9999.000,9999.000,9999.000,9999.000
202607161454,   4.722,   5.438,9999.000,9999.000,9999.000,9999.000,9999.000,9999.000,9999.000
202607161500,   4.501,   5.198,   0.500,   0.197,   5.198,   0.500,   5.198,   0.500,   5.198
202607161506,   4.276,   4.939,9999.000,9999.000,9999.000,9999.000,9999.000,9999.000,9999.000
202607161512,   4.047,   4.677,9999.000,9999.000,9999.000,9999.000,9999.000,9999.000,9999.000
202607161518,   3.813,   4.427,9999.000,9999.000,9999.000,9999.000,9999.000,9999.000,9999.000
202607161524,   3.576,   4.139,9999.000,9999.000,9999.000,9999.000,9999.000,9999.000,9999.000
202607161530,   3.335,   3.919,9999.000,9999.000,9999.000,9999.000,9999.000,9999.000,9999.000
202607161536,   3.092,   3.637,9999.000,9999.000,9999.000,9999.000,9999.000,9999.000,9999.000
202607161542,   2.848,   3.388,9999.000,9999.000,9999.000,9999.000,9999.000,9999.000,9999.000
202607161548,   2.601,   3.148,9999.000,9999.000,9999.000,9999.000,9999.000,9999.000,9999.000
202607161554,   2.355,   2.879,9999.000,9999.000,9999.000,9999.000,9999.000,9999.000,9999.000
202607161600,   2.108,   2.587,   0.500,  -0.021,   2.587,   0.500,   2.587,   0.500,   2.587
202607161606,   1.862,   2.289,9999.000,9999.000,9999.000,9999.000,9999.000,9999.000,9999.000
202607161612,   1.617,   2.040,9999.000,9999.000,9999.000,9999.000,9999.000,9999.000,9999.000
202607161618,   1.374,   1.728,9999.000,9999.000,9999.000,9999.000,9999.000,9999.000,9999.000
202607161624,   1.134,   1.459,9999.000,9999.000,9999.000,9999.000,9999.000,9999.000,9999.000
202607161630,   0.898,   1.200,9999.000,9999.000,9999.000,9999.000,9999.000,9999.000,9999.000
202607161636,   0.666,   0.970,9999.000,9999.000,9999.000,9999.000,9999.000,9999.000,9999.000
202607161642,   0.438,   0.760,9999.000,9999.000,9999.000,9999.000,9999.000,9999.000,9999.000
202607161648,   0.216,   0.560,9999.000,9999.000,9999.000,9999.000,9999.000,9999.000,9999.000
202607161654,   0.000,   0.380,9999.000,9999.000,9999.000,9999.000,9999.000,9999.000,9999.000
202607161700,  -0.208,   0.180,   0.500,  -0.112,   0.180,   0.500,   0.180,   0.500,   0.180
202607161706,  -0.410,  -0.009,9999.000,9999.000,9999.000,9999.000,9999.000,9999.000,9999.000
202607161712,  -0.604,  -0.200,9999.000,9999.000,9999.000,9999.000,9999.000,9999.000,9999.000
202607161718,  -0.790,  -0.380,9999.000,9999.000,9999.000,9999.000,9999.000,9999.000,9999.000
202607161724,  -0.967,  -0.629,9999.000,9999.000,9999.000,9999.000,9999.000,9999.000,9999.000
202607161730,  -1.135,  -0.839,9999.000,9999.000,9999.000,9999.000,9999.000,9999.000,9999.000
202607161736,  -1.293,  -0.970,9999.000,9999.000,9999.000,9999.000,9999.000,9999.000,9999.000
202607161742,  -1.441,  -1.088,9999.000,9999.000,9999.000,9999.000,9999.000,9999.000,9999.000
202607161748,  -1.578,  -1.269,9999.000,9999.000,9999.000,9999.000,9999.000,9999.000,9999.000
202607161754,  -1.705,  -1.400,9999.000,9999.000,9999.000,9999.000,9999.000,9999.000,9999.000
202607161800,  -1.821,  -1.498,   0.600,  -0.277,  -1.498,   0.500,  -1.598,   0.600,  -1.498
202607161806,  -1.926,  -1.649,9999.000,9999.000,9999.000,9999.000,9999.000,9999.000,9999.000
202607161812,  -2.020,  -1.728,9999.000,9999.000,9999.000,9999.000,9999.000,9999.000,9999.000
202607161818,  -2.102,  -1.820,9999.000,9999.000,9999.000,9999.000,9999.000,9999.000,9999.000
202607161824,  -2.173,  -1.820,9999.000,9999.000,9999.000,9999.000,9999.000,9999.000,9999.000
202607161830,  -2.232,  -1.879,9999.000,9999.000,9999.000,9999.000,9999.000,9999.000,9999.000
202607161836,  -2.280,  -1.918,9999.000,9999.000,9999.000,9999.000,9999.000,9999.000,9999.000
202607161842,  -2.317,  -2.000,9999.000,9999.000,9999.000,9999.000,9999.000,9999.000,9999.000
202607161848,  -2.342,  -2.148,9999.000,9999.000,9999.000,9999.000,9999.000,9999.000,9999.000
202607161854,  -2.356,  -2.200,9999.000,9999.000,9999.000,9999.000,9999.000,9999.000,9999.000
202607161900,  -2.359,  -2.230,   0.600,  -0.471,  -2.230,   0.500,  -2.330,   0.600,  -2.230
202607161906,  -2.351,  -2.240,9999.000,9999.000,9999.000,9999.000,9999.000,9999.000,9999.000
202607161912,  -2.332,  -2.220,9999.000,9999.000,9999.000,9999.000,9999.000,9999.000,9999.000
202607161918,  -2.303,  -2.089,9999.000,9999.000,9999.000,9999.000,9999.000,9999.000,9999.000
202607161924,  -2.264,  -1.958,9999.000,9999.000,9999.000,9999.000,9999.000,9999.000,9999.000
202607161930,  -2.215,  -1.889,9999.000,9999.000,9999.000,9999.000,9999.000,9999.000,9999.000
202607161936,  -2.157,  -1.810,9999.000,9999.000,9999.000,9999.000,9999.000,9999.000,9999.000
202607161942,  -2.090,  -1.738,9999.000,9999.000,9999.000,9999.000,9999.000,9999.000,9999.000
202607161948,  -2.013,  -1.699,9999.000,9999.000,9999.000,9999.000,9999.000,9999.000,9999.000
202607161954,  -1.929,  -1.649,9999.000,9999.000,9999.000,9999.000,9999.000,9999.000,9999.000
202607162000,  -1.836,  -1.571,   0.600,  -0.335,  -1.571,   0.500,  -1.671,   0.600,  -1.571
202607162006,  -1.736,  -1.459,9999.000,9999.000,9999.000,9999.000,9999.000,9999.000,9999.000
202607162012,  -1.629,  -1.269,9999.000,9999.000,9999.000,9999.000,9999.000,9999.000,9999.000
202607162018,  -1.514,  -1.079,9999.000,9999.000,9999.000,9999.000,9999.000,9999.000,9999.000
202607162024,  -1.393,  -0.898,9999.000,9999.000,9999.000,9999.000,9999.000,9999.000,9999.000
202607162030,  -1.267,  -0.678,9999.000,9999.000,9999.000,9999.000,9999.000,9999.000,9999.000
202607162036,  -1.134,  -0.518,9999.000,9999.000,9999.000,9999.000,9999.000,9999.000,9999.000
202607162042,  -0.996,  -0.400,9999.000,9999.000,9999.000,9999.000,9999.000,9999.000,9999.000
202607162048,  -0.853,  -0.321,9999.000,9999.000,9999.000,9999.000,9999.000,9999.000,9999.000
202607162054,  -0.704,  -0.239,9999.000,9999.000,9999.000,9999.000,9999.000,9999.000,9999.000
202607162100,  -0.552,  -0.121,   0.600,  -0.169,  -0.121,   0.500,  -0.221,   0.600,  -0.121
202607162106,  -0.394,  -0.039,9999.000,9999.000,9999.000,9999.000,9999.000,9999.000,9999.000
202607162112,  -0.233,   0.141,9999.000,9999.000,9999.000,9999.000,9999.000,9999.000,9999.000
202607162118,  -0.068,   0.298,9999.000,9999.000,9999.000,9999.000,9999.000,9999.000,9999.000
202607162124,   0.100,   0.469,9999.000,9999.000,9999.000,9999.000,9999.000,9999.000,9999.000
202607162130,   0.274,   0.590,9999.000,9999.000,9999.000,9999.000,9999.000,9999.000,9999.000
202607162136,   0.450,   0.790,9999.000,9999.000,9999.000,9999.000,9999.000,9999.000,9999.000
202607162142,   0.630,   0.898,9999.000,9999.000,9999.000,9999.000,9999.000,9999.000,9999.000
202607162148,   0.814,   1.059,9999.000,9999.000,9999.000,9999.000,9999.000,9999.000,9999.000
202607162154,   1.001,   1.249,9999.000,9999.000,9999.000,9999.000,9999.000,9999.000,9999.000
202607162200,   1.192,   1.420,   0.600,  -0.372,   1.420,   0.500,   1.320,   0.600,   1.420
202607162206,   1.386,   1.600,9999.000,9999.000,9999.000,9999.000,9999.000,9999.000,9999.000
202607162212,   1.583,   1.879,9999.000,9999.000,9999.000,9999.000,9999.000,9999.000,9999.000
202607162218,   1.784,   2.079,9999.000,9999.000,9999.000,9999.000,9999.000,9999.000,9999.000
202607162224,   1.987,   2.250,9999.000,9999.000,9999.000,9999.000,9999.000,9999.000,9999.000
202607162230,   2.194,   2.528,9999.000,9999.000,9999.000,9999.000,9999.000,9999.000,9999.000
202607162236,   2.404,   2.728,9999.000,9999.000,9999.000,9999.000,9999.000,9999.000,9999.000
202607162242,   2.616,   2.850,9999.000,9999.000,9999.000,9999.000,9999.000,9999.000,9999.000
202607162248,   2.831,   3.089,9999.000,9999.000,9999.000,9999.000,9999.000,9999.000,9999.000
202607162254,   3.048,   3.279,9999.000,9999.000,9999.000,9999.000,9999.000,9999.000,9999.000
202607162300,   3.267,   3.407,   0.600,  -0.460,   3.407,   0.500,   3.307,   0.600,   3.407
202607162306,   3.488,   3.660,9999.000,9999.000,9999.000,9999.000,9999.000,9999.000,9999.000
202607162312,   3.710,   3.949,9999.000,9999.000,9999.000,9999.000,9999.000,9999.000,9999.000
202607162318,   3.934,   4.168,9999.000,9999.000,9999.000,9999.000,9999.000,9999.000,9999.000
202607162324,   4.158,   4.408,9999.000,9999.000,9999.000,9999.000,9999.000,9999.000,9999.000
202607162330,   4.382,   4.729,9999.000,9999.000,9999.000,9999.000,9999.000,9999.000,9999.000
202607162336,   4.606,   4.929,9999.000,9999.000,9999.000,9999.000,9999.000,9999.000,9999.000
202607162342,   4.830,   5.159,9999.000,9999.000,9999.000,9999.000,9999.000,9999.000,9999.000
202607162348,   5.052,   5.438,9999.000,9999.000,9999.000,9999.000,9999.000,9999.000,9999.000
202607162354,   5.273,   5.657,9999.000,9999.000,9999.000,9999.000,9999.000,9999.000,9999.000
202607170000,   5.491,   5.867,   0.700,  -0.324,   5.867,   0.700,   5.867,   0.700,   5.867
202607170006,   5.707,   6.136,9999.000,9999.000,9999.000,9999.000,9999.000,9999.000,9999.000
202607170012,   5.920,   6.336,9999.000,9999.000,9999.000,9999.000,9999.000,9999.000,9999.000
202607170018,   6.129,   6.527,9999.000,9999.000,9999.000,9999.000,9999.000,9999.000,9999.000
202607170024,   6.334,   6.727,9999.000,9999.000,9999.000,9999.000,9999.000,9999.000,9999.000
202607170030,   6.534,   6.927,9999.000,9999.000,9999.000,9999.000,9999.000,9999.000,9999.000
202607170036,   6.730,   7.107,9999.000,9999.000,9999.000,9999.000,9999.000,9999.000,9999.000
202607170042,   6.919,   7.297,9999.000,9999.000,9999.000,9999.000,9999.000,9999.000,9999.000
202607170048,   7.103,   7.468,9999.000,9999.000,9999.000,9999.000,9999.000,9999.000,9999.000
202607170054,   7.281,   7.629,9999.000,9999.000,9999.000,9999.000,9999.000,9999.000,9999.000
202607170100,   7.452,   7.819,   0.700,  -0.333,   7.819,   0.700,   7.819,   0.700,   7.819
202607170106,   7.616,   7.917,9999.000,9999.000,9999.000,9999.000,9999.000,9999.000,9999.000
202607170112,   7.773,   7.967,9999.000,9999.000,9999.000,9999.000,9999.000,9999.000,9999.000
202607170118,   7.922,   8.088,9999.000,9999.000,9999.000,9999.000,9999.000,9999.000,9999.000
202607170124,   8.064,   8.147,9999.000,9999.000,9999.000,9999.000,9999.000,9999.000,9999.000
202607170130,   8.197,   8.229,9999.000,9999.000,9999.000,9999.000,9999.000,9999.000,9999.000
202607170136,   8.322,   8.318,9999.000,9999.000,9999.000,9999.000,9999.000,9999.000,9999.000
202607170142,   8.439,   8.518,9999.000,9999.000,9999.000,9999.000,9999.000,9999.000,9999.000
202607170148,   8.548,   8.626,9999.000,9999.000,9999.000,9999.000,9999.000,9999.000,9999.000
202607170154,   8.647,   8.777,9999.000,9999.000,9999.000,9999.000,9999.000,9999.000,9999.000
202607170200,   8.738,   8.898,   0.700,  -0.540,   8.898,   0.600,   8.798,   0.700,   8.898
202607170206,   8.820,   8.918,9999.000,9999.000,9999.000,9999.000,9999.000,9999.000,9999.000
202607170212,   8.893,   8.937,9999.000,9999.000,9999.000,9999.000,9999.000,9999.000,9999.000
202607170218,   8.957,   9.006,9999.000,9999.000,9999.000,9999.000,9999.000,9999.000,9999.000
202607170224,   9.012,   9.056,9999.000,9999.000,9999.000,9999.000,9999.000,9999.000,9999.000
202607170230,   9.058,   9.036,9999.000,9999.000,9999.000,9999.000,9999.000,9999.000,9999.000
202607170236,   9.094,   9.098,9999.000,9999.000,9999.000,9999.000,9999.000,9999.000,9999.000
202607170242,   9.121,   9.157,9999.000,9999.000,9999.000,9999.000,9999.000,9999.000,9999.000
202607170248,   9.140,   9.157,9999.000,9999.000,9999.000,9999.000,9999.000,9999.000,9999.000
202607170254,   9.148,   9.157,9999.000,9999.000,9999.000,9999.000,9999.000,9999.000,9999.000
202607170300,   9.148,   9.187,   0.700,  -0.661,   9.187,   0.600,   9.087,   0.700,   9.187
202607170306,   9.139,   9.187,9999.000,9999.000,9999.000,9999.000,9999.000,9999.000,9999.000
202607170312,   9.121,   9.167,9999.000,9999.000,9999.000,9999.000,9999.000,9999.000,9999.000
202607170318,   9.095,   9.177,9999.000,9999.000,9999.000,9999.000,9999.000,9999.000,9999.000
202607170324,   9.060,   9.167,9999.000,9999.000,9999.000,9999.000,9999.000,9999.000,9999.000
202607170330,   9.016,   9.138,9999.000,9999.000,9999.000,9999.000,9999.000,9999.000,9999.000
202607170336,   8.965,   9.118,9999.000,9999.000,9999.000,9999.000,9999.000,9999.000,9999.000
202607170342,   8.906,   9.128,9999.000,9999.000,9999.000,9999.000,9999.000,9999.000,9999.000
202607170348,   8.839,   9.056,9999.000,9999.000,9999.000,9999.000,9999.000,9999.000,9999.000
202607170354,   8.765,   9.046,9999.000,9999.000,9999.000,9999.000,9999.000,9999.000,9999.000
202607170400,   8.685,   8.957,   0.700,  -0.428,   8.957,   0.700,   8.957,   0.700,   8.957
202607170406,   8.598,   8.878,9999.000,9999.000,9999.000,9999.000,9999.000,9999.000,9999.000
202607170412,   8.506,   8.806,9999.000,9999.000,9999.000,9999.000,9999.000,9999.000,9999.000
202607170418,   8.408,   8.747,9999.000,9999.000,9999.000,9999.000,9999.000,9999.000,9999.000
202607170424,   8.306,   8.659,9999.000,9999.000,9999.000,9999.000,9999.000,9999.000,9999.000
202607170430,   8.199,   8.587,9999.000,9999.000,9999.000,9999.000,9999.000,9999.000,9999.000
202607170436,   8.089,   8.508,9999.000,9999.000,9999.000,9999.000,9999.000,9999.000,9999.000
202607170442,   7.975,   8.406,9999.000,9999.000,9999.000,9999.000,9999.000,9999.000,9999.000
202607170448,   7.859,   8.278,9999.000,9999.000,9999.000,9999.000,9999.000,9999.000,9999.000
202607170454,   7.741,   8.177,9999.000,9999.000,9999.000,9999.000,9999.000,9999.000,9999.000
202607170500,   7.621,   8.049,   0.700,  -0.272,   8.049,   0.700,   8.049,   0.700,   8.049
202607170506,   7.501,   7.917,9999.000,9999.000,9999.000,9999.000,9999.000,9999.000,9999.000
202607170512,   7.381,   7.786,9999.000,9999.000,9999.000,9999.000,9999.000,9999.000,9999.000
202607170518,   7.260,   7.658,9999.000,9999.000,9999.000,9999.000,9999.000,9999.000,9999.000
202607170524,   7.141,   7.507,9999.000,9999.000,9999.000,9999.000,9999.000,9999.000,9999.000
202607170530,   7.023,   7.376,9999.000,9999.000,9999.000,9999.000,9999.000,9999.000,9999.000
202607170536,   6.906,   7.238,9999.000,9999.000,9999.000,9999.000,9999.000,9999.000,9999.000
202607170542,   6.793,   7.117,9999.000,9999.000,9999.000,9999.000,9999.000,9999.000,9999.000
202607170548,   6.681,   6.956,9999.000,9999.000,9999.000,9999.000,9999.000,9999.000,9999.000
202607170554,   6.574,   6.799,9999.000,9999.000,9999.000,9999.000,9999.000,9999.000,9999.000
202607170600,   6.469,   6.678,   0.500,  -0.291,   6.678,   0.500,   6.678,   0.600,   6.778
202607170606,   6.369,   6.546,9999.000,9999.000,9999.000,9999.000,9999.000,9999.000,9999.000
202607170612,   6.273,   6.438,9999.000,9999.000,9999.000,9999.000,9999.000,9999.000,9999.000
202607170618,   6.181,   6.336,9999.000,9999.000,9999.000,9999.000,9999.000,9999.000,9999.000
202607170624,   6.095,   6.287,9999.000,9999.000,9999.000,9999.000,9999.000,9999.000,9999.000
202607170630,   6.013,   6.248,9999.000,9999.000,9999.000,9999.000,9999.000,9999.000,9999.000
202607170636,   5.937,   6.189,9999.000,9999.000,9999.000,9999.000,9999.000,9999.000,9999.000
202607170642,   5.866,   6.107,9999.000,9999.000,9999.000,9999.000,9999.000,9999.000,9999.000
202607170648,   5.800,   6.048,9999.000,9999.000,9999.000,9999.000,9999.000,9999.000,9999.000
202607170654,   5.741,   5.940,9999.000,9999.000,9999.000,9999.000,9999.000,9999.000,9999.000
202607170700,   5.687,   5.838,   0.500,  -0.349,   5.838,   0.500,   5.838,   0.600,   5.938
202607170706,   5.639,   5.759,9999.000,9999.000,9999.000,9999.000,9999.000,9999.000,9999.000
202607170712,   5.596,   5.677,9999.000,9999.000,9999.000,9999.000,9999.000,9999.000,9999.000
202607170718,   5.559,   5.618,9999.000,9999.000,9999.000,9999.000,9999.000,9999.000,9999.000
202607170724,   5.528,   5.608,9999.000,9999.000,9999.000,9999.000,9999.000,9999.000,9999.000
202607170730,   5.503,   5.628,9999.000,9999.000,9999.000,9999.000,9999.000,9999.000,9999.000
202607170736,   5.483,   5.628,9999.000,9999.000,9999.000,9999.000,9999.000,9999.000,9999.000
202607170742,   5.468,   5.657,9999.000,9999.000,9999.000,9999.000,9999.000,9999.000,9999.000
202607170748,   5.458,   5.677,9999.000,9999.000,9999.000,9999.000,9999.000,9999.000,9999.000
202607170754,   5.453,   5.677,9999.000,9999.000,9999.000,9999.000,9999.000,9999.000,9999.000
202607170800,   5.453,   5.657,   0.500,  -0.296,   5.657,   0.500,   5.657,   0.600,   5.757
202607170806,   5.458,   5.638,9999.000,9999.000,9999.000,9999.000,9999.000,9999.000,9999.000
202607170812,   5.467,   5.608,9999.000,9999.000,9999.000,9999.000,9999.000,9999.000,9999.000
202607170818,   5.479,   5.608,9999.000,9999.000,9999.000,9999.000,9999.000,9999.000,9999.000
202607170824,   5.495,   5.618,9999.000,9999.000,9999.000,9999.000,9999.000,9999.000,9999.000
202607170830,   5.515,   5.638,9999.000,9999.000,9999.000,9999.000,9999.000,9999.000,9999.000
202607170836,   5.538,   5.677,9999.000,9999.000,9999.000,9999.000,9999.000,9999.000,9999.000
202607170842,   5.564,   5.739,9999.000,9999.000,9999.000,9999.000,9999.000,9999.000,9999.000
202607170848,   5.592,   5.799,9999.000,9999.000,9999.000,9999.000,9999.000,9999.000,9999.000
202607170854,   5.623,   5.838,9999.000,9999.000,9999.000,9999.000,9999.000,9999.000,9999.000
202607170900,   5.656,   5.887,   0.500,  -0.269,   5.887,   0.500,   5.887,   0.600,   5.987
202607170906,   5.690,   5.926,9999.000,9999.000,9999.000,9999.000,9999.000,9999.000,9999.000
202607170912,   5.726,   5.959,9999.000,9999.000,9999.000,9999.000,9999.000,9999.000,9999.000
202607170918,   5.764,   6.008,9999.000,9999.000,9999.000,9999.000,9999.000,9999.000,9999.000
202607170924,   5.803,   6.048,9999.000,9999.000,9999.000,9999.000,9999.000,9999.000,9999.000
202607170930,   5.844,   6.097,9999.000,9999.000,9999.000,9999.000,9999.000,9999.000,9999.000
202607170936,   5.885,   6.179,9999.000,9999.000,9999.000,9999.000,9999.000,9999.000,9999.000
202607170942,   5.927,   6.258,9999.000,9999.000,9999.000,9999.000,9999.000,9999.000,9999.000
202607170948,   5.970,   6.336,9999.000,9999.000,9999.000,9999.000,9999.000,9999.000,9999.000
202607170954,   6.014,   6.418,9999.000,9999.000,9999.000,9999.000,9999.000,9999.000,9999.000
202607171000,   6.059,   6.487,   0.500,  -0.072,   6.487,   0.500,   6.487,   0.500,   6.487
202607171006,   6.104,   6.537,9999.000,9999.000,9999.000,9999.000,9999.000,9999.000,9999.000
202607171012,   6.150,   6.579,9999.000,9999.000,9999.000,9999.000,9999.000,9999.000,9999.000
202607171018,   6.197,   6.609,9999.000,9999.000,9999.000,9999.000,9999.000,9999.000,9999.000
202607171024,   6.245,   6.628,9999.000,9999.000,9999.000,9999.000,9999.000,9999.000,9999.000
202607171030,   6.293,   6.658,9999.000,9999.000,9999.000,9999.000,9999.000,9999.000,9999.000
202607171036,   6.343,   6.697,9999.000,9999.000,9999.000,9999.000,9999.000,9999.000,9999.000
202607171042,   6.393,   6.737,9999.000,9999.000,9999.000,9999.000,9999.000,9999.000,9999.000
202607171048,   6.443,   6.799,9999.000,9999.000,9999.000,9999.000,9999.000,9999.000,9999.000
202607171054,   6.495,   6.868,9999.000,9999.000,9999.000,9999.000,9999.000,9999.000,9999.000
202607171100,   6.546,   6.937,   0.500,  -0.109,   6.937,   0.500,   6.937,   0.600,   7.037
202607171106,   6.599,   7.029,9999.000,9999.000,9999.000,9999.000,9999.000,9999.000,9999.000
202607171112,   6.651,   7.097,9999.000,9999.000,9999.000,9999.000,9999.000,9999.000,9999.000
202607171118,   6.704,   7.166,9999.000,9999.000,9999.000,9999.000,9999.000,9999.000,9999.000
202607171124,   6.757,   7.229,9999.000,9999.000,9999.000,9999.000,9999.000,9999.000,9999.000
202607171130,   6.809,   7.288,9999.000,9999.000,9999.000,9999.000,9999.000,9999.000,9999.000
202607171136,   6.861,   7.327,9999.000,9999.000,9999.000,9999.000,9999.000,9999.000,9999.000
202607171142,   6.912,   7.376,9999.000,9999.000,9999.000,9999.000,9999.000,9999.000,9999.000
202607171148,   6.962,   7.429,9999.000,9999.000,9999.000,9999.000,9999.000,9999.000,9999.000
202607171154,   7.010,   7.468,9999.000,9999.000,9999.000,9999.000,9999.000,9999.000,9999.000
202607171200,   7.056,   7.527,   0.400,   0.071,   7.527,   0.300,   7.427,   0.400,   7.527
202607171206,   7.100,   7.619,9999.000,9999.000,9999.000,9999.000,9999.000,9999.000,9999.000
202607171212,   7.141,   7.698,9999.000,9999.000,9999.000,9999.000,9999.000,9999.000,9999.000
202607171218,   7.179,   7.757,9999.000,9999.000,9999.000,9999.000,9999.000,9999.000,9999.000
202607171224,   7.214,   7.819,9999.000,9999.000,9999.000,9999.000,9999.000,9999.000,9999.000
202607171230,   7.245,   7.849,9999.000,9999.000,9999.000,9999.000,9999.000,9999.000,9999.000
202607171236,   7.271,   7.858,9999.000,9999.000,9999.000,9999.000,9999.000,9999.000,9999.000
202607171242,   7.292,   7.878,9999.000,9999.000,9999.000,9999.000,9999.000,9999.000,9999.000
202607171248,   7.308,   7.908,9999.000,9999.000,9999.000,9999.000,9999.000,9999.000,9999.000
202607171254,   7.319,   7.917,9999.000,9999.000,9999.000,9999.000,9999.000,9999.000,9999.000
202607171300,   7.324,   7.917,   0.400,   0.193,   7.917,   0.400,   7.917,   0.400,   7.917
202607171306,   7.323,   7.957,9999.000,9999.000,9999.000,9999.000,9999.000,9999.000,9999.000
202607171312,   7.315,   7.976,9999.000,9999.000,9999.000,9999.000,9999.000,9999.000,9999.000
202607171318,   7.300,   7.967,9999.000,9999.000,9999.000,9999.000,9999.000,9999.000,9999.000
202607171324,   7.279,   7.976,9999.000,9999.000,9999.000,9999.000,9999.000,9999.000,9999.000
202607171330,   7.250,   7.957,9999.000,9999.000,9999.000,9999.000,9999.000,9999.000,9999.000
202607171336,   7.214,   7.908,9999.000,9999.000,9999.000,9999.000,9999.000,9999.000,9999.000
202607171342,   7.171,   7.868,9999.000,9999.000,9999.000,9999.000,9999.000,9999.000,9999.000
202607171348,   7.120,   7.806,9999.000,9999.000,9999.000,9999.000,9999.000,9999.000,9999.000
202607171354,   7.062,   7.737,9999.000,9999.000,9999.000,9999.000,9999.000,9999.000,9999.000
202607171400,   6.996,   7.668,   0.400,   0.272,   7.668,   0.400,   7.668,   0.400,   7.668
202607171406,   6.922,   7.609,9999.000,9999.000,9999.000,9999.000,9999.000,9999.000,9999.000
202607171412,   6.841,   7.527,9999.000,9999.000,9999.000,9999.000,9999.000,9999.000,9999.000
202607171418,   6.752,   7.458,9999.000,9999.000,9999.000,9999.000,9999.000,9999.000,9999.000
202607171424,   6.656,   7.376,9999.000,9999.000,9999.000,9999.000,9999.000,9999.000,9999.000
202607171430,   6.552,   7.307,9999.000,9999.000,9999.000,9999.000,9999.000,9999.000,9999.000
202607171436,   6.441,   7.229,9999.000,9999.000,9999.000,9999.000,9999.000,9999.000,9999.000
202607171442,   6.322,   7.127,9999.000,9999.000,9999.000,9999.000,9999.000,9999.000,9999.000
202607171448,   6.197,   6.989,9999.000,9999.000,9999.000,9999.000,9999.000,9999.000,9999.000
202607171454,   6.064,   6.848,9999.000,9999.000,9999.000,9999.000,9999.000,9999.000,9999.000
202607171500,   5.925,   6.687,   0.400,   0.362,   6.687,   0.400,   6.687,   0.400,   6.687
202607171506,   5.778,   6.497,9999.000,9999.000,9999.000,9999.000,9999.000,9999.000,9999.000
202607171512,   5.626,   6.317,9999.000,9999.000,9999.000,9999.000,9999.000,9999.000,9999.000
202607171518,   5.467,   6.136,9999.000,9999.000,9999.000,9999.000,9999.000,9999.000,9999.000
202607171524,   5.302,   5.959,9999.000,9999.000,9999.000,9999.000,9999.000,9999.000,9999.000
202607171530,   5.131,   5.769,9999.000,9999.000,9999.000,9999.000,9999.000,9999.000,9999.000
202607171536,   4.954,   5.608,9999.000,9999.000,9999.000,9999.000,9999.000,9999.000,9999.000
202607171542,   4.772,   5.438,9999.000,9999.000,9999.000,9999.000,9999.000,9999.000,9999.000
202607171548,   4.585,   5.257,9999.000,9999.000,9999.000,9999.000,9999.000,9999.000,9999.000
202607171554,   4.394,   5.067,9999.000,9999.000,9999.000,9999.000,9999.000,9999.000,9999.000
202607171600,   4.199,   4.867,   0.400,   0.268,   4.867,   0.400,   4.867,   0.400,   4.867
202607171606,   3.999,   4.647,9999.000,9999.000,9999.000,9999.000,9999.000,9999.000,9999.000
202607171612,   3.796,   4.418,9999.000,9999.000,9999.000,9999.000,9999.000,9999.000,9999.000
202607171618,   3.591,   4.188,9999.000,9999.000,9999.000,9999.000,9999.000,9999.000,9999.000
202607171624,   3.383,   3.958,9999.000,9999.000,9999.000,9999.000,9999.000,9999.000,9999.000
202607171630,   3.173,   3.729,9999.000,9999.000,9999.000,9999.000,9999.000,9999.000,9999.000
202607171636,   2.962,   3.499,9999.000,9999.000,9999.000,9999.000,9999.000,9999.000,9999.000
202607171642,   2.750,   3.279,9999.000,9999.000,9999.000,9999.000,9999.000,9999.000,9999.000
202607171648,   2.537,   3.070,9999.000,9999.000,9999.000,9999.000,9999.000,9999.000,9999.000
202607171654,   2.325,   2.850,9999.000,9999.000,9999.000,9999.000,9999.000,9999.000,9999.000
202607171700,   2.115,   2.620,   0.300,   0.205,   2.620,   0.300,   2.620,   0.400,   2.720
202607171706,   1.905,   2.400,9999.000,9999.000,9999.000,9999.000,9999.000,9999.000,9999.000
202607171712,   1.699,   2.158,9999.000,9999.000,9999.000,9999.000,9999.000,9999.000,9999.000
202607171718,   1.495,   1.918,9999.000,9999.000,9999.000,9999.000,9999.000,9999.000,9999.000
202607171724,   1.294,   1.699,9999.000,9999.000,9999.000,9999.000,9999.000,9999.000,9999.000
202607171730,   1.097,   1.489,9999.000,9999.000,9999.000,9999.000,9999.000,9999.000,9999.000
202607171736,   0.906,   1.279,9999.000,9999.000,9999.000,9999.000,9999.000,9999.000,9999.000
202607171742,   0.719,   1.098,9999.000,9999.000,9999.000,9999.000,9999.000,9999.000,9999.000
202607171748,   0.538,   0.928,9999.000,9999.000,9999.000,9999.000,9999.000,9999.000,9999.000
202607171754,   0.364,   0.760,9999.000,9999.000,9999.000,9999.000,9999.000,9999.000,9999.000
202607171800,   0.196,   0.580,   0.500,  -0.116,   0.580,   0.400,   0.480,   0.500,   0.580
202607171806,   0.036,   0.419,9999.000,9999.000,9999.000,9999.000,9999.000,9999.000,9999.000
202607171812,  -0.116,   0.268,9999.000,9999.000,9999.000,9999.000,9999.000,9999.000,9999.000
202607171818,  -0.261,   0.078,9999.000,9999.000,9999.000,9999.000,9999.000,9999.000,9999.000
202607171824,  -0.397,  -0.039,9999.000,9999.000,9999.000,9999.000,9999.000,9999.000,9999.000
202607171830,  -0.524,  -0.180,9999.000,9999.000,9999.000,9999.000,9999.000,9999.000,9999.000
202607171836,  -0.642,  -0.321,9999.000,9999.000,9999.000,9999.000,9999.000,9999.000,9999.000
202607171842,  -0.751,  -0.429,9999.000,9999.000,9999.000,9999.000,9999.000,9999.000,9999.000
202607171848,  -0.850,  -0.560,9999.000,9999.000,9999.000,9999.000,9999.000,9999.000,9999.000
202607171854,  -0.939,  -0.678,9999.000,9999.000,9999.000,9999.000,9999.000,9999.000,9999.000
202607171900,  -1.018,  -0.751,   0.500,  -0.233,  -0.751,   0.400,  -0.851,   0.500,  -0.751
202607171906,  -1.087,  -0.810,9999.000,9999.000,9999.000,9999.000,9999.000,9999.000,9999.000
202607171912,  -1.147,  -0.869,9999.000,9999.000,9999.000,9999.000,9999.000,9999.000,9999.000
202607171918,  -1.195,  -0.908,9999.000,9999.000,9999.000,9999.000,9999.000,9999.000,9999.000
202607171924,  -1.234,  -0.941,9999.000,9999.000,9999.000,9999.000,9999.000,9999.000,9999.000
202607171930,  -1.262,9999.000,9999.000,9999.000,9999.000,9999.000,9999.000,9999.000,9999.000
202607171936,  -1.280,9999.000,9999.000,9999.000,9999.000,9999.000,9999.000,9999.000,9999.000
202607171942,  -1.288,9999.000,9999.000,9999.000,9999.000,9999.000,9999.000,9999.000,9999.000
202607171948,  -1.287,9999.000,9999.000,9999.000,9999.000,9999.000,9999.000,9999.000,9999.000
202607171954,  -1.275,9999.000,9999.000,9999.000,9999.000,9999.000,9999.000,9999.000,9999.000
202607172000,  -1.254,9999.000,   0.500,9999.000,  -0.754,   0.500,  -0.754,   0.500,  -0.754
202607172006,  -1.223,  -0.888,9999.000,9999.000,9999.000,9999.000,9999.000,9999.000,9999.000
202607172012,  -1.183,  -0.819,9999.000,9999.000,9999.000,9999.000,9999.000,9999.000,9999.000
202607172018,  -1.134,  -0.751,9999.000,9999.000,9999.000,9999.000,9999.000,9999.000,9999.000
202607172024,  -1.077,9999.000,9999.000,9999.000,9999.000,9999.000,9999.000,9999.000,9999.000
202607172030,  -1.011,9999.000,9999.000,9999.000,9999.000,9999.000,9999.000,9999.000,9999.000
202607172036,  -0.937,9999.000,9999.000,9999.000,9999.000,9999.000,9999.000,9999.000,9999.000
202607172042,  -0.855,  -0.469,9999.000,9999.000,9999.000,9999.000,9999.000,9999.000,9999.000
202607172048,  -0.766,  -0.400,9999.000,9999.000,9999.000,9999.000,9999.000,9999.000,9999.000
202607172054,  -0.670,  -0.321,9999.000,9999.000,9999.000,9999.000,9999.000,9999.000,9999.000
202607172100,  -0.567,  -0.321,   0.500,  -0.254,  -0.321,   0.400,  -0.421,   0.500,  -0.321
202607172106,  -0.457,9999.000,9999.000,9999.000,9999.000,9999.000,9999.000,9999.000,9999.000
202607172112,  -0.342,9999.000,9999.000,9999.000,9999.000,9999.000,9999.000,9999.000,9999.000
202607172118,  -0.221,9999.000,9999.000,9999.000,9999.000,9999.000,9999.000,9999.000,9999.000
202607172124,  -0.094,9999.000,9999.000,9999.000,9999.000,9999.000,9999.000,9999.000,9999.000
202607172130,   0.036,9999.000,9999.000,9999.000,9999.000,9999.000,9999.000,9999.000,9999.000
202607172136,   0.173,   0.600,9999.000,9999.000,9999.000,9999.000,9999.000,9999.000,9999.000
202607172142,   0.314,   0.760,9999.000,9999.000,9999.000,9999.000,9999.000,9999.000,9999.000
202607172148,   0.459,   0.898,9999.000,9999.000,9999.000,9999.000,9999.000,9999.000,9999.000
202607172154,   0.609,9999.000,9999.000,9999.000,9999.000,9999.000,9999.000,9999.000,9999.000
202607172200,   0.762,9999.000,   0.400,9999.000,   1.162,   0.400,   1.162,   0.500,   1.262
202607172206,   0.920,9999.000,9999.000,9999.000,9999.000,9999.000,9999.000,9999.000,9999.000
202607172212,   1.081,9999.000,9999.000,9999.000,9999.000,9999.000,9999.000,9999.000,9999.000
202607172218,   1.245,9999.000,9999.000,9999.000,9999.000,9999.000,9999.000,9999.000,9999.000
202607172224,   1.413,   2.686,9999.000,9999.000,9999.000,9999.000,9999.000,9999.000,9999.000
202607172230,   1.584,9999.000,9999.000,9999.000,9999.000,9999.000,9999.000,9999.000,9999.000
202607172236,   1.758,9999.000,9999.000,9999.000,9999.000,9999.000,9999.000,9999.000,9999.000
202607172242,   1.936,9999.000,9999.000,9999.000,9999.000,9999.000,9999.000,9999.000,9999.000
202607172248,   2.116,   2.400,9999.000,9999.000,9999.000,9999.000,9999.000,9999.000,9999.000
202607172254,   2.300,   2.548,9999.000,9999.000,9999.000,9999.000,9999.000,9999.000,9999.000
202607172300,   2.486,   2.689,   0.400,  -0.197,   2.689,   0.400,   2.689,   0.500,   2.789
202607172306,   2.676,   2.840,9999.000,9999.000,9999.000,9999.000,9999.000,9999.000,9999.000
202607172312,   2.868,   3.040,9999.000,9999.000,9999.000,9999.000,9999.000,9999.000,9999.000
202607172318,   3.063,   3.250,9999.000,9999.000,9999.000,9999.000,9999.000,9999.000,9999.000
202607172324,   3.260,   3.450,9999.000,9999.000,9999.000,9999.000,9999.000,9999.000,9999.000
202607172330,   3.459,   3.689,9999.000,9999.000,9999.000,9999.000,9999.000,9999.000,9999.000
202607172336,   3.661,   3.909,9999.000,9999.000,9999.000,9999.000,9999.000,9999.000,9999.000
202607172342,   3.864,   4.129,9999.000,9999.000,9999.000,9999.000,9999.000,9999.000,9999.000
202607172348,   4.069,   4.339,9999.000,9999.000,9999.000,9999.000,9999.000,9999.000,9999.000
202607172354,   4.276,   4.539,9999.000,9999.000,9999.000,9999.000,9999.000,9999.000,9999.000
202607180000,   4.483,   4.719,   0.600,  -0.364,   4.719,   0.600,   4.719,   0.700,   4.819
202607180006,   4.691,   4.900,9999.000,9999.000,9999.000,9999.000,9999.000,9999.000,9999.000
202607180012,   4.898,   5.087,9999.000,9999.000,9999.000,9999.000,9999.000,9999.000,9999.000
202607180018,   5.106,   5.257,9999.000,9999.000,9999.000,9999.000,9999.000,9999.000,9999.000
202607180024,   5.313,   5.448,9999.000,9999.000,9999.000,9999.000,9999.000,9999.000,9999.000
202607180030,   5.519,   5.657,9999.000,9999.000,9999.000,9999.000,9999.000,9999.000,9999.000
202607180036,   5.722,   5.867,9999.000,9999.000,9999.000,9999.000,9999.000,9999.000,9999.000
202607180042,   5.924,   6.117,9999.000,9999.000,9999.000,9999.000,9999.000,9999.000,9999.000
202607180048,   6.123,   6.359,9999.000,9999.000,9999.000,9999.000,9999.000,9999.000,9999.000
202607180054,   6.319,   6.589,9999.000,9999.000,9999.000,9999.000,9999.000,9999.000,9999.000
202607180100,   6.511,   6.809,   0.600,  -0.302,   6.809,   0.600,   6.809,   0.700,   6.909
202607180106,   6.699,   6.999,9999.000,9999.000,9999.000,9999.000,9999.000,9999.000,9999.000
202607180112,   6.882,   7.156,9999.000,9999.000,9999.000,9999.000,9999.000,9999.000,9999.000
202607180118,   7.060,   7.327,9999.000,9999.000,9999.000,9999.000,9999.000,9999.000,9999.000
202607180124,   7.233,   7.488,9999.000,9999.000,9999.000,9999.000,9999.000,9999.000,9999.000
202607180130,   7.400,   7.648,9999.000,9999.000,9999.000,9999.000,9999.000,9999.000,9999.000
202607180136,   7.560,   7.839,9999.000,9999.000,9999.000,9999.000,9999.000,9999.000,9999.000
202607180142,   7.713,   7.996,9999.000,9999.000,9999.000,9999.000,9999.000,9999.000,9999.000
202607180148,   7.860,   8.147,9999.000,9999.000,9999.000,9999.000,9999.000,9999.000,9999.000
202607180154,   7.999,   8.288,9999.000,9999.000,9999.000,9999.000,9999.000,9999.000,9999.000
202607180200,   8.130,   8.386,   0.600,  -0.344,   8.386,   0.600,   8.386,   0.600,   8.386
202607180206,   8.254,   8.488,9999.000,9999.000,9999.000,9999.000,9999.000,9999.000,9999.000
202607180212,   8.369,   8.577,9999.000,9999.000,9999.000,9999.000,9999.000,9999.000,9999.000
202607180218,   8.477,   8.659,9999.000,9999.000,9999.000,9999.000,9999.000,9999.000,9999.000
202607180224,   8.576,   8.718,9999.000,9999.000,9999.000,9999.000,9999.000,9999.000,9999.000
202607180230,   8.666,   8.806,9999.000,9999.000,9999.000,9999.000,9999.000,9999.000,9999.000
202607180236,   8.748,   8.878,9999.000,9999.000,9999.000,9999.000,9999.000,9999.000,9999.000
202607180242,   8.822,   8.937,9999.000,9999.000,9999.000,9999.000,9999.000,9999.000,9999.000
202607180248,   8.886,   8.987,9999.000,9999.000,9999.000,9999.000,9999.000,9999.000,9999.000
202607180254,   8.942,   9.046,9999.000,9999.000,9999.000,9999.000,9999.000,9999.000,9999.000
202607180300,   8.989,   9.079,   0.600,  -0.510,   9.079,   0.500,   8.979,   0.600,   9.079
202607180306,   9.027,   9.128,9999.000,9999.000,9999.000,9999.000,9999.000,9999.000,9999.000
202607180312,   9.056,   9.167,9999.000,9999.000,9999.000,9999.000,9999.000,9999.000,9999.000
202607180318,   9.076,   9.187,9999.000,9999.000,9999.000,9999.000,9999.000,9999.000,9999.000
202607180324,   9.087,   9.187,9999.000,9999.000,9999.000,9999.000,9999.000,9999.000,9999.000
202607180330,   9.090,   9.206,9999.000,9999.000,9999.000,9999.000,9999.000,9999.000,9999.000
202607180336,   9.084,   9.197,9999.000,9999.000,9999.000,9999.000,9999.000,9999.000,9999.000
202607180342,   9.069,   9.177,9999.000,9999.000,9999.000,9999.000,9999.000,9999.000,9999.000
202607180348,   9.045,   9.157,9999.000,9999.000,9999.000,9999.000,9999.000,9999.000,9999.000
202607180354,   9.013,   9.138,9999.000,9999.000,9999.000,9999.000,9999.000,9999.000,9999.000
202607180400,   8.973,   9.118,   0.600,  -0.455,   9.118,   0.600,   9.118,   0.600,   9.118
202607180406,   8.925,   9.108,9999.000,9999.000,9999.000,9999.000,9999.000,9999.000,9999.000
202607180412,   8.868,   9.079,9999.000,9999.000,9999.000,9999.000,9999.000,9999.000,9999.000
202607180418,   8.804,   9.056,9999.000,9999.000,9999.000,9999.000,9999.000,9999.000,9999.000
202607180424,   8.732,   9.026,9999.000,9999.000,9999.000,9999.000,9999.000,9999.000,9999.000
202607180430,   8.654,   8.987,9999.000,9999.000,9999.000,9999.000,9999.000,9999.000,9999.000
202607180436,   8.568,   8.928,9999.000,9999.000,9999.000,9999.000,9999.000,9999.000,9999.000
202607180442,   8.475,   8.869,9999.000,9999.000,9999.000,9999.000,9999.000,9999.000,9999.000
202607180448,   8.377,   8.777,9999.000,9999.000,9999.000,9999.000,9999.000,9999.000,9999.000
202607180454,   8.273,   8.678,9999.000,9999.000,9999.000,9999.000,9999.000,9999.000,9999.000
202607180500,   8.163,   8.557,   0.600,  -0.206,   8.557,   0.500,   8.457,   0.600,   8.557
202607180506,   8.048,   8.426,9999.000,9999.000,9999.000,9999.000,9999.000,9999.000,9999.000
202607180512,   7.929,   8.278,9999.000,9999.000,9999.000,9999.000,9999.000,9999.000,9999.000
202607180518,   7.806,   8.137,9999.000,9999.000,9999.000,9999.000,9999.000,9999.000,9999.000
202607180524,   7.680,   7.996,9999.000,9999.000,9999.000,9999.000,9999.000,9999.000,9999.000
202607180530,   7.551,   7.868,9999.000,9999.000,9999.000,9999.000,9999.000,9999.000,9999.000
202607180536,   7.420,   7.737,9999.000,9999.000,9999.000,9999.000,9999.000,9999.000,9999.000
202607180542,   7.286,   7.629,9999.000,9999.000,9999.000,9999.000,9999.000,9999.000,9999.000
202607180548,   7.152,   7.507,9999.000,9999.000,9999.000,9999.000,9999.000,9999.000,9999.000
202607180554,   7.016,   7.386,9999.000,9999.000,9999.000,9999.000,9999.000,9999.000,9999.000
202607180600,   6.881,   7.248,   0.500,  -0.133,   7.248,   0.400,   7.148,   0.500,   7.248
202607180606,   6.746,   7.088,9999.000,9999.000,9999.000,9999.000,9999.000,9999.000,9999.000
202607180612,   6.612,   6.947,9999.000,9999.000,9999.000,9999.000,9999.000,9999.000,9999.000
202607180618,   6.479,   6.799,9999.000,9999.000,9999.000,9999.000,9999.000,9999.000,9999.000
202607180624,   6.348,   6.648,9999.000,9999.000,9999.000,9999.000,9999.000,9999.000,9999.000
202607180630,   6.220,   6.497,9999.000,9999.000,9999.000,9999.000,9999.000,9999.000,9999.000
202607180636,   6.094,   6.359,9999.000,9999.000,9999.000,9999.000,9999.000,9999.000,9999.000
202607180642,   5.971,   6.218,9999.000,9999.000,9999.000,9999.000,9999.000,9999.000,9999.000
202607180648,   5.852,   6.087,9999.000,9999.000,9999.000,9999.000,9999.000,9999.000,9999.000
202607180654,   5.736,   5.959,9999.000,9999.000,9999.000,9999.000,9999.000,9999.000,9999.000
202607180700,   5.625,   5.838,   0.400,  -0.187,   5.838,   0.400,   5.838,   0.500,   5.938
202607180706,   5.519,   5.717,9999.000,9999.000,9999.000,9999.000,9999.000,9999.000,9999.000
202607180712,   5.417,   5.589,9999.000,9999.000,9999.000,9999.000,9999.000,9999.000,9999.000
202607180718,   5.320,   5.497,9999.000,9999.000,9999.000,9999.000,9999.000,9999.000,9999.000
202607180724,   5.229,   5.379,9999.000,9999.000,9999.000,9999.000,9999.000,9999.000,9999.000
202607180730,   5.142,   5.277,9999.000,9999.000,9999.000,9999.000,9999.000,9999.000,9999.000
202607180736,   5.062,   5.198,9999.000,9999.000,9999.000,9999.000,9999.000,9999.000,9999.000
202607180742,   4.987,   5.129,9999.000,9999.000,9999.000,9999.000,9999.000,9999.000,9999.000
202607180748,   4.917,   5.057,9999.000,9999.000,9999.000,9999.000,9999.000,9999.000,9999.000
202607180754,   4.854,   4.998,9999.000,9999.000,9999.000,9999.000,9999.000,9999.000,9999.000
202607180800,   4.796,   4.939,   0.400,  -0.257,   4.939,   0.400,   4.939,   0.500,   5.039
202607180806,   4.744,   4.887,9999.000,9999.000,9999.000,9999.000,9999.000,9999.000,9999.000
202607180812,   4.698,   4.828,9999.000,9999.000,9999.000,9999.000,9999.000,9999.000,9999.000
202607180818,   4.658,   4.788,9999.000,9999.000,9999.000,9999.000,9999.000,9999.000,9999.000
202607180824,   4.623,   4.759,9999.000,9999.000,9999.000,9999.000,9999.000,9999.000,9999.000
202607180830,   4.594,   4.739,9999.000,9999.000,9999.000,9999.000,9999.000,9999.000,9999.000
202607180836,   4.571,   4.729,9999.000,9999.000,9999.000,9999.000,9999.000,9999.000,9999.000
202607180842,   4.552,   4.719,9999.000,9999.000,9999.000,9999.000,9999.000,9999.000,9999.000
202607180848,   4.539,   4.710,9999.000,9999.000,9999.000,9999.000,9999.000,9999.000,9999.000
202607180854,   4.530,   4.710,9999.000,9999.000,9999.000,9999.000,9999.000,9999.000,9999.000
202607180900,   4.527,   4.700,   0.400,  -0.227,   4.700,   0.400,   4.700,   0.500,   4.800
202607180906,   4.527,   4.700,9999.000,9999.000,9999.000,9999.000,9999.000,9999.000,9999.000
202607180912,   4.532,   4.710,9999.000,9999.000,9999.000,9999.000,9999.000,9999.000,9999.000
202607180918,   4.541,   4.719,9999.000,9999.000,9999.000,9999.000,9999.000,9999.000,9999.000
202607180924,   4.554,   4.749,9999.000,9999.000,9999.000,9999.000,9999.000,9999.000,9999.000
202607180930,   4.570,   4.778,9999.000,9999.000,9999.000,9999.000,9999.000,9999.000,9999.000
202607180936,   4.589,   4.818,9999.000,9999.000,9999.000,9999.000,9999.000,9999.000,9999.000
202607180942,   4.611,   4.857,9999.000,9999.000,9999.000,9999.000,9999.000,9999.000,9999.000
202607180948,   4.637,   4.900,9999.000,9999.000,9999.000,9999.000,9999.000,9999.000,9999.000
202607180954,   4.664,   4.939,9999.000,9999.000,9999.000,9999.000,9999.000,9999.000,9999.000
202607181000,   4.694,   4.979,   0.400,  -0.115,   4.979,   0.400,   4.979,   0.500,   5.079
202607181006,   4.726,   5.018,9999.000,9999.000,9999.000,9999.000,9999.000,9999.000,9999.000
202607181012,   4.761,   5.067,9999.000,9999.000,9999.000,9999.000,9999.000,9999.000,9999.000
202607181018,   4.797,   5.120,9999.000,9999.000,9999.000,9999.000,9999.000,9999.000,9999.000
202607181024,   4.834,   5.169,9999.000,9999.000,9999.000,9999.000,9999.000,9999.000,9999.000
202607181030,   4.874,   5.228,9999.000,9999.000,9999.000,9999.000,9999.000,9999.000,9999.000
202607181036,   4.915,   5.297,9999.000,9999.000,9999.000,9999.000,9999.000,9999.000,9999.000
202607181042,   4.957,   5.349,9999.000,9999.000,9999.000,9999.000,9999.000,9999.000,9999.000
202607181048,   5.001,   5.398,9999.000,9999.000,9999.000,9999.000,9999.000,9999.000,9999.000
202607181054,   5.046,   5.448,9999.000,9999.000,9999.000,9999.000,9999.000,9999.000,9999.000
202607181100,   5.093,   5.487,   0.400,  -0.006,   5.487,   0.400,   5.487,   0.500,   5.587
202607181106,   5.141,   5.539,9999.000,9999.000,9999.000,9999.000,9999.000,9999.000,9999.000
202607181112,   5.190,   5.589,9999.000,9999.000,9999.000,9999.000,9999.000,9999.000,9999.000
202607181118,   5.241,   5.648,9999.000,9999.000,9999.000,9999.000,9999.000,9999.000,9999.000
202607181124,   5.293,   5.707,9999.000,9999.000,9999.000,9999.000,9999.000,9999.000,9999.000
202607181130,   5.347,   5.779,9999.000,9999.000,9999.000,9999.000,9999.000,9999.000,9999.000
202607181136,   5.401,   5.828,9999.000,9999.000,9999.000,9999.000,9999.000,9999.000,9999.000
202607181142,   5.457,   5.897,9999.000,9999.000,9999.000,9999.000,9999.000,9999.000,9999.000
202607181148,   5.514,   5.969,9999.000,9999.000,9999.000,9999.000,9999.000,9999.000,9999.000
202607181154,   5.572,   6.038,9999.000,9999.000,9999.000,9999.000,9999.000,9999.000,9999.000
202607181200,   5.631,   6.097,   0.300,   0.166,   6.097,   0.300,   6.097,   0.300,   6.097
202607181206,   5.690,   6.169,9999.000,9999.000,9999.000,9999.000,9999.000,9999.000,9999.000
202607181212,   5.751,   6.209,9999.000,9999.000,9999.000,9999.000,9999.000,9999.000,9999.000
202607181218,   5.811,   6.268,9999.000,9999.000,9999.000,9999.000,9999.000,9999.000,9999.000
202607181224,   5.871,   6.317,9999.000,9999.000,9999.000,9999.000,9999.000,9999.000,9999.000
202607181230,   5.931,   6.359,9999.000,9999.000,9999.000,9999.000,9999.000,9999.000,9999.000
202607181236,   5.991,   6.409,9999.000,9999.000,9999.000,9999.000,9999.000,9999.000,9999.000
202607181242,   6.049,   6.458,9999.000,9999.000,9999.000,9999.000,9999.000,9999.000,9999.000
202607181248,   6.106,   6.517,9999.000,9999.000,9999.000,9999.000,9999.000,9999.000,9999.000
202607181254,   6.162,   6.556,9999.000,9999.000,9999.000,9999.000,9999.000,9999.000,9999.000
202607181300,   6.215,   6.648,   0.300,   0.133,   6.648,   0.300,   6.648,   0.300,   6.648
202607181306,   6.266,   6.707,9999.000,9999.000,9999.000,9999.000,9999.000,9999.000,9999.000
202607181312,   6.314,   6.789,9999.000,9999.000,9999.000,9999.000,9999.000,9999.000,9999.000
202607181318,   6.359,   6.848,9999.000,9999.000,9999.000,9999.000,9999.000,9999.000,9999.000
202607181324,   6.400,   6.887,9999.000,9999.000,9999.000,9999.000,9999.000,9999.000,9999.000
202607181330,   6.437,   6.917,9999.000,9999.000,9999.000,9999.000,9999.000,9999.000,9999.000
202607181336,   6.470,   6.947,9999.000,9999.000,9999.000,9999.000,9999.000,9999.000,9999.000
202607181342,   6.498,   6.966,9999.000,9999.000,9999.000,9999.000,9999.000,9999.000,9999.000
202607181348,   6.520,   6.966,9999.000,9999.000,9999.000,9999.000,9999.000,9999.000,9999.000
202607181354,   6.538,   6.966,9999.000,9999.000,9999.000,9999.000,9999.000,9999.000,9999.000
202607181400,   6.549,   6.979,   0.300,   0.130,   6.979,   0.300,   6.979,   0.300,   6.979
202607181406,   6.555,   6.979,9999.000,9999.000,9999.000,9999.000,9999.000,9999.000,9999.000
202607181412,   6.555,   6.966,9999.000,9999.000,9999.000,9999.000,9999.000,9999.000,9999.000
202607181418,   6.548,   6.966,9999.000,9999.000,9999.000,9999.000,9999.000,9999.000,9999.000
202607181424,   6.536,   6.937,9999.000,9999.000,9999.000,9999.000,9999.000,9999.000,9999.000
202607181430,   6.516,   6.907,9999.000,9999.000,9999.000,9999.000,9999.000,9999.000,9999.000
202607181436,   6.490,   6.887,9999.000,9999.000,9999.000,9999.000,9999.000,9999.000,9999.000
202607181442,   6.458,   6.858,9999.000,9999.000,9999.000,9999.000,9999.000,9999.000,9999.000
202607181448,   6.419,   6.828,9999.000,9999.000,9999.000,9999.000,9999.000,9999.000,9999.000
202607181454,   6.373,   6.789,9999.000,9999.000,9999.000,9999.000,9999.000,9999.000,9999.000
202607181500,   6.321,   6.766,   0.300,   0.145,   6.766,   0.300,   6.766,   0.400,   6.866
202607181506,   6.262,   6.707,9999.000,9999.000,9999.000,9999.000,9999.000,9999.000,9999.000
202607181512,   6.197,   6.678,9999.000,9999.000,9999.000,9999.000,9999.000,9999.000,9999.000
202607181518,   6.125,   6.619,9999.000,9999.000,9999.000,9999.000,9999.000,9999.000,9999.000
202607181524,   6.047,   6.527,9999.000,9999.000,9999.000,9999.000,9999.000,9999.000,9999.000
202607181530,   5.963,   6.458,9999.000,9999.000,9999.000,9999.000,9999.000,9999.000,9999.000
202607181536,   5.872,   6.389,9999.000,9999.000,9999.000,9999.000,9999.000,9999.000,9999.000
202607181542,   5.776,   6.297,9999.000,9999.000,9999.000,9999.000,9999.000,9999.000,9999.000
202607181548,   5.674,   6.189,9999.000,9999.000,9999.000,9999.000,9999.000,9999.000,9999.000
202607181554,   5.566,   6.077,9999.000,9999.000,9999.000,9999.000,9999.000,9999.000,9999.000
202607181600,   5.452,   5.949,   0.300,   0.197,   5.949,   0.300,   5.949,   0.300,   5.949
202607181606,   5.333,   5.828,9999.000,9999.000,9999.000,9999.000,9999.000,9999.000,9999.000
202607181612,   5.209,   5.707,9999.000,9999.000,9999.000,9999.000,9999.000,9999.000,9999.000
202607181618,   5.080,   5.569,9999.000,9999.000,9999.000,9999.000,9999.000,9999.000,9999.000
202607181624,   4.946,   5.418,9999.000,9999.000,9999.000,9999.000,9999.000,9999.000,9999.000
202607181630,   4.807,   5.307,9999.000,9999.000,9999.000,9999.000,9999.000,9999.000,9999.000
202607181636,   4.664,   5.159,9999.000,9999.000,9999.000,9999.000,9999.000,9999.000,9999.000
202607181642,   4.517,   4.988,9999.000,9999.000,9999.000,9999.000,9999.000,9999.000,9999.000
202607181648,   4.367,   4.847,9999.000,9999.000,9999.000,9999.000,9999.000,9999.000,9999.000
202607181654,   4.212,   4.690,9999.000,9999.000,9999.000,9999.000,9999.000,9999.000,9999.000
202607181700,   4.055,   4.519,   0.300,   0.164,   4.519,   0.200,   4.419,   0.300,   4.519
202607181706,   3.895,   4.378,9999.000,9999.000,9999.000,9999.000,9999.000,9999.000,9999.000
202607181712,   3.732,   4.188,9999.000,9999.000,9999.000,9999.000,9999.000,9999.000,9999.000
202607181718,   3.568,   3.998,9999.000,9999.000,9999.000,9999.000,9999.000,9999.000,9999.000
202607181724,   3.402,   3.837,9999.000,9999.000,9999.000,9999.000,9999.000,9999.000,9999.000
202607181730,   3.235,   3.660,9999.000,9999.000,9999.000,9999.000,9999.000,9999.000,9999.000
202607181736,   3.068,   3.480,9999.000,9999.000,9999.000,9999.000,9999.000,9999.000,9999.000
202607181742,   2.901,   3.299,9999.000,9999.000,9999.000,9999.000,9999.000,9999.000,9999.000
202607181748,   2.734,   3.129,9999.000,9999.000,9999.000,9999.000,9999.000,9999.000,9999.000
202607181754,   2.568,   2.948,9999.000,9999.000,9999.000,9999.000,9999.000,9999.000,9999.000
202607181800,   2.403,   2.768,   0.300,   0.065,   2.768,   0.300,   2.768,   0.300,   2.768
202607181806,   2.241,   2.610,9999.000,9999.000,9999.000,9999.000,9999.000,9999.000,9999.000
202607181812,   2.081,   2.440,9999.000,9999.000,9999.000,9999.000,9999.000,9999.000,9999.000
202607181818,   1.924,   2.259,9999.000,9999.000,9999.000,9999.000,9999.000,9999.000,9999.000
202607181824,   1.770,   2.118,9999.000,9999.000,9999.000,9999.000,9999.000,9999.000,9999.000
202607181830,   1.621,   1.967,9999.000,9999.000,9999.000,9999.000,9999.000,9999.000,9999.000
202607181836,   1.476,   1.781,9999.000,9999.000,9999.000,9999.000,9999.000,9999.000,9999.000
202607181842,   1.336,   1.620,9999.000,9999.000,9999.000,9999.000,9999.000,9999.000,9999.000
202607181848,   1.202,   1.449,9999.000,9999.000,9999.000,9999.000,9999.000,9999.000,9999.000
202607181854,   1.073,   1.259,9999.000,9999.000,9999.000,9999.000,9999.000,9999.000,9999.000
202607181900,   0.951,   1.069,   0.300,  -0.182,   1.069,   0.300,   1.069,   0.400,   1.169
202607181906,   0.835,   0.941,9999.000,9999.000,9999.000,9999.000,9999.000,9999.000,9999.000
202607181912,   0.726,   0.800,9999.000,9999.000,9999.000,9999.000,9999.000,9999.000,9999.000
202607181918,   0.625,   0.669,9999.000,9999.000,9999.000,9999.000,9999.000,9999.000,9999.000
202607181924,   0.531,   0.570,9999.000,9999.000,9999.000,9999.000,9999.000,9999.000,9999.000
202607181930,   0.444,   0.488,9999.000,9999.000,9999.000,9999.000,9999.000,9999.000,9999.000
202607181936,   0.366,   0.409,9999.000,9999.000,9999.000,9999.000,9999.000,9999.000,9999.000
202607181942,   0.296,   0.370,9999.000,9999.000,9999.000,9999.000,9999.000,9999.000,9999.000
202607181948,   0.234,   0.308,9999.000,9999.000,9999.000,9999.000,9999.000,9999.000,9999.000
202607181954,   0.181,   0.259,9999.000,9999.000,9999.000,9999.000,9999.000,9999.000,9999.000
202607182000,   0.136,   0.229,   0.300,  -0.207,   0.229,   0.300,   0.229,   0.300,   0.229
202607182006,   0.100,   0.200,9999.000,9999.000,9999.000,9999.000,9999.000,9999.000,9999.000
202607182012,   0.072,   0.200,9999.000,9999.000,9999.000,9999.000,9999.000,9999.000,9999.000
202607182018,   0.053,   0.200,9999.000,9999.000,9999.000,9999.000,9999.000,9999.000,9999.000
202607182024,   0.043,   0.200,9999.000,9999.000,9999.000,9999.000,9999.000,9999.000,9999.000
202607182030,   0.042,   0.170,9999.000,9999.000,9999.000,9999.000,9999.000,9999.000,9999.000
202607182036,   0.049,   0.170,9999.000,9999.000,9999.000,9999.000,9999.000,9999.000,9999.000
202607182042,   0.065,   0.180,9999.000,9999.000,9999.000,9999.000,9999.000,9999.000,9999.000
202607182048,   0.089,   0.200,9999.000,9999.000,9999.000,9999.000,9999.000,9999.000,9999.000
202607182054,   0.121,   0.229,9999.000,9999.000,9999.000,9999.000,9999.000,9999.000,9999.000
202607182100,   0.161,   0.278,   0.300,  -0.183,   0.278,   0.300,   0.278,   0.300,   0.278
202607182106,   0.209,   0.350,9999.000,9999.000,9999.000,9999.000,9999.000,9999.000,9999.000
202607182112,   0.265,   0.400,9999.000,9999.000,9999.000,9999.000,9999.000,9999.000,9999.000
202607182118,   0.328,   0.488,9999.000,9999.000,9999.000,9999.000,9999.000,9999.000,9999.000
202607182124,   0.398,   0.570,9999.000,9999.000,9999.000,9999.000,9999.000,9999.000,9999.000
202607182130,   0.475,   0.639,9999.000,9999.000,9999.000,9999.000,9999.000,9999.000,9999.000
202607182136,   0.559,   0.741,9999.000,9999.000,9999.000,9999.000,9999.000,9999.000,9999.000
202607182142,   0.649,   0.839,9999.000,9999.000,9999.000,9999.000,9999.000,9999.000,9999.000
202607182148,   0.745,   0.951,9999.000,9999.000,9999.000,9999.000,9999.000,9999.000,9999.000
202607182154,   0.847,   1.088,9999.000,9999.000,9999.000,9999.000,9999.000,9999.000,9999.000
202607182200,   0.954,   1.229,   0.300,  -0.025,   1.229,   0.200,   1.129,   0.300,   1.229
202607182206,   1.066,   1.348,9999.000,9999.000,9999.000,9999.000,9999.000,9999.000,9999.000
202607182212,   1.183,   1.469,9999.000,9999.000,9999.000,9999.000,9999.000,9999.000,9999.000
202607182218,   1.305,   1.639,9999.000,9999.000,9999.000,9999.000,9999.000,9999.000,9999.000
202607182224,   1.431,   1.748,9999.000,9999.000,9999.000,9999.000,9999.000,9999.000,9999.000
202607182230,   1.561,   1.840,9999.000,9999.000,9999.000,9999.000,9999.000,9999.000,9999.000
202607182236,   1.695,   1.958,9999.000,9999.000,9999.000,9999.000,9999.000,9999.000,9999.000
202607182242,   1.832,   2.049,9999.000,9999.000,9999.000,9999.000,9999.000,9999.000,9999.000
202607182248,   1.973,   2.191,9999.000,9999.000,9999.000,9999.000,9999.000,9999.000,9999.000
202607182254,   2.118,   2.309,9999.000,9999.000,9999.000,9999.000,9999.000,9999.000,9999.000
202607182300,   2.265,   2.459,   0.300,  -0.106,   2.459,   0.200,   2.359,   0.300,   2.459
202607182306,   2.416,   2.610,9999.000,9999.000,9999.000,9999.000,9999.000,9999.000,9999.000
202607182312,   2.569,   2.787,9999.000,9999.000,9999.000,9999.000,9999.000,9999.000,9999.000
202607182318,   2.725,   2.948,9999.000,9999.000,9999.000,9999.000,9999.000,9999.000,9999.000
202607182324,   2.884,   3.089,9999.000,9999.000,9999.000,9999.000,9999.000,9999.000,9999.000
202607182330,   3.046,   3.217,9999.000,9999.000,9999.000,9999.000,9999.000,9999.000,9999.000
202607182336,   3.210,   3.368,9999.000,9999.000,9999.000,9999.000,9999.000,9999.000,9999.000
202607182342,   3.376,   3.509,9999.000,9999.000,9999.000,9999.000,9999.000,9999.000,9999.000
202607182348,   3.545,   3.670,9999.000,9999.000,9999.000,9999.000,9999.000,9999.000,9999.000
202607182354,   3.716,   3.817,9999.000,9999.000,9999.000,9999.000,9999.000,9999.000,9999.000
202607190000,   3.889,   4.017,   0.400,  -0.272,   4.017,   0.400,   4.017,   0.400,   4.017
202607190006,   4.065,   4.218,9999.000,9999.000,9999.000,9999.000,9999.000,9999.000,9999.000
202607190012,   4.242,   4.418,9999.000,9999.000,9999.000,9999.000,9999.000,9999.000,9999.000
202607190018,   4.421,   4.588,9999.000,9999.000,9999.000,9999.000,9999.000,9999.000,9999.000
202607190024,   4.601,   4.749,9999.000,9999.000,9999.000,9999.000,9999.000,9999.000,9999.000
202607190030,   4.782,   4.929,9999.000,9999.000,9999.000,9999.000,9999.000,9999.000,9999.000
202607190036,   4.965,   5.057,9999.000,9999.000,9999.000,9999.000,9999.000,9999.000,9999.000
202607190042,   5.148,   5.218,9999.000,9999.000,9999.000,9999.000,9999.000,9999.000,9999.000
202607190048,   5.331,   5.379,9999.000,9999.000,9999.000,9999.000,9999.000,9999.000,9999.000
202607190054,   5.515,   5.559,9999.000,9999.000,9999.000,9999.000,9999.000,9999.000,9999.000
202607190100,   5.698,   5.749,   0.400,  -0.349,   5.749,   0.300,   5.649,   0.400,   5.749
202607190106,   5.880,   5.959,9999.000,9999.000,9999.000,9999.000,9999.000,9999.000,9999.000
202607190112,   6.061,   6.149,9999.000,9999.000,9999.000,9999.000,9999.000,9999.000,9999.000
202607190118,   6.240,   6.359,9999.000,9999.000,9999.000,9999.000,9999.000,9999.000,9999.000
202607190124,   6.417,   6.556,9999.000,9999.000,9999.000,9999.000,9999.000,9999.000,9999.000
202607190130,   6.591,   6.756,9999.000,9999.000,9999.000,9999.000,9999.000,9999.000,9999.000
202607190136,   6.762,   6.917,9999.000,9999.000,9999.000,9999.000,9999.000,9999.000,9999.000
202607190142,   6.929,   7.078,9999.000,9999.000,9999.000,9999.000,9999.000,9999.000,9999.000
202607190148,   7.093,   7.229,9999.000,9999.000,9999.000,9999.000,9999.000,9999.000,9999.000
202607190154,   7.251,   7.357,9999.000,9999.000,9999.000,9999.000,9999.000,9999.000,9999.000
202607190200,   7.405,   7.488,   0.300,  -0.217,   7.488,   0.300,   7.488,   0.400,   7.588
202607190206,   7.553,   7.639,9999.000,9999.000,9999.000,9999.000,9999.000,9999.000,9999.000
202607190212,   7.695,   7.776,9999.000,9999.000,9999.000,9999.000,9999.000,9999.000,9999.000
202607190218,   7.832,   7.937,9999.000,9999.000,9999.000,9999.000,9999.000,9999.000,9999.000
202607190224,   7.961,   8.078,9999.000,9999.000,9999.000,9999.000,9999.000,9999.000,9999.000
202607190230,   8.084,   8.216,9999.000,9999.000,9999.000,9999.000,9999.000,9999.000,9999.000
202607190236,   8.199,   8.318,9999.000,9999.000,9999.000,9999.000,9999.000,9999.000,9999.000
202607190242,   8.307,   8.426,9999.000,9999.000,9999.000,9999.000,9999.000,9999.000,9999.000
202607190248,   8.408,   8.518,9999.000,9999.000,9999.000,9999.000,9999.000,9999.000,9999.000
202607190254,   8.501,   8.596,9999.000,9999.000,9999.000,9999.000,9999.000,9999.000,9999.000
202607190300,   8.585,   8.688,   0.400,  -0.297,   8.688,   0.300,   8.588,   0.400,   8.688
202607190306,   8.662,   8.757,9999.000,9999.000,9999.000,9999.000,9999.000,9999.000,9999.000
202607190312,   8.731,   8.826,9999.000,9999.000,9999.000,9999.000,9999.000,9999.000,9999.000
202607190318,   8.791,   8.888,9999.000,9999.000,9999.000,9999.000,9999.000,9999.000,9999.000
202607190324,   8.843,   8.937,9999.000,9999.000,9999.000,9999.000,9999.000,9999.000,9999.000
202607190330,   8.887,   8.977,9999.000,9999.000,9999.000,9999.000,9999.000,9999.000,9999.000
202607190336,   8.922,   9.016,9999.000,9999.000,9999.000,9999.000,9999.000,9999.000,9999.000
202607190342,   8.949,   9.046,9999.000,9999.000,9999.000,9999.000,9999.000,9999.000,9999.000
202607190348,   8.968,   9.079,9999.000,9999.000,9999.000,9999.000,9999.000,9999.000,9999.000
202607190354,   8.978,   9.108,9999.000,9999.000,9999.000,9999.000,9999.000,9999.000,9999.000
202607190400,   8.980,   9.138,   0.400,  -0.242,   9.138,   0.300,   9.038,   0.400,   9.138
202607190406,   8.974,   9.138,9999.000,9999.000,9999.000,9999.000,9999.000,9999.000,9999.000
202607190412,   8.959,   9.138,9999.000,9999.000,9999.000,9999.000,9999.000,9999.000,9999.000
202607190418,   8.937,   9.128,9999.000,9999.000,9999.000,9999.000,9999.000,9999.000,9999.000
202607190424,   8.906,   9.128,9999.000,9999.000,9999.000,9999.000,9999.000,9999.000,9999.000
202607190430,   8.868,   9.098,9999.000,9999.000,9999.000,9999.000,9999.000,9999.000,9999.000
202607190436,   8.821,   9.056,9999.000,9999.000,9999.000,9999.000,9999.000,9999.000,9999.000
202607190442,   8.767,   9.026,9999.000,9999.000,9999.000,9999.000,9999.000,9999.000,9999.000
202607190448,   8.705,   8.997,9999.000,9999.000,9999.000,9999.000,9999.000,9999.000,9999.000
202607190454,   8.636,   8.957,9999.000,9999.000,9999.000,9999.000,9999.000,9999.000,9999.000
202607190500,   8.560,   8.888,   0.400,  -0.072,   8.888,   0.400,   8.888,   0.400,   8.888
202607190506,   8.476,   8.796,9999.000,9999.000,9999.000,9999.000,9999.000,9999.000,9999.000
202607190512,   8.386,   8.708,9999.000,9999.000,9999.000,9999.000,9999.000,9999.000,9999.000
202607190518,   8.289,   8.596,9999.000,9999.000,9999.000,9999.000,9999.000,9999.000,9999.000
202607190524,   8.186,   8.468,9999.000,9999.000,9999.000,9999.000,9999.000,9999.000,9999.000
202607190530,   8.077,   8.357,9999.000,9999.000,9999.000,9999.000,9999.000,9999.000,9999.000
202607190536,   7.963,   8.249,9999.000,9999.000,9999.000,9999.000,9999.000,9999.000,9999.000
202607190542,   7.843,   8.137,9999.000,9999.000,9999.000,9999.000,9999.000,9999.000,9999.000
202607190548,   7.718,   8.016,9999.000,9999.000,9999.000,9999.000,9999.000,9999.000,9999.000
202607190554,   7.588,   7.908,9999.000,9999.000,9999.000,9999.000,9999.000,9999.000,9999.000
202607190600,   7.455,   7.776,   0.300,   0.021,   7.776,   0.300,   7.776,   0.400,   7.876
202607190606,   7.318,   7.629,9999.000,9999.000,9999.000,9999.000,9999.000,9999.000,9999.000
202607190612,   7.178,   7.468,9999.000,9999.000,9999.000,9999.000,9999.000,9999.000,9999.000
202607190618,   7.035,   7.317,9999.000,9999.000,9999.000,9999.000,9999.000,9999.000,9999.000
202607190624,   6.890,   7.156,9999.000,9999.000,9999.000,9999.000,9999.000,9999.000,9999.000
202607190630,   6.744,   6.999,9999.000,9999.000,9999.000,9999.000,9999.000,9999.000,9999.000
202607190636,   6.596,   6.848,9999.000,9999.000,9999.000,9999.000,9999.000,9999.000,9999.000
202607190642,   6.448,   6.687,9999.000,9999.000,9999.000,9999.000,9999.000,9999.000,9999.000
202607190648,   6.299,   6.537,9999.000,9999.000,9999.000,9999.000,9999.000,9999.000,9999.000
202607190654,   6.151,   6.389,9999.000,9999.000,9999.000,9999.000,9999.000,9999.000,9999.000
202607190700,   6.004,   6.238,   0.300,  -0.066,   6.238,   0.300,   6.238,   0.400,   6.338
202607190706,   5.858,   6.087,9999.000,9999.000,9999.000,9999.000,9999.000,9999.000,9999.000
202607190712,   5.714,   5.926,9999.000,9999.000,9999.000,9999.000,9999.000,9999.000,9999.000
202607190718,   5.572,   5.779,9999.000,9999.000,9999.000,9999.000,9999.000,9999.000,9999.000
202607190724,   5.433,   5.618,9999.000,9999.000,9999.000,9999.000,9999.000,9999.000,9999.000
202607190730,   5.296,   5.467,9999.000,9999.000,9999.000,9999.000,9999.000,9999.000,9999.000
202607190736,   5.163,   5.320,9999.000,9999.000,9999.000,9999.000,9999.000,9999.000,9999.000
202607190742,   5.034,   5.159,9999.000,9999.000,9999.000,9999.000,9999.000,9999.000,9999.000
202607190748,   4.909,   4.998,9999.000,9999.000,9999.000,9999.000,9999.000,9999.000,9999.000
202607190754,   4.788,   4.867,9999.000,9999.000,9999.000,9999.000,9999.000,9999.000,9999.000
202607190800,   4.672,   4.719,   0.300,  -0.253,   4.719,   0.300,   4.719,   0.300,   4.719
202607190806,   4.560,   4.588,9999.000,9999.000,9999.000,9999.000,9999.000,9999.000,9999.000
202607190812,   4.454,   4.467,9999.000,9999.000,9999.000,9999.000,9999.000,9999.000,9999.000
202607190818,   4.353,   4.378,9999.000,9999.000,9999.000,9999.000,9999.000,9999.000,9999.000
202607190824,   4.258,   4.280,9999.000,9999.000,9999.000,9999.000,9999.000,9999.000,9999.000
202607190830,   4.168,   4.178,9999.000,9999.000,9999.000,9999.000,9999.000,9999.000,9999.000
202607190836,   4.084,   4.109,9999.000,9999.000,9999.000,9999.000,9999.000,9999.000,9999.000
202607190842,   4.006,   4.037,9999.000,9999.000,9999.000,9999.000,9999.000,9999.000,9999.000
202607190848,   3.933,   3.958,9999.000,9999.000,9999.000,9999.000,9999.000,9999.000,9999.000
202607190854,   3.867,   3.890,9999.000,9999.000,9999.000,9999.000,9999.000,9999.000,9999.000
202607190900,   3.806,   3.837,   0.400,  -0.369,   3.837,   0.300,   3.737,   0.400,   3.837
202607190906,   3.752,   3.778,9999.000,9999.000,9999.000,9999.000,9999.000,9999.000,9999.000
202607190912,   3.703,   3.739,9999.000,9999.000,9999.000,9999.000,9999.000,9999.000,9999.000
202607190918,   3.660,   3.739,9999.000,9999.000,9999.000,9999.000,9999.000,9999.000,9999.000
202607190924,   3.623,   3.729,9999.000,9999.000,9999.000,9999.000,9999.000,9999.000,9999.000
202607190930,   3.591,   3.709,9999.000,9999.000,9999.000,9999.000,9999.000,9999.000,9999.000
202607190936,   3.565,   3.709,9999.000,9999.000,9999.000,9999.000,9999.000,9999.000,9999.000
202607190942,   3.544,   3.699,9999.000,9999.000,9999.000,9999.000,9999.000,9999.000,9999.000
202607190948,   3.528,   3.670,9999.000,9999.000,9999.000,9999.000,9999.000,9999.000,9999.000
202607190954,   3.517,   3.650,9999.000,9999.000,9999.000,9999.000,9999.000,9999.000,9999.000
202607191000,   3.511,   3.627,   0.300,  -0.184,   3.627,   0.300,   3.627,   0.400,   3.727
202607191006,   3.510,   3.617,9999.000,9999.000,9999.000,9999.000,9999.000,9999.000,9999.000
202607191012,   3.512,   3.617,9999.000,9999.000,9999.000,9999.000,9999.000,9999.000,9999.000
202607191018,   3.519,   3.637,9999.000,9999.000,9999.000,9999.000,9999.000,9999.000,9999.000
202607191024,   3.530,   3.637,9999.000,9999.000,9999.000,9999.000,9999.000,9999.000,9999.000
202607191030,   3.544,   3.670,9999.000,9999.000,9999.000,9999.000,9999.000,9999.000,9999.000
202607191036,   3.561,   3.689,9999.000,9999.000,9999.000,9999.000,9999.000,9999.000,9999.000
202607191042,   3.582,   3.699,9999.000,9999.000,9999.000,9999.000,9999.000,9999.000,9999.000
202607191048,   3.606,   3.709,9999.000,9999.000,9999.000,9999.000,9999.000,9999.000,9999.000
202607191054,   3.632,   3.749,9999.000,9999.000,9999.000,9999.000,9999.000,9999.000,9999.000
202607191100,   3.662,   3.778,   0.300,  -0.184,   3.778,   0.300,   3.778,   0.400,   3.878
202607191106,   3.693,   3.808,9999.000,9999.000,9999.000,9999.000,9999.000,9999.000,9999.000
202607191112,   3.727,   3.860,9999.000,9999.000,9999.000,9999.000,9999.000,9999.000,9999.000
202607191118,   3.764,   3.919,9999.000,9999.000,9999.000,9999.000,9999.000,9999.000,9999.000
202607191124,   3.802,   3.978,9999.000,9999.000,9999.000,9999.000,9999.000,9999.000,9999.000
202607191130,   3.843,   4.037,9999.000,9999.000,9999.000,9999.000,9999.000,9999.000,9999.000
202607191136,   3.885,   4.109,9999.000,9999.000,9999.000,9999.000,9999.000,9999.000,9999.000
202607191142,   3.930,   4.178,9999.000,9999.000,9999.000,9999.000,9999.000,9999.000,9999.000
202607191148,   3.976,   4.227,9999.000,9999.000,9999.000,9999.000,9999.000,9999.000,9999.000
202607191154,   4.024,   4.280,9999.000,9999.000,9999.000,9999.000,9999.000,9999.000,9999.000
202607191200,   4.075,   4.339,   0.200,   0.064,   4.339,   0.200,   4.339,   0.200,   4.339
202607191206,   4.127,   4.398,9999.000,9999.000,9999.000,9999.000,9999.000,9999.000,9999.000
202607191212,   4.181,   4.467,9999.000,9999.000,9999.000,9999.000,9999.000,9999.000,9999.000
202607191218,   4.237,   4.519,9999.000,9999.000,9999.000,9999.000,9999.000,9999.000,9999.000
202607191224,   4.294,   4.569,9999.000,9999.000,9999.000,9999.000,9999.000,9999.000,9999.000
202607191230,   4.353,   4.608,9999.000,9999.000,9999.000,9999.000,9999.000,9999.000,9999.000
202607191236,   4.414,   4.647,9999.000,9999.000,9999.000,9999.000,9999.000,9999.000,9999.000
202607191242,   4.477,   4.700,9999.000,9999.000,9999.000,9999.000,9999.000,9999.000,9999.000
202607191248,   4.541,   4.749,9999.000,9999.000,9999.000,9999.000,9999.000,9999.000,9999.000
202607191254,   4.606,   4.798,9999.000,9999.000,9999.000,9999.000,9999.000,9999.000,9999.000
202607191300,   4.672,   4.867,   0.200,  -0.005,   4.867,   0.200,   4.867,   0.200,   4.867
202607191306,   4.739,   4.949,9999.000,9999.000,9999.000,9999.000,9999.000,9999.000,9999.000
202607191312,   4.806,   5.018,9999.000,9999.000,9999.000,9999.000,9999.000,9999.000,9999.000
202607191318,   4.874,   5.097,9999.000,9999.000,9999.000,9999.000,9999.000,9999.000,9999.000
202607191324,   4.942,   5.169,9999.000,9999.000,9999.000,9999.000,9999.000,9999.000,9999.000
202607191330,   5.010,   5.218,9999.000,9999.000,9999.000,9999.000,9999.000,9999.000,9999.000
202607191336,   5.077,   5.267,9999.000,9999.000,9999.000,9999.000,9999.000,9999.000,9999.000
202607191342,   5.144,   5.329,9999.000,9999.000,9999.000,9999.000,9999.000,9999.000,9999.000
202607191348,   5.209,   5.379,9999.000,9999.000,9999.000,9999.000,9999.000,9999.000,9999.000
202607191354,   5.272,   5.448,9999.000,9999.000,9999.000,9999.000,9999.000,9999.000,9999.000
202607191400,   5.333,   5.516,   0.200,  -0.017,   5.516,   0.200,   5.516,   0.300,   5.616
202607191406,   5.392,   5.589,9999.000,9999.000,9999.000,9999.000,9999.000,9999.000,9999.000
202607191412,   5.448,   5.657,9999.000,9999.000,9999.000,9999.000,9999.000,9999.000,9999.000
202607191418,   5.501,   5.717,9999.000,9999.000,9999.000,9999.000,9999.000,9999.000,9999.000
202607191424,   5.550,   5.769,9999.000,9999.000,9999.000,9999.000,9999.000,9999.000,9999.000
202607191430,   5.596,   5.808,9999.000,9999.000,9999.000,9999.000,9999.000,9999.000,9999.000
202607191436,   5.638,   5.828,9999.000,9999.000,9999.000,9999.000,9999.000,9999.000,9999.000
202607191442,   5.675,   5.848,9999.000,9999.000,9999.000,9999.000,9999.000,9999.000,9999.000
202607191448,   5.708,   5.858,9999.000,9999.000,9999.000,9999.000,9999.000,9999.000,9999.000
202607191454,   5.736,   5.877,9999.000,9999.000,9999.000,9999.000,9999.000,9999.000,9999.000
202607191500,   5.759,   5.897,   0.200,  -0.062,   5.897,   0.200,   5.897,   0.300,   5.997
202607191506,   5.778,   5.926,9999.000,9999.000,9999.000,9999.000,9999.000,9999.000,9999.000
202607191512,   5.790,   5.949,9999.000,9999.000,9999.000,9999.000,9999.000,9999.000,9999.000
202607191518,   5.798,   5.979,9999.000,9999.000,9999.000,9999.000,9999.000,9999.000,9999.000
202607191524,   5.801,   5.989,9999.000,9999.000,9999.000,9999.000,9999.000,9999.000,9999.000
202607191530,   5.798,   5.989,9999.000,9999.000,9999.000,9999.000,9999.000,9999.000,9999.000
202607191536,   5.790,   5.999,9999.000,9999.000,9999.000,9999.000,9999.000,9999.000,9999.000
202607191542,   5.776,   5.989,9999.000,9999.000,9999.000,9999.000,9999.000,9999.000,9999.000
202607191548,   5.757,   5.959,9999.000,9999.000,9999.000,9999.000,9999.000,9999.000,9999.000
202607191554,   5.733,   5.917,9999.000,9999.000,9999.000,9999.000,9999.000,9999.000,9999.000
202607191600,   5.704,   5.877,   0.200,  -0.027,   5.877,   0.200,   5.877,   0.300,   5.977
202607191606,   5.670,   5.858,9999.000,9999.000,9999.000,9999.000,9999.000,9999.000,9999.000
202607191612,   5.630,   5.818,9999.000,9999.000,9999.000,9999.000,9999.000,9999.000,9999.000
202607191618,   5.586,   5.769,9999.000,9999.000,9999.000,9999.000,9999.000,9999.000,9999.000
202607191624,   5.537,   5.739,9999.000,9999.000,9999.000,9999.000,9999.000,9999.000,9999.000
202607191630,   5.482,   5.697,9999.000,9999.000,9999.000,9999.000,9999.000,9999.000,9999.000
202607191636,   5.424,   5.657,9999.000,9999.000,9999.000,9999.000,9999.000,9999.000,9999.000
202607191642,   5.360,   5.618,9999.000,9999.000,9999.000,9999.000,9999.000,9999.000,9999.000
202607191648,   5.292,   5.559,9999.000,9999.000,9999.000,9999.000,9999.000,9999.000,9999.000
202607191654,   5.220,   5.467,9999.000,9999.000,9999.000,9999.000,9999.000,9999.000,9999.000
202607191700,   5.143,   5.379,   0.200,   0.036,   5.379,   0.200,   5.379,   0.200,   5.379
202607191706,   5.063,   5.297,9999.000,9999.000,9999.000,9999.000,9999.000,9999.000,9999.000
202607191712,   4.978,   5.179,9999.000,9999.000,9999.000,9999.000,9999.000,9999.000,9999.000
202607191718,   4.889,   5.087,9999.000,9999.000,9999.000,9999.000,9999.000,9999.000,9999.000
202607191724,   4.797,   4.969,9999.000,9999.000,9999.000,9999.000,9999.000,9999.000,9999.000
202607191730,   4.701,   4.877,9999.000,9999.000,9999.000,9999.000,9999.000,9999.000,9999.000
202607191736,   4.601,   4.798,9999.000,9999.000,9999.000,9999.000,9999.000,9999.000,9999.000
202607191742,   4.499,   4.710,9999.000,9999.000,9999.000,9999.000,9999.000,9999.000,9999.000
202607191748,   4.393,   4.608,9999.000,9999.000,9999.000,9999.000,9999.000,9999.000,9999.000
202607191754,   4.285,   4.519,9999.000,9999.000,9999.000,9999.000,9999.000,9999.000,9999.000
202607191800,   4.174,   4.437,   0.200,   0.063,   4.437,   0.100,   4.337,   0.200,   4.437
202607191806,   4.062,   4.339,9999.000,9999.000,9999.000,9999.000,9999.000,9999.000,9999.000
202607191812,   3.947,   4.247,9999.000,9999.000,9999.000,9999.000,9999.000,9999.000,9999.000
202607191818,   3.831,   4.139,9999.000,9999.000,9999.000,9999.000,9999.000,9999.000,9999.000
202607191824,   3.715,   4.017,9999.000,9999.000,9999.000,9999.000,9999.000,9999.000,9999.000
202607191830,   3.597,   3.890,9999.000,9999.000,9999.000,9999.000,9999.000,9999.000,9999.000
202607191836,   3.479,   3.758,9999.000,9999.000,9999.000,9999.000,9999.000,9999.000,9999.000
202607191842,   3.361,   3.637,9999.000,9999.000,9999.000,9999.000,9999.000,9999.000,9999.000
202607191848,   3.244,   3.539,9999.000,9999.000,9999.000,9999.000,9999.000,9999.000,9999.000
202607191854,   3.127,   3.407,9999.000,9999.000,9999.000,9999.000,9999.000,9999.000,9999.000
202607191900,   3.012,   3.279,   0.200,   0.067,   3.279,   0.100,   3.179,   0.200,   3.279
202607191906,   2.899,   3.129,9999.000,9999.000,9999.000,9999.000,9999.000,9999.000,9999.000
202607191912,   2.788,   2.988,9999.000,9999.000,9999.000,9999.000,9999.000,9999.000,9999.000
202607191918,   2.679,   2.850,9999.000,9999.000,9999.000,9999.000,9999.000,9999.000,9999.000
202607191924,   2.573,   2.748,9999.000,9999.000,9999.000,9999.000,9999.000,9999.000,9999.000
202607191930,   2.471,   2.620,9999.000,9999.000,9999.000,9999.000,9999.000,9999.000,9999.000
202607191936,   2.373,   2.519,9999.000,9999.000,9999.000,9999.000,9999.000,9999.000,9999.000
202607191942,   2.278,   2.430,9999.000,9999.000,9999.000,9999.000,9999.000,9999.000,9999.000
202607191948,   2.189,   2.338,9999.000,9999.000,9999.000,9999.000,9999.000,9999.000,9999.000
202607191954,   2.103,   2.240,9999.000,9999.000,9999.000,9999.000,9999.000,9999.000,9999.000
202607192000,   2.023,   2.148,   0.200,  -0.075,   2.148,   0.200,   2.148,   0.200,   2.148
202607192006,   1.949,   2.069,9999.000,9999.000,9999.000,9999.000,9999.000,9999.000,9999.000
202607192012,   1.880,   1.990,9999.000,9999.000,9999.000,9999.000,9999.000,9999.000,9999.000
202607192018,   1.817,   1.918,9999.000,9999.000,9999.000,9999.000,9999.000,9999.000,9999.000
202607192024,   1.760,   1.840,9999.000,9999.000,9999.000,9999.000,9999.000,9999.000,9999.000
202607192030,   1.709,   1.810,9999.000,9999.000,9999.000,9999.000,9999.000,9999.000,9999.000
202607192036,   1.665,   1.767,9999.000,9999.000,9999.000,9999.000,9999.000,9999.000,9999.000
202607192042,   1.627,   1.738,9999.000,9999.000,9999.000,9999.000,9999.000,9999.000,9999.000
202607192048,   1.597,   1.708,9999.000,9999.000,9999.000,9999.000,9999.000,9999.000,9999.000
202607192054,   1.573,   1.679,9999.000,9999.000,9999.000,9999.000,9999.000,9999.000,9999.000
202607192100,   1.556,   1.669,   0.200,  -0.087,   1.669,   0.200,   1.669,   0.200,   1.669
202607192106,   1.546,   1.659,9999.000,9999.000,9999.000,9999.000,9999.000,9999.000,9999.000
202607192112,   1.543,   1.659,9999.000,9999.000,9999.000,9999.000,9999.000,9999.000,9999.000
202607192118,   1.547,   1.689,9999.000,9999.000,9999.000,9999.000,9999.000,9999.000,9999.000
202607192124,   1.558,   1.708,9999.000,9999.000,9999.000,9999.000,9999.000,9999.000,9999.000
202607192130,   1.576,   1.728,9999.000,9999.000,9999.000,9999.000,9999.000,9999.000,9999.000
202607192136,   1.600,   1.758,9999.000,9999.000,9999.000,9999.000,9999.000,9999.000,9999.000
202607192142,   1.632,   1.781,9999.000,9999.000,9999.000,9999.000,9999.000,9999.000,9999.000
202607192148,   1.670,   1.840,9999.000,9999.000,9999.000,9999.000,9999.000,9999.000,9999.000
202607192154,   1.715,   1.889,9999.000,9999.000,9999.000,9999.000,9999.000,9999.000,9999.000
202607192200,   1.767,   1.938,   0.200,  -0.029,   1.938,   0.200,   1.938,   0.200,   1.938
202607192206,   1.824,   2.010,9999.000,9999.000,9999.000,9999.000,9999.000,9999.000,9999.000
202607192212,   1.888,   2.079,9999.000,9999.000,9999.000,9999.000,9999.000,9999.000,9999.000
202607192218,   1.957,   2.191,9999.000,9999.000,9999.000,9999.000,9999.000,9999.000,9999.000
202607192224,   2.032,   2.259,9999.000,9999.000,9999.000,9999.000,9999.000,9999.000,9999.000
202607192230,   2.112,   2.338,9999.000,9999.000,9999.000,9999.000,9999.000,9999.000,9999.000
202607192236,   2.197,   2.440,9999.000,9999.000,9999.000,9999.000,9999.000,9999.000,9999.000
202607192242,   2.288,   2.528,9999.000,9999.000,9999.000,9999.000,9999.000,9999.000,9999.000
202607192248,   2.382,   2.620,9999.000,9999.000,9999.000,9999.000,9999.000,9999.000,9999.000
202607192254,   2.481,   2.719,9999.000,9999.000,9999.000,9999.000,9999.000,9999.000,9999.000
202607192300,   2.585,   2.820,   0.200,   0.035,   2.820,   0.200,   2.820,   0.200,   2.820
202607192306,   2.692,   2.919,9999.000,9999.000,9999.000,9999.000,9999.000,9999.000,9999.000
202607192312,   2.802,   3.040,9999.000,9999.000,9999.000,9999.000,9999.000,9999.000,9999.000
202607192318,   2.916,   3.138,9999.000,9999.000,9999.000,9999.000,9999.000,9999.000,9999.000
202607192324,   3.033,   3.250,9999.000,9999.000,9999.000,9999.000,9999.000,9999.000,9999.000
202607192330,   3.154,   3.368,9999.000,9999.000,9999.000,9999.000,9999.000,9999.000,9999.000
202607192336,   3.276,   3.480,9999.000,9999.000,9999.000,9999.000,9999.000,9999.000,9999.000
202607192342,   3.402,   3.588,9999.000,9999.000,9999.000,9999.000,9999.000,9999.000,9999.000
202607192348,   3.530,   3.709,9999.000,9999.000,9999.000,9999.000,9999.000,9999.000,9999.000
202607192354,   3.660,   3.827,9999.000,9999.000,9999.000,9999.000,9999.000,9999.000,9999.000
202607200000,   3.793,   3.958,   0.300,  -0.135,   3.958,   0.200,   3.858,   0.300,   3.958
202607200006,   3.928,   4.090,9999.000,9999.000,9999.000,9999.000,9999.000,9999.000,9999.000
202607200012,   4.065,   4.227,9999.000,9999.000,9999.000,9999.000,9999.000,9999.000,9999.000
202607200018,   4.203,   4.398,9999.000,9999.000,9999.000,9999.000,9999.000,9999.000,9999.000
202607200024,   4.344,   4.559,9999.000,9999.000,9999.000,9999.000,9999.000,9999.000,9999.000
202607200030,   4.487,   4.739,9999.000,9999.000,9999.000,9999.000,9999.000,9999.000,9999.000
202607200036,   4.631,   4.919,9999.000,9999.000,9999.000,9999.000,9999.000,9999.000,9999.000
202607200042,   4.776,   5.077,9999.000,9999.000,9999.000,9999.000,9999.000,9999.000,9999.000
202607200048,   4.924,   5.247,9999.000,9999.000,9999.000,9999.000,9999.000,9999.000,9999.000
202607200054,   5.072,   5.389,9999.000,9999.000,9999.000,9999.000,9999.000,9999.000,9999.000
202607200100,   5.222,   5.516,   0.300,  -0.006,   5.516,   0.200,   5.416,   0.300,   5.516
202607200106,   5.373,   5.648,9999.000,9999.000,9999.000,9999.000,9999.000,9999.000,9999.000
202607200112,   5.525,   5.779,9999.000,9999.000,9999.000,9999.000,9999.000,9999.000,9999.000
202607200118,   5.677,   5.907,9999.000,9999.000,9999.000,9999.000,9999.000,9999.000,9999.000
202607200124,   5.830,   6.038,9999.000,9999.000,9999.000,9999.000,9999.000,9999.000,9999.000
202607200130,   5.983,   6.179,9999.000,9999.000,9999.000,9999.000,9999.000,9999.000,9999.000
202607200136,   6.135,   6.297,9999.000,9999.000,9999.000,9999.000,9999.000,9999.000,9999.000
202607200142,   6.287,   6.448,9999.000,9999.000,9999.000,9999.000,9999.000,9999.000,9999.000
202607200148,   6.438,   6.599,9999.000,9999.000,9999.000,9999.000,9999.000,9999.000,9999.000
202607200154,   6.588,   6.737,9999.000,9999.000,9999.000,9999.000,9999.000,9999.000,9999.000
202607200200,   6.737,   6.887,   0.300,  -0.150,   6.887,   0.200,   6.787,   0.300,   6.887
202607200206,   6.883,   7.048,9999.000,9999.000,9999.000,9999.000,9999.000,9999.000,9999.000
202607200212,   7.026,   7.189,9999.000,9999.000,9999.000,9999.000,9999.000,9999.000,9999.000
202607200218,   7.167,   7.327,9999.000,9999.000,9999.000,9999.000,9999.000,9999.000,9999.000
202607200224,   7.304,   7.458,9999.000,9999.000,9999.000,9999.000,9999.000,9999.000,9999.000
202607200230,   7.437,   7.609,9999.000,9999.000,9999.000,9999.000,9999.000,9999.000,9999.000
202607200236,   7.566,   7.747,9999.000,9999.000,9999.000,9999.000,9999.000,9999.000,9999.000
202607200242,   7.690,   7.888,9999.000,9999.000,9999.000,9999.000,9999.000,9999.000,9999.000
202607200248,   7.810,   8.029,9999.000,9999.000,9999.000,9999.000,9999.000,9999.000,9999.000
202607200254,   7.923,   8.157,9999.000,9999.000,9999.000,9999.000,9999.000,9999.000,9999.000
202607200300,   8.031,   8.259,   0.300,  -0.072,   8.259,   0.300,   8.259,   0.300,   8.259
202607200306,   8.133,   8.337,9999.000,9999.000,9999.000,9999.000,9999.000,9999.000,9999.000
202607200312,   8.228,   8.426,9999.000,9999.000,9999.000,9999.000,9999.000,9999.000,9999.000
202607200318,   8.317,   8.508,9999.000,9999.000,9999.000,9999.000,9999.000,9999.000,9999.000
202607200324,   8.399,   8.587,9999.000,9999.000,9999.000,9999.000,9999.000,9999.000,9999.000
202607200330,   8.473,   8.688,9999.000,9999.000,9999.000,9999.000,9999.000,9999.000,9999.000
202607200336,   8.541,   8.777,9999.000,9999.000,9999.000,9999.000,9999.000,9999.000,9999.000
202607200342,   8.601,   8.869,9999.000,9999.000,9999.000,9999.000,9999.000,9999.000,9999.000
202607200348,   8.653,   8.947,9999.000,9999.000,9999.000,9999.000,9999.000,9999.000,9999.000
202607200354,   8.698,   8.987,9999.000,9999.000,9999.000,9999.000,9999.000,9999.000,9999.000
202607200400,   8.735,   9.006,   0.300,  -0.029,   9.006,   0.300,   9.006,   0.300,   9.006
202607200406,   8.764,   9.026,9999.000,9999.000,9999.000,9999.000,9999.000,9999.000,9999.000
202607200412,   8.786,   9.026,9999.000,9999.000,9999.000,9999.000,9999.000,9999.000,9999.000
202607200418,   8.800,   9.036,9999.000,9999.000,9999.000,9999.000,9999.000,9999.000,9999.000
202607200424,   8.807,   9.046,9999.000,9999.000,9999.000,9999.000,9999.000,9999.000,9999.000
202607200430,   8.806,   9.056,9999.000,9999.000,9999.000,9999.000,9999.000,9999.000,9999.000
202607200436,   8.797,   9.036,9999.000,9999.000,9999.000,9999.000,9999.000,9999.000,9999.000
202607200442,   8.781,   9.046,9999.000,9999.000,9999.000,9999.000,9999.000,9999.000,9999.000
202607200448,   8.757,   9.016,9999.000,9999.000,9999.000,9999.000,9999.000,9999.000,9999.000
202607200454,   8.726,   8.977,9999.000,9999.000,9999.000,9999.000,9999.000,9999.000,9999.000
202607200500,   8.688,   8.947,   0.300,  -0.041,   8.947,   0.300,   8.947,   0.300,   8.947
202607200506,   8.642,   8.908,9999.000,9999.000,9999.000,9999.000,9999.000,9999.000,9999.000
202607200512,   8.589,   8.859,9999.000,9999.000,9999.000,9999.000,9999.000,9999.000,9999.000
202607200518,   8.529,   8.787,9999.000,9999.000,9999.000,9999.000,9999.000,9999.000,9999.000
202607200524,   8.463,   8.718,9999.000,9999.000,9999.000,9999.000,9999.000,9999.000,9999.000
202607200530,   8.389,   8.649,9999.000,9999.000,9999.000,9999.000,9999.000,9999.000,9999.000
202607200536,   8.309,   8.567,9999.000,9999.000,9999.000,9999.000,9999.000,9999.000,9999.000
202607200542,   8.222,   8.498,9999.000,9999.000,9999.000,9999.000,9999.000,9999.000,9999.000
202607200548,   8.129,   8.406,9999.000,9999.000,9999.000,9999.000,9999.000,9999.000,9999.000
202607200554,   8.029,   8.337,9999.000,9999.000,9999.000,9999.000,9999.000,9999.000,9999.000
202607200600,   7.923,   8.259,   0.300,   0.036,   8.259,   0.300,   8.259,   0.300,   8.259
202607200606,   7.812,   8.157,9999.000,9999.000,9999.000,9999.000,9999.000,9999.000,9999.000
202607200612,   7.695,   8.049,9999.000,9999.000,9999.000,9999.000,9999.000,9999.000,9999.000
202607200618,   7.573,   7.917,9999.000,9999.000,9999.000,9999.000,9999.000,9999.000,9999.000
202607200624,   7.445,   7.776,9999.000,9999.000,9999.000,9999.000,9999.000,9999.000,9999.000
202607200630,   7.313,   7.639,9999.000,9999.000,9999.000,9999.000,9999.000,9999.000,9999.000
202607200636,   7.176,   7.498,9999.000,9999.000,9999.000,9999.000,9999.000,9999.000,9999.000
202607200642,   7.036,   7.337,9999.000,9999.000,9999.000,9999.000,9999.000,9999.000,9999.000
202607200648,   6.891,   7.176,9999.000,9999.000,9999.000,9999.000,9999.000,9999.000,9999.000
202607200654,   6.744,   7.019,9999.000,9999.000,9999.000,9999.000,9999.000,9999.000,9999.000
202607200700,   6.593,   6.848,   0.300,  -0.045,   6.848,   0.300,   6.848,   0.400,   6.948
202607200706,   6.440,   6.668,9999.000,9999.000,9999.000,9999.000,9999.000,9999.000,9999.000
202607200712,   6.285,   6.497,9999.000,9999.000,9999.000,9999.000,9999.000,9999.000,9999.000
202607200718,   6.129,   6.317,9999.000,9999.000,9999.000,9999.000,9999.000,9999.000,9999.000
202607200724,   5.971,   6.159,9999.000,9999.000,9999.000,9999.000,9999.000,9999.000,9999.000
202607200730,   5.813,   6.008,9999.000,9999.000,9999.000,9999.000,9999.000,9999.000,9999.000
202607200736,   5.655,   5.858,9999.000,9999.000,9999.000,9999.000,9999.000,9999.000,9999.000
202607200742,   5.497,   5.677,9999.000,9999.000,9999.000,9999.000,9999.000,9999.000,9999.000
202607200748,   5.340,   5.507,9999.000,9999.000,9999.000,9999.000,9999.000,9999.000,9999.000
202607200754,   5.184,   5.329,9999.000,9999.000,9999.000,9999.000,9999.000,9999.000,9999.000
202607200800,   5.029,   5.159,   0.300,  -0.170,   5.159,   0.300,   5.159,   0.300,   5.159
202607200806,   4.877,   4.998,9999.000,9999.000,9999.000,9999.000,9999.000,9999.000,9999.000
202607200812,   4.727,   4.857,9999.000,9999.000,9999.000,9999.000,9999.000,9999.000,9999.000
202607200818,   4.580,   4.719,9999.000,9999.000,9999.000,9999.000,9999.000,9999.000,9999.000
202607200824,   4.436,   4.578,9999.000,9999.000,9999.000,9999.000,9999.000,9999.000,9999.000
202607200830,   4.296,   4.427,9999.000,9999.000,9999.000,9999.000,9999.000,9999.000,9999.000
202607200836,   4.160,   4.267,9999.000,9999.000,9999.000,9999.000,9999.000,9999.000,9999.000
202607200842,   4.028,   4.099,9999.000,9999.000,9999.000,9999.000,9999.000,9999.000,9999.000
202607200848,   3.900,   3.929,9999.000,9999.000,9999.000,9999.000,9999.000,9999.000,9999.000
202607200854,   3.777,   3.768,9999.000,9999.000,9999.000,9999.000,9999.000,9999.000,9999.000
202607200900,   3.659,   3.617,   0.300,  -0.342,   3.617,   0.300,   3.617,   0.300,   3.617
202607200906,   3.546,   3.509,9999.000,9999.000,9999.000,9999.000,9999.000,9999.000,9999.000
202607200912,   3.439,   3.417,9999.000,9999.000,9999.000,9999.000,9999.000,9999.000,9999.000
202607200918,   3.337,   3.339,9999.000,9999.000,9999.000,9999.000,9999.000,9999.000,9999.000
202607200924,   3.240,   3.270,9999.000,9999.000,9999.000,9999.000,9999.000,9999.000,9999.000
202607200930,   3.150,   3.207,9999.000,9999.000,9999.000,9999.000,9999.000,9999.000,9999.000
202607200936,   3.066,   3.158,9999.000,9999.000,9999.000,9999.000,9999.000,9999.000,9999.000
202607200942,   2.987,   3.099,9999.000,9999.000,9999.000,9999.000,9999.000,9999.000,9999.000
202607200948,   2.915,   3.050,9999.000,9999.000,9999.000,9999.000,9999.000,9999.000,9999.000
202607200954,   2.848,   2.968,9999.000,9999.000,9999.000,9999.000,9999.000,9999.000,9999.000
202607201000,   2.788,   2.899,   0.300,  -0.189,   2.899,   0.300,   2.899,   0.300,   2.899
202607201006,   2.733,   2.830,9999.000,9999.000,9999.000,9999.000,9999.000,9999.000,9999.000
202607201012,   2.685,   2.768,9999.000,9999.000,9999.000,9999.000,9999.000,9999.000,9999.000
202607201018,   2.642,   2.719,9999.000,9999.000,9999.000,9999.000,9999.000,9999.000,9999.000
202607201024,   2.606,   2.699,9999.000,9999.000,9999.000,9999.000,9999.000,9999.000,9999.000
202607201030,   2.574,   2.689,9999.000,9999.000,9999.000,9999.000,9999.000,9999.000,9999.000
202607201036,   2.549,   2.699,9999.000,9999.000,9999.000,9999.000,9999.000,9999.000,9999.000
202607201042,   2.528,   2.699,9999.000,9999.000,9999.000,9999.000,9999.000,9999.000,9999.000
202607201048,   2.513,   2.699,9999.000,9999.000,9999.000,9999.000,9999.000,9999.000,9999.000
202607201054,   2.503,   2.689,9999.000,9999.000,9999.000,9999.000,9999.000,9999.000,9999.000
202607201100,   2.497,   2.669,   0.300,  -0.128,   2.669,   0.300,   2.669,   0.400,   2.769
202607201106,   2.496,   2.660,9999.000,9999.000,9999.000,9999.000,9999.000,9999.000,9999.000
202607201112,   2.500,   2.650,9999.000,9999.000,9999.000,9999.000,9999.000,9999.000,9999.000
202607201118,   2.507,   2.660,9999.000,9999.000,9999.000,9999.000,9999.000,9999.000,9999.000
202607201124,   2.519,   2.679,9999.000,9999.000,9999.000,9999.000,9999.000,9999.000,9999.000
202607201130,   2.534,   2.709,9999.000,9999.000,9999.000,9999.000,9999.000,9999.000,9999.000
202607201136,   2.552,   2.748,9999.000,9999.000,9999.000,9999.000,9999.000,9999.000,9999.000
202607201142,   2.574,   2.787,9999.000,9999.000,9999.000,9999.000,9999.000,9999.000,9999.000
202607201148,   2.600,   2.830,9999.000,9999.000,9999.000,9999.000,9999.000,9999.000,9999.000
202607201154,   2.628,   2.869,9999.000,9999.000,9999.000,9999.000,9999.000,9999.000,9999.000
202607201200,   2.659,   2.909,   0.300,  -0.050,   2.909,   0.200,   2.809,   0.300,   2.909
202607201206,   2.692,   2.938,9999.000,9999.000,9999.000,9999.000,9999.000,9999.000,9999.000
202607201212,   2.729,   2.968,9999.000,9999.000,9999.000,9999.000,9999.000,9999.000,9999.000
202607201218,   2.768,   3.007,9999.000,9999.000,9999.000,9999.000,9999.000,9999.000,9999.000
202607201224,   2.809,   3.050,9999.000,9999.000,9999.000,9999.000,9999.000,9999.000,9999.000
202607201230,   2.853,   3.109,9999.000,9999.000,9999.000,9999.000,9999.000,9999.000,9999.000
202607201236,   2.899,   3.158,9999.000,9999.000,9999.000,9999.000,9999.000,9999.000,9999.000
202607201242,   2.948,   3.217,9999.000,9999.000,9999.000,9999.000,9999.000,9999.000,9999.000
202607201248,   2.999,   3.289,9999.000,9999.000,9999.000,9999.000,9999.000,9999.000,9999.000
202607201254,   3.052,   3.348,9999.000,9999.000,9999.000,9999.000,9999.000,9999.000,9999.000
202607201300,   3.107,   3.407,   0.300,   0.000,   3.407,   0.300,   3.407,   0.300,   3.407
202607201306,   3.165,   3.450,9999.000,9999.000,9999.000,9999.000,9999.000,9999.000,9999.000
202607201312,   3.225,   3.519,9999.000,9999.000,9999.000,9999.000,9999.000,9999.000,9999.000
202607201318,   3.287,   3.578,9999.000,9999.000,9999.000,9999.000,9999.000,9999.000,9999.000
202607201324,   3.352,   3.637,9999.000,9999.000,9999.000,9999.000,9999.000,9999.000,9999.000
202607201330,   3.418,   3.680,9999.000,9999.000,9999.000,9999.000,9999.000,9999.000,9999.000
202607201336,   3.486,   3.729,9999.000,9999.000,9999.000,9999.000,9999.000,9999.000,9999.000
202607201342,   3.557,   3.768,9999.000,9999.000,9999.000,9999.000,9999.000,9999.000,9999.000
202607201348,   3.628,   3.817,9999.000,9999.000,9999.000,9999.000,9999.000,9999.000,9999.000
202607201354,   3.702,   3.890,9999.000,9999.000,9999.000,9999.000,9999.000,9999.000,9999.000
202607201400,   3.776,   3.978,   0.300,  -0.098,   3.978,   0.300,   3.978,   0.300,   3.978
202607201406,   3.852,   4.037,9999.000,9999.000,9999.000,9999.000,9999.000,9999.000,9999.000
202607201412,   3.928,   4.139,9999.000,9999.000,9999.000,9999.000,9999.000,9999.000,9999.000
202607201418,   4.005,   4.247,9999.000,9999.000,9999.000,9999.000,9999.000,9999.000,9999.000
202607201424,   4.082,   4.329,9999.000,9999.000,9999.000,9999.000,9999.000,9999.000,9999.000
202607201430,   4.159,   4.408,9999.000,9999.000,9999.000,9999.000,9999.000,9999.000,9999.000
202607201436,   4.235,   4.490,9999.000,9999.000,9999.000,9999.000,9999.000,9999.000,9999.000
202607201442,   4.311,   4.549,9999.000,9999.000,9999.000,9999.000,9999.000,9999.000,9999.000
202607201448,   4.386,   4.608,9999.000,9999.000,9999.000,9999.000,9999.000,9999.000,9999.000
202607201454,   4.459,   4.677,9999.000,9999.000,9999.000,9999.000,9999.000,9999.000,9999.000
202607201500,   4.531,   4.739,   0.300,  -0.092,   4.739,   0.300,   4.739,   0.300,   4.739
202607201506,   4.600,   4.798,9999.000,9999.000,9999.000,9999.000,9999.000,9999.000,9999.000
202607201512,   4.667,   4.867,9999.000,9999.000,9999.000,9999.000,9999.000,9999.000,9999.000
202607201518,   4.732,   4.939,9999.000,9999.000,9999.000,9999.000,9999.000,9999.000,9999.000
202607201524,   4.794,   4.998,9999.000,9999.000,9999.000,9999.000,9999.000,9999.000,9999.000
202607201530,   4.853,   5.067,9999.000,9999.000,9999.000,9999.000,9999.000,9999.000,9999.000
202607201536,   4.908,   5.110,9999.000,9999.000,9999.000,9999.000,9999.000,9999.000,9999.000
202607201542,   4.960,   5.179,9999.000,9999.000,9999.000,9999.000,9999.000,9999.000,9999.000
202607201548,   5.008,   5.238,9999.000,9999.000,9999.000,9999.000,9999.000,9999.000,9999.000
202607201554,   5.053,   5.277,9999.000,9999.000,9999.000,9999.000,9999.000,9999.000,9999.000
202607201600,   5.094,   5.297,   0.300,  -0.097,   5.297,   0.300,   5.297,   0.300,   5.297
202607201606,   5.130,   5.339,9999.000,9999.000,9999.000,9999.000,9999.000,9999.000,9999.000
202607201612,   5.163,   5.379,9999.000,9999.000,9999.000,9999.000,9999.000,9999.000,9999.000
202607201618,   5.192,   5.389,9999.000,9999.000,9999.000,9999.000,9999.000,9999.000,9999.000
202607201624,   5.217,   5.418,9999.000,9999.000,9999.000,9999.000,9999.000,9999.000,9999.000
202607201630,   5.239,   5.487,9999.000,9999.000,9999.000,9999.000,9999.000,9999.000,9999.000
202607201636,   5.256,   5.516,9999.000,9999.000,9999.000,9999.000,9999.000,9999.000,9999.000
202607201642,   5.269,   5.549,9999.000,9999.000,9999.000,9999.000,9999.000,9999.000,9999.000
202607201648,   5.278,   5.549,9999.000,9999.000,9999.000,9999.000,9999.000,9999.000,9999.000
202607201654,   5.284,   5.530,9999.000,9999.000,9999.000,9999.000,9999.000,9999.000,9999.000
202607201700,   5.286,   5.530,   0.300,  -0.056,   5.530,   0.300,   5.530,   0.300,   5.530
202607201706,   5.284,   5.487,9999.000,9999.000,9999.000,9999.000,9999.000,9999.000,9999.000
202607201712,   5.278,   5.477,9999.000,9999.000,9999.000,9999.000,9999.000,9999.000,9999.000
202607201718,   5.269,   5.477,9999.000,9999.000,9999.000,9999.000,9999.000,9999.000,9999.000
202607201724,   5.256,   5.497,9999.000,9999.000,9999.000,9999.000,9999.000,9999.000,9999.000
202607201730,   5.240,   5.507,9999.000,9999.000,9999.000,9999.000,9999.000,9999.000,9999.000
202607201736,   5.220,   5.539,9999.000,9999.000,9999.000,9999.000,9999.000,9999.000,9999.000
202607201742,   5.197,   5.539,9999.000,9999.000,9999.000,9999.000,9999.000,9999.000,9999.000
202607201748,   5.170,   5.507,9999.000,9999.000,9999.000,9999.000,9999.000,9999.000,9999.000
202607201754,   5.140,   5.487,9999.000,9999.000,9999.000,9999.000,9999.000,9999.000,9999.000
202607201800,   5.106,   5.467,   0.300,   0.061,   5.467,   0.300,   5.467,   0.300,   5.467
202607201806,   5.070,   5.418,9999.000,9999.000,9999.000,9999.000,9999.000,9999.000,9999.000
202607201812,   5.029,   5.379,9999.000,9999.000,9999.000,9999.000,9999.000,9999.000,9999.000
202607201818,   4.986,   5.320,9999.000,9999.000,9999.000,9999.000,9999.000,9999.000,9999.000
202607201824,   4.940,   5.267,9999.000,9999.000,9999.000,9999.000,9999.000,9999.000,9999.000
202607201830,   4.890,   5.208,9999.000,9999.000,9999.000,9999.000,9999.000,9999.000,9999.000
202607201836,   4.838,   5.159,9999.000,9999.000,9999.000,9999.000,9999.000,9999.000,9999.000
202607201842,   4.782,   5.120,9999.000,9999.000,9999.000,9999.000,9999.000,9999.000,9999.000
202607201848,   4.725,   5.057,9999.000,9999.000,9999.000,9999.000,9999.000,9999.000,9999.000
202607201854,   4.664,   5.008,9999.000,9999.000,9999.000,9999.000,9999.000,9999.000,9999.000
202607201900,   4.602,   4.949,   0.300,   0.047,   4.949,   0.200,   4.849,   0.300,   4.949
202607201906,   4.537,   4.887,9999.000,9999.000,9999.000,9999.000,9999.000,9999.000,9999.000
202607201912,   4.471,   4.818,9999.000,9999.000,9999.000,9999.000,9999.000,9999.000,9999.000
202607201918,   4.403,   4.739,9999.000,9999.000,9999.000,9999.000,9999.000,9999.000,9999.000
202607201924,   4.334,   4.667,9999.000,9999.000,9999.000,9999.000,9999.000,9999.000,9999.000
202607201930,   4.264,   4.588,9999.000,9999.000,9999.000,9999.000,9999.000,9999.000,9999.000
202607201936,   4.193,   4.539,9999.000,9999.000,9999.000,9999.000,9999.000,9999.000,9999.000
202607201942,   4.122,   4.480,9999.000,9999.000,9999.000,9999.000,9999.000,9999.000,9999.000
202607201948,   4.051,   4.408,9999.000,9999.000,9999.000,9999.000,9999.000,9999.000,9999.000
202607201954,   3.981,   4.339,9999.000,9999.000,9999.000,9999.000,9999.000,9999.000,9999.000
202607202000,   3.911,   4.267,   0.300,   0.056,   4.267,   0.300,   4.267,   0.300,   4.267
202607202006,   3.841,   4.198,9999.000,9999.000,9999.000,9999.000,9999.000,9999.000,9999.000
202607202012,   3.774,   4.159,9999.000,9999.000,9999.000,9999.000,9999.000,9999.000,9999.000
202607202018,   3.707,   4.099,9999.000,9999.000,9999.000,9999.000,9999.000,9999.000,9999.000
202607202024,   3.643,   4.037,9999.000,9999.000,9999.000,9999.000,9999.000,9999.000,9999.000
202607202030,   3.581,   3.988,9999.000,9999.000,9999.000,9999.000,9999.000,9999.000,9999.000
202607202036,   3.522,   3.929,9999.000,9999.000,9999.000,9999.000,9999.000,9999.000,9999.000
202607202042,   3.466,   3.870,9999.000,9999.000,9999.000,9999.000,9999.000,9999.000,9999.000
202607202048,   3.412,   3.798,9999.000,9999.000,9999.000,9999.000,9999.000,9999.000,9999.000
202607202054,   3.362,   3.739,9999.000,9999.000,9999.000,9999.000,9999.000,9999.000,9999.000
202607202100,   3.316,   3.670,   0.300,   0.054,   3.670,   0.300,   3.670,   0.300,   3.670
202607202106,   3.274,   3.637,9999.000,9999.000,9999.000,9999.000,9999.000,9999.000,9999.000
202607202112,   3.236,   3.588,9999.000,9999.000,9999.000,9999.000,9999.000,9999.000,9999.000
202607202118,   3.202,   3.548,9999.000,9999.000,9999.000,9999.000,9999.000,9999.000,9999.000
202607202124,   3.172,   3.509,9999.000,9999.000,9999.000,9999.000,9999.000,9999.000,9999.000
202607202130,   3.148,   3.480,9999.000,9999.000,9999.000,9999.000,9999.000,9999.000,9999.000
202607202136,   3.128,   3.450,9999.000,9999.000,9999.000,9999.000,9999.000,9999.000,9999.000
202607202142,   3.113,   3.427,9999.000,9999.000,9999.000,9999.000,9999.000,9999.000,9999.000
202607202148,   3.103,   3.417,9999.000,9999.000,9999.000,9999.000,9999.000,9999.000,9999.000
202607202154,   3.098,   3.417,9999.000,9999.000,9999.000,9999.000,9999.000,9999.000,9999.000
202607202200,   3.099,   3.427,   0.300,   0.028,   3.427,   0.200,   3.327,   0.300,   3.427
202607202206,   3.105,   3.470,9999.000,9999.000,9999.000,9999.000,9999.000,9999.000,9999.000
202607202212,   3.116,   3.529,9999.000,9999.000,9999.000,9999.000,9999.000,9999.000,9999.000
202607202218,   3.133,   3.588,9999.000,9999.000,9999.000,9999.000,9999.000,9999.000,9999.000
202607202224,   3.155,   3.650,9999.000,9999.000,9999.000,9999.000,9999.000,9999.000,9999.000
202607202230,   3.182,   3.709,9999.000,9999.000,9999.000,9999.000,9999.000,9999.000,9999.000
202607202236,   3.215,   3.749,9999.000,9999.000,9999.000,9999.000,9999.000,9999.000,9999.000
202607202242,   3.252,   3.798,9999.000,9999.000,9999.000,9999.000,9999.000,9999.000,9999.000
202607202248,   3.295,   3.837,9999.000,9999.000,9999.000,9999.000,9999.000,9999.000,9999.000
202607202254,   3.342,   3.890,9999.000,9999.000,9999.000,9999.000,9999.000,9999.000,9999.000
202607202300,   3.395,   3.919,   0.300,   0.224,   3.919,   0.300,   3.919,   0.300,   3.919
202607202306,   3.452,   3.978,9999.000,9999.000,9999.000,9999.000,9999.000,9999.000,9999.000
202607202312,   3.514,   4.037,9999.000,9999.000,9999.000,9999.000,9999.000,9999.000,9999.000
202607202318,   3.579,   4.090,9999.000,9999.000,9999.000,9999.000,9999.000,9999.000,9999.000
202607202324,   3.649,   4.168,9999.000,9999.000,9999.000,9999.000,9999.000,9999.000,9999.000
202607202330,   3.723,   4.218,9999.000,9999.000,9999.000,9999.000,9999.000,9999.000,9999.000
202607202336,   3.800,   4.290,9999.000,9999.000,9999.000,9999.000,9999.000,9999.000,9999.000
202607202342,   3.881,   4.359,9999.000,9999.000,9999.000,9999.000,9999.000,9999.000,9999.000
202607202348,   3.965,   4.418,9999.000,9999.000,9999.000,9999.000,9999.000,9999.000,9999.000
202607202354,   4.053,   4.480,9999.000,9999.000,9999.000,9999.000,9999.000,9999.000,9999.000
202607210000,   4.143,   4.578,   0.300,   0.135,   4.578,   0.300,   4.578,   0.300,   4.578
202607210006,   4.235,   4.667,9999.000,9999.000,9999.000,9999.000,9999.000,9999.000,9999.000
202607210012,   4.330,   4.769,9999.000,9999.000,9999.000,9999.000,9999.000,9999.000,9999.000
202607210018,   4.427,   4.887,9999.000,9999.000,9999.000,9999.000,9999.000,9999.000,9999.000
202607210024,   4.527,   5.008,9999.000,9999.000,9999.000,9999.000,9999.000,9999.000,9999.000
202607210030,   4.628,   5.139,9999.000,9999.000,9999.000,9999.000,9999.000,9999.000,9999.000
202607210036,   4.731,   5.228,9999.000,9999.000,9999.000,9999.000,9999.000,9999.000,9999.000
202607210042,   4.836,   5.359,9999.000,9999.000,9999.000,9999.000,9999.000,9999.000,9999.000
202607210048,   4.942,   5.457,9999.000,9999.000,9999.000,9999.000,9999.000,9999.000,9999.000
202607210054,   5.050,   5.569,9999.000,9999.000,9999.000,9999.000,9999.000,9999.000,9999.000
202607210100,   5.159,   5.657,   0.300,   0.198,   5.657,   0.300,   5.657,   0.300,   5.657
202607210106,   5.269,   5.749,9999.000,9999.000,9999.000,9999.000,9999.000,9999.000,9999.000
202607210112,   5.381,   5.858,9999.000,9999.000,9999.000,9999.000,9999.000,9999.000,9999.000
202607210118,   5.494,   5.969,9999.000,9999.000,9999.000,9999.000,9999.000,9999.000,9999.000
202607210124,   5.608,   6.077,9999.000,9999.000,9999.000,9999.000,9999.000,9999.000,9999.000
202607210130,   5.723,   6.189,9999.000,9999.000,9999.000,9999.000,9999.000,9999.000,9999.000
202607210136,   5.839,   6.297,9999.000,9999.000,9999.000,9999.000,9999.000,9999.000,9999.000
202607210142,   5.955,   6.409,9999.000,9999.000,9999.000,9999.000,9999.000,9999.000,9999.000
202607210148,   6.073,   6.527,9999.000,9999.000,9999.000,9999.000,9999.000,9999.000,9999.000
202607210154,   6.191,   6.658,9999.000,9999.000,9999.000,9999.000,9999.000,9999.000,9999.000
202607210200,   6.309,   6.756,   0.300,   0.147,   6.756,   0.300,   6.756,   0.300,   6.756
202607210206,   6.428,   6.868,9999.000,9999.000,9999.000,9999.000,9999.000,9999.000,9999.000
202607210212,   6.547,   6.989,9999.000,9999.000,9999.000,9999.000,9999.000,9999.000,9999.000
202607210218,   6.665,   7.088,9999.000,9999.000,9999.000,9999.000,9999.000,9999.000,9999.000
202607210224,   6.783,   7.189,9999.000,9999.000,9999.000,9999.000,9999.000,9999.000,9999.000
202607210230,   6.900,   7.297,9999.000,9999.000,9999.000,9999.000,9999.000,9999.000,9999.000
202607210236,   7.015,   7.419,9999.000,9999.000,9999.000,9999.000,9999.000,9999.000,9999.000
202607210242,   7.130,   7.527,9999.000,9999.000,9999.000,9999.000,9999.000,9999.000,9999.000
202607210248,   7.242,   7.648,9999.000,9999.000,9999.000,9999.000,9999.000,9999.000,9999.000
202607210254,   7.353,   7.767,9999.000,9999.000,9999.000,9999.000,9999.000,9999.000,9999.000
202607210300,   7.460,   7.868,   0.300,   0.108,   7.868,   0.300,   7.868,   0.300,   7.868
202607210306,   7.565,   7.976,9999.000,9999.000,9999.000,9999.000,9999.000,9999.000,9999.000
202607210312,   7.666,   8.098,9999.000,9999.000,9999.000,9999.000,9999.000,9999.000,9999.000
202607210318,   7.764,   8.186,9999.000,9999.000,9999.000,9999.000,9999.000,9999.000,9999.000
202607210324,   7.858,   8.278,9999.000,9999.000,9999.000,9999.000,9999.000,9999.000,9999.000
202607210330,   7.946,   8.357,9999.000,9999.000,9999.000,9999.000,9999.000,9999.000,9999.000
202607210336,   8.031,   8.426,9999.000,9999.000,9999.000,9999.000,9999.000,9999.000,9999.000
202607210342,   8.109,   8.498,9999.000,9999.000,9999.000,9999.000,9999.000,9999.000,9999.000
202607210348,   8.183,   8.567,9999.000,9999.000,9999.000,9999.000,9999.000,9999.000,9999.000
202607210354,   8.251,   8.626,9999.000,9999.000,9999.000,9999.000,9999.000,9999.000,9999.000
202607210400,   8.312,   8.698,   0.300,   0.086,   8.698,   0.300,   8.698,   0.300,   8.698
202607210406,   8.368,   8.767,9999.000,9999.000,9999.000,9999.000,9999.000,9999.000,9999.000
202607210412,   8.416,   8.816,9999.000,9999.000,9999.000,9999.000,9999.000,9999.000,9999.000
202607210418,   8.459,   8.859,9999.000,9999.000,9999.000,9999.000,9999.000,9999.000,9999.000
202607210424,   8.495,   8.888,9999.000,9999.000,9999.000,9999.000,9999.000,9999.000,9999.000
202607210430,   8.524,   8.918,9999.000,9999.000,9999.000,9999.000,9999.000,9999.000,9999.000
202607210436,   8.546,   8.928,9999.000,9999.000,9999.000,9999.000,9999.000,9999.000,9999.000
202607210442,   8.561,   8.957,9999.000,9999.000,9999.000,9999.000,9999.000,9999.000,9999.000
202607210448,   8.569,   8.957,9999.000,9999.000,9999.000,9999.000,9999.000,9999.000,9999.000
202607210454,   8.571,   8.957,9999.000,9999.000,9999.000,9999.000,9999.000,9999.000,9999.000
202607210500,   8.565,   8.937,   0.300,   0.072,   8.937,   0.300,   8.937,   0.300,   8.937
202607210506,   8.553,   8.908,9999.000,9999.000,9999.000,9999.000,9999.000,9999.000,9999.000
202607210512,   8.534,   8.869,9999.000,9999.000,9999.000,9999.000,9999.000,9999.000,9999.000
202607210518,   8.508,   8.806,9999.000,9999.000,9999.000,9999.000,9999.000,9999.000,9999.000
202607210524,   8.476,   8.777,9999.000,9999.000,9999.000,9999.000,9999.000,9999.000,9999.000
202607210530,   8.437,   8.728,9999.000,9999.000,9999.000,9999.000,9999.000,9999.000,9999.000
202607210536,   8.391,   8.698,9999.000,9999.000,9999.000,9999.000,9999.000,9999.000,9999.000
202607210542,   8.340,   8.678,9999.000,9999.000,9999.000,9999.000,9999.000,9999.000,9999.000
202607210548,   8.282,   8.626,9999.000,9999.000,9999.000,9999.000,9999.000,9999.000,9999.000
202607210554,   8.217,   8.567,9999.000,9999.000,9999.000,9999.000,9999.000,9999.000,9999.000
202607210600,   8.147,   8.567,   0.300,   0.120,   8.567,   0.300,   8.567,   0.300,   8.567
202607210606,   8.070,9999.000,9999.000,9999.000,9999.000,9999.000,9999.000,9999.000,9999.000
202607210612,   7.987,9999.000,9999.000,9999.000,9999.000,9999.000,9999.000,9999.000,9999.000
202607210618,   7.899,9999.000,9999.000,9999.000,9999.000,9999.000,9999.000,9999.000,9999.000
202607210624,   7.804,9999.000,9999.000,9999.000,9999.000,9999.000,9999.000,9999.000,9999.000
202607210630,   7.704,9999.000,9999.000,9999.000,9999.000,9999.000,9999.000,9999.000,9999.000
202607210636,   7.598,9999.000,9999.000,9999.000,9999.000,9999.000,9999.000,9999.000,9999.000
202607210642,   7.487,9999.000,9999.000,9999.000,9999.000,9999.000,9999.000,9999.000,9999.000
202607210648,   7.371,9999.000,9999.000,9999.000,9999.000,9999.000,9999.000,9999.000,9999.000
202607210654,   7.249,9999.000,9999.000,9999.000,9999.000,9999.000,9999.000,9999.000,9999.000
202607210700,   7.123,9999.000,   0.300,   0.101,   7.524,   0.300,   7.524,   0.300,   7.524
202607210706,   6.992,9999.000,9999.000,9999.000,9999.000,9999.000,9999.000,9999.000,9999.000
202607210712,   6.856,9999.000,9999.000,9999.000,9999.000,9999.000,9999.000,9999.000,9999.000
202607210718,   6.716,9999.000,9999.000,9999.000,9999.000,9999.000,9999.000,9999.000,9999.000
202607210724,   6.572,9999.000,9999.000,9999.000,9999.000,9999.000,9999.000,9999.000,9999.000
202607210730,   6.425,9999.000,9999.000,9999.000,9999.000,9999.000,9999.000,9999.000,9999.000
202607210736,   6.274,9999.000,9999.000,9999.000,9999.000,9999.000,9999.000,9999.000,9999.000
202607210742,   6.120,9999.000,9999.000,9999.000,9999.000,9999.000,9999.000,9999.000,9999.000
202607210748,   5.963,9999.000,9999.000,9999.000,9999.000,9999.000,9999.000,9999.000,9999.000
202607210754,   5.805,9999.000,9999.000,9999.000,9999.000,9999.000,9999.000,9999.000,9999.000
202607210800,   5.644,9999.000,   0.300,   0.082,   6.026,   0.300,   6.026,   0.300,   6.026
202607210806,   5.482,9999.000,9999.000,9999.000,9999.000,9999.000,9999.000,9999.000,9999.000
202607210812,   5.319,9999.000,9999.000,9999.000,9999.000,9999.000,9999.000,9999.000,9999.000
202607210818,   5.155,9999.000,9999.000,9999.000,9999.000,9999.000,9999.000,9999.000,9999.000
202607210824,   4.992,9999.000,9999.000,9999.000,9999.000,9999.000,9999.000,9999.000,9999.000
202607210830,   4.828,9999.000,9999.000,9999.000,9999.000,9999.000,9999.000,9999.000,9999.000
202607210836,   4.665,9999.000,9999.000,9999.000,9999.000,9999.000,9999.000,9999.000,9999.000
202607210842,   4.503,9999.000,9999.000,9999.000,9999.000,9999.000,9999.000,9999.000,9999.000
202607210848,   4.343,9999.000,9999.000,9999.000,9999.000,9999.000,9999.000,9999.000,9999.000
202607210854,   4.184,9999.000,9999.000,9999.000,9999.000,9999.000,9999.000,9999.000,9999.000
202607210900,   4.028,9999.000,   0.300,   0.063,   4.391,   0.300,   4.391,   0.300,   4.391
202607210906,   3.874,9999.000,9999.000,9999.000,9999.000,9999.000,9999.000,9999.000,9999.000
202607210912,   3.724,9999.000,9999.000,9999.000,9999.000,9999.000,9999.000,9999.000,9999.000
202607210918,   3.577,9999.000,9999.000,9999.000,9999.000,9999.000,9999.000,9999.000,9999.000
202607210924,   3.433,9999.000,9999.000,9999.000,9999.000,9999.000,9999.000,9999.000,9999.000
202607210930,   3.294,9999.000,9999.000,9999.000,9999.000,9999.000,9999.000,9999.000,9999.000
202607210936,   3.158,9999.000,9999.000,9999.000,9999.000,9999.000,9999.000,9999.000,9999.000
202607210942,   3.028,9999.000,9999.000,9999.000,9999.000,9999.000,9999.000,9999.000,9999.000
202607210948,   2.902,9999.000,9999.000,9999.000,9999.000,9999.000,9999.000,9999.000,9999.000
202607210954,   2.781,9999.000,9999.000,9999.000,9999.000,9999.000,9999.000,9999.000,9999.000
202607211000,   2.665,9999.000,   0.300,   0.044,   3.009,   0.200,   2.909,   0.300,   3.009
202607211006,   2.555,9999.000,9999.000,9999.000,9999.000,9999.000,9999.000,9999.000,9999.000
202607211012,   2.451,9999.000,9999.000,9999.000,9999.000,9999.000,9999.000,9999.000,9999.000
202607211018,   2.352,9999.000,9999.000,9999.000,9999.000,9999.000,9999.000,9999.000,9999.000
202607211024,   2.259,9999.000,9999.000,9999.000,9999.000,9999.000,9999.000,9999.000,9999.000
202607211030,   2.172,9999.000,9999.000,9999.000,9999.000,9999.000,9999.000,9999.000,9999.000
202607211036,   2.091,9999.000,9999.000,9999.000,9999.000,9999.000,9999.000,9999.000,9999.000
202607211042,   2.016,9999.000,9999.000,9999.000,9999.000,9999.000,9999.000,9999.000,9999.000
202607211048,   1.948,9999.000,9999.000,9999.000,9999.000,9999.000,9999.000,9999.000,9999.000
202607211054,   1.885,9999.000,9999.000,9999.000,9999.000,9999.000,9999.000,9999.000,9999.000
202607211100,   1.829,9999.000,   0.300,   0.025,   2.154,   0.300,   2.154,   0.300,   2.154
202607211106,   1.778,9999.000,9999.000,9999.000,9999.000,9999.000,9999.000,9999.000,9999.000
202607211112,   1.734,9999.000,9999.000,9999.000,9999.000,9999.000,9999.000,9999.000,9999.000
202607211118,   1.695,9999.000,9999.000,9999.000,9999.000,9999.000,9999.000,9999.000,9999.000
202607211124,   1.662,9999.000,9999.000,9999.000,9999.000,9999.000,9999.000,9999.000,9999.000
202607211130,   1.635,9999.000,9999.000,9999.000,9999.000,9999.000,9999.000,9999.000,9999.000
202607211136,   1.613,9999.000,9999.000,9999.000,9999.000,9999.000,9999.000,9999.000,9999.000
202607211142,   1.597,9999.000,9999.000,9999.000,9999.000,9999.000,9999.000,9999.000,9999.000
202607211148,   1.586,9999.000,9999.000,9999.000,9999.000,9999.000,9999.000,9999.000,9999.000
202607211154,   1.579,9999.000,9999.000,9999.000,9999.000,9999.000,9999.000,9999.000,9999.000
202607211200,   1.577,9999.000,   0.300,   0.006,   1.883,   0.300,   1.883,   0.300,   1.883
202607211206,   1.580,9999.000,9999.000,9999.000,9999.000,9999.000,9999.000,9999.000,9999.000
202607211212,   1.587,9999.000,9999.000,9999.000,9999.000,9999.000,9999.000,9999.000,9999.000
202607211218,   1.598,9999.000,9999.000,9999.000,9999.000,9999.000,9999.000,9999.000,9999.000
202607211224,   1.614,9999.000,9999.000,9999.000,9999.000,9999.000,9999.000,9999.000,9999.000
202607211230,   1.632,9999.000,9999.000,9999.000,9999.000,9999.000,9999.000,9999.000,9999.000
202607211236,   1.655,9999.000,9999.000,9999.000,9999.000,9999.000,9999.000,9999.000,9999.000
202607211242,   1.681,9999.000,9999.000,9999.000,9999.000,9999.000,9999.000,9999.000,9999.000
202607211248,   1.710,9999.000,9999.000,9999.000,9999.000,9999.000,9999.000,9999.000,9999.000
202607211254,   1.742,9999.000,9999.000,9999.000,9999.000,9999.000,9999.000,9999.000,9999.000
202607211300,   1.777,9999.000,   0.300,  -0.013,   2.064,   0.300,   2.064,   0.300,   2.064
202607211306,   1.816,9999.000,9999.000,9999.000,9999.000,9999.000,9999.000,9999.000,9999.000
202607211312,   1.857,9999.000,9999.000,9999.000,9999.000,9999.000,9999.000,9999.000,9999.000
202607211318,   1.901,9999.000,9999.000,9999.000,9999.000,9999.000,9999.000,9999.000,9999.000
202607211324,   1.947,9999.000,9999.000,9999.000,9999.000,9999.000,9999.000,9999.000,9999.000
202607211330,   1.997,9999.000,9999.000,9999.000,9999.000,9999.000,9999.000,9999.000,9999.000
202607211336,   2.049,9999.000,9999.000,9999.000,9999.000,9999.000,9999.000,9999.000,9999.000
202607211342,   2.104,9999.000,9999.000,9999.000,9999.000,9999.000,9999.000,9999.000,9999.000
202607211348,   2.162,9999.000,9999.000,9999.000,9999.000,9999.000,9999.000,9999.000,9999.000
202607211354,   2.222,9999.000,9999.000,9999.000,9999.000,9999.000,9999.000,9999.000,9999.000
202607211400,   2.285,9999.000,   0.300,  -0.033,   2.552,   0.200,   2.452,   0.300,   2.552
202607211406,   2.350,9999.000,9999.000,9999.000,9999.000,9999.000,9999.000,9999.000,9999.000
202607211412,   2.419,9999.000,9999.000,9999.000,9999.000,9999.000,9999.000,9999.000,9999.000
202607211418,   2.489,9999.000,9999.000,9999.000,9999.000,9999.000,9999.000,9999.000,9999.000
202607211424,   2.562,9999.000,9999.000,9999.000,9999.000,9999.000,9999.000,9999.000,9999.000
202607211430,   2.638,9999.000,9999.000,9999.000,9999.000,9999.000,9999.000,9999.000,9999.000
202607211436,   2.716,9999.000,9999.000,9999.000,9999.000,9999.000,9999.000,9999.000,9999.000
202607211442,   2.796,9999.000,9999.000,9999.000,9999.000,9999.000,9999.000,9999.000,9999.000
202607211448,   2.877,9999.000,9999.000,9999.000,9999.000,9999.000,9999.000,9999.000,9999.000
202607211454,   2.961,9999.000,9999.000,9999.000,9999.000,9999.000,9999.000,9999.000,9999.000
202607211500,   3.046,9999.000,   0.300,  -0.052,   3.294,   0.200,   3.194,   0.300,   3.294
202607211506,   3.132,9999.000,9999.000,9999.000,9999.000,9999.000,9999.000,9999.000,9999.000
202607211512,   3.220,9999.000,9999.000,9999.000,9999.000,9999.000,9999.000,9999.000,9999.000
202607211518,   3.308,9999.000,9999.000,9999.000,9999.000,9999.000,9999.000,9999.000,9999.000
202607211524,   3.397,9999.000,9999.000,9999.000,9999.000,9999.000,9999.000,9999.000,9999.000
202607211530,   3.485,9999.000,9999.000,9999.000,9999.000,9999.000,9999.000,9999.000,9999.000
202607211536,   3.574,9999.000,9999.000,9999.000,9999.000,9999.000,9999.000,9999.000,9999.000
202607211542,   3.663,9999.000,9999.000,9999.000,9999.000,9999.000,9999.000,9999.000,9999.000
202607211548,   3.750,9999.000,9999.000,9999.000,9999.000,9999.000,9999.000,9999.000,9999.000
202607211554,   3.837,9999.000,9999.000,9999.000,9999.000,9999.000,9999.000,9999.000,9999.000
202607211600,   3.923,9999.000,   0.300,  -0.071,   4.152,   0.300,   4.152,   0.300,   4.152
202607211606,   4.007,9999.000,9999.000,9999.000,9999.000,9999.000,9999.000,9999.000,9999.000
202607211612,   4.090,9999.000,9999.000,9999.000,9999.000,9999.000,9999.000,9999.000,9999.000
202607211618,   4.170,9999.000,9999.000,9999.000,9999.000,9999.000,9999.000,9999.000,9999.000
202607211624,   4.249,9999.000,9999.000,9999.000,9999.000,9999.000,9999.000,9999.000,9999.000
202607211630,   4.325,9999.000,9999.000,9999.000,9999.000,9999.000,9999.000,9999.000,9999.000
202607211636,   4.399,9999.000,9999.000,9999.000,9999.000,9999.000,9999.000,9999.000,9999.000
202607211642,   4.471,9999.000,9999.000,9999.000,9999.000,9999.000,9999.000,9999.000,9999.000
202607211648,   4.540,9999.000,9999.000,9999.000,9999.000,9999.000,9999.000,9999.000,9999.000
202607211654,   4.606,9999.000,9999.000,9999.000,9999.000,9999.000,9999.000,9999.000,9999.000
202607211700,   4.670,9999.000,   0.200,  -0.090,   4.780,   0.200,   4.780,   0.300,   4.880
202607211706,   4.731,9999.000,9999.000,9999.000,9999.000,9999.000,9999.000,9999.000,9999.000
202607211712,   4.789,9999.000,9999.000,9999.000,9999.000,9999.000,9999.000,9999.000,9999.000
202607211718,   4.844,9999.000,9999.000,9999.000,9999.000,9999.000,9999.000,9999.000,9999.000
202607211724,   4.897,9999.000,9999.000,9999.000,9999.000,9999.000,9999.000,9999.000,9999.000
202607211730,   4.947,9999.000,9999.000,9999.000,9999.000,9999.000,9999.000,9999.000,9999.000
202607211736,   4.995,9999.000,9999.000,9999.000,9999.000,9999.000,9999.000,9999.000,9999.000
202607211742,   5.040,9999.000,9999.000,9999.000,9999.000,9999.000,9999.000,9999.000,9999.000
202607211748,   5.082,9999.000,9999.000,9999.000,9999.000,9999.000,9999.000,9999.000,9999.000
202607211754,   5.122,9999.000,9999.000,9999.000,9999.000,9999.000,9999.000,9999.000,9999.000
202607211800,   5.159,9999.000,   0.200,  -0.109,   5.250,   0.200,   5.250,   0.300,   5.350
202607211806,   5.193,9999.000,9999.000,9999.000,9999.000,9999.000,9999.000,9999.000,9999.000
202607211812,   5.225,9999.000,9999.000,9999.000,9999.000,9999.000,9999.000,9999.000,9999.000
202607211818,   5.254,9999.000,9999.000,9999.000,9999.000,9999.000,9999.000,9999.000,9999.000
202607211824,   5.280,9999.000,9999.000,9999.000,9999.000,9999.000,9999.000,9999.000,9999.000
202607211830,   5.303,9999.000,9999.000,9999.000,9999.000,9999.000,9999.000,9999.000,9999.000
202607211836,   5.324,9999.000,9999.000,9999.000,9999.000,9999.000,9999.000,9999.000,9999.000
202607211842,   5.342,9999.000,9999.000,9999.000,9999.000,9999.000,9999.000,9999.000,9999.000
202607211848,   5.357,9999.000,9999.000,9999.000,9999.000,9999.000,9999.000,9999.000,9999.000
202607211854,   5.369,9999.000,9999.000,9999.000,9999.000,9999.000,9999.000,9999.000,9999.000
202607211900,   5.378,9999.000,   0.200,  -0.109,   5.469,   0.200,   5.469,   0.300,   5.569
202607211906,   5.384,9999.000,9999.000,9999.000,9999.000,9999.000,9999.000,9999.000,9999.000
202607211912,   5.386,9999.000,9999.000,9999.000,9999.000,9999.000,9999.000,9999.000,9999.000
202607211918,   5.386,9999.000,9999.000,9999.000,9999.000,9999.000,9999.000,9999.000,9999.000
202607211924,   5.383,9999.000,9999.000,9999.000,9999.000,9999.000,9999.000,9999.000,9999.000
202607211930,   5.377,9999.000,9999.000,9999.000,9999.000,9999.000,9999.000,9999.000,9999.000
202607211936,   5.367,9999.000,9999.000,9999.000,9999.000,9999.000,9999.000,9999.000,9999.000
202607211942,   5.355,9999.000,9999.000,9999.000,9999.000,9999.000,9999.000,9999.000,9999.000
202607211948,   5.340,9999.000,9999.000,9999.000,9999.000,9999.000,9999.000,9999.000,9999.000
202607211954,   5.322,9999.000,9999.000,9999.000,9999.000,9999.000,9999.000,9999.000,9999.000
202607212000,   5.302,9999.000,   0.300,  -0.109,   5.493,   0.200,   5.393,   0.300,   5.493
202607212006,   5.279,9999.000,9999.000,9999.000,9999.000,9999.000,9999.000,9999.000,9999.000
202607212012,   5.253,9999.000,9999.000,9999.000,9999.000,9999.000,9999.000,9999.000,9999.000
202607212018,   5.226,9999.000,9999.000,9999.000,9999.000,9999.000,9999.000,9999.000,9999.000
202607212024,   5.197,9999.000,9999.000,9999.000,9999.000,9999.000,9999.000,9999.000,9999.000
202607212030,   5.166,9999.000,9999.000,9999.000,9999.000,9999.000,9999.000,9999.000,9999.000
202607212036,   5.133,9999.000,9999.000,9999.000,9999.000,9999.000,9999.000,9999.000,9999.000
202607212042,   5.100,9999.000,9999.000,9999.000,9999.000,9999.000,9999.000,9999.000,9999.000
202607212048,   5.065,9999.000,9999.000,9999.000,9999.000,9999.000,9999.000,9999.000,9999.000
202607212054,   5.030,9999.000,9999.000,9999.000,9999.000,9999.000,9999.000,9999.000,9999.000
202607212100,   4.994,9999.000,   0.300,  -0.109,   5.185,   0.200,   5.085,   0.300,   5.185
202607212106,   4.958,9999.000,9999.000,9999.000,9999.000,9999.000,9999.000,9999.000,9999.000
202607212112,   4.923,9999.000,9999.000,9999.000,9999.000,9999.000,9999.000,9999.000,9999.000
202607212118,   4.888,9999.000,9999.000,9999.000,9999.000,9999.000,9999.000,9999.000,9999.000
202607212124,   4.853,9999.000,9999.000,9999.000,9999.000,9999.000,9999.000,9999.000,9999.000
202607212130,   4.820,9999.000,9999.000,9999.000,9999.000,9999.000,9999.000,9999.000,9999.000
202607212136,   4.787,9999.000,9999.000,9999.000,9999.000,9999.000,9999.000,9999.000,9999.000
202607212142,   4.756,9999.000,9999.000,9999.000,9999.000,9999.000,9999.000,9999.000,9999.000
202607212148,   4.727,9999.000,9999.000,9999.000,9999.000,9999.000,9999.000,9999.000,9999.000
202607212154,   4.700,9999.000,9999.000,9999.000,9999.000,9999.000,9999.000,9999.000,9999.000
202607212200,   4.675,9999.000,   0.200,  -0.109,   4.766,   0.200,   4.766,   0.300,   4.866
202607212206,   4.652,9999.000,9999.000,9999.000,9999.000,9999.000,9999.000,9999.000,9999.000
202607212212,   4.632,9999.000,9999.000,9999.000,9999.000,9999.000,9999.000,9999.000,9999.000
202607212218,   4.615,9999.000,9999.000,9999.000,9999.000,9999.000,9999.000,9999.000,9999.000
202607212224,   4.601,9999.000,9999.000,9999.000,9999.000,9999.000,9999.000,9999.000,9999.000
202607212230,   4.590,9999.000,9999.000,9999.000,9999.000,9999.000,9999.000,9999.000,9999.000
202607212236,   4.582,9999.000,9999.000,9999.000,9999.000,9999.000,9999.000,9999.000,9999.000
202607212242,   4.577,9999.000,9999.000,9999.000,9999.000,9999.000,9999.000,9999.000,9999.000
202607212248,   4.576,9999.000,9999.000,9999.000,9999.000,9999.000,9999.000,9999.000,9999.000
202607212254,   4.579,9999.000,9999.000,9999.000,9999.000,9999.000,9999.000,9999.000,9999.000
202607212300,   4.585,9999.000,   0.300,  -0.109,   4.776,   0.200,   4.676,   0.300,   4.776
202607212306,   4.596,9999.000,9999.000,9999.000,9999.000,9999.000,9999.000,9999.000,9999.000
202607212312,   4.610,9999.000,9999.000,9999.000,9999.000,9999.000,9999.000,9999.000,9999.000
202607212318,   4.627,9999.000,9999.000,9999.000,9999.000,9999.000,9999.000,9999.000,9999.000
202607212324,   4.649,9999.000,9999.000,9999.000,9999.000,9999.000,9999.000,9999.000,9999.000
202607212330,   4.674,9999.000,9999.000,9999.000,9999.000,9999.000,9999.000,9999.000,9999.000
202607212336,   4.704,9999.000,9999.000,9999.000,9999.000,9999.000,9999.000,9999.000,9999.000
202607212342,   4.737,9999.000,9999.000,9999.000,9999.000,9999.000,9999.000,9999.000,9999.000
202607212348,   4.773,9999.000,9999.000,9999.000,9999.000,9999.000,9999.000,9999.000,9999.000
202607212354,   4.813,9999.000,9999.000,9999.000,9999.000,9999.000,9999.000,9999.000,9999.000
202607220000,   4.857,9999.000,   0.300,  -0.109,   5.048,   0.200,   4.948,   0.300,   5.048
202607220006,   4.904,9999.000,9999.000,9999.000,9999.000,9999.000,9999.000,9999.000,9999.000
202607220012,   4.954,9999.000,9999.000,9999.000,9999.000,9999.000,9999.000,9999.000,9999.000
202607220018,   5.006,9999.000,9999.000,9999.000,9999.000,9999.000,9999.000,9999.000,9999.000
202607220024,   5.062,9999.000,9999.000,9999.000,9999.000,9999.000,9999.000,9999.000,9999.000
202607220030,   5.121,9999.000,9999.000,9999.000,9999.000,9999.000,9999.000,9999.000,9999.000
202607220036,   5.181,9999.000,9999.000,9999.000,9999.000,9999.000,9999.000,9999.000,9999.000
202607220042,   5.244,9999.000,9999.000,9999.000,9999.000,9999.000,9999.000,9999.000,9999.000
202607220048,   5.310,9999.000,9999.000,9999.000,9999.000,9999.000,9999.000,9999.000,9999.000
202607220054,   5.377,9999.000,9999.000,9999.000,9999.000,9999.000,9999.000,9999.000,9999.000
202607220100,   5.446,9999.000,   0.300,  -0.109,   5.637,   0.300,   5.637,   0.400,   5.737
202607220106,   5.516,9999.000,9999.000,9999.000,9999.000,9999.000,9999.000,9999.000,9999.000
202607220112,   5.588,9999.000,9999.000,9999.000,9999.000,9999.000,9999.000,9999.000,9999.000
202607220118,   5.661,9999.000,9999.000,9999.000,9999.000,9999.000,9999.000,9999.000,9999.000
202607220124,   5.736,9999.000,9999.000,9999.000,9999.000,9999.000,9999.000,9999.000,9999.000
202607220130,   5.812,9999.000,9999.000,9999.000,9999.000,9999.000,9999.000,9999.000,9999.000
202607220136,   5.889,9999.000,9999.000,9999.000,9999.000,9999.000,9999.000,9999.000,9999.000
202607220142,   5.966,9999.000,9999.000,9999.000,9999.000,9999.000,9999.000,9999.000,9999.000
202607220148,   6.045,9999.000,9999.000,9999.000,9999.000,9999.000,9999.000,9999.000,9999.000
202607220154,   6.125,9999.000,9999.000,9999.000,9999.000,9999.000,9999.000,9999.000,9999.000
202607220200,   6.205,9999.000,   0.300,  -0.109,   6.396,   0.300,   6.396,   0.300,   6.396
202607220206,   6.286,9999.000,9999.000,9999.000,9999.000,9999.000,9999.000,9999.000,9999.000
202607220212,   6.368,9999.000,9999.000,9999.000,9999.000,9999.000,9999.000,9999.000,9999.000
202607220218,   6.451,9999.000,9999.000,9999.000,9999.000,9999.000,9999.000,9999.000,9999.000
202607220224,   6.534,9999.000,9999.000,9999.000,9999.000,9999.000,9999.000,9999.000,9999.000
202607220230,   6.617,9999.000,9999.000,9999.000,9999.000,9999.000,9999.000,9999.000,9999.000
202607220236,   6.701,9999.000,9999.000,9999.000,9999.000,9999.000,9999.000,9999.000,9999.000
202607220242,   6.786,9999.000,9999.000,9999.000,9999.000,9999.000,9999.000,9999.000,9999.000
202607220248,   6.870,9999.000,9999.000,9999.000,9999.000,9999.000,9999.000,9999.000,9999.000
202607220254,   6.955,9999.000,9999.000,9999.000,9999.000,9999.000,9999.000,9999.000,9999.000
202607220300,   7.039,9999.000,   0.300,  -0.109,   7.230,   0.200,   7.130,   0.300,   7.230
202607220306,   7.123,9999.000,9999.000,9999.000,9999.000,9999.000,9999.000,9999.000,9999.000
202607220312,   7.206,9999.000,9999.000,9999.000,9999.000,9999.000,9999.000,9999.000,9999.000
202607220318,   7.289,9999.000,9999.000,9999.000,9999.000,9999.000,9999.000,9999.000,9999.000
202607220324,   7.370,9999.000,9999.000,9999.000,9999.000,9999.000,9999.000,9999.000,9999.000
202607220330,   7.451,9999.000,9999.000,9999.000,9999.000,9999.000,9999.000,9999.000,9999.000
202607220336,   7.529,9999.000,9999.000,9999.000,9999.000,9999.000,9999.000,9999.000,9999.000
202607220342,   7.605,9999.000,9999.000,9999.000,9999.000,9999.000,9999.000,9999.000,9999.000
202607220348,   7.679,9999.000,9999.000,9999.000,9999.000,9999.000,9999.000,9999.000,9999.000
202607220354,   7.750,9999.000,9999.000,9999.000,9999.000,9999.000,9999.000,9999.000,9999.000
202607220400,   7.819,9999.000,   0.300,  -0.109,   8.010,   0.300,   8.010,   0.300,   8.010
202607220406,   7.883,9999.000,9999.000,9999.000,9999.000,9999.000,9999.000,9999.000,9999.000
202607220412,   7.944,9999.000,9999.000,9999.000,9999.000,9999.000,9999.000,9999.000,9999.000
202607220418,   8.001,9999.000,9999.000,9999.000,9999.000,9999.000,9999.000,9999.000,9999.000
202607220424,   8.054,9999.000,9999.000,9999.000,9999.000,9999.000,9999.000,9999.000,9999.000
202607220430,   8.102,9999.000,9999.000,9999.000,9999.000,9999.000,9999.000,9999.000,9999.000
202607220436,   8.145,9999.000,9999.000,9999.000,9999.000,9999.000,9999.000,9999.000,9999.000
202607220442,   8.182,9999.000,9999.000,9999.000,9999.000,9999.000,9999.000,9999.000,9999.000
202607220448,   8.215,9999.000,9999.000,9999.000,9999.000,9999.000,9999.000,9999.000,9999.000
202607220454,   8.241,9999.000,9999.000,9999.000,9999.000,9999.000,9999.000,9999.000,9999.000
202607220500,   8.262,9999.000,   0.300,  -0.109,   8.453,   0.300,   8.453,   0.300,   8.453
202607220506,   8.278,9999.000,9999.000,9999.000,9999.000,9999.000,9999.000,9999.000,9999.000
202607220512,   8.287,9999.000,9999.000,9999.000,9999.000,9999.000,9999.000,9999.000,9999.000
202607220518,   8.290,9999.000,9999.000,9999.000,9999.000,9999.000,9999.000,9999.000,9999.000
202607220524,   8.287,9999.000,9999.000,9999.000,9999.000,9999.000,9999.000,9999.000,9999.000
202607220530,   8.278,9999.000,9999.000,9999.000,9999.000,9999.000,9999.000,9999.000,9999.000
202607220536,   8.263,9999.000,9999.000,9999.000,9999.000,9999.000,9999.000,9999.000,9999.000
202607220542,   8.242,9999.000,9999.000,9999.000,9999.000,9999.000,9999.000,9999.000,9999.000
202607220548,   8.215,9999.000,9999.000,9999.000,9999.000,9999.000,9999.000,9999.000,9999.000
202607220554,   8.183,9999.000,9999.000,9999.000,9999.000,9999.000,9999.000,9999.000,9999.000
202607220600,   8.144,9999.000,   0.300,  -0.109,   8.335,   0.300,   8.335,   0.300,   8.335
202607220606,   8.099,9999.000,9999.000,9999.000,9999.000,9999.000,9999.000,9999.000,9999.000
202607220612,   8.049,9999.000,9999.000,9999.000,9999.000,9999.000,9999.000,9999.000,9999.000
202607220618,   7.993,9999.000,9999.000,9999.000,9999.000,9999.000,9999.000,9999.000,9999.000
202607220624,   7.932,9999.000,9999.000,9999.000,9999.000,9999.000,9999.000,9999.000,9999.000
202607220630,   7.865,9999.000,9999.000,9999.000,9999.000,9999.000,9999.000,9999.000,9999.000
202607220636,   7.793,9999.000,9999.000,9999.000,9999.000,9999.000,9999.000,9999.000,9999.000
202607220642,   7.715,9999.000,9999.000,9999.000,9999.000,9999.000,9999.000,9999.000,9999.000
202607220648,   7.633,9999.000,9999.000,9999.000,9999.000,9999.000,9999.000,9999.000,9999.000
202607220654,   7.545,9999.000,9999.000,9999.000,9999.000,9999.000,9999.000,9999.000,9999.000
202607220700,   7.452,9999.000,   0.300,  -0.109,   7.643,   0.200,   7.543,   0.300,   7.643
202607220706,   7.353,9999.000,9999.000,9999.000,9999.000,9999.000,9999.000,9999.000,9999.000
202607220712,   7.250,9999.000,9999.000,9999.000,9999.000,9999.000,9999.000,9999.000,9999.000
202607220718,   7.142,9999.000,9999.000,9999.000,9999.000,9999.000,9999.000,9999.000,9999.000
202607220724,   7.030,9999.000,9999.000,9999.000,9999.000,9999.000,9999.000,9999.000,9999.000
202607220730,   6.912,9999.000,9999.000,9999.000,9999.000,9999.000,9999.000,9999.000,9999.000
202607220736,   6.790,9999.000,9999.000,9999.000,9999.000,9999.000,9999.000,9999.000,9999.000
202607220742,   6.663,9999.000,9999.000,9999.000,9999.000,9999.000,9999.000,9999.000,9999.000
202607220748,   6.533,9999.000,9999.000,9999.000,9999.000,9999.000,9999.000,9999.000,9999.000
202607220754,   6.397,9999.000,9999.000,9999.000,9999.000,9999.000,9999.000,9999.000,9999.000
202607220800,   6.258,9999.000,   0.300,  -0.109,   6.449,   0.300,   6.449,   0.300,   6.449
202607220806,   6.115,9999.000,9999.000,9999.000,9999.000,9999.000,9999.000,9999.000,9999.000
202607220812,   5.969,9999.000,9999.000,9999.000,9999.000,9999.000,9999.000,9999.000,9999.000
202607220818,   5.819,9999.000,9999.000,9999.000,9999.000,9999.000,9999.000,9999.000,9999.000
202607220824,   5.666,9999.000,9999.000,9999.000,9999.000,9999.000,9999.000,9999.000,9999.000
202607220830,   5.511,9999.000,9999.000,9999.000,9999.000,9999.000,9999.000,9999.000,9999.000
202607220836,   5.353,9999.000,9999.000,9999.000,9999.000,9999.000,9999.000,9999.000,9999.000
202607220842,   5.192,9999.000,9999.000,9999.000,9999.000,9999.000,9999.000,9999.000,9999.000
202607220848,   5.030,9999.000,9999.000,9999.000,9999.000,9999.000,9999.000,9999.000,9999.000
202607220854,   4.867,9999.000,9999.000,9999.000,9999.000,9999.000,9999.000,9999.000,9999.000
202607220900,   4.703,9999.000,   0.300,  -0.109,   4.894,   0.300,   4.894,   0.300,   4.894
202607220906,   4.537,9999.000,9999.000,9999.000,9999.000,9999.000,9999.000,9999.000,9999.000
202607220912,   4.372,9999.000,9999.000,9999.000,9999.000,9999.000,9999.000,9999.000,9999.000
202607220918,   4.207,9999.000,9999.000,9999.000,9999.000,9999.000,9999.000,9999.000,9999.000
202607220924,   4.042,9999.000,9999.000,9999.000,9999.000,9999.000,9999.000,9999.000,9999.000
202607220930,   3.878,9999.000,9999.000,9999.000,9999.000,9999.000,9999.000,9999.000,9999.000
202607220936,   3.716,9999.000,9999.000,9999.000,9999.000,9999.000,9999.000,9999.000,9999.000
202607220942,   3.555,9999.000,9999.000,9999.000,9999.000,9999.000,9999.000,9999.000,9999.000
202607220948,   3.396,9999.000,9999.000,9999.000,9999.000,9999.000,9999.000,9999.000,9999.000
202607220954,   3.239,9999.000,9999.000,9999.000,9999.000,9999.000,9999.000,9999.000,9999.000
202607221000,   3.086,9999.000,   0.300,  -0.109,   3.277,   0.300,   3.277,   0.300,   3.277
202607221006,   2.935,9999.000,9999.000,9999.000,9999.000,9999.000,9999.000,9999.000,9999.000
202607221012,   2.788,9999.000,9999.000,9999.000,9999.000,9999.000,9999.000,9999.000,9999.000
202607221018,   2.645,9999.000,9999.000,9999.000,9999.000,9999.000,9999.000,9999.000,9999.000
202607221024,   2.506,9999.000,9999.000,9999.000,9999.000,9999.000,9999.000,9999.000,9999.000
202607221030,   2.371,9999.000,9999.000,9999.000,9999.000,9999.000,9999.000,9999.000,9999.000
202607221036,   2.240,9999.000,9999.000,9999.000,9999.000,9999.000,9999.000,9999.000,9999.000
202607221042,   2.115,9999.000,9999.000,9999.000,9999.000,9999.000,9999.000,9999.000,9999.000
202607221048,   1.994,9999.000,9999.000,9999.000,9999.000,9999.000,9999.000,9999.000,9999.000
202607221054,   1.879,9999.000,9999.000,9999.000,9999.000,9999.000,9999.000,9999.000,9999.000
202607221100,   1.770,9999.000,   0.300,  -0.109,   1.961,   0.300,   1.961,   0.400,   2.061
202607221106,   1.666,9999.000,9999.000,9999.000,9999.000,9999.000,9999.000,9999.000,9999.000
202607221112,   1.567,9999.000,9999.000,9999.000,9999.000,9999.000,9999.000,9999.000,9999.000
202607221118,   1.475,9999.000,9999.000,9999.000,9999.000,9999.000,9999.000,9999.000,9999.000
202607221124,   1.389,9999.000,9999.000,9999.000,9999.000,9999.000,9999.000,9999.000,9999.000
202607221130,   1.309,9999.000,9999.000,9999.000,9999.000,9999.000,9999.000,9999.000,9999.000
202607221136,   1.235,9999.000,9999.000,9999.000,9999.000,9999.000,9999.000,9999.000,9999.000
202607221142,   1.167,9999.000,9999.000,9999.000,9999.000,9999.000,9999.000,9999.000,9999.000
202607221148,   1.105,9999.000,9999.000,9999.000,9999.000,9999.000,9999.000,9999.000,9999.000
202607221154,   1.050,9999.000,9999.000,9999.000,9999.000,9999.000,9999.000,9999.000,9999.000
202607221200,   1.000,9999.000,   0.400,  -0.109,   1.291,   0.300,   1.191,   0.400,   1.291
202607221206,   0.957,9999.000,9999.000,9999.000,9999.000,9999.000,9999.000,9999.000,9999.000
202607221212,   0.919,9999.000,9999.000,9999.000,9999.000,9999.000,9999.000,9999.000,9999.000
202607221218,   0.888,9999.000,9999.000,9999.000,9999.000,9999.000,9999.000,9999.000,9999.000
202607221224,   0.862,9999.000,9999.000,9999.000,9999.000,9999.000,9999.000,9999.000,9999.000
202607221230,   0.841,9999.000,9999.000,9999.000,9999.000,9999.000,9999.000,9999.000,9999.000
202607221236,   0.826,9999.000,9999.000,9999.000,9999.000,9999.000,9999.000,9999.000,9999.000
202607221242,   0.816,9999.000,9999.000,9999.000,9999.000,9999.000,9999.000,9999.000,9999.000
202607221248,   0.812,9999.000,9999.000,9999.000,9999.000,9999.000,9999.000,9999.000,9999.000
202607221254,   0.812,9999.000,9999.000,9999.000,9999.000,9999.000,9999.000,9999.000,9999.000
202607221300,   0.816,9999.000,   0.300,  -0.109,   1.007,   0.300,   1.007,   0.400,   1.107
202607221306,   0.826,9999.000,9999.000,9999.000,9999.000,9999.000,9999.000,9999.000,9999.000
202607221312,   0.839,9999.000,9999.000,9999.000,9999.000,9999.000,9999.000,9999.000,9999.000
202607221318,   0.857,9999.000,9999.000,9999.000,9999.000,9999.000,9999.000,9999.000,9999.000
202607221324,   0.878,9999.000,9999.000,9999.000,9999.000,9999.000,9999.000,9999.000,9999.000
202607221330,   0.903,9999.000,9999.000,9999.000,9999.000,9999.000,9999.000,9999.000,9999.000
202607221336,   0.932,9999.000,9999.000,9999.000,9999.000,9999.000,9999.000,9999.000,9999.000
202607221342,   0.965,9999.000,9999.000,9999.000,9999.000,9999.000,9999.000,9999.000,9999.000
202607221348,   1.000,9999.000,9999.000,9999.000,9999.000,9999.000,9999.000,9999.000,9999.000
202607221354,   1.039,9999.000,9999.000,9999.000,9999.000,9999.000,9999.000,9999.000,9999.000
202607221400,   1.082,9999.000,   0.300,  -0.109,   1.273,   0.300,   1.273,   0.400,   1.373
202607221406,   1.127,9999.000,9999.000,9999.000,9999.000,9999.000,9999.000,9999.000,9999.000
202607221412,   1.176,9999.000,9999.000,9999.000,9999.000,9999.000,9999.000,9999.000,9999.000
202607221418,   1.227,9999.000,9999.000,9999.000,9999.000,9999.000,9999.000,9999.000,9999.000
202607221424,   1.282,9999.000,9999.000,9999.000,9999.000,9999.000,9999.000,9999.000,9999.000
202607221430,   1.340,9999.000,9999.000,9999.000,9999.000,9999.000,9999.000,9999.000,9999.000
202607221436,   1.401,9999.000,9999.000,9999.000,9999.000,9999.000,9999.000,9999.000,9999.000
202607221442,   1.465,9999.000,9999.000,9999.000,9999.000,9999.000,9999.000,9999.000,9999.000
202607221448,   1.532,9999.000,9999.000,9999.000,9999.000,9999.000,9999.000,9999.000,9999.000
202607221454,   1.602,9999.000,9999.000,9999.000,9999.000,9999.000,9999.000,9999.000,9999.000
202607221500,   1.675,9999.000,   0.400,  -0.109,   1.966,   0.300,   1.866,   0.400,   1.966
202607221506,   1.751,9999.000,9999.000,9999.000,9999.000,9999.000,9999.000,9999.000,9999.000
202607221512,   1.831,9999.000,9999.000,9999.000,9999.000,9999.000,9999.000,9999.000,9999.000
202607221518,   1.913,9999.000,9999.000,9999.000,9999.000,9999.000,9999.000,9999.000,9999.000
202607221524,   1.997,9999.000,9999.000,9999.000,9999.000,9999.000,9999.000,9999.000,9999.000
202607221530,   2.085,9999.000,9999.000,9999.000,9999.000,9999.000,9999.000,9999.000,9999.000
202607221536,   2.175,9999.000,9999.000,9999.000,9999.000,9999.000,9999.000,9999.000,9999.000
202607221542,   2.267,9999.000,9999.000,9999.000,9999.000,9999.000,9999.000,9999.000,9999.000
202607221548,   2.362,9999.000,9999.000,9999.000,9999.000,9999.000,9999.000,9999.000,9999.000
202607221554,   2.459,9999.000,9999.000,9999.000,9999.000,9999.000,9999.000,9999.000,9999.000
202607221600,   2.557,9999.000,   0.400,  -0.109,   2.848,   0.400,   2.848,   0.500,   2.948
202607221606,   2.657,9999.000,9999.000,9999.000,9999.000,9999.000,9999.000,9999.000,9999.000
202607221612,   2.759,9999.000,9999.000,9999.000,9999.000,9999.000,9999.000,9999.000,9999.000
202607221618,   2.861,9999.000,9999.000,9999.000,9999.000,9999.000,9999.000,9999.000,9999.000
202607221624,   2.965,9999.000,9999.000,9999.000,9999.000,9999.000,9999.000,9999.000,9999.000
202607221630,   3.069,9999.000,9999.000,9999.000,9999.000,9999.000,9999.000,9999.000,9999.000
202607221636,   3.173,9999.000,9999.000,9999.000,9999.000,9999.000,9999.000,9999.000,9999.000
202607221642,   3.277,9999.000,9999.000,9999.000,9999.000,9999.000,9999.000,9999.000,9999.000
202607221648,   3.381,9999.000,9999.000,9999.000,9999.000,9999.000,9999.000,9999.000,9999.000
202607221654,   3.484,9999.000,9999.000,9999.000,9999.000,9999.000,9999.000,9999.000,9999.000
202607221700,   3.587,9999.000,   0.400,  -0.109,   3.878,   0.300,   3.778,   0.400,   3.878
202607221706,   3.689,9999.000,9999.000,9999.000,9999.000,9999.000,9999.000,9999.000,9999.000
202607221712,   3.790,9999.000,9999.000,9999.000,9999.000,9999.000,9999.000,9999.000,9999.000
202607221718,   3.890,9999.000,9999.000,9999.000,9999.000,9999.000,9999.000,9999.000,9999.000
202607221724,   3.989,9999.000,9999.000,9999.000,9999.000,9999.000,9999.000,9999.000,9999.000
202607221730,   4.086,9999.000,9999.000,9999.000,9999.000,9999.000,9999.000,9999.000,9999.000
202607221736,   4.181,9999.000,9999.000,9999.000,9999.000,9999.000,9999.000,9999.000,9999.000
202607221742,   4.275,9999.000,9999.000,9999.000,9999.000,9999.000,9999.000,9999.000,9999.000
202607221748,   4.368,9999.000,9999.000,9999.000,9999.000,9999.000,9999.000,9999.000,9999.000
202607221754,   4.459,9999.000,9999.000,9999.000,9999.000,9999.000,9999.000,9999.000,9999.000
202607221800,   4.548,9999.000,   0.400,  -0.109,   4.839,   0.300,   4.739,   0.400,   4.839
202607221806,   4.635,9999.000,9999.000,9999.000,9999.000,9999.000,9999.000,9999.000,9999.000
202607221812,   4.720,9999.000,9999.000,9999.000,9999.000,9999.000,9999.000,9999.000,9999.000
202607221818,   4.804,9999.000,9999.000,9999.000,9999.000,9999.000,9999.000,9999.000,9999.000
202607221824,   4.886,9999.000,9999.000,9999.000,9999.000,9999.000,9999.000,9999.000,9999.000
202607221830,   4.967,9999.000,9999.000,9999.000,9999.000,9999.000,9999.000,9999.000,9999.000
202607221836,   5.045,9999.000,9999.000,9999.000,9999.000,9999.000,9999.000,9999.000,9999.000
202607221842,   5.122,9999.000,9999.000,9999.000,9999.000,9999.000,9999.000,9999.000,9999.000
202607221848,   5.196,9999.000,9999.000,9999.000,9999.000,9999.000,9999.000,9999.000,9999.000
202607221854,   5.269,9999.000,9999.000,9999.000,9999.000,9999.000,9999.000,9999.000,9999.000
202607221900,   5.340,9999.000,   0.400,  -0.109,   5.631,   0.300,   5.531,   0.400,   5.631
202607221906,   5.408,9999.000,9999.000,9999.000,9999.000,9999.000,9999.000,9999.000,9999.000
202607221912,   5.475,9999.000,9999.000,9999.000,9999.000,9999.000,9999.000,9999.000,9999.000
202607221918,   5.539,9999.000,9999.000,9999.000,9999.000,9999.000,9999.000,9999.000,9999.000
202607221924,   5.601,9999.000,9999.000,9999.000,9999.000,9999.000,9999.000,9999.000,9999.000
202607221930,   5.660,9999.000,9999.000,9999.000,9999.000,9999.000,9999.000,9999.000,9999.000
202607221936,   5.716,9999.000,9999.000,9999.000,9999.000,9999.000,9999.000,9999.000,9999.000
202607221942,   5.770,9999.000,9999.000,9999.000,9999.000,9999.000,9999.000,9999.000,9999.000
202607221948,   5.820,9999.000,9999.000,9999.000,9999.000,9999.000,9999.000,9999.000,9999.000
202607221954,   5.868,9999.000,9999.000,9999.000,9999.000,9999.000,9999.000,9999.000,9999.000
202607222000,   5.912,9999.000,   0.400,  -0.109,   6.203,   0.400,   6.203,   0.500,   6.303
202607222006,   5.953,9999.000,9999.000,9999.000,9999.000,9999.000,9999.000,9999.000,9999.000
202607222012,   5.991,9999.000,9999.000,9999.000,9999.000,9999.000,9999.000,9999.000,9999.000
202607222018,   6.025,9999.000,9999.000,9999.000,9999.000,9999.000,9999.000,9999.000,9999.000
202607222024,   6.056,9999.000,9999.000,9999.000,9999.000,9999.000,9999.000,9999.000,9999.000
202607222030,   6.083,9999.000,9999.000,9999.000,9999.000,9999.000,9999.000,9999.000,9999.000
202607222036,   6.106,9999.000,9999.000,9999.000,9999.000,9999.000,9999.000,9999.000,9999.000
202607222042,   6.126,9999.000,9999.000,9999.000,9999.000,9999.000,9999.000,9999.000,9999.000
202607222048,   6.142,9999.000,9999.000,9999.000,9999.000,9999.000,9999.000,9999.000,9999.000
202607222054,   6.155,9999.000,9999.000,9999.000,9999.000,9999.000,9999.000,9999.000,9999.000
202607222100,   6.165,9999.000,   0.500,  -0.109,   6.556,   0.400,   6.456,   0.500,   6.556
202607222106,   6.171,9999.000,9999.000,9999.000,9999.000,9999.000,9999.000,9999.000,9999.000
202607222112,   6.174,9999.000,9999.000,9999.000,9999.000,9999.000,9999.000,9999.000,9999.000
202607222118,   6.174,9999.000,9999.000,9999.000,9999.000,9999.000,9999.000,9999.000,9999.000
202607222124,   6.171,9999.000,9999.000,9999.000,9999.000,9999.000,9999.000,9999.000,9999.000
202607222130,   6.165,9999.000,9999.000,9999.000,9999.000,9999.000,9999.000,9999.000,9999.000
202607222136,   6.157,9999.000,9999.000,9999.000,9999.000,9999.000,9999.000,9999.000,9999.000
202607222142,   6.147,9999.000,9999.000,9999.000,9999.000,9999.000,9999.000,9999.000,9999.000
202607222148,   6.135,9999.000,9999.000,9999.000,9999.000,9999.000,9999.000,9999.000,9999.000
202607222154,   6.121,9999.000,9999.000,9999.000,9999.000,9999.000,9999.000,9999.000,9999.000
202607222200,   6.105,9999.000,   0.400,  -0.109,   6.396,   0.400,   6.396,   0.500,   6.496
202607222206,   6.088,9999.000,9999.000,9999.000,9999.000,9999.000,9999.000,9999.000,9999.000
202607222212,   6.070,9999.000,9999.000,9999.000,9999.000,9999.000,9999.000,9999.000,9999.000
202607222218,   6.051,9999.000,9999.000,9999.000,9999.000,9999.000,9999.000,9999.000,9999.000
202607222224,   6.032,9999.000,9999.000,9999.000,9999.000,9999.000,9999.000,9999.000,9999.000
202607222230,   6.012,9999.000,9999.000,9999.000,9999.000,9999.000,9999.000,9999.000,9999.000
202607222236,   5.992,9999.000,9999.000,9999.000,9999.000,9999.000,9999.000,9999.000,9999.000
202607222242,   5.973,9999.000,9999.000,9999.000,9999.000,9999.000,9999.000,9999.000,9999.000
202607222248,   5.953,9999.000,9999.000,9999.000,9999.000,9999.000,9999.000,9999.000,9999.000
202607222254,   5.935,9999.000,9999.000,9999.000,9999.000,9999.000,9999.000,9999.000,9999.000
202607222300,   5.917,9999.000,   0.400,  -0.109,   6.208,   0.400,   6.208,   0.500,   6.308
202607222306,   5.900,9999.000,9999.000,9999.000,9999.000,9999.000,9999.000,9999.000,9999.000
202607222312,   5.885,9999.000,9999.000,9999.000,9999.000,9999.000,9999.000,9999.000,9999.000
202607222318,   5.871,9999.000,9999.000,9999.000,9999.000,9999.000,9999.000,9999.000,9999.000
202607222324,   5.859,9999.000,9999.000,9999.000,9999.000,9999.000,9999.000,9999.000,9999.000
202607222330,   5.849,9999.000,9999.000,9999.000,9999.000,9999.000,9999.000,9999.000,9999.000
202607222336,   5.841,9999.000,9999.000,9999.000,9999.000,9999.000,9999.000,9999.000,9999.000
202607222342,   5.834,9999.000,9999.000,9999.000,9999.000,9999.000,9999.000,9999.000,9999.000
202607222348,   5.831,9999.000,9999.000,9999.000,9999.000,9999.000,9999.000,9999.000,9999.000
202607222354,   5.829,9999.000,9999.000,9999.000,9999.000,9999.000,9999.000,9999.000,9999.000
202607230000,   5.830,9999.000,   0.400,  -0.109,   6.121,   0.400,   6.121,   0.500,   6.221
202607230006,   5.834,9999.000,9999.000,9999.000,9999.000,9999.000,9999.000,9999.000,9999.000
202607230012,   5.841,9999.000,9999.000,9999.000,9999.000,9999.000,9999.000,9999.000,9999.000
202607230018,   5.850,9999.000,9999.000,9999.000,9999.000,9999.000,9999.000,9999.000,9999.000
202607230024,   5.862,9999.000,9999.000,9999.000,9999.000,9999.000,9999.000,9999.000,9999.000
202607230030,   5.876,9999.000,9999.000,9999.000,9999.000,9999.000,9999.000,9999.000,9999.000
202607230036,   5.894,9999.000,9999.000,9999.000,9999.000,9999.000,9999.000,9999.000,9999.000
202607230042,   5.914,9999.000,9999.000,9999.000,9999.000,9999.000,9999.000,9999.000,9999.000
202607230048,   5.936,9999.000,9999.000,9999.000,9999.000,9999.000,9999.000,9999.000,9999.000
202607230054,   5.961,9999.000,9999.000,9999.000,9999.000,9999.000,9999.000,9999.000,9999.000
202607230100,   5.989,9999.000,   0.500,  -0.109,   6.380,   0.400,   6.280,   0.500,   6.380
202607230106,   6.018,9999.000,9999.000,9999.000,9999.000,9999.000,9999.000,9999.000,9999.000
202607230112,   6.050,9999.000,9999.000,9999.000,9999.000,9999.000,9999.000,9999.000,9999.000
202607230118,   6.084,9999.000,9999.000,9999.000,9999.000,9999.000,9999.000,9999.000,9999.000
202607230124,   6.120,9999.000,9999.000,9999.000,9999.000,9999.000,9999.000,9999.000,9999.000
202607230130,   6.158,9999.000,9999.000,9999.000,9999.000,9999.000,9999.000,9999.000,9999.000
202607230136,   6.197,9999.000,9999.000,9999.000,9999.000,9999.000,9999.000,9999.000,9999.000
202607230142,   6.238,9999.000,9999.000,9999.000,9999.000,9999.000,9999.000,9999.000,9999.000
202607230148,   6.280,9999.000,9999.000,9999.000,9999.000,9999.000,9999.000,9999.000,9999.000
202607230154,   6.324,9999.000,9999.000,9999.000,9999.000,9999.000,9999.000,9999.000,9999.000
202607230200,   6.369,9999.000,   0.500,  -0.109,   6.760,   0.400,   6.660,   0.600,   6.860
202607230206,   6.414,9999.000,9999.000,9999.000,9999.000,9999.000,9999.000,9999.000,9999.000
202607230212,   6.461,9999.000,9999.000,9999.000,9999.000,9999.000,9999.000,9999.000,9999.000
202607230218,   6.508,9999.000,9999.000,9999.000,9999.000,9999.000,9999.000,9999.000,9999.000
202607230224,   6.557,9999.000,9999.000,9999.000,9999.000,9999.000,9999.000,9999.000,9999.000
202607230230,   6.606,9999.000,9999.000,9999.000,9999.000,9999.000,9999.000,9999.000,9999.000
202607230236,   6.656,9999.000,9999.000,9999.000,9999.000,9999.000,9999.000,9999.000,9999.000
202607230242,   6.706,9999.000,9999.000,9999.000,9999.000,9999.000,9999.000,9999.000,9999.000
202607230248,   6.757,9999.000,9999.000,9999.000,9999.000,9999.000,9999.000,9999.000,9999.000
202607230254,   6.809,9999.000,9999.000,9999.000,9999.000,9999.000,9999.000,9999.000,9999.000
202607230300,   6.861,9999.000,   0.500,  -0.109,   7.252,   0.400,   7.152,   0.500,   7.252
202607230306,   6.914,9999.000,9999.000,9999.000,9999.000,9999.000,9999.000,9999.000,9999.000
202607230312,   6.967,9999.000,9999.000,9999.000,9999.000,9999.000,9999.000,9999.000,9999.000
202607230318,   7.021,9999.000,9999.000,9999.000,9999.000,9999.000,9999.000,9999.000,9999.000
202607230324,   7.075,9999.000,9999.000,9999.000,9999.000,9999.000,9999.000,9999.000,9999.000
202607230330,   7.129,9999.000,9999.000,9999.000,9999.000,9999.000,9999.000,9999.000,9999.000
202607230336,   7.184,9999.000,9999.000,9999.000,9999.000,9999.000,9999.000,9999.000,9999.000
202607230342,   7.239,9999.000,9999.000,9999.000,9999.000,9999.000,9999.000,9999.000,9999.000
202607230348,   7.293,9999.000,9999.000,9999.000,9999.000,9999.000,9999.000,9999.000,9999.000
202607230354,   7.348,9999.000,9999.000,9999.000,9999.000,9999.000,9999.000,9999.000,9999.000
202607230400,   7.402,9999.000,   0.500,  -0.109,   7.793,   0.400,   7.693,   0.500,   7.793
202607230406,   7.455,9999.000,9999.000,9999.000,9999.000,9999.000,9999.000,9999.000,9999.000
202607230412,   7.508,9999.000,9999.000,9999.000,9999.000,9999.000,9999.000,9999.000,9999.000
202607230418,   7.559,9999.000,9999.000,9999.000,9999.000,9999.000,9999.000,9999.000,9999.000
202607230424,   7.609,9999.000,9999.000,9999.000,9999.000,9999.000,9999.000,9999.000,9999.000
202607230430,   7.658,9999.000,9999.000,9999.000,9999.000,9999.000,9999.000,9999.000,9999.000
202607230436,   7.704,9999.000,9999.000,9999.000,9999.000,9999.000,9999.000,9999.000,9999.000
202607230442,   7.748,9999.000,9999.000,9999.000,9999.000,9999.000,9999.000,9999.000,9999.000
202607230448,   7.790,9999.000,9999.000,9999.000,9999.000,9999.000,9999.000,9999.000,9999.000
202607230454,   7.828,9999.000,9999.000,9999.000,9999.000,9999.000,9999.000,9999.000,9999.000
202607230500,   7.863,9999.000,   0.400,  -0.109,   8.154,   0.400,   8.154,   0.500,   8.254
202607230506,   7.895,9999.000,9999.000,9999.000,9999.000,9999.000,9999.000,9999.000,9999.000
202607230512,   7.923,9999.000,9999.000,9999.000,9999.000,9999.000,9999.000,9999.000,9999.000
202607230518,   7.947,9999.000,9999.000,9999.000,9999.000,9999.000,9999.000,9999.000,9999.000
202607230524,   7.967,9999.000,9999.000,9999.000,9999.000,9999.000,9999.000,9999.000,9999.000
202607230530,   7.982,9999.000,9999.000,9999.000,9999.000,9999.000,9999.000,9999.000,9999.000
202607230536,   7.992,9999.000,9999.000,9999.000,9999.000,9999.000,9999.000,9999.000,9999.000
202607230542,   7.998,9999.000,9999.000,9999.000,9999.000,9999.000,9999.000,9999.000,9999.000
202607230548,   7.998,9999.000,9999.000,9999.000,9999.000,9999.000,9999.000,9999.000,9999.000
202607230554,   7.994,9999.000,9999.000,9999.000,9999.000,9999.000,9999.000,9999.000,9999.000
202607230600,   7.984,9999.000,   0.500,  -0.109,   8.375,   0.400,   8.275,   0.500,   8.375
202607230606,   7.969,9999.000,9999.000,9999.000,9999.000,9999.000,9999.000,9999.000,9999.000
202607230612,   7.948,9999.000,9999.000,9999.000,9999.000,9999.000,9999.000,9999.000,9999.000
202607230618,   7.923,9999.000,9999.000,9999.000,9999.000,9999.000,9999.000,9999.000,9999.000
202607230624,   7.892,9999.000,9999.000,9999.000,9999.000,9999.000,9999.000,9999.000,9999.000
202607230630,   7.855,9999.000,9999.000,9999.000,9999.000,9999.000,9999.000,9999.000,9999.000
202607230636,   7.814,9999.000,9999.000,9999.000,9999.000,9999.000,9999.000,9999.000,9999.000
202607230642,   7.768,9999.000,9999.000,9999.000,9999.000,9999.000,9999.000,9999.000,9999.000
202607230648,   7.716,9999.000,9999.000,9999.000,9999.000,9999.000,9999.000,9999.000,9999.000
202607230654,   7.660,9999.000,9999.000,9999.000,9999.000,9999.000,9999.000,9999.000,9999.000
202607230700,   7.598,9999.000,   0.500,  -0.109,   7.989,   0.500,   7.989,   0.600,   8.089
202607230706,   7.532,9999.000,9999.000,9999.000,9999.000,9999.000,9999.000,9999.000,9999.000
202607230712,   7.461,9999.000,9999.000,9999.000,9999.000,9999.000,9999.000,9999.000,9999.000
202607230718,   7.386,9999.000,9999.000,9999.000,9999.000,9999.000,9999.000,9999.000,9999.000
202607230724,   7.306,9999.000,9999.000,9999.000,9999.000,9999.000,9999.000,9999.000,9999.000
202607230730,   7.221,9999.000,9999.000,9999.000,9999.000,9999.000,9999.000,9999.000,9999.000
202607230736,   7.132,9999.000,9999.000,9999.000,9999.000,9999.000,9999.000,9999.000,9999.000
202607230742,   7.038,9999.000,9999.000,9999.000,9999.000,9999.000,9999.000,9999.000,9999.000
202607230748,   6.940,9999.000,9999.000,9999.000,9999.000,9999.000,9999.000,9999.000,9999.000
202607230754,   6.838,9999.000,9999.000,9999.000,9999.000,9999.000,9999.000,9999.000,9999.000
202607230800,   6.731,9999.000,   0.500,  -0.109,   7.122,   0.500,   7.122,   0.500,   7.122
202607230806,   6.620,9999.000,9999.000,9999.000,9999.000,9999.000,9999.000,9999.000,9999.000
202607230812,   6.505,9999.000,9999.000,9999.000,9999.000,9999.000,9999.000,9999.000,9999.000
202607230818,   6.386,9999.000,9999.000,9999.000,9999.000,9999.000,9999.000,9999.000,9999.000
202607230824,   6.262,9999.000,9999.000,9999.000,9999.000,9999.000,9999.000,9999.000,9999.000
202607230830,   6.135,9999.000,9999.000,9999.000,9999.000,9999.000,9999.000,9999.000,9999.000
202607230836,   6.004,9999.000,9999.000,9999.000,9999.000,9999.000,9999.000,9999.000,9999.000
202607230842,   5.868,9999.000,9999.000,9999.000,9999.000,9999.000,9999.000,9999.000,9999.000
202607230848,   5.730,9999.000,9999.000,9999.000,9999.000,9999.000,9999.000,9999.000,9999.000
202607230854,   5.587,9999.000,9999.000,9999.000,9999.000,9999.000,9999.000,9999.000,9999.000
202607230900,   5.442,9999.000,   0.500,  -0.109,   5.833,   0.400,   5.733,   0.500,   5.833
202607230906,   5.293,9999.000,9999.000,9999.000,9999.000,9999.000,9999.000,9999.000,9999.000
202607230912,   5.141,9999.000,9999.000,9999.000,9999.000,9999.000,9999.000,9999.000,9999.000
202607230918,   4.986,9999.000,9999.000,9999.000,9999.000,9999.000,9999.000,9999.000,9999.000
202607230924,   4.830,9999.000,9999.000,9999.000,9999.000,9999.000,9999.000,9999.000,9999.000
202607230930,   4.671,9999.000,9999.000,9999.000,9999.000,9999.000,9999.000,9999.000,9999.000
202607230936,   4.510,9999.000,9999.000,9999.000,9999.000,9999.000,9999.000,9999.000,9999.000
202607230942,   4.348,9999.000,9999.000,9999.000,9999.000,9999.000,9999.000,9999.000,9999.000
202607230948,   4.184,9999.000,9999.000,9999.000,9999.000,9999.000,9999.000,9999.000,9999.000
202607230954,   4.020,9999.000,9999.000,9999.000,9999.000,9999.000,9999.000,9999.000,9999.000
202607231000,   3.855,9999.000,   0.400,  -0.109,   4.146,   0.400,   4.146,   0.500,   4.246
202607231006,   3.690,9999.000,9999.000,9999.000,9999.000,9999.000,9999.000,9999.000,9999.000
202607231012,   3.526,9999.000,9999.000,9999.000,9999.000,9999.000,9999.000,9999.000,9999.000
202607231018,   3.362,9999.000,9999.000,9999.000,9999.000,9999.000,9999.000,9999.000,9999.000
202607231024,   3.199,9999.000,9999.000,9999.000,9999.000,9999.000,9999.000,9999.000,9999.000
202607231030,   3.038,9999.000,9999.000,9999.000,9999.000,9999.000,9999.000,9999.000,9999.000
202607231036,   2.878,9999.000,9999.000,9999.000,9999.000,9999.000,9999.000,9999.000,9999.000
202607231042,   2.721,9999.000,9999.000,9999.000,9999.000,9999.000,9999.000,9999.000,9999.000
202607231048,   2.566,9999.000,9999.000,9999.000,9999.000,9999.000,9999.000,9999.000,9999.000
202607231054,   2.414,9999.000,9999.000,9999.000,9999.000,9999.000,9999.000,9999.000,9999.000
202607231100,   2.265,9999.000,   0.500,  -0.109,   2.656,   0.500,   2.656,   0.600,   2.756
202607231106,   2.120,9999.000,9999.000,9999.000,9999.000,9999.000,9999.000,9999.000,9999.000
202607231112,   1.978,9999.000,9999.000,9999.000,9999.000,9999.000,9999.000,9999.000,9999.000
202607231118,   1.841,9999.000,9999.000,9999.000,9999.000,9999.000,9999.000,9999.000,9999.000
202607231124,   1.708,9999.000,9999.000,9999.000,9999.000,9999.000,9999.000,9999.000,9999.000
202607231130,   1.579,9999.000,9999.000,9999.000,9999.000,9999.000,9999.000,9999.000,9999.000
202607231136,   1.456,9999.000,9999.000,9999.000,9999.000,9999.000,9999.000,9999.000,9999.000
202607231142,   1.338,9999.000,9999.000,9999.000,9999.000,9999.000,9999.000,9999.000,9999.000
202607231148,   1.225,9999.000,9999.000,9999.000,9999.000,9999.000,9999.000,9999.000,9999.000
202607231154,   1.117,9999.000,9999.000,9999.000,9999.000,9999.000,9999.000,9999.000,9999.000
202607231200,   1.015,9999.000,   0.500,  -0.109,   1.406,   0.500,   1.406,   0.600,   1.506
202607231206,   0.920,9999.000,9999.000,9999.000,9999.000,9999.000,9999.000,9999.000,9999.000
202607231212,   0.830,9999.000,9999.000,9999.000,9999.000,9999.000,9999.000,9999.000,9999.000
202607231218,   0.746,9999.000,9999.000,9999.000,9999.000,9999.000,9999.000,9999.000,9999.000
202607231224,   0.668,9999.000,9999.000,9999.000,9999.000,9999.000,9999.000,9999.000,9999.000
202607231230,   0.597,9999.000,9999.000,9999.000,9999.000,9999.000,9999.000,9999.000,9999.000
202607231236,   0.532,9999.000,9999.000,9999.000,9999.000,9999.000,9999.000,9999.000,9999.000
202607231242,   0.473,9999.000,9999.000,9999.000,9999.000,9999.000,9999.000,9999.000,9999.000
202607231248,   0.420,9999.000,9999.000,9999.000,9999.000,9999.000,9999.000,9999.000,9999.000
202607231254,   0.374,9999.000,9999.000,9999.000,9999.000,9999.000,9999.000,9999.000,9999.000
202607231300,   0.334,9999.000,   0.500,  -0.109,   0.725,   0.500,   0.725,   0.600,   0.825
202607231306,   0.300,9999.000,9999.000,9999.000,9999.000,9999.000,9999.000,9999.000,9999.000
202607231312,   0.272,9999.000,9999.000,9999.000,9999.000,9999.000,9999.000,9999.000,9999.000
202607231318,   0.249,9999.000,9999.000,9999.000,9999.000,9999.000,9999.000,9999.000,9999.000
202607231324,   0.233,9999.000,9999.000,9999.000,9999.000,9999.000,9999.000,9999.000,9999.000
202607231330,   0.221,9999.000,9999.000,9999.000,9999.000,9999.000,9999.000,9999.000,9999.000
202607231336,   0.216,9999.000,9999.000,9999.000,9999.000,9999.000,9999.000,9999.000,9999.000
202607231342,   0.215,9999.000,9999.000,9999.000,9999.000,9999.000,9999.000,9999.000,9999.000
202607231348,   0.219,9999.000,9999.000,9999.000,9999.000,9999.000,9999.000,9999.000,9999.000
202607231354,   0.229,9999.000,9999.000,9999.000,9999.000,9999.000,9999.000,9999.000,9999.000
202607231400,   0.242,9999.000,   0.500,  -0.109,   0.633,   0.400,   0.533,   0.500,   0.633
202607231406,   0.261,9999.000,9999.000,9999.000,9999.000,9999.000,9999.000,9999.000,9999.000
202607231412,   0.283,9999.000,9999.000,9999.000,9999.000,9999.000,9999.000,9999.000,9999.000
202607231418,   0.310,9999.000,9999.000,9999.000,9999.000,9999.000,9999.000,9999.000,9999.000
202607231424,   0.340,9999.000,9999.000,9999.000,9999.000,9999.000,9999.000,9999.000,9999.000
202607231430,   0.375,9999.000,9999.000,9999.000,9999.000,9999.000,9999.000,9999.000,9999.000
202607231436,   0.413,9999.000,9999.000,9999.000,9999.000,9999.000,9999.000,9999.000,9999.000
202607231442,   0.455,9999.000,9999.000,9999.000,9999.000,9999.000,9999.000,9999.000,9999.000
202607231448,   0.500,9999.000,9999.000,9999.000,9999.000,9999.000,9999.000,9999.000,9999.000
202607231454,   0.549,9999.000,9999.000,9999.000,9999.000,9999.000,9999.000,9999.000,9999.000
202607231500,   0.602,9999.000,   0.500,  -0.109,   0.993,   0.400,   0.893,   0.500,   0.993
202607231506,   0.658,9999.000,9999.000,9999.000,9999.000,9999.000,9999.000,9999.000,9999.000
202607231512,   0.717,9999.000,9999.000,9999.000,9999.000,9999.000,9999.000,9999.000,9999.000
202607231518,   0.780,9999.000,9999.000,9999.000,9999.000,9999.000,9999.000,9999.000,9999.000
202607231524,   0.846,9999.000,9999.000,9999.000,9999.000,9999.000,9999.000,9999.000,9999.000
202607231530,   0.915,9999.000,9999.000,9999.000,9999.000,9999.000,9999.000,9999.000,9999.000
202607231536,   0.988,9999.000,9999.000,9999.000,9999.000,9999.000,9999.000,9999.000,9999.000
202607231542,   1.065,9999.000,9999.000,9999.000,9999.000,9999.000,9999.000,9999.000,9999.000
202607231548,   1.145,9999.000,9999.000,9999.000,9999.000,9999.000,9999.000,9999.000,9999.000
202607231554,   1.228,9999.000,9999.000,9999.000,9999.000,9999.000,9999.000,9999.000,9999.000
202607231600,   1.315,9999.000,   0.600,  -0.109,   1.806,   0.500,   1.706,   0.600,   1.806
202607231606,   1.404,9999.000,9999.000,9999.000,9999.000,9999.000,9999.000,9999.000,9999.000
202607231612,   1.498,9999.000,9999.000,9999.000,9999.000,9999.000,9999.000,9999.000,9999.000
202607231618,   1.594,9999.000,9999.000,9999.000,9999.000,9999.000,9999.000,9999.000,9999.000
202607231624,   1.694,9999.000,9999.000,9999.000,9999.000,9999.000,9999.000,9999.000,9999.000
202607231630,   1.796,9999.000,9999.000,9999.000,9999.000,9999.000,9999.000,9999.000,9999.000
202607231636,   1.901,9999.000,9999.000,9999.000,9999.000,9999.000,9999.000,9999.000,9999.000
202607231642,   2.009,9999.000,9999.000,9999.000,9999.000,9999.000,9999.000,9999.000,9999.000
202607231648,   2.119,9999.000,9999.000,9999.000,9999.000,9999.000,9999.000,9999.000,9999.000
202607231654,   2.232,9999.000,9999.000,9999.000,9999.000,9999.000,9999.000,9999.000,9999.000
202607231700,   2.346,9999.000,   0.500,  -0.109,   2.737,   0.400,   2.637,   0.600,   2.837
202607231706,   2.462,9999.000,9999.000,9999.000,9999.000,9999.000,9999.000,9999.000,9999.000
202607231712,   2.580,9999.000,9999.000,9999.000,9999.000,9999.000,9999.000,9999.000,9999.000
202607231718,   2.699,9999.000,9999.000,9999.000,9999.000,9999.000,9999.000,9999.000,9999.000
202607231724,   2.819,9999.000,9999.000,9999.000,9999.000,9999.000,9999.000,9999.000,9999.000
202607231730,   2.940,9999.000,9999.000,9999.000,9999.000,9999.000,9999.000,9999.000,9999.000
202607231736,   3.061,9999.000,9999.000,9999.000,9999.000,9999.000,9999.000,9999.000,9999.000
202607231742,   3.183,9999.000,9999.000,9999.000,9999.000,9999.000,9999.000,9999.000,9999.000
202607231748,   3.305,9999.000,9999.000,9999.000,9999.000,9999.000,9999.000,9999.000,9999.000
202607231754,   3.426,9999.000,9999.000,9999.000,9999.000,9999.000,9999.000,9999.000,9999.000
202607231800,   3.548,9999.000,   0.500,  -0.109,   3.939,   0.400,   3.839,   0.600,   4.039
202607231806,   3.669,9999.000,9999.000,9999.000,9999.000,9999.000,9999.000,9999.000,9999.000
202607231812,   3.789,9999.000,9999.000,9999.000,9999.000,9999.000,9999.000,9999.000,9999.000
202607231818,   3.909,9999.000,9999.000,9999.000,9999.000,9999.000,9999.000,9999.000,9999.000
202607231824,   4.028,9999.000,9999.000,9999.000,9999.000,9999.000,9999.000,9999.000,9999.000
202607231830,   4.146,9999.000,9999.000,9999.000,9999.000,9999.000,9999.000,9999.000,9999.000
202607231836,   4.263,9999.000,9999.000,9999.000,9999.000,9999.000,9999.000,9999.000,9999.000
202607231842,   4.380,9999.000,9999.000,9999.000,9999.000,9999.000,9999.000,9999.000,9999.000
202607231848,   4.495,9999.000,9999.000,9999.000,9999.000,9999.000,9999.000,9999.000,9999.000
202607231854,   4.609,9999.000,9999.000,9999.000,9999.000,9999.000,9999.000,9999.000,9999.000
202607231900,   4.722,9999.000,   0.500,  -0.109,   5.113,   0.400,   5.013,   0.500,   5.113
202607231906,   4.834,9999.000,9999.000,9999.000,9999.000,9999.000,9999.000,9999.000,9999.000
202607231912,   4.944,9999.000,9999.000,9999.000,9999.000,9999.000,9999.000,9999.000,9999.000
202607231918,   5.053,9999.000,9999.000,9999.000,9999.000,9999.000,9999.000,9999.000,9999.000
202607231924,   5.161,9999.000,9999.000,9999.000,9999.000,9999.000,9999.000,9999.000,9999.000
202607231930,   5.268,9999.000,9999.000,9999.000,9999.000,9999.000,9999.000,9999.000,9999.000
202607231936,   5.373,9999.000,9999.000,9999.000,9999.000,9999.000,9999.000,9999.000,9999.000
202607231942,   5.476,9999.000,9999.000,9999.000,9999.000,9999.000,9999.000,9999.000,9999.000
202607231948,   5.578,9999.000,9999.000,9999.000,9999.000,9999.000,9999.000,9999.000,9999.000
202607231954,   5.678,9999.000,9999.000,9999.000,9999.000,9999.000,9999.000,9999.000,9999.000
202607232000,   5.776,9999.000,   0.500,  -0.109,   6.167,   0.400,   6.067,   0.600,   6.267
202607232006,   5.871,9999.000,9999.000,9999.000,9999.000,9999.000,9999.000,9999.000,9999.000
202607232012,   5.965,9999.000,9999.000,9999.000,9999.000,9999.000,9999.000,9999.000,9999.000
202607232018,   6.056,9999.000,9999.000,9999.000,9999.000,9999.000,9999.000,9999.000,9999.000
202607232024,   6.144,9999.000,9999.000,9999.000,9999.000,9999.000,9999.000,9999.000,9999.000
202607232030,   6.229,9999.000,9999.000,9999.000,9999.000,9999.000,9999.000,9999.000,9999.000
202607232036,   6.311,9999.000,9999.000,9999.000,9999.000,9999.000,9999.000,9999.000,9999.000
202607232042,   6.389,9999.000,9999.000,9999.000,9999.000,9999.000,9999.000,9999.000,9999.000
202607232048,   6.464,9999.000,9999.000,9999.000,9999.000,9999.000,9999.000,9999.000,9999.000
202607232054,   6.536,9999.000,9999.000,9999.000,9999.000,9999.000,9999.000,9999.000,9999.000
202607232100,   6.603,9999.000,   0.600,  -0.109,   7.094,   0.500,   6.994,   0.600,   7.094
202607232106,   6.666,9999.000,9999.000,9999.000,9999.000,9999.000,9999.000,9999.000,9999.000
202607232112,   6.726,9999.000,9999.000,9999.000,9999.000,9999.000,9999.000,9999.000,9999.000
202607232118,   6.780,9999.000,9999.000,9999.000,9999.000,9999.000,9999.000,9999.000,9999.000
202607232124,   6.831,9999.000,9999.000,9999.000,9999.000,9999.000,9999.000,9999.000,9999.000
202607232130,   6.877,9999.000,9999.000,9999.000,9999.000,9999.000,9999.000,9999.000,9999.000
202607232136,   6.919,9999.000,9999.000,9999.000,9999.000,9999.000,9999.000,9999.000,9999.000
202607232142,   6.956,9999.000,9999.000,9999.000,9999.000,9999.000,9999.000,9999.000,9999.000
202607232148,   6.988,9999.000,9999.000,9999.000,9999.000,9999.000,9999.000,9999.000,9999.000
202607232154,   7.016,9999.000,9999.000,9999.000,9999.000,9999.000,9999.000,9999.000,9999.000
202607232200,   7.040,9999.000,   0.500,  -0.109,   7.431,   0.400,   7.331,   0.600,   7.531
202607232206,   7.060,9999.000,9999.000,9999.000,9999.000,9999.000,9999.000,9999.000,9999.000
202607232212,   7.075,9999.000,9999.000,9999.000,9999.000,9999.000,9999.000,9999.000,9999.000
202607232218,   7.087,9999.000,9999.000,9999.000,9999.000,9999.000,9999.000,9999.000,9999.000
202607232224,   7.094,9999.000,9999.000,9999.000,9999.000,9999.000,9999.000,9999.000,9999.000
202607232230,   7.098,9999.000,9999.000,9999.000,9999.000,9999.000,9999.000,9999.000,9999.000
202607232236,   7.098,9999.000,9999.000,9999.000,9999.000,9999.000,9999.000,9999.000,9999.000
202607232242,   7.095,9999.000,9999.000,9999.000,9999.000,9999.000,9999.000,9999.000,9999.000
202607232248,   7.090,9999.000,9999.000,9999.000,9999.000,9999.000,9999.000,9999.000,9999.000
202607232254,   7.081,9999.000,9999.000,9999.000,9999.000,9999.000,9999.000,9999.000,9999.000
202607232300,   7.070,9999.000,   0.500,  -0.109,   7.461,   0.400,   7.361,   0.600,   7.561
202607232306,   7.056,9999.000,9999.000,9999.000,9999.000,9999.000,9999.000,9999.000,9999.000
202607232312,   7.041,9999.000,9999.000,9999.000,9999.000,9999.000,9999.000,9999.000,9999.000
202607232318,   7.023,9999.000,9999.000,9999.000,9999.000,9999.000,9999.000,9999.000,9999.000
202607232324,   7.004,9999.000,9999.000,9999.000,9999.000,9999.000,9999.000,9999.000,9999.000
202607232330,   6.984,9999.000,9999.000,9999.000,9999.000,9999.000,9999.000,9999.000,9999.000
202607232336,   6.963,9999.000,9999.000,9999.000,9999.000,9999.000,9999.000,9999.000,9999.000
202607232342,   6.941,9999.000,9999.000,9999.000,9999.000,9999.000,9999.000,9999.000,9999.000
202607232348,   6.919,9999.000,9999.000,9999.000,9999.000,9999.000,9999.000,9999.000,9999.000
202607232354,   6.896,9999.000,9999.000,9999.000,9999.000,9999.000,9999.000,9999.000,9999.000
202607240000,   6.874,9999.000,   0.500,  -0.109,   7.265,   0.400,   7.165,   0.600,   7.365
202607240006,   6.852,9999.000,9999.000,9999.000,9999.000,9999.000,9999.000,9999.000,9999.000
202607240012,   6.830,9999.000,9999.000,9999.000,9999.000,9999.000,9999.000,9999.000,9999.000
202607240018,   6.809,9999.000,9999.000,9999.000,9999.000,9999.000,9999.000,9999.000,9999.000
202607240024,   6.789,9999.000,9999.000,9999.000,9999.000,9999.000,9999.000,9999.000,9999.000
202607240030,   6.770,9999.000,9999.000,9999.000,9999.000,9999.000,9999.000,9999.000,9999.000
202607240036,   6.752,9999.000,9999.000,9999.000,9999.000,9999.000,9999.000,9999.000,9999.000
202607240042,   6.736,9999.000,9999.000,9999.000,9999.000,9999.000,9999.000,9999.000,9999.000
202607240048,   6.722,9999.000,9999.000,9999.000,9999.000,9999.000,9999.000,9999.000,9999.000
202607240054,   6.709,9999.000,9999.000,9999.000,9999.000,9999.000,9999.000,9999.000,9999.000
202607240100,   6.698,9999.000,   0.600,  -0.109,   7.189,   0.400,   6.989,   0.600,   7.189
202607240106,   6.689,9999.000,9999.000,9999.000,9999.000,9999.000,9999.000,9999.000,9999.000
202607240112,   6.683,9999.000,9999.000,9999.000,9999.000,9999.000,9999.000,9999.000,9999.000
202607240118,   6.678,9999.000,9999.000,9999.000,9999.000,9999.000,9999.000,9999.000,9999.000
202607240124,   6.676,9999.000,9999.000,9999.000,9999.000,9999.000,9999.000,9999.000,9999.000
202607240130,   6.675,9999.000,9999.000,9999.000,9999.000,9999.000,9999.000,9999.000,9999.000
202607240136,   6.677,9999.000,9999.000,9999.000,9999.000,9999.000,9999.000,9999.000,9999.000
202607240142,   6.681,9999.000,9999.000,9999.000,9999.000,9999.000,9999.000,9999.000,9999.000
202607240148,   6.687,9999.000,9999.000,9999.000,9999.000,9999.000,9999.000,9999.000,9999.000
202607240154,   6.695,9999.000,9999.000,9999.000,9999.000,9999.000,9999.000,9999.000,9999.000
202607240200,   6.705,9999.000,   0.600,  -0.109,   7.196,   0.500,   7.096,   0.700,   7.296
202607240206,   6.717,9999.000,9999.000,9999.000,9999.000,9999.000,9999.000,9999.000,9999.000
202607240212,   6.730,9999.000,9999.000,9999.000,9999.000,9999.000,9999.000,9999.000,9999.000
202607240218,   6.745,9999.000,9999.000,9999.000,9999.000,9999.000,9999.000,9999.000,9999.000
202607240224,   6.762,9999.000,9999.000,9999.000,9999.000,9999.000,9999.000,9999.000,9999.000
202607240230,   6.780,9999.000,9999.000,9999.000,9999.000,9999.000,9999.000,9999.000,9999.000
202607240236,   6.799,9999.000,9999.000,9999.000,9999.000,9999.000,9999.000,9999.000,9999.000
202607240242,   6.820,9999.000,9999.000,9999.000,9999.000,9999.000,9999.000,9999.000,9999.000
202607240248,   6.841,9999.000,9999.000,9999.000,9999.000,9999.000,9999.000,9999.000,9999.000
202607240254,   6.864,9999.000,9999.000,9999.000,9999.000,9999.000,9999.000,9999.000,9999.000
202607240300,   6.888,9999.000,   0.500,  -0.109,   7.279,   0.400,   7.179,   0.600,   7.379
202607240306,   6.912,9999.000,9999.000,9999.000,9999.000,9999.000,9999.000,9999.000,9999.000
202607240312,   6.937,9999.000,9999.000,9999.000,9999.000,9999.000,9999.000,9999.000,9999.000
202607240318,   6.963,9999.000,9999.000,9999.000,9999.000,9999.000,9999.000,9999.000,9999.000
202607240324,   6.990,9999.000,9999.000,9999.000,9999.000,9999.000,9999.000,9999.000,9999.000
202607240330,   7.017,9999.000,9999.000,9999.000,9999.000,9999.000,9999.000,9999.000,9999.000
202607240336,   7.045,9999.000,9999.000,9999.000,9999.000,9999.000,9999.000,9999.000,9999.000
202607240342,   7.074,9999.000,9999.000,9999.000,9999.000,9999.000,9999.000,9999.000,9999.000
202607240348,   7.103,9999.000,9999.000,9999.000,9999.000,9999.000,9999.000,9999.000,9999.000
202607240354,   7.133,9999.000,9999.000,9999.000,9999.000,9999.000,9999.000,9999.000,9999.000
202607240400,   7.163,9999.000,   0.600,  -0.109,   7.654,   0.400,   7.454,   0.600,   7.654
202607240406,   7.195,9999.000,9999.000,9999.000,9999.000,9999.000,9999.000,9999.000,9999.000
202607240412,   7.226,9999.000,9999.000,9999.000,9999.000,9999.000,9999.000,9999.000,9999.000
202607240418,   7.258,9999.000,9999.000,9999.000,9999.000,9999.000,9999.000,9999.000,9999.000
202607240424,   7.291,9999.000,9999.000,9999.000,9999.000,9999.000,9999.000,9999.000,9999.000
202607240430,   7.324,9999.000,9999.000,9999.000,9999.000,9999.000,9999.000,9999.000,9999.000
202607240436,   7.356,9999.000,9999.000,9999.000,9999.000,9999.000,9999.000,9999.000,9999.000
202607240442,   7.389,9999.000,9999.000,9999.000,9999.000,9999.000,9999.000,9999.000,9999.000
202607240448,   7.422,9999.000,9999.000,9999.000,9999.000,9999.000,9999.000,9999.000,9999.000
202607240454,   7.455,9999.000,9999.000,9999.000,9999.000,9999.000,9999.000,9999.000,9999.000
202607240500,   7.487,9999.000,   0.500,  -0.109,   7.878,   0.400,   7.778,   0.600,   7.978
202607240506,   7.518,9999.000,9999.000,9999.000,9999.000,9999.000,9999.000,9999.000,9999.000
202607240512,   7.548,9999.000,9999.000,9999.000,9999.000,9999.000,9999.000,9999.000,9999.000
202607240518,   7.578,9999.000,9999.000,9999.000,9999.000,9999.000,9999.000,9999.000,9999.000
202607240524,   7.605,9999.000,9999.000,9999.000,9999.000,9999.000,9999.000,9999.000,9999.000
202607240530,   7.631,9999.000,9999.000,9999.000,9999.000,9999.000,9999.000,9999.000,9999.000
202607240536,   7.654,9999.000,9999.000,9999.000,9999.000,9999.000,9999.000,9999.000,9999.000
202607240542,   7.675,9999.000,9999.000,9999.000,9999.000,9999.000,9999.000,9999.000,9999.000
202607240548,   7.694,9999.000,9999.000,9999.000,9999.000,9999.000,9999.000,9999.000,9999.000
202607240554,   7.709,9999.000,9999.000,9999.000,9999.000,9999.000,9999.000,9999.000,9999.000
202607240600,   7.722,9999.000,   0.500,  -0.109,   8.113,   0.500,   8.113,   0.600,   8.213
202607240606,   7.730,9999.000,9999.000,9999.000,9999.000,9999.000,9999.000,9999.000,9999.000
202607240612,   7.735,9999.000,9999.000,9999.000,9999.000,9999.000,9999.000,9999.000,9999.000
202607240618,   7.736,9999.000,9999.000,9999.000,9999.000,9999.000,9999.000,9999.000,9999.000
202607240624,   7.733,9999.000,9999.000,9999.000,9999.000,9999.000,9999.000,9999.000,9999.000
202607240630,   7.726,9999.000,9999.000,9999.000,9999.000,9999.000,9999.000,9999.000,9999.000
202607240636,   7.714,9999.000,9999.000,9999.000,9999.000,9999.000,9999.000,9999.000,9999.000
202607240642,   7.698,9999.000,9999.000,9999.000,9999.000,9999.000,9999.000,9999.000,9999.000
202607240648,   7.677,9999.000,9999.000,9999.000,9999.000,9999.000,9999.000,9999.000,9999.000
202607240654,   7.652,9999.000,9999.000,9999.000,9999.000,9999.000,9999.000,9999.000,9999.000
202607240700,   7.622,9999.000,   0.500,  -0.109,   8.013,   0.500,   8.013,   0.600,   8.113
202607240706,   7.587,9999.000,9999.000,9999.000,9999.000,9999.000,9999.000,9999.000,9999.000
202607240712,   7.547,9999.000,9999.000,9999.000,9999.000,9999.000,9999.000,9999.000,9999.000
202607240718,   7.503,9999.000,9999.000,9999.000,9999.000,9999.000,9999.000,9999.000,9999.000
202607240724,   7.454,9999.000,9999.000,9999.000,9999.000,9999.000,9999.000,9999.000,9999.000
202607240730,   7.401,9999.000,9999.000,9999.000,9999.000,9999.000,9999.000,9999.000,9999.000
202607240736,   7.344,9999.000,9999.000,9999.000,9999.000,9999.000,9999.000,9999.000,9999.000
202607240742,   7.281,9999.000,9999.000,9999.000,9999.000,9999.000,9999.000,9999.000,9999.000
202607240748,   7.215,9999.000,9999.000,9999.000,9999.000,9999.000,9999.000,9999.000,9999.000
202607240754,   7.144,9999.000,9999.000,9999.000,9999.000,9999.000,9999.000,9999.000,9999.000
202607240800,   7.070,9999.000,   0.500,  -0.109,   7.461,   0.400,   7.361,   0.600,   7.561
202607240806,   6.991,9999.000,9999.000,9999.000,9999.000,9999.000,9999.000,9999.000,9999.000
202607240812,   6.908,9999.000,9999.000,9999.000,9999.000,9999.000,9999.000,9999.000,9999.000
202607240818,   6.821,9999.000,9999.000,9999.000,9999.000,9999.000,9999.000,9999.000,9999.000
202607240824,   6.729,9999.000,9999.000,9999.000,9999.000,9999.000,9999.000,9999.000,9999.000
202607240830,   6.634,9999.000,9999.000,9999.000,9999.000,9999.000,9999.000,9999.000,9999.000
202607240836,   6.535,9999.000,9999.000,9999.000,9999.000,9999.000,9999.000,9999.000,9999.000
202607240842,   6.432,9999.000,9999.000,9999.000,9999.000,9999.000,9999.000,9999.000,9999.000
202607240848,   6.325,9999.000,9999.000,9999.000,9999.000,9999.000,9999.000,9999.000,9999.000
202607240854,   6.214,9999.000,9999.000,9999.000,9999.000,9999.000,9999.000,9999.000,9999.000
202607240900,   6.100,9999.000,   0.500,  -0.109,   6.491,   0.500,   6.491,   0.600,   6.591
202607240906,   5.981,9999.000,9999.000,9999.000,9999.000,9999.000,9999.000,9999.000,9999.000
202607240912,   5.858,9999.000,9999.000,9999.000,9999.000,9999.000,9999.000,9999.000,9999.000
202607240918,   5.732,9999.000,9999.000,9999.000,9999.000,9999.000,9999.000,9999.000,9999.000
202607240924,   5.602,9999.000,9999.000,9999.000,9999.000,9999.000,9999.000,9999.000,9999.000
202607240930,   5.468,9999.000,9999.000,9999.000,9999.000,9999.000,9999.000,9999.000,9999.000
202607240936,   5.331,9999.000,9999.000,9999.000,9999.000,9999.000,9999.000,9999.000,9999.000
202607240942,   5.190,9999.000,9999.000,9999.000,9999.000,9999.000,9999.000,9999.000,9999.000
202607240948,   5.046,9999.000,9999.000,9999.000,9999.000,9999.000,9999.000,9999.000,9999.000
202607240954,   4.899,9999.000,9999.000,9999.000,9999.000,9999.000,9999.000,9999.000,9999.000
202607241000,   4.748,9999.000,   0.500,  -0.109,   5.139,   0.400,   5.039,   0.500,   5.139
202607241006,   4.595,9999.000,9999.000,9999.000,9999.000,9999.000,9999.000,9999.000,9999.000
202607241012,   4.440,9999.000,9999.000,9999.000,9999.000,9999.000,9999.000,9999.000,9999.000
202607241018,   4.282,9999.000,9999.000,9999.000,9999.000,9999.000,9999.000,9999.000,9999.000
202607241024,   4.122,9999.000,9999.000,9999.000,9999.000,9999.000,9999.000,9999.000,9999.000
202607241030,   3.961,9999.000,9999.000,9999.000,9999.000,9999.000,9999.000,9999.000,9999.000
202607241036,   3.798,9999.000,9999.000,9999.000,9999.000,9999.000,9999.000,9999.000,9999.000
202607241042,   3.634,9999.000,9999.000,9999.000,9999.000,9999.000,9999.000,9999.000,9999.000
202607241048,   3.469,9999.000,9999.000,9999.000,9999.000,9999.000,9999.000,9999.000,9999.000
202607241054,   3.305,9999.000,9999.000,9999.000,9999.000,9999.000,9999.000,9999.000,9999.000
202607241100,   3.140,9999.000,   0.500,  -0.109,   3.531,   0.500,   3.531,   0.600,   3.631
202607241106,   2.975,9999.000,9999.000,9999.000,9999.000,9999.000,9999.000,9999.000,9999.000
202607241112,   2.812,9999.000,9999.000,9999.000,9999.000,9999.000,9999.000,9999.000,9999.000
202607241118,   2.649,9999.000,9999.000,9999.000,9999.000,9999.000,9999.000,9999.000,9999.000
202607241124,   2.488,9999.000,9999.000,9999.000,9999.000,9999.000,9999.000,9999.000,9999.000
202607241130,   2.329,9999.000,9999.000,9999.000,9999.000,9999.000,9999.000,9999.000,9999.000
202607241136,   2.173,9999.000,9999.000,9999.000,9999.000,9999.000,9999.000,9999.000,9999.000
202607241142,   2.018,9999.000,9999.000,9999.000,9999.000,9999.000,9999.000,9999.000,9999.000
202607241148,   1.867,9999.000,9999.000,9999.000,9999.000,9999.000,9999.000,9999.000,9999.000
202607241154,   1.719,9999.000,9999.000,9999.000,9999.000,9999.000,9999.000,9999.000,9999.000
202607241200,   1.575,9999.000,   0.500,  -0.109,   1.966,   0.500,   1.966,   0.600,   2.066
202607241206,   1.435,9999.000,9999.000,9999.000,9999.000,9999.000,9999.000,9999.000,9999.000
202607241212,   1.299,9999.000,9999.000,9999.000,9999.000,9999.000,9999.000,9999.000,9999.000
202607241218,   1.168,9999.000,9999.000,9999.000,9999.000,9999.000,9999.000,9999.000,9999.000
202607241224,   1.042,9999.000,9999.000,9999.000,9999.000,9999.000,9999.000,9999.000,9999.000
202607241230,   0.920,9999.000,9999.000,9999.000,9999.000,9999.000,9999.000,9999.000,9999.000
202607241236,   0.804,9999.000,9999.000,9999.000,9999.000,9999.000,9999.000,9999.000,9999.000
202607241242,   0.694,9999.000,9999.000,9999.000,9999.000,9999.000,9999.000,9999.000,9999.000
202607241248,   0.589,9999.000,9999.000,9999.000,9999.000,9999.000,9999.000,9999.000,9999.000
202607241254,   0.490,9999.000,9999.000,9999.000,9999.000,9999.000,9999.000,9999.000,9999.000
202607241300,   0.398,9999.000,   0.500,  -0.109,   0.789,   0.400,   0.689,   0.500,   0.789
202607241306,   0.311,9999.000,9999.000,9999.000,9999.000,9999.000,9999.000,9999.000,9999.000
202607241312,   0.231,9999.000,9999.000,9999.000,9999.000,9999.000,9999.000,9999.000,9999.000
202607241318,   0.157,9999.000,9999.000,9999.000,9999.000,9999.000,9999.000,9999.000,9999.000
202607241324,   0.090,9999.000,9999.000,9999.000,9999.000,9999.000,9999.000,9999.000,9999.000
202607241330,   0.030,9999.000,9999.000,9999.000,9999.000,9999.000,9999.000,9999.000,9999.000
202607241336,  -0.023,9999.000,9999.000,9999.000,9999.000,9999.000,9999.000,9999.000,9999.000
202607241342,  -0.071,9999.000,9999.000,9999.000,9999.000,9999.000,9999.000,9999.000,9999.000
202607241348,  -0.112,9999.000,9999.000,9999.000,9999.000,9999.000,9999.000,9999.000,9999.000
202607241354,  -0.147,9999.000,9999.000,9999.000,9999.000,9999.000,9999.000,9999.000,9999.000
202607241400,  -0.175,9999.000,   0.500,  -0.109,   0.216,   0.400,   0.116,   0.500,   0.216
202607241406,  -0.198,9999.000,9999.000,9999.000,9999.000,9999.000,9999.000,9999.000,9999.000
202607241412,  -0.214,9999.000,9999.000,9999.000,9999.000,9999.000,9999.000,9999.000,9999.000
202607241418,  -0.224,9999.000,9999.000,9999.000,9999.000,9999.000,9999.000,9999.000,9999.000
202607241424,  -0.229,9999.000,9999.000,9999.000,9999.000,9999.000,9999.000,9999.000,9999.000
202607241430,  -0.228,9999.000,9999.000,9999.000,9999.000,9999.000,9999.000,9999.000,9999.000
202607241436,  -0.221,9999.000,9999.000,9999.000,9999.000,9999.000,9999.000,9999.000,9999.000
202607241442,  -0.210,9999.000,9999.000,9999.000,9999.000,9999.000,9999.000,9999.000,9999.000
202607241448,  -0.193,9999.000,9999.000,9999.000,9999.000,9999.000,9999.000,9999.000,9999.000
202607241454,  -0.172,9999.000,9999.000,9999.000,9999.000,9999.000,9999.000,9999.000,9999.000
202607241500,  -0.146,9999.000,   0.500,  -0.109,   0.245,   0.400,   0.145,   0.500,   0.245
202607241506,  -0.115,9999.000,9999.000,9999.000,9999.000,9999.000,9999.000,9999.000,9999.000
202607241512,  -0.080,9999.000,9999.000,9999.000,9999.000,9999.000,9999.000,9999.000,9999.000
202607241518,  -0.041,9999.000,9999.000,9999.000,9999.000,9999.000,9999.000,9999.000,9999.000
202607241524,   0.001,9999.000,9999.000,9999.000,9999.000,9999.000,9999.000,9999.000,9999.000
202607241530,   0.049,9999.000,9999.000,9999.000,9999.000,9999.000,9999.000,9999.000,9999.000
202607241536,   0.100,9999.000,9999.000,9999.000,9999.000,9999.000,9999.000,9999.000,9999.000
202607241542,   0.155,9999.000,9999.000,9999.000,9999.000,9999.000,9999.000,9999.000,9999.000
202607241548,   0.214,9999.000,9999.000,9999.000,9999.000,9999.000,9999.000,9999.000,9999.000
202607241554,   0.276,9999.000,9999.000,9999.000,9999.000,9999.000,9999.000,9999.000,9999.000
202607241600,   0.342,9999.000,   0.500,  -0.109,   0.733,   0.500,   0.733,   0.600,   0.833
202607241606,   0.412,9999.000,9999.000,9999.000,9999.000,9999.000,9999.000,9999.000,9999.000
202607241612,   0.486,9999.000,9999.000,9999.000,9999.000,9999.000,9999.000,9999.000,9999.000
202607241618,   0.563,9999.000,9999.000,9999.000,9999.000,9999.000,9999.000,9999.000,9999.000
202607241624,   0.644,9999.000,9999.000,9999.000,9999.000,9999.000,9999.000,9999.000,9999.000
202607241630,   0.729,9999.000,9999.000,9999.000,9999.000,9999.000,9999.000,9999.000,9999.000
202607241636,   0.817,9999.000,9999.000,9999.000,9999.000,9999.000,9999.000,9999.000,9999.000
202607241642,   0.909,9999.000,9999.000,9999.000,9999.000,9999.000,9999.000,9999.000,9999.000
202607241648,   1.005,9999.000,9999.000,9999.000,9999.000,9999.000,9999.000,9999.000,9999.000
202607241654,   1.104,9999.000,9999.000,9999.000,9999.000,9999.000,9999.000,9999.000,9999.000
202607241700,   1.207,9999.000,   0.500,  -0.109,   1.598,   0.400,   1.498,   0.500,   1.598
202607241706,   1.314,9999.000,9999.000,9999.000,9999.000,9999.000,9999.000,9999.000,9999.000
202607241712,   1.424,9999.000,9999.000,9999.000,9999.000,9999.000,9999.000,9999.000,9999.000
202607241718,   1.537,9999.000,9999.000,9999.000,9999.000,9999.000,9999.000,9999.000,9999.000
202607241724,   1.653,9999.000,9999.000,9999.000,9999.000,9999.000,9999.000,9999.000,9999.000
202607241730,   1.772,9999.000,9999.000,9999.000,9999.000,9999.000,9999.000,9999.000,9999.000
202607241736,   1.895,9999.000,9999.000,9999.000,9999.000,9999.000,9999.000,9999.000,9999.000
202607241742,   2.020,9999.000,9999.000,9999.000,9999.000,9999.000,9999.000,9999.000,9999.000
202607241748,   2.147,9999.000,9999.000,9999.000,9999.000,9999.000,9999.000,9999.000,9999.000
202607241754,   2.276,9999.000,9999.000,9999.000,9999.000,9999.000,9999.000,9999.000,9999.000
202607241800,   2.408,9999.000,   0.500,  -0.109,   2.799,   0.400,   2.699,   0.500,   2.799
202607241806,   2.541,9999.000,9999.000,9999.000,9999.000,9999.000,9999.000,9999.000,9999.000
202607241812,   2.676,9999.000,9999.000,9999.000,9999.000,9999.000,9999.000,9999.000,9999.000
202607241818,   2.812,9999.000,9999.000,9999.000,9999.000,9999.000,9999.000,9999.000,9999.000
202607241824,   2.949,9999.000,9999.000,9999.000,9999.000,9999.000,9999.000,9999.000,9999.000
202607241830,   3.086,9999.000,9999.000,9999.000,9999.000,9999.000,9999.000,9999.000,9999.000
202607241836,   3.225,9999.000,9999.000,9999.000,9999.000,9999.000,9999.000,9999.000,9999.000
202607241842,   3.363,9999.000,9999.000,9999.000,9999.000,9999.000,9999.000,9999.000,9999.000
202607241848,   3.502,9999.000,9999.000,9999.000,9999.000,9999.000,9999.000,9999.000,9999.000
202607241854,   3.641,9999.000,9999.000,9999.000,9999.000,9999.000,9999.000,9999.000,9999.000
202607241900,   3.780,9999.000,   0.500,  -0.109,   4.171,   0.400,   4.071,   0.500,   4.171
202607241906,   3.919,9999.000,9999.000,9999.000,9999.000,9999.000,9999.000,9999.000,9999.000
202607241912,   4.057,9999.000,9999.000,9999.000,9999.000,9999.000,9999.000,9999.000,9999.000
202607241918,   4.194,9999.000,9999.000,9999.000,9999.000,9999.000,9999.000,9999.000,9999.000
202607241924,   4.331,9999.000,9999.000,9999.000,9999.000,9999.000,9999.000,9999.000,9999.000
202607241930,   4.468,9999.000,9999.000,9999.000,9999.000,9999.000,9999.000,9999.000,9999.000
202607241936,   4.603,9999.000,9999.000,9999.000,9999.000,9999.000,9999.000,9999.000,9999.000
202607241942,   4.738,9999.000,9999.000,9999.000,9999.000,9999.000,9999.000,9999.000,9999.000
202607241948,   4.872,9999.000,9999.000,9999.000,9999.000,9999.000,9999.000,9999.000,9999.000
202607241954,   5.005,9999.000,9999.000,9999.000,9999.000,9999.000,9999.000,9999.000,9999.000
202607242000,   5.137,9999.000,   0.500,  -0.109,   5.528,   0.400,   5.428,   0.600,   5.628
202607242006,   5.267,9999.000,9999.000,9999.000,9999.000,9999.000,9999.000,9999.000,9999.000
202607242012,   5.397,9999.000,9999.000,9999.000,9999.000,9999.000,9999.000,9999.000,9999.000
202607242018,   5.525,9999.000,9999.000,9999.000,9999.000,9999.000,9999.000,9999.000,9999.000
202607242024,   5.651,9999.000,9999.000,9999.000,9999.000,9999.000,9999.000,9999.000,9999.000
202607242030,   5.776,9999.000,9999.000,9999.000,9999.000,9999.000,9999.000,9999.000,9999.000
202607242036,   5.900,9999.000,9999.000,9999.000,9999.000,9999.000,9999.000,9999.000,9999.000
202607242042,   6.021,9999.000,9999.000,9999.000,9999.000,9999.000,9999.000,9999.000,9999.000
202607242048,   6.140,9999.000,9999.000,9999.000,9999.000,9999.000,9999.000,9999.000,9999.000
202607242054,   6.257,9999.000,9999.000,9999.000,9999.000,9999.000,9999.000,9999.000,9999.000
202607242100,   6.371,9999.000,   0.500,  -0.109,   6.762,   0.500,   6.762,   0.600,   6.862
202607242106,   6.482,9999.000,9999.000,9999.000,9999.000,9999.000,9999.000,9999.000,9999.000
202607242112,   6.590,9999.000,9999.000,9999.000,9999.000,9999.000,9999.000,9999.000,9999.000
202607242118,   6.695,9999.000,9999.000,9999.000,9999.000,9999.000,9999.000,9999.000,9999.000
202607242124,   6.797,9999.000,9999.000,9999.000,9999.000,9999.000,9999.000,9999.000,9999.000
202607242130,   6.894,9999.000,9999.000,9999.000,9999.000,9999.000,9999.000,9999.000,9999.000
202607242136,   6.988,9999.000,9999.000,9999.000,9999.000,9999.000,9999.000,9999.000,9999.000
202607242142,   7.077,9999.000,9999.000,9999.000,9999.000,9999.000,9999.000,9999.000,9999.000
202607242148,   7.162,9999.000,9999.000,9999.000,9999.000,9999.000,9999.000,9999.000,9999.000
202607242154,   7.241,9999.000,9999.000,9999.000,9999.000,9999.000,9999.000,9999.000,9999.000
202607242200,   7.316,9999.000,   0.500,  -0.109,   7.707,   0.400,   7.607,   0.600,   7.807
202607242206,   7.386,9999.000,9999.000,9999.000,9999.000,9999.000,9999.000,9999.000,9999.000
202607242212,   7.451,9999.000,9999.000,9999.000,9999.000,9999.000,9999.000,9999.000,9999.000
202607242218,   7.511,9999.000,9999.000,9999.000,9999.000,9999.000,9999.000,9999.000,9999.000
202607242224,   7.565,9999.000,9999.000,9999.000,9999.000,9999.000,9999.000,9999.000,9999.000
202607242230,   7.613,9999.000,9999.000,9999.000,9999.000,9999.000,9999.000,9999.000,9999.000
202607242236,   7.656,9999.000,9999.000,9999.000,9999.000,9999.000,9999.000,9999.000,9999.000
202607242242,   7.694,9999.000,9999.000,9999.000,9999.000,9999.000,9999.000,9999.000,9999.000
202607242248,   7.726,9999.000,9999.000,9999.000,9999.000,9999.000,9999.000,9999.000,9999.000
202607242254,   7.753,9999.000,9999.000,9999.000,9999.000,9999.000,9999.000,9999.000,9999.000
202607242300,   7.775,9999.000,   0.500,  -0.109,   8.166,   0.500,   8.166,   0.600,   8.266
202607242306,   7.792,9999.000,9999.000,9999.000,9999.000,9999.000,9999.000,9999.000,9999.000
202607242312,   7.803,9999.000,9999.000,9999.000,9999.000,9999.000,9999.000,9999.000,9999.000
202607242318,   7.810,9999.000,9999.000,9999.000,9999.000,9999.000,9999.000,9999.000,9999.000
202607242324,   7.813,9999.000,9999.000,9999.000,9999.000,9999.000,9999.000,9999.000,9999.000
202607242330,   7.811,9999.000,9999.000,9999.000,9999.000,9999.000,9999.000,9999.000,9999.000
202607242336,   7.805,9999.000,9999.000,9999.000,9999.000,9999.000,9999.000,9999.000,9999.000
202607242342,   7.795,9999.000,9999.000,9999.000,9999.000,9999.000,9999.000,9999.000,9999.000
202607242348,   7.781,9999.000,9999.000,9999.000,9999.000,9999.000,9999.000,9999.000,9999.000
202607242354,   7.764,9999.000,9999.000,9999.000,9999.000,9999.000,9999.000,9999.000,9999.000
202607250000,   7.744,9999.000,   0.500,  -0.109,   8.135,   0.500,   8.135,   0.600,   8.235
202607250006,   7.722,9999.000,9999.000,9999.000,9999.000,9999.000,9999.000,9999.000,9999.000
202607250012,   7.697,9999.000,9999.000,9999.000,9999.000,9999.000,9999.000,9999.000,9999.000
202607250018,   7.669,9999.000,9999.000,9999.000,9999.000,9999.000,9999.000,9999.000,9999.000
202607250024,   7.640,9999.000,9999.000,9999.000,9999.000,9999.000,9999.000,9999.000,9999.000
202607250030,   7.609,9999.000,9999.000,9999.000,9999.000,9999.000,9999.000,9999.000,9999.000
202607250036,   7.577,9999.000,9999.000,9999.000,9999.000,9999.000,9999.000,9999.000,9999.000
202607250042,   7.544,9999.000,9999.000,9999.000,9999.000,9999.000,9999.000,9999.000,9999.000
202607250048,   7.511,9999.000,9999.000,9999.000,9999.000,9999.000,9999.000,9999.000,9999.000
202607250054,   7.476,9999.000,9999.000,9999.000,9999.000,9999.000,9999.000,9999.000,9999.000
202607250100,   7.442,9999.000,   0.500,  -0.109,   7.833,   0.500,   7.833,   0.600,   7.933
202607250106,   7.408,9999.000,9999.000,9999.000,9999.000,9999.000,9999.000,9999.000,9999.000
202607250112,   7.374,9999.000,9999.000,9999.000,9999.000,9999.000,9999.000,9999.000,9999.000
202607250118,   7.341,9999.000,9999.000,9999.000,9999.000,9999.000,9999.000,9999.000,9999.000
202607250124,   7.309,9999.000,9999.000,9999.000,9999.000,9999.000,9999.000,9999.000,9999.000
202607250130,   7.278,9999.000,9999.000,9999.000,9999.000,9999.000,9999.000,9999.000,9999.000
202607250136,   7.248,9999.000,9999.000,9999.000,9999.000,9999.000,9999.000,9999.000,9999.000
202607250142,   7.220,9999.000,9999.000,9999.000,9999.000,9999.000,9999.000,9999.000,9999.000
202607250148,   7.193,9999.000,9999.000,9999.000,9999.000,9999.000,9999.000,9999.000,9999.000
202607250154,   7.168,9999.000,9999.000,9999.000,9999.000,9999.000,9999.000,9999.000,9999.000
202607250200,   7.145,9999.000,   0.600,  -0.109,   7.636,   0.500,   7.536,   0.600,   7.636
202607250206,   7.124,9999.000,9999.000,9999.000,9999.000,9999.000,9999.000,9999.000,9999.000
202607250212,   7.105,9999.000,9999.000,9999.000,9999.000,9999.000,9999.000,9999.000,9999.000
202607250218,   7.088,9999.000,9999.000,9999.000,9999.000,9999.000,9999.000,9999.000,9999.000
202607250224,   7.074,9999.000,9999.000,9999.000,9999.000,9999.000,9999.000,9999.000,9999.000
202607250230,   7.061,9999.000,9999.000,9999.000,9999.000,9999.000,9999.000,9999.000,9999.000
202607250236,   7.051,9999.000,9999.000,9999.000,9999.000,9999.000,9999.000,9999.000,9999.000
202607250242,   7.042,9999.000,9999.000,9999.000,9999.000,9999.000,9999.000,9999.000,9999.000
202607250248,   7.036,9999.000,9999.000,9999.000,9999.000,9999.000,9999.000,9999.000,9999.000
202607250254,   7.031,9999.000,9999.000,9999.000,9999.000,9999.000,9999.000,9999.000,9999.000
202607250300,   7.028,9999.000,   0.500,  -0.109,   7.419,   0.500,   7.419,   0.600,   7.519
202607250306,   7.027,9999.000,9999.000,9999.000,9999.000,9999.000,9999.000,9999.000,9999.000
202607250312,   7.028,9999.000,9999.000,9999.000,9999.000,9999.000,9999.000,9999.000,9999.000
202607250318,   7.030,9999.000,9999.000,9999.000,9999.000,9999.000,9999.000,9999.000,9999.000
202607250324,   7.034,9999.000,9999.000,9999.000,9999.000,9999.000,9999.000,9999.000,9999.000
202607250330,   7.039,9999.000,9999.000,9999.000,9999.000,9999.000,9999.000,9999.000,9999.000
202607250336,   7.045,9999.000,9999.000,9999.000,9999.000,9999.000,9999.000,9999.000,9999.000
202607250342,   7.052,9999.000,9999.000,9999.000,9999.000,9999.000,9999.000,9999.000,9999.000
202607250348,   7.061,9999.000,9999.000,9999.000,9999.000,9999.000,9999.000,9999.000,9999.000
202607250354,   7.070,9999.000,9999.000,9999.000,9999.000,9999.000,9999.000,9999.000,9999.000
202607250400,   7.081,9999.000,   0.500,  -0.109,   7.472,   0.500,   7.472,   0.600,   7.572
202607250406,   7.092,9999.000,9999.000,9999.000,9999.000,9999.000,9999.000,9999.000,9999.000
202607250412,   7.104,9999.000,9999.000,9999.000,9999.000,9999.000,9999.000,9999.000,9999.000
202607250418,   7.117,9999.000,9999.000,9999.000,9999.000,9999.000,9999.000,9999.000,9999.000
202607250424,   7.131,9999.000,9999.000,9999.000,9999.000,9999.000,9999.000,9999.000,9999.000
202607250430,   7.146,9999.000,9999.000,9999.000,9999.000,9999.000,9999.000,9999.000,9999.000
202607250436,   7.161,9999.000,9999.000,9999.000,9999.000,9999.000,9999.000,9999.000,9999.000
202607250442,   7.177,9999.000,9999.000,9999.000,9999.000,9999.000,9999.000,9999.000,9999.000
202607250448,   7.194,9999.000,9999.000,9999.000,9999.000,9999.000,9999.000,9999.000,9999.000
202607250454,   7.212,9999.000,9999.000,9999.000,9999.000,9999.000,9999.000,9999.000,9999.000
202607250500,   7.231,9999.000,   0.500,  -0.109,   7.622,   0.400,   7.522,   0.600,   7.722
202607250506,   7.250,9999.000,9999.000,9999.000,9999.000,9999.000,9999.000,9999.000,9999.000
202607250512,   7.269,9999.000,9999.000,9999.000,9999.000,9999.000,9999.000,9999.000,9999.000
202607250518,   7.289,9999.000,9999.000,9999.000,9999.000,9999.000,9999.000,9999.000,9999.000
202607250524,   7.310,9999.000,9999.000,9999.000,9999.000,9999.000,9999.000,9999.000,9999.000
202607250530,   7.331,9999.000,9999.000,9999.000,9999.000,9999.000,9999.000,9999.000,9999.000
202607250536,   7.352,9999.000,9999.000,9999.000,9999.000,9999.000,9999.000,9999.000,9999.000
202607250542,   7.373,9999.000,9999.000,9999.000,9999.000,9999.000,9999.000,9999.000,9999.000
202607250548,   7.394,9999.000,9999.000,9999.000,9999.000,9999.000,9999.000,9999.000,9999.000
202607250554,   7.414,9999.000,9999.000,9999.000,9999.000,9999.000,9999.000,9999.000,9999.000
202607250600,   7.434,9999.000,   0.500,  -0.109,   7.825,   0.500,   7.825,   0.600,   7.925
