        TIME,    TIDE,      OB,   SURGE,    BIAS,     TWL,SURGE90p,  TWL90p,SURGE10p,   TWL10p
202602230000,   1.897,   1.928,   0.300,  -0.269,   1.928,   0.200,   1.828,   0.300,   1.928
202602230006,   1.859,9999.000,9999.000,9999.000,9999.000,9999.000,9999.000,9999.000,9999.000
202602230012,   1.822,   1.899,9999.000,9999.000,9999.000,9999.000,9999.000,9999.000,9999.000
202602230018,   1.786,9999.000,9999.000,9999.000,9999.000,9999.000,9999.000,9999.000,9999.000
202602230024,   1.752,   1.790,9999.000,9999.000,9999.000,9999.000,9999.000,9999.000,9999.000
202602230030,   1.720,9999.000,9999.000,9999.000,9999.000,9999.000,9999.000,9999.000,9999.000
202602230036,   1.690,   1.767,9999.000,9999.000,9999.000,9999.000,9999.000,9999.000,9999.000
202602230042,   1.662,9999.000,9999.000,9999.000,9999.000,9999.000,9999.000,9999.000,9999.000
202602230048,   1.637,   1.748,9999.000,9999.000,9999.000,9999.000,9999.000,9999.000,9999.000
202602230054,   1.614,9999.000,9999.000,9999.000,9999.000,9999.000,9999.000,9999.000,9999.000
202602230100,   1.593,   1.699,   0.300,  -0.194,   1.699,   0.300,   1.699,   0.300,   1.699
202602230106,   1.575,   1.610,9999.000,9999.000,9999.000,9999.000,9999.000,9999.000,9999.000
202602230112,   1.560,   1.639,9999.000,9999.000,9999.000,9999.000,9999.000,9999.000,9999.000
202602230118,   1.548,   1.620,9999.000,9999.000,9999.000,9999.000,9999.000,9999.000,9999.000
202602230124,   1.538,   1.610,9999.000,9999.000,9999.000,9999.000,9999.000,9999.000,9999.000
202602230130,   1.532,   1.649,9999.000,9999.000,9999.000,9999.000,9999.000,9999.000,9999.000
202602230136,   1.529,   1.620,9999.000,9999.000,9999.000,9999.000,9999.000,9999.000,9999.000
202602230142,   1.528,   1.557,9999.000,9999.000,9999.000,9999.000,9999.000,9999.000,9999.000
202602230148,   1.531,   1.538,9999.000,9999.000,9999.000,9999.000,9999.000,9999.000,9999.000
202602230154,   1.538,   1.590,9999.000,9999.000,9999.000,9999.000,9999.000,9999.000,9999.000
202602230200,   1.548,   1.630,   0.400,  -0.318,   1.630,   0.300,   1.530,   0.400,   1.630
202602230206,   1.561,   1.699,9999.000,9999.000,9999.000,9999.000,9999.000,9999.000,9999.000
202602230212,   1.577,   1.689,9999.000,9999.000,9999.000,9999.000,9999.000,9999.000,9999.000
202602230218,   1.597,   1.708,9999.000,9999.000,9999.000,9999.000,9999.000,9999.000,9999.000
202602230224,   1.620,   1.738,9999.000,9999.000,9999.000,9999.000,9999.000,9999.000,9999.000
202602230230,   1.646,   1.758,9999.000,9999.000,9999.000,9999.000,9999.000,9999.000,9999.000
202602230236,   1.676,   1.790,9999.000,9999.000,9999.000,9999.000,9999.000,9999.000,9999.000
202602230242,   1.709,   1.849,9999.000,9999.000,9999.000,9999.000,9999.000,9999.000,9999.000
202602230248,   1.745,   1.820,9999.000,9999.000,9999.000,9999.000,9999.000,9999.000,9999.000
202602230254,   1.785,   1.820,9999.000,9999.000,9999.000,9999.000,9999.000,9999.000,9999.000
202602230300,   1.827,   1.938,   0.200,  -0.089,   1.938,   0.100,   1.838,   0.300,   2.038
202602230306,   1.873,   2.020,9999.000,9999.000,9999.000,9999.000,9999.000,9999.000,9999.000
202602230312,   1.921,   2.089,9999.000,9999.000,9999.000,9999.000,9999.000,9999.000,9999.000
202602230318,   1.972,   2.079,9999.000,9999.000,9999.000,9999.000,9999.000,9999.000,9999.000
202602230324,   2.027,   2.138,9999.000,9999.000,9999.000,9999.000,9999.000,9999.000,9999.000
202602230330,   2.083,   2.177,9999.000,9999.000,9999.000,9999.000,9999.000,9999.000,9999.000
202602230336,   2.143,   2.250,9999.000,9999.000,9999.000,9999.000,9999.000,9999.000,9999.000
202602230342,   2.204,   2.368,9999.000,9999.000,9999.000,9999.000,9999.000,9999.000,9999.000
202602230348,   2.268,   2.348,9999.000,9999.000,9999.000,9999.000,9999.000,9999.000,9999.000
202602230354,   2.335,   2.440,9999.000,9999.000,9999.000,9999.000,9999.000,9999.000,9999.000
202602230400,   2.403,   2.509,   0.300,  -0.194,   2.509,   0.200,   2.409,   0.300,   2.509
202602230406,   2.473,   2.597,9999.000,9999.000,9999.000,9999.000,9999.000,9999.000,9999.000
202602230412,   2.545,   2.719,9999.000,9999.000,9999.000,9999.000,9999.000,9999.000,9999.000
202602230418,   2.618,   2.758,9999.000,9999.000,9999.000,9999.000,9999.000,9999.000,9999.000
202602230424,   2.693,   2.778,9999.000,9999.000,9999.000,9999.000,9999.000,9999.000,9999.000
202602230430,   2.769,   2.879,9999.000,9999.000,9999.000,9999.000,9999.000,9999.000,9999.000
202602230436,   2.847,   2.968,9999.000,9999.000,9999.000,9999.000,9999.000,9999.000,9999.000
202602230442,   2.925,   3.060,9999.000,9999.000,9999.000,9999.000,9999.000,9999.000,9999.000
202602230448,   3.005,   3.148,9999.000,9999.000,9999.000,9999.000,9999.000,9999.000,9999.000
202602230454,   3.085,   3.250,9999.000,9999.000,9999.000,9999.000,9999.000,9999.000,9999.000
202602230500,   3.165,   3.339,   0.400,  -0.226,   3.339,   0.300,   3.239,   0.400,   3.339
202602230506,   3.246,   3.440,9999.000,9999.000,9999.000,9999.000,9999.000,9999.000,9999.000
202602230512,   3.328,   3.450,9999.000,9999.000,9999.000,9999.000,9999.000,9999.000,9999.000
202602230518,   3.409,   3.509,9999.000,9999.000,9999.000,9999.000,9999.000,9999.000,9999.000
202602230524,   3.490,   3.617,9999.000,9999.000,9999.000,9999.000,9999.000,9999.000,9999.000
202602230530,   3.572,   3.739,9999.000,9999.000,9999.000,9999.000,9999.000,9999.000,9999.000
202602230536,   3.652,   3.827,9999.000,9999.000,9999.000,9999.000,9999.000,9999.000,9999.000
202602230542,   3.733,   3.929,9999.000,9999.000,9999.000,9999.000,9999.000,9999.000,9999.000
202602230548,   3.812,   3.939,9999.000,9999.000,9999.000,9999.000,9999.000,9999.000,9999.000
202602230554,   3.891,9999.000,9999.000,9999.000,9999.000,9999.000,9999.000,9999.000,9999.000
202602230600,   3.969,   4.198,   0.300,  -0.071,   4.198,   0.300,   4.198,   0.400,   4.298
202602230606,   4.045,   4.198,9999.000,9999.000,9999.000,9999.000,9999.000,9999.000,9999.000
202602230612,   4.121,   4.267,9999.000,9999.000,9999.000,9999.000,9999.000,9999.000,9999.000
202602230618,   4.195,   4.378,9999.000,9999.000,9999.000,9999.000,9999.000,9999.000,9999.000
202602230624,   4.267,   4.359,9999.000,9999.000,9999.000,9999.000,9999.000,9999.000,9999.000
202602230630,   4.337,   4.437,9999.000,9999.000,9999.000,9999.000,9999.000,9999.000,9999.000
202602230636,   4.406,   4.509,9999.000,9999.000,9999.000,9999.000,9999.000,9999.000,9999.000
202602230642,   4.472,   4.569,9999.000,9999.000,9999.000,9999.000,9999.000,9999.000,9999.000
202602230648,   4.536,   4.710,9999.000,9999.000,9999.000,9999.000,9999.000,9999.000,9999.000
202602230654,   4.598,   4.769,9999.000,9999.000,9999.000,9999.000,9999.000,9999.000,9999.000
202602230700,   4.657,   4.788,   0.200,  -0.069,   4.788,   0.100,   4.688,   0.300,   4.888
202602230706,   4.714,   4.828,9999.000,9999.000,9999.000,9999.000,9999.000,9999.000,9999.000
202602230712,   4.768,   4.847,9999.000,9999.000,9999.000,9999.000,9999.000,9999.000,9999.000
202602230718,   4.819,   4.939,9999.000,9999.000,9999.000,9999.000,9999.000,9999.000,9999.000
202602230724,   4.866,   5.047,9999.000,9999.000,9999.000,9999.000,9999.000,9999.000,9999.000
202602230730,   4.911,   5.067,9999.000,9999.000,9999.000,9999.000,9999.000,9999.000,9999.000
202602230736,   4.952,   5.129,9999.000,9999.000,9999.000,9999.000,9999.000,9999.000,9999.000
202602230742,   4.990,   5.149,9999.000,9999.000,9999.000,9999.000,9999.000,9999.000,9999.000
202602230748,   5.024,   5.149,9999.000,9999.000,9999.000,9999.000,9999.000,9999.000,9999.000
202602230754,   5.054,   5.208,9999.000,9999.000,9999.000,9999.000,9999.000,9999.000,9999.000
202602230800,   5.081,   5.277,   0.400,  -0.204,   5.277,   0.300,   5.177,   0.400,   5.277
202602230806,   5.104,   5.307,9999.000,9999.000,9999.000,9999.000,9999.000,9999.000,9999.000
202602230812,   5.123,   5.329,9999.000,9999.000,9999.000,9999.000,9999.000,9999.000,9999.000
202602230818,   5.138,   5.247,9999.000,9999.000,9999.000,9999.000,9999.000,9999.000,9999.000
202602230824,   5.149,   5.238,9999.000,9999.000,9999.000,9999.000,9999.000,9999.000,9999.000
202602230830,   5.156,   5.307,9999.000,9999.000,9999.000,9999.000,9999.000,9999.000,9999.000
202602230836,   5.158,   5.329,9999.000,9999.000,9999.000,9999.000,9999.000,9999.000,9999.000
202602230842,   5.157,   5.398,9999.000,9999.000,9999.000,9999.000,9999.000,9999.000,9999.000
202602230848,   5.152,   5.320,9999.000,9999.000,9999.000,9999.000,9999.000,9999.000,9999.000
202602230854,   5.142,   5.307,9999.000,9999.000,9999.000,9999.000,9999.000,9999.000,9999.000
202602230900,   5.128,   5.247,   0.400,  -0.281,   5.247,   0.300,   5.147,   0.400,   5.247
202602230906,   5.110,   5.208,9999.000,9999.000,9999.000,9999.000,9999.000,9999.000,9999.000
202602230912,   5.088,   5.267,9999.000,9999.000,9999.000,9999.000,9999.000,9999.000,9999.000
202602230918,   5.062,   5.257,9999.000,9999.000,9999.000,9999.000,9999.000,9999.000,9999.000
202602230924,   5.032,   5.238,9999.000,9999.000,9999.000,9999.000,9999.000,9999.000,9999.000
202602230930,   4.998,   5.188,9999.000,9999.000,9999.000,9999.000,9999.000,9999.000,9999.000
202602230936,   4.960,   5.129,9999.000,9999.000,9999.000,9999.000,9999.000,9999.000,9999.000
202602230942,   4.918,   5.038,9999.000,9999.000,9999.000,9999.000,9999.000,9999.000,9999.000
202602230948,   4.873,   4.988,9999.000,9999.000,9999.000,9999.000,9999.000,9999.000,9999.000
202602230954,   4.823,   4.988,9999.000,9999.000,9999.000,9999.000,9999.000,9999.000,9999.000
202602231000,   4.771,   4.900,   0.200,  -0.071,   4.900,   0.200,   4.900,   0.300,   5.000
202602231006,   4.714,   4.778,9999.000,9999.000,9999.000,9999.000,9999.000,9999.000,9999.000
202602231012,   4.655,   4.788,9999.000,9999.000,9999.000,9999.000,9999.000,9999.000,9999.000
202602231018,   4.592,   4.788,9999.000,9999.000,9999.000,9999.000,9999.000,9999.000,9999.000
202602231024,   4.526,   4.637,9999.000,9999.000,9999.000,9999.000,9999.000,9999.000,9999.000
202602231030,   4.457,   4.588,9999.000,9999.000,9999.000,9999.000,9999.000,9999.000,9999.000
202602231036,   4.385,   4.490,9999.000,9999.000,9999.000,9999.000,9999.000,9999.000,9999.000
202602231042,   4.310,   4.398,9999.000,9999.000,9999.000,9999.000,9999.000,9999.000,9999.000
202602231048,   4.233,   4.349,9999.000,9999.000,9999.000,9999.000,9999.000,9999.000,9999.000
202602231054,   4.153,   4.267,9999.000,9999.000,9999.000,9999.000,9999.000,9999.000,9999.000
202602231100,   4.071,   4.218,   0.300,  -0.153,   4.218,   0.200,   4.118,   0.300,   4.218
202602231106,   3.987,   4.119,9999.000,9999.000,9999.000,9999.000,9999.000,9999.000,9999.000
202602231112,   3.901,   4.057,9999.000,9999.000,9999.000,9999.000,9999.000,9999.000,9999.000
202602231118,   3.813,   3.968,9999.000,9999.000,9999.000,9999.000,9999.000,9999.000,9999.000
202602231124,   3.724,   3.808,9999.000,9999.000,9999.000,9999.000,9999.000,9999.000,9999.000
202602231130,   3.633,   3.739,9999.000,9999.000,9999.000,9999.000,9999.000,9999.000,9999.000
202602231136,   3.540,   3.758,9999.000,9999.000,9999.000,9999.000,9999.000,9999.000,9999.000
202602231142,   3.447,   3.588,9999.000,9999.000,9999.000,9999.000,9999.000,9999.000,9999.000
202602231148,   3.352,   3.450,9999.000,9999.000,9999.000,9999.000,9999.000,9999.000,9999.000
202602231154,   3.257,   3.368,9999.000,9999.000,9999.000,9999.000,9999.000,9999.000,9999.000
202602231200,   3.162,   3.279,   0.300,  -0.183,   3.279,   0.300,   3.279,   0.400,   3.379
202602231206,   3.065,   3.240,9999.000,9999.000,9999.000,9999.000,9999.000,9999.000,9999.000
202602231212,   2.969,   3.119,9999.000,9999.000,9999.000,9999.000,9999.000,9999.000,9999.000
202602231218,   2.872,   2.988,9999.000,9999.000,9999.000,9999.000,9999.000,9999.000,9999.000
202602231224,   2.776,   2.850,9999.000,9999.000,9999.000,9999.000,9999.000,9999.000,9999.000
202602231230,   2.680,   2.778,9999.000,9999.000,9999.000,9999.000,9999.000,9999.000,9999.000
202602231236,   2.585,   2.748,9999.000,9999.000,9999.000,9999.000,9999.000,9999.000,9999.000
202602231242,   2.490,   2.630,9999.000,9999.000,9999.000,9999.000,9999.000,9999.000,9999.000
202602231248,   2.396,   2.558,9999.000,9999.000,9999.000,9999.000,9999.000,9999.000,9999.000
202602231254,   2.303,   2.489,9999.000,9999.000,9999.000,9999.000,9999.000,9999.000,9999.000
202602231300,   2.211,   2.368,   0.300,  -0.143,   2.368,   0.200,   2.268,   0.400,   2.468
202602231306,   2.121,   2.230,9999.000,9999.000,9999.000,9999.000,9999.000,9999.000,9999.000
202602231312,   2.032,   2.191,9999.000,9999.000,9999.000,9999.000,9999.000,9999.000,9999.000
202602231318,   1.945,   2.118,9999.000,9999.000,9999.000,9999.000,9999.000,9999.000,9999.000
202602231324,   1.860,   2.059,9999.000,9999.000,9999.000,9999.000,9999.000,9999.000,9999.000
202602231330,   1.776,   1.981,9999.000,9999.000,9999.000,9999.000,9999.000,9999.000,9999.000
202602231336,   1.695,   1.859,9999.000,9999.000,9999.000,9999.000,9999.000,9999.000,9999.000
202602231342,   1.617,   1.767,9999.000,9999.000,9999.000,9999.000,9999.000,9999.000,9999.000
202602231348,   1.540,   1.728,9999.000,9999.000,9999.000,9999.000,9999.000,9999.000,9999.000
202602231354,   1.466,   1.639,9999.000,9999.000,9999.000,9999.000,9999.000,9999.000,9999.000
202602231400,   1.395,   1.557,   0.200,  -0.038,   1.557,   0.200,   1.557,   0.300,   1.657
202602231406,   1.327,   1.469,9999.000,9999.000,9999.000,9999.000,9999.000,9999.000,9999.000
202602231412,   1.261,   1.439,9999.000,9999.000,9999.000,9999.000,9999.000,9999.000,9999.000
202602231418,   1.198,   1.371,9999.000,9999.000,9999.000,9999.000,9999.000,9999.000,9999.000
202602231424,   1.139,   1.269,9999.000,9999.000,9999.000,9999.000,9999.000,9999.000,9999.000
202602231430,   1.082,   1.249,9999.000,9999.000,9999.000,9999.000,9999.000,9999.000,9999.000
202602231436,   1.028,   1.151,9999.000,9999.000,9999.000,9999.000,9999.000,9999.000,9999.000
202602231442,   0.978,   1.138,9999.000,9999.000,9999.000,9999.000,9999.000,9999.000,9999.000
202602231448,   0.931,   1.138,9999.000,9999.000,9999.000,9999.000,9999.000,9999.000,9999.000
202602231454,   0.887,   1.118,9999.000,9999.000,9999.000,9999.000,9999.000,9999.000,9999.000
202602231500,   0.846,   1.039,   0.200,  -0.007,   1.039,   0.200,   1.039,   0.300,   1.139
202602231506,   0.809,   1.000,9999.000,9999.000,9999.000,9999.000,9999.000,9999.000,9999.000
202602231512,   0.774,   1.000,9999.000,9999.000,9999.000,9999.000,9999.000,9999.000,9999.000
202602231518,   0.743,   0.990,9999.000,9999.000,9999.000,9999.000,9999.000,9999.000,9999.000
202602231524,   0.715,   0.941,9999.000,9999.000,9999.000,9999.000,9999.000,9999.000,9999.000
202602231530,   0.691,   0.941,9999.000,9999.000,9999.000,9999.000,9999.000,9999.000,9999.000
202602231536,   0.669,   0.941,9999.000,9999.000,9999.000,9999.000,9999.000,9999.000,9999.000
202602231542,   0.651,   0.888,9999.000,9999.000,9999.000,9999.000,9999.000,9999.000,9999.000
202602231548,   0.636,   0.869,9999.000,9999.000,9999.000,9999.000,9999.000,9999.000,9999.000
202602231554,   0.624,   0.849,9999.000,9999.000,9999.000,9999.000,9999.000,9999.000,9999.000
202602231600,   0.615,   0.888,   0.400,  -0.127,   0.888,   0.300,   0.788,   0.400,   0.888
202602231606,   0.609,   0.869,9999.000,9999.000,9999.000,9999.000,9999.000,9999.000,9999.000
202602231612,   0.605,   0.859,9999.000,9999.000,9999.000,9999.000,9999.000,9999.000,9999.000
202602231618,   0.605,   0.869,9999.000,9999.000,9999.000,9999.000,9999.000,9999.000,9999.000
202602231624,   0.607,   0.879,9999.000,9999.000,9999.000,9999.000,9999.000,9999.000,9999.000
202602231630,   0.612,   0.879,9999.000,9999.000,9999.000,9999.000,9999.000,9999.000,9999.000
202602231636,   0.620,   0.941,9999.000,9999.000,9999.000,9999.000,9999.000,9999.000,9999.000
202602231642,   0.630,   0.898,9999.000,9999.000,9999.000,9999.000,9999.000,9999.000,9999.000
202602231648,   0.643,   0.869,9999.000,9999.000,9999.000,9999.000,9999.000,9999.000,9999.000
202602231654,   0.659,   0.898,9999.000,9999.000,9999.000,9999.000,9999.000,9999.000,9999.000
202602231700,   0.676,   0.970,   0.300,  -0.006,   0.970,   0.300,   0.970,   0.400,   1.070
202602231706,   0.696,   0.951,9999.000,9999.000,9999.000,9999.000,9999.000,9999.000,9999.000
202602231712,   0.718,   0.980,9999.000,9999.000,9999.000,9999.000,9999.000,9999.000,9999.000
202602231718,   0.742,   0.990,9999.000,9999.000,9999.000,9999.000,9999.000,9999.000,9999.000
202602231724,   0.769,   1.049,9999.000,9999.000,9999.000,9999.000,9999.000,9999.000,9999.000
202602231730,   0.797,   1.010,9999.000,9999.000,9999.000,9999.000,9999.000,9999.000,9999.000
202602231736,   0.827,   1.128,9999.000,9999.000,9999.000,9999.000,9999.000,9999.000,9999.000
202602231742,   0.859,   1.138,9999.000,9999.000,9999.000,9999.000,9999.000,9999.000,9999.000
202602231748,   0.892,   1.118,9999.000,9999.000,9999.000,9999.000,9999.000,9999.000,9999.000
202602231754,   0.928,   1.190,9999.000,9999.000,9999.000,9999.000,9999.000,9999.000,9999.000
202602231800,   0.964,   1.220,   0.200,   0.056,   1.220,   0.200,   1.220,   0.200,   1.220
202602231806,   1.002,   1.269,9999.000,9999.000,9999.000,9999.000,9999.000,9999.000,9999.000
202602231812,   1.041,   1.361,9999.000,9999.000,9999.000,9999.000,9999.000,9999.000,9999.000
202602231818,   1.082,   1.361,9999.000,9999.000,9999.000,9999.000,9999.000,9999.000,9999.000
202602231824,   1.123,   1.390,9999.000,9999.000,9999.000,9999.000,9999.000,9999.000,9999.000
202602231830,   1.165,   1.430,9999.000,9999.000,9999.000,9999.000,9999.000,9999.000,9999.000
202602231836,   1.209,   1.430,9999.000,9999.000,9999.000,9999.000,9999.000,9999.000,9999.000
202602231842,   1.253,   1.528,9999.000,9999.000,9999.000,9999.000,9999.000,9999.000,9999.000
202602231848,   1.297,   1.580,9999.000,9999.000,9999.000,9999.000,9999.000,9999.000,9999.000
202602231854,   1.342,   1.639,9999.000,9999.000,9999.000,9999.000,9999.000,9999.000,9999.000
202602231900,   1.387,   1.600,   0.200,   0.013,   1.600,   0.100,   1.500,   0.300,   1.700
202602231906,   1.433,   1.659,9999.000,9999.000,9999.000,9999.000,9999.000,9999.000,9999.000
202602231912,   1.478,   1.669,9999.000,9999.000,9999.000,9999.000,9999.000,9999.000,9999.000
202602231918,   1.524,   1.758,9999.000,9999.000,9999.000,9999.000,9999.000,9999.000,9999.000
202602231924,   1.569,   1.767,9999.000,9999.000,9999.000,9999.000,9999.000,9999.000,9999.000
202602231930,   1.615,   1.781,9999.000,9999.000,9999.000,9999.000,9999.000,9999.000,9999.000
202602231936,   1.659,   1.830,9999.000,9999.000,9999.000,9999.000,9999.000,9999.000,9999.000
202602231942,   1.704,   1.958,9999.000,9999.000,9999.000,9999.000,9999.000,9999.000,9999.000
202602231948,   1.747,   1.928,9999.000,9999.000,9999.000,9999.000,9999.000,9999.000,9999.000
202602231954,   1.790,   1.948,9999.000,9999.000,9999.000,9999.000,9999.000,9999.000,9999.000
202602232000,   1.832,   1.990,   0.300,  -0.142,   1.990,   0.300,   1.990,   0.300,   1.990
202602232006,   1.873,   2.059,9999.000,9999.000,9999.000,9999.000,9999.000,9999.000,9999.000
202602232012,   1.914,   2.099,9999.000,9999.000,9999.000,9999.000,9999.000,9999.000,9999.000
202602232018,   1.953,   2.191,9999.000,9999.000,9999.000,9999.000,9999.000,9999.000,9999.000
202602232024,   1.990,   2.200,9999.000,9999.000,9999.000,9999.000,9999.000,9999.000,9999.000
202602232030,   2.027,   2.230,9999.000,9999.000,9999.000,9999.000,9999.000,9999.000,9999.000
202602232036,   2.062,   2.250,9999.000,9999.000,9999.000,9999.000,9999.000,9999.000,9999.000
202602232042,   2.096,   2.210,9999.000,9999.000,9999.000,9999.000,9999.000,9999.000,9999.000
202602232048,   2.128,   2.259,9999.000,9999.000,9999.000,9999.000,9999.000,9999.000,9999.000
202602232054,   2.159,9999.000,9999.000,9999.000,9999.000,9999.000,9999.000,9999.000,9999.000
202602232100,   2.188,   2.348,   0.300,  -0.140,   2.348,   0.200,   2.248,   0.300,   2.348
202602232106,   2.215,   2.348,9999.000,9999.000,9999.000,9999.000,9999.000,9999.000,9999.000
202602232112,   2.241,   2.387,9999.000,9999.000,9999.000,9999.000,9999.000,9999.000,9999.000
202602232118,   2.265,   2.377,9999.000,9999.000,9999.000,9999.000,9999.000,9999.000,9999.000
202602232124,   2.287,   2.450,9999.000,9999.000,9999.000,9999.000,9999.000,9999.000,9999.000
202602232130,   2.308,   2.469,9999.000,9999.000,9999.000,9999.000,9999.000,9999.000,9999.000
202602232136,   2.327,   2.509,9999.000,9999.000,9999.000,9999.000,9999.000,9999.000,9999.000
202602232142,   2.344,   2.410,9999.000,9999.000,9999.000,9999.000,9999.000,9999.000,9999.000
202602232148,   2.359,   2.450,9999.000,9999.000,9999.000,9999.000,9999.000,9999.000,9999.000
202602232154,   2.373,   2.509,9999.000,9999.000,9999.000,9999.000,9999.000,9999.000,9999.000
202602232200,   2.385,   2.578,   0.300,  -0.107,   2.578,   0.300,   2.578,   0.300,   2.578
202602232206,   2.395,   2.620,9999.000,9999.000,9999.000,9999.000,9999.000,9999.000,9999.000
202602232212,   2.403,   2.610,9999.000,9999.000,9999.000,9999.000,9999.000,9999.000,9999.000
202602232218,   2.410,   2.538,9999.000,9999.000,9999.000,9999.000,9999.000,9999.000,9999.000
202602232224,   2.415,   2.558,9999.000,9999.000,9999.000,9999.000,9999.000,9999.000,9999.000
202602232230,   2.419,   2.519,9999.000,9999.000,9999.000,9999.000,9999.000,9999.000,9999.000
202602232236,   2.421,   2.538,9999.000,9999.000,9999.000,9999.000,9999.000,9999.000,9999.000
202602232242,   2.421,   2.558,9999.000,9999.000,9999.000,9999.000,9999.000,9999.000,9999.000
202602232248,   2.420,   2.587,9999.000,9999.000,9999.000,9999.000,9999.000,9999.000,9999.000
202602232254,   2.418,   2.509,9999.000,9999.000,9999.000,9999.000,9999.000,9999.000,9999.000
202602232300,   2.414,   2.528,   0.300,  -0.186,   2.528,   0.300,   2.528,   0.300,   2.528
202602232306,   2.409,   2.519,9999.000,9999.000,9999.000,9999.000,9999.000,9999.000,9999.000
202602232312,   2.403,   2.538,9999.000,9999.000,9999.000,9999.000,9999.000,9999.000,9999.000
202602232318,   2.395,   2.509,9999.000,9999.000,9999.000,9999.000,9999.000,9999.000,9999.000
202602232324,   2.387,   2.528,9999.000,9999.000,9999.000,9999.000,9999.000,9999.000,9999.000
202602232330,   2.377,   2.528,9999.000,9999.000,9999.000,9999.000,9999.000,9999.000,9999.000
202602232336,   2.367,   2.528,9999.000,9999.000,9999.000,9999.000,9999.000,9999.000,9999.000
202602232342,   2.356,   2.499,9999.000,9999.000,9999.000,9999.000,9999.000,9999.000,9999.000
202602232348,   2.343,   2.509,9999.000,9999.000,9999.000,9999.000,9999.000,9999.000,9999.000
202602232354,   2.331,9999.000,9999.000,9999.000,9999.000,9999.000,9999.000,9999.000,9999.000
202602240000,   2.318,   2.538,   0.400,  -0.180,   2.538,   0.300,   2.438,   0.400,   2.538
202602240006,   2.304,   2.538,9999.000,9999.000,9999.000,9999.000,9999.000,9999.000,9999.000
202602240012,   2.290,   2.509,9999.000,9999.000,9999.000,9999.000,9999.000,9999.000,9999.000
202602240018,   2.276,   2.499,9999.000,9999.000,9999.000,9999.000,9999.000,9999.000,9999.000
202602240024,   2.261,   2.430,9999.000,9999.000,9999.000,9999.000,9999.000,9999.000,9999.000
202602240030,   2.247,   2.387,9999.000,9999.000,9999.000,9999.000,9999.000,9999.000,9999.000
202602240036,   2.233,   2.387,9999.000,9999.000,9999.000,9999.000,9999.000,9999.000,9999.000
202602240042,   2.218,   2.440,9999.000,9999.000,9999.000,9999.000,9999.000,9999.000,9999.000
202602240048,   2.205,   2.459,9999.000,9999.000,9999.000,9999.000,9999.000,9999.000,9999.000
202602240054,   2.191,   2.387,9999.000,9999.000,9999.000,9999.000,9999.000,9999.000,9999.000
202602240100,   2.178,   2.338,   0.400,  -0.240,   2.338,   0.300,   2.238,   0.400,   2.338
202602240106,   2.166,   2.358,9999.000,9999.000,9999.000,9999.000,9999.000,9999.000,9999.000
202602240112,   2.155,   2.377,9999.000,9999.000,9999.000,9999.000,9999.000,9999.000,9999.000
202602240118,   2.144,   2.410,9999.000,9999.000,9999.000,9999.000,9999.000,9999.000,9999.000
202602240124,   2.135,   2.318,9999.000,9999.000,9999.000,9999.000,9999.000,9999.000,9999.000
202602240130,   2.126,   2.318,9999.000,9999.000,9999.000,9999.000,9999.000,9999.000,9999.000
202602240136,   2.119,   2.289,9999.000,9999.000,9999.000,9999.000,9999.000,9999.000,9999.000
202602240142,   2.113,   2.338,9999.000,9999.000,9999.000,9999.000,9999.000,9999.000,9999.000
202602240148,   2.109,   2.358,9999.000,9999.000,9999.000,9999.000,9999.000,9999.000,9999.000
202602240154,   2.106,   2.358,9999.000,9999.000,9999.000,9999.000,9999.000,9999.000,9999.000
202602240200,   2.104,   2.318,   0.300,  -0.086,   2.318,   0.300,   2.318,   0.400,   2.418
202602240206,   2.104,   2.377,9999.000,9999.000,9999.000,9999.000,9999.000,9999.000,9999.000
202602240212,   2.106,   2.400,9999.000,9999.000,9999.000,9999.000,9999.000,9999.000,9999.000
202602240218,   2.109,   2.318,9999.000,9999.000,9999.000,9999.000,9999.000,9999.000,9999.000
202602240224,   2.115,   2.368,9999.000,9999.000,9999.000,9999.000,9999.000,9999.000,9999.000
202602240230,   2.122,   2.338,9999.000,9999.000,9999.000,9999.000,9999.000,9999.000,9999.000
202602240236,   2.131,   2.338,9999.000,9999.000,9999.000,9999.000,9999.000,9999.000,9999.000
202602240242,   2.142,   2.387,9999.000,9999.000,9999.000,9999.000,9999.000,9999.000,9999.000
202602240248,   2.155,   2.420,9999.000,9999.000,9999.000,9999.000,9999.000,9999.000,9999.000
202602240254,   2.169,   2.410,9999.000,9999.000,9999.000,9999.000,9999.000,9999.000,9999.000
202602240300,   2.186,   2.459,   0.300,  -0.027,   2.459,   0.300,   2.459,   0.400,   2.559
202602240306,   2.205,   2.377,9999.000,9999.000,9999.000,9999.000,9999.000,9999.000,9999.000
202602240312,   2.226,   2.469,9999.000,9999.000,9999.000,9999.000,9999.000,9999.000,9999.000
202602240318,   2.249,   2.479,9999.000,9999.000,9999.000,9999.000,9999.000,9999.000,9999.000
202602240324,   2.274,   2.499,9999.000,9999.000,9999.000,9999.000,9999.000,9999.000,9999.000
202602240330,   2.300,   2.538,9999.000,9999.000,9999.000,9999.000,9999.000,9999.000,9999.000
202602240336,   2.329,   2.558,9999.000,9999.000,9999.000,9999.000,9999.000,9999.000,9999.000
202602240342,   2.359,   2.558,9999.000,9999.000,9999.000,9999.000,9999.000,9999.000,9999.000
202602240348,   2.392,   2.650,9999.000,9999.000,9999.000,9999.000,9999.000,9999.000,9999.000
202602240354,   2.426,   2.660,9999.000,9999.000,9999.000,9999.000,9999.000,9999.000,9999.000
202602240400,   2.462,   2.660,   0.300,  -0.102,   2.660,   0.300,   2.660,   0.400,   2.760
202602240406,   2.500,   2.738,9999.000,9999.000,9999.000,9999.000,9999.000,9999.000,9999.000
202602240412,   2.540,   2.807,9999.000,9999.000,9999.000,9999.000,9999.000,9999.000,9999.000
202602240418,   2.581,   2.787,9999.000,9999.000,9999.000,9999.000,9999.000,9999.000,9999.000
202602240424,   2.624,   2.820,9999.000,9999.000,9999.000,9999.000,9999.000,9999.000,9999.000
202602240430,   2.668,   2.850,9999.000,9999.000,9999.000,9999.000,9999.000,9999.000,9999.000
202602240436,   2.714,   2.889,9999.000,9999.000,9999.000,9999.000,9999.000,9999.000,9999.000
202602240442,   2.762,   2.968,9999.000,9999.000,9999.000,9999.000,9999.000,9999.000,9999.000
202602240448,   2.811,   3.050,9999.000,9999.000,9999.000,9999.000,9999.000,9999.000,9999.000
202602240454,   2.861,   3.089,9999.000,9999.000,9999.000,9999.000,9999.000,9999.000,9999.000
202602240500,   2.913,   3.129,   0.300,  -0.084,   3.129,   0.300,   3.129,   0.400,   3.229
202602240506,   2.966,   3.178,9999.000,9999.000,9999.000,9999.000,9999.000,9999.000,9999.000
202602240512,   3.020,   3.289,9999.000,9999.000,9999.000,9999.000,9999.000,9999.000,9999.000
202602240518,   3.075,   3.260,9999.000,9999.000,9999.000,9999.000,9999.000,9999.000,9999.000
202602240524,   3.131,   3.348,9999.000,9999.000,9999.000,9999.000,9999.000,9999.000,9999.000
202602240530,   3.188,   3.427,9999.000,9999.000,9999.000,9999.000,9999.000,9999.000,9999.000
202602240536,   3.246,   3.509,9999.000,9999.000,9999.000,9999.000,9999.000,9999.000,9999.000
202602240542,   3.305,   3.588,9999.000,9999.000,9999.000,9999.000,9999.000,9999.000,9999.000
202602240548,   3.365,   3.617,9999.000,9999.000,9999.000,9999.000,9999.000,9999.000,9999.000
202602240554,   3.425,   3.660,9999.000,9999.000,9999.000,9999.000,9999.000,9999.000,9999.000
202602240600,   3.486,   3.709,   0.400,  -0.177,   3.709,   0.400,   3.709,   0.400,   3.709
202602240606,   3.548,   3.768,9999.000,9999.000,9999.000,9999.000,9999.000,9999.000,9999.000
202602240612,   3.609,   3.870,9999.000,9999.000,9999.000,9999.000,9999.000,9999.000,9999.000
202602240618,   3.671,   3.890,9999.000,9999.000,9999.000,9999.000,9999.000,9999.000,9999.000
202602240624,   3.733,   3.939,9999.000,9999.000,9999.000,9999.000,9999.000,9999.000,9999.000
202602240630,   3.796,   4.047,9999.000,9999.000,9999.000,9999.000,9999.000,9999.000,9999.000
202602240636,   3.858,   4.178,9999.000,9999.000,9999.000,9999.000,9999.000,9999.000,9999.000
202602240642,   3.920,   4.247,9999.000,9999.000,9999.000,9999.000,9999.000,9999.000,9999.000
202602240648,   3.982,   4.257,9999.000,9999.000,9999.000,9999.000,9999.000,9999.000,9999.000
202602240654,   4.043,   4.227,9999.000,9999.000,9999.000,9999.000,9999.000,9999.000,9999.000
202602240700,   4.104,   4.329,   0.300,  -0.075,   4.329,   0.200,   4.229,   0.400,   4.429
202602240706,   4.164,   4.388,9999.000,9999.000,9999.000,9999.000,9999.000,9999.000,9999.000
202602240712,   4.223,   4.519,9999.000,9999.000,9999.000,9999.000,9999.000,9999.000,9999.000
202602240718,   4.282,   4.598,9999.000,9999.000,9999.000,9999.000,9999.000,9999.000,9999.000
202602240724,   4.339,   4.608,9999.000,9999.000,9999.000,9999.000,9999.000,9999.000,9999.000
202602240730,   4.395,   4.667,9999.000,9999.000,9999.000,9999.000,9999.000,9999.000,9999.000
202602240736,   4.450,   4.677,9999.000,9999.000,9999.000,9999.000,9999.000,9999.000,9999.000
202602240742,   4.503,   4.769,9999.000,9999.000,9999.000,9999.000,9999.000,9999.000,9999.000
202602240748,   4.555,   4.877,9999.000,9999.000,9999.000,9999.000,9999.000,9999.000,9999.000
202602240754,   4.605,   4.818,9999.000,9999.000,9999.000,9999.000,9999.000,9999.000,9999.000
202602240800,   4.653,   4.847,   0.400,  -0.206,   4.847,   0.400,   4.847,   0.400,   4.847
202602240806,   4.699,   4.910,9999.000,9999.000,9999.000,9999.000,9999.000,9999.000,9999.000
202602240812,   4.744,   5.008,9999.000,9999.000,9999.000,9999.000,9999.000,9999.000,9999.000
202602240818,   4.785,   4.969,9999.000,9999.000,9999.000,9999.000,9999.000,9999.000,9999.000
202602240824,   4.825,   5.057,9999.000,9999.000,9999.000,9999.000,9999.000,9999.000,9999.000
202602240830,   4.862,   5.110,9999.000,9999.000,9999.000,9999.000,9999.000,9999.000,9999.000
202602240836,   4.897,   5.159,9999.000,9999.000,9999.000,9999.000,9999.000,9999.000,9999.000
202602240842,   4.929,   5.129,9999.000,9999.000,9999.000,9999.000,9999.000,9999.000,9999.000
202602240848,   4.958,   5.159,9999.000,9999.000,9999.000,9999.000,9999.000,9999.000,9999.000
202602240854,   4.985,   5.198,9999.000,9999.000,9999.000,9999.000,9999.000,9999.000,9999.000
202602240900,   5.008,   5.218,   0.500,  -0.290,   5.218,   0.400,   5.118,   0.500,   5.218
202602240906,   5.029,   5.198,9999.000,9999.000,9999.000,9999.000,9999.000,9999.000,9999.000
202602240912,   5.046,   5.267,9999.000,9999.000,9999.000,9999.000,9999.000,9999.000,9999.000
202602240918,   5.061,   5.297,9999.000,9999.000,9999.000,9999.000,9999.000,9999.000,9999.000
202602240924,   5.072,   5.349,9999.000,9999.000,9999.000,9999.000,9999.000,9999.000,9999.000
202602240930,   5.080,   5.247,9999.000,9999.000,9999.000,9999.000,9999.000,9999.000,9999.000
202602240936,   5.085,   5.247,9999.000,9999.000,9999.000,9999.000,9999.000,9999.000,9999.000
202602240942,   5.087,   5.257,9999.000,9999.000,9999.000,9999.000,9999.000,9999.000,9999.000
202602240948,   5.085,   5.218,9999.000,9999.000,9999.000,9999.000,9999.000,9999.000,9999.000
202602240954,   5.080,   5.277,9999.000,9999.000,9999.000,9999.000,9999.000,9999.000,9999.000
202602241000,   5.071,   5.287,   0.400,  -0.184,   5.287,   0.400,   5.287,   0.400,   5.287
202602241006,   5.059,   5.297,9999.000,9999.000,9999.000,9999.000,9999.000,9999.000,9999.000
202602241012,   5.044,   5.238,9999.000,9999.000,9999.000,9999.000,9999.000,9999.000,9999.000
202602241018,   5.025,   5.188,9999.000,9999.000,9999.000,9999.000,9999.000,9999.000,9999.000
202602241024,   5.003,   5.179,9999.000,9999.000,9999.000,9999.000,9999.000,9999.000,9999.000
202602241030,   4.978,   5.188,9999.000,9999.000,9999.000,9999.000,9999.000,9999.000,9999.000
202602241036,   4.949,   5.120,9999.000,9999.000,9999.000,9999.000,9999.000,9999.000,9999.000
202602241042,   4.917,   5.139,9999.000,9999.000,9999.000,9999.000,9999.000,9999.000,9999.000
202602241048,   4.881,   5.077,9999.000,9999.000,9999.000,9999.000,9999.000,9999.000,9999.000
202602241054,   4.842,   4.959,9999.000,9999.000,9999.000,9999.000,9999.000,9999.000,9999.000
202602241100,   4.800,   5.047,   0.300,  -0.053,   5.047,   0.300,   5.047,   0.400,   5.147
202602241106,   4.755,   5.028,9999.000,9999.000,9999.000,9999.000,9999.000,9999.000,9999.000
202602241112,   4.707,   4.929,9999.000,9999.000,9999.000,9999.000,9999.000,9999.000,9999.000
202602241118,   4.655,   4.837,9999.000,9999.000,9999.000,9999.000,9999.000,9999.000,9999.000
202602241124,   4.600,   4.798,9999.000,9999.000,9999.000,9999.000,9999.000,9999.000,9999.000
202602241130,   4.543,   4.710,9999.000,9999.000,9999.000,9999.000,9999.000,9999.000,9999.000
202602241136,   4.483,   4.710,9999.000,9999.000,9999.000,9999.000,9999.000,9999.000,9999.000
202602241142,   4.419,   4.578,9999.000,9999.000,9999.000,9999.000,9999.000,9999.000,9999.000
202602241148,   4.354,   4.509,9999.000,9999.000,9999.000,9999.000,9999.000,9999.000,9999.000
202602241154,   4.285,   4.437,9999.000,9999.000,9999.000,9999.000,9999.000,9999.000,9999.000
202602241200,   4.214,   4.418,   0.500,  -0.296,   4.418,   0.500,   4.418,   0.500,   4.418
202602241206,   4.141,   4.368,9999.000,9999.000,9999.000,9999.000,9999.000,9999.000,9999.000
202602241212,   4.065,   4.237,9999.000,9999.000,9999.000,9999.000,9999.000,9999.000,9999.000
202602241218,   3.988,   4.178,9999.000,9999.000,9999.000,9999.000,9999.000,9999.000,9999.000
202602241224,   3.908,   4.099,9999.000,9999.000,9999.000,9999.000,9999.000,9999.000,9999.000
202602241230,   3.826,   4.017,9999.000,9999.000,9999.000,9999.000,9999.000,9999.000,9999.000
202602241236,   3.743,   3.890,9999.000,9999.000,9999.000,9999.000,9999.000,9999.000,9999.000
202602241242,   3.658,   3.870,9999.000,9999.000,9999.000,9999.000,9999.000,9999.000,9999.000
202602241248,   3.571,   3.860,9999.000,9999.000,9999.000,9999.000,9999.000,9999.000,9999.000
202602241254,   3.484,   3.680,9999.000,9999.000,9999.000,9999.000,9999.000,9999.000,9999.000
202602241300,   3.395,   3.637,   0.600,  -0.358,   3.637,   0.500,   3.537,   0.600,   3.637
202602241306,   3.305,   3.480,9999.000,9999.000,9999.000,9999.000,9999.000,9999.000,9999.000
202602241312,   3.215,   3.407,9999.000,9999.000,9999.000,9999.000,9999.000,9999.000,9999.000
202602241318,   3.123,   3.329,9999.000,9999.000,9999.000,9999.000,9999.000,9999.000,9999.000
202602241324,   3.031,   3.279,9999.000,9999.000,9999.000,9999.000,9999.000,9999.000,9999.000
202602241330,   2.939,   3.168,9999.000,9999.000,9999.000,9999.000,9999.000,9999.000,9999.000
202602241336,   2.847,   3.050,9999.000,9999.000,9999.000,9999.000,9999.000,9999.000,9999.000
202602241342,   2.754,   2.997,9999.000,9999.000,9999.000,9999.000,9999.000,9999.000,9999.000
202602241348,   2.662,   2.879,9999.000,9999.000,9999.000,9999.000,9999.000,9999.000,9999.000
202602241354,   2.570,   2.879,9999.000,9999.000,9999.000,9999.000,9999.000,9999.000,9999.000
202602241400,   2.478,   2.719,   0.400,  -0.159,   2.719,   0.300,   2.619,   0.500,   2.819
202602241406,   2.387,   2.558,9999.000,9999.000,9999.000,9999.000,9999.000,9999.000,9999.000
202602241412,   2.297,   2.509,9999.000,9999.000,9999.000,9999.000,9999.000,9999.000,9999.000
202602241418,   2.207,   2.479,9999.000,9999.000,9999.000,9999.000,9999.000,9999.000,9999.000
202602241424,   2.118,   2.377,9999.000,9999.000,9999.000,9999.000,9999.000,9999.000,9999.000
202602241430,   2.031,   2.299,9999.000,9999.000,9999.000,9999.000,9999.000,9999.000,9999.000
202602241436,   1.944,   2.309,9999.000,9999.000,9999.000,9999.000,9999.000,9999.000,9999.000
202602241442,   1.859,   2.158,9999.000,9999.000,9999.000,9999.000,9999.000,9999.000,9999.000
202602241448,   1.776,   2.020,9999.000,9999.000,9999.000,9999.000,9999.000,9999.000,9999.000
202602241454,   1.693,   1.958,9999.000,9999.000,9999.000,9999.000,9999.000,9999.000,9999.000
202602241500,   1.613,   1.859,   0.400,  -0.154,   1.859,   0.400,   1.859,   0.500,   1.959
202602241506,   1.534,   1.840,9999.000,9999.000,9999.000,9999.000,9999.000,9999.000,9999.000
202602241512,   1.457,   1.699,9999.000,9999.000,9999.000,9999.000,9999.000,9999.000,9999.000
202602241518,   1.381,   1.649,9999.000,9999.000,9999.000,9999.000,9999.000,9999.000,9999.000
202602241524,   1.308,   1.620,9999.000,9999.000,9999.000,9999.000,9999.000,9999.000,9999.000
202602241530,   1.237,   1.620,9999.000,9999.000,9999.000,9999.000,9999.000,9999.000,9999.000
202602241536,   1.168,   1.538,9999.000,9999.000,9999.000,9999.000,9999.000,9999.000,9999.000
202602241542,   1.101,   1.400,9999.000,9999.000,9999.000,9999.000,9999.000,9999.000,9999.000
202602241548,   1.036,   1.328,9999.000,9999.000,9999.000,9999.000,9999.000,9999.000,9999.000
202602241554,   0.973,   1.269,9999.000,9999.000,9999.000,9999.000,9999.000,9999.000,9999.000
202602241600,   0.913,   1.190,   0.600,  -0.323,   1.190,   0.500,   1.090,   0.600,   1.190
202602241606,   0.855,   1.200,9999.000,9999.000,9999.000,9999.000,9999.000,9999.000,9999.000
202602241612,   0.800,   1.118,9999.000,9999.000,9999.000,9999.000,9999.000,9999.000,9999.000
202602241618,   0.747,   1.079,9999.000,9999.000,9999.000,9999.000,9999.000,9999.000,9999.000
202602241624,   0.696,   1.010,9999.000,9999.000,9999.000,9999.000,9999.000,9999.000,9999.000
202602241630,   0.649,   1.029,9999.000,9999.000,9999.000,9999.000,9999.000,9999.000,9999.000
202602241636,   0.603,   0.928,9999.000,9999.000,9999.000,9999.000,9999.000,9999.000,9999.000
202602241642,   0.561,   0.810,9999.000,9999.000,9999.000,9999.000,9999.000,9999.000,9999.000
202602241648,   0.521,   0.751,9999.000,9999.000,9999.000,9999.000,9999.000,9999.000,9999.000
202602241654,   0.484,   0.780,9999.000,9999.000,9999.000,9999.000,9999.000,9999.000,9999.000
202602241700,   0.450,   0.790,   0.500,  -0.160,   0.790,   0.500,   0.790,   0.500,   0.790
202602241706,   0.418,   0.698,9999.000,9999.000,9999.000,9999.000,9999.000,9999.000,9999.000
202602241712,   0.389,   0.708,9999.000,9999.000,9999.000,9999.000,9999.000,9999.000,9999.000
202602241718,   0.364,   0.741,9999.000,9999.000,9999.000,9999.000,9999.000,9999.000,9999.000
202602241724,   0.341,   0.629,9999.000,9999.000,9999.000,9999.000,9999.000,9999.000,9999.000
202602241730,   0.320,   0.669,9999.000,9999.000,9999.000,9999.000,9999.000,9999.000,9999.000
202602241736,   0.303,   0.600,9999.000,9999.000,9999.000,9999.000,9999.000,9999.000,9999.000
202602241742,   0.289,   0.560,9999.000,9999.000,9999.000,9999.000,9999.000,9999.000,9999.000
202602241748,   0.277,   0.649,9999.000,9999.000,9999.000,9999.000,9999.000,9999.000,9999.000
202602241754,   0.269,   0.649,9999.000,9999.000,9999.000,9999.000,9999.000,9999.000,9999.000
202602241800,   0.263,   0.678,   0.400,   0.015,   0.678,   0.400,   0.678,   0.500,   0.778
202602241806,   0.260,   0.698,9999.000,9999.000,9999.000,9999.000,9999.000,9999.000,9999.000
202602241812,   0.260,   0.659,9999.000,9999.000,9999.000,9999.000,9999.000,9999.000,9999.000
202602241818,   0.263,   0.639,9999.000,9999.000,9999.000,9999.000,9999.000,9999.000,9999.000
202602241824,   0.269,   0.669,9999.000,9999.000,9999.000,9999.000,9999.000,9999.000,9999.000
202602241830,   0.277,   0.698,9999.000,9999.000,9999.000,9999.000,9999.000,9999.000,9999.000
202602241836,   0.289,   0.731,9999.000,9999.000,9999.000,9999.000,9999.000,9999.000,9999.000
202602241842,   0.302,   0.718,9999.000,9999.000,9999.000,9999.000,9999.000,9999.000,9999.000
202602241848,   0.319,   0.751,9999.000,9999.000,9999.000,9999.000,9999.000,9999.000,9999.000
202602241854,   0.337,   0.718,9999.000,9999.000,9999.000,9999.000,9999.000,9999.000,9999.000
202602241900,   0.359,   0.741,   0.500,  -0.118,   0.741,   0.400,   0.641,   0.500,   0.741
202602241906,   0.382,   0.731,9999.000,9999.000,9999.000,9999.000,9999.000,9999.000,9999.000
202602241912,   0.408,   0.819,9999.000,9999.000,9999.000,9999.000,9999.000,9999.000,9999.000
202602241918,   0.437,   0.800,9999.000,9999.000,9999.000,9999.000,9999.000,9999.000,9999.000
202602241924,   0.467,   0.780,9999.000,9999.000,9999.000,9999.000,9999.000,9999.000,9999.000
202602241930,   0.499,   0.810,9999.000,9999.000,9999.000,9999.000,9999.000,9999.000,9999.000
202602241936,   0.533,   0.908,9999.000,9999.000,9999.000,9999.000,9999.000,9999.000,9999.000
202602241942,   0.570,   0.908,9999.000,9999.000,9999.000,9999.000,9999.000,9999.000,9999.000
202602241948,   0.607,   0.879,9999.000,9999.000,9999.000,9999.000,9999.000,9999.000,9999.000
202602241954,   0.647,   0.990,9999.000,9999.000,9999.000,9999.000,9999.000,9999.000,9999.000
202602242000,   0.688,   1.010,   0.500,  -0.178,   1.010,   0.400,   0.910,   0.500,   1.010
202602242006,   0.730,   1.059,9999.000,9999.000,9999.000,9999.000,9999.000,9999.000,9999.000
202602242012,   0.774,   1.138,9999.000,9999.000,9999.000,9999.000,9999.000,9999.000,9999.000
202602242018,   0.818,   1.210,9999.000,9999.000,9999.000,9999.000,9999.000,9999.000,9999.000
202602242024,   0.864,   1.229,9999.000,9999.000,9999.000,9999.000,9999.000,9999.000,9999.000
202602242030,   0.911,   1.308,9999.000,9999.000,9999.000,9999.000,9999.000,9999.000,9999.000
202602242036,   0.959,   1.338,9999.000,9999.000,9999.000,9999.000,9999.000,9999.000,9999.000
202602242042,   1.007,   1.348,9999.000,9999.000,9999.000,9999.000,9999.000,9999.000,9999.000
202602242048,   1.056,   1.430,9999.000,9999.000,9999.000,9999.000,9999.000,9999.000,9999.000
202602242054,   1.106,   1.479,9999.000,9999.000,9999.000,9999.000,9999.000,9999.000,9999.000
202602242100,   1.156,   1.479,   0.600,  -0.277,   1.479,   0.500,   1.379,   0.600,   1.479
202602242106,   1.206,   1.557,9999.000,9999.000,9999.000,9999.000,9999.000,9999.000,9999.000
202602242112,   1.257,   1.590,9999.000,9999.000,9999.000,9999.000,9999.000,9999.000,9999.000
202602242118,   1.307,   1.580,9999.000,9999.000,9999.000,9999.000,9999.000,9999.000,9999.000
202602242124,   1.358,   1.708,9999.000,9999.000,9999.000,9999.000,9999.000,9999.000,9999.000
202602242130,   1.409,   1.767,9999.000,9999.000,9999.000,9999.000,9999.000,9999.000,9999.000
202602242136,   1.459,   1.748,9999.000,9999.000,9999.000,9999.000,9999.000,9999.000,9999.000
202602242142,   1.509,   1.830,9999.000,9999.000,9999.000,9999.000,9999.000,9999.000,9999.000
202602242148,   1.559,   1.918,9999.000,9999.000,9999.000,9999.000,9999.000,9999.000,9999.000
202602242154,   1.608,   1.899,9999.000,9999.000,9999.000,9999.000,9999.000,9999.000,9999.000
202602242200,   1.657,   1.869,   0.500,  -0.288,   1.869,   0.500,   1.869,   0.600,   1.969
202602242206,   1.705,   2.020,9999.000,9999.000,9999.000,9999.000,9999.000,9999.000,9999.000
202602242212,   1.752,   2.079,9999.000,9999.000,9999.000,9999.000,9999.000,9999.000,9999.000
202602242218,   1.798,   2.079,9999.000,9999.000,9999.000,9999.000,9999.000,9999.000,9999.000
202602242224,   1.844,   2.059,9999.000,9999.000,9999.000,9999.000,9999.000,9999.000,9999.000
202602242230,   1.889,   2.128,9999.000,9999.000,9999.000,9999.000,9999.000,9999.000,9999.000
202602242236,   1.932,   2.220,9999.000,9999.000,9999.000,9999.000,9999.000,9999.000,9999.000
202602242242,   1.975,   2.318,9999.000,9999.000,9999.000,9999.000,9999.000,9999.000,9999.000
202602242248,   2.016,   2.309,9999.000,9999.000,9999.000,9999.000,9999.000,9999.000,9999.000
202602242254,   2.056,   2.338,9999.000,9999.000,9999.000,9999.000,9999.000,9999.000,9999.000
202602242300,   2.095,   2.309,   0.500,  -0.286,   2.309,   0.400,   2.209,   0.500,   2.309
202602242306,   2.133,   2.338,9999.000,9999.000,9999.000,9999.000,9999.000,9999.000,9999.000
202602242312,   2.169,   2.420,9999.000,9999.000,9999.000,9999.000,9999.000,9999.000,9999.000
202602242318,   2.204,   2.469,9999.000,9999.000,9999.000,9999.000,9999.000,9999.000,9999.000
202602242324,   2.237,   2.538,9999.000,9999.000,9999.000,9999.000,9999.000,9999.000,9999.000
202602242330,   2.269,   2.597,9999.000,9999.000,9999.000,9999.000,9999.000,9999.000,9999.000
202602242336,   2.299,   2.558,9999.000,9999.000,9999.000,9999.000,9999.000,9999.000,9999.000
202602242342,   2.328,   2.538,9999.000,9999.000,9999.000,9999.000,9999.000,9999.000,9999.000
202602242348,   2.355,   2.587,9999.000,9999.000,9999.000,9999.000,9999.000,9999.000,9999.000
202602242354,   2.381,   2.689,9999.000,9999.000,9999.000,9999.000,9999.000,9999.000,9999.000
202602250000,   2.405,   2.689,   0.500,  -0.216,   2.689,   0.500,   2.689,   0.500,   2.689
202602250006,   2.428,   2.679,9999.000,9999.000,9999.000,9999.000,9999.000,9999.000,9999.000
202602250012,   2.449,   2.679,9999.000,9999.000,9999.000,9999.000,9999.000,9999.000,9999.000
202602250018,   2.468,   2.728,9999.000,9999.000,9999.000,9999.000,9999.000,9999.000,9999.000
202602250024,   2.486,   2.748,9999.000,9999.000,9999.000,9999.000,9999.000,9999.000,9999.000
202602250030,   2.503,   2.850,9999.000,9999.000,9999.000,9999.000,9999.000,9999.000,9999.000
202602250036,   2.518,   2.899,9999.000,9999.000,9999.000,9999.000,9999.000,9999.000,9999.000
202602250042,   2.532,   2.830,9999.000,9999.000,9999.000,9999.000,9999.000,9999.000,9999.000
202602250048,   2.544,   2.869,9999.000,9999.000,9999.000,9999.000,9999.000,9999.000,9999.000
202602250054,   2.556,   2.869,9999.000,9999.000,9999.000,9999.000,9999.000,9999.000,9999.000
202602250100,   2.566,   2.909,   0.500,  -0.157,   2.909,   0.500,   2.909,   0.600,   3.009
202602250106,   2.575,   2.958,9999.000,9999.000,9999.000,9999.000,9999.000,9999.000,9999.000
202602250112,   2.583,   2.978,9999.000,9999.000,9999.000,9999.000,9999.000,9999.000,9999.000
202602250118,   2.590,   2.919,9999.000,9999.000,9999.000,9999.000,9999.000,9999.000,9999.000
202602250124,   2.596,   2.938,9999.000,9999.000,9999.000,9999.000,9999.000,9999.000,9999.000
202602250130,   2.601,   2.919,9999.000,9999.000,9999.000,9999.000,9999.000,9999.000,9999.000
202602250136,   2.605,   2.899,9999.000,9999.000,9999.000,9999.000,9999.000,9999.000,9999.000
202602250142,   2.609,   2.929,9999.000,9999.000,9999.000,9999.000,9999.000,9999.000,9999.000
202602250148,   2.612,   2.978,9999.000,9999.000,9999.000,9999.000,9999.000,9999.000,9999.000
202602250154,   2.615,   2.968,9999.000,9999.000,9999.000,9999.000,9999.000,9999.000,9999.000
202602250200,   2.617,   2.958,   0.400,  -0.059,   2.958,   0.400,   2.958,   0.500,   3.058
202602250206,   2.619,   2.958,9999.000,9999.000,9999.000,9999.000,9999.000,9999.000,9999.000
202602250212,   2.620,   2.978,9999.000,9999.000,9999.000,9999.000,9999.000,9999.000,9999.000
202602250218,   2.621,   2.978,9999.000,9999.000,9999.000,9999.000,9999.000,9999.000,9999.000
202602250224,   2.623,   2.978,9999.000,9999.000,9999.000,9999.000,9999.000,9999.000,9999.000
202602250230,   2.624,   2.929,9999.000,9999.000,9999.000,9999.000,9999.000,9999.000,9999.000
202602250236,   2.625,   3.007,9999.000,9999.000,9999.000,9999.000,9999.000,9999.000,9999.000
202602250242,   2.626,   3.007,9999.000,9999.000,9999.000,9999.000,9999.000,9999.000,9999.000
202602250248,   2.627,   2.997,9999.000,9999.000,9999.000,9999.000,9999.000,9999.000,9999.000
202602250254,   2.629,   3.017,9999.000,9999.000,9999.000,9999.000,9999.000,9999.000,9999.000
202602250300,   2.631,   3.007,   0.400,  -0.024,   3.007,   0.400,   3.007,   0.500,   3.107
202602250306,   2.633,   2.988,9999.000,9999.000,9999.000,9999.000,9999.000,9999.000,9999.000
202602250312,   2.636,   3.007,9999.000,9999.000,9999.000,9999.000,9999.000,9999.000,9999.000
202602250318,   2.639,   3.017,9999.000,9999.000,9999.000,9999.000,9999.000,9999.000,9999.000
202602250324,   2.642,   2.988,9999.000,9999.000,9999.000,9999.000,9999.000,9999.000,9999.000
202602250330,   2.646,   2.997,9999.000,9999.000,9999.000,9999.000,9999.000,9999.000,9999.000
202602250336,   2.651,   3.017,9999.000,9999.000,9999.000,9999.000,9999.000,9999.000,9999.000
202602250342,   2.656,   3.060,9999.000,9999.000,9999.000,9999.000,9999.000,9999.000,9999.000
202602250348,   2.662,   3.079,9999.000,9999.000,9999.000,9999.000,9999.000,9999.000,9999.000
202602250354,   2.669,   3.017,9999.000,9999.000,9999.000,9999.000,9999.000,9999.000,9999.000
202602250400,   2.677,   2.997,   0.500,  -0.180,   2.997,   0.500,   2.997,   0.500,   2.997
202602250406,   2.685,   3.007,9999.000,9999.000,9999.000,9999.000,9999.000,9999.000,9999.000
202602250412,   2.695,   3.040,9999.000,9999.000,9999.000,9999.000,9999.000,9999.000,9999.000
202602250418,   2.705,   3.040,9999.000,9999.000,9999.000,9999.000,9999.000,9999.000,9999.000
202602250424,   2.716,   3.109,9999.000,9999.000,9999.000,9999.000,9999.000,9999.000,9999.000
202602250430,   2.728,   3.060,9999.000,9999.000,9999.000,9999.000,9999.000,9999.000,9999.000
202602250436,   2.742,   2.978,9999.000,9999.000,9999.000,9999.000,9999.000,9999.000,9999.000
202602250442,   2.756,   3.017,9999.000,9999.000,9999.000,9999.000,9999.000,9999.000,9999.000
202602250448,   2.772,   3.060,9999.000,9999.000,9999.000,9999.000,9999.000,9999.000,9999.000
202602250454,   2.790,   3.188,9999.000,9999.000,9999.000,9999.000,9999.000,9999.000,9999.000
202602250500,   2.807,   3.138,   0.500,  -0.169,   3.138,   0.500,   3.138,   0.500,   3.138
202602250506,   2.826,   3.070,9999.000,9999.000,9999.000,9999.000,9999.000,9999.000,9999.000
202602250512,   2.847,   3.089,9999.000,9999.000,9999.000,9999.000,9999.000,9999.000,9999.000
202602250518,   2.869,   3.129,9999.000,9999.000,9999.000,9999.000,9999.000,9999.000,9999.000
202602250524,   2.892,   3.148,9999.000,9999.000,9999.000,9999.000,9999.000,9999.000,9999.000
202602250530,   2.917,   3.260,9999.000,9999.000,9999.000,9999.000,9999.000,9999.000,9999.000
202602250536,   2.943,   3.289,9999.000,9999.000,9999.000,9999.000,9999.000,9999.000,9999.000
202602250542,   2.971,   3.270,9999.000,9999.000,9999.000,9999.000,9999.000,9999.000,9999.000
202602250548,   3.000,   3.289,9999.000,9999.000,9999.000,9999.000,9999.000,9999.000,9999.000
202602250554,   3.031,   3.299,9999.000,9999.000,9999.000,9999.000,9999.000,9999.000,9999.000
202602250600,   3.063,   3.368,   0.400,  -0.095,   3.368,   0.400,   3.368,   0.400,   3.368
202602250606,   3.096,   3.417,9999.000,9999.000,9999.000,9999.000,9999.000,9999.000,9999.000
202602250612,   3.131,   3.417,9999.000,9999.000,9999.000,9999.000,9999.000,9999.000,9999.000
202602250618,   3.168,   3.460,9999.000,9999.000,9999.000,9999.000,9999.000,9999.000,9999.000
202602250624,   3.206,   3.489,9999.000,9999.000,9999.000,9999.000,9999.000,9999.000,9999.000
202602250630,   3.245,   3.568,9999.000,9999.000,9999.000,9999.000,9999.000,9999.000,9999.000
202602250636,   3.286,   3.670,9999.000,9999.000,9999.000,9999.000,9999.000,9999.000,9999.000
202602250642,   3.328,   3.699,9999.000,9999.000,9999.000,9999.000,9999.000,9999.000,9999.000
202602250648,   3.372,   3.699,9999.000,9999.000,9999.000,9999.000,9999.000,9999.000,9999.000
202602250654,   3.416,   3.637,9999.000,9999.000,9999.000,9999.000,9999.000,9999.000,9999.000
202602250700,   3.462,   3.680,   0.300,  -0.082,   3.680,   0.300,   3.680,   0.400,   3.780
202602250706,   3.509,   3.860,9999.000,9999.000,9999.000,9999.000,9999.000,9999.000,9999.000
202602250712,   3.557,   3.890,9999.000,9999.000,9999.000,9999.000,9999.000,9999.000,9999.000
202602250718,   3.606,   3.880,9999.000,9999.000,9999.000,9999.000,9999.000,9999.000,9999.000
202602250724,   3.656,   3.949,9999.000,9999.000,9999.000,9999.000,9999.000,9999.000,9999.000
202602250730,   3.706,   4.027,9999.000,9999.000,9999.000,9999.000,9999.000,9999.000,9999.000
202602250736,   3.758,   4.047,9999.000,9999.000,9999.000,9999.000,9999.000,9999.000,9999.000
202602250742,   3.809,   4.080,9999.000,9999.000,9999.000,9999.000,9999.000,9999.000,9999.000
202602250748,   3.862,   4.109,9999.000,9999.000,9999.000,9999.000,9999.000,9999.000,9999.000
202602250754,   3.915,   4.159,9999.000,9999.000,9999.000,9999.000,9999.000,9999.000,9999.000
202602250800,   3.968,   4.247,   0.400,  -0.121,   4.247,   0.400,   4.247,   0.400,   4.247
202602250806,   4.021,   4.329,9999.000,9999.000,9999.000,9999.000,9999.000,9999.000,9999.000
202602250812,   4.074,   4.388,9999.000,9999.000,9999.000,9999.000,9999.000,9999.000,9999.000
202602250818,   4.127,   4.457,9999.000,9999.000,9999.000,9999.000,9999.000,9999.000,9999.000
202602250824,   4.180,   4.427,9999.000,9999.000,9999.000,9999.000,9999.000,9999.000,9999.000
202602250830,   4.233,   4.457,9999.000,9999.000,9999.000,9999.000,9999.000,9999.000,9999.000
202602250836,   4.285,   4.539,9999.000,9999.000,9999.000,9999.000,9999.000,9999.000,9999.000
202602250842,   4.337,   4.559,9999.000,9999.000,9999.000,9999.000,9999.000,9999.000,9999.000
202602250848,   4.388,   4.618,9999.000,9999.000,9999.000,9999.000,9999.000,9999.000,9999.000
202602250854,   4.438,   4.729,9999.000,9999.000,9999.000,9999.000,9999.000,9999.000,9999.000
202602250900,   4.488,   4.769,   0.500,  -0.219,   4.769,   0.500,   4.769,   0.500,   4.769
202602250906,   4.536,   4.808,9999.000,9999.000,9999.000,9999.000,9999.000,9999.000,9999.000
202602250912,   4.583,   4.910,9999.000,9999.000,9999.000,9999.000,9999.000,9999.000,9999.000
202602250918,   4.629,   4.857,9999.000,9999.000,9999.000,9999.000,9999.000,9999.000,9999.000
202602250924,   4.674,   4.877,9999.000,9999.000,9999.000,9999.000,9999.000,9999.000,9999.000
202602250930,   4.717,   4.919,9999.000,9999.000,9999.000,9999.000,9999.000,9999.000,9999.000
202602250936,   4.758,   4.998,9999.000,9999.000,9999.000,9999.000,9999.000,9999.000,9999.000
202602250942,   4.798,   5.047,9999.000,9999.000,9999.000,9999.000,9999.000,9999.000,9999.000
202602250948,   4.835,   5.057,9999.000,9999.000,9999.000,9999.000,9999.000,9999.000,9999.000
202602250954,   4.871,   5.097,9999.000,9999.000,9999.000,9999.000,9999.000,9999.000,9999.000
202602251000,   4.905,   5.097,   0.400,  -0.208,   5.097,   0.300,   4.997,   0.400,   5.097
202602251006,   4.936,   5.067,9999.000,9999.000,9999.000,9999.000,9999.000,9999.000,9999.000
202602251012,   4.965,   5.159,9999.000,9999.000,9999.000,9999.000,9999.000,9999.000,9999.000
202602251018,   4.992,   5.188,9999.000,9999.000,9999.000,9999.000,9999.000,9999.000,9999.000
202602251024,   5.016,   5.208,9999.000,9999.000,9999.000,9999.000,9999.000,9999.000,9999.000
202602251030,   5.037,   5.297,9999.000,9999.000,9999.000,9999.000,9999.000,9999.000,9999.000
202602251036,   5.056,   5.307,9999.000,9999.000,9999.000,9999.000,9999.000,9999.000,9999.000
202602251042,   5.072,   5.287,9999.000,9999.000,9999.000,9999.000,9999.000,9999.000,9999.000
202602251048,   5.085,   5.320,9999.000,9999.000,9999.000,9999.000,9999.000,9999.000,9999.000
202602251054,   5.095,   5.297,9999.000,9999.000,9999.000,9999.000,9999.000,9999.000,9999.000
202602251100,   5.101,   5.297,   0.400,  -0.204,   5.297,   0.300,   5.197,   0.400,   5.297
202602251106,   5.105,   5.329,9999.000,9999.000,9999.000,9999.000,9999.000,9999.000,9999.000
202602251112,   5.105,   5.320,9999.000,9999.000,9999.000,9999.000,9999.000,9999.000,9999.000
202602251118,   5.102,   5.307,9999.000,9999.000,9999.000,9999.000,9999.000,9999.000,9999.000
202602251124,   5.096,   5.218,9999.000,9999.000,9999.000,9999.000,9999.000,9999.000,9999.000
202602251130,   5.086,   5.228,9999.000,9999.000,9999.000,9999.000,9999.000,9999.000,9999.000
202602251136,   5.073,   5.267,9999.000,9999.000,9999.000,9999.000,9999.000,9999.000,9999.000
202602251142,   5.056,   5.267,9999.000,9999.000,9999.000,9999.000,9999.000,9999.000,9999.000
202602251148,   5.036,   5.188,9999.000,9999.000,9999.000,9999.000,9999.000,9999.000,9999.000
202602251154,   5.012,   5.188,9999.000,9999.000,9999.000,9999.000,9999.000,9999.000,9999.000
202602251200,   4.985,   5.188,   0.500,  -0.297,   5.188,   0.500,   5.188,   0.500,   5.188
202602251206,   4.954,   5.169,9999.000,9999.000,9999.000,9999.000,9999.000,9999.000,9999.000
202602251212,   4.919,   5.159,9999.000,9999.000,9999.000,9999.000,9999.000,9999.000,9999.000
202602251218,   4.881,   5.129,9999.000,9999.000,9999.000,9999.000,9999.000,9999.000,9999.000
202602251224,   4.840,   4.998,9999.000,9999.000,9999.000,9999.000,9999.000,9999.000,9999.000
202602251230,   4.795,   4.939,9999.000,9999.000,9999.000,9999.000,9999.000,9999.000,9999.000
202602251236,   4.747,   4.929,9999.000,9999.000,9999.000,9999.000,9999.000,9999.000,9999.000
202602251242,   4.695,   4.969,9999.000,9999.000,9999.000,9999.000,9999.000,9999.000,9999.000
202602251248,   4.640,   4.867,9999.000,9999.000,9999.000,9999.000,9999.000,9999.000,9999.000
202602251254,   4.582,   4.818,9999.000,9999.000,9999.000,9999.000,9999.000,9999.000,9999.000
202602251300,   4.520,   4.690,   0.600,  -0.430,   4.690,   0.500,   4.590,   0.600,   4.690
202602251306,   4.456,   4.647,9999.000,9999.000,9999.000,9999.000,9999.000,9999.000,9999.000
202602251312,   4.388,   4.588,9999.000,9999.000,9999.000,9999.000,9999.000,9999.000,9999.000
202602251318,   4.318,   4.480,9999.000,9999.000,9999.000,9999.000,9999.000,9999.000,9999.000
202602251324,   4.245,   4.480,9999.000,9999.000,9999.000,9999.000,9999.000,9999.000,9999.000
202602251330,   4.169,   4.398,9999.000,9999.000,9999.000,9999.000,9999.000,9999.000,9999.000
202602251336,   4.091,   4.267,9999.000,9999.000,9999.000,9999.000,9999.000,9999.000,9999.000
202602251342,   4.010,   4.247,9999.000,9999.000,9999.000,9999.000,9999.000,9999.000,9999.000
202602251348,   3.927,   4.188,9999.000,9999.000,9999.000,9999.000,9999.000,9999.000,9999.000
202602251354,   3.842,   4.090,9999.000,9999.000,9999.000,9999.000,9999.000,9999.000,9999.000
202602251400,   3.755,   3.949,   0.400,  -0.206,   3.949,   0.400,   3.949,   0.500,   4.049
202602251406,   3.666,   3.890,9999.000,9999.000,9999.000,9999.000,9999.000,9999.000,9999.000
202602251412,   3.575,   3.778,9999.000,9999.000,9999.000,9999.000,9999.000,9999.000,9999.000
202602251418,   3.482,   3.699,9999.000,9999.000,9999.000,9999.000,9999.000,9999.000,9999.000
202602251424,   3.388,   3.637,9999.000,9999.000,9999.000,9999.000,9999.000,9999.000,9999.000
202602251430,   3.293,   3.588,9999.000,9999.000,9999.000,9999.000,9999.000,9999.000,9999.000
202602251436,   3.196,   3.450,9999.000,9999.000,9999.000,9999.000,9999.000,9999.000,9999.000
202602251442,   3.098,   3.289,9999.000,9999.000,9999.000,9999.000,9999.000,9999.000,9999.000
202602251448,   2.999,   3.217,9999.000,9999.000,9999.000,9999.000,9999.000,9999.000,9999.000
202602251454,   2.900,   3.158,9999.000,9999.000,9999.000,9999.000,9999.000,9999.000,9999.000
202602251500,   2.799,   3.060,   0.400,  -0.139,   3.060,   0.400,   3.060,   0.500,   3.160
202602251506,   2.698,   2.997,9999.000,9999.000,9999.000,9999.000,9999.000,9999.000,9999.000
202602251512,   2.597,   2.889,9999.000,9999.000,9999.000,9999.000,9999.000,9999.000,9999.000
202602251518,   2.495,   2.758,9999.000,9999.000,9999.000,9999.000,9999.000,9999.000,9999.000
202602251524,   2.394,   2.610,9999.000,9999.000,9999.000,9999.000,9999.000,9999.000,9999.000
202602251530,   2.292,   2.587,9999.000,9999.000,9999.000,9999.000,9999.000,9999.000,9999.000
202602251536,   2.190,   2.459,9999.000,9999.000,9999.000,9999.000,9999.000,9999.000,9999.000
202602251542,   2.089,   2.269,9999.000,9999.000,9999.000,9999.000,9999.000,9999.000,9999.000
202602251548,   1.988,   2.240,9999.000,9999.000,9999.000,9999.000,9999.000,9999.000,9999.000
202602251554,   1.887,   2.138,9999.000,9999.000,9999.000,9999.000,9999.000,9999.000,9999.000
202602251600,   1.787,   2.049,   0.500,  -0.238,   2.049,   0.500,   2.049,   0.500,   2.049
202602251606,   1.688,   2.000,9999.000,9999.000,9999.000,9999.000,9999.000,9999.000,9999.000
202602251612,   1.590,   1.899,9999.000,9999.000,9999.000,9999.000,9999.000,9999.000,9999.000
202602251618,   1.493,   1.758,9999.000,9999.000,9999.000,9999.000,9999.000,9999.000,9999.000
202602251624,   1.397,   1.649,9999.000,9999.000,9999.000,9999.000,9999.000,9999.000,9999.000
202602251630,   1.303,   1.557,9999.000,9999.000,9999.000,9999.000,9999.000,9999.000,9999.000
202602251636,   1.210,   1.489,9999.000,9999.000,9999.000,9999.000,9999.000,9999.000,9999.000
202602251642,   1.119,   1.390,9999.000,9999.000,9999.000,9999.000,9999.000,9999.000,9999.000
202602251648,   1.029,   1.279,9999.000,9999.000,9999.000,9999.000,9999.000,9999.000,9999.000
202602251654,   0.942,   1.249,9999.000,9999.000,9999.000,9999.000,9999.000,9999.000,9999.000
202602251700,   0.856,   1.118,   0.500,  -0.238,   1.118,   0.500,   1.118,   0.500,   1.118
202602251706,   0.773,   1.010,9999.000,9999.000,9999.000,9999.000,9999.000,9999.000,9999.000
202602251712,   0.692,9999.000,9999.000,9999.000,9999.000,9999.000,9999.000,9999.000,9999.000
202602251718,   0.613,   0.879,9999.000,9999.000,9999.000,9999.000,9999.000,9999.000,9999.000
202602251724,   0.538,   0.800,9999.000,9999.000,9999.000,9999.000,9999.000,9999.000,9999.000
202602251730,   0.464,   0.770,9999.000,9999.000,9999.000,9999.000,9999.000,9999.000,9999.000
202602251736,   0.394,   0.659,9999.000,9999.000,9999.000,9999.000,9999.000,9999.000,9999.000
202602251742,   0.327,   0.610,9999.000,9999.000,9999.000,9999.000,9999.000,9999.000,9999.000
202602251748,   0.263,   0.570,9999.000,9999.000,9999.000,9999.000,9999.000,9999.000,9999.000
202602251754,   0.202,   0.518,9999.000,9999.000,9999.000,9999.000,9999.000,9999.000,9999.000
202602251800,   0.144,   0.478,   0.400,  -0.066,   0.478,   0.400,   0.478,   0.400,   0.478
202602251806,   0.089,   0.449,9999.000,9999.000,9999.000,9999.000,9999.000,9999.000,9999.000
202602251812,   0.038,   0.308,9999.000,9999.000,9999.000,9999.000,9999.000,9999.000,9999.000
202602251818,  -0.008,   0.278,9999.000,9999.000,9999.000,9999.000,9999.000,9999.000,9999.000
202602251824,  -0.052,   0.249,9999.000,9999.000,9999.000,9999.000,9999.000,9999.000,9999.000
202602251830,  -0.092,   0.219,9999.000,9999.000,9999.000,9999.000,9999.000,9999.000,9999.000
202602251836,  -0.129,   0.209,9999.000,9999.000,9999.000,9999.000,9999.000,9999.000,9999.000
202602251842,  -0.161,   0.219,9999.000,9999.000,9999.000,9999.000,9999.000,9999.000,9999.000
202602251848,  -0.190,   0.131,9999.000,9999.000,9999.000,9999.000,9999.000,9999.000,9999.000
202602251854,  -0.215,   0.088,9999.000,9999.000,9999.000,9999.000,9999.000,9999.000,9999.000
202602251900,  -0.237,   0.068,   0.300,   0.005,   0.068,   0.300,   0.068,   0.400,   0.168
202602251906,  -0.254,   0.098,9999.000,9999.000,9999.000,9999.000,9999.000,9999.000,9999.000
202602251912,  -0.268,   0.111,9999.000,9999.000,9999.000,9999.000,9999.000,9999.000,9999.000
202602251918,  -0.277,   0.059,9999.000,9999.000,9999.000,9999.000,9999.000,9999.000,9999.000
202602251924,  -0.283,   0.039,9999.000,9999.000,9999.000,9999.000,9999.000,9999.000,9999.000
202602251930,  -0.285,   0.019,9999.000,9999.000,9999.000,9999.000,9999.000,9999.000,9999.000
202602251936,  -0.283,   0.000,9999.000,9999.000,9999.000,9999.000,9999.000,9999.000,9999.000
202602251942,  -0.278,  -0.029,9999.000,9999.000,9999.000,9999.000,9999.000,9999.000,9999.000
202602251948,  -0.269,   0.059,9999.000,9999.000,9999.000,9999.000,9999.000,9999.000,9999.000
202602251954,  -0.256,   0.019,9999.000,9999.000,9999.000,9999.000,9999.000,9999.000,9999.000
202602252000,  -0.239,   0.039,   0.500,  -0.222,   0.039,   0.400,  -0.061,   0.500,   0.039
202602252006,  -0.219,   0.059,9999.000,9999.000,9999.000,9999.000,9999.000,9999.000,9999.000
202602252012,  -0.196,   0.098,9999.000,9999.000,9999.000,9999.000,9999.000,9999.000,9999.000
202602252018,  -0.169,   0.111,9999.000,9999.000,9999.000,9999.000,9999.000,9999.000,9999.000
202602252024,  -0.139,   0.141,9999.000,9999.000,9999.000,9999.000,9999.000,9999.000,9999.000
202602252030,  -0.105,   0.200,9999.000,9999.000,9999.000,9999.000,9999.000,9999.000,9999.000
202602252036,  -0.069,   0.219,9999.000,9999.000,9999.000,9999.000,9999.000,9999.000,9999.000
202602252042,  -0.029,   0.229,9999.000,9999.000,9999.000,9999.000,9999.000,9999.000,9999.000
202602252048,   0.013,   0.308,9999.000,9999.000,9999.000,9999.000,9999.000,9999.000,9999.000
202602252054,   0.058,   0.380,9999.000,9999.000,9999.000,9999.000,9999.000,9999.000,9999.000
202602252100,   0.106,   0.409,   0.500,  -0.197,   0.409,   0.500,   0.409,   0.600,   0.509
202602252106,   0.157,   0.449,9999.000,9999.000,9999.000,9999.000,9999.000,9999.000,9999.000
202602252112,   0.210,   0.488,9999.000,9999.000,9999.000,9999.000,9999.000,9999.000,9999.000
202602252118,   0.266,   0.560,9999.000,9999.000,9999.000,9999.000,9999.000,9999.000,9999.000
202602252124,   0.324,   0.570,9999.000,9999.000,9999.000,9999.000,9999.000,9999.000,9999.000
202602252130,   0.384,   0.639,9999.000,9999.000,9999.000,9999.000,9999.000,9999.000,9999.000
202602252136,   0.446,   0.698,9999.000,9999.000,9999.000,9999.000,9999.000,9999.000,9999.000
202602252142,   0.510,   0.810,9999.000,9999.000,9999.000,9999.000,9999.000,9999.000,9999.000
202602252148,   0.576,   0.829,9999.000,9999.000,9999.000,9999.000,9999.000,9999.000,9999.000
202602252154,   0.643,   0.888,9999.000,9999.000,9999.000,9999.000,9999.000,9999.000,9999.000
202602252200,   0.711,   0.970,   0.500,  -0.241,   0.970,   0.400,   0.870,   0.500,   0.970
202602252206,   0.781,   1.039,9999.000,9999.000,9999.000,9999.000,9999.000,9999.000,9999.000
202602252212,   0.852,   1.118,9999.000,9999.000,9999.000,9999.000,9999.000,9999.000,9999.000
202602252218,   0.924,   1.138,9999.000,9999.000,9999.000,9999.000,9999.000,9999.000,9999.000
202602252224,   0.996,   1.220,9999.000,9999.000,9999.000,9999.000,9999.000,9999.000,9999.000
202602252230,   1.070,   1.348,9999.000,9999.000,9999.000,9999.000,9999.000,9999.000,9999.000
202602252236,   1.143,   1.410,9999.000,9999.000,9999.000,9999.000,9999.000,9999.000,9999.000
202602252242,   1.217,   1.508,9999.000,9999.000,9999.000,9999.000,9999.000,9999.000,9999.000
202602252248,   1.291,   1.538,9999.000,9999.000,9999.000,9999.000,9999.000,9999.000,9999.000
202602252254,   1.366,   1.610,9999.000,9999.000,9999.000,9999.000,9999.000,9999.000,9999.000
202602252300,   1.440,   1.649,   0.400,  -0.191,   1.649,   0.400,   1.649,   0.500,   1.749
202602252306,   1.513,   1.748,9999.000,9999.000,9999.000,9999.000,9999.000,9999.000,9999.000
202602252312,   1.586,   1.840,9999.000,9999.000,9999.000,9999.000,9999.000,9999.000,9999.000
202602252318,   1.659,   1.869,9999.000,9999.000,9999.000,9999.000,9999.000,9999.000,9999.000
202602252324,   1.731,   1.981,9999.000,9999.000,9999.000,9999.000,9999.000,9999.000,9999.000
202602252330,   1.802,   2.049,9999.000,9999.000,9999.000,9999.000,9999.000,9999.000,9999.000
202602252336,   1.871,   2.079,9999.000,9999.000,9999.000,9999.000,9999.000,9999.000,9999.000
202602252342,   1.940,   2.210,9999.000,9999.000,9999.000,9999.000,9999.000,9999.000,9999.000
202602252348,   2.007,   2.269,9999.000,9999.000,9999.000,9999.000,9999.000,9999.000,9999.000
202602252354,   2.073,   2.289,9999.000,9999.000,9999.000,9999.000,9999.000,9999.000,9999.000
202602260000,   2.137,   2.289,   0.400,  -0.248,   2.289,   0.300,   2.189,   0.400,   2.289
202602260006,   2.199,   2.400,9999.000,9999.000,9999.000,9999.000,9999.000,9999.000,9999.000
202602260012,   2.260,   2.489,9999.000,9999.000,9999.000,9999.000,9999.000,9999.000,9999.000
202602260018,   2.319,   2.568,9999.000,9999.000,9999.000,9999.000,9999.000,9999.000,9999.000
202602260024,   2.376,   2.660,9999.000,9999.000,9999.000,9999.000,9999.000,9999.000,9999.000
202602260030,   2.431,   2.669,9999.000,9999.000,9999.000,9999.000,9999.000,9999.000,9999.000
202602260036,   2.484,   2.709,9999.000,9999.000,9999.000,9999.000,9999.000,9999.000,9999.000
202602260042,   2.534,   2.768,9999.000,9999.000,9999.000,9999.000,9999.000,9999.000,9999.000
202602260048,   2.583,   2.797,9999.000,9999.000,9999.000,9999.000,9999.000,9999.000,9999.000
202602260054,   2.629,   2.879,9999.000,9999.000,9999.000,9999.000,9999.000,9999.000,9999.000
202602260100,   2.673,   2.899,   0.400,  -0.174,   2.899,   0.300,   2.799,   0.400,   2.899
202602260106,   2.714,   2.997,9999.000,9999.000,9999.000,9999.000,9999.000,9999.000,9999.000
202602260112,   2.754,   3.030,9999.000,9999.000,9999.000,9999.000,9999.000,9999.000,9999.000
202602260118,   2.791,   3.040,9999.000,9999.000,9999.000,9999.000,9999.000,9999.000,9999.000
202602260124,   2.825,   3.060,9999.000,9999.000,9999.000,9999.000,9999.000,9999.000,9999.000
202602260130,   2.858,   3.070,9999.000,9999.000,9999.000,9999.000,9999.000,9999.000,9999.000
202602260136,   2.888,   3.119,9999.000,9999.000,9999.000,9999.000,9999.000,9999.000,9999.000
202602260142,   2.915,   3.119,9999.000,9999.000,9999.000,9999.000,9999.000,9999.000,9999.000
202602260148,   2.941,   3.188,9999.000,9999.000,9999.000,9999.000,9999.000,9999.000,9999.000
202602260154,   2.964,   3.230,9999.000,9999.000,9999.000,9999.000,9999.000,9999.000,9999.000
202602260200,   2.985,   3.240,   0.300,  -0.045,   3.240,   0.300,   3.240,   0.300,   3.240
202602260206,   3.003,   3.279,9999.000,9999.000,9999.000,9999.000,9999.000,9999.000,9999.000
202602260212,   3.020,   3.270,9999.000,9999.000,9999.000,9999.000,9999.000,9999.000,9999.000
202602260218,   3.035,   3.299,9999.000,9999.000,9999.000,9999.000,9999.000,9999.000,9999.000
202602260224,   3.047,   3.358,9999.000,9999.000,9999.000,9999.000,9999.000,9999.000,9999.000
202602260230,   3.057,   3.299,9999.000,9999.000,9999.000,9999.000,9999.000,9999.000,9999.000
202602260236,   3.066,   3.289,9999.000,9999.000,9999.000,9999.000,9999.000,9999.000,9999.000
202602260242,   3.073,   3.358,9999.000,9999.000,9999.000,9999.000,9999.000,9999.000,9999.000
202602260248,   3.077,   3.378,9999.000,9999.000,9999.000,9999.000,9999.000,9999.000,9999.000
202602260254,   3.080,   3.358,9999.000,9999.000,9999.000,9999.000,9999.000,9999.000,9999.000
202602260300,   3.082,   3.427,   0.200,   0.145,   3.427,   0.200,   3.427,   0.300,   3.527
202602260306,   3.081,   3.398,9999.000,9999.000,9999.000,9999.000,9999.000,9999.000,9999.000
202602260312,   3.080,   3.299,9999.000,9999.000,9999.000,9999.000,9999.000,9999.000,9999.000
202602260318,   3.076,   3.309,9999.000,9999.000,9999.000,9999.000,9999.000,9999.000,9999.000
202602260324,   3.072,   3.339,9999.000,9999.000,9999.000,9999.000,9999.000,9999.000,9999.000
202602260330,   3.066,   3.358,9999.000,9999.000,9999.000,9999.000,9999.000,9999.000,9999.000
202602260336,   3.059,   3.358,9999.000,9999.000,9999.000,9999.000,9999.000,9999.000,9999.000
202602260342,   3.050,   3.329,9999.000,9999.000,9999.000,9999.000,9999.000,9999.000,9999.000
202602260348,   3.041,   3.250,9999.000,9999.000,9999.000,9999.000,9999.000,9999.000,9999.000
202602260354,   3.031,   3.270,9999.000,9999.000,9999.000,9999.000,9999.000,9999.000,9999.000
202602260400,   3.020,   3.299,   0.300,  -0.021,   3.299,   0.300,   3.299,   0.300,   3.299
202602260406,   3.008,   3.279,9999.000,9999.000,9999.000,9999.000,9999.000,9999.000,9999.000
202602260412,   2.996,   3.260,9999.000,9999.000,9999.000,9999.000,9999.000,9999.000,9999.000
202602260418,   2.983,   3.207,9999.000,9999.000,9999.000,9999.000,9999.000,9999.000,9999.000
202602260424,   2.969,   3.168,9999.000,9999.000,9999.000,9999.000,9999.000,9999.000,9999.000
202602260430,   2.956,   3.240,9999.000,9999.000,9999.000,9999.000,9999.000,9999.000,9999.000
202602260436,   2.942,   3.230,9999.000,9999.000,9999.000,9999.000,9999.000,9999.000,9999.000
202602260442,   2.928,   3.178,9999.000,9999.000,9999.000,9999.000,9999.000,9999.000,9999.000
202602260448,   2.915,   3.148,9999.000,9999.000,9999.000,9999.000,9999.000,9999.000,9999.000
202602260454,   2.901,   3.109,9999.000,9999.000,9999.000,9999.000,9999.000,9999.000,9999.000
202602260500,   2.888,   3.079,   0.300,  -0.109,   3.079,   0.300,   3.079,   0.400,   3.179
202602260506,   2.876,   3.089,9999.000,9999.000,9999.000,9999.000,9999.000,9999.000,9999.000
202602260512,   2.864,   3.079,9999.000,9999.000,9999.000,9999.000,9999.000,9999.000,9999.000
202602260518,   2.853,   3.089,9999.000,9999.000,9999.000,9999.000,9999.000,9999.000,9999.000
202602260524,   2.842,   3.129,9999.000,9999.000,9999.000,9999.000,9999.000,9999.000,9999.000
202602260530,   2.833,   3.079,9999.000,9999.000,9999.000,9999.000,9999.000,9999.000,9999.000
202602260536,   2.825,   3.007,9999.000,9999.000,9999.000,9999.000,9999.000,9999.000,9999.000
202602260542,   2.818,   3.017,9999.000,9999.000,9999.000,9999.000,9999.000,9999.000,9999.000
202602260548,   2.812,   2.988,9999.000,9999.000,9999.000,9999.000,9999.000,9999.000,9999.000
202602260554,   2.808,   3.017,9999.000,9999.000,9999.000,9999.000,9999.000,9999.000,9999.000
202602260600,   2.805,   3.030,   0.100,   0.125,   3.030,   0.100,   3.030,   0.200,   3.130
202602260606,   2.804,   3.060,9999.000,9999.000,9999.000,9999.000,9999.000,9999.000,9999.000
202602260612,   2.805,   3.017,9999.000,9999.000,9999.000,9999.000,9999.000,9999.000,9999.000
202602260618,   2.807,   2.988,9999.000,9999.000,9999.000,9999.000,9999.000,9999.000,9999.000
202602260624,   2.812,   3.017,9999.000,9999.000,9999.000,9999.000,9999.000,9999.000,9999.000
202602260630,   2.818,   3.060,9999.000,9999.000,9999.000,9999.000,9999.000,9999.000,9999.000
202602260636,   2.827,   3.070,9999.000,9999.000,9999.000,9999.000,9999.000,9999.000,9999.000
202602260642,   2.838,   3.070,9999.000,9999.000,9999.000,9999.000,9999.000,9999.000,9999.000
202602260648,   2.850,   3.030,9999.000,9999.000,9999.000,9999.000,9999.000,9999.000,9999.000
202602260654,   2.865,   3.079,9999.000,9999.000,9999.000,9999.000,9999.000,9999.000,9999.000
202602260700,   2.883,   3.109,   0.000,   0.226,   3.109,   0.000,   3.109,   0.100,   3.209
202602260706,   2.902,   3.138,9999.000,9999.000,9999.000,9999.000,9999.000,9999.000,9999.000
202602260712,   2.924,   3.178,9999.000,9999.000,9999.000,9999.000,9999.000,9999.000,9999.000
202602260718,   2.948,   3.178,9999.000,9999.000,9999.000,9999.000,9999.000,9999.000,9999.000
202602260724,   2.974,   3.148,9999.000,9999.000,9999.000,9999.000,9999.000,9999.000,9999.000
202602260730,   3.003,   3.148,9999.000,9999.000,9999.000,9999.000,9999.000,9999.000,9999.000
202602260736,   3.034,   3.188,9999.000,9999.000,9999.000,9999.000,9999.000,9999.000,9999.000
202602260742,   3.067,   3.279,9999.000,9999.000,9999.000,9999.000,9999.000,9999.000,9999.000
202602260748,   3.102,   3.289,9999.000,9999.000,9999.000,9999.000,9999.000,9999.000,9999.000
202602260754,   3.140,   3.368,9999.000,9999.000,9999.000,9999.000,9999.000,9999.000,9999.000
202602260800,   3.180,   3.440,   0.200,   0.060,   3.440,   0.100,   3.340,   0.200,   3.440
202602260806,   3.221,   3.450,9999.000,9999.000,9999.000,9999.000,9999.000,9999.000,9999.000
202602260812,   3.265,   3.398,9999.000,9999.000,9999.000,9999.000,9999.000,9999.000,9999.000
202602260818,   3.311,   3.470,9999.000,9999.000,9999.000,9999.000,9999.000,9999.000,9999.000
202602260824,   3.358,   3.548,9999.000,9999.000,9999.000,9999.000,9999.000,9999.000,9999.000
202602260830,   3.408,   3.558,9999.000,9999.000,9999.000,9999.000,9999.000,9999.000,9999.000
202602260836,   3.459,   3.617,9999.000,9999.000,9999.000,9999.000,9999.000,9999.000,9999.000
202602260842,   3.511,   3.660,9999.000,9999.000,9999.000,9999.000,9999.000,9999.000,9999.000
202602260848,   3.566,   3.709,9999.000,9999.000,9999.000,9999.000,9999.000,9999.000,9999.000
202602260854,   3.621,   3.788,9999.000,9999.000,9999.000,9999.000,9999.000,9999.000,9999.000
202602260900,   3.678,   3.827,   0.200,  -0.051,   3.827,   0.200,   3.827,   0.300,   3.927
202602260906,   3.736,   3.919,9999.000,9999.000,9999.000,9999.000,9999.000,9999.000,9999.000
202602260912,   3.796,   3.968,9999.000,9999.000,9999.000,9999.000,9999.000,9999.000,9999.000
202602260918,   3.856,   4.008,9999.000,9999.000,9999.000,9999.000,9999.000,9999.000,9999.000
202602260924,   3.917,   4.057,9999.000,9999.000,9999.000,9999.000,9999.000,9999.000,9999.000
202602260930,   3.978,   4.129,9999.000,9999.000,9999.000,9999.000,9999.000,9999.000,9999.000
202602260936,   4.041,   4.237,9999.000,9999.000,9999.000,9999.000,9999.000,9999.000,9999.000
202602260942,   4.103,   4.319,9999.000,9999.000,9999.000,9999.000,9999.000,9999.000,9999.000
202602260948,   4.166,   4.388,9999.000,9999.000,9999.000,9999.000,9999.000,9999.000,9999.000
202602260954,   4.229,   4.398,9999.000,9999.000,9999.000,9999.000,9999.000,9999.000,9999.000
202602261000,   4.292,   4.418,   0.100,   0.026,   4.418,   0.100,   4.418,   0.200,   4.518
202602261006,   4.354,   4.457,9999.000,9999.000,9999.000,9999.000,9999.000,9999.000,9999.000
202602261012,   4.416,   4.529,9999.000,9999.000,9999.000,9999.000,9999.000,9999.000,9999.000
202602261018,   4.478,   4.637,9999.000,9999.000,9999.000,9999.000,9999.000,9999.000,9999.000
202602261024,   4.539,   4.729,9999.000,9999.000,9999.000,9999.000,9999.000,9999.000,9999.000
202602261030,   4.599,   4.798,9999.000,9999.000,9999.000,9999.000,9999.000,9999.000,9999.000
202602261036,   4.658,   4.857,9999.000,9999.000,9999.000,9999.000,9999.000,9999.000,9999.000
202602261042,   4.715,   4.847,9999.000,9999.000,9999.000,9999.000,9999.000,9999.000,9999.000
202602261048,   4.771,   4.887,9999.000,9999.000,9999.000,9999.000,9999.000,9999.000,9999.000
202602261054,   4.825,   4.998,9999.000,9999.000,9999.000,9999.000,9999.000,9999.000,9999.000
202602261100,   4.878,   5.057,   0.100,   0.079,   5.057,   0.100,   5.057,   0.200,   5.157
202602261106,   4.928,   5.077,9999.000,9999.000,9999.000,9999.000,9999.000,9999.000,9999.000
202602261112,   4.977,   5.120,9999.000,9999.000,9999.000,9999.000,9999.000,9999.000,9999.000
202602261118,   5.022,   5.208,9999.000,9999.000,9999.000,9999.000,9999.000,9999.000,9999.000
202602261124,   5.066,   5.257,9999.000,9999.000,9999.000,9999.000,9999.000,9999.000,9999.000
202602261130,   5.106,   5.277,9999.000,9999.000,9999.000,9999.000,9999.000,9999.000,9999.000
202602261136,   5.144,   5.307,9999.000,9999.000,9999.000,9999.000,9999.000,9999.000,9999.000
202602261142,   5.179,   5.349,9999.000,9999.000,9999.000,9999.000,9999.000,9999.000,9999.000
202602261148,   5.210,   5.398,9999.000,9999.000,9999.000,9999.000,9999.000,9999.000,9999.000
202602261154,   5.239,   5.438,9999.000,9999.000,9999.000,9999.000,9999.000,9999.000,9999.000
202602261200,   5.263,   5.507,   0.300,  -0.056,   5.507,   0.300,   5.507,   0.400,   5.607
202602261206,   5.284,   5.516,9999.000,9999.000,9999.000,9999.000,9999.000,9999.000,9999.000
202602261212,   5.302,   5.467,9999.000,9999.000,9999.000,9999.000,9999.000,9999.000,9999.000
202602261218,   5.316,   5.457,9999.000,9999.000,9999.000,9999.000,9999.000,9999.000,9999.000
202602261224,   5.325,   5.507,9999.000,9999.000,9999.000,9999.000,9999.000,9999.000,9999.000
202602261230,   5.331,   5.530,9999.000,9999.000,9999.000,9999.000,9999.000,9999.000,9999.000
202602261236,   5.333,   5.530,9999.000,9999.000,9999.000,9999.000,9999.000,9999.000,9999.000
202602261242,   5.330,   5.497,9999.000,9999.000,9999.000,9999.000,9999.000,9999.000,9999.000
202602261248,   5.324,   5.467,9999.000,9999.000,9999.000,9999.000,9999.000,9999.000,9999.000
202602261254,   5.313,   5.408,9999.000,9999.000,9999.000,9999.000,9999.000,9999.000,9999.000
202602261300,   5.297,   5.448,   0.400,  -0.249,   5.448,   0.300,   5.348,   0.400,   5.448
202602261306,   5.278,   5.438,9999.000,9999.000,9999.000,9999.000,9999.000,9999.000,9999.000
202602261312,   5.254,   5.408,9999.000,9999.000,9999.000,9999.000,9999.000,9999.000,9999.000
202602261318,   5.226,   5.408,9999.000,9999.000,9999.000,9999.000,9999.000,9999.000,9999.000
202602261324,   5.193,   5.297,9999.000,9999.000,9999.000,9999.000,9999.000,9999.000,9999.000
202602261330,   5.157,   5.267,9999.000,9999.000,9999.000,9999.000,9999.000,9999.000,9999.000
202602261336,   5.115,   5.228,9999.000,9999.000,9999.000,9999.000,9999.000,9999.000,9999.000
202602261342,   5.070,   5.208,9999.000,9999.000,9999.000,9999.000,9999.000,9999.000,9999.000
202602261348,   5.020,   5.208,9999.000,9999.000,9999.000,9999.000,9999.000,9999.000,9999.000
202602261354,   4.967,   5.179,9999.000,9999.000,9999.000,9999.000,9999.000,9999.000,9999.000
202602261400,   4.909,   5.028,   0.300,  -0.181,   5.028,   0.200,   4.928,   0.300,   5.028
202602261406,   4.847,   4.998,9999.000,9999.000,9999.000,9999.000,9999.000,9999.000,9999.000
202602261412,   4.781,   4.900,9999.000,9999.000,9999.000,9999.000,9999.000,9999.000,9999.000
202602261418,   4.711,   4.877,9999.000,9999.000,9999.000,9999.000,9999.000,9999.000,9999.000
202602261424,   4.637,   4.837,9999.000,9999.000,9999.000,9999.000,9999.000,9999.000,9999.000
202602261430,   4.560,   4.749,9999.000,9999.000,9999.000,9999.000,9999.000,9999.000,9999.000
202602261436,   4.479,   4.657,9999.000,9999.000,9999.000,9999.000,9999.000,9999.000,9999.000
202602261442,   4.394,   4.588,9999.000,9999.000,9999.000,9999.000,9999.000,9999.000,9999.000
202602261448,   4.306,   4.490,9999.000,9999.000,9999.000,9999.000,9999.000,9999.000,9999.000
202602261454,   4.215,   4.427,9999.000,9999.000,9999.000,9999.000,9999.000,9999.000,9999.000
202602261500,   4.120,   4.339,   0.200,   0.019,   4.339,   0.200,   4.339,   0.300,   4.439
202602261506,   4.022,   4.257,9999.000,9999.000,9999.000,9999.000,9999.000,9999.000,9999.000
202602261512,   3.922,   4.119,9999.000,9999.000,9999.000,9999.000,9999.000,9999.000,9999.000
202602261518,   3.819,   4.057,9999.000,9999.000,9999.000,9999.000,9999.000,9999.000,9999.000
202602261524,   3.713,   3.939,9999.000,9999.000,9999.000,9999.000,9999.000,9999.000,9999.000
202602261530,   3.604,   3.860,9999.000,9999.000,9999.000,9999.000,9999.000,9999.000,9999.000
202602261536,   3.493,   3.729,9999.000,9999.000,9999.000,9999.000,9999.000,9999.000,9999.000
202602261542,   3.380,   3.598,9999.000,9999.000,9999.000,9999.000,9999.000,9999.000,9999.000
202602261548,   3.265,   3.509,9999.000,9999.000,9999.000,9999.000,9999.000,9999.000,9999.000
202602261554,   3.149,   3.348,9999.000,9999.000,9999.000,9999.000,9999.000,9999.000,9999.000
202602261600,   3.030,   3.230,   0.300,  -0.100,   3.230,   0.300,   3.230,   0.300,   3.230
202602261606,   2.910,   3.109,9999.000,9999.000,9999.000,9999.000,9999.000,9999.000,9999.000
202602261612,   2.790,   2.988,9999.000,9999.000,9999.000,9999.000,9999.000,9999.000,9999.000
202602261618,   2.667,   2.860,9999.000,9999.000,9999.000,9999.000,9999.000,9999.000,9999.000
202602261624,   2.544,   2.797,9999.000,9999.000,9999.000,9999.000,9999.000,9999.000,9999.000
202602261630,   2.420,   2.650,9999.000,9999.000,9999.000,9999.000,9999.000,9999.000,9999.000
202602261636,   2.296,   2.519,9999.000,9999.000,9999.000,9999.000,9999.000,9999.000,9999.000
202602261642,   2.171,   2.420,9999.000,9999.000,9999.000,9999.000,9999.000,9999.000,9999.000
202602261648,   2.047,   2.269,9999.000,9999.000,9999.000,9999.000,9999.000,9999.000,9999.000
202602261654,   1.922,   2.138,9999.000,9999.000,9999.000,9999.000,9999.000,9999.000,9999.000
202602261700,   1.798,   1.990,   0.300,  -0.108,   1.990,   0.200,   1.890,   0.300,   1.990
202602261706,   1.675,   1.889,9999.000,9999.000,9999.000,9999.000,9999.000,9999.000,9999.000
202602261712,   1.553,   1.781,9999.000,9999.000,9999.000,9999.000,9999.000,9999.000,9999.000
202602261718,   1.431,   1.699,9999.000,9999.000,9999.000,9999.000,9999.000,9999.000,9999.000
202602261724,   1.311,   1.571,9999.000,9999.000,9999.000,9999.000,9999.000,9999.000,9999.000
202602261730,   1.193,   1.479,9999.000,9999.000,9999.000,9999.000,9999.000,9999.000,9999.000
202602261736,   1.076,   1.338,9999.000,9999.000,9999.000,9999.000,9999.000,9999.000,9999.000
202602261742,   0.961,   1.190,9999.000,9999.000,9999.000,9999.000,9999.000,9999.000,9999.000
202602261748,   0.848,   1.049,9999.000,9999.000,9999.000,9999.000,9999.000,9999.000,9999.000
202602261754,   0.738,   0.990,9999.000,9999.000,9999.000,9999.000,9999.000,9999.000,9999.000
202602261800,   0.630,   0.918,   0.300,  -0.012,   0.918,   0.300,   0.918,   0.400,   1.018
202602261806,   0.525,   0.819,9999.000,9999.000,9999.000,9999.000,9999.000,9999.000,9999.000
202602261812,   0.423,   0.718,9999.000,9999.000,9999.000,9999.000,9999.000,9999.000,9999.000
202602261818,   0.324,   0.610,9999.000,9999.000,9999.000,9999.000,9999.000,9999.000,9999.000
202602261824,   0.229,   0.488,9999.000,9999.000,9999.000,9999.000,9999.000,9999.000,9999.000
202602261830,   0.137,   0.390,9999.000,9999.000,9999.000,9999.000,9999.000,9999.000,9999.000
202602261836,   0.048,   0.321,9999.000,9999.000,9999.000,9999.000,9999.000,9999.000,9999.000
202602261842,  -0.035,   0.268,9999.000,9999.000,9999.000,9999.000,9999.000,9999.000,9999.000
202602261848,  -0.116,   0.121,9999.000,9999.000,9999.000,9999.000,9999.000,9999.000,9999.000
202602261854,  -0.192,   0.068,9999.000,9999.000,9999.000,9999.000,9999.000,9999.000,9999.000
202602261900,  -0.264,   0.029,   0.300,  -0.007,   0.029,   0.300,   0.029,   0.400,   0.129
202602261906,  -0.332,  -0.039,9999.000,9999.000,9999.000,9999.000,9999.000,9999.000,9999.000
202602261912,  -0.396,  -0.131,9999.000,9999.000,9999.000,9999.000,9999.000,9999.000,9999.000
202602261918,  -0.455,  -0.190,9999.000,9999.000,9999.000,9999.000,9999.000,9999.000,9999.000
202602261924,  -0.509,  -0.268,9999.000,9999.000,9999.000,9999.000,9999.000,9999.000,9999.000
202602261930,  -0.559,  -0.321,9999.000,9999.000,9999.000,9999.000,9999.000,9999.000,9999.000
202602261936,  -0.603,  -0.400,9999.000,9999.000,9999.000,9999.000,9999.000,9999.000,9999.000
202602261942,  -0.643,  -0.419,9999.000,9999.000,9999.000,9999.000,9999.000,9999.000,9999.000
202602261948,  -0.678,  -0.429,9999.000,9999.000,9999.000,9999.000,9999.000,9999.000,9999.000
202602261954,  -0.708,  -0.478,9999.000,9999.000,9999.000,9999.000,9999.000,9999.000,9999.000
202602262000,  -0.734,  -0.498,   0.400,  -0.164,  -0.498,   0.400,  -0.498,   0.400,  -0.498
202602262006,  -0.754,  -0.518,9999.000,9999.000,9999.000,9999.000,9999.000,9999.000,9999.000
202602262012,  -0.769,  -0.551,9999.000,9999.000,9999.000,9999.000,9999.000,9999.000,9999.000
202602262018,  -0.779,  -0.551,9999.000,9999.000,9999.000,9999.000,9999.000,9999.000,9999.000
202602262024,  -0.784,  -0.570,9999.000,9999.000,9999.000,9999.000,9999.000,9999.000,9999.000
202602262030,  -0.784,  -0.560,9999.000,9999.000,9999.000,9999.000,9999.000,9999.000,9999.000
202602262036,  -0.779,  -0.531,9999.000,9999.000,9999.000,9999.000,9999.000,9999.000,9999.000
202602262042,  -0.769,  -0.508,9999.000,9999.000,9999.000,9999.000,9999.000,9999.000,9999.000
202602262048,  -0.755,  -0.518,9999.000,9999.000,9999.000,9999.000,9999.000,9999.000,9999.000
202602262054,  -0.735,  -0.541,9999.000,9999.000,9999.000,9999.000,9999.000,9999.000,9999.000
202602262100,  -0.711,  -0.531,   0.500,  -0.320,  -0.531,   0.500,  -0.531,   0.500,  -0.531
202602262106,  -0.682,  -0.459,9999.000,9999.000,9999.000,9999.000,9999.000,9999.000,9999.000
202602262112,  -0.648,  -0.370,9999.000,9999.000,9999.000,9999.000,9999.000,9999.000,9999.000
202602262118,  -0.610,  -0.400,9999.000,9999.000,9999.000,9999.000,9999.000,9999.000,9999.000
202602262124,  -0.567,  -0.321,9999.000,9999.000,9999.000,9999.000,9999.000,9999.000,9999.000
202602262130,  -0.520,  -0.331,9999.000,9999.000,9999.000,9999.000,9999.000,9999.000,9999.000
202602262136,  -0.469,  -0.341,9999.000,9999.000,9999.000,9999.000,9999.000,9999.000,9999.000
202602262142,  -0.414,  -0.249,9999.000,9999.000,9999.000,9999.000,9999.000,9999.000,9999.000
202602262148,  -0.354,  -0.180,9999.000,9999.000,9999.000,9999.000,9999.000,9999.000,9999.000
202602262154,  -0.291,  -0.131,9999.000,9999.000,9999.000,9999.000,9999.000,9999.000,9999.000
202602262200,  -0.224,  -0.068,   0.400,  -0.244,  -0.068,   0.400,  -0.068,   0.500,   0.032
202602262206,  -0.154,   0.039,9999.000,9999.000,9999.000,9999.000,9999.000,9999.000,9999.000
202602262212,  -0.080,   0.170,9999.000,9999.000,9999.000,9999.000,9999.000,9999.000,9999.000
202602262218,  -0.004,   0.180,9999.000,9999.000,9999.000,9999.000,9999.000,9999.000,9999.000
202602262224,   0.075,   0.268,9999.000,9999.000,9999.000,9999.000,9999.000,9999.000,9999.000
202602262230,   0.158,   0.308,9999.000,9999.000,9999.000,9999.000,9999.000,9999.000,9999.000
202602262236,   0.243,   0.380,9999.000,9999.000,9999.000,9999.000,9999.000,9999.000,9999.000
202602262242,   0.330,   0.488,9999.000,9999.000,9999.000,9999.000,9999.000,9999.000,9999.000
202602262248,   0.420,   0.590,9999.000,9999.000,9999.000,9999.000,9999.000,9999.000,9999.000
202602262254,   0.511,   0.731,9999.000,9999.000,9999.000,9999.000,9999.000,9999.000,9999.000
202602262300,   0.604,   0.839,   0.400,  -0.165,   0.839,   0.400,   0.839,   0.500,   0.939
202602262306,   0.699,   0.829,9999.000,9999.000,9999.000,9999.000,9999.000,9999.000,9999.000
202602262312,   0.795,   0.970,9999.000,9999.000,9999.000,9999.000,9999.000,9999.000,9999.000
202602262318,   0.892,   1.098,9999.000,9999.000,9999.000,9999.000,9999.000,9999.000,9999.000
202602262324,   0.990,   1.170,9999.000,9999.000,9999.000,9999.000,9999.000,9999.000,9999.000
202602262330,   1.088,   1.249,9999.000,9999.000,9999.000,9999.000,9999.000,9999.000,9999.000
202602262336,   1.187,   1.348,9999.000,9999.000,9999.000,9999.000,9999.000,9999.000,9999.000
202602262342,   1.285,   1.449,9999.000,9999.000,9999.000,9999.000,9999.000,9999.000,9999.000
202602262348,   1.384,   1.590,9999.000,9999.000,9999.000,9999.000,9999.000,9999.000,9999.000
202602262354,   1.482,9999.000,9999.000,9999.000,9999.000,9999.000,9999.000,9999.000,9999.000
202602270000,   1.580,   1.879,   0.400,  -0.101,   1.879,   0.400,   1.879,   0.400,   1.879
202602270006,   1.677,   1.879,9999.000,9999.000,9999.000,9999.000,9999.000,9999.000,9999.000
202602270012,   1.773,   1.928,9999.000,9999.000,9999.000,9999.000,9999.000,9999.000,9999.000
202602270018,   1.867,   1.981,9999.000,9999.000,9999.000,9999.000,9999.000,9999.000,9999.000
202602270024,   1.961,   2.158,9999.000,9999.000,9999.000,9999.000,9999.000,9999.000,9999.000
202602270030,   2.053,   2.250,9999.000,9999.000,9999.000,9999.000,9999.000,9999.000,9999.000
202602270036,   2.143,   2.358,9999.000,9999.000,9999.000,9999.000,9999.000,9999.000,9999.000
202602270042,   2.231,   2.450,9999.000,9999.000,9999.000,9999.000,9999.000,9999.000,9999.000
202602270048,   2.317,   2.509,9999.000,9999.000,9999.000,9999.000,9999.000,9999.000,9999.000
202602270054,   2.400,   2.548,9999.000,9999.000,9999.000,9999.000,9999.000,9999.000,9999.000
202602270100,   2.482,   2.679,   0.500,  -0.303,   2.679,   0.400,   2.579,   0.500,   2.679
202602270106,   2.560,   2.840,9999.000,9999.000,9999.000,9999.000,9999.000,9999.000,9999.000
202602270112,   2.636,   2.860,9999.000,9999.000,9999.000,9999.000,9999.000,9999.000,9999.000
202602270118,   2.710,   2.919,9999.000,9999.000,9999.000,9999.000,9999.000,9999.000,9999.000
202602270124,   2.780,   3.017,9999.000,9999.000,9999.000,9999.000,9999.000,9999.000,9999.000
202602270130,   2.847,   3.060,9999.000,9999.000,9999.000,9999.000,9999.000,9999.000,9999.000
202602270136,   2.912,   3.178,9999.000,9999.000,9999.000,9999.000,9999.000,9999.000,9999.000
202602270142,   2.973,   3.240,9999.000,9999.000,9999.000,9999.000,9999.000,9999.000,9999.000
202602270148,   3.031,   3.279,9999.000,9999.000,9999.000,9999.000,9999.000,9999.000,9999.000
202602270154,   3.085,   3.319,9999.000,9999.000,9999.000,9999.000,9999.000,9999.000,9999.000
202602270200,   3.136,   3.329,   0.400,  -0.207,   3.329,   0.300,   3.229,   0.400,   3.329
202602270206,   3.184,   3.417,9999.000,9999.000,9999.000,9999.000,9999.000,9999.000,9999.000
202602270212,   3.228,   3.499,9999.000,9999.000,9999.000,9999.000,9999.000,9999.000,9999.000
202602270218,   3.269,   3.529,9999.000,9999.000,9999.000,9999.000,9999.000,9999.000,9999.000
202602270224,   3.306,   3.529,9999.000,9999.000,9999.000,9999.000,9999.000,9999.000,9999.000
202602270230,   3.340,   3.548,9999.000,9999.000,9999.000,9999.000,9999.000,9999.000,9999.000
202602270236,   3.370,   3.588,9999.000,9999.000,9999.000,9999.000,9999.000,9999.000,9999.000
202602270242,   3.397,   3.637,9999.000,9999.000,9999.000,9999.000,9999.000,9999.000,9999.000
202602270248,   3.420,   3.699,9999.000,9999.000,9999.000,9999.000,9999.000,9999.000,9999.000
202602270254,   3.439,   3.709,9999.000,9999.000,9999.000,9999.000,9999.000,9999.000,9999.000
202602270300,   3.455,   3.680,   0.300,  -0.075,   3.680,   0.200,   3.580,   0.400,   3.780
202602270306,   3.468,   3.709,9999.000,9999.000,9999.000,9999.000,9999.000,9999.000,9999.000
202602270312,   3.477,   3.758,9999.000,9999.000,9999.000,9999.000,9999.000,9999.000,9999.000
202602270318,   3.483,   3.749,9999.000,9999.000,9999.000,9999.000,9999.000,9999.000,9999.000
202602270324,   3.485,   3.758,9999.000,9999.000,9999.000,9999.000,9999.000,9999.000,9999.000
202602270330,   3.484,   3.768,9999.000,9999.000,9999.000,9999.000,9999.000,9999.000,9999.000
202602270336,   3.480,   3.719,9999.000,9999.000,9999.000,9999.000,9999.000,9999.000,9999.000
202602270342,   3.473,   3.699,9999.000,9999.000,9999.000,9999.000,9999.000,9999.000,9999.000
202602270348,   3.463,   3.729,9999.000,9999.000,9999.000,9999.000,9999.000,9999.000,9999.000
202602270354,   3.451,   3.768,9999.000,9999.000,9999.000,9999.000,9999.000,9999.000,9999.000
202602270400,   3.435,   3.729,   0.400,  -0.106,   3.729,   0.400,   3.729,   0.400,   3.729
202602270406,   3.417,   3.680,9999.000,9999.000,9999.000,9999.000,9999.000,9999.000,9999.000
202602270412,   3.396,   3.627,9999.000,9999.000,9999.000,9999.000,9999.000,9999.000,9999.000
202602270418,   3.373,   3.650,9999.000,9999.000,9999.000,9999.000,9999.000,9999.000,9999.000
202602270424,   3.348,   3.650,9999.000,9999.000,9999.000,9999.000,9999.000,9999.000,9999.000
202602270430,   3.320,   3.660,9999.000,9999.000,9999.000,9999.000,9999.000,9999.000,9999.000
202602270436,   3.291,   3.588,9999.000,9999.000,9999.000,9999.000,9999.000,9999.000,9999.000
202602270442,   3.260,   3.499,9999.000,9999.000,9999.000,9999.000,9999.000,9999.000,9999.000
202602270448,   3.228,   3.440,9999.000,9999.000,9999.000,9999.000,9999.000,9999.000,9999.000
202602270454,   3.194,   3.378,9999.000,9999.000,9999.000,9999.000,9999.000,9999.000,9999.000
202602270500,   3.159,   3.398,   0.400,  -0.161,   3.398,   0.400,   3.398,   0.400,   3.398
202602270506,   3.123,   3.388,9999.000,9999.000,9999.000,9999.000,9999.000,9999.000,9999.000
202602270512,   3.086,   3.289,9999.000,9999.000,9999.000,9999.000,9999.000,9999.000,9999.000
202602270518,   3.048,   3.260,9999.000,9999.000,9999.000,9999.000,9999.000,9999.000,9999.000
202602270524,   3.011,   3.260,9999.000,9999.000,9999.000,9999.000,9999.000,9999.000,9999.000
202602270530,   2.972,   3.230,9999.000,9999.000,9999.000,9999.000,9999.000,9999.000,9999.000
202602270536,   2.934,   3.188,9999.000,9999.000,9999.000,9999.000,9999.000,9999.000,9999.000
202602270542,   2.897,   3.188,9999.000,9999.000,9999.000,9999.000,9999.000,9999.000,9999.000
202602270548,   2.859,   3.138,9999.000,9999.000,9999.000,9999.000,9999.000,9999.000,9999.000
202602270554,   2.822,   3.119,9999.000,9999.000,9999.000,9999.000,9999.000,9999.000,9999.000
202602270600,   2.786,   3.040,   0.100,   0.154,   3.040,   0.000,   2.940,   0.200,   3.140
202602270606,   2.751,   3.060,9999.000,9999.000,9999.000,9999.000,9999.000,9999.000,9999.000
202602270612,   2.717,   3.079,9999.000,9999.000,9999.000,9999.000,9999.000,9999.000,9999.000
202602270618,   2.684,   3.030,9999.000,9999.000,9999.000,9999.000,9999.000,9999.000,9999.000
202602270624,   2.653,   2.988,9999.000,9999.000,9999.000,9999.000,9999.000,9999.000,9999.000
202602270630,   2.624,   2.879,9999.000,9999.000,9999.000,9999.000,9999.000,9999.000,9999.000
202602270636,   2.596,   2.869,9999.000,9999.000,9999.000,9999.000,9999.000,9999.000,9999.000
202602270642,   2.570,   2.869,9999.000,9999.000,9999.000,9999.000,9999.000,9999.000,9999.000
202602270648,   2.547,   2.840,9999.000,9999.000,9999.000,9999.000,9999.000,9999.000,9999.000
202602270654,   2.526,   2.840,9999.000,9999.000,9999.000,9999.000,9999.000,9999.000,9999.000
202602270700,   2.507,   2.797,   0.100,   0.190,   2.797,   0.000,   2.697,   0.200,   2.897
202602270706,   2.491,   2.768,9999.000,9999.000,9999.000,9999.000,9999.000,9999.000,9999.000
202602270712,   2.477,   2.758,9999.000,9999.000,9999.000,9999.000,9999.000,9999.000,9999.000
202602270718,   2.467,   2.709,9999.000,9999.000,9999.000,9999.000,9999.000,9999.000,9999.000
202602270724,   2.459,   2.748,9999.000,9999.000,9999.000,9999.000,9999.000,9999.000,9999.000
202602270730,   2.454,   2.738,9999.000,9999.000,9999.000,9999.000,9999.000,9999.000,9999.000
202602270736,   2.452,   2.699,9999.000,9999.000,9999.000,9999.000,9999.000,9999.000,9999.000
202602270742,   2.453,   2.738,9999.000,9999.000,9999.000,9999.000,9999.000,9999.000,9999.000
202602270748,   2.458,   2.778,9999.000,9999.000,9999.000,9999.000,9999.000,9999.000,9999.000
202602270754,   2.465,   2.768,9999.000,9999.000,9999.000,9999.000,9999.000,9999.000,9999.000
202602270800,   2.476,   2.758,   0.200,   0.082,   2.758,   0.100,   2.658,   0.200,   2.758
202602270806,   2.491,   2.787,9999.000,9999.000,9999.000,9999.000,9999.000,9999.000,9999.000
202602270812,   2.508,   2.748,9999.000,9999.000,9999.000,9999.000,9999.000,9999.000,9999.000
202602270818,   2.529,   2.768,9999.000,9999.000,9999.000,9999.000,9999.000,9999.000,9999.000
202602270824,   2.554,   2.889,9999.000,9999.000,9999.000,9999.000,9999.000,9999.000,9999.000
202602270830,   2.582,   2.899,9999.000,9999.000,9999.000,9999.000,9999.000,9999.000,9999.000
202602270836,   2.613,   2.938,9999.000,9999.000,9999.000,9999.000,9999.000,9999.000,9999.000
202602270842,   2.647,   2.968,9999.000,9999.000,9999.000,9999.000,9999.000,9999.000,9999.000
202602270848,   2.685,   2.968,9999.000,9999.000,9999.000,9999.000,9999.000,9999.000,9999.000
202602270854,   2.727,   2.968,9999.000,9999.000,9999.000,9999.000,9999.000,9999.000,9999.000
202602270900,   2.771,   3.017,   0.200,   0.046,   3.017,   0.100,   2.917,   0.200,   3.017
202602270906,   2.819,   3.109,9999.000,9999.000,9999.000,9999.000,9999.000,9999.000,9999.000
202602270912,   2.869,   3.207,9999.000,9999.000,9999.000,9999.000,9999.000,9999.000,9999.000
202602270918,   2.923,   3.260,9999.000,9999.000,9999.000,9999.000,9999.000,9999.000,9999.000
202602270924,   2.980,   3.270,9999.000,9999.000,9999.000,9999.000,9999.000,9999.000,9999.000
202602270930,   3.039,   3.309,9999.000,9999.000,9999.000,9999.000,9999.000,9999.000,9999.000
202602270936,   3.102,   3.427,9999.000,9999.000,9999.000,9999.000,9999.000,9999.000,9999.000
202602270942,   3.167,   3.519,9999.000,9999.000,9999.000,9999.000,9999.000,9999.000,9999.000
202602270948,   3.234,   3.548,9999.000,9999.000,9999.000,9999.000,9999.000,9999.000,9999.000
202602270954,   3.304,   3.598,9999.000,9999.000,9999.000,9999.000,9999.000,9999.000,9999.000
202602271000,   3.376,   3.637,   0.100,   0.161,   3.637,   0.100,   3.637,   0.200,   3.737
202602271006,   3.450,   3.729,9999.000,9999.000,9999.000,9999.000,9999.000,9999.000,9999.000
202602271012,   3.526,   3.837,9999.000,9999.000,9999.000,9999.000,9999.000,9999.000,9999.000
202602271018,   3.603,   3.968,9999.000,9999.000,9999.000,9999.000,9999.000,9999.000,9999.000
202602271024,   3.682,   4.027,9999.000,9999.000,9999.000,9999.000,9999.000,9999.000,9999.000
202602271030,   3.763,   4.080,9999.000,9999.000,9999.000,9999.000,9999.000,9999.000,9999.000
202602271036,   3.844,   4.109,9999.000,9999.000,9999.000,9999.000,9999.000,9999.000,9999.000
202602271042,   3.927,   4.159,9999.000,9999.000,9999.000,9999.000,9999.000,9999.000,9999.000
202602271048,   4.010,   4.247,9999.000,9999.000,9999.000,9999.000,9999.000,9999.000,9999.000
202602271054,   4.093,   4.349,9999.000,9999.000,9999.000,9999.000,9999.000,9999.000,9999.000
202602271100,   4.177,   4.388,   0.100,   0.111,   4.388,   0.000,   4.288,   0.200,   4.488
202602271106,   4.261,   4.519,9999.000,9999.000,9999.000,9999.000,9999.000,9999.000,9999.000
202602271112,   4.344,   4.588,9999.000,9999.000,9999.000,9999.000,9999.000,9999.000,9999.000
202602271118,   4.427,   4.667,9999.000,9999.000,9999.000,9999.000,9999.000,9999.000,9999.000
202602271124,   4.509,   4.778,9999.000,9999.000,9999.000,9999.000,9999.000,9999.000,9999.000
202602271130,   4.590,   4.867,9999.000,9999.000,9999.000,9999.000,9999.000,9999.000,9999.000
202602271136,   4.670,   4.910,9999.000,9999.000,9999.000,9999.000,9999.000,9999.000,9999.000
202602271142,   4.749,   5.028,9999.000,9999.000,9999.000,9999.000,9999.000,9999.000,9999.000
202602271148,   4.825,   5.129,9999.000,9999.000,9999.000,9999.000,9999.000,9999.000,9999.000
202602271154,   4.900,   5.228,9999.000,9999.000,9999.000,9999.000,9999.000,9999.000,9999.000
202602271200,   4.972,   5.277,   0.200,   0.105,   5.277,   0.200,   5.277,   0.200,   5.277
202602271206,   5.042,   5.339,9999.000,9999.000,9999.000,9999.000,9999.000,9999.000,9999.000
202602271212,   5.110,   5.359,9999.000,9999.000,9999.000,9999.000,9999.000,9999.000,9999.000
202602271218,   5.174,   5.428,9999.000,9999.000,9999.000,9999.000,9999.000,9999.000,9999.000
202602271224,   5.235,   5.487,9999.000,9999.000,9999.000,9999.000,9999.000,9999.000,9999.000
202602271230,   5.293,   5.549,9999.000,9999.000,9999.000,9999.000,9999.000,9999.000,9999.000
202602271236,   5.348,   5.589,9999.000,9999.000,9999.000,9999.000,9999.000,9999.000,9999.000
202602271242,   5.398,   5.677,9999.000,9999.000,9999.000,9999.000,9999.000,9999.000,9999.000
202602271248,   5.445,   5.707,9999.000,9999.000,9999.000,9999.000,9999.000,9999.000,9999.000
202602271254,   5.488,   5.818,9999.000,9999.000,9999.000,9999.000,9999.000,9999.000,9999.000
202602271300,   5.527,   5.808,   0.200,   0.081,   5.808,   0.200,   5.808,   0.300,   5.908
202602271306,   5.561,   5.848,9999.000,9999.000,9999.000,9999.000,9999.000,9999.000,9999.000
202602271312,   5.590,   5.917,9999.000,9999.000,9999.000,9999.000,9999.000,9999.000,9999.000
202602271318,   5.615,   5.897,9999.000,9999.000,9999.000,9999.000,9999.000,9999.000,9999.000
202602271324,   5.636,   5.897,9999.000,9999.000,9999.000,9999.000,9999.000,9999.000,9999.000
202602271330,   5.651,   5.959,9999.000,9999.000,9999.000,9999.000,9999.000,9999.000,9999.000
202602271336,   5.661,   5.969,9999.000,9999.000,9999.000,9999.000,9999.000,9999.000,9999.000
202602271342,   5.666,   5.949,9999.000,9999.000,9999.000,9999.000,9999.000,9999.000,9999.000
202602271348,   5.666,   5.969,9999.000,9999.000,9999.000,9999.000,9999.000,9999.000,9999.000
202602271354,   5.661,   5.949,9999.000,9999.000,9999.000,9999.000,9999.000,9999.000,9999.000
202602271400,   5.651,   5.917,   0.100,   0.166,   5.917,   0.100,   5.917,   0.200,   6.017
202602271406,   5.635,   5.907,9999.000,9999.000,9999.000,9999.000,9999.000,9999.000,9999.000
202602271412,   5.614,   5.858,9999.000,9999.000,9999.000,9999.000,9999.000,9999.000,9999.000
202602271418,   5.587,   5.838,9999.000,9999.000,9999.000,9999.000,9999.000,9999.000,9999.000
202602271424,   5.555,   5.858,9999.000,9999.000,9999.000,9999.000,9999.000,9999.000,9999.000
202602271430,   5.518,   5.828,9999.000,9999.000,9999.000,9999.000,9999.000,9999.000,9999.000
202602271436,   5.475,   5.789,9999.000,9999.000,9999.000,9999.000,9999.000,9999.000,9999.000
202602271442,   5.426,   5.687,9999.000,9999.000,9999.000,9999.000,9999.000,9999.000,9999.000
202602271448,   5.373,   5.648,9999.000,9999.000,9999.000,9999.000,9999.000,9999.000,9999.000
202602271454,   5.314,   5.569,9999.000,9999.000,9999.000,9999.000,9999.000,9999.000,9999.000
202602271500,   5.250,   5.530,   0.100,   0.180,   5.530,   0.100,   5.530,   0.200,   5.630
202602271506,   5.180,   5.487,9999.000,9999.000,9999.000,9999.000,9999.000,9999.000,9999.000
202602271512,   5.106,   5.457,9999.000,9999.000,9999.000,9999.000,9999.000,9999.000,9999.000
202602271518,   5.026,   5.379,9999.000,9999.000,9999.000,9999.000,9999.000,9999.000,9999.000
202602271524,   4.942,   5.277,9999.000,9999.000,9999.000,9999.000,9999.000,9999.000,9999.000
202602271530,   4.852,   5.208,9999.000,9999.000,9999.000,9999.000,9999.000,9999.000,9999.000
202602271536,   4.758,   5.087,9999.000,9999.000,9999.000,9999.000,9999.000,9999.000,9999.000
202602271542,   4.659,   4.959,9999.000,9999.000,9999.000,9999.000,9999.000,9999.000,9999.000
202602271548,   4.556,   4.887,9999.000,9999.000,9999.000,9999.000,9999.000,9999.000,9999.000
202602271554,   4.449,   4.769,9999.000,9999.000,9999.000,9999.000,9999.000,9999.000,9999.000
202602271600,   4.337,   4.690,   0.200,   0.153,   4.690,   0.100,   4.590,   0.200,   4.690
202602271606,   4.222,   4.578,9999.000,9999.000,9999.000,9999.000,9999.000,9999.000,9999.000
202602271612,   4.103,   4.467,9999.000,9999.000,9999.000,9999.000,9999.000,9999.000,9999.000
202602271618,   3.980,   4.349,9999.000,9999.000,9999.000,9999.000,9999.000,9999.000,9999.000
202602271624,   3.854,   4.198,9999.000,9999.000,9999.000,9999.000,9999.000,9999.000,9999.000
202602271630,   3.725,   4.037,9999.000,9999.000,9999.000,9999.000,9999.000,9999.000,9999.000
202602271636,   3.593,   3.890,9999.000,9999.000,9999.000,9999.000,9999.000,9999.000,9999.000
202602271642,   3.458,   3.768,9999.000,9999.000,9999.000,9999.000,9999.000,9999.000,9999.000
202602271648,   3.321,   3.637,9999.000,9999.000,9999.000,9999.000,9999.000,9999.000,9999.000
202602271654,   3.182,   3.529,9999.000,9999.000,9999.000,9999.000,9999.000,9999.000,9999.000
202602271700,   3.041,   3.427,   0.200,   0.186,   3.427,   0.200,   3.427,   0.200,   3.427
202602271706,   2.899,   3.270,9999.000,9999.000,9999.000,9999.000,9999.000,9999.000,9999.000
202602271712,   2.755,   3.109,9999.000,9999.000,9999.000,9999.000,9999.000,9999.000,9999.000
202602271718,   2.610,   2.929,9999.000,9999.000,9999.000,9999.000,9999.000,9999.000,9999.000
202602271724,   2.465,   2.787,9999.000,9999.000,9999.000,9999.000,9999.000,9999.000,9999.000
202602271730,   2.318,   2.630,9999.000,9999.000,9999.000,9999.000,9999.000,9999.000,9999.000
202602271736,   2.172,   2.509,9999.000,9999.000,9999.000,9999.000,9999.000,9999.000,9999.000
202602271742,   2.026,   2.377,9999.000,9999.000,9999.000,9999.000,9999.000,9999.000,9999.000
202602271748,   1.880,   2.230,9999.000,9999.000,9999.000,9999.000,9999.000,9999.000,9999.000
202602271754,   1.735,   2.049,9999.000,9999.000,9999.000,9999.000,9999.000,9999.000,9999.000
202602271800,   1.591,   1.918,   0.300,   0.027,   1.918,   0.200,   1.818,   0.400,   2.018
202602271806,   1.448,   1.781,9999.000,9999.000,9999.000,9999.000,9999.000,9999.000,9999.000
202602271812,   1.307,   1.630,9999.000,9999.000,9999.000,9999.000,9999.000,9999.000,9999.000
202602271818,   1.167,   1.489,9999.000,9999.000,9999.000,9999.000,9999.000,9999.000,9999.000
202602271824,   1.030,   1.348,9999.000,9999.000,9999.000,9999.000,9999.000,9999.000,9999.000
202602271830,   0.895,   1.239,9999.000,9999.000,9999.000,9999.000,9999.000,9999.000,9999.000
202602271836,   0.762,   1.108,9999.000,9999.000,9999.000,9999.000,9999.000,9999.000,9999.000
202602271842,   0.632,   1.010,9999.000,9999.000,9999.000,9999.000,9999.000,9999.000,9999.000
202602271848,   0.506,   0.859,9999.000,9999.000,9999.000,9999.000,9999.000,9999.000,9999.000
202602271854,   0.382,   0.800,9999.000,9999.000,9999.000,9999.000,9999.000,9999.000,9999.000
202602271900,   0.262,   0.649,   0.200,   0.187,   0.649,   0.200,   0.649,   0.300,   0.749
202602271906,   0.146,   0.518,9999.000,9999.000,9999.000,9999.000,9999.000,9999.000,9999.000
202602271912,   0.034,   0.400,9999.000,9999.000,9999.000,9999.000,9999.000,9999.000,9999.000
202602271918,  -0.073,   0.331,9999.000,9999.000,9999.000,9999.000,9999.000,9999.000,9999.000
202602271924,  -0.176,   0.229,9999.000,9999.000,9999.000,9999.000,9999.000,9999.000,9999.000
202602271930,  -0.275,   0.121,9999.000,9999.000,9999.000,9999.000,9999.000,9999.000,9999.000
202602271936,  -0.369,   0.000,9999.000,9999.000,9999.000,9999.000,9999.000,9999.000,9999.000
202602271942,  -0.458,  -0.098,9999.000,9999.000,9999.000,9999.000,9999.000,9999.000,9999.000
202602271948,  -0.543,  -0.170,9999.000,9999.000,9999.000,9999.000,9999.000,9999.000,9999.000
202602271954,  -0.622,  -0.249,9999.000,9999.000,9999.000,9999.000,9999.000,9999.000,9999.000
202602272000,  -0.695,  -0.308,   0.400,  -0.013,  -0.308,   0.300,  -0.408,   0.400,  -0.308
202602272006,  -0.763,  -0.419,9999.000,9999.000,9999.000,9999.000,9999.000,9999.000,9999.000
202602272012,  -0.826,  -0.488,9999.000,9999.000,9999.000,9999.000,9999.000,9999.000,9999.000
202602272018,  -0.883,  -0.541,9999.000,9999.000,9999.000,9999.000,9999.000,9999.000,9999.000
202602272024,  -0.934,  -0.610,9999.000,9999.000,9999.000,9999.000,9999.000,9999.000,9999.000
202602272030,  -0.979,  -0.629,9999.000,9999.000,9999.000,9999.000,9999.000,9999.000,9999.000
202602272036,  -1.019,  -0.629,9999.000,9999.000,9999.000,9999.000,9999.000,9999.000,9999.000
202602272042,  -1.052,  -0.669,9999.000,9999.000,9999.000,9999.000,9999.000,9999.000,9999.000
202602272048,  -1.079,  -0.731,9999.000,9999.000,9999.000,9999.000,9999.000,9999.000,9999.000
202602272054,  -1.101,  -0.760,9999.000,9999.000,9999.000,9999.000,9999.000,9999.000,9999.000
202602272100,  -1.116,  -0.770,   0.400,  -0.054,  -0.770,   0.400,  -0.770,   0.400,  -0.770
202602272106,  -1.125,  -0.790,9999.000,9999.000,9999.000,9999.000,9999.000,9999.000,9999.000
202602272112,  -1.127,  -0.790,9999.000,9999.000,9999.000,9999.000,9999.000,9999.000,9999.000
202602272118,  -1.124,  -0.751,9999.000,9999.000,9999.000,9999.000,9999.000,9999.000,9999.000
202602272124,  -1.115,  -0.770,9999.000,9999.000,9999.000,9999.000,9999.000,9999.000,9999.000
202602272130,  -1.099,  -0.790,9999.000,9999.000,9999.000,9999.000,9999.000,9999.000,9999.000
202602272136,  -1.078,  -0.751,9999.000,9999.000,9999.000,9999.000,9999.000,9999.000,9999.000
202602272142,  -1.050,  -0.760,9999.000,9999.000,9999.000,9999.000,9999.000,9999.000,9999.000
202602272148,  -1.017,  -0.649,9999.000,9999.000,9999.000,9999.000,9999.000,9999.000,9999.000
202602272154,  -0.978,  -0.600,9999.000,9999.000,9999.000,9999.000,9999.000,9999.000,9999.000
202602272200,  -0.934,  -0.590,   0.300,   0.044,  -0.590,   0.300,  -0.590,   0.400,  -0.490
202602272206,  -0.883,  -0.541,9999.000,9999.000,9999.000,9999.000,9999.000,9999.000,9999.000
202602272212,  -0.828,  -0.508,9999.000,9999.000,9999.000,9999.000,9999.000,9999.000,9999.000
202602272218,  -0.767,  -0.449,9999.000,9999.000,9999.000,9999.000,9999.000,9999.000,9999.000
202602272224,  -0.701,  -0.350,9999.000,9999.000,9999.000,9999.000,9999.000,9999.000,9999.000
202602272230,  -0.630,  -0.288,9999.000,9999.000,9999.000,9999.000,9999.000,9999.000,9999.000
202602272236,  -0.554,  -0.209,9999.000,9999.000,9999.000,9999.000,9999.000,9999.000,9999.000
202602272242,  -0.474,  -0.150,9999.000,9999.000,9999.000,9999.000,9999.000,9999.000,9999.000
202602272248,  -0.390,  -0.088,9999.000,9999.000,9999.000,9999.000,9999.000,9999.000,9999.000
202602272254,  -0.301,   0.000,9999.000,9999.000,9999.000,9999.000,9999.000,9999.000,9999.000
202602272300,  -0.209,   0.098,   0.300,   0.007,   0.098,   0.300,   0.098,   0.400,   0.198
202602272306,  -0.113,   0.200,9999.000,9999.000,9999.000,9999.000,9999.000,9999.000,9999.000
202602272312,  -0.013,   0.308,9999.000,9999.000,9999.000,9999.000,9999.000,9999.000,9999.000
202602272318,   0.089,   0.400,9999.000,9999.000,9999.000,9999.000,9999.000,9999.000,9999.000
202602272324,   0.194,   0.488,9999.000,9999.000,9999.000,9999.000,9999.000,9999.000,9999.000
202602272330,   0.302,   0.570,9999.000,9999.000,9999.000,9999.000,9999.000,9999.000,9999.000
202602272336,   0.413,   0.678,9999.000,9999.000,9999.000,9999.000,9999.000,9999.000,9999.000
202602272342,   0.525,   0.810,9999.000,9999.000,9999.000,9999.000,9999.000,9999.000,9999.000
202602272348,   0.639,   0.918,9999.000,9999.000,9999.000,9999.000,9999.000,9999.000,9999.000
202602272354,   0.755,9999.000,9999.000,9999.000,9999.000,9999.000,9999.000,9999.000,9999.000
202602280000,   0.872,   1.249,   0.400,  -0.023,   1.249,   0.400,   1.249,   0.400,   1.249
202602280006,   0.990,   1.249,9999.000,9999.000,9999.000,9999.000,9999.000,9999.000,9999.000
202602280012,   1.108,   1.371,9999.000,9999.000,9999.000,9999.000,9999.000,9999.000,9999.000
202602280018,   1.227,   1.508,9999.000,9999.000,9999.000,9999.000,9999.000,9999.000,9999.000
202602280024,   1.346,   1.580,9999.000,9999.000,9999.000,9999.000,9999.000,9999.000,9999.000
202602280030,   1.465,   1.708,9999.000,9999.000,9999.000,9999.000,9999.000,9999.000,9999.000
202602280036,   1.583,   1.849,9999.000,9999.000,9999.000,9999.000,9999.000,9999.000,9999.000
202602280042,   1.700,   1.958,9999.000,9999.000,9999.000,9999.000,9999.000,9999.000,9999.000
202602280048,   1.817,   2.049,9999.000,9999.000,9999.000,9999.000,9999.000,9999.000,9999.000
202602280054,   1.932,   2.177,9999.000,9999.000,9999.000,9999.000,9999.000,9999.000,9999.000
202602280100,   2.045,   2.299,   0.500,  -0.246,   2.299,   0.400,   2.199,   0.500,   2.299
202602280106,   2.157,   2.400,9999.000,9999.000,9999.000,9999.000,9999.000,9999.000,9999.000
202602280112,   2.267,   2.519,9999.000,9999.000,9999.000,9999.000,9999.000,9999.000,9999.000
202602280118,   2.375,   2.640,9999.000,9999.000,9999.000,9999.000,9999.000,9999.000,9999.000
202602280124,   2.480,   2.719,9999.000,9999.000,9999.000,9999.000,9999.000,9999.000,9999.000
202602280130,   2.582,   2.807,9999.000,9999.000,9999.000,9999.000,9999.000,9999.000,9999.000
202602280136,   2.682,   2.929,9999.000,9999.000,9999.000,9999.000,9999.000,9999.000,9999.000
202602280142,   2.778,   3.017,9999.000,9999.000,9999.000,9999.000,9999.000,9999.000,9999.000
202602280148,   2.871,   3.099,9999.000,9999.000,9999.000,9999.000,9999.000,9999.000,9999.000
202602280154,   2.961,   3.188,9999.000,9999.000,9999.000,9999.000,9999.000,9999.000,9999.000
202602280200,   3.047,   3.289,   0.400,  -0.158,   3.289,   0.400,   3.289,   0.500,   3.389
202602280206,   3.130,   3.378,9999.000,9999.000,9999.000,9999.000,9999.000,9999.000,9999.000
202602280212,   3.208,   3.427,9999.000,9999.000,9999.000,9999.000,9999.000,9999.000,9999.000
202602280218,   3.282,   3.558,9999.000,9999.000,9999.000,9999.000,9999.000,9999.000,9999.000
202602280224,   3.352,   3.578,9999.000,9999.000,9999.000,9999.000,9999.000,9999.000,9999.000
202602280230,   3.418,   3.650,9999.000,9999.000,9999.000,9999.000,9999.000,9999.000,9999.000
202602280236,   3.480,   3.739,9999.000,9999.000,9999.000,9999.000,9999.000,9999.000,9999.000
202602280242,   3.536,   3.739,9999.000,9999.000,9999.000,9999.000,9999.000,9999.000,9999.000
202602280248,   3.589,   3.798,9999.000,9999.000,9999.000,9999.000,9999.000,9999.000,9999.000
202602280254,   3.636,   3.899,9999.000,9999.000,9999.000,9999.000,9999.000,9999.000,9999.000
202602280300,   3.679,   3.949,   0.400,  -0.130,   3.949,   0.300,   3.849,   0.500,   4.049
202602280306,   3.717,   3.958,9999.000,9999.000,9999.000,9999.000,9999.000,9999.000,9999.000
202602280312,   3.751,   3.978,9999.000,9999.000,9999.000,9999.000,9999.000,9999.000,9999.000
202602280318,   3.779,   3.998,9999.000,9999.000,9999.000,9999.000,9999.000,9999.000,9999.000
202602280324,   3.803,   4.037,9999.000,9999.000,9999.000,9999.000,9999.000,9999.000,9999.000
202602280330,   3.821,   4.090,9999.000,9999.000,9999.000,9999.000,9999.000,9999.000,9999.000
202602280336,   3.835,   4.027,9999.000,9999.000,9999.000,9999.000,9999.000,9999.000,9999.000
202602280342,   3.845,   4.090,9999.000,9999.000,9999.000,9999.000,9999.000,9999.000,9999.000
202602280348,   3.849,   4.119,9999.000,9999.000,9999.000,9999.000,9999.000,9999.000,9999.000
202602280354,   3.849,   4.129,9999.000,9999.000,9999.000,9999.000,9999.000,9999.000,9999.000
202602280400,   3.844,   4.119,   0.400,  -0.125,   4.119,   0.400,   4.119,   0.500,   4.219
202602280406,   3.835,   4.119,9999.000,9999.000,9999.000,9999.000,9999.000,9999.000,9999.000
202602280412,   3.821,   4.109,9999.000,9999.000,9999.000,9999.000,9999.000,9999.000,9999.000
202602280418,   3.804,   4.080,9999.000,9999.000,9999.000,9999.000,9999.000,9999.000,9999.000
202602280424,   3.782,   4.057,9999.000,9999.000,9999.000,9999.000,9999.000,9999.000,9999.000
202602280430,   3.756,   4.057,9999.000,9999.000,9999.000,9999.000,9999.000,9999.000,9999.000
202602280436,   3.726,   4.037,9999.000,9999.000,9999.000,9999.000,9999.000,9999.000,9999.000
202602280442,   3.693,   4.037,9999.000,9999.000,9999.000,9999.000,9999.000,9999.000,9999.000
202602280448,   3.656,   3.958,9999.000,9999.000,9999.000,9999.000,9999.000,9999.000,9999.000
202602280454,   3.616,   3.899,9999.000,9999.000,9999.000,9999.000,9999.000,9999.000,9999.000
202602280500,   3.572,   3.909,   0.500,  -0.163,   3.909,   0.400,   3.809,   0.500,   3.909
202602280506,   3.526,   3.860,9999.000,9999.000,9999.000,9999.000,9999.000,9999.000,9999.000
202602280512,   3.478,   3.827,9999.000,9999.000,9999.000,9999.000,9999.000,9999.000,9999.000
202602280518,   3.426,   3.768,9999.000,9999.000,9999.000,9999.000,9999.000,9999.000,9999.000
202602280524,   3.373,   3.729,9999.000,9999.000,9999.000,9999.000,9999.000,9999.000,9999.000
202602280530,   3.318,   3.680,9999.000,9999.000,9999.000,9999.000,9999.000,9999.000,9999.000
202602280536,   3.261,   3.627,9999.000,9999.000,9999.000,9999.000,9999.000,9999.000,9999.000
202602280542,   3.203,   3.568,9999.000,9999.000,9999.000,9999.000,9999.000,9999.000,9999.000
202602280548,   3.143,   3.489,9999.000,9999.000,9999.000,9999.000,9999.000,9999.000,9999.000
202602280554,   3.083,9999.000,9999.000,9999.000,9999.000,9999.000,9999.000,9999.000,9999.000
202602280600,   3.021,9999.000,   0.400,  -0.158,   3.263,   0.300,   3.163,   0.500,   3.363
202602280606,   2.960,9999.000,9999.000,9999.000,9999.000,9999.000,9999.000,9999.000,9999.000
202602280612,   2.898,9999.000,9999.000,9999.000,9999.000,9999.000,9999.000,9999.000,9999.000
202602280618,   2.836,9999.000,9999.000,9999.000,9999.000,9999.000,9999.000,9999.000,9999.000
202602280624,   2.775,9999.000,9999.000,9999.000,9999.000,9999.000,9999.000,9999.000,9999.000
202602280630,   2.714,9999.000,9999.000,9999.000,9999.000,9999.000,9999.000,9999.000,9999.000
202602280636,   2.654,9999.000,9999.000,9999.000,9999.000,9999.000,9999.000,9999.000,9999.000
202602280642,   2.595,9999.000,9999.000,9999.000,9999.000,9999.000,9999.000,9999.000,9999.000
202602280648,   2.538,9999.000,9999.000,9999.000,9999.000,9999.000,9999.000,9999.000,9999.000
202602280654,   2.482,9999.000,9999.000,9999.000,9999.000,9999.000,9999.000,9999.000,9999.000
202602280700,   2.427,9999.000,   0.300,  -0.153,   2.574,   0.300,   2.574,   0.400,   2.674
202602280706,   2.375,9999.000,9999.000,9999.000,9999.000,9999.000,9999.000,9999.000,9999.000
202602280712,   2.325,9999.000,9999.000,9999.000,9999.000,9999.000,9999.000,9999.000,9999.000
202602280718,   2.277,9999.000,9999.000,9999.000,9999.000,9999.000,9999.000,9999.000,9999.000
202602280724,   2.231,9999.000,9999.000,9999.000,9999.000,9999.000,9999.000,9999.000,9999.000
202602280730,   2.189,9999.000,9999.000,9999.000,9999.000,9999.000,9999.000,9999.000,9999.000
202602280736,   2.149,9999.000,9999.000,9999.000,9999.000,9999.000,9999.000,9999.000,9999.000
202602280742,   2.112,9999.000,9999.000,9999.000,9999.000,9999.000,9999.000,9999.000,9999.000
202602280748,   2.079,9999.000,9999.000,9999.000,9999.000,9999.000,9999.000,9999.000,9999.000
202602280754,   2.049,9999.000,9999.000,9999.000,9999.000,9999.000,9999.000,9999.000,9999.000
202602280800,   2.023,9999.000,   0.400,  -0.148,   2.275,   0.400,   2.275,   0.500,   2.375
202602280806,   2.000,9999.000,9999.000,9999.000,9999.000,9999.000,9999.000,9999.000,9999.000
202602280812,   1.981,9999.000,9999.000,9999.000,9999.000,9999.000,9999.000,9999.000,9999.000
202602280818,   1.967,9999.000,9999.000,9999.000,9999.000,9999.000,9999.000,9999.000,9999.000
202602280824,   1.956,9999.000,9999.000,9999.000,9999.000,9999.000,9999.000,9999.000,9999.000
202602280830,   1.949,9999.000,9999.000,9999.000,9999.000,9999.000,9999.000,9999.000,9999.000
202602280836,   1.947,9999.000,9999.000,9999.000,9999.000,9999.000,9999.000,9999.000,9999.000
202602280842,   1.949,9999.000,9999.000,9999.000,9999.000,9999.000,9999.000,9999.000,9999.000
202602280848,   1.955,9999.000,9999.000,9999.000,9999.000,9999.000,9999.000,9999.000,9999.000
202602280854,   1.966,9999.000,9999.000,9999.000,9999.000,9999.000,9999.000,9999.000,9999.000
202602280900,   1.981,9999.000,   0.500,  -0.144,   2.337,   0.400,   2.237,   0.500,   2.337
202602280906,   2.001,9999.000,9999.000,9999.000,9999.000,9999.000,9999.000,9999.000,9999.000
202602280912,   2.025,9999.000,9999.000,9999.000,9999.000,9999.000,9999.000,9999.000,9999.000
202602280918,   2.054,9999.000,9999.000,9999.000,9999.000,9999.000,9999.000,9999.000,9999.000
202602280924,   2.087,9999.000,9999.000,9999.000,9999.000,9999.000,9999.000,9999.000,9999.000
202602280930,   2.125,9999.000,9999.000,9999.000,9999.000,9999.000,9999.000,9999.000,9999.000
202602280936,   2.167,9999.000,9999.000,9999.000,9999.000,9999.000,9999.000,9999.000,9999.000
202602280942,   2.214,9999.000,9999.000,9999.000,9999.000,9999.000,9999.000,9999.000,9999.000
202602280948,   2.265,9999.000,9999.000,9999.000,9999.000,9999.000,9999.000,9999.000,9999.000
202602280954,   2.320,9999.000,9999.000,9999.000,9999.000,9999.000,9999.000,9999.000,9999.000
202602281000,   2.379,9999.000,   0.400,  -0.139,   2.640,   0.400,   2.640,   0.500,   2.740
202602281006,   2.443,9999.000,9999.000,9999.000,9999.000,9999.000,9999.000,9999.000,9999.000
202602281012,   2.511,9999.000,9999.000,9999.000,9999.000,9999.000,9999.000,9999.000,9999.000
202602281018,   2.582,9999.000,9999.000,9999.000,9999.000,9999.000,9999.000,9999.000,9999.000
202602281024,   2.657,9999.000,9999.000,9999.000,9999.000,9999.000,9999.000,9999.000,9999.000
202602281030,   2.736,9999.000,9999.000,9999.000,9999.000,9999.000,9999.000,9999.000,9999.000
202602281036,   2.818,9999.000,9999.000,9999.000,9999.000,9999.000,9999.000,9999.000,9999.000
202602281042,   2.903,9999.000,9999.000,9999.000,9999.000,9999.000,9999.000,9999.000,9999.000
202602281048,   2.991,9999.000,9999.000,9999.000,9999.000,9999.000,9999.000,9999.000,9999.000
202602281054,   3.082,9999.000,9999.000,9999.000,9999.000,9999.000,9999.000,9999.000,9999.000
202602281100,   3.175,9999.000,   0.400,  -0.134,   3.441,   0.400,   3.441,   0.500,   3.541
202602281106,   3.271,9999.000,9999.000,9999.000,9999.000,9999.000,9999.000,9999.000,9999.000
202602281112,   3.368,9999.000,9999.000,9999.000,9999.000,9999.000,9999.000,9999.000,9999.000
202602281118,   3.468,9999.000,9999.000,9999.000,9999.000,9999.000,9999.000,9999.000,9999.000
202602281124,   3.569,9999.000,9999.000,9999.000,9999.000,9999.000,9999.000,9999.000,9999.000
202602281130,   3.671,9999.000,9999.000,9999.000,9999.000,9999.000,9999.000,9999.000,9999.000
202602281136,   3.774,9999.000,9999.000,9999.000,9999.000,9999.000,9999.000,9999.000,9999.000
202602281142,   3.878,9999.000,9999.000,9999.000,9999.000,9999.000,9999.000,9999.000,9999.000
202602281148,   3.982,9999.000,9999.000,9999.000,9999.000,9999.000,9999.000,9999.000,9999.000
202602281154,   4.087,9999.000,9999.000,9999.000,9999.000,9999.000,9999.000,9999.000,9999.000
202602281200,   4.191,9999.000,   0.400,  -0.129,   4.462,   0.400,   4.462,   0.500,   4.562
202602281206,   4.295,9999.000,9999.000,9999.000,9999.000,9999.000,9999.000,9999.000,9999.000
202602281212,   4.398,9999.000,9999.000,9999.000,9999.000,9999.000,9999.000,9999.000,9999.000
202602281218,   4.500,9999.000,9999.000,9999.000,9999.000,9999.000,9999.000,9999.000,9999.000
202602281224,   4.600,9999.000,9999.000,9999.000,9999.000,9999.000,9999.000,9999.000,9999.000
202602281230,   4.699,9999.000,9999.000,9999.000,9999.000,9999.000,9999.000,9999.000,9999.000
202602281236,   4.796,9999.000,9999.000,9999.000,9999.000,9999.000,9999.000,9999.000,9999.000
202602281242,   4.891,9999.000,9999.000,9999.000,9999.000,9999.000,9999.000,9999.000,9999.000
202602281248,   4.984,9999.000,9999.000,9999.000,9999.000,9999.000,9999.000,9999.000,9999.000
202602281254,   5.073,9999.000,9999.000,9999.000,9999.000,9999.000,9999.000,9999.000,9999.000
202602281300,   5.160,9999.000,   0.500,  -0.124,   5.536,   0.500,   5.536,   0.500,   5.536
202602281306,   5.243,9999.000,9999.000,9999.000,9999.000,9999.000,9999.000,9999.000,9999.000
202602281312,   5.323,9999.000,9999.000,9999.000,9999.000,9999.000,9999.000,9999.000,9999.000
202602281318,   5.399,9999.000,9999.000,9999.000,9999.000,9999.000,9999.000,9999.000,9999.000
202602281324,   5.471,9999.000,9999.000,9999.000,9999.000,9999.000,9999.000,9999.000,9999.000
202602281330,   5.539,9999.000,9999.000,9999.000,9999.000,9999.000,9999.000,9999.000,9999.000
202602281336,   5.603,9999.000,9999.000,9999.000,9999.000,9999.000,9999.000,9999.000,9999.000
202602281342,   5.661,9999.000,9999.000,9999.000,9999.000,9999.000,9999.000,9999.000,9999.000
202602281348,   5.715,9999.000,9999.000,9999.000,9999.000,9999.000,9999.000,9999.000,9999.000
202602281354,   5.764,9999.000,9999.000,9999.000,9999.000,9999.000,9999.000,9999.000,9999.000
202602281400,   5.807,9999.000,   0.500,  -0.119,   6.188,   0.400,   6.088,   0.500,   6.188
202602281406,   5.845,9999.000,9999.000,9999.000,9999.000,9999.000,9999.000,9999.000,9999.000
202602281412,   5.877,9999.000,9999.000,9999.000,9999.000,9999.000,9999.000,9999.000,9999.000
202602281418,   5.904,9999.000,9999.000,9999.000,9999.000,9999.000,9999.000,9999.000,9999.000
202602281424,   5.925,9999.000,9999.000,9999.000,9999.000,9999.000,9999.000,9999.000,9999.000
202602281430,   5.940,9999.000,9999.000,9999.000,9999.000,9999.000,9999.000,9999.000,9999.000
202602281436,   5.948,9999.000,9999.000,9999.000,9999.000,9999.000,9999.000,9999.000,9999.000
202602281442,   5.950,9999.000,9999.000,9999.000,9999.000,9999.000,9999.000,9999.000,9999.000
202602281448,   5.947,9999.000,9999.000,9999.000,9999.000,9999.000,9999.000,9999.000,9999.000
202602281454,   5.936,9999.000,9999.000,9999.000,9999.000,9999.000,9999.000,9999.000,9999.000
202602281500,   5.919,9999.000,   0.400,  -0.114,   6.205,   0.400,   6.205,   0.400,   6.205
202602281506,   5.896,9999.000,9999.000,9999.000,9999.000,9999.000,9999.000,9999.000,9999.000
202602281512,   5.866,9999.000,9999.000,9999.000,9999.000,9999.000,9999.000,9999.000,9999.000
202602281518,   5.830,9999.000,9999.000,9999.000,9999.000,9999.000,9999.000,9999.000,9999.000
202602281524,   5.787,9999.000,9999.000,9999.000,9999.000,9999.000,9999.000,9999.000,9999.000
202602281530,   5.738,9999.000,9999.000,9999.000,9999.000,9999.000,9999.000,9999.000,9999.000
202602281536,   5.682,9999.000,9999.000,9999.000,9999.000,9999.000,9999.000,9999.000,9999.000
202602281542,   5.620,9999.000,9999.000,9999.000,9999.000,9999.000,9999.000,9999.000,9999.000
202602281548,   5.552,9999.000,9999.000,9999.000,9999.000,9999.000,9999.000,9999.000,9999.000
202602281554,   5.477,9999.000,9999.000,9999.000,9999.000,9999.000,9999.000,9999.000,9999.000
202602281600,   5.396,9999.000,   0.400,  -0.110,   5.686,   0.400,   5.686,   0.400,   5.686
202602281606,   5.309,9999.000,9999.000,9999.000,9999.000,9999.000,9999.000,9999.000,9999.000
202602281612,   5.216,9999.000,9999.000,9999.000,9999.000,9999.000,9999.000,9999.000,9999.000
202602281618,   5.118,9999.000,9999.000,9999.000,9999.000,9999.000,9999.000,9999.000,9999.000
202602281624,   5.014,9999.000,9999.000,9999.000,9999.000,9999.000,9999.000,9999.000,9999.000
202602281630,   4.904,9999.000,9999.000,9999.000,9999.000,9999.000,9999.000,9999.000,9999.000
202602281636,   4.789,9999.000,9999.000,9999.000,9999.000,9999.000,9999.000,9999.000,9999.000
202602281642,   4.670,9999.000,9999.000,9999.000,9999.000,9999.000,9999.000,9999.000,9999.000
202602281648,   4.546,9999.000,9999.000,9999.000,9999.000,9999.000,9999.000,9999.000,9999.000
202602281654,   4.417,9999.000,9999.000,9999.000,9999.000,9999.000,9999.000,9999.000,9999.000
202602281700,   4.284,9999.000,   0.400,  -0.105,   4.579,   0.400,   4.579,   0.500,   4.679
202602281706,   4.147,9999.000,9999.000,9999.000,9999.000,9999.000,9999.000,9999.000,9999.000
202602281712,   4.006,9999.000,9999.000,9999.000,9999.000,9999.000,9999.000,9999.000,9999.000
202602281718,   3.862,9999.000,9999.000,9999.000,9999.000,9999.000,9999.000,9999.000,9999.000
202602281724,   3.715,9999.000,9999.000,9999.000,9999.000,9999.000,9999.000,9999.000,9999.000
202602281730,   3.565,9999.000,9999.000,9999.000,9999.000,9999.000,9999.000,9999.000,9999.000
202602281736,   3.412,9999.000,9999.000,9999.000,9999.000,9999.000,9999.000,9999.000,9999.000
202602281742,   3.258,9999.000,9999.000,9999.000,9999.000,9999.000,9999.000,9999.000,9999.000
202602281748,   3.101,9999.000,9999.000,9999.000,9999.000,9999.000,9999.000,9999.000,9999.000
202602281754,   2.943,9999.000,9999.000,9999.000,9999.000,9999.000,9999.000,9999.000,9999.000
202602281800,   2.784,9999.000,   0.500,  -0.105,   3.179,   0.400,   3.079,   0.500,   3.179
202602281806,   2.624,9999.000,9999.000,9999.000,9999.000,9999.000,9999.000,9999.000,9999.000
202602281812,   2.463,9999.000,9999.000,9999.000,9999.000,9999.000,9999.000,9999.000,9999.000
202602281818,   2.302,9999.000,9999.000,9999.000,9999.000,9999.000,9999.000,9999.000,9999.000
202602281824,   2.141,9999.000,9999.000,9999.000,9999.000,9999.000,9999.000,9999.000,9999.000
202602281830,   1.981,9999.000,9999.000,9999.000,9999.000,9999.000,9999.000,9999.000,9999.000
202602281836,   1.821,9999.000,9999.000,9999.000,9999.000,9999.000,9999.000,9999.000,9999.000
202602281842,   1.663,9999.000,9999.000,9999.000,9999.000,9999.000,9999.000,9999.000,9999.000
202602281848,   1.505,9999.000,9999.000,9999.000,9999.000,9999.000,9999.000,9999.000,9999.000
202602281854,   1.350,9999.000,9999.000,9999.000,9999.000,9999.000,9999.000,9999.000,9999.000
202602281900,   1.197,9999.000,   0.300,  -0.105,   1.392,   0.300,   1.392,   0.300,   1.392
202602281906,   1.045,9999.000,9999.000,9999.000,9999.000,9999.000,9999.000,9999.000,9999.000
202602281912,   0.897,9999.000,9999.000,9999.000,9999.000,9999.000,9999.000,9999.000,9999.000
202602281918,   0.751,9999.000,9999.000,9999.000,9999.000,9999.000,9999.000,9999.000,9999.000
202602281924,   0.609,9999.000,9999.000,9999.000,9999.000,9999.000,9999.000,9999.000,9999.000
202602281930,   0.470,9999.000,9999.000,9999.000,9999.000,9999.000,9999.000,9999.000,9999.000
202602281936,   0.335,9999.000,9999.000,9999.000,9999.000,9999.000,9999.000,9999.000,9999.000
202602281942,   0.203,9999.000,9999.000,9999.000,9999.000,9999.000,9999.000,9999.000,9999.000
202602281948,   0.076,9999.000,9999.000,9999.000,9999.000,9999.000,9999.000,9999.000,9999.000
202602281954,  -0.045,9999.000,9999.000,9999.000,9999.000,9999.000,9999.000,9999.000,9999.000
202602282000,  -0.163,9999.000,   0.400,  -0.105,   0.132,   0.300,   0.032,   0.400,   0.132
202602282006,  -0.276,9999.000,9999.000,9999.000,9999.000,9999.000,9999.000,9999.000,9999.000
202602282012,  -0.384,9999.000,9999.000,9999.000,9999.000,9999.000,9999.000,9999.000,9999.000
202602282018,  -0.487,9999.000,9999.000,9999.000,9999.000,9999.000,9999.000,9999.000,9999.000
202602282024,  -0.583,9999.000,9999.000,9999.000,9999.000,9999.000,9999.000,9999.000,9999.000
202602282030,  -0.675,9999.000,9999.000,9999.000,9999.000,9999.000,9999.000,9999.000,9999.000
202602282036,  -0.760,9999.000,9999.000,9999.000,9999.000,9999.000,9999.000,9999.000,9999.000
202602282042,  -0.839,9999.000,9999.000,9999.000,9999.000,9999.000,9999.000,9999.000,9999.000
202602282048,  -0.912,9999.000,9999.000,9999.000,9999.000,9999.000,9999.000,9999.000,9999.000
202602282054,  -0.979,9999.000,9999.000,9999.000,9999.000,9999.000,9999.000,9999.000,9999.000
202602282100,  -1.039,9999.000,   0.500,  -0.105,  -0.644,   0.500,  -0.644,   0.500,  -0.644
202602282106,  -1.092,9999.000,9999.000,9999.000,9999.000,9999.000,9999.000,9999.000,9999.000
202602282112,  -1.139,9999.000,9999.000,9999.000,9999.000,9999.000,9999.000,9999.000,9999.000
202602282118,  -1.179,9999.000,9999.000,9999.000,9999.000,9999.000,9999.000,9999.000,9999.000
202602282124,  -1.213,9999.000,9999.000,9999.000,9999.000,9999.000,9999.000,9999.000,9999.000
202602282130,  -1.239,9999.000,9999.000,9999.000,9999.000,9999.000,9999.000,9999.000,9999.000
202602282136,  -1.258,9999.000,9999.000,9999.000,9999.000,9999.000,9999.000,9999.000,9999.000
202602282142,  -1.271,9999.000,9999.000,9999.000,9999.000,9999.000,9999.000,9999.000,9999.000
202602282148,  -1.276,9999.000,9999.000,9999.000,9999.000,9999.000,9999.000,9999.000,9999.000
202602282154,  -1.274,9999.000,9999.000,9999.000,9999.000,9999.000,9999.000,9999.000,9999.000
202602282200,  -1.266,9999.000,   0.500,  -0.105,  -0.871,   0.400,  -0.971,   0.500,  -0.871
202602282206,  -1.250,9999.000,9999.000,9999.000,9999.000,9999.000,9999.000,9999.000,9999.000
202602282212,  -1.228,9999.000,9999.000,9999.000,9999.000,9999.000,9999.000,9999.000,9999.000
202602282218,  -1.199,9999.000,9999.000,9999.000,9999.000,9999.000,9999.000,9999.000,9999.000
202602282224,  -1.163,9999.000,9999.000,9999.000,9999.000,9999.000,9999.000,9999.000,9999.000
202602282230,  -1.121,9999.000,9999.000,9999.000,9999.000,9999.000,9999.000,9999.000,9999.000
202602282236,  -1.072,9999.000,9999.000,9999.000,9999.000,9999.000,9999.000,9999.000,9999.000
202602282242,  -1.017,9999.000,9999.000,9999.000,9999.000,9999.000,9999.000,9999.000,9999.000
202602282248,  -0.956,9999.000,9999.000,9999.000,9999.000,9999.000,9999.000,9999.000,9999.000
202602282254,  -0.889,9999.000,9999.000,9999.000,9999.000,9999.000,9999.000,9999.000,9999.000
202602282300,  -0.815,9999.000,   0.300,  -0.105,  -0.620,   0.300,  -0.620,   0.400,  -0.520
202602282306,  -0.737,9999.000,9999.000,9999.000,9999.000,9999.000,9999.000,9999.000,9999.000
202602282312,  -0.653,9999.000,9999.000,9999.000,9999.000,9999.000,9999.000,9999.000,9999.000
202602282318,  -0.564,9999.000,9999.000,9999.000,9999.000,9999.000,9999.000,9999.000,9999.000
202602282324,  -0.469,9999.000,9999.000,9999.000,9999.000,9999.000,9999.000,9999.000,9999.000
202602282330,  -0.371,9999.000,9999.000,9999.000,9999.000,9999.000,9999.000,9999.000,9999.000
202602282336,  -0.267,9999.000,9999.000,9999.000,9999.000,9999.000,9999.000,9999.000,9999.000
202602282342,  -0.160,9999.000,9999.000,9999.000,9999.000,9999.000,9999.000,9999.000,9999.000
202602282348,  -0.049,9999.000,9999.000,9999.000,9999.000,9999.000,9999.000,9999.000,9999.000
202602282354,   0.065,9999.000,9999.000,9999.000,9999.000,9999.000,9999.000,9999.000,9999.000
202603010000,   0.183,9999.000,   0.500,  -0.105,   0.578,   0.400,   0.478,   0.500,   0.578
202603010006,   0.304,9999.000,9999.000,9999.000,9999.000,9999.000,9999.000,9999.000,9999.000
202603010012,   0.427,9999.000,9999.000,9999.000,9999.000,9999.000,9999.000,9999.000,9999.000
202603010018,   0.553,9999.000,9999.000,9999.000,9999.000,9999.000,9999.000,9999.000,9999.000
202603010024,   0.681,9999.000,9999.000,9999.000,9999.000,9999.000,9999.000,9999.000,9999.000
202603010030,   0.811,9999.000,9999.000,9999.000,9999.000,9999.000,9999.000,9999.000,9999.000
202603010036,   0.942,9999.000,9999.000,9999.000,9999.000,9999.000,9999.000,9999.000,9999.000
202603010042,   1.074,9999.000,9999.000,9999.000,9999.000,9999.000,9999.000,9999.000,9999.000
202603010048,   1.207,9999.000,9999.000,9999.000,9999.000,9999.000,9999.000,9999.000,9999.000
202603010054,   1.341,9999.000,9999.000,9999.000,9999.000,9999.000,9999.000,9999.000,9999.000
202603010100,   1.474,9999.000,   0.600,  -0.105,   1.969,   0.600,   1.969,   0.600,   1.969
202603010106,   1.607,9999.000,9999.000,9999.000,9999.000,9999.000,9999.000,9999.000,9999.000
202603010112,   1.740,9999.000,9999.000,9999.000,9999.000,9999.000,9999.000,9999.000,9999.000
202603010118,   1.872,9999.000,9999.000,9999.000,9999.000,9999.000,9999.000,9999.000,9999.000
202603010124,   2.003,9999.000,9999.000,9999.000,9999.000,9999.000,9999.000,9999.000,9999.000
202603010130,   2.132,9999.000,9999.000,9999.000,9999.000,9999.000,9999.000,9999.000,9999.000
202603010136,   2.259,9999.000,9999.000,9999.000,9999.000,9999.000,9999.000,9999.000,9999.000
202603010142,   2.385,9999.000,9999.000,9999.000,9999.000,9999.000,9999.000,9999.000,9999.000
202603010148,   2.508,9999.000,9999.000,9999.000,9999.000,9999.000,9999.000,9999.000,9999.000
202603010154,   2.629,9999.000,9999.000,9999.000,9999.000,9999.000,9999.000,9999.000,9999.000
202603010200,   2.746,9999.000,   0.400,  -0.105,   3.041,   0.400,   3.041,   0.500,   3.141
202603010206,   2.861,9999.000,9999.000,9999.000,9999.000,9999.000,9999.000,9999.000,9999.000
202603010212,   2.972,9999.000,9999.000,9999.000,9999.000,9999.000,9999.000,9999.000,9999.000
202603010218,   3.079,9999.000,9999.000,9999.000,9999.000,9999.000,9999.000,9999.000,9999.000
202603010224,   3.183,9999.000,9999.000,9999.000,9999.000,9999.000,9999.000,9999.000,9999.000
202603010230,   3.282,9999.000,9999.000,9999.000,9999.000,9999.000,9999.000,9999.000,9999.000
202603010236,   3.377,9999.000,9999.000,9999.000,9999.000,9999.000,9999.000,9999.000,9999.000
202603010242,   3.468,9999.000,9999.000,9999.000,9999.000,9999.000,9999.000,9999.000,9999.000
202603010248,   3.553,9999.000,9999.000,9999.000,9999.000,9999.000,9999.000,9999.000,9999.000
202603010254,   3.634,9999.000,9999.000,9999.000,9999.000,9999.000,9999.000,9999.000,9999.000
202603010300,   3.710,9999.000,   0.400,  -0.105,   4.005,   0.300,   3.905,   0.400,   4.005
202603010306,   3.780,9999.000,9999.000,9999.000,9999.000,9999.000,9999.000,9999.000,9999.000
202603010312,   3.846,9999.000,9999.000,9999.000,9999.000,9999.000,9999.000,9999.000,9999.000
202603010318,   3.905,9999.000,9999.000,9999.000,9999.000,9999.000,9999.000,9999.000,9999.000
202603010324,   3.959,9999.000,9999.000,9999.000,9999.000,9999.000,9999.000,9999.000,9999.000
202603010330,   4.007,9999.000,9999.000,9999.000,9999.000,9999.000,9999.000,9999.000,9999.000
202603010336,   4.050,9999.000,9999.000,9999.000,9999.000,9999.000,9999.000,9999.000,9999.000
202603010342,   4.087,9999.000,9999.000,9999.000,9999.000,9999.000,9999.000,9999.000,9999.000
202603010348,   4.117,9999.000,9999.000,9999.000,9999.000,9999.000,9999.000,9999.000,9999.000
202603010354,   4.142,9999.000,9999.000,9999.000,9999.000,9999.000,9999.000,9999.000,9999.000
202603010400,   4.162,9999.000,   0.500,  -0.105,   4.557,   0.400,   4.457,   0.500,   4.557
202603010406,   4.175,9999.000,9999.000,9999.000,9999.000,9999.000,9999.000,9999.000,9999.000
202603010412,   4.182,9999.000,9999.000,9999.000,9999.000,9999.000,9999.000,9999.000,9999.000
202603010418,   4.184,9999.000,9999.000,9999.000,9999.000,9999.000,9999.000,9999.000,9999.000
202603010424,   4.180,9999.000,9999.000,9999.000,9999.000,9999.000,9999.000,9999.000,9999.000
202603010430,   4.170,9999.000,9999.000,9999.000,9999.000,9999.000,9999.000,9999.000,9999.000
202603010436,   4.155,9999.000,9999.000,9999.000,9999.000,9999.000,9999.000,9999.000,9999.000
202603010442,   4.134,9999.000,9999.000,9999.000,9999.000,9999.000,9999.000,9999.000,9999.000
202603010448,   4.108,9999.000,9999.000,9999.000,9999.000,9999.000,9999.000,9999.000,9999.000
202603010454,   4.078,9999.000,9999.000,9999.000,9999.000,9999.000,9999.000,9999.000,9999.000
202603010500,   4.042,9999.000,   0.500,  -0.105,   4.437,   0.500,   4.437,   0.500,   4.437
202603010506,   4.001,9999.000,9999.000,9999.000,9999.000,9999.000,9999.000,9999.000,9999.000
202603010512,   3.956,9999.000,9999.000,9999.000,9999.000,9999.000,9999.000,9999.000,9999.000
202603010518,   3.907,9999.000,9999.000,9999.000,9999.000,9999.000,9999.000,9999.000,9999.000
202603010524,   3.854,9999.000,9999.000,9999.000,9999.000,9999.000,9999.000,9999.000,9999.000
202603010530,   3.796,9999.000,9999.000,9999.000,9999.000,9999.000,9999.000,9999.000,9999.000
202603010536,   3.735,9999.000,9999.000,9999.000,9999.000,9999.000,9999.000,9999.000,9999.000
202603010542,   3.671,9999.000,9999.000,9999.000,9999.000,9999.000,9999.000,9999.000,9999.000
202603010548,   3.604,9999.000,9999.000,9999.000,9999.000,9999.000,9999.000,9999.000,9999.000
202603010554,   3.534,9999.000,9999.000,9999.000,9999.000,9999.000,9999.000,9999.000,9999.000
202603010600,   3.461,9999.000,   0.400,  -0.105,   3.756,   0.300,   3.656,   0.400,   3.756
202603010606,   3.387,9999.000,9999.000,9999.000,9999.000,9999.000,9999.000,9999.000,9999.000
202603010612,   3.310,9999.000,9999.000,9999.000,9999.000,9999.000,9999.000,9999.000,9999.000
202603010618,   3.231,9999.000,9999.000,9999.000,9999.000,9999.000,9999.000,9999.000,9999.000
202603010624,   3.151,9999.000,9999.000,9999.000,9999.000,9999.000,9999.000,9999.000,9999.000
202603010630,   3.070,9999.000,9999.000,9999.000,9999.000,9999.000,9999.000,9999.000,9999.000
202603010636,   2.989,9999.000,9999.000,9999.000,9999.000,9999.000,9999.000,9999.000,9999.000
202603010642,   2.906,9999.000,9999.000,9999.000,9999.000,9999.000,9999.000,9999.000,9999.000
202603010648,   2.824,9999.000,9999.000,9999.000,9999.000,9999.000,9999.000,9999.000,9999.000
202603010654,   2.741,9999.000,9999.000,9999.000,9999.000,9999.000,9999.000,9999.000,9999.000
202603010700,   2.659,9999.000,   0.300,  -0.105,   2.854,   0.300,   2.854,   0.300,   2.854
202603010706,   2.578,9999.000,9999.000,9999.000,9999.000,9999.000,9999.000,9999.000,9999.000
202603010712,   2.497,9999.000,9999.000,9999.000,9999.000,9999.000,9999.000,9999.000,9999.000
202603010718,   2.417,9999.000,9999.000,9999.000,9999.000,9999.000,9999.000,9999.000,9999.000
202603010724,   2.339,9999.000,9999.000,9999.000,9999.000,9999.000,9999.000,9999.000,9999.000
202603010730,   2.263,9999.000,9999.000,9999.000,9999.000,9999.000,9999.000,9999.000,9999.000
202603010736,   2.189,9999.000,9999.000,9999.000,9999.000,9999.000,9999.000,9999.000,9999.000
202603010742,   2.117,9999.000,9999.000,9999.000,9999.000,9999.000,9999.000,9999.000,9999.000
202603010748,   2.047,9999.000,9999.000,9999.000,9999.000,9999.000,9999.000,9999.000,9999.000
202603010754,   1.980,9999.000,9999.000,9999.000,9999.000,9999.000,9999.000,9999.000,9999.000
202603010800,   1.916,9999.000,   0.400,  -0.105,   2.211,   0.400,   2.211,   0.400,   2.211
202603010806,   1.855,9999.000,9999.000,9999.000,9999.000,9999.000,9999.000,9999.000,9999.000
202603010812,   1.797,9999.000,9999.000,9999.000,9999.000,9999.000,9999.000,9999.000,9999.000
202603010818,   1.744,9999.000,9999.000,9999.000,9999.000,9999.000,9999.000,9999.000,9999.000
202603010824,   1.693,9999.000,9999.000,9999.000,9999.000,9999.000,9999.000,9999.000,9999.000
202603010830,   1.647,9999.000,9999.000,9999.000,9999.000,9999.000,9999.000,9999.000,9999.000
202603010836,   1.605,9999.000,9999.000,9999.000,9999.000,9999.000,9999.000,9999.000,9999.000
202603010842,   1.568,9999.000,9999.000,9999.000,9999.000,9999.000,9999.000,9999.000,9999.000
202603010848,   1.535,9999.000,9999.000,9999.000,9999.000,9999.000,9999.000,9999.000,9999.000
202603010854,   1.506,9999.000,9999.000,9999.000,9999.000,9999.000,9999.000,9999.000,9999.000
202603010900,   1.483,9999.000,   0.500,  -0.105,   1.878,   0.400,   1.778,   0.500,   1.878
202603010906,   1.464,9999.000,9999.000,9999.000,9999.000,9999.000,9999.000,9999.000,9999.000
202603010912,   1.451,9999.000,9999.000,9999.000,9999.000,9999.000,9999.000,9999.000,9999.000
202603010918,   1.442,9999.000,9999.000,9999.000,9999.000,9999.000,9999.000,9999.000,9999.000
202603010924,   1.439,9999.000,9999.000,9999.000,9999.000,9999.000,9999.000,9999.000,9999.000
202603010930,   1.441,9999.000,9999.000,9999.000,9999.000,9999.000,9999.000,9999.000,9999.000
202603010936,   1.449,9999.000,9999.000,9999.000,9999.000,9999.000,9999.000,9999.000,9999.000
202603010942,   1.462,9999.000,9999.000,9999.000,9999.000,9999.000,9999.000,9999.000,9999.000
202603010948,   1.480,9999.000,9999.000,9999.000,9999.000,9999.000,9999.000,9999.000,9999.000
202603010954,   1.504,9999.000,9999.000,9999.000,9999.000,9999.000,9999.000,9999.000,9999.000
202603011000,   1.533,9999.000,   0.400,  -0.105,   1.828,   0.300,   1.728,   0.400,   1.828
202603011006,   1.568,9999.000,9999.000,9999.000,9999.000,9999.000,9999.000,9999.000,9999.000
202603011012,   1.609,9999.000,9999.000,9999.000,9999.000,9999.000,9999.000,9999.000,9999.000
202603011018,   1.654,9999.000,9999.000,9999.000,9999.000,9999.000,9999.000,9999.000,9999.000
202603011024,   1.705,9999.000,9999.000,9999.000,9999.000,9999.000,9999.000,9999.000,9999.000
202603011030,   1.761,9999.000,9999.000,9999.000,9999.000,9999.000,9999.000,9999.000,9999.000
202603011036,   1.823,9999.000,9999.000,9999.000,9999.000,9999.000,9999.000,9999.000,9999.000
202603011042,   1.889,9999.000,9999.000,9999.000,9999.000,9999.000,9999.000,9999.000,9999.000
202603011048,   1.960,9999.000,9999.000,9999.000,9999.000,9999.000,9999.000,9999.000,9999.000
202603011054,   2.036,9999.000,9999.000,9999.000,9999.000,9999.000,9999.000,9999.000,9999.000
202603011100,   2.116,9999.000,   0.300,  -0.105,   2.311,   0.300,   2.311,   0.400,   2.411
202603011106,   2.201,9999.000,9999.000,9999.000,9999.000,9999.000,9999.000,9999.000,9999.000
202603011112,   2.290,9999.000,9999.000,9999.000,9999.000,9999.000,9999.000,9999.000,9999.000
202603011118,   2.383,9999.000,9999.000,9999.000,9999.000,9999.000,9999.000,9999.000,9999.000
202603011124,   2.479,9999.000,9999.000,9999.000,9999.000,9999.000,9999.000,9999.000,9999.000
202603011130,   2.579,9999.000,9999.000,9999.000,9999.000,9999.000,9999.000,9999.000,9999.000
202603011136,   2.682,9999.000,9999.000,9999.000,9999.000,9999.000,9999.000,9999.000,9999.000
202603011142,   2.790,9999.000,9999.000,9999.000,9999.000,9999.000,9999.000,9999.000,9999.000
202603011148,   2.898,9999.000,9999.000,9999.000,9999.000,9999.000,9999.000,9999.000,9999.000
202603011154,   3.009,9999.000,9999.000,9999.000,9999.000,9999.000,9999.000,9999.000,9999.000
202603011200,   3.123,9999.000,   0.400,  -0.105,   3.418,   0.400,   3.418,   0.500,   3.518
202603011206,   3.238,9999.000,9999.000,9999.000,9999.000,9999.000,9999.000,9999.000,9999.000
202603011212,   3.355,9999.000,9999.000,9999.000,9999.000,9999.000,9999.000,9999.000,9999.000
202603011218,   3.473,9999.000,9999.000,9999.000,9999.000,9999.000,9999.000,9999.000,9999.000
202603011224,   3.592,9999.000,9999.000,9999.000,9999.000,9999.000,9999.000,9999.000,9999.000
202603011230,   3.712,9999.000,9999.000,9999.000,9999.000,9999.000,9999.000,9999.000,9999.000
202603011236,   3.832,9999.000,9999.000,9999.000,9999.000,9999.000,9999.000,9999.000,9999.000
202603011242,   3.952,9999.000,9999.000,9999.000,9999.000,9999.000,9999.000,9999.000,9999.000
202603011248,   4.072,9999.000,9999.000,9999.000,9999.000,9999.000,9999.000,9999.000,9999.000
202603011254,   4.191,9999.000,9999.000,9999.000,9999.000,9999.000,9999.000,9999.000,9999.000
202603011300,   4.309,9999.000,   0.500,  -0.105,   4.704,   0.500,   4.704,   0.500,   4.704
202603011306,   4.426,9999.000,9999.000,9999.000,9999.000,9999.000,9999.000,9999.000,9999.000
202603011312,   4.541,9999.000,9999.000,9999.000,9999.000,9999.000,9999.000,9999.000,9999.000
202603011318,   4.654,9999.000,9999.000,9999.000,9999.000,9999.000,9999.000,9999.000,9999.000
202603011324,   4.765,9999.000,9999.000,9999.000,9999.000,9999.000,9999.000,9999.000,9999.000
202603011330,   4.873,9999.000,9999.000,9999.000,9999.000,9999.000,9999.000,9999.000,9999.000
202603011336,   4.979,9999.000,9999.000,9999.000,9999.000,9999.000,9999.000,9999.000,9999.000
202603011342,   5.081,9999.000,9999.000,9999.000,9999.000,9999.000,9999.000,9999.000,9999.000
202603011348,   5.180,9999.000,9999.000,9999.000,9999.000,9999.000,9999.000,9999.000,9999.000
202603011354,   5.275,9999.000,9999.000,9999.000,9999.000,9999.000,9999.000,9999.000,9999.000
202603011400,   5.365,9999.000,   0.400,  -0.105,   5.660,   0.300,   5.560,   0.400,   5.660
202603011406,   5.452,9999.000,9999.000,9999.000,9999.000,9999.000,9999.000,9999.000,9999.000
202603011412,   5.534,9999.000,9999.000,9999.000,9999.000,9999.000,9999.000,9999.000,9999.000
202603011418,   5.611,9999.000,9999.000,9999.000,9999.000,9999.000,9999.000,9999.000,9999.000
202603011424,   5.682,9999.000,9999.000,9999.000,9999.000,9999.000,9999.000,9999.000,9999.000
202603011430,   5.749,9999.000,9999.000,9999.000,9999.000,9999.000,9999.000,9999.000,9999.000
202603011436,   5.809,9999.000,9999.000,9999.000,9999.000,9999.000,9999.000,9999.000,9999.000
202603011442,   5.864,9999.000,9999.000,9999.000,9999.000,9999.000,9999.000,9999.000,9999.000
202603011448,   5.913,9999.000,9999.000,9999.000,9999.000,9999.000,9999.000,9999.000,9999.000
202603011454,   5.956,9999.000,9999.000,9999.000,9999.000,9999.000,9999.000,9999.000,9999.000
202603011500,   5.992,9999.000,   0.300,  -0.105,   6.187,   0.300,   6.187,   0.300,   6.187
202603011506,   6.022,9999.000,9999.000,9999.000,9999.000,9999.000,9999.000,9999.000,9999.000
202603011512,   6.044,9999.000,9999.000,9999.000,9999.000,9999.000,9999.000,9999.000,9999.000
202603011518,   6.060,9999.000,9999.000,9999.000,9999.000,9999.000,9999.000,9999.000,9999.000
202603011524,   6.069,9999.000,9999.000,9999.000,9999.000,9999.000,9999.000,9999.000,9999.000
202603011530,   6.071,9999.000,9999.000,9999.000,9999.000,9999.000,9999.000,9999.000,9999.000
202603011536,   6.066,9999.000,9999.000,9999.000,9999.000,9999.000,9999.000,9999.000,9999.000
202603011542,   6.053,9999.000,9999.000,9999.000,9999.000,9999.000,9999.000,9999.000,9999.000
202603011548,   6.033,9999.000,9999.000,9999.000,9999.000,9999.000,9999.000,9999.000,9999.000
202603011554,   6.006,9999.000,9999.000,9999.000,9999.000,9999.000,9999.000,9999.000,9999.000
202603011600,   5.972,9999.000,   0.400,  -0.105,   6.267,   0.400,   6.267,   0.400,   6.267
202603011606,   5.930,9999.000,9999.000,9999.000,9999.000,9999.000,9999.000,9999.000,9999.000
202603011612,   5.881,9999.000,9999.000,9999.000,9999.000,9999.000,9999.000,9999.000,9999.000
202603011618,   5.825,9999.000,9999.000,9999.000,9999.000,9999.000,9999.000,9999.000,9999.000
202603011624,   5.762,9999.000,9999.000,9999.000,9999.000,9999.000,9999.000,9999.000,9999.000
202603011630,   5.692,9999.000,9999.000,9999.000,9999.000,9999.000,9999.000,9999.000,9999.000
202603011636,   5.615,9999.000,9999.000,9999.000,9999.000,9999.000,9999.000,9999.000,9999.000
202603011642,   5.532,9999.000,9999.000,9999.000,9999.000,9999.000,9999.000,9999.000,9999.000
202603011648,   5.441,9999.000,9999.000,9999.000,9999.000,9999.000,9999.000,9999.000,9999.000
202603011654,   5.345,9999.000,9999.000,9999.000,9999.000,9999.000,9999.000,9999.000,9999.000
202603011700,   5.242,9999.000,   0.400,  -0.105,   5.537,   0.400,   5.537,   0.400,   5.537
202603011706,   5.133,9999.000,9999.000,9999.000,9999.000,9999.000,9999.000,9999.000,9999.000
202603011712,   5.019,9999.000,9999.000,9999.000,9999.000,9999.000,9999.000,9999.000,9999.000
202603011718,   4.899,9999.000,9999.000,9999.000,9999.000,9999.000,9999.000,9999.000,9999.000
202603011724,   4.773,9999.000,9999.000,9999.000,9999.000,9999.000,9999.000,9999.000,9999.000
202603011730,   4.643,9999.000,9999.000,9999.000,9999.000,9999.000,9999.000,9999.000,9999.000
202603011736,   4.508,9999.000,9999.000,9999.000,9999.000,9999.000,9999.000,9999.000,9999.000
202603011742,   4.369,9999.000,9999.000,9999.000,9999.000,9999.000,9999.000,9999.000,9999.000
202603011748,   4.225,9999.000,9999.000,9999.000,9999.000,9999.000,9999.000,9999.000,9999.000
202603011754,   4.078,9999.000,9999.000,9999.000,9999.000,9999.000,9999.000,9999.000,9999.000
202603011800,   3.928,9999.000,   0.300,  -0.105,   4.123,   0.300,   4.123,   0.400,   4.223
202603011806,   3.774,9999.000,9999.000,9999.000,9999.000,9999.000,9999.000,9999.000,9999.000
202603011812,   3.617,9999.000,9999.000,9999.000,9999.000,9999.000,9999.000,9999.000,9999.000
202603011818,   3.458,9999.000,9999.000,9999.000,9999.000,9999.000,9999.000,9999.000,9999.000
202603011824,   3.297,9999.000,9999.000,9999.000,9999.000,9999.000,9999.000,9999.000,9999.000
202603011830,   3.134,9999.000,9999.000,9999.000,9999.000,9999.000,9999.000,9999.000,9999.000
202603011836,   2.969,9999.000,9999.000,9999.000,9999.000,9999.000,9999.000,9999.000,9999.000
202603011842,   2.804,9999.000,9999.000,9999.000,9999.000,9999.000,9999.000,9999.000,9999.000
202603011848,   2.638,9999.000,9999.000,9999.000,9999.000,9999.000,9999.000,9999.000,9999.000
202603011854,   2.471,9999.000,9999.000,9999.000,9999.000,9999.000,9999.000,9999.000,9999.000
202603011900,   2.304,9999.000,   0.300,  -0.105,   2.499,   0.200,   2.399,   0.300,   2.499
202603011906,   2.138,9999.000,9999.000,9999.000,9999.000,9999.000,9999.000,9999.000,9999.000
202603011912,   1.972,9999.000,9999.000,9999.000,9999.000,9999.000,9999.000,9999.000,9999.000
202603011918,   1.808,9999.000,9999.000,9999.000,9999.000,9999.000,9999.000,9999.000,9999.000
202603011924,   1.644,9999.000,9999.000,9999.000,9999.000,9999.000,9999.000,9999.000,9999.000
202603011930,   1.483,9999.000,9999.000,9999.000,9999.000,9999.000,9999.000,9999.000,9999.000
202603011936,   1.323,9999.000,9999.000,9999.000,9999.000,9999.000,9999.000,9999.000,9999.000
202603011942,   1.165,9999.000,9999.000,9999.000,9999.000,9999.000,9999.000,9999.000,9999.000
202603011948,   1.011,9999.000,9999.000,9999.000,9999.000,9999.000,9999.000,9999.000,9999.000
202603011954,   0.859,9999.000,9999.000,9999.000,9999.000,9999.000,9999.000,9999.000,9999.000
202603012000,   0.710,9999.000,   0.400,  -0.105,   1.005,   0.400,   1.005,   0.400,   1.005
202603012006,   0.565,9999.000,9999.000,9999.000,9999.000,9999.000,9999.000,9999.000,9999.000
202603012012,   0.424,9999.000,9999.000,9999.000,9999.000,9999.000,9999.000,9999.000,9999.000
202603012018,   0.287,9999.000,9999.000,9999.000,9999.000,9999.000,9999.000,9999.000,9999.000
202603012024,   0.155,9999.000,9999.000,9999.000,9999.000,9999.000,9999.000,9999.000,9999.000
202603012030,   0.027,9999.000,9999.000,9999.000,9999.000,9999.000,9999.000,9999.000,9999.000
202603012036,  -0.095,9999.000,9999.000,9999.000,9999.000,9999.000,9999.000,9999.000,9999.000
202603012042,  -0.213,9999.000,9999.000,9999.000,9999.000,9999.000,9999.000,9999.000,9999.000
202603012048,  -0.325,9999.000,9999.000,9999.000,9999.000,9999.000,9999.000,9999.000,9999.000
202603012054,  -0.431,9999.000,9999.000,9999.000,9999.000,9999.000,9999.000,9999.000,9999.000
202603012100,  -0.532,9999.000,   0.400,  -0.105,  -0.237,   0.400,  -0.237,   0.500,  -0.137
202603012106,  -0.626,9999.000,9999.000,9999.000,9999.000,9999.000,9999.000,9999.000,9999.000
202603012112,  -0.715,9999.000,9999.000,9999.000,9999.000,9999.000,9999.000,9999.000,9999.000
202603012118,  -0.796,9999.000,9999.000,9999.000,9999.000,9999.000,9999.000,9999.000,9999.000
202603012124,  -0.871,9999.000,9999.000,9999.000,9999.000,9999.000,9999.000,9999.000,9999.000
202603012130,  -0.940,9999.000,9999.000,9999.000,9999.000,9999.000,9999.000,9999.000,9999.000
202603012136,  -1.001,9999.000,9999.000,9999.000,9999.000,9999.000,9999.000,9999.000,9999.000
202603012142,  -1.055,9999.000,9999.000,9999.000,9999.000,9999.000,9999.000,9999.000,9999.000
202603012148,  -1.102,9999.000,9999.000,9999.000,9999.000,9999.000,9999.000,9999.000,9999.000
202603012154,  -1.142,9999.000,9999.000,9999.000,9999.000,9999.000,9999.000,9999.000,9999.000
202603012200,  -1.174,9999.000,   0.300,  -0.105,  -0.979,   0.300,  -0.979,   0.400,  -0.879
202603012206,  -1.200,9999.000,9999.000,9999.000,9999.000,9999.000,9999.000,9999.000,9999.000
202603012212,  -1.217,9999.000,9999.000,9999.000,9999.000,9999.000,9999.000,9999.000,9999.000
202603012218,  -1.227,9999.000,9999.000,9999.000,9999.000,9999.000,9999.000,9999.000,9999.000
202603012224,  -1.230,9999.000,9999.000,9999.000,9999.000,9999.000,9999.000,9999.000,9999.000
202603012230,  -1.226,9999.000,9999.000,9999.000,9999.000,9999.000,9999.000,9999.000,9999.000
202603012236,  -1.214,9999.000,9999.000,9999.000,9999.000,9999.000,9999.000,9999.000,9999.000
202603012242,  -1.194,9999.000,9999.000,9999.000,9999.000,9999.000,9999.000,9999.000,9999.000
202603012248,  -1.168,9999.000,9999.000,9999.000,9999.000,9999.000,9999.000,9999.000,9999.000
202603012254,  -1.134,9999.000,9999.000,9999.000,9999.000,9999.000,9999.000,9999.000,9999.000
202603012300,  -1.093,9999.000,   0.300,  -0.105,  -0.898,   0.300,  -0.898,   0.400,  -0.798
202603012306,  -1.045,9999.000,9999.000,9999.000,9999.000,9999.000,9999.000,9999.000,9999.000
202603012312,  -0.991,9999.000,9999.000,9999.000,9999.000,9999.000,9999.000,9999.000,9999.000
202603012318,  -0.929,9999.000,9999.000,9999.000,9999.000,9999.000,9999.000,9999.000,9999.000
202603012324,  -0.862,9999.000,9999.000,9999.000,9999.000,9999.000,9999.000,9999.000,9999.000
202603012330,  -0.788,9999.000,9999.000,9999.000,9999.000,9999.000,9999.000,9999.000,9999.000
202603012336,  -0.708,9999.000,9999.000,9999.000,9999.000,9999.000,9999.000,9999.000,9999.000
202603012342,  -0.622,9999.000,9999.000,9999.000,9999.000,9999.000,9999.000,9999.000,9999.000
202603012348,  -0.530,9999.000,9999.000,9999.000,9999.000,9999.000,9999.000,9999.000,9999.000
202603012354,  -0.433,9999.000,9999.000,9999.000,9999.000,9999.000,9999.000,9999.000,9999.000
202603020000,  -0.331,9999.000,   0.400,  -0.105,  -0.036,   0.400,  -0.036,   0.500,   0.064
202603020006,  -0.225,9999.000,9999.000,9999.000,9999.000,9999.000,9999.000,9999.000,9999.000
202603020012,  -0.113,9999.000,9999.000,9999.000,9999.000,9999.000,9999.000,9999.000,9999.000
202603020018,   0.002,9999.000,9999.000,9999.000,9999.000,9999.000,9999.000,9999.000,9999.000
202603020024,   0.121,9999.000,9999.000,9999.000,9999.000,9999.000,9999.000,9999.000,9999.000
202603020030,   0.245,9999.000,9999.000,9999.000,9999.000,9999.000,9999.000,9999.000,9999.000
202603020036,   0.371,9999.000,9999.000,9999.000,9999.000,9999.000,9999.000,9999.000,9999.000
202603020042,   0.501,9999.000,9999.000,9999.000,9999.000,9999.000,9999.000,9999.000,9999.000
202603020048,   0.634,9999.000,9999.000,9999.000,9999.000,9999.000,9999.000,9999.000,9999.000
202603020054,   0.768,9999.000,9999.000,9999.000,9999.000,9999.000,9999.000,9999.000,9999.000
202603020100,   0.905,9999.000,   0.500,  -0.105,   1.300,   0.500,   1.300,   0.500,   1.300
202603020106,   1.044,9999.000,9999.000,9999.000,9999.000,9999.000,9999.000,9999.000,9999.000
202603020112,   1.184,9999.000,9999.000,9999.000,9999.000,9999.000,9999.000,9999.000,9999.000
202603020118,   1.325,9999.000,9999.000,9999.000,9999.000,9999.000,9999.000,9999.000,9999.000
202603020124,   1.467,9999.000,9999.000,9999.000,9999.000,9999.000,9999.000,9999.000,9999.000
202603020130,   1.609,9999.000,9999.000,9999.000,9999.000,9999.000,9999.000,9999.000,9999.000
202603020136,   1.751,9999.000,9999.000,9999.000,9999.000,9999.000,9999.000,9999.000,9999.000
202603020142,   1.893,9999.000,9999.000,9999.000,9999.000,9999.000,9999.000,9999.000,9999.000
202603020148,   2.034,9999.000,9999.000,9999.000,9999.000,9999.000,9999.000,9999.000,9999.000
202603020154,   2.173,9999.000,9999.000,9999.000,9999.000,9999.000,9999.000,9999.000,9999.000
202603020200,   2.312,9999.000,   0.400,  -0.105,   2.607,   0.300,   2.507,   0.400,   2.607
202603020206,   2.449,9999.000,9999.000,9999.000,9999.000,9999.000,9999.000,9999.000,9999.000
202603020212,   2.583,9999.000,9999.000,9999.000,9999.000,9999.000,9999.000,9999.000,9999.000
202603020218,   2.716,9999.000,9999.000,9999.000,9999.000,9999.000,9999.000,9999.000,9999.000
202603020224,   2.845,9999.000,9999.000,9999.000,9999.000,9999.000,9999.000,9999.000,9999.000
202603020230,   2.972,9999.000,9999.000,9999.000,9999.000,9999.000,9999.000,9999.000,9999.000
202603020236,   3.095,9999.000,9999.000,9999.000,9999.000,9999.000,9999.000,9999.000,9999.000
202603020242,   3.214,9999.000,9999.000,9999.000,9999.000,9999.000,9999.000,9999.000,9999.000
202603020248,   3.330,9999.000,9999.000,9999.000,9999.000,9999.000,9999.000,9999.000,9999.000
202603020254,   3.441,9999.000,9999.000,9999.000,9999.000,9999.000,9999.000,9999.000,9999.000
202603020300,   3.548,9999.000,   0.300,  -0.105,   3.743,   0.300,   3.743,   0.300,   3.743
202603020306,   3.650,9999.000,9999.000,9999.000,9999.000,9999.000,9999.000,9999.000,9999.000
202603020312,   3.746,9999.000,9999.000,9999.000,9999.000,9999.000,9999.000,9999.000,9999.000
202603020318,   3.838,9999.000,9999.000,9999.000,9999.000,9999.000,9999.000,9999.000,9999.000
202603020324,   3.924,9999.000,9999.000,9999.000,9999.000,9999.000,9999.000,9999.000,9999.000
202603020330,   4.005,9999.000,9999.000,9999.000,9999.000,9999.000,9999.000,9999.000,9999.000
202603020336,   4.080,9999.000,9999.000,9999.000,9999.000,9999.000,9999.000,9999.000,9999.000
202603020342,   4.148,9999.000,9999.000,9999.000,9999.000,9999.000,9999.000,9999.000,9999.000
202603020348,   4.211,9999.000,9999.000,9999.000,9999.000,9999.000,9999.000,9999.000,9999.000
202603020354,   4.267,9999.000,9999.000,9999.000,9999.000,9999.000,9999.000,9999.000,9999.000
202603020400,   4.317,9999.000,   0.400,  -0.105,   4.612,   0.400,   4.612,   0.500,   4.712
202603020406,   4.361,9999.000,9999.000,9999.000,9999.000,9999.000,9999.000,9999.000,9999.000
202603020412,   4.398,9999.000,9999.000,9999.000,9999.000,9999.000,9999.000,9999.000,9999.000
202603020418,   4.429,9999.000,9999.000,9999.000,9999.000,9999.000,9999.000,9999.000,9999.000
202603020424,   4.452,9999.000,9999.000,9999.000,9999.000,9999.000,9999.000,9999.000,9999.000
202603020430,   4.470,9999.000,9999.000,9999.000,9999.000,9999.000,9999.000,9999.000,9999.000
202603020436,   4.481,9999.000,9999.000,9999.000,9999.000,9999.000,9999.000,9999.000,9999.000
202603020442,   4.485,9999.000,9999.000,9999.000,9999.000,9999.000,9999.000,9999.000,9999.000
202603020448,   4.483,9999.000,9999.000,9999.000,9999.000,9999.000,9999.000,9999.000,9999.000
202603020454,   4.474,9999.000,9999.000,9999.000,9999.000,9999.000,9999.000,9999.000,9999.000
202603020500,   4.459,9999.000,   0.400,  -0.105,   4.754,   0.400,   4.754,   0.400,   4.754
202603020506,   4.438,9999.000,9999.000,9999.000,9999.000,9999.000,9999.000,9999.000,9999.000
202603020512,   4.411,9999.000,9999.000,9999.000,9999.000,9999.000,9999.000,9999.000,9999.000
202603020518,   4.378,9999.000,9999.000,9999.000,9999.000,9999.000,9999.000,9999.000,9999.000
202603020524,   4.340,9999.000,9999.000,9999.000,9999.000,9999.000,9999.000,9999.000,9999.000
202603020530,   4.296,9999.000,9999.000,9999.000,9999.000,9999.000,9999.000,9999.000,9999.000
202603020536,   4.246,9999.000,9999.000,9999.000,9999.000,9999.000,9999.000,9999.000,9999.000
202603020542,   4.192,9999.000,9999.000,9999.000,9999.000,9999.000,9999.000,9999.000,9999.000
202603020548,   4.133,9999.000,9999.000,9999.000,9999.000,9999.000,9999.000,9999.000,9999.000
202603020554,   4.069,9999.000,9999.000,9999.000,9999.000,9999.000,9999.000,9999.000,9999.000
202603020600,   4.000,9999.000,   0.300,  -0.105,   4.195,   0.300,   4.195,   0.400,   4.295
202603020606,   3.928,9999.000,9999.000,9999.000,9999.000,9999.000,9999.000,9999.000,9999.000
202603020612,   3.852,9999.000,9999.000,9999.000,9999.000,9999.000,9999.000,9999.000,9999.000
202603020618,   3.772,9999.000,9999.000,9999.000,9999.000,9999.000,9999.000,9999.000,9999.000
202603020624,   3.689,9999.000,9999.000,9999.000,9999.000,9999.000,9999.000,9999.000,9999.000
202603020630,   3.602,9999.000,9999.000,9999.000,9999.000,9999.000,9999.000,9999.000,9999.000
202603020636,   3.514,9999.000,9999.000,9999.000,9999.000,9999.000,9999.000,9999.000,9999.000
202603020642,   3.422,9999.000,9999.000,9999.000,9999.000,9999.000,9999.000,9999.000,9999.000
202603020648,   3.329,9999.000,9999.000,9999.000,9999.000,9999.000,9999.000,9999.000,9999.000
202603020654,   3.234,9999.000,9999.000,9999.000,9999.000,9999.000,9999.000,9999.000,9999.000
202603020700,   3.137,9999.000,   0.300,  -0.105,   3.332,   0.200,   3.232,   0.300,   3.332
202603020706,   3.040,9999.000,9999.000,9999.000,9999.000,9999.000,9999.000,9999.000,9999.000
202603020712,   2.941,9999.000,9999.000,9999.000,9999.000,9999.000,9999.000,9999.000,9999.000
202603020718,   2.842,9999.000,9999.000,9999.000,9999.000,9999.000,9999.000,9999.000,9999.000
202603020724,   2.743,9999.000,9999.000,9999.000,9999.000,9999.000,9999.000,9999.000,9999.000
202603020730,   2.643,9999.000,9999.000,9999.000,9999.000,9999.000,9999.000,9999.000,9999.000
202603020736,   2.545,9999.000,9999.000,9999.000,9999.000,9999.000,9999.000,9999.000,9999.000
202603020742,   2.446,9999.000,9999.000,9999.000,9999.000,9999.000,9999.000,9999.000,9999.000
202603020748,   2.349,9999.000,9999.000,9999.000,9999.000,9999.000,9999.000,9999.000,9999.000
202603020754,   2.253,9999.000,9999.000,9999.000,9999.000,9999.000,9999.000,9999.000,9999.000
202603020800,   2.159,9999.000,   0.400,  -0.105,   2.454,   0.400,   2.454,   0.400,   2.454
202603020806,   2.067,9999.000,9999.000,9999.000,9999.000,9999.000,9999.000,9999.000,9999.000
202603020812,   1.976,9999.000,9999.000,9999.000,9999.000,9999.000,9999.000,9999.000,9999.000
202603020818,   1.889,9999.000,9999.000,9999.000,9999.000,9999.000,9999.000,9999.000,9999.000
202603020824,   1.804,9999.000,9999.000,9999.000,9999.000,9999.000,9999.000,9999.000,9999.000
202603020830,   1.722,9999.000,9999.000,9999.000,9999.000,9999.000,9999.000,9999.000,9999.000
202603020836,   1.643,9999.000,9999.000,9999.000,9999.000,9999.000,9999.000,9999.000,9999.000
202603020842,   1.568,9999.000,9999.000,9999.000,9999.000,9999.000,9999.000,9999.000,9999.000
202603020848,   1.496,9999.000,9999.000,9999.000,9999.000,9999.000,9999.000,9999.000,9999.000
202603020854,   1.429,9999.000,9999.000,9999.000,9999.000,9999.000,9999.000,9999.000,9999.000
202603020900,   1.366,9999.000,   0.400,  -0.105,   1.661,   0.400,   1.661,   0.400,   1.661
202603020906,   1.307,9999.000,9999.000,9999.000,9999.000,9999.000,9999.000,9999.000,9999.000
202603020912,   1.253,9999.000,9999.000,9999.000,9999.000,9999.000,9999.000,9999.000,9999.000
202603020918,   1.204,9999.000,9999.000,9999.000,9999.000,9999.000,9999.000,9999.000,9999.000
202603020924,   1.160,9999.000,9999.000,9999.000,9999.000,9999.000,9999.000,9999.000,9999.000
202603020930,   1.121,9999.000,9999.000,9999.000,9999.000,9999.000,9999.000,9999.000,9999.000
202603020936,   1.088,9999.000,9999.000,9999.000,9999.000,9999.000,9999.000,9999.000,9999.000
202603020942,   1.060,9999.000,9999.000,9999.000,9999.000,9999.000,9999.000,9999.000,9999.000
202603020948,   1.038,9999.000,9999.000,9999.000,9999.000,9999.000,9999.000,9999.000,9999.000
202603020954,   1.021,9999.000,9999.000,9999.000,9999.000,9999.000,9999.000,9999.000,9999.000
202603021000,   1.010,9999.000,   0.300,  -0.105,   1.205,   0.300,   1.205,   0.300,   1.205
202603021006,   1.006,9999.000,9999.000,9999.000,9999.000,9999.000,9999.000,9999.000,9999.000
202603021012,   1.007,9999.000,9999.000,9999.000,9999.000,9999.000,9999.000,9999.000,9999.000
202603021018,   1.014,9999.000,9999.000,9999.000,9999.000,9999.000,9999.000,9999.000,9999.000
202603021024,   1.028,9999.000,9999.000,9999.000,9999.000,9999.000,9999.000,9999.000,9999.000
202603021030,   1.047,9999.000,9999.000,9999.000,9999.000,9999.000,9999.000,9999.000,9999.000
202603021036,   1.073,9999.000,9999.000,9999.000,9999.000,9999.000,9999.000,9999.000,9999.000
202603021042,   1.105,9999.000,9999.000,9999.000,9999.000,9999.000,9999.000,9999.000,9999.000
202603021048,   1.142,9999.000,9999.000,9999.000,9999.000,9999.000,9999.000,9999.000,9999.000
202603021054,   1.186,9999.000,9999.000,9999.000,9999.000,9999.000,9999.000,9999.000,9999.000
202603021100,   1.236,9999.000,   0.300,  -0.105,   1.431,   0.300,   1.431,   0.300,   1.431
202603021106,   1.291,9999.000,9999.000,9999.000,9999.000,9999.000,9999.000,9999.000,9999.000
202603021112,   1.352,9999.000,9999.000,9999.000,9999.000,9999.000,9999.000,9999.000,9999.000
202603021118,   1.418,9999.000,9999.000,9999.000,9999.000,9999.000,9999.000,9999.000,9999.000
202603021124,   1.490,9999.000,9999.000,9999.000,9999.000,9999.000,9999.000,9999.000,9999.000
202603021130,   1.567,9999.000,9999.000,9999.000,9999.000,9999.000,9999.000,9999.000,9999.000
202603021136,   1.649,9999.000,9999.000,9999.000,9999.000,9999.000,9999.000,9999.000,9999.000
202603021142,   1.736,9999.000,9999.000,9999.000,9999.000,9999.000,9999.000,9999.000,9999.000
202603021148,   1.828,9999.000,9999.000,9999.000,9999.000,9999.000,9999.000,9999.000,9999.000
202603021154,   1.924,9999.000,9999.000,9999.000,9999.000,9999.000,9999.000,9999.000,9999.000
202603021200,   2.024,9999.000,   0.400,  -0.105,   2.319,   0.400,   2.319,   0.400,   2.319
202603021206,   2.128,9999.000,9999.000,9999.000,9999.000,9999.000,9999.000,9999.000,9999.000
202603021212,   2.236,9999.000,9999.000,9999.000,9999.000,9999.000,9999.000,9999.000,9999.000
202603021218,   2.347,9999.000,9999.000,9999.000,9999.000,9999.000,9999.000,9999.000,9999.000
202603021224,   2.461,9999.000,9999.000,9999.000,9999.000,9999.000,9999.000,9999.000,9999.000
202603021230,   2.578,9999.000,9999.000,9999.000,9999.000,9999.000,9999.000,9999.000,9999.000
202603021236,   2.698,9999.000,9999.000,9999.000,9999.000,9999.000,9999.000,9999.000,9999.000
202603021242,   2.820,9999.000,9999.000,9999.000,9999.000,9999.000,9999.000,9999.000,9999.000
202603021248,   2.944,9999.000,9999.000,9999.000,9999.000,9999.000,9999.000,9999.000,9999.000
202603021254,   3.070,9999.000,9999.000,9999.000,9999.000,9999.000,9999.000,9999.000,9999.000
202603021300,   3.197,9999.000,   0.400,  -0.105,   3.492,   0.400,   3.492,   0.400,   3.492
202603021306,   3.325,9999.000,9999.000,9999.000,9999.000,9999.000,9999.000,9999.000,9999.000
202603021312,   3.453,9999.000,9999.000,9999.000,9999.000,9999.000,9999.000,9999.000,9999.000
202603021318,   3.582,9999.000,9999.000,9999.000,9999.000,9999.000,9999.000,9999.000,9999.000
202603021324,   3.711,9999.000,9999.000,9999.000,9999.000,9999.000,9999.000,9999.000,9999.000
202603021330,   3.839,9999.000,9999.000,9999.000,9999.000,9999.000,9999.000,9999.000,9999.000
202603021336,   3.967,9999.000,9999.000,9999.000,9999.000,9999.000,9999.000,9999.000,9999.000
202603021342,   4.094,9999.000,9999.000,9999.000,9999.000,9999.000,9999.000,9999.000,9999.000
202603021348,   4.219,9999.000,9999.000,9999.000,9999.000,9999.000,9999.000,9999.000,9999.000
202603021354,   4.343,9999.000,9999.000,9999.000,9999.000,9999.000,9999.000,9999.000,9999.000
202603021400,   4.464,9999.000,   0.300,  -0.105,   4.659,   0.300,   4.659,   0.300,   4.659
202603021406,   4.583,9999.000,9999.000,9999.000,9999.000,9999.000,9999.000,9999.000,9999.000
202603021412,   4.699,9999.000,9999.000,9999.000,9999.000,9999.000,9999.000,9999.000,9999.000
202603021418,   4.812,9999.000,9999.000,9999.000,9999.000,9999.000,9999.000,9999.000,9999.000
202603021424,   4.922,9999.000,9999.000,9999.000,9999.000,9999.000,9999.000,9999.000,9999.000
202603021430,   5.028,9999.000,9999.000,9999.000,9999.000,9999.000,9999.000,9999.000,9999.000
202603021436,   5.130,9999.000,9999.000,9999.000,9999.000,9999.000,9999.000,9999.000,9999.000
202603021442,   5.227,9999.000,9999.000,9999.000,9999.000,9999.000,9999.000,9999.000,9999.000
202603021448,   5.320,9999.000,9999.000,9999.000,9999.000,9999.000,9999.000,9999.000,9999.000
202603021454,   5.407,9999.000,9999.000,9999.000,9999.000,9999.000,9999.000,9999.000,9999.000
202603021500,   5.489,9999.000,   0.300,  -0.105,   5.684,   0.300,   5.684,   0.300,   5.684
202603021506,   5.566,9999.000,9999.000,9999.000,9999.000,9999.000,9999.000,9999.000,9999.000
202603021512,   5.637,9999.000,9999.000,9999.000,9999.000,9999.000,9999.000,9999.000,9999.000
202603021518,   5.702,9999.000,9999.000,9999.000,9999.000,9999.000,9999.000,9999.000,9999.000
202603021524,   5.760,9999.000,9999.000,9999.000,9999.000,9999.000,9999.000,9999.000,9999.000
202603021530,   5.812,9999.000,9999.000,9999.000,9999.000,9999.000,9999.000,9999.000,9999.000
202603021536,   5.858,9999.000,9999.000,9999.000,9999.000,9999.000,9999.000,9999.000,9999.000
202603021542,   5.896,9999.000,9999.000,9999.000,9999.000,9999.000,9999.000,9999.000,9999.000
202603021548,   5.927,9999.000,9999.000,9999.000,9999.000,9999.000,9999.000,9999.000,9999.000
202603021554,   5.951,9999.000,9999.000,9999.000,9999.000,9999.000,9999.000,9999.000,9999.000
202603021600,   5.968,9999.000,   0.400,  -0.105,   6.263,   0.300,   6.163,   0.400,   6.263
202603021606,   5.978,9999.000,9999.000,9999.000,9999.000,9999.000,9999.000,9999.000,9999.000
202603021612,   5.980,9999.000,9999.000,9999.000,9999.000,9999.000,9999.000,9999.000,9999.000
202603021618,   5.974,9999.000,9999.000,9999.000,9999.000,9999.000,9999.000,9999.000,9999.000
202603021624,   5.961,9999.000,9999.000,9999.000,9999.000,9999.000,9999.000,9999.000,9999.000
202603021630,   5.940,9999.000,9999.000,9999.000,9999.000,9999.000,9999.000,9999.000,9999.000
202603021636,   5.912,9999.000,9999.000,9999.000,9999.000,9999.000,9999.000,9999.000,9999.000
202603021642,   5.877,9999.000,9999.000,9999.000,9999.000,9999.000,9999.000,9999.000,9999.000
202603021648,   5.833,9999.000,9999.000,9999.000,9999.000,9999.000,9999.000,9999.000,9999.000
202603021654,   5.783,9999.000,9999.000,9999.000,9999.000,9999.000,9999.000,9999.000,9999.000
202603021700,   5.725,9999.000,   0.400,  -0.105,   6.020,   0.300,   5.920,   0.400,   6.020
202603021706,   5.660,9999.000,9999.000,9999.000,9999.000,9999.000,9999.000,9999.000,9999.000
202603021712,   5.588,9999.000,9999.000,9999.000,9999.000,9999.000,9999.000,9999.000,9999.000
202603021718,   5.509,9999.000,9999.000,9999.000,9999.000,9999.000,9999.000,9999.000,9999.000
202603021724,   5.423,9999.000,9999.000,9999.000,9999.000,9999.000,9999.000,9999.000,9999.000
202603021730,   5.331,9999.000,9999.000,9999.000,9999.000,9999.000,9999.000,9999.000,9999.000
202603021736,   5.232,9999.000,9999.000,9999.000,9999.000,9999.000,9999.000,9999.000,9999.000
202603021742,   5.127,9999.000,9999.000,9999.000,9999.000,9999.000,9999.000,9999.000,9999.000
202603021748,   5.017,9999.000,9999.000,9999.000,9999.000,9999.000,9999.000,9999.000,9999.000
202603021754,   4.901,9999.000,9999.000,9999.000,9999.000,9999.000,9999.000,9999.000,9999.000
202603021800,   4.780,9999.000,   0.300,  -0.105,   4.975,   0.300,   4.975,   0.300,   4.975
202603021806,   4.653,9999.000,9999.000,9999.000,9999.000,9999.000,9999.000,9999.000,9999.000
202603021812,   4.522,9999.000,9999.000,9999.000,9999.000,9999.000,9999.000,9999.000,9999.000
202603021818,   4.386,9999.000,9999.000,9999.000,9999.000,9999.000,9999.000,9999.000,9999.000
202603021824,   4.246,9999.000,9999.000,9999.000,9999.000,9999.000,9999.000,9999.000,9999.000
202603021830,   4.103,9999.000,9999.000,9999.000,9999.000,9999.000,9999.000,9999.000,9999.000
202603021836,   3.956,9999.000,9999.000,9999.000,9999.000,9999.000,9999.000,9999.000,9999.000
202603021842,   3.805,9999.000,9999.000,9999.000,9999.000,9999.000,9999.000,9999.000,9999.000
202603021848,   3.652,9999.000,9999.000,9999.000,9999.000,9999.000,9999.000,9999.000,9999.000
202603021854,   3.496,9999.000,9999.000,9999.000,9999.000,9999.000,9999.000,9999.000,9999.000
202603021900,   3.339,9999.000,   0.300,  -0.105,   3.534,   0.200,   3.434,   0.300,   3.534
202603021906,   3.179,9999.000,9999.000,9999.000,9999.000,9999.000,9999.000,9999.000,9999.000
202603021912,   3.018,9999.000,9999.000,9999.000,9999.000,9999.000,9999.000,9999.000,9999.000
202603021918,   2.856,9999.000,9999.000,9999.000,9999.000,9999.000,9999.000,9999.000,9999.000
202603021924,   2.692,9999.000,9999.000,9999.000,9999.000,9999.000,9999.000,9999.000,9999.000
202603021930,   2.529,9999.000,9999.000,9999.000,9999.000,9999.000,9999.000,9999.000,9999.000
202603021936,   2.366,9999.000,9999.000,9999.000,9999.000,9999.000,9999.000,9999.000,9999.000
202603021942,   2.202,9999.000,9999.000,9999.000,9999.000,9999.000,9999.000,9999.000,9999.000
202603021948,   2.040,9999.000,9999.000,9999.000,9999.000,9999.000,9999.000,9999.000,9999.000
202603021954,   1.878,9999.000,9999.000,9999.000,9999.000,9999.000,9999.000,9999.000,9999.000
202603022000,   1.718,9999.000,   0.400,  -0.105,   2.013,   0.300,   1.913,   0.400,   2.013
202603022006,   1.560,9999.000,9999.000,9999.000,9999.000,9999.000,9999.000,9999.000,9999.000
202603022012,   1.403,9999.000,9999.000,9999.000,9999.000,9999.000,9999.000,9999.000,9999.000
202603022018,   1.249,9999.000,9999.000,9999.000,9999.000,9999.000,9999.000,9999.000,9999.000
202603022024,   1.098,9999.000,9999.000,9999.000,9999.000,9999.000,9999.000,9999.000,9999.000
202603022030,   0.950,9999.000,9999.000,9999.000,9999.000,9999.000,9999.000,9999.000,9999.000
202603022036,   0.805,9999.000,9999.000,9999.000,9999.000,9999.000,9999.000,9999.000,9999.000
202603022042,   0.663,9999.000,9999.000,9999.000,9999.000,9999.000,9999.000,9999.000,9999.000
202603022048,   0.526,9999.000,9999.000,9999.000,9999.000,9999.000,9999.000,9999.000,9999.000
202603022054,   0.393,9999.000,9999.000,9999.000,9999.000,9999.000,9999.000,9999.000,9999.000
202603022100,   0.265,9999.000,   0.400,  -0.105,   0.560,   0.400,   0.560,   0.400,   0.560
202603022106,   0.141,9999.000,9999.000,9999.000,9999.000,9999.000,9999.000,9999.000,9999.000
202603022112,   0.022,9999.000,9999.000,9999.000,9999.000,9999.000,9999.000,9999.000,9999.000
202603022118,  -0.090,9999.000,9999.000,9999.000,9999.000,9999.000,9999.000,9999.000,9999.000
202603022124,  -0.197,9999.000,9999.000,9999.000,9999.000,9999.000,9999.000,9999.000,9999.000
202603022130,  -0.299,9999.000,9999.000,9999.000,9999.000,9999.000,9999.000,9999.000,9999.000
202603022136,  -0.394,9999.000,9999.000,9999.000,9999.000,9999.000,9999.000,9999.000,9999.000
202603022142,  -0.483,9999.000,9999.000,9999.000,9999.000,9999.000,9999.000,9999.000,9999.000
202603022148,  -0.566,9999.000,9999.000,9999.000,9999.000,9999.000,9999.000,9999.000,9999.000
202603022154,  -0.642,9999.000,9999.000,9999.000,9999.000,9999.000,9999.000,9999.000,9999.000
202603022200,  -0.711,9999.000,   0.300,  -0.105,  -0.516,   0.300,  -0.516,   0.400,  -0.416
202603022206,  -0.774,9999.000,9999.000,9999.000,9999.000,9999.000,9999.000,9999.000,9999.000
202603022212,  -0.829,9999.000,9999.000,9999.000,9999.000,9999.000,9999.000,9999.000,9999.000
202603022218,  -0.877,9999.000,9999.000,9999.000,9999.000,9999.000,9999.000,9999.000,9999.000
202603022224,  -0.917,9999.000,9999.000,9999.000,9999.000,9999.000,9999.000,9999.000,9999.000
202603022230,  -0.951,9999.000,9999.000,9999.000,9999.000,9999.000,9999.000,9999.000,9999.000
202603022236,  -0.977,9999.000,9999.000,9999.000,9999.000,9999.000,9999.000,9999.000,9999.000
202603022242,  -0.995,9999.000,9999.000,9999.000,9999.000,9999.000,9999.000,9999.000,9999.000
202603022248,  -1.006,9999.000,9999.000,9999.000,9999.000,9999.000,9999.000,9999.000,9999.000
202603022254,  -1.009,9999.000,9999.000,9999.000,9999.000,9999.000,9999.000,9999.000,9999.000
202603022300,  -1.005,9999.000,   0.400,  -0.105,  -0.710,   0.300,  -0.810,   0.400,  -0.710
202603022306,  -0.994,9999.000,9999.000,9999.000,9999.000,9999.000,9999.000,9999.000,9999.000
202603022312,  -0.975,9999.000,9999.000,9999.000,9999.000,9999.000,9999.000,9999.000,9999.000
202603022318,  -0.949,9999.000,9999.000,9999.000,9999.000,9999.000,9999.000,9999.000,9999.000
202603022324,  -0.915,9999.000,9999.000,9999.000,9999.000,9999.000,9999.000,9999.000,9999.000
202603022330,  -0.875,9999.000,9999.000,9999.000,9999.000,9999.000,9999.000,9999.000,9999.000
202603022336,  -0.827,9999.000,9999.000,9999.000,9999.000,9999.000,9999.000,9999.000,9999.000
202603022342,  -0.773,9999.000,9999.000,9999.000,9999.000,9999.000,9999.000,9999.000,9999.000
202603022348,  -0.712,9999.000,9999.000,9999.000,9999.000,9999.000,9999.000,9999.000,9999.000
202603022354,  -0.644,9999.000,9999.000,9999.000,9999.000,9999.000,9999.000,9999.000,9999.000
202603030000,  -0.570,9999.000,   0.500,  -0.105,  -0.175,   0.400,  -0.275,   0.500,  -0.175
202603030006,  -0.490,9999.000,9999.000,9999.000,9999.000,9999.000,9999.000,9999.000,9999.000
202603030012,  -0.404,9999.000,9999.000,9999.000,9999.000,9999.000,9999.000,9999.000,9999.000
202603030018,  -0.312,9999.000,9999.000,9999.000,9999.000,9999.000,9999.000,9999.000,9999.000
202603030024,  -0.215,9999.000,9999.000,9999.000,9999.000,9999.000,9999.000,9999.000,9999.000
202603030030,  -0.112,9999.000,9999.000,9999.000,9999.000,9999.000,9999.000,9999.000,9999.000
202603030036,  -0.005,9999.000,9999.000,9999.000,9999.000,9999.000,9999.000,9999.000,9999.000
202603030042,   0.106,9999.000,9999.000,9999.000,9999.000,9999.000,9999.000,9999.000,9999.000
202603030048,   0.223,9999.000,9999.000,9999.000,9999.000,9999.000,9999.000,9999.000,9999.000
202603030054,   0.344,9999.000,9999.000,9999.000,9999.000,9999.000,9999.000,9999.000,9999.000
202603030100,   0.468,9999.000,   0.500,  -0.105,   0.863,   0.500,   0.863,   0.600,   0.963
202603030106,   0.596,9999.000,9999.000,9999.000,9999.000,9999.000,9999.000,9999.000,9999.000
202603030112,   0.728,9999.000,9999.000,9999.000,9999.000,9999.000,9999.000,9999.000,9999.000
202603030118,   0.862,9999.000,9999.000,9999.000,9999.000,9999.000,9999.000,9999.000,9999.000
202603030124,   0.999,9999.000,9999.000,9999.000,9999.000,9999.000,9999.000,9999.000,9999.000
202603030130,   1.138,9999.000,9999.000,9999.000,9999.000,9999.000,9999.000,9999.000,9999.000
202603030136,   1.278,9999.000,9999.000,9999.000,9999.000,9999.000,9999.000,9999.000,9999.000
202603030142,   1.420,9999.000,9999.000,9999.000,9999.000,9999.000,9999.000,9999.000,9999.000
202603030148,   1.564,9999.000,9999.000,9999.000,9999.000,9999.000,9999.000,9999.000,9999.000
202603030154,   1.708,9999.000,9999.000,9999.000,9999.000,9999.000,9999.000,9999.000,9999.000
202603030200,   1.853,9999.000,   0.400,  -0.105,   2.148,   0.400,   2.148,   0.400,   2.148
202603030206,   1.997,9999.000,9999.000,9999.000,9999.000,9999.000,9999.000,9999.000,9999.000
202603030212,   2.141,9999.000,9999.000,9999.000,9999.000,9999.000,9999.000,9999.000,9999.000
202603030218,   2.285,9999.000,9999.000,9999.000,9999.000,9999.000,9999.000,9999.000,9999.000
202603030224,   2.428,9999.000,9999.000,9999.000,9999.000,9999.000,9999.000,9999.000,9999.000
202603030230,   2.569,9999.000,9999.000,9999.000,9999.000,9999.000,9999.000,9999.000,9999.000
202603030236,   2.708,9999.000,9999.000,9999.000,9999.000,9999.000,9999.000,9999.000,9999.000
202603030242,   2.845,9999.000,9999.000,9999.000,9999.000,9999.000,9999.000,9999.000,9999.000
202603030248,   2.980,9999.000,9999.000,9999.000,9999.000,9999.000,9999.000,9999.000,9999.000
202603030254,   3.112,9999.000,9999.000,9999.000,9999.000,9999.000,9999.000,9999.000,9999.000
202603030300,   3.240,9999.000,   0.300,  -0.105,   3.435,   0.300,   3.435,   0.400,   3.535
202603030306,   3.365,9999.000,9999.000,9999.000,9999.000,9999.000,9999.000,9999.000,9999.000
202603030312,   3.487,9999.000,9999.000,9999.000,9999.000,9999.000,9999.000,9999.000,9999.000
202603030318,   3.604,9999.000,9999.000,9999.000,9999.000,9999.000,9999.000,9999.000,9999.000
202603030324,   3.716,9999.000,9999.000,9999.000,9999.000,9999.000,9999.000,9999.000,9999.000
202603030330,   3.824,9999.000,9999.000,9999.000,9999.000,9999.000,9999.000,9999.000,9999.000
202603030336,   3.927,9999.000,9999.000,9999.000,9999.000,9999.000,9999.000,9999.000,9999.000
202603030342,   4.025,9999.000,9999.000,9999.000,9999.000,9999.000,9999.000,9999.000,9999.000
202603030348,   4.117,9999.000,9999.000,9999.000,9999.000,9999.000,9999.000,9999.000,9999.000
202603030354,   4.203,9999.000,9999.000,9999.000,9999.000,9999.000,9999.000,9999.000,9999.000
202603030400,   4.283,9999.000,   0.400,  -0.105,   4.578,   0.400,   4.578,   0.500,   4.678
202603030406,   4.358,9999.000,9999.000,9999.000,9999.000,9999.000,9999.000,9999.000,9999.000
202603030412,   4.426,9999.000,9999.000,9999.000,9999.000,9999.000,9999.000,9999.000,9999.000
202603030418,   4.487,9999.000,9999.000,9999.000,9999.000,9999.000,9999.000,9999.000,9999.000
202603030424,   4.542,9999.000,9999.000,9999.000,9999.000,9999.000,9999.000,9999.000,9999.000
202603030430,   4.590,9999.000,9999.000,9999.000,9999.000,9999.000,9999.000,9999.000,9999.000
202603030436,   4.632,9999.000,9999.000,9999.000,9999.000,9999.000,9999.000,9999.000,9999.000
202603030442,   4.667,9999.000,9999.000,9999.000,9999.000,9999.000,9999.000,9999.000,9999.000
202603030448,   4.695,9999.000,9999.000,9999.000,9999.000,9999.000,9999.000,9999.000,9999.000
202603030454,   4.716,9999.000,9999.000,9999.000,9999.000,9999.000,9999.000,9999.000,9999.000
202603030500,   4.730,9999.000,   0.400,  -0.105,   5.025,   0.400,   5.025,   0.400,   5.025
202603030506,   4.737,9999.000,9999.000,9999.000,9999.000,9999.000,9999.000,9999.000,9999.000
202603030512,   4.737,9999.000,9999.000,9999.000,9999.000,9999.000,9999.000,9999.000,9999.000
202603030518,   4.731,9999.000,9999.000,9999.000,9999.000,9999.000,9999.000,9999.000,9999.000
202603030524,   4.718,9999.000,9999.000,9999.000,9999.000,9999.000,9999.000,9999.000,9999.000
202603030530,   4.699,9999.000,9999.000,9999.000,9999.000,9999.000,9999.000,9999.000,9999.000
202603030536,   4.673,9999.000,9999.000,9999.000,9999.000,9999.000,9999.000,9999.000,9999.000
202603030542,   4.640,9999.000,9999.000,9999.000,9999.000,9999.000,9999.000,9999.000,9999.000
202603030548,   4.602,9999.000,9999.000,9999.000,9999.000,9999.000,9999.000,9999.000,9999.000
202603030554,   4.558,9999.000,9999.000,9999.000,9999.000,9999.000,9999.000,9999.000,9999.000
202603030600,   4.507,9999.000,   0.300,  -0.105,   4.702,   0.300,   4.702,   0.400,   4.802
202603030606,   4.452,9999.000,9999.000,9999.000,9999.000,9999.000,9999.000,9999.000,9999.000
202603030612,   4.390,9999.000,9999.000,9999.000,9999.000,9999.000,9999.000,9999.000,9999.000
202603030618,   4.324,9999.000,9999.000,9999.000,9999.000,9999.000,9999.000,9999.000,9999.000
202603030624,   4.253,9999.000,9999.000,9999.000,9999.000,9999.000,9999.000,9999.000,9999.000
202603030630,   4.177,9999.000,9999.000,9999.000,9999.000,9999.000,9999.000,9999.000,9999.000
202603030636,   4.097,9999.000,9999.000,9999.000,9999.000,9999.000,9999.000,9999.000,9999.000
202603030642,   4.012,9999.000,9999.000,9999.000,9999.000,9999.000,9999.000,9999.000,9999.000
202603030648,   3.924,9999.000,9999.000,9999.000,9999.000,9999.000,9999.000,9999.000,9999.000
202603030654,   3.832,9999.000,9999.000,9999.000,9999.000,9999.000,9999.000,9999.000,9999.000
202603030700,   3.736,9999.000,   0.300,  -0.105,   3.931,   0.200,   3.831,   0.300,   3.931
202603030706,   3.638,9999.000,9999.000,9999.000,9999.000,9999.000,9999.000,9999.000,9999.000
202603030712,   3.537,9999.000,9999.000,9999.000,9999.000,9999.000,9999.000,9999.000,9999.000
202603030718,   3.434,9999.000,9999.000,9999.000,9999.000,9999.000,9999.000,9999.000,9999.000
202603030724,   3.328,9999.000,9999.000,9999.000,9999.000,9999.000,9999.000,9999.000,9999.000
202603030730,   3.221,9999.000,9999.000,9999.000,9999.000,9999.000,9999.000,9999.000,9999.000
202603030736,   3.112,9999.000,9999.000,9999.000,9999.000,9999.000,9999.000,9999.000,9999.000
202603030742,   3.002,9999.000,9999.000,9999.000,9999.000,9999.000,9999.000,9999.000,9999.000
202603030748,   2.892,9999.000,9999.000,9999.000,9999.000,9999.000,9999.000,9999.000,9999.000
202603030754,   2.780,9999.000,9999.000,9999.000,9999.000,9999.000,9999.000,9999.000,9999.000
202603030800,   2.669,9999.000,   0.300,  -0.105,   2.864,   0.300,   2.864,   0.400,   2.964
202603030806,   2.558,9999.000,9999.000,9999.000,9999.000,9999.000,9999.000,9999.000,9999.000
202603030812,   2.447,9999.000,9999.000,9999.000,9999.000,9999.000,9999.000,9999.000,9999.000
202603030818,   2.337,9999.000,9999.000,9999.000,9999.000,9999.000,9999.000,9999.000,9999.000
202603030824,   2.228,9999.000,9999.000,9999.000,9999.000,9999.000,9999.000,9999.000,9999.000
202603030830,   2.121,9999.000,9999.000,9999.000,9999.000,9999.000,9999.000,9999.000,9999.000
202603030836,   2.016,9999.000,9999.000,9999.000,9999.000,9999.000,9999.000,9999.000,9999.000
202603030842,   1.912,9999.000,9999.000,9999.000,9999.000,9999.000,9999.000,9999.000,9999.000
202603030848,   1.811,9999.000,9999.000,9999.000,9999.000,9999.000,9999.000,9999.000,9999.000
202603030854,   1.713,9999.000,9999.000,9999.000,9999.000,9999.000,9999.000,9999.000,9999.000
202603030900,   1.617,9999.000,   0.400,  -0.105,   1.912,   0.300,   1.812,   0.400,   1.912
202603030906,   1.525,9999.000,9999.000,9999.000,9999.000,9999.000,9999.000,9999.000,9999.000
202603030912,   1.436,9999.000,9999.000,9999.000,9999.000,9999.000,9999.000,9999.000,9999.000
202603030918,   1.352,9999.000,9999.000,9999.000,9999.000,9999.000,9999.000,9999.000,9999.000
202603030924,   1.271,9999.000,9999.000,9999.000,9999.000,9999.000,9999.000,9999.000,9999.000
202603030930,   1.195,9999.000,9999.000,9999.000,9999.000,9999.000,9999.000,9999.000,9999.000
202603030936,   1.123,9999.000,9999.000,9999.000,9999.000,9999.000,9999.000,9999.000,9999.000
202603030942,   1.056,9999.000,9999.000,9999.000,9999.000,9999.000,9999.000,9999.000,9999.000
202603030948,   0.994,9999.000,9999.000,9999.000,9999.000,9999.000,9999.000,9999.000,9999.000
202603030954,   0.937,9999.000,9999.000,9999.000,9999.000,9999.000,9999.000,9999.000,9999.000
202603031000,   0.885,9999.000,   0.300,  -0.105,   1.080,   0.300,   1.080,   0.300,   1.080
202603031006,   0.839,9999.000,9999.000,9999.000,9999.000,9999.000,9999.000,9999.000,9999.000
202603031012,   0.799,9999.000,9999.000,9999.000,9999.000,9999.000,9999.000,9999.000,9999.000
202603031018,   0.765,9999.000,9999.000,9999.000,9999.000,9999.000,9999.000,9999.000,9999.000
202603031024,   0.736,9999.000,9999.000,9999.000,9999.000,9999.000,9999.000,9999.000,9999.000
202603031030,   0.714,9999.000,9999.000,9999.000,9999.000,9999.000,9999.000,9999.000,9999.000
202603031036,   0.698,9999.000,9999.000,9999.000,9999.000,9999.000,9999.000,9999.000,9999.000
202603031042,   0.688,9999.000,9999.000,9999.000,9999.000,9999.000,9999.000,9999.000,9999.000
202603031048,   0.684,9999.000,9999.000,9999.000,9999.000,9999.000,9999.000,9999.000,9999.000
202603031054,   0.687,9999.000,9999.000,9999.000,9999.000,9999.000,9999.000,9999.000,9999.000
202603031100,   0.696,9999.000,   0.300,  -0.105,   0.891,   0.200,   0.791,   0.300,   0.891
202603031106,   0.711,9999.000,9999.000,9999.000,9999.000,9999.000,9999.000,9999.000,9999.000
202603031112,   0.732,9999.000,9999.000,9999.000,9999.000,9999.000,9999.000,9999.000,9999.000
202603031118,   0.760,9999.000,9999.000,9999.000,9999.000,9999.000,9999.000,9999.000,9999.000
202603031124,   0.794,9999.000,9999.000,9999.000,9999.000,9999.000,9999.000,9999.000,9999.000
202603031130,   0.834,9999.000,9999.000,9999.000,9999.000,9999.000,9999.000,9999.000,9999.000
202603031136,   0.881,9999.000,9999.000,9999.000,9999.000,9999.000,9999.000,9999.000,9999.000
202603031142,   0.933,9999.000,9999.000,9999.000,9999.000,9999.000,9999.000,9999.000,9999.000
202603031148,   0.991,9999.000,9999.000,9999.000,9999.000,9999.000,9999.000,9999.000,9999.000
202603031154,   1.054,9999.000,9999.000,9999.000,9999.000,9999.000,9999.000,9999.000,9999.000
202603031200,   1.124,9999.000,   0.400,  -0.105,   1.419,   0.300,   1.319,   0.400,   1.419
202603031206,   1.198,9999.000,9999.000,9999.000,9999.000,9999.000,9999.000,9999.000,9999.000
202603031212,   1.278,9999.000,9999.000,9999.000,9999.000,9999.000,9999.000,9999.000,9999.000
202603031218,   1.363,9999.000,9999.000,9999.000,9999.000,9999.000,9999.000,9999.000,9999.000
202603031224,   1.453,9999.000,9999.000,9999.000,9999.000,9999.000,9999.000,9999.000,9999.000
202603031230,   1.547,9999.000,9999.000,9999.000,9999.000,9999.000,9999.000,9999.000,9999.000
202603031236,   1.646,9999.000,9999.000,9999.000,9999.000,9999.000,9999.000,9999.000,9999.000
202603031242,   1.749,9999.000,9999.000,9999.000,9999.000,9999.000,9999.000,9999.000,9999.000
202603031248,   1.856,9999.000,9999.000,9999.000,9999.000,9999.000,9999.000,9999.000,9999.000
202603031254,   1.966,9999.000,9999.000,9999.000,9999.000,9999.000,9999.000,9999.000,9999.000
202603031300,   2.080,9999.000,   0.400,  -0.105,   2.375,   0.400,   2.375,   0.500,   2.475
202603031306,   2.197,9999.000,9999.000,9999.000,9999.000,9999.000,9999.000,9999.000,9999.000
202603031312,   2.316,9999.000,9999.000,9999.000,9999.000,9999.000,9999.000,9999.000,9999.000
202603031318,   2.438,9999.000,9999.000,9999.000,9999.000,9999.000,9999.000,9999.000,9999.000
202603031324,   2.562,9999.000,9999.000,9999.000,9999.000,9999.000,9999.000,9999.000,9999.000
202603031330,   2.689,9999.000,9999.000,9999.000,9999.000,9999.000,9999.000,9999.000,9999.000
202603031336,   2.816,9999.000,9999.000,9999.000,9999.000,9999.000,9999.000,9999.000,9999.000
202603031342,   2.945,9999.000,9999.000,9999.000,9999.000,9999.000,9999.000,9999.000,9999.000
202603031348,   3.075,9999.000,9999.000,9999.000,9999.000,9999.000,9999.000,9999.000,9999.000
202603031354,   3.205,9999.000,9999.000,9999.000,9999.000,9999.000,9999.000,9999.000,9999.000
202603031400,   3.335,9999.000,   0.300,  -0.105,   3.530,   0.200,   3.430,   0.300,   3.530
202603031406,   3.465,9999.000,9999.000,9999.000,9999.000,9999.000,9999.000,9999.000,9999.000
202603031412,   3.595,9999.000,9999.000,9999.000,9999.000,9999.000,9999.000,9999.000,9999.000
202603031418,   3.723,9999.000,9999.000,9999.000,9999.000,9999.000,9999.000,9999.000,9999.000
202603031424,   3.851,9999.000,9999.000,9999.000,9999.000,9999.000,9999.000,9999.000,9999.000
202603031430,   3.976,9999.000,9999.000,9999.000,9999.000,9999.000,9999.000,9999.000,9999.000
202603031436,   4.100,9999.000,9999.000,9999.000,9999.000,9999.000,9999.000,9999.000,9999.000
202603031442,   4.221,9999.000,9999.000,9999.000,9999.000,9999.000,9999.000,9999.000,9999.000
202603031448,   4.340,9999.000,9999.000,9999.000,9999.000,9999.000,9999.000,9999.000,9999.000
202603031454,   4.456,9999.000,9999.000,9999.000,9999.000,9999.000,9999.000,9999.000,9999.000
202603031500,   4.568,9999.000,   0.300,  -0.105,   4.763,   0.200,   4.663,   0.300,   4.763
202603031506,   4.676,9999.000,9999.000,9999.000,9999.000,9999.000,9999.000,9999.000,9999.000
202603031512,   4.781,9999.000,9999.000,9999.000,9999.000,9999.000,9999.000,9999.000,9999.000
202603031518,   4.881,9999.000,9999.000,9999.000,9999.000,9999.000,9999.000,9999.000,9999.000
202603031524,   4.976,9999.000,9999.000,9999.000,9999.000,9999.000,9999.000,9999.000,9999.000
202603031530,   5.066,9999.000,9999.000,9999.000,9999.000,9999.000,9999.000,9999.000,9999.000
202603031536,   5.151,9999.000,9999.000,9999.000,9999.000,9999.000,9999.000,9999.000,9999.000
202603031542,   5.231,9999.000,9999.000,9999.000,9999.000,9999.000,9999.000,9999.000,9999.000
202603031548,   5.305,9999.000,9999.000,9999.000,9999.000,9999.000,9999.000,9999.000,9999.000
202603031554,   5.372,9999.000,9999.000,9999.000,9999.000,9999.000,9999.000,9999.000,9999.000
202603031600,   5.434,9999.000,   0.400,  -0.105,   5.729,   0.300,   5.629,   0.400,   5.729
202603031606,   5.489,9999.000,9999.000,9999.000,9999.000,9999.000,9999.000,9999.000,9999.000
202603031612,   5.537,9999.000,9999.000,9999.000,9999.000,9999.000,9999.000,9999.000,9999.000
202603031618,   5.579,9999.000,9999.000,9999.000,9999.000,9999.000,9999.000,9999.000,9999.000
202603031624,   5.613,9999.000,9999.000,9999.000,9999.000,9999.000,9999.000,9999.000,9999.000
202603031630,   5.641,9999.000,9999.000,9999.000,9999.000,9999.000,9999.000,9999.000,9999.000
202603031636,   5.661,9999.000,9999.000,9999.000,9999.000,9999.000,9999.000,9999.000,9999.000
202603031642,   5.674,9999.000,9999.000,9999.000,9999.000,9999.000,9999.000,9999.000,9999.000
202603031648,   5.680,9999.000,9999.000,9999.000,9999.000,9999.000,9999.000,9999.000,9999.000
202603031654,   5.679,9999.000,9999.000,9999.000,9999.000,9999.000,9999.000,9999.000,9999.000
202603031700,   5.670,9999.000,   0.400,  -0.105,   5.965,   0.300,   5.865,   0.400,   5.965
202603031706,   5.654,9999.000,9999.000,9999.000,9999.000,9999.000,9999.000,9999.000,9999.000
202603031712,   5.630,9999.000,9999.000,9999.000,9999.000,9999.000,9999.000,9999.000,9999.000
202603031718,   5.599,9999.000,9999.000,9999.000,9999.000,9999.000,9999.000,9999.000,9999.000
202603031724,   5.561,9999.000,9999.000,9999.000,9999.000,9999.000,9999.000,9999.000,9999.000
202603031730,   5.516,9999.000,9999.000,9999.000,9999.000,9999.000,9999.000,9999.000,9999.000
202603031736,   5.464,9999.000,9999.000,9999.000,9999.000,9999.000,9999.000,9999.000,9999.000
202603031742,   5.405,9999.000,9999.000,9999.000,9999.000,9999.000,9999.000,9999.000,9999.000
202603031748,   5.340,9999.000,9999.000,9999.000,9999.000,9999.000,9999.000,9999.000,9999.000
202603031754,   5.267,9999.000,9999.000,9999.000,9999.000,9999.000,9999.000,9999.000,9999.000
202603031800,   5.188,9999.000,   0.300,  -0.105,   5.383,   0.200,   5.283,   0.300,   5.383
202603031806,   5.103,9999.000,9999.000,9999.000,9999.000,9999.000,9999.000,9999.000,9999.000
202603031812,   5.013,9999.000,9999.000,9999.000,9999.000,9999.000,9999.000,9999.000,9999.000
202603031818,   4.916,9999.000,9999.000,9999.000,9999.000,9999.000,9999.000,9999.000,9999.000
202603031824,   4.813,9999.000,9999.000,9999.000,9999.000,9999.000,9999.000,9999.000,9999.000
202603031830,   4.706,9999.000,9999.000,9999.000,9999.000,9999.000,9999.000,9999.000,9999.000
202603031836,   4.593,9999.000,9999.000,9999.000,9999.000,9999.000,9999.000,9999.000,9999.000
202603031842,   4.476,9999.000,9999.000,9999.000,9999.000,9999.000,9999.000,9999.000,9999.000
202603031848,   4.354,9999.000,9999.000,9999.000,9999.000,9999.000,9999.000,9999.000,9999.000
202603031854,   4.227,9999.000,9999.000,9999.000,9999.000,9999.000,9999.000,9999.000,9999.000
202603031900,   4.097,9999.000,   0.200,  -0.105,   4.192,   0.200,   4.192,   0.300,   4.292
202603031906,   3.963,9999.000,9999.000,9999.000,9999.000,9999.000,9999.000,9999.000,9999.000
202603031912,   3.826,9999.000,9999.000,9999.000,9999.000,9999.000,9999.000,9999.000,9999.000
202603031918,   3.686,9999.000,9999.000,9999.000,9999.000,9999.000,9999.000,9999.000,9999.000
202603031924,   3.543,9999.000,9999.000,9999.000,9999.000,9999.000,9999.000,9999.000,9999.000
202603031930,   3.398,9999.000,9999.000,9999.000,9999.000,9999.000,9999.000,9999.000,9999.000
202603031936,   3.251,9999.000,9999.000,9999.000,9999.000,9999.000,9999.000,9999.000,9999.000
202603031942,   3.102,9999.000,9999.000,9999.000,9999.000,9999.000,9999.000,9999.000,9999.000
202603031948,   2.952,9999.000,9999.000,9999.000,9999.000,9999.000,9999.000,9999.000,9999.000
202603031954,   2.800,9999.000,9999.000,9999.000,9999.000,9999.000,9999.000,9999.000,9999.000
202603032000,   2.649,9999.000,   0.400,  -0.105,   2.944,   0.300,   2.844,   0.400,   2.944
202603032006,   2.496,9999.000,9999.000,9999.000,9999.000,9999.000,9999.000,9999.000,9999.000
202603032012,   2.344,9999.000,9999.000,9999.000,9999.000,9999.000,9999.000,9999.000,9999.000
202603032018,   2.193,9999.000,9999.000,9999.000,9999.000,9999.000,9999.000,9999.000,9999.000
202603032024,   2.042,9999.000,9999.000,9999.000,9999.000,9999.000,9999.000,9999.000,9999.000
202603032030,   1.892,9999.000,9999.000,9999.000,9999.000,9999.000,9999.000,9999.000,9999.000
202603032036,   1.744,9999.000,9999.000,9999.000,9999.000,9999.000,9999.000,9999.000,9999.000
202603032042,   1.597,9999.000,9999.000,9999.000,9999.000,9999.000,9999.000,9999.000,9999.000
202603032048,   1.453,9999.000,9999.000,9999.000,9999.000,9999.000,9999.000,9999.000,9999.000
202603032054,   1.311,9999.000,9999.000,9999.000,9999.000,9999.000,9999.000,9999.000,9999.000
202603032100,   1.171,9999.000,   0.400,  -0.105,   1.466,   0.300,   1.366,   0.400,   1.466
202603032106,   1.035,9999.000,9999.000,9999.000,9999.000,9999.000,9999.000,9999.000,9999.000
202603032112,   0.903,9999.000,9999.000,9999.000,9999.000,9999.000,9999.000,9999.000,9999.000
202603032118,   0.774,9999.000,9999.000,9999.000,9999.000,9999.000,9999.000,9999.000,9999.000
202603032124,   0.649,9999.000,9999.000,9999.000,9999.000,9999.000,9999.000,9999.000,9999.000
202603032130,   0.529,9999.000,9999.000,9999.000,9999.000,9999.000,9999.000,9999.000,9999.000
202603032136,   0.413,9999.000,9999.000,9999.000,9999.000,9999.000,9999.000,9999.000,9999.000
202603032142,   0.302,9999.000,9999.000,9999.000,9999.000,9999.000,9999.000,9999.000,9999.000
202603032148,   0.196,9999.000,9999.000,9999.000,9999.000,9999.000,9999.000,9999.000,9999.000
202603032154,   0.096,9999.000,9999.000,9999.000,9999.000,9999.000,9999.000,9999.000,9999.000
202603032200,   0.001,9999.000,   0.300,  -0.105,   0.196,   0.200,   0.096,   0.300,   0.196
202603032206,  -0.087,9999.000,9999.000,9999.000,9999.000,9999.000,9999.000,9999.000,9999.000
202603032212,  -0.170,9999.000,9999.000,9999.000,9999.000,9999.000,9999.000,9999.000,9999.000
202603032218,  -0.247,9999.000,9999.000,9999.000,9999.000,9999.000,9999.000,9999.000,9999.000
202603032224,  -0.317,9999.000,9999.000,9999.000,9999.000,9999.000,9999.000,9999.000,9999.000
202603032230,  -0.381,9999.000,9999.000,9999.000,9999.000,9999.000,9999.000,9999.000,9999.000
202603032236,  -0.438,9999.000,9999.000,9999.000,9999.000,9999.000,9999.000,9999.000,9999.000
202603032242,  -0.488,9999.000,9999.000,9999.000,9999.000,9999.000,9999.000,9999.000,9999.000
202603032248,  -0.532,9999.000,9999.000,9999.000,9999.000,9999.000,9999.000,9999.000,9999.000
202603032254,  -0.568,9999.000,9999.000,9999.000,9999.000,9999.000,9999.000,9999.000,9999.000
202603032300,  -0.598,9999.000,   0.400,  -0.105,  -0.303,   0.300,  -0.403,   0.400,  -0.303
202603032306,  -0.620,9999.000,9999.000,9999.000,9999.000,9999.000,9999.000,9999.000,9999.000
202603032312,  -0.635,9999.000,9999.000,9999.000,9999.000,9999.000,9999.000,9999.000,9999.000
202603032318,  -0.643,9999.000,9999.000,9999.000,9999.000,9999.000,9999.000,9999.000,9999.000
202603032324,  -0.644,9999.000,9999.000,9999.000,9999.000,9999.000,9999.000,9999.000,9999.000
202603032330,  -0.638,9999.000,9999.000,9999.000,9999.000,9999.000,9999.000,9999.000,9999.000
202603032336,  -0.624,9999.000,9999.000,9999.000,9999.000,9999.000,9999.000,9999.000,9999.000
202603032342,  -0.604,9999.000,9999.000,9999.000,9999.000,9999.000,9999.000,9999.000,9999.000
202603032348,  -0.576,9999.000,9999.000,9999.000,9999.000,9999.000,9999.000,9999.000,9999.000
202603032354,  -0.542,9999.000,9999.000,9999.000,9999.000,9999.000,9999.000,9999.000,9999.000
202603040000,  -0.501,9999.000,   0.400,  -0.105,  -0.206,   0.300,  -0.306,   0.500,  -0.106
202603040006,  -0.453,9999.000,9999.000,9999.000,9999.000,9999.000,9999.000,9999.000,9999.000
202603040012,  -0.398,9999.000,9999.000,9999.000,9999.000,9999.000,9999.000,9999.000,9999.000
202603040018,  -0.338,9999.000,9999.000,9999.000,9999.000,9999.000,9999.000,9999.000,9999.000
202603040024,  -0.271,9999.000,9999.000,9999.000,9999.000,9999.000,9999.000,9999.000,9999.000
202603040030,  -0.197,9999.000,9999.000,9999.000,9999.000,9999.000,9999.000,9999.000,9999.000
202603040036,  -0.118,9999.000,9999.000,9999.000,9999.000,9999.000,9999.000,9999.000,9999.000
202603040042,  -0.033,9999.000,9999.000,9999.000,9999.000,9999.000,9999.000,9999.000,9999.000
202603040048,   0.056,9999.000,9999.000,9999.000,9999.000,9999.000,9999.000,9999.000,9999.000
202603040054,   0.152,9999.000,9999.000,9999.000,9999.000,9999.000,9999.000,9999.000,9999.000
202603040100,   0.252,9999.000,   0.500,  -0.105,   0.647,   0.400,   0.547,   0.500,   0.647
202603040106,   0.358,9999.000,9999.000,9999.000,9999.000,9999.000,9999.000,9999.000,9999.000
202603040112,   0.468,9999.000,9999.000,9999.000,9999.000,9999.000,9999.000,9999.000,9999.000
202603040118,   0.582,9999.000,9999.000,9999.000,9999.000,9999.000,9999.000,9999.000,9999.000
202603040124,   0.700,9999.000,9999.000,9999.000,9999.000,9999.000,9999.000,9999.000,9999.000
202603040130,   0.822,9999.000,9999.000,9999.000,9999.000,9999.000,9999.000,9999.000,9999.000
202603040136,   0.948,9999.000,9999.000,9999.000,9999.000,9999.000,9999.000,9999.000,9999.000
202603040142,   1.076,9999.000,9999.000,9999.000,9999.000,9999.000,9999.000,9999.000,9999.000
202603040148,   1.208,9999.000,9999.000,9999.000,9999.000,9999.000,9999.000,9999.000,9999.000
202603040154,   1.341,9999.000,9999.000,9999.000,9999.000,9999.000,9999.000,9999.000,9999.000
202603040200,   1.477,9999.000,   0.400,  -0.105,   1.772,   0.400,   1.772,   0.400,   1.772
202603040206,   1.615,9999.000,9999.000,9999.000,9999.000,9999.000,9999.000,9999.000,9999.000
202603040212,   1.754,9999.000,9999.000,9999.000,9999.000,9999.000,9999.000,9999.000,9999.000
202603040218,   1.894,9999.000,9999.000,9999.000,9999.000,9999.000,9999.000,9999.000,9999.000
202603040224,   2.034,9999.000,9999.000,9999.000,9999.000,9999.000,9999.000,9999.000,9999.000
202603040230,   2.175,9999.000,9999.000,9999.000,9999.000,9999.000,9999.000,9999.000,9999.000
202603040236,   2.316,9999.000,9999.000,9999.000,9999.000,9999.000,9999.000,9999.000,9999.000
202603040242,   2.457,9999.000,9999.000,9999.000,9999.000,9999.000,9999.000,9999.000,9999.000
202603040248,   2.597,9999.000,9999.000,9999.000,9999.000,9999.000,9999.000,9999.000,9999.000
202603040254,   2.735,9999.000,9999.000,9999.000,9999.000,9999.000,9999.000,9999.000,9999.000
202603040300,   2.872,9999.000,   0.300,  -0.105,   3.067,   0.200,   2.967,   0.300,   3.067
202603040306,   3.008,9999.000,9999.000,9999.000,9999.000,9999.000,9999.000,9999.000,9999.000
202603040312,   3.141,9999.000,9999.000,9999.000,9999.000,9999.000,9999.000,9999.000,9999.000
202603040318,   3.271,9999.000,9999.000,9999.000,9999.000,9999.000,9999.000,9999.000,9999.000
202603040324,   3.398,9999.000,9999.000,9999.000,9999.000,9999.000,9999.000,9999.000,9999.000
202603040330,   3.523,9999.000,9999.000,9999.000,9999.000,9999.000,9999.000,9999.000,9999.000
202603040336,   3.643,9999.000,9999.000,9999.000,9999.000,9999.000,9999.000,9999.000,9999.000
202603040342,   3.760,9999.000,9999.000,9999.000,9999.000,9999.000,9999.000,9999.000,9999.000
202603040348,   3.872,9999.000,9999.000,9999.000,9999.000,9999.000,9999.000,9999.000,9999.000
202603040354,   3.980,9999.000,9999.000,9999.000,9999.000,9999.000,9999.000,9999.000,9999.000
202603040400,   4.083,9999.000,   0.400,  -0.105,   4.378,   0.300,   4.278,   0.400,   4.378
202603040406,   4.181,9999.000,9999.000,9999.000,9999.000,9999.000,9999.000,9999.000,9999.000
202603040412,   4.274,9999.000,9999.000,9999.000,9999.000,9999.000,9999.000,9999.000,9999.000
202603040418,   4.361,9999.000,9999.000,9999.000,9999.000,9999.000,9999.000,9999.000,9999.000
202603040424,   4.443,9999.000,9999.000,9999.000,9999.000,9999.000,9999.000,9999.000,9999.000
202603040430,   4.519,9999.000,9999.000,9999.000,9999.000,9999.000,9999.000,9999.000,9999.000
202603040436,   4.588,9999.000,9999.000,9999.000,9999.000,9999.000,9999.000,9999.000,9999.000
202603040442,   4.651,9999.000,9999.000,9999.000,9999.000,9999.000,9999.000,9999.000,9999.000
202603040448,   4.708,9999.000,9999.000,9999.000,9999.000,9999.000,9999.000,9999.000,9999.000
202603040454,   4.758,9999.000,9999.000,9999.000,9999.000,9999.000,9999.000,9999.000,9999.000
202603040500,   4.802,9999.000,   0.400,  -0.105,   5.097,   0.400,   5.097,   0.500,   5.197
202603040506,   4.839,9999.000,9999.000,9999.000,9999.000,9999.000,9999.000,9999.000,9999.000
202603040512,   4.869,9999.000,9999.000,9999.000,9999.000,9999.000,9999.000,9999.000,9999.000
202603040518,   4.893,9999.000,9999.000,9999.000,9999.000,9999.000,9999.000,9999.000,9999.000
202603040524,   4.910,9999.000,9999.000,9999.000,9999.000,9999.000,9999.000,9999.000,9999.000
202603040530,   4.920,9999.000,9999.000,9999.000,9999.000,9999.000,9999.000,9999.000,9999.000
202603040536,   4.923,9999.000,9999.000,9999.000,9999.000,9999.000,9999.000,9999.000,9999.000
202603040542,   4.919,9999.000,9999.000,9999.000,9999.000,9999.000,9999.000,9999.000,9999.000
202603040548,   4.909,9999.000,9999.000,9999.000,9999.000,9999.000,9999.000,9999.000,9999.000
202603040554,   4.892,9999.000,9999.000,9999.000,9999.000,9999.000,9999.000,9999.000,9999.000
202603040600,   4.869,9999.000,   0.300,  -0.105,   5.064,   0.300,   5.064,   0.300,   5.064
