        TIME,    TIDE,      OB,   SURGE,    BIAS,     TWL,SURGE90p,  TWL90p,SURGE10p,   TWL10p
202602230000,   9.593,   8.698,  -1.000,   0.105,   8.698,  -1.100,   8.598,  -0.800,   8.898
202602230006,   9.978,9999.000,9999.000,9999.000,9999.000,9999.000,9999.000,9999.000,9999.000
202602230012,  10.358,   9.118,9999.000,9999.000,9999.000,9999.000,9999.000,9999.000,9999.000
202602230018,  10.732,9999.000,9999.000,9999.000,9999.000,9999.000,9999.000,9999.000,9999.000
202602230024,  11.100,   9.908,9999.000,9999.000,9999.000,9999.000,9999.000,9999.000,9999.000
202602230030,  11.460,9999.000,9999.000,9999.000,9999.000,9999.000,9999.000,9999.000,9999.000
202602230036,  11.812,  10.728,9999.000,9999.000,9999.000,9999.000,9999.000,9999.000,9999.000
202602230042,  12.155,9999.000,9999.000,9999.000,9999.000,9999.000,9999.000,9999.000,9999.000
202602230048,  12.489,  11.437,9999.000,9999.000,9999.000,9999.000,9999.000,9999.000,9999.000
202602230054,  12.813,9999.000,9999.000,9999.000,9999.000,9999.000,9999.000,9999.000,9999.000
202602230100,  13.126,  12.145,  -1.000,   0.019,  12.145,  -1.100,  12.045,  -0.900,  12.245
202602230106,  13.427,  12.467,9999.000,9999.000,9999.000,9999.000,9999.000,9999.000,9999.000
202602230112,  13.716,  12.746,9999.000,9999.000,9999.000,9999.000,9999.000,9999.000,9999.000
202602230118,  13.992,  13.057,9999.000,9999.000,9999.000,9999.000,9999.000,9999.000,9999.000
202602230124,  14.254,  13.336,9999.000,9999.000,9999.000,9999.000,9999.000,9999.000,9999.000
202602230130,  14.502,  13.566,9999.000,9999.000,9999.000,9999.000,9999.000,9999.000,9999.000
202602230136,  14.735,  13.825,9999.000,9999.000,9999.000,9999.000,9999.000,9999.000,9999.000
202602230142,  14.952,  14.035,9999.000,9999.000,9999.000,9999.000,9999.000,9999.000,9999.000
202602230148,  15.153,  14.235,9999.000,9999.000,9999.000,9999.000,9999.000,9999.000,9999.000
202602230154,  15.337,  14.346,9999.000,9999.000,9999.000,9999.000,9999.000,9999.000,9999.000
202602230200,  15.504,  14.517,  -1.000,   0.013,  14.517,  -1.200,  14.317,  -0.800,  14.717
202602230206,  15.653,  14.664,9999.000,9999.000,9999.000,9999.000,9999.000,9999.000,9999.000
202602230212,  15.784,  14.786,9999.000,9999.000,9999.000,9999.000,9999.000,9999.000,9999.000
202602230218,  15.897,  14.884,9999.000,9999.000,9999.000,9999.000,9999.000,9999.000,9999.000
202602230224,  15.991,  14.956,9999.000,9999.000,9999.000,9999.000,9999.000,9999.000,9999.000
202602230230,  16.067,  15.117,9999.000,9999.000,9999.000,9999.000,9999.000,9999.000,9999.000
202602230236,  16.123,  15.166,9999.000,9999.000,9999.000,9999.000,9999.000,9999.000,9999.000
202602230242,  16.160,  15.235,9999.000,9999.000,9999.000,9999.000,9999.000,9999.000,9999.000
202602230248,  16.178,  15.196,9999.000,9999.000,9999.000,9999.000,9999.000,9999.000,9999.000
202602230254,  16.176,  15.206,9999.000,9999.000,9999.000,9999.000,9999.000,9999.000,9999.000
202602230300,  16.156,  15.215,  -1.000,   0.059,  15.215,  -1.100,  15.115,  -0.900,  15.315
202602230306,  16.116,  15.147,9999.000,9999.000,9999.000,9999.000,9999.000,9999.000,9999.000
202602230312,  16.057,  15.035,9999.000,9999.000,9999.000,9999.000,9999.000,9999.000,9999.000
202602230318,  15.980,  14.907,9999.000,9999.000,9999.000,9999.000,9999.000,9999.000,9999.000
202602230324,  15.884,  14.864,9999.000,9999.000,9999.000,9999.000,9999.000,9999.000,9999.000
202602230330,  15.770,  14.776,9999.000,9999.000,9999.000,9999.000,9999.000,9999.000,9999.000
202602230336,  15.638,  14.615,9999.000,9999.000,9999.000,9999.000,9999.000,9999.000,9999.000
202602230342,  15.488,  14.517,9999.000,9999.000,9999.000,9999.000,9999.000,9999.000,9999.000
202602230348,  15.322,  14.356,9999.000,9999.000,9999.000,9999.000,9999.000,9999.000,9999.000
202602230354,  15.138,  14.215,9999.000,9999.000,9999.000,9999.000,9999.000,9999.000,9999.000
202602230400,  14.939,  13.926,  -1.000,  -0.013,  13.926,  -1.100,  13.826,  -0.900,  14.026
202602230406,  14.724,  13.825,9999.000,9999.000,9999.000,9999.000,9999.000,9999.000,9999.000
202602230412,  14.495,  13.457,9999.000,9999.000,9999.000,9999.000,9999.000,9999.000,9999.000
202602230418,  14.251,  13.195,9999.000,9999.000,9999.000,9999.000,9999.000,9999.000,9999.000
202602230424,  13.993,  12.916,9999.000,9999.000,9999.000,9999.000,9999.000,9999.000,9999.000
202602230430,  13.723,  12.736,9999.000,9999.000,9999.000,9999.000,9999.000,9999.000,9999.000
202602230436,  13.440,  12.345,9999.000,9999.000,9999.000,9999.000,9999.000,9999.000,9999.000
202602230442,  13.146,  12.047,9999.000,9999.000,9999.000,9999.000,9999.000,9999.000,9999.000
202602230448,  12.842,  11.716,9999.000,9999.000,9999.000,9999.000,9999.000,9999.000,9999.000
202602230454,  12.528,  11.535,9999.000,9999.000,9999.000,9999.000,9999.000,9999.000,9999.000
202602230500,  12.205,  11.056,  -0.900,  -0.249,  11.056,  -1.100,  10.856,  -0.800,  11.156
202602230506,  11.875,  10.715,9999.000,9999.000,9999.000,9999.000,9999.000,9999.000,9999.000
202602230512,  11.538,  10.377,9999.000,9999.000,9999.000,9999.000,9999.000,9999.000,9999.000
202602230518,  11.195,  10.066,9999.000,9999.000,9999.000,9999.000,9999.000,9999.000,9999.000
202602230524,  10.847,   9.728,9999.000,9999.000,9999.000,9999.000,9999.000,9999.000,9999.000
202602230530,  10.496,   9.216,9999.000,9999.000,9999.000,9999.000,9999.000,9999.000,9999.000
202602230536,  10.142,   8.987,9999.000,9999.000,9999.000,9999.000,9999.000,9999.000,9999.000
202602230542,   9.787,   8.636,9999.000,9999.000,9999.000,9999.000,9999.000,9999.000,9999.000
202602230548,   9.431,   8.229,9999.000,9999.000,9999.000,9999.000,9999.000,9999.000,9999.000
202602230554,   9.076,9999.000,9999.000,9999.000,9999.000,9999.000,9999.000,9999.000,9999.000
202602230600,   8.722,   7.288,  -0.900,  -0.534,   7.288,  -1.200,   6.988,  -0.600,   7.588
202602230606,   8.371,   7.288,9999.000,9999.000,9999.000,9999.000,9999.000,9999.000,9999.000
202602230612,   8.023,   6.766,9999.000,9999.000,9999.000,9999.000,9999.000,9999.000,9999.000
202602230618,   7.680,   6.468,9999.000,9999.000,9999.000,9999.000,9999.000,9999.000,9999.000
202602230624,   7.343,   6.218,9999.000,9999.000,9999.000,9999.000,9999.000,9999.000,9999.000
202602230630,   7.013,   5.858,9999.000,9999.000,9999.000,9999.000,9999.000,9999.000,9999.000
202602230636,   6.690,   5.539,9999.000,9999.000,9999.000,9999.000,9999.000,9999.000,9999.000
202602230642,   6.375,   5.208,9999.000,9999.000,9999.000,9999.000,9999.000,9999.000,9999.000
202602230648,   6.070,   4.979,9999.000,9999.000,9999.000,9999.000,9999.000,9999.000,9999.000
202602230654,   5.775,   4.710,9999.000,9999.000,9999.000,9999.000,9999.000,9999.000,9999.000
202602230700,   5.491,   4.280,  -0.800,  -0.411,   4.280,  -1.100,   3.980,  -0.400,   4.680
202602230706,   5.218,   4.008,9999.000,9999.000,9999.000,9999.000,9999.000,9999.000,9999.000
202602230712,   4.958,   3.719,9999.000,9999.000,9999.000,9999.000,9999.000,9999.000,9999.000
202602230718,   4.712,   3.450,9999.000,9999.000,9999.000,9999.000,9999.000,9999.000,9999.000
202602230724,   4.479,   3.217,9999.000,9999.000,9999.000,9999.000,9999.000,9999.000,9999.000
202602230730,   4.262,   2.929,9999.000,9999.000,9999.000,9999.000,9999.000,9999.000,9999.000
202602230736,   4.059,   2.738,9999.000,9999.000,9999.000,9999.000,9999.000,9999.000,9999.000
202602230742,   3.873,   2.630,9999.000,9999.000,9999.000,9999.000,9999.000,9999.000,9999.000
202602230748,   3.703,   2.400,9999.000,9999.000,9999.000,9999.000,9999.000,9999.000,9999.000
202602230754,   3.550,   2.309,9999.000,9999.000,9999.000,9999.000,9999.000,9999.000,9999.000
202602230800,   3.416,   2.177,  -0.700,  -0.539,   2.177,  -1.000,   1.877,  -0.300,   2.577
202602230806,   3.300,   2.128,9999.000,9999.000,9999.000,9999.000,9999.000,9999.000,9999.000
202602230812,   3.203,   1.938,9999.000,9999.000,9999.000,9999.000,9999.000,9999.000,9999.000
202602230818,   3.125,   1.790,9999.000,9999.000,9999.000,9999.000,9999.000,9999.000,9999.000
202602230824,   3.067,   1.869,9999.000,9999.000,9999.000,9999.000,9999.000,9999.000,9999.000
202602230830,   3.030,   1.800,9999.000,9999.000,9999.000,9999.000,9999.000,9999.000,9999.000
202602230836,   3.013,   1.869,9999.000,9999.000,9999.000,9999.000,9999.000,9999.000,9999.000
202602230842,   3.018,   1.918,9999.000,9999.000,9999.000,9999.000,9999.000,9999.000,9999.000
202602230848,   3.043,   1.948,9999.000,9999.000,9999.000,9999.000,9999.000,9999.000,9999.000
202602230854,   3.091,   2.118,9999.000,9999.000,9999.000,9999.000,9999.000,9999.000,9999.000
202602230900,   3.159,   2.128,  -0.600,  -0.431,   2.128,  -0.800,   1.928,  -0.200,   2.528
202602230906,   3.249,   2.240,9999.000,9999.000,9999.000,9999.000,9999.000,9999.000,9999.000
202602230912,   3.361,   2.479,9999.000,9999.000,9999.000,9999.000,9999.000,9999.000,9999.000
202602230918,   3.494,   2.528,9999.000,9999.000,9999.000,9999.000,9999.000,9999.000,9999.000
202602230924,   3.648,   2.787,9999.000,9999.000,9999.000,9999.000,9999.000,9999.000,9999.000
202602230930,   3.822,   2.978,9999.000,9999.000,9999.000,9999.000,9999.000,9999.000,9999.000
202602230936,   4.017,   3.250,9999.000,9999.000,9999.000,9999.000,9999.000,9999.000,9999.000
202602230942,   4.231,   3.470,9999.000,9999.000,9999.000,9999.000,9999.000,9999.000,9999.000
202602230948,   4.465,   3.670,9999.000,9999.000,9999.000,9999.000,9999.000,9999.000,9999.000
202602230954,   4.716,   3.958,9999.000,9999.000,9999.000,9999.000,9999.000,9999.000,9999.000
202602231000,   4.985,   4.267,  -0.500,  -0.218,   4.267,  -0.600,   4.167,  -0.300,   4.467
202602231006,   5.270,   4.608,9999.000,9999.000,9999.000,9999.000,9999.000,9999.000,9999.000
202602231012,   5.571,   4.847,9999.000,9999.000,9999.000,9999.000,9999.000,9999.000,9999.000
202602231018,   5.886,   5.198,9999.000,9999.000,9999.000,9999.000,9999.000,9999.000,9999.000
202602231024,   6.214,   5.516,9999.000,9999.000,9999.000,9999.000,9999.000,9999.000,9999.000
202602231030,   6.555,   5.818,9999.000,9999.000,9999.000,9999.000,9999.000,9999.000,9999.000
202602231036,   6.907,   6.149,9999.000,9999.000,9999.000,9999.000,9999.000,9999.000,9999.000
202602231042,   7.268,   6.448,9999.000,9999.000,9999.000,9999.000,9999.000,9999.000,9999.000
202602231048,   7.638,   6.828,9999.000,9999.000,9999.000,9999.000,9999.000,9999.000,9999.000
202602231054,   8.016,   7.176,9999.000,9999.000,9999.000,9999.000,9999.000,9999.000,9999.000
202602231100,   8.399,   7.468,  -0.400,  -0.531,   7.468,  -0.500,   7.368,  -0.400,   7.468
202602231106,   8.788,   7.888,9999.000,9999.000,9999.000,9999.000,9999.000,9999.000,9999.000
202602231112,   9.181,   8.239,9999.000,9999.000,9999.000,9999.000,9999.000,9999.000,9999.000
202602231118,   9.577,   8.626,9999.000,9999.000,9999.000,9999.000,9999.000,9999.000,9999.000
202602231124,   9.974,   8.987,9999.000,9999.000,9999.000,9999.000,9999.000,9999.000,9999.000
202602231130,  10.372,   9.357,9999.000,9999.000,9999.000,9999.000,9999.000,9999.000,9999.000
202602231136,  10.769,   9.797,9999.000,9999.000,9999.000,9999.000,9999.000,9999.000,9999.000
202602231142,  11.166,  10.085,9999.000,9999.000,9999.000,9999.000,9999.000,9999.000,9999.000
202602231148,  11.560,  10.486,9999.000,9999.000,9999.000,9999.000,9999.000,9999.000,9999.000
202602231154,  11.951,  10.876,9999.000,9999.000,9999.000,9999.000,9999.000,9999.000,9999.000
202602231200,  12.338,  11.296,  -0.700,  -0.342,  11.296,  -0.800,  11.196,  -0.600,  11.396
202602231206,  12.721,  11.657,9999.000,9999.000,9999.000,9999.000,9999.000,9999.000,9999.000
202602231212,  13.098,  12.037,9999.000,9999.000,9999.000,9999.000,9999.000,9999.000,9999.000
202602231218,  13.469,  12.467,9999.000,9999.000,9999.000,9999.000,9999.000,9999.000,9999.000
202602231224,  13.833,  12.847,9999.000,9999.000,9999.000,9999.000,9999.000,9999.000,9999.000
202602231230,  14.190,  13.205,9999.000,9999.000,9999.000,9999.000,9999.000,9999.000,9999.000
202602231236,  14.538,  13.526,9999.000,9999.000,9999.000,9999.000,9999.000,9999.000,9999.000
202602231242,  14.877,  13.926,9999.000,9999.000,9999.000,9999.000,9999.000,9999.000,9999.000
202602231248,  15.207,  14.264,9999.000,9999.000,9999.000,9999.000,9999.000,9999.000,9999.000
202602231254,  15.527,  14.576,9999.000,9999.000,9999.000,9999.000,9999.000,9999.000,9999.000
202602231300,  15.836,  14.946,  -0.700,  -0.190,  14.946,  -0.900,  14.746,  -0.600,  15.046
202602231306,  16.134,  15.166,9999.000,9999.000,9999.000,9999.000,9999.000,9999.000,9999.000
202602231312,  16.419,  15.494,9999.000,9999.000,9999.000,9999.000,9999.000,9999.000,9999.000
202602231318,  16.691,  15.776,9999.000,9999.000,9999.000,9999.000,9999.000,9999.000,9999.000
202602231324,  16.951,  16.065,9999.000,9999.000,9999.000,9999.000,9999.000,9999.000,9999.000
202602231330,  17.196,  16.235,9999.000,9999.000,9999.000,9999.000,9999.000,9999.000,9999.000
202602231336,  17.427,  16.554,9999.000,9999.000,9999.000,9999.000,9999.000,9999.000,9999.000
202602231342,  17.642,  16.764,9999.000,9999.000,9999.000,9999.000,9999.000,9999.000,9999.000
202602231348,  17.841,  16.934,9999.000,9999.000,9999.000,9999.000,9999.000,9999.000,9999.000
202602231354,  18.025,  17.075,9999.000,9999.000,9999.000,9999.000,9999.000,9999.000,9999.000
202602231400,  18.191,  17.295,  -0.700,  -0.196,  17.295,  -0.900,  17.095,  -0.600,  17.395
202602231406,  18.340,  17.416,9999.000,9999.000,9999.000,9999.000,9999.000,9999.000,9999.000
202602231412,  18.471,  17.554,9999.000,9999.000,9999.000,9999.000,9999.000,9999.000,9999.000
202602231418,  18.583,  17.734,9999.000,9999.000,9999.000,9999.000,9999.000,9999.000,9999.000
202602231424,  18.677,  17.846,9999.000,9999.000,9999.000,9999.000,9999.000,9999.000,9999.000
202602231430,  18.752,  17.875,9999.000,9999.000,9999.000,9999.000,9999.000,9999.000,9999.000
202602231436,  18.808,  17.915,9999.000,9999.000,9999.000,9999.000,9999.000,9999.000,9999.000
202602231442,  18.844,  17.944,9999.000,9999.000,9999.000,9999.000,9999.000,9999.000,9999.000
202602231448,  18.860,  17.925,9999.000,9999.000,9999.000,9999.000,9999.000,9999.000,9999.000
202602231454,  18.857,  17.925,9999.000,9999.000,9999.000,9999.000,9999.000,9999.000,9999.000
202602231500,  18.834,  17.925,  -0.700,  -0.209,  17.925,  -0.800,  17.825,  -0.700,  17.925
202602231506,  18.790,  17.895,9999.000,9999.000,9999.000,9999.000,9999.000,9999.000,9999.000
202602231512,  18.727,  17.856,9999.000,9999.000,9999.000,9999.000,9999.000,9999.000,9999.000
202602231518,  18.644,  17.725,9999.000,9999.000,9999.000,9999.000,9999.000,9999.000,9999.000
202602231524,  18.542,  17.636,9999.000,9999.000,9999.000,9999.000,9999.000,9999.000,9999.000
202602231530,  18.420,  17.465,9999.000,9999.000,9999.000,9999.000,9999.000,9999.000,9999.000
202602231536,  18.279,  17.334,9999.000,9999.000,9999.000,9999.000,9999.000,9999.000,9999.000
202602231542,  18.119,  17.164,9999.000,9999.000,9999.000,9999.000,9999.000,9999.000,9999.000
202602231548,  17.941,  17.006,9999.000,9999.000,9999.000,9999.000,9999.000,9999.000,9999.000
202602231554,  17.744,  16.865,9999.000,9999.000,9999.000,9999.000,9999.000,9999.000,9999.000
202602231600,  17.530,  16.665,  -0.700,  -0.165,  16.665,  -0.800,  16.565,  -0.700,  16.665
202602231606,  17.299,  16.406,9999.000,9999.000,9999.000,9999.000,9999.000,9999.000,9999.000
202602231612,  17.051,  16.176,9999.000,9999.000,9999.000,9999.000,9999.000,9999.000,9999.000
202602231618,  16.787,  15.855,9999.000,9999.000,9999.000,9999.000,9999.000,9999.000,9999.000
202602231624,  16.507,  15.596,9999.000,9999.000,9999.000,9999.000,9999.000,9999.000,9999.000
202602231630,  16.213,  15.347,9999.000,9999.000,9999.000,9999.000,9999.000,9999.000,9999.000
202602231636,  15.904,  15.065,9999.000,9999.000,9999.000,9999.000,9999.000,9999.000,9999.000
202602231642,  15.581,  14.766,9999.000,9999.000,9999.000,9999.000,9999.000,9999.000,9999.000
202602231648,  15.246,  14.464,9999.000,9999.000,9999.000,9999.000,9999.000,9999.000,9999.000
202602231654,  14.899,  14.126,9999.000,9999.000,9999.000,9999.000,9999.000,9999.000,9999.000
202602231700,  14.540,  13.756,  -0.700,  -0.084,  13.756,  -0.700,  13.756,  -0.600,  13.856
202602231706,  14.171,  13.365,9999.000,9999.000,9999.000,9999.000,9999.000,9999.000,9999.000
202602231712,  13.792,  13.028,9999.000,9999.000,9999.000,9999.000,9999.000,9999.000,9999.000
202602231718,  13.405,  12.696,9999.000,9999.000,9999.000,9999.000,9999.000,9999.000,9999.000
202602231724,  13.009,  12.296,9999.000,9999.000,9999.000,9999.000,9999.000,9999.000,9999.000
202602231730,  12.607,  11.945,9999.000,9999.000,9999.000,9999.000,9999.000,9999.000,9999.000
202602231736,  12.199,  11.637,9999.000,9999.000,9999.000,9999.000,9999.000,9999.000,9999.000
202602231742,  11.786,  11.207,9999.000,9999.000,9999.000,9999.000,9999.000,9999.000,9999.000
202602231748,  11.368,  10.787,9999.000,9999.000,9999.000,9999.000,9999.000,9999.000,9999.000
202602231754,  10.948,  10.358,9999.000,9999.000,9999.000,9999.000,9999.000,9999.000,9999.000
202602231800,  10.526,   9.948,  -0.800,   0.222,   9.948,  -1.000,   9.748,  -0.500,  10.248
202602231806,  10.103,   9.548,9999.000,9999.000,9999.000,9999.000,9999.000,9999.000,9999.000
202602231812,   9.680,   9.069,9999.000,9999.000,9999.000,9999.000,9999.000,9999.000,9999.000
202602231818,   9.257,   8.688,9999.000,9999.000,9999.000,9999.000,9999.000,9999.000,9999.000
202602231824,   8.837,   8.357,9999.000,9999.000,9999.000,9999.000,9999.000,9999.000,9999.000
202602231830,   8.419,   7.839,9999.000,9999.000,9999.000,9999.000,9999.000,9999.000,9999.000
202602231836,   8.006,   7.468,9999.000,9999.000,9999.000,9999.000,9999.000,9999.000,9999.000
202602231842,   7.597,   7.019,9999.000,9999.000,9999.000,9999.000,9999.000,9999.000,9999.000
202602231848,   7.193,   6.579,9999.000,9999.000,9999.000,9999.000,9999.000,9999.000,9999.000
202602231854,   6.796,   6.149,9999.000,9999.000,9999.000,9999.000,9999.000,9999.000,9999.000
202602231900,   6.407,   5.677,  -0.700,  -0.030,   5.677,  -1.000,   5.377,  -0.400,   5.977
202602231906,   6.025,   5.320,9999.000,9999.000,9999.000,9999.000,9999.000,9999.000,9999.000
202602231912,   5.652,   4.919,9999.000,9999.000,9999.000,9999.000,9999.000,9999.000,9999.000
202602231918,   5.289,   4.598,9999.000,9999.000,9999.000,9999.000,9999.000,9999.000,9999.000
202602231924,   4.936,   4.227,9999.000,9999.000,9999.000,9999.000,9999.000,9999.000,9999.000
202602231930,   4.593,   3.909,9999.000,9999.000,9999.000,9999.000,9999.000,9999.000,9999.000
202602231936,   4.263,   3.578,9999.000,9999.000,9999.000,9999.000,9999.000,9999.000,9999.000
202602231942,   3.945,   3.168,9999.000,9999.000,9999.000,9999.000,9999.000,9999.000,9999.000
202602231948,   3.639,   2.889,9999.000,9999.000,9999.000,9999.000,9999.000,9999.000,9999.000
202602231954,   3.347,   2.558,9999.000,9999.000,9999.000,9999.000,9999.000,9999.000,9999.000
202602232000,   3.069,   2.230,  -0.600,  -0.239,   2.230,  -0.900,   1.930,  -0.300,   2.530
202602232006,   2.806,   1.981,9999.000,9999.000,9999.000,9999.000,9999.000,9999.000,9999.000
202602232012,   2.558,   1.781,9999.000,9999.000,9999.000,9999.000,9999.000,9999.000,9999.000
202602232018,   2.326,   1.571,9999.000,9999.000,9999.000,9999.000,9999.000,9999.000,9999.000
202602232024,   2.110,   1.269,9999.000,9999.000,9999.000,9999.000,9999.000,9999.000,9999.000
202602232030,   1.911,   1.098,9999.000,9999.000,9999.000,9999.000,9999.000,9999.000,9999.000
202602232036,   1.729,   0.928,9999.000,9999.000,9999.000,9999.000,9999.000,9999.000,9999.000
202602232042,   1.565,   0.780,9999.000,9999.000,9999.000,9999.000,9999.000,9999.000,9999.000
202602232048,   1.420,   0.629,9999.000,9999.000,9999.000,9999.000,9999.000,9999.000,9999.000
202602232054,   1.293,9999.000,9999.000,9999.000,9999.000,9999.000,9999.000,9999.000,9999.000
202602232100,   1.185,   0.360,  -0.500,  -0.325,   0.360,  -0.800,   0.060,  -0.300,   0.560
202602232106,   1.097,   0.360,9999.000,9999.000,9999.000,9999.000,9999.000,9999.000,9999.000
202602232112,   1.028,   0.298,9999.000,9999.000,9999.000,9999.000,9999.000,9999.000,9999.000
202602232118,   0.980,   0.278,9999.000,9999.000,9999.000,9999.000,9999.000,9999.000,9999.000
202602232124,   0.951,   0.249,9999.000,9999.000,9999.000,9999.000,9999.000,9999.000,9999.000
202602232130,   0.943,   0.229,9999.000,9999.000,9999.000,9999.000,9999.000,9999.000,9999.000
202602232136,   0.955,   0.298,9999.000,9999.000,9999.000,9999.000,9999.000,9999.000,9999.000
202602232142,   0.987,   0.249,9999.000,9999.000,9999.000,9999.000,9999.000,9999.000,9999.000
202602232148,   1.039,   0.331,9999.000,9999.000,9999.000,9999.000,9999.000,9999.000,9999.000
202602232154,   1.110,   0.390,9999.000,9999.000,9999.000,9999.000,9999.000,9999.000,9999.000
202602232200,   1.201,   0.531,  -0.500,  -0.170,   0.531,  -0.600,   0.431,  -0.300,   0.731
202602232206,   1.311,   0.590,9999.000,9999.000,9999.000,9999.000,9999.000,9999.000,9999.000
202602232212,   1.440,   0.760,9999.000,9999.000,9999.000,9999.000,9999.000,9999.000,9999.000
202602232218,   1.586,   0.869,9999.000,9999.000,9999.000,9999.000,9999.000,9999.000,9999.000
202602232224,   1.750,   1.069,9999.000,9999.000,9999.000,9999.000,9999.000,9999.000,9999.000
202602232230,   1.929,   1.220,9999.000,9999.000,9999.000,9999.000,9999.000,9999.000,9999.000
202602232236,   2.125,   1.380,9999.000,9999.000,9999.000,9999.000,9999.000,9999.000,9999.000
202602232242,   2.335,   1.498,9999.000,9999.000,9999.000,9999.000,9999.000,9999.000,9999.000
202602232248,   2.560,   1.790,9999.000,9999.000,9999.000,9999.000,9999.000,9999.000,9999.000
202602232254,   2.797,   1.928,9999.000,9999.000,9999.000,9999.000,9999.000,9999.000,9999.000
202602232300,   3.046,   2.177,  -0.500,  -0.369,   2.177,  -0.600,   2.077,  -0.400,   2.277
202602232306,   3.306,   2.459,9999.000,9999.000,9999.000,9999.000,9999.000,9999.000,9999.000
202602232312,   3.577,   2.728,9999.000,9999.000,9999.000,9999.000,9999.000,9999.000,9999.000
202602232318,   3.856,   3.017,9999.000,9999.000,9999.000,9999.000,9999.000,9999.000,9999.000
202602232324,   4.143,   3.250,9999.000,9999.000,9999.000,9999.000,9999.000,9999.000,9999.000
202602232330,   4.437,   3.558,9999.000,9999.000,9999.000,9999.000,9999.000,9999.000,9999.000
202602232336,   4.737,   3.870,9999.000,9999.000,9999.000,9999.000,9999.000,9999.000,9999.000
202602232342,   5.043,   4.149,9999.000,9999.000,9999.000,9999.000,9999.000,9999.000,9999.000
202602232348,   5.353,   4.418,9999.000,9999.000,9999.000,9999.000,9999.000,9999.000,9999.000
202602232354,   5.666,9999.000,9999.000,9999.000,9999.000,9999.000,9999.000,9999.000,9999.000
202602240000,   5.982,   5.418,  -0.600,   0.036,   5.418,  -0.700,   5.318,  -0.500,   5.518
202602240006,   6.300,   5.418,9999.000,9999.000,9999.000,9999.000,9999.000,9999.000,9999.000
202602240012,   6.619,   5.707,9999.000,9999.000,9999.000,9999.000,9999.000,9999.000,9999.000
202602240018,   6.939,   6.097,9999.000,9999.000,9999.000,9999.000,9999.000,9999.000,9999.000
202602240024,   7.259,   6.418,9999.000,9999.000,9999.000,9999.000,9999.000,9999.000,9999.000
202602240030,   7.578,   6.737,9999.000,9999.000,9999.000,9999.000,9999.000,9999.000,9999.000
202602240036,   7.896,   7.029,9999.000,9999.000,9999.000,9999.000,9999.000,9999.000,9999.000
202602240042,   8.213,   7.419,9999.000,9999.000,9999.000,9999.000,9999.000,9999.000,9999.000
202602240048,   8.527,   7.767,9999.000,9999.000,9999.000,9999.000,9999.000,9999.000,9999.000
202602240054,   8.838,   8.078,9999.000,9999.000,9999.000,9999.000,9999.000,9999.000,9999.000
202602240100,   9.146,   8.426,  -0.600,  -0.120,   8.426,  -0.800,   8.226,  -0.500,   8.526
202602240106,   9.450,   8.796,9999.000,9999.000,9999.000,9999.000,9999.000,9999.000,9999.000
202602240112,   9.750,   9.128,9999.000,9999.000,9999.000,9999.000,9999.000,9999.000,9999.000
202602240118,  10.045,   9.387,9999.000,9999.000,9999.000,9999.000,9999.000,9999.000,9999.000
202602240124,  10.335,   9.738,9999.000,9999.000,9999.000,9999.000,9999.000,9999.000,9999.000
202602240130,  10.619,  10.026,9999.000,9999.000,9999.000,9999.000,9999.000,9999.000,9999.000
202602240136,  10.897,  10.348,9999.000,9999.000,9999.000,9999.000,9999.000,9999.000,9999.000
202602240142,  11.168,  10.627,9999.000,9999.000,9999.000,9999.000,9999.000,9999.000,9999.000
202602240148,  11.431,  10.925,9999.000,9999.000,9999.000,9999.000,9999.000,9999.000,9999.000
202602240154,  11.686,  11.256,9999.000,9999.000,9999.000,9999.000,9999.000,9999.000,9999.000
202602240200,  11.933,  11.486,  -0.600,   0.153,  11.486,  -0.700,  11.386,  -0.500,  11.586
202602240206,  12.170,  11.778,9999.000,9999.000,9999.000,9999.000,9999.000,9999.000,9999.000
202602240212,  12.398,  11.955,9999.000,9999.000,9999.000,9999.000,9999.000,9999.000,9999.000
202602240218,  12.616,  12.198,9999.000,9999.000,9999.000,9999.000,9999.000,9999.000,9999.000
202602240224,  12.822,  12.418,9999.000,9999.000,9999.000,9999.000,9999.000,9999.000,9999.000
202602240230,  13.018,  12.536,9999.000,9999.000,9999.000,9999.000,9999.000,9999.000,9999.000
202602240236,  13.201,  12.755,9999.000,9999.000,9999.000,9999.000,9999.000,9999.000,9999.000
202602240242,  13.372,  12.896,9999.000,9999.000,9999.000,9999.000,9999.000,9999.000,9999.000
202602240248,  13.530,  13.087,9999.000,9999.000,9999.000,9999.000,9999.000,9999.000,9999.000
202602240254,  13.676,  13.215,9999.000,9999.000,9999.000,9999.000,9999.000,9999.000,9999.000
202602240300,  13.807,  13.405,  -0.600,   0.198,  13.405,  -0.600,  13.405,  -0.500,  13.505
202602240306,  13.925,  13.566,9999.000,9999.000,9999.000,9999.000,9999.000,9999.000,9999.000
202602240312,  14.029,  13.648,9999.000,9999.000,9999.000,9999.000,9999.000,9999.000,9999.000
202602240318,  14.118,  13.736,9999.000,9999.000,9999.000,9999.000,9999.000,9999.000,9999.000
202602240324,  14.192,  13.825,9999.000,9999.000,9999.000,9999.000,9999.000,9999.000,9999.000
202602240330,  14.252,  13.867,9999.000,9999.000,9999.000,9999.000,9999.000,9999.000,9999.000
202602240336,  14.297,  13.887,9999.000,9999.000,9999.000,9999.000,9999.000,9999.000,9999.000
202602240342,  14.327,  13.946,9999.000,9999.000,9999.000,9999.000,9999.000,9999.000,9999.000
202602240348,  14.343,  13.946,9999.000,9999.000,9999.000,9999.000,9999.000,9999.000,9999.000
202602240354,  14.343,  13.956,9999.000,9999.000,9999.000,9999.000,9999.000,9999.000,9999.000
202602240400,  14.329,  13.907,  -0.500,   0.078,  13.907,  -0.500,  13.907,  -0.400,  14.007
202602240406,  14.300,  13.917,9999.000,9999.000,9999.000,9999.000,9999.000,9999.000,9999.000
202602240412,  14.257,  13.897,9999.000,9999.000,9999.000,9999.000,9999.000,9999.000,9999.000
202602240418,  14.199,  13.815,9999.000,9999.000,9999.000,9999.000,9999.000,9999.000,9999.000
202602240424,  14.127,  13.766,9999.000,9999.000,9999.000,9999.000,9999.000,9999.000,9999.000
202602240430,  14.042,  13.746,9999.000,9999.000,9999.000,9999.000,9999.000,9999.000,9999.000
202602240436,  13.943,  13.634,9999.000,9999.000,9999.000,9999.000,9999.000,9999.000,9999.000
202602240442,  13.831,  13.507,9999.000,9999.000,9999.000,9999.000,9999.000,9999.000,9999.000
202602240448,  13.706,  13.365,9999.000,9999.000,9999.000,9999.000,9999.000,9999.000,9999.000
202602240454,  13.569,  13.185,9999.000,9999.000,9999.000,9999.000,9999.000,9999.000,9999.000
202602240500,  13.420,  12.975,  -0.400,  -0.045,  12.975,  -0.500,  12.875,  -0.200,  13.175
202602240506,  13.260,  12.805,9999.000,9999.000,9999.000,9999.000,9999.000,9999.000,9999.000
202602240512,  13.089,  12.618,9999.000,9999.000,9999.000,9999.000,9999.000,9999.000,9999.000
202602240518,  12.907,  12.467,9999.000,9999.000,9999.000,9999.000,9999.000,9999.000,9999.000
202602240524,  12.716,  12.286,9999.000,9999.000,9999.000,9999.000,9999.000,9999.000,9999.000
202602240530,  12.515,  12.076,9999.000,9999.000,9999.000,9999.000,9999.000,9999.000,9999.000
202602240536,  12.306,  11.876,9999.000,9999.000,9999.000,9999.000,9999.000,9999.000,9999.000
202602240542,  12.089,  11.617,9999.000,9999.000,9999.000,9999.000,9999.000,9999.000,9999.000
202602240548,  11.865,  11.388,9999.000,9999.000,9999.000,9999.000,9999.000,9999.000,9999.000
202602240554,  11.635,  11.076,9999.000,9999.000,9999.000,9999.000,9999.000,9999.000,9999.000
202602240600,  11.398,  10.827,  -0.300,  -0.271,  10.827,  -0.600,  10.527,   0.000,  11.127
202602240606,  11.157,  10.548,9999.000,9999.000,9999.000,9999.000,9999.000,9999.000,9999.000
202602240612,  10.912,  10.305,9999.000,9999.000,9999.000,9999.000,9999.000,9999.000,9999.000
202602240618,  10.663,  10.066,9999.000,9999.000,9999.000,9999.000,9999.000,9999.000,9999.000
202602240624,  10.412,   9.787,9999.000,9999.000,9999.000,9999.000,9999.000,9999.000,9999.000
202602240630,  10.158,   9.607,9999.000,9999.000,9999.000,9999.000,9999.000,9999.000,9999.000
202602240636,   9.904,   9.298,9999.000,9999.000,9999.000,9999.000,9999.000,9999.000,9999.000
202602240642,   9.650,   9.069,9999.000,9999.000,9999.000,9999.000,9999.000,9999.000,9999.000
202602240648,   9.396,   8.777,9999.000,9999.000,9999.000,9999.000,9999.000,9999.000,9999.000
202602240654,   9.144,   8.527,9999.000,9999.000,9999.000,9999.000,9999.000,9999.000,9999.000
202602240700,   8.893,   8.229,  -0.400,  -0.264,   8.229,  -0.700,   7.929,   0.000,   8.629
202602240706,   8.646,   7.917,9999.000,9999.000,9999.000,9999.000,9999.000,9999.000,9999.000
202602240712,   8.402,   7.717,9999.000,9999.000,9999.000,9999.000,9999.000,9999.000,9999.000
202602240718,   8.162,   7.439,9999.000,9999.000,9999.000,9999.000,9999.000,9999.000,9999.000
202602240724,   7.927,   7.248,9999.000,9999.000,9999.000,9999.000,9999.000,9999.000,9999.000
202602240730,   7.698,   7.038,9999.000,9999.000,9999.000,9999.000,9999.000,9999.000,9999.000
202602240736,   7.476,   6.819,9999.000,9999.000,9999.000,9999.000,9999.000,9999.000,9999.000
202602240742,   7.260,   6.599,9999.000,9999.000,9999.000,9999.000,9999.000,9999.000,9999.000
202602240748,   7.051,   6.379,9999.000,9999.000,9999.000,9999.000,9999.000,9999.000,9999.000
202602240754,   6.851,   6.136,9999.000,9999.000,9999.000,9999.000,9999.000,9999.000,9999.000
202602240800,   6.660,   5.940,  -0.300,  -0.420,   5.940,  -0.600,   5.640,   0.000,   6.240
202602240806,   6.477,   5.730,9999.000,9999.000,9999.000,9999.000,9999.000,9999.000,9999.000
202602240812,   6.304,   5.539,9999.000,9999.000,9999.000,9999.000,9999.000,9999.000,9999.000
202602240818,   6.142,   5.408,9999.000,9999.000,9999.000,9999.000,9999.000,9999.000,9999.000
202602240824,   5.991,   5.267,9999.000,9999.000,9999.000,9999.000,9999.000,9999.000,9999.000
202602240830,   5.851,   5.120,9999.000,9999.000,9999.000,9999.000,9999.000,9999.000,9999.000
202602240836,   5.722,   5.008,9999.000,9999.000,9999.000,9999.000,9999.000,9999.000,9999.000
202602240842,   5.607,   4.887,9999.000,9999.000,9999.000,9999.000,9999.000,9999.000,9999.000
202602240848,   5.504,   4.808,9999.000,9999.000,9999.000,9999.000,9999.000,9999.000,9999.000
202602240854,   5.414,   4.710,9999.000,9999.000,9999.000,9999.000,9999.000,9999.000,9999.000
202602240900,   5.339,   4.618,  -0.300,  -0.421,   4.618,  -0.600,   4.318,   0.000,   4.918
202602240906,   5.278,   4.578,9999.000,9999.000,9999.000,9999.000,9999.000,9999.000,9999.000
202602240912,   5.232,   4.559,9999.000,9999.000,9999.000,9999.000,9999.000,9999.000,9999.000
202602240918,   5.201,   4.569,9999.000,9999.000,9999.000,9999.000,9999.000,9999.000,9999.000
202602240924,   5.185,   4.549,9999.000,9999.000,9999.000,9999.000,9999.000,9999.000,9999.000
202602240930,   5.186,   4.598,9999.000,9999.000,9999.000,9999.000,9999.000,9999.000,9999.000
202602240936,   5.202,   4.618,9999.000,9999.000,9999.000,9999.000,9999.000,9999.000,9999.000
202602240942,   5.236,   4.700,9999.000,9999.000,9999.000,9999.000,9999.000,9999.000,9999.000
202602240948,   5.286,   4.739,9999.000,9999.000,9999.000,9999.000,9999.000,9999.000,9999.000
202602240954,   5.352,   4.818,9999.000,9999.000,9999.000,9999.000,9999.000,9999.000,9999.000
202602241000,   5.436,   4.929,  -0.300,  -0.207,   4.929,  -0.500,   4.729,   0.000,   5.229
202602241006,   5.536,   5.067,9999.000,9999.000,9999.000,9999.000,9999.000,9999.000,9999.000
202602241012,   5.652,   5.218,9999.000,9999.000,9999.000,9999.000,9999.000,9999.000,9999.000
202602241018,   5.786,   5.389,9999.000,9999.000,9999.000,9999.000,9999.000,9999.000,9999.000
202602241024,   5.935,   5.530,9999.000,9999.000,9999.000,9999.000,9999.000,9999.000,9999.000
202602241030,   6.099,   5.769,9999.000,9999.000,9999.000,9999.000,9999.000,9999.000,9999.000
202602241036,   6.279,   5.940,9999.000,9999.000,9999.000,9999.000,9999.000,9999.000,9999.000
202602241042,   6.474,   6.136,9999.000,9999.000,9999.000,9999.000,9999.000,9999.000,9999.000
202602241048,   6.682,   6.359,9999.000,9999.000,9999.000,9999.000,9999.000,9999.000,9999.000
202602241054,   6.904,   6.599,9999.000,9999.000,9999.000,9999.000,9999.000,9999.000,9999.000
202602241100,   7.138,   6.838,  -0.300,   0.000,   6.838,  -0.500,   6.638,  -0.100,   7.038
202602241106,   7.384,   7.078,9999.000,9999.000,9999.000,9999.000,9999.000,9999.000,9999.000
202602241112,   7.641,   7.347,9999.000,9999.000,9999.000,9999.000,9999.000,9999.000,9999.000
202602241118,   7.907,   7.596,9999.000,9999.000,9999.000,9999.000,9999.000,9999.000,9999.000
202602241124,   8.182,   7.888,9999.000,9999.000,9999.000,9999.000,9999.000,9999.000,9999.000
202602241130,   8.465,   8.108,9999.000,9999.000,9999.000,9999.000,9999.000,9999.000,9999.000
202602241136,   8.754,   8.396,9999.000,9999.000,9999.000,9999.000,9999.000,9999.000,9999.000
202602241142,   9.050,   8.626,9999.000,9999.000,9999.000,9999.000,9999.000,9999.000,9999.000
202602241148,   9.350,   8.908,9999.000,9999.000,9999.000,9999.000,9999.000,9999.000,9999.000
202602241154,   9.655,   9.197,9999.000,9999.000,9999.000,9999.000,9999.000,9999.000,9999.000
202602241200,   9.962,   9.456,  -0.400,  -0.106,   9.456,  -0.500,   9.356,  -0.300,   9.556
202602241206,  10.271,   9.738,9999.000,9999.000,9999.000,9999.000,9999.000,9999.000,9999.000
202602241212,  10.582,  10.036,9999.000,9999.000,9999.000,9999.000,9999.000,9999.000,9999.000
202602241218,  10.892,  10.318,9999.000,9999.000,9999.000,9999.000,9999.000,9999.000,9999.000
202602241224,  11.203,  10.577,9999.000,9999.000,9999.000,9999.000,9999.000,9999.000,9999.000
202602241230,  11.512,  10.846,9999.000,9999.000,9999.000,9999.000,9999.000,9999.000,9999.000
202602241236,  11.820,  11.115,9999.000,9999.000,9999.000,9999.000,9999.000,9999.000,9999.000
202602241242,  12.124,  11.407,9999.000,9999.000,9999.000,9999.000,9999.000,9999.000,9999.000
202602241248,  12.426,  11.657,9999.000,9999.000,9999.000,9999.000,9999.000,9999.000,9999.000
202602241254,  12.724,  11.935,9999.000,9999.000,9999.000,9999.000,9999.000,9999.000,9999.000
202602241300,  13.018,  12.208,  -0.500,  -0.310,  12.208,  -0.600,  12.108,  -0.300,  12.408
202602241306,  13.307,  12.516,9999.000,9999.000,9999.000,9999.000,9999.000,9999.000,9999.000
202602241312,  13.591,  12.765,9999.000,9999.000,9999.000,9999.000,9999.000,9999.000,9999.000
202602241318,  13.869,  13.047,9999.000,9999.000,9999.000,9999.000,9999.000,9999.000,9999.000
202602241324,  14.141,  13.287,9999.000,9999.000,9999.000,9999.000,9999.000,9999.000,9999.000
202602241330,  14.407,  13.546,9999.000,9999.000,9999.000,9999.000,9999.000,9999.000,9999.000
202602241336,  14.665,  13.795,9999.000,9999.000,9999.000,9999.000,9999.000,9999.000,9999.000
202602241342,  14.915,  14.044,9999.000,9999.000,9999.000,9999.000,9999.000,9999.000,9999.000
202602241348,  15.158,  14.287,9999.000,9999.000,9999.000,9999.000,9999.000,9999.000,9999.000
202602241354,  15.391,  14.536,9999.000,9999.000,9999.000,9999.000,9999.000,9999.000,9999.000
202602241400,  15.616,  14.776,  -0.500,  -0.340,  14.776,  -0.600,  14.676,  -0.300,  14.976
202602241406,  15.832,  14.986,9999.000,9999.000,9999.000,9999.000,9999.000,9999.000,9999.000
202602241412,  16.037,  15.186,9999.000,9999.000,9999.000,9999.000,9999.000,9999.000,9999.000
202602241418,  16.232,  15.386,9999.000,9999.000,9999.000,9999.000,9999.000,9999.000,9999.000
202602241424,  16.415,  15.527,9999.000,9999.000,9999.000,9999.000,9999.000,9999.000,9999.000
202602241430,  16.588,  15.714,9999.000,9999.000,9999.000,9999.000,9999.000,9999.000,9999.000
202602241436,  16.748,  15.865,9999.000,9999.000,9999.000,9999.000,9999.000,9999.000,9999.000
202602241442,  16.895,  16.016,9999.000,9999.000,9999.000,9999.000,9999.000,9999.000,9999.000
202602241448,  17.030,  16.134,9999.000,9999.000,9999.000,9999.000,9999.000,9999.000,9999.000
202602241454,  17.151,  16.285,9999.000,9999.000,9999.000,9999.000,9999.000,9999.000,9999.000
202602241500,  17.259,  16.396,  -0.500,  -0.363,  16.396,  -0.600,  16.296,  -0.300,  16.596
202602241506,  17.352,  16.465,9999.000,9999.000,9999.000,9999.000,9999.000,9999.000,9999.000
202602241512,  17.431,  16.534,9999.000,9999.000,9999.000,9999.000,9999.000,9999.000,9999.000
202602241518,  17.494,  16.554,9999.000,9999.000,9999.000,9999.000,9999.000,9999.000,9999.000
202602241524,  17.543,  16.626,9999.000,9999.000,9999.000,9999.000,9999.000,9999.000,9999.000
202602241530,  17.576,  16.626,9999.000,9999.000,9999.000,9999.000,9999.000,9999.000,9999.000
202602241536,  17.593,  16.626,9999.000,9999.000,9999.000,9999.000,9999.000,9999.000,9999.000
202602241542,  17.595,  16.616,9999.000,9999.000,9999.000,9999.000,9999.000,9999.000,9999.000
202602241548,  17.581,  16.626,9999.000,9999.000,9999.000,9999.000,9999.000,9999.000,9999.000
202602241554,  17.550,  16.596,9999.000,9999.000,9999.000,9999.000,9999.000,9999.000,9999.000
202602241600,  17.504,  16.524,  -0.500,  -0.480,  16.524,  -0.600,  16.424,  -0.200,  16.824
202602241606,  17.443,  16.436,9999.000,9999.000,9999.000,9999.000,9999.000,9999.000,9999.000
202602241612,  17.365,  16.367,9999.000,9999.000,9999.000,9999.000,9999.000,9999.000,9999.000
202602241618,  17.272,  16.265,9999.000,9999.000,9999.000,9999.000,9999.000,9999.000,9999.000
202602241624,  17.163,  16.147,9999.000,9999.000,9999.000,9999.000,9999.000,9999.000,9999.000
202602241630,  17.039,  15.996,9999.000,9999.000,9999.000,9999.000,9999.000,9999.000,9999.000
202602241636,  16.901,  15.894,9999.000,9999.000,9999.000,9999.000,9999.000,9999.000,9999.000
202602241642,  16.747,  15.737,9999.000,9999.000,9999.000,9999.000,9999.000,9999.000,9999.000
202602241648,  16.580,  15.557,9999.000,9999.000,9999.000,9999.000,9999.000,9999.000,9999.000
202602241654,  16.398,  15.396,9999.000,9999.000,9999.000,9999.000,9999.000,9999.000,9999.000
202602241700,  16.203,  15.255,  -0.400,  -0.548,  15.255,  -0.600,  15.055,  -0.200,  15.455
202602241706,  15.994,  15.065,9999.000,9999.000,9999.000,9999.000,9999.000,9999.000,9999.000
202602241712,  15.773,  14.845,9999.000,9999.000,9999.000,9999.000,9999.000,9999.000,9999.000
202602241718,  15.540,  14.625,9999.000,9999.000,9999.000,9999.000,9999.000,9999.000,9999.000
202602241724,  15.295,  14.405,9999.000,9999.000,9999.000,9999.000,9999.000,9999.000,9999.000
202602241730,  15.039,  14.166,9999.000,9999.000,9999.000,9999.000,9999.000,9999.000,9999.000
202602241736,  14.772,  13.917,9999.000,9999.000,9999.000,9999.000,9999.000,9999.000,9999.000
202602241742,  14.495,  13.657,9999.000,9999.000,9999.000,9999.000,9999.000,9999.000,9999.000
202602241748,  14.209,  13.438,9999.000,9999.000,9999.000,9999.000,9999.000,9999.000,9999.000
202602241754,  13.914,  13.165,9999.000,9999.000,9999.000,9999.000,9999.000,9999.000,9999.000
202602241800,  13.610,  12.916,  -0.400,  -0.294,  12.916,  -0.600,  12.716,  -0.100,  13.216
202602241806,  13.299,  12.647,9999.000,9999.000,9999.000,9999.000,9999.000,9999.000,9999.000
202602241812,  12.981,  12.375,9999.000,9999.000,9999.000,9999.000,9999.000,9999.000,9999.000
202602241818,  12.657,  12.076,9999.000,9999.000,9999.000,9999.000,9999.000,9999.000,9999.000
202602241824,  12.328,  11.755,9999.000,9999.000,9999.000,9999.000,9999.000,9999.000,9999.000
202602241830,  11.994,  11.486,9999.000,9999.000,9999.000,9999.000,9999.000,9999.000,9999.000
202602241836,  11.655,  11.178,9999.000,9999.000,9999.000,9999.000,9999.000,9999.000,9999.000
202602241842,  11.314,  10.886,9999.000,9999.000,9999.000,9999.000,9999.000,9999.000,9999.000
202602241848,  10.970,  10.568,9999.000,9999.000,9999.000,9999.000,9999.000,9999.000,9999.000
202602241854,  10.624,  10.276,9999.000,9999.000,9999.000,9999.000,9999.000,9999.000,9999.000
202602241900,  10.277,   9.948,  -0.400,   0.071,   9.948,  -0.600,   9.748,   0.000,  10.348
202602241906,   9.930,   9.597,9999.000,9999.000,9999.000,9999.000,9999.000,9999.000,9999.000
202602241912,   9.583,   9.256,9999.000,9999.000,9999.000,9999.000,9999.000,9999.000,9999.000
202602241918,   9.237,   8.918,9999.000,9999.000,9999.000,9999.000,9999.000,9999.000,9999.000
202602241924,   8.893,   8.577,9999.000,9999.000,9999.000,9999.000,9999.000,9999.000,9999.000
202602241930,   8.551,   8.229,9999.000,9999.000,9999.000,9999.000,9999.000,9999.000,9999.000
202602241936,   8.213,   7.927,9999.000,9999.000,9999.000,9999.000,9999.000,9999.000,9999.000
202602241942,   7.878,   7.586,9999.000,9999.000,9999.000,9999.000,9999.000,9999.000,9999.000
202602241948,   7.547,   7.278,9999.000,9999.000,9999.000,9999.000,9999.000,9999.000,9999.000
202602241954,   7.221,   6.927,9999.000,9999.000,9999.000,9999.000,9999.000,9999.000,9999.000
202602242000,   6.901,   6.589,  -0.300,  -0.012,   6.589,  -0.600,   6.289,   0.000,   6.889
202602242006,   6.586,   6.248,9999.000,9999.000,9999.000,9999.000,9999.000,9999.000,9999.000
202602242012,   6.278,   5.940,9999.000,9999.000,9999.000,9999.000,9999.000,9999.000,9999.000
202602242018,   5.977,   5.628,9999.000,9999.000,9999.000,9999.000,9999.000,9999.000,9999.000
202602242024,   5.683,   5.320,9999.000,9999.000,9999.000,9999.000,9999.000,9999.000,9999.000
202602242030,   5.397,   5.028,9999.000,9999.000,9999.000,9999.000,9999.000,9999.000,9999.000
202602242036,   5.120,   4.778,9999.000,9999.000,9999.000,9999.000,9999.000,9999.000,9999.000
202602242042,   4.852,   4.500,9999.000,9999.000,9999.000,9999.000,9999.000,9999.000,9999.000
202602242048,   4.593,   4.227,9999.000,9999.000,9999.000,9999.000,9999.000,9999.000,9999.000
202602242054,   4.344,   3.978,9999.000,9999.000,9999.000,9999.000,9999.000,9999.000,9999.000
202602242100,   4.106,   3.719,  -0.300,  -0.087,   3.719,  -0.500,   3.519,  -0.100,   3.919
202602242106,   3.878,   3.499,9999.000,9999.000,9999.000,9999.000,9999.000,9999.000,9999.000
202602242112,   3.662,   3.270,9999.000,9999.000,9999.000,9999.000,9999.000,9999.000,9999.000
202602242118,   3.458,   3.060,9999.000,9999.000,9999.000,9999.000,9999.000,9999.000,9999.000
202602242124,   3.266,   2.869,9999.000,9999.000,9999.000,9999.000,9999.000,9999.000,9999.000
202602242130,   3.088,   2.709,9999.000,9999.000,9999.000,9999.000,9999.000,9999.000,9999.000
202602242136,   2.922,   2.578,9999.000,9999.000,9999.000,9999.000,9999.000,9999.000,9999.000
202602242142,   2.770,   2.440,9999.000,9999.000,9999.000,9999.000,9999.000,9999.000,9999.000
202602242148,   2.633,   2.318,9999.000,9999.000,9999.000,9999.000,9999.000,9999.000,9999.000
202602242154,   2.510,   2.200,9999.000,9999.000,9999.000,9999.000,9999.000,9999.000,9999.000
202602242200,   2.402,   2.099,  -0.300,  -0.003,   2.099,  -0.600,   1.799,  -0.100,   2.299
202602242206,   2.310,   1.958,9999.000,9999.000,9999.000,9999.000,9999.000,9999.000,9999.000
202602242212,   2.233,   1.879,9999.000,9999.000,9999.000,9999.000,9999.000,9999.000,9999.000
202602242218,   2.172,   1.810,9999.000,9999.000,9999.000,9999.000,9999.000,9999.000,9999.000
202602242224,   2.127,   1.728,9999.000,9999.000,9999.000,9999.000,9999.000,9999.000,9999.000
202602242230,   2.098,   1.699,9999.000,9999.000,9999.000,9999.000,9999.000,9999.000,9999.000
202602242236,   2.086,   1.679,9999.000,9999.000,9999.000,9999.000,9999.000,9999.000,9999.000
202602242242,   2.089,   1.669,9999.000,9999.000,9999.000,9999.000,9999.000,9999.000,9999.000
202602242248,   2.108,   1.649,9999.000,9999.000,9999.000,9999.000,9999.000,9999.000,9999.000
202602242254,   2.143,   1.679,9999.000,9999.000,9999.000,9999.000,9999.000,9999.000,9999.000
202602242300,   2.193,   1.689,  -0.400,  -0.104,   1.689,  -0.600,   1.489,  -0.300,   1.789
202602242306,   2.258,   1.758,9999.000,9999.000,9999.000,9999.000,9999.000,9999.000,9999.000
202602242312,   2.338,   1.781,9999.000,9999.000,9999.000,9999.000,9999.000,9999.000,9999.000
202602242318,   2.432,   1.859,9999.000,9999.000,9999.000,9999.000,9999.000,9999.000,9999.000
202602242324,   2.539,   1.967,9999.000,9999.000,9999.000,9999.000,9999.000,9999.000,9999.000
202602242330,   2.659,   2.010,9999.000,9999.000,9999.000,9999.000,9999.000,9999.000,9999.000
202602242336,   2.792,   2.138,9999.000,9999.000,9999.000,9999.000,9999.000,9999.000,9999.000
202602242342,   2.936,   2.191,9999.000,9999.000,9999.000,9999.000,9999.000,9999.000,9999.000
202602242348,   3.090,   2.309,9999.000,9999.000,9999.000,9999.000,9999.000,9999.000,9999.000
202602242354,   3.255,   2.450,9999.000,9999.000,9999.000,9999.000,9999.000,9999.000,9999.000
202602250000,   3.430,   2.450,  -0.600,  -0.380,   2.450,  -0.700,   2.350,  -0.500,   2.550
202602250006,   3.613,   2.738,9999.000,9999.000,9999.000,9999.000,9999.000,9999.000,9999.000
202602250012,   3.803,   2.909,9999.000,9999.000,9999.000,9999.000,9999.000,9999.000,9999.000
202602250018,   4.001,   3.070,9999.000,9999.000,9999.000,9999.000,9999.000,9999.000,9999.000
202602250024,   4.206,   3.260,9999.000,9999.000,9999.000,9999.000,9999.000,9999.000,9999.000
202602250030,   4.416,   3.460,9999.000,9999.000,9999.000,9999.000,9999.000,9999.000,9999.000
202602250036,   4.632,   3.660,9999.000,9999.000,9999.000,9999.000,9999.000,9999.000,9999.000
202602250042,   4.852,   3.870,9999.000,9999.000,9999.000,9999.000,9999.000,9999.000,9999.000
202602250048,   5.076,   4.099,9999.000,9999.000,9999.000,9999.000,9999.000,9999.000,9999.000
202602250054,   5.304,   4.300,9999.000,9999.000,9999.000,9999.000,9999.000,9999.000,9999.000
202602250100,   5.536,   4.549,  -0.600,  -0.387,   4.549,  -0.700,   4.449,  -0.500,   4.649
202602250106,   5.769,   4.778,9999.000,9999.000,9999.000,9999.000,9999.000,9999.000,9999.000
202602250112,   6.005,   4.988,9999.000,9999.000,9999.000,9999.000,9999.000,9999.000,9999.000
202602250118,   6.244,   5.247,9999.000,9999.000,9999.000,9999.000,9999.000,9999.000,9999.000
202602250124,   6.483,   5.477,9999.000,9999.000,9999.000,9999.000,9999.000,9999.000,9999.000
202602250130,   6.724,   5.717,9999.000,9999.000,9999.000,9999.000,9999.000,9999.000,9999.000
202602250136,   6.966,   5.959,9999.000,9999.000,9999.000,9999.000,9999.000,9999.000,9999.000
202602250142,   7.208,   6.218,9999.000,9999.000,9999.000,9999.000,9999.000,9999.000,9999.000
202602250148,   7.451,   6.487,9999.000,9999.000,9999.000,9999.000,9999.000,9999.000,9999.000
202602250154,   7.694,   6.779,9999.000,9999.000,9999.000,9999.000,9999.000,9999.000,9999.000
202602250200,   7.937,   7.048,  -0.600,  -0.289,   7.048,  -0.700,   6.948,  -0.500,   7.148
202602250206,   8.178,   7.317,9999.000,9999.000,9999.000,9999.000,9999.000,9999.000,9999.000
202602250212,   8.419,   7.586,9999.000,9999.000,9999.000,9999.000,9999.000,9999.000,9999.000
202602250218,   8.658,   7.868,9999.000,9999.000,9999.000,9999.000,9999.000,9999.000,9999.000
202602250224,   8.896,   8.108,9999.000,9999.000,9999.000,9999.000,9999.000,9999.000,9999.000
202602250230,   9.131,   8.367,9999.000,9999.000,9999.000,9999.000,9999.000,9999.000,9999.000
202602250236,   9.363,   8.606,9999.000,9999.000,9999.000,9999.000,9999.000,9999.000,9999.000
202602250242,   9.592,   8.878,9999.000,9999.000,9999.000,9999.000,9999.000,9999.000,9999.000
202602250248,   9.818,   9.118,9999.000,9999.000,9999.000,9999.000,9999.000,9999.000,9999.000
202602250254,  10.039,   9.367,9999.000,9999.000,9999.000,9999.000,9999.000,9999.000,9999.000
202602250300,  10.255,   9.607,  -0.600,  -0.048,   9.607,  -0.800,   9.407,  -0.500,   9.707
202602250306,  10.466,   9.846,9999.000,9999.000,9999.000,9999.000,9999.000,9999.000,9999.000
202602250312,  10.672,  10.095,9999.000,9999.000,9999.000,9999.000,9999.000,9999.000,9999.000
202602250318,  10.871,  10.305,9999.000,9999.000,9999.000,9999.000,9999.000,9999.000,9999.000
202602250324,  11.063,  10.486,9999.000,9999.000,9999.000,9999.000,9999.000,9999.000,9999.000
202602250330,  11.248,  10.686,9999.000,9999.000,9999.000,9999.000,9999.000,9999.000,9999.000
202602250336,  11.424,  10.896,9999.000,9999.000,9999.000,9999.000,9999.000,9999.000,9999.000
202602250342,  11.593,  11.066,9999.000,9999.000,9999.000,9999.000,9999.000,9999.000,9999.000
202602250348,  11.753,  11.266,9999.000,9999.000,9999.000,9999.000,9999.000,9999.000,9999.000
202602250354,  11.904,  11.397,9999.000,9999.000,9999.000,9999.000,9999.000,9999.000,9999.000
202602250400,  12.045,  11.555,  -0.600,   0.110,  11.555,  -0.800,  11.355,  -0.500,  11.655
202602250406,  12.177,  11.676,9999.000,9999.000,9999.000,9999.000,9999.000,9999.000,9999.000
202602250412,  12.298,  11.817,9999.000,9999.000,9999.000,9999.000,9999.000,9999.000,9999.000
202602250418,  12.410,  11.916,9999.000,9999.000,9999.000,9999.000,9999.000,9999.000,9999.000
202602250424,  12.510,  12.017,9999.000,9999.000,9999.000,9999.000,9999.000,9999.000,9999.000
202602250430,  12.601,  12.116,9999.000,9999.000,9999.000,9999.000,9999.000,9999.000,9999.000
202602250436,  12.680,  12.208,9999.000,9999.000,9999.000,9999.000,9999.000,9999.000,9999.000
202602250442,  12.748,  12.277,9999.000,9999.000,9999.000,9999.000,9999.000,9999.000,9999.000
202602250448,  12.806,  12.345,9999.000,9999.000,9999.000,9999.000,9999.000,9999.000,9999.000
202602250454,  12.852,  12.385,9999.000,9999.000,9999.000,9999.000,9999.000,9999.000,9999.000
202602250500,  12.888,  12.427,  -0.600,   0.139,  12.427,  -0.800,  12.227,  -0.400,  12.627
202602250506,  12.912,  12.457,9999.000,9999.000,9999.000,9999.000,9999.000,9999.000,9999.000
202602250512,  12.926,  12.457,9999.000,9999.000,9999.000,9999.000,9999.000,9999.000,9999.000
202602250518,  12.929,  12.457,9999.000,9999.000,9999.000,9999.000,9999.000,9999.000,9999.000
202602250524,  12.921,  12.437,9999.000,9999.000,9999.000,9999.000,9999.000,9999.000,9999.000
202602250530,  12.903,  12.427,9999.000,9999.000,9999.000,9999.000,9999.000,9999.000,9999.000
202602250536,  12.874,  12.398,9999.000,9999.000,9999.000,9999.000,9999.000,9999.000,9999.000
202602250542,  12.835,  12.355,9999.000,9999.000,9999.000,9999.000,9999.000,9999.000,9999.000
202602250548,  12.787,  12.296,9999.000,9999.000,9999.000,9999.000,9999.000,9999.000,9999.000
202602250554,  12.728,  12.257,9999.000,9999.000,9999.000,9999.000,9999.000,9999.000,9999.000
202602250600,  12.660,  12.188,  -0.500,   0.028,  12.188,  -0.700,  11.988,  -0.100,  12.588
202602250606,  12.584,  12.126,9999.000,9999.000,9999.000,9999.000,9999.000,9999.000,9999.000
202602250612,  12.498,  12.047,9999.000,9999.000,9999.000,9999.000,9999.000,9999.000,9999.000
202602250618,  12.404,  11.955,9999.000,9999.000,9999.000,9999.000,9999.000,9999.000,9999.000
202602250624,  12.301,  11.847,9999.000,9999.000,9999.000,9999.000,9999.000,9999.000,9999.000
202602250630,  12.191,  11.725,9999.000,9999.000,9999.000,9999.000,9999.000,9999.000,9999.000
202602250636,  12.074,  11.607,9999.000,9999.000,9999.000,9999.000,9999.000,9999.000,9999.000
202602250642,  11.950,  11.457,9999.000,9999.000,9999.000,9999.000,9999.000,9999.000,9999.000
202602250648,  11.819,  11.325,9999.000,9999.000,9999.000,9999.000,9999.000,9999.000,9999.000
202602250654,  11.683,  11.125,9999.000,9999.000,9999.000,9999.000,9999.000,9999.000,9999.000
202602250700,  11.541,  11.007,  -0.400,  -0.134,  11.007,  -0.700,  10.707,   0.000,  11.407
202602250706,  11.394,  10.827,9999.000,9999.000,9999.000,9999.000,9999.000,9999.000,9999.000
202602250712,  11.243,  10.686,9999.000,9999.000,9999.000,9999.000,9999.000,9999.000,9999.000
202602250718,  11.088,  10.495,9999.000,9999.000,9999.000,9999.000,9999.000,9999.000,9999.000
202602250724,  10.929,  10.305,9999.000,9999.000,9999.000,9999.000,9999.000,9999.000,9999.000
202602250730,  10.768,  10.158,9999.000,9999.000,9999.000,9999.000,9999.000,9999.000,9999.000
202602250736,  10.605,   9.977,9999.000,9999.000,9999.000,9999.000,9999.000,9999.000,9999.000
202602250742,  10.439,   9.787,9999.000,9999.000,9999.000,9999.000,9999.000,9999.000,9999.000
202602250748,  10.273,   9.607,9999.000,9999.000,9999.000,9999.000,9999.000,9999.000,9999.000
202602250754,  10.106,   9.446,9999.000,9999.000,9999.000,9999.000,9999.000,9999.000,9999.000
202602250800,   9.938,   9.265,  -0.400,  -0.273,   9.265,  -0.700,   8.965,   0.000,   9.665
202602250806,   9.771,   9.098,9999.000,9999.000,9999.000,9999.000,9999.000,9999.000,9999.000
202602250812,   9.605,   8.937,9999.000,9999.000,9999.000,9999.000,9999.000,9999.000,9999.000
202602250818,   9.440,   8.816,9999.000,9999.000,9999.000,9999.000,9999.000,9999.000,9999.000
202602250824,   9.277,   8.659,9999.000,9999.000,9999.000,9999.000,9999.000,9999.000,9999.000
202602250830,   9.115,   8.498,9999.000,9999.000,9999.000,9999.000,9999.000,9999.000,9999.000
202602250836,   8.957,   8.377,9999.000,9999.000,9999.000,9999.000,9999.000,9999.000,9999.000
202602250842,   8.802,   8.216,9999.000,9999.000,9999.000,9999.000,9999.000,9999.000,9999.000
202602250848,   8.650,   8.068,9999.000,9999.000,9999.000,9999.000,9999.000,9999.000,9999.000
202602250854,   8.502,   7.937,9999.000,9999.000,9999.000,9999.000,9999.000,9999.000,9999.000
202602250900,   8.359,   7.796,  -0.400,  -0.163,   7.796,  -0.700,   7.496,   0.000,   8.196
202602250906,   8.221,   7.688,9999.000,9999.000,9999.000,9999.000,9999.000,9999.000,9999.000
202602250912,   8.088,   7.557,9999.000,9999.000,9999.000,9999.000,9999.000,9999.000,9999.000
202602250918,   7.961,   7.439,9999.000,9999.000,9999.000,9999.000,9999.000,9999.000,9999.000
202602250924,   7.841,   7.337,9999.000,9999.000,9999.000,9999.000,9999.000,9999.000,9999.000
202602250930,   7.727,   7.229,9999.000,9999.000,9999.000,9999.000,9999.000,9999.000,9999.000
202602250936,   7.621,   7.156,9999.000,9999.000,9999.000,9999.000,9999.000,9999.000,9999.000
202602250942,   7.523,   7.058,9999.000,9999.000,9999.000,9999.000,9999.000,9999.000,9999.000
202602250948,   7.434,   6.956,9999.000,9999.000,9999.000,9999.000,9999.000,9999.000,9999.000
202602250954,   7.353,   6.917,9999.000,9999.000,9999.000,9999.000,9999.000,9999.000,9999.000
202602251000,   7.282,   6.878,  -0.300,  -0.104,   6.878,  -0.600,   6.578,   0.000,   7.178
202602251006,   7.221,   6.828,9999.000,9999.000,9999.000,9999.000,9999.000,9999.000,9999.000
202602251012,   7.170,   6.809,9999.000,9999.000,9999.000,9999.000,9999.000,9999.000,9999.000
202602251018,   7.131,   6.766,9999.000,9999.000,9999.000,9999.000,9999.000,9999.000,9999.000
202602251024,   7.103,   6.746,9999.000,9999.000,9999.000,9999.000,9999.000,9999.000,9999.000
202602251030,   7.086,   6.756,9999.000,9999.000,9999.000,9999.000,9999.000,9999.000,9999.000
202602251036,   7.082,   6.687,9999.000,9999.000,9999.000,9999.000,9999.000,9999.000,9999.000
202602251042,   7.089,   6.717,9999.000,9999.000,9999.000,9999.000,9999.000,9999.000,9999.000
202602251048,   7.110,   6.756,9999.000,9999.000,9999.000,9999.000,9999.000,9999.000,9999.000
202602251054,   7.143,   6.737,9999.000,9999.000,9999.000,9999.000,9999.000,9999.000,9999.000
202602251100,   7.189,   6.779,  -0.300,  -0.110,   6.779,  -0.500,   6.579,   0.000,   7.079
202602251106,   7.248,   6.828,9999.000,9999.000,9999.000,9999.000,9999.000,9999.000,9999.000
202602251112,   7.319,   6.907,9999.000,9999.000,9999.000,9999.000,9999.000,9999.000,9999.000
202602251118,   7.403,   7.019,9999.000,9999.000,9999.000,9999.000,9999.000,9999.000,9999.000
202602251124,   7.499,   7.127,9999.000,9999.000,9999.000,9999.000,9999.000,9999.000,9999.000
202602251130,   7.607,   7.268,9999.000,9999.000,9999.000,9999.000,9999.000,9999.000,9999.000
202602251136,   7.727,   7.409,9999.000,9999.000,9999.000,9999.000,9999.000,9999.000,9999.000
202602251142,   7.858,   7.547,9999.000,9999.000,9999.000,9999.000,9999.000,9999.000,9999.000
202602251148,   8.000,   7.678,9999.000,9999.000,9999.000,9999.000,9999.000,9999.000,9999.000
202602251154,   8.152,   7.796,9999.000,9999.000,9999.000,9999.000,9999.000,9999.000,9999.000
202602251200,   8.313,   7.917,  -0.200,  -0.196,   7.917,  -0.400,   7.717,  -0.100,   8.017
202602251206,   8.483,   8.049,9999.000,9999.000,9999.000,9999.000,9999.000,9999.000,9999.000
202602251212,   8.661,   8.196,9999.000,9999.000,9999.000,9999.000,9999.000,9999.000,9999.000
202602251218,   8.847,   8.318,9999.000,9999.000,9999.000,9999.000,9999.000,9999.000,9999.000
202602251224,   9.040,   8.518,9999.000,9999.000,9999.000,9999.000,9999.000,9999.000,9999.000
202602251230,   9.238,   8.649,9999.000,9999.000,9999.000,9999.000,9999.000,9999.000,9999.000
202602251236,   9.442,   8.787,9999.000,9999.000,9999.000,9999.000,9999.000,9999.000,9999.000
202602251242,   9.650,   8.987,9999.000,9999.000,9999.000,9999.000,9999.000,9999.000,9999.000
202602251248,   9.862,   9.147,9999.000,9999.000,9999.000,9999.000,9999.000,9999.000,9999.000
202602251254,  10.078,   9.298,9999.000,9999.000,9999.000,9999.000,9999.000,9999.000,9999.000
202602251300,  10.296,   9.436,  -0.200,  -0.660,   9.436,  -0.400,   9.236,  -0.100,   9.536
202602251306,  10.516,   9.675,9999.000,9999.000,9999.000,9999.000,9999.000,9999.000,9999.000
202602251312,  10.738,   9.856,9999.000,9999.000,9999.000,9999.000,9999.000,9999.000,9999.000
202602251318,  10.961,  10.085,9999.000,9999.000,9999.000,9999.000,9999.000,9999.000,9999.000
202602251324,  11.184,  10.348,9999.000,9999.000,9999.000,9999.000,9999.000,9999.000,9999.000
202602251330,  11.407,  10.577,9999.000,9999.000,9999.000,9999.000,9999.000,9999.000,9999.000
202602251336,  11.630,  10.728,9999.000,9999.000,9999.000,9999.000,9999.000,9999.000,9999.000
202602251342,  11.853,  10.896,9999.000,9999.000,9999.000,9999.000,9999.000,9999.000,9999.000
202602251348,  12.074,  11.086,9999.000,9999.000,9999.000,9999.000,9999.000,9999.000,9999.000
202602251354,  12.294,  11.227,9999.000,9999.000,9999.000,9999.000,9999.000,9999.000,9999.000
202602251400,  12.512,  11.427,  -0.300,  -0.785,  11.427,  -0.400,  11.327,  -0.100,  11.627
202602251406,  12.728,  11.555,9999.000,9999.000,9999.000,9999.000,9999.000,9999.000,9999.000
202602251412,  12.942,  11.798,9999.000,9999.000,9999.000,9999.000,9999.000,9999.000,9999.000
202602251418,  13.153,  12.008,9999.000,9999.000,9999.000,9999.000,9999.000,9999.000,9999.000
202602251424,  13.361,  12.208,9999.000,9999.000,9999.000,9999.000,9999.000,9999.000,9999.000
202602251430,  13.566,  12.418,9999.000,9999.000,9999.000,9999.000,9999.000,9999.000,9999.000
202602251436,  13.767,  12.585,9999.000,9999.000,9999.000,9999.000,9999.000,9999.000,9999.000
202602251442,  13.963,  12.785,9999.000,9999.000,9999.000,9999.000,9999.000,9999.000,9999.000
202602251448,  14.155,  12.955,9999.000,9999.000,9999.000,9999.000,9999.000,9999.000,9999.000
202602251454,  14.342,  13.126,9999.000,9999.000,9999.000,9999.000,9999.000,9999.000,9999.000
202602251500,  14.524,  13.346,  -0.400,  -0.778,  13.346,  -0.600,  13.146,  -0.200,  13.546
202602251506,  14.700,  13.507,9999.000,9999.000,9999.000,9999.000,9999.000,9999.000,9999.000
202602251512,  14.869,  13.677,9999.000,9999.000,9999.000,9999.000,9999.000,9999.000,9999.000
202602251518,  15.032,  13.867,9999.000,9999.000,9999.000,9999.000,9999.000,9999.000,9999.000
202602251524,  15.187,  13.995,9999.000,9999.000,9999.000,9999.000,9999.000,9999.000,9999.000
202602251530,  15.334,  14.117,9999.000,9999.000,9999.000,9999.000,9999.000,9999.000,9999.000
202602251536,  15.473,  14.185,9999.000,9999.000,9999.000,9999.000,9999.000,9999.000,9999.000
202602251542,  15.603,  14.317,9999.000,9999.000,9999.000,9999.000,9999.000,9999.000,9999.000
202602251548,  15.724,  14.435,9999.000,9999.000,9999.000,9999.000,9999.000,9999.000,9999.000
202602251554,  15.835,  14.527,9999.000,9999.000,9999.000,9999.000,9999.000,9999.000,9999.000
202602251600,  15.936,  14.605,  -0.400,  -0.931,  14.605,  -0.600,  14.405,  -0.200,  14.805
202602251606,  16.026,  14.707,9999.000,9999.000,9999.000,9999.000,9999.000,9999.000,9999.000
202602251612,  16.106,  14.776,9999.000,9999.000,9999.000,9999.000,9999.000,9999.000,9999.000
202602251618,  16.174,  14.825,9999.000,9999.000,9999.000,9999.000,9999.000,9999.000,9999.000
202602251624,  16.231,  14.845,9999.000,9999.000,9999.000,9999.000,9999.000,9999.000,9999.000
202602251630,  16.276,  14.845,9999.000,9999.000,9999.000,9999.000,9999.000,9999.000,9999.000
202602251636,  16.309,  14.884,9999.000,9999.000,9999.000,9999.000,9999.000,9999.000,9999.000
202602251642,  16.330,  14.907,9999.000,9999.000,9999.000,9999.000,9999.000,9999.000,9999.000
202602251648,  16.338,  14.927,9999.000,9999.000,9999.000,9999.000,9999.000,9999.000,9999.000
202602251654,  16.335,  14.956,9999.000,9999.000,9999.000,9999.000,9999.000,9999.000,9999.000
202602251700,  16.319,  14.976,  -0.400,  -0.943,  14.976,  -0.600,  14.776,  -0.200,  15.176
202602251706,  16.291,  14.956,9999.000,9999.000,9999.000,9999.000,9999.000,9999.000,9999.000
202602251712,  16.250,  14.897,9999.000,9999.000,9999.000,9999.000,9999.000,9999.000,9999.000
202602251718,  16.197,  14.835,9999.000,9999.000,9999.000,9999.000,9999.000,9999.000,9999.000
202602251724,  16.132,  14.756,9999.000,9999.000,9999.000,9999.000,9999.000,9999.000,9999.000
202602251730,  16.055,  14.697,9999.000,9999.000,9999.000,9999.000,9999.000,9999.000,9999.000
202602251736,  15.966,  14.586,9999.000,9999.000,9999.000,9999.000,9999.000,9999.000,9999.000
202602251742,  15.865,  14.464,9999.000,9999.000,9999.000,9999.000,9999.000,9999.000,9999.000
202602251748,  15.752,  14.425,9999.000,9999.000,9999.000,9999.000,9999.000,9999.000,9999.000
202602251754,  15.629,  14.264,9999.000,9999.000,9999.000,9999.000,9999.000,9999.000,9999.000
202602251800,  15.494,  14.156,  -0.500,  -0.838,  14.156,  -0.600,  14.056,  -0.300,  14.356
202602251806,  15.348,  14.015,9999.000,9999.000,9999.000,9999.000,9999.000,9999.000,9999.000
202602251812,  15.192,  13.877,9999.000,9999.000,9999.000,9999.000,9999.000,9999.000,9999.000
202602251818,  15.025,  13.697,9999.000,9999.000,9999.000,9999.000,9999.000,9999.000,9999.000
202602251824,  14.849,  13.487,9999.000,9999.000,9999.000,9999.000,9999.000,9999.000,9999.000
202602251830,  14.663,  13.306,9999.000,9999.000,9999.000,9999.000,9999.000,9999.000,9999.000
202602251836,  14.467,  13.136,9999.000,9999.000,9999.000,9999.000,9999.000,9999.000,9999.000
202602251842,  14.263,  12.936,9999.000,9999.000,9999.000,9999.000,9999.000,9999.000,9999.000
202602251848,  14.050,  12.696,9999.000,9999.000,9999.000,9999.000,9999.000,9999.000,9999.000
202602251854,  13.828,  12.516,9999.000,9999.000,9999.000,9999.000,9999.000,9999.000,9999.000
202602251900,  13.599,  12.326,  -0.500,  -0.773,  12.326,  -0.600,  12.226,  -0.300,  12.526
202602251906,  13.363,  12.076,9999.000,9999.000,9999.000,9999.000,9999.000,9999.000,9999.000
202602251912,  13.120,  11.857,9999.000,9999.000,9999.000,9999.000,9999.000,9999.000,9999.000
202602251918,  12.871,  11.657,9999.000,9999.000,9999.000,9999.000,9999.000,9999.000,9999.000
202602251924,  12.615,  11.437,9999.000,9999.000,9999.000,9999.000,9999.000,9999.000,9999.000
202602251930,  12.354,  11.207,9999.000,9999.000,9999.000,9999.000,9999.000,9999.000,9999.000
202602251936,  12.088,  10.978,9999.000,9999.000,9999.000,9999.000,9999.000,9999.000,9999.000
202602251942,  11.818,  10.748,9999.000,9999.000,9999.000,9999.000,9999.000,9999.000,9999.000
202602251948,  11.543,  10.528,9999.000,9999.000,9999.000,9999.000,9999.000,9999.000,9999.000
202602251954,  11.266,  10.266,9999.000,9999.000,9999.000,9999.000,9999.000,9999.000,9999.000
202602252000,  10.985,   9.977,  -0.400,  -0.608,   9.977,  -0.600,   9.777,  -0.300,  10.077
202602252006,  10.701,   9.698,9999.000,9999.000,9999.000,9999.000,9999.000,9999.000,9999.000
202602252012,  10.416,   9.466,9999.000,9999.000,9999.000,9999.000,9999.000,9999.000,9999.000
202602252018,  10.129,   9.197,9999.000,9999.000,9999.000,9999.000,9999.000,9999.000,9999.000
202602252024,   9.841,   8.957,9999.000,9999.000,9999.000,9999.000,9999.000,9999.000,9999.000
202602252030,   9.552,   8.737,9999.000,9999.000,9999.000,9999.000,9999.000,9999.000,9999.000
202602252036,   9.263,   8.468,9999.000,9999.000,9999.000,9999.000,9999.000,9999.000,9999.000
202602252042,   8.975,   8.239,9999.000,9999.000,9999.000,9999.000,9999.000,9999.000,9999.000
202602252048,   8.687,   7.937,9999.000,9999.000,9999.000,9999.000,9999.000,9999.000,9999.000
202602252054,   8.400,   7.668,9999.000,9999.000,9999.000,9999.000,9999.000,9999.000,9999.000
202602252100,   8.114,   7.376,  -0.400,  -0.338,   7.376,  -0.600,   7.176,  -0.300,   7.476
202602252106,   7.831,   7.117,9999.000,9999.000,9999.000,9999.000,9999.000,9999.000,9999.000
202602252112,   7.550,   6.868,9999.000,9999.000,9999.000,9999.000,9999.000,9999.000,9999.000
202602252118,   7.271,   6.589,9999.000,9999.000,9999.000,9999.000,9999.000,9999.000,9999.000
202602252124,   6.996,   6.369,9999.000,9999.000,9999.000,9999.000,9999.000,9999.000,9999.000
202602252130,   6.725,   6.127,9999.000,9999.000,9999.000,9999.000,9999.000,9999.000,9999.000
202602252136,   6.458,   5.867,9999.000,9999.000,9999.000,9999.000,9999.000,9999.000,9999.000
202602252142,   6.195,   5.618,9999.000,9999.000,9999.000,9999.000,9999.000,9999.000,9999.000
202602252148,   5.938,   5.359,9999.000,9999.000,9999.000,9999.000,9999.000,9999.000,9999.000
202602252154,   5.686,   5.120,9999.000,9999.000,9999.000,9999.000,9999.000,9999.000,9999.000
202602252200,   5.440,   4.818,  -0.500,  -0.122,   4.818,  -0.600,   4.718,  -0.300,   5.018
202602252206,   5.201,   4.608,9999.000,9999.000,9999.000,9999.000,9999.000,9999.000,9999.000
202602252212,   4.969,   4.388,9999.000,9999.000,9999.000,9999.000,9999.000,9999.000,9999.000
202602252218,   4.746,   4.188,9999.000,9999.000,9999.000,9999.000,9999.000,9999.000,9999.000
202602252224,   4.530,   4.027,9999.000,9999.000,9999.000,9999.000,9999.000,9999.000,9999.000
202602252230,   4.324,   3.837,9999.000,9999.000,9999.000,9999.000,9999.000,9999.000,9999.000
202602252236,   4.127,   3.719,9999.000,9999.000,9999.000,9999.000,9999.000,9999.000,9999.000
202602252242,   3.940,   3.529,9999.000,9999.000,9999.000,9999.000,9999.000,9999.000,9999.000
202602252248,   3.764,   3.388,9999.000,9999.000,9999.000,9999.000,9999.000,9999.000,9999.000
202602252254,   3.598,   3.240,9999.000,9999.000,9999.000,9999.000,9999.000,9999.000,9999.000
202602252300,   3.445,   3.079,  -0.600,   0.234,   3.079,  -0.800,   2.879,  -0.200,   3.479
202602252306,   3.303,   2.958,9999.000,9999.000,9999.000,9999.000,9999.000,9999.000,9999.000
202602252312,   3.174,   2.778,9999.000,9999.000,9999.000,9999.000,9999.000,9999.000,9999.000
202602252318,   3.057,   2.689,9999.000,9999.000,9999.000,9999.000,9999.000,9999.000,9999.000
202602252324,   2.953,   2.548,9999.000,9999.000,9999.000,9999.000,9999.000,9999.000,9999.000
202602252330,   2.863,   2.440,9999.000,9999.000,9999.000,9999.000,9999.000,9999.000,9999.000
202602252336,   2.786,   2.348,9999.000,9999.000,9999.000,9999.000,9999.000,9999.000,9999.000
202602252342,   2.722,   2.250,9999.000,9999.000,9999.000,9999.000,9999.000,9999.000,9999.000
202602252348,   2.671,   2.191,9999.000,9999.000,9999.000,9999.000,9999.000,9999.000,9999.000
202602252354,   2.634,   2.128,9999.000,9999.000,9999.000,9999.000,9999.000,9999.000,9999.000
202602260000,   2.609,   2.128,  -0.700,   0.219,   2.128,  -0.800,   2.028,  -0.600,   2.228
202602260006,   2.598,   2.040,9999.000,9999.000,9999.000,9999.000,9999.000,9999.000,9999.000
202602260012,   2.599,   2.010,9999.000,9999.000,9999.000,9999.000,9999.000,9999.000,9999.000
202602260018,   2.613,   2.020,9999.000,9999.000,9999.000,9999.000,9999.000,9999.000,9999.000
202602260024,   2.639,   2.000,9999.000,9999.000,9999.000,9999.000,9999.000,9999.000,9999.000
202602260030,   2.676,   1.981,9999.000,9999.000,9999.000,9999.000,9999.000,9999.000,9999.000
202602260036,   2.725,   2.000,9999.000,9999.000,9999.000,9999.000,9999.000,9999.000,9999.000
202602260042,   2.784,   1.990,9999.000,9999.000,9999.000,9999.000,9999.000,9999.000,9999.000
202602260048,   2.854,   2.000,9999.000,9999.000,9999.000,9999.000,9999.000,9999.000,9999.000
202602260054,   2.934,   2.010,9999.000,9999.000,9999.000,9999.000,9999.000,9999.000,9999.000
202602260100,   3.023,   2.030,  -0.700,  -0.293,   2.030,  -0.800,   1.930,  -0.600,   2.130
202602260106,   3.121,   2.099,9999.000,9999.000,9999.000,9999.000,9999.000,9999.000,9999.000
202602260112,   3.228,   2.148,9999.000,9999.000,9999.000,9999.000,9999.000,9999.000,9999.000
202602260118,   3.343,   2.259,9999.000,9999.000,9999.000,9999.000,9999.000,9999.000,9999.000
202602260124,   3.466,   2.368,9999.000,9999.000,9999.000,9999.000,9999.000,9999.000,9999.000
202602260130,   3.596,   2.489,9999.000,9999.000,9999.000,9999.000,9999.000,9999.000,9999.000
202602260136,   3.734,   2.597,9999.000,9999.000,9999.000,9999.000,9999.000,9999.000,9999.000
202602260142,   3.879,   2.787,9999.000,9999.000,9999.000,9999.000,9999.000,9999.000,9999.000
202602260148,   4.030,   2.879,9999.000,9999.000,9999.000,9999.000,9999.000,9999.000,9999.000
202602260154,   4.188,   3.050,9999.000,9999.000,9999.000,9999.000,9999.000,9999.000,9999.000
202602260200,   4.352,   3.168,  -0.700,  -0.484,   3.168,  -0.800,   3.068,  -0.600,   3.268
202602260206,   4.522,   3.319,9999.000,9999.000,9999.000,9999.000,9999.000,9999.000,9999.000
202602260212,   4.698,   3.460,9999.000,9999.000,9999.000,9999.000,9999.000,9999.000,9999.000
202602260218,   4.879,   3.617,9999.000,9999.000,9999.000,9999.000,9999.000,9999.000,9999.000
202602260224,   5.066,   3.817,9999.000,9999.000,9999.000,9999.000,9999.000,9999.000,9999.000
202602260230,   5.259,   3.968,9999.000,9999.000,9999.000,9999.000,9999.000,9999.000,9999.000
202602260236,   5.456,   4.178,9999.000,9999.000,9999.000,9999.000,9999.000,9999.000,9999.000
202602260242,   5.659,   4.398,9999.000,9999.000,9999.000,9999.000,9999.000,9999.000,9999.000
202602260248,   5.866,   4.549,9999.000,9999.000,9999.000,9999.000,9999.000,9999.000,9999.000
202602260254,   6.077,   4.828,9999.000,9999.000,9999.000,9999.000,9999.000,9999.000,9999.000
202602260300,   6.293,   5.008,  -0.700,  -0.585,   5.008,  -0.900,   4.808,  -0.500,   5.208
202602260306,   6.512,   5.218,9999.000,9999.000,9999.000,9999.000,9999.000,9999.000,9999.000
202602260312,   6.734,   5.467,9999.000,9999.000,9999.000,9999.000,9999.000,9999.000,9999.000
202602260318,   6.960,   5.667,9999.000,9999.000,9999.000,9999.000,9999.000,9999.000,9999.000
202602260324,   7.188,   5.926,9999.000,9999.000,9999.000,9999.000,9999.000,9999.000,9999.000
202602260330,   7.417,   6.169,9999.000,9999.000,9999.000,9999.000,9999.000,9999.000,9999.000
202602260336,   7.649,   6.409,9999.000,9999.000,9999.000,9999.000,9999.000,9999.000,9999.000
202602260342,   7.881,   6.658,9999.000,9999.000,9999.000,9999.000,9999.000,9999.000,9999.000
202602260348,   8.114,   6.897,9999.000,9999.000,9999.000,9999.000,9999.000,9999.000,9999.000
202602260354,   8.347,   7.137,9999.000,9999.000,9999.000,9999.000,9999.000,9999.000,9999.000
202602260400,   8.578,   7.366,  -0.700,  -0.512,   7.366,  -0.900,   7.166,  -0.600,   7.466
202602260406,   8.809,   7.596,9999.000,9999.000,9999.000,9999.000,9999.000,9999.000,9999.000
202602260412,   9.037,   7.829,9999.000,9999.000,9999.000,9999.000,9999.000,9999.000,9999.000
202602260418,   9.263,   8.068,9999.000,9999.000,9999.000,9999.000,9999.000,9999.000,9999.000
202602260424,   9.486,   8.288,9999.000,9999.000,9999.000,9999.000,9999.000,9999.000,9999.000
202602260430,   9.705,   8.518,9999.000,9999.000,9999.000,9999.000,9999.000,9999.000,9999.000
202602260436,   9.920,   8.757,9999.000,9999.000,9999.000,9999.000,9999.000,9999.000,9999.000
202602260442,  10.130,   8.987,9999.000,9999.000,9999.000,9999.000,9999.000,9999.000,9999.000
202602260448,  10.335,   9.197,9999.000,9999.000,9999.000,9999.000,9999.000,9999.000,9999.000
202602260454,  10.534,   9.446,9999.000,9999.000,9999.000,9999.000,9999.000,9999.000,9999.000
202602260500,  10.727,   9.636,  -0.800,  -0.291,   9.636,  -0.900,   9.536,  -0.600,   9.836
202602260506,  10.913,   9.826,9999.000,9999.000,9999.000,9999.000,9999.000,9999.000,9999.000
202602260512,  11.093,  10.026,9999.000,9999.000,9999.000,9999.000,9999.000,9999.000,9999.000
202602260518,  11.265,  10.177,9999.000,9999.000,9999.000,9999.000,9999.000,9999.000,9999.000
202602260524,  11.429,  10.348,9999.000,9999.000,9999.000,9999.000,9999.000,9999.000,9999.000
202602260530,  11.585,  10.515,9999.000,9999.000,9999.000,9999.000,9999.000,9999.000,9999.000
202602260536,  11.734,  10.696,9999.000,9999.000,9999.000,9999.000,9999.000,9999.000,9999.000
202602260542,  11.874,  10.827,9999.000,9999.000,9999.000,9999.000,9999.000,9999.000,9999.000
202602260548,  12.005,  11.017,9999.000,9999.000,9999.000,9999.000,9999.000,9999.000,9999.000
202602260554,  12.127,  11.115,9999.000,9999.000,9999.000,9999.000,9999.000,9999.000,9999.000
202602260600,  12.241,  11.256,  -0.600,  -0.385,  11.256,  -0.800,  11.056,  -0.500,  11.356
202602260606,  12.345,  11.368,9999.000,9999.000,9999.000,9999.000,9999.000,9999.000,9999.000
202602260612,  12.440,  11.457,9999.000,9999.000,9999.000,9999.000,9999.000,9999.000,9999.000
202602260618,  12.526,  11.555,9999.000,9999.000,9999.000,9999.000,9999.000,9999.000,9999.000
202602260624,  12.602,  11.637,9999.000,9999.000,9999.000,9999.000,9999.000,9999.000,9999.000
202602260630,  12.668,  11.755,9999.000,9999.000,9999.000,9999.000,9999.000,9999.000,9999.000
202602260636,  12.726,  11.837,9999.000,9999.000,9999.000,9999.000,9999.000,9999.000,9999.000
202602260642,  12.773,  11.847,9999.000,9999.000,9999.000,9999.000,9999.000,9999.000,9999.000
202602260648,  12.811,  11.935,9999.000,9999.000,9999.000,9999.000,9999.000,9999.000,9999.000
202602260654,  12.839,  11.988,9999.000,9999.000,9999.000,9999.000,9999.000,9999.000,9999.000
202602260700,  12.858,  12.037,  -0.600,  -0.221,  12.037,  -0.700,  11.937,  -0.500,  12.137
202602260706,  12.867,  12.027,9999.000,9999.000,9999.000,9999.000,9999.000,9999.000,9999.000
202602260712,  12.867,  12.076,9999.000,9999.000,9999.000,9999.000,9999.000,9999.000,9999.000
202602260718,  12.858,  12.116,9999.000,9999.000,9999.000,9999.000,9999.000,9999.000,9999.000
202602260724,  12.840,  12.116,9999.000,9999.000,9999.000,9999.000,9999.000,9999.000,9999.000
202602260730,  12.812,  12.106,9999.000,9999.000,9999.000,9999.000,9999.000,9999.000,9999.000
202602260736,  12.776,  12.067,9999.000,9999.000,9999.000,9999.000,9999.000,9999.000,9999.000
202602260742,  12.732,  12.047,9999.000,9999.000,9999.000,9999.000,9999.000,9999.000,9999.000
202602260748,  12.679,  11.978,9999.000,9999.000,9999.000,9999.000,9999.000,9999.000,9999.000
202602260754,  12.618,  11.935,9999.000,9999.000,9999.000,9999.000,9999.000,9999.000,9999.000
202602260800,  12.549,  11.906,  -0.600,  -0.043,  11.906,  -0.700,  11.806,  -0.400,  12.106
202602260806,  12.473,  11.807,9999.000,9999.000,9999.000,9999.000,9999.000,9999.000,9999.000
202602260812,  12.389,  11.755,9999.000,9999.000,9999.000,9999.000,9999.000,9999.000,9999.000
202602260818,  12.299,  11.666,9999.000,9999.000,9999.000,9999.000,9999.000,9999.000,9999.000
202602260824,  12.202,  11.617,9999.000,9999.000,9999.000,9999.000,9999.000,9999.000,9999.000
202602260830,  12.100,  11.496,9999.000,9999.000,9999.000,9999.000,9999.000,9999.000,9999.000
202602260836,  11.991,  11.407,9999.000,9999.000,9999.000,9999.000,9999.000,9999.000,9999.000
202602260842,  11.877,  11.306,9999.000,9999.000,9999.000,9999.000,9999.000,9999.000,9999.000
202602260848,  11.758,  11.197,9999.000,9999.000,9999.000,9999.000,9999.000,9999.000,9999.000
202602260854,  11.634,  11.076,9999.000,9999.000,9999.000,9999.000,9999.000,9999.000,9999.000
202602260900,  11.506,  10.958,  -0.500,  -0.048,  10.958,  -0.700,  10.758,  -0.400,  11.058
202602260906,  11.375,  10.846,9999.000,9999.000,9999.000,9999.000,9999.000,9999.000,9999.000
202602260912,  11.239,  10.715,9999.000,9999.000,9999.000,9999.000,9999.000,9999.000,9999.000
202602260918,  11.100,  10.577,9999.000,9999.000,9999.000,9999.000,9999.000,9999.000,9999.000
202602260924,  10.959,  10.446,9999.000,9999.000,9999.000,9999.000,9999.000,9999.000,9999.000
202602260930,  10.815,  10.328,9999.000,9999.000,9999.000,9999.000,9999.000,9999.000,9999.000
202602260936,  10.669,  10.217,9999.000,9999.000,9999.000,9999.000,9999.000,9999.000,9999.000
202602260942,  10.522,  10.076,9999.000,9999.000,9999.000,9999.000,9999.000,9999.000,9999.000
202602260948,  10.374,   9.977,9999.000,9999.000,9999.000,9999.000,9999.000,9999.000,9999.000
202602260954,  10.225,   9.836,9999.000,9999.000,9999.000,9999.000,9999.000,9999.000,9999.000
202602261000,  10.076,   9.718,  -0.500,   0.142,   9.718,  -0.600,   9.618,  -0.300,   9.918
202602261006,   9.928,   9.567,9999.000,9999.000,9999.000,9999.000,9999.000,9999.000,9999.000
202602261012,   9.780,   9.397,9999.000,9999.000,9999.000,9999.000,9999.000,9999.000,9999.000
202602261018,   9.634,   9.279,9999.000,9999.000,9999.000,9999.000,9999.000,9999.000,9999.000
202602261024,   9.490,   9.138,9999.000,9999.000,9999.000,9999.000,9999.000,9999.000,9999.000
202602261030,   9.349,   9.036,9999.000,9999.000,9999.000,9999.000,9999.000,9999.000,9999.000
202602261036,   9.211,   8.947,9999.000,9999.000,9999.000,9999.000,9999.000,9999.000,9999.000
202602261042,   9.077,   8.836,9999.000,9999.000,9999.000,9999.000,9999.000,9999.000,9999.000
202602261048,   8.948,   8.757,9999.000,9999.000,9999.000,9999.000,9999.000,9999.000,9999.000
202602261054,   8.824,   8.636,9999.000,9999.000,9999.000,9999.000,9999.000,9999.000,9999.000
202602261100,   8.706,   8.498,  -0.500,   0.292,   8.498,  -0.600,   8.398,  -0.200,   8.798
202602261106,   8.595,   8.377,9999.000,9999.000,9999.000,9999.000,9999.000,9999.000,9999.000
202602261112,   8.491,   8.239,9999.000,9999.000,9999.000,9999.000,9999.000,9999.000,9999.000
202602261118,   8.394,   8.177,9999.000,9999.000,9999.000,9999.000,9999.000,9999.000,9999.000
202602261124,   8.306,   8.078,9999.000,9999.000,9999.000,9999.000,9999.000,9999.000,9999.000
202602261130,   8.227,   8.006,9999.000,9999.000,9999.000,9999.000,9999.000,9999.000,9999.000
202602261136,   8.157,   7.967,9999.000,9999.000,9999.000,9999.000,9999.000,9999.000,9999.000
202602261142,   8.097,   7.898,9999.000,9999.000,9999.000,9999.000,9999.000,9999.000,9999.000
202602261148,   8.047,   7.858,9999.000,9999.000,9999.000,9999.000,9999.000,9999.000,9999.000
202602261154,   8.007,   7.767,9999.000,9999.000,9999.000,9999.000,9999.000,9999.000,9999.000
202602261200,   7.978,   7.707,  -0.300,   0.029,   7.707,  -0.400,   7.607,  -0.200,   7.807
202602261206,   7.960,   7.668,9999.000,9999.000,9999.000,9999.000,9999.000,9999.000,9999.000
202602261212,   7.953,   7.619,9999.000,9999.000,9999.000,9999.000,9999.000,9999.000,9999.000
202602261218,   7.957,   7.609,9999.000,9999.000,9999.000,9999.000,9999.000,9999.000,9999.000
202602261224,   7.972,   7.619,9999.000,9999.000,9999.000,9999.000,9999.000,9999.000,9999.000
202602261230,   7.997,   7.629,9999.000,9999.000,9999.000,9999.000,9999.000,9999.000,9999.000
202602261236,   8.033,   7.668,9999.000,9999.000,9999.000,9999.000,9999.000,9999.000,9999.000
202602261242,   8.079,   7.678,9999.000,9999.000,9999.000,9999.000,9999.000,9999.000,9999.000
202602261248,   8.136,   7.678,9999.000,9999.000,9999.000,9999.000,9999.000,9999.000,9999.000
202602261254,   8.202,   7.698,9999.000,9999.000,9999.000,9999.000,9999.000,9999.000,9999.000
202602261300,   8.278,   7.717,  -0.400,  -0.161,   7.717,  -0.500,   7.617,  -0.200,   7.917
202602261306,   8.362,   7.776,9999.000,9999.000,9999.000,9999.000,9999.000,9999.000,9999.000
202602261312,   8.455,   7.829,9999.000,9999.000,9999.000,9999.000,9999.000,9999.000,9999.000
202602261318,   8.556,   7.917,9999.000,9999.000,9999.000,9999.000,9999.000,9999.000,9999.000
202602261324,   8.665,   8.016,9999.000,9999.000,9999.000,9999.000,9999.000,9999.000,9999.000
202602261330,   8.781,   8.117,9999.000,9999.000,9999.000,9999.000,9999.000,9999.000,9999.000
202602261336,   8.904,   8.216,9999.000,9999.000,9999.000,9999.000,9999.000,9999.000,9999.000
202602261342,   9.034,   8.318,9999.000,9999.000,9999.000,9999.000,9999.000,9999.000,9999.000
202602261348,   9.169,   8.426,9999.000,9999.000,9999.000,9999.000,9999.000,9999.000,9999.000
202602261354,   9.310,   8.527,9999.000,9999.000,9999.000,9999.000,9999.000,9999.000,9999.000
202602261400,   9.456,   8.659,  -0.400,  -0.397,   8.659,  -0.500,   8.559,  -0.300,   8.759
202602261406,   9.608,   8.806,9999.000,9999.000,9999.000,9999.000,9999.000,9999.000,9999.000
202602261412,   9.764,   8.957,9999.000,9999.000,9999.000,9999.000,9999.000,9999.000,9999.000
202602261418,   9.924,   9.088,9999.000,9999.000,9999.000,9999.000,9999.000,9999.000,9999.000
202602261424,  10.088,   9.246,9999.000,9999.000,9999.000,9999.000,9999.000,9999.000,9999.000
202602261430,  10.257,   9.397,9999.000,9999.000,9999.000,9999.000,9999.000,9999.000,9999.000
202602261436,  10.428,   9.528,9999.000,9999.000,9999.000,9999.000,9999.000,9999.000,9999.000
202602261442,  10.604,   9.666,9999.000,9999.000,9999.000,9999.000,9999.000,9999.000,9999.000
202602261448,  10.782,   9.817,9999.000,9999.000,9999.000,9999.000,9999.000,9999.000,9999.000
202602261454,  10.963,   9.997,9999.000,9999.000,9999.000,9999.000,9999.000,9999.000,9999.000
202602261500,  11.147,  10.167,  -0.400,  -0.580,  10.167,  -0.500,  10.067,  -0.300,  10.267
202602261506,  11.333,  10.338,9999.000,9999.000,9999.000,9999.000,9999.000,9999.000,9999.000
202602261512,  11.521,  10.538,9999.000,9999.000,9999.000,9999.000,9999.000,9999.000,9999.000
202602261518,  11.711,  10.738,9999.000,9999.000,9999.000,9999.000,9999.000,9999.000,9999.000
202602261524,  11.902,  10.925,9999.000,9999.000,9999.000,9999.000,9999.000,9999.000,9999.000
202602261530,  12.094,  11.106,9999.000,9999.000,9999.000,9999.000,9999.000,9999.000,9999.000
202602261536,  12.286,  11.296,9999.000,9999.000,9999.000,9999.000,9999.000,9999.000,9999.000
202602261542,  12.479,  11.457,9999.000,9999.000,9999.000,9999.000,9999.000,9999.000,9999.000
202602261548,  12.671,  11.627,9999.000,9999.000,9999.000,9999.000,9999.000,9999.000,9999.000
202602261554,  12.862,  11.807,9999.000,9999.000,9999.000,9999.000,9999.000,9999.000,9999.000
202602261600,  13.052,  11.988,  -0.400,  -0.664,  11.988,  -0.500,  11.888,  -0.300,  12.088
202602261606,  13.239,  12.165,9999.000,9999.000,9999.000,9999.000,9999.000,9999.000,9999.000
202602261612,  13.424,  12.326,9999.000,9999.000,9999.000,9999.000,9999.000,9999.000,9999.000
202602261618,  13.606,  12.516,9999.000,9999.000,9999.000,9999.000,9999.000,9999.000,9999.000
202602261624,  13.785,  12.716,9999.000,9999.000,9999.000,9999.000,9999.000,9999.000,9999.000
202602261630,  13.959,  12.887,9999.000,9999.000,9999.000,9999.000,9999.000,9999.000,9999.000
202602261636,  14.128,  13.057,9999.000,9999.000,9999.000,9999.000,9999.000,9999.000,9999.000
202602261642,  14.291,  13.247,9999.000,9999.000,9999.000,9999.000,9999.000,9999.000,9999.000
202602261648,  14.449,  13.405,9999.000,9999.000,9999.000,9999.000,9999.000,9999.000,9999.000
202602261654,  14.599,  13.536,9999.000,9999.000,9999.000,9999.000,9999.000,9999.000,9999.000
202602261700,  14.743,  13.697,  -0.400,  -0.646,  13.697,  -0.600,  13.497,  -0.300,  13.797
202602261706,  14.880,  13.815,9999.000,9999.000,9999.000,9999.000,9999.000,9999.000,9999.000
202602261712,  15.008,  13.966,9999.000,9999.000,9999.000,9999.000,9999.000,9999.000,9999.000
202602261718,  15.128,  14.067,9999.000,9999.000,9999.000,9999.000,9999.000,9999.000,9999.000
202602261724,  15.239,  14.195,9999.000,9999.000,9999.000,9999.000,9999.000,9999.000,9999.000
202602261730,  15.340,  14.287,9999.000,9999.000,9999.000,9999.000,9999.000,9999.000,9999.000
202602261736,  15.433,  14.356,9999.000,9999.000,9999.000,9999.000,9999.000,9999.000,9999.000
202602261742,  15.515,  14.477,9999.000,9999.000,9999.000,9999.000,9999.000,9999.000,9999.000
202602261748,  15.588,  14.517,9999.000,9999.000,9999.000,9999.000,9999.000,9999.000,9999.000
202602261754,  15.650,  14.605,9999.000,9999.000,9999.000,9999.000,9999.000,9999.000,9999.000
202602261800,  15.701,  14.664,  -0.300,  -0.737,  14.664,  -0.400,  14.564,  -0.200,  14.764
202602261806,  15.743,  14.717,9999.000,9999.000,9999.000,9999.000,9999.000,9999.000,9999.000
202602261812,  15.773,  14.746,9999.000,9999.000,9999.000,9999.000,9999.000,9999.000,9999.000
202602261818,  15.793,  14.746,9999.000,9999.000,9999.000,9999.000,9999.000,9999.000,9999.000
202602261824,  15.801,  14.776,9999.000,9999.000,9999.000,9999.000,9999.000,9999.000,9999.000
202602261830,  15.799,  14.727,9999.000,9999.000,9999.000,9999.000,9999.000,9999.000,9999.000
202602261836,  15.785,  14.746,9999.000,9999.000,9999.000,9999.000,9999.000,9999.000,9999.000
202602261842,  15.760,  14.717,9999.000,9999.000,9999.000,9999.000,9999.000,9999.000,9999.000
202602261848,  15.724,  14.697,9999.000,9999.000,9999.000,9999.000,9999.000,9999.000,9999.000
202602261854,  15.677,  14.655,9999.000,9999.000,9999.000,9999.000,9999.000,9999.000,9999.000
202602261900,  15.619,  14.625,  -0.300,  -0.694,  14.625,  -0.400,  14.525,  -0.200,  14.725
202602261906,  15.550,  14.556,9999.000,9999.000,9999.000,9999.000,9999.000,9999.000,9999.000
202602261912,  15.470,  14.477,9999.000,9999.000,9999.000,9999.000,9999.000,9999.000,9999.000
202602261918,  15.378,  14.366,9999.000,9999.000,9999.000,9999.000,9999.000,9999.000,9999.000
202602261924,  15.276,  14.254,9999.000,9999.000,9999.000,9999.000,9999.000,9999.000,9999.000
202602261930,  15.163,  14.117,9999.000,9999.000,9999.000,9999.000,9999.000,9999.000,9999.000
202602261936,  15.040,  14.005,9999.000,9999.000,9999.000,9999.000,9999.000,9999.000,9999.000
202602261942,  14.906,  13.867,9999.000,9999.000,9999.000,9999.000,9999.000,9999.000,9999.000
202602261948,  14.761,  13.736,9999.000,9999.000,9999.000,9999.000,9999.000,9999.000,9999.000
202602261954,  14.607,  13.605,9999.000,9999.000,9999.000,9999.000,9999.000,9999.000,9999.000
202602262000,  14.442,  13.477,  -0.200,  -0.765,  13.477,  -0.300,  13.377,  -0.100,  13.577
202602262006,  14.268,  13.306,9999.000,9999.000,9999.000,9999.000,9999.000,9999.000,9999.000
202602262012,  14.085,  13.097,9999.000,9999.000,9999.000,9999.000,9999.000,9999.000,9999.000
202602262018,  13.892,  12.916,9999.000,9999.000,9999.000,9999.000,9999.000,9999.000,9999.000
202602262024,  13.691,  12.716,9999.000,9999.000,9999.000,9999.000,9999.000,9999.000,9999.000
202602262030,  13.481,  12.477,9999.000,9999.000,9999.000,9999.000,9999.000,9999.000,9999.000
202602262036,  13.263,  12.237,9999.000,9999.000,9999.000,9999.000,9999.000,9999.000,9999.000
202602262042,  13.037,  12.047,9999.000,9999.000,9999.000,9999.000,9999.000,9999.000,9999.000
202602262048,  12.803,  11.807,9999.000,9999.000,9999.000,9999.000,9999.000,9999.000,9999.000
202602262054,  12.562,  11.598,9999.000,9999.000,9999.000,9999.000,9999.000,9999.000,9999.000
202602262100,  12.315,  11.345,  -0.200,  -0.770,  11.345,  -0.200,  11.345,  -0.100,  11.445
202602262106,  12.061,  11.125,9999.000,9999.000,9999.000,9999.000,9999.000,9999.000,9999.000
202602262112,  11.801,  10.846,9999.000,9999.000,9999.000,9999.000,9999.000,9999.000,9999.000
202602262118,  11.535,  10.558,9999.000,9999.000,9999.000,9999.000,9999.000,9999.000,9999.000
202602262124,  11.264,  10.286,9999.000,9999.000,9999.000,9999.000,9999.000,9999.000,9999.000
202602262130,  10.988,  10.036,9999.000,9999.000,9999.000,9999.000,9999.000,9999.000,9999.000
202602262136,  10.707,   9.777,9999.000,9999.000,9999.000,9999.000,9999.000,9999.000,9999.000
202602262142,  10.422,   9.518,9999.000,9999.000,9999.000,9999.000,9999.000,9999.000,9999.000
202602262148,  10.133,   9.265,9999.000,9999.000,9999.000,9999.000,9999.000,9999.000,9999.000
202602262154,   9.841,   8.987,9999.000,9999.000,9999.000,9999.000,9999.000,9999.000,9999.000
202602262200,   9.546,   8.688,  -0.200,  -0.658,   8.688,  -0.200,   8.688,  -0.100,   8.788
202602262206,   9.248,   8.377,9999.000,9999.000,9999.000,9999.000,9999.000,9999.000,9999.000
202602262212,   8.948,   8.088,9999.000,9999.000,9999.000,9999.000,9999.000,9999.000,9999.000
202602262218,   8.646,   7.796,9999.000,9999.000,9999.000,9999.000,9999.000,9999.000,9999.000
202602262224,   8.344,   7.507,9999.000,9999.000,9999.000,9999.000,9999.000,9999.000,9999.000
202602262230,   8.041,   7.258,9999.000,9999.000,9999.000,9999.000,9999.000,9999.000,9999.000
202602262236,   7.737,   6.989,9999.000,9999.000,9999.000,9999.000,9999.000,9999.000,9999.000
202602262242,   7.435,   6.727,9999.000,9999.000,9999.000,9999.000,9999.000,9999.000,9999.000
202602262248,   7.133,   6.438,9999.000,9999.000,9999.000,9999.000,9999.000,9999.000,9999.000
202602262254,   6.834,   6.149,9999.000,9999.000,9999.000,9999.000,9999.000,9999.000,9999.000
202602262300,   6.537,   5.858,  -0.200,  -0.479,   5.858,  -0.300,   5.758,  -0.100,   5.958
202602262306,   6.243,   5.569,9999.000,9999.000,9999.000,9999.000,9999.000,9999.000,9999.000
202602262312,   5.954,   5.297,9999.000,9999.000,9999.000,9999.000,9999.000,9999.000,9999.000
202602262318,   5.669,   5.028,9999.000,9999.000,9999.000,9999.000,9999.000,9999.000,9999.000
202602262324,   5.389,   4.769,9999.000,9999.000,9999.000,9999.000,9999.000,9999.000,9999.000
202602262330,   5.116,   4.519,9999.000,9999.000,9999.000,9999.000,9999.000,9999.000,9999.000
202602262336,   4.850,   4.267,9999.000,9999.000,9999.000,9999.000,9999.000,9999.000,9999.000
202602262342,   4.592,   4.027,9999.000,9999.000,9999.000,9999.000,9999.000,9999.000,9999.000
202602262348,   4.343,   3.798,9999.000,9999.000,9999.000,9999.000,9999.000,9999.000,9999.000
202602262354,   4.102,9999.000,9999.000,9999.000,9999.000,9999.000,9999.000,9999.000,9999.000
202602270000,   3.872,   3.089,  -0.300,  -0.483,   3.089,  -0.400,   2.989,  -0.200,   3.189
202602270006,   3.652,   3.089,9999.000,9999.000,9999.000,9999.000,9999.000,9999.000,9999.000
202602270012,   3.443,   2.899,9999.000,9999.000,9999.000,9999.000,9999.000,9999.000,9999.000
202602270018,   3.245,   2.709,9999.000,9999.000,9999.000,9999.000,9999.000,9999.000,9999.000
202602270024,   3.060,   2.499,9999.000,9999.000,9999.000,9999.000,9999.000,9999.000,9999.000
202602270030,   2.887,   2.368,9999.000,9999.000,9999.000,9999.000,9999.000,9999.000,9999.000
202602270036,   2.727,   2.200,9999.000,9999.000,9999.000,9999.000,9999.000,9999.000,9999.000
202602270042,   2.580,   2.059,9999.000,9999.000,9999.000,9999.000,9999.000,9999.000,9999.000
202602270048,   2.446,   1.879,9999.000,9999.000,9999.000,9999.000,9999.000,9999.000,9999.000
202602270054,   2.326,   1.728,9999.000,9999.000,9999.000,9999.000,9999.000,9999.000,9999.000
202602270100,   2.219,   1.590,  -0.400,  -0.229,   1.590,  -0.500,   1.490,  -0.300,   1.690
202602270106,   2.126,   1.459,9999.000,9999.000,9999.000,9999.000,9999.000,9999.000,9999.000
202602270112,   2.046,   1.348,9999.000,9999.000,9999.000,9999.000,9999.000,9999.000,9999.000
202602270118,   1.980,   1.279,9999.000,9999.000,9999.000,9999.000,9999.000,9999.000,9999.000
202602270124,   1.927,   1.220,9999.000,9999.000,9999.000,9999.000,9999.000,9999.000,9999.000
202602270130,   1.888,   1.180,9999.000,9999.000,9999.000,9999.000,9999.000,9999.000,9999.000
202602270136,   1.861,   1.138,9999.000,9999.000,9999.000,9999.000,9999.000,9999.000,9999.000
202602270142,   1.847,   1.108,9999.000,9999.000,9999.000,9999.000,9999.000,9999.000,9999.000
202602270148,   1.846,   1.069,9999.000,9999.000,9999.000,9999.000,9999.000,9999.000,9999.000
202602270154,   1.858,   1.049,9999.000,9999.000,9999.000,9999.000,9999.000,9999.000,9999.000
202602270200,   1.882,   1.029,  -0.400,  -0.453,   1.029,  -0.500,   0.929,  -0.400,   1.029
202602270206,   1.917,   1.029,9999.000,9999.000,9999.000,9999.000,9999.000,9999.000,9999.000
202602270212,   1.965,   1.049,9999.000,9999.000,9999.000,9999.000,9999.000,9999.000,9999.000
202602270218,   2.025,   1.088,9999.000,9999.000,9999.000,9999.000,9999.000,9999.000,9999.000
202602270224,   2.096,   1.138,9999.000,9999.000,9999.000,9999.000,9999.000,9999.000,9999.000
202602270230,   2.179,   1.190,9999.000,9999.000,9999.000,9999.000,9999.000,9999.000,9999.000
202602270236,   2.273,   1.259,9999.000,9999.000,9999.000,9999.000,9999.000,9999.000,9999.000
202602270242,   2.379,   1.348,9999.000,9999.000,9999.000,9999.000,9999.000,9999.000,9999.000
202602270248,   2.495,   1.439,9999.000,9999.000,9999.000,9999.000,9999.000,9999.000,9999.000
202602270254,   2.623,   1.557,9999.000,9999.000,9999.000,9999.000,9999.000,9999.000,9999.000
202602270300,   2.762,   1.689,  -0.500,  -0.573,   1.689,  -0.500,   1.689,  -0.400,   1.789
202602270306,   2.911,   1.830,9999.000,9999.000,9999.000,9999.000,9999.000,9999.000,9999.000
202602270312,   3.071,   2.000,9999.000,9999.000,9999.000,9999.000,9999.000,9999.000,9999.000
202602270318,   3.242,   2.138,9999.000,9999.000,9999.000,9999.000,9999.000,9999.000,9999.000
202602270324,   3.422,   2.299,9999.000,9999.000,9999.000,9999.000,9999.000,9999.000,9999.000
202602270330,   3.613,   2.469,9999.000,9999.000,9999.000,9999.000,9999.000,9999.000,9999.000
202602270336,   3.814,   2.660,9999.000,9999.000,9999.000,9999.000,9999.000,9999.000,9999.000
202602270342,   4.024,   2.840,9999.000,9999.000,9999.000,9999.000,9999.000,9999.000,9999.000
202602270348,   4.244,   3.050,9999.000,9999.000,9999.000,9999.000,9999.000,9999.000,9999.000
202602270354,   4.472,   3.270,9999.000,9999.000,9999.000,9999.000,9999.000,9999.000,9999.000
202602270400,   4.709,   3.519,  -0.500,  -0.690,   3.519,  -0.600,   3.419,  -0.500,   3.519
202602270406,   4.954,   3.758,9999.000,9999.000,9999.000,9999.000,9999.000,9999.000,9999.000
202602270412,   5.206,   3.978,9999.000,9999.000,9999.000,9999.000,9999.000,9999.000,9999.000
202602270418,   5.466,   4.267,9999.000,9999.000,9999.000,9999.000,9999.000,9999.000,9999.000
202602270424,   5.731,   4.519,9999.000,9999.000,9999.000,9999.000,9999.000,9999.000,9999.000
202602270430,   6.002,   4.778,9999.000,9999.000,9999.000,9999.000,9999.000,9999.000,9999.000
202602270436,   6.279,   5.038,9999.000,9999.000,9999.000,9999.000,9999.000,9999.000,9999.000
202602270442,   6.559,   5.307,9999.000,9999.000,9999.000,9999.000,9999.000,9999.000,9999.000
202602270448,   6.843,   5.579,9999.000,9999.000,9999.000,9999.000,9999.000,9999.000,9999.000
202602270454,   7.130,   5.858,9999.000,9999.000,9999.000,9999.000,9999.000,9999.000,9999.000
202602270500,   7.420,   6.136,  -0.600,  -0.684,   6.136,  -0.700,   6.036,  -0.500,   6.236
202602270506,   7.710,   6.428,9999.000,9999.000,9999.000,9999.000,9999.000,9999.000,9999.000
202602270512,   8.001,   6.707,9999.000,9999.000,9999.000,9999.000,9999.000,9999.000,9999.000
202602270518,   8.292,   6.999,9999.000,9999.000,9999.000,9999.000,9999.000,9999.000,9999.000
202602270524,   8.582,   7.268,9999.000,9999.000,9999.000,9999.000,9999.000,9999.000,9999.000
202602270530,   8.871,   7.586,9999.000,9999.000,9999.000,9999.000,9999.000,9999.000,9999.000
202602270536,   9.157,   7.839,9999.000,9999.000,9999.000,9999.000,9999.000,9999.000,9999.000
202602270542,   9.441,   8.127,9999.000,9999.000,9999.000,9999.000,9999.000,9999.000,9999.000
202602270548,   9.721,   8.406,9999.000,9999.000,9999.000,9999.000,9999.000,9999.000,9999.000
202602270554,   9.997,   8.708,9999.000,9999.000,9999.000,9999.000,9999.000,9999.000,9999.000
202602270600,  10.267,   8.997,  -0.600,  -0.670,   8.997,  -0.700,   8.897,  -0.600,   8.997
202602270606,  10.533,   9.236,9999.000,9999.000,9999.000,9999.000,9999.000,9999.000,9999.000
202602270612,  10.792,   9.498,9999.000,9999.000,9999.000,9999.000,9999.000,9999.000,9999.000
202602270618,  11.045,   9.757,9999.000,9999.000,9999.000,9999.000,9999.000,9999.000,9999.000
202602270624,  11.292,  10.007,9999.000,9999.000,9999.000,9999.000,9999.000,9999.000,9999.000
202602270630,  11.530,  10.246,9999.000,9999.000,9999.000,9999.000,9999.000,9999.000,9999.000
202602270636,  11.761,  10.495,9999.000,9999.000,9999.000,9999.000,9999.000,9999.000,9999.000
202602270642,  11.983,  10.728,9999.000,9999.000,9999.000,9999.000,9999.000,9999.000,9999.000
202602270648,  12.197,  10.948,9999.000,9999.000,9999.000,9999.000,9999.000,9999.000,9999.000
202602270654,  12.401,  11.168,9999.000,9999.000,9999.000,9999.000,9999.000,9999.000,9999.000
202602270700,  12.596,  11.397,  -0.600,  -0.599,  11.397,  -0.700,  11.297,  -0.600,  11.397
202602270706,  12.781,  11.588,9999.000,9999.000,9999.000,9999.000,9999.000,9999.000,9999.000
202602270712,  12.955,  11.778,9999.000,9999.000,9999.000,9999.000,9999.000,9999.000,9999.000
202602270718,  13.119,  11.978,9999.000,9999.000,9999.000,9999.000,9999.000,9999.000,9999.000
202602270724,  13.273,  12.135,9999.000,9999.000,9999.000,9999.000,9999.000,9999.000,9999.000
202602270730,  13.415,  12.326,9999.000,9999.000,9999.000,9999.000,9999.000,9999.000,9999.000
202602270736,  13.545,  12.477,9999.000,9999.000,9999.000,9999.000,9999.000,9999.000,9999.000
202602270742,  13.664,  12.595,9999.000,9999.000,9999.000,9999.000,9999.000,9999.000,9999.000
202602270748,  13.771,  12.716,9999.000,9999.000,9999.000,9999.000,9999.000,9999.000,9999.000
202602270754,  13.867,  12.837,9999.000,9999.000,9999.000,9999.000,9999.000,9999.000,9999.000
202602270800,  13.950,  12.926,  -0.600,  -0.424,  12.926,  -0.700,  12.826,  -0.500,  13.026
202602270806,  14.020,  13.005,9999.000,9999.000,9999.000,9999.000,9999.000,9999.000,9999.000
202602270812,  14.079,  13.077,9999.000,9999.000,9999.000,9999.000,9999.000,9999.000,9999.000
202602270818,  14.125,  13.156,9999.000,9999.000,9999.000,9999.000,9999.000,9999.000,9999.000
202602270824,  14.159,  13.205,9999.000,9999.000,9999.000,9999.000,9999.000,9999.000,9999.000
202602270830,  14.180,  13.238,9999.000,9999.000,9999.000,9999.000,9999.000,9999.000,9999.000
202602270836,  14.189,  13.267,9999.000,9999.000,9999.000,9999.000,9999.000,9999.000,9999.000
202602270842,  14.186,  13.247,9999.000,9999.000,9999.000,9999.000,9999.000,9999.000,9999.000
202602270848,  14.171,  13.238,9999.000,9999.000,9999.000,9999.000,9999.000,9999.000,9999.000
202602270854,  14.144,  13.257,9999.000,9999.000,9999.000,9999.000,9999.000,9999.000,9999.000
202602270900,  14.105,  13.228,  -0.600,  -0.277,  13.228,  -0.700,  13.128,  -0.500,  13.328
202602270906,  14.055,  13.185,9999.000,9999.000,9999.000,9999.000,9999.000,9999.000,9999.000
202602270912,  13.993,  13.126,9999.000,9999.000,9999.000,9999.000,9999.000,9999.000,9999.000
202602270918,  13.921,  13.077,9999.000,9999.000,9999.000,9999.000,9999.000,9999.000,9999.000
202602270924,  13.837,  13.037,9999.000,9999.000,9999.000,9999.000,9999.000,9999.000,9999.000
202602270930,  13.743,  12.926,9999.000,9999.000,9999.000,9999.000,9999.000,9999.000,9999.000
202602270936,  13.639,  12.847,9999.000,9999.000,9999.000,9999.000,9999.000,9999.000,9999.000
202602270942,  13.525,  12.755,9999.000,9999.000,9999.000,9999.000,9999.000,9999.000,9999.000
202602270948,  13.401,  12.647,9999.000,9999.000,9999.000,9999.000,9999.000,9999.000,9999.000
202602270954,  13.268,  12.496,9999.000,9999.000,9999.000,9999.000,9999.000,9999.000,9999.000
202602271000,  13.126,  12.365,  -0.700,  -0.061,  12.365,  -0.800,  12.265,  -0.600,  12.465
202602271006,  12.975,  12.227,9999.000,9999.000,9999.000,9999.000,9999.000,9999.000,9999.000
202602271012,  12.817,  12.106,9999.000,9999.000,9999.000,9999.000,9999.000,9999.000,9999.000
202602271018,  12.650,  11.978,9999.000,9999.000,9999.000,9999.000,9999.000,9999.000,9999.000
202602271024,  12.477,  11.847,9999.000,9999.000,9999.000,9999.000,9999.000,9999.000,9999.000
202602271030,  12.297,  11.706,9999.000,9999.000,9999.000,9999.000,9999.000,9999.000,9999.000
202602271036,  12.110,  11.545,9999.000,9999.000,9999.000,9999.000,9999.000,9999.000,9999.000
202602271042,  11.918,  11.397,9999.000,9999.000,9999.000,9999.000,9999.000,9999.000,9999.000
202602271048,  11.720,  11.197,9999.000,9999.000,9999.000,9999.000,9999.000,9999.000,9999.000
202602271054,  11.518,  11.027,9999.000,9999.000,9999.000,9999.000,9999.000,9999.000,9999.000
202602271100,  11.312,  10.807,  -0.700,   0.195,  10.807,  -0.800,  10.707,  -0.600,  10.907
202602271106,  11.103,  10.637,9999.000,9999.000,9999.000,9999.000,9999.000,9999.000,9999.000
202602271112,  10.892,  10.436,9999.000,9999.000,9999.000,9999.000,9999.000,9999.000,9999.000
202602271118,  10.678,  10.246,9999.000,9999.000,9999.000,9999.000,9999.000,9999.000,9999.000
202602271124,  10.464,  10.066,9999.000,9999.000,9999.000,9999.000,9999.000,9999.000,9999.000
202602271130,  10.250,   9.866,9999.000,9999.000,9999.000,9999.000,9999.000,9999.000,9999.000
202602271136,  10.036,   9.675,9999.000,9999.000,9999.000,9999.000,9999.000,9999.000,9999.000
202602271142,   9.824,   9.466,9999.000,9999.000,9999.000,9999.000,9999.000,9999.000,9999.000
202602271148,   9.615,   9.279,9999.000,9999.000,9999.000,9999.000,9999.000,9999.000,9999.000
202602271154,   9.409,   9.079,9999.000,9999.000,9999.000,9999.000,9999.000,9999.000,9999.000
202602271200,   9.208,   8.859,  -0.800,   0.451,   8.859,  -0.800,   8.859,  -0.700,   8.959
202602271206,   9.011,   8.678,9999.000,9999.000,9999.000,9999.000,9999.000,9999.000,9999.000
202602271212,   8.821,   8.508,9999.000,9999.000,9999.000,9999.000,9999.000,9999.000,9999.000
202602271218,   8.637,   8.318,9999.000,9999.000,9999.000,9999.000,9999.000,9999.000,9999.000
202602271224,   8.461,   8.117,9999.000,9999.000,9999.000,9999.000,9999.000,9999.000,9999.000
202602271230,   8.294,   7.917,9999.000,9999.000,9999.000,9999.000,9999.000,9999.000,9999.000
202602271236,   8.135,   7.757,9999.000,9999.000,9999.000,9999.000,9999.000,9999.000,9999.000
202602271242,   7.987,   7.576,9999.000,9999.000,9999.000,9999.000,9999.000,9999.000,9999.000
202602271248,   7.849,   7.399,9999.000,9999.000,9999.000,9999.000,9999.000,9999.000,9999.000
202602271254,   7.721,   7.248,9999.000,9999.000,9999.000,9999.000,9999.000,9999.000,9999.000
202602271300,   7.605,   7.097,  -0.900,   0.392,   7.097,  -0.900,   7.097,  -0.800,   7.197
202602271306,   7.501,   6.966,9999.000,9999.000,9999.000,9999.000,9999.000,9999.000,9999.000
202602271312,   7.409,   6.848,9999.000,9999.000,9999.000,9999.000,9999.000,9999.000,9999.000
202602271318,   7.329,   6.737,9999.000,9999.000,9999.000,9999.000,9999.000,9999.000,9999.000
202602271324,   7.261,   6.638,9999.000,9999.000,9999.000,9999.000,9999.000,9999.000,9999.000
202602271330,   7.206,   6.556,9999.000,9999.000,9999.000,9999.000,9999.000,9999.000,9999.000
202602271336,   7.163,   6.458,9999.000,9999.000,9999.000,9999.000,9999.000,9999.000,9999.000
202602271342,   7.133,   6.399,9999.000,9999.000,9999.000,9999.000,9999.000,9999.000,9999.000
202602271348,   7.115,   6.327,9999.000,9999.000,9999.000,9999.000,9999.000,9999.000,9999.000
202602271354,   7.109,   6.268,9999.000,9999.000,9999.000,9999.000,9999.000,9999.000,9999.000
202602271400,   7.116,   6.228,  -0.900,   0.012,   6.228,  -1.000,   6.128,  -0.800,   6.328
202602271406,   7.134,   6.209,9999.000,9999.000,9999.000,9999.000,9999.000,9999.000,9999.000
202602271412,   7.164,   6.209,9999.000,9999.000,9999.000,9999.000,9999.000,9999.000,9999.000
202602271418,   7.206,   6.199,9999.000,9999.000,9999.000,9999.000,9999.000,9999.000,9999.000
202602271424,   7.258,   6.209,9999.000,9999.000,9999.000,9999.000,9999.000,9999.000,9999.000
202602271430,   7.322,   6.258,9999.000,9999.000,9999.000,9999.000,9999.000,9999.000,9999.000
202602271436,   7.397,   6.317,9999.000,9999.000,9999.000,9999.000,9999.000,9999.000,9999.000
202602271442,   7.482,   6.399,9999.000,9999.000,9999.000,9999.000,9999.000,9999.000,9999.000
202602271448,   7.577,   6.477,9999.000,9999.000,9999.000,9999.000,9999.000,9999.000,9999.000
202602271454,   7.682,   6.599,9999.000,9999.000,9999.000,9999.000,9999.000,9999.000,9999.000
202602271500,   7.797,   6.727,  -1.000,  -0.070,   6.727,  -1.100,   6.627,  -0.800,   6.927
202602271506,   7.922,   6.848,9999.000,9999.000,9999.000,9999.000,9999.000,9999.000,9999.000
202602271512,   8.056,   6.947,9999.000,9999.000,9999.000,9999.000,9999.000,9999.000,9999.000
202602271518,   8.199,   7.088,9999.000,9999.000,9999.000,9999.000,9999.000,9999.000,9999.000
202602271524,   8.351,   7.238,9999.000,9999.000,9999.000,9999.000,9999.000,9999.000,9999.000
202602271530,   8.512,   7.399,9999.000,9999.000,9999.000,9999.000,9999.000,9999.000,9999.000
202602271536,   8.681,   7.557,9999.000,9999.000,9999.000,9999.000,9999.000,9999.000,9999.000
202602271542,   8.858,   7.757,9999.000,9999.000,9999.000,9999.000,9999.000,9999.000,9999.000
202602271548,   9.043,   7.957,9999.000,9999.000,9999.000,9999.000,9999.000,9999.000,9999.000
202602271554,   9.236,   8.127,9999.000,9999.000,9999.000,9999.000,9999.000,9999.000,9999.000
202602271600,   9.436,   8.337,  -1.000,  -0.099,   8.337,  -1.100,   8.237,  -0.900,   8.437
202602271606,   9.643,   8.557,9999.000,9999.000,9999.000,9999.000,9999.000,9999.000,9999.000
202602271612,   9.856,   8.757,9999.000,9999.000,9999.000,9999.000,9999.000,9999.000,9999.000
202602271618,  10.075,   8.977,9999.000,9999.000,9999.000,9999.000,9999.000,9999.000,9999.000
202602271624,  10.300,   9.206,9999.000,9999.000,9999.000,9999.000,9999.000,9999.000,9999.000
202602271630,  10.529,   9.446,9999.000,9999.000,9999.000,9999.000,9999.000,9999.000,9999.000
202602271636,  10.763,   9.675,9999.000,9999.000,9999.000,9999.000,9999.000,9999.000,9999.000
202602271642,  11.000,   9.918,9999.000,9999.000,9999.000,9999.000,9999.000,9999.000,9999.000
202602271648,  11.241,  10.158,9999.000,9999.000,9999.000,9999.000,9999.000,9999.000,9999.000
202602271654,  11.484,  10.397,9999.000,9999.000,9999.000,9999.000,9999.000,9999.000,9999.000
202602271700,  11.728,  10.637,  -1.000,  -0.091,  10.637,  -1.100,  10.537,  -0.800,  10.837
202602271706,  11.974,  10.866,9999.000,9999.000,9999.000,9999.000,9999.000,9999.000,9999.000
202602271712,  12.219,  11.106,9999.000,9999.000,9999.000,9999.000,9999.000,9999.000,9999.000
202602271718,  12.464,  11.345,9999.000,9999.000,9999.000,9999.000,9999.000,9999.000,9999.000
202602271724,  12.708,  11.598,9999.000,9999.000,9999.000,9999.000,9999.000,9999.000,9999.000
202602271730,  12.949,  11.847,9999.000,9999.000,9999.000,9999.000,9999.000,9999.000,9999.000
202602271736,  13.188,  12.096,9999.000,9999.000,9999.000,9999.000,9999.000,9999.000,9999.000
202602271742,  13.423,  12.345,9999.000,9999.000,9999.000,9999.000,9999.000,9999.000,9999.000
202602271748,  13.653,  12.585,9999.000,9999.000,9999.000,9999.000,9999.000,9999.000,9999.000
202602271754,  13.879,  12.818,9999.000,9999.000,9999.000,9999.000,9999.000,9999.000,9999.000
202602271800,  14.099,  13.057,  -0.800,  -0.242,  13.057,  -0.900,  12.957,  -0.700,  13.157
202602271806,  14.312,  13.306,9999.000,9999.000,9999.000,9999.000,9999.000,9999.000,9999.000
202602271812,  14.519,  13.526,9999.000,9999.000,9999.000,9999.000,9999.000,9999.000,9999.000
202602271818,  14.717,  13.736,9999.000,9999.000,9999.000,9999.000,9999.000,9999.000,9999.000
202602271824,  14.908,  13.946,9999.000,9999.000,9999.000,9999.000,9999.000,9999.000,9999.000
202602271830,  15.090,  14.146,9999.000,9999.000,9999.000,9999.000,9999.000,9999.000,9999.000
202602271836,  15.263,  14.346,9999.000,9999.000,9999.000,9999.000,9999.000,9999.000,9999.000
202602271842,  15.426,  14.507,9999.000,9999.000,9999.000,9999.000,9999.000,9999.000,9999.000
202602271848,  15.579,  14.687,9999.000,9999.000,9999.000,9999.000,9999.000,9999.000,9999.000
202602271854,  15.722,  14.825,9999.000,9999.000,9999.000,9999.000,9999.000,9999.000,9999.000
202602271900,  15.853,  14.966,  -0.800,  -0.087,  14.966,  -0.900,  14.866,  -0.700,  15.066
202602271906,  15.974,  15.074,9999.000,9999.000,9999.000,9999.000,9999.000,9999.000,9999.000
202602271912,  16.083,  15.196,9999.000,9999.000,9999.000,9999.000,9999.000,9999.000,9999.000
202602271918,  16.179,  15.294,9999.000,9999.000,9999.000,9999.000,9999.000,9999.000,9999.000
202602271924,  16.264,  15.376,9999.000,9999.000,9999.000,9999.000,9999.000,9999.000,9999.000
202602271930,  16.336,  15.435,9999.000,9999.000,9999.000,9999.000,9999.000,9999.000,9999.000
202602271936,  16.395,  15.494,9999.000,9999.000,9999.000,9999.000,9999.000,9999.000,9999.000
202602271942,  16.442,  15.547,9999.000,9999.000,9999.000,9999.000,9999.000,9999.000,9999.000
202602271948,  16.475,  15.576,9999.000,9999.000,9999.000,9999.000,9999.000,9999.000,9999.000
202602271954,  16.495,  15.596,9999.000,9999.000,9999.000,9999.000,9999.000,9999.000,9999.000
202602272000,  16.501,  15.616,  -0.800,  -0.085,  15.616,  -0.900,  15.516,  -0.700,  15.716
202602272006,  16.493,  15.596,9999.000,9999.000,9999.000,9999.000,9999.000,9999.000,9999.000
202602272012,  16.472,  15.547,9999.000,9999.000,9999.000,9999.000,9999.000,9999.000,9999.000
202602272018,  16.437,  15.475,9999.000,9999.000,9999.000,9999.000,9999.000,9999.000,9999.000
202602272024,  16.387,  15.406,9999.000,9999.000,9999.000,9999.000,9999.000,9999.000,9999.000
202602272030,  16.324,  15.327,9999.000,9999.000,9999.000,9999.000,9999.000,9999.000,9999.000
202602272036,  16.247,  15.225,9999.000,9999.000,9999.000,9999.000,9999.000,9999.000,9999.000
202602272042,  16.156,  15.107,9999.000,9999.000,9999.000,9999.000,9999.000,9999.000,9999.000
202602272048,  16.051,  14.976,9999.000,9999.000,9999.000,9999.000,9999.000,9999.000,9999.000
202602272054,  15.932,  14.845,9999.000,9999.000,9999.000,9999.000,9999.000,9999.000,9999.000
202602272100,  15.799,  14.707,  -0.800,  -0.292,  14.707,  -0.900,  14.607,  -0.700,  14.807
202602272106,  15.653,  14.527,9999.000,9999.000,9999.000,9999.000,9999.000,9999.000,9999.000
202602272112,  15.493,  14.317,9999.000,9999.000,9999.000,9999.000,9999.000,9999.000,9999.000
202602272118,  15.321,  14.126,9999.000,9999.000,9999.000,9999.000,9999.000,9999.000,9999.000
202602272124,  15.135,  13.917,9999.000,9999.000,9999.000,9999.000,9999.000,9999.000,9999.000
202602272130,  14.937,  13.687,9999.000,9999.000,9999.000,9999.000,9999.000,9999.000,9999.000
202602272136,  14.726,  13.467,9999.000,9999.000,9999.000,9999.000,9999.000,9999.000,9999.000
202602272142,  14.503,  13.215,9999.000,9999.000,9999.000,9999.000,9999.000,9999.000,9999.000
202602272148,  14.268,  12.965,9999.000,9999.000,9999.000,9999.000,9999.000,9999.000,9999.000
202602272154,  14.022,  12.687,9999.000,9999.000,9999.000,9999.000,9999.000,9999.000,9999.000
202602272200,  13.764,  12.408,  -0.700,  -0.656,  12.408,  -0.800,  12.308,  -0.700,  12.408
202602272206,  13.496,  12.116,9999.000,9999.000,9999.000,9999.000,9999.000,9999.000,9999.000
202602272212,  13.217,  11.827,9999.000,9999.000,9999.000,9999.000,9999.000,9999.000,9999.000
202602272218,  12.928,  11.496,9999.000,9999.000,9999.000,9999.000,9999.000,9999.000,9999.000
202602272224,  12.629,  11.197,9999.000,9999.000,9999.000,9999.000,9999.000,9999.000,9999.000
202602272230,  12.321,  10.896,9999.000,9999.000,9999.000,9999.000,9999.000,9999.000,9999.000
202602272236,  12.004,  10.568,9999.000,9999.000,9999.000,9999.000,9999.000,9999.000,9999.000
202602272242,  11.678,  10.236,9999.000,9999.000,9999.000,9999.000,9999.000,9999.000,9999.000
202602272248,  11.344,   9.899,9999.000,9999.000,9999.000,9999.000,9999.000,9999.000,9999.000
202602272254,  11.003,   9.577,9999.000,9999.000,9999.000,9999.000,9999.000,9999.000,9999.000
202602272300,  10.655,   9.226,  -0.800,  -0.629,   9.226,  -0.800,   9.226,  -0.700,   9.326
202602272306,  10.301,   8.869,9999.000,9999.000,9999.000,9999.000,9999.000,9999.000,9999.000
202602272312,   9.941,   8.547,9999.000,9999.000,9999.000,9999.000,9999.000,9999.000,9999.000
202602272318,   9.576,   8.206,9999.000,9999.000,9999.000,9999.000,9999.000,9999.000,9999.000
202602272324,   9.206,   7.849,9999.000,9999.000,9999.000,9999.000,9999.000,9999.000,9999.000
202602272330,   8.833,   7.498,9999.000,9999.000,9999.000,9999.000,9999.000,9999.000,9999.000
202602272336,   8.458,   7.156,9999.000,9999.000,9999.000,9999.000,9999.000,9999.000,9999.000
202602272342,   8.080,   6.809,9999.000,9999.000,9999.000,9999.000,9999.000,9999.000,9999.000
202602272348,   7.702,   6.448,9999.000,9999.000,9999.000,9999.000,9999.000,9999.000,9999.000
202602272354,   7.323,9999.000,9999.000,9999.000,9999.000,9999.000,9999.000,9999.000,9999.000
202602280000,   6.945,   5.418,  -0.800,  -0.727,   5.418,  -0.900,   5.318,  -0.800,   5.418
202602280006,   6.569,   5.418,9999.000,9999.000,9999.000,9999.000,9999.000,9999.000,9999.000
202602280012,   6.196,   5.077,9999.000,9999.000,9999.000,9999.000,9999.000,9999.000,9999.000
202602280018,   5.827,   4.729,9999.000,9999.000,9999.000,9999.000,9999.000,9999.000,9999.000
202602280024,   5.463,   4.388,9999.000,9999.000,9999.000,9999.000,9999.000,9999.000,9999.000
202602280030,   5.105,   4.057,9999.000,9999.000,9999.000,9999.000,9999.000,9999.000,9999.000
202602280036,   4.754,   3.709,9999.000,9999.000,9999.000,9999.000,9999.000,9999.000,9999.000
202602280042,   4.411,   3.378,9999.000,9999.000,9999.000,9999.000,9999.000,9999.000,9999.000
202602280048,   4.077,   3.060,9999.000,9999.000,9999.000,9999.000,9999.000,9999.000,9999.000
202602280054,   3.753,   2.748,9999.000,9999.000,9999.000,9999.000,9999.000,9999.000,9999.000
202602280100,   3.440,   2.450,  -0.900,  -0.090,   2.450,  -0.900,   2.450,  -0.900,   2.450
202602280106,   3.139,   2.191,9999.000,9999.000,9999.000,9999.000,9999.000,9999.000,9999.000
202602280112,   2.850,   1.889,9999.000,9999.000,9999.000,9999.000,9999.000,9999.000,9999.000
202602280118,   2.575,   1.620,9999.000,9999.000,9999.000,9999.000,9999.000,9999.000,9999.000
202602280124,   2.314,   1.371,9999.000,9999.000,9999.000,9999.000,9999.000,9999.000,9999.000
202602280130,   2.068,   1.151,9999.000,9999.000,9999.000,9999.000,9999.000,9999.000,9999.000
202602280136,   1.836,   0.908,9999.000,9999.000,9999.000,9999.000,9999.000,9999.000,9999.000
202602280142,   1.621,   0.688,9999.000,9999.000,9999.000,9999.000,9999.000,9999.000,9999.000
202602280148,   1.421,   0.488,9999.000,9999.000,9999.000,9999.000,9999.000,9999.000,9999.000
202602280154,   1.237,   0.298,9999.000,9999.000,9999.000,9999.000,9999.000,9999.000,9999.000
202602280200,   1.071,   0.121,  -0.900,  -0.050,   0.121,  -1.000,   0.021,  -0.800,   0.221
202602280206,   0.921,  -0.029,9999.000,9999.000,9999.000,9999.000,9999.000,9999.000,9999.000
202602280212,   0.788,  -0.160,9999.000,9999.000,9999.000,9999.000,9999.000,9999.000,9999.000
202602280218,   0.671,  -0.268,9999.000,9999.000,9999.000,9999.000,9999.000,9999.000,9999.000
202602280224,   0.572,  -0.370,9999.000,9999.000,9999.000,9999.000,9999.000,9999.000,9999.000
202602280230,   0.491,  -0.449,9999.000,9999.000,9999.000,9999.000,9999.000,9999.000,9999.000
202602280236,   0.426,  -0.498,9999.000,9999.000,9999.000,9999.000,9999.000,9999.000,9999.000
202602280242,   0.378,  -0.560,9999.000,9999.000,9999.000,9999.000,9999.000,9999.000,9999.000
202602280248,   0.347,  -0.590,9999.000,9999.000,9999.000,9999.000,9999.000,9999.000,9999.000
202602280254,   0.333,  -0.610,9999.000,9999.000,9999.000,9999.000,9999.000,9999.000,9999.000
202602280300,   0.336,  -0.600,  -0.900,  -0.036,  -0.600,  -1.000,  -0.700,  -0.700,  -0.400
202602280306,   0.355,  -0.600,9999.000,9999.000,9999.000,9999.000,9999.000,9999.000,9999.000
202602280312,   0.392,  -0.560,9999.000,9999.000,9999.000,9999.000,9999.000,9999.000,9999.000
202602280318,   0.444,  -0.508,9999.000,9999.000,9999.000,9999.000,9999.000,9999.000,9999.000
202602280324,   0.513,  -0.449,9999.000,9999.000,9999.000,9999.000,9999.000,9999.000,9999.000
202602280330,   0.599,  -0.341,9999.000,9999.000,9999.000,9999.000,9999.000,9999.000,9999.000
202602280336,   0.701,  -0.229,9999.000,9999.000,9999.000,9999.000,9999.000,9999.000,9999.000
202602280342,   0.818,  -0.111,9999.000,9999.000,9999.000,9999.000,9999.000,9999.000,9999.000
202602280348,   0.952,   0.019,9999.000,9999.000,9999.000,9999.000,9999.000,9999.000,9999.000
202602280354,   1.102,   0.160,9999.000,9999.000,9999.000,9999.000,9999.000,9999.000,9999.000
202602280400,   1.267,   0.308,  -0.800,  -0.159,   0.308,  -1.000,   0.108,  -0.700,   0.408
202602280406,   1.448,   0.488,9999.000,9999.000,9999.000,9999.000,9999.000,9999.000,9999.000
202602280412,   1.643,   0.649,9999.000,9999.000,9999.000,9999.000,9999.000,9999.000,9999.000
202602280418,   1.854,   0.849,9999.000,9999.000,9999.000,9999.000,9999.000,9999.000,9999.000
202602280424,   2.079,   1.039,9999.000,9999.000,9999.000,9999.000,9999.000,9999.000,9999.000
202602280430,   2.318,   1.279,9999.000,9999.000,9999.000,9999.000,9999.000,9999.000,9999.000
202602280436,   2.571,   1.518,9999.000,9999.000,9999.000,9999.000,9999.000,9999.000,9999.000
202602280442,   2.838,   1.767,9999.000,9999.000,9999.000,9999.000,9999.000,9999.000,9999.000
202602280448,   3.117,   2.059,9999.000,9999.000,9999.000,9999.000,9999.000,9999.000,9999.000
202602280454,   3.408,   2.328,9999.000,9999.000,9999.000,9999.000,9999.000,9999.000,9999.000
202602280500,   3.711,   2.630,  -0.800,  -0.281,   2.630,  -0.900,   2.530,  -0.600,   2.830
202602280506,   4.024,   2.938,9999.000,9999.000,9999.000,9999.000,9999.000,9999.000,9999.000
202602280512,   4.348,   3.250,9999.000,9999.000,9999.000,9999.000,9999.000,9999.000,9999.000
202602280518,   4.680,   3.578,9999.000,9999.000,9999.000,9999.000,9999.000,9999.000,9999.000
202602280524,   5.021,   3.899,9999.000,9999.000,9999.000,9999.000,9999.000,9999.000,9999.000
202602280530,   5.370,   4.247,9999.000,9999.000,9999.000,9999.000,9999.000,9999.000,9999.000
202602280536,   5.725,   4.578,9999.000,9999.000,9999.000,9999.000,9999.000,9999.000,9999.000
202602280542,   6.086,   4.939,9999.000,9999.000,9999.000,9999.000,9999.000,9999.000,9999.000
202602280548,   6.452,   5.307,9999.000,9999.000,9999.000,9999.000,9999.000,9999.000,9999.000
202602280554,   6.822,9999.000,9999.000,9999.000,9999.000,9999.000,9999.000,9999.000,9999.000
202602280600,   7.195,9999.000,  -0.800,  -0.280,   6.115,  -0.900,   6.015,  -0.700,   6.215
202602280606,   7.569,9999.000,9999.000,9999.000,9999.000,9999.000,9999.000,9999.000,9999.000
202602280612,   7.944,9999.000,9999.000,9999.000,9999.000,9999.000,9999.000,9999.000,9999.000
202602280618,   8.320,9999.000,9999.000,9999.000,9999.000,9999.000,9999.000,9999.000,9999.000
202602280624,   8.694,9999.000,9999.000,9999.000,9999.000,9999.000,9999.000,9999.000,9999.000
202602280630,   9.067,9999.000,9999.000,9999.000,9999.000,9999.000,9999.000,9999.000,9999.000
202602280636,   9.437,9999.000,9999.000,9999.000,9999.000,9999.000,9999.000,9999.000,9999.000
202602280642,   9.804,9999.000,9999.000,9999.000,9999.000,9999.000,9999.000,9999.000,9999.000
202602280648,  10.166,9999.000,9999.000,9999.000,9999.000,9999.000,9999.000,9999.000,9999.000
202602280654,  10.523,9999.000,9999.000,9999.000,9999.000,9999.000,9999.000,9999.000,9999.000
202602280700,  10.873,9999.000,  -0.800,  -0.278,   9.795,  -0.800,   9.795,  -0.700,   9.895
202602280706,  11.217,9999.000,9999.000,9999.000,9999.000,9999.000,9999.000,9999.000,9999.000
202602280712,  11.554,9999.000,9999.000,9999.000,9999.000,9999.000,9999.000,9999.000,9999.000
202602280718,  11.882,9999.000,9999.000,9999.000,9999.000,9999.000,9999.000,9999.000,9999.000
202602280724,  12.201,9999.000,9999.000,9999.000,9999.000,9999.000,9999.000,9999.000,9999.000
202602280730,  12.511,9999.000,9999.000,9999.000,9999.000,9999.000,9999.000,9999.000,9999.000
202602280736,  12.810,9999.000,9999.000,9999.000,9999.000,9999.000,9999.000,9999.000,9999.000
202602280742,  13.099,9999.000,9999.000,9999.000,9999.000,9999.000,9999.000,9999.000,9999.000
202602280748,  13.376,9999.000,9999.000,9999.000,9999.000,9999.000,9999.000,9999.000,9999.000
202602280754,  13.641,9999.000,9999.000,9999.000,9999.000,9999.000,9999.000,9999.000,9999.000
202602280800,  13.894,9999.000,  -0.800,  -0.277,  12.817,  -0.800,  12.817,  -0.700,  12.917
202602280806,  14.134,9999.000,9999.000,9999.000,9999.000,9999.000,9999.000,9999.000,9999.000
202602280812,  14.360,9999.000,9999.000,9999.000,9999.000,9999.000,9999.000,9999.000,9999.000
202602280818,  14.572,9999.000,9999.000,9999.000,9999.000,9999.000,9999.000,9999.000,9999.000
202602280824,  14.769,9999.000,9999.000,9999.000,9999.000,9999.000,9999.000,9999.000,9999.000
202602280830,  14.952,9999.000,9999.000,9999.000,9999.000,9999.000,9999.000,9999.000,9999.000
202602280836,  15.119,9999.000,9999.000,9999.000,9999.000,9999.000,9999.000,9999.000,9999.000
202602280842,  15.271,9999.000,9999.000,9999.000,9999.000,9999.000,9999.000,9999.000,9999.000
202602280848,  15.408,9999.000,9999.000,9999.000,9999.000,9999.000,9999.000,9999.000,9999.000
202602280854,  15.528,9999.000,9999.000,9999.000,9999.000,9999.000,9999.000,9999.000,9999.000
202602280900,  15.632,9999.000,  -0.800,  -0.276,  14.556,  -0.900,  14.456,  -0.800,  14.556
202602280906,  15.719,9999.000,9999.000,9999.000,9999.000,9999.000,9999.000,9999.000,9999.000
202602280912,  15.790,9999.000,9999.000,9999.000,9999.000,9999.000,9999.000,9999.000,9999.000
202602280918,  15.844,9999.000,9999.000,9999.000,9999.000,9999.000,9999.000,9999.000,9999.000
202602280924,  15.882,9999.000,9999.000,9999.000,9999.000,9999.000,9999.000,9999.000,9999.000
202602280930,  15.903,9999.000,9999.000,9999.000,9999.000,9999.000,9999.000,9999.000,9999.000
202602280936,  15.907,9999.000,9999.000,9999.000,9999.000,9999.000,9999.000,9999.000,9999.000
202602280942,  15.895,9999.000,9999.000,9999.000,9999.000,9999.000,9999.000,9999.000,9999.000
202602280948,  15.866,9999.000,9999.000,9999.000,9999.000,9999.000,9999.000,9999.000,9999.000
202602280954,  15.821,9999.000,9999.000,9999.000,9999.000,9999.000,9999.000,9999.000,9999.000
202602281000,  15.760,9999.000,  -0.900,  -0.275,  14.585,  -1.000,  14.485,  -0.800,  14.685
202602281006,  15.683,9999.000,9999.000,9999.000,9999.000,9999.000,9999.000,9999.000,9999.000
202602281012,  15.590,9999.000,9999.000,9999.000,9999.000,9999.000,9999.000,9999.000,9999.000
202602281018,  15.482,9999.000,9999.000,9999.000,9999.000,9999.000,9999.000,9999.000,9999.000
202602281024,  15.358,9999.000,9999.000,9999.000,9999.000,9999.000,9999.000,9999.000,9999.000
202602281030,  15.220,9999.000,9999.000,9999.000,9999.000,9999.000,9999.000,9999.000,9999.000
202602281036,  15.067,9999.000,9999.000,9999.000,9999.000,9999.000,9999.000,9999.000,9999.000
202602281042,  14.900,9999.000,9999.000,9999.000,9999.000,9999.000,9999.000,9999.000,9999.000
202602281048,  14.719,9999.000,9999.000,9999.000,9999.000,9999.000,9999.000,9999.000,9999.000
202602281054,  14.525,9999.000,9999.000,9999.000,9999.000,9999.000,9999.000,9999.000,9999.000
202602281100,  14.318,9999.000,  -1.000,  -0.273,  13.045,  -1.100,  12.945,  -0.900,  13.145
202602281106,  14.099,9999.000,9999.000,9999.000,9999.000,9999.000,9999.000,9999.000,9999.000
202602281112,  13.868,9999.000,9999.000,9999.000,9999.000,9999.000,9999.000,9999.000,9999.000
202602281118,  13.626,9999.000,9999.000,9999.000,9999.000,9999.000,9999.000,9999.000,9999.000
202602281124,  13.374,9999.000,9999.000,9999.000,9999.000,9999.000,9999.000,9999.000,9999.000
202602281130,  13.111,9999.000,9999.000,9999.000,9999.000,9999.000,9999.000,9999.000,9999.000
202602281136,  12.840,9999.000,9999.000,9999.000,9999.000,9999.000,9999.000,9999.000,9999.000
202602281142,  12.560,9999.000,9999.000,9999.000,9999.000,9999.000,9999.000,9999.000,9999.000
202602281148,  12.272,9999.000,9999.000,9999.000,9999.000,9999.000,9999.000,9999.000,9999.000
202602281154,  11.978,9999.000,9999.000,9999.000,9999.000,9999.000,9999.000,9999.000,9999.000
202602281200,  11.678,9999.000,  -1.100,  -0.272,  10.306,  -1.200,  10.206,  -1.000,  10.406
202602281206,  11.373,9999.000,9999.000,9999.000,9999.000,9999.000,9999.000,9999.000,9999.000
202602281212,  11.065,9999.000,9999.000,9999.000,9999.000,9999.000,9999.000,9999.000,9999.000
202602281218,  10.753,9999.000,9999.000,9999.000,9999.000,9999.000,9999.000,9999.000,9999.000
202602281224,  10.441,9999.000,9999.000,9999.000,9999.000,9999.000,9999.000,9999.000,9999.000
202602281230,  10.128,9999.000,9999.000,9999.000,9999.000,9999.000,9999.000,9999.000,9999.000
202602281236,   9.816,9999.000,9999.000,9999.000,9999.000,9999.000,9999.000,9999.000,9999.000
202602281242,   9.505,9999.000,9999.000,9999.000,9999.000,9999.000,9999.000,9999.000,9999.000
202602281248,   9.198,9999.000,9999.000,9999.000,9999.000,9999.000,9999.000,9999.000,9999.000
202602281254,   8.896,9999.000,9999.000,9999.000,9999.000,9999.000,9999.000,9999.000,9999.000
202602281300,   8.598,9999.000,  -1.200,  -0.271,   7.127,  -1.300,   7.027,  -1.200,   7.127
202602281306,   8.308,9999.000,9999.000,9999.000,9999.000,9999.000,9999.000,9999.000,9999.000
202602281312,   8.025,9999.000,9999.000,9999.000,9999.000,9999.000,9999.000,9999.000,9999.000
202602281318,   7.752,9999.000,9999.000,9999.000,9999.000,9999.000,9999.000,9999.000,9999.000
202602281324,   7.488,9999.000,9999.000,9999.000,9999.000,9999.000,9999.000,9999.000,9999.000
202602281330,   7.235,9999.000,9999.000,9999.000,9999.000,9999.000,9999.000,9999.000,9999.000
202602281336,   6.995,9999.000,9999.000,9999.000,9999.000,9999.000,9999.000,9999.000,9999.000
202602281342,   6.766,9999.000,9999.000,9999.000,9999.000,9999.000,9999.000,9999.000,9999.000
202602281348,   6.552,9999.000,9999.000,9999.000,9999.000,9999.000,9999.000,9999.000,9999.000
202602281354,   6.351,9999.000,9999.000,9999.000,9999.000,9999.000,9999.000,9999.000,9999.000
202602281400,   6.166,9999.000,  -1.300,  -0.269,   4.597,  -1.400,   4.497,  -1.200,   4.697
202602281406,   5.995,9999.000,9999.000,9999.000,9999.000,9999.000,9999.000,9999.000,9999.000
202602281412,   5.840,9999.000,9999.000,9999.000,9999.000,9999.000,9999.000,9999.000,9999.000
202602281418,   5.702,9999.000,9999.000,9999.000,9999.000,9999.000,9999.000,9999.000,9999.000
202602281424,   5.580,9999.000,9999.000,9999.000,9999.000,9999.000,9999.000,9999.000,9999.000
202602281430,   5.474,9999.000,9999.000,9999.000,9999.000,9999.000,9999.000,9999.000,9999.000
202602281436,   5.385,9999.000,9999.000,9999.000,9999.000,9999.000,9999.000,9999.000,9999.000
202602281442,   5.312,9999.000,9999.000,9999.000,9999.000,9999.000,9999.000,9999.000,9999.000
202602281448,   5.257,9999.000,9999.000,9999.000,9999.000,9999.000,9999.000,9999.000,9999.000
202602281454,   5.218,9999.000,9999.000,9999.000,9999.000,9999.000,9999.000,9999.000,9999.000
202602281500,   5.195,9999.000,  -1.300,  -0.268,   3.627,  -1.400,   3.527,  -1.100,   3.827
202602281506,   5.189,9999.000,9999.000,9999.000,9999.000,9999.000,9999.000,9999.000,9999.000
202602281512,   5.200,9999.000,9999.000,9999.000,9999.000,9999.000,9999.000,9999.000,9999.000
202602281518,   5.227,9999.000,9999.000,9999.000,9999.000,9999.000,9999.000,9999.000,9999.000
202602281524,   5.269,9999.000,9999.000,9999.000,9999.000,9999.000,9999.000,9999.000,9999.000
202602281530,   5.328,9999.000,9999.000,9999.000,9999.000,9999.000,9999.000,9999.000,9999.000
202602281536,   5.402,9999.000,9999.000,9999.000,9999.000,9999.000,9999.000,9999.000,9999.000
202602281542,   5.491,9999.000,9999.000,9999.000,9999.000,9999.000,9999.000,9999.000,9999.000
202602281548,   5.596,9999.000,9999.000,9999.000,9999.000,9999.000,9999.000,9999.000,9999.000
202602281554,   5.715,9999.000,9999.000,9999.000,9999.000,9999.000,9999.000,9999.000,9999.000
202602281600,   5.850,9999.000,  -1.300,  -0.267,   4.283,  -1.400,   4.183,  -1.100,   4.483
202602281606,   5.998,9999.000,9999.000,9999.000,9999.000,9999.000,9999.000,9999.000,9999.000
202602281612,   6.160,9999.000,9999.000,9999.000,9999.000,9999.000,9999.000,9999.000,9999.000
202602281618,   6.337,9999.000,9999.000,9999.000,9999.000,9999.000,9999.000,9999.000,9999.000
202602281624,   6.526,9999.000,9999.000,9999.000,9999.000,9999.000,9999.000,9999.000,9999.000
202602281630,   6.729,9999.000,9999.000,9999.000,9999.000,9999.000,9999.000,9999.000,9999.000
202602281636,   6.945,9999.000,9999.000,9999.000,9999.000,9999.000,9999.000,9999.000,9999.000
202602281642,   7.173,9999.000,9999.000,9999.000,9999.000,9999.000,9999.000,9999.000,9999.000
202602281648,   7.412,9999.000,9999.000,9999.000,9999.000,9999.000,9999.000,9999.000,9999.000
202602281654,   7.663,9999.000,9999.000,9999.000,9999.000,9999.000,9999.000,9999.000,9999.000
202602281700,   7.925,9999.000,  -1.200,  -0.265,   6.460,  -1.300,   6.359,  -1.100,   6.560
202602281706,   8.197,9999.000,9999.000,9999.000,9999.000,9999.000,9999.000,9999.000,9999.000
202602281712,   8.478,9999.000,9999.000,9999.000,9999.000,9999.000,9999.000,9999.000,9999.000
202602281718,   8.769,9999.000,9999.000,9999.000,9999.000,9999.000,9999.000,9999.000,9999.000
202602281724,   9.067,9999.000,9999.000,9999.000,9999.000,9999.000,9999.000,9999.000,9999.000
202602281730,   9.373,9999.000,9999.000,9999.000,9999.000,9999.000,9999.000,9999.000,9999.000
202602281736,   9.685,9999.000,9999.000,9999.000,9999.000,9999.000,9999.000,9999.000,9999.000
202602281742,  10.002,9999.000,9999.000,9999.000,9999.000,9999.000,9999.000,9999.000,9999.000
202602281748,  10.325,9999.000,9999.000,9999.000,9999.000,9999.000,9999.000,9999.000,9999.000
202602281754,  10.651,9999.000,9999.000,9999.000,9999.000,9999.000,9999.000,9999.000,9999.000
202602281800,  10.980,9999.000,  -1.100,  -0.265,   9.614,  -1.200,   9.514,  -1.000,   9.714
202602281806,  11.310,9999.000,9999.000,9999.000,9999.000,9999.000,9999.000,9999.000,9999.000
202602281812,  11.642,9999.000,9999.000,9999.000,9999.000,9999.000,9999.000,9999.000,9999.000
202602281818,  11.973,9999.000,9999.000,9999.000,9999.000,9999.000,9999.000,9999.000,9999.000
202602281824,  12.303,9999.000,9999.000,9999.000,9999.000,9999.000,9999.000,9999.000,9999.000
202602281830,  12.631,9999.000,9999.000,9999.000,9999.000,9999.000,9999.000,9999.000,9999.000
202602281836,  12.956,9999.000,9999.000,9999.000,9999.000,9999.000,9999.000,9999.000,9999.000
202602281842,  13.277,9999.000,9999.000,9999.000,9999.000,9999.000,9999.000,9999.000,9999.000
202602281848,  13.593,9999.000,9999.000,9999.000,9999.000,9999.000,9999.000,9999.000,9999.000
202602281854,  13.903,9999.000,9999.000,9999.000,9999.000,9999.000,9999.000,9999.000,9999.000
202602281900,  14.207,9999.000,  -1.000,  -0.265,  12.941,  -1.000,  12.941,  -0.900,  13.042
202602281906,  14.503,9999.000,9999.000,9999.000,9999.000,9999.000,9999.000,9999.000,9999.000
202602281912,  14.790,9999.000,9999.000,9999.000,9999.000,9999.000,9999.000,9999.000,9999.000
202602281918,  15.068,9999.000,9999.000,9999.000,9999.000,9999.000,9999.000,9999.000,9999.000
202602281924,  15.337,9999.000,9999.000,9999.000,9999.000,9999.000,9999.000,9999.000,9999.000
202602281930,  15.595,9999.000,9999.000,9999.000,9999.000,9999.000,9999.000,9999.000,9999.000
202602281936,  15.841,9999.000,9999.000,9999.000,9999.000,9999.000,9999.000,9999.000,9999.000
202602281942,  16.076,9999.000,9999.000,9999.000,9999.000,9999.000,9999.000,9999.000,9999.000
202602281948,  16.299,9999.000,9999.000,9999.000,9999.000,9999.000,9999.000,9999.000,9999.000
202602281954,  16.508,9999.000,9999.000,9999.000,9999.000,9999.000,9999.000,9999.000,9999.000
202602282000,  16.704,9999.000,  -0.900,  -0.265,  15.539,  -0.900,  15.539,  -0.800,  15.639
202602282006,  16.885,9999.000,9999.000,9999.000,9999.000,9999.000,9999.000,9999.000,9999.000
202602282012,  17.052,9999.000,9999.000,9999.000,9999.000,9999.000,9999.000,9999.000,9999.000
202602282018,  17.204,9999.000,9999.000,9999.000,9999.000,9999.000,9999.000,9999.000,9999.000
202602282024,  17.341,9999.000,9999.000,9999.000,9999.000,9999.000,9999.000,9999.000,9999.000
202602282030,  17.461,9999.000,9999.000,9999.000,9999.000,9999.000,9999.000,9999.000,9999.000
202602282036,  17.566,9999.000,9999.000,9999.000,9999.000,9999.000,9999.000,9999.000,9999.000
202602282042,  17.653,9999.000,9999.000,9999.000,9999.000,9999.000,9999.000,9999.000,9999.000
202602282048,  17.724,9999.000,9999.000,9999.000,9999.000,9999.000,9999.000,9999.000,9999.000
202602282054,  17.778,9999.000,9999.000,9999.000,9999.000,9999.000,9999.000,9999.000,9999.000
202602282100,  17.814,9999.000,  -0.700,  -0.265,  16.848,  -0.900,  16.649,  -0.600,  16.948
202602282106,  17.833,9999.000,9999.000,9999.000,9999.000,9999.000,9999.000,9999.000,9999.000
202602282112,  17.833,9999.000,9999.000,9999.000,9999.000,9999.000,9999.000,9999.000,9999.000
202602282118,  17.816,9999.000,9999.000,9999.000,9999.000,9999.000,9999.000,9999.000,9999.000
202602282124,  17.781,9999.000,9999.000,9999.000,9999.000,9999.000,9999.000,9999.000,9999.000
202602282130,  17.727,9999.000,9999.000,9999.000,9999.000,9999.000,9999.000,9999.000,9999.000
202602282136,  17.656,9999.000,9999.000,9999.000,9999.000,9999.000,9999.000,9999.000,9999.000
202602282142,  17.566,9999.000,9999.000,9999.000,9999.000,9999.000,9999.000,9999.000,9999.000
202602282148,  17.458,9999.000,9999.000,9999.000,9999.000,9999.000,9999.000,9999.000,9999.000
202602282154,  17.332,9999.000,9999.000,9999.000,9999.000,9999.000,9999.000,9999.000,9999.000
202602282200,  17.188,9999.000,  -0.700,  -0.265,  16.222,  -0.900,  16.023,  -0.600,  16.323
202602282206,  17.027,9999.000,9999.000,9999.000,9999.000,9999.000,9999.000,9999.000,9999.000
202602282212,  16.848,9999.000,9999.000,9999.000,9999.000,9999.000,9999.000,9999.000,9999.000
202602282218,  16.651,9999.000,9999.000,9999.000,9999.000,9999.000,9999.000,9999.000,9999.000
202602282224,  16.437,9999.000,9999.000,9999.000,9999.000,9999.000,9999.000,9999.000,9999.000
202602282230,  16.207,9999.000,9999.000,9999.000,9999.000,9999.000,9999.000,9999.000,9999.000
202602282236,  15.960,9999.000,9999.000,9999.000,9999.000,9999.000,9999.000,9999.000,9999.000
202602282242,  15.697,9999.000,9999.000,9999.000,9999.000,9999.000,9999.000,9999.000,9999.000
202602282248,  15.417,9999.000,9999.000,9999.000,9999.000,9999.000,9999.000,9999.000,9999.000
202602282254,  15.123,9999.000,9999.000,9999.000,9999.000,9999.000,9999.000,9999.000,9999.000
202602282300,  14.813,9999.000,  -0.800,  -0.265,  13.747,  -0.900,  13.648,  -0.700,  13.847
202602282306,  14.489,9999.000,9999.000,9999.000,9999.000,9999.000,9999.000,9999.000,9999.000
202602282312,  14.151,9999.000,9999.000,9999.000,9999.000,9999.000,9999.000,9999.000,9999.000
202602282318,  13.798,9999.000,9999.000,9999.000,9999.000,9999.000,9999.000,9999.000,9999.000
202602282324,  13.433,9999.000,9999.000,9999.000,9999.000,9999.000,9999.000,9999.000,9999.000
202602282330,  13.056,9999.000,9999.000,9999.000,9999.000,9999.000,9999.000,9999.000,9999.000
202602282336,  12.666,9999.000,9999.000,9999.000,9999.000,9999.000,9999.000,9999.000,9999.000
202602282342,  12.265,9999.000,9999.000,9999.000,9999.000,9999.000,9999.000,9999.000,9999.000
202602282348,  11.854,9999.000,9999.000,9999.000,9999.000,9999.000,9999.000,9999.000,9999.000
202602282354,  11.432,9999.000,9999.000,9999.000,9999.000,9999.000,9999.000,9999.000,9999.000
202603010000,  11.002,9999.000,  -0.800,  -0.265,   9.936,  -0.900,   9.837,  -0.700,  10.036
202603010006,  10.564,9999.000,9999.000,9999.000,9999.000,9999.000,9999.000,9999.000,9999.000
202603010012,  10.118,9999.000,9999.000,9999.000,9999.000,9999.000,9999.000,9999.000,9999.000
202603010018,   9.666,9999.000,9999.000,9999.000,9999.000,9999.000,9999.000,9999.000,9999.000
202603010024,   9.210,9999.000,9999.000,9999.000,9999.000,9999.000,9999.000,9999.000,9999.000
202603010030,   8.749,9999.000,9999.000,9999.000,9999.000,9999.000,9999.000,9999.000,9999.000
202603010036,   8.285,9999.000,9999.000,9999.000,9999.000,9999.000,9999.000,9999.000,9999.000
202603010042,   7.819,9999.000,9999.000,9999.000,9999.000,9999.000,9999.000,9999.000,9999.000
202603010048,   7.353,9999.000,9999.000,9999.000,9999.000,9999.000,9999.000,9999.000,9999.000
202603010054,   6.887,9999.000,9999.000,9999.000,9999.000,9999.000,9999.000,9999.000,9999.000
202603010100,   6.424,9999.000,  -0.900,  -0.265,   5.258,  -1.000,   5.158,  -0.900,   5.258
202603010106,   5.964,9999.000,9999.000,9999.000,9999.000,9999.000,9999.000,9999.000,9999.000
202603010112,   5.509,9999.000,9999.000,9999.000,9999.000,9999.000,9999.000,9999.000,9999.000
202603010118,   5.060,9999.000,9999.000,9999.000,9999.000,9999.000,9999.000,9999.000,9999.000
202603010124,   4.619,9999.000,9999.000,9999.000,9999.000,9999.000,9999.000,9999.000,9999.000
202603010130,   4.186,9999.000,9999.000,9999.000,9999.000,9999.000,9999.000,9999.000,9999.000
202603010136,   3.763,9999.000,9999.000,9999.000,9999.000,9999.000,9999.000,9999.000,9999.000
202603010142,   3.352,9999.000,9999.000,9999.000,9999.000,9999.000,9999.000,9999.000,9999.000
202603010148,   2.954,9999.000,9999.000,9999.000,9999.000,9999.000,9999.000,9999.000,9999.000
202603010154,   2.569,9999.000,9999.000,9999.000,9999.000,9999.000,9999.000,9999.000,9999.000
202603010200,   2.198,9999.000,  -1.000,  -0.265,   0.933,  -1.100,   0.832,  -1.000,   0.933
202603010206,   1.844,9999.000,9999.000,9999.000,9999.000,9999.000,9999.000,9999.000,9999.000
202603010212,   1.507,9999.000,9999.000,9999.000,9999.000,9999.000,9999.000,9999.000,9999.000
202603010218,   1.187,9999.000,9999.000,9999.000,9999.000,9999.000,9999.000,9999.000,9999.000
202603010224,   0.885,9999.000,9999.000,9999.000,9999.000,9999.000,9999.000,9999.000,9999.000
202603010230,   0.603,9999.000,9999.000,9999.000,9999.000,9999.000,9999.000,9999.000,9999.000
202603010236,   0.340,9999.000,9999.000,9999.000,9999.000,9999.000,9999.000,9999.000,9999.000
202603010242,   0.098,9999.000,9999.000,9999.000,9999.000,9999.000,9999.000,9999.000,9999.000
202603010248,  -0.123,9999.000,9999.000,9999.000,9999.000,9999.000,9999.000,9999.000,9999.000
202603010254,  -0.324,9999.000,9999.000,9999.000,9999.000,9999.000,9999.000,9999.000,9999.000
202603010300,  -0.504,9999.000,  -1.100,  -0.265,  -1.870,  -1.200,  -1.969,  -1.100,  -1.870
202603010306,  -0.662,9999.000,9999.000,9999.000,9999.000,9999.000,9999.000,9999.000,9999.000
202603010312,  -0.798,9999.000,9999.000,9999.000,9999.000,9999.000,9999.000,9999.000,9999.000
202603010318,  -0.913,9999.000,9999.000,9999.000,9999.000,9999.000,9999.000,9999.000,9999.000
202603010324,  -1.005,9999.000,9999.000,9999.000,9999.000,9999.000,9999.000,9999.000,9999.000
202603010330,  -1.076,9999.000,9999.000,9999.000,9999.000,9999.000,9999.000,9999.000,9999.000
202603010336,  -1.126,9999.000,9999.000,9999.000,9999.000,9999.000,9999.000,9999.000,9999.000
202603010342,  -1.153,9999.000,9999.000,9999.000,9999.000,9999.000,9999.000,9999.000,9999.000
202603010348,  -1.159,9999.000,9999.000,9999.000,9999.000,9999.000,9999.000,9999.000,9999.000
202603010354,  -1.143,9999.000,9999.000,9999.000,9999.000,9999.000,9999.000,9999.000,9999.000
202603010400,  -1.106,9999.000,  -1.100,  -0.265,  -2.471,  -1.200,  -2.572,  -1.100,  -2.471
202603010406,  -1.048,9999.000,9999.000,9999.000,9999.000,9999.000,9999.000,9999.000,9999.000
202603010412,  -0.969,9999.000,9999.000,9999.000,9999.000,9999.000,9999.000,9999.000,9999.000
202603010418,  -0.869,9999.000,9999.000,9999.000,9999.000,9999.000,9999.000,9999.000,9999.000
202603010424,  -0.748,9999.000,9999.000,9999.000,9999.000,9999.000,9999.000,9999.000,9999.000
202603010430,  -0.606,9999.000,9999.000,9999.000,9999.000,9999.000,9999.000,9999.000,9999.000
202603010436,  -0.445,9999.000,9999.000,9999.000,9999.000,9999.000,9999.000,9999.000,9999.000
202603010442,  -0.263,9999.000,9999.000,9999.000,9999.000,9999.000,9999.000,9999.000,9999.000
202603010448,  -0.062,9999.000,9999.000,9999.000,9999.000,9999.000,9999.000,9999.000,9999.000
202603010454,   0.157,9999.000,9999.000,9999.000,9999.000,9999.000,9999.000,9999.000,9999.000
202603010500,   0.397,9999.000,  -1.100,  -0.265,  -0.969,  -1.200,  -1.069,  -1.000,  -0.868
202603010506,   0.655,9999.000,9999.000,9999.000,9999.000,9999.000,9999.000,9999.000,9999.000
202603010512,   0.931,9999.000,9999.000,9999.000,9999.000,9999.000,9999.000,9999.000,9999.000
202603010518,   1.224,9999.000,9999.000,9999.000,9999.000,9999.000,9999.000,9999.000,9999.000
202603010524,   1.534,9999.000,9999.000,9999.000,9999.000,9999.000,9999.000,9999.000,9999.000
202603010530,   1.861,9999.000,9999.000,9999.000,9999.000,9999.000,9999.000,9999.000,9999.000
202603010536,   2.203,9999.000,9999.000,9999.000,9999.000,9999.000,9999.000,9999.000,9999.000
202603010542,   2.560,9999.000,9999.000,9999.000,9999.000,9999.000,9999.000,9999.000,9999.000
202603010548,   2.931,9999.000,9999.000,9999.000,9999.000,9999.000,9999.000,9999.000,9999.000
202603010554,   3.314,9999.000,9999.000,9999.000,9999.000,9999.000,9999.000,9999.000,9999.000
202603010600,   3.710,9999.000,  -1.000,  -0.265,   2.444,  -1.100,   2.345,  -0.900,   2.544
202603010606,   4.117,9999.000,9999.000,9999.000,9999.000,9999.000,9999.000,9999.000,9999.000
202603010612,   4.534,9999.000,9999.000,9999.000,9999.000,9999.000,9999.000,9999.000,9999.000
202603010618,   4.960,9999.000,9999.000,9999.000,9999.000,9999.000,9999.000,9999.000,9999.000
202603010624,   5.394,9999.000,9999.000,9999.000,9999.000,9999.000,9999.000,9999.000,9999.000
202603010630,   5.835,9999.000,9999.000,9999.000,9999.000,9999.000,9999.000,9999.000,9999.000
202603010636,   6.281,9999.000,9999.000,9999.000,9999.000,9999.000,9999.000,9999.000,9999.000
202603010642,   6.732,9999.000,9999.000,9999.000,9999.000,9999.000,9999.000,9999.000,9999.000
202603010648,   7.186,9999.000,9999.000,9999.000,9999.000,9999.000,9999.000,9999.000,9999.000
202603010654,   7.642,9999.000,9999.000,9999.000,9999.000,9999.000,9999.000,9999.000,9999.000
202603010700,   8.099,9999.000,  -0.900,  -0.265,   6.933,  -1.000,   6.833,  -0.800,   7.033
202603010706,   8.556,9999.000,9999.000,9999.000,9999.000,9999.000,9999.000,9999.000,9999.000
202603010712,   9.011,9999.000,9999.000,9999.000,9999.000,9999.000,9999.000,9999.000,9999.000
202603010718,   9.464,9999.000,9999.000,9999.000,9999.000,9999.000,9999.000,9999.000,9999.000
202603010724,   9.913,9999.000,9999.000,9999.000,9999.000,9999.000,9999.000,9999.000,9999.000
202603010730,  10.357,9999.000,9999.000,9999.000,9999.000,9999.000,9999.000,9999.000,9999.000
202603010736,  10.796,9999.000,9999.000,9999.000,9999.000,9999.000,9999.000,9999.000,9999.000
202603010742,  11.227,9999.000,9999.000,9999.000,9999.000,9999.000,9999.000,9999.000,9999.000
202603010748,  11.651,9999.000,9999.000,9999.000,9999.000,9999.000,9999.000,9999.000,9999.000
202603010754,  12.067,9999.000,9999.000,9999.000,9999.000,9999.000,9999.000,9999.000,9999.000
202603010800,  12.472,9999.000,  -0.800,  -0.265,  11.406,  -0.800,  11.406,  -0.700,  11.507
202603010806,  12.868,9999.000,9999.000,9999.000,9999.000,9999.000,9999.000,9999.000,9999.000
202603010812,  13.252,9999.000,9999.000,9999.000,9999.000,9999.000,9999.000,9999.000,9999.000
202603010818,  13.623,9999.000,9999.000,9999.000,9999.000,9999.000,9999.000,9999.000,9999.000
202603010824,  13.982,9999.000,9999.000,9999.000,9999.000,9999.000,9999.000,9999.000,9999.000
202603010830,  14.327,9999.000,9999.000,9999.000,9999.000,9999.000,9999.000,9999.000,9999.000
202603010836,  14.658,9999.000,9999.000,9999.000,9999.000,9999.000,9999.000,9999.000,9999.000
202603010842,  14.974,9999.000,9999.000,9999.000,9999.000,9999.000,9999.000,9999.000,9999.000
202603010848,  15.273,9999.000,9999.000,9999.000,9999.000,9999.000,9999.000,9999.000,9999.000
202603010854,  15.557,9999.000,9999.000,9999.000,9999.000,9999.000,9999.000,9999.000,9999.000
202603010900,  15.823,9999.000,  -0.700,  -0.265,  14.858,  -0.800,  14.757,  -0.600,  14.957
202603010906,  16.072,9999.000,9999.000,9999.000,9999.000,9999.000,9999.000,9999.000,9999.000
202603010912,  16.303,9999.000,9999.000,9999.000,9999.000,9999.000,9999.000,9999.000,9999.000
202603010918,  16.515,9999.000,9999.000,9999.000,9999.000,9999.000,9999.000,9999.000,9999.000
202603010924,  16.709,9999.000,9999.000,9999.000,9999.000,9999.000,9999.000,9999.000,9999.000
202603010930,  16.883,9999.000,9999.000,9999.000,9999.000,9999.000,9999.000,9999.000,9999.000
202603010936,  17.037,9999.000,9999.000,9999.000,9999.000,9999.000,9999.000,9999.000,9999.000
202603010942,  17.171,9999.000,9999.000,9999.000,9999.000,9999.000,9999.000,9999.000,9999.000
202603010948,  17.285,9999.000,9999.000,9999.000,9999.000,9999.000,9999.000,9999.000,9999.000
202603010954,  17.378,9999.000,9999.000,9999.000,9999.000,9999.000,9999.000,9999.000,9999.000
202603011000,  17.451,9999.000,  -0.700,  -0.265,  16.486,  -0.700,  16.486,  -0.600,  16.586
202603011006,  17.503,9999.000,9999.000,9999.000,9999.000,9999.000,9999.000,9999.000,9999.000
202603011012,  17.534,9999.000,9999.000,9999.000,9999.000,9999.000,9999.000,9999.000,9999.000
202603011018,  17.543,9999.000,9999.000,9999.000,9999.000,9999.000,9999.000,9999.000,9999.000
202603011024,  17.532,9999.000,9999.000,9999.000,9999.000,9999.000,9999.000,9999.000,9999.000
202603011030,  17.500,9999.000,9999.000,9999.000,9999.000,9999.000,9999.000,9999.000,9999.000
202603011036,  17.448,9999.000,9999.000,9999.000,9999.000,9999.000,9999.000,9999.000,9999.000
202603011042,  17.374,9999.000,9999.000,9999.000,9999.000,9999.000,9999.000,9999.000,9999.000
202603011048,  17.280,9999.000,9999.000,9999.000,9999.000,9999.000,9999.000,9999.000,9999.000
202603011054,  17.166,9999.000,9999.000,9999.000,9999.000,9999.000,9999.000,9999.000,9999.000
202603011100,  17.032,9999.000,  -0.700,  -0.265,  16.066,  -0.800,  15.967,  -0.600,  16.167
202603011106,  16.879,9999.000,9999.000,9999.000,9999.000,9999.000,9999.000,9999.000,9999.000
202603011112,  16.706,9999.000,9999.000,9999.000,9999.000,9999.000,9999.000,9999.000,9999.000
202603011118,  16.514,9999.000,9999.000,9999.000,9999.000,9999.000,9999.000,9999.000,9999.000
202603011124,  16.304,9999.000,9999.000,9999.000,9999.000,9999.000,9999.000,9999.000,9999.000
202603011130,  16.076,9999.000,9999.000,9999.000,9999.000,9999.000,9999.000,9999.000,9999.000
202603011136,  15.830,9999.000,9999.000,9999.000,9999.000,9999.000,9999.000,9999.000,9999.000
202603011142,  15.568,9999.000,9999.000,9999.000,9999.000,9999.000,9999.000,9999.000,9999.000
202603011148,  15.289,9999.000,9999.000,9999.000,9999.000,9999.000,9999.000,9999.000,9999.000
202603011154,  14.995,9999.000,9999.000,9999.000,9999.000,9999.000,9999.000,9999.000,9999.000
202603011200,  14.686,9999.000,  -0.800,  -0.265,  13.620,  -0.900,  13.521,  -0.700,  13.720
202603011206,  14.363,9999.000,9999.000,9999.000,9999.000,9999.000,9999.000,9999.000,9999.000
202603011212,  14.026,9999.000,9999.000,9999.000,9999.000,9999.000,9999.000,9999.000,9999.000
202603011218,  13.677,9999.000,9999.000,9999.000,9999.000,9999.000,9999.000,9999.000,9999.000
202603011224,  13.316,9999.000,9999.000,9999.000,9999.000,9999.000,9999.000,9999.000,9999.000
202603011230,  12.945,9999.000,9999.000,9999.000,9999.000,9999.000,9999.000,9999.000,9999.000
202603011236,  12.565,9999.000,9999.000,9999.000,9999.000,9999.000,9999.000,9999.000,9999.000
202603011242,  12.176,9999.000,9999.000,9999.000,9999.000,9999.000,9999.000,9999.000,9999.000
202603011248,  11.780,9999.000,9999.000,9999.000,9999.000,9999.000,9999.000,9999.000,9999.000
202603011254,  11.378,9999.000,9999.000,9999.000,9999.000,9999.000,9999.000,9999.000,9999.000
202603011300,  10.972,9999.000,  -0.900,  -0.265,   9.807,  -1.000,   9.707,  -0.800,   9.906
202603011306,  10.562,9999.000,9999.000,9999.000,9999.000,9999.000,9999.000,9999.000,9999.000
202603011312,  10.150,9999.000,9999.000,9999.000,9999.000,9999.000,9999.000,9999.000,9999.000
202603011318,   9.738,9999.000,9999.000,9999.000,9999.000,9999.000,9999.000,9999.000,9999.000
202603011324,   9.327,9999.000,9999.000,9999.000,9999.000,9999.000,9999.000,9999.000,9999.000
202603011330,   8.918,9999.000,9999.000,9999.000,9999.000,9999.000,9999.000,9999.000,9999.000
202603011336,   8.514,9999.000,9999.000,9999.000,9999.000,9999.000,9999.000,9999.000,9999.000
202603011342,   8.114,9999.000,9999.000,9999.000,9999.000,9999.000,9999.000,9999.000,9999.000
202603011348,   7.722,9999.000,9999.000,9999.000,9999.000,9999.000,9999.000,9999.000,9999.000
202603011354,   7.338,9999.000,9999.000,9999.000,9999.000,9999.000,9999.000,9999.000,9999.000
202603011400,   6.964,9999.000,  -1.000,  -0.265,   5.699,  -1.100,   5.599,  -0.900,   5.799
202603011406,   6.601,9999.000,9999.000,9999.000,9999.000,9999.000,9999.000,9999.000,9999.000
202603011412,   6.250,9999.000,9999.000,9999.000,9999.000,9999.000,9999.000,9999.000,9999.000
202603011418,   5.913,9999.000,9999.000,9999.000,9999.000,9999.000,9999.000,9999.000,9999.000
202603011424,   5.591,9999.000,9999.000,9999.000,9999.000,9999.000,9999.000,9999.000,9999.000
202603011430,   5.284,9999.000,9999.000,9999.000,9999.000,9999.000,9999.000,9999.000,9999.000
202603011436,   4.995,9999.000,9999.000,9999.000,9999.000,9999.000,9999.000,9999.000,9999.000
202603011442,   4.724,9999.000,9999.000,9999.000,9999.000,9999.000,9999.000,9999.000,9999.000
202603011448,   4.471,9999.000,9999.000,9999.000,9999.000,9999.000,9999.000,9999.000,9999.000
202603011454,   4.237,9999.000,9999.000,9999.000,9999.000,9999.000,9999.000,9999.000,9999.000
202603011500,   4.024,9999.000,  -1.100,  -0.265,   2.659,  -1.200,   2.559,  -1.000,   2.759
202603011506,   3.831,9999.000,9999.000,9999.000,9999.000,9999.000,9999.000,9999.000,9999.000
202603011512,   3.658,9999.000,9999.000,9999.000,9999.000,9999.000,9999.000,9999.000,9999.000
202603011518,   3.507,9999.000,9999.000,9999.000,9999.000,9999.000,9999.000,9999.000,9999.000
202603011524,   3.378,9999.000,9999.000,9999.000,9999.000,9999.000,9999.000,9999.000,9999.000
202603011530,   3.270,9999.000,9999.000,9999.000,9999.000,9999.000,9999.000,9999.000,9999.000
202603011536,   3.183,9999.000,9999.000,9999.000,9999.000,9999.000,9999.000,9999.000,9999.000
202603011542,   3.119,9999.000,9999.000,9999.000,9999.000,9999.000,9999.000,9999.000,9999.000
202603011548,   3.075,9999.000,9999.000,9999.000,9999.000,9999.000,9999.000,9999.000,9999.000
202603011554,   3.054,9999.000,9999.000,9999.000,9999.000,9999.000,9999.000,9999.000,9999.000
202603011600,   3.054,9999.000,  -1.200,  -0.265,   1.588,  -1.300,   1.488,  -1.100,   1.688
202603011606,   3.075,9999.000,9999.000,9999.000,9999.000,9999.000,9999.000,9999.000,9999.000
202603011612,   3.116,9999.000,9999.000,9999.000,9999.000,9999.000,9999.000,9999.000,9999.000
202603011618,   3.179,9999.000,9999.000,9999.000,9999.000,9999.000,9999.000,9999.000,9999.000
202603011624,   3.262,9999.000,9999.000,9999.000,9999.000,9999.000,9999.000,9999.000,9999.000
202603011630,   3.365,9999.000,9999.000,9999.000,9999.000,9999.000,9999.000,9999.000,9999.000
202603011636,   3.489,9999.000,9999.000,9999.000,9999.000,9999.000,9999.000,9999.000,9999.000
202603011642,   3.631,9999.000,9999.000,9999.000,9999.000,9999.000,9999.000,9999.000,9999.000
202603011648,   3.793,9999.000,9999.000,9999.000,9999.000,9999.000,9999.000,9999.000,9999.000
202603011654,   3.973,9999.000,9999.000,9999.000,9999.000,9999.000,9999.000,9999.000,9999.000
202603011700,   4.172,9999.000,  -1.200,  -0.265,   2.706,  -1.200,   2.706,  -1.100,   2.806
202603011706,   4.389,9999.000,9999.000,9999.000,9999.000,9999.000,9999.000,9999.000,9999.000
202603011712,   4.623,9999.000,9999.000,9999.000,9999.000,9999.000,9999.000,9999.000,9999.000
202603011718,   4.874,9999.000,9999.000,9999.000,9999.000,9999.000,9999.000,9999.000,9999.000
202603011724,   5.142,9999.000,9999.000,9999.000,9999.000,9999.000,9999.000,9999.000,9999.000
202603011730,   5.425,9999.000,9999.000,9999.000,9999.000,9999.000,9999.000,9999.000,9999.000
202603011736,   5.723,9999.000,9999.000,9999.000,9999.000,9999.000,9999.000,9999.000,9999.000
202603011742,   6.036,9999.000,9999.000,9999.000,9999.000,9999.000,9999.000,9999.000,9999.000
202603011748,   6.363,9999.000,9999.000,9999.000,9999.000,9999.000,9999.000,9999.000,9999.000
202603011754,   6.703,9999.000,9999.000,9999.000,9999.000,9999.000,9999.000,9999.000,9999.000
202603011800,   7.055,9999.000,  -1.100,  -0.265,   5.689,  -1.200,   5.589,  -1.100,   5.689
202603011806,   7.418,9999.000,9999.000,9999.000,9999.000,9999.000,9999.000,9999.000,9999.000
202603011812,   7.792,9999.000,9999.000,9999.000,9999.000,9999.000,9999.000,9999.000,9999.000
202603011818,   8.175,9999.000,9999.000,9999.000,9999.000,9999.000,9999.000,9999.000,9999.000
202603011824,   8.566,9999.000,9999.000,9999.000,9999.000,9999.000,9999.000,9999.000,9999.000
202603011830,   8.964,9999.000,9999.000,9999.000,9999.000,9999.000,9999.000,9999.000,9999.000
202603011836,   9.369,9999.000,9999.000,9999.000,9999.000,9999.000,9999.000,9999.000,9999.000
202603011842,   9.778,9999.000,9999.000,9999.000,9999.000,9999.000,9999.000,9999.000,9999.000
202603011848,  10.192,9999.000,9999.000,9999.000,9999.000,9999.000,9999.000,9999.000,9999.000
202603011854,  10.608,9999.000,9999.000,9999.000,9999.000,9999.000,9999.000,9999.000,9999.000
202603011900,  11.025,9999.000,  -1.100,  -0.265,   9.659,  -1.100,   9.659,  -1.000,   9.759
202603011906,  11.442,9999.000,9999.000,9999.000,9999.000,9999.000,9999.000,9999.000,9999.000
202603011912,  11.859,9999.000,9999.000,9999.000,9999.000,9999.000,9999.000,9999.000,9999.000
202603011918,  12.273,9999.000,9999.000,9999.000,9999.000,9999.000,9999.000,9999.000,9999.000
202603011924,  12.684,9999.000,9999.000,9999.000,9999.000,9999.000,9999.000,9999.000,9999.000
202603011930,  13.090,9999.000,9999.000,9999.000,9999.000,9999.000,9999.000,9999.000,9999.000
202603011936,  13.491,9999.000,9999.000,9999.000,9999.000,9999.000,9999.000,9999.000,9999.000
202603011942,  13.885,9999.000,9999.000,9999.000,9999.000,9999.000,9999.000,9999.000,9999.000
202603011948,  14.271,9999.000,9999.000,9999.000,9999.000,9999.000,9999.000,9999.000,9999.000
202603011954,  14.648,9999.000,9999.000,9999.000,9999.000,9999.000,9999.000,9999.000,9999.000
202603012000,  15.015,9999.000,  -1.000,  -0.265,  13.750,  -1.100,  13.649,  -1.000,  13.750
202603012006,  15.371,9999.000,9999.000,9999.000,9999.000,9999.000,9999.000,9999.000,9999.000
202603012012,  15.716,9999.000,9999.000,9999.000,9999.000,9999.000,9999.000,9999.000,9999.000
202603012018,  16.048,9999.000,9999.000,9999.000,9999.000,9999.000,9999.000,9999.000,9999.000
202603012024,  16.367,9999.000,9999.000,9999.000,9999.000,9999.000,9999.000,9999.000,9999.000
202603012030,  16.672,9999.000,9999.000,9999.000,9999.000,9999.000,9999.000,9999.000,9999.000
202603012036,  16.961,9999.000,9999.000,9999.000,9999.000,9999.000,9999.000,9999.000,9999.000
202603012042,  17.235,9999.000,9999.000,9999.000,9999.000,9999.000,9999.000,9999.000,9999.000
202603012048,  17.493,9999.000,9999.000,9999.000,9999.000,9999.000,9999.000,9999.000,9999.000
202603012054,  17.734,9999.000,9999.000,9999.000,9999.000,9999.000,9999.000,9999.000,9999.000
202603012100,  17.957,9999.000,  -0.900,  -0.265,  16.792,  -1.000,  16.692,  -0.800,  16.892
202603012106,  18.162,9999.000,9999.000,9999.000,9999.000,9999.000,9999.000,9999.000,9999.000
202603012112,  18.348,9999.000,9999.000,9999.000,9999.000,9999.000,9999.000,9999.000,9999.000
202603012118,  18.515,9999.000,9999.000,9999.000,9999.000,9999.000,9999.000,9999.000,9999.000
202603012124,  18.663,9999.000,9999.000,9999.000,9999.000,9999.000,9999.000,9999.000,9999.000
202603012130,  18.791,9999.000,9999.000,9999.000,9999.000,9999.000,9999.000,9999.000,9999.000
202603012136,  18.898,9999.000,9999.000,9999.000,9999.000,9999.000,9999.000,9999.000,9999.000
202603012142,  18.984,9999.000,9999.000,9999.000,9999.000,9999.000,9999.000,9999.000,9999.000
202603012148,  19.050,9999.000,9999.000,9999.000,9999.000,9999.000,9999.000,9999.000,9999.000
202603012154,  19.093,9999.000,9999.000,9999.000,9999.000,9999.000,9999.000,9999.000,9999.000
202603012200,  19.116,9999.000,  -0.800,  -0.265,  18.051,  -1.000,  17.851,  -0.800,  18.051
202603012206,  19.116,9999.000,9999.000,9999.000,9999.000,9999.000,9999.000,9999.000,9999.000
202603012212,  19.095,9999.000,9999.000,9999.000,9999.000,9999.000,9999.000,9999.000,9999.000
202603012218,  19.052,9999.000,9999.000,9999.000,9999.000,9999.000,9999.000,9999.000,9999.000
202603012224,  18.986,9999.000,9999.000,9999.000,9999.000,9999.000,9999.000,9999.000,9999.000
202603012230,  18.898,9999.000,9999.000,9999.000,9999.000,9999.000,9999.000,9999.000,9999.000
202603012236,  18.788,9999.000,9999.000,9999.000,9999.000,9999.000,9999.000,9999.000,9999.000
202603012242,  18.657,9999.000,9999.000,9999.000,9999.000,9999.000,9999.000,9999.000,9999.000
202603012248,  18.503,9999.000,9999.000,9999.000,9999.000,9999.000,9999.000,9999.000,9999.000
202603012254,  18.327,9999.000,9999.000,9999.000,9999.000,9999.000,9999.000,9999.000,9999.000
202603012300,  18.130,9999.000,  -0.800,  -0.265,  17.065,  -0.900,  16.965,  -0.700,  17.164
202603012306,  17.912,9999.000,9999.000,9999.000,9999.000,9999.000,9999.000,9999.000,9999.000
202603012312,  17.673,9999.000,9999.000,9999.000,9999.000,9999.000,9999.000,9999.000,9999.000
202603012318,  17.413,9999.000,9999.000,9999.000,9999.000,9999.000,9999.000,9999.000,9999.000
202603012324,  17.133,9999.000,9999.000,9999.000,9999.000,9999.000,9999.000,9999.000,9999.000
202603012330,  16.833,9999.000,9999.000,9999.000,9999.000,9999.000,9999.000,9999.000,9999.000
202603012336,  16.513,9999.000,9999.000,9999.000,9999.000,9999.000,9999.000,9999.000,9999.000
202603012342,  16.175,9999.000,9999.000,9999.000,9999.000,9999.000,9999.000,9999.000,9999.000
202603012348,  15.818,9999.000,9999.000,9999.000,9999.000,9999.000,9999.000,9999.000,9999.000
202603012354,  15.444,9999.000,9999.000,9999.000,9999.000,9999.000,9999.000,9999.000,9999.000
202603020000,  15.052,9999.000,  -0.800,  -0.265,  13.986,  -0.900,  13.887,  -0.700,  14.087
202603020006,  14.644,9999.000,9999.000,9999.000,9999.000,9999.000,9999.000,9999.000,9999.000
202603020012,  14.220,9999.000,9999.000,9999.000,9999.000,9999.000,9999.000,9999.000,9999.000
202603020018,  13.781,9999.000,9999.000,9999.000,9999.000,9999.000,9999.000,9999.000,9999.000
202603020024,  13.328,9999.000,9999.000,9999.000,9999.000,9999.000,9999.000,9999.000,9999.000
202603020030,  12.862,9999.000,9999.000,9999.000,9999.000,9999.000,9999.000,9999.000,9999.000
202603020036,  12.383,9999.000,9999.000,9999.000,9999.000,9999.000,9999.000,9999.000,9999.000
202603020042,  11.893,9999.000,9999.000,9999.000,9999.000,9999.000,9999.000,9999.000,9999.000
202603020048,  11.392,9999.000,9999.000,9999.000,9999.000,9999.000,9999.000,9999.000,9999.000
202603020054,  10.882,9999.000,9999.000,9999.000,9999.000,9999.000,9999.000,9999.000,9999.000
202603020100,  10.364,9999.000,  -0.800,  -0.265,   9.299,  -0.900,   9.199,  -0.700,   9.399
202603020106,   9.839,9999.000,9999.000,9999.000,9999.000,9999.000,9999.000,9999.000,9999.000
202603020112,   9.308,9999.000,9999.000,9999.000,9999.000,9999.000,9999.000,9999.000,9999.000
202603020118,   8.773,9999.000,9999.000,9999.000,9999.000,9999.000,9999.000,9999.000,9999.000
202603020124,   8.236,9999.000,9999.000,9999.000,9999.000,9999.000,9999.000,9999.000,9999.000
202603020130,   7.697,9999.000,9999.000,9999.000,9999.000,9999.000,9999.000,9999.000,9999.000
202603020136,   7.158,9999.000,9999.000,9999.000,9999.000,9999.000,9999.000,9999.000,9999.000
202603020142,   6.620,9999.000,9999.000,9999.000,9999.000,9999.000,9999.000,9999.000,9999.000
202603020148,   6.086,9999.000,9999.000,9999.000,9999.000,9999.000,9999.000,9999.000,9999.000
202603020154,   5.557,9999.000,9999.000,9999.000,9999.000,9999.000,9999.000,9999.000,9999.000
202603020200,   5.034,9999.000,  -0.800,  -0.265,   3.968,  -0.900,   3.868,  -0.800,   3.968
202603020206,   4.519,9999.000,9999.000,9999.000,9999.000,9999.000,9999.000,9999.000,9999.000
202603020212,   4.013,9999.000,9999.000,9999.000,9999.000,9999.000,9999.000,9999.000,9999.000
202603020218,   3.519,9999.000,9999.000,9999.000,9999.000,9999.000,9999.000,9999.000,9999.000
202603020224,   3.037,9999.000,9999.000,9999.000,9999.000,9999.000,9999.000,9999.000,9999.000
202603020230,   2.569,9999.000,9999.000,9999.000,9999.000,9999.000,9999.000,9999.000,9999.000
202603020236,   2.117,9999.000,9999.000,9999.000,9999.000,9999.000,9999.000,9999.000,9999.000
202603020242,   1.682,9999.000,9999.000,9999.000,9999.000,9999.000,9999.000,9999.000,9999.000
202603020248,   1.265,9999.000,9999.000,9999.000,9999.000,9999.000,9999.000,9999.000,9999.000
202603020254,   0.867,9999.000,9999.000,9999.000,9999.000,9999.000,9999.000,9999.000,9999.000
202603020300,   0.489,9999.000,  -0.900,  -0.265,  -0.676,  -1.000,  -0.776,  -0.800,  -0.576
202603020306,   0.133,9999.000,9999.000,9999.000,9999.000,9999.000,9999.000,9999.000,9999.000
202603020312,  -0.199,9999.000,9999.000,9999.000,9999.000,9999.000,9999.000,9999.000,9999.000
202603020318,  -0.510,9999.000,9999.000,9999.000,9999.000,9999.000,9999.000,9999.000,9999.000
202603020324,  -0.796,9999.000,9999.000,9999.000,9999.000,9999.000,9999.000,9999.000,9999.000
202603020330,  -1.058,9999.000,9999.000,9999.000,9999.000,9999.000,9999.000,9999.000,9999.000
202603020336,  -1.296,9999.000,9999.000,9999.000,9999.000,9999.000,9999.000,9999.000,9999.000
202603020342,  -1.507,9999.000,9999.000,9999.000,9999.000,9999.000,9999.000,9999.000,9999.000
202603020348,  -1.694,9999.000,9999.000,9999.000,9999.000,9999.000,9999.000,9999.000,9999.000
202603020354,  -1.854,9999.000,9999.000,9999.000,9999.000,9999.000,9999.000,9999.000,9999.000
202603020400,  -1.988,9999.000,  -0.900,  -0.265,  -3.154,  -1.000,  -3.253,  -0.800,  -3.054
202603020406,  -2.097,9999.000,9999.000,9999.000,9999.000,9999.000,9999.000,9999.000,9999.000
202603020412,  -2.179,9999.000,9999.000,9999.000,9999.000,9999.000,9999.000,9999.000,9999.000
202603020418,  -2.235,9999.000,9999.000,9999.000,9999.000,9999.000,9999.000,9999.000,9999.000
202603020424,  -2.265,9999.000,9999.000,9999.000,9999.000,9999.000,9999.000,9999.000,9999.000
202603020430,  -2.269,9999.000,9999.000,9999.000,9999.000,9999.000,9999.000,9999.000,9999.000
202603020436,  -2.248,9999.000,9999.000,9999.000,9999.000,9999.000,9999.000,9999.000,9999.000
202603020442,  -2.201,9999.000,9999.000,9999.000,9999.000,9999.000,9999.000,9999.000,9999.000
202603020448,  -2.129,9999.000,9999.000,9999.000,9999.000,9999.000,9999.000,9999.000,9999.000
202603020454,  -2.032,9999.000,9999.000,9999.000,9999.000,9999.000,9999.000,9999.000,9999.000
202603020500,  -1.911,9999.000,  -0.900,  -0.265,  -3.076,  -1.000,  -3.177,  -0.800,  -2.977
202603020506,  -1.765,9999.000,9999.000,9999.000,9999.000,9999.000,9999.000,9999.000,9999.000
202603020512,  -1.595,9999.000,9999.000,9999.000,9999.000,9999.000,9999.000,9999.000,9999.000
202603020518,  -1.402,9999.000,9999.000,9999.000,9999.000,9999.000,9999.000,9999.000,9999.000
202603020524,  -1.186,9999.000,9999.000,9999.000,9999.000,9999.000,9999.000,9999.000,9999.000
202603020530,  -0.948,9999.000,9999.000,9999.000,9999.000,9999.000,9999.000,9999.000,9999.000
202603020536,  -0.687,9999.000,9999.000,9999.000,9999.000,9999.000,9999.000,9999.000,9999.000
202603020542,  -0.405,9999.000,9999.000,9999.000,9999.000,9999.000,9999.000,9999.000,9999.000
202603020548,  -0.101,9999.000,9999.000,9999.000,9999.000,9999.000,9999.000,9999.000,9999.000
202603020554,   0.222,9999.000,9999.000,9999.000,9999.000,9999.000,9999.000,9999.000,9999.000
202603020600,   0.565,9999.000,  -0.800,  -0.265,  -0.500,  -0.900,  -0.600,  -0.700,  -0.400
202603020606,   0.927,9999.000,9999.000,9999.000,9999.000,9999.000,9999.000,9999.000,9999.000
202603020612,   1.308,9999.000,9999.000,9999.000,9999.000,9999.000,9999.000,9999.000,9999.000
202603020618,   1.706,9999.000,9999.000,9999.000,9999.000,9999.000,9999.000,9999.000,9999.000
202603020624,   2.120,9999.000,9999.000,9999.000,9999.000,9999.000,9999.000,9999.000,9999.000
202603020630,   2.550,9999.000,9999.000,9999.000,9999.000,9999.000,9999.000,9999.000,9999.000
202603020636,   2.994,9999.000,9999.000,9999.000,9999.000,9999.000,9999.000,9999.000,9999.000
202603020642,   3.451,9999.000,9999.000,9999.000,9999.000,9999.000,9999.000,9999.000,9999.000
202603020648,   3.920,9999.000,9999.000,9999.000,9999.000,9999.000,9999.000,9999.000,9999.000
202603020654,   4.401,9999.000,9999.000,9999.000,9999.000,9999.000,9999.000,9999.000,9999.000
202603020700,   4.891,9999.000,  -0.800,  -0.265,   3.825,  -0.800,   3.825,  -0.700,   3.925
202603020706,   5.390,9999.000,9999.000,9999.000,9999.000,9999.000,9999.000,9999.000,9999.000
202603020712,   5.895,9999.000,9999.000,9999.000,9999.000,9999.000,9999.000,9999.000,9999.000
202603020718,   6.407,9999.000,9999.000,9999.000,9999.000,9999.000,9999.000,9999.000,9999.000
202603020724,   6.923,9999.000,9999.000,9999.000,9999.000,9999.000,9999.000,9999.000,9999.000
202603020730,   7.442,9999.000,9999.000,9999.000,9999.000,9999.000,9999.000,9999.000,9999.000
202603020736,   7.963,9999.000,9999.000,9999.000,9999.000,9999.000,9999.000,9999.000,9999.000
202603020742,   8.485,9999.000,9999.000,9999.000,9999.000,9999.000,9999.000,9999.000,9999.000
202603020748,   9.005,9999.000,9999.000,9999.000,9999.000,9999.000,9999.000,9999.000,9999.000
202603020754,   9.523,9999.000,9999.000,9999.000,9999.000,9999.000,9999.000,9999.000,9999.000
202603020800,  10.038,9999.000,  -0.700,  -0.265,   9.073,  -0.800,   8.972,  -0.600,   9.172
202603020806,  10.548,9999.000,9999.000,9999.000,9999.000,9999.000,9999.000,9999.000,9999.000
202603020812,  11.052,9999.000,9999.000,9999.000,9999.000,9999.000,9999.000,9999.000,9999.000
202603020818,  11.548,9999.000,9999.000,9999.000,9999.000,9999.000,9999.000,9999.000,9999.000
202603020824,  12.036,9999.000,9999.000,9999.000,9999.000,9999.000,9999.000,9999.000,9999.000
202603020830,  12.515,9999.000,9999.000,9999.000,9999.000,9999.000,9999.000,9999.000,9999.000
202603020836,  12.983,9999.000,9999.000,9999.000,9999.000,9999.000,9999.000,9999.000,9999.000
202603020842,  13.440,9999.000,9999.000,9999.000,9999.000,9999.000,9999.000,9999.000,9999.000
202603020848,  13.883,9999.000,9999.000,9999.000,9999.000,9999.000,9999.000,9999.000,9999.000
202603020854,  14.313,9999.000,9999.000,9999.000,9999.000,9999.000,9999.000,9999.000,9999.000
202603020900,  14.729,9999.000,  -0.700,  -0.265,  13.764,  -0.800,  13.663,  -0.600,  13.863
202603020906,  15.129,9999.000,9999.000,9999.000,9999.000,9999.000,9999.000,9999.000,9999.000
202603020912,  15.513,9999.000,9999.000,9999.000,9999.000,9999.000,9999.000,9999.000,9999.000
202603020918,  15.880,9999.000,9999.000,9999.000,9999.000,9999.000,9999.000,9999.000,9999.000
202603020924,  16.229,9999.000,9999.000,9999.000,9999.000,9999.000,9999.000,9999.000,9999.000
202603020930,  16.559,9999.000,9999.000,9999.000,9999.000,9999.000,9999.000,9999.000,9999.000
202603020936,  16.870,9999.000,9999.000,9999.000,9999.000,9999.000,9999.000,9999.000,9999.000
202603020942,  17.161,9999.000,9999.000,9999.000,9999.000,9999.000,9999.000,9999.000,9999.000
202603020948,  17.431,9999.000,9999.000,9999.000,9999.000,9999.000,9999.000,9999.000,9999.000
202603020954,  17.681,9999.000,9999.000,9999.000,9999.000,9999.000,9999.000,9999.000,9999.000
202603021000,  17.909,9999.000,  -0.700,  -0.265,  16.944,  -0.800,  16.844,  -0.600,  17.044
202603021006,  18.114,9999.000,9999.000,9999.000,9999.000,9999.000,9999.000,9999.000,9999.000
202603021012,  18.297,9999.000,9999.000,9999.000,9999.000,9999.000,9999.000,9999.000,9999.000
202603021018,  18.457,9999.000,9999.000,9999.000,9999.000,9999.000,9999.000,9999.000,9999.000
202603021024,  18.593,9999.000,9999.000,9999.000,9999.000,9999.000,9999.000,9999.000,9999.000
202603021030,  18.706,9999.000,9999.000,9999.000,9999.000,9999.000,9999.000,9999.000,9999.000
202603021036,  18.794,9999.000,9999.000,9999.000,9999.000,9999.000,9999.000,9999.000,9999.000
202603021042,  18.859,9999.000,9999.000,9999.000,9999.000,9999.000,9999.000,9999.000,9999.000
202603021048,  18.899,9999.000,9999.000,9999.000,9999.000,9999.000,9999.000,9999.000,9999.000
202603021054,  18.915,9999.000,9999.000,9999.000,9999.000,9999.000,9999.000,9999.000,9999.000
202603021100,  18.906,9999.000,  -0.700,  -0.265,  17.941,  -0.800,  17.841,  -0.600,  18.041
202603021106,  18.872,9999.000,9999.000,9999.000,9999.000,9999.000,9999.000,9999.000,9999.000
202603021112,  18.815,9999.000,9999.000,9999.000,9999.000,9999.000,9999.000,9999.000,9999.000
202603021118,  18.732,9999.000,9999.000,9999.000,9999.000,9999.000,9999.000,9999.000,9999.000
202603021124,  18.626,9999.000,9999.000,9999.000,9999.000,9999.000,9999.000,9999.000,9999.000
202603021130,  18.496,9999.000,9999.000,9999.000,9999.000,9999.000,9999.000,9999.000,9999.000
202603021136,  18.342,9999.000,9999.000,9999.000,9999.000,9999.000,9999.000,9999.000,9999.000
202603021142,  18.165,9999.000,9999.000,9999.000,9999.000,9999.000,9999.000,9999.000,9999.000
202603021148,  17.965,9999.000,9999.000,9999.000,9999.000,9999.000,9999.000,9999.000,9999.000
202603021154,  17.743,9999.000,9999.000,9999.000,9999.000,9999.000,9999.000,9999.000,9999.000
202603021200,  17.499,9999.000,  -0.700,  -0.265,  16.534,  -0.800,  16.434,  -0.600,  16.634
202603021206,  17.233,9999.000,9999.000,9999.000,9999.000,9999.000,9999.000,9999.000,9999.000
202603021212,  16.947,9999.000,9999.000,9999.000,9999.000,9999.000,9999.000,9999.000,9999.000
202603021218,  16.640,9999.000,9999.000,9999.000,9999.000,9999.000,9999.000,9999.000,9999.000
202603021224,  16.314,9999.000,9999.000,9999.000,9999.000,9999.000,9999.000,9999.000,9999.000
202603021230,  15.969,9999.000,9999.000,9999.000,9999.000,9999.000,9999.000,9999.000,9999.000
202603021236,  15.607,9999.000,9999.000,9999.000,9999.000,9999.000,9999.000,9999.000,9999.000
202603021242,  15.227,9999.000,9999.000,9999.000,9999.000,9999.000,9999.000,9999.000,9999.000
202603021248,  14.831,9999.000,9999.000,9999.000,9999.000,9999.000,9999.000,9999.000,9999.000
202603021254,  14.421,9999.000,9999.000,9999.000,9999.000,9999.000,9999.000,9999.000,9999.000
202603021300,  13.996,9999.000,  -0.700,  -0.265,  13.031,  -0.800,  12.931,  -0.600,  13.130
202603021306,  13.558,9999.000,9999.000,9999.000,9999.000,9999.000,9999.000,9999.000,9999.000
202603021312,  13.108,9999.000,9999.000,9999.000,9999.000,9999.000,9999.000,9999.000,9999.000
202603021318,  12.648,9999.000,9999.000,9999.000,9999.000,9999.000,9999.000,9999.000,9999.000
202603021324,  12.179,9999.000,9999.000,9999.000,9999.000,9999.000,9999.000,9999.000,9999.000
202603021330,  11.701,9999.000,9999.000,9999.000,9999.000,9999.000,9999.000,9999.000,9999.000
202603021336,  11.217,9999.000,9999.000,9999.000,9999.000,9999.000,9999.000,9999.000,9999.000
202603021342,  10.729,9999.000,9999.000,9999.000,9999.000,9999.000,9999.000,9999.000,9999.000
202603021348,  10.236,9999.000,9999.000,9999.000,9999.000,9999.000,9999.000,9999.000,9999.000
202603021354,   9.742,9999.000,9999.000,9999.000,9999.000,9999.000,9999.000,9999.000,9999.000
202603021400,   9.247,9999.000,  -0.800,  -0.265,   8.181,  -0.900,   8.082,  -0.700,   8.281
202603021406,   8.754,9999.000,9999.000,9999.000,9999.000,9999.000,9999.000,9999.000,9999.000
202603021412,   8.263,9999.000,9999.000,9999.000,9999.000,9999.000,9999.000,9999.000,9999.000
202603021418,   7.778,9999.000,9999.000,9999.000,9999.000,9999.000,9999.000,9999.000,9999.000
202603021424,   7.298,9999.000,9999.000,9999.000,9999.000,9999.000,9999.000,9999.000,9999.000
202603021430,   6.827,9999.000,9999.000,9999.000,9999.000,9999.000,9999.000,9999.000,9999.000
202603021436,   6.365,9999.000,9999.000,9999.000,9999.000,9999.000,9999.000,9999.000,9999.000
202603021442,   5.915,9999.000,9999.000,9999.000,9999.000,9999.000,9999.000,9999.000,9999.000
202603021448,   5.478,9999.000,9999.000,9999.000,9999.000,9999.000,9999.000,9999.000,9999.000
202603021454,   5.055,9999.000,9999.000,9999.000,9999.000,9999.000,9999.000,9999.000,9999.000
202603021500,   4.648,9999.000,  -0.800,  -0.265,   3.582,  -0.900,   3.482,  -0.700,   3.682
202603021506,   4.258,9999.000,9999.000,9999.000,9999.000,9999.000,9999.000,9999.000,9999.000
202603021512,   3.887,9999.000,9999.000,9999.000,9999.000,9999.000,9999.000,9999.000,9999.000
202603021518,   3.535,9999.000,9999.000,9999.000,9999.000,9999.000,9999.000,9999.000,9999.000
202603021524,   3.205,9999.000,9999.000,9999.000,9999.000,9999.000,9999.000,9999.000,9999.000
202603021530,   2.896,9999.000,9999.000,9999.000,9999.000,9999.000,9999.000,9999.000,9999.000
202603021536,   2.611,9999.000,9999.000,9999.000,9999.000,9999.000,9999.000,9999.000,9999.000
202603021542,   2.349,9999.000,9999.000,9999.000,9999.000,9999.000,9999.000,9999.000,9999.000
202603021548,   2.111,9999.000,9999.000,9999.000,9999.000,9999.000,9999.000,9999.000,9999.000
202603021554,   1.898,9999.000,9999.000,9999.000,9999.000,9999.000,9999.000,9999.000,9999.000
202603021600,   1.710,9999.000,  -0.900,  -0.265,   0.545,  -1.000,   0.445,  -0.700,   0.745
202603021606,   1.548,9999.000,9999.000,9999.000,9999.000,9999.000,9999.000,9999.000,9999.000
202603021612,   1.412,9999.000,9999.000,9999.000,9999.000,9999.000,9999.000,9999.000,9999.000
202603021618,   1.302,9999.000,9999.000,9999.000,9999.000,9999.000,9999.000,9999.000,9999.000
202603021624,   1.218,9999.000,9999.000,9999.000,9999.000,9999.000,9999.000,9999.000,9999.000
202603021630,   1.160,9999.000,9999.000,9999.000,9999.000,9999.000,9999.000,9999.000,9999.000
202603021636,   1.127,9999.000,9999.000,9999.000,9999.000,9999.000,9999.000,9999.000,9999.000
202603021642,   1.121,9999.000,9999.000,9999.000,9999.000,9999.000,9999.000,9999.000,9999.000
202603021648,   1.140,9999.000,9999.000,9999.000,9999.000,9999.000,9999.000,9999.000,9999.000
202603021654,   1.184,9999.000,9999.000,9999.000,9999.000,9999.000,9999.000,9999.000,9999.000
202603021700,   1.254,9999.000,  -0.800,  -0.265,   0.188,  -1.000,  -0.012,  -0.700,   0.288
202603021706,   1.347,9999.000,9999.000,9999.000,9999.000,9999.000,9999.000,9999.000,9999.000
202603021712,   1.465,9999.000,9999.000,9999.000,9999.000,9999.000,9999.000,9999.000,9999.000
202603021718,   1.607,9999.000,9999.000,9999.000,9999.000,9999.000,9999.000,9999.000,9999.000
202603021724,   1.772,9999.000,9999.000,9999.000,9999.000,9999.000,9999.000,9999.000,9999.000
202603021730,   1.959,9999.000,9999.000,9999.000,9999.000,9999.000,9999.000,9999.000,9999.000
202603021736,   2.169,9999.000,9999.000,9999.000,9999.000,9999.000,9999.000,9999.000,9999.000
202603021742,   2.401,9999.000,9999.000,9999.000,9999.000,9999.000,9999.000,9999.000,9999.000
202603021748,   2.653,9999.000,9999.000,9999.000,9999.000,9999.000,9999.000,9999.000,9999.000
202603021754,   2.926,9999.000,9999.000,9999.000,9999.000,9999.000,9999.000,9999.000,9999.000
202603021800,   3.219,9999.000,  -0.800,  -0.265,   2.154,  -0.900,   2.054,  -0.600,   2.353
202603021806,   3.531,9999.000,9999.000,9999.000,9999.000,9999.000,9999.000,9999.000,9999.000
202603021812,   3.861,9999.000,9999.000,9999.000,9999.000,9999.000,9999.000,9999.000,9999.000
202603021818,   4.209,9999.000,9999.000,9999.000,9999.000,9999.000,9999.000,9999.000,9999.000
202603021824,   4.573,9999.000,9999.000,9999.000,9999.000,9999.000,9999.000,9999.000,9999.000
202603021830,   4.954,9999.000,9999.000,9999.000,9999.000,9999.000,9999.000,9999.000,9999.000
202603021836,   5.349,9999.000,9999.000,9999.000,9999.000,9999.000,9999.000,9999.000,9999.000
202603021842,   5.759,9999.000,9999.000,9999.000,9999.000,9999.000,9999.000,9999.000,9999.000
202603021848,   6.182,9999.000,9999.000,9999.000,9999.000,9999.000,9999.000,9999.000,9999.000
202603021854,   6.616,9999.000,9999.000,9999.000,9999.000,9999.000,9999.000,9999.000,9999.000
202603021900,   7.061,9999.000,  -0.700,  -0.265,   6.095,  -0.800,   5.995,  -0.500,   6.295
202603021906,   7.516,9999.000,9999.000,9999.000,9999.000,9999.000,9999.000,9999.000,9999.000
202603021912,   7.979,9999.000,9999.000,9999.000,9999.000,9999.000,9999.000,9999.000,9999.000
202603021918,   8.450,9999.000,9999.000,9999.000,9999.000,9999.000,9999.000,9999.000,9999.000
202603021924,   8.926,9999.000,9999.000,9999.000,9999.000,9999.000,9999.000,9999.000,9999.000
202603021930,   9.407,9999.000,9999.000,9999.000,9999.000,9999.000,9999.000,9999.000,9999.000
202603021936,   9.891,9999.000,9999.000,9999.000,9999.000,9999.000,9999.000,9999.000,9999.000
202603021942,  10.376,9999.000,9999.000,9999.000,9999.000,9999.000,9999.000,9999.000,9999.000
202603021948,  10.863,9999.000,9999.000,9999.000,9999.000,9999.000,9999.000,9999.000,9999.000
202603021954,  11.348,9999.000,9999.000,9999.000,9999.000,9999.000,9999.000,9999.000,9999.000
202603022000,  11.831,9999.000,  -0.600,  -0.265,  10.965,  -0.800,  10.766,  -0.500,  11.066
202603022006,  12.310,9999.000,9999.000,9999.000,9999.000,9999.000,9999.000,9999.000,9999.000
202603022012,  12.785,9999.000,9999.000,9999.000,9999.000,9999.000,9999.000,9999.000,9999.000
202603022018,  13.253,9999.000,9999.000,9999.000,9999.000,9999.000,9999.000,9999.000,9999.000
202603022024,  13.714,9999.000,9999.000,9999.000,9999.000,9999.000,9999.000,9999.000,9999.000
202603022030,  14.166,9999.000,9999.000,9999.000,9999.000,9999.000,9999.000,9999.000,9999.000
202603022036,  14.608,9999.000,9999.000,9999.000,9999.000,9999.000,9999.000,9999.000,9999.000
202603022042,  15.040,9999.000,9999.000,9999.000,9999.000,9999.000,9999.000,9999.000,9999.000
202603022048,  15.459,9999.000,9999.000,9999.000,9999.000,9999.000,9999.000,9999.000,9999.000
202603022054,  15.865,9999.000,9999.000,9999.000,9999.000,9999.000,9999.000,9999.000,9999.000
202603022100,  16.257,9999.000,  -0.500,  -0.265,  15.491,  -0.700,  15.292,  -0.400,  15.592
202603022106,  16.633,9999.000,9999.000,9999.000,9999.000,9999.000,9999.000,9999.000,9999.000
202603022112,  16.994,9999.000,9999.000,9999.000,9999.000,9999.000,9999.000,9999.000,9999.000
202603022118,  17.338,9999.000,9999.000,9999.000,9999.000,9999.000,9999.000,9999.000,9999.000
202603022124,  17.664,9999.000,9999.000,9999.000,9999.000,9999.000,9999.000,9999.000,9999.000
202603022130,  17.972,9999.000,9999.000,9999.000,9999.000,9999.000,9999.000,9999.000,9999.000
202603022136,  18.260,9999.000,9999.000,9999.000,9999.000,9999.000,9999.000,9999.000,9999.000
202603022142,  18.529,9999.000,9999.000,9999.000,9999.000,9999.000,9999.000,9999.000,9999.000
202603022148,  18.777,9999.000,9999.000,9999.000,9999.000,9999.000,9999.000,9999.000,9999.000
202603022154,  19.004,9999.000,9999.000,9999.000,9999.000,9999.000,9999.000,9999.000,9999.000
202603022200,  19.209,9999.000,  -0.500,  -0.265,  18.444,  -0.600,  18.344,  -0.300,  18.644
202603022206,  19.392,9999.000,9999.000,9999.000,9999.000,9999.000,9999.000,9999.000,9999.000
202603022212,  19.552,9999.000,9999.000,9999.000,9999.000,9999.000,9999.000,9999.000,9999.000
202603022218,  19.689,9999.000,9999.000,9999.000,9999.000,9999.000,9999.000,9999.000,9999.000
202603022224,  19.803,9999.000,9999.000,9999.000,9999.000,9999.000,9999.000,9999.000,9999.000
202603022230,  19.892,9999.000,9999.000,9999.000,9999.000,9999.000,9999.000,9999.000,9999.000
202603022236,  19.958,9999.000,9999.000,9999.000,9999.000,9999.000,9999.000,9999.000,9999.000
202603022242,  19.998,9999.000,9999.000,9999.000,9999.000,9999.000,9999.000,9999.000,9999.000
202603022248,  20.014,9999.000,9999.000,9999.000,9999.000,9999.000,9999.000,9999.000,9999.000
202603022254,  20.005,9999.000,9999.000,9999.000,9999.000,9999.000,9999.000,9999.000,9999.000
202603022300,  19.971,9999.000,  -0.500,  -0.265,  19.206,  -0.600,  19.106,  -0.300,  19.406
202603022306,  19.911,9999.000,9999.000,9999.000,9999.000,9999.000,9999.000,9999.000,9999.000
202603022312,  19.827,9999.000,9999.000,9999.000,9999.000,9999.000,9999.000,9999.000,9999.000
202603022318,  19.717,9999.000,9999.000,9999.000,9999.000,9999.000,9999.000,9999.000,9999.000
202603022324,  19.582,9999.000,9999.000,9999.000,9999.000,9999.000,9999.000,9999.000,9999.000
202603022330,  19.422,9999.000,9999.000,9999.000,9999.000,9999.000,9999.000,9999.000,9999.000
202603022336,  19.237,9999.000,9999.000,9999.000,9999.000,9999.000,9999.000,9999.000,9999.000
202603022342,  19.028,9999.000,9999.000,9999.000,9999.000,9999.000,9999.000,9999.000,9999.000
202603022348,  18.794,9999.000,9999.000,9999.000,9999.000,9999.000,9999.000,9999.000,9999.000
202603022354,  18.537,9999.000,9999.000,9999.000,9999.000,9999.000,9999.000,9999.000,9999.000
202603030000,  18.256,9999.000,  -0.500,  -0.265,  17.491,  -0.600,  17.391,  -0.400,  17.591
202603030006,  17.952,9999.000,9999.000,9999.000,9999.000,9999.000,9999.000,9999.000,9999.000
202603030012,  17.626,9999.000,9999.000,9999.000,9999.000,9999.000,9999.000,9999.000,9999.000
202603030018,  17.278,9999.000,9999.000,9999.000,9999.000,9999.000,9999.000,9999.000,9999.000
202603030024,  16.908,9999.000,9999.000,9999.000,9999.000,9999.000,9999.000,9999.000,9999.000
202603030030,  16.518,9999.000,9999.000,9999.000,9999.000,9999.000,9999.000,9999.000,9999.000
202603030036,  16.108,9999.000,9999.000,9999.000,9999.000,9999.000,9999.000,9999.000,9999.000
202603030042,  15.680,9999.000,9999.000,9999.000,9999.000,9999.000,9999.000,9999.000,9999.000
202603030048,  15.232,9999.000,9999.000,9999.000,9999.000,9999.000,9999.000,9999.000,9999.000
202603030054,  14.768,9999.000,9999.000,9999.000,9999.000,9999.000,9999.000,9999.000,9999.000
202603030100,  14.287,9999.000,  -0.600,  -0.265,  13.421,  -0.700,  13.321,  -0.500,  13.521
202603030106,  13.790,9999.000,9999.000,9999.000,9999.000,9999.000,9999.000,9999.000,9999.000
202603030112,  13.280,9999.000,9999.000,9999.000,9999.000,9999.000,9999.000,9999.000,9999.000
202603030118,  12.755,9999.000,9999.000,9999.000,9999.000,9999.000,9999.000,9999.000,9999.000
202603030124,  12.219,9999.000,9999.000,9999.000,9999.000,9999.000,9999.000,9999.000,9999.000
202603030130,  11.671,9999.000,9999.000,9999.000,9999.000,9999.000,9999.000,9999.000,9999.000
202603030136,  11.114,9999.000,9999.000,9999.000,9999.000,9999.000,9999.000,9999.000,9999.000
202603030142,  10.549,9999.000,9999.000,9999.000,9999.000,9999.000,9999.000,9999.000,9999.000
202603030148,   9.976,9999.000,9999.000,9999.000,9999.000,9999.000,9999.000,9999.000,9999.000
202603030154,   9.398,9999.000,9999.000,9999.000,9999.000,9999.000,9999.000,9999.000,9999.000
202603030200,   8.816,9999.000,  -0.700,  -0.265,   7.851,  -0.800,   7.750,  -0.600,   7.950
202603030206,   8.231,9999.000,9999.000,9999.000,9999.000,9999.000,9999.000,9999.000,9999.000
202603030212,   7.646,9999.000,9999.000,9999.000,9999.000,9999.000,9999.000,9999.000,9999.000
202603030218,   7.061,9999.000,9999.000,9999.000,9999.000,9999.000,9999.000,9999.000,9999.000
202603030224,   6.478,9999.000,9999.000,9999.000,9999.000,9999.000,9999.000,9999.000,9999.000
202603030230,   5.900,9999.000,9999.000,9999.000,9999.000,9999.000,9999.000,9999.000,9999.000
202603030236,   5.327,9999.000,9999.000,9999.000,9999.000,9999.000,9999.000,9999.000,9999.000
202603030242,   4.762,9999.000,9999.000,9999.000,9999.000,9999.000,9999.000,9999.000,9999.000
202603030248,   4.206,9999.000,9999.000,9999.000,9999.000,9999.000,9999.000,9999.000,9999.000
202603030254,   3.661,9999.000,9999.000,9999.000,9999.000,9999.000,9999.000,9999.000,9999.000
202603030300,   3.129,9999.000,  -0.800,  -0.265,   2.063,  -0.900,   1.964,  -0.600,   2.263
202603030306,   2.611,9999.000,9999.000,9999.000,9999.000,9999.000,9999.000,9999.000,9999.000
202603030312,   2.109,9999.000,9999.000,9999.000,9999.000,9999.000,9999.000,9999.000,9999.000
202603030318,   1.625,9999.000,9999.000,9999.000,9999.000,9999.000,9999.000,9999.000,9999.000
202603030324,   1.160,9999.000,9999.000,9999.000,9999.000,9999.000,9999.000,9999.000,9999.000
202603030330,   0.716,9999.000,9999.000,9999.000,9999.000,9999.000,9999.000,9999.000,9999.000
202603030336,   0.293,9999.000,9999.000,9999.000,9999.000,9999.000,9999.000,9999.000,9999.000
202603030342,  -0.106,9999.000,9999.000,9999.000,9999.000,9999.000,9999.000,9999.000,9999.000
202603030348,  -0.481,9999.000,9999.000,9999.000,9999.000,9999.000,9999.000,9999.000,9999.000
202603030354,  -0.831,9999.000,9999.000,9999.000,9999.000,9999.000,9999.000,9999.000,9999.000
202603030400,  -1.155,9999.000,  -0.800,  -0.265,  -2.220,  -0.900,  -2.320,  -0.600,  -2.020
202603030406,  -1.452,9999.000,9999.000,9999.000,9999.000,9999.000,9999.000,9999.000,9999.000
202603030412,  -1.722,9999.000,9999.000,9999.000,9999.000,9999.000,9999.000,9999.000,9999.000
202603030418,  -1.963,9999.000,9999.000,9999.000,9999.000,9999.000,9999.000,9999.000,9999.000
202603030424,  -2.175,9999.000,9999.000,9999.000,9999.000,9999.000,9999.000,9999.000,9999.000
202603030430,  -2.359,9999.000,9999.000,9999.000,9999.000,9999.000,9999.000,9999.000,9999.000
202603030436,  -2.513,9999.000,9999.000,9999.000,9999.000,9999.000,9999.000,9999.000,9999.000
202603030442,  -2.638,9999.000,9999.000,9999.000,9999.000,9999.000,9999.000,9999.000,9999.000
202603030448,  -2.733,9999.000,9999.000,9999.000,9999.000,9999.000,9999.000,9999.000,9999.000
202603030454,  -2.799,9999.000,9999.000,9999.000,9999.000,9999.000,9999.000,9999.000,9999.000
202603030500,  -2.835,9999.000,  -0.700,  -0.265,  -3.801,  -0.800,  -3.901,  -0.600,  -3.701
202603030506,  -2.843,9999.000,9999.000,9999.000,9999.000,9999.000,9999.000,9999.000,9999.000
202603030512,  -2.822,9999.000,9999.000,9999.000,9999.000,9999.000,9999.000,9999.000,9999.000
202603030518,  -2.772,9999.000,9999.000,9999.000,9999.000,9999.000,9999.000,9999.000,9999.000
202603030524,  -2.694,9999.000,9999.000,9999.000,9999.000,9999.000,9999.000,9999.000,9999.000
202603030530,  -2.588,9999.000,9999.000,9999.000,9999.000,9999.000,9999.000,9999.000,9999.000
202603030536,  -2.455,9999.000,9999.000,9999.000,9999.000,9999.000,9999.000,9999.000,9999.000
202603030542,  -2.295,9999.000,9999.000,9999.000,9999.000,9999.000,9999.000,9999.000,9999.000
202603030548,  -2.108,9999.000,9999.000,9999.000,9999.000,9999.000,9999.000,9999.000,9999.000
202603030554,  -1.896,9999.000,9999.000,9999.000,9999.000,9999.000,9999.000,9999.000,9999.000
202603030600,  -1.659,9999.000,  -0.600,  -0.265,  -2.525,  -0.800,  -2.725,  -0.500,  -2.424
202603030606,  -1.397,9999.000,9999.000,9999.000,9999.000,9999.000,9999.000,9999.000,9999.000
202603030612,  -1.111,9999.000,9999.000,9999.000,9999.000,9999.000,9999.000,9999.000,9999.000
202603030618,  -0.802,9999.000,9999.000,9999.000,9999.000,9999.000,9999.000,9999.000,9999.000
202603030624,  -0.471,9999.000,9999.000,9999.000,9999.000,9999.000,9999.000,9999.000,9999.000
202603030630,  -0.118,9999.000,9999.000,9999.000,9999.000,9999.000,9999.000,9999.000,9999.000
202603030636,   0.256,9999.000,9999.000,9999.000,9999.000,9999.000,9999.000,9999.000,9999.000
202603030642,   0.650,9999.000,9999.000,9999.000,9999.000,9999.000,9999.000,9999.000,9999.000
202603030648,   1.064,9999.000,9999.000,9999.000,9999.000,9999.000,9999.000,9999.000,9999.000
202603030654,   1.496,9999.000,9999.000,9999.000,9999.000,9999.000,9999.000,9999.000,9999.000
202603030700,   1.945,9999.000,  -0.600,  -0.265,   1.080,  -0.700,   0.980,  -0.400,   1.280
202603030706,   2.410,9999.000,9999.000,9999.000,9999.000,9999.000,9999.000,9999.000,9999.000
202603030712,   2.891,9999.000,9999.000,9999.000,9999.000,9999.000,9999.000,9999.000,9999.000
202603030718,   3.386,9999.000,9999.000,9999.000,9999.000,9999.000,9999.000,9999.000,9999.000
202603030724,   3.893,9999.000,9999.000,9999.000,9999.000,9999.000,9999.000,9999.000,9999.000
202603030730,   4.412,9999.000,9999.000,9999.000,9999.000,9999.000,9999.000,9999.000,9999.000
202603030736,   4.942,9999.000,9999.000,9999.000,9999.000,9999.000,9999.000,9999.000,9999.000
202603030742,   5.480,9999.000,9999.000,9999.000,9999.000,9999.000,9999.000,9999.000,9999.000
202603030748,   6.026,9999.000,9999.000,9999.000,9999.000,9999.000,9999.000,9999.000,9999.000
202603030754,   6.578,9999.000,9999.000,9999.000,9999.000,9999.000,9999.000,9999.000,9999.000
202603030800,   7.134,9999.000,  -0.500,  -0.265,   6.368,  -0.600,   6.268,  -0.300,   6.568
202603030806,   7.694,9999.000,9999.000,9999.000,9999.000,9999.000,9999.000,9999.000,9999.000
202603030812,   8.256,9999.000,9999.000,9999.000,9999.000,9999.000,9999.000,9999.000,9999.000
202603030818,   8.818,9999.000,9999.000,9999.000,9999.000,9999.000,9999.000,9999.000,9999.000
202603030824,   9.379,9999.000,9999.000,9999.000,9999.000,9999.000,9999.000,9999.000,9999.000
202603030830,   9.938,9999.000,9999.000,9999.000,9999.000,9999.000,9999.000,9999.000,9999.000
202603030836,  10.492,9999.000,9999.000,9999.000,9999.000,9999.000,9999.000,9999.000,9999.000
202603030842,  11.042,9999.000,9999.000,9999.000,9999.000,9999.000,9999.000,9999.000,9999.000
202603030848,  11.584,9999.000,9999.000,9999.000,9999.000,9999.000,9999.000,9999.000,9999.000
202603030854,  12.119,9999.000,9999.000,9999.000,9999.000,9999.000,9999.000,9999.000,9999.000
202603030900,  12.645,9999.000,  -0.400,  -0.265,  11.980,  -0.600,  11.780,  -0.300,  12.080
202603030906,  13.159,9999.000,9999.000,9999.000,9999.000,9999.000,9999.000,9999.000,9999.000
202603030912,  13.663,9999.000,9999.000,9999.000,9999.000,9999.000,9999.000,9999.000,9999.000
202603030918,  14.153,9999.000,9999.000,9999.000,9999.000,9999.000,9999.000,9999.000,9999.000
202603030924,  14.629,9999.000,9999.000,9999.000,9999.000,9999.000,9999.000,9999.000,9999.000
202603030930,  15.090,9999.000,9999.000,9999.000,9999.000,9999.000,9999.000,9999.000,9999.000
202603030936,  15.535,9999.000,9999.000,9999.000,9999.000,9999.000,9999.000,9999.000,9999.000
202603030942,  15.964,9999.000,9999.000,9999.000,9999.000,9999.000,9999.000,9999.000,9999.000
202603030948,  16.374,9999.000,9999.000,9999.000,9999.000,9999.000,9999.000,9999.000,9999.000
202603030954,  16.765,9999.000,9999.000,9999.000,9999.000,9999.000,9999.000,9999.000,9999.000
202603031000,  17.137,9999.000,  -0.400,  -0.265,  16.472,  -0.600,  16.271,  -0.200,  16.671
202603031006,  17.488,9999.000,9999.000,9999.000,9999.000,9999.000,9999.000,9999.000,9999.000
202603031012,  17.818,9999.000,9999.000,9999.000,9999.000,9999.000,9999.000,9999.000,9999.000
202603031018,  18.126,9999.000,9999.000,9999.000,9999.000,9999.000,9999.000,9999.000,9999.000
202603031024,  18.412,9999.000,9999.000,9999.000,9999.000,9999.000,9999.000,9999.000,9999.000
202603031030,  18.674,9999.000,9999.000,9999.000,9999.000,9999.000,9999.000,9999.000,9999.000
202603031036,  18.913,9999.000,9999.000,9999.000,9999.000,9999.000,9999.000,9999.000,9999.000
202603031042,  19.127,9999.000,9999.000,9999.000,9999.000,9999.000,9999.000,9999.000,9999.000
202603031048,  19.316,9999.000,9999.000,9999.000,9999.000,9999.000,9999.000,9999.000,9999.000
202603031054,  19.480,9999.000,9999.000,9999.000,9999.000,9999.000,9999.000,9999.000,9999.000
202603031100,  19.619,9999.000,  -0.400,  -0.265,  18.954,  -0.600,  18.753,  -0.200,  19.153
202603031106,  19.731,9999.000,9999.000,9999.000,9999.000,9999.000,9999.000,9999.000,9999.000
202603031112,  19.817,9999.000,9999.000,9999.000,9999.000,9999.000,9999.000,9999.000,9999.000
202603031118,  19.877,9999.000,9999.000,9999.000,9999.000,9999.000,9999.000,9999.000,9999.000
202603031124,  19.909,9999.000,9999.000,9999.000,9999.000,9999.000,9999.000,9999.000,9999.000
202603031130,  19.915,9999.000,9999.000,9999.000,9999.000,9999.000,9999.000,9999.000,9999.000
202603031136,  19.894,9999.000,9999.000,9999.000,9999.000,9999.000,9999.000,9999.000,9999.000
202603031142,  19.846,9999.000,9999.000,9999.000,9999.000,9999.000,9999.000,9999.000,9999.000
202603031148,  19.771,9999.000,9999.000,9999.000,9999.000,9999.000,9999.000,9999.000,9999.000
202603031154,  19.670,9999.000,9999.000,9999.000,9999.000,9999.000,9999.000,9999.000,9999.000
202603031200,  19.542,9999.000,  -0.500,  -0.265,  18.777,  -0.700,  18.576,  -0.300,  18.977
202603031206,  19.387,9999.000,9999.000,9999.000,9999.000,9999.000,9999.000,9999.000,9999.000
202603031212,  19.207,9999.000,9999.000,9999.000,9999.000,9999.000,9999.000,9999.000,9999.000
202603031218,  19.001,9999.000,9999.000,9999.000,9999.000,9999.000,9999.000,9999.000,9999.000
202603031224,  18.770,9999.000,9999.000,9999.000,9999.000,9999.000,9999.000,9999.000,9999.000
202603031230,  18.515,9999.000,9999.000,9999.000,9999.000,9999.000,9999.000,9999.000,9999.000
202603031236,  18.235,9999.000,9999.000,9999.000,9999.000,9999.000,9999.000,9999.000,9999.000
202603031242,  17.932,9999.000,9999.000,9999.000,9999.000,9999.000,9999.000,9999.000,9999.000
202603031248,  17.607,9999.000,9999.000,9999.000,9999.000,9999.000,9999.000,9999.000,9999.000
202603031254,  17.260,9999.000,9999.000,9999.000,9999.000,9999.000,9999.000,9999.000,9999.000
202603031300,  16.891,9999.000,  -0.500,  -0.265,  16.126,  -0.700,  15.925,  -0.300,  16.326
202603031306,  16.503,9999.000,9999.000,9999.000,9999.000,9999.000,9999.000,9999.000,9999.000
202603031312,  16.095,9999.000,9999.000,9999.000,9999.000,9999.000,9999.000,9999.000,9999.000
202603031318,  15.668,9999.000,9999.000,9999.000,9999.000,9999.000,9999.000,9999.000,9999.000
202603031324,  15.225,9999.000,9999.000,9999.000,9999.000,9999.000,9999.000,9999.000,9999.000
202603031330,  14.765,9999.000,9999.000,9999.000,9999.000,9999.000,9999.000,9999.000,9999.000
202603031336,  14.290,9999.000,9999.000,9999.000,9999.000,9999.000,9999.000,9999.000,9999.000
202603031342,  13.801,9999.000,9999.000,9999.000,9999.000,9999.000,9999.000,9999.000,9999.000
202603031348,  13.300,9999.000,9999.000,9999.000,9999.000,9999.000,9999.000,9999.000,9999.000
202603031354,  12.787,9999.000,9999.000,9999.000,9999.000,9999.000,9999.000,9999.000,9999.000
202603031400,  12.264,9999.000,  -0.600,  -0.265,  11.398,  -0.800,  11.198,  -0.400,  11.599
202603031406,  11.732,9999.000,9999.000,9999.000,9999.000,9999.000,9999.000,9999.000,9999.000
202603031412,  11.193,9999.000,9999.000,9999.000,9999.000,9999.000,9999.000,9999.000,9999.000
202603031418,  10.649,9999.000,9999.000,9999.000,9999.000,9999.000,9999.000,9999.000,9999.000
202603031424,  10.101,9999.000,9999.000,9999.000,9999.000,9999.000,9999.000,9999.000,9999.000
202603031430,   9.550,9999.000,9999.000,9999.000,9999.000,9999.000,9999.000,9999.000,9999.000
202603031436,   8.998,9999.000,9999.000,9999.000,9999.000,9999.000,9999.000,9999.000,9999.000
202603031442,   8.448,9999.000,9999.000,9999.000,9999.000,9999.000,9999.000,9999.000,9999.000
202603031448,   7.900,9999.000,9999.000,9999.000,9999.000,9999.000,9999.000,9999.000,9999.000
202603031454,   7.356,9999.000,9999.000,9999.000,9999.000,9999.000,9999.000,9999.000,9999.000
202603031500,   6.819,9999.000,  -0.700,  -0.265,   5.853,  -0.800,   5.753,  -0.400,   6.153
202603031506,   6.290,9999.000,9999.000,9999.000,9999.000,9999.000,9999.000,9999.000,9999.000
202603031512,   5.770,9999.000,9999.000,9999.000,9999.000,9999.000,9999.000,9999.000,9999.000
202603031518,   5.262,9999.000,9999.000,9999.000,9999.000,9999.000,9999.000,9999.000,9999.000
202603031524,   4.767,9999.000,9999.000,9999.000,9999.000,9999.000,9999.000,9999.000,9999.000
202603031530,   4.287,9999.000,9999.000,9999.000,9999.000,9999.000,9999.000,9999.000,9999.000
202603031536,   3.824,9999.000,9999.000,9999.000,9999.000,9999.000,9999.000,9999.000,9999.000
202603031542,   3.379,9999.000,9999.000,9999.000,9999.000,9999.000,9999.000,9999.000,9999.000
202603031548,   2.953,9999.000,9999.000,9999.000,9999.000,9999.000,9999.000,9999.000,9999.000
202603031554,   2.549,9999.000,9999.000,9999.000,9999.000,9999.000,9999.000,9999.000,9999.000
202603031600,   2.167,9999.000,  -0.700,  -0.265,   1.202,  -0.900,   1.002,  -0.400,   1.502
202603031606,   1.808,9999.000,9999.000,9999.000,9999.000,9999.000,9999.000,9999.000,9999.000
202603031612,   1.475,9999.000,9999.000,9999.000,9999.000,9999.000,9999.000,9999.000,9999.000
202603031618,   1.167,9999.000,9999.000,9999.000,9999.000,9999.000,9999.000,9999.000,9999.000
202603031624,   0.885,9999.000,9999.000,9999.000,9999.000,9999.000,9999.000,9999.000,9999.000
202603031630,   0.631,9999.000,9999.000,9999.000,9999.000,9999.000,9999.000,9999.000,9999.000
202603031636,   0.405,9999.000,9999.000,9999.000,9999.000,9999.000,9999.000,9999.000,9999.000
202603031642,   0.207,9999.000,9999.000,9999.000,9999.000,9999.000,9999.000,9999.000,9999.000
202603031648,   0.038,9999.000,9999.000,9999.000,9999.000,9999.000,9999.000,9999.000,9999.000
202603031654,  -0.101,9999.000,9999.000,9999.000,9999.000,9999.000,9999.000,9999.000,9999.000
202603031700,  -0.211,9999.000,  -0.600,  -0.265,  -1.076,  -0.800,  -1.276,  -0.400,  -0.877
202603031706,  -0.292,9999.000,9999.000,9999.000,9999.000,9999.000,9999.000,9999.000,9999.000
202603031712,  -0.344,9999.000,9999.000,9999.000,9999.000,9999.000,9999.000,9999.000,9999.000
202603031718,  -0.367,9999.000,9999.000,9999.000,9999.000,9999.000,9999.000,9999.000,9999.000
202603031724,  -0.362,9999.000,9999.000,9999.000,9999.000,9999.000,9999.000,9999.000,9999.000
202603031730,  -0.327,9999.000,9999.000,9999.000,9999.000,9999.000,9999.000,9999.000,9999.000
202603031736,  -0.265,9999.000,9999.000,9999.000,9999.000,9999.000,9999.000,9999.000,9999.000
202603031742,  -0.174,9999.000,9999.000,9999.000,9999.000,9999.000,9999.000,9999.000,9999.000
202603031748,  -0.057,9999.000,9999.000,9999.000,9999.000,9999.000,9999.000,9999.000,9999.000
202603031754,   0.086,9999.000,9999.000,9999.000,9999.000,9999.000,9999.000,9999.000,9999.000
202603031800,   0.256,9999.000,  -0.500,  -0.265,  -0.509,  -0.800,  -0.809,  -0.300,  -0.309
202603031806,   0.451,9999.000,9999.000,9999.000,9999.000,9999.000,9999.000,9999.000,9999.000
202603031812,   0.672,9999.000,9999.000,9999.000,9999.000,9999.000,9999.000,9999.000,9999.000
202603031818,   0.916,9999.000,9999.000,9999.000,9999.000,9999.000,9999.000,9999.000,9999.000
202603031824,   1.184,9999.000,9999.000,9999.000,9999.000,9999.000,9999.000,9999.000,9999.000
202603031830,   1.474,9999.000,9999.000,9999.000,9999.000,9999.000,9999.000,9999.000,9999.000
202603031836,   1.786,9999.000,9999.000,9999.000,9999.000,9999.000,9999.000,9999.000,9999.000
202603031842,   2.119,9999.000,9999.000,9999.000,9999.000,9999.000,9999.000,9999.000,9999.000
202603031848,   2.472,9999.000,9999.000,9999.000,9999.000,9999.000,9999.000,9999.000,9999.000
202603031854,   2.844,9999.000,9999.000,9999.000,9999.000,9999.000,9999.000,9999.000,9999.000
202603031900,   3.235,9999.000,  -0.500,  -0.265,   2.469,  -0.700,   2.269,  -0.200,   2.769
202603031906,   3.643,9999.000,9999.000,9999.000,9999.000,9999.000,9999.000,9999.000,9999.000
202603031912,   4.068,9999.000,9999.000,9999.000,9999.000,9999.000,9999.000,9999.000,9999.000
202603031918,   4.507,9999.000,9999.000,9999.000,9999.000,9999.000,9999.000,9999.000,9999.000
202603031924,   4.962,9999.000,9999.000,9999.000,9999.000,9999.000,9999.000,9999.000,9999.000
202603031930,   5.429,9999.000,9999.000,9999.000,9999.000,9999.000,9999.000,9999.000,9999.000
202603031936,   5.909,9999.000,9999.000,9999.000,9999.000,9999.000,9999.000,9999.000,9999.000
202603031942,   6.399,9999.000,9999.000,9999.000,9999.000,9999.000,9999.000,9999.000,9999.000
202603031948,   6.899,9999.000,9999.000,9999.000,9999.000,9999.000,9999.000,9999.000,9999.000
202603031954,   7.407,9999.000,9999.000,9999.000,9999.000,9999.000,9999.000,9999.000,9999.000
202603032000,   7.922,9999.000,  -0.300,  -0.265,   7.356,  -0.600,   7.056,   0.000,   7.656
202603032006,   8.442,9999.000,9999.000,9999.000,9999.000,9999.000,9999.000,9999.000,9999.000
202603032012,   8.967,9999.000,9999.000,9999.000,9999.000,9999.000,9999.000,9999.000,9999.000
202603032018,   9.495,9999.000,9999.000,9999.000,9999.000,9999.000,9999.000,9999.000,9999.000
202603032024,  10.024,9999.000,9999.000,9999.000,9999.000,9999.000,9999.000,9999.000,9999.000
202603032030,  10.553,9999.000,9999.000,9999.000,9999.000,9999.000,9999.000,9999.000,9999.000
202603032036,  11.080,9999.000,9999.000,9999.000,9999.000,9999.000,9999.000,9999.000,9999.000
202603032042,  11.604,9999.000,9999.000,9999.000,9999.000,9999.000,9999.000,9999.000,9999.000
202603032048,  12.124,9999.000,9999.000,9999.000,9999.000,9999.000,9999.000,9999.000,9999.000
202603032054,  12.639,9999.000,9999.000,9999.000,9999.000,9999.000,9999.000,9999.000,9999.000
202603032100,  13.146,9999.000,  -0.200,  -0.265,  12.681,  -0.500,  12.380,   0.000,  12.880
202603032106,  13.645,9999.000,9999.000,9999.000,9999.000,9999.000,9999.000,9999.000,9999.000
202603032112,  14.134,9999.000,9999.000,9999.000,9999.000,9999.000,9999.000,9999.000,9999.000
202603032118,  14.612,9999.000,9999.000,9999.000,9999.000,9999.000,9999.000,9999.000,9999.000
202603032124,  15.077,9999.000,9999.000,9999.000,9999.000,9999.000,9999.000,9999.000,9999.000
202603032130,  15.530,9999.000,9999.000,9999.000,9999.000,9999.000,9999.000,9999.000,9999.000
202603032136,  15.968,9999.000,9999.000,9999.000,9999.000,9999.000,9999.000,9999.000,9999.000
202603032142,  16.390,9999.000,9999.000,9999.000,9999.000,9999.000,9999.000,9999.000,9999.000
202603032148,  16.795,9999.000,9999.000,9999.000,9999.000,9999.000,9999.000,9999.000,9999.000
202603032154,  17.183,9999.000,9999.000,9999.000,9999.000,9999.000,9999.000,9999.000,9999.000
202603032200,  17.553,9999.000,  -0.100,  -0.265,  17.188,  -0.300,  16.988,   0.100,  17.388
202603032206,  17.903,9999.000,9999.000,9999.000,9999.000,9999.000,9999.000,9999.000,9999.000
202603032212,  18.232,9999.000,9999.000,9999.000,9999.000,9999.000,9999.000,9999.000,9999.000
202603032218,  18.541,9999.000,9999.000,9999.000,9999.000,9999.000,9999.000,9999.000,9999.000
202603032224,  18.828,9999.000,9999.000,9999.000,9999.000,9999.000,9999.000,9999.000,9999.000
202603032230,  19.093,9999.000,9999.000,9999.000,9999.000,9999.000,9999.000,9999.000,9999.000
202603032236,  19.334,9999.000,9999.000,9999.000,9999.000,9999.000,9999.000,9999.000,9999.000
202603032242,  19.552,9999.000,9999.000,9999.000,9999.000,9999.000,9999.000,9999.000,9999.000
202603032248,  19.746,9999.000,9999.000,9999.000,9999.000,9999.000,9999.000,9999.000,9999.000
202603032254,  19.915,9999.000,9999.000,9999.000,9999.000,9999.000,9999.000,9999.000,9999.000
202603032300,  20.058,9999.000,  -0.100,  -0.265,  19.693,  -0.300,  19.493,   0.200,  19.993
202603032306,  20.177,9999.000,9999.000,9999.000,9999.000,9999.000,9999.000,9999.000,9999.000
202603032312,  20.269,9999.000,9999.000,9999.000,9999.000,9999.000,9999.000,9999.000,9999.000
202603032318,  20.335,9999.000,9999.000,9999.000,9999.000,9999.000,9999.000,9999.000,9999.000
202603032324,  20.374,9999.000,9999.000,9999.000,9999.000,9999.000,9999.000,9999.000,9999.000
202603032330,  20.386,9999.000,9999.000,9999.000,9999.000,9999.000,9999.000,9999.000,9999.000
202603032336,  20.372,9999.000,9999.000,9999.000,9999.000,9999.000,9999.000,9999.000,9999.000
202603032342,  20.331,9999.000,9999.000,9999.000,9999.000,9999.000,9999.000,9999.000,9999.000
202603032348,  20.262,9999.000,9999.000,9999.000,9999.000,9999.000,9999.000,9999.000,9999.000
202603032354,  20.166,9999.000,9999.000,9999.000,9999.000,9999.000,9999.000,9999.000,9999.000
202603040000,  20.044,9999.000,   0.000,  -0.265,  19.779,  -0.200,  19.579,   0.200,  19.979
202603040006,  19.894,9999.000,9999.000,9999.000,9999.000,9999.000,9999.000,9999.000,9999.000
202603040012,  19.718,9999.000,9999.000,9999.000,9999.000,9999.000,9999.000,9999.000,9999.000
202603040018,  19.516,9999.000,9999.000,9999.000,9999.000,9999.000,9999.000,9999.000,9999.000
202603040024,  19.287,9999.000,9999.000,9999.000,9999.000,9999.000,9999.000,9999.000,9999.000
202603040030,  19.033,9999.000,9999.000,9999.000,9999.000,9999.000,9999.000,9999.000,9999.000
202603040036,  18.754,9999.000,9999.000,9999.000,9999.000,9999.000,9999.000,9999.000,9999.000
202603040042,  18.450,9999.000,9999.000,9999.000,9999.000,9999.000,9999.000,9999.000,9999.000
202603040048,  18.122,9999.000,9999.000,9999.000,9999.000,9999.000,9999.000,9999.000,9999.000
202603040054,  17.770,9999.000,9999.000,9999.000,9999.000,9999.000,9999.000,9999.000,9999.000
202603040100,  17.396,9999.000,  -0.100,  -0.265,  17.031,  -0.300,  16.831,   0.100,  17.231
202603040106,  17.000,9999.000,9999.000,9999.000,9999.000,9999.000,9999.000,9999.000,9999.000
202603040112,  16.584,9999.000,9999.000,9999.000,9999.000,9999.000,9999.000,9999.000,9999.000
202603040118,  16.146,9999.000,9999.000,9999.000,9999.000,9999.000,9999.000,9999.000,9999.000
202603040124,  15.690,9999.000,9999.000,9999.000,9999.000,9999.000,9999.000,9999.000,9999.000
202603040130,  15.216,9999.000,9999.000,9999.000,9999.000,9999.000,9999.000,9999.000,9999.000
202603040136,  14.724,9999.000,9999.000,9999.000,9999.000,9999.000,9999.000,9999.000,9999.000
202603040142,  14.216,9999.000,9999.000,9999.000,9999.000,9999.000,9999.000,9999.000,9999.000
202603040148,  13.693,9999.000,9999.000,9999.000,9999.000,9999.000,9999.000,9999.000,9999.000
202603040154,  13.156,9999.000,9999.000,9999.000,9999.000,9999.000,9999.000,9999.000,9999.000
202603040200,  12.607,9999.000,  -0.100,  -0.265,  12.241,  -0.400,  11.942,   0.000,  12.342
202603040206,  12.046,9999.000,9999.000,9999.000,9999.000,9999.000,9999.000,9999.000,9999.000
202603040212,  11.475,9999.000,9999.000,9999.000,9999.000,9999.000,9999.000,9999.000,9999.000
202603040218,  10.895,9999.000,9999.000,9999.000,9999.000,9999.000,9999.000,9999.000,9999.000
202603040224,  10.309,9999.000,9999.000,9999.000,9999.000,9999.000,9999.000,9999.000,9999.000
202603040230,   9.716,9999.000,9999.000,9999.000,9999.000,9999.000,9999.000,9999.000,9999.000
202603040236,   9.119,9999.000,9999.000,9999.000,9999.000,9999.000,9999.000,9999.000,9999.000
202603040242,   8.520,9999.000,9999.000,9999.000,9999.000,9999.000,9999.000,9999.000,9999.000
202603040248,   7.919,9999.000,9999.000,9999.000,9999.000,9999.000,9999.000,9999.000,9999.000
202603040254,   7.319,9999.000,9999.000,9999.000,9999.000,9999.000,9999.000,9999.000,9999.000
202603040300,   6.722,9999.000,  -0.200,  -0.265,   6.257,  -0.400,   6.056,   0.000,   6.457
202603040306,   6.128,9999.000,9999.000,9999.000,9999.000,9999.000,9999.000,9999.000,9999.000
202603040312,   5.540,9999.000,9999.000,9999.000,9999.000,9999.000,9999.000,9999.000,9999.000
202603040318,   4.959,9999.000,9999.000,9999.000,9999.000,9999.000,9999.000,9999.000,9999.000
202603040324,   4.388,9999.000,9999.000,9999.000,9999.000,9999.000,9999.000,9999.000,9999.000
202603040330,   3.827,9999.000,9999.000,9999.000,9999.000,9999.000,9999.000,9999.000,9999.000
202603040336,   3.279,9999.000,9999.000,9999.000,9999.000,9999.000,9999.000,9999.000,9999.000
202603040342,   2.746,9999.000,9999.000,9999.000,9999.000,9999.000,9999.000,9999.000,9999.000
202603040348,   2.229,9999.000,9999.000,9999.000,9999.000,9999.000,9999.000,9999.000,9999.000
202603040354,   1.730,9999.000,9999.000,9999.000,9999.000,9999.000,9999.000,9999.000,9999.000
202603040400,   1.250,9999.000,  -0.300,  -0.265,   0.684,  -0.500,   0.485,  -0.100,   0.885
202603040406,   0.792,9999.000,9999.000,9999.000,9999.000,9999.000,9999.000,9999.000,9999.000
202603040412,   0.356,9999.000,9999.000,9999.000,9999.000,9999.000,9999.000,9999.000,9999.000
202603040418,  -0.056,9999.000,9999.000,9999.000,9999.000,9999.000,9999.000,9999.000,9999.000
202603040424,  -0.443,9999.000,9999.000,9999.000,9999.000,9999.000,9999.000,9999.000,9999.000
202603040430,  -0.804,9999.000,9999.000,9999.000,9999.000,9999.000,9999.000,9999.000,9999.000
202603040436,  -1.137,9999.000,9999.000,9999.000,9999.000,9999.000,9999.000,9999.000,9999.000
202603040442,  -1.442,9999.000,9999.000,9999.000,9999.000,9999.000,9999.000,9999.000,9999.000
202603040448,  -1.718,9999.000,9999.000,9999.000,9999.000,9999.000,9999.000,9999.000,9999.000
202603040454,  -1.964,9999.000,9999.000,9999.000,9999.000,9999.000,9999.000,9999.000,9999.000
202603040500,  -2.180,9999.000,  -0.200,  -0.265,  -2.646,  -0.500,  -2.946,  -0.100,  -2.546
202603040506,  -2.364,9999.000,9999.000,9999.000,9999.000,9999.000,9999.000,9999.000,9999.000
202603040512,  -2.518,9999.000,9999.000,9999.000,9999.000,9999.000,9999.000,9999.000,9999.000
202603040518,  -2.640,9999.000,9999.000,9999.000,9999.000,9999.000,9999.000,9999.000,9999.000
202603040524,  -2.731,9999.000,9999.000,9999.000,9999.000,9999.000,9999.000,9999.000,9999.000
202603040530,  -2.790,9999.000,9999.000,9999.000,9999.000,9999.000,9999.000,9999.000,9999.000
202603040536,  -2.818,9999.000,9999.000,9999.000,9999.000,9999.000,9999.000,9999.000,9999.000
202603040542,  -2.815,9999.000,9999.000,9999.000,9999.000,9999.000,9999.000,9999.000,9999.000
202603040548,  -2.782,9999.000,9999.000,9999.000,9999.000,9999.000,9999.000,9999.000,9999.000
202603040554,  -2.717,9999.000,9999.000,9999.000,9999.000,9999.000,9999.000,9999.000,9999.000
202603040600,  -2.624,9999.000,  -0.200,  -0.265,  -3.090,  -0.400,  -3.290,   0.000,  -2.890
