        TIME,    TIDE,      OB,   SURGE,    BIAS,     TWL,SURGE90p,  TWL90p,SURGE10p,   TWL10p
202604110600,   0.611,   1.101,   0.000,   0.490,   1.101,   0.000,   1.101,   0.000,   1.101
202604110606,   0.646,   1.140,9999.000,9999.000,9999.000,9999.000,9999.000,9999.000,9999.000
202604110612,   0.681,   1.160,9999.000,9999.000,9999.000,9999.000,9999.000,9999.000,9999.000
202604110618,   0.716,   1.189,9999.000,9999.000,9999.000,9999.000,9999.000,9999.000,9999.000
202604110624,   0.751,   1.232,9999.000,9999.000,9999.000,9999.000,9999.000,9999.000,9999.000
202604110630,   0.786,   1.261,9999.000,9999.000,9999.000,9999.000,9999.000,9999.000,9999.000
202604110636,   0.820,   1.281,9999.000,9999.000,9999.000,9999.000,9999.000,9999.000,9999.000
202604110642,   0.854,   1.320,9999.000,9999.000,9999.000,9999.000,9999.000,9999.000,9999.000
202604110648,   0.887,   1.340,9999.000,9999.000,9999.000,9999.000,9999.000,9999.000,9999.000
202604110654,   0.920,   1.370,9999.000,9999.000,9999.000,9999.000,9999.000,9999.000,9999.000
202604110700,   0.951,   1.399,   0.000,   0.448,   1.399,   0.000,   1.399,   0.000,   1.399
202604110706,   0.982,   1.442,9999.000,9999.000,9999.000,9999.000,9999.000,9999.000,9999.000
202604110712,   1.013,   1.471,9999.000,9999.000,9999.000,9999.000,9999.000,9999.000,9999.000
202604110718,   1.042,   1.491,9999.000,9999.000,9999.000,9999.000,9999.000,9999.000,9999.000
202604110724,   1.071,   1.520,9999.000,9999.000,9999.000,9999.000,9999.000,9999.000,9999.000
202604110730,   1.099,   1.549,9999.000,9999.000,9999.000,9999.000,9999.000,9999.000,9999.000
202604110736,   1.126,   1.579,9999.000,9999.000,9999.000,9999.000,9999.000,9999.000,9999.000
202604110742,   1.153,   1.608,9999.000,9999.000,9999.000,9999.000,9999.000,9999.000,9999.000
202604110748,   1.178,   1.631,9999.000,9999.000,9999.000,9999.000,9999.000,9999.000,9999.000
202604110754,   1.204,   1.661,9999.000,9999.000,9999.000,9999.000,9999.000,9999.000,9999.000
202604110800,   1.228,   1.680,   0.000,   0.452,   1.680,   0.000,   1.680,   0.000,   1.680
202604110806,   1.252,   1.710,9999.000,9999.000,9999.000,9999.000,9999.000,9999.000,9999.000
202604110812,   1.275,   1.729,9999.000,9999.000,9999.000,9999.000,9999.000,9999.000,9999.000
202604110818,   1.297,   1.759,9999.000,9999.000,9999.000,9999.000,9999.000,9999.000,9999.000
202604110824,   1.318,   1.779,9999.000,9999.000,9999.000,9999.000,9999.000,9999.000,9999.000
202604110830,   1.338,   1.798,9999.000,9999.000,9999.000,9999.000,9999.000,9999.000,9999.000
202604110836,   1.357,   1.828,9999.000,9999.000,9999.000,9999.000,9999.000,9999.000,9999.000
202604110842,   1.374,   1.841,9999.000,9999.000,9999.000,9999.000,9999.000,9999.000,9999.000
202604110848,   1.390,   1.861,9999.000,9999.000,9999.000,9999.000,9999.000,9999.000,9999.000
202604110854,   1.405,   1.880,9999.000,9999.000,9999.000,9999.000,9999.000,9999.000,9999.000
202604110900,   1.418,   1.900,   0.000,   0.482,   1.900,   0.000,   1.900,   0.000,   1.900
202604110906,   1.430,   1.910,9999.000,9999.000,9999.000,9999.000,9999.000,9999.000,9999.000
202604110912,   1.439,   1.929,9999.000,9999.000,9999.000,9999.000,9999.000,9999.000,9999.000
202604110918,   1.446,   1.939,9999.000,9999.000,9999.000,9999.000,9999.000,9999.000,9999.000
202604110924,   1.451,   1.939,9999.000,9999.000,9999.000,9999.000,9999.000,9999.000,9999.000
202604110930,   1.454,   1.959,9999.000,9999.000,9999.000,9999.000,9999.000,9999.000,9999.000
202604110936,   1.455,   1.959,9999.000,9999.000,9999.000,9999.000,9999.000,9999.000,9999.000
202604110942,   1.453,   1.959,9999.000,9999.000,9999.000,9999.000,9999.000,9999.000,9999.000
202604110948,   1.449,   1.969,9999.000,9999.000,9999.000,9999.000,9999.000,9999.000,9999.000
202604110954,   1.442,   1.959,9999.000,9999.000,9999.000,9999.000,9999.000,9999.000,9999.000
202604111000,   1.433,   1.939,   0.000,   0.506,   1.939,   0.000,   1.939,   0.000,   1.939
202604111006,   1.421,   1.929,9999.000,9999.000,9999.000,9999.000,9999.000,9999.000,9999.000
202604111012,   1.408,   1.910,9999.000,9999.000,9999.000,9999.000,9999.000,9999.000,9999.000
202604111018,   1.392,   1.890,9999.000,9999.000,9999.000,9999.000,9999.000,9999.000,9999.000
202604111024,   1.374,   1.870,9999.000,9999.000,9999.000,9999.000,9999.000,9999.000,9999.000
202604111030,   1.354,   1.851,9999.000,9999.000,9999.000,9999.000,9999.000,9999.000,9999.000
202604111036,   1.333,   1.818,9999.000,9999.000,9999.000,9999.000,9999.000,9999.000,9999.000
202604111042,   1.310,   1.798,9999.000,9999.000,9999.000,9999.000,9999.000,9999.000,9999.000
202604111048,   1.286,   1.759,9999.000,9999.000,9999.000,9999.000,9999.000,9999.000,9999.000
202604111054,   1.261,   1.739,9999.000,9999.000,9999.000,9999.000,9999.000,9999.000,9999.000
202604111100,   1.235,   1.720,   0.000,   0.485,   1.720,   0.000,   1.720,   0.000,   1.720
202604111106,   1.208,   1.700,9999.000,9999.000,9999.000,9999.000,9999.000,9999.000,9999.000
202604111112,   1.181,   1.670,9999.000,9999.000,9999.000,9999.000,9999.000,9999.000,9999.000
202604111118,   1.153,   1.641,9999.000,9999.000,9999.000,9999.000,9999.000,9999.000,9999.000
202604111124,   1.125,   1.618,9999.000,9999.000,9999.000,9999.000,9999.000,9999.000,9999.000
202604111130,   1.097,   1.598,9999.000,9999.000,9999.000,9999.000,9999.000,9999.000,9999.000
202604111136,   1.069,   1.569,9999.000,9999.000,9999.000,9999.000,9999.000,9999.000,9999.000
202604111142,   1.042,   1.539,9999.000,9999.000,9999.000,9999.000,9999.000,9999.000,9999.000
202604111148,   1.015,   1.520,9999.000,9999.000,9999.000,9999.000,9999.000,9999.000,9999.000
202604111154,   0.988,   1.491,9999.000,9999.000,9999.000,9999.000,9999.000,9999.000,9999.000
202604111200,   0.961,   1.461,   0.000,   0.500,   1.461,   0.000,   1.461,   0.000,   1.461
202604111206,   0.935,   1.442,9999.000,9999.000,9999.000,9999.000,9999.000,9999.000,9999.000
202604111212,   0.909,   1.409,9999.000,9999.000,9999.000,9999.000,9999.000,9999.000,9999.000
202604111218,   0.884,   1.379,9999.000,9999.000,9999.000,9999.000,9999.000,9999.000,9999.000
202604111224,   0.859,   1.350,9999.000,9999.000,9999.000,9999.000,9999.000,9999.000,9999.000
202604111230,   0.835,   1.330,9999.000,9999.000,9999.000,9999.000,9999.000,9999.000,9999.000
202604111236,   0.810,   1.291,9999.000,9999.000,9999.000,9999.000,9999.000,9999.000,9999.000
202604111242,   0.786,   1.261,9999.000,9999.000,9999.000,9999.000,9999.000,9999.000,9999.000
202604111248,   0.763,   1.242,9999.000,9999.000,9999.000,9999.000,9999.000,9999.000,9999.000
202604111254,   0.739,   1.222,9999.000,9999.000,9999.000,9999.000,9999.000,9999.000,9999.000
202604111300,   0.716,   1.179,   0.000,   0.463,   1.179,   0.000,   1.179,   0.000,   1.179
202604111306,   0.693,   1.160,9999.000,9999.000,9999.000,9999.000,9999.000,9999.000,9999.000
202604111312,   0.670,   1.130,9999.000,9999.000,9999.000,9999.000,9999.000,9999.000,9999.000
202604111318,   0.647,   1.101,9999.000,9999.000,9999.000,9999.000,9999.000,9999.000,9999.000
202604111324,   0.625,   1.081,9999.000,9999.000,9999.000,9999.000,9999.000,9999.000,9999.000
202604111330,   0.602,   1.061,9999.000,9999.000,9999.000,9999.000,9999.000,9999.000,9999.000
202604111336,   0.580,   1.032,9999.000,9999.000,9999.000,9999.000,9999.000,9999.000,9999.000
202604111342,   0.558,   1.002,9999.000,9999.000,9999.000,9999.000,9999.000,9999.000,9999.000
202604111348,   0.536,   0.979,9999.000,9999.000,9999.000,9999.000,9999.000,9999.000,9999.000
202604111354,   0.515,   0.950,9999.000,9999.000,9999.000,9999.000,9999.000,9999.000,9999.000
202604111400,   0.493,   0.930,   0.000,   0.437,   0.930,   0.000,   0.930,   0.000,   0.930
202604111406,   0.472,   0.901,9999.000,9999.000,9999.000,9999.000,9999.000,9999.000,9999.000
202604111412,   0.452,   0.871,9999.000,9999.000,9999.000,9999.000,9999.000,9999.000,9999.000
202604111418,   0.432,   0.842,9999.000,9999.000,9999.000,9999.000,9999.000,9999.000,9999.000
202604111424,   0.412,   0.832,9999.000,9999.000,9999.000,9999.000,9999.000,9999.000,9999.000
202604111430,   0.393,   0.802,9999.000,9999.000,9999.000,9999.000,9999.000,9999.000,9999.000
202604111436,   0.374,   0.779,9999.000,9999.000,9999.000,9999.000,9999.000,9999.000,9999.000
202604111442,   0.356,   0.769,9999.000,9999.000,9999.000,9999.000,9999.000,9999.000,9999.000
202604111448,   0.338,   0.750,9999.000,9999.000,9999.000,9999.000,9999.000,9999.000,9999.000
202604111454,   0.321,   0.720,9999.000,9999.000,9999.000,9999.000,9999.000,9999.000,9999.000
202604111500,   0.305,   0.701,   0.000,   0.396,   0.701,   0.000,   0.701,   0.100,   0.801
202604111506,   0.289,   0.701,9999.000,9999.000,9999.000,9999.000,9999.000,9999.000,9999.000
202604111512,   0.274,   0.671,9999.000,9999.000,9999.000,9999.000,9999.000,9999.000,9999.000
202604111518,   0.260,   0.671,9999.000,9999.000,9999.000,9999.000,9999.000,9999.000,9999.000
202604111524,   0.246,   0.651,9999.000,9999.000,9999.000,9999.000,9999.000,9999.000,9999.000
202604111530,   0.233,   0.632,9999.000,9999.000,9999.000,9999.000,9999.000,9999.000,9999.000
202604111536,   0.221,   0.632,9999.000,9999.000,9999.000,9999.000,9999.000,9999.000,9999.000
202604111542,   0.210,   0.632,9999.000,9999.000,9999.000,9999.000,9999.000,9999.000,9999.000
202604111548,   0.199,   0.622,9999.000,9999.000,9999.000,9999.000,9999.000,9999.000,9999.000
202604111554,   0.189,   0.612,9999.000,9999.000,9999.000,9999.000,9999.000,9999.000,9999.000
202604111600,   0.181,   0.622,   0.000,   0.441,   0.622,   0.000,   0.622,   0.100,   0.722
202604111606,   0.173,   0.612,9999.000,9999.000,9999.000,9999.000,9999.000,9999.000,9999.000
202604111612,   0.167,   0.602,9999.000,9999.000,9999.000,9999.000,9999.000,9999.000,9999.000
202604111618,   0.161,   0.622,9999.000,9999.000,9999.000,9999.000,9999.000,9999.000,9999.000
202604111624,   0.158,   0.622,9999.000,9999.000,9999.000,9999.000,9999.000,9999.000,9999.000
202604111630,   0.155,   0.632,9999.000,9999.000,9999.000,9999.000,9999.000,9999.000,9999.000
202604111636,   0.154,   0.661,9999.000,9999.000,9999.000,9999.000,9999.000,9999.000,9999.000
202604111642,   0.154,   0.691,9999.000,9999.000,9999.000,9999.000,9999.000,9999.000,9999.000
202604111648,   0.156,   0.691,9999.000,9999.000,9999.000,9999.000,9999.000,9999.000,9999.000
202604111654,   0.160,   0.740,9999.000,9999.000,9999.000,9999.000,9999.000,9999.000,9999.000
202604111700,   0.166,   0.769,   0.100,   0.503,   0.769,   0.000,   0.669,   0.100,   0.769
202604111706,   0.173,   0.779,9999.000,9999.000,9999.000,9999.000,9999.000,9999.000,9999.000
202604111712,   0.182,   0.812,9999.000,9999.000,9999.000,9999.000,9999.000,9999.000,9999.000
202604111718,   0.193,   0.851,9999.000,9999.000,9999.000,9999.000,9999.000,9999.000,9999.000
202604111724,   0.206,   0.861,9999.000,9999.000,9999.000,9999.000,9999.000,9999.000,9999.000
202604111730,   0.220,   0.861,9999.000,9999.000,9999.000,9999.000,9999.000,9999.000,9999.000
202604111736,   0.236,   0.901,9999.000,9999.000,9999.000,9999.000,9999.000,9999.000,9999.000
202604111742,   0.254,   0.930,9999.000,9999.000,9999.000,9999.000,9999.000,9999.000,9999.000
202604111748,   0.274,   0.950,9999.000,9999.000,9999.000,9999.000,9999.000,9999.000,9999.000
202604111754,   0.294,   0.989,9999.000,9999.000,9999.000,9999.000,9999.000,9999.000,9999.000
202604111800,   0.316,   1.012,   0.100,   0.596,   1.012,   0.000,   0.912,   0.100,   1.012
202604111806,   0.340,   1.042,9999.000,9999.000,9999.000,9999.000,9999.000,9999.000,9999.000
202604111812,   0.364,   1.081,9999.000,9999.000,9999.000,9999.000,9999.000,9999.000,9999.000
202604111818,   0.389,   1.101,9999.000,9999.000,9999.000,9999.000,9999.000,9999.000,9999.000
202604111824,   0.415,   1.120,9999.000,9999.000,9999.000,9999.000,9999.000,9999.000,9999.000
202604111830,   0.441,   1.150,9999.000,9999.000,9999.000,9999.000,9999.000,9999.000,9999.000
202604111836,   0.468,   1.179,9999.000,9999.000,9999.000,9999.000,9999.000,9999.000,9999.000
202604111842,   0.495,   1.212,9999.000,9999.000,9999.000,9999.000,9999.000,9999.000,9999.000
202604111848,   0.522,   1.242,9999.000,9999.000,9999.000,9999.000,9999.000,9999.000,9999.000
202604111854,   0.549,   1.261,9999.000,9999.000,9999.000,9999.000,9999.000,9999.000,9999.000
202604111900,   0.576,   1.291,   0.100,   0.615,   1.291,   0.100,   1.291,   0.100,   1.291
202604111906,   0.603,   1.330,9999.000,9999.000,9999.000,9999.000,9999.000,9999.000,9999.000
202604111912,   0.629,   1.350,9999.000,9999.000,9999.000,9999.000,9999.000,9999.000,9999.000
202604111918,   0.656,   1.379,9999.000,9999.000,9999.000,9999.000,9999.000,9999.000,9999.000
202604111924,   0.681,   1.422,9999.000,9999.000,9999.000,9999.000,9999.000,9999.000,9999.000
202604111930,   0.707,   1.442,9999.000,9999.000,9999.000,9999.000,9999.000,9999.000,9999.000
202604111936,   0.732,   1.481,9999.000,9999.000,9999.000,9999.000,9999.000,9999.000,9999.000
202604111942,   0.757,   1.511,9999.000,9999.000,9999.000,9999.000,9999.000,9999.000,9999.000
202604111948,   0.782,   1.529,9999.000,9999.000,9999.000,9999.000,9999.000,9999.000,9999.000
202604111954,   0.806,   1.559,9999.000,9999.000,9999.000,9999.000,9999.000,9999.000,9999.000
202604112000,   0.830,   1.598,   0.100,   0.668,   1.598,   0.100,   1.598,   0.200,   1.698
202604112006,   0.854,   1.618,9999.000,9999.000,9999.000,9999.000,9999.000,9999.000,9999.000
202604112012,   0.877,   1.651,9999.000,9999.000,9999.000,9999.000,9999.000,9999.000,9999.000
202604112018,   0.900,   1.680,9999.000,9999.000,9999.000,9999.000,9999.000,9999.000,9999.000
202604112024,   0.923,   1.700,9999.000,9999.000,9999.000,9999.000,9999.000,9999.000,9999.000
202604112030,   0.946,   1.720,9999.000,9999.000,9999.000,9999.000,9999.000,9999.000,9999.000
202604112036,   0.968,   1.749,9999.000,9999.000,9999.000,9999.000,9999.000,9999.000,9999.000
202604112042,   0.990,   1.769,9999.000,9999.000,9999.000,9999.000,9999.000,9999.000,9999.000
202604112048,   1.011,   1.788,9999.000,9999.000,9999.000,9999.000,9999.000,9999.000,9999.000
202604112054,   1.032,   1.818,9999.000,9999.000,9999.000,9999.000,9999.000,9999.000,9999.000
202604112100,   1.052,   1.851,   0.100,   0.699,   1.851,   0.100,   1.851,   0.200,   1.951
202604112106,   1.072,   1.861,9999.000,9999.000,9999.000,9999.000,9999.000,9999.000,9999.000
202604112112,   1.090,   1.880,9999.000,9999.000,9999.000,9999.000,9999.000,9999.000,9999.000
202604112118,   1.107,   1.900,9999.000,9999.000,9999.000,9999.000,9999.000,9999.000,9999.000
202604112124,   1.123,   1.920,9999.000,9999.000,9999.000,9999.000,9999.000,9999.000,9999.000
202604112130,   1.138,   1.939,9999.000,9999.000,9999.000,9999.000,9999.000,9999.000,9999.000
202604112136,   1.151,   1.949,9999.000,9999.000,9999.000,9999.000,9999.000,9999.000,9999.000
202604112142,   1.163,   1.959,9999.000,9999.000,9999.000,9999.000,9999.000,9999.000,9999.000
202604112148,   1.172,   1.959,9999.000,9999.000,9999.000,9999.000,9999.000,9999.000,9999.000
202604112154,   1.180,   1.969,9999.000,9999.000,9999.000,9999.000,9999.000,9999.000,9999.000
202604112200,   1.185,   1.979,   0.100,   0.694,   1.979,   0.100,   1.979,   0.200,   2.079
202604112206,   1.188,   1.979,9999.000,9999.000,9999.000,9999.000,9999.000,9999.000,9999.000
202604112212,   1.190,   1.979,9999.000,9999.000,9999.000,9999.000,9999.000,9999.000,9999.000
202604112218,   1.188,   1.979,9999.000,9999.000,9999.000,9999.000,9999.000,9999.000,9999.000
202604112224,   1.185,   1.969,9999.000,9999.000,9999.000,9999.000,9999.000,9999.000,9999.000
202604112230,   1.180,   1.959,9999.000,9999.000,9999.000,9999.000,9999.000,9999.000,9999.000
202604112236,   1.172,   1.939,9999.000,9999.000,9999.000,9999.000,9999.000,9999.000,9999.000
202604112242,   1.162,   1.929,9999.000,9999.000,9999.000,9999.000,9999.000,9999.000,9999.000
202604112248,   1.151,   1.910,9999.000,9999.000,9999.000,9999.000,9999.000,9999.000,9999.000
202604112254,   1.137,   1.880,9999.000,9999.000,9999.000,9999.000,9999.000,9999.000,9999.000
202604112300,   1.122,   1.861,   0.100,   0.639,   1.861,   0.100,   1.861,   0.200,   1.961
202604112306,   1.106,   1.841,9999.000,9999.000,9999.000,9999.000,9999.000,9999.000,9999.000
202604112312,   1.088,   1.798,9999.000,9999.000,9999.000,9999.000,9999.000,9999.000,9999.000
202604112318,   1.069,   1.769,9999.000,9999.000,9999.000,9999.000,9999.000,9999.000,9999.000
202604112324,   1.049,   1.759,9999.000,9999.000,9999.000,9999.000,9999.000,9999.000,9999.000
202604112330,   1.028,   1.739,9999.000,9999.000,9999.000,9999.000,9999.000,9999.000,9999.000
202604112336,   1.007,   1.710,9999.000,9999.000,9999.000,9999.000,9999.000,9999.000,9999.000
202604112342,   0.985,   1.690,9999.000,9999.000,9999.000,9999.000,9999.000,9999.000,9999.000
202604112348,   0.963,   1.680,9999.000,9999.000,9999.000,9999.000,9999.000,9999.000,9999.000
202604112354,   0.941,   1.641,9999.000,9999.000,9999.000,9999.000,9999.000,9999.000,9999.000
202604120000,   0.919,   1.618,   0.100,   0.599,   1.618,   0.000,   1.518,   0.100,   1.618
202604120006,   0.897,   1.588,9999.000,9999.000,9999.000,9999.000,9999.000,9999.000,9999.000
202604120012,   0.875,   1.559,9999.000,9999.000,9999.000,9999.000,9999.000,9999.000,9999.000
202604120018,   0.854,   1.539,9999.000,9999.000,9999.000,9999.000,9999.000,9999.000,9999.000
202604120024,   0.832,   1.520,9999.000,9999.000,9999.000,9999.000,9999.000,9999.000,9999.000
202604120030,   0.811,   1.481,9999.000,9999.000,9999.000,9999.000,9999.000,9999.000,9999.000
202604120036,   0.791,   1.452,9999.000,9999.000,9999.000,9999.000,9999.000,9999.000,9999.000
202604120042,   0.770,   1.432,9999.000,9999.000,9999.000,9999.000,9999.000,9999.000,9999.000
202604120048,   0.750,   1.399,9999.000,9999.000,9999.000,9999.000,9999.000,9999.000,9999.000
202604120054,   0.730,   1.370,9999.000,9999.000,9999.000,9999.000,9999.000,9999.000,9999.000
202604120100,   0.710,   1.340,   0.000,   0.630,   1.340,   0.000,   1.340,   0.100,   1.440
202604120106,   0.691,   1.320,9999.000,9999.000,9999.000,9999.000,9999.000,9999.000,9999.000
202604120112,   0.671,   1.281,9999.000,9999.000,9999.000,9999.000,9999.000,9999.000,9999.000
202604120118,   0.652,   1.252,9999.000,9999.000,9999.000,9999.000,9999.000,9999.000,9999.000
202604120124,   0.633,   1.232,9999.000,9999.000,9999.000,9999.000,9999.000,9999.000,9999.000
202604120130,   0.614,   1.199,9999.000,9999.000,9999.000,9999.000,9999.000,9999.000,9999.000
202604120136,   0.595,   1.170,9999.000,9999.000,9999.000,9999.000,9999.000,9999.000,9999.000
202604120142,   0.576,   1.140,9999.000,9999.000,9999.000,9999.000,9999.000,9999.000,9999.000
202604120148,   0.557,   1.120,9999.000,9999.000,9999.000,9999.000,9999.000,9999.000,9999.000
202604120154,   0.538,   1.081,9999.000,9999.000,9999.000,9999.000,9999.000,9999.000,9999.000
202604120200,   0.519,   1.061,   0.000,   0.542,   1.061,   0.000,   1.061,   0.100,   1.161
202604120206,   0.501,   1.042,9999.000,9999.000,9999.000,9999.000,9999.000,9999.000,9999.000
202604120212,   0.482,   1.012,9999.000,9999.000,9999.000,9999.000,9999.000,9999.000,9999.000
202604120218,   0.464,   0.969,9999.000,9999.000,9999.000,9999.000,9999.000,9999.000,9999.000
202604120224,   0.445,   0.950,9999.000,9999.000,9999.000,9999.000,9999.000,9999.000,9999.000
202604120230,   0.428,   0.920,9999.000,9999.000,9999.000,9999.000,9999.000,9999.000,9999.000
202604120236,   0.410,   0.901,9999.000,9999.000,9999.000,9999.000,9999.000,9999.000,9999.000
202604120242,   0.393,   0.871,9999.000,9999.000,9999.000,9999.000,9999.000,9999.000,9999.000
202604120248,   0.376,   0.851,9999.000,9999.000,9999.000,9999.000,9999.000,9999.000,9999.000
202604120254,   0.360,   0.822,9999.000,9999.000,9999.000,9999.000,9999.000,9999.000,9999.000
202604120300,   0.344,   0.802,   0.000,   0.458,   0.802,   0.000,   0.802,   0.100,   0.902
202604120306,   0.329,   0.779,9999.000,9999.000,9999.000,9999.000,9999.000,9999.000,9999.000
202604120312,   0.314,   0.760,9999.000,9999.000,9999.000,9999.000,9999.000,9999.000,9999.000
202604120318,   0.300,   0.730,9999.000,9999.000,9999.000,9999.000,9999.000,9999.000,9999.000
202604120324,   0.286,   0.710,9999.000,9999.000,9999.000,9999.000,9999.000,9999.000,9999.000
202604120330,   0.273,   0.701,9999.000,9999.000,9999.000,9999.000,9999.000,9999.000,9999.000
202604120336,   0.261,   0.681,9999.000,9999.000,9999.000,9999.000,9999.000,9999.000,9999.000
202604120342,   0.249,   0.661,9999.000,9999.000,9999.000,9999.000,9999.000,9999.000,9999.000
202604120348,   0.238,   0.651,9999.000,9999.000,9999.000,9999.000,9999.000,9999.000,9999.000
202604120354,   0.228,   0.641,9999.000,9999.000,9999.000,9999.000,9999.000,9999.000,9999.000
202604120400,   0.218,   0.622,   0.000,   0.404,   0.622,   0.000,   0.622,   0.000,   0.622
202604120406,   0.210,   0.612,9999.000,9999.000,9999.000,9999.000,9999.000,9999.000,9999.000
202604120412,   0.202,   0.612,9999.000,9999.000,9999.000,9999.000,9999.000,9999.000,9999.000
202604120418,   0.195,   0.602,9999.000,9999.000,9999.000,9999.000,9999.000,9999.000,9999.000
202604120424,   0.190,   0.592,9999.000,9999.000,9999.000,9999.000,9999.000,9999.000,9999.000
202604120430,   0.185,   0.592,9999.000,9999.000,9999.000,9999.000,9999.000,9999.000,9999.000
202604120436,   0.181,   0.602,9999.000,9999.000,9999.000,9999.000,9999.000,9999.000,9999.000
202604120442,   0.179,   0.602,9999.000,9999.000,9999.000,9999.000,9999.000,9999.000,9999.000
202604120448,   0.178,   0.602,9999.000,9999.000,9999.000,9999.000,9999.000,9999.000,9999.000
202604120454,   0.179,   0.622,9999.000,9999.000,9999.000,9999.000,9999.000,9999.000,9999.000
202604120500,   0.180,   0.651,   0.000,   0.471,   0.651,   0.000,   0.651,   0.000,   0.651
202604120506,   0.184,   0.671,9999.000,9999.000,9999.000,9999.000,9999.000,9999.000,9999.000
202604120512,   0.189,   0.701,9999.000,9999.000,9999.000,9999.000,9999.000,9999.000,9999.000
202604120518,   0.196,   0.720,9999.000,9999.000,9999.000,9999.000,9999.000,9999.000,9999.000
202604120524,   0.205,   0.750,9999.000,9999.000,9999.000,9999.000,9999.000,9999.000,9999.000
202604120530,   0.216,   0.779,9999.000,9999.000,9999.000,9999.000,9999.000,9999.000,9999.000
202604120536,   0.229,   0.812,9999.000,9999.000,9999.000,9999.000,9999.000,9999.000,9999.000
202604120542,   0.243,   0.832,9999.000,9999.000,9999.000,9999.000,9999.000,9999.000,9999.000
202604120548,   0.260,   0.861,9999.000,9999.000,9999.000,9999.000,9999.000,9999.000,9999.000
202604120554,   0.278,   0.891,9999.000,9999.000,9999.000,9999.000,9999.000,9999.000,9999.000
202604120600,   0.298,   0.910,   0.000,   0.612,   0.910,   0.000,   0.910,   0.000,   0.910
202604120606,   0.320,   0.930,9999.000,9999.000,9999.000,9999.000,9999.000,9999.000,9999.000
202604120612,   0.343,   0.960,9999.000,9999.000,9999.000,9999.000,9999.000,9999.000,9999.000
202604120618,   0.368,   0.989,9999.000,9999.000,9999.000,9999.000,9999.000,9999.000,9999.000
202604120624,   0.395,   1.012,9999.000,9999.000,9999.000,9999.000,9999.000,9999.000,9999.000
202604120630,   0.423,   1.042,9999.000,9999.000,9999.000,9999.000,9999.000,9999.000,9999.000
202604120636,   0.452,   1.071,9999.000,9999.000,9999.000,9999.000,9999.000,9999.000,9999.000
202604120642,   0.481,   1.101,9999.000,9999.000,9999.000,9999.000,9999.000,9999.000,9999.000
202604120648,   0.512,   1.130,9999.000,9999.000,9999.000,9999.000,9999.000,9999.000,9999.000
202604120654,   0.543,   1.160,9999.000,9999.000,9999.000,9999.000,9999.000,9999.000,9999.000
202604120700,   0.575,   1.189,   0.000,   0.614,   1.189,   0.000,   1.189,   0.000,   1.189
202604120706,   0.607,   1.222,9999.000,9999.000,9999.000,9999.000,9999.000,9999.000,9999.000
202604120712,   0.639,   1.252,9999.000,9999.000,9999.000,9999.000,9999.000,9999.000,9999.000
202604120718,   0.672,   1.281,9999.000,9999.000,9999.000,9999.000,9999.000,9999.000,9999.000
202604120724,   0.704,   1.311,9999.000,9999.000,9999.000,9999.000,9999.000,9999.000,9999.000
202604120730,   0.736,   1.340,9999.000,9999.000,9999.000,9999.000,9999.000,9999.000,9999.000
202604120736,   0.768,   1.370,9999.000,9999.000,9999.000,9999.000,9999.000,9999.000,9999.000
202604120742,   0.800,   1.399,9999.000,9999.000,9999.000,9999.000,9999.000,9999.000,9999.000
202604120748,   0.831,   1.422,9999.000,9999.000,9999.000,9999.000,9999.000,9999.000,9999.000
202604120754,   0.862,   1.461,9999.000,9999.000,9999.000,9999.000,9999.000,9999.000,9999.000
202604120800,   0.893,   1.491,   0.000,   0.598,   1.491,   0.000,   1.491,   0.000,   1.491
202604120806,   0.923,   1.511,9999.000,9999.000,9999.000,9999.000,9999.000,9999.000,9999.000
202604120812,   0.953,   1.539,9999.000,9999.000,9999.000,9999.000,9999.000,9999.000,9999.000
202604120818,   0.983,   1.569,9999.000,9999.000,9999.000,9999.000,9999.000,9999.000,9999.000
202604120824,   1.012,   1.598,9999.000,9999.000,9999.000,9999.000,9999.000,9999.000,9999.000
202604120830,   1.041,   1.618,9999.000,9999.000,9999.000,9999.000,9999.000,9999.000,9999.000
202604120836,   1.069,   1.641,9999.000,9999.000,9999.000,9999.000,9999.000,9999.000,9999.000
202604120842,   1.097,   1.670,9999.000,9999.000,9999.000,9999.000,9999.000,9999.000,9999.000
202604120848,   1.125,   1.700,9999.000,9999.000,9999.000,9999.000,9999.000,9999.000,9999.000
202604120854,   1.152,   1.720,9999.000,9999.000,9999.000,9999.000,9999.000,9999.000,9999.000
202604120900,   1.179,   1.749,   0.000,   0.570,   1.749,   0.000,   1.749,   0.000,   1.749
202604120906,   1.205,   1.779,9999.000,9999.000,9999.000,9999.000,9999.000,9999.000,9999.000
202604120912,   1.231,   1.798,9999.000,9999.000,9999.000,9999.000,9999.000,9999.000,9999.000
202604120918,   1.255,   1.818,9999.000,9999.000,9999.000,9999.000,9999.000,9999.000,9999.000
202604120924,   1.279,   1.841,9999.000,9999.000,9999.000,9999.000,9999.000,9999.000,9999.000
202604120930,   1.302,   1.880,9999.000,9999.000,9999.000,9999.000,9999.000,9999.000,9999.000
202604120936,   1.324,   1.880,9999.000,9999.000,9999.000,9999.000,9999.000,9999.000,9999.000
202604120942,   1.344,   1.900,9999.000,9999.000,9999.000,9999.000,9999.000,9999.000,9999.000
202604120948,   1.363,   1.929,9999.000,9999.000,9999.000,9999.000,9999.000,9999.000,9999.000
202604120954,   1.380,   1.939,9999.000,9999.000,9999.000,9999.000,9999.000,9999.000,9999.000
202604121000,   1.395,   1.949,   0.000,   0.554,   1.949,   0.000,   1.949,   0.000,   1.949
202604121006,   1.409,   1.979,9999.000,9999.000,9999.000,9999.000,9999.000,9999.000,9999.000
202604121012,   1.420,   1.989,9999.000,9999.000,9999.000,9999.000,9999.000,9999.000,9999.000
202604121018,   1.429,   1.979,9999.000,9999.000,9999.000,9999.000,9999.000,9999.000,9999.000
202604121024,   1.435,   1.998,9999.000,9999.000,9999.000,9999.000,9999.000,9999.000,9999.000
202604121030,   1.440,   2.008,9999.000,9999.000,9999.000,9999.000,9999.000,9999.000,9999.000
202604121036,   1.441,   2.008,9999.000,9999.000,9999.000,9999.000,9999.000,9999.000,9999.000
202604121042,   1.441,   2.008,9999.000,9999.000,9999.000,9999.000,9999.000,9999.000,9999.000
202604121048,   1.437,   2.008,9999.000,9999.000,9999.000,9999.000,9999.000,9999.000,9999.000
202604121054,   1.431,   1.989,9999.000,9999.000,9999.000,9999.000,9999.000,9999.000,9999.000
202604121100,   1.423,   1.969,   0.000,   0.546,   1.969,   0.000,   1.969,   0.000,   1.969
202604121106,   1.412,   1.969,9999.000,9999.000,9999.000,9999.000,9999.000,9999.000,9999.000
202604121112,   1.399,   1.939,9999.000,9999.000,9999.000,9999.000,9999.000,9999.000,9999.000
202604121118,   1.384,   1.900,9999.000,9999.000,9999.000,9999.000,9999.000,9999.000,9999.000
202604121124,   1.367,   1.880,9999.000,9999.000,9999.000,9999.000,9999.000,9999.000,9999.000
202604121130,   1.349,   1.841,9999.000,9999.000,9999.000,9999.000,9999.000,9999.000,9999.000
202604121136,   1.328,   1.788,9999.000,9999.000,9999.000,9999.000,9999.000,9999.000,9999.000
202604121142,   1.307,   1.779,9999.000,9999.000,9999.000,9999.000,9999.000,9999.000,9999.000
202604121148,   1.284,   1.739,9999.000,9999.000,9999.000,9999.000,9999.000,9999.000,9999.000
202604121154,   1.260,   1.700,9999.000,9999.000,9999.000,9999.000,9999.000,9999.000,9999.000
202604121200,   1.235,   1.700,   0.000,   0.465,   1.700,   0.000,   1.700,   0.000,   1.700
202604121206,   1.209,   1.661,9999.000,9999.000,9999.000,9999.000,9999.000,9999.000,9999.000
202604121212,   1.184,   1.631,9999.000,9999.000,9999.000,9999.000,9999.000,9999.000,9999.000
202604121218,   1.157,   1.618,9999.000,9999.000,9999.000,9999.000,9999.000,9999.000,9999.000
202604121224,   1.131,   1.569,9999.000,9999.000,9999.000,9999.000,9999.000,9999.000,9999.000
202604121230,   1.105,   1.539,9999.000,9999.000,9999.000,9999.000,9999.000,9999.000,9999.000
202604121236,   1.078,   1.529,9999.000,9999.000,9999.000,9999.000,9999.000,9999.000,9999.000
202604121242,   1.052,   1.491,9999.000,9999.000,9999.000,9999.000,9999.000,9999.000,9999.000
202604121248,   1.026,   1.461,9999.000,9999.000,9999.000,9999.000,9999.000,9999.000,9999.000
202604121254,   1.000,   1.432,9999.000,9999.000,9999.000,9999.000,9999.000,9999.000,9999.000
202604121300,   0.975,   1.389,   0.000,   0.414,   1.389,   0.000,   1.389,   0.000,   1.389
202604121306,   0.950,   1.350,9999.000,9999.000,9999.000,9999.000,9999.000,9999.000,9999.000
202604121312,   0.925,   1.330,9999.000,9999.000,9999.000,9999.000,9999.000,9999.000,9999.000
202604121318,   0.900,   1.301,9999.000,9999.000,9999.000,9999.000,9999.000,9999.000,9999.000
202604121324,   0.875,   1.271,9999.000,9999.000,9999.000,9999.000,9999.000,9999.000,9999.000
202604121330,   0.851,   1.242,9999.000,9999.000,9999.000,9999.000,9999.000,9999.000,9999.000
202604121336,   0.827,   1.199,9999.000,9999.000,9999.000,9999.000,9999.000,9999.000,9999.000
202604121342,   0.803,   1.170,9999.000,9999.000,9999.000,9999.000,9999.000,9999.000,9999.000
202604121348,   0.779,   1.140,9999.000,9999.000,9999.000,9999.000,9999.000,9999.000,9999.000
202604121354,   0.755,   1.101,9999.000,9999.000,9999.000,9999.000,9999.000,9999.000,9999.000
202604121400,   0.731,   1.081,   0.000,   0.350,   1.081,   0.000,   1.081,   0.000,   1.081
202604121406,   0.708,   1.051,9999.000,9999.000,9999.000,9999.000,9999.000,9999.000,9999.000
202604121412,   0.684,   1.022,9999.000,9999.000,9999.000,9999.000,9999.000,9999.000,9999.000
202604121418,   0.661,   0.989,9999.000,9999.000,9999.000,9999.000,9999.000,9999.000,9999.000
202604121424,   0.638,   0.960,9999.000,9999.000,9999.000,9999.000,9999.000,9999.000,9999.000
202604121430,   0.614,   0.930,9999.000,9999.000,9999.000,9999.000,9999.000,9999.000,9999.000
202604121436,   0.591,   0.901,9999.000,9999.000,9999.000,9999.000,9999.000,9999.000,9999.000
202604121442,   0.569,   0.871,9999.000,9999.000,9999.000,9999.000,9999.000,9999.000,9999.000
202604121448,   0.546,   0.842,9999.000,9999.000,9999.000,9999.000,9999.000,9999.000,9999.000
202604121454,   0.524,   0.822,9999.000,9999.000,9999.000,9999.000,9999.000,9999.000,9999.000
202604121500,   0.502,   0.789,   0.000,   0.287,   0.789,   0.000,   0.789,   0.000,   0.789
202604121506,   0.480,   0.750,9999.000,9999.000,9999.000,9999.000,9999.000,9999.000,9999.000
202604121512,   0.459,   0.720,9999.000,9999.000,9999.000,9999.000,9999.000,9999.000,9999.000
202604121518,   0.438,   0.701,9999.000,9999.000,9999.000,9999.000,9999.000,9999.000,9999.000
202604121524,   0.418,   0.671,9999.000,9999.000,9999.000,9999.000,9999.000,9999.000,9999.000
202604121530,   0.398,   0.651,9999.000,9999.000,9999.000,9999.000,9999.000,9999.000,9999.000
202604121536,   0.378,   0.632,9999.000,9999.000,9999.000,9999.000,9999.000,9999.000,9999.000
202604121542,   0.359,   0.612,9999.000,9999.000,9999.000,9999.000,9999.000,9999.000,9999.000
202604121548,   0.341,   0.569,9999.000,9999.000,9999.000,9999.000,9999.000,9999.000,9999.000
202604121554,   0.323,   0.550,9999.000,9999.000,9999.000,9999.000,9999.000,9999.000,9999.000
202604121600,   0.305,   0.530,   0.000,   0.225,   0.530,   0.000,   0.530,   0.000,   0.530
202604121606,   0.289,   0.510,9999.000,9999.000,9999.000,9999.000,9999.000,9999.000,9999.000
202604121612,   0.272,   0.491,9999.000,9999.000,9999.000,9999.000,9999.000,9999.000,9999.000
202604121618,   0.257,   0.471,9999.000,9999.000,9999.000,9999.000,9999.000,9999.000,9999.000
202604121624,   0.242,   0.451,9999.000,9999.000,9999.000,9999.000,9999.000,9999.000,9999.000
202604121630,   0.228,   0.432,9999.000,9999.000,9999.000,9999.000,9999.000,9999.000,9999.000
202604121636,   0.214,   0.412,9999.000,9999.000,9999.000,9999.000,9999.000,9999.000,9999.000
202604121642,   0.201,   0.402,9999.000,9999.000,9999.000,9999.000,9999.000,9999.000,9999.000
202604121648,   0.189,   0.392,9999.000,9999.000,9999.000,9999.000,9999.000,9999.000,9999.000
202604121654,   0.179,   0.382,9999.000,9999.000,9999.000,9999.000,9999.000,9999.000,9999.000
202604121700,   0.169,   0.369,   0.000,   0.200,   0.369,   0.000,   0.369,   0.000,   0.369
202604121706,   0.160,   0.382,9999.000,9999.000,9999.000,9999.000,9999.000,9999.000,9999.000
202604121712,   0.152,   0.369,9999.000,9999.000,9999.000,9999.000,9999.000,9999.000,9999.000
202604121718,   0.146,   0.369,9999.000,9999.000,9999.000,9999.000,9999.000,9999.000,9999.000
202604121724,   0.141,   0.359,9999.000,9999.000,9999.000,9999.000,9999.000,9999.000,9999.000
202604121730,   0.138,   0.382,9999.000,9999.000,9999.000,9999.000,9999.000,9999.000,9999.000
202604121736,   0.136,   0.392,9999.000,9999.000,9999.000,9999.000,9999.000,9999.000,9999.000
202604121742,   0.136,   0.412,9999.000,9999.000,9999.000,9999.000,9999.000,9999.000,9999.000
202604121748,   0.137,   0.451,9999.000,9999.000,9999.000,9999.000,9999.000,9999.000,9999.000
202604121754,   0.141,   0.481,9999.000,9999.000,9999.000,9999.000,9999.000,9999.000,9999.000
202604121800,   0.146,   0.500,   0.000,   0.354,   0.500,   0.000,   0.500,   0.000,   0.500
202604121806,   0.153,   0.530,9999.000,9999.000,9999.000,9999.000,9999.000,9999.000,9999.000
202604121812,   0.163,   0.569,9999.000,9999.000,9999.000,9999.000,9999.000,9999.000,9999.000
202604121818,   0.174,   0.579,9999.000,9999.000,9999.000,9999.000,9999.000,9999.000,9999.000
202604121824,   0.187,   0.612,9999.000,9999.000,9999.000,9999.000,9999.000,9999.000,9999.000
202604121830,   0.202,   0.651,9999.000,9999.000,9999.000,9999.000,9999.000,9999.000,9999.000
202604121836,   0.218,   0.671,9999.000,9999.000,9999.000,9999.000,9999.000,9999.000,9999.000
202604121842,   0.237,   0.691,9999.000,9999.000,9999.000,9999.000,9999.000,9999.000,9999.000
202604121848,   0.256,   0.720,9999.000,9999.000,9999.000,9999.000,9999.000,9999.000,9999.000
202604121854,   0.278,   0.750,9999.000,9999.000,9999.000,9999.000,9999.000,9999.000,9999.000
202604121900,   0.301,   0.760,   0.000,   0.459,   0.760,   0.000,   0.760,   0.000,   0.760
202604121906,   0.325,   0.789,9999.000,9999.000,9999.000,9999.000,9999.000,9999.000,9999.000
202604121912,   0.350,   0.822,9999.000,9999.000,9999.000,9999.000,9999.000,9999.000,9999.000
202604121918,   0.376,   0.861,9999.000,9999.000,9999.000,9999.000,9999.000,9999.000,9999.000
202604121924,   0.403,   0.881,9999.000,9999.000,9999.000,9999.000,9999.000,9999.000,9999.000
202604121930,   0.430,   0.910,9999.000,9999.000,9999.000,9999.000,9999.000,9999.000,9999.000
202604121936,   0.459,   0.950,9999.000,9999.000,9999.000,9999.000,9999.000,9999.000,9999.000
202604121942,   0.487,   0.969,9999.000,9999.000,9999.000,9999.000,9999.000,9999.000,9999.000
202604121948,   0.516,   1.012,9999.000,9999.000,9999.000,9999.000,9999.000,9999.000,9999.000
202604121954,   0.545,   1.042,9999.000,9999.000,9999.000,9999.000,9999.000,9999.000,9999.000
202604122000,   0.575,   1.071,   0.000,   0.496,   1.071,   0.000,   1.071,   0.000,   1.071
202604122006,   0.604,   1.101,9999.000,9999.000,9999.000,9999.000,9999.000,9999.000,9999.000
202604122012,   0.634,   1.130,9999.000,9999.000,9999.000,9999.000,9999.000,9999.000,9999.000
202604122018,   0.664,   1.160,9999.000,9999.000,9999.000,9999.000,9999.000,9999.000,9999.000
202604122024,   0.693,   1.189,9999.000,9999.000,9999.000,9999.000,9999.000,9999.000,9999.000
202604122030,   0.723,   1.232,9999.000,9999.000,9999.000,9999.000,9999.000,9999.000,9999.000
202604122036,   0.753,   1.261,9999.000,9999.000,9999.000,9999.000,9999.000,9999.000,9999.000
202604122042,   0.783,   1.291,9999.000,9999.000,9999.000,9999.000,9999.000,9999.000,9999.000
202604122048,   0.813,   1.320,9999.000,9999.000,9999.000,9999.000,9999.000,9999.000,9999.000
202604122054,   0.843,   1.340,9999.000,9999.000,9999.000,9999.000,9999.000,9999.000,9999.000
202604122100,   0.873,   1.370,   0.000,   0.497,   1.370,   0.000,   1.370,   0.000,   1.370
202604122106,   0.903,   1.409,9999.000,9999.000,9999.000,9999.000,9999.000,9999.000,9999.000
202604122112,   0.933,   1.442,9999.000,9999.000,9999.000,9999.000,9999.000,9999.000,9999.000
202604122118,   0.963,   1.461,9999.000,9999.000,9999.000,9999.000,9999.000,9999.000,9999.000
202604122124,   0.993,   1.491,9999.000,9999.000,9999.000,9999.000,9999.000,9999.000,9999.000
202604122130,   1.022,   1.520,9999.000,9999.000,9999.000,9999.000,9999.000,9999.000,9999.000
202604122136,   1.052,   1.539,9999.000,9999.000,9999.000,9999.000,9999.000,9999.000,9999.000
202604122142,   1.081,   1.569,9999.000,9999.000,9999.000,9999.000,9999.000,9999.000,9999.000
202604122148,   1.109,   1.598,9999.000,9999.000,9999.000,9999.000,9999.000,9999.000,9999.000
202604122154,   1.137,   1.618,9999.000,9999.000,9999.000,9999.000,9999.000,9999.000,9999.000
202604122200,   1.163,   1.651,   0.000,   0.488,   1.651,   0.000,   1.651,   0.000,   1.651
202604122206,   1.189,   1.680,9999.000,9999.000,9999.000,9999.000,9999.000,9999.000,9999.000
202604122212,   1.213,   1.700,9999.000,9999.000,9999.000,9999.000,9999.000,9999.000,9999.000
202604122218,   1.236,   1.710,9999.000,9999.000,9999.000,9999.000,9999.000,9999.000,9999.000
202604122224,   1.258,   1.729,9999.000,9999.000,9999.000,9999.000,9999.000,9999.000,9999.000
202604122230,   1.277,   1.739,9999.000,9999.000,9999.000,9999.000,9999.000,9999.000,9999.000
202604122236,   1.294,   1.759,9999.000,9999.000,9999.000,9999.000,9999.000,9999.000,9999.000
202604122242,   1.310,   1.779,9999.000,9999.000,9999.000,9999.000,9999.000,9999.000,9999.000
202604122248,   1.323,   1.798,9999.000,9999.000,9999.000,9999.000,9999.000,9999.000,9999.000
202604122254,   1.333,   1.808,9999.000,9999.000,9999.000,9999.000,9999.000,9999.000,9999.000
202604122300,   1.341,   1.828,   0.000,   0.487,   1.828,   0.000,   1.828,   0.000,   1.828
202604122306,   1.347,   1.841,9999.000,9999.000,9999.000,9999.000,9999.000,9999.000,9999.000
202604122312,   1.350,   1.841,9999.000,9999.000,9999.000,9999.000,9999.000,9999.000,9999.000
202604122318,   1.350,   1.861,9999.000,9999.000,9999.000,9999.000,9999.000,9999.000,9999.000
202604122324,   1.348,   1.851,9999.000,9999.000,9999.000,9999.000,9999.000,9999.000,9999.000
202604122330,   1.344,   1.841,9999.000,9999.000,9999.000,9999.000,9999.000,9999.000,9999.000
202604122336,   1.337,   1.828,9999.000,9999.000,9999.000,9999.000,9999.000,9999.000,9999.000
202604122342,   1.327,   1.808,9999.000,9999.000,9999.000,9999.000,9999.000,9999.000,9999.000
202604122348,   1.316,   1.798,9999.000,9999.000,9999.000,9999.000,9999.000,9999.000,9999.000
202604122354,   1.303,   1.769,9999.000,9999.000,9999.000,9999.000,9999.000,9999.000,9999.000
202604130000,   1.287,   1.739,   0.000,   0.452,   1.739,   0.000,   1.739,   0.000,   1.739
202604130006,   1.270,   1.710,9999.000,9999.000,9999.000,9999.000,9999.000,9999.000,9999.000
202604130012,   1.252,   1.690,9999.000,9999.000,9999.000,9999.000,9999.000,9999.000,9999.000
202604130018,   1.233,   1.651,9999.000,9999.000,9999.000,9999.000,9999.000,9999.000,9999.000
202604130024,   1.212,   1.631,9999.000,9999.000,9999.000,9999.000,9999.000,9999.000,9999.000
202604130030,   1.191,   1.588,9999.000,9999.000,9999.000,9999.000,9999.000,9999.000,9999.000
202604130036,   1.168,   1.549,9999.000,9999.000,9999.000,9999.000,9999.000,9999.000,9999.000
202604130042,   1.146,   1.529,9999.000,9999.000,9999.000,9999.000,9999.000,9999.000,9999.000
202604130048,   1.123,   1.511,9999.000,9999.000,9999.000,9999.000,9999.000,9999.000,9999.000
202604130054,   1.099,   1.481,9999.000,9999.000,9999.000,9999.000,9999.000,9999.000,9999.000
202604130100,   1.075,   1.461,   0.000,   0.386,   1.461,   0.000,   1.461,   0.000,   1.461
202604130106,   1.052,   1.442,9999.000,9999.000,9999.000,9999.000,9999.000,9999.000,9999.000
202604130112,   1.028,   1.399,9999.000,9999.000,9999.000,9999.000,9999.000,9999.000,9999.000
202604130118,   1.004,   1.370,9999.000,9999.000,9999.000,9999.000,9999.000,9999.000,9999.000
202604130124,   0.981,   1.350,9999.000,9999.000,9999.000,9999.000,9999.000,9999.000,9999.000
202604130130,   0.957,   1.320,9999.000,9999.000,9999.000,9999.000,9999.000,9999.000,9999.000
202604130136,   0.934,   1.301,9999.000,9999.000,9999.000,9999.000,9999.000,9999.000,9999.000
202604130142,   0.910,   1.271,9999.000,9999.000,9999.000,9999.000,9999.000,9999.000,9999.000
202604130148,   0.887,   1.242,9999.000,9999.000,9999.000,9999.000,9999.000,9999.000,9999.000
202604130154,   0.864,   1.189,9999.000,9999.000,9999.000,9999.000,9999.000,9999.000,9999.000
202604130200,   0.841,   1.170,   0.000,   0.329,   1.170,   0.000,   1.170,   0.000,   1.170
202604130206,   0.818,   1.140,9999.000,9999.000,9999.000,9999.000,9999.000,9999.000,9999.000
202604130212,   0.795,   1.111,9999.000,9999.000,9999.000,9999.000,9999.000,9999.000,9999.000
202604130218,   0.772,   1.091,9999.000,9999.000,9999.000,9999.000,9999.000,9999.000,9999.000
202604130224,   0.749,   1.061,9999.000,9999.000,9999.000,9999.000,9999.000,9999.000,9999.000
202604130230,   0.726,   1.022,9999.000,9999.000,9999.000,9999.000,9999.000,9999.000,9999.000
202604130236,   0.702,   0.989,9999.000,9999.000,9999.000,9999.000,9999.000,9999.000,9999.000
202604130242,   0.679,   0.960,9999.000,9999.000,9999.000,9999.000,9999.000,9999.000,9999.000
202604130248,   0.656,   0.930,9999.000,9999.000,9999.000,9999.000,9999.000,9999.000,9999.000
202604130254,   0.634,   0.901,9999.000,9999.000,9999.000,9999.000,9999.000,9999.000,9999.000
202604130300,   0.611,   0.871,   0.000,   0.260,   0.871,   0.000,   0.871,   0.000,   0.871
202604130306,   0.588,   0.842,9999.000,9999.000,9999.000,9999.000,9999.000,9999.000,9999.000
202604130312,   0.566,   0.802,9999.000,9999.000,9999.000,9999.000,9999.000,9999.000,9999.000
202604130318,   0.544,   0.769,9999.000,9999.000,9999.000,9999.000,9999.000,9999.000,9999.000
202604130324,   0.522,   0.760,9999.000,9999.000,9999.000,9999.000,9999.000,9999.000,9999.000
202604130330,   0.500,   0.720,9999.000,9999.000,9999.000,9999.000,9999.000,9999.000,9999.000
202604130336,   0.479,   0.691,9999.000,9999.000,9999.000,9999.000,9999.000,9999.000,9999.000
202604130342,   0.459,   0.661,9999.000,9999.000,9999.000,9999.000,9999.000,9999.000,9999.000
202604130348,   0.438,   0.632,9999.000,9999.000,9999.000,9999.000,9999.000,9999.000,9999.000
202604130354,   0.419,   0.602,9999.000,9999.000,9999.000,9999.000,9999.000,9999.000,9999.000
202604130400,   0.399,   0.579,   0.000,   0.180,   0.579,   0.000,   0.579,   0.000,   0.579
202604130406,   0.381,   0.550,9999.000,9999.000,9999.000,9999.000,9999.000,9999.000,9999.000
202604130412,   0.362,   0.520,9999.000,9999.000,9999.000,9999.000,9999.000,9999.000,9999.000
202604130418,   0.345,   0.500,9999.000,9999.000,9999.000,9999.000,9999.000,9999.000,9999.000
202604130424,   0.328,   0.491,9999.000,9999.000,9999.000,9999.000,9999.000,9999.000,9999.000
202604130430,   0.311,   0.461,9999.000,9999.000,9999.000,9999.000,9999.000,9999.000,9999.000
202604130436,   0.295,   0.441,9999.000,9999.000,9999.000,9999.000,9999.000,9999.000,9999.000
202604130442,   0.280,   0.402,9999.000,9999.000,9999.000,9999.000,9999.000,9999.000,9999.000
202604130448,   0.266,   0.392,9999.000,9999.000,9999.000,9999.000,9999.000,9999.000,9999.000
202604130454,   0.252,   0.382,9999.000,9999.000,9999.000,9999.000,9999.000,9999.000,9999.000
202604130500,   0.239,   0.359,   0.000,   0.120,   0.359,   0.000,   0.359,   0.000,   0.359
202604130506,   0.227,   0.340,9999.000,9999.000,9999.000,9999.000,9999.000,9999.000,9999.000
202604130512,   0.215,   0.330,9999.000,9999.000,9999.000,9999.000,9999.000,9999.000,9999.000
202604130518,   0.205,   0.320,9999.000,9999.000,9999.000,9999.000,9999.000,9999.000,9999.000
202604130524,   0.196,   0.300,9999.000,9999.000,9999.000,9999.000,9999.000,9999.000,9999.000
202604130530,   0.187,   0.300,9999.000,9999.000,9999.000,9999.000,9999.000,9999.000,9999.000
202604130536,   0.180,   0.291,9999.000,9999.000,9999.000,9999.000,9999.000,9999.000,9999.000
202604130542,   0.175,   0.281,9999.000,9999.000,9999.000,9999.000,9999.000,9999.000,9999.000
202604130548,   0.171,   0.291,9999.000,9999.000,9999.000,9999.000,9999.000,9999.000,9999.000
202604130554,   0.168,   0.271,9999.000,9999.000,9999.000,9999.000,9999.000,9999.000,9999.000
202604130600,   0.167,   0.291,   0.000,   0.124,   0.291,   0.000,   0.291,   0.000,   0.291
202604130606,   0.168,   0.300,9999.000,9999.000,9999.000,9999.000,9999.000,9999.000,9999.000
202604130612,   0.170,   0.330,9999.000,9999.000,9999.000,9999.000,9999.000,9999.000,9999.000
202604130618,   0.174,   0.340,9999.000,9999.000,9999.000,9999.000,9999.000,9999.000,9999.000
202604130624,   0.181,   0.369,9999.000,9999.000,9999.000,9999.000,9999.000,9999.000,9999.000
202604130630,   0.189,   0.402,9999.000,9999.000,9999.000,9999.000,9999.000,9999.000,9999.000
202604130636,   0.199,   0.441,9999.000,9999.000,9999.000,9999.000,9999.000,9999.000,9999.000
202604130642,   0.212,   0.471,9999.000,9999.000,9999.000,9999.000,9999.000,9999.000,9999.000
202604130648,   0.226,   0.500,9999.000,9999.000,9999.000,9999.000,9999.000,9999.000,9999.000
202604130654,   0.242,   0.530,9999.000,9999.000,9999.000,9999.000,9999.000,9999.000,9999.000
202604130700,   0.260,   0.569,   0.000,   0.309,   0.569,   0.000,   0.569,   0.000,   0.569
202604130706,   0.280,   0.579,9999.000,9999.000,9999.000,9999.000,9999.000,9999.000,9999.000
202604130712,   0.301,   0.602,9999.000,9999.000,9999.000,9999.000,9999.000,9999.000,9999.000
202604130718,   0.324,   0.632,9999.000,9999.000,9999.000,9999.000,9999.000,9999.000,9999.000
202604130724,   0.349,   0.661,9999.000,9999.000,9999.000,9999.000,9999.000,9999.000,9999.000
202604130730,   0.375,   0.681,9999.000,9999.000,9999.000,9999.000,9999.000,9999.000,9999.000
202604130736,   0.402,   0.720,9999.000,9999.000,9999.000,9999.000,9999.000,9999.000,9999.000
202604130742,   0.430,   0.760,9999.000,9999.000,9999.000,9999.000,9999.000,9999.000,9999.000
202604130748,   0.459,   0.789,9999.000,9999.000,9999.000,9999.000,9999.000,9999.000,9999.000
202604130754,   0.489,   0.812,9999.000,9999.000,9999.000,9999.000,9999.000,9999.000,9999.000
202604130800,   0.519,   0.851,   0.000,   0.332,   0.851,   0.000,   0.851,   0.000,   0.851
202604130806,   0.550,   0.891,9999.000,9999.000,9999.000,9999.000,9999.000,9999.000,9999.000
202604130812,   0.581,   0.920,9999.000,9999.000,9999.000,9999.000,9999.000,9999.000,9999.000
202604130818,   0.613,   0.950,9999.000,9999.000,9999.000,9999.000,9999.000,9999.000,9999.000
202604130824,   0.645,   0.979,9999.000,9999.000,9999.000,9999.000,9999.000,9999.000,9999.000
202604130830,   0.677,   1.012,9999.000,9999.000,9999.000,9999.000,9999.000,9999.000,9999.000
202604130836,   0.709,   1.051,9999.000,9999.000,9999.000,9999.000,9999.000,9999.000,9999.000
202604130842,   0.741,   1.081,9999.000,9999.000,9999.000,9999.000,9999.000,9999.000,9999.000
202604130848,   0.774,   1.111,9999.000,9999.000,9999.000,9999.000,9999.000,9999.000,9999.000
202604130854,   0.806,   1.150,9999.000,9999.000,9999.000,9999.000,9999.000,9999.000,9999.000
202604130900,   0.838,   1.189,   0.000,   0.351,   1.189,   0.000,   1.189,   0.000,   1.189
202604130906,   0.871,   1.212,9999.000,9999.000,9999.000,9999.000,9999.000,9999.000,9999.000
202604130912,   0.903,   1.242,9999.000,9999.000,9999.000,9999.000,9999.000,9999.000,9999.000
202604130918,   0.935,   1.291,9999.000,9999.000,9999.000,9999.000,9999.000,9999.000,9999.000
202604130924,   0.968,   1.320,9999.000,9999.000,9999.000,9999.000,9999.000,9999.000,9999.000
202604130930,   1.000,   1.350,9999.000,9999.000,9999.000,9999.000,9999.000,9999.000,9999.000
202604130936,   1.032,   1.389,9999.000,9999.000,9999.000,9999.000,9999.000,9999.000,9999.000
202604130942,   1.064,   1.422,9999.000,9999.000,9999.000,9999.000,9999.000,9999.000,9999.000
202604130948,   1.096,   1.452,9999.000,9999.000,9999.000,9999.000,9999.000,9999.000,9999.000
202604130954,   1.128,   1.481,9999.000,9999.000,9999.000,9999.000,9999.000,9999.000,9999.000
202604131000,   1.159,   1.501,   0.000,   0.342,   1.501,   0.000,   1.501,   0.000,   1.501
202604131006,   1.190,   1.529,9999.000,9999.000,9999.000,9999.000,9999.000,9999.000,9999.000
202604131012,   1.220,   1.559,9999.000,9999.000,9999.000,9999.000,9999.000,9999.000,9999.000
202604131018,   1.249,   1.579,9999.000,9999.000,9999.000,9999.000,9999.000,9999.000,9999.000
202604131024,   1.277,   1.618,9999.000,9999.000,9999.000,9999.000,9999.000,9999.000,9999.000
202604131030,   1.304,   1.641,9999.000,9999.000,9999.000,9999.000,9999.000,9999.000,9999.000
202604131036,   1.329,   1.680,9999.000,9999.000,9999.000,9999.000,9999.000,9999.000,9999.000
202604131042,   1.353,   1.700,9999.000,9999.000,9999.000,9999.000,9999.000,9999.000,9999.000
202604131048,   1.375,   1.720,9999.000,9999.000,9999.000,9999.000,9999.000,9999.000,9999.000
202604131054,   1.395,   1.739,9999.000,9999.000,9999.000,9999.000,9999.000,9999.000,9999.000
202604131100,   1.413,   1.769,   0.000,   0.356,   1.769,  -0.100,   1.669,   0.000,   1.769
202604131106,   1.429,   1.779,9999.000,9999.000,9999.000,9999.000,9999.000,9999.000,9999.000
202604131112,   1.442,   1.798,9999.000,9999.000,9999.000,9999.000,9999.000,9999.000,9999.000
202604131118,   1.452,   1.808,9999.000,9999.000,9999.000,9999.000,9999.000,9999.000,9999.000
202604131124,   1.460,   1.828,9999.000,9999.000,9999.000,9999.000,9999.000,9999.000,9999.000
202604131130,   1.465,   1.828,9999.000,9999.000,9999.000,9999.000,9999.000,9999.000,9999.000
202604131136,   1.467,   1.841,9999.000,9999.000,9999.000,9999.000,9999.000,9999.000,9999.000
202604131142,   1.467,   1.851,9999.000,9999.000,9999.000,9999.000,9999.000,9999.000,9999.000
202604131148,   1.464,   1.841,9999.000,9999.000,9999.000,9999.000,9999.000,9999.000,9999.000
202604131154,   1.458,   1.841,9999.000,9999.000,9999.000,9999.000,9999.000,9999.000,9999.000
202604131200,   1.450,   1.841,   0.000,   0.391,   1.841,   0.000,   1.841,   0.000,   1.841
202604131206,   1.439,   1.818,9999.000,9999.000,9999.000,9999.000,9999.000,9999.000,9999.000
202604131212,   1.426,   1.798,9999.000,9999.000,9999.000,9999.000,9999.000,9999.000,9999.000
202604131218,   1.410,   1.779,9999.000,9999.000,9999.000,9999.000,9999.000,9999.000,9999.000
202604131224,   1.393,   1.739,9999.000,9999.000,9999.000,9999.000,9999.000,9999.000,9999.000
202604131230,   1.374,   1.720,9999.000,9999.000,9999.000,9999.000,9999.000,9999.000,9999.000
202604131236,   1.354,   1.680,9999.000,9999.000,9999.000,9999.000,9999.000,9999.000,9999.000
202604131242,   1.332,   1.641,9999.000,9999.000,9999.000,9999.000,9999.000,9999.000,9999.000
202604131248,   1.308,   1.608,9999.000,9999.000,9999.000,9999.000,9999.000,9999.000,9999.000
202604131254,   1.284,   1.588,9999.000,9999.000,9999.000,9999.000,9999.000,9999.000,9999.000
202604131300,   1.259,   1.559,   0.000,   0.300,   1.559,   0.000,   1.559,   0.000,   1.559
202604131306,   1.234,   1.539,9999.000,9999.000,9999.000,9999.000,9999.000,9999.000,9999.000
202604131312,   1.208,   1.529,9999.000,9999.000,9999.000,9999.000,9999.000,9999.000,9999.000
202604131318,   1.181,   1.491,9999.000,9999.000,9999.000,9999.000,9999.000,9999.000,9999.000
202604131324,   1.155,   1.461,9999.000,9999.000,9999.000,9999.000,9999.000,9999.000,9999.000
202604131330,   1.128,   1.442,9999.000,9999.000,9999.000,9999.000,9999.000,9999.000,9999.000
202604131336,   1.101,   1.422,9999.000,9999.000,9999.000,9999.000,9999.000,9999.000,9999.000
202604131342,   1.075,   1.389,9999.000,9999.000,9999.000,9999.000,9999.000,9999.000,9999.000
202604131348,   1.048,   1.350,9999.000,9999.000,9999.000,9999.000,9999.000,9999.000,9999.000
202604131354,   1.022,   1.320,9999.000,9999.000,9999.000,9999.000,9999.000,9999.000,9999.000
202604131400,   0.996,   1.291,  -0.100,   0.395,   1.291,  -0.100,   1.291,   0.000,   1.391
202604131406,   0.970,   1.252,9999.000,9999.000,9999.000,9999.000,9999.000,9999.000,9999.000
202604131412,   0.944,   1.222,9999.000,9999.000,9999.000,9999.000,9999.000,9999.000,9999.000
202604131418,   0.918,   1.189,9999.000,9999.000,9999.000,9999.000,9999.000,9999.000,9999.000
202604131424,   0.893,   1.160,9999.000,9999.000,9999.000,9999.000,9999.000,9999.000,9999.000
202604131430,   0.867,   1.120,9999.000,9999.000,9999.000,9999.000,9999.000,9999.000,9999.000
202604131436,   0.842,   1.081,9999.000,9999.000,9999.000,9999.000,9999.000,9999.000,9999.000
202604131442,   0.816,   1.061,9999.000,9999.000,9999.000,9999.000,9999.000,9999.000,9999.000
202604131448,   0.791,   1.022,9999.000,9999.000,9999.000,9999.000,9999.000,9999.000,9999.000
202604131454,   0.766,   0.979,9999.000,9999.000,9999.000,9999.000,9999.000,9999.000,9999.000
202604131500,   0.741,   0.960,  -0.100,   0.319,   0.960,  -0.100,   0.960,   0.000,   1.060
202604131506,   0.716,   0.910,9999.000,9999.000,9999.000,9999.000,9999.000,9999.000,9999.000
202604131512,   0.691,   0.871,9999.000,9999.000,9999.000,9999.000,9999.000,9999.000,9999.000
202604131518,   0.666,   0.861,9999.000,9999.000,9999.000,9999.000,9999.000,9999.000,9999.000
202604131524,   0.642,   0.812,9999.000,9999.000,9999.000,9999.000,9999.000,9999.000,9999.000
202604131530,   0.617,   0.789,9999.000,9999.000,9999.000,9999.000,9999.000,9999.000,9999.000
202604131536,   0.593,   0.760,9999.000,9999.000,9999.000,9999.000,9999.000,9999.000,9999.000
202604131542,   0.569,   0.710,9999.000,9999.000,9999.000,9999.000,9999.000,9999.000,9999.000
202604131548,   0.545,   0.691,9999.000,9999.000,9999.000,9999.000,9999.000,9999.000,9999.000
202604131554,   0.522,   0.661,9999.000,9999.000,9999.000,9999.000,9999.000,9999.000,9999.000
202604131600,   0.499,   0.612,  -0.100,   0.213,   0.612,  -0.100,   0.612,  -0.100,   0.612
202604131606,   0.476,   0.592,9999.000,9999.000,9999.000,9999.000,9999.000,9999.000,9999.000
202604131612,   0.454,   0.579,9999.000,9999.000,9999.000,9999.000,9999.000,9999.000,9999.000
202604131618,   0.432,   0.530,9999.000,9999.000,9999.000,9999.000,9999.000,9999.000,9999.000
202604131624,   0.411,   0.500,9999.000,9999.000,9999.000,9999.000,9999.000,9999.000,9999.000
202604131630,   0.390,   0.481,9999.000,9999.000,9999.000,9999.000,9999.000,9999.000,9999.000
202604131636,   0.369,   0.451,9999.000,9999.000,9999.000,9999.000,9999.000,9999.000,9999.000
202604131642,   0.349,   0.422,9999.000,9999.000,9999.000,9999.000,9999.000,9999.000,9999.000
202604131648,   0.329,   0.392,9999.000,9999.000,9999.000,9999.000,9999.000,9999.000,9999.000
202604131654,   0.310,   0.382,9999.000,9999.000,9999.000,9999.000,9999.000,9999.000,9999.000
202604131700,   0.291,   0.340,  -0.100,   0.149,   0.340,  -0.200,   0.240,  -0.100,   0.340
202604131706,   0.273,   0.330,9999.000,9999.000,9999.000,9999.000,9999.000,9999.000,9999.000
202604131712,   0.256,   0.291,9999.000,9999.000,9999.000,9999.000,9999.000,9999.000,9999.000
202604131718,   0.239,   0.281,9999.000,9999.000,9999.000,9999.000,9999.000,9999.000,9999.000
202604131724,   0.222,   0.261,9999.000,9999.000,9999.000,9999.000,9999.000,9999.000,9999.000
202604131730,   0.207,   0.222,9999.000,9999.000,9999.000,9999.000,9999.000,9999.000,9999.000
202604131736,   0.192,   0.241,9999.000,9999.000,9999.000,9999.000,9999.000,9999.000,9999.000
202604131742,   0.178,   0.202,9999.000,9999.000,9999.000,9999.000,9999.000,9999.000,9999.000
202604131748,   0.164,   0.192,9999.000,9999.000,9999.000,9999.000,9999.000,9999.000,9999.000
202604131754,   0.152,   0.182,9999.000,9999.000,9999.000,9999.000,9999.000,9999.000,9999.000
202604131800,   0.141,   0.182,  -0.100,   0.141,   0.182,  -0.100,   0.182,  -0.100,   0.182
202604131806,   0.131,   0.172,9999.000,9999.000,9999.000,9999.000,9999.000,9999.000,9999.000
202604131812,   0.123,   0.192,9999.000,9999.000,9999.000,9999.000,9999.000,9999.000,9999.000
202604131818,   0.116,   0.159,9999.000,9999.000,9999.000,9999.000,9999.000,9999.000,9999.000
202604131824,   0.110,   0.140,9999.000,9999.000,9999.000,9999.000,9999.000,9999.000,9999.000
202604131830,   0.107,   0.222,9999.000,9999.000,9999.000,9999.000,9999.000,9999.000,9999.000
202604131836,   0.105,   0.192,9999.000,9999.000,9999.000,9999.000,9999.000,9999.000,9999.000
202604131842,   0.105,   0.202,9999.000,9999.000,9999.000,9999.000,9999.000,9999.000,9999.000
202604131848,   0.107,   0.251,9999.000,9999.000,9999.000,9999.000,9999.000,9999.000,9999.000
202604131854,   0.111,   0.300,9999.000,9999.000,9999.000,9999.000,9999.000,9999.000,9999.000
202604131900,   0.117,   0.300,  -0.100,   0.283,   0.300,  -0.100,   0.300,  -0.100,   0.300
202604131906,   0.125,   0.382,9999.000,9999.000,9999.000,9999.000,9999.000,9999.000,9999.000
202604131912,   0.135,   0.402,9999.000,9999.000,9999.000,9999.000,9999.000,9999.000,9999.000
202604131918,   0.148,   0.412,9999.000,9999.000,9999.000,9999.000,9999.000,9999.000,9999.000
202604131924,   0.162,   0.451,9999.000,9999.000,9999.000,9999.000,9999.000,9999.000,9999.000
202604131930,   0.179,   0.500,9999.000,9999.000,9999.000,9999.000,9999.000,9999.000,9999.000
202604131936,   0.197,   0.520,9999.000,9999.000,9999.000,9999.000,9999.000,9999.000,9999.000
202604131942,   0.218,   0.550,9999.000,9999.000,9999.000,9999.000,9999.000,9999.000,9999.000
202604131948,   0.240,   0.592,9999.000,9999.000,9999.000,9999.000,9999.000,9999.000,9999.000
202604131954,   0.264,   0.612,9999.000,9999.000,9999.000,9999.000,9999.000,9999.000,9999.000
202604132000,   0.289,   0.632,  -0.100,   0.443,   0.632,  -0.100,   0.632,  -0.100,   0.632
202604132006,   0.316,   0.681,9999.000,9999.000,9999.000,9999.000,9999.000,9999.000,9999.000
202604132012,   0.344,   0.720,9999.000,9999.000,9999.000,9999.000,9999.000,9999.000,9999.000
202604132018,   0.373,   0.750,9999.000,9999.000,9999.000,9999.000,9999.000,9999.000,9999.000
202604132024,   0.403,   0.769,9999.000,9999.000,9999.000,9999.000,9999.000,9999.000,9999.000
202604132030,   0.434,   0.851,9999.000,9999.000,9999.000,9999.000,9999.000,9999.000,9999.000
202604132036,   0.466,   0.861,9999.000,9999.000,9999.000,9999.000,9999.000,9999.000,9999.000
202604132042,   0.499,   0.881,9999.000,9999.000,9999.000,9999.000,9999.000,9999.000,9999.000
202604132048,   0.532,   0.910,9999.000,9999.000,9999.000,9999.000,9999.000,9999.000,9999.000
202604132054,   0.566,   0.979,9999.000,9999.000,9999.000,9999.000,9999.000,9999.000,9999.000
202604132100,   0.601,   0.989,  -0.100,   0.488,   0.989,  -0.200,   0.889,  -0.100,   0.989
202604132106,   0.636,   1.042,9999.000,9999.000,9999.000,9999.000,9999.000,9999.000,9999.000
202604132112,   0.671,   1.081,9999.000,9999.000,9999.000,9999.000,9999.000,9999.000,9999.000
202604132118,   0.707,   1.101,9999.000,9999.000,9999.000,9999.000,9999.000,9999.000,9999.000
202604132124,   0.743,   1.140,9999.000,9999.000,9999.000,9999.000,9999.000,9999.000,9999.000
202604132130,   0.780,   1.179,9999.000,9999.000,9999.000,9999.000,9999.000,9999.000,9999.000
202604132136,   0.817,   1.232,9999.000,9999.000,9999.000,9999.000,9999.000,9999.000,9999.000
202604132142,   0.854,   1.252,9999.000,9999.000,9999.000,9999.000,9999.000,9999.000,9999.000
202604132148,   0.892,   1.301,9999.000,9999.000,9999.000,9999.000,9999.000,9999.000,9999.000
202604132154,   0.930,   1.320,9999.000,9999.000,9999.000,9999.000,9999.000,9999.000,9999.000
202604132200,   0.968,   1.350,  -0.100,   0.482,   1.350,  -0.200,   1.250,  -0.100,   1.350
202604132206,   1.007,   1.399,9999.000,9999.000,9999.000,9999.000,9999.000,9999.000,9999.000
202604132212,   1.045,   1.442,9999.000,9999.000,9999.000,9999.000,9999.000,9999.000,9999.000
202604132218,   1.083,   1.461,9999.000,9999.000,9999.000,9999.000,9999.000,9999.000,9999.000
202604132224,   1.121,   1.511,9999.000,9999.000,9999.000,9999.000,9999.000,9999.000,9999.000
202604132230,   1.159,   1.549,9999.000,9999.000,9999.000,9999.000,9999.000,9999.000,9999.000
202604132236,   1.196,   1.569,9999.000,9999.000,9999.000,9999.000,9999.000,9999.000,9999.000
202604132242,   1.233,   1.598,9999.000,9999.000,9999.000,9999.000,9999.000,9999.000,9999.000
202604132248,   1.268,   1.631,9999.000,9999.000,9999.000,9999.000,9999.000,9999.000,9999.000
202604132254,   1.303,   1.661,9999.000,9999.000,9999.000,9999.000,9999.000,9999.000,9999.000
202604132300,   1.336,   1.680,  -0.200,   0.544,   1.680,  -0.200,   1.680,  -0.100,   1.780
202604132306,   1.367,   1.710,9999.000,9999.000,9999.000,9999.000,9999.000,9999.000,9999.000
202604132312,   1.397,   1.759,9999.000,9999.000,9999.000,9999.000,9999.000,9999.000,9999.000
202604132318,   1.424,   1.779,9999.000,9999.000,9999.000,9999.000,9999.000,9999.000,9999.000
202604132324,   1.450,   1.798,9999.000,9999.000,9999.000,9999.000,9999.000,9999.000,9999.000
202604132330,   1.473,   1.818,9999.000,9999.000,9999.000,9999.000,9999.000,9999.000,9999.000
202604132336,   1.493,   1.841,9999.000,9999.000,9999.000,9999.000,9999.000,9999.000,9999.000
202604132342,   1.511,   1.861,9999.000,9999.000,9999.000,9999.000,9999.000,9999.000,9999.000
202604132348,   1.525,   1.880,9999.000,9999.000,9999.000,9999.000,9999.000,9999.000,9999.000
202604132354,   1.537,   1.890,9999.000,9999.000,9999.000,9999.000,9999.000,9999.000,9999.000
202604140000,   1.546,   1.900,  -0.200,   0.554,   1.900,  -0.200,   1.900,  -0.200,   1.900
202604140006,   1.551,   1.900,9999.000,9999.000,9999.000,9999.000,9999.000,9999.000,9999.000
202604140012,   1.554,   1.900,9999.000,9999.000,9999.000,9999.000,9999.000,9999.000,9999.000
202604140018,   1.554,   1.910,9999.000,9999.000,9999.000,9999.000,9999.000,9999.000,9999.000
202604140024,   1.550,   1.900,9999.000,9999.000,9999.000,9999.000,9999.000,9999.000,9999.000
202604140030,   1.544,   1.890,9999.000,9999.000,9999.000,9999.000,9999.000,9999.000,9999.000
202604140036,   1.535,   1.870,9999.000,9999.000,9999.000,9999.000,9999.000,9999.000,9999.000
202604140042,   1.524,   1.861,9999.000,9999.000,9999.000,9999.000,9999.000,9999.000,9999.000
202604140048,   1.510,   1.828,9999.000,9999.000,9999.000,9999.000,9999.000,9999.000,9999.000
202604140054,   1.495,   1.798,9999.000,9999.000,9999.000,9999.000,9999.000,9999.000,9999.000
202604140100,   1.477,   1.759,  -0.200,   0.482,   1.759,  -0.200,   1.759,  -0.200,   1.759
202604140106,   1.457,   1.729,9999.000,9999.000,9999.000,9999.000,9999.000,9999.000,9999.000
202604140112,   1.436,   1.700,9999.000,9999.000,9999.000,9999.000,9999.000,9999.000,9999.000
202604140118,   1.414,   1.670,9999.000,9999.000,9999.000,9999.000,9999.000,9999.000,9999.000
202604140124,   1.390,   1.651,9999.000,9999.000,9999.000,9999.000,9999.000,9999.000,9999.000
202604140130,   1.365,   1.608,9999.000,9999.000,9999.000,9999.000,9999.000,9999.000,9999.000
202604140136,   1.340,   1.569,9999.000,9999.000,9999.000,9999.000,9999.000,9999.000,9999.000
202604140142,   1.314,   1.549,9999.000,9999.000,9999.000,9999.000,9999.000,9999.000,9999.000
202604140148,   1.287,   1.511,9999.000,9999.000,9999.000,9999.000,9999.000,9999.000,9999.000
202604140154,   1.260,9999.000,9999.000,9999.000,9999.000,9999.000,9999.000,9999.000,9999.000
202604140200,   1.233,   1.461,  -0.200,   0.428,   1.461,  -0.300,   1.361,  -0.200,   1.461
202604140206,   1.205,   1.432,9999.000,9999.000,9999.000,9999.000,9999.000,9999.000,9999.000
202604140212,   1.177,   1.379,9999.000,9999.000,9999.000,9999.000,9999.000,9999.000,9999.000
202604140218,   1.149,   1.350,9999.000,9999.000,9999.000,9999.000,9999.000,9999.000,9999.000
202604140224,   1.122,   1.320,9999.000,9999.000,9999.000,9999.000,9999.000,9999.000,9999.000
202604140230,   1.094,   1.281,9999.000,9999.000,9999.000,9999.000,9999.000,9999.000,9999.000
202604140236,   1.066,   1.252,9999.000,9999.000,9999.000,9999.000,9999.000,9999.000,9999.000
202604140242,   1.038,   1.222,9999.000,9999.000,9999.000,9999.000,9999.000,9999.000,9999.000
202604140248,   1.010,   1.179,9999.000,9999.000,9999.000,9999.000,9999.000,9999.000,9999.000
202604140254,   0.982,   1.140,9999.000,9999.000,9999.000,9999.000,9999.000,9999.000,9999.000
202604140300,   0.954,   1.120,  -0.300,   0.466,   1.120,  -0.300,   1.120,  -0.200,   1.220
202604140306,   0.927,   1.081,9999.000,9999.000,9999.000,9999.000,9999.000,9999.000,9999.000
202604140312,   0.899,   1.051,9999.000,9999.000,9999.000,9999.000,9999.000,9999.000,9999.000
202604140318,   0.871,   1.012,9999.000,9999.000,9999.000,9999.000,9999.000,9999.000,9999.000
202604140324,   0.843,   0.979,9999.000,9999.000,9999.000,9999.000,9999.000,9999.000,9999.000
202604140330,   0.815,   0.940,9999.000,9999.000,9999.000,9999.000,9999.000,9999.000,9999.000
202604140336,   0.788,   0.901,9999.000,9999.000,9999.000,9999.000,9999.000,9999.000,9999.000
202604140342,   0.760,   0.871,9999.000,9999.000,9999.000,9999.000,9999.000,9999.000,9999.000
202604140348,   0.733,   0.842,9999.000,9999.000,9999.000,9999.000,9999.000,9999.000,9999.000
202604140354,   0.706,   0.802,9999.000,9999.000,9999.000,9999.000,9999.000,9999.000,9999.000
202604140400,   0.679,   0.769,  -0.300,   0.390,   0.769,  -0.400,   0.669,  -0.200,   0.869
202604140406,   0.652,   0.730,9999.000,9999.000,9999.000,9999.000,9999.000,9999.000,9999.000
202604140412,   0.626,   0.701,9999.000,9999.000,9999.000,9999.000,9999.000,9999.000,9999.000
202604140418,   0.600,   0.671,9999.000,9999.000,9999.000,9999.000,9999.000,9999.000,9999.000
202604140424,   0.574,   0.632,9999.000,9999.000,9999.000,9999.000,9999.000,9999.000,9999.000
202604140430,   0.549,   0.602,9999.000,9999.000,9999.000,9999.000,9999.000,9999.000,9999.000
202604140436,   0.524,   0.569,9999.000,9999.000,9999.000,9999.000,9999.000,9999.000,9999.000
202604140442,   0.500,   0.530,9999.000,9999.000,9999.000,9999.000,9999.000,9999.000,9999.000
202604140448,   0.476,   0.500,9999.000,9999.000,9999.000,9999.000,9999.000,9999.000,9999.000
202604140454,   0.453,   0.471,9999.000,9999.000,9999.000,9999.000,9999.000,9999.000,9999.000
202604140500,   0.430,   0.441,  -0.300,   0.311,   0.441,  -0.400,   0.341,  -0.200,   0.541
202604140506,   0.408,   0.412,9999.000,9999.000,9999.000,9999.000,9999.000,9999.000,9999.000
202604140512,   0.386,   0.382,9999.000,9999.000,9999.000,9999.000,9999.000,9999.000,9999.000
202604140518,   0.365,   0.359,9999.000,9999.000,9999.000,9999.000,9999.000,9999.000,9999.000
202604140524,   0.344,   0.330,9999.000,9999.000,9999.000,9999.000,9999.000,9999.000,9999.000
202604140530,   0.324,   0.300,9999.000,9999.000,9999.000,9999.000,9999.000,9999.000,9999.000
202604140536,   0.305,   0.271,9999.000,9999.000,9999.000,9999.000,9999.000,9999.000,9999.000
202604140542,   0.286,   0.241,9999.000,9999.000,9999.000,9999.000,9999.000,9999.000,9999.000
202604140548,   0.268,   0.222,9999.000,9999.000,9999.000,9999.000,9999.000,9999.000,9999.000
202604140554,   0.250,   0.202,9999.000,9999.000,9999.000,9999.000,9999.000,9999.000,9999.000
202604140600,   0.234,   0.182,  -0.300,   0.248,   0.182,  -0.300,   0.182,  -0.200,   0.282
202604140606,   0.218,   0.159,9999.000,9999.000,9999.000,9999.000,9999.000,9999.000,9999.000
202604140612,   0.203,   0.130,9999.000,9999.000,9999.000,9999.000,9999.000,9999.000,9999.000
202604140618,   0.189,   0.120,9999.000,9999.000,9999.000,9999.000,9999.000,9999.000,9999.000
202604140624,   0.176,   0.100,9999.000,9999.000,9999.000,9999.000,9999.000,9999.000,9999.000
202604140630,   0.165,   0.081,9999.000,9999.000,9999.000,9999.000,9999.000,9999.000,9999.000
202604140636,   0.155,   0.081,9999.000,9999.000,9999.000,9999.000,9999.000,9999.000,9999.000
202604140642,   0.146,   0.061,9999.000,9999.000,9999.000,9999.000,9999.000,9999.000,9999.000
202604140648,   0.139,   0.061,9999.000,9999.000,9999.000,9999.000,9999.000,9999.000,9999.000
202604140654,   0.134,   0.061,9999.000,9999.000,9999.000,9999.000,9999.000,9999.000,9999.000
202604140700,   0.131,   0.061,  -0.300,   0.230,   0.061,  -0.300,   0.061,  -0.200,   0.161
202604140706,   0.129,   0.081,9999.000,9999.000,9999.000,9999.000,9999.000,9999.000,9999.000
202604140712,   0.129,   0.090,9999.000,9999.000,9999.000,9999.000,9999.000,9999.000,9999.000
202604140718,   0.132,   0.120,9999.000,9999.000,9999.000,9999.000,9999.000,9999.000,9999.000
202604140724,   0.137,   0.130,9999.000,9999.000,9999.000,9999.000,9999.000,9999.000,9999.000
202604140730,   0.143,   0.172,9999.000,9999.000,9999.000,9999.000,9999.000,9999.000,9999.000
202604140736,   0.152,   0.231,9999.000,9999.000,9999.000,9999.000,9999.000,9999.000,9999.000
202604140742,   0.163,   0.261,9999.000,9999.000,9999.000,9999.000,9999.000,9999.000,9999.000
202604140748,   0.176,   0.271,9999.000,9999.000,9999.000,9999.000,9999.000,9999.000,9999.000
202604140754,   0.191,   0.310,9999.000,9999.000,9999.000,9999.000,9999.000,9999.000,9999.000
202604140800,   0.209,   0.340,  -0.300,   0.431,   0.340,  -0.300,   0.340,  -0.200,   0.440
202604140806,   0.228,   0.369,9999.000,9999.000,9999.000,9999.000,9999.000,9999.000,9999.000
202604140812,   0.248,   0.402,9999.000,9999.000,9999.000,9999.000,9999.000,9999.000,9999.000
202604140818,   0.271,   0.441,9999.000,9999.000,9999.000,9999.000,9999.000,9999.000,9999.000
202604140824,   0.295,   0.471,9999.000,9999.000,9999.000,9999.000,9999.000,9999.000,9999.000
202604140830,   0.321,   0.491,9999.000,9999.000,9999.000,9999.000,9999.000,9999.000,9999.000
202604140836,   0.348,   0.520,9999.000,9999.000,9999.000,9999.000,9999.000,9999.000,9999.000
202604140842,   0.376,   0.559,9999.000,9999.000,9999.000,9999.000,9999.000,9999.000,9999.000
202604140848,   0.405,   0.592,9999.000,9999.000,9999.000,9999.000,9999.000,9999.000,9999.000
202604140854,   0.436,   0.622,9999.000,9999.000,9999.000,9999.000,9999.000,9999.000,9999.000
202604140900,   0.467,   0.661,  -0.300,   0.494,   0.661,  -0.300,   0.661,  -0.200,   0.761
202604140906,   0.499,   0.701,9999.000,9999.000,9999.000,9999.000,9999.000,9999.000,9999.000
202604140912,   0.531,   0.740,9999.000,9999.000,9999.000,9999.000,9999.000,9999.000,9999.000
202604140918,   0.564,   0.769,9999.000,9999.000,9999.000,9999.000,9999.000,9999.000,9999.000
202604140924,   0.598,   0.802,9999.000,9999.000,9999.000,9999.000,9999.000,9999.000,9999.000
202604140930,   0.633,   0.842,9999.000,9999.000,9999.000,9999.000,9999.000,9999.000,9999.000
202604140936,   0.667,   0.881,9999.000,9999.000,9999.000,9999.000,9999.000,9999.000,9999.000
202604140942,   0.702,   0.910,9999.000,9999.000,9999.000,9999.000,9999.000,9999.000,9999.000
202604140948,   0.738,   0.950,9999.000,9999.000,9999.000,9999.000,9999.000,9999.000,9999.000
202604140954,   0.774,   0.989,9999.000,9999.000,9999.000,9999.000,9999.000,9999.000,9999.000
202604141000,   0.810,   1.022,  -0.300,   0.512,   1.022,  -0.300,   1.022,  -0.200,   1.122
202604141006,   0.847,   1.051,9999.000,9999.000,9999.000,9999.000,9999.000,9999.000,9999.000
202604141012,   0.884,   1.091,9999.000,9999.000,9999.000,9999.000,9999.000,9999.000,9999.000
202604141018,   0.921,   1.130,9999.000,9999.000,9999.000,9999.000,9999.000,9999.000,9999.000
202604141024,   0.958,   1.160,9999.000,9999.000,9999.000,9999.000,9999.000,9999.000,9999.000
202604141030,   0.996,   1.189,9999.000,9999.000,9999.000,9999.000,9999.000,9999.000,9999.000
202604141036,   1.033,   1.232,9999.000,9999.000,9999.000,9999.000,9999.000,9999.000,9999.000
202604141042,   1.071,   1.271,9999.000,9999.000,9999.000,9999.000,9999.000,9999.000,9999.000
202604141048,   1.108,   1.301,9999.000,9999.000,9999.000,9999.000,9999.000,9999.000,9999.000
202604141054,   1.144,   1.340,9999.000,9999.000,9999.000,9999.000,9999.000,9999.000,9999.000
202604141100,   1.181,   1.370,  -0.300,   0.489,   1.370,  -0.300,   1.370,  -0.200,   1.470
202604141106,   1.216,   1.399,9999.000,9999.000,9999.000,9999.000,9999.000,9999.000,9999.000
202604141112,   1.250,   1.442,9999.000,9999.000,9999.000,9999.000,9999.000,9999.000,9999.000
202604141118,   1.284,   1.461,9999.000,9999.000,9999.000,9999.000,9999.000,9999.000,9999.000
202604141124,   1.315,   1.501,9999.000,9999.000,9999.000,9999.000,9999.000,9999.000,9999.000
202604141130,   1.346,   1.529,9999.000,9999.000,9999.000,9999.000,9999.000,9999.000,9999.000
202604141136,   1.374,   1.549,9999.000,9999.000,9999.000,9999.000,9999.000,9999.000,9999.000
202604141142,   1.400,   1.569,9999.000,9999.000,9999.000,9999.000,9999.000,9999.000,9999.000
202604141148,   1.424,   1.598,9999.000,9999.000,9999.000,9999.000,9999.000,9999.000,9999.000
202604141154,   1.446,   1.631,9999.000,9999.000,9999.000,9999.000,9999.000,9999.000,9999.000
202604141200,   1.465,   1.651,  -0.300,   0.486,   1.651,  -0.300,   1.651,  -0.200,   1.751
202604141206,   1.481,   1.680,9999.000,9999.000,9999.000,9999.000,9999.000,9999.000,9999.000
202604141212,   1.494,   1.700,9999.000,9999.000,9999.000,9999.000,9999.000,9999.000,9999.000
202604141218,   1.505,   1.710,9999.000,9999.000,9999.000,9999.000,9999.000,9999.000,9999.000
202604141224,   1.512,   1.729,9999.000,9999.000,9999.000,9999.000,9999.000,9999.000,9999.000
202604141230,   1.516,   1.739,9999.000,9999.000,9999.000,9999.000,9999.000,9999.000,9999.000
202604141236,   1.517,   1.739,9999.000,9999.000,9999.000,9999.000,9999.000,9999.000,9999.000
202604141242,   1.515,   1.749,9999.000,9999.000,9999.000,9999.000,9999.000,9999.000,9999.000
202604141248,   1.510,   1.739,9999.000,9999.000,9999.000,9999.000,9999.000,9999.000,9999.000
202604141254,   1.502,   1.739,9999.000,9999.000,9999.000,9999.000,9999.000,9999.000,9999.000
202604141300,   1.492,   1.729,  -0.300,   0.537,   1.729,  -0.300,   1.729,  -0.200,   1.829
202604141306,   1.479,   1.700,9999.000,9999.000,9999.000,9999.000,9999.000,9999.000,9999.000
202604141312,   1.463,   1.690,9999.000,9999.000,9999.000,9999.000,9999.000,9999.000,9999.000
202604141318,   1.446,   1.661,9999.000,9999.000,9999.000,9999.000,9999.000,9999.000,9999.000
202604141324,   1.426,   1.618,9999.000,9999.000,9999.000,9999.000,9999.000,9999.000,9999.000
202604141330,   1.405,   1.588,9999.000,9999.000,9999.000,9999.000,9999.000,9999.000,9999.000
202604141336,   1.382,   1.559,9999.000,9999.000,9999.000,9999.000,9999.000,9999.000,9999.000
202604141342,   1.358,   1.529,9999.000,9999.000,9999.000,9999.000,9999.000,9999.000,9999.000
202604141348,   1.333,   1.491,9999.000,9999.000,9999.000,9999.000,9999.000,9999.000,9999.000
202604141354,   1.307,   1.461,9999.000,9999.000,9999.000,9999.000,9999.000,9999.000,9999.000
202604141400,   1.280,   1.432,  -0.200,   0.352,   1.432,  -0.300,   1.332,  -0.200,   1.432
202604141406,   1.252,   1.389,9999.000,9999.000,9999.000,9999.000,9999.000,9999.000,9999.000
202604141412,   1.225,   1.370,9999.000,9999.000,9999.000,9999.000,9999.000,9999.000,9999.000
202604141418,   1.196,   1.350,9999.000,9999.000,9999.000,9999.000,9999.000,9999.000,9999.000
202604141424,   1.168,   1.320,9999.000,9999.000,9999.000,9999.000,9999.000,9999.000,9999.000
202604141430,   1.140,   1.291,9999.000,9999.000,9999.000,9999.000,9999.000,9999.000,9999.000
202604141436,   1.111,   1.261,9999.000,9999.000,9999.000,9999.000,9999.000,9999.000,9999.000
202604141442,   1.083,   1.222,9999.000,9999.000,9999.000,9999.000,9999.000,9999.000,9999.000
202604141448,   1.055,   1.179,9999.000,9999.000,9999.000,9999.000,9999.000,9999.000,9999.000
202604141454,   1.027,   1.150,9999.000,9999.000,9999.000,9999.000,9999.000,9999.000,9999.000
202604141500,   0.999,   1.130,  -0.200,   0.331,   1.130,  -0.300,   1.030,  -0.200,   1.130
202604141506,   0.971,   1.091,9999.000,9999.000,9999.000,9999.000,9999.000,9999.000,9999.000
202604141512,   0.943,   1.061,9999.000,9999.000,9999.000,9999.000,9999.000,9999.000,9999.000
202604141518,   0.915,   1.022,9999.000,9999.000,9999.000,9999.000,9999.000,9999.000,9999.000
202604141524,   0.888,   0.979,9999.000,9999.000,9999.000,9999.000,9999.000,9999.000,9999.000
202604141530,   0.861,   0.950,9999.000,9999.000,9999.000,9999.000,9999.000,9999.000,9999.000
202604141536,   0.833,   0.920,9999.000,9999.000,9999.000,9999.000,9999.000,9999.000,9999.000
202604141542,   0.806,   0.881,9999.000,9999.000,9999.000,9999.000,9999.000,9999.000,9999.000
202604141548,   0.779,   0.851,9999.000,9999.000,9999.000,9999.000,9999.000,9999.000,9999.000
202604141554,   0.753,   0.812,9999.000,9999.000,9999.000,9999.000,9999.000,9999.000,9999.000
202604141600,   0.726,   0.779,  -0.200,   0.253,   0.779,  -0.300,   0.679,  -0.200,   0.779
202604141606,   0.699,   0.740,9999.000,9999.000,9999.000,9999.000,9999.000,9999.000,9999.000
202604141612,   0.673,   0.710,9999.000,9999.000,9999.000,9999.000,9999.000,9999.000,9999.000
202604141618,   0.647,   0.681,9999.000,9999.000,9999.000,9999.000,9999.000,9999.000,9999.000
202604141624,   0.621,   0.651,9999.000,9999.000,9999.000,9999.000,9999.000,9999.000,9999.000
202604141630,   0.596,   0.612,9999.000,9999.000,9999.000,9999.000,9999.000,9999.000,9999.000
202604141636,   0.570,   0.569,9999.000,9999.000,9999.000,9999.000,9999.000,9999.000,9999.000
202604141642,   0.546,   0.550,9999.000,9999.000,9999.000,9999.000,9999.000,9999.000,9999.000
202604141648,   0.521,   0.530,9999.000,9999.000,9999.000,9999.000,9999.000,9999.000,9999.000
202604141654,   0.497,   0.491,9999.000,9999.000,9999.000,9999.000,9999.000,9999.000,9999.000
202604141700,   0.473,   0.461,  -0.200,   0.188,   0.461,  -0.300,   0.361,  -0.200,   0.461
202604141706,   0.450,   0.432,9999.000,9999.000,9999.000,9999.000,9999.000,9999.000,9999.000
202604141712,   0.426,   0.402,9999.000,9999.000,9999.000,9999.000,9999.000,9999.000,9999.000
202604141718,   0.404,   0.350,9999.000,9999.000,9999.000,9999.000,9999.000,9999.000,9999.000
202604141724,   0.382,   0.340,9999.000,9999.000,9999.000,9999.000,9999.000,9999.000,9999.000
202604141730,   0.360,   0.310,9999.000,9999.000,9999.000,9999.000,9999.000,9999.000,9999.000
202604141736,   0.338,   0.271,9999.000,9999.000,9999.000,9999.000,9999.000,9999.000,9999.000
202604141742,   0.317,   0.271,9999.000,9999.000,9999.000,9999.000,9999.000,9999.000,9999.000
202604141748,   0.297,   0.222,9999.000,9999.000,9999.000,9999.000,9999.000,9999.000,9999.000
202604141754,   0.277,   0.222,9999.000,9999.000,9999.000,9999.000,9999.000,9999.000,9999.000
202604141800,   0.257,   0.192,  -0.200,   0.135,   0.192,  -0.200,   0.192,  -0.100,   0.292
202604141806,   0.238,   0.172,9999.000,9999.000,9999.000,9999.000,9999.000,9999.000,9999.000
202604141812,   0.219,   0.120,9999.000,9999.000,9999.000,9999.000,9999.000,9999.000,9999.000
202604141818,   0.202,   0.110,9999.000,9999.000,9999.000,9999.000,9999.000,9999.000,9999.000
202604141824,   0.184,   0.110,9999.000,9999.000,9999.000,9999.000,9999.000,9999.000,9999.000
202604141830,   0.168,   0.071,9999.000,9999.000,9999.000,9999.000,9999.000,9999.000,9999.000
202604141836,   0.152,   0.081,9999.000,9999.000,9999.000,9999.000,9999.000,9999.000,9999.000
202604141842,   0.137,   0.061,9999.000,9999.000,9999.000,9999.000,9999.000,9999.000,9999.000
202604141848,   0.124,   0.041,9999.000,9999.000,9999.000,9999.000,9999.000,9999.000,9999.000
202604141854,   0.111,   0.031,9999.000,9999.000,9999.000,9999.000,9999.000,9999.000,9999.000
202604141900,   0.100,   0.031,  -0.100,   0.031,   0.031,  -0.200,  -0.069,  -0.100,   0.031
202604141906,   0.090,   0.041,9999.000,9999.000,9999.000,9999.000,9999.000,9999.000,9999.000
202604141912,   0.082,   0.051,9999.000,9999.000,9999.000,9999.000,9999.000,9999.000,9999.000
202604141918,   0.076,   0.031,9999.000,9999.000,9999.000,9999.000,9999.000,9999.000,9999.000
202604141924,   0.071,   0.100,9999.000,9999.000,9999.000,9999.000,9999.000,9999.000,9999.000
202604141930,   0.069,   0.100,9999.000,9999.000,9999.000,9999.000,9999.000,9999.000,9999.000
202604141936,   0.068,   0.140,9999.000,9999.000,9999.000,9999.000,9999.000,9999.000,9999.000
202604141942,   0.070,   0.172,9999.000,9999.000,9999.000,9999.000,9999.000,9999.000,9999.000
202604141948,   0.074,   0.222,9999.000,9999.000,9999.000,9999.000,9999.000,9999.000,9999.000
202604141954,   0.080,   0.241,9999.000,9999.000,9999.000,9999.000,9999.000,9999.000,9999.000
202604142000,   0.088,   0.291,  -0.100,   0.303,   0.291,  -0.200,   0.191,  -0.100,   0.291
202604142006,   0.099,   0.330,9999.000,9999.000,9999.000,9999.000,9999.000,9999.000,9999.000
202604142012,   0.113,   0.330,9999.000,9999.000,9999.000,9999.000,9999.000,9999.000,9999.000
202604142018,   0.128,   0.392,9999.000,9999.000,9999.000,9999.000,9999.000,9999.000,9999.000
202604142024,   0.146,   0.422,9999.000,9999.000,9999.000,9999.000,9999.000,9999.000,9999.000
202604142030,   0.167,   0.441,9999.000,9999.000,9999.000,9999.000,9999.000,9999.000,9999.000
202604142036,   0.189,   0.471,9999.000,9999.000,9999.000,9999.000,9999.000,9999.000,9999.000
202604142042,   0.213,   0.540,9999.000,9999.000,9999.000,9999.000,9999.000,9999.000,9999.000
202604142048,   0.240,   0.559,9999.000,9999.000,9999.000,9999.000,9999.000,9999.000,9999.000
202604142054,   0.268,   0.569,9999.000,9999.000,9999.000,9999.000,9999.000,9999.000,9999.000
202604142100,   0.298,   0.612,  -0.100,   0.414,   0.612,  -0.200,   0.512,  -0.100,   0.612
202604142106,   0.330,   0.641,9999.000,9999.000,9999.000,9999.000,9999.000,9999.000,9999.000
202604142112,   0.363,   0.681,9999.000,9999.000,9999.000,9999.000,9999.000,9999.000,9999.000
202604142118,   0.397,   0.720,9999.000,9999.000,9999.000,9999.000,9999.000,9999.000,9999.000
202604142124,   0.433,   0.779,9999.000,9999.000,9999.000,9999.000,9999.000,9999.000,9999.000
202604142130,   0.470,   0.822,9999.000,9999.000,9999.000,9999.000,9999.000,9999.000,9999.000
202604142136,   0.508,   0.851,9999.000,9999.000,9999.000,9999.000,9999.000,9999.000,9999.000
202604142142,   0.547,   0.891,9999.000,9999.000,9999.000,9999.000,9999.000,9999.000,9999.000
202604142148,   0.587,   0.920,9999.000,9999.000,9999.000,9999.000,9999.000,9999.000,9999.000
202604142154,   0.628,   0.960,9999.000,9999.000,9999.000,9999.000,9999.000,9999.000,9999.000
202604142200,   0.670,   1.002,  -0.100,   0.432,   1.002,  -0.200,   0.902,  -0.100,   1.002
202604142206,   0.712,   1.061,9999.000,9999.000,9999.000,9999.000,9999.000,9999.000,9999.000
202604142212,   0.756,   1.091,9999.000,9999.000,9999.000,9999.000,9999.000,9999.000,9999.000
202604142218,   0.800,   1.150,9999.000,9999.000,9999.000,9999.000,9999.000,9999.000,9999.000
202604142224,   0.844,   1.189,9999.000,9999.000,9999.000,9999.000,9999.000,9999.000,9999.000
202604142230,   0.889,   1.222,9999.000,9999.000,9999.000,9999.000,9999.000,9999.000,9999.000
202604142236,   0.935,   1.261,9999.000,9999.000,9999.000,9999.000,9999.000,9999.000,9999.000
202604142242,   0.981,   1.311,9999.000,9999.000,9999.000,9999.000,9999.000,9999.000,9999.000
202604142248,   1.027,   1.350,9999.000,9999.000,9999.000,9999.000,9999.000,9999.000,9999.000
202604142254,   1.074,   1.379,9999.000,9999.000,9999.000,9999.000,9999.000,9999.000,9999.000
202604142300,   1.121,   1.422,  -0.200,   0.501,   1.422,  -0.200,   1.422,  -0.100,   1.522
202604142306,   1.167,   1.471,9999.000,9999.000,9999.000,9999.000,9999.000,9999.000,9999.000
202604142312,   1.214,   1.501,9999.000,9999.000,9999.000,9999.000,9999.000,9999.000,9999.000
202604142318,   1.260,   1.529,9999.000,9999.000,9999.000,9999.000,9999.000,9999.000,9999.000
202604142324,   1.306,   1.579,9999.000,9999.000,9999.000,9999.000,9999.000,9999.000,9999.000
202604142330,   1.351,   1.618,9999.000,9999.000,9999.000,9999.000,9999.000,9999.000,9999.000
202604142336,   1.394,   1.661,9999.000,9999.000,9999.000,9999.000,9999.000,9999.000,9999.000
202604142342,   1.437,   1.700,9999.000,9999.000,9999.000,9999.000,9999.000,9999.000,9999.000
202604142348,   1.478,   1.729,9999.000,9999.000,9999.000,9999.000,9999.000,9999.000,9999.000
202604142354,   1.517,   1.759,9999.000,9999.000,9999.000,9999.000,9999.000,9999.000,9999.000
202604150000,   1.554,   1.798,  -0.100,   0.344,   1.798,  -0.200,   1.698,  -0.100,   1.798
202604150006,   1.589,   1.828,9999.000,9999.000,9999.000,9999.000,9999.000,9999.000,9999.000
202604150012,   1.621,   1.861,9999.000,9999.000,9999.000,9999.000,9999.000,9999.000,9999.000
202604150018,   1.651,   1.890,9999.000,9999.000,9999.000,9999.000,9999.000,9999.000,9999.000
202604150024,   1.677,   1.920,9999.000,9999.000,9999.000,9999.000,9999.000,9999.000,9999.000
202604150030,   1.701,   1.939,9999.000,9999.000,9999.000,9999.000,9999.000,9999.000,9999.000
202604150036,   1.721,   1.959,9999.000,9999.000,9999.000,9999.000,9999.000,9999.000,9999.000
202604150042,   1.738,   1.989,9999.000,9999.000,9999.000,9999.000,9999.000,9999.000,9999.000
202604150048,   1.751,   1.998,9999.000,9999.000,9999.000,9999.000,9999.000,9999.000,9999.000
202604150054,   1.761,   2.018,9999.000,9999.000,9999.000,9999.000,9999.000,9999.000,9999.000
202604150100,   1.767,   2.038,  -0.100,   0.371,   2.038,  -0.200,   1.938,  -0.100,   2.038
202604150106,   1.770,   2.038,9999.000,9999.000,9999.000,9999.000,9999.000,9999.000,9999.000
202604150112,   1.769,   2.038,9999.000,9999.000,9999.000,9999.000,9999.000,9999.000,9999.000
202604150118,   1.765,   2.038,9999.000,9999.000,9999.000,9999.000,9999.000,9999.000,9999.000
202604150124,   1.757,   2.028,9999.000,9999.000,9999.000,9999.000,9999.000,9999.000,9999.000
202604150130,   1.747,   2.018,9999.000,9999.000,9999.000,9999.000,9999.000,9999.000,9999.000
202604150136,   1.733,   1.989,9999.000,9999.000,9999.000,9999.000,9999.000,9999.000,9999.000
202604150142,   1.717,   1.949,9999.000,9999.000,9999.000,9999.000,9999.000,9999.000,9999.000
202604150148,   1.699,   1.920,9999.000,9999.000,9999.000,9999.000,9999.000,9999.000,9999.000
202604150154,   1.678,   1.880,9999.000,9999.000,9999.000,9999.000,9999.000,9999.000,9999.000
202604150200,   1.655,   1.828,  -0.100,   0.273,   1.828,  -0.200,   1.728,  -0.100,   1.828
202604150206,   1.630,   1.798,9999.000,9999.000,9999.000,9999.000,9999.000,9999.000,9999.000
202604150212,   1.604,   1.769,9999.000,9999.000,9999.000,9999.000,9999.000,9999.000,9999.000
202604150218,   1.576,   1.729,9999.000,9999.000,9999.000,9999.000,9999.000,9999.000,9999.000
202604150224,   1.547,   1.700,9999.000,9999.000,9999.000,9999.000,9999.000,9999.000,9999.000
202604150230,   1.518,   1.680,9999.000,9999.000,9999.000,9999.000,9999.000,9999.000,9999.000
202604150236,   1.487,   1.651,9999.000,9999.000,9999.000,9999.000,9999.000,9999.000,9999.000
202604150242,   1.456,   1.608,9999.000,9999.000,9999.000,9999.000,9999.000,9999.000,9999.000
202604150248,   1.424,   1.579,9999.000,9999.000,9999.000,9999.000,9999.000,9999.000,9999.000
202604150254,   1.392,   1.549,9999.000,9999.000,9999.000,9999.000,9999.000,9999.000,9999.000
202604150300,   1.359,   1.511,  -0.100,   0.252,   1.511,  -0.200,   1.411,  -0.100,   1.511
202604150306,   1.326,   1.481,9999.000,9999.000,9999.000,9999.000,9999.000,9999.000,9999.000
202604150312,   1.294,   1.442,9999.000,9999.000,9999.000,9999.000,9999.000,9999.000,9999.000
202604150318,   1.261,   1.399,9999.000,9999.000,9999.000,9999.000,9999.000,9999.000,9999.000
202604150324,   1.228,   1.360,9999.000,9999.000,9999.000,9999.000,9999.000,9999.000,9999.000
202604150330,   1.195,   1.330,9999.000,9999.000,9999.000,9999.000,9999.000,9999.000,9999.000
202604150336,   1.162,   1.291,9999.000,9999.000,9999.000,9999.000,9999.000,9999.000,9999.000
202604150342,   1.129,   1.252,9999.000,9999.000,9999.000,9999.000,9999.000,9999.000,9999.000
202604150348,   1.096,   1.212,9999.000,9999.000,9999.000,9999.000,9999.000,9999.000,9999.000
202604150354,   1.063,   1.179,9999.000,9999.000,9999.000,9999.000,9999.000,9999.000,9999.000
202604150400,   1.030,   1.150,  -0.200,   0.320,   1.150,  -0.200,   1.150,  -0.100,   1.250
202604150406,   0.997,   1.111,9999.000,9999.000,9999.000,9999.000,9999.000,9999.000,9999.000
202604150412,   0.965,   1.071,9999.000,9999.000,9999.000,9999.000,9999.000,9999.000,9999.000
202604150418,   0.932,   1.032,9999.000,9999.000,9999.000,9999.000,9999.000,9999.000,9999.000
202604150424,   0.900,   1.002,9999.000,9999.000,9999.000,9999.000,9999.000,9999.000,9999.000
202604150430,   0.868,   0.969,9999.000,9999.000,9999.000,9999.000,9999.000,9999.000,9999.000
202604150436,   0.836,   0.930,9999.000,9999.000,9999.000,9999.000,9999.000,9999.000,9999.000
202604150442,   0.805,   0.891,9999.000,9999.000,9999.000,9999.000,9999.000,9999.000,9999.000
202604150448,   0.773,   0.851,9999.000,9999.000,9999.000,9999.000,9999.000,9999.000,9999.000
202604150454,   0.742,   0.822,9999.000,9999.000,9999.000,9999.000,9999.000,9999.000,9999.000
202604150500,   0.712,   0.779,  -0.200,   0.267,   0.779,  -0.200,   0.779,  -0.100,   0.879
202604150506,   0.682,   0.750,9999.000,9999.000,9999.000,9999.000,9999.000,9999.000,9999.000
202604150512,   0.652,   0.720,9999.000,9999.000,9999.000,9999.000,9999.000,9999.000,9999.000
202604150518,   0.623,   0.681,9999.000,9999.000,9999.000,9999.000,9999.000,9999.000,9999.000
202604150524,   0.594,   0.651,9999.000,9999.000,9999.000,9999.000,9999.000,9999.000,9999.000
202604150530,   0.566,   0.612,9999.000,9999.000,9999.000,9999.000,9999.000,9999.000,9999.000
202604150536,   0.538,   0.579,9999.000,9999.000,9999.000,9999.000,9999.000,9999.000,9999.000
202604150542,   0.511,   0.550,9999.000,9999.000,9999.000,9999.000,9999.000,9999.000,9999.000
202604150548,   0.484,   0.520,9999.000,9999.000,9999.000,9999.000,9999.000,9999.000,9999.000
202604150554,   0.458,   0.491,9999.000,9999.000,9999.000,9999.000,9999.000,9999.000,9999.000
202604150600,   0.432,   0.461,  -0.100,   0.129,   0.461,  -0.200,   0.361,   0.000,   0.561
202604150606,   0.407,   0.432,9999.000,9999.000,9999.000,9999.000,9999.000,9999.000,9999.000
202604150612,   0.383,   0.402,9999.000,9999.000,9999.000,9999.000,9999.000,9999.000,9999.000
202604150618,   0.358,   0.382,9999.000,9999.000,9999.000,9999.000,9999.000,9999.000,9999.000
202604150624,   0.335,   0.350,9999.000,9999.000,9999.000,9999.000,9999.000,9999.000,9999.000
202604150630,   0.312,   0.320,9999.000,9999.000,9999.000,9999.000,9999.000,9999.000,9999.000
202604150636,   0.289,   0.300,9999.000,9999.000,9999.000,9999.000,9999.000,9999.000,9999.000
202604150642,   0.267,   0.281,9999.000,9999.000,9999.000,9999.000,9999.000,9999.000,9999.000
202604150648,   0.246,   0.251,9999.000,9999.000,9999.000,9999.000,9999.000,9999.000,9999.000
202604150654,   0.226,   0.231,9999.000,9999.000,9999.000,9999.000,9999.000,9999.000,9999.000
202604150700,   0.206,   0.212,  -0.100,   0.106,   0.212,  -0.200,   0.112,   0.000,   0.312
202604150706,   0.188,   0.192,9999.000,9999.000,9999.000,9999.000,9999.000,9999.000,9999.000
202604150712,   0.170,   0.172,9999.000,9999.000,9999.000,9999.000,9999.000,9999.000,9999.000
202604150718,   0.154,   0.159,9999.000,9999.000,9999.000,9999.000,9999.000,9999.000,9999.000
202604150724,   0.139,   0.149,9999.000,9999.000,9999.000,9999.000,9999.000,9999.000,9999.000
202604150730,   0.126,   0.140,9999.000,9999.000,9999.000,9999.000,9999.000,9999.000,9999.000
202604150736,   0.114,   0.130,9999.000,9999.000,9999.000,9999.000,9999.000,9999.000,9999.000
202604150742,   0.103,   0.120,9999.000,9999.000,9999.000,9999.000,9999.000,9999.000,9999.000
202604150748,   0.095,   0.110,9999.000,9999.000,9999.000,9999.000,9999.000,9999.000,9999.000
202604150754,   0.088,   0.130,9999.000,9999.000,9999.000,9999.000,9999.000,9999.000,9999.000
202604150800,   0.084,   0.149,  -0.100,   0.165,   0.149,  -0.200,   0.049,   0.000,   0.249
202604150806,   0.081,   0.172,9999.000,9999.000,9999.000,9999.000,9999.000,9999.000,9999.000
202604150812,   0.081,   0.192,9999.000,9999.000,9999.000,9999.000,9999.000,9999.000,9999.000
202604150818,   0.083,   0.241,9999.000,9999.000,9999.000,9999.000,9999.000,9999.000,9999.000
202604150824,   0.088,   0.291,9999.000,9999.000,9999.000,9999.000,9999.000,9999.000,9999.000
202604150830,   0.095,   0.310,9999.000,9999.000,9999.000,9999.000,9999.000,9999.000,9999.000
202604150836,   0.104,   0.350,9999.000,9999.000,9999.000,9999.000,9999.000,9999.000,9999.000
202604150842,   0.115,   0.402,9999.000,9999.000,9999.000,9999.000,9999.000,9999.000,9999.000
202604150848,   0.129,   0.422,9999.000,9999.000,9999.000,9999.000,9999.000,9999.000,9999.000
202604150854,   0.145,   0.441,9999.000,9999.000,9999.000,9999.000,9999.000,9999.000,9999.000
202604150900,   0.163,   0.481,  -0.100,   0.418,   0.481,  -0.200,   0.381,   0.000,   0.581
202604150906,   0.183,   0.520,9999.000,9999.000,9999.000,9999.000,9999.000,9999.000,9999.000
202604150912,   0.205,   0.540,9999.000,9999.000,9999.000,9999.000,9999.000,9999.000,9999.000
202604150918,   0.229,   0.579,9999.000,9999.000,9999.000,9999.000,9999.000,9999.000,9999.000
202604150924,   0.255,   0.622,9999.000,9999.000,9999.000,9999.000,9999.000,9999.000,9999.000
202604150930,   0.282,   0.651,9999.000,9999.000,9999.000,9999.000,9999.000,9999.000,9999.000
202604150936,   0.311,   0.681,9999.000,9999.000,9999.000,9999.000,9999.000,9999.000,9999.000
202604150942,   0.341,   0.730,9999.000,9999.000,9999.000,9999.000,9999.000,9999.000,9999.000
202604150948,   0.373,   0.779,9999.000,9999.000,9999.000,9999.000,9999.000,9999.000,9999.000
202604150954,   0.405,   0.812,9999.000,9999.000,9999.000,9999.000,9999.000,9999.000,9999.000
202604151000,   0.439,   0.851,  -0.100,   0.512,   0.851,  -0.200,   0.751,   0.000,   0.951
202604151006,   0.474,   0.891,9999.000,9999.000,9999.000,9999.000,9999.000,9999.000,9999.000
202604151012,   0.510,   0.930,9999.000,9999.000,9999.000,9999.000,9999.000,9999.000,9999.000
202604151018,   0.546,   0.969,9999.000,9999.000,9999.000,9999.000,9999.000,9999.000,9999.000
202604151024,   0.584,   1.022,9999.000,9999.000,9999.000,9999.000,9999.000,9999.000,9999.000
202604151030,   0.622,   1.061,9999.000,9999.000,9999.000,9999.000,9999.000,9999.000,9999.000
202604151036,   0.661,   1.101,9999.000,9999.000,9999.000,9999.000,9999.000,9999.000,9999.000
202604151042,   0.700,   1.140,9999.000,9999.000,9999.000,9999.000,9999.000,9999.000,9999.000
202604151048,   0.740,   1.179,9999.000,9999.000,9999.000,9999.000,9999.000,9999.000,9999.000
202604151054,   0.781,   1.222,9999.000,9999.000,9999.000,9999.000,9999.000,9999.000,9999.000
202604151100,   0.822,   1.261,  -0.100,   0.539,   1.261,  -0.100,   1.261,   0.000,   1.361
202604151106,   0.864,   1.311,9999.000,9999.000,9999.000,9999.000,9999.000,9999.000,9999.000
202604151112,   0.906,   1.350,9999.000,9999.000,9999.000,9999.000,9999.000,9999.000,9999.000
202604151118,   0.948,   1.389,9999.000,9999.000,9999.000,9999.000,9999.000,9999.000,9999.000
202604151124,   0.991,   1.432,9999.000,9999.000,9999.000,9999.000,9999.000,9999.000,9999.000
202604151130,   1.033,   1.471,9999.000,9999.000,9999.000,9999.000,9999.000,9999.000,9999.000
202604151136,   1.075,   1.511,9999.000,9999.000,9999.000,9999.000,9999.000,9999.000,9999.000
202604151142,   1.117,   1.539,9999.000,9999.000,9999.000,9999.000,9999.000,9999.000,9999.000
202604151148,   1.159,   1.579,9999.000,9999.000,9999.000,9999.000,9999.000,9999.000,9999.000
202604151154,   1.199,   1.618,9999.000,9999.000,9999.000,9999.000,9999.000,9999.000,9999.000
202604151200,   1.239,   1.661,   0.000,   0.422,   1.661,   0.000,   1.661,   0.000,   1.661
202604151206,   1.278,   1.700,9999.000,9999.000,9999.000,9999.000,9999.000,9999.000,9999.000
202604151212,   1.315,   1.729,9999.000,9999.000,9999.000,9999.000,9999.000,9999.000,9999.000
202604151218,   1.350,   1.749,9999.000,9999.000,9999.000,9999.000,9999.000,9999.000,9999.000
202604151224,   1.384,   1.779,9999.000,9999.000,9999.000,9999.000,9999.000,9999.000,9999.000
202604151230,   1.415,   1.828,9999.000,9999.000,9999.000,9999.000,9999.000,9999.000,9999.000
202604151236,   1.444,   1.861,9999.000,9999.000,9999.000,9999.000,9999.000,9999.000,9999.000
202604151242,   1.470,   1.880,9999.000,9999.000,9999.000,9999.000,9999.000,9999.000,9999.000
202604151248,   1.493,   1.929,9999.000,9999.000,9999.000,9999.000,9999.000,9999.000,9999.000
202604151254,   1.514,   1.949,9999.000,9999.000,9999.000,9999.000,9999.000,9999.000,9999.000
202604151300,   1.531,   1.959,   0.000,   0.428,   1.959,   0.000,   1.959,   0.000,   1.959
202604151306,   1.545,   1.998,9999.000,9999.000,9999.000,9999.000,9999.000,9999.000,9999.000
202604151312,   1.555,   2.018,9999.000,9999.000,9999.000,9999.000,9999.000,9999.000,9999.000
202604151318,   1.563,   2.018,9999.000,9999.000,9999.000,9999.000,9999.000,9999.000,9999.000
202604151324,   1.566,   2.051,9999.000,9999.000,9999.000,9999.000,9999.000,9999.000,9999.000
202604151330,   1.567,   2.061,9999.000,9999.000,9999.000,9999.000,9999.000,9999.000,9999.000
202604151336,   1.564,   2.061,9999.000,9999.000,9999.000,9999.000,9999.000,9999.000,9999.000
202604151342,   1.558,   2.051,9999.000,9999.000,9999.000,9999.000,9999.000,9999.000,9999.000
202604151348,   1.549,   2.038,9999.000,9999.000,9999.000,9999.000,9999.000,9999.000,9999.000
202604151354,   1.536,   2.028,9999.000,9999.000,9999.000,9999.000,9999.000,9999.000,9999.000
202604151400,   1.522,   2.008,   0.000,   0.486,   2.008,   0.000,   2.008,   0.000,   2.008
202604151406,   1.504,   1.979,9999.000,9999.000,9999.000,9999.000,9999.000,9999.000,9999.000
202604151412,   1.485,   1.939,9999.000,9999.000,9999.000,9999.000,9999.000,9999.000,9999.000
202604151418,   1.463,   1.920,9999.000,9999.000,9999.000,9999.000,9999.000,9999.000,9999.000
202604151424,   1.439,   1.880,9999.000,9999.000,9999.000,9999.000,9999.000,9999.000,9999.000
202604151430,   1.414,   1.841,9999.000,9999.000,9999.000,9999.000,9999.000,9999.000,9999.000
202604151436,   1.387,   1.788,9999.000,9999.000,9999.000,9999.000,9999.000,9999.000,9999.000
202604151442,   1.360,   1.749,9999.000,9999.000,9999.000,9999.000,9999.000,9999.000,9999.000
202604151448,   1.331,   1.720,9999.000,9999.000,9999.000,9999.000,9999.000,9999.000,9999.000
202604151454,   1.301,   1.690,9999.000,9999.000,9999.000,9999.000,9999.000,9999.000,9999.000
202604151500,   1.271,   1.651,   0.000,   0.380,   1.651,   0.000,   1.651,   0.000,   1.651
202604151506,   1.241,   1.618,9999.000,9999.000,9999.000,9999.000,9999.000,9999.000,9999.000
202604151512,   1.210,   1.598,9999.000,9999.000,9999.000,9999.000,9999.000,9999.000,9999.000
202604151518,   1.179,   1.569,9999.000,9999.000,9999.000,9999.000,9999.000,9999.000,9999.000
202604151524,   1.148,   1.539,9999.000,9999.000,9999.000,9999.000,9999.000,9999.000,9999.000
202604151530,   1.117,   1.501,9999.000,9999.000,9999.000,9999.000,9999.000,9999.000,9999.000
202604151536,   1.087,   1.461,9999.000,9999.000,9999.000,9999.000,9999.000,9999.000,9999.000
202604151542,   1.056,   1.422,9999.000,9999.000,9999.000,9999.000,9999.000,9999.000,9999.000
202604151548,   1.025,   1.379,9999.000,9999.000,9999.000,9999.000,9999.000,9999.000,9999.000
202604151554,   0.995,   1.340,9999.000,9999.000,9999.000,9999.000,9999.000,9999.000,9999.000
202604151600,   0.965,   1.301,   0.000,   0.336,   1.301,   0.000,   1.301,   0.000,   1.301
202604151606,   0.935,   1.261,9999.000,9999.000,9999.000,9999.000,9999.000,9999.000,9999.000
202604151612,   0.905,   1.232,9999.000,9999.000,9999.000,9999.000,9999.000,9999.000,9999.000
202604151618,   0.876,   1.199,9999.000,9999.000,9999.000,9999.000,9999.000,9999.000,9999.000
202604151624,   0.847,   1.150,9999.000,9999.000,9999.000,9999.000,9999.000,9999.000,9999.000
202604151630,   0.818,   1.120,9999.000,9999.000,9999.000,9999.000,9999.000,9999.000,9999.000
202604151636,   0.789,   1.081,9999.000,9999.000,9999.000,9999.000,9999.000,9999.000,9999.000
202604151642,   0.761,   1.042,9999.000,9999.000,9999.000,9999.000,9999.000,9999.000,9999.000
202604151648,   0.733,   1.012,9999.000,9999.000,9999.000,9999.000,9999.000,9999.000,9999.000
202604151654,   0.705,   0.969,9999.000,9999.000,9999.000,9999.000,9999.000,9999.000,9999.000
202604151700,   0.677,   0.940,   0.000,   0.263,   0.940,   0.000,   0.940,   0.100,   1.040
202604151706,   0.650,   0.901,9999.000,9999.000,9999.000,9999.000,9999.000,9999.000,9999.000
202604151712,   0.623,   0.861,9999.000,9999.000,9999.000,9999.000,9999.000,9999.000,9999.000
202604151718,   0.596,   0.832,9999.000,9999.000,9999.000,9999.000,9999.000,9999.000,9999.000
202604151724,   0.570,   0.802,9999.000,9999.000,9999.000,9999.000,9999.000,9999.000,9999.000
202604151730,   0.544,   0.750,9999.000,9999.000,9999.000,9999.000,9999.000,9999.000,9999.000
202604151736,   0.519,   0.730,9999.000,9999.000,9999.000,9999.000,9999.000,9999.000,9999.000
202604151742,   0.494,   0.691,9999.000,9999.000,9999.000,9999.000,9999.000,9999.000,9999.000
202604151748,   0.469,   0.661,9999.000,9999.000,9999.000,9999.000,9999.000,9999.000,9999.000
202604151754,   0.445,   0.632,9999.000,9999.000,9999.000,9999.000,9999.000,9999.000,9999.000
202604151800,   0.421,   0.602,   0.100,   0.081,   0.602,   0.000,   0.502,   0.200,   0.702
202604151806,   0.397,   0.550,9999.000,9999.000,9999.000,9999.000,9999.000,9999.000,9999.000
202604151812,   0.374,   0.530,9999.000,9999.000,9999.000,9999.000,9999.000,9999.000,9999.000
202604151818,   0.352,   0.510,9999.000,9999.000,9999.000,9999.000,9999.000,9999.000,9999.000
202604151824,   0.329,   0.471,9999.000,9999.000,9999.000,9999.000,9999.000,9999.000,9999.000
202604151830,   0.307,   0.451,9999.000,9999.000,9999.000,9999.000,9999.000,9999.000,9999.000
202604151836,   0.286,   0.432,9999.000,9999.000,9999.000,9999.000,9999.000,9999.000,9999.000
202604151842,   0.265,   0.402,9999.000,9999.000,9999.000,9999.000,9999.000,9999.000,9999.000
202604151848,   0.244,   0.382,9999.000,9999.000,9999.000,9999.000,9999.000,9999.000,9999.000
202604151854,   0.224,   0.350,9999.000,9999.000,9999.000,9999.000,9999.000,9999.000,9999.000
202604151900,   0.204,   0.340,   0.200,  -0.064,   0.340,   0.100,   0.240,   0.200,   0.340
202604151906,   0.185,   0.300,9999.000,9999.000,9999.000,9999.000,9999.000,9999.000,9999.000
202604151912,   0.167,   0.300,9999.000,9999.000,9999.000,9999.000,9999.000,9999.000,9999.000
202604151918,   0.149,   0.291,9999.000,9999.000,9999.000,9999.000,9999.000,9999.000,9999.000
202604151924,   0.132,   0.271,9999.000,9999.000,9999.000,9999.000,9999.000,9999.000,9999.000
202604151930,   0.116,   0.251,9999.000,9999.000,9999.000,9999.000,9999.000,9999.000,9999.000
202604151936,   0.101,   0.251,9999.000,9999.000,9999.000,9999.000,9999.000,9999.000,9999.000
202604151942,   0.087,   0.261,9999.000,9999.000,9999.000,9999.000,9999.000,9999.000,9999.000
202604151948,   0.074,   0.271,9999.000,9999.000,9999.000,9999.000,9999.000,9999.000,9999.000
202604151954,   0.063,   0.271,9999.000,9999.000,9999.000,9999.000,9999.000,9999.000,9999.000
202604152000,   0.053,   0.310,   0.200,   0.057,   0.310,   0.100,   0.210,   0.200,   0.310
202604152006,   0.045,   0.359,9999.000,9999.000,9999.000,9999.000,9999.000,9999.000,9999.000
202604152012,   0.039,   0.382,9999.000,9999.000,9999.000,9999.000,9999.000,9999.000,9999.000
202604152018,   0.035,   0.422,9999.000,9999.000,9999.000,9999.000,9999.000,9999.000,9999.000
202604152024,   0.033,   0.481,9999.000,9999.000,9999.000,9999.000,9999.000,9999.000,9999.000
202604152030,   0.034,   0.491,9999.000,9999.000,9999.000,9999.000,9999.000,9999.000,9999.000
202604152036,   0.037,   0.550,9999.000,9999.000,9999.000,9999.000,9999.000,9999.000,9999.000
202604152042,   0.042,   0.579,9999.000,9999.000,9999.000,9999.000,9999.000,9999.000,9999.000
202604152048,   0.050,   0.612,9999.000,9999.000,9999.000,9999.000,9999.000,9999.000,9999.000
202604152054,   0.061,   0.651,9999.000,9999.000,9999.000,9999.000,9999.000,9999.000,9999.000
202604152100,   0.074,   0.681,   0.200,   0.407,   0.681,   0.100,   0.581,   0.200,   0.681
202604152106,   0.090,   0.720,9999.000,9999.000,9999.000,9999.000,9999.000,9999.000,9999.000
202604152112,   0.108,   0.769,9999.000,9999.000,9999.000,9999.000,9999.000,9999.000,9999.000
202604152118,   0.129,   0.812,9999.000,9999.000,9999.000,9999.000,9999.000,9999.000,9999.000
202604152124,   0.153,   0.832,9999.000,9999.000,9999.000,9999.000,9999.000,9999.000,9999.000
202604152130,   0.179,   0.881,9999.000,9999.000,9999.000,9999.000,9999.000,9999.000,9999.000
202604152136,   0.207,   0.920,9999.000,9999.000,9999.000,9999.000,9999.000,9999.000,9999.000
202604152142,   0.237,   0.969,9999.000,9999.000,9999.000,9999.000,9999.000,9999.000,9999.000
202604152148,   0.270,   1.022,9999.000,9999.000,9999.000,9999.000,9999.000,9999.000,9999.000
202604152154,   0.304,   1.061,9999.000,9999.000,9999.000,9999.000,9999.000,9999.000,9999.000
202604152200,   0.341,   1.091,   0.200,   0.550,   1.091,   0.100,   0.991,   0.200,   1.091
202604152206,   0.379,   1.140,9999.000,9999.000,9999.000,9999.000,9999.000,9999.000,9999.000
202604152212,   0.419,   1.189,9999.000,9999.000,9999.000,9999.000,9999.000,9999.000,9999.000
202604152218,   0.461,   1.212,9999.000,9999.000,9999.000,9999.000,9999.000,9999.000,9999.000
202604152224,   0.504,   1.261,9999.000,9999.000,9999.000,9999.000,9999.000,9999.000,9999.000
202604152230,   0.548,   1.320,9999.000,9999.000,9999.000,9999.000,9999.000,9999.000,9999.000
202604152236,   0.594,   1.379,9999.000,9999.000,9999.000,9999.000,9999.000,9999.000,9999.000
202604152242,   0.640,   1.409,9999.000,9999.000,9999.000,9999.000,9999.000,9999.000,9999.000
202604152248,   0.688,   1.461,9999.000,9999.000,9999.000,9999.000,9999.000,9999.000,9999.000
202604152254,   0.737,   1.501,9999.000,9999.000,9999.000,9999.000,9999.000,9999.000,9999.000
202604152300,   0.787,   1.559,   0.100,   0.672,   1.559,   0.100,   1.559,   0.200,   1.659
202604152306,   0.837,   1.598,9999.000,9999.000,9999.000,9999.000,9999.000,9999.000,9999.000
202604152312,   0.889,   1.661,9999.000,9999.000,9999.000,9999.000,9999.000,9999.000,9999.000
202604152318,   0.941,   1.700,9999.000,9999.000,9999.000,9999.000,9999.000,9999.000,9999.000
202604152324,   0.994,   1.749,9999.000,9999.000,9999.000,9999.000,9999.000,9999.000,9999.000
202604152330,   1.047,   1.788,9999.000,9999.000,9999.000,9999.000,9999.000,9999.000,9999.000
202604152336,   1.101,   1.841,9999.000,9999.000,9999.000,9999.000,9999.000,9999.000,9999.000
202604152342,   1.155,   1.890,9999.000,9999.000,9999.000,9999.000,9999.000,9999.000,9999.000
202604152348,   1.209,   1.939,9999.000,9999.000,9999.000,9999.000,9999.000,9999.000,9999.000
202604152354,   1.263,   1.979,9999.000,9999.000,9999.000,9999.000,9999.000,9999.000,9999.000
202604160000,   1.317,   2.028,   0.200,   0.511,   2.028,   0.200,   2.028,   0.300,   2.128
202604160006,   1.370,   2.071,9999.000,9999.000,9999.000,9999.000,9999.000,9999.000,9999.000
202604160012,   1.423,   2.110,9999.000,9999.000,9999.000,9999.000,9999.000,9999.000,9999.000
202604160018,   1.475,   2.159,9999.000,9999.000,9999.000,9999.000,9999.000,9999.000,9999.000
202604160024,   1.525,   2.198,9999.000,9999.000,9999.000,9999.000,9999.000,9999.000,9999.000
202604160030,   1.574,   2.238,9999.000,9999.000,9999.000,9999.000,9999.000,9999.000,9999.000
202604160036,   1.622,   2.280,9999.000,9999.000,9999.000,9999.000,9999.000,9999.000,9999.000
202604160042,   1.667,   2.320,9999.000,9999.000,9999.000,9999.000,9999.000,9999.000,9999.000
202604160048,   1.710,   2.349,9999.000,9999.000,9999.000,9999.000,9999.000,9999.000,9999.000
202604160054,   1.751,   2.389,9999.000,9999.000,9999.000,9999.000,9999.000,9999.000,9999.000
202604160100,   1.788,   2.428,   0.200,   0.440,   2.428,   0.200,   2.428,   0.300,   2.528
202604160106,   1.823,   2.461,9999.000,9999.000,9999.000,9999.000,9999.000,9999.000,9999.000
202604160112,   1.854,   2.500,9999.000,9999.000,9999.000,9999.000,9999.000,9999.000,9999.000
202604160118,   1.882,   2.520,9999.000,9999.000,9999.000,9999.000,9999.000,9999.000,9999.000
202604160124,   1.906,   2.549,9999.000,9999.000,9999.000,9999.000,9999.000,9999.000,9999.000
202604160130,   1.926,   2.569,9999.000,9999.000,9999.000,9999.000,9999.000,9999.000,9999.000
202604160136,   1.942,   2.589,9999.000,9999.000,9999.000,9999.000,9999.000,9999.000,9999.000
202604160142,   1.955,   2.608,9999.000,9999.000,9999.000,9999.000,9999.000,9999.000,9999.000
202604160148,   1.963,   2.628,9999.000,9999.000,9999.000,9999.000,9999.000,9999.000,9999.000
202604160154,   1.967,   2.628,9999.000,9999.000,9999.000,9999.000,9999.000,9999.000,9999.000
202604160200,   1.967,   2.628,   0.200,   0.461,   2.628,   0.200,   2.628,   0.200,   2.628
202604160206,   1.964,   2.618,9999.000,9999.000,9999.000,9999.000,9999.000,9999.000,9999.000
202604160212,   1.957,   2.599,9999.000,9999.000,9999.000,9999.000,9999.000,9999.000,9999.000
202604160218,   1.946,   2.579,9999.000,9999.000,9999.000,9999.000,9999.000,9999.000,9999.000
202604160224,   1.932,   2.559,9999.000,9999.000,9999.000,9999.000,9999.000,9999.000,9999.000
202604160230,   1.914,   2.520,9999.000,9999.000,9999.000,9999.000,9999.000,9999.000,9999.000
202604160236,   1.894,   2.490,9999.000,9999.000,9999.000,9999.000,9999.000,9999.000,9999.000
202604160242,   1.871,   2.461,9999.000,9999.000,9999.000,9999.000,9999.000,9999.000,9999.000
202604160248,   1.846,   2.418,9999.000,9999.000,9999.000,9999.000,9999.000,9999.000,9999.000
202604160254,   1.818,   2.369,9999.000,9999.000,9999.000,9999.000,9999.000,9999.000,9999.000
202604160300,   1.788,   2.339,   0.200,   0.351,   2.339,   0.200,   2.339,   0.200,   2.339
202604160306,   1.757,   2.310,9999.000,9999.000,9999.000,9999.000,9999.000,9999.000,9999.000
202604160312,   1.724,   2.271,9999.000,9999.000,9999.000,9999.000,9999.000,9999.000,9999.000
202604160318,   1.690,   2.238,9999.000,9999.000,9999.000,9999.000,9999.000,9999.000,9999.000
202604160324,   1.655,   2.208,9999.000,9999.000,9999.000,9999.000,9999.000,9999.000,9999.000
202604160330,   1.620,   2.169,9999.000,9999.000,9999.000,9999.000,9999.000,9999.000,9999.000
202604160336,   1.583,   2.130,9999.000,9999.000,9999.000,9999.000,9999.000,9999.000,9999.000
202604160342,   1.546,   2.100,9999.000,9999.000,9999.000,9999.000,9999.000,9999.000,9999.000
202604160348,   1.509,   2.061,9999.000,9999.000,9999.000,9999.000,9999.000,9999.000,9999.000
202604160354,   1.471,   2.008,9999.000,9999.000,9999.000,9999.000,9999.000,9999.000,9999.000
202604160400,   1.433,   1.969,   0.200,   0.336,   1.969,   0.100,   1.869,   0.200,   1.969
202604160406,   1.395,   1.929,9999.000,9999.000,9999.000,9999.000,9999.000,9999.000,9999.000
202604160412,   1.357,   1.890,9999.000,9999.000,9999.000,9999.000,9999.000,9999.000,9999.000
202604160418,   1.320,   1.841,9999.000,9999.000,9999.000,9999.000,9999.000,9999.000,9999.000
202604160424,   1.282,   1.788,9999.000,9999.000,9999.000,9999.000,9999.000,9999.000,9999.000
202604160430,   1.244,   1.759,9999.000,9999.000,9999.000,9999.000,9999.000,9999.000,9999.000
202604160436,   1.207,   1.720,9999.000,9999.000,9999.000,9999.000,9999.000,9999.000,9999.000
202604160442,   1.169,   1.670,9999.000,9999.000,9999.000,9999.000,9999.000,9999.000,9999.000
202604160448,   1.132,   1.631,9999.000,9999.000,9999.000,9999.000,9999.000,9999.000,9999.000
202604160454,   1.095,   1.588,9999.000,9999.000,9999.000,9999.000,9999.000,9999.000,9999.000
202604160500,   1.058,   1.539,   0.100,   0.381,   1.539,   0.100,   1.539,   0.100,   1.539
202604160506,   1.022,   1.511,9999.000,9999.000,9999.000,9999.000,9999.000,9999.000,9999.000
202604160512,   0.986,   1.471,9999.000,9999.000,9999.000,9999.000,9999.000,9999.000,9999.000
202604160518,   0.950,   1.422,9999.000,9999.000,9999.000,9999.000,9999.000,9999.000,9999.000
202604160524,   0.914,   1.379,9999.000,9999.000,9999.000,9999.000,9999.000,9999.000,9999.000
202604160530,   0.879,   1.340,9999.000,9999.000,9999.000,9999.000,9999.000,9999.000,9999.000
202604160536,   0.845,   1.301,9999.000,9999.000,9999.000,9999.000,9999.000,9999.000,9999.000
202604160542,   0.810,   1.261,9999.000,9999.000,9999.000,9999.000,9999.000,9999.000,9999.000
202604160548,   0.776,   1.222,9999.000,9999.000,9999.000,9999.000,9999.000,9999.000,9999.000
202604160554,   0.743,   1.170,9999.000,9999.000,9999.000,9999.000,9999.000,9999.000,9999.000
202604160600,   0.710,   1.130,   0.200,   0.220,   1.130,   0.100,   1.030,   0.200,   1.130
202604160606,   0.678,   1.101,9999.000,9999.000,9999.000,9999.000,9999.000,9999.000,9999.000
202604160612,   0.646,   1.051,9999.000,9999.000,9999.000,9999.000,9999.000,9999.000,9999.000
202604160618,   0.615,   1.022,9999.000,9999.000,9999.000,9999.000,9999.000,9999.000,9999.000
202604160624,   0.585,   0.989,9999.000,9999.000,9999.000,9999.000,9999.000,9999.000,9999.000
202604160630,   0.555,   0.950,9999.000,9999.000,9999.000,9999.000,9999.000,9999.000,9999.000
202604160636,   0.525,   0.920,9999.000,9999.000,9999.000,9999.000,9999.000,9999.000,9999.000
202604160642,   0.496,   0.891,9999.000,9999.000,9999.000,9999.000,9999.000,9999.000,9999.000
202604160648,   0.467,   0.851,9999.000,9999.000,9999.000,9999.000,9999.000,9999.000,9999.000
202604160654,   0.439,   0.812,9999.000,9999.000,9999.000,9999.000,9999.000,9999.000,9999.000
202604160700,   0.412,   0.779,   0.200,   0.167,   0.779,   0.100,   0.679,   0.200,   0.779
202604160706,   0.385,   0.750,9999.000,9999.000,9999.000,9999.000,9999.000,9999.000,9999.000
202604160712,   0.358,   0.710,9999.000,9999.000,9999.000,9999.000,9999.000,9999.000,9999.000
202604160718,   0.332,   0.691,9999.000,9999.000,9999.000,9999.000,9999.000,9999.000,9999.000
202604160724,   0.306,   0.651,9999.000,9999.000,9999.000,9999.000,9999.000,9999.000,9999.000
202604160730,   0.281,   0.622,9999.000,9999.000,9999.000,9999.000,9999.000,9999.000,9999.000
202604160736,   0.257,   0.602,9999.000,9999.000,9999.000,9999.000,9999.000,9999.000,9999.000
202604160742,   0.233,   0.579,9999.000,9999.000,9999.000,9999.000,9999.000,9999.000,9999.000
202604160748,   0.210,   0.550,9999.000,9999.000,9999.000,9999.000,9999.000,9999.000,9999.000
202604160754,   0.189,   0.530,9999.000,9999.000,9999.000,9999.000,9999.000,9999.000,9999.000
202604160800,   0.168,   0.510,   0.200,   0.142,   0.510,   0.100,   0.410,   0.200,   0.510
202604160806,   0.148,   0.491,9999.000,9999.000,9999.000,9999.000,9999.000,9999.000,9999.000
202604160812,   0.129,   0.471,9999.000,9999.000,9999.000,9999.000,9999.000,9999.000,9999.000
202604160818,   0.112,   0.461,9999.000,9999.000,9999.000,9999.000,9999.000,9999.000,9999.000
202604160824,   0.096,   0.451,9999.000,9999.000,9999.000,9999.000,9999.000,9999.000,9999.000
202604160830,   0.082,   0.432,9999.000,9999.000,9999.000,9999.000,9999.000,9999.000,9999.000
202604160836,   0.070,   0.412,9999.000,9999.000,9999.000,9999.000,9999.000,9999.000,9999.000
202604160842,   0.060,   0.422,9999.000,9999.000,9999.000,9999.000,9999.000,9999.000,9999.000
202604160848,   0.052,   0.441,9999.000,9999.000,9999.000,9999.000,9999.000,9999.000,9999.000
202604160854,   0.046,   0.461,9999.000,9999.000,9999.000,9999.000,9999.000,9999.000,9999.000
202604160900,   0.042,   0.491,   0.200,   0.249,   0.491,   0.100,   0.391,   0.200,   0.491
202604160906,   0.041,   0.530,9999.000,9999.000,9999.000,9999.000,9999.000,9999.000,9999.000
202604160912,   0.042,   0.559,9999.000,9999.000,9999.000,9999.000,9999.000,9999.000,9999.000
202604160918,   0.045,   0.622,9999.000,9999.000,9999.000,9999.000,9999.000,9999.000,9999.000
202604160924,   0.051,   0.661,9999.000,9999.000,9999.000,9999.000,9999.000,9999.000,9999.000
202604160930,   0.060,   0.691,9999.000,9999.000,9999.000,9999.000,9999.000,9999.000,9999.000
202604160936,   0.071,   0.720,9999.000,9999.000,9999.000,9999.000,9999.000,9999.000,9999.000
202604160942,   0.085,   0.760,9999.000,9999.000,9999.000,9999.000,9999.000,9999.000,9999.000
202604160948,   0.101,   0.789,9999.000,9999.000,9999.000,9999.000,9999.000,9999.000,9999.000
202604160954,   0.119,   0.822,9999.000,9999.000,9999.000,9999.000,9999.000,9999.000,9999.000
202604161000,   0.140,   0.861,   0.100,   0.621,   0.861,   0.100,   0.861,   0.200,   0.961
202604161006,   0.163,   0.901,9999.000,9999.000,9999.000,9999.000,9999.000,9999.000,9999.000
202604161012,   0.188,   0.940,9999.000,9999.000,9999.000,9999.000,9999.000,9999.000,9999.000
202604161018,   0.215,   0.979,9999.000,9999.000,9999.000,9999.000,9999.000,9999.000,9999.000
202604161024,   0.243,   1.022,9999.000,9999.000,9999.000,9999.000,9999.000,9999.000,9999.000
202604161030,   0.274,   1.061,9999.000,9999.000,9999.000,9999.000,9999.000,9999.000,9999.000
202604161036,   0.306,   1.101,9999.000,9999.000,9999.000,9999.000,9999.000,9999.000,9999.000
202604161042,   0.339,   1.150,9999.000,9999.000,9999.000,9999.000,9999.000,9999.000,9999.000
202604161048,   0.374,   1.189,9999.000,9999.000,9999.000,9999.000,9999.000,9999.000,9999.000
202604161054,   0.410,   1.232,9999.000,9999.000,9999.000,9999.000,9999.000,9999.000,9999.000
202604161100,   0.448,   1.271,   0.100,   0.723,   1.271,   0.100,   1.271,   0.200,   1.371
202604161106,   0.486,   1.311,9999.000,9999.000,9999.000,9999.000,9999.000,9999.000,9999.000
202604161112,   0.526,   1.350,9999.000,9999.000,9999.000,9999.000,9999.000,9999.000,9999.000
202604161118,   0.566,   1.399,9999.000,9999.000,9999.000,9999.000,9999.000,9999.000,9999.000
202604161124,   0.608,   1.452,9999.000,9999.000,9999.000,9999.000,9999.000,9999.000,9999.000
202604161130,   0.650,   1.491,9999.000,9999.000,9999.000,9999.000,9999.000,9999.000,9999.000
202604161136,   0.693,   1.529,9999.000,9999.000,9999.000,9999.000,9999.000,9999.000,9999.000
202604161142,   0.737,   1.569,9999.000,9999.000,9999.000,9999.000,9999.000,9999.000,9999.000
202604161148,   0.781,   1.598,9999.000,9999.000,9999.000,9999.000,9999.000,9999.000,9999.000
202604161154,   0.826,9999.000,9999.000,9999.000,9999.000,9999.000,9999.000,9999.000,9999.000
202604161200,   0.872,9999.000,   0.100,   0.696,   1.668,   0.100,   1.668,   0.200,   1.768
202604161206,   0.918,9999.000,9999.000,9999.000,9999.000,9999.000,9999.000,9999.000,9999.000
202604161212,   0.964,9999.000,9999.000,9999.000,9999.000,9999.000,9999.000,9999.000,9999.000
202604161218,   1.010,9999.000,9999.000,9999.000,9999.000,9999.000,9999.000,9999.000,9999.000
202604161224,   1.056,9999.000,9999.000,9999.000,9999.000,9999.000,9999.000,9999.000,9999.000
202604161230,   1.101,9999.000,9999.000,9999.000,9999.000,9999.000,9999.000,9999.000,9999.000
202604161236,   1.147,9999.000,9999.000,9999.000,9999.000,9999.000,9999.000,9999.000,9999.000
202604161242,   1.191,9999.000,9999.000,9999.000,9999.000,9999.000,9999.000,9999.000,9999.000
202604161248,   1.234,9999.000,9999.000,9999.000,9999.000,9999.000,9999.000,9999.000,9999.000
202604161254,   1.276,9999.000,9999.000,9999.000,9999.000,9999.000,9999.000,9999.000,9999.000
202604161300,   1.317,9999.000,   0.100,   0.668,   2.085,   0.100,   2.085,   0.100,   2.085
202604161306,   1.356,9999.000,9999.000,9999.000,9999.000,9999.000,9999.000,9999.000,9999.000
202604161312,   1.392,9999.000,9999.000,9999.000,9999.000,9999.000,9999.000,9999.000,9999.000
202604161318,   1.427,9999.000,9999.000,9999.000,9999.000,9999.000,9999.000,9999.000,9999.000
202604161324,   1.459,9999.000,9999.000,9999.000,9999.000,9999.000,9999.000,9999.000,9999.000
202604161330,   1.488,9999.000,9999.000,9999.000,9999.000,9999.000,9999.000,9999.000,9999.000
202604161336,   1.513,9999.000,9999.000,9999.000,9999.000,9999.000,9999.000,9999.000,9999.000
202604161342,   1.536,9999.000,9999.000,9999.000,9999.000,9999.000,9999.000,9999.000,9999.000
202604161348,   1.556,9999.000,9999.000,9999.000,9999.000,9999.000,9999.000,9999.000,9999.000
202604161354,   1.571,9999.000,9999.000,9999.000,9999.000,9999.000,9999.000,9999.000,9999.000
202604161400,   1.584,9999.000,   0.100,   0.641,   2.325,   0.100,   2.325,   0.100,   2.325
202604161406,   1.592,9999.000,9999.000,9999.000,9999.000,9999.000,9999.000,9999.000,9999.000
202604161412,   1.597,9999.000,9999.000,9999.000,9999.000,9999.000,9999.000,9999.000,9999.000
202604161418,   1.599,9999.000,9999.000,9999.000,9999.000,9999.000,9999.000,9999.000,9999.000
202604161424,   1.596,9999.000,9999.000,9999.000,9999.000,9999.000,9999.000,9999.000,9999.000
202604161430,   1.590,9999.000,9999.000,9999.000,9999.000,9999.000,9999.000,9999.000,9999.000
202604161436,   1.581,9999.000,9999.000,9999.000,9999.000,9999.000,9999.000,9999.000,9999.000
202604161442,   1.569,9999.000,9999.000,9999.000,9999.000,9999.000,9999.000,9999.000,9999.000
202604161448,   1.553,9999.000,9999.000,9999.000,9999.000,9999.000,9999.000,9999.000,9999.000
202604161454,   1.535,9999.000,9999.000,9999.000,9999.000,9999.000,9999.000,9999.000,9999.000
202604161500,   1.514,9999.000,   0.100,   0.614,   2.228,   0.100,   2.228,   0.100,   2.228
202604161506,   1.491,9999.000,9999.000,9999.000,9999.000,9999.000,9999.000,9999.000,9999.000
202604161512,   1.466,9999.000,9999.000,9999.000,9999.000,9999.000,9999.000,9999.000,9999.000
202604161518,   1.439,9999.000,9999.000,9999.000,9999.000,9999.000,9999.000,9999.000,9999.000
202604161524,   1.410,9999.000,9999.000,9999.000,9999.000,9999.000,9999.000,9999.000,9999.000
202604161530,   1.380,9999.000,9999.000,9999.000,9999.000,9999.000,9999.000,9999.000,9999.000
202604161536,   1.349,9999.000,9999.000,9999.000,9999.000,9999.000,9999.000,9999.000,9999.000
202604161542,   1.317,9999.000,9999.000,9999.000,9999.000,9999.000,9999.000,9999.000,9999.000
202604161548,   1.284,9999.000,9999.000,9999.000,9999.000,9999.000,9999.000,9999.000,9999.000
202604161554,   1.251,9999.000,9999.000,9999.000,9999.000,9999.000,9999.000,9999.000,9999.000
202604161600,   1.218,9999.000,   0.100,   0.587,   1.905,   0.100,   1.905,   0.100,   1.905
202604161606,   1.184,9999.000,9999.000,9999.000,9999.000,9999.000,9999.000,9999.000,9999.000
202604161612,   1.151,9999.000,9999.000,9999.000,9999.000,9999.000,9999.000,9999.000,9999.000
202604161618,   1.117,9999.000,9999.000,9999.000,9999.000,9999.000,9999.000,9999.000,9999.000
202604161624,   1.084,9999.000,9999.000,9999.000,9999.000,9999.000,9999.000,9999.000,9999.000
202604161630,   1.051,9999.000,9999.000,9999.000,9999.000,9999.000,9999.000,9999.000,9999.000
202604161636,   1.018,9999.000,9999.000,9999.000,9999.000,9999.000,9999.000,9999.000,9999.000
202604161642,   0.985,9999.000,9999.000,9999.000,9999.000,9999.000,9999.000,9999.000,9999.000
202604161648,   0.953,9999.000,9999.000,9999.000,9999.000,9999.000,9999.000,9999.000,9999.000
202604161654,   0.921,9999.000,9999.000,9999.000,9999.000,9999.000,9999.000,9999.000,9999.000
202604161700,   0.890,9999.000,   0.100,   0.559,   1.549,   0.100,   1.549,   0.100,   1.549
202604161706,   0.859,9999.000,9999.000,9999.000,9999.000,9999.000,9999.000,9999.000,9999.000
202604161712,   0.828,9999.000,9999.000,9999.000,9999.000,9999.000,9999.000,9999.000,9999.000
202604161718,   0.798,9999.000,9999.000,9999.000,9999.000,9999.000,9999.000,9999.000,9999.000
202604161724,   0.768,9999.000,9999.000,9999.000,9999.000,9999.000,9999.000,9999.000,9999.000
202604161730,   0.739,9999.000,9999.000,9999.000,9999.000,9999.000,9999.000,9999.000,9999.000
202604161736,   0.709,9999.000,9999.000,9999.000,9999.000,9999.000,9999.000,9999.000,9999.000
202604161742,   0.681,9999.000,9999.000,9999.000,9999.000,9999.000,9999.000,9999.000,9999.000
202604161748,   0.652,9999.000,9999.000,9999.000,9999.000,9999.000,9999.000,9999.000,9999.000
202604161754,   0.625,9999.000,9999.000,9999.000,9999.000,9999.000,9999.000,9999.000,9999.000
202604161800,   0.597,9999.000,   0.100,   0.532,   1.229,   0.100,   1.229,   0.200,   1.329
202604161806,   0.570,9999.000,9999.000,9999.000,9999.000,9999.000,9999.000,9999.000,9999.000
202604161812,   0.544,9999.000,9999.000,9999.000,9999.000,9999.000,9999.000,9999.000,9999.000
202604161818,   0.518,9999.000,9999.000,9999.000,9999.000,9999.000,9999.000,9999.000,9999.000
202604161824,   0.492,9999.000,9999.000,9999.000,9999.000,9999.000,9999.000,9999.000,9999.000
202604161830,   0.467,9999.000,9999.000,9999.000,9999.000,9999.000,9999.000,9999.000,9999.000
202604161836,   0.442,9999.000,9999.000,9999.000,9999.000,9999.000,9999.000,9999.000,9999.000
202604161842,   0.418,9999.000,9999.000,9999.000,9999.000,9999.000,9999.000,9999.000,9999.000
202604161848,   0.394,9999.000,9999.000,9999.000,9999.000,9999.000,9999.000,9999.000,9999.000
202604161854,   0.371,9999.000,9999.000,9999.000,9999.000,9999.000,9999.000,9999.000,9999.000
202604161900,   0.348,9999.000,   0.200,   0.505,   1.053,   0.100,   0.953,   0.200,   1.053
202604161906,   0.326,9999.000,9999.000,9999.000,9999.000,9999.000,9999.000,9999.000,9999.000
202604161912,   0.304,9999.000,9999.000,9999.000,9999.000,9999.000,9999.000,9999.000,9999.000
202604161918,   0.282,9999.000,9999.000,9999.000,9999.000,9999.000,9999.000,9999.000,9999.000
202604161924,   0.261,9999.000,9999.000,9999.000,9999.000,9999.000,9999.000,9999.000,9999.000
202604161930,   0.240,9999.000,9999.000,9999.000,9999.000,9999.000,9999.000,9999.000,9999.000
202604161936,   0.219,9999.000,9999.000,9999.000,9999.000,9999.000,9999.000,9999.000,9999.000
202604161942,   0.199,9999.000,9999.000,9999.000,9999.000,9999.000,9999.000,9999.000,9999.000
202604161948,   0.179,9999.000,9999.000,9999.000,9999.000,9999.000,9999.000,9999.000,9999.000
202604161954,   0.160,9999.000,9999.000,9999.000,9999.000,9999.000,9999.000,9999.000,9999.000
202604162000,   0.142,9999.000,   0.200,   0.477,   0.819,   0.100,   0.719,   0.200,   0.819
202604162006,   0.124,9999.000,9999.000,9999.000,9999.000,9999.000,9999.000,9999.000,9999.000
202604162012,   0.107,9999.000,9999.000,9999.000,9999.000,9999.000,9999.000,9999.000,9999.000
202604162018,   0.090,9999.000,9999.000,9999.000,9999.000,9999.000,9999.000,9999.000,9999.000
202604162024,   0.075,9999.000,9999.000,9999.000,9999.000,9999.000,9999.000,9999.000,9999.000
202604162030,   0.061,9999.000,9999.000,9999.000,9999.000,9999.000,9999.000,9999.000,9999.000
202604162036,   0.048,9999.000,9999.000,9999.000,9999.000,9999.000,9999.000,9999.000,9999.000
202604162042,   0.037,9999.000,9999.000,9999.000,9999.000,9999.000,9999.000,9999.000,9999.000
202604162048,   0.027,9999.000,9999.000,9999.000,9999.000,9999.000,9999.000,9999.000,9999.000
202604162054,   0.019,9999.000,9999.000,9999.000,9999.000,9999.000,9999.000,9999.000,9999.000
202604162100,   0.012,9999.000,   0.200,   0.450,   0.662,   0.100,   0.562,   0.200,   0.662
202604162106,   0.008,9999.000,9999.000,9999.000,9999.000,9999.000,9999.000,9999.000,9999.000
202604162112,   0.006,9999.000,9999.000,9999.000,9999.000,9999.000,9999.000,9999.000,9999.000
202604162118,   0.007,9999.000,9999.000,9999.000,9999.000,9999.000,9999.000,9999.000,9999.000
202604162124,   0.010,9999.000,9999.000,9999.000,9999.000,9999.000,9999.000,9999.000,9999.000
202604162130,   0.015,9999.000,9999.000,9999.000,9999.000,9999.000,9999.000,9999.000,9999.000
202604162136,   0.024,9999.000,9999.000,9999.000,9999.000,9999.000,9999.000,9999.000,9999.000
202604162142,   0.035,9999.000,9999.000,9999.000,9999.000,9999.000,9999.000,9999.000,9999.000
202604162148,   0.049,9999.000,9999.000,9999.000,9999.000,9999.000,9999.000,9999.000,9999.000
202604162154,   0.065,9999.000,9999.000,9999.000,9999.000,9999.000,9999.000,9999.000,9999.000
202604162200,   0.085,9999.000,   0.200,   0.423,   0.708,   0.100,   0.608,   0.200,   0.708
202604162206,   0.107,9999.000,9999.000,9999.000,9999.000,9999.000,9999.000,9999.000,9999.000
202604162212,   0.132,9999.000,9999.000,9999.000,9999.000,9999.000,9999.000,9999.000,9999.000
202604162218,   0.160,9999.000,9999.000,9999.000,9999.000,9999.000,9999.000,9999.000,9999.000
202604162224,   0.191,9999.000,9999.000,9999.000,9999.000,9999.000,9999.000,9999.000,9999.000
202604162230,   0.224,9999.000,9999.000,9999.000,9999.000,9999.000,9999.000,9999.000,9999.000
202604162236,   0.259,9999.000,9999.000,9999.000,9999.000,9999.000,9999.000,9999.000,9999.000
202604162242,   0.297,9999.000,9999.000,9999.000,9999.000,9999.000,9999.000,9999.000,9999.000
202604162248,   0.336,9999.000,9999.000,9999.000,9999.000,9999.000,9999.000,9999.000,9999.000
202604162254,   0.378,9999.000,9999.000,9999.000,9999.000,9999.000,9999.000,9999.000,9999.000
202604162300,   0.422,9999.000,   0.100,   0.396,   0.918,   0.100,   0.918,   0.200,   1.018
202604162306,   0.468,9999.000,9999.000,9999.000,9999.000,9999.000,9999.000,9999.000,9999.000
202604162312,   0.515,9999.000,9999.000,9999.000,9999.000,9999.000,9999.000,9999.000,9999.000
202604162318,   0.564,9999.000,9999.000,9999.000,9999.000,9999.000,9999.000,9999.000,9999.000
202604162324,   0.614,9999.000,9999.000,9999.000,9999.000,9999.000,9999.000,9999.000,9999.000
202604162330,   0.666,9999.000,9999.000,9999.000,9999.000,9999.000,9999.000,9999.000,9999.000
202604162336,   0.719,9999.000,9999.000,9999.000,9999.000,9999.000,9999.000,9999.000,9999.000
202604162342,   0.773,9999.000,9999.000,9999.000,9999.000,9999.000,9999.000,9999.000,9999.000
202604162348,   0.828,9999.000,9999.000,9999.000,9999.000,9999.000,9999.000,9999.000,9999.000
202604162354,   0.884,9999.000,9999.000,9999.000,9999.000,9999.000,9999.000,9999.000,9999.000
202604170000,   0.941,9999.000,   0.100,   0.396,   1.437,   0.100,   1.437,   0.200,   1.537
202604170006,   0.999,9999.000,9999.000,9999.000,9999.000,9999.000,9999.000,9999.000,9999.000
202604170012,   1.057,9999.000,9999.000,9999.000,9999.000,9999.000,9999.000,9999.000,9999.000
202604170018,   1.116,9999.000,9999.000,9999.000,9999.000,9999.000,9999.000,9999.000,9999.000
202604170024,   1.175,9999.000,9999.000,9999.000,9999.000,9999.000,9999.000,9999.000,9999.000
202604170030,   1.235,9999.000,9999.000,9999.000,9999.000,9999.000,9999.000,9999.000,9999.000
202604170036,   1.294,9999.000,9999.000,9999.000,9999.000,9999.000,9999.000,9999.000,9999.000
202604170042,   1.354,9999.000,9999.000,9999.000,9999.000,9999.000,9999.000,9999.000,9999.000
202604170048,   1.413,9999.000,9999.000,9999.000,9999.000,9999.000,9999.000,9999.000,9999.000
202604170054,   1.471,9999.000,9999.000,9999.000,9999.000,9999.000,9999.000,9999.000,9999.000
202604170100,   1.529,9999.000,   0.100,   0.396,   2.025,   0.100,   2.025,   0.100,   2.025
202604170106,   1.586,9999.000,9999.000,9999.000,9999.000,9999.000,9999.000,9999.000,9999.000
202604170112,   1.641,9999.000,9999.000,9999.000,9999.000,9999.000,9999.000,9999.000,9999.000
202604170118,   1.695,9999.000,9999.000,9999.000,9999.000,9999.000,9999.000,9999.000,9999.000
202604170124,   1.746,9999.000,9999.000,9999.000,9999.000,9999.000,9999.000,9999.000,9999.000
202604170130,   1.796,9999.000,9999.000,9999.000,9999.000,9999.000,9999.000,9999.000,9999.000
202604170136,   1.843,9999.000,9999.000,9999.000,9999.000,9999.000,9999.000,9999.000,9999.000
202604170142,   1.887,9999.000,9999.000,9999.000,9999.000,9999.000,9999.000,9999.000,9999.000
202604170148,   1.928,9999.000,9999.000,9999.000,9999.000,9999.000,9999.000,9999.000,9999.000
202604170154,   1.966,9999.000,9999.000,9999.000,9999.000,9999.000,9999.000,9999.000,9999.000
202604170200,   2.000,9999.000,   0.100,   0.396,   2.496,   0.000,   2.396,   0.100,   2.496
202604170206,   2.030,9999.000,9999.000,9999.000,9999.000,9999.000,9999.000,9999.000,9999.000
202604170212,   2.056,9999.000,9999.000,9999.000,9999.000,9999.000,9999.000,9999.000,9999.000
202604170218,   2.078,9999.000,9999.000,9999.000,9999.000,9999.000,9999.000,9999.000,9999.000
202604170224,   2.096,9999.000,9999.000,9999.000,9999.000,9999.000,9999.000,9999.000,9999.000
202604170230,   2.109,9999.000,9999.000,9999.000,9999.000,9999.000,9999.000,9999.000,9999.000
202604170236,   2.118,9999.000,9999.000,9999.000,9999.000,9999.000,9999.000,9999.000,9999.000
202604170242,   2.123,9999.000,9999.000,9999.000,9999.000,9999.000,9999.000,9999.000,9999.000
202604170248,   2.124,9999.000,9999.000,9999.000,9999.000,9999.000,9999.000,9999.000,9999.000
202604170254,   2.120,9999.000,9999.000,9999.000,9999.000,9999.000,9999.000,9999.000,9999.000
202604170300,   2.112,9999.000,   0.100,   0.396,   2.608,   0.000,   2.508,   0.100,   2.608
202604170306,   2.100,9999.000,9999.000,9999.000,9999.000,9999.000,9999.000,9999.000,9999.000
202604170312,   2.084,9999.000,9999.000,9999.000,9999.000,9999.000,9999.000,9999.000,9999.000
202604170318,   2.065,9999.000,9999.000,9999.000,9999.000,9999.000,9999.000,9999.000,9999.000
202604170324,   2.043,9999.000,9999.000,9999.000,9999.000,9999.000,9999.000,9999.000,9999.000
202604170330,   2.017,9999.000,9999.000,9999.000,9999.000,9999.000,9999.000,9999.000,9999.000
202604170336,   1.989,9999.000,9999.000,9999.000,9999.000,9999.000,9999.000,9999.000,9999.000
202604170342,   1.959,9999.000,9999.000,9999.000,9999.000,9999.000,9999.000,9999.000,9999.000
202604170348,   1.926,9999.000,9999.000,9999.000,9999.000,9999.000,9999.000,9999.000,9999.000
202604170354,   1.891,9999.000,9999.000,9999.000,9999.000,9999.000,9999.000,9999.000,9999.000
202604170400,   1.855,9999.000,   0.000,   0.396,   2.251,   0.000,   2.251,   0.100,   2.351
202604170406,   1.817,9999.000,9999.000,9999.000,9999.000,9999.000,9999.000,9999.000,9999.000
202604170412,   1.778,9999.000,9999.000,9999.000,9999.000,9999.000,9999.000,9999.000,9999.000
202604170418,   1.738,9999.000,9999.000,9999.000,9999.000,9999.000,9999.000,9999.000,9999.000
202604170424,   1.697,9999.000,9999.000,9999.000,9999.000,9999.000,9999.000,9999.000,9999.000
202604170430,   1.656,9999.000,9999.000,9999.000,9999.000,9999.000,9999.000,9999.000,9999.000
202604170436,   1.615,9999.000,9999.000,9999.000,9999.000,9999.000,9999.000,9999.000,9999.000
202604170442,   1.573,9999.000,9999.000,9999.000,9999.000,9999.000,9999.000,9999.000,9999.000
202604170448,   1.531,9999.000,9999.000,9999.000,9999.000,9999.000,9999.000,9999.000,9999.000
202604170454,   1.489,9999.000,9999.000,9999.000,9999.000,9999.000,9999.000,9999.000,9999.000
202604170500,   1.447,9999.000,   0.000,   0.396,   1.843,   0.000,   1.843,   0.100,   1.943
202604170506,   1.405,9999.000,9999.000,9999.000,9999.000,9999.000,9999.000,9999.000,9999.000
202604170512,   1.364,9999.000,9999.000,9999.000,9999.000,9999.000,9999.000,9999.000,9999.000
202604170518,   1.322,9999.000,9999.000,9999.000,9999.000,9999.000,9999.000,9999.000,9999.000
202604170524,   1.281,9999.000,9999.000,9999.000,9999.000,9999.000,9999.000,9999.000,9999.000
202604170530,   1.240,9999.000,9999.000,9999.000,9999.000,9999.000,9999.000,9999.000,9999.000
202604170536,   1.200,9999.000,9999.000,9999.000,9999.000,9999.000,9999.000,9999.000,9999.000
202604170542,   1.160,9999.000,9999.000,9999.000,9999.000,9999.000,9999.000,9999.000,9999.000
202604170548,   1.120,9999.000,9999.000,9999.000,9999.000,9999.000,9999.000,9999.000,9999.000
202604170554,   1.081,9999.000,9999.000,9999.000,9999.000,9999.000,9999.000,9999.000,9999.000
202604170600,   1.042,9999.000,   0.000,   0.396,   1.438,   0.000,   1.438,   0.100,   1.538
202604170606,   1.004,9999.000,9999.000,9999.000,9999.000,9999.000,9999.000,9999.000,9999.000
202604170612,   0.966,9999.000,9999.000,9999.000,9999.000,9999.000,9999.000,9999.000,9999.000
202604170618,   0.928,9999.000,9999.000,9999.000,9999.000,9999.000,9999.000,9999.000,9999.000
202604170624,   0.891,9999.000,9999.000,9999.000,9999.000,9999.000,9999.000,9999.000,9999.000
202604170630,   0.855,9999.000,9999.000,9999.000,9999.000,9999.000,9999.000,9999.000,9999.000
202604170636,   0.819,9999.000,9999.000,9999.000,9999.000,9999.000,9999.000,9999.000,9999.000
202604170642,   0.784,9999.000,9999.000,9999.000,9999.000,9999.000,9999.000,9999.000,9999.000
202604170648,   0.749,9999.000,9999.000,9999.000,9999.000,9999.000,9999.000,9999.000,9999.000
202604170654,   0.715,9999.000,9999.000,9999.000,9999.000,9999.000,9999.000,9999.000,9999.000
202604170700,   0.682,9999.000,   0.000,   0.396,   1.078,   0.000,   1.078,   0.100,   1.178
202604170706,   0.649,9999.000,9999.000,9999.000,9999.000,9999.000,9999.000,9999.000,9999.000
202604170712,   0.617,9999.000,9999.000,9999.000,9999.000,9999.000,9999.000,9999.000,9999.000
202604170718,   0.585,9999.000,9999.000,9999.000,9999.000,9999.000,9999.000,9999.000,9999.000
202604170724,   0.554,9999.000,9999.000,9999.000,9999.000,9999.000,9999.000,9999.000,9999.000
202604170730,   0.523,9999.000,9999.000,9999.000,9999.000,9999.000,9999.000,9999.000,9999.000
202604170736,   0.493,9999.000,9999.000,9999.000,9999.000,9999.000,9999.000,9999.000,9999.000
202604170742,   0.464,9999.000,9999.000,9999.000,9999.000,9999.000,9999.000,9999.000,9999.000
202604170748,   0.434,9999.000,9999.000,9999.000,9999.000,9999.000,9999.000,9999.000,9999.000
202604170754,   0.406,9999.000,9999.000,9999.000,9999.000,9999.000,9999.000,9999.000,9999.000
202604170800,   0.378,9999.000,   0.000,   0.396,   0.774,   0.000,   0.774,   0.100,   0.874
202604170806,   0.350,9999.000,9999.000,9999.000,9999.000,9999.000,9999.000,9999.000,9999.000
202604170812,   0.322,9999.000,9999.000,9999.000,9999.000,9999.000,9999.000,9999.000,9999.000
202604170818,   0.296,9999.000,9999.000,9999.000,9999.000,9999.000,9999.000,9999.000,9999.000
202604170824,   0.270,9999.000,9999.000,9999.000,9999.000,9999.000,9999.000,9999.000,9999.000
202604170830,   0.244,9999.000,9999.000,9999.000,9999.000,9999.000,9999.000,9999.000,9999.000
202604170836,   0.219,9999.000,9999.000,9999.000,9999.000,9999.000,9999.000,9999.000,9999.000
202604170842,   0.195,9999.000,9999.000,9999.000,9999.000,9999.000,9999.000,9999.000,9999.000
202604170848,   0.172,9999.000,9999.000,9999.000,9999.000,9999.000,9999.000,9999.000,9999.000
202604170854,   0.150,9999.000,9999.000,9999.000,9999.000,9999.000,9999.000,9999.000,9999.000
202604170900,   0.129,9999.000,   0.100,   0.396,   0.625,   0.000,   0.525,   0.100,   0.625
202604170906,   0.110,9999.000,9999.000,9999.000,9999.000,9999.000,9999.000,9999.000,9999.000
202604170912,   0.092,9999.000,9999.000,9999.000,9999.000,9999.000,9999.000,9999.000,9999.000
202604170918,   0.075,9999.000,9999.000,9999.000,9999.000,9999.000,9999.000,9999.000,9999.000
202604170924,   0.061,9999.000,9999.000,9999.000,9999.000,9999.000,9999.000,9999.000,9999.000
202604170930,   0.048,9999.000,9999.000,9999.000,9999.000,9999.000,9999.000,9999.000,9999.000
202604170936,   0.038,9999.000,9999.000,9999.000,9999.000,9999.000,9999.000,9999.000,9999.000
202604170942,   0.029,9999.000,9999.000,9999.000,9999.000,9999.000,9999.000,9999.000,9999.000
202604170948,   0.023,9999.000,9999.000,9999.000,9999.000,9999.000,9999.000,9999.000,9999.000
202604170954,   0.019,9999.000,9999.000,9999.000,9999.000,9999.000,9999.000,9999.000,9999.000
202604171000,   0.018,9999.000,   0.100,   0.396,   0.514,   0.000,   0.414,   0.200,   0.614
202604171006,   0.020,9999.000,9999.000,9999.000,9999.000,9999.000,9999.000,9999.000,9999.000
202604171012,   0.024,9999.000,9999.000,9999.000,9999.000,9999.000,9999.000,9999.000,9999.000
202604171018,   0.031,9999.000,9999.000,9999.000,9999.000,9999.000,9999.000,9999.000,9999.000
202604171024,   0.040,9999.000,9999.000,9999.000,9999.000,9999.000,9999.000,9999.000,9999.000
202604171030,   0.052,9999.000,9999.000,9999.000,9999.000,9999.000,9999.000,9999.000,9999.000
202604171036,   0.067,9999.000,9999.000,9999.000,9999.000,9999.000,9999.000,9999.000,9999.000
202604171042,   0.084,9999.000,9999.000,9999.000,9999.000,9999.000,9999.000,9999.000,9999.000
202604171048,   0.103,9999.000,9999.000,9999.000,9999.000,9999.000,9999.000,9999.000,9999.000
202604171054,   0.125,9999.000,9999.000,9999.000,9999.000,9999.000,9999.000,9999.000,9999.000
202604171100,   0.150,9999.000,   0.100,   0.396,   0.646,   0.000,   0.546,   0.200,   0.746
202604171106,   0.176,9999.000,9999.000,9999.000,9999.000,9999.000,9999.000,9999.000,9999.000
202604171112,   0.204,9999.000,9999.000,9999.000,9999.000,9999.000,9999.000,9999.000,9999.000
202604171118,   0.235,9999.000,9999.000,9999.000,9999.000,9999.000,9999.000,9999.000,9999.000
202604171124,   0.267,9999.000,9999.000,9999.000,9999.000,9999.000,9999.000,9999.000,9999.000
202604171130,   0.301,9999.000,9999.000,9999.000,9999.000,9999.000,9999.000,9999.000,9999.000
202604171136,   0.336,9999.000,9999.000,9999.000,9999.000,9999.000,9999.000,9999.000,9999.000
202604171142,   0.373,9999.000,9999.000,9999.000,9999.000,9999.000,9999.000,9999.000,9999.000
202604171148,   0.411,9999.000,9999.000,9999.000,9999.000,9999.000,9999.000,9999.000,9999.000
202604171154,   0.451,9999.000,9999.000,9999.000,9999.000,9999.000,9999.000,9999.000,9999.000
202604171200,   0.491,9999.000,   0.100,   0.396,   0.987,   0.000,   0.887,   0.200,   1.087
202604171206,   0.533,9999.000,9999.000,9999.000,9999.000,9999.000,9999.000,9999.000,9999.000
202604171212,   0.576,9999.000,9999.000,9999.000,9999.000,9999.000,9999.000,9999.000,9999.000
202604171218,   0.620,9999.000,9999.000,9999.000,9999.000,9999.000,9999.000,9999.000,9999.000
202604171224,   0.664,9999.000,9999.000,9999.000,9999.000,9999.000,9999.000,9999.000,9999.000
202604171230,   0.710,9999.000,9999.000,9999.000,9999.000,9999.000,9999.000,9999.000,9999.000
202604171236,   0.756,9999.000,9999.000,9999.000,9999.000,9999.000,9999.000,9999.000,9999.000
202604171242,   0.802,9999.000,9999.000,9999.000,9999.000,9999.000,9999.000,9999.000,9999.000
202604171248,   0.850,9999.000,9999.000,9999.000,9999.000,9999.000,9999.000,9999.000,9999.000
202604171254,   0.897,9999.000,9999.000,9999.000,9999.000,9999.000,9999.000,9999.000,9999.000
202604171300,   0.945,9999.000,   0.100,   0.396,   1.441,   0.000,   1.341,   0.200,   1.541
202604171306,   0.992,9999.000,9999.000,9999.000,9999.000,9999.000,9999.000,9999.000,9999.000
202604171312,   1.040,9999.000,9999.000,9999.000,9999.000,9999.000,9999.000,9999.000,9999.000
202604171318,   1.087,9999.000,9999.000,9999.000,9999.000,9999.000,9999.000,9999.000,9999.000
202604171324,   1.134,9999.000,9999.000,9999.000,9999.000,9999.000,9999.000,9999.000,9999.000
202604171330,   1.180,9999.000,9999.000,9999.000,9999.000,9999.000,9999.000,9999.000,9999.000
202604171336,   1.225,9999.000,9999.000,9999.000,9999.000,9999.000,9999.000,9999.000,9999.000
202604171342,   1.268,9999.000,9999.000,9999.000,9999.000,9999.000,9999.000,9999.000,9999.000
202604171348,   1.310,9999.000,9999.000,9999.000,9999.000,9999.000,9999.000,9999.000,9999.000
202604171354,   1.350,9999.000,9999.000,9999.000,9999.000,9999.000,9999.000,9999.000,9999.000
202604171400,   1.388,9999.000,   0.200,   0.396,   1.984,   0.100,   1.884,   0.200,   1.984
202604171406,   1.423,9999.000,9999.000,9999.000,9999.000,9999.000,9999.000,9999.000,9999.000
202604171412,   1.456,9999.000,9999.000,9999.000,9999.000,9999.000,9999.000,9999.000,9999.000
202604171418,   1.486,9999.000,9999.000,9999.000,9999.000,9999.000,9999.000,9999.000,9999.000
202604171424,   1.513,9999.000,9999.000,9999.000,9999.000,9999.000,9999.000,9999.000,9999.000
202604171430,   1.536,9999.000,9999.000,9999.000,9999.000,9999.000,9999.000,9999.000,9999.000
202604171436,   1.556,9999.000,9999.000,9999.000,9999.000,9999.000,9999.000,9999.000,9999.000
202604171442,   1.573,9999.000,9999.000,9999.000,9999.000,9999.000,9999.000,9999.000,9999.000
202604171448,   1.585,9999.000,9999.000,9999.000,9999.000,9999.000,9999.000,9999.000,9999.000
202604171454,   1.594,9999.000,9999.000,9999.000,9999.000,9999.000,9999.000,9999.000,9999.000
202604171500,   1.599,9999.000,   0.200,   0.396,   2.195,   0.100,   2.095,   0.300,   2.295
202604171506,   1.599,9999.000,9999.000,9999.000,9999.000,9999.000,9999.000,9999.000,9999.000
202604171512,   1.597,9999.000,9999.000,9999.000,9999.000,9999.000,9999.000,9999.000,9999.000
202604171518,   1.590,9999.000,9999.000,9999.000,9999.000,9999.000,9999.000,9999.000,9999.000
202604171524,   1.580,9999.000,9999.000,9999.000,9999.000,9999.000,9999.000,9999.000,9999.000
202604171530,   1.567,9999.000,9999.000,9999.000,9999.000,9999.000,9999.000,9999.000,9999.000
202604171536,   1.550,9999.000,9999.000,9999.000,9999.000,9999.000,9999.000,9999.000,9999.000
202604171542,   1.530,9999.000,9999.000,9999.000,9999.000,9999.000,9999.000,9999.000,9999.000
202604171548,   1.508,9999.000,9999.000,9999.000,9999.000,9999.000,9999.000,9999.000,9999.000
202604171554,   1.483,9999.000,9999.000,9999.000,9999.000,9999.000,9999.000,9999.000,9999.000
202604171600,   1.456,9999.000,   0.200,   0.396,   2.052,   0.100,   1.952,   0.300,   2.152
202604171606,   1.427,9999.000,9999.000,9999.000,9999.000,9999.000,9999.000,9999.000,9999.000
202604171612,   1.396,9999.000,9999.000,9999.000,9999.000,9999.000,9999.000,9999.000,9999.000
202604171618,   1.364,9999.000,9999.000,9999.000,9999.000,9999.000,9999.000,9999.000,9999.000
202604171624,   1.331,9999.000,9999.000,9999.000,9999.000,9999.000,9999.000,9999.000,9999.000
202604171630,   1.297,9999.000,9999.000,9999.000,9999.000,9999.000,9999.000,9999.000,9999.000
202604171636,   1.262,9999.000,9999.000,9999.000,9999.000,9999.000,9999.000,9999.000,9999.000
202604171642,   1.226,9999.000,9999.000,9999.000,9999.000,9999.000,9999.000,9999.000,9999.000
202604171648,   1.191,9999.000,9999.000,9999.000,9999.000,9999.000,9999.000,9999.000,9999.000
202604171654,   1.155,9999.000,9999.000,9999.000,9999.000,9999.000,9999.000,9999.000,9999.000
202604171700,   1.119,9999.000,   0.200,   0.396,   1.715,   0.200,   1.715,   0.300,   1.815
202604171706,   1.084,9999.000,9999.000,9999.000,9999.000,9999.000,9999.000,9999.000,9999.000
202604171712,   1.049,9999.000,9999.000,9999.000,9999.000,9999.000,9999.000,9999.000,9999.000
202604171718,   1.014,9999.000,9999.000,9999.000,9999.000,9999.000,9999.000,9999.000,9999.000
202604171724,   0.979,9999.000,9999.000,9999.000,9999.000,9999.000,9999.000,9999.000,9999.000
202604171730,   0.945,9999.000,9999.000,9999.000,9999.000,9999.000,9999.000,9999.000,9999.000
202604171736,   0.911,9999.000,9999.000,9999.000,9999.000,9999.000,9999.000,9999.000,9999.000
202604171742,   0.878,9999.000,9999.000,9999.000,9999.000,9999.000,9999.000,9999.000,9999.000
202604171748,   0.846,9999.000,9999.000,9999.000,9999.000,9999.000,9999.000,9999.000,9999.000
202604171754,   0.814,9999.000,9999.000,9999.000,9999.000,9999.000,9999.000,9999.000,9999.000
202604171800,   0.783,9999.000,   0.200,   0.396,   1.379,   0.200,   1.379,   0.300,   1.479
202604171806,   0.752,9999.000,9999.000,9999.000,9999.000,9999.000,9999.000,9999.000,9999.000
202604171812,   0.721,9999.000,9999.000,9999.000,9999.000,9999.000,9999.000,9999.000,9999.000
202604171818,   0.692,9999.000,9999.000,9999.000,9999.000,9999.000,9999.000,9999.000,9999.000
202604171824,   0.662,9999.000,9999.000,9999.000,9999.000,9999.000,9999.000,9999.000,9999.000
202604171830,   0.634,9999.000,9999.000,9999.000,9999.000,9999.000,9999.000,9999.000,9999.000
202604171836,   0.606,9999.000,9999.000,9999.000,9999.000,9999.000,9999.000,9999.000,9999.000
202604171842,   0.578,9999.000,9999.000,9999.000,9999.000,9999.000,9999.000,9999.000,9999.000
202604171848,   0.551,9999.000,9999.000,9999.000,9999.000,9999.000,9999.000,9999.000,9999.000
202604171854,   0.525,9999.000,9999.000,9999.000,9999.000,9999.000,9999.000,9999.000,9999.000
202604171900,   0.499,9999.000,   0.300,   0.396,   1.195,   0.200,   1.095,   0.300,   1.195
202604171906,   0.473,9999.000,9999.000,9999.000,9999.000,9999.000,9999.000,9999.000,9999.000
202604171912,   0.448,9999.000,9999.000,9999.000,9999.000,9999.000,9999.000,9999.000,9999.000
202604171918,   0.424,9999.000,9999.000,9999.000,9999.000,9999.000,9999.000,9999.000,9999.000
202604171924,   0.400,9999.000,9999.000,9999.000,9999.000,9999.000,9999.000,9999.000,9999.000
202604171930,   0.377,9999.000,9999.000,9999.000,9999.000,9999.000,9999.000,9999.000,9999.000
202604171936,   0.354,9999.000,9999.000,9999.000,9999.000,9999.000,9999.000,9999.000,9999.000
202604171942,   0.332,9999.000,9999.000,9999.000,9999.000,9999.000,9999.000,9999.000,9999.000
202604171948,   0.310,9999.000,9999.000,9999.000,9999.000,9999.000,9999.000,9999.000,9999.000
202604171954,   0.289,9999.000,9999.000,9999.000,9999.000,9999.000,9999.000,9999.000,9999.000
202604172000,   0.268,9999.000,   0.300,   0.396,   0.964,   0.200,   0.864,   0.300,   0.964
202604172006,   0.247,9999.000,9999.000,9999.000,9999.000,9999.000,9999.000,9999.000,9999.000
202604172012,   0.227,9999.000,9999.000,9999.000,9999.000,9999.000,9999.000,9999.000,9999.000
202604172018,   0.207,9999.000,9999.000,9999.000,9999.000,9999.000,9999.000,9999.000,9999.000
202604172024,   0.188,9999.000,9999.000,9999.000,9999.000,9999.000,9999.000,9999.000,9999.000
202604172030,   0.169,9999.000,9999.000,9999.000,9999.000,9999.000,9999.000,9999.000,9999.000
202604172036,   0.150,9999.000,9999.000,9999.000,9999.000,9999.000,9999.000,9999.000,9999.000
202604172042,   0.132,9999.000,9999.000,9999.000,9999.000,9999.000,9999.000,9999.000,9999.000
202604172048,   0.115,9999.000,9999.000,9999.000,9999.000,9999.000,9999.000,9999.000,9999.000
202604172054,   0.098,9999.000,9999.000,9999.000,9999.000,9999.000,9999.000,9999.000,9999.000
202604172100,   0.082,9999.000,   0.300,   0.396,   0.778,   0.200,   0.678,   0.400,   0.878
202604172106,   0.066,9999.000,9999.000,9999.000,9999.000,9999.000,9999.000,9999.000,9999.000
202604172112,   0.052,9999.000,9999.000,9999.000,9999.000,9999.000,9999.000,9999.000,9999.000
202604172118,   0.039,9999.000,9999.000,9999.000,9999.000,9999.000,9999.000,9999.000,9999.000
202604172124,   0.027,9999.000,9999.000,9999.000,9999.000,9999.000,9999.000,9999.000,9999.000
202604172130,   0.016,9999.000,9999.000,9999.000,9999.000,9999.000,9999.000,9999.000,9999.000
202604172136,   0.007,9999.000,9999.000,9999.000,9999.000,9999.000,9999.000,9999.000,9999.000
202604172142,   0.000,9999.000,9999.000,9999.000,9999.000,9999.000,9999.000,9999.000,9999.000
202604172148,  -0.005,9999.000,9999.000,9999.000,9999.000,9999.000,9999.000,9999.000,9999.000
202604172154,  -0.008,9999.000,9999.000,9999.000,9999.000,9999.000,9999.000,9999.000,9999.000
202604172200,  -0.010,9999.000,   0.300,   0.396,   0.686,   0.200,   0.586,   0.300,   0.686
202604172206,  -0.008,9999.000,9999.000,9999.000,9999.000,9999.000,9999.000,9999.000,9999.000
202604172212,  -0.004,9999.000,9999.000,9999.000,9999.000,9999.000,9999.000,9999.000,9999.000
202604172218,   0.001,9999.000,9999.000,9999.000,9999.000,9999.000,9999.000,9999.000,9999.000
202604172224,   0.010,9999.000,9999.000,9999.000,9999.000,9999.000,9999.000,9999.000,9999.000
202604172230,   0.022,9999.000,9999.000,9999.000,9999.000,9999.000,9999.000,9999.000,9999.000
202604172236,   0.037,9999.000,9999.000,9999.000,9999.000,9999.000,9999.000,9999.000,9999.000
202604172242,   0.055,9999.000,9999.000,9999.000,9999.000,9999.000,9999.000,9999.000,9999.000
202604172248,   0.076,9999.000,9999.000,9999.000,9999.000,9999.000,9999.000,9999.000,9999.000
202604172254,   0.100,9999.000,9999.000,9999.000,9999.000,9999.000,9999.000,9999.000,9999.000
202604172300,   0.127,9999.000,   0.300,   0.396,   0.823,   0.300,   0.823,   0.400,   0.923
202604172306,   0.156,9999.000,9999.000,9999.000,9999.000,9999.000,9999.000,9999.000,9999.000
202604172312,   0.189,9999.000,9999.000,9999.000,9999.000,9999.000,9999.000,9999.000,9999.000
202604172318,   0.224,9999.000,9999.000,9999.000,9999.000,9999.000,9999.000,9999.000,9999.000
202604172324,   0.261,9999.000,9999.000,9999.000,9999.000,9999.000,9999.000,9999.000,9999.000
202604172330,   0.301,9999.000,9999.000,9999.000,9999.000,9999.000,9999.000,9999.000,9999.000
202604172336,   0.344,9999.000,9999.000,9999.000,9999.000,9999.000,9999.000,9999.000,9999.000
202604172342,   0.388,9999.000,9999.000,9999.000,9999.000,9999.000,9999.000,9999.000,9999.000
202604172348,   0.435,9999.000,9999.000,9999.000,9999.000,9999.000,9999.000,9999.000,9999.000
202604172354,   0.484,9999.000,9999.000,9999.000,9999.000,9999.000,9999.000,9999.000,9999.000
202604180000,   0.534,9999.000,   0.300,   0.396,   1.230,   0.300,   1.230,   0.400,   1.330
202604180006,   0.586,9999.000,9999.000,9999.000,9999.000,9999.000,9999.000,9999.000,9999.000
202604180012,   0.640,9999.000,9999.000,9999.000,9999.000,9999.000,9999.000,9999.000,9999.000
202604180018,   0.695,9999.000,9999.000,9999.000,9999.000,9999.000,9999.000,9999.000,9999.000
202604180024,   0.751,9999.000,9999.000,9999.000,9999.000,9999.000,9999.000,9999.000,9999.000
202604180030,   0.809,9999.000,9999.000,9999.000,9999.000,9999.000,9999.000,9999.000,9999.000
202604180036,   0.867,9999.000,9999.000,9999.000,9999.000,9999.000,9999.000,9999.000,9999.000
202604180042,   0.927,9999.000,9999.000,9999.000,9999.000,9999.000,9999.000,9999.000,9999.000
202604180048,   0.987,9999.000,9999.000,9999.000,9999.000,9999.000,9999.000,9999.000,9999.000
202604180054,   1.048,9999.000,9999.000,9999.000,9999.000,9999.000,9999.000,9999.000,9999.000
202604180100,   1.110,9999.000,   0.300,   0.396,   1.806,   0.300,   1.806,   0.400,   1.906
202604180106,   1.172,9999.000,9999.000,9999.000,9999.000,9999.000,9999.000,9999.000,9999.000
202604180112,   1.235,9999.000,9999.000,9999.000,9999.000,9999.000,9999.000,9999.000,9999.000
202604180118,   1.297,9999.000,9999.000,9999.000,9999.000,9999.000,9999.000,9999.000,9999.000
202604180124,   1.360,9999.000,9999.000,9999.000,9999.000,9999.000,9999.000,9999.000,9999.000
202604180130,   1.422,9999.000,9999.000,9999.000,9999.000,9999.000,9999.000,9999.000,9999.000
202604180136,   1.484,9999.000,9999.000,9999.000,9999.000,9999.000,9999.000,9999.000,9999.000
202604180142,   1.545,9999.000,9999.000,9999.000,9999.000,9999.000,9999.000,9999.000,9999.000
202604180148,   1.606,9999.000,9999.000,9999.000,9999.000,9999.000,9999.000,9999.000,9999.000
202604180154,   1.665,9999.000,9999.000,9999.000,9999.000,9999.000,9999.000,9999.000,9999.000
202604180200,   1.722,9999.000,   0.300,   0.396,   2.418,   0.300,   2.418,   0.400,   2.518
202604180206,   1.778,9999.000,9999.000,9999.000,9999.000,9999.000,9999.000,9999.000,9999.000
202604180212,   1.832,9999.000,9999.000,9999.000,9999.000,9999.000,9999.000,9999.000,9999.000
202604180218,   1.883,9999.000,9999.000,9999.000,9999.000,9999.000,9999.000,9999.000,9999.000
202604180224,   1.932,9999.000,9999.000,9999.000,9999.000,9999.000,9999.000,9999.000,9999.000
202604180230,   1.978,9999.000,9999.000,9999.000,9999.000,9999.000,9999.000,9999.000,9999.000
202604180236,   2.020,9999.000,9999.000,9999.000,9999.000,9999.000,9999.000,9999.000,9999.000
202604180242,   2.059,9999.000,9999.000,9999.000,9999.000,9999.000,9999.000,9999.000,9999.000
202604180248,   2.094,9999.000,9999.000,9999.000,9999.000,9999.000,9999.000,9999.000,9999.000
202604180254,   2.126,9999.000,9999.000,9999.000,9999.000,9999.000,9999.000,9999.000,9999.000
202604180300,   2.153,9999.000,   0.300,   0.396,   2.849,   0.200,   2.749,   0.300,   2.849
202604180306,   2.175,9999.000,9999.000,9999.000,9999.000,9999.000,9999.000,9999.000,9999.000
202604180312,   2.193,9999.000,9999.000,9999.000,9999.000,9999.000,9999.000,9999.000,9999.000
202604180318,   2.207,9999.000,9999.000,9999.000,9999.000,9999.000,9999.000,9999.000,9999.000
202604180324,   2.216,9999.000,9999.000,9999.000,9999.000,9999.000,9999.000,9999.000,9999.000
202604180330,   2.220,9999.000,9999.000,9999.000,9999.000,9999.000,9999.000,9999.000,9999.000
202604180336,   2.220,9999.000,9999.000,9999.000,9999.000,9999.000,9999.000,9999.000,9999.000
202604180342,   2.215,9999.000,9999.000,9999.000,9999.000,9999.000,9999.000,9999.000,9999.000
202604180348,   2.207,9999.000,9999.000,9999.000,9999.000,9999.000,9999.000,9999.000,9999.000
202604180354,   2.193,9999.000,9999.000,9999.000,9999.000,9999.000,9999.000,9999.000,9999.000
202604180400,   2.176,9999.000,   0.300,   0.396,   2.872,   0.200,   2.772,   0.400,   2.972
202604180406,   2.156,9999.000,9999.000,9999.000,9999.000,9999.000,9999.000,9999.000,9999.000
202604180412,   2.132,9999.000,9999.000,9999.000,9999.000,9999.000,9999.000,9999.000,9999.000
202604180418,   2.104,9999.000,9999.000,9999.000,9999.000,9999.000,9999.000,9999.000,9999.000
202604180424,   2.074,9999.000,9999.000,9999.000,9999.000,9999.000,9999.000,9999.000,9999.000
202604180430,   2.041,9999.000,9999.000,9999.000,9999.000,9999.000,9999.000,9999.000,9999.000
202604180436,   2.006,9999.000,9999.000,9999.000,9999.000,9999.000,9999.000,9999.000,9999.000
202604180442,   1.968,9999.000,9999.000,9999.000,9999.000,9999.000,9999.000,9999.000,9999.000
202604180448,   1.929,9999.000,9999.000,9999.000,9999.000,9999.000,9999.000,9999.000,9999.000
202604180454,   1.889,9999.000,9999.000,9999.000,9999.000,9999.000,9999.000,9999.000,9999.000
202604180500,   1.847,9999.000,   0.300,   0.396,   2.543,   0.200,   2.443,   0.400,   2.643
202604180506,   1.804,9999.000,9999.000,9999.000,9999.000,9999.000,9999.000,9999.000,9999.000
202604180512,   1.761,9999.000,9999.000,9999.000,9999.000,9999.000,9999.000,9999.000,9999.000
202604180518,   1.717,9999.000,9999.000,9999.000,9999.000,9999.000,9999.000,9999.000,9999.000
202604180524,   1.673,9999.000,9999.000,9999.000,9999.000,9999.000,9999.000,9999.000,9999.000
202604180530,   1.628,9999.000,9999.000,9999.000,9999.000,9999.000,9999.000,9999.000,9999.000
202604180536,   1.583,9999.000,9999.000,9999.000,9999.000,9999.000,9999.000,9999.000,9999.000
202604180542,   1.539,9999.000,9999.000,9999.000,9999.000,9999.000,9999.000,9999.000,9999.000
202604180548,   1.495,9999.000,9999.000,9999.000,9999.000,9999.000,9999.000,9999.000,9999.000
202604180554,   1.450,9999.000,9999.000,9999.000,9999.000,9999.000,9999.000,9999.000,9999.000
202604180600,   1.407,9999.000,   0.300,   0.396,   2.103,   0.200,   2.003,   0.400,   2.203
202604180606,   1.363,9999.000,9999.000,9999.000,9999.000,9999.000,9999.000,9999.000,9999.000
202604180612,   1.320,9999.000,9999.000,9999.000,9999.000,9999.000,9999.000,9999.000,9999.000
202604180618,   1.277,9999.000,9999.000,9999.000,9999.000,9999.000,9999.000,9999.000,9999.000
202604180624,   1.235,9999.000,9999.000,9999.000,9999.000,9999.000,9999.000,9999.000,9999.000
202604180630,   1.194,9999.000,9999.000,9999.000,9999.000,9999.000,9999.000,9999.000,9999.000
202604180636,   1.152,9999.000,9999.000,9999.000,9999.000,9999.000,9999.000,9999.000,9999.000
202604180642,   1.112,9999.000,9999.000,9999.000,9999.000,9999.000,9999.000,9999.000,9999.000
202604180648,   1.072,9999.000,9999.000,9999.000,9999.000,9999.000,9999.000,9999.000,9999.000
202604180654,   1.032,9999.000,9999.000,9999.000,9999.000,9999.000,9999.000,9999.000,9999.000
202604180700,   0.993,9999.000,   0.300,   0.396,   1.689,   0.300,   1.689,   0.400,   1.789
202604180706,   0.955,9999.000,9999.000,9999.000,9999.000,9999.000,9999.000,9999.000,9999.000
202604180712,   0.917,9999.000,9999.000,9999.000,9999.000,9999.000,9999.000,9999.000,9999.000
202604180718,   0.880,9999.000,9999.000,9999.000,9999.000,9999.000,9999.000,9999.000,9999.000
202604180724,   0.844,9999.000,9999.000,9999.000,9999.000,9999.000,9999.000,9999.000,9999.000
202604180730,   0.808,9999.000,9999.000,9999.000,9999.000,9999.000,9999.000,9999.000,9999.000
202604180736,   0.773,9999.000,9999.000,9999.000,9999.000,9999.000,9999.000,9999.000,9999.000
202604180742,   0.739,9999.000,9999.000,9999.000,9999.000,9999.000,9999.000,9999.000,9999.000
202604180748,   0.705,9999.000,9999.000,9999.000,9999.000,9999.000,9999.000,9999.000,9999.000
202604180754,   0.672,9999.000,9999.000,9999.000,9999.000,9999.000,9999.000,9999.000,9999.000
202604180800,   0.639,9999.000,   0.300,   0.396,   1.335,   0.300,   1.335,   0.400,   1.435
202604180806,   0.607,9999.000,9999.000,9999.000,9999.000,9999.000,9999.000,9999.000,9999.000
202604180812,   0.576,9999.000,9999.000,9999.000,9999.000,9999.000,9999.000,9999.000,9999.000
202604180818,   0.545,9999.000,9999.000,9999.000,9999.000,9999.000,9999.000,9999.000,9999.000
202604180824,   0.514,9999.000,9999.000,9999.000,9999.000,9999.000,9999.000,9999.000,9999.000
202604180830,   0.484,9999.000,9999.000,9999.000,9999.000,9999.000,9999.000,9999.000,9999.000
202604180836,   0.455,9999.000,9999.000,9999.000,9999.000,9999.000,9999.000,9999.000,9999.000
202604180842,   0.426,9999.000,9999.000,9999.000,9999.000,9999.000,9999.000,9999.000,9999.000
202604180848,   0.397,9999.000,9999.000,9999.000,9999.000,9999.000,9999.000,9999.000,9999.000
202604180854,   0.369,9999.000,9999.000,9999.000,9999.000,9999.000,9999.000,9999.000,9999.000
202604180900,   0.342,9999.000,   0.300,   0.396,   1.038,   0.300,   1.038,   0.400,   1.138
202604180906,   0.314,9999.000,9999.000,9999.000,9999.000,9999.000,9999.000,9999.000,9999.000
202604180912,   0.288,9999.000,9999.000,9999.000,9999.000,9999.000,9999.000,9999.000,9999.000
202604180918,   0.261,9999.000,9999.000,9999.000,9999.000,9999.000,9999.000,9999.000,9999.000
202604180924,   0.236,9999.000,9999.000,9999.000,9999.000,9999.000,9999.000,9999.000,9999.000
202604180930,   0.211,9999.000,9999.000,9999.000,9999.000,9999.000,9999.000,9999.000,9999.000
202604180936,   0.187,9999.000,9999.000,9999.000,9999.000,9999.000,9999.000,9999.000,9999.000
202604180942,   0.165,9999.000,9999.000,9999.000,9999.000,9999.000,9999.000,9999.000,9999.000
202604180948,   0.143,9999.000,9999.000,9999.000,9999.000,9999.000,9999.000,9999.000,9999.000
202604180954,   0.122,9999.000,9999.000,9999.000,9999.000,9999.000,9999.000,9999.000,9999.000
202604181000,   0.103,9999.000,   0.400,   0.396,   0.899,   0.300,   0.799,   0.400,   0.899
202604181006,   0.085,9999.000,9999.000,9999.000,9999.000,9999.000,9999.000,9999.000,9999.000
202604181012,   0.070,9999.000,9999.000,9999.000,9999.000,9999.000,9999.000,9999.000,9999.000
202604181018,   0.055,9999.000,9999.000,9999.000,9999.000,9999.000,9999.000,9999.000,9999.000
202604181024,   0.043,9999.000,9999.000,9999.000,9999.000,9999.000,9999.000,9999.000,9999.000
202604181030,   0.034,9999.000,9999.000,9999.000,9999.000,9999.000,9999.000,9999.000,9999.000
202604181036,   0.026,9999.000,9999.000,9999.000,9999.000,9999.000,9999.000,9999.000,9999.000
202604181042,   0.021,9999.000,9999.000,9999.000,9999.000,9999.000,9999.000,9999.000,9999.000
202604181048,   0.018,9999.000,9999.000,9999.000,9999.000,9999.000,9999.000,9999.000,9999.000
202604181054,   0.018,9999.000,9999.000,9999.000,9999.000,9999.000,9999.000,9999.000,9999.000
202604181100,   0.021,9999.000,   0.400,   0.396,   0.817,   0.300,   0.717,   0.400,   0.817
202604181106,   0.026,9999.000,9999.000,9999.000,9999.000,9999.000,9999.000,9999.000,9999.000
202604181112,   0.034,9999.000,9999.000,9999.000,9999.000,9999.000,9999.000,9999.000,9999.000
202604181118,   0.045,9999.000,9999.000,9999.000,9999.000,9999.000,9999.000,9999.000,9999.000
202604181124,   0.058,9999.000,9999.000,9999.000,9999.000,9999.000,9999.000,9999.000,9999.000
202604181130,   0.074,9999.000,9999.000,9999.000,9999.000,9999.000,9999.000,9999.000,9999.000
202604181136,   0.093,9999.000,9999.000,9999.000,9999.000,9999.000,9999.000,9999.000,9999.000
202604181142,   0.114,9999.000,9999.000,9999.000,9999.000,9999.000,9999.000,9999.000,9999.000
202604181148,   0.137,9999.000,9999.000,9999.000,9999.000,9999.000,9999.000,9999.000,9999.000
202604181154,   0.162,9999.000,9999.000,9999.000,9999.000,9999.000,9999.000,9999.000,9999.000
202604181200,   0.190,9999.000,   0.400,   0.396,   0.986,   0.300,   0.886,   0.400,   0.986
202604181206,   0.220,9999.000,9999.000,9999.000,9999.000,9999.000,9999.000,9999.000,9999.000
202604181212,   0.251,9999.000,9999.000,9999.000,9999.000,9999.000,9999.000,9999.000,9999.000
202604181218,   0.284,9999.000,9999.000,9999.000,9999.000,9999.000,9999.000,9999.000,9999.000
202604181224,   0.319,9999.000,9999.000,9999.000,9999.000,9999.000,9999.000,9999.000,9999.000
202604181230,   0.356,9999.000,9999.000,9999.000,9999.000,9999.000,9999.000,9999.000,9999.000
202604181236,   0.394,9999.000,9999.000,9999.000,9999.000,9999.000,9999.000,9999.000,9999.000
202604181242,   0.433,9999.000,9999.000,9999.000,9999.000,9999.000,9999.000,9999.000,9999.000
202604181248,   0.473,9999.000,9999.000,9999.000,9999.000,9999.000,9999.000,9999.000,9999.000
202604181254,   0.515,9999.000,9999.000,9999.000,9999.000,9999.000,9999.000,9999.000,9999.000
202604181300,   0.557,9999.000,   0.400,   0.396,   1.353,   0.300,   1.253,   0.400,   1.353
202604181306,   0.601,9999.000,9999.000,9999.000,9999.000,9999.000,9999.000,9999.000,9999.000
202604181312,   0.645,9999.000,9999.000,9999.000,9999.000,9999.000,9999.000,9999.000,9999.000
202604181318,   0.690,9999.000,9999.000,9999.000,9999.000,9999.000,9999.000,9999.000,9999.000
202604181324,   0.736,9999.000,9999.000,9999.000,9999.000,9999.000,9999.000,9999.000,9999.000
202604181330,   0.782,9999.000,9999.000,9999.000,9999.000,9999.000,9999.000,9999.000,9999.000
202604181336,   0.829,9999.000,9999.000,9999.000,9999.000,9999.000,9999.000,9999.000,9999.000
202604181342,   0.876,9999.000,9999.000,9999.000,9999.000,9999.000,9999.000,9999.000,9999.000
202604181348,   0.923,9999.000,9999.000,9999.000,9999.000,9999.000,9999.000,9999.000,9999.000
202604181354,   0.970,9999.000,9999.000,9999.000,9999.000,9999.000,9999.000,9999.000,9999.000
202604181400,   1.017,9999.000,   0.400,   0.396,   1.813,   0.300,   1.713,   0.400,   1.813
202604181406,   1.064,9999.000,9999.000,9999.000,9999.000,9999.000,9999.000,9999.000,9999.000
202604181412,   1.110,9999.000,9999.000,9999.000,9999.000,9999.000,9999.000,9999.000,9999.000
202604181418,   1.155,9999.000,9999.000,9999.000,9999.000,9999.000,9999.000,9999.000,9999.000
202604181424,   1.200,9999.000,9999.000,9999.000,9999.000,9999.000,9999.000,9999.000,9999.000
202604181430,   1.243,9999.000,9999.000,9999.000,9999.000,9999.000,9999.000,9999.000,9999.000
202604181436,   1.284,9999.000,9999.000,9999.000,9999.000,9999.000,9999.000,9999.000,9999.000
202604181442,   1.323,9999.000,9999.000,9999.000,9999.000,9999.000,9999.000,9999.000,9999.000
202604181448,   1.361,9999.000,9999.000,9999.000,9999.000,9999.000,9999.000,9999.000,9999.000
202604181454,   1.396,9999.000,9999.000,9999.000,9999.000,9999.000,9999.000,9999.000,9999.000
202604181500,   1.428,9999.000,   0.400,   0.396,   2.224,   0.300,   2.124,   0.400,   2.224
202604181506,   1.457,9999.000,9999.000,9999.000,9999.000,9999.000,9999.000,9999.000,9999.000
202604181512,   1.484,9999.000,9999.000,9999.000,9999.000,9999.000,9999.000,9999.000,9999.000
202604181518,   1.506,9999.000,9999.000,9999.000,9999.000,9999.000,9999.000,9999.000,9999.000
202604181524,   1.526,9999.000,9999.000,9999.000,9999.000,9999.000,9999.000,9999.000,9999.000
202604181530,   1.541,9999.000,9999.000,9999.000,9999.000,9999.000,9999.000,9999.000,9999.000
202604181536,   1.553,9999.000,9999.000,9999.000,9999.000,9999.000,9999.000,9999.000,9999.000
202604181542,   1.561,9999.000,9999.000,9999.000,9999.000,9999.000,9999.000,9999.000,9999.000
202604181548,   1.565,9999.000,9999.000,9999.000,9999.000,9999.000,9999.000,9999.000,9999.000
202604181554,   1.565,9999.000,9999.000,9999.000,9999.000,9999.000,9999.000,9999.000,9999.000
202604181600,   1.562,9999.000,   0.400,   0.396,   2.358,   0.300,   2.258,   0.500,   2.458
202604181606,   1.554,9999.000,9999.000,9999.000,9999.000,9999.000,9999.000,9999.000,9999.000
202604181612,   1.543,9999.000,9999.000,9999.000,9999.000,9999.000,9999.000,9999.000,9999.000
202604181618,   1.529,9999.000,9999.000,9999.000,9999.000,9999.000,9999.000,9999.000,9999.000
202604181624,   1.511,9999.000,9999.000,9999.000,9999.000,9999.000,9999.000,9999.000,9999.000
202604181630,   1.490,9999.000,9999.000,9999.000,9999.000,9999.000,9999.000,9999.000,9999.000
202604181636,   1.467,9999.000,9999.000,9999.000,9999.000,9999.000,9999.000,9999.000,9999.000
202604181642,   1.440,9999.000,9999.000,9999.000,9999.000,9999.000,9999.000,9999.000,9999.000
202604181648,   1.412,9999.000,9999.000,9999.000,9999.000,9999.000,9999.000,9999.000,9999.000
202604181654,   1.382,9999.000,9999.000,9999.000,9999.000,9999.000,9999.000,9999.000,9999.000
202604181700,   1.350,9999.000,   0.400,   0.396,   2.146,   0.300,   2.046,   0.500,   2.246
202604181706,   1.316,9999.000,9999.000,9999.000,9999.000,9999.000,9999.000,9999.000,9999.000
202604181712,   1.282,9999.000,9999.000,9999.000,9999.000,9999.000,9999.000,9999.000,9999.000
202604181718,   1.246,9999.000,9999.000,9999.000,9999.000,9999.000,9999.000,9999.000,9999.000
202604181724,   1.210,9999.000,9999.000,9999.000,9999.000,9999.000,9999.000,9999.000,9999.000
202604181730,   1.173,9999.000,9999.000,9999.000,9999.000,9999.000,9999.000,9999.000,9999.000
202604181736,   1.136,9999.000,9999.000,9999.000,9999.000,9999.000,9999.000,9999.000,9999.000
202604181742,   1.100,9999.000,9999.000,9999.000,9999.000,9999.000,9999.000,9999.000,9999.000
202604181748,   1.063,9999.000,9999.000,9999.000,9999.000,9999.000,9999.000,9999.000,9999.000
202604181754,   1.026,9999.000,9999.000,9999.000,9999.000,9999.000,9999.000,9999.000,9999.000
202604181800,   0.990,9999.000,   0.400,   0.396,   1.786,   0.400,   1.786,   0.500,   1.886
202604181806,   0.955,9999.000,9999.000,9999.000,9999.000,9999.000,9999.000,9999.000,9999.000
202604181812,   0.919,9999.000,9999.000,9999.000,9999.000,9999.000,9999.000,9999.000,9999.000
202604181818,   0.885,9999.000,9999.000,9999.000,9999.000,9999.000,9999.000,9999.000,9999.000
202604181824,   0.851,9999.000,9999.000,9999.000,9999.000,9999.000,9999.000,9999.000,9999.000
202604181830,   0.818,9999.000,9999.000,9999.000,9999.000,9999.000,9999.000,9999.000,9999.000
202604181836,   0.785,9999.000,9999.000,9999.000,9999.000,9999.000,9999.000,9999.000,9999.000
202604181842,   0.754,9999.000,9999.000,9999.000,9999.000,9999.000,9999.000,9999.000,9999.000
202604181848,   0.722,9999.000,9999.000,9999.000,9999.000,9999.000,9999.000,9999.000,9999.000
202604181854,   0.692,9999.000,9999.000,9999.000,9999.000,9999.000,9999.000,9999.000,9999.000
202604181900,   0.662,9999.000,   0.400,   0.396,   1.458,   0.400,   1.458,   0.500,   1.558
202604181906,   0.633,9999.000,9999.000,9999.000,9999.000,9999.000,9999.000,9999.000,9999.000
202604181912,   0.605,9999.000,9999.000,9999.000,9999.000,9999.000,9999.000,9999.000,9999.000
202604181918,   0.577,9999.000,9999.000,9999.000,9999.000,9999.000,9999.000,9999.000,9999.000
202604181924,   0.550,9999.000,9999.000,9999.000,9999.000,9999.000,9999.000,9999.000,9999.000
202604181930,   0.523,9999.000,9999.000,9999.000,9999.000,9999.000,9999.000,9999.000,9999.000
202604181936,   0.497,9999.000,9999.000,9999.000,9999.000,9999.000,9999.000,9999.000,9999.000
202604181942,   0.472,9999.000,9999.000,9999.000,9999.000,9999.000,9999.000,9999.000,9999.000
202604181948,   0.448,9999.000,9999.000,9999.000,9999.000,9999.000,9999.000,9999.000,9999.000
202604181954,   0.424,9999.000,9999.000,9999.000,9999.000,9999.000,9999.000,9999.000,9999.000
202604182000,   0.400,9999.000,   0.400,   0.396,   1.196,   0.400,   1.196,   0.500,   1.296
202604182006,   0.377,9999.000,9999.000,9999.000,9999.000,9999.000,9999.000,9999.000,9999.000
202604182012,   0.355,9999.000,9999.000,9999.000,9999.000,9999.000,9999.000,9999.000,9999.000
202604182018,   0.334,9999.000,9999.000,9999.000,9999.000,9999.000,9999.000,9999.000,9999.000
202604182024,   0.312,9999.000,9999.000,9999.000,9999.000,9999.000,9999.000,9999.000,9999.000
202604182030,   0.292,9999.000,9999.000,9999.000,9999.000,9999.000,9999.000,9999.000,9999.000
202604182036,   0.272,9999.000,9999.000,9999.000,9999.000,9999.000,9999.000,9999.000,9999.000
202604182042,   0.252,9999.000,9999.000,9999.000,9999.000,9999.000,9999.000,9999.000,9999.000
202604182048,   0.233,9999.000,9999.000,9999.000,9999.000,9999.000,9999.000,9999.000,9999.000
202604182054,   0.214,9999.000,9999.000,9999.000,9999.000,9999.000,9999.000,9999.000,9999.000
202604182100,   0.195,9999.000,   0.400,   0.396,   0.991,   0.400,   0.991,   0.500,   1.091
202604182106,   0.177,9999.000,9999.000,9999.000,9999.000,9999.000,9999.000,9999.000,9999.000
202604182112,   0.160,9999.000,9999.000,9999.000,9999.000,9999.000,9999.000,9999.000,9999.000
202604182118,   0.142,9999.000,9999.000,9999.000,9999.000,9999.000,9999.000,9999.000,9999.000
202604182124,   0.126,9999.000,9999.000,9999.000,9999.000,9999.000,9999.000,9999.000,9999.000
202604182130,   0.109,9999.000,9999.000,9999.000,9999.000,9999.000,9999.000,9999.000,9999.000
202604182136,   0.093,9999.000,9999.000,9999.000,9999.000,9999.000,9999.000,9999.000,9999.000
202604182142,   0.078,9999.000,9999.000,9999.000,9999.000,9999.000,9999.000,9999.000,9999.000
202604182148,   0.064,9999.000,9999.000,9999.000,9999.000,9999.000,9999.000,9999.000,9999.000
202604182154,   0.050,9999.000,9999.000,9999.000,9999.000,9999.000,9999.000,9999.000,9999.000
202604182200,   0.037,9999.000,   0.500,   0.396,   0.933,   0.400,   0.833,   0.500,   0.933
202604182206,   0.025,9999.000,9999.000,9999.000,9999.000,9999.000,9999.000,9999.000,9999.000
202604182212,   0.014,9999.000,9999.000,9999.000,9999.000,9999.000,9999.000,9999.000,9999.000
202604182218,   0.005,9999.000,9999.000,9999.000,9999.000,9999.000,9999.000,9999.000,9999.000
202604182224,  -0.002,9999.000,9999.000,9999.000,9999.000,9999.000,9999.000,9999.000,9999.000
202604182230,  -0.008,9999.000,9999.000,9999.000,9999.000,9999.000,9999.000,9999.000,9999.000
202604182236,  -0.012,9999.000,9999.000,9999.000,9999.000,9999.000,9999.000,9999.000,9999.000
202604182242,  -0.015,9999.000,9999.000,9999.000,9999.000,9999.000,9999.000,9999.000,9999.000
202604182248,  -0.015,9999.000,9999.000,9999.000,9999.000,9999.000,9999.000,9999.000,9999.000
202604182254,  -0.012,9999.000,9999.000,9999.000,9999.000,9999.000,9999.000,9999.000,9999.000
202604182300,  -0.007,9999.000,   0.500,   0.396,   0.889,   0.400,   0.789,   0.500,   0.889
202604182306,   0.000,9999.000,9999.000,9999.000,9999.000,9999.000,9999.000,9999.000,9999.000
202604182312,   0.009,9999.000,9999.000,9999.000,9999.000,9999.000,9999.000,9999.000,9999.000
202604182318,   0.022,9999.000,9999.000,9999.000,9999.000,9999.000,9999.000,9999.000,9999.000
202604182324,   0.038,9999.000,9999.000,9999.000,9999.000,9999.000,9999.000,9999.000,9999.000
202604182330,   0.057,9999.000,9999.000,9999.000,9999.000,9999.000,9999.000,9999.000,9999.000
202604182336,   0.079,9999.000,9999.000,9999.000,9999.000,9999.000,9999.000,9999.000,9999.000
202604182342,   0.104,9999.000,9999.000,9999.000,9999.000,9999.000,9999.000,9999.000,9999.000
202604182348,   0.132,9999.000,9999.000,9999.000,9999.000,9999.000,9999.000,9999.000,9999.000
202604182354,   0.162,9999.000,9999.000,9999.000,9999.000,9999.000,9999.000,9999.000,9999.000
202604190000,   0.196,9999.000,   0.500,   0.396,   1.092,   0.400,   0.992,   0.600,   1.192
202604190006,   0.232,9999.000,9999.000,9999.000,9999.000,9999.000,9999.000,9999.000,9999.000
202604190012,   0.271,9999.000,9999.000,9999.000,9999.000,9999.000,9999.000,9999.000,9999.000
202604190018,   0.312,9999.000,9999.000,9999.000,9999.000,9999.000,9999.000,9999.000,9999.000
202604190024,   0.356,9999.000,9999.000,9999.000,9999.000,9999.000,9999.000,9999.000,9999.000
202604190030,   0.402,9999.000,9999.000,9999.000,9999.000,9999.000,9999.000,9999.000,9999.000
202604190036,   0.450,9999.000,9999.000,9999.000,9999.000,9999.000,9999.000,9999.000,9999.000
202604190042,   0.500,9999.000,9999.000,9999.000,9999.000,9999.000,9999.000,9999.000,9999.000
202604190048,   0.551,9999.000,9999.000,9999.000,9999.000,9999.000,9999.000,9999.000,9999.000
202604190054,   0.605,9999.000,9999.000,9999.000,9999.000,9999.000,9999.000,9999.000,9999.000
202604190100,   0.659,9999.000,   0.500,   0.396,   1.555,   0.400,   1.455,   0.500,   1.555
202604190106,   0.716,9999.000,9999.000,9999.000,9999.000,9999.000,9999.000,9999.000,9999.000
202604190112,   0.773,9999.000,9999.000,9999.000,9999.000,9999.000,9999.000,9999.000,9999.000
202604190118,   0.832,9999.000,9999.000,9999.000,9999.000,9999.000,9999.000,9999.000,9999.000
202604190124,   0.891,9999.000,9999.000,9999.000,9999.000,9999.000,9999.000,9999.000,9999.000
202604190130,   0.952,9999.000,9999.000,9999.000,9999.000,9999.000,9999.000,9999.000,9999.000
202604190136,   1.013,9999.000,9999.000,9999.000,9999.000,9999.000,9999.000,9999.000,9999.000
202604190142,   1.075,9999.000,9999.000,9999.000,9999.000,9999.000,9999.000,9999.000,9999.000
202604190148,   1.138,9999.000,9999.000,9999.000,9999.000,9999.000,9999.000,9999.000,9999.000
202604190154,   1.200,9999.000,9999.000,9999.000,9999.000,9999.000,9999.000,9999.000,9999.000
202604190200,   1.263,9999.000,   0.400,   0.396,   2.059,   0.300,   1.959,   0.500,   2.159
202604190206,   1.327,9999.000,9999.000,9999.000,9999.000,9999.000,9999.000,9999.000,9999.000
202604190212,   1.389,9999.000,9999.000,9999.000,9999.000,9999.000,9999.000,9999.000,9999.000
202604190218,   1.452,9999.000,9999.000,9999.000,9999.000,9999.000,9999.000,9999.000,9999.000
202604190224,   1.514,9999.000,9999.000,9999.000,9999.000,9999.000,9999.000,9999.000,9999.000
202604190230,   1.576,9999.000,9999.000,9999.000,9999.000,9999.000,9999.000,9999.000,9999.000
202604190236,   1.636,9999.000,9999.000,9999.000,9999.000,9999.000,9999.000,9999.000,9999.000
202604190242,   1.695,9999.000,9999.000,9999.000,9999.000,9999.000,9999.000,9999.000,9999.000
202604190248,   1.753,9999.000,9999.000,9999.000,9999.000,9999.000,9999.000,9999.000,9999.000
202604190254,   1.809,9999.000,9999.000,9999.000,9999.000,9999.000,9999.000,9999.000,9999.000
202604190300,   1.862,9999.000,   0.400,   0.396,   2.658,   0.300,   2.558,   0.500,   2.758
202604190306,   1.914,9999.000,9999.000,9999.000,9999.000,9999.000,9999.000,9999.000,9999.000
202604190312,   1.962,9999.000,9999.000,9999.000,9999.000,9999.000,9999.000,9999.000,9999.000
202604190318,   2.008,9999.000,9999.000,9999.000,9999.000,9999.000,9999.000,9999.000,9999.000
202604190324,   2.050,9999.000,9999.000,9999.000,9999.000,9999.000,9999.000,9999.000,9999.000
202604190330,   2.089,9999.000,9999.000,9999.000,9999.000,9999.000,9999.000,9999.000,9999.000
202604190336,   2.124,9999.000,9999.000,9999.000,9999.000,9999.000,9999.000,9999.000,9999.000
202604190342,   2.155,9999.000,9999.000,9999.000,9999.000,9999.000,9999.000,9999.000,9999.000
202604190348,   2.182,9999.000,9999.000,9999.000,9999.000,9999.000,9999.000,9999.000,9999.000
202604190354,   2.204,9999.000,9999.000,9999.000,9999.000,9999.000,9999.000,9999.000,9999.000
202604190400,   2.222,9999.000,   0.400,   0.396,   3.018,   0.300,   2.918,   0.500,   3.118
202604190406,   2.235,9999.000,9999.000,9999.000,9999.000,9999.000,9999.000,9999.000,9999.000
202604190412,   2.244,9999.000,9999.000,9999.000,9999.000,9999.000,9999.000,9999.000,9999.000
202604190418,   2.248,9999.000,9999.000,9999.000,9999.000,9999.000,9999.000,9999.000,9999.000
202604190424,   2.248,9999.000,9999.000,9999.000,9999.000,9999.000,9999.000,9999.000,9999.000
202604190430,   2.243,9999.000,9999.000,9999.000,9999.000,9999.000,9999.000,9999.000,9999.000
202604190436,   2.233,9999.000,9999.000,9999.000,9999.000,9999.000,9999.000,9999.000,9999.000
202604190442,   2.219,9999.000,9999.000,9999.000,9999.000,9999.000,9999.000,9999.000,9999.000
202604190448,   2.202,9999.000,9999.000,9999.000,9999.000,9999.000,9999.000,9999.000,9999.000
202604190454,   2.180,9999.000,9999.000,9999.000,9999.000,9999.000,9999.000,9999.000,9999.000
202604190500,   2.155,9999.000,   0.400,   0.396,   2.951,   0.300,   2.851,   0.500,   3.051
202604190506,   2.127,9999.000,9999.000,9999.000,9999.000,9999.000,9999.000,9999.000,9999.000
202604190512,   2.096,9999.000,9999.000,9999.000,9999.000,9999.000,9999.000,9999.000,9999.000
202604190518,   2.062,9999.000,9999.000,9999.000,9999.000,9999.000,9999.000,9999.000,9999.000
202604190524,   2.026,9999.000,9999.000,9999.000,9999.000,9999.000,9999.000,9999.000,9999.000
202604190530,   1.988,9999.000,9999.000,9999.000,9999.000,9999.000,9999.000,9999.000,9999.000
202604190536,   1.948,9999.000,9999.000,9999.000,9999.000,9999.000,9999.000,9999.000,9999.000
202604190542,   1.906,9999.000,9999.000,9999.000,9999.000,9999.000,9999.000,9999.000,9999.000
202604190548,   1.863,9999.000,9999.000,9999.000,9999.000,9999.000,9999.000,9999.000,9999.000
202604190554,   1.820,9999.000,9999.000,9999.000,9999.000,9999.000,9999.000,9999.000,9999.000
202604190600,   1.775,9999.000,   0.400,   0.396,   2.571,   0.300,   2.471,   0.500,   2.671
202604190606,   1.731,9999.000,9999.000,9999.000,9999.000,9999.000,9999.000,9999.000,9999.000
202604190612,   1.685,9999.000,9999.000,9999.000,9999.000,9999.000,9999.000,9999.000,9999.000
202604190618,   1.640,9999.000,9999.000,9999.000,9999.000,9999.000,9999.000,9999.000,9999.000
202604190624,   1.595,9999.000,9999.000,9999.000,9999.000,9999.000,9999.000,9999.000,9999.000
202604190630,   1.550,9999.000,9999.000,9999.000,9999.000,9999.000,9999.000,9999.000,9999.000
202604190636,   1.505,9999.000,9999.000,9999.000,9999.000,9999.000,9999.000,9999.000,9999.000
202604190642,   1.460,9999.000,9999.000,9999.000,9999.000,9999.000,9999.000,9999.000,9999.000
202604190648,   1.416,9999.000,9999.000,9999.000,9999.000,9999.000,9999.000,9999.000,9999.000
202604190654,   1.372,9999.000,9999.000,9999.000,9999.000,9999.000,9999.000,9999.000,9999.000
202604190700,   1.329,9999.000,   0.400,   0.396,   2.125,   0.300,   2.025,   0.500,   2.225
202604190706,   1.286,9999.000,9999.000,9999.000,9999.000,9999.000,9999.000,9999.000,9999.000
202604190712,   1.244,9999.000,9999.000,9999.000,9999.000,9999.000,9999.000,9999.000,9999.000
202604190718,   1.203,9999.000,9999.000,9999.000,9999.000,9999.000,9999.000,9999.000,9999.000
202604190724,   1.162,9999.000,9999.000,9999.000,9999.000,9999.000,9999.000,9999.000,9999.000
202604190730,   1.122,9999.000,9999.000,9999.000,9999.000,9999.000,9999.000,9999.000,9999.000
202604190736,   1.082,9999.000,9999.000,9999.000,9999.000,9999.000,9999.000,9999.000,9999.000
202604190742,   1.043,9999.000,9999.000,9999.000,9999.000,9999.000,9999.000,9999.000,9999.000
202604190748,   1.005,9999.000,9999.000,9999.000,9999.000,9999.000,9999.000,9999.000,9999.000
202604190754,   0.967,9999.000,9999.000,9999.000,9999.000,9999.000,9999.000,9999.000,9999.000
202604190800,   0.930,9999.000,   0.400,   0.396,   1.726,   0.300,   1.626,   0.500,   1.826
202604190806,   0.893,9999.000,9999.000,9999.000,9999.000,9999.000,9999.000,9999.000,9999.000
202604190812,   0.858,9999.000,9999.000,9999.000,9999.000,9999.000,9999.000,9999.000,9999.000
202604190818,   0.823,9999.000,9999.000,9999.000,9999.000,9999.000,9999.000,9999.000,9999.000
202604190824,   0.788,9999.000,9999.000,9999.000,9999.000,9999.000,9999.000,9999.000,9999.000
202604190830,   0.755,9999.000,9999.000,9999.000,9999.000,9999.000,9999.000,9999.000,9999.000
202604190836,   0.721,9999.000,9999.000,9999.000,9999.000,9999.000,9999.000,9999.000,9999.000
202604190842,   0.689,9999.000,9999.000,9999.000,9999.000,9999.000,9999.000,9999.000,9999.000
202604190848,   0.657,9999.000,9999.000,9999.000,9999.000,9999.000,9999.000,9999.000,9999.000
202604190854,   0.626,9999.000,9999.000,9999.000,9999.000,9999.000,9999.000,9999.000,9999.000
202604190900,   0.595,9999.000,   0.400,   0.396,   1.391,   0.300,   1.291,   0.500,   1.491
202604190906,   0.565,9999.000,9999.000,9999.000,9999.000,9999.000,9999.000,9999.000,9999.000
202604190912,   0.535,9999.000,9999.000,9999.000,9999.000,9999.000,9999.000,9999.000,9999.000
202604190918,   0.506,9999.000,9999.000,9999.000,9999.000,9999.000,9999.000,9999.000,9999.000
202604190924,   0.477,9999.000,9999.000,9999.000,9999.000,9999.000,9999.000,9999.000,9999.000
202604190930,   0.449,9999.000,9999.000,9999.000,9999.000,9999.000,9999.000,9999.000,9999.000
202604190936,   0.421,9999.000,9999.000,9999.000,9999.000,9999.000,9999.000,9999.000,9999.000
202604190942,   0.393,9999.000,9999.000,9999.000,9999.000,9999.000,9999.000,9999.000,9999.000
202604190948,   0.366,9999.000,9999.000,9999.000,9999.000,9999.000,9999.000,9999.000,9999.000
202604190954,   0.339,9999.000,9999.000,9999.000,9999.000,9999.000,9999.000,9999.000,9999.000
202604191000,   0.313,9999.000,   0.400,   0.396,   1.109,   0.300,   1.009,   0.500,   1.209
202604191006,   0.287,9999.000,9999.000,9999.000,9999.000,9999.000,9999.000,9999.000,9999.000
202604191012,   0.262,9999.000,9999.000,9999.000,9999.000,9999.000,9999.000,9999.000,9999.000
202604191018,   0.238,9999.000,9999.000,9999.000,9999.000,9999.000,9999.000,9999.000,9999.000
202604191024,   0.214,9999.000,9999.000,9999.000,9999.000,9999.000,9999.000,9999.000,9999.000
202604191030,   0.191,9999.000,9999.000,9999.000,9999.000,9999.000,9999.000,9999.000,9999.000
202604191036,   0.169,9999.000,9999.000,9999.000,9999.000,9999.000,9999.000,9999.000,9999.000
202604191042,   0.148,9999.000,9999.000,9999.000,9999.000,9999.000,9999.000,9999.000,9999.000
202604191048,   0.129,9999.000,9999.000,9999.000,9999.000,9999.000,9999.000,9999.000,9999.000
202604191054,   0.111,9999.000,9999.000,9999.000,9999.000,9999.000,9999.000,9999.000,9999.000
202604191100,   0.094,9999.000,   0.400,   0.396,   0.890,   0.300,   0.790,   0.500,   0.990
202604191106,   0.080,9999.000,9999.000,9999.000,9999.000,9999.000,9999.000,9999.000,9999.000
202604191112,   0.067,9999.000,9999.000,9999.000,9999.000,9999.000,9999.000,9999.000,9999.000
202604191118,   0.056,9999.000,9999.000,9999.000,9999.000,9999.000,9999.000,9999.000,9999.000
202604191124,   0.048,9999.000,9999.000,9999.000,9999.000,9999.000,9999.000,9999.000,9999.000
202604191130,   0.042,9999.000,9999.000,9999.000,9999.000,9999.000,9999.000,9999.000,9999.000
202604191136,   0.038,9999.000,9999.000,9999.000,9999.000,9999.000,9999.000,9999.000,9999.000
202604191142,   0.037,9999.000,9999.000,9999.000,9999.000,9999.000,9999.000,9999.000,9999.000
202604191148,   0.038,9999.000,9999.000,9999.000,9999.000,9999.000,9999.000,9999.000,9999.000
202604191154,   0.042,9999.000,9999.000,9999.000,9999.000,9999.000,9999.000,9999.000,9999.000
202604191200,   0.049,9999.000,   0.400,   0.396,   0.845,   0.300,   0.745,   0.500,   0.945
202604191206,   0.058,9999.000,9999.000,9999.000,9999.000,9999.000,9999.000,9999.000,9999.000
202604191212,   0.070,9999.000,9999.000,9999.000,9999.000,9999.000,9999.000,9999.000,9999.000
202604191218,   0.085,9999.000,9999.000,9999.000,9999.000,9999.000,9999.000,9999.000,9999.000
202604191224,   0.101,9999.000,9999.000,9999.000,9999.000,9999.000,9999.000,9999.000,9999.000
202604191230,   0.121,9999.000,9999.000,9999.000,9999.000,9999.000,9999.000,9999.000,9999.000
202604191236,   0.143,9999.000,9999.000,9999.000,9999.000,9999.000,9999.000,9999.000,9999.000
202604191242,   0.166,9999.000,9999.000,9999.000,9999.000,9999.000,9999.000,9999.000,9999.000
202604191248,   0.192,9999.000,9999.000,9999.000,9999.000,9999.000,9999.000,9999.000,9999.000
202604191254,   0.220,9999.000,9999.000,9999.000,9999.000,9999.000,9999.000,9999.000,9999.000
202604191300,   0.250,9999.000,   0.400,   0.396,   1.046,   0.300,   0.946,   0.600,   1.246
202604191306,   0.282,9999.000,9999.000,9999.000,9999.000,9999.000,9999.000,9999.000,9999.000
202604191312,   0.315,9999.000,9999.000,9999.000,9999.000,9999.000,9999.000,9999.000,9999.000
202604191318,   0.350,9999.000,9999.000,9999.000,9999.000,9999.000,9999.000,9999.000,9999.000
202604191324,   0.386,9999.000,9999.000,9999.000,9999.000,9999.000,9999.000,9999.000,9999.000
202604191330,   0.423,9999.000,9999.000,9999.000,9999.000,9999.000,9999.000,9999.000,9999.000
202604191336,   0.461,9999.000,9999.000,9999.000,9999.000,9999.000,9999.000,9999.000,9999.000
202604191342,   0.501,9999.000,9999.000,9999.000,9999.000,9999.000,9999.000,9999.000,9999.000
202604191348,   0.541,9999.000,9999.000,9999.000,9999.000,9999.000,9999.000,9999.000,9999.000
202604191354,   0.583,9999.000,9999.000,9999.000,9999.000,9999.000,9999.000,9999.000,9999.000
202604191400,   0.625,9999.000,   0.400,   0.396,   1.421,   0.300,   1.321,   0.600,   1.621
202604191406,   0.668,9999.000,9999.000,9999.000,9999.000,9999.000,9999.000,9999.000,9999.000
202604191412,   0.711,9999.000,9999.000,9999.000,9999.000,9999.000,9999.000,9999.000,9999.000
202604191418,   0.755,9999.000,9999.000,9999.000,9999.000,9999.000,9999.000,9999.000,9999.000
202604191424,   0.800,9999.000,9999.000,9999.000,9999.000,9999.000,9999.000,9999.000,9999.000
202604191430,   0.844,9999.000,9999.000,9999.000,9999.000,9999.000,9999.000,9999.000,9999.000
202604191436,   0.889,9999.000,9999.000,9999.000,9999.000,9999.000,9999.000,9999.000,9999.000
202604191442,   0.934,9999.000,9999.000,9999.000,9999.000,9999.000,9999.000,9999.000,9999.000
202604191448,   0.979,9999.000,9999.000,9999.000,9999.000,9999.000,9999.000,9999.000,9999.000
202604191454,   1.023,9999.000,9999.000,9999.000,9999.000,9999.000,9999.000,9999.000,9999.000
202604191500,   1.067,9999.000,   0.400,   0.396,   1.863,   0.300,   1.763,   0.600,   2.063
202604191506,   1.110,9999.000,9999.000,9999.000,9999.000,9999.000,9999.000,9999.000,9999.000
202604191512,   1.152,9999.000,9999.000,9999.000,9999.000,9999.000,9999.000,9999.000,9999.000
202604191518,   1.193,9999.000,9999.000,9999.000,9999.000,9999.000,9999.000,9999.000,9999.000
202604191524,   1.232,9999.000,9999.000,9999.000,9999.000,9999.000,9999.000,9999.000,9999.000
202604191530,   1.270,9999.000,9999.000,9999.000,9999.000,9999.000,9999.000,9999.000,9999.000
202604191536,   1.306,9999.000,9999.000,9999.000,9999.000,9999.000,9999.000,9999.000,9999.000
202604191542,   1.339,9999.000,9999.000,9999.000,9999.000,9999.000,9999.000,9999.000,9999.000
202604191548,   1.370,9999.000,9999.000,9999.000,9999.000,9999.000,9999.000,9999.000,9999.000
202604191554,   1.397,9999.000,9999.000,9999.000,9999.000,9999.000,9999.000,9999.000,9999.000
202604191600,   1.422,9999.000,   0.500,   0.396,   2.318,   0.300,   2.118,   0.700,   2.518
202604191606,   1.444,9999.000,9999.000,9999.000,9999.000,9999.000,9999.000,9999.000,9999.000
202604191612,   1.462,9999.000,9999.000,9999.000,9999.000,9999.000,9999.000,9999.000,9999.000
202604191618,   1.477,9999.000,9999.000,9999.000,9999.000,9999.000,9999.000,9999.000,9999.000
202604191624,   1.488,9999.000,9999.000,9999.000,9999.000,9999.000,9999.000,9999.000,9999.000
202604191630,   1.495,9999.000,9999.000,9999.000,9999.000,9999.000,9999.000,9999.000,9999.000
202604191636,   1.499,9999.000,9999.000,9999.000,9999.000,9999.000,9999.000,9999.000,9999.000
202604191642,   1.499,9999.000,9999.000,9999.000,9999.000,9999.000,9999.000,9999.000,9999.000
202604191648,   1.495,9999.000,9999.000,9999.000,9999.000,9999.000,9999.000,9999.000,9999.000
202604191654,   1.487,9999.000,9999.000,9999.000,9999.000,9999.000,9999.000,9999.000,9999.000
202604191700,   1.475,9999.000,   0.500,   0.396,   2.371,   0.300,   2.171,   0.700,   2.571
202604191706,   1.461,9999.000,9999.000,9999.000,9999.000,9999.000,9999.000,9999.000,9999.000
202604191712,   1.443,9999.000,9999.000,9999.000,9999.000,9999.000,9999.000,9999.000,9999.000
202604191718,   1.422,9999.000,9999.000,9999.000,9999.000,9999.000,9999.000,9999.000,9999.000
202604191724,   1.398,9999.000,9999.000,9999.000,9999.000,9999.000,9999.000,9999.000,9999.000
202604191730,   1.372,9999.000,9999.000,9999.000,9999.000,9999.000,9999.000,9999.000,9999.000
202604191736,   1.344,9999.000,9999.000,9999.000,9999.000,9999.000,9999.000,9999.000,9999.000
202604191742,   1.314,9999.000,9999.000,9999.000,9999.000,9999.000,9999.000,9999.000,9999.000
202604191748,   1.282,9999.000,9999.000,9999.000,9999.000,9999.000,9999.000,9999.000,9999.000
202604191754,   1.248,9999.000,9999.000,9999.000,9999.000,9999.000,9999.000,9999.000,9999.000
202604191800,   1.214,9999.000,   0.500,   0.396,   2.110,   0.400,   2.010,   0.700,   2.310
202604191806,   1.178,9999.000,9999.000,9999.000,9999.000,9999.000,9999.000,9999.000,9999.000
202604191812,   1.142,9999.000,9999.000,9999.000,9999.000,9999.000,9999.000,9999.000,9999.000
202604191818,   1.106,9999.000,9999.000,9999.000,9999.000,9999.000,9999.000,9999.000,9999.000
202604191824,   1.070,9999.000,9999.000,9999.000,9999.000,9999.000,9999.000,9999.000,9999.000
202604191830,   1.033,9999.000,9999.000,9999.000,9999.000,9999.000,9999.000,9999.000,9999.000
202604191836,   0.997,9999.000,9999.000,9999.000,9999.000,9999.000,9999.000,9999.000,9999.000
202604191842,   0.961,9999.000,9999.000,9999.000,9999.000,9999.000,9999.000,9999.000,9999.000
202604191848,   0.926,9999.000,9999.000,9999.000,9999.000,9999.000,9999.000,9999.000,9999.000
202604191854,   0.891,9999.000,9999.000,9999.000,9999.000,9999.000,9999.000,9999.000,9999.000
202604191900,   0.856,9999.000,   0.500,   0.396,   1.752,   0.400,   1.652,   0.700,   1.952
202604191906,   0.823,9999.000,9999.000,9999.000,9999.000,9999.000,9999.000,9999.000,9999.000
202604191912,   0.790,9999.000,9999.000,9999.000,9999.000,9999.000,9999.000,9999.000,9999.000
202604191918,   0.758,9999.000,9999.000,9999.000,9999.000,9999.000,9999.000,9999.000,9999.000
202604191924,   0.726,9999.000,9999.000,9999.000,9999.000,9999.000,9999.000,9999.000,9999.000
202604191930,   0.696,9999.000,9999.000,9999.000,9999.000,9999.000,9999.000,9999.000,9999.000
202604191936,   0.666,9999.000,9999.000,9999.000,9999.000,9999.000,9999.000,9999.000,9999.000
202604191942,   0.637,9999.000,9999.000,9999.000,9999.000,9999.000,9999.000,9999.000,9999.000
202604191948,   0.609,9999.000,9999.000,9999.000,9999.000,9999.000,9999.000,9999.000,9999.000
202604191954,   0.581,9999.000,9999.000,9999.000,9999.000,9999.000,9999.000,9999.000,9999.000
202604192000,   0.554,9999.000,   0.500,   0.396,   1.450,   0.400,   1.350,   0.700,   1.650
202604192006,   0.528,9999.000,9999.000,9999.000,9999.000,9999.000,9999.000,9999.000,9999.000
202604192012,   0.502,9999.000,9999.000,9999.000,9999.000,9999.000,9999.000,9999.000,9999.000
202604192018,   0.478,9999.000,9999.000,9999.000,9999.000,9999.000,9999.000,9999.000,9999.000
202604192024,   0.453,9999.000,9999.000,9999.000,9999.000,9999.000,9999.000,9999.000,9999.000
202604192030,   0.430,9999.000,9999.000,9999.000,9999.000,9999.000,9999.000,9999.000,9999.000
202604192036,   0.407,9999.000,9999.000,9999.000,9999.000,9999.000,9999.000,9999.000,9999.000
202604192042,   0.385,9999.000,9999.000,9999.000,9999.000,9999.000,9999.000,9999.000,9999.000
202604192048,   0.363,9999.000,9999.000,9999.000,9999.000,9999.000,9999.000,9999.000,9999.000
202604192054,   0.342,9999.000,9999.000,9999.000,9999.000,9999.000,9999.000,9999.000,9999.000
202604192100,   0.322,9999.000,   0.600,   0.396,   1.318,   0.400,   1.118,   0.700,   1.418
202604192106,   0.302,9999.000,9999.000,9999.000,9999.000,9999.000,9999.000,9999.000,9999.000
202604192112,   0.282,9999.000,9999.000,9999.000,9999.000,9999.000,9999.000,9999.000,9999.000
202604192118,   0.264,9999.000,9999.000,9999.000,9999.000,9999.000,9999.000,9999.000,9999.000
202604192124,   0.245,9999.000,9999.000,9999.000,9999.000,9999.000,9999.000,9999.000,9999.000
202604192130,   0.227,9999.000,9999.000,9999.000,9999.000,9999.000,9999.000,9999.000,9999.000
202604192136,   0.210,9999.000,9999.000,9999.000,9999.000,9999.000,9999.000,9999.000,9999.000
202604192142,   0.193,9999.000,9999.000,9999.000,9999.000,9999.000,9999.000,9999.000,9999.000
202604192148,   0.176,9999.000,9999.000,9999.000,9999.000,9999.000,9999.000,9999.000,9999.000
202604192154,   0.160,9999.000,9999.000,9999.000,9999.000,9999.000,9999.000,9999.000,9999.000
202604192200,   0.144,9999.000,   0.600,   0.396,   1.140,   0.400,   0.940,   0.700,   1.240
202604192206,   0.129,9999.000,9999.000,9999.000,9999.000,9999.000,9999.000,9999.000,9999.000
202604192212,   0.114,9999.000,9999.000,9999.000,9999.000,9999.000,9999.000,9999.000,9999.000
202604192218,   0.099,9999.000,9999.000,9999.000,9999.000,9999.000,9999.000,9999.000,9999.000
202604192224,   0.085,9999.000,9999.000,9999.000,9999.000,9999.000,9999.000,9999.000,9999.000
202604192230,   0.072,9999.000,9999.000,9999.000,9999.000,9999.000,9999.000,9999.000,9999.000
202604192236,   0.059,9999.000,9999.000,9999.000,9999.000,9999.000,9999.000,9999.000,9999.000
202604192242,   0.047,9999.000,9999.000,9999.000,9999.000,9999.000,9999.000,9999.000,9999.000
202604192248,   0.035,9999.000,9999.000,9999.000,9999.000,9999.000,9999.000,9999.000,9999.000
202604192254,   0.025,9999.000,9999.000,9999.000,9999.000,9999.000,9999.000,9999.000,9999.000
202604192300,   0.016,9999.000,   0.600,   0.396,   1.012,   0.400,   0.812,   0.800,   1.212
202604192306,   0.008,9999.000,9999.000,9999.000,9999.000,9999.000,9999.000,9999.000,9999.000
202604192312,   0.001,9999.000,9999.000,9999.000,9999.000,9999.000,9999.000,9999.000,9999.000
202604192318,  -0.003,9999.000,9999.000,9999.000,9999.000,9999.000,9999.000,9999.000,9999.000
202604192324,  -0.006,9999.000,9999.000,9999.000,9999.000,9999.000,9999.000,9999.000,9999.000
202604192330,  -0.007,9999.000,9999.000,9999.000,9999.000,9999.000,9999.000,9999.000,9999.000
202604192336,  -0.007,9999.000,9999.000,9999.000,9999.000,9999.000,9999.000,9999.000,9999.000
202604192342,  -0.004,9999.000,9999.000,9999.000,9999.000,9999.000,9999.000,9999.000,9999.000
202604192348,   0.001,9999.000,9999.000,9999.000,9999.000,9999.000,9999.000,9999.000,9999.000
202604192354,   0.009,9999.000,9999.000,9999.000,9999.000,9999.000,9999.000,9999.000,9999.000
202604200000,   0.020,9999.000,   0.600,   0.396,   1.016,   0.500,   0.916,   0.800,   1.216
202604200006,   0.033,9999.000,9999.000,9999.000,9999.000,9999.000,9999.000,9999.000,9999.000
202604200012,   0.049,9999.000,9999.000,9999.000,9999.000,9999.000,9999.000,9999.000,9999.000
202604200018,   0.068,9999.000,9999.000,9999.000,9999.000,9999.000,9999.000,9999.000,9999.000
202604200024,   0.090,9999.000,9999.000,9999.000,9999.000,9999.000,9999.000,9999.000,9999.000
202604200030,   0.115,9999.000,9999.000,9999.000,9999.000,9999.000,9999.000,9999.000,9999.000
202604200036,   0.143,9999.000,9999.000,9999.000,9999.000,9999.000,9999.000,9999.000,9999.000
202604200042,   0.173,9999.000,9999.000,9999.000,9999.000,9999.000,9999.000,9999.000,9999.000
202604200048,   0.206,9999.000,9999.000,9999.000,9999.000,9999.000,9999.000,9999.000,9999.000
202604200054,   0.242,9999.000,9999.000,9999.000,9999.000,9999.000,9999.000,9999.000,9999.000
202604200100,   0.280,9999.000,   0.600,   0.396,   1.276,   0.500,   1.176,   0.700,   1.376
202604200106,   0.321,9999.000,9999.000,9999.000,9999.000,9999.000,9999.000,9999.000,9999.000
202604200112,   0.364,9999.000,9999.000,9999.000,9999.000,9999.000,9999.000,9999.000,9999.000
202604200118,   0.410,9999.000,9999.000,9999.000,9999.000,9999.000,9999.000,9999.000,9999.000
202604200124,   0.457,9999.000,9999.000,9999.000,9999.000,9999.000,9999.000,9999.000,9999.000
202604200130,   0.506,9999.000,9999.000,9999.000,9999.000,9999.000,9999.000,9999.000,9999.000
202604200136,   0.557,9999.000,9999.000,9999.000,9999.000,9999.000,9999.000,9999.000,9999.000
202604200142,   0.609,9999.000,9999.000,9999.000,9999.000,9999.000,9999.000,9999.000,9999.000
202604200148,   0.663,9999.000,9999.000,9999.000,9999.000,9999.000,9999.000,9999.000,9999.000
202604200154,   0.718,9999.000,9999.000,9999.000,9999.000,9999.000,9999.000,9999.000,9999.000
202604200200,   0.774,9999.000,   0.600,   0.396,   1.770,   0.400,   1.570,   0.700,   1.870
202604200206,   0.831,9999.000,9999.000,9999.000,9999.000,9999.000,9999.000,9999.000,9999.000
202604200212,   0.889,9999.000,9999.000,9999.000,9999.000,9999.000,9999.000,9999.000,9999.000
202604200218,   0.948,9999.000,9999.000,9999.000,9999.000,9999.000,9999.000,9999.000,9999.000
202604200224,   1.008,9999.000,9999.000,9999.000,9999.000,9999.000,9999.000,9999.000,9999.000
202604200230,   1.068,9999.000,9999.000,9999.000,9999.000,9999.000,9999.000,9999.000,9999.000
202604200236,   1.128,9999.000,9999.000,9999.000,9999.000,9999.000,9999.000,9999.000,9999.000
202604200242,   1.189,9999.000,9999.000,9999.000,9999.000,9999.000,9999.000,9999.000,9999.000
202604200248,   1.250,9999.000,9999.000,9999.000,9999.000,9999.000,9999.000,9999.000,9999.000
202604200254,   1.311,9999.000,9999.000,9999.000,9999.000,9999.000,9999.000,9999.000,9999.000
202604200300,   1.372,9999.000,   0.500,   0.396,   2.268,   0.400,   2.168,   0.700,   2.468
202604200306,   1.432,9999.000,9999.000,9999.000,9999.000,9999.000,9999.000,9999.000,9999.000
202604200312,   1.492,9999.000,9999.000,9999.000,9999.000,9999.000,9999.000,9999.000,9999.000
202604200318,   1.552,9999.000,9999.000,9999.000,9999.000,9999.000,9999.000,9999.000,9999.000
202604200324,   1.610,9999.000,9999.000,9999.000,9999.000,9999.000,9999.000,9999.000,9999.000
202604200330,   1.667,9999.000,9999.000,9999.000,9999.000,9999.000,9999.000,9999.000,9999.000
202604200336,   1.723,9999.000,9999.000,9999.000,9999.000,9999.000,9999.000,9999.000,9999.000
202604200342,   1.777,9999.000,9999.000,9999.000,9999.000,9999.000,9999.000,9999.000,9999.000
202604200348,   1.829,9999.000,9999.000,9999.000,9999.000,9999.000,9999.000,9999.000,9999.000
202604200354,   1.879,9999.000,9999.000,9999.000,9999.000,9999.000,9999.000,9999.000,9999.000
202604200400,   1.926,9999.000,   0.500,   0.396,   2.822,   0.400,   2.722,   0.600,   2.922
202604200406,   1.970,9999.000,9999.000,9999.000,9999.000,9999.000,9999.000,9999.000,9999.000
202604200412,   2.011,9999.000,9999.000,9999.000,9999.000,9999.000,9999.000,9999.000,9999.000
202604200418,   2.049,9999.000,9999.000,9999.000,9999.000,9999.000,9999.000,9999.000,9999.000
202604200424,   2.083,9999.000,9999.000,9999.000,9999.000,9999.000,9999.000,9999.000,9999.000
202604200430,   2.114,9999.000,9999.000,9999.000,9999.000,9999.000,9999.000,9999.000,9999.000
202604200436,   2.140,9999.000,9999.000,9999.000,9999.000,9999.000,9999.000,9999.000,9999.000
202604200442,   2.162,9999.000,9999.000,9999.000,9999.000,9999.000,9999.000,9999.000,9999.000
202604200448,   2.180,9999.000,9999.000,9999.000,9999.000,9999.000,9999.000,9999.000,9999.000
202604200454,   2.193,9999.000,9999.000,9999.000,9999.000,9999.000,9999.000,9999.000,9999.000
202604200500,   2.202,9999.000,   0.500,   0.396,   3.098,   0.400,   2.998,   0.600,   3.198
202604200506,   2.206,9999.000,9999.000,9999.000,9999.000,9999.000,9999.000,9999.000,9999.000
202604200512,   2.206,9999.000,9999.000,9999.000,9999.000,9999.000,9999.000,9999.000,9999.000
202604200518,   2.201,9999.000,9999.000,9999.000,9999.000,9999.000,9999.000,9999.000,9999.000
202604200524,   2.193,9999.000,9999.000,9999.000,9999.000,9999.000,9999.000,9999.000,9999.000
202604200530,   2.180,9999.000,9999.000,9999.000,9999.000,9999.000,9999.000,9999.000,9999.000
202604200536,   2.163,9999.000,9999.000,9999.000,9999.000,9999.000,9999.000,9999.000,9999.000
202604200542,   2.142,9999.000,9999.000,9999.000,9999.000,9999.000,9999.000,9999.000,9999.000
202604200548,   2.118,9999.000,9999.000,9999.000,9999.000,9999.000,9999.000,9999.000,9999.000
202604200554,   2.091,9999.000,9999.000,9999.000,9999.000,9999.000,9999.000,9999.000,9999.000
202604200600,   2.061,9999.000,   0.500,   0.396,   2.957,   0.400,   2.857,   0.600,   3.057
202604200606,   2.028,9999.000,9999.000,9999.000,9999.000,9999.000,9999.000,9999.000,9999.000
202604200612,   1.993,9999.000,9999.000,9999.000,9999.000,9999.000,9999.000,9999.000,9999.000
202604200618,   1.956,9999.000,9999.000,9999.000,9999.000,9999.000,9999.000,9999.000,9999.000
202604200624,   1.917,9999.000,9999.000,9999.000,9999.000,9999.000,9999.000,9999.000,9999.000
202604200630,   1.876,9999.000,9999.000,9999.000,9999.000,9999.000,9999.000,9999.000,9999.000
202604200636,   1.835,9999.000,9999.000,9999.000,9999.000,9999.000,9999.000,9999.000,9999.000
202604200642,   1.792,9999.000,9999.000,9999.000,9999.000,9999.000,9999.000,9999.000,9999.000
202604200648,   1.749,9999.000,9999.000,9999.000,9999.000,9999.000,9999.000,9999.000,9999.000
202604200654,   1.706,9999.000,9999.000,9999.000,9999.000,9999.000,9999.000,9999.000,9999.000
202604200700,   1.662,9999.000,   0.500,   0.396,   2.558,   0.400,   2.458,   0.600,   2.658
202604200706,   1.618,9999.000,9999.000,9999.000,9999.000,9999.000,9999.000,9999.000,9999.000
202604200712,   1.574,9999.000,9999.000,9999.000,9999.000,9999.000,9999.000,9999.000,9999.000
202604200718,   1.531,9999.000,9999.000,9999.000,9999.000,9999.000,9999.000,9999.000,9999.000
202604200724,   1.487,9999.000,9999.000,9999.000,9999.000,9999.000,9999.000,9999.000,9999.000
202604200730,   1.444,9999.000,9999.000,9999.000,9999.000,9999.000,9999.000,9999.000,9999.000
202604200736,   1.402,9999.000,9999.000,9999.000,9999.000,9999.000,9999.000,9999.000,9999.000
202604200742,   1.360,9999.000,9999.000,9999.000,9999.000,9999.000,9999.000,9999.000,9999.000
202604200748,   1.318,9999.000,9999.000,9999.000,9999.000,9999.000,9999.000,9999.000,9999.000
202604200754,   1.277,9999.000,9999.000,9999.000,9999.000,9999.000,9999.000,9999.000,9999.000
202604200800,   1.237,9999.000,   0.500,   0.396,   2.133,   0.300,   1.933,   0.600,   2.233
202604200806,   1.197,9999.000,9999.000,9999.000,9999.000,9999.000,9999.000,9999.000,9999.000
202604200812,   1.158,9999.000,9999.000,9999.000,9999.000,9999.000,9999.000,9999.000,9999.000
202604200818,   1.120,9999.000,9999.000,9999.000,9999.000,9999.000,9999.000,9999.000,9999.000
202604200824,   1.082,9999.000,9999.000,9999.000,9999.000,9999.000,9999.000,9999.000,9999.000
202604200830,   1.045,9999.000,9999.000,9999.000,9999.000,9999.000,9999.000,9999.000,9999.000
202604200836,   1.008,9999.000,9999.000,9999.000,9999.000,9999.000,9999.000,9999.000,9999.000
202604200842,   0.972,9999.000,9999.000,9999.000,9999.000,9999.000,9999.000,9999.000,9999.000
202604200848,   0.937,9999.000,9999.000,9999.000,9999.000,9999.000,9999.000,9999.000,9999.000
202604200854,   0.902,9999.000,9999.000,9999.000,9999.000,9999.000,9999.000,9999.000,9999.000
202604200900,   0.868,9999.000,   0.500,   0.396,   1.764,   0.300,   1.564,   0.600,   1.864
202604200906,   0.834,9999.000,9999.000,9999.000,9999.000,9999.000,9999.000,9999.000,9999.000
202604200912,   0.801,9999.000,9999.000,9999.000,9999.000,9999.000,9999.000,9999.000,9999.000
202604200918,   0.770,9999.000,9999.000,9999.000,9999.000,9999.000,9999.000,9999.000,9999.000
202604200924,   0.738,9999.000,9999.000,9999.000,9999.000,9999.000,9999.000,9999.000,9999.000
202604200930,   0.707,9999.000,9999.000,9999.000,9999.000,9999.000,9999.000,9999.000,9999.000
202604200936,   0.676,9999.000,9999.000,9999.000,9999.000,9999.000,9999.000,9999.000,9999.000
202604200942,   0.646,9999.000,9999.000,9999.000,9999.000,9999.000,9999.000,9999.000,9999.000
202604200948,   0.617,9999.000,9999.000,9999.000,9999.000,9999.000,9999.000,9999.000,9999.000
202604200954,   0.588,9999.000,9999.000,9999.000,9999.000,9999.000,9999.000,9999.000,9999.000
202604201000,   0.560,9999.000,   0.500,   0.396,   1.456,   0.300,   1.256,   0.600,   1.556
202604201006,   0.532,9999.000,9999.000,9999.000,9999.000,9999.000,9999.000,9999.000,9999.000
202604201012,   0.504,9999.000,9999.000,9999.000,9999.000,9999.000,9999.000,9999.000,9999.000
202604201018,   0.477,9999.000,9999.000,9999.000,9999.000,9999.000,9999.000,9999.000,9999.000
202604201024,   0.450,9999.000,9999.000,9999.000,9999.000,9999.000,9999.000,9999.000,9999.000
202604201030,   0.423,9999.000,9999.000,9999.000,9999.000,9999.000,9999.000,9999.000,9999.000
202604201036,   0.397,9999.000,9999.000,9999.000,9999.000,9999.000,9999.000,9999.000,9999.000
202604201042,   0.372,9999.000,9999.000,9999.000,9999.000,9999.000,9999.000,9999.000,9999.000
202604201048,   0.346,9999.000,9999.000,9999.000,9999.000,9999.000,9999.000,9999.000,9999.000
202604201054,   0.321,9999.000,9999.000,9999.000,9999.000,9999.000,9999.000,9999.000,9999.000
202604201100,   0.297,9999.000,   0.400,   0.396,   1.093,   0.300,   0.993,   0.600,   1.293
202604201106,   0.273,9999.000,9999.000,9999.000,9999.000,9999.000,9999.000,9999.000,9999.000
202604201112,   0.250,9999.000,9999.000,9999.000,9999.000,9999.000,9999.000,9999.000,9999.000
202604201118,   0.227,9999.000,9999.000,9999.000,9999.000,9999.000,9999.000,9999.000,9999.000
202604201124,   0.206,9999.000,9999.000,9999.000,9999.000,9999.000,9999.000,9999.000,9999.000
202604201130,   0.185,9999.000,9999.000,9999.000,9999.000,9999.000,9999.000,9999.000,9999.000
202604201136,   0.166,9999.000,9999.000,9999.000,9999.000,9999.000,9999.000,9999.000,9999.000
202604201142,   0.148,9999.000,9999.000,9999.000,9999.000,9999.000,9999.000,9999.000,9999.000
202604201148,   0.131,9999.000,9999.000,9999.000,9999.000,9999.000,9999.000,9999.000,9999.000
202604201154,   0.116,9999.000,9999.000,9999.000,9999.000,9999.000,9999.000,9999.000,9999.000
202604201200,   0.103,9999.000,   0.400,   0.396,   0.899,   0.300,   0.799,   0.500,   0.999
