        TIME,    TIDE,      OB,   SURGE,    BIAS,     TWL,SURGE90p,  TWL90p,SURGE10p,   TWL10p
202602211800,  -0.308,  -0.531,  -0.900,   0.677,  -0.531,  -1.000,  -0.631,  -0.800,  -0.431
202602211806,  -0.306,  -0.508,9999.000,9999.000,9999.000,9999.000,9999.000,9999.000,9999.000
202602211812,  -0.304,  -0.508,9999.000,9999.000,9999.000,9999.000,9999.000,9999.000,9999.000
202602211818,  -0.301,  -0.508,9999.000,9999.000,9999.000,9999.000,9999.000,9999.000,9999.000
202602211824,  -0.298,  -0.488,9999.000,9999.000,9999.000,9999.000,9999.000,9999.000,9999.000
202602211830,  -0.293,  -0.498,9999.000,9999.000,9999.000,9999.000,9999.000,9999.000,9999.000
202602211836,  -0.288,  -0.551,9999.000,9999.000,9999.000,9999.000,9999.000,9999.000,9999.000
202602211842,  -0.281,  -0.498,9999.000,9999.000,9999.000,9999.000,9999.000,9999.000,9999.000
202602211848,  -0.274,  -0.419,9999.000,9999.000,9999.000,9999.000,9999.000,9999.000,9999.000
202602211854,  -0.266,  -0.409,9999.000,9999.000,9999.000,9999.000,9999.000,9999.000,9999.000
202602211900,  -0.258,  -0.439,  -0.800,   0.619,  -0.439,  -1.000,  -0.639,  -0.800,  -0.439
202602211906,  -0.248,  -0.419,9999.000,9999.000,9999.000,9999.000,9999.000,9999.000,9999.000
202602211912,  -0.238,  -0.429,9999.000,9999.000,9999.000,9999.000,9999.000,9999.000,9999.000
202602211918,  -0.227,  -0.478,9999.000,9999.000,9999.000,9999.000,9999.000,9999.000,9999.000
202602211924,  -0.215,  -0.439,9999.000,9999.000,9999.000,9999.000,9999.000,9999.000,9999.000
202602211930,  -0.203,  -0.429,9999.000,9999.000,9999.000,9999.000,9999.000,9999.000,9999.000
202602211936,  -0.189,  -0.400,9999.000,9999.000,9999.000,9999.000,9999.000,9999.000,9999.000
202602211942,  -0.176,  -0.341,9999.000,9999.000,9999.000,9999.000,9999.000,9999.000,9999.000
202602211948,  -0.161,  -0.308,9999.000,9999.000,9999.000,9999.000,9999.000,9999.000,9999.000
202602211954,  -0.146,  -0.308,9999.000,9999.000,9999.000,9999.000,9999.000,9999.000,9999.000
202602212000,  -0.131,  -0.308,  -0.800,   0.623,  -0.308,  -0.900,  -0.408,  -0.700,  -0.208
202602212006,  -0.115,  -0.268,9999.000,9999.000,9999.000,9999.000,9999.000,9999.000,9999.000
202602212012,  -0.098,  -0.219,9999.000,9999.000,9999.000,9999.000,9999.000,9999.000,9999.000
202602212018,  -0.081,  -0.209,9999.000,9999.000,9999.000,9999.000,9999.000,9999.000,9999.000
202602212024,  -0.064,  -0.229,9999.000,9999.000,9999.000,9999.000,9999.000,9999.000,9999.000
202602212030,  -0.046,  -0.219,9999.000,9999.000,9999.000,9999.000,9999.000,9999.000,9999.000
202602212036,  -0.028,  -0.209,9999.000,9999.000,9999.000,9999.000,9999.000,9999.000,9999.000
202602212042,  -0.010,  -0.219,9999.000,9999.000,9999.000,9999.000,9999.000,9999.000,9999.000
202602212048,   0.007,  -0.190,9999.000,9999.000,9999.000,9999.000,9999.000,9999.000,9999.000
202602212054,   0.026,  -0.190,9999.000,9999.000,9999.000,9999.000,9999.000,9999.000,9999.000
202602212100,   0.045,  -0.209,  -0.800,   0.546,  -0.209,  -0.900,  -0.309,  -0.700,  -0.109
202602212106,   0.064,  -0.200,9999.000,9999.000,9999.000,9999.000,9999.000,9999.000,9999.000
202602212112,   0.083,  -0.111,9999.000,9999.000,9999.000,9999.000,9999.000,9999.000,9999.000
202602212118,   0.102,  -0.059,9999.000,9999.000,9999.000,9999.000,9999.000,9999.000,9999.000
202602212124,   0.122,  -0.029,9999.000,9999.000,9999.000,9999.000,9999.000,9999.000,9999.000
202602212130,   0.141,   0.019,9999.000,9999.000,9999.000,9999.000,9999.000,9999.000,9999.000
202602212136,   0.160,   0.019,9999.000,9999.000,9999.000,9999.000,9999.000,9999.000,9999.000
202602212142,   0.179,   0.009,9999.000,9999.000,9999.000,9999.000,9999.000,9999.000,9999.000
202602212148,   0.197,  -0.019,9999.000,9999.000,9999.000,9999.000,9999.000,9999.000,9999.000
202602212154,   0.216,   0.049,9999.000,9999.000,9999.000,9999.000,9999.000,9999.000,9999.000
202602212200,   0.234,   0.049,  -0.700,   0.515,   0.049,  -0.900,  -0.151,  -0.600,   0.149
202602212206,   0.252,   0.131,9999.000,9999.000,9999.000,9999.000,9999.000,9999.000,9999.000
202602212212,   0.269,   0.131,9999.000,9999.000,9999.000,9999.000,9999.000,9999.000,9999.000
202602212218,   0.286,   0.131,9999.000,9999.000,9999.000,9999.000,9999.000,9999.000,9999.000
202602212224,   0.303,   0.131,9999.000,9999.000,9999.000,9999.000,9999.000,9999.000,9999.000
202602212230,   0.319,   0.141,9999.000,9999.000,9999.000,9999.000,9999.000,9999.000,9999.000
202602212236,   0.335,   0.141,9999.000,9999.000,9999.000,9999.000,9999.000,9999.000,9999.000
202602212242,   0.350,   0.200,9999.000,9999.000,9999.000,9999.000,9999.000,9999.000,9999.000
202602212248,   0.365,   0.249,9999.000,9999.000,9999.000,9999.000,9999.000,9999.000,9999.000
202602212254,   0.379,   0.278,9999.000,9999.000,9999.000,9999.000,9999.000,9999.000,9999.000
202602212300,   0.393,   0.298,  -0.700,   0.605,   0.298,  -0.900,   0.098,  -0.600,   0.398
202602212306,   0.406,   0.308,9999.000,9999.000,9999.000,9999.000,9999.000,9999.000,9999.000
202602212312,   0.418,   0.341,9999.000,9999.000,9999.000,9999.000,9999.000,9999.000,9999.000
202602212318,   0.429,   0.350,9999.000,9999.000,9999.000,9999.000,9999.000,9999.000,9999.000
202602212324,   0.440,   0.350,9999.000,9999.000,9999.000,9999.000,9999.000,9999.000,9999.000
202602212330,   0.450,   0.308,9999.000,9999.000,9999.000,9999.000,9999.000,9999.000,9999.000
202602212336,   0.459,   0.298,9999.000,9999.000,9999.000,9999.000,9999.000,9999.000,9999.000
202602212342,   0.467,   0.331,9999.000,9999.000,9999.000,9999.000,9999.000,9999.000,9999.000
202602212348,   0.475,   0.350,9999.000,9999.000,9999.000,9999.000,9999.000,9999.000,9999.000
202602212354,   0.482,   0.360,9999.000,9999.000,9999.000,9999.000,9999.000,9999.000,9999.000
202602220000,   0.488,   0.360,  -0.600,   0.472,   0.360,  -0.800,   0.160,  -0.500,   0.460
202602220006,   0.493,   0.400,9999.000,9999.000,9999.000,9999.000,9999.000,9999.000,9999.000
202602220012,   0.497,   0.409,9999.000,9999.000,9999.000,9999.000,9999.000,9999.000,9999.000
202602220018,   0.500,   0.390,9999.000,9999.000,9999.000,9999.000,9999.000,9999.000,9999.000
202602220024,   0.503,   0.400,9999.000,9999.000,9999.000,9999.000,9999.000,9999.000,9999.000
202602220030,   0.505,   0.409,9999.000,9999.000,9999.000,9999.000,9999.000,9999.000,9999.000
202602220036,   0.505,   0.429,9999.000,9999.000,9999.000,9999.000,9999.000,9999.000,9999.000
202602220042,   0.505,   0.380,9999.000,9999.000,9999.000,9999.000,9999.000,9999.000,9999.000
202602220048,   0.505,   0.380,9999.000,9999.000,9999.000,9999.000,9999.000,9999.000,9999.000
202602220054,   0.503,   0.429,9999.000,9999.000,9999.000,9999.000,9999.000,9999.000,9999.000
202602220100,   0.500,   0.429,  -0.600,   0.529,   0.429,  -0.700,   0.329,  -0.500,   0.529
202602220106,   0.497,   0.409,9999.000,9999.000,9999.000,9999.000,9999.000,9999.000,9999.000
202602220112,   0.493,   0.409,9999.000,9999.000,9999.000,9999.000,9999.000,9999.000,9999.000
202602220118,   0.488,   0.429,9999.000,9999.000,9999.000,9999.000,9999.000,9999.000,9999.000
202602220124,   0.482,   0.439,9999.000,9999.000,9999.000,9999.000,9999.000,9999.000,9999.000
202602220130,   0.475,   0.429,9999.000,9999.000,9999.000,9999.000,9999.000,9999.000,9999.000
202602220136,   0.468,   0.459,9999.000,9999.000,9999.000,9999.000,9999.000,9999.000,9999.000
202602220142,   0.460,   0.498,9999.000,9999.000,9999.000,9999.000,9999.000,9999.000,9999.000
202602220148,   0.451,   0.508,9999.000,9999.000,9999.000,9999.000,9999.000,9999.000,9999.000
202602220154,   0.442,   0.498,9999.000,9999.000,9999.000,9999.000,9999.000,9999.000,9999.000
202602220200,   0.432,   0.469,  -0.600,   0.637,   0.469,  -0.700,   0.369,  -0.500,   0.569
202602220206,   0.421,   0.459,9999.000,9999.000,9999.000,9999.000,9999.000,9999.000,9999.000
202602220212,   0.410,   0.469,9999.000,9999.000,9999.000,9999.000,9999.000,9999.000,9999.000
202602220218,   0.398,   0.439,9999.000,9999.000,9999.000,9999.000,9999.000,9999.000,9999.000
202602220224,   0.386,   0.439,9999.000,9999.000,9999.000,9999.000,9999.000,9999.000,9999.000
202602220230,   0.373,   0.429,9999.000,9999.000,9999.000,9999.000,9999.000,9999.000,9999.000
202602220236,   0.360,   0.478,9999.000,9999.000,9999.000,9999.000,9999.000,9999.000,9999.000
202602220242,   0.346,   0.478,9999.000,9999.000,9999.000,9999.000,9999.000,9999.000,9999.000
202602220248,   0.332,   0.419,9999.000,9999.000,9999.000,9999.000,9999.000,9999.000,9999.000
202602220254,   0.317,   0.360,9999.000,9999.000,9999.000,9999.000,9999.000,9999.000,9999.000
202602220300,   0.303,   0.370,  -0.600,   0.667,   0.370,  -0.700,   0.270,  -0.500,   0.470
202602220306,   0.288,   0.331,9999.000,9999.000,9999.000,9999.000,9999.000,9999.000,9999.000
202602220312,   0.272,   0.298,9999.000,9999.000,9999.000,9999.000,9999.000,9999.000,9999.000
202602220318,   0.257,   0.308,9999.000,9999.000,9999.000,9999.000,9999.000,9999.000,9999.000
202602220324,   0.241,   0.350,9999.000,9999.000,9999.000,9999.000,9999.000,9999.000,9999.000
202602220330,   0.226,   0.308,9999.000,9999.000,9999.000,9999.000,9999.000,9999.000,9999.000
202602220336,   0.210,   0.298,9999.000,9999.000,9999.000,9999.000,9999.000,9999.000,9999.000
202602220342,   0.194,   0.308,9999.000,9999.000,9999.000,9999.000,9999.000,9999.000,9999.000
202602220348,   0.178,   0.288,9999.000,9999.000,9999.000,9999.000,9999.000,9999.000,9999.000
202602220354,   0.163,   0.298,9999.000,9999.000,9999.000,9999.000,9999.000,9999.000,9999.000
202602220400,   0.147,   0.288,  -0.600,   0.741,   0.288,  -0.700,   0.188,  -0.500,   0.388
202602220406,   0.131,   0.249,9999.000,9999.000,9999.000,9999.000,9999.000,9999.000,9999.000
202602220412,   0.116,   0.200,9999.000,9999.000,9999.000,9999.000,9999.000,9999.000,9999.000
202602220418,   0.101,   0.239,9999.000,9999.000,9999.000,9999.000,9999.000,9999.000,9999.000
202602220424,   0.086,   0.239,9999.000,9999.000,9999.000,9999.000,9999.000,9999.000,9999.000
202602220430,   0.071,   0.239,9999.000,9999.000,9999.000,9999.000,9999.000,9999.000,9999.000
202602220436,   0.057,   0.200,9999.000,9999.000,9999.000,9999.000,9999.000,9999.000,9999.000
202602220442,   0.043,   0.190,9999.000,9999.000,9999.000,9999.000,9999.000,9999.000,9999.000
202602220448,   0.029,   0.200,9999.000,9999.000,9999.000,9999.000,9999.000,9999.000,9999.000
202602220454,   0.016,   0.160,9999.000,9999.000,9999.000,9999.000,9999.000,9999.000,9999.000
202602220500,   0.003,   0.160,  -0.600,   0.757,   0.160,  -0.700,   0.060,  -0.500,   0.260
202602220506,  -0.009,   0.170,9999.000,9999.000,9999.000,9999.000,9999.000,9999.000,9999.000
202602220512,  -0.020,   0.180,9999.000,9999.000,9999.000,9999.000,9999.000,9999.000,9999.000
202602220518,  -0.032,   0.141,9999.000,9999.000,9999.000,9999.000,9999.000,9999.000,9999.000
202602220524,  -0.043,   0.121,9999.000,9999.000,9999.000,9999.000,9999.000,9999.000,9999.000
202602220530,  -0.053,   0.121,9999.000,9999.000,9999.000,9999.000,9999.000,9999.000,9999.000
202602220536,  -0.063,   0.111,9999.000,9999.000,9999.000,9999.000,9999.000,9999.000,9999.000
202602220542,  -0.072,   0.098,9999.000,9999.000,9999.000,9999.000,9999.000,9999.000,9999.000
202602220548,  -0.080,   0.098,9999.000,9999.000,9999.000,9999.000,9999.000,9999.000,9999.000
202602220554,  -0.088,   0.088,9999.000,9999.000,9999.000,9999.000,9999.000,9999.000,9999.000
202602220600,  -0.095,   0.088,  -0.400,   0.583,   0.088,  -0.600,  -0.112,  -0.300,   0.188
202602220606,  -0.102,   0.078,9999.000,9999.000,9999.000,9999.000,9999.000,9999.000,9999.000
202602220612,  -0.107,   0.068,9999.000,9999.000,9999.000,9999.000,9999.000,9999.000,9999.000
202602220618,  -0.113,   0.078,9999.000,9999.000,9999.000,9999.000,9999.000,9999.000,9999.000
202602220624,  -0.117,   0.078,9999.000,9999.000,9999.000,9999.000,9999.000,9999.000,9999.000
202602220630,  -0.121,   0.078,9999.000,9999.000,9999.000,9999.000,9999.000,9999.000,9999.000
202602220636,  -0.124,   0.111,9999.000,9999.000,9999.000,9999.000,9999.000,9999.000,9999.000
202602220642,  -0.126,   0.121,9999.000,9999.000,9999.000,9999.000,9999.000,9999.000,9999.000
202602220648,  -0.128,9999.000,9999.000,9999.000,9999.000,9999.000,9999.000,9999.000,9999.000
202602220654,  -0.129,   0.111,9999.000,9999.000,9999.000,9999.000,9999.000,9999.000,9999.000
202602220700,  -0.129,   0.121,  -0.400,   0.650,   0.121,  -0.600,  -0.079,  -0.300,   0.221
202602220706,  -0.129,   0.131,9999.000,9999.000,9999.000,9999.000,9999.000,9999.000,9999.000
202602220712,  -0.128,   0.160,9999.000,9999.000,9999.000,9999.000,9999.000,9999.000,9999.000
202602220718,  -0.126,   0.180,9999.000,9999.000,9999.000,9999.000,9999.000,9999.000,9999.000
202602220724,  -0.124,   0.160,9999.000,9999.000,9999.000,9999.000,9999.000,9999.000,9999.000
202602220730,  -0.120,   0.180,9999.000,9999.000,9999.000,9999.000,9999.000,9999.000,9999.000
202602220736,  -0.117,   0.190,9999.000,9999.000,9999.000,9999.000,9999.000,9999.000,9999.000
202602220742,  -0.113,9999.000,9999.000,9999.000,9999.000,9999.000,9999.000,9999.000,9999.000
202602220748,  -0.108,9999.000,9999.000,9999.000,9999.000,9999.000,9999.000,9999.000,9999.000
202602220754,  -0.102,   0.200,9999.000,9999.000,9999.000,9999.000,9999.000,9999.000,9999.000
202602220800,  -0.097,   0.219,  -0.400,   0.716,   0.219,  -0.500,   0.119,  -0.200,   0.419
202602220806,  -0.090,   0.239,9999.000,9999.000,9999.000,9999.000,9999.000,9999.000,9999.000
202602220812,  -0.083,   0.239,9999.000,9999.000,9999.000,9999.000,9999.000,9999.000,9999.000
202602220818,  -0.076,   0.239,9999.000,9999.000,9999.000,9999.000,9999.000,9999.000,9999.000
202602220824,  -0.068,9999.000,9999.000,9999.000,9999.000,9999.000,9999.000,9999.000,9999.000
202602220830,  -0.060,9999.000,9999.000,9999.000,9999.000,9999.000,9999.000,9999.000,9999.000
202602220836,  -0.051,9999.000,9999.000,9999.000,9999.000,9999.000,9999.000,9999.000,9999.000
202602220842,  -0.042,9999.000,9999.000,9999.000,9999.000,9999.000,9999.000,9999.000,9999.000
202602220848,  -0.033,9999.000,9999.000,9999.000,9999.000,9999.000,9999.000,9999.000,9999.000
202602220854,  -0.024,   0.308,9999.000,9999.000,9999.000,9999.000,9999.000,9999.000,9999.000
202602220900,  -0.014,   0.321,  -0.300,   0.635,   0.321,  -0.500,   0.121,  -0.200,   0.421
202602220906,  -0.004,   0.360,9999.000,9999.000,9999.000,9999.000,9999.000,9999.000,9999.000
202602220912,   0.005,   0.350,9999.000,9999.000,9999.000,9999.000,9999.000,9999.000,9999.000
202602220918,   0.016,   0.341,9999.000,9999.000,9999.000,9999.000,9999.000,9999.000,9999.000
202602220924,   0.026,   0.370,9999.000,9999.000,9999.000,9999.000,9999.000,9999.000,9999.000
202602220930,   0.036,9999.000,9999.000,9999.000,9999.000,9999.000,9999.000,9999.000,9999.000
202602220936,   0.047,   0.409,9999.000,9999.000,9999.000,9999.000,9999.000,9999.000,9999.000
202602220942,   0.057,   0.409,9999.000,9999.000,9999.000,9999.000,9999.000,9999.000,9999.000
202602220948,   0.068,   0.459,9999.000,9999.000,9999.000,9999.000,9999.000,9999.000,9999.000
202602220954,   0.078,   0.469,9999.000,9999.000,9999.000,9999.000,9999.000,9999.000,9999.000
202602221000,   0.089,   0.478,  -0.200,   0.589,   0.478,  -0.500,   0.178,  -0.100,   0.578
202602221006,   0.099,   0.518,9999.000,9999.000,9999.000,9999.000,9999.000,9999.000,9999.000
202602221012,   0.109,   0.541,9999.000,9999.000,9999.000,9999.000,9999.000,9999.000,9999.000
202602221018,   0.118,   0.541,9999.000,9999.000,9999.000,9999.000,9999.000,9999.000,9999.000
202602221024,   0.128,   0.560,9999.000,9999.000,9999.000,9999.000,9999.000,9999.000,9999.000
202602221030,   0.137,   0.590,9999.000,9999.000,9999.000,9999.000,9999.000,9999.000,9999.000
202602221036,   0.146,   0.610,9999.000,9999.000,9999.000,9999.000,9999.000,9999.000,9999.000
202602221042,   0.155,   0.629,9999.000,9999.000,9999.000,9999.000,9999.000,9999.000,9999.000
202602221048,   0.163,   0.639,9999.000,9999.000,9999.000,9999.000,9999.000,9999.000,9999.000
202602221054,   0.171,   0.659,9999.000,9999.000,9999.000,9999.000,9999.000,9999.000,9999.000
202602221100,   0.178,   0.698,  -0.200,   0.720,   0.698,  -0.400,   0.498,   0.000,   0.898
202602221106,   0.185,   0.708,9999.000,9999.000,9999.000,9999.000,9999.000,9999.000,9999.000
202602221112,   0.191,   0.718,9999.000,9999.000,9999.000,9999.000,9999.000,9999.000,9999.000
202602221118,   0.197,   0.731,9999.000,9999.000,9999.000,9999.000,9999.000,9999.000,9999.000
202602221124,   0.203,   0.751,9999.000,9999.000,9999.000,9999.000,9999.000,9999.000,9999.000
202602221130,   0.207,   0.718,9999.000,9999.000,9999.000,9999.000,9999.000,9999.000,9999.000
202602221136,   0.212,   0.751,9999.000,9999.000,9999.000,9999.000,9999.000,9999.000,9999.000
202602221142,   0.215,   0.790,9999.000,9999.000,9999.000,9999.000,9999.000,9999.000,9999.000
202602221148,   0.219,   0.800,9999.000,9999.000,9999.000,9999.000,9999.000,9999.000,9999.000
202602221154,   0.221,   0.810,9999.000,9999.000,9999.000,9999.000,9999.000,9999.000,9999.000
202602221200,   0.223,   0.819,   0.000,   0.596,   0.819,  -0.100,   0.719,   0.100,   0.919
202602221206,   0.224,   0.819,9999.000,9999.000,9999.000,9999.000,9999.000,9999.000,9999.000
202602221212,   0.225,   0.819,9999.000,9999.000,9999.000,9999.000,9999.000,9999.000,9999.000
202602221218,   0.225,   0.839,9999.000,9999.000,9999.000,9999.000,9999.000,9999.000,9999.000
202602221224,   0.224,   0.879,9999.000,9999.000,9999.000,9999.000,9999.000,9999.000,9999.000
202602221230,   0.223,   0.888,9999.000,9999.000,9999.000,9999.000,9999.000,9999.000,9999.000
202602221236,   0.221,   0.898,9999.000,9999.000,9999.000,9999.000,9999.000,9999.000,9999.000
202602221242,   0.218,   0.908,9999.000,9999.000,9999.000,9999.000,9999.000,9999.000,9999.000
202602221248,   0.214,   0.918,9999.000,9999.000,9999.000,9999.000,9999.000,9999.000,9999.000
202602221254,   0.210,   0.918,9999.000,9999.000,9999.000,9999.000,9999.000,9999.000,9999.000
202602221300,   0.206,   0.918,   0.100,   0.612,   0.918,   0.000,   0.818,   0.100,   0.918
202602221306,   0.200,   0.908,9999.000,9999.000,9999.000,9999.000,9999.000,9999.000,9999.000
202602221312,   0.194,   0.898,9999.000,9999.000,9999.000,9999.000,9999.000,9999.000,9999.000
202602221318,   0.188,   0.898,9999.000,9999.000,9999.000,9999.000,9999.000,9999.000,9999.000
202602221324,   0.181,   0.908,9999.000,9999.000,9999.000,9999.000,9999.000,9999.000,9999.000
202602221330,   0.173,   0.928,9999.000,9999.000,9999.000,9999.000,9999.000,9999.000,9999.000
202602221336,   0.165,   0.951,9999.000,9999.000,9999.000,9999.000,9999.000,9999.000,9999.000
202602221342,   0.156,   0.928,9999.000,9999.000,9999.000,9999.000,9999.000,9999.000,9999.000
202602221348,   0.146,   0.941,9999.000,9999.000,9999.000,9999.000,9999.000,9999.000,9999.000
202602221354,   0.136,   0.941,9999.000,9999.000,9999.000,9999.000,9999.000,9999.000,9999.000
202602221400,   0.126,   0.918,   0.100,   0.692,   0.918,   0.000,   0.818,   0.300,   1.118
202602221406,   0.115,   0.908,9999.000,9999.000,9999.000,9999.000,9999.000,9999.000,9999.000
202602221412,   0.104,   0.898,9999.000,9999.000,9999.000,9999.000,9999.000,9999.000,9999.000
202602221418,   0.092,   0.888,9999.000,9999.000,9999.000,9999.000,9999.000,9999.000,9999.000
202602221424,   0.080,   0.908,9999.000,9999.000,9999.000,9999.000,9999.000,9999.000,9999.000
202602221430,   0.067,   0.898,9999.000,9999.000,9999.000,9999.000,9999.000,9999.000,9999.000
202602221436,   0.054,   0.859,9999.000,9999.000,9999.000,9999.000,9999.000,9999.000,9999.000
202602221442,   0.041,   0.888,9999.000,9999.000,9999.000,9999.000,9999.000,9999.000,9999.000
202602221448,   0.028,   0.898,9999.000,9999.000,9999.000,9999.000,9999.000,9999.000,9999.000
202602221454,   0.014,   0.869,9999.000,9999.000,9999.000,9999.000,9999.000,9999.000,9999.000
202602221500,   0.001,   0.869,   0.300,   0.568,   0.869,   0.100,   0.669,   0.400,   0.969
202602221506,  -0.012,   0.869,9999.000,9999.000,9999.000,9999.000,9999.000,9999.000,9999.000
202602221512,  -0.026,   0.859,9999.000,9999.000,9999.000,9999.000,9999.000,9999.000,9999.000
202602221518,  -0.041,   0.879,9999.000,9999.000,9999.000,9999.000,9999.000,9999.000,9999.000
202602221524,  -0.055,   0.879,9999.000,9999.000,9999.000,9999.000,9999.000,9999.000,9999.000
202602221530,  -0.069,   0.879,9999.000,9999.000,9999.000,9999.000,9999.000,9999.000,9999.000
202602221536,  -0.083,   0.879,9999.000,9999.000,9999.000,9999.000,9999.000,9999.000,9999.000
202602221542,  -0.097,   0.869,9999.000,9999.000,9999.000,9999.000,9999.000,9999.000,9999.000
202602221548,  -0.111,   0.869,9999.000,9999.000,9999.000,9999.000,9999.000,9999.000,9999.000
202602221554,  -0.125,   0.849,9999.000,9999.000,9999.000,9999.000,9999.000,9999.000,9999.000
202602221600,  -0.139,   0.839,   0.400,   0.578,   0.839,   0.200,   0.639,   0.500,   0.939
202602221606,  -0.152,   0.859,9999.000,9999.000,9999.000,9999.000,9999.000,9999.000,9999.000
202602221612,  -0.165,   0.849,9999.000,9999.000,9999.000,9999.000,9999.000,9999.000,9999.000
202602221618,  -0.178,   0.849,9999.000,9999.000,9999.000,9999.000,9999.000,9999.000,9999.000
202602221624,  -0.191,   0.829,9999.000,9999.000,9999.000,9999.000,9999.000,9999.000,9999.000
202602221630,  -0.203,   0.810,9999.000,9999.000,9999.000,9999.000,9999.000,9999.000,9999.000
202602221636,  -0.215,   0.800,9999.000,9999.000,9999.000,9999.000,9999.000,9999.000,9999.000
202602221642,  -0.226,   0.790,9999.000,9999.000,9999.000,9999.000,9999.000,9999.000,9999.000
202602221648,  -0.237,   0.790,9999.000,9999.000,9999.000,9999.000,9999.000,9999.000,9999.000
202602221654,  -0.248,   0.780,9999.000,9999.000,9999.000,9999.000,9999.000,9999.000,9999.000
202602221700,  -0.258,   0.770,   0.500,   0.528,   0.770,   0.300,   0.570,   0.600,   0.870
202602221706,  -0.267,   0.718,9999.000,9999.000,9999.000,9999.000,9999.000,9999.000,9999.000
202602221712,  -0.276,9999.000,9999.000,9999.000,9999.000,9999.000,9999.000,9999.000,9999.000
202602221718,  -0.284,   0.731,9999.000,9999.000,9999.000,9999.000,9999.000,9999.000,9999.000
202602221724,  -0.292,   0.731,9999.000,9999.000,9999.000,9999.000,9999.000,9999.000,9999.000
202602221730,  -0.299,   0.708,9999.000,9999.000,9999.000,9999.000,9999.000,9999.000,9999.000
202602221736,  -0.305,   0.731,9999.000,9999.000,9999.000,9999.000,9999.000,9999.000,9999.000
202602221742,  -0.311,   0.708,9999.000,9999.000,9999.000,9999.000,9999.000,9999.000,9999.000
202602221748,  -0.316,   0.708,9999.000,9999.000,9999.000,9999.000,9999.000,9999.000,9999.000
202602221754,  -0.320,   0.718,9999.000,9999.000,9999.000,9999.000,9999.000,9999.000,9999.000
202602221800,  -0.323,   0.688,   0.600,   0.411,   0.688,   0.500,   0.588,   0.700,   0.788
202602221806,  -0.326,   0.688,9999.000,9999.000,9999.000,9999.000,9999.000,9999.000,9999.000
202602221812,  -0.328,   0.708,9999.000,9999.000,9999.000,9999.000,9999.000,9999.000,9999.000
202602221818,  -0.329,   0.669,9999.000,9999.000,9999.000,9999.000,9999.000,9999.000,9999.000
202602221824,  -0.329,   0.678,9999.000,9999.000,9999.000,9999.000,9999.000,9999.000,9999.000
202602221830,  -0.329,   0.741,9999.000,9999.000,9999.000,9999.000,9999.000,9999.000,9999.000
202602221836,  -0.328,   0.708,9999.000,9999.000,9999.000,9999.000,9999.000,9999.000,9999.000
202602221842,  -0.326,   0.698,9999.000,9999.000,9999.000,9999.000,9999.000,9999.000,9999.000
202602221848,  -0.323,   0.731,9999.000,9999.000,9999.000,9999.000,9999.000,9999.000,9999.000
202602221854,  -0.319,   0.731,9999.000,9999.000,9999.000,9999.000,9999.000,9999.000,9999.000
202602221900,  -0.315,   0.718,   0.700,   0.333,   0.718,   0.600,   0.618,   0.800,   0.818
202602221906,  -0.310,   0.751,9999.000,9999.000,9999.000,9999.000,9999.000,9999.000,9999.000
202602221912,  -0.304,   0.751,9999.000,9999.000,9999.000,9999.000,9999.000,9999.000,9999.000
202602221918,  -0.297,   0.770,9999.000,9999.000,9999.000,9999.000,9999.000,9999.000,9999.000
202602221924,  -0.289,   0.780,9999.000,9999.000,9999.000,9999.000,9999.000,9999.000,9999.000
202602221930,  -0.281,   0.790,9999.000,9999.000,9999.000,9999.000,9999.000,9999.000,9999.000
202602221936,  -0.272,   0.800,9999.000,9999.000,9999.000,9999.000,9999.000,9999.000,9999.000
202602221942,  -0.262,   0.790,9999.000,9999.000,9999.000,9999.000,9999.000,9999.000,9999.000
202602221948,  -0.252,   0.790,9999.000,9999.000,9999.000,9999.000,9999.000,9999.000,9999.000
202602221954,  -0.241,   0.800,9999.000,9999.000,9999.000,9999.000,9999.000,9999.000,9999.000
202602222000,  -0.229,   0.810,   0.800,   0.239,   0.810,   0.700,   0.710,   0.800,   0.810
202602222006,  -0.217,   0.800,9999.000,9999.000,9999.000,9999.000,9999.000,9999.000,9999.000
202602222012,  -0.204,   0.819,9999.000,9999.000,9999.000,9999.000,9999.000,9999.000,9999.000
202602222018,  -0.190,   0.849,9999.000,9999.000,9999.000,9999.000,9999.000,9999.000,9999.000
202602222024,  -0.176,   0.859,9999.000,9999.000,9999.000,9999.000,9999.000,9999.000,9999.000
202602222030,  -0.161,   0.859,9999.000,9999.000,9999.000,9999.000,9999.000,9999.000,9999.000
202602222036,  -0.146,   0.898,9999.000,9999.000,9999.000,9999.000,9999.000,9999.000,9999.000
202602222042,  -0.131,   0.918,9999.000,9999.000,9999.000,9999.000,9999.000,9999.000,9999.000
202602222048,  -0.115,   0.908,9999.000,9999.000,9999.000,9999.000,9999.000,9999.000,9999.000
202602222054,  -0.098,   0.908,9999.000,9999.000,9999.000,9999.000,9999.000,9999.000,9999.000
202602222100,  -0.081,   0.941,   0.800,   0.222,   0.941,   0.800,   0.941,   0.900,   1.041
202602222106,  -0.064,   0.980,9999.000,9999.000,9999.000,9999.000,9999.000,9999.000,9999.000
202602222112,  -0.047,   0.961,9999.000,9999.000,9999.000,9999.000,9999.000,9999.000,9999.000
202602222118,  -0.029,   0.970,9999.000,9999.000,9999.000,9999.000,9999.000,9999.000,9999.000
202602222124,  -0.011,   0.990,9999.000,9999.000,9999.000,9999.000,9999.000,9999.000,9999.000
202602222130,   0.006,   0.970,9999.000,9999.000,9999.000,9999.000,9999.000,9999.000,9999.000
202602222136,   0.024,   0.970,9999.000,9999.000,9999.000,9999.000,9999.000,9999.000,9999.000
202602222142,   0.043,   1.000,9999.000,9999.000,9999.000,9999.000,9999.000,9999.000,9999.000
202602222148,   0.061,   1.000,9999.000,9999.000,9999.000,9999.000,9999.000,9999.000,9999.000
202602222154,   0.079,   1.039,9999.000,9999.000,9999.000,9999.000,9999.000,9999.000,9999.000
202602222200,   0.098,   1.079,   0.900,   0.081,   1.079,   0.800,   0.979,   1.000,   1.179
202602222206,   0.116,   1.118,9999.000,9999.000,9999.000,9999.000,9999.000,9999.000,9999.000
202602222212,   0.135,   1.138,9999.000,9999.000,9999.000,9999.000,9999.000,9999.000,9999.000
202602222218,   0.153,   1.151,9999.000,9999.000,9999.000,9999.000,9999.000,9999.000,9999.000
202602222224,   0.171,   1.170,9999.000,9999.000,9999.000,9999.000,9999.000,9999.000,9999.000
202602222230,   0.189,   1.190,9999.000,9999.000,9999.000,9999.000,9999.000,9999.000,9999.000
202602222236,   0.206,   1.220,9999.000,9999.000,9999.000,9999.000,9999.000,9999.000,9999.000
202602222242,   0.223,   1.229,9999.000,9999.000,9999.000,9999.000,9999.000,9999.000,9999.000
202602222248,   0.240,9999.000,9999.000,9999.000,9999.000,9999.000,9999.000,9999.000,9999.000
202602222254,   0.257,   1.289,9999.000,9999.000,9999.000,9999.000,9999.000,9999.000,9999.000
202602222300,   0.273,   1.289,   0.900,   0.116,   1.289,   0.900,   1.289,   1.100,   1.489
202602222306,   0.289,   1.298,9999.000,9999.000,9999.000,9999.000,9999.000,9999.000,9999.000
202602222312,   0.305,   1.338,9999.000,9999.000,9999.000,9999.000,9999.000,9999.000,9999.000
202602222318,   0.320,   1.348,9999.000,9999.000,9999.000,9999.000,9999.000,9999.000,9999.000
202602222324,   0.334,   1.371,9999.000,9999.000,9999.000,9999.000,9999.000,9999.000,9999.000
202602222330,   0.348,   1.380,9999.000,9999.000,9999.000,9999.000,9999.000,9999.000,9999.000
202602222336,   0.361,   1.400,9999.000,9999.000,9999.000,9999.000,9999.000,9999.000,9999.000
202602222342,   0.374,   1.410,9999.000,9999.000,9999.000,9999.000,9999.000,9999.000,9999.000
202602222348,   0.386,   1.410,9999.000,9999.000,9999.000,9999.000,9999.000,9999.000,9999.000
202602222354,   0.398,9999.000,9999.000,9999.000,9999.000,9999.000,9999.000,9999.000,9999.000
202602230000,   0.409,   1.459,   0.800,   0.250,   1.459,   0.800,   1.459,   0.900,   1.559
202602230006,   0.419,   1.459,9999.000,9999.000,9999.000,9999.000,9999.000,9999.000,9999.000
202602230012,   0.429,   1.459,9999.000,9999.000,9999.000,9999.000,9999.000,9999.000,9999.000
202602230018,   0.437,   1.479,9999.000,9999.000,9999.000,9999.000,9999.000,9999.000,9999.000
202602230024,   0.445,   1.489,9999.000,9999.000,9999.000,9999.000,9999.000,9999.000,9999.000
202602230030,   0.453,   1.489,9999.000,9999.000,9999.000,9999.000,9999.000,9999.000,9999.000
202602230036,   0.459,   1.489,9999.000,9999.000,9999.000,9999.000,9999.000,9999.000,9999.000
202602230042,   0.465,   1.498,9999.000,9999.000,9999.000,9999.000,9999.000,9999.000,9999.000
202602230048,   0.470,   1.498,9999.000,9999.000,9999.000,9999.000,9999.000,9999.000,9999.000
202602230054,   0.475,9999.000,9999.000,9999.000,9999.000,9999.000,9999.000,9999.000,9999.000
202602230100,   0.478,   1.498,   0.900,   0.120,   1.498,   0.800,   1.398,   0.900,   1.498
202602230106,   0.481,   1.489,9999.000,9999.000,9999.000,9999.000,9999.000,9999.000,9999.000
202602230112,   0.483,   1.498,9999.000,9999.000,9999.000,9999.000,9999.000,9999.000,9999.000
202602230118,   0.485,   1.508,9999.000,9999.000,9999.000,9999.000,9999.000,9999.000,9999.000
202602230124,   0.485,   1.508,9999.000,9999.000,9999.000,9999.000,9999.000,9999.000,9999.000
202602230130,   0.485,   1.498,9999.000,9999.000,9999.000,9999.000,9999.000,9999.000,9999.000
202602230136,   0.484,   1.489,9999.000,9999.000,9999.000,9999.000,9999.000,9999.000,9999.000
202602230142,   0.482,   1.489,9999.000,9999.000,9999.000,9999.000,9999.000,9999.000,9999.000
202602230148,   0.480,   1.489,9999.000,9999.000,9999.000,9999.000,9999.000,9999.000,9999.000
202602230154,   0.476,   1.479,9999.000,9999.000,9999.000,9999.000,9999.000,9999.000,9999.000
202602230200,   0.472,   1.479,   0.900,   0.107,   1.479,   0.900,   1.479,   1.000,   1.579
202602230206,   0.468,   1.489,9999.000,9999.000,9999.000,9999.000,9999.000,9999.000,9999.000
202602230212,   0.463,   1.489,9999.000,9999.000,9999.000,9999.000,9999.000,9999.000,9999.000
202602230218,   0.457,   1.469,9999.000,9999.000,9999.000,9999.000,9999.000,9999.000,9999.000
202602230224,   0.450,   1.479,9999.000,9999.000,9999.000,9999.000,9999.000,9999.000,9999.000
202602230230,   0.443,   1.469,9999.000,9999.000,9999.000,9999.000,9999.000,9999.000,9999.000
202602230236,   0.435,   1.449,9999.000,9999.000,9999.000,9999.000,9999.000,9999.000,9999.000
202602230242,   0.427,   1.459,9999.000,9999.000,9999.000,9999.000,9999.000,9999.000,9999.000
202602230248,   0.418,   1.459,9999.000,9999.000,9999.000,9999.000,9999.000,9999.000,9999.000
202602230254,   0.409,   1.449,9999.000,9999.000,9999.000,9999.000,9999.000,9999.000,9999.000
202602230300,   0.399,   1.430,   1.000,   0.031,   1.430,   0.900,   1.330,   1.100,   1.530
202602230306,   0.389,   1.439,9999.000,9999.000,9999.000,9999.000,9999.000,9999.000,9999.000
202602230312,   0.378,   1.420,9999.000,9999.000,9999.000,9999.000,9999.000,9999.000,9999.000
202602230318,   0.367,   1.420,9999.000,9999.000,9999.000,9999.000,9999.000,9999.000,9999.000
202602230324,   0.355,   1.400,9999.000,9999.000,9999.000,9999.000,9999.000,9999.000,9999.000
202602230330,   0.343,   1.371,9999.000,9999.000,9999.000,9999.000,9999.000,9999.000,9999.000
202602230336,   0.331,   1.361,9999.000,9999.000,9999.000,9999.000,9999.000,9999.000,9999.000
202602230342,   0.319,   1.348,9999.000,9999.000,9999.000,9999.000,9999.000,9999.000,9999.000
202602230348,   0.306,   1.328,9999.000,9999.000,9999.000,9999.000,9999.000,9999.000,9999.000
202602230354,   0.293,   1.328,9999.000,9999.000,9999.000,9999.000,9999.000,9999.000,9999.000
202602230400,   0.280,   1.308,   1.000,   0.028,   1.308,   1.000,   1.308,   1.100,   1.408
202602230406,   0.267,   1.289,9999.000,9999.000,9999.000,9999.000,9999.000,9999.000,9999.000
202602230412,   0.254,   1.289,9999.000,9999.000,9999.000,9999.000,9999.000,9999.000,9999.000
202602230418,   0.241,   1.279,9999.000,9999.000,9999.000,9999.000,9999.000,9999.000,9999.000
202602230424,   0.227,   1.269,9999.000,9999.000,9999.000,9999.000,9999.000,9999.000,9999.000
202602230430,   0.214,   1.269,9999.000,9999.000,9999.000,9999.000,9999.000,9999.000,9999.000
202602230436,   0.201,   1.259,9999.000,9999.000,9999.000,9999.000,9999.000,9999.000,9999.000
202602230442,   0.187,   1.239,9999.000,9999.000,9999.000,9999.000,9999.000,9999.000,9999.000
202602230448,   0.174,9999.000,9999.000,9999.000,9999.000,9999.000,9999.000,9999.000,9999.000
202602230454,   0.161,   1.239,9999.000,9999.000,9999.000,9999.000,9999.000,9999.000,9999.000
202602230500,   0.148,   1.220,   1.100,  -0.028,   1.220,   1.000,   1.120,   1.200,   1.320
202602230506,   0.136,   1.229,9999.000,9999.000,9999.000,9999.000,9999.000,9999.000,9999.000
202602230512,   0.123,   1.229,9999.000,9999.000,9999.000,9999.000,9999.000,9999.000,9999.000
202602230518,   0.111,   1.200,9999.000,9999.000,9999.000,9999.000,9999.000,9999.000,9999.000
202602230524,   0.099,   1.210,9999.000,9999.000,9999.000,9999.000,9999.000,9999.000,9999.000
202602230530,   0.088,   1.200,9999.000,9999.000,9999.000,9999.000,9999.000,9999.000,9999.000
202602230536,   0.077,   1.190,9999.000,9999.000,9999.000,9999.000,9999.000,9999.000,9999.000
202602230542,   0.066,   1.161,9999.000,9999.000,9999.000,9999.000,9999.000,9999.000,9999.000
202602230548,   0.055,   1.161,9999.000,9999.000,9999.000,9999.000,9999.000,9999.000,9999.000
202602230554,   0.045,9999.000,9999.000,9999.000,9999.000,9999.000,9999.000,9999.000,9999.000
202602230600,   0.035,   1.151,   1.000,   0.116,   1.151,   0.900,   1.051,   1.100,   1.251
202602230606,   0.026,   1.151,9999.000,9999.000,9999.000,9999.000,9999.000,9999.000,9999.000
202602230612,   0.017,   1.118,9999.000,9999.000,9999.000,9999.000,9999.000,9999.000,9999.000
202602230618,   0.009,   1.098,9999.000,9999.000,9999.000,9999.000,9999.000,9999.000,9999.000
202602230624,   0.001,   1.088,9999.000,9999.000,9999.000,9999.000,9999.000,9999.000,9999.000
202602230630,  -0.005,   1.088,9999.000,9999.000,9999.000,9999.000,9999.000,9999.000,9999.000
202602230636,  -0.012,   1.108,9999.000,9999.000,9999.000,9999.000,9999.000,9999.000,9999.000
202602230642,  -0.018,   1.069,9999.000,9999.000,9999.000,9999.000,9999.000,9999.000,9999.000
202602230648,  -0.024,   1.049,9999.000,9999.000,9999.000,9999.000,9999.000,9999.000,9999.000
202602230654,  -0.029,   1.049,9999.000,9999.000,9999.000,9999.000,9999.000,9999.000,9999.000
202602230700,  -0.033,   1.079,   1.000,   0.112,   1.079,   0.900,   0.979,   1.100,   1.179
202602230706,  -0.038,   1.059,9999.000,9999.000,9999.000,9999.000,9999.000,9999.000,9999.000
202602230712,  -0.041,   1.059,9999.000,9999.000,9999.000,9999.000,9999.000,9999.000,9999.000
202602230718,  -0.044,9999.000,9999.000,9999.000,9999.000,9999.000,9999.000,9999.000,9999.000
202602230724,  -0.046,   1.079,9999.000,9999.000,9999.000,9999.000,9999.000,9999.000,9999.000
202602230730,  -0.048,   1.069,9999.000,9999.000,9999.000,9999.000,9999.000,9999.000,9999.000
202602230736,  -0.049,9999.000,9999.000,9999.000,9999.000,9999.000,9999.000,9999.000,9999.000
202602230742,  -0.050,9999.000,9999.000,9999.000,9999.000,9999.000,9999.000,9999.000,9999.000
202602230748,  -0.050,9999.000,9999.000,9999.000,9999.000,9999.000,9999.000,9999.000,9999.000
202602230754,  -0.050,   1.138,9999.000,9999.000,9999.000,9999.000,9999.000,9999.000,9999.000
202602230800,  -0.049,   1.138,   1.000,   0.187,   1.138,   1.000,   1.138,   1.100,   1.238
202602230806,  -0.048,9999.000,9999.000,9999.000,9999.000,9999.000,9999.000,9999.000,9999.000
202602230812,  -0.046,   1.128,9999.000,9999.000,9999.000,9999.000,9999.000,9999.000,9999.000
202602230818,  -0.043,9999.000,9999.000,9999.000,9999.000,9999.000,9999.000,9999.000,9999.000
202602230824,  -0.040,   1.138,9999.000,9999.000,9999.000,9999.000,9999.000,9999.000,9999.000
202602230830,  -0.037,9999.000,9999.000,9999.000,9999.000,9999.000,9999.000,9999.000,9999.000
202602230836,  -0.033,9999.000,9999.000,9999.000,9999.000,9999.000,9999.000,9999.000,9999.000
202602230842,  -0.029,9999.000,9999.000,9999.000,9999.000,9999.000,9999.000,9999.000,9999.000
202602230848,  -0.025,   1.200,9999.000,9999.000,9999.000,9999.000,9999.000,9999.000,9999.000
202602230854,  -0.020,   1.220,9999.000,9999.000,9999.000,9999.000,9999.000,9999.000,9999.000
202602230900,  -0.015,   1.249,   1.000,   0.264,   1.249,   1.000,   1.249,   1.100,   1.349
202602230906,  -0.009,9999.000,9999.000,9999.000,9999.000,9999.000,9999.000,9999.000,9999.000
202602230912,  -0.003,9999.000,9999.000,9999.000,9999.000,9999.000,9999.000,9999.000,9999.000
202602230918,   0.002,9999.000,9999.000,9999.000,9999.000,9999.000,9999.000,9999.000,9999.000
202602230924,   0.008,   1.239,9999.000,9999.000,9999.000,9999.000,9999.000,9999.000,9999.000
202602230930,   0.015,   1.229,9999.000,9999.000,9999.000,9999.000,9999.000,9999.000,9999.000
202602230936,   0.022,9999.000,9999.000,9999.000,9999.000,9999.000,9999.000,9999.000,9999.000
202602230942,   0.028,9999.000,9999.000,9999.000,9999.000,9999.000,9999.000,9999.000,9999.000
202602230948,   0.036,9999.000,9999.000,9999.000,9999.000,9999.000,9999.000,9999.000,9999.000
202602230954,   0.043,9999.000,9999.000,9999.000,9999.000,9999.000,9999.000,9999.000,9999.000
202602231000,   0.050,9999.000,   1.100,9999.000,   1.150,   1.000,   1.050,   1.200,   1.250
202602231006,   0.057,9999.000,9999.000,9999.000,9999.000,9999.000,9999.000,9999.000,9999.000
202602231012,   0.064,9999.000,9999.000,9999.000,9999.000,9999.000,9999.000,9999.000,9999.000
202602231018,   0.072,   1.298,9999.000,9999.000,9999.000,9999.000,9999.000,9999.000,9999.000
202602231024,   0.079,   1.298,9999.000,9999.000,9999.000,9999.000,9999.000,9999.000,9999.000
202602231030,   0.086,   1.298,9999.000,9999.000,9999.000,9999.000,9999.000,9999.000,9999.000
202602231036,   0.093,   1.328,9999.000,9999.000,9999.000,9999.000,9999.000,9999.000,9999.000
202602231042,   0.100,   1.348,9999.000,9999.000,9999.000,9999.000,9999.000,9999.000,9999.000
202602231048,   0.107,   1.361,9999.000,9999.000,9999.000,9999.000,9999.000,9999.000,9999.000
202602231054,   0.114,   1.361,9999.000,9999.000,9999.000,9999.000,9999.000,9999.000,9999.000
202602231100,   0.120,   1.361,   1.100,   0.141,   1.361,   1.000,   1.261,   1.200,   1.461
202602231106,   0.126,   1.371,9999.000,9999.000,9999.000,9999.000,9999.000,9999.000,9999.000
202602231112,   0.132,   1.380,9999.000,9999.000,9999.000,9999.000,9999.000,9999.000,9999.000
202602231118,   0.137,   1.400,9999.000,9999.000,9999.000,9999.000,9999.000,9999.000,9999.000
202602231124,   0.143,   1.430,9999.000,9999.000,9999.000,9999.000,9999.000,9999.000,9999.000
202602231130,   0.148,   1.430,9999.000,9999.000,9999.000,9999.000,9999.000,9999.000,9999.000
202602231136,   0.152,   1.439,9999.000,9999.000,9999.000,9999.000,9999.000,9999.000,9999.000
202602231142,   0.156,   1.459,9999.000,9999.000,9999.000,9999.000,9999.000,9999.000,9999.000
202602231148,   0.160,   1.469,9999.000,9999.000,9999.000,9999.000,9999.000,9999.000,9999.000
202602231154,   0.164,   1.479,9999.000,9999.000,9999.000,9999.000,9999.000,9999.000,9999.000
202602231200,   0.167,   1.489,   1.100,   0.222,   1.489,   1.000,   1.389,   1.300,   1.689
202602231206,   0.169,   1.489,9999.000,9999.000,9999.000,9999.000,9999.000,9999.000,9999.000
202602231212,   0.171,   1.479,9999.000,9999.000,9999.000,9999.000,9999.000,9999.000,9999.000
202602231218,   0.173,   1.469,9999.000,9999.000,9999.000,9999.000,9999.000,9999.000,9999.000
202602231224,   0.174,   1.469,9999.000,9999.000,9999.000,9999.000,9999.000,9999.000,9999.000
202602231230,   0.174,   1.469,9999.000,9999.000,9999.000,9999.000,9999.000,9999.000,9999.000
202602231236,   0.174,   1.439,9999.000,9999.000,9999.000,9999.000,9999.000,9999.000,9999.000
202602231242,   0.174,   1.439,9999.000,9999.000,9999.000,9999.000,9999.000,9999.000,9999.000
202602231248,   0.173,   1.459,9999.000,9999.000,9999.000,9999.000,9999.000,9999.000,9999.000
202602231254,   0.171,   1.498,9999.000,9999.000,9999.000,9999.000,9999.000,9999.000,9999.000
202602231300,   0.169,   1.498,   1.100,   0.229,   1.498,   1.000,   1.398,   1.300,   1.698
202602231306,   0.167,   1.469,9999.000,9999.000,9999.000,9999.000,9999.000,9999.000,9999.000
202602231312,   0.163,   1.449,9999.000,9999.000,9999.000,9999.000,9999.000,9999.000,9999.000
202602231318,   0.160,   1.430,9999.000,9999.000,9999.000,9999.000,9999.000,9999.000,9999.000
202602231324,   0.156,   1.390,9999.000,9999.000,9999.000,9999.000,9999.000,9999.000,9999.000
202602231330,   0.151,   1.410,9999.000,9999.000,9999.000,9999.000,9999.000,9999.000,9999.000
202602231336,   0.145,   1.420,9999.000,9999.000,9999.000,9999.000,9999.000,9999.000,9999.000
202602231342,   0.140,   1.420,9999.000,9999.000,9999.000,9999.000,9999.000,9999.000,9999.000
202602231348,   0.133,   1.410,9999.000,9999.000,9999.000,9999.000,9999.000,9999.000,9999.000
202602231354,   0.127,   1.420,9999.000,9999.000,9999.000,9999.000,9999.000,9999.000,9999.000
202602231400,   0.119,   1.420,   1.200,   0.101,   1.420,   1.000,   1.220,   1.400,   1.620
202602231406,   0.111,   1.430,9999.000,9999.000,9999.000,9999.000,9999.000,9999.000,9999.000
202602231412,   0.103,   1.420,9999.000,9999.000,9999.000,9999.000,9999.000,9999.000,9999.000
202602231418,   0.095,   1.410,9999.000,9999.000,9999.000,9999.000,9999.000,9999.000,9999.000
202602231424,   0.086,   1.420,9999.000,9999.000,9999.000,9999.000,9999.000,9999.000,9999.000
202602231430,   0.076,   1.338,9999.000,9999.000,9999.000,9999.000,9999.000,9999.000,9999.000
202602231436,   0.066,   1.371,9999.000,9999.000,9999.000,9999.000,9999.000,9999.000,9999.000
202602231442,   0.056,   1.390,9999.000,9999.000,9999.000,9999.000,9999.000,9999.000,9999.000
202602231448,   0.045,   1.380,9999.000,9999.000,9999.000,9999.000,9999.000,9999.000,9999.000
202602231454,   0.035,   1.380,9999.000,9999.000,9999.000,9999.000,9999.000,9999.000,9999.000
202602231500,   0.023,   1.400,   1.100,   0.277,   1.400,   1.000,   1.300,   1.300,   1.600
202602231506,   0.012,   1.371,9999.000,9999.000,9999.000,9999.000,9999.000,9999.000,9999.000
202602231512,   0.000,   1.328,9999.000,9999.000,9999.000,9999.000,9999.000,9999.000,9999.000
202602231518,  -0.011,   1.279,9999.000,9999.000,9999.000,9999.000,9999.000,9999.000,9999.000
202602231524,  -0.023,   1.259,9999.000,9999.000,9999.000,9999.000,9999.000,9999.000,9999.000
202602231530,  -0.035,   1.249,9999.000,9999.000,9999.000,9999.000,9999.000,9999.000,9999.000
202602231536,  -0.047,   1.289,9999.000,9999.000,9999.000,9999.000,9999.000,9999.000,9999.000
202602231542,  -0.060,   1.308,9999.000,9999.000,9999.000,9999.000,9999.000,9999.000,9999.000
202602231548,  -0.072,   1.289,9999.000,9999.000,9999.000,9999.000,9999.000,9999.000,9999.000
202602231554,  -0.085,   1.308,9999.000,9999.000,9999.000,9999.000,9999.000,9999.000,9999.000
202602231600,  -0.097,   1.279,   1.100,   0.276,   1.279,   0.900,   1.079,   1.300,   1.479
202602231606,  -0.110,   1.298,9999.000,9999.000,9999.000,9999.000,9999.000,9999.000,9999.000
202602231612,  -0.122,   1.298,9999.000,9999.000,9999.000,9999.000,9999.000,9999.000,9999.000
202602231618,  -0.135,   1.298,9999.000,9999.000,9999.000,9999.000,9999.000,9999.000,9999.000
202602231624,  -0.147,   1.308,9999.000,9999.000,9999.000,9999.000,9999.000,9999.000,9999.000
202602231630,  -0.159,   1.249,9999.000,9999.000,9999.000,9999.000,9999.000,9999.000,9999.000
202602231636,  -0.171,   1.229,9999.000,9999.000,9999.000,9999.000,9999.000,9999.000,9999.000
202602231642,  -0.183,   1.190,9999.000,9999.000,9999.000,9999.000,9999.000,9999.000,9999.000
202602231648,  -0.194,   1.170,9999.000,9999.000,9999.000,9999.000,9999.000,9999.000,9999.000
202602231654,  -0.206,   1.151,9999.000,9999.000,9999.000,9999.000,9999.000,9999.000,9999.000
202602231700,  -0.216,   1.180,   1.100,   0.296,   1.180,   0.900,   0.980,   1.300,   1.380
202602231706,  -0.227,   1.151,9999.000,9999.000,9999.000,9999.000,9999.000,9999.000,9999.000
202602231712,  -0.237,   1.138,9999.000,9999.000,9999.000,9999.000,9999.000,9999.000,9999.000
202602231718,  -0.247,   1.138,9999.000,9999.000,9999.000,9999.000,9999.000,9999.000,9999.000
202602231724,  -0.256,   1.161,9999.000,9999.000,9999.000,9999.000,9999.000,9999.000,9999.000
202602231730,  -0.265,   1.161,9999.000,9999.000,9999.000,9999.000,9999.000,9999.000,9999.000
202602231736,  -0.274,   1.138,9999.000,9999.000,9999.000,9999.000,9999.000,9999.000,9999.000
202602231742,  -0.282,   1.118,9999.000,9999.000,9999.000,9999.000,9999.000,9999.000,9999.000
202602231748,  -0.289,   1.108,9999.000,9999.000,9999.000,9999.000,9999.000,9999.000,9999.000
202602231754,  -0.296,   1.098,9999.000,9999.000,9999.000,9999.000,9999.000,9999.000,9999.000
202602231800,  -0.303,   1.079,   1.300,   0.082,   1.079,   1.100,   0.879,   1.500,   1.279
202602231806,  -0.309,   1.079,9999.000,9999.000,9999.000,9999.000,9999.000,9999.000,9999.000
202602231812,  -0.314,   1.151,9999.000,9999.000,9999.000,9999.000,9999.000,9999.000,9999.000
202602231818,  -0.319,   1.138,9999.000,9999.000,9999.000,9999.000,9999.000,9999.000,9999.000
202602231824,  -0.323,   1.151,9999.000,9999.000,9999.000,9999.000,9999.000,9999.000,9999.000
202602231830,  -0.326,   1.138,9999.000,9999.000,9999.000,9999.000,9999.000,9999.000,9999.000
202602231836,  -0.329,   1.138,9999.000,9999.000,9999.000,9999.000,9999.000,9999.000,9999.000
202602231842,  -0.331,   1.151,9999.000,9999.000,9999.000,9999.000,9999.000,9999.000,9999.000
202602231848,  -0.332,   1.151,9999.000,9999.000,9999.000,9999.000,9999.000,9999.000,9999.000
202602231854,  -0.333,   1.138,9999.000,9999.000,9999.000,9999.000,9999.000,9999.000,9999.000
202602231900,  -0.333,   1.151,   1.200,   0.284,   1.151,   1.100,   1.051,   1.500,   1.451
202602231906,  -0.332,   1.170,9999.000,9999.000,9999.000,9999.000,9999.000,9999.000,9999.000
202602231912,  -0.331,9999.000,9999.000,9999.000,9999.000,9999.000,9999.000,9999.000,9999.000
202602231918,  -0.329,   1.170,9999.000,9999.000,9999.000,9999.000,9999.000,9999.000,9999.000
202602231924,  -0.326,   1.180,9999.000,9999.000,9999.000,9999.000,9999.000,9999.000,9999.000
202602231930,  -0.323,   1.210,9999.000,9999.000,9999.000,9999.000,9999.000,9999.000,9999.000
202602231936,  -0.319,   1.229,9999.000,9999.000,9999.000,9999.000,9999.000,9999.000,9999.000
202602231942,  -0.314,   1.210,9999.000,9999.000,9999.000,9999.000,9999.000,9999.000,9999.000
202602231948,  -0.308,   1.210,9999.000,9999.000,9999.000,9999.000,9999.000,9999.000,9999.000
202602231954,  -0.302,   1.239,9999.000,9999.000,9999.000,9999.000,9999.000,9999.000,9999.000
202602232000,  -0.295,   1.229,   1.200,   0.324,   1.229,   1.100,   1.129,   1.500,   1.529
202602232006,  -0.288,9999.000,9999.000,9999.000,9999.000,9999.000,9999.000,9999.000,9999.000
202602232012,  -0.280,   1.279,9999.000,9999.000,9999.000,9999.000,9999.000,9999.000,9999.000
202602232018,  -0.271,   1.289,9999.000,9999.000,9999.000,9999.000,9999.000,9999.000,9999.000
202602232024,  -0.262,   1.259,9999.000,9999.000,9999.000,9999.000,9999.000,9999.000,9999.000
202602232030,  -0.252,   1.269,9999.000,9999.000,9999.000,9999.000,9999.000,9999.000,9999.000
202602232036,  -0.241,   1.298,9999.000,9999.000,9999.000,9999.000,9999.000,9999.000,9999.000
202602232042,  -0.230,9999.000,9999.000,9999.000,9999.000,9999.000,9999.000,9999.000,9999.000
202602232048,  -0.218,   1.328,9999.000,9999.000,9999.000,9999.000,9999.000,9999.000,9999.000
202602232054,  -0.206,9999.000,9999.000,9999.000,9999.000,9999.000,9999.000,9999.000,9999.000
202602232100,  -0.194,   1.400,   1.300,   0.294,   1.400,   1.100,   1.200,   1.600,   1.700
202602232106,  -0.181,   1.400,9999.000,9999.000,9999.000,9999.000,9999.000,9999.000,9999.000
202602232112,  -0.167,   1.400,9999.000,9999.000,9999.000,9999.000,9999.000,9999.000,9999.000
202602232118,  -0.153,   1.400,9999.000,9999.000,9999.000,9999.000,9999.000,9999.000,9999.000
202602232124,  -0.139,   1.400,9999.000,9999.000,9999.000,9999.000,9999.000,9999.000,9999.000
202602232130,  -0.124,   1.420,9999.000,9999.000,9999.000,9999.000,9999.000,9999.000,9999.000
202602232136,  -0.109,   1.449,9999.000,9999.000,9999.000,9999.000,9999.000,9999.000,9999.000
202602232142,  -0.094,   1.449,9999.000,9999.000,9999.000,9999.000,9999.000,9999.000,9999.000
202602232148,  -0.078,   1.439,9999.000,9999.000,9999.000,9999.000,9999.000,9999.000,9999.000
202602232154,  -0.062,   1.439,9999.000,9999.000,9999.000,9999.000,9999.000,9999.000,9999.000
202602232200,  -0.046,   1.439,   1.300,   0.185,   1.439,   1.100,   1.239,   1.700,   1.839
202602232206,  -0.030,   1.469,9999.000,9999.000,9999.000,9999.000,9999.000,9999.000,9999.000
202602232212,  -0.013,   1.479,9999.000,9999.000,9999.000,9999.000,9999.000,9999.000,9999.000
202602232218,   0.002,   1.459,9999.000,9999.000,9999.000,9999.000,9999.000,9999.000,9999.000
202602232224,   0.019,   1.430,9999.000,9999.000,9999.000,9999.000,9999.000,9999.000,9999.000
202602232230,   0.036,   1.469,9999.000,9999.000,9999.000,9999.000,9999.000,9999.000,9999.000
202602232236,   0.052,   1.528,9999.000,9999.000,9999.000,9999.000,9999.000,9999.000,9999.000
202602232242,   0.069,   1.548,9999.000,9999.000,9999.000,9999.000,9999.000,9999.000,9999.000
202602232248,   0.086,   1.557,9999.000,9999.000,9999.000,9999.000,9999.000,9999.000,9999.000
202602232254,   0.102,   1.580,9999.000,9999.000,9999.000,9999.000,9999.000,9999.000,9999.000
202602232300,   0.119,   1.580,   1.300,   0.161,   1.580,   1.000,   1.280,   1.600,   1.880
202602232306,   0.135,   1.590,9999.000,9999.000,9999.000,9999.000,9999.000,9999.000,9999.000
202602232312,   0.151,   1.610,9999.000,9999.000,9999.000,9999.000,9999.000,9999.000,9999.000
202602232318,   0.167,   1.620,9999.000,9999.000,9999.000,9999.000,9999.000,9999.000,9999.000
202602232324,   0.183,   1.649,9999.000,9999.000,9999.000,9999.000,9999.000,9999.000,9999.000
202602232330,   0.199,   1.679,9999.000,9999.000,9999.000,9999.000,9999.000,9999.000,9999.000
202602232336,   0.214,   1.679,9999.000,9999.000,9999.000,9999.000,9999.000,9999.000,9999.000
202602232342,   0.229,9999.000,9999.000,9999.000,9999.000,9999.000,9999.000,9999.000,9999.000
202602232348,   0.243,   1.669,9999.000,9999.000,9999.000,9999.000,9999.000,9999.000,9999.000
202602232354,   0.257,9999.000,9999.000,9999.000,9999.000,9999.000,9999.000,9999.000,9999.000
202602240000,   0.271,   1.758,   1.300,   0.187,   1.758,   1.100,   1.558,   1.400,   1.858
202602240006,   0.285,   1.758,9999.000,9999.000,9999.000,9999.000,9999.000,9999.000,9999.000
202602240012,   0.297,   1.767,9999.000,9999.000,9999.000,9999.000,9999.000,9999.000,9999.000
202602240018,   0.310,   1.767,9999.000,9999.000,9999.000,9999.000,9999.000,9999.000,9999.000
202602240024,   0.322,   1.810,9999.000,9999.000,9999.000,9999.000,9999.000,9999.000,9999.000
202602240030,   0.333,   1.840,9999.000,9999.000,9999.000,9999.000,9999.000,9999.000,9999.000
202602240036,   0.344,   1.830,9999.000,9999.000,9999.000,9999.000,9999.000,9999.000,9999.000
202602240042,   0.355,   1.859,9999.000,9999.000,9999.000,9999.000,9999.000,9999.000,9999.000
202602240048,   0.364,   1.859,9999.000,9999.000,9999.000,9999.000,9999.000,9999.000,9999.000
202602240054,   0.374,   1.869,9999.000,9999.000,9999.000,9999.000,9999.000,9999.000,9999.000
202602240100,   0.382,   1.889,   1.200,   0.307,   1.889,   1.100,   1.789,   1.400,   2.089
202602240106,   0.391,   1.928,9999.000,9999.000,9999.000,9999.000,9999.000,9999.000,9999.000
202602240112,   0.398,   1.908,9999.000,9999.000,9999.000,9999.000,9999.000,9999.000,9999.000
202602240118,   0.405,   1.899,9999.000,9999.000,9999.000,9999.000,9999.000,9999.000,9999.000
202602240124,   0.411,   1.918,9999.000,9999.000,9999.000,9999.000,9999.000,9999.000,9999.000
202602240130,   0.417,   1.928,9999.000,9999.000,9999.000,9999.000,9999.000,9999.000,9999.000
202602240136,   0.422,   1.918,9999.000,9999.000,9999.000,9999.000,9999.000,9999.000,9999.000
202602240142,   0.426,   1.859,9999.000,9999.000,9999.000,9999.000,9999.000,9999.000,9999.000
202602240148,   0.430,   1.859,9999.000,9999.000,9999.000,9999.000,9999.000,9999.000,9999.000
202602240154,   0.433,   1.869,9999.000,9999.000,9999.000,9999.000,9999.000,9999.000,9999.000
202602240200,   0.435,   1.840,   1.200,   0.205,   1.840,   1.000,   1.640,   1.400,   2.040
202602240206,   0.437,9999.000,9999.000,9999.000,9999.000,9999.000,9999.000,9999.000,9999.000
202602240212,   0.438,   1.840,9999.000,9999.000,9999.000,9999.000,9999.000,9999.000,9999.000
202602240218,   0.439,   1.810,9999.000,9999.000,9999.000,9999.000,9999.000,9999.000,9999.000
202602240224,   0.439,   1.800,9999.000,9999.000,9999.000,9999.000,9999.000,9999.000,9999.000
202602240230,   0.438,   1.830,9999.000,9999.000,9999.000,9999.000,9999.000,9999.000,9999.000
202602240236,   0.437,   1.830,9999.000,9999.000,9999.000,9999.000,9999.000,9999.000,9999.000
202602240242,   0.435,   1.830,9999.000,9999.000,9999.000,9999.000,9999.000,9999.000,9999.000
202602240248,   0.433,   1.790,9999.000,9999.000,9999.000,9999.000,9999.000,9999.000,9999.000
202602240254,   0.430,   1.810,9999.000,9999.000,9999.000,9999.000,9999.000,9999.000,9999.000
202602240300,   0.426,   1.800,   1.200,   0.174,   1.800,   1.000,   1.600,   1.400,   2.000
202602240306,   0.422,9999.000,9999.000,9999.000,9999.000,9999.000,9999.000,9999.000,9999.000
202602240312,   0.417,   1.790,9999.000,9999.000,9999.000,9999.000,9999.000,9999.000,9999.000
202602240318,   0.412,   1.781,9999.000,9999.000,9999.000,9999.000,9999.000,9999.000,9999.000
202602240324,   0.407,   1.748,9999.000,9999.000,9999.000,9999.000,9999.000,9999.000,9999.000
202602240330,   0.401,   1.748,9999.000,9999.000,9999.000,9999.000,9999.000,9999.000,9999.000
202602240336,   0.394,   1.748,9999.000,9999.000,9999.000,9999.000,9999.000,9999.000,9999.000
202602240342,   0.387,   1.738,9999.000,9999.000,9999.000,9999.000,9999.000,9999.000,9999.000
202602240348,   0.380,9999.000,9999.000,9999.000,9999.000,9999.000,9999.000,9999.000,9999.000
202602240354,   0.372,9999.000,9999.000,9999.000,9999.000,9999.000,9999.000,9999.000,9999.000
202602240400,   0.364,   1.718,   1.100,   0.254,   1.718,   0.900,   1.518,   1.400,   2.018
202602240406,   0.356,9999.000,9999.000,9999.000,9999.000,9999.000,9999.000,9999.000,9999.000
202602240412,   0.348,   1.738,9999.000,9999.000,9999.000,9999.000,9999.000,9999.000,9999.000
202602240418,   0.340,   1.679,9999.000,9999.000,9999.000,9999.000,9999.000,9999.000,9999.000
202602240424,   0.330,9999.000,9999.000,9999.000,9999.000,9999.000,9999.000,9999.000,9999.000
202602240430,   0.320,   1.689,9999.000,9999.000,9999.000,9999.000,9999.000,9999.000,9999.000
202602240436,   0.311,   1.699,9999.000,9999.000,9999.000,9999.000,9999.000,9999.000,9999.000
202602240442,   0.301,   1.689,9999.000,9999.000,9999.000,9999.000,9999.000,9999.000,9999.000
202602240448,   0.291,   1.669,9999.000,9999.000,9999.000,9999.000,9999.000,9999.000,9999.000
202602240454,   0.281,   1.659,9999.000,9999.000,9999.000,9999.000,9999.000,9999.000,9999.000
202602240500,   0.271,   1.669,   1.100,   0.298,   1.669,   0.800,   1.369,   1.300,   1.869
202602240506,   0.261,   1.649,9999.000,9999.000,9999.000,9999.000,9999.000,9999.000,9999.000
202602240512,   0.251,   1.600,9999.000,9999.000,9999.000,9999.000,9999.000,9999.000,9999.000
202602240518,   0.241,   1.620,9999.000,9999.000,9999.000,9999.000,9999.000,9999.000,9999.000
202602240524,   0.231,   1.610,9999.000,9999.000,9999.000,9999.000,9999.000,9999.000,9999.000
202602240530,   0.221,   1.600,9999.000,9999.000,9999.000,9999.000,9999.000,9999.000,9999.000
202602240536,   0.211,   1.571,9999.000,9999.000,9999.000,9999.000,9999.000,9999.000,9999.000
202602240542,   0.201,9999.000,9999.000,9999.000,9999.000,9999.000,9999.000,9999.000,9999.000
202602240548,   0.191,   1.528,9999.000,9999.000,9999.000,9999.000,9999.000,9999.000,9999.000
202602240554,   0.181,   1.518,9999.000,9999.000,9999.000,9999.000,9999.000,9999.000,9999.000
202602240600,   0.172,   1.548,   1.000,   0.376,   1.548,   0.800,   1.348,   1.200,   1.748
202602240606,   0.162,   1.489,9999.000,9999.000,9999.000,9999.000,9999.000,9999.000,9999.000
202602240612,   0.153,   1.449,9999.000,9999.000,9999.000,9999.000,9999.000,9999.000,9999.000
202602240618,   0.144,   1.439,9999.000,9999.000,9999.000,9999.000,9999.000,9999.000,9999.000
202602240624,   0.135,   1.459,9999.000,9999.000,9999.000,9999.000,9999.000,9999.000,9999.000
202602240630,   0.127,   1.430,9999.000,9999.000,9999.000,9999.000,9999.000,9999.000,9999.000
202602240636,   0.119,   1.361,9999.000,9999.000,9999.000,9999.000,9999.000,9999.000,9999.000
202602240642,   0.111,   1.348,9999.000,9999.000,9999.000,9999.000,9999.000,9999.000,9999.000
202602240648,   0.104,   1.361,9999.000,9999.000,9999.000,9999.000,9999.000,9999.000,9999.000
202602240654,   0.096,   1.328,9999.000,9999.000,9999.000,9999.000,9999.000,9999.000,9999.000
202602240700,   0.089,   1.361,   0.900,   0.372,   1.361,   0.700,   1.161,   1.200,   1.661
202602240706,   0.083,   1.318,9999.000,9999.000,9999.000,9999.000,9999.000,9999.000,9999.000
202602240712,   0.077,   1.308,9999.000,9999.000,9999.000,9999.000,9999.000,9999.000,9999.000
202602240718,   0.071,   1.298,9999.000,9999.000,9999.000,9999.000,9999.000,9999.000,9999.000
202602240724,   0.065,   1.249,9999.000,9999.000,9999.000,9999.000,9999.000,9999.000,9999.000
202602240730,   0.060,   1.269,9999.000,9999.000,9999.000,9999.000,9999.000,9999.000,9999.000
202602240736,   0.056,   1.298,9999.000,9999.000,9999.000,9999.000,9999.000,9999.000,9999.000
202602240742,   0.051,   1.279,9999.000,9999.000,9999.000,9999.000,9999.000,9999.000,9999.000
202602240748,   0.047,   1.298,9999.000,9999.000,9999.000,9999.000,9999.000,9999.000,9999.000
202602240754,   0.044,   1.229,9999.000,9999.000,9999.000,9999.000,9999.000,9999.000,9999.000
202602240800,   0.041,   1.229,   0.900,   0.288,   1.229,   0.700,   1.029,   1.200,   1.529
202602240806,   0.038,   1.239,9999.000,9999.000,9999.000,9999.000,9999.000,9999.000,9999.000
202602240812,   0.036,   1.239,9999.000,9999.000,9999.000,9999.000,9999.000,9999.000,9999.000
202602240818,   0.034,   1.269,9999.000,9999.000,9999.000,9999.000,9999.000,9999.000,9999.000
202602240824,   0.032,   1.279,9999.000,9999.000,9999.000,9999.000,9999.000,9999.000,9999.000
202602240830,   0.031,   1.249,9999.000,9999.000,9999.000,9999.000,9999.000,9999.000,9999.000
202602240836,   0.030,   1.239,9999.000,9999.000,9999.000,9999.000,9999.000,9999.000,9999.000
202602240842,   0.030,   1.239,9999.000,9999.000,9999.000,9999.000,9999.000,9999.000,9999.000
202602240848,   0.030,   1.210,9999.000,9999.000,9999.000,9999.000,9999.000,9999.000,9999.000
202602240854,   0.030,   1.229,9999.000,9999.000,9999.000,9999.000,9999.000,9999.000,9999.000
202602240900,   0.031,   1.259,   0.800,   0.428,   1.259,   0.600,   1.059,   1.100,   1.559
202602240906,   0.032,   1.249,9999.000,9999.000,9999.000,9999.000,9999.000,9999.000,9999.000
202602240912,   0.033,   1.249,9999.000,9999.000,9999.000,9999.000,9999.000,9999.000,9999.000
202602240918,   0.035,   1.210,9999.000,9999.000,9999.000,9999.000,9999.000,9999.000,9999.000
202602240924,   0.037,   1.220,9999.000,9999.000,9999.000,9999.000,9999.000,9999.000,9999.000
202602240930,   0.039,   1.210,9999.000,9999.000,9999.000,9999.000,9999.000,9999.000,9999.000
202602240936,   0.041,   1.220,9999.000,9999.000,9999.000,9999.000,9999.000,9999.000,9999.000
202602240942,   0.044,   1.210,9999.000,9999.000,9999.000,9999.000,9999.000,9999.000,9999.000
202602240948,   0.047,   1.229,9999.000,9999.000,9999.000,9999.000,9999.000,9999.000,9999.000
202602240954,   0.050,   1.239,9999.000,9999.000,9999.000,9999.000,9999.000,9999.000,9999.000
202602241000,   0.053,   1.200,   0.800,   0.347,   1.200,   0.600,   1.000,   1.000,   1.400
202602241006,   0.057,   1.180,9999.000,9999.000,9999.000,9999.000,9999.000,9999.000,9999.000
202602241012,   0.060,   1.180,9999.000,9999.000,9999.000,9999.000,9999.000,9999.000,9999.000
202602241018,   0.064,   1.180,9999.000,9999.000,9999.000,9999.000,9999.000,9999.000,9999.000
202602241024,   0.068,   1.180,9999.000,9999.000,9999.000,9999.000,9999.000,9999.000,9999.000
202602241030,   0.071,   1.200,9999.000,9999.000,9999.000,9999.000,9999.000,9999.000,9999.000
202602241036,   0.075,   1.229,9999.000,9999.000,9999.000,9999.000,9999.000,9999.000,9999.000
202602241042,   0.079,   1.200,9999.000,9999.000,9999.000,9999.000,9999.000,9999.000,9999.000
202602241048,   0.083,   1.220,9999.000,9999.000,9999.000,9999.000,9999.000,9999.000,9999.000
202602241054,   0.087,   1.200,9999.000,9999.000,9999.000,9999.000,9999.000,9999.000,9999.000
202602241100,   0.091,   1.220,   0.800,   0.329,   1.220,   0.600,   1.020,   1.000,   1.420
202602241106,   0.095,   1.161,9999.000,9999.000,9999.000,9999.000,9999.000,9999.000,9999.000
202602241112,   0.099,   1.190,9999.000,9999.000,9999.000,9999.000,9999.000,9999.000,9999.000
202602241118,   0.103,   1.239,9999.000,9999.000,9999.000,9999.000,9999.000,9999.000,9999.000
202602241124,   0.106,   1.190,9999.000,9999.000,9999.000,9999.000,9999.000,9999.000,9999.000
202602241130,   0.110,   1.220,9999.000,9999.000,9999.000,9999.000,9999.000,9999.000,9999.000
202602241136,   0.113,   1.210,9999.000,9999.000,9999.000,9999.000,9999.000,9999.000,9999.000
202602241142,   0.116,   1.220,9999.000,9999.000,9999.000,9999.000,9999.000,9999.000,9999.000
202602241148,   0.119,   1.200,9999.000,9999.000,9999.000,9999.000,9999.000,9999.000,9999.000
202602241154,   0.122,   1.170,9999.000,9999.000,9999.000,9999.000,9999.000,9999.000,9999.000
202602241200,   0.125,   1.229,   0.600,   0.504,   1.229,   0.500,   1.129,   0.900,   1.529
202602241206,   0.127,   1.170,9999.000,9999.000,9999.000,9999.000,9999.000,9999.000,9999.000
202602241212,   0.129,   1.220,9999.000,9999.000,9999.000,9999.000,9999.000,9999.000,9999.000
202602241218,   0.131,   1.151,9999.000,9999.000,9999.000,9999.000,9999.000,9999.000,9999.000
202602241224,   0.132,   1.220,9999.000,9999.000,9999.000,9999.000,9999.000,9999.000,9999.000
202602241230,   0.133,   1.200,9999.000,9999.000,9999.000,9999.000,9999.000,9999.000,9999.000
202602241236,   0.134,   1.200,9999.000,9999.000,9999.000,9999.000,9999.000,9999.000,9999.000
202602241242,   0.135,   1.180,9999.000,9999.000,9999.000,9999.000,9999.000,9999.000,9999.000
202602241248,   0.135,   1.200,9999.000,9999.000,9999.000,9999.000,9999.000,9999.000,9999.000
202602241254,   0.135,   1.170,9999.000,9999.000,9999.000,9999.000,9999.000,9999.000,9999.000
202602241300,   0.134,   1.151,   0.600,   0.417,   1.151,   0.400,   0.951,   0.900,   1.451
202602241306,   0.133,   1.200,9999.000,9999.000,9999.000,9999.000,9999.000,9999.000,9999.000
202602241312,   0.132,   1.161,9999.000,9999.000,9999.000,9999.000,9999.000,9999.000,9999.000
202602241318,   0.130,   1.161,9999.000,9999.000,9999.000,9999.000,9999.000,9999.000,9999.000
202602241324,   0.128,   1.200,9999.000,9999.000,9999.000,9999.000,9999.000,9999.000,9999.000
202602241330,   0.126,   1.180,9999.000,9999.000,9999.000,9999.000,9999.000,9999.000,9999.000
202602241336,   0.123,9999.000,9999.000,9999.000,9999.000,9999.000,9999.000,9999.000,9999.000
202602241342,   0.120,9999.000,9999.000,9999.000,9999.000,9999.000,9999.000,9999.000,9999.000
202602241348,   0.116,   1.128,9999.000,9999.000,9999.000,9999.000,9999.000,9999.000,9999.000
202602241354,   0.112,   1.170,9999.000,9999.000,9999.000,9999.000,9999.000,9999.000,9999.000
202602241400,   0.108,   1.118,   0.600,   0.410,   1.118,   0.400,   0.918,   0.800,   1.318
202602241406,   0.103,   1.108,9999.000,9999.000,9999.000,9999.000,9999.000,9999.000,9999.000
202602241412,   0.098,   1.118,9999.000,9999.000,9999.000,9999.000,9999.000,9999.000,9999.000
202602241418,   0.092,   1.098,9999.000,9999.000,9999.000,9999.000,9999.000,9999.000,9999.000
202602241424,   0.086,   1.088,9999.000,9999.000,9999.000,9999.000,9999.000,9999.000,9999.000
202602241430,   0.080,   1.069,9999.000,9999.000,9999.000,9999.000,9999.000,9999.000,9999.000
202602241436,   0.074,   1.108,9999.000,9999.000,9999.000,9999.000,9999.000,9999.000,9999.000
202602241442,   0.067,   1.118,9999.000,9999.000,9999.000,9999.000,9999.000,9999.000,9999.000
202602241448,   0.059,   1.059,9999.000,9999.000,9999.000,9999.000,9999.000,9999.000,9999.000
202602241454,   0.052,   1.088,9999.000,9999.000,9999.000,9999.000,9999.000,9999.000,9999.000
202602241500,   0.044,   1.069,   0.600,   0.425,   1.069,   0.400,   0.869,   0.800,   1.269
202602241506,   0.035,   1.079,9999.000,9999.000,9999.000,9999.000,9999.000,9999.000,9999.000
202602241512,   0.027,   1.029,9999.000,9999.000,9999.000,9999.000,9999.000,9999.000,9999.000
202602241518,   0.018,   1.049,9999.000,9999.000,9999.000,9999.000,9999.000,9999.000,9999.000
202602241524,   0.009,   1.079,9999.000,9999.000,9999.000,9999.000,9999.000,9999.000,9999.000
202602241530,   0.000,   0.990,9999.000,9999.000,9999.000,9999.000,9999.000,9999.000,9999.000
202602241536,  -0.009,   1.020,9999.000,9999.000,9999.000,9999.000,9999.000,9999.000,9999.000
202602241542,  -0.019,   0.970,9999.000,9999.000,9999.000,9999.000,9999.000,9999.000,9999.000
202602241548,  -0.029,   1.010,9999.000,9999.000,9999.000,9999.000,9999.000,9999.000,9999.000
202602241554,  -0.039,   0.980,9999.000,9999.000,9999.000,9999.000,9999.000,9999.000,9999.000
202602241600,  -0.049,   0.980,   0.600,   0.429,   0.980,   0.400,   0.780,   0.800,   1.180
202602241606,  -0.059,   1.000,9999.000,9999.000,9999.000,9999.000,9999.000,9999.000,9999.000
202602241612,  -0.069,   0.970,9999.000,9999.000,9999.000,9999.000,9999.000,9999.000,9999.000
202602241618,  -0.080,   0.951,9999.000,9999.000,9999.000,9999.000,9999.000,9999.000,9999.000
202602241624,  -0.090,   0.951,9999.000,9999.000,9999.000,9999.000,9999.000,9999.000,9999.000
202602241630,  -0.101,   0.961,9999.000,9999.000,9999.000,9999.000,9999.000,9999.000,9999.000
202602241636,  -0.111,   0.918,9999.000,9999.000,9999.000,9999.000,9999.000,9999.000,9999.000
202602241642,  -0.122,   0.928,9999.000,9999.000,9999.000,9999.000,9999.000,9999.000,9999.000
202602241648,  -0.132,   0.898,9999.000,9999.000,9999.000,9999.000,9999.000,9999.000,9999.000
202602241654,  -0.143,   0.928,9999.000,9999.000,9999.000,9999.000,9999.000,9999.000,9999.000
202602241700,  -0.153,   0.918,   0.600,   0.471,   0.918,   0.400,   0.718,   0.800,   1.118
202602241706,  -0.163,   0.908,9999.000,9999.000,9999.000,9999.000,9999.000,9999.000,9999.000
202602241712,  -0.173,   0.908,9999.000,9999.000,9999.000,9999.000,9999.000,9999.000,9999.000
202602241718,  -0.183,   0.879,9999.000,9999.000,9999.000,9999.000,9999.000,9999.000,9999.000
202602241724,  -0.192,   0.859,9999.000,9999.000,9999.000,9999.000,9999.000,9999.000,9999.000
202602241730,  -0.202,   0.819,9999.000,9999.000,9999.000,9999.000,9999.000,9999.000,9999.000
202602241736,  -0.211,   0.819,9999.000,9999.000,9999.000,9999.000,9999.000,9999.000,9999.000
202602241742,  -0.220,   0.819,9999.000,9999.000,9999.000,9999.000,9999.000,9999.000,9999.000
202602241748,  -0.228,   0.819,9999.000,9999.000,9999.000,9999.000,9999.000,9999.000,9999.000
202602241754,  -0.237,   0.800,9999.000,9999.000,9999.000,9999.000,9999.000,9999.000,9999.000
202602241800,  -0.245,   0.780,   0.400,   0.625,   0.780,   0.300,   0.680,   0.700,   1.080
202602241806,  -0.252,   0.741,9999.000,9999.000,9999.000,9999.000,9999.000,9999.000,9999.000
202602241812,  -0.260,   0.731,9999.000,9999.000,9999.000,9999.000,9999.000,9999.000,9999.000
202602241818,  -0.267,   0.731,9999.000,9999.000,9999.000,9999.000,9999.000,9999.000,9999.000
202602241824,  -0.273,   0.741,9999.000,9999.000,9999.000,9999.000,9999.000,9999.000,9999.000
202602241830,  -0.279,   0.731,9999.000,9999.000,9999.000,9999.000,9999.000,9999.000,9999.000
202602241836,  -0.285,   0.731,9999.000,9999.000,9999.000,9999.000,9999.000,9999.000,9999.000
202602241842,  -0.290,   0.708,9999.000,9999.000,9999.000,9999.000,9999.000,9999.000,9999.000
202602241848,  -0.295,   0.678,9999.000,9999.000,9999.000,9999.000,9999.000,9999.000,9999.000
202602241854,  -0.299,   0.688,9999.000,9999.000,9999.000,9999.000,9999.000,9999.000,9999.000
202602241900,  -0.303,   0.708,   0.400,   0.611,   0.708,   0.300,   0.608,   0.600,   0.908
202602241906,  -0.306,   0.669,9999.000,9999.000,9999.000,9999.000,9999.000,9999.000,9999.000
202602241912,  -0.309,   0.678,9999.000,9999.000,9999.000,9999.000,9999.000,9999.000,9999.000
202602241918,  -0.311,   0.659,9999.000,9999.000,9999.000,9999.000,9999.000,9999.000,9999.000
202602241924,  -0.313,   0.659,9999.000,9999.000,9999.000,9999.000,9999.000,9999.000,9999.000
202602241930,  -0.314,   0.669,9999.000,9999.000,9999.000,9999.000,9999.000,9999.000,9999.000
202602241936,  -0.314,   0.639,9999.000,9999.000,9999.000,9999.000,9999.000,9999.000,9999.000
202602241942,  -0.315,   0.639,9999.000,9999.000,9999.000,9999.000,9999.000,9999.000,9999.000
202602241948,  -0.314,   0.659,9999.000,9999.000,9999.000,9999.000,9999.000,9999.000,9999.000
202602241954,  -0.313,   0.629,9999.000,9999.000,9999.000,9999.000,9999.000,9999.000,9999.000
202602242000,  -0.311,   0.629,   0.400,   0.540,   0.629,   0.300,   0.529,   0.600,   0.829
202602242006,  -0.309,   0.678,9999.000,9999.000,9999.000,9999.000,9999.000,9999.000,9999.000
202602242012,  -0.306,   0.659,9999.000,9999.000,9999.000,9999.000,9999.000,9999.000,9999.000
202602242018,  -0.303,   0.678,9999.000,9999.000,9999.000,9999.000,9999.000,9999.000,9999.000
202602242024,  -0.299,   0.688,9999.000,9999.000,9999.000,9999.000,9999.000,9999.000,9999.000
202602242030,  -0.295,9999.000,9999.000,9999.000,9999.000,9999.000,9999.000,9999.000,9999.000
202602242036,  -0.290,   0.698,9999.000,9999.000,9999.000,9999.000,9999.000,9999.000,9999.000
202602242042,  -0.284,   0.718,9999.000,9999.000,9999.000,9999.000,9999.000,9999.000,9999.000
202602242048,  -0.278,   0.708,9999.000,9999.000,9999.000,9999.000,9999.000,9999.000,9999.000
202602242054,  -0.272,   0.708,9999.000,9999.000,9999.000,9999.000,9999.000,9999.000,9999.000
202602242100,  -0.265,   0.731,   0.400,   0.596,   0.731,   0.300,   0.631,   0.600,   0.931
202602242106,  -0.257,   0.751,9999.000,9999.000,9999.000,9999.000,9999.000,9999.000,9999.000
202602242112,  -0.249,   0.751,9999.000,9999.000,9999.000,9999.000,9999.000,9999.000,9999.000
202602242118,  -0.240,   0.770,9999.000,9999.000,9999.000,9999.000,9999.000,9999.000,9999.000
202602242124,  -0.231,   0.741,9999.000,9999.000,9999.000,9999.000,9999.000,9999.000,9999.000
202602242130,  -0.222,   0.760,9999.000,9999.000,9999.000,9999.000,9999.000,9999.000,9999.000
202602242136,  -0.212,   0.780,9999.000,9999.000,9999.000,9999.000,9999.000,9999.000,9999.000
202602242142,  -0.202,   0.751,9999.000,9999.000,9999.000,9999.000,9999.000,9999.000,9999.000
202602242148,  -0.191,   0.780,9999.000,9999.000,9999.000,9999.000,9999.000,9999.000,9999.000
202602242154,  -0.180,   0.790,9999.000,9999.000,9999.000,9999.000,9999.000,9999.000,9999.000
202602242200,  -0.169,   0.760,   0.400,   0.529,   0.760,   0.300,   0.660,   0.600,   0.960
202602242206,  -0.157,   0.741,9999.000,9999.000,9999.000,9999.000,9999.000,9999.000,9999.000
202602242212,  -0.145,   0.770,9999.000,9999.000,9999.000,9999.000,9999.000,9999.000,9999.000
202602242218,  -0.133,   0.760,9999.000,9999.000,9999.000,9999.000,9999.000,9999.000,9999.000
202602242224,  -0.120,   0.760,9999.000,9999.000,9999.000,9999.000,9999.000,9999.000,9999.000
202602242230,  -0.107,   0.800,9999.000,9999.000,9999.000,9999.000,9999.000,9999.000,9999.000
202602242236,  -0.094,   0.770,9999.000,9999.000,9999.000,9999.000,9999.000,9999.000,9999.000
202602242242,  -0.081,   0.790,9999.000,9999.000,9999.000,9999.000,9999.000,9999.000,9999.000
202602242248,  -0.067,   0.810,9999.000,9999.000,9999.000,9999.000,9999.000,9999.000,9999.000
202602242254,  -0.053,   0.819,9999.000,9999.000,9999.000,9999.000,9999.000,9999.000,9999.000
202602242300,  -0.040,   0.819,   0.400,   0.459,   0.819,   0.300,   0.719,   0.500,   0.919
202602242306,  -0.026,9999.000,9999.000,9999.000,9999.000,9999.000,9999.000,9999.000,9999.000
202602242312,  -0.012,   0.819,9999.000,9999.000,9999.000,9999.000,9999.000,9999.000,9999.000
202602242318,   0.001,   0.819,9999.000,9999.000,9999.000,9999.000,9999.000,9999.000,9999.000
202602242324,   0.015,   0.849,9999.000,9999.000,9999.000,9999.000,9999.000,9999.000,9999.000
202602242330,   0.030,   0.879,9999.000,9999.000,9999.000,9999.000,9999.000,9999.000,9999.000
202602242336,   0.044,   0.869,9999.000,9999.000,9999.000,9999.000,9999.000,9999.000,9999.000
202602242342,   0.058,   0.869,9999.000,9999.000,9999.000,9999.000,9999.000,9999.000,9999.000
202602242348,   0.072,   0.869,9999.000,9999.000,9999.000,9999.000,9999.000,9999.000,9999.000
202602242354,   0.086,   0.888,9999.000,9999.000,9999.000,9999.000,9999.000,9999.000,9999.000
202602250000,   0.099,   0.888,   0.400,   0.389,   0.888,   0.300,   0.788,   0.500,   0.988
202602250006,   0.113,   0.928,9999.000,9999.000,9999.000,9999.000,9999.000,9999.000,9999.000
202602250012,   0.127,   0.951,9999.000,9999.000,9999.000,9999.000,9999.000,9999.000,9999.000
202602250018,   0.140,   0.961,9999.000,9999.000,9999.000,9999.000,9999.000,9999.000,9999.000
202602250024,   0.153,   0.980,9999.000,9999.000,9999.000,9999.000,9999.000,9999.000,9999.000
202602250030,   0.166,9999.000,9999.000,9999.000,9999.000,9999.000,9999.000,9999.000,9999.000
202602250036,   0.179,   1.000,9999.000,9999.000,9999.000,9999.000,9999.000,9999.000,9999.000
202602250042,   0.191,   1.020,9999.000,9999.000,9999.000,9999.000,9999.000,9999.000,9999.000
202602250048,   0.203,   1.029,9999.000,9999.000,9999.000,9999.000,9999.000,9999.000,9999.000
202602250054,   0.215,   1.039,9999.000,9999.000,9999.000,9999.000,9999.000,9999.000,9999.000
202602250100,   0.227,   1.049,   0.400,   0.422,   1.049,   0.300,   0.949,   0.400,   1.049
202602250106,   0.238,9999.000,9999.000,9999.000,9999.000,9999.000,9999.000,9999.000,9999.000
202602250112,   0.249,   1.088,9999.000,9999.000,9999.000,9999.000,9999.000,9999.000,9999.000
202602250118,   0.259,   1.088,9999.000,9999.000,9999.000,9999.000,9999.000,9999.000,9999.000
202602250124,   0.269,   1.118,9999.000,9999.000,9999.000,9999.000,9999.000,9999.000,9999.000
202602250130,   0.279,   1.138,9999.000,9999.000,9999.000,9999.000,9999.000,9999.000,9999.000
202602250136,   0.288,   1.138,9999.000,9999.000,9999.000,9999.000,9999.000,9999.000,9999.000
202602250142,   0.297,   1.128,9999.000,9999.000,9999.000,9999.000,9999.000,9999.000,9999.000
202602250148,   0.306,   1.151,9999.000,9999.000,9999.000,9999.000,9999.000,9999.000,9999.000
202602250154,   0.314,   1.151,9999.000,9999.000,9999.000,9999.000,9999.000,9999.000,9999.000
202602250200,   0.321,   1.151,   0.300,   0.530,   1.151,   0.200,   1.051,   0.400,   1.251
202602250206,   0.328,   1.180,9999.000,9999.000,9999.000,9999.000,9999.000,9999.000,9999.000
202602250212,   0.335,   1.180,9999.000,9999.000,9999.000,9999.000,9999.000,9999.000,9999.000
202602250218,   0.341,   1.180,9999.000,9999.000,9999.000,9999.000,9999.000,9999.000,9999.000
202602250224,   0.347,   1.170,9999.000,9999.000,9999.000,9999.000,9999.000,9999.000,9999.000
202602250230,   0.352,   1.210,9999.000,9999.000,9999.000,9999.000,9999.000,9999.000,9999.000
202602250236,   0.357,   1.200,9999.000,9999.000,9999.000,9999.000,9999.000,9999.000,9999.000
202602250242,   0.361,   1.190,9999.000,9999.000,9999.000,9999.000,9999.000,9999.000,9999.000
202602250248,   0.365,   1.190,9999.000,9999.000,9999.000,9999.000,9999.000,9999.000,9999.000
202602250254,   0.368,   1.180,9999.000,9999.000,9999.000,9999.000,9999.000,9999.000,9999.000
202602250300,   0.371,   1.170,   0.300,   0.499,   1.170,   0.300,   1.170,   0.400,   1.270
202602250306,   0.374,   1.180,9999.000,9999.000,9999.000,9999.000,9999.000,9999.000,9999.000
202602250312,   0.376,   1.180,9999.000,9999.000,9999.000,9999.000,9999.000,9999.000,9999.000
202602250318,   0.377,   1.200,9999.000,9999.000,9999.000,9999.000,9999.000,9999.000,9999.000
202602250324,   0.378,   1.200,9999.000,9999.000,9999.000,9999.000,9999.000,9999.000,9999.000
202602250330,   0.379,   1.190,9999.000,9999.000,9999.000,9999.000,9999.000,9999.000,9999.000
202602250336,   0.379,   1.200,9999.000,9999.000,9999.000,9999.000,9999.000,9999.000,9999.000
202602250342,   0.378,   1.190,9999.000,9999.000,9999.000,9999.000,9999.000,9999.000,9999.000
202602250348,   0.377,   1.170,9999.000,9999.000,9999.000,9999.000,9999.000,9999.000,9999.000
202602250354,   0.376,   1.161,9999.000,9999.000,9999.000,9999.000,9999.000,9999.000,9999.000
202602250400,   0.375,   1.151,   0.300,   0.476,   1.151,   0.300,   1.151,   0.400,   1.251
202602250406,   0.373,   1.138,9999.000,9999.000,9999.000,9999.000,9999.000,9999.000,9999.000
202602250412,   0.370,9999.000,9999.000,9999.000,9999.000,9999.000,9999.000,9999.000,9999.000
202602250418,   0.367,   1.128,9999.000,9999.000,9999.000,9999.000,9999.000,9999.000,9999.000
202602250424,   0.364,   1.128,9999.000,9999.000,9999.000,9999.000,9999.000,9999.000,9999.000
202602250430,   0.361,   1.128,9999.000,9999.000,9999.000,9999.000,9999.000,9999.000,9999.000
202602250436,   0.357,   1.128,9999.000,9999.000,9999.000,9999.000,9999.000,9999.000,9999.000
202602250442,   0.353,   1.128,9999.000,9999.000,9999.000,9999.000,9999.000,9999.000,9999.000
202602250448,   0.349,   1.108,9999.000,9999.000,9999.000,9999.000,9999.000,9999.000,9999.000
202602250454,   0.344,   1.118,9999.000,9999.000,9999.000,9999.000,9999.000,9999.000,9999.000
202602250500,   0.340,   1.138,   0.300,   0.498,   1.138,   0.300,   1.138,   0.400,   1.238
202602250506,   0.334,9999.000,9999.000,9999.000,9999.000,9999.000,9999.000,9999.000,9999.000
202602250512,   0.328,   1.098,9999.000,9999.000,9999.000,9999.000,9999.000,9999.000,9999.000
202602250518,   0.323,9999.000,9999.000,9999.000,9999.000,9999.000,9999.000,9999.000,9999.000
202602250524,   0.317,   1.118,9999.000,9999.000,9999.000,9999.000,9999.000,9999.000,9999.000
202602250530,   0.311,   1.098,9999.000,9999.000,9999.000,9999.000,9999.000,9999.000,9999.000
202602250536,   0.304,   1.118,9999.000,9999.000,9999.000,9999.000,9999.000,9999.000,9999.000
202602250542,   0.298,   1.108,9999.000,9999.000,9999.000,9999.000,9999.000,9999.000,9999.000
202602250548,   0.292,   1.088,9999.000,9999.000,9999.000,9999.000,9999.000,9999.000,9999.000
202602250554,   0.285,   1.098,9999.000,9999.000,9999.000,9999.000,9999.000,9999.000,9999.000
202602250600,   0.278,   1.079,   0.300,   0.501,   1.079,   0.300,   1.079,   0.400,   1.179
202602250606,   0.272,   1.069,9999.000,9999.000,9999.000,9999.000,9999.000,9999.000,9999.000
202602250612,   0.265,   1.049,9999.000,9999.000,9999.000,9999.000,9999.000,9999.000,9999.000
202602250618,   0.258,   1.059,9999.000,9999.000,9999.000,9999.000,9999.000,9999.000,9999.000
202602250624,   0.251,   1.059,9999.000,9999.000,9999.000,9999.000,9999.000,9999.000,9999.000
202602250630,   0.244,   1.059,9999.000,9999.000,9999.000,9999.000,9999.000,9999.000,9999.000
202602250636,   0.238,   1.020,9999.000,9999.000,9999.000,9999.000,9999.000,9999.000,9999.000
202602250642,   0.231,   1.010,9999.000,9999.000,9999.000,9999.000,9999.000,9999.000,9999.000
202602250648,   0.224,   1.010,9999.000,9999.000,9999.000,9999.000,9999.000,9999.000,9999.000
202602250654,   0.217,   0.980,9999.000,9999.000,9999.000,9999.000,9999.000,9999.000,9999.000
202602250700,   0.211,   1.000,   0.300,   0.489,   1.000,   0.200,   0.900,   0.400,   1.100
202602250706,   0.204,   0.990,9999.000,9999.000,9999.000,9999.000,9999.000,9999.000,9999.000
202602250712,   0.198,   0.990,9999.000,9999.000,9999.000,9999.000,9999.000,9999.000,9999.000
202602250718,   0.191,   0.970,9999.000,9999.000,9999.000,9999.000,9999.000,9999.000,9999.000
202602250724,   0.185,   0.980,9999.000,9999.000,9999.000,9999.000,9999.000,9999.000,9999.000
202602250730,   0.179,   0.961,9999.000,9999.000,9999.000,9999.000,9999.000,9999.000,9999.000
202602250736,   0.173,   0.908,9999.000,9999.000,9999.000,9999.000,9999.000,9999.000,9999.000
202602250742,   0.168,   0.898,9999.000,9999.000,9999.000,9999.000,9999.000,9999.000,9999.000
202602250748,   0.162,   0.908,9999.000,9999.000,9999.000,9999.000,9999.000,9999.000,9999.000
202602250754,   0.157,   0.888,9999.000,9999.000,9999.000,9999.000,9999.000,9999.000,9999.000
202602250800,   0.151,   0.869,   0.300,   0.418,   0.869,   0.200,   0.769,   0.400,   0.969
202602250806,   0.147,   0.869,9999.000,9999.000,9999.000,9999.000,9999.000,9999.000,9999.000
202602250812,   0.142,   0.849,9999.000,9999.000,9999.000,9999.000,9999.000,9999.000,9999.000
202602250818,   0.137,   0.810,9999.000,9999.000,9999.000,9999.000,9999.000,9999.000,9999.000
202602250824,   0.133,   0.810,9999.000,9999.000,9999.000,9999.000,9999.000,9999.000,9999.000
202602250830,   0.129,   0.810,9999.000,9999.000,9999.000,9999.000,9999.000,9999.000,9999.000
202602250836,   0.125,   0.810,9999.000,9999.000,9999.000,9999.000,9999.000,9999.000,9999.000
202602250842,   0.121,   0.819,9999.000,9999.000,9999.000,9999.000,9999.000,9999.000,9999.000
202602250848,   0.118,   0.790,9999.000,9999.000,9999.000,9999.000,9999.000,9999.000,9999.000
202602250854,   0.114,   0.770,9999.000,9999.000,9999.000,9999.000,9999.000,9999.000,9999.000
202602250900,   0.111,   0.800,   0.200,   0.489,   0.800,   0.200,   0.800,   0.300,   0.900
202602250906,   0.109,   0.800,9999.000,9999.000,9999.000,9999.000,9999.000,9999.000,9999.000
202602250912,   0.106,   0.780,9999.000,9999.000,9999.000,9999.000,9999.000,9999.000,9999.000
202602250918,   0.104,   0.790,9999.000,9999.000,9999.000,9999.000,9999.000,9999.000,9999.000
202602250924,   0.102,   0.819,9999.000,9999.000,9999.000,9999.000,9999.000,9999.000,9999.000
202602250930,   0.100,   0.800,9999.000,9999.000,9999.000,9999.000,9999.000,9999.000,9999.000
202602250936,   0.098,   0.800,9999.000,9999.000,9999.000,9999.000,9999.000,9999.000,9999.000
202602250942,   0.097,   0.800,9999.000,9999.000,9999.000,9999.000,9999.000,9999.000,9999.000
202602250948,   0.096,   0.790,9999.000,9999.000,9999.000,9999.000,9999.000,9999.000,9999.000
202602250954,   0.095,   0.770,9999.000,9999.000,9999.000,9999.000,9999.000,9999.000,9999.000
202602251000,   0.094,   0.760,   0.200,   0.466,   0.760,   0.100,   0.660,   0.200,   0.760
202602251006,   0.093,   0.741,9999.000,9999.000,9999.000,9999.000,9999.000,9999.000,9999.000
202602251012,   0.093,   0.741,9999.000,9999.000,9999.000,9999.000,9999.000,9999.000,9999.000
202602251018,   0.092,   0.741,9999.000,9999.000,9999.000,9999.000,9999.000,9999.000,9999.000
202602251024,   0.092,   0.688,9999.000,9999.000,9999.000,9999.000,9999.000,9999.000,9999.000
202602251030,   0.092,9999.000,9999.000,9999.000,9999.000,9999.000,9999.000,9999.000,9999.000
202602251036,   0.092,   0.708,9999.000,9999.000,9999.000,9999.000,9999.000,9999.000,9999.000
202602251042,   0.093,9999.000,9999.000,9999.000,9999.000,9999.000,9999.000,9999.000,9999.000
202602251048,   0.093,   0.718,9999.000,9999.000,9999.000,9999.000,9999.000,9999.000,9999.000
202602251054,   0.094,   0.698,9999.000,9999.000,9999.000,9999.000,9999.000,9999.000,9999.000
202602251100,   0.094,   0.688,   0.200,   0.394,   0.688,   0.100,   0.588,   0.200,   0.688
202602251106,   0.095,   0.688,9999.000,9999.000,9999.000,9999.000,9999.000,9999.000,9999.000
202602251112,   0.096,   0.688,9999.000,9999.000,9999.000,9999.000,9999.000,9999.000,9999.000
202602251118,   0.096,   0.698,9999.000,9999.000,9999.000,9999.000,9999.000,9999.000,9999.000
202602251124,   0.097,   0.708,9999.000,9999.000,9999.000,9999.000,9999.000,9999.000,9999.000
202602251130,   0.098,   0.698,9999.000,9999.000,9999.000,9999.000,9999.000,9999.000,9999.000
202602251136,   0.099,   0.659,9999.000,9999.000,9999.000,9999.000,9999.000,9999.000,9999.000
202602251142,   0.100,   0.669,9999.000,9999.000,9999.000,9999.000,9999.000,9999.000,9999.000
202602251148,   0.101,   0.688,9999.000,9999.000,9999.000,9999.000,9999.000,9999.000,9999.000
202602251154,   0.102,   0.688,9999.000,9999.000,9999.000,9999.000,9999.000,9999.000,9999.000
202602251200,   0.102,   0.659,   0.200,   0.357,   0.659,   0.100,   0.559,   0.200,   0.659
202602251206,   0.103,   0.649,9999.000,9999.000,9999.000,9999.000,9999.000,9999.000,9999.000
202602251212,   0.104,   0.649,9999.000,9999.000,9999.000,9999.000,9999.000,9999.000,9999.000
202602251218,   0.105,   0.649,9999.000,9999.000,9999.000,9999.000,9999.000,9999.000,9999.000
202602251224,   0.105,   0.629,9999.000,9999.000,9999.000,9999.000,9999.000,9999.000,9999.000
202602251230,   0.106,   0.629,9999.000,9999.000,9999.000,9999.000,9999.000,9999.000,9999.000
202602251236,   0.106,   0.629,9999.000,9999.000,9999.000,9999.000,9999.000,9999.000,9999.000
202602251242,   0.106,   0.649,9999.000,9999.000,9999.000,9999.000,9999.000,9999.000,9999.000
202602251248,   0.106,   0.669,9999.000,9999.000,9999.000,9999.000,9999.000,9999.000,9999.000
202602251254,   0.106,   0.649,9999.000,9999.000,9999.000,9999.000,9999.000,9999.000,9999.000
202602251300,   0.106,   0.649,   0.100,   0.443,   0.649,   0.100,   0.649,   0.200,   0.749
202602251306,   0.106,   0.669,9999.000,9999.000,9999.000,9999.000,9999.000,9999.000,9999.000
202602251312,   0.105,   0.659,9999.000,9999.000,9999.000,9999.000,9999.000,9999.000,9999.000
202602251318,   0.104,   0.629,9999.000,9999.000,9999.000,9999.000,9999.000,9999.000,9999.000
202602251324,   0.103,   0.619,9999.000,9999.000,9999.000,9999.000,9999.000,9999.000,9999.000
202602251330,   0.102,   0.649,9999.000,9999.000,9999.000,9999.000,9999.000,9999.000,9999.000
202602251336,   0.101,   0.639,9999.000,9999.000,9999.000,9999.000,9999.000,9999.000,9999.000
202602251342,   0.099,   0.649,9999.000,9999.000,9999.000,9999.000,9999.000,9999.000,9999.000
202602251348,   0.097,   0.629,9999.000,9999.000,9999.000,9999.000,9999.000,9999.000,9999.000
202602251354,   0.095,   0.610,9999.000,9999.000,9999.000,9999.000,9999.000,9999.000,9999.000
202602251400,   0.093,   0.619,   0.100,   0.426,   0.619,   0.000,   0.519,   0.100,   0.619
202602251406,   0.091,   0.619,9999.000,9999.000,9999.000,9999.000,9999.000,9999.000,9999.000
202602251412,   0.088,   0.619,9999.000,9999.000,9999.000,9999.000,9999.000,9999.000,9999.000
202602251418,   0.085,   0.590,9999.000,9999.000,9999.000,9999.000,9999.000,9999.000,9999.000
202602251424,   0.082,   0.590,9999.000,9999.000,9999.000,9999.000,9999.000,9999.000,9999.000
202602251430,   0.078,   0.570,9999.000,9999.000,9999.000,9999.000,9999.000,9999.000,9999.000
202602251436,   0.075,   0.570,9999.000,9999.000,9999.000,9999.000,9999.000,9999.000,9999.000
202602251442,   0.071,   0.580,9999.000,9999.000,9999.000,9999.000,9999.000,9999.000,9999.000
202602251448,   0.067,   0.600,9999.000,9999.000,9999.000,9999.000,9999.000,9999.000,9999.000
202602251454,   0.062,   0.590,9999.000,9999.000,9999.000,9999.000,9999.000,9999.000,9999.000
202602251500,   0.057,   0.619,   0.000,   0.562,   0.619,   0.000,   0.619,   0.000,   0.619
202602251506,   0.052,   0.619,9999.000,9999.000,9999.000,9999.000,9999.000,9999.000,9999.000
202602251512,   0.047,   0.590,9999.000,9999.000,9999.000,9999.000,9999.000,9999.000,9999.000
202602251518,   0.042,   0.560,9999.000,9999.000,9999.000,9999.000,9999.000,9999.000,9999.000
202602251524,   0.036,   0.560,9999.000,9999.000,9999.000,9999.000,9999.000,9999.000,9999.000
202602251530,   0.031,   0.560,9999.000,9999.000,9999.000,9999.000,9999.000,9999.000,9999.000
202602251536,   0.025,   0.551,9999.000,9999.000,9999.000,9999.000,9999.000,9999.000,9999.000
202602251542,   0.018,   0.560,9999.000,9999.000,9999.000,9999.000,9999.000,9999.000,9999.000
202602251548,   0.012,   0.560,9999.000,9999.000,9999.000,9999.000,9999.000,9999.000,9999.000
202602251554,   0.005,   0.560,9999.000,9999.000,9999.000,9999.000,9999.000,9999.000,9999.000
202602251600,  -0.001,   0.541,   0.000,   0.542,   0.541,   0.000,   0.541,   0.000,   0.541
202602251606,  -0.008,   0.551,9999.000,9999.000,9999.000,9999.000,9999.000,9999.000,9999.000
202602251612,  -0.015,   0.518,9999.000,9999.000,9999.000,9999.000,9999.000,9999.000,9999.000
202602251618,  -0.022,   0.508,9999.000,9999.000,9999.000,9999.000,9999.000,9999.000,9999.000
202602251624,  -0.029,   0.488,9999.000,9999.000,9999.000,9999.000,9999.000,9999.000,9999.000
202602251630,  -0.037,   0.478,9999.000,9999.000,9999.000,9999.000,9999.000,9999.000,9999.000
202602251636,  -0.045,   0.488,9999.000,9999.000,9999.000,9999.000,9999.000,9999.000,9999.000
202602251642,  -0.052,9999.000,9999.000,9999.000,9999.000,9999.000,9999.000,9999.000,9999.000
202602251648,  -0.060,   0.449,9999.000,9999.000,9999.000,9999.000,9999.000,9999.000,9999.000
202602251654,  -0.068,   0.429,9999.000,9999.000,9999.000,9999.000,9999.000,9999.000,9999.000
202602251700,  -0.076,   0.409,   0.000,   0.485,   0.409,  -0.100,   0.309,   0.000,   0.409
202602251706,  -0.084,   0.409,9999.000,9999.000,9999.000,9999.000,9999.000,9999.000,9999.000
202602251712,  -0.092,   0.439,9999.000,9999.000,9999.000,9999.000,9999.000,9999.000,9999.000
202602251718,  -0.100,   0.449,9999.000,9999.000,9999.000,9999.000,9999.000,9999.000,9999.000
202602251724,  -0.108,   0.409,9999.000,9999.000,9999.000,9999.000,9999.000,9999.000,9999.000
202602251730,  -0.116,   0.380,9999.000,9999.000,9999.000,9999.000,9999.000,9999.000,9999.000
202602251736,  -0.124,   0.370,9999.000,9999.000,9999.000,9999.000,9999.000,9999.000,9999.000
202602251742,  -0.132,   0.360,9999.000,9999.000,9999.000,9999.000,9999.000,9999.000,9999.000
202602251748,  -0.140,   0.350,9999.000,9999.000,9999.000,9999.000,9999.000,9999.000,9999.000
202602251754,  -0.148,   0.350,9999.000,9999.000,9999.000,9999.000,9999.000,9999.000,9999.000
202602251800,  -0.155,   0.360,   0.000,   0.515,   0.360,   0.000,   0.360,   0.000,   0.360
202602251806,  -0.163,   0.360,9999.000,9999.000,9999.000,9999.000,9999.000,9999.000,9999.000
202602251812,  -0.170,   0.360,9999.000,9999.000,9999.000,9999.000,9999.000,9999.000,9999.000
202602251818,  -0.178,   0.350,9999.000,9999.000,9999.000,9999.000,9999.000,9999.000,9999.000
202602251824,  -0.185,   0.331,9999.000,9999.000,9999.000,9999.000,9999.000,9999.000,9999.000
202602251830,  -0.192,   0.308,9999.000,9999.000,9999.000,9999.000,9999.000,9999.000,9999.000
202602251836,  -0.199,   0.331,9999.000,9999.000,9999.000,9999.000,9999.000,9999.000,9999.000
202602251842,  -0.205,   0.298,9999.000,9999.000,9999.000,9999.000,9999.000,9999.000,9999.000
202602251848,  -0.212,   0.278,9999.000,9999.000,9999.000,9999.000,9999.000,9999.000,9999.000
202602251854,  -0.218,   0.268,9999.000,9999.000,9999.000,9999.000,9999.000,9999.000,9999.000
202602251900,  -0.224,   0.268,  -0.100,   0.592,   0.268,  -0.100,   0.268,   0.000,   0.368
202602251906,  -0.229,   0.268,9999.000,9999.000,9999.000,9999.000,9999.000,9999.000,9999.000
202602251912,  -0.235,   0.259,9999.000,9999.000,9999.000,9999.000,9999.000,9999.000,9999.000
202602251918,  -0.240,   0.259,9999.000,9999.000,9999.000,9999.000,9999.000,9999.000,9999.000
202602251924,  -0.244,   0.249,9999.000,9999.000,9999.000,9999.000,9999.000,9999.000,9999.000
202602251930,  -0.249,   0.229,9999.000,9999.000,9999.000,9999.000,9999.000,9999.000,9999.000
202602251936,  -0.253,   0.209,9999.000,9999.000,9999.000,9999.000,9999.000,9999.000,9999.000
202602251942,  -0.257,   0.229,9999.000,9999.000,9999.000,9999.000,9999.000,9999.000,9999.000
202602251948,  -0.260,   0.249,9999.000,9999.000,9999.000,9999.000,9999.000,9999.000,9999.000
202602251954,  -0.263,   0.229,9999.000,9999.000,9999.000,9999.000,9999.000,9999.000,9999.000
202602252000,  -0.266,   0.200,  -0.100,   0.566,   0.200,  -0.200,   0.100,  -0.100,   0.200
202602252006,  -0.269,   0.200,9999.000,9999.000,9999.000,9999.000,9999.000,9999.000,9999.000
202602252012,  -0.271,   0.190,9999.000,9999.000,9999.000,9999.000,9999.000,9999.000,9999.000
202602252018,  -0.272,   0.190,9999.000,9999.000,9999.000,9999.000,9999.000,9999.000,9999.000
202602252024,  -0.273,   0.190,9999.000,9999.000,9999.000,9999.000,9999.000,9999.000,9999.000
202602252030,  -0.274,   0.200,9999.000,9999.000,9999.000,9999.000,9999.000,9999.000,9999.000
202602252036,  -0.275,   0.190,9999.000,9999.000,9999.000,9999.000,9999.000,9999.000,9999.000
202602252042,  -0.275,   0.170,9999.000,9999.000,9999.000,9999.000,9999.000,9999.000,9999.000
202602252048,  -0.274,   0.150,9999.000,9999.000,9999.000,9999.000,9999.000,9999.000,9999.000
202602252054,  -0.274,   0.160,9999.000,9999.000,9999.000,9999.000,9999.000,9999.000,9999.000
202602252100,  -0.272,   0.170,  -0.200,   0.642,   0.170,  -0.200,   0.170,  -0.100,   0.270
202602252106,  -0.271,9999.000,9999.000,9999.000,9999.000,9999.000,9999.000,9999.000,9999.000
202602252112,  -0.269,9999.000,9999.000,9999.000,9999.000,9999.000,9999.000,9999.000,9999.000
202602252118,  -0.266,   0.160,9999.000,9999.000,9999.000,9999.000,9999.000,9999.000,9999.000
202602252124,  -0.263,   0.131,9999.000,9999.000,9999.000,9999.000,9999.000,9999.000,9999.000
202602252130,  -0.260,   0.131,9999.000,9999.000,9999.000,9999.000,9999.000,9999.000,9999.000
202602252136,  -0.257,   0.141,9999.000,9999.000,9999.000,9999.000,9999.000,9999.000,9999.000
202602252142,  -0.253,   0.160,9999.000,9999.000,9999.000,9999.000,9999.000,9999.000,9999.000
202602252148,  -0.248,   0.170,9999.000,9999.000,9999.000,9999.000,9999.000,9999.000,9999.000
202602252154,  -0.243,   0.150,9999.000,9999.000,9999.000,9999.000,9999.000,9999.000,9999.000
202602252200,  -0.238,   0.131,  -0.200,   0.569,   0.131,  -0.300,   0.031,  -0.200,   0.131
202602252206,  -0.232,   0.131,9999.000,9999.000,9999.000,9999.000,9999.000,9999.000,9999.000
202602252212,  -0.226,   0.150,9999.000,9999.000,9999.000,9999.000,9999.000,9999.000,9999.000
202602252218,  -0.220,   0.170,9999.000,9999.000,9999.000,9999.000,9999.000,9999.000,9999.000
202602252224,  -0.213,   0.170,9999.000,9999.000,9999.000,9999.000,9999.000,9999.000,9999.000
202602252230,  -0.206,   0.160,9999.000,9999.000,9999.000,9999.000,9999.000,9999.000,9999.000
202602252236,  -0.199,   0.160,9999.000,9999.000,9999.000,9999.000,9999.000,9999.000,9999.000
202602252242,  -0.191,   0.170,9999.000,9999.000,9999.000,9999.000,9999.000,9999.000,9999.000
202602252248,  -0.183,   0.150,9999.000,9999.000,9999.000,9999.000,9999.000,9999.000,9999.000
202602252254,  -0.175,   0.170,9999.000,9999.000,9999.000,9999.000,9999.000,9999.000,9999.000
202602252300,  -0.166,   0.200,  -0.300,   0.666,   0.200,  -0.300,   0.200,  -0.200,   0.300
202602252306,  -0.158,   0.180,9999.000,9999.000,9999.000,9999.000,9999.000,9999.000,9999.000
202602252312,  -0.148,   0.180,9999.000,9999.000,9999.000,9999.000,9999.000,9999.000,9999.000
202602252318,  -0.139,   0.209,9999.000,9999.000,9999.000,9999.000,9999.000,9999.000,9999.000
202602252324,  -0.129,   0.209,9999.000,9999.000,9999.000,9999.000,9999.000,9999.000,9999.000
202602252330,  -0.120,   0.190,9999.000,9999.000,9999.000,9999.000,9999.000,9999.000,9999.000
202602252336,  -0.109,   0.160,9999.000,9999.000,9999.000,9999.000,9999.000,9999.000,9999.000
202602252342,  -0.099,   0.190,9999.000,9999.000,9999.000,9999.000,9999.000,9999.000,9999.000
202602252348,  -0.089,   0.209,9999.000,9999.000,9999.000,9999.000,9999.000,9999.000,9999.000
202602252354,  -0.078,   0.239,9999.000,9999.000,9999.000,9999.000,9999.000,9999.000,9999.000
202602260000,  -0.067,   0.239,  -0.300,   0.606,   0.239,  -0.300,   0.239,  -0.200,   0.339
202602260006,  -0.057,   0.200,9999.000,9999.000,9999.000,9999.000,9999.000,9999.000,9999.000
202602260012,  -0.046,   0.190,9999.000,9999.000,9999.000,9999.000,9999.000,9999.000,9999.000
202602260018,  -0.035,   0.239,9999.000,9999.000,9999.000,9999.000,9999.000,9999.000,9999.000
202602260024,  -0.023,   0.259,9999.000,9999.000,9999.000,9999.000,9999.000,9999.000,9999.000
202602260030,  -0.012,   0.249,9999.000,9999.000,9999.000,9999.000,9999.000,9999.000,9999.000
202602260036,  -0.001,   0.268,9999.000,9999.000,9999.000,9999.000,9999.000,9999.000,9999.000
202602260042,   0.009,   0.278,9999.000,9999.000,9999.000,9999.000,9999.000,9999.000,9999.000
202602260048,   0.021,   0.288,9999.000,9999.000,9999.000,9999.000,9999.000,9999.000,9999.000
202602260054,   0.032,   0.268,9999.000,9999.000,9999.000,9999.000,9999.000,9999.000,9999.000
202602260100,   0.043,   0.278,  -0.300,   0.535,   0.278,  -0.400,   0.178,  -0.300,   0.278
202602260106,   0.055,9999.000,9999.000,9999.000,9999.000,9999.000,9999.000,9999.000,9999.000
202602260112,   0.066,   0.298,9999.000,9999.000,9999.000,9999.000,9999.000,9999.000,9999.000
202602260118,   0.077,   0.331,9999.000,9999.000,9999.000,9999.000,9999.000,9999.000,9999.000
202602260124,   0.088,   0.360,9999.000,9999.000,9999.000,9999.000,9999.000,9999.000,9999.000
202602260130,   0.099,   0.350,9999.000,9999.000,9999.000,9999.000,9999.000,9999.000,9999.000
202602260136,   0.110,9999.000,9999.000,9999.000,9999.000,9999.000,9999.000,9999.000,9999.000
202602260142,   0.121,   0.308,9999.000,9999.000,9999.000,9999.000,9999.000,9999.000,9999.000
202602260148,   0.131,   0.321,9999.000,9999.000,9999.000,9999.000,9999.000,9999.000,9999.000
202602260154,   0.142,   0.350,9999.000,9999.000,9999.000,9999.000,9999.000,9999.000,9999.000
202602260200,   0.152,   0.350,  -0.400,   0.598,   0.350,  -0.400,   0.350,  -0.300,   0.450
202602260206,   0.162,   0.360,9999.000,9999.000,9999.000,9999.000,9999.000,9999.000,9999.000
202602260212,   0.172,   0.370,9999.000,9999.000,9999.000,9999.000,9999.000,9999.000,9999.000
202602260218,   0.181,   0.360,9999.000,9999.000,9999.000,9999.000,9999.000,9999.000,9999.000
202602260224,   0.191,   0.370,9999.000,9999.000,9999.000,9999.000,9999.000,9999.000,9999.000
202602260230,   0.200,   0.390,9999.000,9999.000,9999.000,9999.000,9999.000,9999.000,9999.000
202602260236,   0.209,   0.419,9999.000,9999.000,9999.000,9999.000,9999.000,9999.000,9999.000
202602260242,   0.218,   0.409,9999.000,9999.000,9999.000,9999.000,9999.000,9999.000,9999.000
202602260248,   0.226,   0.409,9999.000,9999.000,9999.000,9999.000,9999.000,9999.000,9999.000
202602260254,   0.234,   0.409,9999.000,9999.000,9999.000,9999.000,9999.000,9999.000,9999.000
202602260300,   0.242,   0.419,  -0.400,   0.577,   0.419,  -0.400,   0.419,  -0.300,   0.519
202602260306,   0.250,   0.449,9999.000,9999.000,9999.000,9999.000,9999.000,9999.000,9999.000
202602260312,   0.257,   0.459,9999.000,9999.000,9999.000,9999.000,9999.000,9999.000,9999.000
202602260318,   0.264,   0.488,9999.000,9999.000,9999.000,9999.000,9999.000,9999.000,9999.000
202602260324,   0.271,   0.498,9999.000,9999.000,9999.000,9999.000,9999.000,9999.000,9999.000
202602260330,   0.277,   0.518,9999.000,9999.000,9999.000,9999.000,9999.000,9999.000,9999.000
202602260336,   0.283,   0.469,9999.000,9999.000,9999.000,9999.000,9999.000,9999.000,9999.000
202602260342,   0.289,   0.469,9999.000,9999.000,9999.000,9999.000,9999.000,9999.000,9999.000
202602260348,   0.294,   0.488,9999.000,9999.000,9999.000,9999.000,9999.000,9999.000,9999.000
202602260354,   0.299,   0.498,9999.000,9999.000,9999.000,9999.000,9999.000,9999.000,9999.000
202602260400,   0.304,   0.541,  -0.400,   0.637,   0.541,  -0.400,   0.541,  -0.400,   0.541
202602260406,   0.308,   0.531,9999.000,9999.000,9999.000,9999.000,9999.000,9999.000,9999.000
202602260412,   0.312,   0.518,9999.000,9999.000,9999.000,9999.000,9999.000,9999.000,9999.000
202602260418,   0.316,   0.498,9999.000,9999.000,9999.000,9999.000,9999.000,9999.000,9999.000
202602260424,   0.319,   0.508,9999.000,9999.000,9999.000,9999.000,9999.000,9999.000,9999.000
202602260430,   0.322,   0.531,9999.000,9999.000,9999.000,9999.000,9999.000,9999.000,9999.000
202602260436,   0.324,   0.551,9999.000,9999.000,9999.000,9999.000,9999.000,9999.000,9999.000
202602260442,   0.327,   0.531,9999.000,9999.000,9999.000,9999.000,9999.000,9999.000,9999.000
202602260448,   0.329,9999.000,9999.000,9999.000,9999.000,9999.000,9999.000,9999.000,9999.000
202602260454,   0.330,   0.531,9999.000,9999.000,9999.000,9999.000,9999.000,9999.000,9999.000
202602260500,   0.331,   0.551,  -0.400,   0.620,   0.551,  -0.400,   0.551,  -0.400,   0.551
202602260506,   0.332,9999.000,9999.000,9999.000,9999.000,9999.000,9999.000,9999.000,9999.000
202602260512,   0.333,   0.560,9999.000,9999.000,9999.000,9999.000,9999.000,9999.000,9999.000
202602260518,   0.333,   0.560,9999.000,9999.000,9999.000,9999.000,9999.000,9999.000,9999.000
202602260524,   0.333,   0.570,9999.000,9999.000,9999.000,9999.000,9999.000,9999.000,9999.000
202602260530,   0.333,   0.531,9999.000,9999.000,9999.000,9999.000,9999.000,9999.000,9999.000
202602260536,   0.332,   0.570,9999.000,9999.000,9999.000,9999.000,9999.000,9999.000,9999.000
202602260542,   0.332,   0.560,9999.000,9999.000,9999.000,9999.000,9999.000,9999.000,9999.000
202602260548,   0.330,   0.531,9999.000,9999.000,9999.000,9999.000,9999.000,9999.000,9999.000
202602260554,   0.329,   0.541,9999.000,9999.000,9999.000,9999.000,9999.000,9999.000,9999.000
202602260600,   0.327,   0.551,  -0.500,   0.724,   0.551,  -0.600,   0.451,  -0.500,   0.551
202602260606,   0.325,   0.551,9999.000,9999.000,9999.000,9999.000,9999.000,9999.000,9999.000
202602260612,   0.323,   0.541,9999.000,9999.000,9999.000,9999.000,9999.000,9999.000,9999.000
202602260618,   0.321,9999.000,9999.000,9999.000,9999.000,9999.000,9999.000,9999.000,9999.000
202602260624,   0.318,   0.488,9999.000,9999.000,9999.000,9999.000,9999.000,9999.000,9999.000
202602260630,   0.315,   0.498,9999.000,9999.000,9999.000,9999.000,9999.000,9999.000,9999.000
202602260636,   0.312,   0.541,9999.000,9999.000,9999.000,9999.000,9999.000,9999.000,9999.000
202602260642,   0.309,   0.531,9999.000,9999.000,9999.000,9999.000,9999.000,9999.000,9999.000
202602260648,   0.305,   0.518,9999.000,9999.000,9999.000,9999.000,9999.000,9999.000,9999.000
202602260654,   0.301,   0.541,9999.000,9999.000,9999.000,9999.000,9999.000,9999.000,9999.000
202602260700,   0.298,   0.531,  -0.600,   0.833,   0.531,  -0.600,   0.531,  -0.500,   0.631
202602260706,   0.294,   0.478,9999.000,9999.000,9999.000,9999.000,9999.000,9999.000,9999.000
202602260712,   0.289,   0.488,9999.000,9999.000,9999.000,9999.000,9999.000,9999.000,9999.000
202602260718,   0.285,   0.488,9999.000,9999.000,9999.000,9999.000,9999.000,9999.000,9999.000
202602260724,   0.281,   0.488,9999.000,9999.000,9999.000,9999.000,9999.000,9999.000,9999.000
202602260730,   0.276,   0.478,9999.000,9999.000,9999.000,9999.000,9999.000,9999.000,9999.000
202602260736,   0.272,   0.488,9999.000,9999.000,9999.000,9999.000,9999.000,9999.000,9999.000
202602260742,   0.267,   0.488,9999.000,9999.000,9999.000,9999.000,9999.000,9999.000,9999.000
202602260748,   0.262,   0.469,9999.000,9999.000,9999.000,9999.000,9999.000,9999.000,9999.000
202602260754,   0.257,   0.469,9999.000,9999.000,9999.000,9999.000,9999.000,9999.000,9999.000
202602260800,   0.252,   0.469,  -0.600,   0.817,   0.469,  -0.600,   0.469,  -0.600,   0.469
202602260806,   0.247,   0.449,9999.000,9999.000,9999.000,9999.000,9999.000,9999.000,9999.000
202602260812,   0.243,   0.459,9999.000,9999.000,9999.000,9999.000,9999.000,9999.000,9999.000
202602260818,   0.237,   0.478,9999.000,9999.000,9999.000,9999.000,9999.000,9999.000,9999.000
202602260824,   0.232,   0.439,9999.000,9999.000,9999.000,9999.000,9999.000,9999.000,9999.000
202602260830,   0.227,   0.449,9999.000,9999.000,9999.000,9999.000,9999.000,9999.000,9999.000
202602260836,   0.222,   0.449,9999.000,9999.000,9999.000,9999.000,9999.000,9999.000,9999.000
202602260842,   0.217,   0.459,9999.000,9999.000,9999.000,9999.000,9999.000,9999.000,9999.000
202602260848,   0.212,   0.419,9999.000,9999.000,9999.000,9999.000,9999.000,9999.000,9999.000
202602260854,   0.207,   0.409,9999.000,9999.000,9999.000,9999.000,9999.000,9999.000,9999.000
202602260900,   0.203,   0.409,  -0.600,   0.806,   0.409,  -0.700,   0.309,  -0.600,   0.409
202602260906,   0.198,   0.390,9999.000,9999.000,9999.000,9999.000,9999.000,9999.000,9999.000
202602260912,   0.193,   0.370,9999.000,9999.000,9999.000,9999.000,9999.000,9999.000,9999.000
202602260918,   0.188,   0.370,9999.000,9999.000,9999.000,9999.000,9999.000,9999.000,9999.000
202602260924,   0.183,   0.409,9999.000,9999.000,9999.000,9999.000,9999.000,9999.000,9999.000
202602260930,   0.179,   0.380,9999.000,9999.000,9999.000,9999.000,9999.000,9999.000,9999.000
202602260936,   0.174,   0.341,9999.000,9999.000,9999.000,9999.000,9999.000,9999.000,9999.000
202602260942,   0.170,   0.321,9999.000,9999.000,9999.000,9999.000,9999.000,9999.000,9999.000
202602260948,   0.165,   0.308,9999.000,9999.000,9999.000,9999.000,9999.000,9999.000,9999.000
202602260954,   0.161,   0.298,9999.000,9999.000,9999.000,9999.000,9999.000,9999.000,9999.000
202602261000,   0.157,   0.278,  -0.600,   0.721,   0.278,  -0.700,   0.178,  -0.600,   0.278
202602261006,   0.153,   0.321,9999.000,9999.000,9999.000,9999.000,9999.000,9999.000,9999.000
202602261012,   0.149,   0.341,9999.000,9999.000,9999.000,9999.000,9999.000,9999.000,9999.000
202602261018,   0.145,   0.331,9999.000,9999.000,9999.000,9999.000,9999.000,9999.000,9999.000
202602261024,   0.142,   0.278,9999.000,9999.000,9999.000,9999.000,9999.000,9999.000,9999.000
202602261030,   0.138,   0.259,9999.000,9999.000,9999.000,9999.000,9999.000,9999.000,9999.000
202602261036,   0.135,   0.288,9999.000,9999.000,9999.000,9999.000,9999.000,9999.000,9999.000
202602261042,   0.131,   0.298,9999.000,9999.000,9999.000,9999.000,9999.000,9999.000,9999.000
202602261048,   0.128,   0.308,9999.000,9999.000,9999.000,9999.000,9999.000,9999.000,9999.000
202602261054,   0.125,   0.308,9999.000,9999.000,9999.000,9999.000,9999.000,9999.000,9999.000
202602261100,   0.122,   0.288,  -0.700,   0.866,   0.288,  -0.800,   0.188,  -0.600,   0.388
202602261106,   0.119,   0.288,9999.000,9999.000,9999.000,9999.000,9999.000,9999.000,9999.000
202602261112,   0.116,   0.288,9999.000,9999.000,9999.000,9999.000,9999.000,9999.000,9999.000
202602261118,   0.114,   0.288,9999.000,9999.000,9999.000,9999.000,9999.000,9999.000,9999.000
202602261124,   0.111,   0.288,9999.000,9999.000,9999.000,9999.000,9999.000,9999.000,9999.000
202602261130,   0.109,   0.249,9999.000,9999.000,9999.000,9999.000,9999.000,9999.000,9999.000
202602261136,   0.106,   0.239,9999.000,9999.000,9999.000,9999.000,9999.000,9999.000,9999.000
202602261142,   0.104,   0.229,9999.000,9999.000,9999.000,9999.000,9999.000,9999.000,9999.000
202602261148,   0.102,   0.249,9999.000,9999.000,9999.000,9999.000,9999.000,9999.000,9999.000
202602261154,   0.100,   0.278,9999.000,9999.000,9999.000,9999.000,9999.000,9999.000,9999.000
202602261200,   0.098,   0.268,  -0.700,   0.870,   0.268,  -0.800,   0.168,  -0.700,   0.268
202602261206,   0.097,   0.249,9999.000,9999.000,9999.000,9999.000,9999.000,9999.000,9999.000
202602261212,   0.095,   0.219,9999.000,9999.000,9999.000,9999.000,9999.000,9999.000,9999.000
202602261218,   0.093,   0.229,9999.000,9999.000,9999.000,9999.000,9999.000,9999.000,9999.000
202602261224,   0.092,   0.229,9999.000,9999.000,9999.000,9999.000,9999.000,9999.000,9999.000
202602261230,   0.090,   0.209,9999.000,9999.000,9999.000,9999.000,9999.000,9999.000,9999.000
202602261236,   0.089,   0.219,9999.000,9999.000,9999.000,9999.000,9999.000,9999.000,9999.000
202602261242,   0.088,   0.200,9999.000,9999.000,9999.000,9999.000,9999.000,9999.000,9999.000
202602261248,   0.086,   0.190,9999.000,9999.000,9999.000,9999.000,9999.000,9999.000,9999.000
202602261254,   0.085,   0.200,9999.000,9999.000,9999.000,9999.000,9999.000,9999.000,9999.000
202602261300,   0.084,   0.219,  -0.800,   0.935,   0.219,  -0.800,   0.219,  -0.800,   0.219
202602261306,   0.083,   0.209,9999.000,9999.000,9999.000,9999.000,9999.000,9999.000,9999.000
202602261312,   0.082,   0.170,9999.000,9999.000,9999.000,9999.000,9999.000,9999.000,9999.000
202602261318,   0.080,   0.180,9999.000,9999.000,9999.000,9999.000,9999.000,9999.000,9999.000
202602261324,   0.079,   0.190,9999.000,9999.000,9999.000,9999.000,9999.000,9999.000,9999.000
202602261330,   0.078,   0.200,9999.000,9999.000,9999.000,9999.000,9999.000,9999.000,9999.000
202602261336,   0.077,   0.180,9999.000,9999.000,9999.000,9999.000,9999.000,9999.000,9999.000
202602261342,   0.076,   0.180,9999.000,9999.000,9999.000,9999.000,9999.000,9999.000,9999.000
202602261348,   0.075,   0.180,9999.000,9999.000,9999.000,9999.000,9999.000,9999.000,9999.000
202602261354,   0.074,   0.190,9999.000,9999.000,9999.000,9999.000,9999.000,9999.000,9999.000
202602261400,   0.073,   0.190,  -0.800,   0.917,   0.190,  -0.900,   0.090,  -0.800,   0.190
202602261406,   0.071,9999.000,9999.000,9999.000,9999.000,9999.000,9999.000,9999.000,9999.000
202602261412,   0.070,   0.200,9999.000,9999.000,9999.000,9999.000,9999.000,9999.000,9999.000
202602261418,   0.069,   0.200,9999.000,9999.000,9999.000,9999.000,9999.000,9999.000,9999.000
202602261424,   0.068,   0.180,9999.000,9999.000,9999.000,9999.000,9999.000,9999.000,9999.000
202602261430,   0.066,   0.200,9999.000,9999.000,9999.000,9999.000,9999.000,9999.000,9999.000
202602261436,   0.065,   0.209,9999.000,9999.000,9999.000,9999.000,9999.000,9999.000,9999.000
202602261442,   0.063,   0.200,9999.000,9999.000,9999.000,9999.000,9999.000,9999.000,9999.000
202602261448,   0.061,   0.200,9999.000,9999.000,9999.000,9999.000,9999.000,9999.000,9999.000
202602261454,   0.060,   0.180,9999.000,9999.000,9999.000,9999.000,9999.000,9999.000,9999.000
202602261500,   0.058,   0.180,  -0.900,   1.022,   0.180,  -0.900,   0.180,  -0.800,   0.280
202602261506,   0.056,   0.170,9999.000,9999.000,9999.000,9999.000,9999.000,9999.000,9999.000
202602261512,   0.054,   0.200,9999.000,9999.000,9999.000,9999.000,9999.000,9999.000,9999.000
202602261518,   0.052,   0.209,9999.000,9999.000,9999.000,9999.000,9999.000,9999.000,9999.000
202602261524,   0.050,   0.170,9999.000,9999.000,9999.000,9999.000,9999.000,9999.000,9999.000
202602261530,   0.047,   0.160,9999.000,9999.000,9999.000,9999.000,9999.000,9999.000,9999.000
202602261536,   0.045,   0.121,9999.000,9999.000,9999.000,9999.000,9999.000,9999.000,9999.000
202602261542,   0.042,   0.150,9999.000,9999.000,9999.000,9999.000,9999.000,9999.000,9999.000
202602261548,   0.039,   0.141,9999.000,9999.000,9999.000,9999.000,9999.000,9999.000,9999.000
202602261554,   0.037,9999.000,9999.000,9999.000,9999.000,9999.000,9999.000,9999.000,9999.000
202602261600,   0.034,   0.160,  -0.900,   1.026,   0.160,  -1.000,   0.060,  -0.900,   0.160
202602261606,   0.031,   0.141,9999.000,9999.000,9999.000,9999.000,9999.000,9999.000,9999.000
202602261612,   0.027,   0.111,9999.000,9999.000,9999.000,9999.000,9999.000,9999.000,9999.000
202602261618,   0.024,   0.088,9999.000,9999.000,9999.000,9999.000,9999.000,9999.000,9999.000
202602261624,   0.020,   0.111,9999.000,9999.000,9999.000,9999.000,9999.000,9999.000,9999.000
202602261630,   0.017,   0.098,9999.000,9999.000,9999.000,9999.000,9999.000,9999.000,9999.000
202602261636,   0.013,   0.131,9999.000,9999.000,9999.000,9999.000,9999.000,9999.000,9999.000
202602261642,   0.009,   0.141,9999.000,9999.000,9999.000,9999.000,9999.000,9999.000,9999.000
202602261648,   0.005,   0.131,9999.000,9999.000,9999.000,9999.000,9999.000,9999.000,9999.000
202602261654,   0.001,   0.088,9999.000,9999.000,9999.000,9999.000,9999.000,9999.000,9999.000
202602261700,  -0.002,   0.111,  -1.000,   1.113,   0.111,  -1.000,   0.111,  -0.900,   0.211
202602261706,  -0.007,   0.131,9999.000,9999.000,9999.000,9999.000,9999.000,9999.000,9999.000
202602261712,  -0.011,   0.141,9999.000,9999.000,9999.000,9999.000,9999.000,9999.000,9999.000
202602261718,  -0.016,   0.141,9999.000,9999.000,9999.000,9999.000,9999.000,9999.000,9999.000
202602261724,  -0.021,   0.150,9999.000,9999.000,9999.000,9999.000,9999.000,9999.000,9999.000
202602261730,  -0.026,   0.131,9999.000,9999.000,9999.000,9999.000,9999.000,9999.000,9999.000
202602261736,  -0.030,   0.131,9999.000,9999.000,9999.000,9999.000,9999.000,9999.000,9999.000
202602261742,  -0.036,   0.160,9999.000,9999.000,9999.000,9999.000,9999.000,9999.000,9999.000
202602261748,  -0.041,   0.150,9999.000,9999.000,9999.000,9999.000,9999.000,9999.000,9999.000
202602261754,  -0.046,   0.150,9999.000,9999.000,9999.000,9999.000,9999.000,9999.000,9999.000
202602261800,  -0.051,   0.141,  -1.000,   1.192,   0.141,  -1.000,   0.141,  -0.900,   0.241
202602261806,  -0.057,   0.131,9999.000,9999.000,9999.000,9999.000,9999.000,9999.000,9999.000
202602261812,  -0.062,   0.078,9999.000,9999.000,9999.000,9999.000,9999.000,9999.000,9999.000
202602261818,  -0.068,   0.068,9999.000,9999.000,9999.000,9999.000,9999.000,9999.000,9999.000
202602261824,  -0.073,   0.078,9999.000,9999.000,9999.000,9999.000,9999.000,9999.000,9999.000
202602261830,  -0.079,   0.078,9999.000,9999.000,9999.000,9999.000,9999.000,9999.000,9999.000
202602261836,  -0.085,   0.088,9999.000,9999.000,9999.000,9999.000,9999.000,9999.000,9999.000
202602261842,  -0.090,   0.078,9999.000,9999.000,9999.000,9999.000,9999.000,9999.000,9999.000
202602261848,  -0.096,   0.088,9999.000,9999.000,9999.000,9999.000,9999.000,9999.000,9999.000
202602261854,  -0.102,   0.039,9999.000,9999.000,9999.000,9999.000,9999.000,9999.000,9999.000
202602261900,  -0.108,  -0.009,  -1.000,   1.099,  -0.009,  -1.100,  -0.109,  -1.000,  -0.009
202602261906,  -0.113,   0.000,9999.000,9999.000,9999.000,9999.000,9999.000,9999.000,9999.000
202602261912,  -0.119,   0.019,9999.000,9999.000,9999.000,9999.000,9999.000,9999.000,9999.000
202602261918,  -0.125,   0.029,9999.000,9999.000,9999.000,9999.000,9999.000,9999.000,9999.000
202602261924,  -0.131,   0.009,9999.000,9999.000,9999.000,9999.000,9999.000,9999.000,9999.000
202602261930,  -0.136,   0.000,9999.000,9999.000,9999.000,9999.000,9999.000,9999.000,9999.000
202602261936,  -0.142,  -0.029,9999.000,9999.000,9999.000,9999.000,9999.000,9999.000,9999.000
202602261942,  -0.147,  -0.068,9999.000,9999.000,9999.000,9999.000,9999.000,9999.000,9999.000
202602261948,  -0.153,  -0.049,9999.000,9999.000,9999.000,9999.000,9999.000,9999.000,9999.000
202602261954,  -0.158,  -0.029,9999.000,9999.000,9999.000,9999.000,9999.000,9999.000,9999.000
202602262000,  -0.163,  -0.029,  -1.100,   1.234,  -0.029,  -1.100,  -0.029,  -1.100,  -0.029
202602262006,  -0.168,  -0.068,9999.000,9999.000,9999.000,9999.000,9999.000,9999.000,9999.000
202602262012,  -0.173,  -0.121,9999.000,9999.000,9999.000,9999.000,9999.000,9999.000,9999.000
202602262018,  -0.178,  -0.121,9999.000,9999.000,9999.000,9999.000,9999.000,9999.000,9999.000
202602262024,  -0.183,  -0.068,9999.000,9999.000,9999.000,9999.000,9999.000,9999.000,9999.000
202602262030,  -0.187,  -0.078,9999.000,9999.000,9999.000,9999.000,9999.000,9999.000,9999.000
202602262036,  -0.192,  -0.131,9999.000,9999.000,9999.000,9999.000,9999.000,9999.000,9999.000
202602262042,  -0.196,  -0.170,9999.000,9999.000,9999.000,9999.000,9999.000,9999.000,9999.000
202602262048,  -0.200,  -0.160,9999.000,9999.000,9999.000,9999.000,9999.000,9999.000,9999.000
202602262054,  -0.204,  -0.121,9999.000,9999.000,9999.000,9999.000,9999.000,9999.000,9999.000
202602262100,  -0.208,  -0.121,  -1.100,   1.187,  -0.121,  -1.200,  -0.221,  -1.100,  -0.121
202602262106,  -0.211,  -0.131,9999.000,9999.000,9999.000,9999.000,9999.000,9999.000,9999.000
202602262112,  -0.214,  -0.088,9999.000,9999.000,9999.000,9999.000,9999.000,9999.000,9999.000
202602262118,  -0.217,  -0.088,9999.000,9999.000,9999.000,9999.000,9999.000,9999.000,9999.000
202602262124,  -0.220,  -0.150,9999.000,9999.000,9999.000,9999.000,9999.000,9999.000,9999.000
202602262130,  -0.223,  -0.180,9999.000,9999.000,9999.000,9999.000,9999.000,9999.000,9999.000
202602262136,  -0.225,  -0.170,9999.000,9999.000,9999.000,9999.000,9999.000,9999.000,9999.000
202602262142,  -0.227,  -0.160,9999.000,9999.000,9999.000,9999.000,9999.000,9999.000,9999.000
202602262148,  -0.229,  -0.180,9999.000,9999.000,9999.000,9999.000,9999.000,9999.000,9999.000
202602262154,  -0.230,  -0.180,9999.000,9999.000,9999.000,9999.000,9999.000,9999.000,9999.000
202602262200,  -0.231,  -0.121,  -1.200,   1.310,  -0.121,  -1.200,  -0.121,  -1.100,  -0.021
202602262206,  -0.232,  -0.121,9999.000,9999.000,9999.000,9999.000,9999.000,9999.000,9999.000
202602262212,  -0.233,  -0.160,9999.000,9999.000,9999.000,9999.000,9999.000,9999.000,9999.000
202602262218,  -0.233,  -0.249,9999.000,9999.000,9999.000,9999.000,9999.000,9999.000,9999.000
202602262224,  -0.233,  -0.239,9999.000,9999.000,9999.000,9999.000,9999.000,9999.000,9999.000
202602262230,  -0.233,  -0.219,9999.000,9999.000,9999.000,9999.000,9999.000,9999.000,9999.000
202602262236,  -0.232,  -0.200,9999.000,9999.000,9999.000,9999.000,9999.000,9999.000,9999.000
202602262242,  -0.231,  -0.190,9999.000,9999.000,9999.000,9999.000,9999.000,9999.000,9999.000
202602262248,  -0.230,  -0.259,9999.000,9999.000,9999.000,9999.000,9999.000,9999.000,9999.000
202602262254,  -0.228,  -0.239,9999.000,9999.000,9999.000,9999.000,9999.000,9999.000,9999.000
202602262300,  -0.226,  -0.180,  -1.200,   1.246,  -0.180,  -1.300,  -0.280,  -1.200,  -0.180
202602262306,  -0.224,  -0.229,9999.000,9999.000,9999.000,9999.000,9999.000,9999.000,9999.000
202602262312,  -0.221,  -0.249,9999.000,9999.000,9999.000,9999.000,9999.000,9999.000,9999.000
202602262318,  -0.219,  -0.219,9999.000,9999.000,9999.000,9999.000,9999.000,9999.000,9999.000
202602262324,  -0.215,  -0.259,9999.000,9999.000,9999.000,9999.000,9999.000,9999.000,9999.000
202602262330,  -0.212,9999.000,9999.000,9999.000,9999.000,9999.000,9999.000,9999.000,9999.000
202602262336,  -0.208,  -0.268,9999.000,9999.000,9999.000,9999.000,9999.000,9999.000,9999.000
202602262342,  -0.204,  -0.190,9999.000,9999.000,9999.000,9999.000,9999.000,9999.000,9999.000
202602262348,  -0.199,9999.000,9999.000,9999.000,9999.000,9999.000,9999.000,9999.000,9999.000
202602262354,  -0.195,9999.000,9999.000,9999.000,9999.000,9999.000,9999.000,9999.000,9999.000
202602270000,  -0.189,9999.000,  -1.300,   1.184,  -0.305,  -1.400,  -0.405,  -1.300,  -0.305
202602270006,  -0.184,9999.000,9999.000,9999.000,9999.000,9999.000,9999.000,9999.000,9999.000
202602270012,  -0.178,9999.000,9999.000,9999.000,9999.000,9999.000,9999.000,9999.000,9999.000
202602270018,  -0.172,9999.000,9999.000,9999.000,9999.000,9999.000,9999.000,9999.000,9999.000
202602270024,  -0.166,9999.000,9999.000,9999.000,9999.000,9999.000,9999.000,9999.000,9999.000
202602270030,  -0.159,9999.000,9999.000,9999.000,9999.000,9999.000,9999.000,9999.000,9999.000
202602270036,  -0.153,9999.000,9999.000,9999.000,9999.000,9999.000,9999.000,9999.000,9999.000
202602270042,  -0.146,9999.000,9999.000,9999.000,9999.000,9999.000,9999.000,9999.000,9999.000
202602270048,  -0.138,9999.000,9999.000,9999.000,9999.000,9999.000,9999.000,9999.000,9999.000
202602270054,  -0.131,9999.000,9999.000,9999.000,9999.000,9999.000,9999.000,9999.000,9999.000
202602270100,  -0.123,9999.000,  -1.400,   1.122,  -0.401,  -1.500,  -0.501,  -1.400,  -0.401
202602270106,  -0.115,9999.000,9999.000,9999.000,9999.000,9999.000,9999.000,9999.000,9999.000
202602270112,  -0.106,9999.000,9999.000,9999.000,9999.000,9999.000,9999.000,9999.000,9999.000
202602270118,  -0.098,9999.000,9999.000,9999.000,9999.000,9999.000,9999.000,9999.000,9999.000
202602270124,  -0.089,9999.000,9999.000,9999.000,9999.000,9999.000,9999.000,9999.000,9999.000
202602270130,  -0.080,9999.000,9999.000,9999.000,9999.000,9999.000,9999.000,9999.000,9999.000
202602270136,  -0.071,9999.000,9999.000,9999.000,9999.000,9999.000,9999.000,9999.000,9999.000
202602270142,  -0.062,9999.000,9999.000,9999.000,9999.000,9999.000,9999.000,9999.000,9999.000
202602270148,  -0.052,9999.000,9999.000,9999.000,9999.000,9999.000,9999.000,9999.000,9999.000
202602270154,  -0.043,9999.000,9999.000,9999.000,9999.000,9999.000,9999.000,9999.000,9999.000
202602270200,  -0.033,9999.000,  -1.500,   1.060,  -0.473,  -1.500,  -0.473,  -1.400,  -0.373
202602270206,  -0.023,9999.000,9999.000,9999.000,9999.000,9999.000,9999.000,9999.000,9999.000
202602270212,  -0.013,9999.000,9999.000,9999.000,9999.000,9999.000,9999.000,9999.000,9999.000
202602270218,  -0.003,9999.000,9999.000,9999.000,9999.000,9999.000,9999.000,9999.000,9999.000
202602270224,   0.006,9999.000,9999.000,9999.000,9999.000,9999.000,9999.000,9999.000,9999.000
202602270230,   0.016,9999.000,9999.000,9999.000,9999.000,9999.000,9999.000,9999.000,9999.000
202602270236,   0.026,9999.000,9999.000,9999.000,9999.000,9999.000,9999.000,9999.000,9999.000
202602270242,   0.036,9999.000,9999.000,9999.000,9999.000,9999.000,9999.000,9999.000,9999.000
202602270248,   0.047,9999.000,9999.000,9999.000,9999.000,9999.000,9999.000,9999.000,9999.000
202602270254,   0.057,9999.000,9999.000,9999.000,9999.000,9999.000,9999.000,9999.000,9999.000
202602270300,   0.067,9999.000,  -1.600,   0.998,  -0.535,  -1.600,  -0.535,  -1.500,  -0.435
202602270306,   0.077,9999.000,9999.000,9999.000,9999.000,9999.000,9999.000,9999.000,9999.000
202602270312,   0.087,9999.000,9999.000,9999.000,9999.000,9999.000,9999.000,9999.000,9999.000
202602270318,   0.098,9999.000,9999.000,9999.000,9999.000,9999.000,9999.000,9999.000,9999.000
202602270324,   0.108,9999.000,9999.000,9999.000,9999.000,9999.000,9999.000,9999.000,9999.000
202602270330,   0.118,9999.000,9999.000,9999.000,9999.000,9999.000,9999.000,9999.000,9999.000
202602270336,   0.128,9999.000,9999.000,9999.000,9999.000,9999.000,9999.000,9999.000,9999.000
202602270342,   0.137,9999.000,9999.000,9999.000,9999.000,9999.000,9999.000,9999.000,9999.000
202602270348,   0.147,9999.000,9999.000,9999.000,9999.000,9999.000,9999.000,9999.000,9999.000
202602270354,   0.156,9999.000,9999.000,9999.000,9999.000,9999.000,9999.000,9999.000,9999.000
202602270400,   0.166,9999.000,  -1.700,   0.936,  -0.598,  -1.700,  -0.598,  -1.600,  -0.498
202602270406,   0.175,9999.000,9999.000,9999.000,9999.000,9999.000,9999.000,9999.000,9999.000
202602270412,   0.184,9999.000,9999.000,9999.000,9999.000,9999.000,9999.000,9999.000,9999.000
202602270418,   0.193,9999.000,9999.000,9999.000,9999.000,9999.000,9999.000,9999.000,9999.000
202602270424,   0.202,9999.000,9999.000,9999.000,9999.000,9999.000,9999.000,9999.000,9999.000
202602270430,   0.210,9999.000,9999.000,9999.000,9999.000,9999.000,9999.000,9999.000,9999.000
202602270436,   0.218,9999.000,9999.000,9999.000,9999.000,9999.000,9999.000,9999.000,9999.000
202602270442,   0.226,9999.000,9999.000,9999.000,9999.000,9999.000,9999.000,9999.000,9999.000
202602270448,   0.234,9999.000,9999.000,9999.000,9999.000,9999.000,9999.000,9999.000,9999.000
202602270454,   0.241,9999.000,9999.000,9999.000,9999.000,9999.000,9999.000,9999.000,9999.000
202602270500,   0.249,9999.000,  -1.800,   0.874,  -0.677,  -1.800,  -0.677,  -1.700,  -0.577
202602270506,   0.256,9999.000,9999.000,9999.000,9999.000,9999.000,9999.000,9999.000,9999.000
202602270512,   0.262,9999.000,9999.000,9999.000,9999.000,9999.000,9999.000,9999.000,9999.000
202602270518,   0.269,9999.000,9999.000,9999.000,9999.000,9999.000,9999.000,9999.000,9999.000
202602270524,   0.275,9999.000,9999.000,9999.000,9999.000,9999.000,9999.000,9999.000,9999.000
202602270530,   0.281,9999.000,9999.000,9999.000,9999.000,9999.000,9999.000,9999.000,9999.000
202602270536,   0.286,9999.000,9999.000,9999.000,9999.000,9999.000,9999.000,9999.000,9999.000
202602270542,   0.291,9999.000,9999.000,9999.000,9999.000,9999.000,9999.000,9999.000,9999.000
202602270548,   0.296,9999.000,9999.000,9999.000,9999.000,9999.000,9999.000,9999.000,9999.000
202602270554,   0.301,9999.000,9999.000,9999.000,9999.000,9999.000,9999.000,9999.000,9999.000
202602270600,   0.305,9999.000,  -1.900,   0.812,  -0.783,  -1.900,  -0.783,  -1.800,  -0.683
202602270606,   0.309,9999.000,9999.000,9999.000,9999.000,9999.000,9999.000,9999.000,9999.000
202602270612,   0.312,9999.000,9999.000,9999.000,9999.000,9999.000,9999.000,9999.000,9999.000
202602270618,   0.315,9999.000,9999.000,9999.000,9999.000,9999.000,9999.000,9999.000,9999.000
202602270624,   0.318,9999.000,9999.000,9999.000,9999.000,9999.000,9999.000,9999.000,9999.000
202602270630,   0.321,9999.000,9999.000,9999.000,9999.000,9999.000,9999.000,9999.000,9999.000
202602270636,   0.323,9999.000,9999.000,9999.000,9999.000,9999.000,9999.000,9999.000,9999.000
202602270642,   0.325,9999.000,9999.000,9999.000,9999.000,9999.000,9999.000,9999.000,9999.000
202602270648,   0.326,9999.000,9999.000,9999.000,9999.000,9999.000,9999.000,9999.000,9999.000
202602270654,   0.327,9999.000,9999.000,9999.000,9999.000,9999.000,9999.000,9999.000,9999.000
202602270700,   0.328,9999.000,  -1.900,   0.750,  -0.822,  -2.000,  -0.922,  -1.900,  -0.822
202602270706,   0.328,9999.000,9999.000,9999.000,9999.000,9999.000,9999.000,9999.000,9999.000
202602270712,   0.328,9999.000,9999.000,9999.000,9999.000,9999.000,9999.000,9999.000,9999.000
202602270718,   0.328,9999.000,9999.000,9999.000,9999.000,9999.000,9999.000,9999.000,9999.000
202602270724,   0.328,9999.000,9999.000,9999.000,9999.000,9999.000,9999.000,9999.000,9999.000
202602270730,   0.327,9999.000,9999.000,9999.000,9999.000,9999.000,9999.000,9999.000,9999.000
202602270736,   0.325,9999.000,9999.000,9999.000,9999.000,9999.000,9999.000,9999.000,9999.000
202602270742,   0.324,9999.000,9999.000,9999.000,9999.000,9999.000,9999.000,9999.000,9999.000
202602270748,   0.322,9999.000,9999.000,9999.000,9999.000,9999.000,9999.000,9999.000,9999.000
202602270754,   0.320,9999.000,9999.000,9999.000,9999.000,9999.000,9999.000,9999.000,9999.000
202602270800,   0.317,9999.000,  -2.000,   0.688,  -0.995,  -2.000,  -0.995,  -1.900,  -0.895
202602270806,   0.315,9999.000,9999.000,9999.000,9999.000,9999.000,9999.000,9999.000,9999.000
202602270812,   0.312,9999.000,9999.000,9999.000,9999.000,9999.000,9999.000,9999.000,9999.000
202602270818,   0.309,9999.000,9999.000,9999.000,9999.000,9999.000,9999.000,9999.000,9999.000
202602270824,   0.305,9999.000,9999.000,9999.000,9999.000,9999.000,9999.000,9999.000,9999.000
202602270830,   0.301,9999.000,9999.000,9999.000,9999.000,9999.000,9999.000,9999.000,9999.000
202602270836,   0.297,9999.000,9999.000,9999.000,9999.000,9999.000,9999.000,9999.000,9999.000
202602270842,   0.293,9999.000,9999.000,9999.000,9999.000,9999.000,9999.000,9999.000,9999.000
202602270848,   0.289,9999.000,9999.000,9999.000,9999.000,9999.000,9999.000,9999.000,9999.000
202602270854,   0.284,9999.000,9999.000,9999.000,9999.000,9999.000,9999.000,9999.000,9999.000
202602270900,   0.279,9999.000,  -2.000,   0.626,  -1.095,  -2.100,  -1.195,  -2.000,  -1.095
202602270906,   0.274,9999.000,9999.000,9999.000,9999.000,9999.000,9999.000,9999.000,9999.000
202602270912,   0.269,9999.000,9999.000,9999.000,9999.000,9999.000,9999.000,9999.000,9999.000
202602270918,   0.264,9999.000,9999.000,9999.000,9999.000,9999.000,9999.000,9999.000,9999.000
202602270924,   0.258,9999.000,9999.000,9999.000,9999.000,9999.000,9999.000,9999.000,9999.000
202602270930,   0.253,9999.000,9999.000,9999.000,9999.000,9999.000,9999.000,9999.000,9999.000
202602270936,   0.247,9999.000,9999.000,9999.000,9999.000,9999.000,9999.000,9999.000,9999.000
202602270942,   0.241,9999.000,9999.000,9999.000,9999.000,9999.000,9999.000,9999.000,9999.000
202602270948,   0.235,9999.000,9999.000,9999.000,9999.000,9999.000,9999.000,9999.000,9999.000
202602270954,   0.229,9999.000,9999.000,9999.000,9999.000,9999.000,9999.000,9999.000,9999.000
202602271000,   0.223,9999.000,  -2.100,   0.565,  -1.312,  -2.200,  -1.412,  -2.100,  -1.312
202602271006,   0.217,9999.000,9999.000,9999.000,9999.000,9999.000,9999.000,9999.000,9999.000
202602271012,   0.211,9999.000,9999.000,9999.000,9999.000,9999.000,9999.000,9999.000,9999.000
202602271018,   0.204,9999.000,9999.000,9999.000,9999.000,9999.000,9999.000,9999.000,9999.000
202602271024,   0.198,9999.000,9999.000,9999.000,9999.000,9999.000,9999.000,9999.000,9999.000
202602271030,   0.192,9999.000,9999.000,9999.000,9999.000,9999.000,9999.000,9999.000,9999.000
202602271036,   0.186,9999.000,9999.000,9999.000,9999.000,9999.000,9999.000,9999.000,9999.000
202602271042,   0.180,9999.000,9999.000,9999.000,9999.000,9999.000,9999.000,9999.000,9999.000
202602271048,   0.173,9999.000,9999.000,9999.000,9999.000,9999.000,9999.000,9999.000,9999.000
202602271054,   0.167,9999.000,9999.000,9999.000,9999.000,9999.000,9999.000,9999.000,9999.000
202602271100,   0.161,9999.000,  -2.200,   0.503,  -1.536,  -2.300,  -1.636,  -2.100,  -1.436
202602271106,   0.155,9999.000,9999.000,9999.000,9999.000,9999.000,9999.000,9999.000,9999.000
202602271112,   0.149,9999.000,9999.000,9999.000,9999.000,9999.000,9999.000,9999.000,9999.000
202602271118,   0.143,9999.000,9999.000,9999.000,9999.000,9999.000,9999.000,9999.000,9999.000
202602271124,   0.138,9999.000,9999.000,9999.000,9999.000,9999.000,9999.000,9999.000,9999.000
202602271130,   0.132,9999.000,9999.000,9999.000,9999.000,9999.000,9999.000,9999.000,9999.000
202602271136,   0.126,9999.000,9999.000,9999.000,9999.000,9999.000,9999.000,9999.000,9999.000
202602271142,   0.121,9999.000,9999.000,9999.000,9999.000,9999.000,9999.000,9999.000,9999.000
202602271148,   0.116,9999.000,9999.000,9999.000,9999.000,9999.000,9999.000,9999.000,9999.000
202602271154,   0.110,9999.000,9999.000,9999.000,9999.000,9999.000,9999.000,9999.000,9999.000
202602271200,   0.105,9999.000,  -2.200,   0.503,  -1.592,  -2.300,  -1.692,  -2.200,  -1.592
202602271206,   0.101,9999.000,9999.000,9999.000,9999.000,9999.000,9999.000,9999.000,9999.000
202602271212,   0.096,9999.000,9999.000,9999.000,9999.000,9999.000,9999.000,9999.000,9999.000
202602271218,   0.091,9999.000,9999.000,9999.000,9999.000,9999.000,9999.000,9999.000,9999.000
202602271224,   0.087,9999.000,9999.000,9999.000,9999.000,9999.000,9999.000,9999.000,9999.000
202602271230,   0.083,9999.000,9999.000,9999.000,9999.000,9999.000,9999.000,9999.000,9999.000
202602271236,   0.079,9999.000,9999.000,9999.000,9999.000,9999.000,9999.000,9999.000,9999.000
202602271242,   0.075,9999.000,9999.000,9999.000,9999.000,9999.000,9999.000,9999.000,9999.000
202602271248,   0.071,9999.000,9999.000,9999.000,9999.000,9999.000,9999.000,9999.000,9999.000
202602271254,   0.068,9999.000,9999.000,9999.000,9999.000,9999.000,9999.000,9999.000,9999.000
202602271300,   0.065,9999.000,  -2.300,   0.503,  -1.732,  -2.400,  -1.832,  -2.200,  -1.632
202602271306,   0.061,9999.000,9999.000,9999.000,9999.000,9999.000,9999.000,9999.000,9999.000
202602271312,   0.059,9999.000,9999.000,9999.000,9999.000,9999.000,9999.000,9999.000,9999.000
202602271318,   0.056,9999.000,9999.000,9999.000,9999.000,9999.000,9999.000,9999.000,9999.000
202602271324,   0.053,9999.000,9999.000,9999.000,9999.000,9999.000,9999.000,9999.000,9999.000
202602271330,   0.051,9999.000,9999.000,9999.000,9999.000,9999.000,9999.000,9999.000,9999.000
202602271336,   0.049,9999.000,9999.000,9999.000,9999.000,9999.000,9999.000,9999.000,9999.000
202602271342,   0.047,9999.000,9999.000,9999.000,9999.000,9999.000,9999.000,9999.000,9999.000
202602271348,   0.045,9999.000,9999.000,9999.000,9999.000,9999.000,9999.000,9999.000,9999.000
202602271354,   0.044,9999.000,9999.000,9999.000,9999.000,9999.000,9999.000,9999.000,9999.000
202602271400,   0.042,9999.000,  -2.400,   0.503,  -1.855,  -2.400,  -1.855,  -2.300,  -1.755
202602271406,   0.041,9999.000,9999.000,9999.000,9999.000,9999.000,9999.000,9999.000,9999.000
202602271412,   0.040,9999.000,9999.000,9999.000,9999.000,9999.000,9999.000,9999.000,9999.000
202602271418,   0.039,9999.000,9999.000,9999.000,9999.000,9999.000,9999.000,9999.000,9999.000
202602271424,   0.039,9999.000,9999.000,9999.000,9999.000,9999.000,9999.000,9999.000,9999.000
202602271430,   0.038,9999.000,9999.000,9999.000,9999.000,9999.000,9999.000,9999.000,9999.000
202602271436,   0.038,9999.000,9999.000,9999.000,9999.000,9999.000,9999.000,9999.000,9999.000
202602271442,   0.037,9999.000,9999.000,9999.000,9999.000,9999.000,9999.000,9999.000,9999.000
202602271448,   0.037,9999.000,9999.000,9999.000,9999.000,9999.000,9999.000,9999.000,9999.000
202602271454,   0.037,9999.000,9999.000,9999.000,9999.000,9999.000,9999.000,9999.000,9999.000
202602271500,   0.037,9999.000,  -2.400,   0.503,  -1.860,  -2.500,  -1.960,  -2.400,  -1.860
202602271506,   0.037,9999.000,9999.000,9999.000,9999.000,9999.000,9999.000,9999.000,9999.000
202602271512,   0.037,9999.000,9999.000,9999.000,9999.000,9999.000,9999.000,9999.000,9999.000
202602271518,   0.038,9999.000,9999.000,9999.000,9999.000,9999.000,9999.000,9999.000,9999.000
202602271524,   0.038,9999.000,9999.000,9999.000,9999.000,9999.000,9999.000,9999.000,9999.000
202602271530,   0.039,9999.000,9999.000,9999.000,9999.000,9999.000,9999.000,9999.000,9999.000
202602271536,   0.039,9999.000,9999.000,9999.000,9999.000,9999.000,9999.000,9999.000,9999.000
202602271542,   0.040,9999.000,9999.000,9999.000,9999.000,9999.000,9999.000,9999.000,9999.000
202602271548,   0.040,9999.000,9999.000,9999.000,9999.000,9999.000,9999.000,9999.000,9999.000
202602271554,   0.041,9999.000,9999.000,9999.000,9999.000,9999.000,9999.000,9999.000,9999.000
202602271600,   0.042,9999.000,  -2.500,   0.503,  -1.955,  -2.500,  -1.955,  -2.400,  -1.855
202602271606,   0.042,9999.000,9999.000,9999.000,9999.000,9999.000,9999.000,9999.000,9999.000
202602271612,   0.043,9999.000,9999.000,9999.000,9999.000,9999.000,9999.000,9999.000,9999.000
202602271618,   0.044,9999.000,9999.000,9999.000,9999.000,9999.000,9999.000,9999.000,9999.000
202602271624,   0.044,9999.000,9999.000,9999.000,9999.000,9999.000,9999.000,9999.000,9999.000
202602271630,   0.045,9999.000,9999.000,9999.000,9999.000,9999.000,9999.000,9999.000,9999.000
202602271636,   0.045,9999.000,9999.000,9999.000,9999.000,9999.000,9999.000,9999.000,9999.000
202602271642,   0.046,9999.000,9999.000,9999.000,9999.000,9999.000,9999.000,9999.000,9999.000
202602271648,   0.046,9999.000,9999.000,9999.000,9999.000,9999.000,9999.000,9999.000,9999.000
202602271654,   0.046,9999.000,9999.000,9999.000,9999.000,9999.000,9999.000,9999.000,9999.000
202602271700,   0.046,9999.000,  -2.500,   0.503,  -1.951,  -2.600,  -2.051,  -2.400,  -1.851
202602271706,   0.046,9999.000,9999.000,9999.000,9999.000,9999.000,9999.000,9999.000,9999.000
202602271712,   0.046,9999.000,9999.000,9999.000,9999.000,9999.000,9999.000,9999.000,9999.000
202602271718,   0.046,9999.000,9999.000,9999.000,9999.000,9999.000,9999.000,9999.000,9999.000
202602271724,   0.046,9999.000,9999.000,9999.000,9999.000,9999.000,9999.000,9999.000,9999.000
202602271730,   0.046,9999.000,9999.000,9999.000,9999.000,9999.000,9999.000,9999.000,9999.000
202602271736,   0.045,9999.000,9999.000,9999.000,9999.000,9999.000,9999.000,9999.000,9999.000
202602271742,   0.044,9999.000,9999.000,9999.000,9999.000,9999.000,9999.000,9999.000,9999.000
202602271748,   0.043,9999.000,9999.000,9999.000,9999.000,9999.000,9999.000,9999.000,9999.000
202602271754,   0.042,9999.000,9999.000,9999.000,9999.000,9999.000,9999.000,9999.000,9999.000
202602271800,   0.041,9999.000,  -2.500,   0.503,  -1.956,  -2.600,  -2.056,  -2.500,  -1.956
202602271806,   0.040,9999.000,9999.000,9999.000,9999.000,9999.000,9999.000,9999.000,9999.000
202602271812,   0.038,9999.000,9999.000,9999.000,9999.000,9999.000,9999.000,9999.000,9999.000
202602271818,   0.036,9999.000,9999.000,9999.000,9999.000,9999.000,9999.000,9999.000,9999.000
202602271824,   0.034,9999.000,9999.000,9999.000,9999.000,9999.000,9999.000,9999.000,9999.000
202602271830,   0.032,9999.000,9999.000,9999.000,9999.000,9999.000,9999.000,9999.000,9999.000
202602271836,   0.030,9999.000,9999.000,9999.000,9999.000,9999.000,9999.000,9999.000,9999.000
202602271842,   0.027,9999.000,9999.000,9999.000,9999.000,9999.000,9999.000,9999.000,9999.000
202602271848,   0.024,9999.000,9999.000,9999.000,9999.000,9999.000,9999.000,9999.000,9999.000
202602271854,   0.021,9999.000,9999.000,9999.000,9999.000,9999.000,9999.000,9999.000,9999.000
202602271900,   0.018,9999.000,  -2.500,   0.503,  -1.979,  -2.600,  -2.079,  -2.500,  -1.979
202602271906,   0.015,9999.000,9999.000,9999.000,9999.000,9999.000,9999.000,9999.000,9999.000
202602271912,   0.011,9999.000,9999.000,9999.000,9999.000,9999.000,9999.000,9999.000,9999.000
202602271918,   0.008,9999.000,9999.000,9999.000,9999.000,9999.000,9999.000,9999.000,9999.000
202602271924,   0.004,9999.000,9999.000,9999.000,9999.000,9999.000,9999.000,9999.000,9999.000
202602271930,   0.000,9999.000,9999.000,9999.000,9999.000,9999.000,9999.000,9999.000,9999.000
202602271936,  -0.004,9999.000,9999.000,9999.000,9999.000,9999.000,9999.000,9999.000,9999.000
202602271942,  -0.008,9999.000,9999.000,9999.000,9999.000,9999.000,9999.000,9999.000,9999.000
202602271948,  -0.013,9999.000,9999.000,9999.000,9999.000,9999.000,9999.000,9999.000,9999.000
202602271954,  -0.018,9999.000,9999.000,9999.000,9999.000,9999.000,9999.000,9999.000,9999.000
202602272000,  -0.023,9999.000,  -2.500,   0.503,  -2.020,  -2.600,  -2.120,  -2.500,  -2.020
202602272006,  -0.028,9999.000,9999.000,9999.000,9999.000,9999.000,9999.000,9999.000,9999.000
202602272012,  -0.034,9999.000,9999.000,9999.000,9999.000,9999.000,9999.000,9999.000,9999.000
202602272018,  -0.039,9999.000,9999.000,9999.000,9999.000,9999.000,9999.000,9999.000,9999.000
202602272024,  -0.045,9999.000,9999.000,9999.000,9999.000,9999.000,9999.000,9999.000,9999.000
202602272030,  -0.051,9999.000,9999.000,9999.000,9999.000,9999.000,9999.000,9999.000,9999.000
202602272036,  -0.056,9999.000,9999.000,9999.000,9999.000,9999.000,9999.000,9999.000,9999.000
202602272042,  -0.062,9999.000,9999.000,9999.000,9999.000,9999.000,9999.000,9999.000,9999.000
202602272048,  -0.069,9999.000,9999.000,9999.000,9999.000,9999.000,9999.000,9999.000,9999.000
202602272054,  -0.075,9999.000,9999.000,9999.000,9999.000,9999.000,9999.000,9999.000,9999.000
202602272100,  -0.081,9999.000,  -2.500,   0.503,  -2.078,  -2.600,  -2.178,  -2.500,  -2.078
202602272106,  -0.087,9999.000,9999.000,9999.000,9999.000,9999.000,9999.000,9999.000,9999.000
202602272112,  -0.094,9999.000,9999.000,9999.000,9999.000,9999.000,9999.000,9999.000,9999.000
202602272118,  -0.100,9999.000,9999.000,9999.000,9999.000,9999.000,9999.000,9999.000,9999.000
202602272124,  -0.107,9999.000,9999.000,9999.000,9999.000,9999.000,9999.000,9999.000,9999.000
202602272130,  -0.113,9999.000,9999.000,9999.000,9999.000,9999.000,9999.000,9999.000,9999.000
202602272136,  -0.119,9999.000,9999.000,9999.000,9999.000,9999.000,9999.000,9999.000,9999.000
202602272142,  -0.126,9999.000,9999.000,9999.000,9999.000,9999.000,9999.000,9999.000,9999.000
202602272148,  -0.132,9999.000,9999.000,9999.000,9999.000,9999.000,9999.000,9999.000,9999.000
202602272154,  -0.138,9999.000,9999.000,9999.000,9999.000,9999.000,9999.000,9999.000,9999.000
202602272200,  -0.145,9999.000,  -2.500,   0.503,  -2.142,  -2.600,  -2.242,  -2.400,  -2.042
202602272206,  -0.151,9999.000,9999.000,9999.000,9999.000,9999.000,9999.000,9999.000,9999.000
202602272212,  -0.157,9999.000,9999.000,9999.000,9999.000,9999.000,9999.000,9999.000,9999.000
202602272218,  -0.163,9999.000,9999.000,9999.000,9999.000,9999.000,9999.000,9999.000,9999.000
202602272224,  -0.169,9999.000,9999.000,9999.000,9999.000,9999.000,9999.000,9999.000,9999.000
202602272230,  -0.174,9999.000,9999.000,9999.000,9999.000,9999.000,9999.000,9999.000,9999.000
202602272236,  -0.180,9999.000,9999.000,9999.000,9999.000,9999.000,9999.000,9999.000,9999.000
202602272242,  -0.185,9999.000,9999.000,9999.000,9999.000,9999.000,9999.000,9999.000,9999.000
202602272248,  -0.190,9999.000,9999.000,9999.000,9999.000,9999.000,9999.000,9999.000,9999.000
202602272254,  -0.195,9999.000,9999.000,9999.000,9999.000,9999.000,9999.000,9999.000,9999.000
202602272300,  -0.200,9999.000,  -2.400,   0.503,  -2.097,  -2.500,  -2.197,  -2.300,  -1.997
202602272306,  -0.205,9999.000,9999.000,9999.000,9999.000,9999.000,9999.000,9999.000,9999.000
202602272312,  -0.209,9999.000,9999.000,9999.000,9999.000,9999.000,9999.000,9999.000,9999.000
202602272318,  -0.213,9999.000,9999.000,9999.000,9999.000,9999.000,9999.000,9999.000,9999.000
202602272324,  -0.217,9999.000,9999.000,9999.000,9999.000,9999.000,9999.000,9999.000,9999.000
202602272330,  -0.220,9999.000,9999.000,9999.000,9999.000,9999.000,9999.000,9999.000,9999.000
202602272336,  -0.223,9999.000,9999.000,9999.000,9999.000,9999.000,9999.000,9999.000,9999.000
202602272342,  -0.226,9999.000,9999.000,9999.000,9999.000,9999.000,9999.000,9999.000,9999.000
202602272348,  -0.229,9999.000,9999.000,9999.000,9999.000,9999.000,9999.000,9999.000,9999.000
202602272354,  -0.231,9999.000,9999.000,9999.000,9999.000,9999.000,9999.000,9999.000,9999.000
202602280000,  -0.233,9999.000,  -2.200,   0.503,  -1.930,  -2.400,  -2.130,  -2.100,  -1.830
202602280006,  -0.234,9999.000,9999.000,9999.000,9999.000,9999.000,9999.000,9999.000,9999.000
202602280012,  -0.236,9999.000,9999.000,9999.000,9999.000,9999.000,9999.000,9999.000,9999.000
202602280018,  -0.236,9999.000,9999.000,9999.000,9999.000,9999.000,9999.000,9999.000,9999.000
202602280024,  -0.237,9999.000,9999.000,9999.000,9999.000,9999.000,9999.000,9999.000,9999.000
202602280030,  -0.237,9999.000,9999.000,9999.000,9999.000,9999.000,9999.000,9999.000,9999.000
202602280036,  -0.236,9999.000,9999.000,9999.000,9999.000,9999.000,9999.000,9999.000,9999.000
202602280042,  -0.236,9999.000,9999.000,9999.000,9999.000,9999.000,9999.000,9999.000,9999.000
202602280048,  -0.235,9999.000,9999.000,9999.000,9999.000,9999.000,9999.000,9999.000,9999.000
202602280054,  -0.233,9999.000,9999.000,9999.000,9999.000,9999.000,9999.000,9999.000,9999.000
202602280100,  -0.231,9999.000,  -1.800,   0.503,  -1.528,  -2.300,  -2.028,  -1.100,  -0.828
202602280106,  -0.229,9999.000,9999.000,9999.000,9999.000,9999.000,9999.000,9999.000,9999.000
202602280112,  -0.226,9999.000,9999.000,9999.000,9999.000,9999.000,9999.000,9999.000,9999.000
202602280118,  -0.223,9999.000,9999.000,9999.000,9999.000,9999.000,9999.000,9999.000,9999.000
202602280124,  -0.219,9999.000,9999.000,9999.000,9999.000,9999.000,9999.000,9999.000,9999.000
202602280130,  -0.215,9999.000,9999.000,9999.000,9999.000,9999.000,9999.000,9999.000,9999.000
202602280136,  -0.211,9999.000,9999.000,9999.000,9999.000,9999.000,9999.000,9999.000,9999.000
202602280142,  -0.206,9999.000,9999.000,9999.000,9999.000,9999.000,9999.000,9999.000,9999.000
202602280148,  -0.201,9999.000,9999.000,9999.000,9999.000,9999.000,9999.000,9999.000,9999.000
202602280154,  -0.195,9999.000,9999.000,9999.000,9999.000,9999.000,9999.000,9999.000,9999.000
202602280200,  -0.189,9999.000,  -1.200,   0.503,  -0.886,  -2.000,  -1.686,  -0.700,  -0.386
202602280206,  -0.183,9999.000,9999.000,9999.000,9999.000,9999.000,9999.000,9999.000,9999.000
202602280212,  -0.176,9999.000,9999.000,9999.000,9999.000,9999.000,9999.000,9999.000,9999.000
202602280218,  -0.169,9999.000,9999.000,9999.000,9999.000,9999.000,9999.000,9999.000,9999.000
202602280224,  -0.162,9999.000,9999.000,9999.000,9999.000,9999.000,9999.000,9999.000,9999.000
202602280230,  -0.154,9999.000,9999.000,9999.000,9999.000,9999.000,9999.000,9999.000,9999.000
202602280236,  -0.146,9999.000,9999.000,9999.000,9999.000,9999.000,9999.000,9999.000,9999.000
202602280242,  -0.137,9999.000,9999.000,9999.000,9999.000,9999.000,9999.000,9999.000,9999.000
202602280248,  -0.128,9999.000,9999.000,9999.000,9999.000,9999.000,9999.000,9999.000,9999.000
202602280254,  -0.119,9999.000,9999.000,9999.000,9999.000,9999.000,9999.000,9999.000,9999.000
202602280300,  -0.110,9999.000,  -0.700,   0.503,  -0.307,  -1.200,  -0.807,  -0.100,   0.293
202602280306,  -0.100,9999.000,9999.000,9999.000,9999.000,9999.000,9999.000,9999.000,9999.000
202602280312,  -0.090,9999.000,9999.000,9999.000,9999.000,9999.000,9999.000,9999.000,9999.000
202602280318,  -0.080,9999.000,9999.000,9999.000,9999.000,9999.000,9999.000,9999.000,9999.000
202602280324,  -0.070,9999.000,9999.000,9999.000,9999.000,9999.000,9999.000,9999.000,9999.000
202602280330,  -0.059,9999.000,9999.000,9999.000,9999.000,9999.000,9999.000,9999.000,9999.000
202602280336,  -0.048,9999.000,9999.000,9999.000,9999.000,9999.000,9999.000,9999.000,9999.000
202602280342,  -0.037,9999.000,9999.000,9999.000,9999.000,9999.000,9999.000,9999.000,9999.000
202602280348,  -0.026,9999.000,9999.000,9999.000,9999.000,9999.000,9999.000,9999.000,9999.000
202602280354,  -0.015,9999.000,9999.000,9999.000,9999.000,9999.000,9999.000,9999.000,9999.000
202602280400,  -0.004,9999.000,  -0.400,   0.503,   0.099,  -0.900,  -0.401,   0.200,   0.699
202602280406,   0.007,9999.000,9999.000,9999.000,9999.000,9999.000,9999.000,9999.000,9999.000
202602280412,   0.018,9999.000,9999.000,9999.000,9999.000,9999.000,9999.000,9999.000,9999.000
202602280418,   0.030,9999.000,9999.000,9999.000,9999.000,9999.000,9999.000,9999.000,9999.000
202602280424,   0.042,9999.000,9999.000,9999.000,9999.000,9999.000,9999.000,9999.000,9999.000
202602280430,   0.053,9999.000,9999.000,9999.000,9999.000,9999.000,9999.000,9999.000,9999.000
202602280436,   0.065,9999.000,9999.000,9999.000,9999.000,9999.000,9999.000,9999.000,9999.000
202602280442,   0.077,9999.000,9999.000,9999.000,9999.000,9999.000,9999.000,9999.000,9999.000
202602280448,   0.088,9999.000,9999.000,9999.000,9999.000,9999.000,9999.000,9999.000,9999.000
202602280454,   0.100,9999.000,9999.000,9999.000,9999.000,9999.000,9999.000,9999.000,9999.000
202602280500,   0.112,9999.000,  -0.100,   0.503,   0.515,  -0.600,   0.015,   0.600,   1.215
202602280506,   0.123,9999.000,9999.000,9999.000,9999.000,9999.000,9999.000,9999.000,9999.000
202602280512,   0.134,9999.000,9999.000,9999.000,9999.000,9999.000,9999.000,9999.000,9999.000
202602280518,   0.145,9999.000,9999.000,9999.000,9999.000,9999.000,9999.000,9999.000,9999.000
202602280524,   0.156,9999.000,9999.000,9999.000,9999.000,9999.000,9999.000,9999.000,9999.000
202602280530,   0.167,9999.000,9999.000,9999.000,9999.000,9999.000,9999.000,9999.000,9999.000
202602280536,   0.178,9999.000,9999.000,9999.000,9999.000,9999.000,9999.000,9999.000,9999.000
202602280542,   0.188,9999.000,9999.000,9999.000,9999.000,9999.000,9999.000,9999.000,9999.000
202602280548,   0.198,9999.000,9999.000,9999.000,9999.000,9999.000,9999.000,9999.000,9999.000
202602280554,   0.208,9999.000,9999.000,9999.000,9999.000,9999.000,9999.000,9999.000,9999.000
202602280600,   0.218,9999.000,   0.200,   0.503,   0.921,  -0.300,   0.421,   0.900,   1.621
202602280606,   0.227,9999.000,9999.000,9999.000,9999.000,9999.000,9999.000,9999.000,9999.000
202602280612,   0.236,9999.000,9999.000,9999.000,9999.000,9999.000,9999.000,9999.000,9999.000
202602280618,   0.245,9999.000,9999.000,9999.000,9999.000,9999.000,9999.000,9999.000,9999.000
202602280624,   0.253,9999.000,9999.000,9999.000,9999.000,9999.000,9999.000,9999.000,9999.000
202602280630,   0.261,9999.000,9999.000,9999.000,9999.000,9999.000,9999.000,9999.000,9999.000
202602280636,   0.269,9999.000,9999.000,9999.000,9999.000,9999.000,9999.000,9999.000,9999.000
202602280642,   0.276,9999.000,9999.000,9999.000,9999.000,9999.000,9999.000,9999.000,9999.000
202602280648,   0.283,9999.000,9999.000,9999.000,9999.000,9999.000,9999.000,9999.000,9999.000
202602280654,   0.290,9999.000,9999.000,9999.000,9999.000,9999.000,9999.000,9999.000,9999.000
202602280700,   0.296,9999.000,   0.500,   0.503,   1.299,   0.000,   0.799,   1.200,   1.999
202602280706,   0.301,9999.000,9999.000,9999.000,9999.000,9999.000,9999.000,9999.000,9999.000
202602280712,   0.307,9999.000,9999.000,9999.000,9999.000,9999.000,9999.000,9999.000,9999.000
202602280718,   0.311,9999.000,9999.000,9999.000,9999.000,9999.000,9999.000,9999.000,9999.000
202602280724,   0.316,9999.000,9999.000,9999.000,9999.000,9999.000,9999.000,9999.000,9999.000
202602280730,   0.320,9999.000,9999.000,9999.000,9999.000,9999.000,9999.000,9999.000,9999.000
202602280736,   0.323,9999.000,9999.000,9999.000,9999.000,9999.000,9999.000,9999.000,9999.000
202602280742,   0.326,9999.000,9999.000,9999.000,9999.000,9999.000,9999.000,9999.000,9999.000
202602280748,   0.329,9999.000,9999.000,9999.000,9999.000,9999.000,9999.000,9999.000,9999.000
202602280754,   0.331,9999.000,9999.000,9999.000,9999.000,9999.000,9999.000,9999.000,9999.000
202602280800,   0.332,9999.000,   0.700,   0.503,   1.535,   0.200,   1.035,   1.300,   2.135
202602280806,   0.333,9999.000,9999.000,9999.000,9999.000,9999.000,9999.000,9999.000,9999.000
202602280812,   0.334,9999.000,9999.000,9999.000,9999.000,9999.000,9999.000,9999.000,9999.000
202602280818,   0.334,9999.000,9999.000,9999.000,9999.000,9999.000,9999.000,9999.000,9999.000
202602280824,   0.334,9999.000,9999.000,9999.000,9999.000,9999.000,9999.000,9999.000,9999.000
202602280830,   0.333,9999.000,9999.000,9999.000,9999.000,9999.000,9999.000,9999.000,9999.000
202602280836,   0.332,9999.000,9999.000,9999.000,9999.000,9999.000,9999.000,9999.000,9999.000
202602280842,   0.331,9999.000,9999.000,9999.000,9999.000,9999.000,9999.000,9999.000,9999.000
202602280848,   0.329,9999.000,9999.000,9999.000,9999.000,9999.000,9999.000,9999.000,9999.000
202602280854,   0.326,9999.000,9999.000,9999.000,9999.000,9999.000,9999.000,9999.000,9999.000
202602280900,   0.323,9999.000,   0.700,   0.503,   1.526,   0.300,   1.126,   1.300,   2.126
202602280906,   0.320,9999.000,9999.000,9999.000,9999.000,9999.000,9999.000,9999.000,9999.000
202602280912,   0.316,9999.000,9999.000,9999.000,9999.000,9999.000,9999.000,9999.000,9999.000
202602280918,   0.312,9999.000,9999.000,9999.000,9999.000,9999.000,9999.000,9999.000,9999.000
202602280924,   0.308,9999.000,9999.000,9999.000,9999.000,9999.000,9999.000,9999.000,9999.000
202602280930,   0.303,9999.000,9999.000,9999.000,9999.000,9999.000,9999.000,9999.000,9999.000
202602280936,   0.298,9999.000,9999.000,9999.000,9999.000,9999.000,9999.000,9999.000,9999.000
202602280942,   0.293,9999.000,9999.000,9999.000,9999.000,9999.000,9999.000,9999.000,9999.000
202602280948,   0.287,9999.000,9999.000,9999.000,9999.000,9999.000,9999.000,9999.000,9999.000
202602280954,   0.281,9999.000,9999.000,9999.000,9999.000,9999.000,9999.000,9999.000,9999.000
202602281000,   0.274,9999.000,   0.800,   0.503,   1.577,   0.400,   1.177,   1.200,   1.977
202602281006,   0.268,9999.000,9999.000,9999.000,9999.000,9999.000,9999.000,9999.000,9999.000
202602281012,   0.261,9999.000,9999.000,9999.000,9999.000,9999.000,9999.000,9999.000,9999.000
202602281018,   0.254,9999.000,9999.000,9999.000,9999.000,9999.000,9999.000,9999.000,9999.000
202602281024,   0.247,9999.000,9999.000,9999.000,9999.000,9999.000,9999.000,9999.000,9999.000
202602281030,   0.239,9999.000,9999.000,9999.000,9999.000,9999.000,9999.000,9999.000,9999.000
202602281036,   0.231,9999.000,9999.000,9999.000,9999.000,9999.000,9999.000,9999.000,9999.000
202602281042,   0.223,9999.000,9999.000,9999.000,9999.000,9999.000,9999.000,9999.000,9999.000
202602281048,   0.216,9999.000,9999.000,9999.000,9999.000,9999.000,9999.000,9999.000,9999.000
202602281054,   0.207,9999.000,9999.000,9999.000,9999.000,9999.000,9999.000,9999.000,9999.000
202602281100,   0.199,9999.000,   0.800,   0.503,   1.502,   0.400,   1.102,   1.200,   1.902
202602281106,   0.191,9999.000,9999.000,9999.000,9999.000,9999.000,9999.000,9999.000,9999.000
202602281112,   0.183,9999.000,9999.000,9999.000,9999.000,9999.000,9999.000,9999.000,9999.000
202602281118,   0.174,9999.000,9999.000,9999.000,9999.000,9999.000,9999.000,9999.000,9999.000
202602281124,   0.166,9999.000,9999.000,9999.000,9999.000,9999.000,9999.000,9999.000,9999.000
202602281130,   0.158,9999.000,9999.000,9999.000,9999.000,9999.000,9999.000,9999.000,9999.000
202602281136,   0.149,9999.000,9999.000,9999.000,9999.000,9999.000,9999.000,9999.000,9999.000
202602281142,   0.141,9999.000,9999.000,9999.000,9999.000,9999.000,9999.000,9999.000,9999.000
202602281148,   0.133,9999.000,9999.000,9999.000,9999.000,9999.000,9999.000,9999.000,9999.000
202602281154,   0.124,9999.000,9999.000,9999.000,9999.000,9999.000,9999.000,9999.000,9999.000
202602281200,   0.116,9999.000,   0.700,   0.503,   1.319,   0.400,   1.019,   1.000,   1.619
202602281206,   0.109,9999.000,9999.000,9999.000,9999.000,9999.000,9999.000,9999.000,9999.000
202602281212,   0.101,9999.000,9999.000,9999.000,9999.000,9999.000,9999.000,9999.000,9999.000
202602281218,   0.093,9999.000,9999.000,9999.000,9999.000,9999.000,9999.000,9999.000,9999.000
202602281224,   0.086,9999.000,9999.000,9999.000,9999.000,9999.000,9999.000,9999.000,9999.000
202602281230,   0.078,9999.000,9999.000,9999.000,9999.000,9999.000,9999.000,9999.000,9999.000
202602281236,   0.071,9999.000,9999.000,9999.000,9999.000,9999.000,9999.000,9999.000,9999.000
202602281242,   0.064,9999.000,9999.000,9999.000,9999.000,9999.000,9999.000,9999.000,9999.000
202602281248,   0.058,9999.000,9999.000,9999.000,9999.000,9999.000,9999.000,9999.000,9999.000
202602281254,   0.052,9999.000,9999.000,9999.000,9999.000,9999.000,9999.000,9999.000,9999.000
202602281300,   0.045,9999.000,   0.600,   0.503,   1.148,   0.300,   0.848,   0.900,   1.448
202602281306,   0.040,9999.000,9999.000,9999.000,9999.000,9999.000,9999.000,9999.000,9999.000
202602281312,   0.034,9999.000,9999.000,9999.000,9999.000,9999.000,9999.000,9999.000,9999.000
202602281318,   0.029,9999.000,9999.000,9999.000,9999.000,9999.000,9999.000,9999.000,9999.000
202602281324,   0.024,9999.000,9999.000,9999.000,9999.000,9999.000,9999.000,9999.000,9999.000
202602281330,   0.019,9999.000,9999.000,9999.000,9999.000,9999.000,9999.000,9999.000,9999.000
202602281336,   0.015,9999.000,9999.000,9999.000,9999.000,9999.000,9999.000,9999.000,9999.000
202602281342,   0.011,9999.000,9999.000,9999.000,9999.000,9999.000,9999.000,9999.000,9999.000
202602281348,   0.008,9999.000,9999.000,9999.000,9999.000,9999.000,9999.000,9999.000,9999.000
202602281354,   0.004,9999.000,9999.000,9999.000,9999.000,9999.000,9999.000,9999.000,9999.000
202602281400,   0.001,9999.000,   0.400,   0.503,   0.904,   0.200,   0.704,   0.900,   1.404
202602281406,   0.000,9999.000,9999.000,9999.000,9999.000,9999.000,9999.000,9999.000,9999.000
202602281412,  -0.002,9999.000,9999.000,9999.000,9999.000,9999.000,9999.000,9999.000,9999.000
202602281418,  -0.004,9999.000,9999.000,9999.000,9999.000,9999.000,9999.000,9999.000,9999.000
202602281424,  -0.006,9999.000,9999.000,9999.000,9999.000,9999.000,9999.000,9999.000,9999.000
202602281430,  -0.007,9999.000,9999.000,9999.000,9999.000,9999.000,9999.000,9999.000,9999.000
202602281436,  -0.008,9999.000,9999.000,9999.000,9999.000,9999.000,9999.000,9999.000,9999.000
202602281442,  -0.008,9999.000,9999.000,9999.000,9999.000,9999.000,9999.000,9999.000,9999.000
202602281448,  -0.009,9999.000,9999.000,9999.000,9999.000,9999.000,9999.000,9999.000,9999.000
202602281454,  -0.008,9999.000,9999.000,9999.000,9999.000,9999.000,9999.000,9999.000,9999.000
202602281500,  -0.008,9999.000,   0.300,   0.503,   0.795,   0.000,   0.495,   0.700,   1.195
202602281506,  -0.007,9999.000,9999.000,9999.000,9999.000,9999.000,9999.000,9999.000,9999.000
202602281512,  -0.006,9999.000,9999.000,9999.000,9999.000,9999.000,9999.000,9999.000,9999.000
202602281518,  -0.004,9999.000,9999.000,9999.000,9999.000,9999.000,9999.000,9999.000,9999.000
202602281524,  -0.003,9999.000,9999.000,9999.000,9999.000,9999.000,9999.000,9999.000,9999.000
202602281530,  -0.001,9999.000,9999.000,9999.000,9999.000,9999.000,9999.000,9999.000,9999.000
202602281536,   0.001,9999.000,9999.000,9999.000,9999.000,9999.000,9999.000,9999.000,9999.000
202602281542,   0.003,9999.000,9999.000,9999.000,9999.000,9999.000,9999.000,9999.000,9999.000
202602281548,   0.006,9999.000,9999.000,9999.000,9999.000,9999.000,9999.000,9999.000,9999.000
202602281554,   0.009,9999.000,9999.000,9999.000,9999.000,9999.000,9999.000,9999.000,9999.000
202602281600,   0.012,9999.000,   0.100,   0.503,   0.615,  -0.100,   0.415,   0.400,   0.915
202602281606,   0.016,9999.000,9999.000,9999.000,9999.000,9999.000,9999.000,9999.000,9999.000
202602281612,   0.019,9999.000,9999.000,9999.000,9999.000,9999.000,9999.000,9999.000,9999.000
202602281618,   0.023,9999.000,9999.000,9999.000,9999.000,9999.000,9999.000,9999.000,9999.000
202602281624,   0.027,9999.000,9999.000,9999.000,9999.000,9999.000,9999.000,9999.000,9999.000
202602281630,   0.031,9999.000,9999.000,9999.000,9999.000,9999.000,9999.000,9999.000,9999.000
202602281636,   0.036,9999.000,9999.000,9999.000,9999.000,9999.000,9999.000,9999.000,9999.000
202602281642,   0.040,9999.000,9999.000,9999.000,9999.000,9999.000,9999.000,9999.000,9999.000
202602281648,   0.044,9999.000,9999.000,9999.000,9999.000,9999.000,9999.000,9999.000,9999.000
202602281654,   0.049,9999.000,9999.000,9999.000,9999.000,9999.000,9999.000,9999.000,9999.000
202602281700,   0.053,9999.000,   0.000,   0.503,   0.556,  -0.300,   0.256,   0.200,   0.756
202602281706,   0.058,9999.000,9999.000,9999.000,9999.000,9999.000,9999.000,9999.000,9999.000
202602281712,   0.062,9999.000,9999.000,9999.000,9999.000,9999.000,9999.000,9999.000,9999.000
202602281718,   0.067,9999.000,9999.000,9999.000,9999.000,9999.000,9999.000,9999.000,9999.000
202602281724,   0.071,9999.000,9999.000,9999.000,9999.000,9999.000,9999.000,9999.000,9999.000
202602281730,   0.076,9999.000,9999.000,9999.000,9999.000,9999.000,9999.000,9999.000,9999.000
202602281736,   0.080,9999.000,9999.000,9999.000,9999.000,9999.000,9999.000,9999.000,9999.000
202602281742,   0.084,9999.000,9999.000,9999.000,9999.000,9999.000,9999.000,9999.000,9999.000
202602281748,   0.088,9999.000,9999.000,9999.000,9999.000,9999.000,9999.000,9999.000,9999.000
202602281754,   0.092,9999.000,9999.000,9999.000,9999.000,9999.000,9999.000,9999.000,9999.000
202602281800,   0.096,9999.000,  -0.200,   0.503,   0.399,  -0.500,   0.099,   0.100,   0.699
202602281806,   0.100,9999.000,9999.000,9999.000,9999.000,9999.000,9999.000,9999.000,9999.000
202602281812,   0.104,9999.000,9999.000,9999.000,9999.000,9999.000,9999.000,9999.000,9999.000
202602281818,   0.107,9999.000,9999.000,9999.000,9999.000,9999.000,9999.000,9999.000,9999.000
202602281824,   0.110,9999.000,9999.000,9999.000,9999.000,9999.000,9999.000,9999.000,9999.000
202602281830,   0.113,9999.000,9999.000,9999.000,9999.000,9999.000,9999.000,9999.000,9999.000
202602281836,   0.115,9999.000,9999.000,9999.000,9999.000,9999.000,9999.000,9999.000,9999.000
202602281842,   0.118,9999.000,9999.000,9999.000,9999.000,9999.000,9999.000,9999.000,9999.000
202602281848,   0.120,9999.000,9999.000,9999.000,9999.000,9999.000,9999.000,9999.000,9999.000
202602281854,   0.121,9999.000,9999.000,9999.000,9999.000,9999.000,9999.000,9999.000,9999.000
202602281900,   0.123,9999.000,  -0.400,   0.503,   0.226,  -0.700,  -0.074,   0.000,   0.626
202602281906,   0.124,9999.000,9999.000,9999.000,9999.000,9999.000,9999.000,9999.000,9999.000
202602281912,   0.125,9999.000,9999.000,9999.000,9999.000,9999.000,9999.000,9999.000,9999.000
202602281918,   0.125,9999.000,9999.000,9999.000,9999.000,9999.000,9999.000,9999.000,9999.000
202602281924,   0.125,9999.000,9999.000,9999.000,9999.000,9999.000,9999.000,9999.000,9999.000
202602281930,   0.125,9999.000,9999.000,9999.000,9999.000,9999.000,9999.000,9999.000,9999.000
202602281936,   0.125,9999.000,9999.000,9999.000,9999.000,9999.000,9999.000,9999.000,9999.000
202602281942,   0.124,9999.000,9999.000,9999.000,9999.000,9999.000,9999.000,9999.000,9999.000
202602281948,   0.122,9999.000,9999.000,9999.000,9999.000,9999.000,9999.000,9999.000,9999.000
202602281954,   0.120,9999.000,9999.000,9999.000,9999.000,9999.000,9999.000,9999.000,9999.000
202602282000,   0.118,9999.000,  -0.600,   0.503,   0.021,  -1.000,  -0.379,  -0.100,   0.521
202602282006,   0.116,9999.000,9999.000,9999.000,9999.000,9999.000,9999.000,9999.000,9999.000
202602282012,   0.113,9999.000,9999.000,9999.000,9999.000,9999.000,9999.000,9999.000,9999.000
202602282018,   0.110,9999.000,9999.000,9999.000,9999.000,9999.000,9999.000,9999.000,9999.000
202602282024,   0.106,9999.000,9999.000,9999.000,9999.000,9999.000,9999.000,9999.000,9999.000
202602282030,   0.102,9999.000,9999.000,9999.000,9999.000,9999.000,9999.000,9999.000,9999.000
202602282036,   0.098,9999.000,9999.000,9999.000,9999.000,9999.000,9999.000,9999.000,9999.000
202602282042,   0.093,9999.000,9999.000,9999.000,9999.000,9999.000,9999.000,9999.000,9999.000
202602282048,   0.088,9999.000,9999.000,9999.000,9999.000,9999.000,9999.000,9999.000,9999.000
202602282054,   0.082,9999.000,9999.000,9999.000,9999.000,9999.000,9999.000,9999.000,9999.000
202602282100,   0.076,9999.000,  -0.800,   0.503,  -0.221,  -1.200,  -0.621,  -0.400,   0.179
202602282106,   0.070,9999.000,9999.000,9999.000,9999.000,9999.000,9999.000,9999.000,9999.000
202602282112,   0.063,9999.000,9999.000,9999.000,9999.000,9999.000,9999.000,9999.000,9999.000
202602282118,   0.057,9999.000,9999.000,9999.000,9999.000,9999.000,9999.000,9999.000,9999.000
202602282124,   0.049,9999.000,9999.000,9999.000,9999.000,9999.000,9999.000,9999.000,9999.000
202602282130,   0.042,9999.000,9999.000,9999.000,9999.000,9999.000,9999.000,9999.000,9999.000
202602282136,   0.034,9999.000,9999.000,9999.000,9999.000,9999.000,9999.000,9999.000,9999.000
202602282142,   0.026,9999.000,9999.000,9999.000,9999.000,9999.000,9999.000,9999.000,9999.000
202602282148,   0.018,9999.000,9999.000,9999.000,9999.000,9999.000,9999.000,9999.000,9999.000
202602282154,   0.009,9999.000,9999.000,9999.000,9999.000,9999.000,9999.000,9999.000,9999.000
202602282200,   0.001,9999.000,  -1.000,   0.503,  -0.496,  -1.300,  -0.796,  -0.600,  -0.096
202602282206,  -0.007,9999.000,9999.000,9999.000,9999.000,9999.000,9999.000,9999.000,9999.000
202602282212,  -0.017,9999.000,9999.000,9999.000,9999.000,9999.000,9999.000,9999.000,9999.000
202602282218,  -0.026,9999.000,9999.000,9999.000,9999.000,9999.000,9999.000,9999.000,9999.000
202602282224,  -0.035,9999.000,9999.000,9999.000,9999.000,9999.000,9999.000,9999.000,9999.000
202602282230,  -0.045,9999.000,9999.000,9999.000,9999.000,9999.000,9999.000,9999.000,9999.000
202602282236,  -0.054,9999.000,9999.000,9999.000,9999.000,9999.000,9999.000,9999.000,9999.000
202602282242,  -0.064,9999.000,9999.000,9999.000,9999.000,9999.000,9999.000,9999.000,9999.000
202602282248,  -0.074,9999.000,9999.000,9999.000,9999.000,9999.000,9999.000,9999.000,9999.000
202602282254,  -0.084,9999.000,9999.000,9999.000,9999.000,9999.000,9999.000,9999.000,9999.000
202602282300,  -0.093,9999.000,  -1.100,   0.503,  -0.690,  -1.400,  -0.990,  -0.800,  -0.390
202602282306,  -0.103,9999.000,9999.000,9999.000,9999.000,9999.000,9999.000,9999.000,9999.000
202602282312,  -0.113,9999.000,9999.000,9999.000,9999.000,9999.000,9999.000,9999.000,9999.000
202602282318,  -0.123,9999.000,9999.000,9999.000,9999.000,9999.000,9999.000,9999.000,9999.000
202602282324,  -0.132,9999.000,9999.000,9999.000,9999.000,9999.000,9999.000,9999.000,9999.000
202602282330,  -0.142,9999.000,9999.000,9999.000,9999.000,9999.000,9999.000,9999.000,9999.000
202602282336,  -0.151,9999.000,9999.000,9999.000,9999.000,9999.000,9999.000,9999.000,9999.000
202602282342,  -0.160,9999.000,9999.000,9999.000,9999.000,9999.000,9999.000,9999.000,9999.000
202602282348,  -0.169,9999.000,9999.000,9999.000,9999.000,9999.000,9999.000,9999.000,9999.000
202602282354,  -0.178,9999.000,9999.000,9999.000,9999.000,9999.000,9999.000,9999.000,9999.000
202603010000,  -0.186,9999.000,  -1.300,   0.503,  -0.983,  -1.500,  -1.183,  -1.000,  -0.683
202603010006,  -0.195,9999.000,9999.000,9999.000,9999.000,9999.000,9999.000,9999.000,9999.000
202603010012,  -0.203,9999.000,9999.000,9999.000,9999.000,9999.000,9999.000,9999.000,9999.000
202603010018,  -0.210,9999.000,9999.000,9999.000,9999.000,9999.000,9999.000,9999.000,9999.000
202603010024,  -0.218,9999.000,9999.000,9999.000,9999.000,9999.000,9999.000,9999.000,9999.000
202603010030,  -0.225,9999.000,9999.000,9999.000,9999.000,9999.000,9999.000,9999.000,9999.000
202603010036,  -0.231,9999.000,9999.000,9999.000,9999.000,9999.000,9999.000,9999.000,9999.000
202603010042,  -0.238,9999.000,9999.000,9999.000,9999.000,9999.000,9999.000,9999.000,9999.000
202603010048,  -0.244,9999.000,9999.000,9999.000,9999.000,9999.000,9999.000,9999.000,9999.000
202603010054,  -0.249,9999.000,9999.000,9999.000,9999.000,9999.000,9999.000,9999.000,9999.000
202603010100,  -0.254,9999.000,  -1.400,   0.503,  -1.151,  -1.700,  -1.451,  -1.200,  -0.951
202603010106,  -0.259,9999.000,9999.000,9999.000,9999.000,9999.000,9999.000,9999.000,9999.000
202603010112,  -0.263,9999.000,9999.000,9999.000,9999.000,9999.000,9999.000,9999.000,9999.000
202603010118,  -0.267,9999.000,9999.000,9999.000,9999.000,9999.000,9999.000,9999.000,9999.000
202603010124,  -0.270,9999.000,9999.000,9999.000,9999.000,9999.000,9999.000,9999.000,9999.000
202603010130,  -0.272,9999.000,9999.000,9999.000,9999.000,9999.000,9999.000,9999.000,9999.000
202603010136,  -0.275,9999.000,9999.000,9999.000,9999.000,9999.000,9999.000,9999.000,9999.000
202603010142,  -0.276,9999.000,9999.000,9999.000,9999.000,9999.000,9999.000,9999.000,9999.000
202603010148,  -0.277,9999.000,9999.000,9999.000,9999.000,9999.000,9999.000,9999.000,9999.000
202603010154,  -0.278,9999.000,9999.000,9999.000,9999.000,9999.000,9999.000,9999.000,9999.000
202603010200,  -0.278,9999.000,  -1.500,   0.503,  -1.275,  -1.700,  -1.475,  -1.300,  -1.075
202603010206,  -0.277,9999.000,9999.000,9999.000,9999.000,9999.000,9999.000,9999.000,9999.000
202603010212,  -0.276,9999.000,9999.000,9999.000,9999.000,9999.000,9999.000,9999.000,9999.000
202603010218,  -0.274,9999.000,9999.000,9999.000,9999.000,9999.000,9999.000,9999.000,9999.000
202603010224,  -0.272,9999.000,9999.000,9999.000,9999.000,9999.000,9999.000,9999.000,9999.000
202603010230,  -0.269,9999.000,9999.000,9999.000,9999.000,9999.000,9999.000,9999.000,9999.000
202603010236,  -0.266,9999.000,9999.000,9999.000,9999.000,9999.000,9999.000,9999.000,9999.000
202603010242,  -0.262,9999.000,9999.000,9999.000,9999.000,9999.000,9999.000,9999.000,9999.000
202603010248,  -0.258,9999.000,9999.000,9999.000,9999.000,9999.000,9999.000,9999.000,9999.000
202603010254,  -0.253,9999.000,9999.000,9999.000,9999.000,9999.000,9999.000,9999.000,9999.000
202603010300,  -0.247,9999.000,  -1.600,   0.503,  -1.344,  -1.900,  -1.644,  -1.200,  -0.944
202603010306,  -0.241,9999.000,9999.000,9999.000,9999.000,9999.000,9999.000,9999.000,9999.000
202603010312,  -0.234,9999.000,9999.000,9999.000,9999.000,9999.000,9999.000,9999.000,9999.000
202603010318,  -0.227,9999.000,9999.000,9999.000,9999.000,9999.000,9999.000,9999.000,9999.000
202603010324,  -0.220,9999.000,9999.000,9999.000,9999.000,9999.000,9999.000,9999.000,9999.000
202603010330,  -0.212,9999.000,9999.000,9999.000,9999.000,9999.000,9999.000,9999.000,9999.000
202603010336,  -0.203,9999.000,9999.000,9999.000,9999.000,9999.000,9999.000,9999.000,9999.000
202603010342,  -0.194,9999.000,9999.000,9999.000,9999.000,9999.000,9999.000,9999.000,9999.000
202603010348,  -0.185,9999.000,9999.000,9999.000,9999.000,9999.000,9999.000,9999.000,9999.000
202603010354,  -0.175,9999.000,9999.000,9999.000,9999.000,9999.000,9999.000,9999.000,9999.000
202603010400,  -0.164,9999.000,  -1.600,   0.503,  -1.261,  -1.900,  -1.561,  -1.100,  -0.761
202603010406,  -0.154,9999.000,9999.000,9999.000,9999.000,9999.000,9999.000,9999.000,9999.000
202603010412,  -0.143,9999.000,9999.000,9999.000,9999.000,9999.000,9999.000,9999.000,9999.000
202603010418,  -0.131,9999.000,9999.000,9999.000,9999.000,9999.000,9999.000,9999.000,9999.000
202603010424,  -0.119,9999.000,9999.000,9999.000,9999.000,9999.000,9999.000,9999.000,9999.000
202603010430,  -0.107,9999.000,9999.000,9999.000,9999.000,9999.000,9999.000,9999.000,9999.000
202603010436,  -0.095,9999.000,9999.000,9999.000,9999.000,9999.000,9999.000,9999.000,9999.000
202603010442,  -0.083,9999.000,9999.000,9999.000,9999.000,9999.000,9999.000,9999.000,9999.000
202603010448,  -0.070,9999.000,9999.000,9999.000,9999.000,9999.000,9999.000,9999.000,9999.000
202603010454,  -0.057,9999.000,9999.000,9999.000,9999.000,9999.000,9999.000,9999.000,9999.000
202603010500,  -0.044,9999.000,  -1.600,   0.503,  -1.141,  -2.000,  -1.541,  -1.100,  -0.641
202603010506,  -0.030,9999.000,9999.000,9999.000,9999.000,9999.000,9999.000,9999.000,9999.000
202603010512,  -0.017,9999.000,9999.000,9999.000,9999.000,9999.000,9999.000,9999.000,9999.000
202603010518,  -0.003,9999.000,9999.000,9999.000,9999.000,9999.000,9999.000,9999.000,9999.000
202603010524,   0.009,9999.000,9999.000,9999.000,9999.000,9999.000,9999.000,9999.000,9999.000
202603010530,   0.023,9999.000,9999.000,9999.000,9999.000,9999.000,9999.000,9999.000,9999.000
202603010536,   0.037,9999.000,9999.000,9999.000,9999.000,9999.000,9999.000,9999.000,9999.000
202603010542,   0.050,9999.000,9999.000,9999.000,9999.000,9999.000,9999.000,9999.000,9999.000
202603010548,   0.064,9999.000,9999.000,9999.000,9999.000,9999.000,9999.000,9999.000,9999.000
202603010554,   0.077,9999.000,9999.000,9999.000,9999.000,9999.000,9999.000,9999.000,9999.000
202603010600,   0.091,9999.000,  -1.600,   0.503,  -1.006,  -2.100,  -1.506,  -1.000,  -0.406
202603010606,   0.104,9999.000,9999.000,9999.000,9999.000,9999.000,9999.000,9999.000,9999.000
202603010612,   0.117,9999.000,9999.000,9999.000,9999.000,9999.000,9999.000,9999.000,9999.000
202603010618,   0.130,9999.000,9999.000,9999.000,9999.000,9999.000,9999.000,9999.000,9999.000
202603010624,   0.143,9999.000,9999.000,9999.000,9999.000,9999.000,9999.000,9999.000,9999.000
202603010630,   0.155,9999.000,9999.000,9999.000,9999.000,9999.000,9999.000,9999.000,9999.000
202603010636,   0.167,9999.000,9999.000,9999.000,9999.000,9999.000,9999.000,9999.000,9999.000
202603010642,   0.179,9999.000,9999.000,9999.000,9999.000,9999.000,9999.000,9999.000,9999.000
202603010648,   0.191,9999.000,9999.000,9999.000,9999.000,9999.000,9999.000,9999.000,9999.000
202603010654,   0.202,9999.000,9999.000,9999.000,9999.000,9999.000,9999.000,9999.000,9999.000
202603010700,   0.213,9999.000,  -1.700,   0.503,  -0.984,  -2.100,  -1.384,  -1.000,  -0.284
202603010706,   0.223,9999.000,9999.000,9999.000,9999.000,9999.000,9999.000,9999.000,9999.000
202603010712,   0.234,9999.000,9999.000,9999.000,9999.000,9999.000,9999.000,9999.000,9999.000
202603010718,   0.243,9999.000,9999.000,9999.000,9999.000,9999.000,9999.000,9999.000,9999.000
202603010724,   0.253,9999.000,9999.000,9999.000,9999.000,9999.000,9999.000,9999.000,9999.000
202603010730,   0.261,9999.000,9999.000,9999.000,9999.000,9999.000,9999.000,9999.000,9999.000
202603010736,   0.270,9999.000,9999.000,9999.000,9999.000,9999.000,9999.000,9999.000,9999.000
202603010742,   0.277,9999.000,9999.000,9999.000,9999.000,9999.000,9999.000,9999.000,9999.000
202603010748,   0.285,9999.000,9999.000,9999.000,9999.000,9999.000,9999.000,9999.000,9999.000
202603010754,   0.291,9999.000,9999.000,9999.000,9999.000,9999.000,9999.000,9999.000,9999.000
202603010800,   0.298,9999.000,  -1.700,   0.503,  -0.899,  -2.200,  -1.399,  -0.900,  -0.099
202603010806,   0.303,9999.000,9999.000,9999.000,9999.000,9999.000,9999.000,9999.000,9999.000
202603010812,   0.308,9999.000,9999.000,9999.000,9999.000,9999.000,9999.000,9999.000,9999.000
202603010818,   0.313,9999.000,9999.000,9999.000,9999.000,9999.000,9999.000,9999.000,9999.000
202603010824,   0.317,9999.000,9999.000,9999.000,9999.000,9999.000,9999.000,9999.000,9999.000
202603010830,   0.320,9999.000,9999.000,9999.000,9999.000,9999.000,9999.000,9999.000,9999.000
202603010836,   0.323,9999.000,9999.000,9999.000,9999.000,9999.000,9999.000,9999.000,9999.000
202603010842,   0.325,9999.000,9999.000,9999.000,9999.000,9999.000,9999.000,9999.000,9999.000
202603010848,   0.327,9999.000,9999.000,9999.000,9999.000,9999.000,9999.000,9999.000,9999.000
202603010854,   0.328,9999.000,9999.000,9999.000,9999.000,9999.000,9999.000,9999.000,9999.000
202603010900,   0.328,9999.000,  -1.700,   0.503,  -0.869,  -2.300,  -1.469,  -0.900,  -0.069
202603010906,   0.328,9999.000,9999.000,9999.000,9999.000,9999.000,9999.000,9999.000,9999.000
202603010912,   0.328,9999.000,9999.000,9999.000,9999.000,9999.000,9999.000,9999.000,9999.000
202603010918,   0.326,9999.000,9999.000,9999.000,9999.000,9999.000,9999.000,9999.000,9999.000
202603010924,   0.325,9999.000,9999.000,9999.000,9999.000,9999.000,9999.000,9999.000,9999.000
202603010930,   0.322,9999.000,9999.000,9999.000,9999.000,9999.000,9999.000,9999.000,9999.000
202603010936,   0.319,9999.000,9999.000,9999.000,9999.000,9999.000,9999.000,9999.000,9999.000
202603010942,   0.316,9999.000,9999.000,9999.000,9999.000,9999.000,9999.000,9999.000,9999.000
202603010948,   0.312,9999.000,9999.000,9999.000,9999.000,9999.000,9999.000,9999.000,9999.000
202603010954,   0.307,9999.000,9999.000,9999.000,9999.000,9999.000,9999.000,9999.000,9999.000
202603011000,   0.302,9999.000,  -1.700,   0.503,  -0.895,  -2.300,  -1.495,  -0.800,   0.005
202603011006,   0.296,9999.000,9999.000,9999.000,9999.000,9999.000,9999.000,9999.000,9999.000
202603011012,   0.290,9999.000,9999.000,9999.000,9999.000,9999.000,9999.000,9999.000,9999.000
202603011018,   0.284,9999.000,9999.000,9999.000,9999.000,9999.000,9999.000,9999.000,9999.000
202603011024,   0.277,9999.000,9999.000,9999.000,9999.000,9999.000,9999.000,9999.000,9999.000
202603011030,   0.270,9999.000,9999.000,9999.000,9999.000,9999.000,9999.000,9999.000,9999.000
202603011036,   0.262,9999.000,9999.000,9999.000,9999.000,9999.000,9999.000,9999.000,9999.000
202603011042,   0.254,9999.000,9999.000,9999.000,9999.000,9999.000,9999.000,9999.000,9999.000
202603011048,   0.246,9999.000,9999.000,9999.000,9999.000,9999.000,9999.000,9999.000,9999.000
202603011054,   0.237,9999.000,9999.000,9999.000,9999.000,9999.000,9999.000,9999.000,9999.000
202603011100,   0.228,9999.000,  -1.600,   0.503,  -0.869,  -2.300,  -1.569,  -0.800,  -0.069
202603011106,   0.219,9999.000,9999.000,9999.000,9999.000,9999.000,9999.000,9999.000,9999.000
202603011112,   0.209,9999.000,9999.000,9999.000,9999.000,9999.000,9999.000,9999.000,9999.000
202603011118,   0.200,9999.000,9999.000,9999.000,9999.000,9999.000,9999.000,9999.000,9999.000
202603011124,   0.190,9999.000,9999.000,9999.000,9999.000,9999.000,9999.000,9999.000,9999.000
202603011130,   0.180,9999.000,9999.000,9999.000,9999.000,9999.000,9999.000,9999.000,9999.000
202603011136,   0.170,9999.000,9999.000,9999.000,9999.000,9999.000,9999.000,9999.000,9999.000
202603011142,   0.159,9999.000,9999.000,9999.000,9999.000,9999.000,9999.000,9999.000,9999.000
202603011148,   0.149,9999.000,9999.000,9999.000,9999.000,9999.000,9999.000,9999.000,9999.000
202603011154,   0.138,9999.000,9999.000,9999.000,9999.000,9999.000,9999.000,9999.000,9999.000
202603011200,   0.128,9999.000,  -1.600,   0.503,  -0.969,  -2.300,  -1.669,  -0.800,  -0.169
202603011206,   0.117,9999.000,9999.000,9999.000,9999.000,9999.000,9999.000,9999.000,9999.000
202603011212,   0.107,9999.000,9999.000,9999.000,9999.000,9999.000,9999.000,9999.000,9999.000
202603011218,   0.097,9999.000,9999.000,9999.000,9999.000,9999.000,9999.000,9999.000,9999.000
202603011224,   0.086,9999.000,9999.000,9999.000,9999.000,9999.000,9999.000,9999.000,9999.000
202603011230,   0.076,9999.000,9999.000,9999.000,9999.000,9999.000,9999.000,9999.000,9999.000
202603011236,   0.066,9999.000,9999.000,9999.000,9999.000,9999.000,9999.000,9999.000,9999.000
202603011242,   0.056,9999.000,9999.000,9999.000,9999.000,9999.000,9999.000,9999.000,9999.000
202603011248,   0.047,9999.000,9999.000,9999.000,9999.000,9999.000,9999.000,9999.000,9999.000
202603011254,   0.037,9999.000,9999.000,9999.000,9999.000,9999.000,9999.000,9999.000,9999.000
202603011300,   0.028,9999.000,  -1.500,   0.503,  -0.969,  -2.300,  -1.769,  -0.700,  -0.169
202603011306,   0.019,9999.000,9999.000,9999.000,9999.000,9999.000,9999.000,9999.000,9999.000
202603011312,   0.011,9999.000,9999.000,9999.000,9999.000,9999.000,9999.000,9999.000,9999.000
202603011318,   0.002,9999.000,9999.000,9999.000,9999.000,9999.000,9999.000,9999.000,9999.000
202603011324,  -0.005,9999.000,9999.000,9999.000,9999.000,9999.000,9999.000,9999.000,9999.000
202603011330,  -0.012,9999.000,9999.000,9999.000,9999.000,9999.000,9999.000,9999.000,9999.000
202603011336,  -0.020,9999.000,9999.000,9999.000,9999.000,9999.000,9999.000,9999.000,9999.000
202603011342,  -0.026,9999.000,9999.000,9999.000,9999.000,9999.000,9999.000,9999.000,9999.000
202603011348,  -0.033,9999.000,9999.000,9999.000,9999.000,9999.000,9999.000,9999.000,9999.000
202603011354,  -0.039,9999.000,9999.000,9999.000,9999.000,9999.000,9999.000,9999.000,9999.000
202603011400,  -0.044,9999.000,  -1.400,   0.503,  -0.941,  -2.200,  -1.741,  -0.600,  -0.141
202603011406,  -0.050,9999.000,9999.000,9999.000,9999.000,9999.000,9999.000,9999.000,9999.000
202603011412,  -0.054,9999.000,9999.000,9999.000,9999.000,9999.000,9999.000,9999.000,9999.000
202603011418,  -0.058,9999.000,9999.000,9999.000,9999.000,9999.000,9999.000,9999.000,9999.000
202603011424,  -0.062,9999.000,9999.000,9999.000,9999.000,9999.000,9999.000,9999.000,9999.000
202603011430,  -0.065,9999.000,9999.000,9999.000,9999.000,9999.000,9999.000,9999.000,9999.000
202603011436,  -0.068,9999.000,9999.000,9999.000,9999.000,9999.000,9999.000,9999.000,9999.000
202603011442,  -0.070,9999.000,9999.000,9999.000,9999.000,9999.000,9999.000,9999.000,9999.000
202603011448,  -0.072,9999.000,9999.000,9999.000,9999.000,9999.000,9999.000,9999.000,9999.000
202603011454,  -0.073,9999.000,9999.000,9999.000,9999.000,9999.000,9999.000,9999.000,9999.000
202603011500,  -0.074,9999.000,  -1.300,   0.503,  -0.871,  -2.200,  -1.771,  -0.500,  -0.071
202603011506,  -0.074,9999.000,9999.000,9999.000,9999.000,9999.000,9999.000,9999.000,9999.000
202603011512,  -0.073,9999.000,9999.000,9999.000,9999.000,9999.000,9999.000,9999.000,9999.000
202603011518,  -0.073,9999.000,9999.000,9999.000,9999.000,9999.000,9999.000,9999.000,9999.000
202603011524,  -0.071,9999.000,9999.000,9999.000,9999.000,9999.000,9999.000,9999.000,9999.000
202603011530,  -0.069,9999.000,9999.000,9999.000,9999.000,9999.000,9999.000,9999.000,9999.000
202603011536,  -0.067,9999.000,9999.000,9999.000,9999.000,9999.000,9999.000,9999.000,9999.000
202603011542,  -0.064,9999.000,9999.000,9999.000,9999.000,9999.000,9999.000,9999.000,9999.000
202603011548,  -0.061,9999.000,9999.000,9999.000,9999.000,9999.000,9999.000,9999.000,9999.000
202603011554,  -0.057,9999.000,9999.000,9999.000,9999.000,9999.000,9999.000,9999.000,9999.000
202603011600,  -0.053,9999.000,  -1.100,   0.503,  -0.650,  -2.100,  -1.650,  -0.500,  -0.050
202603011606,  -0.048,9999.000,9999.000,9999.000,9999.000,9999.000,9999.000,9999.000,9999.000
202603011612,  -0.043,9999.000,9999.000,9999.000,9999.000,9999.000,9999.000,9999.000,9999.000
202603011618,  -0.037,9999.000,9999.000,9999.000,9999.000,9999.000,9999.000,9999.000,9999.000
202603011624,  -0.032,9999.000,9999.000,9999.000,9999.000,9999.000,9999.000,9999.000,9999.000
202603011630,  -0.025,9999.000,9999.000,9999.000,9999.000,9999.000,9999.000,9999.000,9999.000
202603011636,  -0.019,9999.000,9999.000,9999.000,9999.000,9999.000,9999.000,9999.000,9999.000
202603011642,  -0.012,9999.000,9999.000,9999.000,9999.000,9999.000,9999.000,9999.000,9999.000
202603011648,  -0.005,9999.000,9999.000,9999.000,9999.000,9999.000,9999.000,9999.000,9999.000
202603011654,   0.002,9999.000,9999.000,9999.000,9999.000,9999.000,9999.000,9999.000,9999.000
202603011700,   0.009,9999.000,  -1.000,   0.503,  -0.488,  -1.500,  -0.988,  -0.300,   0.212
202603011706,   0.017,9999.000,9999.000,9999.000,9999.000,9999.000,9999.000,9999.000,9999.000
202603011712,   0.025,9999.000,9999.000,9999.000,9999.000,9999.000,9999.000,9999.000,9999.000
202603011718,   0.034,9999.000,9999.000,9999.000,9999.000,9999.000,9999.000,9999.000,9999.000
202603011724,   0.042,9999.000,9999.000,9999.000,9999.000,9999.000,9999.000,9999.000,9999.000
202603011730,   0.051,9999.000,9999.000,9999.000,9999.000,9999.000,9999.000,9999.000,9999.000
202603011736,   0.059,9999.000,9999.000,9999.000,9999.000,9999.000,9999.000,9999.000,9999.000
202603011742,   0.068,9999.000,9999.000,9999.000,9999.000,9999.000,9999.000,9999.000,9999.000
202603011748,   0.077,9999.000,9999.000,9999.000,9999.000,9999.000,9999.000,9999.000,9999.000
202603011754,   0.086,9999.000,9999.000,9999.000,9999.000,9999.000,9999.000,9999.000,9999.000
202603011800,   0.095,9999.000,  -0.900,   0.503,  -0.302,  -1.400,  -0.802,  -0.300,   0.298
202603011806,   0.103,9999.000,9999.000,9999.000,9999.000,9999.000,9999.000,9999.000,9999.000
202603011812,   0.112,9999.000,9999.000,9999.000,9999.000,9999.000,9999.000,9999.000,9999.000
202603011818,   0.120,9999.000,9999.000,9999.000,9999.000,9999.000,9999.000,9999.000,9999.000
202603011824,   0.129,9999.000,9999.000,9999.000,9999.000,9999.000,9999.000,9999.000,9999.000
202603011830,   0.137,9999.000,9999.000,9999.000,9999.000,9999.000,9999.000,9999.000,9999.000
202603011836,   0.145,9999.000,9999.000,9999.000,9999.000,9999.000,9999.000,9999.000,9999.000
202603011842,   0.153,9999.000,9999.000,9999.000,9999.000,9999.000,9999.000,9999.000,9999.000
202603011848,   0.161,9999.000,9999.000,9999.000,9999.000,9999.000,9999.000,9999.000,9999.000
202603011854,   0.168,9999.000,9999.000,9999.000,9999.000,9999.000,9999.000,9999.000,9999.000
202603011900,   0.175,9999.000,  -0.800,   0.503,  -0.122,  -1.300,  -0.622,  -0.200,   0.478
202603011906,   0.182,9999.000,9999.000,9999.000,9999.000,9999.000,9999.000,9999.000,9999.000
202603011912,   0.188,9999.000,9999.000,9999.000,9999.000,9999.000,9999.000,9999.000,9999.000
202603011918,   0.194,9999.000,9999.000,9999.000,9999.000,9999.000,9999.000,9999.000,9999.000
202603011924,   0.200,9999.000,9999.000,9999.000,9999.000,9999.000,9999.000,9999.000,9999.000
202603011930,   0.205,9999.000,9999.000,9999.000,9999.000,9999.000,9999.000,9999.000,9999.000
202603011936,   0.210,9999.000,9999.000,9999.000,9999.000,9999.000,9999.000,9999.000,9999.000
202603011942,   0.214,9999.000,9999.000,9999.000,9999.000,9999.000,9999.000,9999.000,9999.000
202603011948,   0.218,9999.000,9999.000,9999.000,9999.000,9999.000,9999.000,9999.000,9999.000
202603011954,   0.222,9999.000,9999.000,9999.000,9999.000,9999.000,9999.000,9999.000,9999.000
202603012000,   0.225,9999.000,  -0.800,   0.503,  -0.072,  -1.200,  -0.472,  -0.200,   0.528
202603012006,   0.227,9999.000,9999.000,9999.000,9999.000,9999.000,9999.000,9999.000,9999.000
202603012012,   0.229,9999.000,9999.000,9999.000,9999.000,9999.000,9999.000,9999.000,9999.000
202603012018,   0.230,9999.000,9999.000,9999.000,9999.000,9999.000,9999.000,9999.000,9999.000
202603012024,   0.231,9999.000,9999.000,9999.000,9999.000,9999.000,9999.000,9999.000,9999.000
202603012030,   0.232,9999.000,9999.000,9999.000,9999.000,9999.000,9999.000,9999.000,9999.000
202603012036,   0.231,9999.000,9999.000,9999.000,9999.000,9999.000,9999.000,9999.000,9999.000
202603012042,   0.230,9999.000,9999.000,9999.000,9999.000,9999.000,9999.000,9999.000,9999.000
202603012048,   0.229,9999.000,9999.000,9999.000,9999.000,9999.000,9999.000,9999.000,9999.000
202603012054,   0.227,9999.000,9999.000,9999.000,9999.000,9999.000,9999.000,9999.000,9999.000
202603012100,   0.224,9999.000,  -0.700,   0.503,   0.027,  -1.100,  -0.373,  -0.200,   0.527
202603012106,   0.221,9999.000,9999.000,9999.000,9999.000,9999.000,9999.000,9999.000,9999.000
202603012112,   0.218,9999.000,9999.000,9999.000,9999.000,9999.000,9999.000,9999.000,9999.000
202603012118,   0.213,9999.000,9999.000,9999.000,9999.000,9999.000,9999.000,9999.000,9999.000
202603012124,   0.208,9999.000,9999.000,9999.000,9999.000,9999.000,9999.000,9999.000,9999.000
202603012130,   0.203,9999.000,9999.000,9999.000,9999.000,9999.000,9999.000,9999.000,9999.000
202603012136,   0.197,9999.000,9999.000,9999.000,9999.000,9999.000,9999.000,9999.000,9999.000
202603012142,   0.190,9999.000,9999.000,9999.000,9999.000,9999.000,9999.000,9999.000,9999.000
202603012148,   0.183,9999.000,9999.000,9999.000,9999.000,9999.000,9999.000,9999.000,9999.000
202603012154,   0.176,9999.000,9999.000,9999.000,9999.000,9999.000,9999.000,9999.000,9999.000
202603012200,   0.168,9999.000,  -0.700,   0.503,  -0.029,  -1.000,  -0.329,  -0.200,   0.471
202603012206,   0.159,9999.000,9999.000,9999.000,9999.000,9999.000,9999.000,9999.000,9999.000
202603012212,   0.150,9999.000,9999.000,9999.000,9999.000,9999.000,9999.000,9999.000,9999.000
202603012218,   0.141,9999.000,9999.000,9999.000,9999.000,9999.000,9999.000,9999.000,9999.000
202603012224,   0.131,9999.000,9999.000,9999.000,9999.000,9999.000,9999.000,9999.000,9999.000
202603012230,   0.121,9999.000,9999.000,9999.000,9999.000,9999.000,9999.000,9999.000,9999.000
202603012236,   0.110,9999.000,9999.000,9999.000,9999.000,9999.000,9999.000,9999.000,9999.000
202603012242,   0.099,9999.000,9999.000,9999.000,9999.000,9999.000,9999.000,9999.000,9999.000
202603012248,   0.088,9999.000,9999.000,9999.000,9999.000,9999.000,9999.000,9999.000,9999.000
202603012254,   0.076,9999.000,9999.000,9999.000,9999.000,9999.000,9999.000,9999.000,9999.000
202603012300,   0.064,9999.000,  -0.700,   0.503,  -0.133,  -1.000,  -0.433,  -0.200,   0.367
202603012306,   0.052,9999.000,9999.000,9999.000,9999.000,9999.000,9999.000,9999.000,9999.000
202603012312,   0.039,9999.000,9999.000,9999.000,9999.000,9999.000,9999.000,9999.000,9999.000
202603012318,   0.026,9999.000,9999.000,9999.000,9999.000,9999.000,9999.000,9999.000,9999.000
202603012324,   0.013,9999.000,9999.000,9999.000,9999.000,9999.000,9999.000,9999.000,9999.000
202603012330,   0.000,9999.000,9999.000,9999.000,9999.000,9999.000,9999.000,9999.000,9999.000
202603012336,  -0.012,9999.000,9999.000,9999.000,9999.000,9999.000,9999.000,9999.000,9999.000
202603012342,  -0.025,9999.000,9999.000,9999.000,9999.000,9999.000,9999.000,9999.000,9999.000
202603012348,  -0.038,9999.000,9999.000,9999.000,9999.000,9999.000,9999.000,9999.000,9999.000
202603012354,  -0.052,9999.000,9999.000,9999.000,9999.000,9999.000,9999.000,9999.000,9999.000
202603020000,  -0.065,9999.000,  -0.600,   0.503,  -0.162,  -1.000,  -0.562,  -0.200,   0.238
202603020006,  -0.078,9999.000,9999.000,9999.000,9999.000,9999.000,9999.000,9999.000,9999.000
202603020012,  -0.091,9999.000,9999.000,9999.000,9999.000,9999.000,9999.000,9999.000,9999.000
202603020018,  -0.104,9999.000,9999.000,9999.000,9999.000,9999.000,9999.000,9999.000,9999.000
202603020024,  -0.117,9999.000,9999.000,9999.000,9999.000,9999.000,9999.000,9999.000,9999.000
202603020030,  -0.130,9999.000,9999.000,9999.000,9999.000,9999.000,9999.000,9999.000,9999.000
202603020036,  -0.143,9999.000,9999.000,9999.000,9999.000,9999.000,9999.000,9999.000,9999.000
202603020042,  -0.155,9999.000,9999.000,9999.000,9999.000,9999.000,9999.000,9999.000,9999.000
202603020048,  -0.167,9999.000,9999.000,9999.000,9999.000,9999.000,9999.000,9999.000,9999.000
202603020054,  -0.179,9999.000,9999.000,9999.000,9999.000,9999.000,9999.000,9999.000,9999.000
202603020100,  -0.190,9999.000,  -0.600,   0.503,  -0.287,  -1.000,  -0.687,  -0.100,   0.213
202603020106,  -0.202,9999.000,9999.000,9999.000,9999.000,9999.000,9999.000,9999.000,9999.000
202603020112,  -0.212,9999.000,9999.000,9999.000,9999.000,9999.000,9999.000,9999.000,9999.000
202603020118,  -0.223,9999.000,9999.000,9999.000,9999.000,9999.000,9999.000,9999.000,9999.000
202603020124,  -0.232,9999.000,9999.000,9999.000,9999.000,9999.000,9999.000,9999.000,9999.000
202603020130,  -0.242,9999.000,9999.000,9999.000,9999.000,9999.000,9999.000,9999.000,9999.000
202603020136,  -0.251,9999.000,9999.000,9999.000,9999.000,9999.000,9999.000,9999.000,9999.000
202603020142,  -0.259,9999.000,9999.000,9999.000,9999.000,9999.000,9999.000,9999.000,9999.000
202603020148,  -0.267,9999.000,9999.000,9999.000,9999.000,9999.000,9999.000,9999.000,9999.000
202603020154,  -0.274,9999.000,9999.000,9999.000,9999.000,9999.000,9999.000,9999.000,9999.000
202603020200,  -0.281,9999.000,  -0.500,   0.503,  -0.278,  -1.000,  -0.778,   0.000,   0.222
202603020206,  -0.287,9999.000,9999.000,9999.000,9999.000,9999.000,9999.000,9999.000,9999.000
202603020212,  -0.293,9999.000,9999.000,9999.000,9999.000,9999.000,9999.000,9999.000,9999.000
202603020218,  -0.298,9999.000,9999.000,9999.000,9999.000,9999.000,9999.000,9999.000,9999.000
202603020224,  -0.302,9999.000,9999.000,9999.000,9999.000,9999.000,9999.000,9999.000,9999.000
202603020230,  -0.306,9999.000,9999.000,9999.000,9999.000,9999.000,9999.000,9999.000,9999.000
202603020236,  -0.309,9999.000,9999.000,9999.000,9999.000,9999.000,9999.000,9999.000,9999.000
202603020242,  -0.311,9999.000,9999.000,9999.000,9999.000,9999.000,9999.000,9999.000,9999.000
202603020248,  -0.313,9999.000,9999.000,9999.000,9999.000,9999.000,9999.000,9999.000,9999.000
202603020254,  -0.314,9999.000,9999.000,9999.000,9999.000,9999.000,9999.000,9999.000,9999.000
202603020300,  -0.314,9999.000,  -0.400,   0.503,  -0.211,  -0.900,  -0.711,   0.000,   0.189
202603020306,  -0.313,9999.000,9999.000,9999.000,9999.000,9999.000,9999.000,9999.000,9999.000
202603020312,  -0.312,9999.000,9999.000,9999.000,9999.000,9999.000,9999.000,9999.000,9999.000
202603020318,  -0.310,9999.000,9999.000,9999.000,9999.000,9999.000,9999.000,9999.000,9999.000
202603020324,  -0.308,9999.000,9999.000,9999.000,9999.000,9999.000,9999.000,9999.000,9999.000
202603020330,  -0.305,9999.000,9999.000,9999.000,9999.000,9999.000,9999.000,9999.000,9999.000
202603020336,  -0.301,9999.000,9999.000,9999.000,9999.000,9999.000,9999.000,9999.000,9999.000
202603020342,  -0.296,9999.000,9999.000,9999.000,9999.000,9999.000,9999.000,9999.000,9999.000
202603020348,  -0.291,9999.000,9999.000,9999.000,9999.000,9999.000,9999.000,9999.000,9999.000
202603020354,  -0.285,9999.000,9999.000,9999.000,9999.000,9999.000,9999.000,9999.000,9999.000
202603020400,  -0.279,9999.000,  -0.300,   0.503,  -0.076,  -0.900,  -0.676,   0.200,   0.424
202603020406,  -0.271,9999.000,9999.000,9999.000,9999.000,9999.000,9999.000,9999.000,9999.000
202603020412,  -0.264,9999.000,9999.000,9999.000,9999.000,9999.000,9999.000,9999.000,9999.000
202603020418,  -0.255,9999.000,9999.000,9999.000,9999.000,9999.000,9999.000,9999.000,9999.000
202603020424,  -0.246,9999.000,9999.000,9999.000,9999.000,9999.000,9999.000,9999.000,9999.000
202603020430,  -0.237,9999.000,9999.000,9999.000,9999.000,9999.000,9999.000,9999.000,9999.000
202603020436,  -0.227,9999.000,9999.000,9999.000,9999.000,9999.000,9999.000,9999.000,9999.000
202603020442,  -0.216,9999.000,9999.000,9999.000,9999.000,9999.000,9999.000,9999.000,9999.000
202603020448,  -0.205,9999.000,9999.000,9999.000,9999.000,9999.000,9999.000,9999.000,9999.000
202603020454,  -0.193,9999.000,9999.000,9999.000,9999.000,9999.000,9999.000,9999.000,9999.000
202603020500,  -0.181,9999.000,  -0.300,   0.503,   0.022,  -0.900,  -0.578,   0.300,   0.622
202603020506,  -0.169,9999.000,9999.000,9999.000,9999.000,9999.000,9999.000,9999.000,9999.000
202603020512,  -0.156,9999.000,9999.000,9999.000,9999.000,9999.000,9999.000,9999.000,9999.000
202603020518,  -0.143,9999.000,9999.000,9999.000,9999.000,9999.000,9999.000,9999.000,9999.000
202603020524,  -0.129,9999.000,9999.000,9999.000,9999.000,9999.000,9999.000,9999.000,9999.000
202603020530,  -0.115,9999.000,9999.000,9999.000,9999.000,9999.000,9999.000,9999.000,9999.000
202603020536,  -0.101,9999.000,9999.000,9999.000,9999.000,9999.000,9999.000,9999.000,9999.000
202603020542,  -0.087,9999.000,9999.000,9999.000,9999.000,9999.000,9999.000,9999.000,9999.000
202603020548,  -0.073,9999.000,9999.000,9999.000,9999.000,9999.000,9999.000,9999.000,9999.000
202603020554,  -0.058,9999.000,9999.000,9999.000,9999.000,9999.000,9999.000,9999.000,9999.000
202603020600,  -0.043,9999.000,  -0.200,   0.503,   0.260,  -0.900,  -0.440,   0.500,   0.960
202603020606,  -0.028,9999.000,9999.000,9999.000,9999.000,9999.000,9999.000,9999.000,9999.000
202603020612,  -0.013,9999.000,9999.000,9999.000,9999.000,9999.000,9999.000,9999.000,9999.000
202603020618,   0.001,9999.000,9999.000,9999.000,9999.000,9999.000,9999.000,9999.000,9999.000
202603020624,   0.016,9999.000,9999.000,9999.000,9999.000,9999.000,9999.000,9999.000,9999.000
202603020630,   0.031,9999.000,9999.000,9999.000,9999.000,9999.000,9999.000,9999.000,9999.000
202603020636,   0.046,9999.000,9999.000,9999.000,9999.000,9999.000,9999.000,9999.000,9999.000
202603020642,   0.060,9999.000,9999.000,9999.000,9999.000,9999.000,9999.000,9999.000,9999.000
202603020648,   0.075,9999.000,9999.000,9999.000,9999.000,9999.000,9999.000,9999.000,9999.000
202603020654,   0.089,9999.000,9999.000,9999.000,9999.000,9999.000,9999.000,9999.000,9999.000
202603020700,   0.104,9999.000,  -0.100,   0.503,   0.507,  -0.800,  -0.193,   0.700,   1.307
202603020706,   0.118,9999.000,9999.000,9999.000,9999.000,9999.000,9999.000,9999.000,9999.000
202603020712,   0.131,9999.000,9999.000,9999.000,9999.000,9999.000,9999.000,9999.000,9999.000
202603020718,   0.145,9999.000,9999.000,9999.000,9999.000,9999.000,9999.000,9999.000,9999.000
202603020724,   0.158,9999.000,9999.000,9999.000,9999.000,9999.000,9999.000,9999.000,9999.000
202603020730,   0.170,9999.000,9999.000,9999.000,9999.000,9999.000,9999.000,9999.000,9999.000
202603020736,   0.183,9999.000,9999.000,9999.000,9999.000,9999.000,9999.000,9999.000,9999.000
202603020742,   0.195,9999.000,9999.000,9999.000,9999.000,9999.000,9999.000,9999.000,9999.000
202603020748,   0.206,9999.000,9999.000,9999.000,9999.000,9999.000,9999.000,9999.000,9999.000
202603020754,   0.217,9999.000,9999.000,9999.000,9999.000,9999.000,9999.000,9999.000,9999.000
202603020800,   0.227,9999.000,   0.000,   0.503,   0.730,  -0.700,   0.030,   0.900,   1.630
202603020806,   0.237,9999.000,9999.000,9999.000,9999.000,9999.000,9999.000,9999.000,9999.000
202603020812,   0.247,9999.000,9999.000,9999.000,9999.000,9999.000,9999.000,9999.000,9999.000
202603020818,   0.255,9999.000,9999.000,9999.000,9999.000,9999.000,9999.000,9999.000,9999.000
202603020824,   0.263,9999.000,9999.000,9999.000,9999.000,9999.000,9999.000,9999.000,9999.000
202603020830,   0.271,9999.000,9999.000,9999.000,9999.000,9999.000,9999.000,9999.000,9999.000
202603020836,   0.278,9999.000,9999.000,9999.000,9999.000,9999.000,9999.000,9999.000,9999.000
202603020842,   0.284,9999.000,9999.000,9999.000,9999.000,9999.000,9999.000,9999.000,9999.000
202603020848,   0.290,9999.000,9999.000,9999.000,9999.000,9999.000,9999.000,9999.000,9999.000
202603020854,   0.295,9999.000,9999.000,9999.000,9999.000,9999.000,9999.000,9999.000,9999.000
202603020900,   0.299,9999.000,   0.000,   0.503,   0.802,  -0.600,   0.202,   0.900,   1.702
202603020906,   0.303,9999.000,9999.000,9999.000,9999.000,9999.000,9999.000,9999.000,9999.000
202603020912,   0.306,9999.000,9999.000,9999.000,9999.000,9999.000,9999.000,9999.000,9999.000
202603020918,   0.308,9999.000,9999.000,9999.000,9999.000,9999.000,9999.000,9999.000,9999.000
202603020924,   0.310,9999.000,9999.000,9999.000,9999.000,9999.000,9999.000,9999.000,9999.000
202603020930,   0.311,9999.000,9999.000,9999.000,9999.000,9999.000,9999.000,9999.000,9999.000
202603020936,   0.311,9999.000,9999.000,9999.000,9999.000,9999.000,9999.000,9999.000,9999.000
202603020942,   0.310,9999.000,9999.000,9999.000,9999.000,9999.000,9999.000,9999.000,9999.000
202603020948,   0.309,9999.000,9999.000,9999.000,9999.000,9999.000,9999.000,9999.000,9999.000
202603020954,   0.307,9999.000,9999.000,9999.000,9999.000,9999.000,9999.000,9999.000,9999.000
202603021000,   0.305,9999.000,   0.000,   0.503,   0.808,  -0.600,   0.208,   0.700,   1.508
202603021006,   0.302,9999.000,9999.000,9999.000,9999.000,9999.000,9999.000,9999.000,9999.000
202603021012,   0.298,9999.000,9999.000,9999.000,9999.000,9999.000,9999.000,9999.000,9999.000
202603021018,   0.293,9999.000,9999.000,9999.000,9999.000,9999.000,9999.000,9999.000,9999.000
202603021024,   0.288,9999.000,9999.000,9999.000,9999.000,9999.000,9999.000,9999.000,9999.000
202603021030,   0.283,9999.000,9999.000,9999.000,9999.000,9999.000,9999.000,9999.000,9999.000
202603021036,   0.276,9999.000,9999.000,9999.000,9999.000,9999.000,9999.000,9999.000,9999.000
202603021042,   0.270,9999.000,9999.000,9999.000,9999.000,9999.000,9999.000,9999.000,9999.000
202603021048,   0.262,9999.000,9999.000,9999.000,9999.000,9999.000,9999.000,9999.000,9999.000
202603021054,   0.254,9999.000,9999.000,9999.000,9999.000,9999.000,9999.000,9999.000,9999.000
202603021100,   0.246,9999.000,   0.100,   0.503,   0.849,  -0.500,   0.249,   0.800,   1.549
202603021106,   0.237,9999.000,9999.000,9999.000,9999.000,9999.000,9999.000,9999.000,9999.000
202603021112,   0.228,9999.000,9999.000,9999.000,9999.000,9999.000,9999.000,9999.000,9999.000
202603021118,   0.218,9999.000,9999.000,9999.000,9999.000,9999.000,9999.000,9999.000,9999.000
202603021124,   0.208,9999.000,9999.000,9999.000,9999.000,9999.000,9999.000,9999.000,9999.000
202603021130,   0.197,9999.000,9999.000,9999.000,9999.000,9999.000,9999.000,9999.000,9999.000
202603021136,   0.187,9999.000,9999.000,9999.000,9999.000,9999.000,9999.000,9999.000,9999.000
202603021142,   0.175,9999.000,9999.000,9999.000,9999.000,9999.000,9999.000,9999.000,9999.000
202603021148,   0.164,9999.000,9999.000,9999.000,9999.000,9999.000,9999.000,9999.000,9999.000
202603021154,   0.152,9999.000,9999.000,9999.000,9999.000,9999.000,9999.000,9999.000,9999.000
202603021200,   0.141,9999.000,   0.000,   0.503,   0.644,  -0.500,   0.144,   0.700,   1.344
202603021206,   0.129,9999.000,9999.000,9999.000,9999.000,9999.000,9999.000,9999.000,9999.000
202603021212,   0.116,9999.000,9999.000,9999.000,9999.000,9999.000,9999.000,9999.000,9999.000
202603021218,   0.104,9999.000,9999.000,9999.000,9999.000,9999.000,9999.000,9999.000,9999.000
202603021224,   0.092,9999.000,9999.000,9999.000,9999.000,9999.000,9999.000,9999.000,9999.000
202603021230,   0.080,9999.000,9999.000,9999.000,9999.000,9999.000,9999.000,9999.000,9999.000
202603021236,   0.067,9999.000,9999.000,9999.000,9999.000,9999.000,9999.000,9999.000,9999.000
202603021242,   0.055,9999.000,9999.000,9999.000,9999.000,9999.000,9999.000,9999.000,9999.000
202603021248,   0.043,9999.000,9999.000,9999.000,9999.000,9999.000,9999.000,9999.000,9999.000
202603021254,   0.031,9999.000,9999.000,9999.000,9999.000,9999.000,9999.000,9999.000,9999.000
202603021300,   0.019,9999.000,   0.000,   0.503,   0.522,  -0.500,   0.022,   0.600,   1.122
202603021306,   0.007,9999.000,9999.000,9999.000,9999.000,9999.000,9999.000,9999.000,9999.000
202603021312,  -0.004,9999.000,9999.000,9999.000,9999.000,9999.000,9999.000,9999.000,9999.000
202603021318,  -0.015,9999.000,9999.000,9999.000,9999.000,9999.000,9999.000,9999.000,9999.000
202603021324,  -0.026,9999.000,9999.000,9999.000,9999.000,9999.000,9999.000,9999.000,9999.000
202603021330,  -0.037,9999.000,9999.000,9999.000,9999.000,9999.000,9999.000,9999.000,9999.000
202603021336,  -0.048,9999.000,9999.000,9999.000,9999.000,9999.000,9999.000,9999.000,9999.000
202603021342,  -0.058,9999.000,9999.000,9999.000,9999.000,9999.000,9999.000,9999.000,9999.000
202603021348,  -0.067,9999.000,9999.000,9999.000,9999.000,9999.000,9999.000,9999.000,9999.000
202603021354,  -0.077,9999.000,9999.000,9999.000,9999.000,9999.000,9999.000,9999.000,9999.000
202603021400,  -0.085,9999.000,   0.000,   0.503,   0.418,  -0.500,  -0.082,   0.500,   0.918
202603021406,  -0.094,9999.000,9999.000,9999.000,9999.000,9999.000,9999.000,9999.000,9999.000
202603021412,  -0.102,9999.000,9999.000,9999.000,9999.000,9999.000,9999.000,9999.000,9999.000
202603021418,  -0.109,9999.000,9999.000,9999.000,9999.000,9999.000,9999.000,9999.000,9999.000
202603021424,  -0.116,9999.000,9999.000,9999.000,9999.000,9999.000,9999.000,9999.000,9999.000
202603021430,  -0.122,9999.000,9999.000,9999.000,9999.000,9999.000,9999.000,9999.000,9999.000
202603021436,  -0.128,9999.000,9999.000,9999.000,9999.000,9999.000,9999.000,9999.000,9999.000
202603021442,  -0.133,9999.000,9999.000,9999.000,9999.000,9999.000,9999.000,9999.000,9999.000
202603021448,  -0.138,9999.000,9999.000,9999.000,9999.000,9999.000,9999.000,9999.000,9999.000
202603021454,  -0.141,9999.000,9999.000,9999.000,9999.000,9999.000,9999.000,9999.000,9999.000
202603021500,  -0.145,9999.000,   0.000,   0.503,   0.358,  -0.500,  -0.142,   0.400,   0.758
202603021506,  -0.147,9999.000,9999.000,9999.000,9999.000,9999.000,9999.000,9999.000,9999.000
202603021512,  -0.149,9999.000,9999.000,9999.000,9999.000,9999.000,9999.000,9999.000,9999.000
202603021518,  -0.151,9999.000,9999.000,9999.000,9999.000,9999.000,9999.000,9999.000,9999.000
202603021524,  -0.151,9999.000,9999.000,9999.000,9999.000,9999.000,9999.000,9999.000,9999.000
202603021530,  -0.151,9999.000,9999.000,9999.000,9999.000,9999.000,9999.000,9999.000,9999.000
202603021536,  -0.151,9999.000,9999.000,9999.000,9999.000,9999.000,9999.000,9999.000,9999.000
202603021542,  -0.149,9999.000,9999.000,9999.000,9999.000,9999.000,9999.000,9999.000,9999.000
202603021548,  -0.147,9999.000,9999.000,9999.000,9999.000,9999.000,9999.000,9999.000,9999.000
202603021554,  -0.145,9999.000,9999.000,9999.000,9999.000,9999.000,9999.000,9999.000,9999.000
202603021600,  -0.141,9999.000,  -0.100,   0.503,   0.262,  -0.600,  -0.238,   0.400,   0.762
202603021606,  -0.137,9999.000,9999.000,9999.000,9999.000,9999.000,9999.000,9999.000,9999.000
202603021612,  -0.133,9999.000,9999.000,9999.000,9999.000,9999.000,9999.000,9999.000,9999.000
202603021618,  -0.128,9999.000,9999.000,9999.000,9999.000,9999.000,9999.000,9999.000,9999.000
202603021624,  -0.122,9999.000,9999.000,9999.000,9999.000,9999.000,9999.000,9999.000,9999.000
202603021630,  -0.116,9999.000,9999.000,9999.000,9999.000,9999.000,9999.000,9999.000,9999.000
202603021636,  -0.109,9999.000,9999.000,9999.000,9999.000,9999.000,9999.000,9999.000,9999.000
202603021642,  -0.101,9999.000,9999.000,9999.000,9999.000,9999.000,9999.000,9999.000,9999.000
202603021648,  -0.093,9999.000,9999.000,9999.000,9999.000,9999.000,9999.000,9999.000,9999.000
202603021654,  -0.085,9999.000,9999.000,9999.000,9999.000,9999.000,9999.000,9999.000,9999.000
202603021700,  -0.076,9999.000,  -0.100,   0.503,   0.327,  -0.700,  -0.273,   0.500,   0.927
202603021706,  -0.066,9999.000,9999.000,9999.000,9999.000,9999.000,9999.000,9999.000,9999.000
202603021712,  -0.056,9999.000,9999.000,9999.000,9999.000,9999.000,9999.000,9999.000,9999.000
202603021718,  -0.046,9999.000,9999.000,9999.000,9999.000,9999.000,9999.000,9999.000,9999.000
202603021724,  -0.035,9999.000,9999.000,9999.000,9999.000,9999.000,9999.000,9999.000,9999.000
202603021730,  -0.024,9999.000,9999.000,9999.000,9999.000,9999.000,9999.000,9999.000,9999.000
202603021736,  -0.013,9999.000,9999.000,9999.000,9999.000,9999.000,9999.000,9999.000,9999.000
202603021742,  -0.001,9999.000,9999.000,9999.000,9999.000,9999.000,9999.000,9999.000,9999.000
202603021748,   0.009,9999.000,9999.000,9999.000,9999.000,9999.000,9999.000,9999.000,9999.000
202603021754,   0.022,9999.000,9999.000,9999.000,9999.000,9999.000,9999.000,9999.000,9999.000
202603021800,   0.034,9999.000,  -0.100,   0.503,   0.437,  -0.800,  -0.263,   0.400,   0.937
202603021806,   0.046,9999.000,9999.000,9999.000,9999.000,9999.000,9999.000,9999.000,9999.000
202603021812,   0.059,9999.000,9999.000,9999.000,9999.000,9999.000,9999.000,9999.000,9999.000
202603021818,   0.072,9999.000,9999.000,9999.000,9999.000,9999.000,9999.000,9999.000,9999.000
202603021824,   0.085,9999.000,9999.000,9999.000,9999.000,9999.000,9999.000,9999.000,9999.000
202603021830,   0.097,9999.000,9999.000,9999.000,9999.000,9999.000,9999.000,9999.000,9999.000
202603021836,   0.110,9999.000,9999.000,9999.000,9999.000,9999.000,9999.000,9999.000,9999.000
202603021842,   0.123,9999.000,9999.000,9999.000,9999.000,9999.000,9999.000,9999.000,9999.000
202603021848,   0.135,9999.000,9999.000,9999.000,9999.000,9999.000,9999.000,9999.000,9999.000
202603021854,   0.148,9999.000,9999.000,9999.000,9999.000,9999.000,9999.000,9999.000,9999.000
202603021900,   0.160,9999.000,  -0.200,   0.503,   0.463,  -0.900,  -0.237,   0.300,   0.963
202603021906,   0.172,9999.000,9999.000,9999.000,9999.000,9999.000,9999.000,9999.000,9999.000
202603021912,   0.184,9999.000,9999.000,9999.000,9999.000,9999.000,9999.000,9999.000,9999.000
202603021918,   0.196,9999.000,9999.000,9999.000,9999.000,9999.000,9999.000,9999.000,9999.000
202603021924,   0.207,9999.000,9999.000,9999.000,9999.000,9999.000,9999.000,9999.000,9999.000
202603021930,   0.218,9999.000,9999.000,9999.000,9999.000,9999.000,9999.000,9999.000,9999.000
202603021936,   0.229,9999.000,9999.000,9999.000,9999.000,9999.000,9999.000,9999.000,9999.000
202603021942,   0.239,9999.000,9999.000,9999.000,9999.000,9999.000,9999.000,9999.000,9999.000
202603021948,   0.249,9999.000,9999.000,9999.000,9999.000,9999.000,9999.000,9999.000,9999.000
202603021954,   0.258,9999.000,9999.000,9999.000,9999.000,9999.000,9999.000,9999.000,9999.000
202603022000,   0.267,9999.000,  -0.300,   0.503,   0.470,  -1.000,  -0.230,   0.300,   1.070
202603022006,   0.276,9999.000,9999.000,9999.000,9999.000,9999.000,9999.000,9999.000,9999.000
202603022012,   0.283,9999.000,9999.000,9999.000,9999.000,9999.000,9999.000,9999.000,9999.000
202603022018,   0.291,9999.000,9999.000,9999.000,9999.000,9999.000,9999.000,9999.000,9999.000
202603022024,   0.297,9999.000,9999.000,9999.000,9999.000,9999.000,9999.000,9999.000,9999.000
202603022030,   0.303,9999.000,9999.000,9999.000,9999.000,9999.000,9999.000,9999.000,9999.000
202603022036,   0.309,9999.000,9999.000,9999.000,9999.000,9999.000,9999.000,9999.000,9999.000
202603022042,   0.314,9999.000,9999.000,9999.000,9999.000,9999.000,9999.000,9999.000,9999.000
202603022048,   0.318,9999.000,9999.000,9999.000,9999.000,9999.000,9999.000,9999.000,9999.000
202603022054,   0.321,9999.000,9999.000,9999.000,9999.000,9999.000,9999.000,9999.000,9999.000
202603022100,   0.324,9999.000,  -0.400,   0.503,   0.427,  -1.100,  -0.273,   0.200,   1.027
202603022106,   0.326,9999.000,9999.000,9999.000,9999.000,9999.000,9999.000,9999.000,9999.000
202603022112,   0.327,9999.000,9999.000,9999.000,9999.000,9999.000,9999.000,9999.000,9999.000
202603022118,   0.328,9999.000,9999.000,9999.000,9999.000,9999.000,9999.000,9999.000,9999.000
202603022124,   0.328,9999.000,9999.000,9999.000,9999.000,9999.000,9999.000,9999.000,9999.000
202603022130,   0.327,9999.000,9999.000,9999.000,9999.000,9999.000,9999.000,9999.000,9999.000
202603022136,   0.326,9999.000,9999.000,9999.000,9999.000,9999.000,9999.000,9999.000,9999.000
202603022142,   0.323,9999.000,9999.000,9999.000,9999.000,9999.000,9999.000,9999.000,9999.000
202603022148,   0.320,9999.000,9999.000,9999.000,9999.000,9999.000,9999.000,9999.000,9999.000
202603022154,   0.317,9999.000,9999.000,9999.000,9999.000,9999.000,9999.000,9999.000,9999.000
202603022200,   0.312,9999.000,  -0.500,   0.503,   0.315,  -1.200,  -0.385,   0.200,   1.015
202603022206,   0.307,9999.000,9999.000,9999.000,9999.000,9999.000,9999.000,9999.000,9999.000
202603022212,   0.301,9999.000,9999.000,9999.000,9999.000,9999.000,9999.000,9999.000,9999.000
202603022218,   0.294,9999.000,9999.000,9999.000,9999.000,9999.000,9999.000,9999.000,9999.000
202603022224,   0.287,9999.000,9999.000,9999.000,9999.000,9999.000,9999.000,9999.000,9999.000
202603022230,   0.279,9999.000,9999.000,9999.000,9999.000,9999.000,9999.000,9999.000,9999.000
202603022236,   0.271,9999.000,9999.000,9999.000,9999.000,9999.000,9999.000,9999.000,9999.000
202603022242,   0.261,9999.000,9999.000,9999.000,9999.000,9999.000,9999.000,9999.000,9999.000
202603022248,   0.251,9999.000,9999.000,9999.000,9999.000,9999.000,9999.000,9999.000,9999.000
202603022254,   0.241,9999.000,9999.000,9999.000,9999.000,9999.000,9999.000,9999.000,9999.000
202603022300,   0.230,9999.000,  -0.600,   0.503,   0.133,  -1.300,  -0.567,   0.100,   0.833
202603022306,   0.218,9999.000,9999.000,9999.000,9999.000,9999.000,9999.000,9999.000,9999.000
202603022312,   0.206,9999.000,9999.000,9999.000,9999.000,9999.000,9999.000,9999.000,9999.000
202603022318,   0.194,9999.000,9999.000,9999.000,9999.000,9999.000,9999.000,9999.000,9999.000
202603022324,   0.181,9999.000,9999.000,9999.000,9999.000,9999.000,9999.000,9999.000,9999.000
202603022330,   0.167,9999.000,9999.000,9999.000,9999.000,9999.000,9999.000,9999.000,9999.000
202603022336,   0.153,9999.000,9999.000,9999.000,9999.000,9999.000,9999.000,9999.000,9999.000
202603022342,   0.139,9999.000,9999.000,9999.000,9999.000,9999.000,9999.000,9999.000,9999.000
202603022348,   0.124,9999.000,9999.000,9999.000,9999.000,9999.000,9999.000,9999.000,9999.000
202603022354,   0.109,9999.000,9999.000,9999.000,9999.000,9999.000,9999.000,9999.000,9999.000
202603030000,   0.094,9999.000,  -0.700,   0.503,  -0.103,  -1.400,  -0.803,   0.000,   0.597
