        TIME,    TIDE,      OB,   SURGE,    BIAS,     TWL,SURGE90p,  TWL90p,SURGE10p,   TWL10p
202606291800,   0.729,   1.758,   0.900,   0.129,   1.758,   0.800,   1.658,   0.900,   1.758
202606291806,   0.682,9999.000,9999.000,9999.000,9999.000,9999.000,9999.000,9999.000,9999.000
202606291812,   0.638,   1.669,9999.000,9999.000,9999.000,9999.000,9999.000,9999.000,9999.000
202606291818,   0.595,9999.000,9999.000,9999.000,9999.000,9999.000,9999.000,9999.000,9999.000
202606291824,   0.556,   1.590,9999.000,9999.000,9999.000,9999.000,9999.000,9999.000,9999.000
202606291830,   0.518,9999.000,9999.000,9999.000,9999.000,9999.000,9999.000,9999.000,9999.000
202606291836,   0.484,   1.498,9999.000,9999.000,9999.000,9999.000,9999.000,9999.000,9999.000
202606291842,   0.453,9999.000,9999.000,9999.000,9999.000,9999.000,9999.000,9999.000,9999.000
202606291848,   0.424,   1.430,9999.000,9999.000,9999.000,9999.000,9999.000,9999.000,9999.000
202606291854,   0.399,9999.000,9999.000,9999.000,9999.000,9999.000,9999.000,9999.000,9999.000
202606291900,   0.377,   1.348,   0.900,   0.071,   1.348,   0.800,   1.248,   0.900,   1.348
202606291906,   0.359,   1.328,9999.000,9999.000,9999.000,9999.000,9999.000,9999.000,9999.000
202606291912,   0.344,   1.308,9999.000,9999.000,9999.000,9999.000,9999.000,9999.000,9999.000
202606291918,   0.332,   1.289,9999.000,9999.000,9999.000,9999.000,9999.000,9999.000,9999.000
202606291924,   0.324,   1.269,9999.000,9999.000,9999.000,9999.000,9999.000,9999.000,9999.000
202606291930,   0.319,   1.269,9999.000,9999.000,9999.000,9999.000,9999.000,9999.000,9999.000
202606291936,   0.317,   1.269,9999.000,9999.000,9999.000,9999.000,9999.000,9999.000,9999.000
202606291942,   0.319,   1.269,9999.000,9999.000,9999.000,9999.000,9999.000,9999.000,9999.000
202606291948,   0.324,   1.279,9999.000,9999.000,9999.000,9999.000,9999.000,9999.000,9999.000
202606291954,   0.333,   1.298,9999.000,9999.000,9999.000,9999.000,9999.000,9999.000,9999.000
202606292000,   0.344,   1.308,   0.900,   0.064,   1.308,   0.800,   1.208,   0.900,   1.308
202606292006,   0.359,   1.308,9999.000,9999.000,9999.000,9999.000,9999.000,9999.000,9999.000
202606292012,   0.377,   1.328,9999.000,9999.000,9999.000,9999.000,9999.000,9999.000,9999.000
202606292018,   0.397,   1.361,9999.000,9999.000,9999.000,9999.000,9999.000,9999.000,9999.000
202606292024,   0.421,   1.380,9999.000,9999.000,9999.000,9999.000,9999.000,9999.000,9999.000
202606292030,   0.447,   1.390,9999.000,9999.000,9999.000,9999.000,9999.000,9999.000,9999.000
202606292036,   0.476,   1.410,9999.000,9999.000,9999.000,9999.000,9999.000,9999.000,9999.000
202606292042,   0.507,   1.439,9999.000,9999.000,9999.000,9999.000,9999.000,9999.000,9999.000
202606292048,   0.541,   1.479,9999.000,9999.000,9999.000,9999.000,9999.000,9999.000,9999.000
202606292054,   0.577,   1.498,9999.000,9999.000,9999.000,9999.000,9999.000,9999.000,9999.000
202606292100,   0.615,   1.538,   0.900,   0.023,   1.538,   0.800,   1.438,   0.900,   1.538
202606292106,   0.655,   1.610,9999.000,9999.000,9999.000,9999.000,9999.000,9999.000,9999.000
202606292112,   0.698,   1.679,9999.000,9999.000,9999.000,9999.000,9999.000,9999.000,9999.000
202606292118,   0.743,   1.728,9999.000,9999.000,9999.000,9999.000,9999.000,9999.000,9999.000
202606292124,   0.789,   1.790,9999.000,9999.000,9999.000,9999.000,9999.000,9999.000,9999.000
202606292130,   0.838,   1.859,9999.000,9999.000,9999.000,9999.000,9999.000,9999.000,9999.000
202606292136,   0.888,   1.889,9999.000,9999.000,9999.000,9999.000,9999.000,9999.000,9999.000
202606292142,   0.940,   1.948,9999.000,9999.000,9999.000,9999.000,9999.000,9999.000,9999.000
202606292148,   0.994,   2.000,9999.000,9999.000,9999.000,9999.000,9999.000,9999.000,9999.000
202606292154,   1.050,9999.000,9999.000,9999.000,9999.000,9999.000,9999.000,9999.000,9999.000
202606292200,   1.107,9999.000,   0.900,9999.000,   2.007,   0.800,   1.907,   0.900,   2.007
202606292206,   1.165,9999.000,9999.000,9999.000,9999.000,9999.000,9999.000,9999.000,9999.000
202606292212,   1.225,9999.000,9999.000,9999.000,9999.000,9999.000,9999.000,9999.000,9999.000
202606292218,   1.286,9999.000,9999.000,9999.000,9999.000,9999.000,9999.000,9999.000,9999.000
202606292224,   1.348,   2.758,9999.000,9999.000,9999.000,9999.000,9999.000,9999.000,9999.000
202606292230,   1.412,9999.000,9999.000,9999.000,9999.000,9999.000,9999.000,9999.000,9999.000
202606292236,   1.476,9999.000,9999.000,9999.000,9999.000,9999.000,9999.000,9999.000,9999.000
202606292242,   1.541,9999.000,9999.000,9999.000,9999.000,9999.000,9999.000,9999.000,9999.000
202606292248,   1.607,9999.000,9999.000,9999.000,9999.000,9999.000,9999.000,9999.000,9999.000
202606292254,   1.673,   3.037,9999.000,9999.000,9999.000,9999.000,9999.000,9999.000,9999.000
202606292300,   1.740,   2.758,   0.900,   0.118,   2.758,   0.800,   2.658,   0.900,   2.758
202606292306,   1.806,   2.807,9999.000,9999.000,9999.000,9999.000,9999.000,9999.000,9999.000
202606292312,   1.873,   2.869,9999.000,9999.000,9999.000,9999.000,9999.000,9999.000,9999.000
202606292318,   1.939,   2.929,9999.000,9999.000,9999.000,9999.000,9999.000,9999.000,9999.000
202606292324,   2.005,   3.319,9999.000,9999.000,9999.000,9999.000,9999.000,9999.000,9999.000
202606292330,   2.070,   3.040,9999.000,9999.000,9999.000,9999.000,9999.000,9999.000,9999.000
202606292336,   2.135,   3.109,9999.000,9999.000,9999.000,9999.000,9999.000,9999.000,9999.000
202606292342,   2.198,   3.168,9999.000,9999.000,9999.000,9999.000,9999.000,9999.000,9999.000
202606292348,   2.261,   3.217,9999.000,9999.000,9999.000,9999.000,9999.000,9999.000,9999.000
202606292354,   2.322,   3.270,9999.000,9999.000,9999.000,9999.000,9999.000,9999.000,9999.000
202606300000,   2.381,   3.319,   0.800,   0.138,   3.319,   0.800,   3.319,   0.800,   3.319
202606300006,   2.439,   3.388,9999.000,9999.000,9999.000,9999.000,9999.000,9999.000,9999.000
202606300012,   2.494,   3.440,9999.000,9999.000,9999.000,9999.000,9999.000,9999.000,9999.000
202606300018,   2.548,   3.480,9999.000,9999.000,9999.000,9999.000,9999.000,9999.000,9999.000
202606300024,   2.600,   3.539,9999.000,9999.000,9999.000,9999.000,9999.000,9999.000,9999.000
202606300030,   2.649,   3.588,9999.000,9999.000,9999.000,9999.000,9999.000,9999.000,9999.000
202606300036,   2.696,   3.627,9999.000,9999.000,9999.000,9999.000,9999.000,9999.000,9999.000
202606300042,   2.740,   3.680,9999.000,9999.000,9999.000,9999.000,9999.000,9999.000,9999.000
202606300048,   2.781,   3.729,9999.000,9999.000,9999.000,9999.000,9999.000,9999.000,9999.000
202606300054,   2.820,   3.949,9999.000,9999.000,9999.000,9999.000,9999.000,9999.000,9999.000
202606300100,   2.856,   3.817,   0.800,   0.161,   3.817,   0.800,   3.817,   0.800,   3.817
202606300106,   2.889,   3.847,9999.000,9999.000,9999.000,9999.000,9999.000,9999.000,9999.000
202606300112,   2.919,   3.880,9999.000,9999.000,9999.000,9999.000,9999.000,9999.000,9999.000
202606300118,   2.946,   3.909,9999.000,9999.000,9999.000,9999.000,9999.000,9999.000,9999.000
202606300124,   2.969,   3.929,9999.000,9999.000,9999.000,9999.000,9999.000,9999.000,9999.000
202606300130,   2.990,   3.949,9999.000,9999.000,9999.000,9999.000,9999.000,9999.000,9999.000
202606300136,   3.008,   3.968,9999.000,9999.000,9999.000,9999.000,9999.000,9999.000,9999.000
202606300142,   3.022,   3.978,9999.000,9999.000,9999.000,9999.000,9999.000,9999.000,9999.000
202606300148,   3.033,   3.998,9999.000,9999.000,9999.000,9999.000,9999.000,9999.000,9999.000
202606300154,   3.041,   3.988,9999.000,9999.000,9999.000,9999.000,9999.000,9999.000,9999.000
202606300200,   3.045,   4.008,   0.800,   0.163,   4.008,   0.800,   4.008,   0.800,   4.008
202606300206,   3.046,   4.008,9999.000,9999.000,9999.000,9999.000,9999.000,9999.000,9999.000
202606300212,   3.045,   4.008,9999.000,9999.000,9999.000,9999.000,9999.000,9999.000,9999.000
202606300218,   3.039,   4.008,9999.000,9999.000,9999.000,9999.000,9999.000,9999.000,9999.000
202606300224,   3.031,   3.998,9999.000,9999.000,9999.000,9999.000,9999.000,9999.000,9999.000
202606300230,   3.019,   3.988,9999.000,9999.000,9999.000,9999.000,9999.000,9999.000,9999.000
202606300236,   3.004,   3.978,9999.000,9999.000,9999.000,9999.000,9999.000,9999.000,9999.000
202606300242,   2.986,   3.958,9999.000,9999.000,9999.000,9999.000,9999.000,9999.000,9999.000
202606300248,   2.965,   3.949,9999.000,9999.000,9999.000,9999.000,9999.000,9999.000,9999.000
202606300254,   2.941,   3.929,9999.000,9999.000,9999.000,9999.000,9999.000,9999.000,9999.000
202606300300,   2.913,   3.899,   0.800,   0.186,   3.899,   0.700,   3.799,   0.800,   3.899
202606300306,   2.883,   3.870,9999.000,9999.000,9999.000,9999.000,9999.000,9999.000,9999.000
202606300312,   2.850,   3.837,9999.000,9999.000,9999.000,9999.000,9999.000,9999.000,9999.000
202606300318,   2.814,   3.808,9999.000,9999.000,9999.000,9999.000,9999.000,9999.000,9999.000
202606300324,   2.776,   3.768,9999.000,9999.000,9999.000,9999.000,9999.000,9999.000,9999.000
202606300330,   2.734,   3.729,9999.000,9999.000,9999.000,9999.000,9999.000,9999.000,9999.000
202606300336,   2.691,   3.689,9999.000,9999.000,9999.000,9999.000,9999.000,9999.000,9999.000
202606300342,   2.645,   3.650,9999.000,9999.000,9999.000,9999.000,9999.000,9999.000,9999.000
202606300348,   2.596,   3.607,9999.000,9999.000,9999.000,9999.000,9999.000,9999.000,9999.000
202606300354,   2.545,   3.558,9999.000,9999.000,9999.000,9999.000,9999.000,9999.000,9999.000
202606300400,   2.492,   3.519,   0.800,   0.227,   3.519,   0.700,   3.419,   0.800,   3.519
202606300406,   2.437,   3.470,9999.000,9999.000,9999.000,9999.000,9999.000,9999.000,9999.000
202606300412,   2.381,   3.417,9999.000,9999.000,9999.000,9999.000,9999.000,9999.000,9999.000
202606300418,   2.322,   3.368,9999.000,9999.000,9999.000,9999.000,9999.000,9999.000,9999.000
202606300424,   2.262,   3.309,9999.000,9999.000,9999.000,9999.000,9999.000,9999.000,9999.000
202606300430,   2.200,   3.260,9999.000,9999.000,9999.000,9999.000,9999.000,9999.000,9999.000
202606300436,   2.137,   3.197,9999.000,9999.000,9999.000,9999.000,9999.000,9999.000,9999.000
202606300442,   2.073,   3.148,9999.000,9999.000,9999.000,9999.000,9999.000,9999.000,9999.000
202606300448,   2.008,   3.089,9999.000,9999.000,9999.000,9999.000,9999.000,9999.000,9999.000
202606300454,   1.941,   3.040,9999.000,9999.000,9999.000,9999.000,9999.000,9999.000,9999.000
202606300500,   1.874,   2.978,   0.700,   0.404,   2.978,   0.700,   2.978,   0.800,   3.078
202606300506,   1.806,   2.919,9999.000,9999.000,9999.000,9999.000,9999.000,9999.000,9999.000
202606300512,   1.738,   2.860,9999.000,9999.000,9999.000,9999.000,9999.000,9999.000,9999.000
202606300518,   1.669,   2.807,9999.000,9999.000,9999.000,9999.000,9999.000,9999.000,9999.000
202606300524,   1.600,   2.748,9999.000,9999.000,9999.000,9999.000,9999.000,9999.000,9999.000
202606300530,   1.530,   2.689,9999.000,9999.000,9999.000,9999.000,9999.000,9999.000,9999.000
202606300536,   1.461,   2.620,9999.000,9999.000,9999.000,9999.000,9999.000,9999.000,9999.000
202606300542,   1.392,   2.558,9999.000,9999.000,9999.000,9999.000,9999.000,9999.000,9999.000
202606300548,   1.324,   2.489,9999.000,9999.000,9999.000,9999.000,9999.000,9999.000,9999.000
202606300554,   1.256,   2.420,9999.000,9999.000,9999.000,9999.000,9999.000,9999.000,9999.000
202606300600,   1.188,   2.358,   0.700,   0.470,   2.358,   0.700,   2.358,   0.800,   2.458
202606300606,   1.122,   2.289,9999.000,9999.000,9999.000,9999.000,9999.000,9999.000,9999.000
202606300612,   1.057,   2.220,9999.000,9999.000,9999.000,9999.000,9999.000,9999.000,9999.000
202606300618,   0.993,   2.148,9999.000,9999.000,9999.000,9999.000,9999.000,9999.000,9999.000
202606300624,   0.931,   2.079,9999.000,9999.000,9999.000,9999.000,9999.000,9999.000,9999.000
202606300630,   0.870,   2.000,9999.000,9999.000,9999.000,9999.000,9999.000,9999.000,9999.000
202606300636,   0.812,   1.928,9999.000,9999.000,9999.000,9999.000,9999.000,9999.000,9999.000
202606300642,   0.755,   1.849,9999.000,9999.000,9999.000,9999.000,9999.000,9999.000,9999.000
202606300648,   0.701,   1.790,9999.000,9999.000,9999.000,9999.000,9999.000,9999.000,9999.000
202606300654,   0.649,   1.718,9999.000,9999.000,9999.000,9999.000,9999.000,9999.000,9999.000
202606300700,   0.599,   1.649,   0.700,   0.350,   1.649,   0.700,   1.649,   0.700,   1.649
202606300706,   0.553,   1.590,9999.000,9999.000,9999.000,9999.000,9999.000,9999.000,9999.000
202606300712,   0.509,   1.528,9999.000,9999.000,9999.000,9999.000,9999.000,9999.000,9999.000
202606300718,   0.468,   1.479,9999.000,9999.000,9999.000,9999.000,9999.000,9999.000,9999.000
202606300724,   0.431,   1.430,9999.000,9999.000,9999.000,9999.000,9999.000,9999.000,9999.000
202606300730,   0.396,   1.380,9999.000,9999.000,9999.000,9999.000,9999.000,9999.000,9999.000
202606300736,   0.365,   1.328,9999.000,9999.000,9999.000,9999.000,9999.000,9999.000,9999.000
202606300742,   0.338,   1.289,9999.000,9999.000,9999.000,9999.000,9999.000,9999.000,9999.000
202606300748,   0.314,   1.259,9999.000,9999.000,9999.000,9999.000,9999.000,9999.000,9999.000
202606300754,   0.293,   1.229,9999.000,9999.000,9999.000,9999.000,9999.000,9999.000,9999.000
202606300800,   0.276,   1.200,   0.700,   0.224,   1.200,   0.700,   1.200,   0.700,   1.200
202606300806,   0.262,   1.180,9999.000,9999.000,9999.000,9999.000,9999.000,9999.000,9999.000
202606300812,   0.252,   1.161,9999.000,9999.000,9999.000,9999.000,9999.000,9999.000,9999.000
202606300818,   0.245,   1.151,9999.000,9999.000,9999.000,9999.000,9999.000,9999.000,9999.000
202606300824,   0.241,   1.138,9999.000,9999.000,9999.000,9999.000,9999.000,9999.000,9999.000
202606300830,   0.241,   1.138,9999.000,9999.000,9999.000,9999.000,9999.000,9999.000,9999.000
202606300836,   0.244,   1.138,9999.000,9999.000,9999.000,9999.000,9999.000,9999.000,9999.000
202606300842,   0.251,   1.138,9999.000,9999.000,9999.000,9999.000,9999.000,9999.000,9999.000
202606300848,   0.260,   1.151,9999.000,9999.000,9999.000,9999.000,9999.000,9999.000,9999.000
202606300854,   0.273,   1.161,9999.000,9999.000,9999.000,9999.000,9999.000,9999.000,9999.000
202606300900,   0.288,   1.180,   0.700,   0.192,   1.180,   0.700,   1.180,   0.700,   1.180
202606300906,   0.307,   1.210,9999.000,9999.000,9999.000,9999.000,9999.000,9999.000,9999.000
202606300912,   0.328,   1.229,9999.000,9999.000,9999.000,9999.000,9999.000,9999.000,9999.000
202606300918,   0.352,   1.259,9999.000,9999.000,9999.000,9999.000,9999.000,9999.000,9999.000
202606300924,   0.379,   1.298,9999.000,9999.000,9999.000,9999.000,9999.000,9999.000,9999.000
202606300930,   0.408,   1.338,9999.000,9999.000,9999.000,9999.000,9999.000,9999.000,9999.000
202606300936,   0.440,   1.380,9999.000,9999.000,9999.000,9999.000,9999.000,9999.000,9999.000
202606300942,   0.474,   1.410,9999.000,9999.000,9999.000,9999.000,9999.000,9999.000,9999.000
202606300948,   0.511,   1.449,9999.000,9999.000,9999.000,9999.000,9999.000,9999.000,9999.000
202606300954,   0.550,   1.498,9999.000,9999.000,9999.000,9999.000,9999.000,9999.000,9999.000
202606301000,   0.591,   1.548,   0.700,   0.257,   1.548,   0.700,   1.548,   0.700,   1.548
202606301006,   0.634,   1.590,9999.000,9999.000,9999.000,9999.000,9999.000,9999.000,9999.000
202606301012,   0.679,   1.630,9999.000,9999.000,9999.000,9999.000,9999.000,9999.000,9999.000
202606301018,   0.726,   1.669,9999.000,9999.000,9999.000,9999.000,9999.000,9999.000,9999.000
202606301024,   0.775,   1.728,9999.000,9999.000,9999.000,9999.000,9999.000,9999.000,9999.000
202606301030,   0.825,   1.767,9999.000,9999.000,9999.000,9999.000,9999.000,9999.000,9999.000
202606301036,   0.877,   1.810,9999.000,9999.000,9999.000,9999.000,9999.000,9999.000,9999.000
202606301042,   0.931,   1.859,9999.000,9999.000,9999.000,9999.000,9999.000,9999.000,9999.000
202606301048,   0.986,   1.908,9999.000,9999.000,9999.000,9999.000,9999.000,9999.000,9999.000
202606301054,   1.042,   1.958,9999.000,9999.000,9999.000,9999.000,9999.000,9999.000,9999.000
202606301100,   1.100,   2.010,   0.700,   0.210,   2.010,   0.700,   2.010,   0.700,   2.010
202606301106,   1.158,   2.049,9999.000,9999.000,9999.000,9999.000,9999.000,9999.000,9999.000
202606301112,   1.217,   2.099,9999.000,9999.000,9999.000,9999.000,9999.000,9999.000,9999.000
202606301118,   1.277,   2.138,9999.000,9999.000,9999.000,9999.000,9999.000,9999.000,9999.000
202606301124,   1.337,   2.191,9999.000,9999.000,9999.000,9999.000,9999.000,9999.000,9999.000
202606301130,   1.397,   2.240,9999.000,9999.000,9999.000,9999.000,9999.000,9999.000,9999.000
202606301136,   1.458,   2.289,9999.000,9999.000,9999.000,9999.000,9999.000,9999.000,9999.000
202606301142,   1.519,   2.358,9999.000,9999.000,9999.000,9999.000,9999.000,9999.000,9999.000
202606301148,   1.579,   2.400,9999.000,9999.000,9999.000,9999.000,9999.000,9999.000,9999.000
202606301154,   1.639,   2.450,9999.000,9999.000,9999.000,9999.000,9999.000,9999.000,9999.000
202606301200,   1.698,   2.509,   0.700,   0.111,   2.509,   0.600,   2.409,   0.700,   2.509
202606301206,   1.756,   2.568,9999.000,9999.000,9999.000,9999.000,9999.000,9999.000,9999.000
202606301212,   1.814,   2.620,9999.000,9999.000,9999.000,9999.000,9999.000,9999.000,9999.000
202606301218,   1.870,   2.669,9999.000,9999.000,9999.000,9999.000,9999.000,9999.000,9999.000
202606301224,   1.925,   2.728,9999.000,9999.000,9999.000,9999.000,9999.000,9999.000,9999.000
202606301230,   1.978,   2.787,9999.000,9999.000,9999.000,9999.000,9999.000,9999.000,9999.000
202606301236,   2.030,   2.840,9999.000,9999.000,9999.000,9999.000,9999.000,9999.000,9999.000
202606301242,   2.080,   2.899,9999.000,9999.000,9999.000,9999.000,9999.000,9999.000,9999.000
202606301248,   2.128,   2.958,9999.000,9999.000,9999.000,9999.000,9999.000,9999.000,9999.000
202606301254,   2.174,   3.007,9999.000,9999.000,9999.000,9999.000,9999.000,9999.000,9999.000
202606301300,   2.218,   3.060,   0.600,   0.242,   3.060,   0.600,   3.060,   0.700,   3.160
202606301306,   2.259,   3.109,9999.000,9999.000,9999.000,9999.000,9999.000,9999.000,9999.000
202606301312,   2.298,   3.148,9999.000,9999.000,9999.000,9999.000,9999.000,9999.000,9999.000
202606301318,   2.335,   3.188,9999.000,9999.000,9999.000,9999.000,9999.000,9999.000,9999.000
202606301324,   2.369,   3.230,9999.000,9999.000,9999.000,9999.000,9999.000,9999.000,9999.000
202606301330,   2.400,   3.279,9999.000,9999.000,9999.000,9999.000,9999.000,9999.000,9999.000
202606301336,   2.428,   3.319,9999.000,9999.000,9999.000,9999.000,9999.000,9999.000,9999.000
202606301342,   2.454,   3.348,9999.000,9999.000,9999.000,9999.000,9999.000,9999.000,9999.000
202606301348,   2.476,   3.388,9999.000,9999.000,9999.000,9999.000,9999.000,9999.000,9999.000
202606301354,   2.496,   3.407,9999.000,9999.000,9999.000,9999.000,9999.000,9999.000,9999.000
202606301400,   2.512,   3.427,   0.600,   0.315,   3.427,   0.600,   3.427,   0.700,   3.527
202606301406,   2.526,   3.440,9999.000,9999.000,9999.000,9999.000,9999.000,9999.000,9999.000
202606301412,   2.536,   3.460,9999.000,9999.000,9999.000,9999.000,9999.000,9999.000,9999.000
202606301418,   2.544,   3.460,9999.000,9999.000,9999.000,9999.000,9999.000,9999.000,9999.000
202606301424,   2.548,   3.460,9999.000,9999.000,9999.000,9999.000,9999.000,9999.000,9999.000
202606301430,   2.548,   3.460,9999.000,9999.000,9999.000,9999.000,9999.000,9999.000,9999.000
202606301436,   2.546,   3.460,9999.000,9999.000,9999.000,9999.000,9999.000,9999.000,9999.000
202606301442,   2.541,   3.450,9999.000,9999.000,9999.000,9999.000,9999.000,9999.000,9999.000
202606301448,   2.532,   3.440,9999.000,9999.000,9999.000,9999.000,9999.000,9999.000,9999.000
202606301454,   2.520,   3.417,9999.000,9999.000,9999.000,9999.000,9999.000,9999.000,9999.000
202606301500,   2.505,   3.398,   0.600,   0.293,   3.398,   0.600,   3.398,   0.700,   3.498
202606301506,   2.487,   3.378,9999.000,9999.000,9999.000,9999.000,9999.000,9999.000,9999.000
202606301512,   2.466,9999.000,9999.000,9999.000,9999.000,9999.000,9999.000,9999.000,9999.000
202606301518,   2.442,9999.000,9999.000,9999.000,9999.000,9999.000,9999.000,9999.000,9999.000
202606301524,   2.415,   3.070,9999.000,9999.000,9999.000,9999.000,9999.000,9999.000,9999.000
202606301530,   2.385,   3.279,9999.000,9999.000,9999.000,9999.000,9999.000,9999.000,9999.000
202606301536,   2.353,   3.240,9999.000,9999.000,9999.000,9999.000,9999.000,9999.000,9999.000
202606301542,   2.318,   3.207,9999.000,9999.000,9999.000,9999.000,9999.000,9999.000,9999.000
202606301548,   2.280,   3.158,9999.000,9999.000,9999.000,9999.000,9999.000,9999.000,9999.000
202606301554,   2.240,   3.119,9999.000,9999.000,9999.000,9999.000,9999.000,9999.000,9999.000
202606301600,   2.198,   3.070,   0.600,   0.272,   3.070,   0.600,   3.070,   0.700,   3.170
202606301606,   2.154,   3.017,9999.000,9999.000,9999.000,9999.000,9999.000,9999.000,9999.000
202606301612,   2.107,9999.000,9999.000,9999.000,9999.000,9999.000,9999.000,9999.000,9999.000
202606301618,   2.059,   2.889,9999.000,9999.000,9999.000,9999.000,9999.000,9999.000,9999.000
202606301624,   2.009,   2.840,9999.000,9999.000,9999.000,9999.000,9999.000,9999.000,9999.000
202606301630,   1.957,   2.778,9999.000,9999.000,9999.000,9999.000,9999.000,9999.000,9999.000
202606301636,   1.904,   2.719,9999.000,9999.000,9999.000,9999.000,9999.000,9999.000,9999.000
202606301642,   1.850,   2.660,9999.000,9999.000,9999.000,9999.000,9999.000,9999.000,9999.000
202606301648,   1.795,   2.597,9999.000,9999.000,9999.000,9999.000,9999.000,9999.000,9999.000
202606301654,   1.739,   2.135,9999.000,9999.000,9999.000,9999.000,9999.000,9999.000,9999.000
202606301700,   1.682,   2.135,   0.600,  -0.147,   2.135,   0.600,   2.135,   0.600,   2.135
202606301706,   1.624,9999.000,9999.000,9999.000,9999.000,9999.000,9999.000,9999.000,9999.000
202606301712,   1.565,9999.000,9999.000,9999.000,9999.000,9999.000,9999.000,9999.000,9999.000
202606301718,   1.507,9999.000,9999.000,9999.000,9999.000,9999.000,9999.000,9999.000,9999.000
202606301724,   1.448,   2.210,9999.000,9999.000,9999.000,9999.000,9999.000,9999.000,9999.000
202606301730,   1.389,   2.138,9999.000,9999.000,9999.000,9999.000,9999.000,9999.000,9999.000
202606301736,   1.330,   2.059,9999.000,9999.000,9999.000,9999.000,9999.000,9999.000,9999.000
202606301742,   1.271,   2.000,9999.000,9999.000,9999.000,9999.000,9999.000,9999.000,9999.000
202606301748,   1.212,   1.948,9999.000,9999.000,9999.000,9999.000,9999.000,9999.000,9999.000
202606301754,   1.154,9999.000,9999.000,9999.000,9999.000,9999.000,9999.000,9999.000,9999.000
202606301800,   1.097,9999.000,   0.600,9999.000,   1.697,   0.600,   1.697,   0.600,   1.697
202606301806,   1.040,9999.000,9999.000,9999.000,9999.000,9999.000,9999.000,9999.000,9999.000
202606301812,   0.984,9999.000,9999.000,9999.000,9999.000,9999.000,9999.000,9999.000,9999.000
202606301818,   0.930,9999.000,9999.000,9999.000,9999.000,9999.000,9999.000,9999.000,9999.000
202606301824,   0.876,   1.318,9999.000,9999.000,9999.000,9999.000,9999.000,9999.000,9999.000
202606301830,   0.824,9999.000,9999.000,9999.000,9999.000,9999.000,9999.000,9999.000,9999.000
202606301836,   0.774,9999.000,9999.000,9999.000,9999.000,9999.000,9999.000,9999.000,9999.000
202606301842,   0.725,9999.000,9999.000,9999.000,9999.000,9999.000,9999.000,9999.000,9999.000
202606301848,   0.678,9999.000,9999.000,9999.000,9999.000,9999.000,9999.000,9999.000,9999.000
202606301854,   0.633,   1.371,9999.000,9999.000,9999.000,9999.000,9999.000,9999.000,9999.000
202606301900,   0.590,   1.318,   0.600,   0.128,   1.318,   0.600,   1.318,   0.600,   1.318
202606301906,   0.550,   1.279,9999.000,9999.000,9999.000,9999.000,9999.000,9999.000,9999.000
202606301912,   0.512,   1.239,9999.000,9999.000,9999.000,9999.000,9999.000,9999.000,9999.000
202606301918,   0.477,   1.200,9999.000,9999.000,9999.000,9999.000,9999.000,9999.000,9999.000
202606301924,   0.445,   1.180,9999.000,9999.000,9999.000,9999.000,9999.000,9999.000,9999.000
202606301930,   0.416,   1.151,9999.000,9999.000,9999.000,9999.000,9999.000,9999.000,9999.000
202606301936,   0.390,   1.118,9999.000,9999.000,9999.000,9999.000,9999.000,9999.000,9999.000
202606301942,   0.367,   1.108,9999.000,9999.000,9999.000,9999.000,9999.000,9999.000,9999.000
202606301948,   0.347,   1.088,9999.000,9999.000,9999.000,9999.000,9999.000,9999.000,9999.000
202606301954,   0.331,   1.069,9999.000,9999.000,9999.000,9999.000,9999.000,9999.000,9999.000
202606302000,   0.318,   1.059,   0.600,   0.141,   1.059,   0.500,   0.959,   0.600,   1.059
202606302006,   0.309,   1.049,9999.000,9999.000,9999.000,9999.000,9999.000,9999.000,9999.000
202606302012,   0.303,   1.039,9999.000,9999.000,9999.000,9999.000,9999.000,9999.000,9999.000
202606302018,   0.301,   1.039,9999.000,9999.000,9999.000,9999.000,9999.000,9999.000,9999.000
202606302024,   0.302,   1.039,9999.000,9999.000,9999.000,9999.000,9999.000,9999.000,9999.000
202606302030,   0.307,   1.039,9999.000,9999.000,9999.000,9999.000,9999.000,9999.000,9999.000
202606302036,   0.315,   1.049,9999.000,9999.000,9999.000,9999.000,9999.000,9999.000,9999.000
202606302042,   0.327,   1.059,9999.000,9999.000,9999.000,9999.000,9999.000,9999.000,9999.000
202606302048,   0.343,   1.079,9999.000,9999.000,9999.000,9999.000,9999.000,9999.000,9999.000
202606302054,   0.361,   1.098,9999.000,9999.000,9999.000,9999.000,9999.000,9999.000,9999.000
202606302100,   0.383,   1.118,   0.600,   0.135,   1.118,   0.500,   1.018,   0.600,   1.118
202606302106,   0.408,   1.151,9999.000,9999.000,9999.000,9999.000,9999.000,9999.000,9999.000
202606302112,   0.436,   1.180,9999.000,9999.000,9999.000,9999.000,9999.000,9999.000,9999.000
202606302118,   0.467,   1.190,9999.000,9999.000,9999.000,9999.000,9999.000,9999.000,9999.000
202606302124,   0.501,   1.220,9999.000,9999.000,9999.000,9999.000,9999.000,9999.000,9999.000
202606302130,   0.537,   1.259,9999.000,9999.000,9999.000,9999.000,9999.000,9999.000,9999.000
202606302136,   0.576,   1.289,9999.000,9999.000,9999.000,9999.000,9999.000,9999.000,9999.000
202606302142,   0.617,   1.308,9999.000,9999.000,9999.000,9999.000,9999.000,9999.000,9999.000
202606302148,   0.661,   1.348,9999.000,9999.000,9999.000,9999.000,9999.000,9999.000,9999.000
202606302154,   0.707,   1.400,9999.000,9999.000,9999.000,9999.000,9999.000,9999.000,9999.000
202606302200,   0.755,   1.439,   0.500,   0.184,   1.439,   0.500,   1.439,   0.600,   1.539
202606302206,   0.805,   1.489,9999.000,9999.000,9999.000,9999.000,9999.000,9999.000,9999.000
202606302212,   0.856,   1.528,9999.000,9999.000,9999.000,9999.000,9999.000,9999.000,9999.000
202606302218,   0.910,   1.580,9999.000,9999.000,9999.000,9999.000,9999.000,9999.000,9999.000
202606302224,   0.965,   1.630,9999.000,9999.000,9999.000,9999.000,9999.000,9999.000,9999.000
202606302230,   1.021,   1.689,9999.000,9999.000,9999.000,9999.000,9999.000,9999.000,9999.000
202606302236,   1.079,   1.738,9999.000,9999.000,9999.000,9999.000,9999.000,9999.000,9999.000
202606302242,   1.138,   1.800,9999.000,9999.000,9999.000,9999.000,9999.000,9999.000,9999.000
202606302248,   1.198,   1.869,9999.000,9999.000,9999.000,9999.000,9999.000,9999.000,9999.000
202606302254,   1.259,   1.928,9999.000,9999.000,9999.000,9999.000,9999.000,9999.000,9999.000
202606302300,   1.321,   2.000,   0.500,   0.179,   2.000,   0.500,   2.000,   0.600,   2.100
202606302306,   1.384,9999.000,9999.000,9999.000,9999.000,9999.000,9999.000,9999.000,9999.000
202606302312,   1.448,9999.000,9999.000,9999.000,9999.000,9999.000,9999.000,9999.000,9999.000
202606302318,   1.512,9999.000,9999.000,9999.000,9999.000,9999.000,9999.000,9999.000,9999.000
202606302324,   1.576,   2.646,9999.000,9999.000,9999.000,9999.000,9999.000,9999.000,9999.000
202606302330,   1.641,   2.338,9999.000,9999.000,9999.000,9999.000,9999.000,9999.000,9999.000
202606302336,   1.706,   2.410,9999.000,9999.000,9999.000,9999.000,9999.000,9999.000,9999.000
202606302342,   1.771,   2.459,9999.000,9999.000,9999.000,9999.000,9999.000,9999.000,9999.000
202606302348,   1.835,   2.519,9999.000,9999.000,9999.000,9999.000,9999.000,9999.000,9999.000
202606302354,   1.900,   2.587,9999.000,9999.000,9999.000,9999.000,9999.000,9999.000,9999.000
202607010000,   1.964,   2.650,   0.500,   0.186,   2.650,   0.500,   2.650,   0.500,   2.650
202607010006,   2.027,   2.709,9999.000,9999.000,9999.000,9999.000,9999.000,9999.000,9999.000
202607010012,   2.090,   2.768,9999.000,9999.000,9999.000,9999.000,9999.000,9999.000,9999.000
202607010018,   2.152,   2.830,9999.000,9999.000,9999.000,9999.000,9999.000,9999.000,9999.000
202607010024,   2.212,   2.899,9999.000,9999.000,9999.000,9999.000,9999.000,9999.000,9999.000
202607010030,   2.272,   2.968,9999.000,9999.000,9999.000,9999.000,9999.000,9999.000,9999.000
202607010036,   2.330,   3.017,9999.000,9999.000,9999.000,9999.000,9999.000,9999.000,9999.000
202607010042,   2.387,   3.079,9999.000,9999.000,9999.000,9999.000,9999.000,9999.000,9999.000
202607010048,   2.442,   3.129,9999.000,9999.000,9999.000,9999.000,9999.000,9999.000,9999.000
202607010054,   2.495,   3.178,9999.000,9999.000,9999.000,9999.000,9999.000,9999.000,9999.000
202607010100,   2.547,   3.217,   0.500,   0.170,   3.217,   0.500,   3.217,   0.500,   3.217
202607010106,   2.596,   3.260,9999.000,9999.000,9999.000,9999.000,9999.000,9999.000,9999.000
202607010112,   2.644,   3.299,9999.000,9999.000,9999.000,9999.000,9999.000,9999.000,9999.000
202607010118,   2.689,   3.329,9999.000,9999.000,9999.000,9999.000,9999.000,9999.000,9999.000
202607010124,   2.731,   3.358,9999.000,9999.000,9999.000,9999.000,9999.000,9999.000,9999.000
202607010130,   2.772,   3.388,9999.000,9999.000,9999.000,9999.000,9999.000,9999.000,9999.000
202607010136,   2.809,   3.417,9999.000,9999.000,9999.000,9999.000,9999.000,9999.000,9999.000
202607010142,   2.844,   3.450,9999.000,9999.000,9999.000,9999.000,9999.000,9999.000,9999.000
202607010148,   2.876,   3.480,9999.000,9999.000,9999.000,9999.000,9999.000,9999.000,9999.000
202607010154,   2.906,   3.509,9999.000,9999.000,9999.000,9999.000,9999.000,9999.000,9999.000
202607010200,   2.932,   3.529,   0.500,   0.097,   3.529,   0.500,   3.529,   0.500,   3.529
202607010206,   2.955,   3.548,9999.000,9999.000,9999.000,9999.000,9999.000,9999.000,9999.000
202607010212,   2.976,   3.578,9999.000,9999.000,9999.000,9999.000,9999.000,9999.000,9999.000
202607010218,   2.993,   3.588,9999.000,9999.000,9999.000,9999.000,9999.000,9999.000,9999.000
202607010224,   3.007,   3.588,9999.000,9999.000,9999.000,9999.000,9999.000,9999.000,9999.000
202607010230,   3.017,   3.588,9999.000,9999.000,9999.000,9999.000,9999.000,9999.000,9999.000
202607010236,   3.025,   3.598,9999.000,9999.000,9999.000,9999.000,9999.000,9999.000,9999.000
202607010242,   3.029,   3.588,9999.000,9999.000,9999.000,9999.000,9999.000,9999.000,9999.000
202607010248,   3.029,   3.578,9999.000,9999.000,9999.000,9999.000,9999.000,9999.000,9999.000
202607010254,   3.027,   3.578,9999.000,9999.000,9999.000,9999.000,9999.000,9999.000,9999.000
202607010300,   3.020,   3.568,   0.500,   0.048,   3.568,   0.400,   3.468,   0.500,   3.568
202607010306,   3.011,   3.558,9999.000,9999.000,9999.000,9999.000,9999.000,9999.000,9999.000
202607010312,   2.998,   3.558,9999.000,9999.000,9999.000,9999.000,9999.000,9999.000,9999.000
202607010318,   2.981,   3.558,9999.000,9999.000,9999.000,9999.000,9999.000,9999.000,9999.000
202607010324,   2.961,   3.558,9999.000,9999.000,9999.000,9999.000,9999.000,9999.000,9999.000
202607010330,   2.938,   3.548,9999.000,9999.000,9999.000,9999.000,9999.000,9999.000,9999.000
202607010336,   2.912,   3.529,9999.000,9999.000,9999.000,9999.000,9999.000,9999.000,9999.000
202607010342,   2.882,   3.519,9999.000,9999.000,9999.000,9999.000,9999.000,9999.000,9999.000
202607010348,   2.849,   3.489,9999.000,9999.000,9999.000,9999.000,9999.000,9999.000,9999.000
202607010354,   2.814,   3.460,9999.000,9999.000,9999.000,9999.000,9999.000,9999.000,9999.000
202607010400,   2.775,   3.427,   0.400,   0.252,   3.427,   0.400,   3.427,   0.500,   3.527
202607010406,   2.733,   3.388,9999.000,9999.000,9999.000,9999.000,9999.000,9999.000,9999.000
202607010412,   2.689,   3.348,9999.000,9999.000,9999.000,9999.000,9999.000,9999.000,9999.000
202607010418,   2.642,   3.309,9999.000,9999.000,9999.000,9999.000,9999.000,9999.000,9999.000
202607010424,   2.593,   3.270,9999.000,9999.000,9999.000,9999.000,9999.000,9999.000,9999.000
202607010430,   2.542,   3.230,9999.000,9999.000,9999.000,9999.000,9999.000,9999.000,9999.000
202607010436,   2.488,   3.188,9999.000,9999.000,9999.000,9999.000,9999.000,9999.000,9999.000
202607010442,   2.432,   3.158,9999.000,9999.000,9999.000,9999.000,9999.000,9999.000,9999.000
202607010448,   2.375,   3.119,9999.000,9999.000,9999.000,9999.000,9999.000,9999.000,9999.000
202607010454,   2.316,   3.070,9999.000,9999.000,9999.000,9999.000,9999.000,9999.000,9999.000
202607010500,   2.255,   3.017,   0.400,   0.362,   3.017,   0.400,   3.017,   0.500,   3.117
202607010506,   2.193,   2.978,9999.000,9999.000,9999.000,9999.000,9999.000,9999.000,9999.000
202607010512,   2.130,   2.919,9999.000,9999.000,9999.000,9999.000,9999.000,9999.000,9999.000
202607010518,   2.066,   2.850,9999.000,9999.000,9999.000,9999.000,9999.000,9999.000,9999.000
202607010524,   2.000,   2.778,9999.000,9999.000,9999.000,9999.000,9999.000,9999.000,9999.000
202607010530,   1.934,   2.709,9999.000,9999.000,9999.000,9999.000,9999.000,9999.000,9999.000
202607010536,   1.867,   2.620,9999.000,9999.000,9999.000,9999.000,9999.000,9999.000,9999.000
202607010542,   1.800,   2.538,9999.000,9999.000,9999.000,9999.000,9999.000,9999.000,9999.000
202607010548,   1.732,   2.469,9999.000,9999.000,9999.000,9999.000,9999.000,9999.000,9999.000
202607010554,   1.664,   2.387,9999.000,9999.000,9999.000,9999.000,9999.000,9999.000,9999.000
202607010600,   1.596,   2.318,   0.400,   0.322,   2.318,   0.400,   2.318,   0.500,   2.418
202607010606,   1.528,   2.250,9999.000,9999.000,9999.000,9999.000,9999.000,9999.000,9999.000
202607010612,   1.460,   2.191,9999.000,9999.000,9999.000,9999.000,9999.000,9999.000,9999.000
202607010618,   1.392,   2.118,9999.000,9999.000,9999.000,9999.000,9999.000,9999.000,9999.000
202607010624,   1.325,   2.030,9999.000,9999.000,9999.000,9999.000,9999.000,9999.000,9999.000
202607010630,   1.258,   1.958,9999.000,9999.000,9999.000,9999.000,9999.000,9999.000,9999.000
202607010636,   1.191,   1.879,9999.000,9999.000,9999.000,9999.000,9999.000,9999.000,9999.000
202607010642,   1.126,   1.790,9999.000,9999.000,9999.000,9999.000,9999.000,9999.000,9999.000
202607010648,   1.062,   1.708,9999.000,9999.000,9999.000,9999.000,9999.000,9999.000,9999.000
202607010654,   0.998,   1.630,9999.000,9999.000,9999.000,9999.000,9999.000,9999.000,9999.000
202607010700,   0.936,   1.548,   0.400,   0.212,   1.548,   0.400,   1.548,   0.500,   1.648
202607010706,   0.875,   1.479,9999.000,9999.000,9999.000,9999.000,9999.000,9999.000,9999.000
202607010712,   0.817,   1.400,9999.000,9999.000,9999.000,9999.000,9999.000,9999.000,9999.000
202607010718,   0.759,   1.338,9999.000,9999.000,9999.000,9999.000,9999.000,9999.000,9999.000
202607010724,   0.704,   1.279,9999.000,9999.000,9999.000,9999.000,9999.000,9999.000,9999.000
202607010730,   0.651,   1.210,9999.000,9999.000,9999.000,9999.000,9999.000,9999.000,9999.000
202607010736,   0.601,   1.161,9999.000,9999.000,9999.000,9999.000,9999.000,9999.000,9999.000
202607010742,   0.553,   1.108,9999.000,9999.000,9999.000,9999.000,9999.000,9999.000,9999.000
202607010748,   0.507,   1.059,9999.000,9999.000,9999.000,9999.000,9999.000,9999.000,9999.000
202607010754,   0.465,   1.010,9999.000,9999.000,9999.000,9999.000,9999.000,9999.000,9999.000
202607010800,   0.426,   0.970,   0.400,   0.144,   0.970,   0.400,   0.970,   0.400,   0.970
202607010806,   0.389,   0.918,9999.000,9999.000,9999.000,9999.000,9999.000,9999.000,9999.000
202607010812,   0.357,   0.888,9999.000,9999.000,9999.000,9999.000,9999.000,9999.000,9999.000
202607010818,   0.327,   0.839,9999.000,9999.000,9999.000,9999.000,9999.000,9999.000,9999.000
202607010824,   0.301,   0.780,9999.000,9999.000,9999.000,9999.000,9999.000,9999.000,9999.000
202607010830,   0.279,   0.751,9999.000,9999.000,9999.000,9999.000,9999.000,9999.000,9999.000
202607010836,   0.260,   0.741,9999.000,9999.000,9999.000,9999.000,9999.000,9999.000,9999.000
202607010842,   0.245,   0.708,9999.000,9999.000,9999.000,9999.000,9999.000,9999.000,9999.000
202607010848,   0.234,   0.688,9999.000,9999.000,9999.000,9999.000,9999.000,9999.000,9999.000
202607010854,   0.227,   0.669,9999.000,9999.000,9999.000,9999.000,9999.000,9999.000,9999.000
202607010900,   0.223,   0.669,   0.400,   0.046,   0.669,   0.400,   0.669,   0.400,   0.669
202607010906,   0.223,   0.669,9999.000,9999.000,9999.000,9999.000,9999.000,9999.000,9999.000
202607010912,   0.227,   0.669,9999.000,9999.000,9999.000,9999.000,9999.000,9999.000,9999.000
202607010918,   0.234,   0.669,9999.000,9999.000,9999.000,9999.000,9999.000,9999.000,9999.000
202607010924,   0.245,   0.669,9999.000,9999.000,9999.000,9999.000,9999.000,9999.000,9999.000
202607010930,   0.259,   0.688,9999.000,9999.000,9999.000,9999.000,9999.000,9999.000,9999.000
202607010936,   0.276,   0.698,9999.000,9999.000,9999.000,9999.000,9999.000,9999.000,9999.000
202607010942,   0.297,   0.708,9999.000,9999.000,9999.000,9999.000,9999.000,9999.000,9999.000
202607010948,   0.320,   0.731,9999.000,9999.000,9999.000,9999.000,9999.000,9999.000,9999.000
202607010954,   0.347,   0.760,9999.000,9999.000,9999.000,9999.000,9999.000,9999.000,9999.000
202607011000,   0.376,   0.800,   0.400,   0.024,   0.800,   0.400,   0.800,   0.400,   0.800
202607011006,   0.408,   0.849,9999.000,9999.000,9999.000,9999.000,9999.000,9999.000,9999.000
202607011012,   0.443,   0.879,9999.000,9999.000,9999.000,9999.000,9999.000,9999.000,9999.000
202607011018,   0.480,   0.941,9999.000,9999.000,9999.000,9999.000,9999.000,9999.000,9999.000
202607011024,   0.519,   0.990,9999.000,9999.000,9999.000,9999.000,9999.000,9999.000,9999.000
202607011030,   0.560,   1.039,9999.000,9999.000,9999.000,9999.000,9999.000,9999.000,9999.000
202607011036,   0.603,   1.069,9999.000,9999.000,9999.000,9999.000,9999.000,9999.000,9999.000
202607011042,   0.648,   1.108,9999.000,9999.000,9999.000,9999.000,9999.000,9999.000,9999.000
202607011048,   0.695,   1.151,9999.000,9999.000,9999.000,9999.000,9999.000,9999.000,9999.000
202607011054,   0.744,   1.190,9999.000,9999.000,9999.000,9999.000,9999.000,9999.000,9999.000
202607011100,   0.793,   1.229,   0.400,   0.036,   1.229,   0.300,   1.129,   0.400,   1.229
202607011106,   0.845,   1.269,9999.000,9999.000,9999.000,9999.000,9999.000,9999.000,9999.000
202607011112,   0.897,   1.308,9999.000,9999.000,9999.000,9999.000,9999.000,9999.000,9999.000
202607011118,   0.951,   1.361,9999.000,9999.000,9999.000,9999.000,9999.000,9999.000,9999.000
202607011124,   1.005,   1.420,9999.000,9999.000,9999.000,9999.000,9999.000,9999.000,9999.000
202607011130,   1.061,   1.479,9999.000,9999.000,9999.000,9999.000,9999.000,9999.000,9999.000
202607011136,   1.117,   1.538,9999.000,9999.000,9999.000,9999.000,9999.000,9999.000,9999.000
202607011142,   1.174,   1.600,9999.000,9999.000,9999.000,9999.000,9999.000,9999.000,9999.000
202607011148,   1.232,   1.659,9999.000,9999.000,9999.000,9999.000,9999.000,9999.000,9999.000
202607011154,   1.290,   1.728,9999.000,9999.000,9999.000,9999.000,9999.000,9999.000,9999.000
202607011200,   1.348,   1.781,   0.300,   0.133,   1.781,   0.300,   1.781,   0.400,   1.881
202607011206,   1.407,   1.830,9999.000,9999.000,9999.000,9999.000,9999.000,9999.000,9999.000
202607011212,   1.465,   1.889,9999.000,9999.000,9999.000,9999.000,9999.000,9999.000,9999.000
202607011218,   1.524,   1.948,9999.000,9999.000,9999.000,9999.000,9999.000,9999.000,9999.000
202607011224,   1.582,   2.000,9999.000,9999.000,9999.000,9999.000,9999.000,9999.000,9999.000
202607011230,   1.640,   2.059,9999.000,9999.000,9999.000,9999.000,9999.000,9999.000,9999.000
202607011236,   1.698,   2.109,9999.000,9999.000,9999.000,9999.000,9999.000,9999.000,9999.000
202607011242,   1.755,   2.168,9999.000,9999.000,9999.000,9999.000,9999.000,9999.000,9999.000
202607011248,   1.811,   2.220,9999.000,9999.000,9999.000,9999.000,9999.000,9999.000,9999.000
202607011254,   1.866,   2.259,9999.000,9999.000,9999.000,9999.000,9999.000,9999.000,9999.000
202607011300,   1.921,   2.309,   0.300,   0.088,   2.309,   0.300,   2.309,   0.400,   2.409
202607011306,   1.974,   2.358,9999.000,9999.000,9999.000,9999.000,9999.000,9999.000,9999.000
202607011312,   2.026,   2.400,9999.000,9999.000,9999.000,9999.000,9999.000,9999.000,9999.000
202607011318,   2.076,   2.459,9999.000,9999.000,9999.000,9999.000,9999.000,9999.000,9999.000
202607011324,   2.125,   2.519,9999.000,9999.000,9999.000,9999.000,9999.000,9999.000,9999.000
202607011330,   2.172,   2.568,9999.000,9999.000,9999.000,9999.000,9999.000,9999.000,9999.000
202607011336,   2.217,   2.620,9999.000,9999.000,9999.000,9999.000,9999.000,9999.000,9999.000
202607011342,   2.260,   2.669,9999.000,9999.000,9999.000,9999.000,9999.000,9999.000,9999.000
202607011348,   2.301,   2.709,9999.000,9999.000,9999.000,9999.000,9999.000,9999.000,9999.000
202607011354,   2.340,   2.748,9999.000,9999.000,9999.000,9999.000,9999.000,9999.000,9999.000
202607011400,   2.376,   2.787,   0.300,   0.111,   2.787,   0.300,   2.787,   0.400,   2.887
202607011406,   2.410,   2.830,9999.000,9999.000,9999.000,9999.000,9999.000,9999.000,9999.000
202607011412,   2.441,   2.869,9999.000,9999.000,9999.000,9999.000,9999.000,9999.000,9999.000
202607011418,   2.469,   2.899,9999.000,9999.000,9999.000,9999.000,9999.000,9999.000,9999.000
202607011424,   2.495,   2.929,9999.000,9999.000,9999.000,9999.000,9999.000,9999.000,9999.000
202607011430,   2.517,   2.948,9999.000,9999.000,9999.000,9999.000,9999.000,9999.000,9999.000
202607011436,   2.537,   2.958,9999.000,9999.000,9999.000,9999.000,9999.000,9999.000,9999.000
202607011442,   2.553,   2.988,9999.000,9999.000,9999.000,9999.000,9999.000,9999.000,9999.000
202607011448,   2.566,   2.997,9999.000,9999.000,9999.000,9999.000,9999.000,9999.000,9999.000
202607011454,   2.577,   3.017,9999.000,9999.000,9999.000,9999.000,9999.000,9999.000,9999.000
202607011500,   2.583,   3.030,   0.300,   0.147,   3.030,   0.300,   3.030,   0.300,   3.030
202607011506,   2.587,   3.040,9999.000,9999.000,9999.000,9999.000,9999.000,9999.000,9999.000
202607011512,   2.587,   3.040,9999.000,9999.000,9999.000,9999.000,9999.000,9999.000,9999.000
202607011518,   2.583,   3.040,9999.000,9999.000,9999.000,9999.000,9999.000,9999.000,9999.000
202607011524,   2.577,   3.030,9999.000,9999.000,9999.000,9999.000,9999.000,9999.000,9999.000
202607011530,   2.567,   2.997,9999.000,9999.000,9999.000,9999.000,9999.000,9999.000,9999.000
202607011536,   2.553,   2.978,9999.000,9999.000,9999.000,9999.000,9999.000,9999.000,9999.000
202607011542,   2.537,   2.958,9999.000,9999.000,9999.000,9999.000,9999.000,9999.000,9999.000
202607011548,   2.517,   2.938,9999.000,9999.000,9999.000,9999.000,9999.000,9999.000,9999.000
202607011554,   2.493,   2.909,9999.000,9999.000,9999.000,9999.000,9999.000,9999.000,9999.000
202607011600,   2.467,   2.879,   0.300,   0.112,   2.879,   0.300,   2.879,   0.300,   2.879
202607011606,   2.438,   2.860,9999.000,9999.000,9999.000,9999.000,9999.000,9999.000,9999.000
202607011612,   2.406,   2.830,9999.000,9999.000,9999.000,9999.000,9999.000,9999.000,9999.000
202607011618,   2.371,   2.787,9999.000,9999.000,9999.000,9999.000,9999.000,9999.000,9999.000
202607011624,   2.333,   2.768,9999.000,9999.000,9999.000,9999.000,9999.000,9999.000,9999.000
202607011630,   2.293,   2.728,9999.000,9999.000,9999.000,9999.000,9999.000,9999.000,9999.000
202607011636,   2.250,   2.679,9999.000,9999.000,9999.000,9999.000,9999.000,9999.000,9999.000
202607011642,   2.206,   2.620,9999.000,9999.000,9999.000,9999.000,9999.000,9999.000,9999.000
202607011648,   2.159,   2.558,9999.000,9999.000,9999.000,9999.000,9999.000,9999.000,9999.000
202607011654,   2.110,   2.519,9999.000,9999.000,9999.000,9999.000,9999.000,9999.000,9999.000
202607011700,   2.060,   2.459,   0.300,   0.099,   2.459,   0.200,   2.359,   0.300,   2.459
202607011706,   2.008,   2.410,9999.000,9999.000,9999.000,9999.000,9999.000,9999.000,9999.000
202607011712,   1.954,   2.358,9999.000,9999.000,9999.000,9999.000,9999.000,9999.000,9999.000
202607011718,   1.900,   2.299,9999.000,9999.000,9999.000,9999.000,9999.000,9999.000,9999.000
202607011724,   1.844,   2.250,9999.000,9999.000,9999.000,9999.000,9999.000,9999.000,9999.000
202607011730,   1.788,   2.177,9999.000,9999.000,9999.000,9999.000,9999.000,9999.000,9999.000
202607011736,   1.730,   2.128,9999.000,9999.000,9999.000,9999.000,9999.000,9999.000,9999.000
202607011742,   1.672,9999.000,9999.000,9999.000,9999.000,9999.000,9999.000,9999.000,9999.000
202607011748,   1.614,9999.000,9999.000,9999.000,9999.000,9999.000,9999.000,9999.000,9999.000
202607011754,   1.555,   1.928,9999.000,9999.000,9999.000,9999.000,9999.000,9999.000,9999.000
202607011800,   1.497,   1.879,   0.200,   0.182,   1.879,   0.200,   1.879,   0.300,   1.979
202607011806,   1.438,   1.830,9999.000,9999.000,9999.000,9999.000,9999.000,9999.000,9999.000
202607011812,   1.379,   1.767,9999.000,9999.000,9999.000,9999.000,9999.000,9999.000,9999.000
202607011818,   1.320,   1.728,9999.000,9999.000,9999.000,9999.000,9999.000,9999.000,9999.000
202607011824,   1.262,   1.679,9999.000,9999.000,9999.000,9999.000,9999.000,9999.000,9999.000
202607011830,   1.204,   1.620,9999.000,9999.000,9999.000,9999.000,9999.000,9999.000,9999.000
202607011836,   1.146,   1.548,9999.000,9999.000,9999.000,9999.000,9999.000,9999.000,9999.000
202607011842,   1.089,   1.508,9999.000,9999.000,9999.000,9999.000,9999.000,9999.000,9999.000
202607011848,   1.033,   1.449,9999.000,9999.000,9999.000,9999.000,9999.000,9999.000,9999.000
202607011854,   0.978,   1.390,9999.000,9999.000,9999.000,9999.000,9999.000,9999.000,9999.000
202607011900,   0.924,   1.338,   0.200,   0.214,   1.338,   0.200,   1.338,   0.300,   1.438
202607011906,   0.871,   1.279,9999.000,9999.000,9999.000,9999.000,9999.000,9999.000,9999.000
202607011912,   0.819,   1.229,9999.000,9999.000,9999.000,9999.000,9999.000,9999.000,9999.000
202607011918,   0.769,   1.180,9999.000,9999.000,9999.000,9999.000,9999.000,9999.000,9999.000
202607011924,   0.720,   1.118,9999.000,9999.000,9999.000,9999.000,9999.000,9999.000,9999.000
202607011930,   0.673,   1.079,9999.000,9999.000,9999.000,9999.000,9999.000,9999.000,9999.000
202607011936,   0.628,   1.049,9999.000,9999.000,9999.000,9999.000,9999.000,9999.000,9999.000
202607011942,   0.585,   1.000,9999.000,9999.000,9999.000,9999.000,9999.000,9999.000,9999.000
202607011948,   0.545,   0.970,9999.000,9999.000,9999.000,9999.000,9999.000,9999.000,9999.000
202607011954,   0.507,   0.928,9999.000,9999.000,9999.000,9999.000,9999.000,9999.000,9999.000
202607012000,   0.471,   0.898,   0.200,   0.227,   0.898,   0.200,   0.898,   0.300,   0.998
202607012006,   0.439,   0.859,9999.000,9999.000,9999.000,9999.000,9999.000,9999.000,9999.000
202607012012,   0.409,   0.810,9999.000,9999.000,9999.000,9999.000,9999.000,9999.000,9999.000
202607012018,   0.383,   0.770,9999.000,9999.000,9999.000,9999.000,9999.000,9999.000,9999.000
202607012024,   0.359,   0.731,9999.000,9999.000,9999.000,9999.000,9999.000,9999.000,9999.000
202607012030,   0.340,   0.698,9999.000,9999.000,9999.000,9999.000,9999.000,9999.000,9999.000
202607012036,   0.323,   0.659,9999.000,9999.000,9999.000,9999.000,9999.000,9999.000,9999.000
202607012042,   0.311,   0.629,9999.000,9999.000,9999.000,9999.000,9999.000,9999.000,9999.000
202607012048,   0.302,   0.619,9999.000,9999.000,9999.000,9999.000,9999.000,9999.000,9999.000
202607012054,   0.296,   0.590,9999.000,9999.000,9999.000,9999.000,9999.000,9999.000,9999.000
202607012100,   0.295,   0.570,   0.200,   0.075,   0.570,   0.200,   0.570,   0.300,   0.670
202607012106,   0.298,   0.570,9999.000,9999.000,9999.000,9999.000,9999.000,9999.000,9999.000
202607012112,   0.304,   0.570,9999.000,9999.000,9999.000,9999.000,9999.000,9999.000,9999.000
202607012118,   0.314,   0.570,9999.000,9999.000,9999.000,9999.000,9999.000,9999.000,9999.000
202607012124,   0.328,   0.580,9999.000,9999.000,9999.000,9999.000,9999.000,9999.000,9999.000
202607012130,   0.345,   0.590,9999.000,9999.000,9999.000,9999.000,9999.000,9999.000,9999.000
202607012136,   0.366,   0.610,9999.000,9999.000,9999.000,9999.000,9999.000,9999.000,9999.000
202607012142,   0.390,   0.619,9999.000,9999.000,9999.000,9999.000,9999.000,9999.000,9999.000
202607012148,   0.418,   0.629,9999.000,9999.000,9999.000,9999.000,9999.000,9999.000,9999.000
202607012154,   0.449,   0.649,9999.000,9999.000,9999.000,9999.000,9999.000,9999.000,9999.000
202607012200,   0.483,   0.669,   0.200,  -0.014,   0.669,   0.200,   0.669,   0.300,   0.769
202607012206,   0.520,   0.708,9999.000,9999.000,9999.000,9999.000,9999.000,9999.000,9999.000
202607012212,   0.560,   0.741,9999.000,9999.000,9999.000,9999.000,9999.000,9999.000,9999.000
202607012218,   0.602,   0.780,9999.000,9999.000,9999.000,9999.000,9999.000,9999.000,9999.000
202607012224,   0.647,   0.829,9999.000,9999.000,9999.000,9999.000,9999.000,9999.000,9999.000
202607012230,   0.693,   0.888,9999.000,9999.000,9999.000,9999.000,9999.000,9999.000,9999.000
202607012236,   0.742,   0.961,9999.000,9999.000,9999.000,9999.000,9999.000,9999.000,9999.000
202607012242,   0.793,   1.020,9999.000,9999.000,9999.000,9999.000,9999.000,9999.000,9999.000
202607012248,   0.845,   1.079,9999.000,9999.000,9999.000,9999.000,9999.000,9999.000,9999.000
202607012254,   0.899,   1.151,9999.000,9999.000,9999.000,9999.000,9999.000,9999.000,9999.000
202607012300,   0.954,   1.220,   0.200,   0.066,   1.220,   0.100,   1.120,   0.300,   1.320
202607012306,   1.011,   1.289,9999.000,9999.000,9999.000,9999.000,9999.000,9999.000,9999.000
202607012312,   1.068,   1.338,9999.000,9999.000,9999.000,9999.000,9999.000,9999.000,9999.000
202607012318,   1.126,   1.400,9999.000,9999.000,9999.000,9999.000,9999.000,9999.000,9999.000
202607012324,   1.186,   1.449,9999.000,9999.000,9999.000,9999.000,9999.000,9999.000,9999.000
202607012330,   1.246,   1.518,9999.000,9999.000,9999.000,9999.000,9999.000,9999.000,9999.000
202607012336,   1.306,   1.600,9999.000,9999.000,9999.000,9999.000,9999.000,9999.000,9999.000
202607012342,   1.367,   1.659,9999.000,9999.000,9999.000,9999.000,9999.000,9999.000,9999.000
202607012348,   1.429,   1.728,9999.000,9999.000,9999.000,9999.000,9999.000,9999.000,9999.000
202607012354,   1.491,   1.800,9999.000,9999.000,9999.000,9999.000,9999.000,9999.000,9999.000
202607020000,   1.553,   1.879,   0.200,   0.126,   1.879,   0.100,   1.779,   0.200,   1.879
202607020006,   1.615,   1.948,9999.000,9999.000,9999.000,9999.000,9999.000,9999.000,9999.000
202607020012,   1.677,   2.010,9999.000,9999.000,9999.000,9999.000,9999.000,9999.000,9999.000
202607020018,   1.739,   2.069,9999.000,9999.000,9999.000,9999.000,9999.000,9999.000,9999.000
202607020024,   1.801,   2.128,9999.000,9999.000,9999.000,9999.000,9999.000,9999.000,9999.000
202607020030,   1.863,   2.177,9999.000,9999.000,9999.000,9999.000,9999.000,9999.000,9999.000
202607020036,   1.924,   2.230,9999.000,9999.000,9999.000,9999.000,9999.000,9999.000,9999.000
202607020042,   1.985,   2.289,9999.000,9999.000,9999.000,9999.000,9999.000,9999.000,9999.000
202607020048,   2.046,   2.348,9999.000,9999.000,9999.000,9999.000,9999.000,9999.000,9999.000
202607020054,   2.106,   2.400,9999.000,9999.000,9999.000,9999.000,9999.000,9999.000,9999.000
202607020100,   2.164,   2.450,   0.200,   0.086,   2.450,   0.100,   2.350,   0.200,   2.450
202607020106,   2.223,   2.489,9999.000,9999.000,9999.000,9999.000,9999.000,9999.000,9999.000
202607020112,   2.280,   2.548,9999.000,9999.000,9999.000,9999.000,9999.000,9999.000,9999.000
202607020118,   2.335,   2.597,9999.000,9999.000,9999.000,9999.000,9999.000,9999.000,9999.000
202607020124,   2.390,   2.650,9999.000,9999.000,9999.000,9999.000,9999.000,9999.000,9999.000
202607020130,   2.443,   2.709,9999.000,9999.000,9999.000,9999.000,9999.000,9999.000,9999.000
202607020136,   2.495,   2.748,9999.000,9999.000,9999.000,9999.000,9999.000,9999.000,9999.000
202607020142,   2.545,   2.787,9999.000,9999.000,9999.000,9999.000,9999.000,9999.000,9999.000
202607020148,   2.593,   2.840,9999.000,9999.000,9999.000,9999.000,9999.000,9999.000,9999.000
202607020154,   2.639,   2.889,9999.000,9999.000,9999.000,9999.000,9999.000,9999.000,9999.000
202607020200,   2.683,   2.919,   0.200,   0.036,   2.919,   0.100,   2.819,   0.200,   2.919
202607020206,   2.724,   2.958,9999.000,9999.000,9999.000,9999.000,9999.000,9999.000,9999.000
202607020212,   2.763,   2.997,9999.000,9999.000,9999.000,9999.000,9999.000,9999.000,9999.000
202607020218,   2.800,   3.040,9999.000,9999.000,9999.000,9999.000,9999.000,9999.000,9999.000
202607020224,   2.834,   3.089,9999.000,9999.000,9999.000,9999.000,9999.000,9999.000,9999.000
202607020230,   2.865,   3.129,9999.000,9999.000,9999.000,9999.000,9999.000,9999.000,9999.000
202607020236,   2.894,   3.158,9999.000,9999.000,9999.000,9999.000,9999.000,9999.000,9999.000
202607020242,   2.919,   3.197,9999.000,9999.000,9999.000,9999.000,9999.000,9999.000,9999.000
202607020248,   2.941,   3.230,9999.000,9999.000,9999.000,9999.000,9999.000,9999.000,9999.000
202607020254,   2.960,   3.260,9999.000,9999.000,9999.000,9999.000,9999.000,9999.000,9999.000
202607020300,   2.976,   3.270,   0.100,   0.194,   3.270,   0.100,   3.270,   0.200,   3.370
202607020306,   2.988,   3.289,9999.000,9999.000,9999.000,9999.000,9999.000,9999.000,9999.000
202607020312,   2.997,   3.299,9999.000,9999.000,9999.000,9999.000,9999.000,9999.000,9999.000
202607020318,   3.002,   3.309,9999.000,9999.000,9999.000,9999.000,9999.000,9999.000,9999.000
202607020324,   3.004,   3.319,9999.000,9999.000,9999.000,9999.000,9999.000,9999.000,9999.000
202607020330,   3.002,   3.319,9999.000,9999.000,9999.000,9999.000,9999.000,9999.000,9999.000
202607020336,   2.997,   3.309,9999.000,9999.000,9999.000,9999.000,9999.000,9999.000,9999.000
202607020342,   2.988,   3.309,9999.000,9999.000,9999.000,9999.000,9999.000,9999.000,9999.000
202607020348,   2.976,   3.299,9999.000,9999.000,9999.000,9999.000,9999.000,9999.000,9999.000
202607020354,   2.960,   3.289,9999.000,9999.000,9999.000,9999.000,9999.000,9999.000,9999.000
202607020400,   2.940,   3.270,   0.100,   0.230,   3.270,   0.100,   3.270,   0.200,   3.370
202607020406,   2.917,   3.260,9999.000,9999.000,9999.000,9999.000,9999.000,9999.000,9999.000
202607020412,   2.891,   3.250,9999.000,9999.000,9999.000,9999.000,9999.000,9999.000,9999.000
202607020418,   2.861,   3.217,9999.000,9999.000,9999.000,9999.000,9999.000,9999.000,9999.000
202607020424,   2.828,   3.178,9999.000,9999.000,9999.000,9999.000,9999.000,9999.000,9999.000
202607020430,   2.792,   3.138,9999.000,9999.000,9999.000,9999.000,9999.000,9999.000,9999.000
202607020436,   2.753,   3.099,9999.000,9999.000,9999.000,9999.000,9999.000,9999.000,9999.000
202607020442,   2.711,   3.050,9999.000,9999.000,9999.000,9999.000,9999.000,9999.000,9999.000
202607020448,   2.666,   2.997,9999.000,9999.000,9999.000,9999.000,9999.000,9999.000,9999.000
202607020454,   2.619,   2.938,9999.000,9999.000,9999.000,9999.000,9999.000,9999.000,9999.000
202607020500,   2.569,   2.879,   0.100,   0.210,   2.879,   0.000,   2.779,   0.200,   2.979
202607020506,   2.518,   2.820,9999.000,9999.000,9999.000,9999.000,9999.000,9999.000,9999.000
202607020512,   2.464,   2.748,9999.000,9999.000,9999.000,9999.000,9999.000,9999.000,9999.000
202607020518,   2.408,   2.679,9999.000,9999.000,9999.000,9999.000,9999.000,9999.000,9999.000
202607020524,   2.350,   2.620,9999.000,9999.000,9999.000,9999.000,9999.000,9999.000,9999.000
202607020530,   2.291,   2.558,9999.000,9999.000,9999.000,9999.000,9999.000,9999.000,9999.000
202607020536,   2.230,   2.489,9999.000,9999.000,9999.000,9999.000,9999.000,9999.000,9999.000
202607020542,   2.169,   2.430,9999.000,9999.000,9999.000,9999.000,9999.000,9999.000,9999.000
202607020548,   2.106,   2.358,9999.000,9999.000,9999.000,9999.000,9999.000,9999.000,9999.000
202607020554,   2.042,   2.289,9999.000,9999.000,9999.000,9999.000,9999.000,9999.000,9999.000
202607020600,   1.977,   2.230,   0.100,   0.153,   2.230,   0.100,   2.230,   0.200,   2.330
202607020606,   1.911,   2.168,9999.000,9999.000,9999.000,9999.000,9999.000,9999.000,9999.000
202607020612,   1.845,   2.099,9999.000,9999.000,9999.000,9999.000,9999.000,9999.000,9999.000
202607020618,   1.779,   2.020,9999.000,9999.000,9999.000,9999.000,9999.000,9999.000,9999.000
202607020624,   1.712,   1.948,9999.000,9999.000,9999.000,9999.000,9999.000,9999.000,9999.000
202607020630,   1.645,   1.889,9999.000,9999.000,9999.000,9999.000,9999.000,9999.000,9999.000
202607020636,   1.578,   1.830,9999.000,9999.000,9999.000,9999.000,9999.000,9999.000,9999.000
202607020642,   1.511,   1.748,9999.000,9999.000,9999.000,9999.000,9999.000,9999.000,9999.000
202607020648,   1.444,   1.679,9999.000,9999.000,9999.000,9999.000,9999.000,9999.000,9999.000
202607020654,   1.377,   1.610,9999.000,9999.000,9999.000,9999.000,9999.000,9999.000,9999.000
202607020700,   1.310,   1.548,   0.100,   0.138,   1.548,   0.000,   1.448,   0.100,   1.548
202607020706,   1.244,   1.489,9999.000,9999.000,9999.000,9999.000,9999.000,9999.000,9999.000
202607020712,   1.179,   1.430,9999.000,9999.000,9999.000,9999.000,9999.000,9999.000,9999.000
202607020718,   1.114,   1.361,9999.000,9999.000,9999.000,9999.000,9999.000,9999.000,9999.000
202607020724,   1.050,   1.298,9999.000,9999.000,9999.000,9999.000,9999.000,9999.000,9999.000
202607020730,   0.988,   1.239,9999.000,9999.000,9999.000,9999.000,9999.000,9999.000,9999.000
202607020736,   0.926,   1.170,9999.000,9999.000,9999.000,9999.000,9999.000,9999.000,9999.000
202607020742,   0.866,   1.108,9999.000,9999.000,9999.000,9999.000,9999.000,9999.000,9999.000
202607020748,   0.807,   1.049,9999.000,9999.000,9999.000,9999.000,9999.000,9999.000,9999.000
202607020754,   0.750,   0.980,9999.000,9999.000,9999.000,9999.000,9999.000,9999.000,9999.000
202607020800,   0.695,   0.918,   0.100,   0.123,   0.918,   0.000,   0.818,   0.100,   0.918
202607020806,   0.642,   0.839,9999.000,9999.000,9999.000,9999.000,9999.000,9999.000,9999.000
202607020812,   0.591,   0.780,9999.000,9999.000,9999.000,9999.000,9999.000,9999.000,9999.000
202607020818,   0.542,   0.718,9999.000,9999.000,9999.000,9999.000,9999.000,9999.000,9999.000
202607020824,   0.497,   0.669,9999.000,9999.000,9999.000,9999.000,9999.000,9999.000,9999.000
202607020830,   0.454,   0.600,9999.000,9999.000,9999.000,9999.000,9999.000,9999.000,9999.000
202607020836,   0.414,   0.541,9999.000,9999.000,9999.000,9999.000,9999.000,9999.000,9999.000
202607020842,   0.377,   0.488,9999.000,9999.000,9999.000,9999.000,9999.000,9999.000,9999.000
202607020848,   0.344,   0.429,9999.000,9999.000,9999.000,9999.000,9999.000,9999.000,9999.000
202607020854,   0.314,   0.380,9999.000,9999.000,9999.000,9999.000,9999.000,9999.000,9999.000
202607020900,   0.288,   0.341,   0.000,   0.053,   0.341,   0.000,   0.341,   0.100,   0.441
202607020906,   0.266,   0.308,9999.000,9999.000,9999.000,9999.000,9999.000,9999.000,9999.000
202607020912,   0.248,   0.278,9999.000,9999.000,9999.000,9999.000,9999.000,9999.000,9999.000
202607020918,   0.233,   0.268,9999.000,9999.000,9999.000,9999.000,9999.000,9999.000,9999.000
202607020924,   0.222,   0.249,9999.000,9999.000,9999.000,9999.000,9999.000,9999.000,9999.000
202607020930,   0.216,   0.249,9999.000,9999.000,9999.000,9999.000,9999.000,9999.000,9999.000
202607020936,   0.213,   0.249,9999.000,9999.000,9999.000,9999.000,9999.000,9999.000,9999.000
202607020942,   0.214,   0.239,9999.000,9999.000,9999.000,9999.000,9999.000,9999.000,9999.000
202607020948,   0.220,   0.239,9999.000,9999.000,9999.000,9999.000,9999.000,9999.000,9999.000
202607020954,   0.229,   0.259,9999.000,9999.000,9999.000,9999.000,9999.000,9999.000,9999.000
202607021000,   0.241,   0.268,   0.000,   0.027,   0.268,   0.000,   0.268,   0.100,   0.368
202607021006,   0.257,   0.268,9999.000,9999.000,9999.000,9999.000,9999.000,9999.000,9999.000
202607021012,   0.277,   0.278,9999.000,9999.000,9999.000,9999.000,9999.000,9999.000,9999.000
202607021018,   0.300,   0.298,9999.000,9999.000,9999.000,9999.000,9999.000,9999.000,9999.000
202607021024,   0.326,   0.341,9999.000,9999.000,9999.000,9999.000,9999.000,9999.000,9999.000
202607021030,   0.355,   0.360,9999.000,9999.000,9999.000,9999.000,9999.000,9999.000,9999.000
202607021036,   0.387,   0.419,9999.000,9999.000,9999.000,9999.000,9999.000,9999.000,9999.000
202607021042,   0.422,   0.469,9999.000,9999.000,9999.000,9999.000,9999.000,9999.000,9999.000
202607021048,   0.459,   0.531,9999.000,9999.000,9999.000,9999.000,9999.000,9999.000,9999.000
202607021054,   0.498,   0.580,9999.000,9999.000,9999.000,9999.000,9999.000,9999.000,9999.000
202607021100,   0.539,   0.639,   0.000,   0.100,   0.639,   0.000,   0.639,   0.100,   0.739
202607021106,   0.582,   0.698,9999.000,9999.000,9999.000,9999.000,9999.000,9999.000,9999.000
202607021112,   0.627,   0.760,9999.000,9999.000,9999.000,9999.000,9999.000,9999.000,9999.000
202607021118,   0.673,   0.800,9999.000,9999.000,9999.000,9999.000,9999.000,9999.000,9999.000
202607021124,   0.721,   0.859,9999.000,9999.000,9999.000,9999.000,9999.000,9999.000,9999.000
202607021130,   0.770,   0.908,9999.000,9999.000,9999.000,9999.000,9999.000,9999.000,9999.000
202607021136,   0.820,   0.941,9999.000,9999.000,9999.000,9999.000,9999.000,9999.000,9999.000
202607021142,   0.871,   0.990,9999.000,9999.000,9999.000,9999.000,9999.000,9999.000,9999.000
202607021148,   0.923,   1.029,9999.000,9999.000,9999.000,9999.000,9999.000,9999.000,9999.000
202607021154,   0.976,   1.079,9999.000,9999.000,9999.000,9999.000,9999.000,9999.000,9999.000
202607021200,   1.030,   1.128,   0.000,   0.098,   1.128,   0.000,   1.128,   0.100,   1.228
202607021206,   1.085,   1.190,9999.000,9999.000,9999.000,9999.000,9999.000,9999.000,9999.000
202607021212,   1.140,   1.249,9999.000,9999.000,9999.000,9999.000,9999.000,9999.000,9999.000
202607021218,   1.195,   1.298,9999.000,9999.000,9999.000,9999.000,9999.000,9999.000,9999.000
202607021224,   1.251,   1.348,9999.000,9999.000,9999.000,9999.000,9999.000,9999.000,9999.000
202607021230,   1.307,   1.420,9999.000,9999.000,9999.000,9999.000,9999.000,9999.000,9999.000
202607021236,   1.364,   1.479,9999.000,9999.000,9999.000,9999.000,9999.000,9999.000,9999.000
202607021242,   1.421,   1.528,9999.000,9999.000,9999.000,9999.000,9999.000,9999.000,9999.000
202607021248,   1.478,   1.590,9999.000,9999.000,9999.000,9999.000,9999.000,9999.000,9999.000
202607021254,   1.535,   1.630,9999.000,9999.000,9999.000,9999.000,9999.000,9999.000,9999.000
202607021300,   1.592,   1.679,   0.000,   0.087,   1.679,   0.000,   1.679,   0.100,   1.779
202607021306,   1.649,   1.728,9999.000,9999.000,9999.000,9999.000,9999.000,9999.000,9999.000
202607021312,   1.705,   1.781,9999.000,9999.000,9999.000,9999.000,9999.000,9999.000,9999.000
202607021318,   1.761,   1.840,9999.000,9999.000,9999.000,9999.000,9999.000,9999.000,9999.000
202607021324,   1.817,   1.899,9999.000,9999.000,9999.000,9999.000,9999.000,9999.000,9999.000
202607021330,   1.872,   1.967,9999.000,9999.000,9999.000,9999.000,9999.000,9999.000,9999.000
202607021336,   1.926,   2.030,9999.000,9999.000,9999.000,9999.000,9999.000,9999.000,9999.000
202607021342,   1.979,   2.099,9999.000,9999.000,9999.000,9999.000,9999.000,9999.000,9999.000
202607021348,   2.032,   2.177,9999.000,9999.000,9999.000,9999.000,9999.000,9999.000,9999.000
202607021354,   2.083,   2.240,9999.000,9999.000,9999.000,9999.000,9999.000,9999.000,9999.000
202607021400,   2.132,   2.299,   0.000,   0.167,   2.299,   0.000,   2.299,   0.100,   2.399
202607021406,   2.181,   2.358,9999.000,9999.000,9999.000,9999.000,9999.000,9999.000,9999.000
202607021412,   2.227,   2.410,9999.000,9999.000,9999.000,9999.000,9999.000,9999.000,9999.000
202607021418,   2.272,   2.440,9999.000,9999.000,9999.000,9999.000,9999.000,9999.000,9999.000
202607021424,   2.314,   2.489,9999.000,9999.000,9999.000,9999.000,9999.000,9999.000,9999.000
202607021430,   2.355,   2.528,9999.000,9999.000,9999.000,9999.000,9999.000,9999.000,9999.000
202607021436,   2.393,   2.568,9999.000,9999.000,9999.000,9999.000,9999.000,9999.000,9999.000
202607021442,   2.429,   2.610,9999.000,9999.000,9999.000,9999.000,9999.000,9999.000,9999.000
202607021448,   2.462,   2.660,9999.000,9999.000,9999.000,9999.000,9999.000,9999.000,9999.000
202607021454,   2.492,   2.719,9999.000,9999.000,9999.000,9999.000,9999.000,9999.000,9999.000
202607021500,   2.519,   2.748,   0.000,   0.229,   2.748,   0.000,   2.748,   0.100,   2.848
202607021506,   2.544,   2.787,9999.000,9999.000,9999.000,9999.000,9999.000,9999.000,9999.000
202607021512,   2.565,   2.830,9999.000,9999.000,9999.000,9999.000,9999.000,9999.000,9999.000
202607021518,   2.583,   2.850,9999.000,9999.000,9999.000,9999.000,9999.000,9999.000,9999.000
202607021524,   2.598,   2.869,9999.000,9999.000,9999.000,9999.000,9999.000,9999.000,9999.000
202607021530,   2.609,   2.879,9999.000,9999.000,9999.000,9999.000,9999.000,9999.000,9999.000
202607021536,   2.618,   2.889,9999.000,9999.000,9999.000,9999.000,9999.000,9999.000,9999.000
202607021542,   2.622,   2.889,9999.000,9999.000,9999.000,9999.000,9999.000,9999.000,9999.000
202607021548,   2.623,   2.909,9999.000,9999.000,9999.000,9999.000,9999.000,9999.000,9999.000
202607021554,   2.621,   2.909,9999.000,9999.000,9999.000,9999.000,9999.000,9999.000,9999.000
202607021600,   2.615,   2.899,   0.000,   0.284,   2.899,   0.000,   2.899,   0.100,   2.999
202607021606,   2.606,   2.899,9999.000,9999.000,9999.000,9999.000,9999.000,9999.000,9999.000
202607021612,   2.593,   2.899,9999.000,9999.000,9999.000,9999.000,9999.000,9999.000,9999.000
202607021618,   2.577,   2.869,9999.000,9999.000,9999.000,9999.000,9999.000,9999.000,9999.000
202607021624,   2.558,   2.860,9999.000,9999.000,9999.000,9999.000,9999.000,9999.000,9999.000
202607021630,   2.535,   2.840,9999.000,9999.000,9999.000,9999.000,9999.000,9999.000,9999.000
202607021636,   2.509,   2.820,9999.000,9999.000,9999.000,9999.000,9999.000,9999.000,9999.000
202607021642,   2.481,   2.787,9999.000,9999.000,9999.000,9999.000,9999.000,9999.000,9999.000
202607021648,   2.449,   2.758,9999.000,9999.000,9999.000,9999.000,9999.000,9999.000,9999.000
202607021654,   2.414,   2.719,9999.000,9999.000,9999.000,9999.000,9999.000,9999.000,9999.000
202607021700,   2.377,   2.679,   0.000,   0.302,   2.679,   0.000,   2.679,   0.100,   2.779
202607021706,   2.337,   2.640,9999.000,9999.000,9999.000,9999.000,9999.000,9999.000,9999.000
202607021712,   2.295,   2.597,9999.000,9999.000,9999.000,9999.000,9999.000,9999.000,9999.000
202607021718,   2.251,   2.548,9999.000,9999.000,9999.000,9999.000,9999.000,9999.000,9999.000
202607021724,   2.204,   2.489,9999.000,9999.000,9999.000,9999.000,9999.000,9999.000,9999.000
202607021730,   2.156,   2.430,9999.000,9999.000,9999.000,9999.000,9999.000,9999.000,9999.000
202607021736,   2.106,   2.368,9999.000,9999.000,9999.000,9999.000,9999.000,9999.000,9999.000
202607021742,   2.054,   2.309,9999.000,9999.000,9999.000,9999.000,9999.000,9999.000,9999.000
202607021748,   2.002,   2.240,9999.000,9999.000,9999.000,9999.000,9999.000,9999.000,9999.000
202607021754,   1.947,   2.191,9999.000,9999.000,9999.000,9999.000,9999.000,9999.000,9999.000
202607021800,   1.892,   2.118,   0.100,   0.126,   2.118,   0.000,   2.018,   0.100,   2.118
202607021806,   1.836,   2.059,9999.000,9999.000,9999.000,9999.000,9999.000,9999.000,9999.000
202607021812,   1.779,   2.000,9999.000,9999.000,9999.000,9999.000,9999.000,9999.000,9999.000
202607021818,   1.722,   1.938,9999.000,9999.000,9999.000,9999.000,9999.000,9999.000,9999.000
202607021824,   1.664,   1.889,9999.000,9999.000,9999.000,9999.000,9999.000,9999.000,9999.000
202607021830,   1.605,   1.830,9999.000,9999.000,9999.000,9999.000,9999.000,9999.000,9999.000
202607021836,   1.547,   1.758,9999.000,9999.000,9999.000,9999.000,9999.000,9999.000,9999.000
202607021842,   1.488,   1.708,9999.000,9999.000,9999.000,9999.000,9999.000,9999.000,9999.000
202607021848,   1.429,   1.659,9999.000,9999.000,9999.000,9999.000,9999.000,9999.000,9999.000
202607021854,   1.371,   1.600,9999.000,9999.000,9999.000,9999.000,9999.000,9999.000,9999.000
202607021900,   1.312,   1.538,   0.100,   0.126,   1.538,   0.000,   1.438,   0.100,   1.538
202607021906,   1.254,   1.489,9999.000,9999.000,9999.000,9999.000,9999.000,9999.000,9999.000
202607021912,   1.196,   1.430,9999.000,9999.000,9999.000,9999.000,9999.000,9999.000,9999.000
202607021918,   1.139,   1.371,9999.000,9999.000,9999.000,9999.000,9999.000,9999.000,9999.000
202607021924,   1.083,   1.308,9999.000,9999.000,9999.000,9999.000,9999.000,9999.000,9999.000
202607021930,   1.027,   1.249,9999.000,9999.000,9999.000,9999.000,9999.000,9999.000,9999.000
202607021936,   0.972,   1.190,9999.000,9999.000,9999.000,9999.000,9999.000,9999.000,9999.000
202607021942,   0.918,   1.138,9999.000,9999.000,9999.000,9999.000,9999.000,9999.000,9999.000
202607021948,   0.866,   1.079,9999.000,9999.000,9999.000,9999.000,9999.000,9999.000,9999.000
202607021954,   0.814,   1.020,9999.000,9999.000,9999.000,9999.000,9999.000,9999.000,9999.000
202607022000,   0.765,   0.980,   0.100,   0.115,   0.980,   0.000,   0.880,   0.100,   0.980
202607022006,   0.716,   0.928,9999.000,9999.000,9999.000,9999.000,9999.000,9999.000,9999.000
202607022012,   0.670,   0.888,9999.000,9999.000,9999.000,9999.000,9999.000,9999.000,9999.000
202607022018,   0.625,   0.829,9999.000,9999.000,9999.000,9999.000,9999.000,9999.000,9999.000
202607022024,   0.583,   0.790,9999.000,9999.000,9999.000,9999.000,9999.000,9999.000,9999.000
202607022030,   0.543,   0.751,9999.000,9999.000,9999.000,9999.000,9999.000,9999.000,9999.000
202607022036,   0.506,   0.698,9999.000,9999.000,9999.000,9999.000,9999.000,9999.000,9999.000
202607022042,   0.471,   0.649,9999.000,9999.000,9999.000,9999.000,9999.000,9999.000,9999.000
202607022048,   0.440,   0.619,9999.000,9999.000,9999.000,9999.000,9999.000,9999.000,9999.000
202607022054,   0.411,   0.590,9999.000,9999.000,9999.000,9999.000,9999.000,9999.000,9999.000
202607022100,   0.386,   0.551,   0.100,   0.065,   0.551,   0.000,   0.451,   0.100,   0.551
202607022106,   0.364,   0.531,9999.000,9999.000,9999.000,9999.000,9999.000,9999.000,9999.000
202607022112,   0.345,   0.508,9999.000,9999.000,9999.000,9999.000,9999.000,9999.000,9999.000
202607022118,   0.330,   0.488,9999.000,9999.000,9999.000,9999.000,9999.000,9999.000,9999.000
202607022124,   0.319,   0.469,9999.000,9999.000,9999.000,9999.000,9999.000,9999.000,9999.000
202607022130,   0.312,   0.469,9999.000,9999.000,9999.000,9999.000,9999.000,9999.000,9999.000
202607022136,   0.309,   0.478,9999.000,9999.000,9999.000,9999.000,9999.000,9999.000,9999.000
202607022142,   0.310,   0.488,9999.000,9999.000,9999.000,9999.000,9999.000,9999.000,9999.000
202607022148,   0.314,   0.488,9999.000,9999.000,9999.000,9999.000,9999.000,9999.000,9999.000
202607022154,   0.323,   0.488,9999.000,9999.000,9999.000,9999.000,9999.000,9999.000,9999.000
202607022200,   0.335,   0.498,   0.100,   0.063,   0.498,   0.000,   0.398,   0.100,   0.498
202607022206,   0.351,   0.508,9999.000,9999.000,9999.000,9999.000,9999.000,9999.000,9999.000
202607022212,   0.371,   0.518,9999.000,9999.000,9999.000,9999.000,9999.000,9999.000,9999.000
202607022218,   0.394,   0.541,9999.000,9999.000,9999.000,9999.000,9999.000,9999.000,9999.000
202607022224,   0.421,   0.560,9999.000,9999.000,9999.000,9999.000,9999.000,9999.000,9999.000
202607022230,   0.451,   0.570,9999.000,9999.000,9999.000,9999.000,9999.000,9999.000,9999.000
202607022236,   0.485,   0.600,9999.000,9999.000,9999.000,9999.000,9999.000,9999.000,9999.000
202607022242,   0.521,   0.649,9999.000,9999.000,9999.000,9999.000,9999.000,9999.000,9999.000
202607022248,   0.560,   0.698,9999.000,9999.000,9999.000,9999.000,9999.000,9999.000,9999.000
202607022254,   0.601,   0.718,9999.000,9999.000,9999.000,9999.000,9999.000,9999.000,9999.000
202607022300,   0.645,   0.760,   0.000,   0.115,   0.760,   0.000,   0.760,   0.100,   0.860
202607022306,   0.691,   0.829,9999.000,9999.000,9999.000,9999.000,9999.000,9999.000,9999.000
202607022312,   0.739,   0.859,9999.000,9999.000,9999.000,9999.000,9999.000,9999.000,9999.000
202607022318,   0.788,   0.859,9999.000,9999.000,9999.000,9999.000,9999.000,9999.000,9999.000
202607022324,   0.839,   0.898,9999.000,9999.000,9999.000,9999.000,9999.000,9999.000,9999.000
202607022330,   0.892,   0.980,9999.000,9999.000,9999.000,9999.000,9999.000,9999.000,9999.000
202607022336,   0.946,   1.020,9999.000,9999.000,9999.000,9999.000,9999.000,9999.000,9999.000
202607022342,   1.001,   1.069,9999.000,9999.000,9999.000,9999.000,9999.000,9999.000,9999.000
202607022348,   1.056,   1.138,9999.000,9999.000,9999.000,9999.000,9999.000,9999.000,9999.000
202607022354,   1.113,   1.220,9999.000,9999.000,9999.000,9999.000,9999.000,9999.000,9999.000
202607030000,   1.170,   1.279,   0.100,   0.009,   1.279,   0.000,   1.179,   0.100,   1.279
202607030006,   1.228,   1.318,9999.000,9999.000,9999.000,9999.000,9999.000,9999.000,9999.000
202607030012,   1.286,   1.390,9999.000,9999.000,9999.000,9999.000,9999.000,9999.000,9999.000
202607030018,   1.345,   1.459,9999.000,9999.000,9999.000,9999.000,9999.000,9999.000,9999.000
202607030024,   1.404,   1.528,9999.000,9999.000,9999.000,9999.000,9999.000,9999.000,9999.000
202607030030,   1.463,   1.600,9999.000,9999.000,9999.000,9999.000,9999.000,9999.000,9999.000
202607030036,   1.523,   1.659,9999.000,9999.000,9999.000,9999.000,9999.000,9999.000,9999.000
202607030042,   1.582,   1.728,9999.000,9999.000,9999.000,9999.000,9999.000,9999.000,9999.000
202607030048,   1.642,   1.800,9999.000,9999.000,9999.000,9999.000,9999.000,9999.000,9999.000
202607030054,   1.702,   1.869,9999.000,9999.000,9999.000,9999.000,9999.000,9999.000,9999.000
202607030100,   1.762,   1.948,   0.100,   0.086,   1.948,   0.000,   1.848,   0.100,   1.948
202607030106,   1.821,   2.020,9999.000,9999.000,9999.000,9999.000,9999.000,9999.000,9999.000
202607030112,   1.881,   2.099,9999.000,9999.000,9999.000,9999.000,9999.000,9999.000,9999.000
202607030118,   1.940,   2.158,9999.000,9999.000,9999.000,9999.000,9999.000,9999.000,9999.000
202607030124,   1.999,   2.210,9999.000,9999.000,9999.000,9999.000,9999.000,9999.000,9999.000
202607030130,   2.057,   2.269,9999.000,9999.000,9999.000,9999.000,9999.000,9999.000,9999.000
202607030136,   2.115,   2.328,9999.000,9999.000,9999.000,9999.000,9999.000,9999.000,9999.000
202607030142,   2.172,   2.377,9999.000,9999.000,9999.000,9999.000,9999.000,9999.000,9999.000
202607030148,   2.229,   2.440,9999.000,9999.000,9999.000,9999.000,9999.000,9999.000,9999.000
202607030154,   2.284,   2.499,9999.000,9999.000,9999.000,9999.000,9999.000,9999.000,9999.000
202607030200,   2.339,   2.558,   0.000,   0.219,   2.558,   0.000,   2.558,   0.100,   2.658
202607030206,   2.392,   2.610,9999.000,9999.000,9999.000,9999.000,9999.000,9999.000,9999.000
202607030212,   2.444,   2.660,9999.000,9999.000,9999.000,9999.000,9999.000,9999.000,9999.000
202607030218,   2.494,   2.709,9999.000,9999.000,9999.000,9999.000,9999.000,9999.000,9999.000
202607030224,   2.543,   2.758,9999.000,9999.000,9999.000,9999.000,9999.000,9999.000,9999.000
202607030230,   2.590,   2.807,9999.000,9999.000,9999.000,9999.000,9999.000,9999.000,9999.000
202607030236,   2.634,   2.850,9999.000,9999.000,9999.000,9999.000,9999.000,9999.000,9999.000
202607030242,   2.677,   2.889,9999.000,9999.000,9999.000,9999.000,9999.000,9999.000,9999.000
202607030248,   2.717,   2.919,9999.000,9999.000,9999.000,9999.000,9999.000,9999.000,9999.000
202607030254,   2.755,   2.958,9999.000,9999.000,9999.000,9999.000,9999.000,9999.000,9999.000
202607030300,   2.790,   2.997,   0.000,   0.207,   2.997,   0.000,   2.997,   0.100,   3.097
202607030306,   2.822,   3.040,9999.000,9999.000,9999.000,9999.000,9999.000,9999.000,9999.000
202607030312,   2.851,   3.070,9999.000,9999.000,9999.000,9999.000,9999.000,9999.000,9999.000
202607030318,   2.877,   3.089,9999.000,9999.000,9999.000,9999.000,9999.000,9999.000,9999.000
202607030324,   2.900,   3.109,9999.000,9999.000,9999.000,9999.000,9999.000,9999.000,9999.000
202607030330,   2.920,   3.129,9999.000,9999.000,9999.000,9999.000,9999.000,9999.000,9999.000
202607030336,   2.936,   3.148,9999.000,9999.000,9999.000,9999.000,9999.000,9999.000,9999.000
202607030342,   2.949,   3.148,9999.000,9999.000,9999.000,9999.000,9999.000,9999.000,9999.000
202607030348,   2.959,   3.148,9999.000,9999.000,9999.000,9999.000,9999.000,9999.000,9999.000
202607030354,   2.964,   3.158,9999.000,9999.000,9999.000,9999.000,9999.000,9999.000,9999.000
202607030400,   2.966,   3.168,   0.000,   0.202,   3.168,   0.000,   3.168,   0.100,   3.268
202607030406,   2.965,   3.168,9999.000,9999.000,9999.000,9999.000,9999.000,9999.000,9999.000
202607030412,   2.960,   3.168,9999.000,9999.000,9999.000,9999.000,9999.000,9999.000,9999.000
202607030418,   2.951,   3.158,9999.000,9999.000,9999.000,9999.000,9999.000,9999.000,9999.000
202607030424,   2.938,   3.138,9999.000,9999.000,9999.000,9999.000,9999.000,9999.000,9999.000
202607030430,   2.922,   3.129,9999.000,9999.000,9999.000,9999.000,9999.000,9999.000,9999.000
202607030436,   2.903,   3.109,9999.000,9999.000,9999.000,9999.000,9999.000,9999.000,9999.000
202607030442,   2.880,   3.089,9999.000,9999.000,9999.000,9999.000,9999.000,9999.000,9999.000
202607030448,   2.853,   3.060,9999.000,9999.000,9999.000,9999.000,9999.000,9999.000,9999.000
202607030454,   2.824,   3.017,9999.000,9999.000,9999.000,9999.000,9999.000,9999.000,9999.000
202607030500,   2.791,   2.978,   0.000,   0.187,   2.978,   0.000,   2.978,   0.100,   3.078
202607030506,   2.755,   2.938,9999.000,9999.000,9999.000,9999.000,9999.000,9999.000,9999.000
202607030512,   2.716,   2.889,9999.000,9999.000,9999.000,9999.000,9999.000,9999.000,9999.000
202607030518,   2.674,   2.830,9999.000,9999.000,9999.000,9999.000,9999.000,9999.000,9999.000
202607030524,   2.630,   2.778,9999.000,9999.000,9999.000,9999.000,9999.000,9999.000,9999.000
202607030530,   2.583,   2.719,9999.000,9999.000,9999.000,9999.000,9999.000,9999.000,9999.000
202607030536,   2.534,   2.660,9999.000,9999.000,9999.000,9999.000,9999.000,9999.000,9999.000
202607030542,   2.482,   2.587,9999.000,9999.000,9999.000,9999.000,9999.000,9999.000,9999.000
202607030548,   2.429,   2.519,9999.000,9999.000,9999.000,9999.000,9999.000,9999.000,9999.000
202607030554,   2.373,   2.459,9999.000,9999.000,9999.000,9999.000,9999.000,9999.000,9999.000
202607030600,   2.316,   2.387,   0.000,   0.071,   2.387,   0.000,   2.387,   0.000,   2.387
202607030606,   2.257,   2.318,9999.000,9999.000,9999.000,9999.000,9999.000,9999.000,9999.000
202607030612,   2.197,   2.259,9999.000,9999.000,9999.000,9999.000,9999.000,9999.000,9999.000
202607030618,   2.136,   2.191,9999.000,9999.000,9999.000,9999.000,9999.000,9999.000,9999.000
202607030624,   2.073,   2.128,9999.000,9999.000,9999.000,9999.000,9999.000,9999.000,9999.000
202607030630,   2.009,   2.059,9999.000,9999.000,9999.000,9999.000,9999.000,9999.000,9999.000
202607030636,   1.945,   2.010,9999.000,9999.000,9999.000,9999.000,9999.000,9999.000,9999.000
202607030642,   1.880,   1.948,9999.000,9999.000,9999.000,9999.000,9999.000,9999.000,9999.000
202607030648,   1.814,   1.889,9999.000,9999.000,9999.000,9999.000,9999.000,9999.000,9999.000
202607030654,   1.748,   1.820,9999.000,9999.000,9999.000,9999.000,9999.000,9999.000,9999.000
202607030700,   1.681,   1.758,   0.000,   0.077,   1.758,   0.000,   1.758,   0.000,   1.758
202607030706,   1.615,   1.708,9999.000,9999.000,9999.000,9999.000,9999.000,9999.000,9999.000
202607030712,   1.548,   1.649,9999.000,9999.000,9999.000,9999.000,9999.000,9999.000,9999.000
202607030718,   1.481,   1.590,9999.000,9999.000,9999.000,9999.000,9999.000,9999.000,9999.000
202607030724,   1.414,   1.548,9999.000,9999.000,9999.000,9999.000,9999.000,9999.000,9999.000
202607030730,   1.348,   1.508,9999.000,9999.000,9999.000,9999.000,9999.000,9999.000,9999.000
202607030736,   1.282,   1.439,9999.000,9999.000,9999.000,9999.000,9999.000,9999.000,9999.000
202607030742,   1.217,   1.371,9999.000,9999.000,9999.000,9999.000,9999.000,9999.000,9999.000
202607030748,   1.152,   1.308,9999.000,9999.000,9999.000,9999.000,9999.000,9999.000,9999.000
202607030754,   1.088,   1.259,9999.000,9999.000,9999.000,9999.000,9999.000,9999.000,9999.000
202607030800,   1.025,   1.200,   0.000,   0.175,   1.200,   0.000,   1.200,   0.000,   1.200
202607030806,   0.963,   1.128,9999.000,9999.000,9999.000,9999.000,9999.000,9999.000,9999.000
202607030812,   0.902,   1.069,9999.000,9999.000,9999.000,9999.000,9999.000,9999.000,9999.000
202607030818,   0.842,   1.020,9999.000,9999.000,9999.000,9999.000,9999.000,9999.000,9999.000
202607030824,   0.784,   0.951,9999.000,9999.000,9999.000,9999.000,9999.000,9999.000,9999.000
202607030830,   0.728,   0.869,9999.000,9999.000,9999.000,9999.000,9999.000,9999.000,9999.000
202607030836,   0.674,   0.800,9999.000,9999.000,9999.000,9999.000,9999.000,9999.000,9999.000
202607030842,   0.622,   0.741,9999.000,9999.000,9999.000,9999.000,9999.000,9999.000,9999.000
202607030848,   0.572,   0.678,9999.000,9999.000,9999.000,9999.000,9999.000,9999.000,9999.000
202607030854,   0.525,   0.600,9999.000,9999.000,9999.000,9999.000,9999.000,9999.000,9999.000
202607030900,   0.480,   0.541,   0.000,   0.061,   0.541,   0.000,   0.541,   0.000,   0.541
202607030906,   0.438,   0.488,9999.000,9999.000,9999.000,9999.000,9999.000,9999.000,9999.000
202607030912,   0.400,   0.449,9999.000,9999.000,9999.000,9999.000,9999.000,9999.000,9999.000
202607030918,   0.364,   0.380,9999.000,9999.000,9999.000,9999.000,9999.000,9999.000,9999.000
202607030924,   0.332,   0.341,9999.000,9999.000,9999.000,9999.000,9999.000,9999.000,9999.000
202607030930,   0.304,   0.298,9999.000,9999.000,9999.000,9999.000,9999.000,9999.000,9999.000
202607030936,   0.279,   0.268,9999.000,9999.000,9999.000,9999.000,9999.000,9999.000,9999.000
202607030942,   0.258,   0.229,9999.000,9999.000,9999.000,9999.000,9999.000,9999.000,9999.000
202607030948,   0.241,   0.209,9999.000,9999.000,9999.000,9999.000,9999.000,9999.000,9999.000
202607030954,   0.227,   0.200,9999.000,9999.000,9999.000,9999.000,9999.000,9999.000,9999.000
202607031000,   0.218,   0.190,   0.000,  -0.028,   0.190,   0.000,   0.190,   0.000,   0.190
202607031006,   0.212,   0.170,9999.000,9999.000,9999.000,9999.000,9999.000,9999.000,9999.000
202607031012,   0.211,   0.160,9999.000,9999.000,9999.000,9999.000,9999.000,9999.000,9999.000
202607031018,   0.214,   0.170,9999.000,9999.000,9999.000,9999.000,9999.000,9999.000,9999.000
202607031024,   0.220,   0.190,9999.000,9999.000,9999.000,9999.000,9999.000,9999.000,9999.000
202607031030,   0.230,   0.200,9999.000,9999.000,9999.000,9999.000,9999.000,9999.000,9999.000
202607031036,   0.244,   0.219,9999.000,9999.000,9999.000,9999.000,9999.000,9999.000,9999.000
202607031042,   0.262,   0.249,9999.000,9999.000,9999.000,9999.000,9999.000,9999.000,9999.000
202607031048,   0.283,   0.268,9999.000,9999.000,9999.000,9999.000,9999.000,9999.000,9999.000
202607031054,   0.307,   0.288,9999.000,9999.000,9999.000,9999.000,9999.000,9999.000,9999.000
202607031100,   0.334,   0.321,   0.000,  -0.013,   0.321,   0.000,   0.321,   0.000,   0.321
202607031106,   0.365,   0.360,9999.000,9999.000,9999.000,9999.000,9999.000,9999.000,9999.000
202607031112,   0.398,   0.390,9999.000,9999.000,9999.000,9999.000,9999.000,9999.000,9999.000
202607031118,   0.433,   0.429,9999.000,9999.000,9999.000,9999.000,9999.000,9999.000,9999.000
202607031124,   0.471,   0.478,9999.000,9999.000,9999.000,9999.000,9999.000,9999.000,9999.000
202607031130,   0.511,   0.531,9999.000,9999.000,9999.000,9999.000,9999.000,9999.000,9999.000
202607031136,   0.553,   0.570,9999.000,9999.000,9999.000,9999.000,9999.000,9999.000,9999.000
202607031142,   0.597,   0.629,9999.000,9999.000,9999.000,9999.000,9999.000,9999.000,9999.000
202607031148,   0.642,   0.678,9999.000,9999.000,9999.000,9999.000,9999.000,9999.000,9999.000
202607031154,   0.689,   0.731,9999.000,9999.000,9999.000,9999.000,9999.000,9999.000,9999.000
202607031200,   0.737,   0.790,   0.000,   0.053,   0.790,   0.000,   0.790,   0.100,   0.890
202607031206,   0.787,   0.839,9999.000,9999.000,9999.000,9999.000,9999.000,9999.000,9999.000
202607031212,   0.837,   0.898,9999.000,9999.000,9999.000,9999.000,9999.000,9999.000,9999.000
202607031218,   0.888,   0.961,9999.000,9999.000,9999.000,9999.000,9999.000,9999.000,9999.000
202607031224,   0.940,   1.020,9999.000,9999.000,9999.000,9999.000,9999.000,9999.000,9999.000
202607031230,   0.993,   1.059,9999.000,9999.000,9999.000,9999.000,9999.000,9999.000,9999.000
202607031236,   1.047,   1.108,9999.000,9999.000,9999.000,9999.000,9999.000,9999.000,9999.000
202607031242,   1.101,   1.170,9999.000,9999.000,9999.000,9999.000,9999.000,9999.000,9999.000
202607031248,   1.156,   1.239,9999.000,9999.000,9999.000,9999.000,9999.000,9999.000,9999.000
202607031254,   1.211,   1.289,9999.000,9999.000,9999.000,9999.000,9999.000,9999.000,9999.000
202607031300,   1.267,   1.338,   0.000,   0.071,   1.338,   0.000,   1.338,   0.000,   1.338
202607031306,   1.323,   1.400,9999.000,9999.000,9999.000,9999.000,9999.000,9999.000,9999.000
202607031312,   1.379,   1.449,9999.000,9999.000,9999.000,9999.000,9999.000,9999.000,9999.000
202607031318,   1.436,   1.498,9999.000,9999.000,9999.000,9999.000,9999.000,9999.000,9999.000
202607031324,   1.493,   1.548,9999.000,9999.000,9999.000,9999.000,9999.000,9999.000,9999.000
202607031330,   1.550,   1.620,9999.000,9999.000,9999.000,9999.000,9999.000,9999.000,9999.000
202607031336,   1.607,   1.679,9999.000,9999.000,9999.000,9999.000,9999.000,9999.000,9999.000
202607031342,   1.664,   1.738,9999.000,9999.000,9999.000,9999.000,9999.000,9999.000,9999.000
202607031348,   1.721,   1.781,9999.000,9999.000,9999.000,9999.000,9999.000,9999.000,9999.000
202607031354,   1.778,   1.840,9999.000,9999.000,9999.000,9999.000,9999.000,9999.000,9999.000
202607031400,   1.834,   1.889,   0.000,   0.055,   1.889,   0.000,   1.889,   0.000,   1.889
202607031406,   1.890,   1.948,9999.000,9999.000,9999.000,9999.000,9999.000,9999.000,9999.000
202607031412,   1.945,   2.000,9999.000,9999.000,9999.000,9999.000,9999.000,9999.000,9999.000
202607031418,   1.999,   2.059,9999.000,9999.000,9999.000,9999.000,9999.000,9999.000,9999.000
202607031424,   2.052,   2.128,9999.000,9999.000,9999.000,9999.000,9999.000,9999.000,9999.000
202607031430,   2.105,   2.177,9999.000,9999.000,9999.000,9999.000,9999.000,9999.000,9999.000
202607031436,   2.155,   2.240,9999.000,9999.000,9999.000,9999.000,9999.000,9999.000,9999.000
202607031442,   2.205,   2.299,9999.000,9999.000,9999.000,9999.000,9999.000,9999.000,9999.000
202607031448,   2.252,   2.358,9999.000,9999.000,9999.000,9999.000,9999.000,9999.000,9999.000
202607031454,   2.298,   2.420,9999.000,9999.000,9999.000,9999.000,9999.000,9999.000,9999.000
202607031500,   2.342,   2.469,   0.000,   0.127,   2.469,   0.000,   2.469,   0.000,   2.469
202607031506,   2.384,   2.528,9999.000,9999.000,9999.000,9999.000,9999.000,9999.000,9999.000
202607031512,   2.423,   2.578,9999.000,9999.000,9999.000,9999.000,9999.000,9999.000,9999.000
202607031518,   2.460,   2.640,9999.000,9999.000,9999.000,9999.000,9999.000,9999.000,9999.000
202607031524,   2.494,   2.689,9999.000,9999.000,9999.000,9999.000,9999.000,9999.000,9999.000
202607031530,   2.525,   2.728,9999.000,9999.000,9999.000,9999.000,9999.000,9999.000,9999.000
202607031536,   2.553,   2.768,9999.000,9999.000,9999.000,9999.000,9999.000,9999.000,9999.000
202607031542,   2.579,   2.787,9999.000,9999.000,9999.000,9999.000,9999.000,9999.000,9999.000
202607031548,   2.601,   2.840,9999.000,9999.000,9999.000,9999.000,9999.000,9999.000,9999.000
202607031554,   2.620,   2.879,9999.000,9999.000,9999.000,9999.000,9999.000,9999.000,9999.000
202607031600,   2.635,   2.899,   0.000,   0.264,   2.899,   0.000,   2.899,   0.100,   2.999
202607031606,   2.648,   2.919,9999.000,9999.000,9999.000,9999.000,9999.000,9999.000,9999.000
202607031612,   2.656,   2.929,9999.000,9999.000,9999.000,9999.000,9999.000,9999.000,9999.000
202607031618,   2.662,   2.938,9999.000,9999.000,9999.000,9999.000,9999.000,9999.000,9999.000
202607031624,   2.664,   2.948,9999.000,9999.000,9999.000,9999.000,9999.000,9999.000,9999.000
202607031630,   2.662,   2.938,9999.000,9999.000,9999.000,9999.000,9999.000,9999.000,9999.000
202607031636,   2.657,   2.938,9999.000,9999.000,9999.000,9999.000,9999.000,9999.000,9999.000
202607031642,   2.648,   2.929,9999.000,9999.000,9999.000,9999.000,9999.000,9999.000,9999.000
202607031648,   2.636,   2.909,9999.000,9999.000,9999.000,9999.000,9999.000,9999.000,9999.000
202607031654,   2.621,   2.889,9999.000,9999.000,9999.000,9999.000,9999.000,9999.000,9999.000
202607031700,   2.603,   2.869,   0.000,   0.266,   2.869,   0.000,   2.869,   0.100,   2.969
202607031706,   2.581,   2.850,9999.000,9999.000,9999.000,9999.000,9999.000,9999.000,9999.000
202607031712,   2.556,   2.807,9999.000,9999.000,9999.000,9999.000,9999.000,9999.000,9999.000
202607031718,   2.529,   2.778,9999.000,9999.000,9999.000,9999.000,9999.000,9999.000,9999.000
202607031724,   2.498,   2.728,9999.000,9999.000,9999.000,9999.000,9999.000,9999.000,9999.000
202607031730,   2.464,   2.679,9999.000,9999.000,9999.000,9999.000,9999.000,9999.000,9999.000
202607031736,   2.428,   2.630,9999.000,9999.000,9999.000,9999.000,9999.000,9999.000,9999.000
202607031742,   2.390,   2.578,9999.000,9999.000,9999.000,9999.000,9999.000,9999.000,9999.000
202607031748,   2.349,   2.519,9999.000,9999.000,9999.000,9999.000,9999.000,9999.000,9999.000
202607031754,   2.306,   2.450,9999.000,9999.000,9999.000,9999.000,9999.000,9999.000,9999.000
202607031800,   2.260,   2.400,   0.100,   0.040,   2.400,   0.000,   2.300,   0.100,   2.400
202607031806,   2.213,   2.338,9999.000,9999.000,9999.000,9999.000,9999.000,9999.000,9999.000
202607031812,   2.164,   2.279,9999.000,9999.000,9999.000,9999.000,9999.000,9999.000,9999.000
202607031818,   2.113,   2.220,9999.000,9999.000,9999.000,9999.000,9999.000,9999.000,9999.000
202607031824,   2.061,   2.158,9999.000,9999.000,9999.000,9999.000,9999.000,9999.000,9999.000
202607031830,   2.007,   2.089,9999.000,9999.000,9999.000,9999.000,9999.000,9999.000,9999.000
202607031836,   1.953,   2.040,9999.000,9999.000,9999.000,9999.000,9999.000,9999.000,9999.000
202607031842,   1.897,   1.981,9999.000,9999.000,9999.000,9999.000,9999.000,9999.000,9999.000
202607031848,   1.840,   1.918,9999.000,9999.000,9999.000,9999.000,9999.000,9999.000,9999.000
202607031854,   1.783,   1.869,9999.000,9999.000,9999.000,9999.000,9999.000,9999.000,9999.000
202607031900,   1.725,   1.820,   0.100,  -0.005,   1.820,   0.100,   1.820,   0.100,   1.820
202607031906,   1.666,   1.758,9999.000,9999.000,9999.000,9999.000,9999.000,9999.000,9999.000
202607031912,   1.607,   1.718,9999.000,9999.000,9999.000,9999.000,9999.000,9999.000,9999.000
202607031918,   1.548,   1.669,9999.000,9999.000,9999.000,9999.000,9999.000,9999.000,9999.000
202607031924,   1.489,   1.610,9999.000,9999.000,9999.000,9999.000,9999.000,9999.000,9999.000
202607031930,   1.430,   1.557,9999.000,9999.000,9999.000,9999.000,9999.000,9999.000,9999.000
202607031936,   1.371,   1.528,9999.000,9999.000,9999.000,9999.000,9999.000,9999.000,9999.000
202607031942,   1.312,   1.489,9999.000,9999.000,9999.000,9999.000,9999.000,9999.000,9999.000
202607031948,   1.254,   1.449,9999.000,9999.000,9999.000,9999.000,9999.000,9999.000,9999.000
202607031954,   1.196,   1.410,9999.000,9999.000,9999.000,9999.000,9999.000,9999.000,9999.000
202607032000,   1.139,   1.361,   0.100,   0.122,   1.361,   0.100,   1.361,   0.100,   1.361
202607032006,   1.083,   1.298,9999.000,9999.000,9999.000,9999.000,9999.000,9999.000,9999.000
202607032012,   1.027,   1.259,9999.000,9999.000,9999.000,9999.000,9999.000,9999.000,9999.000
202607032018,   0.973,   1.210,9999.000,9999.000,9999.000,9999.000,9999.000,9999.000,9999.000
202607032024,   0.920,   1.170,9999.000,9999.000,9999.000,9999.000,9999.000,9999.000,9999.000
202607032030,   0.868,   1.118,9999.000,9999.000,9999.000,9999.000,9999.000,9999.000,9999.000
202607032036,   0.818,   1.069,9999.000,9999.000,9999.000,9999.000,9999.000,9999.000,9999.000
202607032042,   0.769,   1.010,9999.000,9999.000,9999.000,9999.000,9999.000,9999.000,9999.000
202607032048,   0.722,   0.961,9999.000,9999.000,9999.000,9999.000,9999.000,9999.000,9999.000
202607032054,   0.677,   0.898,9999.000,9999.000,9999.000,9999.000,9999.000,9999.000,9999.000
202607032100,   0.634,   0.839,   0.100,   0.105,   0.839,   0.100,   0.839,   0.200,   0.939
202607032106,   0.594,   0.780,9999.000,9999.000,9999.000,9999.000,9999.000,9999.000,9999.000
202607032112,   0.556,   0.731,9999.000,9999.000,9999.000,9999.000,9999.000,9999.000,9999.000
202607032118,   0.520,   0.688,9999.000,9999.000,9999.000,9999.000,9999.000,9999.000,9999.000
202607032124,   0.488,   0.659,9999.000,9999.000,9999.000,9999.000,9999.000,9999.000,9999.000
202607032130,   0.458,   0.610,9999.000,9999.000,9999.000,9999.000,9999.000,9999.000,9999.000
202607032136,   0.432,   0.570,9999.000,9999.000,9999.000,9999.000,9999.000,9999.000,9999.000
202607032142,   0.408,   0.541,9999.000,9999.000,9999.000,9999.000,9999.000,9999.000,9999.000
202607032148,   0.389,   0.508,9999.000,9999.000,9999.000,9999.000,9999.000,9999.000,9999.000
202607032154,   0.372,   0.488,9999.000,9999.000,9999.000,9999.000,9999.000,9999.000,9999.000
202607032200,   0.360,   0.469,   0.100,   0.009,   0.469,   0.100,   0.469,   0.200,   0.569
202607032206,   0.350,   0.449,9999.000,9999.000,9999.000,9999.000,9999.000,9999.000,9999.000
202607032212,   0.345,   0.429,9999.000,9999.000,9999.000,9999.000,9999.000,9999.000,9999.000
202607032218,   0.343,9999.000,9999.000,9999.000,9999.000,9999.000,9999.000,9999.000,9999.000
202607032224,   0.346,9999.000,9999.000,9999.000,9999.000,9999.000,9999.000,9999.000,9999.000
202607032230,   0.351,9999.000,9999.000,9999.000,9999.000,9999.000,9999.000,9999.000,9999.000
202607032236,   0.361,9999.000,9999.000,9999.000,9999.000,9999.000,9999.000,9999.000,9999.000
202607032242,   0.374,9999.000,9999.000,9999.000,9999.000,9999.000,9999.000,9999.000,9999.000
202607032248,   0.391,9999.000,9999.000,9999.000,9999.000,9999.000,9999.000,9999.000,9999.000
202607032254,   0.411,9999.000,9999.000,9999.000,9999.000,9999.000,9999.000,9999.000,9999.000
202607032300,   0.435,9999.000,   0.200,9999.000,   0.635,   0.100,   0.535,   0.200,   0.635
202607032306,   0.462,9999.000,9999.000,9999.000,9999.000,9999.000,9999.000,9999.000,9999.000
202607032312,   0.492,9999.000,9999.000,9999.000,9999.000,9999.000,9999.000,9999.000,9999.000
202607032318,   0.524,9999.000,9999.000,9999.000,9999.000,9999.000,9999.000,9999.000,9999.000
202607032324,   0.560,9999.000,9999.000,9999.000,9999.000,9999.000,9999.000,9999.000,9999.000
202607032330,   0.598,9999.000,9999.000,9999.000,9999.000,9999.000,9999.000,9999.000,9999.000
202607032336,   0.638,9999.000,9999.000,9999.000,9999.000,9999.000,9999.000,9999.000,9999.000
202607032342,   0.681,9999.000,9999.000,9999.000,9999.000,9999.000,9999.000,9999.000,9999.000
202607032348,   0.725,9999.000,9999.000,9999.000,9999.000,9999.000,9999.000,9999.000,9999.000
202607032354,   0.772,9999.000,9999.000,9999.000,9999.000,9999.000,9999.000,9999.000,9999.000
202607040000,   0.820,9999.000,   0.200,9999.000,   1.020,   0.200,   1.020,   0.200,   1.020
202607040006,   0.869,9999.000,9999.000,9999.000,9999.000,9999.000,9999.000,9999.000,9999.000
202607040012,   0.920,9999.000,9999.000,9999.000,9999.000,9999.000,9999.000,9999.000,9999.000
202607040018,   0.972,9999.000,9999.000,9999.000,9999.000,9999.000,9999.000,9999.000,9999.000
202607040024,   1.025,9999.000,9999.000,9999.000,9999.000,9999.000,9999.000,9999.000,9999.000
202607040030,   1.079,9999.000,9999.000,9999.000,9999.000,9999.000,9999.000,9999.000,9999.000
202607040036,   1.133,9999.000,9999.000,9999.000,9999.000,9999.000,9999.000,9999.000,9999.000
202607040042,   1.189,9999.000,9999.000,9999.000,9999.000,9999.000,9999.000,9999.000,9999.000
202607040048,   1.245,9999.000,9999.000,9999.000,9999.000,9999.000,9999.000,9999.000,9999.000
202607040054,   1.301,9999.000,9999.000,9999.000,9999.000,9999.000,9999.000,9999.000,9999.000
202607040100,   1.358,9999.000,   0.200,9999.000,   1.558,   0.200,   1.558,   0.200,   1.558
202607040106,   1.416,9999.000,9999.000,9999.000,9999.000,9999.000,9999.000,9999.000,9999.000
202607040112,   1.473,9999.000,9999.000,9999.000,9999.000,9999.000,9999.000,9999.000,9999.000
202607040118,   1.531,9999.000,9999.000,9999.000,9999.000,9999.000,9999.000,9999.000,9999.000
202607040124,   1.590,9999.000,9999.000,9999.000,9999.000,9999.000,9999.000,9999.000,9999.000
202607040130,   1.648,9999.000,9999.000,9999.000,9999.000,9999.000,9999.000,9999.000,9999.000
202607040136,   1.707,9999.000,9999.000,9999.000,9999.000,9999.000,9999.000,9999.000,9999.000
202607040142,   1.765,9999.000,9999.000,9999.000,9999.000,9999.000,9999.000,9999.000,9999.000
202607040148,   1.824,9999.000,9999.000,9999.000,9999.000,9999.000,9999.000,9999.000,9999.000
202607040154,   1.882,9999.000,9999.000,9999.000,9999.000,9999.000,9999.000,9999.000,9999.000
202607040200,   1.941,9999.000,   0.200,9999.000,   2.141,   0.200,   2.141,   0.200,   2.141
202607040206,   1.999,9999.000,9999.000,9999.000,9999.000,9999.000,9999.000,9999.000,9999.000
202607040212,   2.056,9999.000,9999.000,9999.000,9999.000,9999.000,9999.000,9999.000,9999.000
202607040218,   2.113,9999.000,9999.000,9999.000,9999.000,9999.000,9999.000,9999.000,9999.000
202607040224,   2.170,9999.000,9999.000,9999.000,9999.000,9999.000,9999.000,9999.000,9999.000
202607040230,   2.225,9999.000,9999.000,9999.000,9999.000,9999.000,9999.000,9999.000,9999.000
202607040236,   2.280,9999.000,9999.000,9999.000,9999.000,9999.000,9999.000,9999.000,9999.000
202607040242,   2.333,9999.000,9999.000,9999.000,9999.000,9999.000,9999.000,9999.000,9999.000
202607040248,   2.385,9999.000,9999.000,9999.000,9999.000,9999.000,9999.000,9999.000,9999.000
202607040254,   2.436,9999.000,9999.000,9999.000,9999.000,9999.000,9999.000,9999.000,9999.000
202607040300,   2.485,9999.000,   0.200,9999.000,   2.685,   0.200,   2.685,   0.300,   2.785
202607040306,   2.532,9999.000,9999.000,9999.000,9999.000,9999.000,9999.000,9999.000,9999.000
202607040312,   2.577,9999.000,9999.000,9999.000,9999.000,9999.000,9999.000,9999.000,9999.000
202607040318,   2.620,9999.000,9999.000,9999.000,9999.000,9999.000,9999.000,9999.000,9999.000
202607040324,   2.660,9999.000,9999.000,9999.000,9999.000,9999.000,9999.000,9999.000,9999.000
202607040330,   2.698,9999.000,9999.000,9999.000,9999.000,9999.000,9999.000,9999.000,9999.000
202607040336,   2.734,9999.000,9999.000,9999.000,9999.000,9999.000,9999.000,9999.000,9999.000
202607040342,   2.766,9999.000,9999.000,9999.000,9999.000,9999.000,9999.000,9999.000,9999.000
202607040348,   2.796,9999.000,9999.000,9999.000,9999.000,9999.000,9999.000,9999.000,9999.000
202607040354,   2.822,9999.000,9999.000,9999.000,9999.000,9999.000,9999.000,9999.000,9999.000
202607040400,   2.845,9999.000,   0.200,9999.000,   3.045,   0.200,   3.045,   0.300,   3.145
202607040406,   2.865,9999.000,9999.000,9999.000,9999.000,9999.000,9999.000,9999.000,9999.000
202607040412,   2.882,9999.000,9999.000,9999.000,9999.000,9999.000,9999.000,9999.000,9999.000
202607040418,   2.895,9999.000,9999.000,9999.000,9999.000,9999.000,9999.000,9999.000,9999.000
202607040424,   2.905,9999.000,9999.000,9999.000,9999.000,9999.000,9999.000,9999.000,9999.000
202607040430,   2.911,9999.000,9999.000,9999.000,9999.000,9999.000,9999.000,9999.000,9999.000
202607040436,   2.914,9999.000,9999.000,9999.000,9999.000,9999.000,9999.000,9999.000,9999.000
202607040442,   2.913,9999.000,9999.000,9999.000,9999.000,9999.000,9999.000,9999.000,9999.000
202607040448,   2.908,9999.000,9999.000,9999.000,9999.000,9999.000,9999.000,9999.000,9999.000
202607040454,   2.900,9999.000,9999.000,9999.000,9999.000,9999.000,9999.000,9999.000,9999.000
202607040500,   2.888,9999.000,   0.200,9999.000,   3.088,   0.200,   3.088,   0.200,   3.088
202607040506,   2.873,9999.000,9999.000,9999.000,9999.000,9999.000,9999.000,9999.000,9999.000
202607040512,   2.854,9999.000,9999.000,9999.000,9999.000,9999.000,9999.000,9999.000,9999.000
202607040518,   2.833,9999.000,9999.000,9999.000,9999.000,9999.000,9999.000,9999.000,9999.000
202607040524,   2.807,9999.000,9999.000,9999.000,9999.000,9999.000,9999.000,9999.000,9999.000
202607040530,   2.779,9999.000,9999.000,9999.000,9999.000,9999.000,9999.000,9999.000,9999.000
202607040536,   2.747,9999.000,9999.000,9999.000,9999.000,9999.000,9999.000,9999.000,9999.000
202607040542,   2.712,9999.000,9999.000,9999.000,9999.000,9999.000,9999.000,9999.000,9999.000
202607040548,   2.675,9999.000,9999.000,9999.000,9999.000,9999.000,9999.000,9999.000,9999.000
202607040554,   2.634,9999.000,9999.000,9999.000,9999.000,9999.000,9999.000,9999.000,9999.000
202607040600,   2.591,9999.000,   0.200,9999.000,   2.791,   0.200,   2.791,   0.300,   2.891
202607040606,   2.545,9999.000,9999.000,9999.000,9999.000,9999.000,9999.000,9999.000,9999.000
202607040612,   2.497,9999.000,9999.000,9999.000,9999.000,9999.000,9999.000,9999.000,9999.000
202607040618,   2.447,9999.000,9999.000,9999.000,9999.000,9999.000,9999.000,9999.000,9999.000
202607040624,   2.394,9999.000,9999.000,9999.000,9999.000,9999.000,9999.000,9999.000,9999.000
202607040630,   2.339,9999.000,9999.000,9999.000,9999.000,9999.000,9999.000,9999.000,9999.000
202607040636,   2.283,9999.000,9999.000,9999.000,9999.000,9999.000,9999.000,9999.000,9999.000
202607040642,   2.225,9999.000,9999.000,9999.000,9999.000,9999.000,9999.000,9999.000,9999.000
202607040648,   2.165,9999.000,9999.000,9999.000,9999.000,9999.000,9999.000,9999.000,9999.000
202607040654,   2.104,9999.000,9999.000,9999.000,9999.000,9999.000,9999.000,9999.000,9999.000
202607040700,   2.041,9999.000,   0.200,9999.000,   2.241,   0.100,   2.141,   0.200,   2.241
202607040706,   1.977,9999.000,9999.000,9999.000,9999.000,9999.000,9999.000,9999.000,9999.000
202607040712,   1.913,9999.000,9999.000,9999.000,9999.000,9999.000,9999.000,9999.000,9999.000
202607040718,   1.848,9999.000,9999.000,9999.000,9999.000,9999.000,9999.000,9999.000,9999.000
202607040724,   1.782,9999.000,9999.000,9999.000,9999.000,9999.000,9999.000,9999.000,9999.000
202607040730,   1.715,9999.000,9999.000,9999.000,9999.000,9999.000,9999.000,9999.000,9999.000
202607040736,   1.649,9999.000,9999.000,9999.000,9999.000,9999.000,9999.000,9999.000,9999.000
202607040742,   1.582,9999.000,9999.000,9999.000,9999.000,9999.000,9999.000,9999.000,9999.000
202607040748,   1.515,9999.000,9999.000,9999.000,9999.000,9999.000,9999.000,9999.000,9999.000
202607040754,   1.448,9999.000,9999.000,9999.000,9999.000,9999.000,9999.000,9999.000,9999.000
202607040800,   1.381,9999.000,   0.200,9999.000,   1.581,   0.100,   1.481,   0.200,   1.581
202607040806,   1.315,9999.000,9999.000,9999.000,9999.000,9999.000,9999.000,9999.000,9999.000
202607040812,   1.249,9999.000,9999.000,9999.000,9999.000,9999.000,9999.000,9999.000,9999.000
202607040818,   1.184,9999.000,9999.000,9999.000,9999.000,9999.000,9999.000,9999.000,9999.000
202607040824,   1.120,9999.000,9999.000,9999.000,9999.000,9999.000,9999.000,9999.000,9999.000
202607040830,   1.057,9999.000,9999.000,9999.000,9999.000,9999.000,9999.000,9999.000,9999.000
202607040836,   0.995,9999.000,9999.000,9999.000,9999.000,9999.000,9999.000,9999.000,9999.000
202607040842,   0.934,9999.000,9999.000,9999.000,9999.000,9999.000,9999.000,9999.000,9999.000
202607040848,   0.875,9999.000,9999.000,9999.000,9999.000,9999.000,9999.000,9999.000,9999.000
202607040854,   0.817,9999.000,9999.000,9999.000,9999.000,9999.000,9999.000,9999.000,9999.000
202607040900,   0.761,9999.000,   0.200,9999.000,   0.961,   0.100,   0.861,   0.200,   0.961
202607040906,   0.706,9999.000,9999.000,9999.000,9999.000,9999.000,9999.000,9999.000,9999.000
202607040912,   0.654,9999.000,9999.000,9999.000,9999.000,9999.000,9999.000,9999.000,9999.000
202607040918,   0.604,9999.000,9999.000,9999.000,9999.000,9999.000,9999.000,9999.000,9999.000
202607040924,   0.557,9999.000,9999.000,9999.000,9999.000,9999.000,9999.000,9999.000,9999.000
202607040930,   0.511,9999.000,9999.000,9999.000,9999.000,9999.000,9999.000,9999.000,9999.000
202607040936,   0.469,9999.000,9999.000,9999.000,9999.000,9999.000,9999.000,9999.000,9999.000
202607040942,   0.429,9999.000,9999.000,9999.000,9999.000,9999.000,9999.000,9999.000,9999.000
202607040948,   0.393,9999.000,9999.000,9999.000,9999.000,9999.000,9999.000,9999.000,9999.000
202607040954,   0.359,9999.000,9999.000,9999.000,9999.000,9999.000,9999.000,9999.000,9999.000
202607041000,   0.329,9999.000,   0.200,9999.000,   0.529,   0.100,   0.429,   0.200,   0.529
202607041006,   0.302,9999.000,9999.000,9999.000,9999.000,9999.000,9999.000,9999.000,9999.000
202607041012,   0.278,9999.000,9999.000,9999.000,9999.000,9999.000,9999.000,9999.000,9999.000
202607041018,   0.258,9999.000,9999.000,9999.000,9999.000,9999.000,9999.000,9999.000,9999.000
202607041024,   0.242,9999.000,9999.000,9999.000,9999.000,9999.000,9999.000,9999.000,9999.000
202607041030,   0.229,9999.000,9999.000,9999.000,9999.000,9999.000,9999.000,9999.000,9999.000
202607041036,   0.220,9999.000,9999.000,9999.000,9999.000,9999.000,9999.000,9999.000,9999.000
202607041042,   0.215,9999.000,9999.000,9999.000,9999.000,9999.000,9999.000,9999.000,9999.000
202607041048,   0.214,9999.000,9999.000,9999.000,9999.000,9999.000,9999.000,9999.000,9999.000
202607041054,   0.216,9999.000,9999.000,9999.000,9999.000,9999.000,9999.000,9999.000,9999.000
202607041100,   0.222,9999.000,   0.200,9999.000,   0.422,   0.100,   0.322,   0.200,   0.422
202607041106,   0.232,9999.000,9999.000,9999.000,9999.000,9999.000,9999.000,9999.000,9999.000
202607041112,   0.245,9999.000,9999.000,9999.000,9999.000,9999.000,9999.000,9999.000,9999.000
202607041118,   0.262,9999.000,9999.000,9999.000,9999.000,9999.000,9999.000,9999.000,9999.000
202607041124,   0.282,9999.000,9999.000,9999.000,9999.000,9999.000,9999.000,9999.000,9999.000
202607041130,   0.305,9999.000,9999.000,9999.000,9999.000,9999.000,9999.000,9999.000,9999.000
202607041136,   0.332,9999.000,9999.000,9999.000,9999.000,9999.000,9999.000,9999.000,9999.000
202607041142,   0.361,9999.000,9999.000,9999.000,9999.000,9999.000,9999.000,9999.000,9999.000
202607041148,   0.393,9999.000,9999.000,9999.000,9999.000,9999.000,9999.000,9999.000,9999.000
202607041154,   0.428,9999.000,9999.000,9999.000,9999.000,9999.000,9999.000,9999.000,9999.000
202607041200,   0.465,9999.000,   0.300,9999.000,   0.765,   0.200,   0.665,   0.300,   0.765
202607041206,   0.504,9999.000,9999.000,9999.000,9999.000,9999.000,9999.000,9999.000,9999.000
202607041212,   0.546,9999.000,9999.000,9999.000,9999.000,9999.000,9999.000,9999.000,9999.000
202607041218,   0.589,9999.000,9999.000,9999.000,9999.000,9999.000,9999.000,9999.000,9999.000
202607041224,   0.635,9999.000,9999.000,9999.000,9999.000,9999.000,9999.000,9999.000,9999.000
202607041230,   0.682,9999.000,9999.000,9999.000,9999.000,9999.000,9999.000,9999.000,9999.000
202607041236,   0.730,9999.000,9999.000,9999.000,9999.000,9999.000,9999.000,9999.000,9999.000
202607041242,   0.780,9999.000,9999.000,9999.000,9999.000,9999.000,9999.000,9999.000,9999.000
202607041248,   0.831,9999.000,9999.000,9999.000,9999.000,9999.000,9999.000,9999.000,9999.000
202607041254,   0.883,9999.000,9999.000,9999.000,9999.000,9999.000,9999.000,9999.000,9999.000
202607041300,   0.936,9999.000,   0.300,9999.000,   1.236,   0.200,   1.136,   0.300,   1.236
202607041306,   0.990,9999.000,9999.000,9999.000,9999.000,9999.000,9999.000,9999.000,9999.000
202607041312,   1.045,9999.000,9999.000,9999.000,9999.000,9999.000,9999.000,9999.000,9999.000
202607041318,   1.101,9999.000,9999.000,9999.000,9999.000,9999.000,9999.000,9999.000,9999.000
202607041324,   1.157,9999.000,9999.000,9999.000,9999.000,9999.000,9999.000,9999.000,9999.000
202607041330,   1.214,9999.000,9999.000,9999.000,9999.000,9999.000,9999.000,9999.000,9999.000
202607041336,   1.272,9999.000,9999.000,9999.000,9999.000,9999.000,9999.000,9999.000,9999.000
202607041342,   1.329,9999.000,9999.000,9999.000,9999.000,9999.000,9999.000,9999.000,9999.000
202607041348,   1.388,9999.000,9999.000,9999.000,9999.000,9999.000,9999.000,9999.000,9999.000
202607041354,   1.446,9999.000,9999.000,9999.000,9999.000,9999.000,9999.000,9999.000,9999.000
202607041400,   1.505,9999.000,   0.300,9999.000,   1.805,   0.200,   1.705,   0.300,   1.805
202607041406,   1.564,9999.000,9999.000,9999.000,9999.000,9999.000,9999.000,9999.000,9999.000
202607041412,   1.623,9999.000,9999.000,9999.000,9999.000,9999.000,9999.000,9999.000,9999.000
202607041418,   1.682,9999.000,9999.000,9999.000,9999.000,9999.000,9999.000,9999.000,9999.000
202607041424,   1.741,9999.000,9999.000,9999.000,9999.000,9999.000,9999.000,9999.000,9999.000
202607041430,   1.799,9999.000,9999.000,9999.000,9999.000,9999.000,9999.000,9999.000,9999.000
202607041436,   1.857,9999.000,9999.000,9999.000,9999.000,9999.000,9999.000,9999.000,9999.000
202607041442,   1.914,9999.000,9999.000,9999.000,9999.000,9999.000,9999.000,9999.000,9999.000
202607041448,   1.971,9999.000,9999.000,9999.000,9999.000,9999.000,9999.000,9999.000,9999.000
202607041454,   2.027,9999.000,9999.000,9999.000,9999.000,9999.000,9999.000,9999.000,9999.000
202607041500,   2.082,9999.000,   0.300,9999.000,   2.382,   0.200,   2.282,   0.300,   2.382
202607041506,   2.135,9999.000,9999.000,9999.000,9999.000,9999.000,9999.000,9999.000,9999.000
202607041512,   2.187,9999.000,9999.000,9999.000,9999.000,9999.000,9999.000,9999.000,9999.000
202607041518,   2.238,9999.000,9999.000,9999.000,9999.000,9999.000,9999.000,9999.000,9999.000
202607041524,   2.287,9999.000,9999.000,9999.000,9999.000,9999.000,9999.000,9999.000,9999.000
202607041530,   2.334,9999.000,9999.000,9999.000,9999.000,9999.000,9999.000,9999.000,9999.000
202607041536,   2.379,9999.000,9999.000,9999.000,9999.000,9999.000,9999.000,9999.000,9999.000
202607041542,   2.421,9999.000,9999.000,9999.000,9999.000,9999.000,9999.000,9999.000,9999.000
202607041548,   2.462,9999.000,9999.000,9999.000,9999.000,9999.000,9999.000,9999.000,9999.000
202607041554,   2.499,9999.000,9999.000,9999.000,9999.000,9999.000,9999.000,9999.000,9999.000
202607041600,   2.534,9999.000,   0.300,9999.000,   2.834,   0.300,   2.834,   0.300,   2.834
202607041606,   2.567,9999.000,9999.000,9999.000,9999.000,9999.000,9999.000,9999.000,9999.000
202607041612,   2.596,9999.000,9999.000,9999.000,9999.000,9999.000,9999.000,9999.000,9999.000
202607041618,   2.622,9999.000,9999.000,9999.000,9999.000,9999.000,9999.000,9999.000,9999.000
202607041624,   2.645,9999.000,9999.000,9999.000,9999.000,9999.000,9999.000,9999.000,9999.000
202607041630,   2.665,9999.000,9999.000,9999.000,9999.000,9999.000,9999.000,9999.000,9999.000
202607041636,   2.682,9999.000,9999.000,9999.000,9999.000,9999.000,9999.000,9999.000,9999.000
202607041642,   2.696,9999.000,9999.000,9999.000,9999.000,9999.000,9999.000,9999.000,9999.000
202607041648,   2.706,9999.000,9999.000,9999.000,9999.000,9999.000,9999.000,9999.000,9999.000
202607041654,   2.713,9999.000,9999.000,9999.000,9999.000,9999.000,9999.000,9999.000,9999.000
202607041700,   2.716,9999.000,   0.300,9999.000,   3.016,   0.300,   3.016,   0.300,   3.016
202607041706,   2.716,9999.000,9999.000,9999.000,9999.000,9999.000,9999.000,9999.000,9999.000
202607041712,   2.713,9999.000,9999.000,9999.000,9999.000,9999.000,9999.000,9999.000,9999.000
202607041718,   2.706,9999.000,9999.000,9999.000,9999.000,9999.000,9999.000,9999.000,9999.000
202607041724,   2.696,9999.000,9999.000,9999.000,9999.000,9999.000,9999.000,9999.000,9999.000
202607041730,   2.683,9999.000,9999.000,9999.000,9999.000,9999.000,9999.000,9999.000,9999.000
202607041736,   2.666,9999.000,9999.000,9999.000,9999.000,9999.000,9999.000,9999.000,9999.000
202607041742,   2.647,9999.000,9999.000,9999.000,9999.000,9999.000,9999.000,9999.000,9999.000
202607041748,   2.624,9999.000,9999.000,9999.000,9999.000,9999.000,9999.000,9999.000,9999.000
202607041754,   2.598,9999.000,9999.000,9999.000,9999.000,9999.000,9999.000,9999.000,9999.000
202607041800,   2.570,9999.000,   0.400,9999.000,   2.970,   0.300,   2.870,   0.400,   2.970
202607041806,   2.538,9999.000,9999.000,9999.000,9999.000,9999.000,9999.000,9999.000,9999.000
202607041812,   2.504,9999.000,9999.000,9999.000,9999.000,9999.000,9999.000,9999.000,9999.000
202607041818,   2.467,9999.000,9999.000,9999.000,9999.000,9999.000,9999.000,9999.000,9999.000
202607041824,   2.428,9999.000,9999.000,9999.000,9999.000,9999.000,9999.000,9999.000,9999.000
202607041830,   2.386,9999.000,9999.000,9999.000,9999.000,9999.000,9999.000,9999.000,9999.000
202607041836,   2.342,9999.000,9999.000,9999.000,9999.000,9999.000,9999.000,9999.000,9999.000
202607041842,   2.296,9999.000,9999.000,9999.000,9999.000,9999.000,9999.000,9999.000,9999.000
202607041848,   2.248,9999.000,9999.000,9999.000,9999.000,9999.000,9999.000,9999.000,9999.000
202607041854,   2.198,9999.000,9999.000,9999.000,9999.000,9999.000,9999.000,9999.000,9999.000
202607041900,   2.147,9999.000,   0.400,   0.018,   2.565,   0.300,   2.465,   0.400,   2.565
202607041906,   2.093,9999.000,9999.000,9999.000,9999.000,9999.000,9999.000,9999.000,9999.000
202607041912,   2.039,9999.000,9999.000,9999.000,9999.000,9999.000,9999.000,9999.000,9999.000
202607041918,   1.983,9999.000,9999.000,9999.000,9999.000,9999.000,9999.000,9999.000,9999.000
202607041924,   1.926,9999.000,9999.000,9999.000,9999.000,9999.000,9999.000,9999.000,9999.000
202607041930,   1.868,9999.000,9999.000,9999.000,9999.000,9999.000,9999.000,9999.000,9999.000
202607041936,   1.810,9999.000,9999.000,9999.000,9999.000,9999.000,9999.000,9999.000,9999.000
202607041942,   1.750,9999.000,9999.000,9999.000,9999.000,9999.000,9999.000,9999.000,9999.000
202607041948,   1.691,9999.000,9999.000,9999.000,9999.000,9999.000,9999.000,9999.000,9999.000
202607041954,   1.631,9999.000,9999.000,9999.000,9999.000,9999.000,9999.000,9999.000,9999.000
202607042000,   1.571,9999.000,   0.400,   0.027,   1.998,   0.300,   1.898,   0.400,   1.998
202607042006,   1.511,9999.000,9999.000,9999.000,9999.000,9999.000,9999.000,9999.000,9999.000
202607042012,   1.451,9999.000,9999.000,9999.000,9999.000,9999.000,9999.000,9999.000,9999.000
202607042018,   1.391,9999.000,9999.000,9999.000,9999.000,9999.000,9999.000,9999.000,9999.000
202607042024,   1.332,9999.000,9999.000,9999.000,9999.000,9999.000,9999.000,9999.000,9999.000
202607042030,   1.274,9999.000,9999.000,9999.000,9999.000,9999.000,9999.000,9999.000,9999.000
202607042036,   1.216,9999.000,9999.000,9999.000,9999.000,9999.000,9999.000,9999.000,9999.000
202607042042,   1.160,9999.000,9999.000,9999.000,9999.000,9999.000,9999.000,9999.000,9999.000
202607042048,   1.104,9999.000,9999.000,9999.000,9999.000,9999.000,9999.000,9999.000,9999.000
202607042054,   1.049,9999.000,9999.000,9999.000,9999.000,9999.000,9999.000,9999.000,9999.000
202607042100,   0.996,9999.000,   0.400,   0.036,   1.432,   0.400,   1.432,   0.400,   1.432
202607042106,   0.944,9999.000,9999.000,9999.000,9999.000,9999.000,9999.000,9999.000,9999.000
202607042112,   0.894,9999.000,9999.000,9999.000,9999.000,9999.000,9999.000,9999.000,9999.000
202607042118,   0.845,9999.000,9999.000,9999.000,9999.000,9999.000,9999.000,9999.000,9999.000
202607042124,   0.798,9999.000,9999.000,9999.000,9999.000,9999.000,9999.000,9999.000,9999.000
202607042130,   0.753,9999.000,9999.000,9999.000,9999.000,9999.000,9999.000,9999.000,9999.000
202607042136,   0.711,9999.000,9999.000,9999.000,9999.000,9999.000,9999.000,9999.000,9999.000
202607042142,   0.670,9999.000,9999.000,9999.000,9999.000,9999.000,9999.000,9999.000,9999.000
202607042148,   0.632,9999.000,9999.000,9999.000,9999.000,9999.000,9999.000,9999.000,9999.000
202607042154,   0.596,9999.000,9999.000,9999.000,9999.000,9999.000,9999.000,9999.000,9999.000
202607042200,   0.562,9999.000,   0.400,   0.045,   1.007,   0.400,   1.007,   0.400,   1.007
202607042206,   0.532,9999.000,9999.000,9999.000,9999.000,9999.000,9999.000,9999.000,9999.000
202607042212,   0.504,9999.000,9999.000,9999.000,9999.000,9999.000,9999.000,9999.000,9999.000
202607042218,   0.479,9999.000,9999.000,9999.000,9999.000,9999.000,9999.000,9999.000,9999.000
202607042224,   0.457,9999.000,9999.000,9999.000,9999.000,9999.000,9999.000,9999.000,9999.000
202607042230,   0.438,9999.000,9999.000,9999.000,9999.000,9999.000,9999.000,9999.000,9999.000
202607042236,   0.422,9999.000,9999.000,9999.000,9999.000,9999.000,9999.000,9999.000,9999.000
202607042242,   0.409,9999.000,9999.000,9999.000,9999.000,9999.000,9999.000,9999.000,9999.000
202607042248,   0.400,9999.000,9999.000,9999.000,9999.000,9999.000,9999.000,9999.000,9999.000
202607042254,   0.394,9999.000,9999.000,9999.000,9999.000,9999.000,9999.000,9999.000,9999.000
202607042300,   0.392,9999.000,   0.400,   0.054,   0.846,   0.400,   0.846,   0.400,   0.846
202607042306,   0.392,9999.000,9999.000,9999.000,9999.000,9999.000,9999.000,9999.000,9999.000
202607042312,   0.396,9999.000,9999.000,9999.000,9999.000,9999.000,9999.000,9999.000,9999.000
202607042318,   0.404,9999.000,9999.000,9999.000,9999.000,9999.000,9999.000,9999.000,9999.000
202607042324,   0.415,9999.000,9999.000,9999.000,9999.000,9999.000,9999.000,9999.000,9999.000
202607042330,   0.429,9999.000,9999.000,9999.000,9999.000,9999.000,9999.000,9999.000,9999.000
202607042336,   0.446,9999.000,9999.000,9999.000,9999.000,9999.000,9999.000,9999.000,9999.000
202607042342,   0.466,9999.000,9999.000,9999.000,9999.000,9999.000,9999.000,9999.000,9999.000
202607042348,   0.490,9999.000,9999.000,9999.000,9999.000,9999.000,9999.000,9999.000,9999.000
202607042354,   0.516,9999.000,9999.000,9999.000,9999.000,9999.000,9999.000,9999.000,9999.000
202607050000,   0.545,9999.000,   0.400,   0.063,   1.008,   0.300,   0.908,   0.400,   1.008
202607050006,   0.577,9999.000,9999.000,9999.000,9999.000,9999.000,9999.000,9999.000,9999.000
202607050012,   0.611,9999.000,9999.000,9999.000,9999.000,9999.000,9999.000,9999.000,9999.000
202607050018,   0.648,9999.000,9999.000,9999.000,9999.000,9999.000,9999.000,9999.000,9999.000
202607050024,   0.687,9999.000,9999.000,9999.000,9999.000,9999.000,9999.000,9999.000,9999.000
202607050030,   0.728,9999.000,9999.000,9999.000,9999.000,9999.000,9999.000,9999.000,9999.000
202607050036,   0.771,9999.000,9999.000,9999.000,9999.000,9999.000,9999.000,9999.000,9999.000
202607050042,   0.816,9999.000,9999.000,9999.000,9999.000,9999.000,9999.000,9999.000,9999.000
202607050048,   0.862,9999.000,9999.000,9999.000,9999.000,9999.000,9999.000,9999.000,9999.000
202607050054,   0.910,9999.000,9999.000,9999.000,9999.000,9999.000,9999.000,9999.000,9999.000
202607050100,   0.960,9999.000,   0.400,   0.072,   1.432,   0.300,   1.332,   0.400,   1.432
202607050106,   1.010,9999.000,9999.000,9999.000,9999.000,9999.000,9999.000,9999.000,9999.000
202607050112,   1.062,9999.000,9999.000,9999.000,9999.000,9999.000,9999.000,9999.000,9999.000
202607050118,   1.115,9999.000,9999.000,9999.000,9999.000,9999.000,9999.000,9999.000,9999.000
202607050124,   1.169,9999.000,9999.000,9999.000,9999.000,9999.000,9999.000,9999.000,9999.000
202607050130,   1.224,9999.000,9999.000,9999.000,9999.000,9999.000,9999.000,9999.000,9999.000
202607050136,   1.280,9999.000,9999.000,9999.000,9999.000,9999.000,9999.000,9999.000,9999.000
202607050142,   1.336,9999.000,9999.000,9999.000,9999.000,9999.000,9999.000,9999.000,9999.000
202607050148,   1.393,9999.000,9999.000,9999.000,9999.000,9999.000,9999.000,9999.000,9999.000
202607050154,   1.450,9999.000,9999.000,9999.000,9999.000,9999.000,9999.000,9999.000,9999.000
202607050200,   1.507,9999.000,   0.400,   0.081,   1.988,   0.300,   1.888,   0.400,   1.988
202607050206,   1.565,9999.000,9999.000,9999.000,9999.000,9999.000,9999.000,9999.000,9999.000
202607050212,   1.624,9999.000,9999.000,9999.000,9999.000,9999.000,9999.000,9999.000,9999.000
202607050218,   1.682,9999.000,9999.000,9999.000,9999.000,9999.000,9999.000,9999.000,9999.000
202607050224,   1.740,9999.000,9999.000,9999.000,9999.000,9999.000,9999.000,9999.000,9999.000
202607050230,   1.799,9999.000,9999.000,9999.000,9999.000,9999.000,9999.000,9999.000,9999.000
202607050236,   1.857,9999.000,9999.000,9999.000,9999.000,9999.000,9999.000,9999.000,9999.000
202607050242,   1.915,9999.000,9999.000,9999.000,9999.000,9999.000,9999.000,9999.000,9999.000
202607050248,   1.972,9999.000,9999.000,9999.000,9999.000,9999.000,9999.000,9999.000,9999.000
202607050254,   2.029,9999.000,9999.000,9999.000,9999.000,9999.000,9999.000,9999.000,9999.000
202607050300,   2.085,9999.000,   0.300,   0.090,   2.475,   0.300,   2.475,   0.400,   2.575
202607050306,   2.141,9999.000,9999.000,9999.000,9999.000,9999.000,9999.000,9999.000,9999.000
202607050312,   2.195,9999.000,9999.000,9999.000,9999.000,9999.000,9999.000,9999.000,9999.000
202607050318,   2.249,9999.000,9999.000,9999.000,9999.000,9999.000,9999.000,9999.000,9999.000
202607050324,   2.301,9999.000,9999.000,9999.000,9999.000,9999.000,9999.000,9999.000,9999.000
202607050330,   2.351,9999.000,9999.000,9999.000,9999.000,9999.000,9999.000,9999.000,9999.000
202607050336,   2.400,9999.000,9999.000,9999.000,9999.000,9999.000,9999.000,9999.000,9999.000
202607050342,   2.447,9999.000,9999.000,9999.000,9999.000,9999.000,9999.000,9999.000,9999.000
202607050348,   2.493,9999.000,9999.000,9999.000,9999.000,9999.000,9999.000,9999.000,9999.000
202607050354,   2.536,9999.000,9999.000,9999.000,9999.000,9999.000,9999.000,9999.000,9999.000
202607050400,   2.577,9999.000,   0.300,   0.099,   2.976,   0.200,   2.876,   0.400,   3.076
202607050406,   2.615,9999.000,9999.000,9999.000,9999.000,9999.000,9999.000,9999.000,9999.000
202607050412,   2.651,9999.000,9999.000,9999.000,9999.000,9999.000,9999.000,9999.000,9999.000
202607050418,   2.684,9999.000,9999.000,9999.000,9999.000,9999.000,9999.000,9999.000,9999.000
202607050424,   2.715,9999.000,9999.000,9999.000,9999.000,9999.000,9999.000,9999.000,9999.000
202607050430,   2.742,9999.000,9999.000,9999.000,9999.000,9999.000,9999.000,9999.000,9999.000
202607050436,   2.766,9999.000,9999.000,9999.000,9999.000,9999.000,9999.000,9999.000,9999.000
202607050442,   2.788,9999.000,9999.000,9999.000,9999.000,9999.000,9999.000,9999.000,9999.000
202607050448,   2.806,9999.000,9999.000,9999.000,9999.000,9999.000,9999.000,9999.000,9999.000
202607050454,   2.820,9999.000,9999.000,9999.000,9999.000,9999.000,9999.000,9999.000,9999.000
202607050500,   2.832,9999.000,   0.300,   0.108,   3.240,   0.200,   3.140,   0.400,   3.340
202607050506,   2.840,9999.000,9999.000,9999.000,9999.000,9999.000,9999.000,9999.000,9999.000
202607050512,   2.845,9999.000,9999.000,9999.000,9999.000,9999.000,9999.000,9999.000,9999.000
202607050518,   2.846,9999.000,9999.000,9999.000,9999.000,9999.000,9999.000,9999.000,9999.000
202607050524,   2.844,9999.000,9999.000,9999.000,9999.000,9999.000,9999.000,9999.000,9999.000
202607050530,   2.838,9999.000,9999.000,9999.000,9999.000,9999.000,9999.000,9999.000,9999.000
202607050536,   2.829,9999.000,9999.000,9999.000,9999.000,9999.000,9999.000,9999.000,9999.000
202607050542,   2.817,9999.000,9999.000,9999.000,9999.000,9999.000,9999.000,9999.000,9999.000
202607050548,   2.801,9999.000,9999.000,9999.000,9999.000,9999.000,9999.000,9999.000,9999.000
202607050554,   2.782,9999.000,9999.000,9999.000,9999.000,9999.000,9999.000,9999.000,9999.000
202607050600,   2.759,9999.000,   0.300,   0.117,   3.176,   0.200,   3.076,   0.400,   3.276
202607050606,   2.733,9999.000,9999.000,9999.000,9999.000,9999.000,9999.000,9999.000,9999.000
202607050612,   2.704,9999.000,9999.000,9999.000,9999.000,9999.000,9999.000,9999.000,9999.000
202607050618,   2.672,9999.000,9999.000,9999.000,9999.000,9999.000,9999.000,9999.000,9999.000
202607050624,   2.637,9999.000,9999.000,9999.000,9999.000,9999.000,9999.000,9999.000,9999.000
202607050630,   2.599,9999.000,9999.000,9999.000,9999.000,9999.000,9999.000,9999.000,9999.000
202607050636,   2.558,9999.000,9999.000,9999.000,9999.000,9999.000,9999.000,9999.000,9999.000
202607050642,   2.515,9999.000,9999.000,9999.000,9999.000,9999.000,9999.000,9999.000,9999.000
202607050648,   2.468,9999.000,9999.000,9999.000,9999.000,9999.000,9999.000,9999.000,9999.000
202607050654,   2.419,9999.000,9999.000,9999.000,9999.000,9999.000,9999.000,9999.000,9999.000
202607050700,   2.368,9999.000,   0.300,   0.117,   2.785,   0.200,   2.685,   0.400,   2.885
202607050706,   2.315,9999.000,9999.000,9999.000,9999.000,9999.000,9999.000,9999.000,9999.000
202607050712,   2.259,9999.000,9999.000,9999.000,9999.000,9999.000,9999.000,9999.000,9999.000
202607050718,   2.202,9999.000,9999.000,9999.000,9999.000,9999.000,9999.000,9999.000,9999.000
202607050724,   2.143,9999.000,9999.000,9999.000,9999.000,9999.000,9999.000,9999.000,9999.000
202607050730,   2.082,9999.000,9999.000,9999.000,9999.000,9999.000,9999.000,9999.000,9999.000
202607050736,   2.020,9999.000,9999.000,9999.000,9999.000,9999.000,9999.000,9999.000,9999.000
202607050742,   1.956,9999.000,9999.000,9999.000,9999.000,9999.000,9999.000,9999.000,9999.000
202607050748,   1.892,9999.000,9999.000,9999.000,9999.000,9999.000,9999.000,9999.000,9999.000
202607050754,   1.827,9999.000,9999.000,9999.000,9999.000,9999.000,9999.000,9999.000,9999.000
202607050800,   1.761,9999.000,   0.300,   0.117,   2.178,   0.200,   2.078,   0.400,   2.278
202607050806,   1.694,9999.000,9999.000,9999.000,9999.000,9999.000,9999.000,9999.000,9999.000
202607050812,   1.627,9999.000,9999.000,9999.000,9999.000,9999.000,9999.000,9999.000,9999.000
202607050818,   1.560,9999.000,9999.000,9999.000,9999.000,9999.000,9999.000,9999.000,9999.000
202607050824,   1.494,9999.000,9999.000,9999.000,9999.000,9999.000,9999.000,9999.000,9999.000
202607050830,   1.427,9999.000,9999.000,9999.000,9999.000,9999.000,9999.000,9999.000,9999.000
202607050836,   1.361,9999.000,9999.000,9999.000,9999.000,9999.000,9999.000,9999.000,9999.000
202607050842,   1.295,9999.000,9999.000,9999.000,9999.000,9999.000,9999.000,9999.000,9999.000
202607050848,   1.230,9999.000,9999.000,9999.000,9999.000,9999.000,9999.000,9999.000,9999.000
202607050854,   1.166,9999.000,9999.000,9999.000,9999.000,9999.000,9999.000,9999.000,9999.000
202607050900,   1.103,9999.000,   0.300,   0.117,   1.520,   0.200,   1.420,   0.400,   1.620
202607050906,   1.041,9999.000,9999.000,9999.000,9999.000,9999.000,9999.000,9999.000,9999.000
202607050912,   0.981,9999.000,9999.000,9999.000,9999.000,9999.000,9999.000,9999.000,9999.000
202607050918,   0.922,9999.000,9999.000,9999.000,9999.000,9999.000,9999.000,9999.000,9999.000
202607050924,   0.865,9999.000,9999.000,9999.000,9999.000,9999.000,9999.000,9999.000,9999.000
202607050930,   0.809,9999.000,9999.000,9999.000,9999.000,9999.000,9999.000,9999.000,9999.000
202607050936,   0.755,9999.000,9999.000,9999.000,9999.000,9999.000,9999.000,9999.000,9999.000
202607050942,   0.703,9999.000,9999.000,9999.000,9999.000,9999.000,9999.000,9999.000,9999.000
202607050948,   0.653,9999.000,9999.000,9999.000,9999.000,9999.000,9999.000,9999.000,9999.000
202607050954,   0.605,9999.000,9999.000,9999.000,9999.000,9999.000,9999.000,9999.000,9999.000
202607051000,   0.560,9999.000,   0.300,   0.117,   0.977,   0.200,   0.877,   0.400,   1.077
202607051006,   0.517,9999.000,9999.000,9999.000,9999.000,9999.000,9999.000,9999.000,9999.000
202607051012,   0.476,9999.000,9999.000,9999.000,9999.000,9999.000,9999.000,9999.000,9999.000
202607051018,   0.438,9999.000,9999.000,9999.000,9999.000,9999.000,9999.000,9999.000,9999.000
202607051024,   0.403,9999.000,9999.000,9999.000,9999.000,9999.000,9999.000,9999.000,9999.000
202607051030,   0.370,9999.000,9999.000,9999.000,9999.000,9999.000,9999.000,9999.000,9999.000
202607051036,   0.341,9999.000,9999.000,9999.000,9999.000,9999.000,9999.000,9999.000,9999.000
202607051042,   0.314,9999.000,9999.000,9999.000,9999.000,9999.000,9999.000,9999.000,9999.000
202607051048,   0.290,9999.000,9999.000,9999.000,9999.000,9999.000,9999.000,9999.000,9999.000
202607051054,   0.270,9999.000,9999.000,9999.000,9999.000,9999.000,9999.000,9999.000,9999.000
202607051100,   0.252,9999.000,   0.300,   0.117,   0.669,   0.200,   0.569,   0.400,   0.769
202607051106,   0.238,9999.000,9999.000,9999.000,9999.000,9999.000,9999.000,9999.000,9999.000
202607051112,   0.228,9999.000,9999.000,9999.000,9999.000,9999.000,9999.000,9999.000,9999.000
202607051118,   0.220,9999.000,9999.000,9999.000,9999.000,9999.000,9999.000,9999.000,9999.000
202607051124,   0.217,9999.000,9999.000,9999.000,9999.000,9999.000,9999.000,9999.000,9999.000
202607051130,   0.216,9999.000,9999.000,9999.000,9999.000,9999.000,9999.000,9999.000,9999.000
202607051136,   0.219,9999.000,9999.000,9999.000,9999.000,9999.000,9999.000,9999.000,9999.000
202607051142,   0.226,9999.000,9999.000,9999.000,9999.000,9999.000,9999.000,9999.000,9999.000
202607051148,   0.236,9999.000,9999.000,9999.000,9999.000,9999.000,9999.000,9999.000,9999.000
202607051154,   0.249,9999.000,9999.000,9999.000,9999.000,9999.000,9999.000,9999.000,9999.000
202607051200,   0.266,9999.000,   0.300,   0.117,   0.683,   0.200,   0.583,   0.400,   0.783
202607051206,   0.285,9999.000,9999.000,9999.000,9999.000,9999.000,9999.000,9999.000,9999.000
202607051212,   0.309,9999.000,9999.000,9999.000,9999.000,9999.000,9999.000,9999.000,9999.000
202607051218,   0.335,9999.000,9999.000,9999.000,9999.000,9999.000,9999.000,9999.000,9999.000
202607051224,   0.364,9999.000,9999.000,9999.000,9999.000,9999.000,9999.000,9999.000,9999.000
202607051230,   0.396,9999.000,9999.000,9999.000,9999.000,9999.000,9999.000,9999.000,9999.000
202607051236,   0.431,9999.000,9999.000,9999.000,9999.000,9999.000,9999.000,9999.000,9999.000
202607051242,   0.469,9999.000,9999.000,9999.000,9999.000,9999.000,9999.000,9999.000,9999.000
202607051248,   0.509,9999.000,9999.000,9999.000,9999.000,9999.000,9999.000,9999.000,9999.000
202607051254,   0.552,9999.000,9999.000,9999.000,9999.000,9999.000,9999.000,9999.000,9999.000
202607051300,   0.596,9999.000,   0.300,   0.117,   1.013,   0.200,   0.913,   0.400,   1.113
202607051306,   0.643,9999.000,9999.000,9999.000,9999.000,9999.000,9999.000,9999.000,9999.000
202607051312,   0.692,9999.000,9999.000,9999.000,9999.000,9999.000,9999.000,9999.000,9999.000
202607051318,   0.742,9999.000,9999.000,9999.000,9999.000,9999.000,9999.000,9999.000,9999.000
202607051324,   0.795,9999.000,9999.000,9999.000,9999.000,9999.000,9999.000,9999.000,9999.000
202607051330,   0.848,9999.000,9999.000,9999.000,9999.000,9999.000,9999.000,9999.000,9999.000
202607051336,   0.903,9999.000,9999.000,9999.000,9999.000,9999.000,9999.000,9999.000,9999.000
202607051342,   0.960,9999.000,9999.000,9999.000,9999.000,9999.000,9999.000,9999.000,9999.000
202607051348,   1.017,9999.000,9999.000,9999.000,9999.000,9999.000,9999.000,9999.000,9999.000
202607051354,   1.075,9999.000,9999.000,9999.000,9999.000,9999.000,9999.000,9999.000,9999.000
202607051400,   1.134,9999.000,   0.300,   0.117,   1.551,   0.200,   1.451,   0.400,   1.651
202607051406,   1.194,9999.000,9999.000,9999.000,9999.000,9999.000,9999.000,9999.000,9999.000
202607051412,   1.255,9999.000,9999.000,9999.000,9999.000,9999.000,9999.000,9999.000,9999.000
202607051418,   1.316,9999.000,9999.000,9999.000,9999.000,9999.000,9999.000,9999.000,9999.000
202607051424,   1.377,9999.000,9999.000,9999.000,9999.000,9999.000,9999.000,9999.000,9999.000
202607051430,   1.439,9999.000,9999.000,9999.000,9999.000,9999.000,9999.000,9999.000,9999.000
202607051436,   1.501,9999.000,9999.000,9999.000,9999.000,9999.000,9999.000,9999.000,9999.000
202607051442,   1.563,9999.000,9999.000,9999.000,9999.000,9999.000,9999.000,9999.000,9999.000
202607051448,   1.625,9999.000,9999.000,9999.000,9999.000,9999.000,9999.000,9999.000,9999.000
202607051454,   1.687,9999.000,9999.000,9999.000,9999.000,9999.000,9999.000,9999.000,9999.000
202607051500,   1.748,9999.000,   0.300,   0.117,   2.165,   0.300,   2.165,   0.400,   2.265
202607051506,   1.809,9999.000,9999.000,9999.000,9999.000,9999.000,9999.000,9999.000,9999.000
202607051512,   1.869,9999.000,9999.000,9999.000,9999.000,9999.000,9999.000,9999.000,9999.000
202607051518,   1.929,9999.000,9999.000,9999.000,9999.000,9999.000,9999.000,9999.000,9999.000
202607051524,   1.988,9999.000,9999.000,9999.000,9999.000,9999.000,9999.000,9999.000,9999.000
202607051530,   2.045,9999.000,9999.000,9999.000,9999.000,9999.000,9999.000,9999.000,9999.000
202607051536,   2.102,9999.000,9999.000,9999.000,9999.000,9999.000,9999.000,9999.000,9999.000
202607051542,   2.158,9999.000,9999.000,9999.000,9999.000,9999.000,9999.000,9999.000,9999.000
202607051548,   2.212,9999.000,9999.000,9999.000,9999.000,9999.000,9999.000,9999.000,9999.000
202607051554,   2.264,9999.000,9999.000,9999.000,9999.000,9999.000,9999.000,9999.000,9999.000
202607051600,   2.315,9999.000,   0.300,   0.117,   2.732,   0.300,   2.732,   0.400,   2.832
202607051606,   2.363,9999.000,9999.000,9999.000,9999.000,9999.000,9999.000,9999.000,9999.000
202607051612,   2.410,9999.000,9999.000,9999.000,9999.000,9999.000,9999.000,9999.000,9999.000
202607051618,   2.455,9999.000,9999.000,9999.000,9999.000,9999.000,9999.000,9999.000,9999.000
202607051624,   2.497,9999.000,9999.000,9999.000,9999.000,9999.000,9999.000,9999.000,9999.000
202607051630,   2.537,9999.000,9999.000,9999.000,9999.000,9999.000,9999.000,9999.000,9999.000
202607051636,   2.574,9999.000,9999.000,9999.000,9999.000,9999.000,9999.000,9999.000,9999.000
202607051642,   2.609,9999.000,9999.000,9999.000,9999.000,9999.000,9999.000,9999.000,9999.000
202607051648,   2.640,9999.000,9999.000,9999.000,9999.000,9999.000,9999.000,9999.000,9999.000
202607051654,   2.669,9999.000,9999.000,9999.000,9999.000,9999.000,9999.000,9999.000,9999.000
202607051700,   2.695,9999.000,   0.400,   0.117,   3.212,   0.300,   3.112,   0.400,   3.212
202607051706,   2.718,9999.000,9999.000,9999.000,9999.000,9999.000,9999.000,9999.000,9999.000
202607051712,   2.738,9999.000,9999.000,9999.000,9999.000,9999.000,9999.000,9999.000,9999.000
202607051718,   2.755,9999.000,9999.000,9999.000,9999.000,9999.000,9999.000,9999.000,9999.000
202607051724,   2.768,9999.000,9999.000,9999.000,9999.000,9999.000,9999.000,9999.000,9999.000
202607051730,   2.778,9999.000,9999.000,9999.000,9999.000,9999.000,9999.000,9999.000,9999.000
202607051736,   2.785,9999.000,9999.000,9999.000,9999.000,9999.000,9999.000,9999.000,9999.000
202607051742,   2.789,9999.000,9999.000,9999.000,9999.000,9999.000,9999.000,9999.000,9999.000
202607051748,   2.789,9999.000,9999.000,9999.000,9999.000,9999.000,9999.000,9999.000,9999.000
202607051754,   2.786,9999.000,9999.000,9999.000,9999.000,9999.000,9999.000,9999.000,9999.000
202607051800,   2.780,9999.000,   0.400,   0.117,   3.297,   0.300,   3.197,   0.400,   3.297
202607051806,   2.770,9999.000,9999.000,9999.000,9999.000,9999.000,9999.000,9999.000,9999.000
202607051812,   2.757,9999.000,9999.000,9999.000,9999.000,9999.000,9999.000,9999.000,9999.000
202607051818,   2.741,9999.000,9999.000,9999.000,9999.000,9999.000,9999.000,9999.000,9999.000
202607051824,   2.722,9999.000,9999.000,9999.000,9999.000,9999.000,9999.000,9999.000,9999.000
202607051830,   2.699,9999.000,9999.000,9999.000,9999.000,9999.000,9999.000,9999.000,9999.000
202607051836,   2.674,9999.000,9999.000,9999.000,9999.000,9999.000,9999.000,9999.000,9999.000
202607051842,   2.645,9999.000,9999.000,9999.000,9999.000,9999.000,9999.000,9999.000,9999.000
202607051848,   2.614,9999.000,9999.000,9999.000,9999.000,9999.000,9999.000,9999.000,9999.000
202607051854,   2.579,9999.000,9999.000,9999.000,9999.000,9999.000,9999.000,9999.000,9999.000
202607051900,   2.542,9999.000,   0.400,   0.117,   3.059,   0.300,   2.959,   0.400,   3.059
202607051906,   2.502,9999.000,9999.000,9999.000,9999.000,9999.000,9999.000,9999.000,9999.000
202607051912,   2.460,9999.000,9999.000,9999.000,9999.000,9999.000,9999.000,9999.000,9999.000
202607051918,   2.415,9999.000,9999.000,9999.000,9999.000,9999.000,9999.000,9999.000,9999.000
202607051924,   2.369,9999.000,9999.000,9999.000,9999.000,9999.000,9999.000,9999.000,9999.000
202607051930,   2.320,9999.000,9999.000,9999.000,9999.000,9999.000,9999.000,9999.000,9999.000
202607051936,   2.269,9999.000,9999.000,9999.000,9999.000,9999.000,9999.000,9999.000,9999.000
202607051942,   2.216,9999.000,9999.000,9999.000,9999.000,9999.000,9999.000,9999.000,9999.000
202607051948,   2.162,9999.000,9999.000,9999.000,9999.000,9999.000,9999.000,9999.000,9999.000
202607051954,   2.106,9999.000,9999.000,9999.000,9999.000,9999.000,9999.000,9999.000,9999.000
202607052000,   2.049,9999.000,   0.400,   0.117,   2.566,   0.300,   2.466,   0.400,   2.566
202607052006,   1.991,9999.000,9999.000,9999.000,9999.000,9999.000,9999.000,9999.000,9999.000
202607052012,   1.932,9999.000,9999.000,9999.000,9999.000,9999.000,9999.000,9999.000,9999.000
202607052018,   1.872,9999.000,9999.000,9999.000,9999.000,9999.000,9999.000,9999.000,9999.000
202607052024,   1.812,9999.000,9999.000,9999.000,9999.000,9999.000,9999.000,9999.000,9999.000
202607052030,   1.752,9999.000,9999.000,9999.000,9999.000,9999.000,9999.000,9999.000,9999.000
202607052036,   1.691,9999.000,9999.000,9999.000,9999.000,9999.000,9999.000,9999.000,9999.000
202607052042,   1.631,9999.000,9999.000,9999.000,9999.000,9999.000,9999.000,9999.000,9999.000
202607052048,   1.570,9999.000,9999.000,9999.000,9999.000,9999.000,9999.000,9999.000,9999.000
202607052054,   1.510,9999.000,9999.000,9999.000,9999.000,9999.000,9999.000,9999.000,9999.000
202607052100,   1.451,9999.000,   0.400,   0.117,   1.968,   0.400,   1.968,   0.500,   2.068
202607052106,   1.393,9999.000,9999.000,9999.000,9999.000,9999.000,9999.000,9999.000,9999.000
202607052112,   1.335,9999.000,9999.000,9999.000,9999.000,9999.000,9999.000,9999.000,9999.000
202607052118,   1.278,9999.000,9999.000,9999.000,9999.000,9999.000,9999.000,9999.000,9999.000
202607052124,   1.222,9999.000,9999.000,9999.000,9999.000,9999.000,9999.000,9999.000,9999.000
202607052130,   1.168,9999.000,9999.000,9999.000,9999.000,9999.000,9999.000,9999.000,9999.000
202607052136,   1.114,9999.000,9999.000,9999.000,9999.000,9999.000,9999.000,9999.000,9999.000
202607052142,   1.063,9999.000,9999.000,9999.000,9999.000,9999.000,9999.000,9999.000,9999.000
202607052148,   1.012,9999.000,9999.000,9999.000,9999.000,9999.000,9999.000,9999.000,9999.000
202607052154,   0.963,9999.000,9999.000,9999.000,9999.000,9999.000,9999.000,9999.000,9999.000
202607052200,   0.916,9999.000,   0.400,   0.117,   1.433,   0.400,   1.433,   0.500,   1.533
202607052206,   0.871,9999.000,9999.000,9999.000,9999.000,9999.000,9999.000,9999.000,9999.000
202607052212,   0.827,9999.000,9999.000,9999.000,9999.000,9999.000,9999.000,9999.000,9999.000
202607052218,   0.786,9999.000,9999.000,9999.000,9999.000,9999.000,9999.000,9999.000,9999.000
202607052224,   0.746,9999.000,9999.000,9999.000,9999.000,9999.000,9999.000,9999.000,9999.000
202607052230,   0.708,9999.000,9999.000,9999.000,9999.000,9999.000,9999.000,9999.000,9999.000
202607052236,   0.672,9999.000,9999.000,9999.000,9999.000,9999.000,9999.000,9999.000,9999.000
202607052242,   0.639,9999.000,9999.000,9999.000,9999.000,9999.000,9999.000,9999.000,9999.000
202607052248,   0.608,9999.000,9999.000,9999.000,9999.000,9999.000,9999.000,9999.000,9999.000
202607052254,   0.579,9999.000,9999.000,9999.000,9999.000,9999.000,9999.000,9999.000,9999.000
202607052300,   0.552,9999.000,   0.400,   0.117,   1.069,   0.300,   0.969,   0.500,   1.169
202607052306,   0.528,9999.000,9999.000,9999.000,9999.000,9999.000,9999.000,9999.000,9999.000
202607052312,   0.507,9999.000,9999.000,9999.000,9999.000,9999.000,9999.000,9999.000,9999.000
202607052318,   0.488,9999.000,9999.000,9999.000,9999.000,9999.000,9999.000,9999.000,9999.000
202607052324,   0.472,9999.000,9999.000,9999.000,9999.000,9999.000,9999.000,9999.000,9999.000
202607052330,   0.458,9999.000,9999.000,9999.000,9999.000,9999.000,9999.000,9999.000,9999.000
202607052336,   0.448,9999.000,9999.000,9999.000,9999.000,9999.000,9999.000,9999.000,9999.000
202607052342,   0.440,9999.000,9999.000,9999.000,9999.000,9999.000,9999.000,9999.000,9999.000
202607052348,   0.436,9999.000,9999.000,9999.000,9999.000,9999.000,9999.000,9999.000,9999.000
202607052354,   0.434,9999.000,9999.000,9999.000,9999.000,9999.000,9999.000,9999.000,9999.000
202607060000,   0.436,9999.000,   0.400,   0.117,   0.953,   0.300,   0.853,   0.500,   1.053
202607060006,   0.440,9999.000,9999.000,9999.000,9999.000,9999.000,9999.000,9999.000,9999.000
202607060012,   0.448,9999.000,9999.000,9999.000,9999.000,9999.000,9999.000,9999.000,9999.000
202607060018,   0.459,9999.000,9999.000,9999.000,9999.000,9999.000,9999.000,9999.000,9999.000
202607060024,   0.473,9999.000,9999.000,9999.000,9999.000,9999.000,9999.000,9999.000,9999.000
202607060030,   0.490,9999.000,9999.000,9999.000,9999.000,9999.000,9999.000,9999.000,9999.000
202607060036,   0.510,9999.000,9999.000,9999.000,9999.000,9999.000,9999.000,9999.000,9999.000
202607060042,   0.533,9999.000,9999.000,9999.000,9999.000,9999.000,9999.000,9999.000,9999.000
202607060048,   0.559,9999.000,9999.000,9999.000,9999.000,9999.000,9999.000,9999.000,9999.000
202607060054,   0.588,9999.000,9999.000,9999.000,9999.000,9999.000,9999.000,9999.000,9999.000
202607060100,   0.619,9999.000,   0.400,   0.117,   1.136,   0.300,   1.036,   0.500,   1.236
202607060106,   0.653,9999.000,9999.000,9999.000,9999.000,9999.000,9999.000,9999.000,9999.000
202607060112,   0.689,9999.000,9999.000,9999.000,9999.000,9999.000,9999.000,9999.000,9999.000
202607060118,   0.728,9999.000,9999.000,9999.000,9999.000,9999.000,9999.000,9999.000,9999.000
202607060124,   0.769,9999.000,9999.000,9999.000,9999.000,9999.000,9999.000,9999.000,9999.000
202607060130,   0.812,9999.000,9999.000,9999.000,9999.000,9999.000,9999.000,9999.000,9999.000
202607060136,   0.857,9999.000,9999.000,9999.000,9999.000,9999.000,9999.000,9999.000,9999.000
202607060142,   0.904,9999.000,9999.000,9999.000,9999.000,9999.000,9999.000,9999.000,9999.000
202607060148,   0.953,9999.000,9999.000,9999.000,9999.000,9999.000,9999.000,9999.000,9999.000
202607060154,   1.003,9999.000,9999.000,9999.000,9999.000,9999.000,9999.000,9999.000,9999.000
202607060200,   1.054,9999.000,   0.400,   0.117,   1.571,   0.300,   1.471,   0.500,   1.671
202607060206,   1.107,9999.000,9999.000,9999.000,9999.000,9999.000,9999.000,9999.000,9999.000
202607060212,   1.160,9999.000,9999.000,9999.000,9999.000,9999.000,9999.000,9999.000,9999.000
202607060218,   1.215,9999.000,9999.000,9999.000,9999.000,9999.000,9999.000,9999.000,9999.000
202607060224,   1.271,9999.000,9999.000,9999.000,9999.000,9999.000,9999.000,9999.000,9999.000
202607060230,   1.327,9999.000,9999.000,9999.000,9999.000,9999.000,9999.000,9999.000,9999.000
202607060236,   1.384,9999.000,9999.000,9999.000,9999.000,9999.000,9999.000,9999.000,9999.000
202607060242,   1.441,9999.000,9999.000,9999.000,9999.000,9999.000,9999.000,9999.000,9999.000
202607060248,   1.498,9999.000,9999.000,9999.000,9999.000,9999.000,9999.000,9999.000,9999.000
202607060254,   1.556,9999.000,9999.000,9999.000,9999.000,9999.000,9999.000,9999.000,9999.000
202607060300,   1.614,9999.000,   0.400,   0.117,   2.131,   0.200,   1.931,   0.500,   2.231
202607060306,   1.672,9999.000,9999.000,9999.000,9999.000,9999.000,9999.000,9999.000,9999.000
202607060312,   1.729,9999.000,9999.000,9999.000,9999.000,9999.000,9999.000,9999.000,9999.000
202607060318,   1.787,9999.000,9999.000,9999.000,9999.000,9999.000,9999.000,9999.000,9999.000
202607060324,   1.844,9999.000,9999.000,9999.000,9999.000,9999.000,9999.000,9999.000,9999.000
202607060330,   1.900,9999.000,9999.000,9999.000,9999.000,9999.000,9999.000,9999.000,9999.000
202607060336,   1.956,9999.000,9999.000,9999.000,9999.000,9999.000,9999.000,9999.000,9999.000
202607060342,   2.011,9999.000,9999.000,9999.000,9999.000,9999.000,9999.000,9999.000,9999.000
202607060348,   2.066,9999.000,9999.000,9999.000,9999.000,9999.000,9999.000,9999.000,9999.000
202607060354,   2.119,9999.000,9999.000,9999.000,9999.000,9999.000,9999.000,9999.000,9999.000
202607060400,   2.171,9999.000,   0.300,   0.117,   2.588,   0.200,   2.488,   0.500,   2.788
202607060406,   2.222,9999.000,9999.000,9999.000,9999.000,9999.000,9999.000,9999.000,9999.000
202607060412,   2.271,9999.000,9999.000,9999.000,9999.000,9999.000,9999.000,9999.000,9999.000
202607060418,   2.319,9999.000,9999.000,9999.000,9999.000,9999.000,9999.000,9999.000,9999.000
202607060424,   2.365,9999.000,9999.000,9999.000,9999.000,9999.000,9999.000,9999.000,9999.000
202607060430,   2.409,9999.000,9999.000,9999.000,9999.000,9999.000,9999.000,9999.000,9999.000
202607060436,   2.451,9999.000,9999.000,9999.000,9999.000,9999.000,9999.000,9999.000,9999.000
202607060442,   2.491,9999.000,9999.000,9999.000,9999.000,9999.000,9999.000,9999.000,9999.000
202607060448,   2.529,9999.000,9999.000,9999.000,9999.000,9999.000,9999.000,9999.000,9999.000
202607060454,   2.564,9999.000,9999.000,9999.000,9999.000,9999.000,9999.000,9999.000,9999.000
202607060500,   2.597,9999.000,   0.300,   0.117,   3.014,   0.200,   2.914,   0.500,   3.214
202607060506,   2.628,9999.000,9999.000,9999.000,9999.000,9999.000,9999.000,9999.000,9999.000
202607060512,   2.655,9999.000,9999.000,9999.000,9999.000,9999.000,9999.000,9999.000,9999.000
202607060518,   2.680,9999.000,9999.000,9999.000,9999.000,9999.000,9999.000,9999.000,9999.000
202607060524,   2.702,9999.000,9999.000,9999.000,9999.000,9999.000,9999.000,9999.000,9999.000
202607060530,   2.720,9999.000,9999.000,9999.000,9999.000,9999.000,9999.000,9999.000,9999.000
202607060536,   2.736,9999.000,9999.000,9999.000,9999.000,9999.000,9999.000,9999.000,9999.000
202607060542,   2.748,9999.000,9999.000,9999.000,9999.000,9999.000,9999.000,9999.000,9999.000
202607060548,   2.758,9999.000,9999.000,9999.000,9999.000,9999.000,9999.000,9999.000,9999.000
202607060554,   2.763,9999.000,9999.000,9999.000,9999.000,9999.000,9999.000,9999.000,9999.000
202607060600,   2.766,9999.000,   0.300,   0.117,   3.183,   0.200,   3.083,   0.500,   3.383
202607060606,   2.765,9999.000,9999.000,9999.000,9999.000,9999.000,9999.000,9999.000,9999.000
202607060612,   2.761,9999.000,9999.000,9999.000,9999.000,9999.000,9999.000,9999.000,9999.000
202607060618,   2.753,9999.000,9999.000,9999.000,9999.000,9999.000,9999.000,9999.000,9999.000
202607060624,   2.742,9999.000,9999.000,9999.000,9999.000,9999.000,9999.000,9999.000,9999.000
202607060630,   2.728,9999.000,9999.000,9999.000,9999.000,9999.000,9999.000,9999.000,9999.000
202607060636,   2.710,9999.000,9999.000,9999.000,9999.000,9999.000,9999.000,9999.000,9999.000
202607060642,   2.689,9999.000,9999.000,9999.000,9999.000,9999.000,9999.000,9999.000,9999.000
202607060648,   2.664,9999.000,9999.000,9999.000,9999.000,9999.000,9999.000,9999.000,9999.000
202607060654,   2.636,9999.000,9999.000,9999.000,9999.000,9999.000,9999.000,9999.000,9999.000
202607060700,   2.605,9999.000,   0.400,   0.117,   3.122,   0.200,   2.922,   0.500,   3.222
202607060706,   2.571,9999.000,9999.000,9999.000,9999.000,9999.000,9999.000,9999.000,9999.000
202607060712,   2.534,9999.000,9999.000,9999.000,9999.000,9999.000,9999.000,9999.000,9999.000
202607060718,   2.494,9999.000,9999.000,9999.000,9999.000,9999.000,9999.000,9999.000,9999.000
202607060724,   2.450,9999.000,9999.000,9999.000,9999.000,9999.000,9999.000,9999.000,9999.000
202607060730,   2.405,9999.000,9999.000,9999.000,9999.000,9999.000,9999.000,9999.000,9999.000
202607060736,   2.356,9999.000,9999.000,9999.000,9999.000,9999.000,9999.000,9999.000,9999.000
202607060742,   2.305,9999.000,9999.000,9999.000,9999.000,9999.000,9999.000,9999.000,9999.000
202607060748,   2.252,9999.000,9999.000,9999.000,9999.000,9999.000,9999.000,9999.000,9999.000
202607060754,   2.197,9999.000,9999.000,9999.000,9999.000,9999.000,9999.000,9999.000,9999.000
202607060800,   2.139,9999.000,   0.400,   0.117,   2.656,   0.200,   2.456,   0.500,   2.756
202607060806,   2.080,9999.000,9999.000,9999.000,9999.000,9999.000,9999.000,9999.000,9999.000
202607060812,   2.020,9999.000,9999.000,9999.000,9999.000,9999.000,9999.000,9999.000,9999.000
202607060818,   1.958,9999.000,9999.000,9999.000,9999.000,9999.000,9999.000,9999.000,9999.000
202607060824,   1.895,9999.000,9999.000,9999.000,9999.000,9999.000,9999.000,9999.000,9999.000
202607060830,   1.831,9999.000,9999.000,9999.000,9999.000,9999.000,9999.000,9999.000,9999.000
202607060836,   1.766,9999.000,9999.000,9999.000,9999.000,9999.000,9999.000,9999.000,9999.000
202607060842,   1.701,9999.000,9999.000,9999.000,9999.000,9999.000,9999.000,9999.000,9999.000
202607060848,   1.636,9999.000,9999.000,9999.000,9999.000,9999.000,9999.000,9999.000,9999.000
202607060854,   1.570,9999.000,9999.000,9999.000,9999.000,9999.000,9999.000,9999.000,9999.000
202607060900,   1.505,9999.000,   0.400,   0.117,   2.022,   0.300,   1.922,   0.500,   2.122
202607060906,   1.440,9999.000,9999.000,9999.000,9999.000,9999.000,9999.000,9999.000,9999.000
202607060912,   1.375,9999.000,9999.000,9999.000,9999.000,9999.000,9999.000,9999.000,9999.000
202607060918,   1.311,9999.000,9999.000,9999.000,9999.000,9999.000,9999.000,9999.000,9999.000
202607060924,   1.248,9999.000,9999.000,9999.000,9999.000,9999.000,9999.000,9999.000,9999.000
202607060930,   1.186,9999.000,9999.000,9999.000,9999.000,9999.000,9999.000,9999.000,9999.000
202607060936,   1.125,9999.000,9999.000,9999.000,9999.000,9999.000,9999.000,9999.000,9999.000
202607060942,   1.065,9999.000,9999.000,9999.000,9999.000,9999.000,9999.000,9999.000,9999.000
202607060948,   1.006,9999.000,9999.000,9999.000,9999.000,9999.000,9999.000,9999.000,9999.000
202607060954,   0.949,9999.000,9999.000,9999.000,9999.000,9999.000,9999.000,9999.000,9999.000
202607061000,   0.894,9999.000,   0.400,   0.117,   1.411,   0.300,   1.311,   0.500,   1.511
202607061006,   0.840,9999.000,9999.000,9999.000,9999.000,9999.000,9999.000,9999.000,9999.000
202607061012,   0.788,9999.000,9999.000,9999.000,9999.000,9999.000,9999.000,9999.000,9999.000
202607061018,   0.737,9999.000,9999.000,9999.000,9999.000,9999.000,9999.000,9999.000,9999.000
202607061024,   0.689,9999.000,9999.000,9999.000,9999.000,9999.000,9999.000,9999.000,9999.000
202607061030,   0.642,9999.000,9999.000,9999.000,9999.000,9999.000,9999.000,9999.000,9999.000
202607061036,   0.597,9999.000,9999.000,9999.000,9999.000,9999.000,9999.000,9999.000,9999.000
202607061042,   0.555,9999.000,9999.000,9999.000,9999.000,9999.000,9999.000,9999.000,9999.000
202607061048,   0.514,9999.000,9999.000,9999.000,9999.000,9999.000,9999.000,9999.000,9999.000
202607061054,   0.476,9999.000,9999.000,9999.000,9999.000,9999.000,9999.000,9999.000,9999.000
202607061100,   0.439,9999.000,   0.400,   0.117,   0.956,   0.300,   0.856,   0.500,   1.056
202607061106,   0.405,9999.000,9999.000,9999.000,9999.000,9999.000,9999.000,9999.000,9999.000
202607061112,   0.374,9999.000,9999.000,9999.000,9999.000,9999.000,9999.000,9999.000,9999.000
202607061118,   0.345,9999.000,9999.000,9999.000,9999.000,9999.000,9999.000,9999.000,9999.000
202607061124,   0.318,9999.000,9999.000,9999.000,9999.000,9999.000,9999.000,9999.000,9999.000
202607061130,   0.295,9999.000,9999.000,9999.000,9999.000,9999.000,9999.000,9999.000,9999.000
202607061136,   0.274,9999.000,9999.000,9999.000,9999.000,9999.000,9999.000,9999.000,9999.000
202607061142,   0.255,9999.000,9999.000,9999.000,9999.000,9999.000,9999.000,9999.000,9999.000
202607061148,   0.240,9999.000,9999.000,9999.000,9999.000,9999.000,9999.000,9999.000,9999.000
202607061154,   0.228,9999.000,9999.000,9999.000,9999.000,9999.000,9999.000,9999.000,9999.000
202607061200,   0.219,9999.000,   0.500,   0.117,   0.836,   0.300,   0.636,   0.500,   0.836
202607061206,   0.213,9999.000,9999.000,9999.000,9999.000,9999.000,9999.000,9999.000,9999.000
202607061212,   0.210,9999.000,9999.000,9999.000,9999.000,9999.000,9999.000,9999.000,9999.000
202607061218,   0.211,9999.000,9999.000,9999.000,9999.000,9999.000,9999.000,9999.000,9999.000
202607061224,   0.215,9999.000,9999.000,9999.000,9999.000,9999.000,9999.000,9999.000,9999.000
202607061230,   0.222,9999.000,9999.000,9999.000,9999.000,9999.000,9999.000,9999.000,9999.000
202607061236,   0.233,9999.000,9999.000,9999.000,9999.000,9999.000,9999.000,9999.000,9999.000
202607061242,   0.248,9999.000,9999.000,9999.000,9999.000,9999.000,9999.000,9999.000,9999.000
202607061248,   0.266,9999.000,9999.000,9999.000,9999.000,9999.000,9999.000,9999.000,9999.000
202607061254,   0.287,9999.000,9999.000,9999.000,9999.000,9999.000,9999.000,9999.000,9999.000
202607061300,   0.312,9999.000,   0.500,   0.117,   0.929,   0.400,   0.829,   0.500,   0.929
202607061306,   0.340,9999.000,9999.000,9999.000,9999.000,9999.000,9999.000,9999.000,9999.000
202607061312,   0.371,9999.000,9999.000,9999.000,9999.000,9999.000,9999.000,9999.000,9999.000
202607061318,   0.406,9999.000,9999.000,9999.000,9999.000,9999.000,9999.000,9999.000,9999.000
202607061324,   0.443,9999.000,9999.000,9999.000,9999.000,9999.000,9999.000,9999.000,9999.000
202607061330,   0.484,9999.000,9999.000,9999.000,9999.000,9999.000,9999.000,9999.000,9999.000
202607061336,   0.527,9999.000,9999.000,9999.000,9999.000,9999.000,9999.000,9999.000,9999.000
202607061342,   0.573,9999.000,9999.000,9999.000,9999.000,9999.000,9999.000,9999.000,9999.000
202607061348,   0.621,9999.000,9999.000,9999.000,9999.000,9999.000,9999.000,9999.000,9999.000
202607061354,   0.672,9999.000,9999.000,9999.000,9999.000,9999.000,9999.000,9999.000,9999.000
202607061400,   0.724,9999.000,   0.500,   0.117,   1.341,   0.400,   1.241,   0.600,   1.441
202607061406,   0.779,9999.000,9999.000,9999.000,9999.000,9999.000,9999.000,9999.000,9999.000
202607061412,   0.836,9999.000,9999.000,9999.000,9999.000,9999.000,9999.000,9999.000,9999.000
202607061418,   0.894,9999.000,9999.000,9999.000,9999.000,9999.000,9999.000,9999.000,9999.000
202607061424,   0.953,9999.000,9999.000,9999.000,9999.000,9999.000,9999.000,9999.000,9999.000
202607061430,   1.014,9999.000,9999.000,9999.000,9999.000,9999.000,9999.000,9999.000,9999.000
202607061436,   1.076,9999.000,9999.000,9999.000,9999.000,9999.000,9999.000,9999.000,9999.000
202607061442,   1.139,9999.000,9999.000,9999.000,9999.000,9999.000,9999.000,9999.000,9999.000
202607061448,   1.202,9999.000,9999.000,9999.000,9999.000,9999.000,9999.000,9999.000,9999.000
202607061454,   1.266,9999.000,9999.000,9999.000,9999.000,9999.000,9999.000,9999.000,9999.000
202607061500,   1.331,9999.000,   0.500,   0.117,   1.948,   0.400,   1.848,   0.600,   2.048
202607061506,   1.396,9999.000,9999.000,9999.000,9999.000,9999.000,9999.000,9999.000,9999.000
202607061512,   1.461,9999.000,9999.000,9999.000,9999.000,9999.000,9999.000,9999.000,9999.000
202607061518,   1.526,9999.000,9999.000,9999.000,9999.000,9999.000,9999.000,9999.000,9999.000
202607061524,   1.591,9999.000,9999.000,9999.000,9999.000,9999.000,9999.000,9999.000,9999.000
202607061530,   1.655,9999.000,9999.000,9999.000,9999.000,9999.000,9999.000,9999.000,9999.000
202607061536,   1.719,9999.000,9999.000,9999.000,9999.000,9999.000,9999.000,9999.000,9999.000
202607061542,   1.783,9999.000,9999.000,9999.000,9999.000,9999.000,9999.000,9999.000,9999.000
202607061548,   1.846,9999.000,9999.000,9999.000,9999.000,9999.000,9999.000,9999.000,9999.000
202607061554,   1.909,9999.000,9999.000,9999.000,9999.000,9999.000,9999.000,9999.000,9999.000
202607061600,   1.970,9999.000,   0.500,   0.117,   2.587,   0.400,   2.487,   0.600,   2.687
202607061606,   2.031,9999.000,9999.000,9999.000,9999.000,9999.000,9999.000,9999.000,9999.000
202607061612,   2.090,9999.000,9999.000,9999.000,9999.000,9999.000,9999.000,9999.000,9999.000
202607061618,   2.148,9999.000,9999.000,9999.000,9999.000,9999.000,9999.000,9999.000,9999.000
202607061624,   2.205,9999.000,9999.000,9999.000,9999.000,9999.000,9999.000,9999.000,9999.000
202607061630,   2.261,9999.000,9999.000,9999.000,9999.000,9999.000,9999.000,9999.000,9999.000
202607061636,   2.315,9999.000,9999.000,9999.000,9999.000,9999.000,9999.000,9999.000,9999.000
202607061642,   2.367,9999.000,9999.000,9999.000,9999.000,9999.000,9999.000,9999.000,9999.000
202607061648,   2.417,9999.000,9999.000,9999.000,9999.000,9999.000,9999.000,9999.000,9999.000
202607061654,   2.466,9999.000,9999.000,9999.000,9999.000,9999.000,9999.000,9999.000,9999.000
202607061700,   2.512,9999.000,   0.500,   0.117,   3.129,   0.400,   3.029,   0.600,   3.229
202607061706,   2.556,9999.000,9999.000,9999.000,9999.000,9999.000,9999.000,9999.000,9999.000
202607061712,   2.598,9999.000,9999.000,9999.000,9999.000,9999.000,9999.000,9999.000,9999.000
202607061718,   2.637,9999.000,9999.000,9999.000,9999.000,9999.000,9999.000,9999.000,9999.000
202607061724,   2.674,9999.000,9999.000,9999.000,9999.000,9999.000,9999.000,9999.000,9999.000
202607061730,   2.708,9999.000,9999.000,9999.000,9999.000,9999.000,9999.000,9999.000,9999.000
202607061736,   2.740,9999.000,9999.000,9999.000,9999.000,9999.000,9999.000,9999.000,9999.000
202607061742,   2.768,9999.000,9999.000,9999.000,9999.000,9999.000,9999.000,9999.000,9999.000
202607061748,   2.793,9999.000,9999.000,9999.000,9999.000,9999.000,9999.000,9999.000,9999.000
202607061754,   2.816,9999.000,9999.000,9999.000,9999.000,9999.000,9999.000,9999.000,9999.000
202607061800,   2.835,9999.000,   0.500,   0.117,   3.452,   0.400,   3.352,   0.600,   3.552
202607061806,   2.851,9999.000,9999.000,9999.000,9999.000,9999.000,9999.000,9999.000,9999.000
202607061812,   2.864,9999.000,9999.000,9999.000,9999.000,9999.000,9999.000,9999.000,9999.000
202607061818,   2.873,9999.000,9999.000,9999.000,9999.000,9999.000,9999.000,9999.000,9999.000
202607061824,   2.880,9999.000,9999.000,9999.000,9999.000,9999.000,9999.000,9999.000,9999.000
202607061830,   2.882,9999.000,9999.000,9999.000,9999.000,9999.000,9999.000,9999.000,9999.000
202607061836,   2.882,9999.000,9999.000,9999.000,9999.000,9999.000,9999.000,9999.000,9999.000
202607061842,   2.877,9999.000,9999.000,9999.000,9999.000,9999.000,9999.000,9999.000,9999.000
202607061848,   2.870,9999.000,9999.000,9999.000,9999.000,9999.000,9999.000,9999.000,9999.000
202607061854,   2.859,9999.000,9999.000,9999.000,9999.000,9999.000,9999.000,9999.000,9999.000
202607061900,   2.844,9999.000,   0.500,   0.117,   3.461,   0.400,   3.361,   0.600,   3.561
202607061906,   2.827,9999.000,9999.000,9999.000,9999.000,9999.000,9999.000,9999.000,9999.000
202607061912,   2.805,9999.000,9999.000,9999.000,9999.000,9999.000,9999.000,9999.000,9999.000
202607061918,   2.781,9999.000,9999.000,9999.000,9999.000,9999.000,9999.000,9999.000,9999.000
202607061924,   2.754,9999.000,9999.000,9999.000,9999.000,9999.000,9999.000,9999.000,9999.000
202607061930,   2.723,9999.000,9999.000,9999.000,9999.000,9999.000,9999.000,9999.000,9999.000
202607061936,   2.689,9999.000,9999.000,9999.000,9999.000,9999.000,9999.000,9999.000,9999.000
202607061942,   2.653,9999.000,9999.000,9999.000,9999.000,9999.000,9999.000,9999.000,9999.000
202607061948,   2.613,9999.000,9999.000,9999.000,9999.000,9999.000,9999.000,9999.000,9999.000
202607061954,   2.572,9999.000,9999.000,9999.000,9999.000,9999.000,9999.000,9999.000,9999.000
202607062000,   2.527,9999.000,   0.500,   0.117,   3.144,   0.500,   3.144,   0.600,   3.244
202607062006,   2.480,9999.000,9999.000,9999.000,9999.000,9999.000,9999.000,9999.000,9999.000
202607062012,   2.432,9999.000,9999.000,9999.000,9999.000,9999.000,9999.000,9999.000,9999.000
202607062018,   2.381,9999.000,9999.000,9999.000,9999.000,9999.000,9999.000,9999.000,9999.000
202607062024,   2.328,9999.000,9999.000,9999.000,9999.000,9999.000,9999.000,9999.000,9999.000
202607062030,   2.274,9999.000,9999.000,9999.000,9999.000,9999.000,9999.000,9999.000,9999.000
202607062036,   2.219,9999.000,9999.000,9999.000,9999.000,9999.000,9999.000,9999.000,9999.000
202607062042,   2.162,9999.000,9999.000,9999.000,9999.000,9999.000,9999.000,9999.000,9999.000
202607062048,   2.104,9999.000,9999.000,9999.000,9999.000,9999.000,9999.000,9999.000,9999.000
202607062054,   2.046,9999.000,9999.000,9999.000,9999.000,9999.000,9999.000,9999.000,9999.000
202607062100,   1.987,9999.000,   0.600,   0.117,   2.704,   0.500,   2.604,   0.700,   2.804
202607062106,   1.927,9999.000,9999.000,9999.000,9999.000,9999.000,9999.000,9999.000,9999.000
202607062112,   1.868,9999.000,9999.000,9999.000,9999.000,9999.000,9999.000,9999.000,9999.000
202607062118,   1.808,9999.000,9999.000,9999.000,9999.000,9999.000,9999.000,9999.000,9999.000
202607062124,   1.749,9999.000,9999.000,9999.000,9999.000,9999.000,9999.000,9999.000,9999.000
202607062130,   1.689,9999.000,9999.000,9999.000,9999.000,9999.000,9999.000,9999.000,9999.000
202607062136,   1.631,9999.000,9999.000,9999.000,9999.000,9999.000,9999.000,9999.000,9999.000
202607062142,   1.572,9999.000,9999.000,9999.000,9999.000,9999.000,9999.000,9999.000,9999.000
202607062148,   1.515,9999.000,9999.000,9999.000,9999.000,9999.000,9999.000,9999.000,9999.000
202607062154,   1.458,9999.000,9999.000,9999.000,9999.000,9999.000,9999.000,9999.000,9999.000
202607062200,   1.402,9999.000,   0.600,   0.117,   2.119,   0.500,   2.019,   0.700,   2.219
202607062206,   1.347,9999.000,9999.000,9999.000,9999.000,9999.000,9999.000,9999.000,9999.000
202607062212,   1.294,9999.000,9999.000,9999.000,9999.000,9999.000,9999.000,9999.000,9999.000
202607062218,   1.241,9999.000,9999.000,9999.000,9999.000,9999.000,9999.000,9999.000,9999.000
202607062224,   1.189,9999.000,9999.000,9999.000,9999.000,9999.000,9999.000,9999.000,9999.000
202607062230,   1.139,9999.000,9999.000,9999.000,9999.000,9999.000,9999.000,9999.000,9999.000
202607062236,   1.090,9999.000,9999.000,9999.000,9999.000,9999.000,9999.000,9999.000,9999.000
202607062242,   1.042,9999.000,9999.000,9999.000,9999.000,9999.000,9999.000,9999.000,9999.000
202607062248,   0.996,9999.000,9999.000,9999.000,9999.000,9999.000,9999.000,9999.000,9999.000
202607062254,   0.951,9999.000,9999.000,9999.000,9999.000,9999.000,9999.000,9999.000,9999.000
202607062300,   0.907,9999.000,   0.600,   0.117,   1.624,   0.500,   1.524,   0.700,   1.724
202607062306,   0.865,9999.000,9999.000,9999.000,9999.000,9999.000,9999.000,9999.000,9999.000
202607062312,   0.824,9999.000,9999.000,9999.000,9999.000,9999.000,9999.000,9999.000,9999.000
202607062318,   0.785,9999.000,9999.000,9999.000,9999.000,9999.000,9999.000,9999.000,9999.000
202607062324,   0.748,9999.000,9999.000,9999.000,9999.000,9999.000,9999.000,9999.000,9999.000
202607062330,   0.712,9999.000,9999.000,9999.000,9999.000,9999.000,9999.000,9999.000,9999.000
202607062336,   0.678,9999.000,9999.000,9999.000,9999.000,9999.000,9999.000,9999.000,9999.000
202607062342,   0.646,9999.000,9999.000,9999.000,9999.000,9999.000,9999.000,9999.000,9999.000
202607062348,   0.616,9999.000,9999.000,9999.000,9999.000,9999.000,9999.000,9999.000,9999.000
202607062354,   0.588,9999.000,9999.000,9999.000,9999.000,9999.000,9999.000,9999.000,9999.000
202607070000,   0.562,9999.000,   0.600,   0.117,   1.279,   0.500,   1.179,   0.700,   1.379
202607070006,   0.538,9999.000,9999.000,9999.000,9999.000,9999.000,9999.000,9999.000,9999.000
202607070012,   0.517,9999.000,9999.000,9999.000,9999.000,9999.000,9999.000,9999.000,9999.000
202607070018,   0.499,9999.000,9999.000,9999.000,9999.000,9999.000,9999.000,9999.000,9999.000
202607070024,   0.483,9999.000,9999.000,9999.000,9999.000,9999.000,9999.000,9999.000,9999.000
202607070030,   0.470,9999.000,9999.000,9999.000,9999.000,9999.000,9999.000,9999.000,9999.000
202607070036,   0.460,9999.000,9999.000,9999.000,9999.000,9999.000,9999.000,9999.000,9999.000
202607070042,   0.452,9999.000,9999.000,9999.000,9999.000,9999.000,9999.000,9999.000,9999.000
202607070048,   0.448,9999.000,9999.000,9999.000,9999.000,9999.000,9999.000,9999.000,9999.000
202607070054,   0.447,9999.000,9999.000,9999.000,9999.000,9999.000,9999.000,9999.000,9999.000
202607070100,   0.450,9999.000,   0.600,   0.117,   1.167,   0.500,   1.067,   0.700,   1.267
202607070106,   0.455,9999.000,9999.000,9999.000,9999.000,9999.000,9999.000,9999.000,9999.000
202607070112,   0.464,9999.000,9999.000,9999.000,9999.000,9999.000,9999.000,9999.000,9999.000
202607070118,   0.476,9999.000,9999.000,9999.000,9999.000,9999.000,9999.000,9999.000,9999.000
202607070124,   0.492,9999.000,9999.000,9999.000,9999.000,9999.000,9999.000,9999.000,9999.000
202607070130,   0.511,9999.000,9999.000,9999.000,9999.000,9999.000,9999.000,9999.000,9999.000
202607070136,   0.532,9999.000,9999.000,9999.000,9999.000,9999.000,9999.000,9999.000,9999.000
202607070142,   0.557,9999.000,9999.000,9999.000,9999.000,9999.000,9999.000,9999.000,9999.000
202607070148,   0.585,9999.000,9999.000,9999.000,9999.000,9999.000,9999.000,9999.000,9999.000
202607070154,   0.616,9999.000,9999.000,9999.000,9999.000,9999.000,9999.000,9999.000,9999.000
202607070200,   0.650,9999.000,   0.600,   0.117,   1.367,   0.400,   1.167,   0.700,   1.467
202607070206,   0.686,9999.000,9999.000,9999.000,9999.000,9999.000,9999.000,9999.000,9999.000
202607070212,   0.725,9999.000,9999.000,9999.000,9999.000,9999.000,9999.000,9999.000,9999.000
202607070218,   0.766,9999.000,9999.000,9999.000,9999.000,9999.000,9999.000,9999.000,9999.000
202607070224,   0.809,9999.000,9999.000,9999.000,9999.000,9999.000,9999.000,9999.000,9999.000
202607070230,   0.854,9999.000,9999.000,9999.000,9999.000,9999.000,9999.000,9999.000,9999.000
202607070236,   0.901,9999.000,9999.000,9999.000,9999.000,9999.000,9999.000,9999.000,9999.000
202607070242,   0.950,9999.000,9999.000,9999.000,9999.000,9999.000,9999.000,9999.000,9999.000
202607070248,   1.000,9999.000,9999.000,9999.000,9999.000,9999.000,9999.000,9999.000,9999.000
202607070254,   1.051,9999.000,9999.000,9999.000,9999.000,9999.000,9999.000,9999.000,9999.000
202607070300,   1.103,9999.000,   0.600,   0.117,   1.820,   0.400,   1.620,   0.700,   1.920
202607070306,   1.157,9999.000,9999.000,9999.000,9999.000,9999.000,9999.000,9999.000,9999.000
202607070312,   1.211,9999.000,9999.000,9999.000,9999.000,9999.000,9999.000,9999.000,9999.000
202607070318,   1.266,9999.000,9999.000,9999.000,9999.000,9999.000,9999.000,9999.000,9999.000
202607070324,   1.321,9999.000,9999.000,9999.000,9999.000,9999.000,9999.000,9999.000,9999.000
202607070330,   1.377,9999.000,9999.000,9999.000,9999.000,9999.000,9999.000,9999.000,9999.000
202607070336,   1.433,9999.000,9999.000,9999.000,9999.000,9999.000,9999.000,9999.000,9999.000
202607070342,   1.489,9999.000,9999.000,9999.000,9999.000,9999.000,9999.000,9999.000,9999.000
202607070348,   1.545,9999.000,9999.000,9999.000,9999.000,9999.000,9999.000,9999.000,9999.000
202607070354,   1.601,9999.000,9999.000,9999.000,9999.000,9999.000,9999.000,9999.000,9999.000
202607070400,   1.657,9999.000,   0.500,   0.117,   2.274,   0.400,   2.174,   0.700,   2.474
202607070406,   1.713,9999.000,9999.000,9999.000,9999.000,9999.000,9999.000,9999.000,9999.000
202607070412,   1.768,9999.000,9999.000,9999.000,9999.000,9999.000,9999.000,9999.000,9999.000
202607070418,   1.823,9999.000,9999.000,9999.000,9999.000,9999.000,9999.000,9999.000,9999.000
202607070424,   1.877,9999.000,9999.000,9999.000,9999.000,9999.000,9999.000,9999.000,9999.000
202607070430,   1.930,9999.000,9999.000,9999.000,9999.000,9999.000,9999.000,9999.000,9999.000
202607070436,   1.983,9999.000,9999.000,9999.000,9999.000,9999.000,9999.000,9999.000,9999.000
202607070442,   2.035,9999.000,9999.000,9999.000,9999.000,9999.000,9999.000,9999.000,9999.000
202607070448,   2.085,9999.000,9999.000,9999.000,9999.000,9999.000,9999.000,9999.000,9999.000
202607070454,   2.135,9999.000,9999.000,9999.000,9999.000,9999.000,9999.000,9999.000,9999.000
202607070500,   2.183,9999.000,   0.500,   0.117,   2.800,   0.400,   2.700,   0.700,   3.000
202607070506,   2.230,9999.000,9999.000,9999.000,9999.000,9999.000,9999.000,9999.000,9999.000
202607070512,   2.275,9999.000,9999.000,9999.000,9999.000,9999.000,9999.000,9999.000,9999.000
202607070518,   2.318,9999.000,9999.000,9999.000,9999.000,9999.000,9999.000,9999.000,9999.000
202607070524,   2.360,9999.000,9999.000,9999.000,9999.000,9999.000,9999.000,9999.000,9999.000
202607070530,   2.400,9999.000,9999.000,9999.000,9999.000,9999.000,9999.000,9999.000,9999.000
202607070536,   2.437,9999.000,9999.000,9999.000,9999.000,9999.000,9999.000,9999.000,9999.000
202607070542,   2.473,9999.000,9999.000,9999.000,9999.000,9999.000,9999.000,9999.000,9999.000
202607070548,   2.506,9999.000,9999.000,9999.000,9999.000,9999.000,9999.000,9999.000,9999.000
202607070554,   2.536,9999.000,9999.000,9999.000,9999.000,9999.000,9999.000,9999.000,9999.000
202607070600,   2.564,9999.000,   0.500,   0.117,   3.181,   0.300,   2.981,   0.700,   3.381
202607070606,   2.589,9999.000,9999.000,9999.000,9999.000,9999.000,9999.000,9999.000,9999.000
202607070612,   2.611,9999.000,9999.000,9999.000,9999.000,9999.000,9999.000,9999.000,9999.000
202607070618,   2.631,9999.000,9999.000,9999.000,9999.000,9999.000,9999.000,9999.000,9999.000
202607070624,   2.647,9999.000,9999.000,9999.000,9999.000,9999.000,9999.000,9999.000,9999.000
202607070630,   2.660,9999.000,9999.000,9999.000,9999.000,9999.000,9999.000,9999.000,9999.000
202607070636,   2.669,9999.000,9999.000,9999.000,9999.000,9999.000,9999.000,9999.000,9999.000
202607070642,   2.675,9999.000,9999.000,9999.000,9999.000,9999.000,9999.000,9999.000,9999.000
202607070648,   2.678,9999.000,9999.000,9999.000,9999.000,9999.000,9999.000,9999.000,9999.000
202607070654,   2.678,9999.000,9999.000,9999.000,9999.000,9999.000,9999.000,9999.000,9999.000
202607070700,   2.674,9999.000,   0.500,   0.117,   3.291,   0.300,   3.091,   0.700,   3.491
202607070706,   2.666,9999.000,9999.000,9999.000,9999.000,9999.000,9999.000,9999.000,9999.000
202607070712,   2.655,9999.000,9999.000,9999.000,9999.000,9999.000,9999.000,9999.000,9999.000
202607070718,   2.640,9999.000,9999.000,9999.000,9999.000,9999.000,9999.000,9999.000,9999.000
202607070724,   2.622,9999.000,9999.000,9999.000,9999.000,9999.000,9999.000,9999.000,9999.000
202607070730,   2.601,9999.000,9999.000,9999.000,9999.000,9999.000,9999.000,9999.000,9999.000
202607070736,   2.576,9999.000,9999.000,9999.000,9999.000,9999.000,9999.000,9999.000,9999.000
202607070742,   2.547,9999.000,9999.000,9999.000,9999.000,9999.000,9999.000,9999.000,9999.000
202607070748,   2.516,9999.000,9999.000,9999.000,9999.000,9999.000,9999.000,9999.000,9999.000
202607070754,   2.481,9999.000,9999.000,9999.000,9999.000,9999.000,9999.000,9999.000,9999.000
202607070800,   2.444,9999.000,   0.500,   0.117,   3.061,   0.300,   2.861,   0.700,   3.261
202607070806,   2.403,9999.000,9999.000,9999.000,9999.000,9999.000,9999.000,9999.000,9999.000
202607070812,   2.360,9999.000,9999.000,9999.000,9999.000,9999.000,9999.000,9999.000,9999.000
202607070818,   2.314,9999.000,9999.000,9999.000,9999.000,9999.000,9999.000,9999.000,9999.000
202607070824,   2.266,9999.000,9999.000,9999.000,9999.000,9999.000,9999.000,9999.000,9999.000
202607070830,   2.215,9999.000,9999.000,9999.000,9999.000,9999.000,9999.000,9999.000,9999.000
202607070836,   2.163,9999.000,9999.000,9999.000,9999.000,9999.000,9999.000,9999.000,9999.000
202607070842,   2.108,9999.000,9999.000,9999.000,9999.000,9999.000,9999.000,9999.000,9999.000
202607070848,   2.052,9999.000,9999.000,9999.000,9999.000,9999.000,9999.000,9999.000,9999.000
202607070854,   1.995,9999.000,9999.000,9999.000,9999.000,9999.000,9999.000,9999.000,9999.000
202607070900,   1.936,9999.000,   0.500,   0.117,   2.553,   0.300,   2.353,   0.800,   2.853
202607070906,   1.876,9999.000,9999.000,9999.000,9999.000,9999.000,9999.000,9999.000,9999.000
202607070912,   1.815,9999.000,9999.000,9999.000,9999.000,9999.000,9999.000,9999.000,9999.000
202607070918,   1.754,9999.000,9999.000,9999.000,9999.000,9999.000,9999.000,9999.000,9999.000
202607070924,   1.692,9999.000,9999.000,9999.000,9999.000,9999.000,9999.000,9999.000,9999.000
202607070930,   1.630,9999.000,9999.000,9999.000,9999.000,9999.000,9999.000,9999.000,9999.000
202607070936,   1.568,9999.000,9999.000,9999.000,9999.000,9999.000,9999.000,9999.000,9999.000
202607070942,   1.507,9999.000,9999.000,9999.000,9999.000,9999.000,9999.000,9999.000,9999.000
202607070948,   1.445,9999.000,9999.000,9999.000,9999.000,9999.000,9999.000,9999.000,9999.000
202607070954,   1.384,9999.000,9999.000,9999.000,9999.000,9999.000,9999.000,9999.000,9999.000
202607071000,   1.323,9999.000,   0.600,   0.117,   2.040,   0.300,   1.740,   0.800,   2.240
202607071006,   1.264,9999.000,9999.000,9999.000,9999.000,9999.000,9999.000,9999.000,9999.000
202607071012,   1.205,9999.000,9999.000,9999.000,9999.000,9999.000,9999.000,9999.000,9999.000
202607071018,   1.146,9999.000,9999.000,9999.000,9999.000,9999.000,9999.000,9999.000,9999.000
202607071024,   1.089,9999.000,9999.000,9999.000,9999.000,9999.000,9999.000,9999.000,9999.000
202607071030,   1.034,9999.000,9999.000,9999.000,9999.000,9999.000,9999.000,9999.000,9999.000
202607071036,   0.979,9999.000,9999.000,9999.000,9999.000,9999.000,9999.000,9999.000,9999.000
202607071042,   0.925,9999.000,9999.000,9999.000,9999.000,9999.000,9999.000,9999.000,9999.000
202607071048,   0.873,9999.000,9999.000,9999.000,9999.000,9999.000,9999.000,9999.000,9999.000
202607071054,   0.822,9999.000,9999.000,9999.000,9999.000,9999.000,9999.000,9999.000,9999.000
202607071100,   0.773,9999.000,   0.600,   0.117,   1.490,   0.300,   1.190,   0.800,   1.690
202607071106,   0.725,9999.000,9999.000,9999.000,9999.000,9999.000,9999.000,9999.000,9999.000
202607071112,   0.678,9999.000,9999.000,9999.000,9999.000,9999.000,9999.000,9999.000,9999.000
202607071118,   0.634,9999.000,9999.000,9999.000,9999.000,9999.000,9999.000,9999.000,9999.000
202607071124,   0.590,9999.000,9999.000,9999.000,9999.000,9999.000,9999.000,9999.000,9999.000
202607071130,   0.549,9999.000,9999.000,9999.000,9999.000,9999.000,9999.000,9999.000,9999.000
202607071136,   0.509,9999.000,9999.000,9999.000,9999.000,9999.000,9999.000,9999.000,9999.000
202607071142,   0.471,9999.000,9999.000,9999.000,9999.000,9999.000,9999.000,9999.000,9999.000
202607071148,   0.434,9999.000,9999.000,9999.000,9999.000,9999.000,9999.000,9999.000,9999.000
202607071154,   0.400,9999.000,9999.000,9999.000,9999.000,9999.000,9999.000,9999.000,9999.000
202607071200,   0.368,9999.000,   0.600,   0.117,   1.085,   0.300,   0.785,   0.800,   1.285
202607071206,   0.338,9999.000,9999.000,9999.000,9999.000,9999.000,9999.000,9999.000,9999.000
202607071212,   0.311,9999.000,9999.000,9999.000,9999.000,9999.000,9999.000,9999.000,9999.000
202607071218,   0.286,9999.000,9999.000,9999.000,9999.000,9999.000,9999.000,9999.000,9999.000
202607071224,   0.264,9999.000,9999.000,9999.000,9999.000,9999.000,9999.000,9999.000,9999.000
202607071230,   0.244,9999.000,9999.000,9999.000,9999.000,9999.000,9999.000,9999.000,9999.000
202607071236,   0.227,9999.000,9999.000,9999.000,9999.000,9999.000,9999.000,9999.000,9999.000
202607071242,   0.214,9999.000,9999.000,9999.000,9999.000,9999.000,9999.000,9999.000,9999.000
202607071248,   0.203,9999.000,9999.000,9999.000,9999.000,9999.000,9999.000,9999.000,9999.000
202607071254,   0.196,9999.000,9999.000,9999.000,9999.000,9999.000,9999.000,9999.000,9999.000
202607071300,   0.192,9999.000,   0.600,   0.117,   0.909,   0.300,   0.609,   0.800,   1.109
202607071306,   0.192,9999.000,9999.000,9999.000,9999.000,9999.000,9999.000,9999.000,9999.000
202607071312,   0.195,9999.000,9999.000,9999.000,9999.000,9999.000,9999.000,9999.000,9999.000
202607071318,   0.203,9999.000,9999.000,9999.000,9999.000,9999.000,9999.000,9999.000,9999.000
202607071324,   0.213,9999.000,9999.000,9999.000,9999.000,9999.000,9999.000,9999.000,9999.000
202607071330,   0.228,9999.000,9999.000,9999.000,9999.000,9999.000,9999.000,9999.000,9999.000
202607071336,   0.246,9999.000,9999.000,9999.000,9999.000,9999.000,9999.000,9999.000,9999.000
202607071342,   0.268,9999.000,9999.000,9999.000,9999.000,9999.000,9999.000,9999.000,9999.000
202607071348,   0.294,9999.000,9999.000,9999.000,9999.000,9999.000,9999.000,9999.000,9999.000
202607071354,   0.323,9999.000,9999.000,9999.000,9999.000,9999.000,9999.000,9999.000,9999.000
202607071400,   0.356,9999.000,   0.600,   0.117,   1.073,   0.400,   0.873,   0.800,   1.273
202607071406,   0.392,9999.000,9999.000,9999.000,9999.000,9999.000,9999.000,9999.000,9999.000
202607071412,   0.432,9999.000,9999.000,9999.000,9999.000,9999.000,9999.000,9999.000,9999.000
202607071418,   0.474,9999.000,9999.000,9999.000,9999.000,9999.000,9999.000,9999.000,9999.000
202607071424,   0.520,9999.000,9999.000,9999.000,9999.000,9999.000,9999.000,9999.000,9999.000
202607071430,   0.568,9999.000,9999.000,9999.000,9999.000,9999.000,9999.000,9999.000,9999.000
202607071436,   0.620,9999.000,9999.000,9999.000,9999.000,9999.000,9999.000,9999.000,9999.000
202607071442,   0.673,9999.000,9999.000,9999.000,9999.000,9999.000,9999.000,9999.000,9999.000
202607071448,   0.729,9999.000,9999.000,9999.000,9999.000,9999.000,9999.000,9999.000,9999.000
202607071454,   0.786,9999.000,9999.000,9999.000,9999.000,9999.000,9999.000,9999.000,9999.000
202607071500,   0.846,9999.000,   0.600,   0.117,   1.563,   0.400,   1.363,   0.800,   1.763
202607071506,   0.907,9999.000,9999.000,9999.000,9999.000,9999.000,9999.000,9999.000,9999.000
202607071512,   0.969,9999.000,9999.000,9999.000,9999.000,9999.000,9999.000,9999.000,9999.000
202607071518,   1.033,9999.000,9999.000,9999.000,9999.000,9999.000,9999.000,9999.000,9999.000
202607071524,   1.098,9999.000,9999.000,9999.000,9999.000,9999.000,9999.000,9999.000,9999.000
202607071530,   1.163,9999.000,9999.000,9999.000,9999.000,9999.000,9999.000,9999.000,9999.000
202607071536,   1.229,9999.000,9999.000,9999.000,9999.000,9999.000,9999.000,9999.000,9999.000
202607071542,   1.296,9999.000,9999.000,9999.000,9999.000,9999.000,9999.000,9999.000,9999.000
202607071548,   1.363,9999.000,9999.000,9999.000,9999.000,9999.000,9999.000,9999.000,9999.000
202607071554,   1.430,9999.000,9999.000,9999.000,9999.000,9999.000,9999.000,9999.000,9999.000
202607071600,   1.497,9999.000,   0.600,   0.117,   2.214,   0.400,   2.014,   0.800,   2.414
202607071606,   1.564,9999.000,9999.000,9999.000,9999.000,9999.000,9999.000,9999.000,9999.000
202607071612,   1.631,9999.000,9999.000,9999.000,9999.000,9999.000,9999.000,9999.000,9999.000
202607071618,   1.697,9999.000,9999.000,9999.000,9999.000,9999.000,9999.000,9999.000,9999.000
202607071624,   1.763,9999.000,9999.000,9999.000,9999.000,9999.000,9999.000,9999.000,9999.000
202607071630,   1.829,9999.000,9999.000,9999.000,9999.000,9999.000,9999.000,9999.000,9999.000
202607071636,   1.894,9999.000,9999.000,9999.000,9999.000,9999.000,9999.000,9999.000,9999.000
202607071642,   1.958,9999.000,9999.000,9999.000,9999.000,9999.000,9999.000,9999.000,9999.000
202607071648,   2.022,9999.000,9999.000,9999.000,9999.000,9999.000,9999.000,9999.000,9999.000
202607071654,   2.084,9999.000,9999.000,9999.000,9999.000,9999.000,9999.000,9999.000,9999.000
202607071700,   2.146,9999.000,   0.600,   0.117,   2.863,   0.400,   2.663,   0.800,   3.063
202607071706,   2.206,9999.000,9999.000,9999.000,9999.000,9999.000,9999.000,9999.000,9999.000
202607071712,   2.265,9999.000,9999.000,9999.000,9999.000,9999.000,9999.000,9999.000,9999.000
202607071718,   2.323,9999.000,9999.000,9999.000,9999.000,9999.000,9999.000,9999.000,9999.000
202607071724,   2.379,9999.000,9999.000,9999.000,9999.000,9999.000,9999.000,9999.000,9999.000
202607071730,   2.433,9999.000,9999.000,9999.000,9999.000,9999.000,9999.000,9999.000,9999.000
202607071736,   2.486,9999.000,9999.000,9999.000,9999.000,9999.000,9999.000,9999.000,9999.000
202607071742,   2.537,9999.000,9999.000,9999.000,9999.000,9999.000,9999.000,9999.000,9999.000
202607071748,   2.586,9999.000,9999.000,9999.000,9999.000,9999.000,9999.000,9999.000,9999.000
202607071754,   2.632,9999.000,9999.000,9999.000,9999.000,9999.000,9999.000,9999.000,9999.000
202607071800,   2.677,9999.000,   0.600,   0.117,   3.394,   0.400,   3.194,   0.800,   3.594
202607071806,   2.718,9999.000,9999.000,9999.000,9999.000,9999.000,9999.000,9999.000,9999.000
202607071812,   2.758,9999.000,9999.000,9999.000,9999.000,9999.000,9999.000,9999.000,9999.000
202607071818,   2.794,9999.000,9999.000,9999.000,9999.000,9999.000,9999.000,9999.000,9999.000
202607071824,   2.828,9999.000,9999.000,9999.000,9999.000,9999.000,9999.000,9999.000,9999.000
202607071830,   2.858,9999.000,9999.000,9999.000,9999.000,9999.000,9999.000,9999.000,9999.000
202607071836,   2.886,9999.000,9999.000,9999.000,9999.000,9999.000,9999.000,9999.000,9999.000
202607071842,   2.910,9999.000,9999.000,9999.000,9999.000,9999.000,9999.000,9999.000,9999.000
202607071848,   2.931,9999.000,9999.000,9999.000,9999.000,9999.000,9999.000,9999.000,9999.000
202607071854,   2.949,9999.000,9999.000,9999.000,9999.000,9999.000,9999.000,9999.000,9999.000
202607071900,   2.963,9999.000,   0.700,   0.117,   3.780,   0.500,   3.580,   0.900,   3.980
202607071906,   2.973,9999.000,9999.000,9999.000,9999.000,9999.000,9999.000,9999.000,9999.000
202607071912,   2.981,9999.000,9999.000,9999.000,9999.000,9999.000,9999.000,9999.000,9999.000
202607071918,   2.984,9999.000,9999.000,9999.000,9999.000,9999.000,9999.000,9999.000,9999.000
202607071924,   2.984,9999.000,9999.000,9999.000,9999.000,9999.000,9999.000,9999.000,9999.000
202607071930,   2.980,9999.000,9999.000,9999.000,9999.000,9999.000,9999.000,9999.000,9999.000
202607071936,   2.973,9999.000,9999.000,9999.000,9999.000,9999.000,9999.000,9999.000,9999.000
202607071942,   2.962,9999.000,9999.000,9999.000,9999.000,9999.000,9999.000,9999.000,9999.000
202607071948,   2.948,9999.000,9999.000,9999.000,9999.000,9999.000,9999.000,9999.000,9999.000
202607071954,   2.930,9999.000,9999.000,9999.000,9999.000,9999.000,9999.000,9999.000,9999.000
202607072000,   2.909,9999.000,   0.700,   0.117,   3.726,   0.500,   3.526,   0.900,   3.926
202607072006,   2.885,9999.000,9999.000,9999.000,9999.000,9999.000,9999.000,9999.000,9999.000
202607072012,   2.857,9999.000,9999.000,9999.000,9999.000,9999.000,9999.000,9999.000,9999.000
202607072018,   2.827,9999.000,9999.000,9999.000,9999.000,9999.000,9999.000,9999.000,9999.000
202607072024,   2.793,9999.000,9999.000,9999.000,9999.000,9999.000,9999.000,9999.000,9999.000
202607072030,   2.757,9999.000,9999.000,9999.000,9999.000,9999.000,9999.000,9999.000,9999.000
202607072036,   2.718,9999.000,9999.000,9999.000,9999.000,9999.000,9999.000,9999.000,9999.000
202607072042,   2.677,9999.000,9999.000,9999.000,9999.000,9999.000,9999.000,9999.000,9999.000
202607072048,   2.633,9999.000,9999.000,9999.000,9999.000,9999.000,9999.000,9999.000,9999.000
202607072054,   2.588,9999.000,9999.000,9999.000,9999.000,9999.000,9999.000,9999.000,9999.000
202607072100,   2.540,9999.000,   0.700,   0.117,   3.357,   0.500,   3.157,   0.900,   3.557
202607072106,   2.490,9999.000,9999.000,9999.000,9999.000,9999.000,9999.000,9999.000,9999.000
202607072112,   2.439,9999.000,9999.000,9999.000,9999.000,9999.000,9999.000,9999.000,9999.000
202607072118,   2.387,9999.000,9999.000,9999.000,9999.000,9999.000,9999.000,9999.000,9999.000
202607072124,   2.333,9999.000,9999.000,9999.000,9999.000,9999.000,9999.000,9999.000,9999.000
202607072130,   2.279,9999.000,9999.000,9999.000,9999.000,9999.000,9999.000,9999.000,9999.000
202607072136,   2.223,9999.000,9999.000,9999.000,9999.000,9999.000,9999.000,9999.000,9999.000
202607072142,   2.167,9999.000,9999.000,9999.000,9999.000,9999.000,9999.000,9999.000,9999.000
202607072148,   2.110,9999.000,9999.000,9999.000,9999.000,9999.000,9999.000,9999.000,9999.000
202607072154,   2.053,9999.000,9999.000,9999.000,9999.000,9999.000,9999.000,9999.000,9999.000
202607072200,   1.996,9999.000,   0.700,   0.117,   2.813,   0.500,   2.613,   0.900,   3.013
202607072206,   1.938,9999.000,9999.000,9999.000,9999.000,9999.000,9999.000,9999.000,9999.000
202607072212,   1.881,9999.000,9999.000,9999.000,9999.000,9999.000,9999.000,9999.000,9999.000
202607072218,   1.823,9999.000,9999.000,9999.000,9999.000,9999.000,9999.000,9999.000,9999.000
202607072224,   1.766,9999.000,9999.000,9999.000,9999.000,9999.000,9999.000,9999.000,9999.000
202607072230,   1.710,9999.000,9999.000,9999.000,9999.000,9999.000,9999.000,9999.000,9999.000
202607072236,   1.653,9999.000,9999.000,9999.000,9999.000,9999.000,9999.000,9999.000,9999.000
202607072242,   1.597,9999.000,9999.000,9999.000,9999.000,9999.000,9999.000,9999.000,9999.000
202607072248,   1.542,9999.000,9999.000,9999.000,9999.000,9999.000,9999.000,9999.000,9999.000
202607072254,   1.487,9999.000,9999.000,9999.000,9999.000,9999.000,9999.000,9999.000,9999.000
202607072300,   1.432,9999.000,   0.700,   0.117,   2.249,   0.500,   2.049,   0.900,   2.449
202607072306,   1.379,9999.000,9999.000,9999.000,9999.000,9999.000,9999.000,9999.000,9999.000
202607072312,   1.326,9999.000,9999.000,9999.000,9999.000,9999.000,9999.000,9999.000,9999.000
202607072318,   1.273,9999.000,9999.000,9999.000,9999.000,9999.000,9999.000,9999.000,9999.000
202607072324,   1.222,9999.000,9999.000,9999.000,9999.000,9999.000,9999.000,9999.000,9999.000
202607072330,   1.171,9999.000,9999.000,9999.000,9999.000,9999.000,9999.000,9999.000,9999.000
202607072336,   1.121,9999.000,9999.000,9999.000,9999.000,9999.000,9999.000,9999.000,9999.000
202607072342,   1.072,9999.000,9999.000,9999.000,9999.000,9999.000,9999.000,9999.000,9999.000
202607072348,   1.024,9999.000,9999.000,9999.000,9999.000,9999.000,9999.000,9999.000,9999.000
202607072354,   0.976,9999.000,9999.000,9999.000,9999.000,9999.000,9999.000,9999.000,9999.000
202607080000,   0.930,9999.000,   0.700,   0.117,   1.747,   0.500,   1.547,   1.000,   2.047
202607080006,   0.885,9999.000,9999.000,9999.000,9999.000,9999.000,9999.000,9999.000,9999.000
202607080012,   0.842,9999.000,9999.000,9999.000,9999.000,9999.000,9999.000,9999.000,9999.000
202607080018,   0.799,9999.000,9999.000,9999.000,9999.000,9999.000,9999.000,9999.000,9999.000
202607080024,   0.758,9999.000,9999.000,9999.000,9999.000,9999.000,9999.000,9999.000,9999.000
202607080030,   0.719,9999.000,9999.000,9999.000,9999.000,9999.000,9999.000,9999.000,9999.000
202607080036,   0.682,9999.000,9999.000,9999.000,9999.000,9999.000,9999.000,9999.000,9999.000
202607080042,   0.647,9999.000,9999.000,9999.000,9999.000,9999.000,9999.000,9999.000,9999.000
202607080048,   0.613,9999.000,9999.000,9999.000,9999.000,9999.000,9999.000,9999.000,9999.000
202607080054,   0.582,9999.000,9999.000,9999.000,9999.000,9999.000,9999.000,9999.000,9999.000
202607080100,   0.554,9999.000,   0.700,   0.117,   1.371,   0.400,   1.071,   1.000,   1.671
202607080106,   0.528,9999.000,9999.000,9999.000,9999.000,9999.000,9999.000,9999.000,9999.000
202607080112,   0.504,9999.000,9999.000,9999.000,9999.000,9999.000,9999.000,9999.000,9999.000
202607080118,   0.484,9999.000,9999.000,9999.000,9999.000,9999.000,9999.000,9999.000,9999.000
202607080124,   0.467,9999.000,9999.000,9999.000,9999.000,9999.000,9999.000,9999.000,9999.000
202607080130,   0.453,9999.000,9999.000,9999.000,9999.000,9999.000,9999.000,9999.000,9999.000
202607080136,   0.442,9999.000,9999.000,9999.000,9999.000,9999.000,9999.000,9999.000,9999.000
202607080142,   0.434,9999.000,9999.000,9999.000,9999.000,9999.000,9999.000,9999.000,9999.000
202607080148,   0.430,9999.000,9999.000,9999.000,9999.000,9999.000,9999.000,9999.000,9999.000
202607080154,   0.430,9999.000,9999.000,9999.000,9999.000,9999.000,9999.000,9999.000,9999.000
202607080200,   0.433,9999.000,   0.800,   0.117,   1.350,   0.400,   0.950,   1.000,   1.550
202607080206,   0.439,9999.000,9999.000,9999.000,9999.000,9999.000,9999.000,9999.000,9999.000
202607080212,   0.449,9999.000,9999.000,9999.000,9999.000,9999.000,9999.000,9999.000,9999.000
202607080218,   0.462,9999.000,9999.000,9999.000,9999.000,9999.000,9999.000,9999.000,9999.000
202607080224,   0.479,9999.000,9999.000,9999.000,9999.000,9999.000,9999.000,9999.000,9999.000
202607080230,   0.499,9999.000,9999.000,9999.000,9999.000,9999.000,9999.000,9999.000,9999.000
202607080236,   0.522,9999.000,9999.000,9999.000,9999.000,9999.000,9999.000,9999.000,9999.000
202607080242,   0.548,9999.000,9999.000,9999.000,9999.000,9999.000,9999.000,9999.000,9999.000
202607080248,   0.578,9999.000,9999.000,9999.000,9999.000,9999.000,9999.000,9999.000,9999.000
202607080254,   0.609,9999.000,9999.000,9999.000,9999.000,9999.000,9999.000,9999.000,9999.000
202607080300,   0.644,9999.000,   0.800,   0.117,   1.561,   0.400,   1.161,   1.000,   1.761
202607080306,   0.681,9999.000,9999.000,9999.000,9999.000,9999.000,9999.000,9999.000,9999.000
202607080312,   0.720,9999.000,9999.000,9999.000,9999.000,9999.000,9999.000,9999.000,9999.000
202607080318,   0.761,9999.000,9999.000,9999.000,9999.000,9999.000,9999.000,9999.000,9999.000
202607080324,   0.804,9999.000,9999.000,9999.000,9999.000,9999.000,9999.000,9999.000,9999.000
202607080330,   0.849,9999.000,9999.000,9999.000,9999.000,9999.000,9999.000,9999.000,9999.000
202607080336,   0.895,9999.000,9999.000,9999.000,9999.000,9999.000,9999.000,9999.000,9999.000
202607080342,   0.943,9999.000,9999.000,9999.000,9999.000,9999.000,9999.000,9999.000,9999.000
202607080348,   0.992,9999.000,9999.000,9999.000,9999.000,9999.000,9999.000,9999.000,9999.000
202607080354,   1.042,9999.000,9999.000,9999.000,9999.000,9999.000,9999.000,9999.000,9999.000
202607080400,   1.093,9999.000,   0.800,   0.117,   2.010,   0.400,   1.610,   1.000,   2.210
202607080406,   1.144,9999.000,9999.000,9999.000,9999.000,9999.000,9999.000,9999.000,9999.000
202607080412,   1.197,9999.000,9999.000,9999.000,9999.000,9999.000,9999.000,9999.000,9999.000
202607080418,   1.250,9999.000,9999.000,9999.000,9999.000,9999.000,9999.000,9999.000,9999.000
202607080424,   1.303,9999.000,9999.000,9999.000,9999.000,9999.000,9999.000,9999.000,9999.000
202607080430,   1.357,9999.000,9999.000,9999.000,9999.000,9999.000,9999.000,9999.000,9999.000
202607080436,   1.411,9999.000,9999.000,9999.000,9999.000,9999.000,9999.000,9999.000,9999.000
202607080442,   1.466,9999.000,9999.000,9999.000,9999.000,9999.000,9999.000,9999.000,9999.000
202607080448,   1.520,9999.000,9999.000,9999.000,9999.000,9999.000,9999.000,9999.000,9999.000
202607080454,   1.574,9999.000,9999.000,9999.000,9999.000,9999.000,9999.000,9999.000,9999.000
202607080500,   1.629,9999.000,   0.800,   0.117,   2.546,   0.400,   2.146,   1.100,   2.846
202607080506,   1.683,9999.000,9999.000,9999.000,9999.000,9999.000,9999.000,9999.000,9999.000
202607080512,   1.736,9999.000,9999.000,9999.000,9999.000,9999.000,9999.000,9999.000,9999.000
202607080518,   1.790,9999.000,9999.000,9999.000,9999.000,9999.000,9999.000,9999.000,9999.000
202607080524,   1.843,9999.000,9999.000,9999.000,9999.000,9999.000,9999.000,9999.000,9999.000
202607080530,   1.895,9999.000,9999.000,9999.000,9999.000,9999.000,9999.000,9999.000,9999.000
202607080536,   1.947,9999.000,9999.000,9999.000,9999.000,9999.000,9999.000,9999.000,9999.000
202607080542,   1.997,9999.000,9999.000,9999.000,9999.000,9999.000,9999.000,9999.000,9999.000
202607080548,   2.047,9999.000,9999.000,9999.000,9999.000,9999.000,9999.000,9999.000,9999.000
202607080554,   2.095,9999.000,9999.000,9999.000,9999.000,9999.000,9999.000,9999.000,9999.000
202607080600,   2.142,9999.000,   0.800,   0.117,   3.059,   0.400,   2.659,   1.100,   3.359
202607080606,   2.188,9999.000,9999.000,9999.000,9999.000,9999.000,9999.000,9999.000,9999.000
202607080612,   2.232,9999.000,9999.000,9999.000,9999.000,9999.000,9999.000,9999.000,9999.000
202607080618,   2.274,9999.000,9999.000,9999.000,9999.000,9999.000,9999.000,9999.000,9999.000
202607080624,   2.314,9999.000,9999.000,9999.000,9999.000,9999.000,9999.000,9999.000,9999.000
202607080630,   2.352,9999.000,9999.000,9999.000,9999.000,9999.000,9999.000,9999.000,9999.000
202607080636,   2.388,9999.000,9999.000,9999.000,9999.000,9999.000,9999.000,9999.000,9999.000
202607080642,   2.421,9999.000,9999.000,9999.000,9999.000,9999.000,9999.000,9999.000,9999.000
202607080648,   2.451,9999.000,9999.000,9999.000,9999.000,9999.000,9999.000,9999.000,9999.000
202607080654,   2.479,9999.000,9999.000,9999.000,9999.000,9999.000,9999.000,9999.000,9999.000
202607080700,   2.504,9999.000,   0.800,   0.117,   3.421,   0.300,   2.921,   1.100,   3.721
202607080706,   2.525,9999.000,9999.000,9999.000,9999.000,9999.000,9999.000,9999.000,9999.000
202607080712,   2.544,9999.000,9999.000,9999.000,9999.000,9999.000,9999.000,9999.000,9999.000
202607080718,   2.559,9999.000,9999.000,9999.000,9999.000,9999.000,9999.000,9999.000,9999.000
202607080724,   2.571,9999.000,9999.000,9999.000,9999.000,9999.000,9999.000,9999.000,9999.000
202607080730,   2.580,9999.000,9999.000,9999.000,9999.000,9999.000,9999.000,9999.000,9999.000
202607080736,   2.585,9999.000,9999.000,9999.000,9999.000,9999.000,9999.000,9999.000,9999.000
202607080742,   2.587,9999.000,9999.000,9999.000,9999.000,9999.000,9999.000,9999.000,9999.000
202607080748,   2.585,9999.000,9999.000,9999.000,9999.000,9999.000,9999.000,9999.000,9999.000
202607080754,   2.579,9999.000,9999.000,9999.000,9999.000,9999.000,9999.000,9999.000,9999.000
202607080800,   2.571,9999.000,   0.800,   0.117,   3.488,   0.400,   3.088,   1.200,   3.888
202607080806,   2.558,9999.000,9999.000,9999.000,9999.000,9999.000,9999.000,9999.000,9999.000
202607080812,   2.543,9999.000,9999.000,9999.000,9999.000,9999.000,9999.000,9999.000,9999.000
202607080818,   2.524,9999.000,9999.000,9999.000,9999.000,9999.000,9999.000,9999.000,9999.000
202607080824,   2.501,9999.000,9999.000,9999.000,9999.000,9999.000,9999.000,9999.000,9999.000
202607080830,   2.476,9999.000,9999.000,9999.000,9999.000,9999.000,9999.000,9999.000,9999.000
202607080836,   2.447,9999.000,9999.000,9999.000,9999.000,9999.000,9999.000,9999.000,9999.000
202607080842,   2.416,9999.000,9999.000,9999.000,9999.000,9999.000,9999.000,9999.000,9999.000
202607080848,   2.382,9999.000,9999.000,9999.000,9999.000,9999.000,9999.000,9999.000,9999.000
202607080854,   2.345,9999.000,9999.000,9999.000,9999.000,9999.000,9999.000,9999.000,9999.000
202607080900,   2.305,9999.000,   0.800,   0.117,   3.222,   0.400,   2.822,   1.200,   3.622
202607080906,   2.263,9999.000,9999.000,9999.000,9999.000,9999.000,9999.000,9999.000,9999.000
202607080912,   2.219,9999.000,9999.000,9999.000,9999.000,9999.000,9999.000,9999.000,9999.000
202607080918,   2.173,9999.000,9999.000,9999.000,9999.000,9999.000,9999.000,9999.000,9999.000
202607080924,   2.125,9999.000,9999.000,9999.000,9999.000,9999.000,9999.000,9999.000,9999.000
202607080930,   2.075,9999.000,9999.000,9999.000,9999.000,9999.000,9999.000,9999.000,9999.000
202607080936,   2.024,9999.000,9999.000,9999.000,9999.000,9999.000,9999.000,9999.000,9999.000
202607080942,   1.972,9999.000,9999.000,9999.000,9999.000,9999.000,9999.000,9999.000,9999.000
202607080948,   1.918,9999.000,9999.000,9999.000,9999.000,9999.000,9999.000,9999.000,9999.000
202607080954,   1.863,9999.000,9999.000,9999.000,9999.000,9999.000,9999.000,9999.000,9999.000
202607081000,   1.808,9999.000,   0.800,   0.117,   2.725,   0.300,   2.225,   1.300,   3.225
202607081006,   1.751,9999.000,9999.000,9999.000,9999.000,9999.000,9999.000,9999.000,9999.000
202607081012,   1.695,9999.000,9999.000,9999.000,9999.000,9999.000,9999.000,9999.000,9999.000
202607081018,   1.637,9999.000,9999.000,9999.000,9999.000,9999.000,9999.000,9999.000,9999.000
202607081024,   1.580,9999.000,9999.000,9999.000,9999.000,9999.000,9999.000,9999.000,9999.000
202607081030,   1.523,9999.000,9999.000,9999.000,9999.000,9999.000,9999.000,9999.000,9999.000
202607081036,   1.465,9999.000,9999.000,9999.000,9999.000,9999.000,9999.000,9999.000,9999.000
202607081042,   1.408,9999.000,9999.000,9999.000,9999.000,9999.000,9999.000,9999.000,9999.000
202607081048,   1.350,9999.000,9999.000,9999.000,9999.000,9999.000,9999.000,9999.000,9999.000
202607081054,   1.293,9999.000,9999.000,9999.000,9999.000,9999.000,9999.000,9999.000,9999.000
202607081100,   1.237,9999.000,   0.800,   0.117,   2.154,   0.400,   1.754,   1.300,   2.654
202607081106,   1.181,9999.000,9999.000,9999.000,9999.000,9999.000,9999.000,9999.000,9999.000
202607081112,   1.126,9999.000,9999.000,9999.000,9999.000,9999.000,9999.000,9999.000,9999.000
202607081118,   1.071,9999.000,9999.000,9999.000,9999.000,9999.000,9999.000,9999.000,9999.000
202607081124,   1.017,9999.000,9999.000,9999.000,9999.000,9999.000,9999.000,9999.000,9999.000
202607081130,   0.963,9999.000,9999.000,9999.000,9999.000,9999.000,9999.000,9999.000,9999.000
202607081136,   0.911,9999.000,9999.000,9999.000,9999.000,9999.000,9999.000,9999.000,9999.000
202607081142,   0.859,9999.000,9999.000,9999.000,9999.000,9999.000,9999.000,9999.000,9999.000
202607081148,   0.809,9999.000,9999.000,9999.000,9999.000,9999.000,9999.000,9999.000,9999.000
202607081154,   0.759,9999.000,9999.000,9999.000,9999.000,9999.000,9999.000,9999.000,9999.000
202607081200,   0.711,9999.000,   0.800,   0.117,   1.628,   0.400,   1.228,   1.300,   2.128
202607081206,   0.663,9999.000,9999.000,9999.000,9999.000,9999.000,9999.000,9999.000,9999.000
202607081212,   0.617,9999.000,9999.000,9999.000,9999.000,9999.000,9999.000,9999.000,9999.000
202607081218,   0.573,9999.000,9999.000,9999.000,9999.000,9999.000,9999.000,9999.000,9999.000
202607081224,   0.530,9999.000,9999.000,9999.000,9999.000,9999.000,9999.000,9999.000,9999.000
202607081230,   0.489,9999.000,9999.000,9999.000,9999.000,9999.000,9999.000,9999.000,9999.000
202607081236,   0.449,9999.000,9999.000,9999.000,9999.000,9999.000,9999.000,9999.000,9999.000
202607081242,   0.411,9999.000,9999.000,9999.000,9999.000,9999.000,9999.000,9999.000,9999.000
202607081248,   0.376,9999.000,9999.000,9999.000,9999.000,9999.000,9999.000,9999.000,9999.000
202607081254,   0.342,9999.000,9999.000,9999.000,9999.000,9999.000,9999.000,9999.000,9999.000
202607081300,   0.312,9999.000,   0.800,   0.117,   1.229,   0.400,   0.829,   1.300,   1.729
202607081306,   0.283,9999.000,9999.000,9999.000,9999.000,9999.000,9999.000,9999.000,9999.000
202607081312,   0.257,9999.000,9999.000,9999.000,9999.000,9999.000,9999.000,9999.000,9999.000
202607081318,   0.235,9999.000,9999.000,9999.000,9999.000,9999.000,9999.000,9999.000,9999.000
202607081324,   0.215,9999.000,9999.000,9999.000,9999.000,9999.000,9999.000,9999.000,9999.000
202607081330,   0.198,9999.000,9999.000,9999.000,9999.000,9999.000,9999.000,9999.000,9999.000
202607081336,   0.185,9999.000,9999.000,9999.000,9999.000,9999.000,9999.000,9999.000,9999.000
202607081342,   0.176,9999.000,9999.000,9999.000,9999.000,9999.000,9999.000,9999.000,9999.000
202607081348,   0.170,9999.000,9999.000,9999.000,9999.000,9999.000,9999.000,9999.000,9999.000
202607081354,   0.167,9999.000,9999.000,9999.000,9999.000,9999.000,9999.000,9999.000,9999.000
202607081400,   0.169,9999.000,   0.900,   0.117,   1.186,   0.500,   0.786,   1.400,   1.686
202607081406,   0.174,9999.000,9999.000,9999.000,9999.000,9999.000,9999.000,9999.000,9999.000
202607081412,   0.183,9999.000,9999.000,9999.000,9999.000,9999.000,9999.000,9999.000,9999.000
202607081418,   0.196,9999.000,9999.000,9999.000,9999.000,9999.000,9999.000,9999.000,9999.000
202607081424,   0.214,9999.000,9999.000,9999.000,9999.000,9999.000,9999.000,9999.000,9999.000
202607081430,   0.234,9999.000,9999.000,9999.000,9999.000,9999.000,9999.000,9999.000,9999.000
202607081436,   0.259,9999.000,9999.000,9999.000,9999.000,9999.000,9999.000,9999.000,9999.000
202607081442,   0.288,9999.000,9999.000,9999.000,9999.000,9999.000,9999.000,9999.000,9999.000
202607081448,   0.320,9999.000,9999.000,9999.000,9999.000,9999.000,9999.000,9999.000,9999.000
202607081454,   0.356,9999.000,9999.000,9999.000,9999.000,9999.000,9999.000,9999.000,9999.000
202607081500,   0.395,9999.000,   0.900,   0.117,   1.412,   0.500,   1.012,   1.300,   1.812
202607081506,   0.437,9999.000,9999.000,9999.000,9999.000,9999.000,9999.000,9999.000,9999.000
202607081512,   0.482,9999.000,9999.000,9999.000,9999.000,9999.000,9999.000,9999.000,9999.000
202607081518,   0.530,9999.000,9999.000,9999.000,9999.000,9999.000,9999.000,9999.000,9999.000
202607081524,   0.581,9999.000,9999.000,9999.000,9999.000,9999.000,9999.000,9999.000,9999.000
202607081530,   0.634,9999.000,9999.000,9999.000,9999.000,9999.000,9999.000,9999.000,9999.000
202607081536,   0.690,9999.000,9999.000,9999.000,9999.000,9999.000,9999.000,9999.000,9999.000
202607081542,   0.748,9999.000,9999.000,9999.000,9999.000,9999.000,9999.000,9999.000,9999.000
202607081548,   0.807,9999.000,9999.000,9999.000,9999.000,9999.000,9999.000,9999.000,9999.000
202607081554,   0.868,9999.000,9999.000,9999.000,9999.000,9999.000,9999.000,9999.000,9999.000
202607081600,   0.931,9999.000,   0.900,   0.117,   1.948,   0.500,   1.548,   1.300,   2.348
202607081606,   0.995,9999.000,9999.000,9999.000,9999.000,9999.000,9999.000,9999.000,9999.000
202607081612,   1.060,9999.000,9999.000,9999.000,9999.000,9999.000,9999.000,9999.000,9999.000
202607081618,   1.126,9999.000,9999.000,9999.000,9999.000,9999.000,9999.000,9999.000,9999.000
202607081624,   1.193,9999.000,9999.000,9999.000,9999.000,9999.000,9999.000,9999.000,9999.000
202607081630,   1.261,9999.000,9999.000,9999.000,9999.000,9999.000,9999.000,9999.000,9999.000
202607081636,   1.329,9999.000,9999.000,9999.000,9999.000,9999.000,9999.000,9999.000,9999.000
202607081642,   1.398,9999.000,9999.000,9999.000,9999.000,9999.000,9999.000,9999.000,9999.000
202607081648,   1.466,9999.000,9999.000,9999.000,9999.000,9999.000,9999.000,9999.000,9999.000
202607081654,   1.535,9999.000,9999.000,9999.000,9999.000,9999.000,9999.000,9999.000,9999.000
202607081700,   1.604,9999.000,   0.900,   0.117,   2.621,   0.500,   2.221,   1.300,   3.021
202607081706,   1.673,9999.000,9999.000,9999.000,9999.000,9999.000,9999.000,9999.000,9999.000
202607081712,   1.742,9999.000,9999.000,9999.000,9999.000,9999.000,9999.000,9999.000,9999.000
202607081718,   1.811,9999.000,9999.000,9999.000,9999.000,9999.000,9999.000,9999.000,9999.000
202607081724,   1.879,9999.000,9999.000,9999.000,9999.000,9999.000,9999.000,9999.000,9999.000
202607081730,   1.946,9999.000,9999.000,9999.000,9999.000,9999.000,9999.000,9999.000,9999.000
202607081736,   2.014,9999.000,9999.000,9999.000,9999.000,9999.000,9999.000,9999.000,9999.000
202607081742,   2.080,9999.000,9999.000,9999.000,9999.000,9999.000,9999.000,9999.000,9999.000
202607081748,   2.145,9999.000,9999.000,9999.000,9999.000,9999.000,9999.000,9999.000,9999.000
202607081754,   2.210,9999.000,9999.000,9999.000,9999.000,9999.000,9999.000,9999.000,9999.000
202607081800,   2.273,9999.000,   0.900,   0.117,   3.290,   0.500,   2.890,   1.300,   3.690
202607081806,   2.335,9999.000,9999.000,9999.000,9999.000,9999.000,9999.000,9999.000,9999.000
202607081812,   2.396,9999.000,9999.000,9999.000,9999.000,9999.000,9999.000,9999.000,9999.000
202607081818,   2.455,9999.000,9999.000,9999.000,9999.000,9999.000,9999.000,9999.000,9999.000
202607081824,   2.512,9999.000,9999.000,9999.000,9999.000,9999.000,9999.000,9999.000,9999.000
202607081830,   2.568,9999.000,9999.000,9999.000,9999.000,9999.000,9999.000,9999.000,9999.000
202607081836,   2.621,9999.000,9999.000,9999.000,9999.000,9999.000,9999.000,9999.000,9999.000
202607081842,   2.672,9999.000,9999.000,9999.000,9999.000,9999.000,9999.000,9999.000,9999.000
202607081848,   2.721,9999.000,9999.000,9999.000,9999.000,9999.000,9999.000,9999.000,9999.000
202607081854,   2.767,9999.000,9999.000,9999.000,9999.000,9999.000,9999.000,9999.000,9999.000
202607081900,   2.811,9999.000,   0.800,   0.117,   3.728,   0.500,   3.428,   1.200,   4.128
202607081906,   2.851,9999.000,9999.000,9999.000,9999.000,9999.000,9999.000,9999.000,9999.000
202607081912,   2.889,9999.000,9999.000,9999.000,9999.000,9999.000,9999.000,9999.000,9999.000
202607081918,   2.923,9999.000,9999.000,9999.000,9999.000,9999.000,9999.000,9999.000,9999.000
202607081924,   2.955,9999.000,9999.000,9999.000,9999.000,9999.000,9999.000,9999.000,9999.000
202607081930,   2.983,9999.000,9999.000,9999.000,9999.000,9999.000,9999.000,9999.000,9999.000
202607081936,   3.007,9999.000,9999.000,9999.000,9999.000,9999.000,9999.000,9999.000,9999.000
202607081942,   3.028,9999.000,9999.000,9999.000,9999.000,9999.000,9999.000,9999.000,9999.000
202607081948,   3.046,9999.000,9999.000,9999.000,9999.000,9999.000,9999.000,9999.000,9999.000
202607081954,   3.060,9999.000,9999.000,9999.000,9999.000,9999.000,9999.000,9999.000,9999.000
202607082000,   3.070,9999.000,   0.800,   0.117,   3.987,   0.500,   3.687,   1.200,   4.387
202607082006,   3.077,9999.000,9999.000,9999.000,9999.000,9999.000,9999.000,9999.000,9999.000
202607082012,   3.080,9999.000,9999.000,9999.000,9999.000,9999.000,9999.000,9999.000,9999.000
202607082018,   3.080,9999.000,9999.000,9999.000,9999.000,9999.000,9999.000,9999.000,9999.000
202607082024,   3.076,9999.000,9999.000,9999.000,9999.000,9999.000,9999.000,9999.000,9999.000
202607082030,   3.068,9999.000,9999.000,9999.000,9999.000,9999.000,9999.000,9999.000,9999.000
202607082036,   3.058,9999.000,9999.000,9999.000,9999.000,9999.000,9999.000,9999.000,9999.000
202607082042,   3.044,9999.000,9999.000,9999.000,9999.000,9999.000,9999.000,9999.000,9999.000
202607082048,   3.026,9999.000,9999.000,9999.000,9999.000,9999.000,9999.000,9999.000,9999.000
202607082054,   3.006,9999.000,9999.000,9999.000,9999.000,9999.000,9999.000,9999.000,9999.000
202607082100,   2.983,9999.000,   0.900,   0.117,   4.000,   0.500,   3.600,   1.200,   4.300
202607082106,   2.956,9999.000,9999.000,9999.000,9999.000,9999.000,9999.000,9999.000,9999.000
202607082112,   2.927,9999.000,9999.000,9999.000,9999.000,9999.000,9999.000,9999.000,9999.000
202607082118,   2.896,9999.000,9999.000,9999.000,9999.000,9999.000,9999.000,9999.000,9999.000
202607082124,   2.861,9999.000,9999.000,9999.000,9999.000,9999.000,9999.000,9999.000,9999.000
202607082130,   2.825,9999.000,9999.000,9999.000,9999.000,9999.000,9999.000,9999.000,9999.000
202607082136,   2.786,9999.000,9999.000,9999.000,9999.000,9999.000,9999.000,9999.000,9999.000
202607082142,   2.745,9999.000,9999.000,9999.000,9999.000,9999.000,9999.000,9999.000,9999.000
202607082148,   2.702,9999.000,9999.000,9999.000,9999.000,9999.000,9999.000,9999.000,9999.000
202607082154,   2.657,9999.000,9999.000,9999.000,9999.000,9999.000,9999.000,9999.000,9999.000
202607082200,   2.611,9999.000,   0.900,   0.117,   3.628,   0.500,   3.228,   1.200,   3.928
202607082206,   2.563,9999.000,9999.000,9999.000,9999.000,9999.000,9999.000,9999.000,9999.000
202607082212,   2.514,9999.000,9999.000,9999.000,9999.000,9999.000,9999.000,9999.000,9999.000
202607082218,   2.463,9999.000,9999.000,9999.000,9999.000,9999.000,9999.000,9999.000,9999.000
202607082224,   2.411,9999.000,9999.000,9999.000,9999.000,9999.000,9999.000,9999.000,9999.000
202607082230,   2.358,9999.000,9999.000,9999.000,9999.000,9999.000,9999.000,9999.000,9999.000
202607082236,   2.304,9999.000,9999.000,9999.000,9999.000,9999.000,9999.000,9999.000,9999.000
202607082242,   2.250,9999.000,9999.000,9999.000,9999.000,9999.000,9999.000,9999.000,9999.000
202607082248,   2.195,9999.000,9999.000,9999.000,9999.000,9999.000,9999.000,9999.000,9999.000
202607082254,   2.139,9999.000,9999.000,9999.000,9999.000,9999.000,9999.000,9999.000,9999.000
202607082300,   2.082,9999.000,   0.900,   0.117,   3.099,   0.600,   2.799,   1.200,   3.399
202607082306,   2.025,9999.000,9999.000,9999.000,9999.000,9999.000,9999.000,9999.000,9999.000
202607082312,   1.968,9999.000,9999.000,9999.000,9999.000,9999.000,9999.000,9999.000,9999.000
202607082318,   1.910,9999.000,9999.000,9999.000,9999.000,9999.000,9999.000,9999.000,9999.000
202607082324,   1.852,9999.000,9999.000,9999.000,9999.000,9999.000,9999.000,9999.000,9999.000
202607082330,   1.794,9999.000,9999.000,9999.000,9999.000,9999.000,9999.000,9999.000,9999.000
202607082336,   1.736,9999.000,9999.000,9999.000,9999.000,9999.000,9999.000,9999.000,9999.000
202607082342,   1.677,9999.000,9999.000,9999.000,9999.000,9999.000,9999.000,9999.000,9999.000
202607082348,   1.619,9999.000,9999.000,9999.000,9999.000,9999.000,9999.000,9999.000,9999.000
202607082354,   1.561,9999.000,9999.000,9999.000,9999.000,9999.000,9999.000,9999.000,9999.000
202607090000,   1.503,9999.000,   0.900,   0.117,   2.520,   0.600,   2.220,   1.200,   2.820
