        TIME,    TIDE,      OB,   SURGE,    BIAS,     TWL,SURGE90p,  TWL90p,SURGE10p,   TWL10p
202603131800,   1.964,   1.699,   0.000,  -0.265,   1.699,   0.000,   1.699,   0.000,   1.699
202603131806,   2.015,9999.000,9999.000,9999.000,9999.000,9999.000,9999.000,9999.000,9999.000
202603131812,   2.067,   1.659,9999.000,9999.000,9999.000,9999.000,9999.000,9999.000,9999.000
202603131818,   2.119,9999.000,9999.000,9999.000,9999.000,9999.000,9999.000,9999.000,9999.000
202603131824,   2.171,   1.781,9999.000,9999.000,9999.000,9999.000,9999.000,9999.000,9999.000
202603131830,   2.222,9999.000,9999.000,9999.000,9999.000,9999.000,9999.000,9999.000,9999.000
202603131836,   2.273,   1.899,9999.000,9999.000,9999.000,9999.000,9999.000,9999.000,9999.000
202603131842,   2.323,9999.000,9999.000,9999.000,9999.000,9999.000,9999.000,9999.000,9999.000
202603131848,   2.372,   2.000,9999.000,9999.000,9999.000,9999.000,9999.000,9999.000,9999.000
202603131854,   2.421,9999.000,9999.000,9999.000,9999.000,9999.000,9999.000,9999.000,9999.000
202603131900,   2.469,   2.250,   0.000,  -0.219,   2.250,   0.000,   2.250,   0.000,   2.250
202603131906,   2.515,   2.318,9999.000,9999.000,9999.000,9999.000,9999.000,9999.000,9999.000
202603131912,   2.560,   2.220,9999.000,9999.000,9999.000,9999.000,9999.000,9999.000,9999.000
202603131918,   2.604,   2.250,9999.000,9999.000,9999.000,9999.000,9999.000,9999.000,9999.000
202603131924,   2.645,   2.318,9999.000,9999.000,9999.000,9999.000,9999.000,9999.000,9999.000
202603131930,   2.685,   2.358,9999.000,9999.000,9999.000,9999.000,9999.000,9999.000,9999.000
202603131936,   2.723,   2.387,9999.000,9999.000,9999.000,9999.000,9999.000,9999.000,9999.000
202603131942,   2.758,   2.430,9999.000,9999.000,9999.000,9999.000,9999.000,9999.000,9999.000
202603131948,   2.790,   2.479,9999.000,9999.000,9999.000,9999.000,9999.000,9999.000,9999.000
202603131954,   2.820,   2.630,9999.000,9999.000,9999.000,9999.000,9999.000,9999.000,9999.000
202603132000,   2.847,   2.660,   0.000,  -0.187,   2.660,   0.000,   2.660,   0.100,   2.760
202603132006,   2.871,   2.679,9999.000,9999.000,9999.000,9999.000,9999.000,9999.000,9999.000
202603132012,   2.892,   2.578,9999.000,9999.000,9999.000,9999.000,9999.000,9999.000,9999.000
202603132018,   2.910,   2.640,9999.000,9999.000,9999.000,9999.000,9999.000,9999.000,9999.000
202603132024,   2.924,   2.709,9999.000,9999.000,9999.000,9999.000,9999.000,9999.000,9999.000
202603132030,   2.935,   2.748,9999.000,9999.000,9999.000,9999.000,9999.000,9999.000,9999.000
202603132036,   2.942,   2.748,9999.000,9999.000,9999.000,9999.000,9999.000,9999.000,9999.000
202603132042,   2.945,   2.719,9999.000,9999.000,9999.000,9999.000,9999.000,9999.000,9999.000
202603132048,   2.945,   2.709,9999.000,9999.000,9999.000,9999.000,9999.000,9999.000,9999.000
202603132054,   2.941,   2.820,9999.000,9999.000,9999.000,9999.000,9999.000,9999.000,9999.000
202603132100,   2.933,   2.820,   0.100,  -0.213,   2.820,   0.000,   2.720,   0.100,   2.820
202603132106,   2.922,   2.860,9999.000,9999.000,9999.000,9999.000,9999.000,9999.000,9999.000
202603132112,   2.907,   2.758,9999.000,9999.000,9999.000,9999.000,9999.000,9999.000,9999.000
202603132118,   2.888,   2.787,9999.000,9999.000,9999.000,9999.000,9999.000,9999.000,9999.000
202603132124,   2.866,   2.768,9999.000,9999.000,9999.000,9999.000,9999.000,9999.000,9999.000
202603132130,   2.840,   2.719,9999.000,9999.000,9999.000,9999.000,9999.000,9999.000,9999.000
202603132136,   2.811,   2.709,9999.000,9999.000,9999.000,9999.000,9999.000,9999.000,9999.000
202603132142,   2.779,   2.748,9999.000,9999.000,9999.000,9999.000,9999.000,9999.000,9999.000
202603132148,   2.743,   2.738,9999.000,9999.000,9999.000,9999.000,9999.000,9999.000,9999.000
202603132154,   2.704,   2.860,9999.000,9999.000,9999.000,9999.000,9999.000,9999.000,9999.000
202603132200,   2.663,   2.820,   0.100,   0.057,   2.820,   0.000,   2.720,   0.100,   2.820
202603132206,   2.619,   2.830,9999.000,9999.000,9999.000,9999.000,9999.000,9999.000,9999.000
202603132212,   2.572,   2.728,9999.000,9999.000,9999.000,9999.000,9999.000,9999.000,9999.000
202603132218,   2.523,   2.709,9999.000,9999.000,9999.000,9999.000,9999.000,9999.000,9999.000
202603132224,   2.472,   2.689,9999.000,9999.000,9999.000,9999.000,9999.000,9999.000,9999.000
202603132230,   2.419,   2.709,9999.000,9999.000,9999.000,9999.000,9999.000,9999.000,9999.000
202603132236,   2.365,   2.669,9999.000,9999.000,9999.000,9999.000,9999.000,9999.000,9999.000
202603132242,   2.309,   2.610,9999.000,9999.000,9999.000,9999.000,9999.000,9999.000,9999.000
202603132248,   2.252,   2.597,9999.000,9999.000,9999.000,9999.000,9999.000,9999.000,9999.000
202603132254,   2.194,   2.587,9999.000,9999.000,9999.000,9999.000,9999.000,9999.000,9999.000
202603132300,   2.136,   2.558,   0.100,   0.322,   2.558,   0.000,   2.458,   0.100,   2.558
202603132306,   2.076,   2.499,9999.000,9999.000,9999.000,9999.000,9999.000,9999.000,9999.000
202603132312,   2.017,   2.400,9999.000,9999.000,9999.000,9999.000,9999.000,9999.000,9999.000
202603132318,   1.958,   2.387,9999.000,9999.000,9999.000,9999.000,9999.000,9999.000,9999.000
202603132324,   1.899,   2.328,9999.000,9999.000,9999.000,9999.000,9999.000,9999.000,9999.000
202603132330,   1.840,   2.269,9999.000,9999.000,9999.000,9999.000,9999.000,9999.000,9999.000
202603132336,   1.781,   2.230,9999.000,9999.000,9999.000,9999.000,9999.000,9999.000,9999.000
202603132342,   1.723,   2.138,9999.000,9999.000,9999.000,9999.000,9999.000,9999.000,9999.000
202603132348,   1.666,   2.069,9999.000,9999.000,9999.000,9999.000,9999.000,9999.000,9999.000
202603132354,   1.610,   2.109,9999.000,9999.000,9999.000,9999.000,9999.000,9999.000,9999.000
202603140000,   1.554,   2.059,   0.100,   0.405,   2.059,   0.100,   2.059,   0.100,   2.059
202603140006,   1.500,   1.958,9999.000,9999.000,9999.000,9999.000,9999.000,9999.000,9999.000
202603140012,   1.446,   1.859,9999.000,9999.000,9999.000,9999.000,9999.000,9999.000,9999.000
202603140018,   1.394,   1.790,9999.000,9999.000,9999.000,9999.000,9999.000,9999.000,9999.000
202603140024,   1.342,   1.748,9999.000,9999.000,9999.000,9999.000,9999.000,9999.000,9999.000
202603140030,   1.292,   1.748,9999.000,9999.000,9999.000,9999.000,9999.000,9999.000,9999.000
202603140036,   1.243,   1.758,9999.000,9999.000,9999.000,9999.000,9999.000,9999.000,9999.000
202603140042,   1.195,   1.728,9999.000,9999.000,9999.000,9999.000,9999.000,9999.000,9999.000
202603140048,   1.148,   1.659,9999.000,9999.000,9999.000,9999.000,9999.000,9999.000,9999.000
202603140054,   1.103,   1.728,9999.000,9999.000,9999.000,9999.000,9999.000,9999.000,9999.000
202603140100,   1.058,   1.718,   0.100,   0.560,   1.718,   0.100,   1.718,   0.100,   1.718
202603140106,   1.015,   1.659,9999.000,9999.000,9999.000,9999.000,9999.000,9999.000,9999.000
202603140112,   0.974,   1.557,9999.000,9999.000,9999.000,9999.000,9999.000,9999.000,9999.000
202603140118,   0.934,   1.469,9999.000,9999.000,9999.000,9999.000,9999.000,9999.000,9999.000
202603140124,   0.895,   1.479,9999.000,9999.000,9999.000,9999.000,9999.000,9999.000,9999.000
202603140130,   0.858,   1.518,9999.000,9999.000,9999.000,9999.000,9999.000,9999.000,9999.000
202603140136,   0.824,   1.528,9999.000,9999.000,9999.000,9999.000,9999.000,9999.000,9999.000
202603140142,   0.791,   1.430,9999.000,9999.000,9999.000,9999.000,9999.000,9999.000,9999.000
202603140148,   0.760,   1.348,9999.000,9999.000,9999.000,9999.000,9999.000,9999.000,9999.000
202603140154,   0.732,   1.361,9999.000,9999.000,9999.000,9999.000,9999.000,9999.000,9999.000
202603140200,   0.706,   1.348,   0.100,   0.542,   1.348,   0.100,   1.348,   0.100,   1.348
202603140206,   0.684,   1.308,9999.000,9999.000,9999.000,9999.000,9999.000,9999.000,9999.000
202603140212,   0.664,   1.210,9999.000,9999.000,9999.000,9999.000,9999.000,9999.000,9999.000
202603140218,   0.648,   1.161,9999.000,9999.000,9999.000,9999.000,9999.000,9999.000,9999.000
202603140224,   0.635,   1.059,9999.000,9999.000,9999.000,9999.000,9999.000,9999.000,9999.000
202603140230,   0.626,   0.990,9999.000,9999.000,9999.000,9999.000,9999.000,9999.000,9999.000
202603140236,   0.621,   0.941,9999.000,9999.000,9999.000,9999.000,9999.000,9999.000,9999.000
202603140242,   0.620,   0.908,9999.000,9999.000,9999.000,9999.000,9999.000,9999.000,9999.000
202603140248,   0.623,   0.879,9999.000,9999.000,9999.000,9999.000,9999.000,9999.000,9999.000
202603140254,   0.630,   0.908,9999.000,9999.000,9999.000,9999.000,9999.000,9999.000,9999.000
202603140300,   0.642,   0.951,   0.100,   0.209,   0.951,   0.100,   0.951,   0.100,   0.951
202603140306,   0.659,   0.918,9999.000,9999.000,9999.000,9999.000,9999.000,9999.000,9999.000
202603140312,   0.680,   0.819,9999.000,9999.000,9999.000,9999.000,9999.000,9999.000,9999.000
202603140318,   0.705,   0.790,9999.000,9999.000,9999.000,9999.000,9999.000,9999.000,9999.000
202603140324,   0.734,   0.859,9999.000,9999.000,9999.000,9999.000,9999.000,9999.000,9999.000
202603140330,   0.768,   0.918,9999.000,9999.000,9999.000,9999.000,9999.000,9999.000,9999.000
202603140336,   0.806,   0.898,9999.000,9999.000,9999.000,9999.000,9999.000,9999.000,9999.000
202603140342,   0.848,   0.879,9999.000,9999.000,9999.000,9999.000,9999.000,9999.000,9999.000
202603140348,   0.893,   0.908,9999.000,9999.000,9999.000,9999.000,9999.000,9999.000,9999.000
202603140354,   0.942,   1.200,9999.000,9999.000,9999.000,9999.000,9999.000,9999.000,9999.000
202603140400,   0.994,   1.259,   0.100,   0.165,   1.259,   0.000,   1.159,   0.100,   1.259
202603140406,   1.049,   1.328,9999.000,9999.000,9999.000,9999.000,9999.000,9999.000,9999.000
202603140412,   1.107,   1.229,9999.000,9999.000,9999.000,9999.000,9999.000,9999.000,9999.000
202603140418,   1.167,   1.289,9999.000,9999.000,9999.000,9999.000,9999.000,9999.000,9999.000
202603140424,   1.229,   1.371,9999.000,9999.000,9999.000,9999.000,9999.000,9999.000,9999.000
202603140430,   1.292,   1.439,9999.000,9999.000,9999.000,9999.000,9999.000,9999.000,9999.000
202603140436,   1.357,   1.528,9999.000,9999.000,9999.000,9999.000,9999.000,9999.000,9999.000
202603140442,   1.423,   1.571,9999.000,9999.000,9999.000,9999.000,9999.000,9999.000,9999.000
202603140448,   1.490,   1.620,9999.000,9999.000,9999.000,9999.000,9999.000,9999.000,9999.000
202603140454,   1.558,   1.859,9999.000,9999.000,9999.000,9999.000,9999.000,9999.000,9999.000
202603140500,   1.626,   1.908,   0.000,   0.282,   1.908,   0.000,   1.908,   0.100,   2.008
202603140506,   1.694,   1.967,9999.000,9999.000,9999.000,9999.000,9999.000,9999.000,9999.000
202603140512,   1.762,   1.869,9999.000,9999.000,9999.000,9999.000,9999.000,9999.000,9999.000
202603140518,   1.830,   1.938,9999.000,9999.000,9999.000,9999.000,9999.000,9999.000,9999.000
202603140524,   1.898,   2.030,9999.000,9999.000,9999.000,9999.000,9999.000,9999.000,9999.000
202603140530,   1.965,   2.099,9999.000,9999.000,9999.000,9999.000,9999.000,9999.000,9999.000
202603140536,   2.032,   2.200,9999.000,9999.000,9999.000,9999.000,9999.000,9999.000,9999.000
202603140542,   2.098,   2.309,9999.000,9999.000,9999.000,9999.000,9999.000,9999.000,9999.000
202603140548,   2.165,   2.420,9999.000,9999.000,9999.000,9999.000,9999.000,9999.000,9999.000
202603140554,   2.230,   2.509,9999.000,9999.000,9999.000,9999.000,9999.000,9999.000,9999.000
202603140600,   2.295,   2.778,   0.100,   0.383,   2.778,   0.000,   2.678,   0.200,   2.878
202603140606,   2.360,   2.889,9999.000,9999.000,9999.000,9999.000,9999.000,9999.000,9999.000
202603140612,   2.424,   2.787,9999.000,9999.000,9999.000,9999.000,9999.000,9999.000,9999.000
202603140618,   2.488,   2.840,9999.000,9999.000,9999.000,9999.000,9999.000,9999.000,9999.000
202603140624,   2.551,   2.879,9999.000,9999.000,9999.000,9999.000,9999.000,9999.000,9999.000
202603140630,   2.614,   2.978,9999.000,9999.000,9999.000,9999.000,9999.000,9999.000,9999.000
202603140636,   2.676,   3.070,9999.000,9999.000,9999.000,9999.000,9999.000,9999.000,9999.000
202603140642,   2.738,   3.158,9999.000,9999.000,9999.000,9999.000,9999.000,9999.000,9999.000
202603140648,   2.799,   3.260,9999.000,9999.000,9999.000,9999.000,9999.000,9999.000,9999.000
202603140654,   2.860,   3.548,9999.000,9999.000,9999.000,9999.000,9999.000,9999.000,9999.000
202603140700,   2.920,   3.617,   0.100,   0.597,   3.617,   0.000,   3.517,   0.200,   3.717
202603140706,   2.979,   3.680,9999.000,9999.000,9999.000,9999.000,9999.000,9999.000,9999.000
202603140712,   3.038,   3.578,9999.000,9999.000,9999.000,9999.000,9999.000,9999.000,9999.000
202603140718,   3.095,   3.660,9999.000,9999.000,9999.000,9999.000,9999.000,9999.000,9999.000
202603140724,   3.152,   3.758,9999.000,9999.000,9999.000,9999.000,9999.000,9999.000,9999.000
202603140730,   3.207,   3.798,9999.000,9999.000,9999.000,9999.000,9999.000,9999.000,9999.000
202603140736,   3.261,   3.837,9999.000,9999.000,9999.000,9999.000,9999.000,9999.000,9999.000
202603140742,   3.314,   3.919,9999.000,9999.000,9999.000,9999.000,9999.000,9999.000,9999.000
202603140748,   3.365,   3.968,9999.000,9999.000,9999.000,9999.000,9999.000,9999.000,9999.000
202603140754,   3.414,   4.027,9999.000,9999.000,9999.000,9999.000,9999.000,9999.000,9999.000
202603140800,   3.462,   4.257,   0.100,   0.695,   4.257,   0.000,   4.157,   0.200,   4.357
202603140806,   3.507,   4.300,9999.000,9999.000,9999.000,9999.000,9999.000,9999.000,9999.000
202603140812,   3.549,   4.198,9999.000,9999.000,9999.000,9999.000,9999.000,9999.000,9999.000
202603140818,   3.590,   4.247,9999.000,9999.000,9999.000,9999.000,9999.000,9999.000,9999.000
202603140824,   3.628,   4.300,9999.000,9999.000,9999.000,9999.000,9999.000,9999.000,9999.000
202603140830,   3.663,   4.309,9999.000,9999.000,9999.000,9999.000,9999.000,9999.000,9999.000
202603140836,   3.695,   4.339,9999.000,9999.000,9999.000,9999.000,9999.000,9999.000,9999.000
202603140842,   3.724,   4.359,9999.000,9999.000,9999.000,9999.000,9999.000,9999.000,9999.000
202603140848,   3.749,   4.368,9999.000,9999.000,9999.000,9999.000,9999.000,9999.000,9999.000
202603140854,   3.772,   4.529,9999.000,9999.000,9999.000,9999.000,9999.000,9999.000,9999.000
202603140900,   3.791,   4.559,   0.100,   0.668,   4.559,   0.000,   4.459,   0.200,   4.659
202603140906,   3.806,   4.549,9999.000,9999.000,9999.000,9999.000,9999.000,9999.000,9999.000
202603140912,   3.818,   4.447,9999.000,9999.000,9999.000,9999.000,9999.000,9999.000,9999.000
202603140918,   3.827,   4.437,9999.000,9999.000,9999.000,9999.000,9999.000,9999.000,9999.000
202603140924,   3.831,   4.457,9999.000,9999.000,9999.000,9999.000,9999.000,9999.000,9999.000
202603140930,   3.832,   4.398,9999.000,9999.000,9999.000,9999.000,9999.000,9999.000,9999.000
202603140936,   3.829,   4.378,9999.000,9999.000,9999.000,9999.000,9999.000,9999.000,9999.000
202603140942,   3.823,   4.378,9999.000,9999.000,9999.000,9999.000,9999.000,9999.000,9999.000
202603140948,   3.813,   4.378,9999.000,9999.000,9999.000,9999.000,9999.000,9999.000,9999.000
202603140954,   3.798,   4.437,9999.000,9999.000,9999.000,9999.000,9999.000,9999.000,9999.000
202603141000,   3.781,   4.388,   0.100,   0.507,   4.388,   0.000,   4.288,   0.200,   4.488
202603141006,   3.759,   4.329,9999.000,9999.000,9999.000,9999.000,9999.000,9999.000,9999.000
202603141012,   3.734,   4.227,9999.000,9999.000,9999.000,9999.000,9999.000,9999.000,9999.000
202603141018,   3.706,   4.178,9999.000,9999.000,9999.000,9999.000,9999.000,9999.000,9999.000
202603141024,   3.674,   4.119,9999.000,9999.000,9999.000,9999.000,9999.000,9999.000,9999.000
202603141030,   3.639,   4.090,9999.000,9999.000,9999.000,9999.000,9999.000,9999.000,9999.000
202603141036,   3.601,   4.037,9999.000,9999.000,9999.000,9999.000,9999.000,9999.000,9999.000
202603141042,   3.560,   3.968,9999.000,9999.000,9999.000,9999.000,9999.000,9999.000,9999.000
202603141048,   3.517,   3.870,9999.000,9999.000,9999.000,9999.000,9999.000,9999.000,9999.000
202603141054,   3.470,   3.827,9999.000,9999.000,9999.000,9999.000,9999.000,9999.000,9999.000
202603141100,   3.421,   3.847,   0.100,   0.326,   3.847,   0.000,   3.747,   0.100,   3.847
202603141106,   3.370,   3.788,9999.000,9999.000,9999.000,9999.000,9999.000,9999.000,9999.000
202603141112,   3.316,   3.689,9999.000,9999.000,9999.000,9999.000,9999.000,9999.000,9999.000
202603141118,   3.261,   3.660,9999.000,9999.000,9999.000,9999.000,9999.000,9999.000,9999.000
202603141124,   3.204,   3.598,9999.000,9999.000,9999.000,9999.000,9999.000,9999.000,9999.000
202603141130,   3.145,   3.519,9999.000,9999.000,9999.000,9999.000,9999.000,9999.000,9999.000
202603141136,   3.085,   3.450,9999.000,9999.000,9999.000,9999.000,9999.000,9999.000,9999.000
202603141142,   3.024,   3.417,9999.000,9999.000,9999.000,9999.000,9999.000,9999.000,9999.000
202603141148,   2.961,   3.319,9999.000,9999.000,9999.000,9999.000,9999.000,9999.000,9999.000
202603141154,   2.897,   3.309,9999.000,9999.000,9999.000,9999.000,9999.000,9999.000,9999.000
202603141200,   2.833,   3.270,   0.200,   0.237,   3.270,   0.100,   3.170,   0.200,   3.270
202603141206,   2.767,   3.178,9999.000,9999.000,9999.000,9999.000,9999.000,9999.000,9999.000
202603141212,   2.701,   3.079,9999.000,9999.000,9999.000,9999.000,9999.000,9999.000,9999.000
202603141218,   2.634,   3.017,9999.000,9999.000,9999.000,9999.000,9999.000,9999.000,9999.000
202603141224,   2.567,   2.938,9999.000,9999.000,9999.000,9999.000,9999.000,9999.000,9999.000
202603141230,   2.499,   2.869,9999.000,9999.000,9999.000,9999.000,9999.000,9999.000,9999.000
202603141236,   2.431,   2.820,9999.000,9999.000,9999.000,9999.000,9999.000,9999.000,9999.000
202603141242,   2.362,   2.778,9999.000,9999.000,9999.000,9999.000,9999.000,9999.000,9999.000
202603141248,   2.293,   2.709,9999.000,9999.000,9999.000,9999.000,9999.000,9999.000,9999.000
202603141254,   2.223,   2.650,9999.000,9999.000,9999.000,9999.000,9999.000,9999.000,9999.000
202603141300,   2.153,   2.578,   0.200,   0.225,   2.578,   0.100,   2.478,   0.200,   2.578
202603141306,   2.083,   2.499,9999.000,9999.000,9999.000,9999.000,9999.000,9999.000,9999.000
202603141312,   2.012,   2.400,9999.000,9999.000,9999.000,9999.000,9999.000,9999.000,9999.000
202603141318,   1.941,   2.328,9999.000,9999.000,9999.000,9999.000,9999.000,9999.000,9999.000
202603141324,   1.870,   2.259,9999.000,9999.000,9999.000,9999.000,9999.000,9999.000,9999.000
202603141330,   1.799,   2.168,9999.000,9999.000,9999.000,9999.000,9999.000,9999.000,9999.000
202603141336,   1.728,   2.079,9999.000,9999.000,9999.000,9999.000,9999.000,9999.000,9999.000
202603141342,   1.657,   2.020,9999.000,9999.000,9999.000,9999.000,9999.000,9999.000,9999.000
202603141348,   1.587,   1.948,9999.000,9999.000,9999.000,9999.000,9999.000,9999.000,9999.000
202603141354,   1.517,   1.908,9999.000,9999.000,9999.000,9999.000,9999.000,9999.000,9999.000
202603141400,   1.448,   1.840,   0.100,   0.292,   1.840,   0.100,   1.840,   0.200,   1.940
202603141406,   1.379,   1.767,9999.000,9999.000,9999.000,9999.000,9999.000,9999.000,9999.000
202603141412,   1.312,   1.669,9999.000,9999.000,9999.000,9999.000,9999.000,9999.000,9999.000
202603141418,   1.247,   1.590,9999.000,9999.000,9999.000,9999.000,9999.000,9999.000,9999.000
202603141424,   1.184,   1.508,9999.000,9999.000,9999.000,9999.000,9999.000,9999.000,9999.000
202603141430,   1.122,   1.420,9999.000,9999.000,9999.000,9999.000,9999.000,9999.000,9999.000
202603141436,   1.063,   1.361,9999.000,9999.000,9999.000,9999.000,9999.000,9999.000,9999.000
202603141442,   1.007,   1.289,9999.000,9999.000,9999.000,9999.000,9999.000,9999.000,9999.000
202603141448,   0.955,   1.210,9999.000,9999.000,9999.000,9999.000,9999.000,9999.000,9999.000
202603141454,   0.905,   1.138,9999.000,9999.000,9999.000,9999.000,9999.000,9999.000,9999.000
202603141500,   0.859,   1.138,   0.100,   0.179,   1.138,   0.100,   1.138,   0.200,   1.238
202603141506,   0.818,   1.108,9999.000,9999.000,9999.000,9999.000,9999.000,9999.000,9999.000
202603141512,   0.780,   1.010,9999.000,9999.000,9999.000,9999.000,9999.000,9999.000,9999.000
202603141518,   0.747,   0.980,9999.000,9999.000,9999.000,9999.000,9999.000,9999.000,9999.000
202603141524,   0.719,   0.941,9999.000,9999.000,9999.000,9999.000,9999.000,9999.000,9999.000
202603141530,   0.695,   0.879,9999.000,9999.000,9999.000,9999.000,9999.000,9999.000,9999.000
202603141536,   0.676,   0.849,9999.000,9999.000,9999.000,9999.000,9999.000,9999.000,9999.000
202603141542,   0.663,   0.790,9999.000,9999.000,9999.000,9999.000,9999.000,9999.000,9999.000
202603141548,   0.654,   0.780,9999.000,9999.000,9999.000,9999.000,9999.000,9999.000,9999.000
202603141554,   0.650,   0.810,9999.000,9999.000,9999.000,9999.000,9999.000,9999.000,9999.000
202603141600,   0.651,   0.760,   0.100,   0.009,   0.760,   0.000,   0.660,   0.100,   0.760
202603141606,   0.657,   0.741,9999.000,9999.000,9999.000,9999.000,9999.000,9999.000,9999.000
202603141612,   0.668,   0.639,9999.000,9999.000,9999.000,9999.000,9999.000,9999.000,9999.000
202603141618,   0.683,   0.639,9999.000,9999.000,9999.000,9999.000,9999.000,9999.000,9999.000
202603141624,   0.702,   0.629,9999.000,9999.000,9999.000,9999.000,9999.000,9999.000,9999.000
202603141630,   0.726,   0.639,9999.000,9999.000,9999.000,9999.000,9999.000,9999.000,9999.000
202603141636,   0.753,   0.659,9999.000,9999.000,9999.000,9999.000,9999.000,9999.000,9999.000
202603141642,   0.784,   0.649,9999.000,9999.000,9999.000,9999.000,9999.000,9999.000,9999.000
202603141648,   0.818,   0.639,9999.000,9999.000,9999.000,9999.000,9999.000,9999.000,9999.000
202603141654,   0.855,   0.669,9999.000,9999.000,9999.000,9999.000,9999.000,9999.000,9999.000
202603141700,   0.895,   0.839,   0.100,  -0.156,   0.839,   0.000,   0.739,   0.100,   0.839
202603141706,   0.937,   0.918,9999.000,9999.000,9999.000,9999.000,9999.000,9999.000,9999.000
202603141712,   0.982,   0.819,9999.000,9999.000,9999.000,9999.000,9999.000,9999.000,9999.000
202603141718,   1.028,   0.829,9999.000,9999.000,9999.000,9999.000,9999.000,9999.000,9999.000
202603141724,   1.076,   0.839,9999.000,9999.000,9999.000,9999.000,9999.000,9999.000,9999.000
202603141730,   1.126,   0.849,9999.000,9999.000,9999.000,9999.000,9999.000,9999.000,9999.000
202603141736,   1.177,   0.859,9999.000,9999.000,9999.000,9999.000,9999.000,9999.000,9999.000
202603141742,   1.230,   0.928,9999.000,9999.000,9999.000,9999.000,9999.000,9999.000,9999.000
202603141748,   1.283,   0.980,9999.000,9999.000,9999.000,9999.000,9999.000,9999.000,9999.000
202603141754,   1.337,   1.161,9999.000,9999.000,9999.000,9999.000,9999.000,9999.000,9999.000
202603141800,   1.393,   1.210,   0.100,  -0.283,   1.210,   0.000,   1.110,   0.100,   1.210
202603141806,   1.449,   1.200,9999.000,9999.000,9999.000,9999.000,9999.000,9999.000,9999.000
202603141812,   1.505,   1.098,9999.000,9999.000,9999.000,9999.000,9999.000,9999.000,9999.000
202603141818,   1.563,   1.161,9999.000,9999.000,9999.000,9999.000,9999.000,9999.000,9999.000
202603141824,   1.621,   1.210,9999.000,9999.000,9999.000,9999.000,9999.000,9999.000,9999.000
202603141830,   1.679,   1.229,9999.000,9999.000,9999.000,9999.000,9999.000,9999.000,9999.000
202603141836,   1.738,   1.279,9999.000,9999.000,9999.000,9999.000,9999.000,9999.000,9999.000
202603141842,   1.798,   1.338,9999.000,9999.000,9999.000,9999.000,9999.000,9999.000,9999.000
202603141848,   1.858,   1.400,9999.000,9999.000,9999.000,9999.000,9999.000,9999.000,9999.000
202603141854,   1.918,   1.600,9999.000,9999.000,9999.000,9999.000,9999.000,9999.000,9999.000
202603141900,   1.979,   1.649,   0.000,  -0.330,   1.649,   0.000,   1.649,   0.100,   1.749
202603141906,   2.040,   1.718,9999.000,9999.000,9999.000,9999.000,9999.000,9999.000,9999.000
202603141912,   2.101,   1.620,9999.000,9999.000,9999.000,9999.000,9999.000,9999.000,9999.000
202603141918,   2.162,   1.689,9999.000,9999.000,9999.000,9999.000,9999.000,9999.000,9999.000
202603141924,   2.223,   1.748,9999.000,9999.000,9999.000,9999.000,9999.000,9999.000,9999.000
202603141930,   2.284,   1.840,9999.000,9999.000,9999.000,9999.000,9999.000,9999.000,9999.000
202603141936,   2.344,   1.899,9999.000,9999.000,9999.000,9999.000,9999.000,9999.000,9999.000
202603141942,   2.404,   1.958,9999.000,9999.000,9999.000,9999.000,9999.000,9999.000,9999.000
202603141948,   2.463,   2.010,9999.000,9999.000,9999.000,9999.000,9999.000,9999.000,9999.000
202603141954,   2.521,   2.200,9999.000,9999.000,9999.000,9999.000,9999.000,9999.000,9999.000
202603142000,   2.577,   2.250,   0.000,  -0.327,   2.250,   0.000,   2.250,   0.100,   2.350
202603142006,   2.633,   2.328,9999.000,9999.000,9999.000,9999.000,9999.000,9999.000,9999.000
202603142012,   2.686,   2.230,9999.000,9999.000,9999.000,9999.000,9999.000,9999.000,9999.000
202603142018,   2.738,   2.299,9999.000,9999.000,9999.000,9999.000,9999.000,9999.000,9999.000
202603142024,   2.787,   2.328,9999.000,9999.000,9999.000,9999.000,9999.000,9999.000,9999.000
202603142030,   2.835,   2.368,9999.000,9999.000,9999.000,9999.000,9999.000,9999.000,9999.000
202603142036,   2.879,   2.387,9999.000,9999.000,9999.000,9999.000,9999.000,9999.000,9999.000
202603142042,   2.921,   2.430,9999.000,9999.000,9999.000,9999.000,9999.000,9999.000,9999.000
202603142048,   2.960,   2.479,9999.000,9999.000,9999.000,9999.000,9999.000,9999.000,9999.000
202603142054,   2.996,   2.660,9999.000,9999.000,9999.000,9999.000,9999.000,9999.000,9999.000
202603142100,   3.028,   2.709,   0.000,  -0.319,   2.709,   0.000,   2.709,   0.000,   2.709
202603142106,   3.057,   2.728,9999.000,9999.000,9999.000,9999.000,9999.000,9999.000,9999.000
202603142112,   3.082,   2.630,9999.000,9999.000,9999.000,9999.000,9999.000,9999.000,9999.000
202603142118,   3.103,   2.660,9999.000,9999.000,9999.000,9999.000,9999.000,9999.000,9999.000
202603142124,   3.120,   2.679,9999.000,9999.000,9999.000,9999.000,9999.000,9999.000,9999.000
202603142130,   3.133,   2.719,9999.000,9999.000,9999.000,9999.000,9999.000,9999.000,9999.000
202603142136,   3.142,   2.728,9999.000,9999.000,9999.000,9999.000,9999.000,9999.000,9999.000
202603142142,   3.147,   2.748,9999.000,9999.000,9999.000,9999.000,9999.000,9999.000,9999.000
202603142148,   3.148,   2.748,9999.000,9999.000,9999.000,9999.000,9999.000,9999.000,9999.000
202603142154,   3.144,   2.860,9999.000,9999.000,9999.000,9999.000,9999.000,9999.000,9999.000
202603142200,   3.136,   2.869,   0.000,  -0.267,   2.869,   0.000,   2.869,   0.000,   2.869
202603142206,   3.124,   2.860,9999.000,9999.000,9999.000,9999.000,9999.000,9999.000,9999.000
202603142212,   3.107,   2.758,9999.000,9999.000,9999.000,9999.000,9999.000,9999.000,9999.000
202603142218,   3.087,   2.738,9999.000,9999.000,9999.000,9999.000,9999.000,9999.000,9999.000
202603142224,   3.062,   2.728,9999.000,9999.000,9999.000,9999.000,9999.000,9999.000,9999.000
202603142230,   3.034,   2.709,9999.000,9999.000,9999.000,9999.000,9999.000,9999.000,9999.000
202603142236,   3.001,   2.679,9999.000,9999.000,9999.000,9999.000,9999.000,9999.000,9999.000
202603142242,   2.965,   2.650,9999.000,9999.000,9999.000,9999.000,9999.000,9999.000,9999.000
202603142248,   2.926,   2.610,9999.000,9999.000,9999.000,9999.000,9999.000,9999.000,9999.000
202603142254,   2.883,   2.578,9999.000,9999.000,9999.000,9999.000,9999.000,9999.000,9999.000
202603142300,   2.837,   2.597,   0.000,  -0.240,   2.597,   0.000,   2.597,   0.000,   2.597
202603142306,   2.788,   2.568,9999.000,9999.000,9999.000,9999.000,9999.000,9999.000,9999.000
202603142312,   2.737,   2.469,9999.000,9999.000,9999.000,9999.000,9999.000,9999.000,9999.000
202603142318,   2.683,   2.440,9999.000,9999.000,9999.000,9999.000,9999.000,9999.000,9999.000
202603142324,   2.627,   2.387,9999.000,9999.000,9999.000,9999.000,9999.000,9999.000,9999.000
202603142330,   2.569,   2.338,9999.000,9999.000,9999.000,9999.000,9999.000,9999.000,9999.000
202603142336,   2.509,   2.299,9999.000,9999.000,9999.000,9999.000,9999.000,9999.000,9999.000
202603142342,   2.447,   2.230,9999.000,9999.000,9999.000,9999.000,9999.000,9999.000,9999.000
202603142348,   2.385,   2.148,9999.000,9999.000,9999.000,9999.000,9999.000,9999.000,9999.000
202603142354,   2.321,   2.158,9999.000,9999.000,9999.000,9999.000,9999.000,9999.000,9999.000
202603150000,   2.257,   2.109,   0.000,  -0.148,   2.109,   0.000,   2.109,   0.000,   2.109
202603150006,   2.192,   2.059,9999.000,9999.000,9999.000,9999.000,9999.000,9999.000,9999.000
202603150012,   2.126,   1.958,9999.000,9999.000,9999.000,9999.000,9999.000,9999.000,9999.000
202603150018,   2.061,   1.899,9999.000,9999.000,9999.000,9999.000,9999.000,9999.000,9999.000
202603150024,   1.995,   1.849,9999.000,9999.000,9999.000,9999.000,9999.000,9999.000,9999.000
202603150030,   1.930,   1.810,9999.000,9999.000,9999.000,9999.000,9999.000,9999.000,9999.000
202603150036,   1.864,   1.767,9999.000,9999.000,9999.000,9999.000,9999.000,9999.000,9999.000
202603150042,   1.800,   1.728,9999.000,9999.000,9999.000,9999.000,9999.000,9999.000,9999.000
202603150048,   1.735,   1.669,9999.000,9999.000,9999.000,9999.000,9999.000,9999.000,9999.000
202603150054,   1.671,   1.620,9999.000,9999.000,9999.000,9999.000,9999.000,9999.000,9999.000
202603150100,   1.608,   1.538,   0.000,  -0.070,   1.538,   0.000,   1.538,   0.000,   1.538
202603150106,   1.545,   1.498,9999.000,9999.000,9999.000,9999.000,9999.000,9999.000,9999.000
202603150112,   1.483,   1.400,9999.000,9999.000,9999.000,9999.000,9999.000,9999.000,9999.000
202603150118,   1.422,   1.361,9999.000,9999.000,9999.000,9999.000,9999.000,9999.000,9999.000
202603150124,   1.362,   1.298,9999.000,9999.000,9999.000,9999.000,9999.000,9999.000,9999.000
202603150130,   1.302,   1.239,9999.000,9999.000,9999.000,9999.000,9999.000,9999.000,9999.000
202603150136,   1.244,   1.180,9999.000,9999.000,9999.000,9999.000,9999.000,9999.000,9999.000
202603150142,   1.186,   1.108,9999.000,9999.000,9999.000,9999.000,9999.000,9999.000,9999.000
202603150148,   1.129,   1.029,9999.000,9999.000,9999.000,9999.000,9999.000,9999.000,9999.000
202603150154,   1.073,   1.010,9999.000,9999.000,9999.000,9999.000,9999.000,9999.000,9999.000
202603150200,   1.019,   0.941,   0.000,  -0.078,   0.941,   0.000,   0.941,   0.000,   0.941
202603150206,   0.965,   0.879,9999.000,9999.000,9999.000,9999.000,9999.000,9999.000,9999.000
202603150212,   0.913,   0.780,9999.000,9999.000,9999.000,9999.000,9999.000,9999.000,9999.000
202603150218,   0.863,   0.708,9999.000,9999.000,9999.000,9999.000,9999.000,9999.000,9999.000
202603150224,   0.815,   0.649,9999.000,9999.000,9999.000,9999.000,9999.000,9999.000,9999.000
202603150230,   0.768,   0.580,9999.000,9999.000,9999.000,9999.000,9999.000,9999.000,9999.000
202603150236,   0.724,   0.518,9999.000,9999.000,9999.000,9999.000,9999.000,9999.000,9999.000
202603150242,   0.682,   0.478,9999.000,9999.000,9999.000,9999.000,9999.000,9999.000,9999.000
202603150248,   0.643,   0.439,9999.000,9999.000,9999.000,9999.000,9999.000,9999.000,9999.000
202603150254,   0.606,   0.449,9999.000,9999.000,9999.000,9999.000,9999.000,9999.000,9999.000
202603150300,   0.573,   0.390,   0.000,  -0.183,   0.390,   0.000,   0.390,   0.000,   0.390
202603150306,   0.544,   0.331,9999.000,9999.000,9999.000,9999.000,9999.000,9999.000,9999.000
202603150312,   0.518,   0.229,9999.000,9999.000,9999.000,9999.000,9999.000,9999.000,9999.000
202603150318,   0.496,   0.219,9999.000,9999.000,9999.000,9999.000,9999.000,9999.000,9999.000
202603150324,   0.478,   0.200,9999.000,9999.000,9999.000,9999.000,9999.000,9999.000,9999.000
202603150330,   0.465,   0.180,9999.000,9999.000,9999.000,9999.000,9999.000,9999.000,9999.000
202603150336,   0.457,   0.190,9999.000,9999.000,9999.000,9999.000,9999.000,9999.000,9999.000
202603150342,   0.453,   0.209,9999.000,9999.000,9999.000,9999.000,9999.000,9999.000,9999.000
202603150348,   0.455,   0.190,9999.000,9999.000,9999.000,9999.000,9999.000,9999.000,9999.000
202603150354,   0.461,   0.308,9999.000,9999.000,9999.000,9999.000,9999.000,9999.000,9999.000
202603150400,   0.472,   0.321,   0.000,  -0.151,   0.321,   0.000,   0.321,   0.000,   0.321
202603150406,   0.489,   0.360,9999.000,9999.000,9999.000,9999.000,9999.000,9999.000,9999.000
202603150412,   0.510,   0.259,9999.000,9999.000,9999.000,9999.000,9999.000,9999.000,9999.000
202603150418,   0.537,   0.321,9999.000,9999.000,9999.000,9999.000,9999.000,9999.000,9999.000
202603150424,   0.568,   0.380,9999.000,9999.000,9999.000,9999.000,9999.000,9999.000,9999.000
202603150430,   0.604,   0.419,9999.000,9999.000,9999.000,9999.000,9999.000,9999.000,9999.000
202603150436,   0.644,   0.488,9999.000,9999.000,9999.000,9999.000,9999.000,9999.000,9999.000
202603150442,   0.689,   0.551,9999.000,9999.000,9999.000,9999.000,9999.000,9999.000,9999.000
202603150448,   0.737,   0.600,9999.000,9999.000,9999.000,9999.000,9999.000,9999.000,9999.000
202603150454,   0.790,   0.819,9999.000,9999.000,9999.000,9999.000,9999.000,9999.000,9999.000
202603150500,   0.845,   0.898,   0.000,   0.053,   0.898,   0.000,   0.898,   0.000,   0.898
202603150506,   0.904,   0.980,9999.000,9999.000,9999.000,9999.000,9999.000,9999.000,9999.000
202603150512,   0.965,   0.879,9999.000,9999.000,9999.000,9999.000,9999.000,9999.000,9999.000
202603150518,   1.029,   0.951,9999.000,9999.000,9999.000,9999.000,9999.000,9999.000,9999.000
202603150524,   1.095,   1.000,9999.000,9999.000,9999.000,9999.000,9999.000,9999.000,9999.000
202603150530,   1.163,   1.049,9999.000,9999.000,9999.000,9999.000,9999.000,9999.000,9999.000
202603150536,   1.233,   1.098,9999.000,9999.000,9999.000,9999.000,9999.000,9999.000,9999.000
202603150542,   1.304,   1.170,9999.000,9999.000,9999.000,9999.000,9999.000,9999.000,9999.000
202603150548,   1.375,   1.229,9999.000,9999.000,9999.000,9999.000,9999.000,9999.000,9999.000
202603150554,   1.448,   1.269,9999.000,9999.000,9999.000,9999.000,9999.000,9999.000,9999.000
202603150600,   1.521,   1.489,  -0.100,   0.068,   1.489,  -0.200,   1.389,  -0.100,   1.489
202603150606,   1.595,   1.548,9999.000,9999.000,9999.000,9999.000,9999.000,9999.000,9999.000
202603150612,   1.669,   1.449,9999.000,9999.000,9999.000,9999.000,9999.000,9999.000,9999.000
202603150618,   1.743,   1.508,9999.000,9999.000,9999.000,9999.000,9999.000,9999.000,9999.000
202603150624,   1.818,   1.590,9999.000,9999.000,9999.000,9999.000,9999.000,9999.000,9999.000
202603150630,   1.892,   1.669,9999.000,9999.000,9999.000,9999.000,9999.000,9999.000,9999.000
202603150636,   1.967,   1.718,9999.000,9999.000,9999.000,9999.000,9999.000,9999.000,9999.000
202603150642,   2.041,   1.800,9999.000,9999.000,9999.000,9999.000,9999.000,9999.000,9999.000
202603150648,   2.116,   1.879,9999.000,9999.000,9999.000,9999.000,9999.000,9999.000,9999.000
202603150654,   2.190,   2.158,9999.000,9999.000,9999.000,9999.000,9999.000,9999.000,9999.000
202603150700,   2.264,   2.240,  -0.200,   0.176,   2.240,  -0.200,   2.240,  -0.100,   2.340
202603150706,   2.338,   2.309,9999.000,9999.000,9999.000,9999.000,9999.000,9999.000,9999.000
202603150712,   2.412,   2.210,9999.000,9999.000,9999.000,9999.000,9999.000,9999.000,9999.000
202603150718,   2.486,   2.299,9999.000,9999.000,9999.000,9999.000,9999.000,9999.000,9999.000
202603150724,   2.560,   2.377,9999.000,9999.000,9999.000,9999.000,9999.000,9999.000,9999.000
202603150730,   2.633,   2.459,9999.000,9999.000,9999.000,9999.000,9999.000,9999.000,9999.000
202603150736,   2.706,   2.538,9999.000,9999.000,9999.000,9999.000,9999.000,9999.000,9999.000
202603150742,   2.779,   2.630,9999.000,9999.000,9999.000,9999.000,9999.000,9999.000,9999.000
202603150748,   2.852,   2.709,9999.000,9999.000,9999.000,9999.000,9999.000,9999.000,9999.000
202603150754,   2.923,   2.958,9999.000,9999.000,9999.000,9999.000,9999.000,9999.000,9999.000
202603150800,   2.995,   3.079,  -0.200,   0.284,   3.079,  -0.200,   3.079,  -0.100,   3.179
202603150806,   3.065,   3.188,9999.000,9999.000,9999.000,9999.000,9999.000,9999.000,9999.000
202603150812,   3.134,   3.089,9999.000,9999.000,9999.000,9999.000,9999.000,9999.000,9999.000
202603150818,   3.203,   3.158,9999.000,9999.000,9999.000,9999.000,9999.000,9999.000,9999.000
202603150824,   3.270,   3.240,9999.000,9999.000,9999.000,9999.000,9999.000,9999.000,9999.000
202603150830,   3.335,   3.329,9999.000,9999.000,9999.000,9999.000,9999.000,9999.000,9999.000
202603150836,   3.399,   3.417,9999.000,9999.000,9999.000,9999.000,9999.000,9999.000,9999.000
202603150842,   3.460,   3.519,9999.000,9999.000,9999.000,9999.000,9999.000,9999.000,9999.000
202603150848,   3.520,   3.588,9999.000,9999.000,9999.000,9999.000,9999.000,9999.000,9999.000
202603150854,   3.577,   3.860,9999.000,9999.000,9999.000,9999.000,9999.000,9999.000,9999.000
202603150900,   3.631,   3.919,  -0.200,   0.488,   3.919,  -0.200,   3.919,  -0.100,   4.019
202603150906,   3.683,   3.998,9999.000,9999.000,9999.000,9999.000,9999.000,9999.000,9999.000
202603150912,   3.732,   3.899,9999.000,9999.000,9999.000,9999.000,9999.000,9999.000,9999.000
202603150918,   3.777,   3.968,9999.000,9999.000,9999.000,9999.000,9999.000,9999.000,9999.000
202603150924,   3.819,   4.027,9999.000,9999.000,9999.000,9999.000,9999.000,9999.000,9999.000
202603150930,   3.858,   4.047,9999.000,9999.000,9999.000,9999.000,9999.000,9999.000,9999.000
202603150936,   3.893,   4.099,9999.000,9999.000,9999.000,9999.000,9999.000,9999.000,9999.000
202603150942,   3.924,   4.188,9999.000,9999.000,9999.000,9999.000,9999.000,9999.000,9999.000
202603150948,   3.951,   4.218,9999.000,9999.000,9999.000,9999.000,9999.000,9999.000,9999.000
202603150954,   3.974,   4.247,9999.000,9999.000,9999.000,9999.000,9999.000,9999.000,9999.000
202603151000,   3.992,   4.427,  -0.200,   0.635,   4.427,  -0.200,   4.427,  -0.100,   4.527
202603151006,   4.007,   4.447,9999.000,9999.000,9999.000,9999.000,9999.000,9999.000,9999.000
202603151012,   4.017,   4.349,9999.000,9999.000,9999.000,9999.000,9999.000,9999.000,9999.000
202603151018,   4.023,   4.368,9999.000,9999.000,9999.000,9999.000,9999.000,9999.000,9999.000
202603151024,   4.024,   4.398,9999.000,9999.000,9999.000,9999.000,9999.000,9999.000,9999.000
202603151030,   4.021,   4.388,9999.000,9999.000,9999.000,9999.000,9999.000,9999.000,9999.000
202603151036,   4.014,   4.398,9999.000,9999.000,9999.000,9999.000,9999.000,9999.000,9999.000
202603151042,   4.002,   4.408,9999.000,9999.000,9999.000,9999.000,9999.000,9999.000,9999.000
202603151048,   3.986,   4.378,9999.000,9999.000,9999.000,9999.000,9999.000,9999.000,9999.000
202603151054,   3.966,   4.339,9999.000,9999.000,9999.000,9999.000,9999.000,9999.000,9999.000
202603151100,   3.941,   4.388,  -0.100,   0.547,   4.388,  -0.200,   4.288,  -0.100,   4.388
202603151106,   3.913,   4.368,9999.000,9999.000,9999.000,9999.000,9999.000,9999.000,9999.000
202603151112,   3.880,   4.267,9999.000,9999.000,9999.000,9999.000,9999.000,9999.000,9999.000
202603151118,   3.844,   4.208,9999.000,9999.000,9999.000,9999.000,9999.000,9999.000,9999.000
202603151124,   3.804,   4.139,9999.000,9999.000,9999.000,9999.000,9999.000,9999.000,9999.000
202603151130,   3.761,   4.070,9999.000,9999.000,9999.000,9999.000,9999.000,9999.000,9999.000
202603151136,   3.714,   4.008,9999.000,9999.000,9999.000,9999.000,9999.000,9999.000,9999.000
202603151142,   3.665,   3.968,9999.000,9999.000,9999.000,9999.000,9999.000,9999.000,9999.000
202603151148,   3.612,   3.890,9999.000,9999.000,9999.000,9999.000,9999.000,9999.000,9999.000
202603151154,   3.557,   3.817,9999.000,9999.000,9999.000,9999.000,9999.000,9999.000,9999.000
202603151200,   3.498,   3.798,  -0.100,   0.400,   3.798,  -0.200,   3.698,  -0.100,   3.798
202603151206,   3.438,   3.749,9999.000,9999.000,9999.000,9999.000,9999.000,9999.000,9999.000
202603151212,   3.375,   3.650,9999.000,9999.000,9999.000,9999.000,9999.000,9999.000,9999.000
202603151218,   3.311,   3.617,9999.000,9999.000,9999.000,9999.000,9999.000,9999.000,9999.000
202603151224,   3.244,   3.539,9999.000,9999.000,9999.000,9999.000,9999.000,9999.000,9999.000
202603151230,   3.176,   3.470,9999.000,9999.000,9999.000,9999.000,9999.000,9999.000,9999.000
202603151236,   3.106,   3.388,9999.000,9999.000,9999.000,9999.000,9999.000,9999.000,9999.000
202603151242,   3.035,   3.339,9999.000,9999.000,9999.000,9999.000,9999.000,9999.000,9999.000
202603151248,   2.962,   3.309,9999.000,9999.000,9999.000,9999.000,9999.000,9999.000,9999.000
202603151254,   2.889,   3.309,9999.000,9999.000,9999.000,9999.000,9999.000,9999.000,9999.000
202603151300,   2.814,   3.240,  -0.100,   0.526,   3.240,  -0.200,   3.140,  -0.100,   3.240
202603151306,   2.738,   3.158,9999.000,9999.000,9999.000,9999.000,9999.000,9999.000,9999.000
202603151312,   2.662,   3.060,9999.000,9999.000,9999.000,9999.000,9999.000,9999.000,9999.000
202603151318,   2.584,   2.978,9999.000,9999.000,9999.000,9999.000,9999.000,9999.000,9999.000
202603151324,   2.506,   2.909,9999.000,9999.000,9999.000,9999.000,9999.000,9999.000,9999.000
202603151330,   2.427,   2.850,9999.000,9999.000,9999.000,9999.000,9999.000,9999.000,9999.000
202603151336,   2.348,   2.787,9999.000,9999.000,9999.000,9999.000,9999.000,9999.000,9999.000
202603151342,   2.268,   2.709,9999.000,9999.000,9999.000,9999.000,9999.000,9999.000,9999.000
202603151348,   2.187,   2.630,9999.000,9999.000,9999.000,9999.000,9999.000,9999.000,9999.000
202603151354,   2.106,   2.558,9999.000,9999.000,9999.000,9999.000,9999.000,9999.000,9999.000
202603151400,   2.024,   2.499,  -0.100,   0.575,   2.499,  -0.200,   2.399,  -0.100,   2.499
202603151406,   1.942,   2.430,9999.000,9999.000,9999.000,9999.000,9999.000,9999.000,9999.000
202603151412,   1.860,   2.328,9999.000,9999.000,9999.000,9999.000,9999.000,9999.000,9999.000
202603151418,   1.777,   2.230,9999.000,9999.000,9999.000,9999.000,9999.000,9999.000,9999.000
202603151424,   1.695,   2.128,9999.000,9999.000,9999.000,9999.000,9999.000,9999.000,9999.000
202603151430,   1.613,   2.049,9999.000,9999.000,9999.000,9999.000,9999.000,9999.000,9999.000
202603151436,   1.531,   1.981,9999.000,9999.000,9999.000,9999.000,9999.000,9999.000,9999.000
202603151442,   1.450,   1.889,9999.000,9999.000,9999.000,9999.000,9999.000,9999.000,9999.000
202603151448,   1.369,   1.820,9999.000,9999.000,9999.000,9999.000,9999.000,9999.000,9999.000
202603151454,   1.290,   1.758,9999.000,9999.000,9999.000,9999.000,9999.000,9999.000,9999.000
202603151500,   1.212,   1.679,  -0.100,   0.567,   1.679,  -0.100,   1.679,  -0.100,   1.679
202603151506,   1.136,   1.600,9999.000,9999.000,9999.000,9999.000,9999.000,9999.000,9999.000
202603151512,   1.062,   1.498,9999.000,9999.000,9999.000,9999.000,9999.000,9999.000,9999.000
202603151518,   0.991,   1.410,9999.000,9999.000,9999.000,9999.000,9999.000,9999.000,9999.000
202603151524,   0.922,   1.348,9999.000,9999.000,9999.000,9999.000,9999.000,9999.000,9999.000
202603151530,   0.857,   1.279,9999.000,9999.000,9999.000,9999.000,9999.000,9999.000,9999.000
202603151536,   0.795,   1.210,9999.000,9999.000,9999.000,9999.000,9999.000,9999.000,9999.000
202603151542,   0.736,   1.128,9999.000,9999.000,9999.000,9999.000,9999.000,9999.000,9999.000
202603151548,   0.682,   1.059,9999.000,9999.000,9999.000,9999.000,9999.000,9999.000,9999.000
202603151554,   0.633,   1.010,9999.000,9999.000,9999.000,9999.000,9999.000,9999.000,9999.000
202603151600,   0.588,   1.000,  -0.100,   0.512,   1.000,  -0.100,   1.000,  -0.100,   1.000
202603151606,   0.548,   0.941,9999.000,9999.000,9999.000,9999.000,9999.000,9999.000,9999.000
202603151612,   0.514,   0.839,9999.000,9999.000,9999.000,9999.000,9999.000,9999.000,9999.000
202603151618,   0.485,   0.790,9999.000,9999.000,9999.000,9999.000,9999.000,9999.000,9999.000
202603151624,   0.461,   0.741,9999.000,9999.000,9999.000,9999.000,9999.000,9999.000,9999.000
202603151630,   0.443,   0.718,9999.000,9999.000,9999.000,9999.000,9999.000,9999.000,9999.000
202603151636,   0.431,   0.718,9999.000,9999.000,9999.000,9999.000,9999.000,9999.000,9999.000
202603151642,   0.424,   0.708,9999.000,9999.000,9999.000,9999.000,9999.000,9999.000,9999.000
202603151648,   0.423,   0.659,9999.000,9999.000,9999.000,9999.000,9999.000,9999.000,9999.000
202603151654,   0.427,   0.741,9999.000,9999.000,9999.000,9999.000,9999.000,9999.000,9999.000
202603151700,   0.437,   0.731,  -0.100,   0.394,   0.731,  -0.100,   0.731,  -0.100,   0.731
202603151706,   0.452,   0.708,9999.000,9999.000,9999.000,9999.000,9999.000,9999.000,9999.000
202603151712,   0.472,   0.610,9999.000,9999.000,9999.000,9999.000,9999.000,9999.000,9999.000
202603151718,   0.497,   0.629,9999.000,9999.000,9999.000,9999.000,9999.000,9999.000,9999.000
202603151724,   0.526,   0.669,9999.000,9999.000,9999.000,9999.000,9999.000,9999.000,9999.000
202603151730,   0.560,   0.731,9999.000,9999.000,9999.000,9999.000,9999.000,9999.000,9999.000
202603151736,   0.597,   0.800,9999.000,9999.000,9999.000,9999.000,9999.000,9999.000,9999.000
202603151742,   0.639,   0.829,9999.000,9999.000,9999.000,9999.000,9999.000,9999.000,9999.000
202603151748,   0.683,   0.888,9999.000,9999.000,9999.000,9999.000,9999.000,9999.000,9999.000
202603151754,   0.731,   1.088,9999.000,9999.000,9999.000,9999.000,9999.000,9999.000,9999.000
202603151800,   0.781,   1.151,   0.000,   0.370,   1.151,   0.000,   1.151,   0.000,   1.151
202603151806,   0.835,   1.220,9999.000,9999.000,9999.000,9999.000,9999.000,9999.000,9999.000
202603151812,   0.890,   1.118,9999.000,9999.000,9999.000,9999.000,9999.000,9999.000,9999.000
202603151818,   0.948,   1.180,9999.000,9999.000,9999.000,9999.000,9999.000,9999.000,9999.000
202603151824,   1.007,   1.259,9999.000,9999.000,9999.000,9999.000,9999.000,9999.000,9999.000
202603151830,   1.068,   1.338,9999.000,9999.000,9999.000,9999.000,9999.000,9999.000,9999.000
202603151836,   1.131,   1.410,9999.000,9999.000,9999.000,9999.000,9999.000,9999.000,9999.000
202603151842,   1.195,   1.469,9999.000,9999.000,9999.000,9999.000,9999.000,9999.000,9999.000
202603151848,   1.261,   1.548,9999.000,9999.000,9999.000,9999.000,9999.000,9999.000,9999.000
202603151854,   1.327,   1.728,9999.000,9999.000,9999.000,9999.000,9999.000,9999.000,9999.000
202603151900,   1.395,   1.810,   0.000,   0.415,   1.810,   0.000,   1.810,   0.000,   1.810
202603151906,   1.464,   1.879,9999.000,9999.000,9999.000,9999.000,9999.000,9999.000,9999.000
202603151912,   1.534,   1.781,9999.000,9999.000,9999.000,9999.000,9999.000,9999.000,9999.000
202603151918,   1.604,   1.869,9999.000,9999.000,9999.000,9999.000,9999.000,9999.000,9999.000
202603151924,   1.675,   1.938,9999.000,9999.000,9999.000,9999.000,9999.000,9999.000,9999.000
202603151930,   1.747,   2.010,9999.000,9999.000,9999.000,9999.000,9999.000,9999.000,9999.000
202603151936,   1.820,   2.089,9999.000,9999.000,9999.000,9999.000,9999.000,9999.000,9999.000
202603151942,   1.893,   2.168,9999.000,9999.000,9999.000,9999.000,9999.000,9999.000,9999.000
202603151948,   1.967,   2.240,9999.000,9999.000,9999.000,9999.000,9999.000,9999.000,9999.000
202603151954,   2.041,   2.519,9999.000,9999.000,9999.000,9999.000,9999.000,9999.000,9999.000
202603152000,   2.116,   2.587,   0.000,   0.471,   2.587,   0.000,   2.587,   0.000,   2.587
202603152006,   2.190,   2.679,9999.000,9999.000,9999.000,9999.000,9999.000,9999.000,9999.000
202603152012,   2.264,   2.578,9999.000,9999.000,9999.000,9999.000,9999.000,9999.000,9999.000
202603152018,   2.340,   2.679,9999.000,9999.000,9999.000,9999.000,9999.000,9999.000,9999.000
202603152024,   2.412,   2.728,9999.000,9999.000,9999.000,9999.000,9999.000,9999.000,9999.000
202603152030,   2.485,   2.778,9999.000,9999.000,9999.000,9999.000,9999.000,9999.000,9999.000
202603152036,   2.557,   2.840,9999.000,9999.000,9999.000,9999.000,9999.000,9999.000,9999.000
202603152042,   2.628,   2.919,9999.000,9999.000,9999.000,9999.000,9999.000,9999.000,9999.000
202603152048,   2.698,   2.997,9999.000,9999.000,9999.000,9999.000,9999.000,9999.000,9999.000
202603152054,   2.765,   3.070,9999.000,9999.000,9999.000,9999.000,9999.000,9999.000,9999.000
202603152100,   2.831,   3.319,   0.000,   0.488,   3.319,   0.000,   3.319,   0.000,   3.319
202603152106,   2.895,   3.388,9999.000,9999.000,9999.000,9999.000,9999.000,9999.000,9999.000
202603152112,   2.956,   3.289,9999.000,9999.000,9999.000,9999.000,9999.000,9999.000,9999.000
202603152118,   3.015,   3.348,9999.000,9999.000,9999.000,9999.000,9999.000,9999.000,9999.000
202603152124,   3.070,   3.388,9999.000,9999.000,9999.000,9999.000,9999.000,9999.000,9999.000
202603152130,   3.123,   3.460,9999.000,9999.000,9999.000,9999.000,9999.000,9999.000,9999.000
202603152136,   3.172,   3.519,9999.000,9999.000,9999.000,9999.000,9999.000,9999.000,9999.000
202603152142,   3.217,   3.588,9999.000,9999.000,9999.000,9999.000,9999.000,9999.000,9999.000
202603152148,   3.258,   3.637,9999.000,9999.000,9999.000,9999.000,9999.000,9999.000,9999.000
202603152154,   3.295,   3.870,9999.000,9999.000,9999.000,9999.000,9999.000,9999.000,9999.000
202603152200,   3.328,   3.909,   0.000,   0.581,   3.909,   0.000,   3.909,   0.100,   4.009
202603152206,   3.357,   3.919,9999.000,9999.000,9999.000,9999.000,9999.000,9999.000,9999.000
202603152212,   3.381,   3.827,9999.000,9999.000,9999.000,9999.000,9999.000,9999.000,9999.000
202603152218,   3.400,   3.880,9999.000,9999.000,9999.000,9999.000,9999.000,9999.000,9999.000
202603152224,   3.415,   3.929,9999.000,9999.000,9999.000,9999.000,9999.000,9999.000,9999.000
202603152230,   3.425,   3.949,9999.000,9999.000,9999.000,9999.000,9999.000,9999.000,9999.000
202603152236,   3.430,   3.968,9999.000,9999.000,9999.000,9999.000,9999.000,9999.000,9999.000
202603152242,   3.430,   4.008,9999.000,9999.000,9999.000,9999.000,9999.000,9999.000,9999.000
202603152248,   3.426,   4.027,9999.000,9999.000,9999.000,9999.000,9999.000,9999.000,9999.000
202603152254,   3.417,   4.149,9999.000,9999.000,9999.000,9999.000,9999.000,9999.000,9999.000
202603152300,   3.403,   4.149,   0.100,   0.646,   4.149,   0.000,   4.049,   0.100,   4.149
202603152306,   3.384,   4.139,9999.000,9999.000,9999.000,9999.000,9999.000,9999.000,9999.000
202603152312,   3.361,   4.037,9999.000,9999.000,9999.000,9999.000,9999.000,9999.000,9999.000
202603152318,   3.333,   3.998,9999.000,9999.000,9999.000,9999.000,9999.000,9999.000,9999.000
202603152324,   3.301,   3.988,9999.000,9999.000,9999.000,9999.000,9999.000,9999.000,9999.000
202603152330,   3.264,   3.968,9999.000,9999.000,9999.000,9999.000,9999.000,9999.000,9999.000
202603152336,   3.224,   3.958,9999.000,9999.000,9999.000,9999.000,9999.000,9999.000,9999.000
202603152342,   3.180,   3.929,9999.000,9999.000,9999.000,9999.000,9999.000,9999.000,9999.000
202603152348,   3.132,   3.880,9999.000,9999.000,9999.000,9999.000,9999.000,9999.000,9999.000
202603152354,   3.081,   3.827,9999.000,9999.000,9999.000,9999.000,9999.000,9999.000,9999.000
202603160000,   3.027,   3.837,   0.300,   0.510,   3.837,   0.200,   3.737,   0.300,   3.837
202603160006,   2.969,   3.778,9999.000,9999.000,9999.000,9999.000,9999.000,9999.000,9999.000
202603160012,   2.909,   3.680,9999.000,9999.000,9999.000,9999.000,9999.000,9999.000,9999.000
202603160018,   2.846,   3.660,9999.000,9999.000,9999.000,9999.000,9999.000,9999.000,9999.000
202603160024,   2.782,   3.607,9999.000,9999.000,9999.000,9999.000,9999.000,9999.000,9999.000
202603160030,   2.715,   3.558,9999.000,9999.000,9999.000,9999.000,9999.000,9999.000,9999.000
202603160036,   2.646,   3.499,9999.000,9999.000,9999.000,9999.000,9999.000,9999.000,9999.000
202603160042,   2.576,   3.460,9999.000,9999.000,9999.000,9999.000,9999.000,9999.000,9999.000
202603160048,   2.504,   3.427,9999.000,9999.000,9999.000,9999.000,9999.000,9999.000,9999.000
202603160054,   2.431,   3.339,9999.000,9999.000,9999.000,9999.000,9999.000,9999.000,9999.000
202603160100,   2.358,   3.309,   0.300,   0.651,   3.309,   0.300,   3.309,   0.300,   3.309
202603160106,   2.283,   3.250,9999.000,9999.000,9999.000,9999.000,9999.000,9999.000,9999.000
202603160112,   2.208,   3.148,9999.000,9999.000,9999.000,9999.000,9999.000,9999.000,9999.000
202603160118,   2.133,   3.070,9999.000,9999.000,9999.000,9999.000,9999.000,9999.000,9999.000
202603160124,   2.057,   3.017,9999.000,9999.000,9999.000,9999.000,9999.000,9999.000,9999.000
202603160130,   1.981,   2.938,9999.000,9999.000,9999.000,9999.000,9999.000,9999.000,9999.000
202603160136,   1.906,   2.860,9999.000,9999.000,9999.000,9999.000,9999.000,9999.000,9999.000
202603160142,   1.830,   2.787,9999.000,9999.000,9999.000,9999.000,9999.000,9999.000,9999.000
202603160148,   1.754,   2.689,9999.000,9999.000,9999.000,9999.000,9999.000,9999.000,9999.000
202603160154,   1.679,   2.640,9999.000,9999.000,9999.000,9999.000,9999.000,9999.000,9999.000
202603160200,   1.604,   2.578,   0.300,   0.674,   2.578,   0.300,   2.578,   0.400,   2.678
202603160206,   1.529,   2.509,9999.000,9999.000,9999.000,9999.000,9999.000,9999.000,9999.000
202603160212,   1.455,   2.410,9999.000,9999.000,9999.000,9999.000,9999.000,9999.000,9999.000
202603160218,   1.381,   2.348,9999.000,9999.000,9999.000,9999.000,9999.000,9999.000,9999.000
202603160224,   1.308,   2.279,9999.000,9999.000,9999.000,9999.000,9999.000,9999.000,9999.000
202603160230,   1.236,   2.220,9999.000,9999.000,9999.000,9999.000,9999.000,9999.000,9999.000
202603160236,   1.164,   2.168,9999.000,9999.000,9999.000,9999.000,9999.000,9999.000,9999.000
202603160242,   1.094,   2.109,9999.000,9999.000,9999.000,9999.000,9999.000,9999.000,9999.000
202603160248,   1.024,   2.049,9999.000,9999.000,9999.000,9999.000,9999.000,9999.000,9999.000
202603160254,   0.956,   2.069,9999.000,9999.000,9999.000,9999.000,9999.000,9999.000,9999.000
202603160300,   0.889,   2.030,   0.400,   0.741,   2.030,   0.300,   1.930,   0.400,   2.030
202603160306,   0.823,   1.967,9999.000,9999.000,9999.000,9999.000,9999.000,9999.000,9999.000
202603160312,   0.760,   1.869,9999.000,9999.000,9999.000,9999.000,9999.000,9999.000,9999.000
202603160318,   0.698,   1.810,9999.000,9999.000,9999.000,9999.000,9999.000,9999.000,9999.000
202603160324,   0.639,   1.758,9999.000,9999.000,9999.000,9999.000,9999.000,9999.000,9999.000
202603160330,   0.583,   1.718,9999.000,9999.000,9999.000,9999.000,9999.000,9999.000,9999.000
202603160336,   0.529,   1.689,9999.000,9999.000,9999.000,9999.000,9999.000,9999.000,9999.000
202603160342,   0.479,   1.669,9999.000,9999.000,9999.000,9999.000,9999.000,9999.000,9999.000
202603160348,   0.432,   1.610,9999.000,9999.000,9999.000,9999.000,9999.000,9999.000,9999.000
202603160354,   0.390,   1.557,9999.000,9999.000,9999.000,9999.000,9999.000,9999.000,9999.000
202603160400,   0.351,   1.580,   0.400,   0.829,   1.580,   0.400,   1.580,   0.400,   1.580
202603160406,   0.317,   1.557,9999.000,9999.000,9999.000,9999.000,9999.000,9999.000,9999.000
202603160412,   0.287,   1.459,9999.000,9999.000,9999.000,9999.000,9999.000,9999.000,9999.000
202603160418,   0.263,   1.449,9999.000,9999.000,9999.000,9999.000,9999.000,9999.000,9999.000
202603160424,   0.244,   1.410,9999.000,9999.000,9999.000,9999.000,9999.000,9999.000,9999.000
202603160430,   0.230,   1.410,9999.000,9999.000,9999.000,9999.000,9999.000,9999.000,9999.000
202603160436,   0.222,   1.420,9999.000,9999.000,9999.000,9999.000,9999.000,9999.000,9999.000
202603160442,   0.219,   1.439,9999.000,9999.000,9999.000,9999.000,9999.000,9999.000,9999.000
202603160448,   0.222,   1.439,9999.000,9999.000,9999.000,9999.000,9999.000,9999.000,9999.000
202603160454,   0.232,   1.600,9999.000,9999.000,9999.000,9999.000,9999.000,9999.000,9999.000
202603160500,   0.247,   1.620,   0.500,   0.873,   1.620,   0.400,   1.520,   0.500,   1.620
202603160506,   0.267,   1.639,9999.000,9999.000,9999.000,9999.000,9999.000,9999.000,9999.000
202603160512,   0.294,   1.548,9999.000,9999.000,9999.000,9999.000,9999.000,9999.000,9999.000
202603160518,   0.325,   1.580,9999.000,9999.000,9999.000,9999.000,9999.000,9999.000,9999.000
202603160524,   0.362,   1.610,9999.000,9999.000,9999.000,9999.000,9999.000,9999.000,9999.000
202603160530,   0.405,   1.659,9999.000,9999.000,9999.000,9999.000,9999.000,9999.000,9999.000
202603160536,   0.452,   1.708,9999.000,9999.000,9999.000,9999.000,9999.000,9999.000,9999.000
202603160542,   0.503,   1.738,9999.000,9999.000,9999.000,9999.000,9999.000,9999.000,9999.000
202603160548,   0.559,   1.790,9999.000,9999.000,9999.000,9999.000,9999.000,9999.000,9999.000
202603160554,   0.619,   1.958,9999.000,9999.000,9999.000,9999.000,9999.000,9999.000,9999.000
202603160600,   0.683,   2.030,   0.500,   0.847,   2.030,   0.500,   2.030,   0.600,   2.130
202603160606,   0.750,   2.099,9999.000,9999.000,9999.000,9999.000,9999.000,9999.000,9999.000
202603160612,   0.820,   2.000,9999.000,9999.000,9999.000,9999.000,9999.000,9999.000,9999.000
202603160618,   0.892,   2.069,9999.000,9999.000,9999.000,9999.000,9999.000,9999.000,9999.000
202603160624,   0.967,   2.118,9999.000,9999.000,9999.000,9999.000,9999.000,9999.000,9999.000
202603160630,   1.044,   2.191,9999.000,9999.000,9999.000,9999.000,9999.000,9999.000,9999.000
202603160636,   1.123,   2.230,9999.000,9999.000,9999.000,9999.000,9999.000,9999.000,9999.000
202603160642,   1.203,   2.299,9999.000,9999.000,9999.000,9999.000,9999.000,9999.000,9999.000
202603160648,   1.285,   2.387,9999.000,9999.000,9999.000,9999.000,9999.000,9999.000,9999.000
202603160654,   1.368,   2.519,9999.000,9999.000,9999.000,9999.000,9999.000,9999.000,9999.000
202603160700,   1.452,   2.768,   0.600,   0.716,   2.768,   0.500,   2.668,   0.600,   2.768
202603160706,   1.536,   2.850,9999.000,9999.000,9999.000,9999.000,9999.000,9999.000,9999.000
202603160712,   1.622,   2.748,9999.000,9999.000,9999.000,9999.000,9999.000,9999.000,9999.000
202603160718,   1.708,   2.830,9999.000,9999.000,9999.000,9999.000,9999.000,9999.000,9999.000
202603160724,   1.794,   2.889,9999.000,9999.000,9999.000,9999.000,9999.000,9999.000,9999.000
202603160730,   1.881,   2.988,9999.000,9999.000,9999.000,9999.000,9999.000,9999.000,9999.000
202603160736,   1.968,   3.070,9999.000,9999.000,9999.000,9999.000,9999.000,9999.000,9999.000
202603160742,   2.055,   3.168,9999.000,9999.000,9999.000,9999.000,9999.000,9999.000,9999.000
202603160748,   2.143,   3.270,9999.000,9999.000,9999.000,9999.000,9999.000,9999.000,9999.000
202603160754,   2.230,   3.348,9999.000,9999.000,9999.000,9999.000,9999.000,9999.000,9999.000
202603160800,   2.318,   3.617,   0.600,   0.699,   3.617,   0.600,   3.617,   0.700,   3.717
202603160806,   2.405,   3.699,9999.000,9999.000,9999.000,9999.000,9999.000,9999.000,9999.000
202603160812,   2.493,   3.598,9999.000,9999.000,9999.000,9999.000,9999.000,9999.000,9999.000
202603160818,   2.580,   3.709,9999.000,9999.000,9999.000,9999.000,9999.000,9999.000,9999.000
202603160824,   2.667,   3.798,9999.000,9999.000,9999.000,9999.000,9999.000,9999.000,9999.000
202603160830,   2.754,   3.860,9999.000,9999.000,9999.000,9999.000,9999.000,9999.000,9999.000
202603160836,   2.840,   3.939,9999.000,9999.000,9999.000,9999.000,9999.000,9999.000,9999.000
202603160842,   2.926,   3.998,9999.000,9999.000,9999.000,9999.000,9999.000,9999.000,9999.000
202603160848,   3.010,   4.057,9999.000,9999.000,9999.000,9999.000,9999.000,9999.000,9999.000
202603160854,   3.093,   4.149,9999.000,9999.000,9999.000,9999.000,9999.000,9999.000,9999.000
202603160900,   3.175,   4.418,   0.600,   0.643,   4.418,   0.600,   4.418,   0.700,   4.518
202603160906,   3.256,   4.500,9999.000,9999.000,9999.000,9999.000,9999.000,9999.000,9999.000
202603160912,   3.335,   4.398,9999.000,9999.000,9999.000,9999.000,9999.000,9999.000,9999.000
202603160918,   3.412,   4.480,9999.000,9999.000,9999.000,9999.000,9999.000,9999.000,9999.000
202603160924,   3.486,   4.549,9999.000,9999.000,9999.000,9999.000,9999.000,9999.000,9999.000
202603160930,   3.558,   4.598,9999.000,9999.000,9999.000,9999.000,9999.000,9999.000,9999.000
202603160936,   3.628,   4.657,9999.000,9999.000,9999.000,9999.000,9999.000,9999.000,9999.000
202603160942,   3.694,   4.690,9999.000,9999.000,9999.000,9999.000,9999.000,9999.000,9999.000
202603160948,   3.757,   4.759,9999.000,9999.000,9999.000,9999.000,9999.000,9999.000,9999.000
202603160954,   3.817,   4.998,9999.000,9999.000,9999.000,9999.000,9999.000,9999.000,9999.000
202603161000,   3.874,   5.057,   0.700,   0.483,   5.057,   0.600,   4.957,   0.700,   5.057
202603161006,   3.926,   5.087,9999.000,9999.000,9999.000,9999.000,9999.000,9999.000,9999.000
202603161012,   3.974,   4.988,9999.000,9999.000,9999.000,9999.000,9999.000,9999.000,9999.000
202603161018,   4.019,   5.018,9999.000,9999.000,9999.000,9999.000,9999.000,9999.000,9999.000
202603161024,   4.059,   5.067,9999.000,9999.000,9999.000,9999.000,9999.000,9999.000,9999.000
202603161030,   4.094,   5.077,9999.000,9999.000,9999.000,9999.000,9999.000,9999.000,9999.000
202603161036,   4.125,   5.110,9999.000,9999.000,9999.000,9999.000,9999.000,9999.000,9999.000
202603161042,   4.151,   5.120,9999.000,9999.000,9999.000,9999.000,9999.000,9999.000,9999.000
202603161048,   4.172,   5.139,9999.000,9999.000,9999.000,9999.000,9999.000,9999.000,9999.000
202603161054,   4.189,   5.247,9999.000,9999.000,9999.000,9999.000,9999.000,9999.000,9999.000
202603161100,   4.201,   5.287,   0.700,   0.386,   5.287,   0.600,   5.187,   0.700,   5.287
202603161106,   4.207,   5.329,9999.000,9999.000,9999.000,9999.000,9999.000,9999.000,9999.000
202603161112,   4.209,   5.228,9999.000,9999.000,9999.000,9999.000,9999.000,9999.000,9999.000
202603161118,   4.206,   5.218,9999.000,9999.000,9999.000,9999.000,9999.000,9999.000,9999.000
202603161124,   4.198,   5.218,9999.000,9999.000,9999.000,9999.000,9999.000,9999.000,9999.000
202603161130,   4.185,   5.208,9999.000,9999.000,9999.000,9999.000,9999.000,9999.000,9999.000
202603161136,   4.168,   5.218,9999.000,9999.000,9999.000,9999.000,9999.000,9999.000,9999.000
202603161142,   4.145,   5.188,9999.000,9999.000,9999.000,9999.000,9999.000,9999.000,9999.000
202603161148,   4.118,   5.169,9999.000,9999.000,9999.000,9999.000,9999.000,9999.000,9999.000
202603161154,   4.087,   5.267,9999.000,9999.000,9999.000,9999.000,9999.000,9999.000,9999.000
202603161200,   4.051,   5.267,   0.600,   0.616,   5.267,   0.600,   5.267,   0.700,   5.367
202603161206,   4.011,   5.218,9999.000,9999.000,9999.000,9999.000,9999.000,9999.000,9999.000
202603161212,   3.967,   5.120,9999.000,9999.000,9999.000,9999.000,9999.000,9999.000,9999.000
202603161218,   3.919,   5.097,9999.000,9999.000,9999.000,9999.000,9999.000,9999.000,9999.000
202603161224,   3.868,   5.110,9999.000,9999.000,9999.000,9999.000,9999.000,9999.000,9999.000
202603161230,   3.813,   5.028,9999.000,9999.000,9999.000,9999.000,9999.000,9999.000,9999.000
202603161236,   3.754,   4.988,9999.000,9999.000,9999.000,9999.000,9999.000,9999.000,9999.000
202603161242,   3.692,   4.959,9999.000,9999.000,9999.000,9999.000,9999.000,9999.000,9999.000
202603161248,   3.627,   4.867,9999.000,9999.000,9999.000,9999.000,9999.000,9999.000,9999.000
202603161254,   3.560,   4.828,9999.000,9999.000,9999.000,9999.000,9999.000,9999.000,9999.000
202603161300,   3.490,   4.808,   0.600,   0.718,   4.808,   0.600,   4.808,   0.700,   4.908
202603161306,   3.417,   4.749,9999.000,9999.000,9999.000,9999.000,9999.000,9999.000,9999.000
202603161312,   3.342,   4.647,9999.000,9999.000,9999.000,9999.000,9999.000,9999.000,9999.000
202603161318,   3.265,   4.578,9999.000,9999.000,9999.000,9999.000,9999.000,9999.000,9999.000
202603161324,   3.186,   4.539,9999.000,9999.000,9999.000,9999.000,9999.000,9999.000,9999.000
202603161330,   3.105,   4.447,9999.000,9999.000,9999.000,9999.000,9999.000,9999.000,9999.000
202603161336,   3.023,   4.378,9999.000,9999.000,9999.000,9999.000,9999.000,9999.000,9999.000
202603161342,   2.939,   4.349,9999.000,9999.000,9999.000,9999.000,9999.000,9999.000,9999.000
202603161348,   2.854,   4.257,9999.000,9999.000,9999.000,9999.000,9999.000,9999.000,9999.000
202603161354,   2.768,   4.159,9999.000,9999.000,9999.000,9999.000,9999.000,9999.000,9999.000
202603161400,   2.681,   4.129,   0.600,   0.848,   4.129,   0.600,   4.129,   0.700,   4.229
202603161406,   2.592,   4.027,9999.000,9999.000,9999.000,9999.000,9999.000,9999.000,9999.000
202603161412,   2.503,   3.929,9999.000,9999.000,9999.000,9999.000,9999.000,9999.000,9999.000
202603161418,   2.412,   3.808,9999.000,9999.000,9999.000,9999.000,9999.000,9999.000,9999.000
202603161424,   2.321,   3.689,9999.000,9999.000,9999.000,9999.000,9999.000,9999.000,9999.000
202603161430,   2.229,   3.588,9999.000,9999.000,9999.000,9999.000,9999.000,9999.000,9999.000
202603161436,   2.137,   3.489,9999.000,9999.000,9999.000,9999.000,9999.000,9999.000,9999.000
202603161442,   2.044,   3.388,9999.000,9999.000,9999.000,9999.000,9999.000,9999.000,9999.000
202603161448,   1.951,   3.309,9999.000,9999.000,9999.000,9999.000,9999.000,9999.000,9999.000
202603161454,   1.857,   3.207,9999.000,9999.000,9999.000,9999.000,9999.000,9999.000,9999.000
202603161500,   1.764,   3.109,   0.700,   0.645,   3.109,   0.500,   2.909,   0.700,   3.109
202603161506,   1.670,   2.997,9999.000,9999.000,9999.000,9999.000,9999.000,9999.000,9999.000
202603161512,   1.577,   2.889,9999.000,9999.000,9999.000,9999.000,9999.000,9999.000,9999.000
202603161518,   1.484,   2.768,9999.000,9999.000,9999.000,9999.000,9999.000,9999.000,9999.000
202603161524,   1.391,   2.650,9999.000,9999.000,9999.000,9999.000,9999.000,9999.000,9999.000
202603161530,   1.300,   2.528,9999.000,9999.000,9999.000,9999.000,9999.000,9999.000,9999.000
202603161536,   1.210,   2.430,9999.000,9999.000,9999.000,9999.000,9999.000,9999.000,9999.000
202603161542,   1.121,   2.358,9999.000,9999.000,9999.000,9999.000,9999.000,9999.000,9999.000
202603161548,   1.034,   2.299,9999.000,9999.000,9999.000,9999.000,9999.000,9999.000,9999.000
202603161554,   0.949,   2.220,9999.000,9999.000,9999.000,9999.000,9999.000,9999.000,9999.000
202603161600,   0.867,   2.138,   0.700,   0.571,   2.138,   0.500,   1.938,   0.800,   2.238
202603161606,   0.788,   2.049,9999.000,9999.000,9999.000,9999.000,9999.000,9999.000,9999.000
202603161612,   0.711,   1.948,9999.000,9999.000,9999.000,9999.000,9999.000,9999.000,9999.000
202603161618,   0.639,   1.859,9999.000,9999.000,9999.000,9999.000,9999.000,9999.000,9999.000
202603161624,   0.571,   1.767,9999.000,9999.000,9999.000,9999.000,9999.000,9999.000,9999.000
202603161630,   0.507,   1.669,9999.000,9999.000,9999.000,9999.000,9999.000,9999.000,9999.000
202603161636,   0.448,   1.600,9999.000,9999.000,9999.000,9999.000,9999.000,9999.000,9999.000
202603161642,   0.394,   1.571,9999.000,9999.000,9999.000,9999.000,9999.000,9999.000,9999.000
202603161648,   0.345,   1.518,9999.000,9999.000,9999.000,9999.000,9999.000,9999.000,9999.000
202603161654,   0.302,   1.430,9999.000,9999.000,9999.000,9999.000,9999.000,9999.000,9999.000
202603161700,   0.265,   1.400,   0.700,   0.435,   1.400,   0.500,   1.200,   0.800,   1.500
202603161706,   0.234,   1.348,9999.000,9999.000,9999.000,9999.000,9999.000,9999.000,9999.000
202603161712,   0.209,   1.249,9999.000,9999.000,9999.000,9999.000,9999.000,9999.000,9999.000
202603161718,   0.190,   1.239,9999.000,9999.000,9999.000,9999.000,9999.000,9999.000,9999.000
202603161724,   0.178,   1.210,9999.000,9999.000,9999.000,9999.000,9999.000,9999.000,9999.000
202603161730,   0.172,   1.210,9999.000,9999.000,9999.000,9999.000,9999.000,9999.000,9999.000
202603161736,   0.173,   1.200,9999.000,9999.000,9999.000,9999.000,9999.000,9999.000,9999.000
202603161742,   0.180,   1.161,9999.000,9999.000,9999.000,9999.000,9999.000,9999.000,9999.000
202603161748,   0.193,   1.128,9999.000,9999.000,9999.000,9999.000,9999.000,9999.000,9999.000
202603161754,   0.212,   1.229,9999.000,9999.000,9999.000,9999.000,9999.000,9999.000,9999.000
202603161800,   0.237,   1.269,   0.700,   0.332,   1.269,   0.500,   1.069,   0.800,   1.369
202603161806,   0.267,   1.328,9999.000,9999.000,9999.000,9999.000,9999.000,9999.000,9999.000
202603161812,   0.303,   1.229,9999.000,9999.000,9999.000,9999.000,9999.000,9999.000,9999.000
202603161818,   0.344,   1.239,9999.000,9999.000,9999.000,9999.000,9999.000,9999.000,9999.000
202603161824,   0.389,   1.298,9999.000,9999.000,9999.000,9999.000,9999.000,9999.000,9999.000
202603161830,   0.439,   1.361,9999.000,9999.000,9999.000,9999.000,9999.000,9999.000,9999.000
202603161836,   0.493,   1.410,9999.000,9999.000,9999.000,9999.000,9999.000,9999.000,9999.000
202603161842,   0.551,   1.479,9999.000,9999.000,9999.000,9999.000,9999.000,9999.000,9999.000
202603161848,   0.612,   1.689,9999.000,9999.000,9999.000,9999.000,9999.000,9999.000,9999.000
202603161854,   0.676,   1.758,9999.000,9999.000,9999.000,9999.000,9999.000,9999.000,9999.000
202603161900,   0.744,   1.830,   0.700,   0.386,   1.830,   0.500,   1.630,   0.800,   1.930
202603161906,   0.814,   1.908,9999.000,9999.000,9999.000,9999.000,9999.000,9999.000,9999.000
202603161912,   0.886,   1.810,9999.000,9999.000,9999.000,9999.000,9999.000,9999.000,9999.000
202603161918,   0.961,   1.889,9999.000,9999.000,9999.000,9999.000,9999.000,9999.000,9999.000
202603161924,   1.037,   1.958,9999.000,9999.000,9999.000,9999.000,9999.000,9999.000,9999.000
202603161930,   1.116,   2.049,9999.000,9999.000,9999.000,9999.000,9999.000,9999.000,9999.000
202603161936,   1.196,   2.128,9999.000,9999.000,9999.000,9999.000,9999.000,9999.000,9999.000
202603161942,   1.277,   2.210,9999.000,9999.000,9999.000,9999.000,9999.000,9999.000,9999.000
202603161948,   1.360,   2.309,9999.000,9999.000,9999.000,9999.000,9999.000,9999.000,9999.000
202603161954,   1.444,   2.377,9999.000,9999.000,9999.000,9999.000,9999.000,9999.000,9999.000
202603162000,   1.529,   2.660,   0.700,   0.431,   2.660,   0.500,   2.460,   0.800,   2.760
202603162006,   1.615,   2.728,9999.000,9999.000,9999.000,9999.000,9999.000,9999.000,9999.000
202603162012,   1.702,   2.630,9999.000,9999.000,9999.000,9999.000,9999.000,9999.000,9999.000
202603162018,   1.789,   2.738,9999.000,9999.000,9999.000,9999.000,9999.000,9999.000,9999.000
202603162024,   1.877,   2.820,9999.000,9999.000,9999.000,9999.000,9999.000,9999.000,9999.000
202603162030,   1.965,   2.889,9999.000,9999.000,9999.000,9999.000,9999.000,9999.000,9999.000
202603162036,   2.054,   2.968,9999.000,9999.000,9999.000,9999.000,9999.000,9999.000,9999.000
202603162042,   2.143,   3.060,9999.000,9999.000,9999.000,9999.000,9999.000,9999.000,9999.000
202603162048,   2.231,   3.158,9999.000,9999.000,9999.000,9999.000,9999.000,9999.000,9999.000
202603162054,   2.320,   3.250,9999.000,9999.000,9999.000,9999.000,9999.000,9999.000,9999.000
202603162100,   2.408,   3.548,   0.700,   0.440,   3.548,   0.500,   3.348,   0.800,   3.648
202603162106,   2.495,   3.637,9999.000,9999.000,9999.000,9999.000,9999.000,9999.000,9999.000
202603162112,   2.581,   3.539,9999.000,9999.000,9999.000,9999.000,9999.000,9999.000,9999.000
202603162118,   2.667,   3.617,9999.000,9999.000,9999.000,9999.000,9999.000,9999.000,9999.000
202603162124,   2.750,   3.699,9999.000,9999.000,9999.000,9999.000,9999.000,9999.000,9999.000
202603162130,   2.833,   3.788,9999.000,9999.000,9999.000,9999.000,9999.000,9999.000,9999.000
202603162136,   2.913,   3.890,9999.000,9999.000,9999.000,9999.000,9999.000,9999.000,9999.000
202603162142,   2.991,   3.958,9999.000,9999.000,9999.000,9999.000,9999.000,9999.000,9999.000
202603162148,   3.067,   4.017,9999.000,9999.000,9999.000,9999.000,9999.000,9999.000,9999.000
202603162154,   3.139,   4.290,9999.000,9999.000,9999.000,9999.000,9999.000,9999.000,9999.000
202603162200,   3.209,   4.378,   0.700,   0.469,   4.378,   0.500,   4.178,   0.800,   4.478
202603162206,   3.276,   4.437,9999.000,9999.000,9999.000,9999.000,9999.000,9999.000,9999.000
202603162212,   3.339,   4.339,9999.000,9999.000,9999.000,9999.000,9999.000,9999.000,9999.000
202603162218,   3.398,   4.378,9999.000,9999.000,9999.000,9999.000,9999.000,9999.000,9999.000
202603162224,   3.453,   4.437,9999.000,9999.000,9999.000,9999.000,9999.000,9999.000,9999.000
202603162230,   3.504,   4.500,9999.000,9999.000,9999.000,9999.000,9999.000,9999.000,9999.000
202603162236,   3.550,   4.588,9999.000,9999.000,9999.000,9999.000,9999.000,9999.000,9999.000
202603162242,   3.592,   4.647,9999.000,9999.000,9999.000,9999.000,9999.000,9999.000,9999.000
202603162248,   3.629,   4.700,9999.000,9999.000,9999.000,9999.000,9999.000,9999.000,9999.000
202603162254,   3.661,   4.739,9999.000,9999.000,9999.000,9999.000,9999.000,9999.000,9999.000
202603162300,   3.688,   4.900,   0.700,   0.512,   4.900,   0.500,   4.700,   0.800,   5.000
202603162306,   3.710,   4.887,9999.000,9999.000,9999.000,9999.000,9999.000,9999.000,9999.000
202603162312,   3.727,   4.788,9999.000,9999.000,9999.000,9999.000,9999.000,9999.000,9999.000
202603162318,   3.739,   4.778,9999.000,9999.000,9999.000,9999.000,9999.000,9999.000,9999.000
202603162324,   3.746,   4.778,9999.000,9999.000,9999.000,9999.000,9999.000,9999.000,9999.000
202603162330,   3.747,   4.808,9999.000,9999.000,9999.000,9999.000,9999.000,9999.000,9999.000
202603162336,   3.743,   4.818,9999.000,9999.000,9999.000,9999.000,9999.000,9999.000,9999.000
202603162342,   3.734,   4.828,9999.000,9999.000,9999.000,9999.000,9999.000,9999.000,9999.000
202603162348,   3.719,   4.857,9999.000,9999.000,9999.000,9999.000,9999.000,9999.000,9999.000
202603162354,   3.700,   4.959,9999.000,9999.000,9999.000,9999.000,9999.000,9999.000,9999.000
202603170000,   3.675,   4.959,   0.600,   0.684,   4.959,   0.500,   4.859,   0.700,   5.059
202603170006,   3.646,   4.949,9999.000,9999.000,9999.000,9999.000,9999.000,9999.000,9999.000
202603170012,   3.612,   4.847,9999.000,9999.000,9999.000,9999.000,9999.000,9999.000,9999.000
202603170018,   3.574,   4.769,9999.000,9999.000,9999.000,9999.000,9999.000,9999.000,9999.000
202603170024,   3.531,   4.729,9999.000,9999.000,9999.000,9999.000,9999.000,9999.000,9999.000
202603170030,   3.483,   4.739,9999.000,9999.000,9999.000,9999.000,9999.000,9999.000,9999.000
202603170036,   3.432,   4.667,9999.000,9999.000,9999.000,9999.000,9999.000,9999.000,9999.000
202603170042,   3.377,   4.569,9999.000,9999.000,9999.000,9999.000,9999.000,9999.000,9999.000
202603170048,   3.318,   4.490,9999.000,9999.000,9999.000,9999.000,9999.000,9999.000,9999.000
202603170054,   3.255,   4.447,9999.000,9999.000,9999.000,9999.000,9999.000,9999.000,9999.000
202603170100,   3.189,   4.398,   0.600,   0.609,   4.398,   0.500,   4.298,   0.700,   4.498
202603170106,   3.121,   4.349,9999.000,9999.000,9999.000,9999.000,9999.000,9999.000,9999.000
202603170112,   3.049,   4.247,9999.000,9999.000,9999.000,9999.000,9999.000,9999.000,9999.000
202603170118,   2.975,   4.168,9999.000,9999.000,9999.000,9999.000,9999.000,9999.000,9999.000
202603170124,   2.898,   4.119,9999.000,9999.000,9999.000,9999.000,9999.000,9999.000,9999.000
202603170130,   2.820,   4.027,9999.000,9999.000,9999.000,9999.000,9999.000,9999.000,9999.000
202603170136,   2.739,   3.929,9999.000,9999.000,9999.000,9999.000,9999.000,9999.000,9999.000
202603170142,   2.657,   3.817,9999.000,9999.000,9999.000,9999.000,9999.000,9999.000,9999.000
202603170148,   2.573,   3.758,9999.000,9999.000,9999.000,9999.000,9999.000,9999.000,9999.000
202603170154,   2.488,   3.699,9999.000,9999.000,9999.000,9999.000,9999.000,9999.000,9999.000
202603170200,   2.402,   3.689,   0.600,   0.687,   3.689,   0.400,   3.489,   0.700,   3.789
202603170206,   2.315,   3.588,9999.000,9999.000,9999.000,9999.000,9999.000,9999.000,9999.000
202603170212,   2.228,   3.489,9999.000,9999.000,9999.000,9999.000,9999.000,9999.000,9999.000
202603170218,   2.139,   3.358,9999.000,9999.000,9999.000,9999.000,9999.000,9999.000,9999.000
202603170224,   2.051,   3.240,9999.000,9999.000,9999.000,9999.000,9999.000,9999.000,9999.000
202603170230,   1.962,   3.158,9999.000,9999.000,9999.000,9999.000,9999.000,9999.000,9999.000
202603170236,   1.872,   3.099,9999.000,9999.000,9999.000,9999.000,9999.000,9999.000,9999.000
202603170242,   1.783,   3.040,9999.000,9999.000,9999.000,9999.000,9999.000,9999.000,9999.000
202603170248,   1.694,   2.958,9999.000,9999.000,9999.000,9999.000,9999.000,9999.000,9999.000
202603170254,   1.605,   2.850,9999.000,9999.000,9999.000,9999.000,9999.000,9999.000,9999.000
202603170300,   1.516,   2.787,   0.600,   0.671,   2.787,   0.400,   2.587,   0.700,   2.887
202603170306,   1.427,   2.728,9999.000,9999.000,9999.000,9999.000,9999.000,9999.000,9999.000
202603170312,   1.339,   2.630,9999.000,9999.000,9999.000,9999.000,9999.000,9999.000,9999.000
202603170318,   1.252,   2.519,9999.000,9999.000,9999.000,9999.000,9999.000,9999.000,9999.000
202603170324,   1.165,   2.430,9999.000,9999.000,9999.000,9999.000,9999.000,9999.000,9999.000
202603170330,   1.080,   2.348,9999.000,9999.000,9999.000,9999.000,9999.000,9999.000,9999.000
202603170336,   0.995,   2.328,9999.000,9999.000,9999.000,9999.000,9999.000,9999.000,9999.000
202603170342,   0.912,   2.358,9999.000,9999.000,9999.000,9999.000,9999.000,9999.000,9999.000
202603170348,   0.830,   2.338,9999.000,9999.000,9999.000,9999.000,9999.000,9999.000,9999.000
202603170354,   0.750,   2.250,9999.000,9999.000,9999.000,9999.000,9999.000,9999.000,9999.000
202603170400,   0.673,   2.259,   0.700,   0.886,   2.259,   0.500,   2.059,   0.800,   2.359
202603170406,   0.597,   2.168,9999.000,9999.000,9999.000,9999.000,9999.000,9999.000,9999.000
202603170412,   0.524,   2.069,9999.000,9999.000,9999.000,9999.000,9999.000,9999.000,9999.000
202603170418,   0.454,   2.020,9999.000,9999.000,9999.000,9999.000,9999.000,9999.000,9999.000
202603170424,   0.388,   1.889,9999.000,9999.000,9999.000,9999.000,9999.000,9999.000,9999.000
202603170430,   0.325,   1.790,9999.000,9999.000,9999.000,9999.000,9999.000,9999.000,9999.000
202603170436,   0.266,   1.718,9999.000,9999.000,9999.000,9999.000,9999.000,9999.000,9999.000
202603170442,   0.211,   1.620,9999.000,9999.000,9999.000,9999.000,9999.000,9999.000,9999.000
202603170448,   0.161,   1.508,9999.000,9999.000,9999.000,9999.000,9999.000,9999.000,9999.000
202603170454,   0.116,   1.400,9999.000,9999.000,9999.000,9999.000,9999.000,9999.000,9999.000
202603170500,   0.076,   1.289,   0.600,   0.613,   1.289,   0.400,   1.089,   0.700,   1.389
202603170506,   0.042,   1.220,9999.000,9999.000,9999.000,9999.000,9999.000,9999.000,9999.000
202603170512,   0.013,   1.118,9999.000,9999.000,9999.000,9999.000,9999.000,9999.000,9999.000
202603170518,  -0.008,   1.059,9999.000,9999.000,9999.000,9999.000,9999.000,9999.000,9999.000
202603170524,  -0.024,   0.961,9999.000,9999.000,9999.000,9999.000,9999.000,9999.000,9999.000
202603170530,  -0.034,   0.869,9999.000,9999.000,9999.000,9999.000,9999.000,9999.000,9999.000
202603170536,  -0.037,   0.810,9999.000,9999.000,9999.000,9999.000,9999.000,9999.000,9999.000
202603170542,  -0.033,   0.718,9999.000,9999.000,9999.000,9999.000,9999.000,9999.000,9999.000
202603170548,  -0.023,   0.639,9999.000,9999.000,9999.000,9999.000,9999.000,9999.000,9999.000
202603170554,  -0.006,   0.580,9999.000,9999.000,9999.000,9999.000,9999.000,9999.000,9999.000
202603170600,   0.016,   0.531,   0.300,   0.215,   0.531,   0.200,   0.431,   0.400,   0.631
202603170606,   0.046,   0.459,9999.000,9999.000,9999.000,9999.000,9999.000,9999.000,9999.000
202603170612,   0.081,   0.360,9999.000,9999.000,9999.000,9999.000,9999.000,9999.000,9999.000
202603170618,   0.123,   0.288,9999.000,9999.000,9999.000,9999.000,9999.000,9999.000,9999.000
202603170624,   0.171,   0.200,9999.000,9999.000,9999.000,9999.000,9999.000,9999.000,9999.000
202603170630,   0.225,   0.150,9999.000,9999.000,9999.000,9999.000,9999.000,9999.000,9999.000
202603170636,   0.283,   0.098,9999.000,9999.000,9999.000,9999.000,9999.000,9999.000,9999.000
202603170642,   0.347,   0.029,9999.000,9999.000,9999.000,9999.000,9999.000,9999.000,9999.000
202603170648,   0.415,  -0.039,9999.000,9999.000,9999.000,9999.000,9999.000,9999.000,9999.000
202603170654,   0.487,  -0.078,9999.000,9999.000,9999.000,9999.000,9999.000,9999.000,9999.000
202603170700,   0.563,  -0.088,   0.300,  -0.951,  -0.088,   0.200,  -0.188,   0.300,  -0.088
202603170706,   0.643,  -0.029,9999.000,9999.000,9999.000,9999.000,9999.000,9999.000,9999.000
202603170712,   0.726,  -0.131,9999.000,9999.000,9999.000,9999.000,9999.000,9999.000,9999.000
202603170718,   0.812,   0.000,9999.000,9999.000,9999.000,9999.000,9999.000,9999.000,9999.000
202603170724,   0.900,   0.049,9999.000,9999.000,9999.000,9999.000,9999.000,9999.000,9999.000
202603170730,   0.991,   0.190,9999.000,9999.000,9999.000,9999.000,9999.000,9999.000,9999.000
202603170736,   1.084,   0.268,9999.000,9999.000,9999.000,9999.000,9999.000,9999.000,9999.000
202603170742,   1.178,   0.380,9999.000,9999.000,9999.000,9999.000,9999.000,9999.000,9999.000
202603170748,   1.274,   0.478,9999.000,9999.000,9999.000,9999.000,9999.000,9999.000,9999.000
202603170754,   1.371,   0.570,9999.000,9999.000,9999.000,9999.000,9999.000,9999.000,9999.000
202603170800,   1.470,   0.990,   0.200,  -0.680,   0.990,   0.100,   0.890,   0.300,   1.090
202603170806,   1.569,   1.088,9999.000,9999.000,9999.000,9999.000,9999.000,9999.000,9999.000
202603170812,   1.669,   0.990,9999.000,9999.000,9999.000,9999.000,9999.000,9999.000,9999.000
202603170818,   1.769,   1.069,9999.000,9999.000,9999.000,9999.000,9999.000,9999.000,9999.000
202603170824,   1.870,   1.220,9999.000,9999.000,9999.000,9999.000,9999.000,9999.000,9999.000
202603170830,   1.971,   1.328,9999.000,9999.000,9999.000,9999.000,9999.000,9999.000,9999.000
202603170836,   2.073,   1.420,9999.000,9999.000,9999.000,9999.000,9999.000,9999.000,9999.000
202603170842,   2.174,   1.557,9999.000,9999.000,9999.000,9999.000,9999.000,9999.000,9999.000
202603170848,   2.276,   1.679,9999.000,9999.000,9999.000,9999.000,9999.000,9999.000,9999.000
202603170854,   2.377,   2.020,9999.000,9999.000,9999.000,9999.000,9999.000,9999.000,9999.000
202603170900,   2.477,   2.148,   0.100,  -0.429,   2.148,   0.000,   2.048,   0.200,   2.248
202603170906,   2.578,   2.318,9999.000,9999.000,9999.000,9999.000,9999.000,9999.000,9999.000
202603170912,   2.677,   2.220,9999.000,9999.000,9999.000,9999.000,9999.000,9999.000,9999.000
202603170918,   2.776,   2.309,9999.000,9999.000,9999.000,9999.000,9999.000,9999.000,9999.000
202603170924,   2.874,   2.377,9999.000,9999.000,9999.000,9999.000,9999.000,9999.000,9999.000
202603170930,   2.970,   2.489,9999.000,9999.000,9999.000,9999.000,9999.000,9999.000,9999.000
202603170936,   3.065,   2.578,9999.000,9999.000,9999.000,9999.000,9999.000,9999.000,9999.000
202603170942,   3.158,   2.610,9999.000,9999.000,9999.000,9999.000,9999.000,9999.000,9999.000
202603170948,   3.250,   2.660,9999.000,9999.000,9999.000,9999.000,9999.000,9999.000,9999.000
202603170954,   3.339,   2.929,9999.000,9999.000,9999.000,9999.000,9999.000,9999.000,9999.000
202603171000,   3.426,   3.007,   0.100,  -0.519,   3.007,   0.000,   2.907,   0.100,   3.007
202603171006,   3.511,   3.060,9999.000,9999.000,9999.000,9999.000,9999.000,9999.000,9999.000
202603171012,   3.592,   2.958,9999.000,9999.000,9999.000,9999.000,9999.000,9999.000,9999.000
202603171018,   3.671,   3.040,9999.000,9999.000,9999.000,9999.000,9999.000,9999.000,9999.000
202603171024,   3.746,   3.099,9999.000,9999.000,9999.000,9999.000,9999.000,9999.000,9999.000
202603171030,   3.818,   3.207,9999.000,9999.000,9999.000,9999.000,9999.000,9999.000,9999.000
202603171036,   3.885,   3.250,9999.000,9999.000,9999.000,9999.000,9999.000,9999.000,9999.000
202603171042,   3.949,   3.398,9999.000,9999.000,9999.000,9999.000,9999.000,9999.000,9999.000
202603171048,   4.009,   3.578,9999.000,9999.000,9999.000,9999.000,9999.000,9999.000,9999.000
202603171054,   4.064,   3.758,9999.000,9999.000,9999.000,9999.000,9999.000,9999.000,9999.000
202603171100,   4.115,   3.798,   0.100,  -0.417,   3.798,   0.000,   3.698,   0.100,   3.798
202603171106,   4.161,   3.808,9999.000,9999.000,9999.000,9999.000,9999.000,9999.000,9999.000
202603171112,   4.202,   3.709,9999.000,9999.000,9999.000,9999.000,9999.000,9999.000,9999.000
202603171118,   4.238,   3.749,9999.000,9999.000,9999.000,9999.000,9999.000,9999.000,9999.000
202603171124,   4.270,   3.798,9999.000,9999.000,9999.000,9999.000,9999.000,9999.000,9999.000
202603171130,   4.296,   3.847,9999.000,9999.000,9999.000,9999.000,9999.000,9999.000,9999.000
202603171136,   4.316,   3.939,9999.000,9999.000,9999.000,9999.000,9999.000,9999.000,9999.000
202603171142,   4.332,   3.978,9999.000,9999.000,9999.000,9999.000,9999.000,9999.000,9999.000
202603171148,   4.342,   4.008,9999.000,9999.000,9999.000,9999.000,9999.000,9999.000,9999.000
202603171154,   4.347,   4.027,9999.000,9999.000,9999.000,9999.000,9999.000,9999.000,9999.000
202603171200,   4.347,   4.047,   0.000,  -0.300,   4.047,   0.000,   4.047,   0.100,   4.147
202603171206,   4.341,   3.998,9999.000,9999.000,9999.000,9999.000,9999.000,9999.000,9999.000
202603171212,   4.331,   3.909,9999.000,9999.000,9999.000,9999.000,9999.000,9999.000,9999.000
202603171218,   4.315,   3.899,9999.000,9999.000,9999.000,9999.000,9999.000,9999.000,9999.000
202603171224,   4.293,   3.860,9999.000,9999.000,9999.000,9999.000,9999.000,9999.000,9999.000
202603171230,   4.267,   3.758,9999.000,9999.000,9999.000,9999.000,9999.000,9999.000,9999.000
202603171236,   4.236,   3.729,9999.000,9999.000,9999.000,9999.000,9999.000,9999.000,9999.000
202603171242,   4.200,   3.617,9999.000,9999.000,9999.000,9999.000,9999.000,9999.000,9999.000
202603171248,   4.159,   3.607,9999.000,9999.000,9999.000,9999.000,9999.000,9999.000,9999.000
202603171254,   4.114,   3.689,9999.000,9999.000,9999.000,9999.000,9999.000,9999.000,9999.000
202603171300,   4.064,   3.670,   0.000,  -0.394,   3.670,   0.000,   3.670,   0.000,   3.670
202603171306,   4.010,   3.650,9999.000,9999.000,9999.000,9999.000,9999.000,9999.000,9999.000
202603171312,   3.952,   3.548,9999.000,9999.000,9999.000,9999.000,9999.000,9999.000,9999.000
202603171318,   3.890,   3.558,9999.000,9999.000,9999.000,9999.000,9999.000,9999.000,9999.000
202603171324,   3.824,   3.480,9999.000,9999.000,9999.000,9999.000,9999.000,9999.000,9999.000
202603171330,   3.754,   3.427,9999.000,9999.000,9999.000,9999.000,9999.000,9999.000,9999.000
202603171336,   3.681,   3.368,9999.000,9999.000,9999.000,9999.000,9999.000,9999.000,9999.000
202603171342,   3.605,   3.250,9999.000,9999.000,9999.000,9999.000,9999.000,9999.000,9999.000
202603171348,   3.526,   3.188,9999.000,9999.000,9999.000,9999.000,9999.000,9999.000,9999.000
202603171354,   3.444,   3.168,9999.000,9999.000,9999.000,9999.000,9999.000,9999.000,9999.000
202603171400,   3.360,   3.099,   0.000,  -0.261,   3.099,   0.000,   3.099,   0.000,   3.099
202603171406,   3.273,   3.030,9999.000,9999.000,9999.000,9999.000,9999.000,9999.000,9999.000
202603171412,   3.184,   2.929,9999.000,9999.000,9999.000,9999.000,9999.000,9999.000,9999.000
202603171418,   3.093,   2.869,9999.000,9999.000,9999.000,9999.000,9999.000,9999.000,9999.000
202603171424,   3.001,   2.840,9999.000,9999.000,9999.000,9999.000,9999.000,9999.000,9999.000
202603171430,   2.906,   2.807,9999.000,9999.000,9999.000,9999.000,9999.000,9999.000,9999.000
202603171436,   2.810,   2.728,9999.000,9999.000,9999.000,9999.000,9999.000,9999.000,9999.000
202603171442,   2.713,   2.610,9999.000,9999.000,9999.000,9999.000,9999.000,9999.000,9999.000
202603171448,   2.614,   2.489,9999.000,9999.000,9999.000,9999.000,9999.000,9999.000,9999.000
202603171454,   2.515,   2.348,9999.000,9999.000,9999.000,9999.000,9999.000,9999.000,9999.000
202603171500,   2.414,   2.269,   0.000,  -0.145,   2.269,   0.000,   2.269,   0.000,   2.269
202603171506,   2.313,   2.168,9999.000,9999.000,9999.000,9999.000,9999.000,9999.000,9999.000
202603171512,   2.211,   2.069,9999.000,9999.000,9999.000,9999.000,9999.000,9999.000,9999.000
202603171518,   2.109,   1.981,9999.000,9999.000,9999.000,9999.000,9999.000,9999.000,9999.000
202603171524,   2.006,   1.879,9999.000,9999.000,9999.000,9999.000,9999.000,9999.000,9999.000
202603171530,   1.903,   1.810,9999.000,9999.000,9999.000,9999.000,9999.000,9999.000,9999.000
202603171536,   1.799,   1.708,9999.000,9999.000,9999.000,9999.000,9999.000,9999.000,9999.000
202603171542,   1.696,   1.590,9999.000,9999.000,9999.000,9999.000,9999.000,9999.000,9999.000
202603171548,   1.593,   1.479,9999.000,9999.000,9999.000,9999.000,9999.000,9999.000,9999.000
202603171554,   1.490,   1.380,9999.000,9999.000,9999.000,9999.000,9999.000,9999.000,9999.000
202603171600,   1.388,   1.220,   0.000,  -0.168,   1.220,   0.000,   1.220,   0.000,   1.220
202603171606,   1.287,   1.118,9999.000,9999.000,9999.000,9999.000,9999.000,9999.000,9999.000
202603171612,   1.187,   1.020,9999.000,9999.000,9999.000,9999.000,9999.000,9999.000,9999.000
202603171618,   1.088,   0.869,9999.000,9999.000,9999.000,9999.000,9999.000,9999.000,9999.000
202603171624,   0.991,   0.741,9999.000,9999.000,9999.000,9999.000,9999.000,9999.000,9999.000
202603171630,   0.896,   0.629,9999.000,9999.000,9999.000,9999.000,9999.000,9999.000,9999.000
202603171636,   0.803,   0.498,9999.000,9999.000,9999.000,9999.000,9999.000,9999.000,9999.000
202603171642,   0.713,   0.400,9999.000,9999.000,9999.000,9999.000,9999.000,9999.000,9999.000
202603171648,   0.626,   0.288,9999.000,9999.000,9999.000,9999.000,9999.000,9999.000,9999.000
202603171654,   0.542,   0.200,9999.000,9999.000,9999.000,9999.000,9999.000,9999.000,9999.000
202603171700,   0.462,   0.098,   0.000,  -0.364,   0.098,   0.000,   0.098,   0.000,   0.098
202603171706,   0.387,   0.019,9999.000,9999.000,9999.000,9999.000,9999.000,9999.000,9999.000
202603171712,   0.316,  -0.078,9999.000,9999.000,9999.000,9999.000,9999.000,9999.000,9999.000
202603171718,   0.250,  -0.150,9999.000,9999.000,9999.000,9999.000,9999.000,9999.000,9999.000
202603171724,   0.190,  -0.209,9999.000,9999.000,9999.000,9999.000,9999.000,9999.000,9999.000
202603171730,   0.135,  -0.278,9999.000,9999.000,9999.000,9999.000,9999.000,9999.000,9999.000
202603171736,   0.086,  -0.350,9999.000,9999.000,9999.000,9999.000,9999.000,9999.000,9999.000
202603171742,   0.044,  -0.439,9999.000,9999.000,9999.000,9999.000,9999.000,9999.000,9999.000
202603171748,   0.008,  -0.498,9999.000,9999.000,9999.000,9999.000,9999.000,9999.000,9999.000
202603171754,  -0.020,  -0.541,9999.000,9999.000,9999.000,9999.000,9999.000,9999.000,9999.000
202603171800,  -0.042,  -0.560,   0.000,  -0.518,  -0.560,  -0.100,  -0.660,   0.000,  -0.560
202603171806,  -0.057,  -0.610,9999.000,9999.000,9999.000,9999.000,9999.000,9999.000,9999.000
202603171812,  -0.065,  -0.708,9999.000,9999.000,9999.000,9999.000,9999.000,9999.000,9999.000
202603171818,  -0.065,  -0.718,9999.000,9999.000,9999.000,9999.000,9999.000,9999.000,9999.000
202603171824,  -0.059,  -0.708,9999.000,9999.000,9999.000,9999.000,9999.000,9999.000,9999.000
202603171830,  -0.045,  -0.718,9999.000,9999.000,9999.000,9999.000,9999.000,9999.000,9999.000
202603171836,  -0.025,  -0.678,9999.000,9999.000,9999.000,9999.000,9999.000,9999.000,9999.000
202603171842,   0.002,  -0.580,9999.000,9999.000,9999.000,9999.000,9999.000,9999.000,9999.000
202603171848,   0.036,  -0.508,9999.000,9999.000,9999.000,9999.000,9999.000,9999.000,9999.000
202603171854,   0.076,  -0.278,9999.000,9999.000,9999.000,9999.000,9999.000,9999.000,9999.000
202603171900,   0.122,  -0.190,  -0.100,  -0.212,  -0.190,  -0.100,  -0.190,   0.000,  -0.090
202603171906,   0.175,  -0.121,9999.000,9999.000,9999.000,9999.000,9999.000,9999.000,9999.000
202603171912,   0.232,  -0.219,9999.000,9999.000,9999.000,9999.000,9999.000,9999.000,9999.000
202603171918,   0.295,  -0.131,9999.000,9999.000,9999.000,9999.000,9999.000,9999.000,9999.000
202603171924,   0.362,  -0.039,9999.000,9999.000,9999.000,9999.000,9999.000,9999.000,9999.000
202603171930,   0.434,   0.088,9999.000,9999.000,9999.000,9999.000,9999.000,9999.000,9999.000
202603171936,   0.510,   0.180,9999.000,9999.000,9999.000,9999.000,9999.000,9999.000,9999.000
202603171942,   0.590,   0.288,9999.000,9999.000,9999.000,9999.000,9999.000,9999.000,9999.000
202603171948,   0.673,   0.409,9999.000,9999.000,9999.000,9999.000,9999.000,9999.000,9999.000
202603171954,   0.759,   0.518,9999.000,9999.000,9999.000,9999.000,9999.000,9999.000,9999.000
202603172000,   0.847,   0.810,  -0.100,   0.063,   0.810,  -0.100,   0.810,   0.000,   0.910
202603172006,   0.939,   0.888,9999.000,9999.000,9999.000,9999.000,9999.000,9999.000,9999.000
202603172012,   1.032,   0.790,9999.000,9999.000,9999.000,9999.000,9999.000,9999.000,9999.000
202603172018,   1.127,   0.908,9999.000,9999.000,9999.000,9999.000,9999.000,9999.000,9999.000
202603172024,   1.224,   1.000,9999.000,9999.000,9999.000,9999.000,9999.000,9999.000,9999.000
202603172030,   1.322,   1.079,9999.000,9999.000,9999.000,9999.000,9999.000,9999.000,9999.000
202603172036,   1.421,   1.161,9999.000,9999.000,9999.000,9999.000,9999.000,9999.000,9999.000
202603172042,   1.521,   1.269,9999.000,9999.000,9999.000,9999.000,9999.000,9999.000,9999.000
202603172048,   1.623,   1.380,9999.000,9999.000,9999.000,9999.000,9999.000,9999.000,9999.000
202603172054,   1.724,   1.489,9999.000,9999.000,9999.000,9999.000,9999.000,9999.000,9999.000
202603172100,   1.826,   1.781,  -0.100,   0.055,   1.781,  -0.100,   1.781,   0.000,   1.881
202603172106,   1.929,   1.879,9999.000,9999.000,9999.000,9999.000,9999.000,9999.000,9999.000
202603172112,   2.031,   1.781,9999.000,9999.000,9999.000,9999.000,9999.000,9999.000,9999.000
202603172118,   2.133,   1.879,9999.000,9999.000,9999.000,9999.000,9999.000,9999.000,9999.000
202603172124,   2.235,   1.958,9999.000,9999.000,9999.000,9999.000,9999.000,9999.000,9999.000
202603172130,   2.337,   2.010,9999.000,9999.000,9999.000,9999.000,9999.000,9999.000,9999.000
202603172136,   2.438,   2.089,9999.000,9999.000,9999.000,9999.000,9999.000,9999.000,9999.000
202603172142,   2.537,   2.158,9999.000,9999.000,9999.000,9999.000,9999.000,9999.000,9999.000
202603172148,   2.636,   2.220,9999.000,9999.000,9999.000,9999.000,9999.000,9999.000,9999.000
202603172154,   2.734,   2.489,9999.000,9999.000,9999.000,9999.000,9999.000,9999.000,9999.000
202603172200,   2.830,   2.578,  -0.100,  -0.152,   2.578,  -0.100,   2.578,  -0.100,   2.578
202603172206,   2.924,   2.669,9999.000,9999.000,9999.000,9999.000,9999.000,9999.000,9999.000
202603172212,   3.016,   2.568,9999.000,9999.000,9999.000,9999.000,9999.000,9999.000,9999.000
202603172218,   3.105,   2.650,9999.000,9999.000,9999.000,9999.000,9999.000,9999.000,9999.000
202603172224,   3.192,   2.728,9999.000,9999.000,9999.000,9999.000,9999.000,9999.000,9999.000
202603172230,   3.277,   2.820,9999.000,9999.000,9999.000,9999.000,9999.000,9999.000,9999.000
202603172236,   3.358,   2.919,9999.000,9999.000,9999.000,9999.000,9999.000,9999.000,9999.000
202603172242,   3.436,   2.997,9999.000,9999.000,9999.000,9999.000,9999.000,9999.000,9999.000
202603172248,   3.510,   3.060,9999.000,9999.000,9999.000,9999.000,9999.000,9999.000,9999.000
202603172254,   3.580,   3.329,9999.000,9999.000,9999.000,9999.000,9999.000,9999.000,9999.000
202603172300,   3.647,   3.398,  -0.100,  -0.149,   3.398,  -0.100,   3.398,  -0.100,   3.398
202603172306,   3.709,   3.427,9999.000,9999.000,9999.000,9999.000,9999.000,9999.000,9999.000
202603172312,   3.766,   3.329,9999.000,9999.000,9999.000,9999.000,9999.000,9999.000,9999.000
202603172318,   3.819,   3.378,9999.000,9999.000,9999.000,9999.000,9999.000,9999.000,9999.000
202603172324,   3.868,   3.460,9999.000,9999.000,9999.000,9999.000,9999.000,9999.000,9999.000
202603172330,   3.911,   3.499,9999.000,9999.000,9999.000,9999.000,9999.000,9999.000,9999.000
202603172336,   3.949,   3.539,9999.000,9999.000,9999.000,9999.000,9999.000,9999.000,9999.000
202603172342,   3.982,   3.588,9999.000,9999.000,9999.000,9999.000,9999.000,9999.000,9999.000
202603172348,   4.009,   3.637,9999.000,9999.000,9999.000,9999.000,9999.000,9999.000,9999.000
202603172354,   4.031,   3.680,9999.000,9999.000,9999.000,9999.000,9999.000,9999.000,9999.000
202603180000,   4.048,   3.817,  -0.100,  -0.131,   3.817,  -0.100,   3.817,  -0.100,   3.817
202603180006,   4.059,   3.827,9999.000,9999.000,9999.000,9999.000,9999.000,9999.000,9999.000
202603180012,   4.065,   3.729,9999.000,9999.000,9999.000,9999.000,9999.000,9999.000,9999.000
202603180018,   4.065,   3.749,9999.000,9999.000,9999.000,9999.000,9999.000,9999.000,9999.000
202603180024,   4.059,   3.798,9999.000,9999.000,9999.000,9999.000,9999.000,9999.000,9999.000
202603180030,   4.048,   3.778,9999.000,9999.000,9999.000,9999.000,9999.000,9999.000,9999.000
202603180036,   4.032,   3.739,9999.000,9999.000,9999.000,9999.000,9999.000,9999.000,9999.000
202603180042,   4.010,   3.680,9999.000,9999.000,9999.000,9999.000,9999.000,9999.000,9999.000
202603180048,   3.983,   3.627,9999.000,9999.000,9999.000,9999.000,9999.000,9999.000,9999.000
202603180054,   3.951,   3.588,9999.000,9999.000,9999.000,9999.000,9999.000,9999.000,9999.000
202603180100,   3.913,   3.529,  -0.100,  -0.284,   3.529,  -0.200,   3.429,  -0.100,   3.529
202603180106,   3.871,   3.470,9999.000,9999.000,9999.000,9999.000,9999.000,9999.000,9999.000
202603180112,   3.824,   3.368,9999.000,9999.000,9999.000,9999.000,9999.000,9999.000,9999.000
202603180118,   3.772,   3.289,9999.000,9999.000,9999.000,9999.000,9999.000,9999.000,9999.000
202603180124,   3.715,   3.240,9999.000,9999.000,9999.000,9999.000,9999.000,9999.000,9999.000
202603180130,   3.654,   3.158,9999.000,9999.000,9999.000,9999.000,9999.000,9999.000,9999.000
202603180136,   3.589,   3.060,9999.000,9999.000,9999.000,9999.000,9999.000,9999.000,9999.000
202603180142,   3.520,   2.978,9999.000,9999.000,9999.000,9999.000,9999.000,9999.000,9999.000
202603180148,   3.448,   2.899,9999.000,9999.000,9999.000,9999.000,9999.000,9999.000,9999.000
202603180154,   3.371,   2.840,9999.000,9999.000,9999.000,9999.000,9999.000,9999.000,9999.000
202603180200,   3.292,   2.738,  -0.100,  -0.454,   2.738,  -0.200,   2.638,  -0.100,   2.738
202603180206,   3.209,   2.640,9999.000,9999.000,9999.000,9999.000,9999.000,9999.000,9999.000
202603180212,   3.124,   2.538,9999.000,9999.000,9999.000,9999.000,9999.000,9999.000,9999.000
202603180218,   3.036,   2.440,9999.000,9999.000,9999.000,9999.000,9999.000,9999.000,9999.000
202603180224,   2.945,   2.348,9999.000,9999.000,9999.000,9999.000,9999.000,9999.000,9999.000
202603180230,   2.853,   2.240,9999.000,9999.000,9999.000,9999.000,9999.000,9999.000,9999.000
202603180236,   2.758,   2.168,9999.000,9999.000,9999.000,9999.000,9999.000,9999.000,9999.000
202603180242,   2.662,   2.079,9999.000,9999.000,9999.000,9999.000,9999.000,9999.000,9999.000
202603180248,   2.565,   1.981,9999.000,9999.000,9999.000,9999.000,9999.000,9999.000,9999.000
202603180254,   2.466,   1.869,9999.000,9999.000,9999.000,9999.000,9999.000,9999.000,9999.000
202603180300,   2.366,   1.758,  -0.100,  -0.508,   1.758,  -0.200,   1.658,  -0.100,   1.758
202603180306,   2.265,   1.659,9999.000,9999.000,9999.000,9999.000,9999.000,9999.000,9999.000
202603180312,   2.164,   1.557,9999.000,9999.000,9999.000,9999.000,9999.000,9999.000,9999.000
202603180318,   2.062,   1.449,9999.000,9999.000,9999.000,9999.000,9999.000,9999.000,9999.000
202603180324,   1.960,   1.361,9999.000,9999.000,9999.000,9999.000,9999.000,9999.000,9999.000
202603180330,   1.857,   1.269,9999.000,9999.000,9999.000,9999.000,9999.000,9999.000,9999.000
202603180336,   1.754,   1.180,9999.000,9999.000,9999.000,9999.000,9999.000,9999.000,9999.000
202603180342,   1.652,   1.059,9999.000,9999.000,9999.000,9999.000,9999.000,9999.000,9999.000
202603180348,   1.549,   0.951,9999.000,9999.000,9999.000,9999.000,9999.000,9999.000,9999.000
202603180354,   1.447,   0.849,9999.000,9999.000,9999.000,9999.000,9999.000,9999.000,9999.000
202603180400,   1.346,   0.751,  -0.100,  -0.495,   0.751,  -0.200,   0.651,  -0.100,   0.751
202603180406,   1.245,   0.639,9999.000,9999.000,9999.000,9999.000,9999.000,9999.000,9999.000
202603180412,   1.145,   0.551,9999.000,9999.000,9999.000,9999.000,9999.000,9999.000,9999.000
202603180418,   1.046,   0.459,9999.000,9999.000,9999.000,9999.000,9999.000,9999.000,9999.000
202603180424,   0.949,   0.360,9999.000,9999.000,9999.000,9999.000,9999.000,9999.000,9999.000
202603180430,   0.852,   0.268,9999.000,9999.000,9999.000,9999.000,9999.000,9999.000,9999.000
202603180436,   0.758,   0.160,9999.000,9999.000,9999.000,9999.000,9999.000,9999.000,9999.000
202603180442,   0.666,   0.049,9999.000,9999.000,9999.000,9999.000,9999.000,9999.000,9999.000
202603180448,   0.576,  -0.049,9999.000,9999.000,9999.000,9999.000,9999.000,9999.000,9999.000
202603180454,   0.488,  -0.131,9999.000,9999.000,9999.000,9999.000,9999.000,9999.000,9999.000
202603180500,   0.403,  -0.209,  -0.200,  -0.412,  -0.209,  -0.200,  -0.209,  -0.100,  -0.109
202603180506,   0.322,  -0.308,9999.000,9999.000,9999.000,9999.000,9999.000,9999.000,9999.000
202603180512,   0.244,  -0.409,9999.000,9999.000,9999.000,9999.000,9999.000,9999.000,9999.000
202603180518,   0.171,  -0.498,9999.000,9999.000,9999.000,9999.000,9999.000,9999.000,9999.000
202603180524,   0.101,  -0.590,9999.000,9999.000,9999.000,9999.000,9999.000,9999.000,9999.000
202603180530,   0.037,  -0.659,9999.000,9999.000,9999.000,9999.000,9999.000,9999.000,9999.000
202603180536,  -0.022,  -0.751,9999.000,9999.000,9999.000,9999.000,9999.000,9999.000,9999.000
202603180542,  -0.076,  -0.810,9999.000,9999.000,9999.000,9999.000,9999.000,9999.000,9999.000
202603180548,  -0.124,  -0.879,9999.000,9999.000,9999.000,9999.000,9999.000,9999.000,9999.000
202603180554,  -0.166,  -0.961,9999.000,9999.000,9999.000,9999.000,9999.000,9999.000,9999.000
202603180600,  -0.201,  -0.970,  -0.200,  -0.569,  -0.970,  -0.300,  -1.070,  -0.200,  -0.970
202603180606,  -0.230,  -1.020,9999.000,9999.000,9999.000,9999.000,9999.000,9999.000,9999.000
202603180612,  -0.252,  -1.118,9999.000,9999.000,9999.000,9999.000,9999.000,9999.000,9999.000
202603180618,  -0.267,  -1.138,9999.000,9999.000,9999.000,9999.000,9999.000,9999.000,9999.000
202603180624,  -0.274,  -1.170,9999.000,9999.000,9999.000,9999.000,9999.000,9999.000,9999.000
202603180630,  -0.274,  -1.180,9999.000,9999.000,9999.000,9999.000,9999.000,9999.000,9999.000
202603180636,  -0.266,  -1.180,9999.000,9999.000,9999.000,9999.000,9999.000,9999.000,9999.000
202603180642,  -0.251,  -1.151,9999.000,9999.000,9999.000,9999.000,9999.000,9999.000,9999.000
202603180648,  -0.229,  -1.118,9999.000,9999.000,9999.000,9999.000,9999.000,9999.000,9999.000
202603180654,  -0.199,  -0.918,9999.000,9999.000,9999.000,9999.000,9999.000,9999.000,9999.000
202603180700,  -0.162,  -0.859,  -0.300,  -0.397,  -0.859,  -0.300,  -0.859,  -0.200,  -0.759
202603180706,  -0.118,  -0.790,9999.000,9999.000,9999.000,9999.000,9999.000,9999.000,9999.000
202603180712,  -0.068,  -0.888,9999.000,9999.000,9999.000,9999.000,9999.000,9999.000,9999.000
202603180718,  -0.011,  -0.810,9999.000,9999.000,9999.000,9999.000,9999.000,9999.000,9999.000
202603180724,   0.051,  -0.718,9999.000,9999.000,9999.000,9999.000,9999.000,9999.000,9999.000
202603180730,   0.120,  -0.649,9999.000,9999.000,9999.000,9999.000,9999.000,9999.000,9999.000
202603180736,   0.195,  -0.541,9999.000,9999.000,9999.000,9999.000,9999.000,9999.000,9999.000
202603180742,   0.274,  -0.429,9999.000,9999.000,9999.000,9999.000,9999.000,9999.000,9999.000
202603180748,   0.358,  -0.331,9999.000,9999.000,9999.000,9999.000,9999.000,9999.000,9999.000
202603180754,   0.447,  -0.068,9999.000,9999.000,9999.000,9999.000,9999.000,9999.000,9999.000
202603180800,   0.539,   0.019,  -0.300,  -0.220,   0.019,  -0.300,   0.019,  -0.300,   0.019
202603180806,   0.635,   0.111,9999.000,9999.000,9999.000,9999.000,9999.000,9999.000,9999.000
202603180812,   0.734,   0.009,9999.000,9999.000,9999.000,9999.000,9999.000,9999.000,9999.000
202603180818,   0.836,   0.121,9999.000,9999.000,9999.000,9999.000,9999.000,9999.000,9999.000
202603180824,   0.940,   0.219,9999.000,9999.000,9999.000,9999.000,9999.000,9999.000,9999.000
202603180830,   1.046,   0.321,9999.000,9999.000,9999.000,9999.000,9999.000,9999.000,9999.000
202603180836,   1.154,   0.400,9999.000,9999.000,9999.000,9999.000,9999.000,9999.000,9999.000
202603180842,   1.263,   0.488,9999.000,9999.000,9999.000,9999.000,9999.000,9999.000,9999.000
202603180848,   1.374,   0.619,9999.000,9999.000,9999.000,9999.000,9999.000,9999.000,9999.000
202603180854,   1.485,   0.731,9999.000,9999.000,9999.000,9999.000,9999.000,9999.000,9999.000
202603180900,   1.597,   1.029,  -0.300,  -0.268,   1.029,  -0.300,   1.029,  -0.300,   1.029
202603180906,   1.710,   1.138,9999.000,9999.000,9999.000,9999.000,9999.000,9999.000,9999.000
202603180912,   1.822,   1.039,9999.000,9999.000,9999.000,9999.000,9999.000,9999.000,9999.000
202603180918,   1.935,   1.128,9999.000,9999.000,9999.000,9999.000,9999.000,9999.000,9999.000
202603180924,   2.048,   1.229,9999.000,9999.000,9999.000,9999.000,9999.000,9999.000,9999.000
202603180930,   2.160,   1.361,9999.000,9999.000,9999.000,9999.000,9999.000,9999.000,9999.000
202603180936,   2.271,   1.449,9999.000,9999.000,9999.000,9999.000,9999.000,9999.000,9999.000
202603180942,   2.382,   1.538,9999.000,9999.000,9999.000,9999.000,9999.000,9999.000,9999.000
202603180948,   2.492,   1.639,9999.000,9999.000,9999.000,9999.000,9999.000,9999.000,9999.000
202603180954,   2.602,   1.938,9999.000,9999.000,9999.000,9999.000,9999.000,9999.000,9999.000
202603181000,   2.709,   2.040,  -0.300,  -0.369,   2.040,  -0.300,   2.040,  -0.300,   2.040
202603181006,   2.816,   2.138,9999.000,9999.000,9999.000,9999.000,9999.000,9999.000,9999.000
202603181012,   2.921,   2.040,9999.000,9999.000,9999.000,9999.000,9999.000,9999.000,9999.000
202603181018,   3.024,   2.128,9999.000,9999.000,9999.000,9999.000,9999.000,9999.000,9999.000
202603181024,   3.124,   2.210,9999.000,9999.000,9999.000,9999.000,9999.000,9999.000,9999.000
202603181030,   3.223,   2.309,9999.000,9999.000,9999.000,9999.000,9999.000,9999.000,9999.000
202603181036,   3.320,   2.410,9999.000,9999.000,9999.000,9999.000,9999.000,9999.000,9999.000
202603181042,   3.413,   2.519,9999.000,9999.000,9999.000,9999.000,9999.000,9999.000,9999.000
202603181048,   3.504,   2.640,9999.000,9999.000,9999.000,9999.000,9999.000,9999.000,9999.000
202603181054,   3.592,   2.728,9999.000,9999.000,9999.000,9999.000,9999.000,9999.000,9999.000
202603181100,   3.676,   3.060,  -0.300,  -0.316,   3.060,  -0.300,   3.060,  -0.300,   3.060
202603181106,   3.756,   3.129,9999.000,9999.000,9999.000,9999.000,9999.000,9999.000,9999.000
202603181112,   3.833,   3.030,9999.000,9999.000,9999.000,9999.000,9999.000,9999.000,9999.000
202603181118,   3.906,   3.119,9999.000,9999.000,9999.000,9999.000,9999.000,9999.000,9999.000
202603181124,   3.975,   3.197,9999.000,9999.000,9999.000,9999.000,9999.000,9999.000,9999.000
202603181130,   4.039,   3.289,9999.000,9999.000,9999.000,9999.000,9999.000,9999.000,9999.000
202603181136,   4.099,   3.358,9999.000,9999.000,9999.000,9999.000,9999.000,9999.000,9999.000
202603181142,   4.154,   3.427,9999.000,9999.000,9999.000,9999.000,9999.000,9999.000,9999.000
202603181148,   4.204,   3.489,9999.000,9999.000,9999.000,9999.000,9999.000,9999.000,9999.000
202603181154,   4.250,   3.598,9999.000,9999.000,9999.000,9999.000,9999.000,9999.000,9999.000
202603181200,   4.290,   3.798,  -0.400,  -0.092,   3.798,  -0.400,   3.798,  -0.400,   3.798
202603181206,   4.324,   3.890,9999.000,9999.000,9999.000,9999.000,9999.000,9999.000,9999.000
202603181212,   4.354,   3.788,9999.000,9999.000,9999.000,9999.000,9999.000,9999.000,9999.000
202603181218,   4.378,   3.808,9999.000,9999.000,9999.000,9999.000,9999.000,9999.000,9999.000
202603181224,   4.396,   3.847,9999.000,9999.000,9999.000,9999.000,9999.000,9999.000,9999.000
202603181230,   4.409,   3.890,9999.000,9999.000,9999.000,9999.000,9999.000,9999.000,9999.000
202603181236,   4.416,   3.919,9999.000,9999.000,9999.000,9999.000,9999.000,9999.000,9999.000
202603181242,   4.418,   3.909,9999.000,9999.000,9999.000,9999.000,9999.000,9999.000,9999.000
202603181248,   4.414,   3.949,9999.000,9999.000,9999.000,9999.000,9999.000,9999.000,9999.000
202603181254,   4.404,   3.968,9999.000,9999.000,9999.000,9999.000,9999.000,9999.000,9999.000
202603181300,   4.389,   4.080,  -0.400,   0.091,   4.080,  -0.400,   4.080,  -0.400,   4.080
202603181306,   4.369,   4.037,9999.000,9999.000,9999.000,9999.000,9999.000,9999.000,9999.000
202603181312,   4.343,   3.939,9999.000,9999.000,9999.000,9999.000,9999.000,9999.000,9999.000
202603181318,   4.311,   3.890,9999.000,9999.000,9999.000,9999.000,9999.000,9999.000,9999.000
202603181324,   4.275,   3.870,9999.000,9999.000,9999.000,9999.000,9999.000,9999.000,9999.000
202603181330,   4.233,   3.847,9999.000,9999.000,9999.000,9999.000,9999.000,9999.000,9999.000
202603181336,   4.186,   3.870,9999.000,9999.000,9999.000,9999.000,9999.000,9999.000,9999.000
202603181342,   4.134,   3.817,9999.000,9999.000,9999.000,9999.000,9999.000,9999.000,9999.000
202603181348,   4.077,   3.778,9999.000,9999.000,9999.000,9999.000,9999.000,9999.000,9999.000
202603181354,   4.016,   3.758,9999.000,9999.000,9999.000,9999.000,9999.000,9999.000,9999.000
202603181400,   3.951,   3.680,  -0.400,   0.129,   3.680,  -0.400,   3.680,  -0.400,   3.680
202603181406,   3.881,   3.588,9999.000,9999.000,9999.000,9999.000,9999.000,9999.000,9999.000
202603181412,   3.807,   3.489,9999.000,9999.000,9999.000,9999.000,9999.000,9999.000,9999.000
202603181418,   3.729,   3.388,9999.000,9999.000,9999.000,9999.000,9999.000,9999.000,9999.000
202603181424,   3.648,   3.309,9999.000,9999.000,9999.000,9999.000,9999.000,9999.000,9999.000
202603181430,   3.563,   3.250,9999.000,9999.000,9999.000,9999.000,9999.000,9999.000,9999.000
202603181436,   3.475,   3.178,9999.000,9999.000,9999.000,9999.000,9999.000,9999.000,9999.000
202603181442,   3.384,   3.089,9999.000,9999.000,9999.000,9999.000,9999.000,9999.000,9999.000
202603181448,   3.290,   2.997,9999.000,9999.000,9999.000,9999.000,9999.000,9999.000,9999.000
202603181454,   3.194,   2.919,9999.000,9999.000,9999.000,9999.000,9999.000,9999.000,9999.000
202603181500,   3.096,   2.860,  -0.400,   0.164,   2.860,  -0.500,   2.760,  -0.400,   2.860
202603181506,   2.995,   2.778,9999.000,9999.000,9999.000,9999.000,9999.000,9999.000,9999.000
202603181512,   2.893,   2.689,9999.000,9999.000,9999.000,9999.000,9999.000,9999.000,9999.000
202603181518,   2.789,   2.587,9999.000,9999.000,9999.000,9999.000,9999.000,9999.000,9999.000
202603181524,   2.684,   2.489,9999.000,9999.000,9999.000,9999.000,9999.000,9999.000,9999.000
202603181530,   2.577,   2.400,9999.000,9999.000,9999.000,9999.000,9999.000,9999.000,9999.000
202603181536,   2.469,   2.279,9999.000,9999.000,9999.000,9999.000,9999.000,9999.000,9999.000
202603181542,   2.361,   2.177,9999.000,9999.000,9999.000,9999.000,9999.000,9999.000,9999.000
202603181548,   2.252,   2.099,9999.000,9999.000,9999.000,9999.000,9999.000,9999.000,9999.000
202603181554,   2.142,   2.000,9999.000,9999.000,9999.000,9999.000,9999.000,9999.000,9999.000
202603181600,   2.032,   1.899,  -0.400,   0.267,   1.899,  -0.500,   1.799,  -0.400,   1.899
202603181606,   1.922,   1.830,9999.000,9999.000,9999.000,9999.000,9999.000,9999.000,9999.000
202603181612,   1.811,   1.728,9999.000,9999.000,9999.000,9999.000,9999.000,9999.000,9999.000
202603181618,   1.701,   1.620,9999.000,9999.000,9999.000,9999.000,9999.000,9999.000,9999.000
202603181624,   1.591,   1.528,9999.000,9999.000,9999.000,9999.000,9999.000,9999.000,9999.000
202603181630,   1.481,   1.430,9999.000,9999.000,9999.000,9999.000,9999.000,9999.000,9999.000
202603181636,   1.372,   1.338,9999.000,9999.000,9999.000,9999.000,9999.000,9999.000,9999.000
202603181642,   1.264,   1.220,9999.000,9999.000,9999.000,9999.000,9999.000,9999.000,9999.000
202603181648,   1.157,   1.128,9999.000,9999.000,9999.000,9999.000,9999.000,9999.000,9999.000
202603181654,   1.051,   1.029,9999.000,9999.000,9999.000,9999.000,9999.000,9999.000,9999.000
202603181700,   0.947,   0.941,  -0.400,   0.394,   0.941,  -0.500,   0.841,  -0.400,   0.941
202603181706,   0.845,   0.849,9999.000,9999.000,9999.000,9999.000,9999.000,9999.000,9999.000
202603181712,   0.745,   0.751,9999.000,9999.000,9999.000,9999.000,9999.000,9999.000,9999.000
202603181718,   0.647,   0.659,9999.000,9999.000,9999.000,9999.000,9999.000,9999.000,9999.000
202603181724,   0.552,   0.570,9999.000,9999.000,9999.000,9999.000,9999.000,9999.000,9999.000
202603181730,   0.461,   0.488,9999.000,9999.000,9999.000,9999.000,9999.000,9999.000,9999.000
202603181736,   0.373,   0.419,9999.000,9999.000,9999.000,9999.000,9999.000,9999.000,9999.000
202603181742,   0.289,   0.341,9999.000,9999.000,9999.000,9999.000,9999.000,9999.000,9999.000
202603181748,   0.210,   0.239,9999.000,9999.000,9999.000,9999.000,9999.000,9999.000,9999.000
202603181754,   0.135,   0.170,9999.000,9999.000,9999.000,9999.000,9999.000,9999.000,9999.000
202603181800,   0.066,   0.121,  -0.400,   0.455,   0.121,  -0.500,   0.021,  -0.400,   0.121
202603181806,   0.002,   0.029,9999.000,9999.000,9999.000,9999.000,9999.000,9999.000,9999.000
202603181812,  -0.055,  -0.068,9999.000,9999.000,9999.000,9999.000,9999.000,9999.000,9999.000
202603181818,  -0.106,  -0.131,9999.000,9999.000,9999.000,9999.000,9999.000,9999.000,9999.000
202603181824,  -0.151,  -0.170,9999.000,9999.000,9999.000,9999.000,9999.000,9999.000,9999.000
202603181830,  -0.188,  -0.229,9999.000,9999.000,9999.000,9999.000,9999.000,9999.000,9999.000
202603181836,  -0.219,  -0.259,9999.000,9999.000,9999.000,9999.000,9999.000,9999.000,9999.000
202603181842,  -0.241,  -0.288,9999.000,9999.000,9999.000,9999.000,9999.000,9999.000,9999.000
202603181848,  -0.256,  -0.268,9999.000,9999.000,9999.000,9999.000,9999.000,9999.000,9999.000
202603181854,  -0.264,  -0.200,9999.000,9999.000,9999.000,9999.000,9999.000,9999.000,9999.000
202603181900,  -0.263,  -0.180,  -0.400,   0.483,  -0.180,  -0.500,  -0.280,  -0.400,  -0.180
202603181906,  -0.254,  -0.180,9999.000,9999.000,9999.000,9999.000,9999.000,9999.000,9999.000
202603181912,  -0.238,  -0.278,9999.000,9999.000,9999.000,9999.000,9999.000,9999.000,9999.000
202603181918,  -0.213,  -0.249,9999.000,9999.000,9999.000,9999.000,9999.000,9999.000,9999.000
202603181924,  -0.181,  -0.190,9999.000,9999.000,9999.000,9999.000,9999.000,9999.000,9999.000
202603181930,  -0.142,  -0.131,9999.000,9999.000,9999.000,9999.000,9999.000,9999.000,9999.000
202603181936,  -0.095,  -0.019,9999.000,9999.000,9999.000,9999.000,9999.000,9999.000,9999.000
202603181942,  -0.041,   0.059,9999.000,9999.000,9999.000,9999.000,9999.000,9999.000,9999.000
202603181948,   0.018,   0.141,9999.000,9999.000,9999.000,9999.000,9999.000,9999.000,9999.000
202603181954,   0.085,   0.259,9999.000,9999.000,9999.000,9999.000,9999.000,9999.000,9999.000
202603182000,   0.157,   0.508,  -0.400,   0.751,   0.508,  -0.500,   0.408,  -0.400,   0.508
202603182006,   0.236,   0.600,9999.000,9999.000,9999.000,9999.000,9999.000,9999.000,9999.000
202603182012,   0.319,   0.498,9999.000,9999.000,9999.000,9999.000,9999.000,9999.000,9999.000
202603182018,   0.407,   0.590,9999.000,9999.000,9999.000,9999.000,9999.000,9999.000,9999.000
202603182024,   0.499,   0.688,9999.000,9999.000,9999.000,9999.000,9999.000,9999.000,9999.000
202603182030,   0.596,   0.810,9999.000,9999.000,9999.000,9999.000,9999.000,9999.000,9999.000
202603182036,   0.695,   0.888,9999.000,9999.000,9999.000,9999.000,9999.000,9999.000,9999.000
202603182042,   0.798,   0.990,9999.000,9999.000,9999.000,9999.000,9999.000,9999.000,9999.000
202603182048,   0.903,   1.088,9999.000,9999.000,9999.000,9999.000,9999.000,9999.000,9999.000
202603182054,   1.011,   1.151,9999.000,9999.000,9999.000,9999.000,9999.000,9999.000,9999.000
202603182100,   1.120,   1.430,  -0.400,   0.710,   1.430,  -0.500,   1.330,  -0.400,   1.430
202603182106,   1.231,   1.498,9999.000,9999.000,9999.000,9999.000,9999.000,9999.000,9999.000
202603182112,   1.344,   1.400,9999.000,9999.000,9999.000,9999.000,9999.000,9999.000,9999.000
202603182118,   1.457,   1.489,9999.000,9999.000,9999.000,9999.000,9999.000,9999.000,9999.000
202603182124,   1.571,   1.580,9999.000,9999.000,9999.000,9999.000,9999.000,9999.000,9999.000
202603182130,   1.685,   1.689,9999.000,9999.000,9999.000,9999.000,9999.000,9999.000,9999.000
202603182136,   1.800,   1.767,9999.000,9999.000,9999.000,9999.000,9999.000,9999.000,9999.000
202603182142,   1.915,   1.869,9999.000,9999.000,9999.000,9999.000,9999.000,9999.000,9999.000
202603182148,   2.029,   1.967,9999.000,9999.000,9999.000,9999.000,9999.000,9999.000,9999.000
202603182154,   2.143,   2.279,9999.000,9999.000,9999.000,9999.000,9999.000,9999.000,9999.000
202603182200,   2.256,   2.400,  -0.400,   0.544,   2.400,  -0.500,   2.300,  -0.400,   2.400
202603182206,   2.368,   2.499,9999.000,9999.000,9999.000,9999.000,9999.000,9999.000,9999.000
202603182212,   2.480,   2.400,9999.000,9999.000,9999.000,9999.000,9999.000,9999.000,9999.000
202603182218,   2.590,   2.509,9999.000,9999.000,9999.000,9999.000,9999.000,9999.000,9999.000
202603182224,   2.699,   2.650,9999.000,9999.000,9999.000,9999.000,9999.000,9999.000,9999.000
202603182230,   2.806,   2.758,9999.000,9999.000,9999.000,9999.000,9999.000,9999.000,9999.000
202603182236,   2.911,   2.860,9999.000,9999.000,9999.000,9999.000,9999.000,9999.000,9999.000
202603182242,   3.014,   3.007,9999.000,9999.000,9999.000,9999.000,9999.000,9999.000,9999.000
202603182248,   3.115,   3.119,9999.000,9999.000,9999.000,9999.000,9999.000,9999.000,9999.000
202603182254,   3.214,   3.217,9999.000,9999.000,9999.000,9999.000,9999.000,9999.000,9999.000
202603182300,   3.310,   3.548,  -0.400,   0.638,   3.548,  -0.500,   3.448,  -0.400,   3.548
202603182306,   3.403,   3.670,9999.000,9999.000,9999.000,9999.000,9999.000,9999.000,9999.000
202603182312,   3.493,   3.768,9999.000,9999.000,9999.000,9999.000,9999.000,9999.000,9999.000
202603182318,   3.580,   3.860,9999.000,9999.000,9999.000,9999.000,9999.000,9999.000,9999.000
202603182324,   3.663,   3.968,9999.000,9999.000,9999.000,9999.000,9999.000,9999.000,9999.000
202603182330,   3.743,   4.057,9999.000,9999.000,9999.000,9999.000,9999.000,9999.000,9999.000
202603182336,   3.818,   4.129,9999.000,9999.000,9999.000,9999.000,9999.000,9999.000,9999.000
202603182342,   3.890,   4.237,9999.000,9999.000,9999.000,9999.000,9999.000,9999.000,9999.000
202603182348,   3.957,   4.319,9999.000,9999.000,9999.000,9999.000,9999.000,9999.000,9999.000
202603182354,   4.019,   4.388,9999.000,9999.000,9999.000,9999.000,9999.000,9999.000,9999.000
202603190000,   4.077,   4.388,  -0.400,   0.711,   4.388,  -0.500,   4.288,  -0.400,   4.388
202603190006,   4.129,9999.000,9999.000,9999.000,9999.000,9999.000,9999.000,9999.000,9999.000
202603190012,   4.177,9999.000,9999.000,9999.000,9999.000,9999.000,9999.000,9999.000,9999.000
202603190018,   4.219,9999.000,9999.000,9999.000,9999.000,9999.000,9999.000,9999.000,9999.000
202603190024,   4.257,9999.000,9999.000,9999.000,9999.000,9999.000,9999.000,9999.000,9999.000
202603190030,   4.288,9999.000,9999.000,9999.000,9999.000,9999.000,9999.000,9999.000,9999.000
202603190036,   4.314,9999.000,9999.000,9999.000,9999.000,9999.000,9999.000,9999.000,9999.000
202603190042,   4.335,9999.000,9999.000,9999.000,9999.000,9999.000,9999.000,9999.000,9999.000
202603190048,   4.350,9999.000,9999.000,9999.000,9999.000,9999.000,9999.000,9999.000,9999.000
202603190054,   4.359,9999.000,9999.000,9999.000,9999.000,9999.000,9999.000,9999.000,9999.000
202603190100,   4.362,9999.000,  -0.400,   0.668,   4.630,  -0.500,   4.530,  -0.400,   4.630
202603190106,   4.359,9999.000,9999.000,9999.000,9999.000,9999.000,9999.000,9999.000,9999.000
202603190112,   4.351,9999.000,9999.000,9999.000,9999.000,9999.000,9999.000,9999.000,9999.000
202603190118,   4.337,9999.000,9999.000,9999.000,9999.000,9999.000,9999.000,9999.000,9999.000
202603190124,   4.317,9999.000,9999.000,9999.000,9999.000,9999.000,9999.000,9999.000,9999.000
202603190130,   4.291,9999.000,9999.000,9999.000,9999.000,9999.000,9999.000,9999.000,9999.000
202603190136,   4.260,9999.000,9999.000,9999.000,9999.000,9999.000,9999.000,9999.000,9999.000
202603190142,   4.224,9999.000,9999.000,9999.000,9999.000,9999.000,9999.000,9999.000,9999.000
202603190148,   4.182,9999.000,9999.000,9999.000,9999.000,9999.000,9999.000,9999.000,9999.000
202603190154,   4.134,9999.000,9999.000,9999.000,9999.000,9999.000,9999.000,9999.000,9999.000
202603190200,   4.082,9999.000,  -0.400,   0.626,   4.308,  -0.500,   4.208,  -0.400,   4.308
202603190206,   4.024,9999.000,9999.000,9999.000,9999.000,9999.000,9999.000,9999.000,9999.000
202603190212,   3.961,9999.000,9999.000,9999.000,9999.000,9999.000,9999.000,9999.000,9999.000
202603190218,   3.894,9999.000,9999.000,9999.000,9999.000,9999.000,9999.000,9999.000,9999.000
202603190224,   3.823,9999.000,9999.000,9999.000,9999.000,9999.000,9999.000,9999.000,9999.000
202603190230,   3.747,9999.000,9999.000,9999.000,9999.000,9999.000,9999.000,9999.000,9999.000
202603190236,   3.666,9999.000,9999.000,9999.000,9999.000,9999.000,9999.000,9999.000,9999.000
202603190242,   3.583,9999.000,9999.000,9999.000,9999.000,9999.000,9999.000,9999.000,9999.000
202603190248,   3.495,9999.000,9999.000,9999.000,9999.000,9999.000,9999.000,9999.000,9999.000
202603190254,   3.404,9999.000,9999.000,9999.000,9999.000,9999.000,9999.000,9999.000,9999.000
202603190300,   3.310,9999.000,  -0.400,   0.583,   3.493,  -0.400,   3.493,  -0.400,   3.493
202603190306,   3.213,9999.000,9999.000,9999.000,9999.000,9999.000,9999.000,9999.000,9999.000
202603190312,   3.113,9999.000,9999.000,9999.000,9999.000,9999.000,9999.000,9999.000,9999.000
202603190318,   3.011,9999.000,9999.000,9999.000,9999.000,9999.000,9999.000,9999.000,9999.000
202603190324,   2.907,9999.000,9999.000,9999.000,9999.000,9999.000,9999.000,9999.000,9999.000
202603190330,   2.801,9999.000,9999.000,9999.000,9999.000,9999.000,9999.000,9999.000,9999.000
202603190336,   2.694,9999.000,9999.000,9999.000,9999.000,9999.000,9999.000,9999.000,9999.000
202603190342,   2.585,9999.000,9999.000,9999.000,9999.000,9999.000,9999.000,9999.000,9999.000
202603190348,   2.474,9999.000,9999.000,9999.000,9999.000,9999.000,9999.000,9999.000,9999.000
202603190354,   2.363,9999.000,9999.000,9999.000,9999.000,9999.000,9999.000,9999.000,9999.000
202603190400,   2.251,9999.000,  -0.400,   0.541,   2.392,  -0.400,   2.392,  -0.400,   2.392
202603190406,   2.138,9999.000,9999.000,9999.000,9999.000,9999.000,9999.000,9999.000,9999.000
202603190412,   2.025,9999.000,9999.000,9999.000,9999.000,9999.000,9999.000,9999.000,9999.000
202603190418,   1.912,9999.000,9999.000,9999.000,9999.000,9999.000,9999.000,9999.000,9999.000
202603190424,   1.798,9999.000,9999.000,9999.000,9999.000,9999.000,9999.000,9999.000,9999.000
202603190430,   1.685,9999.000,9999.000,9999.000,9999.000,9999.000,9999.000,9999.000,9999.000
202603190436,   1.572,9999.000,9999.000,9999.000,9999.000,9999.000,9999.000,9999.000,9999.000
202603190442,   1.459,9999.000,9999.000,9999.000,9999.000,9999.000,9999.000,9999.000,9999.000
202603190448,   1.347,9999.000,9999.000,9999.000,9999.000,9999.000,9999.000,9999.000,9999.000
202603190454,   1.235,9999.000,9999.000,9999.000,9999.000,9999.000,9999.000,9999.000,9999.000
202603190500,   1.125,9999.000,  -0.400,   0.498,   1.223,  -0.400,   1.223,  -0.400,   1.223
202603190506,   1.016,9999.000,9999.000,9999.000,9999.000,9999.000,9999.000,9999.000,9999.000
202603190512,   0.908,9999.000,9999.000,9999.000,9999.000,9999.000,9999.000,9999.000,9999.000
202603190518,   0.802,9999.000,9999.000,9999.000,9999.000,9999.000,9999.000,9999.000,9999.000
202603190524,   0.698,9999.000,9999.000,9999.000,9999.000,9999.000,9999.000,9999.000,9999.000
202603190530,   0.596,9999.000,9999.000,9999.000,9999.000,9999.000,9999.000,9999.000,9999.000
202603190536,   0.496,9999.000,9999.000,9999.000,9999.000,9999.000,9999.000,9999.000,9999.000
202603190542,   0.399,9999.000,9999.000,9999.000,9999.000,9999.000,9999.000,9999.000,9999.000
202603190548,   0.306,9999.000,9999.000,9999.000,9999.000,9999.000,9999.000,9999.000,9999.000
202603190554,   0.216,9999.000,9999.000,9999.000,9999.000,9999.000,9999.000,9999.000,9999.000
202603190600,   0.130,9999.000,  -0.400,   0.456,   0.186,  -0.400,   0.186,  -0.400,   0.186
202603190606,   0.049,9999.000,9999.000,9999.000,9999.000,9999.000,9999.000,9999.000,9999.000
202603190612,  -0.027,9999.000,9999.000,9999.000,9999.000,9999.000,9999.000,9999.000,9999.000
202603190618,  -0.099,9999.000,9999.000,9999.000,9999.000,9999.000,9999.000,9999.000,9999.000
202603190624,  -0.165,9999.000,9999.000,9999.000,9999.000,9999.000,9999.000,9999.000,9999.000
202603190630,  -0.225,9999.000,9999.000,9999.000,9999.000,9999.000,9999.000,9999.000,9999.000
202603190636,  -0.279,9999.000,9999.000,9999.000,9999.000,9999.000,9999.000,9999.000,9999.000
202603190642,  -0.326,9999.000,9999.000,9999.000,9999.000,9999.000,9999.000,9999.000,9999.000
202603190648,  -0.366,9999.000,9999.000,9999.000,9999.000,9999.000,9999.000,9999.000,9999.000
202603190654,  -0.398,9999.000,9999.000,9999.000,9999.000,9999.000,9999.000,9999.000,9999.000
202603190700,  -0.424,9999.000,  -0.400,   0.413,  -0.411,  -0.400,  -0.411,  -0.300,  -0.311
202603190706,  -0.441,9999.000,9999.000,9999.000,9999.000,9999.000,9999.000,9999.000,9999.000
202603190712,  -0.450,9999.000,9999.000,9999.000,9999.000,9999.000,9999.000,9999.000,9999.000
202603190718,  -0.451,9999.000,9999.000,9999.000,9999.000,9999.000,9999.000,9999.000,9999.000
202603190724,  -0.444,9999.000,9999.000,9999.000,9999.000,9999.000,9999.000,9999.000,9999.000
202603190730,  -0.429,9999.000,9999.000,9999.000,9999.000,9999.000,9999.000,9999.000,9999.000
202603190736,  -0.405,9999.000,9999.000,9999.000,9999.000,9999.000,9999.000,9999.000,9999.000
202603190742,  -0.374,9999.000,9999.000,9999.000,9999.000,9999.000,9999.000,9999.000,9999.000
202603190748,  -0.334,9999.000,9999.000,9999.000,9999.000,9999.000,9999.000,9999.000,9999.000
202603190754,  -0.287,9999.000,9999.000,9999.000,9999.000,9999.000,9999.000,9999.000,9999.000
202603190800,  -0.233,9999.000,  -0.400,   0.371,  -0.262,  -0.400,  -0.262,  -0.300,  -0.162
202603190806,  -0.171,9999.000,9999.000,9999.000,9999.000,9999.000,9999.000,9999.000,9999.000
202603190812,  -0.103,9999.000,9999.000,9999.000,9999.000,9999.000,9999.000,9999.000,9999.000
202603190818,  -0.028,9999.000,9999.000,9999.000,9999.000,9999.000,9999.000,9999.000,9999.000
202603190824,   0.052,9999.000,9999.000,9999.000,9999.000,9999.000,9999.000,9999.000,9999.000
202603190830,   0.138,9999.000,9999.000,9999.000,9999.000,9999.000,9999.000,9999.000,9999.000
202603190836,   0.230,9999.000,9999.000,9999.000,9999.000,9999.000,9999.000,9999.000,9999.000
202603190842,   0.326,9999.000,9999.000,9999.000,9999.000,9999.000,9999.000,9999.000,9999.000
202603190848,   0.426,9999.000,9999.000,9999.000,9999.000,9999.000,9999.000,9999.000,9999.000
202603190854,   0.530,9999.000,9999.000,9999.000,9999.000,9999.000,9999.000,9999.000,9999.000
202603190900,   0.638,9999.000,  -0.300,   0.328,   0.666,  -0.400,   0.566,  -0.300,   0.666
202603190906,   0.748,9999.000,9999.000,9999.000,9999.000,9999.000,9999.000,9999.000,9999.000
202603190912,   0.860,9999.000,9999.000,9999.000,9999.000,9999.000,9999.000,9999.000,9999.000
202603190918,   0.975,9999.000,9999.000,9999.000,9999.000,9999.000,9999.000,9999.000,9999.000
202603190924,   1.091,9999.000,9999.000,9999.000,9999.000,9999.000,9999.000,9999.000,9999.000
202603190930,   1.209,9999.000,9999.000,9999.000,9999.000,9999.000,9999.000,9999.000,9999.000
202603190936,   1.328,9999.000,9999.000,9999.000,9999.000,9999.000,9999.000,9999.000,9999.000
202603190942,   1.447,9999.000,9999.000,9999.000,9999.000,9999.000,9999.000,9999.000,9999.000
202603190948,   1.566,9999.000,9999.000,9999.000,9999.000,9999.000,9999.000,9999.000,9999.000
202603190954,   1.686,9999.000,9999.000,9999.000,9999.000,9999.000,9999.000,9999.000,9999.000
202603191000,   1.805,9999.000,  -0.300,   0.286,   1.791,  -0.300,   1.791,  -0.300,   1.791
202603191006,   1.924,9999.000,9999.000,9999.000,9999.000,9999.000,9999.000,9999.000,9999.000
202603191012,   2.043,9999.000,9999.000,9999.000,9999.000,9999.000,9999.000,9999.000,9999.000
202603191018,   2.161,9999.000,9999.000,9999.000,9999.000,9999.000,9999.000,9999.000,9999.000
202603191024,   2.277,9999.000,9999.000,9999.000,9999.000,9999.000,9999.000,9999.000,9999.000
202603191030,   2.393,9999.000,9999.000,9999.000,9999.000,9999.000,9999.000,9999.000,9999.000
202603191036,   2.507,9999.000,9999.000,9999.000,9999.000,9999.000,9999.000,9999.000,9999.000
202603191042,   2.620,9999.000,9999.000,9999.000,9999.000,9999.000,9999.000,9999.000,9999.000
202603191048,   2.731,9999.000,9999.000,9999.000,9999.000,9999.000,9999.000,9999.000,9999.000
202603191054,   2.840,9999.000,9999.000,9999.000,9999.000,9999.000,9999.000,9999.000,9999.000
202603191100,   2.947,9999.000,  -0.300,   0.243,   2.890,  -0.300,   2.890,  -0.300,   2.890
202603191106,   3.052,9999.000,9999.000,9999.000,9999.000,9999.000,9999.000,9999.000,9999.000
202603191112,   3.154,9999.000,9999.000,9999.000,9999.000,9999.000,9999.000,9999.000,9999.000
202603191118,   3.254,9999.000,9999.000,9999.000,9999.000,9999.000,9999.000,9999.000,9999.000
202603191124,   3.351,9999.000,9999.000,9999.000,9999.000,9999.000,9999.000,9999.000,9999.000
202603191130,   3.445,9999.000,9999.000,9999.000,9999.000,9999.000,9999.000,9999.000,9999.000
202603191136,   3.536,9999.000,9999.000,9999.000,9999.000,9999.000,9999.000,9999.000,9999.000
202603191142,   3.623,9999.000,9999.000,9999.000,9999.000,9999.000,9999.000,9999.000,9999.000
202603191148,   3.707,9999.000,9999.000,9999.000,9999.000,9999.000,9999.000,9999.000,9999.000
202603191154,   3.787,9999.000,9999.000,9999.000,9999.000,9999.000,9999.000,9999.000,9999.000
202603191200,   3.863,9999.000,  -0.300,   0.201,   3.764,  -0.300,   3.764,  -0.200,   3.864
202603191206,   3.934,9999.000,9999.000,9999.000,9999.000,9999.000,9999.000,9999.000,9999.000
202603191212,   4.002,9999.000,9999.000,9999.000,9999.000,9999.000,9999.000,9999.000,9999.000
202603191218,   4.064,9999.000,9999.000,9999.000,9999.000,9999.000,9999.000,9999.000,9999.000
202603191224,   4.122,9999.000,9999.000,9999.000,9999.000,9999.000,9999.000,9999.000,9999.000
202603191230,   4.175,9999.000,9999.000,9999.000,9999.000,9999.000,9999.000,9999.000,9999.000
202603191236,   4.223,9999.000,9999.000,9999.000,9999.000,9999.000,9999.000,9999.000,9999.000
202603191242,   4.266,9999.000,9999.000,9999.000,9999.000,9999.000,9999.000,9999.000,9999.000
202603191248,   4.303,9999.000,9999.000,9999.000,9999.000,9999.000,9999.000,9999.000,9999.000
202603191254,   4.334,9999.000,9999.000,9999.000,9999.000,9999.000,9999.000,9999.000,9999.000
202603191300,   4.361,9999.000,  -0.300,   0.201,   4.262,  -0.300,   4.262,  -0.200,   4.362
202603191306,   4.381,9999.000,9999.000,9999.000,9999.000,9999.000,9999.000,9999.000,9999.000
202603191312,   4.396,9999.000,9999.000,9999.000,9999.000,9999.000,9999.000,9999.000,9999.000
202603191318,   4.405,9999.000,9999.000,9999.000,9999.000,9999.000,9999.000,9999.000,9999.000
202603191324,   4.408,9999.000,9999.000,9999.000,9999.000,9999.000,9999.000,9999.000,9999.000
202603191330,   4.405,9999.000,9999.000,9999.000,9999.000,9999.000,9999.000,9999.000,9999.000
202603191336,   4.397,9999.000,9999.000,9999.000,9999.000,9999.000,9999.000,9999.000,9999.000
202603191342,   4.382,9999.000,9999.000,9999.000,9999.000,9999.000,9999.000,9999.000,9999.000
202603191348,   4.362,9999.000,9999.000,9999.000,9999.000,9999.000,9999.000,9999.000,9999.000
202603191354,   4.336,9999.000,9999.000,9999.000,9999.000,9999.000,9999.000,9999.000,9999.000
202603191400,   4.304,9999.000,  -0.200,   0.201,   4.305,  -0.300,   4.205,  -0.200,   4.305
202603191406,   4.267,9999.000,9999.000,9999.000,9999.000,9999.000,9999.000,9999.000,9999.000
202603191412,   4.224,9999.000,9999.000,9999.000,9999.000,9999.000,9999.000,9999.000,9999.000
202603191418,   4.176,9999.000,9999.000,9999.000,9999.000,9999.000,9999.000,9999.000,9999.000
202603191424,   4.123,9999.000,9999.000,9999.000,9999.000,9999.000,9999.000,9999.000,9999.000
202603191430,   4.065,9999.000,9999.000,9999.000,9999.000,9999.000,9999.000,9999.000,9999.000
202603191436,   4.001,9999.000,9999.000,9999.000,9999.000,9999.000,9999.000,9999.000,9999.000
202603191442,   3.933,9999.000,9999.000,9999.000,9999.000,9999.000,9999.000,9999.000,9999.000
202603191448,   3.860,9999.000,9999.000,9999.000,9999.000,9999.000,9999.000,9999.000,9999.000
202603191454,   3.783,9999.000,9999.000,9999.000,9999.000,9999.000,9999.000,9999.000,9999.000
202603191500,   3.702,9999.000,  -0.200,   0.201,   3.703,  -0.200,   3.703,  -0.200,   3.703
202603191506,   3.617,9999.000,9999.000,9999.000,9999.000,9999.000,9999.000,9999.000,9999.000
202603191512,   3.528,9999.000,9999.000,9999.000,9999.000,9999.000,9999.000,9999.000,9999.000
202603191518,   3.436,9999.000,9999.000,9999.000,9999.000,9999.000,9999.000,9999.000,9999.000
202603191524,   3.341,9999.000,9999.000,9999.000,9999.000,9999.000,9999.000,9999.000,9999.000
202603191530,   3.242,9999.000,9999.000,9999.000,9999.000,9999.000,9999.000,9999.000,9999.000
202603191536,   3.142,9999.000,9999.000,9999.000,9999.000,9999.000,9999.000,9999.000,9999.000
202603191542,   3.038,9999.000,9999.000,9999.000,9999.000,9999.000,9999.000,9999.000,9999.000
202603191548,   2.933,9999.000,9999.000,9999.000,9999.000,9999.000,9999.000,9999.000,9999.000
202603191554,   2.825,9999.000,9999.000,9999.000,9999.000,9999.000,9999.000,9999.000,9999.000
202603191600,   2.716,9999.000,  -0.200,   0.201,   2.717,  -0.200,   2.717,  -0.200,   2.717
202603191606,   2.606,9999.000,9999.000,9999.000,9999.000,9999.000,9999.000,9999.000,9999.000
202603191612,   2.494,9999.000,9999.000,9999.000,9999.000,9999.000,9999.000,9999.000,9999.000
202603191618,   2.382,9999.000,9999.000,9999.000,9999.000,9999.000,9999.000,9999.000,9999.000
202603191624,   2.269,9999.000,9999.000,9999.000,9999.000,9999.000,9999.000,9999.000,9999.000
202603191630,   2.155,9999.000,9999.000,9999.000,9999.000,9999.000,9999.000,9999.000,9999.000
202603191636,   2.040,9999.000,9999.000,9999.000,9999.000,9999.000,9999.000,9999.000,9999.000
202603191642,   1.926,9999.000,9999.000,9999.000,9999.000,9999.000,9999.000,9999.000,9999.000
202603191648,   1.811,9999.000,9999.000,9999.000,9999.000,9999.000,9999.000,9999.000,9999.000
202603191654,   1.697,9999.000,9999.000,9999.000,9999.000,9999.000,9999.000,9999.000,9999.000
202603191700,   1.583,9999.000,  -0.200,   0.201,   1.584,  -0.200,   1.584,  -0.100,   1.684
202603191706,   1.469,9999.000,9999.000,9999.000,9999.000,9999.000,9999.000,9999.000,9999.000
202603191712,   1.357,9999.000,9999.000,9999.000,9999.000,9999.000,9999.000,9999.000,9999.000
202603191718,   1.245,9999.000,9999.000,9999.000,9999.000,9999.000,9999.000,9999.000,9999.000
202603191724,   1.134,9999.000,9999.000,9999.000,9999.000,9999.000,9999.000,9999.000,9999.000
202603191730,   1.024,9999.000,9999.000,9999.000,9999.000,9999.000,9999.000,9999.000,9999.000
202603191736,   0.916,9999.000,9999.000,9999.000,9999.000,9999.000,9999.000,9999.000,9999.000
202603191742,   0.810,9999.000,9999.000,9999.000,9999.000,9999.000,9999.000,9999.000,9999.000
202603191748,   0.706,9999.000,9999.000,9999.000,9999.000,9999.000,9999.000,9999.000,9999.000
202603191754,   0.605,9999.000,9999.000,9999.000,9999.000,9999.000,9999.000,9999.000,9999.000
202603191800,   0.506,9999.000,  -0.200,   0.201,   0.507,  -0.200,   0.507,  -0.100,   0.607
202603191806,   0.410,9999.000,9999.000,9999.000,9999.000,9999.000,9999.000,9999.000,9999.000
202603191812,   0.317,9999.000,9999.000,9999.000,9999.000,9999.000,9999.000,9999.000,9999.000
202603191818,   0.228,9999.000,9999.000,9999.000,9999.000,9999.000,9999.000,9999.000,9999.000
202603191824,   0.144,9999.000,9999.000,9999.000,9999.000,9999.000,9999.000,9999.000,9999.000
202603191830,   0.064,9999.000,9999.000,9999.000,9999.000,9999.000,9999.000,9999.000,9999.000
202603191836,  -0.010,9999.000,9999.000,9999.000,9999.000,9999.000,9999.000,9999.000,9999.000
202603191842,  -0.079,9999.000,9999.000,9999.000,9999.000,9999.000,9999.000,9999.000,9999.000
202603191848,  -0.143,9999.000,9999.000,9999.000,9999.000,9999.000,9999.000,9999.000,9999.000
202603191854,  -0.201,9999.000,9999.000,9999.000,9999.000,9999.000,9999.000,9999.000,9999.000
202603191900,  -0.251,9999.000,  -0.100,   0.201,  -0.150,  -0.200,  -0.250,  -0.100,  -0.150
202603191906,  -0.295,9999.000,9999.000,9999.000,9999.000,9999.000,9999.000,9999.000,9999.000
202603191912,  -0.332,9999.000,9999.000,9999.000,9999.000,9999.000,9999.000,9999.000,9999.000
202603191918,  -0.360,9999.000,9999.000,9999.000,9999.000,9999.000,9999.000,9999.000,9999.000
202603191924,  -0.381,9999.000,9999.000,9999.000,9999.000,9999.000,9999.000,9999.000,9999.000
202603191930,  -0.394,9999.000,9999.000,9999.000,9999.000,9999.000,9999.000,9999.000,9999.000
202603191936,  -0.399,9999.000,9999.000,9999.000,9999.000,9999.000,9999.000,9999.000,9999.000
202603191942,  -0.395,9999.000,9999.000,9999.000,9999.000,9999.000,9999.000,9999.000,9999.000
202603191948,  -0.383,9999.000,9999.000,9999.000,9999.000,9999.000,9999.000,9999.000,9999.000
202603191954,  -0.362,9999.000,9999.000,9999.000,9999.000,9999.000,9999.000,9999.000,9999.000
202603192000,  -0.333,9999.000,  -0.100,   0.201,  -0.232,  -0.200,  -0.332,  -0.100,  -0.232
202603192006,  -0.296,9999.000,9999.000,9999.000,9999.000,9999.000,9999.000,9999.000,9999.000
202603192012,  -0.250,9999.000,9999.000,9999.000,9999.000,9999.000,9999.000,9999.000,9999.000
202603192018,  -0.197,9999.000,9999.000,9999.000,9999.000,9999.000,9999.000,9999.000,9999.000
202603192024,  -0.136,9999.000,9999.000,9999.000,9999.000,9999.000,9999.000,9999.000,9999.000
202603192030,  -0.068,9999.000,9999.000,9999.000,9999.000,9999.000,9999.000,9999.000,9999.000
202603192036,   0.006,9999.000,9999.000,9999.000,9999.000,9999.000,9999.000,9999.000,9999.000
202603192042,   0.088,9999.000,9999.000,9999.000,9999.000,9999.000,9999.000,9999.000,9999.000
202603192048,   0.175,9999.000,9999.000,9999.000,9999.000,9999.000,9999.000,9999.000,9999.000
202603192054,   0.268,9999.000,9999.000,9999.000,9999.000,9999.000,9999.000,9999.000,9999.000
202603192100,   0.366,9999.000,  -0.100,   0.201,   0.467,  -0.100,   0.467,  -0.100,   0.467
202603192106,   0.469,9999.000,9999.000,9999.000,9999.000,9999.000,9999.000,9999.000,9999.000
202603192112,   0.576,9999.000,9999.000,9999.000,9999.000,9999.000,9999.000,9999.000,9999.000
202603192118,   0.687,9999.000,9999.000,9999.000,9999.000,9999.000,9999.000,9999.000,9999.000
202603192124,   0.801,9999.000,9999.000,9999.000,9999.000,9999.000,9999.000,9999.000,9999.000
202603192130,   0.917,9999.000,9999.000,9999.000,9999.000,9999.000,9999.000,9999.000,9999.000
202603192136,   1.036,9999.000,9999.000,9999.000,9999.000,9999.000,9999.000,9999.000,9999.000
202603192142,   1.156,9999.000,9999.000,9999.000,9999.000,9999.000,9999.000,9999.000,9999.000
202603192148,   1.278,9999.000,9999.000,9999.000,9999.000,9999.000,9999.000,9999.000,9999.000
202603192154,   1.401,9999.000,9999.000,9999.000,9999.000,9999.000,9999.000,9999.000,9999.000
202603192200,   1.525,9999.000,  -0.100,   0.201,   1.626,  -0.100,   1.626,   0.000,   1.726
202603192206,   1.649,9999.000,9999.000,9999.000,9999.000,9999.000,9999.000,9999.000,9999.000
202603192212,   1.773,9999.000,9999.000,9999.000,9999.000,9999.000,9999.000,9999.000,9999.000
202603192218,   1.896,9999.000,9999.000,9999.000,9999.000,9999.000,9999.000,9999.000,9999.000
202603192224,   2.020,9999.000,9999.000,9999.000,9999.000,9999.000,9999.000,9999.000,9999.000
202603192230,   2.142,9999.000,9999.000,9999.000,9999.000,9999.000,9999.000,9999.000,9999.000
202603192236,   2.264,9999.000,9999.000,9999.000,9999.000,9999.000,9999.000,9999.000,9999.000
202603192242,   2.385,9999.000,9999.000,9999.000,9999.000,9999.000,9999.000,9999.000,9999.000
202603192248,   2.504,9999.000,9999.000,9999.000,9999.000,9999.000,9999.000,9999.000,9999.000
202603192254,   2.622,9999.000,9999.000,9999.000,9999.000,9999.000,9999.000,9999.000,9999.000
202603192300,   2.738,9999.000,   0.000,   0.201,   2.939,  -0.100,   2.839,   0.000,   2.939
202603192306,   2.852,9999.000,9999.000,9999.000,9999.000,9999.000,9999.000,9999.000,9999.000
202603192312,   2.965,9999.000,9999.000,9999.000,9999.000,9999.000,9999.000,9999.000,9999.000
202603192318,   3.075,9999.000,9999.000,9999.000,9999.000,9999.000,9999.000,9999.000,9999.000
202603192324,   3.183,9999.000,9999.000,9999.000,9999.000,9999.000,9999.000,9999.000,9999.000
202603192330,   3.288,9999.000,9999.000,9999.000,9999.000,9999.000,9999.000,9999.000,9999.000
202603192336,   3.391,9999.000,9999.000,9999.000,9999.000,9999.000,9999.000,9999.000,9999.000
202603192342,   3.491,9999.000,9999.000,9999.000,9999.000,9999.000,9999.000,9999.000,9999.000
202603192348,   3.588,9999.000,9999.000,9999.000,9999.000,9999.000,9999.000,9999.000,9999.000
202603192354,   3.682,9999.000,9999.000,9999.000,9999.000,9999.000,9999.000,9999.000,9999.000
202603200000,   3.772,9999.000,   0.000,   0.201,   3.973,  -0.100,   3.873,   0.000,   3.973
202603200006,   3.859,9999.000,9999.000,9999.000,9999.000,9999.000,9999.000,9999.000,9999.000
202603200012,   3.942,9999.000,9999.000,9999.000,9999.000,9999.000,9999.000,9999.000,9999.000
202603200018,   4.021,9999.000,9999.000,9999.000,9999.000,9999.000,9999.000,9999.000,9999.000
202603200024,   4.096,9999.000,9999.000,9999.000,9999.000,9999.000,9999.000,9999.000,9999.000
202603200030,   4.166,9999.000,9999.000,9999.000,9999.000,9999.000,9999.000,9999.000,9999.000
202603200036,   4.232,9999.000,9999.000,9999.000,9999.000,9999.000,9999.000,9999.000,9999.000
202603200042,   4.293,9999.000,9999.000,9999.000,9999.000,9999.000,9999.000,9999.000,9999.000
202603200048,   4.349,9999.000,9999.000,9999.000,9999.000,9999.000,9999.000,9999.000,9999.000
202603200054,   4.400,9999.000,9999.000,9999.000,9999.000,9999.000,9999.000,9999.000,9999.000
202603200100,   4.446,9999.000,   0.000,   0.201,   4.647,  -0.100,   4.547,   0.000,   4.647
202603200106,   4.486,9999.000,9999.000,9999.000,9999.000,9999.000,9999.000,9999.000,9999.000
202603200112,   4.521,9999.000,9999.000,9999.000,9999.000,9999.000,9999.000,9999.000,9999.000
202603200118,   4.550,9999.000,9999.000,9999.000,9999.000,9999.000,9999.000,9999.000,9999.000
202603200124,   4.574,9999.000,9999.000,9999.000,9999.000,9999.000,9999.000,9999.000,9999.000
202603200130,   4.591,9999.000,9999.000,9999.000,9999.000,9999.000,9999.000,9999.000,9999.000
202603200136,   4.603,9999.000,9999.000,9999.000,9999.000,9999.000,9999.000,9999.000,9999.000
202603200142,   4.609,9999.000,9999.000,9999.000,9999.000,9999.000,9999.000,9999.000,9999.000
202603200148,   4.609,9999.000,9999.000,9999.000,9999.000,9999.000,9999.000,9999.000,9999.000
202603200154,   4.603,9999.000,9999.000,9999.000,9999.000,9999.000,9999.000,9999.000,9999.000
202603200200,   4.591,9999.000,   0.000,   0.201,   4.792,   0.000,   4.792,   0.000,   4.792
202603200206,   4.572,9999.000,9999.000,9999.000,9999.000,9999.000,9999.000,9999.000,9999.000
202603200212,   4.549,9999.000,9999.000,9999.000,9999.000,9999.000,9999.000,9999.000,9999.000
202603200218,   4.519,9999.000,9999.000,9999.000,9999.000,9999.000,9999.000,9999.000,9999.000
202603200224,   4.483,9999.000,9999.000,9999.000,9999.000,9999.000,9999.000,9999.000,9999.000
202603200230,   4.442,9999.000,9999.000,9999.000,9999.000,9999.000,9999.000,9999.000,9999.000
202603200236,   4.395,9999.000,9999.000,9999.000,9999.000,9999.000,9999.000,9999.000,9999.000
202603200242,   4.342,9999.000,9999.000,9999.000,9999.000,9999.000,9999.000,9999.000,9999.000
202603200248,   4.285,9999.000,9999.000,9999.000,9999.000,9999.000,9999.000,9999.000,9999.000
202603200254,   4.222,9999.000,9999.000,9999.000,9999.000,9999.000,9999.000,9999.000,9999.000
202603200300,   4.154,9999.000,   0.000,   0.201,   4.355,  -0.100,   4.255,   0.000,   4.355
202603200306,   4.081,9999.000,9999.000,9999.000,9999.000,9999.000,9999.000,9999.000,9999.000
202603200312,   4.004,9999.000,9999.000,9999.000,9999.000,9999.000,9999.000,9999.000,9999.000
202603200318,   3.922,9999.000,9999.000,9999.000,9999.000,9999.000,9999.000,9999.000,9999.000
202603200324,   3.836,9999.000,9999.000,9999.000,9999.000,9999.000,9999.000,9999.000,9999.000
202603200330,   3.745,9999.000,9999.000,9999.000,9999.000,9999.000,9999.000,9999.000,9999.000
202603200336,   3.652,9999.000,9999.000,9999.000,9999.000,9999.000,9999.000,9999.000,9999.000
202603200342,   3.554,9999.000,9999.000,9999.000,9999.000,9999.000,9999.000,9999.000,9999.000
202603200348,   3.454,9999.000,9999.000,9999.000,9999.000,9999.000,9999.000,9999.000,9999.000
202603200354,   3.350,9999.000,9999.000,9999.000,9999.000,9999.000,9999.000,9999.000,9999.000
202603200400,   3.244,9999.000,   0.000,   0.201,   3.445,  -0.100,   3.345,   0.000,   3.445
202603200406,   3.135,9999.000,9999.000,9999.000,9999.000,9999.000,9999.000,9999.000,9999.000
202603200412,   3.024,9999.000,9999.000,9999.000,9999.000,9999.000,9999.000,9999.000,9999.000
202603200418,   2.912,9999.000,9999.000,9999.000,9999.000,9999.000,9999.000,9999.000,9999.000
202603200424,   2.797,9999.000,9999.000,9999.000,9999.000,9999.000,9999.000,9999.000,9999.000
202603200430,   2.681,9999.000,9999.000,9999.000,9999.000,9999.000,9999.000,9999.000,9999.000
202603200436,   2.564,9999.000,9999.000,9999.000,9999.000,9999.000,9999.000,9999.000,9999.000
202603200442,   2.445,9999.000,9999.000,9999.000,9999.000,9999.000,9999.000,9999.000,9999.000
202603200448,   2.326,9999.000,9999.000,9999.000,9999.000,9999.000,9999.000,9999.000,9999.000
202603200454,   2.206,9999.000,9999.000,9999.000,9999.000,9999.000,9999.000,9999.000,9999.000
202603200500,   2.086,9999.000,   0.000,   0.201,   2.287,   0.000,   2.287,   0.000,   2.287
202603200506,   1.965,9999.000,9999.000,9999.000,9999.000,9999.000,9999.000,9999.000,9999.000
202603200512,   1.845,9999.000,9999.000,9999.000,9999.000,9999.000,9999.000,9999.000,9999.000
202603200518,   1.724,9999.000,9999.000,9999.000,9999.000,9999.000,9999.000,9999.000,9999.000
202603200524,   1.604,9999.000,9999.000,9999.000,9999.000,9999.000,9999.000,9999.000,9999.000
202603200530,   1.484,9999.000,9999.000,9999.000,9999.000,9999.000,9999.000,9999.000,9999.000
202603200536,   1.365,9999.000,9999.000,9999.000,9999.000,9999.000,9999.000,9999.000,9999.000
202603200542,   1.247,9999.000,9999.000,9999.000,9999.000,9999.000,9999.000,9999.000,9999.000
202603200548,   1.130,9999.000,9999.000,9999.000,9999.000,9999.000,9999.000,9999.000,9999.000
202603200554,   1.014,9999.000,9999.000,9999.000,9999.000,9999.000,9999.000,9999.000,9999.000
202603200600,   0.900,9999.000,   0.000,   0.201,   1.101,   0.000,   1.101,   0.000,   1.101
202603200606,   0.788,9999.000,9999.000,9999.000,9999.000,9999.000,9999.000,9999.000,9999.000
202603200612,   0.677,9999.000,9999.000,9999.000,9999.000,9999.000,9999.000,9999.000,9999.000
202603200618,   0.569,9999.000,9999.000,9999.000,9999.000,9999.000,9999.000,9999.000,9999.000
202603200624,   0.464,9999.000,9999.000,9999.000,9999.000,9999.000,9999.000,9999.000,9999.000
202603200630,   0.362,9999.000,9999.000,9999.000,9999.000,9999.000,9999.000,9999.000,9999.000
202603200636,   0.264,9999.000,9999.000,9999.000,9999.000,9999.000,9999.000,9999.000,9999.000
202603200642,   0.169,9999.000,9999.000,9999.000,9999.000,9999.000,9999.000,9999.000,9999.000
202603200648,   0.078,9999.000,9999.000,9999.000,9999.000,9999.000,9999.000,9999.000,9999.000
202603200654,  -0.006,9999.000,9999.000,9999.000,9999.000,9999.000,9999.000,9999.000,9999.000
202603200700,  -0.087,9999.000,   0.000,   0.201,   0.114,   0.000,   0.114,   0.000,   0.114
202603200706,  -0.162,9999.000,9999.000,9999.000,9999.000,9999.000,9999.000,9999.000,9999.000
202603200712,  -0.232,9999.000,9999.000,9999.000,9999.000,9999.000,9999.000,9999.000,9999.000
202603200718,  -0.294,9999.000,9999.000,9999.000,9999.000,9999.000,9999.000,9999.000,9999.000
202603200724,  -0.351,9999.000,9999.000,9999.000,9999.000,9999.000,9999.000,9999.000,9999.000
202603200730,  -0.400,9999.000,9999.000,9999.000,9999.000,9999.000,9999.000,9999.000,9999.000
202603200736,  -0.441,9999.000,9999.000,9999.000,9999.000,9999.000,9999.000,9999.000,9999.000
202603200742,  -0.475,9999.000,9999.000,9999.000,9999.000,9999.000,9999.000,9999.000,9999.000
202603200748,  -0.501,9999.000,9999.000,9999.000,9999.000,9999.000,9999.000,9999.000,9999.000
202603200754,  -0.519,9999.000,9999.000,9999.000,9999.000,9999.000,9999.000,9999.000,9999.000
202603200800,  -0.528,9999.000,   0.000,   0.201,  -0.327,   0.000,  -0.327,   0.000,  -0.327
202603200806,  -0.529,9999.000,9999.000,9999.000,9999.000,9999.000,9999.000,9999.000,9999.000
202603200812,  -0.521,9999.000,9999.000,9999.000,9999.000,9999.000,9999.000,9999.000,9999.000
202603200818,  -0.505,9999.000,9999.000,9999.000,9999.000,9999.000,9999.000,9999.000,9999.000
202603200824,  -0.480,9999.000,9999.000,9999.000,9999.000,9999.000,9999.000,9999.000,9999.000
202603200830,  -0.446,9999.000,9999.000,9999.000,9999.000,9999.000,9999.000,9999.000,9999.000
202603200836,  -0.405,9999.000,9999.000,9999.000,9999.000,9999.000,9999.000,9999.000,9999.000
202603200842,  -0.355,9999.000,9999.000,9999.000,9999.000,9999.000,9999.000,9999.000,9999.000
202603200848,  -0.298,9999.000,9999.000,9999.000,9999.000,9999.000,9999.000,9999.000,9999.000
202603200854,  -0.234,9999.000,9999.000,9999.000,9999.000,9999.000,9999.000,9999.000,9999.000
202603200900,  -0.162,9999.000,   0.000,   0.201,   0.039,  -0.100,  -0.061,   0.000,   0.039
202603200906,  -0.085,9999.000,9999.000,9999.000,9999.000,9999.000,9999.000,9999.000,9999.000
202603200912,   0.000,9999.000,9999.000,9999.000,9999.000,9999.000,9999.000,9999.000,9999.000
202603200918,   0.088,9999.000,9999.000,9999.000,9999.000,9999.000,9999.000,9999.000,9999.000
202603200924,   0.183,9999.000,9999.000,9999.000,9999.000,9999.000,9999.000,9999.000,9999.000
202603200930,   0.283,9999.000,9999.000,9999.000,9999.000,9999.000,9999.000,9999.000,9999.000
202603200936,   0.386,9999.000,9999.000,9999.000,9999.000,9999.000,9999.000,9999.000,9999.000
202603200942,   0.494,9999.000,9999.000,9999.000,9999.000,9999.000,9999.000,9999.000,9999.000
202603200948,   0.604,9999.000,9999.000,9999.000,9999.000,9999.000,9999.000,9999.000,9999.000
202603200954,   0.718,9999.000,9999.000,9999.000,9999.000,9999.000,9999.000,9999.000,9999.000
202603201000,   0.833,9999.000,   0.000,   0.201,   1.034,  -0.100,   0.934,   0.000,   1.034
202603201006,   0.951,9999.000,9999.000,9999.000,9999.000,9999.000,9999.000,9999.000,9999.000
202603201012,   1.070,9999.000,9999.000,9999.000,9999.000,9999.000,9999.000,9999.000,9999.000
202603201018,   1.190,9999.000,9999.000,9999.000,9999.000,9999.000,9999.000,9999.000,9999.000
202603201024,   1.310,9999.000,9999.000,9999.000,9999.000,9999.000,9999.000,9999.000,9999.000
202603201030,   1.431,9999.000,9999.000,9999.000,9999.000,9999.000,9999.000,9999.000,9999.000
202603201036,   1.552,9999.000,9999.000,9999.000,9999.000,9999.000,9999.000,9999.000,9999.000
202603201042,   1.673,9999.000,9999.000,9999.000,9999.000,9999.000,9999.000,9999.000,9999.000
202603201048,   1.793,9999.000,9999.000,9999.000,9999.000,9999.000,9999.000,9999.000,9999.000
202603201054,   1.913,9999.000,9999.000,9999.000,9999.000,9999.000,9999.000,9999.000,9999.000
202603201100,   2.032,9999.000,   0.000,   0.201,   2.233,  -0.100,   2.133,   0.000,   2.233
202603201106,   2.149,9999.000,9999.000,9999.000,9999.000,9999.000,9999.000,9999.000,9999.000
202603201112,   2.266,9999.000,9999.000,9999.000,9999.000,9999.000,9999.000,9999.000,9999.000
202603201118,   2.381,9999.000,9999.000,9999.000,9999.000,9999.000,9999.000,9999.000,9999.000
202603201124,   2.494,9999.000,9999.000,9999.000,9999.000,9999.000,9999.000,9999.000,9999.000
202603201130,   2.606,9999.000,9999.000,9999.000,9999.000,9999.000,9999.000,9999.000,9999.000
202603201136,   2.716,9999.000,9999.000,9999.000,9999.000,9999.000,9999.000,9999.000,9999.000
202603201142,   2.824,9999.000,9999.000,9999.000,9999.000,9999.000,9999.000,9999.000,9999.000
202603201148,   2.929,9999.000,9999.000,9999.000,9999.000,9999.000,9999.000,9999.000,9999.000
202603201154,   3.032,9999.000,9999.000,9999.000,9999.000,9999.000,9999.000,9999.000,9999.000
202603201200,   3.133,9999.000,   0.000,   0.201,   3.334,  -0.100,   3.234,   0.000,   3.334
202603201206,   3.231,9999.000,9999.000,9999.000,9999.000,9999.000,9999.000,9999.000,9999.000
202603201212,   3.326,9999.000,9999.000,9999.000,9999.000,9999.000,9999.000,9999.000,9999.000
202603201218,   3.417,9999.000,9999.000,9999.000,9999.000,9999.000,9999.000,9999.000,9999.000
202603201224,   3.506,9999.000,9999.000,9999.000,9999.000,9999.000,9999.000,9999.000,9999.000
202603201230,   3.591,9999.000,9999.000,9999.000,9999.000,9999.000,9999.000,9999.000,9999.000
202603201236,   3.672,9999.000,9999.000,9999.000,9999.000,9999.000,9999.000,9999.000,9999.000
202603201242,   3.749,9999.000,9999.000,9999.000,9999.000,9999.000,9999.000,9999.000,9999.000
202603201248,   3.822,9999.000,9999.000,9999.000,9999.000,9999.000,9999.000,9999.000,9999.000
202603201254,   3.891,9999.000,9999.000,9999.000,9999.000,9999.000,9999.000,9999.000,9999.000
202603201300,   3.955,9999.000,   0.000,   0.201,   4.156,  -0.100,   4.056,   0.000,   4.156
202603201306,   4.015,9999.000,9999.000,9999.000,9999.000,9999.000,9999.000,9999.000,9999.000
202603201312,   4.069,9999.000,9999.000,9999.000,9999.000,9999.000,9999.000,9999.000,9999.000
202603201318,   4.119,9999.000,9999.000,9999.000,9999.000,9999.000,9999.000,9999.000,9999.000
202603201324,   4.163,9999.000,9999.000,9999.000,9999.000,9999.000,9999.000,9999.000,9999.000
202603201330,   4.202,9999.000,9999.000,9999.000,9999.000,9999.000,9999.000,9999.000,9999.000
202603201336,   4.235,9999.000,9999.000,9999.000,9999.000,9999.000,9999.000,9999.000,9999.000
202603201342,   4.263,9999.000,9999.000,9999.000,9999.000,9999.000,9999.000,9999.000,9999.000
202603201348,   4.285,9999.000,9999.000,9999.000,9999.000,9999.000,9999.000,9999.000,9999.000
202603201354,   4.301,9999.000,9999.000,9999.000,9999.000,9999.000,9999.000,9999.000,9999.000
202603201400,   4.311,9999.000,   0.000,   0.201,   4.512,  -0.100,   4.412,   0.000,   4.512
202603201406,   4.316,9999.000,9999.000,9999.000,9999.000,9999.000,9999.000,9999.000,9999.000
202603201412,   4.314,9999.000,9999.000,9999.000,9999.000,9999.000,9999.000,9999.000,9999.000
202603201418,   4.306,9999.000,9999.000,9999.000,9999.000,9999.000,9999.000,9999.000,9999.000
202603201424,   4.293,9999.000,9999.000,9999.000,9999.000,9999.000,9999.000,9999.000,9999.000
202603201430,   4.274,9999.000,9999.000,9999.000,9999.000,9999.000,9999.000,9999.000,9999.000
202603201436,   4.248,9999.000,9999.000,9999.000,9999.000,9999.000,9999.000,9999.000,9999.000
202603201442,   4.217,9999.000,9999.000,9999.000,9999.000,9999.000,9999.000,9999.000,9999.000
202603201448,   4.180,9999.000,9999.000,9999.000,9999.000,9999.000,9999.000,9999.000,9999.000
202603201454,   4.138,9999.000,9999.000,9999.000,9999.000,9999.000,9999.000,9999.000,9999.000
202603201500,   4.090,9999.000,   0.000,   0.201,   4.291,  -0.100,   4.191,   0.000,   4.291
202603201506,   4.037,9999.000,9999.000,9999.000,9999.000,9999.000,9999.000,9999.000,9999.000
202603201512,   3.978,9999.000,9999.000,9999.000,9999.000,9999.000,9999.000,9999.000,9999.000
202603201518,   3.914,9999.000,9999.000,9999.000,9999.000,9999.000,9999.000,9999.000,9999.000
202603201524,   3.846,9999.000,9999.000,9999.000,9999.000,9999.000,9999.000,9999.000,9999.000
202603201530,   3.772,9999.000,9999.000,9999.000,9999.000,9999.000,9999.000,9999.000,9999.000
202603201536,   3.695,9999.000,9999.000,9999.000,9999.000,9999.000,9999.000,9999.000,9999.000
202603201542,   3.613,9999.000,9999.000,9999.000,9999.000,9999.000,9999.000,9999.000,9999.000
202603201548,   3.527,9999.000,9999.000,9999.000,9999.000,9999.000,9999.000,9999.000,9999.000
202603201554,   3.437,9999.000,9999.000,9999.000,9999.000,9999.000,9999.000,9999.000,9999.000
202603201600,   3.344,9999.000,   0.000,   0.201,   3.545,  -0.100,   3.445,   0.000,   3.545
202603201606,   3.247,9999.000,9999.000,9999.000,9999.000,9999.000,9999.000,9999.000,9999.000
202603201612,   3.147,9999.000,9999.000,9999.000,9999.000,9999.000,9999.000,9999.000,9999.000
202603201618,   3.045,9999.000,9999.000,9999.000,9999.000,9999.000,9999.000,9999.000,9999.000
202603201624,   2.940,9999.000,9999.000,9999.000,9999.000,9999.000,9999.000,9999.000,9999.000
202603201630,   2.833,9999.000,9999.000,9999.000,9999.000,9999.000,9999.000,9999.000,9999.000
202603201636,   2.724,9999.000,9999.000,9999.000,9999.000,9999.000,9999.000,9999.000,9999.000
202603201642,   2.614,9999.000,9999.000,9999.000,9999.000,9999.000,9999.000,9999.000,9999.000
202603201648,   2.502,9999.000,9999.000,9999.000,9999.000,9999.000,9999.000,9999.000,9999.000
202603201654,   2.389,9999.000,9999.000,9999.000,9999.000,9999.000,9999.000,9999.000,9999.000
202603201700,   2.275,9999.000,   0.000,   0.201,   2.476,  -0.100,   2.376,   0.000,   2.476
202603201706,   2.160,9999.000,9999.000,9999.000,9999.000,9999.000,9999.000,9999.000,9999.000
202603201712,   2.045,9999.000,9999.000,9999.000,9999.000,9999.000,9999.000,9999.000,9999.000
202603201718,   1.930,9999.000,9999.000,9999.000,9999.000,9999.000,9999.000,9999.000,9999.000
202603201724,   1.814,9999.000,9999.000,9999.000,9999.000,9999.000,9999.000,9999.000,9999.000
202603201730,   1.699,9999.000,9999.000,9999.000,9999.000,9999.000,9999.000,9999.000,9999.000
202603201736,   1.584,9999.000,9999.000,9999.000,9999.000,9999.000,9999.000,9999.000,9999.000
202603201742,   1.470,9999.000,9999.000,9999.000,9999.000,9999.000,9999.000,9999.000,9999.000
202603201748,   1.357,9999.000,9999.000,9999.000,9999.000,9999.000,9999.000,9999.000,9999.000
202603201754,   1.244,9999.000,9999.000,9999.000,9999.000,9999.000,9999.000,9999.000,9999.000
202603201800,   1.133,9999.000,   0.000,   0.201,   1.334,   0.000,   1.334,   0.000,   1.334
202603201806,   1.023,9999.000,9999.000,9999.000,9999.000,9999.000,9999.000,9999.000,9999.000
202603201812,   0.914,9999.000,9999.000,9999.000,9999.000,9999.000,9999.000,9999.000,9999.000
202603201818,   0.808,9999.000,9999.000,9999.000,9999.000,9999.000,9999.000,9999.000,9999.000
202603201824,   0.703,9999.000,9999.000,9999.000,9999.000,9999.000,9999.000,9999.000,9999.000
202603201830,   0.601,9999.000,9999.000,9999.000,9999.000,9999.000,9999.000,9999.000,9999.000
202603201836,   0.501,9999.000,9999.000,9999.000,9999.000,9999.000,9999.000,9999.000,9999.000
202603201842,   0.404,9999.000,9999.000,9999.000,9999.000,9999.000,9999.000,9999.000,9999.000
202603201848,   0.311,9999.000,9999.000,9999.000,9999.000,9999.000,9999.000,9999.000,9999.000
202603201854,   0.221,9999.000,9999.000,9999.000,9999.000,9999.000,9999.000,9999.000,9999.000
202603201900,   0.135,9999.000,   0.000,   0.201,   0.336,   0.000,   0.336,   0.000,   0.336
202603201906,   0.053,9999.000,9999.000,9999.000,9999.000,9999.000,9999.000,9999.000,9999.000
202603201912,  -0.023,9999.000,9999.000,9999.000,9999.000,9999.000,9999.000,9999.000,9999.000
202603201918,  -0.095,9999.000,9999.000,9999.000,9999.000,9999.000,9999.000,9999.000,9999.000
202603201924,  -0.161,9999.000,9999.000,9999.000,9999.000,9999.000,9999.000,9999.000,9999.000
202603201930,  -0.222,9999.000,9999.000,9999.000,9999.000,9999.000,9999.000,9999.000,9999.000
202603201936,  -0.277,9999.000,9999.000,9999.000,9999.000,9999.000,9999.000,9999.000,9999.000
202603201942,  -0.324,9999.000,9999.000,9999.000,9999.000,9999.000,9999.000,9999.000,9999.000
202603201948,  -0.365,9999.000,9999.000,9999.000,9999.000,9999.000,9999.000,9999.000,9999.000
202603201954,  -0.399,9999.000,9999.000,9999.000,9999.000,9999.000,9999.000,9999.000,9999.000
202603202000,  -0.424,9999.000,   0.000,   0.201,  -0.223,   0.000,  -0.223,   0.000,  -0.223
202603202006,  -0.442,9999.000,9999.000,9999.000,9999.000,9999.000,9999.000,9999.000,9999.000
202603202012,  -0.452,9999.000,9999.000,9999.000,9999.000,9999.000,9999.000,9999.000,9999.000
202603202018,  -0.453,9999.000,9999.000,9999.000,9999.000,9999.000,9999.000,9999.000,9999.000
202603202024,  -0.446,9999.000,9999.000,9999.000,9999.000,9999.000,9999.000,9999.000,9999.000
202603202030,  -0.431,9999.000,9999.000,9999.000,9999.000,9999.000,9999.000,9999.000,9999.000
202603202036,  -0.407,9999.000,9999.000,9999.000,9999.000,9999.000,9999.000,9999.000,9999.000
202603202042,  -0.374,9999.000,9999.000,9999.000,9999.000,9999.000,9999.000,9999.000,9999.000
202603202048,  -0.333,9999.000,9999.000,9999.000,9999.000,9999.000,9999.000,9999.000,9999.000
202603202054,  -0.284,9999.000,9999.000,9999.000,9999.000,9999.000,9999.000,9999.000,9999.000
202603202100,  -0.226,9999.000,   0.000,   0.201,  -0.025,   0.000,  -0.025,   0.000,  -0.025
202603202106,  -0.161,9999.000,9999.000,9999.000,9999.000,9999.000,9999.000,9999.000,9999.000
202603202112,  -0.089,9999.000,9999.000,9999.000,9999.000,9999.000,9999.000,9999.000,9999.000
202603202118,  -0.009,9999.000,9999.000,9999.000,9999.000,9999.000,9999.000,9999.000,9999.000
202603202124,   0.076,9999.000,9999.000,9999.000,9999.000,9999.000,9999.000,9999.000,9999.000
202603202130,   0.169,9999.000,9999.000,9999.000,9999.000,9999.000,9999.000,9999.000,9999.000
202603202136,   0.267,9999.000,9999.000,9999.000,9999.000,9999.000,9999.000,9999.000,9999.000
202603202142,   0.371,9999.000,9999.000,9999.000,9999.000,9999.000,9999.000,9999.000,9999.000
202603202148,   0.479,9999.000,9999.000,9999.000,9999.000,9999.000,9999.000,9999.000,9999.000
202603202154,   0.592,9999.000,9999.000,9999.000,9999.000,9999.000,9999.000,9999.000,9999.000
202603202200,   0.708,9999.000,   0.000,   0.201,   0.909,   0.000,   0.909,   0.100,   1.009
202603202206,   0.828,9999.000,9999.000,9999.000,9999.000,9999.000,9999.000,9999.000,9999.000
202603202212,   0.950,9999.000,9999.000,9999.000,9999.000,9999.000,9999.000,9999.000,9999.000
202603202218,   1.075,9999.000,9999.000,9999.000,9999.000,9999.000,9999.000,9999.000,9999.000
202603202224,   1.201,9999.000,9999.000,9999.000,9999.000,9999.000,9999.000,9999.000,9999.000
202603202230,   1.329,9999.000,9999.000,9999.000,9999.000,9999.000,9999.000,9999.000,9999.000
202603202236,   1.457,9999.000,9999.000,9999.000,9999.000,9999.000,9999.000,9999.000,9999.000
202603202242,   1.586,9999.000,9999.000,9999.000,9999.000,9999.000,9999.000,9999.000,9999.000
202603202248,   1.715,9999.000,9999.000,9999.000,9999.000,9999.000,9999.000,9999.000,9999.000
202603202254,   1.845,9999.000,9999.000,9999.000,9999.000,9999.000,9999.000,9999.000,9999.000
202603202300,   1.973,9999.000,   0.000,   0.201,   2.174,   0.000,   2.174,   0.100,   2.274
202603202306,   2.101,9999.000,9999.000,9999.000,9999.000,9999.000,9999.000,9999.000,9999.000
202603202312,   2.228,9999.000,9999.000,9999.000,9999.000,9999.000,9999.000,9999.000,9999.000
202603202318,   2.354,9999.000,9999.000,9999.000,9999.000,9999.000,9999.000,9999.000,9999.000
202603202324,   2.478,9999.000,9999.000,9999.000,9999.000,9999.000,9999.000,9999.000,9999.000
202603202330,   2.601,9999.000,9999.000,9999.000,9999.000,9999.000,9999.000,9999.000,9999.000
202603202336,   2.722,9999.000,9999.000,9999.000,9999.000,9999.000,9999.000,9999.000,9999.000
202603202342,   2.842,9999.000,9999.000,9999.000,9999.000,9999.000,9999.000,9999.000,9999.000
202603202348,   2.959,9999.000,9999.000,9999.000,9999.000,9999.000,9999.000,9999.000,9999.000
202603202354,   3.074,9999.000,9999.000,9999.000,9999.000,9999.000,9999.000,9999.000,9999.000
202603210000,   3.187,9999.000,   0.000,   0.201,   3.388,   0.000,   3.388,   0.100,   3.488
202603210006,   3.297,9999.000,9999.000,9999.000,9999.000,9999.000,9999.000,9999.000,9999.000
202603210012,   3.405,9999.000,9999.000,9999.000,9999.000,9999.000,9999.000,9999.000,9999.000
202603210018,   3.510,9999.000,9999.000,9999.000,9999.000,9999.000,9999.000,9999.000,9999.000
202603210024,   3.612,9999.000,9999.000,9999.000,9999.000,9999.000,9999.000,9999.000,9999.000
202603210030,   3.712,9999.000,9999.000,9999.000,9999.000,9999.000,9999.000,9999.000,9999.000
202603210036,   3.807,9999.000,9999.000,9999.000,9999.000,9999.000,9999.000,9999.000,9999.000
202603210042,   3.900,9999.000,9999.000,9999.000,9999.000,9999.000,9999.000,9999.000,9999.000
202603210048,   3.989,9999.000,9999.000,9999.000,9999.000,9999.000,9999.000,9999.000,9999.000
202603210054,   4.074,9999.000,9999.000,9999.000,9999.000,9999.000,9999.000,9999.000,9999.000
202603210100,   4.155,9999.000,   0.000,   0.201,   4.356,   0.000,   4.356,   0.100,   4.456
202603210106,   4.232,9999.000,9999.000,9999.000,9999.000,9999.000,9999.000,9999.000,9999.000
202603210112,   4.305,9999.000,9999.000,9999.000,9999.000,9999.000,9999.000,9999.000,9999.000
202603210118,   4.373,9999.000,9999.000,9999.000,9999.000,9999.000,9999.000,9999.000,9999.000
202603210124,   4.436,9999.000,9999.000,9999.000,9999.000,9999.000,9999.000,9999.000,9999.000
202603210130,   4.495,9999.000,9999.000,9999.000,9999.000,9999.000,9999.000,9999.000,9999.000
202603210136,   4.548,9999.000,9999.000,9999.000,9999.000,9999.000,9999.000,9999.000,9999.000
202603210142,   4.597,9999.000,9999.000,9999.000,9999.000,9999.000,9999.000,9999.000,9999.000
202603210148,   4.640,9999.000,9999.000,9999.000,9999.000,9999.000,9999.000,9999.000,9999.000
202603210154,   4.677,9999.000,9999.000,9999.000,9999.000,9999.000,9999.000,9999.000,9999.000
202603210200,   4.709,9999.000,   0.000,   0.201,   4.910,   0.000,   4.910,   0.100,   5.010
202603210206,   4.735,9999.000,9999.000,9999.000,9999.000,9999.000,9999.000,9999.000,9999.000
202603210212,   4.755,9999.000,9999.000,9999.000,9999.000,9999.000,9999.000,9999.000,9999.000
202603210218,   4.770,9999.000,9999.000,9999.000,9999.000,9999.000,9999.000,9999.000,9999.000
202603210224,   4.778,9999.000,9999.000,9999.000,9999.000,9999.000,9999.000,9999.000,9999.000
202603210230,   4.781,9999.000,9999.000,9999.000,9999.000,9999.000,9999.000,9999.000,9999.000
202603210236,   4.777,9999.000,9999.000,9999.000,9999.000,9999.000,9999.000,9999.000,9999.000
202603210242,   4.768,9999.000,9999.000,9999.000,9999.000,9999.000,9999.000,9999.000,9999.000
202603210248,   4.753,9999.000,9999.000,9999.000,9999.000,9999.000,9999.000,9999.000,9999.000
202603210254,   4.731,9999.000,9999.000,9999.000,9999.000,9999.000,9999.000,9999.000,9999.000
202603210300,   4.704,9999.000,   0.000,   0.201,   4.905,   0.000,   4.905,   0.100,   5.005
202603210306,   4.671,9999.000,9999.000,9999.000,9999.000,9999.000,9999.000,9999.000,9999.000
202603210312,   4.632,9999.000,9999.000,9999.000,9999.000,9999.000,9999.000,9999.000,9999.000
202603210318,   4.587,9999.000,9999.000,9999.000,9999.000,9999.000,9999.000,9999.000,9999.000
202603210324,   4.537,9999.000,9999.000,9999.000,9999.000,9999.000,9999.000,9999.000,9999.000
202603210330,   4.482,9999.000,9999.000,9999.000,9999.000,9999.000,9999.000,9999.000,9999.000
202603210336,   4.421,9999.000,9999.000,9999.000,9999.000,9999.000,9999.000,9999.000,9999.000
202603210342,   4.355,9999.000,9999.000,9999.000,9999.000,9999.000,9999.000,9999.000,9999.000
202603210348,   4.284,9999.000,9999.000,9999.000,9999.000,9999.000,9999.000,9999.000,9999.000
202603210354,   4.208,9999.000,9999.000,9999.000,9999.000,9999.000,9999.000,9999.000,9999.000
202603210400,   4.128,9999.000,   0.000,   0.201,   4.329,   0.000,   4.329,   0.100,   4.429
202603210406,   4.043,9999.000,9999.000,9999.000,9999.000,9999.000,9999.000,9999.000,9999.000
202603210412,   3.954,9999.000,9999.000,9999.000,9999.000,9999.000,9999.000,9999.000,9999.000
202603210418,   3.861,9999.000,9999.000,9999.000,9999.000,9999.000,9999.000,9999.000,9999.000
202603210424,   3.765,9999.000,9999.000,9999.000,9999.000,9999.000,9999.000,9999.000,9999.000
202603210430,   3.665,9999.000,9999.000,9999.000,9999.000,9999.000,9999.000,9999.000,9999.000
202603210436,   3.561,9999.000,9999.000,9999.000,9999.000,9999.000,9999.000,9999.000,9999.000
202603210442,   3.455,9999.000,9999.000,9999.000,9999.000,9999.000,9999.000,9999.000,9999.000
202603210448,   3.346,9999.000,9999.000,9999.000,9999.000,9999.000,9999.000,9999.000,9999.000
202603210454,   3.235,9999.000,9999.000,9999.000,9999.000,9999.000,9999.000,9999.000,9999.000
202603210500,   3.121,9999.000,   0.000,   0.201,   3.322,  -0.100,   3.222,   0.100,   3.422
202603210506,   3.005,9999.000,9999.000,9999.000,9999.000,9999.000,9999.000,9999.000,9999.000
202603210512,   2.888,9999.000,9999.000,9999.000,9999.000,9999.000,9999.000,9999.000,9999.000
202603210518,   2.769,9999.000,9999.000,9999.000,9999.000,9999.000,9999.000,9999.000,9999.000
202603210524,   2.649,9999.000,9999.000,9999.000,9999.000,9999.000,9999.000,9999.000,9999.000
202603210530,   2.528,9999.000,9999.000,9999.000,9999.000,9999.000,9999.000,9999.000,9999.000
202603210536,   2.406,9999.000,9999.000,9999.000,9999.000,9999.000,9999.000,9999.000,9999.000
202603210542,   2.283,9999.000,9999.000,9999.000,9999.000,9999.000,9999.000,9999.000,9999.000
202603210548,   2.160,9999.000,9999.000,9999.000,9999.000,9999.000,9999.000,9999.000,9999.000
202603210554,   2.037,9999.000,9999.000,9999.000,9999.000,9999.000,9999.000,9999.000,9999.000
202603210600,   1.914,9999.000,   0.000,   0.201,   2.115,  -0.100,   2.015,   0.100,   2.215
202603210606,   1.791,9999.000,9999.000,9999.000,9999.000,9999.000,9999.000,9999.000,9999.000
202603210612,   1.669,9999.000,9999.000,9999.000,9999.000,9999.000,9999.000,9999.000,9999.000
202603210618,   1.547,9999.000,9999.000,9999.000,9999.000,9999.000,9999.000,9999.000,9999.000
202603210624,   1.425,9999.000,9999.000,9999.000,9999.000,9999.000,9999.000,9999.000,9999.000
202603210630,   1.305,9999.000,9999.000,9999.000,9999.000,9999.000,9999.000,9999.000,9999.000
202603210636,   1.186,9999.000,9999.000,9999.000,9999.000,9999.000,9999.000,9999.000,9999.000
202603210642,   1.069,9999.000,9999.000,9999.000,9999.000,9999.000,9999.000,9999.000,9999.000
202603210648,   0.953,9999.000,9999.000,9999.000,9999.000,9999.000,9999.000,9999.000,9999.000
202603210654,   0.839,9999.000,9999.000,9999.000,9999.000,9999.000,9999.000,9999.000,9999.000
202603210700,   0.727,9999.000,   0.000,   0.201,   0.928,  -0.100,   0.828,   0.100,   1.028
202603210706,   0.618,9999.000,9999.000,9999.000,9999.000,9999.000,9999.000,9999.000,9999.000
202603210712,   0.512,9999.000,9999.000,9999.000,9999.000,9999.000,9999.000,9999.000,9999.000
202603210718,   0.409,9999.000,9999.000,9999.000,9999.000,9999.000,9999.000,9999.000,9999.000
202603210724,   0.310,9999.000,9999.000,9999.000,9999.000,9999.000,9999.000,9999.000,9999.000
202603210730,   0.215,9999.000,9999.000,9999.000,9999.000,9999.000,9999.000,9999.000,9999.000
202603210736,   0.124,9999.000,9999.000,9999.000,9999.000,9999.000,9999.000,9999.000,9999.000
202603210742,   0.037,9999.000,9999.000,9999.000,9999.000,9999.000,9999.000,9999.000,9999.000
202603210748,  -0.043,9999.000,9999.000,9999.000,9999.000,9999.000,9999.000,9999.000,9999.000
202603210754,  -0.118,9999.000,9999.000,9999.000,9999.000,9999.000,9999.000,9999.000,9999.000
202603210800,  -0.188,9999.000,   0.000,   0.201,   0.013,  -0.100,  -0.087,   0.100,   0.113
202603210806,  -0.251,9999.000,9999.000,9999.000,9999.000,9999.000,9999.000,9999.000,9999.000
202603210812,  -0.307,9999.000,9999.000,9999.000,9999.000,9999.000,9999.000,9999.000,9999.000
202603210818,  -0.356,9999.000,9999.000,9999.000,9999.000,9999.000,9999.000,9999.000,9999.000
202603210824,  -0.398,9999.000,9999.000,9999.000,9999.000,9999.000,9999.000,9999.000,9999.000
202603210830,  -0.432,9999.000,9999.000,9999.000,9999.000,9999.000,9999.000,9999.000,9999.000
202603210836,  -0.458,9999.000,9999.000,9999.000,9999.000,9999.000,9999.000,9999.000,9999.000
202603210842,  -0.476,9999.000,9999.000,9999.000,9999.000,9999.000,9999.000,9999.000,9999.000
202603210848,  -0.486,9999.000,9999.000,9999.000,9999.000,9999.000,9999.000,9999.000,9999.000
202603210854,  -0.487,9999.000,9999.000,9999.000,9999.000,9999.000,9999.000,9999.000,9999.000
202603210900,  -0.480,9999.000,   0.000,   0.201,  -0.279,  -0.100,  -0.379,   0.100,  -0.179
202603210906,  -0.464,9999.000,9999.000,9999.000,9999.000,9999.000,9999.000,9999.000,9999.000
202603210912,  -0.440,9999.000,9999.000,9999.000,9999.000,9999.000,9999.000,9999.000,9999.000
202603210918,  -0.408,9999.000,9999.000,9999.000,9999.000,9999.000,9999.000,9999.000,9999.000
202603210924,  -0.368,9999.000,9999.000,9999.000,9999.000,9999.000,9999.000,9999.000,9999.000
202603210930,  -0.320,9999.000,9999.000,9999.000,9999.000,9999.000,9999.000,9999.000,9999.000
202603210936,  -0.264,9999.000,9999.000,9999.000,9999.000,9999.000,9999.000,9999.000,9999.000
202603210942,  -0.201,9999.000,9999.000,9999.000,9999.000,9999.000,9999.000,9999.000,9999.000
202603210948,  -0.132,9999.000,9999.000,9999.000,9999.000,9999.000,9999.000,9999.000,9999.000
202603210954,  -0.056,9999.000,9999.000,9999.000,9999.000,9999.000,9999.000,9999.000,9999.000
202603211000,   0.025,9999.000,   0.000,   0.201,   0.226,  -0.100,   0.126,   0.000,   0.226
202603211006,   0.112,9999.000,9999.000,9999.000,9999.000,9999.000,9999.000,9999.000,9999.000
202603211012,   0.205,9999.000,9999.000,9999.000,9999.000,9999.000,9999.000,9999.000,9999.000
202603211018,   0.301,9999.000,9999.000,9999.000,9999.000,9999.000,9999.000,9999.000,9999.000
202603211024,   0.402,9999.000,9999.000,9999.000,9999.000,9999.000,9999.000,9999.000,9999.000
202603211030,   0.507,9999.000,9999.000,9999.000,9999.000,9999.000,9999.000,9999.000,9999.000
202603211036,   0.614,9999.000,9999.000,9999.000,9999.000,9999.000,9999.000,9999.000,9999.000
202603211042,   0.724,9999.000,9999.000,9999.000,9999.000,9999.000,9999.000,9999.000,9999.000
202603211048,   0.836,9999.000,9999.000,9999.000,9999.000,9999.000,9999.000,9999.000,9999.000
202603211054,   0.950,9999.000,9999.000,9999.000,9999.000,9999.000,9999.000,9999.000,9999.000
202603211100,   1.065,9999.000,  -0.100,   0.201,   1.166,  -0.200,   1.066,   0.000,   1.266
202603211106,   1.182,9999.000,9999.000,9999.000,9999.000,9999.000,9999.000,9999.000,9999.000
202603211112,   1.298,9999.000,9999.000,9999.000,9999.000,9999.000,9999.000,9999.000,9999.000
202603211118,   1.415,9999.000,9999.000,9999.000,9999.000,9999.000,9999.000,9999.000,9999.000
202603211124,   1.532,9999.000,9999.000,9999.000,9999.000,9999.000,9999.000,9999.000,9999.000
202603211130,   1.649,9999.000,9999.000,9999.000,9999.000,9999.000,9999.000,9999.000,9999.000
202603211136,   1.765,9999.000,9999.000,9999.000,9999.000,9999.000,9999.000,9999.000,9999.000
202603211142,   1.881,9999.000,9999.000,9999.000,9999.000,9999.000,9999.000,9999.000,9999.000
202603211148,   1.996,9999.000,9999.000,9999.000,9999.000,9999.000,9999.000,9999.000,9999.000
202603211154,   2.109,9999.000,9999.000,9999.000,9999.000,9999.000,9999.000,9999.000,9999.000
202603211200,   2.221,9999.000,  -0.100,   0.201,   2.322,  -0.200,   2.222,   0.000,   2.422
202603211206,   2.332,9999.000,9999.000,9999.000,9999.000,9999.000,9999.000,9999.000,9999.000
202603211212,   2.441,9999.000,9999.000,9999.000,9999.000,9999.000,9999.000,9999.000,9999.000
202603211218,   2.549,9999.000,9999.000,9999.000,9999.000,9999.000,9999.000,9999.000,9999.000
202603211224,   2.654,9999.000,9999.000,9999.000,9999.000,9999.000,9999.000,9999.000,9999.000
202603211230,   2.758,9999.000,9999.000,9999.000,9999.000,9999.000,9999.000,9999.000,9999.000
202603211236,   2.859,9999.000,9999.000,9999.000,9999.000,9999.000,9999.000,9999.000,9999.000
202603211242,   2.958,9999.000,9999.000,9999.000,9999.000,9999.000,9999.000,9999.000,9999.000
202603211248,   3.054,9999.000,9999.000,9999.000,9999.000,9999.000,9999.000,9999.000,9999.000
202603211254,   3.148,9999.000,9999.000,9999.000,9999.000,9999.000,9999.000,9999.000,9999.000
202603211300,   3.239,9999.000,  -0.100,   0.201,   3.340,  -0.200,   3.240,   0.000,   3.440
202603211306,   3.326,9999.000,9999.000,9999.000,9999.000,9999.000,9999.000,9999.000,9999.000
202603211312,   3.410,9999.000,9999.000,9999.000,9999.000,9999.000,9999.000,9999.000,9999.000
202603211318,   3.491,9999.000,9999.000,9999.000,9999.000,9999.000,9999.000,9999.000,9999.000
202603211324,   3.568,9999.000,9999.000,9999.000,9999.000,9999.000,9999.000,9999.000,9999.000
202603211330,   3.641,9999.000,9999.000,9999.000,9999.000,9999.000,9999.000,9999.000,9999.000
202603211336,   3.710,9999.000,9999.000,9999.000,9999.000,9999.000,9999.000,9999.000,9999.000
202603211342,   3.774,9999.000,9999.000,9999.000,9999.000,9999.000,9999.000,9999.000,9999.000
202603211348,   3.834,9999.000,9999.000,9999.000,9999.000,9999.000,9999.000,9999.000,9999.000
202603211354,   3.890,9999.000,9999.000,9999.000,9999.000,9999.000,9999.000,9999.000,9999.000
202603211400,   3.940,9999.000,  -0.100,   0.201,   4.041,  -0.200,   3.941,   0.000,   4.141
202603211406,   3.985,9999.000,9999.000,9999.000,9999.000,9999.000,9999.000,9999.000,9999.000
202603211412,   4.025,9999.000,9999.000,9999.000,9999.000,9999.000,9999.000,9999.000,9999.000
202603211418,   4.060,9999.000,9999.000,9999.000,9999.000,9999.000,9999.000,9999.000,9999.000
202603211424,   4.089,9999.000,9999.000,9999.000,9999.000,9999.000,9999.000,9999.000,9999.000
202603211430,   4.113,9999.000,9999.000,9999.000,9999.000,9999.000,9999.000,9999.000,9999.000
202603211436,   4.130,9999.000,9999.000,9999.000,9999.000,9999.000,9999.000,9999.000,9999.000
202603211442,   4.142,9999.000,9999.000,9999.000,9999.000,9999.000,9999.000,9999.000,9999.000
202603211448,   4.149,9999.000,9999.000,9999.000,9999.000,9999.000,9999.000,9999.000,9999.000
202603211454,   4.149,9999.000,9999.000,9999.000,9999.000,9999.000,9999.000,9999.000,9999.000
202603211500,   4.144,9999.000,  -0.100,   0.201,   4.245,  -0.200,   4.145,   0.000,   4.345
202603211506,   4.132,9999.000,9999.000,9999.000,9999.000,9999.000,9999.000,9999.000,9999.000
202603211512,   4.115,9999.000,9999.000,9999.000,9999.000,9999.000,9999.000,9999.000,9999.000
202603211518,   4.092,9999.000,9999.000,9999.000,9999.000,9999.000,9999.000,9999.000,9999.000
202603211524,   4.063,9999.000,9999.000,9999.000,9999.000,9999.000,9999.000,9999.000,9999.000
202603211530,   4.029,9999.000,9999.000,9999.000,9999.000,9999.000,9999.000,9999.000,9999.000
202603211536,   3.989,9999.000,9999.000,9999.000,9999.000,9999.000,9999.000,9999.000,9999.000
202603211542,   3.943,9999.000,9999.000,9999.000,9999.000,9999.000,9999.000,9999.000,9999.000
202603211548,   3.893,9999.000,9999.000,9999.000,9999.000,9999.000,9999.000,9999.000,9999.000
202603211554,   3.837,9999.000,9999.000,9999.000,9999.000,9999.000,9999.000,9999.000,9999.000
202603211600,   3.775,9999.000,  -0.100,   0.201,   3.876,  -0.200,   3.776,   0.000,   3.976
202603211606,   3.709,9999.000,9999.000,9999.000,9999.000,9999.000,9999.000,9999.000,9999.000
202603211612,   3.639,9999.000,9999.000,9999.000,9999.000,9999.000,9999.000,9999.000,9999.000
202603211618,   3.564,9999.000,9999.000,9999.000,9999.000,9999.000,9999.000,9999.000,9999.000
202603211624,   3.484,9999.000,9999.000,9999.000,9999.000,9999.000,9999.000,9999.000,9999.000
202603211630,   3.401,9999.000,9999.000,9999.000,9999.000,9999.000,9999.000,9999.000,9999.000
202603211636,   3.313,9999.000,9999.000,9999.000,9999.000,9999.000,9999.000,9999.000,9999.000
202603211642,   3.222,9999.000,9999.000,9999.000,9999.000,9999.000,9999.000,9999.000,9999.000
202603211648,   3.128,9999.000,9999.000,9999.000,9999.000,9999.000,9999.000,9999.000,9999.000
202603211654,   3.031,9999.000,9999.000,9999.000,9999.000,9999.000,9999.000,9999.000,9999.000
202603211700,   2.931,9999.000,  -0.100,   0.201,   3.032,  -0.200,   2.932,   0.000,   3.132
202603211706,   2.828,9999.000,9999.000,9999.000,9999.000,9999.000,9999.000,9999.000,9999.000
202603211712,   2.724,9999.000,9999.000,9999.000,9999.000,9999.000,9999.000,9999.000,9999.000
202603211718,   2.617,9999.000,9999.000,9999.000,9999.000,9999.000,9999.000,9999.000,9999.000
202603211724,   2.509,9999.000,9999.000,9999.000,9999.000,9999.000,9999.000,9999.000,9999.000
202603211730,   2.399,9999.000,9999.000,9999.000,9999.000,9999.000,9999.000,9999.000,9999.000
202603211736,   2.288,9999.000,9999.000,9999.000,9999.000,9999.000,9999.000,9999.000,9999.000
202603211742,   2.176,9999.000,9999.000,9999.000,9999.000,9999.000,9999.000,9999.000,9999.000
202603211748,   2.064,9999.000,9999.000,9999.000,9999.000,9999.000,9999.000,9999.000,9999.000
202603211754,   1.951,9999.000,9999.000,9999.000,9999.000,9999.000,9999.000,9999.000,9999.000
202603211800,   1.839,9999.000,  -0.100,   0.201,   1.940,  -0.200,   1.840,   0.000,   2.040
202603211806,   1.726,9999.000,9999.000,9999.000,9999.000,9999.000,9999.000,9999.000,9999.000
202603211812,   1.614,9999.000,9999.000,9999.000,9999.000,9999.000,9999.000,9999.000,9999.000
202603211818,   1.502,9999.000,9999.000,9999.000,9999.000,9999.000,9999.000,9999.000,9999.000
202603211824,   1.391,9999.000,9999.000,9999.000,9999.000,9999.000,9999.000,9999.000,9999.000
202603211830,   1.281,9999.000,9999.000,9999.000,9999.000,9999.000,9999.000,9999.000,9999.000
202603211836,   1.173,9999.000,9999.000,9999.000,9999.000,9999.000,9999.000,9999.000,9999.000
202603211842,   1.066,9999.000,9999.000,9999.000,9999.000,9999.000,9999.000,9999.000,9999.000
202603211848,   0.960,9999.000,9999.000,9999.000,9999.000,9999.000,9999.000,9999.000,9999.000
202603211854,   0.856,9999.000,9999.000,9999.000,9999.000,9999.000,9999.000,9999.000,9999.000
202603211900,   0.754,9999.000,  -0.100,   0.201,   0.855,  -0.200,   0.755,   0.000,   0.955
202603211906,   0.655,9999.000,9999.000,9999.000,9999.000,9999.000,9999.000,9999.000,9999.000
202603211912,   0.558,9999.000,9999.000,9999.000,9999.000,9999.000,9999.000,9999.000,9999.000
202603211918,   0.463,9999.000,9999.000,9999.000,9999.000,9999.000,9999.000,9999.000,9999.000
202603211924,   0.372,9999.000,9999.000,9999.000,9999.000,9999.000,9999.000,9999.000,9999.000
202603211930,   0.284,9999.000,9999.000,9999.000,9999.000,9999.000,9999.000,9999.000,9999.000
202603211936,   0.200,9999.000,9999.000,9999.000,9999.000,9999.000,9999.000,9999.000,9999.000
202603211942,   0.119,9999.000,9999.000,9999.000,9999.000,9999.000,9999.000,9999.000,9999.000
202603211948,   0.043,9999.000,9999.000,9999.000,9999.000,9999.000,9999.000,9999.000,9999.000
202603211954,  -0.028,9999.000,9999.000,9999.000,9999.000,9999.000,9999.000,9999.000,9999.000
202603212000,  -0.095,9999.000,  -0.100,   0.201,   0.006,  -0.300,  -0.194,   0.000,   0.106
202603212006,  -0.157,9999.000,9999.000,9999.000,9999.000,9999.000,9999.000,9999.000,9999.000
202603212012,  -0.213,9999.000,9999.000,9999.000,9999.000,9999.000,9999.000,9999.000,9999.000
202603212018,  -0.263,9999.000,9999.000,9999.000,9999.000,9999.000,9999.000,9999.000,9999.000
202603212024,  -0.307,9999.000,9999.000,9999.000,9999.000,9999.000,9999.000,9999.000,9999.000
202603212030,  -0.345,9999.000,9999.000,9999.000,9999.000,9999.000,9999.000,9999.000,9999.000
202603212036,  -0.375,9999.000,9999.000,9999.000,9999.000,9999.000,9999.000,9999.000,9999.000
202603212042,  -0.398,9999.000,9999.000,9999.000,9999.000,9999.000,9999.000,9999.000,9999.000
202603212048,  -0.414,9999.000,9999.000,9999.000,9999.000,9999.000,9999.000,9999.000,9999.000
202603212054,  -0.422,9999.000,9999.000,9999.000,9999.000,9999.000,9999.000,9999.000,9999.000
202603212100,  -0.422,9999.000,  -0.100,   0.201,  -0.321,  -0.300,  -0.521,   0.000,  -0.221
202603212106,  -0.414,9999.000,9999.000,9999.000,9999.000,9999.000,9999.000,9999.000,9999.000
202603212112,  -0.398,9999.000,9999.000,9999.000,9999.000,9999.000,9999.000,9999.000,9999.000
202603212118,  -0.374,9999.000,9999.000,9999.000,9999.000,9999.000,9999.000,9999.000,9999.000
202603212124,  -0.342,9999.000,9999.000,9999.000,9999.000,9999.000,9999.000,9999.000,9999.000
202603212130,  -0.301,9999.000,9999.000,9999.000,9999.000,9999.000,9999.000,9999.000,9999.000
202603212136,  -0.252,9999.000,9999.000,9999.000,9999.000,9999.000,9999.000,9999.000,9999.000
202603212142,  -0.196,9999.000,9999.000,9999.000,9999.000,9999.000,9999.000,9999.000,9999.000
202603212148,  -0.132,9999.000,9999.000,9999.000,9999.000,9999.000,9999.000,9999.000,9999.000
202603212154,  -0.060,9999.000,9999.000,9999.000,9999.000,9999.000,9999.000,9999.000,9999.000
202603212200,   0.017,9999.000,  -0.100,   0.201,   0.118,  -0.300,  -0.082,   0.100,   0.318
202603212206,   0.102,9999.000,9999.000,9999.000,9999.000,9999.000,9999.000,9999.000,9999.000
202603212212,   0.194,9999.000,9999.000,9999.000,9999.000,9999.000,9999.000,9999.000,9999.000
202603212218,   0.291,9999.000,9999.000,9999.000,9999.000,9999.000,9999.000,9999.000,9999.000
202603212224,   0.393,9999.000,9999.000,9999.000,9999.000,9999.000,9999.000,9999.000,9999.000
202603212230,   0.501,9999.000,9999.000,9999.000,9999.000,9999.000,9999.000,9999.000,9999.000
202603212236,   0.613,9999.000,9999.000,9999.000,9999.000,9999.000,9999.000,9999.000,9999.000
202603212242,   0.728,9999.000,9999.000,9999.000,9999.000,9999.000,9999.000,9999.000,9999.000
202603212248,   0.848,9999.000,9999.000,9999.000,9999.000,9999.000,9999.000,9999.000,9999.000
202603212254,   0.969,9999.000,9999.000,9999.000,9999.000,9999.000,9999.000,9999.000,9999.000
202603212300,   1.094,9999.000,  -0.100,   0.201,   1.195,  -0.200,   1.095,   0.100,   1.395
202603212306,   1.220,9999.000,9999.000,9999.000,9999.000,9999.000,9999.000,9999.000,9999.000
202603212312,   1.348,9999.000,9999.000,9999.000,9999.000,9999.000,9999.000,9999.000,9999.000
202603212318,   1.477,9999.000,9999.000,9999.000,9999.000,9999.000,9999.000,9999.000,9999.000
202603212324,   1.606,9999.000,9999.000,9999.000,9999.000,9999.000,9999.000,9999.000,9999.000
202603212330,   1.736,9999.000,9999.000,9999.000,9999.000,9999.000,9999.000,9999.000,9999.000
202603212336,   1.865,9999.000,9999.000,9999.000,9999.000,9999.000,9999.000,9999.000,9999.000
202603212342,   1.994,9999.000,9999.000,9999.000,9999.000,9999.000,9999.000,9999.000,9999.000
202603212348,   2.123,9999.000,9999.000,9999.000,9999.000,9999.000,9999.000,9999.000,9999.000
202603212354,   2.250,9999.000,9999.000,9999.000,9999.000,9999.000,9999.000,9999.000,9999.000
202603220000,   2.377,9999.000,  -0.100,   0.201,   2.478,  -0.200,   2.378,   0.100,   2.678
202603220006,   2.502,9999.000,9999.000,9999.000,9999.000,9999.000,9999.000,9999.000,9999.000
202603220012,   2.625,9999.000,9999.000,9999.000,9999.000,9999.000,9999.000,9999.000,9999.000
202603220018,   2.747,9999.000,9999.000,9999.000,9999.000,9999.000,9999.000,9999.000,9999.000
202603220024,   2.866,9999.000,9999.000,9999.000,9999.000,9999.000,9999.000,9999.000,9999.000
202603220030,   2.984,9999.000,9999.000,9999.000,9999.000,9999.000,9999.000,9999.000,9999.000
202603220036,   3.100,9999.000,9999.000,9999.000,9999.000,9999.000,9999.000,9999.000,9999.000
202603220042,   3.213,9999.000,9999.000,9999.000,9999.000,9999.000,9999.000,9999.000,9999.000
202603220048,   3.324,9999.000,9999.000,9999.000,9999.000,9999.000,9999.000,9999.000,9999.000
202603220054,   3.432,9999.000,9999.000,9999.000,9999.000,9999.000,9999.000,9999.000,9999.000
202603220100,   3.537,9999.000,   0.000,   0.201,   3.738,  -0.200,   3.538,   0.200,   3.938
202603220106,   3.640,9999.000,9999.000,9999.000,9999.000,9999.000,9999.000,9999.000,9999.000
202603220112,   3.740,9999.000,9999.000,9999.000,9999.000,9999.000,9999.000,9999.000,9999.000
202603220118,   3.836,9999.000,9999.000,9999.000,9999.000,9999.000,9999.000,9999.000,9999.000
202603220124,   3.929,9999.000,9999.000,9999.000,9999.000,9999.000,9999.000,9999.000,9999.000
202603220130,   4.019,9999.000,9999.000,9999.000,9999.000,9999.000,9999.000,9999.000,9999.000
202603220136,   4.105,9999.000,9999.000,9999.000,9999.000,9999.000,9999.000,9999.000,9999.000
202603220142,   4.187,9999.000,9999.000,9999.000,9999.000,9999.000,9999.000,9999.000,9999.000
202603220148,   4.266,9999.000,9999.000,9999.000,9999.000,9999.000,9999.000,9999.000,9999.000
202603220154,   4.340,9999.000,9999.000,9999.000,9999.000,9999.000,9999.000,9999.000,9999.000
202603220200,   4.409,9999.000,   0.000,   0.201,   4.610,  -0.200,   4.410,   0.200,   4.810
202603220206,   4.475,9999.000,9999.000,9999.000,9999.000,9999.000,9999.000,9999.000,9999.000
202603220212,   4.535,9999.000,9999.000,9999.000,9999.000,9999.000,9999.000,9999.000,9999.000
202603220218,   4.591,9999.000,9999.000,9999.000,9999.000,9999.000,9999.000,9999.000,9999.000
202603220224,   4.642,9999.000,9999.000,9999.000,9999.000,9999.000,9999.000,9999.000,9999.000
202603220230,   4.687,9999.000,9999.000,9999.000,9999.000,9999.000,9999.000,9999.000,9999.000
202603220236,   4.727,9999.000,9999.000,9999.000,9999.000,9999.000,9999.000,9999.000,9999.000
202603220242,   4.762,9999.000,9999.000,9999.000,9999.000,9999.000,9999.000,9999.000,9999.000
202603220248,   4.792,9999.000,9999.000,9999.000,9999.000,9999.000,9999.000,9999.000,9999.000
202603220254,   4.816,9999.000,9999.000,9999.000,9999.000,9999.000,9999.000,9999.000,9999.000
202603220300,   4.834,9999.000,   0.000,   0.201,   5.035,  -0.200,   4.835,   0.200,   5.235
202603220306,   4.846,9999.000,9999.000,9999.000,9999.000,9999.000,9999.000,9999.000,9999.000
202603220312,   4.853,9999.000,9999.000,9999.000,9999.000,9999.000,9999.000,9999.000,9999.000
202603220318,   4.854,9999.000,9999.000,9999.000,9999.000,9999.000,9999.000,9999.000,9999.000
202603220324,   4.849,9999.000,9999.000,9999.000,9999.000,9999.000,9999.000,9999.000,9999.000
202603220330,   4.838,9999.000,9999.000,9999.000,9999.000,9999.000,9999.000,9999.000,9999.000
202603220336,   4.822,9999.000,9999.000,9999.000,9999.000,9999.000,9999.000,9999.000,9999.000
202603220342,   4.799,9999.000,9999.000,9999.000,9999.000,9999.000,9999.000,9999.000,9999.000
202603220348,   4.771,9999.000,9999.000,9999.000,9999.000,9999.000,9999.000,9999.000,9999.000
202603220354,   4.738,9999.000,9999.000,9999.000,9999.000,9999.000,9999.000,9999.000,9999.000
202603220400,   4.699,9999.000,   0.000,   0.201,   4.900,  -0.200,   4.700,   0.200,   5.100
202603220406,   4.654,9999.000,9999.000,9999.000,9999.000,9999.000,9999.000,9999.000,9999.000
202603220412,   4.604,9999.000,9999.000,9999.000,9999.000,9999.000,9999.000,9999.000,9999.000
202603220418,   4.549,9999.000,9999.000,9999.000,9999.000,9999.000,9999.000,9999.000,9999.000
202603220424,   4.489,9999.000,9999.000,9999.000,9999.000,9999.000,9999.000,9999.000,9999.000
202603220430,   4.423,9999.000,9999.000,9999.000,9999.000,9999.000,9999.000,9999.000,9999.000
202603220436,   4.353,9999.000,9999.000,9999.000,9999.000,9999.000,9999.000,9999.000,9999.000
202603220442,   4.279,9999.000,9999.000,9999.000,9999.000,9999.000,9999.000,9999.000,9999.000
202603220448,   4.199,9999.000,9999.000,9999.000,9999.000,9999.000,9999.000,9999.000,9999.000
202603220454,   4.116,9999.000,9999.000,9999.000,9999.000,9999.000,9999.000,9999.000,9999.000
202603220500,   4.029,9999.000,   0.000,   0.201,   4.230,  -0.200,   4.030,   0.200,   4.430
202603220506,   3.937,9999.000,9999.000,9999.000,9999.000,9999.000,9999.000,9999.000,9999.000
202603220512,   3.842,9999.000,9999.000,9999.000,9999.000,9999.000,9999.000,9999.000,9999.000
202603220518,   3.744,9999.000,9999.000,9999.000,9999.000,9999.000,9999.000,9999.000,9999.000
202603220524,   3.642,9999.000,9999.000,9999.000,9999.000,9999.000,9999.000,9999.000,9999.000
202603220530,   3.538,9999.000,9999.000,9999.000,9999.000,9999.000,9999.000,9999.000,9999.000
202603220536,   3.431,9999.000,9999.000,9999.000,9999.000,9999.000,9999.000,9999.000,9999.000
202603220542,   3.321,9999.000,9999.000,9999.000,9999.000,9999.000,9999.000,9999.000,9999.000
202603220548,   3.210,9999.000,9999.000,9999.000,9999.000,9999.000,9999.000,9999.000,9999.000
202603220554,   3.096,9999.000,9999.000,9999.000,9999.000,9999.000,9999.000,9999.000,9999.000
202603220600,   2.981,9999.000,   0.000,   0.201,   3.182,  -0.200,   2.982,   0.200,   3.382
202603220606,   2.864,9999.000,9999.000,9999.000,9999.000,9999.000,9999.000,9999.000,9999.000
202603220612,   2.747,9999.000,9999.000,9999.000,9999.000,9999.000,9999.000,9999.000,9999.000
202603220618,   2.628,9999.000,9999.000,9999.000,9999.000,9999.000,9999.000,9999.000,9999.000
202603220624,   2.508,9999.000,9999.000,9999.000,9999.000,9999.000,9999.000,9999.000,9999.000
202603220630,   2.389,9999.000,9999.000,9999.000,9999.000,9999.000,9999.000,9999.000,9999.000
202603220636,   2.268,9999.000,9999.000,9999.000,9999.000,9999.000,9999.000,9999.000,9999.000
202603220642,   2.148,9999.000,9999.000,9999.000,9999.000,9999.000,9999.000,9999.000,9999.000
202603220648,   2.028,9999.000,9999.000,9999.000,9999.000,9999.000,9999.000,9999.000,9999.000
202603220654,   1.908,9999.000,9999.000,9999.000,9999.000,9999.000,9999.000,9999.000,9999.000
202603220700,   1.788,9999.000,   0.000,   0.201,   1.989,  -0.200,   1.789,   0.200,   2.189
202603220706,   1.669,9999.000,9999.000,9999.000,9999.000,9999.000,9999.000,9999.000,9999.000
202603220712,   1.551,9999.000,9999.000,9999.000,9999.000,9999.000,9999.000,9999.000,9999.000
202603220718,   1.435,9999.000,9999.000,9999.000,9999.000,9999.000,9999.000,9999.000,9999.000
202603220724,   1.319,9999.000,9999.000,9999.000,9999.000,9999.000,9999.000,9999.000,9999.000
202603220730,   1.205,9999.000,9999.000,9999.000,9999.000,9999.000,9999.000,9999.000,9999.000
202603220736,   1.093,9999.000,9999.000,9999.000,9999.000,9999.000,9999.000,9999.000,9999.000
202603220742,   0.982,9999.000,9999.000,9999.000,9999.000,9999.000,9999.000,9999.000,9999.000
202603220748,   0.874,9999.000,9999.000,9999.000,9999.000,9999.000,9999.000,9999.000,9999.000
202603220754,   0.768,9999.000,9999.000,9999.000,9999.000,9999.000,9999.000,9999.000,9999.000
202603220800,   0.665,9999.000,   0.000,   0.201,   0.866,  -0.200,   0.666,   0.200,   1.066
202603220806,   0.566,9999.000,9999.000,9999.000,9999.000,9999.000,9999.000,9999.000,9999.000
202603220812,   0.469,9999.000,9999.000,9999.000,9999.000,9999.000,9999.000,9999.000,9999.000
202603220818,   0.376,9999.000,9999.000,9999.000,9999.000,9999.000,9999.000,9999.000,9999.000
202603220824,   0.288,9999.000,9999.000,9999.000,9999.000,9999.000,9999.000,9999.000,9999.000
202603220830,   0.204,9999.000,9999.000,9999.000,9999.000,9999.000,9999.000,9999.000,9999.000
202603220836,   0.124,9999.000,9999.000,9999.000,9999.000,9999.000,9999.000,9999.000,9999.000
202603220842,   0.050,9999.000,9999.000,9999.000,9999.000,9999.000,9999.000,9999.000,9999.000
202603220848,  -0.017,9999.000,9999.000,9999.000,9999.000,9999.000,9999.000,9999.000,9999.000
202603220854,  -0.080,9999.000,9999.000,9999.000,9999.000,9999.000,9999.000,9999.000,9999.000
202603220900,  -0.136,9999.000,   0.000,   0.201,   0.065,  -0.200,  -0.135,   0.200,   0.265
202603220906,  -0.186,9999.000,9999.000,9999.000,9999.000,9999.000,9999.000,9999.000,9999.000
202603220912,  -0.229,9999.000,9999.000,9999.000,9999.000,9999.000,9999.000,9999.000,9999.000
202603220918,  -0.265,9999.000,9999.000,9999.000,9999.000,9999.000,9999.000,9999.000,9999.000
202603220924,  -0.294,9999.000,9999.000,9999.000,9999.000,9999.000,9999.000,9999.000,9999.000
202603220930,  -0.314,9999.000,9999.000,9999.000,9999.000,9999.000,9999.000,9999.000,9999.000
202603220936,  -0.327,9999.000,9999.000,9999.000,9999.000,9999.000,9999.000,9999.000,9999.000
202603220942,  -0.333,9999.000,9999.000,9999.000,9999.000,9999.000,9999.000,9999.000,9999.000
202603220948,  -0.330,9999.000,9999.000,9999.000,9999.000,9999.000,9999.000,9999.000,9999.000
202603220954,  -0.319,9999.000,9999.000,9999.000,9999.000,9999.000,9999.000,9999.000,9999.000
202603221000,  -0.301,9999.000,   0.000,   0.201,  -0.100,  -0.200,  -0.300,   0.200,   0.100
202603221006,  -0.275,9999.000,9999.000,9999.000,9999.000,9999.000,9999.000,9999.000,9999.000
202603221012,  -0.241,9999.000,9999.000,9999.000,9999.000,9999.000,9999.000,9999.000,9999.000
202603221018,  -0.200,9999.000,9999.000,9999.000,9999.000,9999.000,9999.000,9999.000,9999.000
202603221024,  -0.151,9999.000,9999.000,9999.000,9999.000,9999.000,9999.000,9999.000,9999.000
202603221030,  -0.096,9999.000,9999.000,9999.000,9999.000,9999.000,9999.000,9999.000,9999.000
202603221036,  -0.035,9999.000,9999.000,9999.000,9999.000,9999.000,9999.000,9999.000,9999.000
202603221042,   0.032,9999.000,9999.000,9999.000,9999.000,9999.000,9999.000,9999.000,9999.000
202603221048,   0.106,9999.000,9999.000,9999.000,9999.000,9999.000,9999.000,9999.000,9999.000
202603221054,   0.185,9999.000,9999.000,9999.000,9999.000,9999.000,9999.000,9999.000,9999.000
202603221100,   0.268,9999.000,   0.000,   0.201,   0.469,  -0.100,   0.369,   0.200,   0.669
202603221106,   0.357,9999.000,9999.000,9999.000,9999.000,9999.000,9999.000,9999.000,9999.000
202603221112,   0.449,9999.000,9999.000,9999.000,9999.000,9999.000,9999.000,9999.000,9999.000
202603221118,   0.544,9999.000,9999.000,9999.000,9999.000,9999.000,9999.000,9999.000,9999.000
202603221124,   0.643,9999.000,9999.000,9999.000,9999.000,9999.000,9999.000,9999.000,9999.000
202603221130,   0.744,9999.000,9999.000,9999.000,9999.000,9999.000,9999.000,9999.000,9999.000
202603221136,   0.848,9999.000,9999.000,9999.000,9999.000,9999.000,9999.000,9999.000,9999.000
202603221142,   0.953,9999.000,9999.000,9999.000,9999.000,9999.000,9999.000,9999.000,9999.000
202603221148,   1.060,9999.000,9999.000,9999.000,9999.000,9999.000,9999.000,9999.000,9999.000
202603221154,   1.167,9999.000,9999.000,9999.000,9999.000,9999.000,9999.000,9999.000,9999.000
202603221200,   1.276,9999.000,   0.000,   0.201,   1.477,  -0.100,   1.377,   0.200,   1.677
202603221206,   1.385,9999.000,9999.000,9999.000,9999.000,9999.000,9999.000,9999.000,9999.000
202603221212,   1.494,9999.000,9999.000,9999.000,9999.000,9999.000,9999.000,9999.000,9999.000
202603221218,   1.602,9999.000,9999.000,9999.000,9999.000,9999.000,9999.000,9999.000,9999.000
202603221224,   1.711,9999.000,9999.000,9999.000,9999.000,9999.000,9999.000,9999.000,9999.000
202603221230,   1.819,9999.000,9999.000,9999.000,9999.000,9999.000,9999.000,9999.000,9999.000
202603221236,   1.926,9999.000,9999.000,9999.000,9999.000,9999.000,9999.000,9999.000,9999.000
202603221242,   2.032,9999.000,9999.000,9999.000,9999.000,9999.000,9999.000,9999.000,9999.000
202603221248,   2.137,9999.000,9999.000,9999.000,9999.000,9999.000,9999.000,9999.000,9999.000
202603221254,   2.241,9999.000,9999.000,9999.000,9999.000,9999.000,9999.000,9999.000,9999.000
202603221300,   2.343,9999.000,   0.000,   0.201,   2.544,  -0.100,   2.444,   0.200,   2.744
202603221306,   2.444,9999.000,9999.000,9999.000,9999.000,9999.000,9999.000,9999.000,9999.000
202603221312,   2.543,9999.000,9999.000,9999.000,9999.000,9999.000,9999.000,9999.000,9999.000
202603221318,   2.640,9999.000,9999.000,9999.000,9999.000,9999.000,9999.000,9999.000,9999.000
202603221324,   2.735,9999.000,9999.000,9999.000,9999.000,9999.000,9999.000,9999.000,9999.000
202603221330,   2.827,9999.000,9999.000,9999.000,9999.000,9999.000,9999.000,9999.000,9999.000
202603221336,   2.918,9999.000,9999.000,9999.000,9999.000,9999.000,9999.000,9999.000,9999.000
202603221342,   3.005,9999.000,9999.000,9999.000,9999.000,9999.000,9999.000,9999.000,9999.000
202603221348,   3.090,9999.000,9999.000,9999.000,9999.000,9999.000,9999.000,9999.000,9999.000
202603221354,   3.172,9999.000,9999.000,9999.000,9999.000,9999.000,9999.000,9999.000,9999.000
202603221400,   3.251,9999.000,   0.000,   0.201,   3.452,  -0.100,   3.352,   0.200,   3.652
202603221406,   3.326,9999.000,9999.000,9999.000,9999.000,9999.000,9999.000,9999.000,9999.000
202603221412,   3.398,9999.000,9999.000,9999.000,9999.000,9999.000,9999.000,9999.000,9999.000
202603221418,   3.466,9999.000,9999.000,9999.000,9999.000,9999.000,9999.000,9999.000,9999.000
202603221424,   3.530,9999.000,9999.000,9999.000,9999.000,9999.000,9999.000,9999.000,9999.000
202603221430,   3.590,9999.000,9999.000,9999.000,9999.000,9999.000,9999.000,9999.000,9999.000
202603221436,   3.646,9999.000,9999.000,9999.000,9999.000,9999.000,9999.000,9999.000,9999.000
202603221442,   3.697,9999.000,9999.000,9999.000,9999.000,9999.000,9999.000,9999.000,9999.000
202603221448,   3.743,9999.000,9999.000,9999.000,9999.000,9999.000,9999.000,9999.000,9999.000
202603221454,   3.785,9999.000,9999.000,9999.000,9999.000,9999.000,9999.000,9999.000,9999.000
202603221500,   3.821,9999.000,   0.100,   0.201,   4.122,  -0.100,   3.922,   0.200,   4.222
202603221506,   3.853,9999.000,9999.000,9999.000,9999.000,9999.000,9999.000,9999.000,9999.000
202603221512,   3.879,9999.000,9999.000,9999.000,9999.000,9999.000,9999.000,9999.000,9999.000
202603221518,   3.900,9999.000,9999.000,9999.000,9999.000,9999.000,9999.000,9999.000,9999.000
202603221524,   3.915,9999.000,9999.000,9999.000,9999.000,9999.000,9999.000,9999.000,9999.000
202603221530,   3.925,9999.000,9999.000,9999.000,9999.000,9999.000,9999.000,9999.000,9999.000
202603221536,   3.929,9999.000,9999.000,9999.000,9999.000,9999.000,9999.000,9999.000,9999.000
202603221542,   3.928,9999.000,9999.000,9999.000,9999.000,9999.000,9999.000,9999.000,9999.000
202603221548,   3.921,9999.000,9999.000,9999.000,9999.000,9999.000,9999.000,9999.000,9999.000
202603221554,   3.908,9999.000,9999.000,9999.000,9999.000,9999.000,9999.000,9999.000,9999.000
202603221600,   3.890,9999.000,   0.100,   0.201,   4.191,   0.000,   4.091,   0.200,   4.291
202603221606,   3.866,9999.000,9999.000,9999.000,9999.000,9999.000,9999.000,9999.000,9999.000
202603221612,   3.837,9999.000,9999.000,9999.000,9999.000,9999.000,9999.000,9999.000,9999.000
202603221618,   3.803,9999.000,9999.000,9999.000,9999.000,9999.000,9999.000,9999.000,9999.000
202603221624,   3.763,9999.000,9999.000,9999.000,9999.000,9999.000,9999.000,9999.000,9999.000
202603221630,   3.718,9999.000,9999.000,9999.000,9999.000,9999.000,9999.000,9999.000,9999.000
202603221636,   3.668,9999.000,9999.000,9999.000,9999.000,9999.000,9999.000,9999.000,9999.000
202603221642,   3.613,9999.000,9999.000,9999.000,9999.000,9999.000,9999.000,9999.000,9999.000
202603221648,   3.553,9999.000,9999.000,9999.000,9999.000,9999.000,9999.000,9999.000,9999.000
202603221654,   3.488,9999.000,9999.000,9999.000,9999.000,9999.000,9999.000,9999.000,9999.000
202603221700,   3.419,9999.000,   0.100,   0.201,   3.720,   0.000,   3.620,   0.200,   3.820
202603221706,   3.346,9999.000,9999.000,9999.000,9999.000,9999.000,9999.000,9999.000,9999.000
202603221712,   3.268,9999.000,9999.000,9999.000,9999.000,9999.000,9999.000,9999.000,9999.000
202603221718,   3.187,9999.000,9999.000,9999.000,9999.000,9999.000,9999.000,9999.000,9999.000
202603221724,   3.102,9999.000,9999.000,9999.000,9999.000,9999.000,9999.000,9999.000,9999.000
202603221730,   3.014,9999.000,9999.000,9999.000,9999.000,9999.000,9999.000,9999.000,9999.000
202603221736,   2.923,9999.000,9999.000,9999.000,9999.000,9999.000,9999.000,9999.000,9999.000
202603221742,   2.829,9999.000,9999.000,9999.000,9999.000,9999.000,9999.000,9999.000,9999.000
202603221748,   2.733,9999.000,9999.000,9999.000,9999.000,9999.000,9999.000,9999.000,9999.000
202603221754,   2.634,9999.000,9999.000,9999.000,9999.000,9999.000,9999.000,9999.000,9999.000
202603221800,   2.533,9999.000,   0.100,   0.201,   2.834,   0.000,   2.734,   0.200,   2.934
202603221806,   2.431,9999.000,9999.000,9999.000,9999.000,9999.000,9999.000,9999.000,9999.000
202603221812,   2.327,9999.000,9999.000,9999.000,9999.000,9999.000,9999.000,9999.000,9999.000
202603221818,   2.223,9999.000,9999.000,9999.000,9999.000,9999.000,9999.000,9999.000,9999.000
202603221824,   2.117,9999.000,9999.000,9999.000,9999.000,9999.000,9999.000,9999.000,9999.000
202603221830,   2.011,9999.000,9999.000,9999.000,9999.000,9999.000,9999.000,9999.000,9999.000
202603221836,   1.905,9999.000,9999.000,9999.000,9999.000,9999.000,9999.000,9999.000,9999.000
202603221842,   1.799,9999.000,9999.000,9999.000,9999.000,9999.000,9999.000,9999.000,9999.000
202603221848,   1.693,9999.000,9999.000,9999.000,9999.000,9999.000,9999.000,9999.000,9999.000
202603221854,   1.587,9999.000,9999.000,9999.000,9999.000,9999.000,9999.000,9999.000,9999.000
202603221900,   1.482,9999.000,   0.100,   0.201,   1.783,   0.000,   1.683,   0.200,   1.883
202603221906,   1.378,9999.000,9999.000,9999.000,9999.000,9999.000,9999.000,9999.000,9999.000
202603221912,   1.276,9999.000,9999.000,9999.000,9999.000,9999.000,9999.000,9999.000,9999.000
202603221918,   1.174,9999.000,9999.000,9999.000,9999.000,9999.000,9999.000,9999.000,9999.000
202603221924,   1.075,9999.000,9999.000,9999.000,9999.000,9999.000,9999.000,9999.000,9999.000
202603221930,   0.977,9999.000,9999.000,9999.000,9999.000,9999.000,9999.000,9999.000,9999.000
202603221936,   0.880,9999.000,9999.000,9999.000,9999.000,9999.000,9999.000,9999.000,9999.000
202603221942,   0.786,9999.000,9999.000,9999.000,9999.000,9999.000,9999.000,9999.000,9999.000
202603221948,   0.695,9999.000,9999.000,9999.000,9999.000,9999.000,9999.000,9999.000,9999.000
202603221954,   0.605,9999.000,9999.000,9999.000,9999.000,9999.000,9999.000,9999.000,9999.000
202603222000,   0.519,9999.000,   0.100,   0.201,   0.820,   0.000,   0.720,   0.200,   0.920
202603222006,   0.435,9999.000,9999.000,9999.000,9999.000,9999.000,9999.000,9999.000,9999.000
202603222012,   0.354,9999.000,9999.000,9999.000,9999.000,9999.000,9999.000,9999.000,9999.000
202603222018,   0.277,9999.000,9999.000,9999.000,9999.000,9999.000,9999.000,9999.000,9999.000
202603222024,   0.203,9999.000,9999.000,9999.000,9999.000,9999.000,9999.000,9999.000,9999.000
202603222030,   0.133,9999.000,9999.000,9999.000,9999.000,9999.000,9999.000,9999.000,9999.000
202603222036,   0.067,9999.000,9999.000,9999.000,9999.000,9999.000,9999.000,9999.000,9999.000
202603222042,   0.005,9999.000,9999.000,9999.000,9999.000,9999.000,9999.000,9999.000,9999.000
202603222048,  -0.051,9999.000,9999.000,9999.000,9999.000,9999.000,9999.000,9999.000,9999.000
202603222054,  -0.104,9999.000,9999.000,9999.000,9999.000,9999.000,9999.000,9999.000,9999.000
202603222100,  -0.151,9999.000,   0.100,   0.201,   0.150,   0.000,   0.050,   0.200,   0.250
202603222106,  -0.193,9999.000,9999.000,9999.000,9999.000,9999.000,9999.000,9999.000,9999.000
202603222112,  -0.229,9999.000,9999.000,9999.000,9999.000,9999.000,9999.000,9999.000,9999.000
202603222118,  -0.258,9999.000,9999.000,9999.000,9999.000,9999.000,9999.000,9999.000,9999.000
202603222124,  -0.282,9999.000,9999.000,9999.000,9999.000,9999.000,9999.000,9999.000,9999.000
202603222130,  -0.299,9999.000,9999.000,9999.000,9999.000,9999.000,9999.000,9999.000,9999.000
202603222136,  -0.309,9999.000,9999.000,9999.000,9999.000,9999.000,9999.000,9999.000,9999.000
202603222142,  -0.312,9999.000,9999.000,9999.000,9999.000,9999.000,9999.000,9999.000,9999.000
202603222148,  -0.307,9999.000,9999.000,9999.000,9999.000,9999.000,9999.000,9999.000,9999.000
202603222154,  -0.296,9999.000,9999.000,9999.000,9999.000,9999.000,9999.000,9999.000,9999.000
202603222200,  -0.277,9999.000,   0.100,   0.201,   0.024,   0.000,  -0.076,   0.200,   0.124
202603222206,  -0.250,9999.000,9999.000,9999.000,9999.000,9999.000,9999.000,9999.000,9999.000
202603222212,  -0.216,9999.000,9999.000,9999.000,9999.000,9999.000,9999.000,9999.000,9999.000
202603222218,  -0.174,9999.000,9999.000,9999.000,9999.000,9999.000,9999.000,9999.000,9999.000
202603222224,  -0.125,9999.000,9999.000,9999.000,9999.000,9999.000,9999.000,9999.000,9999.000
202603222230,  -0.068,9999.000,9999.000,9999.000,9999.000,9999.000,9999.000,9999.000,9999.000
202603222236,  -0.004,9999.000,9999.000,9999.000,9999.000,9999.000,9999.000,9999.000,9999.000
202603222242,   0.065,9999.000,9999.000,9999.000,9999.000,9999.000,9999.000,9999.000,9999.000
202603222248,   0.142,9999.000,9999.000,9999.000,9999.000,9999.000,9999.000,9999.000,9999.000
202603222254,   0.225,9999.000,9999.000,9999.000,9999.000,9999.000,9999.000,9999.000,9999.000
202603222300,   0.315,9999.000,   0.100,   0.201,   0.616,   0.000,   0.516,   0.300,   0.816
202603222306,   0.409,9999.000,9999.000,9999.000,9999.000,9999.000,9999.000,9999.000,9999.000
202603222312,   0.509,9999.000,9999.000,9999.000,9999.000,9999.000,9999.000,9999.000,9999.000
202603222318,   0.614,9999.000,9999.000,9999.000,9999.000,9999.000,9999.000,9999.000,9999.000
202603222324,   0.722,9999.000,9999.000,9999.000,9999.000,9999.000,9999.000,9999.000,9999.000
202603222330,   0.835,9999.000,9999.000,9999.000,9999.000,9999.000,9999.000,9999.000,9999.000
202603222336,   0.950,9999.000,9999.000,9999.000,9999.000,9999.000,9999.000,9999.000,9999.000
202603222342,   1.068,9999.000,9999.000,9999.000,9999.000,9999.000,9999.000,9999.000,9999.000
202603222348,   1.189,9999.000,9999.000,9999.000,9999.000,9999.000,9999.000,9999.000,9999.000
202603222354,   1.311,9999.000,9999.000,9999.000,9999.000,9999.000,9999.000,9999.000,9999.000
202603230000,   1.435,9999.000,   0.100,   0.201,   1.736,   0.000,   1.636,   0.300,   1.936
