        TIME,    TIDE,      OB,   SURGE,    BIAS,     TWL,SURGE90p,  TWL90p,SURGE10p,   TWL10p
202605091800,   3.725,   3.480,9999.000,9999.000,9999.000,9999.000,9999.000,9999.000,9999.000
202605091806,   3.709,9999.000,9999.000,9999.000,9999.000,9999.000,9999.000,9999.000,9999.000
202605091812,   3.689,   3.509,9999.000,9999.000,9999.000,9999.000,9999.000,9999.000,9999.000
202605091818,   3.664,9999.000,9999.000,9999.000,9999.000,9999.000,9999.000,9999.000,9999.000
202605091824,   3.636,   3.529,9999.000,9999.000,9999.000,9999.000,9999.000,9999.000,9999.000
202605091830,   3.603,9999.000,9999.000,9999.000,9999.000,9999.000,9999.000,9999.000,9999.000
202605091836,   3.565,   3.568,9999.000,9999.000,9999.000,9999.000,9999.000,9999.000,9999.000
202605091842,   3.523,9999.000,9999.000,9999.000,9999.000,9999.000,9999.000,9999.000,9999.000
202605091848,   3.478,   3.499,9999.000,9999.000,9999.000,9999.000,9999.000,9999.000,9999.000
202605091854,   3.428,9999.000,9999.000,9999.000,9999.000,9999.000,9999.000,9999.000,9999.000
202605091900,   3.374,9999.000,9999.000,9999.000,9999.000,9999.000,9999.000,9999.000,9999.000
202605091906,   3.317,   3.450,9999.000,9999.000,9999.000,9999.000,9999.000,9999.000,9999.000
202605091912,   3.257,   3.388,9999.000,9999.000,9999.000,9999.000,9999.000,9999.000,9999.000
202605091918,   3.194,   3.309,9999.000,9999.000,9999.000,9999.000,9999.000,9999.000,9999.000
202605091924,   3.128,   3.279,9999.000,9999.000,9999.000,9999.000,9999.000,9999.000,9999.000
202605091930,   3.059,   3.260,9999.000,9999.000,9999.000,9999.000,9999.000,9999.000,9999.000
202605091936,   2.989,   3.260,9999.000,9999.000,9999.000,9999.000,9999.000,9999.000,9999.000
202605091942,   2.918,   3.178,9999.000,9999.000,9999.000,9999.000,9999.000,9999.000,9999.000
202605091948,   2.846,   3.129,9999.000,9999.000,9999.000,9999.000,9999.000,9999.000,9999.000
202605091954,   2.772,   3.119,9999.000,9999.000,9999.000,9999.000,9999.000,9999.000,9999.000
202605092000,   2.699,   3.040,9999.000,9999.000,9999.000,9999.000,9999.000,9999.000,9999.000
202605092006,   2.626,   2.968,9999.000,9999.000,9999.000,9999.000,9999.000,9999.000,9999.000
202605092012,   2.554,   2.919,9999.000,9999.000,9999.000,9999.000,9999.000,9999.000,9999.000
202605092018,   2.483,   2.758,9999.000,9999.000,9999.000,9999.000,9999.000,9999.000,9999.000
202605092024,   2.413,   2.758,9999.000,9999.000,9999.000,9999.000,9999.000,9999.000,9999.000
202605092030,   2.345,   2.669,9999.000,9999.000,9999.000,9999.000,9999.000,9999.000,9999.000
202605092036,   2.279,   2.669,9999.000,9999.000,9999.000,9999.000,9999.000,9999.000,9999.000
202605092042,   2.215,   2.620,9999.000,9999.000,9999.000,9999.000,9999.000,9999.000,9999.000
202605092048,   2.153,   2.568,9999.000,9999.000,9999.000,9999.000,9999.000,9999.000,9999.000
202605092054,   2.094,   2.519,9999.000,9999.000,9999.000,9999.000,9999.000,9999.000,9999.000
202605092100,   2.038,   2.489,9999.000,9999.000,9999.000,9999.000,9999.000,9999.000,9999.000
202605092106,   1.985,   2.420,9999.000,9999.000,9999.000,9999.000,9999.000,9999.000,9999.000
202605092112,   1.934,   2.338,9999.000,9999.000,9999.000,9999.000,9999.000,9999.000,9999.000
202605092118,   1.886,   2.299,9999.000,9999.000,9999.000,9999.000,9999.000,9999.000,9999.000
202605092124,   1.841,   2.191,9999.000,9999.000,9999.000,9999.000,9999.000,9999.000,9999.000
202605092130,   1.799,   2.079,9999.000,9999.000,9999.000,9999.000,9999.000,9999.000,9999.000
202605092136,   1.759,   2.079,9999.000,9999.000,9999.000,9999.000,9999.000,9999.000,9999.000
202605092142,   1.722,   2.069,9999.000,9999.000,9999.000,9999.000,9999.000,9999.000,9999.000
202605092148,   1.687,   1.990,9999.000,9999.000,9999.000,9999.000,9999.000,9999.000,9999.000
202605092154,   1.655,   1.889,9999.000,9999.000,9999.000,9999.000,9999.000,9999.000,9999.000
202605092200,   1.625,   1.859,9999.000,9999.000,9999.000,9999.000,9999.000,9999.000,9999.000
202605092206,   1.597,   1.800,9999.000,9999.000,9999.000,9999.000,9999.000,9999.000,9999.000
202605092212,   1.572,   1.738,9999.000,9999.000,9999.000,9999.000,9999.000,9999.000,9999.000
202605092218,   1.548,   1.708,9999.000,9999.000,9999.000,9999.000,9999.000,9999.000,9999.000
202605092224,   1.527,   1.580,9999.000,9999.000,9999.000,9999.000,9999.000,9999.000,9999.000
202605092230,   1.507,   1.557,9999.000,9999.000,9999.000,9999.000,9999.000,9999.000,9999.000
202605092236,   1.489,   1.557,9999.000,9999.000,9999.000,9999.000,9999.000,9999.000,9999.000
202605092242,   1.473,   1.479,9999.000,9999.000,9999.000,9999.000,9999.000,9999.000,9999.000
202605092248,   1.458,   1.420,9999.000,9999.000,9999.000,9999.000,9999.000,9999.000,9999.000
202605092254,   1.446,   1.420,9999.000,9999.000,9999.000,9999.000,9999.000,9999.000,9999.000
202605092300,   1.436,   1.361,9999.000,9999.000,9999.000,9999.000,9999.000,9999.000,9999.000
202605092306,   1.427,   1.328,9999.000,9999.000,9999.000,9999.000,9999.000,9999.000,9999.000
202605092312,   1.421,   1.289,9999.000,9999.000,9999.000,9999.000,9999.000,9999.000,9999.000
202605092318,   1.416,   1.239,9999.000,9999.000,9999.000,9999.000,9999.000,9999.000,9999.000
202605092324,   1.414,   1.210,9999.000,9999.000,9999.000,9999.000,9999.000,9999.000,9999.000
202605092330,   1.415,   1.161,9999.000,9999.000,9999.000,9999.000,9999.000,9999.000,9999.000
202605092336,   1.417,   1.151,9999.000,9999.000,9999.000,9999.000,9999.000,9999.000,9999.000
202605092342,   1.423,   1.161,9999.000,9999.000,9999.000,9999.000,9999.000,9999.000,9999.000
202605092348,   1.431,   1.151,9999.000,9999.000,9999.000,9999.000,9999.000,9999.000,9999.000
202605092354,   1.443,   1.118,9999.000,9999.000,9999.000,9999.000,9999.000,9999.000,9999.000
202605100000,   1.457,   1.098,   0.400,  -0.759,   1.098,   0.300,   0.998,   0.400,   1.098
202605100006,   1.474,   1.118,9999.000,9999.000,9999.000,9999.000,9999.000,9999.000,9999.000
202605100012,   1.495,   1.108,9999.000,9999.000,9999.000,9999.000,9999.000,9999.000,9999.000
202605100018,   1.519,   1.138,9999.000,9999.000,9999.000,9999.000,9999.000,9999.000,9999.000
202605100024,   1.547,   1.180,9999.000,9999.000,9999.000,9999.000,9999.000,9999.000,9999.000
202605100030,   1.578,   1.210,9999.000,9999.000,9999.000,9999.000,9999.000,9999.000,9999.000
202605100036,   1.613,   1.210,9999.000,9999.000,9999.000,9999.000,9999.000,9999.000,9999.000
202605100042,   1.651,   1.289,9999.000,9999.000,9999.000,9999.000,9999.000,9999.000,9999.000
202605100048,   1.692,   1.269,9999.000,9999.000,9999.000,9999.000,9999.000,9999.000,9999.000
202605100054,   1.737,   1.318,9999.000,9999.000,9999.000,9999.000,9999.000,9999.000,9999.000
202605100100,   1.785,   1.430,   0.400,  -0.755,   1.430,   0.400,   1.430,   0.400,   1.430
202605100106,   1.836,   1.430,9999.000,9999.000,9999.000,9999.000,9999.000,9999.000,9999.000
202605100112,   1.891,   1.479,9999.000,9999.000,9999.000,9999.000,9999.000,9999.000,9999.000
202605100118,   1.948,   1.580,9999.000,9999.000,9999.000,9999.000,9999.000,9999.000,9999.000
202605100124,   2.008,   1.659,9999.000,9999.000,9999.000,9999.000,9999.000,9999.000,9999.000
202605100130,   2.070,   1.728,9999.000,9999.000,9999.000,9999.000,9999.000,9999.000,9999.000
202605100136,   2.135,   1.728,9999.000,9999.000,9999.000,9999.000,9999.000,9999.000,9999.000
202605100142,   2.201,   1.840,9999.000,9999.000,9999.000,9999.000,9999.000,9999.000,9999.000
202605100148,   2.270,   1.889,9999.000,9999.000,9999.000,9999.000,9999.000,9999.000,9999.000
202605100154,   2.340,   1.928,9999.000,9999.000,9999.000,9999.000,9999.000,9999.000,9999.000
202605100200,   2.411,   2.000,   0.400,  -0.811,   2.000,   0.400,   2.000,   0.400,   2.000
202605100206,   2.484,   2.059,9999.000,9999.000,9999.000,9999.000,9999.000,9999.000,9999.000
202605100212,   2.557,   2.099,9999.000,9999.000,9999.000,9999.000,9999.000,9999.000,9999.000
202605100218,   2.631,   2.220,9999.000,9999.000,9999.000,9999.000,9999.000,9999.000,9999.000
202605100224,   2.705,   2.328,9999.000,9999.000,9999.000,9999.000,9999.000,9999.000,9999.000
202605100230,   2.778,   2.440,9999.000,9999.000,9999.000,9999.000,9999.000,9999.000,9999.000
202605100236,   2.852,   2.430,9999.000,9999.000,9999.000,9999.000,9999.000,9999.000,9999.000
202605100242,   2.925,   2.509,9999.000,9999.000,9999.000,9999.000,9999.000,9999.000,9999.000
202605100248,   2.997,   2.578,9999.000,9999.000,9999.000,9999.000,9999.000,9999.000,9999.000
202605100254,   3.068,   2.669,9999.000,9999.000,9999.000,9999.000,9999.000,9999.000,9999.000
202605100300,   3.138,   2.709,   0.400,  -0.829,   2.709,   0.400,   2.709,   0.400,   2.709
202605100306,   3.207,   2.787,9999.000,9999.000,9999.000,9999.000,9999.000,9999.000,9999.000
202605100312,   3.274,   2.860,9999.000,9999.000,9999.000,9999.000,9999.000,9999.000,9999.000
202605100318,   3.340,   2.889,9999.000,9999.000,9999.000,9999.000,9999.000,9999.000,9999.000
202605100324,   3.403,   3.040,9999.000,9999.000,9999.000,9999.000,9999.000,9999.000,9999.000
202605100330,   3.465,   3.089,9999.000,9999.000,9999.000,9999.000,9999.000,9999.000,9999.000
202605100336,   3.524,   3.089,9999.000,9999.000,9999.000,9999.000,9999.000,9999.000,9999.000
202605100342,   3.582,   3.148,9999.000,9999.000,9999.000,9999.000,9999.000,9999.000,9999.000
202605100348,   3.637,   3.217,9999.000,9999.000,9999.000,9999.000,9999.000,9999.000,9999.000
202605100354,   3.690,   3.309,9999.000,9999.000,9999.000,9999.000,9999.000,9999.000,9999.000
202605100400,   3.740,   3.358,   0.400,  -0.782,   3.358,   0.400,   3.358,   0.400,   3.358
202605100406,   3.788,   3.450,9999.000,9999.000,9999.000,9999.000,9999.000,9999.000,9999.000
202605100412,   3.834,   3.558,9999.000,9999.000,9999.000,9999.000,9999.000,9999.000,9999.000
202605100418,   3.877,   3.637,9999.000,9999.000,9999.000,9999.000,9999.000,9999.000,9999.000
202605100424,   3.917,   3.660,9999.000,9999.000,9999.000,9999.000,9999.000,9999.000,9999.000
202605100430,   3.955,   3.749,9999.000,9999.000,9999.000,9999.000,9999.000,9999.000,9999.000
202605100436,   3.990,   3.749,9999.000,9999.000,9999.000,9999.000,9999.000,9999.000,9999.000
202605100442,   4.023,   3.768,9999.000,9999.000,9999.000,9999.000,9999.000,9999.000,9999.000
202605100448,   4.053,   3.798,9999.000,9999.000,9999.000,9999.000,9999.000,9999.000,9999.000
202605100454,   4.080,   3.880,9999.000,9999.000,9999.000,9999.000,9999.000,9999.000,9999.000
202605100500,   4.105,   3.899,   0.400,  -0.606,   3.899,   0.300,   3.799,   0.400,   3.899
202605100506,   4.127,   3.978,9999.000,9999.000,9999.000,9999.000,9999.000,9999.000,9999.000
202605100512,   4.145,   3.998,9999.000,9999.000,9999.000,9999.000,9999.000,9999.000,9999.000
202605100518,   4.161,   4.037,9999.000,9999.000,9999.000,9999.000,9999.000,9999.000,9999.000
202605100524,   4.174,   4.080,9999.000,9999.000,9999.000,9999.000,9999.000,9999.000,9999.000
202605100530,   4.183,   4.080,9999.000,9999.000,9999.000,9999.000,9999.000,9999.000,9999.000
202605100536,   4.189,   4.080,9999.000,9999.000,9999.000,9999.000,9999.000,9999.000,9999.000
202605100542,   4.192,   4.139,9999.000,9999.000,9999.000,9999.000,9999.000,9999.000,9999.000
202605100548,   4.191,   4.139,9999.000,9999.000,9999.000,9999.000,9999.000,9999.000,9999.000
202605100554,   4.186,   4.119,9999.000,9999.000,9999.000,9999.000,9999.000,9999.000,9999.000
202605100600,   4.177,   4.168,   0.400,  -0.409,   4.168,   0.400,   4.168,   0.400,   4.168
202605100606,   4.165,   4.159,9999.000,9999.000,9999.000,9999.000,9999.000,9999.000,9999.000
202605100612,   4.148,   4.149,9999.000,9999.000,9999.000,9999.000,9999.000,9999.000,9999.000
202605100618,   4.127,   4.109,9999.000,9999.000,9999.000,9999.000,9999.000,9999.000,9999.000
202605100624,   4.102,   4.070,9999.000,9999.000,9999.000,9999.000,9999.000,9999.000,9999.000
202605100630,   4.072,   4.070,9999.000,9999.000,9999.000,9999.000,9999.000,9999.000,9999.000
202605100636,   4.038,   4.070,9999.000,9999.000,9999.000,9999.000,9999.000,9999.000,9999.000
202605100642,   3.999,   4.027,9999.000,9999.000,9999.000,9999.000,9999.000,9999.000,9999.000
202605100648,   3.956,   3.998,9999.000,9999.000,9999.000,9999.000,9999.000,9999.000,9999.000
202605100654,   3.909,   3.949,9999.000,9999.000,9999.000,9999.000,9999.000,9999.000,9999.000
202605100700,   3.857,   3.929,   0.400,  -0.328,   3.929,   0.400,   3.929,   0.400,   3.929
202605100706,   3.801,   3.909,9999.000,9999.000,9999.000,9999.000,9999.000,9999.000,9999.000
202605100712,   3.740,   3.870,9999.000,9999.000,9999.000,9999.000,9999.000,9999.000,9999.000
202605100718,   3.676,   3.788,9999.000,9999.000,9999.000,9999.000,9999.000,9999.000,9999.000
202605100724,   3.608,   3.778,9999.000,9999.000,9999.000,9999.000,9999.000,9999.000,9999.000
202605100730,   3.536,   3.749,9999.000,9999.000,9999.000,9999.000,9999.000,9999.000,9999.000
202605100736,   3.460,   3.749,9999.000,9999.000,9999.000,9999.000,9999.000,9999.000,9999.000
202605100742,   3.382,   3.699,9999.000,9999.000,9999.000,9999.000,9999.000,9999.000,9999.000
202605100748,   3.301,   3.709,9999.000,9999.000,9999.000,9999.000,9999.000,9999.000,9999.000
202605100754,   3.218,   3.598,9999.000,9999.000,9999.000,9999.000,9999.000,9999.000,9999.000
202605100800,   3.133,   3.578,   0.400,   0.045,   3.578,   0.400,   3.578,   0.400,   3.578
202605100806,   3.046,   3.539,9999.000,9999.000,9999.000,9999.000,9999.000,9999.000,9999.000
202605100812,   2.959,   3.427,9999.000,9999.000,9999.000,9999.000,9999.000,9999.000,9999.000
202605100818,   2.870,   3.358,9999.000,9999.000,9999.000,9999.000,9999.000,9999.000,9999.000
202605100824,   2.781,   3.279,9999.000,9999.000,9999.000,9999.000,9999.000,9999.000,9999.000
202605100830,   2.692,   3.250,9999.000,9999.000,9999.000,9999.000,9999.000,9999.000,9999.000
202605100836,   2.603,   3.250,9999.000,9999.000,9999.000,9999.000,9999.000,9999.000,9999.000
202605100842,   2.516,   3.138,9999.000,9999.000,9999.000,9999.000,9999.000,9999.000,9999.000
202605100848,   2.429,   3.109,9999.000,9999.000,9999.000,9999.000,9999.000,9999.000,9999.000
202605100854,   2.344,   3.050,9999.000,9999.000,9999.000,9999.000,9999.000,9999.000,9999.000
202605100900,   2.260,   2.968,   0.400,   0.308,   2.968,   0.400,   2.968,   0.400,   2.968
202605100906,   2.178,   2.909,9999.000,9999.000,9999.000,9999.000,9999.000,9999.000,9999.000
202605100912,   2.099,   2.830,9999.000,9999.000,9999.000,9999.000,9999.000,9999.000,9999.000
202605100918,   2.021,   2.679,9999.000,9999.000,9999.000,9999.000,9999.000,9999.000,9999.000
202605100924,   1.946,   2.620,9999.000,9999.000,9999.000,9999.000,9999.000,9999.000,9999.000
202605100930,   1.874,   2.578,9999.000,9999.000,9999.000,9999.000,9999.000,9999.000,9999.000
202605100936,   1.804,   2.578,9999.000,9999.000,9999.000,9999.000,9999.000,9999.000,9999.000
202605100942,   1.736,   2.479,9999.000,9999.000,9999.000,9999.000,9999.000,9999.000,9999.000
202605100948,   1.672,   2.387,9999.000,9999.000,9999.000,9999.000,9999.000,9999.000,9999.000
202605100954,   1.609,   2.328,9999.000,9999.000,9999.000,9999.000,9999.000,9999.000,9999.000
202605101000,   1.550,   2.269,   0.400,   0.319,   2.269,   0.400,   2.269,   0.400,   2.269
202605101006,   1.492,   2.230,9999.000,9999.000,9999.000,9999.000,9999.000,9999.000,9999.000
202605101012,   1.438,   2.128,9999.000,9999.000,9999.000,9999.000,9999.000,9999.000,9999.000
202605101018,   1.385,   2.000,9999.000,9999.000,9999.000,9999.000,9999.000,9999.000,9999.000
202605101024,   1.335,   1.908,9999.000,9999.000,9999.000,9999.000,9999.000,9999.000,9999.000
202605101030,   1.287,   1.840,9999.000,9999.000,9999.000,9999.000,9999.000,9999.000,9999.000
202605101036,   1.241,   1.840,9999.000,9999.000,9999.000,9999.000,9999.000,9999.000,9999.000
202605101042,   1.197,   1.810,9999.000,9999.000,9999.000,9999.000,9999.000,9999.000,9999.000
202605101048,   1.156,   1.718,9999.000,9999.000,9999.000,9999.000,9999.000,9999.000,9999.000
202605101054,   1.116,   1.669,9999.000,9999.000,9999.000,9999.000,9999.000,9999.000,9999.000
202605101100,   1.079,   1.600,   0.400,   0.121,   1.600,   0.300,   1.500,   0.400,   1.600
202605101106,   1.043,   1.469,9999.000,9999.000,9999.000,9999.000,9999.000,9999.000,9999.000
202605101112,   1.010,   1.449,9999.000,9999.000,9999.000,9999.000,9999.000,9999.000,9999.000
202605101118,   0.979,   1.371,9999.000,9999.000,9999.000,9999.000,9999.000,9999.000,9999.000
202605101124,   0.950,   1.229,9999.000,9999.000,9999.000,9999.000,9999.000,9999.000,9999.000
202605101130,   0.924,   1.170,9999.000,9999.000,9999.000,9999.000,9999.000,9999.000,9999.000
202605101136,   0.900,   1.170,9999.000,9999.000,9999.000,9999.000,9999.000,9999.000,9999.000
202605101142,   0.878,   1.108,9999.000,9999.000,9999.000,9999.000,9999.000,9999.000,9999.000
202605101148,   0.860,   1.039,9999.000,9999.000,9999.000,9999.000,9999.000,9999.000,9999.000
202605101154,   0.845,   0.980,9999.000,9999.000,9999.000,9999.000,9999.000,9999.000,9999.000
202605101200,   0.832,   0.941,   0.400,  -0.291,   0.941,   0.400,   0.941,   0.400,   0.941
202605101206,   0.823,   0.908,9999.000,9999.000,9999.000,9999.000,9999.000,9999.000,9999.000
202605101212,   0.818,   0.859,9999.000,9999.000,9999.000,9999.000,9999.000,9999.000,9999.000
202605101218,   0.816,   0.819,9999.000,9999.000,9999.000,9999.000,9999.000,9999.000,9999.000
202605101224,   0.818,   0.741,9999.000,9999.000,9999.000,9999.000,9999.000,9999.000,9999.000
202605101230,   0.824,   0.698,9999.000,9999.000,9999.000,9999.000,9999.000,9999.000,9999.000
202605101236,   0.835,   0.698,9999.000,9999.000,9999.000,9999.000,9999.000,9999.000,9999.000
202605101242,   0.849,   0.678,9999.000,9999.000,9999.000,9999.000,9999.000,9999.000,9999.000
202605101248,   0.868,   0.619,9999.000,9999.000,9999.000,9999.000,9999.000,9999.000,9999.000
202605101254,   0.891,   0.629,9999.000,9999.000,9999.000,9999.000,9999.000,9999.000,9999.000
202605101300,   0.918,   0.669,   0.400,  -0.649,   0.669,   0.300,   0.569,   0.400,   0.669
202605101306,   0.950,   0.610,9999.000,9999.000,9999.000,9999.000,9999.000,9999.000,9999.000
202605101312,   0.986,   0.619,9999.000,9999.000,9999.000,9999.000,9999.000,9999.000,9999.000
202605101318,   1.027,   0.688,9999.000,9999.000,9999.000,9999.000,9999.000,9999.000,9999.000
202605101324,   1.071,   0.741,9999.000,9999.000,9999.000,9999.000,9999.000,9999.000,9999.000
202605101330,   1.120,   0.760,9999.000,9999.000,9999.000,9999.000,9999.000,9999.000,9999.000
202605101336,   1.173,   0.760,9999.000,9999.000,9999.000,9999.000,9999.000,9999.000,9999.000
202605101342,   1.229,   0.780,9999.000,9999.000,9999.000,9999.000,9999.000,9999.000,9999.000
202605101348,   1.289,   0.829,9999.000,9999.000,9999.000,9999.000,9999.000,9999.000,9999.000
202605101354,   1.353,   0.898,9999.000,9999.000,9999.000,9999.000,9999.000,9999.000,9999.000
202605101400,   1.419,   0.941,   0.400,  -0.878,   0.941,   0.300,   0.841,   0.400,   0.941
202605101406,   1.489,   0.970,9999.000,9999.000,9999.000,9999.000,9999.000,9999.000,9999.000
202605101412,   1.561,   1.020,9999.000,9999.000,9999.000,9999.000,9999.000,9999.000,9999.000
202605101418,   1.635,   1.088,9999.000,9999.000,9999.000,9999.000,9999.000,9999.000,9999.000
202605101424,   1.712,   1.220,9999.000,9999.000,9999.000,9999.000,9999.000,9999.000,9999.000
202605101430,   1.790,   1.239,9999.000,9999.000,9999.000,9999.000,9999.000,9999.000,9999.000
202605101436,   1.870,   1.239,9999.000,9999.000,9999.000,9999.000,9999.000,9999.000,9999.000
202605101442,   1.950,   1.318,9999.000,9999.000,9999.000,9999.000,9999.000,9999.000,9999.000
202605101448,   2.032,   1.410,9999.000,9999.000,9999.000,9999.000,9999.000,9999.000,9999.000
202605101454,   2.114,   1.449,9999.000,9999.000,9999.000,9999.000,9999.000,9999.000,9999.000
202605101500,   2.197,   1.538,   0.400,  -1.059,   1.538,   0.300,   1.438,   0.400,   1.538
202605101506,   2.280,   1.610,9999.000,9999.000,9999.000,9999.000,9999.000,9999.000,9999.000
202605101512,   2.362,   1.679,9999.000,9999.000,9999.000,9999.000,9999.000,9999.000,9999.000
202605101518,   2.444,   1.790,9999.000,9999.000,9999.000,9999.000,9999.000,9999.000,9999.000
202605101524,   2.525,   1.859,9999.000,9999.000,9999.000,9999.000,9999.000,9999.000,9999.000
202605101530,   2.605,   1.938,9999.000,9999.000,9999.000,9999.000,9999.000,9999.000,9999.000
202605101536,   2.684,   1.938,9999.000,9999.000,9999.000,9999.000,9999.000,9999.000,9999.000
202605101542,   2.761,   2.040,9999.000,9999.000,9999.000,9999.000,9999.000,9999.000,9999.000
202605101548,   2.837,   2.099,9999.000,9999.000,9999.000,9999.000,9999.000,9999.000,9999.000
202605101554,   2.912,   2.158,9999.000,9999.000,9999.000,9999.000,9999.000,9999.000,9999.000
202605101600,   2.984,   2.210,   0.400,  -1.174,   2.210,   0.300,   2.110,   0.400,   2.210
202605101606,   3.055,   2.269,9999.000,9999.000,9999.000,9999.000,9999.000,9999.000,9999.000
202605101612,   3.123,   2.338,9999.000,9999.000,9999.000,9999.000,9999.000,9999.000,9999.000
202605101618,   3.189,   2.479,9999.000,9999.000,9999.000,9999.000,9999.000,9999.000,9999.000
202605101624,   3.253,   2.519,9999.000,9999.000,9999.000,9999.000,9999.000,9999.000,9999.000
202605101630,   3.315,   2.587,9999.000,9999.000,9999.000,9999.000,9999.000,9999.000,9999.000
202605101636,   3.374,   2.587,9999.000,9999.000,9999.000,9999.000,9999.000,9999.000,9999.000
202605101642,   3.431,   2.669,9999.000,9999.000,9999.000,9999.000,9999.000,9999.000,9999.000
202605101648,   3.485,   2.719,9999.000,9999.000,9999.000,9999.000,9999.000,9999.000,9999.000
202605101654,   3.536,   2.797,9999.000,9999.000,9999.000,9999.000,9999.000,9999.000,9999.000
202605101700,   3.585,   2.850,   0.400,  -1.135,   2.850,   0.300,   2.750,   0.400,   2.850
202605101706,   3.631,   2.909,9999.000,9999.000,9999.000,9999.000,9999.000,9999.000,9999.000
202605101712,   3.675,   2.968,9999.000,9999.000,9999.000,9999.000,9999.000,9999.000,9999.000
202605101718,   3.715,   3.119,9999.000,9999.000,9999.000,9999.000,9999.000,9999.000,9999.000
202605101724,   3.753,   3.168,9999.000,9999.000,9999.000,9999.000,9999.000,9999.000,9999.000
202605101730,   3.788,   3.230,9999.000,9999.000,9999.000,9999.000,9999.000,9999.000,9999.000
202605101736,   3.820,   3.230,9999.000,9999.000,9999.000,9999.000,9999.000,9999.000,9999.000
202605101742,   3.849,   3.270,9999.000,9999.000,9999.000,9999.000,9999.000,9999.000,9999.000
202605101748,   3.874,   3.319,9999.000,9999.000,9999.000,9999.000,9999.000,9999.000,9999.000
202605101754,   3.897,   3.358,9999.000,9999.000,9999.000,9999.000,9999.000,9999.000,9999.000
202605101800,   3.916,   3.417,   0.400,  -0.899,   3.417,   0.400,   3.417,   0.500,   3.517
202605101806,   3.931,   3.480,9999.000,9999.000,9999.000,9999.000,9999.000,9999.000,9999.000
202605101812,   3.943,   3.529,9999.000,9999.000,9999.000,9999.000,9999.000,9999.000,9999.000
202605101818,   3.952,   3.558,9999.000,9999.000,9999.000,9999.000,9999.000,9999.000,9999.000
202605101824,   3.956,   3.637,9999.000,9999.000,9999.000,9999.000,9999.000,9999.000,9999.000
202605101830,   3.957,   3.650,9999.000,9999.000,9999.000,9999.000,9999.000,9999.000,9999.000
202605101836,   3.954,   3.650,9999.000,9999.000,9999.000,9999.000,9999.000,9999.000,9999.000
202605101842,   3.947,   3.670,9999.000,9999.000,9999.000,9999.000,9999.000,9999.000,9999.000
202605101848,   3.935,   3.689,9999.000,9999.000,9999.000,9999.000,9999.000,9999.000,9999.000
202605101854,   3.920,   3.709,9999.000,9999.000,9999.000,9999.000,9999.000,9999.000,9999.000
202605101900,   3.900,   3.719,   0.400,  -0.581,   3.719,   0.400,   3.719,   0.400,   3.719
202605101906,   3.875,   3.729,9999.000,9999.000,9999.000,9999.000,9999.000,9999.000,9999.000
202605101912,   3.847,   3.719,9999.000,9999.000,9999.000,9999.000,9999.000,9999.000,9999.000
202605101918,   3.814,   3.627,9999.000,9999.000,9999.000,9999.000,9999.000,9999.000,9999.000
202605101924,   3.777,   3.588,9999.000,9999.000,9999.000,9999.000,9999.000,9999.000,9999.000
202605101930,   3.736,   3.548,9999.000,9999.000,9999.000,9999.000,9999.000,9999.000,9999.000
202605101936,   3.691,   3.548,9999.000,9999.000,9999.000,9999.000,9999.000,9999.000,9999.000
202605101942,   3.642,   3.548,9999.000,9999.000,9999.000,9999.000,9999.000,9999.000,9999.000
202605101948,   3.590,   3.499,9999.000,9999.000,9999.000,9999.000,9999.000,9999.000,9999.000
202605101954,   3.533,   3.489,9999.000,9999.000,9999.000,9999.000,9999.000,9999.000,9999.000
202605102000,   3.474,   3.427,   0.400,  -0.447,   3.427,   0.400,   3.427,   0.500,   3.527
202605102006,   3.412,   3.378,9999.000,9999.000,9999.000,9999.000,9999.000,9999.000,9999.000
202605102012,   3.347,   3.339,9999.000,9999.000,9999.000,9999.000,9999.000,9999.000,9999.000
202605102018,   3.280,   3.260,9999.000,9999.000,9999.000,9999.000,9999.000,9999.000,9999.000
202605102024,   3.210,   3.207,9999.000,9999.000,9999.000,9999.000,9999.000,9999.000,9999.000
202605102030,   3.139,   3.148,9999.000,9999.000,9999.000,9999.000,9999.000,9999.000,9999.000
202605102036,   3.067,   3.148,9999.000,9999.000,9999.000,9999.000,9999.000,9999.000,9999.000
202605102042,   2.994,   3.119,9999.000,9999.000,9999.000,9999.000,9999.000,9999.000,9999.000
202605102048,   2.921,   3.070,9999.000,9999.000,9999.000,9999.000,9999.000,9999.000,9999.000
202605102054,   2.847,   3.030,9999.000,9999.000,9999.000,9999.000,9999.000,9999.000,9999.000
202605102100,   2.773,   2.948,   0.400,  -0.225,   2.948,   0.400,   2.948,   0.500,   3.048
202605102106,   2.700,   2.919,9999.000,9999.000,9999.000,9999.000,9999.000,9999.000,9999.000
202605102112,   2.628,   2.869,9999.000,9999.000,9999.000,9999.000,9999.000,9999.000,9999.000
202605102118,   2.557,   2.840,9999.000,9999.000,9999.000,9999.000,9999.000,9999.000,9999.000
202605102124,   2.487,   2.728,9999.000,9999.000,9999.000,9999.000,9999.000,9999.000,9999.000
202605102130,   2.419,   2.679,9999.000,9999.000,9999.000,9999.000,9999.000,9999.000,9999.000
202605102136,   2.353,   2.679,9999.000,9999.000,9999.000,9999.000,9999.000,9999.000,9999.000
202605102142,   2.288,   2.620,9999.000,9999.000,9999.000,9999.000,9999.000,9999.000,9999.000
202605102148,   2.225,   2.558,9999.000,9999.000,9999.000,9999.000,9999.000,9999.000,9999.000
202605102154,   2.165,   2.509,9999.000,9999.000,9999.000,9999.000,9999.000,9999.000,9999.000
202605102200,   2.106,   2.440,   0.400,  -0.066,   2.440,   0.400,   2.440,   0.500,   2.540
202605102206,   2.050,   2.400,9999.000,9999.000,9999.000,9999.000,9999.000,9999.000,9999.000
202605102212,   1.996,   2.328,9999.000,9999.000,9999.000,9999.000,9999.000,9999.000,9999.000
202605102218,   1.943,   2.240,9999.000,9999.000,9999.000,9999.000,9999.000,9999.000,9999.000
202605102224,   1.893,   2.191,9999.000,9999.000,9999.000,9999.000,9999.000,9999.000,9999.000
202605102230,   1.845,   2.138,9999.000,9999.000,9999.000,9999.000,9999.000,9999.000,9999.000
202605102236,   1.799,   2.138,9999.000,9999.000,9999.000,9999.000,9999.000,9999.000,9999.000
202605102242,   1.755,   2.069,9999.000,9999.000,9999.000,9999.000,9999.000,9999.000,9999.000
202605102248,   1.713,   2.020,9999.000,9999.000,9999.000,9999.000,9999.000,9999.000,9999.000
202605102254,   1.672,   1.958,9999.000,9999.000,9999.000,9999.000,9999.000,9999.000,9999.000
202605102300,   1.633,   1.928,   0.400,  -0.105,   1.928,   0.400,   1.928,   0.500,   2.028
202605102306,   1.596,   1.879,9999.000,9999.000,9999.000,9999.000,9999.000,9999.000,9999.000
202605102312,   1.560,   1.820,9999.000,9999.000,9999.000,9999.000,9999.000,9999.000,9999.000
202605102318,   1.526,   1.728,9999.000,9999.000,9999.000,9999.000,9999.000,9999.000,9999.000
202605102324,   1.494,   1.679,9999.000,9999.000,9999.000,9999.000,9999.000,9999.000,9999.000
202605102330,   1.463,   1.630,9999.000,9999.000,9999.000,9999.000,9999.000,9999.000,9999.000
202605102336,   1.434,   1.630,9999.000,9999.000,9999.000,9999.000,9999.000,9999.000,9999.000
202605102342,   1.407,   1.580,9999.000,9999.000,9999.000,9999.000,9999.000,9999.000,9999.000
202605102348,   1.381,   1.518,9999.000,9999.000,9999.000,9999.000,9999.000,9999.000,9999.000
202605102354,   1.358,   1.479,9999.000,9999.000,9999.000,9999.000,9999.000,9999.000,9999.000
202605110000,   1.337,   1.439,   0.300,  -0.198,   1.439,   0.300,   1.439,   0.300,   1.439
202605110006,   1.318,   1.390,9999.000,9999.000,9999.000,9999.000,9999.000,9999.000,9999.000
202605110012,   1.302,   1.348,9999.000,9999.000,9999.000,9999.000,9999.000,9999.000,9999.000
202605110018,   1.288,   1.279,9999.000,9999.000,9999.000,9999.000,9999.000,9999.000,9999.000
202605110024,   1.277,   1.239,9999.000,9999.000,9999.000,9999.000,9999.000,9999.000,9999.000
202605110030,   1.269,   1.210,9999.000,9999.000,9999.000,9999.000,9999.000,9999.000,9999.000
202605110036,   1.264,   1.210,9999.000,9999.000,9999.000,9999.000,9999.000,9999.000,9999.000
202605110042,   1.263,   1.190,9999.000,9999.000,9999.000,9999.000,9999.000,9999.000,9999.000
202605110048,   1.265,   1.161,9999.000,9999.000,9999.000,9999.000,9999.000,9999.000,9999.000
202605110054,   1.271,   1.108,9999.000,9999.000,9999.000,9999.000,9999.000,9999.000,9999.000
202605110100,   1.281,   1.079,   0.300,  -0.502,   1.079,   0.300,   1.079,   0.300,   1.079
202605110106,   1.295,   1.098,9999.000,9999.000,9999.000,9999.000,9999.000,9999.000,9999.000
202605110112,   1.313,   1.088,9999.000,9999.000,9999.000,9999.000,9999.000,9999.000,9999.000
202605110118,   1.335,   1.039,9999.000,9999.000,9999.000,9999.000,9999.000,9999.000,9999.000
202605110124,   1.362,   1.069,9999.000,9999.000,9999.000,9999.000,9999.000,9999.000,9999.000
202605110130,   1.392,   1.088,9999.000,9999.000,9999.000,9999.000,9999.000,9999.000,9999.000
202605110136,   1.427,   1.088,9999.000,9999.000,9999.000,9999.000,9999.000,9999.000,9999.000
202605110142,   1.466,   1.108,9999.000,9999.000,9999.000,9999.000,9999.000,9999.000,9999.000
202605110148,   1.510,   1.138,9999.000,9999.000,9999.000,9999.000,9999.000,9999.000,9999.000
202605110154,   1.557,   1.161,9999.000,9999.000,9999.000,9999.000,9999.000,9999.000,9999.000
202605110200,   1.608,   1.220,   0.300,  -0.688,   1.220,   0.300,   1.220,   0.300,   1.220
202605110206,   1.663,   1.229,9999.000,9999.000,9999.000,9999.000,9999.000,9999.000,9999.000
202605110212,   1.722,   1.269,9999.000,9999.000,9999.000,9999.000,9999.000,9999.000,9999.000
202605110218,   1.784,   1.338,9999.000,9999.000,9999.000,9999.000,9999.000,9999.000,9999.000
202605110224,   1.849,   1.400,9999.000,9999.000,9999.000,9999.000,9999.000,9999.000,9999.000
202605110230,   1.917,   1.449,9999.000,9999.000,9999.000,9999.000,9999.000,9999.000,9999.000
202605110236,   1.988,   1.449,9999.000,9999.000,9999.000,9999.000,9999.000,9999.000,9999.000
202605110242,   2.060,   1.479,9999.000,9999.000,9999.000,9999.000,9999.000,9999.000,9999.000
202605110248,   2.135,   1.538,9999.000,9999.000,9999.000,9999.000,9999.000,9999.000,9999.000
202605110254,   2.212,   1.600,9999.000,9999.000,9999.000,9999.000,9999.000,9999.000,9999.000
202605110300,   2.291,   1.649,   0.300,  -0.942,   1.649,   0.300,   1.649,   0.300,   1.649
202605110306,   2.370,   1.718,9999.000,9999.000,9999.000,9999.000,9999.000,9999.000,9999.000
202605110312,   2.451,   1.800,9999.000,9999.000,9999.000,9999.000,9999.000,9999.000,9999.000
202605110318,   2.531,   1.869,9999.000,9999.000,9999.000,9999.000,9999.000,9999.000,9999.000
202605110324,   2.612,   1.948,9999.000,9999.000,9999.000,9999.000,9999.000,9999.000,9999.000
202605110330,   2.693,   2.049,9999.000,9999.000,9999.000,9999.000,9999.000,9999.000,9999.000
202605110336,   2.774,   2.049,9999.000,9999.000,9999.000,9999.000,9999.000,9999.000,9999.000
202605110342,   2.854,   2.128,9999.000,9999.000,9999.000,9999.000,9999.000,9999.000,9999.000
202605110348,   2.934,   2.158,9999.000,9999.000,9999.000,9999.000,9999.000,9999.000,9999.000
202605110354,   3.012,   2.220,9999.000,9999.000,9999.000,9999.000,9999.000,9999.000,9999.000
202605110400,   3.089,   2.318,   0.300,  -1.071,   2.318,   0.200,   2.218,   0.300,   2.318
202605110406,   3.165,   2.400,9999.000,9999.000,9999.000,9999.000,9999.000,9999.000,9999.000
202605110412,   3.239,   2.420,9999.000,9999.000,9999.000,9999.000,9999.000,9999.000,9999.000
202605110418,   3.311,   2.519,9999.000,9999.000,9999.000,9999.000,9999.000,9999.000,9999.000
202605110424,   3.381,   2.650,9999.000,9999.000,9999.000,9999.000,9999.000,9999.000,9999.000
202605110430,   3.448,   2.709,9999.000,9999.000,9999.000,9999.000,9999.000,9999.000,9999.000
202605110436,   3.514,   2.709,9999.000,9999.000,9999.000,9999.000,9999.000,9999.000,9999.000
202605110442,   3.577,   2.797,9999.000,9999.000,9999.000,9999.000,9999.000,9999.000,9999.000
202605110448,   3.637,   2.840,9999.000,9999.000,9999.000,9999.000,9999.000,9999.000,9999.000
202605110454,   3.695,   2.889,9999.000,9999.000,9999.000,9999.000,9999.000,9999.000,9999.000
202605110500,   3.750,   2.968,   0.300,  -1.082,   2.968,   0.200,   2.868,   0.300,   2.968
202605110506,   3.802,   3.060,9999.000,9999.000,9999.000,9999.000,9999.000,9999.000,9999.000
202605110512,   3.851,   3.099,9999.000,9999.000,9999.000,9999.000,9999.000,9999.000,9999.000
202605110518,   3.898,   3.168,9999.000,9999.000,9999.000,9999.000,9999.000,9999.000,9999.000
202605110524,   3.941,   3.260,9999.000,9999.000,9999.000,9999.000,9999.000,9999.000,9999.000
202605110530,   3.982,   3.299,9999.000,9999.000,9999.000,9999.000,9999.000,9999.000,9999.000
202605110536,   4.019,   3.299,9999.000,9999.000,9999.000,9999.000,9999.000,9999.000,9999.000
202605110542,   4.054,   3.388,9999.000,9999.000,9999.000,9999.000,9999.000,9999.000,9999.000
202605110548,   4.085,   3.398,9999.000,9999.000,9999.000,9999.000,9999.000,9999.000,9999.000
202605110554,   4.113,   3.440,9999.000,9999.000,9999.000,9999.000,9999.000,9999.000,9999.000
202605110600,   4.137,   3.489,   0.200,  -0.848,   3.489,   0.200,   3.489,   0.200,   3.489
202605110606,   4.159,   3.548,9999.000,9999.000,9999.000,9999.000,9999.000,9999.000,9999.000
202605110612,   4.176,   3.578,9999.000,9999.000,9999.000,9999.000,9999.000,9999.000,9999.000
202605110618,   4.191,   3.617,9999.000,9999.000,9999.000,9999.000,9999.000,9999.000,9999.000
202605110624,   4.202,   3.699,9999.000,9999.000,9999.000,9999.000,9999.000,9999.000,9999.000
202605110630,   4.209,   3.739,9999.000,9999.000,9999.000,9999.000,9999.000,9999.000,9999.000
202605110636,   4.212,   3.739,9999.000,9999.000,9999.000,9999.000,9999.000,9999.000,9999.000
202605110642,   4.211,   3.739,9999.000,9999.000,9999.000,9999.000,9999.000,9999.000,9999.000
202605110648,   4.207,   3.788,9999.000,9999.000,9999.000,9999.000,9999.000,9999.000,9999.000
202605110654,   4.198,   3.788,9999.000,9999.000,9999.000,9999.000,9999.000,9999.000,9999.000
202605110700,   4.185,   3.817,   0.200,  -0.568,   3.817,   0.200,   3.817,   0.200,   3.817
202605110706,   4.168,   3.880,9999.000,9999.000,9999.000,9999.000,9999.000,9999.000,9999.000
202605110712,   4.147,   3.860,9999.000,9999.000,9999.000,9999.000,9999.000,9999.000,9999.000
202605110718,   4.121,   3.837,9999.000,9999.000,9999.000,9999.000,9999.000,9999.000,9999.000
202605110724,   4.091,   3.768,9999.000,9999.000,9999.000,9999.000,9999.000,9999.000,9999.000
202605110730,   4.056,   3.778,9999.000,9999.000,9999.000,9999.000,9999.000,9999.000,9999.000
202605110736,   4.017,   3.778,9999.000,9999.000,9999.000,9999.000,9999.000,9999.000,9999.000
202605110742,   3.974,   3.758,9999.000,9999.000,9999.000,9999.000,9999.000,9999.000,9999.000
202605110748,   3.926,   3.719,9999.000,9999.000,9999.000,9999.000,9999.000,9999.000,9999.000
202605110754,   3.874,   3.709,9999.000,9999.000,9999.000,9999.000,9999.000,9999.000,9999.000
202605110800,   3.818,   3.680,   0.200,  -0.338,   3.680,   0.200,   3.680,   0.200,   3.680
202605110806,   3.757,   3.650,9999.000,9999.000,9999.000,9999.000,9999.000,9999.000,9999.000
202605110812,   3.693,   3.607,9999.000,9999.000,9999.000,9999.000,9999.000,9999.000,9999.000
202605110818,   3.625,   3.539,9999.000,9999.000,9999.000,9999.000,9999.000,9999.000,9999.000
202605110824,   3.554,   3.499,9999.000,9999.000,9999.000,9999.000,9999.000,9999.000,9999.000
202605110830,   3.479,   3.450,9999.000,9999.000,9999.000,9999.000,9999.000,9999.000,9999.000
202605110836,   3.402,   3.450,9999.000,9999.000,9999.000,9999.000,9999.000,9999.000,9999.000
202605110842,   3.322,   3.368,9999.000,9999.000,9999.000,9999.000,9999.000,9999.000,9999.000
202605110848,   3.239,   3.309,9999.000,9999.000,9999.000,9999.000,9999.000,9999.000,9999.000
202605110854,   3.155,   3.250,9999.000,9999.000,9999.000,9999.000,9999.000,9999.000,9999.000
202605110900,   3.069,   3.207,   0.200,  -0.062,   3.207,   0.200,   3.207,   0.300,   3.307
202605110906,   2.982,   3.138,9999.000,9999.000,9999.000,9999.000,9999.000,9999.000,9999.000
202605110912,   2.894,   3.050,9999.000,9999.000,9999.000,9999.000,9999.000,9999.000,9999.000
202605110918,   2.805,   2.988,9999.000,9999.000,9999.000,9999.000,9999.000,9999.000,9999.000
202605110924,   2.716,   2.850,9999.000,9999.000,9999.000,9999.000,9999.000,9999.000,9999.000
202605110930,   2.627,   2.758,9999.000,9999.000,9999.000,9999.000,9999.000,9999.000,9999.000
202605110936,   2.538,   2.758,9999.000,9999.000,9999.000,9999.000,9999.000,9999.000,9999.000
202605110942,   2.450,   2.669,9999.000,9999.000,9999.000,9999.000,9999.000,9999.000,9999.000
202605110948,   2.364,   2.610,9999.000,9999.000,9999.000,9999.000,9999.000,9999.000,9999.000
202605110954,   2.278,   2.548,9999.000,9999.000,9999.000,9999.000,9999.000,9999.000,9999.000
202605111000,   2.194,   2.469,   0.300,  -0.025,   2.469,   0.200,   2.369,   0.300,   2.469
202605111006,   2.111,   2.368,9999.000,9999.000,9999.000,9999.000,9999.000,9999.000,9999.000
202605111012,   2.030,   2.309,9999.000,9999.000,9999.000,9999.000,9999.000,9999.000,9999.000
202605111018,   1.951,   2.220,9999.000,9999.000,9999.000,9999.000,9999.000,9999.000,9999.000
202605111024,   1.874,   2.040,9999.000,9999.000,9999.000,9999.000,9999.000,9999.000,9999.000
202605111030,   1.799,   1.958,9999.000,9999.000,9999.000,9999.000,9999.000,9999.000,9999.000
202605111036,   1.726,   1.958,9999.000,9999.000,9999.000,9999.000,9999.000,9999.000,9999.000
202605111042,   1.655,   1.899,9999.000,9999.000,9999.000,9999.000,9999.000,9999.000,9999.000
202605111048,   1.587,   1.800,9999.000,9999.000,9999.000,9999.000,9999.000,9999.000,9999.000
202605111054,   1.520,   1.748,9999.000,9999.000,9999.000,9999.000,9999.000,9999.000,9999.000
202605111100,   1.455,   1.699,   0.300,  -0.056,   1.699,   0.200,   1.599,   0.300,   1.699
202605111106,   1.393,   1.610,9999.000,9999.000,9999.000,9999.000,9999.000,9999.000,9999.000
202605111112,   1.332,   1.498,9999.000,9999.000,9999.000,9999.000,9999.000,9999.000,9999.000
202605111118,   1.274,   1.430,9999.000,9999.000,9999.000,9999.000,9999.000,9999.000,9999.000
202605111124,   1.218,   1.289,9999.000,9999.000,9999.000,9999.000,9999.000,9999.000,9999.000
202605111130,   1.163,   1.220,9999.000,9999.000,9999.000,9999.000,9999.000,9999.000,9999.000
202605111136,   1.111,   1.220,9999.000,9999.000,9999.000,9999.000,9999.000,9999.000,9999.000
202605111142,   1.061,   1.161,9999.000,9999.000,9999.000,9999.000,9999.000,9999.000,9999.000
202605111148,   1.013,   1.069,9999.000,9999.000,9999.000,9999.000,9999.000,9999.000,9999.000
202605111154,   0.967,   0.970,9999.000,9999.000,9999.000,9999.000,9999.000,9999.000,9999.000
202605111200,   0.924,   0.918,   0.200,  -0.206,   0.918,   0.100,   0.818,   0.200,   0.918
202605111206,   0.883,   0.839,9999.000,9999.000,9999.000,9999.000,9999.000,9999.000,9999.000
202605111212,   0.844,   0.770,9999.000,9999.000,9999.000,9999.000,9999.000,9999.000,9999.000
202605111218,   0.808,   0.718,9999.000,9999.000,9999.000,9999.000,9999.000,9999.000,9999.000
202605111224,   0.776,   0.610,9999.000,9999.000,9999.000,9999.000,9999.000,9999.000,9999.000
202605111230,   0.746,   0.580,9999.000,9999.000,9999.000,9999.000,9999.000,9999.000,9999.000
202605111236,   0.719,   0.580,9999.000,9999.000,9999.000,9999.000,9999.000,9999.000,9999.000
202605111242,   0.696,   0.531,9999.000,9999.000,9999.000,9999.000,9999.000,9999.000,9999.000
202605111248,   0.676,   0.498,9999.000,9999.000,9999.000,9999.000,9999.000,9999.000,9999.000
202605111254,   0.661,   0.409,9999.000,9999.000,9999.000,9999.000,9999.000,9999.000,9999.000
202605111300,   0.649,   0.370,   0.200,  -0.479,   0.370,   0.100,   0.270,   0.200,   0.370
202605111306,   0.642,   0.321,9999.000,9999.000,9999.000,9999.000,9999.000,9999.000,9999.000
202605111312,   0.639,   0.298,9999.000,9999.000,9999.000,9999.000,9999.000,9999.000,9999.000
202605111318,   0.641,   0.268,9999.000,9999.000,9999.000,9999.000,9999.000,9999.000,9999.000
202605111324,   0.648,   0.200,9999.000,9999.000,9999.000,9999.000,9999.000,9999.000,9999.000
202605111330,   0.660,   0.239,9999.000,9999.000,9999.000,9999.000,9999.000,9999.000,9999.000
202605111336,   0.676,   0.239,9999.000,9999.000,9999.000,9999.000,9999.000,9999.000,9999.000
202605111342,   0.698,   0.249,9999.000,9999.000,9999.000,9999.000,9999.000,9999.000,9999.000
202605111348,   0.725,   0.249,9999.000,9999.000,9999.000,9999.000,9999.000,9999.000,9999.000
202605111354,   0.758,   0.380,9999.000,9999.000,9999.000,9999.000,9999.000,9999.000,9999.000
202605111400,   0.795,   0.249,   0.200,  -0.746,   0.249,   0.200,   0.249,   0.200,   0.249
202605111406,   0.838,   0.380,9999.000,9999.000,9999.000,9999.000,9999.000,9999.000,9999.000
202605111412,   0.885,   0.488,9999.000,9999.000,9999.000,9999.000,9999.000,9999.000,9999.000
202605111418,   0.938,   0.570,9999.000,9999.000,9999.000,9999.000,9999.000,9999.000,9999.000
202605111424,   0.995,   0.610,9999.000,9999.000,9999.000,9999.000,9999.000,9999.000,9999.000
202605111430,   1.057,   0.619,9999.000,9999.000,9999.000,9999.000,9999.000,9999.000,9999.000
202605111436,   1.124,   0.619,9999.000,9999.000,9999.000,9999.000,9999.000,9999.000,9999.000
202605111442,   1.194,   0.731,9999.000,9999.000,9999.000,9999.000,9999.000,9999.000,9999.000
202605111448,   1.269,   0.839,9999.000,9999.000,9999.000,9999.000,9999.000,9999.000,9999.000
202605111454,   1.347,   0.839,9999.000,9999.000,9999.000,9999.000,9999.000,9999.000,9999.000
202605111500,   1.429,   0.918,   0.200,  -0.711,   0.918,   0.200,   0.918,   0.300,   1.018
202605111506,   1.513,   0.961,9999.000,9999.000,9999.000,9999.000,9999.000,9999.000,9999.000
202605111512,   1.600,   1.029,9999.000,9999.000,9999.000,9999.000,9999.000,9999.000,9999.000
202605111518,   1.690,   1.088,9999.000,9999.000,9999.000,9999.000,9999.000,9999.000,9999.000
202605111524,   1.781,   1.259,9999.000,9999.000,9999.000,9999.000,9999.000,9999.000,9999.000
202605111530,   1.874,   1.328,9999.000,9999.000,9999.000,9999.000,9999.000,9999.000,9999.000
202605111536,   1.969,   1.328,9999.000,9999.000,9999.000,9999.000,9999.000,9999.000,9999.000
202605111542,   2.064,   1.400,9999.000,9999.000,9999.000,9999.000,9999.000,9999.000,9999.000
202605111548,   2.161,   1.449,9999.000,9999.000,9999.000,9999.000,9999.000,9999.000,9999.000
202605111554,   2.257,   1.528,9999.000,9999.000,9999.000,9999.000,9999.000,9999.000,9999.000
202605111600,   2.353,   1.571,   0.300,  -1.082,   1.571,   0.200,   1.471,   0.300,   1.571
202605111606,   2.449,   1.649,9999.000,9999.000,9999.000,9999.000,9999.000,9999.000,9999.000
202605111612,   2.545,   1.689,9999.000,9999.000,9999.000,9999.000,9999.000,9999.000,9999.000
202605111618,   2.639,   1.790,9999.000,9999.000,9999.000,9999.000,9999.000,9999.000,9999.000
202605111624,   2.732,   1.948,9999.000,9999.000,9999.000,9999.000,9999.000,9999.000,9999.000
202605111630,   2.824,   2.040,9999.000,9999.000,9999.000,9999.000,9999.000,9999.000,9999.000
202605111636,   2.914,   2.040,9999.000,9999.000,9999.000,9999.000,9999.000,9999.000,9999.000
202605111642,   3.002,   2.118,9999.000,9999.000,9999.000,9999.000,9999.000,9999.000,9999.000
202605111648,   3.088,   2.168,9999.000,9999.000,9999.000,9999.000,9999.000,9999.000,9999.000
202605111654,   3.172,   2.250,9999.000,9999.000,9999.000,9999.000,9999.000,9999.000,9999.000
202605111700,   3.253,   2.328,   0.300,  -1.225,   2.328,   0.200,   2.228,   0.300,   2.328
202605111706,   3.332,   2.519,9999.000,9999.000,9999.000,9999.000,9999.000,9999.000,9999.000
202605111712,   3.408,   2.548,9999.000,9999.000,9999.000,9999.000,9999.000,9999.000,9999.000
202605111718,   3.481,   2.620,9999.000,9999.000,9999.000,9999.000,9999.000,9999.000,9999.000
202605111724,   3.551,   2.660,9999.000,9999.000,9999.000,9999.000,9999.000,9999.000,9999.000
202605111730,   3.619,   2.797,9999.000,9999.000,9999.000,9999.000,9999.000,9999.000,9999.000
202605111736,   3.683,   2.797,9999.000,9999.000,9999.000,9999.000,9999.000,9999.000,9999.000
202605111742,   3.744,   2.869,9999.000,9999.000,9999.000,9999.000,9999.000,9999.000,9999.000
202605111748,   3.802,   2.919,9999.000,9999.000,9999.000,9999.000,9999.000,9999.000,9999.000
202605111754,   3.856,   2.968,9999.000,9999.000,9999.000,9999.000,9999.000,9999.000,9999.000
202605111800,   3.908,   3.017,   0.200,  -1.091,   3.017,   0.100,   2.917,   0.200,   3.017
202605111806,   3.956,   3.138,9999.000,9999.000,9999.000,9999.000,9999.000,9999.000,9999.000
202605111812,   4.001,   3.129,9999.000,9999.000,9999.000,9999.000,9999.000,9999.000,9999.000
202605111818,   4.042,   3.129,9999.000,9999.000,9999.000,9999.000,9999.000,9999.000,9999.000
202605111824,   4.080,   3.270,9999.000,9999.000,9999.000,9999.000,9999.000,9999.000,9999.000
202605111830,   4.114,   3.279,9999.000,9999.000,9999.000,9999.000,9999.000,9999.000,9999.000
202605111836,   4.145,   3.279,9999.000,9999.000,9999.000,9999.000,9999.000,9999.000,9999.000
202605111842,   4.172,   3.339,9999.000,9999.000,9999.000,9999.000,9999.000,9999.000,9999.000
202605111848,   4.196,   3.358,9999.000,9999.000,9999.000,9999.000,9999.000,9999.000,9999.000
202605111854,   4.216,   3.427,9999.000,9999.000,9999.000,9999.000,9999.000,9999.000,9999.000
202605111900,   4.232,   3.460,   0.200,  -0.972,   3.460,   0.100,   3.360,   0.200,   3.460
202605111906,   4.244,   3.519,9999.000,9999.000,9999.000,9999.000,9999.000,9999.000,9999.000
202605111912,   4.252,   3.588,9999.000,9999.000,9999.000,9999.000,9999.000,9999.000,9999.000
202605111918,   4.256,   3.699,9999.000,9999.000,9999.000,9999.000,9999.000,9999.000,9999.000
202605111924,   4.256,   3.709,9999.000,9999.000,9999.000,9999.000,9999.000,9999.000,9999.000
202605111930,   4.252,   3.670,9999.000,9999.000,9999.000,9999.000,9999.000,9999.000,9999.000
202605111936,   4.243,   3.670,9999.000,9999.000,9999.000,9999.000,9999.000,9999.000,9999.000
202605111942,   4.231,   3.719,9999.000,9999.000,9999.000,9999.000,9999.000,9999.000,9999.000
202605111948,   4.213,   3.729,9999.000,9999.000,9999.000,9999.000,9999.000,9999.000,9999.000
202605111954,   4.192,   3.689,9999.000,9999.000,9999.000,9999.000,9999.000,9999.000,9999.000
202605112000,   4.166,   3.758,   0.100,  -0.508,   3.758,   0.100,   3.758,   0.200,   3.858
202605112006,   4.135,   3.637,9999.000,9999.000,9999.000,9999.000,9999.000,9999.000,9999.000
202605112012,   4.100,   3.598,9999.000,9999.000,9999.000,9999.000,9999.000,9999.000,9999.000
202605112018,   4.061,   3.699,9999.000,9999.000,9999.000,9999.000,9999.000,9999.000,9999.000
202605112024,   4.018,   3.637,9999.000,9999.000,9999.000,9999.000,9999.000,9999.000,9999.000
202605112030,   3.970,   3.709,9999.000,9999.000,9999.000,9999.000,9999.000,9999.000,9999.000
202605112036,   3.918,   3.709,9999.000,9999.000,9999.000,9999.000,9999.000,9999.000,9999.000
202605112042,   3.863,   3.548,9999.000,9999.000,9999.000,9999.000,9999.000,9999.000,9999.000
202605112048,   3.804,   3.650,9999.000,9999.000,9999.000,9999.000,9999.000,9999.000,9999.000
202605112054,   3.741,   3.670,9999.000,9999.000,9999.000,9999.000,9999.000,9999.000,9999.000
202605112100,   3.675,   3.519,   0.100,  -0.256,   3.519,   0.100,   3.519,   0.200,   3.619
202605112106,   3.606,   3.598,9999.000,9999.000,9999.000,9999.000,9999.000,9999.000,9999.000
202605112112,   3.535,   3.470,9999.000,9999.000,9999.000,9999.000,9999.000,9999.000,9999.000
202605112118,   3.461,   3.348,9999.000,9999.000,9999.000,9999.000,9999.000,9999.000,9999.000
202605112124,   3.385,   3.417,9999.000,9999.000,9999.000,9999.000,9999.000,9999.000,9999.000
202605112130,   3.308,   3.260,9999.000,9999.000,9999.000,9999.000,9999.000,9999.000,9999.000
202605112136,   3.229,   3.260,9999.000,9999.000,9999.000,9999.000,9999.000,9999.000,9999.000
202605112142,   3.149,   3.319,9999.000,9999.000,9999.000,9999.000,9999.000,9999.000,9999.000
202605112148,   3.069,   3.279,9999.000,9999.000,9999.000,9999.000,9999.000,9999.000,9999.000
202605112154,   2.987,   3.260,9999.000,9999.000,9999.000,9999.000,9999.000,9999.000,9999.000
202605112200,   2.906,   3.207,   0.200,   0.101,   3.207,   0.100,   3.107,   0.200,   3.207
202605112206,   2.825,   3.079,9999.000,9999.000,9999.000,9999.000,9999.000,9999.000,9999.000
202605112212,   2.745,   3.109,9999.000,9999.000,9999.000,9999.000,9999.000,9999.000,9999.000
202605112218,   2.665,   3.079,9999.000,9999.000,9999.000,9999.000,9999.000,9999.000,9999.000
202605112224,   2.586,   2.919,9999.000,9999.000,9999.000,9999.000,9999.000,9999.000,9999.000
202605112230,   2.508,   2.850,9999.000,9999.000,9999.000,9999.000,9999.000,9999.000,9999.000
202605112236,   2.431,   2.850,9999.000,9999.000,9999.000,9999.000,9999.000,9999.000,9999.000
202605112242,   2.356,   2.748,9999.000,9999.000,9999.000,9999.000,9999.000,9999.000,9999.000
202605112248,   2.282,   2.778,9999.000,9999.000,9999.000,9999.000,9999.000,9999.000,9999.000
202605112254,   2.210,   2.669,9999.000,9999.000,9999.000,9999.000,9999.000,9999.000,9999.000
202605112300,   2.139,   2.558,   0.200,   0.219,   2.558,   0.100,   2.458,   0.200,   2.558
202605112306,   2.070,   2.620,9999.000,9999.000,9999.000,9999.000,9999.000,9999.000,9999.000
202605112312,   2.002,   2.587,9999.000,9999.000,9999.000,9999.000,9999.000,9999.000,9999.000
202605112318,   1.936,   2.440,9999.000,9999.000,9999.000,9999.000,9999.000,9999.000,9999.000
202605112324,   1.872,   2.259,9999.000,9999.000,9999.000,9999.000,9999.000,9999.000,9999.000
202605112330,   1.810,   2.210,9999.000,9999.000,9999.000,9999.000,9999.000,9999.000,9999.000
202605112336,   1.749,   2.210,9999.000,9999.000,9999.000,9999.000,9999.000,9999.000,9999.000
202605112342,   1.690,   2.191,9999.000,9999.000,9999.000,9999.000,9999.000,9999.000,9999.000
202605112348,   1.632,   2.069,9999.000,9999.000,9999.000,9999.000,9999.000,9999.000,9999.000
202605112354,   1.576,   2.020,9999.000,9999.000,9999.000,9999.000,9999.000,9999.000,9999.000
202605120000,   1.521,   2.020,   0.000,   0.499,   2.020,   0.000,   2.020,   0.100,   2.120
202605120006,   1.469,   1.908,9999.000,9999.000,9999.000,9999.000,9999.000,9999.000,9999.000
202605120012,   1.418,   1.840,9999.000,9999.000,9999.000,9999.000,9999.000,9999.000,9999.000
202605120018,   1.369,   1.767,9999.000,9999.000,9999.000,9999.000,9999.000,9999.000,9999.000
202605120024,   1.322,   1.659,9999.000,9999.000,9999.000,9999.000,9999.000,9999.000,9999.000
202605120030,   1.277,   1.498,9999.000,9999.000,9999.000,9999.000,9999.000,9999.000,9999.000
202605120036,   1.234,   1.498,9999.000,9999.000,9999.000,9999.000,9999.000,9999.000,9999.000
202605120042,   1.193,   1.400,9999.000,9999.000,9999.000,9999.000,9999.000,9999.000,9999.000
202605120048,   1.155,   1.410,9999.000,9999.000,9999.000,9999.000,9999.000,9999.000,9999.000
202605120054,   1.120,   1.279,9999.000,9999.000,9999.000,9999.000,9999.000,9999.000,9999.000
202605120100,   1.088,   1.210,   0.000,   0.122,   1.210,   0.000,   1.210,   0.100,   1.310
202605120106,   1.059,   1.190,9999.000,9999.000,9999.000,9999.000,9999.000,9999.000,9999.000
202605120112,   1.034,   1.128,9999.000,9999.000,9999.000,9999.000,9999.000,9999.000,9999.000
202605120118,   1.012,   1.000,9999.000,9999.000,9999.000,9999.000,9999.000,9999.000,9999.000
202605120124,   0.994,   0.941,9999.000,9999.000,9999.000,9999.000,9999.000,9999.000,9999.000
202605120130,   0.980,   0.810,9999.000,9999.000,9999.000,9999.000,9999.000,9999.000,9999.000
202605120136,   0.971,   0.810,9999.000,9999.000,9999.000,9999.000,9999.000,9999.000,9999.000
202605120142,   0.966,   0.810,9999.000,9999.000,9999.000,9999.000,9999.000,9999.000,9999.000
202605120148,   0.966,   0.790,9999.000,9999.000,9999.000,9999.000,9999.000,9999.000,9999.000
202605120154,   0.971,   0.718,9999.000,9999.000,9999.000,9999.000,9999.000,9999.000,9999.000
202605120200,   0.981,   0.610,   0.000,  -0.371,   0.610,   0.000,   0.610,   0.000,   0.610
202605120206,   0.996,   0.580,9999.000,9999.000,9999.000,9999.000,9999.000,9999.000,9999.000
202605120212,   1.016,   0.570,9999.000,9999.000,9999.000,9999.000,9999.000,9999.000,9999.000
202605120218,   1.042,   0.590,9999.000,9999.000,9999.000,9999.000,9999.000,9999.000,9999.000
202605120224,   1.072,   0.560,9999.000,9999.000,9999.000,9999.000,9999.000,9999.000,9999.000
202605120230,   1.108,   0.551,9999.000,9999.000,9999.000,9999.000,9999.000,9999.000,9999.000
202605120236,   1.149,   0.551,9999.000,9999.000,9999.000,9999.000,9999.000,9999.000,9999.000
202605120242,   1.195,   0.551,9999.000,9999.000,9999.000,9999.000,9999.000,9999.000,9999.000
202605120248,   1.246,   0.619,9999.000,9999.000,9999.000,9999.000,9999.000,9999.000,9999.000
202605120254,   1.302,   0.619,9999.000,9999.000,9999.000,9999.000,9999.000,9999.000,9999.000
202605120300,   1.362,   0.580,   0.000,  -0.782,   0.580,   0.000,   0.580,   0.000,   0.580
202605120306,   1.426,   0.731,9999.000,9999.000,9999.000,9999.000,9999.000,9999.000,9999.000
202605120312,   1.495,   0.760,9999.000,9999.000,9999.000,9999.000,9999.000,9999.000,9999.000
202605120318,   1.567,   0.819,9999.000,9999.000,9999.000,9999.000,9999.000,9999.000,9999.000
202605120324,   1.643,   0.928,9999.000,9999.000,9999.000,9999.000,9999.000,9999.000,9999.000
202605120330,   1.722,   1.010,9999.000,9999.000,9999.000,9999.000,9999.000,9999.000,9999.000
202605120336,   1.803,   1.010,9999.000,9999.000,9999.000,9999.000,9999.000,9999.000,9999.000
202605120342,   1.888,   1.079,9999.000,9999.000,9999.000,9999.000,9999.000,9999.000,9999.000
202605120348,   1.974,   1.151,9999.000,9999.000,9999.000,9999.000,9999.000,9999.000,9999.000
202605120354,   2.062,   1.210,9999.000,9999.000,9999.000,9999.000,9999.000,9999.000,9999.000
202605120400,   2.151,   1.249,   0.000,  -0.902,   1.249,   0.000,   1.249,   0.000,   1.249
202605120406,   2.242,   1.298,9999.000,9999.000,9999.000,9999.000,9999.000,9999.000,9999.000
202605120412,   2.333,   1.400,9999.000,9999.000,9999.000,9999.000,9999.000,9999.000,9999.000
202605120418,   2.425,   1.489,9999.000,9999.000,9999.000,9999.000,9999.000,9999.000,9999.000
202605120424,   2.516,   1.649,9999.000,9999.000,9999.000,9999.000,9999.000,9999.000,9999.000
202605120430,   2.608,   1.728,9999.000,9999.000,9999.000,9999.000,9999.000,9999.000,9999.000
202605120436,   2.698,   1.728,9999.000,9999.000,9999.000,9999.000,9999.000,9999.000,9999.000
202605120442,   2.788,   1.820,9999.000,9999.000,9999.000,9999.000,9999.000,9999.000,9999.000
202605120448,   2.877,   1.918,9999.000,9999.000,9999.000,9999.000,9999.000,9999.000,9999.000
202605120454,   2.964,   1.967,9999.000,9999.000,9999.000,9999.000,9999.000,9999.000,9999.000
202605120500,   3.050,   2.049,   0.000,  -1.001,   2.049,   0.000,   2.049,   0.000,   2.049
202605120506,   3.134,   2.118,9999.000,9999.000,9999.000,9999.000,9999.000,9999.000,9999.000
202605120512,   3.215,   2.168,9999.000,9999.000,9999.000,9999.000,9999.000,9999.000,9999.000
202605120518,   3.294,   2.240,9999.000,9999.000,9999.000,9999.000,9999.000,9999.000,9999.000
202605120524,   3.371,   2.430,9999.000,9999.000,9999.000,9999.000,9999.000,9999.000,9999.000
202605120530,   3.446,   2.519,9999.000,9999.000,9999.000,9999.000,9999.000,9999.000,9999.000
202605120536,   3.517,   2.509,9999.000,9999.000,9999.000,9999.000,9999.000,9999.000,9999.000
202605120542,   3.586,   2.630,9999.000,9999.000,9999.000,9999.000,9999.000,9999.000,9999.000
202605120548,   3.652,   2.699,9999.000,9999.000,9999.000,9999.000,9999.000,9999.000,9999.000
202605120554,   3.715,   2.787,9999.000,9999.000,9999.000,9999.000,9999.000,9999.000,9999.000
202605120600,   3.774,   2.889,   0.000,  -0.885,   2.889,   0.000,   2.889,   0.000,   2.889
202605120606,   3.831,   2.909,9999.000,9999.000,9999.000,9999.000,9999.000,9999.000,9999.000
202605120612,   3.884,   2.988,9999.000,9999.000,9999.000,9999.000,9999.000,9999.000,9999.000
202605120618,   3.934,   3.099,9999.000,9999.000,9999.000,9999.000,9999.000,9999.000,9999.000
202605120624,   3.981,   3.178,9999.000,9999.000,9999.000,9999.000,9999.000,9999.000,9999.000
202605120630,   4.025,   3.217,9999.000,9999.000,9999.000,9999.000,9999.000,9999.000,9999.000
202605120636,   4.065,   3.217,9999.000,9999.000,9999.000,9999.000,9999.000,9999.000,9999.000
202605120642,   4.102,   3.289,9999.000,9999.000,9999.000,9999.000,9999.000,9999.000,9999.000
202605120648,   4.135,   3.348,9999.000,9999.000,9999.000,9999.000,9999.000,9999.000,9999.000
202605120654,   4.165,   3.378,9999.000,9999.000,9999.000,9999.000,9999.000,9999.000,9999.000
202605120700,   4.192,   3.470,   0.000,  -0.722,   3.470,   0.000,   3.470,   0.000,   3.470
202605120706,   4.214,   3.499,9999.000,9999.000,9999.000,9999.000,9999.000,9999.000,9999.000
202605120712,   4.233,   3.509,9999.000,9999.000,9999.000,9999.000,9999.000,9999.000,9999.000
202605120718,   4.248,   3.617,9999.000,9999.000,9999.000,9999.000,9999.000,9999.000,9999.000
202605120724,   4.260,   3.680,9999.000,9999.000,9999.000,9999.000,9999.000,9999.000,9999.000
202605120730,   4.267,   3.670,9999.000,9999.000,9999.000,9999.000,9999.000,9999.000,9999.000
202605120736,   4.270,   3.670,9999.000,9999.000,9999.000,9999.000,9999.000,9999.000,9999.000
202605120742,   4.270,   3.689,9999.000,9999.000,9999.000,9999.000,9999.000,9999.000,9999.000
202605120748,   4.265,   3.758,9999.000,9999.000,9999.000,9999.000,9999.000,9999.000,9999.000
202605120754,   4.255,   3.778,9999.000,9999.000,9999.000,9999.000,9999.000,9999.000,9999.000
202605120800,   4.241,   3.709,   0.000,  -0.532,   3.709,   0.000,   3.709,   0.000,   3.709
202605120806,   4.223,   3.758,9999.000,9999.000,9999.000,9999.000,9999.000,9999.000,9999.000
202605120812,   4.200,   3.749,9999.000,9999.000,9999.000,9999.000,9999.000,9999.000,9999.000
202605120818,   4.173,   3.758,9999.000,9999.000,9999.000,9999.000,9999.000,9999.000,9999.000
202605120824,   4.141,   3.709,9999.000,9999.000,9999.000,9999.000,9999.000,9999.000,9999.000
202605120830,   4.104,   3.689,9999.000,9999.000,9999.000,9999.000,9999.000,9999.000,9999.000
202605120836,   4.062,   3.689,9999.000,9999.000,9999.000,9999.000,9999.000,9999.000,9999.000
202605120842,   4.016,   3.660,9999.000,9999.000,9999.000,9999.000,9999.000,9999.000,9999.000
202605120848,   3.965,   3.598,9999.000,9999.000,9999.000,9999.000,9999.000,9999.000,9999.000
202605120854,   3.910,   3.598,9999.000,9999.000,9999.000,9999.000,9999.000,9999.000,9999.000
202605120900,   3.850,   3.558,   0.000,  -0.292,   3.558,   0.000,   3.558,   0.000,   3.558
202605120906,   3.786,   3.460,9999.000,9999.000,9999.000,9999.000,9999.000,9999.000,9999.000
202605120912,   3.717,   3.480,9999.000,9999.000,9999.000,9999.000,9999.000,9999.000,9999.000
202605120918,   3.645,   3.329,9999.000,9999.000,9999.000,9999.000,9999.000,9999.000,9999.000
202605120924,   3.570,   3.279,9999.000,9999.000,9999.000,9999.000,9999.000,9999.000,9999.000
202605120930,   3.490,   3.217,9999.000,9999.000,9999.000,9999.000,9999.000,9999.000,9999.000
202605120936,   3.408,   3.217,9999.000,9999.000,9999.000,9999.000,9999.000,9999.000,9999.000
202605120942,   3.323,   3.119,9999.000,9999.000,9999.000,9999.000,9999.000,9999.000,9999.000
202605120948,   3.235,   3.109,9999.000,9999.000,9999.000,9999.000,9999.000,9999.000,9999.000
202605120954,   3.145,   3.060,9999.000,9999.000,9999.000,9999.000,9999.000,9999.000,9999.000
202605121000,   3.053,   2.978,   0.000,  -0.075,   2.978,   0.000,   2.978,   0.000,   2.978
202605121006,   2.960,   2.938,9999.000,9999.000,9999.000,9999.000,9999.000,9999.000,9999.000
202605121012,   2.866,   2.869,9999.000,9999.000,9999.000,9999.000,9999.000,9999.000,9999.000
202605121018,   2.770,   2.709,9999.000,9999.000,9999.000,9999.000,9999.000,9999.000,9999.000
202605121024,   2.675,   2.660,9999.000,9999.000,9999.000,9999.000,9999.000,9999.000,9999.000
202605121030,   2.579,   2.568,9999.000,9999.000,9999.000,9999.000,9999.000,9999.000,9999.000
202605121036,   2.483,   2.568,9999.000,9999.000,9999.000,9999.000,9999.000,9999.000,9999.000
202605121042,   2.388,   2.509,9999.000,9999.000,9999.000,9999.000,9999.000,9999.000,9999.000
202605121048,   2.294,   2.469,9999.000,9999.000,9999.000,9999.000,9999.000,9999.000,9999.000
202605121054,   2.200,   2.348,9999.000,9999.000,9999.000,9999.000,9999.000,9999.000,9999.000
202605121100,   2.108,   2.299,   0.000,   0.191,   2.299,   0.000,   2.299,   0.000,   2.299
202605121106,   2.017,   2.210,9999.000,9999.000,9999.000,9999.000,9999.000,9999.000,9999.000
202605121112,   1.928,   2.168,9999.000,9999.000,9999.000,9999.000,9999.000,9999.000,9999.000
202605121118,   1.840,   1.981,9999.000,9999.000,9999.000,9999.000,9999.000,9999.000,9999.000
202605121124,   1.754,   1.908,9999.000,9999.000,9999.000,9999.000,9999.000,9999.000,9999.000
202605121130,   1.670,   1.800,9999.000,9999.000,9999.000,9999.000,9999.000,9999.000,9999.000
202605121136,   1.588,   1.800,9999.000,9999.000,9999.000,9999.000,9999.000,9999.000,9999.000
202605121142,   1.508,   1.708,9999.000,9999.000,9999.000,9999.000,9999.000,9999.000,9999.000
202605121148,   1.430,   1.620,9999.000,9999.000,9999.000,9999.000,9999.000,9999.000,9999.000
202605121154,   1.354,   1.557,9999.000,9999.000,9999.000,9999.000,9999.000,9999.000,9999.000
202605121200,   1.280,   1.489,   0.000,   0.209,   1.489,   0.000,   1.489,   0.000,   1.489
202605121206,   1.209,   1.420,9999.000,9999.000,9999.000,9999.000,9999.000,9999.000,9999.000
202605121212,   1.139,   1.338,9999.000,9999.000,9999.000,9999.000,9999.000,9999.000,9999.000
202605121218,   1.072,   1.289,9999.000,9999.000,9999.000,9999.000,9999.000,9999.000,9999.000
202605121224,   1.008,   1.098,9999.000,9999.000,9999.000,9999.000,9999.000,9999.000,9999.000
202605121230,   0.945,   1.039,9999.000,9999.000,9999.000,9999.000,9999.000,9999.000,9999.000
202605121236,   0.886,   1.039,9999.000,9999.000,9999.000,9999.000,9999.000,9999.000,9999.000
202605121242,   0.829,   0.961,9999.000,9999.000,9999.000,9999.000,9999.000,9999.000,9999.000
202605121248,   0.774,   0.928,9999.000,9999.000,9999.000,9999.000,9999.000,9999.000,9999.000
202605121254,   0.723,   0.819,9999.000,9999.000,9999.000,9999.000,9999.000,9999.000,9999.000
202605121300,   0.675,   0.760,   0.000,   0.085,   0.760,   0.000,   0.760,   0.000,   0.760
202605121306,   0.630,   0.688,9999.000,9999.000,9999.000,9999.000,9999.000,9999.000,9999.000
202605121312,   0.588,   0.639,9999.000,9999.000,9999.000,9999.000,9999.000,9999.000,9999.000
202605121318,   0.551,   0.551,9999.000,9999.000,9999.000,9999.000,9999.000,9999.000,9999.000
202605121324,   0.517,   0.469,9999.000,9999.000,9999.000,9999.000,9999.000,9999.000,9999.000
202605121330,   0.487,   0.409,9999.000,9999.000,9999.000,9999.000,9999.000,9999.000,9999.000
202605121336,   0.462,   0.409,9999.000,9999.000,9999.000,9999.000,9999.000,9999.000,9999.000
202605121342,   0.441,   0.380,9999.000,9999.000,9999.000,9999.000,9999.000,9999.000,9999.000
202605121348,   0.425,   0.308,9999.000,9999.000,9999.000,9999.000,9999.000,9999.000,9999.000
202605121354,   0.415,   0.278,9999.000,9999.000,9999.000,9999.000,9999.000,9999.000,9999.000
202605121400,   0.409,   0.239,   0.000,  -0.170,   0.239,   0.000,   0.239,   0.000,   0.239
202605121406,   0.410,   0.190,9999.000,9999.000,9999.000,9999.000,9999.000,9999.000,9999.000
202605121412,   0.415,   0.150,9999.000,9999.000,9999.000,9999.000,9999.000,9999.000,9999.000
202605121418,   0.427,   0.141,9999.000,9999.000,9999.000,9999.000,9999.000,9999.000,9999.000
202605121424,   0.445,   0.098,9999.000,9999.000,9999.000,9999.000,9999.000,9999.000,9999.000
202605121430,   0.468,   0.078,9999.000,9999.000,9999.000,9999.000,9999.000,9999.000,9999.000
202605121436,   0.498,   0.068,9999.000,9999.000,9999.000,9999.000,9999.000,9999.000,9999.000
202605121442,   0.534,   0.068,9999.000,9999.000,9999.000,9999.000,9999.000,9999.000,9999.000
202605121448,   0.576,   0.019,9999.000,9999.000,9999.000,9999.000,9999.000,9999.000,9999.000
202605121454,   0.624,   0.049,9999.000,9999.000,9999.000,9999.000,9999.000,9999.000,9999.000
202605121500,   0.677,   0.098,   0.000,  -0.579,   0.098,   0.000,   0.098,   0.000,   0.098
202605121506,   0.737,   0.141,9999.000,9999.000,9999.000,9999.000,9999.000,9999.000,9999.000
202605121512,   0.802,   0.160,9999.000,9999.000,9999.000,9999.000,9999.000,9999.000,9999.000
202605121518,   0.873,   0.219,9999.000,9999.000,9999.000,9999.000,9999.000,9999.000,9999.000
202605121524,   0.948,   0.288,9999.000,9999.000,9999.000,9999.000,9999.000,9999.000,9999.000
202605121530,   1.029,   0.331,9999.000,9999.000,9999.000,9999.000,9999.000,9999.000,9999.000
202605121536,   1.114,   0.331,9999.000,9999.000,9999.000,9999.000,9999.000,9999.000,9999.000
202605121542,   1.204,   0.360,9999.000,9999.000,9999.000,9999.000,9999.000,9999.000,9999.000
202605121548,   1.297,   0.429,9999.000,9999.000,9999.000,9999.000,9999.000,9999.000,9999.000
202605121554,   1.394,   0.531,9999.000,9999.000,9999.000,9999.000,9999.000,9999.000,9999.000
202605121600,   1.494,   0.590,   0.000,  -0.904,   0.590,   0.000,   0.590,   0.000,   0.590
202605121606,   1.597,   0.649,9999.000,9999.000,9999.000,9999.000,9999.000,9999.000,9999.000
202605121612,   1.703,   0.718,9999.000,9999.000,9999.000,9999.000,9999.000,9999.000,9999.000
202605121618,   1.810,   0.780,9999.000,9999.000,9999.000,9999.000,9999.000,9999.000,9999.000
202605121624,   1.919,   0.951,9999.000,9999.000,9999.000,9999.000,9999.000,9999.000,9999.000
202605121630,   2.030,   1.059,9999.000,9999.000,9999.000,9999.000,9999.000,9999.000,9999.000
202605121636,   2.141,   1.059,9999.000,9999.000,9999.000,9999.000,9999.000,9999.000,9999.000
202605121642,   2.252,   1.151,9999.000,9999.000,9999.000,9999.000,9999.000,9999.000,9999.000
202605121648,   2.364,   1.220,9999.000,9999.000,9999.000,9999.000,9999.000,9999.000,9999.000
202605121654,   2.475,   1.318,9999.000,9999.000,9999.000,9999.000,9999.000,9999.000,9999.000
202605121700,   2.586,   1.400,   0.000,  -1.186,   1.400,   0.000,   1.400,   0.100,   1.500
202605121706,   2.695,   1.489,9999.000,9999.000,9999.000,9999.000,9999.000,9999.000,9999.000
202605121712,   2.804,   1.580,9999.000,9999.000,9999.000,9999.000,9999.000,9999.000,9999.000
202605121718,   2.910,   1.689,9999.000,9999.000,9999.000,9999.000,9999.000,9999.000,9999.000
202605121724,   3.015,   1.859,9999.000,9999.000,9999.000,9999.000,9999.000,9999.000,9999.000
202605121730,   3.118,   1.958,9999.000,9999.000,9999.000,9999.000,9999.000,9999.000,9999.000
202605121736,   3.218,   1.958,9999.000,9999.000,9999.000,9999.000,9999.000,9999.000,9999.000
202605121742,   3.316,   2.030,9999.000,9999.000,9999.000,9999.000,9999.000,9999.000,9999.000
202605121748,   3.411,   2.118,9999.000,9999.000,9999.000,9999.000,9999.000,9999.000,9999.000
202605121754,   3.503,   2.200,9999.000,9999.000,9999.000,9999.000,9999.000,9999.000,9999.000
202605121800,   3.592,   2.289,   0.000,  -1.303,   2.289,   0.000,   2.289,   0.100,   2.389
202605121806,   3.678,   2.400,9999.000,9999.000,9999.000,9999.000,9999.000,9999.000,9999.000
202605121812,   3.760,   2.499,9999.000,9999.000,9999.000,9999.000,9999.000,9999.000,9999.000
202605121818,   3.839,   2.587,9999.000,9999.000,9999.000,9999.000,9999.000,9999.000,9999.000
202605121824,   3.915,   2.797,9999.000,9999.000,9999.000,9999.000,9999.000,9999.000,9999.000
202605121830,   3.988,   2.860,9999.000,9999.000,9999.000,9999.000,9999.000,9999.000,9999.000
202605121836,   4.056,   2.860,9999.000,9999.000,9999.000,9999.000,9999.000,9999.000,9999.000
202605121842,   4.122,   2.938,9999.000,9999.000,9999.000,9999.000,9999.000,9999.000,9999.000
202605121848,   4.183,   3.017,9999.000,9999.000,9999.000,9999.000,9999.000,9999.000,9999.000
202605121854,   4.241,   3.138,9999.000,9999.000,9999.000,9999.000,9999.000,9999.000,9999.000
202605121900,   4.295,   3.178,   0.000,  -1.117,   3.178,   0.000,   3.178,   0.100,   3.278
202605121906,   4.346,   3.250,9999.000,9999.000,9999.000,9999.000,9999.000,9999.000,9999.000
202605121912,   4.393,   3.348,9999.000,9999.000,9999.000,9999.000,9999.000,9999.000,9999.000
202605121918,   4.436,   3.427,9999.000,9999.000,9999.000,9999.000,9999.000,9999.000,9999.000
202605121924,   4.475,   3.568,9999.000,9999.000,9999.000,9999.000,9999.000,9999.000,9999.000
202605121930,   4.510,   3.650,9999.000,9999.000,9999.000,9999.000,9999.000,9999.000,9999.000
202605121936,   4.542,   3.650,9999.000,9999.000,9999.000,9999.000,9999.000,9999.000,9999.000
202605121942,   4.569,   3.709,9999.000,9999.000,9999.000,9999.000,9999.000,9999.000,9999.000
202605121948,   4.592,   3.768,9999.000,9999.000,9999.000,9999.000,9999.000,9999.000,9999.000
202605121954,   4.611,   3.847,9999.000,9999.000,9999.000,9999.000,9999.000,9999.000,9999.000
202605122000,   4.626,   3.890,   0.000,  -0.736,   3.890,   0.000,   3.890,   0.100,   3.990
202605122006,   4.636,   3.949,9999.000,9999.000,9999.000,9999.000,9999.000,9999.000,9999.000
202605122012,   4.642,   3.949,9999.000,9999.000,9999.000,9999.000,9999.000,9999.000,9999.000
202605122018,   4.643,   4.027,9999.000,9999.000,9999.000,9999.000,9999.000,9999.000,9999.000
202605122024,   4.640,   4.057,9999.000,9999.000,9999.000,9999.000,9999.000,9999.000,9999.000
202605122030,   4.632,   4.119,9999.000,9999.000,9999.000,9999.000,9999.000,9999.000,9999.000
202605122036,   4.619,   4.109,9999.000,9999.000,9999.000,9999.000,9999.000,9999.000,9999.000
202605122042,   4.601,   4.119,9999.000,9999.000,9999.000,9999.000,9999.000,9999.000,9999.000
202605122048,   4.578,   4.149,9999.000,9999.000,9999.000,9999.000,9999.000,9999.000,9999.000
202605122054,   4.550,   4.149,9999.000,9999.000,9999.000,9999.000,9999.000,9999.000,9999.000
202605122100,   4.517,   4.119,   0.000,  -0.398,   4.119,   0.000,   4.119,   0.000,   4.119
202605122106,   4.479,   4.129,9999.000,9999.000,9999.000,9999.000,9999.000,9999.000,9999.000
202605122112,   4.436,   4.109,9999.000,9999.000,9999.000,9999.000,9999.000,9999.000,9999.000
202605122118,   4.388,   4.090,9999.000,9999.000,9999.000,9999.000,9999.000,9999.000,9999.000
202605122124,   4.335,   3.978,9999.000,9999.000,9999.000,9999.000,9999.000,9999.000,9999.000
202605122130,   4.278,   3.968,9999.000,9999.000,9999.000,9999.000,9999.000,9999.000,9999.000
202605122136,   4.216,   3.968,9999.000,9999.000,9999.000,9999.000,9999.000,9999.000,9999.000
202605122142,   4.149,   3.919,9999.000,9999.000,9999.000,9999.000,9999.000,9999.000,9999.000
202605122148,   4.079,   3.860,9999.000,9999.000,9999.000,9999.000,9999.000,9999.000,9999.000
202605122154,   4.004,   3.798,9999.000,9999.000,9999.000,9999.000,9999.000,9999.000,9999.000
202605122200,   3.926,   3.739,   0.000,  -0.187,   3.739,   0.000,   3.739,   0.000,   3.739
202605122206,   3.845,   3.680,9999.000,9999.000,9999.000,9999.000,9999.000,9999.000,9999.000
202605122212,   3.760,   3.617,9999.000,9999.000,9999.000,9999.000,9999.000,9999.000,9999.000
202605122218,   3.673,   3.558,9999.000,9999.000,9999.000,9999.000,9999.000,9999.000,9999.000
202605122224,   3.583,   3.417,9999.000,9999.000,9999.000,9999.000,9999.000,9999.000,9999.000
202605122230,   3.491,   3.329,9999.000,9999.000,9999.000,9999.000,9999.000,9999.000,9999.000
202605122236,   3.398,   3.329,9999.000,9999.000,9999.000,9999.000,9999.000,9999.000,9999.000
202605122242,   3.303,   3.289,9999.000,9999.000,9999.000,9999.000,9999.000,9999.000,9999.000
202605122248,   3.207,   3.188,9999.000,9999.000,9999.000,9999.000,9999.000,9999.000,9999.000
202605122254,   3.110,   3.148,9999.000,9999.000,9999.000,9999.000,9999.000,9999.000,9999.000
202605122300,   3.013,   3.099,   0.000,   0.086,   3.099,   0.000,   3.099,   0.100,   3.199
202605122306,   2.916,   2.997,9999.000,9999.000,9999.000,9999.000,9999.000,9999.000,9999.000
202605122312,   2.819,   2.938,9999.000,9999.000,9999.000,9999.000,9999.000,9999.000,9999.000
202605122318,   2.723,   2.889,9999.000,9999.000,9999.000,9999.000,9999.000,9999.000,9999.000
202605122324,   2.627,   2.738,9999.000,9999.000,9999.000,9999.000,9999.000,9999.000,9999.000
202605122330,   2.532,   2.669,9999.000,9999.000,9999.000,9999.000,9999.000,9999.000,9999.000
202605122336,   2.438,   2.669,9999.000,9999.000,9999.000,9999.000,9999.000,9999.000,9999.000
202605122342,   2.345,   2.597,9999.000,9999.000,9999.000,9999.000,9999.000,9999.000,9999.000
202605122348,   2.254,   2.499,9999.000,9999.000,9999.000,9999.000,9999.000,9999.000,9999.000
202605122354,   2.164,   2.410,9999.000,9999.000,9999.000,9999.000,9999.000,9999.000,9999.000
202605130000,   2.075,   2.338,   0.000,   0.263,   2.338,   0.000,   2.338,   0.000,   2.338
202605130006,   1.988,   2.240,9999.000,9999.000,9999.000,9999.000,9999.000,9999.000,9999.000
202605130012,   1.903,   2.191,9999.000,9999.000,9999.000,9999.000,9999.000,9999.000,9999.000
202605130018,   1.819,   2.118,9999.000,9999.000,9999.000,9999.000,9999.000,9999.000,9999.000
202605130024,   1.737,   1.981,9999.000,9999.000,9999.000,9999.000,9999.000,9999.000,9999.000
202605130030,   1.656,   1.899,9999.000,9999.000,9999.000,9999.000,9999.000,9999.000,9999.000
202605130036,   1.578,   1.899,9999.000,9999.000,9999.000,9999.000,9999.000,9999.000,9999.000
202605130042,   1.501,   1.820,9999.000,9999.000,9999.000,9999.000,9999.000,9999.000,9999.000
202605130048,   1.427,   1.738,9999.000,9999.000,9999.000,9999.000,9999.000,9999.000,9999.000
202605130054,   1.354,   1.639,9999.000,9999.000,9999.000,9999.000,9999.000,9999.000,9999.000
202605130100,   1.283,   1.548,   0.000,   0.265,   1.548,   0.000,   1.548,   0.000,   1.548
202605130106,   1.215,   1.479,9999.000,9999.000,9999.000,9999.000,9999.000,9999.000,9999.000
202605130112,   1.149,   1.410,9999.000,9999.000,9999.000,9999.000,9999.000,9999.000,9999.000
202605130118,   1.086,   1.328,9999.000,9999.000,9999.000,9999.000,9999.000,9999.000,9999.000
202605130124,   1.025,   1.151,9999.000,9999.000,9999.000,9999.000,9999.000,9999.000,9999.000
202605130130,   0.968,   1.069,9999.000,9999.000,9999.000,9999.000,9999.000,9999.000,9999.000
202605130136,   0.913,   1.069,9999.000,9999.000,9999.000,9999.000,9999.000,9999.000,9999.000
202605130142,   0.862,   1.029,9999.000,9999.000,9999.000,9999.000,9999.000,9999.000,9999.000
202605130148,   0.815,   0.970,9999.000,9999.000,9999.000,9999.000,9999.000,9999.000,9999.000
202605130154,   0.772,   0.869,9999.000,9999.000,9999.000,9999.000,9999.000,9999.000,9999.000
202605130200,   0.732,   0.800,   0.000,   0.068,   0.800,   0.000,   0.800,   0.000,   0.800
202605130206,   0.698,   0.741,9999.000,9999.000,9999.000,9999.000,9999.000,9999.000,9999.000
202605130212,   0.668,   0.669,9999.000,9999.000,9999.000,9999.000,9999.000,9999.000,9999.000
202605130218,   0.643,   0.590,9999.000,9999.000,9999.000,9999.000,9999.000,9999.000,9999.000
202605130224,   0.623,   0.478,9999.000,9999.000,9999.000,9999.000,9999.000,9999.000,9999.000
202605130230,   0.609,   0.449,9999.000,9999.000,9999.000,9999.000,9999.000,9999.000,9999.000
202605130236,   0.600,   0.449,9999.000,9999.000,9999.000,9999.000,9999.000,9999.000,9999.000
202605130242,   0.597,   0.390,9999.000,9999.000,9999.000,9999.000,9999.000,9999.000,9999.000
202605130248,   0.601,   0.321,9999.000,9999.000,9999.000,9999.000,9999.000,9999.000,9999.000
202605130254,   0.610,   0.268,9999.000,9999.000,9999.000,9999.000,9999.000,9999.000,9999.000
202605130300,   0.626,   0.259,   0.000,  -0.367,   0.259,  -0.100,   0.159,   0.000,   0.259
202605130306,   0.647,   0.229,9999.000,9999.000,9999.000,9999.000,9999.000,9999.000,9999.000
202605130312,   0.675,   0.209,9999.000,9999.000,9999.000,9999.000,9999.000,9999.000,9999.000
202605130318,   0.710,   0.219,9999.000,9999.000,9999.000,9999.000,9999.000,9999.000,9999.000
202605130324,   0.750,   0.170,9999.000,9999.000,9999.000,9999.000,9999.000,9999.000,9999.000
202605130330,   0.796,   0.160,9999.000,9999.000,9999.000,9999.000,9999.000,9999.000,9999.000
202605130336,   0.848,   0.160,9999.000,9999.000,9999.000,9999.000,9999.000,9999.000,9999.000
202605130342,   0.905,   0.209,9999.000,9999.000,9999.000,9999.000,9999.000,9999.000,9999.000
202605130348,   0.968,   0.229,9999.000,9999.000,9999.000,9999.000,9999.000,9999.000,9999.000
202605130354,   1.036,   0.268,9999.000,9999.000,9999.000,9999.000,9999.000,9999.000,9999.000
202605130400,   1.109,   0.341,  -0.100,  -0.668,   0.341,  -0.100,   0.341,   0.000,   0.441
202605130406,   1.187,   0.380,9999.000,9999.000,9999.000,9999.000,9999.000,9999.000,9999.000
202605130412,   1.268,   0.459,9999.000,9999.000,9999.000,9999.000,9999.000,9999.000,9999.000
202605130418,   1.353,   0.590,9999.000,9999.000,9999.000,9999.000,9999.000,9999.000,9999.000
202605130424,   1.442,   0.649,9999.000,9999.000,9999.000,9999.000,9999.000,9999.000,9999.000
202605130430,   1.534,   0.741,9999.000,9999.000,9999.000,9999.000,9999.000,9999.000,9999.000
202605130436,   1.629,   0.741,9999.000,9999.000,9999.000,9999.000,9999.000,9999.000,9999.000
202605130442,   1.725,   0.780,9999.000,9999.000,9999.000,9999.000,9999.000,9999.000,9999.000
202605130448,   1.824,   0.839,9999.000,9999.000,9999.000,9999.000,9999.000,9999.000,9999.000
202605130454,   1.924,   0.928,9999.000,9999.000,9999.000,9999.000,9999.000,9999.000,9999.000
202605130500,   2.026,   1.000,  -0.100,  -0.926,   1.000,  -0.200,   0.900,  -0.100,   1.000
202605130506,   2.128,   1.069,9999.000,9999.000,9999.000,9999.000,9999.000,9999.000,9999.000
202605130512,   2.230,   1.151,9999.000,9999.000,9999.000,9999.000,9999.000,9999.000,9999.000
202605130518,   2.332,   1.200,9999.000,9999.000,9999.000,9999.000,9999.000,9999.000,9999.000
202605130524,   2.434,   1.371,9999.000,9999.000,9999.000,9999.000,9999.000,9999.000,9999.000
202605130530,   2.536,   1.430,9999.000,9999.000,9999.000,9999.000,9999.000,9999.000,9999.000
202605130536,   2.636,   1.430,9999.000,9999.000,9999.000,9999.000,9999.000,9999.000,9999.000
202605130542,   2.735,   1.498,9999.000,9999.000,9999.000,9999.000,9999.000,9999.000,9999.000
202605130548,   2.832,   1.590,9999.000,9999.000,9999.000,9999.000,9999.000,9999.000,9999.000
202605130554,   2.928,   1.649,9999.000,9999.000,9999.000,9999.000,9999.000,9999.000,9999.000
202605130600,   3.022,   1.718,  -0.100,  -1.204,   1.718,  -0.200,   1.618,   0.000,   1.818
202605130606,   3.113,   1.810,9999.000,9999.000,9999.000,9999.000,9999.000,9999.000,9999.000
202605130612,   3.203,   1.889,9999.000,9999.000,9999.000,9999.000,9999.000,9999.000,9999.000
202605130618,   3.289,   1.981,9999.000,9999.000,9999.000,9999.000,9999.000,9999.000,9999.000
202605130624,   3.373,   2.138,9999.000,9999.000,9999.000,9999.000,9999.000,9999.000,9999.000
202605130630,   3.454,   2.250,9999.000,9999.000,9999.000,9999.000,9999.000,9999.000,9999.000
202605130636,   3.533,   2.250,9999.000,9999.000,9999.000,9999.000,9999.000,9999.000,9999.000
202605130642,   3.608,   2.299,9999.000,9999.000,9999.000,9999.000,9999.000,9999.000,9999.000
202605130648,   3.680,   2.377,9999.000,9999.000,9999.000,9999.000,9999.000,9999.000,9999.000
202605130654,   3.749,   2.469,9999.000,9999.000,9999.000,9999.000,9999.000,9999.000,9999.000
202605130700,   3.815,   2.538,  -0.100,  -1.177,   2.538,  -0.200,   2.438,   0.000,   2.638
202605130706,   3.878,   2.640,9999.000,9999.000,9999.000,9999.000,9999.000,9999.000,9999.000
202605130712,   3.937,   2.699,9999.000,9999.000,9999.000,9999.000,9999.000,9999.000,9999.000
202605130718,   3.993,   2.879,9999.000,9999.000,9999.000,9999.000,9999.000,9999.000,9999.000
202605130724,   4.046,   2.938,9999.000,9999.000,9999.000,9999.000,9999.000,9999.000,9999.000
202605130730,   4.095,   3.017,9999.000,9999.000,9999.000,9999.000,9999.000,9999.000,9999.000
202605130736,   4.141,   3.017,9999.000,9999.000,9999.000,9999.000,9999.000,9999.000,9999.000
202605130742,   4.183,   3.089,9999.000,9999.000,9999.000,9999.000,9999.000,9999.000,9999.000
202605130748,   4.221,   3.168,9999.000,9999.000,9999.000,9999.000,9999.000,9999.000,9999.000
202605130754,   4.256,   3.217,9999.000,9999.000,9999.000,9999.000,9999.000,9999.000,9999.000
202605130800,   4.287,   3.309,  -0.100,  -0.878,   3.309,  -0.100,   3.309,   0.000,   3.409
202605130806,   4.314,   3.378,9999.000,9999.000,9999.000,9999.000,9999.000,9999.000,9999.000
202605130812,   4.337,   3.427,9999.000,9999.000,9999.000,9999.000,9999.000,9999.000,9999.000
202605130818,   4.355,   3.558,9999.000,9999.000,9999.000,9999.000,9999.000,9999.000,9999.000
202605130824,   4.370,   3.607,9999.000,9999.000,9999.000,9999.000,9999.000,9999.000,9999.000
202605130830,   4.380,   3.670,9999.000,9999.000,9999.000,9999.000,9999.000,9999.000,9999.000
202605130836,   4.385,   3.670,9999.000,9999.000,9999.000,9999.000,9999.000,9999.000,9999.000
202605130842,   4.386,   3.719,9999.000,9999.000,9999.000,9999.000,9999.000,9999.000,9999.000
202605130848,   4.381,   3.768,9999.000,9999.000,9999.000,9999.000,9999.000,9999.000,9999.000
202605130854,   4.372,   3.817,9999.000,9999.000,9999.000,9999.000,9999.000,9999.000,9999.000
202605130900,   4.358,   3.860,   0.000,  -0.498,   3.860,  -0.100,   3.760,   0.000,   3.860
202605130906,   4.338,   3.870,9999.000,9999.000,9999.000,9999.000,9999.000,9999.000,9999.000
202605130912,   4.313,   3.909,9999.000,9999.000,9999.000,9999.000,9999.000,9999.000,9999.000
202605130918,   4.283,   3.899,9999.000,9999.000,9999.000,9999.000,9999.000,9999.000,9999.000
202605130924,   4.247,   3.880,9999.000,9999.000,9999.000,9999.000,9999.000,9999.000,9999.000
202605130930,   4.206,   3.860,9999.000,9999.000,9999.000,9999.000,9999.000,9999.000,9999.000
202605130936,   4.159,   3.860,9999.000,9999.000,9999.000,9999.000,9999.000,9999.000,9999.000
202605130942,   4.107,   3.860,9999.000,9999.000,9999.000,9999.000,9999.000,9999.000,9999.000
202605130948,   4.050,   3.788,9999.000,9999.000,9999.000,9999.000,9999.000,9999.000,9999.000
202605130954,   3.987,   3.729,9999.000,9999.000,9999.000,9999.000,9999.000,9999.000,9999.000
202605131000,   3.920,   3.650,   0.000,  -0.270,   3.650,  -0.100,   3.550,   0.000,   3.650
202605131006,   3.847,   3.588,9999.000,9999.000,9999.000,9999.000,9999.000,9999.000,9999.000
202605131012,   3.770,   3.548,9999.000,9999.000,9999.000,9999.000,9999.000,9999.000,9999.000
202605131018,   3.688,   3.499,9999.000,9999.000,9999.000,9999.000,9999.000,9999.000,9999.000
202605131024,   3.602,   3.358,9999.000,9999.000,9999.000,9999.000,9999.000,9999.000,9999.000
202605131030,   3.513,   3.289,9999.000,9999.000,9999.000,9999.000,9999.000,9999.000,9999.000
202605131036,   3.420,   3.289,9999.000,9999.000,9999.000,9999.000,9999.000,9999.000,9999.000
202605131042,   3.323,   3.217,9999.000,9999.000,9999.000,9999.000,9999.000,9999.000,9999.000
202605131048,   3.224,   3.178,9999.000,9999.000,9999.000,9999.000,9999.000,9999.000,9999.000
202605131054,   3.122,   3.089,9999.000,9999.000,9999.000,9999.000,9999.000,9999.000,9999.000
202605131100,   3.019,   3.017,   0.000,  -0.002,   3.017,  -0.100,   2.917,   0.000,   3.017
202605131106,   2.914,   2.958,9999.000,9999.000,9999.000,9999.000,9999.000,9999.000,9999.000
202605131112,   2.808,   2.860,9999.000,9999.000,9999.000,9999.000,9999.000,9999.000,9999.000
202605131118,   2.700,   2.709,9999.000,9999.000,9999.000,9999.000,9999.000,9999.000,9999.000
202605131124,   2.593,   2.640,9999.000,9999.000,9999.000,9999.000,9999.000,9999.000,9999.000
202605131130,   2.485,   2.558,9999.000,9999.000,9999.000,9999.000,9999.000,9999.000,9999.000
202605131136,   2.377,   2.548,9999.000,9999.000,9999.000,9999.000,9999.000,9999.000,9999.000
202605131142,   2.271,   2.469,9999.000,9999.000,9999.000,9999.000,9999.000,9999.000,9999.000
202605131148,   2.164,   2.377,9999.000,9999.000,9999.000,9999.000,9999.000,9999.000,9999.000
202605131154,   2.059,   2.299,9999.000,9999.000,9999.000,9999.000,9999.000,9999.000,9999.000
202605131200,   1.956,   2.240,   0.000,   0.284,   2.240,  -0.100,   2.140,   0.000,   2.240
202605131206,   1.854,   2.138,9999.000,9999.000,9999.000,9999.000,9999.000,9999.000,9999.000
202605131212,   1.753,   2.049,9999.000,9999.000,9999.000,9999.000,9999.000,9999.000,9999.000
202605131218,   1.654,   1.948,9999.000,9999.000,9999.000,9999.000,9999.000,9999.000,9999.000
202605131224,   1.558,   1.748,9999.000,9999.000,9999.000,9999.000,9999.000,9999.000,9999.000
202605131230,   1.463,   1.669,9999.000,9999.000,9999.000,9999.000,9999.000,9999.000,9999.000
202605131236,   1.371,   1.669,9999.000,9999.000,9999.000,9999.000,9999.000,9999.000,9999.000
202605131242,   1.281,   1.580,9999.000,9999.000,9999.000,9999.000,9999.000,9999.000,9999.000
202605131248,   1.194,   1.479,9999.000,9999.000,9999.000,9999.000,9999.000,9999.000,9999.000
202605131254,   1.109,   1.390,9999.000,9999.000,9999.000,9999.000,9999.000,9999.000,9999.000
202605131300,   1.027,   1.298,   0.000,   0.271,   1.298,  -0.100,   1.198,   0.000,   1.298
202605131306,   0.948,   1.210,9999.000,9999.000,9999.000,9999.000,9999.000,9999.000,9999.000
202605131312,   0.871,   1.118,9999.000,9999.000,9999.000,9999.000,9999.000,9999.000,9999.000
202605131318,   0.797,   0.941,9999.000,9999.000,9999.000,9999.000,9999.000,9999.000,9999.000
202605131324,   0.727,   0.849,9999.000,9999.000,9999.000,9999.000,9999.000,9999.000,9999.000
202605131330,   0.659,   0.760,9999.000,9999.000,9999.000,9999.000,9999.000,9999.000,9999.000
202605131336,   0.596,   0.760,9999.000,9999.000,9999.000,9999.000,9999.000,9999.000,9999.000
202605131342,   0.535,   0.698,9999.000,9999.000,9999.000,9999.000,9999.000,9999.000,9999.000
202605131348,   0.479,   0.610,9999.000,9999.000,9999.000,9999.000,9999.000,9999.000,9999.000
202605131354,   0.426,   0.518,9999.000,9999.000,9999.000,9999.000,9999.000,9999.000,9999.000
202605131400,   0.378,   0.439,   0.000,   0.061,   0.439,  -0.100,   0.339,   0.000,   0.439
202605131406,   0.334,   0.370,9999.000,9999.000,9999.000,9999.000,9999.000,9999.000,9999.000
202605131412,   0.294,   0.321,9999.000,9999.000,9999.000,9999.000,9999.000,9999.000,9999.000
202605131418,   0.260,   0.141,9999.000,9999.000,9999.000,9999.000,9999.000,9999.000,9999.000
202605131424,   0.231,   0.078,9999.000,9999.000,9999.000,9999.000,9999.000,9999.000,9999.000
202605131430,   0.207,   0.009,9999.000,9999.000,9999.000,9999.000,9999.000,9999.000,9999.000
202605131436,   0.189,   0.009,9999.000,9999.000,9999.000,9999.000,9999.000,9999.000,9999.000
202605131442,   0.177,  -0.068,9999.000,9999.000,9999.000,9999.000,9999.000,9999.000,9999.000
202605131448,   0.171,  -0.098,9999.000,9999.000,9999.000,9999.000,9999.000,9999.000,9999.000
202605131454,   0.172,  -0.141,9999.000,9999.000,9999.000,9999.000,9999.000,9999.000,9999.000
202605131500,   0.179,  -0.200,   0.000,  -0.379,  -0.200,  -0.100,  -0.300,   0.000,  -0.200
202605131506,   0.192,  -0.229,9999.000,9999.000,9999.000,9999.000,9999.000,9999.000,9999.000
202605131512,   0.212,  -0.249,9999.000,9999.000,9999.000,9999.000,9999.000,9999.000,9999.000
202605131518,   0.239,  -0.298,9999.000,9999.000,9999.000,9999.000,9999.000,9999.000,9999.000
202605131524,   0.273,  -0.321,9999.000,9999.000,9999.000,9999.000,9999.000,9999.000,9999.000
202605131530,   0.314,  -0.298,9999.000,9999.000,9999.000,9999.000,9999.000,9999.000,9999.000
202605131536,   0.361,  -0.298,9999.000,9999.000,9999.000,9999.000,9999.000,9999.000,9999.000
202605131542,   0.415,  -0.341,9999.000,9999.000,9999.000,9999.000,9999.000,9999.000,9999.000
202605131548,   0.476,  -0.350,9999.000,9999.000,9999.000,9999.000,9999.000,9999.000,9999.000
202605131554,   0.543,  -0.308,9999.000,9999.000,9999.000,9999.000,9999.000,9999.000,9999.000
202605131600,   0.617,  -0.278,   0.000,  -0.895,  -0.278,  -0.100,  -0.378,   0.000,  -0.278
202605131606,   0.696,  -0.278,9999.000,9999.000,9999.000,9999.000,9999.000,9999.000,9999.000
202605131612,   0.782,  -0.229,9999.000,9999.000,9999.000,9999.000,9999.000,9999.000,9999.000
202605131618,   0.872,  -0.088,9999.000,9999.000,9999.000,9999.000,9999.000,9999.000,9999.000
202605131624,   0.968,  -0.029,9999.000,9999.000,9999.000,9999.000,9999.000,9999.000,9999.000
202605131630,   1.069,   0.049,9999.000,9999.000,9999.000,9999.000,9999.000,9999.000,9999.000
202605131636,   1.174,   0.049,9999.000,9999.000,9999.000,9999.000,9999.000,9999.000,9999.000
202605131642,   1.283,   0.131,9999.000,9999.000,9999.000,9999.000,9999.000,9999.000,9999.000
202605131648,   1.396,   0.219,9999.000,9999.000,9999.000,9999.000,9999.000,9999.000,9999.000
202605131654,   1.511,   0.268,9999.000,9999.000,9999.000,9999.000,9999.000,9999.000,9999.000
202605131700,   1.630,   0.370,   0.000,  -1.260,   0.370,  -0.100,   0.270,   0.000,   0.370
202605131706,   1.751,   0.459,9999.000,9999.000,9999.000,9999.000,9999.000,9999.000,9999.000
202605131712,   1.874,   0.610,9999.000,9999.000,9999.000,9999.000,9999.000,9999.000,9999.000
202605131718,   1.998,   0.698,9999.000,9999.000,9999.000,9999.000,9999.000,9999.000,9999.000
202605131724,   2.123,   0.839,9999.000,9999.000,9999.000,9999.000,9999.000,9999.000,9999.000
202605131730,   2.249,   0.928,9999.000,9999.000,9999.000,9999.000,9999.000,9999.000,9999.000
202605131736,   2.374,   0.928,9999.000,9999.000,9999.000,9999.000,9999.000,9999.000,9999.000
202605131742,   2.500,   1.020,9999.000,9999.000,9999.000,9999.000,9999.000,9999.000,9999.000
202605131748,   2.625,   1.108,9999.000,9999.000,9999.000,9999.000,9999.000,9999.000,9999.000
202605131754,   2.749,   1.220,9999.000,9999.000,9999.000,9999.000,9999.000,9999.000,9999.000
202605131800,   2.872,   1.318,   0.000,  -1.554,   1.318,  -0.100,   1.218,   0.000,   1.318
202605131806,   2.994,   1.410,9999.000,9999.000,9999.000,9999.000,9999.000,9999.000,9999.000
202605131812,   3.113,   1.548,9999.000,9999.000,9999.000,9999.000,9999.000,9999.000,9999.000
202605131818,   3.230,   1.758,9999.000,9999.000,9999.000,9999.000,9999.000,9999.000,9999.000
202605131824,   3.345,   1.869,9999.000,9999.000,9999.000,9999.000,9999.000,9999.000,9999.000
202605131830,   3.457,   1.967,9999.000,9999.000,9999.000,9999.000,9999.000,9999.000,9999.000
202605131836,   3.567,   1.967,9999.000,9999.000,9999.000,9999.000,9999.000,9999.000,9999.000
202605131842,   3.673,   2.049,9999.000,9999.000,9999.000,9999.000,9999.000,9999.000,9999.000
202605131848,   3.776,   2.148,9999.000,9999.000,9999.000,9999.000,9999.000,9999.000,9999.000
202605131854,   3.876,   2.279,9999.000,9999.000,9999.000,9999.000,9999.000,9999.000,9999.000
202605131900,   3.973,   2.368,   0.000,  -1.605,   2.368,   0.000,   2.368,   0.000,   2.368
202605131906,   4.066,   2.469,9999.000,9999.000,9999.000,9999.000,9999.000,9999.000,9999.000
202605131912,   4.155,   2.587,9999.000,9999.000,9999.000,9999.000,9999.000,9999.000,9999.000
202605131918,   4.241,   2.787,9999.000,9999.000,9999.000,9999.000,9999.000,9999.000,9999.000
202605131924,   4.323,   2.899,9999.000,9999.000,9999.000,9999.000,9999.000,9999.000,9999.000
202605131930,   4.402,   2.997,9999.000,9999.000,9999.000,9999.000,9999.000,9999.000,9999.000
202605131936,   4.476,   2.997,9999.000,9999.000,9999.000,9999.000,9999.000,9999.000,9999.000
202605131942,   4.547,   3.089,9999.000,9999.000,9999.000,9999.000,9999.000,9999.000,9999.000
202605131948,   4.613,   3.188,9999.000,9999.000,9999.000,9999.000,9999.000,9999.000,9999.000
202605131954,   4.676,   3.299,9999.000,9999.000,9999.000,9999.000,9999.000,9999.000,9999.000
202605132000,   4.735,   3.378,   0.000,  -1.357,   3.378,   0.000,   3.378,   0.000,   3.378
202605132006,   4.789,   3.470,9999.000,9999.000,9999.000,9999.000,9999.000,9999.000,9999.000
202605132012,   4.839,   3.588,9999.000,9999.000,9999.000,9999.000,9999.000,9999.000,9999.000
202605132018,   4.885,   3.768,9999.000,9999.000,9999.000,9999.000,9999.000,9999.000,9999.000
202605132024,   4.927,   3.827,9999.000,9999.000,9999.000,9999.000,9999.000,9999.000,9999.000
202605132030,   4.964,   3.899,9999.000,9999.000,9999.000,9999.000,9999.000,9999.000,9999.000
202605132036,   4.996,   3.978,9999.000,9999.000,9999.000,9999.000,9999.000,9999.000,9999.000
202605132042,   5.024,   4.057,9999.000,9999.000,9999.000,9999.000,9999.000,9999.000,9999.000
202605132048,   5.046,   4.119,9999.000,9999.000,9999.000,9999.000,9999.000,9999.000,9999.000
202605132054,   5.064,   4.149,9999.000,9999.000,9999.000,9999.000,9999.000,9999.000,9999.000
202605132100,   5.077,   4.247,   0.000,  -0.830,   4.247,   0.000,   4.247,   0.000,   4.247
202605132106,   5.084,   4.290,9999.000,9999.000,9999.000,9999.000,9999.000,9999.000,9999.000
202605132112,   5.085,   4.329,9999.000,9999.000,9999.000,9999.000,9999.000,9999.000,9999.000
202605132118,   5.082,   4.368,9999.000,9999.000,9999.000,9999.000,9999.000,9999.000,9999.000
202605132124,   5.072,   4.408,9999.000,9999.000,9999.000,9999.000,9999.000,9999.000,9999.000
202605132130,   5.057,   4.427,9999.000,9999.000,9999.000,9999.000,9999.000,9999.000,9999.000
202605132136,   5.036,   4.427,9999.000,9999.000,9999.000,9999.000,9999.000,9999.000,9999.000
202605132142,   5.009,   4.437,9999.000,9999.000,9999.000,9999.000,9999.000,9999.000,9999.000
202605132148,   4.975,   4.437,9999.000,9999.000,9999.000,9999.000,9999.000,9999.000,9999.000
202605132154,   4.936,   4.427,9999.000,9999.000,9999.000,9999.000,9999.000,9999.000,9999.000
202605132200,   4.891,   4.408,   0.000,  -0.483,   4.408,   0.000,   4.408,   0.000,   4.408
202605132206,   4.840,   4.408,9999.000,9999.000,9999.000,9999.000,9999.000,9999.000,9999.000
202605132212,   4.783,   4.359,9999.000,9999.000,9999.000,9999.000,9999.000,9999.000,9999.000
202605132218,   4.721,   4.329,9999.000,9999.000,9999.000,9999.000,9999.000,9999.000,9999.000
202605132224,   4.652,   4.218,9999.000,9999.000,9999.000,9999.000,9999.000,9999.000,9999.000
202605132230,   4.579,   4.188,9999.000,9999.000,9999.000,9999.000,9999.000,9999.000,9999.000
202605132236,   4.500,   4.188,9999.000,9999.000,9999.000,9999.000,9999.000,9999.000,9999.000
202605132242,   4.416,   4.109,9999.000,9999.000,9999.000,9999.000,9999.000,9999.000,9999.000
202605132248,   4.327,   4.080,9999.000,9999.000,9999.000,9999.000,9999.000,9999.000,9999.000
202605132254,   4.234,   3.998,9999.000,9999.000,9999.000,9999.000,9999.000,9999.000,9999.000
202605132300,   4.137,   3.929,   0.000,  -0.208,   3.929,   0.000,   3.929,   0.000,   3.929
202605132306,   4.037,   3.847,9999.000,9999.000,9999.000,9999.000,9999.000,9999.000,9999.000
202605132312,   3.933,   3.758,9999.000,9999.000,9999.000,9999.000,9999.000,9999.000,9999.000
202605132318,   3.826,   3.670,9999.000,9999.000,9999.000,9999.000,9999.000,9999.000,9999.000
202605132324,   3.716,   3.548,9999.000,9999.000,9999.000,9999.000,9999.000,9999.000,9999.000
202605132330,   3.605,   3.499,9999.000,9999.000,9999.000,9999.000,9999.000,9999.000,9999.000
202605132336,   3.492,   3.499,9999.000,9999.000,9999.000,9999.000,9999.000,9999.000,9999.000
202605132342,   3.377,   3.427,9999.000,9999.000,9999.000,9999.000,9999.000,9999.000,9999.000
202605132348,   3.262,   3.368,9999.000,9999.000,9999.000,9999.000,9999.000,9999.000,9999.000
202605132354,   3.146,   3.299,9999.000,9999.000,9999.000,9999.000,9999.000,9999.000,9999.000
202605140000,   3.029,   3.217,   0.100,   0.088,   3.217,   0.000,   3.117,   0.100,   3.217
202605140006,   2.913,   3.148,9999.000,9999.000,9999.000,9999.000,9999.000,9999.000,9999.000
202605140012,   2.797,   3.040,9999.000,9999.000,9999.000,9999.000,9999.000,9999.000,9999.000
202605140018,   2.681,   2.860,9999.000,9999.000,9999.000,9999.000,9999.000,9999.000,9999.000
202605140024,   2.566,   2.768,9999.000,9999.000,9999.000,9999.000,9999.000,9999.000,9999.000
202605140030,   2.453,   2.679,9999.000,9999.000,9999.000,9999.000,9999.000,9999.000,9999.000
202605140036,   2.340,   2.679,9999.000,9999.000,9999.000,9999.000,9999.000,9999.000,9999.000
202605140042,   2.229,   2.620,9999.000,9999.000,9999.000,9999.000,9999.000,9999.000,9999.000
202605140048,   2.119,   2.548,9999.000,9999.000,9999.000,9999.000,9999.000,9999.000,9999.000
202605140054,   2.011,   2.469,9999.000,9999.000,9999.000,9999.000,9999.000,9999.000,9999.000
202605140100,   1.905,   2.377,   0.100,   0.372,   2.377,   0.000,   2.277,   0.100,   2.377
202605140106,   1.800,   2.289,9999.000,9999.000,9999.000,9999.000,9999.000,9999.000,9999.000
202605140112,   1.698,   2.210,9999.000,9999.000,9999.000,9999.000,9999.000,9999.000,9999.000
202605140118,   1.597,   2.109,9999.000,9999.000,9999.000,9999.000,9999.000,9999.000,9999.000
202605140124,   1.499,   1.928,9999.000,9999.000,9999.000,9999.000,9999.000,9999.000,9999.000
202605140130,   1.403,   1.849,9999.000,9999.000,9999.000,9999.000,9999.000,9999.000,9999.000
202605140136,   1.309,   1.849,9999.000,9999.000,9999.000,9999.000,9999.000,9999.000,9999.000
202605140142,   1.218,   1.728,9999.000,9999.000,9999.000,9999.000,9999.000,9999.000,9999.000
202605140148,   1.129,   1.659,9999.000,9999.000,9999.000,9999.000,9999.000,9999.000,9999.000
202605140154,   1.043,   1.557,9999.000,9999.000,9999.000,9999.000,9999.000,9999.000,9999.000
202605140200,   0.960,   1.479,   0.100,   0.419,   1.479,   0.100,   1.479,   0.100,   1.479
202605140206,   0.880,   1.430,9999.000,9999.000,9999.000,9999.000,9999.000,9999.000,9999.000
202605140212,   0.803,   1.308,9999.000,9999.000,9999.000,9999.000,9999.000,9999.000,9999.000
202605140218,   0.730,   1.249,9999.000,9999.000,9999.000,9999.000,9999.000,9999.000,9999.000
202605140224,   0.661,   1.059,9999.000,9999.000,9999.000,9999.000,9999.000,9999.000,9999.000
202605140230,   0.596,   0.980,9999.000,9999.000,9999.000,9999.000,9999.000,9999.000,9999.000
202605140236,   0.535,   0.980,9999.000,9999.000,9999.000,9999.000,9999.000,9999.000,9999.000
202605140242,   0.479,   0.898,9999.000,9999.000,9999.000,9999.000,9999.000,9999.000,9999.000
202605140248,   0.428,   0.800,9999.000,9999.000,9999.000,9999.000,9999.000,9999.000,9999.000
202605140254,   0.382,   0.718,9999.000,9999.000,9999.000,9999.000,9999.000,9999.000,9999.000
202605140300,   0.342,   0.659,   0.100,   0.217,   0.659,   0.100,   0.659,   0.200,   0.759
202605140306,   0.307,   0.590,9999.000,9999.000,9999.000,9999.000,9999.000,9999.000,9999.000
202605140312,   0.278,   0.518,9999.000,9999.000,9999.000,9999.000,9999.000,9999.000,9999.000
202605140318,   0.256,   0.488,9999.000,9999.000,9999.000,9999.000,9999.000,9999.000,9999.000
202605140324,   0.240,   0.370,9999.000,9999.000,9999.000,9999.000,9999.000,9999.000,9999.000
202605140330,   0.230,   0.341,9999.000,9999.000,9999.000,9999.000,9999.000,9999.000,9999.000
202605140336,   0.228,   0.341,9999.000,9999.000,9999.000,9999.000,9999.000,9999.000,9999.000
202605140342,   0.232,   0.278,9999.000,9999.000,9999.000,9999.000,9999.000,9999.000,9999.000
202605140348,   0.243,   0.239,9999.000,9999.000,9999.000,9999.000,9999.000,9999.000,9999.000
202605140354,   0.262,   0.219,9999.000,9999.000,9999.000,9999.000,9999.000,9999.000,9999.000
202605140400,   0.287,   0.219,   0.100,  -0.168,   0.219,   0.100,   0.219,   0.200,   0.319
202605140406,   0.319,   0.190,9999.000,9999.000,9999.000,9999.000,9999.000,9999.000,9999.000
202605140412,   0.358,   0.180,9999.000,9999.000,9999.000,9999.000,9999.000,9999.000,9999.000
202605140418,   0.404,   0.180,9999.000,9999.000,9999.000,9999.000,9999.000,9999.000,9999.000
202605140424,   0.456,   0.200,9999.000,9999.000,9999.000,9999.000,9999.000,9999.000,9999.000
202605140430,   0.514,   0.229,9999.000,9999.000,9999.000,9999.000,9999.000,9999.000,9999.000
202605140436,   0.579,   0.229,9999.000,9999.000,9999.000,9999.000,9999.000,9999.000,9999.000
202605140442,   0.649,   0.278,9999.000,9999.000,9999.000,9999.000,9999.000,9999.000,9999.000
202605140448,   0.725,   0.321,9999.000,9999.000,9999.000,9999.000,9999.000,9999.000,9999.000
202605140454,   0.806,   0.390,9999.000,9999.000,9999.000,9999.000,9999.000,9999.000,9999.000
202605140500,   0.892,   0.469,   0.100,  -0.523,   0.469,   0.100,   0.469,   0.200,   0.569
202605140506,   0.982,   0.518,9999.000,9999.000,9999.000,9999.000,9999.000,9999.000,9999.000
202605140512,   1.076,   0.580,9999.000,9999.000,9999.000,9999.000,9999.000,9999.000,9999.000
202605140518,   1.174,   0.659,9999.000,9999.000,9999.000,9999.000,9999.000,9999.000,9999.000
202605140524,   1.275,   0.800,9999.000,9999.000,9999.000,9999.000,9999.000,9999.000,9999.000
202605140530,   1.379,   0.879,9999.000,9999.000,9999.000,9999.000,9999.000,9999.000,9999.000
202605140536,   1.485,   0.879,9999.000,9999.000,9999.000,9999.000,9999.000,9999.000,9999.000
202605140542,   1.594,   0.970,9999.000,9999.000,9999.000,9999.000,9999.000,9999.000,9999.000
202605140548,   1.704,   1.039,9999.000,9999.000,9999.000,9999.000,9999.000,9999.000,9999.000
202605140554,   1.815,   1.138,9999.000,9999.000,9999.000,9999.000,9999.000,9999.000,9999.000
202605140600,   1.927,   1.210,   0.200,  -0.917,   1.210,   0.100,   1.110,   0.200,   1.210
202605140606,   2.039,   1.259,9999.000,9999.000,9999.000,9999.000,9999.000,9999.000,9999.000
202605140612,   2.151,   1.348,9999.000,9999.000,9999.000,9999.000,9999.000,9999.000,9999.000
202605140618,   2.263,   1.459,9999.000,9999.000,9999.000,9999.000,9999.000,9999.000,9999.000
202605140624,   2.375,   1.630,9999.000,9999.000,9999.000,9999.000,9999.000,9999.000,9999.000
202605140630,   2.486,   1.738,9999.000,9999.000,9999.000,9999.000,9999.000,9999.000,9999.000
202605140636,   2.595,   1.738,9999.000,9999.000,9999.000,9999.000,9999.000,9999.000,9999.000
202605140642,   2.703,   1.830,9999.000,9999.000,9999.000,9999.000,9999.000,9999.000,9999.000
202605140648,   2.810,   1.928,9999.000,9999.000,9999.000,9999.000,9999.000,9999.000,9999.000
202605140654,   2.915,   2.010,9999.000,9999.000,9999.000,9999.000,9999.000,9999.000,9999.000
202605140700,   3.017,   2.109,   0.200,  -1.108,   2.109,   0.100,   2.009,   0.200,   2.109
202605140706,   3.117,   2.200,9999.000,9999.000,9999.000,9999.000,9999.000,9999.000,9999.000
202605140712,   3.215,   2.309,9999.000,9999.000,9999.000,9999.000,9999.000,9999.000,9999.000
202605140718,   3.311,   2.377,9999.000,9999.000,9999.000,9999.000,9999.000,9999.000,9999.000
202605140724,   3.403,   2.578,9999.000,9999.000,9999.000,9999.000,9999.000,9999.000,9999.000
202605140730,   3.493,   2.669,9999.000,9999.000,9999.000,9999.000,9999.000,9999.000,9999.000
202605140736,   3.580,   2.669,9999.000,9999.000,9999.000,9999.000,9999.000,9999.000,9999.000
202605140742,   3.664,   2.778,9999.000,9999.000,9999.000,9999.000,9999.000,9999.000,9999.000
202605140748,   3.745,   2.899,9999.000,9999.000,9999.000,9999.000,9999.000,9999.000,9999.000
202605140754,   3.822,   2.988,9999.000,9999.000,9999.000,9999.000,9999.000,9999.000,9999.000
202605140800,   3.897,   3.089,   0.200,  -1.008,   3.089,   0.100,   2.989,   0.300,   3.189
202605140806,   3.968,   3.168,9999.000,9999.000,9999.000,9999.000,9999.000,9999.000,9999.000
202605140812,   4.035,   3.270,9999.000,9999.000,9999.000,9999.000,9999.000,9999.000,9999.000
202605140818,   4.099,   3.460,9999.000,9999.000,9999.000,9999.000,9999.000,9999.000,9999.000
202605140824,   4.159,   3.539,9999.000,9999.000,9999.000,9999.000,9999.000,9999.000,9999.000
202605140830,   4.216,   3.627,9999.000,9999.000,9999.000,9999.000,9999.000,9999.000,9999.000
202605140836,   4.268,   3.627,9999.000,9999.000,9999.000,9999.000,9999.000,9999.000,9999.000
202605140842,   4.317,   3.670,9999.000,9999.000,9999.000,9999.000,9999.000,9999.000,9999.000
202605140848,   4.361,   3.729,9999.000,9999.000,9999.000,9999.000,9999.000,9999.000,9999.000
202605140854,   4.401,   3.870,9999.000,9999.000,9999.000,9999.000,9999.000,9999.000,9999.000
202605140900,   4.436,   3.890,   0.200,  -0.746,   3.890,   0.200,   3.890,   0.300,   3.990
202605140906,   4.467,   4.027,9999.000,9999.000,9999.000,9999.000,9999.000,9999.000,9999.000
202605140912,   4.493,   4.047,9999.000,9999.000,9999.000,9999.000,9999.000,9999.000,9999.000
202605140918,   4.514,   4.208,9999.000,9999.000,9999.000,9999.000,9999.000,9999.000,9999.000
202605140924,   4.529,   4.257,9999.000,9999.000,9999.000,9999.000,9999.000,9999.000,9999.000
202605140930,   4.539,   4.329,9999.000,9999.000,9999.000,9999.000,9999.000,9999.000,9999.000
202605140936,   4.544,   4.329,9999.000,9999.000,9999.000,9999.000,9999.000,9999.000,9999.000
202605140942,   4.542,   4.378,9999.000,9999.000,9999.000,9999.000,9999.000,9999.000,9999.000
202605140948,   4.535,   4.437,9999.000,9999.000,9999.000,9999.000,9999.000,9999.000,9999.000
202605140954,   4.522,   4.447,9999.000,9999.000,9999.000,9999.000,9999.000,9999.000,9999.000
202605141000,   4.503,   4.457,   0.300,  -0.346,   4.457,   0.200,   4.357,   0.300,   4.457
202605141006,   4.477,   4.529,9999.000,9999.000,9999.000,9999.000,9999.000,9999.000,9999.000
202605141012,   4.445,   4.490,9999.000,9999.000,9999.000,9999.000,9999.000,9999.000,9999.000
202605141018,   4.407,   4.480,9999.000,9999.000,9999.000,9999.000,9999.000,9999.000,9999.000
202605141024,   4.362,   4.408,9999.000,9999.000,9999.000,9999.000,9999.000,9999.000,9999.000
202605141030,   4.311,   4.359,9999.000,9999.000,9999.000,9999.000,9999.000,9999.000,9999.000
202605141036,   4.253,   4.359,9999.000,9999.000,9999.000,9999.000,9999.000,9999.000,9999.000
202605141042,   4.190,   4.319,9999.000,9999.000,9999.000,9999.000,9999.000,9999.000,9999.000
202605141048,   4.120,   4.257,9999.000,9999.000,9999.000,9999.000,9999.000,9999.000,9999.000
202605141054,   4.045,   4.227,9999.000,9999.000,9999.000,9999.000,9999.000,9999.000,9999.000
202605141100,   3.964,   4.159,   0.300,  -0.105,   4.159,   0.200,   4.059,   0.300,   4.159
202605141106,   3.878,   4.090,9999.000,9999.000,9999.000,9999.000,9999.000,9999.000,9999.000
202605141112,   3.786,   4.027,9999.000,9999.000,9999.000,9999.000,9999.000,9999.000,9999.000
202605141118,   3.690,   3.880,9999.000,9999.000,9999.000,9999.000,9999.000,9999.000,9999.000
202605141124,   3.590,   3.788,9999.000,9999.000,9999.000,9999.000,9999.000,9999.000,9999.000
202605141130,   3.486,   3.739,9999.000,9999.000,9999.000,9999.000,9999.000,9999.000,9999.000
202605141136,   3.378,   3.739,9999.000,9999.000,9999.000,9999.000,9999.000,9999.000,9999.000
202605141142,   3.267,   3.637,9999.000,9999.000,9999.000,9999.000,9999.000,9999.000,9999.000
202605141148,   3.153,   3.598,9999.000,9999.000,9999.000,9999.000,9999.000,9999.000,9999.000
202605141154,   3.038,   3.470,9999.000,9999.000,9999.000,9999.000,9999.000,9999.000,9999.000
202605141200,   2.920,   3.398,   0.300,   0.178,   3.398,   0.300,   3.398,   0.300,   3.398
202605141206,   2.802,   3.299,9999.000,9999.000,9999.000,9999.000,9999.000,9999.000,9999.000
202605141212,   2.682,   3.188,9999.000,9999.000,9999.000,9999.000,9999.000,9999.000,9999.000
202605141218,   2.562,   3.050,9999.000,9999.000,9999.000,9999.000,9999.000,9999.000,9999.000
202605141224,   2.442,   2.978,9999.000,9999.000,9999.000,9999.000,9999.000,9999.000,9999.000
202605141230,   2.322,   2.909,9999.000,9999.000,9999.000,9999.000,9999.000,9999.000,9999.000
202605141236,   2.203,   2.909,9999.000,9999.000,9999.000,9999.000,9999.000,9999.000,9999.000
202605141242,   2.085,   2.797,9999.000,9999.000,9999.000,9999.000,9999.000,9999.000,9999.000
202605141248,   1.968,   2.669,9999.000,9999.000,9999.000,9999.000,9999.000,9999.000,9999.000
202605141254,   1.852,   2.597,9999.000,9999.000,9999.000,9999.000,9999.000,9999.000,9999.000
202605141300,   1.739,   2.459,   0.300,   0.420,   2.459,   0.300,   2.459,   0.400,   2.559
202605141306,   1.627,   2.328,9999.000,9999.000,9999.000,9999.000,9999.000,9999.000,9999.000
202605141312,   1.518,   2.250,9999.000,9999.000,9999.000,9999.000,9999.000,9999.000,9999.000
202605141318,   1.411,   2.118,9999.000,9999.000,9999.000,9999.000,9999.000,9999.000,9999.000
202605141324,   1.306,   1.918,9999.000,9999.000,9999.000,9999.000,9999.000,9999.000,9999.000
202605141330,   1.204,   1.820,9999.000,9999.000,9999.000,9999.000,9999.000,9999.000,9999.000
202605141336,   1.105,   1.820,9999.000,9999.000,9999.000,9999.000,9999.000,9999.000,9999.000
202605141342,   1.009,   1.728,9999.000,9999.000,9999.000,9999.000,9999.000,9999.000,9999.000
202605141348,   0.916,   1.610,9999.000,9999.000,9999.000,9999.000,9999.000,9999.000,9999.000
202605141354,   0.826,   1.449,9999.000,9999.000,9999.000,9999.000,9999.000,9999.000,9999.000
202605141400,   0.740,   1.371,   0.400,   0.231,   1.371,   0.300,   1.271,   0.400,   1.371
202605141406,   0.657,   1.308,9999.000,9999.000,9999.000,9999.000,9999.000,9999.000,9999.000
202605141412,   0.577,   1.210,9999.000,9999.000,9999.000,9999.000,9999.000,9999.000,9999.000
202605141418,   0.502,   1.098,9999.000,9999.000,9999.000,9999.000,9999.000,9999.000,9999.000
202605141424,   0.430,   0.888,9999.000,9999.000,9999.000,9999.000,9999.000,9999.000,9999.000
202605141430,   0.363,   0.810,9999.000,9999.000,9999.000,9999.000,9999.000,9999.000,9999.000
202605141436,   0.300,   0.810,9999.000,9999.000,9999.000,9999.000,9999.000,9999.000,9999.000
202605141442,   0.242,   0.678,9999.000,9999.000,9999.000,9999.000,9999.000,9999.000,9999.000
202605141448,   0.188,   0.590,9999.000,9999.000,9999.000,9999.000,9999.000,9999.000,9999.000
202605141454,   0.140,   0.518,9999.000,9999.000,9999.000,9999.000,9999.000,9999.000,9999.000
202605141500,   0.097,   0.370,   0.400,  -0.127,   0.370,   0.400,   0.370,   0.400,   0.370
202605141506,   0.059,   0.308,9999.000,9999.000,9999.000,9999.000,9999.000,9999.000,9999.000
202605141512,   0.028,   0.219,9999.000,9999.000,9999.000,9999.000,9999.000,9999.000,9999.000
202605141518,   0.002,   0.141,9999.000,9999.000,9999.000,9999.000,9999.000,9999.000,9999.000
202605141524,  -0.016,   0.121,9999.000,9999.000,9999.000,9999.000,9999.000,9999.000,9999.000
202605141530,  -0.029,   0.049,9999.000,9999.000,9999.000,9999.000,9999.000,9999.000,9999.000
202605141536,  -0.035,   0.049,9999.000,9999.000,9999.000,9999.000,9999.000,9999.000,9999.000
202605141542,  -0.034,   0.029,9999.000,9999.000,9999.000,9999.000,9999.000,9999.000,9999.000
202605141548,  -0.026,  -0.068,9999.000,9999.000,9999.000,9999.000,9999.000,9999.000,9999.000
202605141554,  -0.011,  -0.131,9999.000,9999.000,9999.000,9999.000,9999.000,9999.000,9999.000
202605141600,   0.010,  -0.131,   0.400,  -0.541,  -0.131,   0.400,  -0.131,   0.400,  -0.131
202605141606,   0.040,  -0.160,9999.000,9999.000,9999.000,9999.000,9999.000,9999.000,9999.000
202605141612,   0.077,  -0.200,9999.000,9999.000,9999.000,9999.000,9999.000,9999.000,9999.000
202605141618,   0.121,  -0.200,9999.000,9999.000,9999.000,9999.000,9999.000,9999.000,9999.000
202605141624,   0.173,  -0.190,9999.000,9999.000,9999.000,9999.000,9999.000,9999.000,9999.000
202605141630,   0.232,  -0.150,9999.000,9999.000,9999.000,9999.000,9999.000,9999.000,9999.000
202605141636,   0.298,  -0.150,9999.000,9999.000,9999.000,9999.000,9999.000,9999.000,9999.000
202605141642,   0.371,  -0.160,9999.000,9999.000,9999.000,9999.000,9999.000,9999.000,9999.000
202605141648,   0.451,  -0.121,9999.000,9999.000,9999.000,9999.000,9999.000,9999.000,9999.000
202605141654,   0.537,  -0.029,9999.000,9999.000,9999.000,9999.000,9999.000,9999.000,9999.000
202605141700,   0.629,   0.009,   0.400,  -1.020,   0.009,   0.400,   0.009,   0.500,   0.109
202605141706,   0.727,   0.049,9999.000,9999.000,9999.000,9999.000,9999.000,9999.000,9999.000
202605141712,   0.831,   0.121,9999.000,9999.000,9999.000,9999.000,9999.000,9999.000,9999.000
202605141718,   0.940,   0.209,9999.000,9999.000,9999.000,9999.000,9999.000,9999.000,9999.000
202605141724,   1.054,   0.390,9999.000,9999.000,9999.000,9999.000,9999.000,9999.000,9999.000
202605141730,   1.173,   0.508,9999.000,9999.000,9999.000,9999.000,9999.000,9999.000,9999.000
202605141736,   1.295,   0.508,9999.000,9999.000,9999.000,9999.000,9999.000,9999.000,9999.000
202605141742,   1.421,   0.659,9999.000,9999.000,9999.000,9999.000,9999.000,9999.000,9999.000
202605141748,   1.550,   0.688,9999.000,9999.000,9999.000,9999.000,9999.000,9999.000,9999.000
202605141754,   1.682,   0.741,9999.000,9999.000,9999.000,9999.000,9999.000,9999.000,9999.000
202605141800,   1.816,   0.918,   0.500,  -1.057,   1.259,   0.500,   1.259,   0.600,   1.359
202605141806,   1.951,   1.029,9999.000,9999.000,9999.000,9999.000,9999.000,9999.000,9999.000
202605141812,   2.088,   1.128,9999.000,9999.000,9999.000,9999.000,9999.000,9999.000,9999.000
202605141818,   2.227,   1.371,9999.000,9999.000,9999.000,9999.000,9999.000,9999.000,9999.000
202605141824,   2.365,   1.469,9999.000,9999.000,9999.000,9999.000,9999.000,9999.000,9999.000
202605141830,   2.504,   1.557,9999.000,9999.000,9999.000,9999.000,9999.000,9999.000,9999.000
202605141836,   2.642,   1.557,9999.000,9999.000,9999.000,9999.000,9999.000,9999.000,9999.000
202605141842,   2.780,   1.699,9999.000,9999.000,9999.000,9999.000,9999.000,9999.000,9999.000
202605141848,   2.917,   1.800,9999.000,9999.000,9999.000,9999.000,9999.000,9999.000,9999.000
202605141854,   3.052,   1.948,9999.000,9999.000,9999.000,9999.000,9999.000,9999.000,9999.000
202605141900,   3.186,   2.089,   0.500,  -1.268,   2.418,   0.500,   2.418,   0.600,   2.518
202605141906,   3.318,   2.177,9999.000,9999.000,9999.000,9999.000,9999.000,9999.000,9999.000
202605141912,   3.447,   2.289,9999.000,9999.000,9999.000,9999.000,9999.000,9999.000,9999.000
202605141918,   3.575,   2.410,9999.000,9999.000,9999.000,9999.000,9999.000,9999.000,9999.000
202605141924,   3.699,   2.679,9999.000,9999.000,9999.000,9999.000,9999.000,9999.000,9999.000
202605141930,   3.821,   2.807,9999.000,9999.000,9999.000,9999.000,9999.000,9999.000,9999.000
202605141936,   3.939,   2.807,9999.000,9999.000,9999.000,9999.000,9999.000,9999.000,9999.000
202605141942,   4.054,   2.948,9999.000,9999.000,9999.000,9999.000,9999.000,9999.000,9999.000
202605141948,   4.166,   3.079,9999.000,9999.000,9999.000,9999.000,9999.000,9999.000,9999.000
202605141954,   4.274,   3.178,9999.000,9999.000,9999.000,9999.000,9999.000,9999.000,9999.000
202605142000,   4.378,   3.319,   0.600,  -1.316,   3.662,   0.500,   3.562,   0.600,   3.662
202605142006,   4.479,   3.398,9999.000,9999.000,9999.000,9999.000,9999.000,9999.000,9999.000
202605142012,   4.576,   3.519,9999.000,9999.000,9999.000,9999.000,9999.000,9999.000,9999.000
202605142018,   4.669,   3.598,9999.000,9999.000,9999.000,9999.000,9999.000,9999.000,9999.000
202605142024,   4.757,   3.847,9999.000,9999.000,9999.000,9999.000,9999.000,9999.000,9999.000
202605142030,   4.842,   3.968,9999.000,9999.000,9999.000,9999.000,9999.000,9999.000,9999.000
202605142036,   4.922,   3.968,9999.000,9999.000,9999.000,9999.000,9999.000,9999.000,9999.000
202605142042,   4.997,   4.070,9999.000,9999.000,9999.000,9999.000,9999.000,9999.000,9999.000
202605142048,   5.068,   4.188,9999.000,9999.000,9999.000,9999.000,9999.000,9999.000,9999.000
202605142054,   5.134,   4.267,9999.000,9999.000,9999.000,9999.000,9999.000,9999.000,9999.000
202605142100,   5.196,   4.339,   0.600,  -1.211,   4.585,   0.500,   4.485,   0.600,   4.585
202605142106,   5.252,   4.447,9999.000,9999.000,9999.000,9999.000,9999.000,9999.000,9999.000
202605142112,   5.304,   4.559,9999.000,9999.000,9999.000,9999.000,9999.000,9999.000,9999.000
202605142118,   5.350,   4.759,9999.000,9999.000,9999.000,9999.000,9999.000,9999.000,9999.000
202605142124,   5.391,   4.837,9999.000,9999.000,9999.000,9999.000,9999.000,9999.000,9999.000
202605142130,   5.426,   4.929,9999.000,9999.000,9999.000,9999.000,9999.000,9999.000,9999.000
202605142136,   5.455,   4.929,9999.000,9999.000,9999.000,9999.000,9999.000,9999.000,9999.000
202605142142,   5.479,   5.008,9999.000,9999.000,9999.000,9999.000,9999.000,9999.000,9999.000
202605142148,   5.497,   5.077,9999.000,9999.000,9999.000,9999.000,9999.000,9999.000,9999.000
202605142154,   5.508,   5.149,9999.000,9999.000,9999.000,9999.000,9999.000,9999.000,9999.000
202605142200,   5.513,   5.198,   0.600,  -0.930,   5.183,   0.600,   5.183,   0.600,   5.183
202605142206,   5.512,   5.257,9999.000,9999.000,9999.000,9999.000,9999.000,9999.000,9999.000
202605142212,   5.504,   5.297,9999.000,9999.000,9999.000,9999.000,9999.000,9999.000,9999.000
202605142218,   5.489,   5.320,9999.000,9999.000,9999.000,9999.000,9999.000,9999.000,9999.000
202605142224,   5.467,   5.329,9999.000,9999.000,9999.000,9999.000,9999.000,9999.000,9999.000
202605142230,   5.439,   5.369,9999.000,9999.000,9999.000,9999.000,9999.000,9999.000,9999.000
202605142236,   5.403,   5.369,9999.000,9999.000,9999.000,9999.000,9999.000,9999.000,9999.000
202605142242,   5.361,   5.329,9999.000,9999.000,9999.000,9999.000,9999.000,9999.000,9999.000
202605142248,   5.312,   5.339,9999.000,9999.000,9999.000,9999.000,9999.000,9999.000,9999.000
202605142254,   5.255,   5.267,9999.000,9999.000,9999.000,9999.000,9999.000,9999.000,9999.000
202605142300,   5.193,   5.238,   0.600,  -0.518,   5.275,   0.600,   5.275,   0.600,   5.275
202605142306,   5.123,   5.208,9999.000,9999.000,9999.000,9999.000,9999.000,9999.000,9999.000
202605142312,   5.047,   5.149,9999.000,9999.000,9999.000,9999.000,9999.000,9999.000,9999.000
202605142318,   4.965,   5.097,9999.000,9999.000,9999.000,9999.000,9999.000,9999.000,9999.000
202605142324,   4.876,   4.959,9999.000,9999.000,9999.000,9999.000,9999.000,9999.000,9999.000
202605142330,   4.782,   4.887,9999.000,9999.000,9999.000,9999.000,9999.000,9999.000,9999.000
202605142336,   4.683,   4.778,9999.000,9999.000,9999.000,9999.000,9999.000,9999.000,9999.000
202605142342,   4.578,   4.710,9999.000,9999.000,9999.000,9999.000,9999.000,9999.000,9999.000
202605142348,   4.469,   4.628,9999.000,9999.000,9999.000,9999.000,9999.000,9999.000,9999.000
202605142354,   4.355,   4.569,9999.000,9999.000,9999.000,9999.000,9999.000,9999.000,9999.000
202605150000,   4.237,   4.569,   0.600,  -0.094,   4.743,   0.600,   4.743,   0.700,   4.843
202605150006,   4.116,9999.000,9999.000,9999.000,9999.000,9999.000,9999.000,9999.000,9999.000
202605150012,   3.992,9999.000,9999.000,9999.000,9999.000,9999.000,9999.000,9999.000,9999.000
202605150018,   3.865,9999.000,9999.000,9999.000,9999.000,9999.000,9999.000,9999.000,9999.000
202605150024,   3.737,9999.000,9999.000,9999.000,9999.000,9999.000,9999.000,9999.000,9999.000
202605150030,   3.606,9999.000,9999.000,9999.000,9999.000,9999.000,9999.000,9999.000,9999.000
202605150036,   3.474,9999.000,9999.000,9999.000,9999.000,9999.000,9999.000,9999.000,9999.000
202605150042,   3.341,9999.000,9999.000,9999.000,9999.000,9999.000,9999.000,9999.000,9999.000
202605150048,   3.207,9999.000,9999.000,9999.000,9999.000,9999.000,9999.000,9999.000,9999.000
202605150054,   3.073,9999.000,9999.000,9999.000,9999.000,9999.000,9999.000,9999.000,9999.000
202605150100,   2.940,9999.000,   0.500,   0.246,   3.686,   0.500,   3.686,   0.600,   3.786
202605150106,   2.806,9999.000,9999.000,9999.000,9999.000,9999.000,9999.000,9999.000,9999.000
202605150112,   2.674,9999.000,9999.000,9999.000,9999.000,9999.000,9999.000,9999.000,9999.000
202605150118,   2.542,9999.000,9999.000,9999.000,9999.000,9999.000,9999.000,9999.000,9999.000
202605150124,   2.412,9999.000,9999.000,9999.000,9999.000,9999.000,9999.000,9999.000,9999.000
202605150130,   2.283,9999.000,9999.000,9999.000,9999.000,9999.000,9999.000,9999.000,9999.000
202605150136,   2.155,9999.000,9999.000,9999.000,9999.000,9999.000,9999.000,9999.000,9999.000
202605150142,   2.030,9999.000,9999.000,9999.000,9999.000,9999.000,9999.000,9999.000,9999.000
202605150148,   1.906,9999.000,9999.000,9999.000,9999.000,9999.000,9999.000,9999.000,9999.000
202605150154,   1.784,9999.000,9999.000,9999.000,9999.000,9999.000,9999.000,9999.000,9999.000
202605150200,   1.664,9999.000,   0.500,   0.455,   2.619,   0.400,   2.519,   0.600,   2.719
202605150206,   1.547,9999.000,9999.000,9999.000,9999.000,9999.000,9999.000,9999.000,9999.000
202605150212,   1.432,9999.000,9999.000,9999.000,9999.000,9999.000,9999.000,9999.000,9999.000
202605150218,   1.320,9999.000,9999.000,9999.000,9999.000,9999.000,9999.000,9999.000,9999.000
202605150224,   1.210,9999.000,9999.000,9999.000,9999.000,9999.000,9999.000,9999.000,9999.000
202605150230,   1.104,9999.000,9999.000,9999.000,9999.000,9999.000,9999.000,9999.000,9999.000
202605150236,   1.000,9999.000,9999.000,9999.000,9999.000,9999.000,9999.000,9999.000,9999.000
202605150242,   0.899,9999.000,9999.000,9999.000,9999.000,9999.000,9999.000,9999.000,9999.000
202605150248,   0.802,9999.000,9999.000,9999.000,9999.000,9999.000,9999.000,9999.000,9999.000
202605150254,   0.709,9999.000,9999.000,9999.000,9999.000,9999.000,9999.000,9999.000,9999.000
202605150300,   0.619,9999.000,   0.500,   0.454,   1.573,   0.400,   1.473,   0.500,   1.573
202605150306,   0.533,9999.000,9999.000,9999.000,9999.000,9999.000,9999.000,9999.000,9999.000
202605150312,   0.452,9999.000,9999.000,9999.000,9999.000,9999.000,9999.000,9999.000,9999.000
202605150318,   0.375,9999.000,9999.000,9999.000,9999.000,9999.000,9999.000,9999.000,9999.000
202605150324,   0.303,9999.000,9999.000,9999.000,9999.000,9999.000,9999.000,9999.000,9999.000
202605150330,   0.236,9999.000,9999.000,9999.000,9999.000,9999.000,9999.000,9999.000,9999.000
202605150336,   0.174,9999.000,9999.000,9999.000,9999.000,9999.000,9999.000,9999.000,9999.000
202605150342,   0.118,9999.000,9999.000,9999.000,9999.000,9999.000,9999.000,9999.000,9999.000
202605150348,   0.069,9999.000,9999.000,9999.000,9999.000,9999.000,9999.000,9999.000,9999.000
202605150354,   0.025,9999.000,9999.000,9999.000,9999.000,9999.000,9999.000,9999.000,9999.000
202605150400,  -0.011,9999.000,   0.500,   0.183,   0.672,   0.400,   0.572,   0.500,   0.672
202605150406,  -0.041,9999.000,9999.000,9999.000,9999.000,9999.000,9999.000,9999.000,9999.000
202605150412,  -0.065,9999.000,9999.000,9999.000,9999.000,9999.000,9999.000,9999.000,9999.000
202605150418,  -0.081,9999.000,9999.000,9999.000,9999.000,9999.000,9999.000,9999.000,9999.000
202605150424,  -0.090,9999.000,9999.000,9999.000,9999.000,9999.000,9999.000,9999.000,9999.000
202605150430,  -0.092,9999.000,9999.000,9999.000,9999.000,9999.000,9999.000,9999.000,9999.000
202605150436,  -0.086,9999.000,9999.000,9999.000,9999.000,9999.000,9999.000,9999.000,9999.000
202605150442,  -0.073,9999.000,9999.000,9999.000,9999.000,9999.000,9999.000,9999.000,9999.000
202605150448,  -0.052,9999.000,9999.000,9999.000,9999.000,9999.000,9999.000,9999.000,9999.000
202605150454,  -0.024,9999.000,9999.000,9999.000,9999.000,9999.000,9999.000,9999.000,9999.000
202605150500,   0.011,9999.000,   0.500,  -0.269,   0.242,   0.400,   0.142,   0.500,   0.242
202605150506,   0.054,9999.000,9999.000,9999.000,9999.000,9999.000,9999.000,9999.000,9999.000
202605150512,   0.104,9999.000,9999.000,9999.000,9999.000,9999.000,9999.000,9999.000,9999.000
202605150518,   0.161,9999.000,9999.000,9999.000,9999.000,9999.000,9999.000,9999.000,9999.000
202605150524,   0.225,9999.000,9999.000,9999.000,9999.000,9999.000,9999.000,9999.000,9999.000
202605150530,   0.295,9999.000,9999.000,9999.000,9999.000,9999.000,9999.000,9999.000,9999.000
202605150536,   0.371,9999.000,9999.000,9999.000,9999.000,9999.000,9999.000,9999.000,9999.000
202605150542,   0.453,9999.000,9999.000,9999.000,9999.000,9999.000,9999.000,9999.000,9999.000
202605150548,   0.541,9999.000,9999.000,9999.000,9999.000,9999.000,9999.000,9999.000,9999.000
202605150554,   0.633,9999.000,9999.000,9999.000,9999.000,9999.000,9999.000,9999.000,9999.000
202605150600,   0.731,9999.000,   0.500,  -0.706,   0.525,   0.400,   0.425,   0.600,   0.625
202605150606,   0.832,9999.000,9999.000,9999.000,9999.000,9999.000,9999.000,9999.000,9999.000
202605150612,   0.938,9999.000,9999.000,9999.000,9999.000,9999.000,9999.000,9999.000,9999.000
202605150618,   1.047,9999.000,9999.000,9999.000,9999.000,9999.000,9999.000,9999.000,9999.000
202605150624,   1.159,9999.000,9999.000,9999.000,9999.000,9999.000,9999.000,9999.000,9999.000
202605150630,   1.274,9999.000,9999.000,9999.000,9999.000,9999.000,9999.000,9999.000,9999.000
202605150636,   1.391,9999.000,9999.000,9999.000,9999.000,9999.000,9999.000,9999.000,9999.000
202605150642,   1.510,9999.000,9999.000,9999.000,9999.000,9999.000,9999.000,9999.000,9999.000
202605150648,   1.630,9999.000,9999.000,9999.000,9999.000,9999.000,9999.000,9999.000,9999.000
202605150654,   1.752,9999.000,9999.000,9999.000,9999.000,9999.000,9999.000,9999.000,9999.000
202605150700,   1.874,9999.000,   0.500,  -1.013,   1.361,   0.500,   1.361,   0.600,   1.461
202605150706,   1.997,9999.000,9999.000,9999.000,9999.000,9999.000,9999.000,9999.000,9999.000
202605150712,   2.120,9999.000,9999.000,9999.000,9999.000,9999.000,9999.000,9999.000,9999.000
202605150718,   2.242,9999.000,9999.000,9999.000,9999.000,9999.000,9999.000,9999.000,9999.000
202605150724,   2.364,9999.000,9999.000,9999.000,9999.000,9999.000,9999.000,9999.000,9999.000
202605150730,   2.484,9999.000,9999.000,9999.000,9999.000,9999.000,9999.000,9999.000,9999.000
202605150736,   2.604,9999.000,9999.000,9999.000,9999.000,9999.000,9999.000,9999.000,9999.000
202605150742,   2.722,9999.000,9999.000,9999.000,9999.000,9999.000,9999.000,9999.000,9999.000
202605150748,   2.838,9999.000,9999.000,9999.000,9999.000,9999.000,9999.000,9999.000,9999.000
202605150754,   2.953,9999.000,9999.000,9999.000,9999.000,9999.000,9999.000,9999.000,9999.000
202605150800,   3.065,9999.000,   0.500,  -1.191,   2.374,   0.500,   2.374,   0.600,   2.474
202605150806,   3.175,9999.000,9999.000,9999.000,9999.000,9999.000,9999.000,9999.000,9999.000
202605150812,   3.283,9999.000,9999.000,9999.000,9999.000,9999.000,9999.000,9999.000,9999.000
202605150818,   3.388,9999.000,9999.000,9999.000,9999.000,9999.000,9999.000,9999.000,9999.000
202605150824,   3.490,9999.000,9999.000,9999.000,9999.000,9999.000,9999.000,9999.000,9999.000
202605150830,   3.589,9999.000,9999.000,9999.000,9999.000,9999.000,9999.000,9999.000,9999.000
202605150836,   3.685,9999.000,9999.000,9999.000,9999.000,9999.000,9999.000,9999.000,9999.000
202605150842,   3.777,9999.000,9999.000,9999.000,9999.000,9999.000,9999.000,9999.000,9999.000
202605150848,   3.866,9999.000,9999.000,9999.000,9999.000,9999.000,9999.000,9999.000,9999.000
202605150854,   3.952,9999.000,9999.000,9999.000,9999.000,9999.000,9999.000,9999.000,9999.000
202605150900,   4.034,9999.000,   0.500,  -1.203,   3.331,   0.500,   3.331,   0.600,   3.431
202605150906,   4.112,9999.000,9999.000,9999.000,9999.000,9999.000,9999.000,9999.000,9999.000
202605150912,   4.185,9999.000,9999.000,9999.000,9999.000,9999.000,9999.000,9999.000,9999.000
202605150918,   4.255,9999.000,9999.000,9999.000,9999.000,9999.000,9999.000,9999.000,9999.000
202605150924,   4.320,9999.000,9999.000,9999.000,9999.000,9999.000,9999.000,9999.000,9999.000
202605150930,   4.381,9999.000,9999.000,9999.000,9999.000,9999.000,9999.000,9999.000,9999.000
202605150936,   4.437,9999.000,9999.000,9999.000,9999.000,9999.000,9999.000,9999.000,9999.000
202605150942,   4.488,9999.000,9999.000,9999.000,9999.000,9999.000,9999.000,9999.000,9999.000
202605150948,   4.534,9999.000,9999.000,9999.000,9999.000,9999.000,9999.000,9999.000,9999.000
202605150954,   4.574,9999.000,9999.000,9999.000,9999.000,9999.000,9999.000,9999.000,9999.000
202605151000,   4.609,9999.000,   0.500,  -0.971,   4.138,   0.500,   4.138,   0.600,   4.238
202605151006,   4.638,9999.000,9999.000,9999.000,9999.000,9999.000,9999.000,9999.000,9999.000
202605151012,   4.662,9999.000,9999.000,9999.000,9999.000,9999.000,9999.000,9999.000,9999.000
202605151018,   4.679,9999.000,9999.000,9999.000,9999.000,9999.000,9999.000,9999.000,9999.000
202605151024,   4.690,9999.000,9999.000,9999.000,9999.000,9999.000,9999.000,9999.000,9999.000
202605151030,   4.694,9999.000,9999.000,9999.000,9999.000,9999.000,9999.000,9999.000,9999.000
202605151036,   4.692,9999.000,9999.000,9999.000,9999.000,9999.000,9999.000,9999.000,9999.000
202605151042,   4.682,9999.000,9999.000,9999.000,9999.000,9999.000,9999.000,9999.000,9999.000
202605151048,   4.666,9999.000,9999.000,9999.000,9999.000,9999.000,9999.000,9999.000,9999.000
202605151054,   4.643,9999.000,9999.000,9999.000,9999.000,9999.000,9999.000,9999.000,9999.000
202605151100,   4.613,9999.000,   0.600,  -0.548,   4.665,   0.500,   4.565,   0.600,   4.665
202605151106,   4.576,9999.000,9999.000,9999.000,9999.000,9999.000,9999.000,9999.000,9999.000
202605151112,   4.532,9999.000,9999.000,9999.000,9999.000,9999.000,9999.000,9999.000,9999.000
202605151118,   4.481,9999.000,9999.000,9999.000,9999.000,9999.000,9999.000,9999.000,9999.000
202605151124,   4.423,9999.000,9999.000,9999.000,9999.000,9999.000,9999.000,9999.000,9999.000
202605151130,   4.357,9999.000,9999.000,9999.000,9999.000,9999.000,9999.000,9999.000,9999.000
202605151136,   4.286,9999.000,9999.000,9999.000,9999.000,9999.000,9999.000,9999.000,9999.000
202605151142,   4.207,9999.000,9999.000,9999.000,9999.000,9999.000,9999.000,9999.000,9999.000
202605151148,   4.123,9999.000,9999.000,9999.000,9999.000,9999.000,9999.000,9999.000,9999.000
202605151154,   4.033,9999.000,9999.000,9999.000,9999.000,9999.000,9999.000,9999.000,9999.000
202605151200,   3.937,9999.000,   0.600,  -0.137,   4.400,   0.500,   4.300,   0.600,   4.400
202605151206,   3.835,9999.000,9999.000,9999.000,9999.000,9999.000,9999.000,9999.000,9999.000
202605151212,   3.729,9999.000,9999.000,9999.000,9999.000,9999.000,9999.000,9999.000,9999.000
202605151218,   3.619,9999.000,9999.000,9999.000,9999.000,9999.000,9999.000,9999.000,9999.000
202605151224,   3.504,9999.000,9999.000,9999.000,9999.000,9999.000,9999.000,9999.000,9999.000
202605151230,   3.386,9999.000,9999.000,9999.000,9999.000,9999.000,9999.000,9999.000,9999.000
202605151236,   3.265,9999.000,9999.000,9999.000,9999.000,9999.000,9999.000,9999.000,9999.000
202605151242,   3.141,9999.000,9999.000,9999.000,9999.000,9999.000,9999.000,9999.000,9999.000
202605151248,   3.016,9999.000,9999.000,9999.000,9999.000,9999.000,9999.000,9999.000,9999.000
202605151254,   2.888,9999.000,9999.000,9999.000,9999.000,9999.000,9999.000,9999.000,9999.000
202605151300,   2.759,9999.000,   0.600,   0.124,   3.483,   0.500,   3.383,   0.600,   3.483
202605151306,   2.630,9999.000,9999.000,9999.000,9999.000,9999.000,9999.000,9999.000,9999.000
202605151312,   2.501,9999.000,9999.000,9999.000,9999.000,9999.000,9999.000,9999.000,9999.000
202605151318,   2.371,9999.000,9999.000,9999.000,9999.000,9999.000,9999.000,9999.000,9999.000
202605151324,   2.242,9999.000,9999.000,9999.000,9999.000,9999.000,9999.000,9999.000,9999.000
202605151330,   2.114,9999.000,9999.000,9999.000,9999.000,9999.000,9999.000,9999.000,9999.000
202605151336,   1.988,9999.000,9999.000,9999.000,9999.000,9999.000,9999.000,9999.000,9999.000
202605151342,   1.863,9999.000,9999.000,9999.000,9999.000,9999.000,9999.000,9999.000,9999.000
202605151348,   1.739,9999.000,9999.000,9999.000,9999.000,9999.000,9999.000,9999.000,9999.000
202605151354,   1.618,9999.000,9999.000,9999.000,9999.000,9999.000,9999.000,9999.000,9999.000
202605151400,   1.499,9999.000,   0.600,   0.250,   2.349,   0.500,   2.249,   0.600,   2.349
202605151406,   1.383,9999.000,9999.000,9999.000,9999.000,9999.000,9999.000,9999.000,9999.000
202605151412,   1.269,9999.000,9999.000,9999.000,9999.000,9999.000,9999.000,9999.000,9999.000
202605151418,   1.159,9999.000,9999.000,9999.000,9999.000,9999.000,9999.000,9999.000,9999.000
202605151424,   1.051,9999.000,9999.000,9999.000,9999.000,9999.000,9999.000,9999.000,9999.000
202605151430,   0.947,9999.000,9999.000,9999.000,9999.000,9999.000,9999.000,9999.000,9999.000
202605151436,   0.846,9999.000,9999.000,9999.000,9999.000,9999.000,9999.000,9999.000,9999.000
202605151442,   0.749,9999.000,9999.000,9999.000,9999.000,9999.000,9999.000,9999.000,9999.000
202605151448,   0.655,9999.000,9999.000,9999.000,9999.000,9999.000,9999.000,9999.000,9999.000
202605151454,   0.565,9999.000,9999.000,9999.000,9999.000,9999.000,9999.000,9999.000,9999.000
202605151500,   0.479,9999.000,   0.600,   0.247,   1.326,   0.500,   1.226,   0.700,   1.426
202605151506,   0.398,9999.000,9999.000,9999.000,9999.000,9999.000,9999.000,9999.000,9999.000
202605151512,   0.321,9999.000,9999.000,9999.000,9999.000,9999.000,9999.000,9999.000,9999.000
202605151518,   0.248,9999.000,9999.000,9999.000,9999.000,9999.000,9999.000,9999.000,9999.000
202605151524,   0.180,9999.000,9999.000,9999.000,9999.000,9999.000,9999.000,9999.000,9999.000
202605151530,   0.117,9999.000,9999.000,9999.000,9999.000,9999.000,9999.000,9999.000,9999.000
202605151536,   0.060,9999.000,9999.000,9999.000,9999.000,9999.000,9999.000,9999.000,9999.000
202605151542,   0.008,9999.000,9999.000,9999.000,9999.000,9999.000,9999.000,9999.000,9999.000
202605151548,  -0.038,9999.000,9999.000,9999.000,9999.000,9999.000,9999.000,9999.000,9999.000
202605151554,  -0.078,9999.000,9999.000,9999.000,9999.000,9999.000,9999.000,9999.000,9999.000
202605151600,  -0.113,9999.000,   0.700,   0.037,   0.624,   0.600,   0.524,   0.700,   0.624
202605151606,  -0.141,9999.000,9999.000,9999.000,9999.000,9999.000,9999.000,9999.000,9999.000
202605151612,  -0.162,9999.000,9999.000,9999.000,9999.000,9999.000,9999.000,9999.000,9999.000
202605151618,  -0.177,9999.000,9999.000,9999.000,9999.000,9999.000,9999.000,9999.000,9999.000
202605151624,  -0.185,9999.000,9999.000,9999.000,9999.000,9999.000,9999.000,9999.000,9999.000
202605151630,  -0.185,9999.000,9999.000,9999.000,9999.000,9999.000,9999.000,9999.000,9999.000
202605151636,  -0.178,9999.000,9999.000,9999.000,9999.000,9999.000,9999.000,9999.000,9999.000
202605151642,  -0.164,9999.000,9999.000,9999.000,9999.000,9999.000,9999.000,9999.000,9999.000
202605151648,  -0.142,9999.000,9999.000,9999.000,9999.000,9999.000,9999.000,9999.000,9999.000
202605151654,  -0.112,9999.000,9999.000,9999.000,9999.000,9999.000,9999.000,9999.000,9999.000
202605151700,  -0.075,9999.000,   0.700,  -0.377,   0.248,   0.600,   0.148,   0.700,   0.248
202605151706,  -0.030,9999.000,9999.000,9999.000,9999.000,9999.000,9999.000,9999.000,9999.000
202605151712,   0.021,9999.000,9999.000,9999.000,9999.000,9999.000,9999.000,9999.000,9999.000
202605151718,   0.082,9999.000,9999.000,9999.000,9999.000,9999.000,9999.000,9999.000,9999.000
202605151724,   0.149,9999.000,9999.000,9999.000,9999.000,9999.000,9999.000,9999.000,9999.000
202605151730,   0.224,9999.000,9999.000,9999.000,9999.000,9999.000,9999.000,9999.000,9999.000
202605151736,   0.307,9999.000,9999.000,9999.000,9999.000,9999.000,9999.000,9999.000,9999.000
202605151742,   0.396,9999.000,9999.000,9999.000,9999.000,9999.000,9999.000,9999.000,9999.000
202605151748,   0.491,9999.000,9999.000,9999.000,9999.000,9999.000,9999.000,9999.000,9999.000
202605151754,   0.594,9999.000,9999.000,9999.000,9999.000,9999.000,9999.000,9999.000,9999.000
202605151800,   0.702,9999.000,   0.700,  -0.833,   0.569,   0.700,   0.569,   0.800,   0.669
202605151806,   0.816,9999.000,9999.000,9999.000,9999.000,9999.000,9999.000,9999.000,9999.000
202605151812,   0.935,9999.000,9999.000,9999.000,9999.000,9999.000,9999.000,9999.000,9999.000
202605151818,   1.059,9999.000,9999.000,9999.000,9999.000,9999.000,9999.000,9999.000,9999.000
202605151824,   1.188,9999.000,9999.000,9999.000,9999.000,9999.000,9999.000,9999.000,9999.000
202605151830,   1.321,9999.000,9999.000,9999.000,9999.000,9999.000,9999.000,9999.000,9999.000
202605151836,   1.458,9999.000,9999.000,9999.000,9999.000,9999.000,9999.000,9999.000,9999.000
202605151842,   1.598,9999.000,9999.000,9999.000,9999.000,9999.000,9999.000,9999.000,9999.000
202605151848,   1.740,9999.000,9999.000,9999.000,9999.000,9999.000,9999.000,9999.000,9999.000
202605151854,   1.885,9999.000,9999.000,9999.000,9999.000,9999.000,9999.000,9999.000,9999.000
202605151900,   2.032,9999.000,   0.700,  -1.170,   1.562,   0.700,   1.562,   0.800,   1.662
202605151906,   2.181,9999.000,9999.000,9999.000,9999.000,9999.000,9999.000,9999.000,9999.000
202605151912,   2.330,9999.000,9999.000,9999.000,9999.000,9999.000,9999.000,9999.000,9999.000
202605151918,   2.480,9999.000,9999.000,9999.000,9999.000,9999.000,9999.000,9999.000,9999.000
202605151924,   2.631,9999.000,9999.000,9999.000,9999.000,9999.000,9999.000,9999.000,9999.000
202605151930,   2.781,9999.000,9999.000,9999.000,9999.000,9999.000,9999.000,9999.000,9999.000
202605151936,   2.930,9999.000,9999.000,9999.000,9999.000,9999.000,9999.000,9999.000,9999.000
202605151942,   3.078,9999.000,9999.000,9999.000,9999.000,9999.000,9999.000,9999.000,9999.000
202605151948,   3.225,9999.000,9999.000,9999.000,9999.000,9999.000,9999.000,9999.000,9999.000
202605151954,   3.371,9999.000,9999.000,9999.000,9999.000,9999.000,9999.000,9999.000,9999.000
202605152000,   3.514,9999.000,   0.700,  -1.361,   2.853,   0.600,   2.753,   0.800,   2.953
202605152006,   3.655,9999.000,9999.000,9999.000,9999.000,9999.000,9999.000,9999.000,9999.000
202605152012,   3.793,9999.000,9999.000,9999.000,9999.000,9999.000,9999.000,9999.000,9999.000
202605152018,   3.929,9999.000,9999.000,9999.000,9999.000,9999.000,9999.000,9999.000,9999.000
202605152024,   4.061,9999.000,9999.000,9999.000,9999.000,9999.000,9999.000,9999.000,9999.000
202605152030,   4.190,9999.000,9999.000,9999.000,9999.000,9999.000,9999.000,9999.000,9999.000
202605152036,   4.316,9999.000,9999.000,9999.000,9999.000,9999.000,9999.000,9999.000,9999.000
202605152042,   4.438,9999.000,9999.000,9999.000,9999.000,9999.000,9999.000,9999.000,9999.000
202605152048,   4.556,9999.000,9999.000,9999.000,9999.000,9999.000,9999.000,9999.000,9999.000
202605152054,   4.670,9999.000,9999.000,9999.000,9999.000,9999.000,9999.000,9999.000,9999.000
202605152100,   4.779,9999.000,   0.700,  -1.407,   4.072,   0.600,   3.972,   0.700,   4.072
202605152106,   4.884,9999.000,9999.000,9999.000,9999.000,9999.000,9999.000,9999.000,9999.000
202605152112,   4.985,9999.000,9999.000,9999.000,9999.000,9999.000,9999.000,9999.000,9999.000
202605152118,   5.081,9999.000,9999.000,9999.000,9999.000,9999.000,9999.000,9999.000,9999.000
202605152124,   5.171,9999.000,9999.000,9999.000,9999.000,9999.000,9999.000,9999.000,9999.000
202605152130,   5.257,9999.000,9999.000,9999.000,9999.000,9999.000,9999.000,9999.000,9999.000
202605152136,   5.338,9999.000,9999.000,9999.000,9999.000,9999.000,9999.000,9999.000,9999.000
202605152142,   5.413,9999.000,9999.000,9999.000,9999.000,9999.000,9999.000,9999.000,9999.000
202605152148,   5.483,9999.000,9999.000,9999.000,9999.000,9999.000,9999.000,9999.000,9999.000
202605152154,   5.548,9999.000,9999.000,9999.000,9999.000,9999.000,9999.000,9999.000,9999.000
202605152200,   5.606,9999.000,   0.600,  -1.238,   4.968,   0.600,   4.968,   0.700,   5.068
202605152206,   5.659,9999.000,9999.000,9999.000,9999.000,9999.000,9999.000,9999.000,9999.000
202605152212,   5.705,9999.000,9999.000,9999.000,9999.000,9999.000,9999.000,9999.000,9999.000
202605152218,   5.745,9999.000,9999.000,9999.000,9999.000,9999.000,9999.000,9999.000,9999.000
202605152224,   5.779,9999.000,9999.000,9999.000,9999.000,9999.000,9999.000,9999.000,9999.000
202605152230,   5.806,9999.000,9999.000,9999.000,9999.000,9999.000,9999.000,9999.000,9999.000
202605152236,   5.826,9999.000,9999.000,9999.000,9999.000,9999.000,9999.000,9999.000,9999.000
202605152242,   5.840,9999.000,9999.000,9999.000,9999.000,9999.000,9999.000,9999.000,9999.000
202605152248,   5.846,9999.000,9999.000,9999.000,9999.000,9999.000,9999.000,9999.000,9999.000
202605152254,   5.845,9999.000,9999.000,9999.000,9999.000,9999.000,9999.000,9999.000,9999.000
202605152300,   5.837,9999.000,   0.600,  -0.828,   5.609,   0.500,   5.509,   0.700,   5.709
202605152306,   5.822,9999.000,9999.000,9999.000,9999.000,9999.000,9999.000,9999.000,9999.000
202605152312,   5.799,9999.000,9999.000,9999.000,9999.000,9999.000,9999.000,9999.000,9999.000
202605152318,   5.768,9999.000,9999.000,9999.000,9999.000,9999.000,9999.000,9999.000,9999.000
202605152324,   5.730,9999.000,9999.000,9999.000,9999.000,9999.000,9999.000,9999.000,9999.000
202605152330,   5.685,9999.000,9999.000,9999.000,9999.000,9999.000,9999.000,9999.000,9999.000
202605152336,   5.632,9999.000,9999.000,9999.000,9999.000,9999.000,9999.000,9999.000,9999.000
202605152342,   5.571,9999.000,9999.000,9999.000,9999.000,9999.000,9999.000,9999.000,9999.000
202605152348,   5.503,9999.000,9999.000,9999.000,9999.000,9999.000,9999.000,9999.000,9999.000
202605152354,   5.428,9999.000,9999.000,9999.000,9999.000,9999.000,9999.000,9999.000,9999.000
202605160000,   5.347,9999.000,   0.600,  -0.300,   5.647,   0.500,   5.547,   0.700,   5.747
202605160006,   5.258,9999.000,9999.000,9999.000,9999.000,9999.000,9999.000,9999.000,9999.000
202605160012,   5.163,9999.000,9999.000,9999.000,9999.000,9999.000,9999.000,9999.000,9999.000
202605160018,   5.061,9999.000,9999.000,9999.000,9999.000,9999.000,9999.000,9999.000,9999.000
202605160024,   4.954,9999.000,9999.000,9999.000,9999.000,9999.000,9999.000,9999.000,9999.000
202605160030,   4.841,9999.000,9999.000,9999.000,9999.000,9999.000,9999.000,9999.000,9999.000
202605160036,   4.723,9999.000,9999.000,9999.000,9999.000,9999.000,9999.000,9999.000,9999.000
202605160042,   4.601,9999.000,9999.000,9999.000,9999.000,9999.000,9999.000,9999.000,9999.000
202605160048,   4.474,9999.000,9999.000,9999.000,9999.000,9999.000,9999.000,9999.000,9999.000
202605160054,   4.343,9999.000,9999.000,9999.000,9999.000,9999.000,9999.000,9999.000,9999.000
202605160100,   4.209,9999.000,   0.600,   0.172,   4.981,   0.500,   4.881,   0.700,   5.081
202605160106,   4.071,9999.000,9999.000,9999.000,9999.000,9999.000,9999.000,9999.000,9999.000
202605160112,   3.932,9999.000,9999.000,9999.000,9999.000,9999.000,9999.000,9999.000,9999.000
202605160118,   3.790,9999.000,9999.000,9999.000,9999.000,9999.000,9999.000,9999.000,9999.000
202605160124,   3.647,9999.000,9999.000,9999.000,9999.000,9999.000,9999.000,9999.000,9999.000
202605160130,   3.502,9999.000,9999.000,9999.000,9999.000,9999.000,9999.000,9999.000,9999.000
202605160136,   3.357,9999.000,9999.000,9999.000,9999.000,9999.000,9999.000,9999.000,9999.000
202605160142,   3.211,9999.000,9999.000,9999.000,9999.000,9999.000,9999.000,9999.000,9999.000
202605160148,   3.065,9999.000,9999.000,9999.000,9999.000,9999.000,9999.000,9999.000,9999.000
202605160154,   2.920,9999.000,9999.000,9999.000,9999.000,9999.000,9999.000,9999.000,9999.000
202605160200,   2.775,9999.000,   0.500,   0.483,   3.758,   0.400,   3.658,   0.600,   3.858
202605160206,   2.631,9999.000,9999.000,9999.000,9999.000,9999.000,9999.000,9999.000,9999.000
202605160212,   2.489,9999.000,9999.000,9999.000,9999.000,9999.000,9999.000,9999.000,9999.000
202605160218,   2.347,9999.000,9999.000,9999.000,9999.000,9999.000,9999.000,9999.000,9999.000
202605160224,   2.207,9999.000,9999.000,9999.000,9999.000,9999.000,9999.000,9999.000,9999.000
202605160230,   2.070,9999.000,9999.000,9999.000,9999.000,9999.000,9999.000,9999.000,9999.000
202605160236,   1.934,9999.000,9999.000,9999.000,9999.000,9999.000,9999.000,9999.000,9999.000
202605160242,   1.800,9999.000,9999.000,9999.000,9999.000,9999.000,9999.000,9999.000,9999.000
202605160248,   1.668,9999.000,9999.000,9999.000,9999.000,9999.000,9999.000,9999.000,9999.000
202605160254,   1.539,9999.000,9999.000,9999.000,9999.000,9999.000,9999.000,9999.000,9999.000
202605160300,   1.413,9999.000,   0.500,   0.575,   2.488,   0.400,   2.388,   0.600,   2.588
202605160306,   1.289,9999.000,9999.000,9999.000,9999.000,9999.000,9999.000,9999.000,9999.000
202605160312,   1.168,9999.000,9999.000,9999.000,9999.000,9999.000,9999.000,9999.000,9999.000
202605160318,   1.050,9999.000,9999.000,9999.000,9999.000,9999.000,9999.000,9999.000,9999.000
202605160324,   0.936,9999.000,9999.000,9999.000,9999.000,9999.000,9999.000,9999.000,9999.000
202605160330,   0.824,9999.000,9999.000,9999.000,9999.000,9999.000,9999.000,9999.000,9999.000
202605160336,   0.717,9999.000,9999.000,9999.000,9999.000,9999.000,9999.000,9999.000,9999.000
202605160342,   0.613,9999.000,9999.000,9999.000,9999.000,9999.000,9999.000,9999.000,9999.000
202605160348,   0.512,9999.000,9999.000,9999.000,9999.000,9999.000,9999.000,9999.000,9999.000
202605160354,   0.417,9999.000,9999.000,9999.000,9999.000,9999.000,9999.000,9999.000,9999.000
202605160400,   0.325,9999.000,   0.500,   0.403,   1.228,   0.300,   1.028,   0.600,   1.328
202605160406,   0.238,9999.000,9999.000,9999.000,9999.000,9999.000,9999.000,9999.000,9999.000
202605160412,   0.157,9999.000,9999.000,9999.000,9999.000,9999.000,9999.000,9999.000,9999.000
202605160418,   0.080,9999.000,9999.000,9999.000,9999.000,9999.000,9999.000,9999.000,9999.000
202605160424,   0.009,9999.000,9999.000,9999.000,9999.000,9999.000,9999.000,9999.000,9999.000
202605160430,  -0.055,9999.000,9999.000,9999.000,9999.000,9999.000,9999.000,9999.000,9999.000
202605160436,  -0.114,9999.000,9999.000,9999.000,9999.000,9999.000,9999.000,9999.000,9999.000
202605160442,  -0.167,9999.000,9999.000,9999.000,9999.000,9999.000,9999.000,9999.000,9999.000
202605160448,  -0.213,9999.000,9999.000,9999.000,9999.000,9999.000,9999.000,9999.000,9999.000
202605160454,  -0.252,9999.000,9999.000,9999.000,9999.000,9999.000,9999.000,9999.000,9999.000
202605160500,  -0.284,9999.000,   0.400,   0.023,   0.139,   0.300,   0.039,   0.500,   0.239
202605160506,  -0.308,9999.000,9999.000,9999.000,9999.000,9999.000,9999.000,9999.000,9999.000
202605160512,  -0.325,9999.000,9999.000,9999.000,9999.000,9999.000,9999.000,9999.000,9999.000
202605160518,  -0.335,9999.000,9999.000,9999.000,9999.000,9999.000,9999.000,9999.000,9999.000
202605160524,  -0.336,9999.000,9999.000,9999.000,9999.000,9999.000,9999.000,9999.000,9999.000
202605160530,  -0.330,9999.000,9999.000,9999.000,9999.000,9999.000,9999.000,9999.000,9999.000
202605160536,  -0.315,9999.000,9999.000,9999.000,9999.000,9999.000,9999.000,9999.000,9999.000
202605160542,  -0.293,9999.000,9999.000,9999.000,9999.000,9999.000,9999.000,9999.000,9999.000
202605160548,  -0.262,9999.000,9999.000,9999.000,9999.000,9999.000,9999.000,9999.000,9999.000
202605160554,  -0.224,9999.000,9999.000,9999.000,9999.000,9999.000,9999.000,9999.000,9999.000
202605160600,  -0.178,9999.000,   0.400,  -0.416,  -0.194,   0.300,  -0.294,   0.500,  -0.094
202605160606,  -0.125,9999.000,9999.000,9999.000,9999.000,9999.000,9999.000,9999.000,9999.000
202605160612,  -0.064,9999.000,9999.000,9999.000,9999.000,9999.000,9999.000,9999.000,9999.000
202605160618,   0.002,9999.000,9999.000,9999.000,9999.000,9999.000,9999.000,9999.000,9999.000
202605160624,   0.077,9999.000,9999.000,9999.000,9999.000,9999.000,9999.000,9999.000,9999.000
202605160630,   0.158,9999.000,9999.000,9999.000,9999.000,9999.000,9999.000,9999.000,9999.000
202605160636,   0.246,9999.000,9999.000,9999.000,9999.000,9999.000,9999.000,9999.000,9999.000
202605160642,   0.339,9999.000,9999.000,9999.000,9999.000,9999.000,9999.000,9999.000,9999.000
202605160648,   0.438,9999.000,9999.000,9999.000,9999.000,9999.000,9999.000,9999.000,9999.000
202605160654,   0.541,9999.000,9999.000,9999.000,9999.000,9999.000,9999.000,9999.000,9999.000
202605160700,   0.650,9999.000,   0.400,  -0.805,   0.245,   0.300,   0.145,   0.500,   0.345
202605160706,   0.763,9999.000,9999.000,9999.000,9999.000,9999.000,9999.000,9999.000,9999.000
202605160712,   0.879,9999.000,9999.000,9999.000,9999.000,9999.000,9999.000,9999.000,9999.000
202605160718,   1.000,9999.000,9999.000,9999.000,9999.000,9999.000,9999.000,9999.000,9999.000
202605160724,   1.123,9999.000,9999.000,9999.000,9999.000,9999.000,9999.000,9999.000,9999.000
202605160730,   1.248,9999.000,9999.000,9999.000,9999.000,9999.000,9999.000,9999.000,9999.000
202605160736,   1.376,9999.000,9999.000,9999.000,9999.000,9999.000,9999.000,9999.000,9999.000
202605160742,   1.506,9999.000,9999.000,9999.000,9999.000,9999.000,9999.000,9999.000,9999.000
202605160748,   1.637,9999.000,9999.000,9999.000,9999.000,9999.000,9999.000,9999.000,9999.000
202605160754,   1.769,9999.000,9999.000,9999.000,9999.000,9999.000,9999.000,9999.000,9999.000
202605160800,   1.901,9999.000,   0.400,  -1.124,   1.177,   0.200,   0.977,   0.500,   1.277
202605160806,   2.034,9999.000,9999.000,9999.000,9999.000,9999.000,9999.000,9999.000,9999.000
202605160812,   2.166,9999.000,9999.000,9999.000,9999.000,9999.000,9999.000,9999.000,9999.000
202605160818,   2.298,9999.000,9999.000,9999.000,9999.000,9999.000,9999.000,9999.000,9999.000
202605160824,   2.429,9999.000,9999.000,9999.000,9999.000,9999.000,9999.000,9999.000,9999.000
202605160830,   2.559,9999.000,9999.000,9999.000,9999.000,9999.000,9999.000,9999.000,9999.000
202605160836,   2.687,9999.000,9999.000,9999.000,9999.000,9999.000,9999.000,9999.000,9999.000
202605160842,   2.814,9999.000,9999.000,9999.000,9999.000,9999.000,9999.000,9999.000,9999.000
202605160848,   2.938,9999.000,9999.000,9999.000,9999.000,9999.000,9999.000,9999.000,9999.000
202605160854,   3.060,9999.000,9999.000,9999.000,9999.000,9999.000,9999.000,9999.000,9999.000
202605160900,   3.180,9999.000,   0.300,  -1.307,   2.173,   0.200,   2.073,   0.500,   2.373
202605160906,   3.297,9999.000,9999.000,9999.000,9999.000,9999.000,9999.000,9999.000,9999.000
202605160912,   3.411,9999.000,9999.000,9999.000,9999.000,9999.000,9999.000,9999.000,9999.000
202605160918,   3.522,9999.000,9999.000,9999.000,9999.000,9999.000,9999.000,9999.000,9999.000
202605160924,   3.630,9999.000,9999.000,9999.000,9999.000,9999.000,9999.000,9999.000,9999.000
202605160930,   3.734,9999.000,9999.000,9999.000,9999.000,9999.000,9999.000,9999.000,9999.000
202605160936,   3.834,9999.000,9999.000,9999.000,9999.000,9999.000,9999.000,9999.000,9999.000
202605160942,   3.930,9999.000,9999.000,9999.000,9999.000,9999.000,9999.000,9999.000,9999.000
202605160948,   4.022,9999.000,9999.000,9999.000,9999.000,9999.000,9999.000,9999.000,9999.000
202605160954,   4.110,9999.000,9999.000,9999.000,9999.000,9999.000,9999.000,9999.000,9999.000
202605161000,   4.194,9999.000,   0.300,  -1.221,   3.273,   0.100,   3.073,   0.400,   3.373
202605161006,   4.272,9999.000,9999.000,9999.000,9999.000,9999.000,9999.000,9999.000,9999.000
202605161012,   4.347,9999.000,9999.000,9999.000,9999.000,9999.000,9999.000,9999.000,9999.000
202605161018,   4.416,9999.000,9999.000,9999.000,9999.000,9999.000,9999.000,9999.000,9999.000
202605161024,   4.479,9999.000,9999.000,9999.000,9999.000,9999.000,9999.000,9999.000,9999.000
202605161030,   4.538,9999.000,9999.000,9999.000,9999.000,9999.000,9999.000,9999.000,9999.000
202605161036,   4.591,9999.000,9999.000,9999.000,9999.000,9999.000,9999.000,9999.000,9999.000
202605161042,   4.638,9999.000,9999.000,9999.000,9999.000,9999.000,9999.000,9999.000,9999.000
202605161048,   4.679,9999.000,9999.000,9999.000,9999.000,9999.000,9999.000,9999.000,9999.000
202605161054,   4.713,9999.000,9999.000,9999.000,9999.000,9999.000,9999.000,9999.000,9999.000
202605161100,   4.742,9999.000,   0.200,  -0.861,   4.081,   0.100,   3.981,   0.400,   4.281
202605161106,   4.764,9999.000,9999.000,9999.000,9999.000,9999.000,9999.000,9999.000,9999.000
202605161112,   4.779,9999.000,9999.000,9999.000,9999.000,9999.000,9999.000,9999.000,9999.000
202605161118,   4.788,9999.000,9999.000,9999.000,9999.000,9999.000,9999.000,9999.000,9999.000
202605161124,   4.789,9999.000,9999.000,9999.000,9999.000,9999.000,9999.000,9999.000,9999.000
202605161130,   4.783,9999.000,9999.000,9999.000,9999.000,9999.000,9999.000,9999.000,9999.000
202605161136,   4.770,9999.000,9999.000,9999.000,9999.000,9999.000,9999.000,9999.000,9999.000
202605161142,   4.750,9999.000,9999.000,9999.000,9999.000,9999.000,9999.000,9999.000,9999.000
202605161148,   4.722,9999.000,9999.000,9999.000,9999.000,9999.000,9999.000,9999.000,9999.000
202605161154,   4.687,9999.000,9999.000,9999.000,9999.000,9999.000,9999.000,9999.000,9999.000
202605161200,   4.644,9999.000,   0.200,  -0.420,   4.424,   0.000,   4.224,   0.300,   4.524
202605161206,   4.594,9999.000,9999.000,9999.000,9999.000,9999.000,9999.000,9999.000,9999.000
202605161212,   4.537,9999.000,9999.000,9999.000,9999.000,9999.000,9999.000,9999.000,9999.000
202605161218,   4.472,9999.000,9999.000,9999.000,9999.000,9999.000,9999.000,9999.000,9999.000
202605161224,   4.401,9999.000,9999.000,9999.000,9999.000,9999.000,9999.000,9999.000,9999.000
202605161230,   4.322,9999.000,9999.000,9999.000,9999.000,9999.000,9999.000,9999.000,9999.000
202605161236,   4.237,9999.000,9999.000,9999.000,9999.000,9999.000,9999.000,9999.000,9999.000
202605161242,   4.146,9999.000,9999.000,9999.000,9999.000,9999.000,9999.000,9999.000,9999.000
202605161248,   4.049,9999.000,9999.000,9999.000,9999.000,9999.000,9999.000,9999.000,9999.000
202605161254,   3.947,9999.000,9999.000,9999.000,9999.000,9999.000,9999.000,9999.000,9999.000
202605161300,   3.839,9999.000,   0.100,  -0.071,   3.868,   0.000,   3.768,   0.300,   4.068
202605161306,   3.726,9999.000,9999.000,9999.000,9999.000,9999.000,9999.000,9999.000,9999.000
202605161312,   3.609,9999.000,9999.000,9999.000,9999.000,9999.000,9999.000,9999.000,9999.000
202605161318,   3.488,9999.000,9999.000,9999.000,9999.000,9999.000,9999.000,9999.000,9999.000
202605161324,   3.364,9999.000,9999.000,9999.000,9999.000,9999.000,9999.000,9999.000,9999.000
202605161330,   3.237,9999.000,9999.000,9999.000,9999.000,9999.000,9999.000,9999.000,9999.000
202605161336,   3.108,9999.000,9999.000,9999.000,9999.000,9999.000,9999.000,9999.000,9999.000
202605161342,   2.977,9999.000,9999.000,9999.000,9999.000,9999.000,9999.000,9999.000,9999.000
202605161348,   2.844,9999.000,9999.000,9999.000,9999.000,9999.000,9999.000,9999.000,9999.000
202605161354,   2.710,9999.000,9999.000,9999.000,9999.000,9999.000,9999.000,9999.000,9999.000
202605161400,   2.576,9999.000,   0.100,   0.170,   2.846,   0.000,   2.746,   0.300,   3.046
202605161406,   2.442,9999.000,9999.000,9999.000,9999.000,9999.000,9999.000,9999.000,9999.000
202605161412,   2.308,9999.000,9999.000,9999.000,9999.000,9999.000,9999.000,9999.000,9999.000
202605161418,   2.176,9999.000,9999.000,9999.000,9999.000,9999.000,9999.000,9999.000,9999.000
202605161424,   2.044,9999.000,9999.000,9999.000,9999.000,9999.000,9999.000,9999.000,9999.000
202605161430,   1.914,9999.000,9999.000,9999.000,9999.000,9999.000,9999.000,9999.000,9999.000
202605161436,   1.785,9999.000,9999.000,9999.000,9999.000,9999.000,9999.000,9999.000,9999.000
202605161442,   1.659,9999.000,9999.000,9999.000,9999.000,9999.000,9999.000,9999.000,9999.000
202605161448,   1.535,9999.000,9999.000,9999.000,9999.000,9999.000,9999.000,9999.000,9999.000
202605161454,   1.413,9999.000,9999.000,9999.000,9999.000,9999.000,9999.000,9999.000,9999.000
202605161500,   1.294,9999.000,   0.100,   0.305,   1.699,   0.000,   1.599,   0.200,   1.799
202605161506,   1.179,9999.000,9999.000,9999.000,9999.000,9999.000,9999.000,9999.000,9999.000
202605161512,   1.066,9999.000,9999.000,9999.000,9999.000,9999.000,9999.000,9999.000,9999.000
202605161518,   0.957,9999.000,9999.000,9999.000,9999.000,9999.000,9999.000,9999.000,9999.000
202605161524,   0.851,9999.000,9999.000,9999.000,9999.000,9999.000,9999.000,9999.000,9999.000
202605161530,   0.748,9999.000,9999.000,9999.000,9999.000,9999.000,9999.000,9999.000,9999.000
202605161536,   0.650,9999.000,9999.000,9999.000,9999.000,9999.000,9999.000,9999.000,9999.000
202605161542,   0.555,9999.000,9999.000,9999.000,9999.000,9999.000,9999.000,9999.000,9999.000
202605161548,   0.465,9999.000,9999.000,9999.000,9999.000,9999.000,9999.000,9999.000,9999.000
202605161554,   0.379,9999.000,9999.000,9999.000,9999.000,9999.000,9999.000,9999.000,9999.000
202605161600,   0.297,9999.000,   0.100,   0.231,   0.628,   0.000,   0.528,   0.200,   0.728
202605161606,   0.220,9999.000,9999.000,9999.000,9999.000,9999.000,9999.000,9999.000,9999.000
202605161612,   0.147,9999.000,9999.000,9999.000,9999.000,9999.000,9999.000,9999.000,9999.000
202605161618,   0.080,9999.000,9999.000,9999.000,9999.000,9999.000,9999.000,9999.000,9999.000
202605161624,   0.017,9999.000,9999.000,9999.000,9999.000,9999.000,9999.000,9999.000,9999.000
202605161630,  -0.038,9999.000,9999.000,9999.000,9999.000,9999.000,9999.000,9999.000,9999.000
202605161636,  -0.089,9999.000,9999.000,9999.000,9999.000,9999.000,9999.000,9999.000,9999.000
202605161642,  -0.135,9999.000,9999.000,9999.000,9999.000,9999.000,9999.000,9999.000,9999.000
202605161648,  -0.174,9999.000,9999.000,9999.000,9999.000,9999.000,9999.000,9999.000,9999.000
202605161654,  -0.206,9999.000,9999.000,9999.000,9999.000,9999.000,9999.000,9999.000,9999.000
202605161700,  -0.232,9999.000,   0.100,  -0.104,  -0.236,   0.000,  -0.336,   0.200,  -0.136
202605161706,  -0.251,9999.000,9999.000,9999.000,9999.000,9999.000,9999.000,9999.000,9999.000
202605161712,  -0.263,9999.000,9999.000,9999.000,9999.000,9999.000,9999.000,9999.000,9999.000
202605161718,  -0.268,9999.000,9999.000,9999.000,9999.000,9999.000,9999.000,9999.000,9999.000
202605161724,  -0.265,9999.000,9999.000,9999.000,9999.000,9999.000,9999.000,9999.000,9999.000
202605161730,  -0.255,9999.000,9999.000,9999.000,9999.000,9999.000,9999.000,9999.000,9999.000
202605161736,  -0.237,9999.000,9999.000,9999.000,9999.000,9999.000,9999.000,9999.000,9999.000
202605161742,  -0.211,9999.000,9999.000,9999.000,9999.000,9999.000,9999.000,9999.000,9999.000
202605161748,  -0.177,9999.000,9999.000,9999.000,9999.000,9999.000,9999.000,9999.000,9999.000
202605161754,  -0.135,9999.000,9999.000,9999.000,9999.000,9999.000,9999.000,9999.000,9999.000
202605161800,  -0.085,9999.000,   0.100,  -0.564,  -0.549,   0.000,  -0.649,   0.200,  -0.449
202605161806,  -0.027,9999.000,9999.000,9999.000,9999.000,9999.000,9999.000,9999.000,9999.000
202605161812,   0.038,9999.000,9999.000,9999.000,9999.000,9999.000,9999.000,9999.000,9999.000
202605161818,   0.112,9999.000,9999.000,9999.000,9999.000,9999.000,9999.000,9999.000,9999.000
202605161824,   0.193,9999.000,9999.000,9999.000,9999.000,9999.000,9999.000,9999.000,9999.000
202605161830,   0.281,9999.000,9999.000,9999.000,9999.000,9999.000,9999.000,9999.000,9999.000
202605161836,   0.377,9999.000,9999.000,9999.000,9999.000,9999.000,9999.000,9999.000,9999.000
202605161842,   0.480,9999.000,9999.000,9999.000,9999.000,9999.000,9999.000,9999.000,9999.000
202605161848,   0.589,9999.000,9999.000,9999.000,9999.000,9999.000,9999.000,9999.000,9999.000
202605161854,   0.705,9999.000,9999.000,9999.000,9999.000,9999.000,9999.000,9999.000,9999.000
202605161900,   0.827,9999.000,   0.100,  -0.968,  -0.041,  -0.100,  -0.241,   0.200,   0.059
202605161906,   0.954,9999.000,9999.000,9999.000,9999.000,9999.000,9999.000,9999.000,9999.000
202605161912,   1.087,9999.000,9999.000,9999.000,9999.000,9999.000,9999.000,9999.000,9999.000
202605161918,   1.224,9999.000,9999.000,9999.000,9999.000,9999.000,9999.000,9999.000,9999.000
202605161924,   1.365,9999.000,9999.000,9999.000,9999.000,9999.000,9999.000,9999.000,9999.000
202605161930,   1.510,9999.000,9999.000,9999.000,9999.000,9999.000,9999.000,9999.000,9999.000
202605161936,   1.659,9999.000,9999.000,9999.000,9999.000,9999.000,9999.000,9999.000,9999.000
202605161942,   1.811,9999.000,9999.000,9999.000,9999.000,9999.000,9999.000,9999.000,9999.000
202605161948,   1.965,9999.000,9999.000,9999.000,9999.000,9999.000,9999.000,9999.000,9999.000
202605161954,   2.120,9999.000,9999.000,9999.000,9999.000,9999.000,9999.000,9999.000,9999.000
202605162000,   2.278,9999.000,   0.100,  -1.269,   1.109,  -0.100,   0.909,   0.200,   1.209
202605162006,   2.436,9999.000,9999.000,9999.000,9999.000,9999.000,9999.000,9999.000,9999.000
202605162012,   2.595,9999.000,9999.000,9999.000,9999.000,9999.000,9999.000,9999.000,9999.000
202605162018,   2.754,9999.000,9999.000,9999.000,9999.000,9999.000,9999.000,9999.000,9999.000
202605162024,   2.913,9999.000,9999.000,9999.000,9999.000,9999.000,9999.000,9999.000,9999.000
202605162030,   3.070,9999.000,9999.000,9999.000,9999.000,9999.000,9999.000,9999.000,9999.000
202605162036,   3.227,9999.000,9999.000,9999.000,9999.000,9999.000,9999.000,9999.000,9999.000
202605162042,   3.382,9999.000,9999.000,9999.000,9999.000,9999.000,9999.000,9999.000,9999.000
202605162048,   3.535,9999.000,9999.000,9999.000,9999.000,9999.000,9999.000,9999.000,9999.000
202605162054,   3.686,9999.000,9999.000,9999.000,9999.000,9999.000,9999.000,9999.000,9999.000
202605162100,   3.834,9999.000,   0.000,  -1.460,   2.374,  -0.100,   2.274,   0.100,   2.474
202605162106,   3.979,9999.000,9999.000,9999.000,9999.000,9999.000,9999.000,9999.000,9999.000
202605162112,   4.121,9999.000,9999.000,9999.000,9999.000,9999.000,9999.000,9999.000,9999.000
202605162118,   4.259,9999.000,9999.000,9999.000,9999.000,9999.000,9999.000,9999.000,9999.000
202605162124,   4.393,9999.000,9999.000,9999.000,9999.000,9999.000,9999.000,9999.000,9999.000
202605162130,   4.524,9999.000,9999.000,9999.000,9999.000,9999.000,9999.000,9999.000,9999.000
202605162136,   4.650,9999.000,9999.000,9999.000,9999.000,9999.000,9999.000,9999.000,9999.000
202605162142,   4.772,9999.000,9999.000,9999.000,9999.000,9999.000,9999.000,9999.000,9999.000
202605162148,   4.889,9999.000,9999.000,9999.000,9999.000,9999.000,9999.000,9999.000,9999.000
202605162154,   5.002,9999.000,9999.000,9999.000,9999.000,9999.000,9999.000,9999.000,9999.000
202605162200,   5.109,9999.000,   0.000,  -1.435,   3.674,  -0.100,   3.574,   0.100,   3.774
202605162206,   5.211,9999.000,9999.000,9999.000,9999.000,9999.000,9999.000,9999.000,9999.000
202605162212,   5.308,9999.000,9999.000,9999.000,9999.000,9999.000,9999.000,9999.000,9999.000
202605162218,   5.400,9999.000,9999.000,9999.000,9999.000,9999.000,9999.000,9999.000,9999.000
202605162224,   5.486,9999.000,9999.000,9999.000,9999.000,9999.000,9999.000,9999.000,9999.000
202605162230,   5.566,9999.000,9999.000,9999.000,9999.000,9999.000,9999.000,9999.000,9999.000
202605162236,   5.640,9999.000,9999.000,9999.000,9999.000,9999.000,9999.000,9999.000,9999.000
202605162242,   5.708,9999.000,9999.000,9999.000,9999.000,9999.000,9999.000,9999.000,9999.000
202605162248,   5.770,9999.000,9999.000,9999.000,9999.000,9999.000,9999.000,9999.000,9999.000
202605162254,   5.826,9999.000,9999.000,9999.000,9999.000,9999.000,9999.000,9999.000,9999.000
202605162300,   5.875,9999.000,   0.000,  -1.098,   4.777,  -0.100,   4.677,   0.100,   4.877
202605162306,   5.918,9999.000,9999.000,9999.000,9999.000,9999.000,9999.000,9999.000,9999.000
202605162312,   5.953,9999.000,9999.000,9999.000,9999.000,9999.000,9999.000,9999.000,9999.000
202605162318,   5.982,9999.000,9999.000,9999.000,9999.000,9999.000,9999.000,9999.000,9999.000
202605162324,   6.004,9999.000,9999.000,9999.000,9999.000,9999.000,9999.000,9999.000,9999.000
202605162330,   6.019,9999.000,9999.000,9999.000,9999.000,9999.000,9999.000,9999.000,9999.000
202605162336,   6.026,9999.000,9999.000,9999.000,9999.000,9999.000,9999.000,9999.000,9999.000
202605162342,   6.026,9999.000,9999.000,9999.000,9999.000,9999.000,9999.000,9999.000,9999.000
202605162348,   6.019,9999.000,9999.000,9999.000,9999.000,9999.000,9999.000,9999.000,9999.000
202605162354,   6.003,9999.000,9999.000,9999.000,9999.000,9999.000,9999.000,9999.000,9999.000
202605170000,   5.981,9999.000,   0.000,  -0.547,   5.434,  -0.200,   5.234,   0.000,   5.434
202605170006,   5.950,9999.000,9999.000,9999.000,9999.000,9999.000,9999.000,9999.000,9999.000
202605170012,   5.912,9999.000,9999.000,9999.000,9999.000,9999.000,9999.000,9999.000,9999.000
202605170018,   5.866,9999.000,9999.000,9999.000,9999.000,9999.000,9999.000,9999.000,9999.000
202605170024,   5.812,9999.000,9999.000,9999.000,9999.000,9999.000,9999.000,9999.000,9999.000
202605170030,   5.751,9999.000,9999.000,9999.000,9999.000,9999.000,9999.000,9999.000,9999.000
202605170036,   5.683,9999.000,9999.000,9999.000,9999.000,9999.000,9999.000,9999.000,9999.000
202605170042,   5.607,9999.000,9999.000,9999.000,9999.000,9999.000,9999.000,9999.000,9999.000
202605170048,   5.524,9999.000,9999.000,9999.000,9999.000,9999.000,9999.000,9999.000,9999.000
202605170054,   5.434,9999.000,9999.000,9999.000,9999.000,9999.000,9999.000,9999.000,9999.000
202605170100,   5.337,9999.000,  -0.100,  -0.005,   5.232,  -0.200,   5.132,   0.000,   5.332
202605170106,   5.234,9999.000,9999.000,9999.000,9999.000,9999.000,9999.000,9999.000,9999.000
202605170112,   5.125,9999.000,9999.000,9999.000,9999.000,9999.000,9999.000,9999.000,9999.000
202605170118,   5.010,9999.000,9999.000,9999.000,9999.000,9999.000,9999.000,9999.000,9999.000
202605170124,   4.890,9999.000,9999.000,9999.000,9999.000,9999.000,9999.000,9999.000,9999.000
202605170130,   4.764,9999.000,9999.000,9999.000,9999.000,9999.000,9999.000,9999.000,9999.000
202605170136,   4.635,9999.000,9999.000,9999.000,9999.000,9999.000,9999.000,9999.000,9999.000
202605170142,   4.501,9999.000,9999.000,9999.000,9999.000,9999.000,9999.000,9999.000,9999.000
202605170148,   4.363,9999.000,9999.000,9999.000,9999.000,9999.000,9999.000,9999.000,9999.000
202605170154,   4.223,9999.000,9999.000,9999.000,9999.000,9999.000,9999.000,9999.000,9999.000
202605170200,   4.079,9999.000,  -0.100,   0.379,   4.358,  -0.300,   4.158,   0.000,   4.458
202605170206,   3.933,9999.000,9999.000,9999.000,9999.000,9999.000,9999.000,9999.000,9999.000
202605170212,   3.786,9999.000,9999.000,9999.000,9999.000,9999.000,9999.000,9999.000,9999.000
202605170218,   3.637,9999.000,9999.000,9999.000,9999.000,9999.000,9999.000,9999.000,9999.000
202605170224,   3.487,9999.000,9999.000,9999.000,9999.000,9999.000,9999.000,9999.000,9999.000
202605170230,   3.337,9999.000,9999.000,9999.000,9999.000,9999.000,9999.000,9999.000,9999.000
202605170236,   3.186,9999.000,9999.000,9999.000,9999.000,9999.000,9999.000,9999.000,9999.000
202605170242,   3.035,9999.000,9999.000,9999.000,9999.000,9999.000,9999.000,9999.000,9999.000
202605170248,   2.885,9999.000,9999.000,9999.000,9999.000,9999.000,9999.000,9999.000,9999.000
202605170254,   2.736,9999.000,9999.000,9999.000,9999.000,9999.000,9999.000,9999.000,9999.000
202605170300,   2.587,9999.000,  -0.200,   0.560,   2.947,  -0.300,   2.847,   0.000,   3.147
202605170306,   2.440,9999.000,9999.000,9999.000,9999.000,9999.000,9999.000,9999.000,9999.000
202605170312,   2.294,9999.000,9999.000,9999.000,9999.000,9999.000,9999.000,9999.000,9999.000
202605170318,   2.150,9999.000,9999.000,9999.000,9999.000,9999.000,9999.000,9999.000,9999.000
202605170324,   2.008,9999.000,9999.000,9999.000,9999.000,9999.000,9999.000,9999.000,9999.000
202605170330,   1.868,9999.000,9999.000,9999.000,9999.000,9999.000,9999.000,9999.000,9999.000
202605170336,   1.730,9999.000,9999.000,9999.000,9999.000,9999.000,9999.000,9999.000,9999.000
202605170342,   1.595,9999.000,9999.000,9999.000,9999.000,9999.000,9999.000,9999.000,9999.000
202605170348,   1.461,9999.000,9999.000,9999.000,9999.000,9999.000,9999.000,9999.000,9999.000
202605170354,   1.331,9999.000,9999.000,9999.000,9999.000,9999.000,9999.000,9999.000,9999.000
202605170400,   1.203,9999.000,  -0.200,   0.516,   1.519,  -0.300,   1.419,   0.000,   1.719
202605170406,   1.078,9999.000,9999.000,9999.000,9999.000,9999.000,9999.000,9999.000,9999.000
202605170412,   0.956,9999.000,9999.000,9999.000,9999.000,9999.000,9999.000,9999.000,9999.000
202605170418,   0.837,9999.000,9999.000,9999.000,9999.000,9999.000,9999.000,9999.000,9999.000
202605170424,   0.721,9999.000,9999.000,9999.000,9999.000,9999.000,9999.000,9999.000,9999.000
202605170430,   0.609,9999.000,9999.000,9999.000,9999.000,9999.000,9999.000,9999.000,9999.000
202605170436,   0.501,9999.000,9999.000,9999.000,9999.000,9999.000,9999.000,9999.000,9999.000
202605170442,   0.397,9999.000,9999.000,9999.000,9999.000,9999.000,9999.000,9999.000,9999.000
202605170448,   0.297,9999.000,9999.000,9999.000,9999.000,9999.000,9999.000,9999.000,9999.000
202605170454,   0.201,9999.000,9999.000,9999.000,9999.000,9999.000,9999.000,9999.000,9999.000
202605170500,   0.111,9999.000,  -0.200,   0.263,   0.174,  -0.300,   0.074,  -0.100,   0.274
202605170506,   0.025,9999.000,9999.000,9999.000,9999.000,9999.000,9999.000,9999.000,9999.000
202605170512,  -0.054,9999.000,9999.000,9999.000,9999.000,9999.000,9999.000,9999.000,9999.000
202605170518,  -0.128,9999.000,9999.000,9999.000,9999.000,9999.000,9999.000,9999.000,9999.000
202605170524,  -0.196,9999.000,9999.000,9999.000,9999.000,9999.000,9999.000,9999.000,9999.000
202605170530,  -0.258,9999.000,9999.000,9999.000,9999.000,9999.000,9999.000,9999.000,9999.000
202605170536,  -0.313,9999.000,9999.000,9999.000,9999.000,9999.000,9999.000,9999.000,9999.000
202605170542,  -0.361,9999.000,9999.000,9999.000,9999.000,9999.000,9999.000,9999.000,9999.000
202605170548,  -0.402,9999.000,9999.000,9999.000,9999.000,9999.000,9999.000,9999.000,9999.000
202605170554,  -0.435,9999.000,9999.000,9999.000,9999.000,9999.000,9999.000,9999.000,9999.000
202605170600,  -0.461,9999.000,  -0.200,  -0.109,  -0.770,  -0.400,  -0.970,  -0.100,  -0.670
202605170606,  -0.478,9999.000,9999.000,9999.000,9999.000,9999.000,9999.000,9999.000,9999.000
202605170612,  -0.488,9999.000,9999.000,9999.000,9999.000,9999.000,9999.000,9999.000,9999.000
202605170618,  -0.489,9999.000,9999.000,9999.000,9999.000,9999.000,9999.000,9999.000,9999.000
202605170624,  -0.482,9999.000,9999.000,9999.000,9999.000,9999.000,9999.000,9999.000,9999.000
202605170630,  -0.466,9999.000,9999.000,9999.000,9999.000,9999.000,9999.000,9999.000,9999.000
202605170636,  -0.442,9999.000,9999.000,9999.000,9999.000,9999.000,9999.000,9999.000,9999.000
202605170642,  -0.409,9999.000,9999.000,9999.000,9999.000,9999.000,9999.000,9999.000,9999.000
202605170648,  -0.369,9999.000,9999.000,9999.000,9999.000,9999.000,9999.000,9999.000,9999.000
202605170654,  -0.320,9999.000,9999.000,9999.000,9999.000,9999.000,9999.000,9999.000,9999.000
202605170700,  -0.263,9999.000,  -0.300,  -0.519,  -1.082,  -0.400,  -1.182,  -0.100,  -0.882
202605170706,  -0.198,9999.000,9999.000,9999.000,9999.000,9999.000,9999.000,9999.000,9999.000
202605170712,  -0.126,9999.000,9999.000,9999.000,9999.000,9999.000,9999.000,9999.000,9999.000
202605170718,  -0.047,9999.000,9999.000,9999.000,9999.000,9999.000,9999.000,9999.000,9999.000
202605170724,   0.039,9999.000,9999.000,9999.000,9999.000,9999.000,9999.000,9999.000,9999.000
202605170730,   0.132,9999.000,9999.000,9999.000,9999.000,9999.000,9999.000,9999.000,9999.000
202605170736,   0.230,9999.000,9999.000,9999.000,9999.000,9999.000,9999.000,9999.000,9999.000
202605170742,   0.335,9999.000,9999.000,9999.000,9999.000,9999.000,9999.000,9999.000,9999.000
202605170748,   0.445,9999.000,9999.000,9999.000,9999.000,9999.000,9999.000,9999.000,9999.000
202605170754,   0.560,9999.000,9999.000,9999.000,9999.000,9999.000,9999.000,9999.000,9999.000
202605170800,   0.679,9999.000,  -0.300,  -0.933,  -0.554,  -0.400,  -0.654,  -0.100,  -0.354
202605170806,   0.803,9999.000,9999.000,9999.000,9999.000,9999.000,9999.000,9999.000,9999.000
202605170812,   0.930,9999.000,9999.000,9999.000,9999.000,9999.000,9999.000,9999.000,9999.000
202605170818,   1.060,9999.000,9999.000,9999.000,9999.000,9999.000,9999.000,9999.000,9999.000
202605170824,   1.192,9999.000,9999.000,9999.000,9999.000,9999.000,9999.000,9999.000,9999.000
202605170830,   1.327,9999.000,9999.000,9999.000,9999.000,9999.000,9999.000,9999.000,9999.000
202605170836,   1.463,9999.000,9999.000,9999.000,9999.000,9999.000,9999.000,9999.000,9999.000
202605170842,   1.601,9999.000,9999.000,9999.000,9999.000,9999.000,9999.000,9999.000,9999.000
202605170848,   1.739,9999.000,9999.000,9999.000,9999.000,9999.000,9999.000,9999.000,9999.000
202605170854,   1.878,9999.000,9999.000,9999.000,9999.000,9999.000,9999.000,9999.000,9999.000
202605170900,   2.016,9999.000,  -0.300,  -1.260,   0.456,  -0.500,   0.256,  -0.100,   0.656
202605170906,   2.155,9999.000,9999.000,9999.000,9999.000,9999.000,9999.000,9999.000,9999.000
202605170912,   2.292,9999.000,9999.000,9999.000,9999.000,9999.000,9999.000,9999.000,9999.000
202605170918,   2.429,9999.000,9999.000,9999.000,9999.000,9999.000,9999.000,9999.000,9999.000
202605170924,   2.564,9999.000,9999.000,9999.000,9999.000,9999.000,9999.000,9999.000,9999.000
202605170930,   2.697,9999.000,9999.000,9999.000,9999.000,9999.000,9999.000,9999.000,9999.000
202605170936,   2.828,9999.000,9999.000,9999.000,9999.000,9999.000,9999.000,9999.000,9999.000
202605170942,   2.957,9999.000,9999.000,9999.000,9999.000,9999.000,9999.000,9999.000,9999.000
202605170948,   3.083,9999.000,9999.000,9999.000,9999.000,9999.000,9999.000,9999.000,9999.000
202605170954,   3.206,9999.000,9999.000,9999.000,9999.000,9999.000,9999.000,9999.000,9999.000
202605171000,   3.326,9999.000,  -0.300,  -1.335,   1.691,  -0.500,   1.491,  -0.100,   1.891
202605171006,   3.443,9999.000,9999.000,9999.000,9999.000,9999.000,9999.000,9999.000,9999.000
202605171012,   3.556,9999.000,9999.000,9999.000,9999.000,9999.000,9999.000,9999.000,9999.000
202605171018,   3.666,9999.000,9999.000,9999.000,9999.000,9999.000,9999.000,9999.000,9999.000
202605171024,   3.771,9999.000,9999.000,9999.000,9999.000,9999.000,9999.000,9999.000,9999.000
202605171030,   3.873,9999.000,9999.000,9999.000,9999.000,9999.000,9999.000,9999.000,9999.000
202605171036,   3.970,9999.000,9999.000,9999.000,9999.000,9999.000,9999.000,9999.000,9999.000
202605171042,   4.063,9999.000,9999.000,9999.000,9999.000,9999.000,9999.000,9999.000,9999.000
202605171048,   4.152,9999.000,9999.000,9999.000,9999.000,9999.000,9999.000,9999.000,9999.000
202605171054,   4.235,9999.000,9999.000,9999.000,9999.000,9999.000,9999.000,9999.000,9999.000
202605171100,   4.314,9999.000,  -0.300,  -1.100,   2.914,  -0.500,   2.714,  -0.200,   3.014
202605171106,   4.387,9999.000,9999.000,9999.000,9999.000,9999.000,9999.000,9999.000,9999.000
202605171112,   4.455,9999.000,9999.000,9999.000,9999.000,9999.000,9999.000,9999.000,9999.000
202605171118,   4.518,9999.000,9999.000,9999.000,9999.000,9999.000,9999.000,9999.000,9999.000
202605171124,   4.575,9999.000,9999.000,9999.000,9999.000,9999.000,9999.000,9999.000,9999.000
202605171130,   4.626,9999.000,9999.000,9999.000,9999.000,9999.000,9999.000,9999.000,9999.000
202605171136,   4.672,9999.000,9999.000,9999.000,9999.000,9999.000,9999.000,9999.000,9999.000
202605171142,   4.711,9999.000,9999.000,9999.000,9999.000,9999.000,9999.000,9999.000,9999.000
202605171148,   4.744,9999.000,9999.000,9999.000,9999.000,9999.000,9999.000,9999.000,9999.000
202605171154,   4.770,9999.000,9999.000,9999.000,9999.000,9999.000,9999.000,9999.000,9999.000
202605171200,   4.790,9999.000,  -0.300,  -0.709,   3.781,  -0.500,   3.581,  -0.100,   3.981
202605171206,   4.802,9999.000,9999.000,9999.000,9999.000,9999.000,9999.000,9999.000,9999.000
202605171212,   4.808,9999.000,9999.000,9999.000,9999.000,9999.000,9999.000,9999.000,9999.000
202605171218,   4.807,9999.000,9999.000,9999.000,9999.000,9999.000,9999.000,9999.000,9999.000
202605171224,   4.798,9999.000,9999.000,9999.000,9999.000,9999.000,9999.000,9999.000,9999.000
202605171230,   4.783,9999.000,9999.000,9999.000,9999.000,9999.000,9999.000,9999.000,9999.000
202605171236,   4.759,9999.000,9999.000,9999.000,9999.000,9999.000,9999.000,9999.000,9999.000
202605171242,   4.729,9999.000,9999.000,9999.000,9999.000,9999.000,9999.000,9999.000,9999.000
202605171248,   4.691,9999.000,9999.000,9999.000,9999.000,9999.000,9999.000,9999.000,9999.000
202605171254,   4.646,9999.000,9999.000,9999.000,9999.000,9999.000,9999.000,9999.000,9999.000
202605171300,   4.593,9999.000,  -0.300,  -0.342,   3.951,  -0.500,   3.751,  -0.100,   4.151
202605171306,   4.533,9999.000,9999.000,9999.000,9999.000,9999.000,9999.000,9999.000,9999.000
202605171312,   4.466,9999.000,9999.000,9999.000,9999.000,9999.000,9999.000,9999.000,9999.000
202605171318,   4.393,9999.000,9999.000,9999.000,9999.000,9999.000,9999.000,9999.000,9999.000
202605171324,   4.312,9999.000,9999.000,9999.000,9999.000,9999.000,9999.000,9999.000,9999.000
202605171330,   4.225,9999.000,9999.000,9999.000,9999.000,9999.000,9999.000,9999.000,9999.000
202605171336,   4.132,9999.000,9999.000,9999.000,9999.000,9999.000,9999.000,9999.000,9999.000
202605171342,   4.034,9999.000,9999.000,9999.000,9999.000,9999.000,9999.000,9999.000,9999.000
202605171348,   3.929,9999.000,9999.000,9999.000,9999.000,9999.000,9999.000,9999.000,9999.000
202605171354,   3.820,9999.000,9999.000,9999.000,9999.000,9999.000,9999.000,9999.000,9999.000
202605171400,   3.707,9999.000,  -0.300,  -0.034,   3.373,  -0.400,   3.273,  -0.100,   3.573
202605171406,   3.589,9999.000,9999.000,9999.000,9999.000,9999.000,9999.000,9999.000,9999.000
202605171412,   3.467,9999.000,9999.000,9999.000,9999.000,9999.000,9999.000,9999.000,9999.000
202605171418,   3.343,9999.000,9999.000,9999.000,9999.000,9999.000,9999.000,9999.000,9999.000
202605171424,   3.216,9999.000,9999.000,9999.000,9999.000,9999.000,9999.000,9999.000,9999.000
202605171430,   3.086,9999.000,9999.000,9999.000,9999.000,9999.000,9999.000,9999.000,9999.000
202605171436,   2.955,9999.000,9999.000,9999.000,9999.000,9999.000,9999.000,9999.000,9999.000
202605171442,   2.823,9999.000,9999.000,9999.000,9999.000,9999.000,9999.000,9999.000,9999.000
202605171448,   2.690,9999.000,9999.000,9999.000,9999.000,9999.000,9999.000,9999.000,9999.000
202605171454,   2.556,9999.000,9999.000,9999.000,9999.000,9999.000,9999.000,9999.000,9999.000
202605171500,   2.423,9999.000,  -0.300,   0.214,   2.337,  -0.500,   2.137,  -0.100,   2.537
202605171506,   2.290,9999.000,9999.000,9999.000,9999.000,9999.000,9999.000,9999.000,9999.000
202605171512,   2.158,9999.000,9999.000,9999.000,9999.000,9999.000,9999.000,9999.000,9999.000
202605171518,   2.027,9999.000,9999.000,9999.000,9999.000,9999.000,9999.000,9999.000,9999.000
202605171524,   1.898,9999.000,9999.000,9999.000,9999.000,9999.000,9999.000,9999.000,9999.000
202605171530,   1.771,9999.000,9999.000,9999.000,9999.000,9999.000,9999.000,9999.000,9999.000
202605171536,   1.645,9999.000,9999.000,9999.000,9999.000,9999.000,9999.000,9999.000,9999.000
202605171542,   1.522,9999.000,9999.000,9999.000,9999.000,9999.000,9999.000,9999.000,9999.000
202605171548,   1.401,9999.000,9999.000,9999.000,9999.000,9999.000,9999.000,9999.000,9999.000
202605171554,   1.283,9999.000,9999.000,9999.000,9999.000,9999.000,9999.000,9999.000,9999.000
202605171600,   1.168,9999.000,  -0.200,   0.285,   1.253,  -0.400,   1.053,  -0.100,   1.353
202605171606,   1.056,9999.000,9999.000,9999.000,9999.000,9999.000,9999.000,9999.000,9999.000
202605171612,   0.947,9999.000,9999.000,9999.000,9999.000,9999.000,9999.000,9999.000,9999.000
202605171618,   0.842,9999.000,9999.000,9999.000,9999.000,9999.000,9999.000,9999.000,9999.000
202605171624,   0.740,9999.000,9999.000,9999.000,9999.000,9999.000,9999.000,9999.000,9999.000
202605171630,   0.641,9999.000,9999.000,9999.000,9999.000,9999.000,9999.000,9999.000,9999.000
202605171636,   0.546,9999.000,9999.000,9999.000,9999.000,9999.000,9999.000,9999.000,9999.000
202605171642,   0.456,9999.000,9999.000,9999.000,9999.000,9999.000,9999.000,9999.000,9999.000
202605171648,   0.369,9999.000,9999.000,9999.000,9999.000,9999.000,9999.000,9999.000,9999.000
202605171654,   0.287,9999.000,9999.000,9999.000,9999.000,9999.000,9999.000,9999.000,9999.000
202605171700,   0.209,9999.000,  -0.200,   0.081,   0.090,  -0.400,  -0.110,  -0.100,   0.190
202605171706,   0.136,9999.000,9999.000,9999.000,9999.000,9999.000,9999.000,9999.000,9999.000
202605171712,   0.068,9999.000,9999.000,9999.000,9999.000,9999.000,9999.000,9999.000,9999.000
202605171718,   0.005,9999.000,9999.000,9999.000,9999.000,9999.000,9999.000,9999.000,9999.000
202605171724,  -0.051,9999.000,9999.000,9999.000,9999.000,9999.000,9999.000,9999.000,9999.000
202605171730,  -0.103,9999.000,9999.000,9999.000,9999.000,9999.000,9999.000,9999.000,9999.000
202605171736,  -0.148,9999.000,9999.000,9999.000,9999.000,9999.000,9999.000,9999.000,9999.000
202605171742,  -0.187,9999.000,9999.000,9999.000,9999.000,9999.000,9999.000,9999.000,9999.000
202605171748,  -0.220,9999.000,9999.000,9999.000,9999.000,9999.000,9999.000,9999.000,9999.000
202605171754,  -0.245,9999.000,9999.000,9999.000,9999.000,9999.000,9999.000,9999.000,9999.000
202605171800,  -0.264,9999.000,  -0.200,  -0.305,  -0.769,  -0.300,  -0.869,   0.000,  -0.569
202605171806,  -0.275,9999.000,9999.000,9999.000,9999.000,9999.000,9999.000,9999.000,9999.000
202605171812,  -0.279,9999.000,9999.000,9999.000,9999.000,9999.000,9999.000,9999.000,9999.000
202605171818,  -0.275,9999.000,9999.000,9999.000,9999.000,9999.000,9999.000,9999.000,9999.000
202605171824,  -0.263,9999.000,9999.000,9999.000,9999.000,9999.000,9999.000,9999.000,9999.000
202605171830,  -0.242,9999.000,9999.000,9999.000,9999.000,9999.000,9999.000,9999.000,9999.000
202605171836,  -0.214,9999.000,9999.000,9999.000,9999.000,9999.000,9999.000,9999.000,9999.000
202605171842,  -0.177,9999.000,9999.000,9999.000,9999.000,9999.000,9999.000,9999.000,9999.000
202605171848,  -0.132,9999.000,9999.000,9999.000,9999.000,9999.000,9999.000,9999.000,9999.000
202605171854,  -0.079,9999.000,9999.000,9999.000,9999.000,9999.000,9999.000,9999.000,9999.000
202605171900,  -0.017,9999.000,  -0.100,  -0.702,  -0.819,  -0.300,  -1.019,   0.000,  -0.719
202605171906,   0.052,9999.000,9999.000,9999.000,9999.000,9999.000,9999.000,9999.000,9999.000
202605171912,   0.130,9999.000,9999.000,9999.000,9999.000,9999.000,9999.000,9999.000,9999.000
202605171918,   0.216,9999.000,9999.000,9999.000,9999.000,9999.000,9999.000,9999.000,9999.000
202605171924,   0.309,9999.000,9999.000,9999.000,9999.000,9999.000,9999.000,9999.000,9999.000
202605171930,   0.410,9999.000,9999.000,9999.000,9999.000,9999.000,9999.000,9999.000,9999.000
202605171936,   0.518,9999.000,9999.000,9999.000,9999.000,9999.000,9999.000,9999.000,9999.000
202605171942,   0.632,9999.000,9999.000,9999.000,9999.000,9999.000,9999.000,9999.000,9999.000
202605171948,   0.754,9999.000,9999.000,9999.000,9999.000,9999.000,9999.000,9999.000,9999.000
202605171954,   0.881,9999.000,9999.000,9999.000,9999.000,9999.000,9999.000,9999.000,9999.000
202605172000,   1.013,9999.000,  -0.100,  -1.056,  -0.143,  -0.300,  -0.343,   0.000,  -0.043
202605172006,   1.151,9999.000,9999.000,9999.000,9999.000,9999.000,9999.000,9999.000,9999.000
202605172012,   1.293,9999.000,9999.000,9999.000,9999.000,9999.000,9999.000,9999.000,9999.000
202605172018,   1.440,9999.000,9999.000,9999.000,9999.000,9999.000,9999.000,9999.000,9999.000
202605172024,   1.590,9999.000,9999.000,9999.000,9999.000,9999.000,9999.000,9999.000,9999.000
202605172030,   1.743,9999.000,9999.000,9999.000,9999.000,9999.000,9999.000,9999.000,9999.000
202605172036,   1.899,9999.000,9999.000,9999.000,9999.000,9999.000,9999.000,9999.000,9999.000
202605172042,   2.058,9999.000,9999.000,9999.000,9999.000,9999.000,9999.000,9999.000,9999.000
202605172048,   2.217,9999.000,9999.000,9999.000,9999.000,9999.000,9999.000,9999.000,9999.000
202605172054,   2.378,9999.000,9999.000,9999.000,9999.000,9999.000,9999.000,9999.000,9999.000
202605172100,   2.540,9999.000,  -0.100,  -1.360,   1.080,  -0.200,   0.980,   0.000,   1.180
202605172106,   2.701,9999.000,9999.000,9999.000,9999.000,9999.000,9999.000,9999.000,9999.000
202605172112,   2.863,9999.000,9999.000,9999.000,9999.000,9999.000,9999.000,9999.000,9999.000
202605172118,   3.023,9999.000,9999.000,9999.000,9999.000,9999.000,9999.000,9999.000,9999.000
202605172124,   3.182,9999.000,9999.000,9999.000,9999.000,9999.000,9999.000,9999.000,9999.000
202605172130,   3.340,9999.000,9999.000,9999.000,9999.000,9999.000,9999.000,9999.000,9999.000
202605172136,   3.496,9999.000,9999.000,9999.000,9999.000,9999.000,9999.000,9999.000,9999.000
202605172142,   3.649,9999.000,9999.000,9999.000,9999.000,9999.000,9999.000,9999.000,9999.000
202605172148,   3.799,9999.000,9999.000,9999.000,9999.000,9999.000,9999.000,9999.000,9999.000
202605172154,   3.946,9999.000,9999.000,9999.000,9999.000,9999.000,9999.000,9999.000,9999.000
202605172200,   4.090,9999.000,  -0.100,  -1.483,   2.507,  -0.200,   2.407,   0.000,   2.607
202605172206,   4.231,9999.000,9999.000,9999.000,9999.000,9999.000,9999.000,9999.000,9999.000
202605172212,   4.367,9999.000,9999.000,9999.000,9999.000,9999.000,9999.000,9999.000,9999.000
202605172218,   4.499,9999.000,9999.000,9999.000,9999.000,9999.000,9999.000,9999.000,9999.000
202605172224,   4.627,9999.000,9999.000,9999.000,9999.000,9999.000,9999.000,9999.000,9999.000
202605172230,   4.750,9999.000,9999.000,9999.000,9999.000,9999.000,9999.000,9999.000,9999.000
202605172236,   4.869,9999.000,9999.000,9999.000,9999.000,9999.000,9999.000,9999.000,9999.000
202605172242,   4.982,9999.000,9999.000,9999.000,9999.000,9999.000,9999.000,9999.000,9999.000
202605172248,   5.090,9999.000,9999.000,9999.000,9999.000,9999.000,9999.000,9999.000,9999.000
202605172254,   5.194,9999.000,9999.000,9999.000,9999.000,9999.000,9999.000,9999.000,9999.000
202605172300,   5.292,9999.000,  -0.100,  -1.273,   3.919,  -0.300,   3.719,   0.000,   4.019
202605172306,   5.384,9999.000,9999.000,9999.000,9999.000,9999.000,9999.000,9999.000,9999.000
202605172312,   5.471,9999.000,9999.000,9999.000,9999.000,9999.000,9999.000,9999.000,9999.000
202605172318,   5.552,9999.000,9999.000,9999.000,9999.000,9999.000,9999.000,9999.000,9999.000
202605172324,   5.627,9999.000,9999.000,9999.000,9999.000,9999.000,9999.000,9999.000,9999.000
202605172330,   5.696,9999.000,9999.000,9999.000,9999.000,9999.000,9999.000,9999.000,9999.000
202605172336,   5.759,9999.000,9999.000,9999.000,9999.000,9999.000,9999.000,9999.000,9999.000
202605172342,   5.816,9999.000,9999.000,9999.000,9999.000,9999.000,9999.000,9999.000,9999.000
202605172348,   5.866,9999.000,9999.000,9999.000,9999.000,9999.000,9999.000,9999.000,9999.000
202605172354,   5.911,9999.000,9999.000,9999.000,9999.000,9999.000,9999.000,9999.000,9999.000
202605180000,   5.948,9999.000,  -0.100,  -0.786,   5.062,  -0.300,   4.862,   0.000,   5.162
202605180006,   5.979,9999.000,9999.000,9999.000,9999.000,9999.000,9999.000,9999.000,9999.000
202605180012,   6.003,9999.000,9999.000,9999.000,9999.000,9999.000,9999.000,9999.000,9999.000
202605180018,   6.020,9999.000,9999.000,9999.000,9999.000,9999.000,9999.000,9999.000,9999.000
202605180024,   6.030,9999.000,9999.000,9999.000,9999.000,9999.000,9999.000,9999.000,9999.000
202605180030,   6.033,9999.000,9999.000,9999.000,9999.000,9999.000,9999.000,9999.000,9999.000
202605180036,   6.029,9999.000,9999.000,9999.000,9999.000,9999.000,9999.000,9999.000,9999.000
202605180042,   6.017,9999.000,9999.000,9999.000,9999.000,9999.000,9999.000,9999.000,9999.000
202605180048,   5.998,9999.000,9999.000,9999.000,9999.000,9999.000,9999.000,9999.000,9999.000
202605180054,   5.971,9999.000,9999.000,9999.000,9999.000,9999.000,9999.000,9999.000,9999.000
202605180100,   5.937,9999.000,  -0.200,  -0.250,   5.487,  -0.300,   5.387,   0.000,   5.687
202605180106,   5.895,9999.000,9999.000,9999.000,9999.000,9999.000,9999.000,9999.000,9999.000
202605180112,   5.846,9999.000,9999.000,9999.000,9999.000,9999.000,9999.000,9999.000,9999.000
202605180118,   5.790,9999.000,9999.000,9999.000,9999.000,9999.000,9999.000,9999.000,9999.000
202605180124,   5.726,9999.000,9999.000,9999.000,9999.000,9999.000,9999.000,9999.000,9999.000
202605180130,   5.655,9999.000,9999.000,9999.000,9999.000,9999.000,9999.000,9999.000,9999.000
202605180136,   5.576,9999.000,9999.000,9999.000,9999.000,9999.000,9999.000,9999.000,9999.000
202605180142,   5.491,9999.000,9999.000,9999.000,9999.000,9999.000,9999.000,9999.000,9999.000
202605180148,   5.400,9999.000,9999.000,9999.000,9999.000,9999.000,9999.000,9999.000,9999.000
202605180154,   5.301,9999.000,9999.000,9999.000,9999.000,9999.000,9999.000,9999.000,9999.000
202605180200,   5.197,9999.000,  -0.200,   0.162,   5.159,  -0.300,   5.059,  -0.100,   5.259
202605180206,   5.087,9999.000,9999.000,9999.000,9999.000,9999.000,9999.000,9999.000,9999.000
202605180212,   4.972,9999.000,9999.000,9999.000,9999.000,9999.000,9999.000,9999.000,9999.000
202605180218,   4.851,9999.000,9999.000,9999.000,9999.000,9999.000,9999.000,9999.000,9999.000
202605180224,   4.726,9999.000,9999.000,9999.000,9999.000,9999.000,9999.000,9999.000,9999.000
202605180230,   4.596,9999.000,9999.000,9999.000,9999.000,9999.000,9999.000,9999.000,9999.000
202605180236,   4.463,9999.000,9999.000,9999.000,9999.000,9999.000,9999.000,9999.000,9999.000
202605180242,   4.326,9999.000,9999.000,9999.000,9999.000,9999.000,9999.000,9999.000,9999.000
202605180248,   4.186,9999.000,9999.000,9999.000,9999.000,9999.000,9999.000,9999.000,9999.000
202605180254,   4.044,9999.000,9999.000,9999.000,9999.000,9999.000,9999.000,9999.000,9999.000
202605180300,   3.899,9999.000,  -0.200,   0.413,   4.112,  -0.300,   4.012,  -0.100,   4.212
202605180306,   3.753,9999.000,9999.000,9999.000,9999.000,9999.000,9999.000,9999.000,9999.000
202605180312,   3.605,9999.000,9999.000,9999.000,9999.000,9999.000,9999.000,9999.000,9999.000
202605180318,   3.457,9999.000,9999.000,9999.000,9999.000,9999.000,9999.000,9999.000,9999.000
202605180324,   3.308,9999.000,9999.000,9999.000,9999.000,9999.000,9999.000,9999.000,9999.000
202605180330,   3.159,9999.000,9999.000,9999.000,9999.000,9999.000,9999.000,9999.000,9999.000
202605180336,   3.010,9999.000,9999.000,9999.000,9999.000,9999.000,9999.000,9999.000,9999.000
202605180342,   2.861,9999.000,9999.000,9999.000,9999.000,9999.000,9999.000,9999.000,9999.000
202605180348,   2.713,9999.000,9999.000,9999.000,9999.000,9999.000,9999.000,9999.000,9999.000
202605180354,   2.566,9999.000,9999.000,9999.000,9999.000,9999.000,9999.000,9999.000,9999.000
202605180400,   2.419,9999.000,  -0.200,   0.498,   2.717,  -0.300,   2.617,  -0.100,   2.817
202605180406,   2.274,9999.000,9999.000,9999.000,9999.000,9999.000,9999.000,9999.000,9999.000
202605180412,   2.131,9999.000,9999.000,9999.000,9999.000,9999.000,9999.000,9999.000,9999.000
202605180418,   1.989,9999.000,9999.000,9999.000,9999.000,9999.000,9999.000,9999.000,9999.000
202605180424,   1.849,9999.000,9999.000,9999.000,9999.000,9999.000,9999.000,9999.000,9999.000
202605180430,   1.711,9999.000,9999.000,9999.000,9999.000,9999.000,9999.000,9999.000,9999.000
202605180436,   1.575,9999.000,9999.000,9999.000,9999.000,9999.000,9999.000,9999.000,9999.000
202605180442,   1.441,9999.000,9999.000,9999.000,9999.000,9999.000,9999.000,9999.000,9999.000
202605180448,   1.309,9999.000,9999.000,9999.000,9999.000,9999.000,9999.000,9999.000,9999.000
202605180454,   1.179,9999.000,9999.000,9999.000,9999.000,9999.000,9999.000,9999.000,9999.000
202605180500,   1.053,9999.000,  -0.200,   0.404,   1.257,  -0.300,   1.157,   0.000,   1.457
202605180506,   0.929,9999.000,9999.000,9999.000,9999.000,9999.000,9999.000,9999.000,9999.000
202605180512,   0.808,9999.000,9999.000,9999.000,9999.000,9999.000,9999.000,9999.000,9999.000
202605180518,   0.690,9999.000,9999.000,9999.000,9999.000,9999.000,9999.000,9999.000,9999.000
202605180524,   0.576,9999.000,9999.000,9999.000,9999.000,9999.000,9999.000,9999.000,9999.000
202605180530,   0.465,9999.000,9999.000,9999.000,9999.000,9999.000,9999.000,9999.000,9999.000
202605180536,   0.359,9999.000,9999.000,9999.000,9999.000,9999.000,9999.000,9999.000,9999.000
202605180542,   0.256,9999.000,9999.000,9999.000,9999.000,9999.000,9999.000,9999.000,9999.000
202605180548,   0.158,9999.000,9999.000,9999.000,9999.000,9999.000,9999.000,9999.000,9999.000
202605180554,   0.066,9999.000,9999.000,9999.000,9999.000,9999.000,9999.000,9999.000,9999.000
202605180600,  -0.021,9999.000,  -0.200,   0.154,  -0.067,  -0.300,  -0.167,   0.000,   0.133
202605180606,  -0.103,9999.000,9999.000,9999.000,9999.000,9999.000,9999.000,9999.000,9999.000
202605180612,  -0.179,9999.000,9999.000,9999.000,9999.000,9999.000,9999.000,9999.000,9999.000
202605180618,  -0.248,9999.000,9999.000,9999.000,9999.000,9999.000,9999.000,9999.000,9999.000
202605180624,  -0.311,9999.000,9999.000,9999.000,9999.000,9999.000,9999.000,9999.000,9999.000
202605180630,  -0.367,9999.000,9999.000,9999.000,9999.000,9999.000,9999.000,9999.000,9999.000
202605180636,  -0.415,9999.000,9999.000,9999.000,9999.000,9999.000,9999.000,9999.000,9999.000
202605180642,  -0.456,9999.000,9999.000,9999.000,9999.000,9999.000,9999.000,9999.000,9999.000
202605180648,  -0.489,9999.000,9999.000,9999.000,9999.000,9999.000,9999.000,9999.000,9999.000
202605180654,  -0.513,9999.000,9999.000,9999.000,9999.000,9999.000,9999.000,9999.000,9999.000
202605180700,  -0.529,9999.000,  -0.100,  -0.211,  -0.840,  -0.300,  -1.040,   0.000,  -0.740
202605180706,  -0.537,9999.000,9999.000,9999.000,9999.000,9999.000,9999.000,9999.000,9999.000
202605180712,  -0.536,9999.000,9999.000,9999.000,9999.000,9999.000,9999.000,9999.000,9999.000
202605180718,  -0.526,9999.000,9999.000,9999.000,9999.000,9999.000,9999.000,9999.000,9999.000
202605180724,  -0.507,9999.000,9999.000,9999.000,9999.000,9999.000,9999.000,9999.000,9999.000
202605180730,  -0.480,9999.000,9999.000,9999.000,9999.000,9999.000,9999.000,9999.000,9999.000
202605180736,  -0.444,9999.000,9999.000,9999.000,9999.000,9999.000,9999.000,9999.000,9999.000
202605180742,  -0.399,9999.000,9999.000,9999.000,9999.000,9999.000,9999.000,9999.000,9999.000
202605180748,  -0.346,9999.000,9999.000,9999.000,9999.000,9999.000,9999.000,9999.000,9999.000
202605180754,  -0.285,9999.000,9999.000,9999.000,9999.000,9999.000,9999.000,9999.000,9999.000
202605180800,  -0.217,9999.000,  -0.100,  -0.653,  -0.970,  -0.200,  -1.070,   0.000,  -0.870
202605180806,  -0.140,9999.000,9999.000,9999.000,9999.000,9999.000,9999.000,9999.000,9999.000
202605180812,  -0.057,9999.000,9999.000,9999.000,9999.000,9999.000,9999.000,9999.000,9999.000
202605180818,   0.033,9999.000,9999.000,9999.000,9999.000,9999.000,9999.000,9999.000,9999.000
202605180824,   0.130,9999.000,9999.000,9999.000,9999.000,9999.000,9999.000,9999.000,9999.000
202605180830,   0.232,9999.000,9999.000,9999.000,9999.000,9999.000,9999.000,9999.000,9999.000
202605180836,   0.341,9999.000,9999.000,9999.000,9999.000,9999.000,9999.000,9999.000,9999.000
202605180842,   0.454,9999.000,9999.000,9999.000,9999.000,9999.000,9999.000,9999.000,9999.000
202605180848,   0.572,9999.000,9999.000,9999.000,9999.000,9999.000,9999.000,9999.000,9999.000
202605180854,   0.695,9999.000,9999.000,9999.000,9999.000,9999.000,9999.000,9999.000,9999.000
202605180900,   0.821,9999.000,  -0.100,  -1.073,  -0.352,  -0.200,  -0.452,   0.000,  -0.252
202605180906,   0.950,9999.000,9999.000,9999.000,9999.000,9999.000,9999.000,9999.000,9999.000
202605180912,   1.082,9999.000,9999.000,9999.000,9999.000,9999.000,9999.000,9999.000,9999.000
202605180918,   1.216,9999.000,9999.000,9999.000,9999.000,9999.000,9999.000,9999.000,9999.000
202605180924,   1.351,9999.000,9999.000,9999.000,9999.000,9999.000,9999.000,9999.000,9999.000
202605180930,   1.488,9999.000,9999.000,9999.000,9999.000,9999.000,9999.000,9999.000,9999.000
202605180936,   1.626,9999.000,9999.000,9999.000,9999.000,9999.000,9999.000,9999.000,9999.000
202605180942,   1.764,9999.000,9999.000,9999.000,9999.000,9999.000,9999.000,9999.000,9999.000
202605180948,   1.903,9999.000,9999.000,9999.000,9999.000,9999.000,9999.000,9999.000,9999.000
202605180954,   2.040,9999.000,9999.000,9999.000,9999.000,9999.000,9999.000,9999.000,9999.000
202605181000,   2.178,9999.000,  -0.100,  -1.292,   0.786,  -0.200,   0.686,   0.000,   0.886
202605181006,   2.313,9999.000,9999.000,9999.000,9999.000,9999.000,9999.000,9999.000,9999.000
202605181012,   2.448,9999.000,9999.000,9999.000,9999.000,9999.000,9999.000,9999.000,9999.000
202605181018,   2.581,9999.000,9999.000,9999.000,9999.000,9999.000,9999.000,9999.000,9999.000
202605181024,   2.711,9999.000,9999.000,9999.000,9999.000,9999.000,9999.000,9999.000,9999.000
202605181030,   2.839,9999.000,9999.000,9999.000,9999.000,9999.000,9999.000,9999.000,9999.000
202605181036,   2.965,9999.000,9999.000,9999.000,9999.000,9999.000,9999.000,9999.000,9999.000
202605181042,   3.088,9999.000,9999.000,9999.000,9999.000,9999.000,9999.000,9999.000,9999.000
202605181048,   3.208,9999.000,9999.000,9999.000,9999.000,9999.000,9999.000,9999.000,9999.000
202605181054,   3.325,9999.000,9999.000,9999.000,9999.000,9999.000,9999.000,9999.000,9999.000
202605181100,   3.438,9999.000,  -0.100,  -1.217,   2.121,  -0.200,   2.021,   0.000,   2.221
202605181106,   3.548,9999.000,9999.000,9999.000,9999.000,9999.000,9999.000,9999.000,9999.000
202605181112,   3.654,9999.000,9999.000,9999.000,9999.000,9999.000,9999.000,9999.000,9999.000
202605181118,   3.756,9999.000,9999.000,9999.000,9999.000,9999.000,9999.000,9999.000,9999.000
202605181124,   3.854,9999.000,9999.000,9999.000,9999.000,9999.000,9999.000,9999.000,9999.000
202605181130,   3.948,9999.000,9999.000,9999.000,9999.000,9999.000,9999.000,9999.000,9999.000
202605181136,   4.037,9999.000,9999.000,9999.000,9999.000,9999.000,9999.000,9999.000,9999.000
202605181142,   4.123,9999.000,9999.000,9999.000,9999.000,9999.000,9999.000,9999.000,9999.000
202605181148,   4.203,9999.000,9999.000,9999.000,9999.000,9999.000,9999.000,9999.000,9999.000
202605181154,   4.279,9999.000,9999.000,9999.000,9999.000,9999.000,9999.000,9999.000,9999.000
202605181200,   4.350,9999.000,   0.000,  -0.947,   3.403,  -0.100,   3.303,   0.000,   3.403
202605181206,   4.416,9999.000,9999.000,9999.000,9999.000,9999.000,9999.000,9999.000,9999.000
202605181212,   4.476,9999.000,9999.000,9999.000,9999.000,9999.000,9999.000,9999.000,9999.000
202605181218,   4.531,9999.000,9999.000,9999.000,9999.000,9999.000,9999.000,9999.000,9999.000
202605181224,   4.581,9999.000,9999.000,9999.000,9999.000,9999.000,9999.000,9999.000,9999.000
202605181230,   4.625,9999.000,9999.000,9999.000,9999.000,9999.000,9999.000,9999.000,9999.000
202605181236,   4.663,9999.000,9999.000,9999.000,9999.000,9999.000,9999.000,9999.000,9999.000
202605181242,   4.695,9999.000,9999.000,9999.000,9999.000,9999.000,9999.000,9999.000,9999.000
202605181248,   4.720,9999.000,9999.000,9999.000,9999.000,9999.000,9999.000,9999.000,9999.000
202605181254,   4.740,9999.000,9999.000,9999.000,9999.000,9999.000,9999.000,9999.000,9999.000
202605181300,   4.752,9999.000,   0.000,  -0.636,   4.116,  -0.100,   4.016,   0.100,   4.216
202605181306,   4.758,9999.000,9999.000,9999.000,9999.000,9999.000,9999.000,9999.000,9999.000
202605181312,   4.757,9999.000,9999.000,9999.000,9999.000,9999.000,9999.000,9999.000,9999.000
202605181318,   4.750,9999.000,9999.000,9999.000,9999.000,9999.000,9999.000,9999.000,9999.000
202605181324,   4.735,9999.000,9999.000,9999.000,9999.000,9999.000,9999.000,9999.000,9999.000
202605181330,   4.713,9999.000,9999.000,9999.000,9999.000,9999.000,9999.000,9999.000,9999.000
202605181336,   4.684,9999.000,9999.000,9999.000,9999.000,9999.000,9999.000,9999.000,9999.000
202605181342,   4.647,9999.000,9999.000,9999.000,9999.000,9999.000,9999.000,9999.000,9999.000
202605181348,   4.604,9999.000,9999.000,9999.000,9999.000,9999.000,9999.000,9999.000,9999.000
202605181354,   4.554,9999.000,9999.000,9999.000,9999.000,9999.000,9999.000,9999.000,9999.000
202605181400,   4.496,9999.000,   0.000,  -0.321,   4.175,  -0.100,   4.075,   0.100,   4.275
202605181406,   4.432,9999.000,9999.000,9999.000,9999.000,9999.000,9999.000,9999.000,9999.000
202605181412,   4.361,9999.000,9999.000,9999.000,9999.000,9999.000,9999.000,9999.000,9999.000
202605181418,   4.284,9999.000,9999.000,9999.000,9999.000,9999.000,9999.000,9999.000,9999.000
202605181424,   4.201,9999.000,9999.000,9999.000,9999.000,9999.000,9999.000,9999.000,9999.000
202605181430,   4.111,9999.000,9999.000,9999.000,9999.000,9999.000,9999.000,9999.000,9999.000
202605181436,   4.016,9999.000,9999.000,9999.000,9999.000,9999.000,9999.000,9999.000,9999.000
202605181442,   3.916,9999.000,9999.000,9999.000,9999.000,9999.000,9999.000,9999.000,9999.000
202605181448,   3.812,9999.000,9999.000,9999.000,9999.000,9999.000,9999.000,9999.000,9999.000
202605181454,   3.702,9999.000,9999.000,9999.000,9999.000,9999.000,9999.000,9999.000,9999.000
202605181500,   3.589,9999.000,   0.000,  -0.008,   3.581,   0.000,   3.581,   0.100,   3.681
202605181506,   3.472,9999.000,9999.000,9999.000,9999.000,9999.000,9999.000,9999.000,9999.000
202605181512,   3.353,9999.000,9999.000,9999.000,9999.000,9999.000,9999.000,9999.000,9999.000
202605181518,   3.230,9999.000,9999.000,9999.000,9999.000,9999.000,9999.000,9999.000,9999.000
202605181524,   3.106,9999.000,9999.000,9999.000,9999.000,9999.000,9999.000,9999.000,9999.000
202605181530,   2.980,9999.000,9999.000,9999.000,9999.000,9999.000,9999.000,9999.000,9999.000
202605181536,   2.852,9999.000,9999.000,9999.000,9999.000,9999.000,9999.000,9999.000,9999.000
202605181542,   2.724,9999.000,9999.000,9999.000,9999.000,9999.000,9999.000,9999.000,9999.000
202605181548,   2.595,9999.000,9999.000,9999.000,9999.000,9999.000,9999.000,9999.000,9999.000
202605181554,   2.466,9999.000,9999.000,9999.000,9999.000,9999.000,9999.000,9999.000,9999.000
202605181600,   2.338,9999.000,   0.100,   0.187,   2.625,   0.000,   2.525,   0.200,   2.725
202605181606,   2.210,9999.000,9999.000,9999.000,9999.000,9999.000,9999.000,9999.000,9999.000
202605181612,   2.083,9999.000,9999.000,9999.000,9999.000,9999.000,9999.000,9999.000,9999.000
202605181618,   1.957,9999.000,9999.000,9999.000,9999.000,9999.000,9999.000,9999.000,9999.000
202605181624,   1.833,9999.000,9999.000,9999.000,9999.000,9999.000,9999.000,9999.000,9999.000
202605181630,   1.710,9999.000,9999.000,9999.000,9999.000,9999.000,9999.000,9999.000,9999.000
202605181636,   1.590,9999.000,9999.000,9999.000,9999.000,9999.000,9999.000,9999.000,9999.000
202605181642,   1.471,9999.000,9999.000,9999.000,9999.000,9999.000,9999.000,9999.000,9999.000
202605181648,   1.355,9999.000,9999.000,9999.000,9999.000,9999.000,9999.000,9999.000,9999.000
202605181654,   1.242,9999.000,9999.000,9999.000,9999.000,9999.000,9999.000,9999.000,9999.000
202605181700,   1.130,9999.000,   0.100,   0.141,   1.371,   0.000,   1.271,   0.200,   1.471
202605181706,   1.022,9999.000,9999.000,9999.000,9999.000,9999.000,9999.000,9999.000,9999.000
202605181712,   0.917,9999.000,9999.000,9999.000,9999.000,9999.000,9999.000,9999.000,9999.000
202605181718,   0.815,9999.000,9999.000,9999.000,9999.000,9999.000,9999.000,9999.000,9999.000
202605181724,   0.716,9999.000,9999.000,9999.000,9999.000,9999.000,9999.000,9999.000,9999.000
202605181730,   0.621,9999.000,9999.000,9999.000,9999.000,9999.000,9999.000,9999.000,9999.000
202605181736,   0.530,9999.000,9999.000,9999.000,9999.000,9999.000,9999.000,9999.000,9999.000
202605181742,   0.442,9999.000,9999.000,9999.000,9999.000,9999.000,9999.000,9999.000,9999.000
202605181748,   0.359,9999.000,9999.000,9999.000,9999.000,9999.000,9999.000,9999.000,9999.000
202605181754,   0.280,9999.000,9999.000,9999.000,9999.000,9999.000,9999.000,9999.000,9999.000
202605181800,   0.206,9999.000,   0.100,  -0.106,   0.200,   0.000,   0.100,   0.200,   0.300
202605181806,   0.137,9999.000,9999.000,9999.000,9999.000,9999.000,9999.000,9999.000,9999.000
202605181812,   0.074,9999.000,9999.000,9999.000,9999.000,9999.000,9999.000,9999.000,9999.000
202605181818,   0.016,9999.000,9999.000,9999.000,9999.000,9999.000,9999.000,9999.000,9999.000
202605181824,  -0.035,9999.000,9999.000,9999.000,9999.000,9999.000,9999.000,9999.000,9999.000
202605181830,  -0.081,9999.000,9999.000,9999.000,9999.000,9999.000,9999.000,9999.000,9999.000
202605181836,  -0.120,9999.000,9999.000,9999.000,9999.000,9999.000,9999.000,9999.000,9999.000
202605181842,  -0.153,9999.000,9999.000,9999.000,9999.000,9999.000,9999.000,9999.000,9999.000
202605181848,  -0.178,9999.000,9999.000,9999.000,9999.000,9999.000,9999.000,9999.000,9999.000
202605181854,  -0.196,9999.000,9999.000,9999.000,9999.000,9999.000,9999.000,9999.000,9999.000
202605181900,  -0.206,9999.000,   0.100,  -0.424,  -0.530,   0.000,  -0.630,   0.200,  -0.430
202605181906,  -0.208,9999.000,9999.000,9999.000,9999.000,9999.000,9999.000,9999.000,9999.000
202605181912,  -0.203,9999.000,9999.000,9999.000,9999.000,9999.000,9999.000,9999.000,9999.000
202605181918,  -0.189,9999.000,9999.000,9999.000,9999.000,9999.000,9999.000,9999.000,9999.000
202605181924,  -0.167,9999.000,9999.000,9999.000,9999.000,9999.000,9999.000,9999.000,9999.000
202605181930,  -0.136,9999.000,9999.000,9999.000,9999.000,9999.000,9999.000,9999.000,9999.000
202605181936,  -0.097,9999.000,9999.000,9999.000,9999.000,9999.000,9999.000,9999.000,9999.000
202605181942,  -0.049,9999.000,9999.000,9999.000,9999.000,9999.000,9999.000,9999.000,9999.000
202605181948,   0.006,9999.000,9999.000,9999.000,9999.000,9999.000,9999.000,9999.000,9999.000
202605181954,   0.070,9999.000,9999.000,9999.000,9999.000,9999.000,9999.000,9999.000,9999.000
202605182000,   0.143,9999.000,   0.200,  -0.766,  -0.423,   0.100,  -0.523,   0.300,  -0.323
202605182006,   0.223,9999.000,9999.000,9999.000,9999.000,9999.000,9999.000,9999.000,9999.000
202605182012,   0.311,9999.000,9999.000,9999.000,9999.000,9999.000,9999.000,9999.000,9999.000
202605182018,   0.407,9999.000,9999.000,9999.000,9999.000,9999.000,9999.000,9999.000,9999.000
202605182024,   0.510,9999.000,9999.000,9999.000,9999.000,9999.000,9999.000,9999.000,9999.000
202605182030,   0.619,9999.000,9999.000,9999.000,9999.000,9999.000,9999.000,9999.000,9999.000
202605182036,   0.735,9999.000,9999.000,9999.000,9999.000,9999.000,9999.000,9999.000,9999.000
202605182042,   0.857,9999.000,9999.000,9999.000,9999.000,9999.000,9999.000,9999.000,9999.000
202605182048,   0.985,9999.000,9999.000,9999.000,9999.000,9999.000,9999.000,9999.000,9999.000
202605182054,   1.118,9999.000,9999.000,9999.000,9999.000,9999.000,9999.000,9999.000,9999.000
202605182100,   1.255,9999.000,   0.200,  -1.126,   0.329,   0.100,   0.229,   0.300,   0.429
202605182106,   1.396,9999.000,9999.000,9999.000,9999.000,9999.000,9999.000,9999.000,9999.000
202605182112,   1.541,9999.000,9999.000,9999.000,9999.000,9999.000,9999.000,9999.000,9999.000
202605182118,   1.690,9999.000,9999.000,9999.000,9999.000,9999.000,9999.000,9999.000,9999.000
202605182124,   1.840,9999.000,9999.000,9999.000,9999.000,9999.000,9999.000,9999.000,9999.000
202605182130,   1.993,9999.000,9999.000,9999.000,9999.000,9999.000,9999.000,9999.000,9999.000
202605182136,   2.147,9999.000,9999.000,9999.000,9999.000,9999.000,9999.000,9999.000,9999.000
202605182142,   2.303,9999.000,9999.000,9999.000,9999.000,9999.000,9999.000,9999.000,9999.000
202605182148,   2.459,9999.000,9999.000,9999.000,9999.000,9999.000,9999.000,9999.000,9999.000
202605182154,   2.615,9999.000,9999.000,9999.000,9999.000,9999.000,9999.000,9999.000,9999.000
202605182200,   2.770,9999.000,   0.200,  -1.371,   1.599,   0.100,   1.499,   0.300,   1.699
202605182206,   2.925,9999.000,9999.000,9999.000,9999.000,9999.000,9999.000,9999.000,9999.000
202605182212,   3.079,9999.000,9999.000,9999.000,9999.000,9999.000,9999.000,9999.000,9999.000
202605182218,   3.231,9999.000,9999.000,9999.000,9999.000,9999.000,9999.000,9999.000,9999.000
202605182224,   3.380,9999.000,9999.000,9999.000,9999.000,9999.000,9999.000,9999.000,9999.000
202605182230,   3.528,9999.000,9999.000,9999.000,9999.000,9999.000,9999.000,9999.000,9999.000
202605182236,   3.673,9999.000,9999.000,9999.000,9999.000,9999.000,9999.000,9999.000,9999.000
202605182242,   3.814,9999.000,9999.000,9999.000,9999.000,9999.000,9999.000,9999.000,9999.000
202605182248,   3.953,9999.000,9999.000,9999.000,9999.000,9999.000,9999.000,9999.000,9999.000
202605182254,   4.088,9999.000,9999.000,9999.000,9999.000,9999.000,9999.000,9999.000,9999.000
202605182300,   4.219,9999.000,   0.200,  -0.489,   3.930,   0.100,   3.830,   0.300,   4.030
202605182306,   4.346,9999.000,9999.000,9999.000,9999.000,9999.000,9999.000,9999.000,9999.000
202605182312,   4.469,9999.000,9999.000,9999.000,9999.000,9999.000,9999.000,9999.000,9999.000
202605182318,   4.588,9999.000,9999.000,9999.000,9999.000,9999.000,9999.000,9999.000,9999.000
202605182324,   4.702,9999.000,9999.000,9999.000,9999.000,9999.000,9999.000,9999.000,9999.000
202605182330,   4.812,9999.000,9999.000,9999.000,9999.000,9999.000,9999.000,9999.000,9999.000
202605182336,   4.917,9999.000,9999.000,9999.000,9999.000,9999.000,9999.000,9999.000,9999.000
202605182342,   5.017,9999.000,9999.000,9999.000,9999.000,9999.000,9999.000,9999.000,9999.000
202605182348,   5.112,9999.000,9999.000,9999.000,9999.000,9999.000,9999.000,9999.000,9999.000
202605182354,   5.203,9999.000,9999.000,9999.000,9999.000,9999.000,9999.000,9999.000,9999.000
202605190000,   5.288,9999.000,   0.200,  -0.489,   4.999,   0.000,   4.799,   0.300,   5.099
