        TIME,    TIDE,      OB,   SURGE,    BIAS,     TWL,SURGE90p,  TWL90p,SURGE10p,   TWL10p
202606201200,   5.482,   6.628,   0.500,   0.646,   6.628,   0.400,   6.528,   0.500,   6.628
202606201206,   5.587,9999.000,9999.000,9999.000,9999.000,9999.000,9999.000,9999.000,9999.000
202606201212,   5.686,   6.838,9999.000,9999.000,9999.000,9999.000,9999.000,9999.000,9999.000
202606201218,   5.780,9999.000,9999.000,9999.000,9999.000,9999.000,9999.000,9999.000,9999.000
202606201224,   5.867,   7.019,9999.000,9999.000,9999.000,9999.000,9999.000,9999.000,9999.000
202606201230,   5.947,9999.000,9999.000,9999.000,9999.000,9999.000,9999.000,9999.000,9999.000
202606201236,   6.021,   7.166,9999.000,9999.000,9999.000,9999.000,9999.000,9999.000,9999.000
202606201242,   6.089,9999.000,9999.000,9999.000,9999.000,9999.000,9999.000,9999.000,9999.000
202606201248,   6.149,   7.307,9999.000,9999.000,9999.000,9999.000,9999.000,9999.000,9999.000
202606201254,   6.203,9999.000,9999.000,9999.000,9999.000,9999.000,9999.000,9999.000,9999.000
202606201300,   6.249,   7.419,   0.500,   0.670,   7.419,   0.400,   7.319,   0.500,   7.419
202606201306,   6.289,   7.458,9999.000,9999.000,9999.000,9999.000,9999.000,9999.000,9999.000
202606201312,   6.321,   7.009,9999.000,9999.000,9999.000,9999.000,9999.000,9999.000,9999.000
202606201318,   6.345,   7.537,9999.000,9999.000,9999.000,9999.000,9999.000,9999.000,9999.000
202606201324,   6.362,   7.557,9999.000,9999.000,9999.000,9999.000,9999.000,9999.000,9999.000
202606201330,   6.372,   7.566,9999.000,9999.000,9999.000,9999.000,9999.000,9999.000,9999.000
202606201336,   6.374,   7.527,9999.000,9999.000,9999.000,9999.000,9999.000,9999.000,9999.000
202606201342,   6.368,   7.527,9999.000,9999.000,9999.000,9999.000,9999.000,9999.000,9999.000
202606201348,   6.355,   7.517,9999.000,9999.000,9999.000,9999.000,9999.000,9999.000,9999.000
202606201354,   6.334,   7.498,9999.000,9999.000,9999.000,9999.000,9999.000,9999.000,9999.000
202606201400,   6.306,   7.439,   0.500,   0.633,   7.439,   0.400,   7.339,   0.500,   7.439
202606201406,   6.271,   7.409,9999.000,9999.000,9999.000,9999.000,9999.000,9999.000,9999.000
202606201412,   6.229,   7.327,9999.000,9999.000,9999.000,9999.000,9999.000,9999.000,9999.000
202606201418,   6.179,   7.258,9999.000,9999.000,9999.000,9999.000,9999.000,9999.000,9999.000
202606201424,   6.123,   7.166,9999.000,9999.000,9999.000,9999.000,9999.000,9999.000,9999.000
202606201430,   6.061,   7.078,9999.000,9999.000,9999.000,9999.000,9999.000,9999.000,9999.000
202606201436,   5.993,   6.989,9999.000,9999.000,9999.000,9999.000,9999.000,9999.000,9999.000
202606201442,   5.918,   6.878,9999.000,9999.000,9999.000,9999.000,9999.000,9999.000,9999.000
202606201448,   5.838,   6.779,9999.000,9999.000,9999.000,9999.000,9999.000,9999.000,9999.000
202606201454,   5.753,   6.658,9999.000,9999.000,9999.000,9999.000,9999.000,9999.000,9999.000
202606201500,   5.663,   6.556,   0.500,   0.393,   6.556,   0.400,   6.456,   0.500,   6.556
202606201506,   5.569,   6.438,9999.000,9999.000,9999.000,9999.000,9999.000,9999.000,9999.000
202606201512,   5.470,   6.317,9999.000,9999.000,9999.000,9999.000,9999.000,9999.000,9999.000
202606201518,   5.368,   6.199,9999.000,9999.000,9999.000,9999.000,9999.000,9999.000,9999.000
202606201524,   5.262,   6.087,9999.000,9999.000,9999.000,9999.000,9999.000,9999.000,9999.000
202606201530,   5.153,   5.969,9999.000,9999.000,9999.000,9999.000,9999.000,9999.000,9999.000
202606201536,   5.042,   5.838,9999.000,9999.000,9999.000,9999.000,9999.000,9999.000,9999.000
202606201542,   4.927,   5.707,9999.000,9999.000,9999.000,9999.000,9999.000,9999.000,9999.000
202606201548,   4.811,   5.589,9999.000,9999.000,9999.000,9999.000,9999.000,9999.000,9999.000
202606201554,   4.692,   5.457,9999.000,9999.000,9999.000,9999.000,9999.000,9999.000,9999.000
202606201600,   4.571,   5.339,   0.500,   0.268,   5.339,   0.400,   5.239,   0.500,   5.339
202606201606,   4.449,   5.208,9999.000,9999.000,9999.000,9999.000,9999.000,9999.000,9999.000
202606201612,   4.326,   5.067,9999.000,9999.000,9999.000,9999.000,9999.000,9999.000,9999.000
202606201618,   4.201,   4.939,9999.000,9999.000,9999.000,9999.000,9999.000,9999.000,9999.000
202606201624,   4.075,   4.808,9999.000,9999.000,9999.000,9999.000,9999.000,9999.000,9999.000
202606201630,   3.949,   4.677,9999.000,9999.000,9999.000,9999.000,9999.000,9999.000,9999.000
202606201636,   3.821,   4.539,9999.000,9999.000,9999.000,9999.000,9999.000,9999.000,9999.000
202606201642,   3.693,   4.398,9999.000,9999.000,9999.000,9999.000,9999.000,9999.000,9999.000
202606201648,   3.564,   4.257,9999.000,9999.000,9999.000,9999.000,9999.000,9999.000,9999.000
202606201654,   3.435,   4.129,9999.000,9999.000,9999.000,9999.000,9999.000,9999.000,9999.000
202606201700,   3.305,   3.988,   0.500,   0.183,   3.988,   0.400,   3.888,   0.500,   3.988
202606201706,   3.175,   3.860,9999.000,9999.000,9999.000,9999.000,9999.000,9999.000,9999.000
202606201712,   3.044,   3.729,9999.000,9999.000,9999.000,9999.000,9999.000,9999.000,9999.000
202606201718,   2.914,   3.598,9999.000,9999.000,9999.000,9999.000,9999.000,9999.000,9999.000
202606201724,   2.784,   3.470,9999.000,9999.000,9999.000,9999.000,9999.000,9999.000,9999.000
202606201730,   2.654,   3.348,9999.000,9999.000,9999.000,9999.000,9999.000,9999.000,9999.000
202606201736,   2.524,   3.230,9999.000,9999.000,9999.000,9999.000,9999.000,9999.000,9999.000
202606201742,   2.394,   3.109,9999.000,9999.000,9999.000,9999.000,9999.000,9999.000,9999.000
202606201748,   2.265,   2.997,9999.000,9999.000,9999.000,9999.000,9999.000,9999.000,9999.000
202606201754,   2.137,   2.850,9999.000,9999.000,9999.000,9999.000,9999.000,9999.000,9999.000
202606201800,   2.010,   2.728,   0.400,   0.318,   2.728,   0.300,   2.628,   0.400,   2.728
202606201806,   1.884,   2.597,9999.000,9999.000,9999.000,9999.000,9999.000,9999.000,9999.000
202606201812,   1.758,   2.489,9999.000,9999.000,9999.000,9999.000,9999.000,9999.000,9999.000
202606201818,   1.634,   2.400,9999.000,9999.000,9999.000,9999.000,9999.000,9999.000,9999.000
202606201824,   1.512,   2.299,9999.000,9999.000,9999.000,9999.000,9999.000,9999.000,9999.000
202606201830,   1.391,   2.191,9999.000,9999.000,9999.000,9999.000,9999.000,9999.000,9999.000
202606201836,   1.272,   2.040,9999.000,9999.000,9999.000,9999.000,9999.000,9999.000,9999.000
202606201842,   1.155,   1.918,9999.000,9999.000,9999.000,9999.000,9999.000,9999.000,9999.000
202606201848,   1.040,   1.830,9999.000,9999.000,9999.000,9999.000,9999.000,9999.000,9999.000
202606201854,   0.927,   1.728,9999.000,9999.000,9999.000,9999.000,9999.000,9999.000,9999.000
202606201900,   0.817,   1.630,   0.400,   0.413,   1.630,   0.300,   1.530,   0.400,   1.630
202606201906,   0.709,   1.548,9999.000,9999.000,9999.000,9999.000,9999.000,9999.000,9999.000
202606201912,   0.604,   1.439,9999.000,9999.000,9999.000,9999.000,9999.000,9999.000,9999.000
202606201918,   0.503,   1.361,9999.000,9999.000,9999.000,9999.000,9999.000,9999.000,9999.000
202606201924,   0.404,   1.279,9999.000,9999.000,9999.000,9999.000,9999.000,9999.000,9999.000
202606201930,   0.309,   1.180,9999.000,9999.000,9999.000,9999.000,9999.000,9999.000,9999.000
202606201936,   0.219,   1.098,9999.000,9999.000,9999.000,9999.000,9999.000,9999.000,9999.000
202606201942,   0.132,   1.029,9999.000,9999.000,9999.000,9999.000,9999.000,9999.000,9999.000
202606201948,   0.050,   0.961,9999.000,9999.000,9999.000,9999.000,9999.000,9999.000,9999.000
202606201954,  -0.026,   0.888,9999.000,9999.000,9999.000,9999.000,9999.000,9999.000,9999.000
202606202000,  -0.098,   0.810,   0.400,   0.508,   0.810,   0.300,   0.710,   0.400,   0.810
202606202006,  -0.165,   0.741,9999.000,9999.000,9999.000,9999.000,9999.000,9999.000,9999.000
202606202012,  -0.225,   0.678,9999.000,9999.000,9999.000,9999.000,9999.000,9999.000,9999.000
202606202018,  -0.279,   0.619,9999.000,9999.000,9999.000,9999.000,9999.000,9999.000,9999.000
202606202024,  -0.325,   0.570,9999.000,9999.000,9999.000,9999.000,9999.000,9999.000,9999.000
202606202030,  -0.365,   0.551,9999.000,9999.000,9999.000,9999.000,9999.000,9999.000,9999.000
202606202036,  -0.396,   0.488,9999.000,9999.000,9999.000,9999.000,9999.000,9999.000,9999.000
202606202042,  -0.420,   0.459,9999.000,9999.000,9999.000,9999.000,9999.000,9999.000,9999.000
202606202048,  -0.435,   0.429,9999.000,9999.000,9999.000,9999.000,9999.000,9999.000,9999.000
202606202054,  -0.441,   0.409,9999.000,9999.000,9999.000,9999.000,9999.000,9999.000,9999.000
202606202100,  -0.437,   0.400,   0.400,   0.437,   0.400,   0.300,   0.300,   0.400,   0.400
202606202106,  -0.424,   0.400,9999.000,9999.000,9999.000,9999.000,9999.000,9999.000,9999.000
202606202112,  -0.401,   0.409,9999.000,9999.000,9999.000,9999.000,9999.000,9999.000,9999.000
202606202118,  -0.368,   0.419,9999.000,9999.000,9999.000,9999.000,9999.000,9999.000,9999.000
202606202124,  -0.324,   0.449,9999.000,9999.000,9999.000,9999.000,9999.000,9999.000,9999.000
202606202130,  -0.271,   0.488,9999.000,9999.000,9999.000,9999.000,9999.000,9999.000,9999.000
202606202136,  -0.207,   0.551,9999.000,9999.000,9999.000,9999.000,9999.000,9999.000,9999.000
202606202142,  -0.132,   0.619,9999.000,9999.000,9999.000,9999.000,9999.000,9999.000,9999.000
202606202148,  -0.048,   0.708,9999.000,9999.000,9999.000,9999.000,9999.000,9999.000,9999.000
202606202154,   0.045,   0.810,9999.000,9999.000,9999.000,9999.000,9999.000,9999.000,9999.000
202606202200,   0.150,   0.918,   0.400,   0.368,   0.918,   0.300,   0.818,   0.400,   0.918
202606202206,   0.263,   1.039,9999.000,9999.000,9999.000,9999.000,9999.000,9999.000,9999.000
202606202212,   0.385,   1.170,9999.000,9999.000,9999.000,9999.000,9999.000,9999.000,9999.000
202606202218,   0.516,   1.328,9999.000,9999.000,9999.000,9999.000,9999.000,9999.000,9999.000
202606202224,   0.655,   1.479,9999.000,9999.000,9999.000,9999.000,9999.000,9999.000,9999.000
202606202230,   0.802,   1.630,9999.000,9999.000,9999.000,9999.000,9999.000,9999.000,9999.000
202606202236,   0.955,   1.810,9999.000,9999.000,9999.000,9999.000,9999.000,9999.000,9999.000
202606202242,   1.115,   1.981,9999.000,9999.000,9999.000,9999.000,9999.000,9999.000,9999.000
202606202248,   1.280,   2.158,9999.000,9999.000,9999.000,9999.000,9999.000,9999.000,9999.000
202606202254,   1.450,   2.358,9999.000,9999.000,9999.000,9999.000,9999.000,9999.000,9999.000
202606202300,   1.625,   2.558,   0.400,   0.533,   2.558,   0.300,   2.458,   0.400,   2.558
202606202306,   1.803,   2.738,9999.000,9999.000,9999.000,9999.000,9999.000,9999.000,9999.000
202606202312,   1.985,   2.929,9999.000,9999.000,9999.000,9999.000,9999.000,9999.000,9999.000
202606202318,   2.169,   3.109,9999.000,9999.000,9999.000,9999.000,9999.000,9999.000,9999.000
202606202324,   2.355,   3.289,9999.000,9999.000,9999.000,9999.000,9999.000,9999.000,9999.000
202606202330,   2.542,   3.480,9999.000,9999.000,9999.000,9999.000,9999.000,9999.000,9999.000
202606202336,   2.729,   3.670,9999.000,9999.000,9999.000,9999.000,9999.000,9999.000,9999.000
202606202342,   2.917,   3.847,9999.000,9999.000,9999.000,9999.000,9999.000,9999.000,9999.000
202606202348,   3.105,   4.037,9999.000,9999.000,9999.000,9999.000,9999.000,9999.000,9999.000
202606202354,   3.292,   4.218,9999.000,9999.000,9999.000,9999.000,9999.000,9999.000,9999.000
202606210000,   3.478,   4.398,   0.400,   0.520,   4.398,   0.400,   4.398,   0.400,   4.398
202606210006,   3.662,   4.578,9999.000,9999.000,9999.000,9999.000,9999.000,9999.000,9999.000
202606210012,   3.844,   4.749,9999.000,9999.000,9999.000,9999.000,9999.000,9999.000,9999.000
202606210018,   4.023,   4.919,9999.000,9999.000,9999.000,9999.000,9999.000,9999.000,9999.000
202606210024,   4.200,   5.087,9999.000,9999.000,9999.000,9999.000,9999.000,9999.000,9999.000
202606210030,   4.373,   5.238,9999.000,9999.000,9999.000,9999.000,9999.000,9999.000,9999.000
202606210036,   4.543,   5.379,9999.000,9999.000,9999.000,9999.000,9999.000,9999.000,9999.000
202606210042,   4.709,   5.549,9999.000,9999.000,9999.000,9999.000,9999.000,9999.000,9999.000
202606210048,   4.870,   5.707,9999.000,9999.000,9999.000,9999.000,9999.000,9999.000,9999.000
202606210054,   5.027,   5.867,9999.000,9999.000,9999.000,9999.000,9999.000,9999.000,9999.000
202606210100,   5.179,   5.989,   0.400,   0.410,   5.989,   0.400,   5.989,   0.400,   5.989
202606210106,   5.326,   6.028,9999.000,9999.000,9999.000,9999.000,9999.000,9999.000,9999.000
202606210112,   5.467,   6.228,9999.000,9999.000,9999.000,9999.000,9999.000,9999.000,9999.000
202606210118,   5.601,   6.399,9999.000,9999.000,9999.000,9999.000,9999.000,9999.000,9999.000
202606210124,   5.730,   6.507,9999.000,9999.000,9999.000,9999.000,9999.000,9999.000,9999.000
202606210130,   5.852,   6.619,9999.000,9999.000,9999.000,9999.000,9999.000,9999.000,9999.000
202606210136,   5.966,   6.746,9999.000,9999.000,9999.000,9999.000,9999.000,9999.000,9999.000
202606210142,   6.073,   6.838,9999.000,9999.000,9999.000,9999.000,9999.000,9999.000,9999.000
202606210148,   6.173,   6.927,9999.000,9999.000,9999.000,9999.000,9999.000,9999.000,9999.000
202606210154,   6.264,   7.009,9999.000,9999.000,9999.000,9999.000,9999.000,9999.000,9999.000
202606210200,   6.348,   7.097,   0.400,   0.349,   7.097,   0.400,   7.097,   0.400,   7.097
202606210206,   6.423,   7.199,9999.000,9999.000,9999.000,9999.000,9999.000,9999.000,9999.000
202606210212,   6.489,   7.248,9999.000,9999.000,9999.000,9999.000,9999.000,9999.000,9999.000
202606210218,   6.547,   7.307,9999.000,9999.000,9999.000,9999.000,9999.000,9999.000,9999.000
202606210224,   6.595,   7.357,9999.000,9999.000,9999.000,9999.000,9999.000,9999.000,9999.000
202606210230,   6.635,   7.409,9999.000,9999.000,9999.000,9999.000,9999.000,9999.000,9999.000
202606210236,   6.666,   7.429,9999.000,9999.000,9999.000,9999.000,9999.000,9999.000,9999.000
202606210242,   6.687,   7.448,9999.000,9999.000,9999.000,9999.000,9999.000,9999.000,9999.000
202606210248,   6.700,   7.468,9999.000,9999.000,9999.000,9999.000,9999.000,9999.000,9999.000
202606210254,   6.704,   7.468,9999.000,9999.000,9999.000,9999.000,9999.000,9999.000,9999.000
202606210300,   6.700,   7.468,   0.400,   0.368,   7.468,   0.400,   7.468,   0.400,   7.468
202606210306,   6.687,   7.458,9999.000,9999.000,9999.000,9999.000,9999.000,9999.000,9999.000
202606210312,   6.666,   7.448,9999.000,9999.000,9999.000,9999.000,9999.000,9999.000,9999.000
202606210318,   6.637,   7.419,9999.000,9999.000,9999.000,9999.000,9999.000,9999.000,9999.000
202606210324,   6.600,   7.376,9999.000,9999.000,9999.000,9999.000,9999.000,9999.000,9999.000
202606210330,   6.556,   7.327,9999.000,9999.000,9999.000,9999.000,9999.000,9999.000,9999.000
202606210336,   6.505,   7.268,9999.000,9999.000,9999.000,9999.000,9999.000,9999.000,9999.000
202606210342,   6.447,   7.209,9999.000,9999.000,9999.000,9999.000,9999.000,9999.000,9999.000
202606210348,   6.382,   7.127,9999.000,9999.000,9999.000,9999.000,9999.000,9999.000,9999.000
202606210354,   6.312,   7.048,9999.000,9999.000,9999.000,9999.000,9999.000,9999.000,9999.000
202606210400,   6.236,   6.956,   0.400,   0.320,   6.956,   0.400,   6.956,   0.400,   6.956
202606210406,   6.154,   6.858,9999.000,9999.000,9999.000,9999.000,9999.000,9999.000,9999.000
202606210412,   6.068,   6.746,9999.000,9999.000,9999.000,9999.000,9999.000,9999.000,9999.000
202606210418,   5.976,   6.638,9999.000,9999.000,9999.000,9999.000,9999.000,9999.000,9999.000
202606210424,   5.881,   6.527,9999.000,9999.000,9999.000,9999.000,9999.000,9999.000,9999.000
202606210430,   5.781,   6.409,9999.000,9999.000,9999.000,9999.000,9999.000,9999.000,9999.000
202606210436,   5.677,   6.287,9999.000,9999.000,9999.000,9999.000,9999.000,9999.000,9999.000
202606210442,   5.570,   6.169,9999.000,9999.000,9999.000,9999.000,9999.000,9999.000,9999.000
202606210448,   5.460,   6.048,9999.000,9999.000,9999.000,9999.000,9999.000,9999.000,9999.000
202606210454,   5.346,   5.917,9999.000,9999.000,9999.000,9999.000,9999.000,9999.000,9999.000
202606210500,   5.230,   5.789,   0.400,   0.159,   5.789,   0.400,   5.789,   0.400,   5.789
202606210506,   5.112,   5.657,9999.000,9999.000,9999.000,9999.000,9999.000,9999.000,9999.000
202606210512,   4.991,   5.530,9999.000,9999.000,9999.000,9999.000,9999.000,9999.000,9999.000
202606210518,   4.869,   5.398,9999.000,9999.000,9999.000,9999.000,9999.000,9999.000,9999.000
202606210524,   4.745,   5.267,9999.000,9999.000,9999.000,9999.000,9999.000,9999.000,9999.000
202606210530,   4.619,   5.139,9999.000,9999.000,9999.000,9999.000,9999.000,9999.000,9999.000
202606210536,   4.493,   5.008,9999.000,9999.000,9999.000,9999.000,9999.000,9999.000,9999.000
202606210542,   4.365,   4.877,9999.000,9999.000,9999.000,9999.000,9999.000,9999.000,9999.000
202606210548,   4.237,   4.759,9999.000,9999.000,9999.000,9999.000,9999.000,9999.000,9999.000
202606210554,   4.109,   4.598,9999.000,9999.000,9999.000,9999.000,9999.000,9999.000,9999.000
202606210600,   3.981,   4.500,   0.500,   0.019,   4.500,   0.500,   4.500,   0.500,   4.500
202606210606,   3.853,   4.378,9999.000,9999.000,9999.000,9999.000,9999.000,9999.000,9999.000
202606210612,   3.725,   4.257,9999.000,9999.000,9999.000,9999.000,9999.000,9999.000,9999.000
202606210618,   3.598,   4.149,9999.000,9999.000,9999.000,9999.000,9999.000,9999.000,9999.000
202606210624,   3.473,   3.968,9999.000,9999.000,9999.000,9999.000,9999.000,9999.000,9999.000
202606210630,   3.348,   3.860,9999.000,9999.000,9999.000,9999.000,9999.000,9999.000,9999.000
202606210636,   3.225,   3.739,9999.000,9999.000,9999.000,9999.000,9999.000,9999.000,9999.000
202606210642,   3.104,   3.650,9999.000,9999.000,9999.000,9999.000,9999.000,9999.000,9999.000
202606210648,   2.985,   3.529,9999.000,9999.000,9999.000,9999.000,9999.000,9999.000,9999.000
202606210654,   2.869,   3.407,9999.000,9999.000,9999.000,9999.000,9999.000,9999.000,9999.000
202606210700,   2.754,   3.319,   0.500,   0.065,   3.319,   0.400,   3.219,   0.500,   3.319
202606210706,   2.643,   3.197,9999.000,9999.000,9999.000,9999.000,9999.000,9999.000,9999.000
202606210712,   2.534,   3.089,9999.000,9999.000,9999.000,9999.000,9999.000,9999.000,9999.000
202606210718,   2.428,   2.997,9999.000,9999.000,9999.000,9999.000,9999.000,9999.000,9999.000
202606210724,   2.325,   2.899,9999.000,9999.000,9999.000,9999.000,9999.000,9999.000,9999.000
202606210730,   2.226,   2.807,9999.000,9999.000,9999.000,9999.000,9999.000,9999.000,9999.000
202606210736,   2.130,   2.719,9999.000,9999.000,9999.000,9999.000,9999.000,9999.000,9999.000
202606210742,   2.038,   2.620,9999.000,9999.000,9999.000,9999.000,9999.000,9999.000,9999.000
202606210748,   1.950,   2.538,9999.000,9999.000,9999.000,9999.000,9999.000,9999.000,9999.000
202606210754,   1.866,   2.459,9999.000,9999.000,9999.000,9999.000,9999.000,9999.000,9999.000
202606210800,   1.786,   2.368,   0.500,   0.082,   2.368,   0.400,   2.268,   0.500,   2.368
202606210806,   1.710,   2.299,9999.000,9999.000,9999.000,9999.000,9999.000,9999.000,9999.000
202606210812,   1.640,   2.230,9999.000,9999.000,9999.000,9999.000,9999.000,9999.000,9999.000
202606210818,   1.574,   2.158,9999.000,9999.000,9999.000,9999.000,9999.000,9999.000,9999.000
202606210824,   1.514,   2.089,9999.000,9999.000,9999.000,9999.000,9999.000,9999.000,9999.000
202606210830,   1.459,   2.030,9999.000,9999.000,9999.000,9999.000,9999.000,9999.000,9999.000
202606210836,   1.409,   1.990,9999.000,9999.000,9999.000,9999.000,9999.000,9999.000,9999.000
202606210842,   1.366,   1.928,9999.000,9999.000,9999.000,9999.000,9999.000,9999.000,9999.000
202606210848,   1.329,   1.899,9999.000,9999.000,9999.000,9999.000,9999.000,9999.000,9999.000
202606210854,   1.299,   1.849,9999.000,9999.000,9999.000,9999.000,9999.000,9999.000,9999.000
202606210900,   1.275,   1.820,   0.500,   0.045,   1.820,   0.400,   1.720,   0.500,   1.820
202606210906,   1.259,   1.790,9999.000,9999.000,9999.000,9999.000,9999.000,9999.000,9999.000
202606210912,   1.250,   1.767,9999.000,9999.000,9999.000,9999.000,9999.000,9999.000,9999.000
202606210918,   1.248,   1.767,9999.000,9999.000,9999.000,9999.000,9999.000,9999.000,9999.000
202606210924,   1.254,   1.758,9999.000,9999.000,9999.000,9999.000,9999.000,9999.000,9999.000
202606210930,   1.269,   1.748,9999.000,9999.000,9999.000,9999.000,9999.000,9999.000,9999.000
202606210936,   1.291,   1.767,9999.000,9999.000,9999.000,9999.000,9999.000,9999.000,9999.000
202606210942,   1.322,   1.781,9999.000,9999.000,9999.000,9999.000,9999.000,9999.000,9999.000
202606210948,   1.361,   1.800,9999.000,9999.000,9999.000,9999.000,9999.000,9999.000,9999.000
202606210954,   1.408,   1.830,9999.000,9999.000,9999.000,9999.000,9999.000,9999.000,9999.000
202606211000,   1.463,   1.879,   0.400,   0.016,   1.879,   0.400,   1.879,   0.500,   1.979
202606211006,   1.526,   1.938,9999.000,9999.000,9999.000,9999.000,9999.000,9999.000,9999.000
202606211012,   1.597,   2.000,9999.000,9999.000,9999.000,9999.000,9999.000,9999.000,9999.000
202606211018,   1.675,   2.069,9999.000,9999.000,9999.000,9999.000,9999.000,9999.000,9999.000
202606211024,   1.760,   2.158,9999.000,9999.000,9999.000,9999.000,9999.000,9999.000,9999.000
202606211030,   1.852,   2.250,9999.000,9999.000,9999.000,9999.000,9999.000,9999.000,9999.000
202606211036,   1.951,   2.358,9999.000,9999.000,9999.000,9999.000,9999.000,9999.000,9999.000
202606211042,   2.055,   2.459,9999.000,9999.000,9999.000,9999.000,9999.000,9999.000,9999.000
202606211048,   2.165,   2.587,9999.000,9999.000,9999.000,9999.000,9999.000,9999.000,9999.000
202606211054,   2.279,   2.719,9999.000,9999.000,9999.000,9999.000,9999.000,9999.000,9999.000
202606211100,   2.398,   2.860,   0.400,   0.062,   2.860,   0.400,   2.860,   0.400,   2.860
202606211106,   2.520,   2.988,9999.000,9999.000,9999.000,9999.000,9999.000,9999.000,9999.000
202606211112,   2.645,   3.138,9999.000,9999.000,9999.000,9999.000,9999.000,9999.000,9999.000
202606211118,   2.773,   3.270,9999.000,9999.000,9999.000,9999.000,9999.000,9999.000,9999.000
202606211124,   2.902,   3.417,9999.000,9999.000,9999.000,9999.000,9999.000,9999.000,9999.000
202606211130,   3.033,   3.558,9999.000,9999.000,9999.000,9999.000,9999.000,9999.000,9999.000
202606211136,   3.164,   3.709,9999.000,9999.000,9999.000,9999.000,9999.000,9999.000,9999.000
202606211142,   3.296,   3.847,9999.000,9999.000,9999.000,9999.000,9999.000,9999.000,9999.000
202606211148,   3.427,   3.988,9999.000,9999.000,9999.000,9999.000,9999.000,9999.000,9999.000
202606211154,   3.557,   4.129,9999.000,9999.000,9999.000,9999.000,9999.000,9999.000,9999.000
202606211200,   3.686,   4.257,   0.300,   0.271,   4.257,   0.300,   4.257,   0.400,   4.357
202606211206,   3.814,   4.398,9999.000,9999.000,9999.000,9999.000,9999.000,9999.000,9999.000
202606211212,   3.939,   4.549,9999.000,9999.000,9999.000,9999.000,9999.000,9999.000,9999.000
202606211218,   4.062,   4.677,9999.000,9999.000,9999.000,9999.000,9999.000,9999.000,9999.000
202606211224,   4.182,   4.828,9999.000,9999.000,9999.000,9999.000,9999.000,9999.000,9999.000
202606211230,   4.299,   4.959,9999.000,9999.000,9999.000,9999.000,9999.000,9999.000,9999.000
202606211236,   4.413,   5.087,9999.000,9999.000,9999.000,9999.000,9999.000,9999.000,9999.000
202606211242,   4.523,   5.218,9999.000,9999.000,9999.000,9999.000,9999.000,9999.000,9999.000
202606211248,   4.630,   5.329,9999.000,9999.000,9999.000,9999.000,9999.000,9999.000,9999.000
202606211254,   4.733,   5.448,9999.000,9999.000,9999.000,9999.000,9999.000,9999.000,9999.000
202606211300,   4.832,   5.549,   0.300,   0.417,   5.549,   0.300,   5.549,   0.400,   5.649
202606211306,   4.926,   5.638,9999.000,9999.000,9999.000,9999.000,9999.000,9999.000,9999.000
202606211312,   5.016,   5.749,9999.000,9999.000,9999.000,9999.000,9999.000,9999.000,9999.000
202606211318,   5.102,   5.818,9999.000,9999.000,9999.000,9999.000,9999.000,9999.000,9999.000
202606211324,   5.183,   5.917,9999.000,9999.000,9999.000,9999.000,9999.000,9999.000,9999.000
202606211330,   5.259,   5.979,9999.000,9999.000,9999.000,9999.000,9999.000,9999.000,9999.000
202606211336,   5.329,   5.949,9999.000,9999.000,9999.000,9999.000,9999.000,9999.000,9999.000
202606211342,   5.394,   6.077,9999.000,9999.000,9999.000,9999.000,9999.000,9999.000,9999.000
202606211348,   5.454,   6.136,9999.000,9999.000,9999.000,9999.000,9999.000,9999.000,9999.000
202606211354,   5.508,   6.199,9999.000,9999.000,9999.000,9999.000,9999.000,9999.000,9999.000
202606211400,   5.557,   6.248,   0.300,   0.391,   6.248,   0.300,   6.248,   0.400,   6.348
202606211406,   5.599,   6.307,9999.000,9999.000,9999.000,9999.000,9999.000,9999.000,9999.000
202606211412,   5.635,   6.336,9999.000,9999.000,9999.000,9999.000,9999.000,9999.000,9999.000
202606211418,   5.664,   6.359,9999.000,9999.000,9999.000,9999.000,9999.000,9999.000,9999.000
202606211424,   5.687,   6.389,9999.000,9999.000,9999.000,9999.000,9999.000,9999.000,9999.000
202606211430,   5.704,   6.418,9999.000,9999.000,9999.000,9999.000,9999.000,9999.000,9999.000
202606211436,   5.713,   6.418,9999.000,9999.000,9999.000,9999.000,9999.000,9999.000,9999.000
202606211442,   5.716,   6.428,9999.000,9999.000,9999.000,9999.000,9999.000,9999.000,9999.000
202606211448,   5.712,   6.418,9999.000,9999.000,9999.000,9999.000,9999.000,9999.000,9999.000
202606211454,   5.702,   6.399,9999.000,9999.000,9999.000,9999.000,9999.000,9999.000,9999.000
202606211500,   5.684,   6.369,   0.300,   0.385,   6.369,   0.300,   6.369,   0.300,   6.369
202606211506,   5.660,   6.317,9999.000,9999.000,9999.000,9999.000,9999.000,9999.000,9999.000
202606211512,   5.629,   6.268,9999.000,9999.000,9999.000,9999.000,9999.000,9999.000,9999.000
202606211518,   5.592,   6.199,9999.000,9999.000,9999.000,9999.000,9999.000,9999.000,9999.000
202606211524,   5.548,   6.127,9999.000,9999.000,9999.000,9999.000,9999.000,9999.000,9999.000
202606211530,   5.499,   6.058,9999.000,9999.000,9999.000,9999.000,9999.000,9999.000,9999.000
202606211536,   5.444,   5.969,9999.000,9999.000,9999.000,9999.000,9999.000,9999.000,9999.000
202606211542,   5.383,   5.877,9999.000,9999.000,9999.000,9999.000,9999.000,9999.000,9999.000
202606211548,   5.316,   5.779,9999.000,9999.000,9999.000,9999.000,9999.000,9999.000,9999.000
202606211554,   5.245,   5.687,9999.000,9999.000,9999.000,9999.000,9999.000,9999.000,9999.000
202606211600,   5.169,   5.589,   0.300,   0.120,   5.589,   0.300,   5.589,   0.300,   5.589
202606211606,   5.088,   5.487,9999.000,9999.000,9999.000,9999.000,9999.000,9999.000,9999.000
202606211612,   5.004,   5.389,9999.000,9999.000,9999.000,9999.000,9999.000,9999.000,9999.000
202606211618,   4.915,   5.287,9999.000,9999.000,9999.000,9999.000,9999.000,9999.000,9999.000
202606211624,   4.823,   5.188,9999.000,9999.000,9999.000,9999.000,9999.000,9999.000,9999.000
202606211630,   4.728,   5.077,9999.000,9999.000,9999.000,9999.000,9999.000,9999.000,9999.000
202606211636,   4.629,   4.979,9999.000,9999.000,9999.000,9999.000,9999.000,9999.000,9999.000
202606211642,   4.528,   4.867,9999.000,9999.000,9999.000,9999.000,9999.000,9999.000,9999.000
202606211648,   4.425,   4.759,9999.000,9999.000,9999.000,9999.000,9999.000,9999.000,9999.000
202606211654,   4.319,   4.647,9999.000,9999.000,9999.000,9999.000,9999.000,9999.000,9999.000
202606211700,   4.211,   4.529,   0.300,   0.018,   4.529,   0.300,   4.529,   0.300,   4.529
202606211706,   4.101,   4.408,9999.000,9999.000,9999.000,9999.000,9999.000,9999.000,9999.000
202606211712,   3.989,   4.300,9999.000,9999.000,9999.000,9999.000,9999.000,9999.000,9999.000
202606211718,   3.876,   4.178,9999.000,9999.000,9999.000,9999.000,9999.000,9999.000,9999.000
202606211724,   3.762,   4.057,9999.000,9999.000,9999.000,9999.000,9999.000,9999.000,9999.000
202606211730,   3.647,   3.939,9999.000,9999.000,9999.000,9999.000,9999.000,9999.000,9999.000
202606211736,   3.530,   3.817,9999.000,9999.000,9999.000,9999.000,9999.000,9999.000,9999.000
202606211742,   3.413,   3.699,9999.000,9999.000,9999.000,9999.000,9999.000,9999.000,9999.000
202606211748,   3.295,   3.588,9999.000,9999.000,9999.000,9999.000,9999.000,9999.000,9999.000
202606211754,   3.177,   3.470,9999.000,9999.000,9999.000,9999.000,9999.000,9999.000,9999.000
202606211800,   3.058,   3.358,   0.200,   0.100,   3.358,   0.200,   3.358,   0.200,   3.358
202606211806,   2.939,   3.240,9999.000,9999.000,9999.000,9999.000,9999.000,9999.000,9999.000
202606211812,   2.821,   3.119,9999.000,9999.000,9999.000,9999.000,9999.000,9999.000,9999.000
202606211818,   2.702,   3.007,9999.000,9999.000,9999.000,9999.000,9999.000,9999.000,9999.000
202606211824,   2.584,   2.899,9999.000,9999.000,9999.000,9999.000,9999.000,9999.000,9999.000
202606211830,   2.466,   2.778,9999.000,9999.000,9999.000,9999.000,9999.000,9999.000,9999.000
202606211836,   2.349,   2.679,9999.000,9999.000,9999.000,9999.000,9999.000,9999.000,9999.000
202606211842,   2.234,   2.568,9999.000,9999.000,9999.000,9999.000,9999.000,9999.000,9999.000
202606211848,   2.119,   2.450,9999.000,9999.000,9999.000,9999.000,9999.000,9999.000,9999.000
202606211854,   2.005,   2.348,9999.000,9999.000,9999.000,9999.000,9999.000,9999.000,9999.000
202606211900,   1.893,   2.240,   0.200,   0.147,   2.240,   0.200,   2.240,   0.200,   2.240
202606211906,   1.783,   2.128,9999.000,9999.000,9999.000,9999.000,9999.000,9999.000,9999.000
202606211912,   1.675,   2.030,9999.000,9999.000,9999.000,9999.000,9999.000,9999.000,9999.000
202606211918,   1.568,   1.928,9999.000,9999.000,9999.000,9999.000,9999.000,9999.000,9999.000
202606211924,   1.464,   1.840,9999.000,9999.000,9999.000,9999.000,9999.000,9999.000,9999.000
202606211930,   1.362,   1.738,9999.000,9999.000,9999.000,9999.000,9999.000,9999.000,9999.000
202606211936,   1.262,   1.649,9999.000,9999.000,9999.000,9999.000,9999.000,9999.000,9999.000
202606211942,   1.165,   1.557,9999.000,9999.000,9999.000,9999.000,9999.000,9999.000,9999.000
202606211948,   1.071,   1.479,9999.000,9999.000,9999.000,9999.000,9999.000,9999.000,9999.000
202606211954,   0.980,   1.390,9999.000,9999.000,9999.000,9999.000,9999.000,9999.000,9999.000
202606212000,   0.892,   1.318,   0.200,   0.226,   1.318,   0.200,   1.318,   0.200,   1.318
202606212006,   0.807,   1.239,9999.000,9999.000,9999.000,9999.000,9999.000,9999.000,9999.000
202606212012,   0.725,   1.170,9999.000,9999.000,9999.000,9999.000,9999.000,9999.000,9999.000
202606212018,   0.648,   1.098,9999.000,9999.000,9999.000,9999.000,9999.000,9999.000,9999.000
202606212024,   0.574,   1.039,9999.000,9999.000,9999.000,9999.000,9999.000,9999.000,9999.000
202606212030,   0.504,   0.970,9999.000,9999.000,9999.000,9999.000,9999.000,9999.000,9999.000
202606212036,   0.438,   0.918,9999.000,9999.000,9999.000,9999.000,9999.000,9999.000,9999.000
202606212042,   0.377,   0.839,9999.000,9999.000,9999.000,9999.000,9999.000,9999.000,9999.000
202606212048,   0.321,   0.800,9999.000,9999.000,9999.000,9999.000,9999.000,9999.000,9999.000
202606212054,   0.270,   0.780,9999.000,9999.000,9999.000,9999.000,9999.000,9999.000,9999.000
202606212100,   0.225,   0.731,   0.200,   0.306,   0.731,   0.200,   0.731,   0.200,   0.731
202606212106,   0.185,   0.698,9999.000,9999.000,9999.000,9999.000,9999.000,9999.000,9999.000
202606212112,   0.152,   0.669,9999.000,9999.000,9999.000,9999.000,9999.000,9999.000,9999.000
202606212118,   0.125,   0.659,9999.000,9999.000,9999.000,9999.000,9999.000,9999.000,9999.000
202606212124,   0.105,   0.649,9999.000,9999.000,9999.000,9999.000,9999.000,9999.000,9999.000
202606212130,   0.093,   0.629,9999.000,9999.000,9999.000,9999.000,9999.000,9999.000,9999.000
202606212136,   0.088,   0.639,9999.000,9999.000,9999.000,9999.000,9999.000,9999.000,9999.000
202606212142,   0.091,   0.639,9999.000,9999.000,9999.000,9999.000,9999.000,9999.000,9999.000
202606212148,   0.102,   0.619,9999.000,9999.000,9999.000,9999.000,9999.000,9999.000,9999.000
202606212154,   0.121,   0.629,9999.000,9999.000,9999.000,9999.000,9999.000,9999.000,9999.000
202606212200,   0.150,   0.678,   0.200,   0.328,   0.678,   0.200,   0.678,   0.200,   0.678
202606212206,   0.187,   0.731,9999.000,9999.000,9999.000,9999.000,9999.000,9999.000,9999.000
202606212212,   0.233,   0.790,9999.000,9999.000,9999.000,9999.000,9999.000,9999.000,9999.000
202606212218,   0.288,   0.898,9999.000,9999.000,9999.000,9999.000,9999.000,9999.000,9999.000
202606212224,   0.353,   0.980,9999.000,9999.000,9999.000,9999.000,9999.000,9999.000,9999.000
202606212230,   0.426,   1.059,9999.000,9999.000,9999.000,9999.000,9999.000,9999.000,9999.000
202606212236,   0.509,   1.161,9999.000,9999.000,9999.000,9999.000,9999.000,9999.000,9999.000
202606212242,   0.600,   1.269,9999.000,9999.000,9999.000,9999.000,9999.000,9999.000,9999.000
202606212248,   0.700,   1.390,9999.000,9999.000,9999.000,9999.000,9999.000,9999.000,9999.000
202606212254,   0.808,   1.528,9999.000,9999.000,9999.000,9999.000,9999.000,9999.000,9999.000
202606212300,   0.924,   1.649,   0.200,   0.525,   1.649,   0.200,   1.649,   0.200,   1.649
202606212306,   1.048,   1.800,9999.000,9999.000,9999.000,9999.000,9999.000,9999.000,9999.000
202606212312,   1.178,   1.958,9999.000,9999.000,9999.000,9999.000,9999.000,9999.000,9999.000
202606212318,   1.315,   2.109,9999.000,9999.000,9999.000,9999.000,9999.000,9999.000,9999.000
202606212324,   1.459,   2.289,9999.000,9999.000,9999.000,9999.000,9999.000,9999.000,9999.000
202606212330,   1.607,   2.450,9999.000,9999.000,9999.000,9999.000,9999.000,9999.000,9999.000
202606212336,   1.761,   2.640,9999.000,9999.000,9999.000,9999.000,9999.000,9999.000,9999.000
202606212342,   1.919,   2.797,9999.000,9999.000,9999.000,9999.000,9999.000,9999.000,9999.000
202606212348,   2.081,   2.988,9999.000,9999.000,9999.000,9999.000,9999.000,9999.000,9999.000
202606212354,   2.246,   3.188,9999.000,9999.000,9999.000,9999.000,9999.000,9999.000,9999.000
202606220000,   2.414,   3.348,   0.200,   0.734,   3.348,   0.200,   3.348,   0.300,   3.448
202606220006,   2.584,   3.519,9999.000,9999.000,9999.000,9999.000,9999.000,9999.000,9999.000
202606220012,   2.756,   3.699,9999.000,9999.000,9999.000,9999.000,9999.000,9999.000,9999.000
202606220018,   2.928,   3.870,9999.000,9999.000,9999.000,9999.000,9999.000,9999.000,9999.000
202606220024,   3.102,   4.037,9999.000,9999.000,9999.000,9999.000,9999.000,9999.000,9999.000
202606220030,   3.275,   4.218,9999.000,9999.000,9999.000,9999.000,9999.000,9999.000,9999.000
202606220036,   3.448,   4.378,9999.000,9999.000,9999.000,9999.000,9999.000,9999.000,9999.000
202606220042,   3.620,   4.549,9999.000,9999.000,9999.000,9999.000,9999.000,9999.000,9999.000
202606220048,   3.791,   4.710,9999.000,9999.000,9999.000,9999.000,9999.000,9999.000,9999.000
202606220054,   3.961,   4.847,9999.000,9999.000,9999.000,9999.000,9999.000,9999.000,9999.000
202606220100,   4.129,   4.988,   0.200,   0.659,   4.988,   0.200,   4.988,   0.300,   5.088
202606220106,   4.294,   5.159,9999.000,9999.000,9999.000,9999.000,9999.000,9999.000,9999.000
202606220112,   4.457,   5.320,9999.000,9999.000,9999.000,9999.000,9999.000,9999.000,9999.000
202606220118,   4.618,   5.448,9999.000,9999.000,9999.000,9999.000,9999.000,9999.000,9999.000
202606220124,   4.775,   5.598,9999.000,9999.000,9999.000,9999.000,9999.000,9999.000,9999.000
202606220130,   4.929,   5.739,9999.000,9999.000,9999.000,9999.000,9999.000,9999.000,9999.000
202606220136,   5.079,   5.867,9999.000,9999.000,9999.000,9999.000,9999.000,9999.000,9999.000
202606220142,   5.225,   6.018,9999.000,9999.000,9999.000,9999.000,9999.000,9999.000,9999.000
202606220148,   5.366,   6.149,9999.000,9999.000,9999.000,9999.000,9999.000,9999.000,9999.000
202606220154,   5.503,   6.287,9999.000,9999.000,9999.000,9999.000,9999.000,9999.000,9999.000
202606220200,   5.635,   6.389,   0.200,   0.554,   6.389,   0.200,   6.389,   0.300,   6.489
202606220206,   5.762,   6.507,9999.000,9999.000,9999.000,9999.000,9999.000,9999.000,9999.000
202606220212,   5.882,   6.609,9999.000,9999.000,9999.000,9999.000,9999.000,9999.000,9999.000
202606220218,   5.997,   6.697,9999.000,9999.000,9999.000,9999.000,9999.000,9999.000,9999.000
202606220224,   6.105,   6.789,9999.000,9999.000,9999.000,9999.000,9999.000,9999.000,9999.000
202606220230,   6.207,   6.858,9999.000,9999.000,9999.000,9999.000,9999.000,9999.000,9999.000
202606220236,   6.302,   6.937,9999.000,9999.000,9999.000,9999.000,9999.000,9999.000,9999.000
202606220242,   6.389,   6.999,9999.000,9999.000,9999.000,9999.000,9999.000,9999.000,9999.000
202606220248,   6.468,   7.068,9999.000,9999.000,9999.000,9999.000,9999.000,9999.000,9999.000
202606220254,   6.540,   7.117,9999.000,9999.000,9999.000,9999.000,9999.000,9999.000,9999.000
202606220300,   6.604,   7.176,   0.200,   0.372,   7.176,   0.200,   7.176,   0.300,   7.276
202606220306,   6.659,   7.229,9999.000,9999.000,9999.000,9999.000,9999.000,9999.000,9999.000
202606220312,   6.706,   7.278,9999.000,9999.000,9999.000,9999.000,9999.000,9999.000,9999.000
202606220318,   6.744,   7.307,9999.000,9999.000,9999.000,9999.000,9999.000,9999.000,9999.000
202606220324,   6.774,   7.337,9999.000,9999.000,9999.000,9999.000,9999.000,9999.000,9999.000
202606220330,   6.795,   7.366,9999.000,9999.000,9999.000,9999.000,9999.000,9999.000,9999.000
202606220336,   6.808,   7.376,9999.000,9999.000,9999.000,9999.000,9999.000,9999.000,9999.000
202606220342,   6.812,   7.386,9999.000,9999.000,9999.000,9999.000,9999.000,9999.000,9999.000
202606220348,   6.808,   7.399,9999.000,9999.000,9999.000,9999.000,9999.000,9999.000,9999.000
202606220354,   6.795,   7.399,9999.000,9999.000,9999.000,9999.000,9999.000,9999.000,9999.000
202606220400,   6.774,   7.386,   0.200,   0.412,   7.386,   0.200,   7.386,   0.300,   7.486
202606220406,   6.745,   7.366,9999.000,9999.000,9999.000,9999.000,9999.000,9999.000,9999.000
202606220412,   6.709,   7.317,9999.000,9999.000,9999.000,9999.000,9999.000,9999.000,9999.000
202606220418,   6.665,   7.219,9999.000,9999.000,9999.000,9999.000,9999.000,9999.000,9999.000
202606220424,   6.615,   7.176,9999.000,9999.000,9999.000,9999.000,9999.000,9999.000,9999.000
202606220430,   6.557,   7.088,9999.000,9999.000,9999.000,9999.000,9999.000,9999.000,9999.000
202606220436,   6.493,   7.078,9999.000,9999.000,9999.000,9999.000,9999.000,9999.000,9999.000
202606220442,   6.423,   6.917,9999.000,9999.000,9999.000,9999.000,9999.000,9999.000,9999.000
202606220448,   6.347,   6.789,9999.000,9999.000,9999.000,9999.000,9999.000,9999.000,9999.000
202606220454,   6.266,   6.707,9999.000,9999.000,9999.000,9999.000,9999.000,9999.000,9999.000
202606220500,   6.179,   6.599,   0.200,   0.220,   6.599,   0.200,   6.599,   0.300,   6.699
202606220506,   6.088,   6.487,9999.000,9999.000,9999.000,9999.000,9999.000,9999.000,9999.000
202606220512,   5.992,   6.369,9999.000,9999.000,9999.000,9999.000,9999.000,9999.000,9999.000
202606220518,   5.893,   6.248,9999.000,9999.000,9999.000,9999.000,9999.000,9999.000,9999.000
202606220524,   5.789,   6.127,9999.000,9999.000,9999.000,9999.000,9999.000,9999.000,9999.000
202606220530,   5.682,   6.018,9999.000,9999.000,9999.000,9999.000,9999.000,9999.000,9999.000
202606220536,   5.571,   5.897,9999.000,9999.000,9999.000,9999.000,9999.000,9999.000,9999.000
202606220542,   5.458,   5.769,9999.000,9999.000,9999.000,9999.000,9999.000,9999.000,9999.000
202606220548,   5.342,   5.648,9999.000,9999.000,9999.000,9999.000,9999.000,9999.000,9999.000
202606220554,   5.223,   5.516,9999.000,9999.000,9999.000,9999.000,9999.000,9999.000,9999.000
202606220600,   5.102,   5.398,   0.300,  -0.004,   5.398,   0.300,   5.398,   0.400,   5.498
202606220606,   4.980,   5.247,9999.000,9999.000,9999.000,9999.000,9999.000,9999.000,9999.000
202606220612,   4.856,   5.120,9999.000,9999.000,9999.000,9999.000,9999.000,9999.000,9999.000
202606220618,   4.730,   4.998,9999.000,9999.000,9999.000,9999.000,9999.000,9999.000,9999.000
202606220624,   4.604,   4.847,9999.000,9999.000,9999.000,9999.000,9999.000,9999.000,9999.000
202606220630,   4.476,   4.719,9999.000,9999.000,9999.000,9999.000,9999.000,9999.000,9999.000
202606220636,   4.348,   4.588,9999.000,9999.000,9999.000,9999.000,9999.000,9999.000,9999.000
202606220642,   4.220,   4.447,9999.000,9999.000,9999.000,9999.000,9999.000,9999.000,9999.000
202606220648,   4.092,   4.329,9999.000,9999.000,9999.000,9999.000,9999.000,9999.000,9999.000
202606220654,   3.964,   4.198,9999.000,9999.000,9999.000,9999.000,9999.000,9999.000,9999.000
202606220700,   3.836,   4.080,   0.300,  -0.056,   4.080,   0.300,   4.080,   0.400,   4.180
202606220706,   3.709,   3.958,9999.000,9999.000,9999.000,9999.000,9999.000,9999.000,9999.000
202606220712,   3.583,   3.827,9999.000,9999.000,9999.000,9999.000,9999.000,9999.000,9999.000
202606220718,   3.459,   3.709,9999.000,9999.000,9999.000,9999.000,9999.000,9999.000,9999.000
202606220724,   3.335,   3.588,9999.000,9999.000,9999.000,9999.000,9999.000,9999.000,9999.000
202606220730,   3.214,   3.480,9999.000,9999.000,9999.000,9999.000,9999.000,9999.000,9999.000
202606220736,   3.094,   3.368,9999.000,9999.000,9999.000,9999.000,9999.000,9999.000,9999.000
202606220742,   2.976,   3.250,9999.000,9999.000,9999.000,9999.000,9999.000,9999.000,9999.000
202606220748,   2.860,   3.138,9999.000,9999.000,9999.000,9999.000,9999.000,9999.000,9999.000
202606220754,   2.747,   3.040,9999.000,9999.000,9999.000,9999.000,9999.000,9999.000,9999.000
202606220800,   2.636,   2.938,   0.300,   0.002,   2.938,   0.300,   2.938,   0.400,   3.038
202606220806,   2.527,   2.830,9999.000,9999.000,9999.000,9999.000,9999.000,9999.000,9999.000
202606220812,   2.422,   2.738,9999.000,9999.000,9999.000,9999.000,9999.000,9999.000,9999.000
202606220818,   2.319,   2.640,9999.000,9999.000,9999.000,9999.000,9999.000,9999.000,9999.000
202606220824,   2.219,   2.558,9999.000,9999.000,9999.000,9999.000,9999.000,9999.000,9999.000
202606220830,   2.122,   2.459,9999.000,9999.000,9999.000,9999.000,9999.000,9999.000,9999.000
202606220836,   2.028,   2.368,9999.000,9999.000,9999.000,9999.000,9999.000,9999.000,9999.000
202606220842,   1.938,   2.279,9999.000,9999.000,9999.000,9999.000,9999.000,9999.000,9999.000
202606220848,   1.851,   2.220,9999.000,9999.000,9999.000,9999.000,9999.000,9999.000,9999.000
202606220854,   1.767,   2.128,9999.000,9999.000,9999.000,9999.000,9999.000,9999.000,9999.000
202606220900,   1.688,   2.079,   0.300,   0.091,   2.079,   0.300,   2.079,   0.400,   2.179
202606220906,   1.612,   2.010,9999.000,9999.000,9999.000,9999.000,9999.000,9999.000,9999.000
202606220912,   1.540,   1.908,9999.000,9999.000,9999.000,9999.000,9999.000,9999.000,9999.000
202606220918,   1.473,   1.859,9999.000,9999.000,9999.000,9999.000,9999.000,9999.000,9999.000
202606220924,   1.410,   1.790,9999.000,9999.000,9999.000,9999.000,9999.000,9999.000,9999.000
202606220930,   1.352,   1.728,9999.000,9999.000,9999.000,9999.000,9999.000,9999.000,9999.000
202606220936,   1.300,   1.689,9999.000,9999.000,9999.000,9999.000,9999.000,9999.000,9999.000
202606220942,   1.252,   1.620,9999.000,9999.000,9999.000,9999.000,9999.000,9999.000,9999.000
202606220948,   1.211,   1.580,9999.000,9999.000,9999.000,9999.000,9999.000,9999.000,9999.000
202606220954,   1.175,   1.538,9999.000,9999.000,9999.000,9999.000,9999.000,9999.000,9999.000
202606221000,   1.146,   1.489,   0.300,   0.043,   1.489,   0.300,   1.489,   0.400,   1.589
202606221006,   1.123,   1.459,9999.000,9999.000,9999.000,9999.000,9999.000,9999.000,9999.000
202606221012,   1.106,   1.430,9999.000,9999.000,9999.000,9999.000,9999.000,9999.000,9999.000
202606221018,   1.097,   1.400,9999.000,9999.000,9999.000,9999.000,9999.000,9999.000,9999.000
202606221024,   1.095,   1.390,9999.000,9999.000,9999.000,9999.000,9999.000,9999.000,9999.000
202606221030,   1.100,   1.361,9999.000,9999.000,9999.000,9999.000,9999.000,9999.000,9999.000
202606221036,   1.112,   1.380,9999.000,9999.000,9999.000,9999.000,9999.000,9999.000,9999.000
202606221042,   1.132,   1.380,9999.000,9999.000,9999.000,9999.000,9999.000,9999.000,9999.000
202606221048,   1.159,   1.380,9999.000,9999.000,9999.000,9999.000,9999.000,9999.000,9999.000
202606221054,   1.194,   1.400,9999.000,9999.000,9999.000,9999.000,9999.000,9999.000,9999.000
202606221100,   1.236,   1.430,   0.300,  -0.106,   1.430,   0.300,   1.430,   0.300,   1.430
202606221106,   1.285,   1.469,9999.000,9999.000,9999.000,9999.000,9999.000,9999.000,9999.000
202606221112,   1.341,   1.518,9999.000,9999.000,9999.000,9999.000,9999.000,9999.000,9999.000
202606221118,   1.403,   1.557,9999.000,9999.000,9999.000,9999.000,9999.000,9999.000,9999.000
202606221124,   1.472,   1.630,9999.000,9999.000,9999.000,9999.000,9999.000,9999.000,9999.000
202606221130,   1.547,   1.689,9999.000,9999.000,9999.000,9999.000,9999.000,9999.000,9999.000
202606221136,   1.628,   1.758,9999.000,9999.000,9999.000,9999.000,9999.000,9999.000,9999.000
202606221142,   1.714,   1.840,9999.000,9999.000,9999.000,9999.000,9999.000,9999.000,9999.000
202606221148,   1.805,   1.938,9999.000,9999.000,9999.000,9999.000,9999.000,9999.000,9999.000
202606221154,   1.900,   2.040,9999.000,9999.000,9999.000,9999.000,9999.000,9999.000,9999.000
202606221200,   1.999,   2.148,   0.300,  -0.151,   2.148,   0.300,   2.148,   0.300,   2.148
202606221206,   2.101,   2.259,9999.000,9999.000,9999.000,9999.000,9999.000,9999.000,9999.000
202606221212,   2.207,   2.377,9999.000,9999.000,9999.000,9999.000,9999.000,9999.000,9999.000
202606221218,   2.314,   2.489,9999.000,9999.000,9999.000,9999.000,9999.000,9999.000,9999.000
202606221224,   2.424,   2.620,9999.000,9999.000,9999.000,9999.000,9999.000,9999.000,9999.000
202606221230,   2.535,   2.748,9999.000,9999.000,9999.000,9999.000,9999.000,9999.000,9999.000
202606221236,   2.647,   2.879,9999.000,9999.000,9999.000,9999.000,9999.000,9999.000,9999.000
202606221242,   2.760,   2.997,9999.000,9999.000,9999.000,9999.000,9999.000,9999.000,9999.000
202606221248,   2.873,   3.148,9999.000,9999.000,9999.000,9999.000,9999.000,9999.000,9999.000
202606221254,   2.987,   3.279,9999.000,9999.000,9999.000,9999.000,9999.000,9999.000,9999.000
202606221300,   3.100,   3.407,   0.300,   0.007,   3.407,   0.300,   3.407,   0.300,   3.407
202606221306,   3.212,   3.539,9999.000,9999.000,9999.000,9999.000,9999.000,9999.000,9999.000
202606221312,   3.323,   3.670,9999.000,9999.000,9999.000,9999.000,9999.000,9999.000,9999.000
202606221318,   3.434,   3.798,9999.000,9999.000,9999.000,9999.000,9999.000,9999.000,9999.000
202606221324,   3.543,   3.909,9999.000,9999.000,9999.000,9999.000,9999.000,9999.000,9999.000
202606221330,   3.650,   4.027,9999.000,9999.000,9999.000,9999.000,9999.000,9999.000,9999.000
202606221336,   3.756,   4.139,9999.000,9999.000,9999.000,9999.000,9999.000,9999.000,9999.000
202606221342,   3.859,   4.247,9999.000,9999.000,9999.000,9999.000,9999.000,9999.000,9999.000
202606221348,   3.961,   4.349,9999.000,9999.000,9999.000,9999.000,9999.000,9999.000,9999.000
202606221354,   4.060,   4.457,9999.000,9999.000,9999.000,9999.000,9999.000,9999.000,9999.000
202606221400,   4.157,   4.559,   0.300,   0.102,   4.559,   0.300,   4.559,   0.300,   4.559
202606221406,   4.251,   4.667,9999.000,9999.000,9999.000,9999.000,9999.000,9999.000,9999.000
202606221412,   4.342,   4.749,9999.000,9999.000,9999.000,9999.000,9999.000,9999.000,9999.000
202606221418,   4.430,   4.857,9999.000,9999.000,9999.000,9999.000,9999.000,9999.000,9999.000
202606221424,   4.515,   4.939,9999.000,9999.000,9999.000,9999.000,9999.000,9999.000,9999.000
202606221430,   4.595,   5.028,9999.000,9999.000,9999.000,9999.000,9999.000,9999.000,9999.000
202606221436,   4.672,   5.110,9999.000,9999.000,9999.000,9999.000,9999.000,9999.000,9999.000
202606221442,   4.745,   5.169,9999.000,9999.000,9999.000,9999.000,9999.000,9999.000,9999.000
202606221448,   4.813,   5.238,9999.000,9999.000,9999.000,9999.000,9999.000,9999.000,9999.000
202606221454,   4.876,   5.297,9999.000,9999.000,9999.000,9999.000,9999.000,9999.000,9999.000
202606221500,   4.935,   5.359,   0.300,   0.124,   5.359,   0.300,   5.359,   0.300,   5.359
202606221506,   4.988,   5.408,9999.000,9999.000,9999.000,9999.000,9999.000,9999.000,9999.000
202606221512,   5.035,   5.457,9999.000,9999.000,9999.000,9999.000,9999.000,9999.000,9999.000
202606221518,   5.077,   5.487,9999.000,9999.000,9999.000,9999.000,9999.000,9999.000,9999.000
202606221524,   5.113,   5.507,9999.000,9999.000,9999.000,9999.000,9999.000,9999.000,9999.000
202606221530,   5.143,   5.539,9999.000,9999.000,9999.000,9999.000,9999.000,9999.000,9999.000
202606221536,   5.166,   5.569,9999.000,9999.000,9999.000,9999.000,9999.000,9999.000,9999.000
202606221542,   5.183,   5.579,9999.000,9999.000,9999.000,9999.000,9999.000,9999.000,9999.000
202606221548,   5.193,   5.589,9999.000,9999.000,9999.000,9999.000,9999.000,9999.000,9999.000
202606221554,   5.197,   5.507,9999.000,9999.000,9999.000,9999.000,9999.000,9999.000,9999.000
202606221600,   5.194,   5.549,   0.300,   0.055,   5.549,   0.300,   5.549,   0.300,   5.549
202606221606,   5.185,   5.559,9999.000,9999.000,9999.000,9999.000,9999.000,9999.000,9999.000
202606221612,   5.169,   5.507,9999.000,9999.000,9999.000,9999.000,9999.000,9999.000,9999.000
202606221618,   5.147,   5.467,9999.000,9999.000,9999.000,9999.000,9999.000,9999.000,9999.000
202606221624,   5.119,   5.428,9999.000,9999.000,9999.000,9999.000,9999.000,9999.000,9999.000
202606221630,   5.084,   5.369,9999.000,9999.000,9999.000,9999.000,9999.000,9999.000,9999.000
202606221636,   5.044,   5.297,9999.000,9999.000,9999.000,9999.000,9999.000,9999.000,9999.000
202606221642,   4.998,9999.000,9999.000,9999.000,9999.000,9999.000,9999.000,9999.000,9999.000
202606221648,   4.947,   5.179,9999.000,9999.000,9999.000,9999.000,9999.000,9999.000,9999.000
202606221654,   4.891,   5.110,9999.000,9999.000,9999.000,9999.000,9999.000,9999.000,9999.000
202606221700,   4.829,   5.028,   0.300,  -0.101,   5.028,   0.300,   5.028,   0.300,   5.028
202606221706,   4.764,   4.949,9999.000,9999.000,9999.000,9999.000,9999.000,9999.000,9999.000
202606221712,   4.693,   4.867,9999.000,9999.000,9999.000,9999.000,9999.000,9999.000,9999.000
202606221718,   4.619,   4.788,9999.000,9999.000,9999.000,9999.000,9999.000,9999.000,9999.000
202606221724,   4.541,   4.710,9999.000,9999.000,9999.000,9999.000,9999.000,9999.000,9999.000
202606221730,   4.459,   4.618,9999.000,9999.000,9999.000,9999.000,9999.000,9999.000,9999.000
202606221736,   4.374,   4.519,9999.000,9999.000,9999.000,9999.000,9999.000,9999.000,9999.000
202606221742,   4.287,   4.437,9999.000,9999.000,9999.000,9999.000,9999.000,9999.000,9999.000
202606221748,   4.196,   4.339,9999.000,9999.000,9999.000,9999.000,9999.000,9999.000,9999.000
202606221754,   4.103,   4.247,9999.000,9999.000,9999.000,9999.000,9999.000,9999.000,9999.000
202606221800,   4.007,   4.159,   0.200,  -0.048,   4.159,   0.200,   4.159,   0.200,   4.159
202606221806,   3.910,   4.070,9999.000,9999.000,9999.000,9999.000,9999.000,9999.000,9999.000
202606221812,   3.810,   3.968,9999.000,9999.000,9999.000,9999.000,9999.000,9999.000,9999.000
202606221818,   3.709,   3.870,9999.000,9999.000,9999.000,9999.000,9999.000,9999.000,9999.000
202606221824,   3.606,   3.768,9999.000,9999.000,9999.000,9999.000,9999.000,9999.000,9999.000
202606221830,   3.503,   3.670,9999.000,9999.000,9999.000,9999.000,9999.000,9999.000,9999.000
202606221836,   3.398,   3.568,9999.000,9999.000,9999.000,9999.000,9999.000,9999.000,9999.000
202606221842,   3.292,   3.470,9999.000,9999.000,9999.000,9999.000,9999.000,9999.000,9999.000
202606221848,   3.186,   3.368,9999.000,9999.000,9999.000,9999.000,9999.000,9999.000,9999.000
202606221854,   3.080,   3.270,9999.000,9999.000,9999.000,9999.000,9999.000,9999.000,9999.000
202606221900,   2.974,   3.158,   0.200,  -0.016,   3.158,   0.200,   3.158,   0.200,   3.158
202606221906,   2.867,   3.079,9999.000,9999.000,9999.000,9999.000,9999.000,9999.000,9999.000
202606221912,   2.761,   2.968,9999.000,9999.000,9999.000,9999.000,9999.000,9999.000,9999.000
202606221918,   2.656,   2.899,9999.000,9999.000,9999.000,9999.000,9999.000,9999.000,9999.000
202606221924,   2.551,   2.797,9999.000,9999.000,9999.000,9999.000,9999.000,9999.000,9999.000
202606221930,   2.447,   2.689,9999.000,9999.000,9999.000,9999.000,9999.000,9999.000,9999.000
202606221936,   2.345,   2.597,9999.000,9999.000,9999.000,9999.000,9999.000,9999.000,9999.000
202606221942,   2.244,   2.519,9999.000,9999.000,9999.000,9999.000,9999.000,9999.000,9999.000
202606221948,   2.144,   2.420,9999.000,9999.000,9999.000,9999.000,9999.000,9999.000,9999.000
202606221954,   2.046,   2.338,9999.000,9999.000,9999.000,9999.000,9999.000,9999.000,9999.000
202606222000,   1.951,   2.250,   0.200,   0.099,   2.250,   0.100,   2.150,   0.200,   2.250
202606222006,   1.857,   2.168,9999.000,9999.000,9999.000,9999.000,9999.000,9999.000,9999.000
202606222012,   1.766,   2.089,9999.000,9999.000,9999.000,9999.000,9999.000,9999.000,9999.000
202606222018,   1.677,   2.010,9999.000,9999.000,9999.000,9999.000,9999.000,9999.000,9999.000
202606222024,   1.591,   1.938,9999.000,9999.000,9999.000,9999.000,9999.000,9999.000,9999.000
202606222030,   1.507,   1.889,9999.000,9999.000,9999.000,9999.000,9999.000,9999.000,9999.000
202606222036,   1.427,   1.810,9999.000,9999.000,9999.000,9999.000,9999.000,9999.000,9999.000
202606222042,   1.349,   1.748,9999.000,9999.000,9999.000,9999.000,9999.000,9999.000,9999.000
202606222048,   1.275,   1.679,9999.000,9999.000,9999.000,9999.000,9999.000,9999.000,9999.000
202606222054,   1.203,   1.610,9999.000,9999.000,9999.000,9999.000,9999.000,9999.000,9999.000
202606222100,   1.135,   1.557,   0.200,   0.222,   1.557,   0.100,   1.457,   0.200,   1.557
202606222106,   1.071,   1.498,9999.000,9999.000,9999.000,9999.000,9999.000,9999.000,9999.000
202606222112,   1.010,   1.439,9999.000,9999.000,9999.000,9999.000,9999.000,9999.000,9999.000
202606222118,   0.953,   1.400,9999.000,9999.000,9999.000,9999.000,9999.000,9999.000,9999.000
202606222124,   0.900,   1.348,9999.000,9999.000,9999.000,9999.000,9999.000,9999.000,9999.000
202606222130,   0.851,   1.308,9999.000,9999.000,9999.000,9999.000,9999.000,9999.000,9999.000
202606222136,   0.806,   1.279,9999.000,9999.000,9999.000,9999.000,9999.000,9999.000,9999.000
202606222142,   0.766,   1.239,9999.000,9999.000,9999.000,9999.000,9999.000,9999.000,9999.000
202606222148,   0.731,   1.220,9999.000,9999.000,9999.000,9999.000,9999.000,9999.000,9999.000
202606222154,   0.701,   1.200,9999.000,9999.000,9999.000,9999.000,9999.000,9999.000,9999.000
202606222200,   0.677,   1.170,   0.200,   0.293,   1.170,   0.100,   1.070,   0.200,   1.170
202606222206,   0.659,   1.161,9999.000,9999.000,9999.000,9999.000,9999.000,9999.000,9999.000
202606222212,   0.646,   1.161,9999.000,9999.000,9999.000,9999.000,9999.000,9999.000,9999.000
202606222218,   0.640,   1.170,9999.000,9999.000,9999.000,9999.000,9999.000,9999.000,9999.000
202606222224,   0.640,   1.170,9999.000,9999.000,9999.000,9999.000,9999.000,9999.000,9999.000
202606222230,   0.648,   1.190,9999.000,9999.000,9999.000,9999.000,9999.000,9999.000,9999.000
202606222236,   0.662,   1.210,9999.000,9999.000,9999.000,9999.000,9999.000,9999.000,9999.000
202606222242,   0.684,   1.239,9999.000,9999.000,9999.000,9999.000,9999.000,9999.000,9999.000
202606222248,   0.714,   1.279,9999.000,9999.000,9999.000,9999.000,9999.000,9999.000,9999.000
202606222254,   0.751,   1.328,9999.000,9999.000,9999.000,9999.000,9999.000,9999.000,9999.000
202606222300,   0.797,   1.390,   0.200,   0.393,   1.390,   0.100,   1.290,   0.200,   1.390
202606222306,   0.850,   1.469,9999.000,9999.000,9999.000,9999.000,9999.000,9999.000,9999.000
202606222312,   0.912,   1.548,9999.000,9999.000,9999.000,9999.000,9999.000,9999.000,9999.000
202606222318,   0.981,   1.639,9999.000,9999.000,9999.000,9999.000,9999.000,9999.000,9999.000
202606222324,   1.059,   1.738,9999.000,9999.000,9999.000,9999.000,9999.000,9999.000,9999.000
202606222330,   1.144,   1.840,9999.000,9999.000,9999.000,9999.000,9999.000,9999.000,9999.000
202606222336,   1.237,   1.958,9999.000,9999.000,9999.000,9999.000,9999.000,9999.000,9999.000
202606222342,   1.338,   2.069,9999.000,9999.000,9999.000,9999.000,9999.000,9999.000,9999.000
202606222348,   1.446,   2.200,9999.000,9999.000,9999.000,9999.000,9999.000,9999.000,9999.000
202606222354,   1.560,   2.328,9999.000,9999.000,9999.000,9999.000,9999.000,9999.000,9999.000
202606230000,   1.681,   2.459,   0.100,   0.678,   2.459,   0.100,   2.459,   0.200,   2.559
202606230006,   1.808,   2.597,9999.000,9999.000,9999.000,9999.000,9999.000,9999.000,9999.000
202606230012,   1.940,   2.758,9999.000,9999.000,9999.000,9999.000,9999.000,9999.000,9999.000
202606230018,   2.077,   2.899,9999.000,9999.000,9999.000,9999.000,9999.000,9999.000,9999.000
202606230024,   2.219,   3.050,9999.000,9999.000,9999.000,9999.000,9999.000,9999.000,9999.000
202606230030,   2.364,   3.197,9999.000,9999.000,9999.000,9999.000,9999.000,9999.000,9999.000
202606230036,   2.514,   3.358,9999.000,9999.000,9999.000,9999.000,9999.000,9999.000,9999.000
202606230042,   2.666,   3.519,9999.000,9999.000,9999.000,9999.000,9999.000,9999.000,9999.000
202606230048,   2.820,   3.680,9999.000,9999.000,9999.000,9999.000,9999.000,9999.000,9999.000
202606230054,   2.977,   3.837,9999.000,9999.000,9999.000,9999.000,9999.000,9999.000,9999.000
202606230100,   3.135,   3.968,   0.200,   0.633,   3.968,   0.100,   3.868,   0.200,   3.968
202606230106,   3.294,   4.129,9999.000,9999.000,9999.000,9999.000,9999.000,9999.000,9999.000
202606230112,   3.453,   4.319,9999.000,9999.000,9999.000,9999.000,9999.000,9999.000,9999.000
202606230118,   3.613,   4.418,9999.000,9999.000,9999.000,9999.000,9999.000,9999.000,9999.000
202606230124,   3.773,   4.569,9999.000,9999.000,9999.000,9999.000,9999.000,9999.000,9999.000
202606230130,   3.932,   4.710,9999.000,9999.000,9999.000,9999.000,9999.000,9999.000,9999.000
202606230136,   4.090,   4.887,9999.000,9999.000,9999.000,9999.000,9999.000,9999.000,9999.000
202606230142,   4.246,   5.057,9999.000,9999.000,9999.000,9999.000,9999.000,9999.000,9999.000
202606230148,   4.402,   5.208,9999.000,9999.000,9999.000,9999.000,9999.000,9999.000,9999.000
202606230154,   4.555,   5.349,9999.000,9999.000,9999.000,9999.000,9999.000,9999.000,9999.000
202606230200,   4.706,   5.487,   0.200,   0.581,   5.487,   0.100,   5.387,   0.200,   5.487
202606230206,   4.855,   5.618,9999.000,9999.000,9999.000,9999.000,9999.000,9999.000,9999.000
202606230212,   5.001,   5.749,9999.000,9999.000,9999.000,9999.000,9999.000,9999.000,9999.000
202606230218,   5.144,   5.877,9999.000,9999.000,9999.000,9999.000,9999.000,9999.000,9999.000
202606230224,   5.284,   6.018,9999.000,9999.000,9999.000,9999.000,9999.000,9999.000,9999.000
202606230230,   5.420,   6.136,9999.000,9999.000,9999.000,9999.000,9999.000,9999.000,9999.000
202606230236,   5.553,   6.258,9999.000,9999.000,9999.000,9999.000,9999.000,9999.000,9999.000
202606230242,   5.681,   6.346,9999.000,9999.000,9999.000,9999.000,9999.000,9999.000,9999.000
202606230248,   5.805,   6.458,9999.000,9999.000,9999.000,9999.000,9999.000,9999.000,9999.000
202606230254,   5.924,   6.546,9999.000,9999.000,9999.000,9999.000,9999.000,9999.000,9999.000
202606230300,   6.038,   6.648,   0.200,   0.410,   6.648,   0.100,   6.548,   0.200,   6.648
202606230306,   6.146,   6.727,9999.000,9999.000,9999.000,9999.000,9999.000,9999.000,9999.000
202606230312,   6.249,   6.809,9999.000,9999.000,9999.000,9999.000,9999.000,9999.000,9999.000
202606230318,   6.345,   6.887,9999.000,9999.000,9999.000,9999.000,9999.000,9999.000,9999.000
202606230324,   6.435,   6.956,9999.000,9999.000,9999.000,9999.000,9999.000,9999.000,9999.000
202606230330,   6.518,   7.029,9999.000,9999.000,9999.000,9999.000,9999.000,9999.000,9999.000
202606230336,   6.594,   7.097,9999.000,9999.000,9999.000,9999.000,9999.000,9999.000,9999.000
202606230342,   6.662,   7.147,9999.000,9999.000,9999.000,9999.000,9999.000,9999.000,9999.000
202606230348,   6.723,   7.209,9999.000,9999.000,9999.000,9999.000,9999.000,9999.000,9999.000
202606230354,   6.776,   7.248,9999.000,9999.000,9999.000,9999.000,9999.000,9999.000,9999.000
202606230400,   6.821,   7.278,   0.200,   0.257,   7.278,   0.100,   7.178,   0.200,   7.278
202606230406,   6.858,   7.317,9999.000,9999.000,9999.000,9999.000,9999.000,9999.000,9999.000
202606230412,   6.887,   7.337,9999.000,9999.000,9999.000,9999.000,9999.000,9999.000,9999.000
202606230418,   6.907,   7.347,9999.000,9999.000,9999.000,9999.000,9999.000,9999.000,9999.000
202606230424,   6.919,   7.357,9999.000,9999.000,9999.000,9999.000,9999.000,9999.000,9999.000
202606230430,   6.922,   7.357,9999.000,9999.000,9999.000,9999.000,9999.000,9999.000,9999.000
202606230436,   6.917,   7.357,9999.000,9999.000,9999.000,9999.000,9999.000,9999.000,9999.000
202606230442,   6.904,   7.327,9999.000,9999.000,9999.000,9999.000,9999.000,9999.000,9999.000
202606230448,   6.884,   7.307,9999.000,9999.000,9999.000,9999.000,9999.000,9999.000,9999.000
202606230454,   6.855,   7.268,9999.000,9999.000,9999.000,9999.000,9999.000,9999.000,9999.000
202606230500,   6.818,   7.238,   0.200,   0.220,   7.238,   0.100,   7.138,   0.200,   7.238
202606230506,   6.775,   7.189,9999.000,9999.000,9999.000,9999.000,9999.000,9999.000,9999.000
202606230512,   6.724,   7.127,9999.000,9999.000,9999.000,9999.000,9999.000,9999.000,9999.000
202606230518,   6.667,   7.058,9999.000,9999.000,9999.000,9999.000,9999.000,9999.000,9999.000
202606230524,   6.603,   6.989,9999.000,9999.000,9999.000,9999.000,9999.000,9999.000,9999.000
202606230530,   6.533,   6.897,9999.000,9999.000,9999.000,9999.000,9999.000,9999.000,9999.000
202606230536,   6.457,   6.799,9999.000,9999.000,9999.000,9999.000,9999.000,9999.000,9999.000
202606230542,   6.376,   6.697,9999.000,9999.000,9999.000,9999.000,9999.000,9999.000,9999.000
202606230548,   6.290,   6.599,9999.000,9999.000,9999.000,9999.000,9999.000,9999.000,9999.000
202606230554,   6.198,   6.487,9999.000,9999.000,9999.000,9999.000,9999.000,9999.000,9999.000
202606230600,   6.103,   6.389,   0.300,  -0.014,   6.389,   0.200,   6.289,   0.300,   6.389
202606230606,   6.003,   6.268,9999.000,9999.000,9999.000,9999.000,9999.000,9999.000,9999.000
202606230612,   5.900,   6.159,9999.000,9999.000,9999.000,9999.000,9999.000,9999.000,9999.000
202606230618,   5.793,   6.028,9999.000,9999.000,9999.000,9999.000,9999.000,9999.000,9999.000
202606230624,   5.682,   5.907,9999.000,9999.000,9999.000,9999.000,9999.000,9999.000,9999.000
202606230630,   5.569,   5.779,9999.000,9999.000,9999.000,9999.000,9999.000,9999.000,9999.000
202606230636,   5.453,   5.648,9999.000,9999.000,9999.000,9999.000,9999.000,9999.000,9999.000
202606230642,   5.335,   5.507,9999.000,9999.000,9999.000,9999.000,9999.000,9999.000,9999.000
202606230648,   5.215,   5.389,9999.000,9999.000,9999.000,9999.000,9999.000,9999.000,9999.000
202606230654,   5.093,   5.257,9999.000,9999.000,9999.000,9999.000,9999.000,9999.000,9999.000
202606230700,   4.969,   5.120,   0.300,  -0.149,   5.120,   0.200,   5.020,   0.300,   5.120
202606230706,   4.844,   4.988,9999.000,9999.000,9999.000,9999.000,9999.000,9999.000,9999.000
202606230712,   4.718,   4.837,9999.000,9999.000,9999.000,9999.000,9999.000,9999.000,9999.000
202606230718,   4.591,   4.710,9999.000,9999.000,9999.000,9999.000,9999.000,9999.000,9999.000
202606230724,   4.463,   4.569,9999.000,9999.000,9999.000,9999.000,9999.000,9999.000,9999.000
202606230730,   4.335,   4.437,9999.000,9999.000,9999.000,9999.000,9999.000,9999.000,9999.000
202606230736,   4.207,   4.319,9999.000,9999.000,9999.000,9999.000,9999.000,9999.000,9999.000
202606230742,   4.079,   4.188,9999.000,9999.000,9999.000,9999.000,9999.000,9999.000,9999.000
202606230748,   3.952,   4.070,9999.000,9999.000,9999.000,9999.000,9999.000,9999.000,9999.000
202606230754,   3.825,   3.939,9999.000,9999.000,9999.000,9999.000,9999.000,9999.000,9999.000
202606230800,   3.699,   3.817,   0.300,  -0.182,   3.817,   0.200,   3.717,   0.300,   3.817
202606230806,   3.574,   3.699,9999.000,9999.000,9999.000,9999.000,9999.000,9999.000,9999.000
202606230812,   3.450,   3.578,9999.000,9999.000,9999.000,9999.000,9999.000,9999.000,9999.000
202606230818,   3.327,   3.480,9999.000,9999.000,9999.000,9999.000,9999.000,9999.000,9999.000
202606230824,   3.206,   3.348,9999.000,9999.000,9999.000,9999.000,9999.000,9999.000,9999.000
202606230830,   3.086,   3.240,9999.000,9999.000,9999.000,9999.000,9999.000,9999.000,9999.000
202606230836,   2.968,   3.138,9999.000,9999.000,9999.000,9999.000,9999.000,9999.000,9999.000
202606230842,   2.852,   3.017,9999.000,9999.000,9999.000,9999.000,9999.000,9999.000,9999.000
202606230848,   2.738,   2.919,9999.000,9999.000,9999.000,9999.000,9999.000,9999.000,9999.000
202606230854,   2.626,   2.830,9999.000,9999.000,9999.000,9999.000,9999.000,9999.000,9999.000
202606230900,   2.516,   2.719,   0.300,  -0.097,   2.719,   0.200,   2.619,   0.300,   2.719
202606230906,   2.408,   2.630,9999.000,9999.000,9999.000,9999.000,9999.000,9999.000,9999.000
202606230912,   2.302,   2.538,9999.000,9999.000,9999.000,9999.000,9999.000,9999.000,9999.000
202606230918,   2.199,   2.450,9999.000,9999.000,9999.000,9999.000,9999.000,9999.000,9999.000
202606230924,   2.097,   2.348,9999.000,9999.000,9999.000,9999.000,9999.000,9999.000,9999.000
202606230930,   1.999,   2.259,9999.000,9999.000,9999.000,9999.000,9999.000,9999.000,9999.000
202606230936,   1.903,   2.168,9999.000,9999.000,9999.000,9999.000,9999.000,9999.000,9999.000
202606230942,   1.809,   2.099,9999.000,9999.000,9999.000,9999.000,9999.000,9999.000,9999.000
202606230948,   1.718,   2.020,9999.000,9999.000,9999.000,9999.000,9999.000,9999.000,9999.000
202606230954,   1.630,   1.948,9999.000,9999.000,9999.000,9999.000,9999.000,9999.000,9999.000
202606231000,   1.546,   1.869,   0.300,   0.023,   1.869,   0.200,   1.769,   0.300,   1.869
202606231006,   1.464,   1.800,9999.000,9999.000,9999.000,9999.000,9999.000,9999.000,9999.000
202606231012,   1.386,   1.728,9999.000,9999.000,9999.000,9999.000,9999.000,9999.000,9999.000
202606231018,   1.312,   1.659,9999.000,9999.000,9999.000,9999.000,9999.000,9999.000,9999.000
202606231024,   1.242,   1.600,9999.000,9999.000,9999.000,9999.000,9999.000,9999.000,9999.000
202606231030,   1.176,   1.528,9999.000,9999.000,9999.000,9999.000,9999.000,9999.000,9999.000
202606231036,   1.114,   1.459,9999.000,9999.000,9999.000,9999.000,9999.000,9999.000,9999.000
202606231042,   1.058,   1.410,9999.000,9999.000,9999.000,9999.000,9999.000,9999.000,9999.000
202606231048,   1.007,   1.361,9999.000,9999.000,9999.000,9999.000,9999.000,9999.000,9999.000
202606231054,   0.961,   1.298,9999.000,9999.000,9999.000,9999.000,9999.000,9999.000,9999.000
202606231100,   0.921,   1.249,   0.300,   0.028,   1.249,   0.200,   1.149,   0.300,   1.249
202606231106,   0.887,   1.220,9999.000,9999.000,9999.000,9999.000,9999.000,9999.000,9999.000
202606231112,   0.859,   1.170,9999.000,9999.000,9999.000,9999.000,9999.000,9999.000,9999.000
202606231118,   0.838,   1.138,9999.000,9999.000,9999.000,9999.000,9999.000,9999.000,9999.000
202606231124,   0.824,   1.108,9999.000,9999.000,9999.000,9999.000,9999.000,9999.000,9999.000
202606231130,   0.816,   1.079,9999.000,9999.000,9999.000,9999.000,9999.000,9999.000,9999.000
202606231136,   0.816,   1.059,9999.000,9999.000,9999.000,9999.000,9999.000,9999.000,9999.000
202606231142,   0.823,   1.039,9999.000,9999.000,9999.000,9999.000,9999.000,9999.000,9999.000
202606231148,   0.836,   1.039,9999.000,9999.000,9999.000,9999.000,9999.000,9999.000,9999.000
202606231154,   0.857,   1.029,9999.000,9999.000,9999.000,9999.000,9999.000,9999.000,9999.000
202606231200,   0.885,   1.039,   0.300,  -0.146,   1.039,   0.300,   1.039,   0.300,   1.039
202606231206,   0.920,   1.059,9999.000,9999.000,9999.000,9999.000,9999.000,9999.000,9999.000
202606231212,   0.962,   1.079,9999.000,9999.000,9999.000,9999.000,9999.000,9999.000,9999.000
202606231218,   1.010,   1.128,9999.000,9999.000,9999.000,9999.000,9999.000,9999.000,9999.000
202606231224,   1.064,   1.180,9999.000,9999.000,9999.000,9999.000,9999.000,9999.000,9999.000
202606231230,   1.124,   1.229,9999.000,9999.000,9999.000,9999.000,9999.000,9999.000,9999.000
202606231236,   1.190,   1.289,9999.000,9999.000,9999.000,9999.000,9999.000,9999.000,9999.000
202606231242,   1.261,   1.361,9999.000,9999.000,9999.000,9999.000,9999.000,9999.000,9999.000
202606231248,   1.337,   1.430,9999.000,9999.000,9999.000,9999.000,9999.000,9999.000,9999.000
202606231254,   1.418,   1.518,9999.000,9999.000,9999.000,9999.000,9999.000,9999.000,9999.000
202606231300,   1.503,   1.610,   0.300,  -0.193,   1.610,   0.300,   1.610,   0.300,   1.610
202606231306,   1.591,   1.708,9999.000,9999.000,9999.000,9999.000,9999.000,9999.000,9999.000
202606231312,   1.683,   1.820,9999.000,9999.000,9999.000,9999.000,9999.000,9999.000,9999.000
202606231318,   1.778,   1.938,9999.000,9999.000,9999.000,9999.000,9999.000,9999.000,9999.000
202606231324,   1.876,   2.049,9999.000,9999.000,9999.000,9999.000,9999.000,9999.000,9999.000
202606231330,   1.976,   2.168,9999.000,9999.000,9999.000,9999.000,9999.000,9999.000,9999.000
202606231336,   2.078,   2.289,9999.000,9999.000,9999.000,9999.000,9999.000,9999.000,9999.000
202606231342,   2.182,   2.420,9999.000,9999.000,9999.000,9999.000,9999.000,9999.000,9999.000
202606231348,   2.287,   2.538,9999.000,9999.000,9999.000,9999.000,9999.000,9999.000,9999.000
202606231354,   2.393,   2.669,9999.000,9999.000,9999.000,9999.000,9999.000,9999.000,9999.000
202606231400,   2.501,   2.778,   0.300,  -0.023,   2.778,   0.300,   2.778,   0.300,   2.778
202606231406,   2.609,   2.899,9999.000,9999.000,9999.000,9999.000,9999.000,9999.000,9999.000
202606231412,   2.718,   3.017,9999.000,9999.000,9999.000,9999.000,9999.000,9999.000,9999.000
202606231418,   2.827,   3.138,9999.000,9999.000,9999.000,9999.000,9999.000,9999.000,9999.000
202606231424,   2.937,   3.260,9999.000,9999.000,9999.000,9999.000,9999.000,9999.000,9999.000
202606231430,   3.046,   3.378,9999.000,9999.000,9999.000,9999.000,9999.000,9999.000,9999.000
202606231436,   3.155,   3.499,9999.000,9999.000,9999.000,9999.000,9999.000,9999.000,9999.000
202606231442,   3.264,   3.617,9999.000,9999.000,9999.000,9999.000,9999.000,9999.000,9999.000
202606231448,   3.371,   3.739,9999.000,9999.000,9999.000,9999.000,9999.000,9999.000,9999.000
202606231454,   3.478,   3.847,9999.000,9999.000,9999.000,9999.000,9999.000,9999.000,9999.000
202606231500,   3.583,   3.968,   0.300,   0.085,   3.968,   0.300,   3.968,   0.300,   3.968
202606231506,   3.687,   4.080,9999.000,9999.000,9999.000,9999.000,9999.000,9999.000,9999.000
202606231512,   3.789,   4.188,9999.000,9999.000,9999.000,9999.000,9999.000,9999.000,9999.000
202606231518,   3.889,   4.290,9999.000,9999.000,9999.000,9999.000,9999.000,9999.000,9999.000
202606231524,   3.987,   4.388,9999.000,9999.000,9999.000,9999.000,9999.000,9999.000,9999.000
202606231530,   4.081,   4.480,9999.000,9999.000,9999.000,9999.000,9999.000,9999.000,9999.000
202606231536,   4.172,   4.569,9999.000,9999.000,9999.000,9999.000,9999.000,9999.000,9999.000
202606231542,   4.260,   4.657,9999.000,9999.000,9999.000,9999.000,9999.000,9999.000,9999.000
202606231548,   4.343,   4.739,9999.000,9999.000,9999.000,9999.000,9999.000,9999.000,9999.000
202606231554,   4.422,   4.818,9999.000,9999.000,9999.000,9999.000,9999.000,9999.000,9999.000
202606231600,   4.497,   4.887,   0.300,   0.090,   4.887,   0.300,   4.887,   0.300,   4.887
202606231606,   4.566,   4.949,9999.000,9999.000,9999.000,9999.000,9999.000,9999.000,9999.000
202606231612,   4.630,   4.998,9999.000,9999.000,9999.000,9999.000,9999.000,9999.000,9999.000
202606231618,   4.688,   5.057,9999.000,9999.000,9999.000,9999.000,9999.000,9999.000,9999.000
202606231624,   4.741,   5.097,9999.000,9999.000,9999.000,9999.000,9999.000,9999.000,9999.000
202606231630,   4.787,   5.139,9999.000,9999.000,9999.000,9999.000,9999.000,9999.000,9999.000
202606231636,   4.826,   5.169,9999.000,9999.000,9999.000,9999.000,9999.000,9999.000,9999.000
202606231642,   4.860,   5.198,9999.000,9999.000,9999.000,9999.000,9999.000,9999.000,9999.000
202606231648,   4.886,   5.208,9999.000,9999.000,9999.000,9999.000,9999.000,9999.000,9999.000
202606231654,   4.906,   5.218,9999.000,9999.000,9999.000,9999.000,9999.000,9999.000,9999.000
202606231700,   4.919,   5.228,   0.300,   0.009,   5.228,   0.300,   5.228,   0.300,   5.228
202606231706,   4.925,   5.218,9999.000,9999.000,9999.000,9999.000,9999.000,9999.000,9999.000
202606231712,   4.925,   5.218,9999.000,9999.000,9999.000,9999.000,9999.000,9999.000,9999.000
202606231718,   4.918,   5.198,9999.000,9999.000,9999.000,9999.000,9999.000,9999.000,9999.000
202606231724,   4.904,   5.179,9999.000,9999.000,9999.000,9999.000,9999.000,9999.000,9999.000
202606231730,   4.884,   5.159,9999.000,9999.000,9999.000,9999.000,9999.000,9999.000,9999.000
202606231736,   4.858,   5.139,9999.000,9999.000,9999.000,9999.000,9999.000,9999.000,9999.000
202606231742,   4.827,   5.110,9999.000,9999.000,9999.000,9999.000,9999.000,9999.000,9999.000
202606231748,   4.789,   5.077,9999.000,9999.000,9999.000,9999.000,9999.000,9999.000,9999.000
202606231754,   4.746,   5.038,9999.000,9999.000,9999.000,9999.000,9999.000,9999.000,9999.000
202606231800,   4.698,   4.998,   0.200,   0.100,   4.998,   0.200,   4.998,   0.200,   4.998
202606231806,   4.645,   4.949,9999.000,9999.000,9999.000,9999.000,9999.000,9999.000,9999.000
202606231812,   4.587,   4.887,9999.000,9999.000,9999.000,9999.000,9999.000,9999.000,9999.000
202606231818,   4.525,   4.837,9999.000,9999.000,9999.000,9999.000,9999.000,9999.000,9999.000
202606231824,   4.459,   4.778,9999.000,9999.000,9999.000,9999.000,9999.000,9999.000,9999.000
202606231830,   4.389,   4.710,9999.000,9999.000,9999.000,9999.000,9999.000,9999.000,9999.000
202606231836,   4.315,   4.637,9999.000,9999.000,9999.000,9999.000,9999.000,9999.000,9999.000
202606231842,   4.239,   4.569,9999.000,9999.000,9999.000,9999.000,9999.000,9999.000,9999.000
202606231848,   4.159,   4.500,9999.000,9999.000,9999.000,9999.000,9999.000,9999.000,9999.000
202606231854,   4.076,   4.418,9999.000,9999.000,9999.000,9999.000,9999.000,9999.000,9999.000
202606231900,   3.991,   4.339,   0.200,   0.148,   4.339,   0.200,   4.339,   0.200,   4.339
202606231906,   3.903,   4.257,9999.000,9999.000,9999.000,9999.000,9999.000,9999.000,9999.000
202606231912,   3.814,   4.188,9999.000,9999.000,9999.000,9999.000,9999.000,9999.000,9999.000
202606231918,   3.722,   4.099,9999.000,9999.000,9999.000,9999.000,9999.000,9999.000,9999.000
202606231924,   3.630,   4.017,9999.000,9999.000,9999.000,9999.000,9999.000,9999.000,9999.000
202606231930,   3.536,   3.929,9999.000,9999.000,9999.000,9999.000,9999.000,9999.000,9999.000
202606231936,   3.441,   3.847,9999.000,9999.000,9999.000,9999.000,9999.000,9999.000,9999.000
202606231942,   3.345,   3.768,9999.000,9999.000,9999.000,9999.000,9999.000,9999.000,9999.000
202606231948,   3.249,   3.689,9999.000,9999.000,9999.000,9999.000,9999.000,9999.000,9999.000
202606231954,   3.153,   3.617,9999.000,9999.000,9999.000,9999.000,9999.000,9999.000,9999.000
202606232000,   3.057,   3.529,   0.200,   0.272,   3.529,   0.200,   3.529,   0.200,   3.529
202606232006,   2.961,   3.450,9999.000,9999.000,9999.000,9999.000,9999.000,9999.000,9999.000
202606232012,   2.866,   3.368,9999.000,9999.000,9999.000,9999.000,9999.000,9999.000,9999.000
202606232018,   2.771,   3.279,9999.000,9999.000,9999.000,9999.000,9999.000,9999.000,9999.000
202606232024,   2.678,   3.197,9999.000,9999.000,9999.000,9999.000,9999.000,9999.000,9999.000
202606232030,   2.586,   3.109,9999.000,9999.000,9999.000,9999.000,9999.000,9999.000,9999.000
202606232036,   2.496,   3.030,9999.000,9999.000,9999.000,9999.000,9999.000,9999.000,9999.000
202606232042,   2.407,   2.938,9999.000,9999.000,9999.000,9999.000,9999.000,9999.000,9999.000
202606232048,   2.321,   2.860,9999.000,9999.000,9999.000,9999.000,9999.000,9999.000,9999.000
202606232054,   2.236,   2.787,9999.000,9999.000,9999.000,9999.000,9999.000,9999.000,9999.000
202606232100,   2.154,   2.719,   0.200,   0.365,   2.719,   0.200,   2.719,   0.200,   2.719
202606232106,   2.074,   2.640,9999.000,9999.000,9999.000,9999.000,9999.000,9999.000,9999.000
202606232112,   1.997,   2.568,9999.000,9999.000,9999.000,9999.000,9999.000,9999.000,9999.000
202606232118,   1.922,   2.499,9999.000,9999.000,9999.000,9999.000,9999.000,9999.000,9999.000
202606232124,   1.850,   2.430,9999.000,9999.000,9999.000,9999.000,9999.000,9999.000,9999.000
202606232130,   1.781,   2.368,9999.000,9999.000,9999.000,9999.000,9999.000,9999.000,9999.000
202606232136,   1.715,   2.309,9999.000,9999.000,9999.000,9999.000,9999.000,9999.000,9999.000
202606232142,   1.652,   2.250,9999.000,9999.000,9999.000,9999.000,9999.000,9999.000,9999.000
202606232148,   1.592,   2.200,9999.000,9999.000,9999.000,9999.000,9999.000,9999.000,9999.000
202606232154,   1.536,   2.158,9999.000,9999.000,9999.000,9999.000,9999.000,9999.000,9999.000
202606232200,   1.483,   2.109,   0.200,   0.426,   2.109,   0.200,   2.109,   0.300,   2.209
202606232206,   1.433,   2.069,9999.000,9999.000,9999.000,9999.000,9999.000,9999.000,9999.000
202606232212,   1.387,   2.020,9999.000,9999.000,9999.000,9999.000,9999.000,9999.000,9999.000
202606232218,   1.345,   2.010,9999.000,9999.000,9999.000,9999.000,9999.000,9999.000,9999.000
202606232224,   1.307,   1.918,9999.000,9999.000,9999.000,9999.000,9999.000,9999.000,9999.000
202606232230,   1.273,   1.899,9999.000,9999.000,9999.000,9999.000,9999.000,9999.000,9999.000
202606232236,   1.244,   1.889,9999.000,9999.000,9999.000,9999.000,9999.000,9999.000,9999.000
202606232242,   1.219,   1.849,9999.000,9999.000,9999.000,9999.000,9999.000,9999.000,9999.000
202606232248,   1.198,   1.869,9999.000,9999.000,9999.000,9999.000,9999.000,9999.000,9999.000
202606232254,   1.183,   1.840,9999.000,9999.000,9999.000,9999.000,9999.000,9999.000,9999.000
202606232300,   1.174,   1.840,   0.200,   0.466,   1.840,   0.200,   1.840,   0.300,   1.940
202606232306,   1.170,   1.830,9999.000,9999.000,9999.000,9999.000,9999.000,9999.000,9999.000
202606232312,   1.171,   1.849,9999.000,9999.000,9999.000,9999.000,9999.000,9999.000,9999.000
202606232318,   1.179,   1.879,9999.000,9999.000,9999.000,9999.000,9999.000,9999.000,9999.000
202606232324,   1.194,   1.889,9999.000,9999.000,9999.000,9999.000,9999.000,9999.000,9999.000
202606232330,   1.215,   1.928,9999.000,9999.000,9999.000,9999.000,9999.000,9999.000,9999.000
202606232336,   1.243,   1.967,9999.000,9999.000,9999.000,9999.000,9999.000,9999.000,9999.000
202606232342,   1.278,   2.030,9999.000,9999.000,9999.000,9999.000,9999.000,9999.000,9999.000
202606232348,   1.320,   2.099,9999.000,9999.000,9999.000,9999.000,9999.000,9999.000,9999.000
202606232354,   1.369,   2.158,9999.000,9999.000,9999.000,9999.000,9999.000,9999.000,9999.000
202606240000,   1.426,   2.240,   0.300,   0.514,   2.240,   0.200,   2.140,   0.300,   2.240
202606240006,   1.490,   2.309,9999.000,9999.000,9999.000,9999.000,9999.000,9999.000,9999.000
202606240012,   1.561,   2.387,9999.000,9999.000,9999.000,9999.000,9999.000,9999.000,9999.000
202606240018,   1.640,   2.479,9999.000,9999.000,9999.000,9999.000,9999.000,9999.000,9999.000
202606240024,   1.726,   2.578,9999.000,9999.000,9999.000,9999.000,9999.000,9999.000,9999.000
202606240030,   1.818,   2.679,9999.000,9999.000,9999.000,9999.000,9999.000,9999.000,9999.000
202606240036,   1.917,   2.778,9999.000,9999.000,9999.000,9999.000,9999.000,9999.000,9999.000
202606240042,   2.023,   2.899,9999.000,9999.000,9999.000,9999.000,9999.000,9999.000,9999.000
202606240048,   2.134,   3.017,9999.000,9999.000,9999.000,9999.000,9999.000,9999.000,9999.000
202606240054,   2.251,   3.138,9999.000,9999.000,9999.000,9999.000,9999.000,9999.000,9999.000
202606240100,   2.373,   3.270,   0.300,   0.597,   3.270,   0.200,   3.170,   0.300,   3.270
202606240106,   2.500,   3.398,9999.000,9999.000,9999.000,9999.000,9999.000,9999.000,9999.000
202606240112,   2.631,   3.529,9999.000,9999.000,9999.000,9999.000,9999.000,9999.000,9999.000
202606240118,   2.766,   3.670,9999.000,9999.000,9999.000,9999.000,9999.000,9999.000,9999.000
202606240124,   2.905,   3.817,9999.000,9999.000,9999.000,9999.000,9999.000,9999.000,9999.000
202606240130,   3.046,   3.958,9999.000,9999.000,9999.000,9999.000,9999.000,9999.000,9999.000
202606240136,   3.189,   4.099,9999.000,9999.000,9999.000,9999.000,9999.000,9999.000,9999.000
202606240142,   3.334,   4.247,9999.000,9999.000,9999.000,9999.000,9999.000,9999.000,9999.000
202606240148,   3.481,   4.398,9999.000,9999.000,9999.000,9999.000,9999.000,9999.000,9999.000
202606240154,   3.629,   4.549,9999.000,9999.000,9999.000,9999.000,9999.000,9999.000,9999.000
202606240200,   3.778,   4.700,   0.300,   0.622,   4.700,   0.300,   4.700,   0.300,   4.700
202606240206,   3.926,   4.837,9999.000,9999.000,9999.000,9999.000,9999.000,9999.000,9999.000
202606240212,   4.075,   4.979,9999.000,9999.000,9999.000,9999.000,9999.000,9999.000,9999.000
202606240218,   4.223,   5.120,9999.000,9999.000,9999.000,9999.000,9999.000,9999.000,9999.000
202606240224,   4.371,   5.257,9999.000,9999.000,9999.000,9999.000,9999.000,9999.000,9999.000
202606240230,   4.517,   5.389,9999.000,9999.000,9999.000,9999.000,9999.000,9999.000,9999.000
202606240236,   4.662,   5.530,9999.000,9999.000,9999.000,9999.000,9999.000,9999.000,9999.000
202606240242,   4.805,   5.648,9999.000,9999.000,9999.000,9999.000,9999.000,9999.000,9999.000
202606240248,   4.947,   5.769,9999.000,9999.000,9999.000,9999.000,9999.000,9999.000,9999.000
202606240254,   5.086,   5.897,9999.000,9999.000,9999.000,9999.000,9999.000,9999.000,9999.000
202606240300,   5.223,   6.008,   0.300,   0.485,   6.008,   0.300,   6.008,   0.300,   6.008
202606240306,   5.358,   6.127,9999.000,9999.000,9999.000,9999.000,9999.000,9999.000,9999.000
202606240312,   5.489,   6.248,9999.000,9999.000,9999.000,9999.000,9999.000,9999.000,9999.000
202606240318,   5.617,   6.359,9999.000,9999.000,9999.000,9999.000,9999.000,9999.000,9999.000
202606240324,   5.742,   6.458,9999.000,9999.000,9999.000,9999.000,9999.000,9999.000,9999.000
202606240330,   5.863,   6.569,9999.000,9999.000,9999.000,9999.000,9999.000,9999.000,9999.000
202606240336,   5.980,   6.658,9999.000,9999.000,9999.000,9999.000,9999.000,9999.000,9999.000
202606240342,   6.092,   6.746,9999.000,9999.000,9999.000,9999.000,9999.000,9999.000,9999.000
202606240348,   6.200,   6.838,9999.000,9999.000,9999.000,9999.000,9999.000,9999.000,9999.000
202606240354,   6.302,   6.917,9999.000,9999.000,9999.000,9999.000,9999.000,9999.000,9999.000
202606240400,   6.399,   7.019,   0.300,   0.320,   7.019,   0.300,   7.019,   0.300,   7.019
202606240406,   6.491,   7.038,9999.000,9999.000,9999.000,9999.000,9999.000,9999.000,9999.000
202606240412,   6.576,   7.107,9999.000,9999.000,9999.000,9999.000,9999.000,9999.000,9999.000
202606240418,   6.655,   7.209,9999.000,9999.000,9999.000,9999.000,9999.000,9999.000,9999.000
202606240424,   6.727,   7.258,9999.000,9999.000,9999.000,9999.000,9999.000,9999.000,9999.000
202606240430,   6.792,   7.297,9999.000,9999.000,9999.000,9999.000,9999.000,9999.000,9999.000
202606240436,   6.849,   7.357,9999.000,9999.000,9999.000,9999.000,9999.000,9999.000,9999.000
202606240442,   6.899,   7.376,9999.000,9999.000,9999.000,9999.000,9999.000,9999.000,9999.000
202606240448,   6.941,   7.419,9999.000,9999.000,9999.000,9999.000,9999.000,9999.000,9999.000
202606240454,   6.976,   7.439,9999.000,9999.000,9999.000,9999.000,9999.000,9999.000,9999.000
202606240500,   7.002,   7.458,   0.300,   0.156,   7.458,   0.300,   7.458,   0.300,   7.458
202606240506,   7.020,   7.468,9999.000,9999.000,9999.000,9999.000,9999.000,9999.000,9999.000
202606240512,   7.030,   7.488,9999.000,9999.000,9999.000,9999.000,9999.000,9999.000,9999.000
202606240518,   7.031,   7.488,9999.000,9999.000,9999.000,9999.000,9999.000,9999.000,9999.000
202606240524,   7.025,   7.468,9999.000,9999.000,9999.000,9999.000,9999.000,9999.000,9999.000
202606240530,   7.010,   7.468,9999.000,9999.000,9999.000,9999.000,9999.000,9999.000,9999.000
202606240536,   6.988,   7.399,9999.000,9999.000,9999.000,9999.000,9999.000,9999.000,9999.000
202606240542,   6.957,   7.399,9999.000,9999.000,9999.000,9999.000,9999.000,9999.000,9999.000
202606240548,   6.920,   7.357,9999.000,9999.000,9999.000,9999.000,9999.000,9999.000,9999.000
202606240554,   6.875,   7.297,9999.000,9999.000,9999.000,9999.000,9999.000,9999.000,9999.000
202606240600,   6.823,   7.229,   0.400,   0.006,   7.229,   0.400,   7.229,   0.400,   7.229
202606240606,   6.764,   7.156,9999.000,9999.000,9999.000,9999.000,9999.000,9999.000,9999.000
202606240612,   6.699,   7.068,9999.000,9999.000,9999.000,9999.000,9999.000,9999.000,9999.000
202606240618,   6.628,   6.979,9999.000,9999.000,9999.000,9999.000,9999.000,9999.000,9999.000
202606240624,   6.551,   6.887,9999.000,9999.000,9999.000,9999.000,9999.000,9999.000,9999.000
202606240630,   6.468,   6.789,9999.000,9999.000,9999.000,9999.000,9999.000,9999.000,9999.000
202606240636,   6.381,   6.678,9999.000,9999.000,9999.000,9999.000,9999.000,9999.000,9999.000
202606240642,   6.289,   6.579,9999.000,9999.000,9999.000,9999.000,9999.000,9999.000,9999.000
202606240648,   6.192,   6.468,9999.000,9999.000,9999.000,9999.000,9999.000,9999.000,9999.000
202606240654,   6.092,   6.346,9999.000,9999.000,9999.000,9999.000,9999.000,9999.000,9999.000
202606240700,   5.987,   6.238,   0.400,  -0.149,   6.238,   0.400,   6.238,   0.400,   6.238
202606240706,   5.879,   6.117,9999.000,9999.000,9999.000,9999.000,9999.000,9999.000,9999.000
202606240712,   5.768,   5.989,9999.000,9999.000,9999.000,9999.000,9999.000,9999.000,9999.000
202606240718,   5.654,   5.867,9999.000,9999.000,9999.000,9999.000,9999.000,9999.000,9999.000
202606240724,   5.538,   5.749,9999.000,9999.000,9999.000,9999.000,9999.000,9999.000,9999.000
202606240730,   5.419,   5.638,9999.000,9999.000,9999.000,9999.000,9999.000,9999.000,9999.000
202606240736,   5.298,   5.418,9999.000,9999.000,9999.000,9999.000,9999.000,9999.000,9999.000
202606240742,   5.175,   4.867,9999.000,9999.000,9999.000,9999.000,9999.000,9999.000,9999.000
202606240748,   5.051,   5.247,9999.000,9999.000,9999.000,9999.000,9999.000,9999.000,9999.000
202606240754,   4.926,   5.097,9999.000,9999.000,9999.000,9999.000,9999.000,9999.000,9999.000
202606240800,   4.799,   4.969,   0.400,  -0.230,   4.969,   0.400,   4.969,   0.400,   4.969
202606240806,   4.672,   4.847,9999.000,9999.000,9999.000,9999.000,9999.000,9999.000,9999.000
202606240812,   4.544,   4.719,9999.000,9999.000,9999.000,9999.000,9999.000,9999.000,9999.000
202606240818,   4.415,   4.588,9999.000,9999.000,9999.000,9999.000,9999.000,9999.000,9999.000
202606240824,   4.287,   4.467,9999.000,9999.000,9999.000,9999.000,9999.000,9999.000,9999.000
202606240830,   4.158,   4.339,9999.000,9999.000,9999.000,9999.000,9999.000,9999.000,9999.000
202606240836,   4.030,   4.227,9999.000,9999.000,9999.000,9999.000,9999.000,9999.000,9999.000
202606240842,   3.902,   4.099,9999.000,9999.000,9999.000,9999.000,9999.000,9999.000,9999.000
202606240848,   3.774,   3.978,9999.000,9999.000,9999.000,9999.000,9999.000,9999.000,9999.000
202606240854,   3.648,   3.860,9999.000,9999.000,9999.000,9999.000,9999.000,9999.000,9999.000
202606240900,   3.522,   3.739,   0.400,  -0.183,   3.739,   0.400,   3.739,   0.400,   3.739
202606240906,   3.397,   3.617,9999.000,9999.000,9999.000,9999.000,9999.000,9999.000,9999.000
202606240912,   3.273,   3.499,9999.000,9999.000,9999.000,9999.000,9999.000,9999.000,9999.000
202606240918,   3.151,   3.388,9999.000,9999.000,9999.000,9999.000,9999.000,9999.000,9999.000
202606240924,   3.029,   3.279,9999.000,9999.000,9999.000,9999.000,9999.000,9999.000,9999.000
202606240930,   2.909,   3.178,9999.000,9999.000,9999.000,9999.000,9999.000,9999.000,9999.000
202606240936,   2.791,   3.060,9999.000,9999.000,9999.000,9999.000,9999.000,9999.000,9999.000
202606240942,   2.674,   2.958,9999.000,9999.000,9999.000,9999.000,9999.000,9999.000,9999.000
202606240948,   2.558,   2.869,9999.000,9999.000,9999.000,9999.000,9999.000,9999.000,9999.000
202606240954,   2.444,   2.768,9999.000,9999.000,9999.000,9999.000,9999.000,9999.000,9999.000
202606241000,   2.332,   2.669,   0.400,  -0.063,   2.669,   0.400,   2.669,   0.400,   2.669
202606241006,   2.221,   2.568,9999.000,9999.000,9999.000,9999.000,9999.000,9999.000,9999.000
202606241012,   2.111,   2.479,9999.000,9999.000,9999.000,9999.000,9999.000,9999.000,9999.000
202606241018,   2.004,   2.400,9999.000,9999.000,9999.000,9999.000,9999.000,9999.000,9999.000
202606241024,   1.898,   2.309,9999.000,9999.000,9999.000,9999.000,9999.000,9999.000,9999.000
202606241030,   1.794,   2.210,9999.000,9999.000,9999.000,9999.000,9999.000,9999.000,9999.000
202606241036,   1.692,   2.089,9999.000,9999.000,9999.000,9999.000,9999.000,9999.000,9999.000
202606241042,   1.591,   2.040,9999.000,9999.000,9999.000,9999.000,9999.000,9999.000,9999.000
202606241048,   1.493,   1.958,9999.000,9999.000,9999.000,9999.000,9999.000,9999.000,9999.000
202606241054,   1.398,   1.859,9999.000,9999.000,9999.000,9999.000,9999.000,9999.000,9999.000
202606241100,   1.305,   1.758,   0.400,   0.053,   1.758,   0.400,   1.758,   0.400,   1.758
202606241106,   1.215,   1.728,9999.000,9999.000,9999.000,9999.000,9999.000,9999.000,9999.000
202606241112,   1.128,   1.620,9999.000,9999.000,9999.000,9999.000,9999.000,9999.000,9999.000
202606241118,   1.044,   1.548,9999.000,9999.000,9999.000,9999.000,9999.000,9999.000,9999.000
202606241124,   0.964,   1.469,9999.000,9999.000,9999.000,9999.000,9999.000,9999.000,9999.000
202606241130,   0.889,   1.400,9999.000,9999.000,9999.000,9999.000,9999.000,9999.000,9999.000
202606241136,   0.817,   1.338,9999.000,9999.000,9999.000,9999.000,9999.000,9999.000,9999.000
202606241142,   0.751,   1.279,9999.000,9999.000,9999.000,9999.000,9999.000,9999.000,9999.000
202606241148,   0.689,   1.210,9999.000,9999.000,9999.000,9999.000,9999.000,9999.000,9999.000
202606241154,   0.634,   1.161,9999.000,9999.000,9999.000,9999.000,9999.000,9999.000,9999.000
202606241200,   0.583,   1.098,   0.400,   0.115,   1.098,   0.400,   1.098,   0.400,   1.098
202606241206,   0.539,   1.049,9999.000,9999.000,9999.000,9999.000,9999.000,9999.000,9999.000
202606241212,   0.502,   1.000,9999.000,9999.000,9999.000,9999.000,9999.000,9999.000,9999.000
202606241218,   0.471,   0.951,9999.000,9999.000,9999.000,9999.000,9999.000,9999.000,9999.000
202606241224,   0.447,   0.918,9999.000,9999.000,9999.000,9999.000,9999.000,9999.000,9999.000
202606241230,   0.430,   0.888,9999.000,9999.000,9999.000,9999.000,9999.000,9999.000,9999.000
202606241236,   0.420,   0.849,9999.000,9999.000,9999.000,9999.000,9999.000,9999.000,9999.000
202606241242,   0.418,   0.819,9999.000,9999.000,9999.000,9999.000,9999.000,9999.000,9999.000
202606241248,   0.423,   0.810,9999.000,9999.000,9999.000,9999.000,9999.000,9999.000,9999.000
202606241254,   0.435,   0.810,9999.000,9999.000,9999.000,9999.000,9999.000,9999.000,9999.000
202606241300,   0.454,   0.810,   0.400,  -0.044,   0.810,   0.400,   0.810,   0.400,   0.810
202606241306,   0.481,   0.810,9999.000,9999.000,9999.000,9999.000,9999.000,9999.000,9999.000
202606241312,   0.514,   0.829,9999.000,9999.000,9999.000,9999.000,9999.000,9999.000,9999.000
202606241318,   0.555,   0.859,9999.000,9999.000,9999.000,9999.000,9999.000,9999.000,9999.000
202606241324,   0.602,   0.879,9999.000,9999.000,9999.000,9999.000,9999.000,9999.000,9999.000
202606241330,   0.655,   0.918,9999.000,9999.000,9999.000,9999.000,9999.000,9999.000,9999.000
202606241336,   0.714,   0.980,9999.000,9999.000,9999.000,9999.000,9999.000,9999.000,9999.000
202606241342,   0.779,   1.029,9999.000,9999.000,9999.000,9999.000,9999.000,9999.000,9999.000
202606241348,   0.850,   1.098,9999.000,9999.000,9999.000,9999.000,9999.000,9999.000,9999.000
202606241354,   0.926,   1.170,9999.000,9999.000,9999.000,9999.000,9999.000,9999.000,9999.000
202606241400,   1.007,   1.249,   0.400,  -0.158,   1.249,   0.400,   1.249,   0.400,   1.249
202606241406,   1.092,   1.338,9999.000,9999.000,9999.000,9999.000,9999.000,9999.000,9999.000
202606241412,   1.181,   1.439,9999.000,9999.000,9999.000,9999.000,9999.000,9999.000,9999.000
202606241418,   1.275,   1.528,9999.000,9999.000,9999.000,9999.000,9999.000,9999.000,9999.000
202606241424,   1.372,   1.639,9999.000,9999.000,9999.000,9999.000,9999.000,9999.000,9999.000
202606241430,   1.472,   1.738,9999.000,9999.000,9999.000,9999.000,9999.000,9999.000,9999.000
202606241436,   1.576,   1.859,9999.000,9999.000,9999.000,9999.000,9999.000,9999.000,9999.000
202606241442,   1.683,   1.990,9999.000,9999.000,9999.000,9999.000,9999.000,9999.000,9999.000
202606241448,   1.792,   2.109,9999.000,9999.000,9999.000,9999.000,9999.000,9999.000,9999.000
202606241454,   1.904,   2.240,9999.000,9999.000,9999.000,9999.000,9999.000,9999.000,9999.000
202606241500,   2.018,   2.358,   0.400,  -0.060,   2.358,   0.400,   2.358,   0.400,   2.358
202606241506,   2.134,   2.459,9999.000,9999.000,9999.000,9999.000,9999.000,9999.000,9999.000
202606241512,   2.251,   2.620,9999.000,9999.000,9999.000,9999.000,9999.000,9999.000,9999.000
202606241518,   2.371,   2.778,9999.000,9999.000,9999.000,9999.000,9999.000,9999.000,9999.000
202606241524,   2.491,   2.909,9999.000,9999.000,9999.000,9999.000,9999.000,9999.000,9999.000
202606241530,   2.613,   3.007,9999.000,9999.000,9999.000,9999.000,9999.000,9999.000,9999.000
202606241536,   2.735,   3.099,9999.000,9999.000,9999.000,9999.000,9999.000,9999.000,9999.000
202606241542,   2.858,   3.250,9999.000,9999.000,9999.000,9999.000,9999.000,9999.000,9999.000
202606241548,   2.981,   3.378,9999.000,9999.000,9999.000,9999.000,9999.000,9999.000,9999.000
202606241554,   3.103,   3.519,9999.000,9999.000,9999.000,9999.000,9999.000,9999.000,9999.000
202606241600,   3.225,   3.650,   0.400,   0.025,   3.650,   0.400,   3.650,   0.400,   3.650
202606241606,   3.346,   3.768,9999.000,9999.000,9999.000,9999.000,9999.000,9999.000,9999.000
202606241612,   3.466,   3.890,9999.000,9999.000,9999.000,9999.000,9999.000,9999.000,9999.000
202606241618,   3.583,   3.998,9999.000,9999.000,9999.000,9999.000,9999.000,9999.000,9999.000
202606241624,   3.699,   4.129,9999.000,9999.000,9999.000,9999.000,9999.000,9999.000,9999.000
202606241630,   3.811,   4.237,9999.000,9999.000,9999.000,9999.000,9999.000,9999.000,9999.000
202606241636,   3.921,   4.339,9999.000,9999.000,9999.000,9999.000,9999.000,9999.000,9999.000
202606241642,   4.026,   4.427,9999.000,9999.000,9999.000,9999.000,9999.000,9999.000,9999.000
202606241648,   4.128,   4.500,9999.000,9999.000,9999.000,9999.000,9999.000,9999.000,9999.000
202606241654,   4.224,   4.608,9999.000,9999.000,9999.000,9999.000,9999.000,9999.000,9999.000
202606241700,   4.316,   4.700,   0.400,  -0.016,   4.700,   0.400,   4.700,   0.400,   4.700
202606241706,   4.402,   4.778,9999.000,9999.000,9999.000,9999.000,9999.000,9999.000,9999.000
202606241712,   4.483,   4.847,9999.000,9999.000,9999.000,9999.000,9999.000,9999.000,9999.000
202606241718,   4.557,   4.919,9999.000,9999.000,9999.000,9999.000,9999.000,9999.000,9999.000
202606241724,   4.625,   4.979,9999.000,9999.000,9999.000,9999.000,9999.000,9999.000,9999.000
202606241730,   4.686,   5.038,9999.000,9999.000,9999.000,9999.000,9999.000,9999.000,9999.000
202606241736,   4.741,   5.120,9999.000,9999.000,9999.000,9999.000,9999.000,9999.000,9999.000
202606241742,   4.788,   5.169,9999.000,9999.000,9999.000,9999.000,9999.000,9999.000,9999.000
202606241748,   4.828,   5.129,9999.000,9999.000,9999.000,9999.000,9999.000,9999.000,9999.000
202606241754,   4.861,   5.228,9999.000,9999.000,9999.000,9999.000,9999.000,9999.000,9999.000
202606241800,   4.886,   5.277,   0.300,   0.091,   5.277,   0.200,   5.177,   0.300,   5.277
202606241806,   4.905,   5.329,9999.000,9999.000,9999.000,9999.000,9999.000,9999.000,9999.000
202606241812,   4.916,   5.369,9999.000,9999.000,9999.000,9999.000,9999.000,9999.000,9999.000
202606241818,   4.920,   5.379,9999.000,9999.000,9999.000,9999.000,9999.000,9999.000,9999.000
202606241824,   4.917,   5.218,9999.000,9999.000,9999.000,9999.000,9999.000,9999.000,9999.000
202606241830,   4.907,   5.349,9999.000,9999.000,9999.000,9999.000,9999.000,9999.000,9999.000
202606241836,   4.891,   5.379,9999.000,9999.000,9999.000,9999.000,9999.000,9999.000,9999.000
202606241842,   4.869,   5.359,9999.000,9999.000,9999.000,9999.000,9999.000,9999.000,9999.000
202606241848,   4.840,   5.329,9999.000,9999.000,9999.000,9999.000,9999.000,9999.000,9999.000
202606241854,   4.806,   5.329,9999.000,9999.000,9999.000,9999.000,9999.000,9999.000,9999.000
202606241900,   4.766,   5.297,   0.300,   0.231,   5.297,   0.200,   5.197,   0.300,   5.297
202606241906,   4.721,   5.257,9999.000,9999.000,9999.000,9999.000,9999.000,9999.000,9999.000
202606241912,   4.671,   5.218,9999.000,9999.000,9999.000,9999.000,9999.000,9999.000,9999.000
202606241918,   4.616,   5.198,9999.000,9999.000,9999.000,9999.000,9999.000,9999.000,9999.000
202606241924,   4.557,   5.159,9999.000,9999.000,9999.000,9999.000,9999.000,9999.000,9999.000
202606241930,   4.494,   5.110,9999.000,9999.000,9999.000,9999.000,9999.000,9999.000,9999.000
202606241936,   4.427,   5.067,9999.000,9999.000,9999.000,9999.000,9999.000,9999.000,9999.000
202606241942,   4.356,   5.028,9999.000,9999.000,9999.000,9999.000,9999.000,9999.000,9999.000
202606241948,   4.282,   4.949,9999.000,9999.000,9999.000,9999.000,9999.000,9999.000,9999.000
202606241954,   4.205,   4.910,9999.000,9999.000,9999.000,9999.000,9999.000,9999.000,9999.000
202606242000,   4.126,   4.847,   0.300,   0.421,   4.847,   0.200,   4.747,   0.300,   4.847
202606242006,   4.044,   4.778,9999.000,9999.000,9999.000,9999.000,9999.000,9999.000,9999.000
202606242012,   3.960,   4.729,9999.000,9999.000,9999.000,9999.000,9999.000,9999.000,9999.000
202606242018,   3.874,   4.657,9999.000,9999.000,9999.000,9999.000,9999.000,9999.000,9999.000
202606242024,   3.787,   4.578,9999.000,9999.000,9999.000,9999.000,9999.000,9999.000,9999.000
202606242030,   3.699,   4.500,9999.000,9999.000,9999.000,9999.000,9999.000,9999.000,9999.000
202606242036,   3.610,   4.437,9999.000,9999.000,9999.000,9999.000,9999.000,9999.000,9999.000
202606242042,   3.520,   4.300,9999.000,9999.000,9999.000,9999.000,9999.000,9999.000,9999.000
202606242048,   3.430,   4.247,9999.000,9999.000,9999.000,9999.000,9999.000,9999.000,9999.000
202606242054,   3.340,   4.168,9999.000,9999.000,9999.000,9999.000,9999.000,9999.000,9999.000
202606242100,   3.250,   4.090,   0.300,   0.540,   4.090,   0.300,   4.090,   0.300,   4.090
202606242106,   3.161,   4.027,9999.000,9999.000,9999.000,9999.000,9999.000,9999.000,9999.000
202606242112,   3.073,   3.949,9999.000,9999.000,9999.000,9999.000,9999.000,9999.000,9999.000
202606242118,   2.986,   3.880,9999.000,9999.000,9999.000,9999.000,9999.000,9999.000,9999.000
202606242124,   2.900,   3.798,9999.000,9999.000,9999.000,9999.000,9999.000,9999.000,9999.000
202606242130,   2.816,   3.729,9999.000,9999.000,9999.000,9999.000,9999.000,9999.000,9999.000
202606242136,   2.734,   3.660,9999.000,9999.000,9999.000,9999.000,9999.000,9999.000,9999.000
202606242142,   2.653,   3.578,9999.000,9999.000,9999.000,9999.000,9999.000,9999.000,9999.000
202606242148,   2.575,   3.509,9999.000,9999.000,9999.000,9999.000,9999.000,9999.000,9999.000
202606242154,   2.499,   3.450,9999.000,9999.000,9999.000,9999.000,9999.000,9999.000,9999.000
202606242200,   2.426,   3.388,   0.300,   0.662,   3.388,   0.300,   3.388,   0.300,   3.388
202606242206,   2.355,   3.348,9999.000,9999.000,9999.000,9999.000,9999.000,9999.000,9999.000
202606242212,   2.287,   3.250,9999.000,9999.000,9999.000,9999.000,9999.000,9999.000,9999.000
202606242218,   2.222,   3.217,9999.000,9999.000,9999.000,9999.000,9999.000,9999.000,9999.000
202606242224,   2.159,   3.119,9999.000,9999.000,9999.000,9999.000,9999.000,9999.000,9999.000
202606242230,   2.100,   3.050,9999.000,9999.000,9999.000,9999.000,9999.000,9999.000,9999.000
202606242236,   2.043,   2.988,9999.000,9999.000,9999.000,9999.000,9999.000,9999.000,9999.000
202606242242,   1.990,   2.919,9999.000,9999.000,9999.000,9999.000,9999.000,9999.000,9999.000
202606242248,   1.940,   2.879,9999.000,9999.000,9999.000,9999.000,9999.000,9999.000,9999.000
202606242254,   1.893,   2.820,9999.000,9999.000,9999.000,9999.000,9999.000,9999.000,9999.000
202606242300,   1.850,   2.758,   0.300,   0.608,   2.758,   0.300,   2.758,   0.300,   2.758
202606242306,   1.810,   2.699,9999.000,9999.000,9999.000,9999.000,9999.000,9999.000,9999.000
202606242312,   1.774,   2.669,9999.000,9999.000,9999.000,9999.000,9999.000,9999.000,9999.000
202606242318,   1.741,   2.620,9999.000,9999.000,9999.000,9999.000,9999.000,9999.000,9999.000
202606242324,   1.713,   2.578,9999.000,9999.000,9999.000,9999.000,9999.000,9999.000,9999.000
202606242330,   1.689,   2.568,9999.000,9999.000,9999.000,9999.000,9999.000,9999.000,9999.000
202606242336,   1.669,   2.538,9999.000,9999.000,9999.000,9999.000,9999.000,9999.000,9999.000
202606242342,   1.654,   2.528,9999.000,9999.000,9999.000,9999.000,9999.000,9999.000,9999.000
202606242348,   1.644,   2.538,9999.000,9999.000,9999.000,9999.000,9999.000,9999.000,9999.000
202606242354,   1.640,   2.538,9999.000,9999.000,9999.000,9999.000,9999.000,9999.000,9999.000
202606250000,   1.640,   2.548,   0.300,   0.608,   2.548,   0.300,   2.548,   0.300,   2.548
202606250006,   1.646,   2.568,9999.000,9999.000,9999.000,9999.000,9999.000,9999.000,9999.000
202606250012,   1.659,   2.587,9999.000,9999.000,9999.000,9999.000,9999.000,9999.000,9999.000
202606250018,   1.677,   2.620,9999.000,9999.000,9999.000,9999.000,9999.000,9999.000,9999.000
202606250024,   1.702,   2.650,9999.000,9999.000,9999.000,9999.000,9999.000,9999.000,9999.000
202606250030,   1.733,   2.689,9999.000,9999.000,9999.000,9999.000,9999.000,9999.000,9999.000
202606250036,   1.771,   2.728,9999.000,9999.000,9999.000,9999.000,9999.000,9999.000,9999.000
202606250042,   1.816,   2.778,9999.000,9999.000,9999.000,9999.000,9999.000,9999.000,9999.000
202606250048,   1.867,   2.840,9999.000,9999.000,9999.000,9999.000,9999.000,9999.000,9999.000
202606250054,   1.926,   2.899,9999.000,9999.000,9999.000,9999.000,9999.000,9999.000,9999.000
202606250100,   1.992,   2.978,   0.300,   0.686,   2.978,   0.300,   2.978,   0.300,   2.978
202606250106,   2.064,   3.050,9999.000,9999.000,9999.000,9999.000,9999.000,9999.000,9999.000
202606250112,   2.144,   3.138,9999.000,9999.000,9999.000,9999.000,9999.000,9999.000,9999.000
202606250118,   2.229,   3.207,9999.000,9999.000,9999.000,9999.000,9999.000,9999.000,9999.000
202606250124,   2.321,   3.299,9999.000,9999.000,9999.000,9999.000,9999.000,9999.000,9999.000
202606250130,   2.420,   3.378,9999.000,9999.000,9999.000,9999.000,9999.000,9999.000,9999.000
202606250136,   2.524,   3.499,9999.000,9999.000,9999.000,9999.000,9999.000,9999.000,9999.000
202606250142,   2.633,   3.598,9999.000,9999.000,9999.000,9999.000,9999.000,9999.000,9999.000
202606250148,   2.747,   3.709,9999.000,9999.000,9999.000,9999.000,9999.000,9999.000,9999.000
202606250154,   2.867,   3.778,9999.000,9999.000,9999.000,9999.000,9999.000,9999.000,9999.000
202606250200,   2.990,   3.909,   0.300,   0.619,   3.909,   0.300,   3.909,   0.300,   3.909
202606250206,   3.117,   4.037,9999.000,9999.000,9999.000,9999.000,9999.000,9999.000,9999.000
202606250212,   3.247,   4.168,9999.000,9999.000,9999.000,9999.000,9999.000,9999.000,9999.000
202606250218,   3.380,   4.300,9999.000,9999.000,9999.000,9999.000,9999.000,9999.000,9999.000
202606250224,   3.516,   4.418,9999.000,9999.000,9999.000,9999.000,9999.000,9999.000,9999.000
202606250230,   3.653,   4.559,9999.000,9999.000,9999.000,9999.000,9999.000,9999.000,9999.000
202606250236,   3.792,   4.690,9999.000,9999.000,9999.000,9999.000,9999.000,9999.000,9999.000
202606250242,   3.932,   4.828,9999.000,9999.000,9999.000,9999.000,9999.000,9999.000,9999.000
202606250248,   4.072,   4.959,9999.000,9999.000,9999.000,9999.000,9999.000,9999.000,9999.000
202606250254,   4.213,   5.110,9999.000,9999.000,9999.000,9999.000,9999.000,9999.000,9999.000
202606250300,   4.354,   5.247,   0.300,   0.593,   5.247,   0.300,   5.247,   0.300,   5.247
202606250306,   4.495,   5.379,9999.000,9999.000,9999.000,9999.000,9999.000,9999.000,9999.000
202606250312,   4.635,   5.530,9999.000,9999.000,9999.000,9999.000,9999.000,9999.000,9999.000
202606250318,   4.773,   5.667,9999.000,9999.000,9999.000,9999.000,9999.000,9999.000,9999.000
202606250324,   4.911,   5.789,9999.000,9999.000,9999.000,9999.000,9999.000,9999.000,9999.000
202606250330,   5.047,   5.917,9999.000,9999.000,9999.000,9999.000,9999.000,9999.000,9999.000
202606250336,   5.181,   6.048,9999.000,9999.000,9999.000,9999.000,9999.000,9999.000,9999.000
202606250342,   5.313,   6.169,9999.000,9999.000,9999.000,9999.000,9999.000,9999.000,9999.000
202606250348,   5.443,   6.287,9999.000,9999.000,9999.000,9999.000,9999.000,9999.000,9999.000
202606250354,   5.571,   6.409,9999.000,9999.000,9999.000,9999.000,9999.000,9999.000,9999.000
202606250400,   5.695,   6.507,   0.300,   0.512,   6.507,   0.300,   6.507,   0.300,   6.507
202606250406,   5.817,   6.609,9999.000,9999.000,9999.000,9999.000,9999.000,9999.000,9999.000
202606250412,   5.935,   6.707,9999.000,9999.000,9999.000,9999.000,9999.000,9999.000,9999.000
202606250418,   6.049,   6.799,9999.000,9999.000,9999.000,9999.000,9999.000,9999.000,9999.000
202606250424,   6.160,   6.897,9999.000,9999.000,9999.000,9999.000,9999.000,9999.000,9999.000
202606250430,   6.266,   6.979,9999.000,9999.000,9999.000,9999.000,9999.000,9999.000,9999.000
202606250436,   6.367,   7.068,9999.000,9999.000,9999.000,9999.000,9999.000,9999.000,9999.000
202606250442,   6.464,   7.176,9999.000,9999.000,9999.000,9999.000,9999.000,9999.000,9999.000
202606250448,   6.555,   7.209,9999.000,9999.000,9999.000,9999.000,9999.000,9999.000,9999.000
202606250454,   6.641,   7.288,9999.000,9999.000,9999.000,9999.000,9999.000,9999.000,9999.000
202606250500,   6.721,   7.357,   0.300,   0.336,   7.357,   0.300,   7.357,   0.300,   7.357
202606250506,   6.795,   7.409,9999.000,9999.000,9999.000,9999.000,9999.000,9999.000,9999.000
202606250512,   6.861,   7.458,9999.000,9999.000,9999.000,9999.000,9999.000,9999.000,9999.000
202606250518,   6.921,   7.507,9999.000,9999.000,9999.000,9999.000,9999.000,9999.000,9999.000
202606250524,   6.974,   7.557,9999.000,9999.000,9999.000,9999.000,9999.000,9999.000,9999.000
202606250530,   7.019,   7.586,9999.000,9999.000,9999.000,9999.000,9999.000,9999.000,9999.000
202606250536,   7.057,   7.619,9999.000,9999.000,9999.000,9999.000,9999.000,9999.000,9999.000
202606250542,   7.087,   7.639,9999.000,9999.000,9999.000,9999.000,9999.000,9999.000,9999.000
202606250548,   7.109,   7.658,9999.000,9999.000,9999.000,9999.000,9999.000,9999.000,9999.000
202606250554,   7.122,   7.658,9999.000,9999.000,9999.000,9999.000,9999.000,9999.000,9999.000
202606250600,   7.128,   7.648,   0.500,   0.020,   7.648,   0.400,   7.548,   0.500,   7.648
202606250606,   7.126,   7.639,9999.000,9999.000,9999.000,9999.000,9999.000,9999.000,9999.000
202606250612,   7.115,   7.619,9999.000,9999.000,9999.000,9999.000,9999.000,9999.000,9999.000
202606250618,   7.096,   7.596,9999.000,9999.000,9999.000,9999.000,9999.000,9999.000,9999.000
202606250624,   7.070,   7.576,9999.000,9999.000,9999.000,9999.000,9999.000,9999.000,9999.000
202606250630,   7.036,   7.537,9999.000,9999.000,9999.000,9999.000,9999.000,9999.000,9999.000
202606250636,   6.994,   7.488,9999.000,9999.000,9999.000,9999.000,9999.000,9999.000,9999.000
202606250642,   6.946,   7.429,9999.000,9999.000,9999.000,9999.000,9999.000,9999.000,9999.000
202606250648,   6.890,   7.366,9999.000,9999.000,9999.000,9999.000,9999.000,9999.000,9999.000
202606250654,   6.827,   7.297,9999.000,9999.000,9999.000,9999.000,9999.000,9999.000,9999.000
202606250700,   6.759,   7.219,   0.400,   0.060,   7.219,   0.400,   7.219,   0.500,   7.319
202606250706,   6.684,   7.137,9999.000,9999.000,9999.000,9999.000,9999.000,9999.000,9999.000
202606250712,   6.603,   7.038,9999.000,9999.000,9999.000,9999.000,9999.000,9999.000,9999.000
202606250718,   6.518,   6.947,9999.000,9999.000,9999.000,9999.000,9999.000,9999.000,9999.000
202606250724,   6.427,   6.848,9999.000,9999.000,9999.000,9999.000,9999.000,9999.000,9999.000
202606250730,   6.331,   6.746,9999.000,9999.000,9999.000,9999.000,9999.000,9999.000,9999.000
202606250736,   6.232,   6.648,9999.000,9999.000,9999.000,9999.000,9999.000,9999.000,9999.000
202606250742,   6.128,   6.537,9999.000,9999.000,9999.000,9999.000,9999.000,9999.000,9999.000
202606250748,   6.021,   6.428,9999.000,9999.000,9999.000,9999.000,9999.000,9999.000,9999.000
202606250754,   5.910,   6.307,9999.000,9999.000,9999.000,9999.000,9999.000,9999.000,9999.000
202606250800,   5.796,   6.189,   0.400,  -0.007,   6.189,   0.400,   6.189,   0.500,   6.289
202606250806,   5.680,   6.067,9999.000,9999.000,9999.000,9999.000,9999.000,9999.000,9999.000
202606250812,   5.561,   5.949,9999.000,9999.000,9999.000,9999.000,9999.000,9999.000,9999.000
202606250818,   5.440,   5.818,9999.000,9999.000,9999.000,9999.000,9999.000,9999.000,9999.000
202606250824,   5.317,   5.697,9999.000,9999.000,9999.000,9999.000,9999.000,9999.000,9999.000
202606250830,   5.193,   5.569,9999.000,9999.000,9999.000,9999.000,9999.000,9999.000,9999.000
202606250836,   5.067,   5.438,9999.000,9999.000,9999.000,9999.000,9999.000,9999.000,9999.000
202606250842,   4.939,   5.297,9999.000,9999.000,9999.000,9999.000,9999.000,9999.000,9999.000
202606250848,   4.811,   5.169,9999.000,9999.000,9999.000,9999.000,9999.000,9999.000,9999.000
202606250854,   4.682,   5.038,9999.000,9999.000,9999.000,9999.000,9999.000,9999.000,9999.000
202606250900,   4.553,   4.910,   0.400,  -0.043,   4.910,   0.400,   4.910,   0.500,   5.010
202606250906,   4.422,   4.769,9999.000,9999.000,9999.000,9999.000,9999.000,9999.000,9999.000
202606250912,   4.292,   4.647,9999.000,9999.000,9999.000,9999.000,9999.000,9999.000,9999.000
202606250918,   4.162,   4.519,9999.000,9999.000,9999.000,9999.000,9999.000,9999.000,9999.000
202606250924,   4.032,   4.388,9999.000,9999.000,9999.000,9999.000,9999.000,9999.000,9999.000
202606250930,   3.902,   4.280,9999.000,9999.000,9999.000,9999.000,9999.000,9999.000,9999.000
202606250936,   3.773,   4.149,9999.000,9999.000,9999.000,9999.000,9999.000,9999.000,9999.000
202606250942,   3.644,   4.027,9999.000,9999.000,9999.000,9999.000,9999.000,9999.000,9999.000
202606250948,   3.516,   3.909,9999.000,9999.000,9999.000,9999.000,9999.000,9999.000,9999.000
202606250954,   3.388,   3.798,9999.000,9999.000,9999.000,9999.000,9999.000,9999.000,9999.000
202606251000,   3.262,   3.680,   0.400,   0.018,   3.680,   0.400,   3.680,   0.500,   3.780
202606251006,   3.136,   3.558,9999.000,9999.000,9999.000,9999.000,9999.000,9999.000,9999.000
202606251012,   3.011,   3.440,9999.000,9999.000,9999.000,9999.000,9999.000,9999.000,9999.000
202606251018,   2.888,   3.339,9999.000,9999.000,9999.000,9999.000,9999.000,9999.000,9999.000
202606251024,   2.765,   3.217,9999.000,9999.000,9999.000,9999.000,9999.000,9999.000,9999.000
202606251030,   2.643,   3.109,9999.000,9999.000,9999.000,9999.000,9999.000,9999.000,9999.000
202606251036,   2.523,   2.997,9999.000,9999.000,9999.000,9999.000,9999.000,9999.000,9999.000
202606251042,   2.403,   2.889,9999.000,9999.000,9999.000,9999.000,9999.000,9999.000,9999.000
202606251048,   2.284,   2.787,9999.000,9999.000,9999.000,9999.000,9999.000,9999.000,9999.000
202606251054,   2.167,   2.689,9999.000,9999.000,9999.000,9999.000,9999.000,9999.000,9999.000
202606251100,   2.051,   2.587,   0.400,   0.136,   2.587,   0.400,   2.587,   0.500,   2.687
202606251106,   1.935,   2.479,9999.000,9999.000,9999.000,9999.000,9999.000,9999.000,9999.000
202606251112,   1.821,   2.377,9999.000,9999.000,9999.000,9999.000,9999.000,9999.000,9999.000
202606251118,   1.708,   2.279,9999.000,9999.000,9999.000,9999.000,9999.000,9999.000,9999.000
202606251124,   1.596,   2.177,9999.000,9999.000,9999.000,9999.000,9999.000,9999.000,9999.000
202606251130,   1.486,   2.089,9999.000,9999.000,9999.000,9999.000,9999.000,9999.000,9999.000
202606251136,   1.377,   2.010,9999.000,9999.000,9999.000,9999.000,9999.000,9999.000,9999.000
202606251142,   1.270,   1.908,9999.000,9999.000,9999.000,9999.000,9999.000,9999.000,9999.000
202606251148,   1.165,   1.810,9999.000,9999.000,9999.000,9999.000,9999.000,9999.000,9999.000
202606251154,   1.063,   1.728,9999.000,9999.000,9999.000,9999.000,9999.000,9999.000,9999.000
202606251200,   0.962,   1.639,   0.400,   0.277,   1.639,   0.400,   1.639,   0.400,   1.639
202606251206,   0.865,   1.557,9999.000,9999.000,9999.000,9999.000,9999.000,9999.000,9999.000
202606251212,   0.771,   1.459,9999.000,9999.000,9999.000,9999.000,9999.000,9999.000,9999.000
202606251218,   0.680,   1.400,9999.000,9999.000,9999.000,9999.000,9999.000,9999.000,9999.000
202606251224,   0.593,   1.308,9999.000,9999.000,9999.000,9999.000,9999.000,9999.000,9999.000
202606251230,   0.511,   1.239,9999.000,9999.000,9999.000,9999.000,9999.000,9999.000,9999.000
202606251236,   0.433,   1.170,9999.000,9999.000,9999.000,9999.000,9999.000,9999.000,9999.000
202606251242,   0.361,   1.088,9999.000,9999.000,9999.000,9999.000,9999.000,9999.000,9999.000
202606251248,   0.294,   1.049,9999.000,9999.000,9999.000,9999.000,9999.000,9999.000,9999.000
202606251254,   0.233,   0.970,9999.000,9999.000,9999.000,9999.000,9999.000,9999.000,9999.000
202606251300,   0.179,   0.928,   0.400,   0.349,   0.928,   0.400,   0.928,   0.400,   0.928
202606251306,   0.131,   0.869,9999.000,9999.000,9999.000,9999.000,9999.000,9999.000,9999.000
202606251312,   0.089,   0.819,9999.000,9999.000,9999.000,9999.000,9999.000,9999.000,9999.000
202606251318,   0.056,   0.780,9999.000,9999.000,9999.000,9999.000,9999.000,9999.000,9999.000
202606251324,   0.029,   0.731,9999.000,9999.000,9999.000,9999.000,9999.000,9999.000,9999.000
202606251330,   0.011,   0.698,9999.000,9999.000,9999.000,9999.000,9999.000,9999.000,9999.000
202606251336,   0.000,   0.669,9999.000,9999.000,9999.000,9999.000,9999.000,9999.000,9999.000
202606251342,  -0.003,   0.639,9999.000,9999.000,9999.000,9999.000,9999.000,9999.000,9999.000
202606251348,   0.001,   0.639,9999.000,9999.000,9999.000,9999.000,9999.000,9999.000,9999.000
202606251354,   0.014,   0.649,9999.000,9999.000,9999.000,9999.000,9999.000,9999.000,9999.000
202606251400,   0.034,   0.649,   0.400,   0.215,   0.649,   0.400,   0.649,   0.400,   0.649
202606251406,   0.062,   0.629,9999.000,9999.000,9999.000,9999.000,9999.000,9999.000,9999.000
202606251412,   0.098,   0.639,9999.000,9999.000,9999.000,9999.000,9999.000,9999.000,9999.000
202606251418,   0.141,   0.659,9999.000,9999.000,9999.000,9999.000,9999.000,9999.000,9999.000
202606251424,   0.191,   0.698,9999.000,9999.000,9999.000,9999.000,9999.000,9999.000,9999.000
202606251430,   0.248,   0.741,9999.000,9999.000,9999.000,9999.000,9999.000,9999.000,9999.000
202606251436,   0.312,   0.810,9999.000,9999.000,9999.000,9999.000,9999.000,9999.000,9999.000
202606251442,   0.382,   0.859,9999.000,9999.000,9999.000,9999.000,9999.000,9999.000,9999.000
202606251448,   0.459,   0.941,9999.000,9999.000,9999.000,9999.000,9999.000,9999.000,9999.000
202606251454,   0.541,   1.020,9999.000,9999.000,9999.000,9999.000,9999.000,9999.000,9999.000
202606251500,   0.629,   1.128,   0.400,   0.099,   1.128,   0.400,   1.128,   0.400,   1.128
202606251506,   0.722,   1.220,9999.000,9999.000,9999.000,9999.000,9999.000,9999.000,9999.000
202606251512,   0.820,   1.328,9999.000,9999.000,9999.000,9999.000,9999.000,9999.000,9999.000
202606251518,   0.923,   1.439,9999.000,9999.000,9999.000,9999.000,9999.000,9999.000,9999.000
202606251524,   1.031,   1.557,9999.000,9999.000,9999.000,9999.000,9999.000,9999.000,9999.000
202606251530,   1.143,   1.699,9999.000,9999.000,9999.000,9999.000,9999.000,9999.000,9999.000
202606251536,   1.258,   1.820,9999.000,9999.000,9999.000,9999.000,9999.000,9999.000,9999.000
202606251542,   1.378,   1.938,9999.000,9999.000,9999.000,9999.000,9999.000,9999.000,9999.000
202606251548,   1.501,   2.079,9999.000,9999.000,9999.000,9999.000,9999.000,9999.000,9999.000
202606251554,   1.628,   2.200,9999.000,9999.000,9999.000,9999.000,9999.000,9999.000,9999.000
202606251600,   1.757,   2.348,   0.400,   0.191,   2.348,   0.400,   2.348,   0.400,   2.348
202606251606,   1.889,   2.479,9999.000,9999.000,9999.000,9999.000,9999.000,9999.000,9999.000
202606251612,   2.024,   2.610,9999.000,9999.000,9999.000,9999.000,9999.000,9999.000,9999.000
202606251618,   2.161,   2.768,9999.000,9999.000,9999.000,9999.000,9999.000,9999.000,9999.000
202606251624,   2.299,   2.909,9999.000,9999.000,9999.000,9999.000,9999.000,9999.000,9999.000
202606251630,   2.439,   2.968,9999.000,9999.000,9999.000,9999.000,9999.000,9999.000,9999.000
202606251636,   2.580,   3.168,9999.000,9999.000,9999.000,9999.000,9999.000,9999.000,9999.000
202606251642,   2.722,   3.279,9999.000,9999.000,9999.000,9999.000,9999.000,9999.000,9999.000
202606251648,   2.864,   3.427,9999.000,9999.000,9999.000,9999.000,9999.000,9999.000,9999.000
202606251654,   3.005,   3.588,9999.000,9999.000,9999.000,9999.000,9999.000,9999.000,9999.000
202606251700,   3.146,   3.709,   0.400,   0.163,   3.709,   0.400,   3.709,   0.500,   3.809
202606251706,   3.286,   3.847,9999.000,9999.000,9999.000,9999.000,9999.000,9999.000,9999.000
202606251712,   3.424,   3.978,9999.000,9999.000,9999.000,9999.000,9999.000,9999.000,9999.000
202606251718,   3.560,   4.090,9999.000,9999.000,9999.000,9999.000,9999.000,9999.000,9999.000
202606251724,   3.692,   4.218,9999.000,9999.000,9999.000,9999.000,9999.000,9999.000,9999.000
202606251730,   3.822,   4.329,9999.000,9999.000,9999.000,9999.000,9999.000,9999.000,9999.000
202606251736,   3.947,   4.467,9999.000,9999.000,9999.000,9999.000,9999.000,9999.000,9999.000
202606251742,   4.068,   4.569,9999.000,9999.000,9999.000,9999.000,9999.000,9999.000,9999.000
202606251748,   4.184,   4.690,9999.000,9999.000,9999.000,9999.000,9999.000,9999.000,9999.000
202606251754,   4.295,9999.000,9999.000,9999.000,9999.000,9999.000,9999.000,9999.000,9999.000
202606251800,   4.400,9999.000,   0.500,   0.168,   5.068,   0.400,   4.968,   0.500,   5.068
202606251806,   4.498,9999.000,9999.000,9999.000,9999.000,9999.000,9999.000,9999.000,9999.000
202606251812,   4.590,9999.000,9999.000,9999.000,9999.000,9999.000,9999.000,9999.000,9999.000
202606251818,   4.675,9999.000,9999.000,9999.000,9999.000,9999.000,9999.000,9999.000,9999.000
202606251824,   4.752,9999.000,9999.000,9999.000,9999.000,9999.000,9999.000,9999.000,9999.000
202606251830,   4.822,9999.000,9999.000,9999.000,9999.000,9999.000,9999.000,9999.000,9999.000
202606251836,   4.884,9999.000,9999.000,9999.000,9999.000,9999.000,9999.000,9999.000,9999.000
202606251842,   4.939,9999.000,9999.000,9999.000,9999.000,9999.000,9999.000,9999.000,9999.000
202606251848,   4.985,9999.000,9999.000,9999.000,9999.000,9999.000,9999.000,9999.000,9999.000
202606251854,   5.024,9999.000,9999.000,9999.000,9999.000,9999.000,9999.000,9999.000,9999.000
202606251900,   5.055,9999.000,   0.500,   0.173,   5.728,   0.400,   5.628,   0.500,   5.728
202606251906,   5.078,9999.000,9999.000,9999.000,9999.000,9999.000,9999.000,9999.000,9999.000
202606251912,   5.093,9999.000,9999.000,9999.000,9999.000,9999.000,9999.000,9999.000,9999.000
202606251918,   5.101,9999.000,9999.000,9999.000,9999.000,9999.000,9999.000,9999.000,9999.000
202606251924,   5.101,9999.000,9999.000,9999.000,9999.000,9999.000,9999.000,9999.000,9999.000
202606251930,   5.094,9999.000,9999.000,9999.000,9999.000,9999.000,9999.000,9999.000,9999.000
202606251936,   5.081,9999.000,9999.000,9999.000,9999.000,9999.000,9999.000,9999.000,9999.000
202606251942,   5.060,9999.000,9999.000,9999.000,9999.000,9999.000,9999.000,9999.000,9999.000
202606251948,   5.034,9999.000,9999.000,9999.000,9999.000,9999.000,9999.000,9999.000,9999.000
202606251954,   5.001,9999.000,9999.000,9999.000,9999.000,9999.000,9999.000,9999.000,9999.000
202606252000,   4.962,9999.000,   0.500,   0.178,   5.640,   0.500,   5.640,   0.500,   5.640
202606252006,   4.918,9999.000,9999.000,9999.000,9999.000,9999.000,9999.000,9999.000,9999.000
202606252012,   4.869,9999.000,9999.000,9999.000,9999.000,9999.000,9999.000,9999.000,9999.000
202606252018,   4.815,9999.000,9999.000,9999.000,9999.000,9999.000,9999.000,9999.000,9999.000
202606252024,   4.756,9999.000,9999.000,9999.000,9999.000,9999.000,9999.000,9999.000,9999.000
202606252030,   4.693,9999.000,9999.000,9999.000,9999.000,9999.000,9999.000,9999.000,9999.000
202606252036,   4.626,9999.000,9999.000,9999.000,9999.000,9999.000,9999.000,9999.000,9999.000
202606252042,   4.556,9999.000,9999.000,9999.000,9999.000,9999.000,9999.000,9999.000,9999.000
202606252048,   4.482,9999.000,9999.000,9999.000,9999.000,9999.000,9999.000,9999.000,9999.000
202606252054,   4.406,9999.000,9999.000,9999.000,9999.000,9999.000,9999.000,9999.000,9999.000
202606252100,   4.326,9999.000,   0.500,   0.183,   5.009,   0.500,   5.009,   0.500,   5.009
202606252106,   4.245,9999.000,9999.000,9999.000,9999.000,9999.000,9999.000,9999.000,9999.000
202606252112,   4.162,9999.000,9999.000,9999.000,9999.000,9999.000,9999.000,9999.000,9999.000
202606252118,   4.077,9999.000,9999.000,9999.000,9999.000,9999.000,9999.000,9999.000,9999.000
202606252124,   3.990,9999.000,9999.000,9999.000,9999.000,9999.000,9999.000,9999.000,9999.000
202606252130,   3.903,9999.000,9999.000,9999.000,9999.000,9999.000,9999.000,9999.000,9999.000
202606252136,   3.816,9999.000,9999.000,9999.000,9999.000,9999.000,9999.000,9999.000,9999.000
202606252142,   3.727,9999.000,9999.000,9999.000,9999.000,9999.000,9999.000,9999.000,9999.000
202606252148,   3.639,9999.000,9999.000,9999.000,9999.000,9999.000,9999.000,9999.000,9999.000
202606252154,   3.552,9999.000,9999.000,9999.000,9999.000,9999.000,9999.000,9999.000,9999.000
202606252200,   3.465,9999.000,   0.500,   0.189,   4.154,   0.500,   4.154,   0.500,   4.154
202606252206,   3.379,9999.000,9999.000,9999.000,9999.000,9999.000,9999.000,9999.000,9999.000
202606252212,   3.294,9999.000,9999.000,9999.000,9999.000,9999.000,9999.000,9999.000,9999.000
202606252218,   3.210,9999.000,9999.000,9999.000,9999.000,9999.000,9999.000,9999.000,9999.000
202606252224,   3.128,9999.000,9999.000,9999.000,9999.000,9999.000,9999.000,9999.000,9999.000
202606252230,   3.048,9999.000,9999.000,9999.000,9999.000,9999.000,9999.000,9999.000,9999.000
202606252236,   2.970,9999.000,9999.000,9999.000,9999.000,9999.000,9999.000,9999.000,9999.000
202606252242,   2.895,9999.000,9999.000,9999.000,9999.000,9999.000,9999.000,9999.000,9999.000
202606252248,   2.821,9999.000,9999.000,9999.000,9999.000,9999.000,9999.000,9999.000,9999.000
202606252254,   2.751,9999.000,9999.000,9999.000,9999.000,9999.000,9999.000,9999.000,9999.000
202606252300,   2.682,9999.000,   0.500,   0.194,   3.376,   0.500,   3.376,   0.500,   3.376
202606252306,   2.617,9999.000,9999.000,9999.000,9999.000,9999.000,9999.000,9999.000,9999.000
202606252312,   2.554,9999.000,9999.000,9999.000,9999.000,9999.000,9999.000,9999.000,9999.000
202606252318,   2.495,9999.000,9999.000,9999.000,9999.000,9999.000,9999.000,9999.000,9999.000
202606252324,   2.438,9999.000,9999.000,9999.000,9999.000,9999.000,9999.000,9999.000,9999.000
202606252330,   2.384,9999.000,9999.000,9999.000,9999.000,9999.000,9999.000,9999.000,9999.000
202606252336,   2.334,9999.000,9999.000,9999.000,9999.000,9999.000,9999.000,9999.000,9999.000
202606252342,   2.287,9999.000,9999.000,9999.000,9999.000,9999.000,9999.000,9999.000,9999.000
202606252348,   2.243,9999.000,9999.000,9999.000,9999.000,9999.000,9999.000,9999.000,9999.000
202606252354,   2.202,9999.000,9999.000,9999.000,9999.000,9999.000,9999.000,9999.000,9999.000
202606260000,   2.165,9999.000,   0.500,   0.199,   2.864,   0.500,   2.864,   0.500,   2.864
202606260006,   2.132,9999.000,9999.000,9999.000,9999.000,9999.000,9999.000,9999.000,9999.000
202606260012,   2.103,9999.000,9999.000,9999.000,9999.000,9999.000,9999.000,9999.000,9999.000
202606260018,   2.077,9999.000,9999.000,9999.000,9999.000,9999.000,9999.000,9999.000,9999.000
202606260024,   2.056,9999.000,9999.000,9999.000,9999.000,9999.000,9999.000,9999.000,9999.000
202606260030,   2.040,9999.000,9999.000,9999.000,9999.000,9999.000,9999.000,9999.000,9999.000
202606260036,   2.028,9999.000,9999.000,9999.000,9999.000,9999.000,9999.000,9999.000,9999.000
202606260042,   2.021,9999.000,9999.000,9999.000,9999.000,9999.000,9999.000,9999.000,9999.000
202606260048,   2.019,9999.000,9999.000,9999.000,9999.000,9999.000,9999.000,9999.000,9999.000
202606260054,   2.023,9999.000,9999.000,9999.000,9999.000,9999.000,9999.000,9999.000,9999.000
202606260100,   2.033,9999.000,   0.500,   0.204,   2.737,   0.500,   2.737,   0.500,   2.737
202606260106,   2.048,9999.000,9999.000,9999.000,9999.000,9999.000,9999.000,9999.000,9999.000
202606260112,   2.070,9999.000,9999.000,9999.000,9999.000,9999.000,9999.000,9999.000,9999.000
202606260118,   2.097,9999.000,9999.000,9999.000,9999.000,9999.000,9999.000,9999.000,9999.000
202606260124,   2.132,9999.000,9999.000,9999.000,9999.000,9999.000,9999.000,9999.000,9999.000
202606260130,   2.173,9999.000,9999.000,9999.000,9999.000,9999.000,9999.000,9999.000,9999.000
202606260136,   2.221,9999.000,9999.000,9999.000,9999.000,9999.000,9999.000,9999.000,9999.000
202606260142,   2.275,9999.000,9999.000,9999.000,9999.000,9999.000,9999.000,9999.000,9999.000
202606260148,   2.337,9999.000,9999.000,9999.000,9999.000,9999.000,9999.000,9999.000,9999.000
202606260154,   2.405,9999.000,9999.000,9999.000,9999.000,9999.000,9999.000,9999.000,9999.000
202606260200,   2.480,9999.000,   0.500,   0.209,   3.189,   0.500,   3.189,   0.500,   3.189
202606260206,   2.561,9999.000,9999.000,9999.000,9999.000,9999.000,9999.000,9999.000,9999.000
202606260212,   2.648,9999.000,9999.000,9999.000,9999.000,9999.000,9999.000,9999.000,9999.000
202606260218,   2.742,9999.000,9999.000,9999.000,9999.000,9999.000,9999.000,9999.000,9999.000
202606260224,   2.841,9999.000,9999.000,9999.000,9999.000,9999.000,9999.000,9999.000,9999.000
202606260230,   2.946,9999.000,9999.000,9999.000,9999.000,9999.000,9999.000,9999.000,9999.000
202606260236,   3.056,9999.000,9999.000,9999.000,9999.000,9999.000,9999.000,9999.000,9999.000
202606260242,   3.170,9999.000,9999.000,9999.000,9999.000,9999.000,9999.000,9999.000,9999.000
202606260248,   3.289,9999.000,9999.000,9999.000,9999.000,9999.000,9999.000,9999.000,9999.000
202606260254,   3.411,9999.000,9999.000,9999.000,9999.000,9999.000,9999.000,9999.000,9999.000
202606260300,   3.537,9999.000,   0.500,   0.214,   4.251,   0.500,   4.251,   0.600,   4.351
202606260306,   3.665,9999.000,9999.000,9999.000,9999.000,9999.000,9999.000,9999.000,9999.000
202606260312,   3.796,9999.000,9999.000,9999.000,9999.000,9999.000,9999.000,9999.000,9999.000
202606260318,   3.929,9999.000,9999.000,9999.000,9999.000,9999.000,9999.000,9999.000,9999.000
202606260324,   4.064,9999.000,9999.000,9999.000,9999.000,9999.000,9999.000,9999.000,9999.000
202606260330,   4.199,9999.000,9999.000,9999.000,9999.000,9999.000,9999.000,9999.000,9999.000
202606260336,   4.335,9999.000,9999.000,9999.000,9999.000,9999.000,9999.000,9999.000,9999.000
202606260342,   4.472,9999.000,9999.000,9999.000,9999.000,9999.000,9999.000,9999.000,9999.000
202606260348,   4.608,9999.000,9999.000,9999.000,9999.000,9999.000,9999.000,9999.000,9999.000
202606260354,   4.744,9999.000,9999.000,9999.000,9999.000,9999.000,9999.000,9999.000,9999.000
202606260400,   4.879,9999.000,   0.600,   0.219,   5.698,   0.500,   5.598,   0.600,   5.698
202606260406,   5.013,9999.000,9999.000,9999.000,9999.000,9999.000,9999.000,9999.000,9999.000
202606260412,   5.145,9999.000,9999.000,9999.000,9999.000,9999.000,9999.000,9999.000,9999.000
202606260418,   5.276,9999.000,9999.000,9999.000,9999.000,9999.000,9999.000,9999.000,9999.000
202606260424,   5.405,9999.000,9999.000,9999.000,9999.000,9999.000,9999.000,9999.000,9999.000
202606260430,   5.532,9999.000,9999.000,9999.000,9999.000,9999.000,9999.000,9999.000,9999.000
202606260436,   5.657,9999.000,9999.000,9999.000,9999.000,9999.000,9999.000,9999.000,9999.000
202606260442,   5.778,9999.000,9999.000,9999.000,9999.000,9999.000,9999.000,9999.000,9999.000
202606260448,   5.897,9999.000,9999.000,9999.000,9999.000,9999.000,9999.000,9999.000,9999.000
202606260454,   6.013,9999.000,9999.000,9999.000,9999.000,9999.000,9999.000,9999.000,9999.000
202606260500,   6.125,9999.000,   0.600,   0.224,   6.949,   0.500,   6.849,   0.600,   6.949
202606260506,   6.233,9999.000,9999.000,9999.000,9999.000,9999.000,9999.000,9999.000,9999.000
202606260512,   6.337,9999.000,9999.000,9999.000,9999.000,9999.000,9999.000,9999.000,9999.000
202606260518,   6.437,9999.000,9999.000,9999.000,9999.000,9999.000,9999.000,9999.000,9999.000
202606260524,   6.532,9999.000,9999.000,9999.000,9999.000,9999.000,9999.000,9999.000,9999.000
202606260530,   6.622,9999.000,9999.000,9999.000,9999.000,9999.000,9999.000,9999.000,9999.000
202606260536,   6.707,9999.000,9999.000,9999.000,9999.000,9999.000,9999.000,9999.000,9999.000
202606260542,   6.786,9999.000,9999.000,9999.000,9999.000,9999.000,9999.000,9999.000,9999.000
202606260548,   6.859,9999.000,9999.000,9999.000,9999.000,9999.000,9999.000,9999.000,9999.000
202606260554,   6.926,9999.000,9999.000,9999.000,9999.000,9999.000,9999.000,9999.000,9999.000
202606260600,   6.986,9999.000,   0.600,   0.224,   7.810,   0.500,   7.710,   0.600,   7.810
202606260606,   7.039,9999.000,9999.000,9999.000,9999.000,9999.000,9999.000,9999.000,9999.000
202606260612,   7.085,9999.000,9999.000,9999.000,9999.000,9999.000,9999.000,9999.000,9999.000
202606260618,   7.123,9999.000,9999.000,9999.000,9999.000,9999.000,9999.000,9999.000,9999.000
202606260624,   7.153,9999.000,9999.000,9999.000,9999.000,9999.000,9999.000,9999.000,9999.000
202606260630,   7.176,9999.000,9999.000,9999.000,9999.000,9999.000,9999.000,9999.000,9999.000
202606260636,   7.191,9999.000,9999.000,9999.000,9999.000,9999.000,9999.000,9999.000,9999.000
202606260642,   7.198,9999.000,9999.000,9999.000,9999.000,9999.000,9999.000,9999.000,9999.000
202606260648,   7.196,9999.000,9999.000,9999.000,9999.000,9999.000,9999.000,9999.000,9999.000
202606260654,   7.187,9999.000,9999.000,9999.000,9999.000,9999.000,9999.000,9999.000,9999.000
202606260700,   7.169,9999.000,   0.600,   0.224,   7.993,   0.600,   7.993,   0.600,   7.993
202606260706,   7.143,9999.000,9999.000,9999.000,9999.000,9999.000,9999.000,9999.000,9999.000
202606260712,   7.110,9999.000,9999.000,9999.000,9999.000,9999.000,9999.000,9999.000,9999.000
202606260718,   7.069,9999.000,9999.000,9999.000,9999.000,9999.000,9999.000,9999.000,9999.000
202606260724,   7.021,9999.000,9999.000,9999.000,9999.000,9999.000,9999.000,9999.000,9999.000
202606260730,   6.965,9999.000,9999.000,9999.000,9999.000,9999.000,9999.000,9999.000,9999.000
202606260736,   6.903,9999.000,9999.000,9999.000,9999.000,9999.000,9999.000,9999.000,9999.000
202606260742,   6.834,9999.000,9999.000,9999.000,9999.000,9999.000,9999.000,9999.000,9999.000
202606260748,   6.758,9999.000,9999.000,9999.000,9999.000,9999.000,9999.000,9999.000,9999.000
202606260754,   6.677,9999.000,9999.000,9999.000,9999.000,9999.000,9999.000,9999.000,9999.000
202606260800,   6.591,9999.000,   0.600,   0.224,   7.415,   0.600,   7.415,   0.600,   7.415
202606260806,   6.499,9999.000,9999.000,9999.000,9999.000,9999.000,9999.000,9999.000,9999.000
202606260812,   6.402,9999.000,9999.000,9999.000,9999.000,9999.000,9999.000,9999.000,9999.000
202606260818,   6.301,9999.000,9999.000,9999.000,9999.000,9999.000,9999.000,9999.000,9999.000
202606260824,   6.196,9999.000,9999.000,9999.000,9999.000,9999.000,9999.000,9999.000,9999.000
202606260830,   6.087,9999.000,9999.000,9999.000,9999.000,9999.000,9999.000,9999.000,9999.000
202606260836,   5.975,9999.000,9999.000,9999.000,9999.000,9999.000,9999.000,9999.000,9999.000
202606260842,   5.860,9999.000,9999.000,9999.000,9999.000,9999.000,9999.000,9999.000,9999.000
202606260848,   5.742,9999.000,9999.000,9999.000,9999.000,9999.000,9999.000,9999.000,9999.000
202606260854,   5.622,9999.000,9999.000,9999.000,9999.000,9999.000,9999.000,9999.000,9999.000
202606260900,   5.499,9999.000,   0.600,   0.224,   6.323,   0.600,   6.323,   0.700,   6.423
202606260906,   5.375,9999.000,9999.000,9999.000,9999.000,9999.000,9999.000,9999.000,9999.000
202606260912,   5.249,9999.000,9999.000,9999.000,9999.000,9999.000,9999.000,9999.000,9999.000
202606260918,   5.121,9999.000,9999.000,9999.000,9999.000,9999.000,9999.000,9999.000,9999.000
202606260924,   4.992,9999.000,9999.000,9999.000,9999.000,9999.000,9999.000,9999.000,9999.000
202606260930,   4.863,9999.000,9999.000,9999.000,9999.000,9999.000,9999.000,9999.000,9999.000
202606260936,   4.732,9999.000,9999.000,9999.000,9999.000,9999.000,9999.000,9999.000,9999.000
202606260942,   4.601,9999.000,9999.000,9999.000,9999.000,9999.000,9999.000,9999.000,9999.000
202606260948,   4.469,9999.000,9999.000,9999.000,9999.000,9999.000,9999.000,9999.000,9999.000
202606260954,   4.338,9999.000,9999.000,9999.000,9999.000,9999.000,9999.000,9999.000,9999.000
202606261000,   4.206,9999.000,   0.600,   0.224,   5.030,   0.600,   5.030,   0.700,   5.130
202606261006,   4.074,9999.000,9999.000,9999.000,9999.000,9999.000,9999.000,9999.000,9999.000
202606261012,   3.943,9999.000,9999.000,9999.000,9999.000,9999.000,9999.000,9999.000,9999.000
202606261018,   3.811,9999.000,9999.000,9999.000,9999.000,9999.000,9999.000,9999.000,9999.000
202606261024,   3.681,9999.000,9999.000,9999.000,9999.000,9999.000,9999.000,9999.000,9999.000
202606261030,   3.550,9999.000,9999.000,9999.000,9999.000,9999.000,9999.000,9999.000,9999.000
202606261036,   3.421,9999.000,9999.000,9999.000,9999.000,9999.000,9999.000,9999.000,9999.000
202606261042,   3.292,9999.000,9999.000,9999.000,9999.000,9999.000,9999.000,9999.000,9999.000
202606261048,   3.163,9999.000,9999.000,9999.000,9999.000,9999.000,9999.000,9999.000,9999.000
202606261054,   3.036,9999.000,9999.000,9999.000,9999.000,9999.000,9999.000,9999.000,9999.000
202606261100,   2.909,9999.000,   0.600,   0.224,   3.733,   0.600,   3.733,   0.700,   3.833
202606261106,   2.783,9999.000,9999.000,9999.000,9999.000,9999.000,9999.000,9999.000,9999.000
202606261112,   2.658,9999.000,9999.000,9999.000,9999.000,9999.000,9999.000,9999.000,9999.000
202606261118,   2.534,9999.000,9999.000,9999.000,9999.000,9999.000,9999.000,9999.000,9999.000
202606261124,   2.410,9999.000,9999.000,9999.000,9999.000,9999.000,9999.000,9999.000,9999.000
202606261130,   2.287,9999.000,9999.000,9999.000,9999.000,9999.000,9999.000,9999.000,9999.000
202606261136,   2.165,9999.000,9999.000,9999.000,9999.000,9999.000,9999.000,9999.000,9999.000
202606261142,   2.044,9999.000,9999.000,9999.000,9999.000,9999.000,9999.000,9999.000,9999.000
202606261148,   1.923,9999.000,9999.000,9999.000,9999.000,9999.000,9999.000,9999.000,9999.000
202606261154,   1.803,9999.000,9999.000,9999.000,9999.000,9999.000,9999.000,9999.000,9999.000
202606261200,   1.684,9999.000,   0.700,   0.224,   2.608,   0.600,   2.508,   0.700,   2.608
202606261206,   1.565,9999.000,9999.000,9999.000,9999.000,9999.000,9999.000,9999.000,9999.000
202606261212,   1.448,9999.000,9999.000,9999.000,9999.000,9999.000,9999.000,9999.000,9999.000
202606261218,   1.331,9999.000,9999.000,9999.000,9999.000,9999.000,9999.000,9999.000,9999.000
202606261224,   1.216,9999.000,9999.000,9999.000,9999.000,9999.000,9999.000,9999.000,9999.000
202606261230,   1.102,9999.000,9999.000,9999.000,9999.000,9999.000,9999.000,9999.000,9999.000
202606261236,   0.990,9999.000,9999.000,9999.000,9999.000,9999.000,9999.000,9999.000,9999.000
202606261242,   0.879,9999.000,9999.000,9999.000,9999.000,9999.000,9999.000,9999.000,9999.000
202606261248,   0.771,9999.000,9999.000,9999.000,9999.000,9999.000,9999.000,9999.000,9999.000
202606261254,   0.665,9999.000,9999.000,9999.000,9999.000,9999.000,9999.000,9999.000,9999.000
202606261300,   0.562,9999.000,   0.700,   0.224,   1.486,   0.600,   1.386,   0.700,   1.486
202606261306,   0.463,9999.000,9999.000,9999.000,9999.000,9999.000,9999.000,9999.000,9999.000
202606261312,   0.367,9999.000,9999.000,9999.000,9999.000,9999.000,9999.000,9999.000,9999.000
202606261318,   0.275,9999.000,9999.000,9999.000,9999.000,9999.000,9999.000,9999.000,9999.000
202606261324,   0.187,9999.000,9999.000,9999.000,9999.000,9999.000,9999.000,9999.000,9999.000
202606261330,   0.105,9999.000,9999.000,9999.000,9999.000,9999.000,9999.000,9999.000,9999.000
202606261336,   0.028,9999.000,9999.000,9999.000,9999.000,9999.000,9999.000,9999.000,9999.000
202606261342,  -0.041,9999.000,9999.000,9999.000,9999.000,9999.000,9999.000,9999.000,9999.000
202606261348,  -0.106,9999.000,9999.000,9999.000,9999.000,9999.000,9999.000,9999.000,9999.000
202606261354,  -0.164,9999.000,9999.000,9999.000,9999.000,9999.000,9999.000,9999.000,9999.000
202606261400,  -0.214,9999.000,   0.700,   0.224,   0.710,   0.600,   0.610,   0.700,   0.710
202606261406,  -0.257,9999.000,9999.000,9999.000,9999.000,9999.000,9999.000,9999.000,9999.000
202606261412,  -0.292,9999.000,9999.000,9999.000,9999.000,9999.000,9999.000,9999.000,9999.000
202606261418,  -0.320,9999.000,9999.000,9999.000,9999.000,9999.000,9999.000,9999.000,9999.000
202606261424,  -0.339,9999.000,9999.000,9999.000,9999.000,9999.000,9999.000,9999.000,9999.000
202606261430,  -0.349,9999.000,9999.000,9999.000,9999.000,9999.000,9999.000,9999.000,9999.000
202606261436,  -0.352,9999.000,9999.000,9999.000,9999.000,9999.000,9999.000,9999.000,9999.000
202606261442,  -0.345,9999.000,9999.000,9999.000,9999.000,9999.000,9999.000,9999.000,9999.000
202606261448,  -0.330,9999.000,9999.000,9999.000,9999.000,9999.000,9999.000,9999.000,9999.000
202606261454,  -0.307,9999.000,9999.000,9999.000,9999.000,9999.000,9999.000,9999.000,9999.000
202606261500,  -0.275,9999.000,   0.700,   0.224,   0.649,   0.600,   0.549,   0.700,   0.649
202606261506,  -0.235,9999.000,9999.000,9999.000,9999.000,9999.000,9999.000,9999.000,9999.000
202606261512,  -0.187,9999.000,9999.000,9999.000,9999.000,9999.000,9999.000,9999.000,9999.000
202606261518,  -0.130,9999.000,9999.000,9999.000,9999.000,9999.000,9999.000,9999.000,9999.000
202606261524,  -0.067,9999.000,9999.000,9999.000,9999.000,9999.000,9999.000,9999.000,9999.000
202606261530,   0.003,9999.000,9999.000,9999.000,9999.000,9999.000,9999.000,9999.000,9999.000
202606261536,   0.082,9999.000,9999.000,9999.000,9999.000,9999.000,9999.000,9999.000,9999.000
202606261542,   0.167,9999.000,9999.000,9999.000,9999.000,9999.000,9999.000,9999.000,9999.000
202606261548,   0.259,9999.000,9999.000,9999.000,9999.000,9999.000,9999.000,9999.000,9999.000
202606261554,   0.357,9999.000,9999.000,9999.000,9999.000,9999.000,9999.000,9999.000,9999.000
202606261600,   0.461,9999.000,   0.700,   0.224,   1.385,   0.600,   1.285,   0.700,   1.385
202606261606,   0.571,9999.000,9999.000,9999.000,9999.000,9999.000,9999.000,9999.000,9999.000
202606261612,   0.687,9999.000,9999.000,9999.000,9999.000,9999.000,9999.000,9999.000,9999.000
202606261618,   0.808,9999.000,9999.000,9999.000,9999.000,9999.000,9999.000,9999.000,9999.000
202606261624,   0.933,9999.000,9999.000,9999.000,9999.000,9999.000,9999.000,9999.000,9999.000
202606261630,   1.063,9999.000,9999.000,9999.000,9999.000,9999.000,9999.000,9999.000,9999.000
202606261636,   1.198,9999.000,9999.000,9999.000,9999.000,9999.000,9999.000,9999.000,9999.000
202606261642,   1.337,9999.000,9999.000,9999.000,9999.000,9999.000,9999.000,9999.000,9999.000
202606261648,   1.479,9999.000,9999.000,9999.000,9999.000,9999.000,9999.000,9999.000,9999.000
202606261654,   1.625,9999.000,9999.000,9999.000,9999.000,9999.000,9999.000,9999.000,9999.000
202606261700,   1.774,9999.000,   0.700,   0.224,   2.698,   0.700,   2.698,   0.800,   2.798
202606261706,   1.925,9999.000,9999.000,9999.000,9999.000,9999.000,9999.000,9999.000,9999.000
202606261712,   2.079,9999.000,9999.000,9999.000,9999.000,9999.000,9999.000,9999.000,9999.000
202606261718,   2.235,9999.000,9999.000,9999.000,9999.000,9999.000,9999.000,9999.000,9999.000
202606261724,   2.392,9999.000,9999.000,9999.000,9999.000,9999.000,9999.000,9999.000,9999.000
202606261730,   2.551,9999.000,9999.000,9999.000,9999.000,9999.000,9999.000,9999.000,9999.000
202606261736,   2.710,9999.000,9999.000,9999.000,9999.000,9999.000,9999.000,9999.000,9999.000
202606261742,   2.869,9999.000,9999.000,9999.000,9999.000,9999.000,9999.000,9999.000,9999.000
202606261748,   3.028,9999.000,9999.000,9999.000,9999.000,9999.000,9999.000,9999.000,9999.000
202606261754,   3.185,9999.000,9999.000,9999.000,9999.000,9999.000,9999.000,9999.000,9999.000
202606261800,   3.341,9999.000,   0.700,   0.224,   4.265,   0.700,   4.265,   0.800,   4.365
202606261806,   3.495,9999.000,9999.000,9999.000,9999.000,9999.000,9999.000,9999.000,9999.000
202606261812,   3.646,9999.000,9999.000,9999.000,9999.000,9999.000,9999.000,9999.000,9999.000
202606261818,   3.794,9999.000,9999.000,9999.000,9999.000,9999.000,9999.000,9999.000,9999.000
202606261824,   3.938,9999.000,9999.000,9999.000,9999.000,9999.000,9999.000,9999.000,9999.000
202606261830,   4.077,9999.000,9999.000,9999.000,9999.000,9999.000,9999.000,9999.000,9999.000
202606261836,   4.211,9999.000,9999.000,9999.000,9999.000,9999.000,9999.000,9999.000,9999.000
202606261842,   4.339,9999.000,9999.000,9999.000,9999.000,9999.000,9999.000,9999.000,9999.000
202606261848,   4.461,9999.000,9999.000,9999.000,9999.000,9999.000,9999.000,9999.000,9999.000
202606261854,   4.577,9999.000,9999.000,9999.000,9999.000,9999.000,9999.000,9999.000,9999.000
202606261900,   4.685,9999.000,   0.700,   0.224,   5.609,   0.700,   5.609,   0.800,   5.709
202606261906,   4.786,9999.000,9999.000,9999.000,9999.000,9999.000,9999.000,9999.000,9999.000
202606261912,   4.880,9999.000,9999.000,9999.000,9999.000,9999.000,9999.000,9999.000,9999.000
202606261918,   4.965,9999.000,9999.000,9999.000,9999.000,9999.000,9999.000,9999.000,9999.000
202606261924,   5.042,9999.000,9999.000,9999.000,9999.000,9999.000,9999.000,9999.000,9999.000
202606261930,   5.111,9999.000,9999.000,9999.000,9999.000,9999.000,9999.000,9999.000,9999.000
202606261936,   5.171,9999.000,9999.000,9999.000,9999.000,9999.000,9999.000,9999.000,9999.000
202606261942,   5.223,9999.000,9999.000,9999.000,9999.000,9999.000,9999.000,9999.000,9999.000
202606261948,   5.266,9999.000,9999.000,9999.000,9999.000,9999.000,9999.000,9999.000,9999.000
202606261954,   5.301,9999.000,9999.000,9999.000,9999.000,9999.000,9999.000,9999.000,9999.000
202606262000,   5.328,9999.000,   0.700,   0.224,   6.252,   0.700,   6.252,   0.800,   6.352
202606262006,   5.346,9999.000,9999.000,9999.000,9999.000,9999.000,9999.000,9999.000,9999.000
202606262012,   5.356,9999.000,9999.000,9999.000,9999.000,9999.000,9999.000,9999.000,9999.000
202606262018,   5.359,9999.000,9999.000,9999.000,9999.000,9999.000,9999.000,9999.000,9999.000
202606262024,   5.353,9999.000,9999.000,9999.000,9999.000,9999.000,9999.000,9999.000,9999.000
202606262030,   5.341,9999.000,9999.000,9999.000,9999.000,9999.000,9999.000,9999.000,9999.000
202606262036,   5.321,9999.000,9999.000,9999.000,9999.000,9999.000,9999.000,9999.000,9999.000
202606262042,   5.295,9999.000,9999.000,9999.000,9999.000,9999.000,9999.000,9999.000,9999.000
202606262048,   5.263,9999.000,9999.000,9999.000,9999.000,9999.000,9999.000,9999.000,9999.000
202606262054,   5.224,9999.000,9999.000,9999.000,9999.000,9999.000,9999.000,9999.000,9999.000
202606262100,   5.179,9999.000,   0.700,   0.224,   6.103,   0.700,   6.103,   0.800,   6.203
202606262106,   5.129,9999.000,9999.000,9999.000,9999.000,9999.000,9999.000,9999.000,9999.000
202606262112,   5.075,9999.000,9999.000,9999.000,9999.000,9999.000,9999.000,9999.000,9999.000
202606262118,   5.015,9999.000,9999.000,9999.000,9999.000,9999.000,9999.000,9999.000,9999.000
202606262124,   4.951,9999.000,9999.000,9999.000,9999.000,9999.000,9999.000,9999.000,9999.000
202606262130,   4.883,9999.000,9999.000,9999.000,9999.000,9999.000,9999.000,9999.000,9999.000
202606262136,   4.811,9999.000,9999.000,9999.000,9999.000,9999.000,9999.000,9999.000,9999.000
202606262142,   4.736,9999.000,9999.000,9999.000,9999.000,9999.000,9999.000,9999.000,9999.000
202606262148,   4.658,9999.000,9999.000,9999.000,9999.000,9999.000,9999.000,9999.000,9999.000
202606262154,   4.578,9999.000,9999.000,9999.000,9999.000,9999.000,9999.000,9999.000,9999.000
202606262200,   4.495,9999.000,   0.700,   0.224,   5.419,   0.700,   5.419,   0.800,   5.519
202606262206,   4.411,9999.000,9999.000,9999.000,9999.000,9999.000,9999.000,9999.000,9999.000
202606262212,   4.324,9999.000,9999.000,9999.000,9999.000,9999.000,9999.000,9999.000,9999.000
202606262218,   4.237,9999.000,9999.000,9999.000,9999.000,9999.000,9999.000,9999.000,9999.000
202606262224,   4.149,9999.000,9999.000,9999.000,9999.000,9999.000,9999.000,9999.000,9999.000
202606262230,   4.060,9999.000,9999.000,9999.000,9999.000,9999.000,9999.000,9999.000,9999.000
202606262236,   3.971,9999.000,9999.000,9999.000,9999.000,9999.000,9999.000,9999.000,9999.000
202606262242,   3.882,9999.000,9999.000,9999.000,9999.000,9999.000,9999.000,9999.000,9999.000
202606262248,   3.794,9999.000,9999.000,9999.000,9999.000,9999.000,9999.000,9999.000,9999.000
202606262254,   3.707,9999.000,9999.000,9999.000,9999.000,9999.000,9999.000,9999.000,9999.000
202606262300,   3.620,9999.000,   0.700,   0.224,   4.544,   0.700,   4.544,   0.800,   4.644
202606262306,   3.535,9999.000,9999.000,9999.000,9999.000,9999.000,9999.000,9999.000,9999.000
202606262312,   3.451,9999.000,9999.000,9999.000,9999.000,9999.000,9999.000,9999.000,9999.000
202606262318,   3.370,9999.000,9999.000,9999.000,9999.000,9999.000,9999.000,9999.000,9999.000
202606262324,   3.290,9999.000,9999.000,9999.000,9999.000,9999.000,9999.000,9999.000,9999.000
202606262330,   3.212,9999.000,9999.000,9999.000,9999.000,9999.000,9999.000,9999.000,9999.000
202606262336,   3.137,9999.000,9999.000,9999.000,9999.000,9999.000,9999.000,9999.000,9999.000
202606262342,   3.064,9999.000,9999.000,9999.000,9999.000,9999.000,9999.000,9999.000,9999.000
202606262348,   2.994,9999.000,9999.000,9999.000,9999.000,9999.000,9999.000,9999.000,9999.000
202606262354,   2.927,9999.000,9999.000,9999.000,9999.000,9999.000,9999.000,9999.000,9999.000
202606270000,   2.862,9999.000,   0.700,   0.224,   3.786,   0.700,   3.786,   0.800,   3.886
202606270006,   2.800,9999.000,9999.000,9999.000,9999.000,9999.000,9999.000,9999.000,9999.000
202606270012,   2.741,9999.000,9999.000,9999.000,9999.000,9999.000,9999.000,9999.000,9999.000
202606270018,   2.686,9999.000,9999.000,9999.000,9999.000,9999.000,9999.000,9999.000,9999.000
202606270024,   2.633,9999.000,9999.000,9999.000,9999.000,9999.000,9999.000,9999.000,9999.000
202606270030,   2.584,9999.000,9999.000,9999.000,9999.000,9999.000,9999.000,9999.000,9999.000
202606270036,   2.538,9999.000,9999.000,9999.000,9999.000,9999.000,9999.000,9999.000,9999.000
202606270042,   2.495,9999.000,9999.000,9999.000,9999.000,9999.000,9999.000,9999.000,9999.000
202606270048,   2.457,9999.000,9999.000,9999.000,9999.000,9999.000,9999.000,9999.000,9999.000
202606270054,   2.421,9999.000,9999.000,9999.000,9999.000,9999.000,9999.000,9999.000,9999.000
202606270100,   2.390,9999.000,   0.700,   0.224,   3.314,   0.700,   3.314,   0.800,   3.414
202606270106,   2.363,9999.000,9999.000,9999.000,9999.000,9999.000,9999.000,9999.000,9999.000
202606270112,   2.339,9999.000,9999.000,9999.000,9999.000,9999.000,9999.000,9999.000,9999.000
202606270118,   2.321,9999.000,9999.000,9999.000,9999.000,9999.000,9999.000,9999.000,9999.000
202606270124,   2.307,9999.000,9999.000,9999.000,9999.000,9999.000,9999.000,9999.000,9999.000
202606270130,   2.298,9999.000,9999.000,9999.000,9999.000,9999.000,9999.000,9999.000,9999.000
202606270136,   2.294,9999.000,9999.000,9999.000,9999.000,9999.000,9999.000,9999.000,9999.000
202606270142,   2.295,9999.000,9999.000,9999.000,9999.000,9999.000,9999.000,9999.000,9999.000
202606270148,   2.302,9999.000,9999.000,9999.000,9999.000,9999.000,9999.000,9999.000,9999.000
202606270154,   2.316,9999.000,9999.000,9999.000,9999.000,9999.000,9999.000,9999.000,9999.000
202606270200,   2.335,9999.000,   0.700,   0.224,   3.259,   0.700,   3.259,   0.800,   3.359
202606270206,   2.360,9999.000,9999.000,9999.000,9999.000,9999.000,9999.000,9999.000,9999.000
202606270212,   2.392,9999.000,9999.000,9999.000,9999.000,9999.000,9999.000,9999.000,9999.000
202606270218,   2.431,9999.000,9999.000,9999.000,9999.000,9999.000,9999.000,9999.000,9999.000
202606270224,   2.477,9999.000,9999.000,9999.000,9999.000,9999.000,9999.000,9999.000,9999.000
202606270230,   2.529,9999.000,9999.000,9999.000,9999.000,9999.000,9999.000,9999.000,9999.000
202606270236,   2.588,9999.000,9999.000,9999.000,9999.000,9999.000,9999.000,9999.000,9999.000
202606270242,   2.654,9999.000,9999.000,9999.000,9999.000,9999.000,9999.000,9999.000,9999.000
202606270248,   2.727,9999.000,9999.000,9999.000,9999.000,9999.000,9999.000,9999.000,9999.000
202606270254,   2.806,9999.000,9999.000,9999.000,9999.000,9999.000,9999.000,9999.000,9999.000
202606270300,   2.892,9999.000,   0.700,   0.224,   3.816,   0.600,   3.716,   0.800,   3.916
202606270306,   2.984,9999.000,9999.000,9999.000,9999.000,9999.000,9999.000,9999.000,9999.000
202606270312,   3.082,9999.000,9999.000,9999.000,9999.000,9999.000,9999.000,9999.000,9999.000
202606270318,   3.185,9999.000,9999.000,9999.000,9999.000,9999.000,9999.000,9999.000,9999.000
202606270324,   3.293,9999.000,9999.000,9999.000,9999.000,9999.000,9999.000,9999.000,9999.000
202606270330,   3.406,9999.000,9999.000,9999.000,9999.000,9999.000,9999.000,9999.000,9999.000
202606270336,   3.524,9999.000,9999.000,9999.000,9999.000,9999.000,9999.000,9999.000,9999.000
202606270342,   3.645,9999.000,9999.000,9999.000,9999.000,9999.000,9999.000,9999.000,9999.000
202606270348,   3.770,9999.000,9999.000,9999.000,9999.000,9999.000,9999.000,9999.000,9999.000
202606270354,   3.897,9999.000,9999.000,9999.000,9999.000,9999.000,9999.000,9999.000,9999.000
202606270400,   4.027,9999.000,   0.700,   0.224,   4.951,   0.600,   4.851,   0.800,   5.051
202606270406,   4.159,9999.000,9999.000,9999.000,9999.000,9999.000,9999.000,9999.000,9999.000
202606270412,   4.292,9999.000,9999.000,9999.000,9999.000,9999.000,9999.000,9999.000,9999.000
202606270418,   4.426,9999.000,9999.000,9999.000,9999.000,9999.000,9999.000,9999.000,9999.000
202606270424,   4.561,9999.000,9999.000,9999.000,9999.000,9999.000,9999.000,9999.000,9999.000
202606270430,   4.696,9999.000,9999.000,9999.000,9999.000,9999.000,9999.000,9999.000,9999.000
202606270436,   4.831,9999.000,9999.000,9999.000,9999.000,9999.000,9999.000,9999.000,9999.000
202606270442,   4.965,9999.000,9999.000,9999.000,9999.000,9999.000,9999.000,9999.000,9999.000
202606270448,   5.097,9999.000,9999.000,9999.000,9999.000,9999.000,9999.000,9999.000,9999.000
202606270454,   5.229,9999.000,9999.000,9999.000,9999.000,9999.000,9999.000,9999.000,9999.000
202606270500,   5.359,9999.000,   0.700,   0.224,   6.283,   0.600,   6.183,   0.800,   6.383
202606270506,   5.487,9999.000,9999.000,9999.000,9999.000,9999.000,9999.000,9999.000,9999.000
202606270512,   5.612,9999.000,9999.000,9999.000,9999.000,9999.000,9999.000,9999.000,9999.000
202606270518,   5.735,9999.000,9999.000,9999.000,9999.000,9999.000,9999.000,9999.000,9999.000
202606270524,   5.856,9999.000,9999.000,9999.000,9999.000,9999.000,9999.000,9999.000,9999.000
202606270530,   5.973,9999.000,9999.000,9999.000,9999.000,9999.000,9999.000,9999.000,9999.000
202606270536,   6.087,9999.000,9999.000,9999.000,9999.000,9999.000,9999.000,9999.000,9999.000
202606270542,   6.197,9999.000,9999.000,9999.000,9999.000,9999.000,9999.000,9999.000,9999.000
202606270548,   6.303,9999.000,9999.000,9999.000,9999.000,9999.000,9999.000,9999.000,9999.000
202606270554,   6.405,9999.000,9999.000,9999.000,9999.000,9999.000,9999.000,9999.000,9999.000
202606270600,   6.503,9999.000,   0.700,   0.224,   7.427,   0.600,   7.327,   0.800,   7.527
202606270606,   6.596,9999.000,9999.000,9999.000,9999.000,9999.000,9999.000,9999.000,9999.000
202606270612,   6.684,9999.000,9999.000,9999.000,9999.000,9999.000,9999.000,9999.000,9999.000
202606270618,   6.766,9999.000,9999.000,9999.000,9999.000,9999.000,9999.000,9999.000,9999.000
202606270624,   6.843,9999.000,9999.000,9999.000,9999.000,9999.000,9999.000,9999.000,9999.000
202606270630,   6.914,9999.000,9999.000,9999.000,9999.000,9999.000,9999.000,9999.000,9999.000
202606270636,   6.978,9999.000,9999.000,9999.000,9999.000,9999.000,9999.000,9999.000,9999.000
202606270642,   7.036,9999.000,9999.000,9999.000,9999.000,9999.000,9999.000,9999.000,9999.000
202606270648,   7.087,9999.000,9999.000,9999.000,9999.000,9999.000,9999.000,9999.000,9999.000
202606270654,   7.130,9999.000,9999.000,9999.000,9999.000,9999.000,9999.000,9999.000,9999.000
202606270700,   7.167,9999.000,   0.700,   0.224,   8.091,   0.600,   7.991,   0.800,   8.191
202606270706,   7.195,9999.000,9999.000,9999.000,9999.000,9999.000,9999.000,9999.000,9999.000
202606270712,   7.216,9999.000,9999.000,9999.000,9999.000,9999.000,9999.000,9999.000,9999.000
202606270718,   7.229,9999.000,9999.000,9999.000,9999.000,9999.000,9999.000,9999.000,9999.000
202606270724,   7.234,9999.000,9999.000,9999.000,9999.000,9999.000,9999.000,9999.000,9999.000
202606270730,   7.231,9999.000,9999.000,9999.000,9999.000,9999.000,9999.000,9999.000,9999.000
202606270736,   7.219,9999.000,9999.000,9999.000,9999.000,9999.000,9999.000,9999.000,9999.000
202606270742,   7.199,9999.000,9999.000,9999.000,9999.000,9999.000,9999.000,9999.000,9999.000
202606270748,   7.172,9999.000,9999.000,9999.000,9999.000,9999.000,9999.000,9999.000,9999.000
202606270754,   7.136,9999.000,9999.000,9999.000,9999.000,9999.000,9999.000,9999.000,9999.000
202606270800,   7.093,9999.000,   0.700,   0.224,   8.017,   0.600,   7.917,   0.700,   8.017
202606270806,   7.042,9999.000,9999.000,9999.000,9999.000,9999.000,9999.000,9999.000,9999.000
202606270812,   6.984,9999.000,9999.000,9999.000,9999.000,9999.000,9999.000,9999.000,9999.000
202606270818,   6.919,9999.000,9999.000,9999.000,9999.000,9999.000,9999.000,9999.000,9999.000
202606270824,   6.847,9999.000,9999.000,9999.000,9999.000,9999.000,9999.000,9999.000,9999.000
202606270830,   6.769,9999.000,9999.000,9999.000,9999.000,9999.000,9999.000,9999.000,9999.000
202606270836,   6.685,9999.000,9999.000,9999.000,9999.000,9999.000,9999.000,9999.000,9999.000
202606270842,   6.595,9999.000,9999.000,9999.000,9999.000,9999.000,9999.000,9999.000,9999.000
202606270848,   6.500,9999.000,9999.000,9999.000,9999.000,9999.000,9999.000,9999.000,9999.000
202606270854,   6.400,9999.000,9999.000,9999.000,9999.000,9999.000,9999.000,9999.000,9999.000
202606270900,   6.296,9999.000,   0.700,   0.224,   7.220,   0.600,   7.120,   0.700,   7.220
202606270906,   6.188,9999.000,9999.000,9999.000,9999.000,9999.000,9999.000,9999.000,9999.000
202606270912,   6.076,9999.000,9999.000,9999.000,9999.000,9999.000,9999.000,9999.000,9999.000
202606270918,   5.961,9999.000,9999.000,9999.000,9999.000,9999.000,9999.000,9999.000,9999.000
202606270924,   5.842,9999.000,9999.000,9999.000,9999.000,9999.000,9999.000,9999.000,9999.000
202606270930,   5.722,9999.000,9999.000,9999.000,9999.000,9999.000,9999.000,9999.000,9999.000
202606270936,   5.599,9999.000,9999.000,9999.000,9999.000,9999.000,9999.000,9999.000,9999.000
202606270942,   5.474,9999.000,9999.000,9999.000,9999.000,9999.000,9999.000,9999.000,9999.000
202606270948,   5.347,9999.000,9999.000,9999.000,9999.000,9999.000,9999.000,9999.000,9999.000
202606270954,   5.218,9999.000,9999.000,9999.000,9999.000,9999.000,9999.000,9999.000,9999.000
202606271000,   5.089,9999.000,   0.700,   0.224,   6.013,   0.600,   5.913,   0.700,   6.013
202606271006,   4.959,9999.000,9999.000,9999.000,9999.000,9999.000,9999.000,9999.000,9999.000
202606271012,   4.827,9999.000,9999.000,9999.000,9999.000,9999.000,9999.000,9999.000,9999.000
202606271018,   4.696,9999.000,9999.000,9999.000,9999.000,9999.000,9999.000,9999.000,9999.000
202606271024,   4.563,9999.000,9999.000,9999.000,9999.000,9999.000,9999.000,9999.000,9999.000
202606271030,   4.431,9999.000,9999.000,9999.000,9999.000,9999.000,9999.000,9999.000,9999.000
202606271036,   4.298,9999.000,9999.000,9999.000,9999.000,9999.000,9999.000,9999.000,9999.000
202606271042,   4.166,9999.000,9999.000,9999.000,9999.000,9999.000,9999.000,9999.000,9999.000
202606271048,   4.033,9999.000,9999.000,9999.000,9999.000,9999.000,9999.000,9999.000,9999.000
202606271054,   3.901,9999.000,9999.000,9999.000,9999.000,9999.000,9999.000,9999.000,9999.000
202606271100,   3.770,9999.000,   0.700,   0.224,   4.694,   0.600,   4.594,   0.700,   4.694
202606271106,   3.639,9999.000,9999.000,9999.000,9999.000,9999.000,9999.000,9999.000,9999.000
202606271112,   3.508,9999.000,9999.000,9999.000,9999.000,9999.000,9999.000,9999.000,9999.000
202606271118,   3.378,9999.000,9999.000,9999.000,9999.000,9999.000,9999.000,9999.000,9999.000
202606271124,   3.249,9999.000,9999.000,9999.000,9999.000,9999.000,9999.000,9999.000,9999.000
202606271130,   3.120,9999.000,9999.000,9999.000,9999.000,9999.000,9999.000,9999.000,9999.000
202606271136,   2.992,9999.000,9999.000,9999.000,9999.000,9999.000,9999.000,9999.000,9999.000
202606271142,   2.865,9999.000,9999.000,9999.000,9999.000,9999.000,9999.000,9999.000,9999.000
202606271148,   2.739,9999.000,9999.000,9999.000,9999.000,9999.000,9999.000,9999.000,9999.000
202606271154,   2.613,9999.000,9999.000,9999.000,9999.000,9999.000,9999.000,9999.000,9999.000
202606271200,   2.488,9999.000,   0.700,   0.224,   3.412,   0.600,   3.312,   0.700,   3.412
202606271206,   2.363,9999.000,9999.000,9999.000,9999.000,9999.000,9999.000,9999.000,9999.000
202606271212,   2.240,9999.000,9999.000,9999.000,9999.000,9999.000,9999.000,9999.000,9999.000
202606271218,   2.117,9999.000,9999.000,9999.000,9999.000,9999.000,9999.000,9999.000,9999.000
202606271224,   1.994,9999.000,9999.000,9999.000,9999.000,9999.000,9999.000,9999.000,9999.000
202606271230,   1.872,9999.000,9999.000,9999.000,9999.000,9999.000,9999.000,9999.000,9999.000
202606271236,   1.751,9999.000,9999.000,9999.000,9999.000,9999.000,9999.000,9999.000,9999.000
202606271242,   1.630,9999.000,9999.000,9999.000,9999.000,9999.000,9999.000,9999.000,9999.000
202606271248,   1.509,9999.000,9999.000,9999.000,9999.000,9999.000,9999.000,9999.000,9999.000
202606271254,   1.389,9999.000,9999.000,9999.000,9999.000,9999.000,9999.000,9999.000,9999.000
202606271300,   1.270,9999.000,   0.700,   0.224,   2.194,   0.600,   2.094,   0.700,   2.194
202606271306,   1.152,9999.000,9999.000,9999.000,9999.000,9999.000,9999.000,9999.000,9999.000
202606271312,   1.035,9999.000,9999.000,9999.000,9999.000,9999.000,9999.000,9999.000,9999.000
202606271318,   0.919,9999.000,9999.000,9999.000,9999.000,9999.000,9999.000,9999.000,9999.000
202606271324,   0.804,9999.000,9999.000,9999.000,9999.000,9999.000,9999.000,9999.000,9999.000
202606271330,   0.691,9999.000,9999.000,9999.000,9999.000,9999.000,9999.000,9999.000,9999.000
202606271336,   0.580,9999.000,9999.000,9999.000,9999.000,9999.000,9999.000,9999.000,9999.000
202606271342,   0.471,9999.000,9999.000,9999.000,9999.000,9999.000,9999.000,9999.000,9999.000
202606271348,   0.365,9999.000,9999.000,9999.000,9999.000,9999.000,9999.000,9999.000,9999.000
202606271354,   0.262,9999.000,9999.000,9999.000,9999.000,9999.000,9999.000,9999.000,9999.000
202606271400,   0.163,9999.000,   0.700,   0.224,   1.087,   0.600,   0.987,   0.700,   1.087
202606271406,   0.068,9999.000,9999.000,9999.000,9999.000,9999.000,9999.000,9999.000,9999.000
202606271412,  -0.022,9999.000,9999.000,9999.000,9999.000,9999.000,9999.000,9999.000,9999.000
202606271418,  -0.107,9999.000,9999.000,9999.000,9999.000,9999.000,9999.000,9999.000,9999.000
202606271424,  -0.187,9999.000,9999.000,9999.000,9999.000,9999.000,9999.000,9999.000,9999.000
202606271430,  -0.261,9999.000,9999.000,9999.000,9999.000,9999.000,9999.000,9999.000,9999.000
202606271436,  -0.328,9999.000,9999.000,9999.000,9999.000,9999.000,9999.000,9999.000,9999.000
202606271442,  -0.388,9999.000,9999.000,9999.000,9999.000,9999.000,9999.000,9999.000,9999.000
202606271448,  -0.441,9999.000,9999.000,9999.000,9999.000,9999.000,9999.000,9999.000,9999.000
202606271454,  -0.486,9999.000,9999.000,9999.000,9999.000,9999.000,9999.000,9999.000,9999.000
202606271500,  -0.523,9999.000,   0.600,   0.224,   0.301,   0.600,   0.301,   0.700,   0.401
202606271506,  -0.552,9999.000,9999.000,9999.000,9999.000,9999.000,9999.000,9999.000,9999.000
202606271512,  -0.572,9999.000,9999.000,9999.000,9999.000,9999.000,9999.000,9999.000,9999.000
202606271518,  -0.582,9999.000,9999.000,9999.000,9999.000,9999.000,9999.000,9999.000,9999.000
202606271524,  -0.584,9999.000,9999.000,9999.000,9999.000,9999.000,9999.000,9999.000,9999.000
202606271530,  -0.577,9999.000,9999.000,9999.000,9999.000,9999.000,9999.000,9999.000,9999.000
202606271536,  -0.560,9999.000,9999.000,9999.000,9999.000,9999.000,9999.000,9999.000,9999.000
202606271542,  -0.535,9999.000,9999.000,9999.000,9999.000,9999.000,9999.000,9999.000,9999.000
202606271548,  -0.500,9999.000,9999.000,9999.000,9999.000,9999.000,9999.000,9999.000,9999.000
202606271554,  -0.456,9999.000,9999.000,9999.000,9999.000,9999.000,9999.000,9999.000,9999.000
202606271600,  -0.404,9999.000,   0.600,   0.224,   0.420,   0.600,   0.420,   0.700,   0.520
202606271606,  -0.343,9999.000,9999.000,9999.000,9999.000,9999.000,9999.000,9999.000,9999.000
202606271612,  -0.274,9999.000,9999.000,9999.000,9999.000,9999.000,9999.000,9999.000,9999.000
202606271618,  -0.196,9999.000,9999.000,9999.000,9999.000,9999.000,9999.000,9999.000,9999.000
202606271624,  -0.111,9999.000,9999.000,9999.000,9999.000,9999.000,9999.000,9999.000,9999.000
202606271630,  -0.018,9999.000,9999.000,9999.000,9999.000,9999.000,9999.000,9999.000,9999.000
202606271636,   0.081,9999.000,9999.000,9999.000,9999.000,9999.000,9999.000,9999.000,9999.000
202606271642,   0.188,9999.000,9999.000,9999.000,9999.000,9999.000,9999.000,9999.000,9999.000
202606271648,   0.302,9999.000,9999.000,9999.000,9999.000,9999.000,9999.000,9999.000,9999.000
202606271654,   0.422,9999.000,9999.000,9999.000,9999.000,9999.000,9999.000,9999.000,9999.000
202606271700,   0.548,9999.000,   0.600,   0.224,   1.372,   0.600,   1.372,   0.700,   1.472
202606271706,   0.679,9999.000,9999.000,9999.000,9999.000,9999.000,9999.000,9999.000,9999.000
202606271712,   0.816,9999.000,9999.000,9999.000,9999.000,9999.000,9999.000,9999.000,9999.000
202606271718,   0.958,9999.000,9999.000,9999.000,9999.000,9999.000,9999.000,9999.000,9999.000
202606271724,   1.104,9999.000,9999.000,9999.000,9999.000,9999.000,9999.000,9999.000,9999.000
202606271730,   1.255,9999.000,9999.000,9999.000,9999.000,9999.000,9999.000,9999.000,9999.000
202606271736,   1.409,9999.000,9999.000,9999.000,9999.000,9999.000,9999.000,9999.000,9999.000
202606271742,   1.567,9999.000,9999.000,9999.000,9999.000,9999.000,9999.000,9999.000,9999.000
202606271748,   1.729,9999.000,9999.000,9999.000,9999.000,9999.000,9999.000,9999.000,9999.000
202606271754,   1.893,9999.000,9999.000,9999.000,9999.000,9999.000,9999.000,9999.000,9999.000
202606271800,   2.059,9999.000,   0.600,   0.224,   2.883,   0.600,   2.883,   0.700,   2.983
202606271806,   2.227,9999.000,9999.000,9999.000,9999.000,9999.000,9999.000,9999.000,9999.000
202606271812,   2.397,9999.000,9999.000,9999.000,9999.000,9999.000,9999.000,9999.000,9999.000
202606271818,   2.568,9999.000,9999.000,9999.000,9999.000,9999.000,9999.000,9999.000,9999.000
202606271824,   2.739,9999.000,9999.000,9999.000,9999.000,9999.000,9999.000,9999.000,9999.000
202606271830,   2.910,9999.000,9999.000,9999.000,9999.000,9999.000,9999.000,9999.000,9999.000
202606271836,   3.081,9999.000,9999.000,9999.000,9999.000,9999.000,9999.000,9999.000,9999.000
202606271842,   3.250,9999.000,9999.000,9999.000,9999.000,9999.000,9999.000,9999.000,9999.000
202606271848,   3.418,9999.000,9999.000,9999.000,9999.000,9999.000,9999.000,9999.000,9999.000
202606271854,   3.582,9999.000,9999.000,9999.000,9999.000,9999.000,9999.000,9999.000,9999.000
202606271900,   3.744,9999.000,   0.600,   0.224,   4.568,   0.600,   4.568,   0.700,   4.668
202606271906,   3.903,9999.000,9999.000,9999.000,9999.000,9999.000,9999.000,9999.000,9999.000
202606271912,   4.056,9999.000,9999.000,9999.000,9999.000,9999.000,9999.000,9999.000,9999.000
202606271918,   4.206,9999.000,9999.000,9999.000,9999.000,9999.000,9999.000,9999.000,9999.000
202606271924,   4.349,9999.000,9999.000,9999.000,9999.000,9999.000,9999.000,9999.000,9999.000
202606271930,   4.487,9999.000,9999.000,9999.000,9999.000,9999.000,9999.000,9999.000,9999.000
202606271936,   4.618,9999.000,9999.000,9999.000,9999.000,9999.000,9999.000,9999.000,9999.000
202606271942,   4.742,9999.000,9999.000,9999.000,9999.000,9999.000,9999.000,9999.000,9999.000
202606271948,   4.858,9999.000,9999.000,9999.000,9999.000,9999.000,9999.000,9999.000,9999.000
202606271954,   4.967,9999.000,9999.000,9999.000,9999.000,9999.000,9999.000,9999.000,9999.000
202606272000,   5.068,9999.000,   0.600,   0.224,   5.892,   0.600,   5.892,   0.700,   5.992
202606272006,   5.160,9999.000,9999.000,9999.000,9999.000,9999.000,9999.000,9999.000,9999.000
202606272012,   5.243,9999.000,9999.000,9999.000,9999.000,9999.000,9999.000,9999.000,9999.000
202606272018,   5.318,9999.000,9999.000,9999.000,9999.000,9999.000,9999.000,9999.000,9999.000
202606272024,   5.384,9999.000,9999.000,9999.000,9999.000,9999.000,9999.000,9999.000,9999.000
202606272030,   5.440,9999.000,9999.000,9999.000,9999.000,9999.000,9999.000,9999.000,9999.000
202606272036,   5.488,9999.000,9999.000,9999.000,9999.000,9999.000,9999.000,9999.000,9999.000
202606272042,   5.527,9999.000,9999.000,9999.000,9999.000,9999.000,9999.000,9999.000,9999.000
202606272048,   5.557,9999.000,9999.000,9999.000,9999.000,9999.000,9999.000,9999.000,9999.000
202606272054,   5.579,9999.000,9999.000,9999.000,9999.000,9999.000,9999.000,9999.000,9999.000
202606272100,   5.592,9999.000,   0.600,   0.224,   6.416,   0.600,   6.416,   0.700,   6.516
202606272106,   5.597,9999.000,9999.000,9999.000,9999.000,9999.000,9999.000,9999.000,9999.000
202606272112,   5.594,9999.000,9999.000,9999.000,9999.000,9999.000,9999.000,9999.000,9999.000
202606272118,   5.583,9999.000,9999.000,9999.000,9999.000,9999.000,9999.000,9999.000,9999.000
202606272124,   5.565,9999.000,9999.000,9999.000,9999.000,9999.000,9999.000,9999.000,9999.000
202606272130,   5.540,9999.000,9999.000,9999.000,9999.000,9999.000,9999.000,9999.000,9999.000
202606272136,   5.508,9999.000,9999.000,9999.000,9999.000,9999.000,9999.000,9999.000,9999.000
202606272142,   5.470,9999.000,9999.000,9999.000,9999.000,9999.000,9999.000,9999.000,9999.000
202606272148,   5.426,9999.000,9999.000,9999.000,9999.000,9999.000,9999.000,9999.000,9999.000
202606272154,   5.377,9999.000,9999.000,9999.000,9999.000,9999.000,9999.000,9999.000,9999.000
202606272200,   5.322,9999.000,   0.600,   0.224,   6.146,   0.600,   6.146,   0.600,   6.146
202606272206,   5.262,9999.000,9999.000,9999.000,9999.000,9999.000,9999.000,9999.000,9999.000
202606272212,   5.198,9999.000,9999.000,9999.000,9999.000,9999.000,9999.000,9999.000,9999.000
202606272218,   5.129,9999.000,9999.000,9999.000,9999.000,9999.000,9999.000,9999.000,9999.000
202606272224,   5.057,9999.000,9999.000,9999.000,9999.000,9999.000,9999.000,9999.000,9999.000
202606272230,   4.981,9999.000,9999.000,9999.000,9999.000,9999.000,9999.000,9999.000,9999.000
202606272236,   4.902,9999.000,9999.000,9999.000,9999.000,9999.000,9999.000,9999.000,9999.000
202606272242,   4.820,9999.000,9999.000,9999.000,9999.000,9999.000,9999.000,9999.000,9999.000
202606272248,   4.737,9999.000,9999.000,9999.000,9999.000,9999.000,9999.000,9999.000,9999.000
202606272254,   4.651,9999.000,9999.000,9999.000,9999.000,9999.000,9999.000,9999.000,9999.000
202606272300,   4.563,9999.000,   0.600,   0.224,   5.387,   0.600,   5.387,   0.600,   5.387
202606272306,   4.474,9999.000,9999.000,9999.000,9999.000,9999.000,9999.000,9999.000,9999.000
202606272312,   4.384,9999.000,9999.000,9999.000,9999.000,9999.000,9999.000,9999.000,9999.000
202606272318,   4.294,9999.000,9999.000,9999.000,9999.000,9999.000,9999.000,9999.000,9999.000
202606272324,   4.203,9999.000,9999.000,9999.000,9999.000,9999.000,9999.000,9999.000,9999.000
202606272330,   4.112,9999.000,9999.000,9999.000,9999.000,9999.000,9999.000,9999.000,9999.000
202606272336,   4.022,9999.000,9999.000,9999.000,9999.000,9999.000,9999.000,9999.000,9999.000
202606272342,   3.932,9999.000,9999.000,9999.000,9999.000,9999.000,9999.000,9999.000,9999.000
202606272348,   3.844,9999.000,9999.000,9999.000,9999.000,9999.000,9999.000,9999.000,9999.000
202606272354,   3.756,9999.000,9999.000,9999.000,9999.000,9999.000,9999.000,9999.000,9999.000
202606280000,   3.670,9999.000,   0.600,   0.224,   4.494,   0.500,   4.394,   0.600,   4.494
202606280006,   3.586,9999.000,9999.000,9999.000,9999.000,9999.000,9999.000,9999.000,9999.000
202606280012,   3.504,9999.000,9999.000,9999.000,9999.000,9999.000,9999.000,9999.000,9999.000
202606280018,   3.423,9999.000,9999.000,9999.000,9999.000,9999.000,9999.000,9999.000,9999.000
202606280024,   3.346,9999.000,9999.000,9999.000,9999.000,9999.000,9999.000,9999.000,9999.000
202606280030,   3.270,9999.000,9999.000,9999.000,9999.000,9999.000,9999.000,9999.000,9999.000
202606280036,   3.197,9999.000,9999.000,9999.000,9999.000,9999.000,9999.000,9999.000,9999.000
202606280042,   3.127,9999.000,9999.000,9999.000,9999.000,9999.000,9999.000,9999.000,9999.000
202606280048,   3.060,9999.000,9999.000,9999.000,9999.000,9999.000,9999.000,9999.000,9999.000
202606280054,   2.995,9999.000,9999.000,9999.000,9999.000,9999.000,9999.000,9999.000,9999.000
202606280100,   2.934,9999.000,   0.600,   0.224,   3.758,   0.500,   3.658,   0.600,   3.758
202606280106,   2.875,9999.000,9999.000,9999.000,9999.000,9999.000,9999.000,9999.000,9999.000
202606280112,   2.820,9999.000,9999.000,9999.000,9999.000,9999.000,9999.000,9999.000,9999.000
202606280118,   2.768,9999.000,9999.000,9999.000,9999.000,9999.000,9999.000,9999.000,9999.000
202606280124,   2.720,9999.000,9999.000,9999.000,9999.000,9999.000,9999.000,9999.000,9999.000
202606280130,   2.675,9999.000,9999.000,9999.000,9999.000,9999.000,9999.000,9999.000,9999.000
202606280136,   2.634,9999.000,9999.000,9999.000,9999.000,9999.000,9999.000,9999.000,9999.000
202606280142,   2.596,9999.000,9999.000,9999.000,9999.000,9999.000,9999.000,9999.000,9999.000
202606280148,   2.562,9999.000,9999.000,9999.000,9999.000,9999.000,9999.000,9999.000,9999.000
202606280154,   2.533,9999.000,9999.000,9999.000,9999.000,9999.000,9999.000,9999.000,9999.000
202606280200,   2.508,9999.000,   0.600,   0.224,   3.332,   0.500,   3.232,   0.600,   3.332
202606280206,   2.487,9999.000,9999.000,9999.000,9999.000,9999.000,9999.000,9999.000,9999.000
202606280212,   2.471,9999.000,9999.000,9999.000,9999.000,9999.000,9999.000,9999.000,9999.000
202606280218,   2.460,9999.000,9999.000,9999.000,9999.000,9999.000,9999.000,9999.000,9999.000
202606280224,   2.455,9999.000,9999.000,9999.000,9999.000,9999.000,9999.000,9999.000,9999.000
202606280230,   2.455,9999.000,9999.000,9999.000,9999.000,9999.000,9999.000,9999.000,9999.000
202606280236,   2.461,9999.000,9999.000,9999.000,9999.000,9999.000,9999.000,9999.000,9999.000
202606280242,   2.473,9999.000,9999.000,9999.000,9999.000,9999.000,9999.000,9999.000,9999.000
202606280248,   2.491,9999.000,9999.000,9999.000,9999.000,9999.000,9999.000,9999.000,9999.000
202606280254,   2.516,9999.000,9999.000,9999.000,9999.000,9999.000,9999.000,9999.000,9999.000
202606280300,   2.547,9999.000,   0.600,   0.224,   3.371,   0.500,   3.271,   0.600,   3.371
202606280306,   2.585,9999.000,9999.000,9999.000,9999.000,9999.000,9999.000,9999.000,9999.000
202606280312,   2.631,9999.000,9999.000,9999.000,9999.000,9999.000,9999.000,9999.000,9999.000
202606280318,   2.683,9999.000,9999.000,9999.000,9999.000,9999.000,9999.000,9999.000,9999.000
202606280324,   2.742,9999.000,9999.000,9999.000,9999.000,9999.000,9999.000,9999.000,9999.000
202606280330,   2.809,9999.000,9999.000,9999.000,9999.000,9999.000,9999.000,9999.000,9999.000
202606280336,   2.882,9999.000,9999.000,9999.000,9999.000,9999.000,9999.000,9999.000,9999.000
202606280342,   2.962,9999.000,9999.000,9999.000,9999.000,9999.000,9999.000,9999.000,9999.000
202606280348,   3.049,9999.000,9999.000,9999.000,9999.000,9999.000,9999.000,9999.000,9999.000
202606280354,   3.142,9999.000,9999.000,9999.000,9999.000,9999.000,9999.000,9999.000,9999.000
202606280400,   3.242,9999.000,   0.600,   0.224,   4.066,   0.500,   3.966,   0.600,   4.066
202606280406,   3.347,9999.000,9999.000,9999.000,9999.000,9999.000,9999.000,9999.000,9999.000
202606280412,   3.457,9999.000,9999.000,9999.000,9999.000,9999.000,9999.000,9999.000,9999.000
202606280418,   3.572,9999.000,9999.000,9999.000,9999.000,9999.000,9999.000,9999.000,9999.000
202606280424,   3.692,9999.000,9999.000,9999.000,9999.000,9999.000,9999.000,9999.000,9999.000
202606280430,   3.815,9999.000,9999.000,9999.000,9999.000,9999.000,9999.000,9999.000,9999.000
202606280436,   3.942,9999.000,9999.000,9999.000,9999.000,9999.000,9999.000,9999.000,9999.000
202606280442,   4.072,9999.000,9999.000,9999.000,9999.000,9999.000,9999.000,9999.000,9999.000
202606280448,   4.205,9999.000,9999.000,9999.000,9999.000,9999.000,9999.000,9999.000,9999.000
202606280454,   4.339,9999.000,9999.000,9999.000,9999.000,9999.000,9999.000,9999.000,9999.000
202606280500,   4.474,9999.000,   0.600,   0.224,   5.298,   0.500,   5.198,   0.600,   5.298
202606280506,   4.610,9999.000,9999.000,9999.000,9999.000,9999.000,9999.000,9999.000,9999.000
202606280512,   4.747,9999.000,9999.000,9999.000,9999.000,9999.000,9999.000,9999.000,9999.000
202606280518,   4.883,9999.000,9999.000,9999.000,9999.000,9999.000,9999.000,9999.000,9999.000
202606280524,   5.019,9999.000,9999.000,9999.000,9999.000,9999.000,9999.000,9999.000,9999.000
202606280530,   5.153,9999.000,9999.000,9999.000,9999.000,9999.000,9999.000,9999.000,9999.000
202606280536,   5.286,9999.000,9999.000,9999.000,9999.000,9999.000,9999.000,9999.000,9999.000
202606280542,   5.418,9999.000,9999.000,9999.000,9999.000,9999.000,9999.000,9999.000,9999.000
202606280548,   5.547,9999.000,9999.000,9999.000,9999.000,9999.000,9999.000,9999.000,9999.000
202606280554,   5.673,9999.000,9999.000,9999.000,9999.000,9999.000,9999.000,9999.000,9999.000
202606280600,   5.797,9999.000,   0.600,   0.224,   6.621,   0.500,   6.521,   0.600,   6.621
202606280606,   5.918,9999.000,9999.000,9999.000,9999.000,9999.000,9999.000,9999.000,9999.000
202606280612,   6.035,9999.000,9999.000,9999.000,9999.000,9999.000,9999.000,9999.000,9999.000
202606280618,   6.148,9999.000,9999.000,9999.000,9999.000,9999.000,9999.000,9999.000,9999.000
202606280624,   6.258,9999.000,9999.000,9999.000,9999.000,9999.000,9999.000,9999.000,9999.000
202606280630,   6.363,9999.000,9999.000,9999.000,9999.000,9999.000,9999.000,9999.000,9999.000
202606280636,   6.463,9999.000,9999.000,9999.000,9999.000,9999.000,9999.000,9999.000,9999.000
202606280642,   6.559,9999.000,9999.000,9999.000,9999.000,9999.000,9999.000,9999.000,9999.000
202606280648,   6.649,9999.000,9999.000,9999.000,9999.000,9999.000,9999.000,9999.000,9999.000
202606280654,   6.735,9999.000,9999.000,9999.000,9999.000,9999.000,9999.000,9999.000,9999.000
202606280700,   6.814,9999.000,   0.600,   0.224,   7.638,   0.500,   7.538,   0.600,   7.638
202606280706,   6.888,9999.000,9999.000,9999.000,9999.000,9999.000,9999.000,9999.000,9999.000
202606280712,   6.955,9999.000,9999.000,9999.000,9999.000,9999.000,9999.000,9999.000,9999.000
202606280718,   7.016,9999.000,9999.000,9999.000,9999.000,9999.000,9999.000,9999.000,9999.000
202606280724,   7.070,9999.000,9999.000,9999.000,9999.000,9999.000,9999.000,9999.000,9999.000
202606280730,   7.117,9999.000,9999.000,9999.000,9999.000,9999.000,9999.000,9999.000,9999.000
202606280736,   7.157,9999.000,9999.000,9999.000,9999.000,9999.000,9999.000,9999.000,9999.000
202606280742,   7.189,9999.000,9999.000,9999.000,9999.000,9999.000,9999.000,9999.000,9999.000
202606280748,   7.213,9999.000,9999.000,9999.000,9999.000,9999.000,9999.000,9999.000,9999.000
202606280754,   7.230,9999.000,9999.000,9999.000,9999.000,9999.000,9999.000,9999.000,9999.000
202606280800,   7.239,9999.000,   0.500,   0.224,   7.963,   0.500,   7.963,   0.600,   8.063
202606280806,   7.239,9999.000,9999.000,9999.000,9999.000,9999.000,9999.000,9999.000,9999.000
202606280812,   7.231,9999.000,9999.000,9999.000,9999.000,9999.000,9999.000,9999.000,9999.000
202606280818,   7.215,9999.000,9999.000,9999.000,9999.000,9999.000,9999.000,9999.000,9999.000
202606280824,   7.191,9999.000,9999.000,9999.000,9999.000,9999.000,9999.000,9999.000,9999.000
202606280830,   7.159,9999.000,9999.000,9999.000,9999.000,9999.000,9999.000,9999.000,9999.000
202606280836,   7.119,9999.000,9999.000,9999.000,9999.000,9999.000,9999.000,9999.000,9999.000
202606280842,   7.071,9999.000,9999.000,9999.000,9999.000,9999.000,9999.000,9999.000,9999.000
202606280848,   7.016,9999.000,9999.000,9999.000,9999.000,9999.000,9999.000,9999.000,9999.000
202606280854,   6.953,9999.000,9999.000,9999.000,9999.000,9999.000,9999.000,9999.000,9999.000
202606280900,   6.883,9999.000,   0.500,   0.224,   7.607,   0.500,   7.607,   0.600,   7.707
202606280906,   6.806,9999.000,9999.000,9999.000,9999.000,9999.000,9999.000,9999.000,9999.000
202606280912,   6.723,9999.000,9999.000,9999.000,9999.000,9999.000,9999.000,9999.000,9999.000
202606280918,   6.634,9999.000,9999.000,9999.000,9999.000,9999.000,9999.000,9999.000,9999.000
202606280924,   6.540,9999.000,9999.000,9999.000,9999.000,9999.000,9999.000,9999.000,9999.000
202606280930,   6.440,9999.000,9999.000,9999.000,9999.000,9999.000,9999.000,9999.000,9999.000
202606280936,   6.336,9999.000,9999.000,9999.000,9999.000,9999.000,9999.000,9999.000,9999.000
202606280942,   6.227,9999.000,9999.000,9999.000,9999.000,9999.000,9999.000,9999.000,9999.000
202606280948,   6.114,9999.000,9999.000,9999.000,9999.000,9999.000,9999.000,9999.000,9999.000
202606280954,   5.998,9999.000,9999.000,9999.000,9999.000,9999.000,9999.000,9999.000,9999.000
202606281000,   5.879,9999.000,   0.500,   0.224,   6.603,   0.500,   6.603,   0.600,   6.703
202606281006,   5.757,9999.000,9999.000,9999.000,9999.000,9999.000,9999.000,9999.000,9999.000
202606281012,   5.632,9999.000,9999.000,9999.000,9999.000,9999.000,9999.000,9999.000,9999.000
202606281018,   5.506,9999.000,9999.000,9999.000,9999.000,9999.000,9999.000,9999.000,9999.000
202606281024,   5.378,9999.000,9999.000,9999.000,9999.000,9999.000,9999.000,9999.000,9999.000
202606281030,   5.248,9999.000,9999.000,9999.000,9999.000,9999.000,9999.000,9999.000,9999.000
202606281036,   5.118,9999.000,9999.000,9999.000,9999.000,9999.000,9999.000,9999.000,9999.000
202606281042,   4.986,9999.000,9999.000,9999.000,9999.000,9999.000,9999.000,9999.000,9999.000
202606281048,   4.854,9999.000,9999.000,9999.000,9999.000,9999.000,9999.000,9999.000,9999.000
202606281054,   4.722,9999.000,9999.000,9999.000,9999.000,9999.000,9999.000,9999.000,9999.000
202606281100,   4.589,9999.000,   0.500,   0.224,   5.313,   0.500,   5.313,   0.500,   5.313
202606281106,   4.456,9999.000,9999.000,9999.000,9999.000,9999.000,9999.000,9999.000,9999.000
202606281112,   4.323,9999.000,9999.000,9999.000,9999.000,9999.000,9999.000,9999.000,9999.000
202606281118,   4.191,9999.000,9999.000,9999.000,9999.000,9999.000,9999.000,9999.000,9999.000
202606281124,   4.058,9999.000,9999.000,9999.000,9999.000,9999.000,9999.000,9999.000,9999.000
202606281130,   3.926,9999.000,9999.000,9999.000,9999.000,9999.000,9999.000,9999.000,9999.000
202606281136,   3.795,9999.000,9999.000,9999.000,9999.000,9999.000,9999.000,9999.000,9999.000
202606281142,   3.664,9999.000,9999.000,9999.000,9999.000,9999.000,9999.000,9999.000,9999.000
202606281148,   3.534,9999.000,9999.000,9999.000,9999.000,9999.000,9999.000,9999.000,9999.000
202606281154,   3.404,9999.000,9999.000,9999.000,9999.000,9999.000,9999.000,9999.000,9999.000
202606281200,   3.276,9999.000,   0.500,   0.224,   4.000,   0.500,   4.000,   0.500,   4.000
202606281206,   3.148,9999.000,9999.000,9999.000,9999.000,9999.000,9999.000,9999.000,9999.000
202606281212,   3.020,9999.000,9999.000,9999.000,9999.000,9999.000,9999.000,9999.000,9999.000
202606281218,   2.894,9999.000,9999.000,9999.000,9999.000,9999.000,9999.000,9999.000,9999.000
202606281224,   2.768,9999.000,9999.000,9999.000,9999.000,9999.000,9999.000,9999.000,9999.000
202606281230,   2.644,9999.000,9999.000,9999.000,9999.000,9999.000,9999.000,9999.000,9999.000
202606281236,   2.519,9999.000,9999.000,9999.000,9999.000,9999.000,9999.000,9999.000,9999.000
202606281242,   2.396,9999.000,9999.000,9999.000,9999.000,9999.000,9999.000,9999.000,9999.000
202606281248,   2.273,9999.000,9999.000,9999.000,9999.000,9999.000,9999.000,9999.000,9999.000
202606281254,   2.151,9999.000,9999.000,9999.000,9999.000,9999.000,9999.000,9999.000,9999.000
202606281300,   2.030,9999.000,   0.500,   0.224,   2.754,   0.500,   2.754,   0.500,   2.754
202606281306,   1.909,9999.000,9999.000,9999.000,9999.000,9999.000,9999.000,9999.000,9999.000
202606281312,   1.788,9999.000,9999.000,9999.000,9999.000,9999.000,9999.000,9999.000,9999.000
202606281318,   1.668,9999.000,9999.000,9999.000,9999.000,9999.000,9999.000,9999.000,9999.000
202606281324,   1.549,9999.000,9999.000,9999.000,9999.000,9999.000,9999.000,9999.000,9999.000
202606281330,   1.430,9999.000,9999.000,9999.000,9999.000,9999.000,9999.000,9999.000,9999.000
202606281336,   1.311,9999.000,9999.000,9999.000,9999.000,9999.000,9999.000,9999.000,9999.000
202606281342,   1.193,9999.000,9999.000,9999.000,9999.000,9999.000,9999.000,9999.000,9999.000
202606281348,   1.076,9999.000,9999.000,9999.000,9999.000,9999.000,9999.000,9999.000,9999.000
202606281354,   0.960,9999.000,9999.000,9999.000,9999.000,9999.000,9999.000,9999.000,9999.000
202606281400,   0.844,9999.000,   0.500,   0.224,   1.568,   0.500,   1.568,   0.500,   1.568
202606281406,   0.730,9999.000,9999.000,9999.000,9999.000,9999.000,9999.000,9999.000,9999.000
202606281412,   0.617,9999.000,9999.000,9999.000,9999.000,9999.000,9999.000,9999.000,9999.000
202606281418,   0.505,9999.000,9999.000,9999.000,9999.000,9999.000,9999.000,9999.000,9999.000
202606281424,   0.396,9999.000,9999.000,9999.000,9999.000,9999.000,9999.000,9999.000,9999.000
202606281430,   0.289,9999.000,9999.000,9999.000,9999.000,9999.000,9999.000,9999.000,9999.000
202606281436,   0.185,9999.000,9999.000,9999.000,9999.000,9999.000,9999.000,9999.000,9999.000
202606281442,   0.084,9999.000,9999.000,9999.000,9999.000,9999.000,9999.000,9999.000,9999.000
202606281448,  -0.012,9999.000,9999.000,9999.000,9999.000,9999.000,9999.000,9999.000,9999.000
202606281454,  -0.104,9999.000,9999.000,9999.000,9999.000,9999.000,9999.000,9999.000,9999.000
202606281500,  -0.193,9999.000,   0.500,   0.224,   0.531,   0.500,   0.531,   0.500,   0.531
202606281506,  -0.275,9999.000,9999.000,9999.000,9999.000,9999.000,9999.000,9999.000,9999.000
202606281512,  -0.352,9999.000,9999.000,9999.000,9999.000,9999.000,9999.000,9999.000,9999.000
202606281518,  -0.423,9999.000,9999.000,9999.000,9999.000,9999.000,9999.000,9999.000,9999.000
202606281524,  -0.487,9999.000,9999.000,9999.000,9999.000,9999.000,9999.000,9999.000,9999.000
202606281530,  -0.543,9999.000,9999.000,9999.000,9999.000,9999.000,9999.000,9999.000,9999.000
202606281536,  -0.592,9999.000,9999.000,9999.000,9999.000,9999.000,9999.000,9999.000,9999.000
202606281542,  -0.632,9999.000,9999.000,9999.000,9999.000,9999.000,9999.000,9999.000,9999.000
202606281548,  -0.664,9999.000,9999.000,9999.000,9999.000,9999.000,9999.000,9999.000,9999.000
202606281554,  -0.687,9999.000,9999.000,9999.000,9999.000,9999.000,9999.000,9999.000,9999.000
202606281600,  -0.701,9999.000,   0.500,   0.224,   0.023,   0.500,   0.023,   0.500,   0.023
202606281606,  -0.706,9999.000,9999.000,9999.000,9999.000,9999.000,9999.000,9999.000,9999.000
202606281612,  -0.701,9999.000,9999.000,9999.000,9999.000,9999.000,9999.000,9999.000,9999.000
202606281618,  -0.686,9999.000,9999.000,9999.000,9999.000,9999.000,9999.000,9999.000,9999.000
202606281624,  -0.662,9999.000,9999.000,9999.000,9999.000,9999.000,9999.000,9999.000,9999.000
202606281630,  -0.628,9999.000,9999.000,9999.000,9999.000,9999.000,9999.000,9999.000,9999.000
202606281636,  -0.584,9999.000,9999.000,9999.000,9999.000,9999.000,9999.000,9999.000,9999.000
202606281642,  -0.531,9999.000,9999.000,9999.000,9999.000,9999.000,9999.000,9999.000,9999.000
202606281648,  -0.469,9999.000,9999.000,9999.000,9999.000,9999.000,9999.000,9999.000,9999.000
202606281654,  -0.398,9999.000,9999.000,9999.000,9999.000,9999.000,9999.000,9999.000,9999.000
202606281700,  -0.318,9999.000,   0.500,   0.224,   0.406,   0.500,   0.406,   0.500,   0.406
202606281706,  -0.230,9999.000,9999.000,9999.000,9999.000,9999.000,9999.000,9999.000,9999.000
202606281712,  -0.134,9999.000,9999.000,9999.000,9999.000,9999.000,9999.000,9999.000,9999.000
202606281718,  -0.030,9999.000,9999.000,9999.000,9999.000,9999.000,9999.000,9999.000,9999.000
202606281724,   0.081,9999.000,9999.000,9999.000,9999.000,9999.000,9999.000,9999.000,9999.000
202606281730,   0.200,9999.000,9999.000,9999.000,9999.000,9999.000,9999.000,9999.000,9999.000
202606281736,   0.325,9999.000,9999.000,9999.000,9999.000,9999.000,9999.000,9999.000,9999.000
202606281742,   0.456,9999.000,9999.000,9999.000,9999.000,9999.000,9999.000,9999.000,9999.000
202606281748,   0.594,9999.000,9999.000,9999.000,9999.000,9999.000,9999.000,9999.000,9999.000
202606281754,   0.737,9999.000,9999.000,9999.000,9999.000,9999.000,9999.000,9999.000,9999.000
202606281800,   0.885,9999.000,   0.500,   0.224,   1.609,   0.500,   1.609,   0.500,   1.609
202606281806,   1.038,9999.000,9999.000,9999.000,9999.000,9999.000,9999.000,9999.000,9999.000
202606281812,   1.195,9999.000,9999.000,9999.000,9999.000,9999.000,9999.000,9999.000,9999.000
202606281818,   1.356,9999.000,9999.000,9999.000,9999.000,9999.000,9999.000,9999.000,9999.000
202606281824,   1.521,9999.000,9999.000,9999.000,9999.000,9999.000,9999.000,9999.000,9999.000
202606281830,   1.688,9999.000,9999.000,9999.000,9999.000,9999.000,9999.000,9999.000,9999.000
202606281836,   1.859,9999.000,9999.000,9999.000,9999.000,9999.000,9999.000,9999.000,9999.000
202606281842,   2.032,9999.000,9999.000,9999.000,9999.000,9999.000,9999.000,9999.000,9999.000
202606281848,   2.206,9999.000,9999.000,9999.000,9999.000,9999.000,9999.000,9999.000,9999.000
202606281854,   2.382,9999.000,9999.000,9999.000,9999.000,9999.000,9999.000,9999.000,9999.000
202606281900,   2.559,9999.000,   0.500,   0.224,   3.283,   0.400,   3.183,   0.500,   3.283
202606281906,   2.737,9999.000,9999.000,9999.000,9999.000,9999.000,9999.000,9999.000,9999.000
202606281912,   2.914,9999.000,9999.000,9999.000,9999.000,9999.000,9999.000,9999.000,9999.000
202606281918,   3.090,9999.000,9999.000,9999.000,9999.000,9999.000,9999.000,9999.000,9999.000
202606281924,   3.265,9999.000,9999.000,9999.000,9999.000,9999.000,9999.000,9999.000,9999.000
202606281930,   3.439,9999.000,9999.000,9999.000,9999.000,9999.000,9999.000,9999.000,9999.000
202606281936,   3.610,9999.000,9999.000,9999.000,9999.000,9999.000,9999.000,9999.000,9999.000
202606281942,   3.778,9999.000,9999.000,9999.000,9999.000,9999.000,9999.000,9999.000,9999.000
202606281948,   3.942,9999.000,9999.000,9999.000,9999.000,9999.000,9999.000,9999.000,9999.000
202606281954,   4.103,9999.000,9999.000,9999.000,9999.000,9999.000,9999.000,9999.000,9999.000
202606282000,   4.258,9999.000,   0.500,   0.224,   4.982,   0.400,   4.882,   0.500,   4.982
202606282006,   4.408,9999.000,9999.000,9999.000,9999.000,9999.000,9999.000,9999.000,9999.000
202606282012,   4.552,9999.000,9999.000,9999.000,9999.000,9999.000,9999.000,9999.000,9999.000
202606282018,   4.690,9999.000,9999.000,9999.000,9999.000,9999.000,9999.000,9999.000,9999.000
202606282024,   4.821,9999.000,9999.000,9999.000,9999.000,9999.000,9999.000,9999.000,9999.000
202606282030,   4.944,9999.000,9999.000,9999.000,9999.000,9999.000,9999.000,9999.000,9999.000
202606282036,   5.060,9999.000,9999.000,9999.000,9999.000,9999.000,9999.000,9999.000,9999.000
202606282042,   5.167,9999.000,9999.000,9999.000,9999.000,9999.000,9999.000,9999.000,9999.000
202606282048,   5.266,9999.000,9999.000,9999.000,9999.000,9999.000,9999.000,9999.000,9999.000
202606282054,   5.356,9999.000,9999.000,9999.000,9999.000,9999.000,9999.000,9999.000,9999.000
202606282100,   5.437,9999.000,   0.500,   0.224,   6.161,   0.400,   6.061,   0.500,   6.161
202606282106,   5.510,9999.000,9999.000,9999.000,9999.000,9999.000,9999.000,9999.000,9999.000
202606282112,   5.573,9999.000,9999.000,9999.000,9999.000,9999.000,9999.000,9999.000,9999.000
202606282118,   5.627,9999.000,9999.000,9999.000,9999.000,9999.000,9999.000,9999.000,9999.000
202606282124,   5.672,9999.000,9999.000,9999.000,9999.000,9999.000,9999.000,9999.000,9999.000
202606282130,   5.708,9999.000,9999.000,9999.000,9999.000,9999.000,9999.000,9999.000,9999.000
202606282136,   5.735,9999.000,9999.000,9999.000,9999.000,9999.000,9999.000,9999.000,9999.000
202606282142,   5.753,9999.000,9999.000,9999.000,9999.000,9999.000,9999.000,9999.000,9999.000
202606282148,   5.763,9999.000,9999.000,9999.000,9999.000,9999.000,9999.000,9999.000,9999.000
202606282154,   5.765,9999.000,9999.000,9999.000,9999.000,9999.000,9999.000,9999.000,9999.000
202606282200,   5.758,9999.000,   0.500,   0.224,   6.482,   0.500,   6.482,   0.600,   6.582
202606282206,   5.745,9999.000,9999.000,9999.000,9999.000,9999.000,9999.000,9999.000,9999.000
202606282212,   5.723,9999.000,9999.000,9999.000,9999.000,9999.000,9999.000,9999.000,9999.000
202606282218,   5.695,9999.000,9999.000,9999.000,9999.000,9999.000,9999.000,9999.000,9999.000
202606282224,   5.660,9999.000,9999.000,9999.000,9999.000,9999.000,9999.000,9999.000,9999.000
202606282230,   5.619,9999.000,9999.000,9999.000,9999.000,9999.000,9999.000,9999.000,9999.000
202606282236,   5.573,9999.000,9999.000,9999.000,9999.000,9999.000,9999.000,9999.000,9999.000
202606282242,   5.520,9999.000,9999.000,9999.000,9999.000,9999.000,9999.000,9999.000,9999.000
202606282248,   5.463,9999.000,9999.000,9999.000,9999.000,9999.000,9999.000,9999.000,9999.000
202606282254,   5.400,9999.000,9999.000,9999.000,9999.000,9999.000,9999.000,9999.000,9999.000
202606282300,   5.334,9999.000,   0.500,   0.224,   6.058,   0.400,   5.958,   0.600,   6.158
202606282306,   5.263,9999.000,9999.000,9999.000,9999.000,9999.000,9999.000,9999.000,9999.000
202606282312,   5.188,9999.000,9999.000,9999.000,9999.000,9999.000,9999.000,9999.000,9999.000
202606282318,   5.110,9999.000,9999.000,9999.000,9999.000,9999.000,9999.000,9999.000,9999.000
202606282324,   5.030,9999.000,9999.000,9999.000,9999.000,9999.000,9999.000,9999.000,9999.000
202606282330,   4.946,9999.000,9999.000,9999.000,9999.000,9999.000,9999.000,9999.000,9999.000
202606282336,   4.860,9999.000,9999.000,9999.000,9999.000,9999.000,9999.000,9999.000,9999.000
202606282342,   4.772,9999.000,9999.000,9999.000,9999.000,9999.000,9999.000,9999.000,9999.000
202606282348,   4.683,9999.000,9999.000,9999.000,9999.000,9999.000,9999.000,9999.000,9999.000
202606282354,   4.592,9999.000,9999.000,9999.000,9999.000,9999.000,9999.000,9999.000,9999.000
202606290000,   4.501,9999.000,   0.500,   0.224,   5.225,   0.400,   5.125,   0.600,   5.325
202606290006,   4.408,9999.000,9999.000,9999.000,9999.000,9999.000,9999.000,9999.000,9999.000
202606290012,   4.316,9999.000,9999.000,9999.000,9999.000,9999.000,9999.000,9999.000,9999.000
202606290018,   4.223,9999.000,9999.000,9999.000,9999.000,9999.000,9999.000,9999.000,9999.000
202606290024,   4.131,9999.000,9999.000,9999.000,9999.000,9999.000,9999.000,9999.000,9999.000
202606290030,   4.039,9999.000,9999.000,9999.000,9999.000,9999.000,9999.000,9999.000,9999.000
202606290036,   3.948,9999.000,9999.000,9999.000,9999.000,9999.000,9999.000,9999.000,9999.000
202606290042,   3.858,9999.000,9999.000,9999.000,9999.000,9999.000,9999.000,9999.000,9999.000
202606290048,   3.770,9999.000,9999.000,9999.000,9999.000,9999.000,9999.000,9999.000,9999.000
202606290054,   3.683,9999.000,9999.000,9999.000,9999.000,9999.000,9999.000,9999.000,9999.000
202606290100,   3.598,9999.000,   0.500,   0.224,   4.322,   0.400,   4.222,   0.600,   4.422
202606290106,   3.516,9999.000,9999.000,9999.000,9999.000,9999.000,9999.000,9999.000,9999.000
202606290112,   3.435,9999.000,9999.000,9999.000,9999.000,9999.000,9999.000,9999.000,9999.000
202606290118,   3.357,9999.000,9999.000,9999.000,9999.000,9999.000,9999.000,9999.000,9999.000
202606290124,   3.281,9999.000,9999.000,9999.000,9999.000,9999.000,9999.000,9999.000,9999.000
202606290130,   3.208,9999.000,9999.000,9999.000,9999.000,9999.000,9999.000,9999.000,9999.000
202606290136,   3.138,9999.000,9999.000,9999.000,9999.000,9999.000,9999.000,9999.000,9999.000
202606290142,   3.070,9999.000,9999.000,9999.000,9999.000,9999.000,9999.000,9999.000,9999.000
202606290148,   3.006,9999.000,9999.000,9999.000,9999.000,9999.000,9999.000,9999.000,9999.000
202606290154,   2.945,9999.000,9999.000,9999.000,9999.000,9999.000,9999.000,9999.000,9999.000
202606290200,   2.887,9999.000,   0.500,   0.224,   3.611,   0.500,   3.611,   0.600,   3.711
202606290206,   2.832,9999.000,9999.000,9999.000,9999.000,9999.000,9999.000,9999.000,9999.000
202606290212,   2.781,9999.000,9999.000,9999.000,9999.000,9999.000,9999.000,9999.000,9999.000
202606290218,   2.734,9999.000,9999.000,9999.000,9999.000,9999.000,9999.000,9999.000,9999.000
202606290224,   2.690,9999.000,9999.000,9999.000,9999.000,9999.000,9999.000,9999.000,9999.000
202606290230,   2.650,9999.000,9999.000,9999.000,9999.000,9999.000,9999.000,9999.000,9999.000
202606290236,   2.615,9999.000,9999.000,9999.000,9999.000,9999.000,9999.000,9999.000,9999.000
202606290242,   2.583,9999.000,9999.000,9999.000,9999.000,9999.000,9999.000,9999.000,9999.000
202606290248,   2.557,9999.000,9999.000,9999.000,9999.000,9999.000,9999.000,9999.000,9999.000
202606290254,   2.535,9999.000,9999.000,9999.000,9999.000,9999.000,9999.000,9999.000,9999.000
202606290300,   2.518,9999.000,   0.500,   0.224,   3.242,   0.400,   3.142,   0.600,   3.342
202606290306,   2.506,9999.000,9999.000,9999.000,9999.000,9999.000,9999.000,9999.000,9999.000
202606290312,   2.500,9999.000,9999.000,9999.000,9999.000,9999.000,9999.000,9999.000,9999.000
202606290318,   2.500,9999.000,9999.000,9999.000,9999.000,9999.000,9999.000,9999.000,9999.000
202606290324,   2.506,9999.000,9999.000,9999.000,9999.000,9999.000,9999.000,9999.000,9999.000
202606290330,   2.519,9999.000,9999.000,9999.000,9999.000,9999.000,9999.000,9999.000,9999.000
202606290336,   2.538,9999.000,9999.000,9999.000,9999.000,9999.000,9999.000,9999.000,9999.000
202606290342,   2.563,9999.000,9999.000,9999.000,9999.000,9999.000,9999.000,9999.000,9999.000
202606290348,   2.596,9999.000,9999.000,9999.000,9999.000,9999.000,9999.000,9999.000,9999.000
202606290354,   2.637,9999.000,9999.000,9999.000,9999.000,9999.000,9999.000,9999.000,9999.000
202606290400,   2.684,9999.000,   0.500,   0.224,   3.408,   0.400,   3.308,   0.600,   3.508
202606290406,   2.739,9999.000,9999.000,9999.000,9999.000,9999.000,9999.000,9999.000,9999.000
202606290412,   2.802,9999.000,9999.000,9999.000,9999.000,9999.000,9999.000,9999.000,9999.000
202606290418,   2.871,9999.000,9999.000,9999.000,9999.000,9999.000,9999.000,9999.000,9999.000
202606290424,   2.948,9999.000,9999.000,9999.000,9999.000,9999.000,9999.000,9999.000,9999.000
202606290430,   3.033,9999.000,9999.000,9999.000,9999.000,9999.000,9999.000,9999.000,9999.000
202606290436,   3.124,9999.000,9999.000,9999.000,9999.000,9999.000,9999.000,9999.000,9999.000
202606290442,   3.222,9999.000,9999.000,9999.000,9999.000,9999.000,9999.000,9999.000,9999.000
202606290448,   3.326,9999.000,9999.000,9999.000,9999.000,9999.000,9999.000,9999.000,9999.000
202606290454,   3.436,9999.000,9999.000,9999.000,9999.000,9999.000,9999.000,9999.000,9999.000
202606290500,   3.552,9999.000,   0.500,   0.224,   4.276,   0.400,   4.176,   0.600,   4.376
202606290506,   3.673,9999.000,9999.000,9999.000,9999.000,9999.000,9999.000,9999.000,9999.000
202606290512,   3.798,9999.000,9999.000,9999.000,9999.000,9999.000,9999.000,9999.000,9999.000
202606290518,   3.928,9999.000,9999.000,9999.000,9999.000,9999.000,9999.000,9999.000,9999.000
202606290524,   4.060,9999.000,9999.000,9999.000,9999.000,9999.000,9999.000,9999.000,9999.000
202606290530,   4.196,9999.000,9999.000,9999.000,9999.000,9999.000,9999.000,9999.000,9999.000
202606290536,   4.334,9999.000,9999.000,9999.000,9999.000,9999.000,9999.000,9999.000,9999.000
202606290542,   4.474,9999.000,9999.000,9999.000,9999.000,9999.000,9999.000,9999.000,9999.000
202606290548,   4.614,9999.000,9999.000,9999.000,9999.000,9999.000,9999.000,9999.000,9999.000
202606290554,   4.755,9999.000,9999.000,9999.000,9999.000,9999.000,9999.000,9999.000,9999.000
202606290600,   4.896,9999.000,   0.500,   0.224,   5.620,   0.400,   5.520,   0.600,   5.720
202606290606,   5.037,9999.000,9999.000,9999.000,9999.000,9999.000,9999.000,9999.000,9999.000
202606290612,   5.176,9999.000,9999.000,9999.000,9999.000,9999.000,9999.000,9999.000,9999.000
202606290618,   5.313,9999.000,9999.000,9999.000,9999.000,9999.000,9999.000,9999.000,9999.000
202606290624,   5.449,9999.000,9999.000,9999.000,9999.000,9999.000,9999.000,9999.000,9999.000
202606290630,   5.582,9999.000,9999.000,9999.000,9999.000,9999.000,9999.000,9999.000,9999.000
202606290636,   5.712,9999.000,9999.000,9999.000,9999.000,9999.000,9999.000,9999.000,9999.000
202606290642,   5.838,9999.000,9999.000,9999.000,9999.000,9999.000,9999.000,9999.000,9999.000
202606290648,   5.961,9999.000,9999.000,9999.000,9999.000,9999.000,9999.000,9999.000,9999.000
202606290654,   6.080,9999.000,9999.000,9999.000,9999.000,9999.000,9999.000,9999.000,9999.000
202606290700,   6.195,9999.000,   0.500,   0.224,   6.919,   0.400,   6.819,   0.500,   6.919
202606290706,   6.305,9999.000,9999.000,9999.000,9999.000,9999.000,9999.000,9999.000,9999.000
202606290712,   6.410,9999.000,9999.000,9999.000,9999.000,9999.000,9999.000,9999.000,9999.000
202606290718,   6.510,9999.000,9999.000,9999.000,9999.000,9999.000,9999.000,9999.000,9999.000
202606290724,   6.604,9999.000,9999.000,9999.000,9999.000,9999.000,9999.000,9999.000,9999.000
202606290730,   6.693,9999.000,9999.000,9999.000,9999.000,9999.000,9999.000,9999.000,9999.000
202606290736,   6.776,9999.000,9999.000,9999.000,9999.000,9999.000,9999.000,9999.000,9999.000
202606290742,   6.853,9999.000,9999.000,9999.000,9999.000,9999.000,9999.000,9999.000,9999.000
202606290748,   6.923,9999.000,9999.000,9999.000,9999.000,9999.000,9999.000,9999.000,9999.000
202606290754,   6.986,9999.000,9999.000,9999.000,9999.000,9999.000,9999.000,9999.000,9999.000
202606290800,   7.043,9999.000,   0.500,   0.224,   7.767,   0.400,   7.667,   0.500,   7.767
202606290806,   7.092,9999.000,9999.000,9999.000,9999.000,9999.000,9999.000,9999.000,9999.000
202606290812,   7.134,9999.000,9999.000,9999.000,9999.000,9999.000,9999.000,9999.000,9999.000
202606290818,   7.169,9999.000,9999.000,9999.000,9999.000,9999.000,9999.000,9999.000,9999.000
202606290824,   7.196,9999.000,9999.000,9999.000,9999.000,9999.000,9999.000,9999.000,9999.000
202606290830,   7.215,9999.000,9999.000,9999.000,9999.000,9999.000,9999.000,9999.000,9999.000
202606290836,   7.226,9999.000,9999.000,9999.000,9999.000,9999.000,9999.000,9999.000,9999.000
202606290842,   7.228,9999.000,9999.000,9999.000,9999.000,9999.000,9999.000,9999.000,9999.000
202606290848,   7.223,9999.000,9999.000,9999.000,9999.000,9999.000,9999.000,9999.000,9999.000
202606290854,   7.209,9999.000,9999.000,9999.000,9999.000,9999.000,9999.000,9999.000,9999.000
202606290900,   7.187,9999.000,   0.500,   0.224,   7.911,   0.400,   7.811,   0.500,   7.911
202606290906,   7.157,9999.000,9999.000,9999.000,9999.000,9999.000,9999.000,9999.000,9999.000
202606290912,   7.119,9999.000,9999.000,9999.000,9999.000,9999.000,9999.000,9999.000,9999.000
202606290918,   7.072,9999.000,9999.000,9999.000,9999.000,9999.000,9999.000,9999.000,9999.000
202606290924,   7.018,9999.000,9999.000,9999.000,9999.000,9999.000,9999.000,9999.000,9999.000
202606290930,   6.956,9999.000,9999.000,9999.000,9999.000,9999.000,9999.000,9999.000,9999.000
202606290936,   6.887,9999.000,9999.000,9999.000,9999.000,9999.000,9999.000,9999.000,9999.000
202606290942,   6.811,9999.000,9999.000,9999.000,9999.000,9999.000,9999.000,9999.000,9999.000
202606290948,   6.728,9999.000,9999.000,9999.000,9999.000,9999.000,9999.000,9999.000,9999.000
202606290954,   6.639,9999.000,9999.000,9999.000,9999.000,9999.000,9999.000,9999.000,9999.000
202606291000,   6.544,9999.000,   0.500,   0.224,   7.268,   0.400,   7.168,   0.500,   7.268
202606291006,   6.444,9999.000,9999.000,9999.000,9999.000,9999.000,9999.000,9999.000,9999.000
202606291012,   6.338,9999.000,9999.000,9999.000,9999.000,9999.000,9999.000,9999.000,9999.000
202606291018,   6.228,9999.000,9999.000,9999.000,9999.000,9999.000,9999.000,9999.000,9999.000
202606291024,   6.114,9999.000,9999.000,9999.000,9999.000,9999.000,9999.000,9999.000,9999.000
202606291030,   5.996,9999.000,9999.000,9999.000,9999.000,9999.000,9999.000,9999.000,9999.000
202606291036,   5.875,9999.000,9999.000,9999.000,9999.000,9999.000,9999.000,9999.000,9999.000
202606291042,   5.751,9999.000,9999.000,9999.000,9999.000,9999.000,9999.000,9999.000,9999.000
202606291048,   5.625,9999.000,9999.000,9999.000,9999.000,9999.000,9999.000,9999.000,9999.000
202606291054,   5.496,9999.000,9999.000,9999.000,9999.000,9999.000,9999.000,9999.000,9999.000
202606291100,   5.366,9999.000,   0.500,   0.224,   6.090,   0.400,   5.990,   0.500,   6.090
202606291106,   5.234,9999.000,9999.000,9999.000,9999.000,9999.000,9999.000,9999.000,9999.000
202606291112,   5.102,9999.000,9999.000,9999.000,9999.000,9999.000,9999.000,9999.000,9999.000
202606291118,   4.968,9999.000,9999.000,9999.000,9999.000,9999.000,9999.000,9999.000,9999.000
202606291124,   4.835,9999.000,9999.000,9999.000,9999.000,9999.000,9999.000,9999.000,9999.000
202606291130,   4.701,9999.000,9999.000,9999.000,9999.000,9999.000,9999.000,9999.000,9999.000
202606291136,   4.567,9999.000,9999.000,9999.000,9999.000,9999.000,9999.000,9999.000,9999.000
202606291142,   4.433,9999.000,9999.000,9999.000,9999.000,9999.000,9999.000,9999.000,9999.000
202606291148,   4.299,9999.000,9999.000,9999.000,9999.000,9999.000,9999.000,9999.000,9999.000
202606291154,   4.166,9999.000,9999.000,9999.000,9999.000,9999.000,9999.000,9999.000,9999.000
202606291200,   4.033,9999.000,   0.500,   0.224,   4.757,   0.400,   4.657,   0.500,   4.757
202606291206,   3.901,9999.000,9999.000,9999.000,9999.000,9999.000,9999.000,9999.000,9999.000
202606291212,   3.769,9999.000,9999.000,9999.000,9999.000,9999.000,9999.000,9999.000,9999.000
202606291218,   3.639,9999.000,9999.000,9999.000,9999.000,9999.000,9999.000,9999.000,9999.000
202606291224,   3.509,9999.000,9999.000,9999.000,9999.000,9999.000,9999.000,9999.000,9999.000
202606291230,   3.380,9999.000,9999.000,9999.000,9999.000,9999.000,9999.000,9999.000,9999.000
202606291236,   3.252,9999.000,9999.000,9999.000,9999.000,9999.000,9999.000,9999.000,9999.000
202606291242,   3.125,9999.000,9999.000,9999.000,9999.000,9999.000,9999.000,9999.000,9999.000
202606291248,   2.998,9999.000,9999.000,9999.000,9999.000,9999.000,9999.000,9999.000,9999.000
202606291254,   2.873,9999.000,9999.000,9999.000,9999.000,9999.000,9999.000,9999.000,9999.000
202606291300,   2.749,9999.000,   0.500,   0.224,   3.473,   0.400,   3.373,   0.500,   3.473
202606291306,   2.625,9999.000,9999.000,9999.000,9999.000,9999.000,9999.000,9999.000,9999.000
202606291312,   2.502,9999.000,9999.000,9999.000,9999.000,9999.000,9999.000,9999.000,9999.000
202606291318,   2.381,9999.000,9999.000,9999.000,9999.000,9999.000,9999.000,9999.000,9999.000
202606291324,   2.260,9999.000,9999.000,9999.000,9999.000,9999.000,9999.000,9999.000,9999.000
202606291330,   2.139,9999.000,9999.000,9999.000,9999.000,9999.000,9999.000,9999.000,9999.000
202606291336,   2.020,9999.000,9999.000,9999.000,9999.000,9999.000,9999.000,9999.000,9999.000
202606291342,   1.901,9999.000,9999.000,9999.000,9999.000,9999.000,9999.000,9999.000,9999.000
202606291348,   1.783,9999.000,9999.000,9999.000,9999.000,9999.000,9999.000,9999.000,9999.000
202606291354,   1.665,9999.000,9999.000,9999.000,9999.000,9999.000,9999.000,9999.000,9999.000
202606291400,   1.548,9999.000,   0.500,   0.224,   2.272,   0.400,   2.172,   0.500,   2.272
202606291406,   1.431,9999.000,9999.000,9999.000,9999.000,9999.000,9999.000,9999.000,9999.000
202606291412,   1.315,9999.000,9999.000,9999.000,9999.000,9999.000,9999.000,9999.000,9999.000
202606291418,   1.200,9999.000,9999.000,9999.000,9999.000,9999.000,9999.000,9999.000,9999.000
202606291424,   1.085,9999.000,9999.000,9999.000,9999.000,9999.000,9999.000,9999.000,9999.000
202606291430,   0.972,9999.000,9999.000,9999.000,9999.000,9999.000,9999.000,9999.000,9999.000
202606291436,   0.858,9999.000,9999.000,9999.000,9999.000,9999.000,9999.000,9999.000,9999.000
202606291442,   0.746,9999.000,9999.000,9999.000,9999.000,9999.000,9999.000,9999.000,9999.000
202606291448,   0.635,9999.000,9999.000,9999.000,9999.000,9999.000,9999.000,9999.000,9999.000
202606291454,   0.526,9999.000,9999.000,9999.000,9999.000,9999.000,9999.000,9999.000,9999.000
202606291500,   0.418,9999.000,   0.500,   0.224,   1.142,   0.400,   1.042,   0.500,   1.142
202606291506,   0.312,9999.000,9999.000,9999.000,9999.000,9999.000,9999.000,9999.000,9999.000
202606291512,   0.208,9999.000,9999.000,9999.000,9999.000,9999.000,9999.000,9999.000,9999.000
202606291518,   0.108,9999.000,9999.000,9999.000,9999.000,9999.000,9999.000,9999.000,9999.000
202606291524,   0.010,9999.000,9999.000,9999.000,9999.000,9999.000,9999.000,9999.000,9999.000
202606291530,  -0.083,9999.000,9999.000,9999.000,9999.000,9999.000,9999.000,9999.000,9999.000
202606291536,  -0.173,9999.000,9999.000,9999.000,9999.000,9999.000,9999.000,9999.000,9999.000
202606291542,  -0.258,9999.000,9999.000,9999.000,9999.000,9999.000,9999.000,9999.000,9999.000
202606291548,  -0.339,9999.000,9999.000,9999.000,9999.000,9999.000,9999.000,9999.000,9999.000
202606291554,  -0.413,9999.000,9999.000,9999.000,9999.000,9999.000,9999.000,9999.000,9999.000
202606291600,  -0.481,9999.000,   0.500,   0.224,   0.243,   0.400,   0.143,   0.500,   0.243
202606291606,  -0.543,9999.000,9999.000,9999.000,9999.000,9999.000,9999.000,9999.000,9999.000
202606291612,  -0.597,9999.000,9999.000,9999.000,9999.000,9999.000,9999.000,9999.000,9999.000
202606291618,  -0.643,9999.000,9999.000,9999.000,9999.000,9999.000,9999.000,9999.000,9999.000
202606291624,  -0.681,9999.000,9999.000,9999.000,9999.000,9999.000,9999.000,9999.000,9999.000
202606291630,  -0.711,9999.000,9999.000,9999.000,9999.000,9999.000,9999.000,9999.000,9999.000
202606291636,  -0.732,9999.000,9999.000,9999.000,9999.000,9999.000,9999.000,9999.000,9999.000
202606291642,  -0.743,9999.000,9999.000,9999.000,9999.000,9999.000,9999.000,9999.000,9999.000
202606291648,  -0.744,9999.000,9999.000,9999.000,9999.000,9999.000,9999.000,9999.000,9999.000
202606291654,  -0.736,9999.000,9999.000,9999.000,9999.000,9999.000,9999.000,9999.000,9999.000
202606291700,  -0.718,9999.000,   0.500,   0.224,   0.006,   0.400,  -0.094,   0.500,   0.006
202606291706,  -0.690,9999.000,9999.000,9999.000,9999.000,9999.000,9999.000,9999.000,9999.000
202606291712,  -0.652,9999.000,9999.000,9999.000,9999.000,9999.000,9999.000,9999.000,9999.000
202606291718,  -0.604,9999.000,9999.000,9999.000,9999.000,9999.000,9999.000,9999.000,9999.000
202606291724,  -0.546,9999.000,9999.000,9999.000,9999.000,9999.000,9999.000,9999.000,9999.000
202606291730,  -0.479,9999.000,9999.000,9999.000,9999.000,9999.000,9999.000,9999.000,9999.000
202606291736,  -0.403,9999.000,9999.000,9999.000,9999.000,9999.000,9999.000,9999.000,9999.000
202606291742,  -0.317,9999.000,9999.000,9999.000,9999.000,9999.000,9999.000,9999.000,9999.000
202606291748,  -0.222,9999.000,9999.000,9999.000,9999.000,9999.000,9999.000,9999.000,9999.000
202606291754,  -0.120,9999.000,9999.000,9999.000,9999.000,9999.000,9999.000,9999.000,9999.000
202606291800,  -0.009,9999.000,   0.500,   0.224,   0.715,   0.400,   0.615,   0.500,   0.715
