        TIME,    TIDE,      OB,   SURGE,    BIAS,     TWL,SURGE90p,  TWL90p,SURGE10p,   TWL10p
202605310600,   0.373,   1.580,   0.900,   0.307,   1.580,   0.700,   1.380,   1.000,   1.680
202605310606,   0.359,9999.000,9999.000,9999.000,9999.000,9999.000,9999.000,9999.000,9999.000
202605310612,   0.350,   1.557,9999.000,9999.000,9999.000,9999.000,9999.000,9999.000,9999.000
202605310618,   0.346,9999.000,9999.000,9999.000,9999.000,9999.000,9999.000,9999.000,9999.000
202605310624,   0.347,   1.528,9999.000,9999.000,9999.000,9999.000,9999.000,9999.000,9999.000
202605310630,   0.353,9999.000,9999.000,9999.000,9999.000,9999.000,9999.000,9999.000,9999.000
202605310636,   0.364,   1.498,9999.000,9999.000,9999.000,9999.000,9999.000,9999.000,9999.000
202605310642,   0.380,9999.000,9999.000,9999.000,9999.000,9999.000,9999.000,9999.000,9999.000
202605310648,   0.401,   1.459,9999.000,9999.000,9999.000,9999.000,9999.000,9999.000,9999.000
202605310654,   0.426,9999.000,9999.000,9999.000,9999.000,9999.000,9999.000,9999.000,9999.000
202605310700,   0.456,9999.000,   0.900,9999.000,   1.356,   0.800,   1.256,   1.100,   1.556
202605310706,   0.491,   1.580,9999.000,9999.000,9999.000,9999.000,9999.000,9999.000,9999.000
202605310712,   0.529,   1.639,9999.000,9999.000,9999.000,9999.000,9999.000,9999.000,9999.000
202605310718,   0.572,   1.718,9999.000,9999.000,9999.000,9999.000,9999.000,9999.000,9999.000
202605310724,   0.619,   1.767,9999.000,9999.000,9999.000,9999.000,9999.000,9999.000,9999.000
202605310730,   0.669,   1.738,9999.000,9999.000,9999.000,9999.000,9999.000,9999.000,9999.000
202605310736,   0.723,   1.918,9999.000,9999.000,9999.000,9999.000,9999.000,9999.000,9999.000
202605310742,   0.779,   1.918,9999.000,9999.000,9999.000,9999.000,9999.000,9999.000,9999.000
202605310748,   0.839,   1.990,9999.000,9999.000,9999.000,9999.000,9999.000,9999.000,9999.000
202605310754,   0.902,   2.099,9999.000,9999.000,9999.000,9999.000,9999.000,9999.000,9999.000
202605310800,   0.967,   2.177,   1.000,   0.210,   2.177,   0.800,   1.977,   1.200,   2.377
202605310806,   1.035,   2.318,9999.000,9999.000,9999.000,9999.000,9999.000,9999.000,9999.000
202605310812,   1.105,   2.250,9999.000,9999.000,9999.000,9999.000,9999.000,9999.000,9999.000
202605310818,   1.176,   2.328,9999.000,9999.000,9999.000,9999.000,9999.000,9999.000,9999.000
202605310824,   1.250,   2.410,9999.000,9999.000,9999.000,9999.000,9999.000,9999.000,9999.000
202605310830,   1.324,   2.519,9999.000,9999.000,9999.000,9999.000,9999.000,9999.000,9999.000
202605310836,   1.400,   2.597,9999.000,9999.000,9999.000,9999.000,9999.000,9999.000,9999.000
202605310842,   1.477,   2.689,9999.000,9999.000,9999.000,9999.000,9999.000,9999.000,9999.000
202605310848,   1.554,   2.748,9999.000,9999.000,9999.000,9999.000,9999.000,9999.000,9999.000
202605310854,   1.633,   2.738,9999.000,9999.000,9999.000,9999.000,9999.000,9999.000,9999.000
202605310900,   1.711,   2.850,   1.000,   0.139,   2.850,   0.900,   2.750,   1.200,   3.050
202605310906,   1.790,   2.879,9999.000,9999.000,9999.000,9999.000,9999.000,9999.000,9999.000
202605310912,   1.868,   2.978,9999.000,9999.000,9999.000,9999.000,9999.000,9999.000,9999.000
202605310918,   1.947,   3.040,9999.000,9999.000,9999.000,9999.000,9999.000,9999.000,9999.000
202605310924,   2.025,   3.099,9999.000,9999.000,9999.000,9999.000,9999.000,9999.000,9999.000
202605310930,   2.102,   3.188,9999.000,9999.000,9999.000,9999.000,9999.000,9999.000,9999.000
202605310936,   2.178,   3.197,9999.000,9999.000,9999.000,9999.000,9999.000,9999.000,9999.000
202605310942,   2.254,   3.289,9999.000,9999.000,9999.000,9999.000,9999.000,9999.000,9999.000
202605310948,   2.328,   3.289,9999.000,9999.000,9999.000,9999.000,9999.000,9999.000,9999.000
202605310954,   2.401,   3.378,9999.000,9999.000,9999.000,9999.000,9999.000,9999.000,9999.000
202605311000,   2.472,   3.499,   1.000,   0.027,   3.499,   0.900,   3.399,   1.200,   3.699
202605311006,   2.542,   3.529,9999.000,9999.000,9999.000,9999.000,9999.000,9999.000,9999.000
202605311012,   2.609,   3.578,9999.000,9999.000,9999.000,9999.000,9999.000,9999.000,9999.000
202605311018,   2.675,   3.670,9999.000,9999.000,9999.000,9999.000,9999.000,9999.000,9999.000
202605311024,   2.738,   3.778,9999.000,9999.000,9999.000,9999.000,9999.000,9999.000,9999.000
202605311030,   2.799,   3.870,9999.000,9999.000,9999.000,9999.000,9999.000,9999.000,9999.000
202605311036,   2.857,   3.939,9999.000,9999.000,9999.000,9999.000,9999.000,9999.000,9999.000
202605311042,   2.912,   3.958,9999.000,9999.000,9999.000,9999.000,9999.000,9999.000,9999.000
202605311048,   2.964,   4.008,9999.000,9999.000,9999.000,9999.000,9999.000,9999.000,9999.000
202605311054,   3.012,   4.090,9999.000,9999.000,9999.000,9999.000,9999.000,9999.000,9999.000
202605311100,   3.058,   4.080,   1.000,   0.022,   4.080,   0.900,   3.980,   1.200,   4.280
202605311106,   3.100,   4.129,9999.000,9999.000,9999.000,9999.000,9999.000,9999.000,9999.000
202605311112,   3.138,   4.149,9999.000,9999.000,9999.000,9999.000,9999.000,9999.000,9999.000
202605311118,   3.172,   4.188,9999.000,9999.000,9999.000,9999.000,9999.000,9999.000,9999.000
202605311124,   3.202,   4.247,9999.000,9999.000,9999.000,9999.000,9999.000,9999.000,9999.000
202605311130,   3.228,   4.247,9999.000,9999.000,9999.000,9999.000,9999.000,9999.000,9999.000
202605311136,   3.250,   4.247,9999.000,9999.000,9999.000,9999.000,9999.000,9999.000,9999.000
202605311142,   3.267,   4.290,9999.000,9999.000,9999.000,9999.000,9999.000,9999.000,9999.000
202605311148,   3.280,   4.267,9999.000,9999.000,9999.000,9999.000,9999.000,9999.000,9999.000
202605311154,   3.289,   4.257,9999.000,9999.000,9999.000,9999.000,9999.000,9999.000,9999.000
202605311200,   3.293,   4.388,   0.900,   0.195,   4.388,   0.800,   4.288,   1.000,   4.488
202605311206,   3.292,   4.408,9999.000,9999.000,9999.000,9999.000,9999.000,9999.000,9999.000
202605311212,   3.287,   4.427,9999.000,9999.000,9999.000,9999.000,9999.000,9999.000,9999.000
202605311218,   3.278,   4.408,9999.000,9999.000,9999.000,9999.000,9999.000,9999.000,9999.000
202605311224,   3.264,   4.418,9999.000,9999.000,9999.000,9999.000,9999.000,9999.000,9999.000
202605311230,   3.245,   4.447,9999.000,9999.000,9999.000,9999.000,9999.000,9999.000,9999.000
202605311236,   3.222,   4.480,9999.000,9999.000,9999.000,9999.000,9999.000,9999.000,9999.000
202605311242,   3.195,   4.457,9999.000,9999.000,9999.000,9999.000,9999.000,9999.000,9999.000
202605311248,   3.164,   4.388,9999.000,9999.000,9999.000,9999.000,9999.000,9999.000,9999.000
202605311254,   3.129,   4.349,9999.000,9999.000,9999.000,9999.000,9999.000,9999.000,9999.000
202605311300,   3.089,   4.290,   0.900,   0.301,   4.290,   0.800,   4.190,   1.000,   4.390
202605311306,   3.047,   4.290,9999.000,9999.000,9999.000,9999.000,9999.000,9999.000,9999.000
202605311312,   3.000,   4.290,9999.000,9999.000,9999.000,9999.000,9999.000,9999.000,9999.000
202605311318,   2.951,   4.227,9999.000,9999.000,9999.000,9999.000,9999.000,9999.000,9999.000
202605311324,   2.898,   4.178,9999.000,9999.000,9999.000,9999.000,9999.000,9999.000,9999.000
202605311330,   2.842,   4.090,9999.000,9999.000,9999.000,9999.000,9999.000,9999.000,9999.000
202605311336,   2.784,   4.017,9999.000,9999.000,9999.000,9999.000,9999.000,9999.000,9999.000
202605311342,   2.723,   3.978,9999.000,9999.000,9999.000,9999.000,9999.000,9999.000,9999.000
202605311348,   2.660,   3.880,9999.000,9999.000,9999.000,9999.000,9999.000,9999.000,9999.000
202605311354,   2.595,   3.847,9999.000,9999.000,9999.000,9999.000,9999.000,9999.000,9999.000
202605311400,   2.528,   3.758,   0.900,   0.330,   3.758,   0.800,   3.658,   1.000,   3.858
202605311406,   2.459,   3.749,9999.000,9999.000,9999.000,9999.000,9999.000,9999.000,9999.000
202605311412,   2.389,   3.617,9999.000,9999.000,9999.000,9999.000,9999.000,9999.000,9999.000
202605311418,   2.318,   3.539,9999.000,9999.000,9999.000,9999.000,9999.000,9999.000,9999.000
202605311424,   2.246,   3.460,9999.000,9999.000,9999.000,9999.000,9999.000,9999.000,9999.000
202605311430,   2.173,   3.348,9999.000,9999.000,9999.000,9999.000,9999.000,9999.000,9999.000
202605311436,   2.100,   3.319,9999.000,9999.000,9999.000,9999.000,9999.000,9999.000,9999.000
202605311442,   2.026,   3.178,9999.000,9999.000,9999.000,9999.000,9999.000,9999.000,9999.000
202605311448,   1.952,   3.129,9999.000,9999.000,9999.000,9999.000,9999.000,9999.000,9999.000
202605311454,   1.877,   3.017,9999.000,9999.000,9999.000,9999.000,9999.000,9999.000,9999.000
202605311500,   1.803,   2.929,   0.900,   0.226,   2.929,   0.800,   2.829,   0.900,   2.929
202605311506,   1.729,   2.807,9999.000,9999.000,9999.000,9999.000,9999.000,9999.000,9999.000
202605311512,   1.655,   2.719,9999.000,9999.000,9999.000,9999.000,9999.000,9999.000,9999.000
202605311518,   1.582,   2.650,9999.000,9999.000,9999.000,9999.000,9999.000,9999.000,9999.000
202605311524,   1.509,   2.519,9999.000,9999.000,9999.000,9999.000,9999.000,9999.000,9999.000
202605311530,   1.437,   2.469,9999.000,9999.000,9999.000,9999.000,9999.000,9999.000,9999.000
202605311536,   1.365,   2.348,9999.000,9999.000,9999.000,9999.000,9999.000,9999.000,9999.000
202605311542,   1.295,   2.259,9999.000,9999.000,9999.000,9999.000,9999.000,9999.000,9999.000
202605311548,   1.226,   2.148,9999.000,9999.000,9999.000,9999.000,9999.000,9999.000,9999.000
202605311554,   1.158,   2.069,9999.000,9999.000,9999.000,9999.000,9999.000,9999.000,9999.000
202605311600,   1.091,   1.967,   0.900,  -0.024,   1.967,   0.800,   1.867,   0.900,   1.967
202605311606,   1.025,   1.908,9999.000,9999.000,9999.000,9999.000,9999.000,9999.000,9999.000
202605311612,   0.962,   1.889,9999.000,9999.000,9999.000,9999.000,9999.000,9999.000,9999.000
202605311618,   0.900,   1.758,9999.000,9999.000,9999.000,9999.000,9999.000,9999.000,9999.000
202605311624,   0.839,   1.679,9999.000,9999.000,9999.000,9999.000,9999.000,9999.000,9999.000
202605311630,   0.781,   1.600,9999.000,9999.000,9999.000,9999.000,9999.000,9999.000,9999.000
202605311636,   0.725,   1.557,9999.000,9999.000,9999.000,9999.000,9999.000,9999.000,9999.000
202605311642,   0.671,   1.548,9999.000,9999.000,9999.000,9999.000,9999.000,9999.000,9999.000
202605311648,   0.620,   1.538,9999.000,9999.000,9999.000,9999.000,9999.000,9999.000,9999.000
202605311654,   0.571,   1.498,9999.000,9999.000,9999.000,9999.000,9999.000,9999.000,9999.000
202605311700,   0.526,   1.498,   0.900,   0.072,   1.498,   0.800,   1.398,   0.900,   1.498
202605311706,   0.483,   1.439,9999.000,9999.000,9999.000,9999.000,9999.000,9999.000,9999.000
202605311712,   0.444,   1.380,9999.000,9999.000,9999.000,9999.000,9999.000,9999.000,9999.000
202605311718,   0.407,   1.318,9999.000,9999.000,9999.000,9999.000,9999.000,9999.000,9999.000
202605311724,   0.375,   1.318,9999.000,9999.000,9999.000,9999.000,9999.000,9999.000,9999.000
202605311730,   0.346,   1.308,9999.000,9999.000,9999.000,9999.000,9999.000,9999.000,9999.000
202605311736,   0.321,   1.338,9999.000,9999.000,9999.000,9999.000,9999.000,9999.000,9999.000
202605311742,   0.301,   1.259,9999.000,9999.000,9999.000,9999.000,9999.000,9999.000,9999.000
202605311748,   0.284,   1.210,9999.000,9999.000,9999.000,9999.000,9999.000,9999.000,9999.000
202605311754,   0.272,   1.138,9999.000,9999.000,9999.000,9999.000,9999.000,9999.000,9999.000
202605311800,   0.265,   1.210,   0.900,   0.045,   1.210,   0.900,   1.210,   1.000,   1.310
202605311806,   0.262,   1.170,9999.000,9999.000,9999.000,9999.000,9999.000,9999.000,9999.000
202605311812,   0.264,   1.180,9999.000,9999.000,9999.000,9999.000,9999.000,9999.000,9999.000
202605311818,   0.271,   1.210,9999.000,9999.000,9999.000,9999.000,9999.000,9999.000,9999.000
202605311824,   0.283,   1.229,9999.000,9999.000,9999.000,9999.000,9999.000,9999.000,9999.000
202605311830,   0.300,   1.200,9999.000,9999.000,9999.000,9999.000,9999.000,9999.000,9999.000
202605311836,   0.322,   1.249,9999.000,9999.000,9999.000,9999.000,9999.000,9999.000,9999.000
202605311842,   0.349,   1.328,9999.000,9999.000,9999.000,9999.000,9999.000,9999.000,9999.000
202605311848,   0.381,   1.338,9999.000,9999.000,9999.000,9999.000,9999.000,9999.000,9999.000
202605311854,   0.418,   1.410,9999.000,9999.000,9999.000,9999.000,9999.000,9999.000,9999.000
202605311900,   0.460,   1.430,   0.900,   0.070,   1.430,   0.800,   1.330,   1.000,   1.530
202605311906,   0.507,   1.469,9999.000,9999.000,9999.000,9999.000,9999.000,9999.000,9999.000
202605311912,   0.559,   1.571,9999.000,9999.000,9999.000,9999.000,9999.000,9999.000,9999.000
202605311918,   0.615,   1.630,9999.000,9999.000,9999.000,9999.000,9999.000,9999.000,9999.000
202605311924,   0.676,   1.728,9999.000,9999.000,9999.000,9999.000,9999.000,9999.000,9999.000
202605311930,   0.741,   1.800,9999.000,9999.000,9999.000,9999.000,9999.000,9999.000,9999.000
202605311936,   0.810,   1.810,9999.000,9999.000,9999.000,9999.000,9999.000,9999.000,9999.000
202605311942,   0.883,   1.918,9999.000,9999.000,9999.000,9999.000,9999.000,9999.000,9999.000
202605311948,   0.960,   2.010,9999.000,9999.000,9999.000,9999.000,9999.000,9999.000,9999.000
202605311954,   1.041,   2.148,9999.000,9999.000,9999.000,9999.000,9999.000,9999.000,9999.000
202605312000,   1.125,   2.191,   0.900,   0.166,   2.191,   0.800,   2.091,   1.000,   2.291
202605312006,   1.212,   2.279,9999.000,9999.000,9999.000,9999.000,9999.000,9999.000,9999.000
202605312012,   1.301,   2.368,9999.000,9999.000,9999.000,9999.000,9999.000,9999.000,9999.000
202605312018,   1.394,   2.440,9999.000,9999.000,9999.000,9999.000,9999.000,9999.000,9999.000
202605312024,   1.488,   2.509,9999.000,9999.000,9999.000,9999.000,9999.000,9999.000,9999.000
202605312030,   1.585,   2.538,9999.000,9999.000,9999.000,9999.000,9999.000,9999.000,9999.000
202605312036,   1.684,   2.640,9999.000,9999.000,9999.000,9999.000,9999.000,9999.000,9999.000
202605312042,   1.784,   2.719,9999.000,9999.000,9999.000,9999.000,9999.000,9999.000,9999.000
202605312048,   1.885,   2.860,9999.000,9999.000,9999.000,9999.000,9999.000,9999.000,9999.000
202605312054,   1.988,   2.968,9999.000,9999.000,9999.000,9999.000,9999.000,9999.000,9999.000
202605312100,   2.091,   3.099,   0.900,   0.108,   3.099,   0.800,   2.999,   1.000,   3.199
202605312106,   2.195,   3.230,9999.000,9999.000,9999.000,9999.000,9999.000,9999.000,9999.000
202605312112,   2.299,   3.289,9999.000,9999.000,9999.000,9999.000,9999.000,9999.000,9999.000
202605312118,   2.404,   3.417,9999.000,9999.000,9999.000,9999.000,9999.000,9999.000,9999.000
202605312124,   2.508,   3.558,9999.000,9999.000,9999.000,9999.000,9999.000,9999.000,9999.000
202605312130,   2.612,   3.699,9999.000,9999.000,9999.000,9999.000,9999.000,9999.000,9999.000
202605312136,   2.715,   3.758,9999.000,9999.000,9999.000,9999.000,9999.000,9999.000,9999.000
202605312142,   2.818,   3.860,9999.000,9999.000,9999.000,9999.000,9999.000,9999.000,9999.000
202605312148,   2.919,   3.919,9999.000,9999.000,9999.000,9999.000,9999.000,9999.000,9999.000
202605312154,   3.020,   3.998,9999.000,9999.000,9999.000,9999.000,9999.000,9999.000,9999.000
202605312200,   3.118,   4.129,   0.900,   0.111,   4.129,   0.800,   4.029,   1.000,   4.229
202605312206,   3.216,   4.188,9999.000,9999.000,9999.000,9999.000,9999.000,9999.000,9999.000
202605312212,   3.311,   4.280,9999.000,9999.000,9999.000,9999.000,9999.000,9999.000,9999.000
202605312218,   3.404,   4.349,9999.000,9999.000,9999.000,9999.000,9999.000,9999.000,9999.000
202605312224,   3.495,   4.408,9999.000,9999.000,9999.000,9999.000,9999.000,9999.000,9999.000
202605312230,   3.584,   4.467,9999.000,9999.000,9999.000,9999.000,9999.000,9999.000,9999.000
202605312236,   3.670,   4.569,9999.000,9999.000,9999.000,9999.000,9999.000,9999.000,9999.000
202605312242,   3.753,   4.608,9999.000,9999.000,9999.000,9999.000,9999.000,9999.000,9999.000
202605312248,   3.833,   4.657,9999.000,9999.000,9999.000,9999.000,9999.000,9999.000,9999.000
202605312254,   3.910,   4.778,9999.000,9999.000,9999.000,9999.000,9999.000,9999.000,9999.000
202605312300,   3.983,   4.828,   0.900,  -0.055,   4.828,   0.800,   4.728,   1.000,   4.928
202605312306,   4.053,   4.910,9999.000,9999.000,9999.000,9999.000,9999.000,9999.000,9999.000
202605312312,   4.119,   4.998,9999.000,9999.000,9999.000,9999.000,9999.000,9999.000,9999.000
202605312318,   4.180,   5.087,9999.000,9999.000,9999.000,9999.000,9999.000,9999.000,9999.000
202605312324,   4.238,   5.139,9999.000,9999.000,9999.000,9999.000,9999.000,9999.000,9999.000
202605312330,   4.291,   5.149,9999.000,9999.000,9999.000,9999.000,9999.000,9999.000,9999.000
202605312336,   4.339,   5.247,9999.000,9999.000,9999.000,9999.000,9999.000,9999.000,9999.000
202605312342,   4.383,   5.247,9999.000,9999.000,9999.000,9999.000,9999.000,9999.000,9999.000
202605312348,   4.422,   5.287,9999.000,9999.000,9999.000,9999.000,9999.000,9999.000,9999.000
202605312354,   4.456,   5.359,9999.000,9999.000,9999.000,9999.000,9999.000,9999.000,9999.000
202606010000,   4.484,   5.389,   0.900,   0.005,   5.389,   0.800,   5.289,   0.900,   5.389
202606010006,   4.508,   5.418,9999.000,9999.000,9999.000,9999.000,9999.000,9999.000,9999.000
202606010012,   4.526,   5.428,9999.000,9999.000,9999.000,9999.000,9999.000,9999.000,9999.000
202606010018,   4.539,   5.477,9999.000,9999.000,9999.000,9999.000,9999.000,9999.000,9999.000
202606010024,   4.546,   5.487,9999.000,9999.000,9999.000,9999.000,9999.000,9999.000,9999.000
202606010030,   4.548,   5.448,9999.000,9999.000,9999.000,9999.000,9999.000,9999.000,9999.000
202606010036,   4.544,   5.448,9999.000,9999.000,9999.000,9999.000,9999.000,9999.000,9999.000
202606010042,   4.535,   5.398,9999.000,9999.000,9999.000,9999.000,9999.000,9999.000,9999.000
202606010048,   4.520,   5.428,9999.000,9999.000,9999.000,9999.000,9999.000,9999.000,9999.000
202606010054,   4.500,   5.428,9999.000,9999.000,9999.000,9999.000,9999.000,9999.000,9999.000
202606010100,   4.475,   5.428,   0.800,   0.153,   5.428,   0.800,   5.428,   0.900,   5.528
202606010106,   4.444,   5.359,9999.000,9999.000,9999.000,9999.000,9999.000,9999.000,9999.000
202606010112,   4.408,   5.267,9999.000,9999.000,9999.000,9999.000,9999.000,9999.000,9999.000
202606010118,   4.368,   5.257,9999.000,9999.000,9999.000,9999.000,9999.000,9999.000,9999.000
202606010124,   4.322,   5.257,9999.000,9999.000,9999.000,9999.000,9999.000,9999.000,9999.000
202606010130,   4.272,   5.198,9999.000,9999.000,9999.000,9999.000,9999.000,9999.000,9999.000
202606010136,   4.217,   5.120,9999.000,9999.000,9999.000,9999.000,9999.000,9999.000,9999.000
202606010142,   4.158,   5.120,9999.000,9999.000,9999.000,9999.000,9999.000,9999.000,9999.000
202606010148,   4.095,   4.998,9999.000,9999.000,9999.000,9999.000,9999.000,9999.000,9999.000
202606010154,   4.028,   4.900,9999.000,9999.000,9999.000,9999.000,9999.000,9999.000,9999.000
202606010200,   3.958,   4.887,   0.800,   0.129,   4.887,   0.800,   4.887,   0.800,   4.887
202606010206,   3.884,   4.759,9999.000,9999.000,9999.000,9999.000,9999.000,9999.000,9999.000
202606010212,   3.807,   4.778,9999.000,9999.000,9999.000,9999.000,9999.000,9999.000,9999.000
202606010218,   3.727,   4.628,9999.000,9999.000,9999.000,9999.000,9999.000,9999.000,9999.000
202606010224,   3.644,   4.509,9999.000,9999.000,9999.000,9999.000,9999.000,9999.000,9999.000
202606010230,   3.559,   4.427,9999.000,9999.000,9999.000,9999.000,9999.000,9999.000,9999.000
202606010236,   3.472,   4.309,9999.000,9999.000,9999.000,9999.000,9999.000,9999.000,9999.000
202606010242,   3.383,   4.309,9999.000,9999.000,9999.000,9999.000,9999.000,9999.000,9999.000
202606010248,   3.292,   4.139,9999.000,9999.000,9999.000,9999.000,9999.000,9999.000,9999.000
202606010254,   3.199,   4.080,9999.000,9999.000,9999.000,9999.000,9999.000,9999.000,9999.000
202606010300,   3.105,   3.998,   0.800,   0.093,   3.998,   0.800,   3.998,   0.900,   4.098
202606010306,   3.010,   3.880,9999.000,9999.000,9999.000,9999.000,9999.000,9999.000,9999.000
202606010312,   2.914,   3.749,9999.000,9999.000,9999.000,9999.000,9999.000,9999.000,9999.000
202606010318,   2.818,   3.680,9999.000,9999.000,9999.000,9999.000,9999.000,9999.000,9999.000
202606010324,   2.721,   3.627,9999.000,9999.000,9999.000,9999.000,9999.000,9999.000,9999.000
202606010330,   2.623,   3.499,9999.000,9999.000,9999.000,9999.000,9999.000,9999.000,9999.000
202606010336,   2.525,   3.427,9999.000,9999.000,9999.000,9999.000,9999.000,9999.000,9999.000
202606010342,   2.428,   3.348,9999.000,9999.000,9999.000,9999.000,9999.000,9999.000,9999.000
202606010348,   2.330,   3.260,9999.000,9999.000,9999.000,9999.000,9999.000,9999.000,9999.000
202606010354,   2.233,   3.148,9999.000,9999.000,9999.000,9999.000,9999.000,9999.000,9999.000
202606010400,   2.137,   3.079,   0.800,   0.142,   3.079,   0.800,   3.079,   0.800,   3.079
202606010406,   2.041,   3.030,9999.000,9999.000,9999.000,9999.000,9999.000,9999.000,9999.000
202606010412,   1.946,   2.879,9999.000,9999.000,9999.000,9999.000,9999.000,9999.000,9999.000
202606010418,   1.852,   2.860,9999.000,9999.000,9999.000,9999.000,9999.000,9999.000,9999.000
202606010424,   1.759,   2.748,9999.000,9999.000,9999.000,9999.000,9999.000,9999.000,9999.000
202606010430,   1.668,   2.640,9999.000,9999.000,9999.000,9999.000,9999.000,9999.000,9999.000
202606010436,   1.578,   2.509,9999.000,9999.000,9999.000,9999.000,9999.000,9999.000,9999.000
202606010442,   1.489,   2.450,9999.000,9999.000,9999.000,9999.000,9999.000,9999.000,9999.000
202606010448,   1.403,   2.377,9999.000,9999.000,9999.000,9999.000,9999.000,9999.000,9999.000
202606010454,   1.318,   2.289,9999.000,9999.000,9999.000,9999.000,9999.000,9999.000,9999.000
202606010500,   1.236,   2.240,   0.800,   0.204,   2.240,   0.800,   2.240,   0.900,   2.340
202606010506,   1.156,   2.148,9999.000,9999.000,9999.000,9999.000,9999.000,9999.000,9999.000
202606010512,   1.079,   2.148,9999.000,9999.000,9999.000,9999.000,9999.000,9999.000,9999.000
202606010518,   1.005,   2.020,9999.000,9999.000,9999.000,9999.000,9999.000,9999.000,9999.000
202606010524,   0.933,   1.918,9999.000,9999.000,9999.000,9999.000,9999.000,9999.000,9999.000
202606010530,   0.865,   1.820,9999.000,9999.000,9999.000,9999.000,9999.000,9999.000,9999.000
202606010536,   0.801,   1.830,9999.000,9999.000,9999.000,9999.000,9999.000,9999.000,9999.000
202606010542,   0.740,   1.767,9999.000,9999.000,9999.000,9999.000,9999.000,9999.000,9999.000
202606010548,   0.682,   1.689,9999.000,9999.000,9999.000,9999.000,9999.000,9999.000,9999.000
202606010554,   0.629,   1.610,9999.000,9999.000,9999.000,9999.000,9999.000,9999.000,9999.000
202606010600,   0.580,   1.557,   0.800,   0.177,   1.557,   0.800,   1.557,   0.900,   1.657
202606010606,   0.535,   1.508,9999.000,9999.000,9999.000,9999.000,9999.000,9999.000,9999.000
202606010612,   0.495,   1.469,9999.000,9999.000,9999.000,9999.000,9999.000,9999.000,9999.000
202606010618,   0.459,   1.420,9999.000,9999.000,9999.000,9999.000,9999.000,9999.000,9999.000
202606010624,   0.429,   1.400,9999.000,9999.000,9999.000,9999.000,9999.000,9999.000,9999.000
202606010630,   0.403,   1.328,9999.000,9999.000,9999.000,9999.000,9999.000,9999.000,9999.000
202606010636,   0.382,   1.298,9999.000,9999.000,9999.000,9999.000,9999.000,9999.000,9999.000
202606010642,   0.366,   1.380,9999.000,9999.000,9999.000,9999.000,9999.000,9999.000,9999.000
202606010648,   0.355,   1.449,9999.000,9999.000,9999.000,9999.000,9999.000,9999.000,9999.000
202606010654,   0.350,   1.449,9999.000,9999.000,9999.000,9999.000,9999.000,9999.000,9999.000
202606010700,   0.349,   1.380,   0.800,   0.231,   1.380,   0.800,   1.380,   0.900,   1.480
202606010706,   0.354,   1.380,9999.000,9999.000,9999.000,9999.000,9999.000,9999.000,9999.000
202606010712,   0.364,   1.371,9999.000,9999.000,9999.000,9999.000,9999.000,9999.000,9999.000
202606010718,   0.379,   1.410,9999.000,9999.000,9999.000,9999.000,9999.000,9999.000,9999.000
202606010724,   0.399,   1.361,9999.000,9999.000,9999.000,9999.000,9999.000,9999.000,9999.000
202606010730,   0.424,   1.420,9999.000,9999.000,9999.000,9999.000,9999.000,9999.000,9999.000
202606010736,   0.453,   1.449,9999.000,9999.000,9999.000,9999.000,9999.000,9999.000,9999.000
202606010742,   0.487,   1.469,9999.000,9999.000,9999.000,9999.000,9999.000,9999.000,9999.000
202606010748,   0.525,   1.430,9999.000,9999.000,9999.000,9999.000,9999.000,9999.000,9999.000
202606010754,   0.568,   1.508,9999.000,9999.000,9999.000,9999.000,9999.000,9999.000,9999.000
202606010800,   0.615,   1.571,   0.800,   0.156,   1.571,   0.800,   1.571,   0.800,   1.571
202606010806,   0.665,   1.630,9999.000,9999.000,9999.000,9999.000,9999.000,9999.000,9999.000
202606010812,   0.719,   1.669,9999.000,9999.000,9999.000,9999.000,9999.000,9999.000,9999.000
202606010818,   0.776,   1.758,9999.000,9999.000,9999.000,9999.000,9999.000,9999.000,9999.000
202606010824,   0.837,   1.781,9999.000,9999.000,9999.000,9999.000,9999.000,9999.000,9999.000
202606010830,   0.900,   1.820,9999.000,9999.000,9999.000,9999.000,9999.000,9999.000,9999.000
202606010836,   0.965,   1.869,9999.000,9999.000,9999.000,9999.000,9999.000,9999.000,9999.000
202606010842,   1.033,   2.010,9999.000,9999.000,9999.000,9999.000,9999.000,9999.000,9999.000
202606010848,   1.103,   1.990,9999.000,9999.000,9999.000,9999.000,9999.000,9999.000,9999.000
202606010854,   1.175,   2.148,9999.000,9999.000,9999.000,9999.000,9999.000,9999.000,9999.000
202606010900,   1.248,   2.230,   0.800,   0.182,   2.230,   0.800,   2.230,   0.900,   2.330
202606010906,   1.322,   2.338,9999.000,9999.000,9999.000,9999.000,9999.000,9999.000,9999.000
202606010912,   1.397,   2.420,9999.000,9999.000,9999.000,9999.000,9999.000,9999.000,9999.000
202606010918,   1.473,   2.538,9999.000,9999.000,9999.000,9999.000,9999.000,9999.000,9999.000
202606010924,   1.550,   2.519,9999.000,9999.000,9999.000,9999.000,9999.000,9999.000,9999.000
202606010930,   1.627,   2.568,9999.000,9999.000,9999.000,9999.000,9999.000,9999.000,9999.000
202606010936,   1.703,   2.660,9999.000,9999.000,9999.000,9999.000,9999.000,9999.000,9999.000
202606010942,   1.780,   2.660,9999.000,9999.000,9999.000,9999.000,9999.000,9999.000,9999.000
202606010948,   1.856,   2.797,9999.000,9999.000,9999.000,9999.000,9999.000,9999.000,9999.000
202606010954,   1.932,   2.840,9999.000,9999.000,9999.000,9999.000,9999.000,9999.000,9999.000
202606011000,   2.007,   2.978,   0.800,   0.171,   2.978,   0.800,   2.978,   0.900,   3.078
202606011006,   2.081,   3.119,9999.000,9999.000,9999.000,9999.000,9999.000,9999.000,9999.000
202606011012,   2.154,   3.178,9999.000,9999.000,9999.000,9999.000,9999.000,9999.000,9999.000
202606011018,   2.225,   3.279,9999.000,9999.000,9999.000,9999.000,9999.000,9999.000,9999.000
202606011024,   2.296,   3.339,9999.000,9999.000,9999.000,9999.000,9999.000,9999.000,9999.000
202606011030,   2.364,   3.398,9999.000,9999.000,9999.000,9999.000,9999.000,9999.000,9999.000
202606011036,   2.431,   3.470,9999.000,9999.000,9999.000,9999.000,9999.000,9999.000,9999.000
202606011042,   2.496,   3.588,9999.000,9999.000,9999.000,9999.000,9999.000,9999.000,9999.000
202606011048,   2.559,   3.689,9999.000,9999.000,9999.000,9999.000,9999.000,9999.000,9999.000
202606011054,   2.620,   3.699,9999.000,9999.000,9999.000,9999.000,9999.000,9999.000,9999.000
202606011100,   2.679,   3.699,   0.800,   0.220,   3.699,   0.800,   3.699,   0.900,   3.799
202606011106,   2.735,   3.768,9999.000,9999.000,9999.000,9999.000,9999.000,9999.000,9999.000
202606011112,   2.789,   3.827,9999.000,9999.000,9999.000,9999.000,9999.000,9999.000,9999.000
202606011118,   2.840,   3.870,9999.000,9999.000,9999.000,9999.000,9999.000,9999.000,9999.000
202606011124,   2.888,   3.919,9999.000,9999.000,9999.000,9999.000,9999.000,9999.000,9999.000
202606011130,   2.933,   3.998,9999.000,9999.000,9999.000,9999.000,9999.000,9999.000,9999.000
202606011136,   2.976,   4.168,9999.000,9999.000,9999.000,9999.000,9999.000,9999.000,9999.000
202606011142,   3.015,   4.149,9999.000,9999.000,9999.000,9999.000,9999.000,9999.000,9999.000
202606011148,   3.050,   4.129,9999.000,9999.000,9999.000,9999.000,9999.000,9999.000,9999.000
202606011154,   3.082,   4.129,9999.000,9999.000,9999.000,9999.000,9999.000,9999.000,9999.000
202606011200,   3.111,   4.109,   0.800,   0.198,   4.109,   0.800,   4.109,   0.900,   4.209
202606011206,   3.136,   4.119,9999.000,9999.000,9999.000,9999.000,9999.000,9999.000,9999.000
202606011212,   3.158,   4.178,9999.000,9999.000,9999.000,9999.000,9999.000,9999.000,9999.000
202606011218,   3.175,   4.247,9999.000,9999.000,9999.000,9999.000,9999.000,9999.000,9999.000
202606011224,   3.189,   4.257,9999.000,9999.000,9999.000,9999.000,9999.000,9999.000,9999.000
202606011230,   3.198,   4.267,9999.000,9999.000,9999.000,9999.000,9999.000,9999.000,9999.000
202606011236,   3.204,   4.290,9999.000,9999.000,9999.000,9999.000,9999.000,9999.000,9999.000
202606011242,   3.206,   4.319,9999.000,9999.000,9999.000,9999.000,9999.000,9999.000,9999.000
202606011248,   3.203,   4.290,9999.000,9999.000,9999.000,9999.000,9999.000,9999.000,9999.000
202606011254,   3.196,   4.398,9999.000,9999.000,9999.000,9999.000,9999.000,9999.000,9999.000
202606011300,   3.186,   4.290,   0.800,   0.304,   4.290,   0.800,   4.290,   0.800,   4.290
202606011306,   3.171,   4.237,9999.000,9999.000,9999.000,9999.000,9999.000,9999.000,9999.000
202606011312,   3.152,   4.159,9999.000,9999.000,9999.000,9999.000,9999.000,9999.000,9999.000
202606011318,   3.130,   4.188,9999.000,9999.000,9999.000,9999.000,9999.000,9999.000,9999.000
202606011324,   3.103,   4.119,9999.000,9999.000,9999.000,9999.000,9999.000,9999.000,9999.000
202606011330,   3.073,   4.099,9999.000,9999.000,9999.000,9999.000,9999.000,9999.000,9999.000
202606011336,   3.039,   4.008,9999.000,9999.000,9999.000,9999.000,9999.000,9999.000,9999.000
202606011342,   3.001,   3.958,9999.000,9999.000,9999.000,9999.000,9999.000,9999.000,9999.000
202606011348,   2.961,   3.949,9999.000,9999.000,9999.000,9999.000,9999.000,9999.000,9999.000
202606011354,   2.916,   3.870,9999.000,9999.000,9999.000,9999.000,9999.000,9999.000,9999.000
202606011400,   2.869,   3.880,   0.800,   0.211,   3.880,   0.800,   3.880,   0.800,   3.880
202606011406,   2.819,   3.768,9999.000,9999.000,9999.000,9999.000,9999.000,9999.000,9999.000
202606011412,   2.766,   3.719,9999.000,9999.000,9999.000,9999.000,9999.000,9999.000,9999.000
202606011418,   2.710,   3.588,9999.000,9999.000,9999.000,9999.000,9999.000,9999.000,9999.000
202606011424,   2.652,   3.598,9999.000,9999.000,9999.000,9999.000,9999.000,9999.000,9999.000
202606011430,   2.592,   3.480,9999.000,9999.000,9999.000,9999.000,9999.000,9999.000,9999.000
202606011436,   2.530,   3.460,9999.000,9999.000,9999.000,9999.000,9999.000,9999.000,9999.000
202606011442,   2.466,   3.407,9999.000,9999.000,9999.000,9999.000,9999.000,9999.000,9999.000
202606011448,   2.401,   3.329,9999.000,9999.000,9999.000,9999.000,9999.000,9999.000,9999.000
202606011454,   2.334,   3.250,9999.000,9999.000,9999.000,9999.000,9999.000,9999.000,9999.000
202606011500,   2.266,   3.188,   0.800,   0.122,   3.188,   0.800,   3.188,   0.800,   3.188
202606011506,   2.197,   3.040,9999.000,9999.000,9999.000,9999.000,9999.000,9999.000,9999.000
202606011512,   2.127,   2.978,9999.000,9999.000,9999.000,9999.000,9999.000,9999.000,9999.000
202606011518,   2.057,   2.978,9999.000,9999.000,9999.000,9999.000,9999.000,9999.000,9999.000
202606011524,   1.986,   2.807,9999.000,9999.000,9999.000,9999.000,9999.000,9999.000,9999.000
202606011530,   1.914,   2.768,9999.000,9999.000,9999.000,9999.000,9999.000,9999.000,9999.000
202606011536,   1.843,   2.689,9999.000,9999.000,9999.000,9999.000,9999.000,9999.000,9999.000
202606011542,   1.772,   2.597,9999.000,9999.000,9999.000,9999.000,9999.000,9999.000,9999.000
202606011548,   1.700,   2.509,9999.000,9999.000,9999.000,9999.000,9999.000,9999.000,9999.000
202606011554,   1.630,   2.420,9999.000,9999.000,9999.000,9999.000,9999.000,9999.000,9999.000
202606011600,   1.559,   2.299,   0.800,  -0.060,   2.299,   0.800,   2.299,   0.800,   2.299
202606011606,   1.489,   2.259,9999.000,9999.000,9999.000,9999.000,9999.000,9999.000,9999.000
202606011612,   1.420,   2.168,9999.000,9999.000,9999.000,9999.000,9999.000,9999.000,9999.000
202606011618,   1.352,   2.158,9999.000,9999.000,9999.000,9999.000,9999.000,9999.000,9999.000
202606011624,   1.285,   2.148,9999.000,9999.000,9999.000,9999.000,9999.000,9999.000,9999.000
202606011630,   1.218,   2.049,9999.000,9999.000,9999.000,9999.000,9999.000,9999.000,9999.000
202606011636,   1.153,   2.040,9999.000,9999.000,9999.000,9999.000,9999.000,9999.000,9999.000
202606011642,   1.090,   1.990,9999.000,9999.000,9999.000,9999.000,9999.000,9999.000,9999.000
202606011648,   1.028,   1.899,9999.000,9999.000,9999.000,9999.000,9999.000,9999.000,9999.000
202606011654,   0.967,   1.869,9999.000,9999.000,9999.000,9999.000,9999.000,9999.000,9999.000
202606011700,   0.908,   1.758,   0.800,   0.050,   1.758,   0.700,   1.658,   0.800,   1.758
202606011706,   0.851,   1.639,9999.000,9999.000,9999.000,9999.000,9999.000,9999.000,9999.000
202606011712,   0.797,   1.590,9999.000,9999.000,9999.000,9999.000,9999.000,9999.000,9999.000
202606011718,   0.744,   1.557,9999.000,9999.000,9999.000,9999.000,9999.000,9999.000,9999.000
202606011724,   0.694,   1.479,9999.000,9999.000,9999.000,9999.000,9999.000,9999.000,9999.000
202606011730,   0.646,   1.479,9999.000,9999.000,9999.000,9999.000,9999.000,9999.000,9999.000
202606011736,   0.602,   1.420,9999.000,9999.000,9999.000,9999.000,9999.000,9999.000,9999.000
202606011742,   0.560,   1.410,9999.000,9999.000,9999.000,9999.000,9999.000,9999.000,9999.000
202606011748,   0.521,   1.298,9999.000,9999.000,9999.000,9999.000,9999.000,9999.000,9999.000
202606011754,   0.486,   1.289,9999.000,9999.000,9999.000,9999.000,9999.000,9999.000,9999.000
202606011800,   0.454,   1.308,   0.800,   0.054,   1.308,   0.700,   1.208,   0.800,   1.308
202606011806,   0.425,   1.318,9999.000,9999.000,9999.000,9999.000,9999.000,9999.000,9999.000
202606011812,   0.401,   1.289,9999.000,9999.000,9999.000,9999.000,9999.000,9999.000,9999.000
202606011818,   0.380,   1.269,9999.000,9999.000,9999.000,9999.000,9999.000,9999.000,9999.000
202606011824,   0.364,   1.180,9999.000,9999.000,9999.000,9999.000,9999.000,9999.000,9999.000
202606011830,   0.352,   1.138,9999.000,9999.000,9999.000,9999.000,9999.000,9999.000,9999.000
202606011836,   0.344,   1.180,9999.000,9999.000,9999.000,9999.000,9999.000,9999.000,9999.000
202606011842,   0.341,   1.210,9999.000,9999.000,9999.000,9999.000,9999.000,9999.000,9999.000
202606011848,   0.343,   1.200,9999.000,9999.000,9999.000,9999.000,9999.000,9999.000,9999.000
202606011854,   0.350,   1.210,9999.000,9999.000,9999.000,9999.000,9999.000,9999.000,9999.000
202606011900,   0.361,   1.308,   0.700,   0.247,   1.308,   0.700,   1.308,   0.800,   1.408
202606011906,   0.378,   1.289,9999.000,9999.000,9999.000,9999.000,9999.000,9999.000,9999.000
202606011912,   0.399,   1.318,9999.000,9999.000,9999.000,9999.000,9999.000,9999.000,9999.000
202606011918,   0.426,   1.289,9999.000,9999.000,9999.000,9999.000,9999.000,9999.000,9999.000
202606011924,   0.457,   1.279,9999.000,9999.000,9999.000,9999.000,9999.000,9999.000,9999.000
202606011930,   0.494,   1.279,9999.000,9999.000,9999.000,9999.000,9999.000,9999.000,9999.000
202606011936,   0.535,   1.361,9999.000,9999.000,9999.000,9999.000,9999.000,9999.000,9999.000
202606011942,   0.582,   1.338,9999.000,9999.000,9999.000,9999.000,9999.000,9999.000,9999.000
202606011948,   0.633,   1.400,9999.000,9999.000,9999.000,9999.000,9999.000,9999.000,9999.000
202606011954,   0.688,   1.469,9999.000,9999.000,9999.000,9999.000,9999.000,9999.000,9999.000
202606012000,   0.749,   1.557,   0.700,   0.108,   1.557,   0.700,   1.557,   0.800,   1.657
202606012006,   0.813,   1.610,9999.000,9999.000,9999.000,9999.000,9999.000,9999.000,9999.000
202606012012,   0.882,   1.679,9999.000,9999.000,9999.000,9999.000,9999.000,9999.000,9999.000
202606012018,   0.954,   1.728,9999.000,9999.000,9999.000,9999.000,9999.000,9999.000,9999.000
202606012024,   1.030,   1.718,9999.000,9999.000,9999.000,9999.000,9999.000,9999.000,9999.000
202606012030,   1.110,   1.840,9999.000,9999.000,9999.000,9999.000,9999.000,9999.000,9999.000
202606012036,   1.193,   1.899,9999.000,9999.000,9999.000,9999.000,9999.000,9999.000,9999.000
202606012042,   1.279,   1.990,9999.000,9999.000,9999.000,9999.000,9999.000,9999.000,9999.000
202606012048,   1.367,   1.958,9999.000,9999.000,9999.000,9999.000,9999.000,9999.000,9999.000
202606012054,   1.458,   2.148,9999.000,9999.000,9999.000,9999.000,9999.000,9999.000,9999.000
202606012100,   1.551,   2.240,   0.700,  -0.011,   2.240,   0.700,   2.240,   0.800,   2.340
202606012106,   1.646,   2.348,9999.000,9999.000,9999.000,9999.000,9999.000,9999.000,9999.000
202606012112,   1.743,   2.420,9999.000,9999.000,9999.000,9999.000,9999.000,9999.000,9999.000
202606012118,   1.841,   2.450,9999.000,9999.000,9999.000,9999.000,9999.000,9999.000,9999.000
202606012124,   1.940,   2.578,9999.000,9999.000,9999.000,9999.000,9999.000,9999.000,9999.000
202606012130,   2.039,   2.650,9999.000,9999.000,9999.000,9999.000,9999.000,9999.000,9999.000
202606012136,   2.139,   2.807,9999.000,9999.000,9999.000,9999.000,9999.000,9999.000,9999.000
202606012142,   2.240,   2.879,9999.000,9999.000,9999.000,9999.000,9999.000,9999.000,9999.000
202606012148,   2.340,   3.040,9999.000,9999.000,9999.000,9999.000,9999.000,9999.000,9999.000
202606012154,   2.440,   3.230,9999.000,9999.000,9999.000,9999.000,9999.000,9999.000,9999.000
202606012200,   2.540,   3.309,   0.700,   0.069,   3.309,   0.700,   3.309,   0.800,   3.409
202606012206,   2.639,   3.378,9999.000,9999.000,9999.000,9999.000,9999.000,9999.000,9999.000
202606012212,   2.737,   3.417,9999.000,9999.000,9999.000,9999.000,9999.000,9999.000,9999.000
202606012218,   2.834,   3.598,9999.000,9999.000,9999.000,9999.000,9999.000,9999.000,9999.000
202606012224,   2.929,   3.670,9999.000,9999.000,9999.000,9999.000,9999.000,9999.000,9999.000
202606012230,   3.023,   3.778,9999.000,9999.000,9999.000,9999.000,9999.000,9999.000,9999.000
202606012236,   3.116,   3.860,9999.000,9999.000,9999.000,9999.000,9999.000,9999.000,9999.000
202606012242,   3.206,   3.978,9999.000,9999.000,9999.000,9999.000,9999.000,9999.000,9999.000
202606012248,   3.295,   4.037,9999.000,9999.000,9999.000,9999.000,9999.000,9999.000,9999.000
202606012254,   3.381,   4.159,9999.000,9999.000,9999.000,9999.000,9999.000,9999.000,9999.000
202606012300,   3.465,   4.227,   0.700,   0.062,   4.227,   0.700,   4.227,   0.700,   4.227
202606012306,   3.547,   4.300,9999.000,9999.000,9999.000,9999.000,9999.000,9999.000,9999.000
202606012312,   3.626,   4.388,9999.000,9999.000,9999.000,9999.000,9999.000,9999.000,9999.000
202606012318,   3.702,   4.447,9999.000,9999.000,9999.000,9999.000,9999.000,9999.000,9999.000
202606012324,   3.776,   4.447,9999.000,9999.000,9999.000,9999.000,9999.000,9999.000,9999.000
202606012330,   3.846,   4.628,9999.000,9999.000,9999.000,9999.000,9999.000,9999.000,9999.000
202606012336,   3.913,   4.729,9999.000,9999.000,9999.000,9999.000,9999.000,9999.000,9999.000
202606012342,   3.977,   4.769,9999.000,9999.000,9999.000,9999.000,9999.000,9999.000,9999.000
202606012348,   4.037,   4.887,9999.000,9999.000,9999.000,9999.000,9999.000,9999.000,9999.000
202606012354,   4.094,   4.808,9999.000,9999.000,9999.000,9999.000,9999.000,9999.000,9999.000
202606020000,   4.147,   4.939,   0.600,   0.192,   4.939,   0.600,   4.939,   0.700,   5.039
202606020006,   4.196,   4.949,9999.000,9999.000,9999.000,9999.000,9999.000,9999.000,9999.000
202606020012,   4.241,   4.919,9999.000,9999.000,9999.000,9999.000,9999.000,9999.000,9999.000
202606020018,   4.282,   5.018,9999.000,9999.000,9999.000,9999.000,9999.000,9999.000,9999.000
202606020024,   4.318,   5.038,9999.000,9999.000,9999.000,9999.000,9999.000,9999.000,9999.000
202606020030,   4.350,   5.149,9999.000,9999.000,9999.000,9999.000,9999.000,9999.000,9999.000
202606020036,   4.378,   5.149,9999.000,9999.000,9999.000,9999.000,9999.000,9999.000,9999.000
202606020042,   4.401,   5.169,9999.000,9999.000,9999.000,9999.000,9999.000,9999.000,9999.000
202606020048,   4.419,   5.198,9999.000,9999.000,9999.000,9999.000,9999.000,9999.000,9999.000
202606020054,   4.432,   5.247,9999.000,9999.000,9999.000,9999.000,9999.000,9999.000,9999.000
202606020100,   4.441,   5.238,   0.600,   0.197,   5.238,   0.600,   5.238,   0.700,   5.338
202606020106,   4.445,   5.247,9999.000,9999.000,9999.000,9999.000,9999.000,9999.000,9999.000
202606020112,   4.443,   5.179,9999.000,9999.000,9999.000,9999.000,9999.000,9999.000,9999.000
202606020118,   4.437,   5.228,9999.000,9999.000,9999.000,9999.000,9999.000,9999.000,9999.000
202606020124,   4.426,   5.238,9999.000,9999.000,9999.000,9999.000,9999.000,9999.000,9999.000
202606020130,   4.410,   5.179,9999.000,9999.000,9999.000,9999.000,9999.000,9999.000,9999.000
202606020136,   4.388,   5.087,9999.000,9999.000,9999.000,9999.000,9999.000,9999.000,9999.000
202606020142,   4.362,   5.057,9999.000,9999.000,9999.000,9999.000,9999.000,9999.000,9999.000
202606020148,   4.331,   5.038,9999.000,9999.000,9999.000,9999.000,9999.000,9999.000,9999.000
202606020154,   4.295,   5.018,9999.000,9999.000,9999.000,9999.000,9999.000,9999.000,9999.000
202606020200,   4.255,   4.969,   0.600,   0.114,   4.969,   0.600,   4.969,   0.700,   5.069
202606020206,   4.210,   4.887,9999.000,9999.000,9999.000,9999.000,9999.000,9999.000,9999.000
202606020212,   4.160,   4.818,9999.000,9999.000,9999.000,9999.000,9999.000,9999.000,9999.000
202606020218,   4.106,   4.749,9999.000,9999.000,9999.000,9999.000,9999.000,9999.000,9999.000
202606020224,   4.048,   4.700,9999.000,9999.000,9999.000,9999.000,9999.000,9999.000,9999.000
202606020230,   3.986,   4.618,9999.000,9999.000,9999.000,9999.000,9999.000,9999.000,9999.000
202606020236,   3.921,   4.569,9999.000,9999.000,9999.000,9999.000,9999.000,9999.000,9999.000
202606020242,   3.852,   4.447,9999.000,9999.000,9999.000,9999.000,9999.000,9999.000,9999.000
202606020248,   3.779,   4.467,9999.000,9999.000,9999.000,9999.000,9999.000,9999.000,9999.000
202606020254,   3.703,   4.290,9999.000,9999.000,9999.000,9999.000,9999.000,9999.000,9999.000
202606020300,   3.624,   4.188,   0.700,  -0.136,   4.188,   0.600,   4.088,   0.700,   4.188
202606020306,   3.543,   4.139,9999.000,9999.000,9999.000,9999.000,9999.000,9999.000,9999.000
202606020312,   3.459,   3.968,9999.000,9999.000,9999.000,9999.000,9999.000,9999.000,9999.000
202606020318,   3.373,   3.827,9999.000,9999.000,9999.000,9999.000,9999.000,9999.000,9999.000
202606020324,   3.285,   3.778,9999.000,9999.000,9999.000,9999.000,9999.000,9999.000,9999.000
202606020330,   3.195,   3.660,9999.000,9999.000,9999.000,9999.000,9999.000,9999.000,9999.000
202606020336,   3.103,   3.650,9999.000,9999.000,9999.000,9999.000,9999.000,9999.000,9999.000
202606020342,   3.010,   3.539,9999.000,9999.000,9999.000,9999.000,9999.000,9999.000,9999.000
202606020348,   2.916,   3.470,9999.000,9999.000,9999.000,9999.000,9999.000,9999.000,9999.000
202606020354,   2.821,   3.378,9999.000,9999.000,9999.000,9999.000,9999.000,9999.000,9999.000
202606020400,   2.725,   3.309,   0.600,  -0.016,   3.309,   0.600,   3.309,   0.700,   3.409
202606020406,   2.629,   3.197,9999.000,9999.000,9999.000,9999.000,9999.000,9999.000,9999.000
202606020412,   2.532,   3.168,9999.000,9999.000,9999.000,9999.000,9999.000,9999.000,9999.000
202606020418,   2.435,   3.050,9999.000,9999.000,9999.000,9999.000,9999.000,9999.000,9999.000
202606020424,   2.338,   2.929,9999.000,9999.000,9999.000,9999.000,9999.000,9999.000,9999.000
202606020430,   2.242,   2.869,9999.000,9999.000,9999.000,9999.000,9999.000,9999.000,9999.000
202606020436,   2.145,   2.748,9999.000,9999.000,9999.000,9999.000,9999.000,9999.000,9999.000
202606020442,   2.050,   2.620,9999.000,9999.000,9999.000,9999.000,9999.000,9999.000,9999.000
202606020448,   1.955,   2.630,9999.000,9999.000,9999.000,9999.000,9999.000,9999.000,9999.000
202606020454,   1.861,   2.528,9999.000,9999.000,9999.000,9999.000,9999.000,9999.000,9999.000
202606020500,   1.768,   2.368,   0.600,   0.000,   2.368,   0.600,   2.368,   0.700,   2.468
202606020506,   1.677,   2.289,9999.000,9999.000,9999.000,9999.000,9999.000,9999.000,9999.000
202606020512,   1.587,   2.250,9999.000,9999.000,9999.000,9999.000,9999.000,9999.000,9999.000
202606020518,   1.499,   2.099,9999.000,9999.000,9999.000,9999.000,9999.000,9999.000,9999.000
202606020524,   1.413,   2.099,9999.000,9999.000,9999.000,9999.000,9999.000,9999.000,9999.000
202606020530,   1.328,   2.069,9999.000,9999.000,9999.000,9999.000,9999.000,9999.000,9999.000
202606020536,   1.246,   1.981,9999.000,9999.000,9999.000,9999.000,9999.000,9999.000,9999.000
202606020542,   1.167,   2.000,9999.000,9999.000,9999.000,9999.000,9999.000,9999.000,9999.000
202606020548,   1.090,   1.859,9999.000,9999.000,9999.000,9999.000,9999.000,9999.000,9999.000
202606020554,   1.015,   1.918,9999.000,9999.000,9999.000,9999.000,9999.000,9999.000,9999.000
202606020600,   0.944,   1.849,   0.600,   0.305,   1.849,   0.500,   1.749,   0.600,   1.849
202606020606,   0.876,   1.810,9999.000,9999.000,9999.000,9999.000,9999.000,9999.000,9999.000
202606020612,   0.812,   1.820,9999.000,9999.000,9999.000,9999.000,9999.000,9999.000,9999.000
202606020618,   0.751,   1.708,9999.000,9999.000,9999.000,9999.000,9999.000,9999.000,9999.000
202606020624,   0.694,   1.600,9999.000,9999.000,9999.000,9999.000,9999.000,9999.000,9999.000
202606020630,   0.641,   1.649,9999.000,9999.000,9999.000,9999.000,9999.000,9999.000,9999.000
202606020636,   0.592,   1.580,9999.000,9999.000,9999.000,9999.000,9999.000,9999.000,9999.000
202606020642,   0.548,   1.590,9999.000,9999.000,9999.000,9999.000,9999.000,9999.000,9999.000
202606020648,   0.508,   1.498,9999.000,9999.000,9999.000,9999.000,9999.000,9999.000,9999.000
202606020654,   0.472,   1.430,9999.000,9999.000,9999.000,9999.000,9999.000,9999.000,9999.000
202606020700,   0.442,   1.371,   0.600,   0.329,   1.371,   0.600,   1.371,   0.600,   1.371
202606020706,   0.416,   1.259,9999.000,9999.000,9999.000,9999.000,9999.000,9999.000,9999.000
202606020712,   0.396,   1.269,9999.000,9999.000,9999.000,9999.000,9999.000,9999.000,9999.000
202606020718,   0.380,   1.239,9999.000,9999.000,9999.000,9999.000,9999.000,9999.000,9999.000
202606020724,   0.370,   1.279,9999.000,9999.000,9999.000,9999.000,9999.000,9999.000,9999.000
202606020730,   0.364,   1.229,9999.000,9999.000,9999.000,9999.000,9999.000,9999.000,9999.000
202606020736,   0.364,   1.180,9999.000,9999.000,9999.000,9999.000,9999.000,9999.000,9999.000
202606020742,   0.369,   1.170,9999.000,9999.000,9999.000,9999.000,9999.000,9999.000,9999.000
202606020748,   0.380,   1.161,9999.000,9999.000,9999.000,9999.000,9999.000,9999.000,9999.000
202606020754,   0.395,   1.161,9999.000,9999.000,9999.000,9999.000,9999.000,9999.000,9999.000
202606020800,   0.415,   1.170,   0.600,   0.155,   1.170,   0.600,   1.170,   0.600,   1.170
202606020806,   0.440,   1.151,9999.000,9999.000,9999.000,9999.000,9999.000,9999.000,9999.000
202606020812,   0.470,   1.249,9999.000,9999.000,9999.000,9999.000,9999.000,9999.000,9999.000
202606020818,   0.505,   1.338,9999.000,9999.000,9999.000,9999.000,9999.000,9999.000,9999.000
202606020824,   0.544,   1.338,9999.000,9999.000,9999.000,9999.000,9999.000,9999.000,9999.000
202606020830,   0.587,   1.400,9999.000,9999.000,9999.000,9999.000,9999.000,9999.000,9999.000
202606020836,   0.634,   1.449,9999.000,9999.000,9999.000,9999.000,9999.000,9999.000,9999.000
202606020842,   0.685,   1.479,9999.000,9999.000,9999.000,9999.000,9999.000,9999.000,9999.000
202606020848,   0.739,   1.557,9999.000,9999.000,9999.000,9999.000,9999.000,9999.000,9999.000
202606020854,   0.797,   1.669,9999.000,9999.000,9999.000,9999.000,9999.000,9999.000,9999.000
202606020900,   0.857,   1.679,   0.600,   0.222,   1.679,   0.600,   1.679,   0.700,   1.779
202606020906,   0.921,   1.718,9999.000,9999.000,9999.000,9999.000,9999.000,9999.000,9999.000
202606020912,   0.986,   1.748,9999.000,9999.000,9999.000,9999.000,9999.000,9999.000,9999.000
202606020918,   1.054,   1.810,9999.000,9999.000,9999.000,9999.000,9999.000,9999.000,9999.000
202606020924,   1.124,   1.840,9999.000,9999.000,9999.000,9999.000,9999.000,9999.000,9999.000
202606020930,   1.195,   1.958,9999.000,9999.000,9999.000,9999.000,9999.000,9999.000,9999.000
202606020936,   1.267,   2.010,9999.000,9999.000,9999.000,9999.000,9999.000,9999.000,9999.000
202606020942,   1.340,   1.990,9999.000,9999.000,9999.000,9999.000,9999.000,9999.000,9999.000
202606020948,   1.414,   2.089,9999.000,9999.000,9999.000,9999.000,9999.000,9999.000,9999.000
202606020954,   1.489,   2.269,9999.000,9999.000,9999.000,9999.000,9999.000,9999.000,9999.000
202606021000,   1.564,   2.289,   0.700,   0.025,   2.289,   0.600,   2.189,   0.700,   2.289
202606021006,   1.638,   2.430,9999.000,9999.000,9999.000,9999.000,9999.000,9999.000,9999.000
202606021012,   1.713,   2.440,9999.000,9999.000,9999.000,9999.000,9999.000,9999.000,9999.000
202606021018,   1.786,   2.578,9999.000,9999.000,9999.000,9999.000,9999.000,9999.000,9999.000
202606021024,   1.860,   2.640,9999.000,9999.000,9999.000,9999.000,9999.000,9999.000,9999.000
202606021030,   1.932,   2.709,9999.000,9999.000,9999.000,9999.000,9999.000,9999.000,9999.000
202606021036,   2.003,   2.758,9999.000,9999.000,9999.000,9999.000,9999.000,9999.000,9999.000
202606021042,   2.073,   2.869,9999.000,9999.000,9999.000,9999.000,9999.000,9999.000,9999.000
202606021048,   2.142,   2.978,9999.000,9999.000,9999.000,9999.000,9999.000,9999.000,9999.000
202606021054,   2.209,   3.079,9999.000,9999.000,9999.000,9999.000,9999.000,9999.000,9999.000
202606021100,   2.275,   3.188,   0.700,   0.213,   3.188,   0.700,   3.188,   0.700,   3.188
202606021106,   2.339,   3.260,9999.000,9999.000,9999.000,9999.000,9999.000,9999.000,9999.000
202606021112,   2.401,   3.339,9999.000,9999.000,9999.000,9999.000,9999.000,9999.000,9999.000
202606021118,   2.461,   3.388,9999.000,9999.000,9999.000,9999.000,9999.000,9999.000,9999.000
202606021124,   2.519,   3.427,9999.000,9999.000,9999.000,9999.000,9999.000,9999.000,9999.000
202606021130,   2.575,   3.470,9999.000,9999.000,9999.000,9999.000,9999.000,9999.000,9999.000
202606021136,   2.629,   3.607,9999.000,9999.000,9999.000,9999.000,9999.000,9999.000,9999.000
202606021142,   2.681,   3.617,9999.000,9999.000,9999.000,9999.000,9999.000,9999.000,9999.000
202606021148,   2.730,   3.749,9999.000,9999.000,9999.000,9999.000,9999.000,9999.000,9999.000
202606021154,   2.776,   3.817,9999.000,9999.000,9999.000,9999.000,9999.000,9999.000,9999.000
202606021200,   2.821,   3.880,   0.600,   0.459,   3.880,   0.600,   3.880,   0.600,   3.880
202606021206,   2.862,   3.909,9999.000,9999.000,9999.000,9999.000,9999.000,9999.000,9999.000
202606021212,   2.901,   3.919,9999.000,9999.000,9999.000,9999.000,9999.000,9999.000,9999.000
202606021218,   2.937,   3.998,9999.000,9999.000,9999.000,9999.000,9999.000,9999.000,9999.000
202606021224,   2.970,   4.017,9999.000,9999.000,9999.000,9999.000,9999.000,9999.000,9999.000
202606021230,   3.000,   4.139,9999.000,9999.000,9999.000,9999.000,9999.000,9999.000,9999.000
202606021236,   3.028,   4.178,9999.000,9999.000,9999.000,9999.000,9999.000,9999.000,9999.000
202606021242,   3.052,   4.168,9999.000,9999.000,9999.000,9999.000,9999.000,9999.000,9999.000
202606021248,   3.073,   4.208,9999.000,9999.000,9999.000,9999.000,9999.000,9999.000,9999.000
202606021254,   3.090,   4.218,9999.000,9999.000,9999.000,9999.000,9999.000,9999.000,9999.000
202606021300,   3.105,   4.198,   0.600,   0.493,   4.198,   0.600,   4.198,   0.700,   4.298
202606021306,   3.116,   4.159,9999.000,9999.000,9999.000,9999.000,9999.000,9999.000,9999.000
202606021312,   3.123,   4.227,9999.000,9999.000,9999.000,9999.000,9999.000,9999.000,9999.000
202606021318,   3.127,   4.309,9999.000,9999.000,9999.000,9999.000,9999.000,9999.000,9999.000
202606021324,   3.127,   4.247,9999.000,9999.000,9999.000,9999.000,9999.000,9999.000,9999.000
202606021330,   3.124,   4.208,9999.000,9999.000,9999.000,9999.000,9999.000,9999.000,9999.000
202606021336,   3.117,   4.218,9999.000,9999.000,9999.000,9999.000,9999.000,9999.000,9999.000
202606021342,   3.107,   4.257,9999.000,9999.000,9999.000,9999.000,9999.000,9999.000,9999.000
202606021348,   3.092,   4.227,9999.000,9999.000,9999.000,9999.000,9999.000,9999.000,9999.000
202606021354,   3.075,   4.247,9999.000,9999.000,9999.000,9999.000,9999.000,9999.000,9999.000
202606021400,   3.053,   4.359,   0.700,   0.606,   4.359,   0.600,   4.259,   0.700,   4.359
202606021406,   3.028,   4.290,9999.000,9999.000,9999.000,9999.000,9999.000,9999.000,9999.000
202606021412,   3.000,   4.178,9999.000,9999.000,9999.000,9999.000,9999.000,9999.000,9999.000
202606021418,   2.968,   4.057,9999.000,9999.000,9999.000,9999.000,9999.000,9999.000,9999.000
202606021424,   2.933,   4.027,9999.000,9999.000,9999.000,9999.000,9999.000,9999.000,9999.000
202606021430,   2.894,   4.008,9999.000,9999.000,9999.000,9999.000,9999.000,9999.000,9999.000
202606021436,   2.852,   3.949,9999.000,9999.000,9999.000,9999.000,9999.000,9999.000,9999.000
202606021442,   2.807,   3.899,9999.000,9999.000,9999.000,9999.000,9999.000,9999.000,9999.000
202606021448,   2.760,   3.919,9999.000,9999.000,9999.000,9999.000,9999.000,9999.000,9999.000
202606021454,   2.709,   3.808,9999.000,9999.000,9999.000,9999.000,9999.000,9999.000,9999.000
202606021500,   2.656,   3.778,   0.700,   0.422,   3.778,   0.700,   3.778,   0.800,   3.878
202606021506,   2.601,   3.749,9999.000,9999.000,9999.000,9999.000,9999.000,9999.000,9999.000
202606021512,   2.543,   3.729,9999.000,9999.000,9999.000,9999.000,9999.000,9999.000,9999.000
202606021518,   2.484,   3.670,9999.000,9999.000,9999.000,9999.000,9999.000,9999.000,9999.000
202606021524,   2.422,   3.617,9999.000,9999.000,9999.000,9999.000,9999.000,9999.000,9999.000
202606021530,   2.359,   3.519,9999.000,9999.000,9999.000,9999.000,9999.000,9999.000,9999.000
202606021536,   2.294,   3.440,9999.000,9999.000,9999.000,9999.000,9999.000,9999.000,9999.000
202606021542,   2.228,   3.440,9999.000,9999.000,9999.000,9999.000,9999.000,9999.000,9999.000
202606021548,   2.161,   3.289,9999.000,9999.000,9999.000,9999.000,9999.000,9999.000,9999.000
202606021554,   2.093,   3.178,9999.000,9999.000,9999.000,9999.000,9999.000,9999.000,9999.000
202606021600,   2.024,   3.138,   0.800,   0.314,   3.138,   0.700,   3.038,   0.900,   3.238
202606021606,   1.955,   3.007,9999.000,9999.000,9999.000,9999.000,9999.000,9999.000,9999.000
202606021612,   1.885,   2.899,9999.000,9999.000,9999.000,9999.000,9999.000,9999.000,9999.000
202606021618,   1.816,   2.889,9999.000,9999.000,9999.000,9999.000,9999.000,9999.000,9999.000
202606021624,   1.746,   2.948,9999.000,9999.000,9999.000,9999.000,9999.000,9999.000,9999.000
202606021630,   1.676,   2.919,9999.000,9999.000,9999.000,9999.000,9999.000,9999.000,9999.000
202606021636,   1.607,   2.889,9999.000,9999.000,9999.000,9999.000,9999.000,9999.000,9999.000
202606021642,   1.538,   2.778,9999.000,9999.000,9999.000,9999.000,9999.000,9999.000,9999.000
202606021648,   1.470,   2.719,9999.000,9999.000,9999.000,9999.000,9999.000,9999.000,9999.000
202606021654,   1.402,   2.597,9999.000,9999.000,9999.000,9999.000,9999.000,9999.000,9999.000
202606021700,   1.336,   2.558,   0.800,   0.422,   2.558,   0.700,   2.458,   0.900,   2.658
202606021706,   1.271,   2.479,9999.000,9999.000,9999.000,9999.000,9999.000,9999.000,9999.000
202606021712,   1.207,   2.469,9999.000,9999.000,9999.000,9999.000,9999.000,9999.000,9999.000
202606021718,   1.144,   2.400,9999.000,9999.000,9999.000,9999.000,9999.000,9999.000,9999.000
202606021724,   1.083,   2.348,9999.000,9999.000,9999.000,9999.000,9999.000,9999.000,9999.000
202606021730,   1.024,   2.269,9999.000,9999.000,9999.000,9999.000,9999.000,9999.000,9999.000
202606021736,   0.966,   2.259,9999.000,9999.000,9999.000,9999.000,9999.000,9999.000,9999.000
202606021742,   0.910,   2.168,9999.000,9999.000,9999.000,9999.000,9999.000,9999.000,9999.000
202606021748,   0.857,   2.128,9999.000,9999.000,9999.000,9999.000,9999.000,9999.000,9999.000
202606021754,   0.806,   2.049,9999.000,9999.000,9999.000,9999.000,9999.000,9999.000,9999.000
202606021800,   0.757,   2.000,   0.900,   0.343,   2.000,   0.800,   1.900,   1.000,   2.100
202606021806,   0.711,   1.948,9999.000,9999.000,9999.000,9999.000,9999.000,9999.000,9999.000
202606021812,   0.668,   1.958,9999.000,9999.000,9999.000,9999.000,9999.000,9999.000,9999.000
202606021818,   0.628,   1.958,9999.000,9999.000,9999.000,9999.000,9999.000,9999.000,9999.000
202606021824,   0.591,   1.948,9999.000,9999.000,9999.000,9999.000,9999.000,9999.000,9999.000
202606021830,   0.557,   1.958,9999.000,9999.000,9999.000,9999.000,9999.000,9999.000,9999.000
202606021836,   0.527,   1.948,9999.000,9999.000,9999.000,9999.000,9999.000,9999.000,9999.000
202606021842,   0.500,   1.889,9999.000,9999.000,9999.000,9999.000,9999.000,9999.000,9999.000
202606021848,   0.477,   1.859,9999.000,9999.000,9999.000,9999.000,9999.000,9999.000,9999.000
202606021854,   0.458,   1.849,9999.000,9999.000,9999.000,9999.000,9999.000,9999.000,9999.000
202606021900,   0.443,   1.820,   1.000,   0.377,   1.820,   0.900,   1.720,   1.000,   1.820
202606021906,   0.433,   1.748,9999.000,9999.000,9999.000,9999.000,9999.000,9999.000,9999.000
202606021912,   0.426,   1.767,9999.000,9999.000,9999.000,9999.000,9999.000,9999.000,9999.000
202606021918,   0.424,   1.810,9999.000,9999.000,9999.000,9999.000,9999.000,9999.000,9999.000
202606021924,   0.427,   1.800,9999.000,9999.000,9999.000,9999.000,9999.000,9999.000,9999.000
202606021930,   0.435,   1.830,9999.000,9999.000,9999.000,9999.000,9999.000,9999.000,9999.000
202606021936,   0.447,   1.810,9999.000,9999.000,9999.000,9999.000,9999.000,9999.000,9999.000
202606021942,   0.464,   1.820,9999.000,9999.000,9999.000,9999.000,9999.000,9999.000,9999.000
202606021948,   0.486,   1.830,9999.000,9999.000,9999.000,9999.000,9999.000,9999.000,9999.000
202606021954,   0.513,   1.908,9999.000,9999.000,9999.000,9999.000,9999.000,9999.000,9999.000
202606022000,   0.544,   1.889,   1.000,   0.345,   1.889,   1.000,   1.889,   1.100,   1.989
202606022006,   0.581,   1.928,9999.000,9999.000,9999.000,9999.000,9999.000,9999.000,9999.000
202606022012,   0.622,   1.899,9999.000,9999.000,9999.000,9999.000,9999.000,9999.000,9999.000
202606022018,   0.668,   1.967,9999.000,9999.000,9999.000,9999.000,9999.000,9999.000,9999.000
202606022024,   0.719,   2.010,9999.000,9999.000,9999.000,9999.000,9999.000,9999.000,9999.000
202606022030,   0.774,   2.059,9999.000,9999.000,9999.000,9999.000,9999.000,9999.000,9999.000
202606022036,   0.833,   2.099,9999.000,9999.000,9999.000,9999.000,9999.000,9999.000,9999.000
202606022042,   0.896,   2.158,9999.000,9999.000,9999.000,9999.000,9999.000,9999.000,9999.000
202606022048,   0.964,   2.191,9999.000,9999.000,9999.000,9999.000,9999.000,9999.000,9999.000
202606022054,   1.035,   2.210,9999.000,9999.000,9999.000,9999.000,9999.000,9999.000,9999.000
202606022100,   1.109,   2.210,   1.100,   0.001,   2.210,   1.000,   2.110,   1.100,   2.210
202606022106,   1.187,   2.318,9999.000,9999.000,9999.000,9999.000,9999.000,9999.000,9999.000
202606022112,   1.268,   2.377,9999.000,9999.000,9999.000,9999.000,9999.000,9999.000,9999.000
202606022118,   1.352,   2.489,9999.000,9999.000,9999.000,9999.000,9999.000,9999.000,9999.000
202606022124,   1.438,   2.630,9999.000,9999.000,9999.000,9999.000,9999.000,9999.000,9999.000
202606022130,   1.526,   2.709,9999.000,9999.000,9999.000,9999.000,9999.000,9999.000,9999.000
202606022136,   1.616,   2.830,9999.000,9999.000,9999.000,9999.000,9999.000,9999.000,9999.000
202606022142,   1.708,   2.869,9999.000,9999.000,9999.000,9999.000,9999.000,9999.000,9999.000
202606022148,   1.801,   2.968,9999.000,9999.000,9999.000,9999.000,9999.000,9999.000,9999.000
202606022154,   1.895,   3.070,9999.000,9999.000,9999.000,9999.000,9999.000,9999.000,9999.000
202606022200,   1.990,   3.109,   1.200,  -0.081,   3.109,   1.100,   3.009,   1.300,   3.209
202606022206,   2.086,   3.299,9999.000,9999.000,9999.000,9999.000,9999.000,9999.000,9999.000
202606022212,   2.181,   3.348,9999.000,9999.000,9999.000,9999.000,9999.000,9999.000,9999.000
202606022218,   2.277,   3.509,9999.000,9999.000,9999.000,9999.000,9999.000,9999.000,9999.000
202606022224,   2.372,   3.598,9999.000,9999.000,9999.000,9999.000,9999.000,9999.000,9999.000
202606022230,   2.467,   3.699,9999.000,9999.000,9999.000,9999.000,9999.000,9999.000,9999.000
202606022236,   2.561,   3.729,9999.000,9999.000,9999.000,9999.000,9999.000,9999.000,9999.000
202606022242,   2.654,   3.880,9999.000,9999.000,9999.000,9999.000,9999.000,9999.000,9999.000
202606022248,   2.746,   4.008,9999.000,9999.000,9999.000,9999.000,9999.000,9999.000,9999.000
202606022254,   2.837,   4.099,9999.000,9999.000,9999.000,9999.000,9999.000,9999.000,9999.000
202606022300,   2.926,   4.139,   1.200,   0.013,   4.139,   1.100,   4.039,   1.300,   4.239
202606022306,   3.014,   4.168,9999.000,9999.000,9999.000,9999.000,9999.000,9999.000,9999.000
202606022312,   3.099,   4.280,9999.000,9999.000,9999.000,9999.000,9999.000,9999.000,9999.000
202606022318,   3.183,   4.388,9999.000,9999.000,9999.000,9999.000,9999.000,9999.000,9999.000
202606022324,   3.265,   4.447,9999.000,9999.000,9999.000,9999.000,9999.000,9999.000,9999.000
202606022330,   3.344,   4.500,9999.000,9999.000,9999.000,9999.000,9999.000,9999.000,9999.000
202606022336,   3.421,   4.618,9999.000,9999.000,9999.000,9999.000,9999.000,9999.000,9999.000
202606022342,   3.496,   4.647,9999.000,9999.000,9999.000,9999.000,9999.000,9999.000,9999.000
202606022348,   3.568,   4.778,9999.000,9999.000,9999.000,9999.000,9999.000,9999.000,9999.000
202606022354,   3.638,   4.857,9999.000,9999.000,9999.000,9999.000,9999.000,9999.000,9999.000
202606030000,   3.705,   4.959,   1.200,   0.054,   4.959,   1.100,   4.859,   1.300,   5.059
202606030006,   3.769,   5.067,9999.000,9999.000,9999.000,9999.000,9999.000,9999.000,9999.000
202606030012,   3.830,   5.169,9999.000,9999.000,9999.000,9999.000,9999.000,9999.000,9999.000
202606030018,   3.888,   5.307,9999.000,9999.000,9999.000,9999.000,9999.000,9999.000,9999.000
202606030024,   3.944,   5.320,9999.000,9999.000,9999.000,9999.000,9999.000,9999.000,9999.000
202606030030,   3.996,   5.389,9999.000,9999.000,9999.000,9999.000,9999.000,9999.000,9999.000
202606030036,   4.044,   5.457,9999.000,9999.000,9999.000,9999.000,9999.000,9999.000,9999.000
202606030042,   4.090,   5.379,9999.000,9999.000,9999.000,9999.000,9999.000,9999.000,9999.000
202606030048,   4.132,   5.369,9999.000,9999.000,9999.000,9999.000,9999.000,9999.000,9999.000
202606030054,   4.170,   5.487,9999.000,9999.000,9999.000,9999.000,9999.000,9999.000,9999.000
202606030100,   4.205,   5.487,   1.200,   0.082,   5.487,   1.100,   5.387,   1.300,   5.587
202606030106,   4.235,   5.579,9999.000,9999.000,9999.000,9999.000,9999.000,9999.000,9999.000
202606030112,   4.262,   5.589,9999.000,9999.000,9999.000,9999.000,9999.000,9999.000,9999.000
202606030118,   4.285,   5.638,9999.000,9999.000,9999.000,9999.000,9999.000,9999.000,9999.000
202606030124,   4.304,   5.657,9999.000,9999.000,9999.000,9999.000,9999.000,9999.000,9999.000
202606030130,   4.318,   5.707,9999.000,9999.000,9999.000,9999.000,9999.000,9999.000,9999.000
202606030136,   4.329,   5.707,9999.000,9999.000,9999.000,9999.000,9999.000,9999.000,9999.000
202606030142,   4.335,   5.789,9999.000,9999.000,9999.000,9999.000,9999.000,9999.000,9999.000
202606030148,   4.336,   5.799,9999.000,9999.000,9999.000,9999.000,9999.000,9999.000,9999.000
202606030154,   4.333,   5.799,9999.000,9999.000,9999.000,9999.000,9999.000,9999.000,9999.000
202606030200,   4.325,   5.818,   1.200,   0.293,   5.818,   1.100,   5.718,   1.300,   5.918
202606030206,   4.313,   5.828,9999.000,9999.000,9999.000,9999.000,9999.000,9999.000,9999.000
202606030212,   4.296,   5.749,9999.000,9999.000,9999.000,9999.000,9999.000,9999.000,9999.000
202606030218,   4.274,   5.717,9999.000,9999.000,9999.000,9999.000,9999.000,9999.000,9999.000
202606030224,   4.248,   5.749,9999.000,9999.000,9999.000,9999.000,9999.000,9999.000,9999.000
202606030230,   4.217,   5.717,9999.000,9999.000,9999.000,9999.000,9999.000,9999.000,9999.000
202606030236,   4.182,   5.730,9999.000,9999.000,9999.000,9999.000,9999.000,9999.000,9999.000
202606030242,   4.142,   5.657,9999.000,9999.000,9999.000,9999.000,9999.000,9999.000,9999.000
202606030248,   4.097,   5.697,9999.000,9999.000,9999.000,9999.000,9999.000,9999.000,9999.000
202606030254,   4.049,   5.687,9999.000,9999.000,9999.000,9999.000,9999.000,9999.000,9999.000
202606030300,   3.996,   5.569,   1.200,   0.373,   5.569,   1.100,   5.469,   1.300,   5.669
202606030306,   3.938,   5.477,9999.000,9999.000,9999.000,9999.000,9999.000,9999.000,9999.000
202606030312,   3.877,   5.487,9999.000,9999.000,9999.000,9999.000,9999.000,9999.000,9999.000
202606030318,   3.812,   5.428,9999.000,9999.000,9999.000,9999.000,9999.000,9999.000,9999.000
202606030324,   3.744,   5.428,9999.000,9999.000,9999.000,9999.000,9999.000,9999.000,9999.000
202606030330,   3.672,   5.389,9999.000,9999.000,9999.000,9999.000,9999.000,9999.000,9999.000
202606030336,   3.597,   5.257,9999.000,9999.000,9999.000,9999.000,9999.000,9999.000,9999.000
202606030342,   3.518,   5.208,9999.000,9999.000,9999.000,9999.000,9999.000,9999.000,9999.000
202606030348,   3.437,   5.097,9999.000,9999.000,9999.000,9999.000,9999.000,9999.000,9999.000
202606030354,   3.354,   4.988,9999.000,9999.000,9999.000,9999.000,9999.000,9999.000,9999.000
202606030400,   3.267,   4.939,   1.200,   0.472,   4.939,   1.100,   4.839,   1.300,   5.039
202606030406,   3.179,   4.818,9999.000,9999.000,9999.000,9999.000,9999.000,9999.000,9999.000
202606030412,   3.089,   4.759,9999.000,9999.000,9999.000,9999.000,9999.000,9999.000,9999.000
202606030418,   2.997,   4.700,9999.000,9999.000,9999.000,9999.000,9999.000,9999.000,9999.000
202606030424,   2.904,   4.569,9999.000,9999.000,9999.000,9999.000,9999.000,9999.000,9999.000
202606030430,   2.810,   4.437,9999.000,9999.000,9999.000,9999.000,9999.000,9999.000,9999.000
202606030436,   2.715,   4.349,9999.000,9999.000,9999.000,9999.000,9999.000,9999.000,9999.000
202606030442,   2.619,   4.339,9999.000,9999.000,9999.000,9999.000,9999.000,9999.000,9999.000
202606030448,   2.522,   4.290,9999.000,9999.000,9999.000,9999.000,9999.000,9999.000,9999.000
202606030454,   2.425,   4.267,9999.000,9999.000,9999.000,9999.000,9999.000,9999.000,9999.000
202606030500,   2.328,   4.099,   1.300,   0.471,   4.099,   1.100,   3.899,   1.300,   4.099
202606030506,   2.232,   4.017,9999.000,9999.000,9999.000,9999.000,9999.000,9999.000,9999.000
202606030512,   2.136,   3.929,9999.000,9999.000,9999.000,9999.000,9999.000,9999.000,9999.000
202606030518,   2.040,   3.837,9999.000,9999.000,9999.000,9999.000,9999.000,9999.000,9999.000
202606030524,   1.945,   3.798,9999.000,9999.000,9999.000,9999.000,9999.000,9999.000,9999.000
202606030530,   1.852,   3.699,9999.000,9999.000,9999.000,9999.000,9999.000,9999.000,9999.000
202606030536,   1.759,   3.568,9999.000,9999.000,9999.000,9999.000,9999.000,9999.000,9999.000
202606030542,   1.668,   3.417,9999.000,9999.000,9999.000,9999.000,9999.000,9999.000,9999.000
202606030548,   1.579,   3.348,9999.000,9999.000,9999.000,9999.000,9999.000,9999.000,9999.000
202606030554,   1.491,   3.299,9999.000,9999.000,9999.000,9999.000,9999.000,9999.000,9999.000
202606030600,   1.406,   3.217,   1.200,   0.611,   3.217,   1.100,   3.117,   1.300,   3.317
202606030606,   1.322,   3.158,9999.000,9999.000,9999.000,9999.000,9999.000,9999.000,9999.000
202606030612,   1.241,   3.138,9999.000,9999.000,9999.000,9999.000,9999.000,9999.000,9999.000
202606030618,   1.163,   3.079,9999.000,9999.000,9999.000,9999.000,9999.000,9999.000,9999.000
202606030624,   1.087,   2.948,9999.000,9999.000,9999.000,9999.000,9999.000,9999.000,9999.000
202606030630,   1.015,   2.850,9999.000,9999.000,9999.000,9999.000,9999.000,9999.000,9999.000
202606030636,   0.945,   2.738,9999.000,9999.000,9999.000,9999.000,9999.000,9999.000,9999.000
202606030642,   0.879,   2.719,9999.000,9999.000,9999.000,9999.000,9999.000,9999.000,9999.000
202606030648,   0.816,   2.640,9999.000,9999.000,9999.000,9999.000,9999.000,9999.000,9999.000
202606030654,   0.757,   2.558,9999.000,9999.000,9999.000,9999.000,9999.000,9999.000,9999.000
202606030700,   0.702,   2.440,   1.200,   0.538,   2.440,   1.100,   2.340,   1.300,   2.540
202606030706,   0.651,   2.400,9999.000,9999.000,9999.000,9999.000,9999.000,9999.000,9999.000
202606030712,   0.604,   2.358,9999.000,9999.000,9999.000,9999.000,9999.000,9999.000,9999.000
202606030718,   0.562,   2.259,9999.000,9999.000,9999.000,9999.000,9999.000,9999.000,9999.000
202606030724,   0.523,   2.250,9999.000,9999.000,9999.000,9999.000,9999.000,9999.000,9999.000
202606030730,   0.490,   2.138,9999.000,9999.000,9999.000,9999.000,9999.000,9999.000,9999.000
202606030736,   0.461,   2.089,9999.000,9999.000,9999.000,9999.000,9999.000,9999.000,9999.000
202606030742,   0.437,   2.118,9999.000,9999.000,9999.000,9999.000,9999.000,9999.000,9999.000
202606030748,   0.418,   2.049,9999.000,9999.000,9999.000,9999.000,9999.000,9999.000,9999.000
202606030754,   0.404,   2.109,9999.000,9999.000,9999.000,9999.000,9999.000,9999.000,9999.000
202606030800,   0.395,   2.099,   1.200,   0.504,   2.099,   1.100,   1.999,   1.300,   2.199
202606030806,   0.391,   2.069,9999.000,9999.000,9999.000,9999.000,9999.000,9999.000,9999.000
202606030812,   0.391,   2.000,9999.000,9999.000,9999.000,9999.000,9999.000,9999.000,9999.000
202606030818,   0.397,   2.010,9999.000,9999.000,9999.000,9999.000,9999.000,9999.000,9999.000
202606030824,   0.408,   2.049,9999.000,9999.000,9999.000,9999.000,9999.000,9999.000,9999.000
202606030830,   0.424,   2.010,9999.000,9999.000,9999.000,9999.000,9999.000,9999.000,9999.000
202606030836,   0.445,   2.010,9999.000,9999.000,9999.000,9999.000,9999.000,9999.000,9999.000
202606030842,   0.471,   2.020,9999.000,9999.000,9999.000,9999.000,9999.000,9999.000,9999.000
202606030848,   0.501,   2.059,9999.000,9999.000,9999.000,9999.000,9999.000,9999.000,9999.000
202606030854,   0.535,   2.099,9999.000,9999.000,9999.000,9999.000,9999.000,9999.000,9999.000
202606030900,   0.574,   2.138,   1.100,   0.464,   2.138,   1.100,   2.138,   1.200,   2.238
202606030906,   0.617,   2.191,9999.000,9999.000,9999.000,9999.000,9999.000,9999.000,9999.000
202606030912,   0.663,   2.220,9999.000,9999.000,9999.000,9999.000,9999.000,9999.000,9999.000
202606030918,   0.714,   2.289,9999.000,9999.000,9999.000,9999.000,9999.000,9999.000,9999.000
202606030924,   0.767,   2.309,9999.000,9999.000,9999.000,9999.000,9999.000,9999.000,9999.000
202606030930,   0.824,   2.328,9999.000,9999.000,9999.000,9999.000,9999.000,9999.000,9999.000
202606030936,   0.884,   2.400,9999.000,9999.000,9999.000,9999.000,9999.000,9999.000,9999.000
202606030942,   0.946,   2.400,9999.000,9999.000,9999.000,9999.000,9999.000,9999.000,9999.000
202606030948,   1.011,   2.430,9999.000,9999.000,9999.000,9999.000,9999.000,9999.000,9999.000
202606030954,   1.077,   2.499,9999.000,9999.000,9999.000,9999.000,9999.000,9999.000,9999.000
202606031000,   1.145,   2.578,   1.100,   0.333,   2.578,   1.100,   2.578,   1.200,   2.678
202606031006,   1.215,   2.630,9999.000,9999.000,9999.000,9999.000,9999.000,9999.000,9999.000
202606031012,   1.285,   2.719,9999.000,9999.000,9999.000,9999.000,9999.000,9999.000,9999.000
202606031018,   1.357,   2.758,9999.000,9999.000,9999.000,9999.000,9999.000,9999.000,9999.000
202606031024,   1.429,   2.840,9999.000,9999.000,9999.000,9999.000,9999.000,9999.000,9999.000
202606031030,   1.501,   2.879,9999.000,9999.000,9999.000,9999.000,9999.000,9999.000,9999.000
202606031036,   1.574,   2.899,9999.000,9999.000,9999.000,9999.000,9999.000,9999.000,9999.000
202606031042,   1.646,   3.007,9999.000,9999.000,9999.000,9999.000,9999.000,9999.000,9999.000
202606031048,   1.717,   3.070,9999.000,9999.000,9999.000,9999.000,9999.000,9999.000,9999.000
202606031054,   1.789,   3.178,9999.000,9999.000,9999.000,9999.000,9999.000,9999.000,9999.000
202606031100,   1.859,   3.240,   1.100,   0.281,   3.240,   1.100,   3.240,   1.200,   3.340
202606031106,   1.928,   3.309,9999.000,9999.000,9999.000,9999.000,9999.000,9999.000,9999.000
202606031112,   1.996,   3.358,9999.000,9999.000,9999.000,9999.000,9999.000,9999.000,9999.000
202606031118,   2.063,   3.440,9999.000,9999.000,9999.000,9999.000,9999.000,9999.000,9999.000
202606031124,   2.129,   3.499,9999.000,9999.000,9999.000,9999.000,9999.000,9999.000,9999.000
202606031130,   2.192,   3.558,9999.000,9999.000,9999.000,9999.000,9999.000,9999.000,9999.000
202606031136,   2.255,   3.598,9999.000,9999.000,9999.000,9999.000,9999.000,9999.000,9999.000
202606031142,   2.315,   3.660,9999.000,9999.000,9999.000,9999.000,9999.000,9999.000,9999.000
202606031148,   2.374,   3.699,9999.000,9999.000,9999.000,9999.000,9999.000,9999.000,9999.000
202606031154,   2.430,   3.739,9999.000,9999.000,9999.000,9999.000,9999.000,9999.000,9999.000
202606031200,   2.485,   3.817,   1.100,   0.232,   3.817,   1.000,   3.717,   1.100,   3.817
202606031206,   2.538,   3.827,9999.000,9999.000,9999.000,9999.000,9999.000,9999.000,9999.000
202606031212,   2.588,   3.899,9999.000,9999.000,9999.000,9999.000,9999.000,9999.000,9999.000
202606031218,   2.637,   3.929,9999.000,9999.000,9999.000,9999.000,9999.000,9999.000,9999.000
202606031224,   2.683,   3.998,9999.000,9999.000,9999.000,9999.000,9999.000,9999.000,9999.000
202606031230,   2.727,   4.057,9999.000,9999.000,9999.000,9999.000,9999.000,9999.000,9999.000
202606031236,   2.769,   4.139,9999.000,9999.000,9999.000,9999.000,9999.000,9999.000,9999.000
202606031242,   2.808,   4.208,9999.000,9999.000,9999.000,9999.000,9999.000,9999.000,9999.000
202606031248,   2.845,   4.257,9999.000,9999.000,9999.000,9999.000,9999.000,9999.000,9999.000
202606031254,   2.880,   4.280,9999.000,9999.000,9999.000,9999.000,9999.000,9999.000,9999.000
202606031300,   2.912,   4.339,   1.000,   0.427,   4.339,   1.000,   4.339,   1.100,   4.439
202606031306,   2.942,   4.349,9999.000,9999.000,9999.000,9999.000,9999.000,9999.000,9999.000
202606031312,   2.969,   4.359,9999.000,9999.000,9999.000,9999.000,9999.000,9999.000,9999.000
202606031318,   2.994,   4.368,9999.000,9999.000,9999.000,9999.000,9999.000,9999.000,9999.000
202606031324,   3.015,   4.408,9999.000,9999.000,9999.000,9999.000,9999.000,9999.000,9999.000
202606031330,   3.034,   4.349,9999.000,9999.000,9999.000,9999.000,9999.000,9999.000,9999.000
202606031336,   3.050,   4.418,9999.000,9999.000,9999.000,9999.000,9999.000,9999.000,9999.000
202606031342,   3.063,   4.447,9999.000,9999.000,9999.000,9999.000,9999.000,9999.000,9999.000
202606031348,   3.073,   4.490,9999.000,9999.000,9999.000,9999.000,9999.000,9999.000,9999.000
202606031354,   3.080,   4.490,9999.000,9999.000,9999.000,9999.000,9999.000,9999.000,9999.000
202606031400,   3.084,   4.539,   1.000,   0.455,   4.539,   0.900,   4.439,   1.100,   4.639
202606031406,   3.084,   4.549,9999.000,9999.000,9999.000,9999.000,9999.000,9999.000,9999.000
202606031412,   3.082,   4.559,9999.000,9999.000,9999.000,9999.000,9999.000,9999.000,9999.000
202606031418,   3.075,   4.529,9999.000,9999.000,9999.000,9999.000,9999.000,9999.000,9999.000
202606031424,   3.066,   4.509,9999.000,9999.000,9999.000,9999.000,9999.000,9999.000,9999.000
202606031430,   3.053,   4.519,9999.000,9999.000,9999.000,9999.000,9999.000,9999.000,9999.000
202606031436,   3.036,   4.490,9999.000,9999.000,9999.000,9999.000,9999.000,9999.000,9999.000
202606031442,   3.016,   4.490,9999.000,9999.000,9999.000,9999.000,9999.000,9999.000,9999.000
202606031448,   2.993,   4.500,9999.000,9999.000,9999.000,9999.000,9999.000,9999.000,9999.000
202606031454,   2.966,   4.490,9999.000,9999.000,9999.000,9999.000,9999.000,9999.000,9999.000
202606031500,   2.935,   4.480,   1.000,   0.545,   4.480,   0.900,   4.380,   1.000,   4.480
202606031506,   2.902,   4.447,9999.000,9999.000,9999.000,9999.000,9999.000,9999.000,9999.000
202606031512,   2.865,   4.447,9999.000,9999.000,9999.000,9999.000,9999.000,9999.000,9999.000
202606031518,   2.825,   4.418,9999.000,9999.000,9999.000,9999.000,9999.000,9999.000,9999.000
202606031524,   2.781,   4.368,9999.000,9999.000,9999.000,9999.000,9999.000,9999.000,9999.000
202606031530,   2.735,   4.319,9999.000,9999.000,9999.000,9999.000,9999.000,9999.000,9999.000
202606031536,   2.686,   4.208,9999.000,9999.000,9999.000,9999.000,9999.000,9999.000,9999.000
202606031542,   2.634,   4.198,9999.000,9999.000,9999.000,9999.000,9999.000,9999.000,9999.000
202606031548,   2.580,   4.139,9999.000,9999.000,9999.000,9999.000,9999.000,9999.000,9999.000
202606031554,   2.523,   4.057,9999.000,9999.000,9999.000,9999.000,9999.000,9999.000,9999.000
202606031600,   2.464,   3.978,   1.000,   0.514,   3.978,   0.900,   3.878,   1.000,   3.978
202606031606,   2.403,   3.929,9999.000,9999.000,9999.000,9999.000,9999.000,9999.000,9999.000
202606031612,   2.340,   3.890,9999.000,9999.000,9999.000,9999.000,9999.000,9999.000,9999.000
202606031618,   2.276,   3.817,9999.000,9999.000,9999.000,9999.000,9999.000,9999.000,9999.000
202606031624,   2.210,   3.778,9999.000,9999.000,9999.000,9999.000,9999.000,9999.000,9999.000
202606031630,   2.143,   3.699,9999.000,9999.000,9999.000,9999.000,9999.000,9999.000,9999.000
202606031636,   2.075,   3.650,9999.000,9999.000,9999.000,9999.000,9999.000,9999.000,9999.000
202606031642,   2.006,   3.578,9999.000,9999.000,9999.000,9999.000,9999.000,9999.000,9999.000
202606031648,   1.937,   3.509,9999.000,9999.000,9999.000,9999.000,9999.000,9999.000,9999.000
202606031654,   1.867,   3.417,9999.000,9999.000,9999.000,9999.000,9999.000,9999.000,9999.000
202606031700,   1.797,   3.368,   1.000,   0.571,   3.368,   0.900,   3.268,   1.000,   3.368
202606031706,   1.727,   3.260,9999.000,9999.000,9999.000,9999.000,9999.000,9999.000,9999.000
202606031712,   1.658,   3.197,9999.000,9999.000,9999.000,9999.000,9999.000,9999.000,9999.000
202606031718,   1.589,   3.109,9999.000,9999.000,9999.000,9999.000,9999.000,9999.000,9999.000
202606031724,   1.521,   3.109,9999.000,9999.000,9999.000,9999.000,9999.000,9999.000,9999.000
202606031730,   1.453,   3.050,9999.000,9999.000,9999.000,9999.000,9999.000,9999.000,9999.000
202606031736,   1.387,   2.899,9999.000,9999.000,9999.000,9999.000,9999.000,9999.000,9999.000
202606031742,   1.322,   2.869,9999.000,9999.000,9999.000,9999.000,9999.000,9999.000,9999.000
202606031748,   1.258,   2.830,9999.000,9999.000,9999.000,9999.000,9999.000,9999.000,9999.000
202606031754,   1.196,   2.768,9999.000,9999.000,9999.000,9999.000,9999.000,9999.000,9999.000
202606031800,   1.135,   2.669,   1.000,   0.534,   2.669,   0.900,   2.569,   1.100,   2.769
202606031806,   1.076,   2.528,9999.000,9999.000,9999.000,9999.000,9999.000,9999.000,9999.000
202606031812,   1.020,   2.499,9999.000,9999.000,9999.000,9999.000,9999.000,9999.000,9999.000
202606031818,   0.965,   2.430,9999.000,9999.000,9999.000,9999.000,9999.000,9999.000,9999.000
202606031824,   0.913,   2.400,9999.000,9999.000,9999.000,9999.000,9999.000,9999.000,9999.000
202606031830,   0.864,   2.387,9999.000,9999.000,9999.000,9999.000,9999.000,9999.000,9999.000
202606031836,   0.817,   2.240,9999.000,9999.000,9999.000,9999.000,9999.000,9999.000,9999.000
202606031842,   0.773,   2.210,9999.000,9999.000,9999.000,9999.000,9999.000,9999.000,9999.000
202606031848,   0.732,   2.220,9999.000,9999.000,9999.000,9999.000,9999.000,9999.000,9999.000
202606031854,   0.693,   2.138,9999.000,9999.000,9999.000,9999.000,9999.000,9999.000,9999.000
202606031900,   0.658,   2.109,   1.000,   0.451,   2.109,   0.900,   2.009,   1.100,   2.209
202606031906,   0.627,   2.118,9999.000,9999.000,9999.000,9999.000,9999.000,9999.000,9999.000
202606031912,   0.599,   2.059,9999.000,9999.000,9999.000,9999.000,9999.000,9999.000,9999.000
202606031918,   0.574,   2.049,9999.000,9999.000,9999.000,9999.000,9999.000,9999.000,9999.000
202606031924,   0.553,   2.010,9999.000,9999.000,9999.000,9999.000,9999.000,9999.000,9999.000
202606031930,   0.536,   1.918,9999.000,9999.000,9999.000,9999.000,9999.000,9999.000,9999.000
202606031936,   0.523,   1.859,9999.000,9999.000,9999.000,9999.000,9999.000,9999.000,9999.000
202606031942,   0.514,   1.830,9999.000,9999.000,9999.000,9999.000,9999.000,9999.000,9999.000
202606031948,   0.510,   1.800,9999.000,9999.000,9999.000,9999.000,9999.000,9999.000,9999.000
202606031954,   0.509,   1.718,9999.000,9999.000,9999.000,9999.000,9999.000,9999.000,9999.000
202606032000,   0.513,   1.758,   1.000,   0.245,   1.758,   0.900,   1.658,   1.100,   1.858
202606032006,   0.522,   1.767,9999.000,9999.000,9999.000,9999.000,9999.000,9999.000,9999.000
202606032012,   0.534,   1.820,9999.000,9999.000,9999.000,9999.000,9999.000,9999.000,9999.000
202606032018,   0.552,   1.781,9999.000,9999.000,9999.000,9999.000,9999.000,9999.000,9999.000
202606032024,   0.574,   1.800,9999.000,9999.000,9999.000,9999.000,9999.000,9999.000,9999.000
202606032030,   0.600,   1.830,9999.000,9999.000,9999.000,9999.000,9999.000,9999.000,9999.000
202606032036,   0.631,   1.879,9999.000,9999.000,9999.000,9999.000,9999.000,9999.000,9999.000
202606032042,   0.667,   1.928,9999.000,9999.000,9999.000,9999.000,9999.000,9999.000,9999.000
202606032048,   0.706,   1.967,9999.000,9999.000,9999.000,9999.000,9999.000,9999.000,9999.000
202606032054,   0.751,   2.020,9999.000,9999.000,9999.000,9999.000,9999.000,9999.000,9999.000
202606032100,   0.799,   2.000,   1.000,   0.201,   2.000,   0.900,   1.900,   1.100,   2.100
202606032106,   0.852,   2.040,9999.000,9999.000,9999.000,9999.000,9999.000,9999.000,9999.000
202606032112,   0.908,   2.079,9999.000,9999.000,9999.000,9999.000,9999.000,9999.000,9999.000
202606032118,   0.969,   2.148,9999.000,9999.000,9999.000,9999.000,9999.000,9999.000,9999.000
202606032124,   1.033,   2.210,9999.000,9999.000,9999.000,9999.000,9999.000,9999.000,9999.000
202606032130,   1.101,   2.279,9999.000,9999.000,9999.000,9999.000,9999.000,9999.000,9999.000
202606032136,   1.171,   2.348,9999.000,9999.000,9999.000,9999.000,9999.000,9999.000,9999.000
202606032142,   1.245,   2.377,9999.000,9999.000,9999.000,9999.000,9999.000,9999.000,9999.000
202606032148,   1.322,   2.509,9999.000,9999.000,9999.000,9999.000,9999.000,9999.000,9999.000
202606032154,   1.401,   2.640,9999.000,9999.000,9999.000,9999.000,9999.000,9999.000,9999.000
202606032200,   1.483,   2.709,   1.000,   0.226,   2.709,   1.000,   2.709,   1.100,   2.809
202606032206,   1.567,   2.778,9999.000,9999.000,9999.000,9999.000,9999.000,9999.000,9999.000
202606032212,   1.652,   2.919,9999.000,9999.000,9999.000,9999.000,9999.000,9999.000,9999.000
202606032218,   1.739,   2.929,9999.000,9999.000,9999.000,9999.000,9999.000,9999.000,9999.000
202606032224,   1.827,   3.017,9999.000,9999.000,9999.000,9999.000,9999.000,9999.000,9999.000
202606032230,   1.916,   3.109,9999.000,9999.000,9999.000,9999.000,9999.000,9999.000,9999.000
202606032236,   2.005,   3.188,9999.000,9999.000,9999.000,9999.000,9999.000,9999.000,9999.000
202606032242,   2.096,   3.270,9999.000,9999.000,9999.000,9999.000,9999.000,9999.000,9999.000
202606032248,   2.186,   3.339,9999.000,9999.000,9999.000,9999.000,9999.000,9999.000,9999.000
202606032254,   2.276,   3.480,9999.000,9999.000,9999.000,9999.000,9999.000,9999.000,9999.000
202606032300,   2.366,   3.568,   1.100,   0.102,   3.568,   1.000,   3.468,   1.200,   3.668
202606032306,   2.455,   3.650,9999.000,9999.000,9999.000,9999.000,9999.000,9999.000,9999.000
202606032312,   2.543,   3.749,9999.000,9999.000,9999.000,9999.000,9999.000,9999.000,9999.000
202606032318,   2.631,   3.847,9999.000,9999.000,9999.000,9999.000,9999.000,9999.000,9999.000
202606032324,   2.717,   3.929,9999.000,9999.000,9999.000,9999.000,9999.000,9999.000,9999.000
202606032330,   2.802,   3.998,9999.000,9999.000,9999.000,9999.000,9999.000,9999.000,9999.000
202606032336,   2.885,   4.090,9999.000,9999.000,9999.000,9999.000,9999.000,9999.000,9999.000
202606032342,   2.967,   4.188,9999.000,9999.000,9999.000,9999.000,9999.000,9999.000,9999.000
202606032348,   3.047,   4.290,9999.000,9999.000,9999.000,9999.000,9999.000,9999.000,9999.000
202606032354,   3.126,   4.349,9999.000,9999.000,9999.000,9999.000,9999.000,9999.000,9999.000
202606040000,   3.202,   4.408,   1.000,   0.206,   4.408,   0.900,   4.308,   1.100,   4.508
202606040006,   3.276,   4.467,9999.000,9999.000,9999.000,9999.000,9999.000,9999.000,9999.000
202606040012,   3.348,   4.529,9999.000,9999.000,9999.000,9999.000,9999.000,9999.000,9999.000
202606040018,   3.418,   4.559,9999.000,9999.000,9999.000,9999.000,9999.000,9999.000,9999.000
202606040024,   3.486,   4.598,9999.000,9999.000,9999.000,9999.000,9999.000,9999.000,9999.000
202606040030,   3.551,   4.677,9999.000,9999.000,9999.000,9999.000,9999.000,9999.000,9999.000
202606040036,   3.614,   4.719,9999.000,9999.000,9999.000,9999.000,9999.000,9999.000,9999.000
202606040042,   3.674,   4.778,9999.000,9999.000,9999.000,9999.000,9999.000,9999.000,9999.000
202606040048,   3.731,   4.837,9999.000,9999.000,9999.000,9999.000,9999.000,9999.000,9999.000
202606040054,   3.786,   4.929,9999.000,9999.000,9999.000,9999.000,9999.000,9999.000,9999.000
202606040100,   3.839,   5.008,   1.000,   0.169,   5.008,   0.900,   4.908,   1.100,   5.108
202606040106,   3.888,   5.008,9999.000,9999.000,9999.000,9999.000,9999.000,9999.000,9999.000
202606040112,   3.935,   5.077,9999.000,9999.000,9999.000,9999.000,9999.000,9999.000,9999.000
202606040118,   3.979,   5.149,9999.000,9999.000,9999.000,9999.000,9999.000,9999.000,9999.000
202606040124,   4.019,   5.218,9999.000,9999.000,9999.000,9999.000,9999.000,9999.000,9999.000
202606040130,   4.057,   5.228,9999.000,9999.000,9999.000,9999.000,9999.000,9999.000,9999.000
202606040136,   4.091,   5.297,9999.000,9999.000,9999.000,9999.000,9999.000,9999.000,9999.000
202606040142,   4.122,   5.320,9999.000,9999.000,9999.000,9999.000,9999.000,9999.000,9999.000
202606040148,   4.149,   5.287,9999.000,9999.000,9999.000,9999.000,9999.000,9999.000,9999.000
202606040154,   4.173,   5.320,9999.000,9999.000,9999.000,9999.000,9999.000,9999.000,9999.000
202606040200,   4.194,   5.307,   1.000,   0.113,   5.307,   0.900,   5.207,   1.100,   5.407
202606040206,   4.210,   5.307,9999.000,9999.000,9999.000,9999.000,9999.000,9999.000,9999.000
202606040212,   4.223,   5.389,9999.000,9999.000,9999.000,9999.000,9999.000,9999.000,9999.000
202606040218,   4.231,   5.369,9999.000,9999.000,9999.000,9999.000,9999.000,9999.000,9999.000
202606040224,   4.236,   5.339,9999.000,9999.000,9999.000,9999.000,9999.000,9999.000,9999.000
202606040230,   4.236,   5.389,9999.000,9999.000,9999.000,9999.000,9999.000,9999.000,9999.000
202606040236,   4.232,   5.369,9999.000,9999.000,9999.000,9999.000,9999.000,9999.000,9999.000
202606040242,   4.224,   5.349,9999.000,9999.000,9999.000,9999.000,9999.000,9999.000,9999.000
202606040248,   4.211,   5.408,9999.000,9999.000,9999.000,9999.000,9999.000,9999.000,9999.000
202606040254,   4.194,   5.369,9999.000,9999.000,9999.000,9999.000,9999.000,9999.000,9999.000
202606040300,   4.172,   5.339,   1.000,   0.167,   5.339,   0.900,   5.239,   1.000,   5.339
202606040306,   4.146,   5.339,9999.000,9999.000,9999.000,9999.000,9999.000,9999.000,9999.000
202606040312,   4.115,   5.359,9999.000,9999.000,9999.000,9999.000,9999.000,9999.000,9999.000
202606040318,   4.079,   5.277,9999.000,9999.000,9999.000,9999.000,9999.000,9999.000,9999.000
202606040324,   4.039,   5.247,9999.000,9999.000,9999.000,9999.000,9999.000,9999.000,9999.000
202606040330,   3.995,   5.149,9999.000,9999.000,9999.000,9999.000,9999.000,9999.000,9999.000
202606040336,   3.946,   5.139,9999.000,9999.000,9999.000,9999.000,9999.000,9999.000,9999.000
202606040342,   3.893,   5.067,9999.000,9999.000,9999.000,9999.000,9999.000,9999.000,9999.000
202606040348,   3.835,   5.028,9999.000,9999.000,9999.000,9999.000,9999.000,9999.000,9999.000
202606040354,   3.774,   4.969,9999.000,9999.000,9999.000,9999.000,9999.000,9999.000,9999.000
202606040400,   3.709,   4.887,   0.900,   0.278,   4.887,   0.900,   4.887,   1.000,   4.987
202606040406,   3.639,   4.808,9999.000,9999.000,9999.000,9999.000,9999.000,9999.000,9999.000
202606040412,   3.567,   4.739,9999.000,9999.000,9999.000,9999.000,9999.000,9999.000,9999.000
202606040418,   3.491,   4.677,9999.000,9999.000,9999.000,9999.000,9999.000,9999.000,9999.000
202606040424,   3.412,   4.529,9999.000,9999.000,9999.000,9999.000,9999.000,9999.000,9999.000
202606040430,   3.330,   4.467,9999.000,9999.000,9999.000,9999.000,9999.000,9999.000,9999.000
202606040436,   3.245,   4.378,9999.000,9999.000,9999.000,9999.000,9999.000,9999.000,9999.000
202606040442,   3.158,   4.349,9999.000,9999.000,9999.000,9999.000,9999.000,9999.000,9999.000
202606040448,   3.069,   4.247,9999.000,9999.000,9999.000,9999.000,9999.000,9999.000,9999.000
202606040454,   2.977,   4.139,9999.000,9999.000,9999.000,9999.000,9999.000,9999.000,9999.000
202606040500,   2.885,   4.037,   0.900,   0.252,   4.037,   0.900,   4.037,   1.000,   4.137
202606040506,   2.791,   3.958,9999.000,9999.000,9999.000,9999.000,9999.000,9999.000,9999.000
202606040512,   2.695,   3.860,9999.000,9999.000,9999.000,9999.000,9999.000,9999.000,9999.000
202606040518,   2.599,   3.749,9999.000,9999.000,9999.000,9999.000,9999.000,9999.000,9999.000
202606040524,   2.503,   3.617,9999.000,9999.000,9999.000,9999.000,9999.000,9999.000,9999.000
202606040530,   2.406,   3.568,9999.000,9999.000,9999.000,9999.000,9999.000,9999.000,9999.000
202606040536,   2.309,   3.470,9999.000,9999.000,9999.000,9999.000,9999.000,9999.000,9999.000
202606040542,   2.213,   3.417,9999.000,9999.000,9999.000,9999.000,9999.000,9999.000,9999.000
202606040548,   2.116,   3.319,9999.000,9999.000,9999.000,9999.000,9999.000,9999.000,9999.000
202606040554,   2.021,   3.240,9999.000,9999.000,9999.000,9999.000,9999.000,9999.000,9999.000
202606040600,   1.927,   3.178,   0.800,   0.451,   3.178,   0.800,   3.178,   0.900,   3.278
202606040606,   1.834,   3.089,9999.000,9999.000,9999.000,9999.000,9999.000,9999.000,9999.000
202606040612,   1.742,   2.978,9999.000,9999.000,9999.000,9999.000,9999.000,9999.000,9999.000
202606040618,   1.652,   2.879,9999.000,9999.000,9999.000,9999.000,9999.000,9999.000,9999.000
202606040624,   1.563,   2.748,9999.000,9999.000,9999.000,9999.000,9999.000,9999.000,9999.000
202606040630,   1.477,   2.630,9999.000,9999.000,9999.000,9999.000,9999.000,9999.000,9999.000
202606040636,   1.393,   2.528,9999.000,9999.000,9999.000,9999.000,9999.000,9999.000,9999.000
202606040642,   1.312,   2.489,9999.000,9999.000,9999.000,9999.000,9999.000,9999.000,9999.000
202606040648,   1.233,   2.368,9999.000,9999.000,9999.000,9999.000,9999.000,9999.000,9999.000
202606040654,   1.156,   2.289,9999.000,9999.000,9999.000,9999.000,9999.000,9999.000,9999.000
202606040700,   1.083,   2.289,   0.800,   0.406,   2.289,   0.800,   2.289,   0.900,   2.389
202606040706,   1.013,   2.191,9999.000,9999.000,9999.000,9999.000,9999.000,9999.000,9999.000
202606040712,   0.946,   2.079,9999.000,9999.000,9999.000,9999.000,9999.000,9999.000,9999.000
202606040718,   0.883,   2.000,9999.000,9999.000,9999.000,9999.000,9999.000,9999.000,9999.000
202606040724,   0.823,   1.938,9999.000,9999.000,9999.000,9999.000,9999.000,9999.000,9999.000
202606040730,   0.767,   1.899,9999.000,9999.000,9999.000,9999.000,9999.000,9999.000,9999.000
202606040736,   0.714,   1.820,9999.000,9999.000,9999.000,9999.000,9999.000,9999.000,9999.000
202606040742,   0.666,   1.758,9999.000,9999.000,9999.000,9999.000,9999.000,9999.000,9999.000
202606040748,   0.622,   1.728,9999.000,9999.000,9999.000,9999.000,9999.000,9999.000,9999.000
202606040754,   0.582,   1.639,9999.000,9999.000,9999.000,9999.000,9999.000,9999.000,9999.000
202606040800,   0.546,   1.610,   0.800,   0.264,   1.610,   0.700,   1.510,   0.900,   1.710
202606040806,   0.515,   1.571,9999.000,9999.000,9999.000,9999.000,9999.000,9999.000,9999.000
202606040812,   0.488,   1.538,9999.000,9999.000,9999.000,9999.000,9999.000,9999.000,9999.000
202606040818,   0.466,   1.528,9999.000,9999.000,9999.000,9999.000,9999.000,9999.000,9999.000
202606040824,   0.448,   1.469,9999.000,9999.000,9999.000,9999.000,9999.000,9999.000,9999.000
202606040830,   0.436,   1.410,9999.000,9999.000,9999.000,9999.000,9999.000,9999.000,9999.000
202606040836,   0.427,   1.410,9999.000,9999.000,9999.000,9999.000,9999.000,9999.000,9999.000
202606040842,   0.424,   1.328,9999.000,9999.000,9999.000,9999.000,9999.000,9999.000,9999.000
202606040848,   0.425,   1.361,9999.000,9999.000,9999.000,9999.000,9999.000,9999.000,9999.000
202606040854,   0.431,   1.380,9999.000,9999.000,9999.000,9999.000,9999.000,9999.000,9999.000
202606040900,   0.442,   1.338,   0.800,   0.096,   1.338,   0.700,   1.238,   0.800,   1.338
202606040906,   0.457,   1.348,9999.000,9999.000,9999.000,9999.000,9999.000,9999.000,9999.000
202606040912,   0.477,   1.338,9999.000,9999.000,9999.000,9999.000,9999.000,9999.000,9999.000
202606040918,   0.501,   1.371,9999.000,9999.000,9999.000,9999.000,9999.000,9999.000,9999.000
202606040924,   0.530,   1.430,9999.000,9999.000,9999.000,9999.000,9999.000,9999.000,9999.000
202606040930,   0.563,   1.459,9999.000,9999.000,9999.000,9999.000,9999.000,9999.000,9999.000
202606040936,   0.600,   1.469,9999.000,9999.000,9999.000,9999.000,9999.000,9999.000,9999.000
202606040942,   0.640,   1.498,9999.000,9999.000,9999.000,9999.000,9999.000,9999.000,9999.000
202606040948,   0.685,   1.518,9999.000,9999.000,9999.000,9999.000,9999.000,9999.000,9999.000
202606040954,   0.733,   1.548,9999.000,9999.000,9999.000,9999.000,9999.000,9999.000,9999.000
202606041000,   0.784,   1.610,   0.700,   0.126,   1.610,   0.700,   1.610,   0.800,   1.710
202606041006,   0.838,   1.649,9999.000,9999.000,9999.000,9999.000,9999.000,9999.000,9999.000
202606041012,   0.895,   1.728,9999.000,9999.000,9999.000,9999.000,9999.000,9999.000,9999.000
202606041018,   0.954,   1.748,9999.000,9999.000,9999.000,9999.000,9999.000,9999.000,9999.000
202606041024,   1.016,   1.830,9999.000,9999.000,9999.000,9999.000,9999.000,9999.000,9999.000
202606041030,   1.080,   1.899,9999.000,9999.000,9999.000,9999.000,9999.000,9999.000,9999.000
202606041036,   1.145,   2.030,9999.000,9999.000,9999.000,9999.000,9999.000,9999.000,9999.000
202606041042,   1.212,   2.079,9999.000,9999.000,9999.000,9999.000,9999.000,9999.000,9999.000
202606041048,   1.280,   2.138,9999.000,9999.000,9999.000,9999.000,9999.000,9999.000,9999.000
202606041054,   1.349,   2.200,9999.000,9999.000,9999.000,9999.000,9999.000,9999.000,9999.000
202606041100,   1.418,   2.269,   0.700,   0.151,   2.269,   0.600,   2.169,   0.800,   2.369
202606041106,   1.488,   2.328,9999.000,9999.000,9999.000,9999.000,9999.000,9999.000,9999.000
202606041112,   1.559,   2.377,9999.000,9999.000,9999.000,9999.000,9999.000,9999.000,9999.000
202606041118,   1.629,   2.450,9999.000,9999.000,9999.000,9999.000,9999.000,9999.000,9999.000
202606041124,   1.699,   2.528,9999.000,9999.000,9999.000,9999.000,9999.000,9999.000,9999.000
202606041130,   1.768,   2.568,9999.000,9999.000,9999.000,9999.000,9999.000,9999.000,9999.000
202606041136,   1.836,   2.620,9999.000,9999.000,9999.000,9999.000,9999.000,9999.000,9999.000
202606041142,   1.904,   2.660,9999.000,9999.000,9999.000,9999.000,9999.000,9999.000,9999.000
202606041148,   1.971,   2.709,9999.000,9999.000,9999.000,9999.000,9999.000,9999.000,9999.000
202606041154,   2.037,   2.787,9999.000,9999.000,9999.000,9999.000,9999.000,9999.000,9999.000
202606041200,   2.101,   2.860,   0.600,   0.159,   2.860,   0.600,   2.860,   0.700,   2.960
202606041206,   2.164,   2.909,9999.000,9999.000,9999.000,9999.000,9999.000,9999.000,9999.000
202606041212,   2.225,   2.997,9999.000,9999.000,9999.000,9999.000,9999.000,9999.000,9999.000
202606041218,   2.285,   3.050,9999.000,9999.000,9999.000,9999.000,9999.000,9999.000,9999.000
202606041224,   2.343,   3.109,9999.000,9999.000,9999.000,9999.000,9999.000,9999.000,9999.000
202606041230,   2.399,   3.240,9999.000,9999.000,9999.000,9999.000,9999.000,9999.000,9999.000
202606041236,   2.454,   3.329,9999.000,9999.000,9999.000,9999.000,9999.000,9999.000,9999.000
202606041242,   2.506,   3.388,9999.000,9999.000,9999.000,9999.000,9999.000,9999.000,9999.000
202606041248,   2.557,   3.440,9999.000,9999.000,9999.000,9999.000,9999.000,9999.000,9999.000
202606041254,   2.606,   3.509,9999.000,9999.000,9999.000,9999.000,9999.000,9999.000,9999.000
202606041300,   2.653,   3.548,   0.600,   0.295,   3.548,   0.600,   3.548,   0.700,   3.648
202606041306,   2.698,   3.598,9999.000,9999.000,9999.000,9999.000,9999.000,9999.000,9999.000
202606041312,   2.740,   3.617,9999.000,9999.000,9999.000,9999.000,9999.000,9999.000,9999.000
202606041318,   2.781,   3.670,9999.000,9999.000,9999.000,9999.000,9999.000,9999.000,9999.000
202606041324,   2.820,   3.709,9999.000,9999.000,9999.000,9999.000,9999.000,9999.000,9999.000
202606041330,   2.856,   3.719,9999.000,9999.000,9999.000,9999.000,9999.000,9999.000,9999.000
202606041336,   2.890,   3.788,9999.000,9999.000,9999.000,9999.000,9999.000,9999.000,9999.000
202606041342,   2.922,   3.808,9999.000,9999.000,9999.000,9999.000,9999.000,9999.000,9999.000
202606041348,   2.951,   3.847,9999.000,9999.000,9999.000,9999.000,9999.000,9999.000,9999.000
202606041354,   2.978,   3.929,9999.000,9999.000,9999.000,9999.000,9999.000,9999.000,9999.000
202606041400,   3.003,   4.008,   0.600,   0.405,   4.008,   0.600,   4.008,   0.700,   4.108
202606041406,   3.025,   3.998,9999.000,9999.000,9999.000,9999.000,9999.000,9999.000,9999.000
202606041412,   3.044,   4.080,9999.000,9999.000,9999.000,9999.000,9999.000,9999.000,9999.000
202606041418,   3.061,   4.099,9999.000,9999.000,9999.000,9999.000,9999.000,9999.000,9999.000
202606041424,   3.074,9999.000,9999.000,9999.000,9999.000,9999.000,9999.000,9999.000,9999.000
202606041430,   3.085,9999.000,9999.000,9999.000,9999.000,9999.000,9999.000,9999.000,9999.000
202606041436,   3.093,   4.119,9999.000,9999.000,9999.000,9999.000,9999.000,9999.000,9999.000
202606041442,   3.098,   4.168,9999.000,9999.000,9999.000,9999.000,9999.000,9999.000,9999.000
202606041448,   3.099,   4.159,9999.000,9999.000,9999.000,9999.000,9999.000,9999.000,9999.000
202606041454,   3.097,   4.159,9999.000,9999.000,9999.000,9999.000,9999.000,9999.000,9999.000
202606041500,   3.092,   4.149,   0.600,   0.457,   4.149,   0.600,   4.149,   0.700,   4.249
202606041506,   3.083,   4.178,9999.000,9999.000,9999.000,9999.000,9999.000,9999.000,9999.000
202606041512,   3.071,   4.159,9999.000,9999.000,9999.000,9999.000,9999.000,9999.000,9999.000
202606041518,   3.055,   4.178,9999.000,9999.000,9999.000,9999.000,9999.000,9999.000,9999.000
202606041524,   3.036,   4.178,9999.000,9999.000,9999.000,9999.000,9999.000,9999.000,9999.000
202606041530,   3.013,   4.119,9999.000,9999.000,9999.000,9999.000,9999.000,9999.000,9999.000
202606041536,   2.987,   4.119,9999.000,9999.000,9999.000,9999.000,9999.000,9999.000,9999.000
202606041542,   2.957,   4.080,9999.000,9999.000,9999.000,9999.000,9999.000,9999.000,9999.000
202606041548,   2.923,   4.017,9999.000,9999.000,9999.000,9999.000,9999.000,9999.000,9999.000
202606041554,   2.886,   3.988,9999.000,9999.000,9999.000,9999.000,9999.000,9999.000,9999.000
202606041600,   2.846,   3.968,   0.600,   0.522,   3.968,   0.600,   3.968,   0.700,   4.068
202606041606,   2.802,   3.929,9999.000,9999.000,9999.000,9999.000,9999.000,9999.000,9999.000
202606041612,   2.756,   3.827,9999.000,9999.000,9999.000,9999.000,9999.000,9999.000,9999.000
202606041618,   2.706,   3.817,9999.000,9999.000,9999.000,9999.000,9999.000,9999.000,9999.000
202606041624,   2.653,   3.798,9999.000,9999.000,9999.000,9999.000,9999.000,9999.000,9999.000
202606041630,   2.598,   3.699,9999.000,9999.000,9999.000,9999.000,9999.000,9999.000,9999.000
202606041636,   2.540,   3.607,9999.000,9999.000,9999.000,9999.000,9999.000,9999.000,9999.000
202606041642,   2.480,   3.529,9999.000,9999.000,9999.000,9999.000,9999.000,9999.000,9999.000
202606041648,   2.417,   3.480,9999.000,9999.000,9999.000,9999.000,9999.000,9999.000,9999.000
202606041654,   2.353,   3.348,9999.000,9999.000,9999.000,9999.000,9999.000,9999.000,9999.000
202606041700,   2.287,   3.309,   0.700,   0.322,   3.309,   0.600,   3.209,   0.700,   3.309
202606041706,   2.220,   3.250,9999.000,9999.000,9999.000,9999.000,9999.000,9999.000,9999.000
202606041712,   2.151,   3.178,9999.000,9999.000,9999.000,9999.000,9999.000,9999.000,9999.000
202606041718,   2.082,   3.109,9999.000,9999.000,9999.000,9999.000,9999.000,9999.000,9999.000
202606041724,   2.011,   3.079,9999.000,9999.000,9999.000,9999.000,9999.000,9999.000,9999.000
202606041730,   1.941,   2.958,9999.000,9999.000,9999.000,9999.000,9999.000,9999.000,9999.000
202606041736,   1.870,   2.899,9999.000,9999.000,9999.000,9999.000,9999.000,9999.000,9999.000
202606041742,   1.799,   2.768,9999.000,9999.000,9999.000,9999.000,9999.000,9999.000,9999.000
202606041748,   1.729,   2.679,9999.000,9999.000,9999.000,9999.000,9999.000,9999.000,9999.000
202606041754,   1.659,   2.620,9999.000,9999.000,9999.000,9999.000,9999.000,9999.000,9999.000
202606041800,   1.589,   2.568,   0.700,   0.279,   2.568,   0.600,   2.468,   0.700,   2.568
202606041806,   1.521,   2.509,9999.000,9999.000,9999.000,9999.000,9999.000,9999.000,9999.000
202606041812,   1.454,   2.420,9999.000,9999.000,9999.000,9999.000,9999.000,9999.000,9999.000
202606041818,   1.388,   2.348,9999.000,9999.000,9999.000,9999.000,9999.000,9999.000,9999.000
202606041824,   1.324,   2.338,9999.000,9999.000,9999.000,9999.000,9999.000,9999.000,9999.000
202606041830,   1.262,   2.230,9999.000,9999.000,9999.000,9999.000,9999.000,9999.000,9999.000
202606041836,   1.201,   2.158,9999.000,9999.000,9999.000,9999.000,9999.000,9999.000,9999.000
202606041842,   1.143,   2.128,9999.000,9999.000,9999.000,9999.000,9999.000,9999.000,9999.000
202606041848,   1.087,   2.010,9999.000,9999.000,9999.000,9999.000,9999.000,9999.000,9999.000
202606041854,   1.033,   1.990,9999.000,9999.000,9999.000,9999.000,9999.000,9999.000,9999.000
202606041900,   0.982,   1.958,   0.700,   0.276,   1.958,   0.600,   1.858,   0.700,   1.958
202606041906,   0.934,   1.908,9999.000,9999.000,9999.000,9999.000,9999.000,9999.000,9999.000
202606041912,   0.888,   1.908,9999.000,9999.000,9999.000,9999.000,9999.000,9999.000,9999.000
202606041918,   0.846,   1.830,9999.000,9999.000,9999.000,9999.000,9999.000,9999.000,9999.000
202606041924,   0.806,   1.810,9999.000,9999.000,9999.000,9999.000,9999.000,9999.000,9999.000
202606041930,   0.769,   1.748,9999.000,9999.000,9999.000,9999.000,9999.000,9999.000,9999.000
202606041936,   0.736,   1.689,9999.000,9999.000,9999.000,9999.000,9999.000,9999.000,9999.000
202606041942,   0.706,   1.659,9999.000,9999.000,9999.000,9999.000,9999.000,9999.000,9999.000
202606041948,   0.680,   1.620,9999.000,9999.000,9999.000,9999.000,9999.000,9999.000,9999.000
202606041954,   0.656,   1.620,9999.000,9999.000,9999.000,9999.000,9999.000,9999.000,9999.000
202606042000,   0.637,   1.600,   0.700,   0.263,   1.600,   0.600,   1.500,   0.700,   1.600
202606042006,   0.621,   1.610,9999.000,9999.000,9999.000,9999.000,9999.000,9999.000,9999.000
202606042012,   0.609,   1.571,9999.000,9999.000,9999.000,9999.000,9999.000,9999.000,9999.000
202606042018,   0.601,   1.571,9999.000,9999.000,9999.000,9999.000,9999.000,9999.000,9999.000
202606042024,   0.596,   1.528,9999.000,9999.000,9999.000,9999.000,9999.000,9999.000,9999.000
202606042030,   0.596,   1.518,9999.000,9999.000,9999.000,9999.000,9999.000,9999.000,9999.000
202606042036,   0.600,   1.528,9999.000,9999.000,9999.000,9999.000,9999.000,9999.000,9999.000
202606042042,   0.607,   1.518,9999.000,9999.000,9999.000,9999.000,9999.000,9999.000,9999.000
202606042048,   0.619,   1.528,9999.000,9999.000,9999.000,9999.000,9999.000,9999.000,9999.000
202606042054,   0.634,   1.538,9999.000,9999.000,9999.000,9999.000,9999.000,9999.000,9999.000
202606042100,   0.654,   1.528,   0.700,   0.174,   1.528,   0.600,   1.428,   0.700,   1.528
202606042106,   0.678,   1.508,9999.000,9999.000,9999.000,9999.000,9999.000,9999.000,9999.000
202606042112,   0.705,   1.548,9999.000,9999.000,9999.000,9999.000,9999.000,9999.000,9999.000
202606042118,   0.737,   1.610,9999.000,9999.000,9999.000,9999.000,9999.000,9999.000,9999.000
202606042124,   0.773,   1.620,9999.000,9999.000,9999.000,9999.000,9999.000,9999.000,9999.000
202606042130,   0.813,   1.718,9999.000,9999.000,9999.000,9999.000,9999.000,9999.000,9999.000
202606042136,   0.856,   1.679,9999.000,9999.000,9999.000,9999.000,9999.000,9999.000,9999.000
202606042142,   0.904,   1.728,9999.000,9999.000,9999.000,9999.000,9999.000,9999.000,9999.000
202606042148,   0.955,   1.758,9999.000,9999.000,9999.000,9999.000,9999.000,9999.000,9999.000
202606042154,   1.009,   1.849,9999.000,9999.000,9999.000,9999.000,9999.000,9999.000,9999.000
202606042200,   1.067,   1.879,   0.700,   0.112,   1.879,   0.600,   1.779,   0.700,   1.879
202606042206,   1.128,   1.938,9999.000,9999.000,9999.000,9999.000,9999.000,9999.000,9999.000
202606042212,   1.192,   1.990,9999.000,9999.000,9999.000,9999.000,9999.000,9999.000,9999.000
202606042218,   1.259,   2.049,9999.000,9999.000,9999.000,9999.000,9999.000,9999.000,9999.000
202606042224,   1.329,   2.138,9999.000,9999.000,9999.000,9999.000,9999.000,9999.000,9999.000
202606042230,   1.401,   2.220,9999.000,9999.000,9999.000,9999.000,9999.000,9999.000,9999.000
202606042236,   1.476,   2.279,9999.000,9999.000,9999.000,9999.000,9999.000,9999.000,9999.000
202606042242,   1.552,   2.338,9999.000,9999.000,9999.000,9999.000,9999.000,9999.000,9999.000
202606042248,   1.630,   2.420,9999.000,9999.000,9999.000,9999.000,9999.000,9999.000,9999.000
202606042254,   1.710,   2.519,9999.000,9999.000,9999.000,9999.000,9999.000,9999.000,9999.000
202606042300,   1.791,   2.610,   0.700,   0.119,   2.610,   0.600,   2.510,   0.700,   2.610
202606042306,   1.874,   2.660,9999.000,9999.000,9999.000,9999.000,9999.000,9999.000,9999.000
202606042312,   1.957,   2.778,9999.000,9999.000,9999.000,9999.000,9999.000,9999.000,9999.000
202606042318,   2.041,   2.889,9999.000,9999.000,9999.000,9999.000,9999.000,9999.000,9999.000
202606042324,   2.125,   2.919,9999.000,9999.000,9999.000,9999.000,9999.000,9999.000,9999.000
202606042330,   2.209,   3.070,9999.000,9999.000,9999.000,9999.000,9999.000,9999.000,9999.000
202606042336,   2.293,   3.138,9999.000,9999.000,9999.000,9999.000,9999.000,9999.000,9999.000
202606042342,   2.377,   3.289,9999.000,9999.000,9999.000,9999.000,9999.000,9999.000,9999.000
202606042348,   2.461,   3.348,9999.000,9999.000,9999.000,9999.000,9999.000,9999.000,9999.000
202606042354,   2.543,   3.499,9999.000,9999.000,9999.000,9999.000,9999.000,9999.000,9999.000
202606050000,   2.625,   3.499,   0.600,   0.274,   3.499,   0.600,   3.499,   0.700,   3.599
202606050006,   2.706,   3.607,9999.000,9999.000,9999.000,9999.000,9999.000,9999.000,9999.000
202606050012,   2.786,   3.689,9999.000,9999.000,9999.000,9999.000,9999.000,9999.000,9999.000
202606050018,   2.865,   3.778,9999.000,9999.000,9999.000,9999.000,9999.000,9999.000,9999.000
202606050024,   2.942,   3.847,9999.000,9999.000,9999.000,9999.000,9999.000,9999.000,9999.000
202606050030,   3.017,   3.919,9999.000,9999.000,9999.000,9999.000,9999.000,9999.000,9999.000
202606050036,   3.091,   4.017,9999.000,9999.000,9999.000,9999.000,9999.000,9999.000,9999.000
202606050042,   3.163,   4.099,9999.000,9999.000,9999.000,9999.000,9999.000,9999.000,9999.000
202606050048,   3.233,   4.168,9999.000,9999.000,9999.000,9999.000,9999.000,9999.000,9999.000
202606050054,   3.302,   4.168,9999.000,9999.000,9999.000,9999.000,9999.000,9999.000,9999.000
202606050100,   3.368,   4.257,   0.600,   0.289,   4.257,   0.600,   4.257,   0.700,   4.357
202606050106,   3.432,   4.319,9999.000,9999.000,9999.000,9999.000,9999.000,9999.000,9999.000
202606050112,   3.494,   4.408,9999.000,9999.000,9999.000,9999.000,9999.000,9999.000,9999.000
202606050118,   3.554,   4.500,9999.000,9999.000,9999.000,9999.000,9999.000,9999.000,9999.000
202606050124,   3.612,   4.539,9999.000,9999.000,9999.000,9999.000,9999.000,9999.000,9999.000
202606050130,   3.667,   4.598,9999.000,9999.000,9999.000,9999.000,9999.000,9999.000,9999.000
202606050136,   3.719,   4.647,9999.000,9999.000,9999.000,9999.000,9999.000,9999.000,9999.000
202606050142,   3.769,   4.677,9999.000,9999.000,9999.000,9999.000,9999.000,9999.000,9999.000
202606050148,   3.817,   4.749,9999.000,9999.000,9999.000,9999.000,9999.000,9999.000,9999.000
202606050154,   3.862,   4.818,9999.000,9999.000,9999.000,9999.000,9999.000,9999.000,9999.000
202606050200,   3.904,   4.837,   0.600,   0.333,   4.837,   0.600,   4.837,   0.600,   4.837
202606050206,   3.943,   4.867,9999.000,9999.000,9999.000,9999.000,9999.000,9999.000,9999.000
202606050212,   3.979,   4.919,9999.000,9999.000,9999.000,9999.000,9999.000,9999.000,9999.000
202606050218,   4.013,   4.919,9999.000,9999.000,9999.000,9999.000,9999.000,9999.000,9999.000
202606050224,   4.043,   4.959,9999.000,9999.000,9999.000,9999.000,9999.000,9999.000,9999.000
202606050230,   4.069,   4.998,9999.000,9999.000,9999.000,9999.000,9999.000,9999.000,9999.000
202606050236,   4.092,   5.008,9999.000,9999.000,9999.000,9999.000,9999.000,9999.000,9999.000
202606050242,   4.112,   5.018,9999.000,9999.000,9999.000,9999.000,9999.000,9999.000,9999.000
202606050248,   4.128,   5.008,9999.000,9999.000,9999.000,9999.000,9999.000,9999.000,9999.000
202606050254,   4.140,   5.057,9999.000,9999.000,9999.000,9999.000,9999.000,9999.000,9999.000
202606050300,   4.148,   5.028,   0.600,   0.280,   5.028,   0.600,   5.028,   0.600,   5.028
202606050306,   4.152,   5.057,9999.000,9999.000,9999.000,9999.000,9999.000,9999.000,9999.000
202606050312,   4.152,   4.969,9999.000,9999.000,9999.000,9999.000,9999.000,9999.000,9999.000
202606050318,   4.147,   4.939,9999.000,9999.000,9999.000,9999.000,9999.000,9999.000,9999.000
202606050324,   4.138,   4.949,9999.000,9999.000,9999.000,9999.000,9999.000,9999.000,9999.000
202606050330,   4.125,   4.969,9999.000,9999.000,9999.000,9999.000,9999.000,9999.000,9999.000
202606050336,   4.107,   4.919,9999.000,9999.000,9999.000,9999.000,9999.000,9999.000,9999.000
202606050342,   4.085,   4.887,9999.000,9999.000,9999.000,9999.000,9999.000,9999.000,9999.000
202606050348,   4.058,   4.857,9999.000,9999.000,9999.000,9999.000,9999.000,9999.000,9999.000
202606050354,   4.026,   4.837,9999.000,9999.000,9999.000,9999.000,9999.000,9999.000,9999.000
202606050400,   3.989,   4.808,   0.500,   0.319,   4.808,   0.500,   4.808,   0.600,   4.908
202606050406,   3.948,   4.798,9999.000,9999.000,9999.000,9999.000,9999.000,9999.000,9999.000
202606050412,   3.903,   4.739,9999.000,9999.000,9999.000,9999.000,9999.000,9999.000,9999.000
202606050418,   3.853,   4.710,9999.000,9999.000,9999.000,9999.000,9999.000,9999.000,9999.000
202606050424,   3.798,   4.628,9999.000,9999.000,9999.000,9999.000,9999.000,9999.000,9999.000
202606050430,   3.740,   4.598,9999.000,9999.000,9999.000,9999.000,9999.000,9999.000,9999.000
202606050436,   3.677,   4.519,9999.000,9999.000,9999.000,9999.000,9999.000,9999.000,9999.000
202606050442,   3.610,   4.418,9999.000,9999.000,9999.000,9999.000,9999.000,9999.000,9999.000
202606050448,   3.539,   4.339,9999.000,9999.000,9999.000,9999.000,9999.000,9999.000,9999.000
202606050454,   3.465,   4.290,9999.000,9999.000,9999.000,9999.000,9999.000,9999.000,9999.000
202606050500,   3.387,   4.168,   0.500,   0.281,   4.168,   0.500,   4.168,   0.500,   4.168
202606050506,   3.307,   4.119,9999.000,9999.000,9999.000,9999.000,9999.000,9999.000,9999.000
202606050512,   3.223,   4.037,9999.000,9999.000,9999.000,9999.000,9999.000,9999.000,9999.000
202606050518,   3.137,   3.939,9999.000,9999.000,9999.000,9999.000,9999.000,9999.000,9999.000
202606050524,   3.048,   3.847,9999.000,9999.000,9999.000,9999.000,9999.000,9999.000,9999.000
202606050530,   2.958,   3.778,9999.000,9999.000,9999.000,9999.000,9999.000,9999.000,9999.000
202606050536,   2.865,   3.680,9999.000,9999.000,9999.000,9999.000,9999.000,9999.000,9999.000
202606050542,   2.772,   3.598,9999.000,9999.000,9999.000,9999.000,9999.000,9999.000,9999.000
202606050548,   2.677,   3.519,9999.000,9999.000,9999.000,9999.000,9999.000,9999.000,9999.000
202606050554,   2.581,   3.407,9999.000,9999.000,9999.000,9999.000,9999.000,9999.000,9999.000
202606050600,   2.485,   3.319,   0.500,   0.334,   3.319,   0.500,   3.319,   0.500,   3.319
202606050606,   2.388,   3.270,9999.000,9999.000,9999.000,9999.000,9999.000,9999.000,9999.000
202606050612,   2.292,   3.158,9999.000,9999.000,9999.000,9999.000,9999.000,9999.000,9999.000
202606050618,   2.196,   3.089,9999.000,9999.000,9999.000,9999.000,9999.000,9999.000,9999.000
202606050624,   2.100,   2.988,9999.000,9999.000,9999.000,9999.000,9999.000,9999.000,9999.000
202606050630,   2.006,   2.909,9999.000,9999.000,9999.000,9999.000,9999.000,9999.000,9999.000
202606050636,   1.912,   2.879,9999.000,9999.000,9999.000,9999.000,9999.000,9999.000,9999.000
202606050642,   1.820,   2.738,9999.000,9999.000,9999.000,9999.000,9999.000,9999.000,9999.000
202606050648,   1.730,   2.689,9999.000,9999.000,9999.000,9999.000,9999.000,9999.000,9999.000
202606050654,   1.641,   2.597,9999.000,9999.000,9999.000,9999.000,9999.000,9999.000,9999.000
202606050700,   1.555,   2.509,   0.500,   0.454,   2.509,   0.500,   2.509,   0.500,   2.509
202606050706,   1.470,   2.420,9999.000,9999.000,9999.000,9999.000,9999.000,9999.000,9999.000
202606050712,   1.389,   2.348,9999.000,9999.000,9999.000,9999.000,9999.000,9999.000,9999.000
202606050718,   1.309,   2.240,9999.000,9999.000,9999.000,9999.000,9999.000,9999.000,9999.000
202606050724,   1.233,   2.191,9999.000,9999.000,9999.000,9999.000,9999.000,9999.000,9999.000
202606050730,   1.159,   2.099,9999.000,9999.000,9999.000,9999.000,9999.000,9999.000,9999.000
202606050736,   1.089,   2.069,9999.000,9999.000,9999.000,9999.000,9999.000,9999.000,9999.000
202606050742,   1.021,   2.000,9999.000,9999.000,9999.000,9999.000,9999.000,9999.000,9999.000
202606050748,   0.957,   1.948,9999.000,9999.000,9999.000,9999.000,9999.000,9999.000,9999.000
202606050754,   0.897,   1.859,9999.000,9999.000,9999.000,9999.000,9999.000,9999.000,9999.000
202606050800,   0.840,   1.758,   0.500,   0.418,   1.758,   0.500,   1.758,   0.500,   1.758
202606050806,   0.786,   1.699,9999.000,9999.000,9999.000,9999.000,9999.000,9999.000,9999.000
202606050812,   0.736,   1.620,9999.000,9999.000,9999.000,9999.000,9999.000,9999.000,9999.000
202606050818,   0.690,   1.557,9999.000,9999.000,9999.000,9999.000,9999.000,9999.000,9999.000
202606050824,   0.648,   1.498,9999.000,9999.000,9999.000,9999.000,9999.000,9999.000,9999.000
202606050830,   0.610,   1.420,9999.000,9999.000,9999.000,9999.000,9999.000,9999.000,9999.000
202606050836,   0.576,   1.430,9999.000,9999.000,9999.000,9999.000,9999.000,9999.000,9999.000
202606050842,   0.546,   1.361,9999.000,9999.000,9999.000,9999.000,9999.000,9999.000,9999.000
202606050848,   0.521,   1.338,9999.000,9999.000,9999.000,9999.000,9999.000,9999.000,9999.000
202606050854,   0.499,   1.338,9999.000,9999.000,9999.000,9999.000,9999.000,9999.000,9999.000
202606050900,   0.481,   1.328,   0.500,   0.347,   1.328,   0.500,   1.328,   0.600,   1.428
202606050906,   0.468,   1.229,9999.000,9999.000,9999.000,9999.000,9999.000,9999.000,9999.000
202606050912,   0.459,   1.229,9999.000,9999.000,9999.000,9999.000,9999.000,9999.000,9999.000
202606050918,   0.455,   1.180,9999.000,9999.000,9999.000,9999.000,9999.000,9999.000,9999.000
202606050924,   0.455,   1.200,9999.000,9999.000,9999.000,9999.000,9999.000,9999.000,9999.000
202606050930,   0.458,   1.200,9999.000,9999.000,9999.000,9999.000,9999.000,9999.000,9999.000
202606050936,   0.467,   1.118,9999.000,9999.000,9999.000,9999.000,9999.000,9999.000,9999.000
202606050942,   0.479,   1.151,9999.000,9999.000,9999.000,9999.000,9999.000,9999.000,9999.000
202606050948,   0.496,   1.151,9999.000,9999.000,9999.000,9999.000,9999.000,9999.000,9999.000
202606050954,   0.516,   1.180,9999.000,9999.000,9999.000,9999.000,9999.000,9999.000,9999.000
202606051000,   0.541,   1.200,   0.500,   0.159,   1.200,   0.500,   1.200,   0.500,   1.200
202606051006,   0.570,   1.220,9999.000,9999.000,9999.000,9999.000,9999.000,9999.000,9999.000
202606051012,   0.602,   1.229,9999.000,9999.000,9999.000,9999.000,9999.000,9999.000,9999.000
202606051018,   0.638,   1.269,9999.000,9999.000,9999.000,9999.000,9999.000,9999.000,9999.000
202606051024,   0.678,   1.308,9999.000,9999.000,9999.000,9999.000,9999.000,9999.000,9999.000
202606051030,   0.721,   1.338,9999.000,9999.000,9999.000,9999.000,9999.000,9999.000,9999.000
202606051036,   0.767,   1.390,9999.000,9999.000,9999.000,9999.000,9999.000,9999.000,9999.000
202606051042,   0.817,   1.430,9999.000,9999.000,9999.000,9999.000,9999.000,9999.000,9999.000
202606051048,   0.869,   1.479,9999.000,9999.000,9999.000,9999.000,9999.000,9999.000,9999.000
202606051054,   0.924,   1.538,9999.000,9999.000,9999.000,9999.000,9999.000,9999.000,9999.000
202606051100,   0.981,   1.630,   0.500,   0.149,   1.630,   0.500,   1.630,   0.500,   1.630
202606051106,   1.041,   1.699,9999.000,9999.000,9999.000,9999.000,9999.000,9999.000,9999.000
202606051112,   1.102,   1.728,9999.000,9999.000,9999.000,9999.000,9999.000,9999.000,9999.000
202606051118,   1.166,   1.800,9999.000,9999.000,9999.000,9999.000,9999.000,9999.000,9999.000
202606051124,   1.231,   1.859,9999.000,9999.000,9999.000,9999.000,9999.000,9999.000,9999.000
202606051130,   1.297,   1.928,9999.000,9999.000,9999.000,9999.000,9999.000,9999.000,9999.000
202606051136,   1.364,   2.010,9999.000,9999.000,9999.000,9999.000,9999.000,9999.000,9999.000
202606051142,   1.432,   2.040,9999.000,9999.000,9999.000,9999.000,9999.000,9999.000,9999.000
202606051148,   1.501,   2.109,9999.000,9999.000,9999.000,9999.000,9999.000,9999.000,9999.000
202606051154,   1.570,   2.177,9999.000,9999.000,9999.000,9999.000,9999.000,9999.000,9999.000
202606051200,   1.639,   2.177,   0.500,   0.038,   2.177,   0.500,   2.177,   0.500,   2.177
202606051206,   1.708,9999.000,9999.000,9999.000,9999.000,9999.000,9999.000,9999.000,9999.000
202606051212,   1.778,9999.000,9999.000,9999.000,9999.000,9999.000,9999.000,9999.000,9999.000
202606051218,   1.846,9999.000,9999.000,9999.000,9999.000,9999.000,9999.000,9999.000,9999.000
202606051224,   1.914,9999.000,9999.000,9999.000,9999.000,9999.000,9999.000,9999.000,9999.000
202606051230,   1.982,9999.000,9999.000,9999.000,9999.000,9999.000,9999.000,9999.000,9999.000
202606051236,   2.048,9999.000,9999.000,9999.000,9999.000,9999.000,9999.000,9999.000,9999.000
202606051242,   2.114,9999.000,9999.000,9999.000,9999.000,9999.000,9999.000,9999.000,9999.000
202606051248,   2.178,9999.000,9999.000,9999.000,9999.000,9999.000,9999.000,9999.000,9999.000
202606051254,   2.241,9999.000,9999.000,9999.000,9999.000,9999.000,9999.000,9999.000,9999.000
202606051300,   2.303,9999.000,   0.500,   0.054,   2.857,   0.400,   2.757,   0.500,   2.857
202606051306,   2.363,9999.000,9999.000,9999.000,9999.000,9999.000,9999.000,9999.000,9999.000
202606051312,   2.422,9999.000,9999.000,9999.000,9999.000,9999.000,9999.000,9999.000,9999.000
202606051318,   2.479,9999.000,9999.000,9999.000,9999.000,9999.000,9999.000,9999.000,9999.000
202606051324,   2.534,9999.000,9999.000,9999.000,9999.000,9999.000,9999.000,9999.000,9999.000
202606051330,   2.588,9999.000,9999.000,9999.000,9999.000,9999.000,9999.000,9999.000,9999.000
202606051336,   2.640,9999.000,9999.000,9999.000,9999.000,9999.000,9999.000,9999.000,9999.000
202606051342,   2.690,9999.000,9999.000,9999.000,9999.000,9999.000,9999.000,9999.000,9999.000
202606051348,   2.737,9999.000,9999.000,9999.000,9999.000,9999.000,9999.000,9999.000,9999.000
202606051354,   2.783,9999.000,9999.000,9999.000,9999.000,9999.000,9999.000,9999.000,9999.000
202606051400,   2.827,9999.000,   0.500,   0.070,   3.397,   0.400,   3.297,   0.500,   3.397
202606051406,   2.869,9999.000,9999.000,9999.000,9999.000,9999.000,9999.000,9999.000,9999.000
202606051412,   2.909,9999.000,9999.000,9999.000,9999.000,9999.000,9999.000,9999.000,9999.000
202606051418,   2.946,9999.000,9999.000,9999.000,9999.000,9999.000,9999.000,9999.000,9999.000
202606051424,   2.981,9999.000,9999.000,9999.000,9999.000,9999.000,9999.000,9999.000,9999.000
202606051430,   3.013,9999.000,9999.000,9999.000,9999.000,9999.000,9999.000,9999.000,9999.000
202606051436,   3.043,9999.000,9999.000,9999.000,9999.000,9999.000,9999.000,9999.000,9999.000
202606051442,   3.070,9999.000,9999.000,9999.000,9999.000,9999.000,9999.000,9999.000,9999.000
202606051448,   3.095,9999.000,9999.000,9999.000,9999.000,9999.000,9999.000,9999.000,9999.000
202606051454,   3.117,9999.000,9999.000,9999.000,9999.000,9999.000,9999.000,9999.000,9999.000
202606051500,   3.135,9999.000,   0.500,   0.087,   3.722,   0.400,   3.622,   0.500,   3.722
202606051506,   3.151,9999.000,9999.000,9999.000,9999.000,9999.000,9999.000,9999.000,9999.000
202606051512,   3.164,9999.000,9999.000,9999.000,9999.000,9999.000,9999.000,9999.000,9999.000
202606051518,   3.173,9999.000,9999.000,9999.000,9999.000,9999.000,9999.000,9999.000,9999.000
202606051524,   3.179,9999.000,9999.000,9999.000,9999.000,9999.000,9999.000,9999.000,9999.000
202606051530,   3.182,9999.000,9999.000,9999.000,9999.000,9999.000,9999.000,9999.000,9999.000
202606051536,   3.181,9999.000,9999.000,9999.000,9999.000,9999.000,9999.000,9999.000,9999.000
202606051542,   3.177,9999.000,9999.000,9999.000,9999.000,9999.000,9999.000,9999.000,9999.000
202606051548,   3.168,9999.000,9999.000,9999.000,9999.000,9999.000,9999.000,9999.000,9999.000
202606051554,   3.156,9999.000,9999.000,9999.000,9999.000,9999.000,9999.000,9999.000,9999.000
202606051600,   3.141,9999.000,   0.500,   0.103,   3.744,   0.400,   3.644,   0.500,   3.744
202606051606,   3.121,9999.000,9999.000,9999.000,9999.000,9999.000,9999.000,9999.000,9999.000
202606051612,   3.098,9999.000,9999.000,9999.000,9999.000,9999.000,9999.000,9999.000,9999.000
202606051618,   3.071,9999.000,9999.000,9999.000,9999.000,9999.000,9999.000,9999.000,9999.000
202606051624,   3.040,9999.000,9999.000,9999.000,9999.000,9999.000,9999.000,9999.000,9999.000
202606051630,   3.005,9999.000,9999.000,9999.000,9999.000,9999.000,9999.000,9999.000,9999.000
202606051636,   2.967,9999.000,9999.000,9999.000,9999.000,9999.000,9999.000,9999.000,9999.000
202606051642,   2.925,9999.000,9999.000,9999.000,9999.000,9999.000,9999.000,9999.000,9999.000
202606051648,   2.880,9999.000,9999.000,9999.000,9999.000,9999.000,9999.000,9999.000,9999.000
202606051654,   2.831,9999.000,9999.000,9999.000,9999.000,9999.000,9999.000,9999.000,9999.000
202606051700,   2.779,9999.000,   0.500,   0.119,   3.398,   0.500,   3.398,   0.500,   3.398
202606051706,   2.725,9999.000,9999.000,9999.000,9999.000,9999.000,9999.000,9999.000,9999.000
202606051712,   2.667,9999.000,9999.000,9999.000,9999.000,9999.000,9999.000,9999.000,9999.000
202606051718,   2.607,9999.000,9999.000,9999.000,9999.000,9999.000,9999.000,9999.000,9999.000
202606051724,   2.544,9999.000,9999.000,9999.000,9999.000,9999.000,9999.000,9999.000,9999.000
202606051730,   2.479,9999.000,9999.000,9999.000,9999.000,9999.000,9999.000,9999.000,9999.000
202606051736,   2.413,9999.000,9999.000,9999.000,9999.000,9999.000,9999.000,9999.000,9999.000
202606051742,   2.344,9999.000,9999.000,9999.000,9999.000,9999.000,9999.000,9999.000,9999.000
202606051748,   2.275,9999.000,9999.000,9999.000,9999.000,9999.000,9999.000,9999.000,9999.000
202606051754,   2.204,9999.000,9999.000,9999.000,9999.000,9999.000,9999.000,9999.000,9999.000
202606051800,   2.133,9999.000,   0.500,   0.135,   2.768,   0.500,   2.768,   0.500,   2.768
202606051806,   2.060,9999.000,9999.000,9999.000,9999.000,9999.000,9999.000,9999.000,9999.000
202606051812,   1.988,9999.000,9999.000,9999.000,9999.000,9999.000,9999.000,9999.000,9999.000
202606051818,   1.916,9999.000,9999.000,9999.000,9999.000,9999.000,9999.000,9999.000,9999.000
202606051824,   1.844,9999.000,9999.000,9999.000,9999.000,9999.000,9999.000,9999.000,9999.000
202606051830,   1.773,9999.000,9999.000,9999.000,9999.000,9999.000,9999.000,9999.000,9999.000
202606051836,   1.702,9999.000,9999.000,9999.000,9999.000,9999.000,9999.000,9999.000,9999.000
202606051842,   1.633,9999.000,9999.000,9999.000,9999.000,9999.000,9999.000,9999.000,9999.000
202606051848,   1.564,9999.000,9999.000,9999.000,9999.000,9999.000,9999.000,9999.000,9999.000
202606051854,   1.498,9999.000,9999.000,9999.000,9999.000,9999.000,9999.000,9999.000,9999.000
202606051900,   1.433,9999.000,   0.500,   0.151,   2.084,   0.500,   2.084,   0.500,   2.084
202606051906,   1.369,9999.000,9999.000,9999.000,9999.000,9999.000,9999.000,9999.000,9999.000
202606051912,   1.308,9999.000,9999.000,9999.000,9999.000,9999.000,9999.000,9999.000,9999.000
202606051918,   1.249,9999.000,9999.000,9999.000,9999.000,9999.000,9999.000,9999.000,9999.000
202606051924,   1.193,9999.000,9999.000,9999.000,9999.000,9999.000,9999.000,9999.000,9999.000
202606051930,   1.139,9999.000,9999.000,9999.000,9999.000,9999.000,9999.000,9999.000,9999.000
202606051936,   1.088,9999.000,9999.000,9999.000,9999.000,9999.000,9999.000,9999.000,9999.000
202606051942,   1.039,9999.000,9999.000,9999.000,9999.000,9999.000,9999.000,9999.000,9999.000
202606051948,   0.994,9999.000,9999.000,9999.000,9999.000,9999.000,9999.000,9999.000,9999.000
202606051954,   0.951,9999.000,9999.000,9999.000,9999.000,9999.000,9999.000,9999.000,9999.000
202606052000,   0.911,9999.000,   0.500,   0.168,   1.579,   0.500,   1.579,   0.500,   1.579
202606052006,   0.874,9999.000,9999.000,9999.000,9999.000,9999.000,9999.000,9999.000,9999.000
202606052012,   0.841,9999.000,9999.000,9999.000,9999.000,9999.000,9999.000,9999.000,9999.000
202606052018,   0.810,9999.000,9999.000,9999.000,9999.000,9999.000,9999.000,9999.000,9999.000
202606052024,   0.783,9999.000,9999.000,9999.000,9999.000,9999.000,9999.000,9999.000,9999.000
202606052030,   0.759,9999.000,9999.000,9999.000,9999.000,9999.000,9999.000,9999.000,9999.000
202606052036,   0.739,9999.000,9999.000,9999.000,9999.000,9999.000,9999.000,9999.000,9999.000
202606052042,   0.722,9999.000,9999.000,9999.000,9999.000,9999.000,9999.000,9999.000,9999.000
202606052048,   0.708,9999.000,9999.000,9999.000,9999.000,9999.000,9999.000,9999.000,9999.000
202606052054,   0.697,9999.000,9999.000,9999.000,9999.000,9999.000,9999.000,9999.000,9999.000
202606052100,   0.690,9999.000,   0.500,   0.184,   1.374,   0.500,   1.374,   0.500,   1.374
202606052106,   0.686,9999.000,9999.000,9999.000,9999.000,9999.000,9999.000,9999.000,9999.000
202606052112,   0.686,9999.000,9999.000,9999.000,9999.000,9999.000,9999.000,9999.000,9999.000
202606052118,   0.690,9999.000,9999.000,9999.000,9999.000,9999.000,9999.000,9999.000,9999.000
202606052124,   0.696,9999.000,9999.000,9999.000,9999.000,9999.000,9999.000,9999.000,9999.000
202606052130,   0.707,9999.000,9999.000,9999.000,9999.000,9999.000,9999.000,9999.000,9999.000
202606052136,   0.721,9999.000,9999.000,9999.000,9999.000,9999.000,9999.000,9999.000,9999.000
202606052142,   0.738,9999.000,9999.000,9999.000,9999.000,9999.000,9999.000,9999.000,9999.000
202606052148,   0.759,9999.000,9999.000,9999.000,9999.000,9999.000,9999.000,9999.000,9999.000
202606052154,   0.783,9999.000,9999.000,9999.000,9999.000,9999.000,9999.000,9999.000,9999.000
202606052200,   0.811,9999.000,   0.500,   0.200,   1.511,   0.500,   1.511,   0.500,   1.511
202606052206,   0.842,9999.000,9999.000,9999.000,9999.000,9999.000,9999.000,9999.000,9999.000
202606052212,   0.877,9999.000,9999.000,9999.000,9999.000,9999.000,9999.000,9999.000,9999.000
202606052218,   0.915,9999.000,9999.000,9999.000,9999.000,9999.000,9999.000,9999.000,9999.000
202606052224,   0.957,9999.000,9999.000,9999.000,9999.000,9999.000,9999.000,9999.000,9999.000
202606052230,   1.002,9999.000,9999.000,9999.000,9999.000,9999.000,9999.000,9999.000,9999.000
202606052236,   1.049,9999.000,9999.000,9999.000,9999.000,9999.000,9999.000,9999.000,9999.000
202606052242,   1.100,9999.000,9999.000,9999.000,9999.000,9999.000,9999.000,9999.000,9999.000
202606052248,   1.154,9999.000,9999.000,9999.000,9999.000,9999.000,9999.000,9999.000,9999.000
202606052254,   1.211,9999.000,9999.000,9999.000,9999.000,9999.000,9999.000,9999.000,9999.000
202606052300,   1.271,9999.000,   0.500,   0.216,   1.987,   0.500,   1.987,   0.500,   1.987
202606052306,   1.333,9999.000,9999.000,9999.000,9999.000,9999.000,9999.000,9999.000,9999.000
202606052312,   1.398,9999.000,9999.000,9999.000,9999.000,9999.000,9999.000,9999.000,9999.000
202606052318,   1.464,9999.000,9999.000,9999.000,9999.000,9999.000,9999.000,9999.000,9999.000
202606052324,   1.533,9999.000,9999.000,9999.000,9999.000,9999.000,9999.000,9999.000,9999.000
202606052330,   1.604,9999.000,9999.000,9999.000,9999.000,9999.000,9999.000,9999.000,9999.000
202606052336,   1.677,9999.000,9999.000,9999.000,9999.000,9999.000,9999.000,9999.000,9999.000
202606052342,   1.751,9999.000,9999.000,9999.000,9999.000,9999.000,9999.000,9999.000,9999.000
202606052348,   1.827,9999.000,9999.000,9999.000,9999.000,9999.000,9999.000,9999.000,9999.000
202606052354,   1.904,9999.000,9999.000,9999.000,9999.000,9999.000,9999.000,9999.000,9999.000
202606060000,   1.982,9999.000,   0.500,   0.232,   2.714,   0.500,   2.714,   0.500,   2.714
202606060006,   2.060,9999.000,9999.000,9999.000,9999.000,9999.000,9999.000,9999.000,9999.000
202606060012,   2.139,9999.000,9999.000,9999.000,9999.000,9999.000,9999.000,9999.000,9999.000
202606060018,   2.219,9999.000,9999.000,9999.000,9999.000,9999.000,9999.000,9999.000,9999.000
202606060024,   2.298,9999.000,9999.000,9999.000,9999.000,9999.000,9999.000,9999.000,9999.000
202606060030,   2.378,9999.000,9999.000,9999.000,9999.000,9999.000,9999.000,9999.000,9999.000
202606060036,   2.457,9999.000,9999.000,9999.000,9999.000,9999.000,9999.000,9999.000,9999.000
202606060042,   2.536,9999.000,9999.000,9999.000,9999.000,9999.000,9999.000,9999.000,9999.000
202606060048,   2.615,9999.000,9999.000,9999.000,9999.000,9999.000,9999.000,9999.000,9999.000
202606060054,   2.693,9999.000,9999.000,9999.000,9999.000,9999.000,9999.000,9999.000,9999.000
202606060100,   2.770,9999.000,   0.500,   0.232,   3.502,   0.400,   3.402,   0.500,   3.502
202606060106,   2.845,9999.000,9999.000,9999.000,9999.000,9999.000,9999.000,9999.000,9999.000
202606060112,   2.920,9999.000,9999.000,9999.000,9999.000,9999.000,9999.000,9999.000,9999.000
202606060118,   2.993,9999.000,9999.000,9999.000,9999.000,9999.000,9999.000,9999.000,9999.000
202606060124,   3.065,9999.000,9999.000,9999.000,9999.000,9999.000,9999.000,9999.000,9999.000
202606060130,   3.136,9999.000,9999.000,9999.000,9999.000,9999.000,9999.000,9999.000,9999.000
202606060136,   3.205,9999.000,9999.000,9999.000,9999.000,9999.000,9999.000,9999.000,9999.000
202606060142,   3.272,9999.000,9999.000,9999.000,9999.000,9999.000,9999.000,9999.000,9999.000
202606060148,   3.337,9999.000,9999.000,9999.000,9999.000,9999.000,9999.000,9999.000,9999.000
202606060154,   3.400,9999.000,9999.000,9999.000,9999.000,9999.000,9999.000,9999.000,9999.000
202606060200,   3.461,9999.000,   0.500,   0.232,   4.193,   0.400,   4.093,   0.500,   4.193
202606060206,   3.520,9999.000,9999.000,9999.000,9999.000,9999.000,9999.000,9999.000,9999.000
202606060212,   3.577,9999.000,9999.000,9999.000,9999.000,9999.000,9999.000,9999.000,9999.000
202606060218,   3.631,9999.000,9999.000,9999.000,9999.000,9999.000,9999.000,9999.000,9999.000
202606060224,   3.683,9999.000,9999.000,9999.000,9999.000,9999.000,9999.000,9999.000,9999.000
202606060230,   3.732,9999.000,9999.000,9999.000,9999.000,9999.000,9999.000,9999.000,9999.000
202606060236,   3.778,9999.000,9999.000,9999.000,9999.000,9999.000,9999.000,9999.000,9999.000
202606060242,   3.822,9999.000,9999.000,9999.000,9999.000,9999.000,9999.000,9999.000,9999.000
202606060248,   3.862,9999.000,9999.000,9999.000,9999.000,9999.000,9999.000,9999.000,9999.000
202606060254,   3.900,9999.000,9999.000,9999.000,9999.000,9999.000,9999.000,9999.000,9999.000
202606060300,   3.934,9999.000,   0.400,   0.232,   4.566,   0.400,   4.566,   0.500,   4.666
202606060306,   3.965,9999.000,9999.000,9999.000,9999.000,9999.000,9999.000,9999.000,9999.000
202606060312,   3.993,9999.000,9999.000,9999.000,9999.000,9999.000,9999.000,9999.000,9999.000
202606060318,   4.017,9999.000,9999.000,9999.000,9999.000,9999.000,9999.000,9999.000,9999.000
202606060324,   4.037,9999.000,9999.000,9999.000,9999.000,9999.000,9999.000,9999.000,9999.000
202606060330,   4.053,9999.000,9999.000,9999.000,9999.000,9999.000,9999.000,9999.000,9999.000
202606060336,   4.066,9999.000,9999.000,9999.000,9999.000,9999.000,9999.000,9999.000,9999.000
202606060342,   4.074,9999.000,9999.000,9999.000,9999.000,9999.000,9999.000,9999.000,9999.000
202606060348,   4.078,9999.000,9999.000,9999.000,9999.000,9999.000,9999.000,9999.000,9999.000
202606060354,   4.077,9999.000,9999.000,9999.000,9999.000,9999.000,9999.000,9999.000,9999.000
202606060400,   4.073,9999.000,   0.400,   0.232,   4.705,   0.400,   4.705,   0.400,   4.705
202606060406,   4.063,9999.000,9999.000,9999.000,9999.000,9999.000,9999.000,9999.000,9999.000
202606060412,   4.049,9999.000,9999.000,9999.000,9999.000,9999.000,9999.000,9999.000,9999.000
202606060418,   4.030,9999.000,9999.000,9999.000,9999.000,9999.000,9999.000,9999.000,9999.000
202606060424,   4.007,9999.000,9999.000,9999.000,9999.000,9999.000,9999.000,9999.000,9999.000
202606060430,   3.979,9999.000,9999.000,9999.000,9999.000,9999.000,9999.000,9999.000,9999.000
202606060436,   3.946,9999.000,9999.000,9999.000,9999.000,9999.000,9999.000,9999.000,9999.000
202606060442,   3.908,9999.000,9999.000,9999.000,9999.000,9999.000,9999.000,9999.000,9999.000
202606060448,   3.866,9999.000,9999.000,9999.000,9999.000,9999.000,9999.000,9999.000,9999.000
202606060454,   3.819,9999.000,9999.000,9999.000,9999.000,9999.000,9999.000,9999.000,9999.000
202606060500,   3.767,9999.000,   0.400,   0.232,   4.399,   0.400,   4.399,   0.400,   4.399
202606060506,   3.711,9999.000,9999.000,9999.000,9999.000,9999.000,9999.000,9999.000,9999.000
202606060512,   3.651,9999.000,9999.000,9999.000,9999.000,9999.000,9999.000,9999.000,9999.000
202606060518,   3.586,9999.000,9999.000,9999.000,9999.000,9999.000,9999.000,9999.000,9999.000
202606060524,   3.518,9999.000,9999.000,9999.000,9999.000,9999.000,9999.000,9999.000,9999.000
202606060530,   3.446,9999.000,9999.000,9999.000,9999.000,9999.000,9999.000,9999.000,9999.000
202606060536,   3.370,9999.000,9999.000,9999.000,9999.000,9999.000,9999.000,9999.000,9999.000
202606060542,   3.292,9999.000,9999.000,9999.000,9999.000,9999.000,9999.000,9999.000,9999.000
202606060548,   3.210,9999.000,9999.000,9999.000,9999.000,9999.000,9999.000,9999.000,9999.000
202606060554,   3.125,9999.000,9999.000,9999.000,9999.000,9999.000,9999.000,9999.000,9999.000
202606060600,   3.038,9999.000,   0.400,   0.232,   3.670,   0.300,   3.570,   0.400,   3.670
202606060606,   2.949,9999.000,9999.000,9999.000,9999.000,9999.000,9999.000,9999.000,9999.000
202606060612,   2.858,9999.000,9999.000,9999.000,9999.000,9999.000,9999.000,9999.000,9999.000
202606060618,   2.766,9999.000,9999.000,9999.000,9999.000,9999.000,9999.000,9999.000,9999.000
202606060624,   2.672,9999.000,9999.000,9999.000,9999.000,9999.000,9999.000,9999.000,9999.000
202606060630,   2.578,9999.000,9999.000,9999.000,9999.000,9999.000,9999.000,9999.000,9999.000
202606060636,   2.483,9999.000,9999.000,9999.000,9999.000,9999.000,9999.000,9999.000,9999.000
202606060642,   2.388,9999.000,9999.000,9999.000,9999.000,9999.000,9999.000,9999.000,9999.000
202606060648,   2.293,9999.000,9999.000,9999.000,9999.000,9999.000,9999.000,9999.000,9999.000
202606060654,   2.198,9999.000,9999.000,9999.000,9999.000,9999.000,9999.000,9999.000,9999.000
202606060700,   2.104,9999.000,   0.400,   0.232,   2.736,   0.300,   2.636,   0.400,   2.736
202606060706,   2.011,9999.000,9999.000,9999.000,9999.000,9999.000,9999.000,9999.000,9999.000
202606060712,   1.919,9999.000,9999.000,9999.000,9999.000,9999.000,9999.000,9999.000,9999.000
202606060718,   1.829,9999.000,9999.000,9999.000,9999.000,9999.000,9999.000,9999.000,9999.000
202606060724,   1.740,9999.000,9999.000,9999.000,9999.000,9999.000,9999.000,9999.000,9999.000
202606060730,   1.653,9999.000,9999.000,9999.000,9999.000,9999.000,9999.000,9999.000,9999.000
202606060736,   1.569,9999.000,9999.000,9999.000,9999.000,9999.000,9999.000,9999.000,9999.000
202606060742,   1.486,9999.000,9999.000,9999.000,9999.000,9999.000,9999.000,9999.000,9999.000
202606060748,   1.406,9999.000,9999.000,9999.000,9999.000,9999.000,9999.000,9999.000,9999.000
202606060754,   1.329,9999.000,9999.000,9999.000,9999.000,9999.000,9999.000,9999.000,9999.000
202606060800,   1.255,9999.000,   0.400,   0.232,   1.887,   0.300,   1.787,   0.400,   1.887
202606060806,   1.183,9999.000,9999.000,9999.000,9999.000,9999.000,9999.000,9999.000,9999.000
202606060812,   1.114,9999.000,9999.000,9999.000,9999.000,9999.000,9999.000,9999.000,9999.000
202606060818,   1.049,9999.000,9999.000,9999.000,9999.000,9999.000,9999.000,9999.000,9999.000
202606060824,   0.987,9999.000,9999.000,9999.000,9999.000,9999.000,9999.000,9999.000,9999.000
202606060830,   0.928,9999.000,9999.000,9999.000,9999.000,9999.000,9999.000,9999.000,9999.000
202606060836,   0.872,9999.000,9999.000,9999.000,9999.000,9999.000,9999.000,9999.000,9999.000
202606060842,   0.820,9999.000,9999.000,9999.000,9999.000,9999.000,9999.000,9999.000,9999.000
202606060848,   0.771,9999.000,9999.000,9999.000,9999.000,9999.000,9999.000,9999.000,9999.000
202606060854,   0.725,9999.000,9999.000,9999.000,9999.000,9999.000,9999.000,9999.000,9999.000
202606060900,   0.683,9999.000,   0.400,   0.232,   1.315,   0.300,   1.215,   0.400,   1.315
202606060906,   0.645,9999.000,9999.000,9999.000,9999.000,9999.000,9999.000,9999.000,9999.000
202606060912,   0.610,9999.000,9999.000,9999.000,9999.000,9999.000,9999.000,9999.000,9999.000
202606060918,   0.579,9999.000,9999.000,9999.000,9999.000,9999.000,9999.000,9999.000,9999.000
202606060924,   0.552,9999.000,9999.000,9999.000,9999.000,9999.000,9999.000,9999.000,9999.000
202606060930,   0.528,9999.000,9999.000,9999.000,9999.000,9999.000,9999.000,9999.000,9999.000
202606060936,   0.508,9999.000,9999.000,9999.000,9999.000,9999.000,9999.000,9999.000,9999.000
202606060942,   0.492,9999.000,9999.000,9999.000,9999.000,9999.000,9999.000,9999.000,9999.000
202606060948,   0.480,9999.000,9999.000,9999.000,9999.000,9999.000,9999.000,9999.000,9999.000
202606060954,   0.471,9999.000,9999.000,9999.000,9999.000,9999.000,9999.000,9999.000,9999.000
202606061000,   0.466,9999.000,   0.400,   0.232,   1.098,   0.300,   0.998,   0.400,   1.098
202606061006,   0.465,9999.000,9999.000,9999.000,9999.000,9999.000,9999.000,9999.000,9999.000
202606061012,   0.468,9999.000,9999.000,9999.000,9999.000,9999.000,9999.000,9999.000,9999.000
202606061018,   0.474,9999.000,9999.000,9999.000,9999.000,9999.000,9999.000,9999.000,9999.000
202606061024,   0.485,9999.000,9999.000,9999.000,9999.000,9999.000,9999.000,9999.000,9999.000
202606061030,   0.499,9999.000,9999.000,9999.000,9999.000,9999.000,9999.000,9999.000,9999.000
202606061036,   0.517,9999.000,9999.000,9999.000,9999.000,9999.000,9999.000,9999.000,9999.000
202606061042,   0.539,9999.000,9999.000,9999.000,9999.000,9999.000,9999.000,9999.000,9999.000
202606061048,   0.564,9999.000,9999.000,9999.000,9999.000,9999.000,9999.000,9999.000,9999.000
202606061054,   0.593,9999.000,9999.000,9999.000,9999.000,9999.000,9999.000,9999.000,9999.000
202606061100,   0.625,9999.000,   0.300,   0.232,   1.157,   0.300,   1.157,   0.400,   1.257
202606061106,   0.661,9999.000,9999.000,9999.000,9999.000,9999.000,9999.000,9999.000,9999.000
202606061112,   0.701,9999.000,9999.000,9999.000,9999.000,9999.000,9999.000,9999.000,9999.000
202606061118,   0.744,9999.000,9999.000,9999.000,9999.000,9999.000,9999.000,9999.000,9999.000
202606061124,   0.789,9999.000,9999.000,9999.000,9999.000,9999.000,9999.000,9999.000,9999.000
202606061130,   0.838,9999.000,9999.000,9999.000,9999.000,9999.000,9999.000,9999.000,9999.000
202606061136,   0.890,9999.000,9999.000,9999.000,9999.000,9999.000,9999.000,9999.000,9999.000
202606061142,   0.945,9999.000,9999.000,9999.000,9999.000,9999.000,9999.000,9999.000,9999.000
202606061148,   1.002,9999.000,9999.000,9999.000,9999.000,9999.000,9999.000,9999.000,9999.000
202606061154,   1.061,9999.000,9999.000,9999.000,9999.000,9999.000,9999.000,9999.000,9999.000
202606061200,   1.123,9999.000,   0.300,   0.232,   1.655,   0.300,   1.655,   0.400,   1.755
202606061206,   1.186,9999.000,9999.000,9999.000,9999.000,9999.000,9999.000,9999.000,9999.000
202606061212,   1.252,9999.000,9999.000,9999.000,9999.000,9999.000,9999.000,9999.000,9999.000
202606061218,   1.319,9999.000,9999.000,9999.000,9999.000,9999.000,9999.000,9999.000,9999.000
202606061224,   1.387,9999.000,9999.000,9999.000,9999.000,9999.000,9999.000,9999.000,9999.000
202606061230,   1.457,9999.000,9999.000,9999.000,9999.000,9999.000,9999.000,9999.000,9999.000
202606061236,   1.527,9999.000,9999.000,9999.000,9999.000,9999.000,9999.000,9999.000,9999.000
202606061242,   1.599,9999.000,9999.000,9999.000,9999.000,9999.000,9999.000,9999.000,9999.000
202606061248,   1.671,9999.000,9999.000,9999.000,9999.000,9999.000,9999.000,9999.000,9999.000
202606061254,   1.743,9999.000,9999.000,9999.000,9999.000,9999.000,9999.000,9999.000,9999.000
202606061300,   1.816,9999.000,   0.300,   0.232,   2.348,   0.300,   2.348,   0.400,   2.448
202606061306,   1.888,9999.000,9999.000,9999.000,9999.000,9999.000,9999.000,9999.000,9999.000
202606061312,   1.960,9999.000,9999.000,9999.000,9999.000,9999.000,9999.000,9999.000,9999.000
202606061318,   2.032,9999.000,9999.000,9999.000,9999.000,9999.000,9999.000,9999.000,9999.000
202606061324,   2.103,9999.000,9999.000,9999.000,9999.000,9999.000,9999.000,9999.000,9999.000
202606061330,   2.174,9999.000,9999.000,9999.000,9999.000,9999.000,9999.000,9999.000,9999.000
202606061336,   2.243,9999.000,9999.000,9999.000,9999.000,9999.000,9999.000,9999.000,9999.000
202606061342,   2.312,9999.000,9999.000,9999.000,9999.000,9999.000,9999.000,9999.000,9999.000
202606061348,   2.379,9999.000,9999.000,9999.000,9999.000,9999.000,9999.000,9999.000,9999.000
202606061354,   2.445,9999.000,9999.000,9999.000,9999.000,9999.000,9999.000,9999.000,9999.000
202606061400,   2.509,9999.000,   0.300,   0.232,   3.041,   0.300,   3.041,   0.400,   3.141
202606061406,   2.572,9999.000,9999.000,9999.000,9999.000,9999.000,9999.000,9999.000,9999.000
202606061412,   2.633,9999.000,9999.000,9999.000,9999.000,9999.000,9999.000,9999.000,9999.000
202606061418,   2.693,9999.000,9999.000,9999.000,9999.000,9999.000,9999.000,9999.000,9999.000
202606061424,   2.750,9999.000,9999.000,9999.000,9999.000,9999.000,9999.000,9999.000,9999.000
202606061430,   2.806,9999.000,9999.000,9999.000,9999.000,9999.000,9999.000,9999.000,9999.000
202606061436,   2.859,9999.000,9999.000,9999.000,9999.000,9999.000,9999.000,9999.000,9999.000
202606061442,   2.910,9999.000,9999.000,9999.000,9999.000,9999.000,9999.000,9999.000,9999.000
202606061448,   2.958,9999.000,9999.000,9999.000,9999.000,9999.000,9999.000,9999.000,9999.000
202606061454,   3.005,9999.000,9999.000,9999.000,9999.000,9999.000,9999.000,9999.000,9999.000
202606061500,   3.048,9999.000,   0.300,   0.232,   3.580,   0.300,   3.580,   0.400,   3.680
202606061506,   3.089,9999.000,9999.000,9999.000,9999.000,9999.000,9999.000,9999.000,9999.000
202606061512,   3.127,9999.000,9999.000,9999.000,9999.000,9999.000,9999.000,9999.000,9999.000
202606061518,   3.162,9999.000,9999.000,9999.000,9999.000,9999.000,9999.000,9999.000,9999.000
202606061524,   3.195,9999.000,9999.000,9999.000,9999.000,9999.000,9999.000,9999.000,9999.000
202606061530,   3.224,9999.000,9999.000,9999.000,9999.000,9999.000,9999.000,9999.000,9999.000
202606061536,   3.250,9999.000,9999.000,9999.000,9999.000,9999.000,9999.000,9999.000,9999.000
202606061542,   3.272,9999.000,9999.000,9999.000,9999.000,9999.000,9999.000,9999.000,9999.000
202606061548,   3.291,9999.000,9999.000,9999.000,9999.000,9999.000,9999.000,9999.000,9999.000
202606061554,   3.307,9999.000,9999.000,9999.000,9999.000,9999.000,9999.000,9999.000,9999.000
202606061600,   3.318,9999.000,   0.300,   0.232,   3.850,   0.300,   3.850,   0.400,   3.950
202606061606,   3.327,9999.000,9999.000,9999.000,9999.000,9999.000,9999.000,9999.000,9999.000
202606061612,   3.331,9999.000,9999.000,9999.000,9999.000,9999.000,9999.000,9999.000,9999.000
202606061618,   3.331,9999.000,9999.000,9999.000,9999.000,9999.000,9999.000,9999.000,9999.000
202606061624,   3.328,9999.000,9999.000,9999.000,9999.000,9999.000,9999.000,9999.000,9999.000
202606061630,   3.320,9999.000,9999.000,9999.000,9999.000,9999.000,9999.000,9999.000,9999.000
202606061636,   3.308,9999.000,9999.000,9999.000,9999.000,9999.000,9999.000,9999.000,9999.000
202606061642,   3.293,9999.000,9999.000,9999.000,9999.000,9999.000,9999.000,9999.000,9999.000
202606061648,   3.273,9999.000,9999.000,9999.000,9999.000,9999.000,9999.000,9999.000,9999.000
202606061654,   3.249,9999.000,9999.000,9999.000,9999.000,9999.000,9999.000,9999.000,9999.000
202606061700,   3.221,9999.000,   0.300,   0.232,   3.753,   0.300,   3.753,   0.400,   3.853
202606061706,   3.189,9999.000,9999.000,9999.000,9999.000,9999.000,9999.000,9999.000,9999.000
202606061712,   3.153,9999.000,9999.000,9999.000,9999.000,9999.000,9999.000,9999.000,9999.000
202606061718,   3.113,9999.000,9999.000,9999.000,9999.000,9999.000,9999.000,9999.000,9999.000
202606061724,   3.069,9999.000,9999.000,9999.000,9999.000,9999.000,9999.000,9999.000,9999.000
202606061730,   3.022,9999.000,9999.000,9999.000,9999.000,9999.000,9999.000,9999.000,9999.000
202606061736,   2.972,9999.000,9999.000,9999.000,9999.000,9999.000,9999.000,9999.000,9999.000
202606061742,   2.918,9999.000,9999.000,9999.000,9999.000,9999.000,9999.000,9999.000,9999.000
202606061748,   2.861,9999.000,9999.000,9999.000,9999.000,9999.000,9999.000,9999.000,9999.000
202606061754,   2.802,9999.000,9999.000,9999.000,9999.000,9999.000,9999.000,9999.000,9999.000
202606061800,   2.739,9999.000,   0.300,   0.232,   3.271,   0.300,   3.271,   0.400,   3.371
202606061806,   2.675,9999.000,9999.000,9999.000,9999.000,9999.000,9999.000,9999.000,9999.000
202606061812,   2.608,9999.000,9999.000,9999.000,9999.000,9999.000,9999.000,9999.000,9999.000
202606061818,   2.540,9999.000,9999.000,9999.000,9999.000,9999.000,9999.000,9999.000,9999.000
202606061824,   2.470,9999.000,9999.000,9999.000,9999.000,9999.000,9999.000,9999.000,9999.000
202606061830,   2.398,9999.000,9999.000,9999.000,9999.000,9999.000,9999.000,9999.000,9999.000
202606061836,   2.326,9999.000,9999.000,9999.000,9999.000,9999.000,9999.000,9999.000,9999.000
202606061842,   2.253,9999.000,9999.000,9999.000,9999.000,9999.000,9999.000,9999.000,9999.000
202606061848,   2.180,9999.000,9999.000,9999.000,9999.000,9999.000,9999.000,9999.000,9999.000
202606061854,   2.107,9999.000,9999.000,9999.000,9999.000,9999.000,9999.000,9999.000,9999.000
202606061900,   2.033,9999.000,   0.400,   0.232,   2.665,   0.300,   2.565,   0.400,   2.665
202606061906,   1.961,9999.000,9999.000,9999.000,9999.000,9999.000,9999.000,9999.000,9999.000
202606061912,   1.889,9999.000,9999.000,9999.000,9999.000,9999.000,9999.000,9999.000,9999.000
202606061918,   1.818,9999.000,9999.000,9999.000,9999.000,9999.000,9999.000,9999.000,9999.000
202606061924,   1.748,9999.000,9999.000,9999.000,9999.000,9999.000,9999.000,9999.000,9999.000
202606061930,   1.679,9999.000,9999.000,9999.000,9999.000,9999.000,9999.000,9999.000,9999.000
202606061936,   1.613,9999.000,9999.000,9999.000,9999.000,9999.000,9999.000,9999.000,9999.000
202606061942,   1.548,9999.000,9999.000,9999.000,9999.000,9999.000,9999.000,9999.000,9999.000
202606061948,   1.485,9999.000,9999.000,9999.000,9999.000,9999.000,9999.000,9999.000,9999.000
202606061954,   1.424,9999.000,9999.000,9999.000,9999.000,9999.000,9999.000,9999.000,9999.000
202606062000,   1.366,9999.000,   0.400,   0.232,   1.998,   0.300,   1.898,   0.400,   1.998
202606062006,   1.309,9999.000,9999.000,9999.000,9999.000,9999.000,9999.000,9999.000,9999.000
202606062012,   1.256,9999.000,9999.000,9999.000,9999.000,9999.000,9999.000,9999.000,9999.000
202606062018,   1.205,9999.000,9999.000,9999.000,9999.000,9999.000,9999.000,9999.000,9999.000
202606062024,   1.157,9999.000,9999.000,9999.000,9999.000,9999.000,9999.000,9999.000,9999.000
202606062030,   1.111,9999.000,9999.000,9999.000,9999.000,9999.000,9999.000,9999.000,9999.000
202606062036,   1.068,9999.000,9999.000,9999.000,9999.000,9999.000,9999.000,9999.000,9999.000
202606062042,   1.028,9999.000,9999.000,9999.000,9999.000,9999.000,9999.000,9999.000,9999.000
202606062048,   0.991,9999.000,9999.000,9999.000,9999.000,9999.000,9999.000,9999.000,9999.000
202606062054,   0.957,9999.000,9999.000,9999.000,9999.000,9999.000,9999.000,9999.000,9999.000
202606062100,   0.926,9999.000,   0.400,   0.232,   1.558,   0.300,   1.458,   0.400,   1.558
202606062106,   0.897,9999.000,9999.000,9999.000,9999.000,9999.000,9999.000,9999.000,9999.000
202606062112,   0.871,9999.000,9999.000,9999.000,9999.000,9999.000,9999.000,9999.000,9999.000
202606062118,   0.849,9999.000,9999.000,9999.000,9999.000,9999.000,9999.000,9999.000,9999.000
202606062124,   0.829,9999.000,9999.000,9999.000,9999.000,9999.000,9999.000,9999.000,9999.000
202606062130,   0.812,9999.000,9999.000,9999.000,9999.000,9999.000,9999.000,9999.000,9999.000
202606062136,   0.798,9999.000,9999.000,9999.000,9999.000,9999.000,9999.000,9999.000,9999.000
202606062142,   0.786,9999.000,9999.000,9999.000,9999.000,9999.000,9999.000,9999.000,9999.000
202606062148,   0.778,9999.000,9999.000,9999.000,9999.000,9999.000,9999.000,9999.000,9999.000
202606062154,   0.773,9999.000,9999.000,9999.000,9999.000,9999.000,9999.000,9999.000,9999.000
202606062200,   0.770,9999.000,   0.400,   0.232,   1.402,   0.300,   1.302,   0.400,   1.402
202606062206,   0.771,9999.000,9999.000,9999.000,9999.000,9999.000,9999.000,9999.000,9999.000
202606062212,   0.774,9999.000,9999.000,9999.000,9999.000,9999.000,9999.000,9999.000,9999.000
202606062218,   0.780,9999.000,9999.000,9999.000,9999.000,9999.000,9999.000,9999.000,9999.000
202606062224,   0.790,9999.000,9999.000,9999.000,9999.000,9999.000,9999.000,9999.000,9999.000
202606062230,   0.802,9999.000,9999.000,9999.000,9999.000,9999.000,9999.000,9999.000,9999.000
202606062236,   0.818,9999.000,9999.000,9999.000,9999.000,9999.000,9999.000,9999.000,9999.000
202606062242,   0.836,9999.000,9999.000,9999.000,9999.000,9999.000,9999.000,9999.000,9999.000
202606062248,   0.858,9999.000,9999.000,9999.000,9999.000,9999.000,9999.000,9999.000,9999.000
202606062254,   0.883,9999.000,9999.000,9999.000,9999.000,9999.000,9999.000,9999.000,9999.000
202606062300,   0.911,9999.000,   0.400,   0.232,   1.543,   0.300,   1.443,   0.400,   1.543
202606062306,   0.942,9999.000,9999.000,9999.000,9999.000,9999.000,9999.000,9999.000,9999.000
202606062312,   0.976,9999.000,9999.000,9999.000,9999.000,9999.000,9999.000,9999.000,9999.000
202606062318,   1.013,9999.000,9999.000,9999.000,9999.000,9999.000,9999.000,9999.000,9999.000
202606062324,   1.054,9999.000,9999.000,9999.000,9999.000,9999.000,9999.000,9999.000,9999.000
202606062330,   1.097,9999.000,9999.000,9999.000,9999.000,9999.000,9999.000,9999.000,9999.000
202606062336,   1.144,9999.000,9999.000,9999.000,9999.000,9999.000,9999.000,9999.000,9999.000
202606062342,   1.193,9999.000,9999.000,9999.000,9999.000,9999.000,9999.000,9999.000,9999.000
202606062348,   1.246,9999.000,9999.000,9999.000,9999.000,9999.000,9999.000,9999.000,9999.000
202606062354,   1.301,9999.000,9999.000,9999.000,9999.000,9999.000,9999.000,9999.000,9999.000
202606070000,   1.358,9999.000,   0.400,   0.232,   1.990,   0.300,   1.890,   0.400,   1.990
202606070006,   1.419,9999.000,9999.000,9999.000,9999.000,9999.000,9999.000,9999.000,9999.000
202606070012,   1.481,9999.000,9999.000,9999.000,9999.000,9999.000,9999.000,9999.000,9999.000
202606070018,   1.547,9999.000,9999.000,9999.000,9999.000,9999.000,9999.000,9999.000,9999.000
202606070024,   1.614,9999.000,9999.000,9999.000,9999.000,9999.000,9999.000,9999.000,9999.000
202606070030,   1.683,9999.000,9999.000,9999.000,9999.000,9999.000,9999.000,9999.000,9999.000
202606070036,   1.754,9999.000,9999.000,9999.000,9999.000,9999.000,9999.000,9999.000,9999.000
202606070042,   1.827,9999.000,9999.000,9999.000,9999.000,9999.000,9999.000,9999.000,9999.000
202606070048,   1.901,9999.000,9999.000,9999.000,9999.000,9999.000,9999.000,9999.000,9999.000
202606070054,   1.977,9999.000,9999.000,9999.000,9999.000,9999.000,9999.000,9999.000,9999.000
202606070100,   2.053,9999.000,   0.300,   0.232,   2.585,   0.300,   2.585,   0.400,   2.685
202606070106,   2.131,9999.000,9999.000,9999.000,9999.000,9999.000,9999.000,9999.000,9999.000
202606070112,   2.209,9999.000,9999.000,9999.000,9999.000,9999.000,9999.000,9999.000,9999.000
202606070118,   2.288,9999.000,9999.000,9999.000,9999.000,9999.000,9999.000,9999.000,9999.000
202606070124,   2.367,9999.000,9999.000,9999.000,9999.000,9999.000,9999.000,9999.000,9999.000
202606070130,   2.446,9999.000,9999.000,9999.000,9999.000,9999.000,9999.000,9999.000,9999.000
202606070136,   2.525,9999.000,9999.000,9999.000,9999.000,9999.000,9999.000,9999.000,9999.000
202606070142,   2.604,9999.000,9999.000,9999.000,9999.000,9999.000,9999.000,9999.000,9999.000
202606070148,   2.682,9999.000,9999.000,9999.000,9999.000,9999.000,9999.000,9999.000,9999.000
202606070154,   2.759,9999.000,9999.000,9999.000,9999.000,9999.000,9999.000,9999.000,9999.000
202606070200,   2.836,9999.000,   0.300,   0.232,   3.368,   0.300,   3.368,   0.400,   3.468
202606070206,   2.911,9999.000,9999.000,9999.000,9999.000,9999.000,9999.000,9999.000,9999.000
202606070212,   2.986,9999.000,9999.000,9999.000,9999.000,9999.000,9999.000,9999.000,9999.000
202606070218,   3.058,9999.000,9999.000,9999.000,9999.000,9999.000,9999.000,9999.000,9999.000
202606070224,   3.130,9999.000,9999.000,9999.000,9999.000,9999.000,9999.000,9999.000,9999.000
202606070230,   3.199,9999.000,9999.000,9999.000,9999.000,9999.000,9999.000,9999.000,9999.000
202606070236,   3.267,9999.000,9999.000,9999.000,9999.000,9999.000,9999.000,9999.000,9999.000
202606070242,   3.333,9999.000,9999.000,9999.000,9999.000,9999.000,9999.000,9999.000,9999.000
202606070248,   3.396,9999.000,9999.000,9999.000,9999.000,9999.000,9999.000,9999.000,9999.000
202606070254,   3.457,9999.000,9999.000,9999.000,9999.000,9999.000,9999.000,9999.000,9999.000
202606070300,   3.516,9999.000,   0.300,   0.232,   4.048,   0.300,   4.048,   0.400,   4.148
202606070306,   3.572,9999.000,9999.000,9999.000,9999.000,9999.000,9999.000,9999.000,9999.000
202606070312,   3.626,9999.000,9999.000,9999.000,9999.000,9999.000,9999.000,9999.000,9999.000
202606070318,   3.676,9999.000,9999.000,9999.000,9999.000,9999.000,9999.000,9999.000,9999.000
202606070324,   3.723,9999.000,9999.000,9999.000,9999.000,9999.000,9999.000,9999.000,9999.000
202606070330,   3.767,9999.000,9999.000,9999.000,9999.000,9999.000,9999.000,9999.000,9999.000
202606070336,   3.808,9999.000,9999.000,9999.000,9999.000,9999.000,9999.000,9999.000,9999.000
202606070342,   3.845,9999.000,9999.000,9999.000,9999.000,9999.000,9999.000,9999.000,9999.000
202606070348,   3.879,9999.000,9999.000,9999.000,9999.000,9999.000,9999.000,9999.000,9999.000
202606070354,   3.909,9999.000,9999.000,9999.000,9999.000,9999.000,9999.000,9999.000,9999.000
202606070400,   3.935,9999.000,   0.300,   0.232,   4.467,   0.200,   4.367,   0.300,   4.467
202606070406,   3.957,9999.000,9999.000,9999.000,9999.000,9999.000,9999.000,9999.000,9999.000
202606070412,   3.975,9999.000,9999.000,9999.000,9999.000,9999.000,9999.000,9999.000,9999.000
202606070418,   3.988,9999.000,9999.000,9999.000,9999.000,9999.000,9999.000,9999.000,9999.000
202606070424,   3.997,9999.000,9999.000,9999.000,9999.000,9999.000,9999.000,9999.000,9999.000
202606070430,   4.002,9999.000,9999.000,9999.000,9999.000,9999.000,9999.000,9999.000,9999.000
202606070436,   4.002,9999.000,9999.000,9999.000,9999.000,9999.000,9999.000,9999.000,9999.000
202606070442,   3.998,9999.000,9999.000,9999.000,9999.000,9999.000,9999.000,9999.000,9999.000
202606070448,   3.988,9999.000,9999.000,9999.000,9999.000,9999.000,9999.000,9999.000,9999.000
202606070454,   3.974,9999.000,9999.000,9999.000,9999.000,9999.000,9999.000,9999.000,9999.000
202606070500,   3.955,9999.000,   0.300,   0.232,   4.487,   0.200,   4.387,   0.300,   4.487
202606070506,   3.932,9999.000,9999.000,9999.000,9999.000,9999.000,9999.000,9999.000,9999.000
202606070512,   3.903,9999.000,9999.000,9999.000,9999.000,9999.000,9999.000,9999.000,9999.000
202606070518,   3.870,9999.000,9999.000,9999.000,9999.000,9999.000,9999.000,9999.000,9999.000
202606070524,   3.832,9999.000,9999.000,9999.000,9999.000,9999.000,9999.000,9999.000,9999.000
202606070530,   3.789,9999.000,9999.000,9999.000,9999.000,9999.000,9999.000,9999.000,9999.000
202606070536,   3.742,9999.000,9999.000,9999.000,9999.000,9999.000,9999.000,9999.000,9999.000
202606070542,   3.690,9999.000,9999.000,9999.000,9999.000,9999.000,9999.000,9999.000,9999.000
202606070548,   3.634,9999.000,9999.000,9999.000,9999.000,9999.000,9999.000,9999.000,9999.000
202606070554,   3.573,9999.000,9999.000,9999.000,9999.000,9999.000,9999.000,9999.000,9999.000
202606070600,   3.509,9999.000,   0.200,   0.232,   3.941,   0.200,   3.941,   0.300,   4.041
202606070606,   3.441,9999.000,9999.000,9999.000,9999.000,9999.000,9999.000,9999.000,9999.000
202606070612,   3.369,9999.000,9999.000,9999.000,9999.000,9999.000,9999.000,9999.000,9999.000
202606070618,   3.294,9999.000,9999.000,9999.000,9999.000,9999.000,9999.000,9999.000,9999.000
202606070624,   3.216,9999.000,9999.000,9999.000,9999.000,9999.000,9999.000,9999.000,9999.000
202606070630,   3.135,9999.000,9999.000,9999.000,9999.000,9999.000,9999.000,9999.000,9999.000
202606070636,   3.051,9999.000,9999.000,9999.000,9999.000,9999.000,9999.000,9999.000,9999.000
202606070642,   2.966,9999.000,9999.000,9999.000,9999.000,9999.000,9999.000,9999.000,9999.000
202606070648,   2.878,9999.000,9999.000,9999.000,9999.000,9999.000,9999.000,9999.000,9999.000
202606070654,   2.789,9999.000,9999.000,9999.000,9999.000,9999.000,9999.000,9999.000,9999.000
202606070700,   2.698,9999.000,   0.200,   0.232,   3.130,   0.200,   3.130,   0.300,   3.230
202606070706,   2.607,9999.000,9999.000,9999.000,9999.000,9999.000,9999.000,9999.000,9999.000
202606070712,   2.514,9999.000,9999.000,9999.000,9999.000,9999.000,9999.000,9999.000,9999.000
202606070718,   2.422,9999.000,9999.000,9999.000,9999.000,9999.000,9999.000,9999.000,9999.000
202606070724,   2.329,9999.000,9999.000,9999.000,9999.000,9999.000,9999.000,9999.000,9999.000
202606070730,   2.237,9999.000,9999.000,9999.000,9999.000,9999.000,9999.000,9999.000,9999.000
202606070736,   2.145,9999.000,9999.000,9999.000,9999.000,9999.000,9999.000,9999.000,9999.000
202606070742,   2.054,9999.000,9999.000,9999.000,9999.000,9999.000,9999.000,9999.000,9999.000
202606070748,   1.964,9999.000,9999.000,9999.000,9999.000,9999.000,9999.000,9999.000,9999.000
202606070754,   1.876,9999.000,9999.000,9999.000,9999.000,9999.000,9999.000,9999.000,9999.000
202606070800,   1.789,9999.000,   0.200,   0.232,   2.221,   0.100,   2.121,   0.300,   2.321
202606070806,   1.703,9999.000,9999.000,9999.000,9999.000,9999.000,9999.000,9999.000,9999.000
202606070812,   1.620,9999.000,9999.000,9999.000,9999.000,9999.000,9999.000,9999.000,9999.000
202606070818,   1.539,9999.000,9999.000,9999.000,9999.000,9999.000,9999.000,9999.000,9999.000
202606070824,   1.460,9999.000,9999.000,9999.000,9999.000,9999.000,9999.000,9999.000,9999.000
202606070830,   1.383,9999.000,9999.000,9999.000,9999.000,9999.000,9999.000,9999.000,9999.000
202606070836,   1.309,9999.000,9999.000,9999.000,9999.000,9999.000,9999.000,9999.000,9999.000
202606070842,   1.238,9999.000,9999.000,9999.000,9999.000,9999.000,9999.000,9999.000,9999.000
202606070848,   1.169,9999.000,9999.000,9999.000,9999.000,9999.000,9999.000,9999.000,9999.000
202606070854,   1.104,9999.000,9999.000,9999.000,9999.000,9999.000,9999.000,9999.000,9999.000
202606070900,   1.041,9999.000,   0.200,   0.232,   1.473,   0.100,   1.373,   0.300,   1.573
202606070906,   0.981,9999.000,9999.000,9999.000,9999.000,9999.000,9999.000,9999.000,9999.000
202606070912,   0.924,9999.000,9999.000,9999.000,9999.000,9999.000,9999.000,9999.000,9999.000
202606070918,   0.869,9999.000,9999.000,9999.000,9999.000,9999.000,9999.000,9999.000,9999.000
202606070924,   0.818,9999.000,9999.000,9999.000,9999.000,9999.000,9999.000,9999.000,9999.000
202606070930,   0.770,9999.000,9999.000,9999.000,9999.000,9999.000,9999.000,9999.000,9999.000
202606070936,   0.725,9999.000,9999.000,9999.000,9999.000,9999.000,9999.000,9999.000,9999.000
202606070942,   0.683,9999.000,9999.000,9999.000,9999.000,9999.000,9999.000,9999.000,9999.000
202606070948,   0.645,9999.000,9999.000,9999.000,9999.000,9999.000,9999.000,9999.000,9999.000
202606070954,   0.609,9999.000,9999.000,9999.000,9999.000,9999.000,9999.000,9999.000,9999.000
202606071000,   0.577,9999.000,   0.200,   0.232,   1.009,   0.100,   0.909,   0.300,   1.109
202606071006,   0.547,9999.000,9999.000,9999.000,9999.000,9999.000,9999.000,9999.000,9999.000
202606071012,   0.521,9999.000,9999.000,9999.000,9999.000,9999.000,9999.000,9999.000,9999.000
202606071018,   0.499,9999.000,9999.000,9999.000,9999.000,9999.000,9999.000,9999.000,9999.000
202606071024,   0.479,9999.000,9999.000,9999.000,9999.000,9999.000,9999.000,9999.000,9999.000
202606071030,   0.463,9999.000,9999.000,9999.000,9999.000,9999.000,9999.000,9999.000,9999.000
202606071036,   0.450,9999.000,9999.000,9999.000,9999.000,9999.000,9999.000,9999.000,9999.000
202606071042,   0.441,9999.000,9999.000,9999.000,9999.000,9999.000,9999.000,9999.000,9999.000
202606071048,   0.435,9999.000,9999.000,9999.000,9999.000,9999.000,9999.000,9999.000,9999.000
202606071054,   0.433,9999.000,9999.000,9999.000,9999.000,9999.000,9999.000,9999.000,9999.000
202606071100,   0.434,9999.000,   0.200,   0.232,   0.866,   0.100,   0.766,   0.200,   0.866
202606071106,   0.439,9999.000,9999.000,9999.000,9999.000,9999.000,9999.000,9999.000,9999.000
202606071112,   0.447,9999.000,9999.000,9999.000,9999.000,9999.000,9999.000,9999.000,9999.000
202606071118,   0.460,9999.000,9999.000,9999.000,9999.000,9999.000,9999.000,9999.000,9999.000
202606071124,   0.476,9999.000,9999.000,9999.000,9999.000,9999.000,9999.000,9999.000,9999.000
202606071130,   0.495,9999.000,9999.000,9999.000,9999.000,9999.000,9999.000,9999.000,9999.000
202606071136,   0.518,9999.000,9999.000,9999.000,9999.000,9999.000,9999.000,9999.000,9999.000
202606071142,   0.546,9999.000,9999.000,9999.000,9999.000,9999.000,9999.000,9999.000,9999.000
202606071148,   0.576,9999.000,9999.000,9999.000,9999.000,9999.000,9999.000,9999.000,9999.000
202606071154,   0.611,9999.000,9999.000,9999.000,9999.000,9999.000,9999.000,9999.000,9999.000
202606071200,   0.649,9999.000,   0.200,   0.232,   1.081,   0.100,   0.981,   0.200,   1.081
202606071206,   0.691,9999.000,9999.000,9999.000,9999.000,9999.000,9999.000,9999.000,9999.000
202606071212,   0.736,9999.000,9999.000,9999.000,9999.000,9999.000,9999.000,9999.000,9999.000
202606071218,   0.785,9999.000,9999.000,9999.000,9999.000,9999.000,9999.000,9999.000,9999.000
202606071224,   0.837,9999.000,9999.000,9999.000,9999.000,9999.000,9999.000,9999.000,9999.000
202606071230,   0.892,9999.000,9999.000,9999.000,9999.000,9999.000,9999.000,9999.000,9999.000
202606071236,   0.951,9999.000,9999.000,9999.000,9999.000,9999.000,9999.000,9999.000,9999.000
202606071242,   1.012,9999.000,9999.000,9999.000,9999.000,9999.000,9999.000,9999.000,9999.000
202606071248,   1.076,9999.000,9999.000,9999.000,9999.000,9999.000,9999.000,9999.000,9999.000
202606071254,   1.143,9999.000,9999.000,9999.000,9999.000,9999.000,9999.000,9999.000,9999.000
202606071300,   1.212,9999.000,   0.200,   0.232,   1.644,   0.100,   1.544,   0.200,   1.644
202606071306,   1.284,9999.000,9999.000,9999.000,9999.000,9999.000,9999.000,9999.000,9999.000
202606071312,   1.357,9999.000,9999.000,9999.000,9999.000,9999.000,9999.000,9999.000,9999.000
202606071318,   1.432,9999.000,9999.000,9999.000,9999.000,9999.000,9999.000,9999.000,9999.000
202606071324,   1.509,9999.000,9999.000,9999.000,9999.000,9999.000,9999.000,9999.000,9999.000
202606071330,   1.587,9999.000,9999.000,9999.000,9999.000,9999.000,9999.000,9999.000,9999.000
202606071336,   1.666,9999.000,9999.000,9999.000,9999.000,9999.000,9999.000,9999.000,9999.000
202606071342,   1.746,9999.000,9999.000,9999.000,9999.000,9999.000,9999.000,9999.000,9999.000
202606071348,   1.826,9999.000,9999.000,9999.000,9999.000,9999.000,9999.000,9999.000,9999.000
202606071354,   1.907,9999.000,9999.000,9999.000,9999.000,9999.000,9999.000,9999.000,9999.000
202606071400,   1.988,9999.000,   0.200,   0.232,   2.420,   0.100,   2.320,   0.200,   2.420
202606071406,   2.069,9999.000,9999.000,9999.000,9999.000,9999.000,9999.000,9999.000,9999.000
202606071412,   2.150,9999.000,9999.000,9999.000,9999.000,9999.000,9999.000,9999.000,9999.000
202606071418,   2.229,9999.000,9999.000,9999.000,9999.000,9999.000,9999.000,9999.000,9999.000
202606071424,   2.309,9999.000,9999.000,9999.000,9999.000,9999.000,9999.000,9999.000,9999.000
202606071430,   2.387,9999.000,9999.000,9999.000,9999.000,9999.000,9999.000,9999.000,9999.000
202606071436,   2.464,9999.000,9999.000,9999.000,9999.000,9999.000,9999.000,9999.000,9999.000
202606071442,   2.540,9999.000,9999.000,9999.000,9999.000,9999.000,9999.000,9999.000,9999.000
202606071448,   2.614,9999.000,9999.000,9999.000,9999.000,9999.000,9999.000,9999.000,9999.000
202606071454,   2.686,9999.000,9999.000,9999.000,9999.000,9999.000,9999.000,9999.000,9999.000
202606071500,   2.756,9999.000,   0.200,   0.232,   3.188,   0.100,   3.088,   0.200,   3.188
202606071506,   2.825,9999.000,9999.000,9999.000,9999.000,9999.000,9999.000,9999.000,9999.000
202606071512,   2.891,9999.000,9999.000,9999.000,9999.000,9999.000,9999.000,9999.000,9999.000
202606071518,   2.954,9999.000,9999.000,9999.000,9999.000,9999.000,9999.000,9999.000,9999.000
202606071524,   3.015,9999.000,9999.000,9999.000,9999.000,9999.000,9999.000,9999.000,9999.000
202606071530,   3.074,9999.000,9999.000,9999.000,9999.000,9999.000,9999.000,9999.000,9999.000
202606071536,   3.129,9999.000,9999.000,9999.000,9999.000,9999.000,9999.000,9999.000,9999.000
202606071542,   3.181,9999.000,9999.000,9999.000,9999.000,9999.000,9999.000,9999.000,9999.000
202606071548,   3.230,9999.000,9999.000,9999.000,9999.000,9999.000,9999.000,9999.000,9999.000
202606071554,   3.276,9999.000,9999.000,9999.000,9999.000,9999.000,9999.000,9999.000,9999.000
202606071600,   3.319,9999.000,   0.200,   0.232,   3.751,   0.100,   3.651,   0.200,   3.751
202606071606,   3.358,9999.000,9999.000,9999.000,9999.000,9999.000,9999.000,9999.000,9999.000
202606071612,   3.393,9999.000,9999.000,9999.000,9999.000,9999.000,9999.000,9999.000,9999.000
202606071618,   3.425,9999.000,9999.000,9999.000,9999.000,9999.000,9999.000,9999.000,9999.000
202606071624,   3.453,9999.000,9999.000,9999.000,9999.000,9999.000,9999.000,9999.000,9999.000
202606071630,   3.477,9999.000,9999.000,9999.000,9999.000,9999.000,9999.000,9999.000,9999.000
202606071636,   3.497,9999.000,9999.000,9999.000,9999.000,9999.000,9999.000,9999.000,9999.000
202606071642,   3.512,9999.000,9999.000,9999.000,9999.000,9999.000,9999.000,9999.000,9999.000
202606071648,   3.524,9999.000,9999.000,9999.000,9999.000,9999.000,9999.000,9999.000,9999.000
202606071654,   3.531,9999.000,9999.000,9999.000,9999.000,9999.000,9999.000,9999.000,9999.000
202606071700,   3.534,9999.000,   0.200,   0.232,   3.966,   0.100,   3.866,   0.200,   3.966
202606071706,   3.533,9999.000,9999.000,9999.000,9999.000,9999.000,9999.000,9999.000,9999.000
202606071712,   3.527,9999.000,9999.000,9999.000,9999.000,9999.000,9999.000,9999.000,9999.000
202606071718,   3.517,9999.000,9999.000,9999.000,9999.000,9999.000,9999.000,9999.000,9999.000
202606071724,   3.503,9999.000,9999.000,9999.000,9999.000,9999.000,9999.000,9999.000,9999.000
202606071730,   3.484,9999.000,9999.000,9999.000,9999.000,9999.000,9999.000,9999.000,9999.000
202606071736,   3.461,9999.000,9999.000,9999.000,9999.000,9999.000,9999.000,9999.000,9999.000
202606071742,   3.434,9999.000,9999.000,9999.000,9999.000,9999.000,9999.000,9999.000,9999.000
202606071748,   3.403,9999.000,9999.000,9999.000,9999.000,9999.000,9999.000,9999.000,9999.000
202606071754,   3.367,9999.000,9999.000,9999.000,9999.000,9999.000,9999.000,9999.000,9999.000
202606071800,   3.328,9999.000,   0.200,   0.232,   3.760,   0.100,   3.660,   0.300,   3.860
202606071806,   3.284,9999.000,9999.000,9999.000,9999.000,9999.000,9999.000,9999.000,9999.000
202606071812,   3.237,9999.000,9999.000,9999.000,9999.000,9999.000,9999.000,9999.000,9999.000
202606071818,   3.187,9999.000,9999.000,9999.000,9999.000,9999.000,9999.000,9999.000,9999.000
202606071824,   3.133,9999.000,9999.000,9999.000,9999.000,9999.000,9999.000,9999.000,9999.000
202606071830,   3.076,9999.000,9999.000,9999.000,9999.000,9999.000,9999.000,9999.000,9999.000
202606071836,   3.017,9999.000,9999.000,9999.000,9999.000,9999.000,9999.000,9999.000,9999.000
202606071842,   2.954,9999.000,9999.000,9999.000,9999.000,9999.000,9999.000,9999.000,9999.000
202606071848,   2.890,9999.000,9999.000,9999.000,9999.000,9999.000,9999.000,9999.000,9999.000
202606071854,   2.823,9999.000,9999.000,9999.000,9999.000,9999.000,9999.000,9999.000,9999.000
202606071900,   2.755,9999.000,   0.200,   0.232,   3.187,   0.100,   3.087,   0.300,   3.287
202606071906,   2.684,9999.000,9999.000,9999.000,9999.000,9999.000,9999.000,9999.000,9999.000
202606071912,   2.613,9999.000,9999.000,9999.000,9999.000,9999.000,9999.000,9999.000,9999.000
202606071918,   2.541,9999.000,9999.000,9999.000,9999.000,9999.000,9999.000,9999.000,9999.000
202606071924,   2.468,9999.000,9999.000,9999.000,9999.000,9999.000,9999.000,9999.000,9999.000
202606071930,   2.394,9999.000,9999.000,9999.000,9999.000,9999.000,9999.000,9999.000,9999.000
202606071936,   2.320,9999.000,9999.000,9999.000,9999.000,9999.000,9999.000,9999.000,9999.000
202606071942,   2.247,9999.000,9999.000,9999.000,9999.000,9999.000,9999.000,9999.000,9999.000
202606071948,   2.174,9999.000,9999.000,9999.000,9999.000,9999.000,9999.000,9999.000,9999.000
202606071954,   2.101,9999.000,9999.000,9999.000,9999.000,9999.000,9999.000,9999.000,9999.000
202606072000,   2.029,9999.000,   0.200,   0.232,   2.461,   0.100,   2.361,   0.300,   2.561
202606072006,   1.959,9999.000,9999.000,9999.000,9999.000,9999.000,9999.000,9999.000,9999.000
202606072012,   1.889,9999.000,9999.000,9999.000,9999.000,9999.000,9999.000,9999.000,9999.000
202606072018,   1.821,9999.000,9999.000,9999.000,9999.000,9999.000,9999.000,9999.000,9999.000
202606072024,   1.755,9999.000,9999.000,9999.000,9999.000,9999.000,9999.000,9999.000,9999.000
202606072030,   1.690,9999.000,9999.000,9999.000,9999.000,9999.000,9999.000,9999.000,9999.000
202606072036,   1.628,9999.000,9999.000,9999.000,9999.000,9999.000,9999.000,9999.000,9999.000
202606072042,   1.567,9999.000,9999.000,9999.000,9999.000,9999.000,9999.000,9999.000,9999.000
202606072048,   1.508,9999.000,9999.000,9999.000,9999.000,9999.000,9999.000,9999.000,9999.000
202606072054,   1.452,9999.000,9999.000,9999.000,9999.000,9999.000,9999.000,9999.000,9999.000
202606072100,   1.398,9999.000,   0.200,   0.232,   1.830,   0.100,   1.730,   0.300,   1.930
202606072106,   1.346,9999.000,9999.000,9999.000,9999.000,9999.000,9999.000,9999.000,9999.000
202606072112,   1.296,9999.000,9999.000,9999.000,9999.000,9999.000,9999.000,9999.000,9999.000
202606072118,   1.249,9999.000,9999.000,9999.000,9999.000,9999.000,9999.000,9999.000,9999.000
202606072124,   1.204,9999.000,9999.000,9999.000,9999.000,9999.000,9999.000,9999.000,9999.000
202606072130,   1.161,9999.000,9999.000,9999.000,9999.000,9999.000,9999.000,9999.000,9999.000
202606072136,   1.121,9999.000,9999.000,9999.000,9999.000,9999.000,9999.000,9999.000,9999.000
202606072142,   1.083,9999.000,9999.000,9999.000,9999.000,9999.000,9999.000,9999.000,9999.000
202606072148,   1.048,9999.000,9999.000,9999.000,9999.000,9999.000,9999.000,9999.000,9999.000
202606072154,   1.015,9999.000,9999.000,9999.000,9999.000,9999.000,9999.000,9999.000,9999.000
202606072200,   0.984,9999.000,   0.200,   0.232,   1.416,   0.100,   1.316,   0.300,   1.516
202606072206,   0.955,9999.000,9999.000,9999.000,9999.000,9999.000,9999.000,9999.000,9999.000
202606072212,   0.929,9999.000,9999.000,9999.000,9999.000,9999.000,9999.000,9999.000,9999.000
202606072218,   0.905,9999.000,9999.000,9999.000,9999.000,9999.000,9999.000,9999.000,9999.000
202606072224,   0.884,9999.000,9999.000,9999.000,9999.000,9999.000,9999.000,9999.000,9999.000
202606072230,   0.865,9999.000,9999.000,9999.000,9999.000,9999.000,9999.000,9999.000,9999.000
202606072236,   0.848,9999.000,9999.000,9999.000,9999.000,9999.000,9999.000,9999.000,9999.000
202606072242,   0.834,9999.000,9999.000,9999.000,9999.000,9999.000,9999.000,9999.000,9999.000
202606072248,   0.822,9999.000,9999.000,9999.000,9999.000,9999.000,9999.000,9999.000,9999.000
202606072254,   0.813,9999.000,9999.000,9999.000,9999.000,9999.000,9999.000,9999.000,9999.000
202606072300,   0.807,9999.000,   0.200,   0.232,   1.239,   0.100,   1.139,   0.300,   1.339
202606072306,   0.803,9999.000,9999.000,9999.000,9999.000,9999.000,9999.000,9999.000,9999.000
202606072312,   0.802,9999.000,9999.000,9999.000,9999.000,9999.000,9999.000,9999.000,9999.000
202606072318,   0.804,9999.000,9999.000,9999.000,9999.000,9999.000,9999.000,9999.000,9999.000
202606072324,   0.809,9999.000,9999.000,9999.000,9999.000,9999.000,9999.000,9999.000,9999.000
202606072330,   0.816,9999.000,9999.000,9999.000,9999.000,9999.000,9999.000,9999.000,9999.000
202606072336,   0.827,9999.000,9999.000,9999.000,9999.000,9999.000,9999.000,9999.000,9999.000
202606072342,   0.841,9999.000,9999.000,9999.000,9999.000,9999.000,9999.000,9999.000,9999.000
202606072348,   0.859,9999.000,9999.000,9999.000,9999.000,9999.000,9999.000,9999.000,9999.000
202606072354,   0.879,9999.000,9999.000,9999.000,9999.000,9999.000,9999.000,9999.000,9999.000
202606080000,   0.903,9999.000,   0.200,   0.232,   1.335,   0.100,   1.235,   0.300,   1.435
202606080006,   0.931,9999.000,9999.000,9999.000,9999.000,9999.000,9999.000,9999.000,9999.000
202606080012,   0.962,9999.000,9999.000,9999.000,9999.000,9999.000,9999.000,9999.000,9999.000
202606080018,   0.996,9999.000,9999.000,9999.000,9999.000,9999.000,9999.000,9999.000,9999.000
202606080024,   1.034,9999.000,9999.000,9999.000,9999.000,9999.000,9999.000,9999.000,9999.000
202606080030,   1.075,9999.000,9999.000,9999.000,9999.000,9999.000,9999.000,9999.000,9999.000
202606080036,   1.120,9999.000,9999.000,9999.000,9999.000,9999.000,9999.000,9999.000,9999.000
202606080042,   1.168,9999.000,9999.000,9999.000,9999.000,9999.000,9999.000,9999.000,9999.000
202606080048,   1.219,9999.000,9999.000,9999.000,9999.000,9999.000,9999.000,9999.000,9999.000
202606080054,   1.274,9999.000,9999.000,9999.000,9999.000,9999.000,9999.000,9999.000,9999.000
202606080100,   1.331,9999.000,   0.200,   0.232,   1.763,   0.100,   1.663,   0.300,   1.863
202606080106,   1.392,9999.000,9999.000,9999.000,9999.000,9999.000,9999.000,9999.000,9999.000
202606080112,   1.456,9999.000,9999.000,9999.000,9999.000,9999.000,9999.000,9999.000,9999.000
202606080118,   1.522,9999.000,9999.000,9999.000,9999.000,9999.000,9999.000,9999.000,9999.000
202606080124,   1.591,9999.000,9999.000,9999.000,9999.000,9999.000,9999.000,9999.000,9999.000
202606080130,   1.662,9999.000,9999.000,9999.000,9999.000,9999.000,9999.000,9999.000,9999.000
202606080136,   1.736,9999.000,9999.000,9999.000,9999.000,9999.000,9999.000,9999.000,9999.000
202606080142,   1.811,9999.000,9999.000,9999.000,9999.000,9999.000,9999.000,9999.000,9999.000
202606080148,   1.888,9999.000,9999.000,9999.000,9999.000,9999.000,9999.000,9999.000,9999.000
202606080154,   1.967,9999.000,9999.000,9999.000,9999.000,9999.000,9999.000,9999.000,9999.000
202606080200,   2.047,9999.000,   0.200,   0.232,   2.479,   0.100,   2.379,   0.300,   2.579
202606080206,   2.128,9999.000,9999.000,9999.000,9999.000,9999.000,9999.000,9999.000,9999.000
202606080212,   2.210,9999.000,9999.000,9999.000,9999.000,9999.000,9999.000,9999.000,9999.000
202606080218,   2.292,9999.000,9999.000,9999.000,9999.000,9999.000,9999.000,9999.000,9999.000
202606080224,   2.375,9999.000,9999.000,9999.000,9999.000,9999.000,9999.000,9999.000,9999.000
202606080230,   2.457,9999.000,9999.000,9999.000,9999.000,9999.000,9999.000,9999.000,9999.000
202606080236,   2.540,9999.000,9999.000,9999.000,9999.000,9999.000,9999.000,9999.000,9999.000
202606080242,   2.622,9999.000,9999.000,9999.000,9999.000,9999.000,9999.000,9999.000,9999.000
202606080248,   2.703,9999.000,9999.000,9999.000,9999.000,9999.000,9999.000,9999.000,9999.000
202606080254,   2.783,9999.000,9999.000,9999.000,9999.000,9999.000,9999.000,9999.000,9999.000
202606080300,   2.862,9999.000,   0.100,   0.232,   3.194,   0.000,   3.094,   0.200,   3.294
202606080306,   2.940,9999.000,9999.000,9999.000,9999.000,9999.000,9999.000,9999.000,9999.000
202606080312,   3.016,9999.000,9999.000,9999.000,9999.000,9999.000,9999.000,9999.000,9999.000
202606080318,   3.090,9999.000,9999.000,9999.000,9999.000,9999.000,9999.000,9999.000,9999.000
202606080324,   3.162,9999.000,9999.000,9999.000,9999.000,9999.000,9999.000,9999.000,9999.000
202606080330,   3.232,9999.000,9999.000,9999.000,9999.000,9999.000,9999.000,9999.000,9999.000
202606080336,   3.300,9999.000,9999.000,9999.000,9999.000,9999.000,9999.000,9999.000,9999.000
202606080342,   3.364,9999.000,9999.000,9999.000,9999.000,9999.000,9999.000,9999.000,9999.000
202606080348,   3.426,9999.000,9999.000,9999.000,9999.000,9999.000,9999.000,9999.000,9999.000
202606080354,   3.485,9999.000,9999.000,9999.000,9999.000,9999.000,9999.000,9999.000,9999.000
202606080400,   3.541,9999.000,   0.100,   0.232,   3.873,   0.000,   3.773,   0.200,   3.973
202606080406,   3.594,9999.000,9999.000,9999.000,9999.000,9999.000,9999.000,9999.000,9999.000
202606080412,   3.643,9999.000,9999.000,9999.000,9999.000,9999.000,9999.000,9999.000,9999.000
202606080418,   3.688,9999.000,9999.000,9999.000,9999.000,9999.000,9999.000,9999.000,9999.000
202606080424,   3.730,9999.000,9999.000,9999.000,9999.000,9999.000,9999.000,9999.000,9999.000
202606080430,   3.767,9999.000,9999.000,9999.000,9999.000,9999.000,9999.000,9999.000,9999.000
202606080436,   3.801,9999.000,9999.000,9999.000,9999.000,9999.000,9999.000,9999.000,9999.000
202606080442,   3.831,9999.000,9999.000,9999.000,9999.000,9999.000,9999.000,9999.000,9999.000
202606080448,   3.856,9999.000,9999.000,9999.000,9999.000,9999.000,9999.000,9999.000,9999.000
202606080454,   3.877,9999.000,9999.000,9999.000,9999.000,9999.000,9999.000,9999.000,9999.000
202606080500,   3.893,9999.000,   0.100,   0.232,   4.225,   0.000,   4.125,   0.200,   4.325
202606080506,   3.905,9999.000,9999.000,9999.000,9999.000,9999.000,9999.000,9999.000,9999.000
202606080512,   3.912,9999.000,9999.000,9999.000,9999.000,9999.000,9999.000,9999.000,9999.000
202606080518,   3.915,9999.000,9999.000,9999.000,9999.000,9999.000,9999.000,9999.000,9999.000
202606080524,   3.912,9999.000,9999.000,9999.000,9999.000,9999.000,9999.000,9999.000,9999.000
202606080530,   3.905,9999.000,9999.000,9999.000,9999.000,9999.000,9999.000,9999.000,9999.000
202606080536,   3.894,9999.000,9999.000,9999.000,9999.000,9999.000,9999.000,9999.000,9999.000
202606080542,   3.877,9999.000,9999.000,9999.000,9999.000,9999.000,9999.000,9999.000,9999.000
202606080548,   3.855,9999.000,9999.000,9999.000,9999.000,9999.000,9999.000,9999.000,9999.000
202606080554,   3.829,9999.000,9999.000,9999.000,9999.000,9999.000,9999.000,9999.000,9999.000
202606080600,   3.798,9999.000,   0.100,   0.232,   4.130,   0.000,   4.030,   0.200,   4.230
202606080606,   3.762,9999.000,9999.000,9999.000,9999.000,9999.000,9999.000,9999.000,9999.000
202606080612,   3.722,9999.000,9999.000,9999.000,9999.000,9999.000,9999.000,9999.000,9999.000
202606080618,   3.677,9999.000,9999.000,9999.000,9999.000,9999.000,9999.000,9999.000,9999.000
202606080624,   3.628,9999.000,9999.000,9999.000,9999.000,9999.000,9999.000,9999.000,9999.000
202606080630,   3.575,9999.000,9999.000,9999.000,9999.000,9999.000,9999.000,9999.000,9999.000
202606080636,   3.517,9999.000,9999.000,9999.000,9999.000,9999.000,9999.000,9999.000,9999.000
202606080642,   3.456,9999.000,9999.000,9999.000,9999.000,9999.000,9999.000,9999.000,9999.000
202606080648,   3.391,9999.000,9999.000,9999.000,9999.000,9999.000,9999.000,9999.000,9999.000
202606080654,   3.323,9999.000,9999.000,9999.000,9999.000,9999.000,9999.000,9999.000,9999.000
202606080700,   3.251,9999.000,   0.100,   0.232,   3.583,   0.000,   3.483,   0.200,   3.683
202606080706,   3.176,9999.000,9999.000,9999.000,9999.000,9999.000,9999.000,9999.000,9999.000
202606080712,   3.099,9999.000,9999.000,9999.000,9999.000,9999.000,9999.000,9999.000,9999.000
202606080718,   3.019,9999.000,9999.000,9999.000,9999.000,9999.000,9999.000,9999.000,9999.000
202606080724,   2.937,9999.000,9999.000,9999.000,9999.000,9999.000,9999.000,9999.000,9999.000
202606080730,   2.853,9999.000,9999.000,9999.000,9999.000,9999.000,9999.000,9999.000,9999.000
202606080736,   2.768,9999.000,9999.000,9999.000,9999.000,9999.000,9999.000,9999.000,9999.000
202606080742,   2.681,9999.000,9999.000,9999.000,9999.000,9999.000,9999.000,9999.000,9999.000
202606080748,   2.593,9999.000,9999.000,9999.000,9999.000,9999.000,9999.000,9999.000,9999.000
202606080754,   2.505,9999.000,9999.000,9999.000,9999.000,9999.000,9999.000,9999.000,9999.000
202606080800,   2.416,9999.000,   0.100,   0.232,   2.748,   0.000,   2.648,   0.200,   2.848
202606080806,   2.327,9999.000,9999.000,9999.000,9999.000,9999.000,9999.000,9999.000,9999.000
202606080812,   2.238,9999.000,9999.000,9999.000,9999.000,9999.000,9999.000,9999.000,9999.000
202606080818,   2.150,9999.000,9999.000,9999.000,9999.000,9999.000,9999.000,9999.000,9999.000
202606080824,   2.062,9999.000,9999.000,9999.000,9999.000,9999.000,9999.000,9999.000,9999.000
202606080830,   1.975,9999.000,9999.000,9999.000,9999.000,9999.000,9999.000,9999.000,9999.000
202606080836,   1.889,9999.000,9999.000,9999.000,9999.000,9999.000,9999.000,9999.000,9999.000
202606080842,   1.804,9999.000,9999.000,9999.000,9999.000,9999.000,9999.000,9999.000,9999.000
202606080848,   1.721,9999.000,9999.000,9999.000,9999.000,9999.000,9999.000,9999.000,9999.000
202606080854,   1.639,9999.000,9999.000,9999.000,9999.000,9999.000,9999.000,9999.000,9999.000
202606080900,   1.560,9999.000,   0.100,   0.232,   1.892,   0.000,   1.792,   0.200,   1.992
202606080906,   1.482,9999.000,9999.000,9999.000,9999.000,9999.000,9999.000,9999.000,9999.000
202606080912,   1.406,9999.000,9999.000,9999.000,9999.000,9999.000,9999.000,9999.000,9999.000
202606080918,   1.332,9999.000,9999.000,9999.000,9999.000,9999.000,9999.000,9999.000,9999.000
202606080924,   1.261,9999.000,9999.000,9999.000,9999.000,9999.000,9999.000,9999.000,9999.000
202606080930,   1.191,9999.000,9999.000,9999.000,9999.000,9999.000,9999.000,9999.000,9999.000
202606080936,   1.124,9999.000,9999.000,9999.000,9999.000,9999.000,9999.000,9999.000,9999.000
202606080942,   1.060,9999.000,9999.000,9999.000,9999.000,9999.000,9999.000,9999.000,9999.000
202606080948,   0.998,9999.000,9999.000,9999.000,9999.000,9999.000,9999.000,9999.000,9999.000
202606080954,   0.938,9999.000,9999.000,9999.000,9999.000,9999.000,9999.000,9999.000,9999.000
202606081000,   0.881,9999.000,   0.100,   0.232,   1.213,   0.000,   1.113,   0.200,   1.313
202606081006,   0.827,9999.000,9999.000,9999.000,9999.000,9999.000,9999.000,9999.000,9999.000
202606081012,   0.775,9999.000,9999.000,9999.000,9999.000,9999.000,9999.000,9999.000,9999.000
202606081018,   0.726,9999.000,9999.000,9999.000,9999.000,9999.000,9999.000,9999.000,9999.000
202606081024,   0.679,9999.000,9999.000,9999.000,9999.000,9999.000,9999.000,9999.000,9999.000
202606081030,   0.635,9999.000,9999.000,9999.000,9999.000,9999.000,9999.000,9999.000,9999.000
202606081036,   0.594,9999.000,9999.000,9999.000,9999.000,9999.000,9999.000,9999.000,9999.000
202606081042,   0.556,9999.000,9999.000,9999.000,9999.000,9999.000,9999.000,9999.000,9999.000
202606081048,   0.520,9999.000,9999.000,9999.000,9999.000,9999.000,9999.000,9999.000,9999.000
202606081054,   0.487,9999.000,9999.000,9999.000,9999.000,9999.000,9999.000,9999.000,9999.000
202606081100,   0.457,9999.000,   0.100,   0.232,   0.789,   0.000,   0.689,   0.200,   0.889
202606081106,   0.431,9999.000,9999.000,9999.000,9999.000,9999.000,9999.000,9999.000,9999.000
202606081112,   0.407,9999.000,9999.000,9999.000,9999.000,9999.000,9999.000,9999.000,9999.000
202606081118,   0.386,9999.000,9999.000,9999.000,9999.000,9999.000,9999.000,9999.000,9999.000
202606081124,   0.369,9999.000,9999.000,9999.000,9999.000,9999.000,9999.000,9999.000,9999.000
202606081130,   0.355,9999.000,9999.000,9999.000,9999.000,9999.000,9999.000,9999.000,9999.000
202606081136,   0.345,9999.000,9999.000,9999.000,9999.000,9999.000,9999.000,9999.000,9999.000
202606081142,   0.338,9999.000,9999.000,9999.000,9999.000,9999.000,9999.000,9999.000,9999.000
202606081148,   0.335,9999.000,9999.000,9999.000,9999.000,9999.000,9999.000,9999.000,9999.000
202606081154,   0.336,9999.000,9999.000,9999.000,9999.000,9999.000,9999.000,9999.000,9999.000
202606081200,   0.340,9999.000,   0.100,   0.232,   0.672,   0.000,   0.572,   0.200,   0.772
202606081206,   0.349,9999.000,9999.000,9999.000,9999.000,9999.000,9999.000,9999.000,9999.000
202606081212,   0.361,9999.000,9999.000,9999.000,9999.000,9999.000,9999.000,9999.000,9999.000
202606081218,   0.378,9999.000,9999.000,9999.000,9999.000,9999.000,9999.000,9999.000,9999.000
202606081224,   0.399,9999.000,9999.000,9999.000,9999.000,9999.000,9999.000,9999.000,9999.000
202606081230,   0.424,9999.000,9999.000,9999.000,9999.000,9999.000,9999.000,9999.000,9999.000
202606081236,   0.454,9999.000,9999.000,9999.000,9999.000,9999.000,9999.000,9999.000,9999.000
202606081242,   0.488,9999.000,9999.000,9999.000,9999.000,9999.000,9999.000,9999.000,9999.000
202606081248,   0.526,9999.000,9999.000,9999.000,9999.000,9999.000,9999.000,9999.000,9999.000
202606081254,   0.568,9999.000,9999.000,9999.000,9999.000,9999.000,9999.000,9999.000,9999.000
202606081300,   0.615,9999.000,   0.100,   0.232,   0.947,   0.000,   0.847,   0.200,   1.047
202606081306,   0.665,9999.000,9999.000,9999.000,9999.000,9999.000,9999.000,9999.000,9999.000
202606081312,   0.720,9999.000,9999.000,9999.000,9999.000,9999.000,9999.000,9999.000,9999.000
202606081318,   0.779,9999.000,9999.000,9999.000,9999.000,9999.000,9999.000,9999.000,9999.000
202606081324,   0.842,9999.000,9999.000,9999.000,9999.000,9999.000,9999.000,9999.000,9999.000
202606081330,   0.908,9999.000,9999.000,9999.000,9999.000,9999.000,9999.000,9999.000,9999.000
202606081336,   0.978,9999.000,9999.000,9999.000,9999.000,9999.000,9999.000,9999.000,9999.000
202606081342,   1.051,9999.000,9999.000,9999.000,9999.000,9999.000,9999.000,9999.000,9999.000
202606081348,   1.127,9999.000,9999.000,9999.000,9999.000,9999.000,9999.000,9999.000,9999.000
202606081354,   1.206,9999.000,9999.000,9999.000,9999.000,9999.000,9999.000,9999.000,9999.000
202606081400,   1.288,9999.000,   0.100,   0.232,   1.620,   0.000,   1.520,   0.300,   1.820
202606081406,   1.372,9999.000,9999.000,9999.000,9999.000,9999.000,9999.000,9999.000,9999.000
202606081412,   1.458,9999.000,9999.000,9999.000,9999.000,9999.000,9999.000,9999.000,9999.000
202606081418,   1.546,9999.000,9999.000,9999.000,9999.000,9999.000,9999.000,9999.000,9999.000
202606081424,   1.636,9999.000,9999.000,9999.000,9999.000,9999.000,9999.000,9999.000,9999.000
202606081430,   1.727,9999.000,9999.000,9999.000,9999.000,9999.000,9999.000,9999.000,9999.000
202606081436,   1.819,9999.000,9999.000,9999.000,9999.000,9999.000,9999.000,9999.000,9999.000
202606081442,   1.911,9999.000,9999.000,9999.000,9999.000,9999.000,9999.000,9999.000,9999.000
202606081448,   2.004,9999.000,9999.000,9999.000,9999.000,9999.000,9999.000,9999.000,9999.000
202606081454,   2.097,9999.000,9999.000,9999.000,9999.000,9999.000,9999.000,9999.000,9999.000
202606081500,   2.189,9999.000,   0.200,   0.232,   2.621,   0.100,   2.521,   0.300,   2.721
202606081506,   2.281,9999.000,9999.000,9999.000,9999.000,9999.000,9999.000,9999.000,9999.000
202606081512,   2.373,9999.000,9999.000,9999.000,9999.000,9999.000,9999.000,9999.000,9999.000
202606081518,   2.463,9999.000,9999.000,9999.000,9999.000,9999.000,9999.000,9999.000,9999.000
202606081524,   2.552,9999.000,9999.000,9999.000,9999.000,9999.000,9999.000,9999.000,9999.000
202606081530,   2.639,9999.000,9999.000,9999.000,9999.000,9999.000,9999.000,9999.000,9999.000
202606081536,   2.725,9999.000,9999.000,9999.000,9999.000,9999.000,9999.000,9999.000,9999.000
202606081542,   2.808,9999.000,9999.000,9999.000,9999.000,9999.000,9999.000,9999.000,9999.000
202606081548,   2.889,9999.000,9999.000,9999.000,9999.000,9999.000,9999.000,9999.000,9999.000
202606081554,   2.968,9999.000,9999.000,9999.000,9999.000,9999.000,9999.000,9999.000,9999.000
202606081600,   3.043,9999.000,   0.200,   0.232,   3.475,   0.100,   3.375,   0.300,   3.575
202606081606,   3.116,9999.000,9999.000,9999.000,9999.000,9999.000,9999.000,9999.000,9999.000
202606081612,   3.186,9999.000,9999.000,9999.000,9999.000,9999.000,9999.000,9999.000,9999.000
202606081618,   3.253,9999.000,9999.000,9999.000,9999.000,9999.000,9999.000,9999.000,9999.000
202606081624,   3.316,9999.000,9999.000,9999.000,9999.000,9999.000,9999.000,9999.000,9999.000
202606081630,   3.375,9999.000,9999.000,9999.000,9999.000,9999.000,9999.000,9999.000,9999.000
202606081636,   3.431,9999.000,9999.000,9999.000,9999.000,9999.000,9999.000,9999.000,9999.000
202606081642,   3.483,9999.000,9999.000,9999.000,9999.000,9999.000,9999.000,9999.000,9999.000
202606081648,   3.531,9999.000,9999.000,9999.000,9999.000,9999.000,9999.000,9999.000,9999.000
202606081654,   3.575,9999.000,9999.000,9999.000,9999.000,9999.000,9999.000,9999.000,9999.000
202606081700,   3.615,9999.000,   0.200,   0.232,   4.047,   0.100,   3.947,   0.300,   4.147
202606081706,   3.651,9999.000,9999.000,9999.000,9999.000,9999.000,9999.000,9999.000,9999.000
202606081712,   3.682,9999.000,9999.000,9999.000,9999.000,9999.000,9999.000,9999.000,9999.000
202606081718,   3.709,9999.000,9999.000,9999.000,9999.000,9999.000,9999.000,9999.000,9999.000
202606081724,   3.731,9999.000,9999.000,9999.000,9999.000,9999.000,9999.000,9999.000,9999.000
202606081730,   3.749,9999.000,9999.000,9999.000,9999.000,9999.000,9999.000,9999.000,9999.000
202606081736,   3.762,9999.000,9999.000,9999.000,9999.000,9999.000,9999.000,9999.000,9999.000
202606081742,   3.771,9999.000,9999.000,9999.000,9999.000,9999.000,9999.000,9999.000,9999.000
202606081748,   3.775,9999.000,9999.000,9999.000,9999.000,9999.000,9999.000,9999.000,9999.000
202606081754,   3.775,9999.000,9999.000,9999.000,9999.000,9999.000,9999.000,9999.000,9999.000
202606081800,   3.770,9999.000,   0.300,   0.232,   4.302,   0.200,   4.202,   0.400,   4.402
202606081806,   3.760,9999.000,9999.000,9999.000,9999.000,9999.000,9999.000,9999.000,9999.000
202606081812,   3.746,9999.000,9999.000,9999.000,9999.000,9999.000,9999.000,9999.000,9999.000
202606081818,   3.727,9999.000,9999.000,9999.000,9999.000,9999.000,9999.000,9999.000,9999.000
202606081824,   3.704,9999.000,9999.000,9999.000,9999.000,9999.000,9999.000,9999.000,9999.000
202606081830,   3.677,9999.000,9999.000,9999.000,9999.000,9999.000,9999.000,9999.000,9999.000
202606081836,   3.646,9999.000,9999.000,9999.000,9999.000,9999.000,9999.000,9999.000,9999.000
202606081842,   3.610,9999.000,9999.000,9999.000,9999.000,9999.000,9999.000,9999.000,9999.000
202606081848,   3.571,9999.000,9999.000,9999.000,9999.000,9999.000,9999.000,9999.000,9999.000
202606081854,   3.528,9999.000,9999.000,9999.000,9999.000,9999.000,9999.000,9999.000,9999.000
202606081900,   3.481,9999.000,   0.300,   0.232,   4.013,   0.200,   3.913,   0.400,   4.113
202606081906,   3.431,9999.000,9999.000,9999.000,9999.000,9999.000,9999.000,9999.000,9999.000
202606081912,   3.377,9999.000,9999.000,9999.000,9999.000,9999.000,9999.000,9999.000,9999.000
202606081918,   3.321,9999.000,9999.000,9999.000,9999.000,9999.000,9999.000,9999.000,9999.000
202606081924,   3.261,9999.000,9999.000,9999.000,9999.000,9999.000,9999.000,9999.000,9999.000
202606081930,   3.199,9999.000,9999.000,9999.000,9999.000,9999.000,9999.000,9999.000,9999.000
202606081936,   3.135,9999.000,9999.000,9999.000,9999.000,9999.000,9999.000,9999.000,9999.000
202606081942,   3.069,9999.000,9999.000,9999.000,9999.000,9999.000,9999.000,9999.000,9999.000
202606081948,   3.001,9999.000,9999.000,9999.000,9999.000,9999.000,9999.000,9999.000,9999.000
202606081954,   2.931,9999.000,9999.000,9999.000,9999.000,9999.000,9999.000,9999.000,9999.000
202606082000,   2.860,9999.000,   0.300,   0.232,   3.392,   0.200,   3.292,   0.400,   3.492
202606082006,   2.788,9999.000,9999.000,9999.000,9999.000,9999.000,9999.000,9999.000,9999.000
202606082012,   2.715,9999.000,9999.000,9999.000,9999.000,9999.000,9999.000,9999.000,9999.000
202606082018,   2.641,9999.000,9999.000,9999.000,9999.000,9999.000,9999.000,9999.000,9999.000
202606082024,   2.567,9999.000,9999.000,9999.000,9999.000,9999.000,9999.000,9999.000,9999.000
202606082030,   2.493,9999.000,9999.000,9999.000,9999.000,9999.000,9999.000,9999.000,9999.000
202606082036,   2.420,9999.000,9999.000,9999.000,9999.000,9999.000,9999.000,9999.000,9999.000
202606082042,   2.346,9999.000,9999.000,9999.000,9999.000,9999.000,9999.000,9999.000,9999.000
202606082048,   2.273,9999.000,9999.000,9999.000,9999.000,9999.000,9999.000,9999.000,9999.000
202606082054,   2.201,9999.000,9999.000,9999.000,9999.000,9999.000,9999.000,9999.000,9999.000
202606082100,   2.130,9999.000,   0.400,   0.232,   2.762,   0.200,   2.562,   0.500,   2.862
202606082106,   2.059,9999.000,9999.000,9999.000,9999.000,9999.000,9999.000,9999.000,9999.000
202606082112,   1.990,9999.000,9999.000,9999.000,9999.000,9999.000,9999.000,9999.000,9999.000
202606082118,   1.922,9999.000,9999.000,9999.000,9999.000,9999.000,9999.000,9999.000,9999.000
202606082124,   1.855,9999.000,9999.000,9999.000,9999.000,9999.000,9999.000,9999.000,9999.000
202606082130,   1.790,9999.000,9999.000,9999.000,9999.000,9999.000,9999.000,9999.000,9999.000
202606082136,   1.727,9999.000,9999.000,9999.000,9999.000,9999.000,9999.000,9999.000,9999.000
202606082142,   1.665,9999.000,9999.000,9999.000,9999.000,9999.000,9999.000,9999.000,9999.000
202606082148,   1.604,9999.000,9999.000,9999.000,9999.000,9999.000,9999.000,9999.000,9999.000
202606082154,   1.546,9999.000,9999.000,9999.000,9999.000,9999.000,9999.000,9999.000,9999.000
202606082200,   1.489,9999.000,   0.400,   0.232,   2.121,   0.300,   2.021,   0.500,   2.221
202606082206,   1.434,9999.000,9999.000,9999.000,9999.000,9999.000,9999.000,9999.000,9999.000
202606082212,   1.380,9999.000,9999.000,9999.000,9999.000,9999.000,9999.000,9999.000,9999.000
202606082218,   1.328,9999.000,9999.000,9999.000,9999.000,9999.000,9999.000,9999.000,9999.000
202606082224,   1.278,9999.000,9999.000,9999.000,9999.000,9999.000,9999.000,9999.000,9999.000
202606082230,   1.230,9999.000,9999.000,9999.000,9999.000,9999.000,9999.000,9999.000,9999.000
202606082236,   1.184,9999.000,9999.000,9999.000,9999.000,9999.000,9999.000,9999.000,9999.000
202606082242,   1.139,9999.000,9999.000,9999.000,9999.000,9999.000,9999.000,9999.000,9999.000
202606082248,   1.097,9999.000,9999.000,9999.000,9999.000,9999.000,9999.000,9999.000,9999.000
202606082254,   1.056,9999.000,9999.000,9999.000,9999.000,9999.000,9999.000,9999.000,9999.000
202606082300,   1.017,9999.000,   0.400,   0.232,   1.649,   0.300,   1.549,   0.600,   1.849
202606082306,   0.980,9999.000,9999.000,9999.000,9999.000,9999.000,9999.000,9999.000,9999.000
202606082312,   0.945,9999.000,9999.000,9999.000,9999.000,9999.000,9999.000,9999.000,9999.000
202606082318,   0.913,9999.000,9999.000,9999.000,9999.000,9999.000,9999.000,9999.000,9999.000
202606082324,   0.882,9999.000,9999.000,9999.000,9999.000,9999.000,9999.000,9999.000,9999.000
202606082330,   0.854,9999.000,9999.000,9999.000,9999.000,9999.000,9999.000,9999.000,9999.000
202606082336,   0.828,9999.000,9999.000,9999.000,9999.000,9999.000,9999.000,9999.000,9999.000
202606082342,   0.805,9999.000,9999.000,9999.000,9999.000,9999.000,9999.000,9999.000,9999.000
202606082348,   0.784,9999.000,9999.000,9999.000,9999.000,9999.000,9999.000,9999.000,9999.000
202606082354,   0.766,9999.000,9999.000,9999.000,9999.000,9999.000,9999.000,9999.000,9999.000
202606090000,   0.751,9999.000,   0.400,   0.232,   1.383,   0.300,   1.283,   0.600,   1.583
202606090006,   0.739,9999.000,9999.000,9999.000,9999.000,9999.000,9999.000,9999.000,9999.000
202606090012,   0.731,9999.000,9999.000,9999.000,9999.000,9999.000,9999.000,9999.000,9999.000
202606090018,   0.725,9999.000,9999.000,9999.000,9999.000,9999.000,9999.000,9999.000,9999.000
202606090024,   0.723,9999.000,9999.000,9999.000,9999.000,9999.000,9999.000,9999.000,9999.000
202606090030,   0.725,9999.000,9999.000,9999.000,9999.000,9999.000,9999.000,9999.000,9999.000
202606090036,   0.730,9999.000,9999.000,9999.000,9999.000,9999.000,9999.000,9999.000,9999.000
202606090042,   0.739,9999.000,9999.000,9999.000,9999.000,9999.000,9999.000,9999.000,9999.000
202606090048,   0.753,9999.000,9999.000,9999.000,9999.000,9999.000,9999.000,9999.000,9999.000
202606090054,   0.770,9999.000,9999.000,9999.000,9999.000,9999.000,9999.000,9999.000,9999.000
202606090100,   0.791,9999.000,   0.500,   0.232,   1.523,   0.300,   1.323,   0.700,   1.723
202606090106,   0.817,9999.000,9999.000,9999.000,9999.000,9999.000,9999.000,9999.000,9999.000
202606090112,   0.847,9999.000,9999.000,9999.000,9999.000,9999.000,9999.000,9999.000,9999.000
202606090118,   0.880,9999.000,9999.000,9999.000,9999.000,9999.000,9999.000,9999.000,9999.000
202606090124,   0.919,9999.000,9999.000,9999.000,9999.000,9999.000,9999.000,9999.000,9999.000
202606090130,   0.961,9999.000,9999.000,9999.000,9999.000,9999.000,9999.000,9999.000,9999.000
202606090136,   1.007,9999.000,9999.000,9999.000,9999.000,9999.000,9999.000,9999.000,9999.000
202606090142,   1.058,9999.000,9999.000,9999.000,9999.000,9999.000,9999.000,9999.000,9999.000
202606090148,   1.112,9999.000,9999.000,9999.000,9999.000,9999.000,9999.000,9999.000,9999.000
202606090154,   1.171,9999.000,9999.000,9999.000,9999.000,9999.000,9999.000,9999.000,9999.000
202606090200,   1.232,9999.000,   0.500,   0.232,   1.964,   0.300,   1.764,   0.700,   2.164
202606090206,   1.298,9999.000,9999.000,9999.000,9999.000,9999.000,9999.000,9999.000,9999.000
202606090212,   1.366,9999.000,9999.000,9999.000,9999.000,9999.000,9999.000,9999.000,9999.000
202606090218,   1.438,9999.000,9999.000,9999.000,9999.000,9999.000,9999.000,9999.000,9999.000
202606090224,   1.513,9999.000,9999.000,9999.000,9999.000,9999.000,9999.000,9999.000,9999.000
202606090230,   1.590,9999.000,9999.000,9999.000,9999.000,9999.000,9999.000,9999.000,9999.000
202606090236,   1.669,9999.000,9999.000,9999.000,9999.000,9999.000,9999.000,9999.000,9999.000
202606090242,   1.751,9999.000,9999.000,9999.000,9999.000,9999.000,9999.000,9999.000,9999.000
202606090248,   1.834,9999.000,9999.000,9999.000,9999.000,9999.000,9999.000,9999.000,9999.000
202606090254,   1.919,9999.000,9999.000,9999.000,9999.000,9999.000,9999.000,9999.000,9999.000
202606090300,   2.004,9999.000,   0.500,   0.232,   2.736,   0.300,   2.536,   0.700,   2.936
202606090306,   2.091,9999.000,9999.000,9999.000,9999.000,9999.000,9999.000,9999.000,9999.000
202606090312,   2.178,9999.000,9999.000,9999.000,9999.000,9999.000,9999.000,9999.000,9999.000
202606090318,   2.266,9999.000,9999.000,9999.000,9999.000,9999.000,9999.000,9999.000,9999.000
202606090324,   2.353,9999.000,9999.000,9999.000,9999.000,9999.000,9999.000,9999.000,9999.000
202606090330,   2.441,9999.000,9999.000,9999.000,9999.000,9999.000,9999.000,9999.000,9999.000
202606090336,   2.527,9999.000,9999.000,9999.000,9999.000,9999.000,9999.000,9999.000,9999.000
202606090342,   2.613,9999.000,9999.000,9999.000,9999.000,9999.000,9999.000,9999.000,9999.000
202606090348,   2.697,9999.000,9999.000,9999.000,9999.000,9999.000,9999.000,9999.000,9999.000
202606090354,   2.780,9999.000,9999.000,9999.000,9999.000,9999.000,9999.000,9999.000,9999.000
202606090400,   2.861,9999.000,   0.500,   0.232,   3.593,   0.300,   3.393,   0.700,   3.793
202606090406,   2.940,9999.000,9999.000,9999.000,9999.000,9999.000,9999.000,9999.000,9999.000
202606090412,   3.016,9999.000,9999.000,9999.000,9999.000,9999.000,9999.000,9999.000,9999.000
202606090418,   3.091,9999.000,9999.000,9999.000,9999.000,9999.000,9999.000,9999.000,9999.000
202606090424,   3.162,9999.000,9999.000,9999.000,9999.000,9999.000,9999.000,9999.000,9999.000
202606090430,   3.231,9999.000,9999.000,9999.000,9999.000,9999.000,9999.000,9999.000,9999.000
202606090436,   3.297,9999.000,9999.000,9999.000,9999.000,9999.000,9999.000,9999.000,9999.000
202606090442,   3.359,9999.000,9999.000,9999.000,9999.000,9999.000,9999.000,9999.000,9999.000
202606090448,   3.418,9999.000,9999.000,9999.000,9999.000,9999.000,9999.000,9999.000,9999.000
202606090454,   3.473,9999.000,9999.000,9999.000,9999.000,9999.000,9999.000,9999.000,9999.000
202606090500,   3.525,9999.000,   0.500,   0.232,   4.257,   0.400,   4.157,   0.700,   4.457
202606090506,   3.573,9999.000,9999.000,9999.000,9999.000,9999.000,9999.000,9999.000,9999.000
202606090512,   3.617,9999.000,9999.000,9999.000,9999.000,9999.000,9999.000,9999.000,9999.000
202606090518,   3.656,9999.000,9999.000,9999.000,9999.000,9999.000,9999.000,9999.000,9999.000
202606090524,   3.692,9999.000,9999.000,9999.000,9999.000,9999.000,9999.000,9999.000,9999.000
202606090530,   3.723,9999.000,9999.000,9999.000,9999.000,9999.000,9999.000,9999.000,9999.000
202606090536,   3.749,9999.000,9999.000,9999.000,9999.000,9999.000,9999.000,9999.000,9999.000
202606090542,   3.771,9999.000,9999.000,9999.000,9999.000,9999.000,9999.000,9999.000,9999.000
202606090548,   3.789,9999.000,9999.000,9999.000,9999.000,9999.000,9999.000,9999.000,9999.000
202606090554,   3.802,9999.000,9999.000,9999.000,9999.000,9999.000,9999.000,9999.000,9999.000
202606090600,   3.810,9999.000,   0.500,   0.232,   4.542,   0.400,   4.442,   0.800,   4.842
202606090606,   3.814,9999.000,9999.000,9999.000,9999.000,9999.000,9999.000,9999.000,9999.000
202606090612,   3.812,9999.000,9999.000,9999.000,9999.000,9999.000,9999.000,9999.000,9999.000
202606090618,   3.807,9999.000,9999.000,9999.000,9999.000,9999.000,9999.000,9999.000,9999.000
202606090624,   3.796,9999.000,9999.000,9999.000,9999.000,9999.000,9999.000,9999.000,9999.000
202606090630,   3.781,9999.000,9999.000,9999.000,9999.000,9999.000,9999.000,9999.000,9999.000
202606090636,   3.761,9999.000,9999.000,9999.000,9999.000,9999.000,9999.000,9999.000,9999.000
202606090642,   3.736,9999.000,9999.000,9999.000,9999.000,9999.000,9999.000,9999.000,9999.000
202606090648,   3.707,9999.000,9999.000,9999.000,9999.000,9999.000,9999.000,9999.000,9999.000
202606090654,   3.673,9999.000,9999.000,9999.000,9999.000,9999.000,9999.000,9999.000,9999.000
202606090700,   3.635,9999.000,   0.600,   0.232,   4.467,   0.400,   4.267,   0.800,   4.667
202606090706,   3.592,9999.000,9999.000,9999.000,9999.000,9999.000,9999.000,9999.000,9999.000
202606090712,   3.546,9999.000,9999.000,9999.000,9999.000,9999.000,9999.000,9999.000,9999.000
202606090718,   3.495,9999.000,9999.000,9999.000,9999.000,9999.000,9999.000,9999.000,9999.000
202606090724,   3.441,9999.000,9999.000,9999.000,9999.000,9999.000,9999.000,9999.000,9999.000
202606090730,   3.383,9999.000,9999.000,9999.000,9999.000,9999.000,9999.000,9999.000,9999.000
202606090736,   3.321,9999.000,9999.000,9999.000,9999.000,9999.000,9999.000,9999.000,9999.000
202606090742,   3.256,9999.000,9999.000,9999.000,9999.000,9999.000,9999.000,9999.000,9999.000
202606090748,   3.188,9999.000,9999.000,9999.000,9999.000,9999.000,9999.000,9999.000,9999.000
202606090754,   3.117,9999.000,9999.000,9999.000,9999.000,9999.000,9999.000,9999.000,9999.000
202606090800,   3.044,9999.000,   0.600,   0.232,   3.876,   0.400,   3.676,   0.800,   4.076
202606090806,   2.968,9999.000,9999.000,9999.000,9999.000,9999.000,9999.000,9999.000,9999.000
202606090812,   2.890,9999.000,9999.000,9999.000,9999.000,9999.000,9999.000,9999.000,9999.000
202606090818,   2.810,9999.000,9999.000,9999.000,9999.000,9999.000,9999.000,9999.000,9999.000
202606090824,   2.728,9999.000,9999.000,9999.000,9999.000,9999.000,9999.000,9999.000,9999.000
202606090830,   2.645,9999.000,9999.000,9999.000,9999.000,9999.000,9999.000,9999.000,9999.000
202606090836,   2.561,9999.000,9999.000,9999.000,9999.000,9999.000,9999.000,9999.000,9999.000
202606090842,   2.476,9999.000,9999.000,9999.000,9999.000,9999.000,9999.000,9999.000,9999.000
202606090848,   2.391,9999.000,9999.000,9999.000,9999.000,9999.000,9999.000,9999.000,9999.000
202606090854,   2.305,9999.000,9999.000,9999.000,9999.000,9999.000,9999.000,9999.000,9999.000
202606090900,   2.219,9999.000,   0.600,   0.232,   3.051,   0.400,   2.851,   0.800,   3.251
202606090906,   2.133,9999.000,9999.000,9999.000,9999.000,9999.000,9999.000,9999.000,9999.000
202606090912,   2.047,9999.000,9999.000,9999.000,9999.000,9999.000,9999.000,9999.000,9999.000
202606090918,   1.961,9999.000,9999.000,9999.000,9999.000,9999.000,9999.000,9999.000,9999.000
202606090924,   1.877,9999.000,9999.000,9999.000,9999.000,9999.000,9999.000,9999.000,9999.000
202606090930,   1.793,9999.000,9999.000,9999.000,9999.000,9999.000,9999.000,9999.000,9999.000
202606090936,   1.710,9999.000,9999.000,9999.000,9999.000,9999.000,9999.000,9999.000,9999.000
202606090942,   1.629,9999.000,9999.000,9999.000,9999.000,9999.000,9999.000,9999.000,9999.000
202606090948,   1.548,9999.000,9999.000,9999.000,9999.000,9999.000,9999.000,9999.000,9999.000
202606090954,   1.470,9999.000,9999.000,9999.000,9999.000,9999.000,9999.000,9999.000,9999.000
202606091000,   1.392,9999.000,   0.600,   0.232,   2.224,   0.400,   2.024,   0.800,   2.424
202606091006,   1.317,9999.000,9999.000,9999.000,9999.000,9999.000,9999.000,9999.000,9999.000
202606091012,   1.242,9999.000,9999.000,9999.000,9999.000,9999.000,9999.000,9999.000,9999.000
202606091018,   1.170,9999.000,9999.000,9999.000,9999.000,9999.000,9999.000,9999.000,9999.000
202606091024,   1.100,9999.000,9999.000,9999.000,9999.000,9999.000,9999.000,9999.000,9999.000
202606091030,   1.031,9999.000,9999.000,9999.000,9999.000,9999.000,9999.000,9999.000,9999.000
202606091036,   0.965,9999.000,9999.000,9999.000,9999.000,9999.000,9999.000,9999.000,9999.000
202606091042,   0.901,9999.000,9999.000,9999.000,9999.000,9999.000,9999.000,9999.000,9999.000
202606091048,   0.838,9999.000,9999.000,9999.000,9999.000,9999.000,9999.000,9999.000,9999.000
202606091054,   0.778,9999.000,9999.000,9999.000,9999.000,9999.000,9999.000,9999.000,9999.000
202606091100,   0.720,9999.000,   0.600,   0.232,   1.552,   0.400,   1.352,   0.800,   1.752
202606091106,   0.665,9999.000,9999.000,9999.000,9999.000,9999.000,9999.000,9999.000,9999.000
202606091112,   0.612,9999.000,9999.000,9999.000,9999.000,9999.000,9999.000,9999.000,9999.000
202606091118,   0.561,9999.000,9999.000,9999.000,9999.000,9999.000,9999.000,9999.000,9999.000
202606091124,   0.513,9999.000,9999.000,9999.000,9999.000,9999.000,9999.000,9999.000,9999.000
202606091130,   0.467,9999.000,9999.000,9999.000,9999.000,9999.000,9999.000,9999.000,9999.000
202606091136,   0.424,9999.000,9999.000,9999.000,9999.000,9999.000,9999.000,9999.000,9999.000
202606091142,   0.384,9999.000,9999.000,9999.000,9999.000,9999.000,9999.000,9999.000,9999.000
202606091148,   0.347,9999.000,9999.000,9999.000,9999.000,9999.000,9999.000,9999.000,9999.000
202606091154,   0.313,9999.000,9999.000,9999.000,9999.000,9999.000,9999.000,9999.000,9999.000
202606091200,   0.283,9999.000,   0.600,   0.232,   1.115,   0.400,   0.915,   0.800,   1.315
