        TIME,    TIDE,      OB,   SURGE,    BIAS,     TWL,SURGE90p,  TWL90p,SURGE10p,   TWL10p
202604170000,   4.405,   5.139,   0.800,  -0.066,   5.139,   0.700,   5.039,   0.800,   5.139
202604170006,   4.390,9999.000,9999.000,9999.000,9999.000,9999.000,9999.000,9999.000,9999.000
202604170012,   4.367,   5.057,9999.000,9999.000,9999.000,9999.000,9999.000,9999.000,9999.000
202604170018,   4.337,9999.000,9999.000,9999.000,9999.000,9999.000,9999.000,9999.000,9999.000
202604170024,   4.300,   4.939,9999.000,9999.000,9999.000,9999.000,9999.000,9999.000,9999.000
202604170030,   4.255,9999.000,9999.000,9999.000,9999.000,9999.000,9999.000,9999.000,9999.000
202604170036,   4.203,   4.887,9999.000,9999.000,9999.000,9999.000,9999.000,9999.000,9999.000
202604170042,   4.144,9999.000,9999.000,9999.000,9999.000,9999.000,9999.000,9999.000,9999.000
202604170048,   4.078,   4.818,9999.000,9999.000,9999.000,9999.000,9999.000,9999.000,9999.000
202604170054,   4.006,9999.000,9999.000,9999.000,9999.000,9999.000,9999.000,9999.000,9999.000
202604170100,   3.928,   4.677,   0.800,  -0.051,   4.677,   0.800,   4.677,   0.900,   4.777
202604170106,   3.843,   4.578,9999.000,9999.000,9999.000,9999.000,9999.000,9999.000,9999.000
202604170112,   3.752,   4.480,9999.000,9999.000,9999.000,9999.000,9999.000,9999.000,9999.000
202604170118,   3.656,   4.388,9999.000,9999.000,9999.000,9999.000,9999.000,9999.000,9999.000
202604170124,   3.555,   4.280,9999.000,9999.000,9999.000,9999.000,9999.000,9999.000,9999.000
202604170130,   3.448,   4.188,9999.000,9999.000,9999.000,9999.000,9999.000,9999.000,9999.000
202604170136,   3.338,   4.090,9999.000,9999.000,9999.000,9999.000,9999.000,9999.000,9999.000
202604170142,   3.223,   4.017,9999.000,9999.000,9999.000,9999.000,9999.000,9999.000,9999.000
202604170148,   3.104,   3.919,9999.000,9999.000,9999.000,9999.000,9999.000,9999.000,9999.000
202604170154,   2.982,   3.778,9999.000,9999.000,9999.000,9999.000,9999.000,9999.000,9999.000
202604170200,   2.856,   3.627,   0.800,  -0.029,   3.627,   0.800,   3.627,   0.900,   3.727
202604170206,   2.728,   3.509,9999.000,9999.000,9999.000,9999.000,9999.000,9999.000,9999.000
202604170212,   2.598,   3.417,9999.000,9999.000,9999.000,9999.000,9999.000,9999.000,9999.000
202604170218,   2.466,   3.260,9999.000,9999.000,9999.000,9999.000,9999.000,9999.000,9999.000
202604170224,   2.332,   3.119,9999.000,9999.000,9999.000,9999.000,9999.000,9999.000,9999.000
202604170230,   2.198,   2.978,9999.000,9999.000,9999.000,9999.000,9999.000,9999.000,9999.000
202604170236,   2.063,   2.840,9999.000,9999.000,9999.000,9999.000,9999.000,9999.000,9999.000
202604170242,   1.928,   2.719,9999.000,9999.000,9999.000,9999.000,9999.000,9999.000,9999.000
202604170248,   1.794,   2.578,9999.000,9999.000,9999.000,9999.000,9999.000,9999.000,9999.000
202604170254,   1.660,   2.450,9999.000,9999.000,9999.000,9999.000,9999.000,9999.000,9999.000
202604170300,   1.528,   2.318,   0.800,  -0.010,   2.318,   0.800,   2.318,   0.800,   2.318
202604170306,   1.397,   2.191,9999.000,9999.000,9999.000,9999.000,9999.000,9999.000,9999.000
202604170312,   1.269,   2.030,9999.000,9999.000,9999.000,9999.000,9999.000,9999.000,9999.000
202604170318,   1.143,   1.918,9999.000,9999.000,9999.000,9999.000,9999.000,9999.000,9999.000
202604170324,   1.021,   1.790,9999.000,9999.000,9999.000,9999.000,9999.000,9999.000,9999.000
202604170330,   0.901,   1.630,9999.000,9999.000,9999.000,9999.000,9999.000,9999.000,9999.000
202604170336,   0.786,   1.548,9999.000,9999.000,9999.000,9999.000,9999.000,9999.000,9999.000
202604170342,   0.674,   1.459,9999.000,9999.000,9999.000,9999.000,9999.000,9999.000,9999.000
202604170348,   0.567,   1.348,9999.000,9999.000,9999.000,9999.000,9999.000,9999.000,9999.000
202604170354,   0.465,   1.239,9999.000,9999.000,9999.000,9999.000,9999.000,9999.000,9999.000
202604170400,   0.367,   1.161,   0.800,  -0.006,   1.161,   0.700,   1.061,   0.800,   1.161
202604170406,   0.275,   1.029,9999.000,9999.000,9999.000,9999.000,9999.000,9999.000,9999.000
202604170412,   0.188,   0.970,9999.000,9999.000,9999.000,9999.000,9999.000,9999.000,9999.000
202604170418,   0.107,   0.859,9999.000,9999.000,9999.000,9999.000,9999.000,9999.000,9999.000
202604170424,   0.030,   0.780,9999.000,9999.000,9999.000,9999.000,9999.000,9999.000,9999.000
202604170430,  -0.039,   0.731,9999.000,9999.000,9999.000,9999.000,9999.000,9999.000,9999.000
202604170436,  -0.104,   0.669,9999.000,9999.000,9999.000,9999.000,9999.000,9999.000,9999.000
202604170442,  -0.163,   0.600,9999.000,9999.000,9999.000,9999.000,9999.000,9999.000,9999.000
202604170448,  -0.217,   0.541,9999.000,9999.000,9999.000,9999.000,9999.000,9999.000,9999.000
202604170454,  -0.265,   0.551,9999.000,9999.000,9999.000,9999.000,9999.000,9999.000,9999.000
202604170500,  -0.308,   0.488,   0.800,  -0.004,   0.488,   0.700,   0.388,   0.800,   0.488
202604170506,  -0.345,   0.439,9999.000,9999.000,9999.000,9999.000,9999.000,9999.000,9999.000
202604170512,  -0.378,   0.419,9999.000,9999.000,9999.000,9999.000,9999.000,9999.000,9999.000
202604170518,  -0.405,   0.409,9999.000,9999.000,9999.000,9999.000,9999.000,9999.000,9999.000
202604170524,  -0.428,   0.429,9999.000,9999.000,9999.000,9999.000,9999.000,9999.000,9999.000
202604170530,  -0.445,   0.370,9999.000,9999.000,9999.000,9999.000,9999.000,9999.000,9999.000
202604170536,  -0.459,   0.331,9999.000,9999.000,9999.000,9999.000,9999.000,9999.000,9999.000
202604170542,  -0.468,   0.321,9999.000,9999.000,9999.000,9999.000,9999.000,9999.000,9999.000
202604170548,  -0.473,   0.298,9999.000,9999.000,9999.000,9999.000,9999.000,9999.000,9999.000
202604170554,  -0.474,   0.308,9999.000,9999.000,9999.000,9999.000,9999.000,9999.000,9999.000
202604170600,  -0.472,   0.259,   0.700,   0.031,   0.259,   0.700,   0.259,   0.800,   0.359
202604170606,  -0.465,   0.288,9999.000,9999.000,9999.000,9999.000,9999.000,9999.000,9999.000
202604170612,  -0.456,   0.308,9999.000,9999.000,9999.000,9999.000,9999.000,9999.000,9999.000
202604170618,  -0.442,   0.278,9999.000,9999.000,9999.000,9999.000,9999.000,9999.000,9999.000
202604170624,  -0.426,   0.331,9999.000,9999.000,9999.000,9999.000,9999.000,9999.000,9999.000
202604170630,  -0.407,   0.288,9999.000,9999.000,9999.000,9999.000,9999.000,9999.000,9999.000
202604170636,  -0.384,   0.350,9999.000,9999.000,9999.000,9999.000,9999.000,9999.000,9999.000
202604170642,  -0.358,   0.321,9999.000,9999.000,9999.000,9999.000,9999.000,9999.000,9999.000
202604170648,  -0.329,   0.350,9999.000,9999.000,9999.000,9999.000,9999.000,9999.000,9999.000
202604170654,  -0.297,   0.400,9999.000,9999.000,9999.000,9999.000,9999.000,9999.000,9999.000
202604170700,  -0.262,   0.459,   0.700,   0.021,   0.459,   0.700,   0.459,   0.800,   0.559
202604170706,  -0.224,   0.531,9999.000,9999.000,9999.000,9999.000,9999.000,9999.000,9999.000
202604170712,  -0.183,   0.488,9999.000,9999.000,9999.000,9999.000,9999.000,9999.000,9999.000
202604170718,  -0.139,   0.531,9999.000,9999.000,9999.000,9999.000,9999.000,9999.000,9999.000
202604170724,  -0.092,   0.541,9999.000,9999.000,9999.000,9999.000,9999.000,9999.000,9999.000
202604170730,  -0.041,   0.600,9999.000,9999.000,9999.000,9999.000,9999.000,9999.000,9999.000
202604170736,   0.012,   0.639,9999.000,9999.000,9999.000,9999.000,9999.000,9999.000,9999.000
202604170742,   0.069,   0.718,9999.000,9999.000,9999.000,9999.000,9999.000,9999.000,9999.000
202604170748,   0.130,   0.790,9999.000,9999.000,9999.000,9999.000,9999.000,9999.000,9999.000
202604170754,   0.194,   0.839,9999.000,9999.000,9999.000,9999.000,9999.000,9999.000,9999.000
202604170800,   0.262,   0.918,   0.700,  -0.044,   0.918,   0.600,   0.818,   0.800,   1.018
202604170806,   0.333,   1.010,9999.000,9999.000,9999.000,9999.000,9999.000,9999.000,9999.000
202604170812,   0.407,   1.029,9999.000,9999.000,9999.000,9999.000,9999.000,9999.000,9999.000
202604170818,   0.485,   1.079,9999.000,9999.000,9999.000,9999.000,9999.000,9999.000,9999.000
202604170824,   0.567,   1.220,9999.000,9999.000,9999.000,9999.000,9999.000,9999.000,9999.000
202604170830,   0.651,   1.361,9999.000,9999.000,9999.000,9999.000,9999.000,9999.000,9999.000
202604170836,   0.739,   1.439,9999.000,9999.000,9999.000,9999.000,9999.000,9999.000,9999.000
202604170842,   0.831,   1.548,9999.000,9999.000,9999.000,9999.000,9999.000,9999.000,9999.000
202604170848,   0.925,   1.679,9999.000,9999.000,9999.000,9999.000,9999.000,9999.000,9999.000
202604170854,   1.022,   1.790,9999.000,9999.000,9999.000,9999.000,9999.000,9999.000,9999.000
202604170900,   1.122,   1.889,   0.700,   0.067,   1.889,   0.600,   1.789,   0.700,   1.889
202604170906,   1.224,   1.958,9999.000,9999.000,9999.000,9999.000,9999.000,9999.000,9999.000
202604170912,   1.329,   1.981,9999.000,9999.000,9999.000,9999.000,9999.000,9999.000,9999.000
202604170918,   1.436,   2.138,9999.000,9999.000,9999.000,9999.000,9999.000,9999.000,9999.000
202604170924,   1.545,   2.220,9999.000,9999.000,9999.000,9999.000,9999.000,9999.000,9999.000
202604170930,   1.655,   2.318,9999.000,9999.000,9999.000,9999.000,9999.000,9999.000,9999.000
202604170936,   1.767,   2.528,9999.000,9999.000,9999.000,9999.000,9999.000,9999.000,9999.000
202604170942,   1.879,   2.528,9999.000,9999.000,9999.000,9999.000,9999.000,9999.000,9999.000
202604170948,   1.992,   2.679,9999.000,9999.000,9999.000,9999.000,9999.000,9999.000,9999.000
202604170954,   2.105,   2.797,9999.000,9999.000,9999.000,9999.000,9999.000,9999.000,9999.000
202604171000,   2.218,   2.820,   0.700,  -0.098,   2.820,   0.600,   2.720,   0.700,   2.820
202604171006,   2.331,   2.899,9999.000,9999.000,9999.000,9999.000,9999.000,9999.000,9999.000
202604171012,   2.443,   3.050,9999.000,9999.000,9999.000,9999.000,9999.000,9999.000,9999.000
202604171018,   2.553,   3.188,9999.000,9999.000,9999.000,9999.000,9999.000,9999.000,9999.000
202604171024,   2.661,   3.240,9999.000,9999.000,9999.000,9999.000,9999.000,9999.000,9999.000
202604171030,   2.767,   3.388,9999.000,9999.000,9999.000,9999.000,9999.000,9999.000,9999.000
202604171036,   2.871,   3.489,9999.000,9999.000,9999.000,9999.000,9999.000,9999.000,9999.000
202604171042,   2.971,   3.548,9999.000,9999.000,9999.000,9999.000,9999.000,9999.000,9999.000
202604171048,   3.068,   3.670,9999.000,9999.000,9999.000,9999.000,9999.000,9999.000,9999.000
202604171054,   3.160,   3.729,9999.000,9999.000,9999.000,9999.000,9999.000,9999.000,9999.000
202604171100,   3.249,   3.827,   0.600,  -0.022,   3.827,   0.600,   3.827,   0.700,   3.927
202604171106,   3.332,   3.978,9999.000,9999.000,9999.000,9999.000,9999.000,9999.000,9999.000
202604171112,   3.411,   3.998,9999.000,9999.000,9999.000,9999.000,9999.000,9999.000,9999.000
202604171118,   3.484,   4.057,9999.000,9999.000,9999.000,9999.000,9999.000,9999.000,9999.000
202604171124,   3.551,   4.159,9999.000,9999.000,9999.000,9999.000,9999.000,9999.000,9999.000
202604171130,   3.611,   4.208,9999.000,9999.000,9999.000,9999.000,9999.000,9999.000,9999.000
202604171136,   3.666,   4.227,9999.000,9999.000,9999.000,9999.000,9999.000,9999.000,9999.000
202604171142,   3.713,   4.257,9999.000,9999.000,9999.000,9999.000,9999.000,9999.000,9999.000
202604171148,   3.753,   4.309,9999.000,9999.000,9999.000,9999.000,9999.000,9999.000,9999.000
202604171154,   3.786,   4.378,9999.000,9999.000,9999.000,9999.000,9999.000,9999.000,9999.000
202604171200,   3.812,   4.368,   0.600,  -0.044,   4.368,   0.600,   4.368,   0.700,   4.468
202604171206,   3.830,   4.378,9999.000,9999.000,9999.000,9999.000,9999.000,9999.000,9999.000
202604171212,   3.840,   4.418,9999.000,9999.000,9999.000,9999.000,9999.000,9999.000,9999.000
202604171218,   3.843,   4.368,9999.000,9999.000,9999.000,9999.000,9999.000,9999.000,9999.000
202604171224,   3.838,   4.339,9999.000,9999.000,9999.000,9999.000,9999.000,9999.000,9999.000
202604171230,   3.824,   4.339,9999.000,9999.000,9999.000,9999.000,9999.000,9999.000,9999.000
202604171236,   3.803,   4.359,9999.000,9999.000,9999.000,9999.000,9999.000,9999.000,9999.000
202604171242,   3.775,   4.359,9999.000,9999.000,9999.000,9999.000,9999.000,9999.000,9999.000
202604171248,   3.738,   4.329,9999.000,9999.000,9999.000,9999.000,9999.000,9999.000,9999.000
202604171254,   3.694,   4.280,9999.000,9999.000,9999.000,9999.000,9999.000,9999.000,9999.000
202604171300,   3.643,   4.247,   0.600,   0.004,   4.247,   0.600,   4.247,   0.700,   4.347
202604171306,   3.584,   4.208,9999.000,9999.000,9999.000,9999.000,9999.000,9999.000,9999.000
202604171312,   3.518,   4.129,9999.000,9999.000,9999.000,9999.000,9999.000,9999.000,9999.000
202604171318,   3.446,   3.998,9999.000,9999.000,9999.000,9999.000,9999.000,9999.000,9999.000
202604171324,   3.367,   3.890,9999.000,9999.000,9999.000,9999.000,9999.000,9999.000,9999.000
202604171330,   3.282,   3.808,9999.000,9999.000,9999.000,9999.000,9999.000,9999.000,9999.000
202604171336,   3.191,   3.709,9999.000,9999.000,9999.000,9999.000,9999.000,9999.000,9999.000
202604171342,   3.094,   3.568,9999.000,9999.000,9999.000,9999.000,9999.000,9999.000,9999.000
202604171348,   2.992,   3.470,9999.000,9999.000,9999.000,9999.000,9999.000,9999.000,9999.000
202604171354,   2.885,   3.388,9999.000,9999.000,9999.000,9999.000,9999.000,9999.000,9999.000
202604171400,   2.774,   3.270,   0.700,  -0.204,   3.270,   0.600,   3.170,   0.700,   3.270
202604171406,   2.659,   3.168,9999.000,9999.000,9999.000,9999.000,9999.000,9999.000,9999.000
202604171412,   2.540,   3.099,9999.000,9999.000,9999.000,9999.000,9999.000,9999.000,9999.000
202604171418,   2.418,   3.030,9999.000,9999.000,9999.000,9999.000,9999.000,9999.000,9999.000
202604171424,   2.293,   2.830,9999.000,9999.000,9999.000,9999.000,9999.000,9999.000,9999.000
202604171430,   2.165,   2.699,9999.000,9999.000,9999.000,9999.000,9999.000,9999.000,9999.000
202604171436,   2.036,   2.548,9999.000,9999.000,9999.000,9999.000,9999.000,9999.000,9999.000
202604171442,   1.906,   2.368,9999.000,9999.000,9999.000,9999.000,9999.000,9999.000,9999.000
202604171448,   1.774,   2.269,9999.000,9999.000,9999.000,9999.000,9999.000,9999.000,9999.000
202604171454,   1.643,   2.118,9999.000,9999.000,9999.000,9999.000,9999.000,9999.000,9999.000
202604171500,   1.511,   1.938,   0.700,  -0.273,   1.938,   0.700,   1.938,   0.700,   1.938
202604171506,   1.380,   1.859,9999.000,9999.000,9999.000,9999.000,9999.000,9999.000,9999.000
202604171512,   1.250,   1.820,9999.000,9999.000,9999.000,9999.000,9999.000,9999.000,9999.000
202604171518,   1.122,   1.600,9999.000,9999.000,9999.000,9999.000,9999.000,9999.000,9999.000
202604171524,   0.996,   1.371,9999.000,9999.000,9999.000,9999.000,9999.000,9999.000,9999.000
202604171530,   0.872,   1.380,9999.000,9999.000,9999.000,9999.000,9999.000,9999.000,9999.000
202604171536,   0.752,   1.249,9999.000,9999.000,9999.000,9999.000,9999.000,9999.000,9999.000
202604171542,   0.635,   0.941,9999.000,9999.000,9999.000,9999.000,9999.000,9999.000,9999.000
202604171548,   0.522,   0.879,9999.000,9999.000,9999.000,9999.000,9999.000,9999.000,9999.000
202604171554,   0.413,   0.770,9999.000,9999.000,9999.000,9999.000,9999.000,9999.000,9999.000
202604171600,   0.309,   0.629,   0.700,  -0.380,   0.629,   0.700,   0.629,   0.700,   0.629
202604171606,   0.209,   0.590,9999.000,9999.000,9999.000,9999.000,9999.000,9999.000,9999.000
202604171612,   0.116,   0.478,9999.000,9999.000,9999.000,9999.000,9999.000,9999.000,9999.000
202604171618,   0.027,   0.390,9999.000,9999.000,9999.000,9999.000,9999.000,9999.000,9999.000
202604171624,  -0.054,   0.350,9999.000,9999.000,9999.000,9999.000,9999.000,9999.000,9999.000
202604171630,  -0.131,   0.209,9999.000,9999.000,9999.000,9999.000,9999.000,9999.000,9999.000
202604171636,  -0.201,   0.190,9999.000,9999.000,9999.000,9999.000,9999.000,9999.000,9999.000
202604171642,  -0.265,   0.170,9999.000,9999.000,9999.000,9999.000,9999.000,9999.000,9999.000
202604171648,  -0.322,  -0.049,9999.000,9999.000,9999.000,9999.000,9999.000,9999.000,9999.000
202604171654,  -0.374,   0.000,9999.000,9999.000,9999.000,9999.000,9999.000,9999.000,9999.000
202604171700,  -0.418,   0.019,   0.700,  -0.263,   0.019,   0.600,  -0.081,   0.700,   0.019
202604171706,  -0.457,  -0.039,9999.000,9999.000,9999.000,9999.000,9999.000,9999.000,9999.000
202604171712,  -0.489,  -0.111,9999.000,9999.000,9999.000,9999.000,9999.000,9999.000,9999.000
202604171718,  -0.515,  -0.029,9999.000,9999.000,9999.000,9999.000,9999.000,9999.000,9999.000
202604171724,  -0.535,  -0.059,9999.000,9999.000,9999.000,9999.000,9999.000,9999.000,9999.000
202604171730,  -0.549,  -0.049,9999.000,9999.000,9999.000,9999.000,9999.000,9999.000,9999.000
202604171736,  -0.557,   0.019,9999.000,9999.000,9999.000,9999.000,9999.000,9999.000,9999.000
202604171742,  -0.560,   0.068,9999.000,9999.000,9999.000,9999.000,9999.000,9999.000,9999.000
202604171748,  -0.557,   0.009,9999.000,9999.000,9999.000,9999.000,9999.000,9999.000,9999.000
202604171754,  -0.550,  -0.039,9999.000,9999.000,9999.000,9999.000,9999.000,9999.000,9999.000
202604171800,  -0.537,   0.049,   0.700,  -0.114,   0.049,   0.600,  -0.051,   0.700,   0.049
202604171806,  -0.520,   0.068,9999.000,9999.000,9999.000,9999.000,9999.000,9999.000,9999.000
202604171812,  -0.499,   0.088,9999.000,9999.000,9999.000,9999.000,9999.000,9999.000,9999.000
202604171818,  -0.473,   0.111,9999.000,9999.000,9999.000,9999.000,9999.000,9999.000,9999.000
202604171824,  -0.444,   0.160,9999.000,9999.000,9999.000,9999.000,9999.000,9999.000,9999.000
202604171830,  -0.410,   0.170,9999.000,9999.000,9999.000,9999.000,9999.000,9999.000,9999.000
202604171836,  -0.374,   0.219,9999.000,9999.000,9999.000,9999.000,9999.000,9999.000,9999.000
202604171842,  -0.333,   0.259,9999.000,9999.000,9999.000,9999.000,9999.000,9999.000,9999.000
202604171848,  -0.290,   0.370,9999.000,9999.000,9999.000,9999.000,9999.000,9999.000,9999.000
202604171854,  -0.243,   0.449,9999.000,9999.000,9999.000,9999.000,9999.000,9999.000,9999.000
202604171900,  -0.193,   0.518,   0.700,   0.011,   0.518,   0.600,   0.418,   0.700,   0.518
202604171906,  -0.141,   0.629,9999.000,9999.000,9999.000,9999.000,9999.000,9999.000,9999.000
202604171912,  -0.085,   0.741,9999.000,9999.000,9999.000,9999.000,9999.000,9999.000,9999.000
202604171918,  -0.027,   0.708,9999.000,9999.000,9999.000,9999.000,9999.000,9999.000,9999.000
202604171924,   0.033,   0.780,9999.000,9999.000,9999.000,9999.000,9999.000,9999.000,9999.000
202604171930,   0.097,   0.849,9999.000,9999.000,9999.000,9999.000,9999.000,9999.000,9999.000
202604171936,   0.163,   0.908,9999.000,9999.000,9999.000,9999.000,9999.000,9999.000,9999.000
202604171942,   0.233,   1.059,9999.000,9999.000,9999.000,9999.000,9999.000,9999.000,9999.000
202604171948,   0.305,   1.128,9999.000,9999.000,9999.000,9999.000,9999.000,9999.000,9999.000
202604171954,   0.379,   1.190,9999.000,9999.000,9999.000,9999.000,9999.000,9999.000,9999.000
202604172000,   0.457,   1.269,   0.700,   0.112,   1.269,   0.700,   1.269,   0.700,   1.269
202604172006,   0.537,   1.298,9999.000,9999.000,9999.000,9999.000,9999.000,9999.000,9999.000
202604172012,   0.620,   1.361,9999.000,9999.000,9999.000,9999.000,9999.000,9999.000,9999.000
202604172018,   0.706,   1.361,9999.000,9999.000,9999.000,9999.000,9999.000,9999.000,9999.000
202604172024,   0.795,   1.449,9999.000,9999.000,9999.000,9999.000,9999.000,9999.000,9999.000
202604172030,   0.887,   1.600,9999.000,9999.000,9999.000,9999.000,9999.000,9999.000,9999.000
202604172036,   0.981,   1.630,9999.000,9999.000,9999.000,9999.000,9999.000,9999.000,9999.000
202604172042,   1.078,   1.767,9999.000,9999.000,9999.000,9999.000,9999.000,9999.000,9999.000
202604172048,   1.178,   1.928,9999.000,9999.000,9999.000,9999.000,9999.000,9999.000,9999.000
202604172054,   1.280,   2.010,9999.000,9999.000,9999.000,9999.000,9999.000,9999.000,9999.000
202604172100,   1.385,   2.079,   0.700,  -0.006,   2.079,   0.700,   2.079,   0.800,   2.179
202604172106,   1.492,   2.158,9999.000,9999.000,9999.000,9999.000,9999.000,9999.000,9999.000
202604172112,   1.601,   2.279,9999.000,9999.000,9999.000,9999.000,9999.000,9999.000,9999.000
202604172118,   1.713,   2.400,9999.000,9999.000,9999.000,9999.000,9999.000,9999.000,9999.000
202604172124,   1.826,   2.538,9999.000,9999.000,9999.000,9999.000,9999.000,9999.000,9999.000
202604172130,   1.942,   2.558,9999.000,9999.000,9999.000,9999.000,9999.000,9999.000,9999.000
202604172136,   2.058,   2.679,9999.000,9999.000,9999.000,9999.000,9999.000,9999.000,9999.000
202604172142,   2.176,   2.807,9999.000,9999.000,9999.000,9999.000,9999.000,9999.000,9999.000
202604172148,   2.295,   2.879,9999.000,9999.000,9999.000,9999.000,9999.000,9999.000,9999.000
202604172154,   2.415,   3.030,9999.000,9999.000,9999.000,9999.000,9999.000,9999.000,9999.000
202604172200,   2.535,   3.129,   0.700,  -0.106,   3.129,   0.700,   3.129,   0.800,   3.229
202604172206,   2.655,   3.230,9999.000,9999.000,9999.000,9999.000,9999.000,9999.000,9999.000
202604172212,   2.775,   3.407,9999.000,9999.000,9999.000,9999.000,9999.000,9999.000,9999.000
202604172218,   2.895,   3.519,9999.000,9999.000,9999.000,9999.000,9999.000,9999.000,9999.000
202604172224,   3.013,   3.617,9999.000,9999.000,9999.000,9999.000,9999.000,9999.000,9999.000
202604172230,   3.131,   3.729,9999.000,9999.000,9999.000,9999.000,9999.000,9999.000,9999.000
202604172236,   3.246,   3.827,9999.000,9999.000,9999.000,9999.000,9999.000,9999.000,9999.000
202604172242,   3.360,   3.939,9999.000,9999.000,9999.000,9999.000,9999.000,9999.000,9999.000
202604172248,   3.471,   4.057,9999.000,9999.000,9999.000,9999.000,9999.000,9999.000,9999.000
202604172254,   3.579,   4.188,9999.000,9999.000,9999.000,9999.000,9999.000,9999.000,9999.000
202604172300,   3.684,   4.257,   0.700,  -0.127,   4.257,   0.700,   4.257,   0.800,   4.357
202604172306,   3.786,   4.339,9999.000,9999.000,9999.000,9999.000,9999.000,9999.000,9999.000
202604172312,   3.883,   4.457,9999.000,9999.000,9999.000,9999.000,9999.000,9999.000,9999.000
202604172318,   3.976,   4.569,9999.000,9999.000,9999.000,9999.000,9999.000,9999.000,9999.000
202604172324,   4.064,   4.647,9999.000,9999.000,9999.000,9999.000,9999.000,9999.000,9999.000
202604172330,   4.146,   4.710,9999.000,9999.000,9999.000,9999.000,9999.000,9999.000,9999.000
202604172336,   4.223,   4.769,9999.000,9999.000,9999.000,9999.000,9999.000,9999.000,9999.000
202604172342,   4.294,   4.828,9999.000,9999.000,9999.000,9999.000,9999.000,9999.000,9999.000
202604172348,   4.359,   4.929,9999.000,9999.000,9999.000,9999.000,9999.000,9999.000,9999.000
202604172354,   4.417,   5.028,9999.000,9999.000,9999.000,9999.000,9999.000,9999.000,9999.000
202604180000,   4.469,   5.047,   0.600,  -0.022,   5.047,   0.500,   4.947,   0.600,   5.047
202604180006,   4.513,   5.087,9999.000,9999.000,9999.000,9999.000,9999.000,9999.000,9999.000
202604180012,   4.550,   5.120,9999.000,9999.000,9999.000,9999.000,9999.000,9999.000,9999.000
202604180018,   4.579,   5.139,9999.000,9999.000,9999.000,9999.000,9999.000,9999.000,9999.000
202604180024,   4.601,   5.129,9999.000,9999.000,9999.000,9999.000,9999.000,9999.000,9999.000
202604180030,   4.614,   5.159,9999.000,9999.000,9999.000,9999.000,9999.000,9999.000,9999.000
202604180036,   4.620,   5.218,9999.000,9999.000,9999.000,9999.000,9999.000,9999.000,9999.000
202604180042,   4.617,   5.247,9999.000,9999.000,9999.000,9999.000,9999.000,9999.000,9999.000
202604180048,   4.607,   5.277,9999.000,9999.000,9999.000,9999.000,9999.000,9999.000,9999.000
202604180054,   4.588,   5.247,9999.000,9999.000,9999.000,9999.000,9999.000,9999.000,9999.000
202604180100,   4.562,   5.198,   0.600,   0.036,   5.198,   0.500,   5.098,   0.600,   5.198
202604180106,   4.527,   5.169,9999.000,9999.000,9999.000,9999.000,9999.000,9999.000,9999.000
202604180112,   4.485,   5.129,9999.000,9999.000,9999.000,9999.000,9999.000,9999.000,9999.000
202604180118,   4.435,   5.110,9999.000,9999.000,9999.000,9999.000,9999.000,9999.000,9999.000
202604180124,   4.377,   5.077,9999.000,9999.000,9999.000,9999.000,9999.000,9999.000,9999.000
202604180130,   4.311,   4.988,9999.000,9999.000,9999.000,9999.000,9999.000,9999.000,9999.000
202604180136,   4.239,   4.919,9999.000,9999.000,9999.000,9999.000,9999.000,9999.000,9999.000
202604180142,   4.160,   4.900,9999.000,9999.000,9999.000,9999.000,9999.000,9999.000,9999.000
202604180148,   4.073,   4.808,9999.000,9999.000,9999.000,9999.000,9999.000,9999.000,9999.000
202604180154,   3.981,   4.667,9999.000,9999.000,9999.000,9999.000,9999.000,9999.000,9999.000
202604180200,   3.882,   4.529,   0.600,   0.047,   4.529,   0.500,   4.429,   0.600,   4.529
202604180206,   3.778,   4.408,9999.000,9999.000,9999.000,9999.000,9999.000,9999.000,9999.000
202604180212,   3.668,   4.349,9999.000,9999.000,9999.000,9999.000,9999.000,9999.000,9999.000
202604180218,   3.553,   4.300,9999.000,9999.000,9999.000,9999.000,9999.000,9999.000,9999.000
202604180224,   3.434,   4.149,9999.000,9999.000,9999.000,9999.000,9999.000,9999.000,9999.000
202604180230,   3.310,   4.008,9999.000,9999.000,9999.000,9999.000,9999.000,9999.000,9999.000
202604180236,   3.182,   3.939,9999.000,9999.000,9999.000,9999.000,9999.000,9999.000,9999.000
202604180242,   3.051,   3.837,9999.000,9999.000,9999.000,9999.000,9999.000,9999.000,9999.000
202604180248,   2.917,   3.650,9999.000,9999.000,9999.000,9999.000,9999.000,9999.000,9999.000
202604180254,   2.781,   3.519,9999.000,9999.000,9999.000,9999.000,9999.000,9999.000,9999.000
202604180300,   2.642,   3.348,   0.600,   0.106,   3.348,   0.600,   3.348,   0.600,   3.348
202604180306,   2.502,   3.188,9999.000,9999.000,9999.000,9999.000,9999.000,9999.000,9999.000
202604180312,   2.360,   3.060,9999.000,9999.000,9999.000,9999.000,9999.000,9999.000,9999.000
202604180318,   2.218,   2.899,9999.000,9999.000,9999.000,9999.000,9999.000,9999.000,9999.000
202604180324,   2.076,   2.748,9999.000,9999.000,9999.000,9999.000,9999.000,9999.000,9999.000
202604180330,   1.934,   2.568,9999.000,9999.000,9999.000,9999.000,9999.000,9999.000,9999.000
202604180336,   1.793,   2.440,9999.000,9999.000,9999.000,9999.000,9999.000,9999.000,9999.000
202604180342,   1.654,   2.318,9999.000,9999.000,9999.000,9999.000,9999.000,9999.000,9999.000
202604180348,   1.516,   2.200,9999.000,9999.000,9999.000,9999.000,9999.000,9999.000,9999.000
202604180354,   1.380,   2.069,9999.000,9999.000,9999.000,9999.000,9999.000,9999.000,9999.000
202604180400,   1.246,   1.908,   0.600,   0.062,   1.908,   0.600,   1.908,   0.600,   1.908
202604180406,   1.116,   1.767,9999.000,9999.000,9999.000,9999.000,9999.000,9999.000,9999.000
202604180412,   0.989,   1.620,9999.000,9999.000,9999.000,9999.000,9999.000,9999.000,9999.000
202604180418,   0.866,   1.489,9999.000,9999.000,9999.000,9999.000,9999.000,9999.000,9999.000
202604180424,   0.747,   1.400,9999.000,9999.000,9999.000,9999.000,9999.000,9999.000,9999.000
202604180430,   0.633,   1.269,9999.000,9999.000,9999.000,9999.000,9999.000,9999.000,9999.000
202604180436,   0.523,   1.190,9999.000,9999.000,9999.000,9999.000,9999.000,9999.000,9999.000
202604180442,   0.418,   1.108,9999.000,9999.000,9999.000,9999.000,9999.000,9999.000,9999.000
202604180448,   0.319,   1.010,9999.000,9999.000,9999.000,9999.000,9999.000,9999.000,9999.000
202604180454,   0.225,   0.941,9999.000,9999.000,9999.000,9999.000,9999.000,9999.000,9999.000
202604180500,   0.137,   0.839,   0.600,   0.102,   0.839,   0.600,   0.839,   0.600,   0.839
202604180506,   0.054,   0.718,9999.000,9999.000,9999.000,9999.000,9999.000,9999.000,9999.000
202604180512,  -0.022,   0.659,9999.000,9999.000,9999.000,9999.000,9999.000,9999.000,9999.000
202604180518,  -0.094,   0.629,9999.000,9999.000,9999.000,9999.000,9999.000,9999.000,9999.000
202604180524,  -0.159,   0.531,9999.000,9999.000,9999.000,9999.000,9999.000,9999.000,9999.000
202604180530,  -0.219,   0.488,9999.000,9999.000,9999.000,9999.000,9999.000,9999.000,9999.000
202604180536,  -0.273,   0.449,9999.000,9999.000,9999.000,9999.000,9999.000,9999.000,9999.000
202604180542,  -0.321,   0.390,9999.000,9999.000,9999.000,9999.000,9999.000,9999.000,9999.000
202604180548,  -0.364,   0.400,9999.000,9999.000,9999.000,9999.000,9999.000,9999.000,9999.000
202604180554,  -0.402,   0.350,9999.000,9999.000,9999.000,9999.000,9999.000,9999.000,9999.000
202604180600,  -0.434,   0.288,   0.600,   0.122,   0.288,   0.600,   0.288,   0.600,   0.288
202604180606,  -0.462,   0.229,9999.000,9999.000,9999.000,9999.000,9999.000,9999.000,9999.000
202604180612,  -0.485,   0.150,9999.000,9999.000,9999.000,9999.000,9999.000,9999.000,9999.000
202604180618,  -0.503,   0.180,9999.000,9999.000,9999.000,9999.000,9999.000,9999.000,9999.000
202604180624,  -0.516,   0.160,9999.000,9999.000,9999.000,9999.000,9999.000,9999.000,9999.000
202604180630,  -0.525,   0.180,9999.000,9999.000,9999.000,9999.000,9999.000,9999.000,9999.000
202604180636,  -0.531,   0.111,9999.000,9999.000,9999.000,9999.000,9999.000,9999.000,9999.000
202604180642,  -0.532,   0.078,9999.000,9999.000,9999.000,9999.000,9999.000,9999.000,9999.000
202604180648,  -0.530,   0.059,9999.000,9999.000,9999.000,9999.000,9999.000,9999.000,9999.000
202604180654,  -0.523,   0.049,9999.000,9999.000,9999.000,9999.000,9999.000,9999.000,9999.000
202604180700,  -0.514,   0.039,   0.600,  -0.047,   0.039,   0.600,   0.039,   0.600,   0.039
202604180706,  -0.501,   0.078,9999.000,9999.000,9999.000,9999.000,9999.000,9999.000,9999.000
202604180712,  -0.485,   0.068,9999.000,9999.000,9999.000,9999.000,9999.000,9999.000,9999.000
202604180718,  -0.466,   0.111,9999.000,9999.000,9999.000,9999.000,9999.000,9999.000,9999.000
202604180724,  -0.443,   0.160,9999.000,9999.000,9999.000,9999.000,9999.000,9999.000,9999.000
202604180730,  -0.418,   0.190,9999.000,9999.000,9999.000,9999.000,9999.000,9999.000,9999.000
202604180736,  -0.389,   0.180,9999.000,9999.000,9999.000,9999.000,9999.000,9999.000,9999.000
202604180742,  -0.357,   0.190,9999.000,9999.000,9999.000,9999.000,9999.000,9999.000,9999.000
202604180748,  -0.322,   0.200,9999.000,9999.000,9999.000,9999.000,9999.000,9999.000,9999.000
202604180754,  -0.284,   0.249,9999.000,9999.000,9999.000,9999.000,9999.000,9999.000,9999.000
202604180800,  -0.243,   0.308,   0.600,  -0.049,   0.308,   0.600,   0.308,   0.600,   0.308
202604180806,  -0.199,   0.409,9999.000,9999.000,9999.000,9999.000,9999.000,9999.000,9999.000
202604180812,  -0.151,   0.488,9999.000,9999.000,9999.000,9999.000,9999.000,9999.000,9999.000
202604180818,  -0.100,   0.518,9999.000,9999.000,9999.000,9999.000,9999.000,9999.000,9999.000
202604180824,  -0.046,   0.610,9999.000,9999.000,9999.000,9999.000,9999.000,9999.000,9999.000
202604180830,   0.011,   0.688,9999.000,9999.000,9999.000,9999.000,9999.000,9999.000,9999.000
202604180836,   0.073,   0.731,9999.000,9999.000,9999.000,9999.000,9999.000,9999.000,9999.000
202604180842,   0.137,   0.790,9999.000,9999.000,9999.000,9999.000,9999.000,9999.000,9999.000
202604180848,   0.206,   0.888,9999.000,9999.000,9999.000,9999.000,9999.000,9999.000,9999.000
202604180854,   0.278,   0.941,9999.000,9999.000,9999.000,9999.000,9999.000,9999.000,9999.000
202604180900,   0.354,   0.990,   0.600,   0.036,   0.990,   0.600,   0.990,   0.700,   1.090
202604180906,   0.433,   1.069,9999.000,9999.000,9999.000,9999.000,9999.000,9999.000,9999.000
202604180912,   0.516,   1.161,9999.000,9999.000,9999.000,9999.000,9999.000,9999.000,9999.000
202604180918,   0.602,   1.229,9999.000,9999.000,9999.000,9999.000,9999.000,9999.000,9999.000
202604180924,   0.692,   1.328,9999.000,9999.000,9999.000,9999.000,9999.000,9999.000,9999.000
202604180930,   0.784,   1.400,9999.000,9999.000,9999.000,9999.000,9999.000,9999.000,9999.000
202604180936,   0.881,   1.479,9999.000,9999.000,9999.000,9999.000,9999.000,9999.000,9999.000
202604180942,   0.980,   1.630,9999.000,9999.000,9999.000,9999.000,9999.000,9999.000,9999.000
202604180948,   1.082,   1.738,9999.000,9999.000,9999.000,9999.000,9999.000,9999.000,9999.000
202604180954,   1.186,   1.820,9999.000,9999.000,9999.000,9999.000,9999.000,9999.000,9999.000
202604181000,   1.293,   1.908,   0.700,  -0.085,   1.908,   0.600,   1.808,   0.700,   1.908
202604181006,   1.402,   2.049,9999.000,9999.000,9999.000,9999.000,9999.000,9999.000,9999.000
202604181012,   1.514,   2.138,9999.000,9999.000,9999.000,9999.000,9999.000,9999.000,9999.000
202604181018,   1.626,   2.230,9999.000,9999.000,9999.000,9999.000,9999.000,9999.000,9999.000
202604181024,   1.741,   2.318,9999.000,9999.000,9999.000,9999.000,9999.000,9999.000,9999.000
202604181030,   1.856,   2.440,9999.000,9999.000,9999.000,9999.000,9999.000,9999.000,9999.000
202604181036,   1.971,   2.578,9999.000,9999.000,9999.000,9999.000,9999.000,9999.000,9999.000
202604181042,   2.088,   2.699,9999.000,9999.000,9999.000,9999.000,9999.000,9999.000,9999.000
202604181048,   2.204,   2.850,9999.000,9999.000,9999.000,9999.000,9999.000,9999.000,9999.000
202604181054,   2.319,   2.958,9999.000,9999.000,9999.000,9999.000,9999.000,9999.000,9999.000
202604181100,   2.434,   3.070,   0.700,  -0.064,   3.070,   0.600,   2.970,   0.700,   3.070
202604181106,   2.547,   3.178,9999.000,9999.000,9999.000,9999.000,9999.000,9999.000,9999.000
202604181112,   2.658,   3.289,9999.000,9999.000,9999.000,9999.000,9999.000,9999.000,9999.000
202604181118,   2.767,   3.407,9999.000,9999.000,9999.000,9999.000,9999.000,9999.000,9999.000
202604181124,   2.874,   3.529,9999.000,9999.000,9999.000,9999.000,9999.000,9999.000,9999.000
202604181130,   2.977,   3.617,9999.000,9999.000,9999.000,9999.000,9999.000,9999.000,9999.000
202604181136,   3.077,   3.729,9999.000,9999.000,9999.000,9999.000,9999.000,9999.000,9999.000
202604181142,   3.173,   3.847,9999.000,9999.000,9999.000,9999.000,9999.000,9999.000,9999.000
202604181148,   3.265,   3.899,9999.000,9999.000,9999.000,9999.000,9999.000,9999.000,9999.000
202604181154,   3.351,   3.939,9999.000,9999.000,9999.000,9999.000,9999.000,9999.000,9999.000
202604181200,   3.432,   4.027,   0.700,  -0.105,   4.027,   0.600,   3.927,   0.700,   4.027
202604181206,   3.508,   4.099,9999.000,9999.000,9999.000,9999.000,9999.000,9999.000,9999.000
202604181212,   3.578,   4.159,9999.000,9999.000,9999.000,9999.000,9999.000,9999.000,9999.000
202604181218,   3.641,   4.198,9999.000,9999.000,9999.000,9999.000,9999.000,9999.000,9999.000
202604181224,   3.697,   4.227,9999.000,9999.000,9999.000,9999.000,9999.000,9999.000,9999.000
202604181230,   3.747,   4.237,9999.000,9999.000,9999.000,9999.000,9999.000,9999.000,9999.000
202604181236,   3.789,   4.300,9999.000,9999.000,9999.000,9999.000,9999.000,9999.000,9999.000
202604181242,   3.824,   4.319,9999.000,9999.000,9999.000,9999.000,9999.000,9999.000,9999.000
202604181248,   3.850,   4.368,9999.000,9999.000,9999.000,9999.000,9999.000,9999.000,9999.000
202604181254,   3.869,   4.427,9999.000,9999.000,9999.000,9999.000,9999.000,9999.000,9999.000
202604181300,   3.880,   4.437,   0.700,  -0.143,   4.437,   0.600,   4.337,   0.700,   4.437
202604181306,   3.883,   4.437,9999.000,9999.000,9999.000,9999.000,9999.000,9999.000,9999.000
202604181312,   3.878,   4.437,9999.000,9999.000,9999.000,9999.000,9999.000,9999.000,9999.000
202604181318,   3.864,   4.437,9999.000,9999.000,9999.000,9999.000,9999.000,9999.000,9999.000
202604181324,   3.842,   4.418,9999.000,9999.000,9999.000,9999.000,9999.000,9999.000,9999.000
202604181330,   3.812,   4.408,9999.000,9999.000,9999.000,9999.000,9999.000,9999.000,9999.000
202604181336,   3.774,   4.388,9999.000,9999.000,9999.000,9999.000,9999.000,9999.000,9999.000
202604181342,   3.728,   4.339,9999.000,9999.000,9999.000,9999.000,9999.000,9999.000,9999.000
202604181348,   3.674,   4.267,9999.000,9999.000,9999.000,9999.000,9999.000,9999.000,9999.000
202604181354,   3.613,   4.168,9999.000,9999.000,9999.000,9999.000,9999.000,9999.000,9999.000
202604181400,   3.544,   4.070,   0.700,  -0.174,   4.070,   0.600,   3.970,   0.700,   4.070
202604181406,   3.468,   4.017,9999.000,9999.000,9999.000,9999.000,9999.000,9999.000,9999.000
202604181412,   3.386,   3.949,9999.000,9999.000,9999.000,9999.000,9999.000,9999.000,9999.000
202604181418,   3.297,   3.860,9999.000,9999.000,9999.000,9999.000,9999.000,9999.000,9999.000
202604181424,   3.202,   3.768,9999.000,9999.000,9999.000,9999.000,9999.000,9999.000,9999.000
202604181430,   3.101,   3.637,9999.000,9999.000,9999.000,9999.000,9999.000,9999.000,9999.000
202604181436,   2.994,   3.539,9999.000,9999.000,9999.000,9999.000,9999.000,9999.000,9999.000
202604181442,   2.883,   3.407,9999.000,9999.000,9999.000,9999.000,9999.000,9999.000,9999.000
202604181448,   2.767,   3.270,9999.000,9999.000,9999.000,9999.000,9999.000,9999.000,9999.000
202604181454,   2.647,   3.119,9999.000,9999.000,9999.000,9999.000,9999.000,9999.000,9999.000
202604181500,   2.524,   3.040,   0.700,  -0.184,   3.040,   0.700,   3.040,   0.700,   3.040
202604181506,   2.397,   2.929,9999.000,9999.000,9999.000,9999.000,9999.000,9999.000,9999.000
202604181512,   2.268,   2.787,9999.000,9999.000,9999.000,9999.000,9999.000,9999.000,9999.000
202604181518,   2.137,   2.660,9999.000,9999.000,9999.000,9999.000,9999.000,9999.000,9999.000
202604181524,   2.003,   2.459,9999.000,9999.000,9999.000,9999.000,9999.000,9999.000,9999.000
202604181530,   1.869,   2.299,9999.000,9999.000,9999.000,9999.000,9999.000,9999.000,9999.000
202604181536,   1.734,   2.191,9999.000,9999.000,9999.000,9999.000,9999.000,9999.000,9999.000
202604181542,   1.599,   2.099,9999.000,9999.000,9999.000,9999.000,9999.000,9999.000,9999.000
202604181548,   1.465,   1.948,9999.000,9999.000,9999.000,9999.000,9999.000,9999.000,9999.000
202604181554,   1.331,   1.810,9999.000,9999.000,9999.000,9999.000,9999.000,9999.000,9999.000
202604181600,   1.199,   1.708,   0.700,  -0.191,   1.708,   0.700,   1.708,   0.800,   1.808
202604181606,   1.068,   1.538,9999.000,9999.000,9999.000,9999.000,9999.000,9999.000,9999.000
202604181612,   0.941,   1.420,9999.000,9999.000,9999.000,9999.000,9999.000,9999.000,9999.000
202604181618,   0.816,   1.279,9999.000,9999.000,9999.000,9999.000,9999.000,9999.000,9999.000
202604181624,   0.694,   1.151,9999.000,9999.000,9999.000,9999.000,9999.000,9999.000,9999.000
202604181630,   0.576,   1.010,9999.000,9999.000,9999.000,9999.000,9999.000,9999.000,9999.000
202604181636,   0.463,   0.888,9999.000,9999.000,9999.000,9999.000,9999.000,9999.000,9999.000
202604181642,   0.354,   0.790,9999.000,9999.000,9999.000,9999.000,9999.000,9999.000,9999.000
202604181648,   0.250,   0.669,9999.000,9999.000,9999.000,9999.000,9999.000,9999.000,9999.000
202604181654,   0.151,   0.580,9999.000,9999.000,9999.000,9999.000,9999.000,9999.000,9999.000
202604181700,   0.058,   0.449,   0.800,  -0.409,   0.449,   0.700,   0.349,   0.800,   0.449
202604181706,  -0.028,   0.360,9999.000,9999.000,9999.000,9999.000,9999.000,9999.000,9999.000
202604181712,  -0.109,   0.298,9999.000,9999.000,9999.000,9999.000,9999.000,9999.000,9999.000
202604181718,  -0.184,   0.219,9999.000,9999.000,9999.000,9999.000,9999.000,9999.000,9999.000
202604181724,  -0.252,   0.170,9999.000,9999.000,9999.000,9999.000,9999.000,9999.000,9999.000
202604181730,  -0.314,   0.121,9999.000,9999.000,9999.000,9999.000,9999.000,9999.000,9999.000
202604181736,  -0.369,   0.111,9999.000,9999.000,9999.000,9999.000,9999.000,9999.000,9999.000
202604181742,  -0.418,   0.049,9999.000,9999.000,9999.000,9999.000,9999.000,9999.000,9999.000
202604181748,  -0.460,   0.131,9999.000,9999.000,9999.000,9999.000,9999.000,9999.000,9999.000
202604181754,  -0.496,   0.059,9999.000,9999.000,9999.000,9999.000,9999.000,9999.000,9999.000
202604181800,  -0.525,   0.078,   0.700,  -0.097,   0.078,   0.700,   0.078,   0.800,   0.178
202604181806,  -0.548,   0.049,9999.000,9999.000,9999.000,9999.000,9999.000,9999.000,9999.000
202604181812,  -0.565,   0.098,9999.000,9999.000,9999.000,9999.000,9999.000,9999.000,9999.000
202604181818,  -0.576,   0.131,9999.000,9999.000,9999.000,9999.000,9999.000,9999.000,9999.000
202604181824,  -0.581,   0.141,9999.000,9999.000,9999.000,9999.000,9999.000,9999.000,9999.000
202604181830,  -0.580,   0.121,9999.000,9999.000,9999.000,9999.000,9999.000,9999.000,9999.000
202604181836,  -0.574,   0.131,9999.000,9999.000,9999.000,9999.000,9999.000,9999.000,9999.000
202604181842,  -0.563,   0.150,9999.000,9999.000,9999.000,9999.000,9999.000,9999.000,9999.000
202604181848,  -0.547,   0.150,9999.000,9999.000,9999.000,9999.000,9999.000,9999.000,9999.000
202604181854,  -0.526,   0.170,9999.000,9999.000,9999.000,9999.000,9999.000,9999.000,9999.000
202604181900,  -0.501,   0.190,   0.700,  -0.009,   0.190,   0.700,   0.190,   0.800,   0.290
202604181906,  -0.472,   0.229,9999.000,9999.000,9999.000,9999.000,9999.000,9999.000,9999.000
202604181912,  -0.439,   0.239,9999.000,9999.000,9999.000,9999.000,9999.000,9999.000,9999.000
202604181918,  -0.402,   0.278,9999.000,9999.000,9999.000,9999.000,9999.000,9999.000,9999.000
202604181924,  -0.361,   0.321,9999.000,9999.000,9999.000,9999.000,9999.000,9999.000,9999.000
202604181930,  -0.317,   0.380,9999.000,9999.000,9999.000,9999.000,9999.000,9999.000,9999.000
202604181936,  -0.270,   0.409,9999.000,9999.000,9999.000,9999.000,9999.000,9999.000,9999.000
202604181942,  -0.220,   0.459,9999.000,9999.000,9999.000,9999.000,9999.000,9999.000,9999.000
202604181948,  -0.167,   0.498,9999.000,9999.000,9999.000,9999.000,9999.000,9999.000,9999.000
202604181954,  -0.111,   0.551,9999.000,9999.000,9999.000,9999.000,9999.000,9999.000,9999.000
202604182000,  -0.052,   0.649,   0.800,  -0.099,   0.649,   0.700,   0.549,   0.800,   0.649
202604182006,   0.009,   0.678,9999.000,9999.000,9999.000,9999.000,9999.000,9999.000,9999.000
202604182012,   0.073,   0.708,9999.000,9999.000,9999.000,9999.000,9999.000,9999.000,9999.000
202604182018,   0.140,   0.790,9999.000,9999.000,9999.000,9999.000,9999.000,9999.000,9999.000
202604182024,   0.210,   0.839,9999.000,9999.000,9999.000,9999.000,9999.000,9999.000,9999.000
202604182030,   0.282,   0.898,9999.000,9999.000,9999.000,9999.000,9999.000,9999.000,9999.000
202604182036,   0.356,   1.000,9999.000,9999.000,9999.000,9999.000,9999.000,9999.000,9999.000
202604182042,   0.434,   1.098,9999.000,9999.000,9999.000,9999.000,9999.000,9999.000,9999.000
202604182048,   0.514,   1.170,9999.000,9999.000,9999.000,9999.000,9999.000,9999.000,9999.000
202604182054,   0.596,   1.308,9999.000,9999.000,9999.000,9999.000,9999.000,9999.000,9999.000
202604182100,   0.681,   1.420,   0.800,  -0.061,   1.420,   0.700,   1.320,   0.800,   1.420
202604182106,   0.769,   1.489,9999.000,9999.000,9999.000,9999.000,9999.000,9999.000,9999.000
202604182112,   0.859,   1.557,9999.000,9999.000,9999.000,9999.000,9999.000,9999.000,9999.000
202604182118,   0.952,   1.649,9999.000,9999.000,9999.000,9999.000,9999.000,9999.000,9999.000
202604182124,   1.047,   1.728,9999.000,9999.000,9999.000,9999.000,9999.000,9999.000,9999.000
202604182130,   1.145,   1.840,9999.000,9999.000,9999.000,9999.000,9999.000,9999.000,9999.000
202604182136,   1.245,   2.000,9999.000,9999.000,9999.000,9999.000,9999.000,9999.000,9999.000
202604182142,   1.348,   2.138,9999.000,9999.000,9999.000,9999.000,9999.000,9999.000,9999.000
202604182148,   1.453,   2.269,9999.000,9999.000,9999.000,9999.000,9999.000,9999.000,9999.000
202604182154,   1.560,   2.348,9999.000,9999.000,9999.000,9999.000,9999.000,9999.000,9999.000
202604182200,   1.669,   2.410,   0.800,  -0.059,   2.410,   0.800,   2.410,   0.800,   2.410
202604182206,   1.780,   2.509,9999.000,9999.000,9999.000,9999.000,9999.000,9999.000,9999.000
202604182212,   1.893,   2.630,9999.000,9999.000,9999.000,9999.000,9999.000,9999.000,9999.000
202604182218,   2.008,   2.728,9999.000,9999.000,9999.000,9999.000,9999.000,9999.000,9999.000
202604182224,   2.123,   2.879,9999.000,9999.000,9999.000,9999.000,9999.000,9999.000,9999.000
202604182230,   2.240,   3.040,9999.000,9999.000,9999.000,9999.000,9999.000,9999.000,9999.000
202604182236,   2.358,   3.158,9999.000,9999.000,9999.000,9999.000,9999.000,9999.000,9999.000
202604182242,   2.477,   3.319,9999.000,9999.000,9999.000,9999.000,9999.000,9999.000,9999.000
202604182248,   2.596,   3.450,9999.000,9999.000,9999.000,9999.000,9999.000,9999.000,9999.000
202604182254,   2.715,   3.519,9999.000,9999.000,9999.000,9999.000,9999.000,9999.000,9999.000
202604182300,   2.833,   3.650,   0.800,   0.017,   3.650,   0.800,   3.650,   0.900,   3.750
202604182306,   2.952,   3.749,9999.000,9999.000,9999.000,9999.000,9999.000,9999.000,9999.000
202604182312,   3.069,   3.899,9999.000,9999.000,9999.000,9999.000,9999.000,9999.000,9999.000
202604182318,   3.185,   4.027,9999.000,9999.000,9999.000,9999.000,9999.000,9999.000,9999.000
202604182324,   3.300,   4.159,9999.000,9999.000,9999.000,9999.000,9999.000,9999.000,9999.000
202604182330,   3.412,   4.290,9999.000,9999.000,9999.000,9999.000,9999.000,9999.000,9999.000
202604182336,   3.523,   4.398,9999.000,9999.000,9999.000,9999.000,9999.000,9999.000,9999.000
202604182342,   3.630,   4.509,9999.000,9999.000,9999.000,9999.000,9999.000,9999.000,9999.000
202604182348,   3.735,   4.637,9999.000,9999.000,9999.000,9999.000,9999.000,9999.000,9999.000
202604182354,   3.835,   4.769,9999.000,9999.000,9999.000,9999.000,9999.000,9999.000,9999.000
202604190000,   3.932,   4.857,   0.700,   0.225,   4.857,   0.700,   4.857,   0.800,   4.957
202604190006,   4.025,   4.959,9999.000,9999.000,9999.000,9999.000,9999.000,9999.000,9999.000
202604190012,   4.112,   5.038,9999.000,9999.000,9999.000,9999.000,9999.000,9999.000,9999.000
202604190018,   4.195,   5.110,9999.000,9999.000,9999.000,9999.000,9999.000,9999.000,9999.000
202604190024,   4.272,   5.188,9999.000,9999.000,9999.000,9999.000,9999.000,9999.000,9999.000
202604190030,   4.343,   5.198,9999.000,9999.000,9999.000,9999.000,9999.000,9999.000,9999.000
202604190036,   4.408,   5.238,9999.000,9999.000,9999.000,9999.000,9999.000,9999.000,9999.000
202604190042,   4.466,   5.349,9999.000,9999.000,9999.000,9999.000,9999.000,9999.000,9999.000
202604190048,   4.518,   5.457,9999.000,9999.000,9999.000,9999.000,9999.000,9999.000,9999.000
202604190054,   4.562,   5.487,9999.000,9999.000,9999.000,9999.000,9999.000,9999.000,9999.000
202604190100,   4.599,   5.516,   0.700,   0.217,   5.516,   0.700,   5.516,   0.800,   5.616
202604190106,   4.629,   5.539,9999.000,9999.000,9999.000,9999.000,9999.000,9999.000,9999.000
202604190112,   4.650,   5.589,9999.000,9999.000,9999.000,9999.000,9999.000,9999.000,9999.000
202604190118,   4.664,   5.608,9999.000,9999.000,9999.000,9999.000,9999.000,9999.000,9999.000
202604190124,   4.670,   5.648,9999.000,9999.000,9999.000,9999.000,9999.000,9999.000,9999.000
202604190130,   4.667,   5.628,9999.000,9999.000,9999.000,9999.000,9999.000,9999.000,9999.000
202604190136,   4.657,   5.667,9999.000,9999.000,9999.000,9999.000,9999.000,9999.000,9999.000
202604190142,   4.638,   5.677,9999.000,9999.000,9999.000,9999.000,9999.000,9999.000,9999.000
202604190148,   4.611,   5.677,9999.000,9999.000,9999.000,9999.000,9999.000,9999.000,9999.000
202604190154,   4.576,   5.589,9999.000,9999.000,9999.000,9999.000,9999.000,9999.000,9999.000
202604190200,   4.533,   5.559,   0.700,   0.326,   5.559,   0.700,   5.559,   0.800,   5.659
202604190206,   4.482,   5.497,9999.000,9999.000,9999.000,9999.000,9999.000,9999.000,9999.000
202604190212,   4.424,   5.428,9999.000,9999.000,9999.000,9999.000,9999.000,9999.000,9999.000
202604190218,   4.357,   5.339,9999.000,9999.000,9999.000,9999.000,9999.000,9999.000,9999.000
202604190224,   4.284,   5.228,9999.000,9999.000,9999.000,9999.000,9999.000,9999.000,9999.000
202604190230,   4.204,   5.129,9999.000,9999.000,9999.000,9999.000,9999.000,9999.000,9999.000
202604190236,   4.116,   5.018,9999.000,9999.000,9999.000,9999.000,9999.000,9999.000,9999.000
202604190242,   4.023,   4.939,9999.000,9999.000,9999.000,9999.000,9999.000,9999.000,9999.000
202604190248,   3.923,   4.867,9999.000,9999.000,9999.000,9999.000,9999.000,9999.000,9999.000
202604190254,   3.818,   4.778,9999.000,9999.000,9999.000,9999.000,9999.000,9999.000,9999.000
202604190300,   3.707,   4.637,   0.700,   0.230,   4.637,   0.600,   4.537,   0.700,   4.637
202604190306,   3.591,   4.490,9999.000,9999.000,9999.000,9999.000,9999.000,9999.000,9999.000
202604190312,   3.470,   4.309,9999.000,9999.000,9999.000,9999.000,9999.000,9999.000,9999.000
202604190318,   3.346,   4.149,9999.000,9999.000,9999.000,9999.000,9999.000,9999.000,9999.000
202604190324,   3.217,   3.988,9999.000,9999.000,9999.000,9999.000,9999.000,9999.000,9999.000
202604190330,   3.085,   3.808,9999.000,9999.000,9999.000,9999.000,9999.000,9999.000,9999.000
202604190336,   2.951,   3.709,9999.000,9999.000,9999.000,9999.000,9999.000,9999.000,9999.000
202604190342,   2.814,   3.637,9999.000,9999.000,9999.000,9999.000,9999.000,9999.000,9999.000
202604190348,   2.675,   3.509,9999.000,9999.000,9999.000,9999.000,9999.000,9999.000,9999.000
202604190354,   2.535,   3.358,9999.000,9999.000,9999.000,9999.000,9999.000,9999.000,9999.000
202604190400,   2.393,   3.217,   0.700,   0.124,   3.217,   0.600,   3.117,   0.700,   3.217
202604190406,   2.251,   3.070,9999.000,9999.000,9999.000,9999.000,9999.000,9999.000,9999.000
202604190412,   2.110,   2.850,9999.000,9999.000,9999.000,9999.000,9999.000,9999.000,9999.000
202604190418,   1.968,   2.669,9999.000,9999.000,9999.000,9999.000,9999.000,9999.000,9999.000
202604190424,   1.828,   2.548,9999.000,9999.000,9999.000,9999.000,9999.000,9999.000,9999.000
202604190430,   1.689,   2.440,9999.000,9999.000,9999.000,9999.000,9999.000,9999.000,9999.000
202604190436,   1.551,   2.269,9999.000,9999.000,9999.000,9999.000,9999.000,9999.000,9999.000
202604190442,   1.416,   2.177,9999.000,9999.000,9999.000,9999.000,9999.000,9999.000,9999.000
202604190448,   1.284,   2.069,9999.000,9999.000,9999.000,9999.000,9999.000,9999.000,9999.000
202604190454,   1.155,   1.928,9999.000,9999.000,9999.000,9999.000,9999.000,9999.000,9999.000
202604190500,   1.029,   1.830,   0.700,   0.101,   1.830,   0.600,   1.730,   0.700,   1.830
202604190506,   0.907,   1.718,9999.000,9999.000,9999.000,9999.000,9999.000,9999.000,9999.000
202604190512,   0.789,   1.620,9999.000,9999.000,9999.000,9999.000,9999.000,9999.000,9999.000
202604190518,   0.675,   1.508,9999.000,9999.000,9999.000,9999.000,9999.000,9999.000,9999.000
202604190524,   0.567,   1.410,9999.000,9999.000,9999.000,9999.000,9999.000,9999.000,9999.000
202604190530,   0.463,   1.328,9999.000,9999.000,9999.000,9999.000,9999.000,9999.000,9999.000
202604190536,   0.365,   1.249,9999.000,9999.000,9999.000,9999.000,9999.000,9999.000,9999.000
202604190542,   0.272,   1.180,9999.000,9999.000,9999.000,9999.000,9999.000,9999.000,9999.000
202604190548,   0.184,   1.088,9999.000,9999.000,9999.000,9999.000,9999.000,9999.000,9999.000
202604190554,   0.102,   1.029,9999.000,9999.000,9999.000,9999.000,9999.000,9999.000,9999.000
202604190600,   0.026,   0.980,   0.700,   0.254,   0.980,   0.700,   0.980,   0.700,   0.980
202604190606,  -0.044,   0.961,9999.000,9999.000,9999.000,9999.000,9999.000,9999.000,9999.000
202604190612,  -0.109,   0.908,9999.000,9999.000,9999.000,9999.000,9999.000,9999.000,9999.000
202604190618,  -0.168,   0.829,9999.000,9999.000,9999.000,9999.000,9999.000,9999.000,9999.000
202604190624,  -0.222,   0.751,9999.000,9999.000,9999.000,9999.000,9999.000,9999.000,9999.000
202604190630,  -0.270,   0.731,9999.000,9999.000,9999.000,9999.000,9999.000,9999.000,9999.000
202604190636,  -0.312,   0.698,9999.000,9999.000,9999.000,9999.000,9999.000,9999.000,9999.000
202604190642,  -0.350,   0.669,9999.000,9999.000,9999.000,9999.000,9999.000,9999.000,9999.000
202604190648,  -0.382,   0.659,9999.000,9999.000,9999.000,9999.000,9999.000,9999.000,9999.000
202604190654,  -0.409,   0.669,9999.000,9999.000,9999.000,9999.000,9999.000,9999.000,9999.000
202604190700,  -0.432,   0.600,   0.700,   0.332,   0.600,   0.700,   0.600,   0.700,   0.600
202604190706,  -0.450,   0.570,9999.000,9999.000,9999.000,9999.000,9999.000,9999.000,9999.000
202604190712,  -0.463,   0.600,9999.000,9999.000,9999.000,9999.000,9999.000,9999.000,9999.000
202604190718,  -0.473,   0.551,9999.000,9999.000,9999.000,9999.000,9999.000,9999.000,9999.000
202604190724,  -0.478,   0.531,9999.000,9999.000,9999.000,9999.000,9999.000,9999.000,9999.000
202604190730,  -0.479,   0.531,9999.000,9999.000,9999.000,9999.000,9999.000,9999.000,9999.000
202604190736,  -0.477,   0.498,9999.000,9999.000,9999.000,9999.000,9999.000,9999.000,9999.000
202604190742,  -0.471,   0.508,9999.000,9999.000,9999.000,9999.000,9999.000,9999.000,9999.000
202604190748,  -0.462,   0.518,9999.000,9999.000,9999.000,9999.000,9999.000,9999.000,9999.000
202604190754,  -0.450,   0.478,9999.000,9999.000,9999.000,9999.000,9999.000,9999.000,9999.000
202604190800,  -0.434,   0.488,   0.700,   0.222,   0.488,   0.700,   0.488,   0.700,   0.488
202604190806,  -0.416,   0.508,9999.000,9999.000,9999.000,9999.000,9999.000,9999.000,9999.000
202604190812,  -0.394,   0.488,9999.000,9999.000,9999.000,9999.000,9999.000,9999.000,9999.000
202604190818,  -0.369,   0.518,9999.000,9999.000,9999.000,9999.000,9999.000,9999.000,9999.000
202604190824,  -0.342,   0.498,9999.000,9999.000,9999.000,9999.000,9999.000,9999.000,9999.000
202604190830,  -0.311,   0.518,9999.000,9999.000,9999.000,9999.000,9999.000,9999.000,9999.000
202604190836,  -0.277,   0.560,9999.000,9999.000,9999.000,9999.000,9999.000,9999.000,9999.000
202604190842,  -0.241,   0.531,9999.000,9999.000,9999.000,9999.000,9999.000,9999.000,9999.000
202604190848,  -0.202,   0.600,9999.000,9999.000,9999.000,9999.000,9999.000,9999.000,9999.000
202604190854,  -0.159,   0.688,9999.000,9999.000,9999.000,9999.000,9999.000,9999.000,9999.000
202604190900,  -0.114,   0.718,   0.700,   0.132,   0.718,   0.700,   0.718,   0.700,   0.718
202604190906,  -0.065,   0.751,9999.000,9999.000,9999.000,9999.000,9999.000,9999.000,9999.000
202604190912,  -0.013,   0.780,9999.000,9999.000,9999.000,9999.000,9999.000,9999.000,9999.000
202604190918,   0.041,   0.829,9999.000,9999.000,9999.000,9999.000,9999.000,9999.000,9999.000
202604190924,   0.099,   0.859,9999.000,9999.000,9999.000,9999.000,9999.000,9999.000,9999.000
202604190930,   0.160,   0.908,9999.000,9999.000,9999.000,9999.000,9999.000,9999.000,9999.000
202604190936,   0.225,   0.970,9999.000,9999.000,9999.000,9999.000,9999.000,9999.000,9999.000
202604190942,   0.293,   1.059,9999.000,9999.000,9999.000,9999.000,9999.000,9999.000,9999.000
202604190948,   0.365,   1.161,9999.000,9999.000,9999.000,9999.000,9999.000,9999.000,9999.000
202604190954,   0.440,   1.259,9999.000,9999.000,9999.000,9999.000,9999.000,9999.000,9999.000
202604191000,   0.518,   1.348,   0.700,   0.130,   1.348,   0.700,   1.348,   0.700,   1.348
202604191006,   0.600,   1.390,9999.000,9999.000,9999.000,9999.000,9999.000,9999.000,9999.000
202604191012,   0.685,   1.498,9999.000,9999.000,9999.000,9999.000,9999.000,9999.000,9999.000
202604191018,   0.773,   1.610,9999.000,9999.000,9999.000,9999.000,9999.000,9999.000,9999.000
202604191024,   0.865,   1.669,9999.000,9999.000,9999.000,9999.000,9999.000,9999.000,9999.000
202604191030,   0.959,   1.820,9999.000,9999.000,9999.000,9999.000,9999.000,9999.000,9999.000
202604191036,   1.056,   1.899,9999.000,9999.000,9999.000,9999.000,9999.000,9999.000,9999.000
202604191042,   1.156,   2.030,9999.000,9999.000,9999.000,9999.000,9999.000,9999.000,9999.000
202604191048,   1.258,   2.109,9999.000,9999.000,9999.000,9999.000,9999.000,9999.000,9999.000
202604191054,   1.363,   2.210,9999.000,9999.000,9999.000,9999.000,9999.000,9999.000,9999.000
202604191100,   1.469,   2.299,   0.700,   0.130,   2.299,   0.600,   2.199,   0.700,   2.299
202604191106,   1.578,   2.420,9999.000,9999.000,9999.000,9999.000,9999.000,9999.000,9999.000
202604191112,   1.688,   2.568,9999.000,9999.000,9999.000,9999.000,9999.000,9999.000,9999.000
202604191118,   1.799,   2.709,9999.000,9999.000,9999.000,9999.000,9999.000,9999.000,9999.000
202604191124,   1.911,   2.807,9999.000,9999.000,9999.000,9999.000,9999.000,9999.000,9999.000
202604191130,   2.024,   2.929,9999.000,9999.000,9999.000,9999.000,9999.000,9999.000,9999.000
202604191136,   2.137,   3.017,9999.000,9999.000,9999.000,9999.000,9999.000,9999.000,9999.000
202604191142,   2.250,   3.207,9999.000,9999.000,9999.000,9999.000,9999.000,9999.000,9999.000
202604191148,   2.362,   3.329,9999.000,9999.000,9999.000,9999.000,9999.000,9999.000,9999.000
202604191154,   2.473,   3.417,9999.000,9999.000,9999.000,9999.000,9999.000,9999.000,9999.000
202604191200,   2.583,   3.598,   0.900,   0.115,   3.598,   0.900,   3.598,   0.900,   3.598
202604191206,   2.691,   3.739,9999.000,9999.000,9999.000,9999.000,9999.000,9999.000,9999.000
202604191212,   2.796,   3.847,9999.000,9999.000,9999.000,9999.000,9999.000,9999.000,9999.000
202604191218,   2.899,   3.949,9999.000,9999.000,9999.000,9999.000,9999.000,9999.000,9999.000
202604191224,   2.999,   4.047,9999.000,9999.000,9999.000,9999.000,9999.000,9999.000,9999.000
202604191230,   3.095,   4.139,9999.000,9999.000,9999.000,9999.000,9999.000,9999.000,9999.000
202604191236,   3.187,   4.257,9999.000,9999.000,9999.000,9999.000,9999.000,9999.000,9999.000
202604191242,   3.274,   4.359,9999.000,9999.000,9999.000,9999.000,9999.000,9999.000,9999.000
202604191248,   3.357,   4.447,9999.000,9999.000,9999.000,9999.000,9999.000,9999.000,9999.000
202604191254,   3.434,   4.509,9999.000,9999.000,9999.000,9999.000,9999.000,9999.000,9999.000
202604191300,   3.505,   4.529,   0.900,   0.124,   4.529,   0.900,   4.529,   1.000,   4.629
202604191306,   3.570,   4.598,9999.000,9999.000,9999.000,9999.000,9999.000,9999.000,9999.000
202604191312,   3.629,   4.690,9999.000,9999.000,9999.000,9999.000,9999.000,9999.000,9999.000
202604191318,   3.681,   4.739,9999.000,9999.000,9999.000,9999.000,9999.000,9999.000,9999.000
202604191324,   3.725,   4.798,9999.000,9999.000,9999.000,9999.000,9999.000,9999.000,9999.000
202604191330,   3.762,   4.847,9999.000,9999.000,9999.000,9999.000,9999.000,9999.000,9999.000
202604191336,   3.792,   4.847,9999.000,9999.000,9999.000,9999.000,9999.000,9999.000,9999.000
202604191342,   3.813,   4.887,9999.000,9999.000,9999.000,9999.000,9999.000,9999.000,9999.000
202604191348,   3.827,   4.939,9999.000,9999.000,9999.000,9999.000,9999.000,9999.000,9999.000
202604191354,   3.833,   4.877,9999.000,9999.000,9999.000,9999.000,9999.000,9999.000,9999.000
202604191400,   3.830,   4.900,   0.900,   0.170,   4.900,   0.900,   4.900,   1.000,   5.000
202604191406,   3.819,   4.900,9999.000,9999.000,9999.000,9999.000,9999.000,9999.000,9999.000
202604191412,   3.800,   4.900,9999.000,9999.000,9999.000,9999.000,9999.000,9999.000,9999.000
202604191418,   3.773,   4.900,9999.000,9999.000,9999.000,9999.000,9999.000,9999.000,9999.000
202604191424,   3.738,   4.877,9999.000,9999.000,9999.000,9999.000,9999.000,9999.000,9999.000
202604191430,   3.694,   4.788,9999.000,9999.000,9999.000,9999.000,9999.000,9999.000,9999.000
202604191436,   3.643,   4.778,9999.000,9999.000,9999.000,9999.000,9999.000,9999.000,9999.000
202604191442,   3.585,   4.729,9999.000,9999.000,9999.000,9999.000,9999.000,9999.000,9999.000
202604191448,   3.519,   4.608,9999.000,9999.000,9999.000,9999.000,9999.000,9999.000,9999.000
202604191454,   3.445,   4.490,9999.000,9999.000,9999.000,9999.000,9999.000,9999.000,9999.000
202604191500,   3.365,   4.427,   0.900,   0.162,   4.427,   0.800,   4.327,   1.000,   4.527
202604191506,   3.279,   4.329,9999.000,9999.000,9999.000,9999.000,9999.000,9999.000,9999.000
202604191512,   3.186,   4.237,9999.000,9999.000,9999.000,9999.000,9999.000,9999.000,9999.000
202604191518,   3.088,   4.080,9999.000,9999.000,9999.000,9999.000,9999.000,9999.000,9999.000
202604191524,   2.984,   3.899,9999.000,9999.000,9999.000,9999.000,9999.000,9999.000,9999.000
202604191530,   2.875,   3.817,9999.000,9999.000,9999.000,9999.000,9999.000,9999.000,9999.000
202604191536,   2.762,   3.699,9999.000,9999.000,9999.000,9999.000,9999.000,9999.000,9999.000
202604191542,   2.645,   3.548,9999.000,9999.000,9999.000,9999.000,9999.000,9999.000,9999.000
202604191548,   2.524,   3.440,9999.000,9999.000,9999.000,9999.000,9999.000,9999.000,9999.000
202604191554,   2.400,   3.299,9999.000,9999.000,9999.000,9999.000,9999.000,9999.000,9999.000
202604191600,   2.273,   3.119,   0.900,  -0.054,   3.119,   0.800,   3.019,   0.900,   3.119
202604191606,   2.144,   2.929,9999.000,9999.000,9999.000,9999.000,9999.000,9999.000,9999.000
202604191612,   2.014,   2.820,9999.000,9999.000,9999.000,9999.000,9999.000,9999.000,9999.000
202604191618,   1.882,   2.669,9999.000,9999.000,9999.000,9999.000,9999.000,9999.000,9999.000
202604191624,   1.750,   2.538,9999.000,9999.000,9999.000,9999.000,9999.000,9999.000,9999.000
202604191630,   1.618,   2.450,9999.000,9999.000,9999.000,9999.000,9999.000,9999.000,9999.000
202604191636,   1.486,   2.299,9999.000,9999.000,9999.000,9999.000,9999.000,9999.000,9999.000
202604191642,   1.355,   2.109,9999.000,9999.000,9999.000,9999.000,9999.000,9999.000,9999.000
202604191648,   1.225,   2.000,9999.000,9999.000,9999.000,9999.000,9999.000,9999.000,9999.000
202604191654,   1.097,   1.820,9999.000,9999.000,9999.000,9999.000,9999.000,9999.000,9999.000
202604191700,   0.972,   1.699,   0.800,  -0.073,   1.699,   0.700,   1.599,   0.800,   1.699
202604191706,   0.850,   1.620,9999.000,9999.000,9999.000,9999.000,9999.000,9999.000,9999.000
202604191712,   0.730,   1.459,9999.000,9999.000,9999.000,9999.000,9999.000,9999.000,9999.000
202604191718,   0.615,   1.308,9999.000,9999.000,9999.000,9999.000,9999.000,9999.000,9999.000
202604191724,   0.504,   1.200,9999.000,9999.000,9999.000,9999.000,9999.000,9999.000,9999.000
202604191730,   0.397,   1.118,9999.000,9999.000,9999.000,9999.000,9999.000,9999.000,9999.000
202604191736,   0.295,   0.961,9999.000,9999.000,9999.000,9999.000,9999.000,9999.000,9999.000
202604191742,   0.199,   0.829,9999.000,9999.000,9999.000,9999.000,9999.000,9999.000,9999.000
202604191748,   0.107,   0.718,9999.000,9999.000,9999.000,9999.000,9999.000,9999.000,9999.000
202604191754,   0.022,   0.600,9999.000,9999.000,9999.000,9999.000,9999.000,9999.000,9999.000
202604191800,  -0.056,   0.518,   0.700,  -0.126,   0.518,   0.600,   0.418,   0.800,   0.618
202604191806,  -0.129,   0.419,9999.000,9999.000,9999.000,9999.000,9999.000,9999.000,9999.000
202604191812,  -0.196,   0.331,9999.000,9999.000,9999.000,9999.000,9999.000,9999.000,9999.000
202604191818,  -0.256,   0.278,9999.000,9999.000,9999.000,9999.000,9999.000,9999.000,9999.000
202604191824,  -0.310,   0.190,9999.000,9999.000,9999.000,9999.000,9999.000,9999.000,9999.000
202604191830,  -0.357,   0.131,9999.000,9999.000,9999.000,9999.000,9999.000,9999.000,9999.000
202604191836,  -0.398,   0.029,9999.000,9999.000,9999.000,9999.000,9999.000,9999.000,9999.000
202604191842,  -0.432,   0.068,9999.000,9999.000,9999.000,9999.000,9999.000,9999.000,9999.000
202604191848,  -0.459,   0.088,9999.000,9999.000,9999.000,9999.000,9999.000,9999.000,9999.000
202604191854,  -0.481,   0.009,9999.000,9999.000,9999.000,9999.000,9999.000,9999.000,9999.000
202604191900,  -0.496,   0.088,   0.600,  -0.016,   0.088,   0.500,  -0.012,   0.700,   0.188
202604191906,  -0.505,   0.000,9999.000,9999.000,9999.000,9999.000,9999.000,9999.000,9999.000
202604191912,  -0.508,   0.000,9999.000,9999.000,9999.000,9999.000,9999.000,9999.000,9999.000
202604191918,  -0.506,  -0.019,9999.000,9999.000,9999.000,9999.000,9999.000,9999.000,9999.000
202604191924,  -0.498,   0.000,9999.000,9999.000,9999.000,9999.000,9999.000,9999.000,9999.000
202604191930,  -0.485,  -0.019,9999.000,9999.000,9999.000,9999.000,9999.000,9999.000,9999.000
202604191936,  -0.468,   0.068,9999.000,9999.000,9999.000,9999.000,9999.000,9999.000,9999.000
202604191942,  -0.445,   0.111,9999.000,9999.000,9999.000,9999.000,9999.000,9999.000,9999.000
202604191948,  -0.418,   0.078,9999.000,9999.000,9999.000,9999.000,9999.000,9999.000,9999.000
202604191954,  -0.388,   0.190,9999.000,9999.000,9999.000,9999.000,9999.000,9999.000,9999.000
202604192000,  -0.353,   0.219,   0.500,   0.072,   0.219,   0.500,   0.219,   0.600,   0.319
202604192006,  -0.314,   0.209,9999.000,9999.000,9999.000,9999.000,9999.000,9999.000,9999.000
202604192012,  -0.272,   0.219,9999.000,9999.000,9999.000,9999.000,9999.000,9999.000,9999.000
202604192018,  -0.227,   0.370,9999.000,9999.000,9999.000,9999.000,9999.000,9999.000,9999.000
202604192024,  -0.179,   0.390,9999.000,9999.000,9999.000,9999.000,9999.000,9999.000,9999.000
202604192030,  -0.128,   0.449,9999.000,9999.000,9999.000,9999.000,9999.000,9999.000,9999.000
202604192036,  -0.074,   0.518,9999.000,9999.000,9999.000,9999.000,9999.000,9999.000,9999.000
202604192042,  -0.018,   0.459,9999.000,9999.000,9999.000,9999.000,9999.000,9999.000,9999.000
202604192048,   0.040,   0.531,9999.000,9999.000,9999.000,9999.000,9999.000,9999.000,9999.000
202604192054,   0.102,   0.580,9999.000,9999.000,9999.000,9999.000,9999.000,9999.000,9999.000
202604192100,   0.165,   0.688,   0.500,   0.023,   0.688,   0.400,   0.588,   0.500,   0.688
202604192106,   0.231,   0.741,9999.000,9999.000,9999.000,9999.000,9999.000,9999.000,9999.000
202604192112,   0.299,   0.760,9999.000,9999.000,9999.000,9999.000,9999.000,9999.000,9999.000
202604192118,   0.369,   0.800,9999.000,9999.000,9999.000,9999.000,9999.000,9999.000,9999.000
202604192124,   0.442,   0.859,9999.000,9999.000,9999.000,9999.000,9999.000,9999.000,9999.000
202604192130,   0.516,   0.951,9999.000,9999.000,9999.000,9999.000,9999.000,9999.000,9999.000
202604192136,   0.593,   1.029,9999.000,9999.000,9999.000,9999.000,9999.000,9999.000,9999.000
202604192142,   0.671,   1.128,9999.000,9999.000,9999.000,9999.000,9999.000,9999.000,9999.000
202604192148,   0.752,   1.279,9999.000,9999.000,9999.000,9999.000,9999.000,9999.000,9999.000
202604192154,   0.835,   1.371,9999.000,9999.000,9999.000,9999.000,9999.000,9999.000,9999.000
202604192200,   0.920,   1.479,   0.300,   0.259,   1.479,   0.200,   1.379,   0.400,   1.579
202604192206,   1.007,   1.518,9999.000,9999.000,9999.000,9999.000,9999.000,9999.000,9999.000
202604192212,   1.097,   1.580,9999.000,9999.000,9999.000,9999.000,9999.000,9999.000,9999.000
202604192218,   1.188,   1.580,9999.000,9999.000,9999.000,9999.000,9999.000,9999.000,9999.000
202604192224,   1.282,   1.748,9999.000,9999.000,9999.000,9999.000,9999.000,9999.000,9999.000
202604192230,   1.377,   1.840,9999.000,9999.000,9999.000,9999.000,9999.000,9999.000,9999.000
202604192236,   1.475,   1.928,9999.000,9999.000,9999.000,9999.000,9999.000,9999.000,9999.000
202604192242,   1.575,   2.099,9999.000,9999.000,9999.000,9999.000,9999.000,9999.000,9999.000
202604192248,   1.676,   2.168,9999.000,9999.000,9999.000,9999.000,9999.000,9999.000,9999.000
202604192254,   1.779,   2.148,9999.000,9999.000,9999.000,9999.000,9999.000,9999.000,9999.000
202604192300,   1.884,   2.318,   0.200,   0.234,   2.318,   0.000,   2.118,   0.200,   2.318
202604192306,   1.990,   2.377,9999.000,9999.000,9999.000,9999.000,9999.000,9999.000,9999.000
202604192312,   2.098,   2.499,9999.000,9999.000,9999.000,9999.000,9999.000,9999.000,9999.000
202604192318,   2.207,   2.660,9999.000,9999.000,9999.000,9999.000,9999.000,9999.000,9999.000
202604192324,   2.317,   2.748,9999.000,9999.000,9999.000,9999.000,9999.000,9999.000,9999.000
202604192330,   2.428,   2.869,9999.000,9999.000,9999.000,9999.000,9999.000,9999.000,9999.000
202604192336,   2.540,   2.948,9999.000,9999.000,9999.000,9999.000,9999.000,9999.000,9999.000
202604192342,   2.652,   3.040,9999.000,9999.000,9999.000,9999.000,9999.000,9999.000,9999.000
202604192348,   2.764,   3.099,9999.000,9999.000,9999.000,9999.000,9999.000,9999.000,9999.000
202604192354,   2.875,   3.138,9999.000,9999.000,9999.000,9999.000,9999.000,9999.000,9999.000
202604200000,   2.987,   3.279,   0.300,  -0.008,   3.279,   0.200,   3.179,   0.400,   3.379
202604200006,   3.097,   3.378,9999.000,9999.000,9999.000,9999.000,9999.000,9999.000,9999.000
202604200012,   3.206,   3.529,9999.000,9999.000,9999.000,9999.000,9999.000,9999.000,9999.000
202604200018,   3.314,   3.637,9999.000,9999.000,9999.000,9999.000,9999.000,9999.000,9999.000
202604200024,   3.419,   3.617,9999.000,9999.000,9999.000,9999.000,9999.000,9999.000,9999.000
202604200030,   3.523,   3.719,9999.000,9999.000,9999.000,9999.000,9999.000,9999.000,9999.000
202604200036,   3.624,   3.798,9999.000,9999.000,9999.000,9999.000,9999.000,9999.000,9999.000
202604200042,   3.721,   3.929,9999.000,9999.000,9999.000,9999.000,9999.000,9999.000,9999.000
202604200048,   3.816,   4.008,9999.000,9999.000,9999.000,9999.000,9999.000,9999.000,9999.000
202604200054,   3.906,   4.080,9999.000,9999.000,9999.000,9999.000,9999.000,9999.000,9999.000
202604200100,   3.992,   4.178,   0.300,  -0.114,   4.178,   0.200,   4.078,   0.300,   4.178
202604200106,   4.074,   4.237,9999.000,9999.000,9999.000,9999.000,9999.000,9999.000,9999.000
202604200112,   4.150,   4.290,9999.000,9999.000,9999.000,9999.000,9999.000,9999.000,9999.000
202604200118,   4.221,   4.300,9999.000,9999.000,9999.000,9999.000,9999.000,9999.000,9999.000
202604200124,   4.287,   4.257,9999.000,9999.000,9999.000,9999.000,9999.000,9999.000,9999.000
202604200130,   4.346,   4.368,9999.000,9999.000,9999.000,9999.000,9999.000,9999.000,9999.000
202604200136,   4.399,   4.447,9999.000,9999.000,9999.000,9999.000,9999.000,9999.000,9999.000
202604200142,   4.445,   4.559,9999.000,9999.000,9999.000,9999.000,9999.000,9999.000,9999.000
202604200148,   4.484,   4.637,9999.000,9999.000,9999.000,9999.000,9999.000,9999.000,9999.000
202604200154,   4.516,   4.739,9999.000,9999.000,9999.000,9999.000,9999.000,9999.000,9999.000
202604200200,   4.540,   4.729,   0.200,  -0.011,   4.729,   0.100,   4.629,   0.300,   4.829
202604200206,   4.557,   4.749,9999.000,9999.000,9999.000,9999.000,9999.000,9999.000,9999.000
202604200212,   4.566,   4.739,9999.000,9999.000,9999.000,9999.000,9999.000,9999.000,9999.000
202604200218,   4.568,   4.729,9999.000,9999.000,9999.000,9999.000,9999.000,9999.000,9999.000
202604200224,   4.561,   4.700,9999.000,9999.000,9999.000,9999.000,9999.000,9999.000,9999.000
202604200230,   4.547,   4.739,9999.000,9999.000,9999.000,9999.000,9999.000,9999.000,9999.000
202604200236,   4.524,   4.729,9999.000,9999.000,9999.000,9999.000,9999.000,9999.000,9999.000
202604200242,   4.494,   4.729,9999.000,9999.000,9999.000,9999.000,9999.000,9999.000,9999.000
202604200248,   4.456,   4.690,9999.000,9999.000,9999.000,9999.000,9999.000,9999.000,9999.000
202604200254,   4.411,   4.618,9999.000,9999.000,9999.000,9999.000,9999.000,9999.000,9999.000
202604200300,   4.358,   4.598,   0.100,   0.140,   4.598,   0.000,   4.498,   0.300,   4.798
202604200306,   4.298,   4.549,9999.000,9999.000,9999.000,9999.000,9999.000,9999.000,9999.000
202604200312,   4.230,   4.529,9999.000,9999.000,9999.000,9999.000,9999.000,9999.000,9999.000
202604200318,   4.156,   4.457,9999.000,9999.000,9999.000,9999.000,9999.000,9999.000,9999.000
202604200324,   4.075,   4.359,9999.000,9999.000,9999.000,9999.000,9999.000,9999.000,9999.000
202604200330,   3.988,   4.300,9999.000,9999.000,9999.000,9999.000,9999.000,9999.000,9999.000
202604200336,   3.895,   4.218,9999.000,9999.000,9999.000,9999.000,9999.000,9999.000,9999.000
202604200342,   3.796,   4.057,9999.000,9999.000,9999.000,9999.000,9999.000,9999.000,9999.000
202604200348,   3.692,   3.958,9999.000,9999.000,9999.000,9999.000,9999.000,9999.000,9999.000
202604200354,   3.583,   3.899,9999.000,9999.000,9999.000,9999.000,9999.000,9999.000,9999.000
202604200400,   3.470,   3.758,   0.100,   0.188,   3.758,   0.000,   3.658,   0.200,   3.858
202604200406,   3.352,   3.670,9999.000,9999.000,9999.000,9999.000,9999.000,9999.000,9999.000
202604200412,   3.231,   3.588,9999.000,9999.000,9999.000,9999.000,9999.000,9999.000,9999.000
202604200418,   3.106,   3.427,9999.000,9999.000,9999.000,9999.000,9999.000,9999.000,9999.000
202604200424,   2.979,   3.299,9999.000,9999.000,9999.000,9999.000,9999.000,9999.000,9999.000
202604200430,   2.849,   3.138,9999.000,9999.000,9999.000,9999.000,9999.000,9999.000,9999.000
202604200436,   2.717,   2.948,9999.000,9999.000,9999.000,9999.000,9999.000,9999.000,9999.000
202604200442,   2.584,   2.850,9999.000,9999.000,9999.000,9999.000,9999.000,9999.000,9999.000
202604200448,   2.449,   2.689,9999.000,9999.000,9999.000,9999.000,9999.000,9999.000,9999.000
202604200454,   2.314,   2.548,9999.000,9999.000,9999.000,9999.000,9999.000,9999.000,9999.000
202604200500,   2.179,   2.400,   0.100,   0.121,   2.400,   0.000,   2.300,   0.300,   2.600
202604200506,   2.044,   2.259,9999.000,9999.000,9999.000,9999.000,9999.000,9999.000,9999.000
202604200512,   1.910,   2.128,9999.000,9999.000,9999.000,9999.000,9999.000,9999.000,9999.000
202604200518,   1.776,   1.967,9999.000,9999.000,9999.000,9999.000,9999.000,9999.000,9999.000
202604200524,   1.645,   1.800,9999.000,9999.000,9999.000,9999.000,9999.000,9999.000,9999.000
202604200530,   1.515,   1.669,9999.000,9999.000,9999.000,9999.000,9999.000,9999.000,9999.000
202604200536,   1.388,   1.600,9999.000,9999.000,9999.000,9999.000,9999.000,9999.000,9999.000
202604200542,   1.264,   1.439,9999.000,9999.000,9999.000,9999.000,9999.000,9999.000,9999.000
202604200548,   1.143,   1.308,9999.000,9999.000,9999.000,9999.000,9999.000,9999.000,9999.000
202604200554,   1.025,   1.200,9999.000,9999.000,9999.000,9999.000,9999.000,9999.000,9999.000
202604200600,   0.911,   1.138,   0.200,   0.027,   1.138,   0.200,   1.138,   0.300,   1.238
202604200606,   0.802,   0.970,9999.000,9999.000,9999.000,9999.000,9999.000,9999.000,9999.000
202604200612,   0.697,   0.819,9999.000,9999.000,9999.000,9999.000,9999.000,9999.000,9999.000
202604200618,   0.597,   0.770,9999.000,9999.000,9999.000,9999.000,9999.000,9999.000,9999.000
202604200624,   0.501,   0.639,9999.000,9999.000,9999.000,9999.000,9999.000,9999.000,9999.000
202604200630,   0.411,   0.531,9999.000,9999.000,9999.000,9999.000,9999.000,9999.000,9999.000
202604200636,   0.326,   0.469,9999.000,9999.000,9999.000,9999.000,9999.000,9999.000,9999.000
202604200642,   0.247,   0.409,9999.000,9999.000,9999.000,9999.000,9999.000,9999.000,9999.000
202604200648,   0.173,   0.288,9999.000,9999.000,9999.000,9999.000,9999.000,9999.000,9999.000
202604200654,   0.104,   0.249,9999.000,9999.000,9999.000,9999.000,9999.000,9999.000,9999.000
202604200700,   0.041,   0.219,   0.300,  -0.122,   0.219,   0.200,   0.119,   0.300,   0.219
202604200706,  -0.015,   0.190,9999.000,9999.000,9999.000,9999.000,9999.000,9999.000,9999.000
202604200712,  -0.067,   0.200,9999.000,9999.000,9999.000,9999.000,9999.000,9999.000,9999.000
202604200718,  -0.113,   0.190,9999.000,9999.000,9999.000,9999.000,9999.000,9999.000,9999.000
202604200724,  -0.154,   0.190,9999.000,9999.000,9999.000,9999.000,9999.000,9999.000,9999.000
202604200730,  -0.191,   0.131,9999.000,9999.000,9999.000,9999.000,9999.000,9999.000,9999.000
202604200736,  -0.222,   0.078,9999.000,9999.000,9999.000,9999.000,9999.000,9999.000,9999.000
202604200742,  -0.248,   0.039,9999.000,9999.000,9999.000,9999.000,9999.000,9999.000,9999.000
202604200748,  -0.269,  -0.009,9999.000,9999.000,9999.000,9999.000,9999.000,9999.000,9999.000
202604200754,  -0.287,  -0.049,9999.000,9999.000,9999.000,9999.000,9999.000,9999.000,9999.000
202604200800,  -0.299,  -0.111,   0.300,  -0.112,  -0.111,   0.200,  -0.211,   0.300,  -0.111
202604200806,  -0.308,  -0.068,9999.000,9999.000,9999.000,9999.000,9999.000,9999.000,9999.000
202604200812,  -0.313,  -0.029,9999.000,9999.000,9999.000,9999.000,9999.000,9999.000,9999.000
202604200818,  -0.315,  -0.098,9999.000,9999.000,9999.000,9999.000,9999.000,9999.000,9999.000
202604200824,  -0.313,  -0.131,9999.000,9999.000,9999.000,9999.000,9999.000,9999.000,9999.000
202604200830,  -0.307,  -0.098,9999.000,9999.000,9999.000,9999.000,9999.000,9999.000,9999.000
202604200836,  -0.299,  -0.131,9999.000,9999.000,9999.000,9999.000,9999.000,9999.000,9999.000
202604200842,  -0.288,  -0.180,9999.000,9999.000,9999.000,9999.000,9999.000,9999.000,9999.000
202604200848,  -0.274,  -0.219,9999.000,9999.000,9999.000,9999.000,9999.000,9999.000,9999.000
202604200854,  -0.257,  -0.209,9999.000,9999.000,9999.000,9999.000,9999.000,9999.000,9999.000
202604200900,  -0.237,  -0.200,   0.200,  -0.163,  -0.200,   0.200,  -0.200,   0.300,  -0.100
202604200906,  -0.216,  -0.229,9999.000,9999.000,9999.000,9999.000,9999.000,9999.000,9999.000
202604200912,  -0.191,  -0.209,9999.000,9999.000,9999.000,9999.000,9999.000,9999.000,9999.000
202604200918,  -0.164,  -0.180,9999.000,9999.000,9999.000,9999.000,9999.000,9999.000,9999.000
202604200924,  -0.135,  -0.131,9999.000,9999.000,9999.000,9999.000,9999.000,9999.000,9999.000
202604200930,  -0.104,  -0.131,9999.000,9999.000,9999.000,9999.000,9999.000,9999.000,9999.000
202604200936,  -0.069,   0.009,9999.000,9999.000,9999.000,9999.000,9999.000,9999.000,9999.000
202604200942,  -0.033,   0.039,9999.000,9999.000,9999.000,9999.000,9999.000,9999.000,9999.000
202604200948,   0.005,   0.088,9999.000,9999.000,9999.000,9999.000,9999.000,9999.000,9999.000
202604200954,   0.047,   0.068,9999.000,9999.000,9999.000,9999.000,9999.000,9999.000,9999.000
202604201000,   0.091,   0.141,   0.200,  -0.150,   0.141,   0.100,   0.041,   0.300,   0.241
202604201006,   0.138,   0.150,9999.000,9999.000,9999.000,9999.000,9999.000,9999.000,9999.000
202604201012,   0.188,   0.219,9999.000,9999.000,9999.000,9999.000,9999.000,9999.000,9999.000
202604201018,   0.241,   0.239,9999.000,9999.000,9999.000,9999.000,9999.000,9999.000,9999.000
202604201024,   0.296,   0.350,9999.000,9999.000,9999.000,9999.000,9999.000,9999.000,9999.000
202604201030,   0.355,   0.419,9999.000,9999.000,9999.000,9999.000,9999.000,9999.000,9999.000
202604201036,   0.416,   0.449,9999.000,9999.000,9999.000,9999.000,9999.000,9999.000,9999.000
202604201042,   0.481,   0.560,9999.000,9999.000,9999.000,9999.000,9999.000,9999.000,9999.000
202604201048,   0.549,   0.629,9999.000,9999.000,9999.000,9999.000,9999.000,9999.000,9999.000
202604201054,   0.620,   0.698,9999.000,9999.000,9999.000,9999.000,9999.000,9999.000,9999.000
202604201100,   0.694,   0.790,   0.200,  -0.104,   0.790,   0.100,   0.690,   0.300,   0.890
202604201106,   0.771,   0.869,9999.000,9999.000,9999.000,9999.000,9999.000,9999.000,9999.000
202604201112,   0.851,   0.908,9999.000,9999.000,9999.000,9999.000,9999.000,9999.000,9999.000
202604201118,   0.935,   1.039,9999.000,9999.000,9999.000,9999.000,9999.000,9999.000,9999.000
202604201124,   1.021,   1.128,9999.000,9999.000,9999.000,9999.000,9999.000,9999.000,9999.000
202604201130,   1.110,   1.220,9999.000,9999.000,9999.000,9999.000,9999.000,9999.000,9999.000
202604201136,   1.202,   1.380,9999.000,9999.000,9999.000,9999.000,9999.000,9999.000,9999.000
202604201142,   1.296,   1.489,9999.000,9999.000,9999.000,9999.000,9999.000,9999.000,9999.000
202604201148,   1.393,   1.659,9999.000,9999.000,9999.000,9999.000,9999.000,9999.000,9999.000
202604201154,   1.492,   1.781,9999.000,9999.000,9999.000,9999.000,9999.000,9999.000,9999.000
202604201200,   1.593,   1.918,   0.300,   0.025,   1.918,   0.200,   1.818,   0.300,   1.918
202604201206,   1.696,   2.040,9999.000,9999.000,9999.000,9999.000,9999.000,9999.000,9999.000
202604201212,   1.800,   2.128,9999.000,9999.000,9999.000,9999.000,9999.000,9999.000,9999.000
202604201218,   1.905,   2.269,9999.000,9999.000,9999.000,9999.000,9999.000,9999.000,9999.000
202604201224,   2.011,   2.348,9999.000,9999.000,9999.000,9999.000,9999.000,9999.000,9999.000
202604201230,   2.117,   2.479,9999.000,9999.000,9999.000,9999.000,9999.000,9999.000,9999.000
202604201236,   2.223,   2.620,9999.000,9999.000,9999.000,9999.000,9999.000,9999.000,9999.000
202604201242,   2.329,   2.787,9999.000,9999.000,9999.000,9999.000,9999.000,9999.000,9999.000
202604201248,   2.435,   2.929,9999.000,9999.000,9999.000,9999.000,9999.000,9999.000,9999.000
202604201254,   2.539,   3.040,9999.000,9999.000,9999.000,9999.000,9999.000,9999.000,9999.000
202604201300,   2.641,   3.188,   0.300,   0.247,   3.188,   0.300,   3.188,   0.300,   3.188
202604201306,   2.741,   3.270,9999.000,9999.000,9999.000,9999.000,9999.000,9999.000,9999.000
202604201312,   2.839,   3.358,9999.000,9999.000,9999.000,9999.000,9999.000,9999.000,9999.000
202604201318,   2.934,   3.427,9999.000,9999.000,9999.000,9999.000,9999.000,9999.000,9999.000
202604201324,   3.025,   3.499,9999.000,9999.000,9999.000,9999.000,9999.000,9999.000,9999.000
202604201330,   3.112,   3.558,9999.000,9999.000,9999.000,9999.000,9999.000,9999.000,9999.000
202604201336,   3.195,   3.637,9999.000,9999.000,9999.000,9999.000,9999.000,9999.000,9999.000
202604201342,   3.274,   3.709,9999.000,9999.000,9999.000,9999.000,9999.000,9999.000,9999.000
202604201348,   3.347,   3.768,9999.000,9999.000,9999.000,9999.000,9999.000,9999.000,9999.000
202604201354,   3.414,   3.827,9999.000,9999.000,9999.000,9999.000,9999.000,9999.000,9999.000
202604201400,   3.476,   3.837,   0.300,   0.061,   3.837,   0.300,   3.837,   0.300,   3.837
202604201406,   3.531,   3.870,9999.000,9999.000,9999.000,9999.000,9999.000,9999.000,9999.000
202604201412,   3.580,   3.899,9999.000,9999.000,9999.000,9999.000,9999.000,9999.000,9999.000
202604201418,   3.621,   3.929,9999.000,9999.000,9999.000,9999.000,9999.000,9999.000,9999.000
202604201424,   3.656,   3.949,9999.000,9999.000,9999.000,9999.000,9999.000,9999.000,9999.000
202604201430,   3.683,   3.978,9999.000,9999.000,9999.000,9999.000,9999.000,9999.000,9999.000
202604201436,   3.702,   3.949,9999.000,9999.000,9999.000,9999.000,9999.000,9999.000,9999.000
202604201442,   3.714,   3.939,9999.000,9999.000,9999.000,9999.000,9999.000,9999.000,9999.000
202604201448,   3.718,   3.929,9999.000,9999.000,9999.000,9999.000,9999.000,9999.000,9999.000
202604201454,   3.714,   3.890,9999.000,9999.000,9999.000,9999.000,9999.000,9999.000,9999.000
202604201500,   3.702,   3.847,   0.300,  -0.155,   3.847,   0.200,   3.747,   0.300,   3.847
202604201506,   3.683,   3.837,9999.000,9999.000,9999.000,9999.000,9999.000,9999.000,9999.000
202604201512,   3.655,   3.827,9999.000,9999.000,9999.000,9999.000,9999.000,9999.000,9999.000
202604201518,   3.620,   3.798,9999.000,9999.000,9999.000,9999.000,9999.000,9999.000,9999.000
202604201524,   3.577,   3.699,9999.000,9999.000,9999.000,9999.000,9999.000,9999.000,9999.000
202604201530,   3.527,   3.617,9999.000,9999.000,9999.000,9999.000,9999.000,9999.000,9999.000
202604201536,   3.469,   3.539,9999.000,9999.000,9999.000,9999.000,9999.000,9999.000,9999.000
202604201542,   3.405,   3.460,9999.000,9999.000,9999.000,9999.000,9999.000,9999.000,9999.000
202604201548,   3.334,   3.388,9999.000,9999.000,9999.000,9999.000,9999.000,9999.000,9999.000
202604201554,   3.256,   3.309,9999.000,9999.000,9999.000,9999.000,9999.000,9999.000,9999.000
202604201600,   3.172,   3.250,   0.300,  -0.222,   3.250,   0.200,   3.150,   0.300,   3.250
202604201606,   3.083,   3.158,9999.000,9999.000,9999.000,9999.000,9999.000,9999.000,9999.000
202604201612,   2.988,   3.030,9999.000,9999.000,9999.000,9999.000,9999.000,9999.000,9999.000
202604201618,   2.888,   2.919,9999.000,9999.000,9999.000,9999.000,9999.000,9999.000,9999.000
202604201624,   2.784,   2.830,9999.000,9999.000,9999.000,9999.000,9999.000,9999.000,9999.000
202604201630,   2.675,   2.689,9999.000,9999.000,9999.000,9999.000,9999.000,9999.000,9999.000
202604201636,   2.563,   2.587,9999.000,9999.000,9999.000,9999.000,9999.000,9999.000,9999.000
202604201642,   2.447,   2.459,9999.000,9999.000,9999.000,9999.000,9999.000,9999.000,9999.000
202604201648,   2.328,   2.348,9999.000,9999.000,9999.000,9999.000,9999.000,9999.000,9999.000
202604201654,   2.207,   2.240,9999.000,9999.000,9999.000,9999.000,9999.000,9999.000,9999.000
202604201700,   2.084,   2.118,   0.200,  -0.166,   2.118,   0.200,   2.118,   0.300,   2.218
202604201706,   1.960,   2.020,9999.000,9999.000,9999.000,9999.000,9999.000,9999.000,9999.000
202604201712,   1.835,   1.889,9999.000,9999.000,9999.000,9999.000,9999.000,9999.000,9999.000
202604201718,   1.709,   1.820,9999.000,9999.000,9999.000,9999.000,9999.000,9999.000,9999.000
202604201724,   1.584,   1.738,9999.000,9999.000,9999.000,9999.000,9999.000,9999.000,9999.000
202604201730,   1.459,   1.571,9999.000,9999.000,9999.000,9999.000,9999.000,9999.000,9999.000
202604201736,   1.335,   1.439,9999.000,9999.000,9999.000,9999.000,9999.000,9999.000,9999.000
202604201742,   1.213,   1.318,9999.000,9999.000,9999.000,9999.000,9999.000,9999.000,9999.000
202604201748,   1.092,   1.229,9999.000,9999.000,9999.000,9999.000,9999.000,9999.000,9999.000
202604201754,   0.975,   1.098,9999.000,9999.000,9999.000,9999.000,9999.000,9999.000,9999.000
202604201800,   0.860,   1.049,   0.200,  -0.011,   1.049,   0.200,   1.049,   0.300,   1.149
202604201806,   0.748,   0.928,9999.000,9999.000,9999.000,9999.000,9999.000,9999.000,9999.000
202604201812,   0.641,   0.849,9999.000,9999.000,9999.000,9999.000,9999.000,9999.000,9999.000
202604201818,   0.537,   0.800,9999.000,9999.000,9999.000,9999.000,9999.000,9999.000,9999.000
202604201824,   0.438,   0.659,9999.000,9999.000,9999.000,9999.000,9999.000,9999.000,9999.000
202604201830,   0.345,   0.600,9999.000,9999.000,9999.000,9999.000,9999.000,9999.000,9999.000
202604201836,   0.256,   0.469,9999.000,9999.000,9999.000,9999.000,9999.000,9999.000,9999.000
202604201842,   0.173,   0.419,9999.000,9999.000,9999.000,9999.000,9999.000,9999.000,9999.000
202604201848,   0.096,   0.380,9999.000,9999.000,9999.000,9999.000,9999.000,9999.000,9999.000
202604201854,   0.024,   0.298,9999.000,9999.000,9999.000,9999.000,9999.000,9999.000,9999.000
202604201900,  -0.040,   0.268,   0.300,   0.008,   0.268,   0.200,   0.168,   0.300,   0.268
202604201906,  -0.099,   0.219,9999.000,9999.000,9999.000,9999.000,9999.000,9999.000,9999.000
202604201912,  -0.151,   0.180,9999.000,9999.000,9999.000,9999.000,9999.000,9999.000,9999.000
202604201918,  -0.197,   0.131,9999.000,9999.000,9999.000,9999.000,9999.000,9999.000,9999.000
202604201924,  -0.237,   0.121,9999.000,9999.000,9999.000,9999.000,9999.000,9999.000,9999.000
202604201930,  -0.270,   0.121,9999.000,9999.000,9999.000,9999.000,9999.000,9999.000,9999.000
202604201936,  -0.297,   0.121,9999.000,9999.000,9999.000,9999.000,9999.000,9999.000,9999.000
202604201942,  -0.317,   0.068,9999.000,9999.000,9999.000,9999.000,9999.000,9999.000,9999.000
202604201948,  -0.332,   0.078,9999.000,9999.000,9999.000,9999.000,9999.000,9999.000,9999.000
202604201954,  -0.340,   0.131,9999.000,9999.000,9999.000,9999.000,9999.000,9999.000,9999.000
202604202000,  -0.343,   0.059,   0.300,   0.102,   0.059,   0.200,  -0.041,   0.300,   0.059
202604202006,  -0.341,   0.088,9999.000,9999.000,9999.000,9999.000,9999.000,9999.000,9999.000
202604202012,  -0.333,   0.098,9999.000,9999.000,9999.000,9999.000,9999.000,9999.000,9999.000
202604202018,  -0.320,   0.098,9999.000,9999.000,9999.000,9999.000,9999.000,9999.000,9999.000
202604202024,  -0.302,   0.141,9999.000,9999.000,9999.000,9999.000,9999.000,9999.000,9999.000
202604202030,  -0.280,   0.180,9999.000,9999.000,9999.000,9999.000,9999.000,9999.000,9999.000
202604202036,  -0.254,   0.170,9999.000,9999.000,9999.000,9999.000,9999.000,9999.000,9999.000
202604202042,  -0.224,   0.121,9999.000,9999.000,9999.000,9999.000,9999.000,9999.000,9999.000
202604202048,  -0.191,   0.098,9999.000,9999.000,9999.000,9999.000,9999.000,9999.000,9999.000
202604202054,  -0.154,   0.098,9999.000,9999.000,9999.000,9999.000,9999.000,9999.000,9999.000
202604202100,  -0.114,   0.180,   0.300,  -0.006,   0.180,   0.200,   0.080,   0.300,   0.180
202604202106,  -0.071,   0.239,9999.000,9999.000,9999.000,9999.000,9999.000,9999.000,9999.000
202604202112,  -0.026,   0.278,9999.000,9999.000,9999.000,9999.000,9999.000,9999.000,9999.000
202604202118,   0.021,   0.288,9999.000,9999.000,9999.000,9999.000,9999.000,9999.000,9999.000
202604202124,   0.071,   0.350,9999.000,9999.000,9999.000,9999.000,9999.000,9999.000,9999.000
202604202130,   0.123,   0.400,9999.000,9999.000,9999.000,9999.000,9999.000,9999.000,9999.000
202604202136,   0.176,   0.449,9999.000,9999.000,9999.000,9999.000,9999.000,9999.000,9999.000
202604202142,   0.232,   0.478,9999.000,9999.000,9999.000,9999.000,9999.000,9999.000,9999.000
202604202148,   0.289,   0.518,9999.000,9999.000,9999.000,9999.000,9999.000,9999.000,9999.000
202604202154,   0.348,   0.570,9999.000,9999.000,9999.000,9999.000,9999.000,9999.000,9999.000
202604202200,   0.409,   0.698,   0.300,  -0.011,   0.698,   0.200,   0.598,   0.300,   0.698
202604202206,   0.471,   0.770,9999.000,9999.000,9999.000,9999.000,9999.000,9999.000,9999.000
202604202212,   0.534,   0.800,9999.000,9999.000,9999.000,9999.000,9999.000,9999.000,9999.000
202604202218,   0.599,   0.888,9999.000,9999.000,9999.000,9999.000,9999.000,9999.000,9999.000
202604202224,   0.666,   0.961,9999.000,9999.000,9999.000,9999.000,9999.000,9999.000,9999.000
202604202230,   0.734,   0.990,9999.000,9999.000,9999.000,9999.000,9999.000,9999.000,9999.000
202604202236,   0.804,   1.079,9999.000,9999.000,9999.000,9999.000,9999.000,9999.000,9999.000
202604202242,   0.875,   1.200,9999.000,9999.000,9999.000,9999.000,9999.000,9999.000,9999.000
202604202248,   0.948,   1.239,9999.000,9999.000,9999.000,9999.000,9999.000,9999.000,9999.000
202604202254,   1.023,   1.328,9999.000,9999.000,9999.000,9999.000,9999.000,9999.000,9999.000
202604202300,   1.100,   1.390,   0.300,  -0.010,   1.390,   0.200,   1.290,   0.300,   1.390
202604202306,   1.178,   1.449,9999.000,9999.000,9999.000,9999.000,9999.000,9999.000,9999.000
202604202312,   1.259,   1.548,9999.000,9999.000,9999.000,9999.000,9999.000,9999.000,9999.000
202604202318,   1.341,   1.649,9999.000,9999.000,9999.000,9999.000,9999.000,9999.000,9999.000
202604202324,   1.425,   1.708,9999.000,9999.000,9999.000,9999.000,9999.000,9999.000,9999.000
202604202330,   1.511,   1.840,9999.000,9999.000,9999.000,9999.000,9999.000,9999.000,9999.000
202604202336,   1.599,   1.948,9999.000,9999.000,9999.000,9999.000,9999.000,9999.000,9999.000
202604202342,   1.689,   2.040,9999.000,9999.000,9999.000,9999.000,9999.000,9999.000,9999.000
202604202348,   1.781,   2.168,9999.000,9999.000,9999.000,9999.000,9999.000,9999.000,9999.000
202604202354,   1.874,   2.220,9999.000,9999.000,9999.000,9999.000,9999.000,9999.000,9999.000
202604210000,   1.969,   2.289,   0.200,   0.120,   2.289,   0.200,   2.289,   0.200,   2.289
202604210006,   2.065,   2.387,9999.000,9999.000,9999.000,9999.000,9999.000,9999.000,9999.000
202604210012,   2.163,   2.528,9999.000,9999.000,9999.000,9999.000,9999.000,9999.000,9999.000
202604210018,   2.262,   2.650,9999.000,9999.000,9999.000,9999.000,9999.000,9999.000,9999.000
202604210024,   2.363,   2.797,9999.000,9999.000,9999.000,9999.000,9999.000,9999.000,9999.000
202604210030,   2.464,   2.899,9999.000,9999.000,9999.000,9999.000,9999.000,9999.000,9999.000
202604210036,   2.565,   2.997,9999.000,9999.000,9999.000,9999.000,9999.000,9999.000,9999.000
202604210042,   2.667,   3.119,9999.000,9999.000,9999.000,9999.000,9999.000,9999.000,9999.000
202604210048,   2.770,   3.250,9999.000,9999.000,9999.000,9999.000,9999.000,9999.000,9999.000
202604210054,   2.872,   3.309,9999.000,9999.000,9999.000,9999.000,9999.000,9999.000,9999.000
202604210100,   2.973,   3.407,   0.200,   0.234,   3.407,   0.200,   3.407,   0.300,   3.507
202604210106,   3.074,   3.509,9999.000,9999.000,9999.000,9999.000,9999.000,9999.000,9999.000
202604210112,   3.173,   3.617,9999.000,9999.000,9999.000,9999.000,9999.000,9999.000,9999.000
202604210118,   3.271,   3.749,9999.000,9999.000,9999.000,9999.000,9999.000,9999.000,9999.000
202604210124,   3.367,   3.847,9999.000,9999.000,9999.000,9999.000,9999.000,9999.000,9999.000
202604210130,   3.461,   3.939,9999.000,9999.000,9999.000,9999.000,9999.000,9999.000,9999.000
202604210136,   3.552,   4.017,9999.000,9999.000,9999.000,9999.000,9999.000,9999.000,9999.000
202604210142,   3.640,   4.090,9999.000,9999.000,9999.000,9999.000,9999.000,9999.000,9999.000
202604210148,   3.725,   4.149,9999.000,9999.000,9999.000,9999.000,9999.000,9999.000,9999.000
202604210154,   3.805,   4.227,9999.000,9999.000,9999.000,9999.000,9999.000,9999.000,9999.000
202604210200,   3.882,   4.247,   0.200,   0.165,   4.247,   0.200,   4.247,   0.300,   4.347
202604210206,   3.954,   4.280,9999.000,9999.000,9999.000,9999.000,9999.000,9999.000,9999.000
202604210212,   4.021,   4.339,9999.000,9999.000,9999.000,9999.000,9999.000,9999.000,9999.000
202604210218,   4.082,   4.418,9999.000,9999.000,9999.000,9999.000,9999.000,9999.000,9999.000
202604210224,   4.138,   4.480,9999.000,9999.000,9999.000,9999.000,9999.000,9999.000,9999.000
202604210230,   4.188,   4.539,9999.000,9999.000,9999.000,9999.000,9999.000,9999.000,9999.000
202604210236,   4.232,   4.529,9999.000,9999.000,9999.000,9999.000,9999.000,9999.000,9999.000
202604210242,   4.269,   4.559,9999.000,9999.000,9999.000,9999.000,9999.000,9999.000,9999.000
202604210248,   4.300,   4.608,9999.000,9999.000,9999.000,9999.000,9999.000,9999.000,9999.000
202604210254,   4.324,   4.637,9999.000,9999.000,9999.000,9999.000,9999.000,9999.000,9999.000
202604210300,   4.340,   4.618,   0.200,   0.078,   4.618,   0.200,   4.618,   0.300,   4.718
202604210306,   4.350,   4.608,9999.000,9999.000,9999.000,9999.000,9999.000,9999.000,9999.000
202604210312,   4.352,   4.618,9999.000,9999.000,9999.000,9999.000,9999.000,9999.000,9999.000
202604210318,   4.347,   4.637,9999.000,9999.000,9999.000,9999.000,9999.000,9999.000,9999.000
202604210324,   4.334,   4.628,9999.000,9999.000,9999.000,9999.000,9999.000,9999.000,9999.000
202604210330,   4.315,   4.569,9999.000,9999.000,9999.000,9999.000,9999.000,9999.000,9999.000
202604210336,   4.288,   4.549,9999.000,9999.000,9999.000,9999.000,9999.000,9999.000,9999.000
202604210342,   4.253,   4.509,9999.000,9999.000,9999.000,9999.000,9999.000,9999.000,9999.000
202604210348,   4.212,   4.457,9999.000,9999.000,9999.000,9999.000,9999.000,9999.000,9999.000
202604210354,   4.164,   4.368,9999.000,9999.000,9999.000,9999.000,9999.000,9999.000,9999.000
202604210400,   4.109,   4.280,   0.200,  -0.029,   4.280,   0.100,   4.180,   0.200,   4.280
202604210406,   4.047,   4.168,9999.000,9999.000,9999.000,9999.000,9999.000,9999.000,9999.000
202604210412,   3.979,   4.080,9999.000,9999.000,9999.000,9999.000,9999.000,9999.000,9999.000
202604210418,   3.905,   3.998,9999.000,9999.000,9999.000,9999.000,9999.000,9999.000,9999.000
202604210424,   3.825,   3.949,9999.000,9999.000,9999.000,9999.000,9999.000,9999.000,9999.000
202604210430,   3.740,   3.870,9999.000,9999.000,9999.000,9999.000,9999.000,9999.000,9999.000
202604210436,   3.649,   3.749,9999.000,9999.000,9999.000,9999.000,9999.000,9999.000,9999.000
202604210442,   3.553,   3.627,9999.000,9999.000,9999.000,9999.000,9999.000,9999.000,9999.000
202604210448,   3.453,   3.529,9999.000,9999.000,9999.000,9999.000,9999.000,9999.000,9999.000
202604210454,   3.348,   3.440,9999.000,9999.000,9999.000,9999.000,9999.000,9999.000,9999.000
202604210500,   3.240,   3.329,   0.100,  -0.011,   3.329,   0.100,   3.329,   0.200,   3.429
202604210506,   3.128,   3.207,9999.000,9999.000,9999.000,9999.000,9999.000,9999.000,9999.000
202604210512,   3.013,   3.079,9999.000,9999.000,9999.000,9999.000,9999.000,9999.000,9999.000
202604210518,   2.896,   2.968,9999.000,9999.000,9999.000,9999.000,9999.000,9999.000,9999.000
202604210524,   2.776,   2.869,9999.000,9999.000,9999.000,9999.000,9999.000,9999.000,9999.000
202604210530,   2.654,   2.738,9999.000,9999.000,9999.000,9999.000,9999.000,9999.000,9999.000
202604210536,   2.531,   2.578,9999.000,9999.000,9999.000,9999.000,9999.000,9999.000,9999.000
202604210542,   2.407,   2.440,9999.000,9999.000,9999.000,9999.000,9999.000,9999.000,9999.000
202604210548,   2.282,   2.338,9999.000,9999.000,9999.000,9999.000,9999.000,9999.000,9999.000
202604210554,   2.157,   2.259,9999.000,9999.000,9999.000,9999.000,9999.000,9999.000,9999.000
202604210600,   2.033,   2.118,   0.200,  -0.115,   2.118,   0.100,   2.018,   0.200,   2.118
202604210606,   1.909,   1.990,9999.000,9999.000,9999.000,9999.000,9999.000,9999.000,9999.000
202604210612,   1.786,   1.849,9999.000,9999.000,9999.000,9999.000,9999.000,9999.000,9999.000
202604210618,   1.666,   1.718,9999.000,9999.000,9999.000,9999.000,9999.000,9999.000,9999.000
202604210624,   1.547,   1.580,9999.000,9999.000,9999.000,9999.000,9999.000,9999.000,9999.000
202604210630,   1.430,   1.489,9999.000,9999.000,9999.000,9999.000,9999.000,9999.000,9999.000
202604210636,   1.316,   1.380,9999.000,9999.000,9999.000,9999.000,9999.000,9999.000,9999.000
202604210642,   1.206,   1.259,9999.000,9999.000,9999.000,9999.000,9999.000,9999.000,9999.000
202604210648,   1.099,   1.180,9999.000,9999.000,9999.000,9999.000,9999.000,9999.000,9999.000
202604210654,   0.996,   1.108,9999.000,9999.000,9999.000,9999.000,9999.000,9999.000,9999.000
202604210700,   0.896,   1.000,   0.200,  -0.096,   1.000,   0.100,   0.900,   0.200,   1.000
202604210706,   0.802,   0.888,9999.000,9999.000,9999.000,9999.000,9999.000,9999.000,9999.000
202604210712,   0.712,   0.800,9999.000,9999.000,9999.000,9999.000,9999.000,9999.000,9999.000
202604210718,   0.627,   0.731,9999.000,9999.000,9999.000,9999.000,9999.000,9999.000,9999.000
202604210724,   0.546,   0.678,9999.000,9999.000,9999.000,9999.000,9999.000,9999.000,9999.000
202604210730,   0.471,   0.669,9999.000,9999.000,9999.000,9999.000,9999.000,9999.000,9999.000
202604210736,   0.402,   0.619,9999.000,9999.000,9999.000,9999.000,9999.000,9999.000,9999.000
202604210742,   0.337,   0.570,9999.000,9999.000,9999.000,9999.000,9999.000,9999.000,9999.000
202604210748,   0.278,   0.508,9999.000,9999.000,9999.000,9999.000,9999.000,9999.000,9999.000
202604210754,   0.224,   0.469,9999.000,9999.000,9999.000,9999.000,9999.000,9999.000,9999.000
202604210800,   0.175,   0.429,   0.200,   0.054,   0.429,   0.100,   0.329,   0.200,   0.429
202604210806,   0.131,   0.439,9999.000,9999.000,9999.000,9999.000,9999.000,9999.000,9999.000
202604210812,   0.093,   0.400,9999.000,9999.000,9999.000,9999.000,9999.000,9999.000,9999.000
202604210818,   0.059,   0.400,9999.000,9999.000,9999.000,9999.000,9999.000,9999.000,9999.000
202604210824,   0.030,   0.390,9999.000,9999.000,9999.000,9999.000,9999.000,9999.000,9999.000
202604210830,   0.005,   0.321,9999.000,9999.000,9999.000,9999.000,9999.000,9999.000,9999.000
202604210836,  -0.014,   0.308,9999.000,9999.000,9999.000,9999.000,9999.000,9999.000,9999.000
202604210842,  -0.031,   0.308,9999.000,9999.000,9999.000,9999.000,9999.000,9999.000,9999.000
202604210848,  -0.043,   0.278,9999.000,9999.000,9999.000,9999.000,9999.000,9999.000,9999.000
202604210854,  -0.052,   0.249,9999.000,9999.000,9999.000,9999.000,9999.000,9999.000,9999.000
202604210900,  -0.058,   0.268,   0.200,   0.126,   0.268,   0.200,   0.268,   0.300,   0.368
202604210906,  -0.060,   0.239,9999.000,9999.000,9999.000,9999.000,9999.000,9999.000,9999.000
202604210912,  -0.060,   0.249,9999.000,9999.000,9999.000,9999.000,9999.000,9999.000,9999.000
202604210918,  -0.057,   0.229,9999.000,9999.000,9999.000,9999.000,9999.000,9999.000,9999.000
202604210924,  -0.051,   0.190,9999.000,9999.000,9999.000,9999.000,9999.000,9999.000,9999.000
202604210930,  -0.043,   0.190,9999.000,9999.000,9999.000,9999.000,9999.000,9999.000,9999.000
202604210936,  -0.033,   0.180,9999.000,9999.000,9999.000,9999.000,9999.000,9999.000,9999.000
202604210942,  -0.021,   0.190,9999.000,9999.000,9999.000,9999.000,9999.000,9999.000,9999.000
202604210948,  -0.007,   0.209,9999.000,9999.000,9999.000,9999.000,9999.000,9999.000,9999.000
202604210954,   0.007,   0.170,9999.000,9999.000,9999.000,9999.000,9999.000,9999.000,9999.000
202604211000,   0.025,   0.170,   0.300,  -0.155,   0.170,   0.200,   0.070,   0.300,   0.170
202604211006,   0.044,   0.180,9999.000,9999.000,9999.000,9999.000,9999.000,9999.000,9999.000
202604211012,   0.065,   0.209,9999.000,9999.000,9999.000,9999.000,9999.000,9999.000,9999.000
202604211018,   0.088,   0.219,9999.000,9999.000,9999.000,9999.000,9999.000,9999.000,9999.000
202604211024,   0.112,   0.239,9999.000,9999.000,9999.000,9999.000,9999.000,9999.000,9999.000
202604211030,   0.138,   0.249,9999.000,9999.000,9999.000,9999.000,9999.000,9999.000,9999.000
202604211036,   0.166,   0.298,9999.000,9999.000,9999.000,9999.000,9999.000,9999.000,9999.000
202604211042,   0.196,   0.331,9999.000,9999.000,9999.000,9999.000,9999.000,9999.000,9999.000
202604211048,   0.228,   0.350,9999.000,9999.000,9999.000,9999.000,9999.000,9999.000,9999.000
202604211054,   0.263,   0.370,9999.000,9999.000,9999.000,9999.000,9999.000,9999.000,9999.000
202604211100,   0.300,   0.409,   0.400,  -0.291,   0.409,   0.300,   0.309,   0.400,   0.409
202604211106,   0.339,   0.439,9999.000,9999.000,9999.000,9999.000,9999.000,9999.000,9999.000
202604211112,   0.380,   0.498,9999.000,9999.000,9999.000,9999.000,9999.000,9999.000,9999.000
202604211118,   0.425,   0.518,9999.000,9999.000,9999.000,9999.000,9999.000,9999.000,9999.000
202604211124,   0.472,   0.551,9999.000,9999.000,9999.000,9999.000,9999.000,9999.000,9999.000
202604211130,   0.522,   0.629,9999.000,9999.000,9999.000,9999.000,9999.000,9999.000,9999.000
202604211136,   0.575,   0.649,9999.000,9999.000,9999.000,9999.000,9999.000,9999.000,9999.000
202604211142,   0.631,   0.698,9999.000,9999.000,9999.000,9999.000,9999.000,9999.000,9999.000
202604211148,   0.690,   0.770,9999.000,9999.000,9999.000,9999.000,9999.000,9999.000,9999.000
202604211154,   0.753,   0.879,9999.000,9999.000,9999.000,9999.000,9999.000,9999.000,9999.000
202604211200,   0.819,   0.980,   0.400,  -0.239,   0.980,   0.300,   0.880,   0.400,   0.980
202604211206,   0.888,   1.049,9999.000,9999.000,9999.000,9999.000,9999.000,9999.000,9999.000
202604211212,   0.960,   1.128,9999.000,9999.000,9999.000,9999.000,9999.000,9999.000,9999.000
202604211218,   1.035,   1.229,9999.000,9999.000,9999.000,9999.000,9999.000,9999.000,9999.000
202604211224,   1.114,   1.338,9999.000,9999.000,9999.000,9999.000,9999.000,9999.000,9999.000
202604211230,   1.195,   1.410,9999.000,9999.000,9999.000,9999.000,9999.000,9999.000,9999.000
202604211236,   1.279,   1.508,9999.000,9999.000,9999.000,9999.000,9999.000,9999.000,9999.000
202604211242,   1.366,   1.590,9999.000,9999.000,9999.000,9999.000,9999.000,9999.000,9999.000
202604211248,   1.456,   1.708,9999.000,9999.000,9999.000,9999.000,9999.000,9999.000,9999.000
202604211254,   1.547,   1.810,9999.000,9999.000,9999.000,9999.000,9999.000,9999.000,9999.000
202604211300,   1.641,   1.908,   0.400,  -0.133,   1.908,   0.300,   1.808,   0.400,   1.908
202604211306,   1.737,   2.010,9999.000,9999.000,9999.000,9999.000,9999.000,9999.000,9999.000
202604211312,   1.834,   2.148,9999.000,9999.000,9999.000,9999.000,9999.000,9999.000,9999.000
202604211318,   1.932,   2.230,9999.000,9999.000,9999.000,9999.000,9999.000,9999.000,9999.000
202604211324,   2.031,   2.368,9999.000,9999.000,9999.000,9999.000,9999.000,9999.000,9999.000
202604211330,   2.130,   2.459,9999.000,9999.000,9999.000,9999.000,9999.000,9999.000,9999.000
202604211336,   2.230,   2.538,9999.000,9999.000,9999.000,9999.000,9999.000,9999.000,9999.000
202604211342,   2.329,   2.669,9999.000,9999.000,9999.000,9999.000,9999.000,9999.000,9999.000
202604211348,   2.427,   2.787,9999.000,9999.000,9999.000,9999.000,9999.000,9999.000,9999.000
202604211354,   2.524,   2.879,9999.000,9999.000,9999.000,9999.000,9999.000,9999.000,9999.000
202604211400,   2.619,   3.007,   0.400,  -0.012,   3.007,   0.300,   2.907,   0.400,   3.007
202604211406,   2.713,   3.119,9999.000,9999.000,9999.000,9999.000,9999.000,9999.000,9999.000
202604211412,   2.803,   3.197,9999.000,9999.000,9999.000,9999.000,9999.000,9999.000,9999.000
202604211418,   2.891,   3.260,9999.000,9999.000,9999.000,9999.000,9999.000,9999.000,9999.000
202604211424,   2.975,   3.329,9999.000,9999.000,9999.000,9999.000,9999.000,9999.000,9999.000
202604211430,   3.055,   3.388,9999.000,9999.000,9999.000,9999.000,9999.000,9999.000,9999.000
202604211436,   3.131,   3.417,9999.000,9999.000,9999.000,9999.000,9999.000,9999.000,9999.000
202604211442,   3.202,   3.480,9999.000,9999.000,9999.000,9999.000,9999.000,9999.000,9999.000
202604211448,   3.268,   3.558,9999.000,9999.000,9999.000,9999.000,9999.000,9999.000,9999.000
202604211454,   3.329,   3.637,9999.000,9999.000,9999.000,9999.000,9999.000,9999.000,9999.000
202604211500,   3.384,   3.660,   0.400,  -0.124,   3.660,   0.400,   3.660,   0.400,   3.660
202604211506,   3.432,   3.670,9999.000,9999.000,9999.000,9999.000,9999.000,9999.000,9999.000
202604211512,   3.475,   3.680,9999.000,9999.000,9999.000,9999.000,9999.000,9999.000,9999.000
202604211518,   3.510,   3.739,9999.000,9999.000,9999.000,9999.000,9999.000,9999.000,9999.000
202604211524,   3.539,   3.749,9999.000,9999.000,9999.000,9999.000,9999.000,9999.000,9999.000
202604211530,   3.560,   3.768,9999.000,9999.000,9999.000,9999.000,9999.000,9999.000,9999.000
202604211536,   3.574,   3.778,9999.000,9999.000,9999.000,9999.000,9999.000,9999.000,9999.000
202604211542,   3.581,   3.788,9999.000,9999.000,9999.000,9999.000,9999.000,9999.000,9999.000
202604211548,   3.581,   3.798,9999.000,9999.000,9999.000,9999.000,9999.000,9999.000,9999.000
202604211554,   3.573,   3.768,9999.000,9999.000,9999.000,9999.000,9999.000,9999.000,9999.000
202604211600,   3.558,   3.719,   0.400,  -0.239,   3.719,   0.400,   3.719,   0.500,   3.819
202604211606,   3.535,   3.689,9999.000,9999.000,9999.000,9999.000,9999.000,9999.000,9999.000
202604211612,   3.505,   3.670,9999.000,9999.000,9999.000,9999.000,9999.000,9999.000,9999.000
202604211618,   3.468,   3.637,9999.000,9999.000,9999.000,9999.000,9999.000,9999.000,9999.000
202604211624,   3.424,   3.598,9999.000,9999.000,9999.000,9999.000,9999.000,9999.000,9999.000
202604211630,   3.373,   3.529,9999.000,9999.000,9999.000,9999.000,9999.000,9999.000,9999.000
202604211636,   3.315,   3.470,9999.000,9999.000,9999.000,9999.000,9999.000,9999.000,9999.000
202604211642,   3.251,   3.378,9999.000,9999.000,9999.000,9999.000,9999.000,9999.000,9999.000
202604211648,   3.181,   3.299,9999.000,9999.000,9999.000,9999.000,9999.000,9999.000,9999.000
202604211654,   3.105,   3.240,9999.000,9999.000,9999.000,9999.000,9999.000,9999.000,9999.000
202604211700,   3.023,   3.129,   0.500,  -0.394,   3.129,   0.500,   3.129,   0.500,   3.129
202604211706,   2.936,   3.030,9999.000,9999.000,9999.000,9999.000,9999.000,9999.000,9999.000
202604211712,   2.845,   2.958,9999.000,9999.000,9999.000,9999.000,9999.000,9999.000,9999.000
202604211718,   2.748,   2.869,9999.000,9999.000,9999.000,9999.000,9999.000,9999.000,9999.000
202604211724,   2.648,   2.768,9999.000,9999.000,9999.000,9999.000,9999.000,9999.000,9999.000
202604211730,   2.544,   2.650,9999.000,9999.000,9999.000,9999.000,9999.000,9999.000,9999.000
202604211736,   2.437,   2.548,9999.000,9999.000,9999.000,9999.000,9999.000,9999.000,9999.000
202604211742,   2.327,   2.440,9999.000,9999.000,9999.000,9999.000,9999.000,9999.000,9999.000
202604211748,   2.215,   2.358,9999.000,9999.000,9999.000,9999.000,9999.000,9999.000,9999.000
202604211754,   2.101,   2.240,9999.000,9999.000,9999.000,9999.000,9999.000,9999.000,9999.000
202604211800,   1.985,   2.148,   0.500,  -0.337,   2.148,   0.400,   2.048,   0.500,   2.148
202604211806,   1.869,   2.049,9999.000,9999.000,9999.000,9999.000,9999.000,9999.000,9999.000
202604211812,   1.752,   1.918,9999.000,9999.000,9999.000,9999.000,9999.000,9999.000,9999.000
202604211818,   1.635,   1.840,9999.000,9999.000,9999.000,9999.000,9999.000,9999.000,9999.000
202604211824,   1.519,   1.718,9999.000,9999.000,9999.000,9999.000,9999.000,9999.000,9999.000
202604211830,   1.404,   1.610,9999.000,9999.000,9999.000,9999.000,9999.000,9999.000,9999.000
202604211836,   1.291,   1.548,9999.000,9999.000,9999.000,9999.000,9999.000,9999.000,9999.000
202604211842,   1.179,   1.420,9999.000,9999.000,9999.000,9999.000,9999.000,9999.000,9999.000
202604211848,   1.070,   1.338,9999.000,9999.000,9999.000,9999.000,9999.000,9999.000,9999.000
202604211854,   0.964,   1.249,9999.000,9999.000,9999.000,9999.000,9999.000,9999.000,9999.000
202604211900,   0.861,   1.118,   0.500,  -0.243,   1.118,   0.400,   1.018,   0.500,   1.118
202604211906,   0.762,   1.010,9999.000,9999.000,9999.000,9999.000,9999.000,9999.000,9999.000
202604211912,   0.668,   0.898,9999.000,9999.000,9999.000,9999.000,9999.000,9999.000,9999.000
202604211918,   0.578,   0.839,9999.000,9999.000,9999.000,9999.000,9999.000,9999.000,9999.000
202604211924,   0.492,   0.731,9999.000,9999.000,9999.000,9999.000,9999.000,9999.000,9999.000
202604211930,   0.412,   0.669,9999.000,9999.000,9999.000,9999.000,9999.000,9999.000,9999.000
202604211936,   0.337,   0.580,9999.000,9999.000,9999.000,9999.000,9999.000,9999.000,9999.000
202604211942,   0.268,   0.518,9999.000,9999.000,9999.000,9999.000,9999.000,9999.000,9999.000
202604211948,   0.205,   0.449,9999.000,9999.000,9999.000,9999.000,9999.000,9999.000,9999.000
202604211954,   0.148,   0.400,9999.000,9999.000,9999.000,9999.000,9999.000,9999.000,9999.000
202604212000,   0.097,   0.380,   0.500,  -0.217,   0.380,   0.500,   0.380,   0.500,   0.380
202604212006,   0.052,   0.321,9999.000,9999.000,9999.000,9999.000,9999.000,9999.000,9999.000
202604212012,   0.013,   0.298,9999.000,9999.000,9999.000,9999.000,9999.000,9999.000,9999.000
202604212018,  -0.019,   0.239,9999.000,9999.000,9999.000,9999.000,9999.000,9999.000,9999.000
202604212024,  -0.046,   0.259,9999.000,9999.000,9999.000,9999.000,9999.000,9999.000,9999.000
202604212030,  -0.067,   0.249,9999.000,9999.000,9999.000,9999.000,9999.000,9999.000,9999.000
202604212036,  -0.082,   0.219,9999.000,9999.000,9999.000,9999.000,9999.000,9999.000,9999.000
202604212042,  -0.091,   0.249,9999.000,9999.000,9999.000,9999.000,9999.000,9999.000,9999.000
202604212048,  -0.096,   0.229,9999.000,9999.000,9999.000,9999.000,9999.000,9999.000,9999.000
202604212054,  -0.095,   0.268,9999.000,9999.000,9999.000,9999.000,9999.000,9999.000,9999.000
202604212100,  -0.090,   0.278,   0.500,  -0.132,   0.278,   0.400,   0.178,   0.500,   0.278
202604212106,  -0.080,   0.308,9999.000,9999.000,9999.000,9999.000,9999.000,9999.000,9999.000
202604212112,  -0.066,   0.308,9999.000,9999.000,9999.000,9999.000,9999.000,9999.000,9999.000
202604212118,  -0.047,   0.350,9999.000,9999.000,9999.000,9999.000,9999.000,9999.000,9999.000
202604212124,  -0.026,   0.370,9999.000,9999.000,9999.000,9999.000,9999.000,9999.000,9999.000
202604212130,  -0.001,   0.400,9999.000,9999.000,9999.000,9999.000,9999.000,9999.000,9999.000
202604212136,   0.026,   0.429,9999.000,9999.000,9999.000,9999.000,9999.000,9999.000,9999.000
202604212142,   0.057,   0.449,9999.000,9999.000,9999.000,9999.000,9999.000,9999.000,9999.000
202604212148,   0.090,   0.498,9999.000,9999.000,9999.000,9999.000,9999.000,9999.000,9999.000
202604212154,   0.125,   0.518,9999.000,9999.000,9999.000,9999.000,9999.000,9999.000,9999.000
202604212200,   0.162,   0.560,   0.500,  -0.102,   0.560,   0.500,   0.560,   0.500,   0.560
202604212206,   0.201,   0.570,9999.000,9999.000,9999.000,9999.000,9999.000,9999.000,9999.000
202604212212,   0.241,   0.600,9999.000,9999.000,9999.000,9999.000,9999.000,9999.000,9999.000
202604212218,   0.283,   0.639,9999.000,9999.000,9999.000,9999.000,9999.000,9999.000,9999.000
202604212224,   0.326,   0.688,9999.000,9999.000,9999.000,9999.000,9999.000,9999.000,9999.000
202604212230,   0.370,   0.751,9999.000,9999.000,9999.000,9999.000,9999.000,9999.000,9999.000
202604212236,   0.415,   0.800,9999.000,9999.000,9999.000,9999.000,9999.000,9999.000,9999.000
202604212242,   0.461,   0.849,9999.000,9999.000,9999.000,9999.000,9999.000,9999.000,9999.000
202604212248,   0.509,   0.888,9999.000,9999.000,9999.000,9999.000,9999.000,9999.000,9999.000
202604212254,   0.557,   0.918,9999.000,9999.000,9999.000,9999.000,9999.000,9999.000,9999.000
202604212300,   0.606,   0.961,   0.500,  -0.145,   0.961,   0.500,   0.961,   0.500,   0.961
202604212306,   0.656,   1.049,9999.000,9999.000,9999.000,9999.000,9999.000,9999.000,9999.000
202604212312,   0.707,   1.098,9999.000,9999.000,9999.000,9999.000,9999.000,9999.000,9999.000
202604212318,   0.760,   1.138,9999.000,9999.000,9999.000,9999.000,9999.000,9999.000,9999.000
202604212324,   0.814,   1.200,9999.000,9999.000,9999.000,9999.000,9999.000,9999.000,9999.000
202604212330,   0.869,   1.249,9999.000,9999.000,9999.000,9999.000,9999.000,9999.000,9999.000
202604212336,   0.926,   1.338,9999.000,9999.000,9999.000,9999.000,9999.000,9999.000,9999.000
202604212342,   0.984,   1.410,9999.000,9999.000,9999.000,9999.000,9999.000,9999.000,9999.000
202604212348,   1.044,   1.459,9999.000,9999.000,9999.000,9999.000,9999.000,9999.000,9999.000
202604212354,   1.105,   1.538,9999.000,9999.000,9999.000,9999.000,9999.000,9999.000,9999.000
202604220000,   1.169,   1.610,   0.400,   0.041,   1.610,   0.300,   1.510,   0.400,   1.610
202604220006,   1.234,   1.669,9999.000,9999.000,9999.000,9999.000,9999.000,9999.000,9999.000
202604220012,   1.302,   1.748,9999.000,9999.000,9999.000,9999.000,9999.000,9999.000,9999.000
202604220018,   1.371,   1.840,9999.000,9999.000,9999.000,9999.000,9999.000,9999.000,9999.000
202604220024,   1.443,   1.889,9999.000,9999.000,9999.000,9999.000,9999.000,9999.000,9999.000
202604220030,   1.516,   1.981,9999.000,9999.000,9999.000,9999.000,9999.000,9999.000,9999.000
202604220036,   1.592,   2.059,9999.000,9999.000,9999.000,9999.000,9999.000,9999.000,9999.000
202604220042,   1.670,   2.118,9999.000,9999.000,9999.000,9999.000,9999.000,9999.000,9999.000
202604220048,   1.750,   2.220,9999.000,9999.000,9999.000,9999.000,9999.000,9999.000,9999.000
202604220054,   1.832,   2.279,9999.000,9999.000,9999.000,9999.000,9999.000,9999.000,9999.000
202604220100,   1.916,   2.318,   0.400,   0.002,   2.318,   0.300,   2.218,   0.400,   2.318
202604220106,   2.002,   2.430,9999.000,9999.000,9999.000,9999.000,9999.000,9999.000,9999.000
202604220112,   2.089,   2.509,9999.000,9999.000,9999.000,9999.000,9999.000,9999.000,9999.000
202604220118,   2.178,   2.630,9999.000,9999.000,9999.000,9999.000,9999.000,9999.000,9999.000
202604220124,   2.269,   2.728,9999.000,9999.000,9999.000,9999.000,9999.000,9999.000,9999.000
202604220130,   2.360,   2.778,9999.000,9999.000,9999.000,9999.000,9999.000,9999.000,9999.000
202604220136,   2.452,   2.879,9999.000,9999.000,9999.000,9999.000,9999.000,9999.000,9999.000
202604220142,   2.545,   2.958,9999.000,9999.000,9999.000,9999.000,9999.000,9999.000,9999.000
202604220148,   2.638,   3.060,9999.000,9999.000,9999.000,9999.000,9999.000,9999.000,9999.000
202604220154,   2.731,   3.178,9999.000,9999.000,9999.000,9999.000,9999.000,9999.000,9999.000
202604220200,   2.824,   3.230,   0.300,   0.106,   3.230,   0.300,   3.230,   0.400,   3.330
202604220206,   2.917,   3.329,9999.000,9999.000,9999.000,9999.000,9999.000,9999.000,9999.000
202604220212,   3.008,   3.417,9999.000,9999.000,9999.000,9999.000,9999.000,9999.000,9999.000
202604220218,   3.098,   3.509,9999.000,9999.000,9999.000,9999.000,9999.000,9999.000,9999.000
202604220224,   3.186,   3.598,9999.000,9999.000,9999.000,9999.000,9999.000,9999.000,9999.000
202604220230,   3.273,   3.670,9999.000,9999.000,9999.000,9999.000,9999.000,9999.000,9999.000
202604220236,   3.356,   3.758,9999.000,9999.000,9999.000,9999.000,9999.000,9999.000,9999.000
202604220242,   3.437,   3.817,9999.000,9999.000,9999.000,9999.000,9999.000,9999.000,9999.000
202604220248,   3.515,   3.929,9999.000,9999.000,9999.000,9999.000,9999.000,9999.000,9999.000
202604220254,   3.589,   4.027,9999.000,9999.000,9999.000,9999.000,9999.000,9999.000,9999.000
202604220300,   3.660,   4.037,   0.300,   0.077,   4.037,   0.300,   4.037,   0.400,   4.137
202604220306,   3.725,   4.119,9999.000,9999.000,9999.000,9999.000,9999.000,9999.000,9999.000
202604220312,   3.787,   4.188,9999.000,9999.000,9999.000,9999.000,9999.000,9999.000,9999.000
202604220318,   3.843,   4.227,9999.000,9999.000,9999.000,9999.000,9999.000,9999.000,9999.000
202604220324,   3.894,   4.300,9999.000,9999.000,9999.000,9999.000,9999.000,9999.000,9999.000
202604220330,   3.940,   4.309,9999.000,9999.000,9999.000,9999.000,9999.000,9999.000,9999.000
202604220336,   3.979,   4.309,9999.000,9999.000,9999.000,9999.000,9999.000,9999.000,9999.000
202604220342,   4.013,   4.368,9999.000,9999.000,9999.000,9999.000,9999.000,9999.000,9999.000
202604220348,   4.041,   4.427,9999.000,9999.000,9999.000,9999.000,9999.000,9999.000,9999.000
202604220354,   4.062,   4.437,9999.000,9999.000,9999.000,9999.000,9999.000,9999.000,9999.000
202604220400,   4.076,   4.418,   0.300,   0.042,   4.418,   0.300,   4.418,   0.300,   4.418
202604220406,   4.084,   4.408,9999.000,9999.000,9999.000,9999.000,9999.000,9999.000,9999.000
202604220412,   4.085,   4.427,9999.000,9999.000,9999.000,9999.000,9999.000,9999.000,9999.000
202604220418,   4.080,   4.437,9999.000,9999.000,9999.000,9999.000,9999.000,9999.000,9999.000
202604220424,   4.068,   4.398,9999.000,9999.000,9999.000,9999.000,9999.000,9999.000,9999.000
202604220430,   4.049,   4.378,9999.000,9999.000,9999.000,9999.000,9999.000,9999.000,9999.000
202604220436,   4.023,   4.368,9999.000,9999.000,9999.000,9999.000,9999.000,9999.000,9999.000
202604220442,   3.990,   4.319,9999.000,9999.000,9999.000,9999.000,9999.000,9999.000,9999.000
202604220448,   3.952,   4.290,9999.000,9999.000,9999.000,9999.000,9999.000,9999.000,9999.000
202604220454,   3.906,   4.237,9999.000,9999.000,9999.000,9999.000,9999.000,9999.000,9999.000
202604220500,   3.855,   4.149,   0.300,  -0.006,   4.149,   0.300,   4.149,   0.300,   4.149
202604220506,   3.797,   4.119,9999.000,9999.000,9999.000,9999.000,9999.000,9999.000,9999.000
202604220512,   3.734,   4.080,9999.000,9999.000,9999.000,9999.000,9999.000,9999.000,9999.000
202604220518,   3.665,   3.978,9999.000,9999.000,9999.000,9999.000,9999.000,9999.000,9999.000
202604220524,   3.591,   3.909,9999.000,9999.000,9999.000,9999.000,9999.000,9999.000,9999.000
202604220530,   3.512,   3.817,9999.000,9999.000,9999.000,9999.000,9999.000,9999.000,9999.000
202604220536,   3.428,   3.719,9999.000,9999.000,9999.000,9999.000,9999.000,9999.000,9999.000
202604220542,   3.340,   3.617,9999.000,9999.000,9999.000,9999.000,9999.000,9999.000,9999.000
202604220548,   3.247,   3.529,9999.000,9999.000,9999.000,9999.000,9999.000,9999.000,9999.000
202604220554,   3.151,9999.000,9999.000,9999.000,9999.000,9999.000,9999.000,9999.000,9999.000
202604220600,   3.051,9999.000,   0.300,  -0.007,   3.344,   0.200,   3.244,   0.300,   3.344
202604220606,   2.949,9999.000,9999.000,9999.000,9999.000,9999.000,9999.000,9999.000,9999.000
202604220612,   2.843,9999.000,9999.000,9999.000,9999.000,9999.000,9999.000,9999.000,9999.000
202604220618,   2.736,9999.000,9999.000,9999.000,9999.000,9999.000,9999.000,9999.000,9999.000
202604220624,   2.627,9999.000,9999.000,9999.000,9999.000,9999.000,9999.000,9999.000,9999.000
202604220630,   2.516,9999.000,9999.000,9999.000,9999.000,9999.000,9999.000,9999.000,9999.000
202604220636,   2.405,9999.000,9999.000,9999.000,9999.000,9999.000,9999.000,9999.000,9999.000
202604220642,   2.292,9999.000,9999.000,9999.000,9999.000,9999.000,9999.000,9999.000,9999.000
202604220648,   2.180,9999.000,9999.000,9999.000,9999.000,9999.000,9999.000,9999.000,9999.000
202604220654,   2.068,9999.000,9999.000,9999.000,9999.000,9999.000,9999.000,9999.000,9999.000
202604220700,   1.957,9999.000,   0.300,  -0.008,   2.249,   0.300,   2.249,   0.300,   2.249
202604220706,   1.847,9999.000,9999.000,9999.000,9999.000,9999.000,9999.000,9999.000,9999.000
202604220712,   1.740,9999.000,9999.000,9999.000,9999.000,9999.000,9999.000,9999.000,9999.000
202604220718,   1.632,9999.000,9999.000,9999.000,9999.000,9999.000,9999.000,9999.000,9999.000
202604220724,   1.528,9999.000,9999.000,9999.000,9999.000,9999.000,9999.000,9999.000,9999.000
202604220730,   1.427,9999.000,9999.000,9999.000,9999.000,9999.000,9999.000,9999.000,9999.000
202604220736,   1.329,9999.000,9999.000,9999.000,9999.000,9999.000,9999.000,9999.000,9999.000
202604220742,   1.234,9999.000,9999.000,9999.000,9999.000,9999.000,9999.000,9999.000,9999.000
202604220748,   1.143,9999.000,9999.000,9999.000,9999.000,9999.000,9999.000,9999.000,9999.000
202604220754,   1.056,9999.000,9999.000,9999.000,9999.000,9999.000,9999.000,9999.000,9999.000
202604220800,   0.973,9999.000,   0.300,  -0.008,   1.265,   0.300,   1.265,   0.300,   1.265
202604220806,   0.894,9999.000,9999.000,9999.000,9999.000,9999.000,9999.000,9999.000,9999.000
202604220812,   0.820,9999.000,9999.000,9999.000,9999.000,9999.000,9999.000,9999.000,9999.000
202604220818,   0.751,9999.000,9999.000,9999.000,9999.000,9999.000,9999.000,9999.000,9999.000
202604220824,   0.686,9999.000,9999.000,9999.000,9999.000,9999.000,9999.000,9999.000,9999.000
202604220830,   0.627,9999.000,9999.000,9999.000,9999.000,9999.000,9999.000,9999.000,9999.000
202604220836,   0.572,9999.000,9999.000,9999.000,9999.000,9999.000,9999.000,9999.000,9999.000
202604220842,   0.521,9999.000,9999.000,9999.000,9999.000,9999.000,9999.000,9999.000,9999.000
202604220848,   0.476,9999.000,9999.000,9999.000,9999.000,9999.000,9999.000,9999.000,9999.000
202604220854,   0.435,9999.000,9999.000,9999.000,9999.000,9999.000,9999.000,9999.000,9999.000
202604220900,   0.398,9999.000,   0.300,  -0.009,   0.689,   0.300,   0.689,   0.300,   0.689
202604220906,   0.366,9999.000,9999.000,9999.000,9999.000,9999.000,9999.000,9999.000,9999.000
202604220912,   0.338,9999.000,9999.000,9999.000,9999.000,9999.000,9999.000,9999.000,9999.000
202604220918,   0.313,9999.000,9999.000,9999.000,9999.000,9999.000,9999.000,9999.000,9999.000
202604220924,   0.292,9999.000,9999.000,9999.000,9999.000,9999.000,9999.000,9999.000,9999.000
202604220930,   0.275,9999.000,9999.000,9999.000,9999.000,9999.000,9999.000,9999.000,9999.000
202604220936,   0.261,9999.000,9999.000,9999.000,9999.000,9999.000,9999.000,9999.000,9999.000
202604220942,   0.249,9999.000,9999.000,9999.000,9999.000,9999.000,9999.000,9999.000,9999.000
202604220948,   0.240,9999.000,9999.000,9999.000,9999.000,9999.000,9999.000,9999.000,9999.000
202604220954,   0.234,9999.000,9999.000,9999.000,9999.000,9999.000,9999.000,9999.000,9999.000
202604221000,   0.230,9999.000,   0.300,  -0.010,   0.520,   0.300,   0.520,   0.300,   0.520
202604221006,   0.227,9999.000,9999.000,9999.000,9999.000,9999.000,9999.000,9999.000,9999.000
202604221012,   0.227,9999.000,9999.000,9999.000,9999.000,9999.000,9999.000,9999.000,9999.000
202604221018,   0.228,9999.000,9999.000,9999.000,9999.000,9999.000,9999.000,9999.000,9999.000
202604221024,   0.230,9999.000,9999.000,9999.000,9999.000,9999.000,9999.000,9999.000,9999.000
202604221030,   0.234,9999.000,9999.000,9999.000,9999.000,9999.000,9999.000,9999.000,9999.000
202604221036,   0.239,9999.000,9999.000,9999.000,9999.000,9999.000,9999.000,9999.000,9999.000
202604221042,   0.245,9999.000,9999.000,9999.000,9999.000,9999.000,9999.000,9999.000,9999.000
202604221048,   0.252,9999.000,9999.000,9999.000,9999.000,9999.000,9999.000,9999.000,9999.000
202604221054,   0.260,9999.000,9999.000,9999.000,9999.000,9999.000,9999.000,9999.000,9999.000
202604221100,   0.269,9999.000,   0.300,  -0.011,   0.558,   0.300,   0.558,   0.300,   0.558
202604221106,   0.279,9999.000,9999.000,9999.000,9999.000,9999.000,9999.000,9999.000,9999.000
202604221112,   0.291,9999.000,9999.000,9999.000,9999.000,9999.000,9999.000,9999.000,9999.000
202604221118,   0.304,9999.000,9999.000,9999.000,9999.000,9999.000,9999.000,9999.000,9999.000
202604221124,   0.318,9999.000,9999.000,9999.000,9999.000,9999.000,9999.000,9999.000,9999.000
202604221130,   0.334,9999.000,9999.000,9999.000,9999.000,9999.000,9999.000,9999.000,9999.000
202604221136,   0.352,9999.000,9999.000,9999.000,9999.000,9999.000,9999.000,9999.000,9999.000
202604221142,   0.371,9999.000,9999.000,9999.000,9999.000,9999.000,9999.000,9999.000,9999.000
202604221148,   0.393,9999.000,9999.000,9999.000,9999.000,9999.000,9999.000,9999.000,9999.000
202604221154,   0.417,9999.000,9999.000,9999.000,9999.000,9999.000,9999.000,9999.000,9999.000
202604221200,   0.443,9999.000,   0.300,  -0.012,   0.731,   0.300,   0.731,   0.400,   0.831
202604221206,   0.472,9999.000,9999.000,9999.000,9999.000,9999.000,9999.000,9999.000,9999.000
202604221212,   0.503,9999.000,9999.000,9999.000,9999.000,9999.000,9999.000,9999.000,9999.000
202604221218,   0.538,9999.000,9999.000,9999.000,9999.000,9999.000,9999.000,9999.000,9999.000
202604221224,   0.575,9999.000,9999.000,9999.000,9999.000,9999.000,9999.000,9999.000,9999.000
202604221230,   0.616,9999.000,9999.000,9999.000,9999.000,9999.000,9999.000,9999.000,9999.000
202604221236,   0.660,9999.000,9999.000,9999.000,9999.000,9999.000,9999.000,9999.000,9999.000
202604221242,   0.707,9999.000,9999.000,9999.000,9999.000,9999.000,9999.000,9999.000,9999.000
202604221248,   0.758,9999.000,9999.000,9999.000,9999.000,9999.000,9999.000,9999.000,9999.000
202604221254,   0.812,9999.000,9999.000,9999.000,9999.000,9999.000,9999.000,9999.000,9999.000
202604221300,   0.870,9999.000,   0.300,  -0.012,   1.158,   0.300,   1.158,   0.400,   1.258
202604221306,   0.931,9999.000,9999.000,9999.000,9999.000,9999.000,9999.000,9999.000,9999.000
202604221312,   0.996,9999.000,9999.000,9999.000,9999.000,9999.000,9999.000,9999.000,9999.000
202604221318,   1.064,9999.000,9999.000,9999.000,9999.000,9999.000,9999.000,9999.000,9999.000
202604221324,   1.135,9999.000,9999.000,9999.000,9999.000,9999.000,9999.000,9999.000,9999.000
202604221330,   1.210,9999.000,9999.000,9999.000,9999.000,9999.000,9999.000,9999.000,9999.000
202604221336,   1.288,9999.000,9999.000,9999.000,9999.000,9999.000,9999.000,9999.000,9999.000
202604221342,   1.369,9999.000,9999.000,9999.000,9999.000,9999.000,9999.000,9999.000,9999.000
202604221348,   1.453,9999.000,9999.000,9999.000,9999.000,9999.000,9999.000,9999.000,9999.000
202604221354,   1.539,9999.000,9999.000,9999.000,9999.000,9999.000,9999.000,9999.000,9999.000
202604221400,   1.627,9999.000,   0.300,  -0.013,   1.914,   0.300,   1.914,   0.400,   2.014
202604221406,   1.717,9999.000,9999.000,9999.000,9999.000,9999.000,9999.000,9999.000,9999.000
202604221412,   1.809,9999.000,9999.000,9999.000,9999.000,9999.000,9999.000,9999.000,9999.000
202604221418,   1.902,9999.000,9999.000,9999.000,9999.000,9999.000,9999.000,9999.000,9999.000
202604221424,   1.996,9999.000,9999.000,9999.000,9999.000,9999.000,9999.000,9999.000,9999.000
202604221430,   2.091,9999.000,9999.000,9999.000,9999.000,9999.000,9999.000,9999.000,9999.000
202604221436,   2.185,9999.000,9999.000,9999.000,9999.000,9999.000,9999.000,9999.000,9999.000
202604221442,   2.280,9999.000,9999.000,9999.000,9999.000,9999.000,9999.000,9999.000,9999.000
202604221448,   2.374,9999.000,9999.000,9999.000,9999.000,9999.000,9999.000,9999.000,9999.000
202604221454,   2.466,9999.000,9999.000,9999.000,9999.000,9999.000,9999.000,9999.000,9999.000
202604221500,   2.557,9999.000,   0.300,  -0.014,   2.843,   0.300,   2.843,   0.400,   2.943
202604221506,   2.646,9999.000,9999.000,9999.000,9999.000,9999.000,9999.000,9999.000,9999.000
202604221512,   2.733,9999.000,9999.000,9999.000,9999.000,9999.000,9999.000,9999.000,9999.000
202604221518,   2.816,9999.000,9999.000,9999.000,9999.000,9999.000,9999.000,9999.000,9999.000
202604221524,   2.897,9999.000,9999.000,9999.000,9999.000,9999.000,9999.000,9999.000,9999.000
202604221530,   2.973,9999.000,9999.000,9999.000,9999.000,9999.000,9999.000,9999.000,9999.000
202604221536,   3.046,9999.000,9999.000,9999.000,9999.000,9999.000,9999.000,9999.000,9999.000
202604221542,   3.114,9999.000,9999.000,9999.000,9999.000,9999.000,9999.000,9999.000,9999.000
202604221548,   3.177,9999.000,9999.000,9999.000,9999.000,9999.000,9999.000,9999.000,9999.000
202604221554,   3.234,9999.000,9999.000,9999.000,9999.000,9999.000,9999.000,9999.000,9999.000
202604221600,   3.286,9999.000,   0.400,  -0.015,   3.671,   0.300,   3.571,   0.400,   3.671
202604221606,   3.333,9999.000,9999.000,9999.000,9999.000,9999.000,9999.000,9999.000,9999.000
202604221612,   3.373,9999.000,9999.000,9999.000,9999.000,9999.000,9999.000,9999.000,9999.000
202604221618,   3.406,9999.000,9999.000,9999.000,9999.000,9999.000,9999.000,9999.000,9999.000
202604221624,   3.433,9999.000,9999.000,9999.000,9999.000,9999.000,9999.000,9999.000,9999.000
202604221630,   3.453,9999.000,9999.000,9999.000,9999.000,9999.000,9999.000,9999.000,9999.000
202604221636,   3.467,9999.000,9999.000,9999.000,9999.000,9999.000,9999.000,9999.000,9999.000
202604221642,   3.473,9999.000,9999.000,9999.000,9999.000,9999.000,9999.000,9999.000,9999.000
202604221648,   3.473,9999.000,9999.000,9999.000,9999.000,9999.000,9999.000,9999.000,9999.000
202604221654,   3.465,9999.000,9999.000,9999.000,9999.000,9999.000,9999.000,9999.000,9999.000
202604221700,   3.450,9999.000,   0.400,  -0.016,   3.834,   0.300,   3.734,   0.400,   3.834
202604221706,   3.429,9999.000,9999.000,9999.000,9999.000,9999.000,9999.000,9999.000,9999.000
202604221712,   3.400,9999.000,9999.000,9999.000,9999.000,9999.000,9999.000,9999.000,9999.000
202604221718,   3.365,9999.000,9999.000,9999.000,9999.000,9999.000,9999.000,9999.000,9999.000
202604221724,   3.322,9999.000,9999.000,9999.000,9999.000,9999.000,9999.000,9999.000,9999.000
202604221730,   3.274,9999.000,9999.000,9999.000,9999.000,9999.000,9999.000,9999.000,9999.000
202604221736,   3.219,9999.000,9999.000,9999.000,9999.000,9999.000,9999.000,9999.000,9999.000
202604221742,   3.159,9999.000,9999.000,9999.000,9999.000,9999.000,9999.000,9999.000,9999.000
202604221748,   3.092,9999.000,9999.000,9999.000,9999.000,9999.000,9999.000,9999.000,9999.000
202604221754,   3.020,9999.000,9999.000,9999.000,9999.000,9999.000,9999.000,9999.000,9999.000
202604221800,   2.943,9999.000,   0.400,  -0.016,   3.327,   0.300,   3.227,   0.500,   3.427
202604221806,   2.862,9999.000,9999.000,9999.000,9999.000,9999.000,9999.000,9999.000,9999.000
202604221812,   2.775,9999.000,9999.000,9999.000,9999.000,9999.000,9999.000,9999.000,9999.000
202604221818,   2.685,9999.000,9999.000,9999.000,9999.000,9999.000,9999.000,9999.000,9999.000
202604221824,   2.591,9999.000,9999.000,9999.000,9999.000,9999.000,9999.000,9999.000,9999.000
202604221830,   2.494,9999.000,9999.000,9999.000,9999.000,9999.000,9999.000,9999.000,9999.000
202604221836,   2.395,9999.000,9999.000,9999.000,9999.000,9999.000,9999.000,9999.000,9999.000
202604221842,   2.293,9999.000,9999.000,9999.000,9999.000,9999.000,9999.000,9999.000,9999.000
202604221848,   2.189,9999.000,9999.000,9999.000,9999.000,9999.000,9999.000,9999.000,9999.000
202604221854,   2.083,9999.000,9999.000,9999.000,9999.000,9999.000,9999.000,9999.000,9999.000
202604221900,   1.977,9999.000,   0.400,  -0.016,   2.361,   0.400,   2.361,   0.500,   2.461
202604221906,   1.871,9999.000,9999.000,9999.000,9999.000,9999.000,9999.000,9999.000,9999.000
202604221912,   1.764,9999.000,9999.000,9999.000,9999.000,9999.000,9999.000,9999.000,9999.000
202604221918,   1.658,9999.000,9999.000,9999.000,9999.000,9999.000,9999.000,9999.000,9999.000
202604221924,   1.553,9999.000,9999.000,9999.000,9999.000,9999.000,9999.000,9999.000,9999.000
202604221930,   1.450,9999.000,9999.000,9999.000,9999.000,9999.000,9999.000,9999.000,9999.000
202604221936,   1.348,9999.000,9999.000,9999.000,9999.000,9999.000,9999.000,9999.000,9999.000
202604221942,   1.249,9999.000,9999.000,9999.000,9999.000,9999.000,9999.000,9999.000,9999.000
202604221948,   1.153,9999.000,9999.000,9999.000,9999.000,9999.000,9999.000,9999.000,9999.000
202604221954,   1.060,9999.000,9999.000,9999.000,9999.000,9999.000,9999.000,9999.000,9999.000
202604222000,   0.971,9999.000,   0.400,  -0.016,   1.355,   0.400,   1.355,   0.500,   1.455
202604222006,   0.885,9999.000,9999.000,9999.000,9999.000,9999.000,9999.000,9999.000,9999.000
202604222012,   0.804,9999.000,9999.000,9999.000,9999.000,9999.000,9999.000,9999.000,9999.000
202604222018,   0.728,9999.000,9999.000,9999.000,9999.000,9999.000,9999.000,9999.000,9999.000
202604222024,   0.656,9999.000,9999.000,9999.000,9999.000,9999.000,9999.000,9999.000,9999.000
202604222030,   0.590,9999.000,9999.000,9999.000,9999.000,9999.000,9999.000,9999.000,9999.000
202604222036,   0.528,9999.000,9999.000,9999.000,9999.000,9999.000,9999.000,9999.000,9999.000
202604222042,   0.472,9999.000,9999.000,9999.000,9999.000,9999.000,9999.000,9999.000,9999.000
202604222048,   0.421,9999.000,9999.000,9999.000,9999.000,9999.000,9999.000,9999.000,9999.000
202604222054,   0.376,9999.000,9999.000,9999.000,9999.000,9999.000,9999.000,9999.000,9999.000
202604222100,   0.336,9999.000,   0.400,  -0.016,   0.720,   0.400,   0.720,   0.500,   0.820
202604222106,   0.302,9999.000,9999.000,9999.000,9999.000,9999.000,9999.000,9999.000,9999.000
202604222112,   0.273,9999.000,9999.000,9999.000,9999.000,9999.000,9999.000,9999.000,9999.000
202604222118,   0.249,9999.000,9999.000,9999.000,9999.000,9999.000,9999.000,9999.000,9999.000
202604222124,   0.230,9999.000,9999.000,9999.000,9999.000,9999.000,9999.000,9999.000,9999.000
202604222130,   0.216,9999.000,9999.000,9999.000,9999.000,9999.000,9999.000,9999.000,9999.000
202604222136,   0.207,9999.000,9999.000,9999.000,9999.000,9999.000,9999.000,9999.000,9999.000
202604222142,   0.202,9999.000,9999.000,9999.000,9999.000,9999.000,9999.000,9999.000,9999.000
202604222148,   0.201,9999.000,9999.000,9999.000,9999.000,9999.000,9999.000,9999.000,9999.000
202604222154,   0.203,9999.000,9999.000,9999.000,9999.000,9999.000,9999.000,9999.000,9999.000
202604222200,   0.210,9999.000,   0.500,  -0.016,   0.694,   0.400,   0.594,   0.600,   0.794
202604222206,   0.219,9999.000,9999.000,9999.000,9999.000,9999.000,9999.000,9999.000,9999.000
202604222212,   0.232,9999.000,9999.000,9999.000,9999.000,9999.000,9999.000,9999.000,9999.000
202604222218,   0.246,9999.000,9999.000,9999.000,9999.000,9999.000,9999.000,9999.000,9999.000
202604222224,   0.264,9999.000,9999.000,9999.000,9999.000,9999.000,9999.000,9999.000,9999.000
202604222230,   0.283,9999.000,9999.000,9999.000,9999.000,9999.000,9999.000,9999.000,9999.000
202604222236,   0.304,9999.000,9999.000,9999.000,9999.000,9999.000,9999.000,9999.000,9999.000
202604222242,   0.327,9999.000,9999.000,9999.000,9999.000,9999.000,9999.000,9999.000,9999.000
202604222248,   0.351,9999.000,9999.000,9999.000,9999.000,9999.000,9999.000,9999.000,9999.000
202604222254,   0.376,9999.000,9999.000,9999.000,9999.000,9999.000,9999.000,9999.000,9999.000
202604222300,   0.402,9999.000,   0.500,  -0.016,   0.886,   0.400,   0.786,   0.600,   0.986
202604222306,   0.429,9999.000,9999.000,9999.000,9999.000,9999.000,9999.000,9999.000,9999.000
202604222312,   0.457,9999.000,9999.000,9999.000,9999.000,9999.000,9999.000,9999.000,9999.000
202604222318,   0.486,9999.000,9999.000,9999.000,9999.000,9999.000,9999.000,9999.000,9999.000
202604222324,   0.515,9999.000,9999.000,9999.000,9999.000,9999.000,9999.000,9999.000,9999.000
202604222330,   0.545,9999.000,9999.000,9999.000,9999.000,9999.000,9999.000,9999.000,9999.000
202604222336,   0.575,9999.000,9999.000,9999.000,9999.000,9999.000,9999.000,9999.000,9999.000
202604222342,   0.606,9999.000,9999.000,9999.000,9999.000,9999.000,9999.000,9999.000,9999.000
202604222348,   0.638,9999.000,9999.000,9999.000,9999.000,9999.000,9999.000,9999.000,9999.000
202604222354,   0.671,9999.000,9999.000,9999.000,9999.000,9999.000,9999.000,9999.000,9999.000
202604230000,   0.705,9999.000,   0.500,  -0.016,   1.189,   0.500,   1.189,   0.600,   1.289
202604230006,   0.740,9999.000,9999.000,9999.000,9999.000,9999.000,9999.000,9999.000,9999.000
202604230012,   0.776,9999.000,9999.000,9999.000,9999.000,9999.000,9999.000,9999.000,9999.000
202604230018,   0.814,9999.000,9999.000,9999.000,9999.000,9999.000,9999.000,9999.000,9999.000
202604230024,   0.852,9999.000,9999.000,9999.000,9999.000,9999.000,9999.000,9999.000,9999.000
202604230030,   0.893,9999.000,9999.000,9999.000,9999.000,9999.000,9999.000,9999.000,9999.000
202604230036,   0.935,9999.000,9999.000,9999.000,9999.000,9999.000,9999.000,9999.000,9999.000
202604230042,   0.979,9999.000,9999.000,9999.000,9999.000,9999.000,9999.000,9999.000,9999.000
202604230048,   1.025,9999.000,9999.000,9999.000,9999.000,9999.000,9999.000,9999.000,9999.000
202604230054,   1.074,9999.000,9999.000,9999.000,9999.000,9999.000,9999.000,9999.000,9999.000
202604230100,   1.124,9999.000,   0.500,  -0.016,   1.608,   0.400,   1.508,   0.600,   1.708
202604230106,   1.177,9999.000,9999.000,9999.000,9999.000,9999.000,9999.000,9999.000,9999.000
202604230112,   1.233,9999.000,9999.000,9999.000,9999.000,9999.000,9999.000,9999.000,9999.000
202604230118,   1.290,9999.000,9999.000,9999.000,9999.000,9999.000,9999.000,9999.000,9999.000
202604230124,   1.351,9999.000,9999.000,9999.000,9999.000,9999.000,9999.000,9999.000,9999.000
202604230130,   1.414,9999.000,9999.000,9999.000,9999.000,9999.000,9999.000,9999.000,9999.000
202604230136,   1.479,9999.000,9999.000,9999.000,9999.000,9999.000,9999.000,9999.000,9999.000
202604230142,   1.547,9999.000,9999.000,9999.000,9999.000,9999.000,9999.000,9999.000,9999.000
202604230148,   1.617,9999.000,9999.000,9999.000,9999.000,9999.000,9999.000,9999.000,9999.000
202604230154,   1.690,9999.000,9999.000,9999.000,9999.000,9999.000,9999.000,9999.000,9999.000
202604230200,   1.765,9999.000,   0.500,  -0.016,   2.249,   0.400,   2.149,   0.600,   2.349
202604230206,   1.843,9999.000,9999.000,9999.000,9999.000,9999.000,9999.000,9999.000,9999.000
202604230212,   1.922,9999.000,9999.000,9999.000,9999.000,9999.000,9999.000,9999.000,9999.000
202604230218,   2.003,9999.000,9999.000,9999.000,9999.000,9999.000,9999.000,9999.000,9999.000
202604230224,   2.086,9999.000,9999.000,9999.000,9999.000,9999.000,9999.000,9999.000,9999.000
202604230230,   2.171,9999.000,9999.000,9999.000,9999.000,9999.000,9999.000,9999.000,9999.000
202604230236,   2.256,9999.000,9999.000,9999.000,9999.000,9999.000,9999.000,9999.000,9999.000
202604230242,   2.343,9999.000,9999.000,9999.000,9999.000,9999.000,9999.000,9999.000,9999.000
202604230248,   2.430,9999.000,9999.000,9999.000,9999.000,9999.000,9999.000,9999.000,9999.000
202604230254,   2.517,9999.000,9999.000,9999.000,9999.000,9999.000,9999.000,9999.000,9999.000
202604230300,   2.605,9999.000,   0.500,  -0.016,   3.089,   0.400,   2.989,   0.600,   3.189
202604230306,   2.692,9999.000,9999.000,9999.000,9999.000,9999.000,9999.000,9999.000,9999.000
202604230312,   2.779,9999.000,9999.000,9999.000,9999.000,9999.000,9999.000,9999.000,9999.000
202604230318,   2.864,9999.000,9999.000,9999.000,9999.000,9999.000,9999.000,9999.000,9999.000
202604230324,   2.949,9999.000,9999.000,9999.000,9999.000,9999.000,9999.000,9999.000,9999.000
202604230330,   3.031,9999.000,9999.000,9999.000,9999.000,9999.000,9999.000,9999.000,9999.000
202604230336,   3.111,9999.000,9999.000,9999.000,9999.000,9999.000,9999.000,9999.000,9999.000
202604230342,   3.189,9999.000,9999.000,9999.000,9999.000,9999.000,9999.000,9999.000,9999.000
202604230348,   3.264,9999.000,9999.000,9999.000,9999.000,9999.000,9999.000,9999.000,9999.000
202604230354,   3.336,9999.000,9999.000,9999.000,9999.000,9999.000,9999.000,9999.000,9999.000
202604230400,   3.404,9999.000,   0.500,  -0.016,   3.888,   0.400,   3.788,   0.600,   3.988
202604230406,   3.468,9999.000,9999.000,9999.000,9999.000,9999.000,9999.000,9999.000,9999.000
202604230412,   3.528,9999.000,9999.000,9999.000,9999.000,9999.000,9999.000,9999.000,9999.000
202604230418,   3.583,9999.000,9999.000,9999.000,9999.000,9999.000,9999.000,9999.000,9999.000
202604230424,   3.633,9999.000,9999.000,9999.000,9999.000,9999.000,9999.000,9999.000,9999.000
202604230430,   3.678,9999.000,9999.000,9999.000,9999.000,9999.000,9999.000,9999.000,9999.000
202604230436,   3.717,9999.000,9999.000,9999.000,9999.000,9999.000,9999.000,9999.000,9999.000
202604230442,   3.751,9999.000,9999.000,9999.000,9999.000,9999.000,9999.000,9999.000,9999.000
202604230448,   3.779,9999.000,9999.000,9999.000,9999.000,9999.000,9999.000,9999.000,9999.000
202604230454,   3.801,9999.000,9999.000,9999.000,9999.000,9999.000,9999.000,9999.000,9999.000
202604230500,   3.817,9999.000,   0.500,  -0.016,   4.301,   0.400,   4.201,   0.600,   4.401
202604230506,   3.827,9999.000,9999.000,9999.000,9999.000,9999.000,9999.000,9999.000,9999.000
202604230512,   3.830,9999.000,9999.000,9999.000,9999.000,9999.000,9999.000,9999.000,9999.000
202604230518,   3.827,9999.000,9999.000,9999.000,9999.000,9999.000,9999.000,9999.000,9999.000
202604230524,   3.818,9999.000,9999.000,9999.000,9999.000,9999.000,9999.000,9999.000,9999.000
202604230530,   3.802,9999.000,9999.000,9999.000,9999.000,9999.000,9999.000,9999.000,9999.000
202604230536,   3.780,9999.000,9999.000,9999.000,9999.000,9999.000,9999.000,9999.000,9999.000
202604230542,   3.752,9999.000,9999.000,9999.000,9999.000,9999.000,9999.000,9999.000,9999.000
202604230548,   3.718,9999.000,9999.000,9999.000,9999.000,9999.000,9999.000,9999.000,9999.000
202604230554,   3.678,9999.000,9999.000,9999.000,9999.000,9999.000,9999.000,9999.000,9999.000
202604230600,   3.632,9999.000,   0.500,  -0.016,   4.116,   0.400,   4.016,   0.600,   4.216
202604230606,   3.580,9999.000,9999.000,9999.000,9999.000,9999.000,9999.000,9999.000,9999.000
202604230612,   3.524,9999.000,9999.000,9999.000,9999.000,9999.000,9999.000,9999.000,9999.000
202604230618,   3.462,9999.000,9999.000,9999.000,9999.000,9999.000,9999.000,9999.000,9999.000
202604230624,   3.395,9999.000,9999.000,9999.000,9999.000,9999.000,9999.000,9999.000,9999.000
202604230630,   3.324,9999.000,9999.000,9999.000,9999.000,9999.000,9999.000,9999.000,9999.000
202604230636,   3.248,9999.000,9999.000,9999.000,9999.000,9999.000,9999.000,9999.000,9999.000
202604230642,   3.169,9999.000,9999.000,9999.000,9999.000,9999.000,9999.000,9999.000,9999.000
202604230648,   3.086,9999.000,9999.000,9999.000,9999.000,9999.000,9999.000,9999.000,9999.000
202604230654,   2.999,9999.000,9999.000,9999.000,9999.000,9999.000,9999.000,9999.000,9999.000
202604230700,   2.910,9999.000,   0.500,  -0.016,   3.394,   0.400,   3.294,   0.600,   3.494
202604230706,   2.819,9999.000,9999.000,9999.000,9999.000,9999.000,9999.000,9999.000,9999.000
202604230712,   2.725,9999.000,9999.000,9999.000,9999.000,9999.000,9999.000,9999.000,9999.000
202604230718,   2.629,9999.000,9999.000,9999.000,9999.000,9999.000,9999.000,9999.000,9999.000
202604230724,   2.532,9999.000,9999.000,9999.000,9999.000,9999.000,9999.000,9999.000,9999.000
202604230730,   2.435,9999.000,9999.000,9999.000,9999.000,9999.000,9999.000,9999.000,9999.000
202604230736,   2.336,9999.000,9999.000,9999.000,9999.000,9999.000,9999.000,9999.000,9999.000
202604230742,   2.238,9999.000,9999.000,9999.000,9999.000,9999.000,9999.000,9999.000,9999.000
202604230748,   2.140,9999.000,9999.000,9999.000,9999.000,9999.000,9999.000,9999.000,9999.000
202604230754,   2.043,9999.000,9999.000,9999.000,9999.000,9999.000,9999.000,9999.000,9999.000
202604230800,   1.946,9999.000,   0.500,  -0.016,   2.430,   0.400,   2.330,   0.600,   2.530
202604230806,   1.851,9999.000,9999.000,9999.000,9999.000,9999.000,9999.000,9999.000,9999.000
202604230812,   1.758,9999.000,9999.000,9999.000,9999.000,9999.000,9999.000,9999.000,9999.000
202604230818,   1.668,9999.000,9999.000,9999.000,9999.000,9999.000,9999.000,9999.000,9999.000
202604230824,   1.579,9999.000,9999.000,9999.000,9999.000,9999.000,9999.000,9999.000,9999.000
202604230830,   1.494,9999.000,9999.000,9999.000,9999.000,9999.000,9999.000,9999.000,9999.000
202604230836,   1.411,9999.000,9999.000,9999.000,9999.000,9999.000,9999.000,9999.000,9999.000
202604230842,   1.332,9999.000,9999.000,9999.000,9999.000,9999.000,9999.000,9999.000,9999.000
202604230848,   1.256,9999.000,9999.000,9999.000,9999.000,9999.000,9999.000,9999.000,9999.000
202604230854,   1.184,9999.000,9999.000,9999.000,9999.000,9999.000,9999.000,9999.000,9999.000
202604230900,   1.115,9999.000,   0.500,  -0.016,   1.599,   0.400,   1.499,   0.600,   1.699
202604230906,   1.051,9999.000,9999.000,9999.000,9999.000,9999.000,9999.000,9999.000,9999.000
202604230912,   0.991,9999.000,9999.000,9999.000,9999.000,9999.000,9999.000,9999.000,9999.000
202604230918,   0.934,9999.000,9999.000,9999.000,9999.000,9999.000,9999.000,9999.000,9999.000
202604230924,   0.882,9999.000,9999.000,9999.000,9999.000,9999.000,9999.000,9999.000,9999.000
202604230930,   0.833,9999.000,9999.000,9999.000,9999.000,9999.000,9999.000,9999.000,9999.000
202604230936,   0.788,9999.000,9999.000,9999.000,9999.000,9999.000,9999.000,9999.000,9999.000
202604230942,   0.747,9999.000,9999.000,9999.000,9999.000,9999.000,9999.000,9999.000,9999.000
202604230948,   0.710,9999.000,9999.000,9999.000,9999.000,9999.000,9999.000,9999.000,9999.000
202604230954,   0.676,9999.000,9999.000,9999.000,9999.000,9999.000,9999.000,9999.000,9999.000
202604231000,   0.646,9999.000,   0.500,  -0.016,   1.130,   0.400,   1.030,   0.600,   1.230
202604231006,   0.618,9999.000,9999.000,9999.000,9999.000,9999.000,9999.000,9999.000,9999.000
202604231012,   0.594,9999.000,9999.000,9999.000,9999.000,9999.000,9999.000,9999.000,9999.000
202604231018,   0.572,9999.000,9999.000,9999.000,9999.000,9999.000,9999.000,9999.000,9999.000
202604231024,   0.552,9999.000,9999.000,9999.000,9999.000,9999.000,9999.000,9999.000,9999.000
202604231030,   0.535,9999.000,9999.000,9999.000,9999.000,9999.000,9999.000,9999.000,9999.000
202604231036,   0.519,9999.000,9999.000,9999.000,9999.000,9999.000,9999.000,9999.000,9999.000
202604231042,   0.505,9999.000,9999.000,9999.000,9999.000,9999.000,9999.000,9999.000,9999.000
202604231048,   0.493,9999.000,9999.000,9999.000,9999.000,9999.000,9999.000,9999.000,9999.000
202604231054,   0.482,9999.000,9999.000,9999.000,9999.000,9999.000,9999.000,9999.000,9999.000
202604231100,   0.473,9999.000,   0.500,  -0.016,   0.957,   0.400,   0.857,   0.600,   1.057
202604231106,   0.464,9999.000,9999.000,9999.000,9999.000,9999.000,9999.000,9999.000,9999.000
202604231112,   0.456,9999.000,9999.000,9999.000,9999.000,9999.000,9999.000,9999.000,9999.000
202604231118,   0.449,9999.000,9999.000,9999.000,9999.000,9999.000,9999.000,9999.000,9999.000
202604231124,   0.443,9999.000,9999.000,9999.000,9999.000,9999.000,9999.000,9999.000,9999.000
202604231130,   0.437,9999.000,9999.000,9999.000,9999.000,9999.000,9999.000,9999.000,9999.000
202604231136,   0.433,9999.000,9999.000,9999.000,9999.000,9999.000,9999.000,9999.000,9999.000
202604231142,   0.429,9999.000,9999.000,9999.000,9999.000,9999.000,9999.000,9999.000,9999.000
202604231148,   0.426,9999.000,9999.000,9999.000,9999.000,9999.000,9999.000,9999.000,9999.000
202604231154,   0.423,9999.000,9999.000,9999.000,9999.000,9999.000,9999.000,9999.000,9999.000
202604231200,   0.422,9999.000,   0.500,  -0.016,   0.906,   0.400,   0.806,   0.600,   1.006
202604231206,   0.422,9999.000,9999.000,9999.000,9999.000,9999.000,9999.000,9999.000,9999.000
202604231212,   0.423,9999.000,9999.000,9999.000,9999.000,9999.000,9999.000,9999.000,9999.000
202604231218,   0.425,9999.000,9999.000,9999.000,9999.000,9999.000,9999.000,9999.000,9999.000
202604231224,   0.429,9999.000,9999.000,9999.000,9999.000,9999.000,9999.000,9999.000,9999.000
202604231230,   0.435,9999.000,9999.000,9999.000,9999.000,9999.000,9999.000,9999.000,9999.000
202604231236,   0.443,9999.000,9999.000,9999.000,9999.000,9999.000,9999.000,9999.000,9999.000
202604231242,   0.453,9999.000,9999.000,9999.000,9999.000,9999.000,9999.000,9999.000,9999.000
202604231248,   0.465,9999.000,9999.000,9999.000,9999.000,9999.000,9999.000,9999.000,9999.000
202604231254,   0.480,9999.000,9999.000,9999.000,9999.000,9999.000,9999.000,9999.000,9999.000
202604231300,   0.498,9999.000,   0.500,  -0.016,   0.982,   0.400,   0.882,   0.500,   0.982
202604231306,   0.518,9999.000,9999.000,9999.000,9999.000,9999.000,9999.000,9999.000,9999.000
202604231312,   0.542,9999.000,9999.000,9999.000,9999.000,9999.000,9999.000,9999.000,9999.000
202604231318,   0.569,9999.000,9999.000,9999.000,9999.000,9999.000,9999.000,9999.000,9999.000
202604231324,   0.600,9999.000,9999.000,9999.000,9999.000,9999.000,9999.000,9999.000,9999.000
202604231330,   0.634,9999.000,9999.000,9999.000,9999.000,9999.000,9999.000,9999.000,9999.000
202604231336,   0.672,9999.000,9999.000,9999.000,9999.000,9999.000,9999.000,9999.000,9999.000
202604231342,   0.714,9999.000,9999.000,9999.000,9999.000,9999.000,9999.000,9999.000,9999.000
202604231348,   0.759,9999.000,9999.000,9999.000,9999.000,9999.000,9999.000,9999.000,9999.000
202604231354,   0.809,9999.000,9999.000,9999.000,9999.000,9999.000,9999.000,9999.000,9999.000
202604231400,   0.862,9999.000,   0.500,  -0.016,   1.346,   0.400,   1.246,   0.600,   1.446
202604231406,   0.919,9999.000,9999.000,9999.000,9999.000,9999.000,9999.000,9999.000,9999.000
202604231412,   0.980,9999.000,9999.000,9999.000,9999.000,9999.000,9999.000,9999.000,9999.000
202604231418,   1.045,9999.000,9999.000,9999.000,9999.000,9999.000,9999.000,9999.000,9999.000
202604231424,   1.113,9999.000,9999.000,9999.000,9999.000,9999.000,9999.000,9999.000,9999.000
202604231430,   1.185,9999.000,9999.000,9999.000,9999.000,9999.000,9999.000,9999.000,9999.000
202604231436,   1.260,9999.000,9999.000,9999.000,9999.000,9999.000,9999.000,9999.000,9999.000
202604231442,   1.339,9999.000,9999.000,9999.000,9999.000,9999.000,9999.000,9999.000,9999.000
202604231448,   1.420,9999.000,9999.000,9999.000,9999.000,9999.000,9999.000,9999.000,9999.000
202604231454,   1.504,9999.000,9999.000,9999.000,9999.000,9999.000,9999.000,9999.000,9999.000
202604231500,   1.590,9999.000,   0.500,  -0.016,   2.074,   0.400,   1.974,   0.500,   2.074
202604231506,   1.679,9999.000,9999.000,9999.000,9999.000,9999.000,9999.000,9999.000,9999.000
202604231512,   1.769,9999.000,9999.000,9999.000,9999.000,9999.000,9999.000,9999.000,9999.000
202604231518,   1.861,9999.000,9999.000,9999.000,9999.000,9999.000,9999.000,9999.000,9999.000
202604231524,   1.953,9999.000,9999.000,9999.000,9999.000,9999.000,9999.000,9999.000,9999.000
202604231530,   2.047,9999.000,9999.000,9999.000,9999.000,9999.000,9999.000,9999.000,9999.000
202604231536,   2.140,9999.000,9999.000,9999.000,9999.000,9999.000,9999.000,9999.000,9999.000
202604231542,   2.234,9999.000,9999.000,9999.000,9999.000,9999.000,9999.000,9999.000,9999.000
202604231548,   2.326,9999.000,9999.000,9999.000,9999.000,9999.000,9999.000,9999.000,9999.000
202604231554,   2.418,9999.000,9999.000,9999.000,9999.000,9999.000,9999.000,9999.000,9999.000
202604231600,   2.508,9999.000,   0.500,  -0.016,   2.992,   0.400,   2.892,   0.600,   3.092
202604231606,   2.596,9999.000,9999.000,9999.000,9999.000,9999.000,9999.000,9999.000,9999.000
202604231612,   2.682,9999.000,9999.000,9999.000,9999.000,9999.000,9999.000,9999.000,9999.000
202604231618,   2.765,9999.000,9999.000,9999.000,9999.000,9999.000,9999.000,9999.000,9999.000
202604231624,   2.845,9999.000,9999.000,9999.000,9999.000,9999.000,9999.000,9999.000,9999.000
202604231630,   2.921,9999.000,9999.000,9999.000,9999.000,9999.000,9999.000,9999.000,9999.000
202604231636,   2.992,9999.000,9999.000,9999.000,9999.000,9999.000,9999.000,9999.000,9999.000
202604231642,   3.060,9999.000,9999.000,9999.000,9999.000,9999.000,9999.000,9999.000,9999.000
202604231648,   3.122,9999.000,9999.000,9999.000,9999.000,9999.000,9999.000,9999.000,9999.000
202604231654,   3.179,9999.000,9999.000,9999.000,9999.000,9999.000,9999.000,9999.000,9999.000
202604231700,   3.231,9999.000,   0.500,  -0.016,   3.715,   0.400,   3.615,   0.600,   3.815
202604231706,   3.277,9999.000,9999.000,9999.000,9999.000,9999.000,9999.000,9999.000,9999.000
202604231712,   3.317,9999.000,9999.000,9999.000,9999.000,9999.000,9999.000,9999.000,9999.000
202604231718,   3.351,9999.000,9999.000,9999.000,9999.000,9999.000,9999.000,9999.000,9999.000
202604231724,   3.378,9999.000,9999.000,9999.000,9999.000,9999.000,9999.000,9999.000,9999.000
202604231730,   3.399,9999.000,9999.000,9999.000,9999.000,9999.000,9999.000,9999.000,9999.000
202604231736,   3.413,9999.000,9999.000,9999.000,9999.000,9999.000,9999.000,9999.000,9999.000
202604231742,   3.420,9999.000,9999.000,9999.000,9999.000,9999.000,9999.000,9999.000,9999.000
202604231748,   3.421,9999.000,9999.000,9999.000,9999.000,9999.000,9999.000,9999.000,9999.000
202604231754,   3.415,9999.000,9999.000,9999.000,9999.000,9999.000,9999.000,9999.000,9999.000
202604231800,   3.402,9999.000,   0.500,  -0.016,   3.886,   0.400,   3.786,   0.600,   3.986
202604231806,   3.382,9999.000,9999.000,9999.000,9999.000,9999.000,9999.000,9999.000,9999.000
202604231812,   3.356,9999.000,9999.000,9999.000,9999.000,9999.000,9999.000,9999.000,9999.000
202604231818,   3.324,9999.000,9999.000,9999.000,9999.000,9999.000,9999.000,9999.000,9999.000
202604231824,   3.285,9999.000,9999.000,9999.000,9999.000,9999.000,9999.000,9999.000,9999.000
202604231830,   3.240,9999.000,9999.000,9999.000,9999.000,9999.000,9999.000,9999.000,9999.000
202604231836,   3.190,9999.000,9999.000,9999.000,9999.000,9999.000,9999.000,9999.000,9999.000
202604231842,   3.134,9999.000,9999.000,9999.000,9999.000,9999.000,9999.000,9999.000,9999.000
202604231848,   3.073,9999.000,9999.000,9999.000,9999.000,9999.000,9999.000,9999.000,9999.000
202604231854,   3.007,9999.000,9999.000,9999.000,9999.000,9999.000,9999.000,9999.000,9999.000
202604231900,   2.936,9999.000,   0.500,  -0.016,   3.420,   0.400,   3.320,   0.600,   3.520
202604231906,   2.861,9999.000,9999.000,9999.000,9999.000,9999.000,9999.000,9999.000,9999.000
202604231912,   2.782,9999.000,9999.000,9999.000,9999.000,9999.000,9999.000,9999.000,9999.000
202604231918,   2.699,9999.000,9999.000,9999.000,9999.000,9999.000,9999.000,9999.000,9999.000
202604231924,   2.614,9999.000,9999.000,9999.000,9999.000,9999.000,9999.000,9999.000,9999.000
202604231930,   2.526,9999.000,9999.000,9999.000,9999.000,9999.000,9999.000,9999.000,9999.000
202604231936,   2.435,9999.000,9999.000,9999.000,9999.000,9999.000,9999.000,9999.000,9999.000
202604231942,   2.343,9999.000,9999.000,9999.000,9999.000,9999.000,9999.000,9999.000,9999.000
202604231948,   2.249,9999.000,9999.000,9999.000,9999.000,9999.000,9999.000,9999.000,9999.000
202604231954,   2.154,9999.000,9999.000,9999.000,9999.000,9999.000,9999.000,9999.000,9999.000
202604232000,   2.059,9999.000,   0.500,  -0.016,   2.543,   0.400,   2.443,   0.600,   2.643
202604232006,   1.964,9999.000,9999.000,9999.000,9999.000,9999.000,9999.000,9999.000,9999.000
202604232012,   1.869,9999.000,9999.000,9999.000,9999.000,9999.000,9999.000,9999.000,9999.000
202604232018,   1.775,9999.000,9999.000,9999.000,9999.000,9999.000,9999.000,9999.000,9999.000
202604232024,   1.682,9999.000,9999.000,9999.000,9999.000,9999.000,9999.000,9999.000,9999.000
202604232030,   1.591,9999.000,9999.000,9999.000,9999.000,9999.000,9999.000,9999.000,9999.000
202604232036,   1.502,9999.000,9999.000,9999.000,9999.000,9999.000,9999.000,9999.000,9999.000
202604232042,   1.415,9999.000,9999.000,9999.000,9999.000,9999.000,9999.000,9999.000,9999.000
202604232048,   1.331,9999.000,9999.000,9999.000,9999.000,9999.000,9999.000,9999.000,9999.000
202604232054,   1.250,9999.000,9999.000,9999.000,9999.000,9999.000,9999.000,9999.000,9999.000
202604232100,   1.173,9999.000,   0.500,  -0.016,   1.657,   0.400,   1.557,   0.600,   1.757
202604232106,   1.099,9999.000,9999.000,9999.000,9999.000,9999.000,9999.000,9999.000,9999.000
202604232112,   1.029,9999.000,9999.000,9999.000,9999.000,9999.000,9999.000,9999.000,9999.000
202604232118,   0.963,9999.000,9999.000,9999.000,9999.000,9999.000,9999.000,9999.000,9999.000
202604232124,   0.901,9999.000,9999.000,9999.000,9999.000,9999.000,9999.000,9999.000,9999.000
202604232130,   0.844,9999.000,9999.000,9999.000,9999.000,9999.000,9999.000,9999.000,9999.000
202604232136,   0.791,9999.000,9999.000,9999.000,9999.000,9999.000,9999.000,9999.000,9999.000
202604232142,   0.742,9999.000,9999.000,9999.000,9999.000,9999.000,9999.000,9999.000,9999.000
202604232148,   0.698,9999.000,9999.000,9999.000,9999.000,9999.000,9999.000,9999.000,9999.000
202604232154,   0.659,9999.000,9999.000,9999.000,9999.000,9999.000,9999.000,9999.000,9999.000
202604232200,   0.624,9999.000,   0.500,  -0.016,   1.108,   0.400,   1.008,   0.600,   1.208
202604232206,   0.593,9999.000,9999.000,9999.000,9999.000,9999.000,9999.000,9999.000,9999.000
202604232212,   0.566,9999.000,9999.000,9999.000,9999.000,9999.000,9999.000,9999.000,9999.000
202604232218,   0.543,9999.000,9999.000,9999.000,9999.000,9999.000,9999.000,9999.000,9999.000
202604232224,   0.524,9999.000,9999.000,9999.000,9999.000,9999.000,9999.000,9999.000,9999.000
202604232230,   0.509,9999.000,9999.000,9999.000,9999.000,9999.000,9999.000,9999.000,9999.000
202604232236,   0.497,9999.000,9999.000,9999.000,9999.000,9999.000,9999.000,9999.000,9999.000
202604232242,   0.488,9999.000,9999.000,9999.000,9999.000,9999.000,9999.000,9999.000,9999.000
202604232248,   0.481,9999.000,9999.000,9999.000,9999.000,9999.000,9999.000,9999.000,9999.000
202604232254,   0.478,9999.000,9999.000,9999.000,9999.000,9999.000,9999.000,9999.000,9999.000
202604232300,   0.477,9999.000,   0.500,  -0.016,   0.961,   0.400,   0.861,   0.600,   1.061
202604232306,   0.478,9999.000,9999.000,9999.000,9999.000,9999.000,9999.000,9999.000,9999.000
202604232312,   0.480,9999.000,9999.000,9999.000,9999.000,9999.000,9999.000,9999.000,9999.000
202604232318,   0.485,9999.000,9999.000,9999.000,9999.000,9999.000,9999.000,9999.000,9999.000
202604232324,   0.491,9999.000,9999.000,9999.000,9999.000,9999.000,9999.000,9999.000,9999.000
202604232330,   0.498,9999.000,9999.000,9999.000,9999.000,9999.000,9999.000,9999.000,9999.000
202604232336,   0.506,9999.000,9999.000,9999.000,9999.000,9999.000,9999.000,9999.000,9999.000
202604232342,   0.515,9999.000,9999.000,9999.000,9999.000,9999.000,9999.000,9999.000,9999.000
202604232348,   0.525,9999.000,9999.000,9999.000,9999.000,9999.000,9999.000,9999.000,9999.000
202604232354,   0.536,9999.000,9999.000,9999.000,9999.000,9999.000,9999.000,9999.000,9999.000
202604240000,   0.547,9999.000,   0.600,  -0.016,   1.131,   0.500,   1.031,   0.600,   1.131
202604240006,   0.559,9999.000,9999.000,9999.000,9999.000,9999.000,9999.000,9999.000,9999.000
202604240012,   0.572,9999.000,9999.000,9999.000,9999.000,9999.000,9999.000,9999.000,9999.000
202604240018,   0.585,9999.000,9999.000,9999.000,9999.000,9999.000,9999.000,9999.000,9999.000
202604240024,   0.599,9999.000,9999.000,9999.000,9999.000,9999.000,9999.000,9999.000,9999.000
202604240030,   0.613,9999.000,9999.000,9999.000,9999.000,9999.000,9999.000,9999.000,9999.000
202604240036,   0.628,9999.000,9999.000,9999.000,9999.000,9999.000,9999.000,9999.000,9999.000
202604240042,   0.645,9999.000,9999.000,9999.000,9999.000,9999.000,9999.000,9999.000,9999.000
202604240048,   0.662,9999.000,9999.000,9999.000,9999.000,9999.000,9999.000,9999.000,9999.000
202604240054,   0.681,9999.000,9999.000,9999.000,9999.000,9999.000,9999.000,9999.000,9999.000
202604240100,   0.700,9999.000,   0.500,  -0.016,   1.184,   0.400,   1.084,   0.600,   1.284
202604240106,   0.722,9999.000,9999.000,9999.000,9999.000,9999.000,9999.000,9999.000,9999.000
202604240112,   0.744,9999.000,9999.000,9999.000,9999.000,9999.000,9999.000,9999.000,9999.000
202604240118,   0.769,9999.000,9999.000,9999.000,9999.000,9999.000,9999.000,9999.000,9999.000
202604240124,   0.796,9999.000,9999.000,9999.000,9999.000,9999.000,9999.000,9999.000,9999.000
202604240130,   0.824,9999.000,9999.000,9999.000,9999.000,9999.000,9999.000,9999.000,9999.000
202604240136,   0.855,9999.000,9999.000,9999.000,9999.000,9999.000,9999.000,9999.000,9999.000
202604240142,   0.889,9999.000,9999.000,9999.000,9999.000,9999.000,9999.000,9999.000,9999.000
202604240148,   0.925,9999.000,9999.000,9999.000,9999.000,9999.000,9999.000,9999.000,9999.000
202604240154,   0.963,9999.000,9999.000,9999.000,9999.000,9999.000,9999.000,9999.000,9999.000
202604240200,   1.004,9999.000,   0.500,  -0.016,   1.488,   0.400,   1.388,   0.600,   1.588
202604240206,   1.049,9999.000,9999.000,9999.000,9999.000,9999.000,9999.000,9999.000,9999.000
202604240212,   1.096,9999.000,9999.000,9999.000,9999.000,9999.000,9999.000,9999.000,9999.000
202604240218,   1.146,9999.000,9999.000,9999.000,9999.000,9999.000,9999.000,9999.000,9999.000
202604240224,   1.199,9999.000,9999.000,9999.000,9999.000,9999.000,9999.000,9999.000,9999.000
202604240230,   1.255,9999.000,9999.000,9999.000,9999.000,9999.000,9999.000,9999.000,9999.000
202604240236,   1.314,9999.000,9999.000,9999.000,9999.000,9999.000,9999.000,9999.000,9999.000
202604240242,   1.376,9999.000,9999.000,9999.000,9999.000,9999.000,9999.000,9999.000,9999.000
202604240248,   1.441,9999.000,9999.000,9999.000,9999.000,9999.000,9999.000,9999.000,9999.000
202604240254,   1.508,9999.000,9999.000,9999.000,9999.000,9999.000,9999.000,9999.000,9999.000
202604240300,   1.579,9999.000,   0.500,  -0.016,   2.063,   0.400,   1.963,   0.600,   2.163
202604240306,   1.652,9999.000,9999.000,9999.000,9999.000,9999.000,9999.000,9999.000,9999.000
202604240312,   1.727,9999.000,9999.000,9999.000,9999.000,9999.000,9999.000,9999.000,9999.000
202604240318,   1.805,9999.000,9999.000,9999.000,9999.000,9999.000,9999.000,9999.000,9999.000
202604240324,   1.884,9999.000,9999.000,9999.000,9999.000,9999.000,9999.000,9999.000,9999.000
202604240330,   1.966,9999.000,9999.000,9999.000,9999.000,9999.000,9999.000,9999.000,9999.000
202604240336,   2.049,9999.000,9999.000,9999.000,9999.000,9999.000,9999.000,9999.000,9999.000
202604240342,   2.133,9999.000,9999.000,9999.000,9999.000,9999.000,9999.000,9999.000,9999.000
202604240348,   2.218,9999.000,9999.000,9999.000,9999.000,9999.000,9999.000,9999.000,9999.000
202604240354,   2.303,9999.000,9999.000,9999.000,9999.000,9999.000,9999.000,9999.000,9999.000
202604240400,   2.389,9999.000,   0.500,  -0.016,   2.873,   0.400,   2.773,   0.600,   2.973
202604240406,   2.475,9999.000,9999.000,9999.000,9999.000,9999.000,9999.000,9999.000,9999.000
202604240412,   2.560,9999.000,9999.000,9999.000,9999.000,9999.000,9999.000,9999.000,9999.000
202604240418,   2.644,9999.000,9999.000,9999.000,9999.000,9999.000,9999.000,9999.000,9999.000
202604240424,   2.727,9999.000,9999.000,9999.000,9999.000,9999.000,9999.000,9999.000,9999.000
202604240430,   2.809,9999.000,9999.000,9999.000,9999.000,9999.000,9999.000,9999.000,9999.000
202604240436,   2.888,9999.000,9999.000,9999.000,9999.000,9999.000,9999.000,9999.000,9999.000
202604240442,   2.965,9999.000,9999.000,9999.000,9999.000,9999.000,9999.000,9999.000,9999.000
202604240448,   3.040,9999.000,9999.000,9999.000,9999.000,9999.000,9999.000,9999.000,9999.000
202604240454,   3.111,9999.000,9999.000,9999.000,9999.000,9999.000,9999.000,9999.000,9999.000
202604240500,   3.178,9999.000,   0.500,  -0.016,   3.662,   0.400,   3.562,   0.700,   3.862
202604240506,   3.242,9999.000,9999.000,9999.000,9999.000,9999.000,9999.000,9999.000,9999.000
202604240512,   3.302,9999.000,9999.000,9999.000,9999.000,9999.000,9999.000,9999.000,9999.000
202604240518,   3.357,9999.000,9999.000,9999.000,9999.000,9999.000,9999.000,9999.000,9999.000
202604240524,   3.407,9999.000,9999.000,9999.000,9999.000,9999.000,9999.000,9999.000,9999.000
202604240530,   3.452,9999.000,9999.000,9999.000,9999.000,9999.000,9999.000,9999.000,9999.000
202604240536,   3.492,9999.000,9999.000,9999.000,9999.000,9999.000,9999.000,9999.000,9999.000
202604240542,   3.527,9999.000,9999.000,9999.000,9999.000,9999.000,9999.000,9999.000,9999.000
202604240548,   3.556,9999.000,9999.000,9999.000,9999.000,9999.000,9999.000,9999.000,9999.000
202604240554,   3.579,9999.000,9999.000,9999.000,9999.000,9999.000,9999.000,9999.000,9999.000
202604240600,   3.597,9999.000,   0.500,  -0.016,   4.081,   0.500,   4.081,   0.600,   4.181
202604240606,   3.608,9999.000,9999.000,9999.000,9999.000,9999.000,9999.000,9999.000,9999.000
202604240612,   3.614,9999.000,9999.000,9999.000,9999.000,9999.000,9999.000,9999.000,9999.000
202604240618,   3.614,9999.000,9999.000,9999.000,9999.000,9999.000,9999.000,9999.000,9999.000
202604240624,   3.608,9999.000,9999.000,9999.000,9999.000,9999.000,9999.000,9999.000,9999.000
202604240630,   3.595,9999.000,9999.000,9999.000,9999.000,9999.000,9999.000,9999.000,9999.000
202604240636,   3.578,9999.000,9999.000,9999.000,9999.000,9999.000,9999.000,9999.000,9999.000
202604240642,   3.554,9999.000,9999.000,9999.000,9999.000,9999.000,9999.000,9999.000,9999.000
202604240648,   3.525,9999.000,9999.000,9999.000,9999.000,9999.000,9999.000,9999.000,9999.000
202604240654,   3.490,9999.000,9999.000,9999.000,9999.000,9999.000,9999.000,9999.000,9999.000
202604240700,   3.451,9999.000,   0.600,  -0.016,   4.035,   0.500,   3.935,   0.700,   4.135
202604240706,   3.406,9999.000,9999.000,9999.000,9999.000,9999.000,9999.000,9999.000,9999.000
202604240712,   3.357,9999.000,9999.000,9999.000,9999.000,9999.000,9999.000,9999.000,9999.000
202604240718,   3.303,9999.000,9999.000,9999.000,9999.000,9999.000,9999.000,9999.000,9999.000
202604240724,   3.244,9999.000,9999.000,9999.000,9999.000,9999.000,9999.000,9999.000,9999.000
202604240730,   3.182,9999.000,9999.000,9999.000,9999.000,9999.000,9999.000,9999.000,9999.000
202604240736,   3.116,9999.000,9999.000,9999.000,9999.000,9999.000,9999.000,9999.000,9999.000
202604240742,   3.047,9999.000,9999.000,9999.000,9999.000,9999.000,9999.000,9999.000,9999.000
202604240748,   2.974,9999.000,9999.000,9999.000,9999.000,9999.000,9999.000,9999.000,9999.000
202604240754,   2.899,9999.000,9999.000,9999.000,9999.000,9999.000,9999.000,9999.000,9999.000
202604240800,   2.821,9999.000,   0.600,  -0.016,   3.405,   0.500,   3.305,   0.700,   3.505
202604240806,   2.741,9999.000,9999.000,9999.000,9999.000,9999.000,9999.000,9999.000,9999.000
202604240812,   2.660,9999.000,9999.000,9999.000,9999.000,9999.000,9999.000,9999.000,9999.000
202604240818,   2.577,9999.000,9999.000,9999.000,9999.000,9999.000,9999.000,9999.000,9999.000
202604240824,   2.493,9999.000,9999.000,9999.000,9999.000,9999.000,9999.000,9999.000,9999.000
202604240830,   2.408,9999.000,9999.000,9999.000,9999.000,9999.000,9999.000,9999.000,9999.000
202604240836,   2.323,9999.000,9999.000,9999.000,9999.000,9999.000,9999.000,9999.000,9999.000
202604240842,   2.238,9999.000,9999.000,9999.000,9999.000,9999.000,9999.000,9999.000,9999.000
202604240848,   2.153,9999.000,9999.000,9999.000,9999.000,9999.000,9999.000,9999.000,9999.000
202604240854,   2.069,9999.000,9999.000,9999.000,9999.000,9999.000,9999.000,9999.000,9999.000
202604240900,   1.986,9999.000,   0.600,  -0.016,   2.570,   0.500,   2.470,   0.700,   2.670
202604240906,   1.905,9999.000,9999.000,9999.000,9999.000,9999.000,9999.000,9999.000,9999.000
202604240912,   1.824,9999.000,9999.000,9999.000,9999.000,9999.000,9999.000,9999.000,9999.000
202604240918,   1.746,9999.000,9999.000,9999.000,9999.000,9999.000,9999.000,9999.000,9999.000
202604240924,   1.670,9999.000,9999.000,9999.000,9999.000,9999.000,9999.000,9999.000,9999.000
202604240930,   1.596,9999.000,9999.000,9999.000,9999.000,9999.000,9999.000,9999.000,9999.000
202604240936,   1.524,9999.000,9999.000,9999.000,9999.000,9999.000,9999.000,9999.000,9999.000
202604240942,   1.456,9999.000,9999.000,9999.000,9999.000,9999.000,9999.000,9999.000,9999.000
202604240948,   1.390,9999.000,9999.000,9999.000,9999.000,9999.000,9999.000,9999.000,9999.000
202604240954,   1.327,9999.000,9999.000,9999.000,9999.000,9999.000,9999.000,9999.000,9999.000
202604241000,   1.267,9999.000,   0.600,  -0.016,   1.851,   0.600,   1.851,   0.700,   1.951
202604241006,   1.210,9999.000,9999.000,9999.000,9999.000,9999.000,9999.000,9999.000,9999.000
202604241012,   1.156,9999.000,9999.000,9999.000,9999.000,9999.000,9999.000,9999.000,9999.000
202604241018,   1.105,9999.000,9999.000,9999.000,9999.000,9999.000,9999.000,9999.000,9999.000
202604241024,   1.057,9999.000,9999.000,9999.000,9999.000,9999.000,9999.000,9999.000,9999.000
202604241030,   1.013,9999.000,9999.000,9999.000,9999.000,9999.000,9999.000,9999.000,9999.000
202604241036,   0.971,9999.000,9999.000,9999.000,9999.000,9999.000,9999.000,9999.000,9999.000
202604241042,   0.931,9999.000,9999.000,9999.000,9999.000,9999.000,9999.000,9999.000,9999.000
202604241048,   0.895,9999.000,9999.000,9999.000,9999.000,9999.000,9999.000,9999.000,9999.000
202604241054,   0.860,9999.000,9999.000,9999.000,9999.000,9999.000,9999.000,9999.000,9999.000
202604241100,   0.829,9999.000,   0.600,  -0.016,   1.413,   0.600,   1.413,   0.700,   1.513
202604241106,   0.799,9999.000,9999.000,9999.000,9999.000,9999.000,9999.000,9999.000,9999.000
202604241112,   0.771,9999.000,9999.000,9999.000,9999.000,9999.000,9999.000,9999.000,9999.000
202604241118,   0.745,9999.000,9999.000,9999.000,9999.000,9999.000,9999.000,9999.000,9999.000
202604241124,   0.720,9999.000,9999.000,9999.000,9999.000,9999.000,9999.000,9999.000,9999.000
202604241130,   0.697,9999.000,9999.000,9999.000,9999.000,9999.000,9999.000,9999.000,9999.000
202604241136,   0.676,9999.000,9999.000,9999.000,9999.000,9999.000,9999.000,9999.000,9999.000
202604241142,   0.655,9999.000,9999.000,9999.000,9999.000,9999.000,9999.000,9999.000,9999.000
202604241148,   0.635,9999.000,9999.000,9999.000,9999.000,9999.000,9999.000,9999.000,9999.000
202604241154,   0.617,9999.000,9999.000,9999.000,9999.000,9999.000,9999.000,9999.000,9999.000
202604241200,   0.599,9999.000,   0.600,  -0.016,   1.183,   0.600,   1.183,   0.700,   1.283
202604241206,   0.581,9999.000,9999.000,9999.000,9999.000,9999.000,9999.000,9999.000,9999.000
202604241212,   0.565,9999.000,9999.000,9999.000,9999.000,9999.000,9999.000,9999.000,9999.000
202604241218,   0.549,9999.000,9999.000,9999.000,9999.000,9999.000,9999.000,9999.000,9999.000
202604241224,   0.534,9999.000,9999.000,9999.000,9999.000,9999.000,9999.000,9999.000,9999.000
202604241230,   0.519,9999.000,9999.000,9999.000,9999.000,9999.000,9999.000,9999.000,9999.000
202604241236,   0.506,9999.000,9999.000,9999.000,9999.000,9999.000,9999.000,9999.000,9999.000
202604241242,   0.493,9999.000,9999.000,9999.000,9999.000,9999.000,9999.000,9999.000,9999.000
202604241248,   0.481,9999.000,9999.000,9999.000,9999.000,9999.000,9999.000,9999.000,9999.000
202604241254,   0.471,9999.000,9999.000,9999.000,9999.000,9999.000,9999.000,9999.000,9999.000
202604241300,   0.462,9999.000,   0.600,  -0.016,   1.046,   0.600,   1.046,   0.700,   1.146
202604241306,   0.454,9999.000,9999.000,9999.000,9999.000,9999.000,9999.000,9999.000,9999.000
202604241312,   0.448,9999.000,9999.000,9999.000,9999.000,9999.000,9999.000,9999.000,9999.000
202604241318,   0.444,9999.000,9999.000,9999.000,9999.000,9999.000,9999.000,9999.000,9999.000
202604241324,   0.441,9999.000,9999.000,9999.000,9999.000,9999.000,9999.000,9999.000,9999.000
202604241330,   0.441,9999.000,9999.000,9999.000,9999.000,9999.000,9999.000,9999.000,9999.000
202604241336,   0.444,9999.000,9999.000,9999.000,9999.000,9999.000,9999.000,9999.000,9999.000
202604241342,   0.449,9999.000,9999.000,9999.000,9999.000,9999.000,9999.000,9999.000,9999.000
202604241348,   0.457,9999.000,9999.000,9999.000,9999.000,9999.000,9999.000,9999.000,9999.000
202604241354,   0.469,9999.000,9999.000,9999.000,9999.000,9999.000,9999.000,9999.000,9999.000
202604241400,   0.483,9999.000,   0.600,  -0.016,   1.067,   0.600,   1.067,   0.700,   1.167
202604241406,   0.501,9999.000,9999.000,9999.000,9999.000,9999.000,9999.000,9999.000,9999.000
202604241412,   0.523,9999.000,9999.000,9999.000,9999.000,9999.000,9999.000,9999.000,9999.000
202604241418,   0.548,9999.000,9999.000,9999.000,9999.000,9999.000,9999.000,9999.000,9999.000
202604241424,   0.577,9999.000,9999.000,9999.000,9999.000,9999.000,9999.000,9999.000,9999.000
202604241430,   0.610,9999.000,9999.000,9999.000,9999.000,9999.000,9999.000,9999.000,9999.000
202604241436,   0.648,9999.000,9999.000,9999.000,9999.000,9999.000,9999.000,9999.000,9999.000
202604241442,   0.689,9999.000,9999.000,9999.000,9999.000,9999.000,9999.000,9999.000,9999.000
202604241448,   0.735,9999.000,9999.000,9999.000,9999.000,9999.000,9999.000,9999.000,9999.000
202604241454,   0.785,9999.000,9999.000,9999.000,9999.000,9999.000,9999.000,9999.000,9999.000
202604241500,   0.839,9999.000,   0.700,  -0.016,   1.523,   0.600,   1.423,   0.800,   1.623
202604241506,   0.897,9999.000,9999.000,9999.000,9999.000,9999.000,9999.000,9999.000,9999.000
202604241512,   0.959,9999.000,9999.000,9999.000,9999.000,9999.000,9999.000,9999.000,9999.000
202604241518,   1.025,9999.000,9999.000,9999.000,9999.000,9999.000,9999.000,9999.000,9999.000
202604241524,   1.095,9999.000,9999.000,9999.000,9999.000,9999.000,9999.000,9999.000,9999.000
202604241530,   1.168,9999.000,9999.000,9999.000,9999.000,9999.000,9999.000,9999.000,9999.000
202604241536,   1.246,9999.000,9999.000,9999.000,9999.000,9999.000,9999.000,9999.000,9999.000
202604241542,   1.326,9999.000,9999.000,9999.000,9999.000,9999.000,9999.000,9999.000,9999.000
202604241548,   1.409,9999.000,9999.000,9999.000,9999.000,9999.000,9999.000,9999.000,9999.000
202604241554,   1.495,9999.000,9999.000,9999.000,9999.000,9999.000,9999.000,9999.000,9999.000
202604241600,   1.583,9999.000,   0.700,  -0.016,   2.267,   0.600,   2.167,   0.800,   2.367
202604241606,   1.674,9999.000,9999.000,9999.000,9999.000,9999.000,9999.000,9999.000,9999.000
202604241612,   1.766,9999.000,9999.000,9999.000,9999.000,9999.000,9999.000,9999.000,9999.000
202604241618,   1.859,9999.000,9999.000,9999.000,9999.000,9999.000,9999.000,9999.000,9999.000
202604241624,   1.953,9999.000,9999.000,9999.000,9999.000,9999.000,9999.000,9999.000,9999.000
202604241630,   2.048,9999.000,9999.000,9999.000,9999.000,9999.000,9999.000,9999.000,9999.000
202604241636,   2.143,9999.000,9999.000,9999.000,9999.000,9999.000,9999.000,9999.000,9999.000
202604241642,   2.238,9999.000,9999.000,9999.000,9999.000,9999.000,9999.000,9999.000,9999.000
202604241648,   2.331,9999.000,9999.000,9999.000,9999.000,9999.000,9999.000,9999.000,9999.000
202604241654,   2.424,9999.000,9999.000,9999.000,9999.000,9999.000,9999.000,9999.000,9999.000
202604241700,   2.515,9999.000,   0.700,  -0.016,   3.199,   0.600,   3.099,   0.800,   3.299
202604241706,   2.603,9999.000,9999.000,9999.000,9999.000,9999.000,9999.000,9999.000,9999.000
202604241712,   2.689,9999.000,9999.000,9999.000,9999.000,9999.000,9999.000,9999.000,9999.000
202604241718,   2.772,9999.000,9999.000,9999.000,9999.000,9999.000,9999.000,9999.000,9999.000
202604241724,   2.852,9999.000,9999.000,9999.000,9999.000,9999.000,9999.000,9999.000,9999.000
202604241730,   2.927,9999.000,9999.000,9999.000,9999.000,9999.000,9999.000,9999.000,9999.000
202604241736,   2.999,9999.000,9999.000,9999.000,9999.000,9999.000,9999.000,9999.000,9999.000
202604241742,   3.066,9999.000,9999.000,9999.000,9999.000,9999.000,9999.000,9999.000,9999.000
202604241748,   3.128,9999.000,9999.000,9999.000,9999.000,9999.000,9999.000,9999.000,9999.000
202604241754,   3.185,9999.000,9999.000,9999.000,9999.000,9999.000,9999.000,9999.000,9999.000
202604241800,   3.236,9999.000,   0.700,  -0.016,   3.920,   0.600,   3.820,   0.800,   4.020
202604241806,   3.282,9999.000,9999.000,9999.000,9999.000,9999.000,9999.000,9999.000,9999.000
202604241812,   3.322,9999.000,9999.000,9999.000,9999.000,9999.000,9999.000,9999.000,9999.000
202604241818,   3.355,9999.000,9999.000,9999.000,9999.000,9999.000,9999.000,9999.000,9999.000
202604241824,   3.383,9999.000,9999.000,9999.000,9999.000,9999.000,9999.000,9999.000,9999.000
202604241830,   3.404,9999.000,9999.000,9999.000,9999.000,9999.000,9999.000,9999.000,9999.000
202604241836,   3.419,9999.000,9999.000,9999.000,9999.000,9999.000,9999.000,9999.000,9999.000
202604241842,   3.428,9999.000,9999.000,9999.000,9999.000,9999.000,9999.000,9999.000,9999.000
202604241848,   3.430,9999.000,9999.000,9999.000,9999.000,9999.000,9999.000,9999.000,9999.000
202604241854,   3.426,9999.000,9999.000,9999.000,9999.000,9999.000,9999.000,9999.000,9999.000
202604241900,   3.416,9999.000,   0.700,  -0.016,   4.100,   0.600,   4.000,   0.800,   4.200
202604241906,   3.400,9999.000,9999.000,9999.000,9999.000,9999.000,9999.000,9999.000,9999.000
202604241912,   3.377,9999.000,9999.000,9999.000,9999.000,9999.000,9999.000,9999.000,9999.000
202604241918,   3.349,9999.000,9999.000,9999.000,9999.000,9999.000,9999.000,9999.000,9999.000
202604241924,   3.315,9999.000,9999.000,9999.000,9999.000,9999.000,9999.000,9999.000,9999.000
202604241930,   3.275,9999.000,9999.000,9999.000,9999.000,9999.000,9999.000,9999.000,9999.000
202604241936,   3.231,9999.000,9999.000,9999.000,9999.000,9999.000,9999.000,9999.000,9999.000
202604241942,   3.181,9999.000,9999.000,9999.000,9999.000,9999.000,9999.000,9999.000,9999.000
202604241948,   3.127,9999.000,9999.000,9999.000,9999.000,9999.000,9999.000,9999.000,9999.000
202604241954,   3.068,9999.000,9999.000,9999.000,9999.000,9999.000,9999.000,9999.000,9999.000
202604242000,   3.005,9999.000,   0.700,  -0.016,   3.689,   0.700,   3.689,   0.800,   3.789
202604242006,   2.938,9999.000,9999.000,9999.000,9999.000,9999.000,9999.000,9999.000,9999.000
202604242012,   2.868,9999.000,9999.000,9999.000,9999.000,9999.000,9999.000,9999.000,9999.000
202604242018,   2.794,9999.000,9999.000,9999.000,9999.000,9999.000,9999.000,9999.000,9999.000
202604242024,   2.718,9999.000,9999.000,9999.000,9999.000,9999.000,9999.000,9999.000,9999.000
202604242030,   2.639,9999.000,9999.000,9999.000,9999.000,9999.000,9999.000,9999.000,9999.000
202604242036,   2.559,9999.000,9999.000,9999.000,9999.000,9999.000,9999.000,9999.000,9999.000
202604242042,   2.476,9999.000,9999.000,9999.000,9999.000,9999.000,9999.000,9999.000,9999.000
202604242048,   2.392,9999.000,9999.000,9999.000,9999.000,9999.000,9999.000,9999.000,9999.000
202604242054,   2.308,9999.000,9999.000,9999.000,9999.000,9999.000,9999.000,9999.000,9999.000
202604242100,   2.222,9999.000,   0.700,  -0.016,   2.906,   0.700,   2.906,   0.800,   3.006
202604242106,   2.137,9999.000,9999.000,9999.000,9999.000,9999.000,9999.000,9999.000,9999.000
202604242112,   2.051,9999.000,9999.000,9999.000,9999.000,9999.000,9999.000,9999.000,9999.000
202604242118,   1.967,9999.000,9999.000,9999.000,9999.000,9999.000,9999.000,9999.000,9999.000
202604242124,   1.883,9999.000,9999.000,9999.000,9999.000,9999.000,9999.000,9999.000,9999.000
202604242130,   1.800,9999.000,9999.000,9999.000,9999.000,9999.000,9999.000,9999.000,9999.000
202604242136,   1.719,9999.000,9999.000,9999.000,9999.000,9999.000,9999.000,9999.000,9999.000
202604242142,   1.640,9999.000,9999.000,9999.000,9999.000,9999.000,9999.000,9999.000,9999.000
202604242148,   1.563,9999.000,9999.000,9999.000,9999.000,9999.000,9999.000,9999.000,9999.000
202604242154,   1.488,9999.000,9999.000,9999.000,9999.000,9999.000,9999.000,9999.000,9999.000
202604242200,   1.416,9999.000,   0.800,  -0.016,   2.200,   0.700,   2.100,   0.800,   2.200
202604242206,   1.347,9999.000,9999.000,9999.000,9999.000,9999.000,9999.000,9999.000,9999.000
202604242212,   1.281,9999.000,9999.000,9999.000,9999.000,9999.000,9999.000,9999.000,9999.000
202604242218,   1.218,9999.000,9999.000,9999.000,9999.000,9999.000,9999.000,9999.000,9999.000
202604242224,   1.158,9999.000,9999.000,9999.000,9999.000,9999.000,9999.000,9999.000,9999.000
202604242230,   1.102,9999.000,9999.000,9999.000,9999.000,9999.000,9999.000,9999.000,9999.000
202604242236,   1.050,9999.000,9999.000,9999.000,9999.000,9999.000,9999.000,9999.000,9999.000
202604242242,   1.001,9999.000,9999.000,9999.000,9999.000,9999.000,9999.000,9999.000,9999.000
202604242248,   0.955,9999.000,9999.000,9999.000,9999.000,9999.000,9999.000,9999.000,9999.000
202604242254,   0.913,9999.000,9999.000,9999.000,9999.000,9999.000,9999.000,9999.000,9999.000
202604242300,   0.874,9999.000,   0.800,  -0.016,   1.658,   0.700,   1.558,   0.800,   1.658
202604242306,   0.838,9999.000,9999.000,9999.000,9999.000,9999.000,9999.000,9999.000,9999.000
202604242312,   0.806,9999.000,9999.000,9999.000,9999.000,9999.000,9999.000,9999.000,9999.000
202604242318,   0.777,9999.000,9999.000,9999.000,9999.000,9999.000,9999.000,9999.000,9999.000
202604242324,   0.751,9999.000,9999.000,9999.000,9999.000,9999.000,9999.000,9999.000,9999.000
202604242330,   0.727,9999.000,9999.000,9999.000,9999.000,9999.000,9999.000,9999.000,9999.000
202604242336,   0.706,9999.000,9999.000,9999.000,9999.000,9999.000,9999.000,9999.000,9999.000
202604242342,   0.687,9999.000,9999.000,9999.000,9999.000,9999.000,9999.000,9999.000,9999.000
202604242348,   0.670,9999.000,9999.000,9999.000,9999.000,9999.000,9999.000,9999.000,9999.000
202604242354,   0.656,9999.000,9999.000,9999.000,9999.000,9999.000,9999.000,9999.000,9999.000
202604250000,   0.643,9999.000,   0.800,  -0.016,   1.427,   0.700,   1.327,   0.800,   1.427
202604250006,   0.632,9999.000,9999.000,9999.000,9999.000,9999.000,9999.000,9999.000,9999.000
202604250012,   0.622,9999.000,9999.000,9999.000,9999.000,9999.000,9999.000,9999.000,9999.000
202604250018,   0.613,9999.000,9999.000,9999.000,9999.000,9999.000,9999.000,9999.000,9999.000
202604250024,   0.606,9999.000,9999.000,9999.000,9999.000,9999.000,9999.000,9999.000,9999.000
202604250030,   0.600,9999.000,9999.000,9999.000,9999.000,9999.000,9999.000,9999.000,9999.000
202604250036,   0.594,9999.000,9999.000,9999.000,9999.000,9999.000,9999.000,9999.000,9999.000
202604250042,   0.590,9999.000,9999.000,9999.000,9999.000,9999.000,9999.000,9999.000,9999.000
202604250048,   0.586,9999.000,9999.000,9999.000,9999.000,9999.000,9999.000,9999.000,9999.000
202604250054,   0.583,9999.000,9999.000,9999.000,9999.000,9999.000,9999.000,9999.000,9999.000
202604250100,   0.581,9999.000,   0.700,  -0.016,   1.265,   0.700,   1.265,   0.800,   1.365
202604250106,   0.580,9999.000,9999.000,9999.000,9999.000,9999.000,9999.000,9999.000,9999.000
202604250112,   0.580,9999.000,9999.000,9999.000,9999.000,9999.000,9999.000,9999.000,9999.000
202604250118,   0.580,9999.000,9999.000,9999.000,9999.000,9999.000,9999.000,9999.000,9999.000
202604250124,   0.582,9999.000,9999.000,9999.000,9999.000,9999.000,9999.000,9999.000,9999.000
202604250130,   0.585,9999.000,9999.000,9999.000,9999.000,9999.000,9999.000,9999.000,9999.000
202604250136,   0.589,9999.000,9999.000,9999.000,9999.000,9999.000,9999.000,9999.000,9999.000
202604250142,   0.594,9999.000,9999.000,9999.000,9999.000,9999.000,9999.000,9999.000,9999.000
202604250148,   0.601,9999.000,9999.000,9999.000,9999.000,9999.000,9999.000,9999.000,9999.000
202604250154,   0.610,9999.000,9999.000,9999.000,9999.000,9999.000,9999.000,9999.000,9999.000
202604250200,   0.621,9999.000,   0.700,  -0.016,   1.305,   0.600,   1.205,   0.800,   1.405
202604250206,   0.633,9999.000,9999.000,9999.000,9999.000,9999.000,9999.000,9999.000,9999.000
202604250212,   0.648,9999.000,9999.000,9999.000,9999.000,9999.000,9999.000,9999.000,9999.000
202604250218,   0.665,9999.000,9999.000,9999.000,9999.000,9999.000,9999.000,9999.000,9999.000
202604250224,   0.685,9999.000,9999.000,9999.000,9999.000,9999.000,9999.000,9999.000,9999.000
202604250230,   0.707,9999.000,9999.000,9999.000,9999.000,9999.000,9999.000,9999.000,9999.000
202604250236,   0.733,9999.000,9999.000,9999.000,9999.000,9999.000,9999.000,9999.000,9999.000
202604250242,   0.761,9999.000,9999.000,9999.000,9999.000,9999.000,9999.000,9999.000,9999.000
202604250248,   0.792,9999.000,9999.000,9999.000,9999.000,9999.000,9999.000,9999.000,9999.000
202604250254,   0.826,9999.000,9999.000,9999.000,9999.000,9999.000,9999.000,9999.000,9999.000
202604250300,   0.864,9999.000,   0.700,  -0.016,   1.548,   0.600,   1.448,   0.700,   1.548
202604250306,   0.905,9999.000,9999.000,9999.000,9999.000,9999.000,9999.000,9999.000,9999.000
202604250312,   0.949,9999.000,9999.000,9999.000,9999.000,9999.000,9999.000,9999.000,9999.000
202604250318,   0.996,9999.000,9999.000,9999.000,9999.000,9999.000,9999.000,9999.000,9999.000
202604250324,   1.047,9999.000,9999.000,9999.000,9999.000,9999.000,9999.000,9999.000,9999.000
202604250330,   1.102,9999.000,9999.000,9999.000,9999.000,9999.000,9999.000,9999.000,9999.000
202604250336,   1.159,9999.000,9999.000,9999.000,9999.000,9999.000,9999.000,9999.000,9999.000
202604250342,   1.220,9999.000,9999.000,9999.000,9999.000,9999.000,9999.000,9999.000,9999.000
202604250348,   1.284,9999.000,9999.000,9999.000,9999.000,9999.000,9999.000,9999.000,9999.000
202604250354,   1.351,9999.000,9999.000,9999.000,9999.000,9999.000,9999.000,9999.000,9999.000
202604250400,   1.421,9999.000,   0.600,  -0.016,   2.005,   0.500,   1.905,   0.700,   2.105
202604250406,   1.494,9999.000,9999.000,9999.000,9999.000,9999.000,9999.000,9999.000,9999.000
202604250412,   1.569,9999.000,9999.000,9999.000,9999.000,9999.000,9999.000,9999.000,9999.000
202604250418,   1.647,9999.000,9999.000,9999.000,9999.000,9999.000,9999.000,9999.000,9999.000
202604250424,   1.726,9999.000,9999.000,9999.000,9999.000,9999.000,9999.000,9999.000,9999.000
202604250430,   1.808,9999.000,9999.000,9999.000,9999.000,9999.000,9999.000,9999.000,9999.000
202604250436,   1.891,9999.000,9999.000,9999.000,9999.000,9999.000,9999.000,9999.000,9999.000
202604250442,   1.975,9999.000,9999.000,9999.000,9999.000,9999.000,9999.000,9999.000,9999.000
202604250448,   2.059,9999.000,9999.000,9999.000,9999.000,9999.000,9999.000,9999.000,9999.000
202604250454,   2.145,9999.000,9999.000,9999.000,9999.000,9999.000,9999.000,9999.000,9999.000
202604250500,   2.230,9999.000,   0.600,  -0.016,   2.814,   0.500,   2.714,   0.700,   2.914
202604250506,   2.315,9999.000,9999.000,9999.000,9999.000,9999.000,9999.000,9999.000,9999.000
202604250512,   2.400,9999.000,9999.000,9999.000,9999.000,9999.000,9999.000,9999.000,9999.000
202604250518,   2.484,9999.000,9999.000,9999.000,9999.000,9999.000,9999.000,9999.000,9999.000
202604250524,   2.566,9999.000,9999.000,9999.000,9999.000,9999.000,9999.000,9999.000,9999.000
202604250530,   2.646,9999.000,9999.000,9999.000,9999.000,9999.000,9999.000,9999.000,9999.000
202604250536,   2.725,9999.000,9999.000,9999.000,9999.000,9999.000,9999.000,9999.000,9999.000
202604250542,   2.801,9999.000,9999.000,9999.000,9999.000,9999.000,9999.000,9999.000,9999.000
202604250548,   2.874,9999.000,9999.000,9999.000,9999.000,9999.000,9999.000,9999.000,9999.000
202604250554,   2.944,9999.000,9999.000,9999.000,9999.000,9999.000,9999.000,9999.000,9999.000
202604250600,   3.010,9999.000,   0.600,  -0.016,   3.594,   0.500,   3.494,   0.700,   3.694
202604250606,   3.072,9999.000,9999.000,9999.000,9999.000,9999.000,9999.000,9999.000,9999.000
202604250612,   3.131,9999.000,9999.000,9999.000,9999.000,9999.000,9999.000,9999.000,9999.000
202604250618,   3.185,9999.000,9999.000,9999.000,9999.000,9999.000,9999.000,9999.000,9999.000
202604250624,   3.235,9999.000,9999.000,9999.000,9999.000,9999.000,9999.000,9999.000,9999.000
202604250630,   3.280,9999.000,9999.000,9999.000,9999.000,9999.000,9999.000,9999.000,9999.000
202604250636,   3.320,9999.000,9999.000,9999.000,9999.000,9999.000,9999.000,9999.000,9999.000
202604250642,   3.354,9999.000,9999.000,9999.000,9999.000,9999.000,9999.000,9999.000,9999.000
202604250648,   3.384,9999.000,9999.000,9999.000,9999.000,9999.000,9999.000,9999.000,9999.000
202604250654,   3.408,9999.000,9999.000,9999.000,9999.000,9999.000,9999.000,9999.000,9999.000
202604250700,   3.427,9999.000,   0.600,  -0.016,   4.011,   0.500,   3.911,   0.700,   4.111
202604250706,   3.441,9999.000,9999.000,9999.000,9999.000,9999.000,9999.000,9999.000,9999.000
202604250712,   3.449,9999.000,9999.000,9999.000,9999.000,9999.000,9999.000,9999.000,9999.000
202604250718,   3.451,9999.000,9999.000,9999.000,9999.000,9999.000,9999.000,9999.000,9999.000
202604250724,   3.449,9999.000,9999.000,9999.000,9999.000,9999.000,9999.000,9999.000,9999.000
202604250730,   3.441,9999.000,9999.000,9999.000,9999.000,9999.000,9999.000,9999.000,9999.000
202604250736,   3.428,9999.000,9999.000,9999.000,9999.000,9999.000,9999.000,9999.000,9999.000
202604250742,   3.409,9999.000,9999.000,9999.000,9999.000,9999.000,9999.000,9999.000,9999.000
202604250748,   3.386,9999.000,9999.000,9999.000,9999.000,9999.000,9999.000,9999.000,9999.000
202604250754,   3.358,9999.000,9999.000,9999.000,9999.000,9999.000,9999.000,9999.000,9999.000
202604250800,   3.325,9999.000,   0.600,  -0.016,   3.909,   0.500,   3.809,   0.700,   4.009
202604250806,   3.288,9999.000,9999.000,9999.000,9999.000,9999.000,9999.000,9999.000,9999.000
202604250812,   3.246,9999.000,9999.000,9999.000,9999.000,9999.000,9999.000,9999.000,9999.000
202604250818,   3.201,9999.000,9999.000,9999.000,9999.000,9999.000,9999.000,9999.000,9999.000
202604250824,   3.151,9999.000,9999.000,9999.000,9999.000,9999.000,9999.000,9999.000,9999.000
202604250830,   3.098,9999.000,9999.000,9999.000,9999.000,9999.000,9999.000,9999.000,9999.000
202604250836,   3.041,9999.000,9999.000,9999.000,9999.000,9999.000,9999.000,9999.000,9999.000
202604250842,   2.981,9999.000,9999.000,9999.000,9999.000,9999.000,9999.000,9999.000,9999.000
202604250848,   2.918,9999.000,9999.000,9999.000,9999.000,9999.000,9999.000,9999.000,9999.000
202604250854,   2.852,9999.000,9999.000,9999.000,9999.000,9999.000,9999.000,9999.000,9999.000
202604250900,   2.784,9999.000,   0.600,  -0.016,   3.368,   0.500,   3.268,   0.700,   3.468
202604250906,   2.714,9999.000,9999.000,9999.000,9999.000,9999.000,9999.000,9999.000,9999.000
202604250912,   2.642,9999.000,9999.000,9999.000,9999.000,9999.000,9999.000,9999.000,9999.000
202604250918,   2.568,9999.000,9999.000,9999.000,9999.000,9999.000,9999.000,9999.000,9999.000
202604250924,   2.493,9999.000,9999.000,9999.000,9999.000,9999.000,9999.000,9999.000,9999.000
202604250930,   2.417,9999.000,9999.000,9999.000,9999.000,9999.000,9999.000,9999.000,9999.000
202604250936,   2.341,9999.000,9999.000,9999.000,9999.000,9999.000,9999.000,9999.000,9999.000
202604250942,   2.264,9999.000,9999.000,9999.000,9999.000,9999.000,9999.000,9999.000,9999.000
202604250948,   2.187,9999.000,9999.000,9999.000,9999.000,9999.000,9999.000,9999.000,9999.000
202604250954,   2.110,9999.000,9999.000,9999.000,9999.000,9999.000,9999.000,9999.000,9999.000
202604251000,   2.033,9999.000,   0.600,  -0.016,   2.617,   0.500,   2.517,   0.700,   2.717
202604251006,   1.958,9999.000,9999.000,9999.000,9999.000,9999.000,9999.000,9999.000,9999.000
202604251012,   1.883,9999.000,9999.000,9999.000,9999.000,9999.000,9999.000,9999.000,9999.000
202604251018,   1.810,9999.000,9999.000,9999.000,9999.000,9999.000,9999.000,9999.000,9999.000
202604251024,   1.738,9999.000,9999.000,9999.000,9999.000,9999.000,9999.000,9999.000,9999.000
202604251030,   1.668,9999.000,9999.000,9999.000,9999.000,9999.000,9999.000,9999.000,9999.000
202604251036,   1.600,9999.000,9999.000,9999.000,9999.000,9999.000,9999.000,9999.000,9999.000
202604251042,   1.533,9999.000,9999.000,9999.000,9999.000,9999.000,9999.000,9999.000,9999.000
202604251048,   1.469,9999.000,9999.000,9999.000,9999.000,9999.000,9999.000,9999.000,9999.000
202604251054,   1.407,9999.000,9999.000,9999.000,9999.000,9999.000,9999.000,9999.000,9999.000
202604251100,   1.348,9999.000,   0.600,  -0.016,   1.932,   0.500,   1.832,   0.700,   2.032
202604251106,   1.291,9999.000,9999.000,9999.000,9999.000,9999.000,9999.000,9999.000,9999.000
202604251112,   1.236,9999.000,9999.000,9999.000,9999.000,9999.000,9999.000,9999.000,9999.000
202604251118,   1.184,9999.000,9999.000,9999.000,9999.000,9999.000,9999.000,9999.000,9999.000
202604251124,   1.134,9999.000,9999.000,9999.000,9999.000,9999.000,9999.000,9999.000,9999.000
202604251130,   1.086,9999.000,9999.000,9999.000,9999.000,9999.000,9999.000,9999.000,9999.000
202604251136,   1.041,9999.000,9999.000,9999.000,9999.000,9999.000,9999.000,9999.000,9999.000
202604251142,   0.998,9999.000,9999.000,9999.000,9999.000,9999.000,9999.000,9999.000,9999.000
202604251148,   0.957,9999.000,9999.000,9999.000,9999.000,9999.000,9999.000,9999.000,9999.000
202604251154,   0.918,9999.000,9999.000,9999.000,9999.000,9999.000,9999.000,9999.000,9999.000
202604251200,   0.881,9999.000,   0.600,  -0.016,   1.465,   0.500,   1.365,   0.700,   1.565
202604251206,   0.846,9999.000,9999.000,9999.000,9999.000,9999.000,9999.000,9999.000,9999.000
202604251212,   0.813,9999.000,9999.000,9999.000,9999.000,9999.000,9999.000,9999.000,9999.000
202604251218,   0.781,9999.000,9999.000,9999.000,9999.000,9999.000,9999.000,9999.000,9999.000
202604251224,   0.750,9999.000,9999.000,9999.000,9999.000,9999.000,9999.000,9999.000,9999.000
202604251230,   0.721,9999.000,9999.000,9999.000,9999.000,9999.000,9999.000,9999.000,9999.000
202604251236,   0.693,9999.000,9999.000,9999.000,9999.000,9999.000,9999.000,9999.000,9999.000
202604251242,   0.666,9999.000,9999.000,9999.000,9999.000,9999.000,9999.000,9999.000,9999.000
202604251248,   0.640,9999.000,9999.000,9999.000,9999.000,9999.000,9999.000,9999.000,9999.000
202604251254,   0.615,9999.000,9999.000,9999.000,9999.000,9999.000,9999.000,9999.000,9999.000
202604251300,   0.591,9999.000,   0.600,  -0.016,   1.175,   0.500,   1.075,   0.700,   1.275
202604251306,   0.568,9999.000,9999.000,9999.000,9999.000,9999.000,9999.000,9999.000,9999.000
202604251312,   0.546,9999.000,9999.000,9999.000,9999.000,9999.000,9999.000,9999.000,9999.000
202604251318,   0.525,9999.000,9999.000,9999.000,9999.000,9999.000,9999.000,9999.000,9999.000
202604251324,   0.505,9999.000,9999.000,9999.000,9999.000,9999.000,9999.000,9999.000,9999.000
202604251330,   0.487,9999.000,9999.000,9999.000,9999.000,9999.000,9999.000,9999.000,9999.000
202604251336,   0.469,9999.000,9999.000,9999.000,9999.000,9999.000,9999.000,9999.000,9999.000
202604251342,   0.453,9999.000,9999.000,9999.000,9999.000,9999.000,9999.000,9999.000,9999.000
202604251348,   0.439,9999.000,9999.000,9999.000,9999.000,9999.000,9999.000,9999.000,9999.000
202604251354,   0.426,9999.000,9999.000,9999.000,9999.000,9999.000,9999.000,9999.000,9999.000
202604251400,   0.415,9999.000,   0.600,  -0.016,   0.999,   0.500,   0.899,   0.700,   1.099
202604251406,   0.406,9999.000,9999.000,9999.000,9999.000,9999.000,9999.000,9999.000,9999.000
202604251412,   0.399,9999.000,9999.000,9999.000,9999.000,9999.000,9999.000,9999.000,9999.000
202604251418,   0.394,9999.000,9999.000,9999.000,9999.000,9999.000,9999.000,9999.000,9999.000
202604251424,   0.393,9999.000,9999.000,9999.000,9999.000,9999.000,9999.000,9999.000,9999.000
202604251430,   0.394,9999.000,9999.000,9999.000,9999.000,9999.000,9999.000,9999.000,9999.000
202604251436,   0.398,9999.000,9999.000,9999.000,9999.000,9999.000,9999.000,9999.000,9999.000
202604251442,   0.405,9999.000,9999.000,9999.000,9999.000,9999.000,9999.000,9999.000,9999.000
202604251448,   0.416,9999.000,9999.000,9999.000,9999.000,9999.000,9999.000,9999.000,9999.000
202604251454,   0.430,9999.000,9999.000,9999.000,9999.000,9999.000,9999.000,9999.000,9999.000
202604251500,   0.448,9999.000,   0.600,  -0.016,   1.032,   0.500,   0.932,   0.700,   1.132
202604251506,   0.470,9999.000,9999.000,9999.000,9999.000,9999.000,9999.000,9999.000,9999.000
202604251512,   0.495,9999.000,9999.000,9999.000,9999.000,9999.000,9999.000,9999.000,9999.000
202604251518,   0.525,9999.000,9999.000,9999.000,9999.000,9999.000,9999.000,9999.000,9999.000
202604251524,   0.559,9999.000,9999.000,9999.000,9999.000,9999.000,9999.000,9999.000,9999.000
202604251530,   0.597,9999.000,9999.000,9999.000,9999.000,9999.000,9999.000,9999.000,9999.000
202604251536,   0.640,9999.000,9999.000,9999.000,9999.000,9999.000,9999.000,9999.000,9999.000
202604251542,   0.687,9999.000,9999.000,9999.000,9999.000,9999.000,9999.000,9999.000,9999.000
202604251548,   0.738,9999.000,9999.000,9999.000,9999.000,9999.000,9999.000,9999.000,9999.000
202604251554,   0.793,9999.000,9999.000,9999.000,9999.000,9999.000,9999.000,9999.000,9999.000
202604251600,   0.853,9999.000,   0.600,  -0.016,   1.437,   0.500,   1.337,   0.700,   1.537
202604251606,   0.917,9999.000,9999.000,9999.000,9999.000,9999.000,9999.000,9999.000,9999.000
202604251612,   0.984,9999.000,9999.000,9999.000,9999.000,9999.000,9999.000,9999.000,9999.000
202604251618,   1.056,9999.000,9999.000,9999.000,9999.000,9999.000,9999.000,9999.000,9999.000
202604251624,   1.131,9999.000,9999.000,9999.000,9999.000,9999.000,9999.000,9999.000,9999.000
202604251630,   1.210,9999.000,9999.000,9999.000,9999.000,9999.000,9999.000,9999.000,9999.000
202604251636,   1.291,9999.000,9999.000,9999.000,9999.000,9999.000,9999.000,9999.000,9999.000
202604251642,   1.376,9999.000,9999.000,9999.000,9999.000,9999.000,9999.000,9999.000,9999.000
202604251648,   1.464,9999.000,9999.000,9999.000,9999.000,9999.000,9999.000,9999.000,9999.000
202604251654,   1.553,9999.000,9999.000,9999.000,9999.000,9999.000,9999.000,9999.000,9999.000
202604251700,   1.645,9999.000,   0.700,  -0.016,   2.329,   0.600,   2.229,   0.700,   2.329
202604251706,   1.740,9999.000,9999.000,9999.000,9999.000,9999.000,9999.000,9999.000,9999.000
202604251712,   1.833,9999.000,9999.000,9999.000,9999.000,9999.000,9999.000,9999.000,9999.000
202604251718,   1.929,9999.000,9999.000,9999.000,9999.000,9999.000,9999.000,9999.000,9999.000
202604251724,   2.025,9999.000,9999.000,9999.000,9999.000,9999.000,9999.000,9999.000,9999.000
202604251730,   2.121,9999.000,9999.000,9999.000,9999.000,9999.000,9999.000,9999.000,9999.000
202604251736,   2.217,9999.000,9999.000,9999.000,9999.000,9999.000,9999.000,9999.000,9999.000
202604251742,   2.312,9999.000,9999.000,9999.000,9999.000,9999.000,9999.000,9999.000,9999.000
202604251748,   2.406,9999.000,9999.000,9999.000,9999.000,9999.000,9999.000,9999.000,9999.000
202604251754,   2.499,9999.000,9999.000,9999.000,9999.000,9999.000,9999.000,9999.000,9999.000
202604251800,   2.589,9999.000,   0.700,  -0.016,   3.273,   0.600,   3.173,   0.800,   3.373
202604251806,   2.677,9999.000,9999.000,9999.000,9999.000,9999.000,9999.000,9999.000,9999.000
202604251812,   2.762,9999.000,9999.000,9999.000,9999.000,9999.000,9999.000,9999.000,9999.000
202604251818,   2.844,9999.000,9999.000,9999.000,9999.000,9999.000,9999.000,9999.000,9999.000
202604251824,   2.923,9999.000,9999.000,9999.000,9999.000,9999.000,9999.000,9999.000,9999.000
202604251830,   2.997,9999.000,9999.000,9999.000,9999.000,9999.000,9999.000,9999.000,9999.000
202604251836,   3.068,9999.000,9999.000,9999.000,9999.000,9999.000,9999.000,9999.000,9999.000
202604251842,   3.134,9999.000,9999.000,9999.000,9999.000,9999.000,9999.000,9999.000,9999.000
202604251848,   3.195,9999.000,9999.000,9999.000,9999.000,9999.000,9999.000,9999.000,9999.000
202604251854,   3.251,9999.000,9999.000,9999.000,9999.000,9999.000,9999.000,9999.000,9999.000
202604251900,   3.302,9999.000,   0.700,  -0.016,   3.986,   0.600,   3.886,   0.800,   4.086
202604251906,   3.347,9999.000,9999.000,9999.000,9999.000,9999.000,9999.000,9999.000,9999.000
202604251912,   3.387,9999.000,9999.000,9999.000,9999.000,9999.000,9999.000,9999.000,9999.000
202604251918,   3.422,9999.000,9999.000,9999.000,9999.000,9999.000,9999.000,9999.000,9999.000
202604251924,   3.450,9999.000,9999.000,9999.000,9999.000,9999.000,9999.000,9999.000,9999.000
202604251930,   3.473,9999.000,9999.000,9999.000,9999.000,9999.000,9999.000,9999.000,9999.000
202604251936,   3.490,9999.000,9999.000,9999.000,9999.000,9999.000,9999.000,9999.000,9999.000
202604251942,   3.501,9999.000,9999.000,9999.000,9999.000,9999.000,9999.000,9999.000,9999.000
202604251948,   3.507,9999.000,9999.000,9999.000,9999.000,9999.000,9999.000,9999.000,9999.000
202604251954,   3.506,9999.000,9999.000,9999.000,9999.000,9999.000,9999.000,9999.000,9999.000
202604252000,   3.500,9999.000,   0.700,  -0.016,   4.184,   0.600,   4.084,   0.800,   4.284
202604252006,   3.488,9999.000,9999.000,9999.000,9999.000,9999.000,9999.000,9999.000,9999.000
202604252012,   3.470,9999.000,9999.000,9999.000,9999.000,9999.000,9999.000,9999.000,9999.000
202604252018,   3.447,9999.000,9999.000,9999.000,9999.000,9999.000,9999.000,9999.000,9999.000
202604252024,   3.419,9999.000,9999.000,9999.000,9999.000,9999.000,9999.000,9999.000,9999.000
202604252030,   3.386,9999.000,9999.000,9999.000,9999.000,9999.000,9999.000,9999.000,9999.000
202604252036,   3.347,9999.000,9999.000,9999.000,9999.000,9999.000,9999.000,9999.000,9999.000
202604252042,   3.304,9999.000,9999.000,9999.000,9999.000,9999.000,9999.000,9999.000,9999.000
202604252048,   3.256,9999.000,9999.000,9999.000,9999.000,9999.000,9999.000,9999.000,9999.000
202604252054,   3.204,9999.000,9999.000,9999.000,9999.000,9999.000,9999.000,9999.000,9999.000
202604252100,   3.148,9999.000,   0.700,  -0.016,   3.832,   0.600,   3.732,   0.800,   3.932
202604252106,   3.087,9999.000,9999.000,9999.000,9999.000,9999.000,9999.000,9999.000,9999.000
202604252112,   3.024,9999.000,9999.000,9999.000,9999.000,9999.000,9999.000,9999.000,9999.000
202604252118,   2.956,9999.000,9999.000,9999.000,9999.000,9999.000,9999.000,9999.000,9999.000
202604252124,   2.886,9999.000,9999.000,9999.000,9999.000,9999.000,9999.000,9999.000,9999.000
202604252130,   2.813,9999.000,9999.000,9999.000,9999.000,9999.000,9999.000,9999.000,9999.000
202604252136,   2.738,9999.000,9999.000,9999.000,9999.000,9999.000,9999.000,9999.000,9999.000
202604252142,   2.661,9999.000,9999.000,9999.000,9999.000,9999.000,9999.000,9999.000,9999.000
202604252148,   2.581,9999.000,9999.000,9999.000,9999.000,9999.000,9999.000,9999.000,9999.000
202604252154,   2.501,9999.000,9999.000,9999.000,9999.000,9999.000,9999.000,9999.000,9999.000
202604252200,   2.419,9999.000,   0.700,  -0.016,   3.103,   0.600,   3.003,   0.800,   3.203
202604252206,   2.337,9999.000,9999.000,9999.000,9999.000,9999.000,9999.000,9999.000,9999.000
202604252212,   2.254,9999.000,9999.000,9999.000,9999.000,9999.000,9999.000,9999.000,9999.000
202604252218,   2.171,9999.000,9999.000,9999.000,9999.000,9999.000,9999.000,9999.000,9999.000
202604252224,   2.088,9999.000,9999.000,9999.000,9999.000,9999.000,9999.000,9999.000,9999.000
202604252230,   2.006,9999.000,9999.000,9999.000,9999.000,9999.000,9999.000,9999.000,9999.000
202604252236,   1.925,9999.000,9999.000,9999.000,9999.000,9999.000,9999.000,9999.000,9999.000
202604252242,   1.845,9999.000,9999.000,9999.000,9999.000,9999.000,9999.000,9999.000,9999.000
202604252248,   1.766,9999.000,9999.000,9999.000,9999.000,9999.000,9999.000,9999.000,9999.000
202604252254,   1.690,9999.000,9999.000,9999.000,9999.000,9999.000,9999.000,9999.000,9999.000
202604252300,   1.615,9999.000,   0.700,  -0.016,   2.299,   0.600,   2.199,   0.800,   2.399
202604252306,   1.543,9999.000,9999.000,9999.000,9999.000,9999.000,9999.000,9999.000,9999.000
202604252312,   1.473,9999.000,9999.000,9999.000,9999.000,9999.000,9999.000,9999.000,9999.000
202604252318,   1.405,9999.000,9999.000,9999.000,9999.000,9999.000,9999.000,9999.000,9999.000
202604252324,   1.340,9999.000,9999.000,9999.000,9999.000,9999.000,9999.000,9999.000,9999.000
202604252330,   1.279,9999.000,9999.000,9999.000,9999.000,9999.000,9999.000,9999.000,9999.000
202604252336,   1.220,9999.000,9999.000,9999.000,9999.000,9999.000,9999.000,9999.000,9999.000
202604252342,   1.164,9999.000,9999.000,9999.000,9999.000,9999.000,9999.000,9999.000,9999.000
202604252348,   1.111,9999.000,9999.000,9999.000,9999.000,9999.000,9999.000,9999.000,9999.000
202604252354,   1.061,9999.000,9999.000,9999.000,9999.000,9999.000,9999.000,9999.000,9999.000
202604260000,   1.013,9999.000,   0.700,  -0.016,   1.697,   0.600,   1.597,   0.800,   1.797
202604260006,   0.969,9999.000,9999.000,9999.000,9999.000,9999.000,9999.000,9999.000,9999.000
202604260012,   0.928,9999.000,9999.000,9999.000,9999.000,9999.000,9999.000,9999.000,9999.000
202604260018,   0.889,9999.000,9999.000,9999.000,9999.000,9999.000,9999.000,9999.000,9999.000
202604260024,   0.853,9999.000,9999.000,9999.000,9999.000,9999.000,9999.000,9999.000,9999.000
202604260030,   0.819,9999.000,9999.000,9999.000,9999.000,9999.000,9999.000,9999.000,9999.000
202604260036,   0.788,9999.000,9999.000,9999.000,9999.000,9999.000,9999.000,9999.000,9999.000
202604260042,   0.758,9999.000,9999.000,9999.000,9999.000,9999.000,9999.000,9999.000,9999.000
202604260048,   0.731,9999.000,9999.000,9999.000,9999.000,9999.000,9999.000,9999.000,9999.000
202604260054,   0.706,9999.000,9999.000,9999.000,9999.000,9999.000,9999.000,9999.000,9999.000
202604260100,   0.682,9999.000,   0.700,  -0.016,   1.366,   0.600,   1.266,   0.800,   1.466
202604260106,   0.660,9999.000,9999.000,9999.000,9999.000,9999.000,9999.000,9999.000,9999.000
202604260112,   0.640,9999.000,9999.000,9999.000,9999.000,9999.000,9999.000,9999.000,9999.000
202604260118,   0.621,9999.000,9999.000,9999.000,9999.000,9999.000,9999.000,9999.000,9999.000
202604260124,   0.603,9999.000,9999.000,9999.000,9999.000,9999.000,9999.000,9999.000,9999.000
202604260130,   0.587,9999.000,9999.000,9999.000,9999.000,9999.000,9999.000,9999.000,9999.000
202604260136,   0.572,9999.000,9999.000,9999.000,9999.000,9999.000,9999.000,9999.000,9999.000
202604260142,   0.558,9999.000,9999.000,9999.000,9999.000,9999.000,9999.000,9999.000,9999.000
202604260148,   0.545,9999.000,9999.000,9999.000,9999.000,9999.000,9999.000,9999.000,9999.000
202604260154,   0.534,9999.000,9999.000,9999.000,9999.000,9999.000,9999.000,9999.000,9999.000
202604260200,   0.523,9999.000,   0.700,  -0.016,   1.207,   0.600,   1.107,   0.800,   1.307
202604260206,   0.515,9999.000,9999.000,9999.000,9999.000,9999.000,9999.000,9999.000,9999.000
202604260212,   0.507,9999.000,9999.000,9999.000,9999.000,9999.000,9999.000,9999.000,9999.000
202604260218,   0.501,9999.000,9999.000,9999.000,9999.000,9999.000,9999.000,9999.000,9999.000
202604260224,   0.497,9999.000,9999.000,9999.000,9999.000,9999.000,9999.000,9999.000,9999.000
202604260230,   0.494,9999.000,9999.000,9999.000,9999.000,9999.000,9999.000,9999.000,9999.000
202604260236,   0.494,9999.000,9999.000,9999.000,9999.000,9999.000,9999.000,9999.000,9999.000
202604260242,   0.495,9999.000,9999.000,9999.000,9999.000,9999.000,9999.000,9999.000,9999.000
202604260248,   0.498,9999.000,9999.000,9999.000,9999.000,9999.000,9999.000,9999.000,9999.000
202604260254,   0.504,9999.000,9999.000,9999.000,9999.000,9999.000,9999.000,9999.000,9999.000
202604260300,   0.512,9999.000,   0.700,  -0.016,   1.196,   0.500,   0.996,   0.800,   1.296
202604260306,   0.523,9999.000,9999.000,9999.000,9999.000,9999.000,9999.000,9999.000,9999.000
202604260312,   0.536,9999.000,9999.000,9999.000,9999.000,9999.000,9999.000,9999.000,9999.000
202604260318,   0.552,9999.000,9999.000,9999.000,9999.000,9999.000,9999.000,9999.000,9999.000
202604260324,   0.572,9999.000,9999.000,9999.000,9999.000,9999.000,9999.000,9999.000,9999.000
202604260330,   0.594,9999.000,9999.000,9999.000,9999.000,9999.000,9999.000,9999.000,9999.000
202604260336,   0.620,9999.000,9999.000,9999.000,9999.000,9999.000,9999.000,9999.000,9999.000
202604260342,   0.649,9999.000,9999.000,9999.000,9999.000,9999.000,9999.000,9999.000,9999.000
202604260348,   0.681,9999.000,9999.000,9999.000,9999.000,9999.000,9999.000,9999.000,9999.000
202604260354,   0.717,9999.000,9999.000,9999.000,9999.000,9999.000,9999.000,9999.000,9999.000
202604260400,   0.756,9999.000,   0.700,  -0.016,   1.440,   0.500,   1.240,   0.800,   1.540
202604260406,   0.799,9999.000,9999.000,9999.000,9999.000,9999.000,9999.000,9999.000,9999.000
202604260412,   0.845,9999.000,9999.000,9999.000,9999.000,9999.000,9999.000,9999.000,9999.000
202604260418,   0.895,9999.000,9999.000,9999.000,9999.000,9999.000,9999.000,9999.000,9999.000
202604260424,   0.948,9999.000,9999.000,9999.000,9999.000,9999.000,9999.000,9999.000,9999.000
202604260430,   1.005,9999.000,9999.000,9999.000,9999.000,9999.000,9999.000,9999.000,9999.000
202604260436,   1.064,9999.000,9999.000,9999.000,9999.000,9999.000,9999.000,9999.000,9999.000
202604260442,   1.127,9999.000,9999.000,9999.000,9999.000,9999.000,9999.000,9999.000,9999.000
202604260448,   1.194,9999.000,9999.000,9999.000,9999.000,9999.000,9999.000,9999.000,9999.000
202604260454,   1.262,9999.000,9999.000,9999.000,9999.000,9999.000,9999.000,9999.000,9999.000
202604260500,   1.334,9999.000,   0.700,  -0.016,   2.018,   0.500,   1.818,   0.800,   2.118
202604260506,   1.408,9999.000,9999.000,9999.000,9999.000,9999.000,9999.000,9999.000,9999.000
202604260512,   1.484,9999.000,9999.000,9999.000,9999.000,9999.000,9999.000,9999.000,9999.000
202604260518,   1.563,9999.000,9999.000,9999.000,9999.000,9999.000,9999.000,9999.000,9999.000
202604260524,   1.643,9999.000,9999.000,9999.000,9999.000,9999.000,9999.000,9999.000,9999.000
202604260530,   1.724,9999.000,9999.000,9999.000,9999.000,9999.000,9999.000,9999.000,9999.000
202604260536,   1.807,9999.000,9999.000,9999.000,9999.000,9999.000,9999.000,9999.000,9999.000
202604260542,   1.891,9999.000,9999.000,9999.000,9999.000,9999.000,9999.000,9999.000,9999.000
202604260548,   1.975,9999.000,9999.000,9999.000,9999.000,9999.000,9999.000,9999.000,9999.000
202604260554,   2.059,9999.000,9999.000,9999.000,9999.000,9999.000,9999.000,9999.000,9999.000
202604260600,   2.143,9999.000,   0.700,  -0.016,   2.827,   0.500,   2.627,   0.800,   2.927
