        TIME,    TIDE,      OB,   SURGE,    BIAS,     TWL,SURGE90p,  TWL90p,SURGE10p,   TWL10p
202605281800,   1.497,9999.000,   0.300,9999.000,   1.797,   0.200,   1.697,   0.400,   1.897
202605281806,   1.519,9999.000,9999.000,9999.000,9999.000,9999.000,9999.000,9999.000,9999.000
202605281812,   1.541,9999.000,9999.000,9999.000,9999.000,9999.000,9999.000,9999.000,9999.000
202605281818,   1.562,9999.000,9999.000,9999.000,9999.000,9999.000,9999.000,9999.000,9999.000
202605281824,   1.583,9999.000,9999.000,9999.000,9999.000,9999.000,9999.000,9999.000,9999.000
202605281830,   1.603,9999.000,9999.000,9999.000,9999.000,9999.000,9999.000,9999.000,9999.000
202605281836,   1.623,9999.000,9999.000,9999.000,9999.000,9999.000,9999.000,9999.000,9999.000
202605281842,   1.642,9999.000,9999.000,9999.000,9999.000,9999.000,9999.000,9999.000,9999.000
202605281848,   1.660,9999.000,9999.000,9999.000,9999.000,9999.000,9999.000,9999.000,9999.000
202605281854,   1.676,9999.000,9999.000,9999.000,9999.000,9999.000,9999.000,9999.000,9999.000
202605281900,   1.692,9999.000,   0.300,9999.000,   1.992,   0.300,   1.992,   0.400,   2.092
202605281906,   1.707,9999.000,9999.000,9999.000,9999.000,9999.000,9999.000,9999.000,9999.000
202605281912,   1.720,9999.000,9999.000,9999.000,9999.000,9999.000,9999.000,9999.000,9999.000
202605281918,   1.732,9999.000,9999.000,9999.000,9999.000,9999.000,9999.000,9999.000,9999.000
202605281924,   1.743,9999.000,9999.000,9999.000,9999.000,9999.000,9999.000,9999.000,9999.000
202605281930,   1.752,9999.000,9999.000,9999.000,9999.000,9999.000,9999.000,9999.000,9999.000
202605281936,   1.759,9999.000,9999.000,9999.000,9999.000,9999.000,9999.000,9999.000,9999.000
202605281942,   1.765,9999.000,9999.000,9999.000,9999.000,9999.000,9999.000,9999.000,9999.000
202605281948,   1.769,9999.000,9999.000,9999.000,9999.000,9999.000,9999.000,9999.000,9999.000
202605281954,   1.771,9999.000,9999.000,9999.000,9999.000,9999.000,9999.000,9999.000,9999.000
202605282000,   1.771,9999.000,   0.300,9999.000,   2.071,   0.200,   1.971,   0.300,   2.071
202605282006,   1.769,9999.000,9999.000,9999.000,9999.000,9999.000,9999.000,9999.000,9999.000
202605282012,   1.765,9999.000,9999.000,9999.000,9999.000,9999.000,9999.000,9999.000,9999.000
202605282018,   1.759,9999.000,9999.000,9999.000,9999.000,9999.000,9999.000,9999.000,9999.000
202605282024,   1.751,9999.000,9999.000,9999.000,9999.000,9999.000,9999.000,9999.000,9999.000
202605282030,   1.741,9999.000,9999.000,9999.000,9999.000,9999.000,9999.000,9999.000,9999.000
202605282036,   1.729,9999.000,9999.000,9999.000,9999.000,9999.000,9999.000,9999.000,9999.000
202605282042,   1.715,9999.000,9999.000,9999.000,9999.000,9999.000,9999.000,9999.000,9999.000
202605282048,   1.700,9999.000,9999.000,9999.000,9999.000,9999.000,9999.000,9999.000,9999.000
202605282054,   1.682,9999.000,9999.000,9999.000,9999.000,9999.000,9999.000,9999.000,9999.000
202605282100,   1.662,9999.000,   0.300,9999.000,   1.962,   0.200,   1.862,   0.300,   1.962
202605282106,   1.641,9999.000,9999.000,9999.000,9999.000,9999.000,9999.000,9999.000,9999.000
202605282112,   1.618,9999.000,9999.000,9999.000,9999.000,9999.000,9999.000,9999.000,9999.000
202605282118,   1.593,9999.000,9999.000,9999.000,9999.000,9999.000,9999.000,9999.000,9999.000
202605282124,   1.566,9999.000,9999.000,9999.000,9999.000,9999.000,9999.000,9999.000,9999.000
202605282130,   1.538,9999.000,9999.000,9999.000,9999.000,9999.000,9999.000,9999.000,9999.000
202605282136,   1.509,9999.000,9999.000,9999.000,9999.000,9999.000,9999.000,9999.000,9999.000
202605282142,   1.478,9999.000,9999.000,9999.000,9999.000,9999.000,9999.000,9999.000,9999.000
202605282148,   1.446,9999.000,9999.000,9999.000,9999.000,9999.000,9999.000,9999.000,9999.000
202605282154,   1.413,9999.000,9999.000,9999.000,9999.000,9999.000,9999.000,9999.000,9999.000
202605282200,   1.378,9999.000,   0.200,9999.000,   1.578,   0.200,   1.578,   0.300,   1.678
202605282206,   1.343,9999.000,9999.000,9999.000,9999.000,9999.000,9999.000,9999.000,9999.000
202605282212,   1.306,9999.000,9999.000,9999.000,9999.000,9999.000,9999.000,9999.000,9999.000
202605282218,   1.269,9999.000,9999.000,9999.000,9999.000,9999.000,9999.000,9999.000,9999.000
202605282224,   1.231,9999.000,9999.000,9999.000,9999.000,9999.000,9999.000,9999.000,9999.000
202605282230,   1.192,9999.000,9999.000,9999.000,9999.000,9999.000,9999.000,9999.000,9999.000
202605282236,   1.153,9999.000,9999.000,9999.000,9999.000,9999.000,9999.000,9999.000,9999.000
202605282242,   1.114,9999.000,9999.000,9999.000,9999.000,9999.000,9999.000,9999.000,9999.000
202605282248,   1.074,9999.000,9999.000,9999.000,9999.000,9999.000,9999.000,9999.000,9999.000
202605282254,   1.033,9999.000,9999.000,9999.000,9999.000,9999.000,9999.000,9999.000,9999.000
202605282300,   0.993,9999.000,   0.200,9999.000,   1.193,   0.200,   1.193,   0.300,   1.293
202605282306,   0.952,9999.000,9999.000,9999.000,9999.000,9999.000,9999.000,9999.000,9999.000
202605282312,   0.912,9999.000,9999.000,9999.000,9999.000,9999.000,9999.000,9999.000,9999.000
202605282318,   0.871,9999.000,9999.000,9999.000,9999.000,9999.000,9999.000,9999.000,9999.000
202605282324,   0.831,9999.000,9999.000,9999.000,9999.000,9999.000,9999.000,9999.000,9999.000
202605282330,   0.790,9999.000,9999.000,9999.000,9999.000,9999.000,9999.000,9999.000,9999.000
202605282336,   0.751,9999.000,9999.000,9999.000,9999.000,9999.000,9999.000,9999.000,9999.000
202605282342,   0.711,9999.000,9999.000,9999.000,9999.000,9999.000,9999.000,9999.000,9999.000
202605282348,   0.672,9999.000,9999.000,9999.000,9999.000,9999.000,9999.000,9999.000,9999.000
202605282354,   0.634,9999.000,9999.000,9999.000,9999.000,9999.000,9999.000,9999.000,9999.000
202605290000,   0.596,9999.000,   0.300,9999.000,   0.896,   0.300,   0.896,   0.400,   0.996
202605290006,   0.559,9999.000,9999.000,9999.000,9999.000,9999.000,9999.000,9999.000,9999.000
202605290012,   0.523,9999.000,9999.000,9999.000,9999.000,9999.000,9999.000,9999.000,9999.000
202605290018,   0.488,9999.000,9999.000,9999.000,9999.000,9999.000,9999.000,9999.000,9999.000
202605290024,   0.453,9999.000,9999.000,9999.000,9999.000,9999.000,9999.000,9999.000,9999.000
202605290030,   0.420,9999.000,9999.000,9999.000,9999.000,9999.000,9999.000,9999.000,9999.000
202605290036,   0.388,9999.000,9999.000,9999.000,9999.000,9999.000,9999.000,9999.000,9999.000
202605290042,   0.357,9999.000,9999.000,9999.000,9999.000,9999.000,9999.000,9999.000,9999.000
202605290048,   0.327,9999.000,9999.000,9999.000,9999.000,9999.000,9999.000,9999.000,9999.000
202605290054,   0.299,9999.000,9999.000,9999.000,9999.000,9999.000,9999.000,9999.000,9999.000
202605290100,   0.273,9999.000,   0.300,9999.000,   0.573,   0.300,   0.573,   0.400,   0.673
202605290106,   0.248,9999.000,9999.000,9999.000,9999.000,9999.000,9999.000,9999.000,9999.000
202605290112,   0.224,9999.000,9999.000,9999.000,9999.000,9999.000,9999.000,9999.000,9999.000
202605290118,   0.203,9999.000,9999.000,9999.000,9999.000,9999.000,9999.000,9999.000,9999.000
202605290124,   0.184,9999.000,9999.000,9999.000,9999.000,9999.000,9999.000,9999.000,9999.000
202605290130,   0.166,9999.000,9999.000,9999.000,9999.000,9999.000,9999.000,9999.000,9999.000
202605290136,   0.151,9999.000,9999.000,9999.000,9999.000,9999.000,9999.000,9999.000,9999.000
202605290142,   0.138,9999.000,9999.000,9999.000,9999.000,9999.000,9999.000,9999.000,9999.000
202605290148,   0.128,9999.000,9999.000,9999.000,9999.000,9999.000,9999.000,9999.000,9999.000
202605290154,   0.120,9999.000,9999.000,9999.000,9999.000,9999.000,9999.000,9999.000,9999.000
202605290200,   0.115,9999.000,   0.300,9999.000,   0.415,   0.300,   0.415,   0.400,   0.515
202605290206,   0.113,9999.000,9999.000,9999.000,9999.000,9999.000,9999.000,9999.000,9999.000
202605290212,   0.113,9999.000,9999.000,9999.000,9999.000,9999.000,9999.000,9999.000,9999.000
202605290218,   0.116,9999.000,9999.000,9999.000,9999.000,9999.000,9999.000,9999.000,9999.000
202605290224,   0.122,9999.000,9999.000,9999.000,9999.000,9999.000,9999.000,9999.000,9999.000
202605290230,   0.131,9999.000,9999.000,9999.000,9999.000,9999.000,9999.000,9999.000,9999.000
202605290236,   0.142,9999.000,9999.000,9999.000,9999.000,9999.000,9999.000,9999.000,9999.000
202605290242,   0.157,9999.000,9999.000,9999.000,9999.000,9999.000,9999.000,9999.000,9999.000
202605290248,   0.174,9999.000,9999.000,9999.000,9999.000,9999.000,9999.000,9999.000,9999.000
202605290254,   0.195,9999.000,9999.000,9999.000,9999.000,9999.000,9999.000,9999.000,9999.000
202605290300,   0.218,9999.000,   0.300,9999.000,   0.518,   0.200,   0.418,   0.300,   0.518
202605290306,   0.244,9999.000,9999.000,9999.000,9999.000,9999.000,9999.000,9999.000,9999.000
202605290312,   0.272,9999.000,9999.000,9999.000,9999.000,9999.000,9999.000,9999.000,9999.000
202605290318,   0.303,9999.000,9999.000,9999.000,9999.000,9999.000,9999.000,9999.000,9999.000
202605290324,   0.336,9999.000,9999.000,9999.000,9999.000,9999.000,9999.000,9999.000,9999.000
202605290330,   0.371,9999.000,9999.000,9999.000,9999.000,9999.000,9999.000,9999.000,9999.000
202605290336,   0.409,9999.000,9999.000,9999.000,9999.000,9999.000,9999.000,9999.000,9999.000
202605290342,   0.448,9999.000,9999.000,9999.000,9999.000,9999.000,9999.000,9999.000,9999.000
202605290348,   0.489,9999.000,9999.000,9999.000,9999.000,9999.000,9999.000,9999.000,9999.000
202605290354,   0.531,9999.000,9999.000,9999.000,9999.000,9999.000,9999.000,9999.000,9999.000
202605290400,   0.575,9999.000,   0.300,9999.000,   0.875,   0.200,   0.775,   0.300,   0.875
202605290406,   0.620,9999.000,9999.000,9999.000,9999.000,9999.000,9999.000,9999.000,9999.000
202605290412,   0.666,9999.000,9999.000,9999.000,9999.000,9999.000,9999.000,9999.000,9999.000
202605290418,   0.712,9999.000,9999.000,9999.000,9999.000,9999.000,9999.000,9999.000,9999.000
202605290424,   0.759,9999.000,9999.000,9999.000,9999.000,9999.000,9999.000,9999.000,9999.000
202605290430,   0.807,9999.000,9999.000,9999.000,9999.000,9999.000,9999.000,9999.000,9999.000
202605290436,   0.855,9999.000,9999.000,9999.000,9999.000,9999.000,9999.000,9999.000,9999.000
202605290442,   0.904,9999.000,9999.000,9999.000,9999.000,9999.000,9999.000,9999.000,9999.000
202605290448,   0.952,9999.000,9999.000,9999.000,9999.000,9999.000,9999.000,9999.000,9999.000
202605290454,   1.001,9999.000,9999.000,9999.000,9999.000,9999.000,9999.000,9999.000,9999.000
202605290500,   1.049,9999.000,   0.300,9999.000,   1.349,   0.200,   1.249,   0.300,   1.349
202605290506,   1.097,9999.000,9999.000,9999.000,9999.000,9999.000,9999.000,9999.000,9999.000
202605290512,   1.146,9999.000,9999.000,9999.000,9999.000,9999.000,9999.000,9999.000,9999.000
202605290518,   1.194,9999.000,9999.000,9999.000,9999.000,9999.000,9999.000,9999.000,9999.000
202605290524,   1.242,9999.000,9999.000,9999.000,9999.000,9999.000,9999.000,9999.000,9999.000
202605290530,   1.289,9999.000,9999.000,9999.000,9999.000,9999.000,9999.000,9999.000,9999.000
202605290536,   1.336,9999.000,9999.000,9999.000,9999.000,9999.000,9999.000,9999.000,9999.000
202605290542,   1.383,9999.000,9999.000,9999.000,9999.000,9999.000,9999.000,9999.000,9999.000
202605290548,   1.430,9999.000,9999.000,9999.000,9999.000,9999.000,9999.000,9999.000,9999.000
202605290554,   1.476,9999.000,9999.000,9999.000,9999.000,9999.000,9999.000,9999.000,9999.000
202605290600,   1.522,9999.000,   0.300,9999.000,   1.822,   0.300,   1.822,   0.400,   1.922
202605290606,   1.568,9999.000,9999.000,9999.000,9999.000,9999.000,9999.000,9999.000,9999.000
202605290612,   1.613,9999.000,9999.000,9999.000,9999.000,9999.000,9999.000,9999.000,9999.000
202605290618,   1.658,9999.000,9999.000,9999.000,9999.000,9999.000,9999.000,9999.000,9999.000
202605290624,   1.703,9999.000,9999.000,9999.000,9999.000,9999.000,9999.000,9999.000,9999.000
202605290630,   1.747,9999.000,9999.000,9999.000,9999.000,9999.000,9999.000,9999.000,9999.000
202605290636,   1.790,9999.000,9999.000,9999.000,9999.000,9999.000,9999.000,9999.000,9999.000
202605290642,   1.833,9999.000,9999.000,9999.000,9999.000,9999.000,9999.000,9999.000,9999.000
202605290648,   1.875,9999.000,9999.000,9999.000,9999.000,9999.000,9999.000,9999.000,9999.000
202605290654,   1.917,9999.000,9999.000,9999.000,9999.000,9999.000,9999.000,9999.000,9999.000
202605290700,   1.957,9999.000,   0.300,9999.000,   2.257,   0.300,   2.257,   0.400,   2.357
202605290706,   1.997,9999.000,9999.000,9999.000,9999.000,9999.000,9999.000,9999.000,9999.000
202605290712,   2.035,9999.000,9999.000,9999.000,9999.000,9999.000,9999.000,9999.000,9999.000
202605290718,   2.072,9999.000,9999.000,9999.000,9999.000,9999.000,9999.000,9999.000,9999.000
202605290724,   2.108,9999.000,9999.000,9999.000,9999.000,9999.000,9999.000,9999.000,9999.000
202605290730,   2.142,9999.000,9999.000,9999.000,9999.000,9999.000,9999.000,9999.000,9999.000
202605290736,   2.175,9999.000,9999.000,9999.000,9999.000,9999.000,9999.000,9999.000,9999.000
202605290742,   2.206,9999.000,9999.000,9999.000,9999.000,9999.000,9999.000,9999.000,9999.000
202605290748,   2.236,9999.000,9999.000,9999.000,9999.000,9999.000,9999.000,9999.000,9999.000
202605290754,   2.263,9999.000,9999.000,9999.000,9999.000,9999.000,9999.000,9999.000,9999.000
202605290800,   2.289,9999.000,   0.300,9999.000,   2.589,   0.300,   2.589,   0.400,   2.689
202605290806,   2.312,9999.000,9999.000,9999.000,9999.000,9999.000,9999.000,9999.000,9999.000
202605290812,   2.333,9999.000,9999.000,9999.000,9999.000,9999.000,9999.000,9999.000,9999.000
202605290818,   2.352,9999.000,9999.000,9999.000,9999.000,9999.000,9999.000,9999.000,9999.000
202605290824,   2.368,9999.000,9999.000,9999.000,9999.000,9999.000,9999.000,9999.000,9999.000
202605290830,   2.383,9999.000,9999.000,9999.000,9999.000,9999.000,9999.000,9999.000,9999.000
202605290836,   2.394,9999.000,9999.000,9999.000,9999.000,9999.000,9999.000,9999.000,9999.000
202605290842,   2.404,9999.000,9999.000,9999.000,9999.000,9999.000,9999.000,9999.000,9999.000
202605290848,   2.410,9999.000,9999.000,9999.000,9999.000,9999.000,9999.000,9999.000,9999.000
202605290854,   2.415,9999.000,9999.000,9999.000,9999.000,9999.000,9999.000,9999.000,9999.000
202605290900,   2.417,9999.000,   0.300,9999.000,   2.717,   0.300,   2.717,   0.400,   2.817
202605290906,   2.416,9999.000,9999.000,9999.000,9999.000,9999.000,9999.000,9999.000,9999.000
202605290912,   2.413,9999.000,9999.000,9999.000,9999.000,9999.000,9999.000,9999.000,9999.000
202605290918,   2.408,9999.000,9999.000,9999.000,9999.000,9999.000,9999.000,9999.000,9999.000
202605290924,   2.400,9999.000,9999.000,9999.000,9999.000,9999.000,9999.000,9999.000,9999.000
202605290930,   2.390,9999.000,9999.000,9999.000,9999.000,9999.000,9999.000,9999.000,9999.000
202605290936,   2.378,9999.000,9999.000,9999.000,9999.000,9999.000,9999.000,9999.000,9999.000
202605290942,   2.364,9999.000,9999.000,9999.000,9999.000,9999.000,9999.000,9999.000,9999.000
202605290948,   2.347,9999.000,9999.000,9999.000,9999.000,9999.000,9999.000,9999.000,9999.000
202605290954,   2.329,9999.000,9999.000,9999.000,9999.000,9999.000,9999.000,9999.000,9999.000
202605291000,   2.308,9999.000,   0.300,9999.000,   2.608,   0.300,   2.608,   0.400,   2.708
202605291006,   2.286,9999.000,9999.000,9999.000,9999.000,9999.000,9999.000,9999.000,9999.000
202605291012,   2.261,9999.000,9999.000,9999.000,9999.000,9999.000,9999.000,9999.000,9999.000
202605291018,   2.235,9999.000,9999.000,9999.000,9999.000,9999.000,9999.000,9999.000,9999.000
202605291024,   2.207,9999.000,9999.000,9999.000,9999.000,9999.000,9999.000,9999.000,9999.000
202605291030,   2.178,9999.000,9999.000,9999.000,9999.000,9999.000,9999.000,9999.000,9999.000
202605291036,   2.147,9999.000,9999.000,9999.000,9999.000,9999.000,9999.000,9999.000,9999.000
202605291042,   2.115,9999.000,9999.000,9999.000,9999.000,9999.000,9999.000,9999.000,9999.000
202605291048,   2.081,9999.000,9999.000,9999.000,9999.000,9999.000,9999.000,9999.000,9999.000
202605291054,   2.046,9999.000,9999.000,9999.000,9999.000,9999.000,9999.000,9999.000,9999.000
202605291100,   2.009,9999.000,   0.300,9999.000,   2.309,   0.300,   2.309,   0.400,   2.409
202605291106,   1.972,9999.000,9999.000,9999.000,9999.000,9999.000,9999.000,9999.000,9999.000
202605291112,   1.933,9999.000,9999.000,9999.000,9999.000,9999.000,9999.000,9999.000,9999.000
202605291118,   1.894,9999.000,9999.000,9999.000,9999.000,9999.000,9999.000,9999.000,9999.000
202605291124,   1.853,9999.000,9999.000,9999.000,9999.000,9999.000,9999.000,9999.000,9999.000
202605291130,   1.812,9999.000,9999.000,9999.000,9999.000,9999.000,9999.000,9999.000,9999.000
202605291136,   1.771,9999.000,9999.000,9999.000,9999.000,9999.000,9999.000,9999.000,9999.000
202605291142,   1.728,9999.000,9999.000,9999.000,9999.000,9999.000,9999.000,9999.000,9999.000
202605291148,   1.685,9999.000,9999.000,9999.000,9999.000,9999.000,9999.000,9999.000,9999.000
202605291154,   1.642,9999.000,9999.000,9999.000,9999.000,9999.000,9999.000,9999.000,9999.000
202605291200,   1.598,9999.000,   0.300,9999.000,   1.898,   0.300,   1.898,   0.300,   1.898
202605291206,   1.555,9999.000,9999.000,9999.000,9999.000,9999.000,9999.000,9999.000,9999.000
202605291212,   1.511,9999.000,9999.000,9999.000,9999.000,9999.000,9999.000,9999.000,9999.000
202605291218,   1.467,9999.000,9999.000,9999.000,9999.000,9999.000,9999.000,9999.000,9999.000
202605291224,   1.423,9999.000,9999.000,9999.000,9999.000,9999.000,9999.000,9999.000,9999.000
202605291230,   1.379,9999.000,9999.000,9999.000,9999.000,9999.000,9999.000,9999.000,9999.000
202605291236,   1.335,9999.000,9999.000,9999.000,9999.000,9999.000,9999.000,9999.000,9999.000
202605291242,   1.292,9999.000,9999.000,9999.000,9999.000,9999.000,9999.000,9999.000,9999.000
202605291248,   1.250,9999.000,9999.000,9999.000,9999.000,9999.000,9999.000,9999.000,9999.000
202605291254,   1.207,9999.000,9999.000,9999.000,9999.000,9999.000,9999.000,9999.000,9999.000
202605291300,   1.165,9999.000,   0.300,9999.000,   1.465,   0.300,   1.465,   0.300,   1.465
202605291306,   1.124,9999.000,9999.000,9999.000,9999.000,9999.000,9999.000,9999.000,9999.000
202605291312,   1.084,9999.000,9999.000,9999.000,9999.000,9999.000,9999.000,9999.000,9999.000
202605291318,   1.045,9999.000,9999.000,9999.000,9999.000,9999.000,9999.000,9999.000,9999.000
202605291324,   1.007,9999.000,9999.000,9999.000,9999.000,9999.000,9999.000,9999.000,9999.000
202605291330,   0.970,9999.000,9999.000,9999.000,9999.000,9999.000,9999.000,9999.000,9999.000
202605291336,   0.934,9999.000,9999.000,9999.000,9999.000,9999.000,9999.000,9999.000,9999.000
202605291342,   0.900,9999.000,9999.000,9999.000,9999.000,9999.000,9999.000,9999.000,9999.000
202605291348,   0.868,9999.000,9999.000,9999.000,9999.000,9999.000,9999.000,9999.000,9999.000
202605291354,   0.837,9999.000,9999.000,9999.000,9999.000,9999.000,9999.000,9999.000,9999.000
202605291400,   0.808,9999.000,   0.300,9999.000,   1.108,   0.300,   1.108,   0.300,   1.108
202605291406,   0.781,9999.000,9999.000,9999.000,9999.000,9999.000,9999.000,9999.000,9999.000
202605291412,   0.755,9999.000,9999.000,9999.000,9999.000,9999.000,9999.000,9999.000,9999.000
202605291418,   0.733,9999.000,9999.000,9999.000,9999.000,9999.000,9999.000,9999.000,9999.000
202605291424,   0.712,9999.000,9999.000,9999.000,9999.000,9999.000,9999.000,9999.000,9999.000
202605291430,   0.693,9999.000,9999.000,9999.000,9999.000,9999.000,9999.000,9999.000,9999.000
202605291436,   0.677,9999.000,9999.000,9999.000,9999.000,9999.000,9999.000,9999.000,9999.000
202605291442,   0.664,9999.000,9999.000,9999.000,9999.000,9999.000,9999.000,9999.000,9999.000
202605291448,   0.653,9999.000,9999.000,9999.000,9999.000,9999.000,9999.000,9999.000,9999.000
202605291454,   0.644,9999.000,9999.000,9999.000,9999.000,9999.000,9999.000,9999.000,9999.000
202605291500,   0.638,9999.000,   0.300,9999.000,   0.938,   0.300,   0.938,   0.300,   0.938
202605291506,   0.635,9999.000,9999.000,9999.000,9999.000,9999.000,9999.000,9999.000,9999.000
202605291512,   0.634,9999.000,9999.000,9999.000,9999.000,9999.000,9999.000,9999.000,9999.000
202605291518,   0.636,9999.000,9999.000,9999.000,9999.000,9999.000,9999.000,9999.000,9999.000
202605291524,   0.640,9999.000,9999.000,9999.000,9999.000,9999.000,9999.000,9999.000,9999.000
202605291530,   0.647,9999.000,9999.000,9999.000,9999.000,9999.000,9999.000,9999.000,9999.000
202605291536,   0.656,9999.000,9999.000,9999.000,9999.000,9999.000,9999.000,9999.000,9999.000
202605291542,   0.667,9999.000,9999.000,9999.000,9999.000,9999.000,9999.000,9999.000,9999.000
202605291548,   0.680,9999.000,9999.000,9999.000,9999.000,9999.000,9999.000,9999.000,9999.000
202605291554,   0.695,9999.000,9999.000,9999.000,9999.000,9999.000,9999.000,9999.000,9999.000
202605291600,   0.712,9999.000,   0.300,9999.000,   1.012,   0.200,   0.912,   0.300,   1.012
202605291606,   0.730,9999.000,9999.000,9999.000,9999.000,9999.000,9999.000,9999.000,9999.000
202605291612,   0.750,9999.000,9999.000,9999.000,9999.000,9999.000,9999.000,9999.000,9999.000
202605291618,   0.772,9999.000,9999.000,9999.000,9999.000,9999.000,9999.000,9999.000,9999.000
202605291624,   0.794,9999.000,9999.000,9999.000,9999.000,9999.000,9999.000,9999.000,9999.000
202605291630,   0.818,9999.000,9999.000,9999.000,9999.000,9999.000,9999.000,9999.000,9999.000
202605291636,   0.842,9999.000,9999.000,9999.000,9999.000,9999.000,9999.000,9999.000,9999.000
202605291642,   0.867,9999.000,9999.000,9999.000,9999.000,9999.000,9999.000,9999.000,9999.000
202605291648,   0.893,9999.000,9999.000,9999.000,9999.000,9999.000,9999.000,9999.000,9999.000
202605291654,   0.919,9999.000,9999.000,9999.000,9999.000,9999.000,9999.000,9999.000,9999.000
202605291700,   0.945,9999.000,   0.300,9999.000,   1.245,   0.200,   1.145,   0.300,   1.245
202605291706,   0.972,9999.000,9999.000,9999.000,9999.000,9999.000,9999.000,9999.000,9999.000
202605291712,   0.999,9999.000,9999.000,9999.000,9999.000,9999.000,9999.000,9999.000,9999.000
202605291718,   1.026,9999.000,9999.000,9999.000,9999.000,9999.000,9999.000,9999.000,9999.000
202605291724,   1.052,9999.000,9999.000,9999.000,9999.000,9999.000,9999.000,9999.000,9999.000
202605291730,   1.079,9999.000,9999.000,9999.000,9999.000,9999.000,9999.000,9999.000,9999.000
202605291736,   1.106,9999.000,9999.000,9999.000,9999.000,9999.000,9999.000,9999.000,9999.000
202605291742,   1.132,9999.000,9999.000,9999.000,9999.000,9999.000,9999.000,9999.000,9999.000
202605291748,   1.158,9999.000,9999.000,9999.000,9999.000,9999.000,9999.000,9999.000,9999.000
202605291754,   1.184,9999.000,9999.000,9999.000,9999.000,9999.000,9999.000,9999.000,9999.000
202605291800,   1.210,9999.000,   0.300,9999.000,   1.510,   0.300,   1.510,   0.400,   1.610
202605291806,   1.236,9999.000,9999.000,9999.000,9999.000,9999.000,9999.000,9999.000,9999.000
202605291812,   1.261,9999.000,9999.000,9999.000,9999.000,9999.000,9999.000,9999.000,9999.000
202605291818,   1.286,9999.000,9999.000,9999.000,9999.000,9999.000,9999.000,9999.000,9999.000
202605291824,   1.312,9999.000,9999.000,9999.000,9999.000,9999.000,9999.000,9999.000,9999.000
202605291830,   1.336,9999.000,9999.000,9999.000,9999.000,9999.000,9999.000,9999.000,9999.000
202605291836,   1.361,9999.000,9999.000,9999.000,9999.000,9999.000,9999.000,9999.000,9999.000
202605291842,   1.385,9999.000,9999.000,9999.000,9999.000,9999.000,9999.000,9999.000,9999.000
202605291848,   1.409,9999.000,9999.000,9999.000,9999.000,9999.000,9999.000,9999.000,9999.000
202605291854,   1.433,9999.000,9999.000,9999.000,9999.000,9999.000,9999.000,9999.000,9999.000
202605291900,   1.456,9999.000,   0.300,9999.000,   1.756,   0.300,   1.756,   0.400,   1.856
202605291906,   1.479,9999.000,9999.000,9999.000,9999.000,9999.000,9999.000,9999.000,9999.000
202605291912,   1.502,9999.000,9999.000,9999.000,9999.000,9999.000,9999.000,9999.000,9999.000
202605291918,   1.523,9999.000,9999.000,9999.000,9999.000,9999.000,9999.000,9999.000,9999.000
202605291924,   1.545,9999.000,9999.000,9999.000,9999.000,9999.000,9999.000,9999.000,9999.000
202605291930,   1.565,9999.000,9999.000,9999.000,9999.000,9999.000,9999.000,9999.000,9999.000
202605291936,   1.584,9999.000,9999.000,9999.000,9999.000,9999.000,9999.000,9999.000,9999.000
202605291942,   1.603,9999.000,9999.000,9999.000,9999.000,9999.000,9999.000,9999.000,9999.000
202605291948,   1.620,9999.000,9999.000,9999.000,9999.000,9999.000,9999.000,9999.000,9999.000
202605291954,   1.636,9999.000,9999.000,9999.000,9999.000,9999.000,9999.000,9999.000,9999.000
202605292000,   1.651,9999.000,   0.300,9999.000,   1.951,   0.300,   1.951,   0.400,   2.051
202605292006,   1.665,9999.000,9999.000,9999.000,9999.000,9999.000,9999.000,9999.000,9999.000
202605292012,   1.677,9999.000,9999.000,9999.000,9999.000,9999.000,9999.000,9999.000,9999.000
202605292018,   1.687,9999.000,9999.000,9999.000,9999.000,9999.000,9999.000,9999.000,9999.000
202605292024,   1.696,9999.000,9999.000,9999.000,9999.000,9999.000,9999.000,9999.000,9999.000
202605292030,   1.703,9999.000,9999.000,9999.000,9999.000,9999.000,9999.000,9999.000,9999.000
202605292036,   1.708,9999.000,9999.000,9999.000,9999.000,9999.000,9999.000,9999.000,9999.000
202605292042,   1.711,9999.000,9999.000,9999.000,9999.000,9999.000,9999.000,9999.000,9999.000
202605292048,   1.712,9999.000,9999.000,9999.000,9999.000,9999.000,9999.000,9999.000,9999.000
202605292054,   1.712,9999.000,9999.000,9999.000,9999.000,9999.000,9999.000,9999.000,9999.000
202605292100,   1.709,9999.000,   0.300,9999.000,   2.009,   0.300,   2.009,   0.400,   2.109
202605292106,   1.704,9999.000,9999.000,9999.000,9999.000,9999.000,9999.000,9999.000,9999.000
202605292112,   1.698,9999.000,9999.000,9999.000,9999.000,9999.000,9999.000,9999.000,9999.000
202605292118,   1.689,9999.000,9999.000,9999.000,9999.000,9999.000,9999.000,9999.000,9999.000
202605292124,   1.678,9999.000,9999.000,9999.000,9999.000,9999.000,9999.000,9999.000,9999.000
202605292130,   1.666,9999.000,9999.000,9999.000,9999.000,9999.000,9999.000,9999.000,9999.000
202605292136,   1.651,9999.000,9999.000,9999.000,9999.000,9999.000,9999.000,9999.000,9999.000
202605292142,   1.635,9999.000,9999.000,9999.000,9999.000,9999.000,9999.000,9999.000,9999.000
202605292148,   1.617,9999.000,9999.000,9999.000,9999.000,9999.000,9999.000,9999.000,9999.000
202605292154,   1.597,9999.000,9999.000,9999.000,9999.000,9999.000,9999.000,9999.000,9999.000
202605292200,   1.575,9999.000,   0.300,9999.000,   1.875,   0.200,   1.775,   0.300,   1.875
202605292206,   1.551,9999.000,9999.000,9999.000,9999.000,9999.000,9999.000,9999.000,9999.000
202605292212,   1.526,9999.000,9999.000,9999.000,9999.000,9999.000,9999.000,9999.000,9999.000
202605292218,   1.499,9999.000,9999.000,9999.000,9999.000,9999.000,9999.000,9999.000,9999.000
202605292224,   1.471,9999.000,9999.000,9999.000,9999.000,9999.000,9999.000,9999.000,9999.000
202605292230,   1.442,9999.000,9999.000,9999.000,9999.000,9999.000,9999.000,9999.000,9999.000
202605292236,   1.411,9999.000,9999.000,9999.000,9999.000,9999.000,9999.000,9999.000,9999.000
202605292242,   1.379,9999.000,9999.000,9999.000,9999.000,9999.000,9999.000,9999.000,9999.000
202605292248,   1.345,9999.000,9999.000,9999.000,9999.000,9999.000,9999.000,9999.000,9999.000
202605292254,   1.311,9999.000,9999.000,9999.000,9999.000,9999.000,9999.000,9999.000,9999.000
202605292300,   1.275,9999.000,   0.300,9999.000,   1.575,   0.200,   1.475,   0.300,   1.575
202605292306,   1.239,9999.000,9999.000,9999.000,9999.000,9999.000,9999.000,9999.000,9999.000
202605292312,   1.201,9999.000,9999.000,9999.000,9999.000,9999.000,9999.000,9999.000,9999.000
202605292318,   1.163,9999.000,9999.000,9999.000,9999.000,9999.000,9999.000,9999.000,9999.000
202605292324,   1.124,9999.000,9999.000,9999.000,9999.000,9999.000,9999.000,9999.000,9999.000
202605292330,   1.085,9999.000,9999.000,9999.000,9999.000,9999.000,9999.000,9999.000,9999.000
202605292336,   1.045,9999.000,9999.000,9999.000,9999.000,9999.000,9999.000,9999.000,9999.000
202605292342,   1.004,9999.000,9999.000,9999.000,9999.000,9999.000,9999.000,9999.000,9999.000
202605292348,   0.964,9999.000,9999.000,9999.000,9999.000,9999.000,9999.000,9999.000,9999.000
202605292354,   0.923,9999.000,9999.000,9999.000,9999.000,9999.000,9999.000,9999.000,9999.000
202605300000,   0.882,9999.000,   0.400,9999.000,   1.282,   0.300,   1.182,   0.400,   1.282
202605300006,   0.840,9999.000,9999.000,9999.000,9999.000,9999.000,9999.000,9999.000,9999.000
202605300012,   0.799,9999.000,9999.000,9999.000,9999.000,9999.000,9999.000,9999.000,9999.000
202605300018,   0.758,9999.000,9999.000,9999.000,9999.000,9999.000,9999.000,9999.000,9999.000
202605300024,   0.717,9999.000,9999.000,9999.000,9999.000,9999.000,9999.000,9999.000,9999.000
202605300030,   0.677,9999.000,9999.000,9999.000,9999.000,9999.000,9999.000,9999.000,9999.000
202605300036,   0.637,9999.000,9999.000,9999.000,9999.000,9999.000,9999.000,9999.000,9999.000
202605300042,   0.598,9999.000,9999.000,9999.000,9999.000,9999.000,9999.000,9999.000,9999.000
202605300048,   0.559,9999.000,9999.000,9999.000,9999.000,9999.000,9999.000,9999.000,9999.000
202605300054,   0.521,9999.000,9999.000,9999.000,9999.000,9999.000,9999.000,9999.000,9999.000
202605300100,   0.484,9999.000,   0.400,9999.000,   0.884,   0.300,   0.784,   0.400,   0.884
202605300106,   0.448,9999.000,9999.000,9999.000,9999.000,9999.000,9999.000,9999.000,9999.000
202605300112,   0.412,9999.000,9999.000,9999.000,9999.000,9999.000,9999.000,9999.000,9999.000
202605300118,   0.378,9999.000,9999.000,9999.000,9999.000,9999.000,9999.000,9999.000,9999.000
202605300124,   0.346,9999.000,9999.000,9999.000,9999.000,9999.000,9999.000,9999.000,9999.000
202605300130,   0.314,9999.000,9999.000,9999.000,9999.000,9999.000,9999.000,9999.000,9999.000
202605300136,   0.285,9999.000,9999.000,9999.000,9999.000,9999.000,9999.000,9999.000,9999.000
202605300142,   0.256,9999.000,9999.000,9999.000,9999.000,9999.000,9999.000,9999.000,9999.000
202605300148,   0.230,9999.000,9999.000,9999.000,9999.000,9999.000,9999.000,9999.000,9999.000
202605300154,   0.205,9999.000,9999.000,9999.000,9999.000,9999.000,9999.000,9999.000,9999.000
202605300200,   0.182,9999.000,   0.400,9999.000,   0.582,   0.300,   0.482,   0.400,   0.582
202605300206,   0.161,9999.000,9999.000,9999.000,9999.000,9999.000,9999.000,9999.000,9999.000
202605300212,   0.143,9999.000,9999.000,9999.000,9999.000,9999.000,9999.000,9999.000,9999.000
202605300218,   0.126,9999.000,9999.000,9999.000,9999.000,9999.000,9999.000,9999.000,9999.000
202605300224,   0.112,9999.000,9999.000,9999.000,9999.000,9999.000,9999.000,9999.000,9999.000
202605300230,   0.101,9999.000,9999.000,9999.000,9999.000,9999.000,9999.000,9999.000,9999.000
202605300236,   0.091,9999.000,9999.000,9999.000,9999.000,9999.000,9999.000,9999.000,9999.000
202605300242,   0.085,9999.000,9999.000,9999.000,9999.000,9999.000,9999.000,9999.000,9999.000
202605300248,   0.081,9999.000,9999.000,9999.000,9999.000,9999.000,9999.000,9999.000,9999.000
202605300254,   0.080,9999.000,9999.000,9999.000,9999.000,9999.000,9999.000,9999.000,9999.000
202605300300,   0.082,9999.000,   0.300,9999.000,   0.382,   0.300,   0.382,   0.400,   0.482
202605300306,   0.087,9999.000,9999.000,9999.000,9999.000,9999.000,9999.000,9999.000,9999.000
202605300312,   0.095,9999.000,9999.000,9999.000,9999.000,9999.000,9999.000,9999.000,9999.000
202605300318,   0.105,9999.000,9999.000,9999.000,9999.000,9999.000,9999.000,9999.000,9999.000
202605300324,   0.119,9999.000,9999.000,9999.000,9999.000,9999.000,9999.000,9999.000,9999.000
202605300330,   0.136,9999.000,9999.000,9999.000,9999.000,9999.000,9999.000,9999.000,9999.000
202605300336,   0.155,9999.000,9999.000,9999.000,9999.000,9999.000,9999.000,9999.000,9999.000
202605300342,   0.177,9999.000,9999.000,9999.000,9999.000,9999.000,9999.000,9999.000,9999.000
202605300348,   0.203,9999.000,9999.000,9999.000,9999.000,9999.000,9999.000,9999.000,9999.000
202605300354,   0.230,9999.000,9999.000,9999.000,9999.000,9999.000,9999.000,9999.000,9999.000
202605300400,   0.261,9999.000,   0.300,9999.000,   0.561,   0.300,   0.561,   0.400,   0.661
202605300406,   0.294,9999.000,9999.000,9999.000,9999.000,9999.000,9999.000,9999.000,9999.000
202605300412,   0.329,9999.000,9999.000,9999.000,9999.000,9999.000,9999.000,9999.000,9999.000
202605300418,   0.367,9999.000,9999.000,9999.000,9999.000,9999.000,9999.000,9999.000,9999.000
202605300424,   0.406,9999.000,9999.000,9999.000,9999.000,9999.000,9999.000,9999.000,9999.000
202605300430,   0.448,9999.000,9999.000,9999.000,9999.000,9999.000,9999.000,9999.000,9999.000
202605300436,   0.491,9999.000,9999.000,9999.000,9999.000,9999.000,9999.000,9999.000,9999.000
202605300442,   0.536,9999.000,9999.000,9999.000,9999.000,9999.000,9999.000,9999.000,9999.000
202605300448,   0.582,9999.000,9999.000,9999.000,9999.000,9999.000,9999.000,9999.000,9999.000
202605300454,   0.629,9999.000,9999.000,9999.000,9999.000,9999.000,9999.000,9999.000,9999.000
202605300500,   0.678,9999.000,   0.300,9999.000,   0.978,   0.300,   0.978,   0.400,   1.078
202605300506,   0.727,9999.000,9999.000,9999.000,9999.000,9999.000,9999.000,9999.000,9999.000
202605300512,   0.777,9999.000,9999.000,9999.000,9999.000,9999.000,9999.000,9999.000,9999.000
202605300518,   0.828,9999.000,9999.000,9999.000,9999.000,9999.000,9999.000,9999.000,9999.000
202605300524,   0.879,9999.000,9999.000,9999.000,9999.000,9999.000,9999.000,9999.000,9999.000
202605300530,   0.931,9999.000,9999.000,9999.000,9999.000,9999.000,9999.000,9999.000,9999.000
202605300536,   0.982,9999.000,9999.000,9999.000,9999.000,9999.000,9999.000,9999.000,9999.000
202605300542,   1.034,9999.000,9999.000,9999.000,9999.000,9999.000,9999.000,9999.000,9999.000
202605300548,   1.086,9999.000,9999.000,9999.000,9999.000,9999.000,9999.000,9999.000,9999.000
202605300554,   1.138,9999.000,9999.000,9999.000,9999.000,9999.000,9999.000,9999.000,9999.000
202605300600,   1.190,9999.000,   0.300,9999.000,   1.490,   0.300,   1.490,   0.400,   1.590
202605300606,   1.241,9999.000,9999.000,9999.000,9999.000,9999.000,9999.000,9999.000,9999.000
202605300612,   1.293,9999.000,9999.000,9999.000,9999.000,9999.000,9999.000,9999.000,9999.000
202605300618,   1.344,9999.000,9999.000,9999.000,9999.000,9999.000,9999.000,9999.000,9999.000
202605300624,   1.395,9999.000,9999.000,9999.000,9999.000,9999.000,9999.000,9999.000,9999.000
202605300630,   1.445,9999.000,9999.000,9999.000,9999.000,9999.000,9999.000,9999.000,9999.000
202605300636,   1.495,9999.000,9999.000,9999.000,9999.000,9999.000,9999.000,9999.000,9999.000
202605300642,   1.545,9999.000,9999.000,9999.000,9999.000,9999.000,9999.000,9999.000,9999.000
202605300648,   1.595,9999.000,9999.000,9999.000,9999.000,9999.000,9999.000,9999.000,9999.000
202605300654,   1.644,9999.000,9999.000,9999.000,9999.000,9999.000,9999.000,9999.000,9999.000
202605300700,   1.692,9999.000,   0.300,9999.000,   1.992,   0.300,   1.992,   0.400,   2.092
202605300706,   1.740,9999.000,9999.000,9999.000,9999.000,9999.000,9999.000,9999.000,9999.000
202605300712,   1.788,9999.000,9999.000,9999.000,9999.000,9999.000,9999.000,9999.000,9999.000
202605300718,   1.835,9999.000,9999.000,9999.000,9999.000,9999.000,9999.000,9999.000,9999.000
202605300724,   1.881,9999.000,9999.000,9999.000,9999.000,9999.000,9999.000,9999.000,9999.000
202605300730,   1.926,9999.000,9999.000,9999.000,9999.000,9999.000,9999.000,9999.000,9999.000
202605300736,   1.971,9999.000,9999.000,9999.000,9999.000,9999.000,9999.000,9999.000,9999.000
202605300742,   2.015,9999.000,9999.000,9999.000,9999.000,9999.000,9999.000,9999.000,9999.000
202605300748,   2.057,9999.000,9999.000,9999.000,9999.000,9999.000,9999.000,9999.000,9999.000
202605300754,   2.099,9999.000,9999.000,9999.000,9999.000,9999.000,9999.000,9999.000,9999.000
202605300800,   2.139,9999.000,   0.300,9999.000,   2.439,   0.300,   2.439,   0.400,   2.539
202605300806,   2.177,9999.000,9999.000,9999.000,9999.000,9999.000,9999.000,9999.000,9999.000
202605300812,   2.215,9999.000,9999.000,9999.000,9999.000,9999.000,9999.000,9999.000,9999.000
202605300818,   2.250,9999.000,9999.000,9999.000,9999.000,9999.000,9999.000,9999.000,9999.000
202605300824,   2.284,9999.000,9999.000,9999.000,9999.000,9999.000,9999.000,9999.000,9999.000
202605300830,   2.316,9999.000,9999.000,9999.000,9999.000,9999.000,9999.000,9999.000,9999.000
202605300836,   2.346,9999.000,9999.000,9999.000,9999.000,9999.000,9999.000,9999.000,9999.000
202605300842,   2.374,9999.000,9999.000,9999.000,9999.000,9999.000,9999.000,9999.000,9999.000
202605300848,   2.400,9999.000,9999.000,9999.000,9999.000,9999.000,9999.000,9999.000,9999.000
202605300854,   2.424,9999.000,9999.000,9999.000,9999.000,9999.000,9999.000,9999.000,9999.000
202605300900,   2.445,9999.000,   0.300,9999.000,   2.745,   0.300,   2.745,   0.400,   2.845
202605300906,   2.464,9999.000,9999.000,9999.000,9999.000,9999.000,9999.000,9999.000,9999.000
202605300912,   2.481,9999.000,9999.000,9999.000,9999.000,9999.000,9999.000,9999.000,9999.000
202605300918,   2.495,9999.000,9999.000,9999.000,9999.000,9999.000,9999.000,9999.000,9999.000
202605300924,   2.506,9999.000,9999.000,9999.000,9999.000,9999.000,9999.000,9999.000,9999.000
202605300930,   2.515,9999.000,9999.000,9999.000,9999.000,9999.000,9999.000,9999.000,9999.000
202605300936,   2.522,9999.000,9999.000,9999.000,9999.000,9999.000,9999.000,9999.000,9999.000
202605300942,   2.526,9999.000,9999.000,9999.000,9999.000,9999.000,9999.000,9999.000,9999.000
202605300948,   2.527,9999.000,9999.000,9999.000,9999.000,9999.000,9999.000,9999.000,9999.000
202605300954,   2.526,9999.000,9999.000,9999.000,9999.000,9999.000,9999.000,9999.000,9999.000
202605301000,   2.523,9999.000,   0.300,9999.000,   2.823,   0.300,   2.823,   0.400,   2.923
202605301006,   2.517,9999.000,9999.000,9999.000,9999.000,9999.000,9999.000,9999.000,9999.000
202605301012,   2.508,9999.000,9999.000,9999.000,9999.000,9999.000,9999.000,9999.000,9999.000
202605301018,   2.497,9999.000,9999.000,9999.000,9999.000,9999.000,9999.000,9999.000,9999.000
202605301024,   2.484,9999.000,9999.000,9999.000,9999.000,9999.000,9999.000,9999.000,9999.000
202605301030,   2.468,9999.000,9999.000,9999.000,9999.000,9999.000,9999.000,9999.000,9999.000
202605301036,   2.450,9999.000,9999.000,9999.000,9999.000,9999.000,9999.000,9999.000,9999.000
202605301042,   2.430,9999.000,9999.000,9999.000,9999.000,9999.000,9999.000,9999.000,9999.000
202605301048,   2.408,9999.000,9999.000,9999.000,9999.000,9999.000,9999.000,9999.000,9999.000
202605301054,   2.384,9999.000,9999.000,9999.000,9999.000,9999.000,9999.000,9999.000,9999.000
202605301100,   2.357,9999.000,   0.300,9999.000,   2.657,   0.200,   2.557,   0.400,   2.757
202605301106,   2.329,9999.000,9999.000,9999.000,9999.000,9999.000,9999.000,9999.000,9999.000
202605301112,   2.299,9999.000,9999.000,9999.000,9999.000,9999.000,9999.000,9999.000,9999.000
202605301118,   2.267,9999.000,9999.000,9999.000,9999.000,9999.000,9999.000,9999.000,9999.000
202605301124,   2.233,9999.000,9999.000,9999.000,9999.000,9999.000,9999.000,9999.000,9999.000
202605301130,   2.197,9999.000,9999.000,9999.000,9999.000,9999.000,9999.000,9999.000,9999.000
202605301136,   2.160,9999.000,9999.000,9999.000,9999.000,9999.000,9999.000,9999.000,9999.000
202605301142,   2.122,9999.000,9999.000,9999.000,9999.000,9999.000,9999.000,9999.000,9999.000
202605301148,   2.082,9999.000,9999.000,9999.000,9999.000,9999.000,9999.000,9999.000,9999.000
202605301154,   2.040,9999.000,9999.000,9999.000,9999.000,9999.000,9999.000,9999.000,9999.000
202605301200,   1.998,9999.000,   0.300,9999.000,   2.298,   0.200,   2.198,   0.300,   2.298
202605301206,   1.954,9999.000,9999.000,9999.000,9999.000,9999.000,9999.000,9999.000,9999.000
202605301212,   1.910,9999.000,9999.000,9999.000,9999.000,9999.000,9999.000,9999.000,9999.000
202605301218,   1.864,9999.000,9999.000,9999.000,9999.000,9999.000,9999.000,9999.000,9999.000
202605301224,   1.818,9999.000,9999.000,9999.000,9999.000,9999.000,9999.000,9999.000,9999.000
202605301230,   1.771,9999.000,9999.000,9999.000,9999.000,9999.000,9999.000,9999.000,9999.000
202605301236,   1.723,9999.000,9999.000,9999.000,9999.000,9999.000,9999.000,9999.000,9999.000
202605301242,   1.675,9999.000,9999.000,9999.000,9999.000,9999.000,9999.000,9999.000,9999.000
202605301248,   1.627,9999.000,9999.000,9999.000,9999.000,9999.000,9999.000,9999.000,9999.000
202605301254,   1.578,9999.000,9999.000,9999.000,9999.000,9999.000,9999.000,9999.000,9999.000
202605301300,   1.530,9999.000,   0.200,9999.000,   1.730,   0.200,   1.730,   0.300,   1.830
202605301306,   1.481,9999.000,9999.000,9999.000,9999.000,9999.000,9999.000,9999.000,9999.000
202605301312,   1.433,9999.000,9999.000,9999.000,9999.000,9999.000,9999.000,9999.000,9999.000
202605301318,   1.384,9999.000,9999.000,9999.000,9999.000,9999.000,9999.000,9999.000,9999.000
202605301324,   1.336,9999.000,9999.000,9999.000,9999.000,9999.000,9999.000,9999.000,9999.000
202605301330,   1.289,9999.000,9999.000,9999.000,9999.000,9999.000,9999.000,9999.000,9999.000
202605301336,   1.242,9999.000,9999.000,9999.000,9999.000,9999.000,9999.000,9999.000,9999.000
202605301342,   1.196,9999.000,9999.000,9999.000,9999.000,9999.000,9999.000,9999.000,9999.000
202605301348,   1.150,9999.000,9999.000,9999.000,9999.000,9999.000,9999.000,9999.000,9999.000
202605301354,   1.106,9999.000,9999.000,9999.000,9999.000,9999.000,9999.000,9999.000,9999.000
202605301400,   1.062,9999.000,   0.200,9999.000,   1.262,   0.200,   1.262,   0.300,   1.362
202605301406,   1.020,9999.000,9999.000,9999.000,9999.000,9999.000,9999.000,9999.000,9999.000
202605301412,   0.979,9999.000,9999.000,9999.000,9999.000,9999.000,9999.000,9999.000,9999.000
202605301418,   0.939,9999.000,9999.000,9999.000,9999.000,9999.000,9999.000,9999.000,9999.000
202605301424,   0.901,9999.000,9999.000,9999.000,9999.000,9999.000,9999.000,9999.000,9999.000
202605301430,   0.865,9999.000,9999.000,9999.000,9999.000,9999.000,9999.000,9999.000,9999.000
202605301436,   0.830,9999.000,9999.000,9999.000,9999.000,9999.000,9999.000,9999.000,9999.000
202605301442,   0.797,9999.000,9999.000,9999.000,9999.000,9999.000,9999.000,9999.000,9999.000
202605301448,   0.766,9999.000,9999.000,9999.000,9999.000,9999.000,9999.000,9999.000,9999.000
202605301454,   0.737,9999.000,9999.000,9999.000,9999.000,9999.000,9999.000,9999.000,9999.000
202605301500,   0.710,9999.000,   0.200,9999.000,   0.910,   0.200,   0.910,   0.300,   1.010
202605301506,   0.685,9999.000,9999.000,9999.000,9999.000,9999.000,9999.000,9999.000,9999.000
202605301512,   0.662,9999.000,9999.000,9999.000,9999.000,9999.000,9999.000,9999.000,9999.000
202605301518,   0.642,9999.000,9999.000,9999.000,9999.000,9999.000,9999.000,9999.000,9999.000
202605301524,   0.625,9999.000,9999.000,9999.000,9999.000,9999.000,9999.000,9999.000,9999.000
202605301530,   0.610,9999.000,9999.000,9999.000,9999.000,9999.000,9999.000,9999.000,9999.000
202605301536,   0.597,9999.000,9999.000,9999.000,9999.000,9999.000,9999.000,9999.000,9999.000
202605301542,   0.588,9999.000,9999.000,9999.000,9999.000,9999.000,9999.000,9999.000,9999.000
202605301548,   0.580,9999.000,9999.000,9999.000,9999.000,9999.000,9999.000,9999.000,9999.000
202605301554,   0.576,9999.000,9999.000,9999.000,9999.000,9999.000,9999.000,9999.000,9999.000
202605301600,   0.574,9999.000,   0.200,9999.000,   0.774,   0.100,   0.674,   0.300,   0.874
202605301606,   0.574,9999.000,9999.000,9999.000,9999.000,9999.000,9999.000,9999.000,9999.000
202605301612,   0.577,9999.000,9999.000,9999.000,9999.000,9999.000,9999.000,9999.000,9999.000
202605301618,   0.583,9999.000,9999.000,9999.000,9999.000,9999.000,9999.000,9999.000,9999.000
202605301624,   0.591,9999.000,9999.000,9999.000,9999.000,9999.000,9999.000,9999.000,9999.000
202605301630,   0.601,9999.000,9999.000,9999.000,9999.000,9999.000,9999.000,9999.000,9999.000
202605301636,   0.613,9999.000,9999.000,9999.000,9999.000,9999.000,9999.000,9999.000,9999.000
202605301642,   0.627,9999.000,9999.000,9999.000,9999.000,9999.000,9999.000,9999.000,9999.000
202605301648,   0.644,9999.000,9999.000,9999.000,9999.000,9999.000,9999.000,9999.000,9999.000
202605301654,   0.662,9999.000,9999.000,9999.000,9999.000,9999.000,9999.000,9999.000,9999.000
202605301700,   0.682,9999.000,   0.200,9999.000,   0.882,   0.100,   0.782,   0.200,   0.882
202605301706,   0.703,9999.000,9999.000,9999.000,9999.000,9999.000,9999.000,9999.000,9999.000
202605301712,   0.725,9999.000,9999.000,9999.000,9999.000,9999.000,9999.000,9999.000,9999.000
202605301718,   0.749,9999.000,9999.000,9999.000,9999.000,9999.000,9999.000,9999.000,9999.000
202605301724,   0.774,9999.000,9999.000,9999.000,9999.000,9999.000,9999.000,9999.000,9999.000
202605301730,   0.799,9999.000,9999.000,9999.000,9999.000,9999.000,9999.000,9999.000,9999.000
202605301736,   0.826,9999.000,9999.000,9999.000,9999.000,9999.000,9999.000,9999.000,9999.000
202605301742,   0.853,9999.000,9999.000,9999.000,9999.000,9999.000,9999.000,9999.000,9999.000
202605301748,   0.880,9999.000,9999.000,9999.000,9999.000,9999.000,9999.000,9999.000,9999.000
202605301754,   0.908,9999.000,9999.000,9999.000,9999.000,9999.000,9999.000,9999.000,9999.000
202605301800,   0.936,9999.000,   0.200,9999.000,   1.136,   0.100,   1.036,   0.200,   1.136
202605301806,   0.964,9999.000,9999.000,9999.000,9999.000,9999.000,9999.000,9999.000,9999.000
202605301812,   0.993,9999.000,9999.000,9999.000,9999.000,9999.000,9999.000,9999.000,9999.000
202605301818,   1.021,9999.000,9999.000,9999.000,9999.000,9999.000,9999.000,9999.000,9999.000
202605301824,   1.049,9999.000,9999.000,9999.000,9999.000,9999.000,9999.000,9999.000,9999.000
202605301830,   1.077,9999.000,9999.000,9999.000,9999.000,9999.000,9999.000,9999.000,9999.000
202605301836,   1.105,9999.000,9999.000,9999.000,9999.000,9999.000,9999.000,9999.000,9999.000
202605301842,   1.133,9999.000,9999.000,9999.000,9999.000,9999.000,9999.000,9999.000,9999.000
202605301848,   1.161,9999.000,9999.000,9999.000,9999.000,9999.000,9999.000,9999.000,9999.000
202605301854,   1.189,9999.000,9999.000,9999.000,9999.000,9999.000,9999.000,9999.000,9999.000
202605301900,   1.216,9999.000,   0.200,9999.000,   1.416,   0.100,   1.316,   0.200,   1.416
202605301906,   1.243,9999.000,9999.000,9999.000,9999.000,9999.000,9999.000,9999.000,9999.000
202605301912,   1.270,9999.000,9999.000,9999.000,9999.000,9999.000,9999.000,9999.000,9999.000
202605301918,   1.296,9999.000,9999.000,9999.000,9999.000,9999.000,9999.000,9999.000,9999.000
202605301924,   1.322,9999.000,9999.000,9999.000,9999.000,9999.000,9999.000,9999.000,9999.000
202605301930,   1.348,9999.000,9999.000,9999.000,9999.000,9999.000,9999.000,9999.000,9999.000
202605301936,   1.373,9999.000,9999.000,9999.000,9999.000,9999.000,9999.000,9999.000,9999.000
202605301942,   1.398,9999.000,9999.000,9999.000,9999.000,9999.000,9999.000,9999.000,9999.000
202605301948,   1.423,9999.000,9999.000,9999.000,9999.000,9999.000,9999.000,9999.000,9999.000
202605301954,   1.447,9999.000,9999.000,9999.000,9999.000,9999.000,9999.000,9999.000,9999.000
202605302000,   1.470,9999.000,   0.200,9999.000,   1.670,   0.100,   1.570,   0.200,   1.670
202605302006,   1.492,9999.000,9999.000,9999.000,9999.000,9999.000,9999.000,9999.000,9999.000
202605302012,   1.514,9999.000,9999.000,9999.000,9999.000,9999.000,9999.000,9999.000,9999.000
202605302018,   1.535,9999.000,9999.000,9999.000,9999.000,9999.000,9999.000,9999.000,9999.000
202605302024,   1.555,9999.000,9999.000,9999.000,9999.000,9999.000,9999.000,9999.000,9999.000
202605302030,   1.574,9999.000,9999.000,9999.000,9999.000,9999.000,9999.000,9999.000,9999.000
202605302036,   1.591,9999.000,9999.000,9999.000,9999.000,9999.000,9999.000,9999.000,9999.000
202605302042,   1.608,9999.000,9999.000,9999.000,9999.000,9999.000,9999.000,9999.000,9999.000
202605302048,   1.623,9999.000,9999.000,9999.000,9999.000,9999.000,9999.000,9999.000,9999.000
202605302054,   1.637,9999.000,9999.000,9999.000,9999.000,9999.000,9999.000,9999.000,9999.000
202605302100,   1.649,9999.000,   0.100,9999.000,   1.749,   0.100,   1.749,   0.200,   1.849
202605302106,   1.659,9999.000,9999.000,9999.000,9999.000,9999.000,9999.000,9999.000,9999.000
202605302112,   1.668,9999.000,9999.000,9999.000,9999.000,9999.000,9999.000,9999.000,9999.000
202605302118,   1.675,9999.000,9999.000,9999.000,9999.000,9999.000,9999.000,9999.000,9999.000
202605302124,   1.680,9999.000,9999.000,9999.000,9999.000,9999.000,9999.000,9999.000,9999.000
202605302130,   1.684,9999.000,9999.000,9999.000,9999.000,9999.000,9999.000,9999.000,9999.000
202605302136,   1.685,9999.000,9999.000,9999.000,9999.000,9999.000,9999.000,9999.000,9999.000
202605302142,   1.685,9999.000,9999.000,9999.000,9999.000,9999.000,9999.000,9999.000,9999.000
202605302148,   1.682,9999.000,9999.000,9999.000,9999.000,9999.000,9999.000,9999.000,9999.000
202605302154,   1.678,9999.000,9999.000,9999.000,9999.000,9999.000,9999.000,9999.000,9999.000
202605302200,   1.671,9999.000,   0.100,9999.000,   1.771,   0.100,   1.771,   0.200,   1.871
202605302206,   1.663,9999.000,9999.000,9999.000,9999.000,9999.000,9999.000,9999.000,9999.000
202605302212,   1.652,9999.000,9999.000,9999.000,9999.000,9999.000,9999.000,9999.000,9999.000
202605302218,   1.640,9999.000,9999.000,9999.000,9999.000,9999.000,9999.000,9999.000,9999.000
202605302224,   1.625,9999.000,9999.000,9999.000,9999.000,9999.000,9999.000,9999.000,9999.000
202605302230,   1.609,9999.000,9999.000,9999.000,9999.000,9999.000,9999.000,9999.000,9999.000
202605302236,   1.591,9999.000,9999.000,9999.000,9999.000,9999.000,9999.000,9999.000,9999.000
202605302242,   1.571,9999.000,9999.000,9999.000,9999.000,9999.000,9999.000,9999.000,9999.000
202605302248,   1.549,9999.000,9999.000,9999.000,9999.000,9999.000,9999.000,9999.000,9999.000
202605302254,   1.525,9999.000,9999.000,9999.000,9999.000,9999.000,9999.000,9999.000,9999.000
202605302300,   1.500,9999.000,   0.100,9999.000,   1.600,   0.000,   1.500,   0.100,   1.600
202605302306,   1.473,9999.000,9999.000,9999.000,9999.000,9999.000,9999.000,9999.000,9999.000
202605302312,   1.444,9999.000,9999.000,9999.000,9999.000,9999.000,9999.000,9999.000,9999.000
202605302318,   1.414,9999.000,9999.000,9999.000,9999.000,9999.000,9999.000,9999.000,9999.000
202605302324,   1.382,9999.000,9999.000,9999.000,9999.000,9999.000,9999.000,9999.000,9999.000
202605302330,   1.349,9999.000,9999.000,9999.000,9999.000,9999.000,9999.000,9999.000,9999.000
202605302336,   1.315,9999.000,9999.000,9999.000,9999.000,9999.000,9999.000,9999.000,9999.000
202605302342,   1.280,9999.000,9999.000,9999.000,9999.000,9999.000,9999.000,9999.000,9999.000
202605302348,   1.243,9999.000,9999.000,9999.000,9999.000,9999.000,9999.000,9999.000,9999.000
202605302354,   1.205,9999.000,9999.000,9999.000,9999.000,9999.000,9999.000,9999.000,9999.000
202605310000,   1.166,9999.000,   0.100,9999.000,   1.266,   0.100,   1.266,   0.100,   1.266
202605310006,   1.127,9999.000,9999.000,9999.000,9999.000,9999.000,9999.000,9999.000,9999.000
202605310012,   1.086,9999.000,9999.000,9999.000,9999.000,9999.000,9999.000,9999.000,9999.000
202605310018,   1.045,9999.000,9999.000,9999.000,9999.000,9999.000,9999.000,9999.000,9999.000
202605310024,   1.004,9999.000,9999.000,9999.000,9999.000,9999.000,9999.000,9999.000,9999.000
202605310030,   0.962,9999.000,9999.000,9999.000,9999.000,9999.000,9999.000,9999.000,9999.000
202605310036,   0.919,9999.000,9999.000,9999.000,9999.000,9999.000,9999.000,9999.000,9999.000
202605310042,   0.877,9999.000,9999.000,9999.000,9999.000,9999.000,9999.000,9999.000,9999.000
202605310048,   0.834,9999.000,9999.000,9999.000,9999.000,9999.000,9999.000,9999.000,9999.000
202605310054,   0.791,9999.000,9999.000,9999.000,9999.000,9999.000,9999.000,9999.000,9999.000
202605310100,   0.749,9999.000,   0.100,9999.000,   0.849,   0.100,   0.849,   0.100,   0.849
202605310106,   0.706,9999.000,9999.000,9999.000,9999.000,9999.000,9999.000,9999.000,9999.000
202605310112,   0.664,9999.000,9999.000,9999.000,9999.000,9999.000,9999.000,9999.000,9999.000
202605310118,   0.623,9999.000,9999.000,9999.000,9999.000,9999.000,9999.000,9999.000,9999.000
202605310124,   0.582,9999.000,9999.000,9999.000,9999.000,9999.000,9999.000,9999.000,9999.000
202605310130,   0.542,9999.000,9999.000,9999.000,9999.000,9999.000,9999.000,9999.000,9999.000
202605310136,   0.503,9999.000,9999.000,9999.000,9999.000,9999.000,9999.000,9999.000,9999.000
202605310142,   0.465,9999.000,9999.000,9999.000,9999.000,9999.000,9999.000,9999.000,9999.000
202605310148,   0.428,9999.000,9999.000,9999.000,9999.000,9999.000,9999.000,9999.000,9999.000
202605310154,   0.392,9999.000,9999.000,9999.000,9999.000,9999.000,9999.000,9999.000,9999.000
202605310200,   0.357,9999.000,   0.100,9999.000,   0.457,   0.000,   0.357,   0.100,   0.457
202605310206,   0.324,9999.000,9999.000,9999.000,9999.000,9999.000,9999.000,9999.000,9999.000
202605310212,   0.292,9999.000,9999.000,9999.000,9999.000,9999.000,9999.000,9999.000,9999.000
202605310218,   0.262,9999.000,9999.000,9999.000,9999.000,9999.000,9999.000,9999.000,9999.000
202605310224,   0.233,9999.000,9999.000,9999.000,9999.000,9999.000,9999.000,9999.000,9999.000
202605310230,   0.206,9999.000,9999.000,9999.000,9999.000,9999.000,9999.000,9999.000,9999.000
202605310236,   0.182,9999.000,9999.000,9999.000,9999.000,9999.000,9999.000,9999.000,9999.000
202605310242,   0.159,9999.000,9999.000,9999.000,9999.000,9999.000,9999.000,9999.000,9999.000
202605310248,   0.138,9999.000,9999.000,9999.000,9999.000,9999.000,9999.000,9999.000,9999.000
202605310254,   0.119,9999.000,9999.000,9999.000,9999.000,9999.000,9999.000,9999.000,9999.000
202605310300,   0.103,9999.000,   0.100,9999.000,   0.203,   0.000,   0.103,   0.100,   0.203
202605310306,   0.089,9999.000,9999.000,9999.000,9999.000,9999.000,9999.000,9999.000,9999.000
202605310312,   0.077,9999.000,9999.000,9999.000,9999.000,9999.000,9999.000,9999.000,9999.000
202605310318,   0.068,9999.000,9999.000,9999.000,9999.000,9999.000,9999.000,9999.000,9999.000
202605310324,   0.061,9999.000,9999.000,9999.000,9999.000,9999.000,9999.000,9999.000,9999.000
202605310330,   0.057,9999.000,9999.000,9999.000,9999.000,9999.000,9999.000,9999.000,9999.000
202605310336,   0.056,9999.000,9999.000,9999.000,9999.000,9999.000,9999.000,9999.000,9999.000
202605310342,   0.058,9999.000,9999.000,9999.000,9999.000,9999.000,9999.000,9999.000,9999.000
202605310348,   0.062,9999.000,9999.000,9999.000,9999.000,9999.000,9999.000,9999.000,9999.000
202605310354,   0.070,9999.000,9999.000,9999.000,9999.000,9999.000,9999.000,9999.000,9999.000
202605310400,   0.080,9999.000,   0.100,9999.000,   0.180,   0.000,   0.080,   0.100,   0.180
202605310406,   0.093,9999.000,9999.000,9999.000,9999.000,9999.000,9999.000,9999.000,9999.000
202605310412,   0.109,9999.000,9999.000,9999.000,9999.000,9999.000,9999.000,9999.000,9999.000
202605310418,   0.129,9999.000,9999.000,9999.000,9999.000,9999.000,9999.000,9999.000,9999.000
202605310424,   0.151,9999.000,9999.000,9999.000,9999.000,9999.000,9999.000,9999.000,9999.000
202605310430,   0.176,9999.000,9999.000,9999.000,9999.000,9999.000,9999.000,9999.000,9999.000
202605310436,   0.203,9999.000,9999.000,9999.000,9999.000,9999.000,9999.000,9999.000,9999.000
202605310442,   0.234,9999.000,9999.000,9999.000,9999.000,9999.000,9999.000,9999.000,9999.000
202605310448,   0.267,9999.000,9999.000,9999.000,9999.000,9999.000,9999.000,9999.000,9999.000
202605310454,   0.303,9999.000,9999.000,9999.000,9999.000,9999.000,9999.000,9999.000,9999.000
202605310500,   0.341,9999.000,   0.000,9999.000,   0.341,   0.000,   0.341,   0.100,   0.441
202605310506,   0.382,9999.000,9999.000,9999.000,9999.000,9999.000,9999.000,9999.000,9999.000
202605310512,   0.424,9999.000,9999.000,9999.000,9999.000,9999.000,9999.000,9999.000,9999.000
202605310518,   0.469,9999.000,9999.000,9999.000,9999.000,9999.000,9999.000,9999.000,9999.000
202605310524,   0.515,9999.000,9999.000,9999.000,9999.000,9999.000,9999.000,9999.000,9999.000
202605310530,   0.564,9999.000,9999.000,9999.000,9999.000,9999.000,9999.000,9999.000,9999.000
202605310536,   0.613,9999.000,9999.000,9999.000,9999.000,9999.000,9999.000,9999.000,9999.000
202605310542,   0.664,9999.000,9999.000,9999.000,9999.000,9999.000,9999.000,9999.000,9999.000
202605310548,   0.716,9999.000,9999.000,9999.000,9999.000,9999.000,9999.000,9999.000,9999.000
202605310554,   0.769,9999.000,9999.000,9999.000,9999.000,9999.000,9999.000,9999.000,9999.000
202605310600,   0.823,9999.000,   0.000,9999.000,   0.823,   0.000,   0.823,   0.000,   0.823
202605310606,   0.878,9999.000,9999.000,9999.000,9999.000,9999.000,9999.000,9999.000,9999.000
202605310612,   0.933,9999.000,9999.000,9999.000,9999.000,9999.000,9999.000,9999.000,9999.000
202605310618,   0.989,9999.000,9999.000,9999.000,9999.000,9999.000,9999.000,9999.000,9999.000
202605310624,   1.044,9999.000,9999.000,9999.000,9999.000,9999.000,9999.000,9999.000,9999.000
202605310630,   1.100,9999.000,9999.000,9999.000,9999.000,9999.000,9999.000,9999.000,9999.000
202605310636,   1.156,9999.000,9999.000,9999.000,9999.000,9999.000,9999.000,9999.000,9999.000
202605310642,   1.211,9999.000,9999.000,9999.000,9999.000,9999.000,9999.000,9999.000,9999.000
202605310648,   1.267,9999.000,9999.000,9999.000,9999.000,9999.000,9999.000,9999.000,9999.000
202605310654,   1.322,9999.000,9999.000,9999.000,9999.000,9999.000,9999.000,9999.000,9999.000
202605310700,   1.377,9999.000,   0.000,9999.000,   1.377,   0.000,   1.377,   0.000,   1.377
202605310706,   1.432,9999.000,9999.000,9999.000,9999.000,9999.000,9999.000,9999.000,9999.000
202605310712,   1.486,9999.000,9999.000,9999.000,9999.000,9999.000,9999.000,9999.000,9999.000
202605310718,   1.539,9999.000,9999.000,9999.000,9999.000,9999.000,9999.000,9999.000,9999.000
202605310724,   1.592,9999.000,9999.000,9999.000,9999.000,9999.000,9999.000,9999.000,9999.000
202605310730,   1.645,9999.000,9999.000,9999.000,9999.000,9999.000,9999.000,9999.000,9999.000
202605310736,   1.696,9999.000,9999.000,9999.000,9999.000,9999.000,9999.000,9999.000,9999.000
202605310742,   1.748,9999.000,9999.000,9999.000,9999.000,9999.000,9999.000,9999.000,9999.000
202605310748,   1.798,9999.000,9999.000,9999.000,9999.000,9999.000,9999.000,9999.000,9999.000
202605310754,   1.848,9999.000,9999.000,9999.000,9999.000,9999.000,9999.000,9999.000,9999.000
202605310800,   1.897,9999.000,   0.000,9999.000,   1.897,   0.000,   1.897,   0.000,   1.897
202605310806,   1.945,9999.000,9999.000,9999.000,9999.000,9999.000,9999.000,9999.000,9999.000
202605310812,   1.992,9999.000,9999.000,9999.000,9999.000,9999.000,9999.000,9999.000,9999.000
202605310818,   2.038,9999.000,9999.000,9999.000,9999.000,9999.000,9999.000,9999.000,9999.000
202605310824,   2.083,9999.000,9999.000,9999.000,9999.000,9999.000,9999.000,9999.000,9999.000
202605310830,   2.127,9999.000,9999.000,9999.000,9999.000,9999.000,9999.000,9999.000,9999.000
202605310836,   2.169,9999.000,9999.000,9999.000,9999.000,9999.000,9999.000,9999.000,9999.000
202605310842,   2.210,9999.000,9999.000,9999.000,9999.000,9999.000,9999.000,9999.000,9999.000
202605310848,   2.250,9999.000,9999.000,9999.000,9999.000,9999.000,9999.000,9999.000,9999.000
202605310854,   2.288,9999.000,9999.000,9999.000,9999.000,9999.000,9999.000,9999.000,9999.000
202605310900,   2.325,9999.000,   0.000,9999.000,   2.325,   0.000,   2.325,   0.000,   2.325
202605310906,   2.360,9999.000,9999.000,9999.000,9999.000,9999.000,9999.000,9999.000,9999.000
202605310912,   2.393,9999.000,9999.000,9999.000,9999.000,9999.000,9999.000,9999.000,9999.000
202605310918,   2.424,9999.000,9999.000,9999.000,9999.000,9999.000,9999.000,9999.000,9999.000
202605310924,   2.453,9999.000,9999.000,9999.000,9999.000,9999.000,9999.000,9999.000,9999.000
202605310930,   2.480,9999.000,9999.000,9999.000,9999.000,9999.000,9999.000,9999.000,9999.000
202605310936,   2.504,9999.000,9999.000,9999.000,9999.000,9999.000,9999.000,9999.000,9999.000
202605310942,   2.527,9999.000,9999.000,9999.000,9999.000,9999.000,9999.000,9999.000,9999.000
202605310948,   2.547,9999.000,9999.000,9999.000,9999.000,9999.000,9999.000,9999.000,9999.000
202605310954,   2.564,9999.000,9999.000,9999.000,9999.000,9999.000,9999.000,9999.000,9999.000
202605311000,   2.579,9999.000,   0.000,9999.000,   2.579,   0.000,   2.579,   0.000,   2.579
202605311006,   2.592,9999.000,9999.000,9999.000,9999.000,9999.000,9999.000,9999.000,9999.000
202605311012,   2.601,9999.000,9999.000,9999.000,9999.000,9999.000,9999.000,9999.000,9999.000
202605311018,   2.609,9999.000,9999.000,9999.000,9999.000,9999.000,9999.000,9999.000,9999.000
202605311024,   2.613,9999.000,9999.000,9999.000,9999.000,9999.000,9999.000,9999.000,9999.000
202605311030,   2.615,9999.000,9999.000,9999.000,9999.000,9999.000,9999.000,9999.000,9999.000
202605311036,   2.614,9999.000,9999.000,9999.000,9999.000,9999.000,9999.000,9999.000,9999.000
202605311042,   2.611,9999.000,9999.000,9999.000,9999.000,9999.000,9999.000,9999.000,9999.000
202605311048,   2.605,9999.000,9999.000,9999.000,9999.000,9999.000,9999.000,9999.000,9999.000
202605311054,   2.596,9999.000,9999.000,9999.000,9999.000,9999.000,9999.000,9999.000,9999.000
202605311100,   2.585,9999.000,   0.000,9999.000,   2.585,   0.000,   2.585,   0.000,   2.585
202605311106,   2.571,9999.000,9999.000,9999.000,9999.000,9999.000,9999.000,9999.000,9999.000
202605311112,   2.554,9999.000,9999.000,9999.000,9999.000,9999.000,9999.000,9999.000,9999.000
202605311118,   2.535,9999.000,9999.000,9999.000,9999.000,9999.000,9999.000,9999.000,9999.000
202605311124,   2.514,9999.000,9999.000,9999.000,9999.000,9999.000,9999.000,9999.000,9999.000
202605311130,   2.490,9999.000,9999.000,9999.000,9999.000,9999.000,9999.000,9999.000,9999.000
202605311136,   2.464,9999.000,9999.000,9999.000,9999.000,9999.000,9999.000,9999.000,9999.000
202605311142,   2.436,9999.000,9999.000,9999.000,9999.000,9999.000,9999.000,9999.000,9999.000
202605311148,   2.405,9999.000,9999.000,9999.000,9999.000,9999.000,9999.000,9999.000,9999.000
202605311154,   2.373,9999.000,9999.000,9999.000,9999.000,9999.000,9999.000,9999.000,9999.000
202605311200,   2.338,9999.000,   0.000,9999.000,   2.338,   0.000,   2.338,   0.000,   2.338
202605311206,   2.301,9999.000,9999.000,9999.000,9999.000,9999.000,9999.000,9999.000,9999.000
202605311212,   2.263,9999.000,9999.000,9999.000,9999.000,9999.000,9999.000,9999.000,9999.000
202605311218,   2.222,9999.000,9999.000,9999.000,9999.000,9999.000,9999.000,9999.000,9999.000
202605311224,   2.181,9999.000,9999.000,9999.000,9999.000,9999.000,9999.000,9999.000,9999.000
202605311230,   2.137,9999.000,9999.000,9999.000,9999.000,9999.000,9999.000,9999.000,9999.000
202605311236,   2.092,9999.000,9999.000,9999.000,9999.000,9999.000,9999.000,9999.000,9999.000
202605311242,   2.046,9999.000,9999.000,9999.000,9999.000,9999.000,9999.000,9999.000,9999.000
202605311248,   1.999,9999.000,9999.000,9999.000,9999.000,9999.000,9999.000,9999.000,9999.000
202605311254,   1.950,9999.000,9999.000,9999.000,9999.000,9999.000,9999.000,9999.000,9999.000
202605311300,   1.901,9999.000,   0.000,9999.000,   1.901,   0.000,   1.901,   0.000,   1.901
202605311306,   1.851,9999.000,9999.000,9999.000,9999.000,9999.000,9999.000,9999.000,9999.000
202605311312,   1.800,9999.000,9999.000,9999.000,9999.000,9999.000,9999.000,9999.000,9999.000
202605311318,   1.749,9999.000,9999.000,9999.000,9999.000,9999.000,9999.000,9999.000,9999.000
202605311324,   1.697,9999.000,9999.000,9999.000,9999.000,9999.000,9999.000,9999.000,9999.000
202605311330,   1.645,9999.000,9999.000,9999.000,9999.000,9999.000,9999.000,9999.000,9999.000
202605311336,   1.593,9999.000,9999.000,9999.000,9999.000,9999.000,9999.000,9999.000,9999.000
202605311342,   1.541,9999.000,9999.000,9999.000,9999.000,9999.000,9999.000,9999.000,9999.000
202605311348,   1.488,9999.000,9999.000,9999.000,9999.000,9999.000,9999.000,9999.000,9999.000
202605311354,   1.437,9999.000,9999.000,9999.000,9999.000,9999.000,9999.000,9999.000,9999.000
202605311400,   1.385,9999.000,   0.000,9999.000,   1.385,   0.000,   1.385,   0.000,   1.385
202605311406,   1.334,9999.000,9999.000,9999.000,9999.000,9999.000,9999.000,9999.000,9999.000
202605311412,   1.284,9999.000,9999.000,9999.000,9999.000,9999.000,9999.000,9999.000,9999.000
202605311418,   1.234,9999.000,9999.000,9999.000,9999.000,9999.000,9999.000,9999.000,9999.000
202605311424,   1.185,9999.000,9999.000,9999.000,9999.000,9999.000,9999.000,9999.000,9999.000
202605311430,   1.138,9999.000,9999.000,9999.000,9999.000,9999.000,9999.000,9999.000,9999.000
202605311436,   1.091,9999.000,9999.000,9999.000,9999.000,9999.000,9999.000,9999.000,9999.000
202605311442,   1.045,9999.000,9999.000,9999.000,9999.000,9999.000,9999.000,9999.000,9999.000
202605311448,   1.000,9999.000,9999.000,9999.000,9999.000,9999.000,9999.000,9999.000,9999.000
202605311454,   0.957,9999.000,9999.000,9999.000,9999.000,9999.000,9999.000,9999.000,9999.000
202605311500,   0.915,9999.000,   0.000,9999.000,   0.915,   0.000,   0.915,   0.000,   0.915
202605311506,   0.875,9999.000,9999.000,9999.000,9999.000,9999.000,9999.000,9999.000,9999.000
202605311512,   0.836,9999.000,9999.000,9999.000,9999.000,9999.000,9999.000,9999.000,9999.000
202605311518,   0.799,9999.000,9999.000,9999.000,9999.000,9999.000,9999.000,9999.000,9999.000
202605311524,   0.764,9999.000,9999.000,9999.000,9999.000,9999.000,9999.000,9999.000,9999.000
202605311530,   0.731,9999.000,9999.000,9999.000,9999.000,9999.000,9999.000,9999.000,9999.000
202605311536,   0.700,9999.000,9999.000,9999.000,9999.000,9999.000,9999.000,9999.000,9999.000
202605311542,   0.670,9999.000,9999.000,9999.000,9999.000,9999.000,9999.000,9999.000,9999.000
202605311548,   0.643,9999.000,9999.000,9999.000,9999.000,9999.000,9999.000,9999.000,9999.000
202605311554,   0.619,9999.000,9999.000,9999.000,9999.000,9999.000,9999.000,9999.000,9999.000
202605311600,   0.596,9999.000,   0.000,9999.000,   0.596,   0.000,   0.596,   0.000,   0.596
202605311606,   0.576,9999.000,9999.000,9999.000,9999.000,9999.000,9999.000,9999.000,9999.000
202605311612,   0.559,9999.000,9999.000,9999.000,9999.000,9999.000,9999.000,9999.000,9999.000
202605311618,   0.544,9999.000,9999.000,9999.000,9999.000,9999.000,9999.000,9999.000,9999.000
202605311624,   0.532,9999.000,9999.000,9999.000,9999.000,9999.000,9999.000,9999.000,9999.000
202605311630,   0.522,9999.000,9999.000,9999.000,9999.000,9999.000,9999.000,9999.000,9999.000
202605311636,   0.515,9999.000,9999.000,9999.000,9999.000,9999.000,9999.000,9999.000,9999.000
202605311642,   0.511,9999.000,9999.000,9999.000,9999.000,9999.000,9999.000,9999.000,9999.000
202605311648,   0.510,9999.000,9999.000,9999.000,9999.000,9999.000,9999.000,9999.000,9999.000
202605311654,   0.511,9999.000,9999.000,9999.000,9999.000,9999.000,9999.000,9999.000,9999.000
202605311700,   0.515,9999.000,   0.000,9999.000,   0.515,   0.000,   0.515,   0.100,   0.615
202605311706,   0.521,9999.000,9999.000,9999.000,9999.000,9999.000,9999.000,9999.000,9999.000
202605311712,   0.530,9999.000,9999.000,9999.000,9999.000,9999.000,9999.000,9999.000,9999.000
202605311718,   0.541,9999.000,9999.000,9999.000,9999.000,9999.000,9999.000,9999.000,9999.000
202605311724,   0.555,9999.000,9999.000,9999.000,9999.000,9999.000,9999.000,9999.000,9999.000
202605311730,   0.570,9999.000,9999.000,9999.000,9999.000,9999.000,9999.000,9999.000,9999.000
202605311736,   0.588,9999.000,9999.000,9999.000,9999.000,9999.000,9999.000,9999.000,9999.000
202605311742,   0.608,9999.000,9999.000,9999.000,9999.000,9999.000,9999.000,9999.000,9999.000
202605311748,   0.630,9999.000,9999.000,9999.000,9999.000,9999.000,9999.000,9999.000,9999.000
202605311754,   0.653,9999.000,9999.000,9999.000,9999.000,9999.000,9999.000,9999.000,9999.000
202605311800,   0.678,9999.000,   0.000,9999.000,   0.678,   0.000,   0.678,   0.100,   0.778
202605311806,   0.704,9999.000,9999.000,9999.000,9999.000,9999.000,9999.000,9999.000,9999.000
202605311812,   0.731,9999.000,9999.000,9999.000,9999.000,9999.000,9999.000,9999.000,9999.000
202605311818,   0.760,9999.000,9999.000,9999.000,9999.000,9999.000,9999.000,9999.000,9999.000
202605311824,   0.789,9999.000,9999.000,9999.000,9999.000,9999.000,9999.000,9999.000,9999.000
202605311830,   0.818,9999.000,9999.000,9999.000,9999.000,9999.000,9999.000,9999.000,9999.000
202605311836,   0.849,9999.000,9999.000,9999.000,9999.000,9999.000,9999.000,9999.000,9999.000
202605311842,   0.879,9999.000,9999.000,9999.000,9999.000,9999.000,9999.000,9999.000,9999.000
202605311848,   0.910,9999.000,9999.000,9999.000,9999.000,9999.000,9999.000,9999.000,9999.000
202605311854,   0.941,9999.000,9999.000,9999.000,9999.000,9999.000,9999.000,9999.000,9999.000
202605311900,   0.972,9999.000,   0.000,9999.000,   0.972,   0.000,   0.972,   0.100,   1.072
202605311906,   1.003,9999.000,9999.000,9999.000,9999.000,9999.000,9999.000,9999.000,9999.000
202605311912,   1.034,9999.000,9999.000,9999.000,9999.000,9999.000,9999.000,9999.000,9999.000
202605311918,   1.065,9999.000,9999.000,9999.000,9999.000,9999.000,9999.000,9999.000,9999.000
202605311924,   1.096,9999.000,9999.000,9999.000,9999.000,9999.000,9999.000,9999.000,9999.000
202605311930,   1.126,9999.000,9999.000,9999.000,9999.000,9999.000,9999.000,9999.000,9999.000
202605311936,   1.155,9999.000,9999.000,9999.000,9999.000,9999.000,9999.000,9999.000,9999.000
202605311942,   1.185,9999.000,9999.000,9999.000,9999.000,9999.000,9999.000,9999.000,9999.000
202605311948,   1.214,9999.000,9999.000,9999.000,9999.000,9999.000,9999.000,9999.000,9999.000
202605311954,   1.242,9999.000,9999.000,9999.000,9999.000,9999.000,9999.000,9999.000,9999.000
202605312000,   1.270,9999.000,   0.100,9999.000,   1.370,   0.000,   1.270,   0.100,   1.370
202605312006,   1.298,9999.000,9999.000,9999.000,9999.000,9999.000,9999.000,9999.000,9999.000
202605312012,   1.325,9999.000,9999.000,9999.000,9999.000,9999.000,9999.000,9999.000,9999.000
202605312018,   1.351,9999.000,9999.000,9999.000,9999.000,9999.000,9999.000,9999.000,9999.000
202605312024,   1.377,9999.000,9999.000,9999.000,9999.000,9999.000,9999.000,9999.000,9999.000
202605312030,   1.403,9999.000,9999.000,9999.000,9999.000,9999.000,9999.000,9999.000,9999.000
202605312036,   1.427,9999.000,9999.000,9999.000,9999.000,9999.000,9999.000,9999.000,9999.000
202605312042,   1.451,9999.000,9999.000,9999.000,9999.000,9999.000,9999.000,9999.000,9999.000
202605312048,   1.475,9999.000,9999.000,9999.000,9999.000,9999.000,9999.000,9999.000,9999.000
202605312054,   1.497,9999.000,9999.000,9999.000,9999.000,9999.000,9999.000,9999.000,9999.000
202605312100,   1.518,9999.000,   0.100,9999.000,   1.618,   0.100,   1.618,   0.100,   1.618
202605312106,   1.539,9999.000,9999.000,9999.000,9999.000,9999.000,9999.000,9999.000,9999.000
202605312112,   1.559,9999.000,9999.000,9999.000,9999.000,9999.000,9999.000,9999.000,9999.000
202605312118,   1.577,9999.000,9999.000,9999.000,9999.000,9999.000,9999.000,9999.000,9999.000
202605312124,   1.594,9999.000,9999.000,9999.000,9999.000,9999.000,9999.000,9999.000,9999.000
202605312130,   1.610,9999.000,9999.000,9999.000,9999.000,9999.000,9999.000,9999.000,9999.000
202605312136,   1.625,9999.000,9999.000,9999.000,9999.000,9999.000,9999.000,9999.000,9999.000
202605312142,   1.638,9999.000,9999.000,9999.000,9999.000,9999.000,9999.000,9999.000,9999.000
202605312148,   1.649,9999.000,9999.000,9999.000,9999.000,9999.000,9999.000,9999.000,9999.000
202605312154,   1.659,9999.000,9999.000,9999.000,9999.000,9999.000,9999.000,9999.000,9999.000
202605312200,   1.667,9999.000,   0.100,9999.000,   1.767,   0.100,   1.767,   0.100,   1.767
202605312206,   1.674,9999.000,9999.000,9999.000,9999.000,9999.000,9999.000,9999.000,9999.000
202605312212,   1.678,9999.000,9999.000,9999.000,9999.000,9999.000,9999.000,9999.000,9999.000
202605312218,   1.681,9999.000,9999.000,9999.000,9999.000,9999.000,9999.000,9999.000,9999.000
202605312224,   1.682,9999.000,9999.000,9999.000,9999.000,9999.000,9999.000,9999.000,9999.000
202605312230,   1.680,9999.000,9999.000,9999.000,9999.000,9999.000,9999.000,9999.000,9999.000
202605312236,   1.677,9999.000,9999.000,9999.000,9999.000,9999.000,9999.000,9999.000,9999.000
202605312242,   1.671,9999.000,9999.000,9999.000,9999.000,9999.000,9999.000,9999.000,9999.000
202605312248,   1.664,9999.000,9999.000,9999.000,9999.000,9999.000,9999.000,9999.000,9999.000
202605312254,   1.654,9999.000,9999.000,9999.000,9999.000,9999.000,9999.000,9999.000,9999.000
202605312300,   1.643,9999.000,   0.100,9999.000,   1.743,   0.100,   1.743,   0.200,   1.843
202605312306,   1.629,9999.000,9999.000,9999.000,9999.000,9999.000,9999.000,9999.000,9999.000
202605312312,   1.613,9999.000,9999.000,9999.000,9999.000,9999.000,9999.000,9999.000,9999.000
202605312318,   1.595,9999.000,9999.000,9999.000,9999.000,9999.000,9999.000,9999.000,9999.000
202605312324,   1.575,9999.000,9999.000,9999.000,9999.000,9999.000,9999.000,9999.000,9999.000
202605312330,   1.553,9999.000,9999.000,9999.000,9999.000,9999.000,9999.000,9999.000,9999.000
202605312336,   1.529,9999.000,9999.000,9999.000,9999.000,9999.000,9999.000,9999.000,9999.000
202605312342,   1.503,9999.000,9999.000,9999.000,9999.000,9999.000,9999.000,9999.000,9999.000
202605312348,   1.476,9999.000,9999.000,9999.000,9999.000,9999.000,9999.000,9999.000,9999.000
202605312354,   1.447,9999.000,9999.000,9999.000,9999.000,9999.000,9999.000,9999.000,9999.000
202606010000,   1.416,9999.000,   0.200,9999.000,   1.616,   0.100,   1.516,   0.200,   1.616
202606010006,   1.383,9999.000,9999.000,9999.000,9999.000,9999.000,9999.000,9999.000,9999.000
202606010012,   1.349,9999.000,9999.000,9999.000,9999.000,9999.000,9999.000,9999.000,9999.000
202606010018,   1.313,9999.000,9999.000,9999.000,9999.000,9999.000,9999.000,9999.000,9999.000
202606010024,   1.276,9999.000,9999.000,9999.000,9999.000,9999.000,9999.000,9999.000,9999.000
202606010030,   1.238,9999.000,9999.000,9999.000,9999.000,9999.000,9999.000,9999.000,9999.000
202606010036,   1.199,9999.000,9999.000,9999.000,9999.000,9999.000,9999.000,9999.000,9999.000
202606010042,   1.159,9999.000,9999.000,9999.000,9999.000,9999.000,9999.000,9999.000,9999.000
202606010048,   1.117,9999.000,9999.000,9999.000,9999.000,9999.000,9999.000,9999.000,9999.000
202606010054,   1.075,9999.000,9999.000,9999.000,9999.000,9999.000,9999.000,9999.000,9999.000
202606010100,   1.033,9999.000,   0.200,9999.000,   1.233,   0.200,   1.233,   0.200,   1.233
202606010106,   0.989,9999.000,9999.000,9999.000,9999.000,9999.000,9999.000,9999.000,9999.000
202606010112,   0.946,9999.000,9999.000,9999.000,9999.000,9999.000,9999.000,9999.000,9999.000
202606010118,   0.902,9999.000,9999.000,9999.000,9999.000,9999.000,9999.000,9999.000,9999.000
202606010124,   0.858,9999.000,9999.000,9999.000,9999.000,9999.000,9999.000,9999.000,9999.000
202606010130,   0.814,9999.000,9999.000,9999.000,9999.000,9999.000,9999.000,9999.000,9999.000
202606010136,   0.770,9999.000,9999.000,9999.000,9999.000,9999.000,9999.000,9999.000,9999.000
202606010142,   0.727,9999.000,9999.000,9999.000,9999.000,9999.000,9999.000,9999.000,9999.000
202606010148,   0.683,9999.000,9999.000,9999.000,9999.000,9999.000,9999.000,9999.000,9999.000
202606010154,   0.641,9999.000,9999.000,9999.000,9999.000,9999.000,9999.000,9999.000,9999.000
202606010200,   0.599,9999.000,   0.200,9999.000,   0.799,   0.200,   0.799,   0.200,   0.799
202606010206,   0.557,9999.000,9999.000,9999.000,9999.000,9999.000,9999.000,9999.000,9999.000
202606010212,   0.517,9999.000,9999.000,9999.000,9999.000,9999.000,9999.000,9999.000,9999.000
202606010218,   0.477,9999.000,9999.000,9999.000,9999.000,9999.000,9999.000,9999.000,9999.000
202606010224,   0.439,9999.000,9999.000,9999.000,9999.000,9999.000,9999.000,9999.000,9999.000
202606010230,   0.402,9999.000,9999.000,9999.000,9999.000,9999.000,9999.000,9999.000,9999.000
202606010236,   0.366,9999.000,9999.000,9999.000,9999.000,9999.000,9999.000,9999.000,9999.000
202606010242,   0.332,9999.000,9999.000,9999.000,9999.000,9999.000,9999.000,9999.000,9999.000
202606010248,   0.299,9999.000,9999.000,9999.000,9999.000,9999.000,9999.000,9999.000,9999.000
202606010254,   0.268,9999.000,9999.000,9999.000,9999.000,9999.000,9999.000,9999.000,9999.000
202606010300,   0.238,9999.000,   0.200,9999.000,   0.438,   0.200,   0.438,   0.300,   0.538
202606010306,   0.210,9999.000,9999.000,9999.000,9999.000,9999.000,9999.000,9999.000,9999.000
202606010312,   0.184,9999.000,9999.000,9999.000,9999.000,9999.000,9999.000,9999.000,9999.000
202606010318,   0.160,9999.000,9999.000,9999.000,9999.000,9999.000,9999.000,9999.000,9999.000
202606010324,   0.137,9999.000,9999.000,9999.000,9999.000,9999.000,9999.000,9999.000,9999.000
202606010330,   0.117,9999.000,9999.000,9999.000,9999.000,9999.000,9999.000,9999.000,9999.000
202606010336,   0.099,9999.000,9999.000,9999.000,9999.000,9999.000,9999.000,9999.000,9999.000
202606010342,   0.083,9999.000,9999.000,9999.000,9999.000,9999.000,9999.000,9999.000,9999.000
202606010348,   0.070,9999.000,9999.000,9999.000,9999.000,9999.000,9999.000,9999.000,9999.000
202606010354,   0.058,9999.000,9999.000,9999.000,9999.000,9999.000,9999.000,9999.000,9999.000
202606010400,   0.050,9999.000,   0.300,9999.000,   0.350,   0.200,   0.250,   0.300,   0.350
202606010406,   0.043,9999.000,9999.000,9999.000,9999.000,9999.000,9999.000,9999.000,9999.000
202606010412,   0.040,9999.000,9999.000,9999.000,9999.000,9999.000,9999.000,9999.000,9999.000
202606010418,   0.039,9999.000,9999.000,9999.000,9999.000,9999.000,9999.000,9999.000,9999.000
202606010424,   0.041,9999.000,9999.000,9999.000,9999.000,9999.000,9999.000,9999.000,9999.000
202606010430,   0.045,9999.000,9999.000,9999.000,9999.000,9999.000,9999.000,9999.000,9999.000
202606010436,   0.053,9999.000,9999.000,9999.000,9999.000,9999.000,9999.000,9999.000,9999.000
202606010442,   0.063,9999.000,9999.000,9999.000,9999.000,9999.000,9999.000,9999.000,9999.000
202606010448,   0.077,9999.000,9999.000,9999.000,9999.000,9999.000,9999.000,9999.000,9999.000
202606010454,   0.093,9999.000,9999.000,9999.000,9999.000,9999.000,9999.000,9999.000,9999.000
202606010500,   0.113,9999.000,   0.300,9999.000,   0.413,   0.200,   0.313,   0.300,   0.413
202606010506,   0.135,9999.000,9999.000,9999.000,9999.000,9999.000,9999.000,9999.000,9999.000
202606010512,   0.160,9999.000,9999.000,9999.000,9999.000,9999.000,9999.000,9999.000,9999.000
202606010518,   0.189,9999.000,9999.000,9999.000,9999.000,9999.000,9999.000,9999.000,9999.000
202606010524,   0.220,9999.000,9999.000,9999.000,9999.000,9999.000,9999.000,9999.000,9999.000
202606010530,   0.254,9999.000,9999.000,9999.000,9999.000,9999.000,9999.000,9999.000,9999.000
202606010536,   0.291,9999.000,9999.000,9999.000,9999.000,9999.000,9999.000,9999.000,9999.000
202606010542,   0.331,9999.000,9999.000,9999.000,9999.000,9999.000,9999.000,9999.000,9999.000
202606010548,   0.373,9999.000,9999.000,9999.000,9999.000,9999.000,9999.000,9999.000,9999.000
202606010554,   0.417,9999.000,9999.000,9999.000,9999.000,9999.000,9999.000,9999.000,9999.000
202606010600,   0.464,9999.000,   0.300,9999.000,   0.764,   0.200,   0.664,   0.400,   0.864
202606010606,   0.513,9999.000,9999.000,9999.000,9999.000,9999.000,9999.000,9999.000,9999.000
202606010612,   0.563,9999.000,9999.000,9999.000,9999.000,9999.000,9999.000,9999.000,9999.000
202606010618,   0.616,9999.000,9999.000,9999.000,9999.000,9999.000,9999.000,9999.000,9999.000
202606010624,   0.670,9999.000,9999.000,9999.000,9999.000,9999.000,9999.000,9999.000,9999.000
202606010630,   0.725,9999.000,9999.000,9999.000,9999.000,9999.000,9999.000,9999.000,9999.000
202606010636,   0.781,9999.000,9999.000,9999.000,9999.000,9999.000,9999.000,9999.000,9999.000
202606010642,   0.839,9999.000,9999.000,9999.000,9999.000,9999.000,9999.000,9999.000,9999.000
202606010648,   0.897,9999.000,9999.000,9999.000,9999.000,9999.000,9999.000,9999.000,9999.000
202606010654,   0.956,9999.000,9999.000,9999.000,9999.000,9999.000,9999.000,9999.000,9999.000
202606010700,   1.015,9999.000,   0.300,9999.000,   1.315,   0.300,   1.315,   0.400,   1.415
202606010706,   1.074,9999.000,9999.000,9999.000,9999.000,9999.000,9999.000,9999.000,9999.000
202606010712,   1.134,9999.000,9999.000,9999.000,9999.000,9999.000,9999.000,9999.000,9999.000
202606010718,   1.193,9999.000,9999.000,9999.000,9999.000,9999.000,9999.000,9999.000,9999.000
202606010724,   1.252,9999.000,9999.000,9999.000,9999.000,9999.000,9999.000,9999.000,9999.000
202606010730,   1.311,9999.000,9999.000,9999.000,9999.000,9999.000,9999.000,9999.000,9999.000
202606010736,   1.370,9999.000,9999.000,9999.000,9999.000,9999.000,9999.000,9999.000,9999.000
202606010742,   1.428,9999.000,9999.000,9999.000,9999.000,9999.000,9999.000,9999.000,9999.000
202606010748,   1.485,9999.000,9999.000,9999.000,9999.000,9999.000,9999.000,9999.000,9999.000
202606010754,   1.541,9999.000,9999.000,9999.000,9999.000,9999.000,9999.000,9999.000,9999.000
202606010800,   1.597,9999.000,   0.300,9999.000,   1.897,   0.300,   1.897,   0.400,   1.997
202606010806,   1.653,9999.000,9999.000,9999.000,9999.000,9999.000,9999.000,9999.000,9999.000
202606010812,   1.707,9999.000,9999.000,9999.000,9999.000,9999.000,9999.000,9999.000,9999.000
202606010818,   1.760,9999.000,9999.000,9999.000,9999.000,9999.000,9999.000,9999.000,9999.000
202606010824,   1.813,9999.000,9999.000,9999.000,9999.000,9999.000,9999.000,9999.000,9999.000
202606010830,   1.864,9999.000,9999.000,9999.000,9999.000,9999.000,9999.000,9999.000,9999.000
202606010836,   1.915,9999.000,9999.000,9999.000,9999.000,9999.000,9999.000,9999.000,9999.000
202606010842,   1.965,9999.000,9999.000,9999.000,9999.000,9999.000,9999.000,9999.000,9999.000
202606010848,   2.013,9999.000,9999.000,9999.000,9999.000,9999.000,9999.000,9999.000,9999.000
202606010854,   2.061,9999.000,9999.000,9999.000,9999.000,9999.000,9999.000,9999.000,9999.000
202606010900,   2.107,9999.000,   0.300,9999.000,   2.407,   0.300,   2.407,   0.400,   2.507
202606010906,   2.152,9999.000,9999.000,9999.000,9999.000,9999.000,9999.000,9999.000,9999.000
202606010912,   2.196,9999.000,9999.000,9999.000,9999.000,9999.000,9999.000,9999.000,9999.000
202606010918,   2.239,9999.000,9999.000,9999.000,9999.000,9999.000,9999.000,9999.000,9999.000
202606010924,   2.280,9999.000,9999.000,9999.000,9999.000,9999.000,9999.000,9999.000,9999.000
202606010930,   2.320,9999.000,9999.000,9999.000,9999.000,9999.000,9999.000,9999.000,9999.000
202606010936,   2.358,9999.000,9999.000,9999.000,9999.000,9999.000,9999.000,9999.000,9999.000
202606010942,   2.394,9999.000,9999.000,9999.000,9999.000,9999.000,9999.000,9999.000,9999.000
202606010948,   2.429,9999.000,9999.000,9999.000,9999.000,9999.000,9999.000,9999.000,9999.000
202606010954,   2.462,9999.000,9999.000,9999.000,9999.000,9999.000,9999.000,9999.000,9999.000
202606011000,   2.493,9999.000,   0.300,9999.000,   2.793,   0.300,   2.793,   0.400,   2.893
202606011006,   2.522,9999.000,9999.000,9999.000,9999.000,9999.000,9999.000,9999.000,9999.000
202606011012,   2.548,9999.000,9999.000,9999.000,9999.000,9999.000,9999.000,9999.000,9999.000
202606011018,   2.573,9999.000,9999.000,9999.000,9999.000,9999.000,9999.000,9999.000,9999.000
202606011024,   2.595,9999.000,9999.000,9999.000,9999.000,9999.000,9999.000,9999.000,9999.000
202606011030,   2.615,9999.000,9999.000,9999.000,9999.000,9999.000,9999.000,9999.000,9999.000
202606011036,   2.632,9999.000,9999.000,9999.000,9999.000,9999.000,9999.000,9999.000,9999.000
202606011042,   2.646,9999.000,9999.000,9999.000,9999.000,9999.000,9999.000,9999.000,9999.000
202606011048,   2.658,9999.000,9999.000,9999.000,9999.000,9999.000,9999.000,9999.000,9999.000
202606011054,   2.668,9999.000,9999.000,9999.000,9999.000,9999.000,9999.000,9999.000,9999.000
202606011100,   2.674,9999.000,   0.300,9999.000,   2.974,   0.300,   2.974,   0.300,   2.974
202606011106,   2.678,9999.000,9999.000,9999.000,9999.000,9999.000,9999.000,9999.000,9999.000
202606011112,   2.679,9999.000,9999.000,9999.000,9999.000,9999.000,9999.000,9999.000,9999.000
202606011118,   2.677,9999.000,9999.000,9999.000,9999.000,9999.000,9999.000,9999.000,9999.000
202606011124,   2.672,9999.000,9999.000,9999.000,9999.000,9999.000,9999.000,9999.000,9999.000
202606011130,   2.664,9999.000,9999.000,9999.000,9999.000,9999.000,9999.000,9999.000,9999.000
202606011136,   2.654,9999.000,9999.000,9999.000,9999.000,9999.000,9999.000,9999.000,9999.000
202606011142,   2.640,9999.000,9999.000,9999.000,9999.000,9999.000,9999.000,9999.000,9999.000
202606011148,   2.624,9999.000,9999.000,9999.000,9999.000,9999.000,9999.000,9999.000,9999.000
202606011154,   2.605,9999.000,9999.000,9999.000,9999.000,9999.000,9999.000,9999.000,9999.000
202606011200,   2.584,9999.000,   0.300,9999.000,   2.884,   0.200,   2.784,   0.300,   2.884
202606011206,   2.560,9999.000,9999.000,9999.000,9999.000,9999.000,9999.000,9999.000,9999.000
202606011212,   2.533,9999.000,9999.000,9999.000,9999.000,9999.000,9999.000,9999.000,9999.000
202606011218,   2.504,9999.000,9999.000,9999.000,9999.000,9999.000,9999.000,9999.000,9999.000
202606011224,   2.473,9999.000,9999.000,9999.000,9999.000,9999.000,9999.000,9999.000,9999.000
202606011230,   2.439,9999.000,9999.000,9999.000,9999.000,9999.000,9999.000,9999.000,9999.000
202606011236,   2.403,9999.000,9999.000,9999.000,9999.000,9999.000,9999.000,9999.000,9999.000
202606011242,   2.365,9999.000,9999.000,9999.000,9999.000,9999.000,9999.000,9999.000,9999.000
202606011248,   2.325,9999.000,9999.000,9999.000,9999.000,9999.000,9999.000,9999.000,9999.000
202606011254,   2.283,9999.000,9999.000,9999.000,9999.000,9999.000,9999.000,9999.000,9999.000
202606011300,   2.239,9999.000,   0.300,9999.000,   2.539,   0.200,   2.439,   0.300,   2.539
202606011306,   2.194,9999.000,9999.000,9999.000,9999.000,9999.000,9999.000,9999.000,9999.000
202606011312,   2.147,9999.000,9999.000,9999.000,9999.000,9999.000,9999.000,9999.000,9999.000
202606011318,   2.099,9999.000,9999.000,9999.000,9999.000,9999.000,9999.000,9999.000,9999.000
202606011324,   2.049,9999.000,9999.000,9999.000,9999.000,9999.000,9999.000,9999.000,9999.000
202606011330,   1.999,9999.000,9999.000,9999.000,9999.000,9999.000,9999.000,9999.000,9999.000
202606011336,   1.947,9999.000,9999.000,9999.000,9999.000,9999.000,9999.000,9999.000,9999.000
202606011342,   1.895,9999.000,9999.000,9999.000,9999.000,9999.000,9999.000,9999.000,9999.000
202606011348,   1.842,9999.000,9999.000,9999.000,9999.000,9999.000,9999.000,9999.000,9999.000
202606011354,   1.788,9999.000,9999.000,9999.000,9999.000,9999.000,9999.000,9999.000,9999.000
202606011400,   1.735,9999.000,   0.200,9999.000,   1.935,   0.200,   1.935,   0.300,   2.035
202606011406,   1.680,9999.000,9999.000,9999.000,9999.000,9999.000,9999.000,9999.000,9999.000
202606011412,   1.626,9999.000,9999.000,9999.000,9999.000,9999.000,9999.000,9999.000,9999.000
202606011418,   1.572,9999.000,9999.000,9999.000,9999.000,9999.000,9999.000,9999.000,9999.000
202606011424,   1.518,9999.000,9999.000,9999.000,9999.000,9999.000,9999.000,9999.000,9999.000
202606011430,   1.464,9999.000,9999.000,9999.000,9999.000,9999.000,9999.000,9999.000,9999.000
202606011436,   1.410,9999.000,9999.000,9999.000,9999.000,9999.000,9999.000,9999.000,9999.000
202606011442,   1.357,9999.000,9999.000,9999.000,9999.000,9999.000,9999.000,9999.000,9999.000
202606011448,   1.305,9999.000,9999.000,9999.000,9999.000,9999.000,9999.000,9999.000,9999.000
202606011454,   1.253,9999.000,9999.000,9999.000,9999.000,9999.000,9999.000,9999.000,9999.000
202606011500,   1.202,9999.000,   0.200,9999.000,   1.402,   0.200,   1.402,   0.300,   1.502
202606011506,   1.152,9999.000,9999.000,9999.000,9999.000,9999.000,9999.000,9999.000,9999.000
202606011512,   1.103,9999.000,9999.000,9999.000,9999.000,9999.000,9999.000,9999.000,9999.000
202606011518,   1.055,9999.000,9999.000,9999.000,9999.000,9999.000,9999.000,9999.000,9999.000
202606011524,   1.008,9999.000,9999.000,9999.000,9999.000,9999.000,9999.000,9999.000,9999.000
202606011530,   0.962,9999.000,9999.000,9999.000,9999.000,9999.000,9999.000,9999.000,9999.000
202606011536,   0.918,9999.000,9999.000,9999.000,9999.000,9999.000,9999.000,9999.000,9999.000
202606011542,   0.875,9999.000,9999.000,9999.000,9999.000,9999.000,9999.000,9999.000,9999.000
202606011548,   0.834,9999.000,9999.000,9999.000,9999.000,9999.000,9999.000,9999.000,9999.000
202606011554,   0.794,9999.000,9999.000,9999.000,9999.000,9999.000,9999.000,9999.000,9999.000
202606011600,   0.757,9999.000,   0.200,9999.000,   0.957,   0.200,   0.957,   0.200,   0.957
202606011606,   0.720,9999.000,9999.000,9999.000,9999.000,9999.000,9999.000,9999.000,9999.000
202606011612,   0.686,9999.000,9999.000,9999.000,9999.000,9999.000,9999.000,9999.000,9999.000
202606011618,   0.654,9999.000,9999.000,9999.000,9999.000,9999.000,9999.000,9999.000,9999.000
202606011624,   0.624,9999.000,9999.000,9999.000,9999.000,9999.000,9999.000,9999.000,9999.000
202606011630,   0.595,9999.000,9999.000,9999.000,9999.000,9999.000,9999.000,9999.000,9999.000
202606011636,   0.570,9999.000,9999.000,9999.000,9999.000,9999.000,9999.000,9999.000,9999.000
202606011642,   0.546,9999.000,9999.000,9999.000,9999.000,9999.000,9999.000,9999.000,9999.000
202606011648,   0.525,9999.000,9999.000,9999.000,9999.000,9999.000,9999.000,9999.000,9999.000
202606011654,   0.507,9999.000,9999.000,9999.000,9999.000,9999.000,9999.000,9999.000,9999.000
202606011700,   0.491,9999.000,   0.200,9999.000,   0.691,   0.100,   0.591,   0.200,   0.691
202606011706,   0.478,9999.000,9999.000,9999.000,9999.000,9999.000,9999.000,9999.000,9999.000
202606011712,   0.467,9999.000,9999.000,9999.000,9999.000,9999.000,9999.000,9999.000,9999.000
202606011718,   0.460,9999.000,9999.000,9999.000,9999.000,9999.000,9999.000,9999.000,9999.000
202606011724,   0.455,9999.000,9999.000,9999.000,9999.000,9999.000,9999.000,9999.000,9999.000
202606011730,   0.453,9999.000,9999.000,9999.000,9999.000,9999.000,9999.000,9999.000,9999.000
202606011736,   0.454,9999.000,9999.000,9999.000,9999.000,9999.000,9999.000,9999.000,9999.000
202606011742,   0.457,9999.000,9999.000,9999.000,9999.000,9999.000,9999.000,9999.000,9999.000
202606011748,   0.464,9999.000,9999.000,9999.000,9999.000,9999.000,9999.000,9999.000,9999.000
202606011754,   0.473,9999.000,9999.000,9999.000,9999.000,9999.000,9999.000,9999.000,9999.000
202606011800,   0.484,9999.000,   0.100,9999.000,   0.584,   0.000,   0.484,   0.100,   0.584
202606011806,   0.499,9999.000,9999.000,9999.000,9999.000,9999.000,9999.000,9999.000,9999.000
202606011812,   0.515,9999.000,9999.000,9999.000,9999.000,9999.000,9999.000,9999.000,9999.000
202606011818,   0.535,9999.000,9999.000,9999.000,9999.000,9999.000,9999.000,9999.000,9999.000
202606011824,   0.556,9999.000,9999.000,9999.000,9999.000,9999.000,9999.000,9999.000,9999.000
202606011830,   0.579,9999.000,9999.000,9999.000,9999.000,9999.000,9999.000,9999.000,9999.000
202606011836,   0.604,9999.000,9999.000,9999.000,9999.000,9999.000,9999.000,9999.000,9999.000
202606011842,   0.631,9999.000,9999.000,9999.000,9999.000,9999.000,9999.000,9999.000,9999.000
202606011848,   0.660,9999.000,9999.000,9999.000,9999.000,9999.000,9999.000,9999.000,9999.000
202606011854,   0.689,9999.000,9999.000,9999.000,9999.000,9999.000,9999.000,9999.000,9999.000
202606011900,   0.720,9999.000,   0.000,9999.000,   0.720,   0.000,   0.720,   0.100,   0.820
202606011906,   0.752,9999.000,9999.000,9999.000,9999.000,9999.000,9999.000,9999.000,9999.000
202606011912,   0.784,9999.000,9999.000,9999.000,9999.000,9999.000,9999.000,9999.000,9999.000
202606011918,   0.817,9999.000,9999.000,9999.000,9999.000,9999.000,9999.000,9999.000,9999.000
202606011924,   0.851,9999.000,9999.000,9999.000,9999.000,9999.000,9999.000,9999.000,9999.000
202606011930,   0.885,9999.000,9999.000,9999.000,9999.000,9999.000,9999.000,9999.000,9999.000
202606011936,   0.919,9999.000,9999.000,9999.000,9999.000,9999.000,9999.000,9999.000,9999.000
202606011942,   0.953,9999.000,9999.000,9999.000,9999.000,9999.000,9999.000,9999.000,9999.000
202606011948,   0.986,9999.000,9999.000,9999.000,9999.000,9999.000,9999.000,9999.000,9999.000
202606011954,   1.020,9999.000,9999.000,9999.000,9999.000,9999.000,9999.000,9999.000,9999.000
202606012000,   1.053,9999.000,   0.000,9999.000,   1.053,   0.000,   1.053,   0.100,   1.153
202606012006,   1.086,9999.000,9999.000,9999.000,9999.000,9999.000,9999.000,9999.000,9999.000
202606012012,   1.118,9999.000,9999.000,9999.000,9999.000,9999.000,9999.000,9999.000,9999.000
202606012018,   1.150,9999.000,9999.000,9999.000,9999.000,9999.000,9999.000,9999.000,9999.000
202606012024,   1.181,9999.000,9999.000,9999.000,9999.000,9999.000,9999.000,9999.000,9999.000
202606012030,   1.212,9999.000,9999.000,9999.000,9999.000,9999.000,9999.000,9999.000,9999.000
202606012036,   1.241,9999.000,9999.000,9999.000,9999.000,9999.000,9999.000,9999.000,9999.000
202606012042,   1.271,9999.000,9999.000,9999.000,9999.000,9999.000,9999.000,9999.000,9999.000
202606012048,   1.299,9999.000,9999.000,9999.000,9999.000,9999.000,9999.000,9999.000,9999.000
202606012054,   1.327,9999.000,9999.000,9999.000,9999.000,9999.000,9999.000,9999.000,9999.000
202606012100,   1.355,9999.000,   0.000,9999.000,   1.355,   0.000,   1.355,   0.100,   1.455
202606012106,   1.381,9999.000,9999.000,9999.000,9999.000,9999.000,9999.000,9999.000,9999.000
202606012112,   1.407,9999.000,9999.000,9999.000,9999.000,9999.000,9999.000,9999.000,9999.000
202606012118,   1.432,9999.000,9999.000,9999.000,9999.000,9999.000,9999.000,9999.000,9999.000
202606012124,   1.456,9999.000,9999.000,9999.000,9999.000,9999.000,9999.000,9999.000,9999.000
202606012130,   1.480,9999.000,9999.000,9999.000,9999.000,9999.000,9999.000,9999.000,9999.000
202606012136,   1.503,9999.000,9999.000,9999.000,9999.000,9999.000,9999.000,9999.000,9999.000
202606012142,   1.524,9999.000,9999.000,9999.000,9999.000,9999.000,9999.000,9999.000,9999.000
202606012148,   1.545,9999.000,9999.000,9999.000,9999.000,9999.000,9999.000,9999.000,9999.000
202606012154,   1.565,9999.000,9999.000,9999.000,9999.000,9999.000,9999.000,9999.000,9999.000
202606012200,   1.584,9999.000,   0.000,9999.000,   1.584,   0.000,   1.584,   0.000,   1.584
202606012206,   1.601,9999.000,9999.000,9999.000,9999.000,9999.000,9999.000,9999.000,9999.000
202606012212,   1.617,9999.000,9999.000,9999.000,9999.000,9999.000,9999.000,9999.000,9999.000
202606012218,   1.632,9999.000,9999.000,9999.000,9999.000,9999.000,9999.000,9999.000,9999.000
202606012224,   1.645,9999.000,9999.000,9999.000,9999.000,9999.000,9999.000,9999.000,9999.000
202606012230,   1.657,9999.000,9999.000,9999.000,9999.000,9999.000,9999.000,9999.000,9999.000
202606012236,   1.667,9999.000,9999.000,9999.000,9999.000,9999.000,9999.000,9999.000,9999.000
202606012242,   1.676,9999.000,9999.000,9999.000,9999.000,9999.000,9999.000,9999.000,9999.000
202606012248,   1.682,9999.000,9999.000,9999.000,9999.000,9999.000,9999.000,9999.000,9999.000
202606012254,   1.687,9999.000,9999.000,9999.000,9999.000,9999.000,9999.000,9999.000,9999.000
202606012300,   1.690,9999.000,   0.000,9999.000,   1.690,   0.000,   1.690,   0.000,   1.690
202606012306,   1.691,9999.000,9999.000,9999.000,9999.000,9999.000,9999.000,9999.000,9999.000
202606012312,   1.689,9999.000,9999.000,9999.000,9999.000,9999.000,9999.000,9999.000,9999.000
202606012318,   1.686,9999.000,9999.000,9999.000,9999.000,9999.000,9999.000,9999.000,9999.000
202606012324,   1.680,9999.000,9999.000,9999.000,9999.000,9999.000,9999.000,9999.000,9999.000
202606012330,   1.672,9999.000,9999.000,9999.000,9999.000,9999.000,9999.000,9999.000,9999.000
202606012336,   1.662,9999.000,9999.000,9999.000,9999.000,9999.000,9999.000,9999.000,9999.000
202606012342,   1.649,9999.000,9999.000,9999.000,9999.000,9999.000,9999.000,9999.000,9999.000
202606012348,   1.635,9999.000,9999.000,9999.000,9999.000,9999.000,9999.000,9999.000,9999.000
202606012354,   1.618,9999.000,9999.000,9999.000,9999.000,9999.000,9999.000,9999.000,9999.000
202606020000,   1.599,9999.000,   0.000,9999.000,   1.599,   0.000,   1.599,   0.000,   1.599
202606020006,   1.578,9999.000,9999.000,9999.000,9999.000,9999.000,9999.000,9999.000,9999.000
202606020012,   1.555,9999.000,9999.000,9999.000,9999.000,9999.000,9999.000,9999.000,9999.000
202606020018,   1.529,9999.000,9999.000,9999.000,9999.000,9999.000,9999.000,9999.000,9999.000
202606020024,   1.502,9999.000,9999.000,9999.000,9999.000,9999.000,9999.000,9999.000,9999.000
202606020030,   1.473,9999.000,9999.000,9999.000,9999.000,9999.000,9999.000,9999.000,9999.000
202606020036,   1.442,9999.000,9999.000,9999.000,9999.000,9999.000,9999.000,9999.000,9999.000
202606020042,   1.409,9999.000,9999.000,9999.000,9999.000,9999.000,9999.000,9999.000,9999.000
202606020048,   1.375,9999.000,9999.000,9999.000,9999.000,9999.000,9999.000,9999.000,9999.000
202606020054,   1.339,9999.000,9999.000,9999.000,9999.000,9999.000,9999.000,9999.000,9999.000
202606020100,   1.302,9999.000,   0.000,9999.000,   1.302,   0.000,   1.302,   0.000,   1.302
202606020106,   1.263,9999.000,9999.000,9999.000,9999.000,9999.000,9999.000,9999.000,9999.000
202606020112,   1.223,9999.000,9999.000,9999.000,9999.000,9999.000,9999.000,9999.000,9999.000
202606020118,   1.183,9999.000,9999.000,9999.000,9999.000,9999.000,9999.000,9999.000,9999.000
202606020124,   1.141,9999.000,9999.000,9999.000,9999.000,9999.000,9999.000,9999.000,9999.000
202606020130,   1.098,9999.000,9999.000,9999.000,9999.000,9999.000,9999.000,9999.000,9999.000
202606020136,   1.055,9999.000,9999.000,9999.000,9999.000,9999.000,9999.000,9999.000,9999.000
202606020142,   1.011,9999.000,9999.000,9999.000,9999.000,9999.000,9999.000,9999.000,9999.000
202606020148,   0.967,9999.000,9999.000,9999.000,9999.000,9999.000,9999.000,9999.000,9999.000
202606020154,   0.923,9999.000,9999.000,9999.000,9999.000,9999.000,9999.000,9999.000,9999.000
202606020200,   0.878,9999.000,   0.000,9999.000,   0.878,   0.000,   0.878,   0.000,   0.878
202606020206,   0.834,9999.000,9999.000,9999.000,9999.000,9999.000,9999.000,9999.000,9999.000
202606020212,   0.789,9999.000,9999.000,9999.000,9999.000,9999.000,9999.000,9999.000,9999.000
202606020218,   0.745,9999.000,9999.000,9999.000,9999.000,9999.000,9999.000,9999.000,9999.000
202606020224,   0.701,9999.000,9999.000,9999.000,9999.000,9999.000,9999.000,9999.000,9999.000
202606020230,   0.658,9999.000,9999.000,9999.000,9999.000,9999.000,9999.000,9999.000,9999.000
202606020236,   0.615,9999.000,9999.000,9999.000,9999.000,9999.000,9999.000,9999.000,9999.000
202606020242,   0.574,9999.000,9999.000,9999.000,9999.000,9999.000,9999.000,9999.000,9999.000
202606020248,   0.533,9999.000,9999.000,9999.000,9999.000,9999.000,9999.000,9999.000,9999.000
202606020254,   0.493,9999.000,9999.000,9999.000,9999.000,9999.000,9999.000,9999.000,9999.000
202606020300,   0.454,9999.000,   0.000,9999.000,   0.454,   0.000,   0.454,   0.000,   0.454
202606020306,   0.416,9999.000,9999.000,9999.000,9999.000,9999.000,9999.000,9999.000,9999.000
202606020312,   0.380,9999.000,9999.000,9999.000,9999.000,9999.000,9999.000,9999.000,9999.000
202606020318,   0.344,9999.000,9999.000,9999.000,9999.000,9999.000,9999.000,9999.000,9999.000
202606020324,   0.311,9999.000,9999.000,9999.000,9999.000,9999.000,9999.000,9999.000,9999.000
202606020330,   0.279,9999.000,9999.000,9999.000,9999.000,9999.000,9999.000,9999.000,9999.000
202606020336,   0.248,9999.000,9999.000,9999.000,9999.000,9999.000,9999.000,9999.000,9999.000
202606020342,   0.219,9999.000,9999.000,9999.000,9999.000,9999.000,9999.000,9999.000,9999.000
202606020348,   0.192,9999.000,9999.000,9999.000,9999.000,9999.000,9999.000,9999.000,9999.000
202606020354,   0.167,9999.000,9999.000,9999.000,9999.000,9999.000,9999.000,9999.000,9999.000
202606020400,   0.144,9999.000,   0.000,9999.000,   0.144,  -0.100,   0.044,   0.000,   0.144
202606020406,   0.122,9999.000,9999.000,9999.000,9999.000,9999.000,9999.000,9999.000,9999.000
202606020412,   0.103,9999.000,9999.000,9999.000,9999.000,9999.000,9999.000,9999.000,9999.000
202606020418,   0.086,9999.000,9999.000,9999.000,9999.000,9999.000,9999.000,9999.000,9999.000
202606020424,   0.070,9999.000,9999.000,9999.000,9999.000,9999.000,9999.000,9999.000,9999.000
202606020430,   0.058,9999.000,9999.000,9999.000,9999.000,9999.000,9999.000,9999.000,9999.000
202606020436,   0.047,9999.000,9999.000,9999.000,9999.000,9999.000,9999.000,9999.000,9999.000
202606020442,   0.039,9999.000,9999.000,9999.000,9999.000,9999.000,9999.000,9999.000,9999.000
202606020448,   0.034,9999.000,9999.000,9999.000,9999.000,9999.000,9999.000,9999.000,9999.000
202606020454,   0.031,9999.000,9999.000,9999.000,9999.000,9999.000,9999.000,9999.000,9999.000
202606020500,   0.031,9999.000,   0.000,9999.000,   0.031,  -0.100,  -0.069,   0.000,   0.031
202606020506,   0.033,9999.000,9999.000,9999.000,9999.000,9999.000,9999.000,9999.000,9999.000
202606020512,   0.039,9999.000,9999.000,9999.000,9999.000,9999.000,9999.000,9999.000,9999.000
202606020518,   0.047,9999.000,9999.000,9999.000,9999.000,9999.000,9999.000,9999.000,9999.000
202606020524,   0.058,9999.000,9999.000,9999.000,9999.000,9999.000,9999.000,9999.000,9999.000
202606020530,   0.072,9999.000,9999.000,9999.000,9999.000,9999.000,9999.000,9999.000,9999.000
202606020536,   0.090,9999.000,9999.000,9999.000,9999.000,9999.000,9999.000,9999.000,9999.000
202606020542,   0.110,9999.000,9999.000,9999.000,9999.000,9999.000,9999.000,9999.000,9999.000
202606020548,   0.134,9999.000,9999.000,9999.000,9999.000,9999.000,9999.000,9999.000,9999.000
202606020554,   0.160,9999.000,9999.000,9999.000,9999.000,9999.000,9999.000,9999.000,9999.000
202606020600,   0.190,9999.000,   0.000,9999.000,   0.190,   0.000,   0.190,   0.000,   0.190
202606020606,   0.222,9999.000,9999.000,9999.000,9999.000,9999.000,9999.000,9999.000,9999.000
202606020612,   0.258,9999.000,9999.000,9999.000,9999.000,9999.000,9999.000,9999.000,9999.000
202606020618,   0.297,9999.000,9999.000,9999.000,9999.000,9999.000,9999.000,9999.000,9999.000
202606020624,   0.338,9999.000,9999.000,9999.000,9999.000,9999.000,9999.000,9999.000,9999.000
202606020630,   0.382,9999.000,9999.000,9999.000,9999.000,9999.000,9999.000,9999.000,9999.000
202606020636,   0.428,9999.000,9999.000,9999.000,9999.000,9999.000,9999.000,9999.000,9999.000
202606020642,   0.477,9999.000,9999.000,9999.000,9999.000,9999.000,9999.000,9999.000,9999.000
202606020648,   0.528,9999.000,9999.000,9999.000,9999.000,9999.000,9999.000,9999.000,9999.000
202606020654,   0.581,9999.000,9999.000,9999.000,9999.000,9999.000,9999.000,9999.000,9999.000
202606020700,   0.636,9999.000,   0.000,9999.000,   0.636,   0.000,   0.636,   0.000,   0.636
202606020706,   0.693,9999.000,9999.000,9999.000,9999.000,9999.000,9999.000,9999.000,9999.000
202606020712,   0.751,9999.000,9999.000,9999.000,9999.000,9999.000,9999.000,9999.000,9999.000
202606020718,   0.810,9999.000,9999.000,9999.000,9999.000,9999.000,9999.000,9999.000,9999.000
202606020724,   0.870,9999.000,9999.000,9999.000,9999.000,9999.000,9999.000,9999.000,9999.000
202606020730,   0.931,9999.000,9999.000,9999.000,9999.000,9999.000,9999.000,9999.000,9999.000
202606020736,   0.993,9999.000,9999.000,9999.000,9999.000,9999.000,9999.000,9999.000,9999.000
202606020742,   1.055,9999.000,9999.000,9999.000,9999.000,9999.000,9999.000,9999.000,9999.000
202606020748,   1.117,9999.000,9999.000,9999.000,9999.000,9999.000,9999.000,9999.000,9999.000
202606020754,   1.179,9999.000,9999.000,9999.000,9999.000,9999.000,9999.000,9999.000,9999.000
202606020800,   1.241,9999.000,   0.000,9999.000,   1.241,   0.000,   1.241,   0.000,   1.241
202606020806,   1.302,9999.000,9999.000,9999.000,9999.000,9999.000,9999.000,9999.000,9999.000
202606020812,   1.364,9999.000,9999.000,9999.000,9999.000,9999.000,9999.000,9999.000,9999.000
202606020818,   1.424,9999.000,9999.000,9999.000,9999.000,9999.000,9999.000,9999.000,9999.000
202606020824,   1.484,9999.000,9999.000,9999.000,9999.000,9999.000,9999.000,9999.000,9999.000
202606020830,   1.543,9999.000,9999.000,9999.000,9999.000,9999.000,9999.000,9999.000,9999.000
202606020836,   1.601,9999.000,9999.000,9999.000,9999.000,9999.000,9999.000,9999.000,9999.000
202606020842,   1.659,9999.000,9999.000,9999.000,9999.000,9999.000,9999.000,9999.000,9999.000
202606020848,   1.715,9999.000,9999.000,9999.000,9999.000,9999.000,9999.000,9999.000,9999.000
202606020854,   1.770,9999.000,9999.000,9999.000,9999.000,9999.000,9999.000,9999.000,9999.000
202606020900,   1.825,9999.000,   0.000,9999.000,   1.825,   0.000,   1.825,   0.000,   1.825
202606020906,   1.878,9999.000,9999.000,9999.000,9999.000,9999.000,9999.000,9999.000,9999.000
202606020912,   1.930,9999.000,9999.000,9999.000,9999.000,9999.000,9999.000,9999.000,9999.000
202606020918,   1.981,9999.000,9999.000,9999.000,9999.000,9999.000,9999.000,9999.000,9999.000
202606020924,   2.030,9999.000,9999.000,9999.000,9999.000,9999.000,9999.000,9999.000,9999.000
202606020930,   2.079,9999.000,9999.000,9999.000,9999.000,9999.000,9999.000,9999.000,9999.000
202606020936,   2.126,9999.000,9999.000,9999.000,9999.000,9999.000,9999.000,9999.000,9999.000
202606020942,   2.172,9999.000,9999.000,9999.000,9999.000,9999.000,9999.000,9999.000,9999.000
202606020948,   2.217,9999.000,9999.000,9999.000,9999.000,9999.000,9999.000,9999.000,9999.000
202606020954,   2.260,9999.000,9999.000,9999.000,9999.000,9999.000,9999.000,9999.000,9999.000
202606021000,   2.302,9999.000,   0.000,9999.000,   2.302,   0.000,   2.302,   0.000,   2.302
202606021006,   2.342,9999.000,9999.000,9999.000,9999.000,9999.000,9999.000,9999.000,9999.000
202606021012,   2.381,9999.000,9999.000,9999.000,9999.000,9999.000,9999.000,9999.000,9999.000
202606021018,   2.418,9999.000,9999.000,9999.000,9999.000,9999.000,9999.000,9999.000,9999.000
202606021024,   2.454,9999.000,9999.000,9999.000,9999.000,9999.000,9999.000,9999.000,9999.000
202606021030,   2.488,9999.000,9999.000,9999.000,9999.000,9999.000,9999.000,9999.000,9999.000
202606021036,   2.519,9999.000,9999.000,9999.000,9999.000,9999.000,9999.000,9999.000,9999.000
202606021042,   2.549,9999.000,9999.000,9999.000,9999.000,9999.000,9999.000,9999.000,9999.000
202606021048,   2.577,9999.000,9999.000,9999.000,9999.000,9999.000,9999.000,9999.000,9999.000
202606021054,   2.602,9999.000,9999.000,9999.000,9999.000,9999.000,9999.000,9999.000,9999.000
202606021100,   2.625,9999.000,   0.000,9999.000,   2.625,   0.000,   2.625,   0.000,   2.625
202606021106,   2.646,9999.000,9999.000,9999.000,9999.000,9999.000,9999.000,9999.000,9999.000
202606021112,   2.664,9999.000,9999.000,9999.000,9999.000,9999.000,9999.000,9999.000,9999.000
202606021118,   2.679,9999.000,9999.000,9999.000,9999.000,9999.000,9999.000,9999.000,9999.000
202606021124,   2.692,9999.000,9999.000,9999.000,9999.000,9999.000,9999.000,9999.000,9999.000
202606021130,   2.702,9999.000,9999.000,9999.000,9999.000,9999.000,9999.000,9999.000,9999.000
202606021136,   2.709,9999.000,9999.000,9999.000,9999.000,9999.000,9999.000,9999.000,9999.000
202606021142,   2.714,9999.000,9999.000,9999.000,9999.000,9999.000,9999.000,9999.000,9999.000
202606021148,   2.715,9999.000,9999.000,9999.000,9999.000,9999.000,9999.000,9999.000,9999.000
202606021154,   2.714,9999.000,9999.000,9999.000,9999.000,9999.000,9999.000,9999.000,9999.000
202606021200,   2.709,9999.000,   0.100,9999.000,   2.809,   0.100,   2.809,   0.100,   2.809
202606021206,   2.701,9999.000,9999.000,9999.000,9999.000,9999.000,9999.000,9999.000,9999.000
202606021212,   2.691,9999.000,9999.000,9999.000,9999.000,9999.000,9999.000,9999.000,9999.000
202606021218,   2.678,9999.000,9999.000,9999.000,9999.000,9999.000,9999.000,9999.000,9999.000
202606021224,   2.661,9999.000,9999.000,9999.000,9999.000,9999.000,9999.000,9999.000,9999.000
202606021230,   2.642,9999.000,9999.000,9999.000,9999.000,9999.000,9999.000,9999.000,9999.000
202606021236,   2.620,9999.000,9999.000,9999.000,9999.000,9999.000,9999.000,9999.000,9999.000
202606021242,   2.596,9999.000,9999.000,9999.000,9999.000,9999.000,9999.000,9999.000,9999.000
202606021248,   2.568,9999.000,9999.000,9999.000,9999.000,9999.000,9999.000,9999.000,9999.000
202606021254,   2.539,9999.000,9999.000,9999.000,9999.000,9999.000,9999.000,9999.000,9999.000
202606021300,   2.506,9999.000,   0.100,9999.000,   2.606,   0.000,   2.506,   0.100,   2.606
202606021306,   2.472,9999.000,9999.000,9999.000,9999.000,9999.000,9999.000,9999.000,9999.000
202606021312,   2.435,9999.000,9999.000,9999.000,9999.000,9999.000,9999.000,9999.000,9999.000
202606021318,   2.396,9999.000,9999.000,9999.000,9999.000,9999.000,9999.000,9999.000,9999.000
202606021324,   2.355,9999.000,9999.000,9999.000,9999.000,9999.000,9999.000,9999.000,9999.000
202606021330,   2.312,9999.000,9999.000,9999.000,9999.000,9999.000,9999.000,9999.000,9999.000
202606021336,   2.267,9999.000,9999.000,9999.000,9999.000,9999.000,9999.000,9999.000,9999.000
202606021342,   2.221,9999.000,9999.000,9999.000,9999.000,9999.000,9999.000,9999.000,9999.000
202606021348,   2.173,9999.000,9999.000,9999.000,9999.000,9999.000,9999.000,9999.000,9999.000
202606021354,   2.124,9999.000,9999.000,9999.000,9999.000,9999.000,9999.000,9999.000,9999.000
202606021400,   2.074,9999.000,   0.000,9999.000,   2.074,   0.000,   2.074,   0.100,   2.174
202606021406,   2.022,9999.000,9999.000,9999.000,9999.000,9999.000,9999.000,9999.000,9999.000
202606021412,   1.970,9999.000,9999.000,9999.000,9999.000,9999.000,9999.000,9999.000,9999.000
202606021418,   1.916,9999.000,9999.000,9999.000,9999.000,9999.000,9999.000,9999.000,9999.000
202606021424,   1.862,9999.000,9999.000,9999.000,9999.000,9999.000,9999.000,9999.000,9999.000
202606021430,   1.808,9999.000,9999.000,9999.000,9999.000,9999.000,9999.000,9999.000,9999.000
202606021436,   1.753,9999.000,9999.000,9999.000,9999.000,9999.000,9999.000,9999.000,9999.000
202606021442,   1.698,9999.000,9999.000,9999.000,9999.000,9999.000,9999.000,9999.000,9999.000
202606021448,   1.643,9999.000,9999.000,9999.000,9999.000,9999.000,9999.000,9999.000,9999.000
202606021454,   1.587,9999.000,9999.000,9999.000,9999.000,9999.000,9999.000,9999.000,9999.000
202606021500,   1.532,9999.000,   0.000,9999.000,   1.532,   0.000,   1.532,   0.000,   1.532
202606021506,   1.477,9999.000,9999.000,9999.000,9999.000,9999.000,9999.000,9999.000,9999.000
202606021512,   1.422,9999.000,9999.000,9999.000,9999.000,9999.000,9999.000,9999.000,9999.000
202606021518,   1.368,9999.000,9999.000,9999.000,9999.000,9999.000,9999.000,9999.000,9999.000
202606021524,   1.314,9999.000,9999.000,9999.000,9999.000,9999.000,9999.000,9999.000,9999.000
202606021530,   1.261,9999.000,9999.000,9999.000,9999.000,9999.000,9999.000,9999.000,9999.000
202606021536,   1.209,9999.000,9999.000,9999.000,9999.000,9999.000,9999.000,9999.000,9999.000
202606021542,   1.158,9999.000,9999.000,9999.000,9999.000,9999.000,9999.000,9999.000,9999.000
202606021548,   1.107,9999.000,9999.000,9999.000,9999.000,9999.000,9999.000,9999.000,9999.000
202606021554,   1.058,9999.000,9999.000,9999.000,9999.000,9999.000,9999.000,9999.000,9999.000
202606021600,   1.009,9999.000,   0.000,9999.000,   1.009,   0.000,   1.009,   0.000,   1.009
202606021606,   0.962,9999.000,9999.000,9999.000,9999.000,9999.000,9999.000,9999.000,9999.000
202606021612,   0.916,9999.000,9999.000,9999.000,9999.000,9999.000,9999.000,9999.000,9999.000
202606021618,   0.872,9999.000,9999.000,9999.000,9999.000,9999.000,9999.000,9999.000,9999.000
202606021624,   0.829,9999.000,9999.000,9999.000,9999.000,9999.000,9999.000,9999.000,9999.000
202606021630,   0.787,9999.000,9999.000,9999.000,9999.000,9999.000,9999.000,9999.000,9999.000
202606021636,   0.747,9999.000,9999.000,9999.000,9999.000,9999.000,9999.000,9999.000,9999.000
202606021642,   0.709,9999.000,9999.000,9999.000,9999.000,9999.000,9999.000,9999.000,9999.000
202606021648,   0.673,9999.000,9999.000,9999.000,9999.000,9999.000,9999.000,9999.000,9999.000
202606021654,   0.639,9999.000,9999.000,9999.000,9999.000,9999.000,9999.000,9999.000,9999.000
202606021700,   0.607,9999.000,   0.000,9999.000,   0.607,   0.000,   0.607,   0.000,   0.607
202606021706,   0.576,9999.000,9999.000,9999.000,9999.000,9999.000,9999.000,9999.000,9999.000
202606021712,   0.548,9999.000,9999.000,9999.000,9999.000,9999.000,9999.000,9999.000,9999.000
202606021718,   0.523,9999.000,9999.000,9999.000,9999.000,9999.000,9999.000,9999.000,9999.000
202606021724,   0.500,9999.000,9999.000,9999.000,9999.000,9999.000,9999.000,9999.000,9999.000
202606021730,   0.479,9999.000,9999.000,9999.000,9999.000,9999.000,9999.000,9999.000,9999.000
202606021736,   0.461,9999.000,9999.000,9999.000,9999.000,9999.000,9999.000,9999.000,9999.000
202606021742,   0.445,9999.000,9999.000,9999.000,9999.000,9999.000,9999.000,9999.000,9999.000
202606021748,   0.433,9999.000,9999.000,9999.000,9999.000,9999.000,9999.000,9999.000,9999.000
202606021754,   0.423,9999.000,9999.000,9999.000,9999.000,9999.000,9999.000,9999.000,9999.000
202606021800,   0.416,9999.000,   0.000,9999.000,   0.416,   0.000,   0.416,   0.000,   0.416
202606021806,   0.411,9999.000,9999.000,9999.000,9999.000,9999.000,9999.000,9999.000,9999.000
202606021812,   0.410,9999.000,9999.000,9999.000,9999.000,9999.000,9999.000,9999.000,9999.000
202606021818,   0.412,9999.000,9999.000,9999.000,9999.000,9999.000,9999.000,9999.000,9999.000
202606021824,   0.417,9999.000,9999.000,9999.000,9999.000,9999.000,9999.000,9999.000,9999.000
202606021830,   0.424,9999.000,9999.000,9999.000,9999.000,9999.000,9999.000,9999.000,9999.000
202606021836,   0.434,9999.000,9999.000,9999.000,9999.000,9999.000,9999.000,9999.000,9999.000
202606021842,   0.447,9999.000,9999.000,9999.000,9999.000,9999.000,9999.000,9999.000,9999.000
202606021848,   0.463,9999.000,9999.000,9999.000,9999.000,9999.000,9999.000,9999.000,9999.000
202606021854,   0.481,9999.000,9999.000,9999.000,9999.000,9999.000,9999.000,9999.000,9999.000
202606021900,   0.502,9999.000,   0.000,9999.000,   0.502,   0.000,   0.502,   0.000,   0.502
202606021906,   0.525,9999.000,9999.000,9999.000,9999.000,9999.000,9999.000,9999.000,9999.000
202606021912,   0.550,9999.000,9999.000,9999.000,9999.000,9999.000,9999.000,9999.000,9999.000
202606021918,   0.577,9999.000,9999.000,9999.000,9999.000,9999.000,9999.000,9999.000,9999.000
202606021924,   0.606,9999.000,9999.000,9999.000,9999.000,9999.000,9999.000,9999.000,9999.000
202606021930,   0.637,9999.000,9999.000,9999.000,9999.000,9999.000,9999.000,9999.000,9999.000
202606021936,   0.669,9999.000,9999.000,9999.000,9999.000,9999.000,9999.000,9999.000,9999.000
202606021942,   0.702,9999.000,9999.000,9999.000,9999.000,9999.000,9999.000,9999.000,9999.000
202606021948,   0.736,9999.000,9999.000,9999.000,9999.000,9999.000,9999.000,9999.000,9999.000
202606021954,   0.771,9999.000,9999.000,9999.000,9999.000,9999.000,9999.000,9999.000,9999.000
202606022000,   0.806,9999.000,   0.000,9999.000,   0.806,  -0.100,   0.706,   0.000,   0.806
202606022006,   0.842,9999.000,9999.000,9999.000,9999.000,9999.000,9999.000,9999.000,9999.000
202606022012,   0.878,9999.000,9999.000,9999.000,9999.000,9999.000,9999.000,9999.000,9999.000
202606022018,   0.914,9999.000,9999.000,9999.000,9999.000,9999.000,9999.000,9999.000,9999.000
202606022024,   0.950,9999.000,9999.000,9999.000,9999.000,9999.000,9999.000,9999.000,9999.000
202606022030,   0.986,9999.000,9999.000,9999.000,9999.000,9999.000,9999.000,9999.000,9999.000
202606022036,   1.022,9999.000,9999.000,9999.000,9999.000,9999.000,9999.000,9999.000,9999.000
202606022042,   1.057,9999.000,9999.000,9999.000,9999.000,9999.000,9999.000,9999.000,9999.000
202606022048,   1.092,9999.000,9999.000,9999.000,9999.000,9999.000,9999.000,9999.000,9999.000
202606022054,   1.126,9999.000,9999.000,9999.000,9999.000,9999.000,9999.000,9999.000,9999.000
202606022100,   1.159,9999.000,   0.000,9999.000,   1.159,  -0.100,   1.059,   0.000,   1.159
202606022106,   1.192,9999.000,9999.000,9999.000,9999.000,9999.000,9999.000,9999.000,9999.000
202606022112,   1.224,9999.000,9999.000,9999.000,9999.000,9999.000,9999.000,9999.000,9999.000
202606022118,   1.255,9999.000,9999.000,9999.000,9999.000,9999.000,9999.000,9999.000,9999.000
202606022124,   1.285,9999.000,9999.000,9999.000,9999.000,9999.000,9999.000,9999.000,9999.000
202606022130,   1.315,9999.000,9999.000,9999.000,9999.000,9999.000,9999.000,9999.000,9999.000
202606022136,   1.344,9999.000,9999.000,9999.000,9999.000,9999.000,9999.000,9999.000,9999.000
202606022142,   1.372,9999.000,9999.000,9999.000,9999.000,9999.000,9999.000,9999.000,9999.000
202606022148,   1.399,9999.000,9999.000,9999.000,9999.000,9999.000,9999.000,9999.000,9999.000
202606022154,   1.425,9999.000,9999.000,9999.000,9999.000,9999.000,9999.000,9999.000,9999.000
202606022200,   1.451,9999.000,  -0.100,9999.000,   1.351,  -0.100,   1.351,   0.000,   1.451
202606022206,   1.475,9999.000,9999.000,9999.000,9999.000,9999.000,9999.000,9999.000,9999.000
202606022212,   1.499,9999.000,9999.000,9999.000,9999.000,9999.000,9999.000,9999.000,9999.000
202606022218,   1.522,9999.000,9999.000,9999.000,9999.000,9999.000,9999.000,9999.000,9999.000
202606022224,   1.543,9999.000,9999.000,9999.000,9999.000,9999.000,9999.000,9999.000,9999.000
202606022230,   1.564,9999.000,9999.000,9999.000,9999.000,9999.000,9999.000,9999.000,9999.000
202606022236,   1.583,9999.000,9999.000,9999.000,9999.000,9999.000,9999.000,9999.000,9999.000
202606022242,   1.602,9999.000,9999.000,9999.000,9999.000,9999.000,9999.000,9999.000,9999.000
202606022248,   1.619,9999.000,9999.000,9999.000,9999.000,9999.000,9999.000,9999.000,9999.000
202606022254,   1.634,9999.000,9999.000,9999.000,9999.000,9999.000,9999.000,9999.000,9999.000
202606022300,   1.649,9999.000,  -0.100,9999.000,   1.549,  -0.100,   1.549,   0.000,   1.649
202606022306,   1.661,9999.000,9999.000,9999.000,9999.000,9999.000,9999.000,9999.000,9999.000
202606022312,   1.673,9999.000,9999.000,9999.000,9999.000,9999.000,9999.000,9999.000,9999.000
202606022318,   1.682,9999.000,9999.000,9999.000,9999.000,9999.000,9999.000,9999.000,9999.000
202606022324,   1.690,9999.000,9999.000,9999.000,9999.000,9999.000,9999.000,9999.000,9999.000
202606022330,   1.695,9999.000,9999.000,9999.000,9999.000,9999.000,9999.000,9999.000,9999.000
202606022336,   1.699,9999.000,9999.000,9999.000,9999.000,9999.000,9999.000,9999.000,9999.000
202606022342,   1.701,9999.000,9999.000,9999.000,9999.000,9999.000,9999.000,9999.000,9999.000
202606022348,   1.700,9999.000,9999.000,9999.000,9999.000,9999.000,9999.000,9999.000,9999.000
202606022354,   1.698,9999.000,9999.000,9999.000,9999.000,9999.000,9999.000,9999.000,9999.000
202606030000,   1.693,9999.000,  -0.100,9999.000,   1.593,  -0.100,   1.593,   0.000,   1.693
202606030006,   1.686,9999.000,9999.000,9999.000,9999.000,9999.000,9999.000,9999.000,9999.000
202606030012,   1.676,9999.000,9999.000,9999.000,9999.000,9999.000,9999.000,9999.000,9999.000
202606030018,   1.665,9999.000,9999.000,9999.000,9999.000,9999.000,9999.000,9999.000,9999.000
202606030024,   1.651,9999.000,9999.000,9999.000,9999.000,9999.000,9999.000,9999.000,9999.000
202606030030,   1.634,9999.000,9999.000,9999.000,9999.000,9999.000,9999.000,9999.000,9999.000
202606030036,   1.616,9999.000,9999.000,9999.000,9999.000,9999.000,9999.000,9999.000,9999.000
202606030042,   1.595,9999.000,9999.000,9999.000,9999.000,9999.000,9999.000,9999.000,9999.000
202606030048,   1.573,9999.000,9999.000,9999.000,9999.000,9999.000,9999.000,9999.000,9999.000
202606030054,   1.548,9999.000,9999.000,9999.000,9999.000,9999.000,9999.000,9999.000,9999.000
202606030100,   1.521,9999.000,  -0.100,9999.000,   1.421,  -0.100,   1.421,   0.000,   1.521
202606030106,   1.492,9999.000,9999.000,9999.000,9999.000,9999.000,9999.000,9999.000,9999.000
202606030112,   1.461,9999.000,9999.000,9999.000,9999.000,9999.000,9999.000,9999.000,9999.000
202606030118,   1.429,9999.000,9999.000,9999.000,9999.000,9999.000,9999.000,9999.000,9999.000
202606030124,   1.395,9999.000,9999.000,9999.000,9999.000,9999.000,9999.000,9999.000,9999.000
202606030130,   1.359,9999.000,9999.000,9999.000,9999.000,9999.000,9999.000,9999.000,9999.000
202606030136,   1.322,9999.000,9999.000,9999.000,9999.000,9999.000,9999.000,9999.000,9999.000
202606030142,   1.284,9999.000,9999.000,9999.000,9999.000,9999.000,9999.000,9999.000,9999.000
202606030148,   1.245,9999.000,9999.000,9999.000,9999.000,9999.000,9999.000,9999.000,9999.000
202606030154,   1.204,9999.000,9999.000,9999.000,9999.000,9999.000,9999.000,9999.000,9999.000
202606030200,   1.163,9999.000,  -0.100,9999.000,   1.063,  -0.100,   1.063,   0.000,   1.163
202606030206,   1.121,9999.000,9999.000,9999.000,9999.000,9999.000,9999.000,9999.000,9999.000
202606030212,   1.078,9999.000,9999.000,9999.000,9999.000,9999.000,9999.000,9999.000,9999.000
202606030218,   1.034,9999.000,9999.000,9999.000,9999.000,9999.000,9999.000,9999.000,9999.000
202606030224,   0.991,9999.000,9999.000,9999.000,9999.000,9999.000,9999.000,9999.000,9999.000
202606030230,   0.947,9999.000,9999.000,9999.000,9999.000,9999.000,9999.000,9999.000,9999.000
202606030236,   0.902,9999.000,9999.000,9999.000,9999.000,9999.000,9999.000,9999.000,9999.000
202606030242,   0.858,9999.000,9999.000,9999.000,9999.000,9999.000,9999.000,9999.000,9999.000
202606030248,   0.814,9999.000,9999.000,9999.000,9999.000,9999.000,9999.000,9999.000,9999.000
202606030254,   0.770,9999.000,9999.000,9999.000,9999.000,9999.000,9999.000,9999.000,9999.000
202606030300,   0.726,9999.000,  -0.100,9999.000,   0.626,  -0.100,   0.626,   0.000,   0.726
202606030306,   0.683,9999.000,9999.000,9999.000,9999.000,9999.000,9999.000,9999.000,9999.000
202606030312,   0.641,9999.000,9999.000,9999.000,9999.000,9999.000,9999.000,9999.000,9999.000
202606030318,   0.599,9999.000,9999.000,9999.000,9999.000,9999.000,9999.000,9999.000,9999.000
202606030324,   0.558,9999.000,9999.000,9999.000,9999.000,9999.000,9999.000,9999.000,9999.000
202606030330,   0.517,9999.000,9999.000,9999.000,9999.000,9999.000,9999.000,9999.000,9999.000
202606030336,   0.478,9999.000,9999.000,9999.000,9999.000,9999.000,9999.000,9999.000,9999.000
202606030342,   0.440,9999.000,9999.000,9999.000,9999.000,9999.000,9999.000,9999.000,9999.000
202606030348,   0.403,9999.000,9999.000,9999.000,9999.000,9999.000,9999.000,9999.000,9999.000
202606030354,   0.368,9999.000,9999.000,9999.000,9999.000,9999.000,9999.000,9999.000,9999.000
202606030400,   0.333,9999.000,  -0.100,9999.000,   0.233,  -0.100,   0.233,  -0.100,   0.233
202606030406,   0.301,9999.000,9999.000,9999.000,9999.000,9999.000,9999.000,9999.000,9999.000
202606030412,   0.269,9999.000,9999.000,9999.000,9999.000,9999.000,9999.000,9999.000,9999.000
202606030418,   0.240,9999.000,9999.000,9999.000,9999.000,9999.000,9999.000,9999.000,9999.000
202606030424,   0.212,9999.000,9999.000,9999.000,9999.000,9999.000,9999.000,9999.000,9999.000
202606030430,   0.186,9999.000,9999.000,9999.000,9999.000,9999.000,9999.000,9999.000,9999.000
202606030436,   0.161,9999.000,9999.000,9999.000,9999.000,9999.000,9999.000,9999.000,9999.000
202606030442,   0.139,9999.000,9999.000,9999.000,9999.000,9999.000,9999.000,9999.000,9999.000
202606030448,   0.119,9999.000,9999.000,9999.000,9999.000,9999.000,9999.000,9999.000,9999.000
202606030454,   0.100,9999.000,9999.000,9999.000,9999.000,9999.000,9999.000,9999.000,9999.000
202606030500,   0.084,9999.000,  -0.100,9999.000,  -0.016,  -0.100,  -0.016,   0.000,   0.084
202606030506,   0.070,9999.000,9999.000,9999.000,9999.000,9999.000,9999.000,9999.000,9999.000
202606030512,   0.059,9999.000,9999.000,9999.000,9999.000,9999.000,9999.000,9999.000,9999.000
202606030518,   0.050,9999.000,9999.000,9999.000,9999.000,9999.000,9999.000,9999.000,9999.000
202606030524,   0.043,9999.000,9999.000,9999.000,9999.000,9999.000,9999.000,9999.000,9999.000
202606030530,   0.039,9999.000,9999.000,9999.000,9999.000,9999.000,9999.000,9999.000,9999.000
202606030536,   0.037,9999.000,9999.000,9999.000,9999.000,9999.000,9999.000,9999.000,9999.000
202606030542,   0.038,9999.000,9999.000,9999.000,9999.000,9999.000,9999.000,9999.000,9999.000
202606030548,   0.042,9999.000,9999.000,9999.000,9999.000,9999.000,9999.000,9999.000,9999.000
202606030554,   0.049,9999.000,9999.000,9999.000,9999.000,9999.000,9999.000,9999.000,9999.000
202606030600,   0.059,9999.000,  -0.100,9999.000,  -0.041,  -0.100,  -0.041,   0.000,   0.059
202606030606,   0.071,9999.000,9999.000,9999.000,9999.000,9999.000,9999.000,9999.000,9999.000
202606030612,   0.087,9999.000,9999.000,9999.000,9999.000,9999.000,9999.000,9999.000,9999.000
202606030618,   0.106,9999.000,9999.000,9999.000,9999.000,9999.000,9999.000,9999.000,9999.000
202606030624,   0.128,9999.000,9999.000,9999.000,9999.000,9999.000,9999.000,9999.000,9999.000
202606030630,   0.153,9999.000,9999.000,9999.000,9999.000,9999.000,9999.000,9999.000,9999.000
202606030636,   0.180,9999.000,9999.000,9999.000,9999.000,9999.000,9999.000,9999.000,9999.000
202606030642,   0.211,9999.000,9999.000,9999.000,9999.000,9999.000,9999.000,9999.000,9999.000
202606030648,   0.245,9999.000,9999.000,9999.000,9999.000,9999.000,9999.000,9999.000,9999.000
202606030654,   0.282,9999.000,9999.000,9999.000,9999.000,9999.000,9999.000,9999.000,9999.000
202606030700,   0.322,9999.000,  -0.100,9999.000,   0.222,  -0.100,   0.222,   0.000,   0.322
202606030706,   0.365,9999.000,9999.000,9999.000,9999.000,9999.000,9999.000,9999.000,9999.000
202606030712,   0.410,9999.000,9999.000,9999.000,9999.000,9999.000,9999.000,9999.000,9999.000
202606030718,   0.458,9999.000,9999.000,9999.000,9999.000,9999.000,9999.000,9999.000,9999.000
202606030724,   0.508,9999.000,9999.000,9999.000,9999.000,9999.000,9999.000,9999.000,9999.000
202606030730,   0.561,9999.000,9999.000,9999.000,9999.000,9999.000,9999.000,9999.000,9999.000
202606030736,   0.615,9999.000,9999.000,9999.000,9999.000,9999.000,9999.000,9999.000,9999.000
202606030742,   0.672,9999.000,9999.000,9999.000,9999.000,9999.000,9999.000,9999.000,9999.000
202606030748,   0.730,9999.000,9999.000,9999.000,9999.000,9999.000,9999.000,9999.000,9999.000
202606030754,   0.789,9999.000,9999.000,9999.000,9999.000,9999.000,9999.000,9999.000,9999.000
202606030800,   0.850,9999.000,   0.000,9999.000,   0.850,  -0.100,   0.750,   0.000,   0.850
202606030806,   0.911,9999.000,9999.000,9999.000,9999.000,9999.000,9999.000,9999.000,9999.000
202606030812,   0.974,9999.000,9999.000,9999.000,9999.000,9999.000,9999.000,9999.000,9999.000
202606030818,   1.037,9999.000,9999.000,9999.000,9999.000,9999.000,9999.000,9999.000,9999.000
202606030824,   1.100,9999.000,9999.000,9999.000,9999.000,9999.000,9999.000,9999.000,9999.000
202606030830,   1.164,9999.000,9999.000,9999.000,9999.000,9999.000,9999.000,9999.000,9999.000
202606030836,   1.227,9999.000,9999.000,9999.000,9999.000,9999.000,9999.000,9999.000,9999.000
202606030842,   1.291,9999.000,9999.000,9999.000,9999.000,9999.000,9999.000,9999.000,9999.000
202606030848,   1.354,9999.000,9999.000,9999.000,9999.000,9999.000,9999.000,9999.000,9999.000
202606030854,   1.416,9999.000,9999.000,9999.000,9999.000,9999.000,9999.000,9999.000,9999.000
202606030900,   1.478,9999.000,   0.000,9999.000,   1.478,  -0.100,   1.378,   0.000,   1.478
202606030906,   1.539,9999.000,9999.000,9999.000,9999.000,9999.000,9999.000,9999.000,9999.000
202606030912,   1.599,9999.000,9999.000,9999.000,9999.000,9999.000,9999.000,9999.000,9999.000
202606030918,   1.658,9999.000,9999.000,9999.000,9999.000,9999.000,9999.000,9999.000,9999.000
202606030924,   1.716,9999.000,9999.000,9999.000,9999.000,9999.000,9999.000,9999.000,9999.000
202606030930,   1.772,9999.000,9999.000,9999.000,9999.000,9999.000,9999.000,9999.000,9999.000
202606030936,   1.828,9999.000,9999.000,9999.000,9999.000,9999.000,9999.000,9999.000,9999.000
202606030942,   1.883,9999.000,9999.000,9999.000,9999.000,9999.000,9999.000,9999.000,9999.000
202606030948,   1.936,9999.000,9999.000,9999.000,9999.000,9999.000,9999.000,9999.000,9999.000
202606030954,   1.988,9999.000,9999.000,9999.000,9999.000,9999.000,9999.000,9999.000,9999.000
202606031000,   2.038,9999.000,   0.000,9999.000,   2.038,  -0.100,   1.938,   0.000,   2.038
202606031006,   2.087,9999.000,9999.000,9999.000,9999.000,9999.000,9999.000,9999.000,9999.000
202606031012,   2.135,9999.000,9999.000,9999.000,9999.000,9999.000,9999.000,9999.000,9999.000
202606031018,   2.182,9999.000,9999.000,9999.000,9999.000,9999.000,9999.000,9999.000,9999.000
202606031024,   2.227,9999.000,9999.000,9999.000,9999.000,9999.000,9999.000,9999.000,9999.000
202606031030,   2.270,9999.000,9999.000,9999.000,9999.000,9999.000,9999.000,9999.000,9999.000
202606031036,   2.312,9999.000,9999.000,9999.000,9999.000,9999.000,9999.000,9999.000,9999.000
202606031042,   2.352,9999.000,9999.000,9999.000,9999.000,9999.000,9999.000,9999.000,9999.000
202606031048,   2.391,9999.000,9999.000,9999.000,9999.000,9999.000,9999.000,9999.000,9999.000
202606031054,   2.428,9999.000,9999.000,9999.000,9999.000,9999.000,9999.000,9999.000,9999.000
202606031100,   2.464,9999.000,   0.000,9999.000,   2.464,   0.000,   2.464,   0.000,   2.464
202606031106,   2.497,9999.000,9999.000,9999.000,9999.000,9999.000,9999.000,9999.000,9999.000
202606031112,   2.528,9999.000,9999.000,9999.000,9999.000,9999.000,9999.000,9999.000,9999.000
202606031118,   2.558,9999.000,9999.000,9999.000,9999.000,9999.000,9999.000,9999.000,9999.000
202606031124,   2.585,9999.000,9999.000,9999.000,9999.000,9999.000,9999.000,9999.000,9999.000
202606031130,   2.610,9999.000,9999.000,9999.000,9999.000,9999.000,9999.000,9999.000,9999.000
202606031136,   2.633,9999.000,9999.000,9999.000,9999.000,9999.000,9999.000,9999.000,9999.000
202606031142,   2.653,9999.000,9999.000,9999.000,9999.000,9999.000,9999.000,9999.000,9999.000
202606031148,   2.671,9999.000,9999.000,9999.000,9999.000,9999.000,9999.000,9999.000,9999.000
202606031154,   2.686,9999.000,9999.000,9999.000,9999.000,9999.000,9999.000,9999.000,9999.000
202606031200,   2.699,9999.000,   0.000,9999.000,   2.699,   0.000,   2.699,   0.000,   2.699
202606031206,   2.708,9999.000,9999.000,9999.000,9999.000,9999.000,9999.000,9999.000,9999.000
202606031212,   2.715,9999.000,9999.000,9999.000,9999.000,9999.000,9999.000,9999.000,9999.000
202606031218,   2.719,9999.000,9999.000,9999.000,9999.000,9999.000,9999.000,9999.000,9999.000
202606031224,   2.721,9999.000,9999.000,9999.000,9999.000,9999.000,9999.000,9999.000,9999.000
202606031230,   2.719,9999.000,9999.000,9999.000,9999.000,9999.000,9999.000,9999.000,9999.000
202606031236,   2.714,9999.000,9999.000,9999.000,9999.000,9999.000,9999.000,9999.000,9999.000
202606031242,   2.706,9999.000,9999.000,9999.000,9999.000,9999.000,9999.000,9999.000,9999.000
202606031248,   2.696,9999.000,9999.000,9999.000,9999.000,9999.000,9999.000,9999.000,9999.000
202606031254,   2.682,9999.000,9999.000,9999.000,9999.000,9999.000,9999.000,9999.000,9999.000
202606031300,   2.666,9999.000,   0.000,9999.000,   2.666,   0.000,   2.666,   0.000,   2.666
202606031306,   2.647,9999.000,9999.000,9999.000,9999.000,9999.000,9999.000,9999.000,9999.000
202606031312,   2.625,9999.000,9999.000,9999.000,9999.000,9999.000,9999.000,9999.000,9999.000
202606031318,   2.600,9999.000,9999.000,9999.000,9999.000,9999.000,9999.000,9999.000,9999.000
202606031324,   2.573,9999.000,9999.000,9999.000,9999.000,9999.000,9999.000,9999.000,9999.000
202606031330,   2.543,9999.000,9999.000,9999.000,9999.000,9999.000,9999.000,9999.000,9999.000
202606031336,   2.510,9999.000,9999.000,9999.000,9999.000,9999.000,9999.000,9999.000,9999.000
202606031342,   2.476,9999.000,9999.000,9999.000,9999.000,9999.000,9999.000,9999.000,9999.000
202606031348,   2.439,9999.000,9999.000,9999.000,9999.000,9999.000,9999.000,9999.000,9999.000
202606031354,   2.400,9999.000,9999.000,9999.000,9999.000,9999.000,9999.000,9999.000,9999.000
202606031400,   2.359,9999.000,   0.000,9999.000,   2.359,   0.000,   2.359,   0.000,   2.359
202606031406,   2.317,9999.000,9999.000,9999.000,9999.000,9999.000,9999.000,9999.000,9999.000
202606031412,   2.272,9999.000,9999.000,9999.000,9999.000,9999.000,9999.000,9999.000,9999.000
202606031418,   2.226,9999.000,9999.000,9999.000,9999.000,9999.000,9999.000,9999.000,9999.000
202606031424,   2.179,9999.000,9999.000,9999.000,9999.000,9999.000,9999.000,9999.000,9999.000
202606031430,   2.130,9999.000,9999.000,9999.000,9999.000,9999.000,9999.000,9999.000,9999.000
202606031436,   2.080,9999.000,9999.000,9999.000,9999.000,9999.000,9999.000,9999.000,9999.000
202606031442,   2.028,9999.000,9999.000,9999.000,9999.000,9999.000,9999.000,9999.000,9999.000
202606031448,   1.976,9999.000,9999.000,9999.000,9999.000,9999.000,9999.000,9999.000,9999.000
202606031454,   1.923,9999.000,9999.000,9999.000,9999.000,9999.000,9999.000,9999.000,9999.000
202606031500,   1.869,9999.000,   0.000,9999.000,   1.869,   0.000,   1.869,   0.100,   1.969
202606031506,   1.815,9999.000,9999.000,9999.000,9999.000,9999.000,9999.000,9999.000,9999.000
202606031512,   1.760,9999.000,9999.000,9999.000,9999.000,9999.000,9999.000,9999.000,9999.000
202606031518,   1.705,9999.000,9999.000,9999.000,9999.000,9999.000,9999.000,9999.000,9999.000
202606031524,   1.649,9999.000,9999.000,9999.000,9999.000,9999.000,9999.000,9999.000,9999.000
202606031530,   1.593,9999.000,9999.000,9999.000,9999.000,9999.000,9999.000,9999.000,9999.000
202606031536,   1.538,9999.000,9999.000,9999.000,9999.000,9999.000,9999.000,9999.000,9999.000
202606031542,   1.482,9999.000,9999.000,9999.000,9999.000,9999.000,9999.000,9999.000,9999.000
202606031548,   1.427,9999.000,9999.000,9999.000,9999.000,9999.000,9999.000,9999.000,9999.000
202606031554,   1.372,9999.000,9999.000,9999.000,9999.000,9999.000,9999.000,9999.000,9999.000
202606031600,   1.318,9999.000,   0.000,9999.000,   1.318,   0.000,   1.318,   0.100,   1.418
202606031606,   1.264,9999.000,9999.000,9999.000,9999.000,9999.000,9999.000,9999.000,9999.000
202606031612,   1.211,9999.000,9999.000,9999.000,9999.000,9999.000,9999.000,9999.000,9999.000
202606031618,   1.159,9999.000,9999.000,9999.000,9999.000,9999.000,9999.000,9999.000,9999.000
202606031624,   1.107,9999.000,9999.000,9999.000,9999.000,9999.000,9999.000,9999.000,9999.000
202606031630,   1.057,9999.000,9999.000,9999.000,9999.000,9999.000,9999.000,9999.000,9999.000
202606031636,   1.008,9999.000,9999.000,9999.000,9999.000,9999.000,9999.000,9999.000,9999.000
202606031642,   0.960,9999.000,9999.000,9999.000,9999.000,9999.000,9999.000,9999.000,9999.000
202606031648,   0.913,9999.000,9999.000,9999.000,9999.000,9999.000,9999.000,9999.000,9999.000
202606031654,   0.867,9999.000,9999.000,9999.000,9999.000,9999.000,9999.000,9999.000,9999.000
202606031700,   0.824,9999.000,   0.000,9999.000,   0.824,   0.000,   0.824,   0.100,   0.924
202606031706,   0.781,9999.000,9999.000,9999.000,9999.000,9999.000,9999.000,9999.000,9999.000
202606031712,   0.740,9999.000,9999.000,9999.000,9999.000,9999.000,9999.000,9999.000,9999.000
202606031718,   0.701,9999.000,9999.000,9999.000,9999.000,9999.000,9999.000,9999.000,9999.000
202606031724,   0.664,9999.000,9999.000,9999.000,9999.000,9999.000,9999.000,9999.000,9999.000
202606031730,   0.629,9999.000,9999.000,9999.000,9999.000,9999.000,9999.000,9999.000,9999.000
202606031736,   0.596,9999.000,9999.000,9999.000,9999.000,9999.000,9999.000,9999.000,9999.000
202606031742,   0.565,9999.000,9999.000,9999.000,9999.000,9999.000,9999.000,9999.000,9999.000
202606031748,   0.536,9999.000,9999.000,9999.000,9999.000,9999.000,9999.000,9999.000,9999.000
202606031754,   0.509,9999.000,9999.000,9999.000,9999.000,9999.000,9999.000,9999.000,9999.000
202606031800,   0.485,9999.000,   0.000,9999.000,   0.485,   0.000,   0.485,   0.100,   0.585
202606031806,   0.463,9999.000,9999.000,9999.000,9999.000,9999.000,9999.000,9999.000,9999.000
202606031812,   0.444,9999.000,9999.000,9999.000,9999.000,9999.000,9999.000,9999.000,9999.000
202606031818,   0.427,9999.000,9999.000,9999.000,9999.000,9999.000,9999.000,9999.000,9999.000
202606031824,   0.414,9999.000,9999.000,9999.000,9999.000,9999.000,9999.000,9999.000,9999.000
202606031830,   0.402,9999.000,9999.000,9999.000,9999.000,9999.000,9999.000,9999.000,9999.000
202606031836,   0.394,9999.000,9999.000,9999.000,9999.000,9999.000,9999.000,9999.000,9999.000
202606031842,   0.388,9999.000,9999.000,9999.000,9999.000,9999.000,9999.000,9999.000,9999.000
202606031848,   0.386,9999.000,9999.000,9999.000,9999.000,9999.000,9999.000,9999.000,9999.000
202606031854,   0.386,9999.000,9999.000,9999.000,9999.000,9999.000,9999.000,9999.000,9999.000
202606031900,   0.389,9999.000,   0.000,9999.000,   0.389,   0.000,   0.389,   0.100,   0.489
202606031906,   0.395,9999.000,9999.000,9999.000,9999.000,9999.000,9999.000,9999.000,9999.000
202606031912,   0.403,9999.000,9999.000,9999.000,9999.000,9999.000,9999.000,9999.000,9999.000
202606031918,   0.415,9999.000,9999.000,9999.000,9999.000,9999.000,9999.000,9999.000,9999.000
202606031924,   0.429,9999.000,9999.000,9999.000,9999.000,9999.000,9999.000,9999.000,9999.000
202606031930,   0.446,9999.000,9999.000,9999.000,9999.000,9999.000,9999.000,9999.000,9999.000
202606031936,   0.466,9999.000,9999.000,9999.000,9999.000,9999.000,9999.000,9999.000,9999.000
202606031942,   0.487,9999.000,9999.000,9999.000,9999.000,9999.000,9999.000,9999.000,9999.000
202606031948,   0.512,9999.000,9999.000,9999.000,9999.000,9999.000,9999.000,9999.000,9999.000
202606031954,   0.538,9999.000,9999.000,9999.000,9999.000,9999.000,9999.000,9999.000,9999.000
202606032000,   0.566,9999.000,   0.000,9999.000,   0.566,   0.000,   0.566,   0.100,   0.666
202606032006,   0.597,9999.000,9999.000,9999.000,9999.000,9999.000,9999.000,9999.000,9999.000
202606032012,   0.628,9999.000,9999.000,9999.000,9999.000,9999.000,9999.000,9999.000,9999.000
202606032018,   0.662,9999.000,9999.000,9999.000,9999.000,9999.000,9999.000,9999.000,9999.000
202606032024,   0.696,9999.000,9999.000,9999.000,9999.000,9999.000,9999.000,9999.000,9999.000
202606032030,   0.732,9999.000,9999.000,9999.000,9999.000,9999.000,9999.000,9999.000,9999.000
202606032036,   0.768,9999.000,9999.000,9999.000,9999.000,9999.000,9999.000,9999.000,9999.000
202606032042,   0.805,9999.000,9999.000,9999.000,9999.000,9999.000,9999.000,9999.000,9999.000
202606032048,   0.843,9999.000,9999.000,9999.000,9999.000,9999.000,9999.000,9999.000,9999.000
202606032054,   0.881,9999.000,9999.000,9999.000,9999.000,9999.000,9999.000,9999.000,9999.000
202606032100,   0.918,9999.000,   0.000,9999.000,   0.918,   0.000,   0.918,   0.100,   1.018
202606032106,   0.956,9999.000,9999.000,9999.000,9999.000,9999.000,9999.000,9999.000,9999.000
202606032112,   0.994,9999.000,9999.000,9999.000,9999.000,9999.000,9999.000,9999.000,9999.000
202606032118,   1.031,9999.000,9999.000,9999.000,9999.000,9999.000,9999.000,9999.000,9999.000
202606032124,   1.068,9999.000,9999.000,9999.000,9999.000,9999.000,9999.000,9999.000,9999.000
202606032130,   1.105,9999.000,9999.000,9999.000,9999.000,9999.000,9999.000,9999.000,9999.000
202606032136,   1.140,9999.000,9999.000,9999.000,9999.000,9999.000,9999.000,9999.000,9999.000
202606032142,   1.175,9999.000,9999.000,9999.000,9999.000,9999.000,9999.000,9999.000,9999.000
202606032148,   1.210,9999.000,9999.000,9999.000,9999.000,9999.000,9999.000,9999.000,9999.000
202606032154,   1.243,9999.000,9999.000,9999.000,9999.000,9999.000,9999.000,9999.000,9999.000
202606032200,   1.275,9999.000,   0.000,9999.000,   1.275,   0.000,   1.275,   0.100,   1.375
202606032206,   1.307,9999.000,9999.000,9999.000,9999.000,9999.000,9999.000,9999.000,9999.000
202606032212,   1.338,9999.000,9999.000,9999.000,9999.000,9999.000,9999.000,9999.000,9999.000
202606032218,   1.367,9999.000,9999.000,9999.000,9999.000,9999.000,9999.000,9999.000,9999.000
202606032224,   1.396,9999.000,9999.000,9999.000,9999.000,9999.000,9999.000,9999.000,9999.000
202606032230,   1.423,9999.000,9999.000,9999.000,9999.000,9999.000,9999.000,9999.000,9999.000
202606032236,   1.450,9999.000,9999.000,9999.000,9999.000,9999.000,9999.000,9999.000,9999.000
202606032242,   1.475,9999.000,9999.000,9999.000,9999.000,9999.000,9999.000,9999.000,9999.000
202606032248,   1.500,9999.000,9999.000,9999.000,9999.000,9999.000,9999.000,9999.000,9999.000
202606032254,   1.523,9999.000,9999.000,9999.000,9999.000,9999.000,9999.000,9999.000,9999.000
202606032300,   1.545,9999.000,   0.000,9999.000,   1.545,   0.000,   1.545,   0.100,   1.645
202606032306,   1.566,9999.000,9999.000,9999.000,9999.000,9999.000,9999.000,9999.000,9999.000
202606032312,   1.586,9999.000,9999.000,9999.000,9999.000,9999.000,9999.000,9999.000,9999.000
202606032318,   1.605,9999.000,9999.000,9999.000,9999.000,9999.000,9999.000,9999.000,9999.000
202606032324,   1.622,9999.000,9999.000,9999.000,9999.000,9999.000,9999.000,9999.000,9999.000
202606032330,   1.637,9999.000,9999.000,9999.000,9999.000,9999.000,9999.000,9999.000,9999.000
202606032336,   1.652,9999.000,9999.000,9999.000,9999.000,9999.000,9999.000,9999.000,9999.000
202606032342,   1.665,9999.000,9999.000,9999.000,9999.000,9999.000,9999.000,9999.000,9999.000
202606032348,   1.676,9999.000,9999.000,9999.000,9999.000,9999.000,9999.000,9999.000,9999.000
202606032354,   1.685,9999.000,9999.000,9999.000,9999.000,9999.000,9999.000,9999.000,9999.000
202606040000,   1.693,9999.000,   0.100,9999.000,   1.793,   0.000,   1.693,   0.100,   1.793
202606040006,   1.699,9999.000,9999.000,9999.000,9999.000,9999.000,9999.000,9999.000,9999.000
202606040012,   1.703,9999.000,9999.000,9999.000,9999.000,9999.000,9999.000,9999.000,9999.000
202606040018,   1.704,9999.000,9999.000,9999.000,9999.000,9999.000,9999.000,9999.000,9999.000
202606040024,   1.704,9999.000,9999.000,9999.000,9999.000,9999.000,9999.000,9999.000,9999.000
202606040030,   1.702,9999.000,9999.000,9999.000,9999.000,9999.000,9999.000,9999.000,9999.000
202606040036,   1.698,9999.000,9999.000,9999.000,9999.000,9999.000,9999.000,9999.000,9999.000
202606040042,   1.691,9999.000,9999.000,9999.000,9999.000,9999.000,9999.000,9999.000,9999.000
202606040048,   1.682,9999.000,9999.000,9999.000,9999.000,9999.000,9999.000,9999.000,9999.000
202606040054,   1.671,9999.000,9999.000,9999.000,9999.000,9999.000,9999.000,9999.000,9999.000
202606040100,   1.658,9999.000,   0.100,9999.000,   1.758,   0.000,   1.658,   0.100,   1.758
202606040106,   1.643,9999.000,9999.000,9999.000,9999.000,9999.000,9999.000,9999.000,9999.000
202606040112,   1.625,9999.000,9999.000,9999.000,9999.000,9999.000,9999.000,9999.000,9999.000
202606040118,   1.606,9999.000,9999.000,9999.000,9999.000,9999.000,9999.000,9999.000,9999.000
202606040124,   1.584,9999.000,9999.000,9999.000,9999.000,9999.000,9999.000,9999.000,9999.000
202606040130,   1.560,9999.000,9999.000,9999.000,9999.000,9999.000,9999.000,9999.000,9999.000
202606040136,   1.534,9999.000,9999.000,9999.000,9999.000,9999.000,9999.000,9999.000,9999.000
202606040142,   1.507,9999.000,9999.000,9999.000,9999.000,9999.000,9999.000,9999.000,9999.000
202606040148,   1.477,9999.000,9999.000,9999.000,9999.000,9999.000,9999.000,9999.000,9999.000
202606040154,   1.446,9999.000,9999.000,9999.000,9999.000,9999.000,9999.000,9999.000,9999.000
202606040200,   1.414,9999.000,   0.100,9999.000,   1.514,   0.000,   1.414,   0.200,   1.614
202606040206,   1.380,9999.000,9999.000,9999.000,9999.000,9999.000,9999.000,9999.000,9999.000
202606040212,   1.344,9999.000,9999.000,9999.000,9999.000,9999.000,9999.000,9999.000,9999.000
202606040218,   1.307,9999.000,9999.000,9999.000,9999.000,9999.000,9999.000,9999.000,9999.000
202606040224,   1.269,9999.000,9999.000,9999.000,9999.000,9999.000,9999.000,9999.000,9999.000
202606040230,   1.230,9999.000,9999.000,9999.000,9999.000,9999.000,9999.000,9999.000,9999.000
202606040236,   1.190,9999.000,9999.000,9999.000,9999.000,9999.000,9999.000,9999.000,9999.000
202606040242,   1.150,9999.000,9999.000,9999.000,9999.000,9999.000,9999.000,9999.000,9999.000
202606040248,   1.108,9999.000,9999.000,9999.000,9999.000,9999.000,9999.000,9999.000,9999.000
202606040254,   1.066,9999.000,9999.000,9999.000,9999.000,9999.000,9999.000,9999.000,9999.000
202606040300,   1.024,9999.000,   0.100,9999.000,   1.124,   0.000,   1.024,   0.200,   1.224
202606040306,   0.981,9999.000,9999.000,9999.000,9999.000,9999.000,9999.000,9999.000,9999.000
202606040312,   0.938,9999.000,9999.000,9999.000,9999.000,9999.000,9999.000,9999.000,9999.000
202606040318,   0.895,9999.000,9999.000,9999.000,9999.000,9999.000,9999.000,9999.000,9999.000
202606040324,   0.851,9999.000,9999.000,9999.000,9999.000,9999.000,9999.000,9999.000,9999.000
202606040330,   0.808,9999.000,9999.000,9999.000,9999.000,9999.000,9999.000,9999.000,9999.000
202606040336,   0.765,9999.000,9999.000,9999.000,9999.000,9999.000,9999.000,9999.000,9999.000
202606040342,   0.723,9999.000,9999.000,9999.000,9999.000,9999.000,9999.000,9999.000,9999.000
202606040348,   0.680,9999.000,9999.000,9999.000,9999.000,9999.000,9999.000,9999.000,9999.000
202606040354,   0.639,9999.000,9999.000,9999.000,9999.000,9999.000,9999.000,9999.000,9999.000
202606040400,   0.598,9999.000,   0.100,9999.000,   0.698,   0.000,   0.598,   0.200,   0.798
202606040406,   0.558,9999.000,9999.000,9999.000,9999.000,9999.000,9999.000,9999.000,9999.000
202606040412,   0.519,9999.000,9999.000,9999.000,9999.000,9999.000,9999.000,9999.000,9999.000
202606040418,   0.480,9999.000,9999.000,9999.000,9999.000,9999.000,9999.000,9999.000,9999.000
202606040424,   0.443,9999.000,9999.000,9999.000,9999.000,9999.000,9999.000,9999.000,9999.000
202606040430,   0.407,9999.000,9999.000,9999.000,9999.000,9999.000,9999.000,9999.000,9999.000
202606040436,   0.373,9999.000,9999.000,9999.000,9999.000,9999.000,9999.000,9999.000,9999.000
202606040442,   0.339,9999.000,9999.000,9999.000,9999.000,9999.000,9999.000,9999.000,9999.000
202606040448,   0.308,9999.000,9999.000,9999.000,9999.000,9999.000,9999.000,9999.000,9999.000
202606040454,   0.278,9999.000,9999.000,9999.000,9999.000,9999.000,9999.000,9999.000,9999.000
202606040500,   0.249,9999.000,   0.100,9999.000,   0.349,   0.100,   0.349,   0.200,   0.449
202606040506,   0.223,9999.000,9999.000,9999.000,9999.000,9999.000,9999.000,9999.000,9999.000
202606040512,   0.198,9999.000,9999.000,9999.000,9999.000,9999.000,9999.000,9999.000,9999.000
202606040518,   0.175,9999.000,9999.000,9999.000,9999.000,9999.000,9999.000,9999.000,9999.000
202606040524,   0.154,9999.000,9999.000,9999.000,9999.000,9999.000,9999.000,9999.000,9999.000
202606040530,   0.135,9999.000,9999.000,9999.000,9999.000,9999.000,9999.000,9999.000,9999.000
202606040536,   0.118,9999.000,9999.000,9999.000,9999.000,9999.000,9999.000,9999.000,9999.000
202606040542,   0.104,9999.000,9999.000,9999.000,9999.000,9999.000,9999.000,9999.000,9999.000
202606040548,   0.092,9999.000,9999.000,9999.000,9999.000,9999.000,9999.000,9999.000,9999.000
202606040554,   0.082,9999.000,9999.000,9999.000,9999.000,9999.000,9999.000,9999.000,9999.000
202606040600,   0.075,9999.000,   0.200,9999.000,   0.275,   0.100,   0.175,   0.200,   0.275
202606040606,   0.070,9999.000,9999.000,9999.000,9999.000,9999.000,9999.000,9999.000,9999.000
202606040612,   0.067,9999.000,9999.000,9999.000,9999.000,9999.000,9999.000,9999.000,9999.000
202606040618,   0.068,9999.000,9999.000,9999.000,9999.000,9999.000,9999.000,9999.000,9999.000
202606040624,   0.071,9999.000,9999.000,9999.000,9999.000,9999.000,9999.000,9999.000,9999.000
202606040630,   0.076,9999.000,9999.000,9999.000,9999.000,9999.000,9999.000,9999.000,9999.000
202606040636,   0.085,9999.000,9999.000,9999.000,9999.000,9999.000,9999.000,9999.000,9999.000
202606040642,   0.096,9999.000,9999.000,9999.000,9999.000,9999.000,9999.000,9999.000,9999.000
202606040648,   0.110,9999.000,9999.000,9999.000,9999.000,9999.000,9999.000,9999.000,9999.000
202606040654,   0.127,9999.000,9999.000,9999.000,9999.000,9999.000,9999.000,9999.000,9999.000
202606040700,   0.147,9999.000,   0.200,9999.000,   0.347,   0.100,   0.247,   0.200,   0.347
202606040706,   0.170,9999.000,9999.000,9999.000,9999.000,9999.000,9999.000,9999.000,9999.000
202606040712,   0.196,9999.000,9999.000,9999.000,9999.000,9999.000,9999.000,9999.000,9999.000
202606040718,   0.225,9999.000,9999.000,9999.000,9999.000,9999.000,9999.000,9999.000,9999.000
202606040724,   0.256,9999.000,9999.000,9999.000,9999.000,9999.000,9999.000,9999.000,9999.000
202606040730,   0.291,9999.000,9999.000,9999.000,9999.000,9999.000,9999.000,9999.000,9999.000
202606040736,   0.328,9999.000,9999.000,9999.000,9999.000,9999.000,9999.000,9999.000,9999.000
202606040742,   0.368,9999.000,9999.000,9999.000,9999.000,9999.000,9999.000,9999.000,9999.000
202606040748,   0.411,9999.000,9999.000,9999.000,9999.000,9999.000,9999.000,9999.000,9999.000
202606040754,   0.457,9999.000,9999.000,9999.000,9999.000,9999.000,9999.000,9999.000,9999.000
202606040800,   0.505,9999.000,   0.200,9999.000,   0.705,   0.100,   0.605,   0.200,   0.705
202606040806,   0.555,9999.000,9999.000,9999.000,9999.000,9999.000,9999.000,9999.000,9999.000
202606040812,   0.607,9999.000,9999.000,9999.000,9999.000,9999.000,9999.000,9999.000,9999.000
202606040818,   0.661,9999.000,9999.000,9999.000,9999.000,9999.000,9999.000,9999.000,9999.000
202606040824,   0.718,9999.000,9999.000,9999.000,9999.000,9999.000,9999.000,9999.000,9999.000
202606040830,   0.776,9999.000,9999.000,9999.000,9999.000,9999.000,9999.000,9999.000,9999.000
202606040836,   0.835,9999.000,9999.000,9999.000,9999.000,9999.000,9999.000,9999.000,9999.000
202606040842,   0.895,9999.000,9999.000,9999.000,9999.000,9999.000,9999.000,9999.000,9999.000
202606040848,   0.957,9999.000,9999.000,9999.000,9999.000,9999.000,9999.000,9999.000,9999.000
202606040854,   1.020,9999.000,9999.000,9999.000,9999.000,9999.000,9999.000,9999.000,9999.000
202606040900,   1.083,9999.000,   0.200,9999.000,   1.283,   0.100,   1.183,   0.200,   1.283
202606040906,   1.146,9999.000,9999.000,9999.000,9999.000,9999.000,9999.000,9999.000,9999.000
202606040912,   1.210,9999.000,9999.000,9999.000,9999.000,9999.000,9999.000,9999.000,9999.000
202606040918,   1.274,9999.000,9999.000,9999.000,9999.000,9999.000,9999.000,9999.000,9999.000
202606040924,   1.337,9999.000,9999.000,9999.000,9999.000,9999.000,9999.000,9999.000,9999.000
202606040930,   1.400,9999.000,9999.000,9999.000,9999.000,9999.000,9999.000,9999.000,9999.000
202606040936,   1.463,9999.000,9999.000,9999.000,9999.000,9999.000,9999.000,9999.000,9999.000
202606040942,   1.525,9999.000,9999.000,9999.000,9999.000,9999.000,9999.000,9999.000,9999.000
202606040948,   1.586,9999.000,9999.000,9999.000,9999.000,9999.000,9999.000,9999.000,9999.000
202606040954,   1.646,9999.000,9999.000,9999.000,9999.000,9999.000,9999.000,9999.000,9999.000
202606041000,   1.705,9999.000,   0.200,9999.000,   1.905,   0.100,   1.805,   0.200,   1.905
202606041006,   1.763,9999.000,9999.000,9999.000,9999.000,9999.000,9999.000,9999.000,9999.000
202606041012,   1.820,9999.000,9999.000,9999.000,9999.000,9999.000,9999.000,9999.000,9999.000
202606041018,   1.875,9999.000,9999.000,9999.000,9999.000,9999.000,9999.000,9999.000,9999.000
202606041024,   1.929,9999.000,9999.000,9999.000,9999.000,9999.000,9999.000,9999.000,9999.000
202606041030,   1.982,9999.000,9999.000,9999.000,9999.000,9999.000,9999.000,9999.000,9999.000
202606041036,   2.033,9999.000,9999.000,9999.000,9999.000,9999.000,9999.000,9999.000,9999.000
202606041042,   2.082,9999.000,9999.000,9999.000,9999.000,9999.000,9999.000,9999.000,9999.000
202606041048,   2.130,9999.000,9999.000,9999.000,9999.000,9999.000,9999.000,9999.000,9999.000
202606041054,   2.176,9999.000,9999.000,9999.000,9999.000,9999.000,9999.000,9999.000,9999.000
202606041100,   2.221,9999.000,   0.100,9999.000,   2.321,   0.100,   2.321,   0.200,   2.421
202606041106,   2.264,9999.000,9999.000,9999.000,9999.000,9999.000,9999.000,9999.000,9999.000
202606041112,   2.305,9999.000,9999.000,9999.000,9999.000,9999.000,9999.000,9999.000,9999.000
202606041118,   2.344,9999.000,9999.000,9999.000,9999.000,9999.000,9999.000,9999.000,9999.000
202606041124,   2.382,9999.000,9999.000,9999.000,9999.000,9999.000,9999.000,9999.000,9999.000
202606041130,   2.418,9999.000,9999.000,9999.000,9999.000,9999.000,9999.000,9999.000,9999.000
202606041136,   2.452,9999.000,9999.000,9999.000,9999.000,9999.000,9999.000,9999.000,9999.000
202606041142,   2.484,9999.000,9999.000,9999.000,9999.000,9999.000,9999.000,9999.000,9999.000
202606041148,   2.514,9999.000,9999.000,9999.000,9999.000,9999.000,9999.000,9999.000,9999.000
202606041154,   2.542,9999.000,9999.000,9999.000,9999.000,9999.000,9999.000,9999.000,9999.000
202606041200,   2.567,9999.000,   0.100,9999.000,   2.667,   0.100,   2.667,   0.200,   2.767
202606041206,   2.591,9999.000,9999.000,9999.000,9999.000,9999.000,9999.000,9999.000,9999.000
202606041212,   2.612,9999.000,9999.000,9999.000,9999.000,9999.000,9999.000,9999.000,9999.000
202606041218,   2.631,9999.000,9999.000,9999.000,9999.000,9999.000,9999.000,9999.000,9999.000
202606041224,   2.648,9999.000,9999.000,9999.000,9999.000,9999.000,9999.000,9999.000,9999.000
202606041230,   2.662,9999.000,9999.000,9999.000,9999.000,9999.000,9999.000,9999.000,9999.000
202606041236,   2.673,9999.000,9999.000,9999.000,9999.000,9999.000,9999.000,9999.000,9999.000
202606041242,   2.682,9999.000,9999.000,9999.000,9999.000,9999.000,9999.000,9999.000,9999.000
202606041248,   2.688,9999.000,9999.000,9999.000,9999.000,9999.000,9999.000,9999.000,9999.000
202606041254,   2.691,9999.000,9999.000,9999.000,9999.000,9999.000,9999.000,9999.000,9999.000
202606041300,   2.692,9999.000,   0.100,9999.000,   2.792,   0.100,   2.792,   0.200,   2.892
202606041306,   2.690,9999.000,9999.000,9999.000,9999.000,9999.000,9999.000,9999.000,9999.000
202606041312,   2.685,9999.000,9999.000,9999.000,9999.000,9999.000,9999.000,9999.000,9999.000
202606041318,   2.677,9999.000,9999.000,9999.000,9999.000,9999.000,9999.000,9999.000,9999.000
202606041324,   2.667,9999.000,9999.000,9999.000,9999.000,9999.000,9999.000,9999.000,9999.000
202606041330,   2.654,9999.000,9999.000,9999.000,9999.000,9999.000,9999.000,9999.000,9999.000
202606041336,   2.638,9999.000,9999.000,9999.000,9999.000,9999.000,9999.000,9999.000,9999.000
202606041342,   2.619,9999.000,9999.000,9999.000,9999.000,9999.000,9999.000,9999.000,9999.000
202606041348,   2.598,9999.000,9999.000,9999.000,9999.000,9999.000,9999.000,9999.000,9999.000
202606041354,   2.574,9999.000,9999.000,9999.000,9999.000,9999.000,9999.000,9999.000,9999.000
202606041400,   2.548,9999.000,   0.100,9999.000,   2.648,   0.000,   2.548,   0.200,   2.748
202606041406,   2.519,9999.000,9999.000,9999.000,9999.000,9999.000,9999.000,9999.000,9999.000
202606041412,   2.488,9999.000,9999.000,9999.000,9999.000,9999.000,9999.000,9999.000,9999.000
202606041418,   2.454,9999.000,9999.000,9999.000,9999.000,9999.000,9999.000,9999.000,9999.000
202606041424,   2.419,9999.000,9999.000,9999.000,9999.000,9999.000,9999.000,9999.000,9999.000
202606041430,   2.381,9999.000,9999.000,9999.000,9999.000,9999.000,9999.000,9999.000,9999.000
202606041436,   2.342,9999.000,9999.000,9999.000,9999.000,9999.000,9999.000,9999.000,9999.000
202606041442,   2.300,9999.000,9999.000,9999.000,9999.000,9999.000,9999.000,9999.000,9999.000
202606041448,   2.257,9999.000,9999.000,9999.000,9999.000,9999.000,9999.000,9999.000,9999.000
202606041454,   2.212,9999.000,9999.000,9999.000,9999.000,9999.000,9999.000,9999.000,9999.000
202606041500,   2.166,9999.000,   0.100,9999.000,   2.266,   0.000,   2.166,   0.200,   2.366
202606041506,   2.118,9999.000,9999.000,9999.000,9999.000,9999.000,9999.000,9999.000,9999.000
202606041512,   2.069,9999.000,9999.000,9999.000,9999.000,9999.000,9999.000,9999.000,9999.000
202606041518,   2.019,9999.000,9999.000,9999.000,9999.000,9999.000,9999.000,9999.000,9999.000
202606041524,   1.968,9999.000,9999.000,9999.000,9999.000,9999.000,9999.000,9999.000,9999.000
202606041530,   1.916,9999.000,9999.000,9999.000,9999.000,9999.000,9999.000,9999.000,9999.000
202606041536,   1.863,9999.000,9999.000,9999.000,9999.000,9999.000,9999.000,9999.000,9999.000
202606041542,   1.809,9999.000,9999.000,9999.000,9999.000,9999.000,9999.000,9999.000,9999.000
202606041548,   1.755,9999.000,9999.000,9999.000,9999.000,9999.000,9999.000,9999.000,9999.000
202606041554,   1.700,9999.000,9999.000,9999.000,9999.000,9999.000,9999.000,9999.000,9999.000
202606041600,   1.645,9999.000,   0.100,9999.000,   1.745,   0.000,   1.645,   0.200,   1.845
202606041606,   1.590,9999.000,9999.000,9999.000,9999.000,9999.000,9999.000,9999.000,9999.000
202606041612,   1.535,9999.000,9999.000,9999.000,9999.000,9999.000,9999.000,9999.000,9999.000
202606041618,   1.479,9999.000,9999.000,9999.000,9999.000,9999.000,9999.000,9999.000,9999.000
202606041624,   1.424,9999.000,9999.000,9999.000,9999.000,9999.000,9999.000,9999.000,9999.000
202606041630,   1.369,9999.000,9999.000,9999.000,9999.000,9999.000,9999.000,9999.000,9999.000
202606041636,   1.315,9999.000,9999.000,9999.000,9999.000,9999.000,9999.000,9999.000,9999.000
202606041642,   1.261,9999.000,9999.000,9999.000,9999.000,9999.000,9999.000,9999.000,9999.000
202606041648,   1.208,9999.000,9999.000,9999.000,9999.000,9999.000,9999.000,9999.000,9999.000
202606041654,   1.156,9999.000,9999.000,9999.000,9999.000,9999.000,9999.000,9999.000,9999.000
202606041700,   1.104,9999.000,   0.100,9999.000,   1.204,   0.000,   1.104,   0.200,   1.304
202606041706,   1.054,9999.000,9999.000,9999.000,9999.000,9999.000,9999.000,9999.000,9999.000
202606041712,   1.004,9999.000,9999.000,9999.000,9999.000,9999.000,9999.000,9999.000,9999.000
202606041718,   0.956,9999.000,9999.000,9999.000,9999.000,9999.000,9999.000,9999.000,9999.000
202606041724,   0.909,9999.000,9999.000,9999.000,9999.000,9999.000,9999.000,9999.000,9999.000
202606041730,   0.864,9999.000,9999.000,9999.000,9999.000,9999.000,9999.000,9999.000,9999.000
202606041736,   0.820,9999.000,9999.000,9999.000,9999.000,9999.000,9999.000,9999.000,9999.000
202606041742,   0.777,9999.000,9999.000,9999.000,9999.000,9999.000,9999.000,9999.000,9999.000
202606041748,   0.737,9999.000,9999.000,9999.000,9999.000,9999.000,9999.000,9999.000,9999.000
202606041754,   0.698,9999.000,9999.000,9999.000,9999.000,9999.000,9999.000,9999.000,9999.000
202606041800,   0.661,9999.000,   0.100,9999.000,   0.761,   0.000,   0.661,   0.200,   0.861
202606041806,   0.626,9999.000,9999.000,9999.000,9999.000,9999.000,9999.000,9999.000,9999.000
202606041812,   0.593,9999.000,9999.000,9999.000,9999.000,9999.000,9999.000,9999.000,9999.000
202606041818,   0.562,9999.000,9999.000,9999.000,9999.000,9999.000,9999.000,9999.000,9999.000
202606041824,   0.533,9999.000,9999.000,9999.000,9999.000,9999.000,9999.000,9999.000,9999.000
202606041830,   0.506,9999.000,9999.000,9999.000,9999.000,9999.000,9999.000,9999.000,9999.000
202606041836,   0.482,9999.000,9999.000,9999.000,9999.000,9999.000,9999.000,9999.000,9999.000
202606041842,   0.460,9999.000,9999.000,9999.000,9999.000,9999.000,9999.000,9999.000,9999.000
202606041848,   0.440,9999.000,9999.000,9999.000,9999.000,9999.000,9999.000,9999.000,9999.000
202606041854,   0.423,9999.000,9999.000,9999.000,9999.000,9999.000,9999.000,9999.000,9999.000
202606041900,   0.409,9999.000,   0.100,9999.000,   0.509,   0.000,   0.409,   0.100,   0.509
202606041906,   0.396,9999.000,9999.000,9999.000,9999.000,9999.000,9999.000,9999.000,9999.000
202606041912,   0.387,9999.000,9999.000,9999.000,9999.000,9999.000,9999.000,9999.000,9999.000
202606041918,   0.380,9999.000,9999.000,9999.000,9999.000,9999.000,9999.000,9999.000,9999.000
202606041924,   0.376,9999.000,9999.000,9999.000,9999.000,9999.000,9999.000,9999.000,9999.000
202606041930,   0.375,9999.000,9999.000,9999.000,9999.000,9999.000,9999.000,9999.000,9999.000
202606041936,   0.376,9999.000,9999.000,9999.000,9999.000,9999.000,9999.000,9999.000,9999.000
202606041942,   0.380,9999.000,9999.000,9999.000,9999.000,9999.000,9999.000,9999.000,9999.000
202606041948,   0.387,9999.000,9999.000,9999.000,9999.000,9999.000,9999.000,9999.000,9999.000
202606041954,   0.397,9999.000,9999.000,9999.000,9999.000,9999.000,9999.000,9999.000,9999.000
202606042000,   0.409,9999.000,   0.100,9999.000,   0.509,   0.000,   0.409,   0.100,   0.509
202606042006,   0.424,9999.000,9999.000,9999.000,9999.000,9999.000,9999.000,9999.000,9999.000
202606042012,   0.441,9999.000,9999.000,9999.000,9999.000,9999.000,9999.000,9999.000,9999.000
202606042018,   0.461,9999.000,9999.000,9999.000,9999.000,9999.000,9999.000,9999.000,9999.000
202606042024,   0.484,9999.000,9999.000,9999.000,9999.000,9999.000,9999.000,9999.000,9999.000
202606042030,   0.508,9999.000,9999.000,9999.000,9999.000,9999.000,9999.000,9999.000,9999.000
202606042036,   0.535,9999.000,9999.000,9999.000,9999.000,9999.000,9999.000,9999.000,9999.000
202606042042,   0.564,9999.000,9999.000,9999.000,9999.000,9999.000,9999.000,9999.000,9999.000
202606042048,   0.595,9999.000,9999.000,9999.000,9999.000,9999.000,9999.000,9999.000,9999.000
202606042054,   0.627,9999.000,9999.000,9999.000,9999.000,9999.000,9999.000,9999.000,9999.000
202606042100,   0.661,9999.000,   0.100,9999.000,   0.761,   0.000,   0.661,   0.100,   0.761
202606042106,   0.697,9999.000,9999.000,9999.000,9999.000,9999.000,9999.000,9999.000,9999.000
202606042112,   0.733,9999.000,9999.000,9999.000,9999.000,9999.000,9999.000,9999.000,9999.000
202606042118,   0.771,9999.000,9999.000,9999.000,9999.000,9999.000,9999.000,9999.000,9999.000
202606042124,   0.809,9999.000,9999.000,9999.000,9999.000,9999.000,9999.000,9999.000,9999.000
202606042130,   0.848,9999.000,9999.000,9999.000,9999.000,9999.000,9999.000,9999.000,9999.000
202606042136,   0.887,9999.000,9999.000,9999.000,9999.000,9999.000,9999.000,9999.000,9999.000
202606042142,   0.926,9999.000,9999.000,9999.000,9999.000,9999.000,9999.000,9999.000,9999.000
202606042148,   0.966,9999.000,9999.000,9999.000,9999.000,9999.000,9999.000,9999.000,9999.000
202606042154,   1.005,9999.000,9999.000,9999.000,9999.000,9999.000,9999.000,9999.000,9999.000
202606042200,   1.044,9999.000,   0.000,9999.000,   1.044,   0.000,   1.044,   0.100,   1.144
202606042206,   1.083,9999.000,9999.000,9999.000,9999.000,9999.000,9999.000,9999.000,9999.000
202606042212,   1.121,9999.000,9999.000,9999.000,9999.000,9999.000,9999.000,9999.000,9999.000
202606042218,   1.158,9999.000,9999.000,9999.000,9999.000,9999.000,9999.000,9999.000,9999.000
202606042224,   1.194,9999.000,9999.000,9999.000,9999.000,9999.000,9999.000,9999.000,9999.000
202606042230,   1.230,9999.000,9999.000,9999.000,9999.000,9999.000,9999.000,9999.000,9999.000
202606042236,   1.265,9999.000,9999.000,9999.000,9999.000,9999.000,9999.000,9999.000,9999.000
202606042242,   1.298,9999.000,9999.000,9999.000,9999.000,9999.000,9999.000,9999.000,9999.000
202606042248,   1.331,9999.000,9999.000,9999.000,9999.000,9999.000,9999.000,9999.000,9999.000
202606042254,   1.362,9999.000,9999.000,9999.000,9999.000,9999.000,9999.000,9999.000,9999.000
202606042300,   1.392,9999.000,   0.000,9999.000,   1.392,   0.000,   1.392,   0.100,   1.492
202606042306,   1.421,9999.000,9999.000,9999.000,9999.000,9999.000,9999.000,9999.000,9999.000
202606042312,   1.448,9999.000,9999.000,9999.000,9999.000,9999.000,9999.000,9999.000,9999.000
202606042318,   1.475,9999.000,9999.000,9999.000,9999.000,9999.000,9999.000,9999.000,9999.000
202606042324,   1.500,9999.000,9999.000,9999.000,9999.000,9999.000,9999.000,9999.000,9999.000
202606042330,   1.523,9999.000,9999.000,9999.000,9999.000,9999.000,9999.000,9999.000,9999.000
202606042336,   1.546,9999.000,9999.000,9999.000,9999.000,9999.000,9999.000,9999.000,9999.000
202606042342,   1.567,9999.000,9999.000,9999.000,9999.000,9999.000,9999.000,9999.000,9999.000
202606042348,   1.586,9999.000,9999.000,9999.000,9999.000,9999.000,9999.000,9999.000,9999.000
202606042354,   1.604,9999.000,9999.000,9999.000,9999.000,9999.000,9999.000,9999.000,9999.000
202606050000,   1.621,9999.000,   0.000,9999.000,   1.621,   0.000,   1.621,   0.100,   1.721
202606050006,   1.637,9999.000,9999.000,9999.000,9999.000,9999.000,9999.000,9999.000,9999.000
202606050012,   1.650,9999.000,9999.000,9999.000,9999.000,9999.000,9999.000,9999.000,9999.000
202606050018,   1.663,9999.000,9999.000,9999.000,9999.000,9999.000,9999.000,9999.000,9999.000
202606050024,   1.673,9999.000,9999.000,9999.000,9999.000,9999.000,9999.000,9999.000,9999.000
202606050030,   1.682,9999.000,9999.000,9999.000,9999.000,9999.000,9999.000,9999.000,9999.000
202606050036,   1.690,9999.000,9999.000,9999.000,9999.000,9999.000,9999.000,9999.000,9999.000
202606050042,   1.696,9999.000,9999.000,9999.000,9999.000,9999.000,9999.000,9999.000,9999.000
202606050048,   1.699,9999.000,9999.000,9999.000,9999.000,9999.000,9999.000,9999.000,9999.000
202606050054,   1.701,9999.000,9999.000,9999.000,9999.000,9999.000,9999.000,9999.000,9999.000
202606050100,   1.702,9999.000,   0.000,9999.000,   1.702,   0.000,   1.702,   0.100,   1.802
202606050106,   1.700,9999.000,9999.000,9999.000,9999.000,9999.000,9999.000,9999.000,9999.000
202606050112,   1.696,9999.000,9999.000,9999.000,9999.000,9999.000,9999.000,9999.000,9999.000
202606050118,   1.691,9999.000,9999.000,9999.000,9999.000,9999.000,9999.000,9999.000,9999.000
202606050124,   1.683,9999.000,9999.000,9999.000,9999.000,9999.000,9999.000,9999.000,9999.000
202606050130,   1.673,9999.000,9999.000,9999.000,9999.000,9999.000,9999.000,9999.000,9999.000
202606050136,   1.662,9999.000,9999.000,9999.000,9999.000,9999.000,9999.000,9999.000,9999.000
202606050142,   1.648,9999.000,9999.000,9999.000,9999.000,9999.000,9999.000,9999.000,9999.000
202606050148,   1.632,9999.000,9999.000,9999.000,9999.000,9999.000,9999.000,9999.000,9999.000
202606050154,   1.614,9999.000,9999.000,9999.000,9999.000,9999.000,9999.000,9999.000,9999.000
202606050200,   1.595,9999.000,   0.000,9999.000,   1.595,   0.000,   1.595,   0.100,   1.695
202606050206,   1.573,9999.000,9999.000,9999.000,9999.000,9999.000,9999.000,9999.000,9999.000
202606050212,   1.550,9999.000,9999.000,9999.000,9999.000,9999.000,9999.000,9999.000,9999.000
202606050218,   1.525,9999.000,9999.000,9999.000,9999.000,9999.000,9999.000,9999.000,9999.000
202606050224,   1.498,9999.000,9999.000,9999.000,9999.000,9999.000,9999.000,9999.000,9999.000
202606050230,   1.470,9999.000,9999.000,9999.000,9999.000,9999.000,9999.000,9999.000,9999.000
202606050236,   1.440,9999.000,9999.000,9999.000,9999.000,9999.000,9999.000,9999.000,9999.000
202606050242,   1.408,9999.000,9999.000,9999.000,9999.000,9999.000,9999.000,9999.000,9999.000
202606050248,   1.375,9999.000,9999.000,9999.000,9999.000,9999.000,9999.000,9999.000,9999.000
202606050254,   1.341,9999.000,9999.000,9999.000,9999.000,9999.000,9999.000,9999.000,9999.000
202606050300,   1.306,9999.000,   0.100,9999.000,   1.406,   0.000,   1.306,   0.100,   1.406
202606050306,   1.269,9999.000,9999.000,9999.000,9999.000,9999.000,9999.000,9999.000,9999.000
202606050312,   1.232,9999.000,9999.000,9999.000,9999.000,9999.000,9999.000,9999.000,9999.000
202606050318,   1.193,9999.000,9999.000,9999.000,9999.000,9999.000,9999.000,9999.000,9999.000
202606050324,   1.154,9999.000,9999.000,9999.000,9999.000,9999.000,9999.000,9999.000,9999.000
202606050330,   1.114,9999.000,9999.000,9999.000,9999.000,9999.000,9999.000,9999.000,9999.000
202606050336,   1.073,9999.000,9999.000,9999.000,9999.000,9999.000,9999.000,9999.000,9999.000
202606050342,   1.032,9999.000,9999.000,9999.000,9999.000,9999.000,9999.000,9999.000,9999.000
202606050348,   0.991,9999.000,9999.000,9999.000,9999.000,9999.000,9999.000,9999.000,9999.000
202606050354,   0.949,9999.000,9999.000,9999.000,9999.000,9999.000,9999.000,9999.000,9999.000
202606050400,   0.907,9999.000,   0.100,9999.000,   1.007,   0.000,   0.907,   0.100,   1.007
202606050406,   0.865,9999.000,9999.000,9999.000,9999.000,9999.000,9999.000,9999.000,9999.000
202606050412,   0.823,9999.000,9999.000,9999.000,9999.000,9999.000,9999.000,9999.000,9999.000
202606050418,   0.782,9999.000,9999.000,9999.000,9999.000,9999.000,9999.000,9999.000,9999.000
202606050424,   0.741,9999.000,9999.000,9999.000,9999.000,9999.000,9999.000,9999.000,9999.000
202606050430,   0.700,9999.000,9999.000,9999.000,9999.000,9999.000,9999.000,9999.000,9999.000
202606050436,   0.659,9999.000,9999.000,9999.000,9999.000,9999.000,9999.000,9999.000,9999.000
202606050442,   0.620,9999.000,9999.000,9999.000,9999.000,9999.000,9999.000,9999.000,9999.000
202606050448,   0.581,9999.000,9999.000,9999.000,9999.000,9999.000,9999.000,9999.000,9999.000
202606050454,   0.543,9999.000,9999.000,9999.000,9999.000,9999.000,9999.000,9999.000,9999.000
202606050500,   0.506,9999.000,   0.100,9999.000,   0.606,   0.000,   0.506,   0.200,   0.706
202606050506,   0.470,9999.000,9999.000,9999.000,9999.000,9999.000,9999.000,9999.000,9999.000
202606050512,   0.436,9999.000,9999.000,9999.000,9999.000,9999.000,9999.000,9999.000,9999.000
202606050518,   0.403,9999.000,9999.000,9999.000,9999.000,9999.000,9999.000,9999.000,9999.000
202606050524,   0.371,9999.000,9999.000,9999.000,9999.000,9999.000,9999.000,9999.000,9999.000
202606050530,   0.341,9999.000,9999.000,9999.000,9999.000,9999.000,9999.000,9999.000,9999.000
202606050536,   0.312,9999.000,9999.000,9999.000,9999.000,9999.000,9999.000,9999.000,9999.000
202606050542,   0.286,9999.000,9999.000,9999.000,9999.000,9999.000,9999.000,9999.000,9999.000
202606050548,   0.261,9999.000,9999.000,9999.000,9999.000,9999.000,9999.000,9999.000,9999.000
202606050554,   0.238,9999.000,9999.000,9999.000,9999.000,9999.000,9999.000,9999.000,9999.000
202606050600,   0.217,9999.000,   0.100,9999.000,   0.317,   0.000,   0.217,   0.200,   0.417
202606050606,   0.198,9999.000,9999.000,9999.000,9999.000,9999.000,9999.000,9999.000,9999.000
202606050612,   0.181,9999.000,9999.000,9999.000,9999.000,9999.000,9999.000,9999.000,9999.000
202606050618,   0.166,9999.000,9999.000,9999.000,9999.000,9999.000,9999.000,9999.000,9999.000
202606050624,   0.154,9999.000,9999.000,9999.000,9999.000,9999.000,9999.000,9999.000,9999.000
202606050630,   0.144,9999.000,9999.000,9999.000,9999.000,9999.000,9999.000,9999.000,9999.000
202606050636,   0.136,9999.000,9999.000,9999.000,9999.000,9999.000,9999.000,9999.000,9999.000
202606050642,   0.130,9999.000,9999.000,9999.000,9999.000,9999.000,9999.000,9999.000,9999.000
202606050648,   0.127,9999.000,9999.000,9999.000,9999.000,9999.000,9999.000,9999.000,9999.000
202606050654,   0.127,9999.000,9999.000,9999.000,9999.000,9999.000,9999.000,9999.000,9999.000
202606050700,   0.129,9999.000,   0.100,9999.000,   0.229,   0.000,   0.129,   0.200,   0.329
202606050706,   0.133,9999.000,9999.000,9999.000,9999.000,9999.000,9999.000,9999.000,9999.000
202606050712,   0.140,9999.000,9999.000,9999.000,9999.000,9999.000,9999.000,9999.000,9999.000
202606050718,   0.150,9999.000,9999.000,9999.000,9999.000,9999.000,9999.000,9999.000,9999.000
202606050724,   0.162,9999.000,9999.000,9999.000,9999.000,9999.000,9999.000,9999.000,9999.000
202606050730,   0.177,9999.000,9999.000,9999.000,9999.000,9999.000,9999.000,9999.000,9999.000
202606050736,   0.194,9999.000,9999.000,9999.000,9999.000,9999.000,9999.000,9999.000,9999.000
202606050742,   0.214,9999.000,9999.000,9999.000,9999.000,9999.000,9999.000,9999.000,9999.000
202606050748,   0.237,9999.000,9999.000,9999.000,9999.000,9999.000,9999.000,9999.000,9999.000
202606050754,   0.263,9999.000,9999.000,9999.000,9999.000,9999.000,9999.000,9999.000,9999.000
202606050800,   0.291,9999.000,   0.100,9999.000,   0.391,   0.000,   0.291,   0.200,   0.491
202606050806,   0.322,9999.000,9999.000,9999.000,9999.000,9999.000,9999.000,9999.000,9999.000
202606050812,   0.356,9999.000,9999.000,9999.000,9999.000,9999.000,9999.000,9999.000,9999.000
202606050818,   0.392,9999.000,9999.000,9999.000,9999.000,9999.000,9999.000,9999.000,9999.000
202606050824,   0.431,9999.000,9999.000,9999.000,9999.000,9999.000,9999.000,9999.000,9999.000
202606050830,   0.473,9999.000,9999.000,9999.000,9999.000,9999.000,9999.000,9999.000,9999.000
202606050836,   0.517,9999.000,9999.000,9999.000,9999.000,9999.000,9999.000,9999.000,9999.000
202606050842,   0.563,9999.000,9999.000,9999.000,9999.000,9999.000,9999.000,9999.000,9999.000
202606050848,   0.611,9999.000,9999.000,9999.000,9999.000,9999.000,9999.000,9999.000,9999.000
202606050854,   0.662,9999.000,9999.000,9999.000,9999.000,9999.000,9999.000,9999.000,9999.000
202606050900,   0.715,9999.000,   0.200,9999.000,   0.915,   0.000,   0.715,   0.300,   1.015
202606050906,   0.770,9999.000,9999.000,9999.000,9999.000,9999.000,9999.000,9999.000,9999.000
202606050912,   0.826,9999.000,9999.000,9999.000,9999.000,9999.000,9999.000,9999.000,9999.000
202606050918,   0.884,9999.000,9999.000,9999.000,9999.000,9999.000,9999.000,9999.000,9999.000
202606050924,   0.943,9999.000,9999.000,9999.000,9999.000,9999.000,9999.000,9999.000,9999.000
202606050930,   1.003,9999.000,9999.000,9999.000,9999.000,9999.000,9999.000,9999.000,9999.000
202606050936,   1.064,9999.000,9999.000,9999.000,9999.000,9999.000,9999.000,9999.000,9999.000
202606050942,   1.126,9999.000,9999.000,9999.000,9999.000,9999.000,9999.000,9999.000,9999.000
202606050948,   1.189,9999.000,9999.000,9999.000,9999.000,9999.000,9999.000,9999.000,9999.000
202606050954,   1.252,9999.000,9999.000,9999.000,9999.000,9999.000,9999.000,9999.000,9999.000
202606051000,   1.314,9999.000,   0.200,9999.000,   1.514,   0.000,   1.314,   0.300,   1.614
202606051006,   1.377,9999.000,9999.000,9999.000,9999.000,9999.000,9999.000,9999.000,9999.000
202606051012,   1.439,9999.000,9999.000,9999.000,9999.000,9999.000,9999.000,9999.000,9999.000
202606051018,   1.501,9999.000,9999.000,9999.000,9999.000,9999.000,9999.000,9999.000,9999.000
202606051024,   1.562,9999.000,9999.000,9999.000,9999.000,9999.000,9999.000,9999.000,9999.000
202606051030,   1.623,9999.000,9999.000,9999.000,9999.000,9999.000,9999.000,9999.000,9999.000
202606051036,   1.682,9999.000,9999.000,9999.000,9999.000,9999.000,9999.000,9999.000,9999.000
202606051042,   1.740,9999.000,9999.000,9999.000,9999.000,9999.000,9999.000,9999.000,9999.000
202606051048,   1.797,9999.000,9999.000,9999.000,9999.000,9999.000,9999.000,9999.000,9999.000
202606051054,   1.852,9999.000,9999.000,9999.000,9999.000,9999.000,9999.000,9999.000,9999.000
202606051100,   1.906,9999.000,   0.200,9999.000,   2.106,   0.100,   2.006,   0.300,   2.206
202606051106,   1.958,9999.000,9999.000,9999.000,9999.000,9999.000,9999.000,9999.000,9999.000
202606051112,   2.009,9999.000,9999.000,9999.000,9999.000,9999.000,9999.000,9999.000,9999.000
202606051118,   2.057,9999.000,9999.000,9999.000,9999.000,9999.000,9999.000,9999.000,9999.000
202606051124,   2.104,9999.000,9999.000,9999.000,9999.000,9999.000,9999.000,9999.000,9999.000
202606051130,   2.150,9999.000,9999.000,9999.000,9999.000,9999.000,9999.000,9999.000,9999.000
202606051136,   2.193,9999.000,9999.000,9999.000,9999.000,9999.000,9999.000,9999.000,9999.000
202606051142,   2.234,9999.000,9999.000,9999.000,9999.000,9999.000,9999.000,9999.000,9999.000
202606051148,   2.274,9999.000,9999.000,9999.000,9999.000,9999.000,9999.000,9999.000,9999.000
202606051154,   2.311,9999.000,9999.000,9999.000,9999.000,9999.000,9999.000,9999.000,9999.000
202606051200,   2.347,9999.000,   0.200,9999.000,   2.547,   0.100,   2.447,   0.300,   2.647
202606051206,   2.381,9999.000,9999.000,9999.000,9999.000,9999.000,9999.000,9999.000,9999.000
202606051212,   2.412,9999.000,9999.000,9999.000,9999.000,9999.000,9999.000,9999.000,9999.000
202606051218,   2.442,9999.000,9999.000,9999.000,9999.000,9999.000,9999.000,9999.000,9999.000
202606051224,   2.469,9999.000,9999.000,9999.000,9999.000,9999.000,9999.000,9999.000,9999.000
202606051230,   2.495,9999.000,9999.000,9999.000,9999.000,9999.000,9999.000,9999.000,9999.000
202606051236,   2.518,9999.000,9999.000,9999.000,9999.000,9999.000,9999.000,9999.000,9999.000
202606051242,   2.540,9999.000,9999.000,9999.000,9999.000,9999.000,9999.000,9999.000,9999.000
202606051248,   2.559,9999.000,9999.000,9999.000,9999.000,9999.000,9999.000,9999.000,9999.000
202606051254,   2.576,9999.000,9999.000,9999.000,9999.000,9999.000,9999.000,9999.000,9999.000
202606051300,   2.590,9999.000,   0.200,9999.000,   2.790,   0.100,   2.690,   0.300,   2.890
202606051306,   2.603,9999.000,9999.000,9999.000,9999.000,9999.000,9999.000,9999.000,9999.000
202606051312,   2.613,9999.000,9999.000,9999.000,9999.000,9999.000,9999.000,9999.000,9999.000
202606051318,   2.620,9999.000,9999.000,9999.000,9999.000,9999.000,9999.000,9999.000,9999.000
202606051324,   2.626,9999.000,9999.000,9999.000,9999.000,9999.000,9999.000,9999.000,9999.000
202606051330,   2.628,9999.000,9999.000,9999.000,9999.000,9999.000,9999.000,9999.000,9999.000
202606051336,   2.629,9999.000,9999.000,9999.000,9999.000,9999.000,9999.000,9999.000,9999.000
202606051342,   2.627,9999.000,9999.000,9999.000,9999.000,9999.000,9999.000,9999.000,9999.000
202606051348,   2.622,9999.000,9999.000,9999.000,9999.000,9999.000,9999.000,9999.000,9999.000
202606051354,   2.615,9999.000,9999.000,9999.000,9999.000,9999.000,9999.000,9999.000,9999.000
202606051400,   2.605,9999.000,   0.200,9999.000,   2.805,   0.100,   2.705,   0.300,   2.905
202606051406,   2.593,9999.000,9999.000,9999.000,9999.000,9999.000,9999.000,9999.000,9999.000
202606051412,   2.578,9999.000,9999.000,9999.000,9999.000,9999.000,9999.000,9999.000,9999.000
202606051418,   2.561,9999.000,9999.000,9999.000,9999.000,9999.000,9999.000,9999.000,9999.000
202606051424,   2.541,9999.000,9999.000,9999.000,9999.000,9999.000,9999.000,9999.000,9999.000
202606051430,   2.519,9999.000,9999.000,9999.000,9999.000,9999.000,9999.000,9999.000,9999.000
202606051436,   2.495,9999.000,9999.000,9999.000,9999.000,9999.000,9999.000,9999.000,9999.000
202606051442,   2.468,9999.000,9999.000,9999.000,9999.000,9999.000,9999.000,9999.000,9999.000
202606051448,   2.439,9999.000,9999.000,9999.000,9999.000,9999.000,9999.000,9999.000,9999.000
202606051454,   2.407,9999.000,9999.000,9999.000,9999.000,9999.000,9999.000,9999.000,9999.000
202606051500,   2.374,9999.000,   0.200,9999.000,   2.574,   0.100,   2.474,   0.400,   2.774
202606051506,   2.338,9999.000,9999.000,9999.000,9999.000,9999.000,9999.000,9999.000,9999.000
202606051512,   2.301,9999.000,9999.000,9999.000,9999.000,9999.000,9999.000,9999.000,9999.000
202606051518,   2.262,9999.000,9999.000,9999.000,9999.000,9999.000,9999.000,9999.000,9999.000
202606051524,   2.220,9999.000,9999.000,9999.000,9999.000,9999.000,9999.000,9999.000,9999.000
202606051530,   2.178,9999.000,9999.000,9999.000,9999.000,9999.000,9999.000,9999.000,9999.000
202606051536,   2.133,9999.000,9999.000,9999.000,9999.000,9999.000,9999.000,9999.000,9999.000
202606051542,   2.087,9999.000,9999.000,9999.000,9999.000,9999.000,9999.000,9999.000,9999.000
202606051548,   2.040,9999.000,9999.000,9999.000,9999.000,9999.000,9999.000,9999.000,9999.000
202606051554,   1.992,9999.000,9999.000,9999.000,9999.000,9999.000,9999.000,9999.000,9999.000
202606051600,   1.942,9999.000,   0.200,9999.000,   2.142,   0.100,   2.042,   0.400,   2.342
202606051606,   1.891,9999.000,9999.000,9999.000,9999.000,9999.000,9999.000,9999.000,9999.000
202606051612,   1.840,9999.000,9999.000,9999.000,9999.000,9999.000,9999.000,9999.000,9999.000
202606051618,   1.787,9999.000,9999.000,9999.000,9999.000,9999.000,9999.000,9999.000,9999.000
202606051624,   1.734,9999.000,9999.000,9999.000,9999.000,9999.000,9999.000,9999.000,9999.000
202606051630,   1.681,9999.000,9999.000,9999.000,9999.000,9999.000,9999.000,9999.000,9999.000
202606051636,   1.627,9999.000,9999.000,9999.000,9999.000,9999.000,9999.000,9999.000,9999.000
202606051642,   1.573,9999.000,9999.000,9999.000,9999.000,9999.000,9999.000,9999.000,9999.000
202606051648,   1.518,9999.000,9999.000,9999.000,9999.000,9999.000,9999.000,9999.000,9999.000
202606051654,   1.464,9999.000,9999.000,9999.000,9999.000,9999.000,9999.000,9999.000,9999.000
202606051700,   1.410,9999.000,   0.300,9999.000,   1.710,   0.200,   1.610,   0.400,   1.810
202606051706,   1.356,9999.000,9999.000,9999.000,9999.000,9999.000,9999.000,9999.000,9999.000
202606051712,   1.302,9999.000,9999.000,9999.000,9999.000,9999.000,9999.000,9999.000,9999.000
202606051718,   1.250,9999.000,9999.000,9999.000,9999.000,9999.000,9999.000,9999.000,9999.000
202606051724,   1.197,9999.000,9999.000,9999.000,9999.000,9999.000,9999.000,9999.000,9999.000
202606051730,   1.146,9999.000,9999.000,9999.000,9999.000,9999.000,9999.000,9999.000,9999.000
202606051736,   1.095,9999.000,9999.000,9999.000,9999.000,9999.000,9999.000,9999.000,9999.000
202606051742,   1.045,9999.000,9999.000,9999.000,9999.000,9999.000,9999.000,9999.000,9999.000
202606051748,   0.997,9999.000,9999.000,9999.000,9999.000,9999.000,9999.000,9999.000,9999.000
202606051754,   0.949,9999.000,9999.000,9999.000,9999.000,9999.000,9999.000,9999.000,9999.000
202606051800,   0.903,9999.000,   0.300,9999.000,   1.203,   0.200,   1.103,   0.500,   1.403
202606051806,   0.859,9999.000,9999.000,9999.000,9999.000,9999.000,9999.000,9999.000,9999.000
202606051812,   0.816,9999.000,9999.000,9999.000,9999.000,9999.000,9999.000,9999.000,9999.000
202606051818,   0.775,9999.000,9999.000,9999.000,9999.000,9999.000,9999.000,9999.000,9999.000
202606051824,   0.735,9999.000,9999.000,9999.000,9999.000,9999.000,9999.000,9999.000,9999.000
202606051830,   0.697,9999.000,9999.000,9999.000,9999.000,9999.000,9999.000,9999.000,9999.000
202606051836,   0.661,9999.000,9999.000,9999.000,9999.000,9999.000,9999.000,9999.000,9999.000
202606051842,   0.627,9999.000,9999.000,9999.000,9999.000,9999.000,9999.000,9999.000,9999.000
202606051848,   0.594,9999.000,9999.000,9999.000,9999.000,9999.000,9999.000,9999.000,9999.000
202606051854,   0.564,9999.000,9999.000,9999.000,9999.000,9999.000,9999.000,9999.000,9999.000
202606051900,   0.536,9999.000,   0.300,9999.000,   0.836,   0.200,   0.736,   0.500,   1.036
202606051906,   0.509,9999.000,9999.000,9999.000,9999.000,9999.000,9999.000,9999.000,9999.000
202606051912,   0.485,9999.000,9999.000,9999.000,9999.000,9999.000,9999.000,9999.000,9999.000
202606051918,   0.463,9999.000,9999.000,9999.000,9999.000,9999.000,9999.000,9999.000,9999.000
202606051924,   0.444,9999.000,9999.000,9999.000,9999.000,9999.000,9999.000,9999.000,9999.000
202606051930,   0.426,9999.000,9999.000,9999.000,9999.000,9999.000,9999.000,9999.000,9999.000
202606051936,   0.411,9999.000,9999.000,9999.000,9999.000,9999.000,9999.000,9999.000,9999.000
202606051942,   0.399,9999.000,9999.000,9999.000,9999.000,9999.000,9999.000,9999.000,9999.000
202606051948,   0.388,9999.000,9999.000,9999.000,9999.000,9999.000,9999.000,9999.000,9999.000
202606051954,   0.381,9999.000,9999.000,9999.000,9999.000,9999.000,9999.000,9999.000,9999.000
202606052000,   0.375,9999.000,   0.300,9999.000,   0.675,   0.200,   0.575,   0.500,   0.875
202606052006,   0.372,9999.000,9999.000,9999.000,9999.000,9999.000,9999.000,9999.000,9999.000
202606052012,   0.372,9999.000,9999.000,9999.000,9999.000,9999.000,9999.000,9999.000,9999.000
202606052018,   0.374,9999.000,9999.000,9999.000,9999.000,9999.000,9999.000,9999.000,9999.000
202606052024,   0.379,9999.000,9999.000,9999.000,9999.000,9999.000,9999.000,9999.000,9999.000
202606052030,   0.386,9999.000,9999.000,9999.000,9999.000,9999.000,9999.000,9999.000,9999.000
202606052036,   0.396,9999.000,9999.000,9999.000,9999.000,9999.000,9999.000,9999.000,9999.000
202606052042,   0.409,9999.000,9999.000,9999.000,9999.000,9999.000,9999.000,9999.000,9999.000
202606052048,   0.424,9999.000,9999.000,9999.000,9999.000,9999.000,9999.000,9999.000,9999.000
202606052054,   0.442,9999.000,9999.000,9999.000,9999.000,9999.000,9999.000,9999.000,9999.000
202606052100,   0.462,9999.000,   0.400,9999.000,   0.862,   0.200,   0.662,   0.600,   1.062
202606052106,   0.484,9999.000,9999.000,9999.000,9999.000,9999.000,9999.000,9999.000,9999.000
202606052112,   0.509,9999.000,9999.000,9999.000,9999.000,9999.000,9999.000,9999.000,9999.000
202606052118,   0.536,9999.000,9999.000,9999.000,9999.000,9999.000,9999.000,9999.000,9999.000
202606052124,   0.565,9999.000,9999.000,9999.000,9999.000,9999.000,9999.000,9999.000,9999.000
202606052130,   0.596,9999.000,9999.000,9999.000,9999.000,9999.000,9999.000,9999.000,9999.000
202606052136,   0.629,9999.000,9999.000,9999.000,9999.000,9999.000,9999.000,9999.000,9999.000
202606052142,   0.664,9999.000,9999.000,9999.000,9999.000,9999.000,9999.000,9999.000,9999.000
202606052148,   0.700,9999.000,9999.000,9999.000,9999.000,9999.000,9999.000,9999.000,9999.000
202606052154,   0.737,9999.000,9999.000,9999.000,9999.000,9999.000,9999.000,9999.000,9999.000
202606052200,   0.775,9999.000,   0.400,9999.000,   1.175,   0.200,   0.975,   0.600,   1.375
202606052206,   0.815,9999.000,9999.000,9999.000,9999.000,9999.000,9999.000,9999.000,9999.000
202606052212,   0.855,9999.000,9999.000,9999.000,9999.000,9999.000,9999.000,9999.000,9999.000
202606052218,   0.895,9999.000,9999.000,9999.000,9999.000,9999.000,9999.000,9999.000,9999.000
202606052224,   0.936,9999.000,9999.000,9999.000,9999.000,9999.000,9999.000,9999.000,9999.000
202606052230,   0.977,9999.000,9999.000,9999.000,9999.000,9999.000,9999.000,9999.000,9999.000
202606052236,   1.017,9999.000,9999.000,9999.000,9999.000,9999.000,9999.000,9999.000,9999.000
202606052242,   1.058,9999.000,9999.000,9999.000,9999.000,9999.000,9999.000,9999.000,9999.000
202606052248,   1.098,9999.000,9999.000,9999.000,9999.000,9999.000,9999.000,9999.000,9999.000
202606052254,   1.137,9999.000,9999.000,9999.000,9999.000,9999.000,9999.000,9999.000,9999.000
202606052300,   1.175,9999.000,   0.400,9999.000,   1.575,   0.300,   1.475,   0.500,   1.675
202606052306,   1.213,9999.000,9999.000,9999.000,9999.000,9999.000,9999.000,9999.000,9999.000
202606052312,   1.250,9999.000,9999.000,9999.000,9999.000,9999.000,9999.000,9999.000,9999.000
202606052318,   1.285,9999.000,9999.000,9999.000,9999.000,9999.000,9999.000,9999.000,9999.000
202606052324,   1.319,9999.000,9999.000,9999.000,9999.000,9999.000,9999.000,9999.000,9999.000
202606052330,   1.352,9999.000,9999.000,9999.000,9999.000,9999.000,9999.000,9999.000,9999.000
202606052336,   1.384,9999.000,9999.000,9999.000,9999.000,9999.000,9999.000,9999.000,9999.000
202606052342,   1.414,9999.000,9999.000,9999.000,9999.000,9999.000,9999.000,9999.000,9999.000
202606052348,   1.442,9999.000,9999.000,9999.000,9999.000,9999.000,9999.000,9999.000,9999.000
202606052354,   1.469,9999.000,9999.000,9999.000,9999.000,9999.000,9999.000,9999.000,9999.000
202606060000,   1.495,9999.000,   0.400,9999.000,   1.895,   0.300,   1.795,   0.500,   1.995
202606060006,   1.519,9999.000,9999.000,9999.000,9999.000,9999.000,9999.000,9999.000,9999.000
202606060012,   1.542,9999.000,9999.000,9999.000,9999.000,9999.000,9999.000,9999.000,9999.000
202606060018,   1.563,9999.000,9999.000,9999.000,9999.000,9999.000,9999.000,9999.000,9999.000
202606060024,   1.582,9999.000,9999.000,9999.000,9999.000,9999.000,9999.000,9999.000,9999.000
202606060030,   1.600,9999.000,9999.000,9999.000,9999.000,9999.000,9999.000,9999.000,9999.000
202606060036,   1.617,9999.000,9999.000,9999.000,9999.000,9999.000,9999.000,9999.000,9999.000
202606060042,   1.632,9999.000,9999.000,9999.000,9999.000,9999.000,9999.000,9999.000,9999.000
202606060048,   1.646,9999.000,9999.000,9999.000,9999.000,9999.000,9999.000,9999.000,9999.000
202606060054,   1.658,9999.000,9999.000,9999.000,9999.000,9999.000,9999.000,9999.000,9999.000
202606060100,   1.668,9999.000,   0.400,9999.000,   2.068,   0.300,   1.968,   0.500,   2.168
202606060106,   1.677,9999.000,9999.000,9999.000,9999.000,9999.000,9999.000,9999.000,9999.000
202606060112,   1.685,9999.000,9999.000,9999.000,9999.000,9999.000,9999.000,9999.000,9999.000
202606060118,   1.691,9999.000,9999.000,9999.000,9999.000,9999.000,9999.000,9999.000,9999.000
202606060124,   1.695,9999.000,9999.000,9999.000,9999.000,9999.000,9999.000,9999.000,9999.000
202606060130,   1.698,9999.000,9999.000,9999.000,9999.000,9999.000,9999.000,9999.000,9999.000
202606060136,   1.699,9999.000,9999.000,9999.000,9999.000,9999.000,9999.000,9999.000,9999.000
202606060142,   1.699,9999.000,9999.000,9999.000,9999.000,9999.000,9999.000,9999.000,9999.000
202606060148,   1.697,9999.000,9999.000,9999.000,9999.000,9999.000,9999.000,9999.000,9999.000
202606060154,   1.693,9999.000,9999.000,9999.000,9999.000,9999.000,9999.000,9999.000,9999.000
202606060200,   1.687,9999.000,   0.400,9999.000,   2.087,   0.300,   1.987,   0.500,   2.187
202606060206,   1.680,9999.000,9999.000,9999.000,9999.000,9999.000,9999.000,9999.000,9999.000
202606060212,   1.671,9999.000,9999.000,9999.000,9999.000,9999.000,9999.000,9999.000,9999.000
202606060218,   1.660,9999.000,9999.000,9999.000,9999.000,9999.000,9999.000,9999.000,9999.000
202606060224,   1.647,9999.000,9999.000,9999.000,9999.000,9999.000,9999.000,9999.000,9999.000
202606060230,   1.633,9999.000,9999.000,9999.000,9999.000,9999.000,9999.000,9999.000,9999.000
202606060236,   1.616,9999.000,9999.000,9999.000,9999.000,9999.000,9999.000,9999.000,9999.000
202606060242,   1.598,9999.000,9999.000,9999.000,9999.000,9999.000,9999.000,9999.000,9999.000
202606060248,   1.578,9999.000,9999.000,9999.000,9999.000,9999.000,9999.000,9999.000,9999.000
202606060254,   1.557,9999.000,9999.000,9999.000,9999.000,9999.000,9999.000,9999.000,9999.000
202606060300,   1.533,9999.000,   0.400,9999.000,   1.933,   0.300,   1.833,   0.500,   2.033
202606060306,   1.509,9999.000,9999.000,9999.000,9999.000,9999.000,9999.000,9999.000,9999.000
202606060312,   1.482,9999.000,9999.000,9999.000,9999.000,9999.000,9999.000,9999.000,9999.000
202606060318,   1.454,9999.000,9999.000,9999.000,9999.000,9999.000,9999.000,9999.000,9999.000
202606060324,   1.424,9999.000,9999.000,9999.000,9999.000,9999.000,9999.000,9999.000,9999.000
202606060330,   1.394,9999.000,9999.000,9999.000,9999.000,9999.000,9999.000,9999.000,9999.000
202606060336,   1.361,9999.000,9999.000,9999.000,9999.000,9999.000,9999.000,9999.000,9999.000
202606060342,   1.328,9999.000,9999.000,9999.000,9999.000,9999.000,9999.000,9999.000,9999.000
202606060348,   1.293,9999.000,9999.000,9999.000,9999.000,9999.000,9999.000,9999.000,9999.000
202606060354,   1.258,9999.000,9999.000,9999.000,9999.000,9999.000,9999.000,9999.000,9999.000
202606060400,   1.221,9999.000,   0.400,9999.000,   1.621,   0.300,   1.521,   0.500,   1.721
202606060406,   1.184,9999.000,9999.000,9999.000,9999.000,9999.000,9999.000,9999.000,9999.000
202606060412,   1.145,9999.000,9999.000,9999.000,9999.000,9999.000,9999.000,9999.000,9999.000
202606060418,   1.107,9999.000,9999.000,9999.000,9999.000,9999.000,9999.000,9999.000,9999.000
202606060424,   1.067,9999.000,9999.000,9999.000,9999.000,9999.000,9999.000,9999.000,9999.000
202606060430,   1.028,9999.000,9999.000,9999.000,9999.000,9999.000,9999.000,9999.000,9999.000
202606060436,   0.988,9999.000,9999.000,9999.000,9999.000,9999.000,9999.000,9999.000,9999.000
202606060442,   0.948,9999.000,9999.000,9999.000,9999.000,9999.000,9999.000,9999.000,9999.000
202606060448,   0.907,9999.000,9999.000,9999.000,9999.000,9999.000,9999.000,9999.000,9999.000
202606060454,   0.867,9999.000,9999.000,9999.000,9999.000,9999.000,9999.000,9999.000,9999.000
202606060500,   0.827,9999.000,   0.400,9999.000,   1.227,   0.300,   1.127,   0.600,   1.427
202606060506,   0.788,9999.000,9999.000,9999.000,9999.000,9999.000,9999.000,9999.000,9999.000
202606060512,   0.748,9999.000,9999.000,9999.000,9999.000,9999.000,9999.000,9999.000,9999.000
202606060518,   0.710,9999.000,9999.000,9999.000,9999.000,9999.000,9999.000,9999.000,9999.000
202606060524,   0.672,9999.000,9999.000,9999.000,9999.000,9999.000,9999.000,9999.000,9999.000
202606060530,   0.635,9999.000,9999.000,9999.000,9999.000,9999.000,9999.000,9999.000,9999.000
202606060536,   0.599,9999.000,9999.000,9999.000,9999.000,9999.000,9999.000,9999.000,9999.000
202606060542,   0.564,9999.000,9999.000,9999.000,9999.000,9999.000,9999.000,9999.000,9999.000
202606060548,   0.530,9999.000,9999.000,9999.000,9999.000,9999.000,9999.000,9999.000,9999.000
202606060554,   0.497,9999.000,9999.000,9999.000,9999.000,9999.000,9999.000,9999.000,9999.000
202606060600,   0.466,9999.000,   0.400,9999.000,   0.866,   0.200,   0.666,   0.600,   1.066
202606060606,   0.437,9999.000,9999.000,9999.000,9999.000,9999.000,9999.000,9999.000,9999.000
202606060612,   0.409,9999.000,9999.000,9999.000,9999.000,9999.000,9999.000,9999.000,9999.000
202606060618,   0.382,9999.000,9999.000,9999.000,9999.000,9999.000,9999.000,9999.000,9999.000
202606060624,   0.357,9999.000,9999.000,9999.000,9999.000,9999.000,9999.000,9999.000,9999.000
202606060630,   0.334,9999.000,9999.000,9999.000,9999.000,9999.000,9999.000,9999.000,9999.000
202606060636,   0.313,9999.000,9999.000,9999.000,9999.000,9999.000,9999.000,9999.000,9999.000
202606060642,   0.294,9999.000,9999.000,9999.000,9999.000,9999.000,9999.000,9999.000,9999.000
202606060648,   0.277,9999.000,9999.000,9999.000,9999.000,9999.000,9999.000,9999.000,9999.000
202606060654,   0.262,9999.000,9999.000,9999.000,9999.000,9999.000,9999.000,9999.000,9999.000
202606060700,   0.249,9999.000,   0.400,9999.000,   0.649,   0.200,   0.449,   0.600,   0.849
202606060706,   0.238,9999.000,9999.000,9999.000,9999.000,9999.000,9999.000,9999.000,9999.000
202606060712,   0.230,9999.000,9999.000,9999.000,9999.000,9999.000,9999.000,9999.000,9999.000
202606060718,   0.223,9999.000,9999.000,9999.000,9999.000,9999.000,9999.000,9999.000,9999.000
202606060724,   0.219,9999.000,9999.000,9999.000,9999.000,9999.000,9999.000,9999.000,9999.000
202606060730,   0.217,9999.000,9999.000,9999.000,9999.000,9999.000,9999.000,9999.000,9999.000
202606060736,   0.217,9999.000,9999.000,9999.000,9999.000,9999.000,9999.000,9999.000,9999.000
202606060742,   0.219,9999.000,9999.000,9999.000,9999.000,9999.000,9999.000,9999.000,9999.000
202606060748,   0.224,9999.000,9999.000,9999.000,9999.000,9999.000,9999.000,9999.000,9999.000
202606060754,   0.231,9999.000,9999.000,9999.000,9999.000,9999.000,9999.000,9999.000,9999.000
202606060800,   0.240,9999.000,   0.400,9999.000,   0.640,   0.200,   0.440,   0.500,   0.740
202606060806,   0.252,9999.000,9999.000,9999.000,9999.000,9999.000,9999.000,9999.000,9999.000
202606060812,   0.266,9999.000,9999.000,9999.000,9999.000,9999.000,9999.000,9999.000,9999.000
202606060818,   0.283,9999.000,9999.000,9999.000,9999.000,9999.000,9999.000,9999.000,9999.000
202606060824,   0.302,9999.000,9999.000,9999.000,9999.000,9999.000,9999.000,9999.000,9999.000
202606060830,   0.323,9999.000,9999.000,9999.000,9999.000,9999.000,9999.000,9999.000,9999.000
202606060836,   0.347,9999.000,9999.000,9999.000,9999.000,9999.000,9999.000,9999.000,9999.000
202606060842,   0.373,9999.000,9999.000,9999.000,9999.000,9999.000,9999.000,9999.000,9999.000
202606060848,   0.402,9999.000,9999.000,9999.000,9999.000,9999.000,9999.000,9999.000,9999.000
202606060854,   0.434,9999.000,9999.000,9999.000,9999.000,9999.000,9999.000,9999.000,9999.000
202606060900,   0.468,9999.000,   0.400,9999.000,   0.868,   0.200,   0.668,   0.500,   0.968
202606060906,   0.504,9999.000,9999.000,9999.000,9999.000,9999.000,9999.000,9999.000,9999.000
202606060912,   0.543,9999.000,9999.000,9999.000,9999.000,9999.000,9999.000,9999.000,9999.000
202606060918,   0.584,9999.000,9999.000,9999.000,9999.000,9999.000,9999.000,9999.000,9999.000
202606060924,   0.628,9999.000,9999.000,9999.000,9999.000,9999.000,9999.000,9999.000,9999.000
202606060930,   0.674,9999.000,9999.000,9999.000,9999.000,9999.000,9999.000,9999.000,9999.000
202606060936,   0.722,9999.000,9999.000,9999.000,9999.000,9999.000,9999.000,9999.000,9999.000
202606060942,   0.772,9999.000,9999.000,9999.000,9999.000,9999.000,9999.000,9999.000,9999.000
202606060948,   0.823,9999.000,9999.000,9999.000,9999.000,9999.000,9999.000,9999.000,9999.000
202606060954,   0.877,9999.000,9999.000,9999.000,9999.000,9999.000,9999.000,9999.000,9999.000
202606061000,   0.932,9999.000,   0.400,9999.000,   1.332,   0.200,   1.132,   0.500,   1.432
202606061006,   0.988,9999.000,9999.000,9999.000,9999.000,9999.000,9999.000,9999.000,9999.000
202606061012,   1.046,9999.000,9999.000,9999.000,9999.000,9999.000,9999.000,9999.000,9999.000
202606061018,   1.105,9999.000,9999.000,9999.000,9999.000,9999.000,9999.000,9999.000,9999.000
202606061024,   1.164,9999.000,9999.000,9999.000,9999.000,9999.000,9999.000,9999.000,9999.000
202606061030,   1.224,9999.000,9999.000,9999.000,9999.000,9999.000,9999.000,9999.000,9999.000
202606061036,   1.285,9999.000,9999.000,9999.000,9999.000,9999.000,9999.000,9999.000,9999.000
202606061042,   1.345,9999.000,9999.000,9999.000,9999.000,9999.000,9999.000,9999.000,9999.000
202606061048,   1.405,9999.000,9999.000,9999.000,9999.000,9999.000,9999.000,9999.000,9999.000
202606061054,   1.465,9999.000,9999.000,9999.000,9999.000,9999.000,9999.000,9999.000,9999.000
202606061100,   1.525,9999.000,   0.400,9999.000,   1.925,   0.200,   1.725,   0.500,   2.025
202606061106,   1.584,9999.000,9999.000,9999.000,9999.000,9999.000,9999.000,9999.000,9999.000
202606061112,   1.642,9999.000,9999.000,9999.000,9999.000,9999.000,9999.000,9999.000,9999.000
202606061118,   1.698,9999.000,9999.000,9999.000,9999.000,9999.000,9999.000,9999.000,9999.000
202606061124,   1.754,9999.000,9999.000,9999.000,9999.000,9999.000,9999.000,9999.000,9999.000
202606061130,   1.808,9999.000,9999.000,9999.000,9999.000,9999.000,9999.000,9999.000,9999.000
202606061136,   1.860,9999.000,9999.000,9999.000,9999.000,9999.000,9999.000,9999.000,9999.000
202606061142,   1.911,9999.000,9999.000,9999.000,9999.000,9999.000,9999.000,9999.000,9999.000
202606061148,   1.960,9999.000,9999.000,9999.000,9999.000,9999.000,9999.000,9999.000,9999.000
202606061154,   2.007,9999.000,9999.000,9999.000,9999.000,9999.000,9999.000,9999.000,9999.000
202606061200,   2.052,9999.000,   0.400,9999.000,   2.452,   0.200,   2.252,   0.500,   2.552
202606061206,   2.095,9999.000,9999.000,9999.000,9999.000,9999.000,9999.000,9999.000,9999.000
202606061212,   2.136,9999.000,9999.000,9999.000,9999.000,9999.000,9999.000,9999.000,9999.000
202606061218,   2.176,9999.000,9999.000,9999.000,9999.000,9999.000,9999.000,9999.000,9999.000
202606061224,   2.213,9999.000,9999.000,9999.000,9999.000,9999.000,9999.000,9999.000,9999.000
202606061230,   2.248,9999.000,9999.000,9999.000,9999.000,9999.000,9999.000,9999.000,9999.000
202606061236,   2.281,9999.000,9999.000,9999.000,9999.000,9999.000,9999.000,9999.000,9999.000
202606061242,   2.312,9999.000,9999.000,9999.000,9999.000,9999.000,9999.000,9999.000,9999.000
202606061248,   2.340,9999.000,9999.000,9999.000,9999.000,9999.000,9999.000,9999.000,9999.000
202606061254,   2.367,9999.000,9999.000,9999.000,9999.000,9999.000,9999.000,9999.000,9999.000
202606061300,   2.392,9999.000,   0.400,9999.000,   2.792,   0.200,   2.592,   0.500,   2.892
202606061306,   2.415,9999.000,9999.000,9999.000,9999.000,9999.000,9999.000,9999.000,9999.000
202606061312,   2.436,9999.000,9999.000,9999.000,9999.000,9999.000,9999.000,9999.000,9999.000
202606061318,   2.455,9999.000,9999.000,9999.000,9999.000,9999.000,9999.000,9999.000,9999.000
202606061324,   2.472,9999.000,9999.000,9999.000,9999.000,9999.000,9999.000,9999.000,9999.000
202606061330,   2.487,9999.000,9999.000,9999.000,9999.000,9999.000,9999.000,9999.000,9999.000
202606061336,   2.500,9999.000,9999.000,9999.000,9999.000,9999.000,9999.000,9999.000,9999.000
202606061342,   2.511,9999.000,9999.000,9999.000,9999.000,9999.000,9999.000,9999.000,9999.000
202606061348,   2.519,9999.000,9999.000,9999.000,9999.000,9999.000,9999.000,9999.000,9999.000
202606061354,   2.526,9999.000,9999.000,9999.000,9999.000,9999.000,9999.000,9999.000,9999.000
202606061400,   2.531,9999.000,   0.300,9999.000,   2.831,   0.200,   2.731,   0.500,   3.031
202606061406,   2.533,9999.000,9999.000,9999.000,9999.000,9999.000,9999.000,9999.000,9999.000
202606061412,   2.534,9999.000,9999.000,9999.000,9999.000,9999.000,9999.000,9999.000,9999.000
202606061418,   2.532,9999.000,9999.000,9999.000,9999.000,9999.000,9999.000,9999.000,9999.000
202606061424,   2.528,9999.000,9999.000,9999.000,9999.000,9999.000,9999.000,9999.000,9999.000
202606061430,   2.522,9999.000,9999.000,9999.000,9999.000,9999.000,9999.000,9999.000,9999.000
202606061436,   2.513,9999.000,9999.000,9999.000,9999.000,9999.000,9999.000,9999.000,9999.000
202606061442,   2.503,9999.000,9999.000,9999.000,9999.000,9999.000,9999.000,9999.000,9999.000
202606061448,   2.490,9999.000,9999.000,9999.000,9999.000,9999.000,9999.000,9999.000,9999.000
202606061454,   2.474,9999.000,9999.000,9999.000,9999.000,9999.000,9999.000,9999.000,9999.000
202606061500,   2.456,9999.000,   0.400,9999.000,   2.856,   0.200,   2.656,   0.500,   2.956
202606061506,   2.437,9999.000,9999.000,9999.000,9999.000,9999.000,9999.000,9999.000,9999.000
202606061512,   2.414,9999.000,9999.000,9999.000,9999.000,9999.000,9999.000,9999.000,9999.000
202606061518,   2.390,9999.000,9999.000,9999.000,9999.000,9999.000,9999.000,9999.000,9999.000
202606061524,   2.363,9999.000,9999.000,9999.000,9999.000,9999.000,9999.000,9999.000,9999.000
202606061530,   2.334,9999.000,9999.000,9999.000,9999.000,9999.000,9999.000,9999.000,9999.000
202606061536,   2.303,9999.000,9999.000,9999.000,9999.000,9999.000,9999.000,9999.000,9999.000
202606061542,   2.270,9999.000,9999.000,9999.000,9999.000,9999.000,9999.000,9999.000,9999.000
202606061548,   2.235,9999.000,9999.000,9999.000,9999.000,9999.000,9999.000,9999.000,9999.000
202606061554,   2.198,9999.000,9999.000,9999.000,9999.000,9999.000,9999.000,9999.000,9999.000
202606061600,   2.159,9999.000,   0.300,9999.000,   2.459,   0.200,   2.359,   0.500,   2.659
202606061606,   2.119,9999.000,9999.000,9999.000,9999.000,9999.000,9999.000,9999.000,9999.000
202606061612,   2.077,9999.000,9999.000,9999.000,9999.000,9999.000,9999.000,9999.000,9999.000
202606061618,   2.033,9999.000,9999.000,9999.000,9999.000,9999.000,9999.000,9999.000,9999.000
202606061624,   1.988,9999.000,9999.000,9999.000,9999.000,9999.000,9999.000,9999.000,9999.000
202606061630,   1.942,9999.000,9999.000,9999.000,9999.000,9999.000,9999.000,9999.000,9999.000
202606061636,   1.894,9999.000,9999.000,9999.000,9999.000,9999.000,9999.000,9999.000,9999.000
202606061642,   1.846,9999.000,9999.000,9999.000,9999.000,9999.000,9999.000,9999.000,9999.000
202606061648,   1.796,9999.000,9999.000,9999.000,9999.000,9999.000,9999.000,9999.000,9999.000
202606061654,   1.746,9999.000,9999.000,9999.000,9999.000,9999.000,9999.000,9999.000,9999.000
202606061700,   1.695,9999.000,   0.300,9999.000,   1.995,   0.200,   1.895,   0.500,   2.195
202606061706,   1.643,9999.000,9999.000,9999.000,9999.000,9999.000,9999.000,9999.000,9999.000
202606061712,   1.591,9999.000,9999.000,9999.000,9999.000,9999.000,9999.000,9999.000,9999.000
202606061718,   1.539,9999.000,9999.000,9999.000,9999.000,9999.000,9999.000,9999.000,9999.000
202606061724,   1.486,9999.000,9999.000,9999.000,9999.000,9999.000,9999.000,9999.000,9999.000
202606061730,   1.434,9999.000,9999.000,9999.000,9999.000,9999.000,9999.000,9999.000,9999.000
202606061736,   1.382,9999.000,9999.000,9999.000,9999.000,9999.000,9999.000,9999.000,9999.000
202606061742,   1.330,9999.000,9999.000,9999.000,9999.000,9999.000,9999.000,9999.000,9999.000
202606061748,   1.278,9999.000,9999.000,9999.000,9999.000,9999.000,9999.000,9999.000,9999.000
202606061754,   1.227,9999.000,9999.000,9999.000,9999.000,9999.000,9999.000,9999.000,9999.000
202606061800,   1.176,9999.000,   0.300,9999.000,   1.476,   0.200,   1.376,   0.500,   1.676
202606061806,   1.126,9999.000,9999.000,9999.000,9999.000,9999.000,9999.000,9999.000,9999.000
202606061812,   1.077,9999.000,9999.000,9999.000,9999.000,9999.000,9999.000,9999.000,9999.000
202606061818,   1.030,9999.000,9999.000,9999.000,9999.000,9999.000,9999.000,9999.000,9999.000
202606061824,   0.983,9999.000,9999.000,9999.000,9999.000,9999.000,9999.000,9999.000,9999.000
202606061830,   0.937,9999.000,9999.000,9999.000,9999.000,9999.000,9999.000,9999.000,9999.000
202606061836,   0.893,9999.000,9999.000,9999.000,9999.000,9999.000,9999.000,9999.000,9999.000
202606061842,   0.850,9999.000,9999.000,9999.000,9999.000,9999.000,9999.000,9999.000,9999.000
202606061848,   0.808,9999.000,9999.000,9999.000,9999.000,9999.000,9999.000,9999.000,9999.000
202606061854,   0.768,9999.000,9999.000,9999.000,9999.000,9999.000,9999.000,9999.000,9999.000
202606061900,   0.730,9999.000,   0.300,9999.000,   1.030,   0.200,   0.930,   0.500,   1.230
202606061906,   0.693,9999.000,9999.000,9999.000,9999.000,9999.000,9999.000,9999.000,9999.000
202606061912,   0.658,9999.000,9999.000,9999.000,9999.000,9999.000,9999.000,9999.000,9999.000
202606061918,   0.625,9999.000,9999.000,9999.000,9999.000,9999.000,9999.000,9999.000,9999.000
202606061924,   0.594,9999.000,9999.000,9999.000,9999.000,9999.000,9999.000,9999.000,9999.000
202606061930,   0.564,9999.000,9999.000,9999.000,9999.000,9999.000,9999.000,9999.000,9999.000
202606061936,   0.537,9999.000,9999.000,9999.000,9999.000,9999.000,9999.000,9999.000,9999.000
202606061942,   0.511,9999.000,9999.000,9999.000,9999.000,9999.000,9999.000,9999.000,9999.000
202606061948,   0.487,9999.000,9999.000,9999.000,9999.000,9999.000,9999.000,9999.000,9999.000
202606061954,   0.466,9999.000,9999.000,9999.000,9999.000,9999.000,9999.000,9999.000,9999.000
202606062000,   0.446,9999.000,   0.400,9999.000,   0.846,   0.200,   0.646,   0.500,   0.946
202606062006,   0.429,9999.000,9999.000,9999.000,9999.000,9999.000,9999.000,9999.000,9999.000
202606062012,   0.413,9999.000,9999.000,9999.000,9999.000,9999.000,9999.000,9999.000,9999.000
202606062018,   0.400,9999.000,9999.000,9999.000,9999.000,9999.000,9999.000,9999.000,9999.000
202606062024,   0.389,9999.000,9999.000,9999.000,9999.000,9999.000,9999.000,9999.000,9999.000
202606062030,   0.380,9999.000,9999.000,9999.000,9999.000,9999.000,9999.000,9999.000,9999.000
202606062036,   0.373,9999.000,9999.000,9999.000,9999.000,9999.000,9999.000,9999.000,9999.000
202606062042,   0.369,9999.000,9999.000,9999.000,9999.000,9999.000,9999.000,9999.000,9999.000
202606062048,   0.367,9999.000,9999.000,9999.000,9999.000,9999.000,9999.000,9999.000,9999.000
202606062054,   0.368,9999.000,9999.000,9999.000,9999.000,9999.000,9999.000,9999.000,9999.000
202606062100,   0.371,9999.000,   0.400,9999.000,   0.771,   0.200,   0.571,   0.500,   0.871
202606062106,   0.376,9999.000,9999.000,9999.000,9999.000,9999.000,9999.000,9999.000,9999.000
202606062112,   0.384,9999.000,9999.000,9999.000,9999.000,9999.000,9999.000,9999.000,9999.000
202606062118,   0.395,9999.000,9999.000,9999.000,9999.000,9999.000,9999.000,9999.000,9999.000
202606062124,   0.408,9999.000,9999.000,9999.000,9999.000,9999.000,9999.000,9999.000,9999.000
202606062130,   0.423,9999.000,9999.000,9999.000,9999.000,9999.000,9999.000,9999.000,9999.000
202606062136,   0.441,9999.000,9999.000,9999.000,9999.000,9999.000,9999.000,9999.000,9999.000
202606062142,   0.462,9999.000,9999.000,9999.000,9999.000,9999.000,9999.000,9999.000,9999.000
202606062148,   0.484,9999.000,9999.000,9999.000,9999.000,9999.000,9999.000,9999.000,9999.000
202606062154,   0.509,9999.000,9999.000,9999.000,9999.000,9999.000,9999.000,9999.000,9999.000
202606062200,   0.537,9999.000,   0.400,9999.000,   0.937,   0.200,   0.737,   0.500,   1.037
202606062206,   0.566,9999.000,9999.000,9999.000,9999.000,9999.000,9999.000,9999.000,9999.000
202606062212,   0.598,9999.000,9999.000,9999.000,9999.000,9999.000,9999.000,9999.000,9999.000
202606062218,   0.631,9999.000,9999.000,9999.000,9999.000,9999.000,9999.000,9999.000,9999.000
202606062224,   0.666,9999.000,9999.000,9999.000,9999.000,9999.000,9999.000,9999.000,9999.000
202606062230,   0.703,9999.000,9999.000,9999.000,9999.000,9999.000,9999.000,9999.000,9999.000
202606062236,   0.741,9999.000,9999.000,9999.000,9999.000,9999.000,9999.000,9999.000,9999.000
202606062242,   0.780,9999.000,9999.000,9999.000,9999.000,9999.000,9999.000,9999.000,9999.000
202606062248,   0.820,9999.000,9999.000,9999.000,9999.000,9999.000,9999.000,9999.000,9999.000
202606062254,   0.861,9999.000,9999.000,9999.000,9999.000,9999.000,9999.000,9999.000,9999.000
202606062300,   0.902,9999.000,   0.400,9999.000,   1.302,   0.200,   1.102,   0.600,   1.502
202606062306,   0.944,9999.000,9999.000,9999.000,9999.000,9999.000,9999.000,9999.000,9999.000
202606062312,   0.986,9999.000,9999.000,9999.000,9999.000,9999.000,9999.000,9999.000,9999.000
202606062318,   1.027,9999.000,9999.000,9999.000,9999.000,9999.000,9999.000,9999.000,9999.000
202606062324,   1.069,9999.000,9999.000,9999.000,9999.000,9999.000,9999.000,9999.000,9999.000
202606062330,   1.110,9999.000,9999.000,9999.000,9999.000,9999.000,9999.000,9999.000,9999.000
202606062336,   1.150,9999.000,9999.000,9999.000,9999.000,9999.000,9999.000,9999.000,9999.000
202606062342,   1.189,9999.000,9999.000,9999.000,9999.000,9999.000,9999.000,9999.000,9999.000
202606062348,   1.227,9999.000,9999.000,9999.000,9999.000,9999.000,9999.000,9999.000,9999.000
202606062354,   1.264,9999.000,9999.000,9999.000,9999.000,9999.000,9999.000,9999.000,9999.000
202606070000,   1.300,9999.000,   0.400,9999.000,   1.700,   0.200,   1.500,   0.600,   1.900
