        TIME,    TIDE,      OB,   SURGE,    BIAS,     TWL,SURGE90p,  TWL90p,SURGE10p,   TWL10p
202604171200,   4.456,   5.349,   0.400,   0.493,   5.349,   0.300,   5.249,   0.500,   5.449
202604171206,   4.602,9999.000,9999.000,9999.000,9999.000,9999.000,9999.000,9999.000,9999.000
202604171212,   4.740,   5.329,9999.000,9999.000,9999.000,9999.000,9999.000,9999.000,9999.000
202604171218,   4.870,9999.000,9999.000,9999.000,9999.000,9999.000,9999.000,9999.000,9999.000
202604171224,   4.993,   5.559,9999.000,9999.000,9999.000,9999.000,9999.000,9999.000,9999.000
202604171230,   5.107,9999.000,9999.000,9999.000,9999.000,9999.000,9999.000,9999.000,9999.000
202604171236,   5.213,   5.799,9999.000,9999.000,9999.000,9999.000,9999.000,9999.000,9999.000
202604171242,   5.311,9999.000,9999.000,9999.000,9999.000,9999.000,9999.000,9999.000,9999.000
202604171248,   5.400,   6.008,9999.000,9999.000,9999.000,9999.000,9999.000,9999.000,9999.000
202604171254,   5.481,9999.000,9999.000,9999.000,9999.000,9999.000,9999.000,9999.000,9999.000
202604171300,   5.553,   6.399,   0.400,   0.446,   6.399,   0.400,   6.399,   0.500,   6.499
202604171306,   5.617,   6.458,9999.000,9999.000,9999.000,9999.000,9999.000,9999.000,9999.000
202604171312,   5.672,   6.307,9999.000,9999.000,9999.000,9999.000,9999.000,9999.000,9999.000
202604171318,   5.719,   6.359,9999.000,9999.000,9999.000,9999.000,9999.000,9999.000,9999.000
202604171324,   5.758,   6.409,9999.000,9999.000,9999.000,9999.000,9999.000,9999.000,9999.000
202604171330,   5.789,   6.468,9999.000,9999.000,9999.000,9999.000,9999.000,9999.000,9999.000
202604171336,   5.811,   6.517,9999.000,9999.000,9999.000,9999.000,9999.000,9999.000,9999.000
202604171342,   5.826,   6.546,9999.000,9999.000,9999.000,9999.000,9999.000,9999.000,9999.000
202604171348,   5.833,   6.556,9999.000,9999.000,9999.000,9999.000,9999.000,9999.000,9999.000
202604171354,   5.831,   6.556,9999.000,9999.000,9999.000,9999.000,9999.000,9999.000,9999.000
202604171400,   5.823,   6.687,   0.500,   0.364,   6.687,   0.400,   6.587,   0.500,   6.687
202604171406,   5.806,   6.687,9999.000,9999.000,9999.000,9999.000,9999.000,9999.000,9999.000
202604171412,   5.782,   6.537,9999.000,9999.000,9999.000,9999.000,9999.000,9999.000,9999.000
202604171418,   5.751,   6.517,9999.000,9999.000,9999.000,9999.000,9999.000,9999.000,9999.000
202604171424,   5.713,   6.507,9999.000,9999.000,9999.000,9999.000,9999.000,9999.000,9999.000
202604171430,   5.668,   6.477,9999.000,9999.000,9999.000,9999.000,9999.000,9999.000,9999.000
202604171436,   5.616,   6.448,9999.000,9999.000,9999.000,9999.000,9999.000,9999.000,9999.000
202604171442,   5.557,   6.399,9999.000,9999.000,9999.000,9999.000,9999.000,9999.000,9999.000
202604171448,   5.492,   6.317,9999.000,9999.000,9999.000,9999.000,9999.000,9999.000,9999.000
202604171454,   5.421,   6.287,9999.000,9999.000,9999.000,9999.000,9999.000,9999.000,9999.000
202604171500,   5.344,   6.169,   0.500,   0.325,   6.169,   0.400,   6.069,   0.500,   6.169
202604171506,   5.261,   6.038,9999.000,9999.000,9999.000,9999.000,9999.000,9999.000,9999.000
202604171512,   5.172,   5.887,9999.000,9999.000,9999.000,9999.000,9999.000,9999.000,9999.000
202604171518,   5.078,   5.769,9999.000,9999.000,9999.000,9999.000,9999.000,9999.000,9999.000
202604171524,   4.979,   5.657,9999.000,9999.000,9999.000,9999.000,9999.000,9999.000,9999.000
202604171530,   4.875,   5.549,9999.000,9999.000,9999.000,9999.000,9999.000,9999.000,9999.000
202604171536,   4.767,   5.428,9999.000,9999.000,9999.000,9999.000,9999.000,9999.000,9999.000
202604171542,   4.654,   5.277,9999.000,9999.000,9999.000,9999.000,9999.000,9999.000,9999.000
202604171548,   4.538,   5.129,9999.000,9999.000,9999.000,9999.000,9999.000,9999.000,9999.000
202604171554,   4.417,   4.979,9999.000,9999.000,9999.000,9999.000,9999.000,9999.000,9999.000
202604171600,   4.293,   4.818,   0.500,   0.025,   4.818,   0.400,   4.718,   0.500,   4.818
202604171606,   4.166,   4.677,9999.000,9999.000,9999.000,9999.000,9999.000,9999.000,9999.000
202604171612,   4.036,   4.529,9999.000,9999.000,9999.000,9999.000,9999.000,9999.000,9999.000
202604171618,   3.903,   4.359,9999.000,9999.000,9999.000,9999.000,9999.000,9999.000,9999.000
202604171624,   3.768,   4.208,9999.000,9999.000,9999.000,9999.000,9999.000,9999.000,9999.000
202604171630,   3.630,   4.057,9999.000,9999.000,9999.000,9999.000,9999.000,9999.000,9999.000
202604171636,   3.491,   3.939,9999.000,9999.000,9999.000,9999.000,9999.000,9999.000,9999.000
202604171642,   3.350,   3.798,9999.000,9999.000,9999.000,9999.000,9999.000,9999.000,9999.000
202604171648,   3.207,   3.680,9999.000,9999.000,9999.000,9999.000,9999.000,9999.000,9999.000
202604171654,   3.063,   3.578,9999.000,9999.000,9999.000,9999.000,9999.000,9999.000,9999.000
202604171700,   2.918,   3.568,   0.500,   0.150,   3.568,   0.400,   3.468,   0.500,   3.568
202604171706,   2.773,   3.450,9999.000,9999.000,9999.000,9999.000,9999.000,9999.000,9999.000
202604171712,   2.627,   3.299,9999.000,9999.000,9999.000,9999.000,9999.000,9999.000,9999.000
202604171718,   2.481,   3.207,9999.000,9999.000,9999.000,9999.000,9999.000,9999.000,9999.000
202604171724,   2.334,   3.109,9999.000,9999.000,9999.000,9999.000,9999.000,9999.000,9999.000
202604171730,   2.188,   2.997,9999.000,9999.000,9999.000,9999.000,9999.000,9999.000,9999.000
202604171736,   2.043,   2.860,9999.000,9999.000,9999.000,9999.000,9999.000,9999.000,9999.000
202604171742,   1.899,   2.597,9999.000,9999.000,9999.000,9999.000,9999.000,9999.000,9999.000
202604171748,   1.755,   2.348,9999.000,9999.000,9999.000,9999.000,9999.000,9999.000,9999.000
202604171754,   1.613,   2.210,9999.000,9999.000,9999.000,9999.000,9999.000,9999.000,9999.000
202604171800,   1.473,   2.109,   0.500,   0.136,   2.109,   0.500,   2.109,   0.600,   2.209
202604171806,   1.334,   1.958,9999.000,9999.000,9999.000,9999.000,9999.000,9999.000,9999.000
202604171812,   1.198,   1.948,9999.000,9999.000,9999.000,9999.000,9999.000,9999.000,9999.000
202604171818,   1.064,   1.800,9999.000,9999.000,9999.000,9999.000,9999.000,9999.000,9999.000
202604171824,   0.933,   1.689,9999.000,9999.000,9999.000,9999.000,9999.000,9999.000,9999.000
202604171830,   0.805,   1.508,9999.000,9999.000,9999.000,9999.000,9999.000,9999.000,9999.000
202604171836,   0.681,   1.410,9999.000,9999.000,9999.000,9999.000,9999.000,9999.000,9999.000
202604171842,   0.561,   1.308,9999.000,9999.000,9999.000,9999.000,9999.000,9999.000,9999.000
202604171848,   0.445,   1.151,9999.000,9999.000,9999.000,9999.000,9999.000,9999.000,9999.000
202604171854,   0.334,   1.069,9999.000,9999.000,9999.000,9999.000,9999.000,9999.000,9999.000
202604171900,   0.227,   0.970,   0.600,   0.143,   0.970,   0.500,   0.870,   0.600,   0.970
202604171906,   0.127,   0.879,9999.000,9999.000,9999.000,9999.000,9999.000,9999.000,9999.000
202604171912,   0.032,   0.731,9999.000,9999.000,9999.000,9999.000,9999.000,9999.000,9999.000
202604171918,  -0.056,   0.639,9999.000,9999.000,9999.000,9999.000,9999.000,9999.000,9999.000
202604171924,  -0.138,   0.541,9999.000,9999.000,9999.000,9999.000,9999.000,9999.000,9999.000
202604171930,  -0.213,   0.459,9999.000,9999.000,9999.000,9999.000,9999.000,9999.000,9999.000
202604171936,  -0.280,   0.380,9999.000,9999.000,9999.000,9999.000,9999.000,9999.000,9999.000
202604171942,  -0.340,   0.298,9999.000,9999.000,9999.000,9999.000,9999.000,9999.000,9999.000
202604171948,  -0.391,   0.229,9999.000,9999.000,9999.000,9999.000,9999.000,9999.000,9999.000
202604171954,  -0.433,   0.160,9999.000,9999.000,9999.000,9999.000,9999.000,9999.000,9999.000
202604172000,  -0.466,   0.209,   0.600,   0.075,   0.209,   0.600,   0.209,   0.600,   0.209
202604172006,  -0.490,   0.170,9999.000,9999.000,9999.000,9999.000,9999.000,9999.000,9999.000
202604172012,  -0.503,   0.019,9999.000,9999.000,9999.000,9999.000,9999.000,9999.000,9999.000
202604172018,  -0.507,  -0.019,9999.000,9999.000,9999.000,9999.000,9999.000,9999.000,9999.000
202604172024,  -0.500,  -0.029,9999.000,9999.000,9999.000,9999.000,9999.000,9999.000,9999.000
202604172030,  -0.483,  -0.019,9999.000,9999.000,9999.000,9999.000,9999.000,9999.000,9999.000
202604172036,  -0.454,   0.009,9999.000,9999.000,9999.000,9999.000,9999.000,9999.000,9999.000
202604172042,  -0.416,   0.059,9999.000,9999.000,9999.000,9999.000,9999.000,9999.000,9999.000
202604172048,  -0.366,   0.150,9999.000,9999.000,9999.000,9999.000,9999.000,9999.000,9999.000
202604172054,  -0.305,   0.278,9999.000,9999.000,9999.000,9999.000,9999.000,9999.000,9999.000
202604172100,  -0.234,   0.760,   0.600,   0.394,   0.760,   0.600,   0.760,   0.600,   0.760
202604172106,  -0.153,   0.941,9999.000,9999.000,9999.000,9999.000,9999.000,9999.000,9999.000
202604172112,  -0.061,   0.790,9999.000,9999.000,9999.000,9999.000,9999.000,9999.000,9999.000
202604172118,   0.040,   1.000,9999.000,9999.000,9999.000,9999.000,9999.000,9999.000,9999.000
202604172124,   0.152,   1.190,9999.000,9999.000,9999.000,9999.000,9999.000,9999.000,9999.000
202604172130,   0.273,   1.348,9999.000,9999.000,9999.000,9999.000,9999.000,9999.000,9999.000
202604172136,   0.403,   1.508,9999.000,9999.000,9999.000,9999.000,9999.000,9999.000,9999.000
202604172142,   0.542,   1.669,9999.000,9999.000,9999.000,9999.000,9999.000,9999.000,9999.000
202604172148,   0.689,   1.840,9999.000,9999.000,9999.000,9999.000,9999.000,9999.000,9999.000
202604172154,   0.844,   2.010,9999.000,9999.000,9999.000,9999.000,9999.000,9999.000,9999.000
202604172200,   1.006,   2.509,   0.600,   0.903,   2.509,   0.600,   2.509,   0.700,   2.609
202604172206,   1.176,   2.660,9999.000,9999.000,9999.000,9999.000,9999.000,9999.000,9999.000
202604172212,   1.351,   2.509,9999.000,9999.000,9999.000,9999.000,9999.000,9999.000,9999.000
202604172218,   1.533,   2.669,9999.000,9999.000,9999.000,9999.000,9999.000,9999.000,9999.000
202604172224,   1.720,   2.830,9999.000,9999.000,9999.000,9999.000,9999.000,9999.000,9999.000
202604172230,   1.912,   2.988,9999.000,9999.000,9999.000,9999.000,9999.000,9999.000,9999.000
202604172236,   2.109,   3.168,9999.000,9999.000,9999.000,9999.000,9999.000,9999.000,9999.000
202604172242,   2.310,   3.348,9999.000,9999.000,9999.000,9999.000,9999.000,9999.000,9999.000
202604172248,   2.514,   3.519,9999.000,9999.000,9999.000,9999.000,9999.000,9999.000,9999.000
202604172254,   2.720,   3.689,9999.000,9999.000,9999.000,9999.000,9999.000,9999.000,9999.000
202604172300,   2.929,   4.159,   0.600,   0.630,   4.159,   0.500,   4.059,   0.700,   4.259
202604172306,   3.139,   4.329,9999.000,9999.000,9999.000,9999.000,9999.000,9999.000,9999.000
202604172312,   3.350,   4.178,9999.000,9999.000,9999.000,9999.000,9999.000,9999.000,9999.000
202604172318,   3.560,   4.359,9999.000,9999.000,9999.000,9999.000,9999.000,9999.000,9999.000
202604172324,   3.770,   4.529,9999.000,9999.000,9999.000,9999.000,9999.000,9999.000,9999.000
202604172330,   3.978,   4.710,9999.000,9999.000,9999.000,9999.000,9999.000,9999.000,9999.000
202604172336,   4.184,   4.887,9999.000,9999.000,9999.000,9999.000,9999.000,9999.000,9999.000
202604172342,   4.387,   5.087,9999.000,9999.000,9999.000,9999.000,9999.000,9999.000,9999.000
202604172348,   4.585,   5.277,9999.000,9999.000,9999.000,9999.000,9999.000,9999.000,9999.000
202604172354,   4.779,   5.457,9999.000,9999.000,9999.000,9999.000,9999.000,9999.000,9999.000
202604180000,   4.968,   5.949,   0.600,   0.381,   5.949,   0.600,   5.949,   0.600,   5.949
202604180006,   5.150,   6.107,9999.000,9999.000,9999.000,9999.000,9999.000,9999.000,9999.000
202604180012,   5.326,   5.959,9999.000,9999.000,9999.000,9999.000,9999.000,9999.000,9999.000
202604180018,   5.494,   6.107,9999.000,9999.000,9999.000,9999.000,9999.000,9999.000,9999.000
202604180024,   5.655,   6.277,9999.000,9999.000,9999.000,9999.000,9999.000,9999.000,9999.000
202604180030,   5.808,   6.438,9999.000,9999.000,9999.000,9999.000,9999.000,9999.000,9999.000
202604180036,   5.952,   6.569,9999.000,9999.000,9999.000,9999.000,9999.000,9999.000,9999.000
202604180042,   6.087,   6.697,9999.000,9999.000,9999.000,9999.000,9999.000,9999.000,9999.000
202604180048,   6.214,   6.809,9999.000,9999.000,9999.000,9999.000,9999.000,9999.000,9999.000
202604180054,   6.331,   7.137,9999.000,9999.000,9999.000,9999.000,9999.000,9999.000,9999.000
202604180100,   6.439,   7.219,   0.600,   0.180,   7.219,   0.600,   7.219,   0.600,   7.219
202604180106,   6.538,   7.288,9999.000,9999.000,9999.000,9999.000,9999.000,9999.000,9999.000
202604180112,   6.628,   7.137,9999.000,9999.000,9999.000,9999.000,9999.000,9999.000,9999.000
202604180118,   6.708,   7.229,9999.000,9999.000,9999.000,9999.000,9999.000,9999.000,9999.000
202604180124,   6.779,   7.288,9999.000,9999.000,9999.000,9999.000,9999.000,9999.000,9999.000
202604180130,   6.840,   7.347,9999.000,9999.000,9999.000,9999.000,9999.000,9999.000,9999.000
202604180136,   6.893,   7.399,9999.000,9999.000,9999.000,9999.000,9999.000,9999.000,9999.000
202604180142,   6.936,   7.439,9999.000,9999.000,9999.000,9999.000,9999.000,9999.000,9999.000
202604180148,   6.970,   7.468,9999.000,9999.000,9999.000,9999.000,9999.000,9999.000,9999.000
202604180154,   6.996,   7.488,9999.000,9999.000,9999.000,9999.000,9999.000,9999.000,9999.000
202604180200,   7.012,   7.668,   0.600,   0.056,   7.668,   0.600,   7.668,   0.600,   7.668
202604180206,   7.020,   7.678,9999.000,9999.000,9999.000,9999.000,9999.000,9999.000,9999.000
202604180212,   7.020,   7.527,9999.000,9999.000,9999.000,9999.000,9999.000,9999.000,9999.000
202604180218,   7.011,   7.517,9999.000,9999.000,9999.000,9999.000,9999.000,9999.000,9999.000
202604180224,   6.993,   7.517,9999.000,9999.000,9999.000,9999.000,9999.000,9999.000,9999.000
202604180230,   6.968,   7.517,9999.000,9999.000,9999.000,9999.000,9999.000,9999.000,9999.000
202604180236,   6.934,   7.507,9999.000,9999.000,9999.000,9999.000,9999.000,9999.000,9999.000
202604180242,   6.893,   7.468,9999.000,9999.000,9999.000,9999.000,9999.000,9999.000,9999.000
202604180248,   6.844,   7.409,9999.000,9999.000,9999.000,9999.000,9999.000,9999.000,9999.000
202604180254,   6.788,   7.337,9999.000,9999.000,9999.000,9999.000,9999.000,9999.000,9999.000
202604180300,   6.724,   7.317,   0.600,  -0.007,   7.317,   0.600,   7.317,   0.600,   7.317
202604180306,   6.653,   7.219,9999.000,9999.000,9999.000,9999.000,9999.000,9999.000,9999.000
202604180312,   6.575,   7.068,9999.000,9999.000,9999.000,9999.000,9999.000,9999.000,9999.000
202604180318,   6.491,   6.966,9999.000,9999.000,9999.000,9999.000,9999.000,9999.000,9999.000
202604180324,   6.400,   6.848,9999.000,9999.000,9999.000,9999.000,9999.000,9999.000,9999.000
202604180330,   6.303,   6.717,9999.000,9999.000,9999.000,9999.000,9999.000,9999.000,9999.000
202604180336,   6.200,   6.589,9999.000,9999.000,9999.000,9999.000,9999.000,9999.000,9999.000
202604180342,   6.091,   6.438,9999.000,9999.000,9999.000,9999.000,9999.000,9999.000,9999.000
202604180348,   5.976,   6.307,9999.000,9999.000,9999.000,9999.000,9999.000,9999.000,9999.000
202604180354,   5.857,   6.159,9999.000,9999.000,9999.000,9999.000,9999.000,9999.000,9999.000
202604180400,   5.732,   6.048,   0.600,  -0.284,   6.048,   0.600,   6.048,   0.600,   6.048
202604180406,   5.603,   5.897,9999.000,9999.000,9999.000,9999.000,9999.000,9999.000,9999.000
202604180412,   5.469,   5.749,9999.000,9999.000,9999.000,9999.000,9999.000,9999.000,9999.000
202604180418,   5.331,   5.608,9999.000,9999.000,9999.000,9999.000,9999.000,9999.000,9999.000
202604180424,   5.189,   5.438,9999.000,9999.000,9999.000,9999.000,9999.000,9999.000,9999.000
202604180430,   5.044,   5.277,9999.000,9999.000,9999.000,9999.000,9999.000,9999.000,9999.000
202604180436,   4.895,   5.097,9999.000,9999.000,9999.000,9999.000,9999.000,9999.000,9999.000
202604180442,   4.744,   4.929,9999.000,9999.000,9999.000,9999.000,9999.000,9999.000,9999.000
202604180448,   4.589,   4.778,9999.000,9999.000,9999.000,9999.000,9999.000,9999.000,9999.000
202604180454,   4.432,   4.637,9999.000,9999.000,9999.000,9999.000,9999.000,9999.000,9999.000
202604180500,   4.273,   4.490,   0.600,  -0.383,   4.490,   0.600,   4.490,   0.600,   4.490
202604180506,   4.112,   4.339,9999.000,9999.000,9999.000,9999.000,9999.000,9999.000,9999.000
202604180512,   3.949,   4.188,9999.000,9999.000,9999.000,9999.000,9999.000,9999.000,9999.000
202604180518,   3.785,   4.047,9999.000,9999.000,9999.000,9999.000,9999.000,9999.000,9999.000
202604180524,   3.619,   3.899,9999.000,9999.000,9999.000,9999.000,9999.000,9999.000,9999.000
202604180530,   3.453,   3.768,9999.000,9999.000,9999.000,9999.000,9999.000,9999.000,9999.000
202604180536,   3.285,   3.617,9999.000,9999.000,9999.000,9999.000,9999.000,9999.000,9999.000
202604180542,   3.118,   3.470,9999.000,9999.000,9999.000,9999.000,9999.000,9999.000,9999.000
202604180548,   2.950,   3.319,9999.000,9999.000,9999.000,9999.000,9999.000,9999.000,9999.000
202604180554,   2.782,   3.178,9999.000,9999.000,9999.000,9999.000,9999.000,9999.000,9999.000
202604180600,   2.614,   3.060,   0.600,  -0.154,   3.060,   0.600,   3.060,   0.600,   3.060
202604180606,   2.448,   2.938,9999.000,9999.000,9999.000,9999.000,9999.000,9999.000,9999.000
202604180612,   2.282,   2.787,9999.000,9999.000,9999.000,9999.000,9999.000,9999.000,9999.000
202604180618,   2.117,   2.669,9999.000,9999.000,9999.000,9999.000,9999.000,9999.000,9999.000
202604180624,   1.953,   2.538,9999.000,9999.000,9999.000,9999.000,9999.000,9999.000,9999.000
202604180630,   1.792,   2.410,9999.000,9999.000,9999.000,9999.000,9999.000,9999.000,9999.000
202604180636,   1.632,   2.269,9999.000,9999.000,9999.000,9999.000,9999.000,9999.000,9999.000
202604180642,   1.475,   2.138,9999.000,9999.000,9999.000,9999.000,9999.000,9999.000,9999.000
202604180648,   1.321,   2.010,9999.000,9999.000,9999.000,9999.000,9999.000,9999.000,9999.000
202604180654,   1.169,   1.889,9999.000,9999.000,9999.000,9999.000,9999.000,9999.000,9999.000
202604180700,   1.021,   1.767,   0.600,   0.146,   1.767,   0.600,   1.767,   0.600,   1.767
202604180706,   0.877,   1.689,9999.000,9999.000,9999.000,9999.000,9999.000,9999.000,9999.000
202604180712,   0.737,   1.538,9999.000,9999.000,9999.000,9999.000,9999.000,9999.000,9999.000
202604180718,   0.601,   1.420,9999.000,9999.000,9999.000,9999.000,9999.000,9999.000,9999.000
202604180724,   0.470,   1.308,9999.000,9999.000,9999.000,9999.000,9999.000,9999.000,9999.000
202604180730,   0.345,   1.210,9999.000,9999.000,9999.000,9999.000,9999.000,9999.000,9999.000
202604180736,   0.225,   1.118,9999.000,9999.000,9999.000,9999.000,9999.000,9999.000,9999.000
202604180742,   0.111,   1.020,9999.000,9999.000,9999.000,9999.000,9999.000,9999.000,9999.000
202604180748,   0.004,   0.918,9999.000,9999.000,9999.000,9999.000,9999.000,9999.000,9999.000
202604180754,  -0.096,   0.819,9999.000,9999.000,9999.000,9999.000,9999.000,9999.000,9999.000
202604180800,  -0.189,   0.810,   0.600,   0.399,   0.810,   0.600,   0.810,   0.600,   0.810
202604180806,  -0.275,   0.741,9999.000,9999.000,9999.000,9999.000,9999.000,9999.000,9999.000
202604180812,  -0.353,   0.590,9999.000,9999.000,9999.000,9999.000,9999.000,9999.000,9999.000
202604180818,  -0.422,   0.498,9999.000,9999.000,9999.000,9999.000,9999.000,9999.000,9999.000
202604180824,  -0.483,   0.419,9999.000,9999.000,9999.000,9999.000,9999.000,9999.000,9999.000
202604180830,  -0.535,   0.350,9999.000,9999.000,9999.000,9999.000,9999.000,9999.000,9999.000
202604180836,  -0.577,   0.278,9999.000,9999.000,9999.000,9999.000,9999.000,9999.000,9999.000
202604180842,  -0.610,   0.200,9999.000,9999.000,9999.000,9999.000,9999.000,9999.000,9999.000
202604180848,  -0.634,   0.141,9999.000,9999.000,9999.000,9999.000,9999.000,9999.000,9999.000
202604180854,  -0.648,   0.088,9999.000,9999.000,9999.000,9999.000,9999.000,9999.000,9999.000
202604180900,  -0.651,   0.180,   0.600,   0.231,   0.180,   0.600,   0.180,   0.700,   0.280
202604180906,  -0.645,   0.190,9999.000,9999.000,9999.000,9999.000,9999.000,9999.000,9999.000
202604180912,  -0.629,   0.039,9999.000,9999.000,9999.000,9999.000,9999.000,9999.000,9999.000
202604180918,  -0.602,   0.068,9999.000,9999.000,9999.000,9999.000,9999.000,9999.000,9999.000
202604180924,  -0.566,   0.141,9999.000,9999.000,9999.000,9999.000,9999.000,9999.000,9999.000
202604180930,  -0.519,   0.249,9999.000,9999.000,9999.000,9999.000,9999.000,9999.000,9999.000
202604180936,  -0.463,   0.360,9999.000,9999.000,9999.000,9999.000,9999.000,9999.000,9999.000
202604180942,  -0.397,   0.488,9999.000,9999.000,9999.000,9999.000,9999.000,9999.000,9999.000
202604180948,  -0.322,   0.639,9999.000,9999.000,9999.000,9999.000,9999.000,9999.000,9999.000
202604180954,  -0.237,   0.839,9999.000,9999.000,9999.000,9999.000,9999.000,9999.000,9999.000
202604181000,  -0.144,   1.361,   0.700,   0.805,   1.361,   0.600,   1.261,   0.700,   1.361
202604181006,  -0.042,   1.557,9999.000,9999.000,9999.000,9999.000,9999.000,9999.000,9999.000
202604181012,   0.067,   1.410,9999.000,9999.000,9999.000,9999.000,9999.000,9999.000,9999.000
202604181018,   0.186,   1.580,9999.000,9999.000,9999.000,9999.000,9999.000,9999.000,9999.000
202604181024,   0.311,   1.748,9999.000,9999.000,9999.000,9999.000,9999.000,9999.000,9999.000
202604181030,   0.444,   1.918,9999.000,9999.000,9999.000,9999.000,9999.000,9999.000,9999.000
202604181036,   0.584,   2.069,9999.000,9999.000,9999.000,9999.000,9999.000,9999.000,9999.000
202604181042,   0.730,   2.230,9999.000,9999.000,9999.000,9999.000,9999.000,9999.000,9999.000
202604181048,   0.882,   2.368,9999.000,9999.000,9999.000,9999.000,9999.000,9999.000,9999.000
202604181054,   1.039,   2.499,9999.000,9999.000,9999.000,9999.000,9999.000,9999.000,9999.000
202604181100,   1.202,   2.929,   0.700,   1.027,   2.929,   0.700,   2.929,   0.700,   2.929
202604181106,   1.369,   3.099,9999.000,9999.000,9999.000,9999.000,9999.000,9999.000,9999.000
202604181112,   1.541,   2.958,9999.000,9999.000,9999.000,9999.000,9999.000,9999.000,9999.000
202604181118,   1.717,   3.129,9999.000,9999.000,9999.000,9999.000,9999.000,9999.000,9999.000
202604181124,   1.895,   3.279,9999.000,9999.000,9999.000,9999.000,9999.000,9999.000,9999.000
202604181130,   2.077,   3.427,9999.000,9999.000,9999.000,9999.000,9999.000,9999.000,9999.000
202604181136,   2.260,   3.607,9999.000,9999.000,9999.000,9999.000,9999.000,9999.000,9999.000
202604181142,   2.444,   3.788,9999.000,9999.000,9999.000,9999.000,9999.000,9999.000,9999.000
202604181148,   2.630,   3.949,9999.000,9999.000,9999.000,9999.000,9999.000,9999.000,9999.000
202604181154,   2.815,   4.119,9999.000,9999.000,9999.000,9999.000,9999.000,9999.000,9999.000
202604181200,   2.999,   4.539,   0.700,   0.840,   4.539,   0.600,   4.439,   0.700,   4.539
202604181206,   3.182,   4.700,9999.000,9999.000,9999.000,9999.000,9999.000,9999.000,9999.000
202604181212,   3.362,   4.549,9999.000,9999.000,9999.000,9999.000,9999.000,9999.000,9999.000
202604181218,   3.540,   4.700,9999.000,9999.000,9999.000,9999.000,9999.000,9999.000,9999.000
202604181224,   3.713,   4.847,9999.000,9999.000,9999.000,9999.000,9999.000,9999.000,9999.000
202604181230,   3.882,   5.008,9999.000,9999.000,9999.000,9999.000,9999.000,9999.000,9999.000
202604181236,   4.045,   5.149,9999.000,9999.000,9999.000,9999.000,9999.000,9999.000,9999.000
202604181242,   4.203,   5.307,9999.000,9999.000,9999.000,9999.000,9999.000,9999.000,9999.000
202604181248,   4.355,   5.457,9999.000,9999.000,9999.000,9999.000,9999.000,9999.000,9999.000
202604181254,   4.500,   5.628,9999.000,9999.000,9999.000,9999.000,9999.000,9999.000,9999.000
202604181300,   4.637,   6.048,   0.700,   0.711,   6.048,   0.700,   6.048,   0.700,   6.048
202604181306,   4.767,   6.179,9999.000,9999.000,9999.000,9999.000,9999.000,9999.000,9999.000
202604181312,   4.889,   6.028,9999.000,9999.000,9999.000,9999.000,9999.000,9999.000,9999.000
202604181318,   5.003,   6.127,9999.000,9999.000,9999.000,9999.000,9999.000,9999.000,9999.000
202604181324,   5.108,   6.248,9999.000,9999.000,9999.000,9999.000,9999.000,9999.000,9999.000
202604181330,   5.205,   6.346,9999.000,9999.000,9999.000,9999.000,9999.000,9999.000,9999.000
202604181336,   5.294,   6.448,9999.000,9999.000,9999.000,9999.000,9999.000,9999.000,9999.000
202604181342,   5.374,   6.517,9999.000,9999.000,9999.000,9999.000,9999.000,9999.000,9999.000
202604181348,   5.446,   6.599,9999.000,9999.000,9999.000,9999.000,9999.000,9999.000,9999.000
202604181354,   5.509,   6.648,9999.000,9999.000,9999.000,9999.000,9999.000,9999.000,9999.000
202604181400,   5.564,   6.927,   0.700,   0.663,   6.927,   0.700,   6.927,   0.700,   6.927
202604181406,   5.610,   6.979,9999.000,9999.000,9999.000,9999.000,9999.000,9999.000,9999.000
202604181412,   5.648,   6.828,9999.000,9999.000,9999.000,9999.000,9999.000,9999.000,9999.000
202604181418,   5.678,   6.858,9999.000,9999.000,9999.000,9999.000,9999.000,9999.000,9999.000
202604181424,   5.699,   6.868,9999.000,9999.000,9999.000,9999.000,9999.000,9999.000,9999.000
202604181430,   5.713,   6.868,9999.000,9999.000,9999.000,9999.000,9999.000,9999.000,9999.000
202604181436,   5.718,   6.848,9999.000,9999.000,9999.000,9999.000,9999.000,9999.000,9999.000
202604181442,   5.716,   6.838,9999.000,9999.000,9999.000,9999.000,9999.000,9999.000,9999.000
202604181448,   5.706,   6.819,9999.000,9999.000,9999.000,9999.000,9999.000,9999.000,9999.000
202604181454,   5.688,   6.809,9999.000,9999.000,9999.000,9999.000,9999.000,9999.000,9999.000
202604181500,   5.663,   6.907,   0.700,   0.544,   6.907,   0.700,   6.907,   0.800,   7.007
202604181506,   5.630,   6.878,9999.000,9999.000,9999.000,9999.000,9999.000,9999.000,9999.000
202604181512,   5.591,   6.727,9999.000,9999.000,9999.000,9999.000,9999.000,9999.000,9999.000
202604181518,   5.544,   6.707,9999.000,9999.000,9999.000,9999.000,9999.000,9999.000,9999.000
202604181524,   5.491,   6.668,9999.000,9999.000,9999.000,9999.000,9999.000,9999.000,9999.000
202604181530,   5.431,   6.619,9999.000,9999.000,9999.000,9999.000,9999.000,9999.000,9999.000
202604181536,   5.365,   6.537,9999.000,9999.000,9999.000,9999.000,9999.000,9999.000,9999.000
202604181542,   5.293,   6.448,9999.000,9999.000,9999.000,9999.000,9999.000,9999.000,9999.000
202604181548,   5.214,   6.336,9999.000,9999.000,9999.000,9999.000,9999.000,9999.000,9999.000
202604181554,   5.130,   6.228,9999.000,9999.000,9999.000,9999.000,9999.000,9999.000,9999.000
202604181600,   5.041,   6.149,   0.800,   0.308,   6.149,   0.700,   6.049,   0.800,   6.149
202604181606,   4.946,   6.048,9999.000,9999.000,9999.000,9999.000,9999.000,9999.000,9999.000
202604181612,   4.846,   5.897,9999.000,9999.000,9999.000,9999.000,9999.000,9999.000,9999.000
202604181618,   4.741,   5.828,9999.000,9999.000,9999.000,9999.000,9999.000,9999.000,9999.000
202604181624,   4.632,   5.717,9999.000,9999.000,9999.000,9999.000,9999.000,9999.000,9999.000
202604181630,   4.519,   5.598,9999.000,9999.000,9999.000,9999.000,9999.000,9999.000,9999.000
202604181636,   4.402,   5.428,9999.000,9999.000,9999.000,9999.000,9999.000,9999.000,9999.000
202604181642,   4.281,   5.257,9999.000,9999.000,9999.000,9999.000,9999.000,9999.000,9999.000
202604181648,   4.156,   5.097,9999.000,9999.000,9999.000,9999.000,9999.000,9999.000,9999.000
202604181654,   4.029,   4.988,9999.000,9999.000,9999.000,9999.000,9999.000,9999.000,9999.000
202604181700,   3.898,   4.949,   0.800,   0.251,   4.949,   0.700,   4.849,   0.800,   4.949
202604181706,   3.765,   4.798,9999.000,9999.000,9999.000,9999.000,9999.000,9999.000,9999.000
202604181712,   3.629,   4.798,9999.000,9999.000,9999.000,9999.000,9999.000,9999.000,9999.000
202604181718,   3.491,   4.647,9999.000,9999.000,9999.000,9999.000,9999.000,9999.000,9999.000
202604181724,   3.352,   4.588,9999.000,9999.000,9999.000,9999.000,9999.000,9999.000,9999.000
202604181730,   3.210,   4.457,9999.000,9999.000,9999.000,9999.000,9999.000,9999.000,9999.000
202604181736,   3.068,   4.237,9999.000,9999.000,9999.000,9999.000,9999.000,9999.000,9999.000
202604181742,   2.924,   4.070,9999.000,9999.000,9999.000,9999.000,9999.000,9999.000,9999.000
202604181748,   2.779,   3.978,9999.000,9999.000,9999.000,9999.000,9999.000,9999.000,9999.000
202604181754,   2.633,   3.827,9999.000,9999.000,9999.000,9999.000,9999.000,9999.000,9999.000
202604181800,   2.487,   3.699,   0.800,   0.412,   3.699,   0.800,   3.699,   0.900,   3.799
202604181806,   2.341,9999.000,9999.000,9999.000,9999.000,9999.000,9999.000,9999.000,9999.000
202604181812,   2.195,   3.539,9999.000,9999.000,9999.000,9999.000,9999.000,9999.000,9999.000
202604181818,   2.050,   3.388,9999.000,9999.000,9999.000,9999.000,9999.000,9999.000,9999.000
202604181824,   1.905,   3.089,9999.000,9999.000,9999.000,9999.000,9999.000,9999.000,9999.000
202604181830,   1.761,   2.899,9999.000,9999.000,9999.000,9999.000,9999.000,9999.000,9999.000
202604181836,   1.618,   2.797,9999.000,9999.000,9999.000,9999.000,9999.000,9999.000,9999.000
202604181842,   1.476,   2.630,9999.000,9999.000,9999.000,9999.000,9999.000,9999.000,9999.000
202604181848,   1.336,   2.479,9999.000,9999.000,9999.000,9999.000,9999.000,9999.000,9999.000
202604181854,   1.198,   2.387,9999.000,9999.000,9999.000,9999.000,9999.000,9999.000,9999.000
202604181900,   1.063,   2.299,   0.800,   0.436,   2.299,   0.800,   2.299,   0.900,   2.399
202604181906,   0.930,   2.128,9999.000,9999.000,9999.000,9999.000,9999.000,9999.000,9999.000
202604181912,   0.800,   1.981,9999.000,9999.000,9999.000,9999.000,9999.000,9999.000,9999.000
202604181918,   0.674,   1.830,9999.000,9999.000,9999.000,9999.000,9999.000,9999.000,9999.000
202604181924,   0.551,   1.718,9999.000,9999.000,9999.000,9999.000,9999.000,9999.000,9999.000
202604181930,   0.432,   1.620,9999.000,9999.000,9999.000,9999.000,9999.000,9999.000,9999.000
202604181936,   0.318,   1.518,9999.000,9999.000,9999.000,9999.000,9999.000,9999.000,9999.000
202604181942,   0.209,   1.420,9999.000,9999.000,9999.000,9999.000,9999.000,9999.000,9999.000
202604181948,   0.105,   1.318,9999.000,9999.000,9999.000,9999.000,9999.000,9999.000,9999.000
202604181954,   0.006,   1.210,9999.000,9999.000,9999.000,9999.000,9999.000,9999.000,9999.000
202604182000,  -0.085,   1.170,   0.900,   0.355,   1.170,   0.800,   1.070,   0.900,   1.170
202604182006,  -0.171,   1.069,9999.000,9999.000,9999.000,9999.000,9999.000,9999.000,9999.000
202604182012,  -0.249,   0.918,9999.000,9999.000,9999.000,9999.000,9999.000,9999.000,9999.000
202604182018,  -0.320,   0.849,9999.000,9999.000,9999.000,9999.000,9999.000,9999.000,9999.000
202604182024,  -0.383,   0.770,9999.000,9999.000,9999.000,9999.000,9999.000,9999.000,9999.000
202604182030,  -0.438,   0.708,9999.000,9999.000,9999.000,9999.000,9999.000,9999.000,9999.000
202604182036,  -0.484,   0.629,9999.000,9999.000,9999.000,9999.000,9999.000,9999.000,9999.000
202604182042,  -0.521,   0.580,9999.000,9999.000,9999.000,9999.000,9999.000,9999.000,9999.000
202604182048,  -0.548,   0.518,9999.000,9999.000,9999.000,9999.000,9999.000,9999.000,9999.000
202604182054,  -0.565,   0.469,9999.000,9999.000,9999.000,9999.000,9999.000,9999.000,9999.000
202604182100,  -0.571,   0.570,   0.900,   0.241,   0.570,   0.800,   0.470,   0.900,   0.570
202604182106,  -0.567,   0.570,9999.000,9999.000,9999.000,9999.000,9999.000,9999.000,9999.000
202604182112,  -0.552,   0.419,9999.000,9999.000,9999.000,9999.000,9999.000,9999.000,9999.000
202604182118,  -0.526,   0.439,9999.000,9999.000,9999.000,9999.000,9999.000,9999.000,9999.000
202604182124,  -0.488,   0.488,9999.000,9999.000,9999.000,9999.000,9999.000,9999.000,9999.000
202604182130,  -0.440,   0.580,9999.000,9999.000,9999.000,9999.000,9999.000,9999.000,9999.000
202604182136,  -0.380,   0.698,9999.000,9999.000,9999.000,9999.000,9999.000,9999.000,9999.000
202604182142,  -0.309,   0.859,9999.000,9999.000,9999.000,9999.000,9999.000,9999.000,9999.000
202604182148,  -0.227,   1.020,9999.000,9999.000,9999.000,9999.000,9999.000,9999.000,9999.000
202604182154,  -0.135,   1.180,9999.000,9999.000,9999.000,9999.000,9999.000,9999.000,9999.000
202604182200,  -0.032,   1.659,   0.900,   0.791,   1.659,   0.900,   1.659,   0.900,   1.659
202604182206,   0.081,   1.820,9999.000,9999.000,9999.000,9999.000,9999.000,9999.000,9999.000
202604182212,   0.204,   1.669,9999.000,9999.000,9999.000,9999.000,9999.000,9999.000,9999.000
202604182218,   0.336,   1.840,9999.000,9999.000,9999.000,9999.000,9999.000,9999.000,9999.000
202604182224,   0.477,   2.000,9999.000,9999.000,9999.000,9999.000,9999.000,9999.000,9999.000
202604182230,   0.627,   2.128,9999.000,9999.000,9999.000,9999.000,9999.000,9999.000,9999.000
202604182236,   0.784,   2.279,9999.000,9999.000,9999.000,9999.000,9999.000,9999.000,9999.000
202604182242,   0.949,   2.440,9999.000,9999.000,9999.000,9999.000,9999.000,9999.000,9999.000
202604182248,   1.121,   2.597,9999.000,9999.000,9999.000,9999.000,9999.000,9999.000,9999.000
202604182254,   1.299,   2.797,9999.000,9999.000,9999.000,9999.000,9999.000,9999.000,9999.000
202604182300,   1.483,   3.319,   1.000,   0.836,   3.319,   0.900,   3.219,   1.000,   3.319
202604182306,   1.673,   3.499,9999.000,9999.000,9999.000,9999.000,9999.000,9999.000,9999.000
202604182312,   1.867,   3.348,9999.000,9999.000,9999.000,9999.000,9999.000,9999.000,9999.000
202604182318,   2.065,   3.539,9999.000,9999.000,9999.000,9999.000,9999.000,9999.000,9999.000
202604182324,   2.268,   3.719,9999.000,9999.000,9999.000,9999.000,9999.000,9999.000,9999.000
202604182330,   2.473,   3.890,9999.000,9999.000,9999.000,9999.000,9999.000,9999.000,9999.000
202604182336,   2.682,   4.047,9999.000,9999.000,9999.000,9999.000,9999.000,9999.000,9999.000
202604182342,   2.892,   4.218,9999.000,9999.000,9999.000,9999.000,9999.000,9999.000,9999.000
202604182348,   3.104,   4.408,9999.000,9999.000,9999.000,9999.000,9999.000,9999.000,9999.000
202604182354,   3.317,   4.588,9999.000,9999.000,9999.000,9999.000,9999.000,9999.000,9999.000
202604190000,   3.530,   5.120,   1.000,   0.590,   5.120,   0.900,   5.020,   1.000,   5.120
202604190006,   3.743,   5.320,9999.000,9999.000,9999.000,9999.000,9999.000,9999.000,9999.000
202604190012,   3.955,   5.169,9999.000,9999.000,9999.000,9999.000,9999.000,9999.000,9999.000
202604190018,   4.165,   5.339,9999.000,9999.000,9999.000,9999.000,9999.000,9999.000,9999.000
202604190024,   4.372,   5.539,9999.000,9999.000,9999.000,9999.000,9999.000,9999.000,9999.000
202604190030,   4.576,   5.717,9999.000,9999.000,9999.000,9999.000,9999.000,9999.000,9999.000
202604190036,   4.775,   5.907,9999.000,9999.000,9999.000,9999.000,9999.000,9999.000,9999.000
202604190042,   4.970,   6.097,9999.000,9999.000,9999.000,9999.000,9999.000,9999.000,9999.000
202604190048,   5.160,   6.268,9999.000,9999.000,9999.000,9999.000,9999.000,9999.000,9999.000
202604190054,   5.343,   6.727,9999.000,9999.000,9999.000,9999.000,9999.000,9999.000,9999.000
202604190100,   5.520,   6.878,   1.000,   0.358,   6.878,   0.900,   6.778,   1.000,   6.878
202604190106,   5.689,   7.029,9999.000,9999.000,9999.000,9999.000,9999.000,9999.000,9999.000
202604190112,   5.851,   6.878,9999.000,9999.000,9999.000,9999.000,9999.000,9999.000,9999.000
202604190118,   6.005,   7.019,9999.000,9999.000,9999.000,9999.000,9999.000,9999.000,9999.000
202604190124,   6.149,   7.166,9999.000,9999.000,9999.000,9999.000,9999.000,9999.000,9999.000
202604190130,   6.286,   7.297,9999.000,9999.000,9999.000,9999.000,9999.000,9999.000,9999.000
202604190136,   6.412,   7.409,9999.000,9999.000,9999.000,9999.000,9999.000,9999.000,9999.000
202604190142,   6.530,   7.498,9999.000,9999.000,9999.000,9999.000,9999.000,9999.000,9999.000
202604190148,   6.639,   7.596,9999.000,9999.000,9999.000,9999.000,9999.000,9999.000,9999.000
202604190154,   6.737,   7.698,9999.000,9999.000,9999.000,9999.000,9999.000,9999.000,9999.000
202604190200,   6.827,   8.016,   1.000,   0.189,   8.016,   0.900,   7.916,   1.000,   8.016
202604190206,   6.906,   8.078,9999.000,9999.000,9999.000,9999.000,9999.000,9999.000,9999.000
202604190212,   6.977,   7.927,9999.000,9999.000,9999.000,9999.000,9999.000,9999.000,9999.000
202604190218,   7.038,   7.986,9999.000,9999.000,9999.000,9999.000,9999.000,9999.000,9999.000
202604190224,   7.089,   8.049,9999.000,9999.000,9999.000,9999.000,9999.000,9999.000,9999.000
202604190230,   7.131,   8.108,9999.000,9999.000,9999.000,9999.000,9999.000,9999.000,9999.000
202604190236,   7.165,   8.137,9999.000,9999.000,9999.000,9999.000,9999.000,9999.000,9999.000
202604190242,   7.189,   8.167,9999.000,9999.000,9999.000,9999.000,9999.000,9999.000,9999.000
202604190248,   7.204,   8.186,9999.000,9999.000,9999.000,9999.000,9999.000,9999.000,9999.000
202604190254,   7.210,   8.196,9999.000,9999.000,9999.000,9999.000,9999.000,9999.000,9999.000
202604190300,   7.208,   8.298,   1.000,   0.090,   8.298,   1.000,   8.298,   1.000,   8.298
202604190306,   7.197,   8.288,9999.000,9999.000,9999.000,9999.000,9999.000,9999.000,9999.000
202604190312,   7.178,   8.137,9999.000,9999.000,9999.000,9999.000,9999.000,9999.000,9999.000
202604190318,   7.150,   8.117,9999.000,9999.000,9999.000,9999.000,9999.000,9999.000,9999.000
202604190324,   7.115,   8.088,9999.000,9999.000,9999.000,9999.000,9999.000,9999.000,9999.000
202604190330,   7.072,   8.068,9999.000,9999.000,9999.000,9999.000,9999.000,9999.000,9999.000
202604190336,   7.020,   8.016,9999.000,9999.000,9999.000,9999.000,9999.000,9999.000,9999.000
202604190342,   6.962,   7.947,9999.000,9999.000,9999.000,9999.000,9999.000,9999.000,9999.000
202604190348,   6.896,   7.858,9999.000,9999.000,9999.000,9999.000,9999.000,9999.000,9999.000
202604190354,   6.823,   7.767,9999.000,9999.000,9999.000,9999.000,9999.000,9999.000,9999.000
202604190400,   6.743,   7.698,   1.000,  -0.045,   7.698,   1.000,   7.698,   1.100,   7.798
202604190406,   6.657,   7.596,9999.000,9999.000,9999.000,9999.000,9999.000,9999.000,9999.000
202604190412,   6.564,   7.448,9999.000,9999.000,9999.000,9999.000,9999.000,9999.000,9999.000
202604190418,   6.464,   7.337,9999.000,9999.000,9999.000,9999.000,9999.000,9999.000,9999.000
202604190424,   6.359,   7.199,9999.000,9999.000,9999.000,9999.000,9999.000,9999.000,9999.000
202604190430,   6.248,   7.068,9999.000,9999.000,9999.000,9999.000,9999.000,9999.000,9999.000
202604190436,   6.131,   6.947,9999.000,9999.000,9999.000,9999.000,9999.000,9999.000,9999.000
202604190442,   6.010,   6.819,9999.000,9999.000,9999.000,9999.000,9999.000,9999.000,9999.000
202604190448,   5.883,   6.678,9999.000,9999.000,9999.000,9999.000,9999.000,9999.000,9999.000
202604190454,   5.751,   6.546,9999.000,9999.000,9999.000,9999.000,9999.000,9999.000,9999.000
202604190500,   5.616,   6.399,   1.100,  -0.317,   6.399,   1.000,   6.299,   1.100,   6.399
202604190506,   5.475,   6.238,9999.000,9999.000,9999.000,9999.000,9999.000,9999.000,9999.000
202604190512,   5.332,   6.087,9999.000,9999.000,9999.000,9999.000,9999.000,9999.000,9999.000
202604190518,   5.184,   5.949,9999.000,9999.000,9999.000,9999.000,9999.000,9999.000,9999.000
202604190524,   5.033,   5.789,9999.000,9999.000,9999.000,9999.000,9999.000,9999.000,9999.000
202604190530,   4.879,   5.618,9999.000,9999.000,9999.000,9999.000,9999.000,9999.000,9999.000
202604190536,   4.722,   5.457,9999.000,9999.000,9999.000,9999.000,9999.000,9999.000,9999.000
202604190542,   4.563,   5.287,9999.000,9999.000,9999.000,9999.000,9999.000,9999.000,9999.000
202604190548,   4.401,   5.149,9999.000,9999.000,9999.000,9999.000,9999.000,9999.000,9999.000
202604190554,   4.237,   5.008,9999.000,9999.000,9999.000,9999.000,9999.000,9999.000,9999.000
202604190600,   4.071,   4.857,   1.000,  -0.214,   4.857,   1.000,   4.857,   1.000,   4.857
202604190606,   3.904,   4.729,9999.000,9999.000,9999.000,9999.000,9999.000,9999.000,9999.000
202604190612,   3.736,   4.578,9999.000,9999.000,9999.000,9999.000,9999.000,9999.000,9999.000
202604190618,   3.567,   4.437,9999.000,9999.000,9999.000,9999.000,9999.000,9999.000,9999.000
202604190624,   3.397,   4.267,9999.000,9999.000,9999.000,9999.000,9999.000,9999.000,9999.000
202604190630,   3.226,   4.109,9999.000,9999.000,9999.000,9999.000,9999.000,9999.000,9999.000
202604190636,   3.055,   3.929,9999.000,9999.000,9999.000,9999.000,9999.000,9999.000,9999.000
202604190642,   2.885,   3.778,9999.000,9999.000,9999.000,9999.000,9999.000,9999.000,9999.000
202604190648,   2.714,   3.637,9999.000,9999.000,9999.000,9999.000,9999.000,9999.000,9999.000
202604190654,   2.544,   3.519,9999.000,9999.000,9999.000,9999.000,9999.000,9999.000,9999.000
202604190700,   2.375,   3.388,   1.000,   0.013,   3.388,   1.000,   3.388,   1.000,   3.388
202604190706,   2.208,   3.260,9999.000,9999.000,9999.000,9999.000,9999.000,9999.000,9999.000
202604190712,   2.041,   3.109,9999.000,9999.000,9999.000,9999.000,9999.000,9999.000,9999.000
202604190718,   1.877,   2.958,9999.000,9999.000,9999.000,9999.000,9999.000,9999.000,9999.000
202604190724,   1.714,   2.830,9999.000,9999.000,9999.000,9999.000,9999.000,9999.000,9999.000
202604190730,   1.554,   2.699,9999.000,9999.000,9999.000,9999.000,9999.000,9999.000,9999.000
202604190736,   1.397,   2.568,9999.000,9999.000,9999.000,9999.000,9999.000,9999.000,9999.000
202604190742,   1.243,   2.440,9999.000,9999.000,9999.000,9999.000,9999.000,9999.000,9999.000
202604190748,   1.092,   2.309,9999.000,9999.000,9999.000,9999.000,9999.000,9999.000,9999.000
202604190754,   0.945,   2.191,9999.000,9999.000,9999.000,9999.000,9999.000,9999.000,9999.000
202604190800,   0.803,   2.089,   1.000,   0.286,   2.089,   0.900,   1.989,   1.000,   2.089
202604190806,   0.665,   1.967,9999.000,9999.000,9999.000,9999.000,9999.000,9999.000,9999.000
202604190812,   0.531,   1.820,9999.000,9999.000,9999.000,9999.000,9999.000,9999.000,9999.000
202604190818,   0.404,   1.699,9999.000,9999.000,9999.000,9999.000,9999.000,9999.000,9999.000
202604190824,   0.282,   1.580,9999.000,9999.000,9999.000,9999.000,9999.000,9999.000,9999.000
202604190830,   0.166,   1.459,9999.000,9999.000,9999.000,9999.000,9999.000,9999.000,9999.000
202604190836,   0.056,   1.361,9999.000,9999.000,9999.000,9999.000,9999.000,9999.000,9999.000
202604190842,  -0.045,   1.239,9999.000,9999.000,9999.000,9999.000,9999.000,9999.000,9999.000
202604190848,  -0.140,   1.161,9999.000,9999.000,9999.000,9999.000,9999.000,9999.000,9999.000
202604190854,  -0.228,   1.059,9999.000,9999.000,9999.000,9999.000,9999.000,9999.000,9999.000
202604190900,  -0.307,   0.980,   1.000,   0.287,   0.980,   1.000,   0.980,   1.000,   0.980
202604190906,  -0.378,   0.980,9999.000,9999.000,9999.000,9999.000,9999.000,9999.000,9999.000
202604190912,  -0.441,   0.829,9999.000,9999.000,9999.000,9999.000,9999.000,9999.000,9999.000
202604190918,  -0.494,   0.760,9999.000,9999.000,9999.000,9999.000,9999.000,9999.000,9999.000
202604190924,  -0.538,   0.708,9999.000,9999.000,9999.000,9999.000,9999.000,9999.000,9999.000
202604190930,  -0.573,   0.669,9999.000,9999.000,9999.000,9999.000,9999.000,9999.000,9999.000
202604190936,  -0.598,   0.619,9999.000,9999.000,9999.000,9999.000,9999.000,9999.000,9999.000
202604190942,  -0.613,   0.590,9999.000,9999.000,9999.000,9999.000,9999.000,9999.000,9999.000
202604190948,  -0.619,   0.560,9999.000,9999.000,9999.000,9999.000,9999.000,9999.000,9999.000
202604190954,  -0.614,   0.708,9999.000,9999.000,9999.000,9999.000,9999.000,9999.000,9999.000
202604191000,  -0.600,   0.718,   1.000,   0.318,   0.718,   0.900,   0.618,   1.000,   0.718
202604191006,  -0.576,   0.751,9999.000,9999.000,9999.000,9999.000,9999.000,9999.000,9999.000
202604191012,  -0.542,   0.600,9999.000,9999.000,9999.000,9999.000,9999.000,9999.000,9999.000
202604191018,  -0.498,   0.639,9999.000,9999.000,9999.000,9999.000,9999.000,9999.000,9999.000
202604191024,  -0.445,   0.698,9999.000,9999.000,9999.000,9999.000,9999.000,9999.000,9999.000
202604191030,  -0.382,   0.800,9999.000,9999.000,9999.000,9999.000,9999.000,9999.000,9999.000
202604191036,  -0.310,   0.941,9999.000,9999.000,9999.000,9999.000,9999.000,9999.000,9999.000
202604191042,  -0.230,   1.108,9999.000,9999.000,9999.000,9999.000,9999.000,9999.000,9999.000
202604191048,  -0.141,   1.279,9999.000,9999.000,9999.000,9999.000,9999.000,9999.000,9999.000
202604191054,  -0.044,   1.800,9999.000,9999.000,9999.000,9999.000,9999.000,9999.000,9999.000
202604191100,   0.060,   1.990,   1.000,   0.930,   1.990,   0.900,   1.890,   1.000,   1.990
202604191106,   0.173,   2.177,9999.000,9999.000,9999.000,9999.000,9999.000,9999.000,9999.000
202604191112,   0.292,   2.030,9999.000,9999.000,9999.000,9999.000,9999.000,9999.000,9999.000
202604191118,   0.419,   2.200,9999.000,9999.000,9999.000,9999.000,9999.000,9999.000,9999.000
202604191124,   0.551,   2.377,9999.000,9999.000,9999.000,9999.000,9999.000,9999.000,9999.000
202604191130,   0.690,   2.509,9999.000,9999.000,9999.000,9999.000,9999.000,9999.000,9999.000
202604191136,   0.834,   2.660,9999.000,9999.000,9999.000,9999.000,9999.000,9999.000,9999.000
202604191142,   0.983,   2.787,9999.000,9999.000,9999.000,9999.000,9999.000,9999.000,9999.000
202604191148,   1.138,   2.929,9999.000,9999.000,9999.000,9999.000,9999.000,9999.000,9999.000
202604191154,   1.297,   3.070,9999.000,9999.000,9999.000,9999.000,9999.000,9999.000,9999.000
202604191200,   1.460,   3.489,   0.900,   1.129,   3.489,   0.900,   3.489,   0.900,   3.489
202604191206,   1.626,   3.617,9999.000,9999.000,9999.000,9999.000,9999.000,9999.000,9999.000
202604191212,   1.796,   3.470,9999.000,9999.000,9999.000,9999.000,9999.000,9999.000,9999.000
202604191218,   1.969,   3.598,9999.000,9999.000,9999.000,9999.000,9999.000,9999.000,9999.000
202604191224,   2.144,   3.729,9999.000,9999.000,9999.000,9999.000,9999.000,9999.000,9999.000
202604191230,   2.320,   3.870,9999.000,9999.000,9999.000,9999.000,9999.000,9999.000,9999.000
202604191236,   2.498,   4.027,9999.000,9999.000,9999.000,9999.000,9999.000,9999.000,9999.000
202604191242,   2.675,   4.178,9999.000,9999.000,9999.000,9999.000,9999.000,9999.000,9999.000
202604191248,   2.853,   4.319,9999.000,9999.000,9999.000,9999.000,9999.000,9999.000,9999.000
202604191254,   3.029,   4.437,9999.000,9999.000,9999.000,9999.000,9999.000,9999.000,9999.000
202604191300,   3.203,   4.847,   0.900,   0.744,   4.847,   0.900,   4.847,   0.900,   4.847
202604191306,   3.375,   4.988,9999.000,9999.000,9999.000,9999.000,9999.000,9999.000,9999.000
202604191312,   3.543,   4.837,9999.000,9999.000,9999.000,9999.000,9999.000,9999.000,9999.000
202604191318,   3.707,   4.969,9999.000,9999.000,9999.000,9999.000,9999.000,9999.000,9999.000
202604191324,   3.866,   5.110,9999.000,9999.000,9999.000,9999.000,9999.000,9999.000,9999.000
202604191330,   4.020,   5.228,9999.000,9999.000,9999.000,9999.000,9999.000,9999.000,9999.000
202604191336,   4.168,   5.359,9999.000,9999.000,9999.000,9999.000,9999.000,9999.000,9999.000
202604191342,   4.310,   5.477,9999.000,9999.000,9999.000,9999.000,9999.000,9999.000,9999.000
202604191348,   4.445,   5.598,9999.000,9999.000,9999.000,9999.000,9999.000,9999.000,9999.000
202604191354,   4.572,   5.730,9999.000,9999.000,9999.000,9999.000,9999.000,9999.000,9999.000
202604191400,   4.692,   6.149,   0.800,   0.657,   6.149,   0.800,   6.149,   0.900,   6.249
202604191406,   4.804,   6.277,9999.000,9999.000,9999.000,9999.000,9999.000,9999.000,9999.000
202604191412,   4.908,   6.136,9999.000,9999.000,9999.000,9999.000,9999.000,9999.000,9999.000
202604191418,   5.003,   6.189,9999.000,9999.000,9999.000,9999.000,9999.000,9999.000,9999.000
202604191424,   5.091,   6.209,9999.000,9999.000,9999.000,9999.000,9999.000,9999.000,9999.000
202604191430,   5.170,   6.218,9999.000,9999.000,9999.000,9999.000,9999.000,9999.000,9999.000
202604191436,   5.240,   6.277,9999.000,9999.000,9999.000,9999.000,9999.000,9999.000,9999.000
202604191442,   5.303,   6.297,9999.000,9999.000,9999.000,9999.000,9999.000,9999.000,9999.000
202604191448,   5.357,   6.317,9999.000,9999.000,9999.000,9999.000,9999.000,9999.000,9999.000
202604191454,   5.403,   6.327,9999.000,9999.000,9999.000,9999.000,9999.000,9999.000,9999.000
202604191500,   5.441,   6.477,   0.700,   0.336,   6.477,   0.600,   6.377,   0.800,   6.577
202604191506,   5.471,   6.507,9999.000,9999.000,9999.000,9999.000,9999.000,9999.000,9999.000
202604191512,   5.492,   6.359,9999.000,9999.000,9999.000,9999.000,9999.000,9999.000,9999.000
202604191518,   5.506,   6.369,9999.000,9999.000,9999.000,9999.000,9999.000,9999.000,9999.000
202604191524,   5.513,   6.336,9999.000,9999.000,9999.000,9999.000,9999.000,9999.000,9999.000
202604191530,   5.511,   6.297,9999.000,9999.000,9999.000,9999.000,9999.000,9999.000,9999.000
202604191536,   5.502,   6.228,9999.000,9999.000,9999.000,9999.000,9999.000,9999.000,9999.000
202604191542,   5.486,   6.149,9999.000,9999.000,9999.000,9999.000,9999.000,9999.000,9999.000
202604191548,   5.463,   6.048,9999.000,9999.000,9999.000,9999.000,9999.000,9999.000,9999.000
202604191554,   5.433,   5.959,9999.000,9999.000,9999.000,9999.000,9999.000,9999.000,9999.000
202604191600,   5.396,   5.959,   0.500,   0.063,   5.959,   0.400,   5.859,   0.700,   6.159
202604191606,   5.352,   5.877,9999.000,9999.000,9999.000,9999.000,9999.000,9999.000,9999.000
202604191612,   5.301,   5.730,9999.000,9999.000,9999.000,9999.000,9999.000,9999.000,9999.000
202604191618,   5.245,   5.638,9999.000,9999.000,9999.000,9999.000,9999.000,9999.000,9999.000
202604191624,   5.182,   5.516,9999.000,9999.000,9999.000,9999.000,9999.000,9999.000,9999.000
202604191630,   5.113,   5.379,9999.000,9999.000,9999.000,9999.000,9999.000,9999.000,9999.000
202604191636,   5.039,   5.228,9999.000,9999.000,9999.000,9999.000,9999.000,9999.000,9999.000
202604191642,   4.959,   5.110,9999.000,9999.000,9999.000,9999.000,9999.000,9999.000,9999.000
202604191648,   4.873,   5.008,9999.000,9999.000,9999.000,9999.000,9999.000,9999.000,9999.000
202604191654,   4.783,   4.877,9999.000,9999.000,9999.000,9999.000,9999.000,9999.000,9999.000
202604191700,   4.687,   4.769,   0.300,  -0.218,   4.769,   0.200,   4.669,   0.500,   4.969
202604191706,   4.587,   4.729,9999.000,9999.000,9999.000,9999.000,9999.000,9999.000,9999.000
202604191712,   4.483,   4.578,9999.000,9999.000,9999.000,9999.000,9999.000,9999.000,9999.000
202604191718,   4.375,   4.480,9999.000,9999.000,9999.000,9999.000,9999.000,9999.000,9999.000
202604191724,   4.262,   4.368,9999.000,9999.000,9999.000,9999.000,9999.000,9999.000,9999.000
202604191730,   4.146,   4.208,9999.000,9999.000,9999.000,9999.000,9999.000,9999.000,9999.000
202604191736,   4.027,   4.027,9999.000,9999.000,9999.000,9999.000,9999.000,9999.000,9999.000
202604191742,   3.905,   3.827,9999.000,9999.000,9999.000,9999.000,9999.000,9999.000,9999.000
202604191748,   3.779,   3.617,9999.000,9999.000,9999.000,9999.000,9999.000,9999.000,9999.000
202604191754,   3.651,   3.427,9999.000,9999.000,9999.000,9999.000,9999.000,9999.000,9999.000
202604191800,   3.521,   3.260,   0.500,  -0.761,   3.260,   0.200,   2.960,   0.700,   3.460
202604191806,   3.388,   3.119,9999.000,9999.000,9999.000,9999.000,9999.000,9999.000,9999.000
202604191812,   3.254,   2.968,9999.000,9999.000,9999.000,9999.000,9999.000,9999.000,9999.000
202604191818,   3.118,   2.840,9999.000,9999.000,9999.000,9999.000,9999.000,9999.000,9999.000
202604191824,   2.980,   2.728,9999.000,9999.000,9999.000,9999.000,9999.000,9999.000,9999.000
202604191830,   2.842,   2.620,9999.000,9999.000,9999.000,9999.000,9999.000,9999.000,9999.000
202604191836,   2.702,   2.499,9999.000,9999.000,9999.000,9999.000,9999.000,9999.000,9999.000
202604191842,   2.562,   2.368,9999.000,9999.000,9999.000,9999.000,9999.000,9999.000,9999.000
202604191848,   2.421,   2.269,9999.000,9999.000,9999.000,9999.000,9999.000,9999.000,9999.000
202604191854,   2.281,   2.138,9999.000,9999.000,9999.000,9999.000,9999.000,9999.000,9999.000
202604191900,   2.140,   2.000,   0.400,  -0.540,   2.000,   0.100,   1.700,   0.600,   2.200
202604191906,   2.000,   1.889,9999.000,9999.000,9999.000,9999.000,9999.000,9999.000,9999.000
202604191912,   1.860,   1.738,9999.000,9999.000,9999.000,9999.000,9999.000,9999.000,9999.000
202604191918,   1.721,   1.620,9999.000,9999.000,9999.000,9999.000,9999.000,9999.000,9999.000
202604191924,   1.583,   1.508,9999.000,9999.000,9999.000,9999.000,9999.000,9999.000,9999.000
202604191930,   1.447,   1.420,9999.000,9999.000,9999.000,9999.000,9999.000,9999.000,9999.000
202604191936,   1.312,   1.328,9999.000,9999.000,9999.000,9999.000,9999.000,9999.000,9999.000
202604191942,   1.180,   1.229,9999.000,9999.000,9999.000,9999.000,9999.000,9999.000,9999.000
202604191948,   1.050,   1.128,9999.000,9999.000,9999.000,9999.000,9999.000,9999.000,9999.000
202604191954,   0.922,   1.020,9999.000,9999.000,9999.000,9999.000,9999.000,9999.000,9999.000
202604192000,   0.798,   0.928,   0.300,  -0.170,   0.928,   0.000,   0.628,   0.500,   1.128
202604192006,   0.676,   0.800,9999.000,9999.000,9999.000,9999.000,9999.000,9999.000,9999.000
202604192012,   0.559,   0.649,9999.000,9999.000,9999.000,9999.000,9999.000,9999.000,9999.000
202604192018,   0.445,   0.551,9999.000,9999.000,9999.000,9999.000,9999.000,9999.000,9999.000
202604192024,   0.336,   0.449,9999.000,9999.000,9999.000,9999.000,9999.000,9999.000,9999.000
202604192030,   0.232,   0.350,9999.000,9999.000,9999.000,9999.000,9999.000,9999.000,9999.000
202604192036,   0.133,   0.259,9999.000,9999.000,9999.000,9999.000,9999.000,9999.000,9999.000
202604192042,   0.040,   0.180,9999.000,9999.000,9999.000,9999.000,9999.000,9999.000,9999.000
202604192048,  -0.046,   0.121,9999.000,9999.000,9999.000,9999.000,9999.000,9999.000,9999.000
202604192054,  -0.126,   0.049,9999.000,9999.000,9999.000,9999.000,9999.000,9999.000,9999.000
202604192100,  -0.200,   0.078,   0.300,  -0.022,   0.078,   0.100,  -0.122,   0.400,   0.178
202604192106,  -0.266,   0.049,9999.000,9999.000,9999.000,9999.000,9999.000,9999.000,9999.000
202604192112,  -0.324,  -0.098,9999.000,9999.000,9999.000,9999.000,9999.000,9999.000,9999.000
202604192118,  -0.374,  -0.141,9999.000,9999.000,9999.000,9999.000,9999.000,9999.000,9999.000
202604192124,  -0.416,  -0.170,9999.000,9999.000,9999.000,9999.000,9999.000,9999.000,9999.000
202604192130,  -0.448,  -0.200,9999.000,9999.000,9999.000,9999.000,9999.000,9999.000,9999.000
202604192136,  -0.470,  -0.239,9999.000,9999.000,9999.000,9999.000,9999.000,9999.000,9999.000
202604192142,  -0.483,  -0.219,9999.000,9999.000,9999.000,9999.000,9999.000,9999.000,9999.000
202604192148,  -0.485,  -0.170,9999.000,9999.000,9999.000,9999.000,9999.000,9999.000,9999.000
202604192154,  -0.477,  -0.078,9999.000,9999.000,9999.000,9999.000,9999.000,9999.000,9999.000
202604192200,  -0.458,   0.390,   0.300,   0.548,   0.390,   0.200,   0.290,   0.400,   0.490
202604192206,  -0.429,   0.560,9999.000,9999.000,9999.000,9999.000,9999.000,9999.000,9999.000
202604192212,  -0.388,   0.409,9999.000,9999.000,9999.000,9999.000,9999.000,9999.000,9999.000
202604192218,  -0.337,   0.551,9999.000,9999.000,9999.000,9999.000,9999.000,9999.000,9999.000
202604192224,  -0.274,   0.669,9999.000,9999.000,9999.000,9999.000,9999.000,9999.000,9999.000
202604192230,  -0.201,   0.810,9999.000,9999.000,9999.000,9999.000,9999.000,9999.000,9999.000
202604192236,  -0.118,   0.941,9999.000,9999.000,9999.000,9999.000,9999.000,9999.000,9999.000
202604192242,  -0.024,   1.069,9999.000,9999.000,9999.000,9999.000,9999.000,9999.000,9999.000
202604192248,   0.079,   1.220,9999.000,9999.000,9999.000,9999.000,9999.000,9999.000,9999.000
202604192254,   0.192,   1.400,9999.000,9999.000,9999.000,9999.000,9999.000,9999.000,9999.000
202604192300,   0.315,   1.889,   0.400,   1.174,   1.889,   0.300,   1.789,   0.500,   1.989
202604192306,   0.446,   2.089,9999.000,9999.000,9999.000,9999.000,9999.000,9999.000,9999.000
202604192312,   0.586,   1.938,9999.000,9999.000,9999.000,9999.000,9999.000,9999.000,9999.000
202604192318,   0.734,   2.138,9999.000,9999.000,9999.000,9999.000,9999.000,9999.000,9999.000
202604192324,   0.889,   2.358,9999.000,9999.000,9999.000,9999.000,9999.000,9999.000,9999.000
202604192330,   1.051,   2.597,9999.000,9999.000,9999.000,9999.000,9999.000,9999.000,9999.000
202604192336,   1.219,   2.807,9999.000,9999.000,9999.000,9999.000,9999.000,9999.000,9999.000
202604192342,   1.393,   3.007,9999.000,9999.000,9999.000,9999.000,9999.000,9999.000,9999.000
202604192348,   1.573,   3.197,9999.000,9999.000,9999.000,9999.000,9999.000,9999.000,9999.000
202604192354,   1.758,   3.358,9999.000,9999.000,9999.000,9999.000,9999.000,9999.000,9999.000
202604200000,   1.947,   3.827,   0.500,   1.380,   3.827,   0.400,   3.727,   0.600,   3.927
202604200006,   2.140,   3.998,9999.000,9999.000,9999.000,9999.000,9999.000,9999.000,9999.000
202604200012,   2.337,   3.847,9999.000,9999.000,9999.000,9999.000,9999.000,9999.000,9999.000
202604200018,   2.537,   4.017,9999.000,9999.000,9999.000,9999.000,9999.000,9999.000,9999.000
202604200024,   2.740,   4.218,9999.000,9999.000,9999.000,9999.000,9999.000,9999.000,9999.000
202604200030,   2.945,   4.398,9999.000,9999.000,9999.000,9999.000,9999.000,9999.000,9999.000
202604200036,   3.151,   4.578,9999.000,9999.000,9999.000,9999.000,9999.000,9999.000,9999.000
202604200042,   3.359,   4.769,9999.000,9999.000,9999.000,9999.000,9999.000,9999.000,9999.000
202604200048,   3.567,   4.939,9999.000,9999.000,9999.000,9999.000,9999.000,9999.000,9999.000
202604200054,   3.775,   5.087,9999.000,9999.000,9999.000,9999.000,9999.000,9999.000,9999.000
202604200100,   3.982,   5.530,   0.600,   0.948,   5.530,   0.500,   5.430,   0.600,   5.530
202604200106,   4.187,   5.707,9999.000,9999.000,9999.000,9999.000,9999.000,9999.000,9999.000
202604200112,   4.390,   5.559,9999.000,9999.000,9999.000,9999.000,9999.000,9999.000,9999.000
202604200118,   4.591,   5.739,9999.000,9999.000,9999.000,9999.000,9999.000,9999.000,9999.000
202604200124,   4.787,   5.940,9999.000,9999.000,9999.000,9999.000,9999.000,9999.000,9999.000
202604200130,   4.979,   6.097,9999.000,9999.000,9999.000,9999.000,9999.000,9999.000,9999.000
202604200136,   5.166,   6.238,9999.000,9999.000,9999.000,9999.000,9999.000,9999.000,9999.000
202604200142,   5.347,   6.359,9999.000,9999.000,9999.000,9999.000,9999.000,9999.000,9999.000
202604200148,   5.521,   6.468,9999.000,9999.000,9999.000,9999.000,9999.000,9999.000,9999.000
202604200154,   5.689,   6.589,9999.000,9999.000,9999.000,9999.000,9999.000,9999.000,9999.000
202604200200,   5.849,   6.979,   0.600,   0.530,   6.979,   0.500,   6.879,   0.700,   7.079
202604200206,   6.001,   7.058,9999.000,9999.000,9999.000,9999.000,9999.000,9999.000,9999.000
202604200212,   6.145,   6.907,9999.000,9999.000,9999.000,9999.000,9999.000,9999.000,9999.000
202604200218,   6.280,   6.989,9999.000,9999.000,9999.000,9999.000,9999.000,9999.000,9999.000
202604200224,   6.406,   7.068,9999.000,9999.000,9999.000,9999.000,9999.000,9999.000,9999.000
202604200230,   6.523,   7.147,9999.000,9999.000,9999.000,9999.000,9999.000,9999.000,9999.000
202604200236,   6.631,   7.248,9999.000,9999.000,9999.000,9999.000,9999.000,9999.000,9999.000
202604200242,   6.729,   7.347,9999.000,9999.000,9999.000,9999.000,9999.000,9999.000,9999.000
202604200248,   6.819,   7.439,9999.000,9999.000,9999.000,9999.000,9999.000,9999.000,9999.000
202604200254,   6.899,   7.498,9999.000,9999.000,9999.000,9999.000,9999.000,9999.000,9999.000
202604200300,   6.969,   7.767,   0.600,   0.198,   7.767,   0.400,   7.567,   0.700,   7.867
202604200306,   7.031,   7.829,9999.000,9999.000,9999.000,9999.000,9999.000,9999.000,9999.000
202604200312,   7.083,   7.678,9999.000,9999.000,9999.000,9999.000,9999.000,9999.000,9999.000
202604200318,   7.126,   7.717,9999.000,9999.000,9999.000,9999.000,9999.000,9999.000,9999.000
202604200324,   7.160,   7.737,9999.000,9999.000,9999.000,9999.000,9999.000,9999.000,9999.000
202604200330,   7.185,   7.747,9999.000,9999.000,9999.000,9999.000,9999.000,9999.000,9999.000
202604200336,   7.202,   7.757,9999.000,9999.000,9999.000,9999.000,9999.000,9999.000,9999.000
202604200342,   7.210,   7.747,9999.000,9999.000,9999.000,9999.000,9999.000,9999.000,9999.000
202604200348,   7.210,   7.737,9999.000,9999.000,9999.000,9999.000,9999.000,9999.000,9999.000
202604200354,   7.201,   7.747,9999.000,9999.000,9999.000,9999.000,9999.000,9999.000,9999.000
202604200400,   7.185,   7.858,   0.500,   0.173,   7.858,   0.400,   7.758,   0.600,   7.958
202604200406,   7.160,   7.819,9999.000,9999.000,9999.000,9999.000,9999.000,9999.000,9999.000
202604200412,   7.128,   7.668,9999.000,9999.000,9999.000,9999.000,9999.000,9999.000,9999.000
202604200418,   7.088,   7.619,9999.000,9999.000,9999.000,9999.000,9999.000,9999.000,9999.000
202604200424,   7.040,   7.537,9999.000,9999.000,9999.000,9999.000,9999.000,9999.000,9999.000
202604200430,   6.985,   7.429,9999.000,9999.000,9999.000,9999.000,9999.000,9999.000,9999.000
202604200436,   6.923,   7.297,9999.000,9999.000,9999.000,9999.000,9999.000,9999.000,9999.000
202604200442,   6.855,   7.199,9999.000,9999.000,9999.000,9999.000,9999.000,9999.000,9999.000
202604200448,   6.779,   7.097,9999.000,9999.000,9999.000,9999.000,9999.000,9999.000,9999.000
202604200454,   6.697,   6.989,9999.000,9999.000,9999.000,9999.000,9999.000,9999.000,9999.000
202604200500,   6.608,   6.878,   0.500,  -0.230,   6.878,   0.400,   6.778,   0.600,   6.978
202604200506,   6.514,   6.756,9999.000,9999.000,9999.000,9999.000,9999.000,9999.000,9999.000
202604200512,   6.413,   6.609,9999.000,9999.000,9999.000,9999.000,9999.000,9999.000,9999.000
202604200518,   6.307,   6.487,9999.000,9999.000,9999.000,9999.000,9999.000,9999.000,9999.000
202604200524,   6.195,   6.369,9999.000,9999.000,9999.000,9999.000,9999.000,9999.000,9999.000
202604200530,   6.079,   6.268,9999.000,9999.000,9999.000,9999.000,9999.000,9999.000,9999.000
202604200536,   5.957,   6.159,9999.000,9999.000,9999.000,9999.000,9999.000,9999.000,9999.000
202604200542,   5.830,   6.028,9999.000,9999.000,9999.000,9999.000,9999.000,9999.000,9999.000
202604200548,   5.699,   5.887,9999.000,9999.000,9999.000,9999.000,9999.000,9999.000,9999.000
202604200554,   5.564,   5.749,9999.000,9999.000,9999.000,9999.000,9999.000,9999.000,9999.000
202604200600,   5.426,   5.589,   0.500,  -0.337,   5.589,   0.400,   5.489,   0.500,   5.589
202604200606,   5.283,   5.379,9999.000,9999.000,9999.000,9999.000,9999.000,9999.000,9999.000
202604200612,   5.137,   5.228,9999.000,9999.000,9999.000,9999.000,9999.000,9999.000,9999.000
202604200618,   4.988,   5.067,9999.000,9999.000,9999.000,9999.000,9999.000,9999.000,9999.000
202604200624,   4.836,   4.919,9999.000,9999.000,9999.000,9999.000,9999.000,9999.000,9999.000
202604200630,   4.681,   4.828,9999.000,9999.000,9999.000,9999.000,9999.000,9999.000,9999.000
202604200636,   4.524,   4.710,9999.000,9999.000,9999.000,9999.000,9999.000,9999.000,9999.000
202604200642,   4.365,   4.588,9999.000,9999.000,9999.000,9999.000,9999.000,9999.000,9999.000
202604200648,   4.204,   4.427,9999.000,9999.000,9999.000,9999.000,9999.000,9999.000,9999.000
202604200654,   4.042,   4.257,9999.000,9999.000,9999.000,9999.000,9999.000,9999.000,9999.000
202604200700,   3.878,   4.119,   0.400,  -0.159,   4.119,   0.400,   4.119,   0.500,   4.219
202604200706,   3.714,   3.978,9999.000,9999.000,9999.000,9999.000,9999.000,9999.000,9999.000
202604200712,   3.548,   3.827,9999.000,9999.000,9999.000,9999.000,9999.000,9999.000,9999.000
202604200718,   3.382,   3.689,9999.000,9999.000,9999.000,9999.000,9999.000,9999.000,9999.000
202604200724,   3.216,   3.548,9999.000,9999.000,9999.000,9999.000,9999.000,9999.000,9999.000
202604200730,   3.049,   3.407,9999.000,9999.000,9999.000,9999.000,9999.000,9999.000,9999.000
202604200736,   2.883,   3.250,9999.000,9999.000,9999.000,9999.000,9999.000,9999.000,9999.000
202604200742,   2.718,   3.119,9999.000,9999.000,9999.000,9999.000,9999.000,9999.000,9999.000
202604200748,   2.553,   2.978,9999.000,9999.000,9999.000,9999.000,9999.000,9999.000,9999.000
202604200754,   2.389,   2.840,9999.000,9999.000,9999.000,9999.000,9999.000,9999.000,9999.000
202604200800,   2.227,   2.748,   0.400,   0.121,   2.748,   0.400,   2.748,   0.400,   2.748
202604200806,   2.067,   2.630,9999.000,9999.000,9999.000,9999.000,9999.000,9999.000,9999.000
202604200812,   1.908,   2.479,9999.000,9999.000,9999.000,9999.000,9999.000,9999.000,9999.000
202604200818,   1.752,   2.358,9999.000,9999.000,9999.000,9999.000,9999.000,9999.000,9999.000
202604200824,   1.598,   2.240,9999.000,9999.000,9999.000,9999.000,9999.000,9999.000,9999.000
202604200830,   1.448,   2.109,9999.000,9999.000,9999.000,9999.000,9999.000,9999.000,9999.000
202604200836,   1.300,   1.990,9999.000,9999.000,9999.000,9999.000,9999.000,9999.000,9999.000
202604200842,   1.156,   1.879,9999.000,9999.000,9999.000,9999.000,9999.000,9999.000,9999.000
202604200848,   1.017,   1.748,9999.000,9999.000,9999.000,9999.000,9999.000,9999.000,9999.000
202604200854,   0.881,   1.639,9999.000,9999.000,9999.000,9999.000,9999.000,9999.000,9999.000
202604200900,   0.750,   1.538,   0.400,   0.388,   1.538,   0.400,   1.538,   0.500,   1.638
202604200906,   0.625,   1.430,9999.000,9999.000,9999.000,9999.000,9999.000,9999.000,9999.000
202604200912,   0.505,   1.279,9999.000,9999.000,9999.000,9999.000,9999.000,9999.000,9999.000
202604200918,   0.390,   1.170,9999.000,9999.000,9999.000,9999.000,9999.000,9999.000,9999.000
202604200924,   0.282,   1.059,9999.000,9999.000,9999.000,9999.000,9999.000,9999.000,9999.000
202604200930,   0.180,   0.951,9999.000,9999.000,9999.000,9999.000,9999.000,9999.000,9999.000
202604200936,   0.085,   0.849,9999.000,9999.000,9999.000,9999.000,9999.000,9999.000,9999.000
202604200942,  -0.001,   0.751,9999.000,9999.000,9999.000,9999.000,9999.000,9999.000,9999.000
202604200948,  -0.082,   0.659,9999.000,9999.000,9999.000,9999.000,9999.000,9999.000,9999.000
202604200954,  -0.154,   0.570,9999.000,9999.000,9999.000,9999.000,9999.000,9999.000,9999.000
202604201000,  -0.218,   0.478,   0.400,   0.296,   0.478,   0.400,   0.478,   0.500,   0.578
202604201006,  -0.274,   0.478,9999.000,9999.000,9999.000,9999.000,9999.000,9999.000,9999.000
202604201012,  -0.321,   0.331,9999.000,9999.000,9999.000,9999.000,9999.000,9999.000,9999.000
202604201018,  -0.360,   0.259,9999.000,9999.000,9999.000,9999.000,9999.000,9999.000,9999.000
202604201024,  -0.390,   0.200,9999.000,9999.000,9999.000,9999.000,9999.000,9999.000,9999.000
202604201030,  -0.410,   0.131,9999.000,9999.000,9999.000,9999.000,9999.000,9999.000,9999.000
202604201036,  -0.422,   0.078,9999.000,9999.000,9999.000,9999.000,9999.000,9999.000,9999.000
202604201042,  -0.424,   0.019,9999.000,9999.000,9999.000,9999.000,9999.000,9999.000,9999.000
202604201048,  -0.418,   0.000,9999.000,9999.000,9999.000,9999.000,9999.000,9999.000,9999.000
202604201054,  -0.402,  -0.019,9999.000,9999.000,9999.000,9999.000,9999.000,9999.000,9999.000
202604201100,  -0.377,   0.141,   0.400,   0.118,   0.141,   0.400,   0.141,   0.500,   0.241
202604201106,  -0.344,   0.180,9999.000,9999.000,9999.000,9999.000,9999.000,9999.000,9999.000
202604201112,  -0.301,   0.029,9999.000,9999.000,9999.000,9999.000,9999.000,9999.000,9999.000
202604201118,  -0.250,   0.098,9999.000,9999.000,9999.000,9999.000,9999.000,9999.000,9999.000
202604201124,  -0.191,   0.219,9999.000,9999.000,9999.000,9999.000,9999.000,9999.000,9999.000
202604201130,  -0.124,   0.350,9999.000,9999.000,9999.000,9999.000,9999.000,9999.000,9999.000
202604201136,  -0.048,   0.488,9999.000,9999.000,9999.000,9999.000,9999.000,9999.000,9999.000
202604201142,   0.034,   0.629,9999.000,9999.000,9999.000,9999.000,9999.000,9999.000,9999.000
202604201148,   0.124,   0.760,9999.000,9999.000,9999.000,9999.000,9999.000,9999.000,9999.000
202604201154,   0.221,   0.908,9999.000,9999.000,9999.000,9999.000,9999.000,9999.000,9999.000
202604201200,   0.325,   1.400,   0.400,   0.675,   1.400,   0.400,   1.400,   0.400,   1.400
202604201206,   0.435,   1.538,9999.000,9999.000,9999.000,9999.000,9999.000,9999.000,9999.000
202604201212,   0.552,   1.390,9999.000,9999.000,9999.000,9999.000,9999.000,9999.000,9999.000
202604201218,   0.674,   1.518,9999.000,9999.000,9999.000,9999.000,9999.000,9999.000,9999.000
202604201224,   0.802,   1.659,9999.000,9999.000,9999.000,9999.000,9999.000,9999.000,9999.000
202604201230,   0.935,   1.820,9999.000,9999.000,9999.000,9999.000,9999.000,9999.000,9999.000
202604201236,   1.074,   1.958,9999.000,9999.000,9999.000,9999.000,9999.000,9999.000,9999.000
202604201242,   1.217,   2.109,9999.000,9999.000,9999.000,9999.000,9999.000,9999.000,9999.000
202604201248,   1.364,   2.259,9999.000,9999.000,9999.000,9999.000,9999.000,9999.000,9999.000
202604201254,   1.515,   2.410,9999.000,9999.000,9999.000,9999.000,9999.000,9999.000,9999.000
202604201300,   1.670,   2.860,   0.400,   0.790,   2.860,   0.300,   2.760,   0.400,   2.860
202604201306,   1.828,   3.017,9999.000,9999.000,9999.000,9999.000,9999.000,9999.000,9999.000
202604201312,   1.989,   2.869,9999.000,9999.000,9999.000,9999.000,9999.000,9999.000,9999.000
202604201318,   2.153,   3.007,9999.000,9999.000,9999.000,9999.000,9999.000,9999.000,9999.000
202604201324,   2.318,   3.158,9999.000,9999.000,9999.000,9999.000,9999.000,9999.000,9999.000
202604201330,   2.483,   3.309,9999.000,9999.000,9999.000,9999.000,9999.000,9999.000,9999.000
202604201336,   2.650,   3.450,9999.000,9999.000,9999.000,9999.000,9999.000,9999.000,9999.000
202604201342,   2.815,   3.598,9999.000,9999.000,9999.000,9999.000,9999.000,9999.000,9999.000
202604201348,   2.980,   3.729,9999.000,9999.000,9999.000,9999.000,9999.000,9999.000,9999.000
202604201354,   3.143,   3.870,9999.000,9999.000,9999.000,9999.000,9999.000,9999.000,9999.000
202604201400,   3.303,   4.280,   0.300,   0.677,   4.280,   0.300,   4.280,   0.400,   4.380
202604201406,   3.460,   4.408,9999.000,9999.000,9999.000,9999.000,9999.000,9999.000,9999.000
202604201412,   3.612,   4.257,9999.000,9999.000,9999.000,9999.000,9999.000,9999.000,9999.000
202604201418,   3.760,   4.408,9999.000,9999.000,9999.000,9999.000,9999.000,9999.000,9999.000
202604201424,   3.903,   4.549,9999.000,9999.000,9999.000,9999.000,9999.000,9999.000,9999.000
202604201430,   4.040,   4.667,9999.000,9999.000,9999.000,9999.000,9999.000,9999.000,9999.000
202604201436,   4.171,   4.778,9999.000,9999.000,9999.000,9999.000,9999.000,9999.000,9999.000
202604201442,   4.295,   4.857,9999.000,9999.000,9999.000,9999.000,9999.000,9999.000,9999.000
202604201448,   4.411,   4.939,9999.000,9999.000,9999.000,9999.000,9999.000,9999.000,9999.000
202604201454,   4.521,   5.038,9999.000,9999.000,9999.000,9999.000,9999.000,9999.000,9999.000
202604201500,   4.623,   5.379,   0.300,   0.456,   5.379,   0.300,   5.379,   0.300,   5.379
202604201506,   4.717,   5.467,9999.000,9999.000,9999.000,9999.000,9999.000,9999.000,9999.000
202604201512,   4.804,   5.320,9999.000,9999.000,9999.000,9999.000,9999.000,9999.000,9999.000
202604201518,   4.883,   5.398,9999.000,9999.000,9999.000,9999.000,9999.000,9999.000,9999.000
202604201524,   4.954,   5.487,9999.000,9999.000,9999.000,9999.000,9999.000,9999.000,9999.000
202604201530,   5.017,   5.598,9999.000,9999.000,9999.000,9999.000,9999.000,9999.000,9999.000
202604201536,   5.072,   5.749,9999.000,9999.000,9999.000,9999.000,9999.000,9999.000,9999.000
202604201542,   5.120,   5.867,9999.000,9999.000,9999.000,9999.000,9999.000,9999.000,9999.000
202604201548,   5.160,   5.949,9999.000,9999.000,9999.000,9999.000,9999.000,9999.000,9999.000
202604201554,   5.193,   5.949,9999.000,9999.000,9999.000,9999.000,9999.000,9999.000,9999.000
202604201600,   5.218,   5.887,   0.300,   0.369,   5.887,   0.200,   5.787,   0.300,   5.887
202604201606,   5.236,   5.940,9999.000,9999.000,9999.000,9999.000,9999.000,9999.000,9999.000
202604201612,   5.247,   5.789,9999.000,9999.000,9999.000,9999.000,9999.000,9999.000,9999.000
202604201618,   5.250,   5.749,9999.000,9999.000,9999.000,9999.000,9999.000,9999.000,9999.000
202604201624,   5.247,   5.697,9999.000,9999.000,9999.000,9999.000,9999.000,9999.000,9999.000
202604201630,   5.236,   5.618,9999.000,9999.000,9999.000,9999.000,9999.000,9999.000,9999.000
202604201636,   5.219,   5.589,9999.000,9999.000,9999.000,9999.000,9999.000,9999.000,9999.000
202604201642,   5.195,   5.608,9999.000,9999.000,9999.000,9999.000,9999.000,9999.000,9999.000
202604201648,   5.165,   5.618,9999.000,9999.000,9999.000,9999.000,9999.000,9999.000,9999.000
202604201654,   5.128,   5.628,9999.000,9999.000,9999.000,9999.000,9999.000,9999.000,9999.000
202604201700,   5.086,   5.759,   0.200,   0.473,   5.759,   0.200,   5.759,   0.300,   5.859
202604201706,   5.037,   5.608,9999.000,9999.000,9999.000,9999.000,9999.000,9999.000,9999.000
202604201712,   4.982,   5.530,9999.000,9999.000,9999.000,9999.000,9999.000,9999.000,9999.000
202604201718,   4.922,   5.379,9999.000,9999.000,9999.000,9999.000,9999.000,9999.000,9999.000
202604201724,   4.856,   5.129,9999.000,9999.000,9999.000,9999.000,9999.000,9999.000,9999.000
202604201730,   4.784,   5.038,9999.000,9999.000,9999.000,9999.000,9999.000,9999.000,9999.000
202604201736,   4.708,   5.008,9999.000,9999.000,9999.000,9999.000,9999.000,9999.000,9999.000
202604201742,   4.627,   4.949,9999.000,9999.000,9999.000,9999.000,9999.000,9999.000,9999.000
202604201748,   4.541,   4.877,9999.000,9999.000,9999.000,9999.000,9999.000,9999.000,9999.000
202604201754,   4.450,   4.847,9999.000,9999.000,9999.000,9999.000,9999.000,9999.000,9999.000
202604201800,   4.356,   4.578,   0.300,  -0.078,   4.578,   0.200,   4.478,   0.300,   4.578
202604201806,   4.257,   4.500,9999.000,9999.000,9999.000,9999.000,9999.000,9999.000,9999.000
202604201812,   4.154,   4.349,9999.000,9999.000,9999.000,9999.000,9999.000,9999.000,9999.000
202604201818,   4.048,   4.208,9999.000,9999.000,9999.000,9999.000,9999.000,9999.000,9999.000
202604201824,   3.939,   3.998,9999.000,9999.000,9999.000,9999.000,9999.000,9999.000,9999.000
202604201830,   3.827,   4.008,9999.000,9999.000,9999.000,9999.000,9999.000,9999.000,9999.000
202604201836,   3.711,   3.860,9999.000,9999.000,9999.000,9999.000,9999.000,9999.000,9999.000
202604201842,   3.593,   3.808,9999.000,9999.000,9999.000,9999.000,9999.000,9999.000,9999.000
202604201848,   3.473,   3.539,9999.000,9999.000,9999.000,9999.000,9999.000,9999.000,9999.000
202604201854,   3.351,   3.427,9999.000,9999.000,9999.000,9999.000,9999.000,9999.000,9999.000
202604201900,   3.226,   3.358,   0.200,  -0.068,   3.358,   0.200,   3.358,   0.300,   3.458
202604201906,   3.101,   3.217,9999.000,9999.000,9999.000,9999.000,9999.000,9999.000,9999.000
202604201912,   2.973,   3.070,9999.000,9999.000,9999.000,9999.000,9999.000,9999.000,9999.000
202604201918,   2.845,   2.919,9999.000,9999.000,9999.000,9999.000,9999.000,9999.000,9999.000
202604201924,   2.716,   2.778,9999.000,9999.000,9999.000,9999.000,9999.000,9999.000,9999.000
202604201930,   2.586,   2.660,9999.000,9999.000,9999.000,9999.000,9999.000,9999.000,9999.000
202604201936,   2.455,   2.538,9999.000,9999.000,9999.000,9999.000,9999.000,9999.000,9999.000
202604201942,   2.324,   2.400,9999.000,9999.000,9999.000,9999.000,9999.000,9999.000,9999.000
202604201948,   2.194,   2.240,9999.000,9999.000,9999.000,9999.000,9999.000,9999.000,9999.000
202604201954,   2.063,   2.109,9999.000,9999.000,9999.000,9999.000,9999.000,9999.000,9999.000
202604202000,   1.934,   2.010,   0.200,  -0.124,   2.010,   0.200,   2.010,   0.200,   2.010
202604202006,   1.805,   1.889,9999.000,9999.000,9999.000,9999.000,9999.000,9999.000,9999.000
202604202012,   1.677,   1.738,9999.000,9999.000,9999.000,9999.000,9999.000,9999.000,9999.000
202604202018,   1.550,   1.610,9999.000,9999.000,9999.000,9999.000,9999.000,9999.000,9999.000
202604202024,   1.425,   1.508,9999.000,9999.000,9999.000,9999.000,9999.000,9999.000,9999.000
202604202030,   1.302,   1.410,9999.000,9999.000,9999.000,9999.000,9999.000,9999.000,9999.000
202604202036,   1.181,   1.298,9999.000,9999.000,9999.000,9999.000,9999.000,9999.000,9999.000
202604202042,   1.062,   1.200,9999.000,9999.000,9999.000,9999.000,9999.000,9999.000,9999.000
202604202048,   0.946,   1.079,9999.000,9999.000,9999.000,9999.000,9999.000,9999.000,9999.000
202604202054,   0.833,   0.961,9999.000,9999.000,9999.000,9999.000,9999.000,9999.000,9999.000
202604202100,   0.724,   0.888,   0.200,  -0.036,   0.888,   0.100,   0.788,   0.200,   0.888
202604202106,   0.618,   0.790,9999.000,9999.000,9999.000,9999.000,9999.000,9999.000,9999.000
202604202112,   0.516,   0.639,9999.000,9999.000,9999.000,9999.000,9999.000,9999.000,9999.000
202604202118,   0.419,   0.518,9999.000,9999.000,9999.000,9999.000,9999.000,9999.000,9999.000
202604202124,   0.327,   0.400,9999.000,9999.000,9999.000,9999.000,9999.000,9999.000,9999.000
202604202130,   0.240,   0.288,9999.000,9999.000,9999.000,9999.000,9999.000,9999.000,9999.000
202604202136,   0.158,   0.180,9999.000,9999.000,9999.000,9999.000,9999.000,9999.000,9999.000
202604202142,   0.082,   0.068,9999.000,9999.000,9999.000,9999.000,9999.000,9999.000,9999.000
202604202148,   0.013,  -0.039,9999.000,9999.000,9999.000,9999.000,9999.000,9999.000,9999.000
202604202154,  -0.049,  -0.121,9999.000,9999.000,9999.000,9999.000,9999.000,9999.000,9999.000
202604202200,  -0.105,  -0.111,   0.100,  -0.106,  -0.111,   0.100,  -0.111,   0.200,  -0.011
202604202206,  -0.152,  -0.141,9999.000,9999.000,9999.000,9999.000,9999.000,9999.000,9999.000
202604202212,  -0.192,  -0.288,9999.000,9999.000,9999.000,9999.000,9999.000,9999.000,9999.000
202604202218,  -0.224,  -0.350,9999.000,9999.000,9999.000,9999.000,9999.000,9999.000,9999.000
202604202224,  -0.247,  -0.419,9999.000,9999.000,9999.000,9999.000,9999.000,9999.000,9999.000
202604202230,  -0.261,  -0.498,9999.000,9999.000,9999.000,9999.000,9999.000,9999.000,9999.000
202604202236,  -0.266,  -0.531,9999.000,9999.000,9999.000,9999.000,9999.000,9999.000,9999.000
202604202242,  -0.261,  -0.518,9999.000,9999.000,9999.000,9999.000,9999.000,9999.000,9999.000
202604202248,  -0.246,  -0.518,9999.000,9999.000,9999.000,9999.000,9999.000,9999.000,9999.000
202604202254,  -0.222,  -0.488,9999.000,9999.000,9999.000,9999.000,9999.000,9999.000,9999.000
202604202300,  -0.187,  -0.400,   0.100,  -0.313,  -0.400,   0.000,  -0.500,   0.200,  -0.300
202604202306,  -0.143,   0.029,9999.000,9999.000,9999.000,9999.000,9999.000,9999.000,9999.000
202604202312,  -0.088,  -0.121,9999.000,9999.000,9999.000,9999.000,9999.000,9999.000,9999.000
202604202318,  -0.024,   0.000,9999.000,9999.000,9999.000,9999.000,9999.000,9999.000,9999.000
202604202324,   0.049,   0.141,9999.000,9999.000,9999.000,9999.000,9999.000,9999.000,9999.000
202604202330,   0.132,   0.321,9999.000,9999.000,9999.000,9999.000,9999.000,9999.000,9999.000
202604202336,   0.225,   0.498,9999.000,9999.000,9999.000,9999.000,9999.000,9999.000,9999.000
202604202342,   0.327,   0.678,9999.000,9999.000,9999.000,9999.000,9999.000,9999.000,9999.000
202604202348,   0.437,   0.869,9999.000,9999.000,9999.000,9999.000,9999.000,9999.000,9999.000
202604202354,   0.555,   1.079,9999.000,9999.000,9999.000,9999.000,9999.000,9999.000,9999.000
202604210000,   0.681,   1.538,   0.100,   0.757,   1.538,   0.000,   1.438,   0.200,   1.638
202604210006,   0.815,   1.380,9999.000,9999.000,9999.000,9999.000,9999.000,9999.000,9999.000
202604210012,   0.956,   1.508,9999.000,9999.000,9999.000,9999.000,9999.000,9999.000,9999.000
202604210018,   1.103,   1.659,9999.000,9999.000,9999.000,9999.000,9999.000,9999.000,9999.000
202604210024,   1.257,   1.830,9999.000,9999.000,9999.000,9999.000,9999.000,9999.000,9999.000
202604210030,   1.416,   1.990,9999.000,9999.000,9999.000,9999.000,9999.000,9999.000,9999.000
202604210036,   1.581,   2.128,9999.000,9999.000,9999.000,9999.000,9999.000,9999.000,9999.000
202604210042,   1.751,   2.289,9999.000,9999.000,9999.000,9999.000,9999.000,9999.000,9999.000
202604210048,   1.926,   2.469,9999.000,9999.000,9999.000,9999.000,9999.000,9999.000,9999.000
202604210054,   2.105,   2.640,9999.000,9999.000,9999.000,9999.000,9999.000,9999.000,9999.000
202604210100,   2.287,   3.138,   0.100,   0.751,   3.138,   0.000,   3.038,   0.200,   3.238
202604210106,   2.473,   3.309,9999.000,9999.000,9999.000,9999.000,9999.000,9999.000,9999.000
202604210112,   2.663,   3.158,9999.000,9999.000,9999.000,9999.000,9999.000,9999.000,9999.000
202604210118,   2.855,   3.329,9999.000,9999.000,9999.000,9999.000,9999.000,9999.000,9999.000
202604210124,   3.049,   3.480,9999.000,9999.000,9999.000,9999.000,9999.000,9999.000,9999.000
202604210130,   3.244,   3.627,9999.000,9999.000,9999.000,9999.000,9999.000,9999.000,9999.000
202604210136,   3.441,   3.788,9999.000,9999.000,9999.000,9999.000,9999.000,9999.000,9999.000
202604210142,   3.638,   3.909,9999.000,9999.000,9999.000,9999.000,9999.000,9999.000,9999.000
202604210148,   3.834,   4.057,9999.000,9999.000,9999.000,9999.000,9999.000,9999.000,9999.000
202604210154,   4.030,   4.198,9999.000,9999.000,9999.000,9999.000,9999.000,9999.000,9999.000
202604210200,   4.224,   4.667,   0.100,   0.343,   4.667,   0.000,   4.567,   0.100,   4.667
202604210206,   4.416,   4.837,9999.000,9999.000,9999.000,9999.000,9999.000,9999.000,9999.000
202604210212,   4.605,   4.690,9999.000,9999.000,9999.000,9999.000,9999.000,9999.000,9999.000
202604210218,   4.790,   4.867,9999.000,9999.000,9999.000,9999.000,9999.000,9999.000,9999.000
202604210224,   4.971,   5.028,9999.000,9999.000,9999.000,9999.000,9999.000,9999.000,9999.000
202604210230,   5.146,   5.188,9999.000,9999.000,9999.000,9999.000,9999.000,9999.000,9999.000
202604210236,   5.316,   5.339,9999.000,9999.000,9999.000,9999.000,9999.000,9999.000,9999.000
202604210242,   5.480,   5.477,9999.000,9999.000,9999.000,9999.000,9999.000,9999.000,9999.000
202604210248,   5.636,   5.608,9999.000,9999.000,9999.000,9999.000,9999.000,9999.000,9999.000
202604210254,   5.785,   5.739,9999.000,9999.000,9999.000,9999.000,9999.000,9999.000,9999.000
202604210300,   5.927,   6.169,   0.100,   0.142,   6.169,   0.000,   6.069,   0.100,   6.169
202604210306,   6.061,   6.297,9999.000,9999.000,9999.000,9999.000,9999.000,9999.000,9999.000
202604210312,   6.186,   6.159,9999.000,9999.000,9999.000,9999.000,9999.000,9999.000,9999.000
202604210318,   6.303,   6.268,9999.000,9999.000,9999.000,9999.000,9999.000,9999.000,9999.000
202604210324,   6.411,   6.359,9999.000,9999.000,9999.000,9999.000,9999.000,9999.000,9999.000
202604210330,   6.511,   6.448,9999.000,9999.000,9999.000,9999.000,9999.000,9999.000,9999.000
202604210336,   6.602,   6.517,9999.000,9999.000,9999.000,9999.000,9999.000,9999.000,9999.000
202604210342,   6.684,   6.589,9999.000,9999.000,9999.000,9999.000,9999.000,9999.000,9999.000
202604210348,   6.757,   6.648,9999.000,9999.000,9999.000,9999.000,9999.000,9999.000,9999.000
202604210354,   6.822,   6.707,9999.000,9999.000,9999.000,9999.000,9999.000,9999.000,9999.000
202604210400,   6.878,   6.956,   0.100,  -0.022,   6.956,   0.000,   6.856,   0.100,   6.956
202604210406,   6.926,   7.009,9999.000,9999.000,9999.000,9999.000,9999.000,9999.000,9999.000
202604210412,   6.965,   6.858,9999.000,9999.000,9999.000,9999.000,9999.000,9999.000,9999.000
202604210418,   6.996,   6.897,9999.000,9999.000,9999.000,9999.000,9999.000,9999.000,9999.000
202604210424,   7.019,   6.917,9999.000,9999.000,9999.000,9999.000,9999.000,9999.000,9999.000
202604210430,   7.033,   6.937,9999.000,9999.000,9999.000,9999.000,9999.000,9999.000,9999.000
202604210436,   7.040,   6.966,9999.000,9999.000,9999.000,9999.000,9999.000,9999.000,9999.000
202604210442,   7.039,   7.009,9999.000,9999.000,9999.000,9999.000,9999.000,9999.000,9999.000
202604210448,   7.030,   7.009,9999.000,9999.000,9999.000,9999.000,9999.000,9999.000,9999.000
202604210454,   7.014,   7.009,9999.000,9999.000,9999.000,9999.000,9999.000,9999.000,9999.000
202604210500,   6.990,   7.127,   0.100,   0.037,   7.127,   0.000,   7.027,   0.100,   7.127
202604210506,   6.959,   7.107,9999.000,9999.000,9999.000,9999.000,9999.000,9999.000,9999.000
202604210512,   6.920,   6.956,9999.000,9999.000,9999.000,9999.000,9999.000,9999.000,9999.000
202604210518,   6.875,   6.907,9999.000,9999.000,9999.000,9999.000,9999.000,9999.000,9999.000
202604210524,   6.823,   6.848,9999.000,9999.000,9999.000,9999.000,9999.000,9999.000,9999.000
202604210530,   6.764,   6.766,9999.000,9999.000,9999.000,9999.000,9999.000,9999.000,9999.000
202604210536,   6.699,   6.697,9999.000,9999.000,9999.000,9999.000,9999.000,9999.000,9999.000
202604210542,   6.627,   6.628,9999.000,9999.000,9999.000,9999.000,9999.000,9999.000,9999.000
202604210548,   6.549,   6.537,9999.000,9999.000,9999.000,9999.000,9999.000,9999.000,9999.000
202604210554,   6.465,   6.428,9999.000,9999.000,9999.000,9999.000,9999.000,9999.000,9999.000
202604210600,   6.376,   6.336,   0.100,  -0.140,   6.336,   0.000,   6.236,   0.100,   6.336
202604210606,   6.281,   6.238,9999.000,9999.000,9999.000,9999.000,9999.000,9999.000,9999.000
202604210612,   6.180,   6.087,9999.000,9999.000,9999.000,9999.000,9999.000,9999.000,9999.000
202604210618,   6.075,   5.959,9999.000,9999.000,9999.000,9999.000,9999.000,9999.000,9999.000
202604210624,   5.965,   5.828,9999.000,9999.000,9999.000,9999.000,9999.000,9999.000,9999.000
202604210630,   5.850,   5.677,9999.000,9999.000,9999.000,9999.000,9999.000,9999.000,9999.000
202604210636,   5.730,   5.549,9999.000,9999.000,9999.000,9999.000,9999.000,9999.000,9999.000
202604210642,   5.607,   5.408,9999.000,9999.000,9999.000,9999.000,9999.000,9999.000,9999.000
202604210648,   5.480,   5.277,9999.000,9999.000,9999.000,9999.000,9999.000,9999.000,9999.000
202604210654,   5.349,   5.129,9999.000,9999.000,9999.000,9999.000,9999.000,9999.000,9999.000
202604210700,   5.214,   4.969,   0.100,  -0.345,   4.969,   0.000,   4.869,   0.100,   4.969
202604210706,   5.077,   4.808,9999.000,9999.000,9999.000,9999.000,9999.000,9999.000,9999.000
202604210712,   4.937,   4.657,9999.000,9999.000,9999.000,9999.000,9999.000,9999.000,9999.000
202604210718,   4.794,   4.509,9999.000,9999.000,9999.000,9999.000,9999.000,9999.000,9999.000
202604210724,   4.649,   4.359,9999.000,9999.000,9999.000,9999.000,9999.000,9999.000,9999.000
202604210730,   4.502,   4.208,9999.000,9999.000,9999.000,9999.000,9999.000,9999.000,9999.000
202604210736,   4.353,   4.090,9999.000,9999.000,9999.000,9999.000,9999.000,9999.000,9999.000
202604210742,   4.202,   3.968,9999.000,9999.000,9999.000,9999.000,9999.000,9999.000,9999.000
202604210748,   4.050,   3.860,9999.000,9999.000,9999.000,9999.000,9999.000,9999.000,9999.000
202604210754,   3.897,   3.749,9999.000,9999.000,9999.000,9999.000,9999.000,9999.000,9999.000
202604210800,   3.743,   3.660,   0.100,  -0.183,   3.660,   0.000,   3.560,   0.100,   3.660
202604210806,   3.588,   3.529,9999.000,9999.000,9999.000,9999.000,9999.000,9999.000,9999.000
202604210812,   3.433,   3.378,9999.000,9999.000,9999.000,9999.000,9999.000,9999.000,9999.000
202604210818,   3.278,   3.270,9999.000,9999.000,9999.000,9999.000,9999.000,9999.000,9999.000
202604210824,   3.123,   3.158,9999.000,9999.000,9999.000,9999.000,9999.000,9999.000,9999.000
202604210830,   2.968,   3.050,9999.000,9999.000,9999.000,9999.000,9999.000,9999.000,9999.000
202604210836,   2.814,   2.938,9999.000,9999.000,9999.000,9999.000,9999.000,9999.000,9999.000
202604210842,   2.661,   2.820,9999.000,9999.000,9999.000,9999.000,9999.000,9999.000,9999.000
202604210848,   2.509,   2.699,9999.000,9999.000,9999.000,9999.000,9999.000,9999.000,9999.000
202604210854,   2.358,   2.578,9999.000,9999.000,9999.000,9999.000,9999.000,9999.000,9999.000
202604210900,   2.209,   2.479,   0.100,   0.170,   2.479,   0.000,   2.379,   0.200,   2.579
202604210906,   2.062,   2.358,9999.000,9999.000,9999.000,9999.000,9999.000,9999.000,9999.000
202604210912,   1.917,   2.210,9999.000,9999.000,9999.000,9999.000,9999.000,9999.000,9999.000
202604210918,   1.775,   2.089,9999.000,9999.000,9999.000,9999.000,9999.000,9999.000,9999.000
202604210924,   1.635,   1.967,9999.000,9999.000,9999.000,9999.000,9999.000,9999.000,9999.000
202604210930,   1.498,   1.859,9999.000,9999.000,9999.000,9999.000,9999.000,9999.000,9999.000
202604210936,   1.365,   1.738,9999.000,9999.000,9999.000,9999.000,9999.000,9999.000,9999.000
202604210942,   1.235,   1.639,9999.000,9999.000,9999.000,9999.000,9999.000,9999.000,9999.000
202604210948,   1.110,   1.528,9999.000,9999.000,9999.000,9999.000,9999.000,9999.000,9999.000
202604210954,   0.988,   1.439,9999.000,9999.000,9999.000,9999.000,9999.000,9999.000,9999.000
202604211000,   0.872,   1.318,   0.100,   0.346,   1.318,   0.100,   1.318,   0.200,   1.418
202604211006,   0.760,   1.289,9999.000,9999.000,9999.000,9999.000,9999.000,9999.000,9999.000
202604211012,   0.653,   1.138,9999.000,9999.000,9999.000,9999.000,9999.000,9999.000,9999.000
202604211018,   0.552,   1.039,9999.000,9999.000,9999.000,9999.000,9999.000,9999.000,9999.000
202604211024,   0.457,   0.951,9999.000,9999.000,9999.000,9999.000,9999.000,9999.000,9999.000
202604211030,   0.369,   0.849,9999.000,9999.000,9999.000,9999.000,9999.000,9999.000,9999.000
202604211036,   0.286,   0.780,9999.000,9999.000,9999.000,9999.000,9999.000,9999.000,9999.000
202604211042,   0.211,   0.698,9999.000,9999.000,9999.000,9999.000,9999.000,9999.000,9999.000
202604211048,   0.142,   0.619,9999.000,9999.000,9999.000,9999.000,9999.000,9999.000,9999.000
202604211054,   0.081,   0.551,9999.000,9999.000,9999.000,9999.000,9999.000,9999.000,9999.000
202604211100,   0.027,   0.498,   0.200,   0.271,   0.498,   0.100,   0.398,   0.200,   0.498
202604211106,  -0.018,   0.560,9999.000,9999.000,9999.000,9999.000,9999.000,9999.000,9999.000
202604211112,  -0.057,   0.400,9999.000,9999.000,9999.000,9999.000,9999.000,9999.000,9999.000
202604211118,  -0.088,   0.370,9999.000,9999.000,9999.000,9999.000,9999.000,9999.000,9999.000
202604211124,  -0.110,   0.331,9999.000,9999.000,9999.000,9999.000,9999.000,9999.000,9999.000
202604211130,  -0.125,   0.298,9999.000,9999.000,9999.000,9999.000,9999.000,9999.000,9999.000
202604211136,  -0.132,   0.278,9999.000,9999.000,9999.000,9999.000,9999.000,9999.000,9999.000
202604211142,  -0.130,   0.249,9999.000,9999.000,9999.000,9999.000,9999.000,9999.000,9999.000
202604211148,  -0.121,   0.239,9999.000,9999.000,9999.000,9999.000,9999.000,9999.000,9999.000
202604211154,  -0.104,   0.249,9999.000,9999.000,9999.000,9999.000,9999.000,9999.000,9999.000
202604211200,  -0.079,   0.459,   0.100,   0.438,   0.459,   0.100,   0.459,   0.200,   0.559
202604211206,  -0.046,   0.541,9999.000,9999.000,9999.000,9999.000,9999.000,9999.000,9999.000
202604211212,  -0.006,   0.390,9999.000,9999.000,9999.000,9999.000,9999.000,9999.000,9999.000
202604211218,   0.041,   0.488,9999.000,9999.000,9999.000,9999.000,9999.000,9999.000,9999.000
202604211224,   0.096,   0.580,9999.000,9999.000,9999.000,9999.000,9999.000,9999.000,9999.000
202604211230,   0.159,   0.698,9999.000,9999.000,9999.000,9999.000,9999.000,9999.000,9999.000
202604211236,   0.228,   0.819,9999.000,9999.000,9999.000,9999.000,9999.000,9999.000,9999.000
202604211242,   0.304,   0.941,9999.000,9999.000,9999.000,9999.000,9999.000,9999.000,9999.000
202604211248,   0.386,   1.371,9999.000,9999.000,9999.000,9999.000,9999.000,9999.000,9999.000
202604211254,   0.474,   1.508,9999.000,9999.000,9999.000,9999.000,9999.000,9999.000,9999.000
202604211300,   0.569,   1.679,   0.100,   1.010,   1.679,   0.100,   1.679,   0.200,   1.779
202604211306,   0.670,   1.820,9999.000,9999.000,9999.000,9999.000,9999.000,9999.000,9999.000
202604211312,   0.776,   1.948,9999.000,9999.000,9999.000,9999.000,9999.000,9999.000,9999.000
202604211318,   0.888,   2.079,9999.000,9999.000,9999.000,9999.000,9999.000,9999.000,9999.000
202604211324,   1.005,   2.220,9999.000,9999.000,9999.000,9999.000,9999.000,9999.000,9999.000
202604211330,   1.127,   2.377,9999.000,9999.000,9999.000,9999.000,9999.000,9999.000,9999.000
202604211336,   1.253,   2.528,9999.000,9999.000,9999.000,9999.000,9999.000,9999.000,9999.000
202604211342,   1.385,   2.689,9999.000,9999.000,9999.000,9999.000,9999.000,9999.000,9999.000
202604211348,   1.520,   2.840,9999.000,9999.000,9999.000,9999.000,9999.000,9999.000,9999.000
202604211354,   1.660,   2.988,9999.000,9999.000,9999.000,9999.000,9999.000,9999.000,9999.000
202604211400,   1.803,   3.138,   0.100,   1.235,   3.138,   0.100,   3.138,   0.200,   3.238
202604211406,   1.948,   3.279,9999.000,9999.000,9999.000,9999.000,9999.000,9999.000,9999.000
202604211412,   2.097,   3.119,9999.000,9999.000,9999.000,9999.000,9999.000,9999.000,9999.000
202604211418,   2.247,   3.260,9999.000,9999.000,9999.000,9999.000,9999.000,9999.000,9999.000
202604211424,   2.399,   3.398,9999.000,9999.000,9999.000,9999.000,9999.000,9999.000,9999.000
202604211430,   2.551,   3.548,9999.000,9999.000,9999.000,9999.000,9999.000,9999.000,9999.000
202604211436,   2.703,   3.689,9999.000,9999.000,9999.000,9999.000,9999.000,9999.000,9999.000
202604211442,   2.854,   3.847,9999.000,9999.000,9999.000,9999.000,9999.000,9999.000,9999.000
202604211448,   3.004,   3.988,9999.000,9999.000,9999.000,9999.000,9999.000,9999.000,9999.000
202604211454,   3.152,   4.139,9999.000,9999.000,9999.000,9999.000,9999.000,9999.000,9999.000
202604211500,   3.296,   4.539,   0.100,   1.143,   4.539,   0.100,   4.539,   0.200,   4.639
202604211506,   3.437,   4.667,9999.000,9999.000,9999.000,9999.000,9999.000,9999.000,9999.000
202604211512,   3.574,   4.519,9999.000,9999.000,9999.000,9999.000,9999.000,9999.000,9999.000
202604211518,   3.706,   4.637,9999.000,9999.000,9999.000,9999.000,9999.000,9999.000,9999.000
202604211524,   3.833,   4.749,9999.000,9999.000,9999.000,9999.000,9999.000,9999.000,9999.000
202604211530,   3.954,   4.857,9999.000,9999.000,9999.000,9999.000,9999.000,9999.000,9999.000
202604211536,   4.069,   4.969,9999.000,9999.000,9999.000,9999.000,9999.000,9999.000,9999.000
202604211542,   4.178,   5.077,9999.000,9999.000,9999.000,9999.000,9999.000,9999.000,9999.000
202604211548,   4.280,   5.179,9999.000,9999.000,9999.000,9999.000,9999.000,9999.000,9999.000
202604211554,   4.375,   5.277,9999.000,9999.000,9999.000,9999.000,9999.000,9999.000,9999.000
202604211600,   4.464,   5.579,   0.200,   0.915,   5.579,   0.100,   5.479,   0.200,   5.579
202604211606,   4.545,   5.638,9999.000,9999.000,9999.000,9999.000,9999.000,9999.000,9999.000
202604211612,   4.619,   5.487,9999.000,9999.000,9999.000,9999.000,9999.000,9999.000,9999.000
202604211618,   4.687,   5.569,9999.000,9999.000,9999.000,9999.000,9999.000,9999.000,9999.000
202604211624,   4.747,   5.638,9999.000,9999.000,9999.000,9999.000,9999.000,9999.000,9999.000
202604211630,   4.800,   5.697,9999.000,9999.000,9999.000,9999.000,9999.000,9999.000,9999.000
202604211636,   4.847,   5.739,9999.000,9999.000,9999.000,9999.000,9999.000,9999.000,9999.000
202604211642,   4.886,   5.779,9999.000,9999.000,9999.000,9999.000,9999.000,9999.000,9999.000
202604211648,   4.918,   5.789,9999.000,9999.000,9999.000,9999.000,9999.000,9999.000,9999.000
202604211654,   4.944,   5.949,9999.000,9999.000,9999.000,9999.000,9999.000,9999.000,9999.000
202604211700,   4.963,   5.799,   0.200,   0.636,   5.799,   0.100,   5.699,   0.200,   5.799
202604211706,   4.976,   5.959,9999.000,9999.000,9999.000,9999.000,9999.000,9999.000,9999.000
202604211712,   4.982,   5.808,9999.000,9999.000,9999.000,9999.000,9999.000,9999.000,9999.000
202604211718,   4.981,   5.808,9999.000,9999.000,9999.000,9999.000,9999.000,9999.000,9999.000
202604211724,   4.974,   5.808,9999.000,9999.000,9999.000,9999.000,9999.000,9999.000,9999.000
202604211730,   4.961,   5.808,9999.000,9999.000,9999.000,9999.000,9999.000,9999.000,9999.000
202604211736,   4.942,   5.808,9999.000,9999.000,9999.000,9999.000,9999.000,9999.000,9999.000
202604211742,   4.916,   5.789,9999.000,9999.000,9999.000,9999.000,9999.000,9999.000,9999.000
202604211748,   4.885,   5.739,9999.000,9999.000,9999.000,9999.000,9999.000,9999.000,9999.000
202604211754,   4.848,   5.799,9999.000,9999.000,9999.000,9999.000,9999.000,9999.000,9999.000
202604211800,   4.805,   5.759,   0.200,   0.754,   5.759,   0.100,   5.659,   0.200,   5.759
202604211806,   4.757,   5.697,9999.000,9999.000,9999.000,9999.000,9999.000,9999.000,9999.000
202604211812,   4.704,   5.549,9999.000,9999.000,9999.000,9999.000,9999.000,9999.000,9999.000
202604211818,   4.645,   5.487,9999.000,9999.000,9999.000,9999.000,9999.000,9999.000,9999.000
202604211824,   4.581,   5.398,9999.000,9999.000,9999.000,9999.000,9999.000,9999.000,9999.000
202604211830,   4.513,   5.329,9999.000,9999.000,9999.000,9999.000,9999.000,9999.000,9999.000
202604211836,   4.440,   5.247,9999.000,9999.000,9999.000,9999.000,9999.000,9999.000,9999.000
202604211842,   4.363,   5.129,9999.000,9999.000,9999.000,9999.000,9999.000,9999.000,9999.000
202604211848,   4.282,   5.008,9999.000,9999.000,9999.000,9999.000,9999.000,9999.000,9999.000
202604211854,   4.197,   4.877,9999.000,9999.000,9999.000,9999.000,9999.000,9999.000,9999.000
202604211900,   4.108,   4.769,   0.200,   0.461,   4.769,   0.200,   4.769,   0.200,   4.769
202604211906,   4.016,   4.637,9999.000,9999.000,9999.000,9999.000,9999.000,9999.000,9999.000
202604211912,   3.920,   4.490,9999.000,9999.000,9999.000,9999.000,9999.000,9999.000,9999.000
202604211918,   3.822,   4.378,9999.000,9999.000,9999.000,9999.000,9999.000,9999.000,9999.000
202604211924,   3.721,   4.257,9999.000,9999.000,9999.000,9999.000,9999.000,9999.000,9999.000
202604211930,   3.617,   4.129,9999.000,9999.000,9999.000,9999.000,9999.000,9999.000,9999.000
202604211936,   3.511,   3.988,9999.000,9999.000,9999.000,9999.000,9999.000,9999.000,9999.000
202604211942,   3.403,   3.860,9999.000,9999.000,9999.000,9999.000,9999.000,9999.000,9999.000
202604211948,   3.293,   3.739,9999.000,9999.000,9999.000,9999.000,9999.000,9999.000,9999.000
202604211954,   3.181,   3.617,9999.000,9999.000,9999.000,9999.000,9999.000,9999.000,9999.000
202604212000,   3.068,   3.539,   0.200,   0.271,   3.539,   0.200,   3.539,   0.300,   3.639
202604212006,   2.954,   3.417,9999.000,9999.000,9999.000,9999.000,9999.000,9999.000,9999.000
202604212012,   2.839,   3.270,9999.000,9999.000,9999.000,9999.000,9999.000,9999.000,9999.000
202604212018,   2.723,   3.138,9999.000,9999.000,9999.000,9999.000,9999.000,9999.000,9999.000
202604212024,   2.606,   3.017,9999.000,9999.000,9999.000,9999.000,9999.000,9999.000,9999.000
202604212030,   2.490,   2.899,9999.000,9999.000,9999.000,9999.000,9999.000,9999.000,9999.000
202604212036,   2.373,   2.778,9999.000,9999.000,9999.000,9999.000,9999.000,9999.000,9999.000
202604212042,   2.256,   2.669,9999.000,9999.000,9999.000,9999.000,9999.000,9999.000,9999.000
202604212048,   2.139,   2.568,9999.000,9999.000,9999.000,9999.000,9999.000,9999.000,9999.000
202604212054,   2.023,   2.459,9999.000,9999.000,9999.000,9999.000,9999.000,9999.000,9999.000
202604212100,   1.907,   2.430,   0.300,   0.223,   2.430,   0.200,   2.330,   0.300,   2.430
202604212106,   1.793,   2.338,9999.000,9999.000,9999.000,9999.000,9999.000,9999.000,9999.000
202604212112,   1.680,   2.191,9999.000,9999.000,9999.000,9999.000,9999.000,9999.000,9999.000
202604212118,   1.568,   2.099,9999.000,9999.000,9999.000,9999.000,9999.000,9999.000,9999.000
202604212124,   1.457,   2.020,9999.000,9999.000,9999.000,9999.000,9999.000,9999.000,9999.000
202604212130,   1.349,   1.938,9999.000,9999.000,9999.000,9999.000,9999.000,9999.000,9999.000
202604212136,   1.243,   1.859,9999.000,9999.000,9999.000,9999.000,9999.000,9999.000,9999.000
202604212142,   1.139,   1.781,9999.000,9999.000,9999.000,9999.000,9999.000,9999.000,9999.000
202604212148,   1.038,   1.689,9999.000,9999.000,9999.000,9999.000,9999.000,9999.000,9999.000
202604212154,   0.940,   1.610,9999.000,9999.000,9999.000,9999.000,9999.000,9999.000,9999.000
202604212200,   0.845,   1.538,   0.300,   0.393,   1.538,   0.300,   1.538,   0.300,   1.538
202604212206,   0.753,   1.548,9999.000,9999.000,9999.000,9999.000,9999.000,9999.000,9999.000
202604212212,   0.666,   1.400,9999.000,9999.000,9999.000,9999.000,9999.000,9999.000,9999.000
202604212218,   0.583,   1.328,9999.000,9999.000,9999.000,9999.000,9999.000,9999.000,9999.000
202604212224,   0.504,   1.259,9999.000,9999.000,9999.000,9999.000,9999.000,9999.000,9999.000
202604212230,   0.430,   1.180,9999.000,9999.000,9999.000,9999.000,9999.000,9999.000,9999.000
202604212236,   0.361,   1.118,9999.000,9999.000,9999.000,9999.000,9999.000,9999.000,9999.000
202604212242,   0.298,   1.049,9999.000,9999.000,9999.000,9999.000,9999.000,9999.000,9999.000
202604212248,   0.241,   0.990,9999.000,9999.000,9999.000,9999.000,9999.000,9999.000,9999.000
202604212254,   0.190,   0.918,9999.000,9999.000,9999.000,9999.000,9999.000,9999.000,9999.000
202604212300,   0.146,   0.951,   0.300,   0.505,   0.951,   0.300,   0.951,   0.400,   1.051
202604212306,   0.108,   0.898,9999.000,9999.000,9999.000,9999.000,9999.000,9999.000,9999.000
202604212312,   0.078,   0.751,9999.000,9999.000,9999.000,9999.000,9999.000,9999.000,9999.000
202604212318,   0.056,   0.708,9999.000,9999.000,9999.000,9999.000,9999.000,9999.000,9999.000
202604212324,   0.041,   0.708,9999.000,9999.000,9999.000,9999.000,9999.000,9999.000,9999.000
202604212330,   0.035,   0.698,9999.000,9999.000,9999.000,9999.000,9999.000,9999.000,9999.000
202604212336,   0.037,   0.731,9999.000,9999.000,9999.000,9999.000,9999.000,9999.000,9999.000
202604212342,   0.048,   0.790,9999.000,9999.000,9999.000,9999.000,9999.000,9999.000,9999.000
202604212348,   0.068,   0.879,9999.000,9999.000,9999.000,9999.000,9999.000,9999.000,9999.000
202604212354,   0.097,   0.970,9999.000,9999.000,9999.000,9999.000,9999.000,9999.000,9999.000
202604220000,   0.134,   1.348,   0.400,   0.814,   1.348,   0.400,   1.348,   0.400,   1.348
202604220006,   0.180,   1.508,9999.000,9999.000,9999.000,9999.000,9999.000,9999.000,9999.000
202604220012,   0.235,   1.361,9999.000,9999.000,9999.000,9999.000,9999.000,9999.000,9999.000
202604220018,   0.299,   1.508,9999.000,9999.000,9999.000,9999.000,9999.000,9999.000,9999.000
202604220024,   0.371,   1.659,9999.000,9999.000,9999.000,9999.000,9999.000,9999.000,9999.000
202604220030,   0.451,   1.820,9999.000,9999.000,9999.000,9999.000,9999.000,9999.000,9999.000
202604220036,   0.540,   1.958,9999.000,9999.000,9999.000,9999.000,9999.000,9999.000,9999.000
202604220042,   0.636,   2.069,9999.000,9999.000,9999.000,9999.000,9999.000,9999.000,9999.000
202604220048,   0.740,   2.177,9999.000,9999.000,9999.000,9999.000,9999.000,9999.000,9999.000
202604220054,   0.851,   2.289,9999.000,9999.000,9999.000,9999.000,9999.000,9999.000,9999.000
202604220100,   0.969,   2.410,   0.400,   1.041,   2.410,   0.400,   2.410,   0.500,   2.510
202604220106,   1.093,   2.820,9999.000,9999.000,9999.000,9999.000,9999.000,9999.000,9999.000
202604220112,   1.224,   2.679,9999.000,9999.000,9999.000,9999.000,9999.000,9999.000,9999.000
202604220118,   1.360,   2.807,9999.000,9999.000,9999.000,9999.000,9999.000,9999.000,9999.000
202604220124,   1.503,   2.948,9999.000,9999.000,9999.000,9999.000,9999.000,9999.000,9999.000
202604220130,   1.650,   3.099,9999.000,9999.000,9999.000,9999.000,9999.000,9999.000,9999.000
202604220136,   1.803,   3.230,9999.000,9999.000,9999.000,9999.000,9999.000,9999.000,9999.000
202604220142,   1.960,   3.378,9999.000,9999.000,9999.000,9999.000,9999.000,9999.000,9999.000
202604220148,   2.121,   3.519,9999.000,9999.000,9999.000,9999.000,9999.000,9999.000,9999.000
202604220154,   2.287,   3.650,9999.000,9999.000,9999.000,9999.000,9999.000,9999.000,9999.000
202604220200,   2.456,   3.798,   0.500,   0.842,   3.798,   0.400,   3.698,   0.500,   3.798
202604220206,   2.628,   4.227,9999.000,9999.000,9999.000,9999.000,9999.000,9999.000,9999.000
202604220212,   2.803,   4.080,9999.000,9999.000,9999.000,9999.000,9999.000,9999.000,9999.000
202604220218,   2.980,   4.237,9999.000,9999.000,9999.000,9999.000,9999.000,9999.000,9999.000
202604220224,   3.160,   4.388,9999.000,9999.000,9999.000,9999.000,9999.000,9999.000,9999.000
202604220230,   3.340,   4.539,9999.000,9999.000,9999.000,9999.000,9999.000,9999.000,9999.000
202604220236,   3.521,   4.690,9999.000,9999.000,9999.000,9999.000,9999.000,9999.000,9999.000
202604220242,   3.703,   4.837,9999.000,9999.000,9999.000,9999.000,9999.000,9999.000,9999.000
202604220248,   3.884,   5.008,9999.000,9999.000,9999.000,9999.000,9999.000,9999.000,9999.000
202604220254,   4.063,   5.159,9999.000,9999.000,9999.000,9999.000,9999.000,9999.000,9999.000
202604220300,   4.241,   5.598,   0.500,   0.857,   5.598,   0.500,   5.598,   0.600,   5.698
202604220306,   4.416,   5.759,9999.000,9999.000,9999.000,9999.000,9999.000,9999.000,9999.000
202604220312,   4.588,   5.608,9999.000,9999.000,9999.000,9999.000,9999.000,9999.000,9999.000
202604220318,   4.757,   5.730,9999.000,9999.000,9999.000,9999.000,9999.000,9999.000,9999.000
202604220324,   4.920,   5.848,9999.000,9999.000,9999.000,9999.000,9999.000,9999.000,9999.000
202604220330,   5.079,   5.979,9999.000,9999.000,9999.000,9999.000,9999.000,9999.000,9999.000
202604220336,   5.232,   6.127,9999.000,9999.000,9999.000,9999.000,9999.000,9999.000,9999.000
202604220342,   5.378,   6.248,9999.000,9999.000,9999.000,9999.000,9999.000,9999.000,9999.000
202604220348,   5.519,   6.369,9999.000,9999.000,9999.000,9999.000,9999.000,9999.000,9999.000
202604220354,   5.652,   6.477,9999.000,9999.000,9999.000,9999.000,9999.000,9999.000,9999.000
202604220400,   5.778,   6.819,   0.600,   0.441,   6.819,   0.500,   6.719,   0.600,   6.819
202604220406,   5.897,   6.917,9999.000,9999.000,9999.000,9999.000,9999.000,9999.000,9999.000
202604220412,   6.008,   6.779,9999.000,9999.000,9999.000,9999.000,9999.000,9999.000,9999.000
202604220418,   6.111,   6.868,9999.000,9999.000,9999.000,9999.000,9999.000,9999.000,9999.000
202604220424,   6.207,   6.956,9999.000,9999.000,9999.000,9999.000,9999.000,9999.000,9999.000
202604220430,   6.294,   7.038,9999.000,9999.000,9999.000,9999.000,9999.000,9999.000,9999.000
202604220436,   6.374,   7.107,9999.000,9999.000,9999.000,9999.000,9999.000,9999.000,9999.000
202604220442,   6.446,   7.166,9999.000,9999.000,9999.000,9999.000,9999.000,9999.000,9999.000
202604220448,   6.510,   7.238,9999.000,9999.000,9999.000,9999.000,9999.000,9999.000,9999.000
202604220454,   6.566,   7.288,9999.000,9999.000,9999.000,9999.000,9999.000,9999.000,9999.000
202604220500,   6.614,   7.498,   0.600,   0.284,   7.498,   0.500,   7.398,   0.700,   7.598
202604220506,   6.655,   7.537,9999.000,9999.000,9999.000,9999.000,9999.000,9999.000,9999.000
202604220512,   6.688,   7.386,9999.000,9999.000,9999.000,9999.000,9999.000,9999.000,9999.000
202604220518,   6.713,   7.399,9999.000,9999.000,9999.000,9999.000,9999.000,9999.000,9999.000
202604220524,   6.731,   7.409,9999.000,9999.000,9999.000,9999.000,9999.000,9999.000,9999.000
202604220530,   6.742,   7.439,9999.000,9999.000,9999.000,9999.000,9999.000,9999.000,9999.000
202604220536,   6.746,   7.458,9999.000,9999.000,9999.000,9999.000,9999.000,9999.000,9999.000
202604220542,   6.742,   7.448,9999.000,9999.000,9999.000,9999.000,9999.000,9999.000,9999.000
202604220548,   6.731,   7.439,9999.000,9999.000,9999.000,9999.000,9999.000,9999.000,9999.000
202604220554,   6.714,   7.419,9999.000,9999.000,9999.000,9999.000,9999.000,9999.000,9999.000
202604220600,   6.689,   7.498,   0.700,   0.109,   7.498,   0.600,   7.398,   0.700,   7.498
202604220606,   6.658,   7.458,9999.000,9999.000,9999.000,9999.000,9999.000,9999.000,9999.000
202604220612,   6.621,   7.307,9999.000,9999.000,9999.000,9999.000,9999.000,9999.000,9999.000
202604220618,   6.577,   7.268,9999.000,9999.000,9999.000,9999.000,9999.000,9999.000,9999.000
202604220624,   6.526,   7.209,9999.000,9999.000,9999.000,9999.000,9999.000,9999.000,9999.000
202604220630,   6.470,   7.147,9999.000,9999.000,9999.000,9999.000,9999.000,9999.000,9999.000
202604220636,   6.408,   7.078,9999.000,9999.000,9999.000,9999.000,9999.000,9999.000,9999.000
202604220642,   6.340,   6.989,9999.000,9999.000,9999.000,9999.000,9999.000,9999.000,9999.000
202604220648,   6.266,   6.887,9999.000,9999.000,9999.000,9999.000,9999.000,9999.000,9999.000
202604220654,   6.187,   6.766,9999.000,9999.000,9999.000,9999.000,9999.000,9999.000,9999.000
202604220700,   6.103,   6.717,   0.700,  -0.086,   6.717,   0.600,   6.617,   0.700,   6.717
202604220706,   6.015,   6.609,9999.000,9999.000,9999.000,9999.000,9999.000,9999.000,9999.000
202604220712,   5.921,   6.458,9999.000,9999.000,9999.000,9999.000,9999.000,9999.000,9999.000
202604220718,   5.823,   6.336,9999.000,9999.000,9999.000,9999.000,9999.000,9999.000,9999.000
202604220724,   5.721,   6.218,9999.000,9999.000,9999.000,9999.000,9999.000,9999.000,9999.000
202604220730,   5.614,   6.107,9999.000,9999.000,9999.000,9999.000,9999.000,9999.000,9999.000
202604220736,   5.504,   5.979,9999.000,9999.000,9999.000,9999.000,9999.000,9999.000,9999.000
202604220742,   5.391,   5.848,9999.000,9999.000,9999.000,9999.000,9999.000,9999.000,9999.000
202604220748,   5.274,   5.717,9999.000,9999.000,9999.000,9999.000,9999.000,9999.000,9999.000
202604220754,   5.154,   5.589,9999.000,9999.000,9999.000,9999.000,9999.000,9999.000,9999.000
202604220800,   5.031,   5.457,   0.700,  -0.274,   5.457,   0.600,   5.357,   0.800,   5.557
202604220806,   4.906,   5.329,9999.000,9999.000,9999.000,9999.000,9999.000,9999.000,9999.000
202604220812,   4.779,   5.179,9999.000,9999.000,9999.000,9999.000,9999.000,9999.000,9999.000
202604220818,   4.649,   5.057,9999.000,9999.000,9999.000,9999.000,9999.000,9999.000,9999.000
202604220824,   4.517,   4.929,9999.000,9999.000,9999.000,9999.000,9999.000,9999.000,9999.000
202604220830,   4.383,   4.828,9999.000,9999.000,9999.000,9999.000,9999.000,9999.000,9999.000
202604220836,   4.249,   4.719,9999.000,9999.000,9999.000,9999.000,9999.000,9999.000,9999.000
202604220842,   4.112,   4.588,9999.000,9999.000,9999.000,9999.000,9999.000,9999.000,9999.000
202604220848,   3.975,   4.447,9999.000,9999.000,9999.000,9999.000,9999.000,9999.000,9999.000
202604220854,   3.837,   4.309,9999.000,9999.000,9999.000,9999.000,9999.000,9999.000,9999.000
202604220900,   3.698,   4.218,   0.700,  -0.180,   4.218,   0.600,   4.118,   0.800,   4.318
202604220906,   3.558,   4.099,9999.000,9999.000,9999.000,9999.000,9999.000,9999.000,9999.000
202604220912,   3.418,   3.958,9999.000,9999.000,9999.000,9999.000,9999.000,9999.000,9999.000
202604220918,   3.279,   3.837,9999.000,9999.000,9999.000,9999.000,9999.000,9999.000,9999.000
202604220924,   3.139,   3.709,9999.000,9999.000,9999.000,9999.000,9999.000,9999.000,9999.000
202604220930,   2.999,   3.588,9999.000,9999.000,9999.000,9999.000,9999.000,9999.000,9999.000
202604220936,   2.861,   3.480,9999.000,9999.000,9999.000,9999.000,9999.000,9999.000,9999.000
202604220942,   2.722,   3.339,9999.000,9999.000,9999.000,9999.000,9999.000,9999.000,9999.000
202604220948,   2.585,   3.197,9999.000,9999.000,9999.000,9999.000,9999.000,9999.000,9999.000
202604220954,   2.449,   3.079,9999.000,9999.000,9999.000,9999.000,9999.000,9999.000,9999.000
202604221000,   2.315,   2.968,   0.700,  -0.047,   2.968,   0.700,   2.968,   0.800,   3.068
202604221006,   2.182,   2.850,9999.000,9999.000,9999.000,9999.000,9999.000,9999.000,9999.000
202604221012,   2.051,   2.699,9999.000,9999.000,9999.000,9999.000,9999.000,9999.000,9999.000
202604221018,   1.922,   2.578,9999.000,9999.000,9999.000,9999.000,9999.000,9999.000,9999.000
202604221024,   1.795,   2.469,9999.000,9999.000,9999.000,9999.000,9999.000,9999.000,9999.000
202604221030,   1.672,   2.368,9999.000,9999.000,9999.000,9999.000,9999.000,9999.000,9999.000
202604221036,   1.551,   2.259,9999.000,9999.000,9999.000,9999.000,9999.000,9999.000,9999.000
202604221042,   1.433,   2.158,9999.000,9999.000,9999.000,9999.000,9999.000,9999.000,9999.000
202604221048,   1.319,   2.059,9999.000,9999.000,9999.000,9999.000,9999.000,9999.000,9999.000
202604221054,   1.209,   1.958,9999.000,9999.000,9999.000,9999.000,9999.000,9999.000,9999.000
202604221100,   1.103,   1.928,   0.800,   0.025,   1.928,   0.700,   1.828,   0.800,   1.928
202604221106,   1.001,   1.840,9999.000,9999.000,9999.000,9999.000,9999.000,9999.000,9999.000
202604221112,   0.904,   1.689,9999.000,9999.000,9999.000,9999.000,9999.000,9999.000,9999.000
202604221118,   0.812,   1.600,9999.000,9999.000,9999.000,9999.000,9999.000,9999.000,9999.000
202604221124,   0.726,   1.528,9999.000,9999.000,9999.000,9999.000,9999.000,9999.000,9999.000
202604221130,   0.644,   1.449,9999.000,9999.000,9999.000,9999.000,9999.000,9999.000,9999.000
202604221136,   0.569,   1.371,9999.000,9999.000,9999.000,9999.000,9999.000,9999.000,9999.000
202604221142,   0.499,   1.298,9999.000,9999.000,9999.000,9999.000,9999.000,9999.000,9999.000
202604221148,   0.436,   1.239,9999.000,9999.000,9999.000,9999.000,9999.000,9999.000,9999.000
202604221154,   0.379,   1.200,9999.000,9999.000,9999.000,9999.000,9999.000,9999.000,9999.000
202604221200,   0.329,   1.161,   0.700,   0.132,   1.161,   0.600,   1.061,   0.700,   1.161
202604221206,   0.285,   1.259,9999.000,9999.000,9999.000,9999.000,9999.000,9999.000,9999.000
202604221212,   0.249,   1.108,9999.000,9999.000,9999.000,9999.000,9999.000,9999.000,9999.000
202604221218,   0.219,   1.108,9999.000,9999.000,9999.000,9999.000,9999.000,9999.000,9999.000
202604221224,   0.196,   1.069,9999.000,9999.000,9999.000,9999.000,9999.000,9999.000,9999.000
202604221230,   0.180,   1.049,9999.000,9999.000,9999.000,9999.000,9999.000,9999.000,9999.000
202604221236,   0.172,   1.020,9999.000,9999.000,9999.000,9999.000,9999.000,9999.000,9999.000
202604221242,   0.170,   1.020,9999.000,9999.000,9999.000,9999.000,9999.000,9999.000,9999.000
202604221248,   0.175,   1.029,9999.000,9999.000,9999.000,9999.000,9999.000,9999.000,9999.000
202604221254,   0.187,   1.039,9999.000,9999.000,9999.000,9999.000,9999.000,9999.000,9999.000
202604221300,   0.206,   1.239,   0.700,   0.333,   1.239,   0.600,   1.139,   0.700,   1.239
202604221306,   0.232,   1.308,9999.000,9999.000,9999.000,9999.000,9999.000,9999.000,9999.000
202604221312,   0.265,   1.161,9999.000,9999.000,9999.000,9999.000,9999.000,9999.000,9999.000
202604221318,   0.304,   1.239,9999.000,9999.000,9999.000,9999.000,9999.000,9999.000,9999.000
202604221324,   0.350,   1.328,9999.000,9999.000,9999.000,9999.000,9999.000,9999.000,9999.000
202604221330,   0.402,   1.439,9999.000,9999.000,9999.000,9999.000,9999.000,9999.000,9999.000
202604221336,   0.460,   1.590,9999.000,9999.000,9999.000,9999.000,9999.000,9999.000,9999.000
202604221342,   0.524,   1.708,9999.000,9999.000,9999.000,9999.000,9999.000,9999.000,9999.000
202604221348,   0.594,   1.800,9999.000,9999.000,9999.000,9999.000,9999.000,9999.000,9999.000
202604221354,   0.670,   1.889,9999.000,9999.000,9999.000,9999.000,9999.000,9999.000,9999.000
202604221400,   0.752,   2.299,   0.600,   0.947,   2.299,   0.600,   2.299,   0.700,   2.399
202604221406,   0.839,   2.358,9999.000,9999.000,9999.000,9999.000,9999.000,9999.000,9999.000
202604221412,   0.932,   2.210,9999.000,9999.000,9999.000,9999.000,9999.000,9999.000,9999.000
202604221418,   1.030,   2.269,9999.000,9999.000,9999.000,9999.000,9999.000,9999.000,9999.000
202604221424,   1.133,   2.377,9999.000,9999.000,9999.000,9999.000,9999.000,9999.000,9999.000
202604221430,   1.242,   2.459,9999.000,9999.000,9999.000,9999.000,9999.000,9999.000,9999.000
202604221436,   1.354,   2.568,9999.000,9999.000,9999.000,9999.000,9999.000,9999.000,9999.000
202604221442,   1.472,   2.689,9999.000,9999.000,9999.000,9999.000,9999.000,9999.000,9999.000
202604221448,   1.593,   2.807,9999.000,9999.000,9999.000,9999.000,9999.000,9999.000,9999.000
202604221454,   1.719,   2.948,9999.000,9999.000,9999.000,9999.000,9999.000,9999.000,9999.000
202604221500,   1.848,   3.339,   0.600,   0.891,   3.339,   0.600,   3.339,   0.700,   3.439
202604221506,   1.980,   3.440,9999.000,9999.000,9999.000,9999.000,9999.000,9999.000,9999.000
202604221512,   2.115,   3.289,9999.000,9999.000,9999.000,9999.000,9999.000,9999.000,9999.000
202604221518,   2.251,   3.398,9999.000,9999.000,9999.000,9999.000,9999.000,9999.000,9999.000
202604221524,   2.389,   3.509,9999.000,9999.000,9999.000,9999.000,9999.000,9999.000,9999.000
202604221530,   2.528,   3.607,9999.000,9999.000,9999.000,9999.000,9999.000,9999.000,9999.000
202604221536,   2.666,   3.739,9999.000,9999.000,9999.000,9999.000,9999.000,9999.000,9999.000
202604221542,   2.804,   3.847,9999.000,9999.000,9999.000,9999.000,9999.000,9999.000,9999.000
202604221548,   2.941,   3.949,9999.000,9999.000,9999.000,9999.000,9999.000,9999.000,9999.000
202604221554,   3.076,   4.057,9999.000,9999.000,9999.000,9999.000,9999.000,9999.000,9999.000
202604221600,   3.208,   4.467,   0.600,   0.659,   4.467,   0.500,   4.367,   0.600,   4.467
202604221606,   3.337,   4.598,9999.000,9999.000,9999.000,9999.000,9999.000,9999.000,9999.000
202604221612,   3.462,   4.447,9999.000,9999.000,9999.000,9999.000,9999.000,9999.000,9999.000
202604221618,   3.583,   4.569,9999.000,9999.000,9999.000,9999.000,9999.000,9999.000,9999.000
202604221624,   3.699,   4.700,9999.000,9999.000,9999.000,9999.000,9999.000,9999.000,9999.000
202604221630,   3.810,   4.818,9999.000,9999.000,9999.000,9999.000,9999.000,9999.000,9999.000
202604221636,   3.915,   4.919,9999.000,9999.000,9999.000,9999.000,9999.000,9999.000,9999.000
202604221642,   4.015,   5.008,9999.000,9999.000,9999.000,9999.000,9999.000,9999.000,9999.000
202604221648,   4.109,   5.097,9999.000,9999.000,9999.000,9999.000,9999.000,9999.000,9999.000
202604221654,   4.197,   5.188,9999.000,9999.000,9999.000,9999.000,9999.000,9999.000,9999.000
202604221700,   4.278,   5.539,   0.500,   0.761,   5.539,   0.500,   5.539,   0.600,   5.639
202604221706,   4.354,   5.618,9999.000,9999.000,9999.000,9999.000,9999.000,9999.000,9999.000
202604221712,   4.423,   5.687,9999.000,9999.000,9999.000,9999.000,9999.000,9999.000,9999.000
202604221718,   4.485,   5.739,9999.000,9999.000,9999.000,9999.000,9999.000,9999.000,9999.000
202604221724,   4.542,   5.779,9999.000,9999.000,9999.000,9999.000,9999.000,9999.000,9999.000
202604221730,   4.592,   5.818,9999.000,9999.000,9999.000,9999.000,9999.000,9999.000,9999.000
202604221736,   4.635,   5.887,9999.000,9999.000,9999.000,9999.000,9999.000,9999.000,9999.000
202604221742,   4.673,   5.926,9999.000,9999.000,9999.000,9999.000,9999.000,9999.000,9999.000
202604221748,   4.704,   5.940,9999.000,9999.000,9999.000,9999.000,9999.000,9999.000,9999.000
202604221754,   4.729,9999.000,9999.000,9999.000,9999.000,9999.000,9999.000,9999.000,9999.000
202604221800,   4.748,9999.000,   0.500,   0.725,   5.973,   0.400,   5.873,   0.500,   5.973
202604221806,   4.761,9999.000,9999.000,9999.000,9999.000,9999.000,9999.000,9999.000,9999.000
202604221812,   4.767,9999.000,9999.000,9999.000,9999.000,9999.000,9999.000,9999.000,9999.000
202604221818,   4.768,9999.000,9999.000,9999.000,9999.000,9999.000,9999.000,9999.000,9999.000
202604221824,   4.763,9999.000,9999.000,9999.000,9999.000,9999.000,9999.000,9999.000,9999.000
202604221830,   4.752,9999.000,9999.000,9999.000,9999.000,9999.000,9999.000,9999.000,9999.000
202604221836,   4.736,9999.000,9999.000,9999.000,9999.000,9999.000,9999.000,9999.000,9999.000
202604221842,   4.714,9999.000,9999.000,9999.000,9999.000,9999.000,9999.000,9999.000,9999.000
202604221848,   4.686,9999.000,9999.000,9999.000,9999.000,9999.000,9999.000,9999.000,9999.000
202604221854,   4.653,9999.000,9999.000,9999.000,9999.000,9999.000,9999.000,9999.000,9999.000
202604221900,   4.616,9999.000,   0.400,   0.690,   5.706,   0.400,   5.706,   0.500,   5.806
202604221906,   4.573,9999.000,9999.000,9999.000,9999.000,9999.000,9999.000,9999.000,9999.000
202604221912,   4.525,9999.000,9999.000,9999.000,9999.000,9999.000,9999.000,9999.000,9999.000
202604221918,   4.473,9999.000,9999.000,9999.000,9999.000,9999.000,9999.000,9999.000,9999.000
202604221924,   4.417,9999.000,9999.000,9999.000,9999.000,9999.000,9999.000,9999.000,9999.000
202604221930,   4.356,9999.000,9999.000,9999.000,9999.000,9999.000,9999.000,9999.000,9999.000
202604221936,   4.292,9999.000,9999.000,9999.000,9999.000,9999.000,9999.000,9999.000,9999.000
202604221942,   4.223,9999.000,9999.000,9999.000,9999.000,9999.000,9999.000,9999.000,9999.000
202604221948,   4.151,9999.000,9999.000,9999.000,9999.000,9999.000,9999.000,9999.000,9999.000
202604221954,   4.076,9999.000,9999.000,9999.000,9999.000,9999.000,9999.000,9999.000,9999.000
202604222000,   3.998,9999.000,   0.400,   0.654,   5.052,   0.400,   5.052,   0.500,   5.152
202604222006,   3.916,9999.000,9999.000,9999.000,9999.000,9999.000,9999.000,9999.000,9999.000
202604222012,   3.832,9999.000,9999.000,9999.000,9999.000,9999.000,9999.000,9999.000,9999.000
202604222018,   3.745,9999.000,9999.000,9999.000,9999.000,9999.000,9999.000,9999.000,9999.000
202604222024,   3.656,9999.000,9999.000,9999.000,9999.000,9999.000,9999.000,9999.000,9999.000
202604222030,   3.564,9999.000,9999.000,9999.000,9999.000,9999.000,9999.000,9999.000,9999.000
202604222036,   3.471,9999.000,9999.000,9999.000,9999.000,9999.000,9999.000,9999.000,9999.000
202604222042,   3.376,9999.000,9999.000,9999.000,9999.000,9999.000,9999.000,9999.000,9999.000
202604222048,   3.279,9999.000,9999.000,9999.000,9999.000,9999.000,9999.000,9999.000,9999.000
202604222054,   3.181,9999.000,9999.000,9999.000,9999.000,9999.000,9999.000,9999.000,9999.000
202604222100,   3.082,9999.000,   0.400,   0.619,   4.101,   0.400,   4.101,   0.500,   4.201
202604222106,   2.981,9999.000,9999.000,9999.000,9999.000,9999.000,9999.000,9999.000,9999.000
202604222112,   2.880,9999.000,9999.000,9999.000,9999.000,9999.000,9999.000,9999.000,9999.000
202604222118,   2.778,9999.000,9999.000,9999.000,9999.000,9999.000,9999.000,9999.000,9999.000
202604222124,   2.675,9999.000,9999.000,9999.000,9999.000,9999.000,9999.000,9999.000,9999.000
202604222130,   2.572,9999.000,9999.000,9999.000,9999.000,9999.000,9999.000,9999.000,9999.000
202604222136,   2.468,9999.000,9999.000,9999.000,9999.000,9999.000,9999.000,9999.000,9999.000
202604222142,   2.365,9999.000,9999.000,9999.000,9999.000,9999.000,9999.000,9999.000,9999.000
202604222148,   2.262,9999.000,9999.000,9999.000,9999.000,9999.000,9999.000,9999.000,9999.000
202604222154,   2.159,9999.000,9999.000,9999.000,9999.000,9999.000,9999.000,9999.000,9999.000
202604222200,   2.056,9999.000,   0.400,   0.583,   3.039,   0.400,   3.039,   0.500,   3.139
202604222206,   1.954,9999.000,9999.000,9999.000,9999.000,9999.000,9999.000,9999.000,9999.000
202604222212,   1.853,9999.000,9999.000,9999.000,9999.000,9999.000,9999.000,9999.000,9999.000
202604222218,   1.753,9999.000,9999.000,9999.000,9999.000,9999.000,9999.000,9999.000,9999.000
202604222224,   1.654,9999.000,9999.000,9999.000,9999.000,9999.000,9999.000,9999.000,9999.000
202604222230,   1.557,9999.000,9999.000,9999.000,9999.000,9999.000,9999.000,9999.000,9999.000
202604222236,   1.461,9999.000,9999.000,9999.000,9999.000,9999.000,9999.000,9999.000,9999.000
202604222242,   1.367,9999.000,9999.000,9999.000,9999.000,9999.000,9999.000,9999.000,9999.000
202604222248,   1.276,9999.000,9999.000,9999.000,9999.000,9999.000,9999.000,9999.000,9999.000
202604222254,   1.187,9999.000,9999.000,9999.000,9999.000,9999.000,9999.000,9999.000,9999.000
202604222300,   1.101,9999.000,   0.500,   0.548,   2.149,   0.400,   2.049,   0.500,   2.149
202604222306,   1.018,9999.000,9999.000,9999.000,9999.000,9999.000,9999.000,9999.000,9999.000
202604222312,   0.938,9999.000,9999.000,9999.000,9999.000,9999.000,9999.000,9999.000,9999.000
202604222318,   0.861,9999.000,9999.000,9999.000,9999.000,9999.000,9999.000,9999.000,9999.000
202604222324,   0.789,9999.000,9999.000,9999.000,9999.000,9999.000,9999.000,9999.000,9999.000
202604222330,   0.721,9999.000,9999.000,9999.000,9999.000,9999.000,9999.000,9999.000,9999.000
202604222336,   0.657,9999.000,9999.000,9999.000,9999.000,9999.000,9999.000,9999.000,9999.000
202604222342,   0.599,9999.000,9999.000,9999.000,9999.000,9999.000,9999.000,9999.000,9999.000
202604222348,   0.545,9999.000,9999.000,9999.000,9999.000,9999.000,9999.000,9999.000,9999.000
202604222354,   0.498,9999.000,9999.000,9999.000,9999.000,9999.000,9999.000,9999.000,9999.000
202604230000,   0.456,9999.000,   0.500,   0.512,   1.468,   0.400,   1.368,   0.500,   1.468
202604230006,   0.420,9999.000,9999.000,9999.000,9999.000,9999.000,9999.000,9999.000,9999.000
202604230012,   0.391,9999.000,9999.000,9999.000,9999.000,9999.000,9999.000,9999.000,9999.000
202604230018,   0.368,9999.000,9999.000,9999.000,9999.000,9999.000,9999.000,9999.000,9999.000
202604230024,   0.353,9999.000,9999.000,9999.000,9999.000,9999.000,9999.000,9999.000,9999.000
202604230030,   0.345,9999.000,9999.000,9999.000,9999.000,9999.000,9999.000,9999.000,9999.000
202604230036,   0.344,9999.000,9999.000,9999.000,9999.000,9999.000,9999.000,9999.000,9999.000
202604230042,   0.352,9999.000,9999.000,9999.000,9999.000,9999.000,9999.000,9999.000,9999.000
202604230048,   0.367,9999.000,9999.000,9999.000,9999.000,9999.000,9999.000,9999.000,9999.000
202604230054,   0.389,9999.000,9999.000,9999.000,9999.000,9999.000,9999.000,9999.000,9999.000
202604230100,   0.420,9999.000,   0.500,   0.476,   1.396,   0.500,   1.396,   0.600,   1.496
202604230106,   0.459,9999.000,9999.000,9999.000,9999.000,9999.000,9999.000,9999.000,9999.000
202604230112,   0.505,9999.000,9999.000,9999.000,9999.000,9999.000,9999.000,9999.000,9999.000
202604230118,   0.559,9999.000,9999.000,9999.000,9999.000,9999.000,9999.000,9999.000,9999.000
202604230124,   0.620,9999.000,9999.000,9999.000,9999.000,9999.000,9999.000,9999.000,9999.000
202604230130,   0.689,9999.000,9999.000,9999.000,9999.000,9999.000,9999.000,9999.000,9999.000
202604230136,   0.765,9999.000,9999.000,9999.000,9999.000,9999.000,9999.000,9999.000,9999.000
202604230142,   0.848,9999.000,9999.000,9999.000,9999.000,9999.000,9999.000,9999.000,9999.000
202604230148,   0.937,9999.000,9999.000,9999.000,9999.000,9999.000,9999.000,9999.000,9999.000
202604230154,   1.033,9999.000,9999.000,9999.000,9999.000,9999.000,9999.000,9999.000,9999.000
202604230200,   1.135,9999.000,   0.500,   0.441,   2.076,   0.500,   2.076,   0.600,   2.176
202604230206,   1.243,9999.000,9999.000,9999.000,9999.000,9999.000,9999.000,9999.000,9999.000
202604230212,   1.357,9999.000,9999.000,9999.000,9999.000,9999.000,9999.000,9999.000,9999.000
202604230218,   1.476,9999.000,9999.000,9999.000,9999.000,9999.000,9999.000,9999.000,9999.000
202604230224,   1.601,9999.000,9999.000,9999.000,9999.000,9999.000,9999.000,9999.000,9999.000
202604230230,   1.731,9999.000,9999.000,9999.000,9999.000,9999.000,9999.000,9999.000,9999.000
202604230236,   1.865,9999.000,9999.000,9999.000,9999.000,9999.000,9999.000,9999.000,9999.000
202604230242,   2.004,9999.000,9999.000,9999.000,9999.000,9999.000,9999.000,9999.000,9999.000
202604230248,   2.147,9999.000,9999.000,9999.000,9999.000,9999.000,9999.000,9999.000,9999.000
202604230254,   2.294,9999.000,9999.000,9999.000,9999.000,9999.000,9999.000,9999.000,9999.000
202604230300,   2.445,9999.000,   0.500,   0.405,   3.350,   0.500,   3.350,   0.600,   3.450
202604230306,   2.600,9999.000,9999.000,9999.000,9999.000,9999.000,9999.000,9999.000,9999.000
202604230312,   2.757,9999.000,9999.000,9999.000,9999.000,9999.000,9999.000,9999.000,9999.000
202604230318,   2.916,9999.000,9999.000,9999.000,9999.000,9999.000,9999.000,9999.000,9999.000
202604230324,   3.078,9999.000,9999.000,9999.000,9999.000,9999.000,9999.000,9999.000,9999.000
202604230330,   3.242,9999.000,9999.000,9999.000,9999.000,9999.000,9999.000,9999.000,9999.000
202604230336,   3.406,9999.000,9999.000,9999.000,9999.000,9999.000,9999.000,9999.000,9999.000
202604230342,   3.571,9999.000,9999.000,9999.000,9999.000,9999.000,9999.000,9999.000,9999.000
202604230348,   3.735,9999.000,9999.000,9999.000,9999.000,9999.000,9999.000,9999.000,9999.000
202604230354,   3.899,9999.000,9999.000,9999.000,9999.000,9999.000,9999.000,9999.000,9999.000
202604230400,   4.061,9999.000,   0.600,   0.370,   5.031,   0.500,   4.931,   0.600,   5.031
202604230406,   4.221,9999.000,9999.000,9999.000,9999.000,9999.000,9999.000,9999.000,9999.000
202604230412,   4.379,9999.000,9999.000,9999.000,9999.000,9999.000,9999.000,9999.000,9999.000
202604230418,   4.533,9999.000,9999.000,9999.000,9999.000,9999.000,9999.000,9999.000,9999.000
202604230424,   4.683,9999.000,9999.000,9999.000,9999.000,9999.000,9999.000,9999.000,9999.000
202604230430,   4.828,9999.000,9999.000,9999.000,9999.000,9999.000,9999.000,9999.000,9999.000
202604230436,   4.968,9999.000,9999.000,9999.000,9999.000,9999.000,9999.000,9999.000,9999.000
202604230442,   5.103,9999.000,9999.000,9999.000,9999.000,9999.000,9999.000,9999.000,9999.000
202604230448,   5.232,9999.000,9999.000,9999.000,9999.000,9999.000,9999.000,9999.000,9999.000
202604230454,   5.355,9999.000,9999.000,9999.000,9999.000,9999.000,9999.000,9999.000,9999.000
202604230500,   5.472,9999.000,   0.600,   0.334,   6.406,   0.500,   6.306,   0.600,   6.406
202604230506,   5.581,9999.000,9999.000,9999.000,9999.000,9999.000,9999.000,9999.000,9999.000
202604230512,   5.684,9999.000,9999.000,9999.000,9999.000,9999.000,9999.000,9999.000,9999.000
202604230518,   5.780,9999.000,9999.000,9999.000,9999.000,9999.000,9999.000,9999.000,9999.000
202604230524,   5.869,9999.000,9999.000,9999.000,9999.000,9999.000,9999.000,9999.000,9999.000
202604230530,   5.951,9999.000,9999.000,9999.000,9999.000,9999.000,9999.000,9999.000,9999.000
202604230536,   6.026,9999.000,9999.000,9999.000,9999.000,9999.000,9999.000,9999.000,9999.000
202604230542,   6.093,9999.000,9999.000,9999.000,9999.000,9999.000,9999.000,9999.000,9999.000
202604230548,   6.154,9999.000,9999.000,9999.000,9999.000,9999.000,9999.000,9999.000,9999.000
202604230554,   6.208,9999.000,9999.000,9999.000,9999.000,9999.000,9999.000,9999.000,9999.000
202604230600,   6.254,9999.000,   0.600,   0.334,   7.188,   0.600,   7.188,   0.600,   7.188
202604230606,   6.294,9999.000,9999.000,9999.000,9999.000,9999.000,9999.000,9999.000,9999.000
202604230612,   6.326,9999.000,9999.000,9999.000,9999.000,9999.000,9999.000,9999.000,9999.000
202604230618,   6.352,9999.000,9999.000,9999.000,9999.000,9999.000,9999.000,9999.000,9999.000
202604230624,   6.371,9999.000,9999.000,9999.000,9999.000,9999.000,9999.000,9999.000,9999.000
202604230630,   6.384,9999.000,9999.000,9999.000,9999.000,9999.000,9999.000,9999.000,9999.000
202604230636,   6.390,9999.000,9999.000,9999.000,9999.000,9999.000,9999.000,9999.000,9999.000
202604230642,   6.389,9999.000,9999.000,9999.000,9999.000,9999.000,9999.000,9999.000,9999.000
202604230648,   6.382,9999.000,9999.000,9999.000,9999.000,9999.000,9999.000,9999.000,9999.000
202604230654,   6.369,9999.000,9999.000,9999.000,9999.000,9999.000,9999.000,9999.000,9999.000
202604230700,   6.350,9999.000,   0.600,   0.334,   7.284,   0.600,   7.284,   0.600,   7.284
202604230706,   6.324,9999.000,9999.000,9999.000,9999.000,9999.000,9999.000,9999.000,9999.000
202604230712,   6.293,9999.000,9999.000,9999.000,9999.000,9999.000,9999.000,9999.000,9999.000
202604230718,   6.256,9999.000,9999.000,9999.000,9999.000,9999.000,9999.000,9999.000,9999.000
202604230724,   6.213,9999.000,9999.000,9999.000,9999.000,9999.000,9999.000,9999.000,9999.000
202604230730,   6.165,9999.000,9999.000,9999.000,9999.000,9999.000,9999.000,9999.000,9999.000
202604230736,   6.112,9999.000,9999.000,9999.000,9999.000,9999.000,9999.000,9999.000,9999.000
202604230742,   6.053,9999.000,9999.000,9999.000,9999.000,9999.000,9999.000,9999.000,9999.000
202604230748,   5.990,9999.000,9999.000,9999.000,9999.000,9999.000,9999.000,9999.000,9999.000
202604230754,   5.921,9999.000,9999.000,9999.000,9999.000,9999.000,9999.000,9999.000,9999.000
202604230800,   5.849,9999.000,   0.600,   0.334,   6.783,   0.600,   6.783,   0.700,   6.883
202604230806,   5.772,9999.000,9999.000,9999.000,9999.000,9999.000,9999.000,9999.000,9999.000
202604230812,   5.691,9999.000,9999.000,9999.000,9999.000,9999.000,9999.000,9999.000,9999.000
202604230818,   5.605,9999.000,9999.000,9999.000,9999.000,9999.000,9999.000,9999.000,9999.000
202604230824,   5.517,9999.000,9999.000,9999.000,9999.000,9999.000,9999.000,9999.000,9999.000
202604230830,   5.424,9999.000,9999.000,9999.000,9999.000,9999.000,9999.000,9999.000,9999.000
202604230836,   5.328,9999.000,9999.000,9999.000,9999.000,9999.000,9999.000,9999.000,9999.000
202604230842,   5.229,9999.000,9999.000,9999.000,9999.000,9999.000,9999.000,9999.000,9999.000
202604230848,   5.127,9999.000,9999.000,9999.000,9999.000,9999.000,9999.000,9999.000,9999.000
202604230854,   5.023,9999.000,9999.000,9999.000,9999.000,9999.000,9999.000,9999.000,9999.000
202604230900,   4.915,9999.000,   0.600,   0.334,   5.849,   0.600,   5.849,   0.700,   5.949
202604230906,   4.805,9999.000,9999.000,9999.000,9999.000,9999.000,9999.000,9999.000,9999.000
202604230912,   4.693,9999.000,9999.000,9999.000,9999.000,9999.000,9999.000,9999.000,9999.000
202604230918,   4.579,9999.000,9999.000,9999.000,9999.000,9999.000,9999.000,9999.000,9999.000
202604230924,   4.463,9999.000,9999.000,9999.000,9999.000,9999.000,9999.000,9999.000,9999.000
202604230930,   4.345,9999.000,9999.000,9999.000,9999.000,9999.000,9999.000,9999.000,9999.000
202604230936,   4.226,9999.000,9999.000,9999.000,9999.000,9999.000,9999.000,9999.000,9999.000
202604230942,   4.105,9999.000,9999.000,9999.000,9999.000,9999.000,9999.000,9999.000,9999.000
202604230948,   3.983,9999.000,9999.000,9999.000,9999.000,9999.000,9999.000,9999.000,9999.000
202604230954,   3.860,9999.000,9999.000,9999.000,9999.000,9999.000,9999.000,9999.000,9999.000
202604231000,   3.735,9999.000,   0.600,   0.334,   4.669,   0.600,   4.669,   0.700,   4.769
202604231006,   3.610,9999.000,9999.000,9999.000,9999.000,9999.000,9999.000,9999.000,9999.000
202604231012,   3.484,9999.000,9999.000,9999.000,9999.000,9999.000,9999.000,9999.000,9999.000
202604231018,   3.358,9999.000,9999.000,9999.000,9999.000,9999.000,9999.000,9999.000,9999.000
202604231024,   3.232,9999.000,9999.000,9999.000,9999.000,9999.000,9999.000,9999.000,9999.000
202604231030,   3.105,9999.000,9999.000,9999.000,9999.000,9999.000,9999.000,9999.000,9999.000
202604231036,   2.979,9999.000,9999.000,9999.000,9999.000,9999.000,9999.000,9999.000,9999.000
202604231042,   2.852,9999.000,9999.000,9999.000,9999.000,9999.000,9999.000,9999.000,9999.000
202604231048,   2.727,9999.000,9999.000,9999.000,9999.000,9999.000,9999.000,9999.000,9999.000
202604231054,   2.601,9999.000,9999.000,9999.000,9999.000,9999.000,9999.000,9999.000,9999.000
202604231100,   2.477,9999.000,   0.600,   0.334,   3.411,   0.600,   3.411,   0.700,   3.511
202604231106,   2.354,9999.000,9999.000,9999.000,9999.000,9999.000,9999.000,9999.000,9999.000
202604231112,   2.233,9999.000,9999.000,9999.000,9999.000,9999.000,9999.000,9999.000,9999.000
202604231118,   2.113,9999.000,9999.000,9999.000,9999.000,9999.000,9999.000,9999.000,9999.000
202604231124,   1.995,9999.000,9999.000,9999.000,9999.000,9999.000,9999.000,9999.000,9999.000
202604231130,   1.879,9999.000,9999.000,9999.000,9999.000,9999.000,9999.000,9999.000,9999.000
202604231136,   1.766,9999.000,9999.000,9999.000,9999.000,9999.000,9999.000,9999.000,9999.000
202604231142,   1.656,9999.000,9999.000,9999.000,9999.000,9999.000,9999.000,9999.000,9999.000
202604231148,   1.548,9999.000,9999.000,9999.000,9999.000,9999.000,9999.000,9999.000,9999.000
202604231154,   1.444,9999.000,9999.000,9999.000,9999.000,9999.000,9999.000,9999.000,9999.000
202604231200,   1.344,9999.000,   0.700,   0.334,   2.378,   0.600,   2.278,   0.700,   2.378
202604231206,   1.247,9999.000,9999.000,9999.000,9999.000,9999.000,9999.000,9999.000,9999.000
202604231212,   1.154,9999.000,9999.000,9999.000,9999.000,9999.000,9999.000,9999.000,9999.000
202604231218,   1.066,9999.000,9999.000,9999.000,9999.000,9999.000,9999.000,9999.000,9999.000
202604231224,   0.983,9999.000,9999.000,9999.000,9999.000,9999.000,9999.000,9999.000,9999.000
202604231230,   0.904,9999.000,9999.000,9999.000,9999.000,9999.000,9999.000,9999.000,9999.000
202604231236,   0.831,9999.000,9999.000,9999.000,9999.000,9999.000,9999.000,9999.000,9999.000
202604231242,   0.763,9999.000,9999.000,9999.000,9999.000,9999.000,9999.000,9999.000,9999.000
202604231248,   0.701,9999.000,9999.000,9999.000,9999.000,9999.000,9999.000,9999.000,9999.000
202604231254,   0.644,9999.000,9999.000,9999.000,9999.000,9999.000,9999.000,9999.000,9999.000
202604231300,   0.594,9999.000,   0.700,   0.334,   1.628,   0.600,   1.528,   0.700,   1.628
202604231306,   0.549,9999.000,9999.000,9999.000,9999.000,9999.000,9999.000,9999.000,9999.000
202604231312,   0.511,9999.000,9999.000,9999.000,9999.000,9999.000,9999.000,9999.000,9999.000
202604231318,   0.478,9999.000,9999.000,9999.000,9999.000,9999.000,9999.000,9999.000,9999.000
202604231324,   0.452,9999.000,9999.000,9999.000,9999.000,9999.000,9999.000,9999.000,9999.000
202604231330,   0.432,9999.000,9999.000,9999.000,9999.000,9999.000,9999.000,9999.000,9999.000
202604231336,   0.419,9999.000,9999.000,9999.000,9999.000,9999.000,9999.000,9999.000,9999.000
202604231342,   0.411,9999.000,9999.000,9999.000,9999.000,9999.000,9999.000,9999.000,9999.000
202604231348,   0.410,9999.000,9999.000,9999.000,9999.000,9999.000,9999.000,9999.000,9999.000
202604231354,   0.415,9999.000,9999.000,9999.000,9999.000,9999.000,9999.000,9999.000,9999.000
202604231400,   0.426,9999.000,   0.700,   0.334,   1.460,   0.600,   1.360,   0.700,   1.460
202604231406,   0.443,9999.000,9999.000,9999.000,9999.000,9999.000,9999.000,9999.000,9999.000
202604231412,   0.466,9999.000,9999.000,9999.000,9999.000,9999.000,9999.000,9999.000,9999.000
202604231418,   0.494,9999.000,9999.000,9999.000,9999.000,9999.000,9999.000,9999.000,9999.000
202604231424,   0.529,9999.000,9999.000,9999.000,9999.000,9999.000,9999.000,9999.000,9999.000
202604231430,   0.569,9999.000,9999.000,9999.000,9999.000,9999.000,9999.000,9999.000,9999.000
202604231436,   0.615,9999.000,9999.000,9999.000,9999.000,9999.000,9999.000,9999.000,9999.000
202604231442,   0.667,9999.000,9999.000,9999.000,9999.000,9999.000,9999.000,9999.000,9999.000
202604231448,   0.724,9999.000,9999.000,9999.000,9999.000,9999.000,9999.000,9999.000,9999.000
202604231454,   0.787,9999.000,9999.000,9999.000,9999.000,9999.000,9999.000,9999.000,9999.000
202604231500,   0.855,9999.000,   0.700,   0.334,   1.889,   0.600,   1.789,   0.700,   1.889
202604231506,   0.929,9999.000,9999.000,9999.000,9999.000,9999.000,9999.000,9999.000,9999.000
202604231512,   1.008,9999.000,9999.000,9999.000,9999.000,9999.000,9999.000,9999.000,9999.000
202604231518,   1.092,9999.000,9999.000,9999.000,9999.000,9999.000,9999.000,9999.000,9999.000
202604231524,   1.182,9999.000,9999.000,9999.000,9999.000,9999.000,9999.000,9999.000,9999.000
202604231530,   1.276,9999.000,9999.000,9999.000,9999.000,9999.000,9999.000,9999.000,9999.000
202604231536,   1.376,9999.000,9999.000,9999.000,9999.000,9999.000,9999.000,9999.000,9999.000
202604231542,   1.481,9999.000,9999.000,9999.000,9999.000,9999.000,9999.000,9999.000,9999.000
202604231548,   1.590,9999.000,9999.000,9999.000,9999.000,9999.000,9999.000,9999.000,9999.000
202604231554,   1.703,9999.000,9999.000,9999.000,9999.000,9999.000,9999.000,9999.000,9999.000
202604231600,   1.821,9999.000,   0.700,   0.334,   2.855,   0.600,   2.755,   0.700,   2.855
202604231606,   1.942,9999.000,9999.000,9999.000,9999.000,9999.000,9999.000,9999.000,9999.000
202604231612,   2.066,9999.000,9999.000,9999.000,9999.000,9999.000,9999.000,9999.000,9999.000
202604231618,   2.192,9999.000,9999.000,9999.000,9999.000,9999.000,9999.000,9999.000,9999.000
202604231624,   2.320,9999.000,9999.000,9999.000,9999.000,9999.000,9999.000,9999.000,9999.000
202604231630,   2.450,9999.000,9999.000,9999.000,9999.000,9999.000,9999.000,9999.000,9999.000
202604231636,   2.580,9999.000,9999.000,9999.000,9999.000,9999.000,9999.000,9999.000,9999.000
202604231642,   2.710,9999.000,9999.000,9999.000,9999.000,9999.000,9999.000,9999.000,9999.000
202604231648,   2.840,9999.000,9999.000,9999.000,9999.000,9999.000,9999.000,9999.000,9999.000
202604231654,   2.967,9999.000,9999.000,9999.000,9999.000,9999.000,9999.000,9999.000,9999.000
202604231700,   3.093,9999.000,   0.700,   0.334,   4.127,   0.600,   4.027,   0.700,   4.127
202604231706,   3.216,9999.000,9999.000,9999.000,9999.000,9999.000,9999.000,9999.000,9999.000
202604231712,   3.336,9999.000,9999.000,9999.000,9999.000,9999.000,9999.000,9999.000,9999.000
202604231718,   3.452,9999.000,9999.000,9999.000,9999.000,9999.000,9999.000,9999.000,9999.000
202604231724,   3.564,9999.000,9999.000,9999.000,9999.000,9999.000,9999.000,9999.000,9999.000
202604231730,   3.672,9999.000,9999.000,9999.000,9999.000,9999.000,9999.000,9999.000,9999.000
202604231736,   3.775,9999.000,9999.000,9999.000,9999.000,9999.000,9999.000,9999.000,9999.000
202604231742,   3.872,9999.000,9999.000,9999.000,9999.000,9999.000,9999.000,9999.000,9999.000
202604231748,   3.964,9999.000,9999.000,9999.000,9999.000,9999.000,9999.000,9999.000,9999.000
202604231754,   4.051,9999.000,9999.000,9999.000,9999.000,9999.000,9999.000,9999.000,9999.000
202604231800,   4.132,9999.000,   0.700,   0.334,   5.166,   0.600,   5.066,   0.700,   5.166
202604231806,   4.208,9999.000,9999.000,9999.000,9999.000,9999.000,9999.000,9999.000,9999.000
202604231812,   4.278,9999.000,9999.000,9999.000,9999.000,9999.000,9999.000,9999.000,9999.000
202604231818,   4.342,9999.000,9999.000,9999.000,9999.000,9999.000,9999.000,9999.000,9999.000
202604231824,   4.400,9999.000,9999.000,9999.000,9999.000,9999.000,9999.000,9999.000,9999.000
202604231830,   4.453,9999.000,9999.000,9999.000,9999.000,9999.000,9999.000,9999.000,9999.000
202604231836,   4.499,9999.000,9999.000,9999.000,9999.000,9999.000,9999.000,9999.000,9999.000
202604231842,   4.540,9999.000,9999.000,9999.000,9999.000,9999.000,9999.000,9999.000,9999.000
202604231848,   4.575,9999.000,9999.000,9999.000,9999.000,9999.000,9999.000,9999.000,9999.000
202604231854,   4.605,9999.000,9999.000,9999.000,9999.000,9999.000,9999.000,9999.000,9999.000
202604231900,   4.628,9999.000,   0.700,   0.334,   5.662,   0.600,   5.562,   0.700,   5.662
202604231906,   4.646,9999.000,9999.000,9999.000,9999.000,9999.000,9999.000,9999.000,9999.000
202604231912,   4.659,9999.000,9999.000,9999.000,9999.000,9999.000,9999.000,9999.000,9999.000
202604231918,   4.666,9999.000,9999.000,9999.000,9999.000,9999.000,9999.000,9999.000,9999.000
202604231924,   4.668,9999.000,9999.000,9999.000,9999.000,9999.000,9999.000,9999.000,9999.000
202604231930,   4.664,9999.000,9999.000,9999.000,9999.000,9999.000,9999.000,9999.000,9999.000
202604231936,   4.655,9999.000,9999.000,9999.000,9999.000,9999.000,9999.000,9999.000,9999.000
202604231942,   4.641,9999.000,9999.000,9999.000,9999.000,9999.000,9999.000,9999.000,9999.000
202604231948,   4.622,9999.000,9999.000,9999.000,9999.000,9999.000,9999.000,9999.000,9999.000
202604231954,   4.598,9999.000,9999.000,9999.000,9999.000,9999.000,9999.000,9999.000,9999.000
202604232000,   4.570,9999.000,   0.700,   0.334,   5.604,   0.600,   5.504,   0.700,   5.604
202604232006,   4.537,9999.000,9999.000,9999.000,9999.000,9999.000,9999.000,9999.000,9999.000
202604232012,   4.499,9999.000,9999.000,9999.000,9999.000,9999.000,9999.000,9999.000,9999.000
202604232018,   4.457,9999.000,9999.000,9999.000,9999.000,9999.000,9999.000,9999.000,9999.000
202604232024,   4.412,9999.000,9999.000,9999.000,9999.000,9999.000,9999.000,9999.000,9999.000
202604232030,   4.362,9999.000,9999.000,9999.000,9999.000,9999.000,9999.000,9999.000,9999.000
202604232036,   4.308,9999.000,9999.000,9999.000,9999.000,9999.000,9999.000,9999.000,9999.000
202604232042,   4.251,9999.000,9999.000,9999.000,9999.000,9999.000,9999.000,9999.000,9999.000
202604232048,   4.191,9999.000,9999.000,9999.000,9999.000,9999.000,9999.000,9999.000,9999.000
202604232054,   4.127,9999.000,9999.000,9999.000,9999.000,9999.000,9999.000,9999.000,9999.000
202604232100,   4.061,9999.000,   0.700,   0.334,   5.095,   0.700,   5.095,   0.700,   5.095
202604232106,   3.991,9999.000,9999.000,9999.000,9999.000,9999.000,9999.000,9999.000,9999.000
202604232112,   3.919,9999.000,9999.000,9999.000,9999.000,9999.000,9999.000,9999.000,9999.000
202604232118,   3.844,9999.000,9999.000,9999.000,9999.000,9999.000,9999.000,9999.000,9999.000
202604232124,   3.766,9999.000,9999.000,9999.000,9999.000,9999.000,9999.000,9999.000,9999.000
202604232130,   3.687,9999.000,9999.000,9999.000,9999.000,9999.000,9999.000,9999.000,9999.000
202604232136,   3.605,9999.000,9999.000,9999.000,9999.000,9999.000,9999.000,9999.000,9999.000
202604232142,   3.521,9999.000,9999.000,9999.000,9999.000,9999.000,9999.000,9999.000,9999.000
202604232148,   3.436,9999.000,9999.000,9999.000,9999.000,9999.000,9999.000,9999.000,9999.000
202604232154,   3.348,9999.000,9999.000,9999.000,9999.000,9999.000,9999.000,9999.000,9999.000
202604232200,   3.259,9999.000,   0.700,   0.334,   4.293,   0.700,   4.293,   0.800,   4.393
202604232206,   3.169,9999.000,9999.000,9999.000,9999.000,9999.000,9999.000,9999.000,9999.000
202604232212,   3.078,9999.000,9999.000,9999.000,9999.000,9999.000,9999.000,9999.000,9999.000
202604232218,   2.985,9999.000,9999.000,9999.000,9999.000,9999.000,9999.000,9999.000,9999.000
202604232224,   2.891,9999.000,9999.000,9999.000,9999.000,9999.000,9999.000,9999.000,9999.000
202604232230,   2.797,9999.000,9999.000,9999.000,9999.000,9999.000,9999.000,9999.000,9999.000
202604232236,   2.701,9999.000,9999.000,9999.000,9999.000,9999.000,9999.000,9999.000,9999.000
202604232242,   2.605,9999.000,9999.000,9999.000,9999.000,9999.000,9999.000,9999.000,9999.000
202604232248,   2.509,9999.000,9999.000,9999.000,9999.000,9999.000,9999.000,9999.000,9999.000
202604232254,   2.413,9999.000,9999.000,9999.000,9999.000,9999.000,9999.000,9999.000,9999.000
202604232300,   2.317,9999.000,   0.700,   0.334,   3.351,   0.700,   3.351,   0.800,   3.451
202604232306,   2.220,9999.000,9999.000,9999.000,9999.000,9999.000,9999.000,9999.000,9999.000
202604232312,   2.124,9999.000,9999.000,9999.000,9999.000,9999.000,9999.000,9999.000,9999.000
202604232318,   2.029,9999.000,9999.000,9999.000,9999.000,9999.000,9999.000,9999.000,9999.000
202604232324,   1.934,9999.000,9999.000,9999.000,9999.000,9999.000,9999.000,9999.000,9999.000
202604232330,   1.841,9999.000,9999.000,9999.000,9999.000,9999.000,9999.000,9999.000,9999.000
202604232336,   1.749,9999.000,9999.000,9999.000,9999.000,9999.000,9999.000,9999.000,9999.000
202604232342,   1.658,9999.000,9999.000,9999.000,9999.000,9999.000,9999.000,9999.000,9999.000
202604232348,   1.569,9999.000,9999.000,9999.000,9999.000,9999.000,9999.000,9999.000,9999.000
202604232354,   1.482,9999.000,9999.000,9999.000,9999.000,9999.000,9999.000,9999.000,9999.000
202604240000,   1.397,9999.000,   0.700,   0.334,   2.431,   0.700,   2.431,   0.800,   2.531
202604240006,   1.315,9999.000,9999.000,9999.000,9999.000,9999.000,9999.000,9999.000,9999.000
202604240012,   1.235,9999.000,9999.000,9999.000,9999.000,9999.000,9999.000,9999.000,9999.000
202604240018,   1.159,9999.000,9999.000,9999.000,9999.000,9999.000,9999.000,9999.000,9999.000
202604240024,   1.087,9999.000,9999.000,9999.000,9999.000,9999.000,9999.000,9999.000,9999.000
202604240030,   1.018,9999.000,9999.000,9999.000,9999.000,9999.000,9999.000,9999.000,9999.000
202604240036,   0.953,9999.000,9999.000,9999.000,9999.000,9999.000,9999.000,9999.000,9999.000
202604240042,   0.892,9999.000,9999.000,9999.000,9999.000,9999.000,9999.000,9999.000,9999.000
202604240048,   0.837,9999.000,9999.000,9999.000,9999.000,9999.000,9999.000,9999.000,9999.000
202604240054,   0.786,9999.000,9999.000,9999.000,9999.000,9999.000,9999.000,9999.000,9999.000
202604240100,   0.740,9999.000,   0.700,   0.334,   1.774,   0.700,   1.774,   0.800,   1.874
202604240106,   0.700,9999.000,9999.000,9999.000,9999.000,9999.000,9999.000,9999.000,9999.000
202604240112,   0.666,9999.000,9999.000,9999.000,9999.000,9999.000,9999.000,9999.000,9999.000
202604240118,   0.638,9999.000,9999.000,9999.000,9999.000,9999.000,9999.000,9999.000,9999.000
202604240124,   0.616,9999.000,9999.000,9999.000,9999.000,9999.000,9999.000,9999.000,9999.000
202604240130,   0.601,9999.000,9999.000,9999.000,9999.000,9999.000,9999.000,9999.000,9999.000
202604240136,   0.592,9999.000,9999.000,9999.000,9999.000,9999.000,9999.000,9999.000,9999.000
202604240142,   0.590,9999.000,9999.000,9999.000,9999.000,9999.000,9999.000,9999.000,9999.000
202604240148,   0.595,9999.000,9999.000,9999.000,9999.000,9999.000,9999.000,9999.000,9999.000
202604240154,   0.607,9999.000,9999.000,9999.000,9999.000,9999.000,9999.000,9999.000,9999.000
202604240200,   0.625,9999.000,   0.700,   0.334,   1.659,   0.700,   1.659,   0.800,   1.759
202604240206,   0.651,9999.000,9999.000,9999.000,9999.000,9999.000,9999.000,9999.000,9999.000
202604240212,   0.683,9999.000,9999.000,9999.000,9999.000,9999.000,9999.000,9999.000,9999.000
202604240218,   0.722,9999.000,9999.000,9999.000,9999.000,9999.000,9999.000,9999.000,9999.000
202604240224,   0.768,9999.000,9999.000,9999.000,9999.000,9999.000,9999.000,9999.000,9999.000
202604240230,   0.820,9999.000,9999.000,9999.000,9999.000,9999.000,9999.000,9999.000,9999.000
202604240236,   0.879,9999.000,9999.000,9999.000,9999.000,9999.000,9999.000,9999.000,9999.000
202604240242,   0.944,9999.000,9999.000,9999.000,9999.000,9999.000,9999.000,9999.000,9999.000
202604240248,   1.014,9999.000,9999.000,9999.000,9999.000,9999.000,9999.000,9999.000,9999.000
202604240254,   1.091,9999.000,9999.000,9999.000,9999.000,9999.000,9999.000,9999.000,9999.000
202604240300,   1.173,9999.000,   0.700,   0.334,   2.207,   0.600,   2.107,   0.800,   2.307
202604240306,   1.261,9999.000,9999.000,9999.000,9999.000,9999.000,9999.000,9999.000,9999.000
202604240312,   1.355,9999.000,9999.000,9999.000,9999.000,9999.000,9999.000,9999.000,9999.000
202604240318,   1.454,9999.000,9999.000,9999.000,9999.000,9999.000,9999.000,9999.000,9999.000
202604240324,   1.558,9999.000,9999.000,9999.000,9999.000,9999.000,9999.000,9999.000,9999.000
202604240330,   1.667,9999.000,9999.000,9999.000,9999.000,9999.000,9999.000,9999.000,9999.000
202604240336,   1.781,9999.000,9999.000,9999.000,9999.000,9999.000,9999.000,9999.000,9999.000
202604240342,   1.900,9999.000,9999.000,9999.000,9999.000,9999.000,9999.000,9999.000,9999.000
202604240348,   2.024,9999.000,9999.000,9999.000,9999.000,9999.000,9999.000,9999.000,9999.000
202604240354,   2.153,9999.000,9999.000,9999.000,9999.000,9999.000,9999.000,9999.000,9999.000
202604240400,   2.285,9999.000,   0.700,   0.334,   3.319,   0.600,   3.219,   0.700,   3.319
202604240406,   2.422,9999.000,9999.000,9999.000,9999.000,9999.000,9999.000,9999.000,9999.000
202604240412,   2.562,9999.000,9999.000,9999.000,9999.000,9999.000,9999.000,9999.000,9999.000
202604240418,   2.705,9999.000,9999.000,9999.000,9999.000,9999.000,9999.000,9999.000,9999.000
202604240424,   2.851,9999.000,9999.000,9999.000,9999.000,9999.000,9999.000,9999.000,9999.000
202604240430,   3.000,9999.000,9999.000,9999.000,9999.000,9999.000,9999.000,9999.000,9999.000
202604240436,   3.150,9999.000,9999.000,9999.000,9999.000,9999.000,9999.000,9999.000,9999.000
202604240442,   3.301,9999.000,9999.000,9999.000,9999.000,9999.000,9999.000,9999.000,9999.000
202604240448,   3.453,9999.000,9999.000,9999.000,9999.000,9999.000,9999.000,9999.000,9999.000
202604240454,   3.605,9999.000,9999.000,9999.000,9999.000,9999.000,9999.000,9999.000,9999.000
202604240500,   3.756,9999.000,   0.600,   0.334,   4.690,   0.600,   4.690,   0.700,   4.790
202604240506,   3.905,9999.000,9999.000,9999.000,9999.000,9999.000,9999.000,9999.000,9999.000
202604240512,   4.053,9999.000,9999.000,9999.000,9999.000,9999.000,9999.000,9999.000,9999.000
202604240518,   4.198,9999.000,9999.000,9999.000,9999.000,9999.000,9999.000,9999.000,9999.000
202604240524,   4.339,9999.000,9999.000,9999.000,9999.000,9999.000,9999.000,9999.000,9999.000
202604240530,   4.477,9999.000,9999.000,9999.000,9999.000,9999.000,9999.000,9999.000,9999.000
202604240536,   4.610,9999.000,9999.000,9999.000,9999.000,9999.000,9999.000,9999.000,9999.000
202604240542,   4.738,9999.000,9999.000,9999.000,9999.000,9999.000,9999.000,9999.000,9999.000
202604240548,   4.861,9999.000,9999.000,9999.000,9999.000,9999.000,9999.000,9999.000,9999.000
202604240554,   4.979,9999.000,9999.000,9999.000,9999.000,9999.000,9999.000,9999.000,9999.000
202604240600,   5.091,9999.000,   0.600,   0.334,   6.025,   0.600,   6.025,   0.700,   6.125
202604240606,   5.197,9999.000,9999.000,9999.000,9999.000,9999.000,9999.000,9999.000,9999.000
202604240612,   5.297,9999.000,9999.000,9999.000,9999.000,9999.000,9999.000,9999.000,9999.000
202604240618,   5.391,9999.000,9999.000,9999.000,9999.000,9999.000,9999.000,9999.000,9999.000
202604240624,   5.478,9999.000,9999.000,9999.000,9999.000,9999.000,9999.000,9999.000,9999.000
202604240630,   5.560,9999.000,9999.000,9999.000,9999.000,9999.000,9999.000,9999.000,9999.000
202604240636,   5.634,9999.000,9999.000,9999.000,9999.000,9999.000,9999.000,9999.000,9999.000
202604240642,   5.703,9999.000,9999.000,9999.000,9999.000,9999.000,9999.000,9999.000,9999.000
202604240648,   5.765,9999.000,9999.000,9999.000,9999.000,9999.000,9999.000,9999.000,9999.000
202604240654,   5.821,9999.000,9999.000,9999.000,9999.000,9999.000,9999.000,9999.000,9999.000
202604240700,   5.871,9999.000,   0.600,   0.334,   6.805,   0.600,   6.805,   0.700,   6.905
202604240706,   5.915,9999.000,9999.000,9999.000,9999.000,9999.000,9999.000,9999.000,9999.000
202604240712,   5.952,9999.000,9999.000,9999.000,9999.000,9999.000,9999.000,9999.000,9999.000
202604240718,   5.984,9999.000,9999.000,9999.000,9999.000,9999.000,9999.000,9999.000,9999.000
202604240724,   6.009,9999.000,9999.000,9999.000,9999.000,9999.000,9999.000,9999.000,9999.000
202604240730,   6.028,9999.000,9999.000,9999.000,9999.000,9999.000,9999.000,9999.000,9999.000
202604240736,   6.042,9999.000,9999.000,9999.000,9999.000,9999.000,9999.000,9999.000,9999.000
202604240742,   6.050,9999.000,9999.000,9999.000,9999.000,9999.000,9999.000,9999.000,9999.000
202604240748,   6.052,9999.000,9999.000,9999.000,9999.000,9999.000,9999.000,9999.000,9999.000
202604240754,   6.048,9999.000,9999.000,9999.000,9999.000,9999.000,9999.000,9999.000,9999.000
202604240800,   6.038,9999.000,   0.600,   0.334,   6.972,   0.600,   6.972,   0.700,   7.072
202604240806,   6.024,9999.000,9999.000,9999.000,9999.000,9999.000,9999.000,9999.000,9999.000
202604240812,   6.003,9999.000,9999.000,9999.000,9999.000,9999.000,9999.000,9999.000,9999.000
202604240818,   5.978,9999.000,9999.000,9999.000,9999.000,9999.000,9999.000,9999.000,9999.000
202604240824,   5.947,9999.000,9999.000,9999.000,9999.000,9999.000,9999.000,9999.000,9999.000
202604240830,   5.911,9999.000,9999.000,9999.000,9999.000,9999.000,9999.000,9999.000,9999.000
202604240836,   5.871,9999.000,9999.000,9999.000,9999.000,9999.000,9999.000,9999.000,9999.000
202604240842,   5.825,9999.000,9999.000,9999.000,9999.000,9999.000,9999.000,9999.000,9999.000
202604240848,   5.775,9999.000,9999.000,9999.000,9999.000,9999.000,9999.000,9999.000,9999.000
202604240854,   5.721,9999.000,9999.000,9999.000,9999.000,9999.000,9999.000,9999.000,9999.000
202604240900,   5.662,9999.000,   0.700,   0.334,   6.696,   0.600,   6.596,   0.700,   6.696
202604240906,   5.599,9999.000,9999.000,9999.000,9999.000,9999.000,9999.000,9999.000,9999.000
202604240912,   5.532,9999.000,9999.000,9999.000,9999.000,9999.000,9999.000,9999.000,9999.000
202604240918,   5.461,9999.000,9999.000,9999.000,9999.000,9999.000,9999.000,9999.000,9999.000
202604240924,   5.386,9999.000,9999.000,9999.000,9999.000,9999.000,9999.000,9999.000,9999.000
202604240930,   5.307,9999.000,9999.000,9999.000,9999.000,9999.000,9999.000,9999.000,9999.000
202604240936,   5.226,9999.000,9999.000,9999.000,9999.000,9999.000,9999.000,9999.000,9999.000
202604240942,   5.140,9999.000,9999.000,9999.000,9999.000,9999.000,9999.000,9999.000,9999.000
202604240948,   5.052,9999.000,9999.000,9999.000,9999.000,9999.000,9999.000,9999.000,9999.000
202604240954,   4.961,9999.000,9999.000,9999.000,9999.000,9999.000,9999.000,9999.000,9999.000
202604241000,   4.867,9999.000,   0.700,   0.334,   5.901,   0.700,   5.901,   0.700,   5.901
202604241006,   4.770,9999.000,9999.000,9999.000,9999.000,9999.000,9999.000,9999.000,9999.000
202604241012,   4.670,9999.000,9999.000,9999.000,9999.000,9999.000,9999.000,9999.000,9999.000
202604241018,   4.568,9999.000,9999.000,9999.000,9999.000,9999.000,9999.000,9999.000,9999.000
202604241024,   4.464,9999.000,9999.000,9999.000,9999.000,9999.000,9999.000,9999.000,9999.000
202604241030,   4.358,9999.000,9999.000,9999.000,9999.000,9999.000,9999.000,9999.000,9999.000
202604241036,   4.249,9999.000,9999.000,9999.000,9999.000,9999.000,9999.000,9999.000,9999.000
202604241042,   4.139,9999.000,9999.000,9999.000,9999.000,9999.000,9999.000,9999.000,9999.000
202604241048,   4.026,9999.000,9999.000,9999.000,9999.000,9999.000,9999.000,9999.000,9999.000
202604241054,   3.913,9999.000,9999.000,9999.000,9999.000,9999.000,9999.000,9999.000,9999.000
202604241100,   3.797,9999.000,   0.700,   0.334,   4.831,   0.700,   4.831,   0.700,   4.831
202604241106,   3.681,9999.000,9999.000,9999.000,9999.000,9999.000,9999.000,9999.000,9999.000
202604241112,   3.563,9999.000,9999.000,9999.000,9999.000,9999.000,9999.000,9999.000,9999.000
202604241118,   3.445,9999.000,9999.000,9999.000,9999.000,9999.000,9999.000,9999.000,9999.000
202604241124,   3.326,9999.000,9999.000,9999.000,9999.000,9999.000,9999.000,9999.000,9999.000
202604241130,   3.206,9999.000,9999.000,9999.000,9999.000,9999.000,9999.000,9999.000,9999.000
202604241136,   3.086,9999.000,9999.000,9999.000,9999.000,9999.000,9999.000,9999.000,9999.000
202604241142,   2.966,9999.000,9999.000,9999.000,9999.000,9999.000,9999.000,9999.000,9999.000
202604241148,   2.846,9999.000,9999.000,9999.000,9999.000,9999.000,9999.000,9999.000,9999.000
202604241154,   2.726,9999.000,9999.000,9999.000,9999.000,9999.000,9999.000,9999.000,9999.000
202604241200,   2.607,9999.000,   0.700,   0.334,   3.641,   0.700,   3.641,   0.800,   3.741
202604241206,   2.489,9999.000,9999.000,9999.000,9999.000,9999.000,9999.000,9999.000,9999.000
202604241212,   2.372,9999.000,9999.000,9999.000,9999.000,9999.000,9999.000,9999.000,9999.000
202604241218,   2.257,9999.000,9999.000,9999.000,9999.000,9999.000,9999.000,9999.000,9999.000
202604241224,   2.143,9999.000,9999.000,9999.000,9999.000,9999.000,9999.000,9999.000,9999.000
202604241230,   2.031,9999.000,9999.000,9999.000,9999.000,9999.000,9999.000,9999.000,9999.000
202604241236,   1.921,9999.000,9999.000,9999.000,9999.000,9999.000,9999.000,9999.000,9999.000
202604241242,   1.814,9999.000,9999.000,9999.000,9999.000,9999.000,9999.000,9999.000,9999.000
202604241248,   1.709,9999.000,9999.000,9999.000,9999.000,9999.000,9999.000,9999.000,9999.000
202604241254,   1.608,9999.000,9999.000,9999.000,9999.000,9999.000,9999.000,9999.000,9999.000
202604241300,   1.510,9999.000,   0.800,   0.334,   2.644,   0.700,   2.544,   0.800,   2.644
202604241306,   1.415,9999.000,9999.000,9999.000,9999.000,9999.000,9999.000,9999.000,9999.000
202604241312,   1.325,9999.000,9999.000,9999.000,9999.000,9999.000,9999.000,9999.000,9999.000
202604241318,   1.238,9999.000,9999.000,9999.000,9999.000,9999.000,9999.000,9999.000,9999.000
202604241324,   1.156,9999.000,9999.000,9999.000,9999.000,9999.000,9999.000,9999.000,9999.000
202604241330,   1.079,9999.000,9999.000,9999.000,9999.000,9999.000,9999.000,9999.000,9999.000
202604241336,   1.006,9999.000,9999.000,9999.000,9999.000,9999.000,9999.000,9999.000,9999.000
202604241342,   0.938,9999.000,9999.000,9999.000,9999.000,9999.000,9999.000,9999.000,9999.000
202604241348,   0.875,9999.000,9999.000,9999.000,9999.000,9999.000,9999.000,9999.000,9999.000
202604241354,   0.817,9999.000,9999.000,9999.000,9999.000,9999.000,9999.000,9999.000,9999.000
202604241400,   0.765,9999.000,   0.800,   0.334,   1.899,   0.800,   1.899,   0.900,   1.999
202604241406,   0.718,9999.000,9999.000,9999.000,9999.000,9999.000,9999.000,9999.000,9999.000
202604241412,   0.677,9999.000,9999.000,9999.000,9999.000,9999.000,9999.000,9999.000,9999.000
202604241418,   0.641,9999.000,9999.000,9999.000,9999.000,9999.000,9999.000,9999.000,9999.000
202604241424,   0.611,9999.000,9999.000,9999.000,9999.000,9999.000,9999.000,9999.000,9999.000
202604241430,   0.586,9999.000,9999.000,9999.000,9999.000,9999.000,9999.000,9999.000,9999.000
202604241436,   0.567,9999.000,9999.000,9999.000,9999.000,9999.000,9999.000,9999.000,9999.000
202604241442,   0.554,9999.000,9999.000,9999.000,9999.000,9999.000,9999.000,9999.000,9999.000
202604241448,   0.546,9999.000,9999.000,9999.000,9999.000,9999.000,9999.000,9999.000,9999.000
202604241454,   0.544,9999.000,9999.000,9999.000,9999.000,9999.000,9999.000,9999.000,9999.000
202604241500,   0.547,9999.000,   0.800,   0.334,   1.681,   0.800,   1.681,   0.900,   1.781
202604241506,   0.555,9999.000,9999.000,9999.000,9999.000,9999.000,9999.000,9999.000,9999.000
202604241512,   0.569,9999.000,9999.000,9999.000,9999.000,9999.000,9999.000,9999.000,9999.000
202604241518,   0.589,9999.000,9999.000,9999.000,9999.000,9999.000,9999.000,9999.000,9999.000
202604241524,   0.613,9999.000,9999.000,9999.000,9999.000,9999.000,9999.000,9999.000,9999.000
202604241530,   0.644,9999.000,9999.000,9999.000,9999.000,9999.000,9999.000,9999.000,9999.000
202604241536,   0.680,9999.000,9999.000,9999.000,9999.000,9999.000,9999.000,9999.000,9999.000
202604241542,   0.721,9999.000,9999.000,9999.000,9999.000,9999.000,9999.000,9999.000,9999.000
202604241548,   0.768,9999.000,9999.000,9999.000,9999.000,9999.000,9999.000,9999.000,9999.000
202604241554,   0.820,9999.000,9999.000,9999.000,9999.000,9999.000,9999.000,9999.000,9999.000
202604241600,   0.879,9999.000,   0.800,   0.334,   2.013,   0.800,   2.013,   0.900,   2.113
202604241606,   0.943,9999.000,9999.000,9999.000,9999.000,9999.000,9999.000,9999.000,9999.000
202604241612,   1.012,9999.000,9999.000,9999.000,9999.000,9999.000,9999.000,9999.000,9999.000
202604241618,   1.088,9999.000,9999.000,9999.000,9999.000,9999.000,9999.000,9999.000,9999.000
202604241624,   1.169,9999.000,9999.000,9999.000,9999.000,9999.000,9999.000,9999.000,9999.000
202604241630,   1.255,9999.000,9999.000,9999.000,9999.000,9999.000,9999.000,9999.000,9999.000
202604241636,   1.348,9999.000,9999.000,9999.000,9999.000,9999.000,9999.000,9999.000,9999.000
202604241642,   1.445,9999.000,9999.000,9999.000,9999.000,9999.000,9999.000,9999.000,9999.000
202604241648,   1.548,9999.000,9999.000,9999.000,9999.000,9999.000,9999.000,9999.000,9999.000
202604241654,   1.656,9999.000,9999.000,9999.000,9999.000,9999.000,9999.000,9999.000,9999.000
202604241700,   1.768,9999.000,   0.900,   0.334,   3.002,   0.800,   2.902,   0.900,   3.002
202604241706,   1.884,9999.000,9999.000,9999.000,9999.000,9999.000,9999.000,9999.000,9999.000
202604241712,   2.004,9999.000,9999.000,9999.000,9999.000,9999.000,9999.000,9999.000,9999.000
202604241718,   2.127,9999.000,9999.000,9999.000,9999.000,9999.000,9999.000,9999.000,9999.000
202604241724,   2.252,9999.000,9999.000,9999.000,9999.000,9999.000,9999.000,9999.000,9999.000
202604241730,   2.379,9999.000,9999.000,9999.000,9999.000,9999.000,9999.000,9999.000,9999.000
202604241736,   2.507,9999.000,9999.000,9999.000,9999.000,9999.000,9999.000,9999.000,9999.000
202604241742,   2.635,9999.000,9999.000,9999.000,9999.000,9999.000,9999.000,9999.000,9999.000
202604241748,   2.763,9999.000,9999.000,9999.000,9999.000,9999.000,9999.000,9999.000,9999.000
202604241754,   2.890,9999.000,9999.000,9999.000,9999.000,9999.000,9999.000,9999.000,9999.000
202604241800,   3.015,9999.000,   0.900,   0.334,   4.249,   0.800,   4.149,   1.000,   4.349
202604241806,   3.138,9999.000,9999.000,9999.000,9999.000,9999.000,9999.000,9999.000,9999.000
202604241812,   3.259,9999.000,9999.000,9999.000,9999.000,9999.000,9999.000,9999.000,9999.000
202604241818,   3.376,9999.000,9999.000,9999.000,9999.000,9999.000,9999.000,9999.000,9999.000
202604241824,   3.489,9999.000,9999.000,9999.000,9999.000,9999.000,9999.000,9999.000,9999.000
202604241830,   3.598,9999.000,9999.000,9999.000,9999.000,9999.000,9999.000,9999.000,9999.000
202604241836,   3.703,9999.000,9999.000,9999.000,9999.000,9999.000,9999.000,9999.000,9999.000
202604241842,   3.804,9999.000,9999.000,9999.000,9999.000,9999.000,9999.000,9999.000,9999.000
202604241848,   3.900,9999.000,9999.000,9999.000,9999.000,9999.000,9999.000,9999.000,9999.000
202604241854,   3.991,9999.000,9999.000,9999.000,9999.000,9999.000,9999.000,9999.000,9999.000
202604241900,   4.077,9999.000,   0.900,   0.334,   5.311,   0.900,   5.311,   1.000,   5.411
202604241906,   4.158,9999.000,9999.000,9999.000,9999.000,9999.000,9999.000,9999.000,9999.000
202604241912,   4.234,9999.000,9999.000,9999.000,9999.000,9999.000,9999.000,9999.000,9999.000
202604241918,   4.304,9999.000,9999.000,9999.000,9999.000,9999.000,9999.000,9999.000,9999.000
202604241924,   4.370,9999.000,9999.000,9999.000,9999.000,9999.000,9999.000,9999.000,9999.000
202604241930,   4.430,9999.000,9999.000,9999.000,9999.000,9999.000,9999.000,9999.000,9999.000
202604241936,   4.485,9999.000,9999.000,9999.000,9999.000,9999.000,9999.000,9999.000,9999.000
202604241942,   4.535,9999.000,9999.000,9999.000,9999.000,9999.000,9999.000,9999.000,9999.000
202604241948,   4.579,9999.000,9999.000,9999.000,9999.000,9999.000,9999.000,9999.000,9999.000
202604241954,   4.618,9999.000,9999.000,9999.000,9999.000,9999.000,9999.000,9999.000,9999.000
202604242000,   4.652,9999.000,   0.900,   0.334,   5.886,   0.900,   5.886,   1.000,   5.986
202604242006,   4.680,9999.000,9999.000,9999.000,9999.000,9999.000,9999.000,9999.000,9999.000
202604242012,   4.703,9999.000,9999.000,9999.000,9999.000,9999.000,9999.000,9999.000,9999.000
202604242018,   4.721,9999.000,9999.000,9999.000,9999.000,9999.000,9999.000,9999.000,9999.000
202604242024,   4.733,9999.000,9999.000,9999.000,9999.000,9999.000,9999.000,9999.000,9999.000
202604242030,   4.741,9999.000,9999.000,9999.000,9999.000,9999.000,9999.000,9999.000,9999.000
202604242036,   4.743,9999.000,9999.000,9999.000,9999.000,9999.000,9999.000,9999.000,9999.000
202604242042,   4.740,9999.000,9999.000,9999.000,9999.000,9999.000,9999.000,9999.000,9999.000
202604242048,   4.732,9999.000,9999.000,9999.000,9999.000,9999.000,9999.000,9999.000,9999.000
202604242054,   4.719,9999.000,9999.000,9999.000,9999.000,9999.000,9999.000,9999.000,9999.000
202604242100,   4.701,9999.000,   0.900,   0.334,   5.935,   0.900,   5.935,   1.000,   6.035
202604242106,   4.679,9999.000,9999.000,9999.000,9999.000,9999.000,9999.000,9999.000,9999.000
202604242112,   4.652,9999.000,9999.000,9999.000,9999.000,9999.000,9999.000,9999.000,9999.000
202604242118,   4.621,9999.000,9999.000,9999.000,9999.000,9999.000,9999.000,9999.000,9999.000
202604242124,   4.585,9999.000,9999.000,9999.000,9999.000,9999.000,9999.000,9999.000,9999.000
202604242130,   4.545,9999.000,9999.000,9999.000,9999.000,9999.000,9999.000,9999.000,9999.000
202604242136,   4.501,9999.000,9999.000,9999.000,9999.000,9999.000,9999.000,9999.000,9999.000
202604242142,   4.453,9999.000,9999.000,9999.000,9999.000,9999.000,9999.000,9999.000,9999.000
202604242148,   4.401,9999.000,9999.000,9999.000,9999.000,9999.000,9999.000,9999.000,9999.000
202604242154,   4.346,9999.000,9999.000,9999.000,9999.000,9999.000,9999.000,9999.000,9999.000
202604242200,   4.287,9999.000,   1.000,   0.334,   5.621,   0.900,   5.521,   1.000,   5.621
202604242206,   4.225,9999.000,9999.000,9999.000,9999.000,9999.000,9999.000,9999.000,9999.000
202604242212,   4.160,9999.000,9999.000,9999.000,9999.000,9999.000,9999.000,9999.000,9999.000
202604242218,   4.091,9999.000,9999.000,9999.000,9999.000,9999.000,9999.000,9999.000,9999.000
202604242224,   4.020,9999.000,9999.000,9999.000,9999.000,9999.000,9999.000,9999.000,9999.000
202604242230,   3.946,9999.000,9999.000,9999.000,9999.000,9999.000,9999.000,9999.000,9999.000
202604242236,   3.869,9999.000,9999.000,9999.000,9999.000,9999.000,9999.000,9999.000,9999.000
202604242242,   3.790,9999.000,9999.000,9999.000,9999.000,9999.000,9999.000,9999.000,9999.000
202604242248,   3.708,9999.000,9999.000,9999.000,9999.000,9999.000,9999.000,9999.000,9999.000
202604242254,   3.624,9999.000,9999.000,9999.000,9999.000,9999.000,9999.000,9999.000,9999.000
202604242300,   3.539,9999.000,   1.000,   0.334,   4.873,   0.900,   4.773,   1.000,   4.873
202604242306,   3.451,9999.000,9999.000,9999.000,9999.000,9999.000,9999.000,9999.000,9999.000
202604242312,   3.361,9999.000,9999.000,9999.000,9999.000,9999.000,9999.000,9999.000,9999.000
202604242318,   3.270,9999.000,9999.000,9999.000,9999.000,9999.000,9999.000,9999.000,9999.000
202604242324,   3.177,9999.000,9999.000,9999.000,9999.000,9999.000,9999.000,9999.000,9999.000
202604242330,   3.083,9999.000,9999.000,9999.000,9999.000,9999.000,9999.000,9999.000,9999.000
202604242336,   2.988,9999.000,9999.000,9999.000,9999.000,9999.000,9999.000,9999.000,9999.000
202604242342,   2.892,9999.000,9999.000,9999.000,9999.000,9999.000,9999.000,9999.000,9999.000
202604242348,   2.795,9999.000,9999.000,9999.000,9999.000,9999.000,9999.000,9999.000,9999.000
202604242354,   2.697,9999.000,9999.000,9999.000,9999.000,9999.000,9999.000,9999.000,9999.000
202604250000,   2.600,9999.000,   1.000,   0.334,   3.934,   0.900,   3.834,   1.100,   4.034
202604250006,   2.502,9999.000,9999.000,9999.000,9999.000,9999.000,9999.000,9999.000,9999.000
202604250012,   2.404,9999.000,9999.000,9999.000,9999.000,9999.000,9999.000,9999.000,9999.000
202604250018,   2.306,9999.000,9999.000,9999.000,9999.000,9999.000,9999.000,9999.000,9999.000
202604250024,   2.209,9999.000,9999.000,9999.000,9999.000,9999.000,9999.000,9999.000,9999.000
202604250030,   2.113,9999.000,9999.000,9999.000,9999.000,9999.000,9999.000,9999.000,9999.000
202604250036,   2.018,9999.000,9999.000,9999.000,9999.000,9999.000,9999.000,9999.000,9999.000
202604250042,   1.924,9999.000,9999.000,9999.000,9999.000,9999.000,9999.000,9999.000,9999.000
202604250048,   1.832,9999.000,9999.000,9999.000,9999.000,9999.000,9999.000,9999.000,9999.000
202604250054,   1.741,9999.000,9999.000,9999.000,9999.000,9999.000,9999.000,9999.000,9999.000
202604250100,   1.653,9999.000,   1.000,   0.334,   2.987,   1.000,   2.987,   1.100,   3.087
202604250106,   1.567,9999.000,9999.000,9999.000,9999.000,9999.000,9999.000,9999.000,9999.000
202604250112,   1.484,9999.000,9999.000,9999.000,9999.000,9999.000,9999.000,9999.000,9999.000
202604250118,   1.403,9999.000,9999.000,9999.000,9999.000,9999.000,9999.000,9999.000,9999.000
202604250124,   1.326,9999.000,9999.000,9999.000,9999.000,9999.000,9999.000,9999.000,9999.000
202604250130,   1.253,9999.000,9999.000,9999.000,9999.000,9999.000,9999.000,9999.000,9999.000
202604250136,   1.183,9999.000,9999.000,9999.000,9999.000,9999.000,9999.000,9999.000,9999.000
202604250142,   1.117,9999.000,9999.000,9999.000,9999.000,9999.000,9999.000,9999.000,9999.000
202604250148,   1.055,9999.000,9999.000,9999.000,9999.000,9999.000,9999.000,9999.000,9999.000
202604250154,   0.998,9999.000,9999.000,9999.000,9999.000,9999.000,9999.000,9999.000,9999.000
202604250200,   0.946,9999.000,   1.000,   0.334,   2.280,   1.000,   2.280,   1.100,   2.380
202604250206,   0.899,9999.000,9999.000,9999.000,9999.000,9999.000,9999.000,9999.000,9999.000
202604250212,   0.857,9999.000,9999.000,9999.000,9999.000,9999.000,9999.000,9999.000,9999.000
202604250218,   0.820,9999.000,9999.000,9999.000,9999.000,9999.000,9999.000,9999.000,9999.000
202604250224,   0.789,9999.000,9999.000,9999.000,9999.000,9999.000,9999.000,9999.000,9999.000
202604250230,   0.764,9999.000,9999.000,9999.000,9999.000,9999.000,9999.000,9999.000,9999.000
202604250236,   0.744,9999.000,9999.000,9999.000,9999.000,9999.000,9999.000,9999.000,9999.000
202604250242,   0.731,9999.000,9999.000,9999.000,9999.000,9999.000,9999.000,9999.000,9999.000
202604250248,   0.723,9999.000,9999.000,9999.000,9999.000,9999.000,9999.000,9999.000,9999.000
202604250254,   0.721,9999.000,9999.000,9999.000,9999.000,9999.000,9999.000,9999.000,9999.000
202604250300,   0.726,9999.000,   1.000,   0.334,   2.060,   1.000,   2.060,   1.100,   2.160
202604250306,   0.736,9999.000,9999.000,9999.000,9999.000,9999.000,9999.000,9999.000,9999.000
202604250312,   0.753,9999.000,9999.000,9999.000,9999.000,9999.000,9999.000,9999.000,9999.000
202604250318,   0.775,9999.000,9999.000,9999.000,9999.000,9999.000,9999.000,9999.000,9999.000
202604250324,   0.804,9999.000,9999.000,9999.000,9999.000,9999.000,9999.000,9999.000,9999.000
202604250330,   0.838,9999.000,9999.000,9999.000,9999.000,9999.000,9999.000,9999.000,9999.000
202604250336,   0.879,9999.000,9999.000,9999.000,9999.000,9999.000,9999.000,9999.000,9999.000
202604250342,   0.925,9999.000,9999.000,9999.000,9999.000,9999.000,9999.000,9999.000,9999.000
202604250348,   0.977,9999.000,9999.000,9999.000,9999.000,9999.000,9999.000,9999.000,9999.000
202604250354,   1.034,9999.000,9999.000,9999.000,9999.000,9999.000,9999.000,9999.000,9999.000
202604250400,   1.098,9999.000,   1.000,   0.334,   2.432,   0.900,   2.332,   1.100,   2.532
202604250406,   1.167,9999.000,9999.000,9999.000,9999.000,9999.000,9999.000,9999.000,9999.000
202604250412,   1.241,9999.000,9999.000,9999.000,9999.000,9999.000,9999.000,9999.000,9999.000
202604250418,   1.322,9999.000,9999.000,9999.000,9999.000,9999.000,9999.000,9999.000,9999.000
202604250424,   1.408,9999.000,9999.000,9999.000,9999.000,9999.000,9999.000,9999.000,9999.000
202604250430,   1.499,9999.000,9999.000,9999.000,9999.000,9999.000,9999.000,9999.000,9999.000
202604250436,   1.597,9999.000,9999.000,9999.000,9999.000,9999.000,9999.000,9999.000,9999.000
202604250442,   1.699,9999.000,9999.000,9999.000,9999.000,9999.000,9999.000,9999.000,9999.000
202604250448,   1.808,9999.000,9999.000,9999.000,9999.000,9999.000,9999.000,9999.000,9999.000
202604250454,   1.921,9999.000,9999.000,9999.000,9999.000,9999.000,9999.000,9999.000,9999.000
202604250500,   2.039,9999.000,   1.000,   0.334,   3.373,   1.000,   3.373,   1.100,   3.473
202604250506,   2.162,9999.000,9999.000,9999.000,9999.000,9999.000,9999.000,9999.000,9999.000
202604250512,   2.290,9999.000,9999.000,9999.000,9999.000,9999.000,9999.000,9999.000,9999.000
202604250518,   2.421,9999.000,9999.000,9999.000,9999.000,9999.000,9999.000,9999.000,9999.000
202604250524,   2.557,9999.000,9999.000,9999.000,9999.000,9999.000,9999.000,9999.000,9999.000
202604250530,   2.695,9999.000,9999.000,9999.000,9999.000,9999.000,9999.000,9999.000,9999.000
202604250536,   2.835,9999.000,9999.000,9999.000,9999.000,9999.000,9999.000,9999.000,9999.000
202604250542,   2.978,9999.000,9999.000,9999.000,9999.000,9999.000,9999.000,9999.000,9999.000
202604250548,   3.122,9999.000,9999.000,9999.000,9999.000,9999.000,9999.000,9999.000,9999.000
202604250554,   3.266,9999.000,9999.000,9999.000,9999.000,9999.000,9999.000,9999.000,9999.000
202604250600,   3.410,9999.000,   1.000,   0.334,   4.744,   0.900,   4.644,   1.200,   4.944
202604250606,   3.553,9999.000,9999.000,9999.000,9999.000,9999.000,9999.000,9999.000,9999.000
202604250612,   3.695,9999.000,9999.000,9999.000,9999.000,9999.000,9999.000,9999.000,9999.000
202604250618,   3.835,9999.000,9999.000,9999.000,9999.000,9999.000,9999.000,9999.000,9999.000
202604250624,   3.972,9999.000,9999.000,9999.000,9999.000,9999.000,9999.000,9999.000,9999.000
202604250630,   4.105,9999.000,9999.000,9999.000,9999.000,9999.000,9999.000,9999.000,9999.000
202604250636,   4.235,9999.000,9999.000,9999.000,9999.000,9999.000,9999.000,9999.000,9999.000
202604250642,   4.361,9999.000,9999.000,9999.000,9999.000,9999.000,9999.000,9999.000,9999.000
202604250648,   4.483,9999.000,9999.000,9999.000,9999.000,9999.000,9999.000,9999.000,9999.000
202604250654,   4.599,9999.000,9999.000,9999.000,9999.000,9999.000,9999.000,9999.000,9999.000
202604250700,   4.711,9999.000,   1.000,   0.334,   6.045,   0.900,   5.945,   1.200,   6.245
202604250706,   4.818,9999.000,9999.000,9999.000,9999.000,9999.000,9999.000,9999.000,9999.000
202604250712,   4.920,9999.000,9999.000,9999.000,9999.000,9999.000,9999.000,9999.000,9999.000
202604250718,   5.016,9999.000,9999.000,9999.000,9999.000,9999.000,9999.000,9999.000,9999.000
202604250724,   5.107,9999.000,9999.000,9999.000,9999.000,9999.000,9999.000,9999.000,9999.000
202604250730,   5.192,9999.000,9999.000,9999.000,9999.000,9999.000,9999.000,9999.000,9999.000
202604250736,   5.272,9999.000,9999.000,9999.000,9999.000,9999.000,9999.000,9999.000,9999.000
202604250742,   5.347,9999.000,9999.000,9999.000,9999.000,9999.000,9999.000,9999.000,9999.000
202604250748,   5.416,9999.000,9999.000,9999.000,9999.000,9999.000,9999.000,9999.000,9999.000
202604250754,   5.479,9999.000,9999.000,9999.000,9999.000,9999.000,9999.000,9999.000,9999.000
202604250800,   5.537,9999.000,   1.000,   0.334,   6.871,   0.900,   6.771,   1.200,   7.071
202604250806,   5.590,9999.000,9999.000,9999.000,9999.000,9999.000,9999.000,9999.000,9999.000
202604250812,   5.637,9999.000,9999.000,9999.000,9999.000,9999.000,9999.000,9999.000,9999.000
202604250818,   5.678,9999.000,9999.000,9999.000,9999.000,9999.000,9999.000,9999.000,9999.000
202604250824,   5.714,9999.000,9999.000,9999.000,9999.000,9999.000,9999.000,9999.000,9999.000
202604250830,   5.744,9999.000,9999.000,9999.000,9999.000,9999.000,9999.000,9999.000,9999.000
202604250836,   5.769,9999.000,9999.000,9999.000,9999.000,9999.000,9999.000,9999.000,9999.000
202604250842,   5.788,9999.000,9999.000,9999.000,9999.000,9999.000,9999.000,9999.000,9999.000
202604250848,   5.802,9999.000,9999.000,9999.000,9999.000,9999.000,9999.000,9999.000,9999.000
202604250854,   5.810,9999.000,9999.000,9999.000,9999.000,9999.000,9999.000,9999.000,9999.000
202604250900,   5.812,9999.000,   1.000,   0.334,   7.146,   0.900,   7.046,   1.200,   7.346
202604250906,   5.809,9999.000,9999.000,9999.000,9999.000,9999.000,9999.000,9999.000,9999.000
202604250912,   5.801,9999.000,9999.000,9999.000,9999.000,9999.000,9999.000,9999.000,9999.000
202604250918,   5.788,9999.000,9999.000,9999.000,9999.000,9999.000,9999.000,9999.000,9999.000
202604250924,   5.769,9999.000,9999.000,9999.000,9999.000,9999.000,9999.000,9999.000,9999.000
202604250930,   5.745,9999.000,9999.000,9999.000,9999.000,9999.000,9999.000,9999.000,9999.000
202604250936,   5.716,9999.000,9999.000,9999.000,9999.000,9999.000,9999.000,9999.000,9999.000
202604250942,   5.681,9999.000,9999.000,9999.000,9999.000,9999.000,9999.000,9999.000,9999.000
202604250948,   5.642,9999.000,9999.000,9999.000,9999.000,9999.000,9999.000,9999.000,9999.000
202604250954,   5.598,9999.000,9999.000,9999.000,9999.000,9999.000,9999.000,9999.000,9999.000
202604251000,   5.550,9999.000,   1.000,   0.334,   6.884,   0.900,   6.784,   1.200,   7.084
202604251006,   5.497,9999.000,9999.000,9999.000,9999.000,9999.000,9999.000,9999.000,9999.000
202604251012,   5.440,9999.000,9999.000,9999.000,9999.000,9999.000,9999.000,9999.000,9999.000
202604251018,   5.378,9999.000,9999.000,9999.000,9999.000,9999.000,9999.000,9999.000,9999.000
202604251024,   5.312,9999.000,9999.000,9999.000,9999.000,9999.000,9999.000,9999.000,9999.000
202604251030,   5.242,9999.000,9999.000,9999.000,9999.000,9999.000,9999.000,9999.000,9999.000
202604251036,   5.168,9999.000,9999.000,9999.000,9999.000,9999.000,9999.000,9999.000,9999.000
202604251042,   5.091,9999.000,9999.000,9999.000,9999.000,9999.000,9999.000,9999.000,9999.000
202604251048,   5.010,9999.000,9999.000,9999.000,9999.000,9999.000,9999.000,9999.000,9999.000
202604251054,   4.926,9999.000,9999.000,9999.000,9999.000,9999.000,9999.000,9999.000,9999.000
202604251100,   4.838,9999.000,   1.100,   0.334,   6.272,   0.900,   6.072,   1.200,   6.372
202604251106,   4.747,9999.000,9999.000,9999.000,9999.000,9999.000,9999.000,9999.000,9999.000
202604251112,   4.653,9999.000,9999.000,9999.000,9999.000,9999.000,9999.000,9999.000,9999.000
202604251118,   4.556,9999.000,9999.000,9999.000,9999.000,9999.000,9999.000,9999.000,9999.000
202604251124,   4.457,9999.000,9999.000,9999.000,9999.000,9999.000,9999.000,9999.000,9999.000
202604251130,   4.355,9999.000,9999.000,9999.000,9999.000,9999.000,9999.000,9999.000,9999.000
202604251136,   4.250,9999.000,9999.000,9999.000,9999.000,9999.000,9999.000,9999.000,9999.000
202604251142,   4.144,9999.000,9999.000,9999.000,9999.000,9999.000,9999.000,9999.000,9999.000
202604251148,   4.035,9999.000,9999.000,9999.000,9999.000,9999.000,9999.000,9999.000,9999.000
202604251154,   3.924,9999.000,9999.000,9999.000,9999.000,9999.000,9999.000,9999.000,9999.000
202604251200,   3.812,9999.000,   1.100,   0.334,   5.246,   0.900,   5.046,   1.200,   5.346
202604251206,   3.698,9999.000,9999.000,9999.000,9999.000,9999.000,9999.000,9999.000,9999.000
202604251212,   3.583,9999.000,9999.000,9999.000,9999.000,9999.000,9999.000,9999.000,9999.000
202604251218,   3.467,9999.000,9999.000,9999.000,9999.000,9999.000,9999.000,9999.000,9999.000
202604251224,   3.350,9999.000,9999.000,9999.000,9999.000,9999.000,9999.000,9999.000,9999.000
202604251230,   3.232,9999.000,9999.000,9999.000,9999.000,9999.000,9999.000,9999.000,9999.000
202604251236,   3.114,9999.000,9999.000,9999.000,9999.000,9999.000,9999.000,9999.000,9999.000
202604251242,   2.996,9999.000,9999.000,9999.000,9999.000,9999.000,9999.000,9999.000,9999.000
202604251248,   2.878,9999.000,9999.000,9999.000,9999.000,9999.000,9999.000,9999.000,9999.000
202604251254,   2.760,9999.000,9999.000,9999.000,9999.000,9999.000,9999.000,9999.000,9999.000
202604251300,   2.642,9999.000,   1.100,   0.334,   4.076,   0.900,   3.876,   1.300,   4.276
202604251306,   2.526,9999.000,9999.000,9999.000,9999.000,9999.000,9999.000,9999.000,9999.000
202604251312,   2.410,9999.000,9999.000,9999.000,9999.000,9999.000,9999.000,9999.000,9999.000
202604251318,   2.296,9999.000,9999.000,9999.000,9999.000,9999.000,9999.000,9999.000,9999.000
202604251324,   2.184,9999.000,9999.000,9999.000,9999.000,9999.000,9999.000,9999.000,9999.000
202604251330,   2.074,9999.000,9999.000,9999.000,9999.000,9999.000,9999.000,9999.000,9999.000
202604251336,   1.965,9999.000,9999.000,9999.000,9999.000,9999.000,9999.000,9999.000,9999.000
202604251342,   1.860,9999.000,9999.000,9999.000,9999.000,9999.000,9999.000,9999.000,9999.000
202604251348,   1.756,9999.000,9999.000,9999.000,9999.000,9999.000,9999.000,9999.000,9999.000
202604251354,   1.656,9999.000,9999.000,9999.000,9999.000,9999.000,9999.000,9999.000,9999.000
202604251400,   1.559,9999.000,   1.100,   0.334,   2.993,   0.900,   2.793,   1.300,   3.193
202604251406,   1.466,9999.000,9999.000,9999.000,9999.000,9999.000,9999.000,9999.000,9999.000
202604251412,   1.376,9999.000,9999.000,9999.000,9999.000,9999.000,9999.000,9999.000,9999.000
202604251418,   1.290,9999.000,9999.000,9999.000,9999.000,9999.000,9999.000,9999.000,9999.000
202604251424,   1.208,9999.000,9999.000,9999.000,9999.000,9999.000,9999.000,9999.000,9999.000
202604251430,   1.131,9999.000,9999.000,9999.000,9999.000,9999.000,9999.000,9999.000,9999.000
202604251436,   1.058,9999.000,9999.000,9999.000,9999.000,9999.000,9999.000,9999.000,9999.000
202604251442,   0.989,9999.000,9999.000,9999.000,9999.000,9999.000,9999.000,9999.000,9999.000
202604251448,   0.926,9999.000,9999.000,9999.000,9999.000,9999.000,9999.000,9999.000,9999.000
202604251454,   0.867,9999.000,9999.000,9999.000,9999.000,9999.000,9999.000,9999.000,9999.000
202604251500,   0.813,9999.000,   1.100,   0.334,   2.247,   0.900,   2.047,   1.300,   2.447
202604251506,   0.764,9999.000,9999.000,9999.000,9999.000,9999.000,9999.000,9999.000,9999.000
202604251512,   0.721,9999.000,9999.000,9999.000,9999.000,9999.000,9999.000,9999.000,9999.000
202604251518,   0.682,9999.000,9999.000,9999.000,9999.000,9999.000,9999.000,9999.000,9999.000
202604251524,   0.649,9999.000,9999.000,9999.000,9999.000,9999.000,9999.000,9999.000,9999.000
202604251530,   0.621,9999.000,9999.000,9999.000,9999.000,9999.000,9999.000,9999.000,9999.000
202604251536,   0.598,9999.000,9999.000,9999.000,9999.000,9999.000,9999.000,9999.000,9999.000
202604251542,   0.581,9999.000,9999.000,9999.000,9999.000,9999.000,9999.000,9999.000,9999.000
202604251548,   0.568,9999.000,9999.000,9999.000,9999.000,9999.000,9999.000,9999.000,9999.000
202604251554,   0.562,9999.000,9999.000,9999.000,9999.000,9999.000,9999.000,9999.000,9999.000
202604251600,   0.560,9999.000,   1.100,   0.334,   1.994,   0.900,   1.794,   1.300,   2.194
202604251606,   0.564,9999.000,9999.000,9999.000,9999.000,9999.000,9999.000,9999.000,9999.000
202604251612,   0.574,9999.000,9999.000,9999.000,9999.000,9999.000,9999.000,9999.000,9999.000
202604251618,   0.589,9999.000,9999.000,9999.000,9999.000,9999.000,9999.000,9999.000,9999.000
202604251624,   0.609,9999.000,9999.000,9999.000,9999.000,9999.000,9999.000,9999.000,9999.000
202604251630,   0.636,9999.000,9999.000,9999.000,9999.000,9999.000,9999.000,9999.000,9999.000
202604251636,   0.668,9999.000,9999.000,9999.000,9999.000,9999.000,9999.000,9999.000,9999.000
202604251642,   0.706,9999.000,9999.000,9999.000,9999.000,9999.000,9999.000,9999.000,9999.000
202604251648,   0.750,9999.000,9999.000,9999.000,9999.000,9999.000,9999.000,9999.000,9999.000
202604251654,   0.800,9999.000,9999.000,9999.000,9999.000,9999.000,9999.000,9999.000,9999.000
202604251700,   0.856,9999.000,   1.100,   0.334,   2.290,   0.900,   2.090,   1.300,   2.490
202604251706,   0.919,9999.000,9999.000,9999.000,9999.000,9999.000,9999.000,9999.000,9999.000
202604251712,   0.988,9999.000,9999.000,9999.000,9999.000,9999.000,9999.000,9999.000,9999.000
202604251718,   1.063,9999.000,9999.000,9999.000,9999.000,9999.000,9999.000,9999.000,9999.000
202604251724,   1.144,9999.000,9999.000,9999.000,9999.000,9999.000,9999.000,9999.000,9999.000
202604251730,   1.231,9999.000,9999.000,9999.000,9999.000,9999.000,9999.000,9999.000,9999.000
202604251736,   1.325,9999.000,9999.000,9999.000,9999.000,9999.000,9999.000,9999.000,9999.000
202604251742,   1.424,9999.000,9999.000,9999.000,9999.000,9999.000,9999.000,9999.000,9999.000
202604251748,   1.528,9999.000,9999.000,9999.000,9999.000,9999.000,9999.000,9999.000,9999.000
202604251754,   1.638,9999.000,9999.000,9999.000,9999.000,9999.000,9999.000,9999.000,9999.000
202604251800,   1.753,9999.000,   1.100,   0.334,   3.187,   0.900,   2.987,   1.300,   3.387
202604251806,   1.872,9999.000,9999.000,9999.000,9999.000,9999.000,9999.000,9999.000,9999.000
202604251812,   1.995,9999.000,9999.000,9999.000,9999.000,9999.000,9999.000,9999.000,9999.000
202604251818,   2.120,9999.000,9999.000,9999.000,9999.000,9999.000,9999.000,9999.000,9999.000
202604251824,   2.248,9999.000,9999.000,9999.000,9999.000,9999.000,9999.000,9999.000,9999.000
202604251830,   2.378,9999.000,9999.000,9999.000,9999.000,9999.000,9999.000,9999.000,9999.000
202604251836,   2.510,9999.000,9999.000,9999.000,9999.000,9999.000,9999.000,9999.000,9999.000
202604251842,   2.641,9999.000,9999.000,9999.000,9999.000,9999.000,9999.000,9999.000,9999.000
202604251848,   2.773,9999.000,9999.000,9999.000,9999.000,9999.000,9999.000,9999.000,9999.000
202604251854,   2.903,9999.000,9999.000,9999.000,9999.000,9999.000,9999.000,9999.000,9999.000
202604251900,   3.033,9999.000,   1.100,   0.334,   4.467,   0.900,   4.267,   1.300,   4.667
202604251906,   3.160,9999.000,9999.000,9999.000,9999.000,9999.000,9999.000,9999.000,9999.000
202604251912,   3.285,9999.000,9999.000,9999.000,9999.000,9999.000,9999.000,9999.000,9999.000
202604251918,   3.407,9999.000,9999.000,9999.000,9999.000,9999.000,9999.000,9999.000,9999.000
202604251924,   3.526,9999.000,9999.000,9999.000,9999.000,9999.000,9999.000,9999.000,9999.000
202604251930,   3.642,9999.000,9999.000,9999.000,9999.000,9999.000,9999.000,9999.000,9999.000
202604251936,   3.754,9999.000,9999.000,9999.000,9999.000,9999.000,9999.000,9999.000,9999.000
202604251942,   3.862,9999.000,9999.000,9999.000,9999.000,9999.000,9999.000,9999.000,9999.000
202604251948,   3.966,9999.000,9999.000,9999.000,9999.000,9999.000,9999.000,9999.000,9999.000
202604251954,   4.066,9999.000,9999.000,9999.000,9999.000,9999.000,9999.000,9999.000,9999.000
202604252000,   4.162,9999.000,   1.100,   0.334,   5.596,   0.900,   5.396,   1.300,   5.796
202604252006,   4.252,9999.000,9999.000,9999.000,9999.000,9999.000,9999.000,9999.000,9999.000
202604252012,   4.339,9999.000,9999.000,9999.000,9999.000,9999.000,9999.000,9999.000,9999.000
202604252018,   4.420,9999.000,9999.000,9999.000,9999.000,9999.000,9999.000,9999.000,9999.000
202604252024,   4.497,9999.000,9999.000,9999.000,9999.000,9999.000,9999.000,9999.000,9999.000
202604252030,   4.568,9999.000,9999.000,9999.000,9999.000,9999.000,9999.000,9999.000,9999.000
202604252036,   4.634,9999.000,9999.000,9999.000,9999.000,9999.000,9999.000,9999.000,9999.000
202604252042,   4.696,9999.000,9999.000,9999.000,9999.000,9999.000,9999.000,9999.000,9999.000
202604252048,   4.752,9999.000,9999.000,9999.000,9999.000,9999.000,9999.000,9999.000,9999.000
202604252054,   4.802,9999.000,9999.000,9999.000,9999.000,9999.000,9999.000,9999.000,9999.000
202604252100,   4.847,9999.000,   1.100,   0.334,   6.281,   1.000,   6.181,   1.400,   6.581
202604252106,   4.886,9999.000,9999.000,9999.000,9999.000,9999.000,9999.000,9999.000,9999.000
202604252112,   4.920,9999.000,9999.000,9999.000,9999.000,9999.000,9999.000,9999.000,9999.000
202604252118,   4.948,9999.000,9999.000,9999.000,9999.000,9999.000,9999.000,9999.000,9999.000
202604252124,   4.971,9999.000,9999.000,9999.000,9999.000,9999.000,9999.000,9999.000,9999.000
202604252130,   4.988,9999.000,9999.000,9999.000,9999.000,9999.000,9999.000,9999.000,9999.000
202604252136,   4.999,9999.000,9999.000,9999.000,9999.000,9999.000,9999.000,9999.000,9999.000
202604252142,   5.004,9999.000,9999.000,9999.000,9999.000,9999.000,9999.000,9999.000,9999.000
202604252148,   5.004,9999.000,9999.000,9999.000,9999.000,9999.000,9999.000,9999.000,9999.000
202604252154,   4.998,9999.000,9999.000,9999.000,9999.000,9999.000,9999.000,9999.000,9999.000
202604252200,   4.987,9999.000,   1.100,   0.334,   6.421,   0.900,   6.221,   1.400,   6.721
202604252206,   4.971,9999.000,9999.000,9999.000,9999.000,9999.000,9999.000,9999.000,9999.000
202604252212,   4.949,9999.000,9999.000,9999.000,9999.000,9999.000,9999.000,9999.000,9999.000
202604252218,   4.922,9999.000,9999.000,9999.000,9999.000,9999.000,9999.000,9999.000,9999.000
202604252224,   4.890,9999.000,9999.000,9999.000,9999.000,9999.000,9999.000,9999.000,9999.000
202604252230,   4.854,9999.000,9999.000,9999.000,9999.000,9999.000,9999.000,9999.000,9999.000
202604252236,   4.812,9999.000,9999.000,9999.000,9999.000,9999.000,9999.000,9999.000,9999.000
202604252242,   4.766,9999.000,9999.000,9999.000,9999.000,9999.000,9999.000,9999.000,9999.000
202604252248,   4.716,9999.000,9999.000,9999.000,9999.000,9999.000,9999.000,9999.000,9999.000
202604252254,   4.662,9999.000,9999.000,9999.000,9999.000,9999.000,9999.000,9999.000,9999.000
202604252300,   4.603,9999.000,   1.100,   0.334,   6.037,   0.900,   5.837,   1.400,   6.337
202604252306,   4.541,9999.000,9999.000,9999.000,9999.000,9999.000,9999.000,9999.000,9999.000
202604252312,   4.474,9999.000,9999.000,9999.000,9999.000,9999.000,9999.000,9999.000,9999.000
202604252318,   4.405,9999.000,9999.000,9999.000,9999.000,9999.000,9999.000,9999.000,9999.000
202604252324,   4.331,9999.000,9999.000,9999.000,9999.000,9999.000,9999.000,9999.000,9999.000
202604252330,   4.255,9999.000,9999.000,9999.000,9999.000,9999.000,9999.000,9999.000,9999.000
202604252336,   4.175,9999.000,9999.000,9999.000,9999.000,9999.000,9999.000,9999.000,9999.000
202604252342,   4.093,9999.000,9999.000,9999.000,9999.000,9999.000,9999.000,9999.000,9999.000
202604252348,   4.007,9999.000,9999.000,9999.000,9999.000,9999.000,9999.000,9999.000,9999.000
202604252354,   3.919,9999.000,9999.000,9999.000,9999.000,9999.000,9999.000,9999.000,9999.000
202604260000,   3.829,9999.000,   1.200,   0.334,   5.363,   0.900,   5.063,   1.400,   5.563
202604260006,   3.736,9999.000,9999.000,9999.000,9999.000,9999.000,9999.000,9999.000,9999.000
202604260012,   3.642,9999.000,9999.000,9999.000,9999.000,9999.000,9999.000,9999.000,9999.000
202604260018,   3.545,9999.000,9999.000,9999.000,9999.000,9999.000,9999.000,9999.000,9999.000
202604260024,   3.447,9999.000,9999.000,9999.000,9999.000,9999.000,9999.000,9999.000,9999.000
202604260030,   3.347,9999.000,9999.000,9999.000,9999.000,9999.000,9999.000,9999.000,9999.000
202604260036,   3.246,9999.000,9999.000,9999.000,9999.000,9999.000,9999.000,9999.000,9999.000
202604260042,   3.143,9999.000,9999.000,9999.000,9999.000,9999.000,9999.000,9999.000,9999.000
202604260048,   3.040,9999.000,9999.000,9999.000,9999.000,9999.000,9999.000,9999.000,9999.000
202604260054,   2.936,9999.000,9999.000,9999.000,9999.000,9999.000,9999.000,9999.000,9999.000
202604260100,   2.832,9999.000,   1.200,   0.334,   4.366,   0.900,   4.066,   1.400,   4.566
202604260106,   2.728,9999.000,9999.000,9999.000,9999.000,9999.000,9999.000,9999.000,9999.000
202604260112,   2.623,9999.000,9999.000,9999.000,9999.000,9999.000,9999.000,9999.000,9999.000
202604260118,   2.519,9999.000,9999.000,9999.000,9999.000,9999.000,9999.000,9999.000,9999.000
202604260124,   2.415,9999.000,9999.000,9999.000,9999.000,9999.000,9999.000,9999.000,9999.000
202604260130,   2.312,9999.000,9999.000,9999.000,9999.000,9999.000,9999.000,9999.000,9999.000
202604260136,   2.210,9999.000,9999.000,9999.000,9999.000,9999.000,9999.000,9999.000,9999.000
202604260142,   2.110,9999.000,9999.000,9999.000,9999.000,9999.000,9999.000,9999.000,9999.000
202604260148,   2.010,9999.000,9999.000,9999.000,9999.000,9999.000,9999.000,9999.000,9999.000
202604260154,   1.913,9999.000,9999.000,9999.000,9999.000,9999.000,9999.000,9999.000,9999.000
202604260200,   1.818,9999.000,   1.200,   0.334,   3.352,   0.900,   3.052,   1.400,   3.552
202604260206,   1.725,9999.000,9999.000,9999.000,9999.000,9999.000,9999.000,9999.000,9999.000
202604260212,   1.635,9999.000,9999.000,9999.000,9999.000,9999.000,9999.000,9999.000,9999.000
202604260218,   1.547,9999.000,9999.000,9999.000,9999.000,9999.000,9999.000,9999.000,9999.000
202604260224,   1.463,9999.000,9999.000,9999.000,9999.000,9999.000,9999.000,9999.000,9999.000
202604260230,   1.382,9999.000,9999.000,9999.000,9999.000,9999.000,9999.000,9999.000,9999.000
202604260236,   1.305,9999.000,9999.000,9999.000,9999.000,9999.000,9999.000,9999.000,9999.000
202604260242,   1.232,9999.000,9999.000,9999.000,9999.000,9999.000,9999.000,9999.000,9999.000
202604260248,   1.162,9999.000,9999.000,9999.000,9999.000,9999.000,9999.000,9999.000,9999.000
202604260254,   1.097,9999.000,9999.000,9999.000,9999.000,9999.000,9999.000,9999.000,9999.000
202604260300,   1.037,9999.000,   1.200,   0.334,   2.571,   0.900,   2.271,   1.500,   2.871
202604260306,   0.981,9999.000,9999.000,9999.000,9999.000,9999.000,9999.000,9999.000,9999.000
202604260312,   0.930,9999.000,9999.000,9999.000,9999.000,9999.000,9999.000,9999.000,9999.000
202604260318,   0.884,9999.000,9999.000,9999.000,9999.000,9999.000,9999.000,9999.000,9999.000
202604260324,   0.843,9999.000,9999.000,9999.000,9999.000,9999.000,9999.000,9999.000,9999.000
202604260330,   0.807,9999.000,9999.000,9999.000,9999.000,9999.000,9999.000,9999.000,9999.000
202604260336,   0.777,9999.000,9999.000,9999.000,9999.000,9999.000,9999.000,9999.000,9999.000
202604260342,   0.752,9999.000,9999.000,9999.000,9999.000,9999.000,9999.000,9999.000,9999.000
202604260348,   0.733,9999.000,9999.000,9999.000,9999.000,9999.000,9999.000,9999.000,9999.000
202604260354,   0.719,9999.000,9999.000,9999.000,9999.000,9999.000,9999.000,9999.000,9999.000
202604260400,   0.711,9999.000,   1.200,   0.334,   2.245,   1.000,   2.045,   1.400,   2.445
202604260406,   0.709,9999.000,9999.000,9999.000,9999.000,9999.000,9999.000,9999.000,9999.000
202604260412,   0.712,9999.000,9999.000,9999.000,9999.000,9999.000,9999.000,9999.000,9999.000
202604260418,   0.721,9999.000,9999.000,9999.000,9999.000,9999.000,9999.000,9999.000,9999.000
202604260424,   0.736,9999.000,9999.000,9999.000,9999.000,9999.000,9999.000,9999.000,9999.000
202604260430,   0.757,9999.000,9999.000,9999.000,9999.000,9999.000,9999.000,9999.000,9999.000
202604260436,   0.783,9999.000,9999.000,9999.000,9999.000,9999.000,9999.000,9999.000,9999.000
202604260442,   0.816,9999.000,9999.000,9999.000,9999.000,9999.000,9999.000,9999.000,9999.000
202604260448,   0.854,9999.000,9999.000,9999.000,9999.000,9999.000,9999.000,9999.000,9999.000
202604260454,   0.899,9999.000,9999.000,9999.000,9999.000,9999.000,9999.000,9999.000,9999.000
202604260500,   0.949,9999.000,   1.200,   0.334,   2.483,   1.000,   2.283,   1.400,   2.683
202604260506,   1.005,9999.000,9999.000,9999.000,9999.000,9999.000,9999.000,9999.000,9999.000
202604260512,   1.068,9999.000,9999.000,9999.000,9999.000,9999.000,9999.000,9999.000,9999.000
202604260518,   1.137,9999.000,9999.000,9999.000,9999.000,9999.000,9999.000,9999.000,9999.000
202604260524,   1.212,9999.000,9999.000,9999.000,9999.000,9999.000,9999.000,9999.000,9999.000
202604260530,   1.293,9999.000,9999.000,9999.000,9999.000,9999.000,9999.000,9999.000,9999.000
202604260536,   1.380,9999.000,9999.000,9999.000,9999.000,9999.000,9999.000,9999.000,9999.000
202604260542,   1.473,9999.000,9999.000,9999.000,9999.000,9999.000,9999.000,9999.000,9999.000
202604260548,   1.573,9999.000,9999.000,9999.000,9999.000,9999.000,9999.000,9999.000,9999.000
202604260554,   1.678,9999.000,9999.000,9999.000,9999.000,9999.000,9999.000,9999.000,9999.000
202604260600,   1.788,9999.000,   1.200,   0.334,   3.322,   1.000,   3.122,   1.400,   3.522
202604260606,   1.904,9999.000,9999.000,9999.000,9999.000,9999.000,9999.000,9999.000,9999.000
202604260612,   2.025,9999.000,9999.000,9999.000,9999.000,9999.000,9999.000,9999.000,9999.000
202604260618,   2.151,9999.000,9999.000,9999.000,9999.000,9999.000,9999.000,9999.000,9999.000
202604260624,   2.280,9999.000,9999.000,9999.000,9999.000,9999.000,9999.000,9999.000,9999.000
202604260630,   2.413,9999.000,9999.000,9999.000,9999.000,9999.000,9999.000,9999.000,9999.000
202604260636,   2.549,9999.000,9999.000,9999.000,9999.000,9999.000,9999.000,9999.000,9999.000
202604260642,   2.687,9999.000,9999.000,9999.000,9999.000,9999.000,9999.000,9999.000,9999.000
202604260648,   2.827,9999.000,9999.000,9999.000,9999.000,9999.000,9999.000,9999.000,9999.000
202604260654,   2.967,9999.000,9999.000,9999.000,9999.000,9999.000,9999.000,9999.000,9999.000
202604260700,   3.108,9999.000,   1.200,   0.334,   4.642,   1.000,   4.442,   1.400,   4.842
202604260706,   3.249,9999.000,9999.000,9999.000,9999.000,9999.000,9999.000,9999.000,9999.000
202604260712,   3.389,9999.000,9999.000,9999.000,9999.000,9999.000,9999.000,9999.000,9999.000
202604260718,   3.527,9999.000,9999.000,9999.000,9999.000,9999.000,9999.000,9999.000,9999.000
202604260724,   3.663,9999.000,9999.000,9999.000,9999.000,9999.000,9999.000,9999.000,9999.000
202604260730,   3.797,9999.000,9999.000,9999.000,9999.000,9999.000,9999.000,9999.000,9999.000
202604260736,   3.928,9999.000,9999.000,9999.000,9999.000,9999.000,9999.000,9999.000,9999.000
202604260742,   4.055,9999.000,9999.000,9999.000,9999.000,9999.000,9999.000,9999.000,9999.000
202604260748,   4.179,9999.000,9999.000,9999.000,9999.000,9999.000,9999.000,9999.000,9999.000
202604260754,   4.299,9999.000,9999.000,9999.000,9999.000,9999.000,9999.000,9999.000,9999.000
202604260800,   4.415,9999.000,   1.200,   0.334,   5.949,   0.900,   5.649,   1.400,   6.149
202604260806,   4.526,9999.000,9999.000,9999.000,9999.000,9999.000,9999.000,9999.000,9999.000
202604260812,   4.634,9999.000,9999.000,9999.000,9999.000,9999.000,9999.000,9999.000,9999.000
202604260818,   4.736,9999.000,9999.000,9999.000,9999.000,9999.000,9999.000,9999.000,9999.000
202604260824,   4.834,9999.000,9999.000,9999.000,9999.000,9999.000,9999.000,9999.000,9999.000
202604260830,   4.927,9999.000,9999.000,9999.000,9999.000,9999.000,9999.000,9999.000,9999.000
202604260836,   5.016,9999.000,9999.000,9999.000,9999.000,9999.000,9999.000,9999.000,9999.000
202604260842,   5.099,9999.000,9999.000,9999.000,9999.000,9999.000,9999.000,9999.000,9999.000
202604260848,   5.177,9999.000,9999.000,9999.000,9999.000,9999.000,9999.000,9999.000,9999.000
202604260854,   5.250,9999.000,9999.000,9999.000,9999.000,9999.000,9999.000,9999.000,9999.000
202604260900,   5.317,9999.000,   1.200,   0.334,   6.851,   0.900,   6.551,   1.400,   7.051
202604260906,   5.380,9999.000,9999.000,9999.000,9999.000,9999.000,9999.000,9999.000,9999.000
202604260912,   5.436,9999.000,9999.000,9999.000,9999.000,9999.000,9999.000,9999.000,9999.000
202604260918,   5.487,9999.000,9999.000,9999.000,9999.000,9999.000,9999.000,9999.000,9999.000
202604260924,   5.532,9999.000,9999.000,9999.000,9999.000,9999.000,9999.000,9999.000,9999.000
202604260930,   5.572,9999.000,9999.000,9999.000,9999.000,9999.000,9999.000,9999.000,9999.000
202604260936,   5.605,9999.000,9999.000,9999.000,9999.000,9999.000,9999.000,9999.000,9999.000
202604260942,   5.633,9999.000,9999.000,9999.000,9999.000,9999.000,9999.000,9999.000,9999.000
202604260948,   5.655,9999.000,9999.000,9999.000,9999.000,9999.000,9999.000,9999.000,9999.000
202604260954,   5.671,9999.000,9999.000,9999.000,9999.000,9999.000,9999.000,9999.000,9999.000
202604261000,   5.680,9999.000,   1.200,   0.334,   7.214,   1.000,   7.014,   1.400,   7.414
202604261006,   5.684,9999.000,9999.000,9999.000,9999.000,9999.000,9999.000,9999.000,9999.000
202604261012,   5.682,9999.000,9999.000,9999.000,9999.000,9999.000,9999.000,9999.000,9999.000
202604261018,   5.675,9999.000,9999.000,9999.000,9999.000,9999.000,9999.000,9999.000,9999.000
202604261024,   5.661,9999.000,9999.000,9999.000,9999.000,9999.000,9999.000,9999.000,9999.000
202604261030,   5.642,9999.000,9999.000,9999.000,9999.000,9999.000,9999.000,9999.000,9999.000
202604261036,   5.617,9999.000,9999.000,9999.000,9999.000,9999.000,9999.000,9999.000,9999.000
202604261042,   5.587,9999.000,9999.000,9999.000,9999.000,9999.000,9999.000,9999.000,9999.000
202604261048,   5.552,9999.000,9999.000,9999.000,9999.000,9999.000,9999.000,9999.000,9999.000
202604261054,   5.511,9999.000,9999.000,9999.000,9999.000,9999.000,9999.000,9999.000,9999.000
202604261100,   5.466,9999.000,   1.200,   0.334,   7.000,   1.000,   6.800,   1.400,   7.200
202604261106,   5.415,9999.000,9999.000,9999.000,9999.000,9999.000,9999.000,9999.000,9999.000
202604261112,   5.360,9999.000,9999.000,9999.000,9999.000,9999.000,9999.000,9999.000,9999.000
202604261118,   5.300,9999.000,9999.000,9999.000,9999.000,9999.000,9999.000,9999.000,9999.000
202604261124,   5.235,9999.000,9999.000,9999.000,9999.000,9999.000,9999.000,9999.000,9999.000
202604261130,   5.167,9999.000,9999.000,9999.000,9999.000,9999.000,9999.000,9999.000,9999.000
202604261136,   5.094,9999.000,9999.000,9999.000,9999.000,9999.000,9999.000,9999.000,9999.000
202604261142,   5.017,9999.000,9999.000,9999.000,9999.000,9999.000,9999.000,9999.000,9999.000
202604261148,   4.937,9999.000,9999.000,9999.000,9999.000,9999.000,9999.000,9999.000,9999.000
202604261154,   4.853,9999.000,9999.000,9999.000,9999.000,9999.000,9999.000,9999.000,9999.000
202604261200,   4.765,9999.000,   1.200,   0.334,   6.299,   1.000,   6.099,   1.500,   6.599
202604261206,   4.674,9999.000,9999.000,9999.000,9999.000,9999.000,9999.000,9999.000,9999.000
202604261212,   4.580,9999.000,9999.000,9999.000,9999.000,9999.000,9999.000,9999.000,9999.000
202604261218,   4.483,9999.000,9999.000,9999.000,9999.000,9999.000,9999.000,9999.000,9999.000
202604261224,   4.383,9999.000,9999.000,9999.000,9999.000,9999.000,9999.000,9999.000,9999.000
202604261230,   4.280,9999.000,9999.000,9999.000,9999.000,9999.000,9999.000,9999.000,9999.000
202604261236,   4.175,9999.000,9999.000,9999.000,9999.000,9999.000,9999.000,9999.000,9999.000
202604261242,   4.068,9999.000,9999.000,9999.000,9999.000,9999.000,9999.000,9999.000,9999.000
202604261248,   3.958,9999.000,9999.000,9999.000,9999.000,9999.000,9999.000,9999.000,9999.000
202604261254,   3.847,9999.000,9999.000,9999.000,9999.000,9999.000,9999.000,9999.000,9999.000
202604261300,   3.734,9999.000,   1.200,   0.334,   5.268,   0.900,   4.968,   1.500,   5.568
202604261306,   3.619,9999.000,9999.000,9999.000,9999.000,9999.000,9999.000,9999.000,9999.000
202604261312,   3.503,9999.000,9999.000,9999.000,9999.000,9999.000,9999.000,9999.000,9999.000
202604261318,   3.386,9999.000,9999.000,9999.000,9999.000,9999.000,9999.000,9999.000,9999.000
202604261324,   3.268,9999.000,9999.000,9999.000,9999.000,9999.000,9999.000,9999.000,9999.000
202604261330,   3.150,9999.000,9999.000,9999.000,9999.000,9999.000,9999.000,9999.000,9999.000
202604261336,   3.031,9999.000,9999.000,9999.000,9999.000,9999.000,9999.000,9999.000,9999.000
202604261342,   2.913,9999.000,9999.000,9999.000,9999.000,9999.000,9999.000,9999.000,9999.000
202604261348,   2.794,9999.000,9999.000,9999.000,9999.000,9999.000,9999.000,9999.000,9999.000
202604261354,   2.676,9999.000,9999.000,9999.000,9999.000,9999.000,9999.000,9999.000,9999.000
202604261400,   2.558,9999.000,   1.200,   0.334,   4.092,   0.900,   3.792,   1.500,   4.392
202604261406,   2.441,9999.000,9999.000,9999.000,9999.000,9999.000,9999.000,9999.000,9999.000
202604261412,   2.326,9999.000,9999.000,9999.000,9999.000,9999.000,9999.000,9999.000,9999.000
202604261418,   2.212,9999.000,9999.000,9999.000,9999.000,9999.000,9999.000,9999.000,9999.000
202604261424,   2.100,9999.000,9999.000,9999.000,9999.000,9999.000,9999.000,9999.000,9999.000
202604261430,   1.989,9999.000,9999.000,9999.000,9999.000,9999.000,9999.000,9999.000,9999.000
202604261436,   1.881,9999.000,9999.000,9999.000,9999.000,9999.000,9999.000,9999.000,9999.000
202604261442,   1.776,9999.000,9999.000,9999.000,9999.000,9999.000,9999.000,9999.000,9999.000
202604261448,   1.673,9999.000,9999.000,9999.000,9999.000,9999.000,9999.000,9999.000,9999.000
202604261454,   1.574,9999.000,9999.000,9999.000,9999.000,9999.000,9999.000,9999.000,9999.000
202604261500,   1.477,9999.000,   1.200,   0.334,   3.011,   0.900,   2.711,   1.500,   3.311
202604261506,   1.384,9999.000,9999.000,9999.000,9999.000,9999.000,9999.000,9999.000,9999.000
202604261512,   1.295,9999.000,9999.000,9999.000,9999.000,9999.000,9999.000,9999.000,9999.000
202604261518,   1.210,9999.000,9999.000,9999.000,9999.000,9999.000,9999.000,9999.000,9999.000
202604261524,   1.129,9999.000,9999.000,9999.000,9999.000,9999.000,9999.000,9999.000,9999.000
202604261530,   1.052,9999.000,9999.000,9999.000,9999.000,9999.000,9999.000,9999.000,9999.000
202604261536,   0.979,9999.000,9999.000,9999.000,9999.000,9999.000,9999.000,9999.000,9999.000
202604261542,   0.912,9999.000,9999.000,9999.000,9999.000,9999.000,9999.000,9999.000,9999.000
202604261548,   0.849,9999.000,9999.000,9999.000,9999.000,9999.000,9999.000,9999.000,9999.000
202604261554,   0.790,9999.000,9999.000,9999.000,9999.000,9999.000,9999.000,9999.000,9999.000
202604261600,   0.737,9999.000,   1.200,   0.334,   2.271,   0.900,   1.971,   1.600,   2.671
202604261606,   0.689,9999.000,9999.000,9999.000,9999.000,9999.000,9999.000,9999.000,9999.000
202604261612,   0.646,9999.000,9999.000,9999.000,9999.000,9999.000,9999.000,9999.000,9999.000
202604261618,   0.608,9999.000,9999.000,9999.000,9999.000,9999.000,9999.000,9999.000,9999.000
202604261624,   0.576,9999.000,9999.000,9999.000,9999.000,9999.000,9999.000,9999.000,9999.000
202604261630,   0.549,9999.000,9999.000,9999.000,9999.000,9999.000,9999.000,9999.000,9999.000
202604261636,   0.528,9999.000,9999.000,9999.000,9999.000,9999.000,9999.000,9999.000,9999.000
202604261642,   0.512,9999.000,9999.000,9999.000,9999.000,9999.000,9999.000,9999.000,9999.000
202604261648,   0.501,9999.000,9999.000,9999.000,9999.000,9999.000,9999.000,9999.000,9999.000
202604261654,   0.496,9999.000,9999.000,9999.000,9999.000,9999.000,9999.000,9999.000,9999.000
202604261700,   0.497,9999.000,   1.200,   0.334,   2.031,   0.900,   1.731,   1.600,   2.431
202604261706,   0.504,9999.000,9999.000,9999.000,9999.000,9999.000,9999.000,9999.000,9999.000
202604261712,   0.517,9999.000,9999.000,9999.000,9999.000,9999.000,9999.000,9999.000,9999.000
202604261718,   0.535,9999.000,9999.000,9999.000,9999.000,9999.000,9999.000,9999.000,9999.000
202604261724,   0.560,9999.000,9999.000,9999.000,9999.000,9999.000,9999.000,9999.000,9999.000
202604261730,   0.591,9999.000,9999.000,9999.000,9999.000,9999.000,9999.000,9999.000,9999.000
202604261736,   0.629,9999.000,9999.000,9999.000,9999.000,9999.000,9999.000,9999.000,9999.000
202604261742,   0.673,9999.000,9999.000,9999.000,9999.000,9999.000,9999.000,9999.000,9999.000
202604261748,   0.723,9999.000,9999.000,9999.000,9999.000,9999.000,9999.000,9999.000,9999.000
202604261754,   0.780,9999.000,9999.000,9999.000,9999.000,9999.000,9999.000,9999.000,9999.000
202604261800,   0.844,9999.000,   1.200,   0.334,   2.378,   0.900,   2.078,   1.600,   2.778
