        TIME,    TIDE,      OB,   SURGE,    BIAS,     TWL,SURGE90p,  TWL90p,SURGE10p,   TWL10p
202605010000,   0.592,   1.610,   0.900,   0.118,   1.610,   0.900,   1.610,   0.900,   1.610
202605010006,   0.622,9999.000,9999.000,9999.000,9999.000,9999.000,9999.000,9999.000,9999.000
202605010012,   0.653,   1.679,9999.000,9999.000,9999.000,9999.000,9999.000,9999.000,9999.000
202605010018,   0.684,9999.000,9999.000,9999.000,9999.000,9999.000,9999.000,9999.000,9999.000
202605010024,   0.715,   1.748,9999.000,9999.000,9999.000,9999.000,9999.000,9999.000,9999.000
202605010030,   0.747,9999.000,9999.000,9999.000,9999.000,9999.000,9999.000,9999.000,9999.000
202605010036,   0.779,   1.790,9999.000,9999.000,9999.000,9999.000,9999.000,9999.000,9999.000
202605010042,   0.811,9999.000,9999.000,9999.000,9999.000,9999.000,9999.000,9999.000,9999.000
202605010048,   0.844,   1.859,9999.000,9999.000,9999.000,9999.000,9999.000,9999.000,9999.000
202605010054,   0.876,9999.000,9999.000,9999.000,9999.000,9999.000,9999.000,9999.000,9999.000
202605010100,   0.909,   1.928,   0.900,   0.119,   1.928,   0.900,   1.928,   0.900,   1.928
202605010106,   0.941,   1.938,9999.000,9999.000,9999.000,9999.000,9999.000,9999.000,9999.000
202605010112,   0.974,   1.958,9999.000,9999.000,9999.000,9999.000,9999.000,9999.000,9999.000
202605010118,   1.006,   1.981,9999.000,9999.000,9999.000,9999.000,9999.000,9999.000,9999.000
202605010124,   1.037,   2.000,9999.000,9999.000,9999.000,9999.000,9999.000,9999.000,9999.000
202605010130,   1.068,   2.040,9999.000,9999.000,9999.000,9999.000,9999.000,9999.000,9999.000
202605010136,   1.098,   2.079,9999.000,9999.000,9999.000,9999.000,9999.000,9999.000,9999.000
202605010142,   1.127,   2.089,9999.000,9999.000,9999.000,9999.000,9999.000,9999.000,9999.000
202605010148,   1.155,   2.109,9999.000,9999.000,9999.000,9999.000,9999.000,9999.000,9999.000
202605010154,   1.182,   2.138,9999.000,9999.000,9999.000,9999.000,9999.000,9999.000,9999.000
202605010200,   1.207,   2.148,   0.900,   0.041,   2.148,   0.800,   2.048,   0.900,   2.148
202605010206,   1.231,   2.191,9999.000,9999.000,9999.000,9999.000,9999.000,9999.000,9999.000
202605010212,   1.253,   2.210,9999.000,9999.000,9999.000,9999.000,9999.000,9999.000,9999.000
202605010218,   1.274,   2.220,9999.000,9999.000,9999.000,9999.000,9999.000,9999.000,9999.000
202605010224,   1.292,   2.240,9999.000,9999.000,9999.000,9999.000,9999.000,9999.000,9999.000
202605010230,   1.309,   2.259,9999.000,9999.000,9999.000,9999.000,9999.000,9999.000,9999.000
202605010236,   1.324,   2.269,9999.000,9999.000,9999.000,9999.000,9999.000,9999.000,9999.000
202605010242,   1.337,   2.289,9999.000,9999.000,9999.000,9999.000,9999.000,9999.000,9999.000
202605010248,   1.347,   2.299,9999.000,9999.000,9999.000,9999.000,9999.000,9999.000,9999.000
202605010254,   1.356,   2.318,9999.000,9999.000,9999.000,9999.000,9999.000,9999.000,9999.000
202605010300,   1.363,   2.318,   0.800,   0.155,   2.318,   0.800,   2.318,   0.900,   2.418
202605010306,   1.367,   2.328,9999.000,9999.000,9999.000,9999.000,9999.000,9999.000,9999.000
202605010312,   1.370,   2.328,9999.000,9999.000,9999.000,9999.000,9999.000,9999.000,9999.000
202605010318,   1.370,   2.348,9999.000,9999.000,9999.000,9999.000,9999.000,9999.000,9999.000
202605010324,   1.369,   2.358,9999.000,9999.000,9999.000,9999.000,9999.000,9999.000,9999.000
202605010330,   1.365,   2.338,9999.000,9999.000,9999.000,9999.000,9999.000,9999.000,9999.000
202605010336,   1.360,   2.338,9999.000,9999.000,9999.000,9999.000,9999.000,9999.000,9999.000
202605010342,   1.354,   2.328,9999.000,9999.000,9999.000,9999.000,9999.000,9999.000,9999.000
202605010348,   1.345,   2.318,9999.000,9999.000,9999.000,9999.000,9999.000,9999.000,9999.000
202605010354,   1.335,   2.289,9999.000,9999.000,9999.000,9999.000,9999.000,9999.000,9999.000
202605010400,   1.324,   2.250,   0.800,   0.126,   2.250,   0.800,   2.250,   0.800,   2.250
202605010406,   1.312,   2.230,9999.000,9999.000,9999.000,9999.000,9999.000,9999.000,9999.000
202605010412,   1.298,   2.220,9999.000,9999.000,9999.000,9999.000,9999.000,9999.000,9999.000
202605010418,   1.283,   2.210,9999.000,9999.000,9999.000,9999.000,9999.000,9999.000,9999.000
202605010424,   1.267,   2.158,9999.000,9999.000,9999.000,9999.000,9999.000,9999.000,9999.000
202605010430,   1.250,   2.128,9999.000,9999.000,9999.000,9999.000,9999.000,9999.000,9999.000
202605010436,   1.233,   2.109,9999.000,9999.000,9999.000,9999.000,9999.000,9999.000,9999.000
202605010442,   1.215,   2.089,9999.000,9999.000,9999.000,9999.000,9999.000,9999.000,9999.000
202605010448,   1.196,   2.059,9999.000,9999.000,9999.000,9999.000,9999.000,9999.000,9999.000
202605010454,   1.176,   2.030,9999.000,9999.000,9999.000,9999.000,9999.000,9999.000,9999.000
202605010500,   1.156,   2.010,   0.800,   0.054,   2.010,   0.700,   1.910,   0.800,   2.010
202605010506,   1.135,   2.000,9999.000,9999.000,9999.000,9999.000,9999.000,9999.000,9999.000
202605010512,   1.114,   1.958,9999.000,9999.000,9999.000,9999.000,9999.000,9999.000,9999.000
202605010518,   1.092,   1.938,9999.000,9999.000,9999.000,9999.000,9999.000,9999.000,9999.000
202605010524,   1.070,   1.908,9999.000,9999.000,9999.000,9999.000,9999.000,9999.000,9999.000
202605010530,   1.048,   1.869,9999.000,9999.000,9999.000,9999.000,9999.000,9999.000,9999.000
202605010536,   1.025,   1.840,9999.000,9999.000,9999.000,9999.000,9999.000,9999.000,9999.000
202605010542,   1.002,   1.820,9999.000,9999.000,9999.000,9999.000,9999.000,9999.000,9999.000
202605010548,   0.979,   1.781,9999.000,9999.000,9999.000,9999.000,9999.000,9999.000,9999.000
202605010554,   0.956,   1.748,9999.000,9999.000,9999.000,9999.000,9999.000,9999.000,9999.000
202605010600,   0.932,   1.728,   0.700,   0.096,   1.728,   0.600,   1.628,   0.800,   1.828
202605010606,   0.908,   1.699,9999.000,9999.000,9999.000,9999.000,9999.000,9999.000,9999.000
202605010612,   0.884,   1.669,9999.000,9999.000,9999.000,9999.000,9999.000,9999.000,9999.000
202605010618,   0.860,   1.630,9999.000,9999.000,9999.000,9999.000,9999.000,9999.000,9999.000
202605010624,   0.836,   1.590,9999.000,9999.000,9999.000,9999.000,9999.000,9999.000,9999.000
202605010630,   0.811,   1.571,9999.000,9999.000,9999.000,9999.000,9999.000,9999.000,9999.000
202605010636,   0.786,   1.548,9999.000,9999.000,9999.000,9999.000,9999.000,9999.000,9999.000
202605010642,   0.762,   1.508,9999.000,9999.000,9999.000,9999.000,9999.000,9999.000,9999.000
202605010648,   0.737,   1.498,9999.000,9999.000,9999.000,9999.000,9999.000,9999.000,9999.000
202605010654,   0.712,   1.469,9999.000,9999.000,9999.000,9999.000,9999.000,9999.000,9999.000
202605010700,   0.687,   1.439,   0.700,   0.052,   1.439,   0.600,   1.339,   0.700,   1.439
202605010706,   0.662,   1.410,9999.000,9999.000,9999.000,9999.000,9999.000,9999.000,9999.000
202605010712,   0.636,   1.380,9999.000,9999.000,9999.000,9999.000,9999.000,9999.000,9999.000
202605010718,   0.611,   1.361,9999.000,9999.000,9999.000,9999.000,9999.000,9999.000,9999.000
202605010724,   0.586,   1.338,9999.000,9999.000,9999.000,9999.000,9999.000,9999.000,9999.000
202605010730,   0.561,   1.318,9999.000,9999.000,9999.000,9999.000,9999.000,9999.000,9999.000
202605010736,   0.536,   1.308,9999.000,9999.000,9999.000,9999.000,9999.000,9999.000,9999.000
202605010742,   0.512,   1.279,9999.000,9999.000,9999.000,9999.000,9999.000,9999.000,9999.000
202605010748,   0.487,   1.259,9999.000,9999.000,9999.000,9999.000,9999.000,9999.000,9999.000
202605010754,   0.463,   1.229,9999.000,9999.000,9999.000,9999.000,9999.000,9999.000,9999.000
202605010800,   0.439,   1.210,   0.700,   0.071,   1.210,   0.700,   1.210,   0.700,   1.210
202605010806,   0.416,9999.000,9999.000,9999.000,9999.000,9999.000,9999.000,9999.000,9999.000
202605010812,   0.393,9999.000,9999.000,9999.000,9999.000,9999.000,9999.000,9999.000,9999.000
202605010818,   0.370,9999.000,9999.000,9999.000,9999.000,9999.000,9999.000,9999.000,9999.000
202605010824,   0.348,9999.000,9999.000,9999.000,9999.000,9999.000,9999.000,9999.000,9999.000
202605010830,   0.327,9999.000,9999.000,9999.000,9999.000,9999.000,9999.000,9999.000,9999.000
202605010836,   0.307,9999.000,9999.000,9999.000,9999.000,9999.000,9999.000,9999.000,9999.000
202605010842,   0.287,9999.000,9999.000,9999.000,9999.000,9999.000,9999.000,9999.000,9999.000
202605010848,   0.269,   1.039,9999.000,9999.000,9999.000,9999.000,9999.000,9999.000,9999.000
202605010854,   0.251,   1.049,9999.000,9999.000,9999.000,9999.000,9999.000,9999.000,9999.000
202605010900,   0.235,   1.020,   0.700,   0.085,   1.020,   0.700,   1.020,   0.700,   1.020
202605010906,   0.220,   1.000,9999.000,9999.000,9999.000,9999.000,9999.000,9999.000,9999.000
202605010912,   0.206,   0.980,9999.000,9999.000,9999.000,9999.000,9999.000,9999.000,9999.000
202605010918,   0.193,   0.961,9999.000,9999.000,9999.000,9999.000,9999.000,9999.000,9999.000
202605010924,   0.182,   0.961,9999.000,9999.000,9999.000,9999.000,9999.000,9999.000,9999.000
202605010930,   0.173,   0.951,9999.000,9999.000,9999.000,9999.000,9999.000,9999.000,9999.000
202605010936,   0.165,   0.941,9999.000,9999.000,9999.000,9999.000,9999.000,9999.000,9999.000
202605010942,   0.158,   0.928,9999.000,9999.000,9999.000,9999.000,9999.000,9999.000,9999.000
202605010948,   0.154,   0.908,9999.000,9999.000,9999.000,9999.000,9999.000,9999.000,9999.000
202605010954,   0.150,   0.898,9999.000,9999.000,9999.000,9999.000,9999.000,9999.000,9999.000
202605011000,   0.149,   0.908,   0.700,   0.059,   0.908,   0.600,   0.808,   0.700,   0.908
202605011006,   0.149,9999.000,9999.000,9999.000,9999.000,9999.000,9999.000,9999.000,9999.000
202605011012,   0.150,9999.000,9999.000,9999.000,9999.000,9999.000,9999.000,9999.000,9999.000
202605011018,   0.153,9999.000,9999.000,9999.000,9999.000,9999.000,9999.000,9999.000,9999.000
202605011024,   0.158,9999.000,9999.000,9999.000,9999.000,9999.000,9999.000,9999.000,9999.000
202605011030,   0.164,   0.908,9999.000,9999.000,9999.000,9999.000,9999.000,9999.000,9999.000
202605011036,   0.171,   0.928,9999.000,9999.000,9999.000,9999.000,9999.000,9999.000,9999.000
202605011042,   0.180,   0.951,9999.000,9999.000,9999.000,9999.000,9999.000,9999.000,9999.000
202605011048,   0.190,   0.951,9999.000,9999.000,9999.000,9999.000,9999.000,9999.000,9999.000
202605011054,   0.201,   0.970,9999.000,9999.000,9999.000,9999.000,9999.000,9999.000,9999.000
202605011100,   0.213,   0.990,   0.700,   0.077,   0.990,   0.600,   0.890,   0.700,   0.990
202605011106,   0.227,   1.000,9999.000,9999.000,9999.000,9999.000,9999.000,9999.000,9999.000
202605011112,   0.241,   1.029,9999.000,9999.000,9999.000,9999.000,9999.000,9999.000,9999.000
202605011118,   0.256,   1.049,9999.000,9999.000,9999.000,9999.000,9999.000,9999.000,9999.000
202605011124,   0.273,   1.069,9999.000,9999.000,9999.000,9999.000,9999.000,9999.000,9999.000
202605011130,   0.290,   1.098,9999.000,9999.000,9999.000,9999.000,9999.000,9999.000,9999.000
202605011136,   0.308,   1.118,9999.000,9999.000,9999.000,9999.000,9999.000,9999.000,9999.000
202605011142,   0.326,   1.151,9999.000,9999.000,9999.000,9999.000,9999.000,9999.000,9999.000
202605011148,   0.345,   1.170,9999.000,9999.000,9999.000,9999.000,9999.000,9999.000,9999.000
202605011154,   0.365,   1.200,9999.000,9999.000,9999.000,9999.000,9999.000,9999.000,9999.000
202605011200,   0.386,   1.220,   0.600,   0.234,   1.220,   0.500,   1.120,   0.600,   1.220
202605011206,   0.407,   1.249,9999.000,9999.000,9999.000,9999.000,9999.000,9999.000,9999.000
202605011212,   0.429,   1.269,9999.000,9999.000,9999.000,9999.000,9999.000,9999.000,9999.000
202605011218,   0.451,   1.289,9999.000,9999.000,9999.000,9999.000,9999.000,9999.000,9999.000
202605011224,   0.474,   1.328,9999.000,9999.000,9999.000,9999.000,9999.000,9999.000,9999.000
202605011230,   0.497,   1.348,9999.000,9999.000,9999.000,9999.000,9999.000,9999.000,9999.000
202605011236,   0.521,   1.371,9999.000,9999.000,9999.000,9999.000,9999.000,9999.000,9999.000
202605011242,   0.545,   1.400,9999.000,9999.000,9999.000,9999.000,9999.000,9999.000,9999.000
202605011248,   0.570,   1.420,9999.000,9999.000,9999.000,9999.000,9999.000,9999.000,9999.000
202605011254,   0.595,   1.449,9999.000,9999.000,9999.000,9999.000,9999.000,9999.000,9999.000
202605011300,   0.620,   1.469,   0.500,   0.349,   1.469,   0.500,   1.469,   0.600,   1.569
202605011306,   0.646,9999.000,9999.000,9999.000,9999.000,9999.000,9999.000,9999.000,9999.000
202605011312,   0.672,9999.000,9999.000,9999.000,9999.000,9999.000,9999.000,9999.000,9999.000
202605011318,   0.697,9999.000,9999.000,9999.000,9999.000,9999.000,9999.000,9999.000,9999.000
202605011324,   0.723,9999.000,9999.000,9999.000,9999.000,9999.000,9999.000,9999.000,9999.000
202605011330,   0.749,9999.000,9999.000,9999.000,9999.000,9999.000,9999.000,9999.000,9999.000
202605011336,   0.774,   1.649,9999.000,9999.000,9999.000,9999.000,9999.000,9999.000,9999.000
202605011342,   0.799,   1.610,9999.000,9999.000,9999.000,9999.000,9999.000,9999.000,9999.000
202605011348,   0.824,   1.639,9999.000,9999.000,9999.000,9999.000,9999.000,9999.000,9999.000
202605011354,   0.848,   1.679,9999.000,9999.000,9999.000,9999.000,9999.000,9999.000,9999.000
202605011400,   0.871,   1.659,   0.500,   0.288,   1.659,   0.500,   1.659,   0.500,   1.659
202605011406,   0.893,   1.708,9999.000,9999.000,9999.000,9999.000,9999.000,9999.000,9999.000
202605011412,   0.914,   1.728,9999.000,9999.000,9999.000,9999.000,9999.000,9999.000,9999.000
202605011418,   0.934,   1.708,9999.000,9999.000,9999.000,9999.000,9999.000,9999.000,9999.000
202605011424,   0.953,   1.767,9999.000,9999.000,9999.000,9999.000,9999.000,9999.000,9999.000
202605011430,   0.970,   1.748,9999.000,9999.000,9999.000,9999.000,9999.000,9999.000,9999.000
202605011436,   0.986,   1.767,9999.000,9999.000,9999.000,9999.000,9999.000,9999.000,9999.000
202605011442,   1.000,   1.758,9999.000,9999.000,9999.000,9999.000,9999.000,9999.000,9999.000
202605011448,   1.012,   1.800,9999.000,9999.000,9999.000,9999.000,9999.000,9999.000,9999.000
202605011454,   1.023,   1.810,9999.000,9999.000,9999.000,9999.000,9999.000,9999.000,9999.000
202605011500,   1.031,   1.758,   0.500,   0.227,   1.758,   0.500,   1.758,   0.600,   1.858
202605011506,   1.038,   1.820,9999.000,9999.000,9999.000,9999.000,9999.000,9999.000,9999.000
202605011512,   1.043,   1.830,9999.000,9999.000,9999.000,9999.000,9999.000,9999.000,9999.000
202605011518,   1.046,   1.790,9999.000,9999.000,9999.000,9999.000,9999.000,9999.000,9999.000
202605011524,   1.047,   1.830,9999.000,9999.000,9999.000,9999.000,9999.000,9999.000,9999.000
202605011530,   1.046,   1.820,9999.000,9999.000,9999.000,9999.000,9999.000,9999.000,9999.000
202605011536,   1.044,   1.800,9999.000,9999.000,9999.000,9999.000,9999.000,9999.000,9999.000
202605011542,   1.039,   1.810,9999.000,9999.000,9999.000,9999.000,9999.000,9999.000,9999.000
202605011548,   1.033,   1.738,9999.000,9999.000,9999.000,9999.000,9999.000,9999.000,9999.000
202605011554,   1.025,   1.790,9999.000,9999.000,9999.000,9999.000,9999.000,9999.000,9999.000
202605011600,   1.016,   1.767,   0.500,   0.251,   1.767,   0.500,   1.767,   0.600,   1.867
202605011606,   1.006,   1.718,9999.000,9999.000,9999.000,9999.000,9999.000,9999.000,9999.000
202605011612,   0.993,   1.718,9999.000,9999.000,9999.000,9999.000,9999.000,9999.000,9999.000
202605011618,   0.980,   1.669,9999.000,9999.000,9999.000,9999.000,9999.000,9999.000,9999.000
202605011624,   0.966,   1.679,9999.000,9999.000,9999.000,9999.000,9999.000,9999.000,9999.000
202605011630,   0.951,   1.600,9999.000,9999.000,9999.000,9999.000,9999.000,9999.000,9999.000
202605011636,   0.934,   1.620,9999.000,9999.000,9999.000,9999.000,9999.000,9999.000,9999.000
202605011642,   0.917,   1.590,9999.000,9999.000,9999.000,9999.000,9999.000,9999.000,9999.000
202605011648,   0.900,   1.557,9999.000,9999.000,9999.000,9999.000,9999.000,9999.000,9999.000
202605011654,   0.881,   1.571,9999.000,9999.000,9999.000,9999.000,9999.000,9999.000,9999.000
202605011700,   0.863,   1.538,   0.600,   0.075,   1.538,   0.500,   1.438,   0.600,   1.538
202605011706,   0.843,   1.508,9999.000,9999.000,9999.000,9999.000,9999.000,9999.000,9999.000
202605011712,   0.824,   1.508,9999.000,9999.000,9999.000,9999.000,9999.000,9999.000,9999.000
202605011718,   0.804,   1.469,9999.000,9999.000,9999.000,9999.000,9999.000,9999.000,9999.000
202605011724,   0.784,   1.479,9999.000,9999.000,9999.000,9999.000,9999.000,9999.000,9999.000
202605011730,   0.764,   1.439,9999.000,9999.000,9999.000,9999.000,9999.000,9999.000,9999.000
202605011736,   0.744,   1.439,9999.000,9999.000,9999.000,9999.000,9999.000,9999.000,9999.000
202605011742,   0.723,   1.390,9999.000,9999.000,9999.000,9999.000,9999.000,9999.000,9999.000
202605011748,   0.703,   1.390,9999.000,9999.000,9999.000,9999.000,9999.000,9999.000,9999.000
202605011754,   0.683,   1.371,9999.000,9999.000,9999.000,9999.000,9999.000,9999.000,9999.000
202605011800,   0.663,   1.361,   0.600,   0.098,   1.361,   0.500,   1.261,   0.600,   1.361
202605011806,   0.643,   1.328,9999.000,9999.000,9999.000,9999.000,9999.000,9999.000,9999.000
202605011812,   0.623,   1.318,9999.000,9999.000,9999.000,9999.000,9999.000,9999.000,9999.000
202605011818,   0.603,   1.308,9999.000,9999.000,9999.000,9999.000,9999.000,9999.000,9999.000
202605011824,   0.583,   1.279,9999.000,9999.000,9999.000,9999.000,9999.000,9999.000,9999.000
202605011830,   0.564,   1.269,9999.000,9999.000,9999.000,9999.000,9999.000,9999.000,9999.000
202605011836,   0.544,   1.220,9999.000,9999.000,9999.000,9999.000,9999.000,9999.000,9999.000
202605011842,   0.525,   1.200,9999.000,9999.000,9999.000,9999.000,9999.000,9999.000,9999.000
202605011848,   0.506,   1.190,9999.000,9999.000,9999.000,9999.000,9999.000,9999.000,9999.000
202605011854,   0.487,   1.161,9999.000,9999.000,9999.000,9999.000,9999.000,9999.000,9999.000
202605011900,   0.469,   1.151,   0.500,   0.182,   1.151,   0.500,   1.151,   0.600,   1.251
202605011906,   0.450,   1.118,9999.000,9999.000,9999.000,9999.000,9999.000,9999.000,9999.000
202605011912,   0.432,   1.088,9999.000,9999.000,9999.000,9999.000,9999.000,9999.000,9999.000
202605011918,   0.414,   1.069,9999.000,9999.000,9999.000,9999.000,9999.000,9999.000,9999.000
202605011924,   0.396,   1.059,9999.000,9999.000,9999.000,9999.000,9999.000,9999.000,9999.000
202605011930,   0.378,   1.059,9999.000,9999.000,9999.000,9999.000,9999.000,9999.000,9999.000
202605011936,   0.361,   1.000,9999.000,9999.000,9999.000,9999.000,9999.000,9999.000,9999.000
202605011942,   0.344,   1.010,9999.000,9999.000,9999.000,9999.000,9999.000,9999.000,9999.000
202605011948,   0.327,   0.951,9999.000,9999.000,9999.000,9999.000,9999.000,9999.000,9999.000
202605011954,   0.311,   0.951,9999.000,9999.000,9999.000,9999.000,9999.000,9999.000,9999.000
202605012000,   0.295,   0.898,   0.500,   0.103,   0.898,   0.500,   0.898,   0.500,   0.898
202605012006,   0.279,   0.908,9999.000,9999.000,9999.000,9999.000,9999.000,9999.000,9999.000
202605012012,   0.264,   0.859,9999.000,9999.000,9999.000,9999.000,9999.000,9999.000,9999.000
202605012018,   0.249,   0.839,9999.000,9999.000,9999.000,9999.000,9999.000,9999.000,9999.000
202605012024,   0.234,   0.839,9999.000,9999.000,9999.000,9999.000,9999.000,9999.000,9999.000
202605012030,   0.221,   0.810,9999.000,9999.000,9999.000,9999.000,9999.000,9999.000,9999.000
202605012036,   0.207,   0.839,9999.000,9999.000,9999.000,9999.000,9999.000,9999.000,9999.000
202605012042,   0.195,   0.800,9999.000,9999.000,9999.000,9999.000,9999.000,9999.000,9999.000
202605012048,   0.183,   0.770,9999.000,9999.000,9999.000,9999.000,9999.000,9999.000,9999.000
202605012054,   0.172,   0.760,9999.000,9999.000,9999.000,9999.000,9999.000,9999.000,9999.000
202605012100,   0.162,   0.731,   0.500,   0.069,   0.731,   0.500,   0.731,   0.500,   0.731
202605012106,   0.153,   0.790,9999.000,9999.000,9999.000,9999.000,9999.000,9999.000,9999.000
202605012112,   0.145,   0.731,9999.000,9999.000,9999.000,9999.000,9999.000,9999.000,9999.000
202605012118,   0.138,   0.780,9999.000,9999.000,9999.000,9999.000,9999.000,9999.000,9999.000
202605012124,   0.133,   0.751,9999.000,9999.000,9999.000,9999.000,9999.000,9999.000,9999.000
202605012130,   0.128,   0.751,9999.000,9999.000,9999.000,9999.000,9999.000,9999.000,9999.000
202605012136,   0.125,   0.741,9999.000,9999.000,9999.000,9999.000,9999.000,9999.000,9999.000
202605012142,   0.123,   0.770,9999.000,9999.000,9999.000,9999.000,9999.000,9999.000,9999.000
202605012148,   0.123,   0.770,9999.000,9999.000,9999.000,9999.000,9999.000,9999.000,9999.000
202605012154,   0.124,   0.780,9999.000,9999.000,9999.000,9999.000,9999.000,9999.000,9999.000
202605012200,   0.127,   0.780,   0.500,   0.153,   0.780,   0.500,   0.780,   0.500,   0.780
202605012206,   0.131,   0.829,9999.000,9999.000,9999.000,9999.000,9999.000,9999.000,9999.000
202605012212,   0.136,   0.819,9999.000,9999.000,9999.000,9999.000,9999.000,9999.000,9999.000
202605012218,   0.144,   0.849,9999.000,9999.000,9999.000,9999.000,9999.000,9999.000,9999.000
202605012224,   0.152,   0.869,9999.000,9999.000,9999.000,9999.000,9999.000,9999.000,9999.000
202605012230,   0.163,   0.888,9999.000,9999.000,9999.000,9999.000,9999.000,9999.000,9999.000
202605012236,   0.175,   0.908,9999.000,9999.000,9999.000,9999.000,9999.000,9999.000,9999.000
202605012242,   0.188,   0.961,9999.000,9999.000,9999.000,9999.000,9999.000,9999.000,9999.000
202605012248,   0.203,   0.961,9999.000,9999.000,9999.000,9999.000,9999.000,9999.000,9999.000
202605012254,   0.219,   1.010,9999.000,9999.000,9999.000,9999.000,9999.000,9999.000,9999.000
202605012300,   0.236,   1.010,   0.500,   0.274,   1.010,   0.500,   1.010,   0.500,   1.010
202605012306,   0.254,   1.029,9999.000,9999.000,9999.000,9999.000,9999.000,9999.000,9999.000
202605012312,   0.274,   1.059,9999.000,9999.000,9999.000,9999.000,9999.000,9999.000,9999.000
202605012318,   0.295,   1.118,9999.000,9999.000,9999.000,9999.000,9999.000,9999.000,9999.000
202605012324,   0.316,   1.098,9999.000,9999.000,9999.000,9999.000,9999.000,9999.000,9999.000
202605012330,   0.339,   1.138,9999.000,9999.000,9999.000,9999.000,9999.000,9999.000,9999.000
202605012336,   0.362,   1.161,9999.000,9999.000,9999.000,9999.000,9999.000,9999.000,9999.000
202605012342,   0.386,   1.190,9999.000,9999.000,9999.000,9999.000,9999.000,9999.000,9999.000
202605012348,   0.411,   1.229,9999.000,9999.000,9999.000,9999.000,9999.000,9999.000,9999.000
202605012354,   0.437,   1.229,9999.000,9999.000,9999.000,9999.000,9999.000,9999.000,9999.000
202605020000,   0.463,   1.279,   0.500,   0.316,   1.279,   0.500,   1.279,   0.500,   1.279
202605020006,   0.490,   1.289,9999.000,9999.000,9999.000,9999.000,9999.000,9999.000,9999.000
202605020012,   0.517,   1.308,9999.000,9999.000,9999.000,9999.000,9999.000,9999.000,9999.000
202605020018,   0.544,   1.328,9999.000,9999.000,9999.000,9999.000,9999.000,9999.000,9999.000
202605020024,   0.572,   1.348,9999.000,9999.000,9999.000,9999.000,9999.000,9999.000,9999.000
202605020030,   0.600,   1.361,9999.000,9999.000,9999.000,9999.000,9999.000,9999.000,9999.000
202605020036,   0.629,   1.400,9999.000,9999.000,9999.000,9999.000,9999.000,9999.000,9999.000
202605020042,   0.658,   1.439,9999.000,9999.000,9999.000,9999.000,9999.000,9999.000,9999.000
202605020048,   0.687,   1.469,9999.000,9999.000,9999.000,9999.000,9999.000,9999.000,9999.000
202605020054,   0.717,   1.508,9999.000,9999.000,9999.000,9999.000,9999.000,9999.000,9999.000
202605020100,   0.747,   1.548,   0.500,   0.301,   1.548,   0.500,   1.548,   0.500,   1.548
202605020106,   0.777,   1.557,9999.000,9999.000,9999.000,9999.000,9999.000,9999.000,9999.000
202605020112,   0.807,   1.590,9999.000,9999.000,9999.000,9999.000,9999.000,9999.000,9999.000
202605020118,   0.838,   1.620,9999.000,9999.000,9999.000,9999.000,9999.000,9999.000,9999.000
202605020124,   0.868,   1.659,9999.000,9999.000,9999.000,9999.000,9999.000,9999.000,9999.000
202605020130,   0.899,   1.679,9999.000,9999.000,9999.000,9999.000,9999.000,9999.000,9999.000
202605020136,   0.930,   1.718,9999.000,9999.000,9999.000,9999.000,9999.000,9999.000,9999.000
202605020142,   0.960,   1.748,9999.000,9999.000,9999.000,9999.000,9999.000,9999.000,9999.000
202605020148,   0.990,   1.758,9999.000,9999.000,9999.000,9999.000,9999.000,9999.000,9999.000
202605020154,   1.020,   1.790,9999.000,9999.000,9999.000,9999.000,9999.000,9999.000,9999.000
202605020200,   1.050,   1.800,   0.500,   0.250,   1.800,   0.500,   1.800,   0.500,   1.800
202605020206,   1.079,   1.849,9999.000,9999.000,9999.000,9999.000,9999.000,9999.000,9999.000
202605020212,   1.107,   1.879,9999.000,9999.000,9999.000,9999.000,9999.000,9999.000,9999.000
202605020218,   1.135,   1.928,9999.000,9999.000,9999.000,9999.000,9999.000,9999.000,9999.000
202605020224,   1.162,   1.918,9999.000,9999.000,9999.000,9999.000,9999.000,9999.000,9999.000
202605020230,   1.188,   1.981,9999.000,9999.000,9999.000,9999.000,9999.000,9999.000,9999.000
202605020236,   1.212,   1.981,9999.000,9999.000,9999.000,9999.000,9999.000,9999.000,9999.000
202605020242,   1.235,   2.030,9999.000,9999.000,9999.000,9999.000,9999.000,9999.000,9999.000
202605020248,   1.257,   2.118,9999.000,9999.000,9999.000,9999.000,9999.000,9999.000,9999.000
202605020254,   1.278,   2.109,9999.000,9999.000,9999.000,9999.000,9999.000,9999.000,9999.000
202605020300,   1.296,   2.138,   0.400,   0.442,   2.138,   0.400,   2.138,   0.500,   2.238
202605020306,   1.313,   2.138,9999.000,9999.000,9999.000,9999.000,9999.000,9999.000,9999.000
202605020312,   1.328,   2.148,9999.000,9999.000,9999.000,9999.000,9999.000,9999.000,9999.000
202605020318,   1.341,   2.191,9999.000,9999.000,9999.000,9999.000,9999.000,9999.000,9999.000
202605020324,   1.353,   2.200,9999.000,9999.000,9999.000,9999.000,9999.000,9999.000,9999.000
202605020330,   1.362,   2.230,9999.000,9999.000,9999.000,9999.000,9999.000,9999.000,9999.000
202605020336,   1.369,   2.220,9999.000,9999.000,9999.000,9999.000,9999.000,9999.000,9999.000
202605020342,   1.374,   2.200,9999.000,9999.000,9999.000,9999.000,9999.000,9999.000,9999.000
202605020348,   1.378,   2.191,9999.000,9999.000,9999.000,9999.000,9999.000,9999.000,9999.000
202605020354,   1.379,   2.177,9999.000,9999.000,9999.000,9999.000,9999.000,9999.000,9999.000
202605020400,   1.378,   2.168,   0.400,   0.390,   2.168,   0.400,   2.168,   0.400,   2.168
202605020406,   1.375,   2.177,9999.000,9999.000,9999.000,9999.000,9999.000,9999.000,9999.000
202605020412,   1.371,   2.177,9999.000,9999.000,9999.000,9999.000,9999.000,9999.000,9999.000
202605020418,   1.364,   2.168,9999.000,9999.000,9999.000,9999.000,9999.000,9999.000,9999.000
202605020424,   1.357,   2.148,9999.000,9999.000,9999.000,9999.000,9999.000,9999.000,9999.000
202605020430,   1.347,   2.128,9999.000,9999.000,9999.000,9999.000,9999.000,9999.000,9999.000
202605020436,   1.336,   2.109,9999.000,9999.000,9999.000,9999.000,9999.000,9999.000,9999.000
202605020442,   1.324,   2.099,9999.000,9999.000,9999.000,9999.000,9999.000,9999.000,9999.000
202605020448,   1.310,   2.079,9999.000,9999.000,9999.000,9999.000,9999.000,9999.000,9999.000
202605020454,   1.295,   2.059,9999.000,9999.000,9999.000,9999.000,9999.000,9999.000,9999.000
202605020500,   1.279,   2.040,   0.400,   0.361,   2.040,   0.300,   1.940,   0.400,   2.040
202605020506,   1.262,   2.010,9999.000,9999.000,9999.000,9999.000,9999.000,9999.000,9999.000
202605020512,   1.244,   1.990,9999.000,9999.000,9999.000,9999.000,9999.000,9999.000,9999.000
202605020518,   1.226,   1.967,9999.000,9999.000,9999.000,9999.000,9999.000,9999.000,9999.000
202605020524,   1.206,   1.938,9999.000,9999.000,9999.000,9999.000,9999.000,9999.000,9999.000
202605020530,   1.186,   1.908,9999.000,9999.000,9999.000,9999.000,9999.000,9999.000,9999.000
202605020536,   1.166,   1.889,9999.000,9999.000,9999.000,9999.000,9999.000,9999.000,9999.000
202605020542,   1.145,   1.869,9999.000,9999.000,9999.000,9999.000,9999.000,9999.000,9999.000
202605020548,   1.123,   1.840,9999.000,9999.000,9999.000,9999.000,9999.000,9999.000,9999.000
202605020554,   1.102,   1.810,9999.000,9999.000,9999.000,9999.000,9999.000,9999.000,9999.000
202605020600,   1.080,   1.790,   0.500,   0.210,   1.790,   0.400,   1.690,   0.500,   1.790
202605020606,   1.057,9999.000,9999.000,9999.000,9999.000,9999.000,9999.000,9999.000,9999.000
202605020612,   1.034,9999.000,9999.000,9999.000,9999.000,9999.000,9999.000,9999.000,9999.000
202605020618,   1.012,9999.000,9999.000,9999.000,9999.000,9999.000,9999.000,9999.000,9999.000
202605020624,   0.988,9999.000,9999.000,9999.000,9999.000,9999.000,9999.000,9999.000,9999.000
202605020630,   0.965,9999.000,9999.000,9999.000,9999.000,9999.000,9999.000,9999.000,9999.000
202605020636,   0.942,9999.000,9999.000,9999.000,9999.000,9999.000,9999.000,9999.000,9999.000
202605020642,   0.918,9999.000,9999.000,9999.000,9999.000,9999.000,9999.000,9999.000,9999.000
202605020648,   0.894,9999.000,9999.000,9999.000,9999.000,9999.000,9999.000,9999.000,9999.000
202605020654,   0.870,9999.000,9999.000,9999.000,9999.000,9999.000,9999.000,9999.000,9999.000
202605020700,   0.846, 473.477,   0.500,   0.000,   1.346,   0.400,   1.246,   0.500,   1.346
202605020706,   0.822,9999.000,9999.000,9999.000,9999.000,9999.000,9999.000,9999.000,9999.000
202605020712,   0.798,9999.000,9999.000,9999.000,9999.000,9999.000,9999.000,9999.000,9999.000
202605020718,   0.774, -17.915,9999.000,9999.000,9999.000,9999.000,9999.000,9999.000,9999.000
202605020724,   0.749,9999.000,9999.000,9999.000,9999.000,9999.000,9999.000,9999.000,9999.000
202605020730,   0.725,9999.000,9999.000,9999.000,9999.000,9999.000,9999.000,9999.000,9999.000
202605020736,   0.700,9999.000,9999.000,9999.000,9999.000,9999.000,9999.000,9999.000,9999.000
202605020742,   0.676,9999.000,9999.000,9999.000,9999.000,9999.000,9999.000,9999.000,9999.000
202605020748,   0.651,9999.000,9999.000,9999.000,9999.000,9999.000,9999.000,9999.000,9999.000
202605020754,   0.627,9999.000,9999.000,9999.000,9999.000,9999.000,9999.000,9999.000,9999.000
202605020800,   0.602,   1.338,   0.500,   0.236,   1.338,   0.400,   1.238,   0.500,   1.338
202605020806,   0.578,9999.000,9999.000,9999.000,9999.000,9999.000,9999.000,9999.000,9999.000
202605020812,   0.553,   1.289,9999.000,9999.000,9999.000,9999.000,9999.000,9999.000,9999.000
202605020818,   0.529,9999.000,9999.000,9999.000,9999.000,9999.000,9999.000,9999.000,9999.000
202605020824,   0.505,   1.239,9999.000,9999.000,9999.000,9999.000,9999.000,9999.000,9999.000
202605020830,   0.481,   1.229,9999.000,9999.000,9999.000,9999.000,9999.000,9999.000,9999.000
202605020836,   0.457,   1.200,9999.000,9999.000,9999.000,9999.000,9999.000,9999.000,9999.000
202605020842,   0.434,9999.000,9999.000,9999.000,9999.000,9999.000,9999.000,9999.000,9999.000
202605020848,   0.411,   1.180,9999.000,9999.000,9999.000,9999.000,9999.000,9999.000,9999.000
202605020854,   0.388,   1.151,9999.000,9999.000,9999.000,9999.000,9999.000,9999.000,9999.000
202605020900,   0.366,   1.170,   0.500,   0.304,   1.170,   0.400,   1.070,   0.500,   1.170
202605020906,   0.345,9999.000,9999.000,9999.000,9999.000,9999.000,9999.000,9999.000,9999.000
202605020912,   0.324,9999.000,9999.000,9999.000,9999.000,9999.000,9999.000,9999.000,9999.000
202605020918,   0.304,9999.000,9999.000,9999.000,9999.000,9999.000,9999.000,9999.000,9999.000
202605020924,   0.285,9999.000,9999.000,9999.000,9999.000,9999.000,9999.000,9999.000,9999.000
202605020930,   0.266,9999.000,9999.000,9999.000,9999.000,9999.000,9999.000,9999.000,9999.000
202605020936,   0.249,9999.000,9999.000,9999.000,9999.000,9999.000,9999.000,9999.000,9999.000
202605020942,   0.233,9999.000,9999.000,9999.000,9999.000,9999.000,9999.000,9999.000,9999.000
202605020948,   0.218,9999.000,9999.000,9999.000,9999.000,9999.000,9999.000,9999.000,9999.000
202605020954,   0.204,9999.000,9999.000,9999.000,9999.000,9999.000,9999.000,9999.000,9999.000
202605021000,   0.191,   0.918,   0.500,   0.227,   0.918,   0.400,   0.818,   0.500,   0.918
202605021006,   0.180,   0.918,9999.000,9999.000,9999.000,9999.000,9999.000,9999.000,9999.000
202605021012,   0.171,   0.908,9999.000,9999.000,9999.000,9999.000,9999.000,9999.000,9999.000
202605021018,   0.162,   0.908,9999.000,9999.000,9999.000,9999.000,9999.000,9999.000,9999.000
202605021024,   0.156,   0.839,9999.000,9999.000,9999.000,9999.000,9999.000,9999.000,9999.000
202605021030,   0.151,   0.869,9999.000,9999.000,9999.000,9999.000,9999.000,9999.000,9999.000
202605021036,   0.148,   0.819,9999.000,9999.000,9999.000,9999.000,9999.000,9999.000,9999.000
202605021042,   0.146,   0.839,9999.000,9999.000,9999.000,9999.000,9999.000,9999.000,9999.000
202605021048,   0.146,   0.839,9999.000,9999.000,9999.000,9999.000,9999.000,9999.000,9999.000
202605021054,   0.147,   0.859,9999.000,9999.000,9999.000,9999.000,9999.000,9999.000,9999.000
202605021100,   0.150,   0.829,   0.500,   0.179,   0.829,   0.400,   0.729,   0.500,   0.829
202605021106,   0.155,   0.810,9999.000,9999.000,9999.000,9999.000,9999.000,9999.000,9999.000
202605021112,   0.161,   0.819,9999.000,9999.000,9999.000,9999.000,9999.000,9999.000,9999.000
202605021118,   0.169,   0.810,9999.000,9999.000,9999.000,9999.000,9999.000,9999.000,9999.000
202605021124,   0.178,   0.829,9999.000,9999.000,9999.000,9999.000,9999.000,9999.000,9999.000
202605021130,   0.188,   0.819,9999.000,9999.000,9999.000,9999.000,9999.000,9999.000,9999.000
202605021136,   0.199,   0.859,9999.000,9999.000,9999.000,9999.000,9999.000,9999.000,9999.000
202605021142,   0.212,   0.849,9999.000,9999.000,9999.000,9999.000,9999.000,9999.000,9999.000
202605021148,   0.226,   0.869,9999.000,9999.000,9999.000,9999.000,9999.000,9999.000,9999.000
202605021154,   0.241,   0.869,9999.000,9999.000,9999.000,9999.000,9999.000,9999.000,9999.000
202605021200,   0.256,   0.898,   0.500,   0.142,   0.898,   0.500,   0.898,   0.500,   0.898
202605021206,   0.273,   0.928,9999.000,9999.000,9999.000,9999.000,9999.000,9999.000,9999.000
202605021212,   0.290,   0.961,9999.000,9999.000,9999.000,9999.000,9999.000,9999.000,9999.000
202605021218,   0.308,   0.990,9999.000,9999.000,9999.000,9999.000,9999.000,9999.000,9999.000
202605021224,   0.327,   1.000,9999.000,9999.000,9999.000,9999.000,9999.000,9999.000,9999.000
202605021230,   0.347,   1.020,9999.000,9999.000,9999.000,9999.000,9999.000,9999.000,9999.000
202605021236,   0.367,   1.029,9999.000,9999.000,9999.000,9999.000,9999.000,9999.000,9999.000
202605021242,   0.387,   1.059,9999.000,9999.000,9999.000,9999.000,9999.000,9999.000,9999.000
202605021248,   0.408,   1.098,9999.000,9999.000,9999.000,9999.000,9999.000,9999.000,9999.000
202605021254,   0.429,   1.118,9999.000,9999.000,9999.000,9999.000,9999.000,9999.000,9999.000
202605021300,   0.451,   1.151,   0.500,   0.200,   1.151,   0.500,   1.151,   0.500,   1.151
202605021306,   0.473,   1.151,9999.000,9999.000,9999.000,9999.000,9999.000,9999.000,9999.000
202605021312,   0.495,   1.190,9999.000,9999.000,9999.000,9999.000,9999.000,9999.000,9999.000
202605021318,   0.518,   1.190,9999.000,9999.000,9999.000,9999.000,9999.000,9999.000,9999.000
202605021324,   0.541,   1.220,9999.000,9999.000,9999.000,9999.000,9999.000,9999.000,9999.000
202605021330,   0.565,   1.259,9999.000,9999.000,9999.000,9999.000,9999.000,9999.000,9999.000
202605021336,   0.588,   1.298,9999.000,9999.000,9999.000,9999.000,9999.000,9999.000,9999.000
202605021342,   0.612,   1.308,9999.000,9999.000,9999.000,9999.000,9999.000,9999.000,9999.000
202605021348,   0.636,   1.348,9999.000,9999.000,9999.000,9999.000,9999.000,9999.000,9999.000
202605021354,   0.660,   1.361,9999.000,9999.000,9999.000,9999.000,9999.000,9999.000,9999.000
202605021400,   0.684,   1.400,   0.500,   0.216,   1.400,   0.500,   1.400,   0.500,   1.400
202605021406,   0.708,   1.420,9999.000,9999.000,9999.000,9999.000,9999.000,9999.000,9999.000
202605021412,   0.731,   1.449,9999.000,9999.000,9999.000,9999.000,9999.000,9999.000,9999.000
202605021418,   0.755,   1.459,9999.000,9999.000,9999.000,9999.000,9999.000,9999.000,9999.000
202605021424,   0.778,   1.498,9999.000,9999.000,9999.000,9999.000,9999.000,9999.000,9999.000
202605021430,   0.801,   1.508,9999.000,9999.000,9999.000,9999.000,9999.000,9999.000,9999.000
202605021436,   0.823,   1.548,9999.000,9999.000,9999.000,9999.000,9999.000,9999.000,9999.000
202605021442,   0.844,   1.538,9999.000,9999.000,9999.000,9999.000,9999.000,9999.000,9999.000
202605021448,   0.865,   1.557,9999.000,9999.000,9999.000,9999.000,9999.000,9999.000,9999.000
202605021454,   0.885,   1.590,9999.000,9999.000,9999.000,9999.000,9999.000,9999.000,9999.000
202605021500,   0.904,   1.600,   0.500,   0.196,   1.600,   0.500,   1.600,   0.600,   1.700
202605021506,   0.921,   1.620,9999.000,9999.000,9999.000,9999.000,9999.000,9999.000,9999.000
202605021512,   0.937,   1.639,9999.000,9999.000,9999.000,9999.000,9999.000,9999.000,9999.000
202605021518,   0.952,   1.649,9999.000,9999.000,9999.000,9999.000,9999.000,9999.000,9999.000
202605021524,   0.965,   1.659,9999.000,9999.000,9999.000,9999.000,9999.000,9999.000,9999.000
202605021530,   0.977,   1.669,9999.000,9999.000,9999.000,9999.000,9999.000,9999.000,9999.000
202605021536,   0.987,   1.679,9999.000,9999.000,9999.000,9999.000,9999.000,9999.000,9999.000
202605021542,   0.995,   1.679,9999.000,9999.000,9999.000,9999.000,9999.000,9999.000,9999.000
202605021548,   1.001,   1.689,9999.000,9999.000,9999.000,9999.000,9999.000,9999.000,9999.000
202605021554,   1.006,   1.689,9999.000,9999.000,9999.000,9999.000,9999.000,9999.000,9999.000
202605021600,   1.009,   1.699,   0.500,   0.190,   1.699,   0.500,   1.699,   0.600,   1.799
202605021606,   1.009,9999.000,9999.000,9999.000,9999.000,9999.000,9999.000,9999.000,9999.000
202605021612,   1.008,9999.000,9999.000,9999.000,9999.000,9999.000,9999.000,9999.000,9999.000
202605021618,   1.006,9999.000,9999.000,9999.000,9999.000,9999.000,9999.000,9999.000,9999.000
202605021624,   1.001,9999.000,9999.000,9999.000,9999.000,9999.000,9999.000,9999.000,9999.000
202605021630,   0.995,   1.639,9999.000,9999.000,9999.000,9999.000,9999.000,9999.000,9999.000
202605021636,   0.987,   1.620,9999.000,9999.000,9999.000,9999.000,9999.000,9999.000,9999.000
202605021642,   0.978,   1.580,9999.000,9999.000,9999.000,9999.000,9999.000,9999.000,9999.000
202605021648,   0.967,   1.590,9999.000,9999.000,9999.000,9999.000,9999.000,9999.000,9999.000
202605021654,   0.955,   1.557,9999.000,9999.000,9999.000,9999.000,9999.000,9999.000,9999.000
202605021700,   0.941,   1.548,   0.500,   0.107,   1.548,   0.500,   1.548,   0.600,   1.648
202605021706,   0.927,   1.518,9999.000,9999.000,9999.000,9999.000,9999.000,9999.000,9999.000
202605021712,   0.911,   1.479,9999.000,9999.000,9999.000,9999.000,9999.000,9999.000,9999.000
202605021718,   0.895,   1.469,9999.000,9999.000,9999.000,9999.000,9999.000,9999.000,9999.000
202605021724,   0.877,   1.439,9999.000,9999.000,9999.000,9999.000,9999.000,9999.000,9999.000
202605021730,   0.859,   1.439,9999.000,9999.000,9999.000,9999.000,9999.000,9999.000,9999.000
202605021736,   0.841,   1.410,9999.000,9999.000,9999.000,9999.000,9999.000,9999.000,9999.000
202605021742,   0.822,   1.400,9999.000,9999.000,9999.000,9999.000,9999.000,9999.000,9999.000
202605021748,   0.803,   1.380,9999.000,9999.000,9999.000,9999.000,9999.000,9999.000,9999.000
202605021754,   0.783,   1.328,9999.000,9999.000,9999.000,9999.000,9999.000,9999.000,9999.000
202605021800,   0.763,   1.318,   0.600,  -0.045,   1.318,   0.500,   1.218,   0.600,   1.318
202605021806,   0.743,   1.289,9999.000,9999.000,9999.000,9999.000,9999.000,9999.000,9999.000
202605021812,   0.723,   1.279,9999.000,9999.000,9999.000,9999.000,9999.000,9999.000,9999.000
202605021818,   0.703,   1.249,9999.000,9999.000,9999.000,9999.000,9999.000,9999.000,9999.000
202605021824,   0.683,   1.220,9999.000,9999.000,9999.000,9999.000,9999.000,9999.000,9999.000
202605021830,   0.663,   1.200,9999.000,9999.000,9999.000,9999.000,9999.000,9999.000,9999.000
202605021836,   0.643,   1.170,9999.000,9999.000,9999.000,9999.000,9999.000,9999.000,9999.000
202605021842,   0.623,   1.161,9999.000,9999.000,9999.000,9999.000,9999.000,9999.000,9999.000
202605021848,   0.603,   1.118,9999.000,9999.000,9999.000,9999.000,9999.000,9999.000,9999.000
202605021854,   0.584,   1.098,9999.000,9999.000,9999.000,9999.000,9999.000,9999.000,9999.000
202605021900,   0.565,   1.069,   0.600,  -0.096,   1.069,   0.500,   0.969,   0.600,   1.069
202605021906,   0.546,   1.059,9999.000,9999.000,9999.000,9999.000,9999.000,9999.000,9999.000
202605021912,   0.527,   1.029,9999.000,9999.000,9999.000,9999.000,9999.000,9999.000,9999.000
202605021918,   0.509,   1.010,9999.000,9999.000,9999.000,9999.000,9999.000,9999.000,9999.000
202605021924,   0.490,   0.980,9999.000,9999.000,9999.000,9999.000,9999.000,9999.000,9999.000
202605021930,   0.473,   0.961,9999.000,9999.000,9999.000,9999.000,9999.000,9999.000,9999.000
202605021936,   0.455,   0.951,9999.000,9999.000,9999.000,9999.000,9999.000,9999.000,9999.000
202605021942,   0.437,   0.918,9999.000,9999.000,9999.000,9999.000,9999.000,9999.000,9999.000
202605021948,   0.420,   0.898,9999.000,9999.000,9999.000,9999.000,9999.000,9999.000,9999.000
202605021954,   0.404,   0.879,9999.000,9999.000,9999.000,9999.000,9999.000,9999.000,9999.000
202605022000,   0.387,   0.869,   0.600,  -0.118,   0.869,   0.500,   0.769,   0.600,   0.869
202605022006,   0.371,   0.839,9999.000,9999.000,9999.000,9999.000,9999.000,9999.000,9999.000
202605022012,   0.355,   0.819,9999.000,9999.000,9999.000,9999.000,9999.000,9999.000,9999.000
202605022018,   0.339,   0.790,9999.000,9999.000,9999.000,9999.000,9999.000,9999.000,9999.000
202605022024,   0.324,   0.780,9999.000,9999.000,9999.000,9999.000,9999.000,9999.000,9999.000
202605022030,   0.309,   0.760,9999.000,9999.000,9999.000,9999.000,9999.000,9999.000,9999.000
202605022036,   0.295,   0.731,9999.000,9999.000,9999.000,9999.000,9999.000,9999.000,9999.000
202605022042,   0.281,   0.718,9999.000,9999.000,9999.000,9999.000,9999.000,9999.000,9999.000
202605022048,   0.268,   0.688,9999.000,9999.000,9999.000,9999.000,9999.000,9999.000,9999.000
202605022054,   0.254,   0.688,9999.000,9999.000,9999.000,9999.000,9999.000,9999.000,9999.000
202605022100,   0.242,   0.649,   0.600,  -0.193,   0.649,   0.600,   0.649,   0.600,   0.649
202605022106,   0.230,   0.659,9999.000,9999.000,9999.000,9999.000,9999.000,9999.000,9999.000
202605022112,   0.218,   0.619,9999.000,9999.000,9999.000,9999.000,9999.000,9999.000,9999.000
202605022118,   0.208,   0.629,9999.000,9999.000,9999.000,9999.000,9999.000,9999.000,9999.000
202605022124,   0.198,   0.590,9999.000,9999.000,9999.000,9999.000,9999.000,9999.000,9999.000
202605022130,   0.188,   0.600,9999.000,9999.000,9999.000,9999.000,9999.000,9999.000,9999.000
202605022136,   0.180,   0.541,9999.000,9999.000,9999.000,9999.000,9999.000,9999.000,9999.000
202605022142,   0.172,   0.551,9999.000,9999.000,9999.000,9999.000,9999.000,9999.000,9999.000
202605022148,   0.165,   0.531,9999.000,9999.000,9999.000,9999.000,9999.000,9999.000,9999.000
202605022154,   0.160,   0.518,9999.000,9999.000,9999.000,9999.000,9999.000,9999.000,9999.000
202605022200,   0.155,   0.498,   0.600,  -0.257,   0.498,   0.600,   0.498,   0.700,   0.598
202605022206,   0.152,   0.508,9999.000,9999.000,9999.000,9999.000,9999.000,9999.000,9999.000
202605022212,   0.150,   0.508,9999.000,9999.000,9999.000,9999.000,9999.000,9999.000,9999.000
202605022218,   0.149,   0.508,9999.000,9999.000,9999.000,9999.000,9999.000,9999.000,9999.000
202605022224,   0.150,   0.498,9999.000,9999.000,9999.000,9999.000,9999.000,9999.000,9999.000
202605022230,   0.151,   0.518,9999.000,9999.000,9999.000,9999.000,9999.000,9999.000,9999.000
202605022236,   0.155,   0.541,9999.000,9999.000,9999.000,9999.000,9999.000,9999.000,9999.000
202605022242,   0.160,   0.541,9999.000,9999.000,9999.000,9999.000,9999.000,9999.000,9999.000
202605022248,   0.166,   0.551,9999.000,9999.000,9999.000,9999.000,9999.000,9999.000,9999.000
202605022254,   0.174,   0.551,9999.000,9999.000,9999.000,9999.000,9999.000,9999.000,9999.000
202605022300,   0.183,   0.619,   0.600,  -0.164,   0.619,   0.600,   0.619,   0.700,   0.719
202605022306,   0.194,   0.639,9999.000,9999.000,9999.000,9999.000,9999.000,9999.000,9999.000
202605022312,   0.207,   0.669,9999.000,9999.000,9999.000,9999.000,9999.000,9999.000,9999.000
202605022318,   0.221,   0.669,9999.000,9999.000,9999.000,9999.000,9999.000,9999.000,9999.000
202605022324,   0.236,   0.708,9999.000,9999.000,9999.000,9999.000,9999.000,9999.000,9999.000
202605022330,   0.253,   0.741,9999.000,9999.000,9999.000,9999.000,9999.000,9999.000,9999.000
202605022336,   0.271,   0.770,9999.000,9999.000,9999.000,9999.000,9999.000,9999.000,9999.000
202605022342,   0.290,   0.800,9999.000,9999.000,9999.000,9999.000,9999.000,9999.000,9999.000
202605022348,   0.311,   0.810,9999.000,9999.000,9999.000,9999.000,9999.000,9999.000,9999.000
202605022354,   0.332,   0.839,9999.000,9999.000,9999.000,9999.000,9999.000,9999.000,9999.000
202605030000,   0.355,   0.859,   0.600,  -0.096,   0.859,   0.600,   0.859,   0.600,   0.859
202605030006,   0.378,   0.898,9999.000,9999.000,9999.000,9999.000,9999.000,9999.000,9999.000
202605030012,   0.403,   0.898,9999.000,9999.000,9999.000,9999.000,9999.000,9999.000,9999.000
202605030018,   0.428,   0.941,9999.000,9999.000,9999.000,9999.000,9999.000,9999.000,9999.000
202605030024,   0.454,   0.970,9999.000,9999.000,9999.000,9999.000,9999.000,9999.000,9999.000
202605030030,   0.480,   0.990,9999.000,9999.000,9999.000,9999.000,9999.000,9999.000,9999.000
202605030036,   0.507,   1.020,9999.000,9999.000,9999.000,9999.000,9999.000,9999.000,9999.000
202605030042,   0.534,   1.049,9999.000,9999.000,9999.000,9999.000,9999.000,9999.000,9999.000
202605030048,   0.561,   1.088,9999.000,9999.000,9999.000,9999.000,9999.000,9999.000,9999.000
202605030054,   0.589,   1.108,9999.000,9999.000,9999.000,9999.000,9999.000,9999.000,9999.000
202605030100,   0.617,   1.161,   0.600,  -0.056,   1.161,   0.600,   1.161,   0.600,   1.161
202605030106,   0.645,   1.180,9999.000,9999.000,9999.000,9999.000,9999.000,9999.000,9999.000
202605030112,   0.674,   1.220,9999.000,9999.000,9999.000,9999.000,9999.000,9999.000,9999.000
202605030118,   0.702,   1.259,9999.000,9999.000,9999.000,9999.000,9999.000,9999.000,9999.000
202605030124,   0.730,   1.289,9999.000,9999.000,9999.000,9999.000,9999.000,9999.000,9999.000
202605030130,   0.759,   1.318,9999.000,9999.000,9999.000,9999.000,9999.000,9999.000,9999.000
202605030136,   0.787,   1.338,9999.000,9999.000,9999.000,9999.000,9999.000,9999.000,9999.000
202605030142,   0.816,   1.380,9999.000,9999.000,9999.000,9999.000,9999.000,9999.000,9999.000
202605030148,   0.844,   1.410,9999.000,9999.000,9999.000,9999.000,9999.000,9999.000,9999.000
202605030154,   0.873,   1.449,9999.000,9999.000,9999.000,9999.000,9999.000,9999.000,9999.000
202605030200,   0.901,   1.479,   0.600,  -0.022,   1.479,   0.600,   1.479,   0.600,   1.479
202605030206,   0.929,   1.528,9999.000,9999.000,9999.000,9999.000,9999.000,9999.000,9999.000
202605030212,   0.957,   1.538,9999.000,9999.000,9999.000,9999.000,9999.000,9999.000,9999.000
202605030218,   0.985,   1.571,9999.000,9999.000,9999.000,9999.000,9999.000,9999.000,9999.000
202605030224,   1.013,   1.620,9999.000,9999.000,9999.000,9999.000,9999.000,9999.000,9999.000
202605030230,   1.040,   1.630,9999.000,9999.000,9999.000,9999.000,9999.000,9999.000,9999.000
202605030236,   1.067,   1.669,9999.000,9999.000,9999.000,9999.000,9999.000,9999.000,9999.000
202605030242,   1.094,   1.699,9999.000,9999.000,9999.000,9999.000,9999.000,9999.000,9999.000
202605030248,   1.120,   1.728,9999.000,9999.000,9999.000,9999.000,9999.000,9999.000,9999.000
202605030254,   1.145,   1.758,9999.000,9999.000,9999.000,9999.000,9999.000,9999.000,9999.000
202605030300,   1.170,   1.767,   0.600,  -0.003,   1.767,   0.600,   1.767,   0.600,   1.767
202605030306,   1.193,   1.820,9999.000,9999.000,9999.000,9999.000,9999.000,9999.000,9999.000
202605030312,   1.216,   1.830,9999.000,9999.000,9999.000,9999.000,9999.000,9999.000,9999.000
202605030318,   1.238,   1.849,9999.000,9999.000,9999.000,9999.000,9999.000,9999.000,9999.000
202605030324,   1.258,   1.889,9999.000,9999.000,9999.000,9999.000,9999.000,9999.000,9999.000
202605030330,   1.277,   1.908,9999.000,9999.000,9999.000,9999.000,9999.000,9999.000,9999.000
202605030336,   1.295,   1.908,9999.000,9999.000,9999.000,9999.000,9999.000,9999.000,9999.000
202605030342,   1.311,   1.938,9999.000,9999.000,9999.000,9999.000,9999.000,9999.000,9999.000
202605030348,   1.326,   1.958,9999.000,9999.000,9999.000,9999.000,9999.000,9999.000,9999.000
202605030354,   1.338,   1.958,9999.000,9999.000,9999.000,9999.000,9999.000,9999.000,9999.000
202605030400,   1.349,   1.990,   0.600,   0.041,   1.990,   0.600,   1.990,   0.600,   1.990
202605030406,   1.359,   1.990,9999.000,9999.000,9999.000,9999.000,9999.000,9999.000,9999.000
202605030412,   1.366,   2.010,9999.000,9999.000,9999.000,9999.000,9999.000,9999.000,9999.000
202605030418,   1.372,   2.010,9999.000,9999.000,9999.000,9999.000,9999.000,9999.000,9999.000
202605030424,   1.375,   2.000,9999.000,9999.000,9999.000,9999.000,9999.000,9999.000,9999.000
202605030430,   1.377,   1.990,9999.000,9999.000,9999.000,9999.000,9999.000,9999.000,9999.000
202605030436,   1.376,   1.990,9999.000,9999.000,9999.000,9999.000,9999.000,9999.000,9999.000
202605030442,   1.374,   1.981,9999.000,9999.000,9999.000,9999.000,9999.000,9999.000,9999.000
202605030448,   1.370,   1.981,9999.000,9999.000,9999.000,9999.000,9999.000,9999.000,9999.000
202605030454,   1.364,   1.948,9999.000,9999.000,9999.000,9999.000,9999.000,9999.000,9999.000
202605030500,   1.357,   1.928,   0.600,  -0.029,   1.928,   0.600,   1.928,   0.700,   2.028
202605030506,   1.347,   1.928,9999.000,9999.000,9999.000,9999.000,9999.000,9999.000,9999.000
202605030512,   1.337,   1.908,9999.000,9999.000,9999.000,9999.000,9999.000,9999.000,9999.000
202605030518,   1.324,   1.889,9999.000,9999.000,9999.000,9999.000,9999.000,9999.000,9999.000
202605030524,   1.311,   1.859,9999.000,9999.000,9999.000,9999.000,9999.000,9999.000,9999.000
202605030530,   1.296,   1.830,9999.000,9999.000,9999.000,9999.000,9999.000,9999.000,9999.000
202605030536,   1.280,   1.800,9999.000,9999.000,9999.000,9999.000,9999.000,9999.000,9999.000
202605030542,   1.263,   1.781,9999.000,9999.000,9999.000,9999.000,9999.000,9999.000,9999.000
202605030548,   1.245,   1.758,9999.000,9999.000,9999.000,9999.000,9999.000,9999.000,9999.000
202605030554,   1.226,   1.728,9999.000,9999.000,9999.000,9999.000,9999.000,9999.000,9999.000
202605030600,   1.207,   1.718,   0.600,  -0.089,   1.718,   0.500,   1.618,   0.600,   1.718
202605030606,   1.186,9999.000,9999.000,9999.000,9999.000,9999.000,9999.000,9999.000,9999.000
202605030612,   1.166,9999.000,9999.000,9999.000,9999.000,9999.000,9999.000,9999.000,9999.000
202605030618,   1.144,9999.000,9999.000,9999.000,9999.000,9999.000,9999.000,9999.000,9999.000
202605030624,   1.123,9999.000,9999.000,9999.000,9999.000,9999.000,9999.000,9999.000,9999.000
202605030630,   1.101,9999.000,9999.000,9999.000,9999.000,9999.000,9999.000,9999.000,9999.000
202605030636,   1.078,9999.000,9999.000,9999.000,9999.000,9999.000,9999.000,9999.000,9999.000
202605030642,   1.055,9999.000,9999.000,9999.000,9999.000,9999.000,9999.000,9999.000,9999.000
202605030648,   1.033,9999.000,9999.000,9999.000,9999.000,9999.000,9999.000,9999.000,9999.000
202605030654,   1.010,9999.000,9999.000,9999.000,9999.000,9999.000,9999.000,9999.000,9999.000
202605030700,   0.986,9999.000,   0.600,9999.000,   1.586,   0.500,   1.486,   0.600,   1.586
202605030706,   0.963,9999.000,9999.000,9999.000,9999.000,9999.000,9999.000,9999.000,9999.000
202605030712,   0.940,9999.000,9999.000,9999.000,9999.000,9999.000,9999.000,9999.000,9999.000
202605030718,   0.916,9999.000,9999.000,9999.000,9999.000,9999.000,9999.000,9999.000,9999.000
202605030724,   0.892,9999.000,9999.000,9999.000,9999.000,9999.000,9999.000,9999.000,9999.000
202605030730,   0.869,9999.000,9999.000,9999.000,9999.000,9999.000,9999.000,9999.000,9999.000
202605030736,   0.845,9999.000,9999.000,9999.000,9999.000,9999.000,9999.000,9999.000,9999.000
202605030742,   0.821,9999.000,9999.000,9999.000,9999.000,9999.000,9999.000,9999.000,9999.000
202605030748,   0.798,9999.000,9999.000,9999.000,9999.000,9999.000,9999.000,9999.000,9999.000
202605030754,   0.774,9999.000,9999.000,9999.000,9999.000,9999.000,9999.000,9999.000,9999.000
202605030800,   0.750,   1.269,   0.600,  -0.081,   1.269,   0.500,   1.169,   0.600,   1.269
202605030806,   0.726,9999.000,9999.000,9999.000,9999.000,9999.000,9999.000,9999.000,9999.000
202605030812,   0.702,9999.000,9999.000,9999.000,9999.000,9999.000,9999.000,9999.000,9999.000
202605030818,   0.678,9999.000,9999.000,9999.000,9999.000,9999.000,9999.000,9999.000,9999.000
202605030824,   0.655, -17.915,9999.000,9999.000,9999.000,9999.000,9999.000,9999.000,9999.000
202605030830,   0.631,9999.000,9999.000,9999.000,9999.000,9999.000,9999.000,9999.000,9999.000
202605030836,   0.607,9999.000,9999.000,9999.000,9999.000,9999.000,9999.000,9999.000,9999.000
202605030842,   0.583,   1.118,9999.000,9999.000,9999.000,9999.000,9999.000,9999.000,9999.000
202605030848,   0.560,   1.098,9999.000,9999.000,9999.000,9999.000,9999.000,9999.000,9999.000
202605030854,   0.536,   1.098,9999.000,9999.000,9999.000,9999.000,9999.000,9999.000,9999.000
202605030900,   0.513,   1.088,   0.600,  -0.025,   1.088,   0.500,   0.988,   0.600,   1.088
202605030906,   0.490,9999.000,9999.000,9999.000,9999.000,9999.000,9999.000,9999.000,9999.000
202605030912,   0.467,9999.000,9999.000,9999.000,9999.000,9999.000,9999.000,9999.000,9999.000
202605030918,   0.445,9999.000,9999.000,9999.000,9999.000,9999.000,9999.000,9999.000,9999.000
202605030924,   0.422,9999.000,9999.000,9999.000,9999.000,9999.000,9999.000,9999.000,9999.000
202605030930,   0.400,   1.000,9999.000,9999.000,9999.000,9999.000,9999.000,9999.000,9999.000
202605030936,   0.379,   0.990,9999.000,9999.000,9999.000,9999.000,9999.000,9999.000,9999.000
202605030942,   0.358,   0.941,9999.000,9999.000,9999.000,9999.000,9999.000,9999.000,9999.000
202605030948,   0.337,   0.908,9999.000,9999.000,9999.000,9999.000,9999.000,9999.000,9999.000
202605030954,   0.318,   0.869,9999.000,9999.000,9999.000,9999.000,9999.000,9999.000,9999.000
202605031000,   0.298,   0.849,   0.600,  -0.049,   0.849,   0.500,   0.749,   0.600,   0.849
202605031006,   0.280,   0.849,9999.000,9999.000,9999.000,9999.000,9999.000,9999.000,9999.000
202605031012,   0.263,   0.829,9999.000,9999.000,9999.000,9999.000,9999.000,9999.000,9999.000
202605031018,   0.246,   0.869,9999.000,9999.000,9999.000,9999.000,9999.000,9999.000,9999.000
202605031024,   0.231,   0.780,9999.000,9999.000,9999.000,9999.000,9999.000,9999.000,9999.000
202605031030,   0.216,   0.751,9999.000,9999.000,9999.000,9999.000,9999.000,9999.000,9999.000
202605031036,   0.203,   0.708,9999.000,9999.000,9999.000,9999.000,9999.000,9999.000,9999.000
202605031042,   0.191,   0.708,9999.000,9999.000,9999.000,9999.000,9999.000,9999.000,9999.000
202605031048,   0.181,   0.698,9999.000,9999.000,9999.000,9999.000,9999.000,9999.000,9999.000
202605031054,   0.172,   0.731,9999.000,9999.000,9999.000,9999.000,9999.000,9999.000,9999.000
202605031100,   0.164,   0.770,   0.600,   0.006,   0.770,   0.500,   0.670,   0.700,   0.870
202605031106,   0.158,   0.760,9999.000,9999.000,9999.000,9999.000,9999.000,9999.000,9999.000
202605031112,   0.154,   0.688,9999.000,9999.000,9999.000,9999.000,9999.000,9999.000,9999.000
202605031118,   0.151,   0.639,9999.000,9999.000,9999.000,9999.000,9999.000,9999.000,9999.000
202605031124,   0.150,   0.659,9999.000,9999.000,9999.000,9999.000,9999.000,9999.000,9999.000
202605031130,   0.150,   0.698,9999.000,9999.000,9999.000,9999.000,9999.000,9999.000,9999.000
202605031136,   0.152,   0.718,9999.000,9999.000,9999.000,9999.000,9999.000,9999.000,9999.000
202605031142,   0.155,   0.751,9999.000,9999.000,9999.000,9999.000,9999.000,9999.000,9999.000
202605031148,   0.161,   0.770,9999.000,9999.000,9999.000,9999.000,9999.000,9999.000,9999.000
202605031154,   0.167,   0.688,9999.000,9999.000,9999.000,9999.000,9999.000,9999.000,9999.000
202605031200,   0.175,   0.688,   0.500,   0.013,   0.688,   0.400,   0.588,   0.500,   0.688
202605031206,   0.185,   0.678,9999.000,9999.000,9999.000,9999.000,9999.000,9999.000,9999.000
202605031212,   0.196,   0.718,9999.000,9999.000,9999.000,9999.000,9999.000,9999.000,9999.000
202605031218,   0.208,   0.770,9999.000,9999.000,9999.000,9999.000,9999.000,9999.000,9999.000
202605031224,   0.221,   0.790,9999.000,9999.000,9999.000,9999.000,9999.000,9999.000,9999.000
202605031230,   0.235,   0.839,9999.000,9999.000,9999.000,9999.000,9999.000,9999.000,9999.000
202605031236,   0.251,   0.829,9999.000,9999.000,9999.000,9999.000,9999.000,9999.000,9999.000
202605031242,   0.267,   0.849,9999.000,9999.000,9999.000,9999.000,9999.000,9999.000,9999.000
202605031248,   0.284,   0.869,9999.000,9999.000,9999.000,9999.000,9999.000,9999.000,9999.000
202605031254,   0.302,   0.879,9999.000,9999.000,9999.000,9999.000,9999.000,9999.000,9999.000
202605031300,   0.320,   0.918,   0.400,   0.198,   0.918,   0.400,   0.918,   0.500,   1.018
202605031306,   0.339,9999.000,9999.000,9999.000,9999.000,9999.000,9999.000,9999.000,9999.000
202605031312,   0.359, -17.846,9999.000,9999.000,9999.000,9999.000,9999.000,9999.000,9999.000
202605031318,   0.379,   1.000,9999.000,9999.000,9999.000,9999.000,9999.000,9999.000,9999.000
202605031324,   0.399,   1.020,9999.000,9999.000,9999.000,9999.000,9999.000,9999.000,9999.000
202605031330,   0.419,   1.059,9999.000,9999.000,9999.000,9999.000,9999.000,9999.000,9999.000
202605031336,   0.440,   1.069,9999.000,9999.000,9999.000,9999.000,9999.000,9999.000,9999.000
202605031342,   0.461,   1.088,9999.000,9999.000,9999.000,9999.000,9999.000,9999.000,9999.000
202605031348,   0.483,   1.118,9999.000,9999.000,9999.000,9999.000,9999.000,9999.000,9999.000
202605031354,   0.504,   1.118,9999.000,9999.000,9999.000,9999.000,9999.000,9999.000,9999.000
202605031400,   0.526,   1.138,   0.500,   0.112,   1.138,   0.400,   1.038,   0.500,   1.138
202605031406,   0.547,9999.000,9999.000,9999.000,9999.000,9999.000,9999.000,9999.000,9999.000
202605031412,   0.569,9999.000,9999.000,9999.000,9999.000,9999.000,9999.000,9999.000,9999.000
202605031418,   0.591,9999.000,9999.000,9999.000,9999.000,9999.000,9999.000,9999.000,9999.000
202605031424,   0.613,   1.298,9999.000,9999.000,9999.000,9999.000,9999.000,9999.000,9999.000
202605031430,   0.635,   1.308,9999.000,9999.000,9999.000,9999.000,9999.000,9999.000,9999.000
202605031436,   0.657,   1.279,9999.000,9999.000,9999.000,9999.000,9999.000,9999.000,9999.000
202605031442,   0.679,   1.348,9999.000,9999.000,9999.000,9999.000,9999.000,9999.000,9999.000
202605031448,   0.700,   1.371,9999.000,9999.000,9999.000,9999.000,9999.000,9999.000,9999.000
202605031454,   0.722,   1.348,9999.000,9999.000,9999.000,9999.000,9999.000,9999.000,9999.000
202605031500,   0.743,   1.439,   0.500,   0.196,   1.439,   0.500,   1.439,   0.500,   1.439
202605031506,   0.764,9999.000,9999.000,9999.000,9999.000,9999.000,9999.000,9999.000,9999.000
202605031512,   0.785,9999.000,9999.000,9999.000,9999.000,9999.000,9999.000,9999.000,9999.000
202605031518,   0.805,9999.000,9999.000,9999.000,9999.000,9999.000,9999.000,9999.000,9999.000
202605031524,   0.825,9999.000,9999.000,9999.000,9999.000,9999.000,9999.000,9999.000,9999.000
202605031530,   0.843,9999.000,9999.000,9999.000,9999.000,9999.000,9999.000,9999.000,9999.000
202605031536,   0.861,9999.000,9999.000,9999.000,9999.000,9999.000,9999.000,9999.000,9999.000
202605031542,   0.878,9999.000,9999.000,9999.000,9999.000,9999.000,9999.000,9999.000,9999.000
202605031548,   0.894,   1.557,9999.000,9999.000,9999.000,9999.000,9999.000,9999.000,9999.000
202605031554,   0.909,   1.580,9999.000,9999.000,9999.000,9999.000,9999.000,9999.000,9999.000
202605031600,   0.923,   1.600,   0.500,   0.177,   1.600,   0.500,   1.600,   0.500,   1.600
202605031606,   0.935,   1.538,9999.000,9999.000,9999.000,9999.000,9999.000,9999.000,9999.000
202605031612,   0.945,   1.538,9999.000,9999.000,9999.000,9999.000,9999.000,9999.000,9999.000
202605031618,   0.955,   1.518,9999.000,9999.000,9999.000,9999.000,9999.000,9999.000,9999.000
202605031624,   0.962,   1.557,9999.000,9999.000,9999.000,9999.000,9999.000,9999.000,9999.000
202605031630,   0.968,   1.557,9999.000,9999.000,9999.000,9999.000,9999.000,9999.000,9999.000
202605031636,   0.972,9999.000,9999.000,9999.000,9999.000,9999.000,9999.000,9999.000,9999.000
202605031642,   0.975,   1.571,9999.000,9999.000,9999.000,9999.000,9999.000,9999.000,9999.000
202605031648,   0.975,   1.538,9999.000,9999.000,9999.000,9999.000,9999.000,9999.000,9999.000
202605031654,   0.974,   1.518,9999.000,9999.000,9999.000,9999.000,9999.000,9999.000,9999.000
202605031700,   0.971,   1.508,   0.500,   0.037,   1.508,   0.400,   1.408,   0.600,   1.608
202605031706,   0.967,9999.000,9999.000,9999.000,9999.000,9999.000,9999.000,9999.000,9999.000
202605031712,   0.961,   1.479,9999.000,9999.000,9999.000,9999.000,9999.000,9999.000,9999.000
202605031718,   0.953,   1.528,9999.000,9999.000,9999.000,9999.000,9999.000,9999.000,9999.000
202605031724,   0.944,   1.469,9999.000,9999.000,9999.000,9999.000,9999.000,9999.000,9999.000
202605031730,   0.933,   1.439,9999.000,9999.000,9999.000,9999.000,9999.000,9999.000,9999.000
202605031736,   0.921,   1.449,9999.000,9999.000,9999.000,9999.000,9999.000,9999.000,9999.000
202605031742,   0.908,   1.479,9999.000,9999.000,9999.000,9999.000,9999.000,9999.000,9999.000
202605031748,   0.893,   1.400,9999.000,9999.000,9999.000,9999.000,9999.000,9999.000,9999.000
202605031754,   0.878,   1.371,9999.000,9999.000,9999.000,9999.000,9999.000,9999.000,9999.000
202605031800,   0.861,   1.390,   0.500,   0.029,   1.390,   0.400,   1.290,   0.500,   1.390
202605031806,   0.844,   1.348,9999.000,9999.000,9999.000,9999.000,9999.000,9999.000,9999.000
202605031812,   0.826,   1.449,9999.000,9999.000,9999.000,9999.000,9999.000,9999.000,9999.000
202605031818,   0.807,   1.259,9999.000,9999.000,9999.000,9999.000,9999.000,9999.000,9999.000
202605031824,   0.788,   1.361,9999.000,9999.000,9999.000,9999.000,9999.000,9999.000,9999.000
202605031830,   0.769,   1.249,9999.000,9999.000,9999.000,9999.000,9999.000,9999.000,9999.000
202605031836,   0.749,   1.361,9999.000,9999.000,9999.000,9999.000,9999.000,9999.000,9999.000
202605031842,   0.729,   1.400,9999.000,9999.000,9999.000,9999.000,9999.000,9999.000,9999.000
202605031848,   0.709,   1.229,9999.000,9999.000,9999.000,9999.000,9999.000,9999.000,9999.000
202605031854,   0.689,   1.380,9999.000,9999.000,9999.000,9999.000,9999.000,9999.000,9999.000
202605031900,   0.669,   1.220,   0.400,   0.151,   1.220,   0.400,   1.220,   0.500,   1.320
202605031906,   0.649,   1.298,9999.000,9999.000,9999.000,9999.000,9999.000,9999.000,9999.000
202605031912,   0.629,   1.220,9999.000,9999.000,9999.000,9999.000,9999.000,9999.000,9999.000
202605031918,   0.609,   1.200,9999.000,9999.000,9999.000,9999.000,9999.000,9999.000,9999.000
202605031924,   0.590,   1.298,9999.000,9999.000,9999.000,9999.000,9999.000,9999.000,9999.000
202605031930,   0.570,   1.210,9999.000,9999.000,9999.000,9999.000,9999.000,9999.000,9999.000
202605031936,   0.551,   1.190,9999.000,9999.000,9999.000,9999.000,9999.000,9999.000,9999.000
202605031942,   0.532,   1.128,9999.000,9999.000,9999.000,9999.000,9999.000,9999.000,9999.000
202605031948,   0.514,   1.180,9999.000,9999.000,9999.000,9999.000,9999.000,9999.000,9999.000
202605031954,   0.496,   1.138,9999.000,9999.000,9999.000,9999.000,9999.000,9999.000,9999.000
202605032000,   0.478,   1.049,   0.400,   0.171,   1.049,   0.300,   0.949,   0.500,   1.149
202605032006,   0.460,   1.079,9999.000,9999.000,9999.000,9999.000,9999.000,9999.000,9999.000
202605032012,   0.443,   1.108,9999.000,9999.000,9999.000,9999.000,9999.000,9999.000,9999.000
202605032018,   0.426,   1.039,9999.000,9999.000,9999.000,9999.000,9999.000,9999.000,9999.000
202605032024,   0.410,   1.059,9999.000,9999.000,9999.000,9999.000,9999.000,9999.000,9999.000
202605032030,   0.394,   0.961,9999.000,9999.000,9999.000,9999.000,9999.000,9999.000,9999.000
202605032036,   0.378,   1.020,9999.000,9999.000,9999.000,9999.000,9999.000,9999.000,9999.000
202605032042,   0.363,   0.908,9999.000,9999.000,9999.000,9999.000,9999.000,9999.000,9999.000
202605032048,   0.348,   1.000,9999.000,9999.000,9999.000,9999.000,9999.000,9999.000,9999.000
202605032054,   0.333,   0.898,9999.000,9999.000,9999.000,9999.000,9999.000,9999.000,9999.000
202605032100,   0.319,   0.908,   0.400,   0.189,   0.908,   0.300,   0.808,   0.500,   1.008
202605032106,   0.306,   0.849,9999.000,9999.000,9999.000,9999.000,9999.000,9999.000,9999.000
202605032112,   0.292,   0.879,9999.000,9999.000,9999.000,9999.000,9999.000,9999.000,9999.000
202605032118,   0.280,   0.829,9999.000,9999.000,9999.000,9999.000,9999.000,9999.000,9999.000
202605032124,   0.268,   0.770,9999.000,9999.000,9999.000,9999.000,9999.000,9999.000,9999.000
202605032130,   0.256,   0.800,9999.000,9999.000,9999.000,9999.000,9999.000,9999.000,9999.000
202605032136,   0.245,   0.751,9999.000,9999.000,9999.000,9999.000,9999.000,9999.000,9999.000
202605032142,   0.234,   0.829,9999.000,9999.000,9999.000,9999.000,9999.000,9999.000,9999.000
202605032148,   0.224,   0.741,9999.000,9999.000,9999.000,9999.000,9999.000,9999.000,9999.000
202605032154,   0.215,   0.698,9999.000,9999.000,9999.000,9999.000,9999.000,9999.000,9999.000
202605032200,   0.206,   0.659,   0.400,   0.053,   0.659,   0.300,   0.559,   0.500,   0.759
202605032206,   0.199,   0.678,9999.000,9999.000,9999.000,9999.000,9999.000,9999.000,9999.000
202605032212,   0.192,   0.678,9999.000,9999.000,9999.000,9999.000,9999.000,9999.000,9999.000
202605032218,   0.185,   0.659,9999.000,9999.000,9999.000,9999.000,9999.000,9999.000,9999.000
202605032224,   0.180,   0.580,9999.000,9999.000,9999.000,9999.000,9999.000,9999.000,9999.000
202605032230,   0.176,   0.659,9999.000,9999.000,9999.000,9999.000,9999.000,9999.000,9999.000
202605032236,   0.172,   0.508,9999.000,9999.000,9999.000,9999.000,9999.000,9999.000,9999.000
202605032242,   0.170,   0.629,9999.000,9999.000,9999.000,9999.000,9999.000,9999.000,9999.000
202605032248,   0.169,   0.551,9999.000,9999.000,9999.000,9999.000,9999.000,9999.000,9999.000
202605032254,   0.169,   0.629,9999.000,9999.000,9999.000,9999.000,9999.000,9999.000,9999.000
202605032300,   0.171,   0.541,   0.400,  -0.030,   0.541,   0.300,   0.441,   0.500,   0.641
202605032306,   0.173,9999.000,9999.000,9999.000,9999.000,9999.000,9999.000,9999.000,9999.000
202605032312,   0.178,   0.590,9999.000,9999.000,9999.000,9999.000,9999.000,9999.000,9999.000
202605032318,   0.183,   0.531,9999.000,9999.000,9999.000,9999.000,9999.000,9999.000,9999.000
202605032324,   0.190,   0.551,9999.000,9999.000,9999.000,9999.000,9999.000,9999.000,9999.000
202605032330,   0.198,   0.560,9999.000,9999.000,9999.000,9999.000,9999.000,9999.000,9999.000
202605032336,   0.208,   0.629,9999.000,9999.000,9999.000,9999.000,9999.000,9999.000,9999.000
202605032342,   0.220,   0.600,9999.000,9999.000,9999.000,9999.000,9999.000,9999.000,9999.000
202605032348,   0.233,   0.639,9999.000,9999.000,9999.000,9999.000,9999.000,9999.000,9999.000
202605032354,   0.247,   0.659,9999.000,9999.000,9999.000,9999.000,9999.000,9999.000,9999.000
202605040000,   0.263,   0.639,   0.400,  -0.024,   0.639,   0.300,   0.539,   0.400,   0.639
202605040006,   0.280,   0.678,9999.000,9999.000,9999.000,9999.000,9999.000,9999.000,9999.000
202605040012,   0.299,   0.669,9999.000,9999.000,9999.000,9999.000,9999.000,9999.000,9999.000
202605040018,   0.319,   0.741,9999.000,9999.000,9999.000,9999.000,9999.000,9999.000,9999.000
202605040024,   0.340,   0.741,9999.000,9999.000,9999.000,9999.000,9999.000,9999.000,9999.000
202605040030,   0.362,   0.770,9999.000,9999.000,9999.000,9999.000,9999.000,9999.000,9999.000
202605040036,   0.386,   0.800,9999.000,9999.000,9999.000,9999.000,9999.000,9999.000,9999.000
202605040042,   0.410,   0.810,9999.000,9999.000,9999.000,9999.000,9999.000,9999.000,9999.000
202605040048,   0.435,   0.819,9999.000,9999.000,9999.000,9999.000,9999.000,9999.000,9999.000
202605040054,   0.461,   0.849,9999.000,9999.000,9999.000,9999.000,9999.000,9999.000,9999.000
202605040100,   0.488,   0.879,   0.400,  -0.009,   0.879,   0.300,   0.779,   0.400,   0.879
202605040106,   0.515,   0.898,9999.000,9999.000,9999.000,9999.000,9999.000,9999.000,9999.000
202605040112,   0.542,   0.908,9999.000,9999.000,9999.000,9999.000,9999.000,9999.000,9999.000
202605040118,   0.570,   0.951,9999.000,9999.000,9999.000,9999.000,9999.000,9999.000,9999.000
202605040124,   0.598,   0.970,9999.000,9999.000,9999.000,9999.000,9999.000,9999.000,9999.000
202605040130,   0.626,   0.990,9999.000,9999.000,9999.000,9999.000,9999.000,9999.000,9999.000
202605040136,   0.655,   1.020,9999.000,9999.000,9999.000,9999.000,9999.000,9999.000,9999.000
202605040142,   0.683,   1.059,9999.000,9999.000,9999.000,9999.000,9999.000,9999.000,9999.000
202605040148,   0.711,   1.079,9999.000,9999.000,9999.000,9999.000,9999.000,9999.000,9999.000
202605040154,   0.739,   1.098,9999.000,9999.000,9999.000,9999.000,9999.000,9999.000,9999.000
202605040200,   0.767,   1.128,   0.300,   0.061,   1.128,   0.300,   1.128,   0.400,   1.228
202605040206,   0.795,   1.161,9999.000,9999.000,9999.000,9999.000,9999.000,9999.000,9999.000
202605040212,   0.823,   1.190,9999.000,9999.000,9999.000,9999.000,9999.000,9999.000,9999.000
202605040218,   0.850,   1.229,9999.000,9999.000,9999.000,9999.000,9999.000,9999.000,9999.000
202605040224,   0.877,   1.259,9999.000,9999.000,9999.000,9999.000,9999.000,9999.000,9999.000
202605040230,   0.904,   1.298,9999.000,9999.000,9999.000,9999.000,9999.000,9999.000,9999.000
202605040236,   0.930,   1.318,9999.000,9999.000,9999.000,9999.000,9999.000,9999.000,9999.000
202605040242,   0.957,   1.348,9999.000,9999.000,9999.000,9999.000,9999.000,9999.000,9999.000
202605040248,   0.983,   1.400,9999.000,9999.000,9999.000,9999.000,9999.000,9999.000,9999.000
202605040254,   1.008,   1.430,9999.000,9999.000,9999.000,9999.000,9999.000,9999.000,9999.000
202605040300,   1.033,   1.449,   0.300,   0.116,   1.449,   0.200,   1.349,   0.300,   1.449
202605040306,   1.058,   1.479,9999.000,9999.000,9999.000,9999.000,9999.000,9999.000,9999.000
202605040312,   1.082,   1.508,9999.000,9999.000,9999.000,9999.000,9999.000,9999.000,9999.000
202605040318,   1.106,   1.538,9999.000,9999.000,9999.000,9999.000,9999.000,9999.000,9999.000
202605040324,   1.129,   1.571,9999.000,9999.000,9999.000,9999.000,9999.000,9999.000,9999.000
202605040330,   1.152,   1.580,9999.000,9999.000,9999.000,9999.000,9999.000,9999.000,9999.000
202605040336,   1.174,   1.610,9999.000,9999.000,9999.000,9999.000,9999.000,9999.000,9999.000
202605040342,   1.195,   1.630,9999.000,9999.000,9999.000,9999.000,9999.000,9999.000,9999.000
202605040348,   1.216,   1.669,9999.000,9999.000,9999.000,9999.000,9999.000,9999.000,9999.000
202605040354,   1.236,   1.689,9999.000,9999.000,9999.000,9999.000,9999.000,9999.000,9999.000
202605040400,   1.254,   1.708,   0.200,   0.254,   1.708,   0.200,   1.708,   0.300,   1.808
202605040406,   1.272,9999.000,9999.000,9999.000,9999.000,9999.000,9999.000,9999.000,9999.000
202605040412,   1.288,9999.000,9999.000,9999.000,9999.000,9999.000,9999.000,9999.000,9999.000
202605040418,   1.303,9999.000,9999.000,9999.000,9999.000,9999.000,9999.000,9999.000,9999.000
202605040424,   1.317,9999.000,9999.000,9999.000,9999.000,9999.000,9999.000,9999.000,9999.000
202605040430,   1.329,9999.000,9999.000,9999.000,9999.000,9999.000,9999.000,9999.000,9999.000
202605040436,   1.340,9999.000,9999.000,9999.000,9999.000,9999.000,9999.000,9999.000,9999.000
202605040442,   1.348,9999.000,9999.000,9999.000,9999.000,9999.000,9999.000,9999.000,9999.000
202605040448,   1.356,9999.000,9999.000,9999.000,9999.000,9999.000,9999.000,9999.000,9999.000
202605040454,   1.361, -17.764,9999.000,9999.000,9999.000,9999.000,9999.000,9999.000,9999.000
202605040500,   1.365,9999.000,   0.200,9999.000,   1.565,   0.100,   1.465,   0.300,   1.665
202605040506,   1.367,9999.000,9999.000,9999.000,9999.000,9999.000,9999.000,9999.000,9999.000
202605040512,   1.367,9999.000,9999.000,9999.000,9999.000,9999.000,9999.000,9999.000,9999.000
202605040518,   1.366,9999.000,9999.000,9999.000,9999.000,9999.000,9999.000,9999.000,9999.000
202605040524,   1.362,9999.000,9999.000,9999.000,9999.000,9999.000,9999.000,9999.000,9999.000
202605040530,   1.357,9999.000,9999.000,9999.000,9999.000,9999.000,9999.000,9999.000,9999.000
202605040536,   1.350,9999.000,9999.000,9999.000,9999.000,9999.000,9999.000,9999.000,9999.000
202605040542,   1.341,9999.000,9999.000,9999.000,9999.000,9999.000,9999.000,9999.000,9999.000
202605040548,   1.331,9999.000,9999.000,9999.000,9999.000,9999.000,9999.000,9999.000,9999.000
202605040554,   1.320,   1.869,9999.000,9999.000,9999.000,9999.000,9999.000,9999.000,9999.000
202605040600,   1.306,9999.000,   0.200,9999.000,   1.506,   0.000,   1.306,   0.300,   1.606
202605040606,   1.292,9999.000,9999.000,9999.000,9999.000,9999.000,9999.000,9999.000,9999.000
202605040612,   1.276,9999.000,9999.000,9999.000,9999.000,9999.000,9999.000,9999.000,9999.000
202605040618,   1.259,9999.000,9999.000,9999.000,9999.000,9999.000,9999.000,9999.000,9999.000
202605040624,   1.242,9999.000,9999.000,9999.000,9999.000,9999.000,9999.000,9999.000,9999.000
202605040630,   1.223,9999.000,9999.000,9999.000,9999.000,9999.000,9999.000,9999.000,9999.000
202605040636,   1.203,9999.000,9999.000,9999.000,9999.000,9999.000,9999.000,9999.000,9999.000
202605040642,   1.183,9999.000,9999.000,9999.000,9999.000,9999.000,9999.000,9999.000,9999.000
202605040648,   1.162,9999.000,9999.000,9999.000,9999.000,9999.000,9999.000,9999.000,9999.000
202605040654,   1.140,9999.000,9999.000,9999.000,9999.000,9999.000,9999.000,9999.000,9999.000
202605040700,   1.118,   1.639,   0.100,   0.421,   1.639,   0.000,   1.539,   0.300,   1.839
202605040706,   1.096,9999.000,9999.000,9999.000,9999.000,9999.000,9999.000,9999.000,9999.000
202605040712,   1.073,9999.000,9999.000,9999.000,9999.000,9999.000,9999.000,9999.000,9999.000
202605040718,   1.050,9999.000,9999.000,9999.000,9999.000,9999.000,9999.000,9999.000,9999.000
202605040724,   1.027,9999.000,9999.000,9999.000,9999.000,9999.000,9999.000,9999.000,9999.000
202605040730,   1.004,9999.000,9999.000,9999.000,9999.000,9999.000,9999.000,9999.000,9999.000
202605040736,   0.980,9999.000,9999.000,9999.000,9999.000,9999.000,9999.000,9999.000,9999.000
202605040742,   0.957,9999.000,9999.000,9999.000,9999.000,9999.000,9999.000,9999.000,9999.000
202605040748,   0.933,9999.000,9999.000,9999.000,9999.000,9999.000,9999.000,9999.000,9999.000
202605040754,   0.910,   1.420,9999.000,9999.000,9999.000,9999.000,9999.000,9999.000,9999.000
202605040800,   0.886,   1.400,   0.100,   0.414,   1.400,   0.000,   1.300,   0.200,   1.500
202605040806,   0.863,9999.000,9999.000,9999.000,9999.000,9999.000,9999.000,9999.000,9999.000
202605040812,   0.839,9999.000,9999.000,9999.000,9999.000,9999.000,9999.000,9999.000,9999.000
202605040818,   0.816,9999.000,9999.000,9999.000,9999.000,9999.000,9999.000,9999.000,9999.000
202605040824,   0.792,9999.000,9999.000,9999.000,9999.000,9999.000,9999.000,9999.000,9999.000
202605040830,   0.769,9999.000,9999.000,9999.000,9999.000,9999.000,9999.000,9999.000,9999.000
202605040836,   0.746,9999.000,9999.000,9999.000,9999.000,9999.000,9999.000,9999.000,9999.000
202605040842,   0.722,9999.000,9999.000,9999.000,9999.000,9999.000,9999.000,9999.000,9999.000
202605040848,   0.699,   1.220,9999.000,9999.000,9999.000,9999.000,9999.000,9999.000,9999.000
202605040854,   0.676,   1.200,9999.000,9999.000,9999.000,9999.000,9999.000,9999.000,9999.000
202605040900,   0.653,   1.190,   0.100,   0.437,   1.190,  -0.100,   0.990,   0.200,   1.290
202605040906,   0.630,9999.000,9999.000,9999.000,9999.000,9999.000,9999.000,9999.000,9999.000
202605040912,   0.607,9999.000,9999.000,9999.000,9999.000,9999.000,9999.000,9999.000,9999.000
202605040918,   0.584,9999.000,9999.000,9999.000,9999.000,9999.000,9999.000,9999.000,9999.000
202605040924,   0.562,9999.000,9999.000,9999.000,9999.000,9999.000,9999.000,9999.000,9999.000
202605040930,   0.539,9999.000,9999.000,9999.000,9999.000,9999.000,9999.000,9999.000,9999.000
202605040936,   0.517,   1.049,9999.000,9999.000,9999.000,9999.000,9999.000,9999.000,9999.000
202605040942,   0.495,   1.029,9999.000,9999.000,9999.000,9999.000,9999.000,9999.000,9999.000
202605040948,   0.473,   1.020,9999.000,9999.000,9999.000,9999.000,9999.000,9999.000,9999.000
202605040954,   0.452,   1.000,9999.000,9999.000,9999.000,9999.000,9999.000,9999.000,9999.000
202605041000,   0.430,   0.980,   0.000,   0.550,   0.980,  -0.100,   0.880,   0.100,   1.080
202605041006,   0.410,   0.970,9999.000,9999.000,9999.000,9999.000,9999.000,9999.000,9999.000
202605041012,   0.389,   0.941,9999.000,9999.000,9999.000,9999.000,9999.000,9999.000,9999.000
202605041018,   0.369,   0.908,9999.000,9999.000,9999.000,9999.000,9999.000,9999.000,9999.000
202605041024,   0.349,   0.888,9999.000,9999.000,9999.000,9999.000,9999.000,9999.000,9999.000
202605041030,   0.330,   0.869,9999.000,9999.000,9999.000,9999.000,9999.000,9999.000,9999.000
202605041036,   0.312,   0.869,9999.000,9999.000,9999.000,9999.000,9999.000,9999.000,9999.000
202605041042,   0.294,   0.839,9999.000,9999.000,9999.000,9999.000,9999.000,9999.000,9999.000
202605041048,   0.277,   0.849,9999.000,9999.000,9999.000,9999.000,9999.000,9999.000,9999.000
202605041054,   0.261,   0.819,9999.000,9999.000,9999.000,9999.000,9999.000,9999.000,9999.000
202605041100,   0.246,   0.829,  -0.100,   0.683,   0.829,  -0.200,   0.729,   0.000,   0.929
202605041106,   0.232,   0.810,9999.000,9999.000,9999.000,9999.000,9999.000,9999.000,9999.000
202605041112,   0.219,   0.810,9999.000,9999.000,9999.000,9999.000,9999.000,9999.000,9999.000
202605041118,   0.207,   0.810,9999.000,9999.000,9999.000,9999.000,9999.000,9999.000,9999.000
202605041124,   0.196,   0.790,9999.000,9999.000,9999.000,9999.000,9999.000,9999.000,9999.000
202605041130,   0.187,   0.790,9999.000,9999.000,9999.000,9999.000,9999.000,9999.000,9999.000
202605041136,   0.179,   0.760,9999.000,9999.000,9999.000,9999.000,9999.000,9999.000,9999.000
202605041142,   0.172,   0.760,9999.000,9999.000,9999.000,9999.000,9999.000,9999.000,9999.000
202605041148,   0.167,   0.751,9999.000,9999.000,9999.000,9999.000,9999.000,9999.000,9999.000
202605041154,   0.163,   0.770,9999.000,9999.000,9999.000,9999.000,9999.000,9999.000,9999.000
202605041200,   0.161,   0.741,   0.000,   0.580,   0.741,  -0.100,   0.641,   0.200,   0.941
202605041206,   0.160,   0.741,9999.000,9999.000,9999.000,9999.000,9999.000,9999.000,9999.000
202605041212,   0.161,   0.718,9999.000,9999.000,9999.000,9999.000,9999.000,9999.000,9999.000
202605041218,   0.164,   0.718,9999.000,9999.000,9999.000,9999.000,9999.000,9999.000,9999.000
202605041224,   0.168,   0.731,9999.000,9999.000,9999.000,9999.000,9999.000,9999.000,9999.000
202605041230,   0.174,   0.731,9999.000,9999.000,9999.000,9999.000,9999.000,9999.000,9999.000
202605041236,   0.181,   0.731,9999.000,9999.000,9999.000,9999.000,9999.000,9999.000,9999.000
202605041242,   0.190,   0.731,9999.000,9999.000,9999.000,9999.000,9999.000,9999.000,9999.000
202605041248,   0.200,   0.741,9999.000,9999.000,9999.000,9999.000,9999.000,9999.000,9999.000
202605041254,   0.211,   0.751,9999.000,9999.000,9999.000,9999.000,9999.000,9999.000,9999.000
202605041300,   0.224,   0.760,   0.000,   0.536,   0.760,  -0.200,   0.560,   0.100,   0.860
202605041306,   0.238,   0.790,9999.000,9999.000,9999.000,9999.000,9999.000,9999.000,9999.000
202605041312,   0.252,   0.800,9999.000,9999.000,9999.000,9999.000,9999.000,9999.000,9999.000
202605041318,   0.268,   0.810,9999.000,9999.000,9999.000,9999.000,9999.000,9999.000,9999.000
202605041324,   0.285,   0.819,9999.000,9999.000,9999.000,9999.000,9999.000,9999.000,9999.000
202605041330,   0.302,   0.849,9999.000,9999.000,9999.000,9999.000,9999.000,9999.000,9999.000
202605041336,   0.320,   0.859,9999.000,9999.000,9999.000,9999.000,9999.000,9999.000,9999.000
202605041342,   0.339,   0.869,9999.000,9999.000,9999.000,9999.000,9999.000,9999.000,9999.000
202605041348,   0.358,   0.898,9999.000,9999.000,9999.000,9999.000,9999.000,9999.000,9999.000
202605041354,   0.377,   0.918,9999.000,9999.000,9999.000,9999.000,9999.000,9999.000,9999.000
202605041400,   0.397,   0.928,  -0.100,   0.631,   0.928,  -0.200,   0.828,   0.000,   1.028
202605041406,   0.417,   0.951,9999.000,9999.000,9999.000,9999.000,9999.000,9999.000,9999.000
202605041412,   0.437,   0.980,9999.000,9999.000,9999.000,9999.000,9999.000,9999.000,9999.000
202605041418,   0.458,   0.990,9999.000,9999.000,9999.000,9999.000,9999.000,9999.000,9999.000
202605041424,   0.478,   1.020,9999.000,9999.000,9999.000,9999.000,9999.000,9999.000,9999.000
202605041430,   0.499,   1.039,9999.000,9999.000,9999.000,9999.000,9999.000,9999.000,9999.000
202605041436,   0.519,   1.049,9999.000,9999.000,9999.000,9999.000,9999.000,9999.000,9999.000
202605041442,   0.540,   1.069,9999.000,9999.000,9999.000,9999.000,9999.000,9999.000,9999.000
202605041448,   0.560,   1.098,9999.000,9999.000,9999.000,9999.000,9999.000,9999.000,9999.000
202605041454,   0.580,   1.108,9999.000,9999.000,9999.000,9999.000,9999.000,9999.000,9999.000
202605041500,   0.601,   1.138,  -0.100,   0.637,   1.138,  -0.200,   1.038,   0.000,   1.238
202605041506,   0.621,   1.151,9999.000,9999.000,9999.000,9999.000,9999.000,9999.000,9999.000
202605041512,   0.641,   1.180,9999.000,9999.000,9999.000,9999.000,9999.000,9999.000,9999.000
202605041518,   0.661,   1.190,9999.000,9999.000,9999.000,9999.000,9999.000,9999.000,9999.000
202605041524,   0.681,   1.210,9999.000,9999.000,9999.000,9999.000,9999.000,9999.000,9999.000
202605041530,   0.700,   1.229,9999.000,9999.000,9999.000,9999.000,9999.000,9999.000,9999.000
202605041536,   0.720,   1.239,9999.000,9999.000,9999.000,9999.000,9999.000,9999.000,9999.000
202605041542,   0.739,   1.249,9999.000,9999.000,9999.000,9999.000,9999.000,9999.000,9999.000
202605041548,   0.758,   1.259,9999.000,9999.000,9999.000,9999.000,9999.000,9999.000,9999.000
202605041554,   0.776,   1.279,9999.000,9999.000,9999.000,9999.000,9999.000,9999.000,9999.000
202605041600,   0.794,   1.298,  -0.100,   0.604,   1.298,  -0.200,   1.198,   0.000,   1.398
202605041606,   0.812,   1.308,9999.000,9999.000,9999.000,9999.000,9999.000,9999.000,9999.000
202605041612,   0.829,   1.318,9999.000,9999.000,9999.000,9999.000,9999.000,9999.000,9999.000
202605041618,   0.845,   1.328,9999.000,9999.000,9999.000,9999.000,9999.000,9999.000,9999.000
202605041624,   0.860,   1.328,9999.000,9999.000,9999.000,9999.000,9999.000,9999.000,9999.000
202605041630,   0.875,   1.361,9999.000,9999.000,9999.000,9999.000,9999.000,9999.000,9999.000
202605041636,   0.888,   1.371,9999.000,9999.000,9999.000,9999.000,9999.000,9999.000,9999.000
202605041642,   0.900,   1.371,9999.000,9999.000,9999.000,9999.000,9999.000,9999.000,9999.000
202605041648,   0.912,   1.371,9999.000,9999.000,9999.000,9999.000,9999.000,9999.000,9999.000
202605041654,   0.921,   1.371,9999.000,9999.000,9999.000,9999.000,9999.000,9999.000,9999.000
202605041700,   0.930,   1.371,  -0.100,   0.541,   1.371,  -0.200,   1.271,  -0.100,   1.371
202605041706,   0.937,   1.371,9999.000,9999.000,9999.000,9999.000,9999.000,9999.000,9999.000
202605041712,   0.943,   1.400,9999.000,9999.000,9999.000,9999.000,9999.000,9999.000,9999.000
202605041718,   0.946,   1.400,9999.000,9999.000,9999.000,9999.000,9999.000,9999.000,9999.000
202605041724,   0.949,   1.400,9999.000,9999.000,9999.000,9999.000,9999.000,9999.000,9999.000
202605041730,   0.950,   1.400,9999.000,9999.000,9999.000,9999.000,9999.000,9999.000,9999.000
202605041736,   0.949,   1.410,9999.000,9999.000,9999.000,9999.000,9999.000,9999.000,9999.000
202605041742,   0.946,   1.410,9999.000,9999.000,9999.000,9999.000,9999.000,9999.000,9999.000
202605041748,   0.942,   1.380,9999.000,9999.000,9999.000,9999.000,9999.000,9999.000,9999.000
202605041754,   0.936,   1.400,9999.000,9999.000,9999.000,9999.000,9999.000,9999.000,9999.000
202605041800,   0.928,   1.361,   0.000,   0.433,   1.361,   0.000,   1.361,   0.100,   1.461
202605041806,   0.919,   1.361,9999.000,9999.000,9999.000,9999.000,9999.000,9999.000,9999.000
202605041812,   0.909,   1.361,9999.000,9999.000,9999.000,9999.000,9999.000,9999.000,9999.000
202605041818,   0.897,   1.348,9999.000,9999.000,9999.000,9999.000,9999.000,9999.000,9999.000
202605041824,   0.884,   1.338,9999.000,9999.000,9999.000,9999.000,9999.000,9999.000,9999.000
202605041830,   0.870,   1.308,9999.000,9999.000,9999.000,9999.000,9999.000,9999.000,9999.000
202605041836,   0.855,   1.279,9999.000,9999.000,9999.000,9999.000,9999.000,9999.000,9999.000
202605041842,   0.839,   1.279,9999.000,9999.000,9999.000,9999.000,9999.000,9999.000,9999.000
202605041848,   0.821,   1.249,9999.000,9999.000,9999.000,9999.000,9999.000,9999.000,9999.000
202605041854,   0.804,   1.259,9999.000,9999.000,9999.000,9999.000,9999.000,9999.000,9999.000
202605041900,   0.785,   1.249,   0.000,   0.464,   1.249,  -0.100,   1.149,   0.000,   1.249
202605041906,   0.766,   1.190,9999.000,9999.000,9999.000,9999.000,9999.000,9999.000,9999.000
202605041912,   0.747,   1.180,9999.000,9999.000,9999.000,9999.000,9999.000,9999.000,9999.000
202605041918,   0.727,   1.170,9999.000,9999.000,9999.000,9999.000,9999.000,9999.000,9999.000
202605041924,   0.707,   1.128,9999.000,9999.000,9999.000,9999.000,9999.000,9999.000,9999.000
202605041930,   0.687,   1.138,9999.000,9999.000,9999.000,9999.000,9999.000,9999.000,9999.000
202605041936,   0.667,   1.108,9999.000,9999.000,9999.000,9999.000,9999.000,9999.000,9999.000
202605041942,   0.646,   1.098,9999.000,9999.000,9999.000,9999.000,9999.000,9999.000,9999.000
202605041948,   0.626,   1.059,9999.000,9999.000,9999.000,9999.000,9999.000,9999.000,9999.000
202605041954,   0.606,   1.059,9999.000,9999.000,9999.000,9999.000,9999.000,9999.000,9999.000
202605042000,   0.586,   1.059,   0.000,   0.473,   1.059,  -0.100,   0.959,   0.000,   1.059
202605042006,   0.567,   1.020,9999.000,9999.000,9999.000,9999.000,9999.000,9999.000,9999.000
202605042012,   0.547,   1.010,9999.000,9999.000,9999.000,9999.000,9999.000,9999.000,9999.000
202605042018,   0.528,   0.970,9999.000,9999.000,9999.000,9999.000,9999.000,9999.000,9999.000
202605042024,   0.509,   0.951,9999.000,9999.000,9999.000,9999.000,9999.000,9999.000,9999.000
202605042030,   0.491,   0.928,9999.000,9999.000,9999.000,9999.000,9999.000,9999.000,9999.000
202605042036,   0.473,   0.941,9999.000,9999.000,9999.000,9999.000,9999.000,9999.000,9999.000
202605042042,   0.455,   0.888,9999.000,9999.000,9999.000,9999.000,9999.000,9999.000,9999.000
202605042048,   0.438,   0.898,9999.000,9999.000,9999.000,9999.000,9999.000,9999.000,9999.000
202605042054,   0.421,   0.849,9999.000,9999.000,9999.000,9999.000,9999.000,9999.000,9999.000
202605042100,   0.405,   0.849,  -0.100,   0.544,   0.849,  -0.200,   0.749,   0.000,   0.949
202605042106,   0.389,   0.810,9999.000,9999.000,9999.000,9999.000,9999.000,9999.000,9999.000
202605042112,   0.374,   0.810,9999.000,9999.000,9999.000,9999.000,9999.000,9999.000,9999.000
202605042118,   0.359,   0.770,9999.000,9999.000,9999.000,9999.000,9999.000,9999.000,9999.000
202605042124,   0.344,   0.751,9999.000,9999.000,9999.000,9999.000,9999.000,9999.000,9999.000
202605042130,   0.330,   0.718,9999.000,9999.000,9999.000,9999.000,9999.000,9999.000,9999.000
202605042136,   0.316,   0.708,9999.000,9999.000,9999.000,9999.000,9999.000,9999.000,9999.000
202605042142,   0.303,   0.698,9999.000,9999.000,9999.000,9999.000,9999.000,9999.000,9999.000
202605042148,   0.291,   0.698,9999.000,9999.000,9999.000,9999.000,9999.000,9999.000,9999.000
202605042154,   0.279,   0.649,9999.000,9999.000,9999.000,9999.000,9999.000,9999.000,9999.000
202605042200,   0.267,   0.669,  -0.100,   0.502,   0.669,  -0.200,   0.569,   0.000,   0.769
202605042206,   0.256,   0.629,9999.000,9999.000,9999.000,9999.000,9999.000,9999.000,9999.000
202605042212,   0.246,   0.629,9999.000,9999.000,9999.000,9999.000,9999.000,9999.000,9999.000
202605042218,   0.237,   0.580,9999.000,9999.000,9999.000,9999.000,9999.000,9999.000,9999.000
202605042224,   0.228,   0.610,9999.000,9999.000,9999.000,9999.000,9999.000,9999.000,9999.000
202605042230,   0.219,   0.590,9999.000,9999.000,9999.000,9999.000,9999.000,9999.000,9999.000
202605042236,   0.212,   0.629,9999.000,9999.000,9999.000,9999.000,9999.000,9999.000,9999.000
202605042242,   0.205,   0.551,9999.000,9999.000,9999.000,9999.000,9999.000,9999.000,9999.000
202605042248,   0.199,   0.570,9999.000,9999.000,9999.000,9999.000,9999.000,9999.000,9999.000
202605042254,   0.194,   0.508,9999.000,9999.000,9999.000,9999.000,9999.000,9999.000,9999.000
202605042300,   0.189,   0.560,  -0.200,   0.571,   0.560,  -0.300,   0.460,  -0.100,   0.660
202605042306,   0.186,   0.508,9999.000,9999.000,9999.000,9999.000,9999.000,9999.000,9999.000
202605042312,   0.183,   0.498,9999.000,9999.000,9999.000,9999.000,9999.000,9999.000,9999.000
202605042318,   0.182,   0.488,9999.000,9999.000,9999.000,9999.000,9999.000,9999.000,9999.000
202605042324,   0.181,   0.508,9999.000,9999.000,9999.000,9999.000,9999.000,9999.000,9999.000
202605042330,   0.182,   0.498,9999.000,9999.000,9999.000,9999.000,9999.000,9999.000,9999.000
202605042336,   0.184,   0.488,9999.000,9999.000,9999.000,9999.000,9999.000,9999.000,9999.000
202605042342,   0.187,   0.498,9999.000,9999.000,9999.000,9999.000,9999.000,9999.000,9999.000
202605042348,   0.192,   0.488,9999.000,9999.000,9999.000,9999.000,9999.000,9999.000,9999.000
202605042354,   0.198,   0.498,9999.000,9999.000,9999.000,9999.000,9999.000,9999.000,9999.000
202605050000,   0.205,   0.508,  -0.100,   0.403,   0.508,  -0.200,   0.408,   0.000,   0.608
202605050006,   0.213,   0.531,9999.000,9999.000,9999.000,9999.000,9999.000,9999.000,9999.000
202605050012,   0.223,   0.541,9999.000,9999.000,9999.000,9999.000,9999.000,9999.000,9999.000
202605050018,   0.235,   0.551,9999.000,9999.000,9999.000,9999.000,9999.000,9999.000,9999.000
202605050024,   0.248,   0.600,9999.000,9999.000,9999.000,9999.000,9999.000,9999.000,9999.000
202605050030,   0.262,   0.619,9999.000,9999.000,9999.000,9999.000,9999.000,9999.000,9999.000
202605050036,   0.278,   0.649,9999.000,9999.000,9999.000,9999.000,9999.000,9999.000,9999.000
202605050042,   0.295,   0.678,9999.000,9999.000,9999.000,9999.000,9999.000,9999.000,9999.000
202605050048,   0.314,   0.688,9999.000,9999.000,9999.000,9999.000,9999.000,9999.000,9999.000
202605050054,   0.334,   0.698,9999.000,9999.000,9999.000,9999.000,9999.000,9999.000,9999.000
202605050100,   0.355,   0.751,  -0.100,   0.496,   0.751,  -0.200,   0.651,   0.000,   0.851
202605050106,   0.377,9999.000,9999.000,9999.000,9999.000,9999.000,9999.000,9999.000,9999.000
202605050112,   0.401,9999.000,9999.000,9999.000,9999.000,9999.000,9999.000,9999.000,9999.000
202605050118,   0.425,9999.000,9999.000,9999.000,9999.000,9999.000,9999.000,9999.000,9999.000
202605050124,   0.451,9999.000,9999.000,9999.000,9999.000,9999.000,9999.000,9999.000,9999.000
202605050130,   0.477,   0.829,9999.000,9999.000,9999.000,9999.000,9999.000,9999.000,9999.000
202605050136,   0.504,   0.859,9999.000,9999.000,9999.000,9999.000,9999.000,9999.000,9999.000
202605050142,   0.531,   0.908,9999.000,9999.000,9999.000,9999.000,9999.000,9999.000,9999.000
202605050148,   0.559,   0.918,9999.000,9999.000,9999.000,9999.000,9999.000,9999.000,9999.000
202605050154,   0.587,   0.941,9999.000,9999.000,9999.000,9999.000,9999.000,9999.000,9999.000
202605050200,   0.616,   0.951,  -0.100,   0.435,   0.951,  -0.200,   0.851,   0.000,   1.051
202605050206,   0.645,   1.000,9999.000,9999.000,9999.000,9999.000,9999.000,9999.000,9999.000
202605050212,   0.673,   1.020,9999.000,9999.000,9999.000,9999.000,9999.000,9999.000,9999.000
202605050218,   0.702,   1.069,9999.000,9999.000,9999.000,9999.000,9999.000,9999.000,9999.000
202605050224,   0.730,   1.069,9999.000,9999.000,9999.000,9999.000,9999.000,9999.000,9999.000
202605050230,   0.759,   1.088,9999.000,9999.000,9999.000,9999.000,9999.000,9999.000,9999.000
202605050236,   0.787,   1.088,9999.000,9999.000,9999.000,9999.000,9999.000,9999.000,9999.000
202605050242,   0.814,   1.138,9999.000,9999.000,9999.000,9999.000,9999.000,9999.000,9999.000
202605050248,   0.841,   1.180,9999.000,9999.000,9999.000,9999.000,9999.000,9999.000,9999.000
202605050254,   0.868,   1.190,9999.000,9999.000,9999.000,9999.000,9999.000,9999.000,9999.000
202605050300,   0.895,   1.220,  -0.200,   0.525,   1.220,  -0.200,   1.220,  -0.100,   1.320
202605050306,   0.920,   1.239,9999.000,9999.000,9999.000,9999.000,9999.000,9999.000,9999.000
202605050312,   0.946,   1.259,9999.000,9999.000,9999.000,9999.000,9999.000,9999.000,9999.000
202605050318,   0.971,   1.289,9999.000,9999.000,9999.000,9999.000,9999.000,9999.000,9999.000
202605050324,   0.995,   1.298,9999.000,9999.000,9999.000,9999.000,9999.000,9999.000,9999.000
202605050330,   1.019,   1.318,9999.000,9999.000,9999.000,9999.000,9999.000,9999.000,9999.000
202605050336,   1.042,   1.338,9999.000,9999.000,9999.000,9999.000,9999.000,9999.000,9999.000
202605050342,   1.065,   1.348,9999.000,9999.000,9999.000,9999.000,9999.000,9999.000,9999.000
202605050348,   1.087,   1.380,9999.000,9999.000,9999.000,9999.000,9999.000,9999.000,9999.000
202605050354,   1.109,   1.390,9999.000,9999.000,9999.000,9999.000,9999.000,9999.000,9999.000
202605050400,   1.130,   1.410,  -0.200,   0.480,   1.410,  -0.200,   1.410,  -0.100,   1.510
202605050406,   1.151,   1.430,9999.000,9999.000,9999.000,9999.000,9999.000,9999.000,9999.000
202605050412,   1.171,   1.449,9999.000,9999.000,9999.000,9999.000,9999.000,9999.000,9999.000
202605050418,   1.190,   1.449,9999.000,9999.000,9999.000,9999.000,9999.000,9999.000,9999.000
202605050424,   1.208,   1.469,9999.000,9999.000,9999.000,9999.000,9999.000,9999.000,9999.000
202605050430,   1.226,   1.489,9999.000,9999.000,9999.000,9999.000,9999.000,9999.000,9999.000
202605050436,   1.243,   1.498,9999.000,9999.000,9999.000,9999.000,9999.000,9999.000,9999.000
202605050442,   1.259,   1.508,9999.000,9999.000,9999.000,9999.000,9999.000,9999.000,9999.000
202605050448,   1.274,   1.518,9999.000,9999.000,9999.000,9999.000,9999.000,9999.000,9999.000
202605050454,   1.288,   1.528,9999.000,9999.000,9999.000,9999.000,9999.000,9999.000,9999.000
202605050500,   1.300,   1.528,  -0.200,   0.428,   1.528,  -0.300,   1.428,  -0.100,   1.628
202605050506,   1.312,   1.548,9999.000,9999.000,9999.000,9999.000,9999.000,9999.000,9999.000
202605050512,   1.322,   1.557,9999.000,9999.000,9999.000,9999.000,9999.000,9999.000,9999.000
202605050518,   1.331,   1.571,9999.000,9999.000,9999.000,9999.000,9999.000,9999.000,9999.000
202605050524,   1.338,   1.571,9999.000,9999.000,9999.000,9999.000,9999.000,9999.000,9999.000
202605050530,   1.344,   1.590,9999.000,9999.000,9999.000,9999.000,9999.000,9999.000,9999.000
202605050536,   1.348,   1.590,9999.000,9999.000,9999.000,9999.000,9999.000,9999.000,9999.000
202605050542,   1.351,   1.580,9999.000,9999.000,9999.000,9999.000,9999.000,9999.000,9999.000
202605050548,   1.352,   1.571,9999.000,9999.000,9999.000,9999.000,9999.000,9999.000,9999.000
202605050554,   1.351,   1.571,9999.000,9999.000,9999.000,9999.000,9999.000,9999.000,9999.000
202605050600,   1.348,   1.571,  -0.100,   0.323,   1.571,  -0.200,   1.471,  -0.100,   1.571
202605050606,   1.344,   1.571,9999.000,9999.000,9999.000,9999.000,9999.000,9999.000,9999.000
202605050612,   1.338,   1.571,9999.000,9999.000,9999.000,9999.000,9999.000,9999.000,9999.000
202605050618,   1.331,   1.538,9999.000,9999.000,9999.000,9999.000,9999.000,9999.000,9999.000
202605050624,   1.321,   1.528,9999.000,9999.000,9999.000,9999.000,9999.000,9999.000,9999.000
202605050630,   1.311,   1.498,9999.000,9999.000,9999.000,9999.000,9999.000,9999.000,9999.000
202605050636,   1.298,   1.479,9999.000,9999.000,9999.000,9999.000,9999.000,9999.000,9999.000
202605050642,   1.285,   1.469,9999.000,9999.000,9999.000,9999.000,9999.000,9999.000,9999.000
202605050648,   1.270,   1.449,9999.000,9999.000,9999.000,9999.000,9999.000,9999.000,9999.000
202605050654,   1.254,   1.439,9999.000,9999.000,9999.000,9999.000,9999.000,9999.000,9999.000
202605050700,   1.236,   1.400,  -0.100,   0.264,   1.400,  -0.200,   1.300,  -0.100,   1.400
202605050706,   1.218,   1.380,9999.000,9999.000,9999.000,9999.000,9999.000,9999.000,9999.000
202605050712,   1.199,   1.361,9999.000,9999.000,9999.000,9999.000,9999.000,9999.000,9999.000
202605050718,   1.179,   1.338,9999.000,9999.000,9999.000,9999.000,9999.000,9999.000,9999.000
202605050724,   1.158,   1.318,9999.000,9999.000,9999.000,9999.000,9999.000,9999.000,9999.000
202605050730,   1.136,   1.318,9999.000,9999.000,9999.000,9999.000,9999.000,9999.000,9999.000
202605050736,   1.114,   1.289,9999.000,9999.000,9999.000,9999.000,9999.000,9999.000,9999.000
202605050742,   1.092,   1.249,9999.000,9999.000,9999.000,9999.000,9999.000,9999.000,9999.000
202605050748,   1.069,   1.239,9999.000,9999.000,9999.000,9999.000,9999.000,9999.000,9999.000
202605050754,   1.046,   1.161,9999.000,9999.000,9999.000,9999.000,9999.000,9999.000,9999.000
202605050800,   1.023,   1.161,  -0.100,   0.238,   1.161,  -0.200,   1.061,   0.000,   1.261
202605050806,   0.999,   1.161,9999.000,9999.000,9999.000,9999.000,9999.000,9999.000,9999.000
202605050812,   0.976,   1.088,9999.000,9999.000,9999.000,9999.000,9999.000,9999.000,9999.000
202605050818,   0.952,   1.128,9999.000,9999.000,9999.000,9999.000,9999.000,9999.000,9999.000
202605050824,   0.929,   1.020,9999.000,9999.000,9999.000,9999.000,9999.000,9999.000,9999.000
202605050830,   0.905,   1.059,9999.000,9999.000,9999.000,9999.000,9999.000,9999.000,9999.000
202605050836,   0.881,   0.990,9999.000,9999.000,9999.000,9999.000,9999.000,9999.000,9999.000
202605050842,   0.858,   1.020,9999.000,9999.000,9999.000,9999.000,9999.000,9999.000,9999.000
202605050848,   0.834,   0.961,9999.000,9999.000,9999.000,9999.000,9999.000,9999.000,9999.000
202605050854,   0.811,   0.951,9999.000,9999.000,9999.000,9999.000,9999.000,9999.000,9999.000
202605050900,   0.788,   0.928,   0.000,   0.140,   0.928,  -0.100,   0.828,   0.000,   0.928
202605050906,   0.765,   0.908,9999.000,9999.000,9999.000,9999.000,9999.000,9999.000,9999.000
202605050912,   0.742,   0.849,9999.000,9999.000,9999.000,9999.000,9999.000,9999.000,9999.000
202605050918,   0.719,   0.869,9999.000,9999.000,9999.000,9999.000,9999.000,9999.000,9999.000
202605050924,   0.697,   0.810,9999.000,9999.000,9999.000,9999.000,9999.000,9999.000,9999.000
202605050930,   0.674,   0.829,9999.000,9999.000,9999.000,9999.000,9999.000,9999.000,9999.000
202605050936,   0.652,   0.760,9999.000,9999.000,9999.000,9999.000,9999.000,9999.000,9999.000
202605050942,   0.630,   0.780,9999.000,9999.000,9999.000,9999.000,9999.000,9999.000,9999.000
202605050948,   0.608,   0.718,9999.000,9999.000,9999.000,9999.000,9999.000,9999.000,9999.000
202605050954,   0.586,   0.698,9999.000,9999.000,9999.000,9999.000,9999.000,9999.000,9999.000
202605051000,   0.565,   0.669,   0.000,   0.104,   0.669,  -0.100,   0.569,   0.000,   0.669
202605051006,   0.543,   0.669,9999.000,9999.000,9999.000,9999.000,9999.000,9999.000,9999.000
202605051012,   0.522,   0.639,9999.000,9999.000,9999.000,9999.000,9999.000,9999.000,9999.000
202605051018,   0.501,   0.610,9999.000,9999.000,9999.000,9999.000,9999.000,9999.000,9999.000
202605051024,   0.481,   0.600,9999.000,9999.000,9999.000,9999.000,9999.000,9999.000,9999.000
202605051030,   0.460,   0.570,9999.000,9999.000,9999.000,9999.000,9999.000,9999.000,9999.000
202605051036,   0.440,   0.541,9999.000,9999.000,9999.000,9999.000,9999.000,9999.000,9999.000
202605051042,   0.420,   0.541,9999.000,9999.000,9999.000,9999.000,9999.000,9999.000,9999.000
202605051048,   0.401,   0.518,9999.000,9999.000,9999.000,9999.000,9999.000,9999.000,9999.000
202605051054,   0.382,   0.508,9999.000,9999.000,9999.000,9999.000,9999.000,9999.000,9999.000
202605051100,   0.364,   0.478,   0.000,   0.114,   0.478,  -0.100,   0.378,   0.000,   0.478
202605051106,   0.346,   0.459,9999.000,9999.000,9999.000,9999.000,9999.000,9999.000,9999.000
202605051112,   0.329,   0.459,9999.000,9999.000,9999.000,9999.000,9999.000,9999.000,9999.000
202605051118,   0.312,   0.429,9999.000,9999.000,9999.000,9999.000,9999.000,9999.000,9999.000
202605051124,   0.296,   0.429,9999.000,9999.000,9999.000,9999.000,9999.000,9999.000,9999.000
202605051130,   0.280,   0.419,9999.000,9999.000,9999.000,9999.000,9999.000,9999.000,9999.000
202605051136,   0.266,   0.400,9999.000,9999.000,9999.000,9999.000,9999.000,9999.000,9999.000
202605051142,   0.252,   0.370,9999.000,9999.000,9999.000,9999.000,9999.000,9999.000,9999.000
202605051148,   0.239,   0.360,9999.000,9999.000,9999.000,9999.000,9999.000,9999.000,9999.000
202605051154,   0.227,   0.360,9999.000,9999.000,9999.000,9999.000,9999.000,9999.000,9999.000
202605051200,   0.217,   0.341,  -0.100,   0.224,   0.341,  -0.200,   0.241,   0.000,   0.441
202605051206,   0.207,   0.331,9999.000,9999.000,9999.000,9999.000,9999.000,9999.000,9999.000
202605051212,   0.199,   0.321,9999.000,9999.000,9999.000,9999.000,9999.000,9999.000,9999.000
202605051218,   0.192,   0.298,9999.000,9999.000,9999.000,9999.000,9999.000,9999.000,9999.000
202605051224,   0.186,   0.298,9999.000,9999.000,9999.000,9999.000,9999.000,9999.000,9999.000
202605051230,   0.182,   0.259,9999.000,9999.000,9999.000,9999.000,9999.000,9999.000,9999.000
202605051236,   0.179,   0.268,9999.000,9999.000,9999.000,9999.000,9999.000,9999.000,9999.000
202605051242,   0.177,   0.259,9999.000,9999.000,9999.000,9999.000,9999.000,9999.000,9999.000
202605051248,   0.177,   0.249,9999.000,9999.000,9999.000,9999.000,9999.000,9999.000,9999.000
202605051254,   0.179,   0.229,9999.000,9999.000,9999.000,9999.000,9999.000,9999.000,9999.000
202605051300,   0.182,   0.229,   0.000,   0.047,   0.229,  -0.200,   0.029,   0.000,   0.229
202605051306,   0.186,   0.229,9999.000,9999.000,9999.000,9999.000,9999.000,9999.000,9999.000
202605051312,   0.192,   0.219,9999.000,9999.000,9999.000,9999.000,9999.000,9999.000,9999.000
202605051318,   0.200,   0.209,9999.000,9999.000,9999.000,9999.000,9999.000,9999.000,9999.000
202605051324,   0.209,   0.239,9999.000,9999.000,9999.000,9999.000,9999.000,9999.000,9999.000
202605051330,   0.219,   0.239,9999.000,9999.000,9999.000,9999.000,9999.000,9999.000,9999.000
202605051336,   0.231,   0.249,9999.000,9999.000,9999.000,9999.000,9999.000,9999.000,9999.000
202605051342,   0.244,   0.239,9999.000,9999.000,9999.000,9999.000,9999.000,9999.000,9999.000
202605051348,   0.258,   0.278,9999.000,9999.000,9999.000,9999.000,9999.000,9999.000,9999.000
202605051354,   0.273,   0.288,9999.000,9999.000,9999.000,9999.000,9999.000,9999.000,9999.000
202605051400,   0.288,   0.321,   0.000,   0.033,   0.321,  -0.100,   0.221,   0.100,   0.421
202605051406,   0.305,9999.000,9999.000,9999.000,9999.000,9999.000,9999.000,9999.000,9999.000
202605051412,   0.323,9999.000,9999.000,9999.000,9999.000,9999.000,9999.000,9999.000,9999.000
202605051418,   0.341,9999.000,9999.000,9999.000,9999.000,9999.000,9999.000,9999.000,9999.000
202605051424,   0.359,   0.000,9999.000,9999.000,9999.000,9999.000,9999.000,9999.000,9999.000
202605051430,   0.379,   0.429,9999.000,9999.000,9999.000,9999.000,9999.000,9999.000,9999.000
202605051436,   0.398,   0.439,9999.000,9999.000,9999.000,9999.000,9999.000,9999.000,9999.000
202605051442,   0.418,   0.469,9999.000,9999.000,9999.000,9999.000,9999.000,9999.000,9999.000
202605051448,   0.437,   0.478,9999.000,9999.000,9999.000,9999.000,9999.000,9999.000,9999.000
202605051454,   0.457,   0.541,9999.000,9999.000,9999.000,9999.000,9999.000,9999.000,9999.000
202605051500,   0.477,   0.518,   0.000,   0.041,   0.518,  -0.100,   0.418,   0.100,   0.618
202605051506,   0.497,   0.600,9999.000,9999.000,9999.000,9999.000,9999.000,9999.000,9999.000
202605051512,   0.517,   0.551,9999.000,9999.000,9999.000,9999.000,9999.000,9999.000,9999.000
202605051518,   0.537,   0.649,9999.000,9999.000,9999.000,9999.000,9999.000,9999.000,9999.000
202605051524,   0.556,   0.619,9999.000,9999.000,9999.000,9999.000,9999.000,9999.000,9999.000
202605051530,   0.576,   0.678,9999.000,9999.000,9999.000,9999.000,9999.000,9999.000,9999.000
202605051536,   0.595,   0.669,9999.000,9999.000,9999.000,9999.000,9999.000,9999.000,9999.000
202605051542,   0.614,   0.698,9999.000,9999.000,9999.000,9999.000,9999.000,9999.000,9999.000
202605051548,   0.633,   0.731,9999.000,9999.000,9999.000,9999.000,9999.000,9999.000,9999.000
202605051554,   0.651,   0.708,9999.000,9999.000,9999.000,9999.000,9999.000,9999.000,9999.000
202605051600,   0.670,   0.770,   0.000,   0.100,   0.770,   0.000,   0.770,   0.100,   0.870
202605051606,   0.688,   0.760,9999.000,9999.000,9999.000,9999.000,9999.000,9999.000,9999.000
202605051612,   0.706,   0.800,9999.000,9999.000,9999.000,9999.000,9999.000,9999.000,9999.000
202605051618,   0.723,   0.819,9999.000,9999.000,9999.000,9999.000,9999.000,9999.000,9999.000
202605051624,   0.741,   0.839,9999.000,9999.000,9999.000,9999.000,9999.000,9999.000,9999.000
202605051630,   0.758,   0.859,9999.000,9999.000,9999.000,9999.000,9999.000,9999.000,9999.000
202605051636,   0.774,   0.859,9999.000,9999.000,9999.000,9999.000,9999.000,9999.000,9999.000
202605051642,   0.790,   0.879,9999.000,9999.000,9999.000,9999.000,9999.000,9999.000,9999.000
202605051648,   0.806,   0.898,9999.000,9999.000,9999.000,9999.000,9999.000,9999.000,9999.000
202605051654,   0.821,   0.908,9999.000,9999.000,9999.000,9999.000,9999.000,9999.000,9999.000
202605051700,   0.836,   0.941,   0.000,   0.105,   0.941,   0.000,   0.941,   0.100,   1.041
202605051706,   0.850,   0.961,9999.000,9999.000,9999.000,9999.000,9999.000,9999.000,9999.000
202605051712,   0.863,   0.980,9999.000,9999.000,9999.000,9999.000,9999.000,9999.000,9999.000
202605051718,   0.876,   1.000,9999.000,9999.000,9999.000,9999.000,9999.000,9999.000,9999.000
202605051724,   0.887,   1.010,9999.000,9999.000,9999.000,9999.000,9999.000,9999.000,9999.000
202605051730,   0.897,   1.020,9999.000,9999.000,9999.000,9999.000,9999.000,9999.000,9999.000
202605051736,   0.907,   1.020,9999.000,9999.000,9999.000,9999.000,9999.000,9999.000,9999.000
202605051742,   0.915,   1.029,9999.000,9999.000,9999.000,9999.000,9999.000,9999.000,9999.000
202605051748,   0.921,   1.039,9999.000,9999.000,9999.000,9999.000,9999.000,9999.000,9999.000
202605051754,   0.927,   1.039,9999.000,9999.000,9999.000,9999.000,9999.000,9999.000,9999.000
202605051800,   0.931,   1.039,   0.100,   0.008,   1.039,   0.000,   0.939,   0.100,   1.039
202605051806,   0.933,   1.059,9999.000,9999.000,9999.000,9999.000,9999.000,9999.000,9999.000
202605051812,   0.934,   1.059,9999.000,9999.000,9999.000,9999.000,9999.000,9999.000,9999.000
202605051818,   0.934,   1.079,9999.000,9999.000,9999.000,9999.000,9999.000,9999.000,9999.000
202605051824,   0.931,   1.079,9999.000,9999.000,9999.000,9999.000,9999.000,9999.000,9999.000
202605051830,   0.928,   1.079,9999.000,9999.000,9999.000,9999.000,9999.000,9999.000,9999.000
202605051836,   0.922,   1.069,9999.000,9999.000,9999.000,9999.000,9999.000,9999.000,9999.000
202605051842,   0.916,   1.049,9999.000,9999.000,9999.000,9999.000,9999.000,9999.000,9999.000
202605051848,   0.907,   1.059,9999.000,9999.000,9999.000,9999.000,9999.000,9999.000,9999.000
202605051854,   0.897,   1.029,9999.000,9999.000,9999.000,9999.000,9999.000,9999.000,9999.000
202605051900,   0.886,   1.029,   0.100,   0.043,   1.029,   0.000,   0.929,   0.100,   1.029
202605051906,   0.874,   1.029,9999.000,9999.000,9999.000,9999.000,9999.000,9999.000,9999.000
202605051912,   0.860,   1.010,9999.000,9999.000,9999.000,9999.000,9999.000,9999.000,9999.000
202605051918,   0.845,   1.010,9999.000,9999.000,9999.000,9999.000,9999.000,9999.000,9999.000
202605051924,   0.829,   0.980,9999.000,9999.000,9999.000,9999.000,9999.000,9999.000,9999.000
202605051930,   0.813,   0.980,9999.000,9999.000,9999.000,9999.000,9999.000,9999.000,9999.000
202605051936,   0.795,   0.961,9999.000,9999.000,9999.000,9999.000,9999.000,9999.000,9999.000
202605051942,   0.777,   0.951,9999.000,9999.000,9999.000,9999.000,9999.000,9999.000,9999.000
202605051948,   0.758,   0.941,9999.000,9999.000,9999.000,9999.000,9999.000,9999.000,9999.000
202605051954,   0.739,   0.908,9999.000,9999.000,9999.000,9999.000,9999.000,9999.000,9999.000
202605052000,   0.719,   0.888,   0.100,   0.069,   0.888,   0.000,   0.788,   0.100,   0.888
202605052006,   0.699,   0.888,9999.000,9999.000,9999.000,9999.000,9999.000,9999.000,9999.000
202605052012,   0.679,   0.888,9999.000,9999.000,9999.000,9999.000,9999.000,9999.000,9999.000
202605052018,   0.658,   0.898,9999.000,9999.000,9999.000,9999.000,9999.000,9999.000,9999.000
202605052024,   0.638,   0.888,9999.000,9999.000,9999.000,9999.000,9999.000,9999.000,9999.000
202605052030,   0.618,   0.879,9999.000,9999.000,9999.000,9999.000,9999.000,9999.000,9999.000
202605052036,   0.597,   0.859,9999.000,9999.000,9999.000,9999.000,9999.000,9999.000,9999.000
202605052042,   0.577,   0.800,9999.000,9999.000,9999.000,9999.000,9999.000,9999.000,9999.000
202605052048,   0.558,   0.810,9999.000,9999.000,9999.000,9999.000,9999.000,9999.000,9999.000
202605052054,   0.538,   0.810,9999.000,9999.000,9999.000,9999.000,9999.000,9999.000,9999.000
202605052100,   0.519,   0.810,   0.000,   0.291,   0.810,   0.000,   0.810,   0.100,   0.910
202605052106,   0.500,   0.829,9999.000,9999.000,9999.000,9999.000,9999.000,9999.000,9999.000
202605052112,   0.481,   0.810,9999.000,9999.000,9999.000,9999.000,9999.000,9999.000,9999.000
202605052118,   0.463,   0.810,9999.000,9999.000,9999.000,9999.000,9999.000,9999.000,9999.000
202605052124,   0.446,   0.810,9999.000,9999.000,9999.000,9999.000,9999.000,9999.000,9999.000
202605052130,   0.428,   0.790,9999.000,9999.000,9999.000,9999.000,9999.000,9999.000,9999.000
202605052136,   0.412,   0.800,9999.000,9999.000,9999.000,9999.000,9999.000,9999.000,9999.000
202605052142,   0.395,   0.810,9999.000,9999.000,9999.000,9999.000,9999.000,9999.000,9999.000
202605052148,   0.380,   0.819,9999.000,9999.000,9999.000,9999.000,9999.000,9999.000,9999.000
202605052154,   0.364,   0.790,9999.000,9999.000,9999.000,9999.000,9999.000,9999.000,9999.000
202605052200,   0.350,   0.760,   0.000,   0.410,   0.760,   0.000,   0.760,   0.100,   0.860
202605052206,   0.335,   0.760,9999.000,9999.000,9999.000,9999.000,9999.000,9999.000,9999.000
202605052212,   0.322,   0.800,9999.000,9999.000,9999.000,9999.000,9999.000,9999.000,9999.000
202605052218,   0.309,   0.760,9999.000,9999.000,9999.000,9999.000,9999.000,9999.000,9999.000
202605052224,   0.296,   0.780,9999.000,9999.000,9999.000,9999.000,9999.000,9999.000,9999.000
202605052230,   0.284,   0.770,9999.000,9999.000,9999.000,9999.000,9999.000,9999.000,9999.000
202605052236,   0.273,   0.760,9999.000,9999.000,9999.000,9999.000,9999.000,9999.000,9999.000
202605052242,   0.262,   0.770,9999.000,9999.000,9999.000,9999.000,9999.000,9999.000,9999.000
202605052248,   0.252,   0.741,9999.000,9999.000,9999.000,9999.000,9999.000,9999.000,9999.000
202605052254,   0.243,   0.760,9999.000,9999.000,9999.000,9999.000,9999.000,9999.000,9999.000
202605052300,   0.234,   0.760,   0.000,   0.526,   0.760,  -0.100,   0.660,   0.000,   0.760
202605052306,   0.226,9999.000,9999.000,9999.000,9999.000,9999.000,9999.000,9999.000,9999.000
202605052312,   0.219,9999.000,9999.000,9999.000,9999.000,9999.000,9999.000,9999.000,9999.000
202605052318,   0.212,9999.000,9999.000,9999.000,9999.000,9999.000,9999.000,9999.000,9999.000
202605052324,   0.206,   0.810,9999.000,9999.000,9999.000,9999.000,9999.000,9999.000,9999.000
202605052330,   0.201,   0.819,9999.000,9999.000,9999.000,9999.000,9999.000,9999.000,9999.000
202605052336,   0.197,   0.839,9999.000,9999.000,9999.000,9999.000,9999.000,9999.000,9999.000
202605052342,   0.194,   0.849,9999.000,9999.000,9999.000,9999.000,9999.000,9999.000,9999.000
202605052348,   0.192,   0.859,9999.000,9999.000,9999.000,9999.000,9999.000,9999.000,9999.000
202605052354,   0.190,   0.879,9999.000,9999.000,9999.000,9999.000,9999.000,9999.000,9999.000
202605060000,   0.190,   0.951,   0.000,   0.761,   0.951,   0.000,   0.951,   0.000,   0.951
202605060006,   0.191,   0.970,9999.000,9999.000,9999.000,9999.000,9999.000,9999.000,9999.000
202605060012,   0.192,   0.970,9999.000,9999.000,9999.000,9999.000,9999.000,9999.000,9999.000
202605060018,   0.195,   0.951,9999.000,9999.000,9999.000,9999.000,9999.000,9999.000,9999.000
202605060024,   0.199,   0.970,9999.000,9999.000,9999.000,9999.000,9999.000,9999.000,9999.000
202605060030,   0.205,   0.990,9999.000,9999.000,9999.000,9999.000,9999.000,9999.000,9999.000
202605060036,   0.211,   1.000,9999.000,9999.000,9999.000,9999.000,9999.000,9999.000,9999.000
202605060042,   0.219,   1.020,9999.000,9999.000,9999.000,9999.000,9999.000,9999.000,9999.000
202605060048,   0.228,   1.059,9999.000,9999.000,9999.000,9999.000,9999.000,9999.000,9999.000
202605060054,   0.239,   1.069,9999.000,9999.000,9999.000,9999.000,9999.000,9999.000,9999.000
202605060100,   0.251,   1.098,   0.000,   0.847,   1.098,   0.000,   1.098,   0.000,   1.098
202605060106,   0.265,   1.108,9999.000,9999.000,9999.000,9999.000,9999.000,9999.000,9999.000
202605060112,   0.279,   1.128,9999.000,9999.000,9999.000,9999.000,9999.000,9999.000,9999.000
202605060118,   0.296,   1.118,9999.000,9999.000,9999.000,9999.000,9999.000,9999.000,9999.000
202605060124,   0.313,   1.151,9999.000,9999.000,9999.000,9999.000,9999.000,9999.000,9999.000
202605060130,   0.332,   1.170,9999.000,9999.000,9999.000,9999.000,9999.000,9999.000,9999.000
202605060136,   0.352,   1.161,9999.000,9999.000,9999.000,9999.000,9999.000,9999.000,9999.000
202605060142,   0.374,   1.170,9999.000,9999.000,9999.000,9999.000,9999.000,9999.000,9999.000
202605060148,   0.397,   1.200,9999.000,9999.000,9999.000,9999.000,9999.000,9999.000,9999.000
202605060154,   0.420,   1.220,9999.000,9999.000,9999.000,9999.000,9999.000,9999.000,9999.000
202605060200,   0.445,   1.239,   0.000,   0.794,   1.239,  -0.100,   1.139,   0.000,   1.239
202605060206,   0.471,   1.249,9999.000,9999.000,9999.000,9999.000,9999.000,9999.000,9999.000
202605060212,   0.497,   1.279,9999.000,9999.000,9999.000,9999.000,9999.000,9999.000,9999.000
202605060218,   0.524,   1.279,9999.000,9999.000,9999.000,9999.000,9999.000,9999.000,9999.000
202605060224,   0.552,   1.298,9999.000,9999.000,9999.000,9999.000,9999.000,9999.000,9999.000
202605060230,   0.580,   1.338,9999.000,9999.000,9999.000,9999.000,9999.000,9999.000,9999.000
202605060236,   0.609,   1.361,9999.000,9999.000,9999.000,9999.000,9999.000,9999.000,9999.000
202605060242,   0.637,   1.361,9999.000,9999.000,9999.000,9999.000,9999.000,9999.000,9999.000
202605060248,   0.666,   1.390,9999.000,9999.000,9999.000,9999.000,9999.000,9999.000,9999.000
202605060254,   0.695,   1.420,9999.000,9999.000,9999.000,9999.000,9999.000,9999.000,9999.000
202605060300,   0.724,   1.449,   0.000,   0.725,   1.449,  -0.100,   1.349,   0.000,   1.449
202605060306,   0.752,   1.459,9999.000,9999.000,9999.000,9999.000,9999.000,9999.000,9999.000
202605060312,   0.780,   1.489,9999.000,9999.000,9999.000,9999.000,9999.000,9999.000,9999.000
202605060318,   0.808,   1.508,9999.000,9999.000,9999.000,9999.000,9999.000,9999.000,9999.000
202605060324,   0.835,   1.548,9999.000,9999.000,9999.000,9999.000,9999.000,9999.000,9999.000
202605060330,   0.862,   1.590,9999.000,9999.000,9999.000,9999.000,9999.000,9999.000,9999.000
202605060336,   0.888,   1.610,9999.000,9999.000,9999.000,9999.000,9999.000,9999.000,9999.000
202605060342,   0.914,   1.620,9999.000,9999.000,9999.000,9999.000,9999.000,9999.000,9999.000
202605060348,   0.939,   1.649,9999.000,9999.000,9999.000,9999.000,9999.000,9999.000,9999.000
202605060354,   0.963,   1.679,9999.000,9999.000,9999.000,9999.000,9999.000,9999.000,9999.000
202605060400,   0.987,   1.699,  -0.100,   0.812,   1.699,  -0.200,   1.599,   0.000,   1.799
202605060406,   1.010,   1.738,9999.000,9999.000,9999.000,9999.000,9999.000,9999.000,9999.000
202605060412,   1.033,   1.767,9999.000,9999.000,9999.000,9999.000,9999.000,9999.000,9999.000
202605060418,   1.054,   1.767,9999.000,9999.000,9999.000,9999.000,9999.000,9999.000,9999.000
202605060424,   1.075,   1.800,9999.000,9999.000,9999.000,9999.000,9999.000,9999.000,9999.000
202605060430,   1.096,   1.830,9999.000,9999.000,9999.000,9999.000,9999.000,9999.000,9999.000
202605060436,   1.116,   1.879,9999.000,9999.000,9999.000,9999.000,9999.000,9999.000,9999.000
202605060442,   1.135,   1.899,9999.000,9999.000,9999.000,9999.000,9999.000,9999.000,9999.000
202605060448,   1.153,   1.918,9999.000,9999.000,9999.000,9999.000,9999.000,9999.000,9999.000
202605060454,   1.171,   1.948,9999.000,9999.000,9999.000,9999.000,9999.000,9999.000,9999.000
202605060500,   1.188,   1.990,  -0.200,   1.002,   1.990,  -0.300,   1.890,  -0.100,   2.090
202605060506,   1.204,   2.040,9999.000,9999.000,9999.000,9999.000,9999.000,9999.000,9999.000
202605060512,   1.220,   2.049,9999.000,9999.000,9999.000,9999.000,9999.000,9999.000,9999.000
202605060518,   1.235,   2.069,9999.000,9999.000,9999.000,9999.000,9999.000,9999.000,9999.000
202605060524,   1.249,   2.089,9999.000,9999.000,9999.000,9999.000,9999.000,9999.000,9999.000
202605060530,   1.262,   2.089,9999.000,9999.000,9999.000,9999.000,9999.000,9999.000,9999.000
202605060536,   1.274,   2.099,9999.000,9999.000,9999.000,9999.000,9999.000,9999.000,9999.000
202605060542,   1.285,   2.099,9999.000,9999.000,9999.000,9999.000,9999.000,9999.000,9999.000
202605060548,   1.295,   2.099,9999.000,9999.000,9999.000,9999.000,9999.000,9999.000,9999.000
202605060554,   1.304,   2.118,9999.000,9999.000,9999.000,9999.000,9999.000,9999.000,9999.000
202605060600,   1.312,   2.118,  -0.200,   1.006,   2.118,  -0.300,   2.018,  -0.200,   2.118
202605060606,   1.318,9999.000,9999.000,9999.000,9999.000,9999.000,9999.000,9999.000,9999.000
202605060612,   1.323,9999.000,9999.000,9999.000,9999.000,9999.000,9999.000,9999.000,9999.000
202605060618,   1.326,9999.000,9999.000,9999.000,9999.000,9999.000,9999.000,9999.000,9999.000
202605060624,   1.328,9999.000,9999.000,9999.000,9999.000,9999.000,9999.000,9999.000,9999.000
202605060630,   1.328,9999.000,9999.000,9999.000,9999.000,9999.000,9999.000,9999.000,9999.000
202605060636,   1.327,9999.000,9999.000,9999.000,9999.000,9999.000,9999.000,9999.000,9999.000
202605060642,   1.324,9999.000,9999.000,9999.000,9999.000,9999.000,9999.000,9999.000,9999.000
202605060648,   1.320,9999.000,9999.000,9999.000,9999.000,9999.000,9999.000,9999.000,9999.000
202605060654,   1.314,9999.000,9999.000,9999.000,9999.000,9999.000,9999.000,9999.000,9999.000
202605060700,   1.306,9999.000,  -0.300,   0.941,   1.947,  -0.300,   1.947,  -0.200,   2.047
202605060706,   1.297,9999.000,9999.000,9999.000,9999.000,9999.000,9999.000,9999.000,9999.000
202605060712,   1.286,9999.000,9999.000,9999.000,9999.000,9999.000,9999.000,9999.000,9999.000
202605060718,   1.274,9999.000,9999.000,9999.000,9999.000,9999.000,9999.000,9999.000,9999.000
202605060724,   1.261,9999.000,9999.000,9999.000,9999.000,9999.000,9999.000,9999.000,9999.000
202605060730,   1.246,9999.000,9999.000,9999.000,9999.000,9999.000,9999.000,9999.000,9999.000
202605060736,   1.230,9999.000,9999.000,9999.000,9999.000,9999.000,9999.000,9999.000,9999.000
202605060742,   1.213,9999.000,9999.000,9999.000,9999.000,9999.000,9999.000,9999.000,9999.000
202605060748,   1.194,9999.000,9999.000,9999.000,9999.000,9999.000,9999.000,9999.000,9999.000
202605060754,   1.175,9999.000,9999.000,9999.000,9999.000,9999.000,9999.000,9999.000,9999.000
202605060800,   1.155,9999.000,  -0.300,   0.876,   1.731,  -0.300,   1.731,  -0.200,   1.831
202605060806,   1.134,9999.000,9999.000,9999.000,9999.000,9999.000,9999.000,9999.000,9999.000
202605060812,   1.113,9999.000,9999.000,9999.000,9999.000,9999.000,9999.000,9999.000,9999.000
202605060818,   1.091,9999.000,9999.000,9999.000,9999.000,9999.000,9999.000,9999.000,9999.000
202605060824,   1.068,9999.000,9999.000,9999.000,9999.000,9999.000,9999.000,9999.000,9999.000
202605060830,   1.045,9999.000,9999.000,9999.000,9999.000,9999.000,9999.000,9999.000,9999.000
202605060836,   1.022,9999.000,9999.000,9999.000,9999.000,9999.000,9999.000,9999.000,9999.000
202605060842,   0.999,9999.000,9999.000,9999.000,9999.000,9999.000,9999.000,9999.000,9999.000
202605060848,   0.975,9999.000,9999.000,9999.000,9999.000,9999.000,9999.000,9999.000,9999.000
202605060854,   0.952,9999.000,9999.000,9999.000,9999.000,9999.000,9999.000,9999.000,9999.000
202605060900,   0.928,9999.000,  -0.200,   0.811,   1.539,  -0.300,   1.439,  -0.100,   1.639
202605060906,   0.905,9999.000,9999.000,9999.000,9999.000,9999.000,9999.000,9999.000,9999.000
202605060912,   0.881,9999.000,9999.000,9999.000,9999.000,9999.000,9999.000,9999.000,9999.000
202605060918,   0.858,9999.000,9999.000,9999.000,9999.000,9999.000,9999.000,9999.000,9999.000
202605060924,   0.835,9999.000,9999.000,9999.000,9999.000,9999.000,9999.000,9999.000,9999.000
202605060930,   0.812,9999.000,9999.000,9999.000,9999.000,9999.000,9999.000,9999.000,9999.000
202605060936,   0.789,9999.000,9999.000,9999.000,9999.000,9999.000,9999.000,9999.000,9999.000
202605060942,   0.766,9999.000,9999.000,9999.000,9999.000,9999.000,9999.000,9999.000,9999.000
202605060948,   0.744,9999.000,9999.000,9999.000,9999.000,9999.000,9999.000,9999.000,9999.000
202605060954,   0.721,9999.000,9999.000,9999.000,9999.000,9999.000,9999.000,9999.000,9999.000
202605061000,   0.699,9999.000,  -0.200,   0.746,   1.245,  -0.300,   1.145,  -0.100,   1.345
202605061006,   0.678,9999.000,9999.000,9999.000,9999.000,9999.000,9999.000,9999.000,9999.000
202605061012,   0.656,9999.000,9999.000,9999.000,9999.000,9999.000,9999.000,9999.000,9999.000
202605061018,   0.635,9999.000,9999.000,9999.000,9999.000,9999.000,9999.000,9999.000,9999.000
202605061024,   0.614,9999.000,9999.000,9999.000,9999.000,9999.000,9999.000,9999.000,9999.000
202605061030,   0.593,9999.000,9999.000,9999.000,9999.000,9999.000,9999.000,9999.000,9999.000
202605061036,   0.572,9999.000,9999.000,9999.000,9999.000,9999.000,9999.000,9999.000,9999.000
202605061042,   0.552,9999.000,9999.000,9999.000,9999.000,9999.000,9999.000,9999.000,9999.000
202605061048,   0.532,9999.000,9999.000,9999.000,9999.000,9999.000,9999.000,9999.000,9999.000
202605061054,   0.512,9999.000,9999.000,9999.000,9999.000,9999.000,9999.000,9999.000,9999.000
202605061100,   0.493,9999.000,  -0.200,   0.682,   0.975,  -0.300,   0.875,  -0.200,   0.975
202605061106,   0.474,9999.000,9999.000,9999.000,9999.000,9999.000,9999.000,9999.000,9999.000
202605061112,   0.455,9999.000,9999.000,9999.000,9999.000,9999.000,9999.000,9999.000,9999.000
202605061118,   0.436,9999.000,9999.000,9999.000,9999.000,9999.000,9999.000,9999.000,9999.000
202605061124,   0.418,9999.000,9999.000,9999.000,9999.000,9999.000,9999.000,9999.000,9999.000
202605061130,   0.400,9999.000,9999.000,9999.000,9999.000,9999.000,9999.000,9999.000,9999.000
202605061136,   0.383,9999.000,9999.000,9999.000,9999.000,9999.000,9999.000,9999.000,9999.000
202605061142,   0.366,9999.000,9999.000,9999.000,9999.000,9999.000,9999.000,9999.000,9999.000
202605061148,   0.350,9999.000,9999.000,9999.000,9999.000,9999.000,9999.000,9999.000,9999.000
202605061154,   0.334,9999.000,9999.000,9999.000,9999.000,9999.000,9999.000,9999.000,9999.000
202605061200,   0.319,9999.000,  -0.200,   0.617,   0.736,  -0.300,   0.636,  -0.100,   0.836
202605061206,   0.304,9999.000,9999.000,9999.000,9999.000,9999.000,9999.000,9999.000,9999.000
202605061212,   0.290,9999.000,9999.000,9999.000,9999.000,9999.000,9999.000,9999.000,9999.000
202605061218,   0.277,9999.000,9999.000,9999.000,9999.000,9999.000,9999.000,9999.000,9999.000
202605061224,   0.265,9999.000,9999.000,9999.000,9999.000,9999.000,9999.000,9999.000,9999.000
202605061230,   0.253,9999.000,9999.000,9999.000,9999.000,9999.000,9999.000,9999.000,9999.000
202605061236,   0.242,9999.000,9999.000,9999.000,9999.000,9999.000,9999.000,9999.000,9999.000
202605061242,   0.233,9999.000,9999.000,9999.000,9999.000,9999.000,9999.000,9999.000,9999.000
202605061248,   0.224,9999.000,9999.000,9999.000,9999.000,9999.000,9999.000,9999.000,9999.000
202605061254,   0.217,9999.000,9999.000,9999.000,9999.000,9999.000,9999.000,9999.000,9999.000
202605061300,   0.210,9999.000,  -0.200,   0.552,   0.562,  -0.300,   0.462,  -0.100,   0.662
202605061306,   0.205,9999.000,9999.000,9999.000,9999.000,9999.000,9999.000,9999.000,9999.000
202605061312,   0.201,9999.000,9999.000,9999.000,9999.000,9999.000,9999.000,9999.000,9999.000
202605061318,   0.199,9999.000,9999.000,9999.000,9999.000,9999.000,9999.000,9999.000,9999.000
202605061324,   0.198,9999.000,9999.000,9999.000,9999.000,9999.000,9999.000,9999.000,9999.000
202605061330,   0.198,9999.000,9999.000,9999.000,9999.000,9999.000,9999.000,9999.000,9999.000
202605061336,   0.199,9999.000,9999.000,9999.000,9999.000,9999.000,9999.000,9999.000,9999.000
202605061342,   0.202,9999.000,9999.000,9999.000,9999.000,9999.000,9999.000,9999.000,9999.000
202605061348,   0.207,9999.000,9999.000,9999.000,9999.000,9999.000,9999.000,9999.000,9999.000
202605061354,   0.213,9999.000,9999.000,9999.000,9999.000,9999.000,9999.000,9999.000,9999.000
202605061400,   0.220,9999.000,  -0.200,   0.487,   0.507,  -0.300,   0.407,  -0.100,   0.607
202605061406,   0.229,9999.000,9999.000,9999.000,9999.000,9999.000,9999.000,9999.000,9999.000
202605061412,   0.239,9999.000,9999.000,9999.000,9999.000,9999.000,9999.000,9999.000,9999.000
202605061418,   0.251,9999.000,9999.000,9999.000,9999.000,9999.000,9999.000,9999.000,9999.000
202605061424,   0.263,9999.000,9999.000,9999.000,9999.000,9999.000,9999.000,9999.000,9999.000
202605061430,   0.277,9999.000,9999.000,9999.000,9999.000,9999.000,9999.000,9999.000,9999.000
202605061436,   0.292,9999.000,9999.000,9999.000,9999.000,9999.000,9999.000,9999.000,9999.000
202605061442,   0.307,9999.000,9999.000,9999.000,9999.000,9999.000,9999.000,9999.000,9999.000
202605061448,   0.324,9999.000,9999.000,9999.000,9999.000,9999.000,9999.000,9999.000,9999.000
202605061454,   0.341,9999.000,9999.000,9999.000,9999.000,9999.000,9999.000,9999.000,9999.000
202605061500,   0.359,9999.000,  -0.200,   0.422,   0.581,  -0.300,   0.481,  -0.100,   0.681
202605061506,   0.377,9999.000,9999.000,9999.000,9999.000,9999.000,9999.000,9999.000,9999.000
202605061512,   0.396,9999.000,9999.000,9999.000,9999.000,9999.000,9999.000,9999.000,9999.000
202605061518,   0.416,9999.000,9999.000,9999.000,9999.000,9999.000,9999.000,9999.000,9999.000
202605061524,   0.435,9999.000,9999.000,9999.000,9999.000,9999.000,9999.000,9999.000,9999.000
202605061530,   0.455,9999.000,9999.000,9999.000,9999.000,9999.000,9999.000,9999.000,9999.000
202605061536,   0.474,9999.000,9999.000,9999.000,9999.000,9999.000,9999.000,9999.000,9999.000
202605061542,   0.494,9999.000,9999.000,9999.000,9999.000,9999.000,9999.000,9999.000,9999.000
202605061548,   0.513,9999.000,9999.000,9999.000,9999.000,9999.000,9999.000,9999.000,9999.000
202605061554,   0.533,9999.000,9999.000,9999.000,9999.000,9999.000,9999.000,9999.000,9999.000
202605061600,   0.552,9999.000,  -0.200,   0.357,   0.709,  -0.300,   0.609,   0.000,   0.909
202605061606,   0.571,9999.000,9999.000,9999.000,9999.000,9999.000,9999.000,9999.000,9999.000
202605061612,   0.590,9999.000,9999.000,9999.000,9999.000,9999.000,9999.000,9999.000,9999.000
202605061618,   0.608,9999.000,9999.000,9999.000,9999.000,9999.000,9999.000,9999.000,9999.000
202605061624,   0.626,9999.000,9999.000,9999.000,9999.000,9999.000,9999.000,9999.000,9999.000
202605061630,   0.644,9999.000,9999.000,9999.000,9999.000,9999.000,9999.000,9999.000,9999.000
202605061636,   0.662,9999.000,9999.000,9999.000,9999.000,9999.000,9999.000,9999.000,9999.000
202605061642,   0.679,9999.000,9999.000,9999.000,9999.000,9999.000,9999.000,9999.000,9999.000
202605061648,   0.696,9999.000,9999.000,9999.000,9999.000,9999.000,9999.000,9999.000,9999.000
202605061654,   0.713,9999.000,9999.000,9999.000,9999.000,9999.000,9999.000,9999.000,9999.000
202605061700,   0.729,9999.000,  -0.100,   0.292,   0.921,  -0.200,   0.821,   0.000,   1.021
202605061706,   0.745,9999.000,9999.000,9999.000,9999.000,9999.000,9999.000,9999.000,9999.000
202605061712,   0.761,9999.000,9999.000,9999.000,9999.000,9999.000,9999.000,9999.000,9999.000
202605061718,   0.776,9999.000,9999.000,9999.000,9999.000,9999.000,9999.000,9999.000,9999.000
202605061724,   0.791,9999.000,9999.000,9999.000,9999.000,9999.000,9999.000,9999.000,9999.000
202605061730,   0.806,9999.000,9999.000,9999.000,9999.000,9999.000,9999.000,9999.000,9999.000
202605061736,   0.820,9999.000,9999.000,9999.000,9999.000,9999.000,9999.000,9999.000,9999.000
202605061742,   0.833,9999.000,9999.000,9999.000,9999.000,9999.000,9999.000,9999.000,9999.000
202605061748,   0.846,9999.000,9999.000,9999.000,9999.000,9999.000,9999.000,9999.000,9999.000
202605061754,   0.859,9999.000,9999.000,9999.000,9999.000,9999.000,9999.000,9999.000,9999.000
202605061800,   0.870,9999.000,  -0.100,   0.227,   0.997,  -0.200,   0.897,   0.000,   1.097
202605061806,   0.881,9999.000,9999.000,9999.000,9999.000,9999.000,9999.000,9999.000,9999.000
202605061812,   0.891,9999.000,9999.000,9999.000,9999.000,9999.000,9999.000,9999.000,9999.000
202605061818,   0.900,9999.000,9999.000,9999.000,9999.000,9999.000,9999.000,9999.000,9999.000
202605061824,   0.908,9999.000,9999.000,9999.000,9999.000,9999.000,9999.000,9999.000,9999.000
202605061830,   0.915,9999.000,9999.000,9999.000,9999.000,9999.000,9999.000,9999.000,9999.000
202605061836,   0.920,9999.000,9999.000,9999.000,9999.000,9999.000,9999.000,9999.000,9999.000
202605061842,   0.924,9999.000,9999.000,9999.000,9999.000,9999.000,9999.000,9999.000,9999.000
202605061848,   0.927,9999.000,9999.000,9999.000,9999.000,9999.000,9999.000,9999.000,9999.000
202605061854,   0.929,9999.000,9999.000,9999.000,9999.000,9999.000,9999.000,9999.000,9999.000
202605061900,   0.929,9999.000,  -0.100,   0.227,   1.056,  -0.200,   0.956,   0.000,   1.156
202605061906,   0.928,9999.000,9999.000,9999.000,9999.000,9999.000,9999.000,9999.000,9999.000
202605061912,   0.925,9999.000,9999.000,9999.000,9999.000,9999.000,9999.000,9999.000,9999.000
202605061918,   0.920,9999.000,9999.000,9999.000,9999.000,9999.000,9999.000,9999.000,9999.000
202605061924,   0.914,9999.000,9999.000,9999.000,9999.000,9999.000,9999.000,9999.000,9999.000
202605061930,   0.907,9999.000,9999.000,9999.000,9999.000,9999.000,9999.000,9999.000,9999.000
202605061936,   0.898,9999.000,9999.000,9999.000,9999.000,9999.000,9999.000,9999.000,9999.000
202605061942,   0.888,9999.000,9999.000,9999.000,9999.000,9999.000,9999.000,9999.000,9999.000
202605061948,   0.876,9999.000,9999.000,9999.000,9999.000,9999.000,9999.000,9999.000,9999.000
202605061954,   0.864,9999.000,9999.000,9999.000,9999.000,9999.000,9999.000,9999.000,9999.000
202605062000,   0.850,9999.000,  -0.100,   0.227,   0.977,  -0.200,   0.877,   0.000,   1.077
202605062006,   0.835,9999.000,9999.000,9999.000,9999.000,9999.000,9999.000,9999.000,9999.000
202605062012,   0.819,9999.000,9999.000,9999.000,9999.000,9999.000,9999.000,9999.000,9999.000
202605062018,   0.802,9999.000,9999.000,9999.000,9999.000,9999.000,9999.000,9999.000,9999.000
202605062024,   0.784,9999.000,9999.000,9999.000,9999.000,9999.000,9999.000,9999.000,9999.000
202605062030,   0.765,9999.000,9999.000,9999.000,9999.000,9999.000,9999.000,9999.000,9999.000
202605062036,   0.746,9999.000,9999.000,9999.000,9999.000,9999.000,9999.000,9999.000,9999.000
202605062042,   0.727,9999.000,9999.000,9999.000,9999.000,9999.000,9999.000,9999.000,9999.000
202605062048,   0.707,9999.000,9999.000,9999.000,9999.000,9999.000,9999.000,9999.000,9999.000
202605062054,   0.687,9999.000,9999.000,9999.000,9999.000,9999.000,9999.000,9999.000,9999.000
202605062100,   0.667,9999.000,  -0.100,   0.227,   0.794,  -0.200,   0.694,   0.000,   0.894
202605062106,   0.646,9999.000,9999.000,9999.000,9999.000,9999.000,9999.000,9999.000,9999.000
202605062112,   0.626,9999.000,9999.000,9999.000,9999.000,9999.000,9999.000,9999.000,9999.000
202605062118,   0.606,9999.000,9999.000,9999.000,9999.000,9999.000,9999.000,9999.000,9999.000
202605062124,   0.586,9999.000,9999.000,9999.000,9999.000,9999.000,9999.000,9999.000,9999.000
202605062130,   0.566,9999.000,9999.000,9999.000,9999.000,9999.000,9999.000,9999.000,9999.000
202605062136,   0.546,9999.000,9999.000,9999.000,9999.000,9999.000,9999.000,9999.000,9999.000
202605062142,   0.527,9999.000,9999.000,9999.000,9999.000,9999.000,9999.000,9999.000,9999.000
202605062148,   0.508,9999.000,9999.000,9999.000,9999.000,9999.000,9999.000,9999.000,9999.000
202605062154,   0.489,9999.000,9999.000,9999.000,9999.000,9999.000,9999.000,9999.000,9999.000
202605062200,   0.471,9999.000,  -0.100,   0.227,   0.598,  -0.200,   0.498,   0.000,   0.698
202605062206,   0.453,9999.000,9999.000,9999.000,9999.000,9999.000,9999.000,9999.000,9999.000
202605062212,   0.436,9999.000,9999.000,9999.000,9999.000,9999.000,9999.000,9999.000,9999.000
202605062218,   0.419,9999.000,9999.000,9999.000,9999.000,9999.000,9999.000,9999.000,9999.000
202605062224,   0.403,9999.000,9999.000,9999.000,9999.000,9999.000,9999.000,9999.000,9999.000
202605062230,   0.387,9999.000,9999.000,9999.000,9999.000,9999.000,9999.000,9999.000,9999.000
202605062236,   0.372,9999.000,9999.000,9999.000,9999.000,9999.000,9999.000,9999.000,9999.000
202605062242,   0.357,9999.000,9999.000,9999.000,9999.000,9999.000,9999.000,9999.000,9999.000
202605062248,   0.343,9999.000,9999.000,9999.000,9999.000,9999.000,9999.000,9999.000,9999.000
202605062254,   0.329,9999.000,9999.000,9999.000,9999.000,9999.000,9999.000,9999.000,9999.000
202605062300,   0.316,9999.000,  -0.100,   0.227,   0.443,  -0.300,   0.243,   0.000,   0.543
202605062306,   0.304,9999.000,9999.000,9999.000,9999.000,9999.000,9999.000,9999.000,9999.000
202605062312,   0.292,9999.000,9999.000,9999.000,9999.000,9999.000,9999.000,9999.000,9999.000
202605062318,   0.281,9999.000,9999.000,9999.000,9999.000,9999.000,9999.000,9999.000,9999.000
202605062324,   0.270,9999.000,9999.000,9999.000,9999.000,9999.000,9999.000,9999.000,9999.000
202605062330,   0.261,9999.000,9999.000,9999.000,9999.000,9999.000,9999.000,9999.000,9999.000
202605062336,   0.251,9999.000,9999.000,9999.000,9999.000,9999.000,9999.000,9999.000,9999.000
202605062342,   0.243,9999.000,9999.000,9999.000,9999.000,9999.000,9999.000,9999.000,9999.000
202605062348,   0.235,9999.000,9999.000,9999.000,9999.000,9999.000,9999.000,9999.000,9999.000
202605062354,   0.228,9999.000,9999.000,9999.000,9999.000,9999.000,9999.000,9999.000,9999.000
202605070000,   0.222,9999.000,  -0.100,   0.227,   0.349,  -0.400,   0.049,   0.000,   0.449
202605070006,   0.216,9999.000,9999.000,9999.000,9999.000,9999.000,9999.000,9999.000,9999.000
202605070012,   0.211,9999.000,9999.000,9999.000,9999.000,9999.000,9999.000,9999.000,9999.000
202605070018,   0.208,9999.000,9999.000,9999.000,9999.000,9999.000,9999.000,9999.000,9999.000
202605070024,   0.204,9999.000,9999.000,9999.000,9999.000,9999.000,9999.000,9999.000,9999.000
202605070030,   0.202,9999.000,9999.000,9999.000,9999.000,9999.000,9999.000,9999.000,9999.000
202605070036,   0.201,9999.000,9999.000,9999.000,9999.000,9999.000,9999.000,9999.000,9999.000
202605070042,   0.201,9999.000,9999.000,9999.000,9999.000,9999.000,9999.000,9999.000,9999.000
202605070048,   0.201,9999.000,9999.000,9999.000,9999.000,9999.000,9999.000,9999.000,9999.000
202605070054,   0.203,9999.000,9999.000,9999.000,9999.000,9999.000,9999.000,9999.000,9999.000
202605070100,   0.206,9999.000,  -0.100,   0.227,   0.333,  -0.400,   0.033,   0.000,   0.433
202605070106,   0.210,9999.000,9999.000,9999.000,9999.000,9999.000,9999.000,9999.000,9999.000
202605070112,   0.215,9999.000,9999.000,9999.000,9999.000,9999.000,9999.000,9999.000,9999.000
202605070118,   0.221,9999.000,9999.000,9999.000,9999.000,9999.000,9999.000,9999.000,9999.000
202605070124,   0.228,9999.000,9999.000,9999.000,9999.000,9999.000,9999.000,9999.000,9999.000
202605070130,   0.237,9999.000,9999.000,9999.000,9999.000,9999.000,9999.000,9999.000,9999.000
202605070136,   0.247,9999.000,9999.000,9999.000,9999.000,9999.000,9999.000,9999.000,9999.000
202605070142,   0.259,9999.000,9999.000,9999.000,9999.000,9999.000,9999.000,9999.000,9999.000
202605070148,   0.272,9999.000,9999.000,9999.000,9999.000,9999.000,9999.000,9999.000,9999.000
202605070154,   0.286,9999.000,9999.000,9999.000,9999.000,9999.000,9999.000,9999.000,9999.000
202605070200,   0.301,9999.000,  -0.100,   0.227,   0.428,  -0.300,   0.228,   0.000,   0.528
202605070206,   0.318,9999.000,9999.000,9999.000,9999.000,9999.000,9999.000,9999.000,9999.000
202605070212,   0.336,9999.000,9999.000,9999.000,9999.000,9999.000,9999.000,9999.000,9999.000
202605070218,   0.355,9999.000,9999.000,9999.000,9999.000,9999.000,9999.000,9999.000,9999.000
202605070224,   0.376,9999.000,9999.000,9999.000,9999.000,9999.000,9999.000,9999.000,9999.000
202605070230,   0.398,9999.000,9999.000,9999.000,9999.000,9999.000,9999.000,9999.000,9999.000
202605070236,   0.421,9999.000,9999.000,9999.000,9999.000,9999.000,9999.000,9999.000,9999.000
202605070242,   0.445,9999.000,9999.000,9999.000,9999.000,9999.000,9999.000,9999.000,9999.000
202605070248,   0.470,9999.000,9999.000,9999.000,9999.000,9999.000,9999.000,9999.000,9999.000
202605070254,   0.495,9999.000,9999.000,9999.000,9999.000,9999.000,9999.000,9999.000,9999.000
202605070300,   0.522,9999.000,  -0.200,   0.227,   0.549,  -0.300,   0.449,   0.000,   0.749
202605070306,   0.549,9999.000,9999.000,9999.000,9999.000,9999.000,9999.000,9999.000,9999.000
202605070312,   0.577,9999.000,9999.000,9999.000,9999.000,9999.000,9999.000,9999.000,9999.000
202605070318,   0.605,9999.000,9999.000,9999.000,9999.000,9999.000,9999.000,9999.000,9999.000
202605070324,   0.633,9999.000,9999.000,9999.000,9999.000,9999.000,9999.000,9999.000,9999.000
202605070330,   0.661,9999.000,9999.000,9999.000,9999.000,9999.000,9999.000,9999.000,9999.000
202605070336,   0.690,9999.000,9999.000,9999.000,9999.000,9999.000,9999.000,9999.000,9999.000
202605070342,   0.718,9999.000,9999.000,9999.000,9999.000,9999.000,9999.000,9999.000,9999.000
202605070348,   0.746,9999.000,9999.000,9999.000,9999.000,9999.000,9999.000,9999.000,9999.000
202605070354,   0.774,9999.000,9999.000,9999.000,9999.000,9999.000,9999.000,9999.000,9999.000
202605070400,   0.802,9999.000,  -0.100,   0.227,   0.929,  -0.300,   0.729,   0.000,   1.029
202605070406,   0.829,9999.000,9999.000,9999.000,9999.000,9999.000,9999.000,9999.000,9999.000
202605070412,   0.855,9999.000,9999.000,9999.000,9999.000,9999.000,9999.000,9999.000,9999.000
202605070418,   0.881,9999.000,9999.000,9999.000,9999.000,9999.000,9999.000,9999.000,9999.000
202605070424,   0.906,9999.000,9999.000,9999.000,9999.000,9999.000,9999.000,9999.000,9999.000
202605070430,   0.931,9999.000,9999.000,9999.000,9999.000,9999.000,9999.000,9999.000,9999.000
202605070436,   0.954,9999.000,9999.000,9999.000,9999.000,9999.000,9999.000,9999.000,9999.000
202605070442,   0.977,9999.000,9999.000,9999.000,9999.000,9999.000,9999.000,9999.000,9999.000
202605070448,   1.000,9999.000,9999.000,9999.000,9999.000,9999.000,9999.000,9999.000,9999.000
202605070454,   1.021,9999.000,9999.000,9999.000,9999.000,9999.000,9999.000,9999.000,9999.000
202605070500,   1.042,9999.000,  -0.100,   0.227,   1.169,  -0.300,   0.969,   0.000,   1.269
202605070506,   1.062,9999.000,9999.000,9999.000,9999.000,9999.000,9999.000,9999.000,9999.000
202605070512,   1.081,9999.000,9999.000,9999.000,9999.000,9999.000,9999.000,9999.000,9999.000
202605070518,   1.100,9999.000,9999.000,9999.000,9999.000,9999.000,9999.000,9999.000,9999.000
202605070524,   1.118,9999.000,9999.000,9999.000,9999.000,9999.000,9999.000,9999.000,9999.000
202605070530,   1.135,9999.000,9999.000,9999.000,9999.000,9999.000,9999.000,9999.000,9999.000
202605070536,   1.151,9999.000,9999.000,9999.000,9999.000,9999.000,9999.000,9999.000,9999.000
202605070542,   1.167,9999.000,9999.000,9999.000,9999.000,9999.000,9999.000,9999.000,9999.000
202605070548,   1.182,9999.000,9999.000,9999.000,9999.000,9999.000,9999.000,9999.000,9999.000
202605070554,   1.196,9999.000,9999.000,9999.000,9999.000,9999.000,9999.000,9999.000,9999.000
202605070600,   1.210,9999.000,  -0.100,   0.227,   1.337,  -0.300,   1.137,   0.000,   1.437
202605070606,   1.223,9999.000,9999.000,9999.000,9999.000,9999.000,9999.000,9999.000,9999.000
202605070612,   1.235,9999.000,9999.000,9999.000,9999.000,9999.000,9999.000,9999.000,9999.000
202605070618,   1.246,9999.000,9999.000,9999.000,9999.000,9999.000,9999.000,9999.000,9999.000
202605070624,   1.256,9999.000,9999.000,9999.000,9999.000,9999.000,9999.000,9999.000,9999.000
202605070630,   1.265,9999.000,9999.000,9999.000,9999.000,9999.000,9999.000,9999.000,9999.000
202605070636,   1.273,9999.000,9999.000,9999.000,9999.000,9999.000,9999.000,9999.000,9999.000
202605070642,   1.280,9999.000,9999.000,9999.000,9999.000,9999.000,9999.000,9999.000,9999.000
202605070648,   1.286,9999.000,9999.000,9999.000,9999.000,9999.000,9999.000,9999.000,9999.000
202605070654,   1.291,9999.000,9999.000,9999.000,9999.000,9999.000,9999.000,9999.000,9999.000
202605070700,   1.294,9999.000,  -0.100,   0.227,   1.421,  -0.300,   1.221,   0.000,   1.521
202605070706,   1.296,9999.000,9999.000,9999.000,9999.000,9999.000,9999.000,9999.000,9999.000
202605070712,   1.296,9999.000,9999.000,9999.000,9999.000,9999.000,9999.000,9999.000,9999.000
202605070718,   1.296,9999.000,9999.000,9999.000,9999.000,9999.000,9999.000,9999.000,9999.000
202605070724,   1.293,9999.000,9999.000,9999.000,9999.000,9999.000,9999.000,9999.000,9999.000
202605070730,   1.289,9999.000,9999.000,9999.000,9999.000,9999.000,9999.000,9999.000,9999.000
202605070736,   1.284,9999.000,9999.000,9999.000,9999.000,9999.000,9999.000,9999.000,9999.000
202605070742,   1.277,9999.000,9999.000,9999.000,9999.000,9999.000,9999.000,9999.000,9999.000
202605070748,   1.268,9999.000,9999.000,9999.000,9999.000,9999.000,9999.000,9999.000,9999.000
202605070754,   1.258,9999.000,9999.000,9999.000,9999.000,9999.000,9999.000,9999.000,9999.000
202605070800,   1.247,9999.000,  -0.100,   0.227,   1.374,  -0.200,   1.274,   0.000,   1.474
202605070806,   1.234,9999.000,9999.000,9999.000,9999.000,9999.000,9999.000,9999.000,9999.000
202605070812,   1.220,9999.000,9999.000,9999.000,9999.000,9999.000,9999.000,9999.000,9999.000
202605070818,   1.205,9999.000,9999.000,9999.000,9999.000,9999.000,9999.000,9999.000,9999.000
202605070824,   1.188,9999.000,9999.000,9999.000,9999.000,9999.000,9999.000,9999.000,9999.000
202605070830,   1.171,9999.000,9999.000,9999.000,9999.000,9999.000,9999.000,9999.000,9999.000
202605070836,   1.152,9999.000,9999.000,9999.000,9999.000,9999.000,9999.000,9999.000,9999.000
202605070842,   1.133,9999.000,9999.000,9999.000,9999.000,9999.000,9999.000,9999.000,9999.000
202605070848,   1.112,9999.000,9999.000,9999.000,9999.000,9999.000,9999.000,9999.000,9999.000
202605070854,   1.091,9999.000,9999.000,9999.000,9999.000,9999.000,9999.000,9999.000,9999.000
202605070900,   1.070,9999.000,  -0.100,   0.227,   1.197,  -0.200,   1.097,   0.000,   1.297
202605070906,   1.048,9999.000,9999.000,9999.000,9999.000,9999.000,9999.000,9999.000,9999.000
202605070912,   1.025,9999.000,9999.000,9999.000,9999.000,9999.000,9999.000,9999.000,9999.000
202605070918,   1.003,9999.000,9999.000,9999.000,9999.000,9999.000,9999.000,9999.000,9999.000
202605070924,   0.980,9999.000,9999.000,9999.000,9999.000,9999.000,9999.000,9999.000,9999.000
202605070930,   0.957,9999.000,9999.000,9999.000,9999.000,9999.000,9999.000,9999.000,9999.000
202605070936,   0.934,9999.000,9999.000,9999.000,9999.000,9999.000,9999.000,9999.000,9999.000
202605070942,   0.911,9999.000,9999.000,9999.000,9999.000,9999.000,9999.000,9999.000,9999.000
202605070948,   0.887,9999.000,9999.000,9999.000,9999.000,9999.000,9999.000,9999.000,9999.000
202605070954,   0.865,9999.000,9999.000,9999.000,9999.000,9999.000,9999.000,9999.000,9999.000
202605071000,   0.842,9999.000,   0.000,   0.227,   1.069,  -0.200,   0.869,   0.100,   1.169
202605071006,   0.819,9999.000,9999.000,9999.000,9999.000,9999.000,9999.000,9999.000,9999.000
202605071012,   0.797,9999.000,9999.000,9999.000,9999.000,9999.000,9999.000,9999.000,9999.000
202605071018,   0.774,9999.000,9999.000,9999.000,9999.000,9999.000,9999.000,9999.000,9999.000
202605071024,   0.752,9999.000,9999.000,9999.000,9999.000,9999.000,9999.000,9999.000,9999.000
202605071030,   0.731,9999.000,9999.000,9999.000,9999.000,9999.000,9999.000,9999.000,9999.000
202605071036,   0.709,9999.000,9999.000,9999.000,9999.000,9999.000,9999.000,9999.000,9999.000
202605071042,   0.688,9999.000,9999.000,9999.000,9999.000,9999.000,9999.000,9999.000,9999.000
202605071048,   0.667,9999.000,9999.000,9999.000,9999.000,9999.000,9999.000,9999.000,9999.000
202605071054,   0.647,9999.000,9999.000,9999.000,9999.000,9999.000,9999.000,9999.000,9999.000
202605071100,   0.627,9999.000,   0.000,   0.227,   0.854,  -0.100,   0.754,   0.100,   0.954
202605071106,   0.607,9999.000,9999.000,9999.000,9999.000,9999.000,9999.000,9999.000,9999.000
202605071112,   0.587,9999.000,9999.000,9999.000,9999.000,9999.000,9999.000,9999.000,9999.000
202605071118,   0.568,9999.000,9999.000,9999.000,9999.000,9999.000,9999.000,9999.000,9999.000
202605071124,   0.549,9999.000,9999.000,9999.000,9999.000,9999.000,9999.000,9999.000,9999.000
202605071130,   0.530,9999.000,9999.000,9999.000,9999.000,9999.000,9999.000,9999.000,9999.000
202605071136,   0.511,9999.000,9999.000,9999.000,9999.000,9999.000,9999.000,9999.000,9999.000
202605071142,   0.493,9999.000,9999.000,9999.000,9999.000,9999.000,9999.000,9999.000,9999.000
202605071148,   0.475,9999.000,9999.000,9999.000,9999.000,9999.000,9999.000,9999.000,9999.000
202605071154,   0.458,9999.000,9999.000,9999.000,9999.000,9999.000,9999.000,9999.000,9999.000
202605071200,   0.441,9999.000,   0.000,   0.227,   0.668,   0.000,   0.668,   0.100,   0.768
202605071206,   0.424,9999.000,9999.000,9999.000,9999.000,9999.000,9999.000,9999.000,9999.000
202605071212,   0.408,9999.000,9999.000,9999.000,9999.000,9999.000,9999.000,9999.000,9999.000
202605071218,   0.392,9999.000,9999.000,9999.000,9999.000,9999.000,9999.000,9999.000,9999.000
202605071224,   0.376,9999.000,9999.000,9999.000,9999.000,9999.000,9999.000,9999.000,9999.000
202605071230,   0.361,9999.000,9999.000,9999.000,9999.000,9999.000,9999.000,9999.000,9999.000
202605071236,   0.347,9999.000,9999.000,9999.000,9999.000,9999.000,9999.000,9999.000,9999.000
202605071242,   0.332,9999.000,9999.000,9999.000,9999.000,9999.000,9999.000,9999.000,9999.000
202605071248,   0.319,9999.000,9999.000,9999.000,9999.000,9999.000,9999.000,9999.000,9999.000
202605071254,   0.306,9999.000,9999.000,9999.000,9999.000,9999.000,9999.000,9999.000,9999.000
202605071300,   0.294,9999.000,   0.000,   0.227,   0.521,   0.000,   0.521,   0.100,   0.621
202605071306,   0.282,9999.000,9999.000,9999.000,9999.000,9999.000,9999.000,9999.000,9999.000
202605071312,   0.271,9999.000,9999.000,9999.000,9999.000,9999.000,9999.000,9999.000,9999.000
202605071318,   0.262,9999.000,9999.000,9999.000,9999.000,9999.000,9999.000,9999.000,9999.000
202605071324,   0.252,9999.000,9999.000,9999.000,9999.000,9999.000,9999.000,9999.000,9999.000
202605071330,   0.244,9999.000,9999.000,9999.000,9999.000,9999.000,9999.000,9999.000,9999.000
202605071336,   0.237,9999.000,9999.000,9999.000,9999.000,9999.000,9999.000,9999.000,9999.000
202605071342,   0.231,9999.000,9999.000,9999.000,9999.000,9999.000,9999.000,9999.000,9999.000
202605071348,   0.226,9999.000,9999.000,9999.000,9999.000,9999.000,9999.000,9999.000,9999.000
202605071354,   0.222,9999.000,9999.000,9999.000,9999.000,9999.000,9999.000,9999.000,9999.000
202605071400,   0.219,9999.000,   0.100,   0.227,   0.546,   0.000,   0.446,   0.200,   0.646
202605071406,   0.218,9999.000,9999.000,9999.000,9999.000,9999.000,9999.000,9999.000,9999.000
202605071412,   0.218,9999.000,9999.000,9999.000,9999.000,9999.000,9999.000,9999.000,9999.000
202605071418,   0.219,9999.000,9999.000,9999.000,9999.000,9999.000,9999.000,9999.000,9999.000
202605071424,   0.222,9999.000,9999.000,9999.000,9999.000,9999.000,9999.000,9999.000,9999.000
202605071430,   0.226,9999.000,9999.000,9999.000,9999.000,9999.000,9999.000,9999.000,9999.000
202605071436,   0.231,9999.000,9999.000,9999.000,9999.000,9999.000,9999.000,9999.000,9999.000
202605071442,   0.238,9999.000,9999.000,9999.000,9999.000,9999.000,9999.000,9999.000,9999.000
202605071448,   0.246,9999.000,9999.000,9999.000,9999.000,9999.000,9999.000,9999.000,9999.000
202605071454,   0.255,9999.000,9999.000,9999.000,9999.000,9999.000,9999.000,9999.000,9999.000
202605071500,   0.266,9999.000,   0.100,   0.227,   0.593,   0.000,   0.493,   0.200,   0.693
202605071506,   0.278,9999.000,9999.000,9999.000,9999.000,9999.000,9999.000,9999.000,9999.000
202605071512,   0.291,9999.000,9999.000,9999.000,9999.000,9999.000,9999.000,9999.000,9999.000
202605071518,   0.305,9999.000,9999.000,9999.000,9999.000,9999.000,9999.000,9999.000,9999.000
202605071524,   0.320,9999.000,9999.000,9999.000,9999.000,9999.000,9999.000,9999.000,9999.000
202605071530,   0.336,9999.000,9999.000,9999.000,9999.000,9999.000,9999.000,9999.000,9999.000
202605071536,   0.352,9999.000,9999.000,9999.000,9999.000,9999.000,9999.000,9999.000,9999.000
202605071542,   0.370,9999.000,9999.000,9999.000,9999.000,9999.000,9999.000,9999.000,9999.000
202605071548,   0.388,9999.000,9999.000,9999.000,9999.000,9999.000,9999.000,9999.000,9999.000
202605071554,   0.407,9999.000,9999.000,9999.000,9999.000,9999.000,9999.000,9999.000,9999.000
202605071600,   0.425,9999.000,   0.200,   0.227,   0.852,   0.100,   0.752,   0.300,   0.952
202605071606,   0.445,9999.000,9999.000,9999.000,9999.000,9999.000,9999.000,9999.000,9999.000
202605071612,   0.464,9999.000,9999.000,9999.000,9999.000,9999.000,9999.000,9999.000,9999.000
202605071618,   0.484,9999.000,9999.000,9999.000,9999.000,9999.000,9999.000,9999.000,9999.000
202605071624,   0.503,9999.000,9999.000,9999.000,9999.000,9999.000,9999.000,9999.000,9999.000
202605071630,   0.522,9999.000,9999.000,9999.000,9999.000,9999.000,9999.000,9999.000,9999.000
202605071636,   0.542,9999.000,9999.000,9999.000,9999.000,9999.000,9999.000,9999.000,9999.000
202605071642,   0.561,9999.000,9999.000,9999.000,9999.000,9999.000,9999.000,9999.000,9999.000
202605071648,   0.579,9999.000,9999.000,9999.000,9999.000,9999.000,9999.000,9999.000,9999.000
202605071654,   0.598,9999.000,9999.000,9999.000,9999.000,9999.000,9999.000,9999.000,9999.000
202605071700,   0.616,9999.000,   0.200,   0.227,   1.043,   0.100,   0.943,   0.300,   1.143
202605071706,   0.634,9999.000,9999.000,9999.000,9999.000,9999.000,9999.000,9999.000,9999.000
202605071712,   0.651,9999.000,9999.000,9999.000,9999.000,9999.000,9999.000,9999.000,9999.000
202605071718,   0.669,9999.000,9999.000,9999.000,9999.000,9999.000,9999.000,9999.000,9999.000
202605071724,   0.685,9999.000,9999.000,9999.000,9999.000,9999.000,9999.000,9999.000,9999.000
202605071730,   0.702,9999.000,9999.000,9999.000,9999.000,9999.000,9999.000,9999.000,9999.000
202605071736,   0.718,9999.000,9999.000,9999.000,9999.000,9999.000,9999.000,9999.000,9999.000
202605071742,   0.733,9999.000,9999.000,9999.000,9999.000,9999.000,9999.000,9999.000,9999.000
202605071748,   0.749,9999.000,9999.000,9999.000,9999.000,9999.000,9999.000,9999.000,9999.000
202605071754,   0.764,9999.000,9999.000,9999.000,9999.000,9999.000,9999.000,9999.000,9999.000
202605071800,   0.778,9999.000,   0.300,   0.227,   1.305,   0.200,   1.205,   0.400,   1.405
202605071806,   0.793,9999.000,9999.000,9999.000,9999.000,9999.000,9999.000,9999.000,9999.000
202605071812,   0.807,9999.000,9999.000,9999.000,9999.000,9999.000,9999.000,9999.000,9999.000
202605071818,   0.820,9999.000,9999.000,9999.000,9999.000,9999.000,9999.000,9999.000,9999.000
202605071824,   0.833,9999.000,9999.000,9999.000,9999.000,9999.000,9999.000,9999.000,9999.000
202605071830,   0.846,9999.000,9999.000,9999.000,9999.000,9999.000,9999.000,9999.000,9999.000
202605071836,   0.858,9999.000,9999.000,9999.000,9999.000,9999.000,9999.000,9999.000,9999.000
202605071842,   0.869,9999.000,9999.000,9999.000,9999.000,9999.000,9999.000,9999.000,9999.000
202605071848,   0.880,9999.000,9999.000,9999.000,9999.000,9999.000,9999.000,9999.000,9999.000
202605071854,   0.890,9999.000,9999.000,9999.000,9999.000,9999.000,9999.000,9999.000,9999.000
202605071900,   0.899,9999.000,   0.300,   0.227,   1.426,   0.200,   1.326,   0.500,   1.626
202605071906,   0.907,9999.000,9999.000,9999.000,9999.000,9999.000,9999.000,9999.000,9999.000
202605071912,   0.914,9999.000,9999.000,9999.000,9999.000,9999.000,9999.000,9999.000,9999.000
202605071918,   0.921,9999.000,9999.000,9999.000,9999.000,9999.000,9999.000,9999.000,9999.000
202605071924,   0.926,9999.000,9999.000,9999.000,9999.000,9999.000,9999.000,9999.000,9999.000
202605071930,   0.929,9999.000,9999.000,9999.000,9999.000,9999.000,9999.000,9999.000,9999.000
202605071936,   0.932,9999.000,9999.000,9999.000,9999.000,9999.000,9999.000,9999.000,9999.000
202605071942,   0.933,9999.000,9999.000,9999.000,9999.000,9999.000,9999.000,9999.000,9999.000
202605071948,   0.933,9999.000,9999.000,9999.000,9999.000,9999.000,9999.000,9999.000,9999.000
202605071954,   0.931,9999.000,9999.000,9999.000,9999.000,9999.000,9999.000,9999.000,9999.000
202605072000,   0.928,9999.000,   0.400,   0.227,   1.555,   0.300,   1.455,   0.500,   1.655
202605072006,   0.924,9999.000,9999.000,9999.000,9999.000,9999.000,9999.000,9999.000,9999.000
202605072012,   0.918,9999.000,9999.000,9999.000,9999.000,9999.000,9999.000,9999.000,9999.000
202605072018,   0.911,9999.000,9999.000,9999.000,9999.000,9999.000,9999.000,9999.000,9999.000
202605072024,   0.902,9999.000,9999.000,9999.000,9999.000,9999.000,9999.000,9999.000,9999.000
202605072030,   0.892,9999.000,9999.000,9999.000,9999.000,9999.000,9999.000,9999.000,9999.000
202605072036,   0.881,9999.000,9999.000,9999.000,9999.000,9999.000,9999.000,9999.000,9999.000
202605072042,   0.868,9999.000,9999.000,9999.000,9999.000,9999.000,9999.000,9999.000,9999.000
202605072048,   0.854,9999.000,9999.000,9999.000,9999.000,9999.000,9999.000,9999.000,9999.000
202605072054,   0.839,9999.000,9999.000,9999.000,9999.000,9999.000,9999.000,9999.000,9999.000
202605072100,   0.824,9999.000,   0.400,   0.227,   1.451,   0.300,   1.351,   0.500,   1.551
202605072106,   0.807,9999.000,9999.000,9999.000,9999.000,9999.000,9999.000,9999.000,9999.000
202605072112,   0.790,9999.000,9999.000,9999.000,9999.000,9999.000,9999.000,9999.000,9999.000
202605072118,   0.771,9999.000,9999.000,9999.000,9999.000,9999.000,9999.000,9999.000,9999.000
202605072124,   0.753,9999.000,9999.000,9999.000,9999.000,9999.000,9999.000,9999.000,9999.000
202605072130,   0.734,9999.000,9999.000,9999.000,9999.000,9999.000,9999.000,9999.000,9999.000
202605072136,   0.714,9999.000,9999.000,9999.000,9999.000,9999.000,9999.000,9999.000,9999.000
202605072142,   0.694,9999.000,9999.000,9999.000,9999.000,9999.000,9999.000,9999.000,9999.000
202605072148,   0.675,9999.000,9999.000,9999.000,9999.000,9999.000,9999.000,9999.000,9999.000
202605072154,   0.655,9999.000,9999.000,9999.000,9999.000,9999.000,9999.000,9999.000,9999.000
202605072200,   0.635,9999.000,   0.400,   0.227,   1.262,   0.300,   1.162,   0.500,   1.362
202605072206,   0.615,9999.000,9999.000,9999.000,9999.000,9999.000,9999.000,9999.000,9999.000
202605072212,   0.595,9999.000,9999.000,9999.000,9999.000,9999.000,9999.000,9999.000,9999.000
202605072218,   0.575,9999.000,9999.000,9999.000,9999.000,9999.000,9999.000,9999.000,9999.000
202605072224,   0.556,9999.000,9999.000,9999.000,9999.000,9999.000,9999.000,9999.000,9999.000
202605072230,   0.537,9999.000,9999.000,9999.000,9999.000,9999.000,9999.000,9999.000,9999.000
202605072236,   0.518,9999.000,9999.000,9999.000,9999.000,9999.000,9999.000,9999.000,9999.000
202605072242,   0.500,9999.000,9999.000,9999.000,9999.000,9999.000,9999.000,9999.000,9999.000
202605072248,   0.482,9999.000,9999.000,9999.000,9999.000,9999.000,9999.000,9999.000,9999.000
202605072254,   0.465,9999.000,9999.000,9999.000,9999.000,9999.000,9999.000,9999.000,9999.000
202605072300,   0.448,9999.000,   0.500,   0.227,   1.175,   0.300,   0.975,   0.500,   1.175
202605072306,   0.431,9999.000,9999.000,9999.000,9999.000,9999.000,9999.000,9999.000,9999.000
202605072312,   0.415,9999.000,9999.000,9999.000,9999.000,9999.000,9999.000,9999.000,9999.000
202605072318,   0.400,9999.000,9999.000,9999.000,9999.000,9999.000,9999.000,9999.000,9999.000
202605072324,   0.385,9999.000,9999.000,9999.000,9999.000,9999.000,9999.000,9999.000,9999.000
202605072330,   0.371,9999.000,9999.000,9999.000,9999.000,9999.000,9999.000,9999.000,9999.000
202605072336,   0.357,9999.000,9999.000,9999.000,9999.000,9999.000,9999.000,9999.000,9999.000
202605072342,   0.344,9999.000,9999.000,9999.000,9999.000,9999.000,9999.000,9999.000,9999.000
202605072348,   0.331,9999.000,9999.000,9999.000,9999.000,9999.000,9999.000,9999.000,9999.000
202605072354,   0.319,9999.000,9999.000,9999.000,9999.000,9999.000,9999.000,9999.000,9999.000
202605080000,   0.308,9999.000,   0.500,   0.227,   1.035,   0.300,   0.835,   0.500,   1.035
202605080006,   0.297,9999.000,9999.000,9999.000,9999.000,9999.000,9999.000,9999.000,9999.000
202605080012,   0.287,9999.000,9999.000,9999.000,9999.000,9999.000,9999.000,9999.000,9999.000
202605080018,   0.277,9999.000,9999.000,9999.000,9999.000,9999.000,9999.000,9999.000,9999.000
202605080024,   0.268,9999.000,9999.000,9999.000,9999.000,9999.000,9999.000,9999.000,9999.000
202605080030,   0.260,9999.000,9999.000,9999.000,9999.000,9999.000,9999.000,9999.000,9999.000
202605080036,   0.252,9999.000,9999.000,9999.000,9999.000,9999.000,9999.000,9999.000,9999.000
202605080042,   0.245,9999.000,9999.000,9999.000,9999.000,9999.000,9999.000,9999.000,9999.000
202605080048,   0.239,9999.000,9999.000,9999.000,9999.000,9999.000,9999.000,9999.000,9999.000
202605080054,   0.233,9999.000,9999.000,9999.000,9999.000,9999.000,9999.000,9999.000,9999.000
202605080100,   0.229,9999.000,   0.400,   0.227,   0.856,   0.300,   0.756,   0.500,   0.956
202605080106,   0.225,9999.000,9999.000,9999.000,9999.000,9999.000,9999.000,9999.000,9999.000
202605080112,   0.222,9999.000,9999.000,9999.000,9999.000,9999.000,9999.000,9999.000,9999.000
202605080118,   0.219,9999.000,9999.000,9999.000,9999.000,9999.000,9999.000,9999.000,9999.000
202605080124,   0.218,9999.000,9999.000,9999.000,9999.000,9999.000,9999.000,9999.000,9999.000
202605080130,   0.218,9999.000,9999.000,9999.000,9999.000,9999.000,9999.000,9999.000,9999.000
202605080136,   0.218,9999.000,9999.000,9999.000,9999.000,9999.000,9999.000,9999.000,9999.000
202605080142,   0.220,9999.000,9999.000,9999.000,9999.000,9999.000,9999.000,9999.000,9999.000
202605080148,   0.222,9999.000,9999.000,9999.000,9999.000,9999.000,9999.000,9999.000,9999.000
202605080154,   0.226,9999.000,9999.000,9999.000,9999.000,9999.000,9999.000,9999.000,9999.000
202605080200,   0.230,9999.000,   0.400,   0.227,   0.857,   0.300,   0.757,   0.500,   0.957
202605080206,   0.236,9999.000,9999.000,9999.000,9999.000,9999.000,9999.000,9999.000,9999.000
202605080212,   0.243,9999.000,9999.000,9999.000,9999.000,9999.000,9999.000,9999.000,9999.000
202605080218,   0.252,9999.000,9999.000,9999.000,9999.000,9999.000,9999.000,9999.000,9999.000
202605080224,   0.261,9999.000,9999.000,9999.000,9999.000,9999.000,9999.000,9999.000,9999.000
202605080230,   0.272,9999.000,9999.000,9999.000,9999.000,9999.000,9999.000,9999.000,9999.000
202605080236,   0.284,9999.000,9999.000,9999.000,9999.000,9999.000,9999.000,9999.000,9999.000
202605080242,   0.298,9999.000,9999.000,9999.000,9999.000,9999.000,9999.000,9999.000,9999.000
202605080248,   0.312,9999.000,9999.000,9999.000,9999.000,9999.000,9999.000,9999.000,9999.000
202605080254,   0.328,9999.000,9999.000,9999.000,9999.000,9999.000,9999.000,9999.000,9999.000
202605080300,   0.346,9999.000,   0.400,   0.227,   0.973,   0.300,   0.873,   0.500,   1.073
202605080306,   0.364,9999.000,9999.000,9999.000,9999.000,9999.000,9999.000,9999.000,9999.000
202605080312,   0.384,9999.000,9999.000,9999.000,9999.000,9999.000,9999.000,9999.000,9999.000
202605080318,   0.405,9999.000,9999.000,9999.000,9999.000,9999.000,9999.000,9999.000,9999.000
202605080324,   0.427,9999.000,9999.000,9999.000,9999.000,9999.000,9999.000,9999.000,9999.000
202605080330,   0.450,9999.000,9999.000,9999.000,9999.000,9999.000,9999.000,9999.000,9999.000
202605080336,   0.474,9999.000,9999.000,9999.000,9999.000,9999.000,9999.000,9999.000,9999.000
202605080342,   0.499,9999.000,9999.000,9999.000,9999.000,9999.000,9999.000,9999.000,9999.000
202605080348,   0.525,9999.000,9999.000,9999.000,9999.000,9999.000,9999.000,9999.000,9999.000
202605080354,   0.551,9999.000,9999.000,9999.000,9999.000,9999.000,9999.000,9999.000,9999.000
202605080400,   0.578,9999.000,   0.400,   0.227,   1.205,   0.300,   1.105,   0.500,   1.305
202605080406,   0.605,9999.000,9999.000,9999.000,9999.000,9999.000,9999.000,9999.000,9999.000
202605080412,   0.632,9999.000,9999.000,9999.000,9999.000,9999.000,9999.000,9999.000,9999.000
202605080418,   0.660,9999.000,9999.000,9999.000,9999.000,9999.000,9999.000,9999.000,9999.000
202605080424,   0.687,9999.000,9999.000,9999.000,9999.000,9999.000,9999.000,9999.000,9999.000
202605080430,   0.715,9999.000,9999.000,9999.000,9999.000,9999.000,9999.000,9999.000,9999.000
202605080436,   0.742,9999.000,9999.000,9999.000,9999.000,9999.000,9999.000,9999.000,9999.000
202605080442,   0.769,9999.000,9999.000,9999.000,9999.000,9999.000,9999.000,9999.000,9999.000
202605080448,   0.795,9999.000,9999.000,9999.000,9999.000,9999.000,9999.000,9999.000,9999.000
202605080454,   0.821,9999.000,9999.000,9999.000,9999.000,9999.000,9999.000,9999.000,9999.000
202605080500,   0.847,9999.000,   0.400,   0.227,   1.474,   0.300,   1.374,   0.500,   1.574
202605080506,   0.872,9999.000,9999.000,9999.000,9999.000,9999.000,9999.000,9999.000,9999.000
202605080512,   0.896,9999.000,9999.000,9999.000,9999.000,9999.000,9999.000,9999.000,9999.000
202605080518,   0.919,9999.000,9999.000,9999.000,9999.000,9999.000,9999.000,9999.000,9999.000
202605080524,   0.942,9999.000,9999.000,9999.000,9999.000,9999.000,9999.000,9999.000,9999.000
202605080530,   0.964,9999.000,9999.000,9999.000,9999.000,9999.000,9999.000,9999.000,9999.000
202605080536,   0.985,9999.000,9999.000,9999.000,9999.000,9999.000,9999.000,9999.000,9999.000
202605080542,   1.005,9999.000,9999.000,9999.000,9999.000,9999.000,9999.000,9999.000,9999.000
202605080548,   1.025,9999.000,9999.000,9999.000,9999.000,9999.000,9999.000,9999.000,9999.000
202605080554,   1.044,9999.000,9999.000,9999.000,9999.000,9999.000,9999.000,9999.000,9999.000
202605080600,   1.062,9999.000,   0.400,   0.227,   1.689,   0.300,   1.589,   0.500,   1.789
202605080606,   1.079,9999.000,9999.000,9999.000,9999.000,9999.000,9999.000,9999.000,9999.000
202605080612,   1.095,9999.000,9999.000,9999.000,9999.000,9999.000,9999.000,9999.000,9999.000
202605080618,   1.111,9999.000,9999.000,9999.000,9999.000,9999.000,9999.000,9999.000,9999.000
202605080624,   1.126,9999.000,9999.000,9999.000,9999.000,9999.000,9999.000,9999.000,9999.000
202605080630,   1.141,9999.000,9999.000,9999.000,9999.000,9999.000,9999.000,9999.000,9999.000
202605080636,   1.154,9999.000,9999.000,9999.000,9999.000,9999.000,9999.000,9999.000,9999.000
202605080642,   1.167,9999.000,9999.000,9999.000,9999.000,9999.000,9999.000,9999.000,9999.000
202605080648,   1.180,9999.000,9999.000,9999.000,9999.000,9999.000,9999.000,9999.000,9999.000
202605080654,   1.191,9999.000,9999.000,9999.000,9999.000,9999.000,9999.000,9999.000,9999.000
202605080700,   1.202,9999.000,   0.400,   0.227,   1.829,   0.300,   1.729,   0.500,   1.929
202605080706,   1.212,9999.000,9999.000,9999.000,9999.000,9999.000,9999.000,9999.000,9999.000
202605080712,   1.221,9999.000,9999.000,9999.000,9999.000,9999.000,9999.000,9999.000,9999.000
202605080718,   1.229,9999.000,9999.000,9999.000,9999.000,9999.000,9999.000,9999.000,9999.000
202605080724,   1.236,9999.000,9999.000,9999.000,9999.000,9999.000,9999.000,9999.000,9999.000
202605080730,   1.242,9999.000,9999.000,9999.000,9999.000,9999.000,9999.000,9999.000,9999.000
202605080736,   1.247,9999.000,9999.000,9999.000,9999.000,9999.000,9999.000,9999.000,9999.000
202605080742,   1.251,9999.000,9999.000,9999.000,9999.000,9999.000,9999.000,9999.000,9999.000
202605080748,   1.254,9999.000,9999.000,9999.000,9999.000,9999.000,9999.000,9999.000,9999.000
202605080754,   1.255,9999.000,9999.000,9999.000,9999.000,9999.000,9999.000,9999.000,9999.000
202605080800,   1.255,9999.000,   0.400,   0.227,   1.882,   0.300,   1.782,   0.500,   1.982
202605080806,   1.254,9999.000,9999.000,9999.000,9999.000,9999.000,9999.000,9999.000,9999.000
202605080812,   1.251,9999.000,9999.000,9999.000,9999.000,9999.000,9999.000,9999.000,9999.000
202605080818,   1.247,9999.000,9999.000,9999.000,9999.000,9999.000,9999.000,9999.000,9999.000
202605080824,   1.242,9999.000,9999.000,9999.000,9999.000,9999.000,9999.000,9999.000,9999.000
202605080830,   1.235,9999.000,9999.000,9999.000,9999.000,9999.000,9999.000,9999.000,9999.000
202605080836,   1.226,9999.000,9999.000,9999.000,9999.000,9999.000,9999.000,9999.000,9999.000
202605080842,   1.216,9999.000,9999.000,9999.000,9999.000,9999.000,9999.000,9999.000,9999.000
202605080848,   1.205,9999.000,9999.000,9999.000,9999.000,9999.000,9999.000,9999.000,9999.000
202605080854,   1.192,9999.000,9999.000,9999.000,9999.000,9999.000,9999.000,9999.000,9999.000
202605080900,   1.179,9999.000,   0.500,   0.227,   1.906,   0.400,   1.806,   0.600,   2.006
202605080906,   1.164,9999.000,9999.000,9999.000,9999.000,9999.000,9999.000,9999.000,9999.000
202605080912,   1.147,9999.000,9999.000,9999.000,9999.000,9999.000,9999.000,9999.000,9999.000
202605080918,   1.130,9999.000,9999.000,9999.000,9999.000,9999.000,9999.000,9999.000,9999.000
202605080924,   1.112,9999.000,9999.000,9999.000,9999.000,9999.000,9999.000,9999.000,9999.000
202605080930,   1.093,9999.000,9999.000,9999.000,9999.000,9999.000,9999.000,9999.000,9999.000
202605080936,   1.073,9999.000,9999.000,9999.000,9999.000,9999.000,9999.000,9999.000,9999.000
202605080942,   1.053,9999.000,9999.000,9999.000,9999.000,9999.000,9999.000,9999.000,9999.000
202605080948,   1.032,9999.000,9999.000,9999.000,9999.000,9999.000,9999.000,9999.000,9999.000
202605080954,   1.011,9999.000,9999.000,9999.000,9999.000,9999.000,9999.000,9999.000,9999.000
202605081000,   0.989,9999.000,   0.500,   0.227,   1.716,   0.400,   1.616,   0.600,   1.816
202605081006,   0.967,9999.000,9999.000,9999.000,9999.000,9999.000,9999.000,9999.000,9999.000
202605081012,   0.945,9999.000,9999.000,9999.000,9999.000,9999.000,9999.000,9999.000,9999.000
202605081018,   0.923,9999.000,9999.000,9999.000,9999.000,9999.000,9999.000,9999.000,9999.000
202605081024,   0.901,9999.000,9999.000,9999.000,9999.000,9999.000,9999.000,9999.000,9999.000
202605081030,   0.878,9999.000,9999.000,9999.000,9999.000,9999.000,9999.000,9999.000,9999.000
202605081036,   0.856,9999.000,9999.000,9999.000,9999.000,9999.000,9999.000,9999.000,9999.000
202605081042,   0.834,9999.000,9999.000,9999.000,9999.000,9999.000,9999.000,9999.000,9999.000
202605081048,   0.812,9999.000,9999.000,9999.000,9999.000,9999.000,9999.000,9999.000,9999.000
202605081054,   0.791,9999.000,9999.000,9999.000,9999.000,9999.000,9999.000,9999.000,9999.000
202605081100,   0.770,9999.000,   0.500,   0.227,   1.497,   0.400,   1.397,   0.600,   1.597
202605081106,   0.748,9999.000,9999.000,9999.000,9999.000,9999.000,9999.000,9999.000,9999.000
202605081112,   0.728,9999.000,9999.000,9999.000,9999.000,9999.000,9999.000,9999.000,9999.000
202605081118,   0.707,9999.000,9999.000,9999.000,9999.000,9999.000,9999.000,9999.000,9999.000
202605081124,   0.687,9999.000,9999.000,9999.000,9999.000,9999.000,9999.000,9999.000,9999.000
202605081130,   0.667,9999.000,9999.000,9999.000,9999.000,9999.000,9999.000,9999.000,9999.000
202605081136,   0.647,9999.000,9999.000,9999.000,9999.000,9999.000,9999.000,9999.000,9999.000
202605081142,   0.628,9999.000,9999.000,9999.000,9999.000,9999.000,9999.000,9999.000,9999.000
202605081148,   0.609,9999.000,9999.000,9999.000,9999.000,9999.000,9999.000,9999.000,9999.000
202605081154,   0.590,9999.000,9999.000,9999.000,9999.000,9999.000,9999.000,9999.000,9999.000
202605081200,   0.572,9999.000,   0.500,   0.227,   1.299,   0.400,   1.199,   0.600,   1.399
202605081206,   0.554,9999.000,9999.000,9999.000,9999.000,9999.000,9999.000,9999.000,9999.000
202605081212,   0.536,9999.000,9999.000,9999.000,9999.000,9999.000,9999.000,9999.000,9999.000
202605081218,   0.519,9999.000,9999.000,9999.000,9999.000,9999.000,9999.000,9999.000,9999.000
202605081224,   0.502,9999.000,9999.000,9999.000,9999.000,9999.000,9999.000,9999.000,9999.000
202605081230,   0.485,9999.000,9999.000,9999.000,9999.000,9999.000,9999.000,9999.000,9999.000
202605081236,   0.468,9999.000,9999.000,9999.000,9999.000,9999.000,9999.000,9999.000,9999.000
202605081242,   0.452,9999.000,9999.000,9999.000,9999.000,9999.000,9999.000,9999.000,9999.000
202605081248,   0.436,9999.000,9999.000,9999.000,9999.000,9999.000,9999.000,9999.000,9999.000
202605081254,   0.421,9999.000,9999.000,9999.000,9999.000,9999.000,9999.000,9999.000,9999.000
202605081300,   0.406,9999.000,   0.500,   0.227,   1.133,   0.400,   1.033,   0.600,   1.233
202605081306,   0.391,9999.000,9999.000,9999.000,9999.000,9999.000,9999.000,9999.000,9999.000
202605081312,   0.377,9999.000,9999.000,9999.000,9999.000,9999.000,9999.000,9999.000,9999.000
202605081318,   0.363,9999.000,9999.000,9999.000,9999.000,9999.000,9999.000,9999.000,9999.000
202605081324,   0.349,9999.000,9999.000,9999.000,9999.000,9999.000,9999.000,9999.000,9999.000
202605081330,   0.336,9999.000,9999.000,9999.000,9999.000,9999.000,9999.000,9999.000,9999.000
202605081336,   0.324,9999.000,9999.000,9999.000,9999.000,9999.000,9999.000,9999.000,9999.000
202605081342,   0.312,9999.000,9999.000,9999.000,9999.000,9999.000,9999.000,9999.000,9999.000
202605081348,   0.301,9999.000,9999.000,9999.000,9999.000,9999.000,9999.000,9999.000,9999.000
202605081354,   0.290,9999.000,9999.000,9999.000,9999.000,9999.000,9999.000,9999.000,9999.000
202605081400,   0.280,9999.000,   0.500,   0.227,   1.007,   0.400,   0.907,   0.500,   1.007
202605081406,   0.271,9999.000,9999.000,9999.000,9999.000,9999.000,9999.000,9999.000,9999.000
202605081412,   0.263,9999.000,9999.000,9999.000,9999.000,9999.000,9999.000,9999.000,9999.000
202605081418,   0.256,9999.000,9999.000,9999.000,9999.000,9999.000,9999.000,9999.000,9999.000
202605081424,   0.249,9999.000,9999.000,9999.000,9999.000,9999.000,9999.000,9999.000,9999.000
202605081430,   0.244,9999.000,9999.000,9999.000,9999.000,9999.000,9999.000,9999.000,9999.000
202605081436,   0.239,9999.000,9999.000,9999.000,9999.000,9999.000,9999.000,9999.000,9999.000
202605081442,   0.236,9999.000,9999.000,9999.000,9999.000,9999.000,9999.000,9999.000,9999.000
202605081448,   0.234,9999.000,9999.000,9999.000,9999.000,9999.000,9999.000,9999.000,9999.000
202605081454,   0.233,9999.000,9999.000,9999.000,9999.000,9999.000,9999.000,9999.000,9999.000
202605081500,   0.233,9999.000,   0.500,   0.227,   0.960,   0.400,   0.860,   0.600,   1.060
202605081506,   0.234,9999.000,9999.000,9999.000,9999.000,9999.000,9999.000,9999.000,9999.000
202605081512,   0.237,9999.000,9999.000,9999.000,9999.000,9999.000,9999.000,9999.000,9999.000
202605081518,   0.242,9999.000,9999.000,9999.000,9999.000,9999.000,9999.000,9999.000,9999.000
202605081524,   0.247,9999.000,9999.000,9999.000,9999.000,9999.000,9999.000,9999.000,9999.000
202605081530,   0.254,9999.000,9999.000,9999.000,9999.000,9999.000,9999.000,9999.000,9999.000
202605081536,   0.262,9999.000,9999.000,9999.000,9999.000,9999.000,9999.000,9999.000,9999.000
202605081542,   0.272,9999.000,9999.000,9999.000,9999.000,9999.000,9999.000,9999.000,9999.000
202605081548,   0.282,9999.000,9999.000,9999.000,9999.000,9999.000,9999.000,9999.000,9999.000
202605081554,   0.294,9999.000,9999.000,9999.000,9999.000,9999.000,9999.000,9999.000,9999.000
202605081600,   0.307,9999.000,   0.500,   0.227,   1.034,   0.400,   0.934,   0.600,   1.134
202605081606,   0.322,9999.000,9999.000,9999.000,9999.000,9999.000,9999.000,9999.000,9999.000
202605081612,   0.337,9999.000,9999.000,9999.000,9999.000,9999.000,9999.000,9999.000,9999.000
202605081618,   0.353,9999.000,9999.000,9999.000,9999.000,9999.000,9999.000,9999.000,9999.000
202605081624,   0.369,9999.000,9999.000,9999.000,9999.000,9999.000,9999.000,9999.000,9999.000
202605081630,   0.387,9999.000,9999.000,9999.000,9999.000,9999.000,9999.000,9999.000,9999.000
202605081636,   0.405,9999.000,9999.000,9999.000,9999.000,9999.000,9999.000,9999.000,9999.000
202605081642,   0.423,9999.000,9999.000,9999.000,9999.000,9999.000,9999.000,9999.000,9999.000
202605081648,   0.442,9999.000,9999.000,9999.000,9999.000,9999.000,9999.000,9999.000,9999.000
202605081654,   0.462,9999.000,9999.000,9999.000,9999.000,9999.000,9999.000,9999.000,9999.000
202605081700,   0.481,9999.000,   0.500,   0.227,   1.208,   0.400,   1.108,   0.600,   1.308
202605081706,   0.500,9999.000,9999.000,9999.000,9999.000,9999.000,9999.000,9999.000,9999.000
202605081712,   0.520,9999.000,9999.000,9999.000,9999.000,9999.000,9999.000,9999.000,9999.000
202605081718,   0.539,9999.000,9999.000,9999.000,9999.000,9999.000,9999.000,9999.000,9999.000
202605081724,   0.558,9999.000,9999.000,9999.000,9999.000,9999.000,9999.000,9999.000,9999.000
202605081730,   0.577,9999.000,9999.000,9999.000,9999.000,9999.000,9999.000,9999.000,9999.000
202605081736,   0.596,9999.000,9999.000,9999.000,9999.000,9999.000,9999.000,9999.000,9999.000
202605081742,   0.614,9999.000,9999.000,9999.000,9999.000,9999.000,9999.000,9999.000,9999.000
202605081748,   0.632,9999.000,9999.000,9999.000,9999.000,9999.000,9999.000,9999.000,9999.000
202605081754,   0.650,9999.000,9999.000,9999.000,9999.000,9999.000,9999.000,9999.000,9999.000
202605081800,   0.667,9999.000,   0.500,   0.227,   1.394,   0.400,   1.294,   0.600,   1.494
202605081806,   0.684,9999.000,9999.000,9999.000,9999.000,9999.000,9999.000,9999.000,9999.000
202605081812,   0.701,9999.000,9999.000,9999.000,9999.000,9999.000,9999.000,9999.000,9999.000
202605081818,   0.717,9999.000,9999.000,9999.000,9999.000,9999.000,9999.000,9999.000,9999.000
202605081824,   0.732,9999.000,9999.000,9999.000,9999.000,9999.000,9999.000,9999.000,9999.000
202605081830,   0.748,9999.000,9999.000,9999.000,9999.000,9999.000,9999.000,9999.000,9999.000
202605081836,   0.763,9999.000,9999.000,9999.000,9999.000,9999.000,9999.000,9999.000,9999.000
202605081842,   0.778,9999.000,9999.000,9999.000,9999.000,9999.000,9999.000,9999.000,9999.000
202605081848,   0.792,9999.000,9999.000,9999.000,9999.000,9999.000,9999.000,9999.000,9999.000
202605081854,   0.806,9999.000,9999.000,9999.000,9999.000,9999.000,9999.000,9999.000,9999.000
202605081900,   0.819,9999.000,   0.500,   0.227,   1.546,   0.400,   1.446,   0.600,   1.646
202605081906,   0.833,9999.000,9999.000,9999.000,9999.000,9999.000,9999.000,9999.000,9999.000
202605081912,   0.845,9999.000,9999.000,9999.000,9999.000,9999.000,9999.000,9999.000,9999.000
202605081918,   0.858,9999.000,9999.000,9999.000,9999.000,9999.000,9999.000,9999.000,9999.000
202605081924,   0.869,9999.000,9999.000,9999.000,9999.000,9999.000,9999.000,9999.000,9999.000
202605081930,   0.881,9999.000,9999.000,9999.000,9999.000,9999.000,9999.000,9999.000,9999.000
202605081936,   0.891,9999.000,9999.000,9999.000,9999.000,9999.000,9999.000,9999.000,9999.000
202605081942,   0.901,9999.000,9999.000,9999.000,9999.000,9999.000,9999.000,9999.000,9999.000
202605081948,   0.910,9999.000,9999.000,9999.000,9999.000,9999.000,9999.000,9999.000,9999.000
202605081954,   0.919,9999.000,9999.000,9999.000,9999.000,9999.000,9999.000,9999.000,9999.000
202605082000,   0.926,9999.000,   0.500,   0.227,   1.653,   0.400,   1.553,   0.600,   1.753
202605082006,   0.932,9999.000,9999.000,9999.000,9999.000,9999.000,9999.000,9999.000,9999.000
202605082012,   0.938,9999.000,9999.000,9999.000,9999.000,9999.000,9999.000,9999.000,9999.000
202605082018,   0.942,9999.000,9999.000,9999.000,9999.000,9999.000,9999.000,9999.000,9999.000
202605082024,   0.945,9999.000,9999.000,9999.000,9999.000,9999.000,9999.000,9999.000,9999.000
202605082030,   0.947,9999.000,9999.000,9999.000,9999.000,9999.000,9999.000,9999.000,9999.000
202605082036,   0.947,9999.000,9999.000,9999.000,9999.000,9999.000,9999.000,9999.000,9999.000
202605082042,   0.946,9999.000,9999.000,9999.000,9999.000,9999.000,9999.000,9999.000,9999.000
202605082048,   0.944,9999.000,9999.000,9999.000,9999.000,9999.000,9999.000,9999.000,9999.000
202605082054,   0.940,9999.000,9999.000,9999.000,9999.000,9999.000,9999.000,9999.000,9999.000
202605082100,   0.935,9999.000,   0.500,   0.227,   1.662,   0.400,   1.562,   0.600,   1.762
202605082106,   0.928,9999.000,9999.000,9999.000,9999.000,9999.000,9999.000,9999.000,9999.000
202605082112,   0.921,9999.000,9999.000,9999.000,9999.000,9999.000,9999.000,9999.000,9999.000
202605082118,   0.911,9999.000,9999.000,9999.000,9999.000,9999.000,9999.000,9999.000,9999.000
202605082124,   0.901,9999.000,9999.000,9999.000,9999.000,9999.000,9999.000,9999.000,9999.000
202605082130,   0.889,9999.000,9999.000,9999.000,9999.000,9999.000,9999.000,9999.000,9999.000
202605082136,   0.876,9999.000,9999.000,9999.000,9999.000,9999.000,9999.000,9999.000,9999.000
202605082142,   0.863,9999.000,9999.000,9999.000,9999.000,9999.000,9999.000,9999.000,9999.000
202605082148,   0.848,9999.000,9999.000,9999.000,9999.000,9999.000,9999.000,9999.000,9999.000
202605082154,   0.832,9999.000,9999.000,9999.000,9999.000,9999.000,9999.000,9999.000,9999.000
202605082200,   0.815,9999.000,   0.500,   0.227,   1.542,   0.400,   1.442,   0.600,   1.642
202605082206,   0.798,9999.000,9999.000,9999.000,9999.000,9999.000,9999.000,9999.000,9999.000
202605082212,   0.780,9999.000,9999.000,9999.000,9999.000,9999.000,9999.000,9999.000,9999.000
202605082218,   0.762,9999.000,9999.000,9999.000,9999.000,9999.000,9999.000,9999.000,9999.000
202605082224,   0.743,9999.000,9999.000,9999.000,9999.000,9999.000,9999.000,9999.000,9999.000
202605082230,   0.724,9999.000,9999.000,9999.000,9999.000,9999.000,9999.000,9999.000,9999.000
202605082236,   0.705,9999.000,9999.000,9999.000,9999.000,9999.000,9999.000,9999.000,9999.000
202605082242,   0.686,9999.000,9999.000,9999.000,9999.000,9999.000,9999.000,9999.000,9999.000
202605082248,   0.667,9999.000,9999.000,9999.000,9999.000,9999.000,9999.000,9999.000,9999.000
202605082254,   0.647,9999.000,9999.000,9999.000,9999.000,9999.000,9999.000,9999.000,9999.000
202605082300,   0.628,9999.000,   0.500,   0.227,   1.355,   0.400,   1.255,   0.600,   1.455
202605082306,   0.609,9999.000,9999.000,9999.000,9999.000,9999.000,9999.000,9999.000,9999.000
202605082312,   0.591,9999.000,9999.000,9999.000,9999.000,9999.000,9999.000,9999.000,9999.000
202605082318,   0.572,9999.000,9999.000,9999.000,9999.000,9999.000,9999.000,9999.000,9999.000
202605082324,   0.554,9999.000,9999.000,9999.000,9999.000,9999.000,9999.000,9999.000,9999.000
202605082330,   0.536,9999.000,9999.000,9999.000,9999.000,9999.000,9999.000,9999.000,9999.000
202605082336,   0.518,9999.000,9999.000,9999.000,9999.000,9999.000,9999.000,9999.000,9999.000
202605082342,   0.501,9999.000,9999.000,9999.000,9999.000,9999.000,9999.000,9999.000,9999.000
202605082348,   0.485,9999.000,9999.000,9999.000,9999.000,9999.000,9999.000,9999.000,9999.000
202605082354,   0.468,9999.000,9999.000,9999.000,9999.000,9999.000,9999.000,9999.000,9999.000
202605090000,   0.453,9999.000,   0.400,   0.227,   1.080,   0.400,   1.080,   0.500,   1.180
202605090006,   0.437,9999.000,9999.000,9999.000,9999.000,9999.000,9999.000,9999.000,9999.000
202605090012,   0.422,9999.000,9999.000,9999.000,9999.000,9999.000,9999.000,9999.000,9999.000
202605090018,   0.408,9999.000,9999.000,9999.000,9999.000,9999.000,9999.000,9999.000,9999.000
202605090024,   0.394,9999.000,9999.000,9999.000,9999.000,9999.000,9999.000,9999.000,9999.000
202605090030,   0.381,9999.000,9999.000,9999.000,9999.000,9999.000,9999.000,9999.000,9999.000
202605090036,   0.368,9999.000,9999.000,9999.000,9999.000,9999.000,9999.000,9999.000,9999.000
202605090042,   0.356,9999.000,9999.000,9999.000,9999.000,9999.000,9999.000,9999.000,9999.000
202605090048,   0.344,9999.000,9999.000,9999.000,9999.000,9999.000,9999.000,9999.000,9999.000
202605090054,   0.333,9999.000,9999.000,9999.000,9999.000,9999.000,9999.000,9999.000,9999.000
202605090100,   0.322,9999.000,   0.400,   0.227,   0.949,   0.300,   0.849,   0.500,   1.049
202605090106,   0.312,9999.000,9999.000,9999.000,9999.000,9999.000,9999.000,9999.000,9999.000
202605090112,   0.302,9999.000,9999.000,9999.000,9999.000,9999.000,9999.000,9999.000,9999.000
202605090118,   0.293,9999.000,9999.000,9999.000,9999.000,9999.000,9999.000,9999.000,9999.000
202605090124,   0.285,9999.000,9999.000,9999.000,9999.000,9999.000,9999.000,9999.000,9999.000
202605090130,   0.277,9999.000,9999.000,9999.000,9999.000,9999.000,9999.000,9999.000,9999.000
202605090136,   0.270,9999.000,9999.000,9999.000,9999.000,9999.000,9999.000,9999.000,9999.000
202605090142,   0.264,9999.000,9999.000,9999.000,9999.000,9999.000,9999.000,9999.000,9999.000
202605090148,   0.258,9999.000,9999.000,9999.000,9999.000,9999.000,9999.000,9999.000,9999.000
202605090154,   0.253,9999.000,9999.000,9999.000,9999.000,9999.000,9999.000,9999.000,9999.000
202605090200,   0.249,9999.000,   0.400,   0.227,   0.876,   0.300,   0.776,   0.500,   0.976
202605090206,   0.245,9999.000,9999.000,9999.000,9999.000,9999.000,9999.000,9999.000,9999.000
202605090212,   0.243,9999.000,9999.000,9999.000,9999.000,9999.000,9999.000,9999.000,9999.000
202605090218,   0.241,9999.000,9999.000,9999.000,9999.000,9999.000,9999.000,9999.000,9999.000
202605090224,   0.240,9999.000,9999.000,9999.000,9999.000,9999.000,9999.000,9999.000,9999.000
202605090230,   0.240,9999.000,9999.000,9999.000,9999.000,9999.000,9999.000,9999.000,9999.000
202605090236,   0.241,9999.000,9999.000,9999.000,9999.000,9999.000,9999.000,9999.000,9999.000
202605090242,   0.243,9999.000,9999.000,9999.000,9999.000,9999.000,9999.000,9999.000,9999.000
202605090248,   0.246,9999.000,9999.000,9999.000,9999.000,9999.000,9999.000,9999.000,9999.000
202605090254,   0.250,9999.000,9999.000,9999.000,9999.000,9999.000,9999.000,9999.000,9999.000
202605090300,   0.256,9999.000,   0.300,   0.227,   0.783,   0.200,   0.683,   0.500,   0.983
202605090306,   0.262,9999.000,9999.000,9999.000,9999.000,9999.000,9999.000,9999.000,9999.000
202605090312,   0.270,9999.000,9999.000,9999.000,9999.000,9999.000,9999.000,9999.000,9999.000
202605090318,   0.279,9999.000,9999.000,9999.000,9999.000,9999.000,9999.000,9999.000,9999.000
202605090324,   0.289,9999.000,9999.000,9999.000,9999.000,9999.000,9999.000,9999.000,9999.000
202605090330,   0.301,9999.000,9999.000,9999.000,9999.000,9999.000,9999.000,9999.000,9999.000
202605090336,   0.314,9999.000,9999.000,9999.000,9999.000,9999.000,9999.000,9999.000,9999.000
202605090342,   0.328,9999.000,9999.000,9999.000,9999.000,9999.000,9999.000,9999.000,9999.000
202605090348,   0.344,9999.000,9999.000,9999.000,9999.000,9999.000,9999.000,9999.000,9999.000
202605090354,   0.360,9999.000,9999.000,9999.000,9999.000,9999.000,9999.000,9999.000,9999.000
202605090400,   0.378,9999.000,   0.300,   0.227,   0.905,   0.200,   0.805,   0.500,   1.105
202605090406,   0.397,9999.000,9999.000,9999.000,9999.000,9999.000,9999.000,9999.000,9999.000
202605090412,   0.418,9999.000,9999.000,9999.000,9999.000,9999.000,9999.000,9999.000,9999.000
202605090418,   0.439,9999.000,9999.000,9999.000,9999.000,9999.000,9999.000,9999.000,9999.000
202605090424,   0.461,9999.000,9999.000,9999.000,9999.000,9999.000,9999.000,9999.000,9999.000
202605090430,   0.484,9999.000,9999.000,9999.000,9999.000,9999.000,9999.000,9999.000,9999.000
202605090436,   0.508,9999.000,9999.000,9999.000,9999.000,9999.000,9999.000,9999.000,9999.000
202605090442,   0.533,9999.000,9999.000,9999.000,9999.000,9999.000,9999.000,9999.000,9999.000
202605090448,   0.558,9999.000,9999.000,9999.000,9999.000,9999.000,9999.000,9999.000,9999.000
202605090454,   0.584,9999.000,9999.000,9999.000,9999.000,9999.000,9999.000,9999.000,9999.000
202605090500,   0.609,9999.000,   0.300,   0.227,   1.136,   0.200,   1.036,   0.500,   1.336
202605090506,   0.636,9999.000,9999.000,9999.000,9999.000,9999.000,9999.000,9999.000,9999.000
202605090512,   0.662,9999.000,9999.000,9999.000,9999.000,9999.000,9999.000,9999.000,9999.000
202605090518,   0.688,9999.000,9999.000,9999.000,9999.000,9999.000,9999.000,9999.000,9999.000
202605090524,   0.714,9999.000,9999.000,9999.000,9999.000,9999.000,9999.000,9999.000,9999.000
202605090530,   0.739,9999.000,9999.000,9999.000,9999.000,9999.000,9999.000,9999.000,9999.000
202605090536,   0.765,9999.000,9999.000,9999.000,9999.000,9999.000,9999.000,9999.000,9999.000
202605090542,   0.790,9999.000,9999.000,9999.000,9999.000,9999.000,9999.000,9999.000,9999.000
202605090548,   0.814,9999.000,9999.000,9999.000,9999.000,9999.000,9999.000,9999.000,9999.000
202605090554,   0.838,9999.000,9999.000,9999.000,9999.000,9999.000,9999.000,9999.000,9999.000
202605090600,   0.861,9999.000,   0.300,   0.227,   1.388,   0.200,   1.288,   0.500,   1.588
202605090606,   0.883,9999.000,9999.000,9999.000,9999.000,9999.000,9999.000,9999.000,9999.000
202605090612,   0.905,9999.000,9999.000,9999.000,9999.000,9999.000,9999.000,9999.000,9999.000
202605090618,   0.926,9999.000,9999.000,9999.000,9999.000,9999.000,9999.000,9999.000,9999.000
202605090624,   0.946,9999.000,9999.000,9999.000,9999.000,9999.000,9999.000,9999.000,9999.000
202605090630,   0.966,9999.000,9999.000,9999.000,9999.000,9999.000,9999.000,9999.000,9999.000
202605090636,   0.984,9999.000,9999.000,9999.000,9999.000,9999.000,9999.000,9999.000,9999.000
202605090642,   1.002,9999.000,9999.000,9999.000,9999.000,9999.000,9999.000,9999.000,9999.000
202605090648,   1.019,9999.000,9999.000,9999.000,9999.000,9999.000,9999.000,9999.000,9999.000
202605090654,   1.036,9999.000,9999.000,9999.000,9999.000,9999.000,9999.000,9999.000,9999.000
202605090700,   1.052,9999.000,   0.400,   0.227,   1.679,   0.200,   1.479,   0.500,   1.779
202605090706,   1.067,9999.000,9999.000,9999.000,9999.000,9999.000,9999.000,9999.000,9999.000
202605090712,   1.081,9999.000,9999.000,9999.000,9999.000,9999.000,9999.000,9999.000,9999.000
202605090718,   1.095,9999.000,9999.000,9999.000,9999.000,9999.000,9999.000,9999.000,9999.000
202605090724,   1.108,9999.000,9999.000,9999.000,9999.000,9999.000,9999.000,9999.000,9999.000
202605090730,   1.121,9999.000,9999.000,9999.000,9999.000,9999.000,9999.000,9999.000,9999.000
202605090736,   1.132,9999.000,9999.000,9999.000,9999.000,9999.000,9999.000,9999.000,9999.000
202605090742,   1.143,9999.000,9999.000,9999.000,9999.000,9999.000,9999.000,9999.000,9999.000
202605090748,   1.154,9999.000,9999.000,9999.000,9999.000,9999.000,9999.000,9999.000,9999.000
202605090754,   1.163,9999.000,9999.000,9999.000,9999.000,9999.000,9999.000,9999.000,9999.000
202605090800,   1.172,9999.000,   0.400,   0.227,   1.799,   0.200,   1.599,   0.500,   1.899
202605090806,   1.180,9999.000,9999.000,9999.000,9999.000,9999.000,9999.000,9999.000,9999.000
202605090812,   1.187,9999.000,9999.000,9999.000,9999.000,9999.000,9999.000,9999.000,9999.000
202605090818,   1.194,9999.000,9999.000,9999.000,9999.000,9999.000,9999.000,9999.000,9999.000
202605090824,   1.199,9999.000,9999.000,9999.000,9999.000,9999.000,9999.000,9999.000,9999.000
202605090830,   1.203,9999.000,9999.000,9999.000,9999.000,9999.000,9999.000,9999.000,9999.000
202605090836,   1.206,9999.000,9999.000,9999.000,9999.000,9999.000,9999.000,9999.000,9999.000
202605090842,   1.207,9999.000,9999.000,9999.000,9999.000,9999.000,9999.000,9999.000,9999.000
202605090848,   1.208,9999.000,9999.000,9999.000,9999.000,9999.000,9999.000,9999.000,9999.000
202605090854,   1.207,9999.000,9999.000,9999.000,9999.000,9999.000,9999.000,9999.000,9999.000
202605090900,   1.205,9999.000,   0.400,   0.227,   1.832,   0.200,   1.632,   0.500,   1.932
202605090906,   1.202,9999.000,9999.000,9999.000,9999.000,9999.000,9999.000,9999.000,9999.000
202605090912,   1.197,9999.000,9999.000,9999.000,9999.000,9999.000,9999.000,9999.000,9999.000
202605090918,   1.191,9999.000,9999.000,9999.000,9999.000,9999.000,9999.000,9999.000,9999.000
202605090924,   1.183,9999.000,9999.000,9999.000,9999.000,9999.000,9999.000,9999.000,9999.000
202605090930,   1.174,9999.000,9999.000,9999.000,9999.000,9999.000,9999.000,9999.000,9999.000
202605090936,   1.164,9999.000,9999.000,9999.000,9999.000,9999.000,9999.000,9999.000,9999.000
202605090942,   1.152,9999.000,9999.000,9999.000,9999.000,9999.000,9999.000,9999.000,9999.000
202605090948,   1.140,9999.000,9999.000,9999.000,9999.000,9999.000,9999.000,9999.000,9999.000
202605090954,   1.126,9999.000,9999.000,9999.000,9999.000,9999.000,9999.000,9999.000,9999.000
202605091000,   1.111,9999.000,   0.400,   0.227,   1.738,   0.200,   1.538,   0.500,   1.838
202605091006,   1.095,9999.000,9999.000,9999.000,9999.000,9999.000,9999.000,9999.000,9999.000
202605091012,   1.078,9999.000,9999.000,9999.000,9999.000,9999.000,9999.000,9999.000,9999.000
202605091018,   1.060,9999.000,9999.000,9999.000,9999.000,9999.000,9999.000,9999.000,9999.000
202605091024,   1.041,9999.000,9999.000,9999.000,9999.000,9999.000,9999.000,9999.000,9999.000
202605091030,   1.022,9999.000,9999.000,9999.000,9999.000,9999.000,9999.000,9999.000,9999.000
202605091036,   1.003,9999.000,9999.000,9999.000,9999.000,9999.000,9999.000,9999.000,9999.000
202605091042,   0.982,9999.000,9999.000,9999.000,9999.000,9999.000,9999.000,9999.000,9999.000
202605091048,   0.962,9999.000,9999.000,9999.000,9999.000,9999.000,9999.000,9999.000,9999.000
202605091054,   0.941,9999.000,9999.000,9999.000,9999.000,9999.000,9999.000,9999.000,9999.000
202605091100,   0.920,9999.000,   0.400,   0.227,   1.547,   0.200,   1.347,   0.500,   1.647
202605091106,   0.899,9999.000,9999.000,9999.000,9999.000,9999.000,9999.000,9999.000,9999.000
202605091112,   0.878,9999.000,9999.000,9999.000,9999.000,9999.000,9999.000,9999.000,9999.000
202605091118,   0.857,9999.000,9999.000,9999.000,9999.000,9999.000,9999.000,9999.000,9999.000
202605091124,   0.836,9999.000,9999.000,9999.000,9999.000,9999.000,9999.000,9999.000,9999.000
202605091130,   0.815,9999.000,9999.000,9999.000,9999.000,9999.000,9999.000,9999.000,9999.000
202605091136,   0.794,9999.000,9999.000,9999.000,9999.000,9999.000,9999.000,9999.000,9999.000
202605091142,   0.773,9999.000,9999.000,9999.000,9999.000,9999.000,9999.000,9999.000,9999.000
202605091148,   0.753,9999.000,9999.000,9999.000,9999.000,9999.000,9999.000,9999.000,9999.000
202605091154,   0.733,9999.000,9999.000,9999.000,9999.000,9999.000,9999.000,9999.000,9999.000
202605091200,   0.713,9999.000,   0.400,   0.227,   1.340,   0.200,   1.140,   0.500,   1.440
202605091206,   0.694,9999.000,9999.000,9999.000,9999.000,9999.000,9999.000,9999.000,9999.000
202605091212,   0.674,9999.000,9999.000,9999.000,9999.000,9999.000,9999.000,9999.000,9999.000
202605091218,   0.655,9999.000,9999.000,9999.000,9999.000,9999.000,9999.000,9999.000,9999.000
202605091224,   0.637,9999.000,9999.000,9999.000,9999.000,9999.000,9999.000,9999.000,9999.000
202605091230,   0.618,9999.000,9999.000,9999.000,9999.000,9999.000,9999.000,9999.000,9999.000
202605091236,   0.600,9999.000,9999.000,9999.000,9999.000,9999.000,9999.000,9999.000,9999.000
202605091242,   0.582,9999.000,9999.000,9999.000,9999.000,9999.000,9999.000,9999.000,9999.000
202605091248,   0.565,9999.000,9999.000,9999.000,9999.000,9999.000,9999.000,9999.000,9999.000
202605091254,   0.548,9999.000,9999.000,9999.000,9999.000,9999.000,9999.000,9999.000,9999.000
202605091300,   0.531,9999.000,   0.400,   0.227,   1.158,   0.200,   0.958,   0.500,   1.258
202605091306,   0.514,9999.000,9999.000,9999.000,9999.000,9999.000,9999.000,9999.000,9999.000
202605091312,   0.498,9999.000,9999.000,9999.000,9999.000,9999.000,9999.000,9999.000,9999.000
202605091318,   0.482,9999.000,9999.000,9999.000,9999.000,9999.000,9999.000,9999.000,9999.000
202605091324,   0.466,9999.000,9999.000,9999.000,9999.000,9999.000,9999.000,9999.000,9999.000
202605091330,   0.450,9999.000,9999.000,9999.000,9999.000,9999.000,9999.000,9999.000,9999.000
202605091336,   0.435,9999.000,9999.000,9999.000,9999.000,9999.000,9999.000,9999.000,9999.000
202605091342,   0.420,9999.000,9999.000,9999.000,9999.000,9999.000,9999.000,9999.000,9999.000
202605091348,   0.406,9999.000,9999.000,9999.000,9999.000,9999.000,9999.000,9999.000,9999.000
202605091354,   0.391,9999.000,9999.000,9999.000,9999.000,9999.000,9999.000,9999.000,9999.000
202605091400,   0.378,9999.000,   0.400,   0.227,   1.005,   0.200,   0.805,   0.500,   1.105
202605091406,   0.364,9999.000,9999.000,9999.000,9999.000,9999.000,9999.000,9999.000,9999.000
202605091412,   0.351,9999.000,9999.000,9999.000,9999.000,9999.000,9999.000,9999.000,9999.000
202605091418,   0.339,9999.000,9999.000,9999.000,9999.000,9999.000,9999.000,9999.000,9999.000
202605091424,   0.327,9999.000,9999.000,9999.000,9999.000,9999.000,9999.000,9999.000,9999.000
202605091430,   0.315,9999.000,9999.000,9999.000,9999.000,9999.000,9999.000,9999.000,9999.000
202605091436,   0.304,9999.000,9999.000,9999.000,9999.000,9999.000,9999.000,9999.000,9999.000
202605091442,   0.294,9999.000,9999.000,9999.000,9999.000,9999.000,9999.000,9999.000,9999.000
202605091448,   0.284,9999.000,9999.000,9999.000,9999.000,9999.000,9999.000,9999.000,9999.000
202605091454,   0.275,9999.000,9999.000,9999.000,9999.000,9999.000,9999.000,9999.000,9999.000
202605091500,   0.267,9999.000,   0.400,   0.227,   0.894,   0.200,   0.694,   0.500,   0.994
202605091506,   0.260,9999.000,9999.000,9999.000,9999.000,9999.000,9999.000,9999.000,9999.000
202605091512,   0.253,9999.000,9999.000,9999.000,9999.000,9999.000,9999.000,9999.000,9999.000
202605091518,   0.248,9999.000,9999.000,9999.000,9999.000,9999.000,9999.000,9999.000,9999.000
202605091524,   0.244,9999.000,9999.000,9999.000,9999.000,9999.000,9999.000,9999.000,9999.000
202605091530,   0.240,9999.000,9999.000,9999.000,9999.000,9999.000,9999.000,9999.000,9999.000
202605091536,   0.238,9999.000,9999.000,9999.000,9999.000,9999.000,9999.000,9999.000,9999.000
202605091542,   0.237,9999.000,9999.000,9999.000,9999.000,9999.000,9999.000,9999.000,9999.000
202605091548,   0.237,9999.000,9999.000,9999.000,9999.000,9999.000,9999.000,9999.000,9999.000
202605091554,   0.239,9999.000,9999.000,9999.000,9999.000,9999.000,9999.000,9999.000,9999.000
202605091600,   0.241,9999.000,   0.400,   0.227,   0.868,   0.300,   0.768,   0.600,   1.068
202605091606,   0.245,9999.000,9999.000,9999.000,9999.000,9999.000,9999.000,9999.000,9999.000
202605091612,   0.251,9999.000,9999.000,9999.000,9999.000,9999.000,9999.000,9999.000,9999.000
202605091618,   0.257,9999.000,9999.000,9999.000,9999.000,9999.000,9999.000,9999.000,9999.000
202605091624,   0.265,9999.000,9999.000,9999.000,9999.000,9999.000,9999.000,9999.000,9999.000
202605091630,   0.275,9999.000,9999.000,9999.000,9999.000,9999.000,9999.000,9999.000,9999.000
202605091636,   0.285,9999.000,9999.000,9999.000,9999.000,9999.000,9999.000,9999.000,9999.000
202605091642,   0.297,9999.000,9999.000,9999.000,9999.000,9999.000,9999.000,9999.000,9999.000
202605091648,   0.310,9999.000,9999.000,9999.000,9999.000,9999.000,9999.000,9999.000,9999.000
202605091654,   0.324,9999.000,9999.000,9999.000,9999.000,9999.000,9999.000,9999.000,9999.000
202605091700,   0.339,9999.000,   0.400,   0.227,   0.966,   0.200,   0.766,   0.600,   1.166
202605091706,   0.355,9999.000,9999.000,9999.000,9999.000,9999.000,9999.000,9999.000,9999.000
202605091712,   0.372,9999.000,9999.000,9999.000,9999.000,9999.000,9999.000,9999.000,9999.000
202605091718,   0.389,9999.000,9999.000,9999.000,9999.000,9999.000,9999.000,9999.000,9999.000
202605091724,   0.407,9999.000,9999.000,9999.000,9999.000,9999.000,9999.000,9999.000,9999.000
202605091730,   0.426,9999.000,9999.000,9999.000,9999.000,9999.000,9999.000,9999.000,9999.000
202605091736,   0.445,9999.000,9999.000,9999.000,9999.000,9999.000,9999.000,9999.000,9999.000
202605091742,   0.464,9999.000,9999.000,9999.000,9999.000,9999.000,9999.000,9999.000,9999.000
202605091748,   0.484,9999.000,9999.000,9999.000,9999.000,9999.000,9999.000,9999.000,9999.000
202605091754,   0.504,9999.000,9999.000,9999.000,9999.000,9999.000,9999.000,9999.000,9999.000
202605091800,   0.523,9999.000,   0.400,   0.227,   1.150,   0.200,   0.950,   0.600,   1.350
202605091806,   0.543,9999.000,9999.000,9999.000,9999.000,9999.000,9999.000,9999.000,9999.000
202605091812,   0.562,9999.000,9999.000,9999.000,9999.000,9999.000,9999.000,9999.000,9999.000
202605091818,   0.582,9999.000,9999.000,9999.000,9999.000,9999.000,9999.000,9999.000,9999.000
202605091824,   0.601,9999.000,9999.000,9999.000,9999.000,9999.000,9999.000,9999.000,9999.000
202605091830,   0.619,9999.000,9999.000,9999.000,9999.000,9999.000,9999.000,9999.000,9999.000
202605091836,   0.638,9999.000,9999.000,9999.000,9999.000,9999.000,9999.000,9999.000,9999.000
202605091842,   0.656,9999.000,9999.000,9999.000,9999.000,9999.000,9999.000,9999.000,9999.000
202605091848,   0.673,9999.000,9999.000,9999.000,9999.000,9999.000,9999.000,9999.000,9999.000
202605091854,   0.691,9999.000,9999.000,9999.000,9999.000,9999.000,9999.000,9999.000,9999.000
202605091900,   0.707,9999.000,   0.400,   0.227,   1.334,   0.300,   1.234,   0.600,   1.534
202605091906,   0.724,9999.000,9999.000,9999.000,9999.000,9999.000,9999.000,9999.000,9999.000
202605091912,   0.740,9999.000,9999.000,9999.000,9999.000,9999.000,9999.000,9999.000,9999.000
202605091918,   0.756,9999.000,9999.000,9999.000,9999.000,9999.000,9999.000,9999.000,9999.000
202605091924,   0.771,9999.000,9999.000,9999.000,9999.000,9999.000,9999.000,9999.000,9999.000
202605091930,   0.787,9999.000,9999.000,9999.000,9999.000,9999.000,9999.000,9999.000,9999.000
202605091936,   0.801,9999.000,9999.000,9999.000,9999.000,9999.000,9999.000,9999.000,9999.000
202605091942,   0.816,9999.000,9999.000,9999.000,9999.000,9999.000,9999.000,9999.000,9999.000
202605091948,   0.830,9999.000,9999.000,9999.000,9999.000,9999.000,9999.000,9999.000,9999.000
202605091954,   0.844,9999.000,9999.000,9999.000,9999.000,9999.000,9999.000,9999.000,9999.000
202605092000,   0.857,9999.000,   0.400,   0.227,   1.484,   0.100,   1.184,   0.500,   1.584
202605092006,   0.870,9999.000,9999.000,9999.000,9999.000,9999.000,9999.000,9999.000,9999.000
202605092012,   0.882,9999.000,9999.000,9999.000,9999.000,9999.000,9999.000,9999.000,9999.000
202605092018,   0.894,9999.000,9999.000,9999.000,9999.000,9999.000,9999.000,9999.000,9999.000
202605092024,   0.906,9999.000,9999.000,9999.000,9999.000,9999.000,9999.000,9999.000,9999.000
202605092030,   0.917,9999.000,9999.000,9999.000,9999.000,9999.000,9999.000,9999.000,9999.000
202605092036,   0.927,9999.000,9999.000,9999.000,9999.000,9999.000,9999.000,9999.000,9999.000
202605092042,   0.936,9999.000,9999.000,9999.000,9999.000,9999.000,9999.000,9999.000,9999.000
202605092048,   0.945,9999.000,9999.000,9999.000,9999.000,9999.000,9999.000,9999.000,9999.000
202605092054,   0.952,9999.000,9999.000,9999.000,9999.000,9999.000,9999.000,9999.000,9999.000
202605092100,   0.959,9999.000,   0.400,   0.227,   1.586,   0.100,   1.286,   0.600,   1.786
202605092106,   0.964,9999.000,9999.000,9999.000,9999.000,9999.000,9999.000,9999.000,9999.000
202605092112,   0.969,9999.000,9999.000,9999.000,9999.000,9999.000,9999.000,9999.000,9999.000
202605092118,   0.972,9999.000,9999.000,9999.000,9999.000,9999.000,9999.000,9999.000,9999.000
202605092124,   0.974,9999.000,9999.000,9999.000,9999.000,9999.000,9999.000,9999.000,9999.000
202605092130,   0.975,9999.000,9999.000,9999.000,9999.000,9999.000,9999.000,9999.000,9999.000
202605092136,   0.974,9999.000,9999.000,9999.000,9999.000,9999.000,9999.000,9999.000,9999.000
202605092142,   0.972,9999.000,9999.000,9999.000,9999.000,9999.000,9999.000,9999.000,9999.000
202605092148,   0.968,9999.000,9999.000,9999.000,9999.000,9999.000,9999.000,9999.000,9999.000
202605092154,   0.963,9999.000,9999.000,9999.000,9999.000,9999.000,9999.000,9999.000,9999.000
202605092200,   0.957,9999.000,   0.400,   0.227,   1.584,   0.100,   1.284,   0.500,   1.684
202605092206,   0.950,9999.000,9999.000,9999.000,9999.000,9999.000,9999.000,9999.000,9999.000
202605092212,   0.941,9999.000,9999.000,9999.000,9999.000,9999.000,9999.000,9999.000,9999.000
202605092218,   0.931,9999.000,9999.000,9999.000,9999.000,9999.000,9999.000,9999.000,9999.000
202605092224,   0.920,9999.000,9999.000,9999.000,9999.000,9999.000,9999.000,9999.000,9999.000
202605092230,   0.907,9999.000,9999.000,9999.000,9999.000,9999.000,9999.000,9999.000,9999.000
202605092236,   0.894,9999.000,9999.000,9999.000,9999.000,9999.000,9999.000,9999.000,9999.000
202605092242,   0.880,9999.000,9999.000,9999.000,9999.000,9999.000,9999.000,9999.000,9999.000
202605092248,   0.865,9999.000,9999.000,9999.000,9999.000,9999.000,9999.000,9999.000,9999.000
202605092254,   0.849,9999.000,9999.000,9999.000,9999.000,9999.000,9999.000,9999.000,9999.000
202605092300,   0.832,9999.000,   0.400,   0.227,   1.459,   0.200,   1.259,   0.600,   1.659
202605092306,   0.815,9999.000,9999.000,9999.000,9999.000,9999.000,9999.000,9999.000,9999.000
202605092312,   0.798,9999.000,9999.000,9999.000,9999.000,9999.000,9999.000,9999.000,9999.000
202605092318,   0.780,9999.000,9999.000,9999.000,9999.000,9999.000,9999.000,9999.000,9999.000
202605092324,   0.762,9999.000,9999.000,9999.000,9999.000,9999.000,9999.000,9999.000,9999.000
202605092330,   0.743,9999.000,9999.000,9999.000,9999.000,9999.000,9999.000,9999.000,9999.000
202605092336,   0.725,9999.000,9999.000,9999.000,9999.000,9999.000,9999.000,9999.000,9999.000
202605092342,   0.706,9999.000,9999.000,9999.000,9999.000,9999.000,9999.000,9999.000,9999.000
202605092348,   0.688,9999.000,9999.000,9999.000,9999.000,9999.000,9999.000,9999.000,9999.000
202605092354,   0.669,9999.000,9999.000,9999.000,9999.000,9999.000,9999.000,9999.000,9999.000
202605100000,   0.651,9999.000,   0.300,   0.227,   1.178,   0.100,   0.978,   0.500,   1.378
202605100006,   0.633,9999.000,9999.000,9999.000,9999.000,9999.000,9999.000,9999.000,9999.000
202605100012,   0.615,9999.000,9999.000,9999.000,9999.000,9999.000,9999.000,9999.000,9999.000
202605100018,   0.597,9999.000,9999.000,9999.000,9999.000,9999.000,9999.000,9999.000,9999.000
202605100024,   0.580,9999.000,9999.000,9999.000,9999.000,9999.000,9999.000,9999.000,9999.000
202605100030,   0.562,9999.000,9999.000,9999.000,9999.000,9999.000,9999.000,9999.000,9999.000
202605100036,   0.546,9999.000,9999.000,9999.000,9999.000,9999.000,9999.000,9999.000,9999.000
202605100042,   0.529,9999.000,9999.000,9999.000,9999.000,9999.000,9999.000,9999.000,9999.000
202605100048,   0.513,9999.000,9999.000,9999.000,9999.000,9999.000,9999.000,9999.000,9999.000
202605100054,   0.497,9999.000,9999.000,9999.000,9999.000,9999.000,9999.000,9999.000,9999.000
202605100100,   0.482,9999.000,   0.300,   0.227,   1.009,   0.100,   0.809,   0.500,   1.209
202605100106,   0.467,9999.000,9999.000,9999.000,9999.000,9999.000,9999.000,9999.000,9999.000
202605100112,   0.452,9999.000,9999.000,9999.000,9999.000,9999.000,9999.000,9999.000,9999.000
202605100118,   0.438,9999.000,9999.000,9999.000,9999.000,9999.000,9999.000,9999.000,9999.000
202605100124,   0.424,9999.000,9999.000,9999.000,9999.000,9999.000,9999.000,9999.000,9999.000
202605100130,   0.411,9999.000,9999.000,9999.000,9999.000,9999.000,9999.000,9999.000,9999.000
202605100136,   0.398,9999.000,9999.000,9999.000,9999.000,9999.000,9999.000,9999.000,9999.000
202605100142,   0.386,9999.000,9999.000,9999.000,9999.000,9999.000,9999.000,9999.000,9999.000
202605100148,   0.374,9999.000,9999.000,9999.000,9999.000,9999.000,9999.000,9999.000,9999.000
202605100154,   0.362,9999.000,9999.000,9999.000,9999.000,9999.000,9999.000,9999.000,9999.000
202605100200,   0.351,9999.000,   0.300,   0.227,   0.878,   0.100,   0.678,   0.500,   1.078
202605100206,   0.340,9999.000,9999.000,9999.000,9999.000,9999.000,9999.000,9999.000,9999.000
202605100212,   0.330,9999.000,9999.000,9999.000,9999.000,9999.000,9999.000,9999.000,9999.000
202605100218,   0.321,9999.000,9999.000,9999.000,9999.000,9999.000,9999.000,9999.000,9999.000
202605100224,   0.312,9999.000,9999.000,9999.000,9999.000,9999.000,9999.000,9999.000,9999.000
202605100230,   0.304,9999.000,9999.000,9999.000,9999.000,9999.000,9999.000,9999.000,9999.000
202605100236,   0.296,9999.000,9999.000,9999.000,9999.000,9999.000,9999.000,9999.000,9999.000
202605100242,   0.289,9999.000,9999.000,9999.000,9999.000,9999.000,9999.000,9999.000,9999.000
202605100248,   0.283,9999.000,9999.000,9999.000,9999.000,9999.000,9999.000,9999.000,9999.000
202605100254,   0.277,9999.000,9999.000,9999.000,9999.000,9999.000,9999.000,9999.000,9999.000
202605100300,   0.272,9999.000,   0.300,   0.227,   0.799,   0.100,   0.599,   0.400,   0.899
202605100306,   0.268,9999.000,9999.000,9999.000,9999.000,9999.000,9999.000,9999.000,9999.000
202605100312,   0.265,9999.000,9999.000,9999.000,9999.000,9999.000,9999.000,9999.000,9999.000
202605100318,   0.262,9999.000,9999.000,9999.000,9999.000,9999.000,9999.000,9999.000,9999.000
202605100324,   0.261,9999.000,9999.000,9999.000,9999.000,9999.000,9999.000,9999.000,9999.000
202605100330,   0.260,9999.000,9999.000,9999.000,9999.000,9999.000,9999.000,9999.000,9999.000
202605100336,   0.261,9999.000,9999.000,9999.000,9999.000,9999.000,9999.000,9999.000,9999.000
202605100342,   0.262,9999.000,9999.000,9999.000,9999.000,9999.000,9999.000,9999.000,9999.000
202605100348,   0.265,9999.000,9999.000,9999.000,9999.000,9999.000,9999.000,9999.000,9999.000
202605100354,   0.269,9999.000,9999.000,9999.000,9999.000,9999.000,9999.000,9999.000,9999.000
202605100400,   0.274,9999.000,   0.300,   0.227,   0.801,   0.100,   0.601,   0.400,   0.901
202605100406,   0.280,9999.000,9999.000,9999.000,9999.000,9999.000,9999.000,9999.000,9999.000
202605100412,   0.288,9999.000,9999.000,9999.000,9999.000,9999.000,9999.000,9999.000,9999.000
202605100418,   0.297,9999.000,9999.000,9999.000,9999.000,9999.000,9999.000,9999.000,9999.000
202605100424,   0.307,9999.000,9999.000,9999.000,9999.000,9999.000,9999.000,9999.000,9999.000
202605100430,   0.318,9999.000,9999.000,9999.000,9999.000,9999.000,9999.000,9999.000,9999.000
202605100436,   0.331,9999.000,9999.000,9999.000,9999.000,9999.000,9999.000,9999.000,9999.000
202605100442,   0.345,9999.000,9999.000,9999.000,9999.000,9999.000,9999.000,9999.000,9999.000
202605100448,   0.360,9999.000,9999.000,9999.000,9999.000,9999.000,9999.000,9999.000,9999.000
202605100454,   0.377,9999.000,9999.000,9999.000,9999.000,9999.000,9999.000,9999.000,9999.000
202605100500,   0.395,9999.000,   0.300,   0.227,   0.922,   0.100,   0.722,   0.400,   1.022
202605100506,   0.413,9999.000,9999.000,9999.000,9999.000,9999.000,9999.000,9999.000,9999.000
202605100512,   0.433,9999.000,9999.000,9999.000,9999.000,9999.000,9999.000,9999.000,9999.000
202605100518,   0.454,9999.000,9999.000,9999.000,9999.000,9999.000,9999.000,9999.000,9999.000
202605100524,   0.476,9999.000,9999.000,9999.000,9999.000,9999.000,9999.000,9999.000,9999.000
202605100530,   0.498,9999.000,9999.000,9999.000,9999.000,9999.000,9999.000,9999.000,9999.000
202605100536,   0.521,9999.000,9999.000,9999.000,9999.000,9999.000,9999.000,9999.000,9999.000
202605100542,   0.544,9999.000,9999.000,9999.000,9999.000,9999.000,9999.000,9999.000,9999.000
202605100548,   0.568,9999.000,9999.000,9999.000,9999.000,9999.000,9999.000,9999.000,9999.000
202605100554,   0.593,9999.000,9999.000,9999.000,9999.000,9999.000,9999.000,9999.000,9999.000
202605100600,   0.617,9999.000,   0.300,   0.227,   1.144,   0.100,   0.944,   0.500,   1.344
