        TIME,    TIDE,      OB,   SURGE,    BIAS,     TWL,SURGE90p,  TWL90p,SURGE10p,   TWL10p
202604030600,   1.524,   1.899,   0.700,  -0.325,   1.899,   0.600,   1.799,   0.800,   1.999
202604030606,   1.395,9999.000,9999.000,9999.000,9999.000,9999.000,9999.000,9999.000,9999.000
202604030612,   1.268,   1.699,9999.000,9999.000,9999.000,9999.000,9999.000,9999.000,9999.000
202604030618,   1.144,9999.000,9999.000,9999.000,9999.000,9999.000,9999.000,9999.000,9999.000
202604030624,   1.023,   1.439,9999.000,9999.000,9999.000,9999.000,9999.000,9999.000,9999.000
202604030630,   0.905,9999.000,9999.000,9999.000,9999.000,9999.000,9999.000,9999.000,9999.000
202604030636,   0.790,   1.249,9999.000,9999.000,9999.000,9999.000,9999.000,9999.000,9999.000
202604030642,   0.679,9999.000,9999.000,9999.000,9999.000,9999.000,9999.000,9999.000,9999.000
202604030648,   0.572,   1.049,9999.000,9999.000,9999.000,9999.000,9999.000,9999.000,9999.000
202604030654,   0.469,9999.000,9999.000,9999.000,9999.000,9999.000,9999.000,9999.000,9999.000
202604030700,   0.371,   0.859,   0.700,  -0.212,   0.859,   0.600,   0.759,   0.800,   0.959
202604030706,   0.278,   0.770,9999.000,9999.000,9999.000,9999.000,9999.000,9999.000,9999.000
202604030712,   0.191,   0.698,9999.000,9999.000,9999.000,9999.000,9999.000,9999.000,9999.000
202604030718,   0.109,   0.639,9999.000,9999.000,9999.000,9999.000,9999.000,9999.000,9999.000
202604030724,   0.034,   0.560,9999.000,9999.000,9999.000,9999.000,9999.000,9999.000,9999.000
202604030730,  -0.034,   0.508,9999.000,9999.000,9999.000,9999.000,9999.000,9999.000,9999.000
202604030736,  -0.096,   0.439,9999.000,9999.000,9999.000,9999.000,9999.000,9999.000,9999.000
202604030742,  -0.150,   0.400,9999.000,9999.000,9999.000,9999.000,9999.000,9999.000,9999.000
202604030748,  -0.196,   0.341,9999.000,9999.000,9999.000,9999.000,9999.000,9999.000,9999.000
202604030754,  -0.235,   0.308,9999.000,9999.000,9999.000,9999.000,9999.000,9999.000,9999.000
202604030800,  -0.265,   0.259,   0.700,  -0.176,   0.259,   0.600,   0.159,   0.700,   0.259
202604030806,  -0.286,   0.249,9999.000,9999.000,9999.000,9999.000,9999.000,9999.000,9999.000
202604030812,  -0.298,   0.268,9999.000,9999.000,9999.000,9999.000,9999.000,9999.000,9999.000
202604030818,  -0.301,   0.259,9999.000,9999.000,9999.000,9999.000,9999.000,9999.000,9999.000
202604030824,  -0.294,   0.278,9999.000,9999.000,9999.000,9999.000,9999.000,9999.000,9999.000
202604030830,  -0.278,   0.341,9999.000,9999.000,9999.000,9999.000,9999.000,9999.000,9999.000
202604030836,  -0.252,   0.429,9999.000,9999.000,9999.000,9999.000,9999.000,9999.000,9999.000
202604030842,  -0.216,   0.541,9999.000,9999.000,9999.000,9999.000,9999.000,9999.000,9999.000
202604030848,  -0.171,   0.629,9999.000,9999.000,9999.000,9999.000,9999.000,9999.000,9999.000
202604030854,  -0.116,   0.760,9999.000,9999.000,9999.000,9999.000,9999.000,9999.000,9999.000
202604030900,  -0.052,   0.879,   0.600,   0.331,   0.879,   0.600,   0.879,   0.700,   0.979
202604030906,   0.021,   0.990,9999.000,9999.000,9999.000,9999.000,9999.000,9999.000,9999.000
202604030912,   0.103,   1.118,9999.000,9999.000,9999.000,9999.000,9999.000,9999.000,9999.000
202604030918,   0.194,   1.259,9999.000,9999.000,9999.000,9999.000,9999.000,9999.000,9999.000
202604030924,   0.293,   1.380,9999.000,9999.000,9999.000,9999.000,9999.000,9999.000,9999.000
202604030930,   0.401,   1.538,9999.000,9999.000,9999.000,9999.000,9999.000,9999.000,9999.000
202604030936,   0.515,   1.669,9999.000,9999.000,9999.000,9999.000,9999.000,9999.000,9999.000
202604030942,   0.637,   1.810,9999.000,9999.000,9999.000,9999.000,9999.000,9999.000,9999.000
202604030948,   0.764,   1.967,9999.000,9999.000,9999.000,9999.000,9999.000,9999.000,9999.000
202604030954,   0.897,   2.128,9999.000,9999.000,9999.000,9999.000,9999.000,9999.000,9999.000
202604031000,   1.036,   2.279,   0.600,   0.643,   2.279,   0.600,   2.279,   0.700,   2.379
202604031006,   1.178,   2.469,9999.000,9999.000,9999.000,9999.000,9999.000,9999.000,9999.000
202604031012,   1.325,   2.620,9999.000,9999.000,9999.000,9999.000,9999.000,9999.000,9999.000
202604031018,   1.475,   2.797,9999.000,9999.000,9999.000,9999.000,9999.000,9999.000,9999.000
202604031024,   1.627,   2.929,9999.000,9999.000,9999.000,9999.000,9999.000,9999.000,9999.000
202604031030,   1.781,   3.079,9999.000,9999.000,9999.000,9999.000,9999.000,9999.000,9999.000
202604031036,   1.937,   3.250,9999.000,9999.000,9999.000,9999.000,9999.000,9999.000,9999.000
202604031042,   2.093,   3.398,9999.000,9999.000,9999.000,9999.000,9999.000,9999.000,9999.000
202604031048,   2.249,   3.529,9999.000,9999.000,9999.000,9999.000,9999.000,9999.000,9999.000
202604031054,   2.406,   3.617,9999.000,9999.000,9999.000,9999.000,9999.000,9999.000,9999.000
202604031100,   2.561,   3.749,   0.600,   0.588,   3.749,   0.500,   3.649,   0.700,   3.849
202604031106,   2.715,   3.880,9999.000,9999.000,9999.000,9999.000,9999.000,9999.000,9999.000
202604031112,   2.868,   4.008,9999.000,9999.000,9999.000,9999.000,9999.000,9999.000,9999.000
202604031118,   3.019,   4.129,9999.000,9999.000,9999.000,9999.000,9999.000,9999.000,9999.000
202604031124,   3.167,   4.237,9999.000,9999.000,9999.000,9999.000,9999.000,9999.000,9999.000
202604031130,   3.313,   4.359,9999.000,9999.000,9999.000,9999.000,9999.000,9999.000,9999.000
202604031136,   3.456,   4.480,9999.000,9999.000,9999.000,9999.000,9999.000,9999.000,9999.000
202604031142,   3.596,   4.598,9999.000,9999.000,9999.000,9999.000,9999.000,9999.000,9999.000
202604031148,   3.732,   4.719,9999.000,9999.000,9999.000,9999.000,9999.000,9999.000,9999.000
202604031154,   3.865,   4.808,9999.000,9999.000,9999.000,9999.000,9999.000,9999.000,9999.000
202604031200,   3.993,   4.929,   0.500,   0.436,   4.929,   0.500,   4.929,   0.600,   5.029
202604031206,   4.118,   5.047,9999.000,9999.000,9999.000,9999.000,9999.000,9999.000,9999.000
202604031212,   4.238,   5.120,9999.000,9999.000,9999.000,9999.000,9999.000,9999.000,9999.000
202604031218,   4.354,   5.287,9999.000,9999.000,9999.000,9999.000,9999.000,9999.000,9999.000
202604031224,   4.465,   5.369,9999.000,9999.000,9999.000,9999.000,9999.000,9999.000,9999.000
202604031230,   4.572,   5.457,9999.000,9999.000,9999.000,9999.000,9999.000,9999.000,9999.000
202604031236,   4.673,   5.539,9999.000,9999.000,9999.000,9999.000,9999.000,9999.000,9999.000
202604031242,   4.769,   5.569,9999.000,9999.000,9999.000,9999.000,9999.000,9999.000,9999.000
202604031248,   4.859,   5.638,9999.000,9999.000,9999.000,9999.000,9999.000,9999.000,9999.000
202604031254,   4.943,   5.687,9999.000,9999.000,9999.000,9999.000,9999.000,9999.000,9999.000
202604031300,   5.022,   5.717,   0.500,   0.195,   5.717,   0.500,   5.717,   0.500,   5.717
202604031306,   5.094,   5.749,9999.000,9999.000,9999.000,9999.000,9999.000,9999.000,9999.000
202604031312,   5.160,   5.789,9999.000,9999.000,9999.000,9999.000,9999.000,9999.000,9999.000
202604031318,   5.219,   5.838,9999.000,9999.000,9999.000,9999.000,9999.000,9999.000,9999.000
202604031324,   5.271,   5.887,9999.000,9999.000,9999.000,9999.000,9999.000,9999.000,9999.000
202604031330,   5.316,   5.926,9999.000,9999.000,9999.000,9999.000,9999.000,9999.000,9999.000
202604031336,   5.354,   5.979,9999.000,9999.000,9999.000,9999.000,9999.000,9999.000,9999.000
202604031342,   5.384,   6.008,9999.000,9999.000,9999.000,9999.000,9999.000,9999.000,9999.000
202604031348,   5.407,   6.038,9999.000,9999.000,9999.000,9999.000,9999.000,9999.000,9999.000
202604031354,   5.422,   6.048,9999.000,9999.000,9999.000,9999.000,9999.000,9999.000,9999.000
202604031400,   5.429,   6.067,   0.500,   0.138,   6.067,   0.400,   5.967,   0.500,   6.067
202604031406,   5.428,   6.058,9999.000,9999.000,9999.000,9999.000,9999.000,9999.000,9999.000
202604031412,   5.420,   6.038,9999.000,9999.000,9999.000,9999.000,9999.000,9999.000,9999.000
202604031418,   5.404,   5.999,9999.000,9999.000,9999.000,9999.000,9999.000,9999.000,9999.000
202604031424,   5.380,   5.949,9999.000,9999.000,9999.000,9999.000,9999.000,9999.000,9999.000
202604031430,   5.348,   5.926,9999.000,9999.000,9999.000,9999.000,9999.000,9999.000,9999.000
202604031436,   5.308,   5.887,9999.000,9999.000,9999.000,9999.000,9999.000,9999.000,9999.000
202604031442,   5.262,   5.818,9999.000,9999.000,9999.000,9999.000,9999.000,9999.000,9999.000
202604031448,   5.208,   5.759,9999.000,9999.000,9999.000,9999.000,9999.000,9999.000,9999.000
202604031454,   5.147,   5.707,9999.000,9999.000,9999.000,9999.000,9999.000,9999.000,9999.000
202604031500,   5.079,   5.618,   0.400,   0.139,   5.618,   0.400,   5.618,   0.500,   5.718
202604031506,   5.005,   5.497,9999.000,9999.000,9999.000,9999.000,9999.000,9999.000,9999.000
202604031512,   4.925,   5.389,9999.000,9999.000,9999.000,9999.000,9999.000,9999.000,9999.000
202604031518,   4.839,   5.267,9999.000,9999.000,9999.000,9999.000,9999.000,9999.000,9999.000
202604031524,   4.748,   5.149,9999.000,9999.000,9999.000,9999.000,9999.000,9999.000,9999.000
202604031530,   4.652,   5.018,9999.000,9999.000,9999.000,9999.000,9999.000,9999.000,9999.000
202604031536,   4.551,   4.877,9999.000,9999.000,9999.000,9999.000,9999.000,9999.000,9999.000
202604031542,   4.446,   4.749,9999.000,9999.000,9999.000,9999.000,9999.000,9999.000,9999.000
202604031548,   4.337,   4.618,9999.000,9999.000,9999.000,9999.000,9999.000,9999.000,9999.000
202604031554,   4.225,   4.480,9999.000,9999.000,9999.000,9999.000,9999.000,9999.000,9999.000
202604031600,   4.110,   4.339,   0.400,  -0.171,   4.339,   0.400,   4.339,   0.500,   4.439
202604031606,   3.992,   4.227,9999.000,9999.000,9999.000,9999.000,9999.000,9999.000,9999.000
202604031612,   3.872,   4.070,9999.000,9999.000,9999.000,9999.000,9999.000,9999.000,9999.000
202604031618,   3.750,   3.909,9999.000,9999.000,9999.000,9999.000,9999.000,9999.000,9999.000
202604031624,   3.627,   3.778,9999.000,9999.000,9999.000,9999.000,9999.000,9999.000,9999.000
202604031630,   3.502,   3.637,9999.000,9999.000,9999.000,9999.000,9999.000,9999.000,9999.000
202604031636,   3.377,   3.499,9999.000,9999.000,9999.000,9999.000,9999.000,9999.000,9999.000
202604031642,   3.251,   3.348,9999.000,9999.000,9999.000,9999.000,9999.000,9999.000,9999.000
202604031648,   3.125,   3.230,9999.000,9999.000,9999.000,9999.000,9999.000,9999.000,9999.000
202604031654,   2.998,   3.119,9999.000,9999.000,9999.000,9999.000,9999.000,9999.000,9999.000
202604031700,   2.872,   3.030,   0.400,  -0.242,   3.030,   0.400,   3.030,   0.400,   3.030
202604031706,   2.747,   2.787,9999.000,9999.000,9999.000,9999.000,9999.000,9999.000,9999.000
202604031712,   2.622,   2.660,9999.000,9999.000,9999.000,9999.000,9999.000,9999.000,9999.000
202604031718,   2.498,   2.548,9999.000,9999.000,9999.000,9999.000,9999.000,9999.000,9999.000
202604031724,   2.375,   2.509,9999.000,9999.000,9999.000,9999.000,9999.000,9999.000,9999.000
202604031730,   2.252,   2.338,9999.000,9999.000,9999.000,9999.000,9999.000,9999.000,9999.000
202604031736,   2.132,   2.191,9999.000,9999.000,9999.000,9999.000,9999.000,9999.000,9999.000
202604031742,   2.012,   2.138,9999.000,9999.000,9999.000,9999.000,9999.000,9999.000,9999.000
202604031748,   1.894,   1.928,9999.000,9999.000,9999.000,9999.000,9999.000,9999.000,9999.000
202604031754,   1.777,   1.849,9999.000,9999.000,9999.000,9999.000,9999.000,9999.000,9999.000
202604031800,   1.662,   1.738,   0.500,  -0.424,   1.738,   0.400,   1.638,   0.500,   1.738
202604031806,   1.549,   1.528,9999.000,9999.000,9999.000,9999.000,9999.000,9999.000,9999.000
202604031812,   1.438,   1.518,9999.000,9999.000,9999.000,9999.000,9999.000,9999.000,9999.000
202604031818,   1.329,   1.380,9999.000,9999.000,9999.000,9999.000,9999.000,9999.000,9999.000
202604031824,   1.222,   1.229,9999.000,9999.000,9999.000,9999.000,9999.000,9999.000,9999.000
202604031830,   1.117,   1.151,9999.000,9999.000,9999.000,9999.000,9999.000,9999.000,9999.000
202604031836,   1.015,   0.990,9999.000,9999.000,9999.000,9999.000,9999.000,9999.000,9999.000
202604031842,   0.915,   0.869,9999.000,9999.000,9999.000,9999.000,9999.000,9999.000,9999.000
202604031848,   0.818,   0.859,9999.000,9999.000,9999.000,9999.000,9999.000,9999.000,9999.000
202604031854,   0.725,   0.751,9999.000,9999.000,9999.000,9999.000,9999.000,9999.000,9999.000
202604031900,   0.635,   0.629,   0.400,  -0.406,   0.629,   0.400,   0.629,   0.500,   0.729
202604031906,   0.548,   0.590,9999.000,9999.000,9999.000,9999.000,9999.000,9999.000,9999.000
202604031912,   0.466,   0.498,9999.000,9999.000,9999.000,9999.000,9999.000,9999.000,9999.000
202604031918,   0.388,   0.439,9999.000,9999.000,9999.000,9999.000,9999.000,9999.000,9999.000
202604031924,   0.314,   0.380,9999.000,9999.000,9999.000,9999.000,9999.000,9999.000,9999.000
202604031930,   0.246,   0.308,9999.000,9999.000,9999.000,9999.000,9999.000,9999.000,9999.000
202604031936,   0.183,   0.308,9999.000,9999.000,9999.000,9999.000,9999.000,9999.000,9999.000
202604031942,   0.126,   0.249,9999.000,9999.000,9999.000,9999.000,9999.000,9999.000,9999.000
202604031948,   0.075,   0.190,9999.000,9999.000,9999.000,9999.000,9999.000,9999.000,9999.000
202604031954,   0.031,   0.209,9999.000,9999.000,9999.000,9999.000,9999.000,9999.000,9999.000
202604032000,  -0.006,   0.278,   0.400,  -0.116,   0.278,   0.400,   0.278,   0.400,   0.278
202604032006,  -0.036,   0.209,9999.000,9999.000,9999.000,9999.000,9999.000,9999.000,9999.000
202604032012,  -0.058,   0.200,9999.000,9999.000,9999.000,9999.000,9999.000,9999.000,9999.000
202604032018,  -0.072,   0.209,9999.000,9999.000,9999.000,9999.000,9999.000,9999.000,9999.000
202604032024,  -0.078,   0.298,9999.000,9999.000,9999.000,9999.000,9999.000,9999.000,9999.000
202604032030,  -0.075,   0.360,9999.000,9999.000,9999.000,9999.000,9999.000,9999.000,9999.000
202604032036,  -0.063,   0.390,9999.000,9999.000,9999.000,9999.000,9999.000,9999.000,9999.000
202604032042,  -0.042,   0.498,9999.000,9999.000,9999.000,9999.000,9999.000,9999.000,9999.000
202604032048,  -0.012,   0.580,9999.000,9999.000,9999.000,9999.000,9999.000,9999.000,9999.000
202604032054,   0.027,   0.678,9999.000,9999.000,9999.000,9999.000,9999.000,9999.000,9999.000
202604032100,   0.076,   0.829,   0.400,   0.353,   0.829,   0.400,   0.829,   0.400,   0.829
202604032106,   0.135,   0.918,9999.000,9999.000,9999.000,9999.000,9999.000,9999.000,9999.000
202604032112,   0.203,   1.049,9999.000,9999.000,9999.000,9999.000,9999.000,9999.000,9999.000
202604032118,   0.281,   1.249,9999.000,9999.000,9999.000,9999.000,9999.000,9999.000,9999.000
202604032124,   0.367,   1.390,9999.000,9999.000,9999.000,9999.000,9999.000,9999.000,9999.000
202604032130,   0.463,   1.528,9999.000,9999.000,9999.000,9999.000,9999.000,9999.000,9999.000
202604032136,   0.567,   1.649,9999.000,9999.000,9999.000,9999.000,9999.000,9999.000,9999.000
202604032142,   0.679,   1.781,9999.000,9999.000,9999.000,9999.000,9999.000,9999.000,9999.000
202604032148,   0.799,   1.879,9999.000,9999.000,9999.000,9999.000,9999.000,9999.000,9999.000
202604032154,   0.926,   2.000,9999.000,9999.000,9999.000,9999.000,9999.000,9999.000,9999.000
202604032200,   1.060,   2.148,   0.400,   0.688,   2.148,   0.400,   2.148,   0.400,   2.148
202604032206,   1.200,   2.299,9999.000,9999.000,9999.000,9999.000,9999.000,9999.000,9999.000
202604032212,   1.346,   2.410,9999.000,9999.000,9999.000,9999.000,9999.000,9999.000,9999.000
202604032218,   1.496,   2.597,9999.000,9999.000,9999.000,9999.000,9999.000,9999.000,9999.000
202604032224,   1.651,   2.728,9999.000,9999.000,9999.000,9999.000,9999.000,9999.000,9999.000
202604032230,   1.809,   2.850,9999.000,9999.000,9999.000,9999.000,9999.000,9999.000,9999.000
202604032236,   1.971,   3.070,9999.000,9999.000,9999.000,9999.000,9999.000,9999.000,9999.000
202604032242,   2.134,   3.197,9999.000,9999.000,9999.000,9999.000,9999.000,9999.000,9999.000
202604032248,   2.299,   3.289,9999.000,9999.000,9999.000,9999.000,9999.000,9999.000,9999.000
202604032254,   2.465,   3.460,9999.000,9999.000,9999.000,9999.000,9999.000,9999.000,9999.000
202604032300,   2.632,   3.617,   0.400,   0.585,   3.617,   0.300,   3.517,   0.400,   3.617
202604032306,   2.798,   3.778,9999.000,9999.000,9999.000,9999.000,9999.000,9999.000,9999.000
202604032312,   2.964,   3.988,9999.000,9999.000,9999.000,9999.000,9999.000,9999.000,9999.000
202604032318,   3.128,   4.129,9999.000,9999.000,9999.000,9999.000,9999.000,9999.000,9999.000
202604032324,   3.291,   4.290,9999.000,9999.000,9999.000,9999.000,9999.000,9999.000,9999.000
202604032330,   3.452,   4.437,9999.000,9999.000,9999.000,9999.000,9999.000,9999.000,9999.000
202604032336,   3.610,   4.578,9999.000,9999.000,9999.000,9999.000,9999.000,9999.000,9999.000
202604032342,   3.765,   4.739,9999.000,9999.000,9999.000,9999.000,9999.000,9999.000,9999.000
202604032348,   3.917,   4.959,9999.000,9999.000,9999.000,9999.000,9999.000,9999.000,9999.000
202604032354,   4.066,   5.008,9999.000,9999.000,9999.000,9999.000,9999.000,9999.000,9999.000
202604040000,   4.211,   5.149,   0.400,   0.538,   5.149,   0.400,   5.149,   0.400,   5.149
202604040006,   4.352,   5.277,9999.000,9999.000,9999.000,9999.000,9999.000,9999.000,9999.000
202604040012,   4.489,   5.438,9999.000,9999.000,9999.000,9999.000,9999.000,9999.000,9999.000
202604040018,   4.622,   5.579,9999.000,9999.000,9999.000,9999.000,9999.000,9999.000,9999.000
202604040024,   4.750,   5.677,9999.000,9999.000,9999.000,9999.000,9999.000,9999.000,9999.000
202604040030,   4.874,   5.789,9999.000,9999.000,9999.000,9999.000,9999.000,9999.000,9999.000
202604040036,   4.993,   5.887,9999.000,9999.000,9999.000,9999.000,9999.000,9999.000,9999.000
202604040042,   5.106,   5.999,9999.000,9999.000,9999.000,9999.000,9999.000,9999.000,9999.000
202604040048,   5.215,   6.008,9999.000,9999.000,9999.000,9999.000,9999.000,9999.000,9999.000
202604040054,   5.318,   6.149,9999.000,9999.000,9999.000,9999.000,9999.000,9999.000,9999.000
202604040100,   5.416,   6.248,   0.300,   0.532,   6.248,   0.300,   6.248,   0.400,   6.348
202604040106,   5.508,   6.307,9999.000,9999.000,9999.000,9999.000,9999.000,9999.000,9999.000
202604040112,   5.595,   6.336,9999.000,9999.000,9999.000,9999.000,9999.000,9999.000,9999.000
202604040118,   5.675,   6.428,9999.000,9999.000,9999.000,9999.000,9999.000,9999.000,9999.000
202604040124,   5.749,   6.458,9999.000,9999.000,9999.000,9999.000,9999.000,9999.000,9999.000
202604040130,   5.816,   6.556,9999.000,9999.000,9999.000,9999.000,9999.000,9999.000,9999.000
202604040136,   5.876,   6.546,9999.000,9999.000,9999.000,9999.000,9999.000,9999.000,9999.000
202604040142,   5.930,   6.579,9999.000,9999.000,9999.000,9999.000,9999.000,9999.000,9999.000
202604040148,   5.977,   6.628,9999.000,9999.000,9999.000,9999.000,9999.000,9999.000,9999.000
202604040154,   6.016,   6.619,9999.000,9999.000,9999.000,9999.000,9999.000,9999.000,9999.000
202604040200,   6.048,   6.579,   0.300,   0.231,   6.579,   0.300,   6.579,   0.300,   6.579
202604040206,   6.072,   6.579,9999.000,9999.000,9999.000,9999.000,9999.000,9999.000,9999.000
202604040212,   6.089,   6.619,9999.000,9999.000,9999.000,9999.000,9999.000,9999.000,9999.000
202604040218,   6.097,   6.569,9999.000,9999.000,9999.000,9999.000,9999.000,9999.000,9999.000
202604040224,   6.098,   6.527,9999.000,9999.000,9999.000,9999.000,9999.000,9999.000,9999.000
202604040230,   6.090,   6.448,9999.000,9999.000,9999.000,9999.000,9999.000,9999.000,9999.000
202604040236,   6.074,   6.369,9999.000,9999.000,9999.000,9999.000,9999.000,9999.000,9999.000
202604040242,   6.051,   6.327,9999.000,9999.000,9999.000,9999.000,9999.000,9999.000,9999.000
202604040248,   6.019,   6.189,9999.000,9999.000,9999.000,9999.000,9999.000,9999.000,9999.000
202604040254,   5.979,   6.077,9999.000,9999.000,9999.000,9999.000,9999.000,9999.000,9999.000
202604040300,   5.932,   5.949,   0.300,  -0.283,   5.949,   0.200,   5.849,   0.300,   5.949
202604040306,   5.877,   5.848,9999.000,9999.000,9999.000,9999.000,9999.000,9999.000,9999.000
202604040312,   5.814,   5.749,9999.000,9999.000,9999.000,9999.000,9999.000,9999.000,9999.000
202604040318,   5.744,   5.589,9999.000,9999.000,9999.000,9999.000,9999.000,9999.000,9999.000
202604040324,   5.668,   5.467,9999.000,9999.000,9999.000,9999.000,9999.000,9999.000,9999.000
202604040330,   5.584,   5.339,9999.000,9999.000,9999.000,9999.000,9999.000,9999.000,9999.000
202604040336,   5.494,   5.188,9999.000,9999.000,9999.000,9999.000,9999.000,9999.000,9999.000
202604040342,   5.399,   5.057,9999.000,9999.000,9999.000,9999.000,9999.000,9999.000,9999.000
202604040348,   5.297,   4.910,9999.000,9999.000,9999.000,9999.000,9999.000,9999.000,9999.000
202604040354,   5.190,   4.769,9999.000,9999.000,9999.000,9999.000,9999.000,9999.000,9999.000
202604040400,   5.079,   4.637,   0.200,  -0.642,   4.637,   0.200,   4.637,   0.300,   4.737
202604040406,   4.963,   4.447,9999.000,9999.000,9999.000,9999.000,9999.000,9999.000,9999.000
202604040412,   4.842,   4.319,9999.000,9999.000,9999.000,9999.000,9999.000,9999.000,9999.000
202604040418,   4.718,   4.168,9999.000,9999.000,9999.000,9999.000,9999.000,9999.000,9999.000
202604040424,   4.591,   4.017,9999.000,9999.000,9999.000,9999.000,9999.000,9999.000,9999.000
202604040430,   4.461,   3.919,9999.000,9999.000,9999.000,9999.000,9999.000,9999.000,9999.000
202604040436,   4.329,   3.827,9999.000,9999.000,9999.000,9999.000,9999.000,9999.000,9999.000
202604040442,   4.194,   3.670,9999.000,9999.000,9999.000,9999.000,9999.000,9999.000,9999.000
202604040448,   4.058,   3.480,9999.000,9999.000,9999.000,9999.000,9999.000,9999.000,9999.000
202604040454,   3.920,   3.339,9999.000,9999.000,9999.000,9999.000,9999.000,9999.000,9999.000
202604040500,   3.781,   3.250,   0.200,  -0.731,   3.250,   0.100,   3.150,   0.200,   3.250
202604040506,   3.642,   3.129,9999.000,9999.000,9999.000,9999.000,9999.000,9999.000,9999.000
202604040512,   3.502,   3.030,9999.000,9999.000,9999.000,9999.000,9999.000,9999.000,9999.000
202604040518,   3.362,   2.899,9999.000,9999.000,9999.000,9999.000,9999.000,9999.000,9999.000
202604040524,   3.222,   2.778,9999.000,9999.000,9999.000,9999.000,9999.000,9999.000,9999.000
202604040530,   3.083,   2.650,9999.000,9999.000,9999.000,9999.000,9999.000,9999.000,9999.000
202604040536,   2.944,   2.548,9999.000,9999.000,9999.000,9999.000,9999.000,9999.000,9999.000
202604040542,   2.805,   2.440,9999.000,9999.000,9999.000,9999.000,9999.000,9999.000,9999.000
202604040548,   2.668,   2.318,9999.000,9999.000,9999.000,9999.000,9999.000,9999.000,9999.000
202604040554,   2.531,   2.168,9999.000,9999.000,9999.000,9999.000,9999.000,9999.000,9999.000
202604040600,   2.396,   2.040,   0.200,  -0.556,   2.040,   0.100,   1.940,   0.200,   2.040
202604040606,   2.262,   1.948,9999.000,9999.000,9999.000,9999.000,9999.000,9999.000,9999.000
202604040612,   2.130,   1.820,9999.000,9999.000,9999.000,9999.000,9999.000,9999.000,9999.000
202604040618,   1.999,   1.728,9999.000,9999.000,9999.000,9999.000,9999.000,9999.000,9999.000
202604040624,   1.869,   1.630,9999.000,9999.000,9999.000,9999.000,9999.000,9999.000,9999.000
202604040630,   1.742,   1.508,9999.000,9999.000,9999.000,9999.000,9999.000,9999.000,9999.000
202604040636,   1.617,   1.459,9999.000,9999.000,9999.000,9999.000,9999.000,9999.000,9999.000
202604040642,   1.493,   1.371,9999.000,9999.000,9999.000,9999.000,9999.000,9999.000,9999.000
202604040648,   1.372,   1.279,9999.000,9999.000,9999.000,9999.000,9999.000,9999.000,9999.000
202604040654,   1.254,   1.229,9999.000,9999.000,9999.000,9999.000,9999.000,9999.000,9999.000
202604040700,   1.138,   1.079,   0.100,  -0.159,   1.079,   0.000,   0.979,   0.200,   1.179
202604040706,   1.025,   1.029,9999.000,9999.000,9999.000,9999.000,9999.000,9999.000,9999.000
202604040712,   0.915,   1.000,9999.000,9999.000,9999.000,9999.000,9999.000,9999.000,9999.000
202604040718,   0.809,   0.859,9999.000,9999.000,9999.000,9999.000,9999.000,9999.000,9999.000
202604040724,   0.706,   0.760,9999.000,9999.000,9999.000,9999.000,9999.000,9999.000,9999.000
202604040730,   0.607,   0.688,9999.000,9999.000,9999.000,9999.000,9999.000,9999.000,9999.000
202604040736,   0.512,   0.610,9999.000,9999.000,9999.000,9999.000,9999.000,9999.000,9999.000
202604040742,   0.422,   0.531,9999.000,9999.000,9999.000,9999.000,9999.000,9999.000,9999.000
202604040748,   0.337,   0.429,9999.000,9999.000,9999.000,9999.000,9999.000,9999.000,9999.000
202604040754,   0.257,   0.370,9999.000,9999.000,9999.000,9999.000,9999.000,9999.000,9999.000
202604040800,   0.182,   0.278,   0.100,  -0.004,   0.278,   0.000,   0.178,   0.100,   0.278
202604040806,   0.114,   0.249,9999.000,9999.000,9999.000,9999.000,9999.000,9999.000,9999.000
202604040812,   0.052,   0.170,9999.000,9999.000,9999.000,9999.000,9999.000,9999.000,9999.000
202604040818,  -0.002,   0.088,9999.000,9999.000,9999.000,9999.000,9999.000,9999.000,9999.000
202604040824,  -0.050,   0.029,9999.000,9999.000,9999.000,9999.000,9999.000,9999.000,9999.000
202604040830,  -0.090,   0.000,9999.000,9999.000,9999.000,9999.000,9999.000,9999.000,9999.000
202604040836,  -0.122,  -0.029,9999.000,9999.000,9999.000,9999.000,9999.000,9999.000,9999.000
202604040842,  -0.146,  -0.039,9999.000,9999.000,9999.000,9999.000,9999.000,9999.000,9999.000
202604040848,  -0.162,  -0.049,9999.000,9999.000,9999.000,9999.000,9999.000,9999.000,9999.000
202604040854,  -0.169,  -0.078,9999.000,9999.000,9999.000,9999.000,9999.000,9999.000,9999.000
202604040900,  -0.166,  -0.068,   0.100,  -0.002,  -0.068,   0.000,  -0.168,   0.100,  -0.068
202604040906,  -0.155,  -0.009,9999.000,9999.000,9999.000,9999.000,9999.000,9999.000,9999.000
202604040912,  -0.134,   0.049,9999.000,9999.000,9999.000,9999.000,9999.000,9999.000,9999.000
202604040918,  -0.104,   0.111,9999.000,9999.000,9999.000,9999.000,9999.000,9999.000,9999.000
202604040924,  -0.064,   0.160,9999.000,9999.000,9999.000,9999.000,9999.000,9999.000,9999.000
202604040930,  -0.015,   0.239,9999.000,9999.000,9999.000,9999.000,9999.000,9999.000,9999.000
202604040936,   0.042,   0.350,9999.000,9999.000,9999.000,9999.000,9999.000,9999.000,9999.000
202604040942,   0.110,   0.439,9999.000,9999.000,9999.000,9999.000,9999.000,9999.000,9999.000
202604040948,   0.186,   0.560,9999.000,9999.000,9999.000,9999.000,9999.000,9999.000,9999.000
202604040954,   0.271,   0.678,9999.000,9999.000,9999.000,9999.000,9999.000,9999.000,9999.000
202604041000,   0.365,   0.790,   0.000,   0.425,   0.790,   0.000,   0.790,   0.100,   0.890
202604041006,   0.466,   0.888,9999.000,9999.000,9999.000,9999.000,9999.000,9999.000,9999.000
202604041012,   0.575,   1.020,9999.000,9999.000,9999.000,9999.000,9999.000,9999.000,9999.000
202604041018,   0.690,   1.151,9999.000,9999.000,9999.000,9999.000,9999.000,9999.000,9999.000
202604041024,   0.812,   1.298,9999.000,9999.000,9999.000,9999.000,9999.000,9999.000,9999.000
202604041030,   0.940,   1.430,9999.000,9999.000,9999.000,9999.000,9999.000,9999.000,9999.000
202604041036,   1.073,   1.548,9999.000,9999.000,9999.000,9999.000,9999.000,9999.000,9999.000
202604041042,   1.210,   1.689,9999.000,9999.000,9999.000,9999.000,9999.000,9999.000,9999.000
202604041048,   1.351,   1.830,9999.000,9999.000,9999.000,9999.000,9999.000,9999.000,9999.000
202604041054,   1.495,   1.981,9999.000,9999.000,9999.000,9999.000,9999.000,9999.000,9999.000
202604041100,   1.641,   2.118,   0.000,   0.477,   2.118,  -0.100,   2.018,   0.000,   2.118
202604041106,   1.790,   2.250,9999.000,9999.000,9999.000,9999.000,9999.000,9999.000,9999.000
202604041112,   1.939,   2.387,9999.000,9999.000,9999.000,9999.000,9999.000,9999.000,9999.000
202604041118,   2.088,   2.538,9999.000,9999.000,9999.000,9999.000,9999.000,9999.000,9999.000
202604041124,   2.238,   2.689,9999.000,9999.000,9999.000,9999.000,9999.000,9999.000,9999.000
202604041130,   2.386,   2.820,9999.000,9999.000,9999.000,9999.000,9999.000,9999.000,9999.000
202604041136,   2.534,   2.938,9999.000,9999.000,9999.000,9999.000,9999.000,9999.000,9999.000
202604041142,   2.680,   3.079,9999.000,9999.000,9999.000,9999.000,9999.000,9999.000,9999.000
202604041148,   2.823,   3.230,9999.000,9999.000,9999.000,9999.000,9999.000,9999.000,9999.000
202604041154,   2.964,   3.348,9999.000,9999.000,9999.000,9999.000,9999.000,9999.000,9999.000
202604041200,   3.103,   3.470,   0.000,   0.367,   3.470,   0.000,   3.470,   0.100,   3.570
202604041206,   3.238,   3.568,9999.000,9999.000,9999.000,9999.000,9999.000,9999.000,9999.000
202604041212,   3.370,   3.709,9999.000,9999.000,9999.000,9999.000,9999.000,9999.000,9999.000
202604041218,   3.498,   3.847,9999.000,9999.000,9999.000,9999.000,9999.000,9999.000,9999.000
202604041224,   3.623,   3.968,9999.000,9999.000,9999.000,9999.000,9999.000,9999.000,9999.000
202604041230,   3.743,   4.090,9999.000,9999.000,9999.000,9999.000,9999.000,9999.000,9999.000
202604041236,   3.860,   4.178,9999.000,9999.000,9999.000,9999.000,9999.000,9999.000,9999.000
202604041242,   3.972,   4.267,9999.000,9999.000,9999.000,9999.000,9999.000,9999.000,9999.000
202604041248,   4.080,   4.378,9999.000,9999.000,9999.000,9999.000,9999.000,9999.000,9999.000
202604041254,   4.184,   4.457,9999.000,9999.000,9999.000,9999.000,9999.000,9999.000,9999.000
202604041300,   4.283,   4.569,   0.000,   0.286,   4.569,   0.000,   4.569,   0.100,   4.669
202604041306,   4.377,   4.700,9999.000,9999.000,9999.000,9999.000,9999.000,9999.000,9999.000
202604041312,   4.467,   4.788,9999.000,9999.000,9999.000,9999.000,9999.000,9999.000,9999.000
202604041318,   4.552,   4.837,9999.000,9999.000,9999.000,9999.000,9999.000,9999.000,9999.000
202604041324,   4.632,   4.939,9999.000,9999.000,9999.000,9999.000,9999.000,9999.000,9999.000
202604041330,   4.707,   5.038,9999.000,9999.000,9999.000,9999.000,9999.000,9999.000,9999.000
202604041336,   4.777,   5.129,9999.000,9999.000,9999.000,9999.000,9999.000,9999.000,9999.000
202604041342,   4.842,   5.188,9999.000,9999.000,9999.000,9999.000,9999.000,9999.000,9999.000
202604041348,   4.901,   5.247,9999.000,9999.000,9999.000,9999.000,9999.000,9999.000,9999.000
202604041354,   4.954,   5.339,9999.000,9999.000,9999.000,9999.000,9999.000,9999.000,9999.000
202604041400,   5.001,   5.379,   0.000,   0.378,   5.379,   0.000,   5.379,   0.100,   5.479
202604041406,   5.043,   5.379,9999.000,9999.000,9999.000,9999.000,9999.000,9999.000,9999.000
202604041412,   5.078,   5.448,9999.000,9999.000,9999.000,9999.000,9999.000,9999.000,9999.000
202604041418,   5.108,   5.497,9999.000,9999.000,9999.000,9999.000,9999.000,9999.000,9999.000
202604041424,   5.130,   5.507,9999.000,9999.000,9999.000,9999.000,9999.000,9999.000,9999.000
202604041430,   5.146,   5.530,9999.000,9999.000,9999.000,9999.000,9999.000,9999.000,9999.000
202604041436,   5.156,   5.539,9999.000,9999.000,9999.000,9999.000,9999.000,9999.000,9999.000
202604041442,   5.158,   5.507,9999.000,9999.000,9999.000,9999.000,9999.000,9999.000,9999.000
202604041448,   5.154,   5.487,9999.000,9999.000,9999.000,9999.000,9999.000,9999.000,9999.000
202604041454,   5.142,   5.477,9999.000,9999.000,9999.000,9999.000,9999.000,9999.000,9999.000
202604041500,   5.124,   5.398,   0.000,   0.274,   5.398,   0.000,   5.398,   0.100,   5.498
202604041506,   5.099,   5.329,9999.000,9999.000,9999.000,9999.000,9999.000,9999.000,9999.000
202604041512,   5.067,   5.277,9999.000,9999.000,9999.000,9999.000,9999.000,9999.000,9999.000
202604041518,   5.028,   5.218,9999.000,9999.000,9999.000,9999.000,9999.000,9999.000,9999.000
202604041524,   4.983,   5.110,9999.000,9999.000,9999.000,9999.000,9999.000,9999.000,9999.000
202604041530,   4.931,   5.008,9999.000,9999.000,9999.000,9999.000,9999.000,9999.000,9999.000
202604041536,   4.872,   4.929,9999.000,9999.000,9999.000,9999.000,9999.000,9999.000,9999.000
202604041542,   4.808,   4.828,9999.000,9999.000,9999.000,9999.000,9999.000,9999.000,9999.000
202604041548,   4.737,   4.710,9999.000,9999.000,9999.000,9999.000,9999.000,9999.000,9999.000
202604041554,   4.661,   4.569,9999.000,9999.000,9999.000,9999.000,9999.000,9999.000,9999.000
202604041600,   4.580,   4.457,   0.000,  -0.123,   4.457,   0.000,   4.457,   0.100,   4.557
202604041606,   4.493,   4.329,9999.000,9999.000,9999.000,9999.000,9999.000,9999.000,9999.000
202604041612,   4.402,   4.188,9999.000,9999.000,9999.000,9999.000,9999.000,9999.000,9999.000
202604041618,   4.307,   4.037,9999.000,9999.000,9999.000,9999.000,9999.000,9999.000,9999.000
202604041624,   4.207,   3.909,9999.000,9999.000,9999.000,9999.000,9999.000,9999.000,9999.000
202604041630,   4.105,   3.758,9999.000,9999.000,9999.000,9999.000,9999.000,9999.000,9999.000
202604041636,   3.998,   3.617,9999.000,9999.000,9999.000,9999.000,9999.000,9999.000,9999.000
202604041642,   3.890,   3.460,9999.000,9999.000,9999.000,9999.000,9999.000,9999.000,9999.000
202604041648,   3.778,   3.319,9999.000,9999.000,9999.000,9999.000,9999.000,9999.000,9999.000
202604041654,   3.665,   3.197,9999.000,9999.000,9999.000,9999.000,9999.000,9999.000,9999.000
202604041700,   3.550,   3.070,   0.000,  -0.480,   3.070,   0.000,   3.070,   0.100,   3.170
202604041706,   3.434,   2.909,9999.000,9999.000,9999.000,9999.000,9999.000,9999.000,9999.000
202604041712,   3.316,   2.768,9999.000,9999.000,9999.000,9999.000,9999.000,9999.000,9999.000
202604041718,   3.198,   2.640,9999.000,9999.000,9999.000,9999.000,9999.000,9999.000,9999.000
202604041724,   3.080,   2.499,9999.000,9999.000,9999.000,9999.000,9999.000,9999.000,9999.000
202604041730,   2.961,   2.368,9999.000,9999.000,9999.000,9999.000,9999.000,9999.000,9999.000
202604041736,   2.843,   2.240,9999.000,9999.000,9999.000,9999.000,9999.000,9999.000,9999.000
202604041742,   2.725,   2.109,9999.000,9999.000,9999.000,9999.000,9999.000,9999.000,9999.000
202604041748,   2.608,   1.990,9999.000,9999.000,9999.000,9999.000,9999.000,9999.000,9999.000
202604041754,   2.492,   1.879,9999.000,9999.000,9999.000,9999.000,9999.000,9999.000,9999.000
202604041800,   2.376,   1.758,   0.100,  -0.718,   1.758,   0.100,   1.758,   0.100,   1.758
202604041806,   2.262,   1.639,9999.000,9999.000,9999.000,9999.000,9999.000,9999.000,9999.000
202604041812,   2.150,   1.610,9999.000,9999.000,9999.000,9999.000,9999.000,9999.000,9999.000
202604041818,   2.038,   1.439,9999.000,9999.000,9999.000,9999.000,9999.000,9999.000,9999.000
202604041824,   1.929,   1.338,9999.000,9999.000,9999.000,9999.000,9999.000,9999.000,9999.000
202604041830,   1.821,   1.210,9999.000,9999.000,9999.000,9999.000,9999.000,9999.000,9999.000
202604041836,   1.715,   1.098,9999.000,9999.000,9999.000,9999.000,9999.000,9999.000,9999.000
202604041842,   1.611,   1.000,9999.000,9999.000,9999.000,9999.000,9999.000,9999.000,9999.000
202604041848,   1.509,   0.898,9999.000,9999.000,9999.000,9999.000,9999.000,9999.000,9999.000
202604041854,   1.410,   0.780,9999.000,9999.000,9999.000,9999.000,9999.000,9999.000,9999.000
202604041900,   1.312,   0.659,   0.100,  -0.753,   0.659,   0.100,   0.659,   0.200,   0.759
202604041906,   1.217,   0.580,9999.000,9999.000,9999.000,9999.000,9999.000,9999.000,9999.000
202604041912,   1.125,   0.488,9999.000,9999.000,9999.000,9999.000,9999.000,9999.000,9999.000
202604041918,   1.036,   0.390,9999.000,9999.000,9999.000,9999.000,9999.000,9999.000,9999.000
202604041924,   0.949,   0.360,9999.000,9999.000,9999.000,9999.000,9999.000,9999.000,9999.000
202604041930,   0.865,   0.298,9999.000,9999.000,9999.000,9999.000,9999.000,9999.000,9999.000
202604041936,   0.785,   0.239,9999.000,9999.000,9999.000,9999.000,9999.000,9999.000,9999.000
202604041942,   0.708,   0.200,9999.000,9999.000,9999.000,9999.000,9999.000,9999.000,9999.000
202604041948,   0.635,   0.160,9999.000,9999.000,9999.000,9999.000,9999.000,9999.000,9999.000
202604041954,   0.567,   0.160,9999.000,9999.000,9999.000,9999.000,9999.000,9999.000,9999.000
202604042000,   0.502,   0.190,   0.200,  -0.512,   0.190,   0.200,   0.190,   0.300,   0.290
202604042006,   0.442,   0.170,9999.000,9999.000,9999.000,9999.000,9999.000,9999.000,9999.000
202604042012,   0.387,   0.160,9999.000,9999.000,9999.000,9999.000,9999.000,9999.000,9999.000
202604042018,   0.338,   0.170,9999.000,9999.000,9999.000,9999.000,9999.000,9999.000,9999.000
202604042024,   0.294,   0.200,9999.000,9999.000,9999.000,9999.000,9999.000,9999.000,9999.000
202604042030,   0.256,   0.268,9999.000,9999.000,9999.000,9999.000,9999.000,9999.000,9999.000
202604042036,   0.225,   0.360,9999.000,9999.000,9999.000,9999.000,9999.000,9999.000,9999.000
202604042042,   0.200,   0.390,9999.000,9999.000,9999.000,9999.000,9999.000,9999.000,9999.000
202604042048,   0.183,   0.429,9999.000,9999.000,9999.000,9999.000,9999.000,9999.000,9999.000
202604042054,   0.173,   0.459,9999.000,9999.000,9999.000,9999.000,9999.000,9999.000,9999.000
202604042100,   0.170,   0.518,   0.300,   0.048,   0.518,   0.300,   0.518,   0.400,   0.618
202604042106,   0.176,   0.639,9999.000,9999.000,9999.000,9999.000,9999.000,9999.000,9999.000
202604042112,   0.190,   0.741,9999.000,9999.000,9999.000,9999.000,9999.000,9999.000,9999.000
202604042118,   0.213,   0.810,9999.000,9999.000,9999.000,9999.000,9999.000,9999.000,9999.000
202604042124,   0.244,   0.908,9999.000,9999.000,9999.000,9999.000,9999.000,9999.000,9999.000
202604042130,   0.284,   0.970,9999.000,9999.000,9999.000,9999.000,9999.000,9999.000,9999.000
202604042136,   0.333,   1.049,9999.000,9999.000,9999.000,9999.000,9999.000,9999.000,9999.000
202604042142,   0.391,   1.180,9999.000,9999.000,9999.000,9999.000,9999.000,9999.000,9999.000
202604042148,   0.458,   1.279,9999.000,9999.000,9999.000,9999.000,9999.000,9999.000,9999.000
202604042154,   0.534,   1.400,9999.000,9999.000,9999.000,9999.000,9999.000,9999.000,9999.000
202604042200,   0.619,   1.498,   0.400,   0.479,   1.498,   0.400,   1.498,   0.500,   1.598
202604042206,   0.712,   1.590,9999.000,9999.000,9999.000,9999.000,9999.000,9999.000,9999.000
202604042212,   0.813,   1.738,9999.000,9999.000,9999.000,9999.000,9999.000,9999.000,9999.000
202604042218,   0.921,   1.840,9999.000,9999.000,9999.000,9999.000,9999.000,9999.000,9999.000
202604042224,   1.038,   1.990,9999.000,9999.000,9999.000,9999.000,9999.000,9999.000,9999.000
202604042230,   1.161,   2.148,9999.000,9999.000,9999.000,9999.000,9999.000,9999.000,9999.000
202604042236,   1.290,   2.269,9999.000,9999.000,9999.000,9999.000,9999.000,9999.000,9999.000
202604042242,   1.425,   2.440,9999.000,9999.000,9999.000,9999.000,9999.000,9999.000,9999.000
202604042248,   1.566,   2.587,9999.000,9999.000,9999.000,9999.000,9999.000,9999.000,9999.000
202604042254,   1.711,   2.709,9999.000,9999.000,9999.000,9999.000,9999.000,9999.000,9999.000
202604042300,   1.859,   2.889,   0.600,   0.430,   2.889,   0.500,   2.789,   0.700,   2.989
202604042306,   2.011,   3.050,9999.000,9999.000,9999.000,9999.000,9999.000,9999.000,9999.000
202604042312,   2.166,   3.207,9999.000,9999.000,9999.000,9999.000,9999.000,9999.000,9999.000
202604042318,   2.322,   3.368,9999.000,9999.000,9999.000,9999.000,9999.000,9999.000,9999.000
202604042324,   2.479,   3.499,9999.000,9999.000,9999.000,9999.000,9999.000,9999.000,9999.000
202604042330,   2.637,   3.680,9999.000,9999.000,9999.000,9999.000,9999.000,9999.000,9999.000
202604042336,   2.795,   3.847,9999.000,9999.000,9999.000,9999.000,9999.000,9999.000,9999.000
202604042342,   2.951,   3.978,9999.000,9999.000,9999.000,9999.000,9999.000,9999.000,9999.000
202604042348,   3.107,   4.149,9999.000,9999.000,9999.000,9999.000,9999.000,9999.000,9999.000
202604042354,   3.261,   4.257,9999.000,9999.000,9999.000,9999.000,9999.000,9999.000,9999.000
202604050000,   3.412,   4.398,   0.400,   0.586,   4.398,   0.300,   4.298,   0.500,   4.498
202604050006,   3.561,   4.569,9999.000,9999.000,9999.000,9999.000,9999.000,9999.000,9999.000
202604050012,   3.706,   4.719,9999.000,9999.000,9999.000,9999.000,9999.000,9999.000,9999.000
202604050018,   3.848,   4.818,9999.000,9999.000,9999.000,9999.000,9999.000,9999.000,9999.000
202604050024,   3.987,   4.949,9999.000,9999.000,9999.000,9999.000,9999.000,9999.000,9999.000
202604050030,   4.121,   5.097,9999.000,9999.000,9999.000,9999.000,9999.000,9999.000,9999.000
202604050036,   4.252,   5.208,9999.000,9999.000,9999.000,9999.000,9999.000,9999.000,9999.000
202604050042,   4.378,   5.297,9999.000,9999.000,9999.000,9999.000,9999.000,9999.000,9999.000
202604050048,   4.499,   5.398,9999.000,9999.000,9999.000,9999.000,9999.000,9999.000,9999.000
202604050054,   4.616,   5.530,9999.000,9999.000,9999.000,9999.000,9999.000,9999.000,9999.000
202604050100,   4.729,   5.618,   0.500,   0.389,   5.618,   0.400,   5.518,   0.600,   5.718
202604050106,   4.836,   5.697,9999.000,9999.000,9999.000,9999.000,9999.000,9999.000,9999.000
202604050112,   4.939,   5.799,9999.000,9999.000,9999.000,9999.000,9999.000,9999.000,9999.000
202604050118,   5.037,   5.907,9999.000,9999.000,9999.000,9999.000,9999.000,9999.000,9999.000
202604050124,   5.130,   5.989,9999.000,9999.000,9999.000,9999.000,9999.000,9999.000,9999.000
202604050130,   5.219,   6.107,9999.000,9999.000,9999.000,9999.000,9999.000,9999.000,9999.000
202604050136,   5.302,   6.159,9999.000,9999.000,9999.000,9999.000,9999.000,9999.000,9999.000
202604050142,   5.380,   6.218,9999.000,9999.000,9999.000,9999.000,9999.000,9999.000,9999.000
202604050148,   5.453,   6.287,9999.000,9999.000,9999.000,9999.000,9999.000,9999.000,9999.000
202604050154,   5.521,   6.346,9999.000,9999.000,9999.000,9999.000,9999.000,9999.000,9999.000
202604050200,   5.583,   6.418,   0.600,   0.235,   6.418,   0.500,   6.318,   0.700,   6.518
202604050206,   5.640,   6.487,9999.000,9999.000,9999.000,9999.000,9999.000,9999.000,9999.000
202604050212,   5.691,   6.569,9999.000,9999.000,9999.000,9999.000,9999.000,9999.000,9999.000
202604050218,   5.737,   6.599,9999.000,9999.000,9999.000,9999.000,9999.000,9999.000,9999.000
202604050224,   5.776,   6.609,9999.000,9999.000,9999.000,9999.000,9999.000,9999.000,9999.000
202604050230,   5.810,   6.668,9999.000,9999.000,9999.000,9999.000,9999.000,9999.000,9999.000
202604050236,   5.837,   6.687,9999.000,9999.000,9999.000,9999.000,9999.000,9999.000,9999.000
202604050242,   5.858,   6.678,9999.000,9999.000,9999.000,9999.000,9999.000,9999.000,9999.000
202604050248,   5.872,   6.678,9999.000,9999.000,9999.000,9999.000,9999.000,9999.000,9999.000
202604050254,   5.880,   6.678,9999.000,9999.000,9999.000,9999.000,9999.000,9999.000,9999.000
202604050300,   5.881,   6.658,   0.700,   0.077,   6.658,   0.600,   6.558,   0.800,   6.758
202604050306,   5.875,   6.648,9999.000,9999.000,9999.000,9999.000,9999.000,9999.000,9999.000
202604050312,   5.863,   6.648,9999.000,9999.000,9999.000,9999.000,9999.000,9999.000,9999.000
202604050318,   5.843,   6.648,9999.000,9999.000,9999.000,9999.000,9999.000,9999.000,9999.000
202604050324,   5.816,   6.619,9999.000,9999.000,9999.000,9999.000,9999.000,9999.000,9999.000
202604050330,   5.782,   6.579,9999.000,9999.000,9999.000,9999.000,9999.000,9999.000,9999.000
202604050336,   5.741,   6.569,9999.000,9999.000,9999.000,9999.000,9999.000,9999.000,9999.000
202604050342,   5.694,   6.497,9999.000,9999.000,9999.000,9999.000,9999.000,9999.000,9999.000
202604050348,   5.639,   6.448,9999.000,9999.000,9999.000,9999.000,9999.000,9999.000,9999.000
202604050354,   5.578,   6.346,9999.000,9999.000,9999.000,9999.000,9999.000,9999.000,9999.000
202604050400,   5.510,   6.277,   0.800,  -0.033,   6.277,   0.700,   6.177,   0.900,   6.377
202604050406,   5.436,   6.199,9999.000,9999.000,9999.000,9999.000,9999.000,9999.000,9999.000
202604050412,   5.356,   6.067,9999.000,9999.000,9999.000,9999.000,9999.000,9999.000,9999.000
202604050418,   5.269,   5.949,9999.000,9999.000,9999.000,9999.000,9999.000,9999.000,9999.000
202604050424,   5.178,   5.848,9999.000,9999.000,9999.000,9999.000,9999.000,9999.000,9999.000
202604050430,   5.081,   5.739,9999.000,9999.000,9999.000,9999.000,9999.000,9999.000,9999.000
202604050436,   4.979,   5.608,9999.000,9999.000,9999.000,9999.000,9999.000,9999.000,9999.000
202604050442,   4.872,   5.487,9999.000,9999.000,9999.000,9999.000,9999.000,9999.000,9999.000
202604050448,   4.762,   5.379,9999.000,9999.000,9999.000,9999.000,9999.000,9999.000,9999.000
202604050454,   4.647,   5.267,9999.000,9999.000,9999.000,9999.000,9999.000,9999.000,9999.000
202604050500,   4.529,   5.188,   0.800,  -0.141,   5.188,   0.700,   5.088,   0.900,   5.288
202604050506,   4.408,   4.988,9999.000,9999.000,9999.000,9999.000,9999.000,9999.000,9999.000
202604050512,   4.284,   4.857,9999.000,9999.000,9999.000,9999.000,9999.000,9999.000,9999.000
202604050518,   4.158,   4.710,9999.000,9999.000,9999.000,9999.000,9999.000,9999.000,9999.000
202604050524,   4.030,   4.578,9999.000,9999.000,9999.000,9999.000,9999.000,9999.000,9999.000
202604050530,   3.900,   4.447,9999.000,9999.000,9999.000,9999.000,9999.000,9999.000,9999.000
202604050536,   3.768,   4.309,9999.000,9999.000,9999.000,9999.000,9999.000,9999.000,9999.000
202604050542,   3.636,   4.208,9999.000,9999.000,9999.000,9999.000,9999.000,9999.000,9999.000
202604050548,   3.504,   4.057,9999.000,9999.000,9999.000,9999.000,9999.000,9999.000,9999.000
202604050554,   3.370,   3.919,9999.000,9999.000,9999.000,9999.000,9999.000,9999.000,9999.000
202604050600,   3.237,   3.798,   0.800,  -0.239,   3.798,   0.700,   3.698,   0.800,   3.798
202604050606,   3.104,   3.709,9999.000,9999.000,9999.000,9999.000,9999.000,9999.000,9999.000
202604050612,   2.972,   3.588,9999.000,9999.000,9999.000,9999.000,9999.000,9999.000,9999.000
202604050618,   2.840,   3.427,9999.000,9999.000,9999.000,9999.000,9999.000,9999.000,9999.000
202604050624,   2.709,   3.319,9999.000,9999.000,9999.000,9999.000,9999.000,9999.000,9999.000
202604050630,   2.579,   3.188,9999.000,9999.000,9999.000,9999.000,9999.000,9999.000,9999.000
202604050636,   2.451,   3.070,9999.000,9999.000,9999.000,9999.000,9999.000,9999.000,9999.000
202604050642,   2.323,   2.929,9999.000,9999.000,9999.000,9999.000,9999.000,9999.000,9999.000
202604050648,   2.198,   2.807,9999.000,9999.000,9999.000,9999.000,9999.000,9999.000,9999.000
202604050654,   2.074,   2.640,9999.000,9999.000,9999.000,9999.000,9999.000,9999.000,9999.000
202604050700,   1.952,   2.528,   0.800,  -0.224,   2.528,   0.700,   2.428,   0.800,   2.528
202604050706,   1.832,   2.469,9999.000,9999.000,9999.000,9999.000,9999.000,9999.000,9999.000
202604050712,   1.714,   2.328,9999.000,9999.000,9999.000,9999.000,9999.000,9999.000,9999.000
202604050718,   1.598,   2.200,9999.000,9999.000,9999.000,9999.000,9999.000,9999.000,9999.000
202604050724,   1.485,   2.049,9999.000,9999.000,9999.000,9999.000,9999.000,9999.000,9999.000
202604050730,   1.374,   1.938,9999.000,9999.000,9999.000,9999.000,9999.000,9999.000,9999.000
202604050736,   1.266,   1.840,9999.000,9999.000,9999.000,9999.000,9999.000,9999.000,9999.000
202604050742,   1.161,   1.738,9999.000,9999.000,9999.000,9999.000,9999.000,9999.000,9999.000
202604050748,   1.059,   1.679,9999.000,9999.000,9999.000,9999.000,9999.000,9999.000,9999.000
202604050754,   0.960,9999.000,9999.000,9999.000,9999.000,9999.000,9999.000,9999.000,9999.000
202604050800,   0.864,9999.000,   0.800,9999.000,   1.664,   0.700,   1.564,   0.800,   1.664
202604050806,   0.773,9999.000,9999.000,9999.000,9999.000,9999.000,9999.000,9999.000,9999.000
202604050812,   0.685,9999.000,9999.000,9999.000,9999.000,9999.000,9999.000,9999.000,9999.000
202604050818,   0.602,9999.000,9999.000,9999.000,9999.000,9999.000,9999.000,9999.000,9999.000
202604050824,   0.523,9999.000,9999.000,9999.000,9999.000,9999.000,9999.000,9999.000,9999.000
202604050830,   0.449,9999.000,9999.000,9999.000,9999.000,9999.000,9999.000,9999.000,9999.000
202604050836,   0.380,9999.000,9999.000,9999.000,9999.000,9999.000,9999.000,9999.000,9999.000
202604050842,   0.317,9999.000,9999.000,9999.000,9999.000,9999.000,9999.000,9999.000,9999.000
202604050848,   0.260,9999.000,9999.000,9999.000,9999.000,9999.000,9999.000,9999.000,9999.000
202604050854,   0.208,   1.180,9999.000,9999.000,9999.000,9999.000,9999.000,9999.000,9999.000
202604050900,   0.164,   1.161,   0.800,   0.197,   1.161,   0.700,   1.061,   0.900,   1.261
202604050906,   0.126,   1.180,9999.000,9999.000,9999.000,9999.000,9999.000,9999.000,9999.000
202604050912,   0.095,   1.098,9999.000,9999.000,9999.000,9999.000,9999.000,9999.000,9999.000
202604050918,   0.071,   1.059,9999.000,9999.000,9999.000,9999.000,9999.000,9999.000,9999.000
202604050924,   0.056,   1.108,9999.000,9999.000,9999.000,9999.000,9999.000,9999.000,9999.000
202604050930,   0.048,   1.161,9999.000,9999.000,9999.000,9999.000,9999.000,9999.000,9999.000
202604050936,   0.049,   1.200,9999.000,9999.000,9999.000,9999.000,9999.000,9999.000,9999.000
202604050942,   0.058,   1.279,9999.000,9999.000,9999.000,9999.000,9999.000,9999.000,9999.000
202604050948,   0.075,   1.348,9999.000,9999.000,9999.000,9999.000,9999.000,9999.000,9999.000
202604050954,   0.102,   1.439,9999.000,9999.000,9999.000,9999.000,9999.000,9999.000,9999.000
202604051000,   0.136,   1.469,   0.800,   0.533,   1.469,   0.700,   1.369,   0.900,   1.569
202604051006,   0.180,   1.557,9999.000,9999.000,9999.000,9999.000,9999.000,9999.000,9999.000
202604051012,   0.232,   1.699,9999.000,9999.000,9999.000,9999.000,9999.000,9999.000,9999.000
202604051018,   0.293,   1.820,9999.000,9999.000,9999.000,9999.000,9999.000,9999.000,9999.000
202604051024,   0.362,   1.928,9999.000,9999.000,9999.000,9999.000,9999.000,9999.000,9999.000
202604051030,   0.440,   2.040,9999.000,9999.000,9999.000,9999.000,9999.000,9999.000,9999.000
202604051036,   0.525,   2.168,9999.000,9999.000,9999.000,9999.000,9999.000,9999.000,9999.000
202604051042,   0.617,   2.309,9999.000,9999.000,9999.000,9999.000,9999.000,9999.000,9999.000
202604051048,   0.717,   2.440,9999.000,9999.000,9999.000,9999.000,9999.000,9999.000,9999.000
202604051054,   0.823,   2.568,9999.000,9999.000,9999.000,9999.000,9999.000,9999.000,9999.000
202604051100,   0.935,   2.689,   0.900,   0.854,   2.689,   0.800,   2.589,   0.900,   2.689
202604051106,   1.053,   2.840,9999.000,9999.000,9999.000,9999.000,9999.000,9999.000,9999.000
202604051112,   1.175,   2.978,9999.000,9999.000,9999.000,9999.000,9999.000,9999.000,9999.000
202604051118,   1.302,   3.109,9999.000,9999.000,9999.000,9999.000,9999.000,9999.000,9999.000
202604051124,   1.432,   3.230,9999.000,9999.000,9999.000,9999.000,9999.000,9999.000,9999.000
202604051130,   1.565,   3.358,9999.000,9999.000,9999.000,9999.000,9999.000,9999.000,9999.000
202604051136,   1.700,   3.499,9999.000,9999.000,9999.000,9999.000,9999.000,9999.000,9999.000
202604051142,   1.837,   3.627,9999.000,9999.000,9999.000,9999.000,9999.000,9999.000,9999.000
202604051148,   1.974,   3.758,9999.000,9999.000,9999.000,9999.000,9999.000,9999.000,9999.000
202604051154,   2.112,   3.870,9999.000,9999.000,9999.000,9999.000,9999.000,9999.000,9999.000
202604051200,   2.250,   3.978,   0.800,   0.928,   3.978,   0.700,   3.878,   0.900,   4.078
202604051206,   2.386,   4.109,9999.000,9999.000,9999.000,9999.000,9999.000,9999.000,9999.000
202604051212,   2.521,   4.218,9999.000,9999.000,9999.000,9999.000,9999.000,9999.000,9999.000
202604051218,   2.654,   4.339,9999.000,9999.000,9999.000,9999.000,9999.000,9999.000,9999.000
202604051224,   2.785,   4.457,9999.000,9999.000,9999.000,9999.000,9999.000,9999.000,9999.000
202604051230,   2.913,   4.578,9999.000,9999.000,9999.000,9999.000,9999.000,9999.000,9999.000
202604051236,   3.038,   4.677,9999.000,9999.000,9999.000,9999.000,9999.000,9999.000,9999.000
202604051242,   3.160,   4.759,9999.000,9999.000,9999.000,9999.000,9999.000,9999.000,9999.000
202604051248,   3.278,   4.847,9999.000,9999.000,9999.000,9999.000,9999.000,9999.000,9999.000
202604051254,   3.393,   4.959,9999.000,9999.000,9999.000,9999.000,9999.000,9999.000,9999.000
202604051300,   3.504,   5.047,   0.800,   0.743,   5.047,   0.700,   4.947,   0.900,   5.147
202604051306,   3.610,   5.129,9999.000,9999.000,9999.000,9999.000,9999.000,9999.000,9999.000
202604051312,   3.713,   5.208,9999.000,9999.000,9999.000,9999.000,9999.000,9999.000,9999.000
202604051318,   3.811,   5.277,9999.000,9999.000,9999.000,9999.000,9999.000,9999.000,9999.000
202604051324,   3.905,   5.349,9999.000,9999.000,9999.000,9999.000,9999.000,9999.000,9999.000
202604051330,   3.996,   5.389,9999.000,9999.000,9999.000,9999.000,9999.000,9999.000,9999.000
202604051336,   4.081,   5.438,9999.000,9999.000,9999.000,9999.000,9999.000,9999.000,9999.000
202604051342,   4.163,   5.487,9999.000,9999.000,9999.000,9999.000,9999.000,9999.000,9999.000
202604051348,   4.241,   5.549,9999.000,9999.000,9999.000,9999.000,9999.000,9999.000,9999.000
202604051354,   4.314,   5.589,9999.000,9999.000,9999.000,9999.000,9999.000,9999.000,9999.000
202604051400,   4.383,   5.628,   0.800,   0.445,   5.628,   0.700,   5.528,   0.900,   5.728
202604051406,   4.447,   5.687,9999.000,9999.000,9999.000,9999.000,9999.000,9999.000,9999.000
202604051412,   4.508,   5.759,9999.000,9999.000,9999.000,9999.000,9999.000,9999.000,9999.000
202604051418,   4.564,   5.789,9999.000,9999.000,9999.000,9999.000,9999.000,9999.000,9999.000
202604051424,   4.615,   5.808,9999.000,9999.000,9999.000,9999.000,9999.000,9999.000,9999.000
202604051430,   4.662,   5.838,9999.000,9999.000,9999.000,9999.000,9999.000,9999.000,9999.000
202604051436,   4.704,   5.867,9999.000,9999.000,9999.000,9999.000,9999.000,9999.000,9999.000
202604051442,   4.741,   5.867,9999.000,9999.000,9999.000,9999.000,9999.000,9999.000,9999.000
202604051448,   4.774,   5.858,9999.000,9999.000,9999.000,9999.000,9999.000,9999.000,9999.000
202604051454,   4.801,   5.838,9999.000,9999.000,9999.000,9999.000,9999.000,9999.000,9999.000
202604051500,   4.824,   5.858,   0.700,   0.334,   5.858,   0.600,   5.758,   0.800,   5.958
202604051506,   4.840,   5.877,9999.000,9999.000,9999.000,9999.000,9999.000,9999.000,9999.000
202604051512,   4.852,   5.887,9999.000,9999.000,9999.000,9999.000,9999.000,9999.000,9999.000
202604051518,   4.858,   5.887,9999.000,9999.000,9999.000,9999.000,9999.000,9999.000,9999.000
202604051524,   4.858,   5.867,9999.000,9999.000,9999.000,9999.000,9999.000,9999.000,9999.000
202604051530,   4.852,   5.838,9999.000,9999.000,9999.000,9999.000,9999.000,9999.000,9999.000
202604051536,   4.841,   5.808,9999.000,9999.000,9999.000,9999.000,9999.000,9999.000,9999.000
202604051542,   4.823,   5.769,9999.000,9999.000,9999.000,9999.000,9999.000,9999.000,9999.000
202604051548,   4.800,   5.707,9999.000,9999.000,9999.000,9999.000,9999.000,9999.000,9999.000
202604051554,   4.770,   5.648,9999.000,9999.000,9999.000,9999.000,9999.000,9999.000,9999.000
202604051600,   4.735,   5.579,   0.700,   0.144,   5.579,   0.600,   5.479,   0.800,   5.679
202604051606,   4.693,   5.497,9999.000,9999.000,9999.000,9999.000,9999.000,9999.000,9999.000
202604051612,   4.646,   5.428,9999.000,9999.000,9999.000,9999.000,9999.000,9999.000,9999.000
202604051618,   4.593,   5.369,9999.000,9999.000,9999.000,9999.000,9999.000,9999.000,9999.000
202604051624,   4.535,   5.287,9999.000,9999.000,9999.000,9999.000,9999.000,9999.000,9999.000
202604051630,   4.471,   5.198,9999.000,9999.000,9999.000,9999.000,9999.000,9999.000,9999.000
202604051636,   4.402,   5.110,9999.000,9999.000,9999.000,9999.000,9999.000,9999.000,9999.000
202604051642,   4.328,   5.018,9999.000,9999.000,9999.000,9999.000,9999.000,9999.000,9999.000
202604051648,   4.249,   4.877,9999.000,9999.000,9999.000,9999.000,9999.000,9999.000,9999.000
202604051654,   4.166,   4.739,9999.000,9999.000,9999.000,9999.000,9999.000,9999.000,9999.000
202604051700,   4.079,   4.618,   0.600,  -0.061,   4.618,   0.500,   4.518,   0.700,   4.718
202604051706,   3.988,   4.500,9999.000,9999.000,9999.000,9999.000,9999.000,9999.000,9999.000
202604051712,   3.893,   4.359,9999.000,9999.000,9999.000,9999.000,9999.000,9999.000,9999.000
202604051718,   3.796,   4.227,9999.000,9999.000,9999.000,9999.000,9999.000,9999.000,9999.000
202604051724,   3.695,   4.109,9999.000,9999.000,9999.000,9999.000,9999.000,9999.000,9999.000
202604051730,   3.593,   3.988,9999.000,9999.000,9999.000,9999.000,9999.000,9999.000,9999.000
202604051736,   3.488,   3.860,9999.000,9999.000,9999.000,9999.000,9999.000,9999.000,9999.000
202604051742,   3.382,   3.729,9999.000,9999.000,9999.000,9999.000,9999.000,9999.000,9999.000
202604051748,   3.274,   3.617,9999.000,9999.000,9999.000,9999.000,9999.000,9999.000,9999.000
202604051754,   3.165,   3.499,9999.000,9999.000,9999.000,9999.000,9999.000,9999.000,9999.000
202604051800,   3.055,   3.398,   0.600,  -0.257,   3.398,   0.400,   3.198,   0.600,   3.398
202604051806,   2.945,   3.299,9999.000,9999.000,9999.000,9999.000,9999.000,9999.000,9999.000
202604051812,   2.836,   3.168,9999.000,9999.000,9999.000,9999.000,9999.000,9999.000,9999.000
202604051818,   2.726,   3.070,9999.000,9999.000,9999.000,9999.000,9999.000,9999.000,9999.000
202604051824,   2.617,   2.958,9999.000,9999.000,9999.000,9999.000,9999.000,9999.000,9999.000
202604051830,   2.508,   2.929,9999.000,9999.000,9999.000,9999.000,9999.000,9999.000,9999.000
202604051836,   2.401,   2.820,9999.000,9999.000,9999.000,9999.000,9999.000,9999.000,9999.000
202604051842,   2.294,   2.689,9999.000,9999.000,9999.000,9999.000,9999.000,9999.000,9999.000
202604051848,   2.190,   2.597,9999.000,9999.000,9999.000,9999.000,9999.000,9999.000,9999.000
202604051854,   2.086,   2.519,9999.000,9999.000,9999.000,9999.000,9999.000,9999.000,9999.000
202604051900,   1.985,   2.420,   0.500,  -0.065,   2.420,   0.400,   2.320,   0.600,   2.520
202604051906,   1.885,   2.299,9999.000,9999.000,9999.000,9999.000,9999.000,9999.000,9999.000
202604051912,   1.788,   2.210,9999.000,9999.000,9999.000,9999.000,9999.000,9999.000,9999.000
202604051918,   1.692,   2.138,9999.000,9999.000,9999.000,9999.000,9999.000,9999.000,9999.000
202604051924,   1.599,   2.099,9999.000,9999.000,9999.000,9999.000,9999.000,9999.000,9999.000
202604051930,   1.509,   1.908,9999.000,9999.000,9999.000,9999.000,9999.000,9999.000,9999.000
202604051936,   1.421,   1.859,9999.000,9999.000,9999.000,9999.000,9999.000,9999.000,9999.000
202604051942,   1.336,   1.767,9999.000,9999.000,9999.000,9999.000,9999.000,9999.000,9999.000
202604051948,   1.254,   1.728,9999.000,9999.000,9999.000,9999.000,9999.000,9999.000,9999.000
202604051954,   1.174,   1.610,9999.000,9999.000,9999.000,9999.000,9999.000,9999.000,9999.000
202604052000,   1.098,   1.571,   0.500,  -0.027,   1.571,   0.300,   1.371,   0.600,   1.671
202604052006,   1.025,   1.459,9999.000,9999.000,9999.000,9999.000,9999.000,9999.000,9999.000
202604052012,   0.955,   1.371,9999.000,9999.000,9999.000,9999.000,9999.000,9999.000,9999.000
202604052018,   0.889,   1.289,9999.000,9999.000,9999.000,9999.000,9999.000,9999.000,9999.000
202604052024,   0.827,   1.249,9999.000,9999.000,9999.000,9999.000,9999.000,9999.000,9999.000
202604052030,   0.769,   1.180,9999.000,9999.000,9999.000,9999.000,9999.000,9999.000,9999.000
202604052036,   0.715,   1.108,9999.000,9999.000,9999.000,9999.000,9999.000,9999.000,9999.000
202604052042,   0.665,   1.039,9999.000,9999.000,9999.000,9999.000,9999.000,9999.000,9999.000
202604052048,   0.621,   1.000,9999.000,9999.000,9999.000,9999.000,9999.000,9999.000,9999.000
202604052054,   0.581,   1.010,9999.000,9999.000,9999.000,9999.000,9999.000,9999.000,9999.000
202604052100,   0.546,   0.941,   0.400,  -0.005,   0.941,   0.200,   0.741,   0.500,   1.041
202604052106,   0.517,   0.898,9999.000,9999.000,9999.000,9999.000,9999.000,9999.000,9999.000
202604052112,   0.493,   0.990,9999.000,9999.000,9999.000,9999.000,9999.000,9999.000,9999.000
202604052118,   0.476,   0.859,9999.000,9999.000,9999.000,9999.000,9999.000,9999.000,9999.000
202604052124,   0.465,   0.849,9999.000,9999.000,9999.000,9999.000,9999.000,9999.000,9999.000
202604052130,   0.460,   0.869,9999.000,9999.000,9999.000,9999.000,9999.000,9999.000,9999.000
202604052136,   0.463,   0.951,9999.000,9999.000,9999.000,9999.000,9999.000,9999.000,9999.000
202604052142,   0.472,   0.980,9999.000,9999.000,9999.000,9999.000,9999.000,9999.000,9999.000
202604052148,   0.489,   1.000,9999.000,9999.000,9999.000,9999.000,9999.000,9999.000,9999.000
202604052154,   0.514,   1.039,9999.000,9999.000,9999.000,9999.000,9999.000,9999.000,9999.000
202604052200,   0.546,   1.088,   0.400,   0.142,   1.088,   0.200,   0.888,   0.500,   1.188
202604052206,   0.586,   1.161,9999.000,9999.000,9999.000,9999.000,9999.000,9999.000,9999.000
202604052212,   0.634,   1.249,9999.000,9999.000,9999.000,9999.000,9999.000,9999.000,9999.000
202604052218,   0.690,   1.390,9999.000,9999.000,9999.000,9999.000,9999.000,9999.000,9999.000
202604052224,   0.753,   1.580,9999.000,9999.000,9999.000,9999.000,9999.000,9999.000,9999.000
202604052230,   0.825,   1.679,9999.000,9999.000,9999.000,9999.000,9999.000,9999.000,9999.000
202604052236,   0.904,   1.800,9999.000,9999.000,9999.000,9999.000,9999.000,9999.000,9999.000
202604052242,   0.991,   1.938,9999.000,9999.000,9999.000,9999.000,9999.000,9999.000,9999.000
202604052248,   1.085,   2.069,9999.000,9999.000,9999.000,9999.000,9999.000,9999.000,9999.000
202604052254,   1.186,   2.200,9999.000,9999.000,9999.000,9999.000,9999.000,9999.000,9999.000
202604052300,   1.294,   2.309,   0.300,   0.715,   2.309,   0.100,   2.109,   0.500,   2.509
202604052306,   1.408,   2.459,9999.000,9999.000,9999.000,9999.000,9999.000,9999.000,9999.000
202604052312,   1.528,   2.640,9999.000,9999.000,9999.000,9999.000,9999.000,9999.000,9999.000
202604052318,   1.653,   2.807,9999.000,9999.000,9999.000,9999.000,9999.000,9999.000,9999.000
202604052324,   1.783,   2.948,9999.000,9999.000,9999.000,9999.000,9999.000,9999.000,9999.000
202604052330,   1.916,   3.079,9999.000,9999.000,9999.000,9999.000,9999.000,9999.000,9999.000
202604052336,   2.054,   3.168,9999.000,9999.000,9999.000,9999.000,9999.000,9999.000,9999.000
202604052342,   2.193,   3.319,9999.000,9999.000,9999.000,9999.000,9999.000,9999.000,9999.000
202604052348,   2.336,   3.489,9999.000,9999.000,9999.000,9999.000,9999.000,9999.000,9999.000
202604052354,   2.479,   3.650,9999.000,9999.000,9999.000,9999.000,9999.000,9999.000,9999.000
202604060000,   2.624,   3.837,   0.400,   0.813,   3.837,   0.300,   3.737,   0.400,   3.837
202604060006,   2.768,   4.037,9999.000,9999.000,9999.000,9999.000,9999.000,9999.000,9999.000
202604060012,   2.912,   4.159,9999.000,9999.000,9999.000,9999.000,9999.000,9999.000,9999.000
202604060018,   3.056,   4.280,9999.000,9999.000,9999.000,9999.000,9999.000,9999.000,9999.000
202604060024,   3.197,   4.447,9999.000,9999.000,9999.000,9999.000,9999.000,9999.000,9999.000
202604060030,   3.337,   4.628,9999.000,9999.000,9999.000,9999.000,9999.000,9999.000,9999.000
202604060036,   3.474,   4.769,9999.000,9999.000,9999.000,9999.000,9999.000,9999.000,9999.000
202604060042,   3.608,   4.900,9999.000,9999.000,9999.000,9999.000,9999.000,9999.000,9999.000
202604060048,   3.739,   4.998,9999.000,9999.000,9999.000,9999.000,9999.000,9999.000,9999.000
202604060054,   3.866,   5.208,9999.000,9999.000,9999.000,9999.000,9999.000,9999.000,9999.000
202604060100,   3.989,   5.329,   0.300,   1.040,   5.329,   0.300,   5.329,   0.400,   5.429
202604060106,   4.108,   5.467,9999.000,9999.000,9999.000,9999.000,9999.000,9999.000,9999.000
202604060112,   4.223,   5.579,9999.000,9999.000,9999.000,9999.000,9999.000,9999.000,9999.000
202604060118,   4.334,   5.667,9999.000,9999.000,9999.000,9999.000,9999.000,9999.000,9999.000
202604060124,   4.440,   5.749,9999.000,9999.000,9999.000,9999.000,9999.000,9999.000,9999.000
202604060130,   4.541,   5.838,9999.000,9999.000,9999.000,9999.000,9999.000,9999.000,9999.000
202604060136,   4.638,   5.887,9999.000,9999.000,9999.000,9999.000,9999.000,9999.000,9999.000
202604060142,   4.730,   6.038,9999.000,9999.000,9999.000,9999.000,9999.000,9999.000,9999.000
202604060148,   4.818,   6.107,9999.000,9999.000,9999.000,9999.000,9999.000,9999.000,9999.000
202604060154,   4.901,   6.149,9999.000,9999.000,9999.000,9999.000,9999.000,9999.000,9999.000
202604060200,   4.979,   6.117,   0.300,   0.838,   6.117,   0.200,   6.017,   0.400,   6.217
202604060206,   5.053,   6.179,9999.000,9999.000,9999.000,9999.000,9999.000,9999.000,9999.000
202604060212,   5.123,   6.228,9999.000,9999.000,9999.000,9999.000,9999.000,9999.000,9999.000
202604060218,   5.188,   6.258,9999.000,9999.000,9999.000,9999.000,9999.000,9999.000,9999.000
202604060224,   5.248,   6.258,9999.000,9999.000,9999.000,9999.000,9999.000,9999.000,9999.000
202604060230,   5.304,   6.228,9999.000,9999.000,9999.000,9999.000,9999.000,9999.000,9999.000
202604060236,   5.356,   6.238,9999.000,9999.000,9999.000,9999.000,9999.000,9999.000,9999.000
202604060242,   5.403,   6.228,9999.000,9999.000,9999.000,9999.000,9999.000,9999.000,9999.000
202604060248,   5.445,   6.189,9999.000,9999.000,9999.000,9999.000,9999.000,9999.000,9999.000
202604060254,   5.483,   6.149,9999.000,9999.000,9999.000,9999.000,9999.000,9999.000,9999.000
202604060300,   5.516,   6.067,   0.300,   0.251,   6.067,   0.200,   5.967,   0.400,   6.167
202604060306,   5.545,   6.077,9999.000,9999.000,9999.000,9999.000,9999.000,9999.000,9999.000
202604060312,   5.568,   5.979,9999.000,9999.000,9999.000,9999.000,9999.000,9999.000,9999.000
202604060318,   5.586,   5.867,9999.000,9999.000,9999.000,9999.000,9999.000,9999.000,9999.000
202604060324,   5.599,   5.789,9999.000,9999.000,9999.000,9999.000,9999.000,9999.000,9999.000
202604060330,   5.607,   5.749,9999.000,9999.000,9999.000,9999.000,9999.000,9999.000,9999.000
202604060336,   5.609,   5.677,9999.000,9999.000,9999.000,9999.000,9999.000,9999.000,9999.000
202604060342,   5.606,   5.589,9999.000,9999.000,9999.000,9999.000,9999.000,9999.000,9999.000
202604060348,   5.597,   5.516,9999.000,9999.000,9999.000,9999.000,9999.000,9999.000,9999.000
202604060354,   5.583,   5.418,9999.000,9999.000,9999.000,9999.000,9999.000,9999.000,9999.000
202604060400,   5.562,   5.408,   0.300,  -0.454,   5.408,   0.200,   5.308,   0.300,   5.408
202604060406,   5.535,   5.369,9999.000,9999.000,9999.000,9999.000,9999.000,9999.000,9999.000
202604060412,   5.503,   5.267,9999.000,9999.000,9999.000,9999.000,9999.000,9999.000,9999.000
202604060418,   5.464,   5.179,9999.000,9999.000,9999.000,9999.000,9999.000,9999.000,9999.000
202604060424,   5.419,   5.129,9999.000,9999.000,9999.000,9999.000,9999.000,9999.000,9999.000
202604060430,   5.369,   5.038,9999.000,9999.000,9999.000,9999.000,9999.000,9999.000,9999.000
202604060436,   5.312,   4.877,9999.000,9999.000,9999.000,9999.000,9999.000,9999.000,9999.000
202604060442,   5.249,   4.749,9999.000,9999.000,9999.000,9999.000,9999.000,9999.000,9999.000
202604060448,   5.181,   4.700,9999.000,9999.000,9999.000,9999.000,9999.000,9999.000,9999.000
202604060454,   5.107,   4.588,9999.000,9999.000,9999.000,9999.000,9999.000,9999.000,9999.000
202604060500,   5.028,   4.467,   0.200,  -0.761,   4.467,   0.200,   4.467,   0.300,   4.567
202604060506,   4.943,   4.339,9999.000,9999.000,9999.000,9999.000,9999.000,9999.000,9999.000
202604060512,   4.853,   4.257,9999.000,9999.000,9999.000,9999.000,9999.000,9999.000,9999.000
202604060518,   4.759,   4.159,9999.000,9999.000,9999.000,9999.000,9999.000,9999.000,9999.000
202604060524,   4.661,   4.027,9999.000,9999.000,9999.000,9999.000,9999.000,9999.000,9999.000
202604060530,   4.558,   3.919,9999.000,9999.000,9999.000,9999.000,9999.000,9999.000,9999.000
202604060536,   4.451,   3.808,9999.000,9999.000,9999.000,9999.000,9999.000,9999.000,9999.000
202604060542,   4.341,   3.670,9999.000,9999.000,9999.000,9999.000,9999.000,9999.000,9999.000
202604060548,   4.228,   3.660,9999.000,9999.000,9999.000,9999.000,9999.000,9999.000,9999.000
202604060554,   4.113,   3.558,9999.000,9999.000,9999.000,9999.000,9999.000,9999.000,9999.000
202604060600,   3.994,   3.470,   0.200,  -0.724,   3.470,   0.200,   3.470,   0.300,   3.570
202604060606,   3.874,   3.378,9999.000,9999.000,9999.000,9999.000,9999.000,9999.000,9999.000
202604060612,   3.752,   3.289,9999.000,9999.000,9999.000,9999.000,9999.000,9999.000,9999.000
202604060618,   3.629,   3.217,9999.000,9999.000,9999.000,9999.000,9999.000,9999.000,9999.000
202604060624,   3.505,   3.148,9999.000,9999.000,9999.000,9999.000,9999.000,9999.000,9999.000
202604060630,   3.380,   3.050,9999.000,9999.000,9999.000,9999.000,9999.000,9999.000,9999.000
202604060636,   3.255,   2.958,9999.000,9999.000,9999.000,9999.000,9999.000,9999.000,9999.000
202604060642,   3.130,   2.889,9999.000,9999.000,9999.000,9999.000,9999.000,9999.000,9999.000
202604060648,   3.005,   2.807,9999.000,9999.000,9999.000,9999.000,9999.000,9999.000,9999.000
202604060654,   2.881,   2.719,9999.000,9999.000,9999.000,9999.000,9999.000,9999.000,9999.000
202604060700,   2.757,   2.650,   0.200,  -0.307,   2.650,   0.100,   2.550,   0.300,   2.750
202604060706,   2.635,   2.568,9999.000,9999.000,9999.000,9999.000,9999.000,9999.000,9999.000
202604060712,   2.514,   2.499,9999.000,9999.000,9999.000,9999.000,9999.000,9999.000,9999.000
202604060718,   2.394,   2.459,9999.000,9999.000,9999.000,9999.000,9999.000,9999.000,9999.000
202604060724,   2.276,   2.377,9999.000,9999.000,9999.000,9999.000,9999.000,9999.000,9999.000
202604060730,   2.160,   2.299,9999.000,9999.000,9999.000,9999.000,9999.000,9999.000,9999.000
202604060736,   2.046,   2.138,9999.000,9999.000,9999.000,9999.000,9999.000,9999.000,9999.000
202604060742,   1.934,   2.118,9999.000,9999.000,9999.000,9999.000,9999.000,9999.000,9999.000
202604060748,   1.825,   2.089,9999.000,9999.000,9999.000,9999.000,9999.000,9999.000,9999.000
202604060754,   1.718,   2.000,9999.000,9999.000,9999.000,9999.000,9999.000,9999.000,9999.000
202604060800,   1.613,   1.938,   0.200,   0.125,   1.938,   0.100,   1.838,   0.200,   1.938
202604060806,   1.512,   1.899,9999.000,9999.000,9999.000,9999.000,9999.000,9999.000,9999.000
202604060812,   1.413,   1.840,9999.000,9999.000,9999.000,9999.000,9999.000,9999.000,9999.000
202604060818,   1.318,   1.781,9999.000,9999.000,9999.000,9999.000,9999.000,9999.000,9999.000
202604060824,   1.226,   1.699,9999.000,9999.000,9999.000,9999.000,9999.000,9999.000,9999.000
202604060830,   1.137,   1.610,9999.000,9999.000,9999.000,9999.000,9999.000,9999.000,9999.000
202604060836,   1.051,   1.548,9999.000,9999.000,9999.000,9999.000,9999.000,9999.000,9999.000
202604060842,   0.970,   1.469,9999.000,9999.000,9999.000,9999.000,9999.000,9999.000,9999.000
202604060848,   0.892,   1.410,9999.000,9999.000,9999.000,9999.000,9999.000,9999.000,9999.000
202604060854,   0.818,   1.289,9999.000,9999.000,9999.000,9999.000,9999.000,9999.000,9999.000
202604060900,   0.749,   1.249,   0.200,   0.300,   1.249,   0.100,   1.149,   0.200,   1.249
202604060906,   0.684,   1.108,9999.000,9999.000,9999.000,9999.000,9999.000,9999.000,9999.000
202604060912,   0.623,   1.059,9999.000,9999.000,9999.000,9999.000,9999.000,9999.000,9999.000
202604060918,   0.568,   0.970,9999.000,9999.000,9999.000,9999.000,9999.000,9999.000,9999.000
202604060924,   0.518,   0.908,9999.000,9999.000,9999.000,9999.000,9999.000,9999.000,9999.000
202604060930,   0.473,   0.888,9999.000,9999.000,9999.000,9999.000,9999.000,9999.000,9999.000
202604060936,   0.434,   0.859,9999.000,9999.000,9999.000,9999.000,9999.000,9999.000,9999.000
202604060942,   0.401,   0.760,9999.000,9999.000,9999.000,9999.000,9999.000,9999.000,9999.000
202604060948,   0.373,   0.600,9999.000,9999.000,9999.000,9999.000,9999.000,9999.000,9999.000
202604060954,   0.353,   0.610,9999.000,9999.000,9999.000,9999.000,9999.000,9999.000,9999.000
202604061000,   0.339,   0.541,   0.100,   0.102,   0.541,   0.100,   0.541,   0.200,   0.641
202604061006,   0.331,   0.469,9999.000,9999.000,9999.000,9999.000,9999.000,9999.000,9999.000
202604061012,   0.331,   0.459,9999.000,9999.000,9999.000,9999.000,9999.000,9999.000,9999.000
202604061018,   0.338,   0.478,9999.000,9999.000,9999.000,9999.000,9999.000,9999.000,9999.000
202604061024,   0.352,   0.488,9999.000,9999.000,9999.000,9999.000,9999.000,9999.000,9999.000
202604061030,   0.374,   0.488,9999.000,9999.000,9999.000,9999.000,9999.000,9999.000,9999.000
202604061036,   0.403,   0.541,9999.000,9999.000,9999.000,9999.000,9999.000,9999.000,9999.000
202604061042,   0.440,   0.600,9999.000,9999.000,9999.000,9999.000,9999.000,9999.000,9999.000
202604061048,   0.484,   0.669,9999.000,9999.000,9999.000,9999.000,9999.000,9999.000,9999.000
202604061054,   0.535,   0.770,9999.000,9999.000,9999.000,9999.000,9999.000,9999.000,9999.000
202604061100,   0.594,   0.879,   0.100,   0.185,   0.879,   0.000,   0.779,   0.200,   0.979
202604061106,   0.660,   0.941,9999.000,9999.000,9999.000,9999.000,9999.000,9999.000,9999.000
202604061112,   0.733,   1.010,9999.000,9999.000,9999.000,9999.000,9999.000,9999.000,9999.000
202604061118,   0.813,   1.108,9999.000,9999.000,9999.000,9999.000,9999.000,9999.000,9999.000
202604061124,   0.899,   1.269,9999.000,9999.000,9999.000,9999.000,9999.000,9999.000,9999.000
202604061130,   0.991,   1.479,9999.000,9999.000,9999.000,9999.000,9999.000,9999.000,9999.000
202604061136,   1.089,   1.580,9999.000,9999.000,9999.000,9999.000,9999.000,9999.000,9999.000
202604061142,   1.191,   1.659,9999.000,9999.000,9999.000,9999.000,9999.000,9999.000,9999.000
202604061148,   1.299,   1.758,9999.000,9999.000,9999.000,9999.000,9999.000,9999.000,9999.000
202604061154,   1.410,   1.869,9999.000,9999.000,9999.000,9999.000,9999.000,9999.000,9999.000
202604061200,   1.524,   1.967,   0.100,   0.343,   1.967,   0.100,   1.967,   0.200,   2.067
202604061206,   1.641,   2.049,9999.000,9999.000,9999.000,9999.000,9999.000,9999.000,9999.000
202604061212,   1.761,   2.158,9999.000,9999.000,9999.000,9999.000,9999.000,9999.000,9999.000
202604061218,   1.882,   2.250,9999.000,9999.000,9999.000,9999.000,9999.000,9999.000,9999.000
202604061224,   2.004,   2.387,9999.000,9999.000,9999.000,9999.000,9999.000,9999.000,9999.000
202604061230,   2.126,   2.538,9999.000,9999.000,9999.000,9999.000,9999.000,9999.000,9999.000
202604061236,   2.248,   2.660,9999.000,9999.000,9999.000,9999.000,9999.000,9999.000,9999.000
202604061242,   2.370,   2.738,9999.000,9999.000,9999.000,9999.000,9999.000,9999.000,9999.000
202604061248,   2.490,   2.787,9999.000,9999.000,9999.000,9999.000,9999.000,9999.000,9999.000
202604061254,   2.608,   2.919,9999.000,9999.000,9999.000,9999.000,9999.000,9999.000,9999.000
202604061300,   2.725,   3.007,   0.100,   0.182,   3.007,   0.000,   2.907,   0.200,   3.107
202604061306,   2.839,   3.070,9999.000,9999.000,9999.000,9999.000,9999.000,9999.000,9999.000
202604061312,   2.950,   3.158,9999.000,9999.000,9999.000,9999.000,9999.000,9999.000,9999.000
202604061318,   3.057,   3.240,9999.000,9999.000,9999.000,9999.000,9999.000,9999.000,9999.000
202604061324,   3.162,   3.319,9999.000,9999.000,9999.000,9999.000,9999.000,9999.000,9999.000
202604061330,   3.263,   3.407,9999.000,9999.000,9999.000,9999.000,9999.000,9999.000,9999.000
202604061336,   3.360,   3.489,9999.000,9999.000,9999.000,9999.000,9999.000,9999.000,9999.000
202604061342,   3.454,   3.578,9999.000,9999.000,9999.000,9999.000,9999.000,9999.000,9999.000
202604061348,   3.544,   3.660,9999.000,9999.000,9999.000,9999.000,9999.000,9999.000,9999.000
202604061354,   3.629,   3.749,9999.000,9999.000,9999.000,9999.000,9999.000,9999.000,9999.000
202604061400,   3.711,   3.827,   0.100,   0.016,   3.827,   0.000,   3.727,   0.100,   3.827
202604061406,   3.790,   3.880,9999.000,9999.000,9999.000,9999.000,9999.000,9999.000,9999.000
202604061412,   3.864,   3.978,9999.000,9999.000,9999.000,9999.000,9999.000,9999.000,9999.000
202604061418,   3.934,   4.047,9999.000,9999.000,9999.000,9999.000,9999.000,9999.000,9999.000
202604061424,   4.001,   4.099,9999.000,9999.000,9999.000,9999.000,9999.000,9999.000,9999.000
202604061430,   4.064,   4.070,9999.000,9999.000,9999.000,9999.000,9999.000,9999.000,9999.000
202604061436,   4.124,   4.129,9999.000,9999.000,9999.000,9999.000,9999.000,9999.000,9999.000
202604061442,   4.180,   4.237,9999.000,9999.000,9999.000,9999.000,9999.000,9999.000,9999.000
202604061448,   4.232,   4.290,9999.000,9999.000,9999.000,9999.000,9999.000,9999.000,9999.000
202604061454,   4.281,   4.290,9999.000,9999.000,9999.000,9999.000,9999.000,9999.000,9999.000
202604061500,   4.326,   4.349,   0.100,  -0.077,   4.349,   0.000,   4.249,   0.100,   4.349
202604061506,   4.367,   4.447,9999.000,9999.000,9999.000,9999.000,9999.000,9999.000,9999.000
202604061512,   4.405,   4.490,9999.000,9999.000,9999.000,9999.000,9999.000,9999.000,9999.000
202604061518,   4.440,   4.539,9999.000,9999.000,9999.000,9999.000,9999.000,9999.000,9999.000
202604061524,   4.470,   4.618,9999.000,9999.000,9999.000,9999.000,9999.000,9999.000,9999.000
202604061530,   4.497,   4.677,9999.000,9999.000,9999.000,9999.000,9999.000,9999.000,9999.000
202604061536,   4.519,   4.710,9999.000,9999.000,9999.000,9999.000,9999.000,9999.000,9999.000
202604061542,   4.538,   4.749,9999.000,9999.000,9999.000,9999.000,9999.000,9999.000,9999.000
202604061548,   4.552,   4.778,9999.000,9999.000,9999.000,9999.000,9999.000,9999.000,9999.000
202604061554,   4.562,   4.808,9999.000,9999.000,9999.000,9999.000,9999.000,9999.000,9999.000
202604061600,   4.567,   4.857,   0.100,   0.190,   4.857,   0.000,   4.757,   0.100,   4.857
202604061606,   4.568,   4.847,9999.000,9999.000,9999.000,9999.000,9999.000,9999.000,9999.000
202604061612,   4.564,   4.828,9999.000,9999.000,9999.000,9999.000,9999.000,9999.000,9999.000
202604061618,   4.555,   4.877,9999.000,9999.000,9999.000,9999.000,9999.000,9999.000,9999.000
202604061624,   4.541,   4.877,9999.000,9999.000,9999.000,9999.000,9999.000,9999.000,9999.000
202604061630,   4.522,   4.877,9999.000,9999.000,9999.000,9999.000,9999.000,9999.000,9999.000
202604061636,   4.497,   4.900,9999.000,9999.000,9999.000,9999.000,9999.000,9999.000,9999.000
202604061642,   4.468,   4.929,9999.000,9999.000,9999.000,9999.000,9999.000,9999.000,9999.000
202604061648,   4.433,   4.919,9999.000,9999.000,9999.000,9999.000,9999.000,9999.000,9999.000
202604061654,   4.393,   4.867,9999.000,9999.000,9999.000,9999.000,9999.000,9999.000,9999.000
202604061700,   4.347,   4.818,   0.100,   0.371,   4.818,   0.000,   4.718,   0.100,   4.818
202604061706,   4.297,   4.778,9999.000,9999.000,9999.000,9999.000,9999.000,9999.000,9999.000
202604061712,   4.242,   4.700,9999.000,9999.000,9999.000,9999.000,9999.000,9999.000,9999.000
202604061718,   4.181,   4.588,9999.000,9999.000,9999.000,9999.000,9999.000,9999.000,9999.000
202604061724,   4.116,   4.457,9999.000,9999.000,9999.000,9999.000,9999.000,9999.000,9999.000
202604061730,   4.047,   4.368,9999.000,9999.000,9999.000,9999.000,9999.000,9999.000,9999.000
202604061736,   3.973,   4.267,9999.000,9999.000,9999.000,9999.000,9999.000,9999.000,9999.000
202604061742,   3.895,   4.129,9999.000,9999.000,9999.000,9999.000,9999.000,9999.000,9999.000
202604061748,   3.814,   4.027,9999.000,9999.000,9999.000,9999.000,9999.000,9999.000,9999.000
202604061754,   3.729,   3.909,9999.000,9999.000,9999.000,9999.000,9999.000,9999.000,9999.000
202604061800,   3.640,   3.798,   0.100,   0.058,   3.798,   0.000,   3.698,   0.100,   3.798
202604061806,   3.549,   3.689,9999.000,9999.000,9999.000,9999.000,9999.000,9999.000,9999.000
202604061812,   3.456,   3.627,9999.000,9999.000,9999.000,9999.000,9999.000,9999.000,9999.000
202604061818,   3.360,   3.509,9999.000,9999.000,9999.000,9999.000,9999.000,9999.000,9999.000
202604061824,   3.262,   3.358,9999.000,9999.000,9999.000,9999.000,9999.000,9999.000,9999.000
202604061830,   3.163,   3.240,9999.000,9999.000,9999.000,9999.000,9999.000,9999.000,9999.000
202604061836,   3.063,   3.119,9999.000,9999.000,9999.000,9999.000,9999.000,9999.000,9999.000
202604061842,   2.962,   2.988,9999.000,9999.000,9999.000,9999.000,9999.000,9999.000,9999.000
202604061848,   2.860,   2.728,9999.000,9999.000,9999.000,9999.000,9999.000,9999.000,9999.000
202604061854,   2.759,   2.587,9999.000,9999.000,9999.000,9999.000,9999.000,9999.000,9999.000
202604061900,   2.657,   2.499,   0.100,  -0.258,   2.499,   0.000,   2.399,   0.100,   2.499
202604061906,   2.556,   2.368,9999.000,9999.000,9999.000,9999.000,9999.000,9999.000,9999.000
202604061912,   2.456,   2.220,9999.000,9999.000,9999.000,9999.000,9999.000,9999.000,9999.000
202604061918,   2.357,   2.118,9999.000,9999.000,9999.000,9999.000,9999.000,9999.000,9999.000
202604061924,   2.260,   2.020,9999.000,9999.000,9999.000,9999.000,9999.000,9999.000,9999.000
202604061930,   2.164,   1.918,9999.000,9999.000,9999.000,9999.000,9999.000,9999.000,9999.000
202604061936,   2.070,   1.800,9999.000,9999.000,9999.000,9999.000,9999.000,9999.000,9999.000
202604061942,   1.978,   1.669,9999.000,9999.000,9999.000,9999.000,9999.000,9999.000,9999.000
202604061948,   1.888,   1.580,9999.000,9999.000,9999.000,9999.000,9999.000,9999.000,9999.000
202604061954,   1.801,   1.449,9999.000,9999.000,9999.000,9999.000,9999.000,9999.000,9999.000
202604062000,   1.716,   1.318,   0.100,  -0.498,   1.318,   0.000,   1.218,   0.100,   1.318
202604062006,   1.635,   1.259,9999.000,9999.000,9999.000,9999.000,9999.000,9999.000,9999.000
202604062012,   1.556,   1.170,9999.000,9999.000,9999.000,9999.000,9999.000,9999.000,9999.000
202604062018,   1.480,   1.069,9999.000,9999.000,9999.000,9999.000,9999.000,9999.000,9999.000
202604062024,   1.407,   0.970,9999.000,9999.000,9999.000,9999.000,9999.000,9999.000,9999.000
202604062030,   1.337,   0.859,9999.000,9999.000,9999.000,9999.000,9999.000,9999.000,9999.000
202604062036,   1.271,   0.800,9999.000,9999.000,9999.000,9999.000,9999.000,9999.000,9999.000
202604062042,   1.209,   0.708,9999.000,9999.000,9999.000,9999.000,9999.000,9999.000,9999.000
202604062048,   1.150,   0.649,9999.000,9999.000,9999.000,9999.000,9999.000,9999.000,9999.000
202604062054,   1.095,   0.610,9999.000,9999.000,9999.000,9999.000,9999.000,9999.000,9999.000
202604062100,   1.043,   0.531,   0.000,  -0.512,   0.531,   0.000,   0.531,   0.100,   0.631
202604062106,   0.996,   0.488,9999.000,9999.000,9999.000,9999.000,9999.000,9999.000,9999.000
202604062112,   0.953,   0.449,9999.000,9999.000,9999.000,9999.000,9999.000,9999.000,9999.000
202604062118,   0.913,   0.390,9999.000,9999.000,9999.000,9999.000,9999.000,9999.000,9999.000
202604062124,   0.879,   0.400,9999.000,9999.000,9999.000,9999.000,9999.000,9999.000,9999.000
202604062130,   0.848,   0.419,9999.000,9999.000,9999.000,9999.000,9999.000,9999.000,9999.000
202604062136,   0.823,   0.439,9999.000,9999.000,9999.000,9999.000,9999.000,9999.000,9999.000
202604062142,   0.802,   0.518,9999.000,9999.000,9999.000,9999.000,9999.000,9999.000,9999.000
202604062148,   0.786,   0.531,9999.000,9999.000,9999.000,9999.000,9999.000,9999.000,9999.000
202604062154,   0.776,   0.570,9999.000,9999.000,9999.000,9999.000,9999.000,9999.000,9999.000
202604062200,   0.771,   0.649,   0.000,  -0.122,   0.649,   0.000,   0.649,   0.100,   0.749
202604062206,   0.771,   0.708,9999.000,9999.000,9999.000,9999.000,9999.000,9999.000,9999.000
202604062212,   0.777,   0.810,9999.000,9999.000,9999.000,9999.000,9999.000,9999.000,9999.000
202604062218,   0.789,   0.888,9999.000,9999.000,9999.000,9999.000,9999.000,9999.000,9999.000
202604062224,   0.807,   0.970,9999.000,9999.000,9999.000,9999.000,9999.000,9999.000,9999.000
202604062230,   0.832,   1.069,9999.000,9999.000,9999.000,9999.000,9999.000,9999.000,9999.000
202604062236,   0.862,   1.151,9999.000,9999.000,9999.000,9999.000,9999.000,9999.000,9999.000
202604062242,   0.900,   1.259,9999.000,9999.000,9999.000,9999.000,9999.000,9999.000,9999.000
202604062248,   0.943,   1.380,9999.000,9999.000,9999.000,9999.000,9999.000,9999.000,9999.000
202604062254,   0.993,   1.390,9999.000,9999.000,9999.000,9999.000,9999.000,9999.000,9999.000
202604062300,   1.050,   1.508,   0.000,   0.458,   1.508,   0.000,   1.508,   0.000,   1.508
202604062306,   1.114,   1.639,9999.000,9999.000,9999.000,9999.000,9999.000,9999.000,9999.000
202604062312,   1.183,   1.738,9999.000,9999.000,9999.000,9999.000,9999.000,9999.000,9999.000
202604062318,   1.260,   1.849,9999.000,9999.000,9999.000,9999.000,9999.000,9999.000,9999.000
202604062324,   1.342,   1.958,9999.000,9999.000,9999.000,9999.000,9999.000,9999.000,9999.000
202604062330,   1.431,   2.089,9999.000,9999.000,9999.000,9999.000,9999.000,9999.000,9999.000
202604062336,   1.525,   2.289,9999.000,9999.000,9999.000,9999.000,9999.000,9999.000,9999.000
202604062342,   1.624,   2.400,9999.000,9999.000,9999.000,9999.000,9999.000,9999.000,9999.000
202604062348,   1.729,   2.538,9999.000,9999.000,9999.000,9999.000,9999.000,9999.000,9999.000
202604062354,   1.838,   2.679,9999.000,9999.000,9999.000,9999.000,9999.000,9999.000,9999.000
202604070000,   1.952,   2.807,   0.000,   0.855,   2.807,   0.000,   2.807,   0.000,   2.807
202604070006,   2.069,   2.958,9999.000,9999.000,9999.000,9999.000,9999.000,9999.000,9999.000
202604070012,   2.190,   3.079,9999.000,9999.000,9999.000,9999.000,9999.000,9999.000,9999.000
202604070018,   2.313,   3.178,9999.000,9999.000,9999.000,9999.000,9999.000,9999.000,9999.000
202604070024,   2.438,   3.319,9999.000,9999.000,9999.000,9999.000,9999.000,9999.000,9999.000
202604070030,   2.565,   3.558,9999.000,9999.000,9999.000,9999.000,9999.000,9999.000,9999.000
202604070036,   2.693,   3.680,9999.000,9999.000,9999.000,9999.000,9999.000,9999.000,9999.000
202604070042,   2.821,   3.788,9999.000,9999.000,9999.000,9999.000,9999.000,9999.000,9999.000
202604070048,   2.949,   3.860,9999.000,9999.000,9999.000,9999.000,9999.000,9999.000,9999.000
202604070054,   3.076,   3.847,9999.000,9999.000,9999.000,9999.000,9999.000,9999.000,9999.000
202604070100,   3.202,   3.958,   0.000,   0.756,   3.958,   0.000,   3.958,   0.000,   3.958
202604070106,   3.326,   4.057,9999.000,9999.000,9999.000,9999.000,9999.000,9999.000,9999.000
202604070112,   3.448,   4.168,9999.000,9999.000,9999.000,9999.000,9999.000,9999.000,9999.000
202604070118,   3.567,   4.267,9999.000,9999.000,9999.000,9999.000,9999.000,9999.000,9999.000
202604070124,   3.684,   4.368,9999.000,9999.000,9999.000,9999.000,9999.000,9999.000,9999.000
202604070130,   3.797,   4.457,9999.000,9999.000,9999.000,9999.000,9999.000,9999.000,9999.000
202604070136,   3.906,   4.578,9999.000,9999.000,9999.000,9999.000,9999.000,9999.000,9999.000
202604070142,   4.012,   4.637,9999.000,9999.000,9999.000,9999.000,9999.000,9999.000,9999.000
202604070148,   4.113,   4.710,9999.000,9999.000,9999.000,9999.000,9999.000,9999.000,9999.000
202604070154,   4.210,   4.759,9999.000,9999.000,9999.000,9999.000,9999.000,9999.000,9999.000
202604070200,   4.304,   4.837,   0.000,   0.533,   4.837,   0.000,   4.837,   0.000,   4.837
202604070206,   4.392,   4.998,9999.000,9999.000,9999.000,9999.000,9999.000,9999.000,9999.000
202604070212,   4.477,   5.028,9999.000,9999.000,9999.000,9999.000,9999.000,9999.000,9999.000
202604070218,   4.557,   5.047,9999.000,9999.000,9999.000,9999.000,9999.000,9999.000,9999.000
202604070224,   4.633,   5.057,9999.000,9999.000,9999.000,9999.000,9999.000,9999.000,9999.000
202604070230,   4.704,   5.057,9999.000,9999.000,9999.000,9999.000,9999.000,9999.000,9999.000
202604070236,   4.772,   5.067,9999.000,9999.000,9999.000,9999.000,9999.000,9999.000,9999.000
202604070242,   4.835,   5.067,9999.000,9999.000,9999.000,9999.000,9999.000,9999.000,9999.000
202604070248,   4.894,   5.057,9999.000,9999.000,9999.000,9999.000,9999.000,9999.000,9999.000
202604070254,   4.950,   5.047,9999.000,9999.000,9999.000,9999.000,9999.000,9999.000,9999.000
202604070300,   5.001,   5.067,   0.000,   0.066,   5.067,   0.000,   5.067,   0.000,   5.067
202604070306,   5.049,   5.067,9999.000,9999.000,9999.000,9999.000,9999.000,9999.000,9999.000
202604070312,   5.093,   5.018,9999.000,9999.000,9999.000,9999.000,9999.000,9999.000,9999.000
202604070318,   5.133,   4.979,9999.000,9999.000,9999.000,9999.000,9999.000,9999.000,9999.000
202604070324,   5.170,   4.979,9999.000,9999.000,9999.000,9999.000,9999.000,9999.000,9999.000
202604070330,   5.202,   4.979,9999.000,9999.000,9999.000,9999.000,9999.000,9999.000,9999.000
202604070336,   5.232,   4.998,9999.000,9999.000,9999.000,9999.000,9999.000,9999.000,9999.000
202604070342,   5.257,   4.929,9999.000,9999.000,9999.000,9999.000,9999.000,9999.000,9999.000
202604070348,   5.279,   4.949,9999.000,9999.000,9999.000,9999.000,9999.000,9999.000,9999.000
202604070354,   5.296,   4.929,9999.000,9999.000,9999.000,9999.000,9999.000,9999.000,9999.000
202604070400,   5.310,   4.847,   0.000,  -0.463,   4.847,   0.000,   4.847,   0.100,   4.947
202604070406,   5.319,   4.818,9999.000,9999.000,9999.000,9999.000,9999.000,9999.000,9999.000
202604070412,   5.325,   4.788,9999.000,9999.000,9999.000,9999.000,9999.000,9999.000,9999.000
202604070418,   5.325,   4.788,9999.000,9999.000,9999.000,9999.000,9999.000,9999.000,9999.000
202604070424,   5.322,   4.769,9999.000,9999.000,9999.000,9999.000,9999.000,9999.000,9999.000
202604070430,   5.313,   4.769,9999.000,9999.000,9999.000,9999.000,9999.000,9999.000,9999.000
202604070436,   5.300,   4.788,9999.000,9999.000,9999.000,9999.000,9999.000,9999.000,9999.000
202604070442,   5.282,   4.769,9999.000,9999.000,9999.000,9999.000,9999.000,9999.000,9999.000
202604070448,   5.259,   4.778,9999.000,9999.000,9999.000,9999.000,9999.000,9999.000,9999.000
202604070454,   5.230,   4.788,9999.000,9999.000,9999.000,9999.000,9999.000,9999.000,9999.000
202604070500,   5.196,   4.788,   0.000,  -0.408,   4.788,   0.000,   4.788,   0.100,   4.888
202604070506,   5.157,   4.739,9999.000,9999.000,9999.000,9999.000,9999.000,9999.000,9999.000
202604070512,   5.112,   4.729,9999.000,9999.000,9999.000,9999.000,9999.000,9999.000,9999.000
202604070518,   5.062,   4.700,9999.000,9999.000,9999.000,9999.000,9999.000,9999.000,9999.000
202604070524,   5.007,   4.657,9999.000,9999.000,9999.000,9999.000,9999.000,9999.000,9999.000
202604070530,   4.946,   4.628,9999.000,9999.000,9999.000,9999.000,9999.000,9999.000,9999.000
202604070536,   4.881,   4.608,9999.000,9999.000,9999.000,9999.000,9999.000,9999.000,9999.000
202604070542,   4.809,   4.539,9999.000,9999.000,9999.000,9999.000,9999.000,9999.000,9999.000
202604070548,   4.733,   4.529,9999.000,9999.000,9999.000,9999.000,9999.000,9999.000,9999.000
202604070554,   4.653,   4.500,9999.000,9999.000,9999.000,9999.000,9999.000,9999.000,9999.000
202604070600,   4.567,   4.398,   0.000,  -0.169,   4.398,   0.000,   4.398,   0.000,   4.398
202604070606,   4.478,   4.300,9999.000,9999.000,9999.000,9999.000,9999.000,9999.000,9999.000
202604070612,   4.384,   4.227,9999.000,9999.000,9999.000,9999.000,9999.000,9999.000,9999.000
202604070618,   4.286,   4.129,9999.000,9999.000,9999.000,9999.000,9999.000,9999.000,9999.000
202604070624,   4.185,   4.027,9999.000,9999.000,9999.000,9999.000,9999.000,9999.000,9999.000
202604070630,   4.081,   3.919,9999.000,9999.000,9999.000,9999.000,9999.000,9999.000,9999.000
202604070636,   3.974,   3.837,9999.000,9999.000,9999.000,9999.000,9999.000,9999.000,9999.000
202604070642,   3.864,   3.729,9999.000,9999.000,9999.000,9999.000,9999.000,9999.000,9999.000
202604070648,   3.753,   3.607,9999.000,9999.000,9999.000,9999.000,9999.000,9999.000,9999.000
202604070654,   3.639,   3.499,9999.000,9999.000,9999.000,9999.000,9999.000,9999.000,9999.000
202604070700,   3.524,   3.378,   0.000,  -0.146,   3.378,   0.000,   3.378,   0.000,   3.378
202604070706,   3.409,   3.270,9999.000,9999.000,9999.000,9999.000,9999.000,9999.000,9999.000
202604070712,   3.292,   3.148,9999.000,9999.000,9999.000,9999.000,9999.000,9999.000,9999.000
202604070718,   3.176,   3.030,9999.000,9999.000,9999.000,9999.000,9999.000,9999.000,9999.000
202604070724,   3.059,   2.879,9999.000,9999.000,9999.000,9999.000,9999.000,9999.000,9999.000
202604070730,   2.943,   2.748,9999.000,9999.000,9999.000,9999.000,9999.000,9999.000,9999.000
202604070736,   2.828,   2.650,9999.000,9999.000,9999.000,9999.000,9999.000,9999.000,9999.000
202604070742,   2.713,   2.519,9999.000,9999.000,9999.000,9999.000,9999.000,9999.000,9999.000
202604070748,   2.600,   2.387,9999.000,9999.000,9999.000,9999.000,9999.000,9999.000,9999.000
202604070754,   2.488,   2.259,9999.000,9999.000,9999.000,9999.000,9999.000,9999.000,9999.000
202604070800,   2.379,   2.118,   0.000,  -0.261,   2.118,   0.000,   2.118,   0.000,   2.118
202604070806,   2.271,   2.020,9999.000,9999.000,9999.000,9999.000,9999.000,9999.000,9999.000
202604070812,   2.166,   1.889,9999.000,9999.000,9999.000,9999.000,9999.000,9999.000,9999.000
202604070818,   2.063,   1.758,9999.000,9999.000,9999.000,9999.000,9999.000,9999.000,9999.000
202604070824,   1.962,   1.639,9999.000,9999.000,9999.000,9999.000,9999.000,9999.000,9999.000
202604070830,   1.865,   1.538,9999.000,9999.000,9999.000,9999.000,9999.000,9999.000,9999.000
202604070836,   1.770,   1.449,9999.000,9999.000,9999.000,9999.000,9999.000,9999.000,9999.000
202604070842,   1.679,   1.361,9999.000,9999.000,9999.000,9999.000,9999.000,9999.000,9999.000
202604070848,   1.590,   1.239,9999.000,9999.000,9999.000,9999.000,9999.000,9999.000,9999.000
202604070854,   1.505,   1.128,9999.000,9999.000,9999.000,9999.000,9999.000,9999.000,9999.000
202604070900,   1.424,   1.049,   0.000,  -0.375,   1.049,   0.000,   1.049,   0.100,   1.149
202604070906,   1.345,   0.970,9999.000,9999.000,9999.000,9999.000,9999.000,9999.000,9999.000
202604070912,   1.271,   0.888,9999.000,9999.000,9999.000,9999.000,9999.000,9999.000,9999.000
202604070918,   1.200,   0.810,9999.000,9999.000,9999.000,9999.000,9999.000,9999.000,9999.000
202604070924,   1.132,   0.741,9999.000,9999.000,9999.000,9999.000,9999.000,9999.000,9999.000
202604070930,   1.069,   0.678,9999.000,9999.000,9999.000,9999.000,9999.000,9999.000,9999.000
202604070936,   1.009,   0.619,9999.000,9999.000,9999.000,9999.000,9999.000,9999.000,9999.000
202604070942,   0.954,   0.560,9999.000,9999.000,9999.000,9999.000,9999.000,9999.000,9999.000
202604070948,   0.902,   0.541,9999.000,9999.000,9999.000,9999.000,9999.000,9999.000,9999.000
202604070954,   0.855,   0.498,9999.000,9999.000,9999.000,9999.000,9999.000,9999.000,9999.000
202604071000,   0.812,   0.469,   0.000,  -0.343,   0.469,   0.000,   0.469,   0.100,   0.569
202604071006,   0.774,   0.459,9999.000,9999.000,9999.000,9999.000,9999.000,9999.000,9999.000
202604071012,   0.741,   0.419,9999.000,9999.000,9999.000,9999.000,9999.000,9999.000,9999.000
202604071018,   0.712,   0.429,9999.000,9999.000,9999.000,9999.000,9999.000,9999.000,9999.000
202604071024,   0.688,   0.478,9999.000,9999.000,9999.000,9999.000,9999.000,9999.000,9999.000
202604071030,   0.669,   0.478,9999.000,9999.000,9999.000,9999.000,9999.000,9999.000,9999.000
202604071036,   0.655,   0.531,9999.000,9999.000,9999.000,9999.000,9999.000,9999.000,9999.000
202604071042,   0.647,   0.590,9999.000,9999.000,9999.000,9999.000,9999.000,9999.000,9999.000
202604071048,   0.644,   0.678,9999.000,9999.000,9999.000,9999.000,9999.000,9999.000,9999.000
202604071054,   0.647,   0.760,9999.000,9999.000,9999.000,9999.000,9999.000,9999.000,9999.000
202604071100,   0.656,   0.800,   0.000,   0.144,   0.800,   0.000,   0.800,   0.100,   0.900
202604071106,   0.671,   0.879,9999.000,9999.000,9999.000,9999.000,9999.000,9999.000,9999.000
202604071112,   0.691,   0.980,9999.000,9999.000,9999.000,9999.000,9999.000,9999.000,9999.000
202604071118,   0.718,   1.069,9999.000,9999.000,9999.000,9999.000,9999.000,9999.000,9999.000
202604071124,   0.751,   1.180,9999.000,9999.000,9999.000,9999.000,9999.000,9999.000,9999.000
202604071130,   0.790,   1.289,9999.000,9999.000,9999.000,9999.000,9999.000,9999.000,9999.000
202604071136,   0.835,   1.400,9999.000,9999.000,9999.000,9999.000,9999.000,9999.000,9999.000
202604071142,   0.886,   1.498,9999.000,9999.000,9999.000,9999.000,9999.000,9999.000,9999.000
202604071148,   0.943,   1.590,9999.000,9999.000,9999.000,9999.000,9999.000,9999.000,9999.000
202604071154,   1.006,   1.758,9999.000,9999.000,9999.000,9999.000,9999.000,9999.000,9999.000
202604071200,   1.074,   1.889,   0.000,   0.815,   1.889,   0.000,   1.889,   0.000,   1.889
202604071206,   1.148,   2.000,9999.000,9999.000,9999.000,9999.000,9999.000,9999.000,9999.000
202604071212,   1.226,   2.128,9999.000,9999.000,9999.000,9999.000,9999.000,9999.000,9999.000
202604071218,   1.310,   2.240,9999.000,9999.000,9999.000,9999.000,9999.000,9999.000,9999.000
202604071224,   1.398,   2.328,9999.000,9999.000,9999.000,9999.000,9999.000,9999.000,9999.000
202604071230,   1.489,   2.377,9999.000,9999.000,9999.000,9999.000,9999.000,9999.000,9999.000
202604071236,   1.584,   2.499,9999.000,9999.000,9999.000,9999.000,9999.000,9999.000,9999.000
202604071242,   1.682,   2.610,9999.000,9999.000,9999.000,9999.000,9999.000,9999.000,9999.000
202604071248,   1.783,   2.699,9999.000,9999.000,9999.000,9999.000,9999.000,9999.000,9999.000
202604071254,   1.886,   2.768,9999.000,9999.000,9999.000,9999.000,9999.000,9999.000,9999.000
202604071300,   1.990,   2.899,   0.000,   0.909,   2.899,   0.000,   2.899,   0.000,   2.899
202604071306,   2.095,   2.968,9999.000,9999.000,9999.000,9999.000,9999.000,9999.000,9999.000
202604071312,   2.200,   3.060,9999.000,9999.000,9999.000,9999.000,9999.000,9999.000,9999.000
202604071318,   2.305,   3.168,9999.000,9999.000,9999.000,9999.000,9999.000,9999.000,9999.000
202604071324,   2.410,   3.250,9999.000,9999.000,9999.000,9999.000,9999.000,9999.000,9999.000
202604071330,   2.514,   3.358,9999.000,9999.000,9999.000,9999.000,9999.000,9999.000,9999.000
202604071336,   2.616,   3.450,9999.000,9999.000,9999.000,9999.000,9999.000,9999.000,9999.000
202604071342,   2.717,   3.519,9999.000,9999.000,9999.000,9999.000,9999.000,9999.000,9999.000
202604071348,   2.815,   3.598,9999.000,9999.000,9999.000,9999.000,9999.000,9999.000,9999.000
202604071354,   2.911,   3.699,9999.000,9999.000,9999.000,9999.000,9999.000,9999.000,9999.000
202604071400,   3.004,   3.817,   0.000,   0.813,   3.817,   0.000,   3.817,   0.000,   3.817
202604071406,   3.094,   3.870,9999.000,9999.000,9999.000,9999.000,9999.000,9999.000,9999.000
202604071412,   3.181,   3.968,9999.000,9999.000,9999.000,9999.000,9999.000,9999.000,9999.000
202604071418,   3.265,   3.998,9999.000,9999.000,9999.000,9999.000,9999.000,9999.000,9999.000
202604071424,   3.345,   4.027,9999.000,9999.000,9999.000,9999.000,9999.000,9999.000,9999.000
202604071430,   3.422,   4.090,9999.000,9999.000,9999.000,9999.000,9999.000,9999.000,9999.000
202604071436,   3.495,   4.129,9999.000,9999.000,9999.000,9999.000,9999.000,9999.000,9999.000
202604071442,   3.565,   4.168,9999.000,9999.000,9999.000,9999.000,9999.000,9999.000,9999.000
202604071448,   3.632,   4.218,9999.000,9999.000,9999.000,9999.000,9999.000,9999.000,9999.000
202604071454,   3.696,   4.267,9999.000,9999.000,9999.000,9999.000,9999.000,9999.000,9999.000
202604071500,   3.756,   4.319,   0.000,   0.563,   4.319,   0.000,   4.319,   0.100,   4.419
202604071506,   3.813,   4.349,9999.000,9999.000,9999.000,9999.000,9999.000,9999.000,9999.000
202604071512,   3.867,   4.378,9999.000,9999.000,9999.000,9999.000,9999.000,9999.000,9999.000
202604071518,   3.917,   4.427,9999.000,9999.000,9999.000,9999.000,9999.000,9999.000,9999.000
202604071524,   3.965,   4.480,9999.000,9999.000,9999.000,9999.000,9999.000,9999.000,9999.000
202604071530,   4.010,   4.549,9999.000,9999.000,9999.000,9999.000,9999.000,9999.000,9999.000
202604071536,   4.052,   4.578,9999.000,9999.000,9999.000,9999.000,9999.000,9999.000,9999.000
202604071542,   4.092,   4.588,9999.000,9999.000,9999.000,9999.000,9999.000,9999.000,9999.000
202604071548,   4.128,   4.529,9999.000,9999.000,9999.000,9999.000,9999.000,9999.000,9999.000
202604071554,   4.162,   4.578,9999.000,9999.000,9999.000,9999.000,9999.000,9999.000,9999.000
202604071600,   4.192,   4.690,   0.000,   0.498,   4.690,   0.000,   4.690,   0.000,   4.690
202604071606,   4.220,   4.588,9999.000,9999.000,9999.000,9999.000,9999.000,9999.000,9999.000
202604071612,   4.245,   4.549,9999.000,9999.000,9999.000,9999.000,9999.000,9999.000,9999.000
202604071618,   4.267,   4.549,9999.000,9999.000,9999.000,9999.000,9999.000,9999.000,9999.000
202604071624,   4.285,   4.608,9999.000,9999.000,9999.000,9999.000,9999.000,9999.000,9999.000
202604071630,   4.300,   4.618,9999.000,9999.000,9999.000,9999.000,9999.000,9999.000,9999.000
202604071636,   4.312,   4.628,9999.000,9999.000,9999.000,9999.000,9999.000,9999.000,9999.000
202604071642,   4.320,   4.618,9999.000,9999.000,9999.000,9999.000,9999.000,9999.000,9999.000
202604071648,   4.324,   4.578,9999.000,9999.000,9999.000,9999.000,9999.000,9999.000,9999.000
202604071654,   4.324,   4.569,9999.000,9999.000,9999.000,9999.000,9999.000,9999.000,9999.000
202604071700,   4.320,   4.569,   0.000,   0.249,   4.569,   0.000,   4.569,   0.000,   4.569
202604071706,   4.311,   4.490,9999.000,9999.000,9999.000,9999.000,9999.000,9999.000,9999.000
202604071712,   4.298,   4.447,9999.000,9999.000,9999.000,9999.000,9999.000,9999.000,9999.000
202604071718,   4.280,   4.418,9999.000,9999.000,9999.000,9999.000,9999.000,9999.000,9999.000
202604071724,   4.258,   4.388,9999.000,9999.000,9999.000,9999.000,9999.000,9999.000,9999.000
202604071730,   4.231,   4.290,9999.000,9999.000,9999.000,9999.000,9999.000,9999.000,9999.000
202604071736,   4.199,   4.227,9999.000,9999.000,9999.000,9999.000,9999.000,9999.000,9999.000
202604071742,   4.162,   4.139,9999.000,9999.000,9999.000,9999.000,9999.000,9999.000,9999.000
202604071748,   4.120,   4.119,9999.000,9999.000,9999.000,9999.000,9999.000,9999.000,9999.000
202604071754,   4.074,   4.109,9999.000,9999.000,9999.000,9999.000,9999.000,9999.000,9999.000
202604071800,   4.022,   3.978,   0.000,  -0.044,   3.978,   0.000,   3.978,   0.000,   3.978
202604071806,   3.966,   3.880,9999.000,9999.000,9999.000,9999.000,9999.000,9999.000,9999.000
202604071812,   3.906,   3.880,9999.000,9999.000,9999.000,9999.000,9999.000,9999.000,9999.000
202604071818,   3.841,   3.778,9999.000,9999.000,9999.000,9999.000,9999.000,9999.000,9999.000
202604071824,   3.773,   3.660,9999.000,9999.000,9999.000,9999.000,9999.000,9999.000,9999.000
202604071830,   3.700,   3.558,9999.000,9999.000,9999.000,9999.000,9999.000,9999.000,9999.000
202604071836,   3.624,   3.499,9999.000,9999.000,9999.000,9999.000,9999.000,9999.000,9999.000
202604071842,   3.545,   3.407,9999.000,9999.000,9999.000,9999.000,9999.000,9999.000,9999.000
202604071848,   3.462,   3.270,9999.000,9999.000,9999.000,9999.000,9999.000,9999.000,9999.000
202604071854,   3.377,   3.207,9999.000,9999.000,9999.000,9999.000,9999.000,9999.000,9999.000
202604071900,   3.290,   3.119,   0.000,  -0.171,   3.119,   0.000,   3.119,   0.000,   3.119
202604071906,   3.201,   2.997,9999.000,9999.000,9999.000,9999.000,9999.000,9999.000,9999.000
202604071912,   3.110,   2.958,9999.000,9999.000,9999.000,9999.000,9999.000,9999.000,9999.000
202604071918,   3.018,   2.879,9999.000,9999.000,9999.000,9999.000,9999.000,9999.000,9999.000
202604071924,   2.925,   2.738,9999.000,9999.000,9999.000,9999.000,9999.000,9999.000,9999.000
202604071930,   2.832,   2.660,9999.000,9999.000,9999.000,9999.000,9999.000,9999.000,9999.000
202604071936,   2.738,   2.597,9999.000,9999.000,9999.000,9999.000,9999.000,9999.000,9999.000
202604071942,   2.645,   2.538,9999.000,9999.000,9999.000,9999.000,9999.000,9999.000,9999.000
202604071948,   2.553,   2.430,9999.000,9999.000,9999.000,9999.000,9999.000,9999.000,9999.000
202604071954,   2.461,   2.338,9999.000,9999.000,9999.000,9999.000,9999.000,9999.000,9999.000
202604072000,   2.371,   2.318,   0.000,  -0.053,   2.318,   0.000,   2.318,   0.000,   2.318
202604072006,   2.282,   2.220,9999.000,9999.000,9999.000,9999.000,9999.000,9999.000,9999.000
202604072012,   2.195,   2.118,9999.000,9999.000,9999.000,9999.000,9999.000,9999.000,9999.000
202604072018,   2.111,   2.089,9999.000,9999.000,9999.000,9999.000,9999.000,9999.000,9999.000
202604072024,   2.028,   2.010,9999.000,9999.000,9999.000,9999.000,9999.000,9999.000,9999.000
202604072030,   1.949,   1.918,9999.000,9999.000,9999.000,9999.000,9999.000,9999.000,9999.000
202604072036,   1.872,   1.830,9999.000,9999.000,9999.000,9999.000,9999.000,9999.000,9999.000
202604072042,   1.798,   1.781,9999.000,9999.000,9999.000,9999.000,9999.000,9999.000,9999.000
202604072048,   1.727,   1.738,9999.000,9999.000,9999.000,9999.000,9999.000,9999.000,9999.000
202604072054,   1.659,   1.580,9999.000,9999.000,9999.000,9999.000,9999.000,9999.000,9999.000
202604072100,   1.595,   1.489,   0.000,  -0.106,   1.489,   0.000,   1.489,   0.000,   1.489
202604072106,   1.535,   1.508,9999.000,9999.000,9999.000,9999.000,9999.000,9999.000,9999.000
202604072112,   1.478,   1.420,9999.000,9999.000,9999.000,9999.000,9999.000,9999.000,9999.000
202604072118,   1.424,   1.298,9999.000,9999.000,9999.000,9999.000,9999.000,9999.000,9999.000
202604072124,   1.374,   1.269,9999.000,9999.000,9999.000,9999.000,9999.000,9999.000,9999.000
202604072130,   1.328,   1.249,9999.000,9999.000,9999.000,9999.000,9999.000,9999.000,9999.000
202604072136,   1.286,   1.220,9999.000,9999.000,9999.000,9999.000,9999.000,9999.000,9999.000
202604072142,   1.248,   1.108,9999.000,9999.000,9999.000,9999.000,9999.000,9999.000,9999.000
202604072148,   1.213,   1.039,9999.000,9999.000,9999.000,9999.000,9999.000,9999.000,9999.000
202604072154,   1.183,   1.059,9999.000,9999.000,9999.000,9999.000,9999.000,9999.000,9999.000
202604072200,   1.156,   1.010,   0.000,  -0.146,   1.010,  -0.100,   0.910,   0.000,   1.010
202604072206,   1.133,   0.970,9999.000,9999.000,9999.000,9999.000,9999.000,9999.000,9999.000
202604072212,   1.114,   1.020,9999.000,9999.000,9999.000,9999.000,9999.000,9999.000,9999.000
202604072218,   1.099,   1.069,9999.000,9999.000,9999.000,9999.000,9999.000,9999.000,9999.000
202604072224,   1.089,   0.951,9999.000,9999.000,9999.000,9999.000,9999.000,9999.000,9999.000
202604072230,   1.082,   0.859,9999.000,9999.000,9999.000,9999.000,9999.000,9999.000,9999.000
202604072236,   1.080,   0.918,9999.000,9999.000,9999.000,9999.000,9999.000,9999.000,9999.000
202604072242,   1.082,   1.059,9999.000,9999.000,9999.000,9999.000,9999.000,9999.000,9999.000
202604072248,   1.088,   1.059,9999.000,9999.000,9999.000,9999.000,9999.000,9999.000,9999.000
202604072254,   1.099,   0.990,9999.000,9999.000,9999.000,9999.000,9999.000,9999.000,9999.000
202604072300,   1.115,   1.029,   0.000,  -0.086,   1.029,  -0.100,   0.929,   0.000,   1.029
202604072306,   1.135,   1.138,9999.000,9999.000,9999.000,9999.000,9999.000,9999.000,9999.000
202604072312,   1.161,   1.229,9999.000,9999.000,9999.000,9999.000,9999.000,9999.000,9999.000
202604072318,   1.191,   1.269,9999.000,9999.000,9999.000,9999.000,9999.000,9999.000,9999.000
202604072324,   1.226,   1.289,9999.000,9999.000,9999.000,9999.000,9999.000,9999.000,9999.000
202604072330,   1.266,   1.371,9999.000,9999.000,9999.000,9999.000,9999.000,9999.000,9999.000
202604072336,   1.311,   1.469,9999.000,9999.000,9999.000,9999.000,9999.000,9999.000,9999.000
202604072342,   1.362,   1.580,9999.000,9999.000,9999.000,9999.000,9999.000,9999.000,9999.000
202604072348,   1.418,   1.669,9999.000,9999.000,9999.000,9999.000,9999.000,9999.000,9999.000
202604072354,   1.478,   1.728,9999.000,9999.000,9999.000,9999.000,9999.000,9999.000,9999.000
202604080000,   1.544,   1.820,   0.000,   0.276,   1.820,  -0.100,   1.720,   0.000,   1.820
202604080006,   1.615,   1.958,9999.000,9999.000,9999.000,9999.000,9999.000,9999.000,9999.000
202604080012,   1.691,   2.079,9999.000,9999.000,9999.000,9999.000,9999.000,9999.000,9999.000
202604080018,   1.772,   2.220,9999.000,9999.000,9999.000,9999.000,9999.000,9999.000,9999.000
202604080024,   1.857,   2.318,9999.000,9999.000,9999.000,9999.000,9999.000,9999.000,9999.000
202604080030,   1.946,   2.410,9999.000,9999.000,9999.000,9999.000,9999.000,9999.000,9999.000
202604080036,   2.039,   2.538,9999.000,9999.000,9999.000,9999.000,9999.000,9999.000,9999.000
202604080042,   2.136,   2.669,9999.000,9999.000,9999.000,9999.000,9999.000,9999.000,9999.000
202604080048,   2.237,   2.778,9999.000,9999.000,9999.000,9999.000,9999.000,9999.000,9999.000
202604080054,   2.340,   2.850,9999.000,9999.000,9999.000,9999.000,9999.000,9999.000,9999.000
202604080100,   2.445,   2.889,  -0.100,   0.544,   2.889,  -0.200,   2.789,   0.000,   2.989
202604080106,   2.553,   3.017,9999.000,9999.000,9999.000,9999.000,9999.000,9999.000,9999.000
202604080112,   2.662,   3.148,9999.000,9999.000,9999.000,9999.000,9999.000,9999.000,9999.000
202604080118,   2.772,   3.178,9999.000,9999.000,9999.000,9999.000,9999.000,9999.000,9999.000
202604080124,   2.883,   3.250,9999.000,9999.000,9999.000,9999.000,9999.000,9999.000,9999.000
202604080130,   2.994,   3.388,9999.000,9999.000,9999.000,9999.000,9999.000,9999.000,9999.000
202604080136,   3.104,   3.499,9999.000,9999.000,9999.000,9999.000,9999.000,9999.000,9999.000
202604080142,   3.213,   3.558,9999.000,9999.000,9999.000,9999.000,9999.000,9999.000,9999.000
202604080148,   3.321,   3.607,9999.000,9999.000,9999.000,9999.000,9999.000,9999.000,9999.000
202604080154,   3.427,   3.749,9999.000,9999.000,9999.000,9999.000,9999.000,9999.000,9999.000
202604080200,   3.531,   3.837,  -0.100,   0.406,   3.837,  -0.200,   3.737,  -0.100,   3.837
202604080206,   3.633,   3.860,9999.000,9999.000,9999.000,9999.000,9999.000,9999.000,9999.000
202604080212,   3.731,   3.899,9999.000,9999.000,9999.000,9999.000,9999.000,9999.000,9999.000
202604080218,   3.827,   3.988,9999.000,9999.000,9999.000,9999.000,9999.000,9999.000,9999.000
202604080224,   3.919,   4.047,9999.000,9999.000,9999.000,9999.000,9999.000,9999.000,9999.000
202604080230,   4.007,   4.047,9999.000,9999.000,9999.000,9999.000,9999.000,9999.000,9999.000
202604080236,   4.092,   4.070,9999.000,9999.000,9999.000,9999.000,9999.000,9999.000,9999.000
202604080242,   4.174,   4.149,9999.000,9999.000,9999.000,9999.000,9999.000,9999.000,9999.000
202604080248,   4.251,   4.178,9999.000,9999.000,9999.000,9999.000,9999.000,9999.000,9999.000
202604080254,   4.324,   4.178,9999.000,9999.000,9999.000,9999.000,9999.000,9999.000,9999.000
202604080300,   4.394,   4.218,  -0.200,   0.024,   4.218,  -0.200,   4.218,  -0.100,   4.318
202604080306,   4.460,   4.227,9999.000,9999.000,9999.000,9999.000,9999.000,9999.000,9999.000
202604080312,   4.522,   4.237,9999.000,9999.000,9999.000,9999.000,9999.000,9999.000,9999.000
202604080318,   4.580,   4.257,9999.000,9999.000,9999.000,9999.000,9999.000,9999.000,9999.000
202604080324,   4.635,   4.280,9999.000,9999.000,9999.000,9999.000,9999.000,9999.000,9999.000
202604080330,   4.687,   4.290,9999.000,9999.000,9999.000,9999.000,9999.000,9999.000,9999.000
202604080336,   4.734,   4.280,9999.000,9999.000,9999.000,9999.000,9999.000,9999.000,9999.000
202604080342,   4.779,   4.309,9999.000,9999.000,9999.000,9999.000,9999.000,9999.000,9999.000
202604080348,   4.821,   4.349,9999.000,9999.000,9999.000,9999.000,9999.000,9999.000,9999.000
202604080354,   4.859,   4.339,9999.000,9999.000,9999.000,9999.000,9999.000,9999.000,9999.000
202604080400,   4.894,   4.329,  -0.200,  -0.365,   4.329,  -0.200,   4.329,  -0.100,   4.429
202604080406,   4.926,   4.339,9999.000,9999.000,9999.000,9999.000,9999.000,9999.000,9999.000
202604080412,   4.956,   4.388,9999.000,9999.000,9999.000,9999.000,9999.000,9999.000,9999.000
202604080418,   4.982,   4.398,9999.000,9999.000,9999.000,9999.000,9999.000,9999.000,9999.000
202604080424,   5.005,   4.378,9999.000,9999.000,9999.000,9999.000,9999.000,9999.000,9999.000
202604080430,   5.025,   4.368,9999.000,9999.000,9999.000,9999.000,9999.000,9999.000,9999.000
202604080436,   5.042,   4.418,9999.000,9999.000,9999.000,9999.000,9999.000,9999.000,9999.000
202604080442,   5.055,   4.490,9999.000,9999.000,9999.000,9999.000,9999.000,9999.000,9999.000
202604080448,   5.065,   4.490,9999.000,9999.000,9999.000,9999.000,9999.000,9999.000,9999.000
202604080454,   5.072,   4.480,9999.000,9999.000,9999.000,9999.000,9999.000,9999.000,9999.000
202604080500,   5.075,   4.539,  -0.200,  -0.336,   4.539,  -0.200,   4.539,  -0.100,   4.639
202604080506,   5.074,   4.598,9999.000,9999.000,9999.000,9999.000,9999.000,9999.000,9999.000
202604080512,   5.069,   4.608,9999.000,9999.000,9999.000,9999.000,9999.000,9999.000,9999.000
202604080518,   5.060,   4.608,9999.000,9999.000,9999.000,9999.000,9999.000,9999.000,9999.000
202604080524,   5.047,   4.628,9999.000,9999.000,9999.000,9999.000,9999.000,9999.000,9999.000
202604080530,   5.029,   4.657,9999.000,9999.000,9999.000,9999.000,9999.000,9999.000,9999.000
202604080536,   5.006,   4.677,9999.000,9999.000,9999.000,9999.000,9999.000,9999.000,9999.000
202604080542,   4.978,   4.677,9999.000,9999.000,9999.000,9999.000,9999.000,9999.000,9999.000
202604080548,   4.946,   4.677,9999.000,9999.000,9999.000,9999.000,9999.000,9999.000,9999.000
202604080554,   4.909,   4.690,9999.000,9999.000,9999.000,9999.000,9999.000,9999.000,9999.000
202604080600,   4.866,   4.700,  -0.200,  -0.027,   4.639,  -0.200,   4.639,  -0.200,   4.639
202604080606,   4.819,   4.677,9999.000,9999.000,9999.000,9999.000,9999.000,9999.000,9999.000
202604080612,   4.766,   4.647,9999.000,9999.000,9999.000,9999.000,9999.000,9999.000,9999.000
202604080618,   4.709,   4.628,9999.000,9999.000,9999.000,9999.000,9999.000,9999.000,9999.000
202604080624,   4.646,   4.618,9999.000,9999.000,9999.000,9999.000,9999.000,9999.000,9999.000
202604080630,   4.579,   4.578,9999.000,9999.000,9999.000,9999.000,9999.000,9999.000,9999.000
202604080636,   4.507,   4.509,9999.000,9999.000,9999.000,9999.000,9999.000,9999.000,9999.000
202604080642,   4.430,   4.398,9999.000,9999.000,9999.000,9999.000,9999.000,9999.000,9999.000
202604080648,   4.349,   4.329,9999.000,9999.000,9999.000,9999.000,9999.000,9999.000,9999.000
202604080654,   4.264,   4.257,9999.000,9999.000,9999.000,9999.000,9999.000,9999.000,9999.000
202604080700,   4.175,   4.149,  -0.200,  -0.173,   3.802,  -0.200,   3.802,  -0.100,   3.902
202604080706,   4.083,   4.017,9999.000,9999.000,9999.000,9999.000,9999.000,9999.000,9999.000
202604080712,   3.987,   3.919,9999.000,9999.000,9999.000,9999.000,9999.000,9999.000,9999.000
202604080718,   3.889,   3.808,9999.000,9999.000,9999.000,9999.000,9999.000,9999.000,9999.000
202604080724,   3.788,   3.670,9999.000,9999.000,9999.000,9999.000,9999.000,9999.000,9999.000
202604080730,   3.685,   3.539,9999.000,9999.000,9999.000,9999.000,9999.000,9999.000,9999.000
202604080736,   3.581,   3.440,9999.000,9999.000,9999.000,9999.000,9999.000,9999.000,9999.000
202604080742,   3.475,   3.319,9999.000,9999.000,9999.000,9999.000,9999.000,9999.000,9999.000
202604080748,   3.368,   3.197,9999.000,9999.000,9999.000,9999.000,9999.000,9999.000,9999.000
202604080754,   3.260,   3.070,9999.000,9999.000,9999.000,9999.000,9999.000,9999.000,9999.000
202604080800,   3.153,   2.929,  -0.200,  -0.269,   2.684,  -0.200,   2.684,  -0.100,   2.784
202604080806,   3.045,   2.768,9999.000,9999.000,9999.000,9999.000,9999.000,9999.000,9999.000
202604080812,   2.939,   2.640,9999.000,9999.000,9999.000,9999.000,9999.000,9999.000,9999.000
202604080818,   2.833,   2.528,9999.000,9999.000,9999.000,9999.000,9999.000,9999.000,9999.000
202604080824,   2.728,   2.400,9999.000,9999.000,9999.000,9999.000,9999.000,9999.000,9999.000
202604080830,   2.625,   2.279,9999.000,9999.000,9999.000,9999.000,9999.000,9999.000,9999.000
202604080836,   2.524,   2.168,9999.000,9999.000,9999.000,9999.000,9999.000,9999.000,9999.000
202604080842,   2.425,   2.069,9999.000,9999.000,9999.000,9999.000,9999.000,9999.000,9999.000
202604080848,   2.328,   1.938,9999.000,9999.000,9999.000,9999.000,9999.000,9999.000,9999.000
202604080854,   2.234,   1.820,9999.000,9999.000,9999.000,9999.000,9999.000,9999.000,9999.000
202604080900,   2.142,   1.728,  -0.100,  -0.393,   1.649,  -0.200,   1.549,  -0.100,   1.649
202604080906,   2.054,   1.649,9999.000,9999.000,9999.000,9999.000,9999.000,9999.000,9999.000
202604080912,   1.968,   1.548,9999.000,9999.000,9999.000,9999.000,9999.000,9999.000,9999.000
202604080918,   1.886,   1.449,9999.000,9999.000,9999.000,9999.000,9999.000,9999.000,9999.000
202604080924,   1.806,   1.361,9999.000,9999.000,9999.000,9999.000,9999.000,9999.000,9999.000
202604080930,   1.731,   1.279,9999.000,9999.000,9999.000,9999.000,9999.000,9999.000,9999.000
202604080936,   1.658,   1.200,9999.000,9999.000,9999.000,9999.000,9999.000,9999.000,9999.000
202604080942,   1.589,   1.108,9999.000,9999.000,9999.000,9999.000,9999.000,9999.000,9999.000
202604080948,   1.523,   1.039,9999.000,9999.000,9999.000,9999.000,9999.000,9999.000,9999.000
202604080954,   1.461,   0.961,9999.000,9999.000,9999.000,9999.000,9999.000,9999.000,9999.000
202604081000,   1.402,   0.879,  -0.100,  -0.507,   0.795,  -0.100,   0.795,  -0.100,   0.795
202604081006,   1.347,   0.829,9999.000,9999.000,9999.000,9999.000,9999.000,9999.000,9999.000
202604081012,   1.295,   0.770,9999.000,9999.000,9999.000,9999.000,9999.000,9999.000,9999.000
202604081018,   1.246,   0.698,9999.000,9999.000,9999.000,9999.000,9999.000,9999.000,9999.000
202604081024,   1.201,   0.659,9999.000,9999.000,9999.000,9999.000,9999.000,9999.000,9999.000
202604081030,   1.160,   0.600,9999.000,9999.000,9999.000,9999.000,9999.000,9999.000,9999.000
202604081036,   1.122,   0.580,9999.000,9999.000,9999.000,9999.000,9999.000,9999.000,9999.000
202604081042,   1.087,   0.580,9999.000,9999.000,9999.000,9999.000,9999.000,9999.000,9999.000
202604081048,   1.056,   0.580,9999.000,9999.000,9999.000,9999.000,9999.000,9999.000,9999.000
202604081054,   1.028,   0.560,9999.000,9999.000,9999.000,9999.000,9999.000,9999.000,9999.000
202604081100,   1.004,   0.551,   0.000,  -0.426,   0.578,  -0.100,   0.478,   0.000,   0.578
202604081106,   0.984,   0.560,9999.000,9999.000,9999.000,9999.000,9999.000,9999.000,9999.000
202604081112,   0.968,   0.610,9999.000,9999.000,9999.000,9999.000,9999.000,9999.000,9999.000
202604081118,   0.955,   0.649,9999.000,9999.000,9999.000,9999.000,9999.000,9999.000,9999.000
202604081124,   0.947,   0.678,9999.000,9999.000,9999.000,9999.000,9999.000,9999.000,9999.000
202604081130,   0.942,   0.708,9999.000,9999.000,9999.000,9999.000,9999.000,9999.000,9999.000
202604081136,   0.942,   0.760,9999.000,9999.000,9999.000,9999.000,9999.000,9999.000,9999.000
202604081142,   0.947,   0.849,9999.000,9999.000,9999.000,9999.000,9999.000,9999.000,9999.000
202604081148,   0.956,   0.928,9999.000,9999.000,9999.000,9999.000,9999.000,9999.000,9999.000
202604081154,   0.969,9999.000,9999.000,9999.000,9999.000,9999.000,9999.000,9999.000,9999.000
202604081200,   0.987,9999.000,   0.000,  -0.059,   0.928,   0.000,   0.928,   0.000,   0.928
202604081206,   1.010,9999.000,9999.000,9999.000,9999.000,9999.000,9999.000,9999.000,9999.000
202604081212,   1.038,9999.000,9999.000,9999.000,9999.000,9999.000,9999.000,9999.000,9999.000
202604081218,   1.071,9999.000,9999.000,9999.000,9999.000,9999.000,9999.000,9999.000,9999.000
202604081224,   1.108,9999.000,9999.000,9999.000,9999.000,9999.000,9999.000,9999.000,9999.000
202604081230,   1.151,9999.000,9999.000,9999.000,9999.000,9999.000,9999.000,9999.000,9999.000
202604081236,   1.198,9999.000,9999.000,9999.000,9999.000,9999.000,9999.000,9999.000,9999.000
202604081242,   1.251,9999.000,9999.000,9999.000,9999.000,9999.000,9999.000,9999.000,9999.000
202604081248,   1.308,9999.000,9999.000,9999.000,9999.000,9999.000,9999.000,9999.000,9999.000
202604081254,   1.369,9999.000,9999.000,9999.000,9999.000,9999.000,9999.000,9999.000,9999.000
202604081300,   1.435,9999.000,   0.000,   0.410,   1.845,   0.000,   1.845,   0.000,   1.845
202604081306,   1.505,9999.000,9999.000,9999.000,9999.000,9999.000,9999.000,9999.000,9999.000
202604081312,   1.579,9999.000,9999.000,9999.000,9999.000,9999.000,9999.000,9999.000,9999.000
202604081318,   1.656,9999.000,9999.000,9999.000,9999.000,9999.000,9999.000,9999.000,9999.000
202604081324,   1.736,9999.000,9999.000,9999.000,9999.000,9999.000,9999.000,9999.000,9999.000
202604081330,   1.819,9999.000,9999.000,9999.000,9999.000,9999.000,9999.000,9999.000,9999.000
202604081336,   1.904,9999.000,9999.000,9999.000,9999.000,9999.000,9999.000,9999.000,9999.000
202604081342,   1.992,9999.000,9999.000,9999.000,9999.000,9999.000,9999.000,9999.000,9999.000
202604081348,   2.080,9999.000,9999.000,9999.000,9999.000,9999.000,9999.000,9999.000,9999.000
202604081354,   2.170,9999.000,9999.000,9999.000,9999.000,9999.000,9999.000,9999.000,9999.000
202604081400,   2.260,9999.000,   0.000,   0.694,   2.954,   0.000,   2.954,   0.000,   2.954
202604081406,   2.351,9999.000,9999.000,9999.000,9999.000,9999.000,9999.000,9999.000,9999.000
202604081412,   2.441,9999.000,9999.000,9999.000,9999.000,9999.000,9999.000,9999.000,9999.000
202604081418,   2.531,9999.000,9999.000,9999.000,9999.000,9999.000,9999.000,9999.000,9999.000
202604081424,   2.619,9999.000,9999.000,9999.000,9999.000,9999.000,9999.000,9999.000,9999.000
202604081430,   2.706,9999.000,9999.000,9999.000,9999.000,9999.000,9999.000,9999.000,9999.000
202604081436,   2.791,9999.000,9999.000,9999.000,9999.000,9999.000,9999.000,9999.000,9999.000
202604081442,   2.874,9999.000,9999.000,9999.000,9999.000,9999.000,9999.000,9999.000,9999.000
202604081448,   2.955,9999.000,9999.000,9999.000,9999.000,9999.000,9999.000,9999.000,9999.000
202604081454,   3.034,9999.000,9999.000,9999.000,9999.000,9999.000,9999.000,9999.000,9999.000
202604081500,   3.110,9999.000,   0.000,   0.710,   3.820,   0.000,   3.820,   0.100,   3.920
202604081506,   3.183,9999.000,9999.000,9999.000,9999.000,9999.000,9999.000,9999.000,9999.000
202604081512,   3.254,9999.000,9999.000,9999.000,9999.000,9999.000,9999.000,9999.000,9999.000
202604081518,   3.321,9999.000,9999.000,9999.000,9999.000,9999.000,9999.000,9999.000,9999.000
202604081524,   3.386,9999.000,9999.000,9999.000,9999.000,9999.000,9999.000,9999.000,9999.000
202604081530,   3.448,9999.000,9999.000,9999.000,9999.000,9999.000,9999.000,9999.000,9999.000
202604081536,   3.507,9999.000,9999.000,9999.000,9999.000,9999.000,9999.000,9999.000,9999.000
202604081542,   3.564,9999.000,9999.000,9999.000,9999.000,9999.000,9999.000,9999.000,9999.000
202604081548,   3.617,9999.000,9999.000,9999.000,9999.000,9999.000,9999.000,9999.000,9999.000
202604081554,   3.668,9999.000,9999.000,9999.000,9999.000,9999.000,9999.000,9999.000,9999.000
202604081600,   3.717,9999.000,   0.100,   0.587,   4.404,   0.000,   4.304,   0.100,   4.404
202604081606,   3.763,9999.000,9999.000,9999.000,9999.000,9999.000,9999.000,9999.000,9999.000
202604081612,   3.807,9999.000,9999.000,9999.000,9999.000,9999.000,9999.000,9999.000,9999.000
202604081618,   3.848,9999.000,9999.000,9999.000,9999.000,9999.000,9999.000,9999.000,9999.000
202604081624,   3.887,9999.000,9999.000,9999.000,9999.000,9999.000,9999.000,9999.000,9999.000
202604081630,   3.924,9999.000,9999.000,9999.000,9999.000,9999.000,9999.000,9999.000,9999.000
202604081636,   3.959,9999.000,9999.000,9999.000,9999.000,9999.000,9999.000,9999.000,9999.000
202604081642,   3.991,9999.000,9999.000,9999.000,9999.000,9999.000,9999.000,9999.000,9999.000
202604081648,   4.020,9999.000,9999.000,9999.000,9999.000,9999.000,9999.000,9999.000,9999.000
202604081654,   4.048,9999.000,9999.000,9999.000,9999.000,9999.000,9999.000,9999.000,9999.000
202604081700,   4.072,9999.000,   0.100,   0.423,   4.595,   0.100,   4.595,   0.100,   4.595
202604081706,   4.094,9999.000,9999.000,9999.000,9999.000,9999.000,9999.000,9999.000,9999.000
202604081712,   4.113,9999.000,9999.000,9999.000,9999.000,9999.000,9999.000,9999.000,9999.000
202604081718,   4.129,9999.000,9999.000,9999.000,9999.000,9999.000,9999.000,9999.000,9999.000
202604081724,   4.142,9999.000,9999.000,9999.000,9999.000,9999.000,9999.000,9999.000,9999.000
202604081730,   4.151,9999.000,9999.000,9999.000,9999.000,9999.000,9999.000,9999.000,9999.000
202604081736,   4.157,9999.000,9999.000,9999.000,9999.000,9999.000,9999.000,9999.000,9999.000
202604081742,   4.159,9999.000,9999.000,9999.000,9999.000,9999.000,9999.000,9999.000,9999.000
202604081748,   4.157,9999.000,9999.000,9999.000,9999.000,9999.000,9999.000,9999.000,9999.000
202604081754,   4.150,9999.000,9999.000,9999.000,9999.000,9999.000,9999.000,9999.000,9999.000
202604081800,   4.140,9999.000,   0.100,   0.188,   4.428,   0.100,   4.428,   0.200,   4.528
202604081806,   4.125,9999.000,9999.000,9999.000,9999.000,9999.000,9999.000,9999.000,9999.000
202604081812,   4.105,9999.000,9999.000,9999.000,9999.000,9999.000,9999.000,9999.000,9999.000
202604081818,   4.081,9999.000,9999.000,9999.000,9999.000,9999.000,9999.000,9999.000,9999.000
202604081824,   4.052,9999.000,9999.000,9999.000,9999.000,9999.000,9999.000,9999.000,9999.000
202604081830,   4.019,9999.000,9999.000,9999.000,9999.000,9999.000,9999.000,9999.000,9999.000
202604081836,   3.980,9999.000,9999.000,9999.000,9999.000,9999.000,9999.000,9999.000,9999.000
202604081842,   3.937,9999.000,9999.000,9999.000,9999.000,9999.000,9999.000,9999.000,9999.000
202604081848,   3.890,9999.000,9999.000,9999.000,9999.000,9999.000,9999.000,9999.000,9999.000
202604081854,   3.838,9999.000,9999.000,9999.000,9999.000,9999.000,9999.000,9999.000,9999.000
202604081900,   3.782,9999.000,   0.200,  -0.118,   3.864,   0.100,   3.764,   0.200,   3.864
202604081906,   3.721,9999.000,9999.000,9999.000,9999.000,9999.000,9999.000,9999.000,9999.000
202604081912,   3.657,9999.000,9999.000,9999.000,9999.000,9999.000,9999.000,9999.000,9999.000
202604081918,   3.590,9999.000,9999.000,9999.000,9999.000,9999.000,9999.000,9999.000,9999.000
202604081924,   3.519,9999.000,9999.000,9999.000,9999.000,9999.000,9999.000,9999.000,9999.000
202604081930,   3.445,9999.000,9999.000,9999.000,9999.000,9999.000,9999.000,9999.000,9999.000
202604081936,   3.368,9999.000,9999.000,9999.000,9999.000,9999.000,9999.000,9999.000,9999.000
202604081942,   3.289,9999.000,9999.000,9999.000,9999.000,9999.000,9999.000,9999.000,9999.000
202604081948,   3.208,9999.000,9999.000,9999.000,9999.000,9999.000,9999.000,9999.000,9999.000
202604081954,   3.126,9999.000,9999.000,9999.000,9999.000,9999.000,9999.000,9999.000,9999.000
202604082000,   3.042,9999.000,   0.200,  -0.363,   2.879,   0.200,   2.879,   0.300,   2.979
202604082006,   2.958,9999.000,9999.000,9999.000,9999.000,9999.000,9999.000,9999.000,9999.000
202604082012,   2.873,9999.000,9999.000,9999.000,9999.000,9999.000,9999.000,9999.000,9999.000
202604082018,   2.788,9999.000,9999.000,9999.000,9999.000,9999.000,9999.000,9999.000,9999.000
202604082024,   2.703,9999.000,9999.000,9999.000,9999.000,9999.000,9999.000,9999.000,9999.000
202604082030,   2.620,9999.000,9999.000,9999.000,9999.000,9999.000,9999.000,9999.000,9999.000
202604082036,   2.537,9999.000,9999.000,9999.000,9999.000,9999.000,9999.000,9999.000,9999.000
202604082042,   2.455,9999.000,9999.000,9999.000,9999.000,9999.000,9999.000,9999.000,9999.000
202604082048,   2.376,9999.000,9999.000,9999.000,9999.000,9999.000,9999.000,9999.000,9999.000
202604082054,   2.298,9999.000,9999.000,9999.000,9999.000,9999.000,9999.000,9999.000,9999.000
202604082100,   2.222,9999.000,   0.200,  -0.421,   2.001,   0.200,   2.001,   0.300,   2.101
202604082106,   2.149,9999.000,9999.000,9999.000,9999.000,9999.000,9999.000,9999.000,9999.000
202604082112,   2.079,9999.000,9999.000,9999.000,9999.000,9999.000,9999.000,9999.000,9999.000
202604082118,   2.012,9999.000,9999.000,9999.000,9999.000,9999.000,9999.000,9999.000,9999.000
202604082124,   1.948,9999.000,9999.000,9999.000,9999.000,9999.000,9999.000,9999.000,9999.000
202604082130,   1.887,9999.000,9999.000,9999.000,9999.000,9999.000,9999.000,9999.000,9999.000
202604082136,   1.829,9999.000,9999.000,9999.000,9999.000,9999.000,9999.000,9999.000,9999.000
202604082142,   1.775,9999.000,9999.000,9999.000,9999.000,9999.000,9999.000,9999.000,9999.000
202604082148,   1.724,9999.000,9999.000,9999.000,9999.000,9999.000,9999.000,9999.000,9999.000
202604082154,   1.677,9999.000,9999.000,9999.000,9999.000,9999.000,9999.000,9999.000,9999.000
202604082200,   1.633,9999.000,   0.200,  -0.299,   1.534,   0.200,   1.534,   0.300,   1.634
202604082206,   1.592,9999.000,9999.000,9999.000,9999.000,9999.000,9999.000,9999.000,9999.000
202604082212,   1.556,9999.000,9999.000,9999.000,9999.000,9999.000,9999.000,9999.000,9999.000
202604082218,   1.522,9999.000,9999.000,9999.000,9999.000,9999.000,9999.000,9999.000,9999.000
202604082224,   1.492,9999.000,9999.000,9999.000,9999.000,9999.000,9999.000,9999.000,9999.000
202604082230,   1.466,9999.000,9999.000,9999.000,9999.000,9999.000,9999.000,9999.000,9999.000
202604082236,   1.442,9999.000,9999.000,9999.000,9999.000,9999.000,9999.000,9999.000,9999.000
202604082242,   1.422,9999.000,9999.000,9999.000,9999.000,9999.000,9999.000,9999.000,9999.000
202604082248,   1.405,9999.000,9999.000,9999.000,9999.000,9999.000,9999.000,9999.000,9999.000
202604082254,   1.392,9999.000,9999.000,9999.000,9999.000,9999.000,9999.000,9999.000,9999.000
202604082300,   1.381,9999.000,   0.300,  -0.096,   1.585,   0.200,   1.485,   0.300,   1.585
202604082306,   1.373,9999.000,9999.000,9999.000,9999.000,9999.000,9999.000,9999.000,9999.000
202604082312,   1.369,9999.000,9999.000,9999.000,9999.000,9999.000,9999.000,9999.000,9999.000
202604082318,   1.368,9999.000,9999.000,9999.000,9999.000,9999.000,9999.000,9999.000,9999.000
202604082324,   1.369,9999.000,9999.000,9999.000,9999.000,9999.000,9999.000,9999.000,9999.000
202604082330,   1.374,9999.000,9999.000,9999.000,9999.000,9999.000,9999.000,9999.000,9999.000
202604082336,   1.383,9999.000,9999.000,9999.000,9999.000,9999.000,9999.000,9999.000,9999.000
202604082342,   1.394,9999.000,9999.000,9999.000,9999.000,9999.000,9999.000,9999.000,9999.000
202604082348,   1.409,9999.000,9999.000,9999.000,9999.000,9999.000,9999.000,9999.000,9999.000
202604082354,   1.427,9999.000,9999.000,9999.000,9999.000,9999.000,9999.000,9999.000,9999.000
202604090000,   1.450,9999.000,   0.200,   0.124,   1.774,   0.200,   1.774,   0.300,   1.874
202604090006,   1.475,9999.000,9999.000,9999.000,9999.000,9999.000,9999.000,9999.000,9999.000
202604090012,   1.505,9999.000,9999.000,9999.000,9999.000,9999.000,9999.000,9999.000,9999.000
202604090018,   1.538,9999.000,9999.000,9999.000,9999.000,9999.000,9999.000,9999.000,9999.000
202604090024,   1.576,9999.000,9999.000,9999.000,9999.000,9999.000,9999.000,9999.000,9999.000
202604090030,   1.617,9999.000,9999.000,9999.000,9999.000,9999.000,9999.000,9999.000,9999.000
202604090036,   1.663,9999.000,9999.000,9999.000,9999.000,9999.000,9999.000,9999.000,9999.000
202604090042,   1.713,9999.000,9999.000,9999.000,9999.000,9999.000,9999.000,9999.000,9999.000
202604090048,   1.767,9999.000,9999.000,9999.000,9999.000,9999.000,9999.000,9999.000,9999.000
202604090054,   1.826,9999.000,9999.000,9999.000,9999.000,9999.000,9999.000,9999.000,9999.000
202604090100,   1.888,9999.000,   0.200,   0.336,   2.424,   0.200,   2.424,   0.300,   2.524
202604090106,   1.955,9999.000,9999.000,9999.000,9999.000,9999.000,9999.000,9999.000,9999.000
202604090112,   2.025,9999.000,9999.000,9999.000,9999.000,9999.000,9999.000,9999.000,9999.000
202604090118,   2.100,9999.000,9999.000,9999.000,9999.000,9999.000,9999.000,9999.000,9999.000
202604090124,   2.178,9999.000,9999.000,9999.000,9999.000,9999.000,9999.000,9999.000,9999.000
202604090130,   2.259,9999.000,9999.000,9999.000,9999.000,9999.000,9999.000,9999.000,9999.000
202604090136,   2.344,9999.000,9999.000,9999.000,9999.000,9999.000,9999.000,9999.000,9999.000
202604090142,   2.431,9999.000,9999.000,9999.000,9999.000,9999.000,9999.000,9999.000,9999.000
202604090148,   2.521,9999.000,9999.000,9999.000,9999.000,9999.000,9999.000,9999.000,9999.000
202604090154,   2.613,9999.000,9999.000,9999.000,9999.000,9999.000,9999.000,9999.000,9999.000
202604090200,   2.707,9999.000,   0.200,   0.502,   3.409,   0.200,   3.409,   0.300,   3.509
202604090206,   2.801,9999.000,9999.000,9999.000,9999.000,9999.000,9999.000,9999.000,9999.000
202604090212,   2.897,9999.000,9999.000,9999.000,9999.000,9999.000,9999.000,9999.000,9999.000
202604090218,   2.993,9999.000,9999.000,9999.000,9999.000,9999.000,9999.000,9999.000,9999.000
202604090224,   3.089,9999.000,9999.000,9999.000,9999.000,9999.000,9999.000,9999.000,9999.000
202604090230,   3.185,9999.000,9999.000,9999.000,9999.000,9999.000,9999.000,9999.000,9999.000
202604090236,   3.279,9999.000,9999.000,9999.000,9999.000,9999.000,9999.000,9999.000,9999.000
202604090242,   3.373,9999.000,9999.000,9999.000,9999.000,9999.000,9999.000,9999.000,9999.000
202604090248,   3.465,9999.000,9999.000,9999.000,9999.000,9999.000,9999.000,9999.000,9999.000
202604090254,   3.555,9999.000,9999.000,9999.000,9999.000,9999.000,9999.000,9999.000,9999.000
202604090300,   3.642,9999.000,   0.200,   0.570,   4.412,   0.100,   4.312,   0.200,   4.412
202604090306,   3.728,9999.000,9999.000,9999.000,9999.000,9999.000,9999.000,9999.000,9999.000
202604090312,   3.810,9999.000,9999.000,9999.000,9999.000,9999.000,9999.000,9999.000,9999.000
202604090318,   3.890,9999.000,9999.000,9999.000,9999.000,9999.000,9999.000,9999.000,9999.000
202604090324,   3.966,9999.000,9999.000,9999.000,9999.000,9999.000,9999.000,9999.000,9999.000
202604090330,   4.040,9999.000,9999.000,9999.000,9999.000,9999.000,9999.000,9999.000,9999.000
202604090336,   4.110,9999.000,9999.000,9999.000,9999.000,9999.000,9999.000,9999.000,9999.000
202604090342,   4.177,9999.000,9999.000,9999.000,9999.000,9999.000,9999.000,9999.000,9999.000
202604090348,   4.240,9999.000,9999.000,9999.000,9999.000,9999.000,9999.000,9999.000,9999.000
202604090354,   4.301,9999.000,9999.000,9999.000,9999.000,9999.000,9999.000,9999.000,9999.000
202604090400,   4.358,9999.000,   0.200,   0.515,   5.073,   0.100,   4.973,   0.200,   5.073
202604090406,   4.412,9999.000,9999.000,9999.000,9999.000,9999.000,9999.000,9999.000,9999.000
202604090412,   4.464,9999.000,9999.000,9999.000,9999.000,9999.000,9999.000,9999.000,9999.000
202604090418,   4.512,9999.000,9999.000,9999.000,9999.000,9999.000,9999.000,9999.000,9999.000
202604090424,   4.557,9999.000,9999.000,9999.000,9999.000,9999.000,9999.000,9999.000,9999.000
202604090430,   4.599,9999.000,9999.000,9999.000,9999.000,9999.000,9999.000,9999.000,9999.000
202604090436,   4.639,9999.000,9999.000,9999.000,9999.000,9999.000,9999.000,9999.000,9999.000
202604090442,   4.676,9999.000,9999.000,9999.000,9999.000,9999.000,9999.000,9999.000,9999.000
202604090448,   4.710,9999.000,9999.000,9999.000,9999.000,9999.000,9999.000,9999.000,9999.000
202604090454,   4.741,9999.000,9999.000,9999.000,9999.000,9999.000,9999.000,9999.000,9999.000
202604090500,   4.770,9999.000,   0.100,   0.379,   5.249,   0.100,   5.249,   0.200,   5.349
202604090506,   4.796,9999.000,9999.000,9999.000,9999.000,9999.000,9999.000,9999.000,9999.000
202604090512,   4.819,9999.000,9999.000,9999.000,9999.000,9999.000,9999.000,9999.000,9999.000
202604090518,   4.840,9999.000,9999.000,9999.000,9999.000,9999.000,9999.000,9999.000,9999.000
202604090524,   4.857,9999.000,9999.000,9999.000,9999.000,9999.000,9999.000,9999.000,9999.000
202604090530,   4.871,9999.000,9999.000,9999.000,9999.000,9999.000,9999.000,9999.000,9999.000
202604090536,   4.883,9999.000,9999.000,9999.000,9999.000,9999.000,9999.000,9999.000,9999.000
202604090542,   4.890,9999.000,9999.000,9999.000,9999.000,9999.000,9999.000,9999.000,9999.000
202604090548,   4.895,9999.000,9999.000,9999.000,9999.000,9999.000,9999.000,9999.000,9999.000
202604090554,   4.895,9999.000,9999.000,9999.000,9999.000,9999.000,9999.000,9999.000,9999.000
202604090600,   4.892,9999.000,   0.100,   0.231,   5.223,   0.100,   5.223,   0.200,   5.323
202604090606,   4.885,9999.000,9999.000,9999.000,9999.000,9999.000,9999.000,9999.000,9999.000
202604090612,   4.873,9999.000,9999.000,9999.000,9999.000,9999.000,9999.000,9999.000,9999.000
202604090618,   4.857,9999.000,9999.000,9999.000,9999.000,9999.000,9999.000,9999.000,9999.000
202604090624,   4.836,9999.000,9999.000,9999.000,9999.000,9999.000,9999.000,9999.000,9999.000
202604090630,   4.811,9999.000,9999.000,9999.000,9999.000,9999.000,9999.000,9999.000,9999.000
202604090636,   4.781,9999.000,9999.000,9999.000,9999.000,9999.000,9999.000,9999.000,9999.000
202604090642,   4.746,9999.000,9999.000,9999.000,9999.000,9999.000,9999.000,9999.000,9999.000
202604090648,   4.706,9999.000,9999.000,9999.000,9999.000,9999.000,9999.000,9999.000,9999.000
202604090654,   4.662,9999.000,9999.000,9999.000,9999.000,9999.000,9999.000,9999.000,9999.000
202604090700,   4.612,9999.000,   0.100,   0.102,   4.814,   0.000,   4.714,   0.100,   4.814
202604090706,   4.558,9999.000,9999.000,9999.000,9999.000,9999.000,9999.000,9999.000,9999.000
202604090712,   4.499,9999.000,9999.000,9999.000,9999.000,9999.000,9999.000,9999.000,9999.000
202604090718,   4.435,9999.000,9999.000,9999.000,9999.000,9999.000,9999.000,9999.000,9999.000
202604090724,   4.367,9999.000,9999.000,9999.000,9999.000,9999.000,9999.000,9999.000,9999.000
202604090730,   4.295,9999.000,9999.000,9999.000,9999.000,9999.000,9999.000,9999.000,9999.000
202604090736,   4.218,9999.000,9999.000,9999.000,9999.000,9999.000,9999.000,9999.000,9999.000
202604090742,   4.138,9999.000,9999.000,9999.000,9999.000,9999.000,9999.000,9999.000,9999.000
202604090748,   4.055,9999.000,9999.000,9999.000,9999.000,9999.000,9999.000,9999.000,9999.000
202604090754,   3.968,9999.000,9999.000,9999.000,9999.000,9999.000,9999.000,9999.000,9999.000
202604090800,   3.879,9999.000,   0.100,  -0.065,   3.914,   0.000,   3.814,   0.100,   3.914
202604090806,   3.787,9999.000,9999.000,9999.000,9999.000,9999.000,9999.000,9999.000,9999.000
202604090812,   3.694,9999.000,9999.000,9999.000,9999.000,9999.000,9999.000,9999.000,9999.000
202604090818,   3.598,9999.000,9999.000,9999.000,9999.000,9999.000,9999.000,9999.000,9999.000
202604090824,   3.502,9999.000,9999.000,9999.000,9999.000,9999.000,9999.000,9999.000,9999.000
202604090830,   3.404,9999.000,9999.000,9999.000,9999.000,9999.000,9999.000,9999.000,9999.000
202604090836,   3.306,9999.000,9999.000,9999.000,9999.000,9999.000,9999.000,9999.000,9999.000
202604090842,   3.208,9999.000,9999.000,9999.000,9999.000,9999.000,9999.000,9999.000,9999.000
202604090848,   3.110,9999.000,9999.000,9999.000,9999.000,9999.000,9999.000,9999.000,9999.000
202604090854,   3.013,9999.000,9999.000,9999.000,9999.000,9999.000,9999.000,9999.000,9999.000
202604090900,   2.917,9999.000,   0.000,  -0.330,   2.587,   0.000,   2.587,   0.100,   2.687
202604090906,   2.822,9999.000,9999.000,9999.000,9999.000,9999.000,9999.000,9999.000,9999.000
202604090912,   2.729,9999.000,9999.000,9999.000,9999.000,9999.000,9999.000,9999.000,9999.000
202604090918,   2.637,9999.000,9999.000,9999.000,9999.000,9999.000,9999.000,9999.000,9999.000
202604090924,   2.548,9999.000,9999.000,9999.000,9999.000,9999.000,9999.000,9999.000,9999.000
202604090930,   2.461,9999.000,9999.000,9999.000,9999.000,9999.000,9999.000,9999.000,9999.000
202604090936,   2.376,9999.000,9999.000,9999.000,9999.000,9999.000,9999.000,9999.000,9999.000
202604090942,   2.294,9999.000,9999.000,9999.000,9999.000,9999.000,9999.000,9999.000,9999.000
202604090948,   2.215,9999.000,9999.000,9999.000,9999.000,9999.000,9999.000,9999.000,9999.000
202604090954,   2.139,9999.000,9999.000,9999.000,9999.000,9999.000,9999.000,9999.000,9999.000
202604091000,   2.066,9999.000,   0.000,  -0.602,   1.464,   0.000,   1.464,   0.100,   1.564
202604091006,   1.996,9999.000,9999.000,9999.000,9999.000,9999.000,9999.000,9999.000,9999.000
202604091012,   1.929,9999.000,9999.000,9999.000,9999.000,9999.000,9999.000,9999.000,9999.000
202604091018,   1.865,9999.000,9999.000,9999.000,9999.000,9999.000,9999.000,9999.000,9999.000
202604091024,   1.804,9999.000,9999.000,9999.000,9999.000,9999.000,9999.000,9999.000,9999.000
202604091030,   1.746,9999.000,9999.000,9999.000,9999.000,9999.000,9999.000,9999.000,9999.000
202604091036,   1.691,9999.000,9999.000,9999.000,9999.000,9999.000,9999.000,9999.000,9999.000
202604091042,   1.639,9999.000,9999.000,9999.000,9999.000,9999.000,9999.000,9999.000,9999.000
202604091048,   1.590,9999.000,9999.000,9999.000,9999.000,9999.000,9999.000,9999.000,9999.000
202604091054,   1.543,9999.000,9999.000,9999.000,9999.000,9999.000,9999.000,9999.000,9999.000
202604091100,   1.499,9999.000,   0.000,  -0.641,   0.858,   0.000,   0.858,   0.000,   0.858
202604091106,   1.458,9999.000,9999.000,9999.000,9999.000,9999.000,9999.000,9999.000,9999.000
202604091112,   1.419,9999.000,9999.000,9999.000,9999.000,9999.000,9999.000,9999.000,9999.000
202604091118,   1.383,9999.000,9999.000,9999.000,9999.000,9999.000,9999.000,9999.000,9999.000
202604091124,   1.349,9999.000,9999.000,9999.000,9999.000,9999.000,9999.000,9999.000,9999.000
202604091130,   1.318,9999.000,9999.000,9999.000,9999.000,9999.000,9999.000,9999.000,9999.000
202604091136,   1.289,9999.000,9999.000,9999.000,9999.000,9999.000,9999.000,9999.000,9999.000
202604091142,   1.263,9999.000,9999.000,9999.000,9999.000,9999.000,9999.000,9999.000,9999.000
202604091148,   1.239,9999.000,9999.000,9999.000,9999.000,9999.000,9999.000,9999.000,9999.000
202604091154,   1.218,9999.000,9999.000,9999.000,9999.000,9999.000,9999.000,9999.000,9999.000
202604091200,   1.200,9999.000,   0.000,  -0.319,   0.881,   0.000,   0.881,   0.000,   0.881
202604091206,   1.184,9999.000,9999.000,9999.000,9999.000,9999.000,9999.000,9999.000,9999.000
202604091212,   1.172,9999.000,9999.000,9999.000,9999.000,9999.000,9999.000,9999.000,9999.000
202604091218,   1.163,9999.000,9999.000,9999.000,9999.000,9999.000,9999.000,9999.000,9999.000
202604091224,   1.156,9999.000,9999.000,9999.000,9999.000,9999.000,9999.000,9999.000,9999.000
202604091230,   1.154,9999.000,9999.000,9999.000,9999.000,9999.000,9999.000,9999.000,9999.000
202604091236,   1.155,9999.000,9999.000,9999.000,9999.000,9999.000,9999.000,9999.000,9999.000
202604091242,   1.159,9999.000,9999.000,9999.000,9999.000,9999.000,9999.000,9999.000,9999.000
202604091248,   1.168,9999.000,9999.000,9999.000,9999.000,9999.000,9999.000,9999.000,9999.000
202604091254,   1.180,9999.000,9999.000,9999.000,9999.000,9999.000,9999.000,9999.000,9999.000
202604091300,   1.197,9999.000,   0.000,   0.187,   1.384,   0.000,   1.384,   0.000,   1.384
202604091306,   1.218,9999.000,9999.000,9999.000,9999.000,9999.000,9999.000,9999.000,9999.000
202604091312,   1.243,9999.000,9999.000,9999.000,9999.000,9999.000,9999.000,9999.000,9999.000
202604091318,   1.273,9999.000,9999.000,9999.000,9999.000,9999.000,9999.000,9999.000,9999.000
202604091324,   1.307,9999.000,9999.000,9999.000,9999.000,9999.000,9999.000,9999.000,9999.000
202604091330,   1.346,9999.000,9999.000,9999.000,9999.000,9999.000,9999.000,9999.000,9999.000
202604091336,   1.389,9999.000,9999.000,9999.000,9999.000,9999.000,9999.000,9999.000,9999.000
202604091342,   1.437,9999.000,9999.000,9999.000,9999.000,9999.000,9999.000,9999.000,9999.000
202604091348,   1.489,9999.000,9999.000,9999.000,9999.000,9999.000,9999.000,9999.000,9999.000
202604091354,   1.545,9999.000,9999.000,9999.000,9999.000,9999.000,9999.000,9999.000,9999.000
202604091400,   1.605,9999.000,   0.000,   0.547,   2.152,   0.000,   2.152,   0.000,   2.152
202604091406,   1.668,9999.000,9999.000,9999.000,9999.000,9999.000,9999.000,9999.000,9999.000
202604091412,   1.735,9999.000,9999.000,9999.000,9999.000,9999.000,9999.000,9999.000,9999.000
202604091418,   1.806,9999.000,9999.000,9999.000,9999.000,9999.000,9999.000,9999.000,9999.000
202604091424,   1.879,9999.000,9999.000,9999.000,9999.000,9999.000,9999.000,9999.000,9999.000
202604091430,   1.954,9999.000,9999.000,9999.000,9999.000,9999.000,9999.000,9999.000,9999.000
202604091436,   2.032,9999.000,9999.000,9999.000,9999.000,9999.000,9999.000,9999.000,9999.000
202604091442,   2.111,9999.000,9999.000,9999.000,9999.000,9999.000,9999.000,9999.000,9999.000
202604091448,   2.191,9999.000,9999.000,9999.000,9999.000,9999.000,9999.000,9999.000,9999.000
202604091454,   2.273,9999.000,9999.000,9999.000,9999.000,9999.000,9999.000,9999.000,9999.000
202604091500,   2.354,9999.000,   0.000,   0.629,   2.983,   0.000,   2.983,   0.000,   2.983
202604091506,   2.436,9999.000,9999.000,9999.000,9999.000,9999.000,9999.000,9999.000,9999.000
202604091512,   2.518,9999.000,9999.000,9999.000,9999.000,9999.000,9999.000,9999.000,9999.000
202604091518,   2.598,9999.000,9999.000,9999.000,9999.000,9999.000,9999.000,9999.000,9999.000
202604091524,   2.678,9999.000,9999.000,9999.000,9999.000,9999.000,9999.000,9999.000,9999.000
202604091530,   2.757,9999.000,9999.000,9999.000,9999.000,9999.000,9999.000,9999.000,9999.000
202604091536,   2.834,9999.000,9999.000,9999.000,9999.000,9999.000,9999.000,9999.000,9999.000
202604091542,   2.909,9999.000,9999.000,9999.000,9999.000,9999.000,9999.000,9999.000,9999.000
202604091548,   2.983,9999.000,9999.000,9999.000,9999.000,9999.000,9999.000,9999.000,9999.000
202604091554,   3.054,9999.000,9999.000,9999.000,9999.000,9999.000,9999.000,9999.000,9999.000
202604091600,   3.124,9999.000,   0.000,   0.567,   3.691,   0.000,   3.691,   0.000,   3.691
202604091606,   3.191,9999.000,9999.000,9999.000,9999.000,9999.000,9999.000,9999.000,9999.000
202604091612,   3.255,9999.000,9999.000,9999.000,9999.000,9999.000,9999.000,9999.000,9999.000
202604091618,   3.318,9999.000,9999.000,9999.000,9999.000,9999.000,9999.000,9999.000,9999.000
202604091624,   3.378,9999.000,9999.000,9999.000,9999.000,9999.000,9999.000,9999.000,9999.000
202604091630,   3.436,9999.000,9999.000,9999.000,9999.000,9999.000,9999.000,9999.000,9999.000
202604091636,   3.491,9999.000,9999.000,9999.000,9999.000,9999.000,9999.000,9999.000,9999.000
202604091642,   3.544,9999.000,9999.000,9999.000,9999.000,9999.000,9999.000,9999.000,9999.000
202604091648,   3.595,9999.000,9999.000,9999.000,9999.000,9999.000,9999.000,9999.000,9999.000
202604091654,   3.644,9999.000,9999.000,9999.000,9999.000,9999.000,9999.000,9999.000,9999.000
202604091700,   3.691,9999.000,   0.000,   0.500,   4.191,   0.000,   4.191,   0.000,   4.191
202604091706,   3.735,9999.000,9999.000,9999.000,9999.000,9999.000,9999.000,9999.000,9999.000
202604091712,   3.777,9999.000,9999.000,9999.000,9999.000,9999.000,9999.000,9999.000,9999.000
202604091718,   3.817,9999.000,9999.000,9999.000,9999.000,9999.000,9999.000,9999.000,9999.000
202604091724,   3.855,9999.000,9999.000,9999.000,9999.000,9999.000,9999.000,9999.000,9999.000
202604091730,   3.890,9999.000,9999.000,9999.000,9999.000,9999.000,9999.000,9999.000,9999.000
202604091736,   3.923,9999.000,9999.000,9999.000,9999.000,9999.000,9999.000,9999.000,9999.000
202604091742,   3.954,9999.000,9999.000,9999.000,9999.000,9999.000,9999.000,9999.000,9999.000
202604091748,   3.982,9999.000,9999.000,9999.000,9999.000,9999.000,9999.000,9999.000,9999.000
202604091754,   4.007,9999.000,9999.000,9999.000,9999.000,9999.000,9999.000,9999.000,9999.000
202604091800,   4.029,9999.000,   0.000,   0.390,   4.419,   0.000,   4.419,   0.000,   4.419
202604091806,   4.048,9999.000,9999.000,9999.000,9999.000,9999.000,9999.000,9999.000,9999.000
202604091812,   4.064,9999.000,9999.000,9999.000,9999.000,9999.000,9999.000,9999.000,9999.000
202604091818,   4.076,9999.000,9999.000,9999.000,9999.000,9999.000,9999.000,9999.000,9999.000
202604091824,   4.085,9999.000,9999.000,9999.000,9999.000,9999.000,9999.000,9999.000,9999.000
202604091830,   4.090,9999.000,9999.000,9999.000,9999.000,9999.000,9999.000,9999.000,9999.000
202604091836,   4.090,9999.000,9999.000,9999.000,9999.000,9999.000,9999.000,9999.000,9999.000
202604091842,   4.087,9999.000,9999.000,9999.000,9999.000,9999.000,9999.000,9999.000,9999.000
202604091848,   4.079,9999.000,9999.000,9999.000,9999.000,9999.000,9999.000,9999.000,9999.000
202604091854,   4.067,9999.000,9999.000,9999.000,9999.000,9999.000,9999.000,9999.000,9999.000
202604091900,   4.050,9999.000,   0.000,   0.156,   4.206,   0.000,   4.206,   0.100,   4.306
202604091906,   4.029,9999.000,9999.000,9999.000,9999.000,9999.000,9999.000,9999.000,9999.000
202604091912,   4.003,9999.000,9999.000,9999.000,9999.000,9999.000,9999.000,9999.000,9999.000
202604091918,   3.973,9999.000,9999.000,9999.000,9999.000,9999.000,9999.000,9999.000,9999.000
202604091924,   3.938,9999.000,9999.000,9999.000,9999.000,9999.000,9999.000,9999.000,9999.000
202604091930,   3.899,9999.000,9999.000,9999.000,9999.000,9999.000,9999.000,9999.000,9999.000
202604091936,   3.855,9999.000,9999.000,9999.000,9999.000,9999.000,9999.000,9999.000,9999.000
202604091942,   3.807,9999.000,9999.000,9999.000,9999.000,9999.000,9999.000,9999.000,9999.000
202604091948,   3.755,9999.000,9999.000,9999.000,9999.000,9999.000,9999.000,9999.000,9999.000
202604091954,   3.700,9999.000,9999.000,9999.000,9999.000,9999.000,9999.000,9999.000,9999.000
202604092000,   3.640,9999.000,   0.000,  -0.136,   3.504,   0.000,   3.504,   0.100,   3.604
202604092006,   3.578,9999.000,9999.000,9999.000,9999.000,9999.000,9999.000,9999.000,9999.000
202604092012,   3.513,9999.000,9999.000,9999.000,9999.000,9999.000,9999.000,9999.000,9999.000
202604092018,   3.445,9999.000,9999.000,9999.000,9999.000,9999.000,9999.000,9999.000,9999.000
202604092024,   3.375,9999.000,9999.000,9999.000,9999.000,9999.000,9999.000,9999.000,9999.000
202604092030,   3.302,9999.000,9999.000,9999.000,9999.000,9999.000,9999.000,9999.000,9999.000
202604092036,   3.229,9999.000,9999.000,9999.000,9999.000,9999.000,9999.000,9999.000,9999.000
202604092042,   3.154,9999.000,9999.000,9999.000,9999.000,9999.000,9999.000,9999.000,9999.000
202604092048,   3.078,9999.000,9999.000,9999.000,9999.000,9999.000,9999.000,9999.000,9999.000
202604092054,   3.002,9999.000,9999.000,9999.000,9999.000,9999.000,9999.000,9999.000,9999.000
202604092100,   2.925,9999.000,   0.100,  -0.332,   2.693,   0.000,   2.593,   0.100,   2.693
202604092106,   2.849,9999.000,9999.000,9999.000,9999.000,9999.000,9999.000,9999.000,9999.000
202604092112,   2.774,9999.000,9999.000,9999.000,9999.000,9999.000,9999.000,9999.000,9999.000
202604092118,   2.699,9999.000,9999.000,9999.000,9999.000,9999.000,9999.000,9999.000,9999.000
202604092124,   2.626,9999.000,9999.000,9999.000,9999.000,9999.000,9999.000,9999.000,9999.000
202604092130,   2.554,9999.000,9999.000,9999.000,9999.000,9999.000,9999.000,9999.000,9999.000
202604092136,   2.484,9999.000,9999.000,9999.000,9999.000,9999.000,9999.000,9999.000,9999.000
202604092142,   2.416,9999.000,9999.000,9999.000,9999.000,9999.000,9999.000,9999.000,9999.000
202604092148,   2.351,9999.000,9999.000,9999.000,9999.000,9999.000,9999.000,9999.000,9999.000
202604092154,   2.287,9999.000,9999.000,9999.000,9999.000,9999.000,9999.000,9999.000,9999.000
202604092200,   2.227,9999.000,   0.100,  -0.361,   1.966,   0.000,   1.866,   0.100,   1.966
202604092206,   2.169,9999.000,9999.000,9999.000,9999.000,9999.000,9999.000,9999.000,9999.000
202604092212,   2.114,9999.000,9999.000,9999.000,9999.000,9999.000,9999.000,9999.000,9999.000
202604092218,   2.062,9999.000,9999.000,9999.000,9999.000,9999.000,9999.000,9999.000,9999.000
202604092224,   2.013,9999.000,9999.000,9999.000,9999.000,9999.000,9999.000,9999.000,9999.000
202604092230,   1.967,9999.000,9999.000,9999.000,9999.000,9999.000,9999.000,9999.000,9999.000
202604092236,   1.924,9999.000,9999.000,9999.000,9999.000,9999.000,9999.000,9999.000,9999.000
202604092242,   1.884,9999.000,9999.000,9999.000,9999.000,9999.000,9999.000,9999.000,9999.000
202604092248,   1.847,9999.000,9999.000,9999.000,9999.000,9999.000,9999.000,9999.000,9999.000
202604092254,   1.812,9999.000,9999.000,9999.000,9999.000,9999.000,9999.000,9999.000,9999.000
202604092300,   1.781,9999.000,   0.100,  -0.266,   1.615,   0.000,   1.515,   0.100,   1.615
202604092306,   1.752,9999.000,9999.000,9999.000,9999.000,9999.000,9999.000,9999.000,9999.000
202604092312,   1.726,9999.000,9999.000,9999.000,9999.000,9999.000,9999.000,9999.000,9999.000
202604092318,   1.702,9999.000,9999.000,9999.000,9999.000,9999.000,9999.000,9999.000,9999.000
202604092324,   1.680,9999.000,9999.000,9999.000,9999.000,9999.000,9999.000,9999.000,9999.000
202604092330,   1.661,9999.000,9999.000,9999.000,9999.000,9999.000,9999.000,9999.000,9999.000
202604092336,   1.644,9999.000,9999.000,9999.000,9999.000,9999.000,9999.000,9999.000,9999.000
202604092342,   1.629,9999.000,9999.000,9999.000,9999.000,9999.000,9999.000,9999.000,9999.000
202604092348,   1.617,9999.000,9999.000,9999.000,9999.000,9999.000,9999.000,9999.000,9999.000
202604092354,   1.606,9999.000,9999.000,9999.000,9999.000,9999.000,9999.000,9999.000,9999.000
202604100000,   1.597,9999.000,   0.100,  -0.102,   1.595,   0.000,   1.495,   0.200,   1.695
202604100006,   1.591,9999.000,9999.000,9999.000,9999.000,9999.000,9999.000,9999.000,9999.000
202604100012,   1.587,9999.000,9999.000,9999.000,9999.000,9999.000,9999.000,9999.000,9999.000
202604100018,   1.584,9999.000,9999.000,9999.000,9999.000,9999.000,9999.000,9999.000,9999.000
202604100024,   1.585,9999.000,9999.000,9999.000,9999.000,9999.000,9999.000,9999.000,9999.000
202604100030,   1.587,9999.000,9999.000,9999.000,9999.000,9999.000,9999.000,9999.000,9999.000
202604100036,   1.592,9999.000,9999.000,9999.000,9999.000,9999.000,9999.000,9999.000,9999.000
202604100042,   1.600,9999.000,9999.000,9999.000,9999.000,9999.000,9999.000,9999.000,9999.000
202604100048,   1.611,9999.000,9999.000,9999.000,9999.000,9999.000,9999.000,9999.000,9999.000
202604100054,   1.624,9999.000,9999.000,9999.000,9999.000,9999.000,9999.000,9999.000,9999.000
202604100100,   1.641,9999.000,   0.100,   0.109,   1.850,   0.000,   1.750,   0.200,   1.950
202604100106,   1.661,9999.000,9999.000,9999.000,9999.000,9999.000,9999.000,9999.000,9999.000
202604100112,   1.684,9999.000,9999.000,9999.000,9999.000,9999.000,9999.000,9999.000,9999.000
202604100118,   1.711,9999.000,9999.000,9999.000,9999.000,9999.000,9999.000,9999.000,9999.000
202604100124,   1.742,9999.000,9999.000,9999.000,9999.000,9999.000,9999.000,9999.000,9999.000
202604100130,   1.777,9999.000,9999.000,9999.000,9999.000,9999.000,9999.000,9999.000,9999.000
202604100136,   1.816,9999.000,9999.000,9999.000,9999.000,9999.000,9999.000,9999.000,9999.000
202604100142,   1.859,9999.000,9999.000,9999.000,9999.000,9999.000,9999.000,9999.000,9999.000
202604100148,   1.906,9999.000,9999.000,9999.000,9999.000,9999.000,9999.000,9999.000,9999.000
202604100154,   1.957,9999.000,9999.000,9999.000,9999.000,9999.000,9999.000,9999.000,9999.000
202604100200,   2.012,9999.000,   0.100,   0.322,   2.434,   0.000,   2.334,   0.200,   2.534
202604100206,   2.072,9999.000,9999.000,9999.000,9999.000,9999.000,9999.000,9999.000,9999.000
202604100212,   2.135,9999.000,9999.000,9999.000,9999.000,9999.000,9999.000,9999.000,9999.000
202604100218,   2.202,9999.000,9999.000,9999.000,9999.000,9999.000,9999.000,9999.000,9999.000
202604100224,   2.273,9999.000,9999.000,9999.000,9999.000,9999.000,9999.000,9999.000,9999.000
202604100230,   2.347,9999.000,9999.000,9999.000,9999.000,9999.000,9999.000,9999.000,9999.000
202604100236,   2.424,9999.000,9999.000,9999.000,9999.000,9999.000,9999.000,9999.000,9999.000
202604100242,   2.503,9999.000,9999.000,9999.000,9999.000,9999.000,9999.000,9999.000,9999.000
202604100248,   2.586,9999.000,9999.000,9999.000,9999.000,9999.000,9999.000,9999.000,9999.000
202604100254,   2.670,9999.000,9999.000,9999.000,9999.000,9999.000,9999.000,9999.000,9999.000
202604100300,   2.756,9999.000,   0.100,   0.464,   3.320,   0.000,   3.220,   0.200,   3.420
202604100306,   2.844,9999.000,9999.000,9999.000,9999.000,9999.000,9999.000,9999.000,9999.000
202604100312,   2.932,9999.000,9999.000,9999.000,9999.000,9999.000,9999.000,9999.000,9999.000
202604100318,   3.020,9999.000,9999.000,9999.000,9999.000,9999.000,9999.000,9999.000,9999.000
202604100324,   3.109,9999.000,9999.000,9999.000,9999.000,9999.000,9999.000,9999.000,9999.000
202604100330,   3.198,9999.000,9999.000,9999.000,9999.000,9999.000,9999.000,9999.000,9999.000
202604100336,   3.286,9999.000,9999.000,9999.000,9999.000,9999.000,9999.000,9999.000,9999.000
202604100342,   3.372,9999.000,9999.000,9999.000,9999.000,9999.000,9999.000,9999.000,9999.000
202604100348,   3.458,9999.000,9999.000,9999.000,9999.000,9999.000,9999.000,9999.000,9999.000
202604100354,   3.541,9999.000,9999.000,9999.000,9999.000,9999.000,9999.000,9999.000,9999.000
202604100400,   3.623,9999.000,   0.100,   0.504,   4.227,   0.000,   4.127,   0.200,   4.327
202604100406,   3.703,9999.000,9999.000,9999.000,9999.000,9999.000,9999.000,9999.000,9999.000
202604100412,   3.780,9999.000,9999.000,9999.000,9999.000,9999.000,9999.000,9999.000,9999.000
202604100418,   3.855,9999.000,9999.000,9999.000,9999.000,9999.000,9999.000,9999.000,9999.000
202604100424,   3.928,9999.000,9999.000,9999.000,9999.000,9999.000,9999.000,9999.000,9999.000
202604100430,   3.997,9999.000,9999.000,9999.000,9999.000,9999.000,9999.000,9999.000,9999.000
202604100436,   4.064,9999.000,9999.000,9999.000,9999.000,9999.000,9999.000,9999.000,9999.000
202604100442,   4.128,9999.000,9999.000,9999.000,9999.000,9999.000,9999.000,9999.000,9999.000
202604100448,   4.189,9999.000,9999.000,9999.000,9999.000,9999.000,9999.000,9999.000,9999.000
202604100454,   4.247,9999.000,9999.000,9999.000,9999.000,9999.000,9999.000,9999.000,9999.000
202604100500,   4.303,9999.000,   0.100,   0.483,   4.886,   0.000,   4.786,   0.200,   4.986
202604100506,   4.355,9999.000,9999.000,9999.000,9999.000,9999.000,9999.000,9999.000,9999.000
202604100512,   4.405,9999.000,9999.000,9999.000,9999.000,9999.000,9999.000,9999.000,9999.000
202604100518,   4.452,9999.000,9999.000,9999.000,9999.000,9999.000,9999.000,9999.000,9999.000
202604100524,   4.497,9999.000,9999.000,9999.000,9999.000,9999.000,9999.000,9999.000,9999.000
202604100530,   4.538,9999.000,9999.000,9999.000,9999.000,9999.000,9999.000,9999.000,9999.000
202604100536,   4.577,9999.000,9999.000,9999.000,9999.000,9999.000,9999.000,9999.000,9999.000
202604100542,   4.613,9999.000,9999.000,9999.000,9999.000,9999.000,9999.000,9999.000,9999.000
202604100548,   4.647,9999.000,9999.000,9999.000,9999.000,9999.000,9999.000,9999.000,9999.000
202604100554,   4.677,9999.000,9999.000,9999.000,9999.000,9999.000,9999.000,9999.000,9999.000
202604100600,   4.705,9999.000,   0.100,   0.453,   5.258,   0.000,   5.158,   0.100,   5.258
202604100606,   4.729,9999.000,9999.000,9999.000,9999.000,9999.000,9999.000,9999.000,9999.000
202604100612,   4.750,9999.000,9999.000,9999.000,9999.000,9999.000,9999.000,9999.000,9999.000
202604100618,   4.769,9999.000,9999.000,9999.000,9999.000,9999.000,9999.000,9999.000,9999.000
202604100624,   4.783,9999.000,9999.000,9999.000,9999.000,9999.000,9999.000,9999.000,9999.000
202604100630,   4.795,9999.000,9999.000,9999.000,9999.000,9999.000,9999.000,9999.000,9999.000
202604100636,   4.802,9999.000,9999.000,9999.000,9999.000,9999.000,9999.000,9999.000,9999.000
202604100642,   4.806,9999.000,9999.000,9999.000,9999.000,9999.000,9999.000,9999.000,9999.000
202604100648,   4.806,9999.000,9999.000,9999.000,9999.000,9999.000,9999.000,9999.000,9999.000
202604100654,   4.801,9999.000,9999.000,9999.000,9999.000,9999.000,9999.000,9999.000,9999.000
202604100700,   4.793,9999.000,   0.100,   0.390,   5.283,   0.000,   5.183,   0.100,   5.283
202604100706,   4.779,9999.000,9999.000,9999.000,9999.000,9999.000,9999.000,9999.000,9999.000
202604100712,   4.762,9999.000,9999.000,9999.000,9999.000,9999.000,9999.000,9999.000,9999.000
202604100718,   4.740,9999.000,9999.000,9999.000,9999.000,9999.000,9999.000,9999.000,9999.000
202604100724,   4.713,9999.000,9999.000,9999.000,9999.000,9999.000,9999.000,9999.000,9999.000
202604100730,   4.681,9999.000,9999.000,9999.000,9999.000,9999.000,9999.000,9999.000,9999.000
202604100736,   4.645,9999.000,9999.000,9999.000,9999.000,9999.000,9999.000,9999.000,9999.000
202604100742,   4.604,9999.000,9999.000,9999.000,9999.000,9999.000,9999.000,9999.000,9999.000
202604100748,   4.559,9999.000,9999.000,9999.000,9999.000,9999.000,9999.000,9999.000,9999.000
202604100754,   4.508,9999.000,9999.000,9999.000,9999.000,9999.000,9999.000,9999.000,9999.000
202604100800,   4.454,9999.000,   0.000,   0.199,   4.653,   0.000,   4.653,   0.100,   4.753
202604100806,   4.395,9999.000,9999.000,9999.000,9999.000,9999.000,9999.000,9999.000,9999.000
202604100812,   4.332,9999.000,9999.000,9999.000,9999.000,9999.000,9999.000,9999.000,9999.000
202604100818,   4.265,9999.000,9999.000,9999.000,9999.000,9999.000,9999.000,9999.000,9999.000
202604100824,   4.195,9999.000,9999.000,9999.000,9999.000,9999.000,9999.000,9999.000,9999.000
202604100830,   4.121,9999.000,9999.000,9999.000,9999.000,9999.000,9999.000,9999.000,9999.000
202604100836,   4.044,9999.000,9999.000,9999.000,9999.000,9999.000,9999.000,9999.000,9999.000
202604100842,   3.964,9999.000,9999.000,9999.000,9999.000,9999.000,9999.000,9999.000,9999.000
202604100848,   3.882,9999.000,9999.000,9999.000,9999.000,9999.000,9999.000,9999.000,9999.000
202604100854,   3.798,9999.000,9999.000,9999.000,9999.000,9999.000,9999.000,9999.000,9999.000
202604100900,   3.712,9999.000,   0.000,  -0.163,   3.549,   0.000,   3.549,   0.100,   3.649
202604100906,   3.625,9999.000,9999.000,9999.000,9999.000,9999.000,9999.000,9999.000,9999.000
202604100912,   3.536,9999.000,9999.000,9999.000,9999.000,9999.000,9999.000,9999.000,9999.000
202604100918,   3.447,9999.000,9999.000,9999.000,9999.000,9999.000,9999.000,9999.000,9999.000
202604100924,   3.358,9999.000,9999.000,9999.000,9999.000,9999.000,9999.000,9999.000,9999.000
202604100930,   3.269,9999.000,9999.000,9999.000,9999.000,9999.000,9999.000,9999.000,9999.000
202604100936,   3.180,9999.000,9999.000,9999.000,9999.000,9999.000,9999.000,9999.000,9999.000
202604100942,   3.092,9999.000,9999.000,9999.000,9999.000,9999.000,9999.000,9999.000,9999.000
202604100948,   3.004,9999.000,9999.000,9999.000,9999.000,9999.000,9999.000,9999.000,9999.000
202604100954,   2.918,9999.000,9999.000,9999.000,9999.000,9999.000,9999.000,9999.000,9999.000
202604101000,   2.834,9999.000,   0.000,  -0.558,   2.276,   0.000,   2.276,   0.100,   2.376
202604101006,   2.751,9999.000,9999.000,9999.000,9999.000,9999.000,9999.000,9999.000,9999.000
202604101012,   2.670,9999.000,9999.000,9999.000,9999.000,9999.000,9999.000,9999.000,9999.000
202604101018,   2.591,9999.000,9999.000,9999.000,9999.000,9999.000,9999.000,9999.000,9999.000
202604101024,   2.514,9999.000,9999.000,9999.000,9999.000,9999.000,9999.000,9999.000,9999.000
202604101030,   2.439,9999.000,9999.000,9999.000,9999.000,9999.000,9999.000,9999.000,9999.000
202604101036,   2.367,9999.000,9999.000,9999.000,9999.000,9999.000,9999.000,9999.000,9999.000
202604101042,   2.298,9999.000,9999.000,9999.000,9999.000,9999.000,9999.000,9999.000,9999.000
202604101048,   2.230,9999.000,9999.000,9999.000,9999.000,9999.000,9999.000,9999.000,9999.000
202604101054,   2.165,9999.000,9999.000,9999.000,9999.000,9999.000,9999.000,9999.000,9999.000
202604101100,   2.103,9999.000,   0.000,  -0.719,   1.384,   0.000,   1.384,   0.100,   1.484
202604101106,   2.043,9999.000,9999.000,9999.000,9999.000,9999.000,9999.000,9999.000,9999.000
202604101112,   1.985,9999.000,9999.000,9999.000,9999.000,9999.000,9999.000,9999.000,9999.000
202604101118,   1.929,9999.000,9999.000,9999.000,9999.000,9999.000,9999.000,9999.000,9999.000
202604101124,   1.876,9999.000,9999.000,9999.000,9999.000,9999.000,9999.000,9999.000,9999.000
202604101130,   1.825,9999.000,9999.000,9999.000,9999.000,9999.000,9999.000,9999.000,9999.000
202604101136,   1.775,9999.000,9999.000,9999.000,9999.000,9999.000,9999.000,9999.000,9999.000
202604101142,   1.727,9999.000,9999.000,9999.000,9999.000,9999.000,9999.000,9999.000,9999.000
202604101148,   1.682,9999.000,9999.000,9999.000,9999.000,9999.000,9999.000,9999.000,9999.000
202604101154,   1.638,9999.000,9999.000,9999.000,9999.000,9999.000,9999.000,9999.000,9999.000
202604101200,   1.595,9999.000,   0.000,  -0.493,   1.102,   0.000,   1.102,   0.100,   1.202
202604101206,   1.555,9999.000,9999.000,9999.000,9999.000,9999.000,9999.000,9999.000,9999.000
202604101212,   1.516,9999.000,9999.000,9999.000,9999.000,9999.000,9999.000,9999.000,9999.000
202604101218,   1.478,9999.000,9999.000,9999.000,9999.000,9999.000,9999.000,9999.000,9999.000
202604101224,   1.443,9999.000,9999.000,9999.000,9999.000,9999.000,9999.000,9999.000,9999.000
202604101230,   1.409,9999.000,9999.000,9999.000,9999.000,9999.000,9999.000,9999.000,9999.000
202604101236,   1.377,9999.000,9999.000,9999.000,9999.000,9999.000,9999.000,9999.000,9999.000
202604101242,   1.347,9999.000,9999.000,9999.000,9999.000,9999.000,9999.000,9999.000,9999.000
202604101248,   1.319,9999.000,9999.000,9999.000,9999.000,9999.000,9999.000,9999.000,9999.000
202604101254,   1.293,9999.000,9999.000,9999.000,9999.000,9999.000,9999.000,9999.000,9999.000
202604101300,   1.270,9999.000,   0.000,  -0.035,   1.235,   0.000,   1.235,   0.100,   1.335
202604101306,   1.249,9999.000,9999.000,9999.000,9999.000,9999.000,9999.000,9999.000,9999.000
202604101312,   1.231,9999.000,9999.000,9999.000,9999.000,9999.000,9999.000,9999.000,9999.000
202604101318,   1.217,9999.000,9999.000,9999.000,9999.000,9999.000,9999.000,9999.000,9999.000
202604101324,   1.205,9999.000,9999.000,9999.000,9999.000,9999.000,9999.000,9999.000,9999.000
202604101330,   1.197,9999.000,9999.000,9999.000,9999.000,9999.000,9999.000,9999.000,9999.000
202604101336,   1.193,9999.000,9999.000,9999.000,9999.000,9999.000,9999.000,9999.000,9999.000
202604101342,   1.192,9999.000,9999.000,9999.000,9999.000,9999.000,9999.000,9999.000,9999.000
202604101348,   1.196,9999.000,9999.000,9999.000,9999.000,9999.000,9999.000,9999.000,9999.000
202604101354,   1.204,9999.000,9999.000,9999.000,9999.000,9999.000,9999.000,9999.000,9999.000
202604101400,   1.216,9999.000,   0.000,   0.332,   1.548,   0.000,   1.548,   0.100,   1.648
202604101406,   1.233,9999.000,9999.000,9999.000,9999.000,9999.000,9999.000,9999.000,9999.000
202604101412,   1.255,9999.000,9999.000,9999.000,9999.000,9999.000,9999.000,9999.000,9999.000
202604101418,   1.282,9999.000,9999.000,9999.000,9999.000,9999.000,9999.000,9999.000,9999.000
202604101424,   1.313,9999.000,9999.000,9999.000,9999.000,9999.000,9999.000,9999.000,9999.000
202604101430,   1.349,9999.000,9999.000,9999.000,9999.000,9999.000,9999.000,9999.000,9999.000
202604101436,   1.390,9999.000,9999.000,9999.000,9999.000,9999.000,9999.000,9999.000,9999.000
202604101442,   1.436,9999.000,9999.000,9999.000,9999.000,9999.000,9999.000,9999.000,9999.000
202604101448,   1.486,9999.000,9999.000,9999.000,9999.000,9999.000,9999.000,9999.000,9999.000
202604101454,   1.541,9999.000,9999.000,9999.000,9999.000,9999.000,9999.000,9999.000,9999.000
202604101500,   1.600,9999.000,   0.000,   0.454,   2.054,   0.000,   2.054,   0.100,   2.154
202604101506,   1.663,9999.000,9999.000,9999.000,9999.000,9999.000,9999.000,9999.000,9999.000
202604101512,   1.730,9999.000,9999.000,9999.000,9999.000,9999.000,9999.000,9999.000,9999.000
202604101518,   1.800,9999.000,9999.000,9999.000,9999.000,9999.000,9999.000,9999.000,9999.000
202604101524,   1.873,9999.000,9999.000,9999.000,9999.000,9999.000,9999.000,9999.000,9999.000
202604101530,   1.949,9999.000,9999.000,9999.000,9999.000,9999.000,9999.000,9999.000,9999.000
202604101536,   2.026,9999.000,9999.000,9999.000,9999.000,9999.000,9999.000,9999.000,9999.000
202604101542,   2.106,9999.000,9999.000,9999.000,9999.000,9999.000,9999.000,9999.000,9999.000
202604101548,   2.188,9999.000,9999.000,9999.000,9999.000,9999.000,9999.000,9999.000,9999.000
202604101554,   2.270,9999.000,9999.000,9999.000,9999.000,9999.000,9999.000,9999.000,9999.000
202604101600,   2.353,9999.000,   0.000,   0.454,   2.807,   0.000,   2.807,   0.100,   2.907
202604101606,   2.436,9999.000,9999.000,9999.000,9999.000,9999.000,9999.000,9999.000,9999.000
202604101612,   2.519,9999.000,9999.000,9999.000,9999.000,9999.000,9999.000,9999.000,9999.000
202604101618,   2.602,9999.000,9999.000,9999.000,9999.000,9999.000,9999.000,9999.000,9999.000
202604101624,   2.684,9999.000,9999.000,9999.000,9999.000,9999.000,9999.000,9999.000,9999.000
202604101630,   2.765,9999.000,9999.000,9999.000,9999.000,9999.000,9999.000,9999.000,9999.000
202604101636,   2.845,9999.000,9999.000,9999.000,9999.000,9999.000,9999.000,9999.000,9999.000
202604101642,   2.923,9999.000,9999.000,9999.000,9999.000,9999.000,9999.000,9999.000,9999.000
202604101648,   3.000,9999.000,9999.000,9999.000,9999.000,9999.000,9999.000,9999.000,9999.000
202604101654,   3.074,9999.000,9999.000,9999.000,9999.000,9999.000,9999.000,9999.000,9999.000
202604101700,   3.147,9999.000,   0.000,   0.493,   3.640,   0.000,   3.640,   0.100,   3.740
202604101706,   3.217,9999.000,9999.000,9999.000,9999.000,9999.000,9999.000,9999.000,9999.000
202604101712,   3.286,9999.000,9999.000,9999.000,9999.000,9999.000,9999.000,9999.000,9999.000
202604101718,   3.352,9999.000,9999.000,9999.000,9999.000,9999.000,9999.000,9999.000,9999.000
202604101724,   3.416,9999.000,9999.000,9999.000,9999.000,9999.000,9999.000,9999.000,9999.000
202604101730,   3.477,9999.000,9999.000,9999.000,9999.000,9999.000,9999.000,9999.000,9999.000
202604101736,   3.536,9999.000,9999.000,9999.000,9999.000,9999.000,9999.000,9999.000,9999.000
202604101742,   3.593,9999.000,9999.000,9999.000,9999.000,9999.000,9999.000,9999.000,9999.000
202604101748,   3.648,9999.000,9999.000,9999.000,9999.000,9999.000,9999.000,9999.000,9999.000
202604101754,   3.699,9999.000,9999.000,9999.000,9999.000,9999.000,9999.000,9999.000,9999.000
202604101800,   3.749,9999.000,   0.000,   0.525,   4.274,   0.000,   4.274,   0.100,   4.374
202604101806,   3.796,9999.000,9999.000,9999.000,9999.000,9999.000,9999.000,9999.000,9999.000
202604101812,   3.840,9999.000,9999.000,9999.000,9999.000,9999.000,9999.000,9999.000,9999.000
202604101818,   3.882,9999.000,9999.000,9999.000,9999.000,9999.000,9999.000,9999.000,9999.000
202604101824,   3.921,9999.000,9999.000,9999.000,9999.000,9999.000,9999.000,9999.000,9999.000
202604101830,   3.957,9999.000,9999.000,9999.000,9999.000,9999.000,9999.000,9999.000,9999.000
202604101836,   3.990,9999.000,9999.000,9999.000,9999.000,9999.000,9999.000,9999.000,9999.000
202604101842,   4.020,9999.000,9999.000,9999.000,9999.000,9999.000,9999.000,9999.000,9999.000
202604101848,   4.047,9999.000,9999.000,9999.000,9999.000,9999.000,9999.000,9999.000,9999.000
202604101854,   4.070,9999.000,9999.000,9999.000,9999.000,9999.000,9999.000,9999.000,9999.000
202604101900,   4.090,9999.000,   0.100,   0.406,   4.596,   0.000,   4.496,   0.200,   4.696
202604101906,   4.106,9999.000,9999.000,9999.000,9999.000,9999.000,9999.000,9999.000,9999.000
202604101912,   4.119,9999.000,9999.000,9999.000,9999.000,9999.000,9999.000,9999.000,9999.000
202604101918,   4.127,9999.000,9999.000,9999.000,9999.000,9999.000,9999.000,9999.000,9999.000
202604101924,   4.132,9999.000,9999.000,9999.000,9999.000,9999.000,9999.000,9999.000,9999.000
202604101930,   4.132,9999.000,9999.000,9999.000,9999.000,9999.000,9999.000,9999.000,9999.000
202604101936,   4.128,9999.000,9999.000,9999.000,9999.000,9999.000,9999.000,9999.000,9999.000
202604101942,   4.119,9999.000,9999.000,9999.000,9999.000,9999.000,9999.000,9999.000,9999.000
202604101948,   4.107,9999.000,9999.000,9999.000,9999.000,9999.000,9999.000,9999.000,9999.000
202604101954,   4.089,9999.000,9999.000,9999.000,9999.000,9999.000,9999.000,9999.000,9999.000
202604102000,   4.068,9999.000,   0.100,   0.127,   4.295,   0.000,   4.195,   0.200,   4.395
202604102006,   4.042,9999.000,9999.000,9999.000,9999.000,9999.000,9999.000,9999.000,9999.000
202604102012,   4.011,9999.000,9999.000,9999.000,9999.000,9999.000,9999.000,9999.000,9999.000
202604102018,   3.977,9999.000,9999.000,9999.000,9999.000,9999.000,9999.000,9999.000,9999.000
202604102024,   3.938,9999.000,9999.000,9999.000,9999.000,9999.000,9999.000,9999.000,9999.000
202604102030,   3.895,9999.000,9999.000,9999.000,9999.000,9999.000,9999.000,9999.000,9999.000
202604102036,   3.849,9999.000,9999.000,9999.000,9999.000,9999.000,9999.000,9999.000,9999.000
202604102042,   3.799,9999.000,9999.000,9999.000,9999.000,9999.000,9999.000,9999.000,9999.000
202604102048,   3.746,9999.000,9999.000,9999.000,9999.000,9999.000,9999.000,9999.000,9999.000
202604102054,   3.690,9999.000,9999.000,9999.000,9999.000,9999.000,9999.000,9999.000,9999.000
202604102100,   3.631,9999.000,   0.100,  -0.151,   3.580,   0.000,   3.480,   0.200,   3.680
202604102106,   3.569,9999.000,9999.000,9999.000,9999.000,9999.000,9999.000,9999.000,9999.000
202604102112,   3.506,9999.000,9999.000,9999.000,9999.000,9999.000,9999.000,9999.000,9999.000
202604102118,   3.440,9999.000,9999.000,9999.000,9999.000,9999.000,9999.000,9999.000,9999.000
202604102124,   3.374,9999.000,9999.000,9999.000,9999.000,9999.000,9999.000,9999.000,9999.000
202604102130,   3.306,9999.000,9999.000,9999.000,9999.000,9999.000,9999.000,9999.000,9999.000
202604102136,   3.237,9999.000,9999.000,9999.000,9999.000,9999.000,9999.000,9999.000,9999.000
202604102142,   3.167,9999.000,9999.000,9999.000,9999.000,9999.000,9999.000,9999.000,9999.000
202604102148,   3.098,9999.000,9999.000,9999.000,9999.000,9999.000,9999.000,9999.000,9999.000
202604102154,   3.028,9999.000,9999.000,9999.000,9999.000,9999.000,9999.000,9999.000,9999.000
202604102200,   2.959,9999.000,   0.100,  -0.301,   2.758,   0.000,   2.658,   0.200,   2.858
202604102206,   2.891,9999.000,9999.000,9999.000,9999.000,9999.000,9999.000,9999.000,9999.000
202604102212,   2.823,9999.000,9999.000,9999.000,9999.000,9999.000,9999.000,9999.000,9999.000
202604102218,   2.757,9999.000,9999.000,9999.000,9999.000,9999.000,9999.000,9999.000,9999.000
202604102224,   2.692,9999.000,9999.000,9999.000,9999.000,9999.000,9999.000,9999.000,9999.000
202604102230,   2.629,9999.000,9999.000,9999.000,9999.000,9999.000,9999.000,9999.000,9999.000
202604102236,   2.567,9999.000,9999.000,9999.000,9999.000,9999.000,9999.000,9999.000,9999.000
202604102242,   2.508,9999.000,9999.000,9999.000,9999.000,9999.000,9999.000,9999.000,9999.000
202604102248,   2.450,9999.000,9999.000,9999.000,9999.000,9999.000,9999.000,9999.000,9999.000
202604102254,   2.395,9999.000,9999.000,9999.000,9999.000,9999.000,9999.000,9999.000,9999.000
202604102300,   2.342,9999.000,   0.200,  -0.325,   2.217,   0.100,   2.117,   0.300,   2.317
202604102306,   2.290,9999.000,9999.000,9999.000,9999.000,9999.000,9999.000,9999.000,9999.000
202604102312,   2.242,9999.000,9999.000,9999.000,9999.000,9999.000,9999.000,9999.000,9999.000
202604102318,   2.195,9999.000,9999.000,9999.000,9999.000,9999.000,9999.000,9999.000,9999.000
202604102324,   2.151,9999.000,9999.000,9999.000,9999.000,9999.000,9999.000,9999.000,9999.000
202604102330,   2.108,9999.000,9999.000,9999.000,9999.000,9999.000,9999.000,9999.000,9999.000
202604102336,   2.068,9999.000,9999.000,9999.000,9999.000,9999.000,9999.000,9999.000,9999.000
202604102342,   2.029,9999.000,9999.000,9999.000,9999.000,9999.000,9999.000,9999.000,9999.000
202604102348,   1.993,9999.000,9999.000,9999.000,9999.000,9999.000,9999.000,9999.000,9999.000
202604102354,   1.958,9999.000,9999.000,9999.000,9999.000,9999.000,9999.000,9999.000,9999.000
202604110000,   1.925,9999.000,   0.200,  -0.263,   1.862,   0.100,   1.762,   0.300,   1.962
202604110006,   1.894,9999.000,9999.000,9999.000,9999.000,9999.000,9999.000,9999.000,9999.000
202604110012,   1.864,9999.000,9999.000,9999.000,9999.000,9999.000,9999.000,9999.000,9999.000
202604110018,   1.836,9999.000,9999.000,9999.000,9999.000,9999.000,9999.000,9999.000,9999.000
202604110024,   1.809,9999.000,9999.000,9999.000,9999.000,9999.000,9999.000,9999.000,9999.000
202604110030,   1.783,9999.000,9999.000,9999.000,9999.000,9999.000,9999.000,9999.000,9999.000
202604110036,   1.759,9999.000,9999.000,9999.000,9999.000,9999.000,9999.000,9999.000,9999.000
202604110042,   1.737,9999.000,9999.000,9999.000,9999.000,9999.000,9999.000,9999.000,9999.000
202604110048,   1.715,9999.000,9999.000,9999.000,9999.000,9999.000,9999.000,9999.000,9999.000
202604110054,   1.696,9999.000,9999.000,9999.000,9999.000,9999.000,9999.000,9999.000,9999.000
202604110100,   1.677,9999.000,   0.200,  -0.124,   1.753,   0.000,   1.553,   0.300,   1.853
202604110106,   1.661,9999.000,9999.000,9999.000,9999.000,9999.000,9999.000,9999.000,9999.000
202604110112,   1.646,9999.000,9999.000,9999.000,9999.000,9999.000,9999.000,9999.000,9999.000
202604110118,   1.634,9999.000,9999.000,9999.000,9999.000,9999.000,9999.000,9999.000,9999.000
202604110124,   1.624,9999.000,9999.000,9999.000,9999.000,9999.000,9999.000,9999.000,9999.000
202604110130,   1.616,9999.000,9999.000,9999.000,9999.000,9999.000,9999.000,9999.000,9999.000
202604110136,   1.611,9999.000,9999.000,9999.000,9999.000,9999.000,9999.000,9999.000,9999.000
202604110142,   1.608,9999.000,9999.000,9999.000,9999.000,9999.000,9999.000,9999.000,9999.000
202604110148,   1.609,9999.000,9999.000,9999.000,9999.000,9999.000,9999.000,9999.000,9999.000
202604110154,   1.613,9999.000,9999.000,9999.000,9999.000,9999.000,9999.000,9999.000,9999.000
202604110200,   1.620,9999.000,   0.100,   0.069,   1.789,   0.000,   1.689,   0.300,   1.989
202604110206,   1.632,9999.000,9999.000,9999.000,9999.000,9999.000,9999.000,9999.000,9999.000
202604110212,   1.647,9999.000,9999.000,9999.000,9999.000,9999.000,9999.000,9999.000,9999.000
202604110218,   1.667,9999.000,9999.000,9999.000,9999.000,9999.000,9999.000,9999.000,9999.000
202604110224,   1.691,9999.000,9999.000,9999.000,9999.000,9999.000,9999.000,9999.000,9999.000
202604110230,   1.719,9999.000,9999.000,9999.000,9999.000,9999.000,9999.000,9999.000,9999.000
202604110236,   1.752,9999.000,9999.000,9999.000,9999.000,9999.000,9999.000,9999.000,9999.000
202604110242,   1.790,9999.000,9999.000,9999.000,9999.000,9999.000,9999.000,9999.000,9999.000
202604110248,   1.832,9999.000,9999.000,9999.000,9999.000,9999.000,9999.000,9999.000,9999.000
202604110254,   1.880,9999.000,9999.000,9999.000,9999.000,9999.000,9999.000,9999.000,9999.000
202604110300,   1.932,9999.000,   0.100,   0.250,   2.282,   0.000,   2.182,   0.200,   2.382
202604110306,   1.988,9999.000,9999.000,9999.000,9999.000,9999.000,9999.000,9999.000,9999.000
202604110312,   2.049,9999.000,9999.000,9999.000,9999.000,9999.000,9999.000,9999.000,9999.000
202604110318,   2.115,9999.000,9999.000,9999.000,9999.000,9999.000,9999.000,9999.000,9999.000
202604110324,   2.185,9999.000,9999.000,9999.000,9999.000,9999.000,9999.000,9999.000,9999.000
202604110330,   2.258,9999.000,9999.000,9999.000,9999.000,9999.000,9999.000,9999.000,9999.000
202604110336,   2.335,9999.000,9999.000,9999.000,9999.000,9999.000,9999.000,9999.000,9999.000
202604110342,   2.416,9999.000,9999.000,9999.000,9999.000,9999.000,9999.000,9999.000,9999.000
202604110348,   2.499,9999.000,9999.000,9999.000,9999.000,9999.000,9999.000,9999.000,9999.000
202604110354,   2.585,9999.000,9999.000,9999.000,9999.000,9999.000,9999.000,9999.000,9999.000
202604110400,   2.672,9999.000,   0.100,   0.377,   3.149,   0.000,   3.049,   0.200,   3.249
202604110406,   2.762,9999.000,9999.000,9999.000,9999.000,9999.000,9999.000,9999.000,9999.000
202604110412,   2.853,9999.000,9999.000,9999.000,9999.000,9999.000,9999.000,9999.000,9999.000
202604110418,   2.944,9999.000,9999.000,9999.000,9999.000,9999.000,9999.000,9999.000,9999.000
202604110424,   3.036,9999.000,9999.000,9999.000,9999.000,9999.000,9999.000,9999.000,9999.000
202604110430,   3.128,9999.000,9999.000,9999.000,9999.000,9999.000,9999.000,9999.000,9999.000
202604110436,   3.219,9999.000,9999.000,9999.000,9999.000,9999.000,9999.000,9999.000,9999.000
202604110442,   3.310,9999.000,9999.000,9999.000,9999.000,9999.000,9999.000,9999.000,9999.000
202604110448,   3.399,9999.000,9999.000,9999.000,9999.000,9999.000,9999.000,9999.000,9999.000
202604110454,   3.487,9999.000,9999.000,9999.000,9999.000,9999.000,9999.000,9999.000,9999.000
202604110500,   3.573,9999.000,   0.100,   0.483,   4.156,   0.000,   4.056,   0.200,   4.256
202604110506,   3.658,9999.000,9999.000,9999.000,9999.000,9999.000,9999.000,9999.000,9999.000
202604110512,   3.740,9999.000,9999.000,9999.000,9999.000,9999.000,9999.000,9999.000,9999.000
202604110518,   3.819,9999.000,9999.000,9999.000,9999.000,9999.000,9999.000,9999.000,9999.000
202604110524,   3.896,9999.000,9999.000,9999.000,9999.000,9999.000,9999.000,9999.000,9999.000
202604110530,   3.970,9999.000,9999.000,9999.000,9999.000,9999.000,9999.000,9999.000,9999.000
202604110536,   4.042,9999.000,9999.000,9999.000,9999.000,9999.000,9999.000,9999.000,9999.000
202604110542,   4.110,9999.000,9999.000,9999.000,9999.000,9999.000,9999.000,9999.000,9999.000
202604110548,   4.176,9999.000,9999.000,9999.000,9999.000,9999.000,9999.000,9999.000,9999.000
202604110554,   4.239,9999.000,9999.000,9999.000,9999.000,9999.000,9999.000,9999.000,9999.000
202604110600,   4.298,9999.000,   0.100,   0.594,   4.992,   0.000,   4.892,   0.100,   4.992
202604110606,   4.355,9999.000,9999.000,9999.000,9999.000,9999.000,9999.000,9999.000,9999.000
202604110612,   4.408,9999.000,9999.000,9999.000,9999.000,9999.000,9999.000,9999.000,9999.000
202604110618,   4.459,9999.000,9999.000,9999.000,9999.000,9999.000,9999.000,9999.000,9999.000
202604110624,   4.506,9999.000,9999.000,9999.000,9999.000,9999.000,9999.000,9999.000,9999.000
202604110630,   4.550,9999.000,9999.000,9999.000,9999.000,9999.000,9999.000,9999.000,9999.000
202604110636,   4.591,9999.000,9999.000,9999.000,9999.000,9999.000,9999.000,9999.000,9999.000
202604110642,   4.629,9999.000,9999.000,9999.000,9999.000,9999.000,9999.000,9999.000,9999.000
202604110648,   4.663,9999.000,9999.000,9999.000,9999.000,9999.000,9999.000,9999.000,9999.000
202604110654,   4.694,9999.000,9999.000,9999.000,9999.000,9999.000,9999.000,9999.000,9999.000
202604110700,   4.722,9999.000,   0.000,   0.633,   5.355,   0.000,   5.355,   0.100,   5.455
202604110706,   4.746,9999.000,9999.000,9999.000,9999.000,9999.000,9999.000,9999.000,9999.000
202604110712,   4.766,9999.000,9999.000,9999.000,9999.000,9999.000,9999.000,9999.000,9999.000
202604110718,   4.783,9999.000,9999.000,9999.000,9999.000,9999.000,9999.000,9999.000,9999.000
202604110724,   4.796,9999.000,9999.000,9999.000,9999.000,9999.000,9999.000,9999.000,9999.000
202604110730,   4.805,9999.000,9999.000,9999.000,9999.000,9999.000,9999.000,9999.000,9999.000
202604110736,   4.810,9999.000,9999.000,9999.000,9999.000,9999.000,9999.000,9999.000,9999.000
202604110742,   4.810,9999.000,9999.000,9999.000,9999.000,9999.000,9999.000,9999.000,9999.000
202604110748,   4.807,9999.000,9999.000,9999.000,9999.000,9999.000,9999.000,9999.000,9999.000
202604110754,   4.799,9999.000,9999.000,9999.000,9999.000,9999.000,9999.000,9999.000,9999.000
202604110800,   4.786,9999.000,   0.000,   0.470,   5.256,   0.000,   5.256,   0.100,   5.356
202604110806,   4.770,9999.000,9999.000,9999.000,9999.000,9999.000,9999.000,9999.000,9999.000
202604110812,   4.748,9999.000,9999.000,9999.000,9999.000,9999.000,9999.000,9999.000,9999.000
202604110818,   4.722,9999.000,9999.000,9999.000,9999.000,9999.000,9999.000,9999.000,9999.000
202604110824,   4.692,9999.000,9999.000,9999.000,9999.000,9999.000,9999.000,9999.000,9999.000
202604110830,   4.657,9999.000,9999.000,9999.000,9999.000,9999.000,9999.000,9999.000,9999.000
202604110836,   4.617,9999.000,9999.000,9999.000,9999.000,9999.000,9999.000,9999.000,9999.000
202604110842,   4.573,9999.000,9999.000,9999.000,9999.000,9999.000,9999.000,9999.000,9999.000
202604110848,   4.525,9999.000,9999.000,9999.000,9999.000,9999.000,9999.000,9999.000,9999.000
202604110854,   4.473,9999.000,9999.000,9999.000,9999.000,9999.000,9999.000,9999.000,9999.000
202604110900,   4.417,9999.000,   0.000,   0.074,   4.491,   0.000,   4.491,   0.100,   4.591
202604110906,   4.357,9999.000,9999.000,9999.000,9999.000,9999.000,9999.000,9999.000,9999.000
202604110912,   4.293,9999.000,9999.000,9999.000,9999.000,9999.000,9999.000,9999.000,9999.000
202604110918,   4.226,9999.000,9999.000,9999.000,9999.000,9999.000,9999.000,9999.000,9999.000
202604110924,   4.156,9999.000,9999.000,9999.000,9999.000,9999.000,9999.000,9999.000,9999.000
202604110930,   4.083,9999.000,9999.000,9999.000,9999.000,9999.000,9999.000,9999.000,9999.000
202604110936,   4.008,9999.000,9999.000,9999.000,9999.000,9999.000,9999.000,9999.000,9999.000
202604110942,   3.930,9999.000,9999.000,9999.000,9999.000,9999.000,9999.000,9999.000,9999.000
202604110948,   3.851,9999.000,9999.000,9999.000,9999.000,9999.000,9999.000,9999.000,9999.000
202604110954,   3.770,9999.000,9999.000,9999.000,9999.000,9999.000,9999.000,9999.000,9999.000
202604111000,   3.688,9999.000,   0.000,  -0.387,   3.301,  -0.100,   3.201,   0.100,   3.401
202604111006,   3.604,9999.000,9999.000,9999.000,9999.000,9999.000,9999.000,9999.000,9999.000
202604111012,   3.521,9999.000,9999.000,9999.000,9999.000,9999.000,9999.000,9999.000,9999.000
202604111018,   3.436,9999.000,9999.000,9999.000,9999.000,9999.000,9999.000,9999.000,9999.000
202604111024,   3.352,9999.000,9999.000,9999.000,9999.000,9999.000,9999.000,9999.000,9999.000
202604111030,   3.267,9999.000,9999.000,9999.000,9999.000,9999.000,9999.000,9999.000,9999.000
202604111036,   3.184,9999.000,9999.000,9999.000,9999.000,9999.000,9999.000,9999.000,9999.000
202604111042,   3.100,9999.000,9999.000,9999.000,9999.000,9999.000,9999.000,9999.000,9999.000
202604111048,   3.018,9999.000,9999.000,9999.000,9999.000,9999.000,9999.000,9999.000,9999.000
202604111054,   2.937,9999.000,9999.000,9999.000,9999.000,9999.000,9999.000,9999.000,9999.000
202604111100,   2.857,9999.000,   0.000,  -0.644,   2.213,  -0.100,   2.113,   0.000,   2.213
202604111106,   2.778,9999.000,9999.000,9999.000,9999.000,9999.000,9999.000,9999.000,9999.000
202604111112,   2.700,9999.000,9999.000,9999.000,9999.000,9999.000,9999.000,9999.000,9999.000
202604111118,   2.624,9999.000,9999.000,9999.000,9999.000,9999.000,9999.000,9999.000,9999.000
202604111124,   2.550,9999.000,9999.000,9999.000,9999.000,9999.000,9999.000,9999.000,9999.000
202604111130,   2.478,9999.000,9999.000,9999.000,9999.000,9999.000,9999.000,9999.000,9999.000
202604111136,   2.407,9999.000,9999.000,9999.000,9999.000,9999.000,9999.000,9999.000,9999.000
202604111142,   2.337,9999.000,9999.000,9999.000,9999.000,9999.000,9999.000,9999.000,9999.000
202604111148,   2.269,9999.000,9999.000,9999.000,9999.000,9999.000,9999.000,9999.000,9999.000
202604111154,   2.203,9999.000,9999.000,9999.000,9999.000,9999.000,9999.000,9999.000,9999.000
202604111200,   2.138,9999.000,   0.000,  -0.549,   1.589,  -0.100,   1.489,   0.000,   1.589
202604111206,   2.075,9999.000,9999.000,9999.000,9999.000,9999.000,9999.000,9999.000,9999.000
202604111212,   2.014,9999.000,9999.000,9999.000,9999.000,9999.000,9999.000,9999.000,9999.000
202604111218,   1.953,9999.000,9999.000,9999.000,9999.000,9999.000,9999.000,9999.000,9999.000
202604111224,   1.894,9999.000,9999.000,9999.000,9999.000,9999.000,9999.000,9999.000,9999.000
202604111230,   1.836,9999.000,9999.000,9999.000,9999.000,9999.000,9999.000,9999.000,9999.000
202604111236,   1.780,9999.000,9999.000,9999.000,9999.000,9999.000,9999.000,9999.000,9999.000
202604111242,   1.725,9999.000,9999.000,9999.000,9999.000,9999.000,9999.000,9999.000,9999.000
202604111248,   1.671,9999.000,9999.000,9999.000,9999.000,9999.000,9999.000,9999.000,9999.000
202604111254,   1.618,9999.000,9999.000,9999.000,9999.000,9999.000,9999.000,9999.000,9999.000
202604111300,   1.566,9999.000,  -0.100,  -0.213,   1.253,  -0.200,   1.153,   0.000,   1.353
202604111306,   1.516,9999.000,9999.000,9999.000,9999.000,9999.000,9999.000,9999.000,9999.000
202604111312,   1.467,9999.000,9999.000,9999.000,9999.000,9999.000,9999.000,9999.000,9999.000
202604111318,   1.420,9999.000,9999.000,9999.000,9999.000,9999.000,9999.000,9999.000,9999.000
202604111324,   1.375,9999.000,9999.000,9999.000,9999.000,9999.000,9999.000,9999.000,9999.000
202604111330,   1.331,9999.000,9999.000,9999.000,9999.000,9999.000,9999.000,9999.000,9999.000
202604111336,   1.290,9999.000,9999.000,9999.000,9999.000,9999.000,9999.000,9999.000,9999.000
202604111342,   1.251,9999.000,9999.000,9999.000,9999.000,9999.000,9999.000,9999.000,9999.000
202604111348,   1.214,9999.000,9999.000,9999.000,9999.000,9999.000,9999.000,9999.000,9999.000
202604111354,   1.180,9999.000,9999.000,9999.000,9999.000,9999.000,9999.000,9999.000,9999.000
202604111400,   1.149,9999.000,  -0.100,   0.091,   1.140,  -0.200,   1.040,   0.000,   1.240
202604111406,   1.121,9999.000,9999.000,9999.000,9999.000,9999.000,9999.000,9999.000,9999.000
202604111412,   1.097,9999.000,9999.000,9999.000,9999.000,9999.000,9999.000,9999.000,9999.000
202604111418,   1.076,9999.000,9999.000,9999.000,9999.000,9999.000,9999.000,9999.000,9999.000
202604111424,   1.060,9999.000,9999.000,9999.000,9999.000,9999.000,9999.000,9999.000,9999.000
202604111430,   1.048,9999.000,9999.000,9999.000,9999.000,9999.000,9999.000,9999.000,9999.000
202604111436,   1.041,9999.000,9999.000,9999.000,9999.000,9999.000,9999.000,9999.000,9999.000
202604111442,   1.038,9999.000,9999.000,9999.000,9999.000,9999.000,9999.000,9999.000,9999.000
202604111448,   1.041,9999.000,9999.000,9999.000,9999.000,9999.000,9999.000,9999.000,9999.000
202604111454,   1.048,9999.000,9999.000,9999.000,9999.000,9999.000,9999.000,9999.000,9999.000
202604111500,   1.062,9999.000,  -0.100,   0.218,   1.180,  -0.200,   1.080,   0.000,   1.280
202604111506,   1.081,9999.000,9999.000,9999.000,9999.000,9999.000,9999.000,9999.000,9999.000
202604111512,   1.105,9999.000,9999.000,9999.000,9999.000,9999.000,9999.000,9999.000,9999.000
202604111518,   1.135,9999.000,9999.000,9999.000,9999.000,9999.000,9999.000,9999.000,9999.000
202604111524,   1.171,9999.000,9999.000,9999.000,9999.000,9999.000,9999.000,9999.000,9999.000
202604111530,   1.213,9999.000,9999.000,9999.000,9999.000,9999.000,9999.000,9999.000,9999.000
202604111536,   1.260,9999.000,9999.000,9999.000,9999.000,9999.000,9999.000,9999.000,9999.000
202604111542,   1.313,9999.000,9999.000,9999.000,9999.000,9999.000,9999.000,9999.000,9999.000
202604111548,   1.371,9999.000,9999.000,9999.000,9999.000,9999.000,9999.000,9999.000,9999.000
202604111554,   1.434,9999.000,9999.000,9999.000,9999.000,9999.000,9999.000,9999.000,9999.000
202604111600,   1.502,9999.000,  -0.100,   0.270,   1.672,  -0.200,   1.572,   0.000,   1.772
202604111606,   1.574,9999.000,9999.000,9999.000,9999.000,9999.000,9999.000,9999.000,9999.000
202604111612,   1.651,9999.000,9999.000,9999.000,9999.000,9999.000,9999.000,9999.000,9999.000
202604111618,   1.731,9999.000,9999.000,9999.000,9999.000,9999.000,9999.000,9999.000,9999.000
202604111624,   1.815,9999.000,9999.000,9999.000,9999.000,9999.000,9999.000,9999.000,9999.000
202604111630,   1.901,9999.000,9999.000,9999.000,9999.000,9999.000,9999.000,9999.000,9999.000
202604111636,   1.990,9999.000,9999.000,9999.000,9999.000,9999.000,9999.000,9999.000,9999.000
202604111642,   2.082,9999.000,9999.000,9999.000,9999.000,9999.000,9999.000,9999.000,9999.000
202604111648,   2.174,9999.000,9999.000,9999.000,9999.000,9999.000,9999.000,9999.000,9999.000
202604111654,   2.268,9999.000,9999.000,9999.000,9999.000,9999.000,9999.000,9999.000,9999.000
202604111700,   2.362,9999.000,  -0.100,   0.402,   2.664,  -0.200,   2.564,   0.000,   2.764
202604111706,   2.457,9999.000,9999.000,9999.000,9999.000,9999.000,9999.000,9999.000,9999.000
202604111712,   2.551,9999.000,9999.000,9999.000,9999.000,9999.000,9999.000,9999.000,9999.000
202604111718,   2.645,9999.000,9999.000,9999.000,9999.000,9999.000,9999.000,9999.000,9999.000
202604111724,   2.738,9999.000,9999.000,9999.000,9999.000,9999.000,9999.000,9999.000,9999.000
202604111730,   2.830,9999.000,9999.000,9999.000,9999.000,9999.000,9999.000,9999.000,9999.000
202604111736,   2.920,9999.000,9999.000,9999.000,9999.000,9999.000,9999.000,9999.000,9999.000
202604111742,   3.008,9999.000,9999.000,9999.000,9999.000,9999.000,9999.000,9999.000,9999.000
202604111748,   3.094,9999.000,9999.000,9999.000,9999.000,9999.000,9999.000,9999.000,9999.000
202604111754,   3.178,9999.000,9999.000,9999.000,9999.000,9999.000,9999.000,9999.000,9999.000
202604111800,   3.260,9999.000,  -0.100,   0.568,   3.728,  -0.200,   3.628,   0.000,   3.828
202604111806,   3.339,9999.000,9999.000,9999.000,9999.000,9999.000,9999.000,9999.000,9999.000
202604111812,   3.415,9999.000,9999.000,9999.000,9999.000,9999.000,9999.000,9999.000,9999.000
202604111818,   3.489,9999.000,9999.000,9999.000,9999.000,9999.000,9999.000,9999.000,9999.000
202604111824,   3.560,9999.000,9999.000,9999.000,9999.000,9999.000,9999.000,9999.000,9999.000
202604111830,   3.628,9999.000,9999.000,9999.000,9999.000,9999.000,9999.000,9999.000,9999.000
202604111836,   3.693,9999.000,9999.000,9999.000,9999.000,9999.000,9999.000,9999.000,9999.000
202604111842,   3.755,9999.000,9999.000,9999.000,9999.000,9999.000,9999.000,9999.000,9999.000
202604111848,   3.815,9999.000,9999.000,9999.000,9999.000,9999.000,9999.000,9999.000,9999.000
202604111854,   3.871,9999.000,9999.000,9999.000,9999.000,9999.000,9999.000,9999.000,9999.000
202604111900,   3.924,9999.000,   0.000,   0.581,   4.505,  -0.200,   4.305,   0.000,   4.505
202604111906,   3.974,9999.000,9999.000,9999.000,9999.000,9999.000,9999.000,9999.000,9999.000
202604111912,   4.021,9999.000,9999.000,9999.000,9999.000,9999.000,9999.000,9999.000,9999.000
202604111918,   4.064,9999.000,9999.000,9999.000,9999.000,9999.000,9999.000,9999.000,9999.000
202604111924,   4.105,9999.000,9999.000,9999.000,9999.000,9999.000,9999.000,9999.000,9999.000
202604111930,   4.142,9999.000,9999.000,9999.000,9999.000,9999.000,9999.000,9999.000,9999.000
202604111936,   4.175,9999.000,9999.000,9999.000,9999.000,9999.000,9999.000,9999.000,9999.000
202604111942,   4.205,9999.000,9999.000,9999.000,9999.000,9999.000,9999.000,9999.000,9999.000
202604111948,   4.231,9999.000,9999.000,9999.000,9999.000,9999.000,9999.000,9999.000,9999.000
202604111954,   4.254,9999.000,9999.000,9999.000,9999.000,9999.000,9999.000,9999.000,9999.000
202604112000,   4.272,9999.000,   0.000,   0.375,   4.647,  -0.100,   4.547,   0.100,   4.747
202604112006,   4.287,9999.000,9999.000,9999.000,9999.000,9999.000,9999.000,9999.000,9999.000
202604112012,   4.297,9999.000,9999.000,9999.000,9999.000,9999.000,9999.000,9999.000,9999.000
202604112018,   4.303,9999.000,9999.000,9999.000,9999.000,9999.000,9999.000,9999.000,9999.000
202604112024,   4.305,9999.000,9999.000,9999.000,9999.000,9999.000,9999.000,9999.000,9999.000
202604112030,   4.303,9999.000,9999.000,9999.000,9999.000,9999.000,9999.000,9999.000,9999.000
202604112036,   4.296,9999.000,9999.000,9999.000,9999.000,9999.000,9999.000,9999.000,9999.000
202604112042,   4.285,9999.000,9999.000,9999.000,9999.000,9999.000,9999.000,9999.000,9999.000
202604112048,   4.270,9999.000,9999.000,9999.000,9999.000,9999.000,9999.000,9999.000,9999.000
202604112054,   4.250,9999.000,9999.000,9999.000,9999.000,9999.000,9999.000,9999.000,9999.000
202604112100,   4.226,9999.000,   0.000,   0.086,   4.312,  -0.100,   4.212,   0.100,   4.412
202604112106,   4.197,9999.000,9999.000,9999.000,9999.000,9999.000,9999.000,9999.000,9999.000
202604112112,   4.165,9999.000,9999.000,9999.000,9999.000,9999.000,9999.000,9999.000,9999.000
202604112118,   4.128,9999.000,9999.000,9999.000,9999.000,9999.000,9999.000,9999.000,9999.000
202604112124,   4.088,9999.000,9999.000,9999.000,9999.000,9999.000,9999.000,9999.000,9999.000
202604112130,   4.044,9999.000,9999.000,9999.000,9999.000,9999.000,9999.000,9999.000,9999.000
202604112136,   3.997,9999.000,9999.000,9999.000,9999.000,9999.000,9999.000,9999.000,9999.000
202604112142,   3.946,9999.000,9999.000,9999.000,9999.000,9999.000,9999.000,9999.000,9999.000
202604112148,   3.892,9999.000,9999.000,9999.000,9999.000,9999.000,9999.000,9999.000,9999.000
202604112154,   3.835,9999.000,9999.000,9999.000,9999.000,9999.000,9999.000,9999.000,9999.000
202604112200,   3.776,9999.000,   0.000,  -0.132,   3.644,  -0.100,   3.544,   0.100,   3.744
202604112206,   3.714,9999.000,9999.000,9999.000,9999.000,9999.000,9999.000,9999.000,9999.000
202604112212,   3.651,9999.000,9999.000,9999.000,9999.000,9999.000,9999.000,9999.000,9999.000
202604112218,   3.586,9999.000,9999.000,9999.000,9999.000,9999.000,9999.000,9999.000,9999.000
202604112224,   3.519,9999.000,9999.000,9999.000,9999.000,9999.000,9999.000,9999.000,9999.000
202604112230,   3.452,9999.000,9999.000,9999.000,9999.000,9999.000,9999.000,9999.000,9999.000
202604112236,   3.383,9999.000,9999.000,9999.000,9999.000,9999.000,9999.000,9999.000,9999.000
202604112242,   3.314,9999.000,9999.000,9999.000,9999.000,9999.000,9999.000,9999.000,9999.000
202604112248,   3.245,9999.000,9999.000,9999.000,9999.000,9999.000,9999.000,9999.000,9999.000
202604112254,   3.175,9999.000,9999.000,9999.000,9999.000,9999.000,9999.000,9999.000,9999.000
202604112300,   3.106,9999.000,   0.000,  -0.260,   2.846,   0.000,   2.846,   0.200,   3.046
202604112306,   3.037,9999.000,9999.000,9999.000,9999.000,9999.000,9999.000,9999.000,9999.000
202604112312,   2.969,9999.000,9999.000,9999.000,9999.000,9999.000,9999.000,9999.000,9999.000
202604112318,   2.901,9999.000,9999.000,9999.000,9999.000,9999.000,9999.000,9999.000,9999.000
202604112324,   2.835,9999.000,9999.000,9999.000,9999.000,9999.000,9999.000,9999.000,9999.000
202604112330,   2.769,9999.000,9999.000,9999.000,9999.000,9999.000,9999.000,9999.000,9999.000
202604112336,   2.705,9999.000,9999.000,9999.000,9999.000,9999.000,9999.000,9999.000,9999.000
202604112342,   2.642,9999.000,9999.000,9999.000,9999.000,9999.000,9999.000,9999.000,9999.000
202604112348,   2.580,9999.000,9999.000,9999.000,9999.000,9999.000,9999.000,9999.000,9999.000
202604112354,   2.520,9999.000,9999.000,9999.000,9999.000,9999.000,9999.000,9999.000,9999.000
202604120000,   2.461,9999.000,   0.100,  -0.328,   2.233,   0.000,   2.133,   0.200,   2.333
202604120006,   2.403,9999.000,9999.000,9999.000,9999.000,9999.000,9999.000,9999.000,9999.000
202604120012,   2.347,9999.000,9999.000,9999.000,9999.000,9999.000,9999.000,9999.000,9999.000
202604120018,   2.292,9999.000,9999.000,9999.000,9999.000,9999.000,9999.000,9999.000,9999.000
202604120024,   2.239,9999.000,9999.000,9999.000,9999.000,9999.000,9999.000,9999.000,9999.000
202604120030,   2.187,9999.000,9999.000,9999.000,9999.000,9999.000,9999.000,9999.000,9999.000
202604120036,   2.136,9999.000,9999.000,9999.000,9999.000,9999.000,9999.000,9999.000,9999.000
202604120042,   2.086,9999.000,9999.000,9999.000,9999.000,9999.000,9999.000,9999.000,9999.000
202604120048,   2.038,9999.000,9999.000,9999.000,9999.000,9999.000,9999.000,9999.000,9999.000
202604120054,   1.990,9999.000,9999.000,9999.000,9999.000,9999.000,9999.000,9999.000,9999.000
202604120100,   1.944,9999.000,   0.100,  -0.317,   1.727,   0.000,   1.627,   0.200,   1.827
202604120106,   1.899,9999.000,9999.000,9999.000,9999.000,9999.000,9999.000,9999.000,9999.000
202604120112,   1.855,9999.000,9999.000,9999.000,9999.000,9999.000,9999.000,9999.000,9999.000
202604120118,   1.812,9999.000,9999.000,9999.000,9999.000,9999.000,9999.000,9999.000,9999.000
202604120124,   1.771,9999.000,9999.000,9999.000,9999.000,9999.000,9999.000,9999.000,9999.000
202604120130,   1.730,9999.000,9999.000,9999.000,9999.000,9999.000,9999.000,9999.000,9999.000
202604120136,   1.691,9999.000,9999.000,9999.000,9999.000,9999.000,9999.000,9999.000,9999.000
202604120142,   1.654,9999.000,9999.000,9999.000,9999.000,9999.000,9999.000,9999.000,9999.000
202604120148,   1.618,9999.000,9999.000,9999.000,9999.000,9999.000,9999.000,9999.000,9999.000
202604120154,   1.584,9999.000,9999.000,9999.000,9999.000,9999.000,9999.000,9999.000,9999.000
202604120200,   1.552,9999.000,   0.000,  -0.205,   1.347,   0.000,   1.347,   0.100,   1.447
202604120206,   1.522,9999.000,9999.000,9999.000,9999.000,9999.000,9999.000,9999.000,9999.000
202604120212,   1.494,9999.000,9999.000,9999.000,9999.000,9999.000,9999.000,9999.000,9999.000
202604120218,   1.470,9999.000,9999.000,9999.000,9999.000,9999.000,9999.000,9999.000,9999.000
202604120224,   1.448,9999.000,9999.000,9999.000,9999.000,9999.000,9999.000,9999.000,9999.000
202604120230,   1.429,9999.000,9999.000,9999.000,9999.000,9999.000,9999.000,9999.000,9999.000
202604120236,   1.414,9999.000,9999.000,9999.000,9999.000,9999.000,9999.000,9999.000,9999.000
202604120242,   1.403,9999.000,9999.000,9999.000,9999.000,9999.000,9999.000,9999.000,9999.000
202604120248,   1.396,9999.000,9999.000,9999.000,9999.000,9999.000,9999.000,9999.000,9999.000
202604120254,   1.394,9999.000,9999.000,9999.000,9999.000,9999.000,9999.000,9999.000,9999.000
202604120300,   1.396,9999.000,   0.000,  -0.031,   1.365,   0.000,   1.365,   0.100,   1.465
202604120306,   1.402,9999.000,9999.000,9999.000,9999.000,9999.000,9999.000,9999.000,9999.000
202604120312,   1.414,9999.000,9999.000,9999.000,9999.000,9999.000,9999.000,9999.000,9999.000
202604120318,   1.432,9999.000,9999.000,9999.000,9999.000,9999.000,9999.000,9999.000,9999.000
202604120324,   1.455,9999.000,9999.000,9999.000,9999.000,9999.000,9999.000,9999.000,9999.000
202604120330,   1.483,9999.000,9999.000,9999.000,9999.000,9999.000,9999.000,9999.000,9999.000
202604120336,   1.518,9999.000,9999.000,9999.000,9999.000,9999.000,9999.000,9999.000,9999.000
202604120342,   1.558,9999.000,9999.000,9999.000,9999.000,9999.000,9999.000,9999.000,9999.000
202604120348,   1.604,9999.000,9999.000,9999.000,9999.000,9999.000,9999.000,9999.000,9999.000
202604120354,   1.656,9999.000,9999.000,9999.000,9999.000,9999.000,9999.000,9999.000,9999.000
202604120400,   1.713,9999.000,   0.000,   0.158,   1.871,   0.000,   1.871,   0.100,   1.971
202604120406,   1.777,9999.000,9999.000,9999.000,9999.000,9999.000,9999.000,9999.000,9999.000
202604120412,   1.845,9999.000,9999.000,9999.000,9999.000,9999.000,9999.000,9999.000,9999.000
202604120418,   1.919,9999.000,9999.000,9999.000,9999.000,9999.000,9999.000,9999.000,9999.000
202604120424,   1.997,9999.000,9999.000,9999.000,9999.000,9999.000,9999.000,9999.000,9999.000
202604120430,   2.080,9999.000,9999.000,9999.000,9999.000,9999.000,9999.000,9999.000,9999.000
202604120436,   2.167,9999.000,9999.000,9999.000,9999.000,9999.000,9999.000,9999.000,9999.000
202604120442,   2.258,9999.000,9999.000,9999.000,9999.000,9999.000,9999.000,9999.000,9999.000
202604120448,   2.352,9999.000,9999.000,9999.000,9999.000,9999.000,9999.000,9999.000,9999.000
202604120454,   2.449,9999.000,9999.000,9999.000,9999.000,9999.000,9999.000,9999.000,9999.000
202604120500,   2.548,9999.000,   0.000,   0.379,   2.927,   0.000,   2.927,   0.100,   3.027
202604120506,   2.649,9999.000,9999.000,9999.000,9999.000,9999.000,9999.000,9999.000,9999.000
202604120512,   2.751,9999.000,9999.000,9999.000,9999.000,9999.000,9999.000,9999.000,9999.000
202604120518,   2.854,9999.000,9999.000,9999.000,9999.000,9999.000,9999.000,9999.000,9999.000
202604120524,   2.958,9999.000,9999.000,9999.000,9999.000,9999.000,9999.000,9999.000,9999.000
202604120530,   3.061,9999.000,9999.000,9999.000,9999.000,9999.000,9999.000,9999.000,9999.000
202604120536,   3.163,9999.000,9999.000,9999.000,9999.000,9999.000,9999.000,9999.000,9999.000
202604120542,   3.265,9999.000,9999.000,9999.000,9999.000,9999.000,9999.000,9999.000,9999.000
202604120548,   3.365,9999.000,9999.000,9999.000,9999.000,9999.000,9999.000,9999.000,9999.000
202604120554,   3.463,9999.000,9999.000,9999.000,9999.000,9999.000,9999.000,9999.000,9999.000
202604120600,   3.560,9999.000,   0.000,   0.626,   4.186,   0.000,   4.186,   0.100,   4.286
202604120606,   3.653,9999.000,9999.000,9999.000,9999.000,9999.000,9999.000,9999.000,9999.000
202604120612,   3.745,9999.000,9999.000,9999.000,9999.000,9999.000,9999.000,9999.000,9999.000
202604120618,   3.833,9999.000,9999.000,9999.000,9999.000,9999.000,9999.000,9999.000,9999.000
202604120624,   3.919,9999.000,9999.000,9999.000,9999.000,9999.000,9999.000,9999.000,9999.000
202604120630,   4.001,9999.000,9999.000,9999.000,9999.000,9999.000,9999.000,9999.000,9999.000
202604120636,   4.080,9999.000,9999.000,9999.000,9999.000,9999.000,9999.000,9999.000,9999.000
202604120642,   4.156,9999.000,9999.000,9999.000,9999.000,9999.000,9999.000,9999.000,9999.000
202604120648,   4.228,9999.000,9999.000,9999.000,9999.000,9999.000,9999.000,9999.000,9999.000
202604120654,   4.297,9999.000,9999.000,9999.000,9999.000,9999.000,9999.000,9999.000,9999.000
202604120700,   4.363,9999.000,   0.000,   0.784,   5.147,   0.000,   5.147,   0.100,   5.247
202604120706,   4.425,9999.000,9999.000,9999.000,9999.000,9999.000,9999.000,9999.000,9999.000
202604120712,   4.483,9999.000,9999.000,9999.000,9999.000,9999.000,9999.000,9999.000,9999.000
202604120718,   4.538,9999.000,9999.000,9999.000,9999.000,9999.000,9999.000,9999.000,9999.000
202604120724,   4.590,9999.000,9999.000,9999.000,9999.000,9999.000,9999.000,9999.000,9999.000
202604120730,   4.637,9999.000,9999.000,9999.000,9999.000,9999.000,9999.000,9999.000,9999.000
202604120736,   4.682,9999.000,9999.000,9999.000,9999.000,9999.000,9999.000,9999.000,9999.000
202604120742,   4.722,9999.000,9999.000,9999.000,9999.000,9999.000,9999.000,9999.000,9999.000
202604120748,   4.759,9999.000,9999.000,9999.000,9999.000,9999.000,9999.000,9999.000,9999.000
202604120754,   4.793,9999.000,9999.000,9999.000,9999.000,9999.000,9999.000,9999.000,9999.000
202604120800,   4.822,9999.000,   0.000,   0.694,   5.516,   0.000,   5.516,   0.100,   5.616
202604120806,   4.848,9999.000,9999.000,9999.000,9999.000,9999.000,9999.000,9999.000,9999.000
202604120812,   4.869,9999.000,9999.000,9999.000,9999.000,9999.000,9999.000,9999.000,9999.000
202604120818,   4.887,9999.000,9999.000,9999.000,9999.000,9999.000,9999.000,9999.000,9999.000
202604120824,   4.900,9999.000,9999.000,9999.000,9999.000,9999.000,9999.000,9999.000,9999.000
202604120830,   4.910,9999.000,9999.000,9999.000,9999.000,9999.000,9999.000,9999.000,9999.000
202604120836,   4.915,9999.000,9999.000,9999.000,9999.000,9999.000,9999.000,9999.000,9999.000
202604120842,   4.915,9999.000,9999.000,9999.000,9999.000,9999.000,9999.000,9999.000,9999.000
202604120848,   4.911,9999.000,9999.000,9999.000,9999.000,9999.000,9999.000,9999.000,9999.000
202604120854,   4.903,9999.000,9999.000,9999.000,9999.000,9999.000,9999.000,9999.000,9999.000
202604120900,   4.890,9999.000,   0.000,   0.336,   5.226,   0.000,   5.226,   0.100,   5.326
202604120906,   4.872,9999.000,9999.000,9999.000,9999.000,9999.000,9999.000,9999.000,9999.000
202604120912,   4.850,9999.000,9999.000,9999.000,9999.000,9999.000,9999.000,9999.000,9999.000
202604120918,   4.823,9999.000,9999.000,9999.000,9999.000,9999.000,9999.000,9999.000,9999.000
202604120924,   4.791,9999.000,9999.000,9999.000,9999.000,9999.000,9999.000,9999.000,9999.000
202604120930,   4.755,9999.000,9999.000,9999.000,9999.000,9999.000,9999.000,9999.000,9999.000
202604120936,   4.714,9999.000,9999.000,9999.000,9999.000,9999.000,9999.000,9999.000,9999.000
202604120942,   4.669,9999.000,9999.000,9999.000,9999.000,9999.000,9999.000,9999.000,9999.000
202604120948,   4.619,9999.000,9999.000,9999.000,9999.000,9999.000,9999.000,9999.000,9999.000
202604120954,   4.565,9999.000,9999.000,9999.000,9999.000,9999.000,9999.000,9999.000,9999.000
202604121000,   4.508,9999.000,   0.100,  -0.120,   4.488,   0.000,   4.388,   0.100,   4.488
202604121006,   4.446,9999.000,9999.000,9999.000,9999.000,9999.000,9999.000,9999.000,9999.000
202604121012,   4.381,9999.000,9999.000,9999.000,9999.000,9999.000,9999.000,9999.000,9999.000
202604121018,   4.312,9999.000,9999.000,9999.000,9999.000,9999.000,9999.000,9999.000,9999.000
202604121024,   4.240,9999.000,9999.000,9999.000,9999.000,9999.000,9999.000,9999.000,9999.000
202604121030,   4.165,9999.000,9999.000,9999.000,9999.000,9999.000,9999.000,9999.000,9999.000
202604121036,   4.088,9999.000,9999.000,9999.000,9999.000,9999.000,9999.000,9999.000,9999.000
202604121042,   4.008,9999.000,9999.000,9999.000,9999.000,9999.000,9999.000,9999.000,9999.000
202604121048,   3.926,9999.000,9999.000,9999.000,9999.000,9999.000,9999.000,9999.000,9999.000
202604121054,   3.842,9999.000,9999.000,9999.000,9999.000,9999.000,9999.000,9999.000,9999.000
202604121100,   3.757,9999.000,   0.000,   0.090,   3.847,   0.000,   3.847,   0.100,   3.947
202604121106,   3.670,9999.000,9999.000,9999.000,9999.000,9999.000,9999.000,9999.000,9999.000
202604121112,   3.583,9999.000,9999.000,9999.000,9999.000,9999.000,9999.000,9999.000,9999.000
202604121118,   3.495,9999.000,9999.000,9999.000,9999.000,9999.000,9999.000,9999.000,9999.000
202604121124,   3.406,9999.000,9999.000,9999.000,9999.000,9999.000,9999.000,9999.000,9999.000
202604121130,   3.317,9999.000,9999.000,9999.000,9999.000,9999.000,9999.000,9999.000,9999.000
202604121136,   3.228,9999.000,9999.000,9999.000,9999.000,9999.000,9999.000,9999.000,9999.000
202604121142,   3.139,9999.000,9999.000,9999.000,9999.000,9999.000,9999.000,9999.000,9999.000
202604121148,   3.051,9999.000,9999.000,9999.000,9999.000,9999.000,9999.000,9999.000,9999.000
202604121154,   2.963,9999.000,9999.000,9999.000,9999.000,9999.000,9999.000,9999.000,9999.000
202604121200,   2.876,9999.000,   0.000,   0.090,   2.966,   0.000,   2.966,   0.100,   3.066
