        TIME,    TIDE,      OB,   SURGE,    BIAS,     TWL,SURGE90p,  TWL90p,SURGE10p,   TWL10p
202607160600,   1.412,9999.000,   0.500,9999.000,   1.912,   0.500,   1.912,   0.600,   2.012
202607160606,   1.375,9999.000,9999.000,9999.000,9999.000,9999.000,9999.000,9999.000,9999.000
202607160612,   1.336,9999.000,9999.000,9999.000,9999.000,9999.000,9999.000,9999.000,9999.000
202607160618,   1.295,9999.000,9999.000,9999.000,9999.000,9999.000,9999.000,9999.000,9999.000
202607160624,   1.252,9999.000,9999.000,9999.000,9999.000,9999.000,9999.000,9999.000,9999.000
202607160630,   1.208,9999.000,9999.000,9999.000,9999.000,9999.000,9999.000,9999.000,9999.000
202607160636,   1.162,9999.000,9999.000,9999.000,9999.000,9999.000,9999.000,9999.000,9999.000
202607160642,   1.114,9999.000,9999.000,9999.000,9999.000,9999.000,9999.000,9999.000,9999.000
202607160648,   1.065,9999.000,9999.000,9999.000,9999.000,9999.000,9999.000,9999.000,9999.000
202607160654,   1.015,9999.000,9999.000,9999.000,9999.000,9999.000,9999.000,9999.000,9999.000
202607160700,   0.964,   1.548,   0.500,   0.084,   1.548,   0.500,   1.548,   0.600,   1.648
202607160706,   0.911,   1.508,9999.000,9999.000,9999.000,9999.000,9999.000,9999.000,9999.000
202607160712,   0.858,   1.439,9999.000,9999.000,9999.000,9999.000,9999.000,9999.000,9999.000
202607160718,   0.805,   1.380,9999.000,9999.000,9999.000,9999.000,9999.000,9999.000,9999.000
202607160724,   0.751,   1.318,9999.000,9999.000,9999.000,9999.000,9999.000,9999.000,9999.000
202607160730,   0.697,   1.259,9999.000,9999.000,9999.000,9999.000,9999.000,9999.000,9999.000
202607160736,   0.643,   1.190,9999.000,9999.000,9999.000,9999.000,9999.000,9999.000,9999.000
202607160742,   0.589,   1.138,9999.000,9999.000,9999.000,9999.000,9999.000,9999.000,9999.000
202607160748,   0.535,   1.079,9999.000,9999.000,9999.000,9999.000,9999.000,9999.000,9999.000
202607160754,   0.482,   1.020,9999.000,9999.000,9999.000,9999.000,9999.000,9999.000,9999.000
202607160800,   0.430,   0.961,   0.500,   0.031,   0.961,   0.500,   0.961,   0.600,   1.061
202607160806,   0.378,   0.908,9999.000,9999.000,9999.000,9999.000,9999.000,9999.000,9999.000
202607160812,   0.328,   0.859,9999.000,9999.000,9999.000,9999.000,9999.000,9999.000,9999.000
202607160818,   0.278,   0.810,9999.000,9999.000,9999.000,9999.000,9999.000,9999.000,9999.000
202607160824,   0.230,   0.760,9999.000,9999.000,9999.000,9999.000,9999.000,9999.000,9999.000
202607160830,   0.183,   0.708,9999.000,9999.000,9999.000,9999.000,9999.000,9999.000,9999.000
202607160836,   0.138,   0.669,9999.000,9999.000,9999.000,9999.000,9999.000,9999.000,9999.000
202607160842,   0.094,   0.629,9999.000,9999.000,9999.000,9999.000,9999.000,9999.000,9999.000
202607160848,   0.051,   0.590,9999.000,9999.000,9999.000,9999.000,9999.000,9999.000,9999.000
202607160854,   0.010,   0.551,9999.000,9999.000,9999.000,9999.000,9999.000,9999.000,9999.000
202607160900,  -0.028,   0.518,   0.500,   0.046,   0.518,   0.500,   0.518,   0.500,   0.518
202607160906,  -0.066,   0.488,9999.000,9999.000,9999.000,9999.000,9999.000,9999.000,9999.000
202607160912,  -0.102,   0.469,9999.000,9999.000,9999.000,9999.000,9999.000,9999.000,9999.000
202607160918,  -0.136,   0.439,9999.000,9999.000,9999.000,9999.000,9999.000,9999.000,9999.000
202607160924,  -0.168,   0.409,9999.000,9999.000,9999.000,9999.000,9999.000,9999.000,9999.000
202607160930,  -0.199,   0.390,9999.000,9999.000,9999.000,9999.000,9999.000,9999.000,9999.000
202607160936,  -0.228,   0.380,9999.000,9999.000,9999.000,9999.000,9999.000,9999.000,9999.000
202607160942,  -0.254,   0.350,9999.000,9999.000,9999.000,9999.000,9999.000,9999.000,9999.000
202607160948,  -0.279,   0.350,9999.000,9999.000,9999.000,9999.000,9999.000,9999.000,9999.000
202607160954,  -0.302,   0.341,9999.000,9999.000,9999.000,9999.000,9999.000,9999.000,9999.000
202607161000,  -0.322,   0.321,   0.500,   0.143,   0.321,   0.500,   0.321,   0.500,   0.321
202607161006,  -0.340,   0.308,9999.000,9999.000,9999.000,9999.000,9999.000,9999.000,9999.000
202607161012,  -0.356,   0.298,9999.000,9999.000,9999.000,9999.000,9999.000,9999.000,9999.000
202607161018,  -0.369,   0.308,9999.000,9999.000,9999.000,9999.000,9999.000,9999.000,9999.000
202607161024,  -0.379,   0.298,9999.000,9999.000,9999.000,9999.000,9999.000,9999.000,9999.000
202607161030,  -0.386,   0.298,9999.000,9999.000,9999.000,9999.000,9999.000,9999.000,9999.000
202607161036,  -0.390,   0.288,9999.000,9999.000,9999.000,9999.000,9999.000,9999.000,9999.000
202607161042,  -0.390,   0.278,9999.000,9999.000,9999.000,9999.000,9999.000,9999.000,9999.000
202607161048,  -0.387,   0.288,9999.000,9999.000,9999.000,9999.000,9999.000,9999.000,9999.000
202607161054,  -0.380,   0.278,9999.000,9999.000,9999.000,9999.000,9999.000,9999.000,9999.000
202607161100,  -0.370,   0.278,   0.500,   0.148,   0.278,   0.500,   0.278,   0.500,   0.278
202607161106,  -0.356,   0.288,9999.000,9999.000,9999.000,9999.000,9999.000,9999.000,9999.000
202607161112,  -0.337,   0.288,9999.000,9999.000,9999.000,9999.000,9999.000,9999.000,9999.000
202607161118,  -0.315,   0.308,9999.000,9999.000,9999.000,9999.000,9999.000,9999.000,9999.000
202607161124,  -0.288,   0.331,9999.000,9999.000,9999.000,9999.000,9999.000,9999.000,9999.000
202607161130,  -0.258,   0.360,9999.000,9999.000,9999.000,9999.000,9999.000,9999.000,9999.000
202607161136,  -0.224,   0.400,9999.000,9999.000,9999.000,9999.000,9999.000,9999.000,9999.000
202607161142,  -0.185,   0.439,9999.000,9999.000,9999.000,9999.000,9999.000,9999.000,9999.000
202607161148,  -0.144,   0.469,9999.000,9999.000,9999.000,9999.000,9999.000,9999.000,9999.000
202607161154,  -0.099,   0.518,9999.000,9999.000,9999.000,9999.000,9999.000,9999.000,9999.000
202607161200,  -0.050,   0.560,   0.500,   0.110,   0.560,   0.500,   0.560,   0.500,   0.560
202607161206,   0.000,   0.610,9999.000,9999.000,9999.000,9999.000,9999.000,9999.000,9999.000
202607161212,   0.054,   0.678,9999.000,9999.000,9999.000,9999.000,9999.000,9999.000,9999.000
202607161218,   0.110,   0.741,9999.000,9999.000,9999.000,9999.000,9999.000,9999.000,9999.000
202607161224,   0.167,   0.819,9999.000,9999.000,9999.000,9999.000,9999.000,9999.000,9999.000
202607161230,   0.226,   0.898,9999.000,9999.000,9999.000,9999.000,9999.000,9999.000,9999.000
202607161236,   0.286,   0.980,9999.000,9999.000,9999.000,9999.000,9999.000,9999.000,9999.000
202607161242,   0.347,   1.069,9999.000,9999.000,9999.000,9999.000,9999.000,9999.000,9999.000
202607161248,   0.407,   1.190,9999.000,9999.000,9999.000,9999.000,9999.000,9999.000,9999.000
202607161254,   0.468,   1.210,9999.000,9999.000,9999.000,9999.000,9999.000,9999.000,9999.000
202607161300,   0.528,   1.318,   0.500,   0.290,   1.318,   0.500,   1.318,   0.500,   1.318
202607161306,   0.586,   1.400,9999.000,9999.000,9999.000,9999.000,9999.000,9999.000,9999.000
202607161312,   0.644,   1.479,9999.000,9999.000,9999.000,9999.000,9999.000,9999.000,9999.000
202607161318,   0.700,   1.557,9999.000,9999.000,9999.000,9999.000,9999.000,9999.000,9999.000
202607161324,   0.754,   1.630,9999.000,9999.000,9999.000,9999.000,9999.000,9999.000,9999.000
202607161330,   0.805,   1.699,9999.000,9999.000,9999.000,9999.000,9999.000,9999.000,9999.000
202607161336,   0.855,   1.748,9999.000,9999.000,9999.000,9999.000,9999.000,9999.000,9999.000
202607161342,   0.902,   1.810,9999.000,9999.000,9999.000,9999.000,9999.000,9999.000,9999.000
202607161348,   0.947,   1.859,9999.000,9999.000,9999.000,9999.000,9999.000,9999.000,9999.000
202607161354,   0.989,   1.889,9999.000,9999.000,9999.000,9999.000,9999.000,9999.000,9999.000
202607161400,   1.029,   1.928,   0.500,   0.399,   1.928,   0.500,   1.928,   0.500,   1.928
202607161406,   1.066,   1.948,9999.000,9999.000,9999.000,9999.000,9999.000,9999.000,9999.000
202607161412,   1.101,   1.990,9999.000,9999.000,9999.000,9999.000,9999.000,9999.000,9999.000
202607161418,   1.134,   2.000,9999.000,9999.000,9999.000,9999.000,9999.000,9999.000,9999.000
202607161424,   1.164,   2.020,9999.000,9999.000,9999.000,9999.000,9999.000,9999.000,9999.000
202607161430,   1.193,   2.030,9999.000,9999.000,9999.000,9999.000,9999.000,9999.000,9999.000
202607161436,   1.219,   2.059,9999.000,9999.000,9999.000,9999.000,9999.000,9999.000,9999.000
202607161442,   1.244,   2.069,9999.000,9999.000,9999.000,9999.000,9999.000,9999.000,9999.000
202607161448,   1.267,   2.089,9999.000,9999.000,9999.000,9999.000,9999.000,9999.000,9999.000
202607161454,   1.289,   2.099,9999.000,9999.000,9999.000,9999.000,9999.000,9999.000,9999.000
202607161500,   1.309,   2.109,   0.500,   0.300,   2.109,   0.500,   2.109,   0.500,   2.109
202607161506,   1.329,   2.118,9999.000,9999.000,9999.000,9999.000,9999.000,9999.000,9999.000
202607161512,   1.347,   2.118,9999.000,9999.000,9999.000,9999.000,9999.000,9999.000,9999.000
202607161518,   1.364,   2.148,9999.000,9999.000,9999.000,9999.000,9999.000,9999.000,9999.000
202607161524,   1.380,   2.148,9999.000,9999.000,9999.000,9999.000,9999.000,9999.000,9999.000
202607161530,   1.395,   2.148,9999.000,9999.000,9999.000,9999.000,9999.000,9999.000,9999.000
202607161536,   1.409,   2.158,9999.000,9999.000,9999.000,9999.000,9999.000,9999.000,9999.000
202607161542,   1.423,   2.158,9999.000,9999.000,9999.000,9999.000,9999.000,9999.000,9999.000
202607161548,   1.435,   2.168,9999.000,9999.000,9999.000,9999.000,9999.000,9999.000,9999.000
202607161554,   1.446,   2.168,9999.000,9999.000,9999.000,9999.000,9999.000,9999.000,9999.000
202607161600,   1.456,   2.158,   0.500,   0.202,   2.158,   0.500,   2.158,   0.500,   2.158
202607161606,   1.465,   2.168,9999.000,9999.000,9999.000,9999.000,9999.000,9999.000,9999.000
202607161612,   1.472,   2.168,9999.000,9999.000,9999.000,9999.000,9999.000,9999.000,9999.000
202607161618,   1.479,   2.168,9999.000,9999.000,9999.000,9999.000,9999.000,9999.000,9999.000
202607161624,   1.483,   2.177,9999.000,9999.000,9999.000,9999.000,9999.000,9999.000,9999.000
202607161630,   1.486,   2.177,9999.000,9999.000,9999.000,9999.000,9999.000,9999.000,9999.000
202607161636,   1.487,   2.191,9999.000,9999.000,9999.000,9999.000,9999.000,9999.000,9999.000
202607161642,   1.487,   2.168,9999.000,9999.000,9999.000,9999.000,9999.000,9999.000,9999.000
202607161648,   1.484,   2.168,9999.000,9999.000,9999.000,9999.000,9999.000,9999.000,9999.000
202607161654,   1.480,   2.168,9999.000,9999.000,9999.000,9999.000,9999.000,9999.000,9999.000
202607161700,   1.473,   2.168,   0.500,   0.195,   2.168,   0.500,   2.168,   0.500,   2.168
202607161706,   1.464,   2.158,9999.000,9999.000,9999.000,9999.000,9999.000,9999.000,9999.000
202607161712,   1.453,   2.158,9999.000,9999.000,9999.000,9999.000,9999.000,9999.000,9999.000
202607161718,   1.439,   2.148,9999.000,9999.000,9999.000,9999.000,9999.000,9999.000,9999.000
202607161724,   1.423,   2.138,9999.000,9999.000,9999.000,9999.000,9999.000,9999.000,9999.000
202607161730,   1.405,   2.118,9999.000,9999.000,9999.000,9999.000,9999.000,9999.000,9999.000
202607161736,   1.384,   2.099,9999.000,9999.000,9999.000,9999.000,9999.000,9999.000,9999.000
202607161742,   1.361,   2.079,9999.000,9999.000,9999.000,9999.000,9999.000,9999.000,9999.000
202607161748,   1.336,   2.040,9999.000,9999.000,9999.000,9999.000,9999.000,9999.000,9999.000
202607161754,   1.308,   2.010,9999.000,9999.000,9999.000,9999.000,9999.000,9999.000,9999.000
202607161800,   1.278,   1.981,   0.500,   0.203,   1.981,   0.500,   1.981,   0.500,   1.981
202607161806,   1.246,   1.948,9999.000,9999.000,9999.000,9999.000,9999.000,9999.000,9999.000
202607161812,   1.212,   1.908,9999.000,9999.000,9999.000,9999.000,9999.000,9999.000,9999.000
202607161818,   1.175,   1.859,9999.000,9999.000,9999.000,9999.000,9999.000,9999.000,9999.000
202607161824,   1.137,   1.820,9999.000,9999.000,9999.000,9999.000,9999.000,9999.000,9999.000
202607161830,   1.096,   1.758,9999.000,9999.000,9999.000,9999.000,9999.000,9999.000,9999.000
202607161836,   1.053,   1.708,9999.000,9999.000,9999.000,9999.000,9999.000,9999.000,9999.000
202607161842,   1.009,   1.639,9999.000,9999.000,9999.000,9999.000,9999.000,9999.000,9999.000
202607161848,   0.963,   1.590,9999.000,9999.000,9999.000,9999.000,9999.000,9999.000,9999.000
202607161854,   0.916,   1.528,9999.000,9999.000,9999.000,9999.000,9999.000,9999.000,9999.000
202607161900,   0.867,   1.479,   0.500,   0.112,   1.479,   0.500,   1.479,   0.500,   1.479
202607161906,   0.817,   1.420,9999.000,9999.000,9999.000,9999.000,9999.000,9999.000,9999.000
202607161912,   0.766,   1.348,9999.000,9999.000,9999.000,9999.000,9999.000,9999.000,9999.000
202607161918,   0.714,   1.289,9999.000,9999.000,9999.000,9999.000,9999.000,9999.000,9999.000
202607161924,   0.661,   1.229,9999.000,9999.000,9999.000,9999.000,9999.000,9999.000,9999.000
202607161930,   0.608,   1.161,9999.000,9999.000,9999.000,9999.000,9999.000,9999.000,9999.000
202607161936,   0.555,   1.098,9999.000,9999.000,9999.000,9999.000,9999.000,9999.000,9999.000
202607161942,   0.501,   1.039,9999.000,9999.000,9999.000,9999.000,9999.000,9999.000,9999.000
202607161948,   0.448,   0.990,9999.000,9999.000,9999.000,9999.000,9999.000,9999.000,9999.000
202607161954,   0.395,   0.928,9999.000,9999.000,9999.000,9999.000,9999.000,9999.000,9999.000
202607162000,   0.342,   0.879,   0.500,   0.037,   0.879,   0.500,   0.879,   0.500,   0.879
202607162006,   0.290,   0.829,9999.000,9999.000,9999.000,9999.000,9999.000,9999.000,9999.000
202607162012,   0.239,   0.760,9999.000,9999.000,9999.000,9999.000,9999.000,9999.000,9999.000
202607162018,   0.189,   0.708,9999.000,9999.000,9999.000,9999.000,9999.000,9999.000,9999.000
202607162024,   0.140,   0.639,9999.000,9999.000,9999.000,9999.000,9999.000,9999.000,9999.000
202607162030,   0.093,   0.619,9999.000,9999.000,9999.000,9999.000,9999.000,9999.000,9999.000
202607162036,   0.047,   0.560,9999.000,9999.000,9999.000,9999.000,9999.000,9999.000,9999.000
202607162042,   0.003,   0.518,9999.000,9999.000,9999.000,9999.000,9999.000,9999.000,9999.000
202607162048,  -0.038,   0.488,9999.000,9999.000,9999.000,9999.000,9999.000,9999.000,9999.000
202607162054,  -0.078,   0.449,9999.000,9999.000,9999.000,9999.000,9999.000,9999.000,9999.000
202607162100,  -0.117,   0.419,   0.500,   0.036,   0.419,   0.500,   0.419,   0.500,   0.419
202607162106,  -0.153,   0.390,9999.000,9999.000,9999.000,9999.000,9999.000,9999.000,9999.000
202607162112,  -0.188,   0.370,9999.000,9999.000,9999.000,9999.000,9999.000,9999.000,9999.000
202607162118,  -0.220,   0.341,9999.000,9999.000,9999.000,9999.000,9999.000,9999.000,9999.000
202607162124,  -0.250,   0.298,9999.000,9999.000,9999.000,9999.000,9999.000,9999.000,9999.000
202607162130,  -0.279,   0.288,9999.000,9999.000,9999.000,9999.000,9999.000,9999.000,9999.000
202607162136,  -0.305,   0.278,9999.000,9999.000,9999.000,9999.000,9999.000,9999.000,9999.000
202607162142,  -0.329,   0.268,9999.000,9999.000,9999.000,9999.000,9999.000,9999.000,9999.000
202607162148,  -0.351,   0.249,9999.000,9999.000,9999.000,9999.000,9999.000,9999.000,9999.000
202607162154,  -0.370,   0.239,9999.000,9999.000,9999.000,9999.000,9999.000,9999.000,9999.000
202607162200,  -0.388,   0.239,   0.500,   0.127,   0.239,   0.500,   0.239,   0.500,   0.239
202607162206,  -0.403,   0.229,9999.000,9999.000,9999.000,9999.000,9999.000,9999.000,9999.000
202607162212,  -0.417,   0.209,9999.000,9999.000,9999.000,9999.000,9999.000,9999.000,9999.000
202607162218,  -0.427,   0.209,9999.000,9999.000,9999.000,9999.000,9999.000,9999.000,9999.000
202607162224,  -0.436,   0.219,9999.000,9999.000,9999.000,9999.000,9999.000,9999.000,9999.000
202607162230,  -0.442,   0.219,9999.000,9999.000,9999.000,9999.000,9999.000,9999.000,9999.000
202607162236,  -0.446,   0.209,9999.000,9999.000,9999.000,9999.000,9999.000,9999.000,9999.000
202607162242,  -0.447,   0.209,9999.000,9999.000,9999.000,9999.000,9999.000,9999.000,9999.000
202607162248,  -0.445,   0.219,9999.000,9999.000,9999.000,9999.000,9999.000,9999.000,9999.000
202607162254,  -0.440,   0.209,9999.000,9999.000,9999.000,9999.000,9999.000,9999.000,9999.000
202607162300,  -0.432,   0.209,   0.500,   0.141,   0.209,   0.500,   0.209,   0.600,   0.309
202607162306,  -0.421,   0.219,9999.000,9999.000,9999.000,9999.000,9999.000,9999.000,9999.000
202607162312,  -0.407,   0.229,9999.000,9999.000,9999.000,9999.000,9999.000,9999.000,9999.000
202607162318,  -0.389,   0.239,9999.000,9999.000,9999.000,9999.000,9999.000,9999.000,9999.000
202607162324,  -0.368,   0.239,9999.000,9999.000,9999.000,9999.000,9999.000,9999.000,9999.000
202607162330,  -0.343,   0.268,9999.000,9999.000,9999.000,9999.000,9999.000,9999.000,9999.000
202607162336,  -0.315,   0.288,9999.000,9999.000,9999.000,9999.000,9999.000,9999.000,9999.000
202607162342,  -0.282,   0.321,9999.000,9999.000,9999.000,9999.000,9999.000,9999.000,9999.000
202607162348,  -0.247,   0.341,9999.000,9999.000,9999.000,9999.000,9999.000,9999.000,9999.000
202607162354,  -0.207,   0.390,9999.000,9999.000,9999.000,9999.000,9999.000,9999.000,9999.000
202607170000,  -0.164,   0.429,   0.500,   0.093,   0.429,   0.500,   0.429,   0.600,   0.529
202607170006,  -0.117,   0.478,9999.000,9999.000,9999.000,9999.000,9999.000,9999.000,9999.000
202607170012,  -0.068,   0.541,9999.000,9999.000,9999.000,9999.000,9999.000,9999.000,9999.000
202607170018,  -0.015,   0.600,9999.000,9999.000,9999.000,9999.000,9999.000,9999.000,9999.000
202607170024,   0.040,   0.678,9999.000,9999.000,9999.000,9999.000,9999.000,9999.000,9999.000
202607170030,   0.098,   0.760,9999.000,9999.000,9999.000,9999.000,9999.000,9999.000,9999.000
202607170036,   0.158,   0.829,9999.000,9999.000,9999.000,9999.000,9999.000,9999.000,9999.000
202607170042,   0.220,   0.908,9999.000,9999.000,9999.000,9999.000,9999.000,9999.000,9999.000
202607170048,   0.283,   1.000,9999.000,9999.000,9999.000,9999.000,9999.000,9999.000,9999.000
202607170054,   0.348,   1.108,9999.000,9999.000,9999.000,9999.000,9999.000,9999.000,9999.000
202607170100,   0.413,   1.200,   0.500,   0.287,   1.200,   0.500,   1.200,   0.600,   1.300
202607170106,   0.478,   1.298,9999.000,9999.000,9999.000,9999.000,9999.000,9999.000,9999.000
202607170112,   0.543,   1.390,9999.000,9999.000,9999.000,9999.000,9999.000,9999.000,9999.000
202607170118,   0.607,   1.459,9999.000,9999.000,9999.000,9999.000,9999.000,9999.000,9999.000
202607170124,   0.670,   1.538,9999.000,9999.000,9999.000,9999.000,9999.000,9999.000,9999.000
202607170130,   0.732,   1.630,9999.000,9999.000,9999.000,9999.000,9999.000,9999.000,9999.000
202607170136,   0.793,   1.708,9999.000,9999.000,9999.000,9999.000,9999.000,9999.000,9999.000
202607170142,   0.851,   1.758,9999.000,9999.000,9999.000,9999.000,9999.000,9999.000,9999.000
202607170148,   0.908,   1.830,9999.000,9999.000,9999.000,9999.000,9999.000,9999.000,9999.000
202607170154,   0.962,   1.879,9999.000,9999.000,9999.000,9999.000,9999.000,9999.000,9999.000
202607170200,   1.013,   1.928,   0.500,   0.415,   1.928,   0.500,   1.928,   0.600,   2.028
202607170206,   1.062,   1.967,9999.000,9999.000,9999.000,9999.000,9999.000,9999.000,9999.000
202607170212,   1.108,   2.020,9999.000,9999.000,9999.000,9999.000,9999.000,9999.000,9999.000
202607170218,   1.151,   2.030,9999.000,9999.000,9999.000,9999.000,9999.000,9999.000,9999.000
202607170224,   1.192,   2.040,9999.000,9999.000,9999.000,9999.000,9999.000,9999.000,9999.000
202607170230,   1.230,   2.059,9999.000,9999.000,9999.000,9999.000,9999.000,9999.000,9999.000
202607170236,   1.265,   2.099,9999.000,9999.000,9999.000,9999.000,9999.000,9999.000,9999.000
202607170242,   1.298,   2.118,9999.000,9999.000,9999.000,9999.000,9999.000,9999.000,9999.000
202607170248,   1.329,   2.128,9999.000,9999.000,9999.000,9999.000,9999.000,9999.000,9999.000
202607170254,   1.358,   2.158,9999.000,9999.000,9999.000,9999.000,9999.000,9999.000,9999.000
202607170300,   1.384,   2.168,   0.500,   0.284,   2.168,   0.500,   2.168,   0.600,   2.268
202607170306,   1.409,   2.191,9999.000,9999.000,9999.000,9999.000,9999.000,9999.000,9999.000
202607170312,   1.432,   2.191,9999.000,9999.000,9999.000,9999.000,9999.000,9999.000,9999.000
202607170318,   1.454,   2.210,9999.000,9999.000,9999.000,9999.000,9999.000,9999.000,9999.000
202607170324,   1.474,   2.230,9999.000,9999.000,9999.000,9999.000,9999.000,9999.000,9999.000
202607170330,   1.494,   2.240,9999.000,9999.000,9999.000,9999.000,9999.000,9999.000,9999.000
202607170336,   1.512,   2.240,9999.000,9999.000,9999.000,9999.000,9999.000,9999.000,9999.000
202607170342,   1.529,   2.240,9999.000,9999.000,9999.000,9999.000,9999.000,9999.000,9999.000
202607170348,   1.545,   2.240,9999.000,9999.000,9999.000,9999.000,9999.000,9999.000,9999.000
202607170354,   1.560,   2.240,9999.000,9999.000,9999.000,9999.000,9999.000,9999.000,9999.000
202607170400,   1.575,   2.250,   0.500,   0.175,   2.250,   0.500,   2.250,   0.600,   2.350
202607170406,   1.589,   2.259,9999.000,9999.000,9999.000,9999.000,9999.000,9999.000,9999.000
202607170412,   1.602,   2.269,9999.000,9999.000,9999.000,9999.000,9999.000,9999.000,9999.000
202607170418,   1.614,   2.279,9999.000,9999.000,9999.000,9999.000,9999.000,9999.000,9999.000
202607170424,   1.625,   2.279,9999.000,9999.000,9999.000,9999.000,9999.000,9999.000,9999.000
202607170430,   1.635,   2.279,9999.000,9999.000,9999.000,9999.000,9999.000,9999.000,9999.000
202607170436,   1.644,   2.289,9999.000,9999.000,9999.000,9999.000,9999.000,9999.000,9999.000
202607170442,   1.651,   2.299,9999.000,9999.000,9999.000,9999.000,9999.000,9999.000,9999.000
202607170448,   1.658,   2.309,9999.000,9999.000,9999.000,9999.000,9999.000,9999.000,9999.000
202607170454,   1.662,   2.309,9999.000,9999.000,9999.000,9999.000,9999.000,9999.000,9999.000
202607170500,   1.666,   2.318,   0.500,   0.152,   2.318,   0.500,   2.318,   0.600,   2.418
202607170506,   1.667,   2.328,9999.000,9999.000,9999.000,9999.000,9999.000,9999.000,9999.000
202607170512,   1.667,   2.328,9999.000,9999.000,9999.000,9999.000,9999.000,9999.000,9999.000
202607170518,   1.665,   2.328,9999.000,9999.000,9999.000,9999.000,9999.000,9999.000,9999.000
202607170524,   1.661,   2.318,9999.000,9999.000,9999.000,9999.000,9999.000,9999.000,9999.000
202607170530,   1.655,   2.318,9999.000,9999.000,9999.000,9999.000,9999.000,9999.000,9999.000
202607170536,   1.647,   2.309,9999.000,9999.000,9999.000,9999.000,9999.000,9999.000,9999.000
202607170542,   1.636,   2.289,9999.000,9999.000,9999.000,9999.000,9999.000,9999.000,9999.000
202607170548,   1.624,   2.289,9999.000,9999.000,9999.000,9999.000,9999.000,9999.000,9999.000
202607170554,   1.609,   2.269,9999.000,9999.000,9999.000,9999.000,9999.000,9999.000,9999.000
202607170600,   1.591,   2.259,   0.500,   0.168,   2.259,   0.500,   2.259,   0.600,   2.359
202607170606,   1.572,   2.240,9999.000,9999.000,9999.000,9999.000,9999.000,9999.000,9999.000
202607170612,   1.550,   2.220,9999.000,9999.000,9999.000,9999.000,9999.000,9999.000,9999.000
202607170618,   1.525,   2.200,9999.000,9999.000,9999.000,9999.000,9999.000,9999.000,9999.000
202607170624,   1.499,   2.177,9999.000,9999.000,9999.000,9999.000,9999.000,9999.000,9999.000
202607170630,   1.470,   2.148,9999.000,9999.000,9999.000,9999.000,9999.000,9999.000,9999.000
202607170636,   1.439,   2.109,9999.000,9999.000,9999.000,9999.000,9999.000,9999.000,9999.000
202607170642,   1.405,   2.059,9999.000,9999.000,9999.000,9999.000,9999.000,9999.000,9999.000
202607170648,   1.370,   2.020,9999.000,9999.000,9999.000,9999.000,9999.000,9999.000,9999.000
202607170654,   1.332,   1.981,9999.000,9999.000,9999.000,9999.000,9999.000,9999.000,9999.000
202607170700,   1.292,   1.928,   0.500,   0.136,   1.928,   0.500,   1.928,   0.600,   2.028
202607170706,   1.251,   1.869,9999.000,9999.000,9999.000,9999.000,9999.000,9999.000,9999.000
202607170712,   1.207,   1.810,9999.000,9999.000,9999.000,9999.000,9999.000,9999.000,9999.000
202607170718,   1.162,   1.748,9999.000,9999.000,9999.000,9999.000,9999.000,9999.000,9999.000
202607170724,   1.115,   1.699,9999.000,9999.000,9999.000,9999.000,9999.000,9999.000,9999.000
202607170730,   1.067,   1.639,9999.000,9999.000,9999.000,9999.000,9999.000,9999.000,9999.000
202607170736,   1.017,   1.571,9999.000,9999.000,9999.000,9999.000,9999.000,9999.000,9999.000
202607170742,   0.967,   1.518,9999.000,9999.000,9999.000,9999.000,9999.000,9999.000,9999.000
202607170748,   0.915,   1.459,9999.000,9999.000,9999.000,9999.000,9999.000,9999.000,9999.000
202607170754,   0.862,   1.390,9999.000,9999.000,9999.000,9999.000,9999.000,9999.000,9999.000
202607170800,   0.809,   1.318,   0.500,   0.009,   1.318,   0.500,   1.318,   0.500,   1.318
202607170806,   0.755,   1.259,9999.000,9999.000,9999.000,9999.000,9999.000,9999.000,9999.000
202607170812,   0.701,   1.200,9999.000,9999.000,9999.000,9999.000,9999.000,9999.000,9999.000
202607170818,   0.647,   1.138,9999.000,9999.000,9999.000,9999.000,9999.000,9999.000,9999.000
202607170824,   0.593,   1.079,9999.000,9999.000,9999.000,9999.000,9999.000,9999.000,9999.000
202607170830,   0.540,   1.029,9999.000,9999.000,9999.000,9999.000,9999.000,9999.000,9999.000
202607170836,   0.486,   0.970,9999.000,9999.000,9999.000,9999.000,9999.000,9999.000,9999.000
202607170842,   0.434,   0.908,9999.000,9999.000,9999.000,9999.000,9999.000,9999.000,9999.000
202607170848,   0.382,   0.859,9999.000,9999.000,9999.000,9999.000,9999.000,9999.000,9999.000
202607170854,   0.331,   0.810,9999.000,9999.000,9999.000,9999.000,9999.000,9999.000,9999.000
202607170900,   0.282,   0.760,   0.500,  -0.022,   0.760,   0.500,   0.760,   0.500,   0.760
202607170906,   0.233,   0.698,9999.000,9999.000,9999.000,9999.000,9999.000,9999.000,9999.000
202607170912,   0.186,   0.659,9999.000,9999.000,9999.000,9999.000,9999.000,9999.000,9999.000
202607170918,   0.140,   0.619,9999.000,9999.000,9999.000,9999.000,9999.000,9999.000,9999.000
202607170924,   0.096,   0.580,9999.000,9999.000,9999.000,9999.000,9999.000,9999.000,9999.000
202607170930,   0.054,   0.541,9999.000,9999.000,9999.000,9999.000,9999.000,9999.000,9999.000
202607170936,   0.013,   0.488,9999.000,9999.000,9999.000,9999.000,9999.000,9999.000,9999.000
202607170942,  -0.026,   0.459,9999.000,9999.000,9999.000,9999.000,9999.000,9999.000,9999.000
202607170948,  -0.063,   0.429,9999.000,9999.000,9999.000,9999.000,9999.000,9999.000,9999.000
202607170954,  -0.099,   0.400,9999.000,9999.000,9999.000,9999.000,9999.000,9999.000,9999.000
202607171000,  -0.133,   0.380,   0.500,   0.013,   0.380,   0.500,   0.380,   0.500,   0.380
202607171006,  -0.166,   0.350,9999.000,9999.000,9999.000,9999.000,9999.000,9999.000,9999.000
202607171012,  -0.196,   0.331,9999.000,9999.000,9999.000,9999.000,9999.000,9999.000,9999.000
202607171018,  -0.225,   0.308,9999.000,9999.000,9999.000,9999.000,9999.000,9999.000,9999.000
202607171024,  -0.252,   0.288,9999.000,9999.000,9999.000,9999.000,9999.000,9999.000,9999.000
202607171030,  -0.278,   0.278,9999.000,9999.000,9999.000,9999.000,9999.000,9999.000,9999.000
202607171036,  -0.301,   0.268,9999.000,9999.000,9999.000,9999.000,9999.000,9999.000,9999.000
202607171042,  -0.322,   0.249,9999.000,9999.000,9999.000,9999.000,9999.000,9999.000,9999.000
202607171048,  -0.341,   0.229,9999.000,9999.000,9999.000,9999.000,9999.000,9999.000,9999.000
202607171054,  -0.358,   0.219,9999.000,9999.000,9999.000,9999.000,9999.000,9999.000,9999.000
202607171100,  -0.373,   0.209,   0.500,   0.082,   0.209,   0.500,   0.209,   0.500,   0.209
202607171106,  -0.385,   0.200,9999.000,9999.000,9999.000,9999.000,9999.000,9999.000,9999.000
202607171112,  -0.395,   0.200,9999.000,9999.000,9999.000,9999.000,9999.000,9999.000,9999.000
202607171118,  -0.401,   0.190,9999.000,9999.000,9999.000,9999.000,9999.000,9999.000,9999.000
202607171124,  -0.405,   0.180,9999.000,9999.000,9999.000,9999.000,9999.000,9999.000,9999.000
202607171130,  -0.406,   0.180,9999.000,9999.000,9999.000,9999.000,9999.000,9999.000,9999.000
202607171136,  -0.403,   0.180,9999.000,9999.000,9999.000,9999.000,9999.000,9999.000,9999.000
202607171142,  -0.397,   0.180,9999.000,9999.000,9999.000,9999.000,9999.000,9999.000,9999.000
202607171148,  -0.388,   0.190,9999.000,9999.000,9999.000,9999.000,9999.000,9999.000,9999.000
202607171154,  -0.374,   0.209,9999.000,9999.000,9999.000,9999.000,9999.000,9999.000,9999.000
202607171200,  -0.357,   0.219,   0.500,   0.076,   0.219,   0.500,   0.219,   0.500,   0.219
202607171206,  -0.336,   0.239,9999.000,9999.000,9999.000,9999.000,9999.000,9999.000,9999.000
202607171212,  -0.312,   0.259,9999.000,9999.000,9999.000,9999.000,9999.000,9999.000,9999.000
202607171218,  -0.283,   0.288,9999.000,9999.000,9999.000,9999.000,9999.000,9999.000,9999.000
202607171224,  -0.251,   0.331,9999.000,9999.000,9999.000,9999.000,9999.000,9999.000,9999.000
202607171230,  -0.214,   0.360,9999.000,9999.000,9999.000,9999.000,9999.000,9999.000,9999.000
202607171236,  -0.175,   0.400,9999.000,9999.000,9999.000,9999.000,9999.000,9999.000,9999.000
202607171242,  -0.132,   0.439,9999.000,9999.000,9999.000,9999.000,9999.000,9999.000,9999.000
202607171248,  -0.086,   0.478,9999.000,9999.000,9999.000,9999.000,9999.000,9999.000,9999.000
202607171254,  -0.036,   0.541,9999.000,9999.000,9999.000,9999.000,9999.000,9999.000,9999.000
202607171300,   0.014,   0.590,   0.500,   0.076,   0.590,   0.500,   0.590,   0.500,   0.590
202607171306,   0.068,   0.649,9999.000,9999.000,9999.000,9999.000,9999.000,9999.000,9999.000
202607171312,   0.124,   0.718,9999.000,9999.000,9999.000,9999.000,9999.000,9999.000,9999.000
202607171318,   0.181,   0.790,9999.000,9999.000,9999.000,9999.000,9999.000,9999.000,9999.000
202607171324,   0.240,   0.869,9999.000,9999.000,9999.000,9999.000,9999.000,9999.000,9999.000
202607171330,   0.299,   0.941,9999.000,9999.000,9999.000,9999.000,9999.000,9999.000,9999.000
202607171336,   0.358,   1.020,9999.000,9999.000,9999.000,9999.000,9999.000,9999.000,9999.000
202607171342,   0.418,   1.108,9999.000,9999.000,9999.000,9999.000,9999.000,9999.000,9999.000
202607171348,   0.477,   1.190,9999.000,9999.000,9999.000,9999.000,9999.000,9999.000,9999.000
202607171354,   0.535,   1.269,9999.000,9999.000,9999.000,9999.000,9999.000,9999.000,9999.000
202607171400,   0.592,   1.348,   0.500,   0.256,   1.348,   0.500,   1.348,   0.500,   1.348
202607171406,   0.647,   1.430,9999.000,9999.000,9999.000,9999.000,9999.000,9999.000,9999.000
202607171412,   0.701,   1.498,9999.000,9999.000,9999.000,9999.000,9999.000,9999.000,9999.000
202607171418,   0.753,   1.571,9999.000,9999.000,9999.000,9999.000,9999.000,9999.000,9999.000
202607171424,   0.803,   1.630,9999.000,9999.000,9999.000,9999.000,9999.000,9999.000,9999.000
202607171430,   0.851,   1.679,9999.000,9999.000,9999.000,9999.000,9999.000,9999.000,9999.000
202607171436,   0.897,   1.738,9999.000,9999.000,9999.000,9999.000,9999.000,9999.000,9999.000
202607171442,   0.940,   1.781,9999.000,9999.000,9999.000,9999.000,9999.000,9999.000,9999.000
202607171448,   0.980,   1.810,9999.000,9999.000,9999.000,9999.000,9999.000,9999.000,9999.000
202607171454,   1.019,   1.859,9999.000,9999.000,9999.000,9999.000,9999.000,9999.000,9999.000
202607171500,   1.055,   1.899,   0.500,   0.344,   1.899,   0.500,   1.899,   0.500,   1.899
202607171506,   1.089,   1.928,9999.000,9999.000,9999.000,9999.000,9999.000,9999.000,9999.000
202607171512,   1.121,   1.948,9999.000,9999.000,9999.000,9999.000,9999.000,9999.000,9999.000
202607171518,   1.151,   1.967,9999.000,9999.000,9999.000,9999.000,9999.000,9999.000,9999.000
202607171524,   1.179,   1.990,9999.000,9999.000,9999.000,9999.000,9999.000,9999.000,9999.000
202607171530,   1.206,   2.010,9999.000,9999.000,9999.000,9999.000,9999.000,9999.000,9999.000
202607171536,   1.231,   2.030,9999.000,9999.000,9999.000,9999.000,9999.000,9999.000,9999.000
202607171542,   1.255,   2.040,9999.000,9999.000,9999.000,9999.000,9999.000,9999.000,9999.000
202607171548,   1.277,   2.069,9999.000,9999.000,9999.000,9999.000,9999.000,9999.000,9999.000
202607171554,   1.299,   2.079,9999.000,9999.000,9999.000,9999.000,9999.000,9999.000,9999.000
202607171600,   1.319,   2.089,   0.500,   0.270,   2.089,   0.500,   2.089,   0.500,   2.089
202607171606,   1.338,   2.099,9999.000,9999.000,9999.000,9999.000,9999.000,9999.000,9999.000
202607171612,   1.357,   2.118,9999.000,9999.000,9999.000,9999.000,9999.000,9999.000,9999.000
202607171618,   1.374,   2.128,9999.000,9999.000,9999.000,9999.000,9999.000,9999.000,9999.000
202607171624,   1.391,   2.128,9999.000,9999.000,9999.000,9999.000,9999.000,9999.000,9999.000
202607171630,   1.407,   2.138,9999.000,9999.000,9999.000,9999.000,9999.000,9999.000,9999.000
202607171636,   1.421,   2.138,9999.000,9999.000,9999.000,9999.000,9999.000,9999.000,9999.000
202607171642,   1.435,   2.138,9999.000,9999.000,9999.000,9999.000,9999.000,9999.000,9999.000
202607171648,   1.448,   2.148,9999.000,9999.000,9999.000,9999.000,9999.000,9999.000,9999.000
202607171654,   1.460,   2.148,9999.000,9999.000,9999.000,9999.000,9999.000,9999.000,9999.000
202607171700,   1.470,   2.148,   0.500,   0.178,   2.148,   0.500,   2.148,   0.500,   2.148
202607171706,   1.479,   2.158,9999.000,9999.000,9999.000,9999.000,9999.000,9999.000,9999.000
202607171712,   1.486,   2.158,9999.000,9999.000,9999.000,9999.000,9999.000,9999.000,9999.000
202607171718,   1.492,   2.158,9999.000,9999.000,9999.000,9999.000,9999.000,9999.000,9999.000
202607171724,   1.497,   2.158,9999.000,9999.000,9999.000,9999.000,9999.000,9999.000,9999.000
202607171730,   1.499,   2.158,9999.000,9999.000,9999.000,9999.000,9999.000,9999.000,9999.000
202607171736,   1.499,   2.168,9999.000,9999.000,9999.000,9999.000,9999.000,9999.000,9999.000
202607171742,   1.498,   2.158,9999.000,9999.000,9999.000,9999.000,9999.000,9999.000,9999.000
202607171748,   1.494,   2.158,9999.000,9999.000,9999.000,9999.000,9999.000,9999.000,9999.000
202607171754,   1.488,   2.158,9999.000,9999.000,9999.000,9999.000,9999.000,9999.000,9999.000
202607171800,   1.479,   2.148,   0.500,   0.169,   2.148,   0.500,   2.148,   0.500,   2.148
202607171806,   1.469,   2.148,9999.000,9999.000,9999.000,9999.000,9999.000,9999.000,9999.000
202607171812,   1.456,   2.138,9999.000,9999.000,9999.000,9999.000,9999.000,9999.000,9999.000
202607171818,   1.440,   2.138,9999.000,9999.000,9999.000,9999.000,9999.000,9999.000,9999.000
202607171824,   1.422,   2.118,9999.000,9999.000,9999.000,9999.000,9999.000,9999.000,9999.000
202607171830,   1.402,   2.099,9999.000,9999.000,9999.000,9999.000,9999.000,9999.000,9999.000
202607171836,   1.379,   2.089,9999.000,9999.000,9999.000,9999.000,9999.000,9999.000,9999.000
202607171842,   1.354,   2.079,9999.000,9999.000,9999.000,9999.000,9999.000,9999.000,9999.000
202607171848,   1.327,   2.069,9999.000,9999.000,9999.000,9999.000,9999.000,9999.000,9999.000
202607171854,   1.297,   2.040,9999.000,9999.000,9999.000,9999.000,9999.000,9999.000,9999.000
202607171900,   1.265,   1.990,   0.500,   0.225,   1.990,   0.500,   1.990,   0.500,   1.990
202607171906,   1.231,   1.938,9999.000,9999.000,9999.000,9999.000,9999.000,9999.000,9999.000
202607171912,   1.195,   1.889,9999.000,9999.000,9999.000,9999.000,9999.000,9999.000,9999.000
202607171918,   1.157,   1.849,9999.000,9999.000,9999.000,9999.000,9999.000,9999.000,9999.000
202607171924,   1.117,   1.800,9999.000,9999.000,9999.000,9999.000,9999.000,9999.000,9999.000
202607171930,   1.075,9999.000,9999.000,9999.000,9999.000,9999.000,9999.000,9999.000,9999.000
202607171936,   1.031,9999.000,9999.000,9999.000,9999.000,9999.000,9999.000,9999.000,9999.000
202607171942,   0.986,9999.000,9999.000,9999.000,9999.000,9999.000,9999.000,9999.000,9999.000
202607171948,   0.939,9999.000,9999.000,9999.000,9999.000,9999.000,9999.000,9999.000,9999.000
202607171954,   0.892,9999.000,9999.000,9999.000,9999.000,9999.000,9999.000,9999.000,9999.000
202607172000,   0.843,9999.000,   0.500,9999.000,   1.343,   0.500,   1.343,   0.500,   1.343
202607172006,   0.793,   1.380,9999.000,9999.000,9999.000,9999.000,9999.000,9999.000,9999.000
202607172012,   0.742,   1.318,9999.000,9999.000,9999.000,9999.000,9999.000,9999.000,9999.000
202607172018,   0.691,   1.249,9999.000,9999.000,9999.000,9999.000,9999.000,9999.000,9999.000
202607172024,   0.640,9999.000,9999.000,9999.000,9999.000,9999.000,9999.000,9999.000,9999.000
202607172030,   0.588,9999.000,9999.000,9999.000,9999.000,9999.000,9999.000,9999.000,9999.000
202607172036,   0.537,9999.000,9999.000,9999.000,9999.000,9999.000,9999.000,9999.000,9999.000
202607172042,   0.486,   1.010,9999.000,9999.000,9999.000,9999.000,9999.000,9999.000,9999.000
202607172048,   0.435,   0.941,9999.000,9999.000,9999.000,9999.000,9999.000,9999.000,9999.000
202607172054,   0.384,   0.879,9999.000,9999.000,9999.000,9999.000,9999.000,9999.000,9999.000
202607172100,   0.335,   0.879,   0.500,   0.044,   0.879,   0.500,   0.879,   0.500,   0.879
202607172106,   0.287,9999.000,9999.000,9999.000,9999.000,9999.000,9999.000,9999.000,9999.000
202607172112,   0.239,9999.000,9999.000,9999.000,9999.000,9999.000,9999.000,9999.000,9999.000
202607172118,   0.194,9999.000,9999.000,9999.000,9999.000,9999.000,9999.000,9999.000,9999.000
202607172124,   0.149,9999.000,9999.000,9999.000,9999.000,9999.000,9999.000,9999.000,9999.000
202607172130,   0.106,9999.000,9999.000,9999.000,9999.000,9999.000,9999.000,9999.000,9999.000
202607172136,   0.065,   0.580,9999.000,9999.000,9999.000,9999.000,9999.000,9999.000,9999.000
202607172142,   0.025,   0.551,9999.000,9999.000,9999.000,9999.000,9999.000,9999.000,9999.000
202607172148,  -0.011,   0.508,9999.000,9999.000,9999.000,9999.000,9999.000,9999.000,9999.000
202607172154,  -0.047,9999.000,9999.000,9999.000,9999.000,9999.000,9999.000,9999.000,9999.000
202607172200,  -0.081,9999.000,   0.500,9999.000,   0.419,   0.500,   0.419,   0.600,   0.519
202607172206,  -0.113,9999.000,9999.000,9999.000,9999.000,9999.000,9999.000,9999.000,9999.000
202607172212,  -0.143,9999.000,9999.000,9999.000,9999.000,9999.000,9999.000,9999.000,9999.000
202607172218,  -0.171,9999.000,9999.000,9999.000,9999.000,9999.000,9999.000,9999.000,9999.000
202607172224,  -0.198,   0.285,9999.000,9999.000,9999.000,9999.000,9999.000,9999.000,9999.000
202607172230,  -0.222,9999.000,9999.000,9999.000,9999.000,9999.000,9999.000,9999.000,9999.000
202607172236,  -0.245,9999.000,9999.000,9999.000,9999.000,9999.000,9999.000,9999.000,9999.000
202607172242,  -0.265,9999.000,9999.000,9999.000,9999.000,9999.000,9999.000,9999.000,9999.000
202607172248,  -0.284,   0.341,9999.000,9999.000,9999.000,9999.000,9999.000,9999.000,9999.000
202607172254,  -0.301,   0.331,9999.000,9999.000,9999.000,9999.000,9999.000,9999.000,9999.000
202607172300,  -0.315,   0.278,   0.500,   0.093,   0.278,   0.500,   0.278,   0.600,   0.378
202607172306,  -0.328,   0.278,9999.000,9999.000,9999.000,9999.000,9999.000,9999.000,9999.000
202607172312,  -0.339,   0.288,9999.000,9999.000,9999.000,9999.000,9999.000,9999.000,9999.000
202607172318,  -0.348,   0.288,9999.000,9999.000,9999.000,9999.000,9999.000,9999.000,9999.000
202607172324,  -0.354,   0.278,9999.000,9999.000,9999.000,9999.000,9999.000,9999.000,9999.000
202607172330,  -0.358,   0.268,9999.000,9999.000,9999.000,9999.000,9999.000,9999.000,9999.000
202607172336,  -0.360,   0.259,9999.000,9999.000,9999.000,9999.000,9999.000,9999.000,9999.000
202607172342,  -0.359,   0.239,9999.000,9999.000,9999.000,9999.000,9999.000,9999.000,9999.000
202607172348,  -0.355,   0.219,9999.000,9999.000,9999.000,9999.000,9999.000,9999.000,9999.000
202607172354,  -0.348,   0.219,9999.000,9999.000,9999.000,9999.000,9999.000,9999.000,9999.000
202607180000,  -0.339,   0.239,   0.600,  -0.022,   0.239,   0.600,   0.239,   0.600,   0.239
202607180006,  -0.326,   0.259,9999.000,9999.000,9999.000,9999.000,9999.000,9999.000,9999.000
202607180012,  -0.310,   0.268,9999.000,9999.000,9999.000,9999.000,9999.000,9999.000,9999.000
202607180018,  -0.291,   0.288,9999.000,9999.000,9999.000,9999.000,9999.000,9999.000,9999.000
202607180024,  -0.268,   0.321,9999.000,9999.000,9999.000,9999.000,9999.000,9999.000,9999.000
202607180030,  -0.241,   0.331,9999.000,9999.000,9999.000,9999.000,9999.000,9999.000,9999.000
202607180036,  -0.211,   0.350,9999.000,9999.000,9999.000,9999.000,9999.000,9999.000,9999.000
202607180042,  -0.177,   0.390,9999.000,9999.000,9999.000,9999.000,9999.000,9999.000,9999.000
202607180048,  -0.140,   0.429,9999.000,9999.000,9999.000,9999.000,9999.000,9999.000,9999.000
202607180054,  -0.100,   0.449,9999.000,9999.000,9999.000,9999.000,9999.000,9999.000,9999.000
202607180100,  -0.056,   0.488,   0.600,  -0.056,   0.488,   0.600,   0.488,   0.600,   0.488
202607180106,  -0.009,   0.531,9999.000,9999.000,9999.000,9999.000,9999.000,9999.000,9999.000
202607180112,   0.039,   0.570,9999.000,9999.000,9999.000,9999.000,9999.000,9999.000,9999.000
202607180118,   0.092,   0.619,9999.000,9999.000,9999.000,9999.000,9999.000,9999.000,9999.000
202607180124,   0.146,   0.688,9999.000,9999.000,9999.000,9999.000,9999.000,9999.000,9999.000
202607180130,   0.203,   0.760,9999.000,9999.000,9999.000,9999.000,9999.000,9999.000,9999.000
202607180136,   0.261,   0.839,9999.000,9999.000,9999.000,9999.000,9999.000,9999.000,9999.000
202607180142,   0.321,   0.928,9999.000,9999.000,9999.000,9999.000,9999.000,9999.000,9999.000
202607180148,   0.381,   1.010,9999.000,9999.000,9999.000,9999.000,9999.000,9999.000,9999.000
202607180154,   0.442,   1.098,9999.000,9999.000,9999.000,9999.000,9999.000,9999.000,9999.000
202607180200,   0.503,   1.190,   0.600,   0.087,   1.190,   0.600,   1.190,   0.600,   1.190
202607180206,   0.564,   1.289,9999.000,9999.000,9999.000,9999.000,9999.000,9999.000,9999.000
202607180212,   0.624,   1.371,9999.000,9999.000,9999.000,9999.000,9999.000,9999.000,9999.000
202607180218,   0.683,   1.459,9999.000,9999.000,9999.000,9999.000,9999.000,9999.000,9999.000
202607180224,   0.741,   1.538,9999.000,9999.000,9999.000,9999.000,9999.000,9999.000,9999.000
202607180230,   0.797,   1.610,9999.000,9999.000,9999.000,9999.000,9999.000,9999.000,9999.000
202607180236,   0.851,   1.669,9999.000,9999.000,9999.000,9999.000,9999.000,9999.000,9999.000
202607180242,   0.904,   1.728,9999.000,9999.000,9999.000,9999.000,9999.000,9999.000,9999.000
202607180248,   0.954,   1.781,9999.000,9999.000,9999.000,9999.000,9999.000,9999.000,9999.000
202607180254,   1.001,   1.830,9999.000,9999.000,9999.000,9999.000,9999.000,9999.000,9999.000
202607180300,   1.047,   1.879,   0.600,   0.232,   1.879,   0.600,   1.879,   0.600,   1.879
202607180306,   1.090,   1.908,9999.000,9999.000,9999.000,9999.000,9999.000,9999.000,9999.000
202607180312,   1.130,   1.928,9999.000,9999.000,9999.000,9999.000,9999.000,9999.000,9999.000
202607180318,   1.168,   1.958,9999.000,9999.000,9999.000,9999.000,9999.000,9999.000,9999.000
202607180324,   1.203,   1.981,9999.000,9999.000,9999.000,9999.000,9999.000,9999.000,9999.000
202607180330,   1.236,   2.000,9999.000,9999.000,9999.000,9999.000,9999.000,9999.000,9999.000
202607180336,   1.267,   2.030,9999.000,9999.000,9999.000,9999.000,9999.000,9999.000,9999.000
202607180342,   1.296,   2.040,9999.000,9999.000,9999.000,9999.000,9999.000,9999.000,9999.000
202607180348,   1.323,   2.069,9999.000,9999.000,9999.000,9999.000,9999.000,9999.000,9999.000
202607180354,   1.349,   2.079,9999.000,9999.000,9999.000,9999.000,9999.000,9999.000,9999.000
202607180400,   1.373,   2.089,   0.600,   0.116,   2.089,   0.600,   2.089,   0.600,   2.089
202607180406,   1.395,   2.099,9999.000,9999.000,9999.000,9999.000,9999.000,9999.000,9999.000
202607180412,   1.416,   2.118,9999.000,9999.000,9999.000,9999.000,9999.000,9999.000,9999.000
202607180418,   1.436,   2.118,9999.000,9999.000,9999.000,9999.000,9999.000,9999.000,9999.000
202607180424,   1.455,   2.128,9999.000,9999.000,9999.000,9999.000,9999.000,9999.000,9999.000
202607180430,   1.473,   2.128,9999.000,9999.000,9999.000,9999.000,9999.000,9999.000,9999.000
202607180436,   1.490,   2.128,9999.000,9999.000,9999.000,9999.000,9999.000,9999.000,9999.000
202607180442,   1.506,   2.128,9999.000,9999.000,9999.000,9999.000,9999.000,9999.000,9999.000
202607180448,   1.521,   2.118,9999.000,9999.000,9999.000,9999.000,9999.000,9999.000,9999.000
202607180454,   1.535,   2.128,9999.000,9999.000,9999.000,9999.000,9999.000,9999.000,9999.000
202607180500,   1.549,   2.118,   0.600,  -0.031,   2.118,   0.600,   2.118,   0.600,   2.118
202607180506,   1.561,   2.128,9999.000,9999.000,9999.000,9999.000,9999.000,9999.000,9999.000
202607180512,   1.573,   2.138,9999.000,9999.000,9999.000,9999.000,9999.000,9999.000,9999.000
202607180518,   1.583,   2.138,9999.000,9999.000,9999.000,9999.000,9999.000,9999.000,9999.000
202607180524,   1.593,   2.138,9999.000,9999.000,9999.000,9999.000,9999.000,9999.000,9999.000
202607180530,   1.601,   2.128,9999.000,9999.000,9999.000,9999.000,9999.000,9999.000,9999.000
202607180536,   1.607,   2.128,9999.000,9999.000,9999.000,9999.000,9999.000,9999.000,9999.000
202607180542,   1.612,   2.128,9999.000,9999.000,9999.000,9999.000,9999.000,9999.000,9999.000
202607180548,   1.616,   2.138,9999.000,9999.000,9999.000,9999.000,9999.000,9999.000,9999.000
202607180554,   1.617,   2.138,9999.000,9999.000,9999.000,9999.000,9999.000,9999.000,9999.000
202607180600,   1.617,   2.168,   0.600,  -0.049,   2.168,   0.600,   2.168,   0.600,   2.168
202607180606,   1.615,   2.168,9999.000,9999.000,9999.000,9999.000,9999.000,9999.000,9999.000
202607180612,   1.611,   2.177,9999.000,9999.000,9999.000,9999.000,9999.000,9999.000,9999.000
202607180618,   1.604,   2.168,9999.000,9999.000,9999.000,9999.000,9999.000,9999.000,9999.000
202607180624,   1.596,   2.168,9999.000,9999.000,9999.000,9999.000,9999.000,9999.000,9999.000
202607180630,   1.585,   2.158,9999.000,9999.000,9999.000,9999.000,9999.000,9999.000,9999.000
202607180636,   1.572,   2.138,9999.000,9999.000,9999.000,9999.000,9999.000,9999.000,9999.000
202607180642,   1.556,   2.148,9999.000,9999.000,9999.000,9999.000,9999.000,9999.000,9999.000
202607180648,   1.538,   2.138,9999.000,9999.000,9999.000,9999.000,9999.000,9999.000,9999.000
202607180654,   1.518,   2.118,9999.000,9999.000,9999.000,9999.000,9999.000,9999.000,9999.000
202607180700,   1.496,   2.099,   0.600,   0.003,   2.099,   0.600,   2.099,   0.600,   2.099
202607180706,   1.471,   2.069,9999.000,9999.000,9999.000,9999.000,9999.000,9999.000,9999.000
202607180712,   1.443,   2.049,9999.000,9999.000,9999.000,9999.000,9999.000,9999.000,9999.000
202607180718,   1.414,   2.010,9999.000,9999.000,9999.000,9999.000,9999.000,9999.000,9999.000
202607180724,   1.382,   1.990,9999.000,9999.000,9999.000,9999.000,9999.000,9999.000,9999.000
202607180730,   1.348,   1.958,9999.000,9999.000,9999.000,9999.000,9999.000,9999.000,9999.000
202607180736,   1.312,   1.918,9999.000,9999.000,9999.000,9999.000,9999.000,9999.000,9999.000
202607180742,   1.274,   1.869,9999.000,9999.000,9999.000,9999.000,9999.000,9999.000,9999.000
202607180748,   1.234,   1.820,9999.000,9999.000,9999.000,9999.000,9999.000,9999.000,9999.000
202607180754,   1.192,   1.767,9999.000,9999.000,9999.000,9999.000,9999.000,9999.000,9999.000
202607180800,   1.149,   1.718,   0.600,  -0.031,   1.718,   0.500,   1.618,   0.600,   1.718
202607180806,   1.104,   1.679,9999.000,9999.000,9999.000,9999.000,9999.000,9999.000,9999.000
202607180812,   1.057,   1.620,9999.000,9999.000,9999.000,9999.000,9999.000,9999.000,9999.000
202607180818,   1.009,   1.557,9999.000,9999.000,9999.000,9999.000,9999.000,9999.000,9999.000
202607180824,   0.960,   1.508,9999.000,9999.000,9999.000,9999.000,9999.000,9999.000,9999.000
202607180830,   0.910,   1.439,9999.000,9999.000,9999.000,9999.000,9999.000,9999.000,9999.000
202607180836,   0.859,   1.390,9999.000,9999.000,9999.000,9999.000,9999.000,9999.000,9999.000
202607180842,   0.808,   1.308,9999.000,9999.000,9999.000,9999.000,9999.000,9999.000,9999.000
202607180848,   0.756,   1.239,9999.000,9999.000,9999.000,9999.000,9999.000,9999.000,9999.000
202607180854,   0.703,   1.180,9999.000,9999.000,9999.000,9999.000,9999.000,9999.000,9999.000
202607180900,   0.651,   1.118,   0.600,  -0.133,   1.118,   0.500,   1.018,   0.600,   1.118
202607180906,   0.598,   1.059,9999.000,9999.000,9999.000,9999.000,9999.000,9999.000,9999.000
202607180912,   0.546,   1.010,9999.000,9999.000,9999.000,9999.000,9999.000,9999.000,9999.000
202607180918,   0.494,   0.951,9999.000,9999.000,9999.000,9999.000,9999.000,9999.000,9999.000
202607180924,   0.443,   0.888,9999.000,9999.000,9999.000,9999.000,9999.000,9999.000,9999.000
202607180930,   0.393,   0.829,9999.000,9999.000,9999.000,9999.000,9999.000,9999.000,9999.000
202607180936,   0.343,   0.770,9999.000,9999.000,9999.000,9999.000,9999.000,9999.000,9999.000
202607180942,   0.295,   0.731,9999.000,9999.000,9999.000,9999.000,9999.000,9999.000,9999.000
202607180948,   0.248,   0.688,9999.000,9999.000,9999.000,9999.000,9999.000,9999.000,9999.000
202607180954,   0.202,   0.649,9999.000,9999.000,9999.000,9999.000,9999.000,9999.000,9999.000
202607181000,   0.158,   0.600,   0.600,  -0.158,   0.600,   0.500,   0.500,   0.600,   0.600
202607181006,   0.115,   0.570,9999.000,9999.000,9999.000,9999.000,9999.000,9999.000,9999.000
202607181012,   0.074,   0.531,9999.000,9999.000,9999.000,9999.000,9999.000,9999.000,9999.000
202607181018,   0.034,   0.488,9999.000,9999.000,9999.000,9999.000,9999.000,9999.000,9999.000
202607181024,  -0.003,   0.469,9999.000,9999.000,9999.000,9999.000,9999.000,9999.000,9999.000
202607181030,  -0.039,   0.439,9999.000,9999.000,9999.000,9999.000,9999.000,9999.000,9999.000
202607181036,  -0.074,   0.419,9999.000,9999.000,9999.000,9999.000,9999.000,9999.000,9999.000
202607181042,  -0.107,   0.400,9999.000,9999.000,9999.000,9999.000,9999.000,9999.000,9999.000
202607181048,  -0.138,   0.380,9999.000,9999.000,9999.000,9999.000,9999.000,9999.000,9999.000
202607181054,  -0.168,   0.360,9999.000,9999.000,9999.000,9999.000,9999.000,9999.000,9999.000
202607181100,  -0.196,   0.350,   0.500,   0.046,   0.350,   0.500,   0.350,   0.600,   0.450
202607181106,  -0.222,   0.341,9999.000,9999.000,9999.000,9999.000,9999.000,9999.000,9999.000
202607181112,  -0.247,   0.331,9999.000,9999.000,9999.000,9999.000,9999.000,9999.000,9999.000
202607181118,  -0.270,   0.321,9999.000,9999.000,9999.000,9999.000,9999.000,9999.000,9999.000
202607181124,  -0.291,   0.308,9999.000,9999.000,9999.000,9999.000,9999.000,9999.000,9999.000
202607181130,  -0.310,   0.298,9999.000,9999.000,9999.000,9999.000,9999.000,9999.000,9999.000
202607181136,  -0.328,   0.288,9999.000,9999.000,9999.000,9999.000,9999.000,9999.000,9999.000
202607181142,  -0.344,   0.268,9999.000,9999.000,9999.000,9999.000,9999.000,9999.000,9999.000
202607181148,  -0.357,   0.259,9999.000,9999.000,9999.000,9999.000,9999.000,9999.000,9999.000
202607181154,  -0.368,   0.249,9999.000,9999.000,9999.000,9999.000,9999.000,9999.000,9999.000
202607181200,  -0.377,   0.239,   0.500,   0.116,   0.239,   0.500,   0.239,   0.500,   0.239
202607181206,  -0.384,   0.239,9999.000,9999.000,9999.000,9999.000,9999.000,9999.000,9999.000
202607181212,  -0.388,   0.229,9999.000,9999.000,9999.000,9999.000,9999.000,9999.000,9999.000
202607181218,  -0.389,   0.239,9999.000,9999.000,9999.000,9999.000,9999.000,9999.000,9999.000
202607181224,  -0.387,   0.239,9999.000,9999.000,9999.000,9999.000,9999.000,9999.000,9999.000
202607181230,  -0.382,   0.239,9999.000,9999.000,9999.000,9999.000,9999.000,9999.000,9999.000
202607181236,  -0.374,   0.239,9999.000,9999.000,9999.000,9999.000,9999.000,9999.000,9999.000
202607181242,  -0.362,   0.259,9999.000,9999.000,9999.000,9999.000,9999.000,9999.000,9999.000
202607181248,  -0.347,   0.278,9999.000,9999.000,9999.000,9999.000,9999.000,9999.000,9999.000
202607181254,  -0.328,   0.288,9999.000,9999.000,9999.000,9999.000,9999.000,9999.000,9999.000
202607181300,  -0.306,   0.298,   0.500,   0.104,   0.298,   0.500,   0.298,   0.500,   0.298
202607181306,  -0.279,   0.331,9999.000,9999.000,9999.000,9999.000,9999.000,9999.000,9999.000
202607181312,  -0.250,   0.350,9999.000,9999.000,9999.000,9999.000,9999.000,9999.000,9999.000
202607181318,  -0.216,   0.370,9999.000,9999.000,9999.000,9999.000,9999.000,9999.000,9999.000
202607181324,  -0.179,   0.400,9999.000,9999.000,9999.000,9999.000,9999.000,9999.000,9999.000
202607181330,  -0.139,   0.429,9999.000,9999.000,9999.000,9999.000,9999.000,9999.000,9999.000
202607181336,  -0.096,   0.459,9999.000,9999.000,9999.000,9999.000,9999.000,9999.000,9999.000
202607181342,  -0.050,   0.498,9999.000,9999.000,9999.000,9999.000,9999.000,9999.000,9999.000
202607181348,  -0.001,   0.551,9999.000,9999.000,9999.000,9999.000,9999.000,9999.000,9999.000
202607181354,   0.049,   0.600,9999.000,9999.000,9999.000,9999.000,9999.000,9999.000,9999.000
202607181400,   0.103,   0.659,   0.500,   0.056,   0.659,   0.500,   0.659,   0.500,   0.659
202607181406,   0.157,   0.718,9999.000,9999.000,9999.000,9999.000,9999.000,9999.000,9999.000
202607181412,   0.214,   0.800,9999.000,9999.000,9999.000,9999.000,9999.000,9999.000,9999.000
202607181418,   0.271,   0.869,9999.000,9999.000,9999.000,9999.000,9999.000,9999.000,9999.000
202607181424,   0.328,   0.951,9999.000,9999.000,9999.000,9999.000,9999.000,9999.000,9999.000
202607181430,   0.386,   1.029,9999.000,9999.000,9999.000,9999.000,9999.000,9999.000,9999.000
202607181436,   0.443,   1.118,9999.000,9999.000,9999.000,9999.000,9999.000,9999.000,9999.000
202607181442,   0.500,   1.200,9999.000,9999.000,9999.000,9999.000,9999.000,9999.000,9999.000
202607181448,   0.556,   1.289,9999.000,9999.000,9999.000,9999.000,9999.000,9999.000,9999.000
202607181454,   0.611,   1.371,9999.000,9999.000,9999.000,9999.000,9999.000,9999.000,9999.000
202607181500,   0.665,   1.430,   0.500,   0.265,   1.430,   0.500,   1.430,   0.500,   1.430
202607181506,   0.716,   1.498,9999.000,9999.000,9999.000,9999.000,9999.000,9999.000,9999.000
202607181512,   0.766,   1.580,9999.000,9999.000,9999.000,9999.000,9999.000,9999.000,9999.000
202607181518,   0.814,   1.630,9999.000,9999.000,9999.000,9999.000,9999.000,9999.000,9999.000
202607181524,   0.860,   1.689,9999.000,9999.000,9999.000,9999.000,9999.000,9999.000,9999.000
202607181530,   0.903,   1.728,9999.000,9999.000,9999.000,9999.000,9999.000,9999.000,9999.000
202607181536,   0.945,   1.781,9999.000,9999.000,9999.000,9999.000,9999.000,9999.000,9999.000
202607181542,   0.984,   1.840,9999.000,9999.000,9999.000,9999.000,9999.000,9999.000,9999.000
202607181548,   1.021,   1.879,9999.000,9999.000,9999.000,9999.000,9999.000,9999.000,9999.000
202607181554,   1.056,   1.889,9999.000,9999.000,9999.000,9999.000,9999.000,9999.000,9999.000
202607181600,   1.089,   1.928,   0.500,   0.339,   1.928,   0.500,   1.928,   0.500,   1.928
202607181606,   1.120,   1.948,9999.000,9999.000,9999.000,9999.000,9999.000,9999.000,9999.000
202607181612,   1.149,   1.981,9999.000,9999.000,9999.000,9999.000,9999.000,9999.000,9999.000
202607181618,   1.177,   1.990,9999.000,9999.000,9999.000,9999.000,9999.000,9999.000,9999.000
202607181624,   1.203,   2.010,9999.000,9999.000,9999.000,9999.000,9999.000,9999.000,9999.000
202607181630,   1.229,   2.030,9999.000,9999.000,9999.000,9999.000,9999.000,9999.000,9999.000
202607181636,   1.252,   2.040,9999.000,9999.000,9999.000,9999.000,9999.000,9999.000,9999.000
202607181642,   1.275,   2.049,9999.000,9999.000,9999.000,9999.000,9999.000,9999.000,9999.000
202607181648,   1.297,   2.059,9999.000,9999.000,9999.000,9999.000,9999.000,9999.000,9999.000
202607181654,   1.318,   2.049,9999.000,9999.000,9999.000,9999.000,9999.000,9999.000,9999.000
202607181700,   1.338,   2.079,   0.500,   0.241,   2.079,   0.500,   2.079,   0.500,   2.079
202607181706,   1.357,   2.069,9999.000,9999.000,9999.000,9999.000,9999.000,9999.000,9999.000
202607181712,   1.375,   2.079,9999.000,9999.000,9999.000,9999.000,9999.000,9999.000,9999.000
202607181718,   1.393,   2.089,9999.000,9999.000,9999.000,9999.000,9999.000,9999.000,9999.000
202607181724,   1.410,   2.089,9999.000,9999.000,9999.000,9999.000,9999.000,9999.000,9999.000
202607181730,   1.425,   2.109,9999.000,9999.000,9999.000,9999.000,9999.000,9999.000,9999.000
202607181736,   1.440,   2.109,9999.000,9999.000,9999.000,9999.000,9999.000,9999.000,9999.000
202607181742,   1.453,   2.118,9999.000,9999.000,9999.000,9999.000,9999.000,9999.000,9999.000
202607181748,   1.466,   2.118,9999.000,9999.000,9999.000,9999.000,9999.000,9999.000,9999.000
202607181754,   1.477,   2.118,9999.000,9999.000,9999.000,9999.000,9999.000,9999.000,9999.000
202607181800,   1.486,   2.109,   0.500,   0.123,   2.109,   0.500,   2.109,   0.500,   2.109
202607181806,   1.494,   2.109,9999.000,9999.000,9999.000,9999.000,9999.000,9999.000,9999.000
202607181812,   1.501,   2.109,9999.000,9999.000,9999.000,9999.000,9999.000,9999.000,9999.000
202607181818,   1.505,   2.118,9999.000,9999.000,9999.000,9999.000,9999.000,9999.000,9999.000
202607181824,   1.508,   2.109,9999.000,9999.000,9999.000,9999.000,9999.000,9999.000,9999.000
202607181830,   1.508,   2.109,9999.000,9999.000,9999.000,9999.000,9999.000,9999.000,9999.000
202607181836,   1.507,   2.118,9999.000,9999.000,9999.000,9999.000,9999.000,9999.000,9999.000
202607181842,   1.503,   2.109,9999.000,9999.000,9999.000,9999.000,9999.000,9999.000,9999.000
202607181848,   1.497,   2.118,9999.000,9999.000,9999.000,9999.000,9999.000,9999.000,9999.000
202607181854,   1.489,   2.109,9999.000,9999.000,9999.000,9999.000,9999.000,9999.000,9999.000
202607181900,   1.479,   2.099,   0.500,   0.120,   2.099,   0.500,   2.099,   0.500,   2.099
202607181906,   1.466,   2.079,9999.000,9999.000,9999.000,9999.000,9999.000,9999.000,9999.000
202607181912,   1.450,   2.069,9999.000,9999.000,9999.000,9999.000,9999.000,9999.000,9999.000
202607181918,   1.433,   2.059,9999.000,9999.000,9999.000,9999.000,9999.000,9999.000,9999.000
202607181924,   1.413,   2.030,9999.000,9999.000,9999.000,9999.000,9999.000,9999.000,9999.000
202607181930,   1.390,   2.010,9999.000,9999.000,9999.000,9999.000,9999.000,9999.000,9999.000
202607181936,   1.366,   1.981,9999.000,9999.000,9999.000,9999.000,9999.000,9999.000,9999.000
202607181942,   1.339,   1.938,9999.000,9999.000,9999.000,9999.000,9999.000,9999.000,9999.000
202607181948,   1.310,   1.908,9999.000,9999.000,9999.000,9999.000,9999.000,9999.000,9999.000
202607181954,   1.278,   1.859,9999.000,9999.000,9999.000,9999.000,9999.000,9999.000,9999.000
202607182000,   1.245,   1.820,   0.500,   0.075,   1.820,   0.500,   1.820,   0.500,   1.820
202607182006,   1.210,   1.767,9999.000,9999.000,9999.000,9999.000,9999.000,9999.000,9999.000
202607182012,   1.173,   1.718,9999.000,9999.000,9999.000,9999.000,9999.000,9999.000,9999.000
202607182018,   1.134,   1.669,9999.000,9999.000,9999.000,9999.000,9999.000,9999.000,9999.000
202607182024,   1.094,   1.610,9999.000,9999.000,9999.000,9999.000,9999.000,9999.000,9999.000
202607182030,   1.052,   1.538,9999.000,9999.000,9999.000,9999.000,9999.000,9999.000,9999.000
202607182036,   1.009,   1.489,9999.000,9999.000,9999.000,9999.000,9999.000,9999.000,9999.000
202607182042,   0.964,   1.449,9999.000,9999.000,9999.000,9999.000,9999.000,9999.000,9999.000
202607182048,   0.919,   1.390,9999.000,9999.000,9999.000,9999.000,9999.000,9999.000,9999.000
202607182054,   0.873,   1.328,9999.000,9999.000,9999.000,9999.000,9999.000,9999.000,9999.000
202607182100,   0.825,   1.269,   0.500,  -0.056,   1.269,   0.500,   1.269,   0.500,   1.269
202607182106,   0.778,   1.210,9999.000,9999.000,9999.000,9999.000,9999.000,9999.000,9999.000
202607182112,   0.730,   1.151,9999.000,9999.000,9999.000,9999.000,9999.000,9999.000,9999.000
202607182118,   0.682,   1.098,9999.000,9999.000,9999.000,9999.000,9999.000,9999.000,9999.000
202607182124,   0.633,   1.049,9999.000,9999.000,9999.000,9999.000,9999.000,9999.000,9999.000
202607182130,   0.585,   0.990,9999.000,9999.000,9999.000,9999.000,9999.000,9999.000,9999.000
202607182136,   0.538,   0.928,9999.000,9999.000,9999.000,9999.000,9999.000,9999.000,9999.000
202607182142,   0.491,   0.879,9999.000,9999.000,9999.000,9999.000,9999.000,9999.000,9999.000
202607182148,   0.444,   0.829,9999.000,9999.000,9999.000,9999.000,9999.000,9999.000,9999.000
202607182154,   0.399,   0.780,9999.000,9999.000,9999.000,9999.000,9999.000,9999.000,9999.000
202607182200,   0.354,   0.731,   0.500,  -0.123,   0.731,   0.500,   0.731,   0.500,   0.731
202607182206,   0.311,   0.688,9999.000,9999.000,9999.000,9999.000,9999.000,9999.000,9999.000
202607182212,   0.269,   0.649,9999.000,9999.000,9999.000,9999.000,9999.000,9999.000,9999.000
202607182218,   0.228,   0.600,9999.000,9999.000,9999.000,9999.000,9999.000,9999.000,9999.000
202607182224,   0.189,   0.560,9999.000,9999.000,9999.000,9999.000,9999.000,9999.000,9999.000
202607182230,   0.152,   0.541,9999.000,9999.000,9999.000,9999.000,9999.000,9999.000,9999.000
202607182236,   0.116,   0.508,9999.000,9999.000,9999.000,9999.000,9999.000,9999.000,9999.000
202607182242,   0.082,   0.469,9999.000,9999.000,9999.000,9999.000,9999.000,9999.000,9999.000
202607182248,   0.049,   0.439,9999.000,9999.000,9999.000,9999.000,9999.000,9999.000,9999.000
202607182254,   0.018,   0.409,9999.000,9999.000,9999.000,9999.000,9999.000,9999.000,9999.000
202607182300,  -0.010,   0.400,   0.500,  -0.090,   0.400,   0.500,   0.400,   0.500,   0.400
202607182306,  -0.038,   0.380,9999.000,9999.000,9999.000,9999.000,9999.000,9999.000,9999.000
202607182312,  -0.064,   0.360,9999.000,9999.000,9999.000,9999.000,9999.000,9999.000,9999.000
202607182318,  -0.088,   0.350,9999.000,9999.000,9999.000,9999.000,9999.000,9999.000,9999.000
202607182324,  -0.111,   0.331,9999.000,9999.000,9999.000,9999.000,9999.000,9999.000,9999.000
202607182330,  -0.132,   0.308,9999.000,9999.000,9999.000,9999.000,9999.000,9999.000,9999.000
202607182336,  -0.152,   0.288,9999.000,9999.000,9999.000,9999.000,9999.000,9999.000,9999.000
202607182342,  -0.170,   0.288,9999.000,9999.000,9999.000,9999.000,9999.000,9999.000,9999.000
202607182348,  -0.187,   0.278,9999.000,9999.000,9999.000,9999.000,9999.000,9999.000,9999.000
202607182354,  -0.202,   0.268,9999.000,9999.000,9999.000,9999.000,9999.000,9999.000,9999.000
202607190000,  -0.215,   0.259,   0.500,  -0.026,   0.259,   0.500,   0.259,   0.600,   0.359
202607190006,  -0.226,   0.259,9999.000,9999.000,9999.000,9999.000,9999.000,9999.000,9999.000
202607190012,  -0.236,   0.259,9999.000,9999.000,9999.000,9999.000,9999.000,9999.000,9999.000
202607190018,  -0.243,   0.249,9999.000,9999.000,9999.000,9999.000,9999.000,9999.000,9999.000
202607190024,  -0.249,   0.259,9999.000,9999.000,9999.000,9999.000,9999.000,9999.000,9999.000
202607190030,  -0.252,   0.259,9999.000,9999.000,9999.000,9999.000,9999.000,9999.000,9999.000
202607190036,  -0.253,   0.259,9999.000,9999.000,9999.000,9999.000,9999.000,9999.000,9999.000
202607190042,  -0.251,   0.259,9999.000,9999.000,9999.000,9999.000,9999.000,9999.000,9999.000
202607190048,  -0.247,   0.259,9999.000,9999.000,9999.000,9999.000,9999.000,9999.000,9999.000
202607190054,  -0.240,   0.268,9999.000,9999.000,9999.000,9999.000,9999.000,9999.000,9999.000
202607190100,  -0.229,   0.278,   0.500,   0.007,   0.278,   0.500,   0.278,   0.600,   0.378
202607190106,  -0.216,   0.298,9999.000,9999.000,9999.000,9999.000,9999.000,9999.000,9999.000
202607190112,  -0.199,   0.321,9999.000,9999.000,9999.000,9999.000,9999.000,9999.000,9999.000
202607190118,  -0.179,   0.331,9999.000,9999.000,9999.000,9999.000,9999.000,9999.000,9999.000
202607190124,  -0.156,   0.350,9999.000,9999.000,9999.000,9999.000,9999.000,9999.000,9999.000
202607190130,  -0.129,   0.380,9999.000,9999.000,9999.000,9999.000,9999.000,9999.000,9999.000
202607190136,  -0.098,   0.400,9999.000,9999.000,9999.000,9999.000,9999.000,9999.000,9999.000
202607190142,  -0.064,   0.419,9999.000,9999.000,9999.000,9999.000,9999.000,9999.000,9999.000
202607190148,  -0.027,   0.449,9999.000,9999.000,9999.000,9999.000,9999.000,9999.000,9999.000
202607190154,   0.012,   0.488,9999.000,9999.000,9999.000,9999.000,9999.000,9999.000,9999.000
202607190200,   0.055,   0.518,   0.500,  -0.037,   0.518,   0.500,   0.518,   0.600,   0.618
202607190206,   0.101,   0.570,9999.000,9999.000,9999.000,9999.000,9999.000,9999.000,9999.000
202607190212,   0.150,   0.619,9999.000,9999.000,9999.000,9999.000,9999.000,9999.000,9999.000
202607190218,   0.200,   0.678,9999.000,9999.000,9999.000,9999.000,9999.000,9999.000,9999.000
202607190224,   0.253,   0.718,9999.000,9999.000,9999.000,9999.000,9999.000,9999.000,9999.000
202607190230,   0.307,   0.790,9999.000,9999.000,9999.000,9999.000,9999.000,9999.000,9999.000
202607190236,   0.363,   0.869,9999.000,9999.000,9999.000,9999.000,9999.000,9999.000,9999.000
202607190242,   0.419,   0.928,9999.000,9999.000,9999.000,9999.000,9999.000,9999.000,9999.000
202607190248,   0.476,   1.000,9999.000,9999.000,9999.000,9999.000,9999.000,9999.000,9999.000
202607190254,   0.533,   1.079,9999.000,9999.000,9999.000,9999.000,9999.000,9999.000,9999.000
202607190300,   0.589,   1.151,   0.500,   0.062,   1.151,   0.500,   1.151,   0.600,   1.251
202607190306,   0.645,   1.220,9999.000,9999.000,9999.000,9999.000,9999.000,9999.000,9999.000
202607190312,   0.700,   1.289,9999.000,9999.000,9999.000,9999.000,9999.000,9999.000,9999.000
202607190318,   0.754,   1.348,9999.000,9999.000,9999.000,9999.000,9999.000,9999.000,9999.000
202607190324,   0.806,   1.420,9999.000,9999.000,9999.000,9999.000,9999.000,9999.000,9999.000
202607190330,   0.857,   1.479,9999.000,9999.000,9999.000,9999.000,9999.000,9999.000,9999.000
202607190336,   0.905,   1.528,9999.000,9999.000,9999.000,9999.000,9999.000,9999.000,9999.000
202607190342,   0.952,   1.580,9999.000,9999.000,9999.000,9999.000,9999.000,9999.000,9999.000
202607190348,   0.996,   1.620,9999.000,9999.000,9999.000,9999.000,9999.000,9999.000,9999.000
202607190354,   1.038,   1.679,9999.000,9999.000,9999.000,9999.000,9999.000,9999.000,9999.000
202607190400,   1.078,   1.708,   0.500,   0.130,   1.708,   0.500,   1.708,   0.600,   1.808
202607190406,   1.116,   1.748,9999.000,9999.000,9999.000,9999.000,9999.000,9999.000,9999.000
202607190412,   1.151,   1.781,9999.000,9999.000,9999.000,9999.000,9999.000,9999.000,9999.000
202607190418,   1.184,   1.810,9999.000,9999.000,9999.000,9999.000,9999.000,9999.000,9999.000
202607190424,   1.215,   1.840,9999.000,9999.000,9999.000,9999.000,9999.000,9999.000,9999.000
202607190430,   1.244,   1.859,9999.000,9999.000,9999.000,9999.000,9999.000,9999.000,9999.000
202607190436,   1.272,   1.879,9999.000,9999.000,9999.000,9999.000,9999.000,9999.000,9999.000
202607190442,   1.297,   1.908,9999.000,9999.000,9999.000,9999.000,9999.000,9999.000,9999.000
202607190448,   1.321,   1.918,9999.000,9999.000,9999.000,9999.000,9999.000,9999.000,9999.000
202607190454,   1.344,   1.938,9999.000,9999.000,9999.000,9999.000,9999.000,9999.000,9999.000
202607190500,   1.365,   1.958,   0.500,   0.093,   1.958,   0.500,   1.958,   0.600,   2.058
202607190506,   1.385,   1.967,9999.000,9999.000,9999.000,9999.000,9999.000,9999.000,9999.000
202607190512,   1.405,   1.981,9999.000,9999.000,9999.000,9999.000,9999.000,9999.000,9999.000
202607190518,   1.423,   1.990,9999.000,9999.000,9999.000,9999.000,9999.000,9999.000,9999.000
202607190524,   1.440,   2.000,9999.000,9999.000,9999.000,9999.000,9999.000,9999.000,9999.000
202607190530,   1.456,   2.010,9999.000,9999.000,9999.000,9999.000,9999.000,9999.000,9999.000
202607190536,   1.472,   2.020,9999.000,9999.000,9999.000,9999.000,9999.000,9999.000,9999.000
202607190542,   1.486,   2.020,9999.000,9999.000,9999.000,9999.000,9999.000,9999.000,9999.000
202607190548,   1.500,   2.030,9999.000,9999.000,9999.000,9999.000,9999.000,9999.000,9999.000
202607190554,   1.512,   2.030,9999.000,9999.000,9999.000,9999.000,9999.000,9999.000,9999.000
202607190600,   1.524,   2.030,   0.400,   0.106,   2.030,   0.400,   2.030,   0.500,   2.130
202607190606,   1.534,   2.030,9999.000,9999.000,9999.000,9999.000,9999.000,9999.000,9999.000
202607190612,   1.543,   2.030,9999.000,9999.000,9999.000,9999.000,9999.000,9999.000,9999.000
202607190618,   1.551,   2.040,9999.000,9999.000,9999.000,9999.000,9999.000,9999.000,9999.000
202607190624,   1.557,   2.040,9999.000,9999.000,9999.000,9999.000,9999.000,9999.000,9999.000
202607190630,   1.562,   2.040,9999.000,9999.000,9999.000,9999.000,9999.000,9999.000,9999.000
202607190636,   1.565,   2.040,9999.000,9999.000,9999.000,9999.000,9999.000,9999.000,9999.000
202607190642,   1.566,   2.040,9999.000,9999.000,9999.000,9999.000,9999.000,9999.000,9999.000
202607190648,   1.566,   2.030,9999.000,9999.000,9999.000,9999.000,9999.000,9999.000,9999.000
202607190654,   1.563,   2.030,9999.000,9999.000,9999.000,9999.000,9999.000,9999.000,9999.000
202607190700,   1.558,   2.030,   0.400,   0.072,   2.030,   0.400,   2.030,   0.500,   2.130
202607190706,   1.551,   2.020,9999.000,9999.000,9999.000,9999.000,9999.000,9999.000,9999.000
202607190712,   1.542,   2.010,9999.000,9999.000,9999.000,9999.000,9999.000,9999.000,9999.000
202607190718,   1.531,   2.000,9999.000,9999.000,9999.000,9999.000,9999.000,9999.000,9999.000
202607190724,   1.517,   1.990,9999.000,9999.000,9999.000,9999.000,9999.000,9999.000,9999.000
202607190730,   1.501,   1.967,9999.000,9999.000,9999.000,9999.000,9999.000,9999.000,9999.000
202607190736,   1.483,   1.948,9999.000,9999.000,9999.000,9999.000,9999.000,9999.000,9999.000
202607190742,   1.462,   1.928,9999.000,9999.000,9999.000,9999.000,9999.000,9999.000,9999.000
202607190748,   1.439,   1.899,9999.000,9999.000,9999.000,9999.000,9999.000,9999.000,9999.000
202607190754,   1.414,   1.869,9999.000,9999.000,9999.000,9999.000,9999.000,9999.000,9999.000
202607190800,   1.386,   1.830,   0.400,   0.044,   1.830,   0.400,   1.830,   0.500,   1.930
202607190806,   1.356,   1.800,9999.000,9999.000,9999.000,9999.000,9999.000,9999.000,9999.000
202607190812,   1.325,   1.758,9999.000,9999.000,9999.000,9999.000,9999.000,9999.000,9999.000
202607190818,   1.291,   1.718,9999.000,9999.000,9999.000,9999.000,9999.000,9999.000,9999.000
202607190824,   1.255,   1.669,9999.000,9999.000,9999.000,9999.000,9999.000,9999.000,9999.000
202607190830,   1.217,   1.610,9999.000,9999.000,9999.000,9999.000,9999.000,9999.000,9999.000
202607190836,   1.178,   1.557,9999.000,9999.000,9999.000,9999.000,9999.000,9999.000,9999.000
202607190842,   1.137,   1.498,9999.000,9999.000,9999.000,9999.000,9999.000,9999.000,9999.000
202607190848,   1.094,   1.449,9999.000,9999.000,9999.000,9999.000,9999.000,9999.000,9999.000
202607190854,   1.050,   1.390,9999.000,9999.000,9999.000,9999.000,9999.000,9999.000,9999.000
202607190900,   1.005,   1.338,   0.400,  -0.067,   1.338,   0.400,   1.338,   0.400,   1.338
202607190906,   0.958,   1.279,9999.000,9999.000,9999.000,9999.000,9999.000,9999.000,9999.000
202607190912,   0.910,   1.210,9999.000,9999.000,9999.000,9999.000,9999.000,9999.000,9999.000
202607190918,   0.862,   1.151,9999.000,9999.000,9999.000,9999.000,9999.000,9999.000,9999.000
202607190924,   0.813,   1.088,9999.000,9999.000,9999.000,9999.000,9999.000,9999.000,9999.000
202607190930,   0.763,   1.029,9999.000,9999.000,9999.000,9999.000,9999.000,9999.000,9999.000
202607190936,   0.714,   0.970,9999.000,9999.000,9999.000,9999.000,9999.000,9999.000,9999.000
202607190942,   0.664,   0.918,9999.000,9999.000,9999.000,9999.000,9999.000,9999.000,9999.000
202607190948,   0.614,   0.859,9999.000,9999.000,9999.000,9999.000,9999.000,9999.000,9999.000
202607190954,   0.564,   0.800,9999.000,9999.000,9999.000,9999.000,9999.000,9999.000,9999.000
202607191000,   0.514,   0.741,   0.400,  -0.173,   0.741,   0.400,   0.741,   0.400,   0.741
202607191006,   0.466,   0.688,9999.000,9999.000,9999.000,9999.000,9999.000,9999.000,9999.000
202607191012,   0.418,   0.639,9999.000,9999.000,9999.000,9999.000,9999.000,9999.000,9999.000
202607191018,   0.370,   0.590,9999.000,9999.000,9999.000,9999.000,9999.000,9999.000,9999.000
202607191024,   0.324,   0.541,9999.000,9999.000,9999.000,9999.000,9999.000,9999.000,9999.000
202607191030,   0.279,   0.488,9999.000,9999.000,9999.000,9999.000,9999.000,9999.000,9999.000
202607191036,   0.235,   0.449,9999.000,9999.000,9999.000,9999.000,9999.000,9999.000,9999.000
202607191042,   0.193,   0.409,9999.000,9999.000,9999.000,9999.000,9999.000,9999.000,9999.000
202607191048,   0.152,   0.370,9999.000,9999.000,9999.000,9999.000,9999.000,9999.000,9999.000
202607191054,   0.113,   0.341,9999.000,9999.000,9999.000,9999.000,9999.000,9999.000,9999.000
202607191100,   0.075,   0.298,   0.400,  -0.177,   0.298,   0.400,   0.298,   0.400,   0.298
202607191106,   0.039,   0.268,9999.000,9999.000,9999.000,9999.000,9999.000,9999.000,9999.000
202607191112,   0.004,   0.249,9999.000,9999.000,9999.000,9999.000,9999.000,9999.000,9999.000
202607191118,  -0.028,   0.229,9999.000,9999.000,9999.000,9999.000,9999.000,9999.000,9999.000
202607191124,  -0.059,   0.209,9999.000,9999.000,9999.000,9999.000,9999.000,9999.000,9999.000
202607191130,  -0.089,   0.200,9999.000,9999.000,9999.000,9999.000,9999.000,9999.000,9999.000
202607191136,  -0.117,   0.180,9999.000,9999.000,9999.000,9999.000,9999.000,9999.000,9999.000
202607191142,  -0.144,   0.160,9999.000,9999.000,9999.000,9999.000,9999.000,9999.000,9999.000
202607191148,  -0.169,   0.141,9999.000,9999.000,9999.000,9999.000,9999.000,9999.000,9999.000
202607191154,  -0.193,   0.131,9999.000,9999.000,9999.000,9999.000,9999.000,9999.000,9999.000
202607191200,  -0.215,   0.121,   0.300,   0.036,   0.121,   0.300,   0.121,   0.300,   0.121
202607191206,  -0.236,   0.111,9999.000,9999.000,9999.000,9999.000,9999.000,9999.000,9999.000
202607191212,  -0.255,   0.098,9999.000,9999.000,9999.000,9999.000,9999.000,9999.000,9999.000
202607191218,  -0.273,   0.088,9999.000,9999.000,9999.000,9999.000,9999.000,9999.000,9999.000
202607191224,  -0.289,   0.068,9999.000,9999.000,9999.000,9999.000,9999.000,9999.000,9999.000
202607191230,  -0.303,   0.059,9999.000,9999.000,9999.000,9999.000,9999.000,9999.000,9999.000
202607191236,  -0.316,   0.049,9999.000,9999.000,9999.000,9999.000,9999.000,9999.000,9999.000
202607191242,  -0.327,   0.039,9999.000,9999.000,9999.000,9999.000,9999.000,9999.000,9999.000
202607191248,  -0.335,   0.039,9999.000,9999.000,9999.000,9999.000,9999.000,9999.000,9999.000
202607191254,  -0.342,   0.029,9999.000,9999.000,9999.000,9999.000,9999.000,9999.000,9999.000
202607191300,  -0.346,   0.029,   0.300,   0.075,   0.029,   0.300,   0.029,   0.300,   0.029
202607191306,  -0.348,   0.029,9999.000,9999.000,9999.000,9999.000,9999.000,9999.000,9999.000
202607191312,  -0.347,   0.029,9999.000,9999.000,9999.000,9999.000,9999.000,9999.000,9999.000
202607191318,  -0.343,   0.029,9999.000,9999.000,9999.000,9999.000,9999.000,9999.000,9999.000
202607191324,  -0.337,   0.039,9999.000,9999.000,9999.000,9999.000,9999.000,9999.000,9999.000
202607191330,  -0.327,   0.039,9999.000,9999.000,9999.000,9999.000,9999.000,9999.000,9999.000
202607191336,  -0.314,   0.049,9999.000,9999.000,9999.000,9999.000,9999.000,9999.000,9999.000
202607191342,  -0.297,   0.059,9999.000,9999.000,9999.000,9999.000,9999.000,9999.000,9999.000
202607191348,  -0.277,   0.068,9999.000,9999.000,9999.000,9999.000,9999.000,9999.000,9999.000
202607191354,  -0.254,   0.078,9999.000,9999.000,9999.000,9999.000,9999.000,9999.000,9999.000
202607191400,  -0.227,   0.098,   0.300,   0.025,   0.098,   0.300,   0.098,   0.300,   0.098
202607191406,  -0.197,   0.131,9999.000,9999.000,9999.000,9999.000,9999.000,9999.000,9999.000
202607191412,  -0.163,   0.150,9999.000,9999.000,9999.000,9999.000,9999.000,9999.000,9999.000
202607191418,  -0.126,   0.180,9999.000,9999.000,9999.000,9999.000,9999.000,9999.000,9999.000
202607191424,  -0.086,   0.209,9999.000,9999.000,9999.000,9999.000,9999.000,9999.000,9999.000
202607191430,  -0.042,   0.259,9999.000,9999.000,9999.000,9999.000,9999.000,9999.000,9999.000
202607191436,   0.002,   0.308,9999.000,9999.000,9999.000,9999.000,9999.000,9999.000,9999.000
202607191442,   0.051,   0.360,9999.000,9999.000,9999.000,9999.000,9999.000,9999.000,9999.000
202607191448,   0.101,   0.409,9999.000,9999.000,9999.000,9999.000,9999.000,9999.000,9999.000
202607191454,   0.154,   0.469,9999.000,9999.000,9999.000,9999.000,9999.000,9999.000,9999.000
202607191500,   0.207,   0.531,   0.300,   0.024,   0.531,   0.300,   0.531,   0.300,   0.531
202607191506,   0.262,   0.590,9999.000,9999.000,9999.000,9999.000,9999.000,9999.000,9999.000
202607191512,   0.318,   0.659,9999.000,9999.000,9999.000,9999.000,9999.000,9999.000,9999.000
202607191518,   0.373,   0.731,9999.000,9999.000,9999.000,9999.000,9999.000,9999.000,9999.000
202607191524,   0.429,   0.800,9999.000,9999.000,9999.000,9999.000,9999.000,9999.000,9999.000
202607191530,   0.485,   0.879,9999.000,9999.000,9999.000,9999.000,9999.000,9999.000,9999.000
202607191536,   0.540,   0.951,9999.000,9999.000,9999.000,9999.000,9999.000,9999.000,9999.000
202607191542,   0.594,   1.029,9999.000,9999.000,9999.000,9999.000,9999.000,9999.000,9999.000
202607191548,   0.646,   1.098,9999.000,9999.000,9999.000,9999.000,9999.000,9999.000,9999.000
202607191554,   0.697,   1.180,9999.000,9999.000,9999.000,9999.000,9999.000,9999.000,9999.000
202607191600,   0.747,   1.239,   0.300,   0.192,   1.239,   0.300,   1.239,   0.300,   1.239
202607191606,   0.794,   1.308,9999.000,9999.000,9999.000,9999.000,9999.000,9999.000,9999.000
202607191612,   0.840,   1.400,9999.000,9999.000,9999.000,9999.000,9999.000,9999.000,9999.000
202607191618,   0.883,   1.459,9999.000,9999.000,9999.000,9999.000,9999.000,9999.000,9999.000
202607191624,   0.925,   1.498,9999.000,9999.000,9999.000,9999.000,9999.000,9999.000,9999.000
202607191630,   0.964,   1.548,9999.000,9999.000,9999.000,9999.000,9999.000,9999.000,9999.000
202607191636,   1.002,   1.590,9999.000,9999.000,9999.000,9999.000,9999.000,9999.000,9999.000
202607191642,   1.037,   1.620,9999.000,9999.000,9999.000,9999.000,9999.000,9999.000,9999.000
202607191648,   1.070,   1.659,9999.000,9999.000,9999.000,9999.000,9999.000,9999.000,9999.000
202607191654,   1.102,   1.699,9999.000,9999.000,9999.000,9999.000,9999.000,9999.000,9999.000
202607191700,   1.132,   1.718,   0.300,   0.286,   1.718,   0.300,   1.718,   0.400,   1.818
202607191706,   1.160,   1.748,9999.000,9999.000,9999.000,9999.000,9999.000,9999.000,9999.000
202607191712,   1.187,   1.781,9999.000,9999.000,9999.000,9999.000,9999.000,9999.000,9999.000
202607191718,   1.213,   1.810,9999.000,9999.000,9999.000,9999.000,9999.000,9999.000,9999.000
202607191724,   1.237,   1.830,9999.000,9999.000,9999.000,9999.000,9999.000,9999.000,9999.000
202607191730,   1.261,   1.840,9999.000,9999.000,9999.000,9999.000,9999.000,9999.000,9999.000
202607191736,   1.283,   1.869,9999.000,9999.000,9999.000,9999.000,9999.000,9999.000,9999.000
202607191742,   1.305,   1.869,9999.000,9999.000,9999.000,9999.000,9999.000,9999.000,9999.000
202607191748,   1.326,   1.869,9999.000,9999.000,9999.000,9999.000,9999.000,9999.000,9999.000
202607191754,   1.346,   1.879,9999.000,9999.000,9999.000,9999.000,9999.000,9999.000,9999.000
202607191800,   1.365,   1.889,   0.300,   0.224,   1.889,   0.300,   1.889,   0.300,   1.889
202607191806,   1.383,   1.889,9999.000,9999.000,9999.000,9999.000,9999.000,9999.000,9999.000
202607191812,   1.401,   1.899,9999.000,9999.000,9999.000,9999.000,9999.000,9999.000,9999.000
202607191818,   1.417,   1.908,9999.000,9999.000,9999.000,9999.000,9999.000,9999.000,9999.000
202607191824,   1.433,   1.899,9999.000,9999.000,9999.000,9999.000,9999.000,9999.000,9999.000
202607191830,   1.448,   1.899,9999.000,9999.000,9999.000,9999.000,9999.000,9999.000,9999.000
202607191836,   1.461,   1.918,9999.000,9999.000,9999.000,9999.000,9999.000,9999.000,9999.000
202607191842,   1.474,   1.908,9999.000,9999.000,9999.000,9999.000,9999.000,9999.000,9999.000
202607191848,   1.484,   1.918,9999.000,9999.000,9999.000,9999.000,9999.000,9999.000,9999.000
202607191854,   1.494,   1.928,9999.000,9999.000,9999.000,9999.000,9999.000,9999.000,9999.000
202607191900,   1.502,   1.928,   0.300,   0.126,   1.928,   0.300,   1.928,   0.300,   1.928
202607191906,   1.508,   1.928,9999.000,9999.000,9999.000,9999.000,9999.000,9999.000,9999.000
202607191912,   1.512,   1.948,9999.000,9999.000,9999.000,9999.000,9999.000,9999.000,9999.000
202607191918,   1.515,   1.948,9999.000,9999.000,9999.000,9999.000,9999.000,9999.000,9999.000
202607191924,   1.515,   1.967,9999.000,9999.000,9999.000,9999.000,9999.000,9999.000,9999.000
202607191930,   1.514,   2.059,9999.000,9999.000,9999.000,9999.000,9999.000,9999.000,9999.000
202607191936,   1.510,   2.040,9999.000,9999.000,9999.000,9999.000,9999.000,9999.000,9999.000
202607191942,   1.504,   2.010,9999.000,9999.000,9999.000,9999.000,9999.000,9999.000,9999.000
202607191948,   1.496,   2.020,9999.000,9999.000,9999.000,9999.000,9999.000,9999.000,9999.000
202607191954,   1.485,   1.948,9999.000,9999.000,9999.000,9999.000,9999.000,9999.000,9999.000
202607192000,   1.473,   1.879,   0.300,   0.106,   1.879,   0.300,   1.879,   0.300,   1.879
202607192006,   1.458,   1.958,9999.000,9999.000,9999.000,9999.000,9999.000,9999.000,9999.000
202607192012,   1.441,   1.967,9999.000,9999.000,9999.000,9999.000,9999.000,9999.000,9999.000
202607192018,   1.421,   1.899,9999.000,9999.000,9999.000,9999.000,9999.000,9999.000,9999.000
202607192024,   1.400,   1.869,9999.000,9999.000,9999.000,9999.000,9999.000,9999.000,9999.000
202607192030,   1.376,   1.820,9999.000,9999.000,9999.000,9999.000,9999.000,9999.000,9999.000
202607192036,   1.350,   1.758,9999.000,9999.000,9999.000,9999.000,9999.000,9999.000,9999.000
202607192042,   1.322,   1.728,9999.000,9999.000,9999.000,9999.000,9999.000,9999.000,9999.000
202607192048,   1.293,   1.708,9999.000,9999.000,9999.000,9999.000,9999.000,9999.000,9999.000
202607192054,   1.261,   1.669,9999.000,9999.000,9999.000,9999.000,9999.000,9999.000,9999.000
202607192100,   1.228,   1.639,   0.300,   0.111,   1.639,   0.300,   1.639,   0.300,   1.639
202607192106,   1.193,   1.590,9999.000,9999.000,9999.000,9999.000,9999.000,9999.000,9999.000
202607192112,   1.156,   1.538,9999.000,9999.000,9999.000,9999.000,9999.000,9999.000,9999.000
202607192118,   1.119,   1.528,9999.000,9999.000,9999.000,9999.000,9999.000,9999.000,9999.000
202607192124,   1.079,   1.479,9999.000,9999.000,9999.000,9999.000,9999.000,9999.000,9999.000
202607192130,   1.039,   1.430,9999.000,9999.000,9999.000,9999.000,9999.000,9999.000,9999.000
202607192136,   0.998,   1.380,9999.000,9999.000,9999.000,9999.000,9999.000,9999.000,9999.000
202607192142,   0.955,   1.318,9999.000,9999.000,9999.000,9999.000,9999.000,9999.000,9999.000
202607192148,   0.912,   1.279,9999.000,9999.000,9999.000,9999.000,9999.000,9999.000,9999.000
202607192154,   0.869,   1.220,9999.000,9999.000,9999.000,9999.000,9999.000,9999.000,9999.000
202607192200,   0.825,   1.170,   0.300,   0.045,   1.170,   0.300,   1.170,   0.300,   1.170
202607192206,   0.781,   1.108,9999.000,9999.000,9999.000,9999.000,9999.000,9999.000,9999.000
202607192212,   0.737,   1.039,9999.000,9999.000,9999.000,9999.000,9999.000,9999.000,9999.000
202607192218,   0.692,   0.990,9999.000,9999.000,9999.000,9999.000,9999.000,9999.000,9999.000
202607192224,   0.649,   0.928,9999.000,9999.000,9999.000,9999.000,9999.000,9999.000,9999.000
202607192230,   0.605,   0.888,9999.000,9999.000,9999.000,9999.000,9999.000,9999.000,9999.000
202607192236,   0.562,   0.849,9999.000,9999.000,9999.000,9999.000,9999.000,9999.000,9999.000
202607192242,   0.520,   0.800,9999.000,9999.000,9999.000,9999.000,9999.000,9999.000,9999.000
202607192248,   0.479,   0.760,9999.000,9999.000,9999.000,9999.000,9999.000,9999.000,9999.000
202607192254,   0.438,   0.770,9999.000,9999.000,9999.000,9999.000,9999.000,9999.000,9999.000
202607192300,   0.399,   0.790,   0.300,   0.091,   0.790,   0.300,   0.790,   0.400,   0.890
202607192306,   0.361,   0.741,9999.000,9999.000,9999.000,9999.000,9999.000,9999.000,9999.000
202607192312,   0.324,   0.669,9999.000,9999.000,9999.000,9999.000,9999.000,9999.000,9999.000
202607192318,   0.289,   0.659,9999.000,9999.000,9999.000,9999.000,9999.000,9999.000,9999.000
202607192324,   0.255,   0.619,9999.000,9999.000,9999.000,9999.000,9999.000,9999.000,9999.000
202607192330,   0.222,   0.639,9999.000,9999.000,9999.000,9999.000,9999.000,9999.000,9999.000
202607192336,   0.191,   0.639,9999.000,9999.000,9999.000,9999.000,9999.000,9999.000,9999.000
202607192342,   0.161,   0.580,9999.000,9999.000,9999.000,9999.000,9999.000,9999.000,9999.000
202607192348,   0.132,   0.508,9999.000,9999.000,9999.000,9999.000,9999.000,9999.000,9999.000
202607192354,   0.105,   0.429,9999.000,9999.000,9999.000,9999.000,9999.000,9999.000,9999.000
202607200000,   0.079,   0.360,   0.400,  -0.119,   0.360,   0.300,   0.260,   0.400,   0.360
202607200006,   0.054,   0.321,9999.000,9999.000,9999.000,9999.000,9999.000,9999.000,9999.000
202607200012,   0.031,   0.278,9999.000,9999.000,9999.000,9999.000,9999.000,9999.000,9999.000
202607200018,   0.009,   0.239,9999.000,9999.000,9999.000,9999.000,9999.000,9999.000,9999.000
202607200024,  -0.011,   0.219,9999.000,9999.000,9999.000,9999.000,9999.000,9999.000,9999.000
202607200030,  -0.031,   0.229,9999.000,9999.000,9999.000,9999.000,9999.000,9999.000,9999.000
202607200036,  -0.050,   0.209,9999.000,9999.000,9999.000,9999.000,9999.000,9999.000,9999.000
202607200042,  -0.067,   0.190,9999.000,9999.000,9999.000,9999.000,9999.000,9999.000,9999.000
202607200048,  -0.083,   0.180,9999.000,9999.000,9999.000,9999.000,9999.000,9999.000,9999.000
202607200054,  -0.097,   0.180,9999.000,9999.000,9999.000,9999.000,9999.000,9999.000,9999.000
202607200100,  -0.110,   0.170,   0.400,  -0.120,   0.170,   0.300,   0.070,   0.400,   0.170
202607200106,  -0.122,   0.180,9999.000,9999.000,9999.000,9999.000,9999.000,9999.000,9999.000
202607200112,  -0.131,   0.170,9999.000,9999.000,9999.000,9999.000,9999.000,9999.000,9999.000
202607200118,  -0.139,   0.170,9999.000,9999.000,9999.000,9999.000,9999.000,9999.000,9999.000
202607200124,  -0.144,   0.160,9999.000,9999.000,9999.000,9999.000,9999.000,9999.000,9999.000
202607200130,  -0.148,   0.150,9999.000,9999.000,9999.000,9999.000,9999.000,9999.000,9999.000
202607200136,  -0.149,   0.150,9999.000,9999.000,9999.000,9999.000,9999.000,9999.000,9999.000
202607200142,  -0.147,   0.141,9999.000,9999.000,9999.000,9999.000,9999.000,9999.000,9999.000
202607200148,  -0.143,   0.141,9999.000,9999.000,9999.000,9999.000,9999.000,9999.000,9999.000
202607200154,  -0.135,   0.141,9999.000,9999.000,9999.000,9999.000,9999.000,9999.000,9999.000
202607200200,  -0.125,   0.160,   0.400,  -0.115,   0.160,   0.300,   0.060,   0.400,   0.160
202607200206,  -0.111,   0.180,9999.000,9999.000,9999.000,9999.000,9999.000,9999.000,9999.000
202607200212,  -0.094,   0.209,9999.000,9999.000,9999.000,9999.000,9999.000,9999.000,9999.000
202607200218,  -0.073,   0.239,9999.000,9999.000,9999.000,9999.000,9999.000,9999.000,9999.000
202607200224,  -0.050,   0.268,9999.000,9999.000,9999.000,9999.000,9999.000,9999.000,9999.000
202607200230,  -0.022,   0.288,9999.000,9999.000,9999.000,9999.000,9999.000,9999.000,9999.000
202607200236,   0.007,   0.308,9999.000,9999.000,9999.000,9999.000,9999.000,9999.000,9999.000
202607200242,   0.041,   0.341,9999.000,9999.000,9999.000,9999.000,9999.000,9999.000,9999.000
202607200248,   0.078,   0.370,9999.000,9999.000,9999.000,9999.000,9999.000,9999.000,9999.000
202607200254,   0.118,   0.419,9999.000,9999.000,9999.000,9999.000,9999.000,9999.000,9999.000
202607200300,   0.161,   0.469,   0.400,  -0.092,   0.469,   0.300,   0.369,   0.400,   0.469
202607200306,   0.206,   0.508,9999.000,9999.000,9999.000,9999.000,9999.000,9999.000,9999.000
202607200312,   0.254,   0.560,9999.000,9999.000,9999.000,9999.000,9999.000,9999.000,9999.000
202607200318,   0.303,   0.619,9999.000,9999.000,9999.000,9999.000,9999.000,9999.000,9999.000
202607200324,   0.354,   0.688,9999.000,9999.000,9999.000,9999.000,9999.000,9999.000,9999.000
202607200330,   0.406,   0.751,9999.000,9999.000,9999.000,9999.000,9999.000,9999.000,9999.000
202607200336,   0.458,   0.810,9999.000,9999.000,9999.000,9999.000,9999.000,9999.000,9999.000
202607200342,   0.512,   0.879,9999.000,9999.000,9999.000,9999.000,9999.000,9999.000,9999.000
202607200348,   0.565,   0.951,9999.000,9999.000,9999.000,9999.000,9999.000,9999.000,9999.000
202607200354,   0.618,   1.029,9999.000,9999.000,9999.000,9999.000,9999.000,9999.000,9999.000
202607200400,   0.670,   1.098,   0.400,   0.028,   1.098,   0.300,   0.998,   0.400,   1.098
202607200406,   0.722,   1.170,9999.000,9999.000,9999.000,9999.000,9999.000,9999.000,9999.000
202607200412,   0.772,   1.229,9999.000,9999.000,9999.000,9999.000,9999.000,9999.000,9999.000
202607200418,   0.821,   1.289,9999.000,9999.000,9999.000,9999.000,9999.000,9999.000,9999.000
202607200424,   0.868,   1.348,9999.000,9999.000,9999.000,9999.000,9999.000,9999.000,9999.000
202607200430,   0.913,   1.410,9999.000,9999.000,9999.000,9999.000,9999.000,9999.000,9999.000
202607200436,   0.957,   1.459,9999.000,9999.000,9999.000,9999.000,9999.000,9999.000,9999.000
202607200442,   0.998,   1.508,9999.000,9999.000,9999.000,9999.000,9999.000,9999.000,9999.000
202607200448,   1.037,   1.557,9999.000,9999.000,9999.000,9999.000,9999.000,9999.000,9999.000
202607200454,   1.075,   1.590,9999.000,9999.000,9999.000,9999.000,9999.000,9999.000,9999.000
202607200500,   1.110,   1.630,   0.400,   0.120,   1.630,   0.300,   1.530,   0.400,   1.630
202607200506,   1.143,   1.679,9999.000,9999.000,9999.000,9999.000,9999.000,9999.000,9999.000
202607200512,   1.174,   1.708,9999.000,9999.000,9999.000,9999.000,9999.000,9999.000,9999.000
202607200518,   1.203,   1.748,9999.000,9999.000,9999.000,9999.000,9999.000,9999.000,9999.000
202607200524,   1.230,   1.767,9999.000,9999.000,9999.000,9999.000,9999.000,9999.000,9999.000
202607200530,   1.256,   1.781,9999.000,9999.000,9999.000,9999.000,9999.000,9999.000,9999.000
202607200536,   1.280,   1.810,9999.000,9999.000,9999.000,9999.000,9999.000,9999.000,9999.000
202607200542,   1.302,   1.830,9999.000,9999.000,9999.000,9999.000,9999.000,9999.000,9999.000
202607200548,   1.324,   1.840,9999.000,9999.000,9999.000,9999.000,9999.000,9999.000,9999.000
202607200554,   1.344,   1.869,9999.000,9999.000,9999.000,9999.000,9999.000,9999.000,9999.000
202607200600,   1.363,   1.869,   0.300,   0.206,   1.869,   0.300,   1.869,   0.300,   1.869
202607200606,   1.381,   1.879,9999.000,9999.000,9999.000,9999.000,9999.000,9999.000,9999.000
202607200612,   1.398,   1.899,9999.000,9999.000,9999.000,9999.000,9999.000,9999.000,9999.000
202607200618,   1.414,   1.908,9999.000,9999.000,9999.000,9999.000,9999.000,9999.000,9999.000
202607200624,   1.429,   1.908,9999.000,9999.000,9999.000,9999.000,9999.000,9999.000,9999.000
202607200630,   1.444,   1.918,9999.000,9999.000,9999.000,9999.000,9999.000,9999.000,9999.000
202607200636,   1.457,   1.938,9999.000,9999.000,9999.000,9999.000,9999.000,9999.000,9999.000
202607200642,   1.469,   1.928,9999.000,9999.000,9999.000,9999.000,9999.000,9999.000,9999.000
202607200648,   1.480,   1.938,9999.000,9999.000,9999.000,9999.000,9999.000,9999.000,9999.000
202607200654,   1.490,   1.938,9999.000,9999.000,9999.000,9999.000,9999.000,9999.000,9999.000
202607200700,   1.499,   1.938,   0.300,   0.139,   1.938,   0.300,   1.938,   0.300,   1.938
202607200706,   1.506,   1.938,9999.000,9999.000,9999.000,9999.000,9999.000,9999.000,9999.000
202607200712,   1.512,   1.938,9999.000,9999.000,9999.000,9999.000,9999.000,9999.000,9999.000
202607200718,   1.517,   1.938,9999.000,9999.000,9999.000,9999.000,9999.000,9999.000,9999.000
202607200724,   1.519,   1.938,9999.000,9999.000,9999.000,9999.000,9999.000,9999.000,9999.000
202607200730,   1.520,   1.948,9999.000,9999.000,9999.000,9999.000,9999.000,9999.000,9999.000
202607200736,   1.519,   1.938,9999.000,9999.000,9999.000,9999.000,9999.000,9999.000,9999.000
202607200742,   1.516,   1.928,9999.000,9999.000,9999.000,9999.000,9999.000,9999.000,9999.000
202607200748,   1.511,   1.928,9999.000,9999.000,9999.000,9999.000,9999.000,9999.000,9999.000
202607200754,   1.504,   1.918,9999.000,9999.000,9999.000,9999.000,9999.000,9999.000,9999.000
202607200800,   1.495,   1.908,   0.300,   0.113,   1.908,   0.300,   1.908,   0.300,   1.908
202607200806,   1.483,   1.899,9999.000,9999.000,9999.000,9999.000,9999.000,9999.000,9999.000
202607200812,   1.470,   1.889,9999.000,9999.000,9999.000,9999.000,9999.000,9999.000,9999.000
202607200818,   1.453,   1.869,9999.000,9999.000,9999.000,9999.000,9999.000,9999.000,9999.000
202607200824,   1.435,   1.849,9999.000,9999.000,9999.000,9999.000,9999.000,9999.000,9999.000
202607200830,   1.415,   1.820,9999.000,9999.000,9999.000,9999.000,9999.000,9999.000,9999.000
202607200836,   1.392,   1.800,9999.000,9999.000,9999.000,9999.000,9999.000,9999.000,9999.000
202607200842,   1.367,   1.767,9999.000,9999.000,9999.000,9999.000,9999.000,9999.000,9999.000
202607200848,   1.340,   1.738,9999.000,9999.000,9999.000,9999.000,9999.000,9999.000,9999.000
202607200854,   1.311,   1.689,9999.000,9999.000,9999.000,9999.000,9999.000,9999.000,9999.000
202607200900,   1.279,   1.649,   0.300,   0.070,   1.649,   0.300,   1.649,   0.300,   1.649
202607200906,   1.246,   1.610,9999.000,9999.000,9999.000,9999.000,9999.000,9999.000,9999.000
202607200912,   1.211,   1.557,9999.000,9999.000,9999.000,9999.000,9999.000,9999.000,9999.000
202607200918,   1.175,   1.508,9999.000,9999.000,9999.000,9999.000,9999.000,9999.000,9999.000
202607200924,   1.137,   1.449,9999.000,9999.000,9999.000,9999.000,9999.000,9999.000,9999.000
202607200930,   1.097,   1.400,9999.000,9999.000,9999.000,9999.000,9999.000,9999.000,9999.000
202607200936,   1.056,   1.338,9999.000,9999.000,9999.000,9999.000,9999.000,9999.000,9999.000
202607200942,   1.013,   1.289,9999.000,9999.000,9999.000,9999.000,9999.000,9999.000,9999.000
202607200948,   0.970,   1.239,9999.000,9999.000,9999.000,9999.000,9999.000,9999.000,9999.000
202607200954,   0.925,   1.180,9999.000,9999.000,9999.000,9999.000,9999.000,9999.000,9999.000
202607201000,   0.880,   1.108,   0.300,  -0.072,   1.108,   0.300,   1.108,   0.300,   1.108
202607201006,   0.834,   1.049,9999.000,9999.000,9999.000,9999.000,9999.000,9999.000,9999.000
202607201012,   0.787,   1.000,9999.000,9999.000,9999.000,9999.000,9999.000,9999.000,9999.000
202607201018,   0.740,   0.941,9999.000,9999.000,9999.000,9999.000,9999.000,9999.000,9999.000
202607201024,   0.693,   0.888,9999.000,9999.000,9999.000,9999.000,9999.000,9999.000,9999.000
202607201030,   0.645,   0.829,9999.000,9999.000,9999.000,9999.000,9999.000,9999.000,9999.000
202607201036,   0.598,   0.780,9999.000,9999.000,9999.000,9999.000,9999.000,9999.000,9999.000
202607201042,   0.551,   0.718,9999.000,9999.000,9999.000,9999.000,9999.000,9999.000,9999.000
202607201048,   0.505,   0.669,9999.000,9999.000,9999.000,9999.000,9999.000,9999.000,9999.000
202607201054,   0.459,   0.619,9999.000,9999.000,9999.000,9999.000,9999.000,9999.000,9999.000
202607201100,   0.414,   0.560,   0.300,  -0.154,   0.560,   0.300,   0.560,   0.300,   0.560
202607201106,   0.370,   0.518,9999.000,9999.000,9999.000,9999.000,9999.000,9999.000,9999.000
202607201112,   0.327,   0.459,9999.000,9999.000,9999.000,9999.000,9999.000,9999.000,9999.000
202607201118,   0.285,   0.419,9999.000,9999.000,9999.000,9999.000,9999.000,9999.000,9999.000
202607201124,   0.245,   0.380,9999.000,9999.000,9999.000,9999.000,9999.000,9999.000,9999.000
202607201130,   0.206,   0.350,9999.000,9999.000,9999.000,9999.000,9999.000,9999.000,9999.000
202607201136,   0.168,   0.321,9999.000,9999.000,9999.000,9999.000,9999.000,9999.000,9999.000
202607201142,   0.132,   0.278,9999.000,9999.000,9999.000,9999.000,9999.000,9999.000,9999.000
202607201148,   0.097,   0.249,9999.000,9999.000,9999.000,9999.000,9999.000,9999.000,9999.000
202607201154,   0.064,   0.219,9999.000,9999.000,9999.000,9999.000,9999.000,9999.000,9999.000
202607201200,   0.032,   0.200,   0.200,  -0.032,   0.200,   0.200,   0.200,   0.300,   0.300
202607201206,   0.002,   0.180,9999.000,9999.000,9999.000,9999.000,9999.000,9999.000,9999.000
202607201212,  -0.025,   0.180,9999.000,9999.000,9999.000,9999.000,9999.000,9999.000,9999.000
202607201218,  -0.053,   0.111,9999.000,9999.000,9999.000,9999.000,9999.000,9999.000,9999.000
202607201224,  -0.078,   0.098,9999.000,9999.000,9999.000,9999.000,9999.000,9999.000,9999.000
202607201230,  -0.102,   0.078,9999.000,9999.000,9999.000,9999.000,9999.000,9999.000,9999.000
202607201236,  -0.125,   0.068,9999.000,9999.000,9999.000,9999.000,9999.000,9999.000,9999.000
202607201242,  -0.147,   0.039,9999.000,9999.000,9999.000,9999.000,9999.000,9999.000,9999.000
202607201248,  -0.167,   0.029,9999.000,9999.000,9999.000,9999.000,9999.000,9999.000,9999.000
202607201254,  -0.186,   0.009,9999.000,9999.000,9999.000,9999.000,9999.000,9999.000,9999.000
202607201300,  -0.204,  -0.009,   0.200,  -0.005,  -0.009,   0.200,  -0.009,   0.300,   0.091
202607201306,  -0.220,  -0.019,9999.000,9999.000,9999.000,9999.000,9999.000,9999.000,9999.000
202607201312,  -0.235,  -0.029,9999.000,9999.000,9999.000,9999.000,9999.000,9999.000,9999.000
202607201318,  -0.248,  -0.039,9999.000,9999.000,9999.000,9999.000,9999.000,9999.000,9999.000
202607201324,  -0.260,  -0.039,9999.000,9999.000,9999.000,9999.000,9999.000,9999.000,9999.000
202607201330,  -0.271,  -0.039,9999.000,9999.000,9999.000,9999.000,9999.000,9999.000,9999.000
202607201336,  -0.279,  -0.049,9999.000,9999.000,9999.000,9999.000,9999.000,9999.000,9999.000
202607201342,  -0.286,  -0.059,9999.000,9999.000,9999.000,9999.000,9999.000,9999.000,9999.000
202607201348,  -0.291,  -0.049,9999.000,9999.000,9999.000,9999.000,9999.000,9999.000,9999.000
202607201354,  -0.293,  -0.059,9999.000,9999.000,9999.000,9999.000,9999.000,9999.000,9999.000
202607201400,  -0.293,  -0.049,   0.200,   0.044,  -0.049,   0.200,  -0.049,   0.300,   0.051
202607201406,  -0.291,  -0.049,9999.000,9999.000,9999.000,9999.000,9999.000,9999.000,9999.000
202607201412,  -0.286,  -0.039,9999.000,9999.000,9999.000,9999.000,9999.000,9999.000,9999.000
202607201418,  -0.277,  -0.019,9999.000,9999.000,9999.000,9999.000,9999.000,9999.000,9999.000
202607201424,  -0.266,   0.000,9999.000,9999.000,9999.000,9999.000,9999.000,9999.000,9999.000
202607201430,  -0.252,   0.000,9999.000,9999.000,9999.000,9999.000,9999.000,9999.000,9999.000
202607201436,  -0.234,   0.009,9999.000,9999.000,9999.000,9999.000,9999.000,9999.000,9999.000
202607201442,  -0.213,   0.029,9999.000,9999.000,9999.000,9999.000,9999.000,9999.000,9999.000
202607201448,  -0.189,   0.039,9999.000,9999.000,9999.000,9999.000,9999.000,9999.000,9999.000
202607201454,  -0.161,   0.068,9999.000,9999.000,9999.000,9999.000,9999.000,9999.000,9999.000
202607201500,  -0.130,   0.111,   0.200,   0.041,   0.111,   0.200,   0.111,   0.300,   0.211
202607201506,  -0.096,   0.150,9999.000,9999.000,9999.000,9999.000,9999.000,9999.000,9999.000
202607201512,  -0.059,   0.200,9999.000,9999.000,9999.000,9999.000,9999.000,9999.000,9999.000
202607201518,  -0.018,   0.229,9999.000,9999.000,9999.000,9999.000,9999.000,9999.000,9999.000
202607201524,   0.024,   0.278,9999.000,9999.000,9999.000,9999.000,9999.000,9999.000,9999.000
202607201530,   0.070,   0.341,9999.000,9999.000,9999.000,9999.000,9999.000,9999.000,9999.000
202607201536,   0.118,   0.390,9999.000,9999.000,9999.000,9999.000,9999.000,9999.000,9999.000
202607201542,   0.167,   0.459,9999.000,9999.000,9999.000,9999.000,9999.000,9999.000,9999.000
202607201548,   0.219,   0.518,9999.000,9999.000,9999.000,9999.000,9999.000,9999.000,9999.000
202607201554,   0.272,   0.600,9999.000,9999.000,9999.000,9999.000,9999.000,9999.000,9999.000
202607201600,   0.325,   0.659,   0.200,   0.134,   0.659,   0.200,   0.659,   0.300,   0.759
202607201606,   0.379,   0.731,9999.000,9999.000,9999.000,9999.000,9999.000,9999.000,9999.000
202607201612,   0.433,   0.810,9999.000,9999.000,9999.000,9999.000,9999.000,9999.000,9999.000
202607201618,   0.488,   0.888,9999.000,9999.000,9999.000,9999.000,9999.000,9999.000,9999.000
202607201624,   0.541,   0.951,9999.000,9999.000,9999.000,9999.000,9999.000,9999.000,9999.000
202607201630,   0.594,   1.020,9999.000,9999.000,9999.000,9999.000,9999.000,9999.000,9999.000
202607201636,   0.645,   1.098,9999.000,9999.000,9999.000,9999.000,9999.000,9999.000,9999.000
202607201642,   0.696,   1.180,9999.000,9999.000,9999.000,9999.000,9999.000,9999.000,9999.000
202607201648,   0.744,   1.229,9999.000,9999.000,9999.000,9999.000,9999.000,9999.000,9999.000
202607201654,   0.791,   1.298,9999.000,9999.000,9999.000,9999.000,9999.000,9999.000,9999.000
202607201700,   0.837,   1.338,   0.200,   0.301,   1.338,   0.200,   1.338,   0.300,   1.438
202607201706,   0.880,   1.400,9999.000,9999.000,9999.000,9999.000,9999.000,9999.000,9999.000
202607201712,   0.921,   1.449,9999.000,9999.000,9999.000,9999.000,9999.000,9999.000,9999.000
202607201718,   0.960,   1.489,9999.000,9999.000,9999.000,9999.000,9999.000,9999.000,9999.000
202607201724,   0.997,   1.528,9999.000,9999.000,9999.000,9999.000,9999.000,9999.000,9999.000
202607201730,   1.032,   1.557,9999.000,9999.000,9999.000,9999.000,9999.000,9999.000,9999.000
202607201736,   1.066,   1.600,9999.000,9999.000,9999.000,9999.000,9999.000,9999.000,9999.000
202607201742,   1.097,   1.630,9999.000,9999.000,9999.000,9999.000,9999.000,9999.000,9999.000
202607201748,   1.127,   1.649,9999.000,9999.000,9999.000,9999.000,9999.000,9999.000,9999.000
202607201754,   1.155,   1.689,9999.000,9999.000,9999.000,9999.000,9999.000,9999.000,9999.000
202607201800,   1.182,   1.689,   0.200,   0.307,   1.689,   0.200,   1.689,   0.300,   1.789
202607201806,   1.208,   1.728,9999.000,9999.000,9999.000,9999.000,9999.000,9999.000,9999.000
202607201812,   1.232,   1.738,9999.000,9999.000,9999.000,9999.000,9999.000,9999.000,9999.000
202607201818,   1.255,   1.758,9999.000,9999.000,9999.000,9999.000,9999.000,9999.000,9999.000
202607201824,   1.278,   1.781,9999.000,9999.000,9999.000,9999.000,9999.000,9999.000,9999.000
202607201830,   1.299,   1.800,9999.000,9999.000,9999.000,9999.000,9999.000,9999.000,9999.000
202607201836,   1.320,   1.820,9999.000,9999.000,9999.000,9999.000,9999.000,9999.000,9999.000
202607201842,   1.340,   1.830,9999.000,9999.000,9999.000,9999.000,9999.000,9999.000,9999.000
202607201848,   1.359,   1.840,9999.000,9999.000,9999.000,9999.000,9999.000,9999.000,9999.000
202607201854,   1.378,   1.859,9999.000,9999.000,9999.000,9999.000,9999.000,9999.000,9999.000
202607201900,   1.396,   1.869,   0.300,   0.173,   1.869,   0.200,   1.769,   0.300,   1.869
202607201906,   1.413,   1.879,9999.000,9999.000,9999.000,9999.000,9999.000,9999.000,9999.000
202607201912,   1.429,   1.889,9999.000,9999.000,9999.000,9999.000,9999.000,9999.000,9999.000
202607201918,   1.444,   1.879,9999.000,9999.000,9999.000,9999.000,9999.000,9999.000,9999.000
202607201924,   1.458,   1.899,9999.000,9999.000,9999.000,9999.000,9999.000,9999.000,9999.000
202607201930,   1.471,   1.967,9999.000,9999.000,9999.000,9999.000,9999.000,9999.000,9999.000
202607201936,   1.483,   1.948,9999.000,9999.000,9999.000,9999.000,9999.000,9999.000,9999.000
202607201942,   1.494,   1.938,9999.000,9999.000,9999.000,9999.000,9999.000,9999.000,9999.000
202607201948,   1.503,   1.958,9999.000,9999.000,9999.000,9999.000,9999.000,9999.000,9999.000
202607201954,   1.511,   1.958,9999.000,9999.000,9999.000,9999.000,9999.000,9999.000,9999.000
202607202000,   1.517,   1.981,   0.300,   0.164,   1.981,   0.200,   1.881,   0.300,   1.981
202607202006,   1.521,   2.049,9999.000,9999.000,9999.000,9999.000,9999.000,9999.000,9999.000
202607202012,   1.523,   2.079,9999.000,9999.000,9999.000,9999.000,9999.000,9999.000,9999.000
202607202018,   1.523,   2.069,9999.000,9999.000,9999.000,9999.000,9999.000,9999.000,9999.000
202607202024,   1.522,   2.049,9999.000,9999.000,9999.000,9999.000,9999.000,9999.000,9999.000
202607202030,   1.518,   2.059,9999.000,9999.000,9999.000,9999.000,9999.000,9999.000,9999.000
202607202036,   1.513,   2.030,9999.000,9999.000,9999.000,9999.000,9999.000,9999.000,9999.000
202607202042,   1.505,   2.000,9999.000,9999.000,9999.000,9999.000,9999.000,9999.000,9999.000
202607202048,   1.495,   1.990,9999.000,9999.000,9999.000,9999.000,9999.000,9999.000,9999.000
202607202054,   1.483,   1.981,9999.000,9999.000,9999.000,9999.000,9999.000,9999.000,9999.000
202607202100,   1.469,   2.000,   0.300,   0.231,   2.000,   0.200,   1.900,   0.300,   2.000
202607202106,   1.453,   1.981,9999.000,9999.000,9999.000,9999.000,9999.000,9999.000,9999.000
202607202112,   1.435,   1.948,9999.000,9999.000,9999.000,9999.000,9999.000,9999.000,9999.000
202607202118,   1.414,   1.918,9999.000,9999.000,9999.000,9999.000,9999.000,9999.000,9999.000
202607202124,   1.392,   1.899,9999.000,9999.000,9999.000,9999.000,9999.000,9999.000,9999.000
202607202130,   1.368,   1.859,9999.000,9999.000,9999.000,9999.000,9999.000,9999.000,9999.000
202607202136,   1.342,   1.820,9999.000,9999.000,9999.000,9999.000,9999.000,9999.000,9999.000
202607202142,   1.315,   1.758,9999.000,9999.000,9999.000,9999.000,9999.000,9999.000,9999.000
202607202148,   1.285,   1.728,9999.000,9999.000,9999.000,9999.000,9999.000,9999.000,9999.000
202607202154,   1.254,   1.708,9999.000,9999.000,9999.000,9999.000,9999.000,9999.000,9999.000
202607202200,   1.222,   1.689,   0.300,   0.167,   1.689,   0.200,   1.589,   0.300,   1.689
202607202206,   1.188,   1.649,9999.000,9999.000,9999.000,9999.000,9999.000,9999.000,9999.000
202607202212,   1.153,   1.590,9999.000,9999.000,9999.000,9999.000,9999.000,9999.000,9999.000
202607202218,   1.117,   1.518,9999.000,9999.000,9999.000,9999.000,9999.000,9999.000,9999.000
202607202224,   1.080,   1.449,9999.000,9999.000,9999.000,9999.000,9999.000,9999.000,9999.000
202607202230,   1.042,   1.390,9999.000,9999.000,9999.000,9999.000,9999.000,9999.000,9999.000
202607202236,   1.003,   1.348,9999.000,9999.000,9999.000,9999.000,9999.000,9999.000,9999.000
202607202242,   0.963,   1.308,9999.000,9999.000,9999.000,9999.000,9999.000,9999.000,9999.000
202607202248,   0.923,   1.249,9999.000,9999.000,9999.000,9999.000,9999.000,9999.000,9999.000
202607202254,   0.883,   1.180,9999.000,9999.000,9999.000,9999.000,9999.000,9999.000,9999.000
202607202300,   0.842,   1.108,   0.300,  -0.034,   1.108,   0.300,   1.108,   0.300,   1.108
202607202306,   0.801,   1.059,9999.000,9999.000,9999.000,9999.000,9999.000,9999.000,9999.000
202607202312,   0.761,   1.010,9999.000,9999.000,9999.000,9999.000,9999.000,9999.000,9999.000
202607202318,   0.721,   0.961,9999.000,9999.000,9999.000,9999.000,9999.000,9999.000,9999.000
202607202324,   0.681,   0.898,9999.000,9999.000,9999.000,9999.000,9999.000,9999.000,9999.000
202607202330,   0.642,   0.849,9999.000,9999.000,9999.000,9999.000,9999.000,9999.000,9999.000
202607202336,   0.603,   0.800,9999.000,9999.000,9999.000,9999.000,9999.000,9999.000,9999.000
202607202342,   0.565,   0.760,9999.000,9999.000,9999.000,9999.000,9999.000,9999.000,9999.000
202607202348,   0.528,   0.698,9999.000,9999.000,9999.000,9999.000,9999.000,9999.000,9999.000
202607202354,   0.492,   0.649,9999.000,9999.000,9999.000,9999.000,9999.000,9999.000,9999.000
202607210000,   0.457,   0.590,   0.400,  -0.267,   0.590,   0.300,   0.490,   0.400,   0.590
202607210006,   0.423,   0.531,9999.000,9999.000,9999.000,9999.000,9999.000,9999.000,9999.000
202607210012,   0.390,   0.498,9999.000,9999.000,9999.000,9999.000,9999.000,9999.000,9999.000
202607210018,   0.358,   0.459,9999.000,9999.000,9999.000,9999.000,9999.000,9999.000,9999.000
202607210024,   0.327,   0.419,9999.000,9999.000,9999.000,9999.000,9999.000,9999.000,9999.000
202607210030,   0.297,   0.380,9999.000,9999.000,9999.000,9999.000,9999.000,9999.000,9999.000
202607210036,   0.269,   0.350,9999.000,9999.000,9999.000,9999.000,9999.000,9999.000,9999.000
202607210042,   0.241,   0.321,9999.000,9999.000,9999.000,9999.000,9999.000,9999.000,9999.000
202607210048,   0.215,   0.298,9999.000,9999.000,9999.000,9999.000,9999.000,9999.000,9999.000
202607210054,   0.190,   0.268,9999.000,9999.000,9999.000,9999.000,9999.000,9999.000,9999.000
202607210100,   0.165,   0.249,   0.300,  -0.216,   0.249,   0.300,   0.249,   0.400,   0.349
202607210106,   0.142,   0.229,9999.000,9999.000,9999.000,9999.000,9999.000,9999.000,9999.000
202607210112,   0.119,   0.219,9999.000,9999.000,9999.000,9999.000,9999.000,9999.000,9999.000
202607210118,   0.097,   0.190,9999.000,9999.000,9999.000,9999.000,9999.000,9999.000,9999.000
202607210124,   0.077,   0.190,9999.000,9999.000,9999.000,9999.000,9999.000,9999.000,9999.000
202607210130,   0.057,   0.180,9999.000,9999.000,9999.000,9999.000,9999.000,9999.000,9999.000
202607210136,   0.038,   0.150,9999.000,9999.000,9999.000,9999.000,9999.000,9999.000,9999.000
202607210142,   0.021,   0.150,9999.000,9999.000,9999.000,9999.000,9999.000,9999.000,9999.000
202607210148,   0.005,   0.131,9999.000,9999.000,9999.000,9999.000,9999.000,9999.000,9999.000
202607210154,  -0.009,   0.121,9999.000,9999.000,9999.000,9999.000,9999.000,9999.000,9999.000
202607210200,  -0.023,   0.098,   0.300,  -0.179,   0.098,   0.300,   0.098,   0.400,   0.198
202607210206,  -0.035,   0.098,9999.000,9999.000,9999.000,9999.000,9999.000,9999.000,9999.000
202607210212,  -0.045,   0.111,9999.000,9999.000,9999.000,9999.000,9999.000,9999.000,9999.000
202607210218,  -0.053,   0.111,9999.000,9999.000,9999.000,9999.000,9999.000,9999.000,9999.000
202607210224,  -0.058,   0.111,9999.000,9999.000,9999.000,9999.000,9999.000,9999.000,9999.000
202607210230,  -0.062,   0.121,9999.000,9999.000,9999.000,9999.000,9999.000,9999.000,9999.000
202607210236,  -0.062,   0.131,9999.000,9999.000,9999.000,9999.000,9999.000,9999.000,9999.000
202607210242,  -0.060,   0.131,9999.000,9999.000,9999.000,9999.000,9999.000,9999.000,9999.000
202607210248,  -0.055,   0.141,9999.000,9999.000,9999.000,9999.000,9999.000,9999.000,9999.000
202607210254,  -0.047,   0.150,9999.000,9999.000,9999.000,9999.000,9999.000,9999.000,9999.000
202607210300,  -0.036,   0.160,   0.300,  -0.104,   0.160,   0.300,   0.160,   0.400,   0.260
202607210306,  -0.021,   0.180,9999.000,9999.000,9999.000,9999.000,9999.000,9999.000,9999.000
202607210312,  -0.003,   0.200,9999.000,9999.000,9999.000,9999.000,9999.000,9999.000,9999.000
202607210318,   0.018,   0.219,9999.000,9999.000,9999.000,9999.000,9999.000,9999.000,9999.000
202607210324,   0.043,   0.249,9999.000,9999.000,9999.000,9999.000,9999.000,9999.000,9999.000
202607210330,   0.071,   0.268,9999.000,9999.000,9999.000,9999.000,9999.000,9999.000,9999.000
202607210336,   0.103,   0.298,9999.000,9999.000,9999.000,9999.000,9999.000,9999.000,9999.000
202607210342,   0.137,   0.341,9999.000,9999.000,9999.000,9999.000,9999.000,9999.000,9999.000
202607210348,   0.175,   0.370,9999.000,9999.000,9999.000,9999.000,9999.000,9999.000,9999.000
202607210354,   0.215,   0.409,9999.000,9999.000,9999.000,9999.000,9999.000,9999.000,9999.000
202607210400,   0.258,   0.449,   0.300,  -0.109,   0.449,   0.300,   0.449,   0.400,   0.549
202607210406,   0.303,   0.498,9999.000,9999.000,9999.000,9999.000,9999.000,9999.000,9999.000
202607210412,   0.350,   0.551,9999.000,9999.000,9999.000,9999.000,9999.000,9999.000,9999.000
202607210418,   0.398,   0.610,9999.000,9999.000,9999.000,9999.000,9999.000,9999.000,9999.000
202607210424,   0.447,   0.669,9999.000,9999.000,9999.000,9999.000,9999.000,9999.000,9999.000
202607210430,   0.497,   0.731,9999.000,9999.000,9999.000,9999.000,9999.000,9999.000,9999.000
202607210436,   0.548,   0.790,9999.000,9999.000,9999.000,9999.000,9999.000,9999.000,9999.000
202607210442,   0.598,   0.859,9999.000,9999.000,9999.000,9999.000,9999.000,9999.000,9999.000
202607210448,   0.648,   0.908,9999.000,9999.000,9999.000,9999.000,9999.000,9999.000,9999.000
202607210454,   0.698,   0.980,9999.000,9999.000,9999.000,9999.000,9999.000,9999.000,9999.000
202607210500,   0.746,   1.059,   0.300,   0.013,   1.059,   0.300,   1.059,   0.400,   1.159
202607210506,   0.794,   1.108,9999.000,9999.000,9999.000,9999.000,9999.000,9999.000,9999.000
202607210512,   0.840,   1.180,9999.000,9999.000,9999.000,9999.000,9999.000,9999.000,9999.000
202607210518,   0.884,   1.239,9999.000,9999.000,9999.000,9999.000,9999.000,9999.000,9999.000
202607210524,   0.926,   1.298,9999.000,9999.000,9999.000,9999.000,9999.000,9999.000,9999.000
202607210530,   0.967,   1.338,9999.000,9999.000,9999.000,9999.000,9999.000,9999.000,9999.000
202607210536,   1.006,   1.400,9999.000,9999.000,9999.000,9999.000,9999.000,9999.000,9999.000
202607210542,   1.043,   1.449,9999.000,9999.000,9999.000,9999.000,9999.000,9999.000,9999.000
202607210548,   1.077,   1.489,9999.000,9999.000,9999.000,9999.000,9999.000,9999.000,9999.000
202607210554,   1.110,   1.528,9999.000,9999.000,9999.000,9999.000,9999.000,9999.000,9999.000
202607210600,   1.141,   1.580,   0.300,   0.139,   1.580,   0.300,   1.580,   0.300,   1.580
202607210606,   1.170,   1.610,9999.000,9999.000,9999.000,9999.000,9999.000,9999.000,9999.000
202607210612,   1.197,   1.639,9999.000,9999.000,9999.000,9999.000,9999.000,9999.000,9999.000
202607210618,   1.222,   1.669,9999.000,9999.000,9999.000,9999.000,9999.000,9999.000,9999.000
202607210624,   1.246,   1.689,9999.000,9999.000,9999.000,9999.000,9999.000,9999.000,9999.000
202607210630,   1.269,   1.708,9999.000,9999.000,9999.000,9999.000,9999.000,9999.000,9999.000
202607210636,   1.290,   1.738,9999.000,9999.000,9999.000,9999.000,9999.000,9999.000,9999.000
202607210642,   1.310,   1.748,9999.000,9999.000,9999.000,9999.000,9999.000,9999.000,9999.000
202607210648,   1.329,   1.758,9999.000,9999.000,9999.000,9999.000,9999.000,9999.000,9999.000
202607210654,   1.347,   1.767,9999.000,9999.000,9999.000,9999.000,9999.000,9999.000,9999.000
202607210700,   1.364,   1.790,   0.300,   0.126,   1.790,   0.300,   1.790,   0.300,   1.790
202607210706,   1.380,   1.800,9999.000,9999.000,9999.000,9999.000,9999.000,9999.000,9999.000
202607210712,   1.395,   1.800,9999.000,9999.000,9999.000,9999.000,9999.000,9999.000,9999.000
202607210718,   1.409,   1.810,9999.000,9999.000,9999.000,9999.000,9999.000,9999.000,9999.000
202607210724,   1.422,   1.820,9999.000,9999.000,9999.000,9999.000,9999.000,9999.000,9999.000
202607210730,   1.434,   1.830,9999.000,9999.000,9999.000,9999.000,9999.000,9999.000,9999.000
202607210736,   1.445,   1.840,9999.000,9999.000,9999.000,9999.000,9999.000,9999.000,9999.000
202607210742,   1.455,   1.840,9999.000,9999.000,9999.000,9999.000,9999.000,9999.000,9999.000
202607210748,   1.464,   1.840,9999.000,9999.000,9999.000,9999.000,9999.000,9999.000,9999.000
202607210754,   1.471,   1.849,9999.000,9999.000,9999.000,9999.000,9999.000,9999.000,9999.000
202607210800,   1.477,   1.849,   0.300,   0.072,   1.849,   0.300,   1.849,   0.300,   1.849
202607210806,   1.481,   1.840,9999.000,9999.000,9999.000,9999.000,9999.000,9999.000,9999.000
202607210812,   1.484,   1.830,9999.000,9999.000,9999.000,9999.000,9999.000,9999.000,9999.000
202607210818,   1.485,   1.830,9999.000,9999.000,9999.000,9999.000,9999.000,9999.000,9999.000
202607210824,   1.485,   1.830,9999.000,9999.000,9999.000,9999.000,9999.000,9999.000,9999.000
202607210830,   1.482,   1.820,9999.000,9999.000,9999.000,9999.000,9999.000,9999.000,9999.000
202607210836,   1.477,   1.820,9999.000,9999.000,9999.000,9999.000,9999.000,9999.000,9999.000
202607210842,   1.470,   1.810,9999.000,9999.000,9999.000,9999.000,9999.000,9999.000,9999.000
202607210848,   1.462,   1.800,9999.000,9999.000,9999.000,9999.000,9999.000,9999.000,9999.000
202607210854,   1.450,   1.781,9999.000,9999.000,9999.000,9999.000,9999.000,9999.000,9999.000
202607210900,   1.437,   1.767,   0.300,   0.030,   1.767,   0.300,   1.767,   0.300,   1.767
202607210906,   1.422,   1.748,9999.000,9999.000,9999.000,9999.000,9999.000,9999.000,9999.000
202607210912,   1.404,   1.738,9999.000,9999.000,9999.000,9999.000,9999.000,9999.000,9999.000
202607210918,   1.384,   1.718,9999.000,9999.000,9999.000,9999.000,9999.000,9999.000,9999.000
202607210924,   1.363,   1.699,9999.000,9999.000,9999.000,9999.000,9999.000,9999.000,9999.000
202607210930,   1.339,   1.669,9999.000,9999.000,9999.000,9999.000,9999.000,9999.000,9999.000
202607210936,   1.312,   1.639,9999.000,9999.000,9999.000,9999.000,9999.000,9999.000,9999.000
202607210942,   1.284,   1.600,9999.000,9999.000,9999.000,9999.000,9999.000,9999.000,9999.000
202607210948,   1.255,   1.557,9999.000,9999.000,9999.000,9999.000,9999.000,9999.000,9999.000
202607210954,   1.223,   1.528,9999.000,9999.000,9999.000,9999.000,9999.000,9999.000,9999.000
202607211000,   1.189,   1.498,   0.300,   0.009,   1.498,   0.300,   1.498,   0.300,   1.498
202607211006,   1.154,   1.459,9999.000,9999.000,9999.000,9999.000,9999.000,9999.000,9999.000
202607211012,   1.117,   1.420,9999.000,9999.000,9999.000,9999.000,9999.000,9999.000,9999.000
202607211018,   1.079,   1.371,9999.000,9999.000,9999.000,9999.000,9999.000,9999.000,9999.000
202607211024,   1.040,   1.318,9999.000,9999.000,9999.000,9999.000,9999.000,9999.000,9999.000
202607211030,   0.999,   1.269,9999.000,9999.000,9999.000,9999.000,9999.000,9999.000,9999.000
202607211036,   0.958,   1.220,9999.000,9999.000,9999.000,9999.000,9999.000,9999.000,9999.000
202607211042,   0.915,   1.161,9999.000,9999.000,9999.000,9999.000,9999.000,9999.000,9999.000
202607211048,   0.872,   1.098,9999.000,9999.000,9999.000,9999.000,9999.000,9999.000,9999.000
202607211054,   0.828,   1.049,9999.000,9999.000,9999.000,9999.000,9999.000,9999.000,9999.000
202607211100,   0.783,   0.990,   0.300,  -0.093,   0.990,   0.300,   0.990,   0.300,   0.990
202607211106,   0.738,   0.941,9999.000,9999.000,9999.000,9999.000,9999.000,9999.000,9999.000
202607211112,   0.693,   0.879,9999.000,9999.000,9999.000,9999.000,9999.000,9999.000,9999.000
202607211118,   0.649,   0.829,9999.000,9999.000,9999.000,9999.000,9999.000,9999.000,9999.000
202607211124,   0.604,   0.770,9999.000,9999.000,9999.000,9999.000,9999.000,9999.000,9999.000
202607211130,   0.559,   0.718,9999.000,9999.000,9999.000,9999.000,9999.000,9999.000,9999.000
202607211136,   0.515,   0.659,9999.000,9999.000,9999.000,9999.000,9999.000,9999.000,9999.000
202607211142,   0.472,   0.610,9999.000,9999.000,9999.000,9999.000,9999.000,9999.000,9999.000
202607211148,   0.429,   0.560,9999.000,9999.000,9999.000,9999.000,9999.000,9999.000,9999.000
202607211154,   0.388,   0.518,9999.000,9999.000,9999.000,9999.000,9999.000,9999.000,9999.000
202607211200,   0.347,   0.518,   0.300,  -0.129,   0.518,   0.300,   0.518,   0.300,   0.518
202607211206,   0.308,9999.000,9999.000,9999.000,9999.000,9999.000,9999.000,9999.000,9999.000
202607211212,   0.269,9999.000,9999.000,9999.000,9999.000,9999.000,9999.000,9999.000,9999.000
202607211218,   0.233,9999.000,9999.000,9999.000,9999.000,9999.000,9999.000,9999.000,9999.000
202607211224,   0.197,9999.000,9999.000,9999.000,9999.000,9999.000,9999.000,9999.000,9999.000
202607211230,   0.163,9999.000,9999.000,9999.000,9999.000,9999.000,9999.000,9999.000,9999.000
202607211236,   0.131,9999.000,9999.000,9999.000,9999.000,9999.000,9999.000,9999.000,9999.000
202607211242,   0.100,9999.000,9999.000,9999.000,9999.000,9999.000,9999.000,9999.000,9999.000
202607211248,   0.070,9999.000,9999.000,9999.000,9999.000,9999.000,9999.000,9999.000,9999.000
202607211254,   0.042,9999.000,9999.000,9999.000,9999.000,9999.000,9999.000,9999.000,9999.000
202607211300,   0.016,9999.000,   0.300,  -0.112,   0.204,   0.300,   0.204,   0.300,   0.204
202607211306,  -0.008,9999.000,9999.000,9999.000,9999.000,9999.000,9999.000,9999.000,9999.000
202607211312,  -0.032,9999.000,9999.000,9999.000,9999.000,9999.000,9999.000,9999.000,9999.000
202607211318,  -0.054,9999.000,9999.000,9999.000,9999.000,9999.000,9999.000,9999.000,9999.000
202607211324,  -0.076,9999.000,9999.000,9999.000,9999.000,9999.000,9999.000,9999.000,9999.000
202607211330,  -0.095,9999.000,9999.000,9999.000,9999.000,9999.000,9999.000,9999.000,9999.000
202607211336,  -0.114,9999.000,9999.000,9999.000,9999.000,9999.000,9999.000,9999.000,9999.000
202607211342,  -0.132,9999.000,9999.000,9999.000,9999.000,9999.000,9999.000,9999.000,9999.000
202607211348,  -0.148,9999.000,9999.000,9999.000,9999.000,9999.000,9999.000,9999.000,9999.000
202607211354,  -0.163,9999.000,9999.000,9999.000,9999.000,9999.000,9999.000,9999.000,9999.000
202607211400,  -0.177,9999.000,   0.300,  -0.095,   0.028,   0.300,   0.028,   0.300,   0.028
202607211406,  -0.190,9999.000,9999.000,9999.000,9999.000,9999.000,9999.000,9999.000,9999.000
202607211412,  -0.201,9999.000,9999.000,9999.000,9999.000,9999.000,9999.000,9999.000,9999.000
202607211418,  -0.211,9999.000,9999.000,9999.000,9999.000,9999.000,9999.000,9999.000,9999.000
202607211424,  -0.219,9999.000,9999.000,9999.000,9999.000,9999.000,9999.000,9999.000,9999.000
202607211430,  -0.226,9999.000,9999.000,9999.000,9999.000,9999.000,9999.000,9999.000,9999.000
202607211436,  -0.231,9999.000,9999.000,9999.000,9999.000,9999.000,9999.000,9999.000,9999.000
202607211442,  -0.233,9999.000,9999.000,9999.000,9999.000,9999.000,9999.000,9999.000,9999.000
202607211448,  -0.234,9999.000,9999.000,9999.000,9999.000,9999.000,9999.000,9999.000,9999.000
202607211454,  -0.233,9999.000,9999.000,9999.000,9999.000,9999.000,9999.000,9999.000,9999.000
202607211500,  -0.228,9999.000,   0.300,  -0.078,  -0.006,   0.300,  -0.006,   0.300,  -0.006
202607211506,  -0.221,9999.000,9999.000,9999.000,9999.000,9999.000,9999.000,9999.000,9999.000
202607211512,  -0.212,9999.000,9999.000,9999.000,9999.000,9999.000,9999.000,9999.000,9999.000
202607211518,  -0.199,9999.000,9999.000,9999.000,9999.000,9999.000,9999.000,9999.000,9999.000
202607211524,  -0.183,9999.000,9999.000,9999.000,9999.000,9999.000,9999.000,9999.000,9999.000
202607211530,  -0.164,9999.000,9999.000,9999.000,9999.000,9999.000,9999.000,9999.000,9999.000
202607211536,  -0.142,9999.000,9999.000,9999.000,9999.000,9999.000,9999.000,9999.000,9999.000
202607211542,  -0.116,9999.000,9999.000,9999.000,9999.000,9999.000,9999.000,9999.000,9999.000
202607211548,  -0.087,9999.000,9999.000,9999.000,9999.000,9999.000,9999.000,9999.000,9999.000
202607211554,  -0.055,9999.000,9999.000,9999.000,9999.000,9999.000,9999.000,9999.000,9999.000
202607211600,  -0.020,9999.000,   0.300,  -0.061,   0.219,   0.300,   0.219,   0.300,   0.219
202607211606,   0.017,9999.000,9999.000,9999.000,9999.000,9999.000,9999.000,9999.000,9999.000
202607211612,   0.058,9999.000,9999.000,9999.000,9999.000,9999.000,9999.000,9999.000,9999.000
202607211618,   0.101,9999.000,9999.000,9999.000,9999.000,9999.000,9999.000,9999.000,9999.000
202607211624,   0.147,9999.000,9999.000,9999.000,9999.000,9999.000,9999.000,9999.000,9999.000
202607211630,   0.195,9999.000,9999.000,9999.000,9999.000,9999.000,9999.000,9999.000,9999.000
202607211636,   0.244,9999.000,9999.000,9999.000,9999.000,9999.000,9999.000,9999.000,9999.000
202607211642,   0.295,9999.000,9999.000,9999.000,9999.000,9999.000,9999.000,9999.000,9999.000
202607211648,   0.347,9999.000,9999.000,9999.000,9999.000,9999.000,9999.000,9999.000,9999.000
202607211654,   0.399,9999.000,9999.000,9999.000,9999.000,9999.000,9999.000,9999.000,9999.000
202607211700,   0.452,9999.000,   0.300,  -0.044,   0.708,   0.300,   0.708,   0.300,   0.708
202607211706,   0.504,9999.000,9999.000,9999.000,9999.000,9999.000,9999.000,9999.000,9999.000
202607211712,   0.557,9999.000,9999.000,9999.000,9999.000,9999.000,9999.000,9999.000,9999.000
202607211718,   0.608,9999.000,9999.000,9999.000,9999.000,9999.000,9999.000,9999.000,9999.000
202607211724,   0.659,9999.000,9999.000,9999.000,9999.000,9999.000,9999.000,9999.000,9999.000
202607211730,   0.708,9999.000,9999.000,9999.000,9999.000,9999.000,9999.000,9999.000,9999.000
202607211736,   0.756,9999.000,9999.000,9999.000,9999.000,9999.000,9999.000,9999.000,9999.000
202607211742,   0.802,9999.000,9999.000,9999.000,9999.000,9999.000,9999.000,9999.000,9999.000
202607211748,   0.846,9999.000,9999.000,9999.000,9999.000,9999.000,9999.000,9999.000,9999.000
202607211754,   0.888,9999.000,9999.000,9999.000,9999.000,9999.000,9999.000,9999.000,9999.000
202607211800,   0.929,9999.000,   0.300,  -0.027,   1.202,   0.300,   1.202,   0.300,   1.202
202607211806,   0.967,9999.000,9999.000,9999.000,9999.000,9999.000,9999.000,9999.000,9999.000
202607211812,   1.004,9999.000,9999.000,9999.000,9999.000,9999.000,9999.000,9999.000,9999.000
202607211818,   1.038,9999.000,9999.000,9999.000,9999.000,9999.000,9999.000,9999.000,9999.000
202607211824,   1.071,9999.000,9999.000,9999.000,9999.000,9999.000,9999.000,9999.000,9999.000
202607211830,   1.102,9999.000,9999.000,9999.000,9999.000,9999.000,9999.000,9999.000,9999.000
202607211836,   1.131,9999.000,9999.000,9999.000,9999.000,9999.000,9999.000,9999.000,9999.000
202607211842,   1.159,9999.000,9999.000,9999.000,9999.000,9999.000,9999.000,9999.000,9999.000
202607211848,   1.185,9999.000,9999.000,9999.000,9999.000,9999.000,9999.000,9999.000,9999.000
202607211854,   1.210,9999.000,9999.000,9999.000,9999.000,9999.000,9999.000,9999.000,9999.000
202607211900,   1.234,9999.000,   0.300,  -0.010,   1.524,   0.300,   1.524,   0.300,   1.524
202607211906,   1.257,9999.000,9999.000,9999.000,9999.000,9999.000,9999.000,9999.000,9999.000
202607211912,   1.279,9999.000,9999.000,9999.000,9999.000,9999.000,9999.000,9999.000,9999.000
202607211918,   1.300,9999.000,9999.000,9999.000,9999.000,9999.000,9999.000,9999.000,9999.000
202607211924,   1.320,9999.000,9999.000,9999.000,9999.000,9999.000,9999.000,9999.000,9999.000
202607211930,   1.340,9999.000,9999.000,9999.000,9999.000,9999.000,9999.000,9999.000,9999.000
202607211936,   1.359,9999.000,9999.000,9999.000,9999.000,9999.000,9999.000,9999.000,9999.000
202607211942,   1.378,9999.000,9999.000,9999.000,9999.000,9999.000,9999.000,9999.000,9999.000
202607211948,   1.395,9999.000,9999.000,9999.000,9999.000,9999.000,9999.000,9999.000,9999.000
202607211954,   1.413,9999.000,9999.000,9999.000,9999.000,9999.000,9999.000,9999.000,9999.000
202607212000,   1.429,9999.000,   0.300,   0.007,   1.736,   0.300,   1.736,   0.300,   1.736
202607212006,   1.445,9999.000,9999.000,9999.000,9999.000,9999.000,9999.000,9999.000,9999.000
202607212012,   1.460,9999.000,9999.000,9999.000,9999.000,9999.000,9999.000,9999.000,9999.000
202607212018,   1.474,9999.000,9999.000,9999.000,9999.000,9999.000,9999.000,9999.000,9999.000
202607212024,   1.486,9999.000,9999.000,9999.000,9999.000,9999.000,9999.000,9999.000,9999.000
202607212030,   1.498,9999.000,9999.000,9999.000,9999.000,9999.000,9999.000,9999.000,9999.000
202607212036,   1.509,9999.000,9999.000,9999.000,9999.000,9999.000,9999.000,9999.000,9999.000
202607212042,   1.518,9999.000,9999.000,9999.000,9999.000,9999.000,9999.000,9999.000,9999.000
202607212048,   1.525,9999.000,9999.000,9999.000,9999.000,9999.000,9999.000,9999.000,9999.000
202607212054,   1.531,9999.000,9999.000,9999.000,9999.000,9999.000,9999.000,9999.000,9999.000
202607212100,   1.536,9999.000,   0.300,   0.024,   1.860,   0.300,   1.860,   0.300,   1.860
202607212106,   1.538,9999.000,9999.000,9999.000,9999.000,9999.000,9999.000,9999.000,9999.000
202607212112,   1.539,9999.000,9999.000,9999.000,9999.000,9999.000,9999.000,9999.000,9999.000
202607212118,   1.538,9999.000,9999.000,9999.000,9999.000,9999.000,9999.000,9999.000,9999.000
202607212124,   1.535,9999.000,9999.000,9999.000,9999.000,9999.000,9999.000,9999.000,9999.000
202607212130,   1.530,9999.000,9999.000,9999.000,9999.000,9999.000,9999.000,9999.000,9999.000
202607212136,   1.523,9999.000,9999.000,9999.000,9999.000,9999.000,9999.000,9999.000,9999.000
202607212142,   1.514,9999.000,9999.000,9999.000,9999.000,9999.000,9999.000,9999.000,9999.000
202607212148,   1.503,9999.000,9999.000,9999.000,9999.000,9999.000,9999.000,9999.000,9999.000
202607212154,   1.490,9999.000,9999.000,9999.000,9999.000,9999.000,9999.000,9999.000,9999.000
202607212200,   1.475,9999.000,   0.300,   0.041,   1.816,   0.300,   1.816,   0.300,   1.816
202607212206,   1.458,9999.000,9999.000,9999.000,9999.000,9999.000,9999.000,9999.000,9999.000
202607212212,   1.439,9999.000,9999.000,9999.000,9999.000,9999.000,9999.000,9999.000,9999.000
202607212218,   1.419,9999.000,9999.000,9999.000,9999.000,9999.000,9999.000,9999.000,9999.000
202607212224,   1.396,9999.000,9999.000,9999.000,9999.000,9999.000,9999.000,9999.000,9999.000
202607212230,   1.372,9999.000,9999.000,9999.000,9999.000,9999.000,9999.000,9999.000,9999.000
202607212236,   1.347,9999.000,9999.000,9999.000,9999.000,9999.000,9999.000,9999.000,9999.000
202607212242,   1.319,9999.000,9999.000,9999.000,9999.000,9999.000,9999.000,9999.000,9999.000
202607212248,   1.290,9999.000,9999.000,9999.000,9999.000,9999.000,9999.000,9999.000,9999.000
202607212254,   1.260,9999.000,9999.000,9999.000,9999.000,9999.000,9999.000,9999.000,9999.000
202607212300,   1.229,9999.000,   0.300,   0.058,   1.587,   0.300,   1.587,   0.300,   1.587
202607212306,   1.196,9999.000,9999.000,9999.000,9999.000,9999.000,9999.000,9999.000,9999.000
202607212312,   1.162,9999.000,9999.000,9999.000,9999.000,9999.000,9999.000,9999.000,9999.000
202607212318,   1.127,9999.000,9999.000,9999.000,9999.000,9999.000,9999.000,9999.000,9999.000
202607212324,   1.091,9999.000,9999.000,9999.000,9999.000,9999.000,9999.000,9999.000,9999.000
202607212330,   1.055,9999.000,9999.000,9999.000,9999.000,9999.000,9999.000,9999.000,9999.000
202607212336,   1.018,9999.000,9999.000,9999.000,9999.000,9999.000,9999.000,9999.000,9999.000
202607212342,   0.980,9999.000,9999.000,9999.000,9999.000,9999.000,9999.000,9999.000,9999.000
202607212348,   0.942,9999.000,9999.000,9999.000,9999.000,9999.000,9999.000,9999.000,9999.000
202607212354,   0.904,9999.000,9999.000,9999.000,9999.000,9999.000,9999.000,9999.000,9999.000
202607220000,   0.866,9999.000,   0.300,   0.075,   1.241,   0.200,   1.141,   0.300,   1.241
202607220006,   0.828,9999.000,9999.000,9999.000,9999.000,9999.000,9999.000,9999.000,9999.000
202607220012,   0.790,9999.000,9999.000,9999.000,9999.000,9999.000,9999.000,9999.000,9999.000
202607220018,   0.753,9999.000,9999.000,9999.000,9999.000,9999.000,9999.000,9999.000,9999.000
202607220024,   0.715,9999.000,9999.000,9999.000,9999.000,9999.000,9999.000,9999.000,9999.000
202607220030,   0.679,9999.000,9999.000,9999.000,9999.000,9999.000,9999.000,9999.000,9999.000
202607220036,   0.643,9999.000,9999.000,9999.000,9999.000,9999.000,9999.000,9999.000,9999.000
202607220042,   0.608,9999.000,9999.000,9999.000,9999.000,9999.000,9999.000,9999.000,9999.000
202607220048,   0.573,9999.000,9999.000,9999.000,9999.000,9999.000,9999.000,9999.000,9999.000
202607220054,   0.540,9999.000,9999.000,9999.000,9999.000,9999.000,9999.000,9999.000,9999.000
202607220100,   0.507,9999.000,   0.300,   0.075,   0.882,   0.200,   0.782,   0.300,   0.882
202607220106,   0.475,9999.000,9999.000,9999.000,9999.000,9999.000,9999.000,9999.000,9999.000
202607220112,   0.445,9999.000,9999.000,9999.000,9999.000,9999.000,9999.000,9999.000,9999.000
202607220118,   0.415,9999.000,9999.000,9999.000,9999.000,9999.000,9999.000,9999.000,9999.000
202607220124,   0.386,9999.000,9999.000,9999.000,9999.000,9999.000,9999.000,9999.000,9999.000
202607220130,   0.358,9999.000,9999.000,9999.000,9999.000,9999.000,9999.000,9999.000,9999.000
202607220136,   0.330,9999.000,9999.000,9999.000,9999.000,9999.000,9999.000,9999.000,9999.000
202607220142,   0.304,9999.000,9999.000,9999.000,9999.000,9999.000,9999.000,9999.000,9999.000
202607220148,   0.278,9999.000,9999.000,9999.000,9999.000,9999.000,9999.000,9999.000,9999.000
202607220154,   0.253,9999.000,9999.000,9999.000,9999.000,9999.000,9999.000,9999.000,9999.000
202607220200,   0.229,9999.000,   0.300,   0.075,   0.604,   0.200,   0.504,   0.300,   0.604
202607220206,   0.206,9999.000,9999.000,9999.000,9999.000,9999.000,9999.000,9999.000,9999.000
202607220212,   0.183,9999.000,9999.000,9999.000,9999.000,9999.000,9999.000,9999.000,9999.000
202607220218,   0.161,9999.000,9999.000,9999.000,9999.000,9999.000,9999.000,9999.000,9999.000
202607220224,   0.140,9999.000,9999.000,9999.000,9999.000,9999.000,9999.000,9999.000,9999.000
202607220230,   0.120,9999.000,9999.000,9999.000,9999.000,9999.000,9999.000,9999.000,9999.000
202607220236,   0.101,9999.000,9999.000,9999.000,9999.000,9999.000,9999.000,9999.000,9999.000
202607220242,   0.083,9999.000,9999.000,9999.000,9999.000,9999.000,9999.000,9999.000,9999.000
202607220248,   0.066,9999.000,9999.000,9999.000,9999.000,9999.000,9999.000,9999.000,9999.000
202607220254,   0.051,9999.000,9999.000,9999.000,9999.000,9999.000,9999.000,9999.000,9999.000
202607220300,   0.038,9999.000,   0.200,   0.075,   0.313,   0.200,   0.313,   0.300,   0.413
202607220306,   0.026,9999.000,9999.000,9999.000,9999.000,9999.000,9999.000,9999.000,9999.000
202607220312,   0.016,9999.000,9999.000,9999.000,9999.000,9999.000,9999.000,9999.000,9999.000
202607220318,   0.009,9999.000,9999.000,9999.000,9999.000,9999.000,9999.000,9999.000,9999.000
202607220324,   0.004,9999.000,9999.000,9999.000,9999.000,9999.000,9999.000,9999.000,9999.000
202607220330,   0.002,9999.000,9999.000,9999.000,9999.000,9999.000,9999.000,9999.000,9999.000
202607220336,   0.002,9999.000,9999.000,9999.000,9999.000,9999.000,9999.000,9999.000,9999.000
202607220342,   0.006,9999.000,9999.000,9999.000,9999.000,9999.000,9999.000,9999.000,9999.000
202607220348,   0.012,9999.000,9999.000,9999.000,9999.000,9999.000,9999.000,9999.000,9999.000
202607220354,   0.023,9999.000,9999.000,9999.000,9999.000,9999.000,9999.000,9999.000,9999.000
202607220400,   0.036,9999.000,   0.200,   0.075,   0.311,   0.200,   0.311,   0.300,   0.411
202607220406,   0.053,9999.000,9999.000,9999.000,9999.000,9999.000,9999.000,9999.000,9999.000
202607220412,   0.073,9999.000,9999.000,9999.000,9999.000,9999.000,9999.000,9999.000,9999.000
202607220418,   0.097,9999.000,9999.000,9999.000,9999.000,9999.000,9999.000,9999.000,9999.000
202607220424,   0.124,9999.000,9999.000,9999.000,9999.000,9999.000,9999.000,9999.000,9999.000
202607220430,   0.155,9999.000,9999.000,9999.000,9999.000,9999.000,9999.000,9999.000,9999.000
202607220436,   0.188,9999.000,9999.000,9999.000,9999.000,9999.000,9999.000,9999.000,9999.000
202607220442,   0.224,9999.000,9999.000,9999.000,9999.000,9999.000,9999.000,9999.000,9999.000
202607220448,   0.263,9999.000,9999.000,9999.000,9999.000,9999.000,9999.000,9999.000,9999.000
202607220454,   0.304,9999.000,9999.000,9999.000,9999.000,9999.000,9999.000,9999.000,9999.000
202607220500,   0.348,9999.000,   0.200,   0.075,   0.623,   0.200,   0.623,   0.300,   0.723
202607220506,   0.393,9999.000,9999.000,9999.000,9999.000,9999.000,9999.000,9999.000,9999.000
202607220512,   0.439,9999.000,9999.000,9999.000,9999.000,9999.000,9999.000,9999.000,9999.000
202607220518,   0.486,9999.000,9999.000,9999.000,9999.000,9999.000,9999.000,9999.000,9999.000
202607220524,   0.534,9999.000,9999.000,9999.000,9999.000,9999.000,9999.000,9999.000,9999.000
202607220530,   0.582,9999.000,9999.000,9999.000,9999.000,9999.000,9999.000,9999.000,9999.000
202607220536,   0.630,9999.000,9999.000,9999.000,9999.000,9999.000,9999.000,9999.000,9999.000
202607220542,   0.678,9999.000,9999.000,9999.000,9999.000,9999.000,9999.000,9999.000,9999.000
202607220548,   0.725,9999.000,9999.000,9999.000,9999.000,9999.000,9999.000,9999.000,9999.000
202607220554,   0.771,9999.000,9999.000,9999.000,9999.000,9999.000,9999.000,9999.000,9999.000
202607220600,   0.816,9999.000,   0.200,   0.075,   1.091,   0.200,   1.091,   0.200,   1.091
202607220606,   0.859,9999.000,9999.000,9999.000,9999.000,9999.000,9999.000,9999.000,9999.000
202607220612,   0.901,9999.000,9999.000,9999.000,9999.000,9999.000,9999.000,9999.000,9999.000
202607220618,   0.941,9999.000,9999.000,9999.000,9999.000,9999.000,9999.000,9999.000,9999.000
202607220624,   0.979,9999.000,9999.000,9999.000,9999.000,9999.000,9999.000,9999.000,9999.000
202607220630,   1.016,9999.000,9999.000,9999.000,9999.000,9999.000,9999.000,9999.000,9999.000
202607220636,   1.050,9999.000,9999.000,9999.000,9999.000,9999.000,9999.000,9999.000,9999.000
202607220642,   1.083,9999.000,9999.000,9999.000,9999.000,9999.000,9999.000,9999.000,9999.000
202607220648,   1.113,9999.000,9999.000,9999.000,9999.000,9999.000,9999.000,9999.000,9999.000
202607220654,   1.142,9999.000,9999.000,9999.000,9999.000,9999.000,9999.000,9999.000,9999.000
202607220700,   1.169,9999.000,   0.200,   0.075,   1.444,   0.200,   1.444,   0.200,   1.444
202607220706,   1.195,9999.000,9999.000,9999.000,9999.000,9999.000,9999.000,9999.000,9999.000
202607220712,   1.219,9999.000,9999.000,9999.000,9999.000,9999.000,9999.000,9999.000,9999.000
202607220718,   1.241,9999.000,9999.000,9999.000,9999.000,9999.000,9999.000,9999.000,9999.000
202607220724,   1.263,9999.000,9999.000,9999.000,9999.000,9999.000,9999.000,9999.000,9999.000
202607220730,   1.283,9999.000,9999.000,9999.000,9999.000,9999.000,9999.000,9999.000,9999.000
202607220736,   1.302,9999.000,9999.000,9999.000,9999.000,9999.000,9999.000,9999.000,9999.000
202607220742,   1.320,9999.000,9999.000,9999.000,9999.000,9999.000,9999.000,9999.000,9999.000
202607220748,   1.337,9999.000,9999.000,9999.000,9999.000,9999.000,9999.000,9999.000,9999.000
202607220754,   1.353,9999.000,9999.000,9999.000,9999.000,9999.000,9999.000,9999.000,9999.000
202607220800,   1.368,9999.000,   0.200,   0.075,   1.643,   0.200,   1.643,   0.200,   1.643
202607220806,   1.382,9999.000,9999.000,9999.000,9999.000,9999.000,9999.000,9999.000,9999.000
202607220812,   1.396,9999.000,9999.000,9999.000,9999.000,9999.000,9999.000,9999.000,9999.000
202607220818,   1.408,9999.000,9999.000,9999.000,9999.000,9999.000,9999.000,9999.000,9999.000
202607220824,   1.420,9999.000,9999.000,9999.000,9999.000,9999.000,9999.000,9999.000,9999.000
202607220830,   1.430,9999.000,9999.000,9999.000,9999.000,9999.000,9999.000,9999.000,9999.000
202607220836,   1.439,9999.000,9999.000,9999.000,9999.000,9999.000,9999.000,9999.000,9999.000
202607220842,   1.447,9999.000,9999.000,9999.000,9999.000,9999.000,9999.000,9999.000,9999.000
202607220848,   1.454,9999.000,9999.000,9999.000,9999.000,9999.000,9999.000,9999.000,9999.000
202607220854,   1.459,9999.000,9999.000,9999.000,9999.000,9999.000,9999.000,9999.000,9999.000
202607220900,   1.462,9999.000,   0.200,   0.075,   1.737,   0.200,   1.737,   0.200,   1.737
202607220906,   1.464,9999.000,9999.000,9999.000,9999.000,9999.000,9999.000,9999.000,9999.000
202607220912,   1.464,9999.000,9999.000,9999.000,9999.000,9999.000,9999.000,9999.000,9999.000
202607220918,   1.463,9999.000,9999.000,9999.000,9999.000,9999.000,9999.000,9999.000,9999.000
202607220924,   1.459,9999.000,9999.000,9999.000,9999.000,9999.000,9999.000,9999.000,9999.000
202607220930,   1.453,9999.000,9999.000,9999.000,9999.000,9999.000,9999.000,9999.000,9999.000
202607220936,   1.445,9999.000,9999.000,9999.000,9999.000,9999.000,9999.000,9999.000,9999.000
202607220942,   1.436,9999.000,9999.000,9999.000,9999.000,9999.000,9999.000,9999.000,9999.000
202607220948,   1.424,9999.000,9999.000,9999.000,9999.000,9999.000,9999.000,9999.000,9999.000
202607220954,   1.409,9999.000,9999.000,9999.000,9999.000,9999.000,9999.000,9999.000,9999.000
202607221000,   1.393,9999.000,   0.200,   0.075,   1.668,   0.100,   1.568,   0.200,   1.668
202607221006,   1.374,9999.000,9999.000,9999.000,9999.000,9999.000,9999.000,9999.000,9999.000
202607221012,   1.354,9999.000,9999.000,9999.000,9999.000,9999.000,9999.000,9999.000,9999.000
202607221018,   1.331,9999.000,9999.000,9999.000,9999.000,9999.000,9999.000,9999.000,9999.000
202607221024,   1.306,9999.000,9999.000,9999.000,9999.000,9999.000,9999.000,9999.000,9999.000
202607221030,   1.280,9999.000,9999.000,9999.000,9999.000,9999.000,9999.000,9999.000,9999.000
202607221036,   1.251,9999.000,9999.000,9999.000,9999.000,9999.000,9999.000,9999.000,9999.000
202607221042,   1.221,9999.000,9999.000,9999.000,9999.000,9999.000,9999.000,9999.000,9999.000
202607221048,   1.188,9999.000,9999.000,9999.000,9999.000,9999.000,9999.000,9999.000,9999.000
202607221054,   1.155,9999.000,9999.000,9999.000,9999.000,9999.000,9999.000,9999.000,9999.000
202607221100,   1.119,9999.000,   0.200,   0.075,   1.394,   0.100,   1.294,   0.200,   1.394
202607221106,   1.083,9999.000,9999.000,9999.000,9999.000,9999.000,9999.000,9999.000,9999.000
202607221112,   1.044,9999.000,9999.000,9999.000,9999.000,9999.000,9999.000,9999.000,9999.000
202607221118,   1.005,9999.000,9999.000,9999.000,9999.000,9999.000,9999.000,9999.000,9999.000
202607221124,   0.965,9999.000,9999.000,9999.000,9999.000,9999.000,9999.000,9999.000,9999.000
202607221130,   0.924,9999.000,9999.000,9999.000,9999.000,9999.000,9999.000,9999.000,9999.000
202607221136,   0.882,9999.000,9999.000,9999.000,9999.000,9999.000,9999.000,9999.000,9999.000
202607221142,   0.839,9999.000,9999.000,9999.000,9999.000,9999.000,9999.000,9999.000,9999.000
202607221148,   0.796,9999.000,9999.000,9999.000,9999.000,9999.000,9999.000,9999.000,9999.000
202607221154,   0.753,9999.000,9999.000,9999.000,9999.000,9999.000,9999.000,9999.000,9999.000
202607221200,   0.709,9999.000,   0.200,   0.075,   0.984,   0.100,   0.884,   0.200,   0.984
202607221206,   0.666,9999.000,9999.000,9999.000,9999.000,9999.000,9999.000,9999.000,9999.000
202607221212,   0.622,9999.000,9999.000,9999.000,9999.000,9999.000,9999.000,9999.000,9999.000
202607221218,   0.579,9999.000,9999.000,9999.000,9999.000,9999.000,9999.000,9999.000,9999.000
202607221224,   0.536,9999.000,9999.000,9999.000,9999.000,9999.000,9999.000,9999.000,9999.000
202607221230,   0.494,9999.000,9999.000,9999.000,9999.000,9999.000,9999.000,9999.000,9999.000
202607221236,   0.453,9999.000,9999.000,9999.000,9999.000,9999.000,9999.000,9999.000,9999.000
202607221242,   0.413,9999.000,9999.000,9999.000,9999.000,9999.000,9999.000,9999.000,9999.000
202607221248,   0.374,9999.000,9999.000,9999.000,9999.000,9999.000,9999.000,9999.000,9999.000
202607221254,   0.335,9999.000,9999.000,9999.000,9999.000,9999.000,9999.000,9999.000,9999.000
202607221300,   0.299,9999.000,   0.200,   0.075,   0.574,   0.100,   0.474,   0.200,   0.574
202607221306,   0.263,9999.000,9999.000,9999.000,9999.000,9999.000,9999.000,9999.000,9999.000
202607221312,   0.229,9999.000,9999.000,9999.000,9999.000,9999.000,9999.000,9999.000,9999.000
202607221318,   0.196,9999.000,9999.000,9999.000,9999.000,9999.000,9999.000,9999.000,9999.000
202607221324,   0.165,9999.000,9999.000,9999.000,9999.000,9999.000,9999.000,9999.000,9999.000
202607221330,   0.135,9999.000,9999.000,9999.000,9999.000,9999.000,9999.000,9999.000,9999.000
202607221336,   0.107,9999.000,9999.000,9999.000,9999.000,9999.000,9999.000,9999.000,9999.000
202607221342,   0.081,9999.000,9999.000,9999.000,9999.000,9999.000,9999.000,9999.000,9999.000
202607221348,   0.056,9999.000,9999.000,9999.000,9999.000,9999.000,9999.000,9999.000,9999.000
202607221354,   0.032,9999.000,9999.000,9999.000,9999.000,9999.000,9999.000,9999.000,9999.000
202607221400,   0.010,9999.000,   0.200,   0.075,   0.285,   0.100,   0.185,   0.200,   0.285
202607221406,  -0.010,9999.000,9999.000,9999.000,9999.000,9999.000,9999.000,9999.000,9999.000
202607221412,  -0.030,9999.000,9999.000,9999.000,9999.000,9999.000,9999.000,9999.000,9999.000
202607221418,  -0.049,9999.000,9999.000,9999.000,9999.000,9999.000,9999.000,9999.000,9999.000
202607221424,  -0.066,9999.000,9999.000,9999.000,9999.000,9999.000,9999.000,9999.000,9999.000
202607221430,  -0.082,9999.000,9999.000,9999.000,9999.000,9999.000,9999.000,9999.000,9999.000
202607221436,  -0.097,9999.000,9999.000,9999.000,9999.000,9999.000,9999.000,9999.000,9999.000
202607221442,  -0.111,9999.000,9999.000,9999.000,9999.000,9999.000,9999.000,9999.000,9999.000
202607221448,  -0.124,9999.000,9999.000,9999.000,9999.000,9999.000,9999.000,9999.000,9999.000
202607221454,  -0.136,9999.000,9999.000,9999.000,9999.000,9999.000,9999.000,9999.000,9999.000
202607221500,  -0.146,9999.000,   0.100,   0.075,   0.029,   0.100,   0.029,   0.200,   0.129
202607221506,  -0.155,9999.000,9999.000,9999.000,9999.000,9999.000,9999.000,9999.000,9999.000
202607221512,  -0.163,9999.000,9999.000,9999.000,9999.000,9999.000,9999.000,9999.000,9999.000
202607221518,  -0.169,9999.000,9999.000,9999.000,9999.000,9999.000,9999.000,9999.000,9999.000
202607221524,  -0.174,9999.000,9999.000,9999.000,9999.000,9999.000,9999.000,9999.000,9999.000
202607221530,  -0.177,9999.000,9999.000,9999.000,9999.000,9999.000,9999.000,9999.000,9999.000
202607221536,  -0.177,9999.000,9999.000,9999.000,9999.000,9999.000,9999.000,9999.000,9999.000
202607221542,  -0.176,9999.000,9999.000,9999.000,9999.000,9999.000,9999.000,9999.000,9999.000
202607221548,  -0.172,9999.000,9999.000,9999.000,9999.000,9999.000,9999.000,9999.000,9999.000
202607221554,  -0.166,9999.000,9999.000,9999.000,9999.000,9999.000,9999.000,9999.000,9999.000
202607221600,  -0.157,9999.000,   0.100,   0.075,   0.018,   0.100,   0.018,   0.200,   0.118
202607221606,  -0.145,9999.000,9999.000,9999.000,9999.000,9999.000,9999.000,9999.000,9999.000
202607221612,  -0.131,9999.000,9999.000,9999.000,9999.000,9999.000,9999.000,9999.000,9999.000
202607221618,  -0.113,9999.000,9999.000,9999.000,9999.000,9999.000,9999.000,9999.000,9999.000
202607221624,  -0.092,9999.000,9999.000,9999.000,9999.000,9999.000,9999.000,9999.000,9999.000
202607221630,  -0.068,9999.000,9999.000,9999.000,9999.000,9999.000,9999.000,9999.000,9999.000
202607221636,  -0.041,9999.000,9999.000,9999.000,9999.000,9999.000,9999.000,9999.000,9999.000
202607221642,  -0.011,9999.000,9999.000,9999.000,9999.000,9999.000,9999.000,9999.000,9999.000
202607221648,   0.022,9999.000,9999.000,9999.000,9999.000,9999.000,9999.000,9999.000,9999.000
202607221654,   0.058,9999.000,9999.000,9999.000,9999.000,9999.000,9999.000,9999.000,9999.000
202607221700,   0.097,9999.000,   0.100,   0.075,   0.272,   0.100,   0.272,   0.200,   0.372
202607221706,   0.138,9999.000,9999.000,9999.000,9999.000,9999.000,9999.000,9999.000,9999.000
202607221712,   0.182,9999.000,9999.000,9999.000,9999.000,9999.000,9999.000,9999.000,9999.000
202607221718,   0.228,9999.000,9999.000,9999.000,9999.000,9999.000,9999.000,9999.000,9999.000
202607221724,   0.276,9999.000,9999.000,9999.000,9999.000,9999.000,9999.000,9999.000,9999.000
202607221730,   0.325,9999.000,9999.000,9999.000,9999.000,9999.000,9999.000,9999.000,9999.000
202607221736,   0.375,9999.000,9999.000,9999.000,9999.000,9999.000,9999.000,9999.000,9999.000
202607221742,   0.425,9999.000,9999.000,9999.000,9999.000,9999.000,9999.000,9999.000,9999.000
202607221748,   0.477,9999.000,9999.000,9999.000,9999.000,9999.000,9999.000,9999.000,9999.000
202607221754,   0.528,9999.000,9999.000,9999.000,9999.000,9999.000,9999.000,9999.000,9999.000
202607221800,   0.579,9999.000,   0.100,   0.075,   0.754,   0.100,   0.754,   0.200,   0.854
202607221806,   0.629,9999.000,9999.000,9999.000,9999.000,9999.000,9999.000,9999.000,9999.000
202607221812,   0.678,9999.000,9999.000,9999.000,9999.000,9999.000,9999.000,9999.000,9999.000
202607221818,   0.726,9999.000,9999.000,9999.000,9999.000,9999.000,9999.000,9999.000,9999.000
202607221824,   0.773,9999.000,9999.000,9999.000,9999.000,9999.000,9999.000,9999.000,9999.000
202607221830,   0.818,9999.000,9999.000,9999.000,9999.000,9999.000,9999.000,9999.000,9999.000
202607221836,   0.861,9999.000,9999.000,9999.000,9999.000,9999.000,9999.000,9999.000,9999.000
202607221842,   0.903,9999.000,9999.000,9999.000,9999.000,9999.000,9999.000,9999.000,9999.000
202607221848,   0.943,9999.000,9999.000,9999.000,9999.000,9999.000,9999.000,9999.000,9999.000
202607221854,   0.980,9999.000,9999.000,9999.000,9999.000,9999.000,9999.000,9999.000,9999.000
202607221900,   1.016,9999.000,   0.100,   0.075,   1.191,   0.100,   1.191,   0.200,   1.291
202607221906,   1.050,9999.000,9999.000,9999.000,9999.000,9999.000,9999.000,9999.000,9999.000
202607221912,   1.082,9999.000,9999.000,9999.000,9999.000,9999.000,9999.000,9999.000,9999.000
202607221918,   1.112,9999.000,9999.000,9999.000,9999.000,9999.000,9999.000,9999.000,9999.000
202607221924,   1.141,9999.000,9999.000,9999.000,9999.000,9999.000,9999.000,9999.000,9999.000
202607221930,   1.168,9999.000,9999.000,9999.000,9999.000,9999.000,9999.000,9999.000,9999.000
202607221936,   1.194,9999.000,9999.000,9999.000,9999.000,9999.000,9999.000,9999.000,9999.000
202607221942,   1.218,9999.000,9999.000,9999.000,9999.000,9999.000,9999.000,9999.000,9999.000
202607221948,   1.241,9999.000,9999.000,9999.000,9999.000,9999.000,9999.000,9999.000,9999.000
202607221954,   1.264,9999.000,9999.000,9999.000,9999.000,9999.000,9999.000,9999.000,9999.000
202607222000,   1.285,9999.000,   0.100,   0.075,   1.460,   0.100,   1.460,   0.200,   1.560
202607222006,   1.306,9999.000,9999.000,9999.000,9999.000,9999.000,9999.000,9999.000,9999.000
202607222012,   1.326,9999.000,9999.000,9999.000,9999.000,9999.000,9999.000,9999.000,9999.000
202607222018,   1.346,9999.000,9999.000,9999.000,9999.000,9999.000,9999.000,9999.000,9999.000
202607222024,   1.365,9999.000,9999.000,9999.000,9999.000,9999.000,9999.000,9999.000,9999.000
202607222030,   1.384,9999.000,9999.000,9999.000,9999.000,9999.000,9999.000,9999.000,9999.000
202607222036,   1.402,9999.000,9999.000,9999.000,9999.000,9999.000,9999.000,9999.000,9999.000
202607222042,   1.419,9999.000,9999.000,9999.000,9999.000,9999.000,9999.000,9999.000,9999.000
202607222048,   1.436,9999.000,9999.000,9999.000,9999.000,9999.000,9999.000,9999.000,9999.000
202607222054,   1.453,9999.000,9999.000,9999.000,9999.000,9999.000,9999.000,9999.000,9999.000
202607222100,   1.468,9999.000,   0.100,   0.075,   1.643,   0.100,   1.643,   0.200,   1.743
202607222106,   1.483,9999.000,9999.000,9999.000,9999.000,9999.000,9999.000,9999.000,9999.000
202607222112,   1.497,9999.000,9999.000,9999.000,9999.000,9999.000,9999.000,9999.000,9999.000
202607222118,   1.510,9999.000,9999.000,9999.000,9999.000,9999.000,9999.000,9999.000,9999.000
202607222124,   1.522,9999.000,9999.000,9999.000,9999.000,9999.000,9999.000,9999.000,9999.000
202607222130,   1.533,9999.000,9999.000,9999.000,9999.000,9999.000,9999.000,9999.000,9999.000
202607222136,   1.542,9999.000,9999.000,9999.000,9999.000,9999.000,9999.000,9999.000,9999.000
202607222142,   1.550,9999.000,9999.000,9999.000,9999.000,9999.000,9999.000,9999.000,9999.000
202607222148,   1.557,9999.000,9999.000,9999.000,9999.000,9999.000,9999.000,9999.000,9999.000
202607222154,   1.562,9999.000,9999.000,9999.000,9999.000,9999.000,9999.000,9999.000,9999.000
202607222200,   1.565,9999.000,   0.100,   0.075,   1.740,   0.100,   1.740,   0.200,   1.840
202607222206,   1.566,9999.000,9999.000,9999.000,9999.000,9999.000,9999.000,9999.000,9999.000
202607222212,   1.565,9999.000,9999.000,9999.000,9999.000,9999.000,9999.000,9999.000,9999.000
202607222218,   1.563,9999.000,9999.000,9999.000,9999.000,9999.000,9999.000,9999.000,9999.000
202607222224,   1.559,9999.000,9999.000,9999.000,9999.000,9999.000,9999.000,9999.000,9999.000
202607222230,   1.552,9999.000,9999.000,9999.000,9999.000,9999.000,9999.000,9999.000,9999.000
202607222236,   1.544,9999.000,9999.000,9999.000,9999.000,9999.000,9999.000,9999.000,9999.000
202607222242,   1.534,9999.000,9999.000,9999.000,9999.000,9999.000,9999.000,9999.000,9999.000
202607222248,   1.522,9999.000,9999.000,9999.000,9999.000,9999.000,9999.000,9999.000,9999.000
202607222254,   1.508,9999.000,9999.000,9999.000,9999.000,9999.000,9999.000,9999.000,9999.000
202607222300,   1.492,9999.000,   0.100,   0.075,   1.667,   0.100,   1.667,   0.200,   1.767
202607222306,   1.474,9999.000,9999.000,9999.000,9999.000,9999.000,9999.000,9999.000,9999.000
202607222312,   1.454,9999.000,9999.000,9999.000,9999.000,9999.000,9999.000,9999.000,9999.000
202607222318,   1.433,9999.000,9999.000,9999.000,9999.000,9999.000,9999.000,9999.000,9999.000
202607222324,   1.409,9999.000,9999.000,9999.000,9999.000,9999.000,9999.000,9999.000,9999.000
202607222330,   1.385,9999.000,9999.000,9999.000,9999.000,9999.000,9999.000,9999.000,9999.000
202607222336,   1.358,9999.000,9999.000,9999.000,9999.000,9999.000,9999.000,9999.000,9999.000
202607222342,   1.330,9999.000,9999.000,9999.000,9999.000,9999.000,9999.000,9999.000,9999.000
202607222348,   1.301,9999.000,9999.000,9999.000,9999.000,9999.000,9999.000,9999.000,9999.000
202607222354,   1.271,9999.000,9999.000,9999.000,9999.000,9999.000,9999.000,9999.000,9999.000
202607230000,   1.239,9999.000,   0.100,   0.075,   1.414,   0.100,   1.414,   0.200,   1.514
202607230006,   1.206,9999.000,9999.000,9999.000,9999.000,9999.000,9999.000,9999.000,9999.000
202607230012,   1.172,9999.000,9999.000,9999.000,9999.000,9999.000,9999.000,9999.000,9999.000
202607230018,   1.138,9999.000,9999.000,9999.000,9999.000,9999.000,9999.000,9999.000,9999.000
202607230024,   1.102,9999.000,9999.000,9999.000,9999.000,9999.000,9999.000,9999.000,9999.000
202607230030,   1.066,9999.000,9999.000,9999.000,9999.000,9999.000,9999.000,9999.000,9999.000
202607230036,   1.030,9999.000,9999.000,9999.000,9999.000,9999.000,9999.000,9999.000,9999.000
202607230042,   0.993,9999.000,9999.000,9999.000,9999.000,9999.000,9999.000,9999.000,9999.000
202607230048,   0.956,9999.000,9999.000,9999.000,9999.000,9999.000,9999.000,9999.000,9999.000
202607230054,   0.918,9999.000,9999.000,9999.000,9999.000,9999.000,9999.000,9999.000,9999.000
202607230100,   0.881,9999.000,   0.100,   0.075,   1.056,   0.100,   1.056,   0.200,   1.156
202607230106,   0.844,9999.000,9999.000,9999.000,9999.000,9999.000,9999.000,9999.000,9999.000
202607230112,   0.808,9999.000,9999.000,9999.000,9999.000,9999.000,9999.000,9999.000,9999.000
202607230118,   0.771,9999.000,9999.000,9999.000,9999.000,9999.000,9999.000,9999.000,9999.000
202607230124,   0.736,9999.000,9999.000,9999.000,9999.000,9999.000,9999.000,9999.000,9999.000
202607230130,   0.700,9999.000,9999.000,9999.000,9999.000,9999.000,9999.000,9999.000,9999.000
202607230136,   0.666,9999.000,9999.000,9999.000,9999.000,9999.000,9999.000,9999.000,9999.000
202607230142,   0.632,9999.000,9999.000,9999.000,9999.000,9999.000,9999.000,9999.000,9999.000
202607230148,   0.599,9999.000,9999.000,9999.000,9999.000,9999.000,9999.000,9999.000,9999.000
202607230154,   0.567,9999.000,9999.000,9999.000,9999.000,9999.000,9999.000,9999.000,9999.000
202607230200,   0.536,9999.000,   0.100,   0.075,   0.711,   0.100,   0.711,   0.200,   0.811
202607230206,   0.505,9999.000,9999.000,9999.000,9999.000,9999.000,9999.000,9999.000,9999.000
202607230212,   0.475,9999.000,9999.000,9999.000,9999.000,9999.000,9999.000,9999.000,9999.000
202607230218,   0.446,9999.000,9999.000,9999.000,9999.000,9999.000,9999.000,9999.000,9999.000
202607230224,   0.418,9999.000,9999.000,9999.000,9999.000,9999.000,9999.000,9999.000,9999.000
202607230230,   0.390,9999.000,9999.000,9999.000,9999.000,9999.000,9999.000,9999.000,9999.000
202607230236,   0.363,9999.000,9999.000,9999.000,9999.000,9999.000,9999.000,9999.000,9999.000
202607230242,   0.337,9999.000,9999.000,9999.000,9999.000,9999.000,9999.000,9999.000,9999.000
202607230248,   0.312,9999.000,9999.000,9999.000,9999.000,9999.000,9999.000,9999.000,9999.000
202607230254,   0.287,9999.000,9999.000,9999.000,9999.000,9999.000,9999.000,9999.000,9999.000
202607230300,   0.263,9999.000,   0.100,   0.075,   0.438,   0.100,   0.438,   0.200,   0.538
202607230306,   0.239,9999.000,9999.000,9999.000,9999.000,9999.000,9999.000,9999.000,9999.000
202607230312,   0.216,9999.000,9999.000,9999.000,9999.000,9999.000,9999.000,9999.000,9999.000
202607230318,   0.194,9999.000,9999.000,9999.000,9999.000,9999.000,9999.000,9999.000,9999.000
202607230324,   0.173,9999.000,9999.000,9999.000,9999.000,9999.000,9999.000,9999.000,9999.000
202607230330,   0.153,9999.000,9999.000,9999.000,9999.000,9999.000,9999.000,9999.000,9999.000
202607230336,   0.134,9999.000,9999.000,9999.000,9999.000,9999.000,9999.000,9999.000,9999.000
202607230342,   0.117,9999.000,9999.000,9999.000,9999.000,9999.000,9999.000,9999.000,9999.000
202607230348,   0.101,9999.000,9999.000,9999.000,9999.000,9999.000,9999.000,9999.000,9999.000
202607230354,   0.086,9999.000,9999.000,9999.000,9999.000,9999.000,9999.000,9999.000,9999.000
202607230400,   0.074,9999.000,   0.100,   0.075,   0.249,   0.100,   0.249,   0.200,   0.349
202607230406,   0.063,9999.000,9999.000,9999.000,9999.000,9999.000,9999.000,9999.000,9999.000
202607230412,   0.055,9999.000,9999.000,9999.000,9999.000,9999.000,9999.000,9999.000,9999.000
202607230418,   0.049,9999.000,9999.000,9999.000,9999.000,9999.000,9999.000,9999.000,9999.000
202607230424,   0.047,9999.000,9999.000,9999.000,9999.000,9999.000,9999.000,9999.000,9999.000
202607230430,   0.047,9999.000,9999.000,9999.000,9999.000,9999.000,9999.000,9999.000,9999.000
202607230436,   0.050,9999.000,9999.000,9999.000,9999.000,9999.000,9999.000,9999.000,9999.000
202607230442,   0.056,9999.000,9999.000,9999.000,9999.000,9999.000,9999.000,9999.000,9999.000
202607230448,   0.066,9999.000,9999.000,9999.000,9999.000,9999.000,9999.000,9999.000,9999.000
202607230454,   0.079,9999.000,9999.000,9999.000,9999.000,9999.000,9999.000,9999.000,9999.000
202607230500,   0.096,9999.000,   0.100,   0.075,   0.271,   0.100,   0.271,   0.200,   0.371
202607230506,   0.116,9999.000,9999.000,9999.000,9999.000,9999.000,9999.000,9999.000,9999.000
202607230512,   0.139,9999.000,9999.000,9999.000,9999.000,9999.000,9999.000,9999.000,9999.000
202607230518,   0.166,9999.000,9999.000,9999.000,9999.000,9999.000,9999.000,9999.000,9999.000
202607230524,   0.196,9999.000,9999.000,9999.000,9999.000,9999.000,9999.000,9999.000,9999.000
202607230530,   0.229,9999.000,9999.000,9999.000,9999.000,9999.000,9999.000,9999.000,9999.000
202607230536,   0.264,9999.000,9999.000,9999.000,9999.000,9999.000,9999.000,9999.000,9999.000
202607230542,   0.303,9999.000,9999.000,9999.000,9999.000,9999.000,9999.000,9999.000,9999.000
202607230548,   0.343,9999.000,9999.000,9999.000,9999.000,9999.000,9999.000,9999.000,9999.000
202607230554,   0.385,9999.000,9999.000,9999.000,9999.000,9999.000,9999.000,9999.000,9999.000
202607230600,   0.429,9999.000,   0.100,   0.075,   0.604,   0.100,   0.604,   0.200,   0.704
202607230606,   0.474,9999.000,9999.000,9999.000,9999.000,9999.000,9999.000,9999.000,9999.000
202607230612,   0.520,9999.000,9999.000,9999.000,9999.000,9999.000,9999.000,9999.000,9999.000
202607230618,   0.566,9999.000,9999.000,9999.000,9999.000,9999.000,9999.000,9999.000,9999.000
202607230624,   0.612,9999.000,9999.000,9999.000,9999.000,9999.000,9999.000,9999.000,9999.000
202607230630,   0.658,9999.000,9999.000,9999.000,9999.000,9999.000,9999.000,9999.000,9999.000
202607230636,   0.704,9999.000,9999.000,9999.000,9999.000,9999.000,9999.000,9999.000,9999.000
202607230642,   0.749,9999.000,9999.000,9999.000,9999.000,9999.000,9999.000,9999.000,9999.000
202607230648,   0.793,9999.000,9999.000,9999.000,9999.000,9999.000,9999.000,9999.000,9999.000
202607230654,   0.836,9999.000,9999.000,9999.000,9999.000,9999.000,9999.000,9999.000,9999.000
202607230700,   0.877,9999.000,   0.100,   0.075,   1.052,   0.100,   1.052,   0.100,   1.052
202607230706,   0.917,9999.000,9999.000,9999.000,9999.000,9999.000,9999.000,9999.000,9999.000
202607230712,   0.955,9999.000,9999.000,9999.000,9999.000,9999.000,9999.000,9999.000,9999.000
202607230718,   0.991,9999.000,9999.000,9999.000,9999.000,9999.000,9999.000,9999.000,9999.000
202607230724,   1.025,9999.000,9999.000,9999.000,9999.000,9999.000,9999.000,9999.000,9999.000
202607230730,   1.058,9999.000,9999.000,9999.000,9999.000,9999.000,9999.000,9999.000,9999.000
202607230736,   1.089,9999.000,9999.000,9999.000,9999.000,9999.000,9999.000,9999.000,9999.000
202607230742,   1.118,9999.000,9999.000,9999.000,9999.000,9999.000,9999.000,9999.000,9999.000
202607230748,   1.145,9999.000,9999.000,9999.000,9999.000,9999.000,9999.000,9999.000,9999.000
202607230754,   1.171,9999.000,9999.000,9999.000,9999.000,9999.000,9999.000,9999.000,9999.000
202607230800,   1.195,9999.000,   0.100,   0.075,   1.370,   0.000,   1.270,   0.100,   1.370
202607230806,   1.218,9999.000,9999.000,9999.000,9999.000,9999.000,9999.000,9999.000,9999.000
202607230812,   1.240,9999.000,9999.000,9999.000,9999.000,9999.000,9999.000,9999.000,9999.000
202607230818,   1.261,9999.000,9999.000,9999.000,9999.000,9999.000,9999.000,9999.000,9999.000
202607230824,   1.280,9999.000,9999.000,9999.000,9999.000,9999.000,9999.000,9999.000,9999.000
202607230830,   1.299,9999.000,9999.000,9999.000,9999.000,9999.000,9999.000,9999.000,9999.000
202607230836,   1.316,9999.000,9999.000,9999.000,9999.000,9999.000,9999.000,9999.000,9999.000
202607230842,   1.333,9999.000,9999.000,9999.000,9999.000,9999.000,9999.000,9999.000,9999.000
202607230848,   1.349,9999.000,9999.000,9999.000,9999.000,9999.000,9999.000,9999.000,9999.000
202607230854,   1.364,9999.000,9999.000,9999.000,9999.000,9999.000,9999.000,9999.000,9999.000
202607230900,   1.379,9999.000,   0.100,   0.075,   1.554,   0.000,   1.454,   0.100,   1.554
202607230906,   1.392,9999.000,9999.000,9999.000,9999.000,9999.000,9999.000,9999.000,9999.000
202607230912,   1.404,9999.000,9999.000,9999.000,9999.000,9999.000,9999.000,9999.000,9999.000
202607230918,   1.416,9999.000,9999.000,9999.000,9999.000,9999.000,9999.000,9999.000,9999.000
202607230924,   1.426,9999.000,9999.000,9999.000,9999.000,9999.000,9999.000,9999.000,9999.000
202607230930,   1.435,9999.000,9999.000,9999.000,9999.000,9999.000,9999.000,9999.000,9999.000
202607230936,   1.443,9999.000,9999.000,9999.000,9999.000,9999.000,9999.000,9999.000,9999.000
202607230942,   1.449,9999.000,9999.000,9999.000,9999.000,9999.000,9999.000,9999.000,9999.000
202607230948,   1.454,9999.000,9999.000,9999.000,9999.000,9999.000,9999.000,9999.000,9999.000
202607230954,   1.457,9999.000,9999.000,9999.000,9999.000,9999.000,9999.000,9999.000,9999.000
202607231000,   1.459,9999.000,   0.100,   0.075,   1.634,   0.000,   1.534,   0.100,   1.634
202607231006,   1.458,9999.000,9999.000,9999.000,9999.000,9999.000,9999.000,9999.000,9999.000
202607231012,   1.456,9999.000,9999.000,9999.000,9999.000,9999.000,9999.000,9999.000,9999.000
202607231018,   1.452,9999.000,9999.000,9999.000,9999.000,9999.000,9999.000,9999.000,9999.000
202607231024,   1.445,9999.000,9999.000,9999.000,9999.000,9999.000,9999.000,9999.000,9999.000
202607231030,   1.437,9999.000,9999.000,9999.000,9999.000,9999.000,9999.000,9999.000,9999.000
202607231036,   1.426,9999.000,9999.000,9999.000,9999.000,9999.000,9999.000,9999.000,9999.000
202607231042,   1.413,9999.000,9999.000,9999.000,9999.000,9999.000,9999.000,9999.000,9999.000
202607231048,   1.398,9999.000,9999.000,9999.000,9999.000,9999.000,9999.000,9999.000,9999.000
202607231054,   1.381,9999.000,9999.000,9999.000,9999.000,9999.000,9999.000,9999.000,9999.000
202607231100,   1.361,9999.000,   0.100,   0.075,   1.536,   0.000,   1.436,   0.100,   1.536
202607231106,   1.340,9999.000,9999.000,9999.000,9999.000,9999.000,9999.000,9999.000,9999.000
202607231112,   1.316,9999.000,9999.000,9999.000,9999.000,9999.000,9999.000,9999.000,9999.000
202607231118,   1.290,9999.000,9999.000,9999.000,9999.000,9999.000,9999.000,9999.000,9999.000
202607231124,   1.263,9999.000,9999.000,9999.000,9999.000,9999.000,9999.000,9999.000,9999.000
202607231130,   1.233,9999.000,9999.000,9999.000,9999.000,9999.000,9999.000,9999.000,9999.000
202607231136,   1.202,9999.000,9999.000,9999.000,9999.000,9999.000,9999.000,9999.000,9999.000
202607231142,   1.169,9999.000,9999.000,9999.000,9999.000,9999.000,9999.000,9999.000,9999.000
202607231148,   1.134,9999.000,9999.000,9999.000,9999.000,9999.000,9999.000,9999.000,9999.000
202607231154,   1.098,9999.000,9999.000,9999.000,9999.000,9999.000,9999.000,9999.000,9999.000
202607231200,   1.061,9999.000,   0.100,   0.075,   1.236,   0.000,   1.136,   0.100,   1.236
202607231206,   1.022,9999.000,9999.000,9999.000,9999.000,9999.000,9999.000,9999.000,9999.000
202607231212,   0.983,9999.000,9999.000,9999.000,9999.000,9999.000,9999.000,9999.000,9999.000
202607231218,   0.942,9999.000,9999.000,9999.000,9999.000,9999.000,9999.000,9999.000,9999.000
202607231224,   0.901,9999.000,9999.000,9999.000,9999.000,9999.000,9999.000,9999.000,9999.000
202607231230,   0.858,9999.000,9999.000,9999.000,9999.000,9999.000,9999.000,9999.000,9999.000
202607231236,   0.816,9999.000,9999.000,9999.000,9999.000,9999.000,9999.000,9999.000,9999.000
202607231242,   0.773,9999.000,9999.000,9999.000,9999.000,9999.000,9999.000,9999.000,9999.000
202607231248,   0.730,9999.000,9999.000,9999.000,9999.000,9999.000,9999.000,9999.000,9999.000
202607231254,   0.686,9999.000,9999.000,9999.000,9999.000,9999.000,9999.000,9999.000,9999.000
202607231300,   0.643,9999.000,   0.100,   0.075,   0.818,   0.000,   0.718,   0.100,   0.818
202607231306,   0.601,9999.000,9999.000,9999.000,9999.000,9999.000,9999.000,9999.000,9999.000
202607231312,   0.558,9999.000,9999.000,9999.000,9999.000,9999.000,9999.000,9999.000,9999.000
202607231318,   0.517,9999.000,9999.000,9999.000,9999.000,9999.000,9999.000,9999.000,9999.000
202607231324,   0.476,9999.000,9999.000,9999.000,9999.000,9999.000,9999.000,9999.000,9999.000
202607231330,   0.436,9999.000,9999.000,9999.000,9999.000,9999.000,9999.000,9999.000,9999.000
202607231336,   0.397,9999.000,9999.000,9999.000,9999.000,9999.000,9999.000,9999.000,9999.000
202607231342,   0.359,9999.000,9999.000,9999.000,9999.000,9999.000,9999.000,9999.000,9999.000
202607231348,   0.323,9999.000,9999.000,9999.000,9999.000,9999.000,9999.000,9999.000,9999.000
202607231354,   0.288,9999.000,9999.000,9999.000,9999.000,9999.000,9999.000,9999.000,9999.000
202607231400,   0.254,9999.000,   0.000,   0.075,   0.329,   0.000,   0.329,   0.100,   0.429
202607231406,   0.222,9999.000,9999.000,9999.000,9999.000,9999.000,9999.000,9999.000,9999.000
202607231412,   0.192,9999.000,9999.000,9999.000,9999.000,9999.000,9999.000,9999.000,9999.000
202607231418,   0.163,9999.000,9999.000,9999.000,9999.000,9999.000,9999.000,9999.000,9999.000
202607231424,   0.135,9999.000,9999.000,9999.000,9999.000,9999.000,9999.000,9999.000,9999.000
202607231430,   0.110,9999.000,9999.000,9999.000,9999.000,9999.000,9999.000,9999.000,9999.000
202607231436,   0.085,9999.000,9999.000,9999.000,9999.000,9999.000,9999.000,9999.000,9999.000
202607231442,   0.063,9999.000,9999.000,9999.000,9999.000,9999.000,9999.000,9999.000,9999.000
202607231448,   0.041,9999.000,9999.000,9999.000,9999.000,9999.000,9999.000,9999.000,9999.000
202607231454,   0.021,9999.000,9999.000,9999.000,9999.000,9999.000,9999.000,9999.000,9999.000
202607231500,   0.003,9999.000,   0.000,   0.075,   0.078,   0.000,   0.078,   0.100,   0.178
202607231506,  -0.013,9999.000,9999.000,9999.000,9999.000,9999.000,9999.000,9999.000,9999.000
202607231512,  -0.030,9999.000,9999.000,9999.000,9999.000,9999.000,9999.000,9999.000,9999.000
202607231518,  -0.045,9999.000,9999.000,9999.000,9999.000,9999.000,9999.000,9999.000,9999.000
202607231524,  -0.058,9999.000,9999.000,9999.000,9999.000,9999.000,9999.000,9999.000,9999.000
202607231530,  -0.071,9999.000,9999.000,9999.000,9999.000,9999.000,9999.000,9999.000,9999.000
202607231536,  -0.083,9999.000,9999.000,9999.000,9999.000,9999.000,9999.000,9999.000,9999.000
202607231542,  -0.093,9999.000,9999.000,9999.000,9999.000,9999.000,9999.000,9999.000,9999.000
202607231548,  -0.103,9999.000,9999.000,9999.000,9999.000,9999.000,9999.000,9999.000,9999.000
202607231554,  -0.111,9999.000,9999.000,9999.000,9999.000,9999.000,9999.000,9999.000,9999.000
202607231600,  -0.118,9999.000,   0.000,   0.075,  -0.043,   0.000,  -0.043,   0.100,   0.057
202607231606,  -0.123,9999.000,9999.000,9999.000,9999.000,9999.000,9999.000,9999.000,9999.000
202607231612,  -0.127,9999.000,9999.000,9999.000,9999.000,9999.000,9999.000,9999.000,9999.000
202607231618,  -0.129,9999.000,9999.000,9999.000,9999.000,9999.000,9999.000,9999.000,9999.000
202607231624,  -0.130,9999.000,9999.000,9999.000,9999.000,9999.000,9999.000,9999.000,9999.000
202607231630,  -0.128,9999.000,9999.000,9999.000,9999.000,9999.000,9999.000,9999.000,9999.000
202607231636,  -0.124,9999.000,9999.000,9999.000,9999.000,9999.000,9999.000,9999.000,9999.000
202607231642,  -0.118,9999.000,9999.000,9999.000,9999.000,9999.000,9999.000,9999.000,9999.000
202607231648,  -0.110,9999.000,9999.000,9999.000,9999.000,9999.000,9999.000,9999.000,9999.000
202607231654,  -0.099,9999.000,9999.000,9999.000,9999.000,9999.000,9999.000,9999.000,9999.000
202607231700,  -0.085,9999.000,   0.000,   0.075,  -0.010,   0.000,  -0.010,   0.100,   0.090
202607231706,  -0.068,9999.000,9999.000,9999.000,9999.000,9999.000,9999.000,9999.000,9999.000
202607231712,  -0.048,9999.000,9999.000,9999.000,9999.000,9999.000,9999.000,9999.000,9999.000
202607231718,  -0.025,9999.000,9999.000,9999.000,9999.000,9999.000,9999.000,9999.000,9999.000
202607231724,   0.000,9999.000,9999.000,9999.000,9999.000,9999.000,9999.000,9999.000,9999.000
202607231730,   0.029,9999.000,9999.000,9999.000,9999.000,9999.000,9999.000,9999.000,9999.000
202607231736,   0.061,9999.000,9999.000,9999.000,9999.000,9999.000,9999.000,9999.000,9999.000
202607231742,   0.095,9999.000,9999.000,9999.000,9999.000,9999.000,9999.000,9999.000,9999.000
202607231748,   0.133,9999.000,9999.000,9999.000,9999.000,9999.000,9999.000,9999.000,9999.000
202607231754,   0.173,9999.000,9999.000,9999.000,9999.000,9999.000,9999.000,9999.000,9999.000
202607231800,   0.215,9999.000,   0.000,   0.075,   0.290,   0.000,   0.290,   0.100,   0.390
202607231806,   0.259,9999.000,9999.000,9999.000,9999.000,9999.000,9999.000,9999.000,9999.000
202607231812,   0.305,9999.000,9999.000,9999.000,9999.000,9999.000,9999.000,9999.000,9999.000
202607231818,   0.352,9999.000,9999.000,9999.000,9999.000,9999.000,9999.000,9999.000,9999.000
202607231824,   0.401,9999.000,9999.000,9999.000,9999.000,9999.000,9999.000,9999.000,9999.000
202607231830,   0.450,9999.000,9999.000,9999.000,9999.000,9999.000,9999.000,9999.000,9999.000
202607231836,   0.500,9999.000,9999.000,9999.000,9999.000,9999.000,9999.000,9999.000,9999.000
202607231842,   0.550,9999.000,9999.000,9999.000,9999.000,9999.000,9999.000,9999.000,9999.000
202607231848,   0.600,9999.000,9999.000,9999.000,9999.000,9999.000,9999.000,9999.000,9999.000
202607231854,   0.649,9999.000,9999.000,9999.000,9999.000,9999.000,9999.000,9999.000,9999.000
202607231900,   0.697,9999.000,   0.000,   0.075,   0.772,   0.000,   0.772,   0.100,   0.872
202607231906,   0.744,9999.000,9999.000,9999.000,9999.000,9999.000,9999.000,9999.000,9999.000
202607231912,   0.790,9999.000,9999.000,9999.000,9999.000,9999.000,9999.000,9999.000,9999.000
202607231918,   0.835,9999.000,9999.000,9999.000,9999.000,9999.000,9999.000,9999.000,9999.000
202607231924,   0.878,9999.000,9999.000,9999.000,9999.000,9999.000,9999.000,9999.000,9999.000
202607231930,   0.919,9999.000,9999.000,9999.000,9999.000,9999.000,9999.000,9999.000,9999.000
202607231936,   0.958,9999.000,9999.000,9999.000,9999.000,9999.000,9999.000,9999.000,9999.000
202607231942,   0.995,9999.000,9999.000,9999.000,9999.000,9999.000,9999.000,9999.000,9999.000
202607231948,   1.030,9999.000,9999.000,9999.000,9999.000,9999.000,9999.000,9999.000,9999.000
202607231954,   1.064,9999.000,9999.000,9999.000,9999.000,9999.000,9999.000,9999.000,9999.000
202607232000,   1.096,9999.000,   0.000,   0.075,   1.171,   0.000,   1.171,   0.100,   1.271
202607232006,   1.126,9999.000,9999.000,9999.000,9999.000,9999.000,9999.000,9999.000,9999.000
202607232012,   1.154,9999.000,9999.000,9999.000,9999.000,9999.000,9999.000,9999.000,9999.000
202607232018,   1.181,9999.000,9999.000,9999.000,9999.000,9999.000,9999.000,9999.000,9999.000
202607232024,   1.206,9999.000,9999.000,9999.000,9999.000,9999.000,9999.000,9999.000,9999.000
202607232030,   1.231,9999.000,9999.000,9999.000,9999.000,9999.000,9999.000,9999.000,9999.000
202607232036,   1.254,9999.000,9999.000,9999.000,9999.000,9999.000,9999.000,9999.000,9999.000
202607232042,   1.276,9999.000,9999.000,9999.000,9999.000,9999.000,9999.000,9999.000,9999.000
202607232048,   1.298,9999.000,9999.000,9999.000,9999.000,9999.000,9999.000,9999.000,9999.000
202607232054,   1.319,9999.000,9999.000,9999.000,9999.000,9999.000,9999.000,9999.000,9999.000
202607232100,   1.339,9999.000,   0.000,   0.075,   1.414,   0.000,   1.414,   0.100,   1.514
202607232106,   1.359,9999.000,9999.000,9999.000,9999.000,9999.000,9999.000,9999.000,9999.000
202607232112,   1.379,9999.000,9999.000,9999.000,9999.000,9999.000,9999.000,9999.000,9999.000
202607232118,   1.398,9999.000,9999.000,9999.000,9999.000,9999.000,9999.000,9999.000,9999.000
202607232124,   1.416,9999.000,9999.000,9999.000,9999.000,9999.000,9999.000,9999.000,9999.000
202607232130,   1.435,9999.000,9999.000,9999.000,9999.000,9999.000,9999.000,9999.000,9999.000
202607232136,   1.452,9999.000,9999.000,9999.000,9999.000,9999.000,9999.000,9999.000,9999.000
202607232142,   1.470,9999.000,9999.000,9999.000,9999.000,9999.000,9999.000,9999.000,9999.000
202607232148,   1.486,9999.000,9999.000,9999.000,9999.000,9999.000,9999.000,9999.000,9999.000
202607232154,   1.503,9999.000,9999.000,9999.000,9999.000,9999.000,9999.000,9999.000,9999.000
202607232200,   1.518,9999.000,   0.000,   0.075,   1.593,   0.000,   1.593,   0.100,   1.693
202607232206,   1.532,9999.000,9999.000,9999.000,9999.000,9999.000,9999.000,9999.000,9999.000
202607232212,   1.546,9999.000,9999.000,9999.000,9999.000,9999.000,9999.000,9999.000,9999.000
202607232218,   1.558,9999.000,9999.000,9999.000,9999.000,9999.000,9999.000,9999.000,9999.000
202607232224,   1.569,9999.000,9999.000,9999.000,9999.000,9999.000,9999.000,9999.000,9999.000
202607232230,   1.579,9999.000,9999.000,9999.000,9999.000,9999.000,9999.000,9999.000,9999.000
202607232236,   1.587,9999.000,9999.000,9999.000,9999.000,9999.000,9999.000,9999.000,9999.000
202607232242,   1.593,9999.000,9999.000,9999.000,9999.000,9999.000,9999.000,9999.000,9999.000
202607232248,   1.598,9999.000,9999.000,9999.000,9999.000,9999.000,9999.000,9999.000,9999.000
202607232254,   1.602,9999.000,9999.000,9999.000,9999.000,9999.000,9999.000,9999.000,9999.000
202607232300,   1.603,9999.000,   0.000,   0.075,   1.678,   0.000,   1.678,   0.100,   1.778
202607232306,   1.603,9999.000,9999.000,9999.000,9999.000,9999.000,9999.000,9999.000,9999.000
202607232312,   1.600,9999.000,9999.000,9999.000,9999.000,9999.000,9999.000,9999.000,9999.000
202607232318,   1.596,9999.000,9999.000,9999.000,9999.000,9999.000,9999.000,9999.000,9999.000
202607232324,   1.589,9999.000,9999.000,9999.000,9999.000,9999.000,9999.000,9999.000,9999.000
202607232330,   1.581,9999.000,9999.000,9999.000,9999.000,9999.000,9999.000,9999.000,9999.000
202607232336,   1.571,9999.000,9999.000,9999.000,9999.000,9999.000,9999.000,9999.000,9999.000
202607232342,   1.558,9999.000,9999.000,9999.000,9999.000,9999.000,9999.000,9999.000,9999.000
202607232348,   1.544,9999.000,9999.000,9999.000,9999.000,9999.000,9999.000,9999.000,9999.000
202607232354,   1.528,9999.000,9999.000,9999.000,9999.000,9999.000,9999.000,9999.000,9999.000
202607240000,   1.510,9999.000,   0.100,   0.075,   1.685,   0.000,   1.585,   0.100,   1.685
202607240006,   1.490,9999.000,9999.000,9999.000,9999.000,9999.000,9999.000,9999.000,9999.000
202607240012,   1.468,9999.000,9999.000,9999.000,9999.000,9999.000,9999.000,9999.000,9999.000
202607240018,   1.445,9999.000,9999.000,9999.000,9999.000,9999.000,9999.000,9999.000,9999.000
202607240024,   1.419,9999.000,9999.000,9999.000,9999.000,9999.000,9999.000,9999.000,9999.000
202607240030,   1.393,9999.000,9999.000,9999.000,9999.000,9999.000,9999.000,9999.000,9999.000
202607240036,   1.365,9999.000,9999.000,9999.000,9999.000,9999.000,9999.000,9999.000,9999.000
202607240042,   1.335,9999.000,9999.000,9999.000,9999.000,9999.000,9999.000,9999.000,9999.000
202607240048,   1.304,9999.000,9999.000,9999.000,9999.000,9999.000,9999.000,9999.000,9999.000
202607240054,   1.272,9999.000,9999.000,9999.000,9999.000,9999.000,9999.000,9999.000,9999.000
202607240100,   1.239,9999.000,   0.100,   0.075,   1.414,   0.000,   1.314,   0.100,   1.414
202607240106,   1.205,9999.000,9999.000,9999.000,9999.000,9999.000,9999.000,9999.000,9999.000
202607240112,   1.170,9999.000,9999.000,9999.000,9999.000,9999.000,9999.000,9999.000,9999.000
202607240118,   1.134,9999.000,9999.000,9999.000,9999.000,9999.000,9999.000,9999.000,9999.000
202607240124,   1.097,9999.000,9999.000,9999.000,9999.000,9999.000,9999.000,9999.000,9999.000
202607240130,   1.061,9999.000,9999.000,9999.000,9999.000,9999.000,9999.000,9999.000,9999.000
202607240136,   1.024,9999.000,9999.000,9999.000,9999.000,9999.000,9999.000,9999.000,9999.000
202607240142,   0.986,9999.000,9999.000,9999.000,9999.000,9999.000,9999.000,9999.000,9999.000
202607240148,   0.949,9999.000,9999.000,9999.000,9999.000,9999.000,9999.000,9999.000,9999.000
202607240154,   0.912,9999.000,9999.000,9999.000,9999.000,9999.000,9999.000,9999.000,9999.000
202607240200,   0.875,9999.000,   0.100,   0.075,   1.050,   0.000,   0.950,   0.100,   1.050
202607240206,   0.838,9999.000,9999.000,9999.000,9999.000,9999.000,9999.000,9999.000,9999.000
202607240212,   0.802,9999.000,9999.000,9999.000,9999.000,9999.000,9999.000,9999.000,9999.000
202607240218,   0.766,9999.000,9999.000,9999.000,9999.000,9999.000,9999.000,9999.000,9999.000
202607240224,   0.731,9999.000,9999.000,9999.000,9999.000,9999.000,9999.000,9999.000,9999.000
202607240230,   0.696,9999.000,9999.000,9999.000,9999.000,9999.000,9999.000,9999.000,9999.000
202607240236,   0.663,9999.000,9999.000,9999.000,9999.000,9999.000,9999.000,9999.000,9999.000
202607240242,   0.630,9999.000,9999.000,9999.000,9999.000,9999.000,9999.000,9999.000,9999.000
202607240248,   0.597,9999.000,9999.000,9999.000,9999.000,9999.000,9999.000,9999.000,9999.000
202607240254,   0.566,9999.000,9999.000,9999.000,9999.000,9999.000,9999.000,9999.000,9999.000
202607240300,   0.535,9999.000,   0.100,   0.075,   0.710,   0.000,   0.610,   0.100,   0.710
202607240306,   0.505,9999.000,9999.000,9999.000,9999.000,9999.000,9999.000,9999.000,9999.000
202607240312,   0.476,9999.000,9999.000,9999.000,9999.000,9999.000,9999.000,9999.000,9999.000
202607240318,   0.448,9999.000,9999.000,9999.000,9999.000,9999.000,9999.000,9999.000,9999.000
202607240324,   0.420,9999.000,9999.000,9999.000,9999.000,9999.000,9999.000,9999.000,9999.000
202607240330,   0.393,9999.000,9999.000,9999.000,9999.000,9999.000,9999.000,9999.000,9999.000
202607240336,   0.366,9999.000,9999.000,9999.000,9999.000,9999.000,9999.000,9999.000,9999.000
202607240342,   0.340,9999.000,9999.000,9999.000,9999.000,9999.000,9999.000,9999.000,9999.000
202607240348,   0.315,9999.000,9999.000,9999.000,9999.000,9999.000,9999.000,9999.000,9999.000
202607240354,   0.290,9999.000,9999.000,9999.000,9999.000,9999.000,9999.000,9999.000,9999.000
202607240400,   0.266,9999.000,   0.100,   0.075,   0.441,   0.000,   0.341,   0.100,   0.441
202607240406,   0.243,9999.000,9999.000,9999.000,9999.000,9999.000,9999.000,9999.000,9999.000
202607240412,   0.221,9999.000,9999.000,9999.000,9999.000,9999.000,9999.000,9999.000,9999.000
202607240418,   0.199,9999.000,9999.000,9999.000,9999.000,9999.000,9999.000,9999.000,9999.000
202607240424,   0.179,9999.000,9999.000,9999.000,9999.000,9999.000,9999.000,9999.000,9999.000
202607240430,   0.159,9999.000,9999.000,9999.000,9999.000,9999.000,9999.000,9999.000,9999.000
202607240436,   0.142,9999.000,9999.000,9999.000,9999.000,9999.000,9999.000,9999.000,9999.000
202607240442,   0.125,9999.000,9999.000,9999.000,9999.000,9999.000,9999.000,9999.000,9999.000
202607240448,   0.111,9999.000,9999.000,9999.000,9999.000,9999.000,9999.000,9999.000,9999.000
202607240454,   0.098,9999.000,9999.000,9999.000,9999.000,9999.000,9999.000,9999.000,9999.000
202607240500,   0.088,9999.000,   0.100,   0.075,   0.263,   0.000,   0.163,   0.100,   0.263
202607240506,   0.080,9999.000,9999.000,9999.000,9999.000,9999.000,9999.000,9999.000,9999.000
202607240512,   0.074,9999.000,9999.000,9999.000,9999.000,9999.000,9999.000,9999.000,9999.000
202607240518,   0.072,9999.000,9999.000,9999.000,9999.000,9999.000,9999.000,9999.000,9999.000
202607240524,   0.072,9999.000,9999.000,9999.000,9999.000,9999.000,9999.000,9999.000,9999.000
202607240530,   0.076,9999.000,9999.000,9999.000,9999.000,9999.000,9999.000,9999.000,9999.000
202607240536,   0.083,9999.000,9999.000,9999.000,9999.000,9999.000,9999.000,9999.000,9999.000
202607240542,   0.093,9999.000,9999.000,9999.000,9999.000,9999.000,9999.000,9999.000,9999.000
202607240548,   0.107,9999.000,9999.000,9999.000,9999.000,9999.000,9999.000,9999.000,9999.000
202607240554,   0.124,9999.000,9999.000,9999.000,9999.000,9999.000,9999.000,9999.000,9999.000
202607240600,   0.144,9999.000,   0.000,   0.075,   0.219,   0.000,   0.219,   0.100,   0.319
202607240606,   0.168,9999.000,9999.000,9999.000,9999.000,9999.000,9999.000,9999.000,9999.000
202607240612,   0.195,9999.000,9999.000,9999.000,9999.000,9999.000,9999.000,9999.000,9999.000
202607240618,   0.225,9999.000,9999.000,9999.000,9999.000,9999.000,9999.000,9999.000,9999.000
202607240624,   0.258,9999.000,9999.000,9999.000,9999.000,9999.000,9999.000,9999.000,9999.000
202607240630,   0.294,9999.000,9999.000,9999.000,9999.000,9999.000,9999.000,9999.000,9999.000
202607240636,   0.332,9999.000,9999.000,9999.000,9999.000,9999.000,9999.000,9999.000,9999.000
202607240642,   0.372,9999.000,9999.000,9999.000,9999.000,9999.000,9999.000,9999.000,9999.000
202607240648,   0.414,9999.000,9999.000,9999.000,9999.000,9999.000,9999.000,9999.000,9999.000
202607240654,   0.457,9999.000,9999.000,9999.000,9999.000,9999.000,9999.000,9999.000,9999.000
202607240700,   0.501,9999.000,   0.000,   0.075,   0.576,   0.000,   0.576,   0.100,   0.676
202607240706,   0.546,9999.000,9999.000,9999.000,9999.000,9999.000,9999.000,9999.000,9999.000
202607240712,   0.591,9999.000,9999.000,9999.000,9999.000,9999.000,9999.000,9999.000,9999.000
202607240718,   0.636,9999.000,9999.000,9999.000,9999.000,9999.000,9999.000,9999.000,9999.000
202607240724,   0.681,9999.000,9999.000,9999.000,9999.000,9999.000,9999.000,9999.000,9999.000
202607240730,   0.726,9999.000,9999.000,9999.000,9999.000,9999.000,9999.000,9999.000,9999.000
202607240736,   0.769,9999.000,9999.000,9999.000,9999.000,9999.000,9999.000,9999.000,9999.000
202607240742,   0.812,9999.000,9999.000,9999.000,9999.000,9999.000,9999.000,9999.000,9999.000
202607240748,   0.853,9999.000,9999.000,9999.000,9999.000,9999.000,9999.000,9999.000,9999.000
202607240754,   0.893,9999.000,9999.000,9999.000,9999.000,9999.000,9999.000,9999.000,9999.000
202607240800,   0.931,9999.000,   0.000,   0.075,   1.006,   0.000,   1.006,   0.100,   1.106
202607240806,   0.967,9999.000,9999.000,9999.000,9999.000,9999.000,9999.000,9999.000,9999.000
202607240812,   1.002,9999.000,9999.000,9999.000,9999.000,9999.000,9999.000,9999.000,9999.000
202607240818,   1.036,9999.000,9999.000,9999.000,9999.000,9999.000,9999.000,9999.000,9999.000
202607240824,   1.067,9999.000,9999.000,9999.000,9999.000,9999.000,9999.000,9999.000,9999.000
202607240830,   1.097,9999.000,9999.000,9999.000,9999.000,9999.000,9999.000,9999.000,9999.000
202607240836,   1.125,9999.000,9999.000,9999.000,9999.000,9999.000,9999.000,9999.000,9999.000
202607240842,   1.152,9999.000,9999.000,9999.000,9999.000,9999.000,9999.000,9999.000,9999.000
202607240848,   1.177,9999.000,9999.000,9999.000,9999.000,9999.000,9999.000,9999.000,9999.000
202607240854,   1.201,9999.000,9999.000,9999.000,9999.000,9999.000,9999.000,9999.000,9999.000
202607240900,   1.224,9999.000,   0.000,   0.075,   1.299,   0.000,   1.299,   0.100,   1.399
202607240906,   1.245,9999.000,9999.000,9999.000,9999.000,9999.000,9999.000,9999.000,9999.000
202607240912,   1.266,9999.000,9999.000,9999.000,9999.000,9999.000,9999.000,9999.000,9999.000
202607240918,   1.285,9999.000,9999.000,9999.000,9999.000,9999.000,9999.000,9999.000,9999.000
202607240924,   1.304,9999.000,9999.000,9999.000,9999.000,9999.000,9999.000,9999.000,9999.000
202607240930,   1.322,9999.000,9999.000,9999.000,9999.000,9999.000,9999.000,9999.000,9999.000
202607240936,   1.339,9999.000,9999.000,9999.000,9999.000,9999.000,9999.000,9999.000,9999.000
202607240942,   1.355,9999.000,9999.000,9999.000,9999.000,9999.000,9999.000,9999.000,9999.000
202607240948,   1.371,9999.000,9999.000,9999.000,9999.000,9999.000,9999.000,9999.000,9999.000
202607240954,   1.385,9999.000,9999.000,9999.000,9999.000,9999.000,9999.000,9999.000,9999.000
202607241000,   1.399,9999.000,   0.000,   0.075,   1.474,   0.000,   1.474,   0.100,   1.574
202607241006,   1.411,9999.000,9999.000,9999.000,9999.000,9999.000,9999.000,9999.000,9999.000
202607241012,   1.423,9999.000,9999.000,9999.000,9999.000,9999.000,9999.000,9999.000,9999.000
202607241018,   1.433,9999.000,9999.000,9999.000,9999.000,9999.000,9999.000,9999.000,9999.000
202607241024,   1.442,9999.000,9999.000,9999.000,9999.000,9999.000,9999.000,9999.000,9999.000
202607241030,   1.450,9999.000,9999.000,9999.000,9999.000,9999.000,9999.000,9999.000,9999.000
202607241036,   1.456,9999.000,9999.000,9999.000,9999.000,9999.000,9999.000,9999.000,9999.000
202607241042,   1.461,9999.000,9999.000,9999.000,9999.000,9999.000,9999.000,9999.000,9999.000
202607241048,   1.464,9999.000,9999.000,9999.000,9999.000,9999.000,9999.000,9999.000,9999.000
202607241054,   1.465,9999.000,9999.000,9999.000,9999.000,9999.000,9999.000,9999.000,9999.000
202607241100,   1.463,9999.000,   0.000,   0.075,   1.538,   0.000,   1.538,   0.100,   1.638
202607241106,   1.460,9999.000,9999.000,9999.000,9999.000,9999.000,9999.000,9999.000,9999.000
202607241112,   1.455,9999.000,9999.000,9999.000,9999.000,9999.000,9999.000,9999.000,9999.000
202607241118,   1.448,9999.000,9999.000,9999.000,9999.000,9999.000,9999.000,9999.000,9999.000
202607241124,   1.438,9999.000,9999.000,9999.000,9999.000,9999.000,9999.000,9999.000,9999.000
202607241130,   1.426,9999.000,9999.000,9999.000,9999.000,9999.000,9999.000,9999.000,9999.000
202607241136,   1.412,9999.000,9999.000,9999.000,9999.000,9999.000,9999.000,9999.000,9999.000
202607241142,   1.395,9999.000,9999.000,9999.000,9999.000,9999.000,9999.000,9999.000,9999.000
202607241148,   1.377,9999.000,9999.000,9999.000,9999.000,9999.000,9999.000,9999.000,9999.000
202607241154,   1.356,9999.000,9999.000,9999.000,9999.000,9999.000,9999.000,9999.000,9999.000
202607241200,   1.333,9999.000,   0.000,   0.075,   1.408,   0.000,   1.408,   0.100,   1.508
202607241206,   1.308,9999.000,9999.000,9999.000,9999.000,9999.000,9999.000,9999.000,9999.000
202607241212,   1.280,9999.000,9999.000,9999.000,9999.000,9999.000,9999.000,9999.000,9999.000
202607241218,   1.251,9999.000,9999.000,9999.000,9999.000,9999.000,9999.000,9999.000,9999.000
202607241224,   1.220,9999.000,9999.000,9999.000,9999.000,9999.000,9999.000,9999.000,9999.000
202607241230,   1.187,9999.000,9999.000,9999.000,9999.000,9999.000,9999.000,9999.000,9999.000
202607241236,   1.153,9999.000,9999.000,9999.000,9999.000,9999.000,9999.000,9999.000,9999.000
202607241242,   1.117,9999.000,9999.000,9999.000,9999.000,9999.000,9999.000,9999.000,9999.000
202607241248,   1.079,9999.000,9999.000,9999.000,9999.000,9999.000,9999.000,9999.000,9999.000
202607241254,   1.040,9999.000,9999.000,9999.000,9999.000,9999.000,9999.000,9999.000,9999.000
202607241300,   1.001,9999.000,   0.000,   0.075,   1.076,   0.000,   1.076,   0.100,   1.176
202607241306,   0.960,9999.000,9999.000,9999.000,9999.000,9999.000,9999.000,9999.000,9999.000
202607241312,   0.918,9999.000,9999.000,9999.000,9999.000,9999.000,9999.000,9999.000,9999.000
202607241318,   0.876,9999.000,9999.000,9999.000,9999.000,9999.000,9999.000,9999.000,9999.000
202607241324,   0.833,9999.000,9999.000,9999.000,9999.000,9999.000,9999.000,9999.000,9999.000
202607241330,   0.789,9999.000,9999.000,9999.000,9999.000,9999.000,9999.000,9999.000,9999.000
202607241336,   0.746,9999.000,9999.000,9999.000,9999.000,9999.000,9999.000,9999.000,9999.000
202607241342,   0.702,9999.000,9999.000,9999.000,9999.000,9999.000,9999.000,9999.000,9999.000
202607241348,   0.659,9999.000,9999.000,9999.000,9999.000,9999.000,9999.000,9999.000,9999.000
202607241354,   0.616,9999.000,9999.000,9999.000,9999.000,9999.000,9999.000,9999.000,9999.000
202607241400,   0.573,9999.000,   0.000,   0.075,   0.648,   0.000,   0.648,   0.100,   0.748
202607241406,   0.531,9999.000,9999.000,9999.000,9999.000,9999.000,9999.000,9999.000,9999.000
202607241412,   0.490,9999.000,9999.000,9999.000,9999.000,9999.000,9999.000,9999.000,9999.000
202607241418,   0.450,9999.000,9999.000,9999.000,9999.000,9999.000,9999.000,9999.000,9999.000
202607241424,   0.411,9999.000,9999.000,9999.000,9999.000,9999.000,9999.000,9999.000,9999.000
202607241430,   0.373,9999.000,9999.000,9999.000,9999.000,9999.000,9999.000,9999.000,9999.000
202607241436,   0.336,9999.000,9999.000,9999.000,9999.000,9999.000,9999.000,9999.000,9999.000
202607241442,   0.301,9999.000,9999.000,9999.000,9999.000,9999.000,9999.000,9999.000,9999.000
202607241448,   0.268,9999.000,9999.000,9999.000,9999.000,9999.000,9999.000,9999.000,9999.000
202607241454,   0.236,9999.000,9999.000,9999.000,9999.000,9999.000,9999.000,9999.000,9999.000
202607241500,   0.205,9999.000,   0.000,   0.075,   0.280,   0.000,   0.280,   0.100,   0.380
202607241506,   0.177,9999.000,9999.000,9999.000,9999.000,9999.000,9999.000,9999.000,9999.000
202607241512,   0.150,9999.000,9999.000,9999.000,9999.000,9999.000,9999.000,9999.000,9999.000
202607241518,   0.125,9999.000,9999.000,9999.000,9999.000,9999.000,9999.000,9999.000,9999.000
202607241524,   0.101,9999.000,9999.000,9999.000,9999.000,9999.000,9999.000,9999.000,9999.000
202607241530,   0.079,9999.000,9999.000,9999.000,9999.000,9999.000,9999.000,9999.000,9999.000
202607241536,   0.059,9999.000,9999.000,9999.000,9999.000,9999.000,9999.000,9999.000,9999.000
202607241542,   0.040,9999.000,9999.000,9999.000,9999.000,9999.000,9999.000,9999.000,9999.000
202607241548,   0.022,9999.000,9999.000,9999.000,9999.000,9999.000,9999.000,9999.000,9999.000
202607241554,   0.006,9999.000,9999.000,9999.000,9999.000,9999.000,9999.000,9999.000,9999.000
202607241600,  -0.008,9999.000,   0.000,   0.075,   0.067,   0.000,   0.067,   0.100,   0.167
202607241606,  -0.022,9999.000,9999.000,9999.000,9999.000,9999.000,9999.000,9999.000,9999.000
202607241612,  -0.035,9999.000,9999.000,9999.000,9999.000,9999.000,9999.000,9999.000,9999.000
202607241618,  -0.046,9999.000,9999.000,9999.000,9999.000,9999.000,9999.000,9999.000,9999.000
202607241624,  -0.057,9999.000,9999.000,9999.000,9999.000,9999.000,9999.000,9999.000,9999.000
202607241630,  -0.066,9999.000,9999.000,9999.000,9999.000,9999.000,9999.000,9999.000,9999.000
202607241636,  -0.074,9999.000,9999.000,9999.000,9999.000,9999.000,9999.000,9999.000,9999.000
202607241642,  -0.081,9999.000,9999.000,9999.000,9999.000,9999.000,9999.000,9999.000,9999.000
202607241648,  -0.087,9999.000,9999.000,9999.000,9999.000,9999.000,9999.000,9999.000,9999.000
202607241654,  -0.092,9999.000,9999.000,9999.000,9999.000,9999.000,9999.000,9999.000,9999.000
202607241700,  -0.095,9999.000,   0.000,   0.075,  -0.020,   0.000,  -0.020,   0.100,   0.080
202607241706,  -0.097,9999.000,9999.000,9999.000,9999.000,9999.000,9999.000,9999.000,9999.000
202607241712,  -0.096,9999.000,9999.000,9999.000,9999.000,9999.000,9999.000,9999.000,9999.000
202607241718,  -0.094,9999.000,9999.000,9999.000,9999.000,9999.000,9999.000,9999.000,9999.000
202607241724,  -0.091,9999.000,9999.000,9999.000,9999.000,9999.000,9999.000,9999.000,9999.000
202607241730,  -0.084,9999.000,9999.000,9999.000,9999.000,9999.000,9999.000,9999.000,9999.000
202607241736,  -0.076,9999.000,9999.000,9999.000,9999.000,9999.000,9999.000,9999.000,9999.000
202607241742,  -0.065,9999.000,9999.000,9999.000,9999.000,9999.000,9999.000,9999.000,9999.000
202607241748,  -0.052,9999.000,9999.000,9999.000,9999.000,9999.000,9999.000,9999.000,9999.000
202607241754,  -0.035,9999.000,9999.000,9999.000,9999.000,9999.000,9999.000,9999.000,9999.000
202607241800,  -0.016,9999.000,   0.000,   0.075,   0.059,   0.000,   0.059,   0.100,   0.159
202607241806,   0.005,9999.000,9999.000,9999.000,9999.000,9999.000,9999.000,9999.000,9999.000
202607241812,   0.030,9999.000,9999.000,9999.000,9999.000,9999.000,9999.000,9999.000,9999.000
202607241818,   0.058,9999.000,9999.000,9999.000,9999.000,9999.000,9999.000,9999.000,9999.000
202607241824,   0.088,9999.000,9999.000,9999.000,9999.000,9999.000,9999.000,9999.000,9999.000
202607241830,   0.122,9999.000,9999.000,9999.000,9999.000,9999.000,9999.000,9999.000,9999.000
202607241836,   0.158,9999.000,9999.000,9999.000,9999.000,9999.000,9999.000,9999.000,9999.000
202607241842,   0.197,9999.000,9999.000,9999.000,9999.000,9999.000,9999.000,9999.000,9999.000
202607241848,   0.238,9999.000,9999.000,9999.000,9999.000,9999.000,9999.000,9999.000,9999.000
202607241854,   0.281,9999.000,9999.000,9999.000,9999.000,9999.000,9999.000,9999.000,9999.000
202607241900,   0.326,9999.000,   0.000,   0.075,   0.401,   0.000,   0.401,   0.100,   0.501
202607241906,   0.372,9999.000,9999.000,9999.000,9999.000,9999.000,9999.000,9999.000,9999.000
202607241912,   0.420,9999.000,9999.000,9999.000,9999.000,9999.000,9999.000,9999.000,9999.000
202607241918,   0.469,9999.000,9999.000,9999.000,9999.000,9999.000,9999.000,9999.000,9999.000
202607241924,   0.518,9999.000,9999.000,9999.000,9999.000,9999.000,9999.000,9999.000,9999.000
202607241930,   0.567,9999.000,9999.000,9999.000,9999.000,9999.000,9999.000,9999.000,9999.000
202607241936,   0.616,9999.000,9999.000,9999.000,9999.000,9999.000,9999.000,9999.000,9999.000
202607241942,   0.665,9999.000,9999.000,9999.000,9999.000,9999.000,9999.000,9999.000,9999.000
202607241948,   0.713,9999.000,9999.000,9999.000,9999.000,9999.000,9999.000,9999.000,9999.000
202607241954,   0.760,9999.000,9999.000,9999.000,9999.000,9999.000,9999.000,9999.000,9999.000
202607242000,   0.806,9999.000,   0.000,   0.075,   0.881,   0.000,   0.881,   0.100,   0.981
202607242006,   0.850,9999.000,9999.000,9999.000,9999.000,9999.000,9999.000,9999.000,9999.000
202607242012,   0.893,9999.000,9999.000,9999.000,9999.000,9999.000,9999.000,9999.000,9999.000
202607242018,   0.934,9999.000,9999.000,9999.000,9999.000,9999.000,9999.000,9999.000,9999.000
202607242024,   0.974,9999.000,9999.000,9999.000,9999.000,9999.000,9999.000,9999.000,9999.000
202607242030,   1.011,9999.000,9999.000,9999.000,9999.000,9999.000,9999.000,9999.000,9999.000
202607242036,   1.047,9999.000,9999.000,9999.000,9999.000,9999.000,9999.000,9999.000,9999.000
202607242042,   1.081,9999.000,9999.000,9999.000,9999.000,9999.000,9999.000,9999.000,9999.000
202607242048,   1.113,9999.000,9999.000,9999.000,9999.000,9999.000,9999.000,9999.000,9999.000
202607242054,   1.143,9999.000,9999.000,9999.000,9999.000,9999.000,9999.000,9999.000,9999.000
202607242100,   1.172,9999.000,   0.000,   0.075,   1.247,   0.000,   1.247,   0.100,   1.347
202607242106,   1.200,9999.000,9999.000,9999.000,9999.000,9999.000,9999.000,9999.000,9999.000
202607242112,   1.226,9999.000,9999.000,9999.000,9999.000,9999.000,9999.000,9999.000,9999.000
202607242118,   1.250,9999.000,9999.000,9999.000,9999.000,9999.000,9999.000,9999.000,9999.000
202607242124,   1.274,9999.000,9999.000,9999.000,9999.000,9999.000,9999.000,9999.000,9999.000
202607242130,   1.297,9999.000,9999.000,9999.000,9999.000,9999.000,9999.000,9999.000,9999.000
202607242136,   1.319,9999.000,9999.000,9999.000,9999.000,9999.000,9999.000,9999.000,9999.000
202607242142,   1.341,9999.000,9999.000,9999.000,9999.000,9999.000,9999.000,9999.000,9999.000
202607242148,   1.362,9999.000,9999.000,9999.000,9999.000,9999.000,9999.000,9999.000,9999.000
202607242154,   1.382,9999.000,9999.000,9999.000,9999.000,9999.000,9999.000,9999.000,9999.000
202607242200,   1.402,9999.000,   0.000,   0.075,   1.477,   0.000,   1.477,   0.100,   1.577
202607242206,   1.422,9999.000,9999.000,9999.000,9999.000,9999.000,9999.000,9999.000,9999.000
202607242212,   1.441,9999.000,9999.000,9999.000,9999.000,9999.000,9999.000,9999.000,9999.000
202607242218,   1.460,9999.000,9999.000,9999.000,9999.000,9999.000,9999.000,9999.000,9999.000
202607242224,   1.479,9999.000,9999.000,9999.000,9999.000,9999.000,9999.000,9999.000,9999.000
202607242230,   1.497,9999.000,9999.000,9999.000,9999.000,9999.000,9999.000,9999.000,9999.000
202607242236,   1.514,9999.000,9999.000,9999.000,9999.000,9999.000,9999.000,9999.000,9999.000
202607242242,   1.531,9999.000,9999.000,9999.000,9999.000,9999.000,9999.000,9999.000,9999.000
202607242248,   1.547,9999.000,9999.000,9999.000,9999.000,9999.000,9999.000,9999.000,9999.000
202607242254,   1.563,9999.000,9999.000,9999.000,9999.000,9999.000,9999.000,9999.000,9999.000
202607242300,   1.577,9999.000,   0.000,   0.075,   1.652,   0.000,   1.652,   0.100,   1.752
202607242306,   1.590,9999.000,9999.000,9999.000,9999.000,9999.000,9999.000,9999.000,9999.000
202607242312,   1.603,9999.000,9999.000,9999.000,9999.000,9999.000,9999.000,9999.000,9999.000
202607242318,   1.613,9999.000,9999.000,9999.000,9999.000,9999.000,9999.000,9999.000,9999.000
202607242324,   1.623,9999.000,9999.000,9999.000,9999.000,9999.000,9999.000,9999.000,9999.000
202607242330,   1.630,9999.000,9999.000,9999.000,9999.000,9999.000,9999.000,9999.000,9999.000
202607242336,   1.636,9999.000,9999.000,9999.000,9999.000,9999.000,9999.000,9999.000,9999.000
202607242342,   1.641,9999.000,9999.000,9999.000,9999.000,9999.000,9999.000,9999.000,9999.000
202607242348,   1.643,9999.000,9999.000,9999.000,9999.000,9999.000,9999.000,9999.000,9999.000
202607242354,   1.644,9999.000,9999.000,9999.000,9999.000,9999.000,9999.000,9999.000,9999.000
202607250000,   1.642,9999.000,   0.000,   0.075,   1.717,   0.000,   1.717,   0.100,   1.817
202607250006,   1.639,9999.000,9999.000,9999.000,9999.000,9999.000,9999.000,9999.000,9999.000
202607250012,   1.633,9999.000,9999.000,9999.000,9999.000,9999.000,9999.000,9999.000,9999.000
202607250018,   1.625,9999.000,9999.000,9999.000,9999.000,9999.000,9999.000,9999.000,9999.000
202607250024,   1.616,9999.000,9999.000,9999.000,9999.000,9999.000,9999.000,9999.000,9999.000
202607250030,   1.604,9999.000,9999.000,9999.000,9999.000,9999.000,9999.000,9999.000,9999.000
202607250036,   1.590,9999.000,9999.000,9999.000,9999.000,9999.000,9999.000,9999.000,9999.000
202607250042,   1.575,9999.000,9999.000,9999.000,9999.000,9999.000,9999.000,9999.000,9999.000
202607250048,   1.557,9999.000,9999.000,9999.000,9999.000,9999.000,9999.000,9999.000,9999.000
202607250054,   1.537,9999.000,9999.000,9999.000,9999.000,9999.000,9999.000,9999.000,9999.000
202607250100,   1.516,9999.000,   0.000,   0.075,   1.591,   0.000,   1.591,   0.100,   1.691
202607250106,   1.493,9999.000,9999.000,9999.000,9999.000,9999.000,9999.000,9999.000,9999.000
202607250112,   1.468,9999.000,9999.000,9999.000,9999.000,9999.000,9999.000,9999.000,9999.000
202607250118,   1.441,9999.000,9999.000,9999.000,9999.000,9999.000,9999.000,9999.000,9999.000
202607250124,   1.413,9999.000,9999.000,9999.000,9999.000,9999.000,9999.000,9999.000,9999.000
202607250130,   1.383,9999.000,9999.000,9999.000,9999.000,9999.000,9999.000,9999.000,9999.000
202607250136,   1.352,9999.000,9999.000,9999.000,9999.000,9999.000,9999.000,9999.000,9999.000
202607250142,   1.319,9999.000,9999.000,9999.000,9999.000,9999.000,9999.000,9999.000,9999.000
202607250148,   1.286,9999.000,9999.000,9999.000,9999.000,9999.000,9999.000,9999.000,9999.000
202607250154,   1.251,9999.000,9999.000,9999.000,9999.000,9999.000,9999.000,9999.000,9999.000
202607250200,   1.216,9999.000,   0.000,   0.075,   1.291,   0.000,   1.291,   0.100,   1.391
202607250206,   1.179,9999.000,9999.000,9999.000,9999.000,9999.000,9999.000,9999.000,9999.000
202607250212,   1.142,9999.000,9999.000,9999.000,9999.000,9999.000,9999.000,9999.000,9999.000
202607250218,   1.105,9999.000,9999.000,9999.000,9999.000,9999.000,9999.000,9999.000,9999.000
202607250224,   1.067,9999.000,9999.000,9999.000,9999.000,9999.000,9999.000,9999.000,9999.000
202607250230,   1.029,9999.000,9999.000,9999.000,9999.000,9999.000,9999.000,9999.000,9999.000
202607250236,   0.991,9999.000,9999.000,9999.000,9999.000,9999.000,9999.000,9999.000,9999.000
202607250242,   0.953,9999.000,9999.000,9999.000,9999.000,9999.000,9999.000,9999.000,9999.000
202607250248,   0.915,9999.000,9999.000,9999.000,9999.000,9999.000,9999.000,9999.000,9999.000
202607250254,   0.877,9999.000,9999.000,9999.000,9999.000,9999.000,9999.000,9999.000,9999.000
202607250300,   0.840,9999.000,   0.000,   0.075,   0.915,   0.000,   0.915,   0.100,   1.015
202607250306,   0.803,9999.000,9999.000,9999.000,9999.000,9999.000,9999.000,9999.000,9999.000
202607250312,   0.767,9999.000,9999.000,9999.000,9999.000,9999.000,9999.000,9999.000,9999.000
202607250318,   0.732,9999.000,9999.000,9999.000,9999.000,9999.000,9999.000,9999.000,9999.000
202607250324,   0.697,9999.000,9999.000,9999.000,9999.000,9999.000,9999.000,9999.000,9999.000
202607250330,   0.663,9999.000,9999.000,9999.000,9999.000,9999.000,9999.000,9999.000,9999.000
202607250336,   0.630,9999.000,9999.000,9999.000,9999.000,9999.000,9999.000,9999.000,9999.000
202607250342,   0.597,9999.000,9999.000,9999.000,9999.000,9999.000,9999.000,9999.000,9999.000
202607250348,   0.566,9999.000,9999.000,9999.000,9999.000,9999.000,9999.000,9999.000,9999.000
202607250354,   0.535,9999.000,9999.000,9999.000,9999.000,9999.000,9999.000,9999.000,9999.000
202607250400,   0.505,9999.000,   0.000,   0.075,   0.580,   0.000,   0.580,   0.100,   0.680
202607250406,   0.476,9999.000,9999.000,9999.000,9999.000,9999.000,9999.000,9999.000,9999.000
202607250412,   0.447,9999.000,9999.000,9999.000,9999.000,9999.000,9999.000,9999.000,9999.000
202607250418,   0.419,9999.000,9999.000,9999.000,9999.000,9999.000,9999.000,9999.000,9999.000
202607250424,   0.392,9999.000,9999.000,9999.000,9999.000,9999.000,9999.000,9999.000,9999.000
202607250430,   0.365,9999.000,9999.000,9999.000,9999.000,9999.000,9999.000,9999.000,9999.000
202607250436,   0.339,9999.000,9999.000,9999.000,9999.000,9999.000,9999.000,9999.000,9999.000
202607250442,   0.314,9999.000,9999.000,9999.000,9999.000,9999.000,9999.000,9999.000,9999.000
202607250448,   0.289,9999.000,9999.000,9999.000,9999.000,9999.000,9999.000,9999.000,9999.000
202607250454,   0.265,9999.000,9999.000,9999.000,9999.000,9999.000,9999.000,9999.000,9999.000
202607250500,   0.242,9999.000,   0.000,   0.075,   0.317,   0.000,   0.317,   0.100,   0.417
202607250506,   0.220,9999.000,9999.000,9999.000,9999.000,9999.000,9999.000,9999.000,9999.000
202607250512,   0.198,9999.000,9999.000,9999.000,9999.000,9999.000,9999.000,9999.000,9999.000
202607250518,   0.178,9999.000,9999.000,9999.000,9999.000,9999.000,9999.000,9999.000,9999.000
202607250524,   0.159,9999.000,9999.000,9999.000,9999.000,9999.000,9999.000,9999.000,9999.000
202607250530,   0.141,9999.000,9999.000,9999.000,9999.000,9999.000,9999.000,9999.000,9999.000
202607250536,   0.125,9999.000,9999.000,9999.000,9999.000,9999.000,9999.000,9999.000,9999.000
202607250542,   0.111,9999.000,9999.000,9999.000,9999.000,9999.000,9999.000,9999.000,9999.000
202607250548,   0.100,9999.000,9999.000,9999.000,9999.000,9999.000,9999.000,9999.000,9999.000
202607250554,   0.090,9999.000,9999.000,9999.000,9999.000,9999.000,9999.000,9999.000,9999.000
202607250600,   0.083,9999.000,   0.000,   0.075,   0.158,   0.000,   0.158,   0.100,   0.258
202607250606,   0.078,9999.000,9999.000,9999.000,9999.000,9999.000,9999.000,9999.000,9999.000
202607250612,   0.077,9999.000,9999.000,9999.000,9999.000,9999.000,9999.000,9999.000,9999.000
202607250618,   0.079,9999.000,9999.000,9999.000,9999.000,9999.000,9999.000,9999.000,9999.000
202607250624,   0.084,9999.000,9999.000,9999.000,9999.000,9999.000,9999.000,9999.000,9999.000
202607250630,   0.092,9999.000,9999.000,9999.000,9999.000,9999.000,9999.000,9999.000,9999.000
202607250636,   0.103,9999.000,9999.000,9999.000,9999.000,9999.000,9999.000,9999.000,9999.000
202607250642,   0.118,9999.000,9999.000,9999.000,9999.000,9999.000,9999.000,9999.000,9999.000
202607250648,   0.137,9999.000,9999.000,9999.000,9999.000,9999.000,9999.000,9999.000,9999.000
202607250654,   0.159,9999.000,9999.000,9999.000,9999.000,9999.000,9999.000,9999.000,9999.000
202607250700,   0.184,9999.000,   0.000,   0.075,   0.259,   0.000,   0.259,   0.100,   0.359
202607250706,   0.212,9999.000,9999.000,9999.000,9999.000,9999.000,9999.000,9999.000,9999.000
202607250712,   0.243,9999.000,9999.000,9999.000,9999.000,9999.000,9999.000,9999.000,9999.000
202607250718,   0.277,9999.000,9999.000,9999.000,9999.000,9999.000,9999.000,9999.000,9999.000
202607250724,   0.314,9999.000,9999.000,9999.000,9999.000,9999.000,9999.000,9999.000,9999.000
202607250730,   0.353,9999.000,9999.000,9999.000,9999.000,9999.000,9999.000,9999.000,9999.000
202607250736,   0.393,9999.000,9999.000,9999.000,9999.000,9999.000,9999.000,9999.000,9999.000
202607250742,   0.436,9999.000,9999.000,9999.000,9999.000,9999.000,9999.000,9999.000,9999.000
202607250748,   0.479,9999.000,9999.000,9999.000,9999.000,9999.000,9999.000,9999.000,9999.000
202607250754,   0.523,9999.000,9999.000,9999.000,9999.000,9999.000,9999.000,9999.000,9999.000
202607250800,   0.568,9999.000,   0.000,   0.075,   0.643,   0.000,   0.643,   0.100,   0.743
202607250806,   0.614,9999.000,9999.000,9999.000,9999.000,9999.000,9999.000,9999.000,9999.000
202607250812,   0.659,9999.000,9999.000,9999.000,9999.000,9999.000,9999.000,9999.000,9999.000
202607250818,   0.703,9999.000,9999.000,9999.000,9999.000,9999.000,9999.000,9999.000,9999.000
202607250824,   0.747,9999.000,9999.000,9999.000,9999.000,9999.000,9999.000,9999.000,9999.000
202607250830,   0.790,9999.000,9999.000,9999.000,9999.000,9999.000,9999.000,9999.000,9999.000
202607250836,   0.832,9999.000,9999.000,9999.000,9999.000,9999.000,9999.000,9999.000,9999.000
202607250842,   0.873,9999.000,9999.000,9999.000,9999.000,9999.000,9999.000,9999.000,9999.000
202607250848,   0.912,9999.000,9999.000,9999.000,9999.000,9999.000,9999.000,9999.000,9999.000
202607250854,   0.949,9999.000,9999.000,9999.000,9999.000,9999.000,9999.000,9999.000,9999.000
202607250900,   0.985,9999.000,   0.000,   0.075,   1.060,   0.000,   1.060,   0.100,   1.160
202607250906,   1.019,9999.000,9999.000,9999.000,9999.000,9999.000,9999.000,9999.000,9999.000
202607250912,   1.052,9999.000,9999.000,9999.000,9999.000,9999.000,9999.000,9999.000,9999.000
202607250918,   1.083,9999.000,9999.000,9999.000,9999.000,9999.000,9999.000,9999.000,9999.000
202607250924,   1.112,9999.000,9999.000,9999.000,9999.000,9999.000,9999.000,9999.000,9999.000
202607250930,   1.140,9999.000,9999.000,9999.000,9999.000,9999.000,9999.000,9999.000,9999.000
202607250936,   1.167,9999.000,9999.000,9999.000,9999.000,9999.000,9999.000,9999.000,9999.000
202607250942,   1.192,9999.000,9999.000,9999.000,9999.000,9999.000,9999.000,9999.000,9999.000
202607250948,   1.216,9999.000,9999.000,9999.000,9999.000,9999.000,9999.000,9999.000,9999.000
202607250954,   1.239,9999.000,9999.000,9999.000,9999.000,9999.000,9999.000,9999.000,9999.000
202607251000,   1.260,9999.000,   0.000,   0.075,   1.335,   0.000,   1.335,   0.100,   1.435
202607251006,   1.281,9999.000,9999.000,9999.000,9999.000,9999.000,9999.000,9999.000,9999.000
202607251012,   1.301,9999.000,9999.000,9999.000,9999.000,9999.000,9999.000,9999.000,9999.000
202607251018,   1.320,9999.000,9999.000,9999.000,9999.000,9999.000,9999.000,9999.000,9999.000
202607251024,   1.338,9999.000,9999.000,9999.000,9999.000,9999.000,9999.000,9999.000,9999.000
202607251030,   1.355,9999.000,9999.000,9999.000,9999.000,9999.000,9999.000,9999.000,9999.000
202607251036,   1.371,9999.000,9999.000,9999.000,9999.000,9999.000,9999.000,9999.000,9999.000
202607251042,   1.387,9999.000,9999.000,9999.000,9999.000,9999.000,9999.000,9999.000,9999.000
202607251048,   1.401,9999.000,9999.000,9999.000,9999.000,9999.000,9999.000,9999.000,9999.000
202607251054,   1.415,9999.000,9999.000,9999.000,9999.000,9999.000,9999.000,9999.000,9999.000
202607251100,   1.427,9999.000,   0.000,   0.075,   1.502,   0.000,   1.502,   0.100,   1.602
202607251106,   1.439,9999.000,9999.000,9999.000,9999.000,9999.000,9999.000,9999.000,9999.000
202607251112,   1.449,9999.000,9999.000,9999.000,9999.000,9999.000,9999.000,9999.000,9999.000
202607251118,   1.457,9999.000,9999.000,9999.000,9999.000,9999.000,9999.000,9999.000,9999.000
202607251124,   1.464,9999.000,9999.000,9999.000,9999.000,9999.000,9999.000,9999.000,9999.000
202607251130,   1.469,9999.000,9999.000,9999.000,9999.000,9999.000,9999.000,9999.000,9999.000
202607251136,   1.473,9999.000,9999.000,9999.000,9999.000,9999.000,9999.000,9999.000,9999.000
202607251142,   1.475,9999.000,9999.000,9999.000,9999.000,9999.000,9999.000,9999.000,9999.000
202607251148,   1.474,9999.000,9999.000,9999.000,9999.000,9999.000,9999.000,9999.000,9999.000
202607251154,   1.472,9999.000,9999.000,9999.000,9999.000,9999.000,9999.000,9999.000,9999.000
202607251200,   1.467,9999.000,   0.000,   0.075,   1.542,   0.000,   1.542,   0.100,   1.642
