        TIME,    TIDE,      OB,   SURGE,    BIAS,     TWL,SURGE90p,  TWL90p,SURGE10p,   TWL10p
202604031800,   0.894,   1.689,   0.600,   0.195,   1.689,   0.500,   1.589,   0.600,   1.689
202604031806,   0.895,9999.000,9999.000,9999.000,9999.000,9999.000,9999.000,9999.000,9999.000
202604031812,   0.896,   1.728,9999.000,9999.000,9999.000,9999.000,9999.000,9999.000,9999.000
202604031818,   0.897,9999.000,9999.000,9999.000,9999.000,9999.000,9999.000,9999.000,9999.000
202604031824,   0.898,   1.738,9999.000,9999.000,9999.000,9999.000,9999.000,9999.000,9999.000
202604031830,   0.900,9999.000,9999.000,9999.000,9999.000,9999.000,9999.000,9999.000,9999.000
202604031836,   0.902,   1.767,9999.000,9999.000,9999.000,9999.000,9999.000,9999.000,9999.000
202604031842,   0.904,9999.000,9999.000,9999.000,9999.000,9999.000,9999.000,9999.000,9999.000
202604031848,   0.906,   1.748,9999.000,9999.000,9999.000,9999.000,9999.000,9999.000,9999.000
202604031854,   0.908,9999.000,9999.000,9999.000,9999.000,9999.000,9999.000,9999.000,9999.000
202604031900,   0.910,   1.738,   0.600,   0.228,   1.738,   0.500,   1.638,   0.600,   1.738
202604031906,   0.913,   1.708,9999.000,9999.000,9999.000,9999.000,9999.000,9999.000,9999.000
202604031912,   0.915,   1.738,9999.000,9999.000,9999.000,9999.000,9999.000,9999.000,9999.000
202604031918,   0.918,   1.708,9999.000,9999.000,9999.000,9999.000,9999.000,9999.000,9999.000
202604031924,   0.921,   1.708,9999.000,9999.000,9999.000,9999.000,9999.000,9999.000,9999.000
202604031930,   0.923,   1.708,9999.000,9999.000,9999.000,9999.000,9999.000,9999.000,9999.000
202604031936,   0.926,   1.718,9999.000,9999.000,9999.000,9999.000,9999.000,9999.000,9999.000
202604031942,   0.929,   1.758,9999.000,9999.000,9999.000,9999.000,9999.000,9999.000,9999.000
202604031948,   0.932,   1.781,9999.000,9999.000,9999.000,9999.000,9999.000,9999.000,9999.000
202604031954,   0.935,   1.790,9999.000,9999.000,9999.000,9999.000,9999.000,9999.000,9999.000
202604032000,   0.939,   1.790,   0.600,   0.251,   1.790,   0.500,   1.690,   0.600,   1.790
202604032006,   0.942,   1.758,9999.000,9999.000,9999.000,9999.000,9999.000,9999.000,9999.000
202604032012,   0.945,   1.767,9999.000,9999.000,9999.000,9999.000,9999.000,9999.000,9999.000
202604032018,   0.949,   1.767,9999.000,9999.000,9999.000,9999.000,9999.000,9999.000,9999.000
202604032024,   0.953,   1.790,9999.000,9999.000,9999.000,9999.000,9999.000,9999.000,9999.000
202604032030,   0.956,   1.781,9999.000,9999.000,9999.000,9999.000,9999.000,9999.000,9999.000
202604032036,   0.960,   1.790,9999.000,9999.000,9999.000,9999.000,9999.000,9999.000,9999.000
202604032042,   0.964,   1.767,9999.000,9999.000,9999.000,9999.000,9999.000,9999.000,9999.000
202604032048,   0.968,   1.800,9999.000,9999.000,9999.000,9999.000,9999.000,9999.000,9999.000
202604032054,   0.972,   1.790,9999.000,9999.000,9999.000,9999.000,9999.000,9999.000,9999.000
202604032100,   0.976,   1.810,   0.600,   0.234,   1.810,   0.500,   1.710,   0.600,   1.810
202604032106,   0.980,   1.781,9999.000,9999.000,9999.000,9999.000,9999.000,9999.000,9999.000
202604032112,   0.984,   1.767,9999.000,9999.000,9999.000,9999.000,9999.000,9999.000,9999.000
202604032118,   0.988,   1.781,9999.000,9999.000,9999.000,9999.000,9999.000,9999.000,9999.000
202604032124,   0.992,   1.820,9999.000,9999.000,9999.000,9999.000,9999.000,9999.000,9999.000
202604032130,   0.996,   1.790,9999.000,9999.000,9999.000,9999.000,9999.000,9999.000,9999.000
202604032136,   0.999,   1.781,9999.000,9999.000,9999.000,9999.000,9999.000,9999.000,9999.000
202604032142,   1.003,   1.758,9999.000,9999.000,9999.000,9999.000,9999.000,9999.000,9999.000
202604032148,   1.006,   1.767,9999.000,9999.000,9999.000,9999.000,9999.000,9999.000,9999.000
202604032154,   1.009,   1.781,9999.000,9999.000,9999.000,9999.000,9999.000,9999.000,9999.000
202604032200,   1.011,   1.767,   0.600,   0.156,   1.767,   0.500,   1.667,   0.600,   1.767
202604032206,   1.013,   1.767,9999.000,9999.000,9999.000,9999.000,9999.000,9999.000,9999.000
202604032212,   1.015,   1.767,9999.000,9999.000,9999.000,9999.000,9999.000,9999.000,9999.000
202604032218,   1.016,   1.758,9999.000,9999.000,9999.000,9999.000,9999.000,9999.000,9999.000
202604032224,   1.017,   1.738,9999.000,9999.000,9999.000,9999.000,9999.000,9999.000,9999.000
202604032230,   1.017,   1.748,9999.000,9999.000,9999.000,9999.000,9999.000,9999.000,9999.000
202604032236,   1.017,   1.748,9999.000,9999.000,9999.000,9999.000,9999.000,9999.000,9999.000
202604032242,   1.016,   1.767,9999.000,9999.000,9999.000,9999.000,9999.000,9999.000,9999.000
202604032248,   1.014,   1.748,9999.000,9999.000,9999.000,9999.000,9999.000,9999.000,9999.000
202604032254,   1.012,   1.748,9999.000,9999.000,9999.000,9999.000,9999.000,9999.000,9999.000
202604032300,   1.009,   1.738,   0.600,   0.129,   1.738,   0.500,   1.638,   0.600,   1.738
202604032306,   1.005,   1.758,9999.000,9999.000,9999.000,9999.000,9999.000,9999.000,9999.000
202604032312,   1.000,   1.748,9999.000,9999.000,9999.000,9999.000,9999.000,9999.000,9999.000
202604032318,   0.995,   1.728,9999.000,9999.000,9999.000,9999.000,9999.000,9999.000,9999.000
202604032324,   0.990,   1.728,9999.000,9999.000,9999.000,9999.000,9999.000,9999.000,9999.000
202604032330,   0.983,   1.738,9999.000,9999.000,9999.000,9999.000,9999.000,9999.000,9999.000
202604032336,   0.976,   1.738,9999.000,9999.000,9999.000,9999.000,9999.000,9999.000,9999.000
202604032342,   0.968,   1.728,9999.000,9999.000,9999.000,9999.000,9999.000,9999.000,9999.000
202604032348,   0.960,   1.728,9999.000,9999.000,9999.000,9999.000,9999.000,9999.000,9999.000
202604032354,   0.950,   1.800,9999.000,9999.000,9999.000,9999.000,9999.000,9999.000,9999.000
202604040000,   0.941,   1.738,   0.700,   0.097,   1.738,   0.600,   1.638,   0.700,   1.738
202604040006,   0.930,   1.738,9999.000,9999.000,9999.000,9999.000,9999.000,9999.000,9999.000
202604040012,   0.919,   1.718,9999.000,9999.000,9999.000,9999.000,9999.000,9999.000,9999.000
202604040018,   0.908,   1.659,9999.000,9999.000,9999.000,9999.000,9999.000,9999.000,9999.000
202604040024,   0.896,   1.728,9999.000,9999.000,9999.000,9999.000,9999.000,9999.000,9999.000
202604040030,   0.883,   1.649,9999.000,9999.000,9999.000,9999.000,9999.000,9999.000,9999.000
202604040036,   0.870,   1.689,9999.000,9999.000,9999.000,9999.000,9999.000,9999.000,9999.000
202604040042,   0.857,   1.708,9999.000,9999.000,9999.000,9999.000,9999.000,9999.000,9999.000
202604040048,   0.843,   1.669,9999.000,9999.000,9999.000,9999.000,9999.000,9999.000,9999.000
202604040054,   0.829,   1.620,9999.000,9999.000,9999.000,9999.000,9999.000,9999.000,9999.000
202604040100,   0.815,   1.708,   0.700,   0.193,   1.708,   0.600,   1.608,   0.700,   1.708
202604040106,   0.800,   1.630,9999.000,9999.000,9999.000,9999.000,9999.000,9999.000,9999.000
202604040112,   0.785,   1.689,9999.000,9999.000,9999.000,9999.000,9999.000,9999.000,9999.000
202604040118,   0.769,   1.538,9999.000,9999.000,9999.000,9999.000,9999.000,9999.000,9999.000
202604040124,   0.753,   1.489,9999.000,9999.000,9999.000,9999.000,9999.000,9999.000,9999.000
202604040130,   0.738,   1.571,9999.000,9999.000,9999.000,9999.000,9999.000,9999.000,9999.000
202604040136,   0.721,   1.610,9999.000,9999.000,9999.000,9999.000,9999.000,9999.000,9999.000
202604040142,   0.705,   1.508,9999.000,9999.000,9999.000,9999.000,9999.000,9999.000,9999.000
202604040148,   0.688,   1.508,9999.000,9999.000,9999.000,9999.000,9999.000,9999.000,9999.000
202604040154,   0.672,   1.548,9999.000,9999.000,9999.000,9999.000,9999.000,9999.000,9999.000
202604040200,   0.655,   1.469,   0.700,   0.114,   1.469,   0.600,   1.369,   0.700,   1.469
202604040206,   0.638,   1.508,9999.000,9999.000,9999.000,9999.000,9999.000,9999.000,9999.000
202604040212,   0.621,   1.528,9999.000,9999.000,9999.000,9999.000,9999.000,9999.000,9999.000
202604040218,   0.603,   1.449,9999.000,9999.000,9999.000,9999.000,9999.000,9999.000,9999.000
202604040224,   0.586,   1.449,9999.000,9999.000,9999.000,9999.000,9999.000,9999.000,9999.000
202604040230,   0.568,   1.400,9999.000,9999.000,9999.000,9999.000,9999.000,9999.000,9999.000
202604040236,   0.551,   1.361,9999.000,9999.000,9999.000,9999.000,9999.000,9999.000,9999.000
202604040242,   0.533,   1.328,9999.000,9999.000,9999.000,9999.000,9999.000,9999.000,9999.000
202604040248,   0.516,   1.318,9999.000,9999.000,9999.000,9999.000,9999.000,9999.000,9999.000
202604040254,   0.498,   1.308,9999.000,9999.000,9999.000,9999.000,9999.000,9999.000,9999.000
202604040300,   0.480,   1.289,   0.700,   0.109,   1.289,   0.600,   1.189,   0.700,   1.289
202604040306,   0.463,   1.298,9999.000,9999.000,9999.000,9999.000,9999.000,9999.000,9999.000
202604040312,   0.446,   1.289,9999.000,9999.000,9999.000,9999.000,9999.000,9999.000,9999.000
202604040318,   0.429,   1.308,9999.000,9999.000,9999.000,9999.000,9999.000,9999.000,9999.000
202604040324,   0.412,   1.229,9999.000,9999.000,9999.000,9999.000,9999.000,9999.000,9999.000
202604040330,   0.395,   1.239,9999.000,9999.000,9999.000,9999.000,9999.000,9999.000,9999.000
202604040336,   0.379,   1.190,9999.000,9999.000,9999.000,9999.000,9999.000,9999.000,9999.000
202604040342,   0.363,   1.220,9999.000,9999.000,9999.000,9999.000,9999.000,9999.000,9999.000
202604040348,   0.347,   1.200,9999.000,9999.000,9999.000,9999.000,9999.000,9999.000,9999.000
202604040354,   0.332,   1.151,9999.000,9999.000,9999.000,9999.000,9999.000,9999.000,9999.000
202604040400,   0.318,   1.161,   0.700,   0.143,   1.161,   0.600,   1.061,   0.700,   1.161
202604040406,   0.304,   1.161,9999.000,9999.000,9999.000,9999.000,9999.000,9999.000,9999.000
202604040412,   0.290,   1.138,9999.000,9999.000,9999.000,9999.000,9999.000,9999.000,9999.000
202604040418,   0.277,   1.151,9999.000,9999.000,9999.000,9999.000,9999.000,9999.000,9999.000
202604040424,   0.265,   1.128,9999.000,9999.000,9999.000,9999.000,9999.000,9999.000,9999.000
202604040430,   0.254,   1.151,9999.000,9999.000,9999.000,9999.000,9999.000,9999.000,9999.000
202604040436,   0.243,   1.069,9999.000,9999.000,9999.000,9999.000,9999.000,9999.000,9999.000
202604040442,   0.234,   1.138,9999.000,9999.000,9999.000,9999.000,9999.000,9999.000,9999.000
202604040448,   0.225,   0.918,9999.000,9999.000,9999.000,9999.000,9999.000,9999.000,9999.000
202604040454,   0.217,   1.138,9999.000,9999.000,9999.000,9999.000,9999.000,9999.000,9999.000
202604040500,   0.210,   1.151,   0.700,   0.241,   1.151,   0.600,   1.051,   0.700,   1.151
202604040506,   0.204,   1.098,9999.000,9999.000,9999.000,9999.000,9999.000,9999.000,9999.000
202604040512,   0.198,   1.190,9999.000,9999.000,9999.000,9999.000,9999.000,9999.000,9999.000
202604040518,   0.194,   0.829,9999.000,9999.000,9999.000,9999.000,9999.000,9999.000,9999.000
202604040524,   0.191,   1.000,9999.000,9999.000,9999.000,9999.000,9999.000,9999.000,9999.000
202604040530,   0.188,   1.138,9999.000,9999.000,9999.000,9999.000,9999.000,9999.000,9999.000
202604040536,   0.187,   1.059,9999.000,9999.000,9999.000,9999.000,9999.000,9999.000,9999.000
202604040542,   0.186,   0.961,9999.000,9999.000,9999.000,9999.000,9999.000,9999.000,9999.000
202604040548,   0.186,   1.039,9999.000,9999.000,9999.000,9999.000,9999.000,9999.000,9999.000
202604040554,   0.187,   1.098,9999.000,9999.000,9999.000,9999.000,9999.000,9999.000,9999.000
202604040600,   0.189,   1.069,   0.600,   0.280,   1.069,   0.500,   0.969,   0.600,   1.069
202604040606,   0.192,   0.980,9999.000,9999.000,9999.000,9999.000,9999.000,9999.000,9999.000
202604040612,   0.196,   1.069,9999.000,9999.000,9999.000,9999.000,9999.000,9999.000,9999.000
202604040618,   0.200,   1.108,9999.000,9999.000,9999.000,9999.000,9999.000,9999.000,9999.000
202604040624,   0.205,   1.069,9999.000,9999.000,9999.000,9999.000,9999.000,9999.000,9999.000
202604040630,   0.211,   1.128,9999.000,9999.000,9999.000,9999.000,9999.000,9999.000,9999.000
202604040636,   0.217,   1.079,9999.000,9999.000,9999.000,9999.000,9999.000,9999.000,9999.000
202604040642,   0.224,   1.039,9999.000,9999.000,9999.000,9999.000,9999.000,9999.000,9999.000
202604040648,   0.232,   1.118,9999.000,9999.000,9999.000,9999.000,9999.000,9999.000,9999.000
202604040654,   0.240,   1.138,9999.000,9999.000,9999.000,9999.000,9999.000,9999.000,9999.000
202604040700,   0.249,   1.098,   0.600,   0.249,   1.098,   0.500,   0.998,   0.600,   1.098
202604040706,   0.259,   1.170,9999.000,9999.000,9999.000,9999.000,9999.000,9999.000,9999.000
202604040712,   0.269,   1.161,9999.000,9999.000,9999.000,9999.000,9999.000,9999.000,9999.000
202604040718,   0.279,   1.259,9999.000,9999.000,9999.000,9999.000,9999.000,9999.000,9999.000
202604040724,   0.290,   1.220,9999.000,9999.000,9999.000,9999.000,9999.000,9999.000,9999.000
202604040730,   0.301,   1.239,9999.000,9999.000,9999.000,9999.000,9999.000,9999.000,9999.000
202604040736,   0.313,   1.239,9999.000,9999.000,9999.000,9999.000,9999.000,9999.000,9999.000
202604040742,   0.326,   1.269,9999.000,9999.000,9999.000,9999.000,9999.000,9999.000,9999.000
202604040748,   0.338,   1.289,9999.000,9999.000,9999.000,9999.000,9999.000,9999.000,9999.000
202604040754,   0.352,   1.259,9999.000,9999.000,9999.000,9999.000,9999.000,9999.000,9999.000
202604040800,   0.365,   1.269,   0.600,   0.304,   1.269,   0.500,   1.169,   0.600,   1.269
202604040806,   0.379,   1.308,9999.000,9999.000,9999.000,9999.000,9999.000,9999.000,9999.000
202604040812,   0.393,   1.338,9999.000,9999.000,9999.000,9999.000,9999.000,9999.000,9999.000
202604040818,   0.408,   1.371,9999.000,9999.000,9999.000,9999.000,9999.000,9999.000,9999.000
202604040824,   0.423,   1.371,9999.000,9999.000,9999.000,9999.000,9999.000,9999.000,9999.000
202604040830,   0.439,   1.328,9999.000,9999.000,9999.000,9999.000,9999.000,9999.000,9999.000
202604040836,   0.455,   1.328,9999.000,9999.000,9999.000,9999.000,9999.000,9999.000,9999.000
202604040842,   0.471,   1.420,9999.000,9999.000,9999.000,9999.000,9999.000,9999.000,9999.000
202604040848,   0.487,   1.371,9999.000,9999.000,9999.000,9999.000,9999.000,9999.000,9999.000
202604040854,   0.504,   1.371,9999.000,9999.000,9999.000,9999.000,9999.000,9999.000,9999.000
202604040900,   0.521,   1.361,   0.600,   0.240,   1.361,   0.500,   1.261,   0.600,   1.361
202604040906,   0.538,   1.449,9999.000,9999.000,9999.000,9999.000,9999.000,9999.000,9999.000
202604040912,   0.556,   1.469,9999.000,9999.000,9999.000,9999.000,9999.000,9999.000,9999.000
202604040918,   0.574,   1.489,9999.000,9999.000,9999.000,9999.000,9999.000,9999.000,9999.000
202604040924,   0.592,   1.479,9999.000,9999.000,9999.000,9999.000,9999.000,9999.000,9999.000
202604040930,   0.610,   1.557,9999.000,9999.000,9999.000,9999.000,9999.000,9999.000,9999.000
202604040936,   0.628,   1.518,9999.000,9999.000,9999.000,9999.000,9999.000,9999.000,9999.000
202604040942,   0.646,   1.508,9999.000,9999.000,9999.000,9999.000,9999.000,9999.000,9999.000
202604040948,   0.665,   1.600,9999.000,9999.000,9999.000,9999.000,9999.000,9999.000,9999.000
202604040954,   0.683,   1.689,9999.000,9999.000,9999.000,9999.000,9999.000,9999.000,9999.000
202604041000,   0.701,   1.679,   0.600,   0.378,   1.679,   0.500,   1.579,   0.600,   1.679
202604041006,   0.719,   1.571,9999.000,9999.000,9999.000,9999.000,9999.000,9999.000,9999.000
202604041012,   0.737,   1.649,9999.000,9999.000,9999.000,9999.000,9999.000,9999.000,9999.000
202604041018,   0.755,   1.630,9999.000,9999.000,9999.000,9999.000,9999.000,9999.000,9999.000
202604041024,   0.772,   1.659,9999.000,9999.000,9999.000,9999.000,9999.000,9999.000,9999.000
202604041030,   0.789,   1.669,9999.000,9999.000,9999.000,9999.000,9999.000,9999.000,9999.000
202604041036,   0.806,   1.630,9999.000,9999.000,9999.000,9999.000,9999.000,9999.000,9999.000
202604041042,   0.822,   1.728,9999.000,9999.000,9999.000,9999.000,9999.000,9999.000,9999.000
202604041048,   0.838,   1.728,9999.000,9999.000,9999.000,9999.000,9999.000,9999.000,9999.000
202604041054,   0.854,   1.767,9999.000,9999.000,9999.000,9999.000,9999.000,9999.000,9999.000
202604041100,   0.869,   1.767,   0.600,   0.298,   1.767,   0.500,   1.667,   0.600,   1.767
202604041106,   0.884,   1.790,9999.000,9999.000,9999.000,9999.000,9999.000,9999.000,9999.000
202604041112,   0.898,   1.767,9999.000,9999.000,9999.000,9999.000,9999.000,9999.000,9999.000
202604041118,   0.911,   1.810,9999.000,9999.000,9999.000,9999.000,9999.000,9999.000,9999.000
202604041124,   0.925,   1.810,9999.000,9999.000,9999.000,9999.000,9999.000,9999.000,9999.000
202604041130,   0.937,   1.800,9999.000,9999.000,9999.000,9999.000,9999.000,9999.000,9999.000
202604041136,   0.949,   1.820,9999.000,9999.000,9999.000,9999.000,9999.000,9999.000,9999.000
202604041142,   0.960,   1.830,9999.000,9999.000,9999.000,9999.000,9999.000,9999.000,9999.000
202604041148,   0.971,   1.820,9999.000,9999.000,9999.000,9999.000,9999.000,9999.000,9999.000
202604041154,   0.982,   1.820,9999.000,9999.000,9999.000,9999.000,9999.000,9999.000,9999.000
202604041200,   0.991,   1.840,   0.600,   0.249,   1.840,   0.500,   1.740,   0.600,   1.840
202604041206,   1.001,   1.840,9999.000,9999.000,9999.000,9999.000,9999.000,9999.000,9999.000
202604041212,   1.009,   1.849,9999.000,9999.000,9999.000,9999.000,9999.000,9999.000,9999.000
202604041218,   1.018,   1.840,9999.000,9999.000,9999.000,9999.000,9999.000,9999.000,9999.000
202604041224,   1.025,   1.849,9999.000,9999.000,9999.000,9999.000,9999.000,9999.000,9999.000
202604041230,   1.033,   1.859,9999.000,9999.000,9999.000,9999.000,9999.000,9999.000,9999.000
202604041236,   1.039,   1.879,9999.000,9999.000,9999.000,9999.000,9999.000,9999.000,9999.000
202604041242,   1.046,   1.889,9999.000,9999.000,9999.000,9999.000,9999.000,9999.000,9999.000
202604041248,   1.052,   1.879,9999.000,9999.000,9999.000,9999.000,9999.000,9999.000,9999.000
202604041254,   1.057,   1.899,9999.000,9999.000,9999.000,9999.000,9999.000,9999.000,9999.000
202604041300,   1.063,   1.899,   0.600,   0.236,   1.899,   0.500,   1.799,   0.600,   1.899
202604041306,   1.067,   1.879,9999.000,9999.000,9999.000,9999.000,9999.000,9999.000,9999.000
202604041312,   1.072,   2.000,9999.000,9999.000,9999.000,9999.000,9999.000,9999.000,9999.000
202604041318,   1.076,   1.879,9999.000,9999.000,9999.000,9999.000,9999.000,9999.000,9999.000
202604041324,   1.079,   1.889,9999.000,9999.000,9999.000,9999.000,9999.000,9999.000,9999.000
202604041330,   1.083,   1.879,9999.000,9999.000,9999.000,9999.000,9999.000,9999.000,9999.000
202604041336,   1.086,   1.849,9999.000,9999.000,9999.000,9999.000,9999.000,9999.000,9999.000
202604041342,   1.088,   1.830,9999.000,9999.000,9999.000,9999.000,9999.000,9999.000,9999.000
202604041348,   1.091,   1.859,9999.000,9999.000,9999.000,9999.000,9999.000,9999.000,9999.000
202604041354,   1.092,   2.010,9999.000,9999.000,9999.000,9999.000,9999.000,9999.000,9999.000
202604041400,   1.094,   1.899,   0.600,   0.205,   1.899,   0.500,   1.799,   0.600,   1.899
202604041406,   1.095,   1.869,9999.000,9999.000,9999.000,9999.000,9999.000,9999.000,9999.000
202604041412,   1.096,   1.928,9999.000,9999.000,9999.000,9999.000,9999.000,9999.000,9999.000
202604041418,   1.097,   1.958,9999.000,9999.000,9999.000,9999.000,9999.000,9999.000,9999.000
202604041424,   1.097,   1.948,9999.000,9999.000,9999.000,9999.000,9999.000,9999.000,9999.000
202604041430,   1.097,   1.781,9999.000,9999.000,9999.000,9999.000,9999.000,9999.000,9999.000
202604041436,   1.096,   1.781,9999.000,9999.000,9999.000,9999.000,9999.000,9999.000,9999.000
202604041442,   1.095,   1.889,9999.000,9999.000,9999.000,9999.000,9999.000,9999.000,9999.000
202604041448,   1.094,   1.889,9999.000,9999.000,9999.000,9999.000,9999.000,9999.000,9999.000
202604041454,   1.093,   1.908,9999.000,9999.000,9999.000,9999.000,9999.000,9999.000,9999.000
202604041500,   1.091,   1.810,   0.600,   0.119,   1.810,   0.500,   1.710,   0.600,   1.810
202604041506,   1.089,   1.899,9999.000,9999.000,9999.000,9999.000,9999.000,9999.000,9999.000
202604041512,   1.086,   1.899,9999.000,9999.000,9999.000,9999.000,9999.000,9999.000,9999.000
202604041518,   1.083,   1.889,9999.000,9999.000,9999.000,9999.000,9999.000,9999.000,9999.000
202604041524,   1.080,   1.820,9999.000,9999.000,9999.000,9999.000,9999.000,9999.000,9999.000
202604041530,   1.077,   1.849,9999.000,9999.000,9999.000,9999.000,9999.000,9999.000,9999.000
202604041536,   1.074,   1.899,9999.000,9999.000,9999.000,9999.000,9999.000,9999.000,9999.000
202604041542,   1.070,   1.899,9999.000,9999.000,9999.000,9999.000,9999.000,9999.000,9999.000
202604041548,   1.066,   1.810,9999.000,9999.000,9999.000,9999.000,9999.000,9999.000,9999.000
202604041554,   1.062,   1.830,9999.000,9999.000,9999.000,9999.000,9999.000,9999.000,9999.000
202604041600,   1.058,   1.879,   0.600,   0.221,   1.879,   0.500,   1.779,   0.600,   1.879
202604041606,   1.054,   1.899,9999.000,9999.000,9999.000,9999.000,9999.000,9999.000,9999.000
202604041612,   1.050,   1.830,9999.000,9999.000,9999.000,9999.000,9999.000,9999.000,9999.000
202604041618,   1.046,   1.820,9999.000,9999.000,9999.000,9999.000,9999.000,9999.000,9999.000
202604041624,   1.042,   1.840,9999.000,9999.000,9999.000,9999.000,9999.000,9999.000,9999.000
202604041630,   1.038,   1.928,9999.000,9999.000,9999.000,9999.000,9999.000,9999.000,9999.000
202604041636,   1.035,   1.899,9999.000,9999.000,9999.000,9999.000,9999.000,9999.000,9999.000
202604041642,   1.031,   1.840,9999.000,9999.000,9999.000,9999.000,9999.000,9999.000,9999.000
202604041648,   1.027,   1.869,9999.000,9999.000,9999.000,9999.000,9999.000,9999.000,9999.000
202604041654,   1.024,   1.928,9999.000,9999.000,9999.000,9999.000,9999.000,9999.000,9999.000
202604041700,   1.021,   1.879,   0.600,   0.258,   1.879,   0.500,   1.779,   0.600,   1.879
202604041706,   1.018,   1.790,9999.000,9999.000,9999.000,9999.000,9999.000,9999.000,9999.000
202604041712,   1.016,   1.790,9999.000,9999.000,9999.000,9999.000,9999.000,9999.000,9999.000
202604041718,   1.013,   1.859,9999.000,9999.000,9999.000,9999.000,9999.000,9999.000,9999.000
202604041724,   1.011,   1.859,9999.000,9999.000,9999.000,9999.000,9999.000,9999.000,9999.000
202604041730,   1.009,   1.790,9999.000,9999.000,9999.000,9999.000,9999.000,9999.000,9999.000
202604041736,   1.008,   1.767,9999.000,9999.000,9999.000,9999.000,9999.000,9999.000,9999.000
202604041742,   1.006,   1.810,9999.000,9999.000,9999.000,9999.000,9999.000,9999.000,9999.000
202604041748,   1.005,   1.859,9999.000,9999.000,9999.000,9999.000,9999.000,9999.000,9999.000
202604041754,   1.005,   1.840,9999.000,9999.000,9999.000,9999.000,9999.000,9999.000,9999.000
202604041800,   1.004,   1.767,   0.600,   0.163,   1.767,   0.500,   1.667,   0.600,   1.767
202604041806,   1.004,   1.767,9999.000,9999.000,9999.000,9999.000,9999.000,9999.000,9999.000
202604041812,   1.004,   1.790,9999.000,9999.000,9999.000,9999.000,9999.000,9999.000,9999.000
202604041818,   1.004,   1.810,9999.000,9999.000,9999.000,9999.000,9999.000,9999.000,9999.000
202604041824,   1.004,   1.840,9999.000,9999.000,9999.000,9999.000,9999.000,9999.000,9999.000
202604041830,   1.004,   1.830,9999.000,9999.000,9999.000,9999.000,9999.000,9999.000,9999.000
202604041836,   1.005,   1.879,9999.000,9999.000,9999.000,9999.000,9999.000,9999.000,9999.000
202604041842,   1.006,   1.859,9999.000,9999.000,9999.000,9999.000,9999.000,9999.000,9999.000
202604041848,   1.006,   1.849,9999.000,9999.000,9999.000,9999.000,9999.000,9999.000,9999.000
202604041854,   1.007,   1.820,9999.000,9999.000,9999.000,9999.000,9999.000,9999.000,9999.000
202604041900,   1.008,   1.820,   0.600,   0.212,   1.820,   0.500,   1.720,   0.600,   1.820
202604041906,   1.009,   1.849,9999.000,9999.000,9999.000,9999.000,9999.000,9999.000,9999.000
202604041912,   1.010,   1.790,9999.000,9999.000,9999.000,9999.000,9999.000,9999.000,9999.000
202604041918,   1.011,   1.810,9999.000,9999.000,9999.000,9999.000,9999.000,9999.000,9999.000
202604041924,   1.012,   1.738,9999.000,9999.000,9999.000,9999.000,9999.000,9999.000,9999.000
202604041930,   1.013,   1.810,9999.000,9999.000,9999.000,9999.000,9999.000,9999.000,9999.000
202604041936,   1.014,   1.820,9999.000,9999.000,9999.000,9999.000,9999.000,9999.000,9999.000
202604041942,   1.015,   1.781,9999.000,9999.000,9999.000,9999.000,9999.000,9999.000,9999.000
202604041948,   1.017,   1.738,9999.000,9999.000,9999.000,9999.000,9999.000,9999.000,9999.000
202604041954,   1.018,   1.830,9999.000,9999.000,9999.000,9999.000,9999.000,9999.000,9999.000
202604042000,   1.019,   1.767,   0.600,   0.148,   1.767,   0.500,   1.667,   0.600,   1.767
202604042006,   1.020,   1.548,9999.000,9999.000,9999.000,9999.000,9999.000,9999.000,9999.000
202604042012,   1.021,   1.859,9999.000,9999.000,9999.000,9999.000,9999.000,9999.000,9999.000
202604042018,   1.023,   1.738,9999.000,9999.000,9999.000,9999.000,9999.000,9999.000,9999.000
202604042024,   1.024,   1.990,9999.000,9999.000,9999.000,9999.000,9999.000,9999.000,9999.000
202604042030,   1.025,   1.728,9999.000,9999.000,9999.000,9999.000,9999.000,9999.000,9999.000
202604042036,   1.027,   1.620,9999.000,9999.000,9999.000,9999.000,9999.000,9999.000,9999.000
202604042042,   1.028,   1.738,9999.000,9999.000,9999.000,9999.000,9999.000,9999.000,9999.000
202604042048,   1.029,   1.557,9999.000,9999.000,9999.000,9999.000,9999.000,9999.000,9999.000
202604042054,   1.031,   1.728,9999.000,9999.000,9999.000,9999.000,9999.000,9999.000,9999.000
202604042100,   1.032,   1.630,   0.600,  -0.002,   1.630,   0.500,   1.530,   0.600,   1.630
202604042106,   1.034,   1.849,9999.000,9999.000,9999.000,9999.000,9999.000,9999.000,9999.000
202604042112,   1.036,   1.708,9999.000,9999.000,9999.000,9999.000,9999.000,9999.000,9999.000
202604042118,   1.037,   1.728,9999.000,9999.000,9999.000,9999.000,9999.000,9999.000,9999.000
202604042124,   1.039,   1.718,9999.000,9999.000,9999.000,9999.000,9999.000,9999.000,9999.000
202604042130,   1.040,   1.781,9999.000,9999.000,9999.000,9999.000,9999.000,9999.000,9999.000
202604042136,   1.042,   1.708,9999.000,9999.000,9999.000,9999.000,9999.000,9999.000,9999.000
202604042142,   1.043,   1.748,9999.000,9999.000,9999.000,9999.000,9999.000,9999.000,9999.000
202604042148,   1.044,   1.571,9999.000,9999.000,9999.000,9999.000,9999.000,9999.000,9999.000
202604042154,   1.046,   1.630,9999.000,9999.000,9999.000,9999.000,9999.000,9999.000,9999.000
202604042200,   1.047,   1.767,   0.600,   0.120,   1.767,   0.500,   1.667,   0.600,   1.767
202604042206,   1.047,   1.708,9999.000,9999.000,9999.000,9999.000,9999.000,9999.000,9999.000
202604042212,   1.048,   1.630,9999.000,9999.000,9999.000,9999.000,9999.000,9999.000,9999.000
202604042218,   1.048,   1.790,9999.000,9999.000,9999.000,9999.000,9999.000,9999.000,9999.000
202604042224,   1.049,   1.738,9999.000,9999.000,9999.000,9999.000,9999.000,9999.000,9999.000
202604042230,   1.048,   1.840,9999.000,9999.000,9999.000,9999.000,9999.000,9999.000,9999.000
202604042236,   1.048,   1.679,9999.000,9999.000,9999.000,9999.000,9999.000,9999.000,9999.000
202604042242,   1.047,   1.718,9999.000,9999.000,9999.000,9999.000,9999.000,9999.000,9999.000
202604042248,   1.045,   1.748,9999.000,9999.000,9999.000,9999.000,9999.000,9999.000,9999.000
202604042254,   1.044,   1.708,9999.000,9999.000,9999.000,9999.000,9999.000,9999.000,9999.000
202604042300,   1.041,   1.361,   0.600,  -0.280,   1.361,   0.500,   1.261,   0.600,   1.361
202604042306,   1.039,   1.708,9999.000,9999.000,9999.000,9999.000,9999.000,9999.000,9999.000
202604042312,   1.035,   1.781,9999.000,9999.000,9999.000,9999.000,9999.000,9999.000,9999.000
202604042318,   1.031,   1.840,9999.000,9999.000,9999.000,9999.000,9999.000,9999.000,9999.000
202604042324,   1.027,   1.620,9999.000,9999.000,9999.000,9999.000,9999.000,9999.000,9999.000
202604042330,   1.022,   1.859,9999.000,9999.000,9999.000,9999.000,9999.000,9999.000,9999.000
202604042336,   1.017,   1.639,9999.000,9999.000,9999.000,9999.000,9999.000,9999.000,9999.000
202604042342,   1.010,   1.718,9999.000,9999.000,9999.000,9999.000,9999.000,9999.000,9999.000
202604042348,   1.004,   1.659,9999.000,9999.000,9999.000,9999.000,9999.000,9999.000,9999.000
202604042354,   0.996,   1.489,9999.000,9999.000,9999.000,9999.000,9999.000,9999.000,9999.000
202604050000,   0.989,   1.620,   0.600,   0.031,   1.620,   0.600,   1.620,   0.700,   1.720
202604050006,   0.980,   1.639,9999.000,9999.000,9999.000,9999.000,9999.000,9999.000,9999.000
202604050012,   0.971,   1.557,9999.000,9999.000,9999.000,9999.000,9999.000,9999.000,9999.000
202604050018,   0.962,   1.557,9999.000,9999.000,9999.000,9999.000,9999.000,9999.000,9999.000
202604050024,   0.952,   1.557,9999.000,9999.000,9999.000,9999.000,9999.000,9999.000,9999.000
202604050030,   0.941,   1.679,9999.000,9999.000,9999.000,9999.000,9999.000,9999.000,9999.000
202604050036,   0.930,   1.489,9999.000,9999.000,9999.000,9999.000,9999.000,9999.000,9999.000
202604050042,   0.918,   1.479,9999.000,9999.000,9999.000,9999.000,9999.000,9999.000,9999.000
202604050048,   0.906,   1.590,9999.000,9999.000,9999.000,9999.000,9999.000,9999.000,9999.000
202604050054,   0.893,   1.459,9999.000,9999.000,9999.000,9999.000,9999.000,9999.000,9999.000
202604050100,   0.880,   1.439,   0.600,  -0.041,   1.439,   0.600,   1.439,   0.700,   1.539
202604050106,   0.867,   1.489,9999.000,9999.000,9999.000,9999.000,9999.000,9999.000,9999.000
202604050112,   0.853,   1.390,9999.000,9999.000,9999.000,9999.000,9999.000,9999.000,9999.000
202604050118,   0.839,   1.430,9999.000,9999.000,9999.000,9999.000,9999.000,9999.000,9999.000
202604050124,   0.824,   1.489,9999.000,9999.000,9999.000,9999.000,9999.000,9999.000,9999.000
202604050130,   0.809,   1.400,9999.000,9999.000,9999.000,9999.000,9999.000,9999.000,9999.000
202604050136,   0.794,   1.420,9999.000,9999.000,9999.000,9999.000,9999.000,9999.000,9999.000
202604050142,   0.779,   1.390,9999.000,9999.000,9999.000,9999.000,9999.000,9999.000,9999.000
202604050148,   0.763,   1.420,9999.000,9999.000,9999.000,9999.000,9999.000,9999.000,9999.000
202604050154,   0.746,   1.269,9999.000,9999.000,9999.000,9999.000,9999.000,9999.000,9999.000
202604050200,   0.730,   1.361,   0.600,   0.031,   1.361,   0.600,   1.361,   0.700,   1.461
202604050206,   0.713,   1.229,9999.000,9999.000,9999.000,9999.000,9999.000,9999.000,9999.000
202604050212,   0.696,   1.259,9999.000,9999.000,9999.000,9999.000,9999.000,9999.000,9999.000
202604050218,   0.679,   1.210,9999.000,9999.000,9999.000,9999.000,9999.000,9999.000,9999.000
202604050224,   0.662,   1.200,9999.000,9999.000,9999.000,9999.000,9999.000,9999.000,9999.000
202604050230,   0.644,   1.180,9999.000,9999.000,9999.000,9999.000,9999.000,9999.000,9999.000
202604050236,   0.626,   1.190,9999.000,9999.000,9999.000,9999.000,9999.000,9999.000,9999.000
202604050242,   0.609,   1.229,9999.000,9999.000,9999.000,9999.000,9999.000,9999.000,9999.000
202604050248,   0.591,   1.190,9999.000,9999.000,9999.000,9999.000,9999.000,9999.000,9999.000
202604050254,   0.573,   1.200,9999.000,9999.000,9999.000,9999.000,9999.000,9999.000,9999.000
202604050300,   0.554,   1.348,   0.600,   0.194,   1.348,   0.600,   1.348,   0.700,   1.448
202604050306,   0.536,   1.069,9999.000,9999.000,9999.000,9999.000,9999.000,9999.000,9999.000
202604050312,   0.518,   1.249,9999.000,9999.000,9999.000,9999.000,9999.000,9999.000,9999.000
202604050318,   0.500,   0.918,9999.000,9999.000,9999.000,9999.000,9999.000,9999.000,9999.000
202604050324,   0.482,   0.751,9999.000,9999.000,9999.000,9999.000,9999.000,9999.000,9999.000
202604050330,   0.464,   0.941,9999.000,9999.000,9999.000,9999.000,9999.000,9999.000,9999.000
202604050336,   0.446,   0.951,9999.000,9999.000,9999.000,9999.000,9999.000,9999.000,9999.000
202604050342,   0.428,   1.000,9999.000,9999.000,9999.000,9999.000,9999.000,9999.000,9999.000
202604050348,   0.410,   0.879,9999.000,9999.000,9999.000,9999.000,9999.000,9999.000,9999.000
202604050354,   0.393,   0.970,9999.000,9999.000,9999.000,9999.000,9999.000,9999.000,9999.000
202604050400,   0.376,   0.961,   0.600,  -0.015,   0.961,   0.600,   0.961,   0.600,   0.961
202604050406,   0.360,   0.928,9999.000,9999.000,9999.000,9999.000,9999.000,9999.000,9999.000
202604050412,   0.343,   0.918,9999.000,9999.000,9999.000,9999.000,9999.000,9999.000,9999.000
202604050418,   0.328,   0.951,9999.000,9999.000,9999.000,9999.000,9999.000,9999.000,9999.000
202604050424,   0.312,   0.970,9999.000,9999.000,9999.000,9999.000,9999.000,9999.000,9999.000
202604050430,   0.298,   0.951,9999.000,9999.000,9999.000,9999.000,9999.000,9999.000,9999.000
202604050436,   0.284,   0.970,9999.000,9999.000,9999.000,9999.000,9999.000,9999.000,9999.000
202604050442,   0.270,   0.918,9999.000,9999.000,9999.000,9999.000,9999.000,9999.000,9999.000
202604050448,   0.257,   0.898,9999.000,9999.000,9999.000,9999.000,9999.000,9999.000,9999.000
202604050454,   0.245,   0.879,9999.000,9999.000,9999.000,9999.000,9999.000,9999.000,9999.000
202604050500,   0.234,   0.908,   0.600,   0.074,   0.908,   0.600,   0.908,   0.600,   0.908
202604050506,   0.223,   0.869,9999.000,9999.000,9999.000,9999.000,9999.000,9999.000,9999.000
202604050512,   0.213,   0.819,9999.000,9999.000,9999.000,9999.000,9999.000,9999.000,9999.000
202604050518,   0.204,   0.819,9999.000,9999.000,9999.000,9999.000,9999.000,9999.000,9999.000
202604050524,   0.196,   0.869,9999.000,9999.000,9999.000,9999.000,9999.000,9999.000,9999.000
202604050530,   0.188,   0.829,9999.000,9999.000,9999.000,9999.000,9999.000,9999.000,9999.000
202604050536,   0.182,   0.810,9999.000,9999.000,9999.000,9999.000,9999.000,9999.000,9999.000
202604050542,   0.176,   0.839,9999.000,9999.000,9999.000,9999.000,9999.000,9999.000,9999.000
202604050548,   0.171,   0.810,9999.000,9999.000,9999.000,9999.000,9999.000,9999.000,9999.000
202604050554,   0.167,   0.898,9999.000,9999.000,9999.000,9999.000,9999.000,9999.000,9999.000
202604050600,   0.164,   0.829,   0.600,   0.065,   0.829,   0.500,   0.729,   0.600,   0.829
202604050606,   0.162,   0.790,9999.000,9999.000,9999.000,9999.000,9999.000,9999.000,9999.000
202604050612,   0.160,   0.678,9999.000,9999.000,9999.000,9999.000,9999.000,9999.000,9999.000
202604050618,   0.160,   0.829,9999.000,9999.000,9999.000,9999.000,9999.000,9999.000,9999.000
202604050624,   0.160,   0.760,9999.000,9999.000,9999.000,9999.000,9999.000,9999.000,9999.000
202604050630,   0.161,   0.751,9999.000,9999.000,9999.000,9999.000,9999.000,9999.000,9999.000
202604050636,   0.163,   0.649,9999.000,9999.000,9999.000,9999.000,9999.000,9999.000,9999.000
202604050642,   0.166,   0.708,9999.000,9999.000,9999.000,9999.000,9999.000,9999.000,9999.000
202604050648,   0.169,   0.751,9999.000,9999.000,9999.000,9999.000,9999.000,9999.000,9999.000
202604050654,   0.174,   0.741,9999.000,9999.000,9999.000,9999.000,9999.000,9999.000,9999.000
202604050700,   0.178,   0.770,   0.600,  -0.008,   0.770,   0.500,   0.670,   0.600,   0.770
202604050706,   0.184,   0.780,9999.000,9999.000,9999.000,9999.000,9999.000,9999.000,9999.000
202604050712,   0.190,   0.810,9999.000,9999.000,9999.000,9999.000,9999.000,9999.000,9999.000
202604050718,   0.197,   0.810,9999.000,9999.000,9999.000,9999.000,9999.000,9999.000,9999.000
202604050724,   0.205,   0.780,9999.000,9999.000,9999.000,9999.000,9999.000,9999.000,9999.000
202604050730,   0.213,   0.708,9999.000,9999.000,9999.000,9999.000,9999.000,9999.000,9999.000
202604050736,   0.221,   0.698,9999.000,9999.000,9999.000,9999.000,9999.000,9999.000,9999.000
202604050742,   0.231,   0.698,9999.000,9999.000,9999.000,9999.000,9999.000,9999.000,9999.000
202604050748,   0.240,   0.770,9999.000,9999.000,9999.000,9999.000,9999.000,9999.000,9999.000
202604050754,   0.251,   0.649,9999.000,9999.000,9999.000,9999.000,9999.000,9999.000,9999.000
202604050800,   0.262,   0.498,   0.600,  -0.364,   0.498,   0.500,   0.398,   0.600,   0.498
202604050806,   0.273,   0.731,9999.000,9999.000,9999.000,9999.000,9999.000,9999.000,9999.000
202604050812,   0.285,   0.718,9999.000,9999.000,9999.000,9999.000,9999.000,9999.000,9999.000
202604050818,   0.297,   0.770,9999.000,9999.000,9999.000,9999.000,9999.000,9999.000,9999.000
202604050824,   0.310,   0.819,9999.000,9999.000,9999.000,9999.000,9999.000,9999.000,9999.000
202604050830,   0.323,   0.829,9999.000,9999.000,9999.000,9999.000,9999.000,9999.000,9999.000
202604050836,   0.337,   0.869,9999.000,9999.000,9999.000,9999.000,9999.000,9999.000,9999.000
202604050842,   0.351,   0.849,9999.000,9999.000,9999.000,9999.000,9999.000,9999.000,9999.000
202604050848,   0.366,   0.849,9999.000,9999.000,9999.000,9999.000,9999.000,9999.000,9999.000
202604050854,   0.380,   0.859,9999.000,9999.000,9999.000,9999.000,9999.000,9999.000,9999.000
202604050900,   0.396,   0.819,   0.500,  -0.077,   0.819,   0.500,   0.819,   0.600,   0.919
202604050906,   0.411,   0.819,9999.000,9999.000,9999.000,9999.000,9999.000,9999.000,9999.000
202604050912,   0.427,   0.810,9999.000,9999.000,9999.000,9999.000,9999.000,9999.000,9999.000
202604050918,   0.443,   0.810,9999.000,9999.000,9999.000,9999.000,9999.000,9999.000,9999.000
202604050924,   0.460,   0.780,9999.000,9999.000,9999.000,9999.000,9999.000,9999.000,9999.000
202604050930,   0.477,   0.839,9999.000,9999.000,9999.000,9999.000,9999.000,9999.000,9999.000
202604050936,   0.494,   0.888,9999.000,9999.000,9999.000,9999.000,9999.000,9999.000,9999.000
202604050942,   0.511,   0.918,9999.000,9999.000,9999.000,9999.000,9999.000,9999.000,9999.000
202604050948,   0.528,   0.941,9999.000,9999.000,9999.000,9999.000,9999.000,9999.000,9999.000
202604050954,   0.546,   0.951,9999.000,9999.000,9999.000,9999.000,9999.000,9999.000,9999.000
202604051000,   0.563,   0.941,   0.500,  -0.122,   0.941,   0.500,   0.941,   0.600,   1.041
202604051006,   0.581,   0.928,9999.000,9999.000,9999.000,9999.000,9999.000,9999.000,9999.000
202604051012,   0.600,   0.908,9999.000,9999.000,9999.000,9999.000,9999.000,9999.000,9999.000
202604051018,   0.616,   0.898,9999.000,9999.000,9999.000,9999.000,9999.000,9999.000,9999.000
202604051024,   0.634,   0.918,9999.000,9999.000,9999.000,9999.000,9999.000,9999.000,9999.000
202604051030,   0.652,   0.941,9999.000,9999.000,9999.000,9999.000,9999.000,9999.000,9999.000
202604051036,   0.669,   0.951,9999.000,9999.000,9999.000,9999.000,9999.000,9999.000,9999.000
202604051042,   0.687,   0.980,9999.000,9999.000,9999.000,9999.000,9999.000,9999.000,9999.000
202604051048,   0.704,   0.990,9999.000,9999.000,9999.000,9999.000,9999.000,9999.000,9999.000
202604051054,   0.721,   1.010,9999.000,9999.000,9999.000,9999.000,9999.000,9999.000,9999.000
202604051100,   0.738,   0.990,   0.500,  -0.248,   0.990,   0.500,   0.990,   0.600,   1.090
202604051106,   0.754,   0.980,9999.000,9999.000,9999.000,9999.000,9999.000,9999.000,9999.000
202604051112,   0.771,   0.970,9999.000,9999.000,9999.000,9999.000,9999.000,9999.000,9999.000
202604051118,   0.787,   0.961,9999.000,9999.000,9999.000,9999.000,9999.000,9999.000,9999.000
202604051124,   0.802,   0.970,9999.000,9999.000,9999.000,9999.000,9999.000,9999.000,9999.000
202604051130,   0.818,   0.990,9999.000,9999.000,9999.000,9999.000,9999.000,9999.000,9999.000
202604051136,   0.833,   0.961,9999.000,9999.000,9999.000,9999.000,9999.000,9999.000,9999.000
202604051142,   0.847,   0.961,9999.000,9999.000,9999.000,9999.000,9999.000,9999.000,9999.000
202604051148,   0.861,   0.918,9999.000,9999.000,9999.000,9999.000,9999.000,9999.000,9999.000
202604051154,   0.875,   0.941,9999.000,9999.000,9999.000,9999.000,9999.000,9999.000,9999.000
202604051200,   0.888,   0.980,   0.400,  -0.308,   0.980,   0.400,   0.980,   0.500,   1.080
202604051206,   0.901,   1.010,9999.000,9999.000,9999.000,9999.000,9999.000,9999.000,9999.000
202604051212,   0.914,   1.029,9999.000,9999.000,9999.000,9999.000,9999.000,9999.000,9999.000
202604051218,   0.926,   1.049,9999.000,9999.000,9999.000,9999.000,9999.000,9999.000,9999.000
202604051224,   0.938,   1.128,9999.000,9999.000,9999.000,9999.000,9999.000,9999.000,9999.000
202604051230,   0.949,   1.180,9999.000,9999.000,9999.000,9999.000,9999.000,9999.000,9999.000
202604051236,   0.960,   1.170,9999.000,9999.000,9999.000,9999.000,9999.000,9999.000,9999.000
202604051242,   0.970,   1.128,9999.000,9999.000,9999.000,9999.000,9999.000,9999.000,9999.000
202604051248,   0.980,   1.069,9999.000,9999.000,9999.000,9999.000,9999.000,9999.000,9999.000
202604051254,   0.990,   1.079,9999.000,9999.000,9999.000,9999.000,9999.000,9999.000,9999.000
202604051300,   0.999,   1.020,   0.400,  -0.379,   1.020,   0.400,   1.020,   0.400,   1.020
202604051306,   1.008,   1.000,9999.000,9999.000,9999.000,9999.000,9999.000,9999.000,9999.000
202604051312,   1.016,   1.020,9999.000,9999.000,9999.000,9999.000,9999.000,9999.000,9999.000
202604051318,   1.024,   1.098,9999.000,9999.000,9999.000,9999.000,9999.000,9999.000,9999.000
202604051324,   1.032,   1.151,9999.000,9999.000,9999.000,9999.000,9999.000,9999.000,9999.000
202604051330,   1.039,   1.161,9999.000,9999.000,9999.000,9999.000,9999.000,9999.000,9999.000
202604051336,   1.046,   1.200,9999.000,9999.000,9999.000,9999.000,9999.000,9999.000,9999.000
202604051342,   1.052,   1.118,9999.000,9999.000,9999.000,9999.000,9999.000,9999.000,9999.000
202604051348,   1.058,   1.220,9999.000,9999.000,9999.000,9999.000,9999.000,9999.000,9999.000
202604051354,   1.064,   1.220,9999.000,9999.000,9999.000,9999.000,9999.000,9999.000,9999.000
202604051400,   1.069,   1.269,   0.400,  -0.200,   1.269,   0.300,   1.169,   0.400,   1.269
202604051406,   1.074,   0.800,9999.000,9999.000,9999.000,9999.000,9999.000,9999.000,9999.000
202604051412,   1.079,   1.138,9999.000,9999.000,9999.000,9999.000,9999.000,9999.000,9999.000
202604051418,   1.084,   0.849,9999.000,9999.000,9999.000,9999.000,9999.000,9999.000,9999.000
202604051424,   1.088,   1.151,9999.000,9999.000,9999.000,9999.000,9999.000,9999.000,9999.000
202604051430,   1.091,   1.079,9999.000,9999.000,9999.000,9999.000,9999.000,9999.000,9999.000
202604051436,   1.094,   1.151,9999.000,9999.000,9999.000,9999.000,9999.000,9999.000,9999.000
202604051442,   1.097,   1.170,9999.000,9999.000,9999.000,9999.000,9999.000,9999.000,9999.000
202604051448,   1.100,   1.200,9999.000,9999.000,9999.000,9999.000,9999.000,9999.000,9999.000
202604051454,   1.102,   1.318,9999.000,9999.000,9999.000,9999.000,9999.000,9999.000,9999.000
202604051500,   1.104,   1.249,   0.400,  -0.255,   1.249,   0.300,   1.149,   0.400,   1.249
202604051506,   1.106,   1.170,9999.000,9999.000,9999.000,9999.000,9999.000,9999.000,9999.000
202604051512,   1.107,   1.249,9999.000,9999.000,9999.000,9999.000,9999.000,9999.000,9999.000
202604051518,   1.109,   1.348,9999.000,9999.000,9999.000,9999.000,9999.000,9999.000,9999.000
202604051524,   1.109,   1.269,9999.000,9999.000,9999.000,9999.000,9999.000,9999.000,9999.000
202604051530,   1.110,   1.210,9999.000,9999.000,9999.000,9999.000,9999.000,9999.000,9999.000
202604051536,   1.110,   1.170,9999.000,9999.000,9999.000,9999.000,9999.000,9999.000,9999.000
202604051542,   1.110,   1.098,9999.000,9999.000,9999.000,9999.000,9999.000,9999.000,9999.000
202604051548,   1.110,   1.249,9999.000,9999.000,9999.000,9999.000,9999.000,9999.000,9999.000
202604051554,   1.110,   0.970,9999.000,9999.000,9999.000,9999.000,9999.000,9999.000,9999.000
202604051600,   1.109,   1.098,   0.400,  -0.411,   1.098,   0.300,   0.998,   0.400,   1.098
202604051606,   1.109,   1.249,9999.000,9999.000,9999.000,9999.000,9999.000,9999.000,9999.000
202604051612,   1.108,   1.298,9999.000,9999.000,9999.000,9999.000,9999.000,9999.000,9999.000
202604051618,   1.107,   1.170,9999.000,9999.000,9999.000,9999.000,9999.000,9999.000,9999.000
202604051624,   1.106,   1.088,9999.000,9999.000,9999.000,9999.000,9999.000,9999.000,9999.000
202604051630,   1.105,   1.249,9999.000,9999.000,9999.000,9999.000,9999.000,9999.000,9999.000
202604051636,   1.104,   1.138,9999.000,9999.000,9999.000,9999.000,9999.000,9999.000,9999.000
202604051642,   1.103,   1.108,9999.000,9999.000,9999.000,9999.000,9999.000,9999.000,9999.000
202604051648,   1.102,   1.079,9999.000,9999.000,9999.000,9999.000,9999.000,9999.000,9999.000
202604051654,   1.100,   1.128,9999.000,9999.000,9999.000,9999.000,9999.000,9999.000,9999.000
202604051700,   1.099,   1.059,   0.400,  -0.440,   1.059,   0.300,   0.959,   0.400,   1.059
202604051706,   1.098,   1.049,9999.000,9999.000,9999.000,9999.000,9999.000,9999.000,9999.000
202604051712,   1.097,   0.961,9999.000,9999.000,9999.000,9999.000,9999.000,9999.000,9999.000
202604051718,   1.096,   0.961,9999.000,9999.000,9999.000,9999.000,9999.000,9999.000,9999.000
202604051724,   1.095,   1.039,9999.000,9999.000,9999.000,9999.000,9999.000,9999.000,9999.000
202604051730,   1.094,   0.980,9999.000,9999.000,9999.000,9999.000,9999.000,9999.000,9999.000
202604051736,   1.093,   1.039,9999.000,9999.000,9999.000,9999.000,9999.000,9999.000,9999.000
202604051742,   1.093,   1.069,9999.000,9999.000,9999.000,9999.000,9999.000,9999.000,9999.000
202604051748,   1.092,   1.108,9999.000,9999.000,9999.000,9999.000,9999.000,9999.000,9999.000
202604051754,   1.091,   1.098,9999.000,9999.000,9999.000,9999.000,9999.000,9999.000,9999.000
202604051800,   1.091,   1.098,   0.300,  -0.293,   1.098,   0.300,   1.098,   0.300,   1.098
202604051806,   1.091,   1.138,9999.000,9999.000,9999.000,9999.000,9999.000,9999.000,9999.000
202604051812,   1.090,   1.069,9999.000,9999.000,9999.000,9999.000,9999.000,9999.000,9999.000
202604051818,   1.090,   1.039,9999.000,9999.000,9999.000,9999.000,9999.000,9999.000,9999.000
202604051824,   1.090,   1.029,9999.000,9999.000,9999.000,9999.000,9999.000,9999.000,9999.000
202604051830,   1.090,   1.020,9999.000,9999.000,9999.000,9999.000,9999.000,9999.000,9999.000
202604051836,   1.090,   0.990,9999.000,9999.000,9999.000,9999.000,9999.000,9999.000,9999.000
202604051842,   1.090,   1.029,9999.000,9999.000,9999.000,9999.000,9999.000,9999.000,9999.000
202604051848,   1.090,   1.059,9999.000,9999.000,9999.000,9999.000,9999.000,9999.000,9999.000
202604051854,   1.090,   1.010,9999.000,9999.000,9999.000,9999.000,9999.000,9999.000,9999.000
202604051900,   1.090,   1.010,   0.300,  -0.380,   1.010,   0.200,   0.910,   0.300,   1.010
202604051906,   1.090,   1.010,9999.000,9999.000,9999.000,9999.000,9999.000,9999.000,9999.000
202604051912,   1.090,   1.000,9999.000,9999.000,9999.000,9999.000,9999.000,9999.000,9999.000
202604051918,   1.091,   1.020,9999.000,9999.000,9999.000,9999.000,9999.000,9999.000,9999.000
202604051924,   1.091,   1.000,9999.000,9999.000,9999.000,9999.000,9999.000,9999.000,9999.000
202604051930,   1.091,   1.049,9999.000,9999.000,9999.000,9999.000,9999.000,9999.000,9999.000
202604051936,   1.091,   1.000,9999.000,9999.000,9999.000,9999.000,9999.000,9999.000,9999.000
202604051942,   1.091,   0.951,9999.000,9999.000,9999.000,9999.000,9999.000,9999.000,9999.000
202604051948,   1.092,   1.039,9999.000,9999.000,9999.000,9999.000,9999.000,9999.000,9999.000
202604051954,   1.092,   0.928,9999.000,9999.000,9999.000,9999.000,9999.000,9999.000,9999.000
202604052000,   1.092,   0.961,   0.300,  -0.431,   0.961,   0.200,   0.861,   0.300,   0.961
202604052006,   1.092,   0.951,9999.000,9999.000,9999.000,9999.000,9999.000,9999.000,9999.000
202604052012,   1.092,   0.888,9999.000,9999.000,9999.000,9999.000,9999.000,9999.000,9999.000
202604052018,   1.092,   0.859,9999.000,9999.000,9999.000,9999.000,9999.000,9999.000,9999.000
202604052024,   1.092,   0.941,9999.000,9999.000,9999.000,9999.000,9999.000,9999.000,9999.000
202604052030,   1.093,   0.990,9999.000,9999.000,9999.000,9999.000,9999.000,9999.000,9999.000
202604052036,   1.093,   1.059,9999.000,9999.000,9999.000,9999.000,9999.000,9999.000,9999.000
202604052042,   1.093,   1.039,9999.000,9999.000,9999.000,9999.000,9999.000,9999.000,9999.000
202604052048,   1.093,   1.079,9999.000,9999.000,9999.000,9999.000,9999.000,9999.000,9999.000
202604052054,   1.093,   1.039,9999.000,9999.000,9999.000,9999.000,9999.000,9999.000,9999.000
202604052100,   1.093,   1.049,   0.300,  -0.344,   1.049,   0.200,   0.949,   0.400,   1.149
202604052106,   1.093,   1.128,9999.000,9999.000,9999.000,9999.000,9999.000,9999.000,9999.000
202604052112,   1.093,   1.039,9999.000,9999.000,9999.000,9999.000,9999.000,9999.000,9999.000
202604052118,   1.092,   1.049,9999.000,9999.000,9999.000,9999.000,9999.000,9999.000,9999.000
202604052124,   1.092,   1.108,9999.000,9999.000,9999.000,9999.000,9999.000,9999.000,9999.000
202604052130,   1.092,   1.049,9999.000,9999.000,9999.000,9999.000,9999.000,9999.000,9999.000
202604052136,   1.092,   1.069,9999.000,9999.000,9999.000,9999.000,9999.000,9999.000,9999.000
202604052142,   1.091,   1.069,9999.000,9999.000,9999.000,9999.000,9999.000,9999.000,9999.000
202604052148,   1.091,   1.098,9999.000,9999.000,9999.000,9999.000,9999.000,9999.000,9999.000
202604052154,   1.091,   1.039,9999.000,9999.000,9999.000,9999.000,9999.000,9999.000,9999.000
202604052200,   1.090,   0.961,   0.300,  -0.429,   0.961,   0.200,   0.861,   0.400,   1.061
202604052206,   1.089,   1.118,9999.000,9999.000,9999.000,9999.000,9999.000,9999.000,9999.000
202604052212,   1.088,   1.059,9999.000,9999.000,9999.000,9999.000,9999.000,9999.000,9999.000
202604052218,   1.087,   0.990,9999.000,9999.000,9999.000,9999.000,9999.000,9999.000,9999.000
202604052224,   1.086,   0.961,9999.000,9999.000,9999.000,9999.000,9999.000,9999.000,9999.000
202604052230,   1.085,   0.928,9999.000,9999.000,9999.000,9999.000,9999.000,9999.000,9999.000
202604052236,   1.083,   1.069,9999.000,9999.000,9999.000,9999.000,9999.000,9999.000,9999.000
202604052242,   1.081,   1.020,9999.000,9999.000,9999.000,9999.000,9999.000,9999.000,9999.000
202604052248,   1.079,   0.990,9999.000,9999.000,9999.000,9999.000,9999.000,9999.000,9999.000
202604052254,   1.077,   0.849,9999.000,9999.000,9999.000,9999.000,9999.000,9999.000,9999.000
202604052300,   1.075,   0.980,   0.300,  -0.395,   0.980,   0.200,   0.880,   0.400,   1.080
202604052306,   1.072,   0.879,9999.000,9999.000,9999.000,9999.000,9999.000,9999.000,9999.000
202604052312,   1.069,   0.951,9999.000,9999.000,9999.000,9999.000,9999.000,9999.000,9999.000
202604052318,   1.065,   0.970,9999.000,9999.000,9999.000,9999.000,9999.000,9999.000,9999.000
202604052324,   1.061,   1.000,9999.000,9999.000,9999.000,9999.000,9999.000,9999.000,9999.000
202604052330,   1.057,   0.980,9999.000,9999.000,9999.000,9999.000,9999.000,9999.000,9999.000
202604052336,   1.053,   0.941,9999.000,9999.000,9999.000,9999.000,9999.000,9999.000,9999.000
202604052342,   1.048,   1.010,9999.000,9999.000,9999.000,9999.000,9999.000,9999.000,9999.000
202604052348,   1.043,   0.839,9999.000,9999.000,9999.000,9999.000,9999.000,9999.000,9999.000
202604052354,   1.037,   0.819,9999.000,9999.000,9999.000,9999.000,9999.000,9999.000,9999.000
202604060000,   1.031,   0.941,   0.300,  -0.390,   0.941,   0.300,   0.941,   0.300,   0.941
202604060006,   1.024,   1.029,9999.000,9999.000,9999.000,9999.000,9999.000,9999.000,9999.000
202604060012,   1.017,   0.790,9999.000,9999.000,9999.000,9999.000,9999.000,9999.000,9999.000
202604060018,   1.010,   0.879,9999.000,9999.000,9999.000,9999.000,9999.000,9999.000,9999.000
202604060024,   1.002,   0.908,9999.000,9999.000,9999.000,9999.000,9999.000,9999.000,9999.000
202604060030,   0.994,   0.898,9999.000,9999.000,9999.000,9999.000,9999.000,9999.000,9999.000
202604060036,   0.986,   0.849,9999.000,9999.000,9999.000,9999.000,9999.000,9999.000,9999.000
202604060042,   0.977,   0.829,9999.000,9999.000,9999.000,9999.000,9999.000,9999.000,9999.000
202604060048,   0.967,   0.888,9999.000,9999.000,9999.000,9999.000,9999.000,9999.000,9999.000
202604060054,   0.957,   0.810,9999.000,9999.000,9999.000,9999.000,9999.000,9999.000,9999.000
202604060100,   0.947,   0.829,   0.300,  -0.418,   0.829,   0.300,   0.829,   0.300,   0.829
202604060106,   0.936,   0.879,9999.000,9999.000,9999.000,9999.000,9999.000,9999.000,9999.000
202604060112,   0.925,   0.790,9999.000,9999.000,9999.000,9999.000,9999.000,9999.000,9999.000
202604060118,   0.913,   0.780,9999.000,9999.000,9999.000,9999.000,9999.000,9999.000,9999.000
202604060124,   0.901,   0.780,9999.000,9999.000,9999.000,9999.000,9999.000,9999.000,9999.000
202604060130,   0.888,   0.751,9999.000,9999.000,9999.000,9999.000,9999.000,9999.000,9999.000
202604060136,   0.875,   0.760,9999.000,9999.000,9999.000,9999.000,9999.000,9999.000,9999.000
202604060142,   0.862,   0.770,9999.000,9999.000,9999.000,9999.000,9999.000,9999.000,9999.000
202604060148,   0.848,   0.770,9999.000,9999.000,9999.000,9999.000,9999.000,9999.000,9999.000
202604060154,   0.834,   0.751,9999.000,9999.000,9999.000,9999.000,9999.000,9999.000,9999.000
202604060200,   0.820,   0.678,   0.300,  -0.442,   0.678,   0.300,   0.678,   0.300,   0.678
202604060206,   0.805,   0.688,9999.000,9999.000,9999.000,9999.000,9999.000,9999.000,9999.000
202604060212,   0.789,   0.698,9999.000,9999.000,9999.000,9999.000,9999.000,9999.000,9999.000
202604060218,   0.774,   0.629,9999.000,9999.000,9999.000,9999.000,9999.000,9999.000,9999.000
202604060224,   0.758,   0.570,9999.000,9999.000,9999.000,9999.000,9999.000,9999.000,9999.000
202604060230,   0.742,   0.600,9999.000,9999.000,9999.000,9999.000,9999.000,9999.000,9999.000
202604060236,   0.725,   0.531,9999.000,9999.000,9999.000,9999.000,9999.000,9999.000,9999.000
202604060242,   0.708,   0.619,9999.000,9999.000,9999.000,9999.000,9999.000,9999.000,9999.000
202604060248,   0.691,   0.331,9999.000,9999.000,9999.000,9999.000,9999.000,9999.000,9999.000
202604060254,   0.674,   0.439,9999.000,9999.000,9999.000,9999.000,9999.000,9999.000,9999.000
202604060300,   0.657,   0.508,   0.300,  -0.449,   0.508,   0.300,   0.508,   0.300,   0.508
202604060306,   0.639,   0.531,9999.000,9999.000,9999.000,9999.000,9999.000,9999.000,9999.000
202604060312,   0.622,   0.390,9999.000,9999.000,9999.000,9999.000,9999.000,9999.000,9999.000
202604060318,   0.604,   0.449,9999.000,9999.000,9999.000,9999.000,9999.000,9999.000,9999.000
202604060324,   0.586,   0.390,9999.000,9999.000,9999.000,9999.000,9999.000,9999.000,9999.000
202604060330,   0.568,   0.321,9999.000,9999.000,9999.000,9999.000,9999.000,9999.000,9999.000
202604060336,   0.550,   0.298,9999.000,9999.000,9999.000,9999.000,9999.000,9999.000,9999.000
202604060342,   0.533,   0.259,9999.000,9999.000,9999.000,9999.000,9999.000,9999.000,9999.000
202604060348,   0.515,   0.321,9999.000,9999.000,9999.000,9999.000,9999.000,9999.000,9999.000
202604060354,   0.497,   0.298,9999.000,9999.000,9999.000,9999.000,9999.000,9999.000,9999.000
202604060400,   0.480,   0.219,   0.300,  -0.561,   0.219,   0.300,   0.219,   0.300,   0.219
202604060406,   0.462,   0.259,9999.000,9999.000,9999.000,9999.000,9999.000,9999.000,9999.000
202604060412,   0.445,   0.209,9999.000,9999.000,9999.000,9999.000,9999.000,9999.000,9999.000
202604060418,   0.428,   0.229,9999.000,9999.000,9999.000,9999.000,9999.000,9999.000,9999.000
202604060424,   0.412,   0.180,9999.000,9999.000,9999.000,9999.000,9999.000,9999.000,9999.000
202604060430,   0.396,   0.141,9999.000,9999.000,9999.000,9999.000,9999.000,9999.000,9999.000
202604060436,   0.380,   0.160,9999.000,9999.000,9999.000,9999.000,9999.000,9999.000,9999.000
202604060442,   0.364,   0.141,9999.000,9999.000,9999.000,9999.000,9999.000,9999.000,9999.000
202604060448,   0.349,   0.121,9999.000,9999.000,9999.000,9999.000,9999.000,9999.000,9999.000
202604060454,   0.335,   0.121,9999.000,9999.000,9999.000,9999.000,9999.000,9999.000,9999.000
202604060500,   0.321,   0.209,   0.300,  -0.412,   0.209,   0.300,   0.209,   0.300,   0.209
202604060506,   0.307,   0.059,9999.000,9999.000,9999.000,9999.000,9999.000,9999.000,9999.000
202604060512,   0.294,   0.098,9999.000,9999.000,9999.000,9999.000,9999.000,9999.000,9999.000
202604060518,   0.281,   0.141,9999.000,9999.000,9999.000,9999.000,9999.000,9999.000,9999.000
202604060524,   0.269,   0.019,9999.000,9999.000,9999.000,9999.000,9999.000,9999.000,9999.000
202604060530,   0.258,  -0.039,9999.000,9999.000,9999.000,9999.000,9999.000,9999.000,9999.000
202604060536,   0.247,   0.229,9999.000,9999.000,9999.000,9999.000,9999.000,9999.000,9999.000
202604060542,   0.237,   0.068,9999.000,9999.000,9999.000,9999.000,9999.000,9999.000,9999.000
202604060548,   0.228,  -0.059,9999.000,9999.000,9999.000,9999.000,9999.000,9999.000,9999.000
202604060554,   0.219,   0.059,9999.000,9999.000,9999.000,9999.000,9999.000,9999.000,9999.000
202604060600,   0.211,  -0.029,   0.300,  -0.540,  -0.029,   0.300,  -0.029,   0.300,  -0.029
202604060606,   0.204,  -0.098,9999.000,9999.000,9999.000,9999.000,9999.000,9999.000,9999.000
202604060612,   0.197,   0.029,9999.000,9999.000,9999.000,9999.000,9999.000,9999.000,9999.000
202604060618,   0.191,   0.009,9999.000,9999.000,9999.000,9999.000,9999.000,9999.000,9999.000
202604060624,   0.186,  -0.029,9999.000,9999.000,9999.000,9999.000,9999.000,9999.000,9999.000
202604060630,   0.182,  -0.078,9999.000,9999.000,9999.000,9999.000,9999.000,9999.000,9999.000
202604060636,   0.178,  -0.039,9999.000,9999.000,9999.000,9999.000,9999.000,9999.000,9999.000
202604060642,   0.175,  -0.059,9999.000,9999.000,9999.000,9999.000,9999.000,9999.000,9999.000
202604060648,   0.173,  -0.059,9999.000,9999.000,9999.000,9999.000,9999.000,9999.000,9999.000
202604060654,   0.171,  -0.049,9999.000,9999.000,9999.000,9999.000,9999.000,9999.000,9999.000
202604060700,   0.170,  -0.029,   0.300,  -0.499,  -0.029,   0.300,  -0.029,   0.300,  -0.029
202604060706,   0.170,  -0.111,9999.000,9999.000,9999.000,9999.000,9999.000,9999.000,9999.000
202604060712,   0.171,  -0.111,9999.000,9999.000,9999.000,9999.000,9999.000,9999.000,9999.000
202604060718,   0.172,  -0.059,9999.000,9999.000,9999.000,9999.000,9999.000,9999.000,9999.000
202604060724,   0.174,  -0.039,9999.000,9999.000,9999.000,9999.000,9999.000,9999.000,9999.000
202604060730,   0.177,  -0.019,9999.000,9999.000,9999.000,9999.000,9999.000,9999.000,9999.000
202604060736,   0.181,  -0.019,9999.000,9999.000,9999.000,9999.000,9999.000,9999.000,9999.000
202604060742,   0.185,   0.049,9999.000,9999.000,9999.000,9999.000,9999.000,9999.000,9999.000
202604060748,   0.190,   0.150,9999.000,9999.000,9999.000,9999.000,9999.000,9999.000,9999.000
202604060754,   0.195,   0.059,9999.000,9999.000,9999.000,9999.000,9999.000,9999.000,9999.000
202604060800,   0.202,   0.000,   0.300,  -0.502,   0.000,   0.300,   0.000,   0.300,   0.000
202604060806,   0.209,   0.111,9999.000,9999.000,9999.000,9999.000,9999.000,9999.000,9999.000
202604060812,   0.216,   0.049,9999.000,9999.000,9999.000,9999.000,9999.000,9999.000,9999.000
202604060818,   0.224,  -0.049,9999.000,9999.000,9999.000,9999.000,9999.000,9999.000,9999.000
202604060824,   0.233,   0.150,9999.000,9999.000,9999.000,9999.000,9999.000,9999.000,9999.000
202604060830,   0.242,   0.019,9999.000,9999.000,9999.000,9999.000,9999.000,9999.000,9999.000
202604060836,   0.252,   0.049,9999.000,9999.000,9999.000,9999.000,9999.000,9999.000,9999.000
202604060842,   0.263,   0.121,9999.000,9999.000,9999.000,9999.000,9999.000,9999.000,9999.000
202604060848,   0.274,   0.131,9999.000,9999.000,9999.000,9999.000,9999.000,9999.000,9999.000
202604060854,   0.285,   0.239,9999.000,9999.000,9999.000,9999.000,9999.000,9999.000,9999.000
202604060900,   0.297,   0.160,   0.300,  -0.437,   0.160,   0.300,   0.160,   0.300,   0.160
202604060906,   0.309,   0.141,9999.000,9999.000,9999.000,9999.000,9999.000,9999.000,9999.000
202604060912,   0.322,   0.239,9999.000,9999.000,9999.000,9999.000,9999.000,9999.000,9999.000
202604060918,   0.336,   0.249,9999.000,9999.000,9999.000,9999.000,9999.000,9999.000,9999.000
202604060924,   0.349,   0.229,9999.000,9999.000,9999.000,9999.000,9999.000,9999.000,9999.000
202604060930,   0.363,   0.200,9999.000,9999.000,9999.000,9999.000,9999.000,9999.000,9999.000
202604060936,   0.377,   0.219,9999.000,9999.000,9999.000,9999.000,9999.000,9999.000,9999.000
202604060942,   0.392,   0.209,9999.000,9999.000,9999.000,9999.000,9999.000,9999.000,9999.000
202604060948,   0.407,   0.259,9999.000,9999.000,9999.000,9999.000,9999.000,9999.000,9999.000
202604060954,   0.422,   0.249,9999.000,9999.000,9999.000,9999.000,9999.000,9999.000,9999.000
202604061000,   0.437,   0.200,   0.300,  -0.537,   0.200,   0.300,   0.200,   0.300,   0.200
202604061006,   0.453,   0.209,9999.000,9999.000,9999.000,9999.000,9999.000,9999.000,9999.000
202604061012,   0.468,   0.249,9999.000,9999.000,9999.000,9999.000,9999.000,9999.000,9999.000
202604061018,   0.484,   0.249,9999.000,9999.000,9999.000,9999.000,9999.000,9999.000,9999.000
202604061024,   0.500,   0.239,9999.000,9999.000,9999.000,9999.000,9999.000,9999.000,9999.000
202604061030,   0.516,   0.278,9999.000,9999.000,9999.000,9999.000,9999.000,9999.000,9999.000
202604061036,   0.532,   0.341,9999.000,9999.000,9999.000,9999.000,9999.000,9999.000,9999.000
202604061042,   0.548,   0.360,9999.000,9999.000,9999.000,9999.000,9999.000,9999.000,9999.000
202604061048,   0.564,   0.380,9999.000,9999.000,9999.000,9999.000,9999.000,9999.000,9999.000
202604061054,   0.581,   0.409,9999.000,9999.000,9999.000,9999.000,9999.000,9999.000,9999.000
202604061100,   0.597,   0.429,   0.300,  -0.468,   0.429,   0.300,   0.429,   0.300,   0.429
202604061106,   0.613,   0.498,9999.000,9999.000,9999.000,9999.000,9999.000,9999.000,9999.000
202604061112,   0.629,   0.469,9999.000,9999.000,9999.000,9999.000,9999.000,9999.000,9999.000
202604061118,   0.645,   0.439,9999.000,9999.000,9999.000,9999.000,9999.000,9999.000,9999.000
202604061124,   0.660,   0.400,9999.000,9999.000,9999.000,9999.000,9999.000,9999.000,9999.000
202604061130,   0.676,   0.400,9999.000,9999.000,9999.000,9999.000,9999.000,9999.000,9999.000
202604061136,   0.692,   0.390,9999.000,9999.000,9999.000,9999.000,9999.000,9999.000,9999.000
202604061142,   0.707,   0.409,9999.000,9999.000,9999.000,9999.000,9999.000,9999.000,9999.000
202604061148,   0.722,   0.429,9999.000,9999.000,9999.000,9999.000,9999.000,9999.000,9999.000
202604061154,   0.737,   0.508,9999.000,9999.000,9999.000,9999.000,9999.000,9999.000,9999.000
202604061200,   0.752,   0.570,   0.400,  -0.582,   0.570,   0.300,   0.470,   0.400,   0.570
202604061206,   0.767,   0.629,9999.000,9999.000,9999.000,9999.000,9999.000,9999.000,9999.000
202604061212,   0.782,   0.639,9999.000,9999.000,9999.000,9999.000,9999.000,9999.000,9999.000
202604061218,   0.796,   0.649,9999.000,9999.000,9999.000,9999.000,9999.000,9999.000,9999.000
202604061224,   0.810,   0.659,9999.000,9999.000,9999.000,9999.000,9999.000,9999.000,9999.000
202604061230,   0.824,   0.659,9999.000,9999.000,9999.000,9999.000,9999.000,9999.000,9999.000
202604061236,   0.837,   0.610,9999.000,9999.000,9999.000,9999.000,9999.000,9999.000,9999.000
202604061242,   0.850,   0.610,9999.000,9999.000,9999.000,9999.000,9999.000,9999.000,9999.000
202604061248,   0.863,   0.590,9999.000,9999.000,9999.000,9999.000,9999.000,9999.000,9999.000
202604061254,   0.876,   0.639,9999.000,9999.000,9999.000,9999.000,9999.000,9999.000,9999.000
202604061300,   0.888,   0.669,   0.400,  -0.619,   0.669,   0.400,   0.669,   0.400,   0.669
202604061306,   0.900,   0.669,9999.000,9999.000,9999.000,9999.000,9999.000,9999.000,9999.000
202604061312,   0.912,   0.751,9999.000,9999.000,9999.000,9999.000,9999.000,9999.000,9999.000
202604061318,   0.923,   0.731,9999.000,9999.000,9999.000,9999.000,9999.000,9999.000,9999.000
202604061324,   0.934,   0.780,9999.000,9999.000,9999.000,9999.000,9999.000,9999.000,9999.000
202604061330,   0.945,   0.780,9999.000,9999.000,9999.000,9999.000,9999.000,9999.000,9999.000
202604061336,   0.955,   0.859,9999.000,9999.000,9999.000,9999.000,9999.000,9999.000,9999.000
202604061342,   0.965,   0.888,9999.000,9999.000,9999.000,9999.000,9999.000,9999.000,9999.000
202604061348,   0.975,   0.869,9999.000,9999.000,9999.000,9999.000,9999.000,9999.000,9999.000
202604061354,   0.984,   0.810,9999.000,9999.000,9999.000,9999.000,9999.000,9999.000,9999.000
202604061400,   0.993,   0.928,   0.400,  -0.465,   0.928,   0.400,   0.928,   0.400,   0.928
202604061406,   1.001,   0.928,9999.000,9999.000,9999.000,9999.000,9999.000,9999.000,9999.000
202604061412,   1.009,   0.760,9999.000,9999.000,9999.000,9999.000,9999.000,9999.000,9999.000
202604061418,   1.017,   0.990,9999.000,9999.000,9999.000,9999.000,9999.000,9999.000,9999.000
202604061424,   1.024,   0.990,9999.000,9999.000,9999.000,9999.000,9999.000,9999.000,9999.000
202604061430,   1.031,   0.951,9999.000,9999.000,9999.000,9999.000,9999.000,9999.000,9999.000
202604061436,   1.038,   1.020,9999.000,9999.000,9999.000,9999.000,9999.000,9999.000,9999.000
202604061442,   1.044,   1.000,9999.000,9999.000,9999.000,9999.000,9999.000,9999.000,9999.000
202604061448,   1.050,   0.941,9999.000,9999.000,9999.000,9999.000,9999.000,9999.000,9999.000
202604061454,   1.056,   0.980,9999.000,9999.000,9999.000,9999.000,9999.000,9999.000,9999.000
202604061500,   1.061,   1.118,   0.400,  -0.343,   1.118,   0.400,   1.118,   0.400,   1.118
202604061506,   1.066,   1.118,9999.000,9999.000,9999.000,9999.000,9999.000,9999.000,9999.000
202604061512,   1.071,   1.161,9999.000,9999.000,9999.000,9999.000,9999.000,9999.000,9999.000
202604061518,   1.076,   1.128,9999.000,9999.000,9999.000,9999.000,9999.000,9999.000,9999.000
202604061524,   1.080,   1.098,9999.000,9999.000,9999.000,9999.000,9999.000,9999.000,9999.000
202604061530,   1.084,   1.128,9999.000,9999.000,9999.000,9999.000,9999.000,9999.000,9999.000
202604061536,   1.088,   1.151,9999.000,9999.000,9999.000,9999.000,9999.000,9999.000,9999.000
202604061542,   1.091,   1.128,9999.000,9999.000,9999.000,9999.000,9999.000,9999.000,9999.000
202604061548,   1.095,   1.079,9999.000,9999.000,9999.000,9999.000,9999.000,9999.000,9999.000
202604061554,   1.098,   1.088,9999.000,9999.000,9999.000,9999.000,9999.000,9999.000,9999.000
202604061600,   1.101,   1.170,   0.400,  -0.331,   1.170,   0.400,   1.170,   0.400,   1.170
202604061606,   1.104,   1.151,9999.000,9999.000,9999.000,9999.000,9999.000,9999.000,9999.000
202604061612,   1.107,   1.200,9999.000,9999.000,9999.000,9999.000,9999.000,9999.000,9999.000
202604061618,   1.110,   1.161,9999.000,9999.000,9999.000,9999.000,9999.000,9999.000,9999.000
202604061624,   1.113,   1.170,9999.000,9999.000,9999.000,9999.000,9999.000,9999.000,9999.000
202604061630,   1.115,   1.108,9999.000,9999.000,9999.000,9999.000,9999.000,9999.000,9999.000
202604061636,   1.118,   1.210,9999.000,9999.000,9999.000,9999.000,9999.000,9999.000,9999.000
202604061642,   1.120,   1.220,9999.000,9999.000,9999.000,9999.000,9999.000,9999.000,9999.000
202604061648,   1.123,   1.229,9999.000,9999.000,9999.000,9999.000,9999.000,9999.000,9999.000
202604061654,   1.125,   1.200,9999.000,9999.000,9999.000,9999.000,9999.000,9999.000,9999.000
202604061700,   1.127,   1.020,   0.400,  -0.507,   1.020,   0.400,   1.020,   0.400,   1.020
202604061706,   1.129,   1.151,9999.000,9999.000,9999.000,9999.000,9999.000,9999.000,9999.000
202604061712,   1.131,   1.259,9999.000,9999.000,9999.000,9999.000,9999.000,9999.000,9999.000
202604061718,   1.133,   1.308,9999.000,9999.000,9999.000,9999.000,9999.000,9999.000,9999.000
202604061724,   1.135,   1.298,9999.000,9999.000,9999.000,9999.000,9999.000,9999.000,9999.000
202604061730,   1.137,   1.298,9999.000,9999.000,9999.000,9999.000,9999.000,9999.000,9999.000
202604061736,   1.139,   1.348,9999.000,9999.000,9999.000,9999.000,9999.000,9999.000,9999.000
202604061742,   1.141,   1.348,9999.000,9999.000,9999.000,9999.000,9999.000,9999.000,9999.000
202604061748,   1.142,   1.361,9999.000,9999.000,9999.000,9999.000,9999.000,9999.000,9999.000
202604061754,   1.144,   1.390,9999.000,9999.000,9999.000,9999.000,9999.000,9999.000,9999.000
202604061800,   1.145,   1.338,   0.500,  -0.307,   1.338,   0.400,   1.238,   0.500,   1.338
202604061806,   1.146,   1.229,9999.000,9999.000,9999.000,9999.000,9999.000,9999.000,9999.000
202604061812,   1.147,   1.308,9999.000,9999.000,9999.000,9999.000,9999.000,9999.000,9999.000
202604061818,   1.148,   1.338,9999.000,9999.000,9999.000,9999.000,9999.000,9999.000,9999.000
202604061824,   1.149,   1.308,9999.000,9999.000,9999.000,9999.000,9999.000,9999.000,9999.000
202604061830,   1.150,   1.298,9999.000,9999.000,9999.000,9999.000,9999.000,9999.000,9999.000
202604061836,   1.151,   1.348,9999.000,9999.000,9999.000,9999.000,9999.000,9999.000,9999.000
202604061842,   1.152,   1.348,9999.000,9999.000,9999.000,9999.000,9999.000,9999.000,9999.000
202604061848,   1.152,   1.289,9999.000,9999.000,9999.000,9999.000,9999.000,9999.000,9999.000
202604061854,   1.153,   1.308,9999.000,9999.000,9999.000,9999.000,9999.000,9999.000,9999.000
202604061900,   1.153,   1.328,   0.500,  -0.325,   1.328,   0.400,   1.228,   0.500,   1.328
202604061906,   1.153,   1.361,9999.000,9999.000,9999.000,9999.000,9999.000,9999.000,9999.000
202604061912,   1.153,   1.279,9999.000,9999.000,9999.000,9999.000,9999.000,9999.000,9999.000
202604061918,   1.153,   1.361,9999.000,9999.000,9999.000,9999.000,9999.000,9999.000,9999.000
202604061924,   1.153,   1.361,9999.000,9999.000,9999.000,9999.000,9999.000,9999.000,9999.000
202604061930,   1.153,   1.361,9999.000,9999.000,9999.000,9999.000,9999.000,9999.000,9999.000
202604061936,   1.153,   1.371,9999.000,9999.000,9999.000,9999.000,9999.000,9999.000,9999.000
202604061942,   1.153,   1.371,9999.000,9999.000,9999.000,9999.000,9999.000,9999.000,9999.000
202604061948,   1.153,   1.390,9999.000,9999.000,9999.000,9999.000,9999.000,9999.000,9999.000
202604061954,   1.153,   1.459,9999.000,9999.000,9999.000,9999.000,9999.000,9999.000,9999.000
202604062000,   1.153,   1.430,   0.500,  -0.223,   1.430,   0.500,   1.430,   0.500,   1.430
202604062006,   1.153,   1.439,9999.000,9999.000,9999.000,9999.000,9999.000,9999.000,9999.000
202604062012,   1.152,   1.518,9999.000,9999.000,9999.000,9999.000,9999.000,9999.000,9999.000
202604062018,   1.152,   1.410,9999.000,9999.000,9999.000,9999.000,9999.000,9999.000,9999.000
202604062024,   1.152,   1.508,9999.000,9999.000,9999.000,9999.000,9999.000,9999.000,9999.000
202604062030,   1.151,   1.600,9999.000,9999.000,9999.000,9999.000,9999.000,9999.000,9999.000
202604062036,   1.151,   1.557,9999.000,9999.000,9999.000,9999.000,9999.000,9999.000,9999.000
202604062042,   1.151,   1.669,9999.000,9999.000,9999.000,9999.000,9999.000,9999.000,9999.000
202604062048,   1.150,   1.580,9999.000,9999.000,9999.000,9999.000,9999.000,9999.000,9999.000
202604062054,   1.150,   1.557,9999.000,9999.000,9999.000,9999.000,9999.000,9999.000,9999.000
202604062100,   1.149,   1.489,   0.500,  -0.160,   1.489,   0.500,   1.489,   0.500,   1.489
202604062106,   1.149,   1.469,9999.000,9999.000,9999.000,9999.000,9999.000,9999.000,9999.000
202604062112,   1.148,   1.380,9999.000,9999.000,9999.000,9999.000,9999.000,9999.000,9999.000
202604062118,   1.147,   1.557,9999.000,9999.000,9999.000,9999.000,9999.000,9999.000,9999.000
202604062124,   1.147,   1.571,9999.000,9999.000,9999.000,9999.000,9999.000,9999.000,9999.000
202604062130,   1.146,   1.469,9999.000,9999.000,9999.000,9999.000,9999.000,9999.000,9999.000
202604062136,   1.145,   1.508,9999.000,9999.000,9999.000,9999.000,9999.000,9999.000,9999.000
202604062142,   1.144,   1.580,9999.000,9999.000,9999.000,9999.000,9999.000,9999.000,9999.000
202604062148,   1.143,   1.600,9999.000,9999.000,9999.000,9999.000,9999.000,9999.000,9999.000
202604062154,   1.141,   1.430,9999.000,9999.000,9999.000,9999.000,9999.000,9999.000,9999.000
202604062200,   1.140,   1.557,   0.500,  -0.083,   1.557,   0.500,   1.557,   0.500,   1.557
202604062206,   1.138,   1.659,9999.000,9999.000,9999.000,9999.000,9999.000,9999.000,9999.000
202604062212,   1.136,   1.518,9999.000,9999.000,9999.000,9999.000,9999.000,9999.000,9999.000
202604062218,   1.134,   1.439,9999.000,9999.000,9999.000,9999.000,9999.000,9999.000,9999.000
202604062224,   1.132,   1.557,9999.000,9999.000,9999.000,9999.000,9999.000,9999.000,9999.000
202604062230,   1.130,   1.489,9999.000,9999.000,9999.000,9999.000,9999.000,9999.000,9999.000
202604062236,   1.127,   1.620,9999.000,9999.000,9999.000,9999.000,9999.000,9999.000,9999.000
202604062242,   1.125,   1.580,9999.000,9999.000,9999.000,9999.000,9999.000,9999.000,9999.000
202604062248,   1.122,   1.518,9999.000,9999.000,9999.000,9999.000,9999.000,9999.000,9999.000
202604062254,   1.119,   1.590,9999.000,9999.000,9999.000,9999.000,9999.000,9999.000,9999.000
202604062300,   1.115,   1.620,   0.500,   0.005,   1.620,   0.500,   1.620,   0.500,   1.620
202604062306,   1.112,   1.590,9999.000,9999.000,9999.000,9999.000,9999.000,9999.000,9999.000
202604062312,   1.108,   1.557,9999.000,9999.000,9999.000,9999.000,9999.000,9999.000,9999.000
202604062318,   1.105,   1.590,9999.000,9999.000,9999.000,9999.000,9999.000,9999.000,9999.000
202604062324,   1.101,   1.718,9999.000,9999.000,9999.000,9999.000,9999.000,9999.000,9999.000
202604062330,   1.096,   1.669,9999.000,9999.000,9999.000,9999.000,9999.000,9999.000,9999.000
202604062336,   1.092,   1.659,9999.000,9999.000,9999.000,9999.000,9999.000,9999.000,9999.000
202604062342,   1.087,   1.639,9999.000,9999.000,9999.000,9999.000,9999.000,9999.000,9999.000
202604062348,   1.083,   1.557,9999.000,9999.000,9999.000,9999.000,9999.000,9999.000,9999.000
202604062354,   1.078,   1.679,9999.000,9999.000,9999.000,9999.000,9999.000,9999.000,9999.000
202604070000,   1.072,   1.590,   0.600,  -0.082,   1.590,   0.600,   1.590,   0.700,   1.690
202604070006,   1.067,   1.669,9999.000,9999.000,9999.000,9999.000,9999.000,9999.000,9999.000
202604070012,   1.061,   1.669,9999.000,9999.000,9999.000,9999.000,9999.000,9999.000,9999.000
202604070018,   1.055,   1.689,9999.000,9999.000,9999.000,9999.000,9999.000,9999.000,9999.000
202604070024,   1.049,   1.557,9999.000,9999.000,9999.000,9999.000,9999.000,9999.000,9999.000
202604070030,   1.043,   1.669,9999.000,9999.000,9999.000,9999.000,9999.000,9999.000,9999.000
202604070036,   1.036,   1.659,9999.000,9999.000,9999.000,9999.000,9999.000,9999.000,9999.000
202604070042,   1.030,   1.580,9999.000,9999.000,9999.000,9999.000,9999.000,9999.000,9999.000
202604070048,   1.023,   1.538,9999.000,9999.000,9999.000,9999.000,9999.000,9999.000,9999.000
202604070054,   1.015,   1.659,9999.000,9999.000,9999.000,9999.000,9999.000,9999.000,9999.000
202604070100,   1.007,   1.708,   0.600,   0.101,   1.708,   0.600,   1.708,   0.700,   1.808
202604070106,   0.999,   1.508,9999.000,9999.000,9999.000,9999.000,9999.000,9999.000,9999.000
202604070112,   0.991,   1.508,9999.000,9999.000,9999.000,9999.000,9999.000,9999.000,9999.000
202604070118,   0.982,   1.610,9999.000,9999.000,9999.000,9999.000,9999.000,9999.000,9999.000
202604070124,   0.973,   1.518,9999.000,9999.000,9999.000,9999.000,9999.000,9999.000,9999.000
202604070130,   0.964,   1.479,9999.000,9999.000,9999.000,9999.000,9999.000,9999.000,9999.000
202604070136,   0.954,   1.580,9999.000,9999.000,9999.000,9999.000,9999.000,9999.000,9999.000
202604070142,   0.944,   1.538,9999.000,9999.000,9999.000,9999.000,9999.000,9999.000,9999.000
202604070148,   0.933,   1.498,9999.000,9999.000,9999.000,9999.000,9999.000,9999.000,9999.000
202604070154,   0.922,   1.538,9999.000,9999.000,9999.000,9999.000,9999.000,9999.000,9999.000
202604070200,   0.910,   1.548,   0.600,   0.038,   1.548,   0.600,   1.548,   0.700,   1.648
202604070206,   0.898,   1.489,9999.000,9999.000,9999.000,9999.000,9999.000,9999.000,9999.000
202604070212,   0.886,   1.557,9999.000,9999.000,9999.000,9999.000,9999.000,9999.000,9999.000
202604070218,   0.873,   1.508,9999.000,9999.000,9999.000,9999.000,9999.000,9999.000,9999.000
202604070224,   0.860,   1.439,9999.000,9999.000,9999.000,9999.000,9999.000,9999.000,9999.000
202604070230,   0.847,   1.410,9999.000,9999.000,9999.000,9999.000,9999.000,9999.000,9999.000
202604070236,   0.833,   1.420,9999.000,9999.000,9999.000,9999.000,9999.000,9999.000,9999.000
202604070242,   0.818,   1.098,9999.000,9999.000,9999.000,9999.000,9999.000,9999.000,9999.000
202604070248,   0.804,   1.318,9999.000,9999.000,9999.000,9999.000,9999.000,9999.000,9999.000
202604070254,   0.789,   1.420,9999.000,9999.000,9999.000,9999.000,9999.000,9999.000,9999.000
202604070300,   0.773,   1.348,   0.600,  -0.025,   1.348,   0.600,   1.348,   0.700,   1.448
202604070306,   0.758,   1.298,9999.000,9999.000,9999.000,9999.000,9999.000,9999.000,9999.000
202604070312,   0.742,   1.479,9999.000,9999.000,9999.000,9999.000,9999.000,9999.000,9999.000
202604070318,   0.726,   1.279,9999.000,9999.000,9999.000,9999.000,9999.000,9999.000,9999.000
202604070324,   0.709,   1.229,9999.000,9999.000,9999.000,9999.000,9999.000,9999.000,9999.000
202604070330,   0.693,   1.220,9999.000,9999.000,9999.000,9999.000,9999.000,9999.000,9999.000
202604070336,   0.676,   1.338,9999.000,9999.000,9999.000,9999.000,9999.000,9999.000,9999.000
202604070342,   0.660,   1.190,9999.000,9999.000,9999.000,9999.000,9999.000,9999.000,9999.000
202604070348,   0.643,   1.161,9999.000,9999.000,9999.000,9999.000,9999.000,9999.000,9999.000
202604070354,   0.626,   1.190,9999.000,9999.000,9999.000,9999.000,9999.000,9999.000,9999.000
202604070400,   0.610,   1.151,   0.700,  -0.159,   1.151,   0.600,   1.051,   0.700,   1.151
202604070406,   0.593,   1.180,9999.000,9999.000,9999.000,9999.000,9999.000,9999.000,9999.000
202604070412,   0.577,   1.190,9999.000,9999.000,9999.000,9999.000,9999.000,9999.000,9999.000
202604070418,   0.560,   1.059,9999.000,9999.000,9999.000,9999.000,9999.000,9999.000,9999.000
202604070424,   0.544,   1.098,9999.000,9999.000,9999.000,9999.000,9999.000,9999.000,9999.000
202604070430,   0.528,   1.210,9999.000,9999.000,9999.000,9999.000,9999.000,9999.000,9999.000
202604070436,   0.512,   1.079,9999.000,9999.000,9999.000,9999.000,9999.000,9999.000,9999.000
202604070442,   0.496,   0.869,9999.000,9999.000,9999.000,9999.000,9999.000,9999.000,9999.000
202604070448,   0.481,   1.118,9999.000,9999.000,9999.000,9999.000,9999.000,9999.000,9999.000
202604070454,   0.465,   1.049,9999.000,9999.000,9999.000,9999.000,9999.000,9999.000,9999.000
202604070500,   0.451,   1.000,   0.700,  -0.151,   1.000,   0.600,   0.900,   0.700,   1.000
202604070506,   0.436,   0.898,9999.000,9999.000,9999.000,9999.000,9999.000,9999.000,9999.000
202604070512,   0.422,   0.990,9999.000,9999.000,9999.000,9999.000,9999.000,9999.000,9999.000
202604070518,   0.408,   0.928,9999.000,9999.000,9999.000,9999.000,9999.000,9999.000,9999.000
202604070524,   0.394,   0.928,9999.000,9999.000,9999.000,9999.000,9999.000,9999.000,9999.000
202604070530,   0.381,   0.879,9999.000,9999.000,9999.000,9999.000,9999.000,9999.000,9999.000
202604070536,   0.368,   0.898,9999.000,9999.000,9999.000,9999.000,9999.000,9999.000,9999.000
202604070542,   0.356,   0.941,9999.000,9999.000,9999.000,9999.000,9999.000,9999.000,9999.000
202604070548,   0.343,   0.888,9999.000,9999.000,9999.000,9999.000,9999.000,9999.000,9999.000
202604070554,   0.332,   0.849,9999.000,9999.000,9999.000,9999.000,9999.000,9999.000,9999.000
202604070600,   0.320,   0.829,   0.600,  -0.091,   0.829,   0.600,   0.829,   0.700,   0.929
202604070606,   0.309,   0.859,9999.000,9999.000,9999.000,9999.000,9999.000,9999.000,9999.000
202604070612,   0.299,   0.859,9999.000,9999.000,9999.000,9999.000,9999.000,9999.000,9999.000
202604070618,   0.289,   0.800,9999.000,9999.000,9999.000,9999.000,9999.000,9999.000,9999.000
202604070624,   0.279,   0.800,9999.000,9999.000,9999.000,9999.000,9999.000,9999.000,9999.000
202604070630,   0.270,   0.770,9999.000,9999.000,9999.000,9999.000,9999.000,9999.000,9999.000
202604070636,   0.262,   0.780,9999.000,9999.000,9999.000,9999.000,9999.000,9999.000,9999.000
202604070642,   0.254,   0.770,9999.000,9999.000,9999.000,9999.000,9999.000,9999.000,9999.000
202604070648,   0.246,   0.688,9999.000,9999.000,9999.000,9999.000,9999.000,9999.000,9999.000
202604070654,   0.239,   0.718,9999.000,9999.000,9999.000,9999.000,9999.000,9999.000,9999.000
202604070700,   0.232,   0.751,   0.600,  -0.081,   0.751,   0.600,   0.751,   0.700,   0.851
202604070706,   0.226,   0.731,9999.000,9999.000,9999.000,9999.000,9999.000,9999.000,9999.000
202604070712,   0.221,   0.718,9999.000,9999.000,9999.000,9999.000,9999.000,9999.000,9999.000
202604070718,   0.216,   0.718,9999.000,9999.000,9999.000,9999.000,9999.000,9999.000,9999.000
202604070724,   0.212,   0.731,9999.000,9999.000,9999.000,9999.000,9999.000,9999.000,9999.000
202604070730,   0.209,   0.708,9999.000,9999.000,9999.000,9999.000,9999.000,9999.000,9999.000
202604070736,   0.206,   0.708,9999.000,9999.000,9999.000,9999.000,9999.000,9999.000,9999.000
202604070742,   0.204,   0.649,9999.000,9999.000,9999.000,9999.000,9999.000,9999.000,9999.000
202604070748,   0.202,   0.698,9999.000,9999.000,9999.000,9999.000,9999.000,9999.000,9999.000
202604070754,   0.201,   0.708,9999.000,9999.000,9999.000,9999.000,9999.000,9999.000,9999.000
202604070800,   0.201,   0.708,   0.600,  -0.093,   0.708,   0.600,   0.708,   0.700,   0.808
202604070806,   0.202,   0.659,9999.000,9999.000,9999.000,9999.000,9999.000,9999.000,9999.000
202604070812,   0.203,   0.659,9999.000,9999.000,9999.000,9999.000,9999.000,9999.000,9999.000
202604070818,   0.205,   0.659,9999.000,9999.000,9999.000,9999.000,9999.000,9999.000,9999.000
202604070824,   0.208,   0.688,9999.000,9999.000,9999.000,9999.000,9999.000,9999.000,9999.000
202604070830,   0.211,   0.698,9999.000,9999.000,9999.000,9999.000,9999.000,9999.000,9999.000
202604070836,   0.215,   0.698,9999.000,9999.000,9999.000,9999.000,9999.000,9999.000,9999.000
202604070842,   0.220,   0.708,9999.000,9999.000,9999.000,9999.000,9999.000,9999.000,9999.000
202604070848,   0.226,   0.718,9999.000,9999.000,9999.000,9999.000,9999.000,9999.000,9999.000
202604070854,   0.232,   0.708,9999.000,9999.000,9999.000,9999.000,9999.000,9999.000,9999.000
202604070900,   0.239,   0.698,   0.600,  -0.141,   0.698,   0.600,   0.698,   0.700,   0.798
202604070906,   0.246,   0.688,9999.000,9999.000,9999.000,9999.000,9999.000,9999.000,9999.000
202604070912,   0.254,   0.718,9999.000,9999.000,9999.000,9999.000,9999.000,9999.000,9999.000
202604070918,   0.263,   0.708,9999.000,9999.000,9999.000,9999.000,9999.000,9999.000,9999.000
202604070924,   0.272,   0.698,9999.000,9999.000,9999.000,9999.000,9999.000,9999.000,9999.000
202604070930,   0.281,   0.698,9999.000,9999.000,9999.000,9999.000,9999.000,9999.000,9999.000
202604070936,   0.291,   0.741,9999.000,9999.000,9999.000,9999.000,9999.000,9999.000,9999.000
202604070942,   0.302,   0.760,9999.000,9999.000,9999.000,9999.000,9999.000,9999.000,9999.000
202604070948,   0.312,   0.751,9999.000,9999.000,9999.000,9999.000,9999.000,9999.000,9999.000
202604070954,   0.324,   0.760,9999.000,9999.000,9999.000,9999.000,9999.000,9999.000,9999.000
202604071000,   0.335,   0.760,   0.600,  -0.175,   0.760,   0.600,   0.760,   0.700,   0.860
202604071006,   0.347,   0.780,9999.000,9999.000,9999.000,9999.000,9999.000,9999.000,9999.000
202604071012,   0.359,   0.790,9999.000,9999.000,9999.000,9999.000,9999.000,9999.000,9999.000
202604071018,   0.372,   0.770,9999.000,9999.000,9999.000,9999.000,9999.000,9999.000,9999.000
202604071024,   0.384,   0.770,9999.000,9999.000,9999.000,9999.000,9999.000,9999.000,9999.000
202604071030,   0.397,   0.810,9999.000,9999.000,9999.000,9999.000,9999.000,9999.000,9999.000
202604071036,   0.410,   0.829,9999.000,9999.000,9999.000,9999.000,9999.000,9999.000,9999.000
202604071042,   0.423,   0.839,9999.000,9999.000,9999.000,9999.000,9999.000,9999.000,9999.000
202604071048,   0.436,   0.819,9999.000,9999.000,9999.000,9999.000,9999.000,9999.000,9999.000
202604071054,   0.450,   0.829,9999.000,9999.000,9999.000,9999.000,9999.000,9999.000,9999.000
202604071100,   0.463,   0.839,   0.600,  -0.224,   0.839,   0.600,   0.839,   0.700,   0.939
202604071106,   0.477,   0.888,9999.000,9999.000,9999.000,9999.000,9999.000,9999.000,9999.000
202604071112,   0.491,   0.898,9999.000,9999.000,9999.000,9999.000,9999.000,9999.000,9999.000
202604071118,   0.505,   0.898,9999.000,9999.000,9999.000,9999.000,9999.000,9999.000,9999.000
202604071124,   0.518,   0.898,9999.000,9999.000,9999.000,9999.000,9999.000,9999.000,9999.000
202604071130,   0.532,   0.908,9999.000,9999.000,9999.000,9999.000,9999.000,9999.000,9999.000
202604071136,   0.546,   0.941,9999.000,9999.000,9999.000,9999.000,9999.000,9999.000,9999.000
202604071142,   0.560,   0.908,9999.000,9999.000,9999.000,9999.000,9999.000,9999.000,9999.000
202604071148,   0.574,   0.961,9999.000,9999.000,9999.000,9999.000,9999.000,9999.000,9999.000
202604071154,   0.589,   1.010,9999.000,9999.000,9999.000,9999.000,9999.000,9999.000,9999.000
202604071200,   0.603,   1.039,   0.600,  -0.164,   1.039,   0.600,   1.039,   0.600,   1.039
202604071206,   0.617,   1.020,9999.000,9999.000,9999.000,9999.000,9999.000,9999.000,9999.000
202604071212,   0.631,   1.138,9999.000,9999.000,9999.000,9999.000,9999.000,9999.000,9999.000
202604071218,   0.645,   1.151,9999.000,9999.000,9999.000,9999.000,9999.000,9999.000,9999.000
202604071224,   0.660,   1.128,9999.000,9999.000,9999.000,9999.000,9999.000,9999.000,9999.000
202604071230,   0.674,   1.108,9999.000,9999.000,9999.000,9999.000,9999.000,9999.000,9999.000
202604071236,   0.688,   1.079,9999.000,9999.000,9999.000,9999.000,9999.000,9999.000,9999.000
202604071242,   0.702,   1.190,9999.000,9999.000,9999.000,9999.000,9999.000,9999.000,9999.000
202604071248,   0.716,   1.049,9999.000,9999.000,9999.000,9999.000,9999.000,9999.000,9999.000
202604071254,   0.730,   1.338,9999.000,9999.000,9999.000,9999.000,9999.000,9999.000,9999.000
202604071300,   0.744,   1.279,   0.600,  -0.065,   1.279,   0.600,   1.279,   0.600,   1.279
202604071306,   0.758,   1.118,9999.000,9999.000,9999.000,9999.000,9999.000,9999.000,9999.000
202604071312,   0.772,   1.170,9999.000,9999.000,9999.000,9999.000,9999.000,9999.000,9999.000
202604071318,   0.785,   1.361,9999.000,9999.000,9999.000,9999.000,9999.000,9999.000,9999.000
202604071324,   0.798,   1.229,9999.000,9999.000,9999.000,9999.000,9999.000,9999.000,9999.000
202604071330,   0.811,   1.170,9999.000,9999.000,9999.000,9999.000,9999.000,9999.000,9999.000
202604071336,   0.824,   1.210,9999.000,9999.000,9999.000,9999.000,9999.000,9999.000,9999.000
202604071342,   0.837,   1.239,9999.000,9999.000,9999.000,9999.000,9999.000,9999.000,9999.000
202604071348,   0.849,   1.449,9999.000,9999.000,9999.000,9999.000,9999.000,9999.000,9999.000
202604071354,   0.861,   1.371,9999.000,9999.000,9999.000,9999.000,9999.000,9999.000,9999.000
202604071400,   0.873,   1.298,   0.600,  -0.175,   1.298,   0.600,   1.298,   0.600,   1.298
202604071406,   0.884,   1.371,9999.000,9999.000,9999.000,9999.000,9999.000,9999.000,9999.000
202604071412,   0.895,   1.390,9999.000,9999.000,9999.000,9999.000,9999.000,9999.000,9999.000
202604071418,   0.906,   1.459,9999.000,9999.000,9999.000,9999.000,9999.000,9999.000,9999.000
202604071424,   0.916,   1.518,9999.000,9999.000,9999.000,9999.000,9999.000,9999.000,9999.000
202604071430,   0.926,   1.439,9999.000,9999.000,9999.000,9999.000,9999.000,9999.000,9999.000
202604071436,   0.935,   1.538,9999.000,9999.000,9999.000,9999.000,9999.000,9999.000,9999.000
202604071442,   0.945,   1.538,9999.000,9999.000,9999.000,9999.000,9999.000,9999.000,9999.000
202604071448,   0.954,   1.459,9999.000,9999.000,9999.000,9999.000,9999.000,9999.000,9999.000
202604071454,   0.962,   1.528,9999.000,9999.000,9999.000,9999.000,9999.000,9999.000,9999.000
202604071500,   0.971,   1.020,   0.600,  -0.551,   1.020,   0.600,   1.020,   0.700,   1.120
202604071506,   0.979,   1.639,9999.000,9999.000,9999.000,9999.000,9999.000,9999.000,9999.000
202604071512,   0.986,   1.498,9999.000,9999.000,9999.000,9999.000,9999.000,9999.000,9999.000
202604071518,   0.994,   1.528,9999.000,9999.000,9999.000,9999.000,9999.000,9999.000,9999.000
202604071524,   1.001,   1.439,9999.000,9999.000,9999.000,9999.000,9999.000,9999.000,9999.000
202604071530,   1.008,   1.557,9999.000,9999.000,9999.000,9999.000,9999.000,9999.000,9999.000
202604071536,   1.015,   1.728,9999.000,9999.000,9999.000,9999.000,9999.000,9999.000,9999.000
202604071542,   1.022,   1.528,9999.000,9999.000,9999.000,9999.000,9999.000,9999.000,9999.000
202604071548,   1.028,   1.518,9999.000,9999.000,9999.000,9999.000,9999.000,9999.000,9999.000
202604071554,   1.034,   1.610,9999.000,9999.000,9999.000,9999.000,9999.000,9999.000,9999.000
202604071600,   1.041,   1.649,   0.600,   0.008,   1.649,   0.600,   1.649,   0.700,   1.749
202604071606,   1.047,   1.748,9999.000,9999.000,9999.000,9999.000,9999.000,9999.000,9999.000
202604071612,   1.053,   1.639,9999.000,9999.000,9999.000,9999.000,9999.000,9999.000,9999.000
202604071618,   1.059,   1.361,9999.000,9999.000,9999.000,9999.000,9999.000,9999.000,9999.000
202604071624,   1.065,   1.820,9999.000,9999.000,9999.000,9999.000,9999.000,9999.000,9999.000
202604071630,   1.071,   1.371,9999.000,9999.000,9999.000,9999.000,9999.000,9999.000,9999.000
202604071636,   1.077,   1.528,9999.000,9999.000,9999.000,9999.000,9999.000,9999.000,9999.000
202604071642,   1.083,   1.590,9999.000,9999.000,9999.000,9999.000,9999.000,9999.000,9999.000
202604071648,   1.089,   1.649,9999.000,9999.000,9999.000,9999.000,9999.000,9999.000,9999.000
202604071654,   1.095,   1.669,9999.000,9999.000,9999.000,9999.000,9999.000,9999.000,9999.000
202604071700,   1.100,   1.708,   0.600,   0.008,   1.708,   0.600,   1.708,   0.700,   1.808
202604071706,   1.106,   1.557,9999.000,9999.000,9999.000,9999.000,9999.000,9999.000,9999.000
202604071712,   1.112,   1.790,9999.000,9999.000,9999.000,9999.000,9999.000,9999.000,9999.000
202604071718,   1.118,   1.748,9999.000,9999.000,9999.000,9999.000,9999.000,9999.000,9999.000
202604071724,   1.123,   1.548,9999.000,9999.000,9999.000,9999.000,9999.000,9999.000,9999.000
202604071730,   1.129,   1.767,9999.000,9999.000,9999.000,9999.000,9999.000,9999.000,9999.000
202604071736,   1.134,   1.767,9999.000,9999.000,9999.000,9999.000,9999.000,9999.000,9999.000
202604071742,   1.139,   1.620,9999.000,9999.000,9999.000,9999.000,9999.000,9999.000,9999.000
202604071748,   1.144,   1.548,9999.000,9999.000,9999.000,9999.000,9999.000,9999.000,9999.000
202604071754,   1.149,   1.659,9999.000,9999.000,9999.000,9999.000,9999.000,9999.000,9999.000
202604071800,   1.154,   1.630,   0.600,  -0.124,   1.630,   0.500,   1.530,   0.700,   1.730
202604071806,   1.158,   1.800,9999.000,9999.000,9999.000,9999.000,9999.000,9999.000,9999.000
202604071812,   1.163,   1.699,9999.000,9999.000,9999.000,9999.000,9999.000,9999.000,9999.000
202604071818,   1.167,   1.738,9999.000,9999.000,9999.000,9999.000,9999.000,9999.000,9999.000
202604071824,   1.170,   1.840,9999.000,9999.000,9999.000,9999.000,9999.000,9999.000,9999.000
202604071830,   1.174,   1.781,9999.000,9999.000,9999.000,9999.000,9999.000,9999.000,9999.000
202604071836,   1.177,   1.708,9999.000,9999.000,9999.000,9999.000,9999.000,9999.000,9999.000
202604071842,   1.180,   1.590,9999.000,9999.000,9999.000,9999.000,9999.000,9999.000,9999.000
202604071848,   1.183,   1.767,9999.000,9999.000,9999.000,9999.000,9999.000,9999.000,9999.000
202604071854,   1.185,   1.699,9999.000,9999.000,9999.000,9999.000,9999.000,9999.000,9999.000
202604071900,   1.187,   1.699,   0.600,  -0.088,   1.699,   0.500,   1.599,   0.700,   1.799
202604071906,   1.189,   1.689,9999.000,9999.000,9999.000,9999.000,9999.000,9999.000,9999.000
202604071912,   1.191,   1.699,9999.000,9999.000,9999.000,9999.000,9999.000,9999.000,9999.000
202604071918,   1.192,   1.718,9999.000,9999.000,9999.000,9999.000,9999.000,9999.000,9999.000
202604071924,   1.194,   1.758,9999.000,9999.000,9999.000,9999.000,9999.000,9999.000,9999.000
202604071930,   1.195,   1.767,9999.000,9999.000,9999.000,9999.000,9999.000,9999.000,9999.000
202604071936,   1.195,   1.708,9999.000,9999.000,9999.000,9999.000,9999.000,9999.000,9999.000
202604071942,   1.196,   1.728,9999.000,9999.000,9999.000,9999.000,9999.000,9999.000,9999.000
202604071948,   1.197,   1.767,9999.000,9999.000,9999.000,9999.000,9999.000,9999.000,9999.000
202604071954,   1.197,   1.718,9999.000,9999.000,9999.000,9999.000,9999.000,9999.000,9999.000
202604072000,   1.197,   1.728,   0.600,  -0.069,   1.728,   0.600,   1.728,   0.700,   1.828
202604072006,   1.197,   1.790,9999.000,9999.000,9999.000,9999.000,9999.000,9999.000,9999.000
202604072012,   1.197,   1.728,9999.000,9999.000,9999.000,9999.000,9999.000,9999.000,9999.000
202604072018,   1.197,   1.810,9999.000,9999.000,9999.000,9999.000,9999.000,9999.000,9999.000
202604072024,   1.197,   1.758,9999.000,9999.000,9999.000,9999.000,9999.000,9999.000,9999.000
202604072030,   1.197,   1.800,9999.000,9999.000,9999.000,9999.000,9999.000,9999.000,9999.000
202604072036,   1.197,   1.767,9999.000,9999.000,9999.000,9999.000,9999.000,9999.000,9999.000
202604072042,   1.196,   1.767,9999.000,9999.000,9999.000,9999.000,9999.000,9999.000,9999.000
202604072048,   1.196,   1.738,9999.000,9999.000,9999.000,9999.000,9999.000,9999.000,9999.000
202604072054,   1.196,   1.718,9999.000,9999.000,9999.000,9999.000,9999.000,9999.000,9999.000
202604072100,   1.195,   1.781,   0.600,  -0.014,   1.781,   0.600,   1.781,   0.700,   1.881
202604072106,   1.195,   1.840,9999.000,9999.000,9999.000,9999.000,9999.000,9999.000,9999.000
202604072112,   1.194,   1.708,9999.000,9999.000,9999.000,9999.000,9999.000,9999.000,9999.000
202604072118,   1.194,   1.790,9999.000,9999.000,9999.000,9999.000,9999.000,9999.000,9999.000
202604072124,   1.193,   1.840,9999.000,9999.000,9999.000,9999.000,9999.000,9999.000,9999.000
202604072130,   1.192,   1.810,9999.000,9999.000,9999.000,9999.000,9999.000,9999.000,9999.000
202604072136,   1.192,   1.708,9999.000,9999.000,9999.000,9999.000,9999.000,9999.000,9999.000
202604072142,   1.191,   1.748,9999.000,9999.000,9999.000,9999.000,9999.000,9999.000,9999.000
202604072148,   1.189,   1.748,9999.000,9999.000,9999.000,9999.000,9999.000,9999.000,9999.000
202604072154,   1.188,   1.767,9999.000,9999.000,9999.000,9999.000,9999.000,9999.000,9999.000
202604072200,   1.187,   1.820,   0.600,   0.033,   1.820,   0.600,   1.820,   0.700,   1.920
202604072206,   1.185,   1.820,9999.000,9999.000,9999.000,9999.000,9999.000,9999.000,9999.000
202604072212,   1.184,   1.820,9999.000,9999.000,9999.000,9999.000,9999.000,9999.000,9999.000
202604072218,   1.182,   1.781,9999.000,9999.000,9999.000,9999.000,9999.000,9999.000,9999.000
202604072224,   1.180,   1.767,9999.000,9999.000,9999.000,9999.000,9999.000,9999.000,9999.000
202604072230,   1.177,   1.748,9999.000,9999.000,9999.000,9999.000,9999.000,9999.000,9999.000
202604072236,   1.175,   1.800,9999.000,9999.000,9999.000,9999.000,9999.000,9999.000,9999.000
202604072242,   1.172,   1.781,9999.000,9999.000,9999.000,9999.000,9999.000,9999.000,9999.000
202604072248,   1.169,   1.800,9999.000,9999.000,9999.000,9999.000,9999.000,9999.000,9999.000
202604072254,   1.166,   1.810,9999.000,9999.000,9999.000,9999.000,9999.000,9999.000,9999.000
202604072300,   1.162,   1.830,   0.600,   0.068,   1.830,   0.600,   1.830,   0.700,   1.930
202604072306,   1.158,   1.899,9999.000,9999.000,9999.000,9999.000,9999.000,9999.000,9999.000
202604072312,   1.155,   1.659,9999.000,9999.000,9999.000,9999.000,9999.000,9999.000,9999.000
202604072318,   1.151,   1.728,9999.000,9999.000,9999.000,9999.000,9999.000,9999.000,9999.000
202604072324,   1.146,   1.800,9999.000,9999.000,9999.000,9999.000,9999.000,9999.000,9999.000
202604072330,   1.142,   1.738,9999.000,9999.000,9999.000,9999.000,9999.000,9999.000,9999.000
202604072336,   1.137,   1.748,9999.000,9999.000,9999.000,9999.000,9999.000,9999.000,9999.000
202604072342,   1.133,   1.748,9999.000,9999.000,9999.000,9999.000,9999.000,9999.000,9999.000
202604072348,   1.128,   1.728,9999.000,9999.000,9999.000,9999.000,9999.000,9999.000,9999.000
202604072354,   1.123,   1.767,9999.000,9999.000,9999.000,9999.000,9999.000,9999.000,9999.000
202604080000,   1.118,   1.758,   0.600,   0.040,   1.758,   0.600,   1.758,   0.600,   1.758
202604080006,   1.113,   1.767,9999.000,9999.000,9999.000,9999.000,9999.000,9999.000,9999.000
202604080012,   1.108,   1.767,9999.000,9999.000,9999.000,9999.000,9999.000,9999.000,9999.000
202604080018,   1.102,   1.758,9999.000,9999.000,9999.000,9999.000,9999.000,9999.000,9999.000
202604080024,   1.097,   1.748,9999.000,9999.000,9999.000,9999.000,9999.000,9999.000,9999.000
202604080030,   1.092,   1.718,9999.000,9999.000,9999.000,9999.000,9999.000,9999.000,9999.000
202604080036,   1.086,   1.699,9999.000,9999.000,9999.000,9999.000,9999.000,9999.000,9999.000
202604080042,   1.080,   1.758,9999.000,9999.000,9999.000,9999.000,9999.000,9999.000,9999.000
202604080048,   1.075,   1.748,9999.000,9999.000,9999.000,9999.000,9999.000,9999.000,9999.000
202604080054,   1.069,   1.728,9999.000,9999.000,9999.000,9999.000,9999.000,9999.000,9999.000
202604080100,   1.063,   1.738,   0.600,   0.075,   1.738,   0.600,   1.738,   0.600,   1.738
202604080106,   1.057,   1.718,9999.000,9999.000,9999.000,9999.000,9999.000,9999.000,9999.000
202604080112,   1.050,   1.718,9999.000,9999.000,9999.000,9999.000,9999.000,9999.000,9999.000
202604080118,   1.044,   1.718,9999.000,9999.000,9999.000,9999.000,9999.000,9999.000,9999.000
202604080124,   1.037,   1.699,9999.000,9999.000,9999.000,9999.000,9999.000,9999.000,9999.000
202604080130,   1.031,   1.679,9999.000,9999.000,9999.000,9999.000,9999.000,9999.000,9999.000
202604080136,   1.023,   1.758,9999.000,9999.000,9999.000,9999.000,9999.000,9999.000,9999.000
202604080142,   1.016,   1.679,9999.000,9999.000,9999.000,9999.000,9999.000,9999.000,9999.000
202604080148,   1.008,   1.548,9999.000,9999.000,9999.000,9999.000,9999.000,9999.000,9999.000
202604080154,   1.000,   1.571,9999.000,9999.000,9999.000,9999.000,9999.000,9999.000,9999.000
202604080200,   0.992,   1.620,   0.600,   0.028,   1.620,   0.600,   1.620,   0.600,   1.620
202604080206,   0.984,   1.767,9999.000,9999.000,9999.000,9999.000,9999.000,9999.000,9999.000
202604080212,   0.974,   1.738,9999.000,9999.000,9999.000,9999.000,9999.000,9999.000,9999.000
202604080218,   0.965,   1.689,9999.000,9999.000,9999.000,9999.000,9999.000,9999.000,9999.000
202604080224,   0.955,   1.689,9999.000,9999.000,9999.000,9999.000,9999.000,9999.000,9999.000
202604080230,   0.945,   1.600,9999.000,9999.000,9999.000,9999.000,9999.000,9999.000,9999.000
202604080236,   0.934,   1.571,9999.000,9999.000,9999.000,9999.000,9999.000,9999.000,9999.000
202604080242,   0.923,   1.580,9999.000,9999.000,9999.000,9999.000,9999.000,9999.000,9999.000
202604080248,   0.912,   1.689,9999.000,9999.000,9999.000,9999.000,9999.000,9999.000,9999.000
202604080254,   0.900,   1.679,9999.000,9999.000,9999.000,9999.000,9999.000,9999.000,9999.000
202604080300,   0.888,   1.528,   0.600,   0.040,   1.528,   0.600,   1.528,   0.600,   1.528
202604080306,   0.875,   1.557,9999.000,9999.000,9999.000,9999.000,9999.000,9999.000,9999.000
202604080312,   0.862,   1.699,9999.000,9999.000,9999.000,9999.000,9999.000,9999.000,9999.000
202604080318,   0.849,   1.600,9999.000,9999.000,9999.000,9999.000,9999.000,9999.000,9999.000
202604080324,   0.835,   1.518,9999.000,9999.000,9999.000,9999.000,9999.000,9999.000,9999.000
202604080330,   0.821,   1.489,9999.000,9999.000,9999.000,9999.000,9999.000,9999.000,9999.000
202604080336,   0.807,   1.620,9999.000,9999.000,9999.000,9999.000,9999.000,9999.000,9999.000
202604080342,   0.793,   1.630,9999.000,9999.000,9999.000,9999.000,9999.000,9999.000,9999.000
202604080348,   0.778,   1.498,9999.000,9999.000,9999.000,9999.000,9999.000,9999.000,9999.000
202604080354,   0.764,   1.449,9999.000,9999.000,9999.000,9999.000,9999.000,9999.000,9999.000
202604080400,   0.749,   1.449,   0.600,   0.100,   1.449,   0.600,   1.449,   0.700,   1.549
202604080406,   0.734,   1.630,9999.000,9999.000,9999.000,9999.000,9999.000,9999.000,9999.000
202604080412,   0.719,   1.430,9999.000,9999.000,9999.000,9999.000,9999.000,9999.000,9999.000
202604080418,   0.704,   1.430,9999.000,9999.000,9999.000,9999.000,9999.000,9999.000,9999.000
202604080424,   0.689,   1.459,9999.000,9999.000,9999.000,9999.000,9999.000,9999.000,9999.000
202604080430,   0.674,   1.498,9999.000,9999.000,9999.000,9999.000,9999.000,9999.000,9999.000
202604080436,   0.660,   1.439,9999.000,9999.000,9999.000,9999.000,9999.000,9999.000,9999.000
202604080442,   0.645,   1.371,9999.000,9999.000,9999.000,9999.000,9999.000,9999.000,9999.000
202604080448,   0.630,   1.348,9999.000,9999.000,9999.000,9999.000,9999.000,9999.000,9999.000
202604080454,   0.616,   1.400,9999.000,9999.000,9999.000,9999.000,9999.000,9999.000,9999.000
202604080500,   0.602,   1.430,   0.600,   0.228,   1.430,   0.600,   1.430,   0.700,   1.530
202604080506,   0.587,   1.328,9999.000,9999.000,9999.000,9999.000,9999.000,9999.000,9999.000
202604080512,   0.574,   1.489,9999.000,9999.000,9999.000,9999.000,9999.000,9999.000,9999.000
202604080518,   0.560,   1.210,9999.000,9999.000,9999.000,9999.000,9999.000,9999.000,9999.000
202604080524,   0.546,   1.259,9999.000,9999.000,9999.000,9999.000,9999.000,9999.000,9999.000
202604080530,   0.533,   1.328,9999.000,9999.000,9999.000,9999.000,9999.000,9999.000,9999.000
202604080536,   0.519,   1.239,9999.000,9999.000,9999.000,9999.000,9999.000,9999.000,9999.000
202604080542,   0.506,   1.151,9999.000,9999.000,9999.000,9999.000,9999.000,9999.000,9999.000
202604080548,   0.493,   1.239,9999.000,9999.000,9999.000,9999.000,9999.000,9999.000,9999.000
202604080554,   0.481,   1.210,9999.000,9999.000,9999.000,9999.000,9999.000,9999.000,9999.000
202604080600,   0.468,   1.338,   0.600,   0.270,   1.338,   0.600,   1.338,   0.700,   1.438
202604080606,   0.456,   1.170,9999.000,9999.000,9999.000,9999.000,9999.000,9999.000,9999.000
202604080612,   0.444,   1.098,9999.000,9999.000,9999.000,9999.000,9999.000,9999.000,9999.000
202604080618,   0.432,   1.249,9999.000,9999.000,9999.000,9999.000,9999.000,9999.000,9999.000
202604080624,   0.420,   1.118,9999.000,9999.000,9999.000,9999.000,9999.000,9999.000,9999.000
202604080630,   0.408,   1.098,9999.000,9999.000,9999.000,9999.000,9999.000,9999.000,9999.000
202604080636,   0.397,   1.170,9999.000,9999.000,9999.000,9999.000,9999.000,9999.000,9999.000
202604080642,   0.386,   1.000,9999.000,9999.000,9999.000,9999.000,9999.000,9999.000,9999.000
202604080648,   0.375,   1.059,9999.000,9999.000,9999.000,9999.000,9999.000,9999.000,9999.000
202604080654,   0.364,   1.118,9999.000,9999.000,9999.000,9999.000,9999.000,9999.000,9999.000
202604080700,   0.354,   1.161,   0.600,   0.207,   1.161,   0.600,   1.161,   0.700,   1.261
202604080706,   0.344,   1.029,9999.000,9999.000,9999.000,9999.000,9999.000,9999.000,9999.000
202604080712,   0.334,   1.079,9999.000,9999.000,9999.000,9999.000,9999.000,9999.000,9999.000
202604080718,   0.324,   1.079,9999.000,9999.000,9999.000,9999.000,9999.000,9999.000,9999.000
202604080724,   0.315,   0.990,9999.000,9999.000,9999.000,9999.000,9999.000,9999.000,9999.000
202604080730,   0.306,   0.990,9999.000,9999.000,9999.000,9999.000,9999.000,9999.000,9999.000
202604080736,   0.298,   1.088,9999.000,9999.000,9999.000,9999.000,9999.000,9999.000,9999.000
202604080742,   0.290,   1.069,9999.000,9999.000,9999.000,9999.000,9999.000,9999.000,9999.000
202604080748,   0.282,   0.970,9999.000,9999.000,9999.000,9999.000,9999.000,9999.000,9999.000
202604080754,   0.275,   1.000,9999.000,9999.000,9999.000,9999.000,9999.000,9999.000,9999.000
202604080800,   0.269,   1.020,   0.600,   0.151,   1.020,   0.600,   1.020,   0.700,   1.120
202604080806,   0.263,   0.961,9999.000,9999.000,9999.000,9999.000,9999.000,9999.000,9999.000
202604080812,   0.257,   0.990,9999.000,9999.000,9999.000,9999.000,9999.000,9999.000,9999.000
202604080818,   0.253,   0.941,9999.000,9999.000,9999.000,9999.000,9999.000,9999.000,9999.000
202604080824,   0.249,   0.928,9999.000,9999.000,9999.000,9999.000,9999.000,9999.000,9999.000
202604080830,   0.245,   0.951,9999.000,9999.000,9999.000,9999.000,9999.000,9999.000,9999.000
202604080836,   0.242,   0.869,9999.000,9999.000,9999.000,9999.000,9999.000,9999.000,9999.000
202604080842,   0.240,   0.839,9999.000,9999.000,9999.000,9999.000,9999.000,9999.000,9999.000
202604080848,   0.239,   0.980,9999.000,9999.000,9999.000,9999.000,9999.000,9999.000,9999.000
202604080854,   0.238,   0.941,9999.000,9999.000,9999.000,9999.000,9999.000,9999.000,9999.000
202604080900,   0.238,   0.918,   0.600,   0.080,   0.918,   0.600,   0.918,   0.700,   1.018
202604080906,   0.239,   0.819,9999.000,9999.000,9999.000,9999.000,9999.000,9999.000,9999.000
202604080912,   0.240,   0.869,9999.000,9999.000,9999.000,9999.000,9999.000,9999.000,9999.000
202604080918,   0.243,   0.839,9999.000,9999.000,9999.000,9999.000,9999.000,9999.000,9999.000
202604080924,   0.245,   0.849,9999.000,9999.000,9999.000,9999.000,9999.000,9999.000,9999.000
202604080930,   0.249,   0.849,9999.000,9999.000,9999.000,9999.000,9999.000,9999.000,9999.000
202604080936,   0.253,   0.990,9999.000,9999.000,9999.000,9999.000,9999.000,9999.000,9999.000
202604080942,   0.257,   0.928,9999.000,9999.000,9999.000,9999.000,9999.000,9999.000,9999.000
202604080948,   0.262,   1.029,9999.000,9999.000,9999.000,9999.000,9999.000,9999.000,9999.000
202604080954,   0.268,   0.990,9999.000,9999.000,9999.000,9999.000,9999.000,9999.000,9999.000
202604081000,   0.274,   0.990,   0.600,   0.116,   0.990,   0.600,   0.990,   0.700,   1.090
202604081006,   0.280,   0.928,9999.000,9999.000,9999.000,9999.000,9999.000,9999.000,9999.000
202604081012,   0.287,   1.029,9999.000,9999.000,9999.000,9999.000,9999.000,9999.000,9999.000
202604081018,   0.295,   1.098,9999.000,9999.000,9999.000,9999.000,9999.000,9999.000,9999.000
202604081024,   0.303,   0.980,9999.000,9999.000,9999.000,9999.000,9999.000,9999.000,9999.000
202604081030,   0.311,   1.000,9999.000,9999.000,9999.000,9999.000,9999.000,9999.000,9999.000
202604081036,   0.319,   1.010,9999.000,9999.000,9999.000,9999.000,9999.000,9999.000,9999.000
202604081042,   0.328,   1.039,9999.000,9999.000,9999.000,9999.000,9999.000,9999.000,9999.000
202604081048,   0.337,   0.990,9999.000,9999.000,9999.000,9999.000,9999.000,9999.000,9999.000
202604081054,   0.347,   1.010,9999.000,9999.000,9999.000,9999.000,9999.000,9999.000,9999.000
202604081100,   0.356,   0.970,   0.600,   0.014,   0.970,   0.600,   0.970,   0.700,   1.070
202604081106,   0.366,   1.049,9999.000,9999.000,9999.000,9999.000,9999.000,9999.000,9999.000
202604081112,   0.376,   1.138,9999.000,9999.000,9999.000,9999.000,9999.000,9999.000,9999.000
202604081118,   0.386,   1.118,9999.000,9999.000,9999.000,9999.000,9999.000,9999.000,9999.000
202604081124,   0.397,   1.118,9999.000,9999.000,9999.000,9999.000,9999.000,9999.000,9999.000
202604081130,   0.407,   1.161,9999.000,9999.000,9999.000,9999.000,9999.000,9999.000,9999.000
202604081136,   0.418,   1.138,9999.000,9999.000,9999.000,9999.000,9999.000,9999.000,9999.000
202604081142,   0.429,   1.049,9999.000,9999.000,9999.000,9999.000,9999.000,9999.000,9999.000
202604081148,   0.440,   1.069,9999.000,9999.000,9999.000,9999.000,9999.000,9999.000,9999.000
202604081154,   0.452,   1.108,9999.000,9999.000,9999.000,9999.000,9999.000,9999.000,9999.000
202604081200,   0.463,   1.098,   0.600,   0.035,   1.098,   0.500,   0.998,   0.600,   1.098
202604081206,   0.475,   1.098,9999.000,9999.000,9999.000,9999.000,9999.000,9999.000,9999.000
202604081212,   0.487,   1.098,9999.000,9999.000,9999.000,9999.000,9999.000,9999.000,9999.000
202604081218,   0.499,   1.161,9999.000,9999.000,9999.000,9999.000,9999.000,9999.000,9999.000
202604081224,   0.512,   1.259,9999.000,9999.000,9999.000,9999.000,9999.000,9999.000,9999.000
202604081230,   0.524,   1.338,9999.000,9999.000,9999.000,9999.000,9999.000,9999.000,9999.000
202604081236,   0.537,   1.361,9999.000,9999.000,9999.000,9999.000,9999.000,9999.000,9999.000
202604081242,   0.550,   1.390,9999.000,9999.000,9999.000,9999.000,9999.000,9999.000,9999.000
202604081248,   0.563,   1.328,9999.000,9999.000,9999.000,9999.000,9999.000,9999.000,9999.000
202604081254,   0.576,   1.459,9999.000,9999.000,9999.000,9999.000,9999.000,9999.000,9999.000
202604081300,   0.589,   1.538,   0.600,   0.349,   1.538,   0.500,   1.438,   0.600,   1.538
202604081306,   0.603,   1.390,9999.000,9999.000,9999.000,9999.000,9999.000,9999.000,9999.000
202604081312,   0.616,   1.371,9999.000,9999.000,9999.000,9999.000,9999.000,9999.000,9999.000
202604081318,   0.630,   1.400,9999.000,9999.000,9999.000,9999.000,9999.000,9999.000,9999.000
202604081324,   0.643,   1.557,9999.000,9999.000,9999.000,9999.000,9999.000,9999.000,9999.000
202604081330,   0.657,   1.590,9999.000,9999.000,9999.000,9999.000,9999.000,9999.000,9999.000
202604081336,   0.671,   1.420,9999.000,9999.000,9999.000,9999.000,9999.000,9999.000,9999.000
202604081342,   0.684,   1.400,9999.000,9999.000,9999.000,9999.000,9999.000,9999.000,9999.000
202604081348,   0.698,   1.600,9999.000,9999.000,9999.000,9999.000,9999.000,9999.000,9999.000
202604081354,   0.711,   1.800,9999.000,9999.000,9999.000,9999.000,9999.000,9999.000,9999.000
202604081400,   0.724,   1.610,   0.600,   0.286,   1.610,   0.500,   1.510,   0.600,   1.610
202604081406,   0.737,   1.630,9999.000,9999.000,9999.000,9999.000,9999.000,9999.000,9999.000
202604081412,   0.750,   1.528,9999.000,9999.000,9999.000,9999.000,9999.000,9999.000,9999.000
202604081418,   0.763,   1.840,9999.000,9999.000,9999.000,9999.000,9999.000,9999.000,9999.000
202604081424,   0.775,   1.669,9999.000,9999.000,9999.000,9999.000,9999.000,9999.000,9999.000
202604081430,   0.788,   1.580,9999.000,9999.000,9999.000,9999.000,9999.000,9999.000,9999.000
202604081436,   0.800,   1.699,9999.000,9999.000,9999.000,9999.000,9999.000,9999.000,9999.000
202604081442,   0.811,   1.620,9999.000,9999.000,9999.000,9999.000,9999.000,9999.000,9999.000
202604081448,   0.823,   1.620,9999.000,9999.000,9999.000,9999.000,9999.000,9999.000,9999.000
202604081454,   0.834,   1.249,9999.000,9999.000,9999.000,9999.000,9999.000,9999.000,9999.000
202604081500,   0.845,   1.679,   0.600,   0.234,   1.679,   0.600,   1.679,   0.600,   1.679
202604081506,   0.856,   1.758,9999.000,9999.000,9999.000,9999.000,9999.000,9999.000,9999.000
202604081512,   0.866,   1.738,9999.000,9999.000,9999.000,9999.000,9999.000,9999.000,9999.000
202604081518,   0.876,   1.557,9999.000,9999.000,9999.000,9999.000,9999.000,9999.000,9999.000
202604081524,   0.886,   1.659,9999.000,9999.000,9999.000,9999.000,9999.000,9999.000,9999.000
202604081530,   0.896,   1.800,9999.000,9999.000,9999.000,9999.000,9999.000,9999.000,9999.000
202604081536,   0.905,   1.748,9999.000,9999.000,9999.000,9999.000,9999.000,9999.000,9999.000
202604081542,   0.914,   1.748,9999.000,9999.000,9999.000,9999.000,9999.000,9999.000,9999.000
202604081548,   0.923,   1.590,9999.000,9999.000,9999.000,9999.000,9999.000,9999.000,9999.000
202604081554,   0.932,   1.781,9999.000,9999.000,9999.000,9999.000,9999.000,9999.000,9999.000
202604081600,   0.941,   1.820,   0.600,   0.279,   1.820,   0.600,   1.820,   0.600,   1.820
202604081606,   0.950,   1.669,9999.000,9999.000,9999.000,9999.000,9999.000,9999.000,9999.000
202604081612,   0.959,   1.708,9999.000,9999.000,9999.000,9999.000,9999.000,9999.000,9999.000
202604081618,   0.967,   1.830,9999.000,9999.000,9999.000,9999.000,9999.000,9999.000,9999.000
202604081624,   0.976,   1.820,9999.000,9999.000,9999.000,9999.000,9999.000,9999.000,9999.000
202604081630,   0.985,   1.781,9999.000,9999.000,9999.000,9999.000,9999.000,9999.000,9999.000
202604081636,   0.993,   1.781,9999.000,9999.000,9999.000,9999.000,9999.000,9999.000,9999.000
202604081642,   1.002,   1.830,9999.000,9999.000,9999.000,9999.000,9999.000,9999.000,9999.000
202604081648,   1.011,   1.810,9999.000,9999.000,9999.000,9999.000,9999.000,9999.000,9999.000
202604081654,   1.019,   1.810,9999.000,9999.000,9999.000,9999.000,9999.000,9999.000,9999.000
202604081700,   1.028,   1.758,   0.600,   0.130,   1.758,   0.600,   1.758,   0.600,   1.758
202604081706,   1.037,   1.830,9999.000,9999.000,9999.000,9999.000,9999.000,9999.000,9999.000
202604081712,   1.046,   1.849,9999.000,9999.000,9999.000,9999.000,9999.000,9999.000,9999.000
202604081718,   1.054,   1.948,9999.000,9999.000,9999.000,9999.000,9999.000,9999.000,9999.000
202604081724,   1.063,   1.879,9999.000,9999.000,9999.000,9999.000,9999.000,9999.000,9999.000
202604081730,   1.072,   1.830,9999.000,9999.000,9999.000,9999.000,9999.000,9999.000,9999.000
202604081736,   1.081,   1.840,9999.000,9999.000,9999.000,9999.000,9999.000,9999.000,9999.000
202604081742,   1.089,   1.908,9999.000,9999.000,9999.000,9999.000,9999.000,9999.000,9999.000
202604081748,   1.098,   1.899,9999.000,9999.000,9999.000,9999.000,9999.000,9999.000,9999.000
202604081754,   1.106,   1.859,9999.000,9999.000,9999.000,9999.000,9999.000,9999.000,9999.000
202604081800,   1.114,   1.859,   0.600,   0.145,   1.859,   0.600,   1.859,   0.700,   1.959
202604081806,   1.122,   1.899,9999.000,9999.000,9999.000,9999.000,9999.000,9999.000,9999.000
202604081812,   1.130,   1.908,9999.000,9999.000,9999.000,9999.000,9999.000,9999.000,9999.000
202604081818,   1.138,   1.869,9999.000,9999.000,9999.000,9999.000,9999.000,9999.000,9999.000
202604081824,   1.145,   1.859,9999.000,9999.000,9999.000,9999.000,9999.000,9999.000,9999.000
202604081830,   1.152,   1.859,9999.000,9999.000,9999.000,9999.000,9999.000,9999.000,9999.000
202604081836,   1.159,   1.899,9999.000,9999.000,9999.000,9999.000,9999.000,9999.000,9999.000
202604081842,   1.166,   1.899,9999.000,9999.000,9999.000,9999.000,9999.000,9999.000,9999.000
202604081848,   1.172,   1.918,9999.000,9999.000,9999.000,9999.000,9999.000,9999.000,9999.000
202604081854,   1.177,   1.928,9999.000,9999.000,9999.000,9999.000,9999.000,9999.000,9999.000
202604081900,   1.183,   1.948,   0.600,   0.165,   1.948,   0.600,   1.948,   0.700,   2.048
202604081906,   1.188,   1.958,9999.000,9999.000,9999.000,9999.000,9999.000,9999.000,9999.000
202604081912,   1.192,   1.918,9999.000,9999.000,9999.000,9999.000,9999.000,9999.000,9999.000
202604081918,   1.196,   1.981,9999.000,9999.000,9999.000,9999.000,9999.000,9999.000,9999.000
202604081924,   1.200,   1.938,9999.000,9999.000,9999.000,9999.000,9999.000,9999.000,9999.000
202604081930,   1.204,   1.889,9999.000,9999.000,9999.000,9999.000,9999.000,9999.000,9999.000
202604081936,   1.207,   1.918,9999.000,9999.000,9999.000,9999.000,9999.000,9999.000,9999.000
202604081942,   1.210,   1.840,9999.000,9999.000,9999.000,9999.000,9999.000,9999.000,9999.000
202604081948,   1.212,   1.810,9999.000,9999.000,9999.000,9999.000,9999.000,9999.000,9999.000
202604081954,   1.214,   1.958,9999.000,9999.000,9999.000,9999.000,9999.000,9999.000,9999.000
202604082000,   1.216,   1.938,   0.600,   0.122,   1.938,   0.600,   1.938,   0.700,   2.038
202604082006,   1.218,   1.879,9999.000,9999.000,9999.000,9999.000,9999.000,9999.000,9999.000
202604082012,   1.219,   1.938,9999.000,9999.000,9999.000,9999.000,9999.000,9999.000,9999.000
202604082018,   1.220,   2.040,9999.000,9999.000,9999.000,9999.000,9999.000,9999.000,9999.000
202604082024,   1.221,   2.020,9999.000,9999.000,9999.000,9999.000,9999.000,9999.000,9999.000
202604082030,   1.222,   1.981,9999.000,9999.000,9999.000,9999.000,9999.000,9999.000,9999.000
202604082036,   1.223,   1.869,9999.000,9999.000,9999.000,9999.000,9999.000,9999.000,9999.000
202604082042,   1.223,   1.899,9999.000,9999.000,9999.000,9999.000,9999.000,9999.000,9999.000
202604082048,   1.224,   1.981,9999.000,9999.000,9999.000,9999.000,9999.000,9999.000,9999.000
202604082054,   1.224,   2.089,9999.000,9999.000,9999.000,9999.000,9999.000,9999.000,9999.000
202604082100,   1.224,   2.049,   0.600,   0.225,   2.049,   0.600,   2.049,   0.700,   2.149
202604082106,   1.224,   1.990,9999.000,9999.000,9999.000,9999.000,9999.000,9999.000,9999.000
202604082112,   1.224,   2.010,9999.000,9999.000,9999.000,9999.000,9999.000,9999.000,9999.000
202604082118,   1.224,   2.030,9999.000,9999.000,9999.000,9999.000,9999.000,9999.000,9999.000
202604082124,   1.224,   2.010,9999.000,9999.000,9999.000,9999.000,9999.000,9999.000,9999.000
202604082130,   1.224,   2.020,9999.000,9999.000,9999.000,9999.000,9999.000,9999.000,9999.000
202604082136,   1.223,   2.069,9999.000,9999.000,9999.000,9999.000,9999.000,9999.000,9999.000
202604082142,   1.223,   2.079,9999.000,9999.000,9999.000,9999.000,9999.000,9999.000,9999.000
202604082148,   1.222,   2.079,9999.000,9999.000,9999.000,9999.000,9999.000,9999.000,9999.000
202604082154,   1.221,   2.010,9999.000,9999.000,9999.000,9999.000,9999.000,9999.000,9999.000
202604082200,   1.221,   2.059,   0.600,   0.238,   2.059,   0.600,   2.059,   0.700,   2.159
202604082206,   1.220,   2.030,9999.000,9999.000,9999.000,9999.000,9999.000,9999.000,9999.000
202604082212,   1.218,   2.030,9999.000,9999.000,9999.000,9999.000,9999.000,9999.000,9999.000
202604082218,   1.217,   2.000,9999.000,9999.000,9999.000,9999.000,9999.000,9999.000,9999.000
202604082224,   1.215,   2.040,9999.000,9999.000,9999.000,9999.000,9999.000,9999.000,9999.000
202604082230,   1.214,   2.069,9999.000,9999.000,9999.000,9999.000,9999.000,9999.000,9999.000
202604082236,   1.212,   2.109,9999.000,9999.000,9999.000,9999.000,9999.000,9999.000,9999.000
202604082242,   1.210,   2.069,9999.000,9999.000,9999.000,9999.000,9999.000,9999.000,9999.000
202604082248,   1.207,   2.020,9999.000,9999.000,9999.000,9999.000,9999.000,9999.000,9999.000
202604082254,   1.205,   2.049,9999.000,9999.000,9999.000,9999.000,9999.000,9999.000,9999.000
202604082300,   1.202,   2.059,   0.600,   0.257,   2.059,   0.600,   2.059,   0.700,   2.159
202604082306,   1.199,   2.040,9999.000,9999.000,9999.000,9999.000,9999.000,9999.000,9999.000
202604082312,   1.195,   2.040,9999.000,9999.000,9999.000,9999.000,9999.000,9999.000,9999.000
202604082318,   1.192,   2.089,9999.000,9999.000,9999.000,9999.000,9999.000,9999.000,9999.000
202604082324,   1.188,   2.128,9999.000,9999.000,9999.000,9999.000,9999.000,9999.000,9999.000
202604082330,   1.184,   2.109,9999.000,9999.000,9999.000,9999.000,9999.000,9999.000,9999.000
202604082336,   1.180,   2.049,9999.000,9999.000,9999.000,9999.000,9999.000,9999.000,9999.000
202604082342,   1.176,   2.128,9999.000,9999.000,9999.000,9999.000,9999.000,9999.000,9999.000
202604082348,   1.172,   2.158,9999.000,9999.000,9999.000,9999.000,9999.000,9999.000,9999.000
202604082354,   1.167,9999.000,9999.000,9999.000,9999.000,9999.000,9999.000,9999.000,9999.000
202604090000,   1.162,9999.000,   0.600,   0.231,   1.993,   0.600,   1.993,   0.700,   2.093
202604090006,   1.158,9999.000,9999.000,9999.000,9999.000,9999.000,9999.000,9999.000,9999.000
202604090012,   1.153,9999.000,9999.000,9999.000,9999.000,9999.000,9999.000,9999.000,9999.000
202604090018,   1.148,9999.000,9999.000,9999.000,9999.000,9999.000,9999.000,9999.000,9999.000
202604090024,   1.143,9999.000,9999.000,9999.000,9999.000,9999.000,9999.000,9999.000,9999.000
202604090030,   1.138,9999.000,9999.000,9999.000,9999.000,9999.000,9999.000,9999.000,9999.000
202604090036,   1.133,9999.000,9999.000,9999.000,9999.000,9999.000,9999.000,9999.000,9999.000
202604090042,   1.128,9999.000,9999.000,9999.000,9999.000,9999.000,9999.000,9999.000,9999.000
202604090048,   1.123,9999.000,9999.000,9999.000,9999.000,9999.000,9999.000,9999.000,9999.000
202604090054,   1.118,9999.000,9999.000,9999.000,9999.000,9999.000,9999.000,9999.000,9999.000
202604090100,   1.113,9999.000,   0.600,   0.205,   1.918,   0.600,   1.918,   0.700,   2.018
202604090106,   1.108,9999.000,9999.000,9999.000,9999.000,9999.000,9999.000,9999.000,9999.000
202604090112,   1.102,9999.000,9999.000,9999.000,9999.000,9999.000,9999.000,9999.000,9999.000
202604090118,   1.097,9999.000,9999.000,9999.000,9999.000,9999.000,9999.000,9999.000,9999.000
202604090124,   1.092,9999.000,9999.000,9999.000,9999.000,9999.000,9999.000,9999.000,9999.000
202604090130,   1.087,9999.000,9999.000,9999.000,9999.000,9999.000,9999.000,9999.000,9999.000
202604090136,   1.081,9999.000,9999.000,9999.000,9999.000,9999.000,9999.000,9999.000,9999.000
202604090142,   1.076,9999.000,9999.000,9999.000,9999.000,9999.000,9999.000,9999.000,9999.000
202604090148,   1.070,9999.000,9999.000,9999.000,9999.000,9999.000,9999.000,9999.000,9999.000
202604090154,   1.065,9999.000,9999.000,9999.000,9999.000,9999.000,9999.000,9999.000,9999.000
202604090200,   1.059,9999.000,   0.600,   0.178,   1.837,   0.600,   1.837,   0.700,   1.937
202604090206,   1.053,9999.000,9999.000,9999.000,9999.000,9999.000,9999.000,9999.000,9999.000
202604090212,   1.046,9999.000,9999.000,9999.000,9999.000,9999.000,9999.000,9999.000,9999.000
202604090218,   1.040,9999.000,9999.000,9999.000,9999.000,9999.000,9999.000,9999.000,9999.000
202604090224,   1.033,9999.000,9999.000,9999.000,9999.000,9999.000,9999.000,9999.000,9999.000
202604090230,   1.026,9999.000,9999.000,9999.000,9999.000,9999.000,9999.000,9999.000,9999.000
202604090236,   1.018,9999.000,9999.000,9999.000,9999.000,9999.000,9999.000,9999.000,9999.000
202604090242,   1.011,9999.000,9999.000,9999.000,9999.000,9999.000,9999.000,9999.000,9999.000
202604090248,   1.002,9999.000,9999.000,9999.000,9999.000,9999.000,9999.000,9999.000,9999.000
202604090254,   0.994,9999.000,9999.000,9999.000,9999.000,9999.000,9999.000,9999.000,9999.000
202604090300,   0.985,9999.000,   0.600,   0.152,   1.737,   0.600,   1.737,   0.700,   1.837
202604090306,   0.976,9999.000,9999.000,9999.000,9999.000,9999.000,9999.000,9999.000,9999.000
202604090312,   0.967,9999.000,9999.000,9999.000,9999.000,9999.000,9999.000,9999.000,9999.000
202604090318,   0.957,9999.000,9999.000,9999.000,9999.000,9999.000,9999.000,9999.000,9999.000
202604090324,   0.946,9999.000,9999.000,9999.000,9999.000,9999.000,9999.000,9999.000,9999.000
202604090330,   0.936,9999.000,9999.000,9999.000,9999.000,9999.000,9999.000,9999.000,9999.000
202604090336,   0.925,9999.000,9999.000,9999.000,9999.000,9999.000,9999.000,9999.000,9999.000
202604090342,   0.914,9999.000,9999.000,9999.000,9999.000,9999.000,9999.000,9999.000,9999.000
202604090348,   0.903,9999.000,9999.000,9999.000,9999.000,9999.000,9999.000,9999.000,9999.000
202604090354,   0.891,9999.000,9999.000,9999.000,9999.000,9999.000,9999.000,9999.000,9999.000
202604090400,   0.879,9999.000,   0.600,   0.126,   1.605,   0.600,   1.605,   0.700,   1.705
202604090406,   0.867,9999.000,9999.000,9999.000,9999.000,9999.000,9999.000,9999.000,9999.000
202604090412,   0.855,9999.000,9999.000,9999.000,9999.000,9999.000,9999.000,9999.000,9999.000
202604090418,   0.843,9999.000,9999.000,9999.000,9999.000,9999.000,9999.000,9999.000,9999.000
202604090424,   0.830,9999.000,9999.000,9999.000,9999.000,9999.000,9999.000,9999.000,9999.000
202604090430,   0.818,9999.000,9999.000,9999.000,9999.000,9999.000,9999.000,9999.000,9999.000
202604090436,   0.805,9999.000,9999.000,9999.000,9999.000,9999.000,9999.000,9999.000,9999.000
202604090442,   0.792,9999.000,9999.000,9999.000,9999.000,9999.000,9999.000,9999.000,9999.000
202604090448,   0.780,9999.000,9999.000,9999.000,9999.000,9999.000,9999.000,9999.000,9999.000
202604090454,   0.767,9999.000,9999.000,9999.000,9999.000,9999.000,9999.000,9999.000,9999.000
202604090500,   0.754,9999.000,   0.600,   0.100,   1.454,   0.600,   1.454,   0.700,   1.554
202604090506,   0.742,9999.000,9999.000,9999.000,9999.000,9999.000,9999.000,9999.000,9999.000
202604090512,   0.729,9999.000,9999.000,9999.000,9999.000,9999.000,9999.000,9999.000,9999.000
202604090518,   0.716,9999.000,9999.000,9999.000,9999.000,9999.000,9999.000,9999.000,9999.000
202604090524,   0.704,9999.000,9999.000,9999.000,9999.000,9999.000,9999.000,9999.000,9999.000
202604090530,   0.692,9999.000,9999.000,9999.000,9999.000,9999.000,9999.000,9999.000,9999.000
202604090536,   0.679,9999.000,9999.000,9999.000,9999.000,9999.000,9999.000,9999.000,9999.000
202604090542,   0.667,9999.000,9999.000,9999.000,9999.000,9999.000,9999.000,9999.000,9999.000
202604090548,   0.655,9999.000,9999.000,9999.000,9999.000,9999.000,9999.000,9999.000,9999.000
202604090554,   0.642,9999.000,9999.000,9999.000,9999.000,9999.000,9999.000,9999.000,9999.000
202604090600,   0.630,9999.000,   0.600,   0.073,   1.303,   0.600,   1.303,   0.700,   1.403
202604090606,   0.618,9999.000,9999.000,9999.000,9999.000,9999.000,9999.000,9999.000,9999.000
202604090612,   0.606,9999.000,9999.000,9999.000,9999.000,9999.000,9999.000,9999.000,9999.000
202604090618,   0.594,9999.000,9999.000,9999.000,9999.000,9999.000,9999.000,9999.000,9999.000
202604090624,   0.582,9999.000,9999.000,9999.000,9999.000,9999.000,9999.000,9999.000,9999.000
202604090630,   0.570,9999.000,9999.000,9999.000,9999.000,9999.000,9999.000,9999.000,9999.000
202604090636,   0.558,9999.000,9999.000,9999.000,9999.000,9999.000,9999.000,9999.000,9999.000
202604090642,   0.546,9999.000,9999.000,9999.000,9999.000,9999.000,9999.000,9999.000,9999.000
202604090648,   0.534,9999.000,9999.000,9999.000,9999.000,9999.000,9999.000,9999.000,9999.000
202604090654,   0.521,9999.000,9999.000,9999.000,9999.000,9999.000,9999.000,9999.000,9999.000
202604090700,   0.509,9999.000,   0.700,   0.047,   1.256,   0.600,   1.156,   0.700,   1.256
202604090706,   0.497,9999.000,9999.000,9999.000,9999.000,9999.000,9999.000,9999.000,9999.000
202604090712,   0.485,9999.000,9999.000,9999.000,9999.000,9999.000,9999.000,9999.000,9999.000
202604090718,   0.473,9999.000,9999.000,9999.000,9999.000,9999.000,9999.000,9999.000,9999.000
202604090724,   0.462,9999.000,9999.000,9999.000,9999.000,9999.000,9999.000,9999.000,9999.000
202604090730,   0.450,9999.000,9999.000,9999.000,9999.000,9999.000,9999.000,9999.000,9999.000
202604090736,   0.438,9999.000,9999.000,9999.000,9999.000,9999.000,9999.000,9999.000,9999.000
202604090742,   0.427,9999.000,9999.000,9999.000,9999.000,9999.000,9999.000,9999.000,9999.000
202604090748,   0.415,9999.000,9999.000,9999.000,9999.000,9999.000,9999.000,9999.000,9999.000
202604090754,   0.404,9999.000,9999.000,9999.000,9999.000,9999.000,9999.000,9999.000,9999.000
202604090800,   0.393,9999.000,   0.700,   0.021,   1.114,   0.600,   1.014,   0.700,   1.114
202604090806,   0.383,9999.000,9999.000,9999.000,9999.000,9999.000,9999.000,9999.000,9999.000
202604090812,   0.372,9999.000,9999.000,9999.000,9999.000,9999.000,9999.000,9999.000,9999.000
202604090818,   0.362,9999.000,9999.000,9999.000,9999.000,9999.000,9999.000,9999.000,9999.000
202604090824,   0.353,9999.000,9999.000,9999.000,9999.000,9999.000,9999.000,9999.000,9999.000
202604090830,   0.344,9999.000,9999.000,9999.000,9999.000,9999.000,9999.000,9999.000,9999.000
202604090836,   0.335,9999.000,9999.000,9999.000,9999.000,9999.000,9999.000,9999.000,9999.000
202604090842,   0.327,9999.000,9999.000,9999.000,9999.000,9999.000,9999.000,9999.000,9999.000
202604090848,   0.319,9999.000,9999.000,9999.000,9999.000,9999.000,9999.000,9999.000,9999.000
202604090854,   0.312,9999.000,9999.000,9999.000,9999.000,9999.000,9999.000,9999.000,9999.000
202604090900,   0.305,9999.000,   0.700,  -0.005,   1.000,   0.600,   0.900,   0.700,   1.000
202604090906,   0.299,9999.000,9999.000,9999.000,9999.000,9999.000,9999.000,9999.000,9999.000
202604090912,   0.294,9999.000,9999.000,9999.000,9999.000,9999.000,9999.000,9999.000,9999.000
202604090918,   0.289,9999.000,9999.000,9999.000,9999.000,9999.000,9999.000,9999.000,9999.000
202604090924,   0.285,9999.000,9999.000,9999.000,9999.000,9999.000,9999.000,9999.000,9999.000
202604090930,   0.281,9999.000,9999.000,9999.000,9999.000,9999.000,9999.000,9999.000,9999.000
202604090936,   0.278,9999.000,9999.000,9999.000,9999.000,9999.000,9999.000,9999.000,9999.000
202604090942,   0.276,9999.000,9999.000,9999.000,9999.000,9999.000,9999.000,9999.000,9999.000
202604090948,   0.274,9999.000,9999.000,9999.000,9999.000,9999.000,9999.000,9999.000,9999.000
202604090954,   0.273,9999.000,9999.000,9999.000,9999.000,9999.000,9999.000,9999.000,9999.000
202604091000,   0.272,9999.000,   0.700,  -0.031,   0.941,   0.600,   0.841,   0.700,   0.941
202604091006,   0.272,9999.000,9999.000,9999.000,9999.000,9999.000,9999.000,9999.000,9999.000
202604091012,   0.272,9999.000,9999.000,9999.000,9999.000,9999.000,9999.000,9999.000,9999.000
202604091018,   0.274,9999.000,9999.000,9999.000,9999.000,9999.000,9999.000,9999.000,9999.000
202604091024,   0.275,9999.000,9999.000,9999.000,9999.000,9999.000,9999.000,9999.000,9999.000
202604091030,   0.277,9999.000,9999.000,9999.000,9999.000,9999.000,9999.000,9999.000,9999.000
202604091036,   0.280,9999.000,9999.000,9999.000,9999.000,9999.000,9999.000,9999.000,9999.000
202604091042,   0.283,9999.000,9999.000,9999.000,9999.000,9999.000,9999.000,9999.000,9999.000
202604091048,   0.286,9999.000,9999.000,9999.000,9999.000,9999.000,9999.000,9999.000,9999.000
202604091054,   0.290,9999.000,9999.000,9999.000,9999.000,9999.000,9999.000,9999.000,9999.000
202604091100,   0.295,9999.000,   0.700,  -0.058,   0.937,   0.600,   0.837,   0.700,   0.937
202604091106,   0.299,9999.000,9999.000,9999.000,9999.000,9999.000,9999.000,9999.000,9999.000
202604091112,   0.304,9999.000,9999.000,9999.000,9999.000,9999.000,9999.000,9999.000,9999.000
202604091118,   0.310,9999.000,9999.000,9999.000,9999.000,9999.000,9999.000,9999.000,9999.000
202604091124,   0.316,9999.000,9999.000,9999.000,9999.000,9999.000,9999.000,9999.000,9999.000
202604091130,   0.322,9999.000,9999.000,9999.000,9999.000,9999.000,9999.000,9999.000,9999.000
202604091136,   0.328,9999.000,9999.000,9999.000,9999.000,9999.000,9999.000,9999.000,9999.000
202604091142,   0.335,9999.000,9999.000,9999.000,9999.000,9999.000,9999.000,9999.000,9999.000
202604091148,   0.342,9999.000,9999.000,9999.000,9999.000,9999.000,9999.000,9999.000,9999.000
202604091154,   0.350,9999.000,9999.000,9999.000,9999.000,9999.000,9999.000,9999.000,9999.000
202604091200,   0.357,9999.000,   0.700,  -0.058,   0.999,   0.600,   0.899,   0.700,   0.999
202604091206,   0.366,9999.000,9999.000,9999.000,9999.000,9999.000,9999.000,9999.000,9999.000
202604091212,   0.374,9999.000,9999.000,9999.000,9999.000,9999.000,9999.000,9999.000,9999.000
202604091218,   0.383,9999.000,9999.000,9999.000,9999.000,9999.000,9999.000,9999.000,9999.000
202604091224,   0.392,9999.000,9999.000,9999.000,9999.000,9999.000,9999.000,9999.000,9999.000
202604091230,   0.401,9999.000,9999.000,9999.000,9999.000,9999.000,9999.000,9999.000,9999.000
202604091236,   0.411,9999.000,9999.000,9999.000,9999.000,9999.000,9999.000,9999.000,9999.000
202604091242,   0.421,9999.000,9999.000,9999.000,9999.000,9999.000,9999.000,9999.000,9999.000
202604091248,   0.431,9999.000,9999.000,9999.000,9999.000,9999.000,9999.000,9999.000,9999.000
202604091254,   0.442,9999.000,9999.000,9999.000,9999.000,9999.000,9999.000,9999.000,9999.000
202604091300,   0.453,9999.000,   0.700,  -0.058,   1.095,   0.600,   0.995,   0.700,   1.095
202604091306,   0.464,9999.000,9999.000,9999.000,9999.000,9999.000,9999.000,9999.000,9999.000
202604091312,   0.476,9999.000,9999.000,9999.000,9999.000,9999.000,9999.000,9999.000,9999.000
202604091318,   0.487,9999.000,9999.000,9999.000,9999.000,9999.000,9999.000,9999.000,9999.000
202604091324,   0.499,9999.000,9999.000,9999.000,9999.000,9999.000,9999.000,9999.000,9999.000
202604091330,   0.511,9999.000,9999.000,9999.000,9999.000,9999.000,9999.000,9999.000,9999.000
202604091336,   0.524,9999.000,9999.000,9999.000,9999.000,9999.000,9999.000,9999.000,9999.000
202604091342,   0.536,9999.000,9999.000,9999.000,9999.000,9999.000,9999.000,9999.000,9999.000
202604091348,   0.549,9999.000,9999.000,9999.000,9999.000,9999.000,9999.000,9999.000,9999.000
202604091354,   0.562,9999.000,9999.000,9999.000,9999.000,9999.000,9999.000,9999.000,9999.000
202604091400,   0.575,9999.000,   0.700,  -0.058,   1.217,   0.600,   1.117,   0.700,   1.217
202604091406,   0.588,9999.000,9999.000,9999.000,9999.000,9999.000,9999.000,9999.000,9999.000
202604091412,   0.601,9999.000,9999.000,9999.000,9999.000,9999.000,9999.000,9999.000,9999.000
202604091418,   0.614,9999.000,9999.000,9999.000,9999.000,9999.000,9999.000,9999.000,9999.000
202604091424,   0.627,9999.000,9999.000,9999.000,9999.000,9999.000,9999.000,9999.000,9999.000
202604091430,   0.640,9999.000,9999.000,9999.000,9999.000,9999.000,9999.000,9999.000,9999.000
202604091436,   0.653,9999.000,9999.000,9999.000,9999.000,9999.000,9999.000,9999.000,9999.000
202604091442,   0.665,9999.000,9999.000,9999.000,9999.000,9999.000,9999.000,9999.000,9999.000
202604091448,   0.678,9999.000,9999.000,9999.000,9999.000,9999.000,9999.000,9999.000,9999.000
202604091454,   0.691,9999.000,9999.000,9999.000,9999.000,9999.000,9999.000,9999.000,9999.000
202604091500,   0.703,9999.000,   0.700,  -0.058,   1.345,   0.600,   1.245,   0.700,   1.345
202604091506,   0.716,9999.000,9999.000,9999.000,9999.000,9999.000,9999.000,9999.000,9999.000
202604091512,   0.728,9999.000,9999.000,9999.000,9999.000,9999.000,9999.000,9999.000,9999.000
202604091518,   0.740,9999.000,9999.000,9999.000,9999.000,9999.000,9999.000,9999.000,9999.000
202604091524,   0.752,9999.000,9999.000,9999.000,9999.000,9999.000,9999.000,9999.000,9999.000
202604091530,   0.764,9999.000,9999.000,9999.000,9999.000,9999.000,9999.000,9999.000,9999.000
202604091536,   0.775,9999.000,9999.000,9999.000,9999.000,9999.000,9999.000,9999.000,9999.000
202604091542,   0.787,9999.000,9999.000,9999.000,9999.000,9999.000,9999.000,9999.000,9999.000
202604091548,   0.798,9999.000,9999.000,9999.000,9999.000,9999.000,9999.000,9999.000,9999.000
202604091554,   0.809,9999.000,9999.000,9999.000,9999.000,9999.000,9999.000,9999.000,9999.000
202604091600,   0.820,9999.000,   0.700,  -0.058,   1.462,   0.600,   1.362,   0.700,   1.462
202604091606,   0.831,9999.000,9999.000,9999.000,9999.000,9999.000,9999.000,9999.000,9999.000
202604091612,   0.842,9999.000,9999.000,9999.000,9999.000,9999.000,9999.000,9999.000,9999.000
202604091618,   0.853,9999.000,9999.000,9999.000,9999.000,9999.000,9999.000,9999.000,9999.000
202604091624,   0.864,9999.000,9999.000,9999.000,9999.000,9999.000,9999.000,9999.000,9999.000
202604091630,   0.875,9999.000,9999.000,9999.000,9999.000,9999.000,9999.000,9999.000,9999.000
202604091636,   0.886,9999.000,9999.000,9999.000,9999.000,9999.000,9999.000,9999.000,9999.000
202604091642,   0.897,9999.000,9999.000,9999.000,9999.000,9999.000,9999.000,9999.000,9999.000
202604091648,   0.908,9999.000,9999.000,9999.000,9999.000,9999.000,9999.000,9999.000,9999.000
202604091654,   0.918,9999.000,9999.000,9999.000,9999.000,9999.000,9999.000,9999.000,9999.000
202604091700,   0.929,9999.000,   0.700,  -0.058,   1.571,   0.600,   1.471,   0.700,   1.571
202604091706,   0.940,9999.000,9999.000,9999.000,9999.000,9999.000,9999.000,9999.000,9999.000
202604091712,   0.951,9999.000,9999.000,9999.000,9999.000,9999.000,9999.000,9999.000,9999.000
202604091718,   0.962,9999.000,9999.000,9999.000,9999.000,9999.000,9999.000,9999.000,9999.000
202604091724,   0.973,9999.000,9999.000,9999.000,9999.000,9999.000,9999.000,9999.000,9999.000
202604091730,   0.984,9999.000,9999.000,9999.000,9999.000,9999.000,9999.000,9999.000,9999.000
202604091736,   0.995,9999.000,9999.000,9999.000,9999.000,9999.000,9999.000,9999.000,9999.000
202604091742,   1.006,9999.000,9999.000,9999.000,9999.000,9999.000,9999.000,9999.000,9999.000
202604091748,   1.017,9999.000,9999.000,9999.000,9999.000,9999.000,9999.000,9999.000,9999.000
202604091754,   1.028,9999.000,9999.000,9999.000,9999.000,9999.000,9999.000,9999.000,9999.000
202604091800,   1.039,9999.000,   0.700,  -0.058,   1.681,   0.600,   1.581,   0.700,   1.681
202604091806,   1.050,9999.000,9999.000,9999.000,9999.000,9999.000,9999.000,9999.000,9999.000
202604091812,   1.060,9999.000,9999.000,9999.000,9999.000,9999.000,9999.000,9999.000,9999.000
202604091818,   1.071,9999.000,9999.000,9999.000,9999.000,9999.000,9999.000,9999.000,9999.000
202604091824,   1.081,9999.000,9999.000,9999.000,9999.000,9999.000,9999.000,9999.000,9999.000
202604091830,   1.091,9999.000,9999.000,9999.000,9999.000,9999.000,9999.000,9999.000,9999.000
202604091836,   1.101,9999.000,9999.000,9999.000,9999.000,9999.000,9999.000,9999.000,9999.000
202604091842,   1.110,9999.000,9999.000,9999.000,9999.000,9999.000,9999.000,9999.000,9999.000
202604091848,   1.119,9999.000,9999.000,9999.000,9999.000,9999.000,9999.000,9999.000,9999.000
202604091854,   1.128,9999.000,9999.000,9999.000,9999.000,9999.000,9999.000,9999.000,9999.000
202604091900,   1.137,9999.000,   0.700,  -0.058,   1.779,   0.600,   1.679,   0.700,   1.779
202604091906,   1.145,9999.000,9999.000,9999.000,9999.000,9999.000,9999.000,9999.000,9999.000
202604091912,   1.153,9999.000,9999.000,9999.000,9999.000,9999.000,9999.000,9999.000,9999.000
202604091918,   1.160,9999.000,9999.000,9999.000,9999.000,9999.000,9999.000,9999.000,9999.000
202604091924,   1.167,9999.000,9999.000,9999.000,9999.000,9999.000,9999.000,9999.000,9999.000
202604091930,   1.174,9999.000,9999.000,9999.000,9999.000,9999.000,9999.000,9999.000,9999.000
202604091936,   1.180,9999.000,9999.000,9999.000,9999.000,9999.000,9999.000,9999.000,9999.000
202604091942,   1.186,9999.000,9999.000,9999.000,9999.000,9999.000,9999.000,9999.000,9999.000
202604091948,   1.191,9999.000,9999.000,9999.000,9999.000,9999.000,9999.000,9999.000,9999.000
202604091954,   1.196,9999.000,9999.000,9999.000,9999.000,9999.000,9999.000,9999.000,9999.000
202604092000,   1.201,9999.000,   0.700,  -0.058,   1.843,   0.700,   1.843,   0.700,   1.843
202604092006,   1.205,9999.000,9999.000,9999.000,9999.000,9999.000,9999.000,9999.000,9999.000
202604092012,   1.209,9999.000,9999.000,9999.000,9999.000,9999.000,9999.000,9999.000,9999.000
202604092018,   1.212,9999.000,9999.000,9999.000,9999.000,9999.000,9999.000,9999.000,9999.000
202604092024,   1.216,9999.000,9999.000,9999.000,9999.000,9999.000,9999.000,9999.000,9999.000
202604092030,   1.218,9999.000,9999.000,9999.000,9999.000,9999.000,9999.000,9999.000,9999.000
202604092036,   1.221,9999.000,9999.000,9999.000,9999.000,9999.000,9999.000,9999.000,9999.000
202604092042,   1.223,9999.000,9999.000,9999.000,9999.000,9999.000,9999.000,9999.000,9999.000
202604092048,   1.225,9999.000,9999.000,9999.000,9999.000,9999.000,9999.000,9999.000,9999.000
202604092054,   1.227,9999.000,9999.000,9999.000,9999.000,9999.000,9999.000,9999.000,9999.000
202604092100,   1.228,9999.000,   0.700,  -0.058,   1.870,   0.700,   1.870,   0.700,   1.870
202604092106,   1.230,9999.000,9999.000,9999.000,9999.000,9999.000,9999.000,9999.000,9999.000
202604092112,   1.231,9999.000,9999.000,9999.000,9999.000,9999.000,9999.000,9999.000,9999.000
202604092118,   1.231,9999.000,9999.000,9999.000,9999.000,9999.000,9999.000,9999.000,9999.000
202604092124,   1.232,9999.000,9999.000,9999.000,9999.000,9999.000,9999.000,9999.000,9999.000
202604092130,   1.233,9999.000,9999.000,9999.000,9999.000,9999.000,9999.000,9999.000,9999.000
202604092136,   1.233,9999.000,9999.000,9999.000,9999.000,9999.000,9999.000,9999.000,9999.000
202604092142,   1.233,9999.000,9999.000,9999.000,9999.000,9999.000,9999.000,9999.000,9999.000
202604092148,   1.233,9999.000,9999.000,9999.000,9999.000,9999.000,9999.000,9999.000,9999.000
202604092154,   1.233,9999.000,9999.000,9999.000,9999.000,9999.000,9999.000,9999.000,9999.000
202604092200,   1.232,9999.000,   0.700,  -0.058,   1.874,   0.700,   1.874,   0.700,   1.874
202604092206,   1.232,9999.000,9999.000,9999.000,9999.000,9999.000,9999.000,9999.000,9999.000
202604092212,   1.231,9999.000,9999.000,9999.000,9999.000,9999.000,9999.000,9999.000,9999.000
202604092218,   1.230,9999.000,9999.000,9999.000,9999.000,9999.000,9999.000,9999.000,9999.000
202604092224,   1.229,9999.000,9999.000,9999.000,9999.000,9999.000,9999.000,9999.000,9999.000
202604092230,   1.228,9999.000,9999.000,9999.000,9999.000,9999.000,9999.000,9999.000,9999.000
202604092236,   1.227,9999.000,9999.000,9999.000,9999.000,9999.000,9999.000,9999.000,9999.000
202604092242,   1.225,9999.000,9999.000,9999.000,9999.000,9999.000,9999.000,9999.000,9999.000
202604092248,   1.223,9999.000,9999.000,9999.000,9999.000,9999.000,9999.000,9999.000,9999.000
202604092254,   1.222,9999.000,9999.000,9999.000,9999.000,9999.000,9999.000,9999.000,9999.000
202604092300,   1.219,9999.000,   0.700,  -0.058,   1.861,   0.700,   1.861,   0.700,   1.861
202604092306,   1.217,9999.000,9999.000,9999.000,9999.000,9999.000,9999.000,9999.000,9999.000
202604092312,   1.215,9999.000,9999.000,9999.000,9999.000,9999.000,9999.000,9999.000,9999.000
202604092318,   1.212,9999.000,9999.000,9999.000,9999.000,9999.000,9999.000,9999.000,9999.000
202604092324,   1.209,9999.000,9999.000,9999.000,9999.000,9999.000,9999.000,9999.000,9999.000
202604092330,   1.206,9999.000,9999.000,9999.000,9999.000,9999.000,9999.000,9999.000,9999.000
202604092336,   1.203,9999.000,9999.000,9999.000,9999.000,9999.000,9999.000,9999.000,9999.000
202604092342,   1.200,9999.000,9999.000,9999.000,9999.000,9999.000,9999.000,9999.000,9999.000
202604092348,   1.196,9999.000,9999.000,9999.000,9999.000,9999.000,9999.000,9999.000,9999.000
202604092354,   1.193,9999.000,9999.000,9999.000,9999.000,9999.000,9999.000,9999.000,9999.000
202604100000,   1.189,9999.000,   0.700,  -0.058,   1.831,   0.700,   1.831,   0.700,   1.831
202604100006,   1.185,9999.000,9999.000,9999.000,9999.000,9999.000,9999.000,9999.000,9999.000
202604100012,   1.181,9999.000,9999.000,9999.000,9999.000,9999.000,9999.000,9999.000,9999.000
202604100018,   1.177,9999.000,9999.000,9999.000,9999.000,9999.000,9999.000,9999.000,9999.000
202604100024,   1.173,9999.000,9999.000,9999.000,9999.000,9999.000,9999.000,9999.000,9999.000
202604100030,   1.169,9999.000,9999.000,9999.000,9999.000,9999.000,9999.000,9999.000,9999.000
202604100036,   1.165,9999.000,9999.000,9999.000,9999.000,9999.000,9999.000,9999.000,9999.000
202604100042,   1.160,9999.000,9999.000,9999.000,9999.000,9999.000,9999.000,9999.000,9999.000
202604100048,   1.156,9999.000,9999.000,9999.000,9999.000,9999.000,9999.000,9999.000,9999.000
202604100054,   1.152,9999.000,9999.000,9999.000,9999.000,9999.000,9999.000,9999.000,9999.000
202604100100,   1.148,9999.000,   0.700,  -0.058,   1.790,   0.700,   1.790,   0.700,   1.790
202604100106,   1.143,9999.000,9999.000,9999.000,9999.000,9999.000,9999.000,9999.000,9999.000
202604100112,   1.139,9999.000,9999.000,9999.000,9999.000,9999.000,9999.000,9999.000,9999.000
202604100118,   1.135,9999.000,9999.000,9999.000,9999.000,9999.000,9999.000,9999.000,9999.000
202604100124,   1.131,9999.000,9999.000,9999.000,9999.000,9999.000,9999.000,9999.000,9999.000
202604100130,   1.126,9999.000,9999.000,9999.000,9999.000,9999.000,9999.000,9999.000,9999.000
202604100136,   1.122,9999.000,9999.000,9999.000,9999.000,9999.000,9999.000,9999.000,9999.000
202604100142,   1.118,9999.000,9999.000,9999.000,9999.000,9999.000,9999.000,9999.000,9999.000
202604100148,   1.113,9999.000,9999.000,9999.000,9999.000,9999.000,9999.000,9999.000,9999.000
202604100154,   1.109,9999.000,9999.000,9999.000,9999.000,9999.000,9999.000,9999.000,9999.000
202604100200,   1.104,9999.000,   0.700,  -0.058,   1.746,   0.700,   1.746,   0.800,   1.846
202604100206,   1.100,9999.000,9999.000,9999.000,9999.000,9999.000,9999.000,9999.000,9999.000
202604100212,   1.095,9999.000,9999.000,9999.000,9999.000,9999.000,9999.000,9999.000,9999.000
202604100218,   1.091,9999.000,9999.000,9999.000,9999.000,9999.000,9999.000,9999.000,9999.000
202604100224,   1.086,9999.000,9999.000,9999.000,9999.000,9999.000,9999.000,9999.000,9999.000
202604100230,   1.081,9999.000,9999.000,9999.000,9999.000,9999.000,9999.000,9999.000,9999.000
202604100236,   1.076,9999.000,9999.000,9999.000,9999.000,9999.000,9999.000,9999.000,9999.000
202604100242,   1.070,9999.000,9999.000,9999.000,9999.000,9999.000,9999.000,9999.000,9999.000
202604100248,   1.065,9999.000,9999.000,9999.000,9999.000,9999.000,9999.000,9999.000,9999.000
202604100254,   1.059,9999.000,9999.000,9999.000,9999.000,9999.000,9999.000,9999.000,9999.000
202604100300,   1.053,9999.000,   0.700,  -0.058,   1.695,   0.700,   1.695,   0.800,   1.795
202604100306,   1.047,9999.000,9999.000,9999.000,9999.000,9999.000,9999.000,9999.000,9999.000
202604100312,   1.041,9999.000,9999.000,9999.000,9999.000,9999.000,9999.000,9999.000,9999.000
202604100318,   1.034,9999.000,9999.000,9999.000,9999.000,9999.000,9999.000,9999.000,9999.000
202604100324,   1.028,9999.000,9999.000,9999.000,9999.000,9999.000,9999.000,9999.000,9999.000
202604100330,   1.020,9999.000,9999.000,9999.000,9999.000,9999.000,9999.000,9999.000,9999.000
202604100336,   1.013,9999.000,9999.000,9999.000,9999.000,9999.000,9999.000,9999.000,9999.000
202604100342,   1.006,9999.000,9999.000,9999.000,9999.000,9999.000,9999.000,9999.000,9999.000
202604100348,   0.998,9999.000,9999.000,9999.000,9999.000,9999.000,9999.000,9999.000,9999.000
202604100354,   0.990,9999.000,9999.000,9999.000,9999.000,9999.000,9999.000,9999.000,9999.000
202604100400,   0.982,9999.000,   0.700,  -0.058,   1.624,   0.700,   1.624,   0.800,   1.724
202604100406,   0.973,9999.000,9999.000,9999.000,9999.000,9999.000,9999.000,9999.000,9999.000
202604100412,   0.964,9999.000,9999.000,9999.000,9999.000,9999.000,9999.000,9999.000,9999.000
202604100418,   0.956,9999.000,9999.000,9999.000,9999.000,9999.000,9999.000,9999.000,9999.000
202604100424,   0.947,9999.000,9999.000,9999.000,9999.000,9999.000,9999.000,9999.000,9999.000
202604100430,   0.937,9999.000,9999.000,9999.000,9999.000,9999.000,9999.000,9999.000,9999.000
202604100436,   0.928,9999.000,9999.000,9999.000,9999.000,9999.000,9999.000,9999.000,9999.000
202604100442,   0.919,9999.000,9999.000,9999.000,9999.000,9999.000,9999.000,9999.000,9999.000
202604100448,   0.909,9999.000,9999.000,9999.000,9999.000,9999.000,9999.000,9999.000,9999.000
202604100454,   0.899,9999.000,9999.000,9999.000,9999.000,9999.000,9999.000,9999.000,9999.000
202604100500,   0.889,9999.000,   0.700,  -0.058,   1.531,   0.700,   1.531,   0.800,   1.631
202604100506,   0.879,9999.000,9999.000,9999.000,9999.000,9999.000,9999.000,9999.000,9999.000
202604100512,   0.869,9999.000,9999.000,9999.000,9999.000,9999.000,9999.000,9999.000,9999.000
202604100518,   0.859,9999.000,9999.000,9999.000,9999.000,9999.000,9999.000,9999.000,9999.000
202604100524,   0.849,9999.000,9999.000,9999.000,9999.000,9999.000,9999.000,9999.000,9999.000
202604100530,   0.839,9999.000,9999.000,9999.000,9999.000,9999.000,9999.000,9999.000,9999.000
202604100536,   0.828,9999.000,9999.000,9999.000,9999.000,9999.000,9999.000,9999.000,9999.000
202604100542,   0.818,9999.000,9999.000,9999.000,9999.000,9999.000,9999.000,9999.000,9999.000
202604100548,   0.807,9999.000,9999.000,9999.000,9999.000,9999.000,9999.000,9999.000,9999.000
202604100554,   0.797,9999.000,9999.000,9999.000,9999.000,9999.000,9999.000,9999.000,9999.000
202604100600,   0.786,9999.000,   0.700,  -0.058,   1.428,   0.700,   1.428,   0.800,   1.528
202604100606,   0.776,9999.000,9999.000,9999.000,9999.000,9999.000,9999.000,9999.000,9999.000
202604100612,   0.765,9999.000,9999.000,9999.000,9999.000,9999.000,9999.000,9999.000,9999.000
202604100618,   0.754,9999.000,9999.000,9999.000,9999.000,9999.000,9999.000,9999.000,9999.000
202604100624,   0.743,9999.000,9999.000,9999.000,9999.000,9999.000,9999.000,9999.000,9999.000
202604100630,   0.732,9999.000,9999.000,9999.000,9999.000,9999.000,9999.000,9999.000,9999.000
202604100636,   0.720,9999.000,9999.000,9999.000,9999.000,9999.000,9999.000,9999.000,9999.000
202604100642,   0.709,9999.000,9999.000,9999.000,9999.000,9999.000,9999.000,9999.000,9999.000
202604100648,   0.697,9999.000,9999.000,9999.000,9999.000,9999.000,9999.000,9999.000,9999.000
202604100654,   0.686,9999.000,9999.000,9999.000,9999.000,9999.000,9999.000,9999.000,9999.000
202604100700,   0.674,9999.000,   0.700,  -0.058,   1.316,   0.700,   1.316,   0.800,   1.416
202604100706,   0.662,9999.000,9999.000,9999.000,9999.000,9999.000,9999.000,9999.000,9999.000
202604100712,   0.650,9999.000,9999.000,9999.000,9999.000,9999.000,9999.000,9999.000,9999.000
202604100718,   0.638,9999.000,9999.000,9999.000,9999.000,9999.000,9999.000,9999.000,9999.000
202604100724,   0.626,9999.000,9999.000,9999.000,9999.000,9999.000,9999.000,9999.000,9999.000
202604100730,   0.613,9999.000,9999.000,9999.000,9999.000,9999.000,9999.000,9999.000,9999.000
202604100736,   0.601,9999.000,9999.000,9999.000,9999.000,9999.000,9999.000,9999.000,9999.000
202604100742,   0.588,9999.000,9999.000,9999.000,9999.000,9999.000,9999.000,9999.000,9999.000
202604100748,   0.576,9999.000,9999.000,9999.000,9999.000,9999.000,9999.000,9999.000,9999.000
202604100754,   0.563,9999.000,9999.000,9999.000,9999.000,9999.000,9999.000,9999.000,9999.000
202604100800,   0.551,9999.000,   0.700,  -0.058,   1.193,   0.700,   1.193,   0.800,   1.293
202604100806,   0.538,9999.000,9999.000,9999.000,9999.000,9999.000,9999.000,9999.000,9999.000
202604100812,   0.525,9999.000,9999.000,9999.000,9999.000,9999.000,9999.000,9999.000,9999.000
202604100818,   0.513,9999.000,9999.000,9999.000,9999.000,9999.000,9999.000,9999.000,9999.000
202604100824,   0.500,9999.000,9999.000,9999.000,9999.000,9999.000,9999.000,9999.000,9999.000
202604100830,   0.488,9999.000,9999.000,9999.000,9999.000,9999.000,9999.000,9999.000,9999.000
202604100836,   0.476,9999.000,9999.000,9999.000,9999.000,9999.000,9999.000,9999.000,9999.000
202604100842,   0.464,9999.000,9999.000,9999.000,9999.000,9999.000,9999.000,9999.000,9999.000
202604100848,   0.452,9999.000,9999.000,9999.000,9999.000,9999.000,9999.000,9999.000,9999.000
202604100854,   0.441,9999.000,9999.000,9999.000,9999.000,9999.000,9999.000,9999.000,9999.000
202604100900,   0.430,9999.000,   0.700,  -0.058,   1.072,   0.700,   1.072,   0.800,   1.172
202604100906,   0.419,9999.000,9999.000,9999.000,9999.000,9999.000,9999.000,9999.000,9999.000
202604100912,   0.409,9999.000,9999.000,9999.000,9999.000,9999.000,9999.000,9999.000,9999.000
202604100918,   0.398,9999.000,9999.000,9999.000,9999.000,9999.000,9999.000,9999.000,9999.000
202604100924,   0.389,9999.000,9999.000,9999.000,9999.000,9999.000,9999.000,9999.000,9999.000
202604100930,   0.379,9999.000,9999.000,9999.000,9999.000,9999.000,9999.000,9999.000,9999.000
202604100936,   0.370,9999.000,9999.000,9999.000,9999.000,9999.000,9999.000,9999.000,9999.000
202604100942,   0.362,9999.000,9999.000,9999.000,9999.000,9999.000,9999.000,9999.000,9999.000
202604100948,   0.354,9999.000,9999.000,9999.000,9999.000,9999.000,9999.000,9999.000,9999.000
202604100954,   0.346,9999.000,9999.000,9999.000,9999.000,9999.000,9999.000,9999.000,9999.000
202604101000,   0.339,9999.000,   0.700,  -0.058,   0.981,   0.700,   0.981,   0.800,   1.081
202604101006,   0.333,9999.000,9999.000,9999.000,9999.000,9999.000,9999.000,9999.000,9999.000
202604101012,   0.327,9999.000,9999.000,9999.000,9999.000,9999.000,9999.000,9999.000,9999.000
202604101018,   0.321,9999.000,9999.000,9999.000,9999.000,9999.000,9999.000,9999.000,9999.000
202604101024,   0.316,9999.000,9999.000,9999.000,9999.000,9999.000,9999.000,9999.000,9999.000
202604101030,   0.311,9999.000,9999.000,9999.000,9999.000,9999.000,9999.000,9999.000,9999.000
202604101036,   0.307,9999.000,9999.000,9999.000,9999.000,9999.000,9999.000,9999.000,9999.000
202604101042,   0.304,9999.000,9999.000,9999.000,9999.000,9999.000,9999.000,9999.000,9999.000
202604101048,   0.301,9999.000,9999.000,9999.000,9999.000,9999.000,9999.000,9999.000,9999.000
202604101054,   0.299,9999.000,9999.000,9999.000,9999.000,9999.000,9999.000,9999.000,9999.000
202604101100,   0.297,9999.000,   0.700,  -0.058,   0.939,   0.700,   0.939,   0.800,   1.039
202604101106,   0.295,9999.000,9999.000,9999.000,9999.000,9999.000,9999.000,9999.000,9999.000
202604101112,   0.294,9999.000,9999.000,9999.000,9999.000,9999.000,9999.000,9999.000,9999.000
202604101118,   0.294,9999.000,9999.000,9999.000,9999.000,9999.000,9999.000,9999.000,9999.000
202604101124,   0.294,9999.000,9999.000,9999.000,9999.000,9999.000,9999.000,9999.000,9999.000
202604101130,   0.295,9999.000,9999.000,9999.000,9999.000,9999.000,9999.000,9999.000,9999.000
202604101136,   0.296,9999.000,9999.000,9999.000,9999.000,9999.000,9999.000,9999.000,9999.000
202604101142,   0.297,9999.000,9999.000,9999.000,9999.000,9999.000,9999.000,9999.000,9999.000
202604101148,   0.299,9999.000,9999.000,9999.000,9999.000,9999.000,9999.000,9999.000,9999.000
202604101154,   0.302,9999.000,9999.000,9999.000,9999.000,9999.000,9999.000,9999.000,9999.000
202604101200,   0.305,9999.000,   0.700,  -0.058,   0.947,   0.700,   0.947,   0.800,   1.047
202604101206,   0.308,9999.000,9999.000,9999.000,9999.000,9999.000,9999.000,9999.000,9999.000
202604101212,   0.312,9999.000,9999.000,9999.000,9999.000,9999.000,9999.000,9999.000,9999.000
202604101218,   0.317,9999.000,9999.000,9999.000,9999.000,9999.000,9999.000,9999.000,9999.000
202604101224,   0.322,9999.000,9999.000,9999.000,9999.000,9999.000,9999.000,9999.000,9999.000
202604101230,   0.327,9999.000,9999.000,9999.000,9999.000,9999.000,9999.000,9999.000,9999.000
202604101236,   0.333,9999.000,9999.000,9999.000,9999.000,9999.000,9999.000,9999.000,9999.000
202604101242,   0.339,9999.000,9999.000,9999.000,9999.000,9999.000,9999.000,9999.000,9999.000
202604101248,   0.346,9999.000,9999.000,9999.000,9999.000,9999.000,9999.000,9999.000,9999.000
202604101254,   0.353,9999.000,9999.000,9999.000,9999.000,9999.000,9999.000,9999.000,9999.000
202604101300,   0.360,9999.000,   0.700,  -0.058,   1.002,   0.700,   1.002,   0.800,   1.102
202604101306,   0.368,9999.000,9999.000,9999.000,9999.000,9999.000,9999.000,9999.000,9999.000
202604101312,   0.376,9999.000,9999.000,9999.000,9999.000,9999.000,9999.000,9999.000,9999.000
202604101318,   0.385,9999.000,9999.000,9999.000,9999.000,9999.000,9999.000,9999.000,9999.000
202604101324,   0.394,9999.000,9999.000,9999.000,9999.000,9999.000,9999.000,9999.000,9999.000
202604101330,   0.403,9999.000,9999.000,9999.000,9999.000,9999.000,9999.000,9999.000,9999.000
202604101336,   0.413,9999.000,9999.000,9999.000,9999.000,9999.000,9999.000,9999.000,9999.000
202604101342,   0.423,9999.000,9999.000,9999.000,9999.000,9999.000,9999.000,9999.000,9999.000
202604101348,   0.433,9999.000,9999.000,9999.000,9999.000,9999.000,9999.000,9999.000,9999.000
202604101354,   0.443,9999.000,9999.000,9999.000,9999.000,9999.000,9999.000,9999.000,9999.000
202604101400,   0.454,9999.000,   0.700,  -0.058,   1.096,   0.700,   1.096,   0.800,   1.196
202604101406,   0.465,9999.000,9999.000,9999.000,9999.000,9999.000,9999.000,9999.000,9999.000
202604101412,   0.477,9999.000,9999.000,9999.000,9999.000,9999.000,9999.000,9999.000,9999.000
202604101418,   0.488,9999.000,9999.000,9999.000,9999.000,9999.000,9999.000,9999.000,9999.000
202604101424,   0.500,9999.000,9999.000,9999.000,9999.000,9999.000,9999.000,9999.000,9999.000
202604101430,   0.511,9999.000,9999.000,9999.000,9999.000,9999.000,9999.000,9999.000,9999.000
202604101436,   0.523,9999.000,9999.000,9999.000,9999.000,9999.000,9999.000,9999.000,9999.000
202604101442,   0.536,9999.000,9999.000,9999.000,9999.000,9999.000,9999.000,9999.000,9999.000
202604101448,   0.548,9999.000,9999.000,9999.000,9999.000,9999.000,9999.000,9999.000,9999.000
202604101454,   0.560,9999.000,9999.000,9999.000,9999.000,9999.000,9999.000,9999.000,9999.000
202604101500,   0.572,9999.000,   0.700,  -0.058,   1.214,   0.700,   1.214,   0.800,   1.314
202604101506,   0.585,9999.000,9999.000,9999.000,9999.000,9999.000,9999.000,9999.000,9999.000
202604101512,   0.597,9999.000,9999.000,9999.000,9999.000,9999.000,9999.000,9999.000,9999.000
202604101518,   0.610,9999.000,9999.000,9999.000,9999.000,9999.000,9999.000,9999.000,9999.000
202604101524,   0.622,9999.000,9999.000,9999.000,9999.000,9999.000,9999.000,9999.000,9999.000
202604101530,   0.635,9999.000,9999.000,9999.000,9999.000,9999.000,9999.000,9999.000,9999.000
202604101536,   0.647,9999.000,9999.000,9999.000,9999.000,9999.000,9999.000,9999.000,9999.000
202604101542,   0.660,9999.000,9999.000,9999.000,9999.000,9999.000,9999.000,9999.000,9999.000
202604101548,   0.673,9999.000,9999.000,9999.000,9999.000,9999.000,9999.000,9999.000,9999.000
202604101554,   0.685,9999.000,9999.000,9999.000,9999.000,9999.000,9999.000,9999.000,9999.000
202604101600,   0.698,9999.000,   0.700,  -0.058,   1.340,   0.700,   1.340,   0.800,   1.440
202604101606,   0.710,9999.000,9999.000,9999.000,9999.000,9999.000,9999.000,9999.000,9999.000
202604101612,   0.723,9999.000,9999.000,9999.000,9999.000,9999.000,9999.000,9999.000,9999.000
202604101618,   0.736,9999.000,9999.000,9999.000,9999.000,9999.000,9999.000,9999.000,9999.000
202604101624,   0.748,9999.000,9999.000,9999.000,9999.000,9999.000,9999.000,9999.000,9999.000
202604101630,   0.761,9999.000,9999.000,9999.000,9999.000,9999.000,9999.000,9999.000,9999.000
202604101636,   0.773,9999.000,9999.000,9999.000,9999.000,9999.000,9999.000,9999.000,9999.000
202604101642,   0.786,9999.000,9999.000,9999.000,9999.000,9999.000,9999.000,9999.000,9999.000
202604101648,   0.799,9999.000,9999.000,9999.000,9999.000,9999.000,9999.000,9999.000,9999.000
202604101654,   0.811,9999.000,9999.000,9999.000,9999.000,9999.000,9999.000,9999.000,9999.000
202604101700,   0.824,9999.000,   0.700,  -0.058,   1.466,   0.700,   1.466,   0.800,   1.566
202604101706,   0.837,9999.000,9999.000,9999.000,9999.000,9999.000,9999.000,9999.000,9999.000
202604101712,   0.849,9999.000,9999.000,9999.000,9999.000,9999.000,9999.000,9999.000,9999.000
202604101718,   0.862,9999.000,9999.000,9999.000,9999.000,9999.000,9999.000,9999.000,9999.000
202604101724,   0.875,9999.000,9999.000,9999.000,9999.000,9999.000,9999.000,9999.000,9999.000
202604101730,   0.887,9999.000,9999.000,9999.000,9999.000,9999.000,9999.000,9999.000,9999.000
202604101736,   0.900,9999.000,9999.000,9999.000,9999.000,9999.000,9999.000,9999.000,9999.000
202604101742,   0.913,9999.000,9999.000,9999.000,9999.000,9999.000,9999.000,9999.000,9999.000
202604101748,   0.925,9999.000,9999.000,9999.000,9999.000,9999.000,9999.000,9999.000,9999.000
202604101754,   0.938,9999.000,9999.000,9999.000,9999.000,9999.000,9999.000,9999.000,9999.000
202604101800,   0.950,9999.000,   0.700,  -0.058,   1.592,   0.700,   1.592,   0.800,   1.692
202604101806,   0.962,9999.000,9999.000,9999.000,9999.000,9999.000,9999.000,9999.000,9999.000
202604101812,   0.974,9999.000,9999.000,9999.000,9999.000,9999.000,9999.000,9999.000,9999.000
202604101818,   0.986,9999.000,9999.000,9999.000,9999.000,9999.000,9999.000,9999.000,9999.000
202604101824,   0.998,9999.000,9999.000,9999.000,9999.000,9999.000,9999.000,9999.000,9999.000
202604101830,   1.010,9999.000,9999.000,9999.000,9999.000,9999.000,9999.000,9999.000,9999.000
202604101836,   1.021,9999.000,9999.000,9999.000,9999.000,9999.000,9999.000,9999.000,9999.000
202604101842,   1.033,9999.000,9999.000,9999.000,9999.000,9999.000,9999.000,9999.000,9999.000
202604101848,   1.044,9999.000,9999.000,9999.000,9999.000,9999.000,9999.000,9999.000,9999.000
202604101854,   1.054,9999.000,9999.000,9999.000,9999.000,9999.000,9999.000,9999.000,9999.000
202604101900,   1.065,9999.000,   0.700,  -0.058,   1.707,   0.700,   1.707,   0.800,   1.807
202604101906,   1.075,9999.000,9999.000,9999.000,9999.000,9999.000,9999.000,9999.000,9999.000
202604101912,   1.085,9999.000,9999.000,9999.000,9999.000,9999.000,9999.000,9999.000,9999.000
202604101918,   1.095,9999.000,9999.000,9999.000,9999.000,9999.000,9999.000,9999.000,9999.000
202604101924,   1.104,9999.000,9999.000,9999.000,9999.000,9999.000,9999.000,9999.000,9999.000
202604101930,   1.113,9999.000,9999.000,9999.000,9999.000,9999.000,9999.000,9999.000,9999.000
202604101936,   1.121,9999.000,9999.000,9999.000,9999.000,9999.000,9999.000,9999.000,9999.000
202604101942,   1.130,9999.000,9999.000,9999.000,9999.000,9999.000,9999.000,9999.000,9999.000
202604101948,   1.137,9999.000,9999.000,9999.000,9999.000,9999.000,9999.000,9999.000,9999.000
202604101954,   1.145,9999.000,9999.000,9999.000,9999.000,9999.000,9999.000,9999.000,9999.000
202604102000,   1.152,9999.000,   0.700,  -0.058,   1.794,   0.700,   1.794,   0.800,   1.894
202604102006,   1.159,9999.000,9999.000,9999.000,9999.000,9999.000,9999.000,9999.000,9999.000
202604102012,   1.165,9999.000,9999.000,9999.000,9999.000,9999.000,9999.000,9999.000,9999.000
202604102018,   1.171,9999.000,9999.000,9999.000,9999.000,9999.000,9999.000,9999.000,9999.000
202604102024,   1.176,9999.000,9999.000,9999.000,9999.000,9999.000,9999.000,9999.000,9999.000
202604102030,   1.181,9999.000,9999.000,9999.000,9999.000,9999.000,9999.000,9999.000,9999.000
202604102036,   1.186,9999.000,9999.000,9999.000,9999.000,9999.000,9999.000,9999.000,9999.000
202604102042,   1.190,9999.000,9999.000,9999.000,9999.000,9999.000,9999.000,9999.000,9999.000
202604102048,   1.194,9999.000,9999.000,9999.000,9999.000,9999.000,9999.000,9999.000,9999.000
202604102054,   1.198,9999.000,9999.000,9999.000,9999.000,9999.000,9999.000,9999.000,9999.000
202604102100,   1.201,9999.000,   0.700,  -0.058,   1.843,   0.700,   1.843,   0.800,   1.943
202604102106,   1.204,9999.000,9999.000,9999.000,9999.000,9999.000,9999.000,9999.000,9999.000
202604102112,   1.207,9999.000,9999.000,9999.000,9999.000,9999.000,9999.000,9999.000,9999.000
202604102118,   1.209,9999.000,9999.000,9999.000,9999.000,9999.000,9999.000,9999.000,9999.000
202604102124,   1.211,9999.000,9999.000,9999.000,9999.000,9999.000,9999.000,9999.000,9999.000
202604102130,   1.213,9999.000,9999.000,9999.000,9999.000,9999.000,9999.000,9999.000,9999.000
202604102136,   1.214,9999.000,9999.000,9999.000,9999.000,9999.000,9999.000,9999.000,9999.000
202604102142,   1.215,9999.000,9999.000,9999.000,9999.000,9999.000,9999.000,9999.000,9999.000
202604102148,   1.216,9999.000,9999.000,9999.000,9999.000,9999.000,9999.000,9999.000,9999.000
202604102154,   1.216,9999.000,9999.000,9999.000,9999.000,9999.000,9999.000,9999.000,9999.000
202604102200,   1.217,9999.000,   0.700,  -0.058,   1.859,   0.700,   1.859,   0.800,   1.959
202604102206,   1.217,9999.000,9999.000,9999.000,9999.000,9999.000,9999.000,9999.000,9999.000
202604102212,   1.216,9999.000,9999.000,9999.000,9999.000,9999.000,9999.000,9999.000,9999.000
202604102218,   1.216,9999.000,9999.000,9999.000,9999.000,9999.000,9999.000,9999.000,9999.000
202604102224,   1.215,9999.000,9999.000,9999.000,9999.000,9999.000,9999.000,9999.000,9999.000
202604102230,   1.214,9999.000,9999.000,9999.000,9999.000,9999.000,9999.000,9999.000,9999.000
202604102236,   1.213,9999.000,9999.000,9999.000,9999.000,9999.000,9999.000,9999.000,9999.000
202604102242,   1.212,9999.000,9999.000,9999.000,9999.000,9999.000,9999.000,9999.000,9999.000
202604102248,   1.210,9999.000,9999.000,9999.000,9999.000,9999.000,9999.000,9999.000,9999.000
202604102254,   1.208,9999.000,9999.000,9999.000,9999.000,9999.000,9999.000,9999.000,9999.000
202604102300,   1.206,9999.000,   0.700,  -0.058,   1.848,   0.700,   1.848,   0.800,   1.948
202604102306,   1.204,9999.000,9999.000,9999.000,9999.000,9999.000,9999.000,9999.000,9999.000
202604102312,   1.202,9999.000,9999.000,9999.000,9999.000,9999.000,9999.000,9999.000,9999.000
202604102318,   1.200,9999.000,9999.000,9999.000,9999.000,9999.000,9999.000,9999.000,9999.000
202604102324,   1.198,9999.000,9999.000,9999.000,9999.000,9999.000,9999.000,9999.000,9999.000
202604102330,   1.195,9999.000,9999.000,9999.000,9999.000,9999.000,9999.000,9999.000,9999.000
202604102336,   1.192,9999.000,9999.000,9999.000,9999.000,9999.000,9999.000,9999.000,9999.000
202604102342,   1.190,9999.000,9999.000,9999.000,9999.000,9999.000,9999.000,9999.000,9999.000
202604102348,   1.187,9999.000,9999.000,9999.000,9999.000,9999.000,9999.000,9999.000,9999.000
202604102354,   1.184,9999.000,9999.000,9999.000,9999.000,9999.000,9999.000,9999.000,9999.000
202604110000,   1.181,9999.000,   0.700,  -0.058,   1.823,   0.700,   1.823,   0.800,   1.923
202604110006,   1.178,9999.000,9999.000,9999.000,9999.000,9999.000,9999.000,9999.000,9999.000
202604110012,   1.175,9999.000,9999.000,9999.000,9999.000,9999.000,9999.000,9999.000,9999.000
202604110018,   1.172,9999.000,9999.000,9999.000,9999.000,9999.000,9999.000,9999.000,9999.000
202604110024,   1.169,9999.000,9999.000,9999.000,9999.000,9999.000,9999.000,9999.000,9999.000
202604110030,   1.166,9999.000,9999.000,9999.000,9999.000,9999.000,9999.000,9999.000,9999.000
202604110036,   1.162,9999.000,9999.000,9999.000,9999.000,9999.000,9999.000,9999.000,9999.000
202604110042,   1.159,9999.000,9999.000,9999.000,9999.000,9999.000,9999.000,9999.000,9999.000
202604110048,   1.156,9999.000,9999.000,9999.000,9999.000,9999.000,9999.000,9999.000,9999.000
202604110054,   1.153,9999.000,9999.000,9999.000,9999.000,9999.000,9999.000,9999.000,9999.000
202604110100,   1.150,9999.000,   0.700,  -0.058,   1.792,   0.700,   1.792,   0.800,   1.892
202604110106,   1.147,9999.000,9999.000,9999.000,9999.000,9999.000,9999.000,9999.000,9999.000
202604110112,   1.143,9999.000,9999.000,9999.000,9999.000,9999.000,9999.000,9999.000,9999.000
202604110118,   1.140,9999.000,9999.000,9999.000,9999.000,9999.000,9999.000,9999.000,9999.000
202604110124,   1.137,9999.000,9999.000,9999.000,9999.000,9999.000,9999.000,9999.000,9999.000
202604110130,   1.134,9999.000,9999.000,9999.000,9999.000,9999.000,9999.000,9999.000,9999.000
202604110136,   1.131,9999.000,9999.000,9999.000,9999.000,9999.000,9999.000,9999.000,9999.000
202604110142,   1.128,9999.000,9999.000,9999.000,9999.000,9999.000,9999.000,9999.000,9999.000
202604110148,   1.124,9999.000,9999.000,9999.000,9999.000,9999.000,9999.000,9999.000,9999.000
202604110154,   1.121,9999.000,9999.000,9999.000,9999.000,9999.000,9999.000,9999.000,9999.000
202604110200,   1.118,9999.000,   0.700,  -0.058,   1.760,   0.700,   1.760,   0.800,   1.860
202604110206,   1.115,9999.000,9999.000,9999.000,9999.000,9999.000,9999.000,9999.000,9999.000
202604110212,   1.111,9999.000,9999.000,9999.000,9999.000,9999.000,9999.000,9999.000,9999.000
202604110218,   1.108,9999.000,9999.000,9999.000,9999.000,9999.000,9999.000,9999.000,9999.000
202604110224,   1.105,9999.000,9999.000,9999.000,9999.000,9999.000,9999.000,9999.000,9999.000
202604110230,   1.101,9999.000,9999.000,9999.000,9999.000,9999.000,9999.000,9999.000,9999.000
202604110236,   1.098,9999.000,9999.000,9999.000,9999.000,9999.000,9999.000,9999.000,9999.000
202604110242,   1.094,9999.000,9999.000,9999.000,9999.000,9999.000,9999.000,9999.000,9999.000
202604110248,   1.090,9999.000,9999.000,9999.000,9999.000,9999.000,9999.000,9999.000,9999.000
202604110254,   1.087,9999.000,9999.000,9999.000,9999.000,9999.000,9999.000,9999.000,9999.000
202604110300,   1.083,9999.000,   0.700,  -0.058,   1.725,   0.700,   1.725,   0.800,   1.825
202604110306,   1.079,9999.000,9999.000,9999.000,9999.000,9999.000,9999.000,9999.000,9999.000
202604110312,   1.075,9999.000,9999.000,9999.000,9999.000,9999.000,9999.000,9999.000,9999.000
202604110318,   1.071,9999.000,9999.000,9999.000,9999.000,9999.000,9999.000,9999.000,9999.000
202604110324,   1.067,9999.000,9999.000,9999.000,9999.000,9999.000,9999.000,9999.000,9999.000
202604110330,   1.063,9999.000,9999.000,9999.000,9999.000,9999.000,9999.000,9999.000,9999.000
202604110336,   1.058,9999.000,9999.000,9999.000,9999.000,9999.000,9999.000,9999.000,9999.000
202604110342,   1.054,9999.000,9999.000,9999.000,9999.000,9999.000,9999.000,9999.000,9999.000
202604110348,   1.049,9999.000,9999.000,9999.000,9999.000,9999.000,9999.000,9999.000,9999.000
202604110354,   1.045,9999.000,9999.000,9999.000,9999.000,9999.000,9999.000,9999.000,9999.000
202604110400,   1.040,9999.000,   0.700,  -0.058,   1.682,   0.700,   1.682,   0.800,   1.782
202604110406,   1.035,9999.000,9999.000,9999.000,9999.000,9999.000,9999.000,9999.000,9999.000
202604110412,   1.030,9999.000,9999.000,9999.000,9999.000,9999.000,9999.000,9999.000,9999.000
202604110418,   1.025,9999.000,9999.000,9999.000,9999.000,9999.000,9999.000,9999.000,9999.000
202604110424,   1.020,9999.000,9999.000,9999.000,9999.000,9999.000,9999.000,9999.000,9999.000
202604110430,   1.015,9999.000,9999.000,9999.000,9999.000,9999.000,9999.000,9999.000,9999.000
202604110436,   1.009,9999.000,9999.000,9999.000,9999.000,9999.000,9999.000,9999.000,9999.000
202604110442,   1.004,9999.000,9999.000,9999.000,9999.000,9999.000,9999.000,9999.000,9999.000
202604110448,   0.998,9999.000,9999.000,9999.000,9999.000,9999.000,9999.000,9999.000,9999.000
202604110454,   0.993,9999.000,9999.000,9999.000,9999.000,9999.000,9999.000,9999.000,9999.000
202604110500,   0.987,9999.000,   0.700,  -0.058,   1.629,   0.700,   1.629,   0.800,   1.729
202604110506,   0.981,9999.000,9999.000,9999.000,9999.000,9999.000,9999.000,9999.000,9999.000
202604110512,   0.974,9999.000,9999.000,9999.000,9999.000,9999.000,9999.000,9999.000,9999.000
202604110518,   0.968,9999.000,9999.000,9999.000,9999.000,9999.000,9999.000,9999.000,9999.000
202604110524,   0.962,9999.000,9999.000,9999.000,9999.000,9999.000,9999.000,9999.000,9999.000
202604110530,   0.955,9999.000,9999.000,9999.000,9999.000,9999.000,9999.000,9999.000,9999.000
202604110536,   0.948,9999.000,9999.000,9999.000,9999.000,9999.000,9999.000,9999.000,9999.000
202604110542,   0.941,9999.000,9999.000,9999.000,9999.000,9999.000,9999.000,9999.000,9999.000
202604110548,   0.934,9999.000,9999.000,9999.000,9999.000,9999.000,9999.000,9999.000,9999.000
202604110554,   0.926,9999.000,9999.000,9999.000,9999.000,9999.000,9999.000,9999.000,9999.000
202604110600,   0.918,9999.000,   0.700,  -0.058,   1.560,   0.700,   1.560,   0.800,   1.660
202604110606,   0.910,9999.000,9999.000,9999.000,9999.000,9999.000,9999.000,9999.000,9999.000
202604110612,   0.902,9999.000,9999.000,9999.000,9999.000,9999.000,9999.000,9999.000,9999.000
202604110618,   0.894,9999.000,9999.000,9999.000,9999.000,9999.000,9999.000,9999.000,9999.000
202604110624,   0.885,9999.000,9999.000,9999.000,9999.000,9999.000,9999.000,9999.000,9999.000
202604110630,   0.876,9999.000,9999.000,9999.000,9999.000,9999.000,9999.000,9999.000,9999.000
202604110636,   0.867,9999.000,9999.000,9999.000,9999.000,9999.000,9999.000,9999.000,9999.000
202604110642,   0.858,9999.000,9999.000,9999.000,9999.000,9999.000,9999.000,9999.000,9999.000
202604110648,   0.848,9999.000,9999.000,9999.000,9999.000,9999.000,9999.000,9999.000,9999.000
202604110654,   0.838,9999.000,9999.000,9999.000,9999.000,9999.000,9999.000,9999.000,9999.000
202604110700,   0.828,9999.000,   0.700,  -0.058,   1.470,   0.700,   1.470,   0.800,   1.570
202604110706,   0.818,9999.000,9999.000,9999.000,9999.000,9999.000,9999.000,9999.000,9999.000
202604110712,   0.807,9999.000,9999.000,9999.000,9999.000,9999.000,9999.000,9999.000,9999.000
202604110718,   0.797,9999.000,9999.000,9999.000,9999.000,9999.000,9999.000,9999.000,9999.000
202604110724,   0.786,9999.000,9999.000,9999.000,9999.000,9999.000,9999.000,9999.000,9999.000
202604110730,   0.774,9999.000,9999.000,9999.000,9999.000,9999.000,9999.000,9999.000,9999.000
202604110736,   0.763,9999.000,9999.000,9999.000,9999.000,9999.000,9999.000,9999.000,9999.000
202604110742,   0.751,9999.000,9999.000,9999.000,9999.000,9999.000,9999.000,9999.000,9999.000
202604110748,   0.739,9999.000,9999.000,9999.000,9999.000,9999.000,9999.000,9999.000,9999.000
202604110754,   0.727,9999.000,9999.000,9999.000,9999.000,9999.000,9999.000,9999.000,9999.000
202604110800,   0.715,9999.000,   0.700,  -0.058,   1.357,   0.700,   1.357,   0.800,   1.457
202604110806,   0.703,9999.000,9999.000,9999.000,9999.000,9999.000,9999.000,9999.000,9999.000
202604110812,   0.690,9999.000,9999.000,9999.000,9999.000,9999.000,9999.000,9999.000,9999.000
202604110818,   0.678,9999.000,9999.000,9999.000,9999.000,9999.000,9999.000,9999.000,9999.000
202604110824,   0.665,9999.000,9999.000,9999.000,9999.000,9999.000,9999.000,9999.000,9999.000
202604110830,   0.653,9999.000,9999.000,9999.000,9999.000,9999.000,9999.000,9999.000,9999.000
202604110836,   0.640,9999.000,9999.000,9999.000,9999.000,9999.000,9999.000,9999.000,9999.000
202604110842,   0.627,9999.000,9999.000,9999.000,9999.000,9999.000,9999.000,9999.000,9999.000
202604110848,   0.614,9999.000,9999.000,9999.000,9999.000,9999.000,9999.000,9999.000,9999.000
202604110854,   0.602,9999.000,9999.000,9999.000,9999.000,9999.000,9999.000,9999.000,9999.000
202604110900,   0.589,9999.000,   0.700,  -0.058,   1.231,   0.700,   1.231,   0.800,   1.331
202604110906,   0.576,9999.000,9999.000,9999.000,9999.000,9999.000,9999.000,9999.000,9999.000
202604110912,   0.563,9999.000,9999.000,9999.000,9999.000,9999.000,9999.000,9999.000,9999.000
202604110918,   0.551,9999.000,9999.000,9999.000,9999.000,9999.000,9999.000,9999.000,9999.000
202604110924,   0.538,9999.000,9999.000,9999.000,9999.000,9999.000,9999.000,9999.000,9999.000
202604110930,   0.526,9999.000,9999.000,9999.000,9999.000,9999.000,9999.000,9999.000,9999.000
202604110936,   0.514,9999.000,9999.000,9999.000,9999.000,9999.000,9999.000,9999.000,9999.000
202604110942,   0.502,9999.000,9999.000,9999.000,9999.000,9999.000,9999.000,9999.000,9999.000
202604110948,   0.490,9999.000,9999.000,9999.000,9999.000,9999.000,9999.000,9999.000,9999.000
202604110954,   0.478,9999.000,9999.000,9999.000,9999.000,9999.000,9999.000,9999.000,9999.000
202604111000,   0.467,9999.000,   0.700,  -0.058,   1.109,   0.700,   1.109,   0.800,   1.209
202604111006,   0.456,9999.000,9999.000,9999.000,9999.000,9999.000,9999.000,9999.000,9999.000
202604111012,   0.445,9999.000,9999.000,9999.000,9999.000,9999.000,9999.000,9999.000,9999.000
202604111018,   0.434,9999.000,9999.000,9999.000,9999.000,9999.000,9999.000,9999.000,9999.000
202604111024,   0.424,9999.000,9999.000,9999.000,9999.000,9999.000,9999.000,9999.000,9999.000
202604111030,   0.414,9999.000,9999.000,9999.000,9999.000,9999.000,9999.000,9999.000,9999.000
202604111036,   0.405,9999.000,9999.000,9999.000,9999.000,9999.000,9999.000,9999.000,9999.000
202604111042,   0.396,9999.000,9999.000,9999.000,9999.000,9999.000,9999.000,9999.000,9999.000
202604111048,   0.387,9999.000,9999.000,9999.000,9999.000,9999.000,9999.000,9999.000,9999.000
202604111054,   0.379,9999.000,9999.000,9999.000,9999.000,9999.000,9999.000,9999.000,9999.000
202604111100,   0.371,9999.000,   0.700,  -0.058,   1.013,   0.700,   1.013,   0.800,   1.113
202604111106,   0.364,9999.000,9999.000,9999.000,9999.000,9999.000,9999.000,9999.000,9999.000
202604111112,   0.357,9999.000,9999.000,9999.000,9999.000,9999.000,9999.000,9999.000,9999.000
202604111118,   0.350,9999.000,9999.000,9999.000,9999.000,9999.000,9999.000,9999.000,9999.000
202604111124,   0.344,9999.000,9999.000,9999.000,9999.000,9999.000,9999.000,9999.000,9999.000
202604111130,   0.339,9999.000,9999.000,9999.000,9999.000,9999.000,9999.000,9999.000,9999.000
202604111136,   0.334,9999.000,9999.000,9999.000,9999.000,9999.000,9999.000,9999.000,9999.000
202604111142,   0.330,9999.000,9999.000,9999.000,9999.000,9999.000,9999.000,9999.000,9999.000
202604111148,   0.327,9999.000,9999.000,9999.000,9999.000,9999.000,9999.000,9999.000,9999.000
202604111154,   0.323,9999.000,9999.000,9999.000,9999.000,9999.000,9999.000,9999.000,9999.000
202604111200,   0.321,9999.000,   0.700,  -0.058,   0.963,   0.700,   0.963,   0.800,   1.063
202604111206,   0.319,9999.000,9999.000,9999.000,9999.000,9999.000,9999.000,9999.000,9999.000
202604111212,   0.318,9999.000,9999.000,9999.000,9999.000,9999.000,9999.000,9999.000,9999.000
202604111218,   0.317,9999.000,9999.000,9999.000,9999.000,9999.000,9999.000,9999.000,9999.000
202604111224,   0.317,9999.000,9999.000,9999.000,9999.000,9999.000,9999.000,9999.000,9999.000
202604111230,   0.318,9999.000,9999.000,9999.000,9999.000,9999.000,9999.000,9999.000,9999.000
202604111236,   0.319,9999.000,9999.000,9999.000,9999.000,9999.000,9999.000,9999.000,9999.000
202604111242,   0.320,9999.000,9999.000,9999.000,9999.000,9999.000,9999.000,9999.000,9999.000
202604111248,   0.322,9999.000,9999.000,9999.000,9999.000,9999.000,9999.000,9999.000,9999.000
202604111254,   0.325,9999.000,9999.000,9999.000,9999.000,9999.000,9999.000,9999.000,9999.000
202604111300,   0.328,9999.000,   0.700,  -0.058,   0.970,   0.700,   0.970,   0.800,   1.070
202604111306,   0.332,9999.000,9999.000,9999.000,9999.000,9999.000,9999.000,9999.000,9999.000
202604111312,   0.337,9999.000,9999.000,9999.000,9999.000,9999.000,9999.000,9999.000,9999.000
202604111318,   0.341,9999.000,9999.000,9999.000,9999.000,9999.000,9999.000,9999.000,9999.000
202604111324,   0.347,9999.000,9999.000,9999.000,9999.000,9999.000,9999.000,9999.000,9999.000
202604111330,   0.352,9999.000,9999.000,9999.000,9999.000,9999.000,9999.000,9999.000,9999.000
202604111336,   0.358,9999.000,9999.000,9999.000,9999.000,9999.000,9999.000,9999.000,9999.000
202604111342,   0.365,9999.000,9999.000,9999.000,9999.000,9999.000,9999.000,9999.000,9999.000
202604111348,   0.372,9999.000,9999.000,9999.000,9999.000,9999.000,9999.000,9999.000,9999.000
202604111354,   0.379,9999.000,9999.000,9999.000,9999.000,9999.000,9999.000,9999.000,9999.000
202604111400,   0.387,9999.000,   0.700,  -0.058,   1.029,   0.700,   1.029,   0.800,   1.129
202604111406,   0.395,9999.000,9999.000,9999.000,9999.000,9999.000,9999.000,9999.000,9999.000
202604111412,   0.403,9999.000,9999.000,9999.000,9999.000,9999.000,9999.000,9999.000,9999.000
202604111418,   0.412,9999.000,9999.000,9999.000,9999.000,9999.000,9999.000,9999.000,9999.000
202604111424,   0.421,9999.000,9999.000,9999.000,9999.000,9999.000,9999.000,9999.000,9999.000
202604111430,   0.430,9999.000,9999.000,9999.000,9999.000,9999.000,9999.000,9999.000,9999.000
202604111436,   0.440,9999.000,9999.000,9999.000,9999.000,9999.000,9999.000,9999.000,9999.000
202604111442,   0.449,9999.000,9999.000,9999.000,9999.000,9999.000,9999.000,9999.000,9999.000
202604111448,   0.459,9999.000,9999.000,9999.000,9999.000,9999.000,9999.000,9999.000,9999.000
202604111454,   0.470,9999.000,9999.000,9999.000,9999.000,9999.000,9999.000,9999.000,9999.000
202604111500,   0.480,9999.000,   0.700,  -0.058,   1.122,   0.700,   1.122,   0.800,   1.222
202604111506,   0.491,9999.000,9999.000,9999.000,9999.000,9999.000,9999.000,9999.000,9999.000
202604111512,   0.502,9999.000,9999.000,9999.000,9999.000,9999.000,9999.000,9999.000,9999.000
202604111518,   0.513,9999.000,9999.000,9999.000,9999.000,9999.000,9999.000,9999.000,9999.000
202604111524,   0.524,9999.000,9999.000,9999.000,9999.000,9999.000,9999.000,9999.000,9999.000
202604111530,   0.536,9999.000,9999.000,9999.000,9999.000,9999.000,9999.000,9999.000,9999.000
202604111536,   0.548,9999.000,9999.000,9999.000,9999.000,9999.000,9999.000,9999.000,9999.000
202604111542,   0.560,9999.000,9999.000,9999.000,9999.000,9999.000,9999.000,9999.000,9999.000
202604111548,   0.572,9999.000,9999.000,9999.000,9999.000,9999.000,9999.000,9999.000,9999.000
202604111554,   0.584,9999.000,9999.000,9999.000,9999.000,9999.000,9999.000,9999.000,9999.000
202604111600,   0.597,9999.000,   0.700,  -0.058,   1.239,   0.700,   1.239,   0.800,   1.339
202604111606,   0.609,9999.000,9999.000,9999.000,9999.000,9999.000,9999.000,9999.000,9999.000
202604111612,   0.622,9999.000,9999.000,9999.000,9999.000,9999.000,9999.000,9999.000,9999.000
202604111618,   0.635,9999.000,9999.000,9999.000,9999.000,9999.000,9999.000,9999.000,9999.000
202604111624,   0.649,9999.000,9999.000,9999.000,9999.000,9999.000,9999.000,9999.000,9999.000
202604111630,   0.662,9999.000,9999.000,9999.000,9999.000,9999.000,9999.000,9999.000,9999.000
202604111636,   0.675,9999.000,9999.000,9999.000,9999.000,9999.000,9999.000,9999.000,9999.000
202604111642,   0.689,9999.000,9999.000,9999.000,9999.000,9999.000,9999.000,9999.000,9999.000
202604111648,   0.703,9999.000,9999.000,9999.000,9999.000,9999.000,9999.000,9999.000,9999.000
202604111654,   0.717,9999.000,9999.000,9999.000,9999.000,9999.000,9999.000,9999.000,9999.000
202604111700,   0.730,9999.000,   0.700,  -0.058,   1.372,   0.700,   1.372,   0.800,   1.472
202604111706,   0.744,9999.000,9999.000,9999.000,9999.000,9999.000,9999.000,9999.000,9999.000
202604111712,   0.758,9999.000,9999.000,9999.000,9999.000,9999.000,9999.000,9999.000,9999.000
202604111718,   0.772,9999.000,9999.000,9999.000,9999.000,9999.000,9999.000,9999.000,9999.000
202604111724,   0.786,9999.000,9999.000,9999.000,9999.000,9999.000,9999.000,9999.000,9999.000
202604111730,   0.800,9999.000,9999.000,9999.000,9999.000,9999.000,9999.000,9999.000,9999.000
202604111736,   0.814,9999.000,9999.000,9999.000,9999.000,9999.000,9999.000,9999.000,9999.000
202604111742,   0.828,9999.000,9999.000,9999.000,9999.000,9999.000,9999.000,9999.000,9999.000
202604111748,   0.841,9999.000,9999.000,9999.000,9999.000,9999.000,9999.000,9999.000,9999.000
202604111754,   0.855,9999.000,9999.000,9999.000,9999.000,9999.000,9999.000,9999.000,9999.000
202604111800,   0.868,9999.000,   0.700,  -0.058,   1.510,   0.700,   1.510,   0.800,   1.610
202604111806,   0.882,9999.000,9999.000,9999.000,9999.000,9999.000,9999.000,9999.000,9999.000
202604111812,   0.895,9999.000,9999.000,9999.000,9999.000,9999.000,9999.000,9999.000,9999.000
202604111818,   0.908,9999.000,9999.000,9999.000,9999.000,9999.000,9999.000,9999.000,9999.000
202604111824,   0.920,9999.000,9999.000,9999.000,9999.000,9999.000,9999.000,9999.000,9999.000
202604111830,   0.933,9999.000,9999.000,9999.000,9999.000,9999.000,9999.000,9999.000,9999.000
202604111836,   0.945,9999.000,9999.000,9999.000,9999.000,9999.000,9999.000,9999.000,9999.000
202604111842,   0.957,9999.000,9999.000,9999.000,9999.000,9999.000,9999.000,9999.000,9999.000
202604111848,   0.969,9999.000,9999.000,9999.000,9999.000,9999.000,9999.000,9999.000,9999.000
202604111854,   0.980,9999.000,9999.000,9999.000,9999.000,9999.000,9999.000,9999.000,9999.000
202604111900,   0.991,9999.000,   0.700,  -0.058,   1.633,   0.700,   1.633,   0.800,   1.733
202604111906,   1.002,9999.000,9999.000,9999.000,9999.000,9999.000,9999.000,9999.000,9999.000
202604111912,   1.013,9999.000,9999.000,9999.000,9999.000,9999.000,9999.000,9999.000,9999.000
202604111918,   1.023,9999.000,9999.000,9999.000,9999.000,9999.000,9999.000,9999.000,9999.000
202604111924,   1.033,9999.000,9999.000,9999.000,9999.000,9999.000,9999.000,9999.000,9999.000
202604111930,   1.043,9999.000,9999.000,9999.000,9999.000,9999.000,9999.000,9999.000,9999.000
202604111936,   1.052,9999.000,9999.000,9999.000,9999.000,9999.000,9999.000,9999.000,9999.000
202604111942,   1.061,9999.000,9999.000,9999.000,9999.000,9999.000,9999.000,9999.000,9999.000
202604111948,   1.070,9999.000,9999.000,9999.000,9999.000,9999.000,9999.000,9999.000,9999.000
202604111954,   1.078,9999.000,9999.000,9999.000,9999.000,9999.000,9999.000,9999.000,9999.000
202604112000,   1.086,9999.000,   0.700,  -0.058,   1.728,   0.700,   1.728,   0.800,   1.828
202604112006,   1.094,9999.000,9999.000,9999.000,9999.000,9999.000,9999.000,9999.000,9999.000
202604112012,   1.101,9999.000,9999.000,9999.000,9999.000,9999.000,9999.000,9999.000,9999.000
202604112018,   1.108,9999.000,9999.000,9999.000,9999.000,9999.000,9999.000,9999.000,9999.000
202604112024,   1.115,9999.000,9999.000,9999.000,9999.000,9999.000,9999.000,9999.000,9999.000
202604112030,   1.121,9999.000,9999.000,9999.000,9999.000,9999.000,9999.000,9999.000,9999.000
202604112036,   1.127,9999.000,9999.000,9999.000,9999.000,9999.000,9999.000,9999.000,9999.000
202604112042,   1.133,9999.000,9999.000,9999.000,9999.000,9999.000,9999.000,9999.000,9999.000
202604112048,   1.138,9999.000,9999.000,9999.000,9999.000,9999.000,9999.000,9999.000,9999.000
202604112054,   1.143,9999.000,9999.000,9999.000,9999.000,9999.000,9999.000,9999.000,9999.000
202604112100,   1.148,9999.000,   0.700,  -0.058,   1.790,   0.700,   1.790,   0.800,   1.890
202604112106,   1.152,9999.000,9999.000,9999.000,9999.000,9999.000,9999.000,9999.000,9999.000
202604112112,   1.156,9999.000,9999.000,9999.000,9999.000,9999.000,9999.000,9999.000,9999.000
202604112118,   1.159,9999.000,9999.000,9999.000,9999.000,9999.000,9999.000,9999.000,9999.000
202604112124,   1.162,9999.000,9999.000,9999.000,9999.000,9999.000,9999.000,9999.000,9999.000
202604112130,   1.165,9999.000,9999.000,9999.000,9999.000,9999.000,9999.000,9999.000,9999.000
202604112136,   1.167,9999.000,9999.000,9999.000,9999.000,9999.000,9999.000,9999.000,9999.000
202604112142,   1.169,9999.000,9999.000,9999.000,9999.000,9999.000,9999.000,9999.000,9999.000
202604112148,   1.170,9999.000,9999.000,9999.000,9999.000,9999.000,9999.000,9999.000,9999.000
202604112154,   1.172,9999.000,9999.000,9999.000,9999.000,9999.000,9999.000,9999.000,9999.000
202604112200,   1.172,9999.000,   0.700,  -0.058,   1.814,   0.700,   1.814,   0.800,   1.914
202604112206,   1.173,9999.000,9999.000,9999.000,9999.000,9999.000,9999.000,9999.000,9999.000
202604112212,   1.173,9999.000,9999.000,9999.000,9999.000,9999.000,9999.000,9999.000,9999.000
202604112218,   1.172,9999.000,9999.000,9999.000,9999.000,9999.000,9999.000,9999.000,9999.000
202604112224,   1.172,9999.000,9999.000,9999.000,9999.000,9999.000,9999.000,9999.000,9999.000
202604112230,   1.171,9999.000,9999.000,9999.000,9999.000,9999.000,9999.000,9999.000,9999.000
202604112236,   1.170,9999.000,9999.000,9999.000,9999.000,9999.000,9999.000,9999.000,9999.000
202604112242,   1.168,9999.000,9999.000,9999.000,9999.000,9999.000,9999.000,9999.000,9999.000
202604112248,   1.166,9999.000,9999.000,9999.000,9999.000,9999.000,9999.000,9999.000,9999.000
202604112254,   1.164,9999.000,9999.000,9999.000,9999.000,9999.000,9999.000,9999.000,9999.000
202604112300,   1.162,9999.000,   0.700,  -0.058,   1.804,   0.700,   1.804,   0.800,   1.904
202604112306,   1.159,9999.000,9999.000,9999.000,9999.000,9999.000,9999.000,9999.000,9999.000
202604112312,   1.157,9999.000,9999.000,9999.000,9999.000,9999.000,9999.000,9999.000,9999.000
202604112318,   1.154,9999.000,9999.000,9999.000,9999.000,9999.000,9999.000,9999.000,9999.000
202604112324,   1.151,9999.000,9999.000,9999.000,9999.000,9999.000,9999.000,9999.000,9999.000
202604112330,   1.148,9999.000,9999.000,9999.000,9999.000,9999.000,9999.000,9999.000,9999.000
202604112336,   1.145,9999.000,9999.000,9999.000,9999.000,9999.000,9999.000,9999.000,9999.000
202604112342,   1.142,9999.000,9999.000,9999.000,9999.000,9999.000,9999.000,9999.000,9999.000
202604112348,   1.138,9999.000,9999.000,9999.000,9999.000,9999.000,9999.000,9999.000,9999.000
202604112354,   1.135,9999.000,9999.000,9999.000,9999.000,9999.000,9999.000,9999.000,9999.000
202604120000,   1.132,9999.000,   0.700,  -0.058,   1.774,   0.700,   1.774,   0.800,   1.874
202604120006,   1.129,9999.000,9999.000,9999.000,9999.000,9999.000,9999.000,9999.000,9999.000
202604120012,   1.126,9999.000,9999.000,9999.000,9999.000,9999.000,9999.000,9999.000,9999.000
202604120018,   1.123,9999.000,9999.000,9999.000,9999.000,9999.000,9999.000,9999.000,9999.000
202604120024,   1.120,9999.000,9999.000,9999.000,9999.000,9999.000,9999.000,9999.000,9999.000
202604120030,   1.117,9999.000,9999.000,9999.000,9999.000,9999.000,9999.000,9999.000,9999.000
202604120036,   1.114,9999.000,9999.000,9999.000,9999.000,9999.000,9999.000,9999.000,9999.000
202604120042,   1.112,9999.000,9999.000,9999.000,9999.000,9999.000,9999.000,9999.000,9999.000
202604120048,   1.109,9999.000,9999.000,9999.000,9999.000,9999.000,9999.000,9999.000,9999.000
202604120054,   1.106,9999.000,9999.000,9999.000,9999.000,9999.000,9999.000,9999.000,9999.000
202604120100,   1.104,9999.000,   0.700,  -0.058,   1.746,   0.700,   1.746,   0.800,   1.846
202604120106,   1.102,9999.000,9999.000,9999.000,9999.000,9999.000,9999.000,9999.000,9999.000
202604120112,   1.099,9999.000,9999.000,9999.000,9999.000,9999.000,9999.000,9999.000,9999.000
202604120118,   1.097,9999.000,9999.000,9999.000,9999.000,9999.000,9999.000,9999.000,9999.000
202604120124,   1.095,9999.000,9999.000,9999.000,9999.000,9999.000,9999.000,9999.000,9999.000
202604120130,   1.093,9999.000,9999.000,9999.000,9999.000,9999.000,9999.000,9999.000,9999.000
202604120136,   1.091,9999.000,9999.000,9999.000,9999.000,9999.000,9999.000,9999.000,9999.000
202604120142,   1.089,9999.000,9999.000,9999.000,9999.000,9999.000,9999.000,9999.000,9999.000
202604120148,   1.087,9999.000,9999.000,9999.000,9999.000,9999.000,9999.000,9999.000,9999.000
202604120154,   1.085,9999.000,9999.000,9999.000,9999.000,9999.000,9999.000,9999.000,9999.000
202604120200,   1.083,9999.000,   0.700,  -0.058,   1.725,   0.700,   1.725,   0.800,   1.825
202604120206,   1.081,9999.000,9999.000,9999.000,9999.000,9999.000,9999.000,9999.000,9999.000
202604120212,   1.079,9999.000,9999.000,9999.000,9999.000,9999.000,9999.000,9999.000,9999.000
202604120218,   1.077,9999.000,9999.000,9999.000,9999.000,9999.000,9999.000,9999.000,9999.000
202604120224,   1.075,9999.000,9999.000,9999.000,9999.000,9999.000,9999.000,9999.000,9999.000
202604120230,   1.073,9999.000,9999.000,9999.000,9999.000,9999.000,9999.000,9999.000,9999.000
202604120236,   1.071,9999.000,9999.000,9999.000,9999.000,9999.000,9999.000,9999.000,9999.000
202604120242,   1.069,9999.000,9999.000,9999.000,9999.000,9999.000,9999.000,9999.000,9999.000
202604120248,   1.067,9999.000,9999.000,9999.000,9999.000,9999.000,9999.000,9999.000,9999.000
202604120254,   1.065,9999.000,9999.000,9999.000,9999.000,9999.000,9999.000,9999.000,9999.000
202604120300,   1.063,9999.000,   0.700,  -0.058,   1.705,   0.700,   1.705,   0.800,   1.805
202604120306,   1.061,9999.000,9999.000,9999.000,9999.000,9999.000,9999.000,9999.000,9999.000
202604120312,   1.059,9999.000,9999.000,9999.000,9999.000,9999.000,9999.000,9999.000,9999.000
202604120318,   1.057,9999.000,9999.000,9999.000,9999.000,9999.000,9999.000,9999.000,9999.000
202604120324,   1.055,9999.000,9999.000,9999.000,9999.000,9999.000,9999.000,9999.000,9999.000
202604120330,   1.053,9999.000,9999.000,9999.000,9999.000,9999.000,9999.000,9999.000,9999.000
202604120336,   1.051,9999.000,9999.000,9999.000,9999.000,9999.000,9999.000,9999.000,9999.000
202604120342,   1.049,9999.000,9999.000,9999.000,9999.000,9999.000,9999.000,9999.000,9999.000
202604120348,   1.047,9999.000,9999.000,9999.000,9999.000,9999.000,9999.000,9999.000,9999.000
202604120354,   1.045,9999.000,9999.000,9999.000,9999.000,9999.000,9999.000,9999.000,9999.000
202604120400,   1.043,9999.000,   0.700,  -0.058,   1.685,   0.700,   1.685,   0.800,   1.785
202604120406,   1.042,9999.000,9999.000,9999.000,9999.000,9999.000,9999.000,9999.000,9999.000
202604120412,   1.040,9999.000,9999.000,9999.000,9999.000,9999.000,9999.000,9999.000,9999.000
202604120418,   1.039,9999.000,9999.000,9999.000,9999.000,9999.000,9999.000,9999.000,9999.000
202604120424,   1.037,9999.000,9999.000,9999.000,9999.000,9999.000,9999.000,9999.000,9999.000
202604120430,   1.036,9999.000,9999.000,9999.000,9999.000,9999.000,9999.000,9999.000,9999.000
202604120436,   1.034,9999.000,9999.000,9999.000,9999.000,9999.000,9999.000,9999.000,9999.000
202604120442,   1.033,9999.000,9999.000,9999.000,9999.000,9999.000,9999.000,9999.000,9999.000
202604120448,   1.031,9999.000,9999.000,9999.000,9999.000,9999.000,9999.000,9999.000,9999.000
202604120454,   1.030,9999.000,9999.000,9999.000,9999.000,9999.000,9999.000,9999.000,9999.000
202604120500,   1.028,9999.000,   0.800,  -0.058,   1.770,   0.700,   1.670,   0.800,   1.770
202604120506,   1.027,9999.000,9999.000,9999.000,9999.000,9999.000,9999.000,9999.000,9999.000
202604120512,   1.025,9999.000,9999.000,9999.000,9999.000,9999.000,9999.000,9999.000,9999.000
202604120518,   1.024,9999.000,9999.000,9999.000,9999.000,9999.000,9999.000,9999.000,9999.000
202604120524,   1.022,9999.000,9999.000,9999.000,9999.000,9999.000,9999.000,9999.000,9999.000
202604120530,   1.020,9999.000,9999.000,9999.000,9999.000,9999.000,9999.000,9999.000,9999.000
202604120536,   1.018,9999.000,9999.000,9999.000,9999.000,9999.000,9999.000,9999.000,9999.000
202604120542,   1.015,9999.000,9999.000,9999.000,9999.000,9999.000,9999.000,9999.000,9999.000
202604120548,   1.013,9999.000,9999.000,9999.000,9999.000,9999.000,9999.000,9999.000,9999.000
202604120554,   1.010,9999.000,9999.000,9999.000,9999.000,9999.000,9999.000,9999.000,9999.000
202604120600,   1.007,9999.000,   0.800,  -0.058,   1.749,   0.700,   1.649,   0.800,   1.749
202604120606,   1.003,9999.000,9999.000,9999.000,9999.000,9999.000,9999.000,9999.000,9999.000
202604120612,   0.999,9999.000,9999.000,9999.000,9999.000,9999.000,9999.000,9999.000,9999.000
202604120618,   0.995,9999.000,9999.000,9999.000,9999.000,9999.000,9999.000,9999.000,9999.000
202604120624,   0.991,9999.000,9999.000,9999.000,9999.000,9999.000,9999.000,9999.000,9999.000
202604120630,   0.986,9999.000,9999.000,9999.000,9999.000,9999.000,9999.000,9999.000,9999.000
202604120636,   0.981,9999.000,9999.000,9999.000,9999.000,9999.000,9999.000,9999.000,9999.000
202604120642,   0.975,9999.000,9999.000,9999.000,9999.000,9999.000,9999.000,9999.000,9999.000
202604120648,   0.969,9999.000,9999.000,9999.000,9999.000,9999.000,9999.000,9999.000,9999.000
202604120654,   0.963,9999.000,9999.000,9999.000,9999.000,9999.000,9999.000,9999.000,9999.000
202604120700,   0.956,9999.000,   0.800,  -0.058,   1.698,   0.700,   1.598,   0.800,   1.698
202604120706,   0.949,9999.000,9999.000,9999.000,9999.000,9999.000,9999.000,9999.000,9999.000
202604120712,   0.942,9999.000,9999.000,9999.000,9999.000,9999.000,9999.000,9999.000,9999.000
202604120718,   0.934,9999.000,9999.000,9999.000,9999.000,9999.000,9999.000,9999.000,9999.000
202604120724,   0.926,9999.000,9999.000,9999.000,9999.000,9999.000,9999.000,9999.000,9999.000
202604120730,   0.917,9999.000,9999.000,9999.000,9999.000,9999.000,9999.000,9999.000,9999.000
202604120736,   0.908,9999.000,9999.000,9999.000,9999.000,9999.000,9999.000,9999.000,9999.000
202604120742,   0.899,9999.000,9999.000,9999.000,9999.000,9999.000,9999.000,9999.000,9999.000
202604120748,   0.890,9999.000,9999.000,9999.000,9999.000,9999.000,9999.000,9999.000,9999.000
202604120754,   0.880,9999.000,9999.000,9999.000,9999.000,9999.000,9999.000,9999.000,9999.000
202604120800,   0.870,9999.000,   0.800,  -0.058,   1.612,   0.700,   1.512,   0.800,   1.612
202604120806,   0.859,9999.000,9999.000,9999.000,9999.000,9999.000,9999.000,9999.000,9999.000
202604120812,   0.849,9999.000,9999.000,9999.000,9999.000,9999.000,9999.000,9999.000,9999.000
202604120818,   0.838,9999.000,9999.000,9999.000,9999.000,9999.000,9999.000,9999.000,9999.000
202604120824,   0.827,9999.000,9999.000,9999.000,9999.000,9999.000,9999.000,9999.000,9999.000
202604120830,   0.816,9999.000,9999.000,9999.000,9999.000,9999.000,9999.000,9999.000,9999.000
202604120836,   0.804,9999.000,9999.000,9999.000,9999.000,9999.000,9999.000,9999.000,9999.000
202604120842,   0.793,9999.000,9999.000,9999.000,9999.000,9999.000,9999.000,9999.000,9999.000
202604120848,   0.781,9999.000,9999.000,9999.000,9999.000,9999.000,9999.000,9999.000,9999.000
202604120854,   0.769,9999.000,9999.000,9999.000,9999.000,9999.000,9999.000,9999.000,9999.000
202604120900,   0.757,9999.000,   0.800,  -0.058,   1.499,   0.700,   1.399,   0.800,   1.499
202604120906,   0.745,9999.000,9999.000,9999.000,9999.000,9999.000,9999.000,9999.000,9999.000
202604120912,   0.733,9999.000,9999.000,9999.000,9999.000,9999.000,9999.000,9999.000,9999.000
202604120918,   0.721,9999.000,9999.000,9999.000,9999.000,9999.000,9999.000,9999.000,9999.000
202604120924,   0.709,9999.000,9999.000,9999.000,9999.000,9999.000,9999.000,9999.000,9999.000
202604120930,   0.696,9999.000,9999.000,9999.000,9999.000,9999.000,9999.000,9999.000,9999.000
202604120936,   0.684,9999.000,9999.000,9999.000,9999.000,9999.000,9999.000,9999.000,9999.000
202604120942,   0.671,9999.000,9999.000,9999.000,9999.000,9999.000,9999.000,9999.000,9999.000
202604120948,   0.658,9999.000,9999.000,9999.000,9999.000,9999.000,9999.000,9999.000,9999.000
202604120954,   0.646,9999.000,9999.000,9999.000,9999.000,9999.000,9999.000,9999.000,9999.000
202604121000,   0.633,9999.000,   0.800,  -0.058,   1.375,   0.700,   1.275,   0.800,   1.375
202604121006,   0.620,9999.000,9999.000,9999.000,9999.000,9999.000,9999.000,9999.000,9999.000
202604121012,   0.607,9999.000,9999.000,9999.000,9999.000,9999.000,9999.000,9999.000,9999.000
202604121018,   0.595,9999.000,9999.000,9999.000,9999.000,9999.000,9999.000,9999.000,9999.000
202604121024,   0.582,9999.000,9999.000,9999.000,9999.000,9999.000,9999.000,9999.000,9999.000
202604121030,   0.570,9999.000,9999.000,9999.000,9999.000,9999.000,9999.000,9999.000,9999.000
202604121036,   0.557,9999.000,9999.000,9999.000,9999.000,9999.000,9999.000,9999.000,9999.000
202604121042,   0.545,9999.000,9999.000,9999.000,9999.000,9999.000,9999.000,9999.000,9999.000
202604121048,   0.533,9999.000,9999.000,9999.000,9999.000,9999.000,9999.000,9999.000,9999.000
202604121054,   0.521,9999.000,9999.000,9999.000,9999.000,9999.000,9999.000,9999.000,9999.000
202604121100,   0.509,9999.000,   0.800,  -0.058,   1.251,   0.700,   1.151,   0.800,   1.251
202604121106,   0.497,9999.000,9999.000,9999.000,9999.000,9999.000,9999.000,9999.000,9999.000
202604121112,   0.486,9999.000,9999.000,9999.000,9999.000,9999.000,9999.000,9999.000,9999.000
202604121118,   0.475,9999.000,9999.000,9999.000,9999.000,9999.000,9999.000,9999.000,9999.000
202604121124,   0.465,9999.000,9999.000,9999.000,9999.000,9999.000,9999.000,9999.000,9999.000
202604121130,   0.455,9999.000,9999.000,9999.000,9999.000,9999.000,9999.000,9999.000,9999.000
202604121136,   0.445,9999.000,9999.000,9999.000,9999.000,9999.000,9999.000,9999.000,9999.000
202604121142,   0.436,9999.000,9999.000,9999.000,9999.000,9999.000,9999.000,9999.000,9999.000
202604121148,   0.427,9999.000,9999.000,9999.000,9999.000,9999.000,9999.000,9999.000,9999.000
202604121154,   0.419,9999.000,9999.000,9999.000,9999.000,9999.000,9999.000,9999.000,9999.000
202604121200,   0.411,9999.000,   0.800,  -0.058,   1.153,   0.700,   1.053,   0.800,   1.153
202604121206,   0.404,9999.000,9999.000,9999.000,9999.000,9999.000,9999.000,9999.000,9999.000
202604121212,   0.397,9999.000,9999.000,9999.000,9999.000,9999.000,9999.000,9999.000,9999.000
202604121218,   0.391,9999.000,9999.000,9999.000,9999.000,9999.000,9999.000,9999.000,9999.000
202604121224,   0.386,9999.000,9999.000,9999.000,9999.000,9999.000,9999.000,9999.000,9999.000
202604121230,   0.381,9999.000,9999.000,9999.000,9999.000,9999.000,9999.000,9999.000,9999.000
202604121236,   0.377,9999.000,9999.000,9999.000,9999.000,9999.000,9999.000,9999.000,9999.000
202604121242,   0.374,9999.000,9999.000,9999.000,9999.000,9999.000,9999.000,9999.000,9999.000
202604121248,   0.371,9999.000,9999.000,9999.000,9999.000,9999.000,9999.000,9999.000,9999.000
202604121254,   0.369,9999.000,9999.000,9999.000,9999.000,9999.000,9999.000,9999.000,9999.000
202604121300,   0.368,9999.000,   0.800,  -0.058,   1.110,   0.700,   1.010,   0.800,   1.110
202604121306,   0.367,9999.000,9999.000,9999.000,9999.000,9999.000,9999.000,9999.000,9999.000
202604121312,   0.367,9999.000,9999.000,9999.000,9999.000,9999.000,9999.000,9999.000,9999.000
202604121318,   0.367,9999.000,9999.000,9999.000,9999.000,9999.000,9999.000,9999.000,9999.000
202604121324,   0.368,9999.000,9999.000,9999.000,9999.000,9999.000,9999.000,9999.000,9999.000
202604121330,   0.370,9999.000,9999.000,9999.000,9999.000,9999.000,9999.000,9999.000,9999.000
202604121336,   0.372,9999.000,9999.000,9999.000,9999.000,9999.000,9999.000,9999.000,9999.000
202604121342,   0.375,9999.000,9999.000,9999.000,9999.000,9999.000,9999.000,9999.000,9999.000
202604121348,   0.378,9999.000,9999.000,9999.000,9999.000,9999.000,9999.000,9999.000,9999.000
202604121354,   0.381,9999.000,9999.000,9999.000,9999.000,9999.000,9999.000,9999.000,9999.000
202604121400,   0.385,9999.000,   0.800,  -0.058,   1.127,   0.700,   1.027,   0.800,   1.127
202604121406,   0.390,9999.000,9999.000,9999.000,9999.000,9999.000,9999.000,9999.000,9999.000
202604121412,   0.394,9999.000,9999.000,9999.000,9999.000,9999.000,9999.000,9999.000,9999.000
202604121418,   0.400,9999.000,9999.000,9999.000,9999.000,9999.000,9999.000,9999.000,9999.000
202604121424,   0.405,9999.000,9999.000,9999.000,9999.000,9999.000,9999.000,9999.000,9999.000
202604121430,   0.411,9999.000,9999.000,9999.000,9999.000,9999.000,9999.000,9999.000,9999.000
202604121436,   0.418,9999.000,9999.000,9999.000,9999.000,9999.000,9999.000,9999.000,9999.000
202604121442,   0.424,9999.000,9999.000,9999.000,9999.000,9999.000,9999.000,9999.000,9999.000
202604121448,   0.431,9999.000,9999.000,9999.000,9999.000,9999.000,9999.000,9999.000,9999.000
202604121454,   0.438,9999.000,9999.000,9999.000,9999.000,9999.000,9999.000,9999.000,9999.000
202604121500,   0.446,9999.000,   0.800,  -0.058,   1.188,   0.700,   1.088,   0.800,   1.188
202604121506,   0.454,9999.000,9999.000,9999.000,9999.000,9999.000,9999.000,9999.000,9999.000
202604121512,   0.462,9999.000,9999.000,9999.000,9999.000,9999.000,9999.000,9999.000,9999.000
202604121518,   0.471,9999.000,9999.000,9999.000,9999.000,9999.000,9999.000,9999.000,9999.000
202604121524,   0.479,9999.000,9999.000,9999.000,9999.000,9999.000,9999.000,9999.000,9999.000
202604121530,   0.488,9999.000,9999.000,9999.000,9999.000,9999.000,9999.000,9999.000,9999.000
202604121536,   0.498,9999.000,9999.000,9999.000,9999.000,9999.000,9999.000,9999.000,9999.000
202604121542,   0.508,9999.000,9999.000,9999.000,9999.000,9999.000,9999.000,9999.000,9999.000
202604121548,   0.518,9999.000,9999.000,9999.000,9999.000,9999.000,9999.000,9999.000,9999.000
202604121554,   0.528,9999.000,9999.000,9999.000,9999.000,9999.000,9999.000,9999.000,9999.000
202604121600,   0.539,9999.000,   0.800,  -0.058,   1.281,   0.700,   1.181,   0.800,   1.281
202604121606,   0.550,9999.000,9999.000,9999.000,9999.000,9999.000,9999.000,9999.000,9999.000
202604121612,   0.562,9999.000,9999.000,9999.000,9999.000,9999.000,9999.000,9999.000,9999.000
202604121618,   0.573,9999.000,9999.000,9999.000,9999.000,9999.000,9999.000,9999.000,9999.000
202604121624,   0.586,9999.000,9999.000,9999.000,9999.000,9999.000,9999.000,9999.000,9999.000
202604121630,   0.598,9999.000,9999.000,9999.000,9999.000,9999.000,9999.000,9999.000,9999.000
202604121636,   0.611,9999.000,9999.000,9999.000,9999.000,9999.000,9999.000,9999.000,9999.000
202604121642,   0.624,9999.000,9999.000,9999.000,9999.000,9999.000,9999.000,9999.000,9999.000
202604121648,   0.637,9999.000,9999.000,9999.000,9999.000,9999.000,9999.000,9999.000,9999.000
202604121654,   0.651,9999.000,9999.000,9999.000,9999.000,9999.000,9999.000,9999.000,9999.000
202604121700,   0.664,9999.000,   0.800,  -0.058,   1.406,   0.700,   1.306,   0.800,   1.406
202604121706,   0.678,9999.000,9999.000,9999.000,9999.000,9999.000,9999.000,9999.000,9999.000
202604121712,   0.693,9999.000,9999.000,9999.000,9999.000,9999.000,9999.000,9999.000,9999.000
202604121718,   0.707,9999.000,9999.000,9999.000,9999.000,9999.000,9999.000,9999.000,9999.000
202604121724,   0.721,9999.000,9999.000,9999.000,9999.000,9999.000,9999.000,9999.000,9999.000
202604121730,   0.736,9999.000,9999.000,9999.000,9999.000,9999.000,9999.000,9999.000,9999.000
202604121736,   0.750,9999.000,9999.000,9999.000,9999.000,9999.000,9999.000,9999.000,9999.000
202604121742,   0.764,9999.000,9999.000,9999.000,9999.000,9999.000,9999.000,9999.000,9999.000
202604121748,   0.779,9999.000,9999.000,9999.000,9999.000,9999.000,9999.000,9999.000,9999.000
202604121754,   0.793,9999.000,9999.000,9999.000,9999.000,9999.000,9999.000,9999.000,9999.000
202604121800,   0.807,9999.000,   0.800,  -0.058,   1.549,   0.700,   1.449,   0.800,   1.549
202604121806,   0.821,9999.000,9999.000,9999.000,9999.000,9999.000,9999.000,9999.000,9999.000
202604121812,   0.835,9999.000,9999.000,9999.000,9999.000,9999.000,9999.000,9999.000,9999.000
202604121818,   0.849,9999.000,9999.000,9999.000,9999.000,9999.000,9999.000,9999.000,9999.000
202604121824,   0.862,9999.000,9999.000,9999.000,9999.000,9999.000,9999.000,9999.000,9999.000
202604121830,   0.875,9999.000,9999.000,9999.000,9999.000,9999.000,9999.000,9999.000,9999.000
202604121836,   0.888,9999.000,9999.000,9999.000,9999.000,9999.000,9999.000,9999.000,9999.000
202604121842,   0.901,9999.000,9999.000,9999.000,9999.000,9999.000,9999.000,9999.000,9999.000
202604121848,   0.913,9999.000,9999.000,9999.000,9999.000,9999.000,9999.000,9999.000,9999.000
202604121854,   0.924,9999.000,9999.000,9999.000,9999.000,9999.000,9999.000,9999.000,9999.000
202604121900,   0.936,9999.000,   0.800,  -0.058,   1.678,   0.700,   1.578,   0.800,   1.678
202604121906,   0.947,9999.000,9999.000,9999.000,9999.000,9999.000,9999.000,9999.000,9999.000
202604121912,   0.957,9999.000,9999.000,9999.000,9999.000,9999.000,9999.000,9999.000,9999.000
202604121918,   0.968,9999.000,9999.000,9999.000,9999.000,9999.000,9999.000,9999.000,9999.000
202604121924,   0.978,9999.000,9999.000,9999.000,9999.000,9999.000,9999.000,9999.000,9999.000
202604121930,   0.987,9999.000,9999.000,9999.000,9999.000,9999.000,9999.000,9999.000,9999.000
202604121936,   0.996,9999.000,9999.000,9999.000,9999.000,9999.000,9999.000,9999.000,9999.000
202604121942,   1.005,9999.000,9999.000,9999.000,9999.000,9999.000,9999.000,9999.000,9999.000
202604121948,   1.013,9999.000,9999.000,9999.000,9999.000,9999.000,9999.000,9999.000,9999.000
202604121954,   1.021,9999.000,9999.000,9999.000,9999.000,9999.000,9999.000,9999.000,9999.000
202604122000,   1.029,9999.000,   0.800,  -0.058,   1.771,   0.700,   1.671,   0.800,   1.771
202604122006,   1.036,9999.000,9999.000,9999.000,9999.000,9999.000,9999.000,9999.000,9999.000
202604122012,   1.043,9999.000,9999.000,9999.000,9999.000,9999.000,9999.000,9999.000,9999.000
202604122018,   1.049,9999.000,9999.000,9999.000,9999.000,9999.000,9999.000,9999.000,9999.000
202604122024,   1.056,9999.000,9999.000,9999.000,9999.000,9999.000,9999.000,9999.000,9999.000
202604122030,   1.062,9999.000,9999.000,9999.000,9999.000,9999.000,9999.000,9999.000,9999.000
202604122036,   1.067,9999.000,9999.000,9999.000,9999.000,9999.000,9999.000,9999.000,9999.000
202604122042,   1.072,9999.000,9999.000,9999.000,9999.000,9999.000,9999.000,9999.000,9999.000
202604122048,   1.077,9999.000,9999.000,9999.000,9999.000,9999.000,9999.000,9999.000,9999.000
202604122054,   1.082,9999.000,9999.000,9999.000,9999.000,9999.000,9999.000,9999.000,9999.000
202604122100,   1.086,9999.000,   0.700,  -0.058,   1.728,   0.700,   1.728,   0.800,   1.828
202604122106,   1.090,9999.000,9999.000,9999.000,9999.000,9999.000,9999.000,9999.000,9999.000
202604122112,   1.094,9999.000,9999.000,9999.000,9999.000,9999.000,9999.000,9999.000,9999.000
202604122118,   1.097,9999.000,9999.000,9999.000,9999.000,9999.000,9999.000,9999.000,9999.000
202604122124,   1.100,9999.000,9999.000,9999.000,9999.000,9999.000,9999.000,9999.000,9999.000
202604122130,   1.102,9999.000,9999.000,9999.000,9999.000,9999.000,9999.000,9999.000,9999.000
202604122136,   1.104,9999.000,9999.000,9999.000,9999.000,9999.000,9999.000,9999.000,9999.000
202604122142,   1.106,9999.000,9999.000,9999.000,9999.000,9999.000,9999.000,9999.000,9999.000
202604122148,   1.107,9999.000,9999.000,9999.000,9999.000,9999.000,9999.000,9999.000,9999.000
202604122154,   1.108,9999.000,9999.000,9999.000,9999.000,9999.000,9999.000,9999.000,9999.000
202604122200,   1.109,9999.000,   0.700,  -0.058,   1.751,   0.700,   1.751,   0.800,   1.851
202604122206,   1.109,9999.000,9999.000,9999.000,9999.000,9999.000,9999.000,9999.000,9999.000
202604122212,   1.109,9999.000,9999.000,9999.000,9999.000,9999.000,9999.000,9999.000,9999.000
202604122218,   1.108,9999.000,9999.000,9999.000,9999.000,9999.000,9999.000,9999.000,9999.000
202604122224,   1.107,9999.000,9999.000,9999.000,9999.000,9999.000,9999.000,9999.000,9999.000
202604122230,   1.105,9999.000,9999.000,9999.000,9999.000,9999.000,9999.000,9999.000,9999.000
202604122236,   1.103,9999.000,9999.000,9999.000,9999.000,9999.000,9999.000,9999.000,9999.000
202604122242,   1.101,9999.000,9999.000,9999.000,9999.000,9999.000,9999.000,9999.000,9999.000
202604122248,   1.098,9999.000,9999.000,9999.000,9999.000,9999.000,9999.000,9999.000,9999.000
202604122254,   1.095,9999.000,9999.000,9999.000,9999.000,9999.000,9999.000,9999.000,9999.000
202604122300,   1.092,9999.000,   0.700,  -0.058,   1.734,   0.700,   1.734,   0.800,   1.834
202604122306,   1.089,9999.000,9999.000,9999.000,9999.000,9999.000,9999.000,9999.000,9999.000
202604122312,   1.085,9999.000,9999.000,9999.000,9999.000,9999.000,9999.000,9999.000,9999.000
202604122318,   1.081,9999.000,9999.000,9999.000,9999.000,9999.000,9999.000,9999.000,9999.000
202604122324,   1.077,9999.000,9999.000,9999.000,9999.000,9999.000,9999.000,9999.000,9999.000
202604122330,   1.072,9999.000,9999.000,9999.000,9999.000,9999.000,9999.000,9999.000,9999.000
202604122336,   1.068,9999.000,9999.000,9999.000,9999.000,9999.000,9999.000,9999.000,9999.000
202604122342,   1.063,9999.000,9999.000,9999.000,9999.000,9999.000,9999.000,9999.000,9999.000
202604122348,   1.058,9999.000,9999.000,9999.000,9999.000,9999.000,9999.000,9999.000,9999.000
202604122354,   1.054,9999.000,9999.000,9999.000,9999.000,9999.000,9999.000,9999.000,9999.000
202604130000,   1.049,9999.000,   0.700,  -0.058,   1.691,   0.600,   1.591,   0.800,   1.791
