        TIME,    TIDE,      OB,   SURGE,    BIAS,     TWL,SURGE90p,  TWL90p,SURGE10p,   TWL10p
202602260000,   1.409,   1.430,   0.400,  -0.379,   1.430,   0.400,   1.430,   0.500,   1.530
202602260006,   1.407,9999.000,9999.000,9999.000,9999.000,9999.000,9999.000,9999.000,9999.000
202602260012,   1.404,   1.390,9999.000,9999.000,9999.000,9999.000,9999.000,9999.000,9999.000
202602260018,   1.401,9999.000,9999.000,9999.000,9999.000,9999.000,9999.000,9999.000,9999.000
202602260024,   1.399,   1.348,9999.000,9999.000,9999.000,9999.000,9999.000,9999.000,9999.000
202602260030,   1.396,9999.000,9999.000,9999.000,9999.000,9999.000,9999.000,9999.000,9999.000
202602260036,   1.393,   1.361,9999.000,9999.000,9999.000,9999.000,9999.000,9999.000,9999.000
202602260042,   1.391,9999.000,9999.000,9999.000,9999.000,9999.000,9999.000,9999.000,9999.000
202602260048,   1.388,   1.338,9999.000,9999.000,9999.000,9999.000,9999.000,9999.000,9999.000
202602260054,   1.385,9999.000,9999.000,9999.000,9999.000,9999.000,9999.000,9999.000,9999.000
202602260100,   1.383,9999.000,   0.400,9999.000,   1.783,   0.400,   1.783,   0.500,   1.883
202602260106,   1.380,   1.400,9999.000,9999.000,9999.000,9999.000,9999.000,9999.000,9999.000
202602260112,   1.377,   1.371,9999.000,9999.000,9999.000,9999.000,9999.000,9999.000,9999.000
202602260118,   1.373,   1.361,9999.000,9999.000,9999.000,9999.000,9999.000,9999.000,9999.000
202602260124,   1.370,   1.390,9999.000,9999.000,9999.000,9999.000,9999.000,9999.000,9999.000
202602260130,   1.366,   1.380,9999.000,9999.000,9999.000,9999.000,9999.000,9999.000,9999.000
202602260136,   1.362,   1.348,9999.000,9999.000,9999.000,9999.000,9999.000,9999.000,9999.000
202602260142,   1.358,   1.380,9999.000,9999.000,9999.000,9999.000,9999.000,9999.000,9999.000
202602260148,   1.353,   1.390,9999.000,9999.000,9999.000,9999.000,9999.000,9999.000,9999.000
202602260154,   1.348,   1.420,9999.000,9999.000,9999.000,9999.000,9999.000,9999.000,9999.000
202602260200,   1.343,   1.439,   0.500,  -0.404,   1.439,   0.400,   1.339,   0.500,   1.439
202602260206,   1.337,   1.459,9999.000,9999.000,9999.000,9999.000,9999.000,9999.000,9999.000
202602260212,   1.331,   1.479,9999.000,9999.000,9999.000,9999.000,9999.000,9999.000,9999.000
202602260218,   1.324,   1.459,9999.000,9999.000,9999.000,9999.000,9999.000,9999.000,9999.000
202602260224,   1.317,   1.469,9999.000,9999.000,9999.000,9999.000,9999.000,9999.000,9999.000
202602260230,   1.310,   1.489,9999.000,9999.000,9999.000,9999.000,9999.000,9999.000,9999.000
202602260236,   1.302,   1.479,9999.000,9999.000,9999.000,9999.000,9999.000,9999.000,9999.000
202602260242,   1.293,   1.479,9999.000,9999.000,9999.000,9999.000,9999.000,9999.000,9999.000
202602260248,   1.285,   1.489,9999.000,9999.000,9999.000,9999.000,9999.000,9999.000,9999.000
202602260254,   1.275,   1.469,9999.000,9999.000,9999.000,9999.000,9999.000,9999.000,9999.000
202602260300,   1.265,   1.489,   0.500,  -0.276,   1.489,   0.500,   1.489,   0.600,   1.589
202602260306,   1.255,   1.459,9999.000,9999.000,9999.000,9999.000,9999.000,9999.000,9999.000
202602260312,   1.244,   1.479,9999.000,9999.000,9999.000,9999.000,9999.000,9999.000,9999.000
202602260318,   1.232,   1.489,9999.000,9999.000,9999.000,9999.000,9999.000,9999.000,9999.000
202602260324,   1.220,   1.498,9999.000,9999.000,9999.000,9999.000,9999.000,9999.000,9999.000
202602260330,   1.207,   1.479,9999.000,9999.000,9999.000,9999.000,9999.000,9999.000,9999.000
202602260336,   1.194,   1.338,9999.000,9999.000,9999.000,9999.000,9999.000,9999.000,9999.000
202602260342,   1.180,   1.469,9999.000,9999.000,9999.000,9999.000,9999.000,9999.000,9999.000
202602260348,   1.165,   1.430,9999.000,9999.000,9999.000,9999.000,9999.000,9999.000,9999.000
202602260354,   1.150,   1.420,9999.000,9999.000,9999.000,9999.000,9999.000,9999.000,9999.000
202602260400,   1.134,   1.430,   0.600,  -0.304,   1.430,   0.500,   1.330,   0.600,   1.430
202602260406,   1.117,   1.479,9999.000,9999.000,9999.000,9999.000,9999.000,9999.000,9999.000
202602260412,   1.100,   1.439,9999.000,9999.000,9999.000,9999.000,9999.000,9999.000,9999.000
202602260418,   1.082,   1.449,9999.000,9999.000,9999.000,9999.000,9999.000,9999.000,9999.000
202602260424,   1.063,   1.390,9999.000,9999.000,9999.000,9999.000,9999.000,9999.000,9999.000
202602260430,   1.044,   1.361,9999.000,9999.000,9999.000,9999.000,9999.000,9999.000,9999.000
202602260436,   1.023,   1.328,9999.000,9999.000,9999.000,9999.000,9999.000,9999.000,9999.000
202602260442,   1.002,   1.338,9999.000,9999.000,9999.000,9999.000,9999.000,9999.000,9999.000
202602260448,   0.980,   1.338,9999.000,9999.000,9999.000,9999.000,9999.000,9999.000,9999.000
202602260454,   0.957,   1.269,9999.000,9999.000,9999.000,9999.000,9999.000,9999.000,9999.000
202602260500,   0.934,   1.269,   0.600,  -0.265,   1.269,   0.600,   1.269,   0.700,   1.369
202602260506,   0.909,   1.249,9999.000,9999.000,9999.000,9999.000,9999.000,9999.000,9999.000
202602260512,   0.883,   1.259,9999.000,9999.000,9999.000,9999.000,9999.000,9999.000,9999.000
202602260518,   0.857,   1.210,9999.000,9999.000,9999.000,9999.000,9999.000,9999.000,9999.000
202602260524,   0.829,   1.200,9999.000,9999.000,9999.000,9999.000,9999.000,9999.000,9999.000
202602260530,   0.801,   1.190,9999.000,9999.000,9999.000,9999.000,9999.000,9999.000,9999.000
202602260536,   0.772,   1.170,9999.000,9999.000,9999.000,9999.000,9999.000,9999.000,9999.000
202602260542,   0.741,   1.151,9999.000,9999.000,9999.000,9999.000,9999.000,9999.000,9999.000
202602260548,   0.710,   1.088,9999.000,9999.000,9999.000,9999.000,9999.000,9999.000,9999.000
202602260554,   0.678,   1.049,9999.000,9999.000,9999.000,9999.000,9999.000,9999.000,9999.000
202602260600,   0.644,   1.000,   0.400,  -0.044,   1.000,   0.300,   0.900,   0.500,   1.100
202602260606,   0.610,   1.010,9999.000,9999.000,9999.000,9999.000,9999.000,9999.000,9999.000
202602260612,   0.575,   0.980,9999.000,9999.000,9999.000,9999.000,9999.000,9999.000,9999.000
202602260618,   0.540,   0.970,9999.000,9999.000,9999.000,9999.000,9999.000,9999.000,9999.000
202602260624,   0.503,   0.321,9999.000,9999.000,9999.000,9999.000,9999.000,9999.000,9999.000
202602260630,   0.466,   0.698,9999.000,9999.000,9999.000,9999.000,9999.000,9999.000,9999.000
202602260636,   0.428,   0.669,9999.000,9999.000,9999.000,9999.000,9999.000,9999.000,9999.000
202602260642,   0.389,   0.600,9999.000,9999.000,9999.000,9999.000,9999.000,9999.000,9999.000
202602260648,   0.350,   0.551,9999.000,9999.000,9999.000,9999.000,9999.000,9999.000,9999.000
202602260654,   0.310,   0.488,9999.000,9999.000,9999.000,9999.000,9999.000,9999.000,9999.000
202602260700,   0.270,   0.508,   0.400,  -0.162,   0.508,   0.200,   0.308,   0.500,   0.608
202602260706,   0.229,   0.439,9999.000,9999.000,9999.000,9999.000,9999.000,9999.000,9999.000
202602260712,   0.188,   0.400,9999.000,9999.000,9999.000,9999.000,9999.000,9999.000,9999.000
202602260718,   0.147,   0.350,9999.000,9999.000,9999.000,9999.000,9999.000,9999.000,9999.000
202602260724,   0.106,   0.331,9999.000,9999.000,9999.000,9999.000,9999.000,9999.000,9999.000
202602260730,   0.064,   0.268,9999.000,9999.000,9999.000,9999.000,9999.000,9999.000,9999.000
202602260736,   0.023,   0.229,9999.000,9999.000,9999.000,9999.000,9999.000,9999.000,9999.000
202602260742,  -0.017,   0.170,9999.000,9999.000,9999.000,9999.000,9999.000,9999.000,9999.000
202602260748,  -0.058,   0.121,9999.000,9999.000,9999.000,9999.000,9999.000,9999.000,9999.000
202602260754,  -0.098,   0.029,9999.000,9999.000,9999.000,9999.000,9999.000,9999.000,9999.000
202602260800,  -0.138,  -0.059,   0.300,  -0.221,  -0.059,   0.200,  -0.159,   0.500,   0.141
202602260806,  -0.178,  -0.059,9999.000,9999.000,9999.000,9999.000,9999.000,9999.000,9999.000
202602260812,  -0.217,  -0.111,9999.000,9999.000,9999.000,9999.000,9999.000,9999.000,9999.000
202602260818,  -0.255,  -0.068,9999.000,9999.000,9999.000,9999.000,9999.000,9999.000,9999.000
202602260824,  -0.292,  -0.190,9999.000,9999.000,9999.000,9999.000,9999.000,9999.000,9999.000
202602260830,  -0.329,  -0.219,9999.000,9999.000,9999.000,9999.000,9999.000,9999.000,9999.000
202602260836,  -0.364,  -0.268,9999.000,9999.000,9999.000,9999.000,9999.000,9999.000,9999.000
202602260842,  -0.399,  -0.331,9999.000,9999.000,9999.000,9999.000,9999.000,9999.000,9999.000
202602260848,  -0.432,  -0.370,9999.000,9999.000,9999.000,9999.000,9999.000,9999.000,9999.000
202602260854,  -0.464,  -0.390,9999.000,9999.000,9999.000,9999.000,9999.000,9999.000,9999.000
202602260900,  -0.495,  -0.478,   0.300,  -0.283,  -0.478,   0.200,  -0.578,   0.400,  -0.378
202602260906,  -0.524,  -0.551,9999.000,9999.000,9999.000,9999.000,9999.000,9999.000,9999.000
202602260912,  -0.552,  -0.551,9999.000,9999.000,9999.000,9999.000,9999.000,9999.000,9999.000
202602260918,  -0.578,  -0.770,9999.000,9999.000,9999.000,9999.000,9999.000,9999.000,9999.000
202602260924,  -0.603,  -0.610,9999.000,9999.000,9999.000,9999.000,9999.000,9999.000,9999.000
202602260930,  -0.626,  -0.888,9999.000,9999.000,9999.000,9999.000,9999.000,9999.000,9999.000
202602260936,  -0.648,  -0.669,9999.000,9999.000,9999.000,9999.000,9999.000,9999.000,9999.000
202602260942,  -0.667,  -0.688,9999.000,9999.000,9999.000,9999.000,9999.000,9999.000,9999.000
202602260948,  -0.685,  -0.708,9999.000,9999.000,9999.000,9999.000,9999.000,9999.000,9999.000
202602260954,  -0.701,  -0.731,9999.000,9999.000,9999.000,9999.000,9999.000,9999.000,9999.000
202602261000,  -0.715,  -0.718,   0.300,  -0.303,  -0.718,   0.200,  -0.818,   0.400,  -0.618
202602261006,  -0.727,  -0.760,9999.000,9999.000,9999.000,9999.000,9999.000,9999.000,9999.000
202602261012,  -0.737,  -0.810,9999.000,9999.000,9999.000,9999.000,9999.000,9999.000,9999.000
202602261018,  -0.745,  -0.810,9999.000,9999.000,9999.000,9999.000,9999.000,9999.000,9999.000
202602261024,  -0.751,  -0.810,9999.000,9999.000,9999.000,9999.000,9999.000,9999.000,9999.000
202602261030,  -0.755,  -0.810,9999.000,9999.000,9999.000,9999.000,9999.000,9999.000,9999.000
202602261036,  -0.756,  -0.839,9999.000,9999.000,9999.000,9999.000,9999.000,9999.000,9999.000
202602261042,  -0.756,  -0.819,9999.000,9999.000,9999.000,9999.000,9999.000,9999.000,9999.000
202602261048,  -0.753,  -0.600,9999.000,9999.000,9999.000,9999.000,9999.000,9999.000,9999.000
202602261054,  -0.749,  -1.348,9999.000,9999.000,9999.000,9999.000,9999.000,9999.000,9999.000
202602261100,  -0.742,  -0.859,   0.300,  -0.417,  -0.859,   0.200,  -0.959,   0.400,  -0.759
202602261106,  -0.733,  -0.928,9999.000,9999.000,9999.000,9999.000,9999.000,9999.000,9999.000
202602261112,  -0.721,  -0.839,9999.000,9999.000,9999.000,9999.000,9999.000,9999.000,9999.000
202602261118,  -0.708,  -0.800,9999.000,9999.000,9999.000,9999.000,9999.000,9999.000,9999.000
202602261124,  -0.692,  -0.770,9999.000,9999.000,9999.000,9999.000,9999.000,9999.000,9999.000
202602261130,  -0.675,  -0.731,9999.000,9999.000,9999.000,9999.000,9999.000,9999.000,9999.000
202602261136,  -0.655,  -0.718,9999.000,9999.000,9999.000,9999.000,9999.000,9999.000,9999.000
202602261142,  -0.634,  -0.688,9999.000,9999.000,9999.000,9999.000,9999.000,9999.000,9999.000
202602261148,  -0.610,  -0.629,9999.000,9999.000,9999.000,9999.000,9999.000,9999.000,9999.000
202602261154,  -0.585,  -0.590,9999.000,9999.000,9999.000,9999.000,9999.000,9999.000,9999.000
202602261200,  -0.557,  -0.560,   0.200,  -0.203,  -0.560,   0.100,  -0.660,   0.200,  -0.560
202602261206,  -0.528,  -0.531,9999.000,9999.000,9999.000,9999.000,9999.000,9999.000,9999.000
202602261212,  -0.498,  -0.518,9999.000,9999.000,9999.000,9999.000,9999.000,9999.000,9999.000
202602261218,  -0.465,  -0.459,9999.000,9999.000,9999.000,9999.000,9999.000,9999.000,9999.000
202602261224,  -0.431,  -0.409,9999.000,9999.000,9999.000,9999.000,9999.000,9999.000,9999.000
202602261230,  -0.396,  -0.360,9999.000,9999.000,9999.000,9999.000,9999.000,9999.000,9999.000
202602261236,  -0.359,  -0.331,9999.000,9999.000,9999.000,9999.000,9999.000,9999.000,9999.000
202602261242,  -0.321,  -0.298,9999.000,9999.000,9999.000,9999.000,9999.000,9999.000,9999.000
202602261248,  -0.282,  -0.268,9999.000,9999.000,9999.000,9999.000,9999.000,9999.000,9999.000
202602261254,  -0.242,  -0.209,9999.000,9999.000,9999.000,9999.000,9999.000,9999.000,9999.000
202602261300,  -0.200,  -0.141,   0.100,  -0.041,  -0.141,   0.100,  -0.141,   0.200,  -0.041
202602261306,  -0.158,  -0.141,9999.000,9999.000,9999.000,9999.000,9999.000,9999.000,9999.000
202602261312,  -0.115,  -0.121,9999.000,9999.000,9999.000,9999.000,9999.000,9999.000,9999.000
202602261318,  -0.072,  -0.059,9999.000,9999.000,9999.000,9999.000,9999.000,9999.000,9999.000
202602261324,  -0.028,   0.009,9999.000,9999.000,9999.000,9999.000,9999.000,9999.000,9999.000
202602261330,   0.016,   0.098,9999.000,9999.000,9999.000,9999.000,9999.000,9999.000,9999.000
202602261336,   0.061,   0.141,9999.000,9999.000,9999.000,9999.000,9999.000,9999.000,9999.000
202602261342,   0.107,   0.200,9999.000,9999.000,9999.000,9999.000,9999.000,9999.000,9999.000
202602261348,   0.152,   0.239,9999.000,9999.000,9999.000,9999.000,9999.000,9999.000,9999.000
202602261354,   0.198,   0.341,9999.000,9999.000,9999.000,9999.000,9999.000,9999.000,9999.000
202602261400,   0.244,   0.390,   0.100,   0.046,   0.390,   0.100,   0.390,   0.200,   0.490
202602261406,   0.289,   0.469,9999.000,9999.000,9999.000,9999.000,9999.000,9999.000,9999.000
202602261412,   0.335,   0.531,9999.000,9999.000,9999.000,9999.000,9999.000,9999.000,9999.000
202602261418,   0.380,   0.718,9999.000,9999.000,9999.000,9999.000,9999.000,9999.000,9999.000
202602261424,   0.425,   0.659,9999.000,9999.000,9999.000,9999.000,9999.000,9999.000,9999.000
202602261430,   0.470,   0.688,9999.000,9999.000,9999.000,9999.000,9999.000,9999.000,9999.000
202602261436,   0.515,   0.810,9999.000,9999.000,9999.000,9999.000,9999.000,9999.000,9999.000
202602261442,   0.559,   0.849,9999.000,9999.000,9999.000,9999.000,9999.000,9999.000,9999.000
202602261448,   0.602,   0.970,9999.000,9999.000,9999.000,9999.000,9999.000,9999.000,9999.000
202602261454,   0.645,   0.941,9999.000,9999.000,9999.000,9999.000,9999.000,9999.000,9999.000
202602261500,   0.688,   1.010,   0.100,   0.222,   1.010,   0.100,   1.010,   0.200,   1.110
202602261506,   0.730,   1.039,9999.000,9999.000,9999.000,9999.000,9999.000,9999.000,9999.000
202602261512,   0.771,   1.118,9999.000,9999.000,9999.000,9999.000,9999.000,9999.000,9999.000
202602261518,   0.812,   1.170,9999.000,9999.000,9999.000,9999.000,9999.000,9999.000,9999.000
202602261524,   0.852,   1.161,9999.000,9999.000,9999.000,9999.000,9999.000,9999.000,9999.000
202602261530,   0.891,   1.210,9999.000,9999.000,9999.000,9999.000,9999.000,9999.000,9999.000
202602261536,   0.930,   1.308,9999.000,9999.000,9999.000,9999.000,9999.000,9999.000,9999.000
202602261542,   0.968,   1.361,9999.000,9999.000,9999.000,9999.000,9999.000,9999.000,9999.000
202602261548,   1.005,   1.371,9999.000,9999.000,9999.000,9999.000,9999.000,9999.000,9999.000
202602261554,   1.041,   1.430,9999.000,9999.000,9999.000,9999.000,9999.000,9999.000,9999.000
202602261600,   1.076,   1.498,   0.100,   0.322,   1.498,   0.100,   1.498,   0.200,   1.598
202602261606,   1.111,   1.449,9999.000,9999.000,9999.000,9999.000,9999.000,9999.000,9999.000
202602261612,   1.145,   1.557,9999.000,9999.000,9999.000,9999.000,9999.000,9999.000,9999.000
202602261618,   1.178,   1.548,9999.000,9999.000,9999.000,9999.000,9999.000,9999.000,9999.000
202602261624,   1.210,   1.610,9999.000,9999.000,9999.000,9999.000,9999.000,9999.000,9999.000
202602261630,   1.241,   1.639,9999.000,9999.000,9999.000,9999.000,9999.000,9999.000,9999.000
202602261636,   1.271,   1.659,9999.000,9999.000,9999.000,9999.000,9999.000,9999.000,9999.000
202602261642,   1.301,   1.718,9999.000,9999.000,9999.000,9999.000,9999.000,9999.000,9999.000
202602261648,   1.329,   1.738,9999.000,9999.000,9999.000,9999.000,9999.000,9999.000,9999.000
202602261654,   1.356,   1.767,9999.000,9999.000,9999.000,9999.000,9999.000,9999.000,9999.000
202602261700,   1.383,   1.810,   0.100,   0.327,   1.810,   0.100,   1.810,   0.200,   1.910
202602261706,   1.408,   1.830,9999.000,9999.000,9999.000,9999.000,9999.000,9999.000,9999.000
202602261712,   1.433,   1.899,9999.000,9999.000,9999.000,9999.000,9999.000,9999.000,9999.000
202602261718,   1.456,   1.879,9999.000,9999.000,9999.000,9999.000,9999.000,9999.000,9999.000
202602261724,   1.478,   1.590,9999.000,9999.000,9999.000,9999.000,9999.000,9999.000,9999.000
202602261730,   1.500,   1.869,9999.000,9999.000,9999.000,9999.000,9999.000,9999.000,9999.000
202602261736,   1.520,   1.908,9999.000,9999.000,9999.000,9999.000,9999.000,9999.000,9999.000
202602261742,   1.539,   1.918,9999.000,9999.000,9999.000,9999.000,9999.000,9999.000,9999.000
202602261748,   1.557,   1.918,9999.000,9999.000,9999.000,9999.000,9999.000,9999.000,9999.000
202602261754,   1.574,   1.990,9999.000,9999.000,9999.000,9999.000,9999.000,9999.000,9999.000
202602261800,   1.590,   2.010,   0.200,   0.220,   2.010,   0.200,   2.010,   0.300,   2.110
202602261806,   1.605,   2.059,9999.000,9999.000,9999.000,9999.000,9999.000,9999.000,9999.000
202602261812,   1.618,   2.069,9999.000,9999.000,9999.000,9999.000,9999.000,9999.000,9999.000
202602261818,   1.631,   2.040,9999.000,9999.000,9999.000,9999.000,9999.000,9999.000,9999.000
202602261824,   1.643,   2.059,9999.000,9999.000,9999.000,9999.000,9999.000,9999.000,9999.000
202602261830,   1.653,   2.049,9999.000,9999.000,9999.000,9999.000,9999.000,9999.000,9999.000
202602261836,   1.663,   2.059,9999.000,9999.000,9999.000,9999.000,9999.000,9999.000,9999.000
202602261842,   1.671,   2.040,9999.000,9999.000,9999.000,9999.000,9999.000,9999.000,9999.000
202602261848,   1.679,   2.040,9999.000,9999.000,9999.000,9999.000,9999.000,9999.000,9999.000
202602261854,   1.686,   2.020,9999.000,9999.000,9999.000,9999.000,9999.000,9999.000,9999.000
202602261900,   1.691,   2.020,   0.200,   0.129,   2.020,   0.200,   2.020,   0.300,   2.120
202602261906,   1.696,   2.040,9999.000,9999.000,9999.000,9999.000,9999.000,9999.000,9999.000
202602261912,   1.700,   2.059,9999.000,9999.000,9999.000,9999.000,9999.000,9999.000,9999.000
202602261918,   1.703,   2.069,9999.000,9999.000,9999.000,9999.000,9999.000,9999.000,9999.000
202602261924,   1.705,   2.049,9999.000,9999.000,9999.000,9999.000,9999.000,9999.000,9999.000
202602261930,   1.707,   2.049,9999.000,9999.000,9999.000,9999.000,9999.000,9999.000,9999.000
202602261936,   1.707,   2.049,9999.000,9999.000,9999.000,9999.000,9999.000,9999.000,9999.000
202602261942,   1.707,   2.089,9999.000,9999.000,9999.000,9999.000,9999.000,9999.000,9999.000
202602261948,   1.706,   1.849,9999.000,9999.000,9999.000,9999.000,9999.000,9999.000,9999.000
202602261954,   1.705,   1.958,9999.000,9999.000,9999.000,9999.000,9999.000,9999.000,9999.000
202602262000,   1.703,   1.859,   0.200,  -0.044,   1.859,   0.200,   1.859,   0.300,   1.959
202602262006,   1.700,   1.908,9999.000,9999.000,9999.000,9999.000,9999.000,9999.000,9999.000
202602262012,   1.697,   1.938,9999.000,9999.000,9999.000,9999.000,9999.000,9999.000,9999.000
202602262018,   1.693,   1.879,9999.000,9999.000,9999.000,9999.000,9999.000,9999.000,9999.000
202602262024,   1.688,   1.840,9999.000,9999.000,9999.000,9999.000,9999.000,9999.000,9999.000
202602262030,   1.684,   1.849,9999.000,9999.000,9999.000,9999.000,9999.000,9999.000,9999.000
202602262036,   1.678,   1.849,9999.000,9999.000,9999.000,9999.000,9999.000,9999.000,9999.000
202602262042,   1.672,   1.830,9999.000,9999.000,9999.000,9999.000,9999.000,9999.000,9999.000
202602262048,   1.666,   1.830,9999.000,9999.000,9999.000,9999.000,9999.000,9999.000,9999.000
202602262054,   1.660,   1.820,9999.000,9999.000,9999.000,9999.000,9999.000,9999.000,9999.000
202602262100,   1.653,   1.758,   0.300,  -0.195,   1.758,   0.200,   1.658,   0.300,   1.758
202602262106,   1.645,   1.738,9999.000,9999.000,9999.000,9999.000,9999.000,9999.000,9999.000
202602262112,   1.638,   1.738,9999.000,9999.000,9999.000,9999.000,9999.000,9999.000,9999.000
202602262118,   1.630,   1.738,9999.000,9999.000,9999.000,9999.000,9999.000,9999.000,9999.000
202602262124,   1.622,   1.689,9999.000,9999.000,9999.000,9999.000,9999.000,9999.000,9999.000
202602262130,   1.613,   1.689,9999.000,9999.000,9999.000,9999.000,9999.000,9999.000,9999.000
202602262136,   1.605,   1.708,9999.000,9999.000,9999.000,9999.000,9999.000,9999.000,9999.000
202602262142,   1.596,   1.689,9999.000,9999.000,9999.000,9999.000,9999.000,9999.000,9999.000
202602262148,   1.587,   1.610,9999.000,9999.000,9999.000,9999.000,9999.000,9999.000,9999.000
202602262154,   1.578,   1.600,9999.000,9999.000,9999.000,9999.000,9999.000,9999.000,9999.000
202602262200,   1.569,   1.590,   0.300,  -0.279,   1.590,   0.200,   1.490,   0.400,   1.690
202602262206,   1.560,   1.538,9999.000,9999.000,9999.000,9999.000,9999.000,9999.000,9999.000
202602262212,   1.551,   1.489,9999.000,9999.000,9999.000,9999.000,9999.000,9999.000,9999.000
202602262218,   1.542,   1.508,9999.000,9999.000,9999.000,9999.000,9999.000,9999.000,9999.000
202602262224,   1.533,   1.508,9999.000,9999.000,9999.000,9999.000,9999.000,9999.000,9999.000
202602262230,   1.524,   1.518,9999.000,9999.000,9999.000,9999.000,9999.000,9999.000,9999.000
202602262236,   1.515,   1.528,9999.000,9999.000,9999.000,9999.000,9999.000,9999.000,9999.000
202602262242,   1.506,   1.538,9999.000,9999.000,9999.000,9999.000,9999.000,9999.000,9999.000
202602262248,   1.498,   1.508,9999.000,9999.000,9999.000,9999.000,9999.000,9999.000,9999.000
202602262254,   1.490,   1.489,9999.000,9999.000,9999.000,9999.000,9999.000,9999.000,9999.000
202602262300,   1.482,   1.508,   0.300,  -0.274,   1.508,   0.300,   1.508,   0.400,   1.608
202602262306,   1.474,   1.479,9999.000,9999.000,9999.000,9999.000,9999.000,9999.000,9999.000
202602262312,   1.467,   1.439,9999.000,9999.000,9999.000,9999.000,9999.000,9999.000,9999.000
202602262318,   1.459,   1.508,9999.000,9999.000,9999.000,9999.000,9999.000,9999.000,9999.000
202602262324,   1.453,   1.459,9999.000,9999.000,9999.000,9999.000,9999.000,9999.000,9999.000
202602262330,   1.446,   1.538,9999.000,9999.000,9999.000,9999.000,9999.000,9999.000,9999.000
202602262336,   1.441,   1.528,9999.000,9999.000,9999.000,9999.000,9999.000,9999.000,9999.000
202602262342,   1.435,   1.548,9999.000,9999.000,9999.000,9999.000,9999.000,9999.000,9999.000
202602262348,   1.430,9999.000,9999.000,9999.000,9999.000,9999.000,9999.000,9999.000,9999.000
202602262354,   1.425,   1.600,9999.000,9999.000,9999.000,9999.000,9999.000,9999.000,9999.000
202602270000,   1.421,   1.508,   0.400,  -0.313,   1.508,   0.400,   1.508,   0.500,   1.608
202602270006,   1.417,   1.571,9999.000,9999.000,9999.000,9999.000,9999.000,9999.000,9999.000
202602270012,   1.414,   1.590,9999.000,9999.000,9999.000,9999.000,9999.000,9999.000,9999.000
202602270018,   1.411,   1.590,9999.000,9999.000,9999.000,9999.000,9999.000,9999.000,9999.000
202602270024,   1.408,   1.580,9999.000,9999.000,9999.000,9999.000,9999.000,9999.000,9999.000
202602270030,   1.406,   1.600,9999.000,9999.000,9999.000,9999.000,9999.000,9999.000,9999.000
202602270036,   1.404,   1.590,9999.000,9999.000,9999.000,9999.000,9999.000,9999.000,9999.000
202602270042,   1.402,   1.610,9999.000,9999.000,9999.000,9999.000,9999.000,9999.000,9999.000
202602270048,   1.401,   1.620,9999.000,9999.000,9999.000,9999.000,9999.000,9999.000,9999.000
202602270054,   1.400,   1.669,9999.000,9999.000,9999.000,9999.000,9999.000,9999.000,9999.000
202602270100,   1.399,   1.728,   0.500,  -0.171,   1.728,   0.400,   1.628,   0.500,   1.728
202602270106,   1.398,   1.718,9999.000,9999.000,9999.000,9999.000,9999.000,9999.000,9999.000
202602270112,   1.398,   1.758,9999.000,9999.000,9999.000,9999.000,9999.000,9999.000,9999.000
202602270118,   1.398,   1.781,9999.000,9999.000,9999.000,9999.000,9999.000,9999.000,9999.000
202602270124,   1.397,   1.790,9999.000,9999.000,9999.000,9999.000,9999.000,9999.000,9999.000
202602270130,   1.397,   1.781,9999.000,9999.000,9999.000,9999.000,9999.000,9999.000,9999.000
202602270136,   1.397,   1.781,9999.000,9999.000,9999.000,9999.000,9999.000,9999.000,9999.000
202602270142,   1.397,   1.810,9999.000,9999.000,9999.000,9999.000,9999.000,9999.000,9999.000
202602270148,   1.397,   1.830,9999.000,9999.000,9999.000,9999.000,9999.000,9999.000,9999.000
202602270154,   1.397,   1.810,9999.000,9999.000,9999.000,9999.000,9999.000,9999.000,9999.000
202602270200,   1.396,   1.810,   0.500,  -0.086,   1.810,   0.400,   1.710,   0.500,   1.810
202602270206,   1.396,   1.790,9999.000,9999.000,9999.000,9999.000,9999.000,9999.000,9999.000
202602270212,   1.396,   1.810,9999.000,9999.000,9999.000,9999.000,9999.000,9999.000,9999.000
202602270218,   1.395,   1.830,9999.000,9999.000,9999.000,9999.000,9999.000,9999.000,9999.000
202602270224,   1.394,   1.810,9999.000,9999.000,9999.000,9999.000,9999.000,9999.000,9999.000
202602270230,   1.393,   1.820,9999.000,9999.000,9999.000,9999.000,9999.000,9999.000,9999.000
202602270236,   1.391,   1.810,9999.000,9999.000,9999.000,9999.000,9999.000,9999.000,9999.000
202602270242,   1.390,   1.840,9999.000,9999.000,9999.000,9999.000,9999.000,9999.000,9999.000
202602270248,   1.388,   1.859,9999.000,9999.000,9999.000,9999.000,9999.000,9999.000,9999.000
202602270254,   1.386,   1.859,9999.000,9999.000,9999.000,9999.000,9999.000,9999.000,9999.000
202602270300,   1.383,   1.889,   0.500,   0.006,   1.889,   0.400,   1.789,   0.500,   1.889
202602270306,   1.380,   1.889,9999.000,9999.000,9999.000,9999.000,9999.000,9999.000,9999.000
202602270312,   1.377,   1.918,9999.000,9999.000,9999.000,9999.000,9999.000,9999.000,9999.000
202602270318,   1.374,   1.958,9999.000,9999.000,9999.000,9999.000,9999.000,9999.000,9999.000
202602270324,   1.370,   1.908,9999.000,9999.000,9999.000,9999.000,9999.000,9999.000,9999.000
202602270330,   1.365,   1.859,9999.000,9999.000,9999.000,9999.000,9999.000,9999.000,9999.000
202602270336,   1.361,   1.879,9999.000,9999.000,9999.000,9999.000,9999.000,9999.000,9999.000
202602270342,   1.355,   1.849,9999.000,9999.000,9999.000,9999.000,9999.000,9999.000,9999.000
202602270348,   1.350,   1.889,9999.000,9999.000,9999.000,9999.000,9999.000,9999.000,9999.000
202602270354,   1.344,   1.869,9999.000,9999.000,9999.000,9999.000,9999.000,9999.000,9999.000
202602270400,   1.337,   1.908,   0.500,   0.071,   1.908,   0.400,   1.808,   0.500,   1.908
202602270406,   1.330,   1.869,9999.000,9999.000,9999.000,9999.000,9999.000,9999.000,9999.000
202602270412,   1.322,   1.869,9999.000,9999.000,9999.000,9999.000,9999.000,9999.000,9999.000
202602270418,   1.314,   1.869,9999.000,9999.000,9999.000,9999.000,9999.000,9999.000,9999.000
202602270424,   1.305,   1.869,9999.000,9999.000,9999.000,9999.000,9999.000,9999.000,9999.000
202602270430,   1.296,   1.840,9999.000,9999.000,9999.000,9999.000,9999.000,9999.000,9999.000
202602270436,   1.286,   1.840,9999.000,9999.000,9999.000,9999.000,9999.000,9999.000,9999.000
202602270442,   1.275,   1.889,9999.000,9999.000,9999.000,9999.000,9999.000,9999.000,9999.000
202602270448,   1.263,   1.590,9999.000,9999.000,9999.000,9999.000,9999.000,9999.000,9999.000
202602270454,   1.251,   1.636,9999.000,9999.000,9999.000,9999.000,9999.000,9999.000,9999.000
202602270500,   1.237,   1.908,   0.500,   0.171,   1.908,   0.400,   1.808,   0.500,   1.908
202602270506,   1.223,   1.889,9999.000,9999.000,9999.000,9999.000,9999.000,9999.000,9999.000
202602270512,   1.208,   1.899,9999.000,9999.000,9999.000,9999.000,9999.000,9999.000,9999.000
202602270518,   1.192,   1.748,9999.000,9999.000,9999.000,9999.000,9999.000,9999.000,9999.000
202602270524,   1.175,   1.669,9999.000,9999.000,9999.000,9999.000,9999.000,9999.000,9999.000
202602270530,   1.157,   1.639,9999.000,9999.000,9999.000,9999.000,9999.000,9999.000,9999.000
202602270536,   1.138,   1.620,9999.000,9999.000,9999.000,9999.000,9999.000,9999.000,9999.000
202602270542,   1.118,   1.548,9999.000,9999.000,9999.000,9999.000,9999.000,9999.000,9999.000
202602270548,   1.097,   1.590,9999.000,9999.000,9999.000,9999.000,9999.000,9999.000,9999.000
202602270554,   1.075,   1.571,9999.000,9999.000,9999.000,9999.000,9999.000,9999.000,9999.000
202602270600,   1.051,   1.518,   0.400,   0.067,   1.518,   0.400,   1.518,   0.500,   1.618
202602270606,   1.027,   1.610,9999.000,9999.000,9999.000,9999.000,9999.000,9999.000,9999.000
202602270612,   1.001,   1.571,9999.000,9999.000,9999.000,9999.000,9999.000,9999.000,9999.000
202602270618,   0.974,   1.430,9999.000,9999.000,9999.000,9999.000,9999.000,9999.000,9999.000
202602270624,   0.946,   1.308,9999.000,9999.000,9999.000,9999.000,9999.000,9999.000,9999.000
202602270630,   0.917,   1.308,9999.000,9999.000,9999.000,9999.000,9999.000,9999.000,9999.000
202602270636,   0.887,   1.249,9999.000,9999.000,9999.000,9999.000,9999.000,9999.000,9999.000
202602270642,   0.855,   1.210,9999.000,9999.000,9999.000,9999.000,9999.000,9999.000,9999.000
202602270648,   0.823,   1.180,9999.000,9999.000,9999.000,9999.000,9999.000,9999.000,9999.000
202602270654,   0.789,   1.229,9999.000,9999.000,9999.000,9999.000,9999.000,9999.000,9999.000
202602270700,   0.755,   1.138,   0.400,  -0.017,   1.138,   0.300,   1.038,   0.400,   1.138
202602270706,   0.719,   1.138,9999.000,9999.000,9999.000,9999.000,9999.000,9999.000,9999.000
202602270712,   0.683,   1.108,9999.000,9999.000,9999.000,9999.000,9999.000,9999.000,9999.000
202602270718,   0.645,   1.079,9999.000,9999.000,9999.000,9999.000,9999.000,9999.000,9999.000
202602270724,   0.607,   0.600,9999.000,9999.000,9999.000,9999.000,9999.000,9999.000,9999.000
202602270730,   0.568,   0.859,9999.000,9999.000,9999.000,9999.000,9999.000,9999.000,9999.000
202602270736,   0.528,   0.819,9999.000,9999.000,9999.000,9999.000,9999.000,9999.000,9999.000
202602270742,   0.487,   0.790,9999.000,9999.000,9999.000,9999.000,9999.000,9999.000,9999.000
202602270748,   0.446,   0.741,9999.000,9999.000,9999.000,9999.000,9999.000,9999.000,9999.000
202602270754,   0.404,   0.760,9999.000,9999.000,9999.000,9999.000,9999.000,9999.000,9999.000
202602270800,   0.361,   0.659,   0.300,  -0.002,   0.659,   0.300,   0.659,   0.400,   0.759
202602270806,   0.318,   0.590,9999.000,9999.000,9999.000,9999.000,9999.000,9999.000,9999.000
202602270812,   0.275,   0.551,9999.000,9999.000,9999.000,9999.000,9999.000,9999.000,9999.000
202602270818,   0.232,   0.518,9999.000,9999.000,9999.000,9999.000,9999.000,9999.000,9999.000
202602270824,   0.188,   0.459,9999.000,9999.000,9999.000,9999.000,9999.000,9999.000,9999.000
202602270830,   0.144,   0.429,9999.000,9999.000,9999.000,9999.000,9999.000,9999.000,9999.000
202602270836,   0.100,   0.400,9999.000,9999.000,9999.000,9999.000,9999.000,9999.000,9999.000
202602270842,   0.057,   0.350,9999.000,9999.000,9999.000,9999.000,9999.000,9999.000,9999.000
202602270848,   0.013,   0.298,9999.000,9999.000,9999.000,9999.000,9999.000,9999.000,9999.000
202602270854,  -0.029,   0.268,9999.000,9999.000,9999.000,9999.000,9999.000,9999.000,9999.000
202602270900,  -0.073,   0.259,   0.300,   0.032,   0.259,   0.300,   0.259,   0.400,   0.359
202602270906,  -0.115,   0.268,9999.000,9999.000,9999.000,9999.000,9999.000,9999.000,9999.000
202602270912,  -0.158,   0.360,9999.000,9999.000,9999.000,9999.000,9999.000,9999.000,9999.000
202602270918,  -0.199,   0.141,9999.000,9999.000,9999.000,9999.000,9999.000,9999.000,9999.000
202602270924,  -0.240,   0.141,9999.000,9999.000,9999.000,9999.000,9999.000,9999.000,9999.000
202602270930,  -0.281,   0.078,9999.000,9999.000,9999.000,9999.000,9999.000,9999.000,9999.000
202602270936,  -0.320,   0.000,9999.000,9999.000,9999.000,9999.000,9999.000,9999.000,9999.000
202602270942,  -0.358,  -0.059,9999.000,9999.000,9999.000,9999.000,9999.000,9999.000,9999.000
202602270948,  -0.396,  -0.098,9999.000,9999.000,9999.000,9999.000,9999.000,9999.000,9999.000
202602270954,  -0.432,  -0.170,9999.000,9999.000,9999.000,9999.000,9999.000,9999.000,9999.000
202602271000,  -0.467,  -0.239,   0.300,  -0.072,  -0.239,   0.300,  -0.239,   0.400,  -0.139
202602271006,  -0.500,  -0.268,9999.000,9999.000,9999.000,9999.000,9999.000,9999.000,9999.000
202602271012,  -0.532,  -0.268,9999.000,9999.000,9999.000,9999.000,9999.000,9999.000,9999.000
202602271018,  -0.563,  -0.308,9999.000,9999.000,9999.000,9999.000,9999.000,9999.000,9999.000
202602271024,  -0.592,  -0.341,9999.000,9999.000,9999.000,9999.000,9999.000,9999.000,9999.000
202602271030,  -0.619,  -0.390,9999.000,9999.000,9999.000,9999.000,9999.000,9999.000,9999.000
202602271036,  -0.644,  -0.419,9999.000,9999.000,9999.000,9999.000,9999.000,9999.000,9999.000
202602271042,  -0.668,  -0.439,9999.000,9999.000,9999.000,9999.000,9999.000,9999.000,9999.000
202602271048,  -0.689,  -0.469,9999.000,9999.000,9999.000,9999.000,9999.000,9999.000,9999.000
202602271054,  -0.709,  -0.488,9999.000,9999.000,9999.000,9999.000,9999.000,9999.000,9999.000
202602271100,  -0.726,  -0.518,   0.300,  -0.092,  -0.518,   0.300,  -0.518,   0.400,  -0.418
202602271106,  -0.741,  -0.508,9999.000,9999.000,9999.000,9999.000,9999.000,9999.000,9999.000
202602271112,  -0.754,  -0.498,9999.000,9999.000,9999.000,9999.000,9999.000,9999.000,9999.000
202602271118,  -0.765,  -0.518,9999.000,9999.000,9999.000,9999.000,9999.000,9999.000,9999.000
202602271124,  -0.773,  -0.498,9999.000,9999.000,9999.000,9999.000,9999.000,9999.000,9999.000
202602271130,  -0.779,  -0.498,9999.000,9999.000,9999.000,9999.000,9999.000,9999.000,9999.000
202602271136,  -0.783,  -0.518,9999.000,9999.000,9999.000,9999.000,9999.000,9999.000,9999.000
202602271142,  -0.784,  -0.508,9999.000,9999.000,9999.000,9999.000,9999.000,9999.000,9999.000
202602271148,  -0.783,  -0.459,9999.000,9999.000,9999.000,9999.000,9999.000,9999.000,9999.000
202602271154,  -0.779,  -0.409,9999.000,9999.000,9999.000,9999.000,9999.000,9999.000,9999.000
202602271200,  -0.773,  -0.400,   0.500,  -0.127,  -0.400,   0.400,  -0.500,   0.500,  -0.400
202602271206,  -0.765,  -0.409,9999.000,9999.000,9999.000,9999.000,9999.000,9999.000,9999.000
202602271212,  -0.754,  -0.360,9999.000,9999.000,9999.000,9999.000,9999.000,9999.000,9999.000
202602271218,  -0.741,  -0.308,9999.000,9999.000,9999.000,9999.000,9999.000,9999.000,9999.000
202602271224,  -0.725,  -0.298,9999.000,9999.000,9999.000,9999.000,9999.000,9999.000,9999.000
202602271230,  -0.707,  -0.298,9999.000,9999.000,9999.000,9999.000,9999.000,9999.000,9999.000
202602271236,  -0.688,  -0.308,9999.000,9999.000,9999.000,9999.000,9999.000,9999.000,9999.000
202602271242,  -0.666,  -0.308,9999.000,9999.000,9999.000,9999.000,9999.000,9999.000,9999.000
202602271248,  -0.641,  -0.288,9999.000,9999.000,9999.000,9999.000,9999.000,9999.000,9999.000
202602271254,  -0.615,  -0.239,9999.000,9999.000,9999.000,9999.000,9999.000,9999.000,9999.000
202602271300,  -0.588,  -0.219,   0.500,  -0.131,  -0.219,   0.400,  -0.319,   0.500,  -0.219
202602271306,  -0.558,  -0.170,9999.000,9999.000,9999.000,9999.000,9999.000,9999.000,9999.000
202602271312,  -0.526,  -0.111,9999.000,9999.000,9999.000,9999.000,9999.000,9999.000,9999.000
202602271318,  -0.493,  -0.059,9999.000,9999.000,9999.000,9999.000,9999.000,9999.000,9999.000
202602271324,  -0.459,   0.019,9999.000,9999.000,9999.000,9999.000,9999.000,9999.000,9999.000
202602271330,  -0.423,   0.029,9999.000,9999.000,9999.000,9999.000,9999.000,9999.000,9999.000
202602271336,  -0.385,   0.098,9999.000,9999.000,9999.000,9999.000,9999.000,9999.000,9999.000
202602271342,  -0.346,   0.180,9999.000,9999.000,9999.000,9999.000,9999.000,9999.000,9999.000
202602271348,  -0.307,   0.219,9999.000,9999.000,9999.000,9999.000,9999.000,9999.000,9999.000
202602271354,  -0.266,   0.288,9999.000,9999.000,9999.000,9999.000,9999.000,9999.000,9999.000
202602271400,  -0.224,   0.308,   0.500,   0.032,   0.308,   0.400,   0.208,   0.500,   0.308
202602271406,  -0.182,   0.331,9999.000,9999.000,9999.000,9999.000,9999.000,9999.000,9999.000
202602271412,  -0.138,   0.370,9999.000,9999.000,9999.000,9999.000,9999.000,9999.000,9999.000
202602271418,  -0.094,   0.370,9999.000,9999.000,9999.000,9999.000,9999.000,9999.000,9999.000
202602271424,  -0.050,   0.409,9999.000,9999.000,9999.000,9999.000,9999.000,9999.000,9999.000
202602271430,  -0.005,   0.488,9999.000,9999.000,9999.000,9999.000,9999.000,9999.000,9999.000
202602271436,   0.040,   0.541,9999.000,9999.000,9999.000,9999.000,9999.000,9999.000,9999.000
202602271442,   0.085,   0.600,9999.000,9999.000,9999.000,9999.000,9999.000,9999.000,9999.000
202602271448,   0.131,   0.659,9999.000,9999.000,9999.000,9999.000,9999.000,9999.000,9999.000
202602271454,   0.178,   0.698,9999.000,9999.000,9999.000,9999.000,9999.000,9999.000,9999.000
202602271500,   0.224,   0.741,   0.500,   0.017,   0.741,   0.400,   0.641,   0.500,   0.741
202602271506,   0.270,   0.790,9999.000,9999.000,9999.000,9999.000,9999.000,9999.000,9999.000
202602271512,   0.316,   0.849,9999.000,9999.000,9999.000,9999.000,9999.000,9999.000,9999.000
202602271518,   0.362,   0.879,9999.000,9999.000,9999.000,9999.000,9999.000,9999.000,9999.000
202602271524,   0.408,   0.941,9999.000,9999.000,9999.000,9999.000,9999.000,9999.000,9999.000
202602271530,   0.454,   0.961,9999.000,9999.000,9999.000,9999.000,9999.000,9999.000,9999.000
202602271536,   0.500,   1.010,9999.000,9999.000,9999.000,9999.000,9999.000,9999.000,9999.000
202602271542,   0.545,   1.059,9999.000,9999.000,9999.000,9999.000,9999.000,9999.000,9999.000
202602271548,   0.589,   1.088,9999.000,9999.000,9999.000,9999.000,9999.000,9999.000,9999.000
202602271554,   0.634,   1.118,9999.000,9999.000,9999.000,9999.000,9999.000,9999.000,9999.000
202602271600,   0.678,   1.170,   0.400,   0.092,   1.170,   0.400,   1.170,   0.500,   1.270
202602271606,   0.721,   1.210,9999.000,9999.000,9999.000,9999.000,9999.000,9999.000,9999.000
202602271612,   0.764,   1.249,9999.000,9999.000,9999.000,9999.000,9999.000,9999.000,9999.000
202602271618,   0.806,   1.318,9999.000,9999.000,9999.000,9999.000,9999.000,9999.000,9999.000
202602271624,   0.848,   1.371,9999.000,9999.000,9999.000,9999.000,9999.000,9999.000,9999.000
202602271630,   0.889,   1.420,9999.000,9999.000,9999.000,9999.000,9999.000,9999.000,9999.000
202602271636,   0.929,   1.439,9999.000,9999.000,9999.000,9999.000,9999.000,9999.000,9999.000
202602271642,   0.968,   1.430,9999.000,9999.000,9999.000,9999.000,9999.000,9999.000,9999.000
202602271648,   1.007,   1.479,9999.000,9999.000,9999.000,9999.000,9999.000,9999.000,9999.000
202602271654,   1.045,   1.508,9999.000,9999.000,9999.000,9999.000,9999.000,9999.000,9999.000
202602271700,   1.082,   1.518,   0.400,   0.036,   1.518,   0.300,   1.418,   0.400,   1.518
202602271706,   1.118,   1.538,9999.000,9999.000,9999.000,9999.000,9999.000,9999.000,9999.000
202602271712,   1.153,   1.548,9999.000,9999.000,9999.000,9999.000,9999.000,9999.000,9999.000
202602271718,   1.187,   1.590,9999.000,9999.000,9999.000,9999.000,9999.000,9999.000,9999.000
202602271724,   1.220,   1.639,9999.000,9999.000,9999.000,9999.000,9999.000,9999.000,9999.000
202602271730,   1.252,   1.669,9999.000,9999.000,9999.000,9999.000,9999.000,9999.000,9999.000
202602271736,   1.283,   1.708,9999.000,9999.000,9999.000,9999.000,9999.000,9999.000,9999.000
202602271742,   1.313,   1.781,9999.000,9999.000,9999.000,9999.000,9999.000,9999.000,9999.000
202602271748,   1.342,   1.790,9999.000,9999.000,9999.000,9999.000,9999.000,9999.000,9999.000
202602271754,   1.370,   1.800,9999.000,9999.000,9999.000,9999.000,9999.000,9999.000,9999.000
202602271800,   1.396,   1.790,   0.500,  -0.106,   1.790,   0.500,   1.790,   0.500,   1.790
202602271806,   1.422,   1.830,9999.000,9999.000,9999.000,9999.000,9999.000,9999.000,9999.000
202602271812,   1.446,   1.840,9999.000,9999.000,9999.000,9999.000,9999.000,9999.000,9999.000
202602271818,   1.470,   1.830,9999.000,9999.000,9999.000,9999.000,9999.000,9999.000,9999.000
202602271824,   1.492,   1.820,9999.000,9999.000,9999.000,9999.000,9999.000,9999.000,9999.000
202602271830,   1.513,   1.859,9999.000,9999.000,9999.000,9999.000,9999.000,9999.000,9999.000
202602271836,   1.533,   1.879,9999.000,9999.000,9999.000,9999.000,9999.000,9999.000,9999.000
202602271842,   1.551,   1.899,9999.000,9999.000,9999.000,9999.000,9999.000,9999.000,9999.000
202602271848,   1.569,   1.928,9999.000,9999.000,9999.000,9999.000,9999.000,9999.000,9999.000
202602271854,   1.585,   1.918,9999.000,9999.000,9999.000,9999.000,9999.000,9999.000,9999.000
202602271900,   1.600,   1.908,   0.500,  -0.192,   1.908,   0.500,   1.908,   0.500,   1.908
202602271906,   1.614,   1.918,9999.000,9999.000,9999.000,9999.000,9999.000,9999.000,9999.000
202602271912,   1.627,   1.938,9999.000,9999.000,9999.000,9999.000,9999.000,9999.000,9999.000
202602271918,   1.639,   1.948,9999.000,9999.000,9999.000,9999.000,9999.000,9999.000,9999.000
202602271924,   1.650,   1.981,9999.000,9999.000,9999.000,9999.000,9999.000,9999.000,9999.000
202602271930,   1.660,   1.958,9999.000,9999.000,9999.000,9999.000,9999.000,9999.000,9999.000
202602271936,   1.669,   2.010,9999.000,9999.000,9999.000,9999.000,9999.000,9999.000,9999.000
202602271942,   1.676,   2.010,9999.000,9999.000,9999.000,9999.000,9999.000,9999.000,9999.000
202602271948,   1.683,   2.030,9999.000,9999.000,9999.000,9999.000,9999.000,9999.000,9999.000
202602271954,   1.688,   2.069,9999.000,9999.000,9999.000,9999.000,9999.000,9999.000,9999.000
202602272000,   1.693,   2.040,   0.500,  -0.153,   2.040,   0.500,   2.040,   0.500,   2.040
202602272006,   1.696,   2.040,9999.000,9999.000,9999.000,9999.000,9999.000,9999.000,9999.000
202602272012,   1.699,   2.040,9999.000,9999.000,9999.000,9999.000,9999.000,9999.000,9999.000
202602272018,   1.701,   2.059,9999.000,9999.000,9999.000,9999.000,9999.000,9999.000,9999.000
202602272024,   1.702,   2.089,9999.000,9999.000,9999.000,9999.000,9999.000,9999.000,9999.000
202602272030,   1.701,   2.069,9999.000,9999.000,9999.000,9999.000,9999.000,9999.000,9999.000
202602272036,   1.700,   2.059,9999.000,9999.000,9999.000,9999.000,9999.000,9999.000,9999.000
202602272042,   1.698,   2.059,9999.000,9999.000,9999.000,9999.000,9999.000,9999.000,9999.000
202602272048,   1.696,   2.069,9999.000,9999.000,9999.000,9999.000,9999.000,9999.000,9999.000
202602272054,   1.692,   2.069,9999.000,9999.000,9999.000,9999.000,9999.000,9999.000,9999.000
202602272100,   1.688,   2.069,   0.500,  -0.119,   2.069,   0.500,   2.069,   0.600,   2.169
202602272106,   1.682,   2.059,9999.000,9999.000,9999.000,9999.000,9999.000,9999.000,9999.000
202602272112,   1.676,   2.049,9999.000,9999.000,9999.000,9999.000,9999.000,9999.000,9999.000
202602272118,   1.670,   2.040,9999.000,9999.000,9999.000,9999.000,9999.000,9999.000,9999.000
202602272124,   1.662,   2.049,9999.000,9999.000,9999.000,9999.000,9999.000,9999.000,9999.000
202602272130,   1.654,   2.010,9999.000,9999.000,9999.000,9999.000,9999.000,9999.000,9999.000
202602272136,   1.645,   1.967,9999.000,9999.000,9999.000,9999.000,9999.000,9999.000,9999.000
202602272142,   1.636,   1.948,9999.000,9999.000,9999.000,9999.000,9999.000,9999.000,9999.000
202602272148,   1.626,   1.967,9999.000,9999.000,9999.000,9999.000,9999.000,9999.000,9999.000
202602272154,   1.616,   1.958,9999.000,9999.000,9999.000,9999.000,9999.000,9999.000,9999.000
202602272200,   1.605,   1.967,   0.500,  -0.138,   1.967,   0.500,   1.967,   0.600,   2.067
202602272206,   1.594,   1.967,9999.000,9999.000,9999.000,9999.000,9999.000,9999.000,9999.000
202602272212,   1.583,   2.000,9999.000,9999.000,9999.000,9999.000,9999.000,9999.000,9999.000
202602272218,   1.571,   1.990,9999.000,9999.000,9999.000,9999.000,9999.000,9999.000,9999.000
202602272224,   1.559,   2.000,9999.000,9999.000,9999.000,9999.000,9999.000,9999.000,9999.000
202602272230,   1.547,   1.981,9999.000,9999.000,9999.000,9999.000,9999.000,9999.000,9999.000
202602272236,   1.534,   1.967,9999.000,9999.000,9999.000,9999.000,9999.000,9999.000,9999.000
202602272242,   1.522,   1.967,9999.000,9999.000,9999.000,9999.000,9999.000,9999.000,9999.000
202602272248,   1.510,   1.958,9999.000,9999.000,9999.000,9999.000,9999.000,9999.000,9999.000
202602272254,   1.497,   1.967,9999.000,9999.000,9999.000,9999.000,9999.000,9999.000,9999.000
202602272300,   1.485,   1.948,   0.600,  -0.137,   1.948,   0.500,   1.848,   0.600,   1.948
202602272306,   1.473,   1.938,9999.000,9999.000,9999.000,9999.000,9999.000,9999.000,9999.000
202602272312,   1.462,   1.948,9999.000,9999.000,9999.000,9999.000,9999.000,9999.000,9999.000
202602272318,   1.450,   1.967,9999.000,9999.000,9999.000,9999.000,9999.000,9999.000,9999.000
202602272324,   1.439,   1.967,9999.000,9999.000,9999.000,9999.000,9999.000,9999.000,9999.000
202602272330,   1.429,   1.967,9999.000,9999.000,9999.000,9999.000,9999.000,9999.000,9999.000
202602272336,   1.418,   1.889,9999.000,9999.000,9999.000,9999.000,9999.000,9999.000,9999.000
202602272342,   1.409,   2.000,9999.000,9999.000,9999.000,9999.000,9999.000,9999.000,9999.000
202602272348,   1.400,9999.000,9999.000,9999.000,9999.000,9999.000,9999.000,9999.000,9999.000
202602272354,   1.391,   1.869,9999.000,9999.000,9999.000,9999.000,9999.000,9999.000,9999.000
202602280000,   1.383,   1.738,   0.600,  -0.245,   1.738,   0.600,   1.738,   0.700,   1.838
202602280006,   1.376,   1.869,9999.000,9999.000,9999.000,9999.000,9999.000,9999.000,9999.000
202602280012,   1.369,   1.879,9999.000,9999.000,9999.000,9999.000,9999.000,9999.000,9999.000
202602280018,   1.363,   1.859,9999.000,9999.000,9999.000,9999.000,9999.000,9999.000,9999.000
202602280024,   1.357,   1.800,9999.000,9999.000,9999.000,9999.000,9999.000,9999.000,9999.000
202602280030,   1.352,   1.869,9999.000,9999.000,9999.000,9999.000,9999.000,9999.000,9999.000
202602280036,   1.348,   1.679,9999.000,9999.000,9999.000,9999.000,9999.000,9999.000,9999.000
202602280042,   1.345,   1.767,9999.000,9999.000,9999.000,9999.000,9999.000,9999.000,9999.000
202602280048,   1.342,   1.820,9999.000,9999.000,9999.000,9999.000,9999.000,9999.000,9999.000
202602280054,   1.340,   1.790,9999.000,9999.000,9999.000,9999.000,9999.000,9999.000,9999.000
202602280100,   1.338,   1.758,   0.700,  -0.280,   1.758,   0.600,   1.658,   0.700,   1.758
202602280106,   1.337,   1.758,9999.000,9999.000,9999.000,9999.000,9999.000,9999.000,9999.000
202602280112,   1.336,   1.781,9999.000,9999.000,9999.000,9999.000,9999.000,9999.000,9999.000
202602280118,   1.336,   1.781,9999.000,9999.000,9999.000,9999.000,9999.000,9999.000,9999.000
202602280124,   1.337,   1.758,9999.000,9999.000,9999.000,9999.000,9999.000,9999.000,9999.000
202602280130,   1.338,   1.767,9999.000,9999.000,9999.000,9999.000,9999.000,9999.000,9999.000
202602280136,   1.339,   1.908,9999.000,9999.000,9999.000,9999.000,9999.000,9999.000,9999.000
202602280142,   1.341,   1.840,9999.000,9999.000,9999.000,9999.000,9999.000,9999.000,9999.000
202602280148,   1.343,   1.810,9999.000,9999.000,9999.000,9999.000,9999.000,9999.000,9999.000
202602280154,   1.346,   1.849,9999.000,9999.000,9999.000,9999.000,9999.000,9999.000,9999.000
202602280200,   1.349,   1.840,   0.700,  -0.209,   1.840,   0.600,   1.740,   0.700,   1.840
202602280206,   1.352,   1.840,9999.000,9999.000,9999.000,9999.000,9999.000,9999.000,9999.000
202602280212,   1.355,   1.859,9999.000,9999.000,9999.000,9999.000,9999.000,9999.000,9999.000
202602280218,   1.358,   1.239,9999.000,9999.000,9999.000,9999.000,9999.000,9999.000,9999.000
202602280224,   1.362,   1.679,9999.000,9999.000,9999.000,9999.000,9999.000,9999.000,9999.000
202602280230,   1.366,   1.899,9999.000,9999.000,9999.000,9999.000,9999.000,9999.000,9999.000
202602280236,   1.370,   1.859,9999.000,9999.000,9999.000,9999.000,9999.000,9999.000,9999.000
202602280242,   1.374,   1.840,9999.000,9999.000,9999.000,9999.000,9999.000,9999.000,9999.000
202602280248,   1.378,   1.810,9999.000,9999.000,9999.000,9999.000,9999.000,9999.000,9999.000
202602280254,   1.382,   1.938,9999.000,9999.000,9999.000,9999.000,9999.000,9999.000,9999.000
202602280300,   1.386,   1.981,   0.700,  -0.105,   1.981,   0.600,   1.881,   0.700,   1.981
202602280306,   1.389,   1.928,9999.000,9999.000,9999.000,9999.000,9999.000,9999.000,9999.000
202602280312,   1.393,   1.948,9999.000,9999.000,9999.000,9999.000,9999.000,9999.000,9999.000
202602280318,   1.397,   1.948,9999.000,9999.000,9999.000,9999.000,9999.000,9999.000,9999.000
202602280324,   1.401,   2.010,9999.000,9999.000,9999.000,9999.000,9999.000,9999.000,9999.000
202602280330,   1.404,   1.981,9999.000,9999.000,9999.000,9999.000,9999.000,9999.000,9999.000
202602280336,   1.408,   1.967,9999.000,9999.000,9999.000,9999.000,9999.000,9999.000,9999.000
202602280342,   1.411,   1.928,9999.000,9999.000,9999.000,9999.000,9999.000,9999.000,9999.000
202602280348,   1.414,   1.918,9999.000,9999.000,9999.000,9999.000,9999.000,9999.000,9999.000
202602280354,   1.417,   2.010,9999.000,9999.000,9999.000,9999.000,9999.000,9999.000,9999.000
202602280400,   1.419,   2.010,   0.600,  -0.009,   2.010,   0.600,   2.010,   0.700,   2.110
202602280406,   1.421,   1.859,9999.000,9999.000,9999.000,9999.000,9999.000,9999.000,9999.000
202602280412,   1.423,   1.928,9999.000,9999.000,9999.000,9999.000,9999.000,9999.000,9999.000
202602280418,   1.424,   2.138,9999.000,9999.000,9999.000,9999.000,9999.000,9999.000,9999.000
202602280424,   1.425,   2.079,9999.000,9999.000,9999.000,9999.000,9999.000,9999.000,9999.000
202602280430,   1.426,   2.000,9999.000,9999.000,9999.000,9999.000,9999.000,9999.000,9999.000
202602280436,   1.426,   1.990,9999.000,9999.000,9999.000,9999.000,9999.000,9999.000,9999.000
202602280442,   1.425,   2.020,9999.000,9999.000,9999.000,9999.000,9999.000,9999.000,9999.000
202602280448,   1.424,   2.020,9999.000,9999.000,9999.000,9999.000,9999.000,9999.000,9999.000
202602280454,   1.422,   1.767,9999.000,9999.000,9999.000,9999.000,9999.000,9999.000,9999.000
202602280500,   1.420,   1.840,   0.600,  -0.180,   1.840,   0.600,   1.840,   0.700,   1.940
202602280506,   1.417,   2.079,9999.000,9999.000,9999.000,9999.000,9999.000,9999.000,9999.000
202602280512,   1.413,   1.908,9999.000,9999.000,9999.000,9999.000,9999.000,9999.000,9999.000
202602280518,   1.408,   1.849,9999.000,9999.000,9999.000,9999.000,9999.000,9999.000,9999.000
202602280524,   1.403,   1.918,9999.000,9999.000,9999.000,9999.000,9999.000,9999.000,9999.000
202602280530,   1.397,   1.879,9999.000,9999.000,9999.000,9999.000,9999.000,9999.000,9999.000
202602280536,   1.389,   1.879,9999.000,9999.000,9999.000,9999.000,9999.000,9999.000,9999.000
202602280542,   1.381,   1.840,9999.000,9999.000,9999.000,9999.000,9999.000,9999.000,9999.000
202602280548,   1.372,   1.879,9999.000,9999.000,9999.000,9999.000,9999.000,9999.000,9999.000
202602280554,   1.361,   1.859,9999.000,9999.000,9999.000,9999.000,9999.000,9999.000,9999.000
202602280600,   1.350,   1.748,   0.600,  -0.202,   1.748,   0.600,   1.748,   0.600,   1.748
202602280606,   1.338,   1.728,9999.000,9999.000,9999.000,9999.000,9999.000,9999.000,9999.000
202602280612,   1.324,   1.767,9999.000,9999.000,9999.000,9999.000,9999.000,9999.000,9999.000
202602280618,   1.309,   1.758,9999.000,9999.000,9999.000,9999.000,9999.000,9999.000,9999.000
202602280624,   1.293,   1.748,9999.000,9999.000,9999.000,9999.000,9999.000,9999.000,9999.000
202602280630,   1.276,   1.728,9999.000,9999.000,9999.000,9999.000,9999.000,9999.000,9999.000
202602280636,   1.258,   1.738,9999.000,9999.000,9999.000,9999.000,9999.000,9999.000,9999.000
202602280642,   1.238,   1.708,9999.000,9999.000,9999.000,9999.000,9999.000,9999.000,9999.000
202602280648,   1.218,   1.699,9999.000,9999.000,9999.000,9999.000,9999.000,9999.000,9999.000
202602280654,   1.196,   1.728,9999.000,9999.000,9999.000,9999.000,9999.000,9999.000,9999.000
202602280700,   1.172,   1.679,   0.500,   0.007,   1.679,   0.500,   1.679,   0.600,   1.779
202602280706,   1.148,   1.630,9999.000,9999.000,9999.000,9999.000,9999.000,9999.000,9999.000
202602280712,   1.122,   1.580,9999.000,9999.000,9999.000,9999.000,9999.000,9999.000,9999.000
202602280718,   1.095,   1.571,9999.000,9999.000,9999.000,9999.000,9999.000,9999.000,9999.000
202602280724,   1.067,   1.548,9999.000,9999.000,9999.000,9999.000,9999.000,9999.000,9999.000
202602280730,   1.037,   1.498,9999.000,9999.000,9999.000,9999.000,9999.000,9999.000,9999.000
202602280736,   1.007,   1.479,9999.000,9999.000,9999.000,9999.000,9999.000,9999.000,9999.000
202602280742,   0.975,   1.479,9999.000,9999.000,9999.000,9999.000,9999.000,9999.000,9999.000
202602280748,   0.942,   1.449,9999.000,9999.000,9999.000,9999.000,9999.000,9999.000,9999.000
202602280754,   0.908,   1.430,9999.000,9999.000,9999.000,9999.000,9999.000,9999.000,9999.000
202602280800,   0.873,   1.390,   0.500,   0.017,   1.390,   0.500,   1.390,   0.600,   1.490
202602280806,   0.836,   1.361,9999.000,9999.000,9999.000,9999.000,9999.000,9999.000,9999.000
202602280812,   0.799,   1.328,9999.000,9999.000,9999.000,9999.000,9999.000,9999.000,9999.000
202602280818,   0.761,   1.289,9999.000,9999.000,9999.000,9999.000,9999.000,9999.000,9999.000
202602280824,   0.721,   1.259,9999.000,9999.000,9999.000,9999.000,9999.000,9999.000,9999.000
202602280830,   0.681,   1.229,9999.000,9999.000,9999.000,9999.000,9999.000,9999.000,9999.000
202602280836,   0.640,   1.190,9999.000,9999.000,9999.000,9999.000,9999.000,9999.000,9999.000
202602280842,   0.598,   1.128,9999.000,9999.000,9999.000,9999.000,9999.000,9999.000,9999.000
202602280848,   0.555,   1.069,9999.000,9999.000,9999.000,9999.000,9999.000,9999.000,9999.000
202602280854,   0.511,   1.020,9999.000,9999.000,9999.000,9999.000,9999.000,9999.000,9999.000
202602280900,   0.467,   0.970,   0.500,   0.003,   0.970,   0.500,   0.970,   0.600,   1.070
202602280906,   0.422,   0.908,9999.000,9999.000,9999.000,9999.000,9999.000,9999.000,9999.000
202602280912,   0.377,   0.839,9999.000,9999.000,9999.000,9999.000,9999.000,9999.000,9999.000
202602280918,   0.331,   0.790,9999.000,9999.000,9999.000,9999.000,9999.000,9999.000,9999.000
202602280924,   0.285,   0.718,9999.000,9999.000,9999.000,9999.000,9999.000,9999.000,9999.000
202602280930,   0.239,   0.659,9999.000,9999.000,9999.000,9999.000,9999.000,9999.000,9999.000
202602280936,   0.192,   0.600,9999.000,9999.000,9999.000,9999.000,9999.000,9999.000,9999.000
202602280942,   0.145,   0.560,9999.000,9999.000,9999.000,9999.000,9999.000,9999.000,9999.000
202602280948,   0.099,   0.508,9999.000,9999.000,9999.000,9999.000,9999.000,9999.000,9999.000
202602280954,   0.052,   0.469,9999.000,9999.000,9999.000,9999.000,9999.000,9999.000,9999.000
202602281000,   0.006,   0.429,   0.500,  -0.077,   0.429,   0.500,   0.429,   0.600,   0.529
202602281006,  -0.039,   0.390,9999.000,9999.000,9999.000,9999.000,9999.000,9999.000,9999.000
202602281012,  -0.085,   0.341,9999.000,9999.000,9999.000,9999.000,9999.000,9999.000,9999.000
202602281018,  -0.130,   0.288,9999.000,9999.000,9999.000,9999.000,9999.000,9999.000,9999.000
202602281024,  -0.174,   0.259,9999.000,9999.000,9999.000,9999.000,9999.000,9999.000,9999.000
202602281030,  -0.217,   0.239,9999.000,9999.000,9999.000,9999.000,9999.000,9999.000,9999.000
202602281036,  -0.260,   0.180,9999.000,9999.000,9999.000,9999.000,9999.000,9999.000,9999.000
202602281042,  -0.301,   0.170,9999.000,9999.000,9999.000,9999.000,9999.000,9999.000,9999.000
202602281048,  -0.341,   0.098,9999.000,9999.000,9999.000,9999.000,9999.000,9999.000,9999.000
202602281054,  -0.380,   0.068,9999.000,9999.000,9999.000,9999.000,9999.000,9999.000,9999.000
202602281100,  -0.418,   0.000,   0.500,  -0.082,   0.000,   0.500,   0.000,   0.600,   0.100
202602281106,  -0.454,  -0.019,9999.000,9999.000,9999.000,9999.000,9999.000,9999.000,9999.000
202602281112,  -0.488,  -0.068,9999.000,9999.000,9999.000,9999.000,9999.000,9999.000,9999.000
202602281118,  -0.521,  -0.098,9999.000,9999.000,9999.000,9999.000,9999.000,9999.000,9999.000
202602281124,  -0.552,  -0.131,9999.000,9999.000,9999.000,9999.000,9999.000,9999.000,9999.000
202602281130,  -0.580,  -0.150,9999.000,9999.000,9999.000,9999.000,9999.000,9999.000,9999.000
202602281136,  -0.607,  -0.180,9999.000,9999.000,9999.000,9999.000,9999.000,9999.000,9999.000
202602281142,  -0.632,  -0.170,9999.000,9999.000,9999.000,9999.000,9999.000,9999.000,9999.000
202602281148,  -0.654,  -0.190,9999.000,9999.000,9999.000,9999.000,9999.000,9999.000,9999.000
202602281154,  -0.674,  -0.200,9999.000,9999.000,9999.000,9999.000,9999.000,9999.000,9999.000
202602281200,  -0.691,  -0.209,   0.600,  -0.118,  -0.209,   0.500,  -0.309,   0.600,  -0.209
202602281206,  -0.707,  -0.200,9999.000,9999.000,9999.000,9999.000,9999.000,9999.000,9999.000
202602281212,  -0.720,  -0.209,9999.000,9999.000,9999.000,9999.000,9999.000,9999.000,9999.000
202602281218,  -0.730,  -0.209,9999.000,9999.000,9999.000,9999.000,9999.000,9999.000,9999.000
202602281224,  -0.738,  -0.229,9999.000,9999.000,9999.000,9999.000,9999.000,9999.000,9999.000
202602281230,  -0.743,  -0.239,9999.000,9999.000,9999.000,9999.000,9999.000,9999.000,9999.000
202602281236,  -0.746,  -0.249,9999.000,9999.000,9999.000,9999.000,9999.000,9999.000,9999.000
202602281242,  -0.746,  -0.268,9999.000,9999.000,9999.000,9999.000,9999.000,9999.000,9999.000
202602281248,  -0.744,  -0.259,9999.000,9999.000,9999.000,9999.000,9999.000,9999.000,9999.000
202602281254,  -0.739,  -0.268,9999.000,9999.000,9999.000,9999.000,9999.000,9999.000,9999.000
202602281300,  -0.732,  -0.268,   0.600,  -0.136,  -0.268,   0.500,  -0.368,   0.600,  -0.268
202602281306,  -0.722,  -0.239,9999.000,9999.000,9999.000,9999.000,9999.000,9999.000,9999.000
202602281312,  -0.710,  -0.249,9999.000,9999.000,9999.000,9999.000,9999.000,9999.000,9999.000
202602281318,  -0.696,  -0.190,9999.000,9999.000,9999.000,9999.000,9999.000,9999.000,9999.000
202602281324,  -0.679,  -0.150,9999.000,9999.000,9999.000,9999.000,9999.000,9999.000,9999.000
202602281330,  -0.660,  -0.131,9999.000,9999.000,9999.000,9999.000,9999.000,9999.000,9999.000
202602281336,  -0.640,  -0.121,9999.000,9999.000,9999.000,9999.000,9999.000,9999.000,9999.000
202602281342,  -0.617,  -0.078,9999.000,9999.000,9999.000,9999.000,9999.000,9999.000,9999.000
202602281348,  -0.592,  -0.068,9999.000,9999.000,9999.000,9999.000,9999.000,9999.000,9999.000
202602281354,  -0.565,  -0.039,9999.000,9999.000,9999.000,9999.000,9999.000,9999.000,9999.000
202602281400,  -0.536,   0.009,   0.600,  -0.055,   0.009,   0.600,   0.009,   0.600,   0.009
202602281406,  -0.506,   0.059,9999.000,9999.000,9999.000,9999.000,9999.000,9999.000,9999.000
202602281412,  -0.474,  -0.059,9999.000,9999.000,9999.000,9999.000,9999.000,9999.000,9999.000
202602281418,  -0.440,   0.150,9999.000,9999.000,9999.000,9999.000,9999.000,9999.000,9999.000
202602281424,  -0.405,   0.029,9999.000,9999.000,9999.000,9999.000,9999.000,9999.000,9999.000
202602281430,  -0.368,   0.150,9999.000,9999.000,9999.000,9999.000,9999.000,9999.000,9999.000
202602281436,  -0.331,   0.209,9999.000,9999.000,9999.000,9999.000,9999.000,9999.000,9999.000
202602281442,  -0.292,   0.229,9999.000,9999.000,9999.000,9999.000,9999.000,9999.000,9999.000
202602281448,  -0.252,   0.268,9999.000,9999.000,9999.000,9999.000,9999.000,9999.000,9999.000
202602281454,  -0.211,   0.298,9999.000,9999.000,9999.000,9999.000,9999.000,9999.000,9999.000
202602281500,  -0.169,   0.308,   0.600,  -0.123,   0.308,   0.600,   0.308,   0.600,   0.308
202602281506,  -0.126,   0.341,9999.000,9999.000,9999.000,9999.000,9999.000,9999.000,9999.000
202602281512,  -0.082,   0.370,9999.000,9999.000,9999.000,9999.000,9999.000,9999.000,9999.000
202602281518,  -0.038,   0.419,9999.000,9999.000,9999.000,9999.000,9999.000,9999.000,9999.000
202602281524,   0.006,   0.488,9999.000,9999.000,9999.000,9999.000,9999.000,9999.000,9999.000
202602281530,   0.051,   0.541,9999.000,9999.000,9999.000,9999.000,9999.000,9999.000,9999.000
202602281536,   0.097,   0.590,9999.000,9999.000,9999.000,9999.000,9999.000,9999.000,9999.000
202602281542,   0.143,   0.629,9999.000,9999.000,9999.000,9999.000,9999.000,9999.000,9999.000
202602281548,   0.189,   0.708,9999.000,9999.000,9999.000,9999.000,9999.000,9999.000,9999.000
202602281554,   0.236,   0.829,9999.000,9999.000,9999.000,9999.000,9999.000,9999.000,9999.000
202602281600,   0.283,   0.898,   0.600,   0.015,   0.898,   0.600,   0.898,   0.600,   0.898
202602281606,   0.329,   0.810,9999.000,9999.000,9999.000,9999.000,9999.000,9999.000,9999.000
202602281612,   0.376,   1.020,9999.000,9999.000,9999.000,9999.000,9999.000,9999.000,9999.000
202602281618,   0.422,   1.039,9999.000,9999.000,9999.000,9999.000,9999.000,9999.000,9999.000
202602281624,   0.469,   1.010,9999.000,9999.000,9999.000,9999.000,9999.000,9999.000,9999.000
202602281630,   0.515,   1.200,9999.000,9999.000,9999.000,9999.000,9999.000,9999.000,9999.000
202602281636,   0.560,   1.239,9999.000,9999.000,9999.000,9999.000,9999.000,9999.000,9999.000
202602281642,   0.605,   1.289,9999.000,9999.000,9999.000,9999.000,9999.000,9999.000,9999.000
202602281648,   0.650,   1.318,9999.000,9999.000,9999.000,9999.000,9999.000,9999.000,9999.000
202602281654,   0.695,   1.380,9999.000,9999.000,9999.000,9999.000,9999.000,9999.000,9999.000
202602281700,   0.738,   1.469,   0.600,   0.131,   1.469,   0.600,   1.469,   0.600,   1.469
202602281706,   0.781,   1.420,9999.000,9999.000,9999.000,9999.000,9999.000,9999.000,9999.000
202602281712,   0.824,   1.580,9999.000,9999.000,9999.000,9999.000,9999.000,9999.000,9999.000
202602281718,   0.865,   1.620,9999.000,9999.000,9999.000,9999.000,9999.000,9999.000,9999.000
202602281724,   0.906,   1.600,9999.000,9999.000,9999.000,9999.000,9999.000,9999.000,9999.000
202602281730,   0.946,   1.758,9999.000,9999.000,9999.000,9999.000,9999.000,9999.000,9999.000
202602281736,   0.985,   1.820,9999.000,9999.000,9999.000,9999.000,9999.000,9999.000,9999.000
202602281742,   1.023,   1.879,9999.000,9999.000,9999.000,9999.000,9999.000,9999.000,9999.000
202602281748,   1.060,   1.899,9999.000,9999.000,9999.000,9999.000,9999.000,9999.000,9999.000
202602281754,   1.097,   1.938,9999.000,9999.000,9999.000,9999.000,9999.000,9999.000,9999.000
202602281800,   1.132,   1.990,   0.600,   0.258,   1.990,   0.600,   1.990,   0.700,   2.090
202602281806,   1.166,   1.938,9999.000,9999.000,9999.000,9999.000,9999.000,9999.000,9999.000
202602281812,   1.199,   1.928,9999.000,9999.000,9999.000,9999.000,9999.000,9999.000,9999.000
202602281818,   1.231,   1.967,9999.000,9999.000,9999.000,9999.000,9999.000,9999.000,9999.000
202602281824,   1.262,   2.059,9999.000,9999.000,9999.000,9999.000,9999.000,9999.000,9999.000
202602281830,   1.291,   2.069,9999.000,9999.000,9999.000,9999.000,9999.000,9999.000,9999.000
202602281836,   1.320,   2.118,9999.000,9999.000,9999.000,9999.000,9999.000,9999.000,9999.000
202602281842,   1.347,   2.200,9999.000,9999.000,9999.000,9999.000,9999.000,9999.000,9999.000
202602281848,   1.374,   2.200,9999.000,9999.000,9999.000,9999.000,9999.000,9999.000,9999.000
202602281854,   1.399,   2.148,9999.000,9999.000,9999.000,9999.000,9999.000,9999.000,9999.000
202602281900,   1.423,   2.177,   0.600,   0.154,   2.177,   0.600,   2.177,   0.700,   2.277
202602281906,   1.445,   2.250,9999.000,9999.000,9999.000,9999.000,9999.000,9999.000,9999.000
202602281912,   1.467,   2.240,9999.000,9999.000,9999.000,9999.000,9999.000,9999.000,9999.000
202602281918,   1.488,   2.210,9999.000,9999.000,9999.000,9999.000,9999.000,9999.000,9999.000
202602281924,   1.507,   2.240,9999.000,9999.000,9999.000,9999.000,9999.000,9999.000,9999.000
202602281930,   1.525,   2.289,9999.000,9999.000,9999.000,9999.000,9999.000,9999.000,9999.000
202602281936,   1.542,   2.299,9999.000,9999.000,9999.000,9999.000,9999.000,9999.000,9999.000
202602281942,   1.558,   2.289,9999.000,9999.000,9999.000,9999.000,9999.000,9999.000,9999.000
202602281948,   1.572,   2.328,9999.000,9999.000,9999.000,9999.000,9999.000,9999.000,9999.000
202602281954,   1.586,   2.318,9999.000,9999.000,9999.000,9999.000,9999.000,9999.000,9999.000
202602282000,   1.598,   2.309,   0.600,   0.111,   2.309,   0.600,   2.309,   0.700,   2.409
202602282006,   1.609,   2.338,9999.000,9999.000,9999.000,9999.000,9999.000,9999.000,9999.000
202602282012,   1.619,   2.338,9999.000,9999.000,9999.000,9999.000,9999.000,9999.000,9999.000
202602282018,   1.627,   2.338,9999.000,9999.000,9999.000,9999.000,9999.000,9999.000,9999.000
202602282024,   1.635,   2.368,9999.000,9999.000,9999.000,9999.000,9999.000,9999.000,9999.000
202602282030,   1.641,   2.368,9999.000,9999.000,9999.000,9999.000,9999.000,9999.000,9999.000
202602282036,   1.646,   2.358,9999.000,9999.000,9999.000,9999.000,9999.000,9999.000,9999.000
202602282042,   1.650,   2.348,9999.000,9999.000,9999.000,9999.000,9999.000,9999.000,9999.000
202602282048,   1.653,   2.318,9999.000,9999.000,9999.000,9999.000,9999.000,9999.000,9999.000
202602282054,   1.655,   2.358,9999.000,9999.000,9999.000,9999.000,9999.000,9999.000,9999.000
202602282100,   1.655,   2.309,   0.600,   0.054,   2.309,   0.600,   2.309,   0.700,   2.409
202602282106,   1.654,   2.299,9999.000,9999.000,9999.000,9999.000,9999.000,9999.000,9999.000
202602282112,   1.653,   2.269,9999.000,9999.000,9999.000,9999.000,9999.000,9999.000,9999.000
202602282118,   1.650,   2.259,9999.000,9999.000,9999.000,9999.000,9999.000,9999.000,9999.000
202602282124,   1.646,   2.210,9999.000,9999.000,9999.000,9999.000,9999.000,9999.000,9999.000
202602282130,   1.640,   2.230,9999.000,9999.000,9999.000,9999.000,9999.000,9999.000,9999.000
202602282136,   1.634,   2.210,9999.000,9999.000,9999.000,9999.000,9999.000,9999.000,9999.000
202602282142,   1.627,   2.220,9999.000,9999.000,9999.000,9999.000,9999.000,9999.000,9999.000
202602282148,   1.619,   2.200,9999.000,9999.000,9999.000,9999.000,9999.000,9999.000,9999.000
202602282154,   1.610,   2.168,9999.000,9999.000,9999.000,9999.000,9999.000,9999.000,9999.000
202602282200,   1.600,   2.138,   0.600,  -0.062,   2.138,   0.600,   2.138,   0.700,   2.238
202602282206,   1.589,   2.099,9999.000,9999.000,9999.000,9999.000,9999.000,9999.000,9999.000
202602282212,   1.577,   2.069,9999.000,9999.000,9999.000,9999.000,9999.000,9999.000,9999.000
202602282218,   1.565,   2.049,9999.000,9999.000,9999.000,9999.000,9999.000,9999.000,9999.000
202602282224,   1.552,   2.000,9999.000,9999.000,9999.000,9999.000,9999.000,9999.000,9999.000
202602282230,   1.538,   1.990,9999.000,9999.000,9999.000,9999.000,9999.000,9999.000,9999.000
202602282236,   1.524,   1.990,9999.000,9999.000,9999.000,9999.000,9999.000,9999.000,9999.000
202602282242,   1.509,   1.981,9999.000,9999.000,9999.000,9999.000,9999.000,9999.000,9999.000
202602282248,   1.494,   1.928,9999.000,9999.000,9999.000,9999.000,9999.000,9999.000,9999.000
202602282254,   1.479,   1.879,9999.000,9999.000,9999.000,9999.000,9999.000,9999.000,9999.000
202602282300,   1.463,   1.869,   0.700,  -0.294,   1.869,   0.600,   1.769,   0.700,   1.869
202602282306,   1.448,   1.830,9999.000,9999.000,9999.000,9999.000,9999.000,9999.000,9999.000
202602282312,   1.432,   1.830,9999.000,9999.000,9999.000,9999.000,9999.000,9999.000,9999.000
202602282318,   1.416,   1.810,9999.000,9999.000,9999.000,9999.000,9999.000,9999.000,9999.000
202602282324,   1.401,   1.810,9999.000,9999.000,9999.000,9999.000,9999.000,9999.000,9999.000
202602282330,   1.385,   1.767,9999.000,9999.000,9999.000,9999.000,9999.000,9999.000,9999.000
202602282336,   1.370,   1.781,9999.000,9999.000,9999.000,9999.000,9999.000,9999.000,9999.000
202602282342,   1.355,   1.758,9999.000,9999.000,9999.000,9999.000,9999.000,9999.000,9999.000
202602282348,   1.341,   1.767,9999.000,9999.000,9999.000,9999.000,9999.000,9999.000,9999.000
202602282354,   1.326,   1.721,9999.000,9999.000,9999.000,9999.000,9999.000,9999.000,9999.000
202603010000,   1.313,   1.721,   0.700,  -0.292,   1.721,   0.700,   1.721,   0.700,   1.721
202603010006,   1.300,9999.000,9999.000,9999.000,9999.000,9999.000,9999.000,9999.000,9999.000
202603010012,   1.288,9999.000,9999.000,9999.000,9999.000,9999.000,9999.000,9999.000,9999.000
202603010018,   1.276,9999.000,9999.000,9999.000,9999.000,9999.000,9999.000,9999.000,9999.000
202603010024,   1.265,   1.699,9999.000,9999.000,9999.000,9999.000,9999.000,9999.000,9999.000
202603010030,   1.255,9999.000,9999.000,9999.000,9999.000,9999.000,9999.000,9999.000,9999.000
202603010036,   1.246,9999.000,9999.000,9999.000,9999.000,9999.000,9999.000,9999.000,9999.000
202603010042,   1.237,9999.000,9999.000,9999.000,9999.000,9999.000,9999.000,9999.000,9999.000
202603010048,   1.229,   1.718,9999.000,9999.000,9999.000,9999.000,9999.000,9999.000,9999.000
202603010054,   1.223,   1.708,9999.000,9999.000,9999.000,9999.000,9999.000,9999.000,9999.000
202603010100,   1.217,   1.699,   0.700,  -0.218,   1.699,   0.700,   1.699,   0.700,   1.699
202603010106,   1.211,   1.699,9999.000,9999.000,9999.000,9999.000,9999.000,9999.000,9999.000
202603010112,   1.207,   1.738,9999.000,9999.000,9999.000,9999.000,9999.000,9999.000,9999.000
202603010118,   1.204,   1.767,9999.000,9999.000,9999.000,9999.000,9999.000,9999.000,9999.000
202603010124,   1.201,   1.748,9999.000,9999.000,9999.000,9999.000,9999.000,9999.000,9999.000
202603010130,   1.199,   1.718,9999.000,9999.000,9999.000,9999.000,9999.000,9999.000,9999.000
202603010136,   1.198,   1.718,9999.000,9999.000,9999.000,9999.000,9999.000,9999.000,9999.000
202603010142,   1.198,   1.718,9999.000,9999.000,9999.000,9999.000,9999.000,9999.000,9999.000
202603010148,   1.199,   1.708,9999.000,9999.000,9999.000,9999.000,9999.000,9999.000,9999.000
202603010154,   1.200,   1.708,9999.000,9999.000,9999.000,9999.000,9999.000,9999.000,9999.000
202603010200,   1.203,   1.738,   0.700,  -0.165,   1.738,   0.700,   1.738,   0.800,   1.838
202603010206,   1.205,   1.718,9999.000,9999.000,9999.000,9999.000,9999.000,9999.000,9999.000
202603010212,   1.209,   1.708,9999.000,9999.000,9999.000,9999.000,9999.000,9999.000,9999.000
202603010218,   1.213,   1.718,9999.000,9999.000,9999.000,9999.000,9999.000,9999.000,9999.000
202603010224,   1.218,   1.790,9999.000,9999.000,9999.000,9999.000,9999.000,9999.000,9999.000
202603010230,   1.223,   1.938,9999.000,9999.000,9999.000,9999.000,9999.000,9999.000,9999.000
202603010236,   1.229,   1.630,9999.000,9999.000,9999.000,9999.000,9999.000,9999.000,9999.000
202603010242,   1.236,   1.679,9999.000,9999.000,9999.000,9999.000,9999.000,9999.000,9999.000
202603010248,   1.243,   1.781,9999.000,9999.000,9999.000,9999.000,9999.000,9999.000,9999.000
202603010254,   1.251,   1.767,9999.000,9999.000,9999.000,9999.000,9999.000,9999.000,9999.000
202603010300,   1.258,   1.830,   0.700,  -0.128,   1.830,   0.700,   1.830,   0.800,   1.930
202603010306,   1.267,   1.781,9999.000,9999.000,9999.000,9999.000,9999.000,9999.000,9999.000
202603010312,   1.275,   1.840,9999.000,9999.000,9999.000,9999.000,9999.000,9999.000,9999.000
202603010318,   1.284,   1.840,9999.000,9999.000,9999.000,9999.000,9999.000,9999.000,9999.000
202603010324,   1.294,   1.840,9999.000,9999.000,9999.000,9999.000,9999.000,9999.000,9999.000
202603010330,   1.303,   1.859,9999.000,9999.000,9999.000,9999.000,9999.000,9999.000,9999.000
202603010336,   1.313,   1.918,9999.000,9999.000,9999.000,9999.000,9999.000,9999.000,9999.000
202603010342,   1.323,   1.830,9999.000,9999.000,9999.000,9999.000,9999.000,9999.000,9999.000
202603010348,   1.333,   1.889,9999.000,9999.000,9999.000,9999.000,9999.000,9999.000,9999.000
202603010354,   1.343,   1.948,9999.000,9999.000,9999.000,9999.000,9999.000,9999.000,9999.000
202603010400,   1.353,   1.967,   0.700,  -0.086,   1.967,   0.700,   1.967,   0.700,   1.967
202603010406,   1.363,   2.000,9999.000,9999.000,9999.000,9999.000,9999.000,9999.000,9999.000
202603010412,   1.373,   1.981,9999.000,9999.000,9999.000,9999.000,9999.000,9999.000,9999.000
202603010418,   1.383,   2.030,9999.000,9999.000,9999.000,9999.000,9999.000,9999.000,9999.000
202603010424,   1.393,   2.040,9999.000,9999.000,9999.000,9999.000,9999.000,9999.000,9999.000
202603010430,   1.403,   2.049,9999.000,9999.000,9999.000,9999.000,9999.000,9999.000,9999.000
202603010436,   1.412,   2.079,9999.000,9999.000,9999.000,9999.000,9999.000,9999.000,9999.000
202603010442,   1.421,   2.069,9999.000,9999.000,9999.000,9999.000,9999.000,9999.000,9999.000
202603010448,   1.430,   2.089,9999.000,9999.000,9999.000,9999.000,9999.000,9999.000,9999.000
202603010454,   1.438,   2.079,9999.000,9999.000,9999.000,9999.000,9999.000,9999.000,9999.000
202603010500,   1.446,   2.128,   0.700,  -0.018,   2.128,   0.700,   2.128,   0.700,   2.128
202603010506,   1.454,   2.079,9999.000,9999.000,9999.000,9999.000,9999.000,9999.000,9999.000
202603010512,   1.461,   2.109,9999.000,9999.000,9999.000,9999.000,9999.000,9999.000,9999.000
202603010518,   1.467,   2.158,9999.000,9999.000,9999.000,9999.000,9999.000,9999.000,9999.000
202603010524,   1.472,   1.830,9999.000,9999.000,9999.000,9999.000,9999.000,9999.000,9999.000
202603010530,   1.477,   2.138,9999.000,9999.000,9999.000,9999.000,9999.000,9999.000,9999.000
202603010536,   1.482,   2.109,9999.000,9999.000,9999.000,9999.000,9999.000,9999.000,9999.000
202603010542,   1.485,   2.109,9999.000,9999.000,9999.000,9999.000,9999.000,9999.000,9999.000
202603010548,   1.488,   2.079,9999.000,9999.000,9999.000,9999.000,9999.000,9999.000,9999.000
202603010554,   1.489,   2.049,9999.000,9999.000,9999.000,9999.000,9999.000,9999.000,9999.000
202603010600,   1.490,   2.148,   0.700,  -0.042,   2.148,   0.700,   2.148,   0.700,   2.148
202603010606,   1.490,   2.089,9999.000,9999.000,9999.000,9999.000,9999.000,9999.000,9999.000
202603010612,   1.489,   2.059,9999.000,9999.000,9999.000,9999.000,9999.000,9999.000,9999.000
202603010618,   1.487,   2.079,9999.000,9999.000,9999.000,9999.000,9999.000,9999.000,9999.000
202603010624,   1.484,   2.079,9999.000,9999.000,9999.000,9999.000,9999.000,9999.000,9999.000
202603010630,   1.479,   2.049,9999.000,9999.000,9999.000,9999.000,9999.000,9999.000,9999.000
202603010636,   1.474,   2.049,9999.000,9999.000,9999.000,9999.000,9999.000,9999.000,9999.000
202603010642,   1.468,   2.030,9999.000,9999.000,9999.000,9999.000,9999.000,9999.000,9999.000
202603010648,   1.460,   2.020,9999.000,9999.000,9999.000,9999.000,9999.000,9999.000,9999.000
202603010654,   1.452,   2.040,9999.000,9999.000,9999.000,9999.000,9999.000,9999.000,9999.000
202603010700,   1.442,   2.020,   0.700,  -0.122,   2.020,   0.700,   2.020,   0.700,   2.020
202603010706,   1.431,   1.967,9999.000,9999.000,9999.000,9999.000,9999.000,9999.000,9999.000
202603010712,   1.418,   1.990,9999.000,9999.000,9999.000,9999.000,9999.000,9999.000,9999.000
202603010718,   1.405,   2.000,9999.000,9999.000,9999.000,9999.000,9999.000,9999.000,9999.000
202603010724,   1.390,   2.010,9999.000,9999.000,9999.000,9999.000,9999.000,9999.000,9999.000
202603010730,   1.374,   1.967,9999.000,9999.000,9999.000,9999.000,9999.000,9999.000,9999.000
202603010736,   1.357,   1.948,9999.000,9999.000,9999.000,9999.000,9999.000,9999.000,9999.000
202603010742,   1.338,   1.928,9999.000,9999.000,9999.000,9999.000,9999.000,9999.000,9999.000
202603010748,   1.318,   1.928,9999.000,9999.000,9999.000,9999.000,9999.000,9999.000,9999.000
202603010754,   1.297,   1.908,9999.000,9999.000,9999.000,9999.000,9999.000,9999.000,9999.000
202603010800,   1.275,   1.899,   0.700,  -0.076,   1.899,   0.700,   1.899,   0.700,   1.899
202603010806,   1.251,   1.859,9999.000,9999.000,9999.000,9999.000,9999.000,9999.000,9999.000
202603010812,   1.226,   1.849,9999.000,9999.000,9999.000,9999.000,9999.000,9999.000,9999.000
202603010818,   1.200,   1.830,9999.000,9999.000,9999.000,9999.000,9999.000,9999.000,9999.000
202603010824,   1.172,   1.820,9999.000,9999.000,9999.000,9999.000,9999.000,9999.000,9999.000
202603010830,   1.143,   1.790,9999.000,9999.000,9999.000,9999.000,9999.000,9999.000,9999.000
202603010836,   1.112,   1.748,9999.000,9999.000,9999.000,9999.000,9999.000,9999.000,9999.000
202603010842,   1.081,   1.728,9999.000,9999.000,9999.000,9999.000,9999.000,9999.000,9999.000
202603010848,   1.048,   1.699,9999.000,9999.000,9999.000,9999.000,9999.000,9999.000,9999.000
202603010854,   1.013,   1.659,9999.000,9999.000,9999.000,9999.000,9999.000,9999.000,9999.000
202603010900,   0.978,   1.600,   0.700,  -0.078,   1.600,   0.700,   1.600,   0.800,   1.700
202603010906,   0.941,   1.557,9999.000,9999.000,9999.000,9999.000,9999.000,9999.000,9999.000
202603010912,   0.903,   1.548,9999.000,9999.000,9999.000,9999.000,9999.000,9999.000,9999.000
202603010918,   0.864,   1.498,9999.000,9999.000,9999.000,9999.000,9999.000,9999.000,9999.000
202603010924,   0.823,   1.469,9999.000,9999.000,9999.000,9999.000,9999.000,9999.000,9999.000
202603010930,   0.782,   1.430,9999.000,9999.000,9999.000,9999.000,9999.000,9999.000,9999.000
202603010936,   0.739,   1.371,9999.000,9999.000,9999.000,9999.000,9999.000,9999.000,9999.000
202603010942,   0.696,   1.318,9999.000,9999.000,9999.000,9999.000,9999.000,9999.000,9999.000
202603010948,   0.652,   1.289,9999.000,9999.000,9999.000,9999.000,9999.000,9999.000,9999.000
202603010954,   0.606,   1.249,9999.000,9999.000,9999.000,9999.000,9999.000,9999.000,9999.000
202603011000,   0.560,   1.200,   0.700,  -0.060,   1.200,   0.700,   1.200,   0.800,   1.300
202603011006,   0.514,   1.128,9999.000,9999.000,9999.000,9999.000,9999.000,9999.000,9999.000
202603011012,   0.466,   1.059,9999.000,9999.000,9999.000,9999.000,9999.000,9999.000,9999.000
202603011018,   0.419,   1.010,9999.000,9999.000,9999.000,9999.000,9999.000,9999.000,9999.000
202603011024,   0.371,   0.951,9999.000,9999.000,9999.000,9999.000,9999.000,9999.000,9999.000
202603011030,   0.323,   0.888,9999.000,9999.000,9999.000,9999.000,9999.000,9999.000,9999.000
202603011036,   0.274,   0.829,9999.000,9999.000,9999.000,9999.000,9999.000,9999.000,9999.000
202603011042,   0.226,   0.770,9999.000,9999.000,9999.000,9999.000,9999.000,9999.000,9999.000
202603011048,   0.178,   0.718,9999.000,9999.000,9999.000,9999.000,9999.000,9999.000,9999.000
202603011054,   0.130,   0.659,9999.000,9999.000,9999.000,9999.000,9999.000,9999.000,9999.000
202603011100,   0.082,   0.600,   0.700,  -0.182,   0.600,   0.700,   0.600,   0.800,   0.700
202603011106,   0.035,   0.551,9999.000,9999.000,9999.000,9999.000,9999.000,9999.000,9999.000
202603011112,  -0.011,   0.498,9999.000,9999.000,9999.000,9999.000,9999.000,9999.000,9999.000
202603011118,  -0.056,   0.449,9999.000,9999.000,9999.000,9999.000,9999.000,9999.000,9999.000
202603011124,  -0.101,   0.400,9999.000,9999.000,9999.000,9999.000,9999.000,9999.000,9999.000
202603011130,  -0.145,   0.360,9999.000,9999.000,9999.000,9999.000,9999.000,9999.000,9999.000
202603011136,  -0.187,   0.308,9999.000,9999.000,9999.000,9999.000,9999.000,9999.000,9999.000
202603011142,  -0.228,   0.249,9999.000,9999.000,9999.000,9999.000,9999.000,9999.000,9999.000
202603011148,  -0.268,   0.200,9999.000,9999.000,9999.000,9999.000,9999.000,9999.000,9999.000
202603011154,  -0.306,   0.160,9999.000,9999.000,9999.000,9999.000,9999.000,9999.000,9999.000
202603011200,  -0.342,   0.111,   0.700,  -0.247,   0.111,   0.600,   0.011,   0.700,   0.111
202603011206,  -0.377,   0.098,9999.000,9999.000,9999.000,9999.000,9999.000,9999.000,9999.000
202603011212,  -0.410,   0.059,9999.000,9999.000,9999.000,9999.000,9999.000,9999.000,9999.000
202603011218,  -0.440,   0.039,9999.000,9999.000,9999.000,9999.000,9999.000,9999.000,9999.000
202603011224,  -0.469,  -0.009,9999.000,9999.000,9999.000,9999.000,9999.000,9999.000,9999.000
202603011230,  -0.495,  -0.039,9999.000,9999.000,9999.000,9999.000,9999.000,9999.000,9999.000
202603011236,  -0.520,  -0.068,9999.000,9999.000,9999.000,9999.000,9999.000,9999.000,9999.000
202603011242,  -0.542,  -0.098,9999.000,9999.000,9999.000,9999.000,9999.000,9999.000,9999.000
202603011248,  -0.561,  -0.131,9999.000,9999.000,9999.000,9999.000,9999.000,9999.000,9999.000
202603011254,  -0.579,  -0.160,9999.000,9999.000,9999.000,9999.000,9999.000,9999.000,9999.000
202603011300,  -0.594,  -0.200,   0.700,  -0.306,  -0.200,   0.600,  -0.300,   0.700,  -0.200
202603011306,  -0.606,  -0.209,9999.000,9999.000,9999.000,9999.000,9999.000,9999.000,9999.000
202603011312,  -0.616,  -0.229,9999.000,9999.000,9999.000,9999.000,9999.000,9999.000,9999.000
202603011318,  -0.624,  -0.239,9999.000,9999.000,9999.000,9999.000,9999.000,9999.000,9999.000
202603011324,  -0.629,  -0.249,9999.000,9999.000,9999.000,9999.000,9999.000,9999.000,9999.000
202603011330,  -0.631,  -0.249,9999.000,9999.000,9999.000,9999.000,9999.000,9999.000,9999.000
202603011336,  -0.631,  -0.259,9999.000,9999.000,9999.000,9999.000,9999.000,9999.000,9999.000
202603011342,  -0.629,  -0.249,9999.000,9999.000,9999.000,9999.000,9999.000,9999.000,9999.000
202603011348,  -0.624,  -0.239,9999.000,9999.000,9999.000,9999.000,9999.000,9999.000,9999.000
202603011354,  -0.617,  -0.239,9999.000,9999.000,9999.000,9999.000,9999.000,9999.000,9999.000
202603011400,  -0.607,  -0.219,   0.700,  -0.312,  -0.219,   0.600,  -0.319,   0.700,  -0.219
202603011406,  -0.595,  -0.200,9999.000,9999.000,9999.000,9999.000,9999.000,9999.000,9999.000
202603011412,  -0.581,  -0.180,9999.000,9999.000,9999.000,9999.000,9999.000,9999.000,9999.000
202603011418,  -0.565,  -0.150,9999.000,9999.000,9999.000,9999.000,9999.000,9999.000,9999.000
202603011424,  -0.546,  -0.141,9999.000,9999.000,9999.000,9999.000,9999.000,9999.000,9999.000
202603011430,  -0.525,  -0.121,9999.000,9999.000,9999.000,9999.000,9999.000,9999.000,9999.000
202603011436,  -0.503,  -0.098,9999.000,9999.000,9999.000,9999.000,9999.000,9999.000,9999.000
202603011442,  -0.478,  -0.059,9999.000,9999.000,9999.000,9999.000,9999.000,9999.000,9999.000
202603011448,  -0.452,  -0.049,9999.000,9999.000,9999.000,9999.000,9999.000,9999.000,9999.000
202603011454,  -0.423,  -0.009,9999.000,9999.000,9999.000,9999.000,9999.000,9999.000,9999.000
202603011500,  -0.393,   0.009,   0.700,  -0.298,   0.009,   0.600,  -0.091,   0.700,   0.009
202603011506,  -0.361,   0.029,9999.000,9999.000,9999.000,9999.000,9999.000,9999.000,9999.000
202603011512,  -0.328,   0.059,9999.000,9999.000,9999.000,9999.000,9999.000,9999.000,9999.000
202603011518,  -0.293,   0.078,9999.000,9999.000,9999.000,9999.000,9999.000,9999.000,9999.000
202603011524,  -0.257,   0.098,9999.000,9999.000,9999.000,9999.000,9999.000,9999.000,9999.000
202603011530,  -0.219,   0.160,9999.000,9999.000,9999.000,9999.000,9999.000,9999.000,9999.000
202603011536,  -0.180,   0.190,9999.000,9999.000,9999.000,9999.000,9999.000,9999.000,9999.000
202603011542,  -0.140,   0.249,9999.000,9999.000,9999.000,9999.000,9999.000,9999.000,9999.000
202603011548,  -0.099,   0.298,9999.000,9999.000,9999.000,9999.000,9999.000,9999.000,9999.000
202603011554,  -0.058,   0.331,9999.000,9999.000,9999.000,9999.000,9999.000,9999.000,9999.000
202603011600,  -0.015,   0.390,   0.700,  -0.295,   0.390,   0.700,   0.390,   0.700,   0.390
202603011606,   0.028,   0.590,9999.000,9999.000,9999.000,9999.000,9999.000,9999.000,9999.000
202603011612,   0.072,   0.508,9999.000,9999.000,9999.000,9999.000,9999.000,9999.000,9999.000
202603011618,   0.116,   0.498,9999.000,9999.000,9999.000,9999.000,9999.000,9999.000,9999.000
202603011624,   0.161,   0.551,9999.000,9999.000,9999.000,9999.000,9999.000,9999.000,9999.000
202603011630,   0.207,   0.590,9999.000,9999.000,9999.000,9999.000,9999.000,9999.000,9999.000
202603011636,   0.252,   0.688,9999.000,9999.000,9999.000,9999.000,9999.000,9999.000,9999.000
202603011642,   0.298,   0.708,9999.000,9999.000,9999.000,9999.000,9999.000,9999.000,9999.000
202603011648,   0.344,   0.780,9999.000,9999.000,9999.000,9999.000,9999.000,9999.000,9999.000
202603011654,   0.390,   0.819,9999.000,9999.000,9999.000,9999.000,9999.000,9999.000,9999.000
202603011700,   0.435,   0.888,   0.700,  -0.247,   0.888,   0.700,   0.888,   0.700,   0.888
202603011706,   0.481,   0.928,9999.000,9999.000,9999.000,9999.000,9999.000,9999.000,9999.000
202603011712,   0.526,   0.970,9999.000,9999.000,9999.000,9999.000,9999.000,9999.000,9999.000
202603011718,   0.571,   1.000,9999.000,9999.000,9999.000,9999.000,9999.000,9999.000,9999.000
202603011724,   0.615,   1.098,9999.000,9999.000,9999.000,9999.000,9999.000,9999.000,9999.000
202603011730,   0.659,   1.151,9999.000,9999.000,9999.000,9999.000,9999.000,9999.000,9999.000
202603011736,   0.702,   1.210,9999.000,9999.000,9999.000,9999.000,9999.000,9999.000,9999.000
202603011742,   0.745,   1.279,9999.000,9999.000,9999.000,9999.000,9999.000,9999.000,9999.000
202603011748,   0.787,   1.361,9999.000,9999.000,9999.000,9999.000,9999.000,9999.000,9999.000
202603011754,   0.828,   1.249,9999.000,9999.000,9999.000,9999.000,9999.000,9999.000,9999.000
202603011800,   0.868,   1.410,   0.600,  -0.058,   1.410,   0.600,   1.410,   0.700,   1.510
202603011806,   0.907,   1.449,9999.000,9999.000,9999.000,9999.000,9999.000,9999.000,9999.000
202603011812,   0.946,   1.538,9999.000,9999.000,9999.000,9999.000,9999.000,9999.000,9999.000
202603011818,   0.984,   1.590,9999.000,9999.000,9999.000,9999.000,9999.000,9999.000,9999.000
202603011824,   1.020,   1.571,9999.000,9999.000,9999.000,9999.000,9999.000,9999.000,9999.000
202603011830,   1.056,   1.639,9999.000,9999.000,9999.000,9999.000,9999.000,9999.000,9999.000
202603011836,   1.091,   1.699,9999.000,9999.000,9999.000,9999.000,9999.000,9999.000,9999.000
202603011842,   1.124,   1.758,9999.000,9999.000,9999.000,9999.000,9999.000,9999.000,9999.000
202603011848,   1.157,   1.810,9999.000,9999.000,9999.000,9999.000,9999.000,9999.000,9999.000
202603011854,   1.188,   1.849,9999.000,9999.000,9999.000,9999.000,9999.000,9999.000,9999.000
202603011900,   1.219,   1.889,   0.600,   0.070,   1.889,   0.600,   1.889,   0.700,   1.989
202603011906,   1.248,   1.908,9999.000,9999.000,9999.000,9999.000,9999.000,9999.000,9999.000
202603011912,   1.276,   1.918,9999.000,9999.000,9999.000,9999.000,9999.000,9999.000,9999.000
202603011918,   1.303,   1.948,9999.000,9999.000,9999.000,9999.000,9999.000,9999.000,9999.000
202603011924,   1.329,   1.981,9999.000,9999.000,9999.000,9999.000,9999.000,9999.000,9999.000
202603011930,   1.354,   2.020,9999.000,9999.000,9999.000,9999.000,9999.000,9999.000,9999.000
202603011936,   1.377,   2.010,9999.000,9999.000,9999.000,9999.000,9999.000,9999.000,9999.000
202603011942,   1.400,   2.059,9999.000,9999.000,9999.000,9999.000,9999.000,9999.000,9999.000
202603011948,   1.421,   2.099,9999.000,9999.000,9999.000,9999.000,9999.000,9999.000,9999.000
202603011954,   1.441,   2.138,9999.000,9999.000,9999.000,9999.000,9999.000,9999.000,9999.000
202603012000,   1.460,   2.177,   0.600,   0.117,   2.177,   0.600,   2.177,   0.700,   2.277
202603012006,   1.478,   2.220,9999.000,9999.000,9999.000,9999.000,9999.000,9999.000,9999.000
202603012012,   1.494,   2.279,9999.000,9999.000,9999.000,9999.000,9999.000,9999.000,9999.000
202603012018,   1.509,   2.309,9999.000,9999.000,9999.000,9999.000,9999.000,9999.000,9999.000
202603012024,   1.523,   2.318,9999.000,9999.000,9999.000,9999.000,9999.000,9999.000,9999.000
202603012030,   1.535,   2.250,9999.000,9999.000,9999.000,9999.000,9999.000,9999.000,9999.000
202603012036,   1.547,   2.400,9999.000,9999.000,9999.000,9999.000,9999.000,9999.000,9999.000
202603012042,   1.557,   2.459,9999.000,9999.000,9999.000,9999.000,9999.000,9999.000,9999.000
202603012048,   1.565,   1.810,9999.000,9999.000,9999.000,9999.000,9999.000,9999.000,9999.000
202603012054,   1.573,   2.299,9999.000,9999.000,9999.000,9999.000,9999.000,9999.000,9999.000
202603012100,   1.578,   2.368,   0.700,   0.090,   2.368,   0.600,   2.268,   0.700,   2.368
202603012106,   1.583,   2.368,9999.000,9999.000,9999.000,9999.000,9999.000,9999.000,9999.000
202603012112,   1.586,   2.368,9999.000,9999.000,9999.000,9999.000,9999.000,9999.000,9999.000
202603012118,   1.588,   2.368,9999.000,9999.000,9999.000,9999.000,9999.000,9999.000,9999.000
202603012124,   1.589,   2.377,9999.000,9999.000,9999.000,9999.000,9999.000,9999.000,9999.000
202603012130,   1.588,   2.387,9999.000,9999.000,9999.000,9999.000,9999.000,9999.000,9999.000
202603012136,   1.586,   2.348,9999.000,9999.000,9999.000,9999.000,9999.000,9999.000,9999.000
202603012142,   1.582,   2.318,9999.000,9999.000,9999.000,9999.000,9999.000,9999.000,9999.000
202603012148,   1.577,   2.420,9999.000,9999.000,9999.000,9999.000,9999.000,9999.000,9999.000
202603012154,   1.571,   1.958,9999.000,9999.000,9999.000,9999.000,9999.000,9999.000,9999.000
202603012200,   1.564,   2.299,   0.700,   0.035,   2.299,   0.600,   2.199,   0.700,   2.299
202603012206,   1.555,   2.279,9999.000,9999.000,9999.000,9999.000,9999.000,9999.000,9999.000
202603012212,   1.545,   2.289,9999.000,9999.000,9999.000,9999.000,9999.000,9999.000,9999.000
202603012218,   1.534,   2.259,9999.000,9999.000,9999.000,9999.000,9999.000,9999.000,9999.000
202603012224,   1.522,   2.259,9999.000,9999.000,9999.000,9999.000,9999.000,9999.000,9999.000
202603012230,   1.509,   2.299,9999.000,9999.000,9999.000,9999.000,9999.000,9999.000,9999.000
202603012236,   1.495,   2.210,9999.000,9999.000,9999.000,9999.000,9999.000,9999.000,9999.000
202603012242,   1.480,   2.191,9999.000,9999.000,9999.000,9999.000,9999.000,9999.000,9999.000
202603012248,   1.464,   2.128,9999.000,9999.000,9999.000,9999.000,9999.000,9999.000,9999.000
202603012254,   1.448,   2.099,9999.000,9999.000,9999.000,9999.000,9999.000,9999.000,9999.000
202603012300,   1.430,   2.138,   0.700,   0.008,   2.138,   0.700,   2.138,   0.700,   2.138
202603012306,   1.413,   2.099,9999.000,9999.000,9999.000,9999.000,9999.000,9999.000,9999.000
202603012312,   1.394,   2.079,9999.000,9999.000,9999.000,9999.000,9999.000,9999.000,9999.000
202603012318,   1.375,   2.040,9999.000,9999.000,9999.000,9999.000,9999.000,9999.000,9999.000
202603012324,   1.356,   1.990,9999.000,9999.000,9999.000,9999.000,9999.000,9999.000,9999.000
202603012330,   1.337,   2.000,9999.000,9999.000,9999.000,9999.000,9999.000,9999.000,9999.000
202603012336,   1.318,   1.990,9999.000,9999.000,9999.000,9999.000,9999.000,9999.000,9999.000
202603012342,   1.298,   2.020,9999.000,9999.000,9999.000,9999.000,9999.000,9999.000,9999.000
202603012348,   1.279,   1.948,9999.000,9999.000,9999.000,9999.000,9999.000,9999.000,9999.000
202603012354,   1.259,   1.695,9999.000,9999.000,9999.000,9999.000,9999.000,9999.000,9999.000
202603020000,   1.240,   1.689,   0.800,  -0.351,   1.689,   0.700,   1.589,   0.800,   1.689
202603020006,   1.221,   1.849,9999.000,9999.000,9999.000,9999.000,9999.000,9999.000,9999.000
202603020012,   1.203,   1.869,9999.000,9999.000,9999.000,9999.000,9999.000,9999.000,9999.000
202603020018,   1.185,   1.889,9999.000,9999.000,9999.000,9999.000,9999.000,9999.000,9999.000
202603020024,   1.167,   1.439,9999.000,9999.000,9999.000,9999.000,9999.000,9999.000,9999.000
202603020030,   1.150,   1.699,9999.000,9999.000,9999.000,9999.000,9999.000,9999.000,9999.000
202603020036,   1.134,   1.659,9999.000,9999.000,9999.000,9999.000,9999.000,9999.000,9999.000
202603020042,   1.118,   1.767,9999.000,9999.000,9999.000,9999.000,9999.000,9999.000,9999.000
202603020048,   1.103,   1.699,9999.000,9999.000,9999.000,9999.000,9999.000,9999.000,9999.000
202603020054,   1.089,   1.718,9999.000,9999.000,9999.000,9999.000,9999.000,9999.000,9999.000
202603020100,   1.076,   1.738,   0.800,  -0.138,   1.738,   0.700,   1.638,   0.800,   1.738
202603020106,   1.064,   1.669,9999.000,9999.000,9999.000,9999.000,9999.000,9999.000,9999.000
202603020112,   1.053,   1.728,9999.000,9999.000,9999.000,9999.000,9999.000,9999.000,9999.000
202603020118,   1.042,   1.689,9999.000,9999.000,9999.000,9999.000,9999.000,9999.000,9999.000
202603020124,   1.033,   1.649,9999.000,9999.000,9999.000,9999.000,9999.000,9999.000,9999.000
202603020130,   1.025,   1.659,9999.000,9999.000,9999.000,9999.000,9999.000,9999.000,9999.000
202603020136,   1.018,   1.699,9999.000,9999.000,9999.000,9999.000,9999.000,9999.000,9999.000
202603020142,   1.011,   1.659,9999.000,9999.000,9999.000,9999.000,9999.000,9999.000,9999.000
202603020148,   1.006,   1.679,9999.000,9999.000,9999.000,9999.000,9999.000,9999.000,9999.000
202603020154,   1.002,   1.669,9999.000,9999.000,9999.000,9999.000,9999.000,9999.000,9999.000
202603020200,   0.999,   1.669,   0.800,  -0.130,   1.669,   0.700,   1.569,   0.800,   1.669
202603020206,   0.998,   1.669,9999.000,9999.000,9999.000,9999.000,9999.000,9999.000,9999.000
202603020212,   0.997,   1.849,9999.000,9999.000,9999.000,9999.000,9999.000,9999.000,9999.000
202603020218,   0.997,   1.830,9999.000,9999.000,9999.000,9999.000,9999.000,9999.000,9999.000
202603020224,   0.999,   1.328,9999.000,9999.000,9999.000,9999.000,9999.000,9999.000,9999.000
202603020230,   1.001,   1.758,9999.000,9999.000,9999.000,9999.000,9999.000,9999.000,9999.000
202603020236,   1.005,   1.849,9999.000,9999.000,9999.000,9999.000,9999.000,9999.000,9999.000
202603020242,   1.009,   1.790,9999.000,9999.000,9999.000,9999.000,9999.000,9999.000,9999.000
202603020248,   1.015,   1.767,9999.000,9999.000,9999.000,9999.000,9999.000,9999.000,9999.000
202603020254,   1.022,   1.781,9999.000,9999.000,9999.000,9999.000,9999.000,9999.000,9999.000
202603020300,   1.029,   1.889,   0.800,   0.060,   1.889,   0.700,   1.789,   0.900,   1.989
202603020306,   1.037,   1.830,9999.000,9999.000,9999.000,9999.000,9999.000,9999.000,9999.000
202603020312,   1.047,   1.830,9999.000,9999.000,9999.000,9999.000,9999.000,9999.000,9999.000
202603020318,   1.057,   1.869,9999.000,9999.000,9999.000,9999.000,9999.000,9999.000,9999.000
202603020324,   1.068,   1.859,9999.000,9999.000,9999.000,9999.000,9999.000,9999.000,9999.000
202603020330,   1.080,   1.840,9999.000,9999.000,9999.000,9999.000,9999.000,9999.000,9999.000
202603020336,   1.092,   1.879,9999.000,9999.000,9999.000,9999.000,9999.000,9999.000,9999.000
202603020342,   1.105,   1.918,9999.000,9999.000,9999.000,9999.000,9999.000,9999.000,9999.000
202603020348,   1.119,   1.938,9999.000,9999.000,9999.000,9999.000,9999.000,9999.000,9999.000
202603020354,   1.133,   1.938,9999.000,9999.000,9999.000,9999.000,9999.000,9999.000,9999.000
202603020400,   1.148,   1.938,   0.900,  -0.110,   1.938,   0.800,   1.838,   0.900,   1.938
202603020406,   1.164,   1.918,9999.000,9999.000,9999.000,9999.000,9999.000,9999.000,9999.000
202603020412,   1.179,   1.948,9999.000,9999.000,9999.000,9999.000,9999.000,9999.000,9999.000
202603020418,   1.195,   2.010,9999.000,9999.000,9999.000,9999.000,9999.000,9999.000,9999.000
202603020424,   1.212,   2.040,9999.000,9999.000,9999.000,9999.000,9999.000,9999.000,9999.000
202603020430,   1.228,   2.030,9999.000,9999.000,9999.000,9999.000,9999.000,9999.000,9999.000
202603020436,   1.245,   2.030,9999.000,9999.000,9999.000,9999.000,9999.000,9999.000,9999.000
202603020442,   1.261,   2.099,9999.000,9999.000,9999.000,9999.000,9999.000,9999.000,9999.000
202603020448,   1.278,   2.109,9999.000,9999.000,9999.000,9999.000,9999.000,9999.000,9999.000
202603020454,   1.295,   2.148,9999.000,9999.000,9999.000,9999.000,9999.000,9999.000,9999.000
202603020500,   1.311,   2.191,   0.900,  -0.020,   2.191,   0.800,   2.091,   0.900,   2.191
202603020506,   1.328,   2.279,9999.000,9999.000,9999.000,9999.000,9999.000,9999.000,9999.000
202603020512,   1.344,   2.269,9999.000,9999.000,9999.000,9999.000,9999.000,9999.000,9999.000
202603020518,   1.360,   2.128,9999.000,9999.000,9999.000,9999.000,9999.000,9999.000,9999.000
202603020524,   1.375,   2.200,9999.000,9999.000,9999.000,9999.000,9999.000,9999.000,9999.000
202603020530,   1.390,   2.299,9999.000,9999.000,9999.000,9999.000,9999.000,9999.000,9999.000
202603020536,   1.404,   2.259,9999.000,9999.000,9999.000,9999.000,9999.000,9999.000,9999.000
202603020542,   1.418,   2.269,9999.000,9999.000,9999.000,9999.000,9999.000,9999.000,9999.000
202603020548,   1.432,   2.259,9999.000,9999.000,9999.000,9999.000,9999.000,9999.000,9999.000
202603020554,   1.444,   2.240,9999.000,9999.000,9999.000,9999.000,9999.000,9999.000,9999.000
202603020600,   1.456,   2.259,   0.900,  -0.097,   2.259,   0.800,   2.159,   0.900,   2.259
202603020606,   1.468,   2.328,9999.000,9999.000,9999.000,9999.000,9999.000,9999.000,9999.000
202603020612,   1.478,   2.299,9999.000,9999.000,9999.000,9999.000,9999.000,9999.000,9999.000
202603020618,   1.488,   2.309,9999.000,9999.000,9999.000,9999.000,9999.000,9999.000,9999.000
202603020624,   1.497,   2.289,9999.000,9999.000,9999.000,9999.000,9999.000,9999.000,9999.000
202603020630,   1.504,   2.358,9999.000,9999.000,9999.000,9999.000,9999.000,9999.000,9999.000
202603020636,   1.512,   2.348,9999.000,9999.000,9999.000,9999.000,9999.000,9999.000,9999.000
202603020642,   1.518,   2.348,9999.000,9999.000,9999.000,9999.000,9999.000,9999.000,9999.000
202603020648,   1.523,   2.358,9999.000,9999.000,9999.000,9999.000,9999.000,9999.000,9999.000
202603020654,   1.527,   2.387,9999.000,9999.000,9999.000,9999.000,9999.000,9999.000,9999.000
202603020700,   1.530,   2.348,   0.900,  -0.082,   2.348,   0.900,   2.348,   0.900,   2.348
202603020706,   1.532,   2.309,9999.000,9999.000,9999.000,9999.000,9999.000,9999.000,9999.000
202603020712,   1.533,   2.338,9999.000,9999.000,9999.000,9999.000,9999.000,9999.000,9999.000
202603020718,   1.533,   2.400,9999.000,9999.000,9999.000,9999.000,9999.000,9999.000,9999.000
202603020724,   1.532,   2.338,9999.000,9999.000,9999.000,9999.000,9999.000,9999.000,9999.000
202603020730,   1.530,   2.410,9999.000,9999.000,9999.000,9999.000,9999.000,9999.000,9999.000
202603020736,   1.527,   2.348,9999.000,9999.000,9999.000,9999.000,9999.000,9999.000,9999.000
202603020742,   1.522,   2.358,9999.000,9999.000,9999.000,9999.000,9999.000,9999.000,9999.000
202603020748,   1.517,   2.377,9999.000,9999.000,9999.000,9999.000,9999.000,9999.000,9999.000
202603020754,   1.510,   2.368,9999.000,9999.000,9999.000,9999.000,9999.000,9999.000,9999.000
202603020800,   1.502,   2.328,   0.900,  -0.074,   2.328,   0.900,   2.328,   0.900,   2.328
202603020806,   1.492,   2.299,9999.000,9999.000,9999.000,9999.000,9999.000,9999.000,9999.000
202603020812,   1.482,   2.338,9999.000,9999.000,9999.000,9999.000,9999.000,9999.000,9999.000
202603020818,   1.470,   2.309,9999.000,9999.000,9999.000,9999.000,9999.000,9999.000,9999.000
202603020824,   1.456,   2.289,9999.000,9999.000,9999.000,9999.000,9999.000,9999.000,9999.000
202603020830,   1.442,   2.289,9999.000,9999.000,9999.000,9999.000,9999.000,9999.000,9999.000
202603020836,   1.426,   2.269,9999.000,9999.000,9999.000,9999.000,9999.000,9999.000,9999.000
202603020842,   1.408,   2.200,9999.000,9999.000,9999.000,9999.000,9999.000,9999.000,9999.000
202603020848,   1.390,   2.200,9999.000,9999.000,9999.000,9999.000,9999.000,9999.000,9999.000
202603020854,   1.369,   2.220,9999.000,9999.000,9999.000,9999.000,9999.000,9999.000,9999.000
202603020900,   1.348,   2.230,   0.900,  -0.018,   2.230,   0.900,   2.230,   1.000,   2.330
202603020906,   1.324,   2.191,9999.000,9999.000,9999.000,9999.000,9999.000,9999.000,9999.000
202603020912,   1.300,   2.177,9999.000,9999.000,9999.000,9999.000,9999.000,9999.000,9999.000
202603020918,   1.274,   2.177,9999.000,9999.000,9999.000,9999.000,9999.000,9999.000,9999.000
202603020924,   1.246,   2.128,9999.000,9999.000,9999.000,9999.000,9999.000,9999.000,9999.000
202603020930,   1.217,   2.079,9999.000,9999.000,9999.000,9999.000,9999.000,9999.000,9999.000
202603020936,   1.186,   2.059,9999.000,9999.000,9999.000,9999.000,9999.000,9999.000,9999.000
202603020942,   1.154,   2.049,9999.000,9999.000,9999.000,9999.000,9999.000,9999.000,9999.000
202603020948,   1.121,   2.010,9999.000,9999.000,9999.000,9999.000,9999.000,9999.000,9999.000
202603020954,   1.086,   1.967,9999.000,9999.000,9999.000,9999.000,9999.000,9999.000,9999.000
202603021000,   1.050,   1.958,   0.900,   0.008,   1.958,   0.900,   1.958,   1.000,   2.058
202603021006,   1.012,   1.889,9999.000,9999.000,9999.000,9999.000,9999.000,9999.000,9999.000
202603021012,   0.973,   1.830,9999.000,9999.000,9999.000,9999.000,9999.000,9999.000,9999.000
202603021018,   0.933,   1.781,9999.000,9999.000,9999.000,9999.000,9999.000,9999.000,9999.000
202603021024,   0.892,   1.767,9999.000,9999.000,9999.000,9999.000,9999.000,9999.000,9999.000
202603021030,   0.850,   1.718,9999.000,9999.000,9999.000,9999.000,9999.000,9999.000,9999.000
202603021036,   0.807,   1.679,9999.000,9999.000,9999.000,9999.000,9999.000,9999.000,9999.000
202603021042,   0.763,   1.659,9999.000,9999.000,9999.000,9999.000,9999.000,9999.000,9999.000
202603021048,   0.718,   1.620,9999.000,9999.000,9999.000,9999.000,9999.000,9999.000,9999.000
202603021054,   0.673,   1.580,9999.000,9999.000,9999.000,9999.000,9999.000,9999.000,9999.000
202603021100,   0.627,   1.548,   0.900,   0.021,   1.548,   0.900,   1.548,   1.000,   1.648
202603021106,   0.580,   1.489,9999.000,9999.000,9999.000,9999.000,9999.000,9999.000,9999.000
202603021112,   0.533,   1.430,9999.000,9999.000,9999.000,9999.000,9999.000,9999.000,9999.000
202603021118,   0.486,   1.400,9999.000,9999.000,9999.000,9999.000,9999.000,9999.000,9999.000
202603021124,   0.439,   1.371,9999.000,9999.000,9999.000,9999.000,9999.000,9999.000,9999.000
202603021130,   0.392,   1.289,9999.000,9999.000,9999.000,9999.000,9999.000,9999.000,9999.000
202603021136,   0.345,   1.220,9999.000,9999.000,9999.000,9999.000,9999.000,9999.000,9999.000
202603021142,   0.299,   1.170,9999.000,9999.000,9999.000,9999.000,9999.000,9999.000,9999.000
202603021148,   0.252,   1.128,9999.000,9999.000,9999.000,9999.000,9999.000,9999.000,9999.000
202603021154,   0.207,   1.079,9999.000,9999.000,9999.000,9999.000,9999.000,9999.000,9999.000
202603021200,   0.162,   1.010,   0.800,   0.048,   1.010,   0.700,   0.910,   0.800,   1.010
202603021206,   0.117,   0.980,9999.000,9999.000,9999.000,9999.000,9999.000,9999.000,9999.000
202603021212,   0.074,   1.029,9999.000,9999.000,9999.000,9999.000,9999.000,9999.000,9999.000
202603021218,   0.032,   0.970,9999.000,9999.000,9999.000,9999.000,9999.000,9999.000,9999.000
202603021224,  -0.008,   0.780,9999.000,9999.000,9999.000,9999.000,9999.000,9999.000,9999.000
202603021230,  -0.048,   0.629,9999.000,9999.000,9999.000,9999.000,9999.000,9999.000,9999.000
202603021236,  -0.086,   0.610,9999.000,9999.000,9999.000,9999.000,9999.000,9999.000,9999.000
202603021242,  -0.123,   0.580,9999.000,9999.000,9999.000,9999.000,9999.000,9999.000,9999.000
202603021248,  -0.158,   0.541,9999.000,9999.000,9999.000,9999.000,9999.000,9999.000,9999.000
202603021254,  -0.191,   0.478,9999.000,9999.000,9999.000,9999.000,9999.000,9999.000,9999.000
202603021300,  -0.223,   0.459,   0.700,  -0.018,   0.459,   0.700,   0.459,   0.700,   0.459
202603021306,  -0.253,   0.400,9999.000,9999.000,9999.000,9999.000,9999.000,9999.000,9999.000
202603021312,  -0.280,   0.370,9999.000,9999.000,9999.000,9999.000,9999.000,9999.000,9999.000
202603021318,  -0.306,   0.341,9999.000,9999.000,9999.000,9999.000,9999.000,9999.000,9999.000
202603021324,  -0.330,   0.288,9999.000,9999.000,9999.000,9999.000,9999.000,9999.000,9999.000
202603021330,  -0.352,   0.288,9999.000,9999.000,9999.000,9999.000,9999.000,9999.000,9999.000
202603021336,  -0.371,   0.200,9999.000,9999.000,9999.000,9999.000,9999.000,9999.000,9999.000
202603021342,  -0.388,   0.239,9999.000,9999.000,9999.000,9999.000,9999.000,9999.000,9999.000
202603021348,  -0.403,   0.170,9999.000,9999.000,9999.000,9999.000,9999.000,9999.000,9999.000
202603021354,  -0.415,   0.190,9999.000,9999.000,9999.000,9999.000,9999.000,9999.000,9999.000
202603021400,  -0.425,   0.160,   0.700,  -0.115,   0.160,   0.700,   0.160,   0.700,   0.160
202603021406,  -0.433,   0.150,9999.000,9999.000,9999.000,9999.000,9999.000,9999.000,9999.000
202603021412,  -0.438,   0.160,9999.000,9999.000,9999.000,9999.000,9999.000,9999.000,9999.000
202603021418,  -0.441,   0.150,9999.000,9999.000,9999.000,9999.000,9999.000,9999.000,9999.000
202603021424,  -0.442,   0.190,9999.000,9999.000,9999.000,9999.000,9999.000,9999.000,9999.000
202603021430,  -0.440,   0.170,9999.000,9999.000,9999.000,9999.000,9999.000,9999.000,9999.000
202603021436,  -0.436,   0.150,9999.000,9999.000,9999.000,9999.000,9999.000,9999.000,9999.000
202603021442,  -0.430,   0.121,9999.000,9999.000,9999.000,9999.000,9999.000,9999.000,9999.000
202603021448,  -0.421,   0.131,9999.000,9999.000,9999.000,9999.000,9999.000,9999.000,9999.000
202603021454,  -0.410,   0.121,9999.000,9999.000,9999.000,9999.000,9999.000,9999.000,9999.000
202603021500,  -0.396,   0.141,   0.700,  -0.163,   0.141,   0.600,   0.041,   0.700,   0.141
202603021506,  -0.381,   0.141,9999.000,9999.000,9999.000,9999.000,9999.000,9999.000,9999.000
202603021512,  -0.363,   0.160,9999.000,9999.000,9999.000,9999.000,9999.000,9999.000,9999.000
202603021518,  -0.343,   0.150,9999.000,9999.000,9999.000,9999.000,9999.000,9999.000,9999.000
202603021524,  -0.321,   0.209,9999.000,9999.000,9999.000,9999.000,9999.000,9999.000,9999.000
202603021530,  -0.297,   0.098,9999.000,9999.000,9999.000,9999.000,9999.000,9999.000,9999.000
202603021536,  -0.271,   0.190,9999.000,9999.000,9999.000,9999.000,9999.000,9999.000,9999.000
202603021542,  -0.244,   0.239,9999.000,9999.000,9999.000,9999.000,9999.000,9999.000,9999.000
202603021548,  -0.214,   0.249,9999.000,9999.000,9999.000,9999.000,9999.000,9999.000,9999.000
202603021554,  -0.184,   0.278,9999.000,9999.000,9999.000,9999.000,9999.000,9999.000,9999.000
202603021600,  -0.151,   0.288,   0.700,  -0.261,   0.288,   0.600,   0.188,   0.700,   0.288
202603021606,  -0.117,   0.308,9999.000,9999.000,9999.000,9999.000,9999.000,9999.000,9999.000
202603021612,  -0.082,   0.341,9999.000,9999.000,9999.000,9999.000,9999.000,9999.000,9999.000
202603021618,  -0.045,   0.249,9999.000,9999.000,9999.000,9999.000,9999.000,9999.000,9999.000
202603021624,  -0.008,   0.341,9999.000,9999.000,9999.000,9999.000,9999.000,9999.000,9999.000
202603021630,   0.030,   0.409,9999.000,9999.000,9999.000,9999.000,9999.000,9999.000,9999.000
202603021636,   0.070,   0.498,9999.000,9999.000,9999.000,9999.000,9999.000,9999.000,9999.000
202603021642,   0.110,   0.551,9999.000,9999.000,9999.000,9999.000,9999.000,9999.000,9999.000
202603021648,   0.151,   0.580,9999.000,9999.000,9999.000,9999.000,9999.000,9999.000,9999.000
202603021654,   0.193,   0.600,9999.000,9999.000,9999.000,9999.000,9999.000,9999.000,9999.000
202603021700,   0.235,   0.610,   0.700,  -0.325,   0.610,   0.600,   0.510,   0.700,   0.610
202603021706,   0.278,   0.649,9999.000,9999.000,9999.000,9999.000,9999.000,9999.000,9999.000
202603021712,   0.321,9999.000,9999.000,9999.000,9999.000,9999.000,9999.000,9999.000,9999.000
202603021718,   0.364,   0.708,9999.000,9999.000,9999.000,9999.000,9999.000,9999.000,9999.000
202603021724,   0.407,   0.751,9999.000,9999.000,9999.000,9999.000,9999.000,9999.000,9999.000
202603021730,   0.450,   0.810,9999.000,9999.000,9999.000,9999.000,9999.000,9999.000,9999.000
202603021736,   0.493,   0.888,9999.000,9999.000,9999.000,9999.000,9999.000,9999.000,9999.000
202603021742,   0.536,   0.790,9999.000,9999.000,9999.000,9999.000,9999.000,9999.000,9999.000
202603021748,   0.578,   0.928,9999.000,9999.000,9999.000,9999.000,9999.000,9999.000,9999.000
202603021754,   0.620,   1.010,9999.000,9999.000,9999.000,9999.000,9999.000,9999.000,9999.000
202603021800,   0.662,   1.069,   0.600,  -0.193,   1.069,   0.600,   1.069,   0.700,   1.169
202603021806,   0.703,   1.079,9999.000,9999.000,9999.000,9999.000,9999.000,9999.000,9999.000
202603021812,   0.743,   1.128,9999.000,9999.000,9999.000,9999.000,9999.000,9999.000,9999.000
202603021818,   0.783,   1.210,9999.000,9999.000,9999.000,9999.000,9999.000,9999.000,9999.000
202603021824,   0.822,   1.239,9999.000,9999.000,9999.000,9999.000,9999.000,9999.000,9999.000
202603021830,   0.860,   1.269,9999.000,9999.000,9999.000,9999.000,9999.000,9999.000,9999.000
202603021836,   0.898,   1.328,9999.000,9999.000,9999.000,9999.000,9999.000,9999.000,9999.000
202603021842,   0.935,   1.338,9999.000,9999.000,9999.000,9999.000,9999.000,9999.000,9999.000
202603021848,   0.970,   1.371,9999.000,9999.000,9999.000,9999.000,9999.000,9999.000,9999.000
202603021854,   1.005,   1.400,9999.000,9999.000,9999.000,9999.000,9999.000,9999.000,9999.000
202603021900,   1.039,   1.459,   0.600,  -0.180,   1.459,   0.600,   1.459,   0.700,   1.559
202603021906,   1.072,   1.498,9999.000,9999.000,9999.000,9999.000,9999.000,9999.000,9999.000
202603021912,   1.104,   1.610,9999.000,9999.000,9999.000,9999.000,9999.000,9999.000,9999.000
202603021918,   1.136,   1.669,9999.000,9999.000,9999.000,9999.000,9999.000,9999.000,9999.000
202603021924,   1.166,   1.718,9999.000,9999.000,9999.000,9999.000,9999.000,9999.000,9999.000
202603021930,   1.195,   1.767,9999.000,9999.000,9999.000,9999.000,9999.000,9999.000,9999.000
202603021936,   1.222,   1.810,9999.000,9999.000,9999.000,9999.000,9999.000,9999.000,9999.000
202603021942,   1.249,   1.859,9999.000,9999.000,9999.000,9999.000,9999.000,9999.000,9999.000
202603021948,   1.275,   1.908,9999.000,9999.000,9999.000,9999.000,9999.000,9999.000,9999.000
202603021954,   1.300,   1.948,9999.000,9999.000,9999.000,9999.000,9999.000,9999.000,9999.000
202603022000,   1.323,   1.967,   0.600,   0.044,   1.967,   0.600,   1.967,   0.700,   2.067
202603022006,   1.345,   2.020,9999.000,9999.000,9999.000,9999.000,9999.000,9999.000,9999.000
202603022012,   1.366,   2.099,9999.000,9999.000,9999.000,9999.000,9999.000,9999.000,9999.000
202603022018,   1.386,   1.967,9999.000,9999.000,9999.000,9999.000,9999.000,9999.000,9999.000
202603022024,   1.405,   2.118,9999.000,9999.000,9999.000,9999.000,9999.000,9999.000,9999.000
202603022030,   1.422,   2.158,9999.000,9999.000,9999.000,9999.000,9999.000,9999.000,9999.000
202603022036,   1.438,   2.168,9999.000,9999.000,9999.000,9999.000,9999.000,9999.000,9999.000
202603022042,   1.453,   2.210,9999.000,9999.000,9999.000,9999.000,9999.000,9999.000,9999.000
202603022048,   1.466,   2.220,9999.000,9999.000,9999.000,9999.000,9999.000,9999.000,9999.000
202603022054,   1.478,   2.220,9999.000,9999.000,9999.000,9999.000,9999.000,9999.000,9999.000
202603022100,   1.489,   2.230,   0.600,   0.141,   2.230,   0.600,   2.230,   0.700,   2.330
202603022106,   1.498,   2.240,9999.000,9999.000,9999.000,9999.000,9999.000,9999.000,9999.000
202603022112,   1.506,   2.279,9999.000,9999.000,9999.000,9999.000,9999.000,9999.000,9999.000
202603022118,   1.512,   2.338,9999.000,9999.000,9999.000,9999.000,9999.000,9999.000,9999.000
202603022124,   1.517,   2.318,9999.000,9999.000,9999.000,9999.000,9999.000,9999.000,9999.000
202603022130,   1.521,   2.348,9999.000,9999.000,9999.000,9999.000,9999.000,9999.000,9999.000
202603022136,   1.523,   2.328,9999.000,9999.000,9999.000,9999.000,9999.000,9999.000,9999.000
202603022142,   1.523,   2.400,9999.000,9999.000,9999.000,9999.000,9999.000,9999.000,9999.000
202603022148,   1.522,   2.069,9999.000,9999.000,9999.000,9999.000,9999.000,9999.000,9999.000
202603022154,   1.520,   2.318,9999.000,9999.000,9999.000,9999.000,9999.000,9999.000,9999.000
202603022200,   1.516,   2.348,   0.700,   0.132,   2.348,   0.600,   2.248,   0.700,   2.348
202603022206,   1.510,   2.377,9999.000,9999.000,9999.000,9999.000,9999.000,9999.000,9999.000
202603022212,   1.503,   2.368,9999.000,9999.000,9999.000,9999.000,9999.000,9999.000,9999.000
202603022218,   1.495,   2.377,9999.000,9999.000,9999.000,9999.000,9999.000,9999.000,9999.000
202603022224,   1.485,   2.318,9999.000,9999.000,9999.000,9999.000,9999.000,9999.000,9999.000
202603022230,   1.474,   2.328,9999.000,9999.000,9999.000,9999.000,9999.000,9999.000,9999.000
202603022236,   1.462,   2.240,9999.000,9999.000,9999.000,9999.000,9999.000,9999.000,9999.000
202603022242,   1.449,   2.318,9999.000,9999.000,9999.000,9999.000,9999.000,9999.000,9999.000
202603022248,   1.434,   2.279,9999.000,9999.000,9999.000,9999.000,9999.000,9999.000,9999.000
202603022254,   1.418,   2.230,9999.000,9999.000,9999.000,9999.000,9999.000,9999.000,9999.000
202603022300,   1.401,   2.191,   0.700,   0.090,   2.191,   0.600,   2.091,   0.700,   2.191
202603022306,   1.383,   1.849,9999.000,9999.000,9999.000,9999.000,9999.000,9999.000,9999.000
202603022312,   1.364,   2.118,9999.000,9999.000,9999.000,9999.000,9999.000,9999.000,9999.000
202603022318,   1.345,   2.118,9999.000,9999.000,9999.000,9999.000,9999.000,9999.000,9999.000
202603022324,   1.324,   2.079,9999.000,9999.000,9999.000,9999.000,9999.000,9999.000,9999.000
202603022330,   1.303,   2.049,9999.000,9999.000,9999.000,9999.000,9999.000,9999.000,9999.000
202603022336,   1.281,   1.981,9999.000,9999.000,9999.000,9999.000,9999.000,9999.000,9999.000
202603022342,   1.259,   1.981,9999.000,9999.000,9999.000,9999.000,9999.000,9999.000,9999.000
202603022348,   1.236,   1.908,9999.000,9999.000,9999.000,9999.000,9999.000,9999.000,9999.000
202603022354,   1.213,   1.633,9999.000,9999.000,9999.000,9999.000,9999.000,9999.000,9999.000
202603030000,   1.190,   1.840,   0.700,  -0.050,   1.840,   0.700,   1.840,   0.700,   1.840
202603030006,   1.166,   1.830,9999.000,9999.000,9999.000,9999.000,9999.000,9999.000,9999.000
202603030012,   1.143,   1.800,9999.000,9999.000,9999.000,9999.000,9999.000,9999.000,9999.000
202603030018,   1.119,   1.790,9999.000,9999.000,9999.000,9999.000,9999.000,9999.000,9999.000
202603030024,   1.096,   1.590,9999.000,9999.000,9999.000,9999.000,9999.000,9999.000,9999.000
202603030030,   1.073,   1.630,9999.000,9999.000,9999.000,9999.000,9999.000,9999.000,9999.000
202603030036,   1.050,   1.557,9999.000,9999.000,9999.000,9999.000,9999.000,9999.000,9999.000
202603030042,   1.027,   1.610,9999.000,9999.000,9999.000,9999.000,9999.000,9999.000,9999.000
202603030048,   1.005,   1.630,9999.000,9999.000,9999.000,9999.000,9999.000,9999.000,9999.000
202603030054,   0.984,   1.557,9999.000,9999.000,9999.000,9999.000,9999.000,9999.000,9999.000
202603030100,   0.963,   1.548,   0.700,  -0.115,   1.548,   0.700,   1.548,   0.700,   1.548
202603030106,   0.943,   1.498,9999.000,9999.000,9999.000,9999.000,9999.000,9999.000,9999.000
202603030112,   0.923,   1.489,9999.000,9999.000,9999.000,9999.000,9999.000,9999.000,9999.000
202603030118,   0.904,   1.479,9999.000,9999.000,9999.000,9999.000,9999.000,9999.000,9999.000
202603030124,   0.887,   1.439,9999.000,9999.000,9999.000,9999.000,9999.000,9999.000,9999.000
202603030130,   0.870,   1.410,9999.000,9999.000,9999.000,9999.000,9999.000,9999.000,9999.000
202603030136,   0.854,   1.390,9999.000,9999.000,9999.000,9999.000,9999.000,9999.000,9999.000
202603030142,   0.839,   1.410,9999.000,9999.000,9999.000,9999.000,9999.000,9999.000,9999.000
202603030148,   0.825,   1.371,9999.000,9999.000,9999.000,9999.000,9999.000,9999.000,9999.000
202603030154,   0.813,   1.380,9999.000,9999.000,9999.000,9999.000,9999.000,9999.000,9999.000
202603030200,   0.801,   1.380,   0.700,  -0.121,   1.380,   0.700,   1.380,   0.800,   1.480
202603030206,   0.791,   1.361,9999.000,9999.000,9999.000,9999.000,9999.000,9999.000,9999.000
202603030212,   0.782,   1.328,9999.000,9999.000,9999.000,9999.000,9999.000,9999.000,9999.000
202603030218,   0.775,   1.348,9999.000,9999.000,9999.000,9999.000,9999.000,9999.000,9999.000
202603030224,   0.768,   1.348,9999.000,9999.000,9999.000,9999.000,9999.000,9999.000,9999.000
202603030230,   0.763,   1.308,9999.000,9999.000,9999.000,9999.000,9999.000,9999.000,9999.000
202603030236,   0.760,   1.279,9999.000,9999.000,9999.000,9999.000,9999.000,9999.000,9999.000
202603030242,   0.758,   1.279,9999.000,9999.000,9999.000,9999.000,9999.000,9999.000,9999.000
202603030248,   0.757,   1.289,9999.000,9999.000,9999.000,9999.000,9999.000,9999.000,9999.000
202603030254,   0.758,   1.279,9999.000,9999.000,9999.000,9999.000,9999.000,9999.000,9999.000
202603030300,   0.760,   1.259,   0.700,  -0.201,   1.259,   0.700,   1.259,   0.800,   1.359
202603030306,   0.763,   1.259,9999.000,9999.000,9999.000,9999.000,9999.000,9999.000,9999.000
202603030312,   0.768,   1.259,9999.000,9999.000,9999.000,9999.000,9999.000,9999.000,9999.000
202603030318,   0.774,   1.279,9999.000,9999.000,9999.000,9999.000,9999.000,9999.000,9999.000
202603030324,   0.782,   1.298,9999.000,9999.000,9999.000,9999.000,9999.000,9999.000,9999.000
202603030330,   0.790,   1.318,9999.000,9999.000,9999.000,9999.000,9999.000,9999.000,9999.000
202603030336,   0.801,   1.289,9999.000,9999.000,9999.000,9999.000,9999.000,9999.000,9999.000
202603030342,   0.812,   1.279,9999.000,9999.000,9999.000,9999.000,9999.000,9999.000,9999.000
202603030348,   0.824,   1.289,9999.000,9999.000,9999.000,9999.000,9999.000,9999.000,9999.000
202603030354,   0.838,   1.298,9999.000,9999.000,9999.000,9999.000,9999.000,9999.000,9999.000
202603030400,   0.853,   1.298,   0.800,  -0.355,   1.298,   0.700,   1.198,   0.800,   1.298
202603030406,   0.869,   1.328,9999.000,9999.000,9999.000,9999.000,9999.000,9999.000,9999.000
202603030412,   0.886,   1.348,9999.000,9999.000,9999.000,9999.000,9999.000,9999.000,9999.000
202603030418,   0.903,   1.380,9999.000,9999.000,9999.000,9999.000,9999.000,9999.000,9999.000
202603030424,   0.922,   1.400,9999.000,9999.000,9999.000,9999.000,9999.000,9999.000,9999.000
202603030430,   0.941,   1.400,9999.000,9999.000,9999.000,9999.000,9999.000,9999.000,9999.000
202603030436,   0.961,   1.449,9999.000,9999.000,9999.000,9999.000,9999.000,9999.000,9999.000
202603030442,   0.981,   1.459,9999.000,9999.000,9999.000,9999.000,9999.000,9999.000,9999.000
202603030448,   1.003,   1.498,9999.000,9999.000,9999.000,9999.000,9999.000,9999.000,9999.000
202603030454,   1.024,   1.528,9999.000,9999.000,9999.000,9999.000,9999.000,9999.000,9999.000
202603030500,   1.046,   1.548,   0.800,  -0.298,   1.548,   0.700,   1.448,   0.800,   1.548
202603030506,   1.068,   1.557,9999.000,9999.000,9999.000,9999.000,9999.000,9999.000,9999.000
202603030512,   1.090,   1.590,9999.000,9999.000,9999.000,9999.000,9999.000,9999.000,9999.000
202603030518,   1.113,   1.580,9999.000,9999.000,9999.000,9999.000,9999.000,9999.000,9999.000
202603030524,   1.135,   1.649,9999.000,9999.000,9999.000,9999.000,9999.000,9999.000,9999.000
202603030530,   1.158,   1.689,9999.000,9999.000,9999.000,9999.000,9999.000,9999.000,9999.000
202603030536,   1.180,   1.738,9999.000,9999.000,9999.000,9999.000,9999.000,9999.000,9999.000
202603030542,   1.202,   1.758,9999.000,9999.000,9999.000,9999.000,9999.000,9999.000,9999.000
202603030548,   1.224,9999.000,9999.000,9999.000,9999.000,9999.000,9999.000,9999.000,9999.000
202603030554,   1.245,9999.000,9999.000,9999.000,9999.000,9999.000,9999.000,9999.000,9999.000
202603030600,   1.267,9999.000,   0.800,  -0.281,   1.786,   0.700,   1.686,   0.800,   1.786
202603030606,   1.287,9999.000,9999.000,9999.000,9999.000,9999.000,9999.000,9999.000,9999.000
202603030612,   1.307,9999.000,9999.000,9999.000,9999.000,9999.000,9999.000,9999.000,9999.000
202603030618,   1.327,9999.000,9999.000,9999.000,9999.000,9999.000,9999.000,9999.000,9999.000
202603030624,   1.346,9999.000,9999.000,9999.000,9999.000,9999.000,9999.000,9999.000,9999.000
202603030630,   1.365,9999.000,9999.000,9999.000,9999.000,9999.000,9999.000,9999.000,9999.000
202603030636,   1.382,9999.000,9999.000,9999.000,9999.000,9999.000,9999.000,9999.000,9999.000
202603030642,   1.399,9999.000,9999.000,9999.000,9999.000,9999.000,9999.000,9999.000,9999.000
202603030648,   1.416,9999.000,9999.000,9999.000,9999.000,9999.000,9999.000,9999.000,9999.000
202603030654,   1.431,9999.000,9999.000,9999.000,9999.000,9999.000,9999.000,9999.000,9999.000
202603030700,   1.446,9999.000,   0.800,  -0.263,   1.983,   0.800,   1.983,   0.900,   2.083
202603030706,   1.460,9999.000,9999.000,9999.000,9999.000,9999.000,9999.000,9999.000,9999.000
202603030712,   1.473,9999.000,9999.000,9999.000,9999.000,9999.000,9999.000,9999.000,9999.000
202603030718,   1.485,9999.000,9999.000,9999.000,9999.000,9999.000,9999.000,9999.000,9999.000
202603030724,   1.496,9999.000,9999.000,9999.000,9999.000,9999.000,9999.000,9999.000,9999.000
202603030730,   1.506,9999.000,9999.000,9999.000,9999.000,9999.000,9999.000,9999.000,9999.000
202603030736,   1.516,9999.000,9999.000,9999.000,9999.000,9999.000,9999.000,9999.000,9999.000
202603030742,   1.524,9999.000,9999.000,9999.000,9999.000,9999.000,9999.000,9999.000,9999.000
202603030748,   1.531,9999.000,9999.000,9999.000,9999.000,9999.000,9999.000,9999.000,9999.000
202603030754,   1.538,9999.000,9999.000,9999.000,9999.000,9999.000,9999.000,9999.000,9999.000
202603030800,   1.543,9999.000,   0.800,  -0.246,   2.097,   0.800,   2.097,   0.900,   2.197
202603030806,   1.547,9999.000,9999.000,9999.000,9999.000,9999.000,9999.000,9999.000,9999.000
202603030812,   1.550,9999.000,9999.000,9999.000,9999.000,9999.000,9999.000,9999.000,9999.000
202603030818,   1.552,9999.000,9999.000,9999.000,9999.000,9999.000,9999.000,9999.000,9999.000
202603030824,   1.553,9999.000,9999.000,9999.000,9999.000,9999.000,9999.000,9999.000,9999.000
202603030830,   1.552,9999.000,9999.000,9999.000,9999.000,9999.000,9999.000,9999.000,9999.000
202603030836,   1.551,9999.000,9999.000,9999.000,9999.000,9999.000,9999.000,9999.000,9999.000
202603030842,   1.548,9999.000,9999.000,9999.000,9999.000,9999.000,9999.000,9999.000,9999.000
202603030848,   1.543,9999.000,9999.000,9999.000,9999.000,9999.000,9999.000,9999.000,9999.000
202603030854,   1.538,9999.000,9999.000,9999.000,9999.000,9999.000,9999.000,9999.000,9999.000
202603030900,   1.531,9999.000,   0.900,  -0.229,   2.202,   0.800,   2.102,   0.900,   2.202
202603030906,   1.522,9999.000,9999.000,9999.000,9999.000,9999.000,9999.000,9999.000,9999.000
202603030912,   1.512,9999.000,9999.000,9999.000,9999.000,9999.000,9999.000,9999.000,9999.000
202603030918,   1.501,9999.000,9999.000,9999.000,9999.000,9999.000,9999.000,9999.000,9999.000
202603030924,   1.488,9999.000,9999.000,9999.000,9999.000,9999.000,9999.000,9999.000,9999.000
202603030930,   1.474,9999.000,9999.000,9999.000,9999.000,9999.000,9999.000,9999.000,9999.000
202603030936,   1.458,9999.000,9999.000,9999.000,9999.000,9999.000,9999.000,9999.000,9999.000
202603030942,   1.441,9999.000,9999.000,9999.000,9999.000,9999.000,9999.000,9999.000,9999.000
202603030948,   1.422,9999.000,9999.000,9999.000,9999.000,9999.000,9999.000,9999.000,9999.000
202603030954,   1.402,9999.000,9999.000,9999.000,9999.000,9999.000,9999.000,9999.000,9999.000
202603031000,   1.380,9999.000,   0.900,  -0.211,   2.069,   0.800,   1.969,   1.000,   2.169
202603031006,   1.357,9999.000,9999.000,9999.000,9999.000,9999.000,9999.000,9999.000,9999.000
202603031012,   1.332,9999.000,9999.000,9999.000,9999.000,9999.000,9999.000,9999.000,9999.000
202603031018,   1.305,9999.000,9999.000,9999.000,9999.000,9999.000,9999.000,9999.000,9999.000
202603031024,   1.277,9999.000,9999.000,9999.000,9999.000,9999.000,9999.000,9999.000,9999.000
202603031030,   1.248,9999.000,9999.000,9999.000,9999.000,9999.000,9999.000,9999.000,9999.000
202603031036,   1.217,9999.000,9999.000,9999.000,9999.000,9999.000,9999.000,9999.000,9999.000
202603031042,   1.185,9999.000,9999.000,9999.000,9999.000,9999.000,9999.000,9999.000,9999.000
202603031048,   1.152,9999.000,9999.000,9999.000,9999.000,9999.000,9999.000,9999.000,9999.000
202603031054,   1.117,9999.000,9999.000,9999.000,9999.000,9999.000,9999.000,9999.000,9999.000
202603031100,   1.082,9999.000,   0.900,  -0.194,   1.788,   0.800,   1.688,   1.000,   1.888
202603031106,   1.045,9999.000,9999.000,9999.000,9999.000,9999.000,9999.000,9999.000,9999.000
202603031112,   1.007,9999.000,9999.000,9999.000,9999.000,9999.000,9999.000,9999.000,9999.000
202603031118,   0.968,9999.000,9999.000,9999.000,9999.000,9999.000,9999.000,9999.000,9999.000
202603031124,   0.929,9999.000,9999.000,9999.000,9999.000,9999.000,9999.000,9999.000,9999.000
202603031130,   0.888,9999.000,9999.000,9999.000,9999.000,9999.000,9999.000,9999.000,9999.000
202603031136,   0.847,9999.000,9999.000,9999.000,9999.000,9999.000,9999.000,9999.000,9999.000
202603031142,   0.806,9999.000,9999.000,9999.000,9999.000,9999.000,9999.000,9999.000,9999.000
202603031148,   0.764,9999.000,9999.000,9999.000,9999.000,9999.000,9999.000,9999.000,9999.000
202603031154,   0.721,9999.000,9999.000,9999.000,9999.000,9999.000,9999.000,9999.000,9999.000
202603031200,   0.679,9999.000,   0.900,  -0.177,   1.402,   0.900,   1.402,   1.000,   1.502
202603031206,   0.636,9999.000,9999.000,9999.000,9999.000,9999.000,9999.000,9999.000,9999.000
202603031212,   0.593,9999.000,9999.000,9999.000,9999.000,9999.000,9999.000,9999.000,9999.000
202603031218,   0.551,9999.000,9999.000,9999.000,9999.000,9999.000,9999.000,9999.000,9999.000
202603031224,   0.508,9999.000,9999.000,9999.000,9999.000,9999.000,9999.000,9999.000,9999.000
202603031230,   0.466,9999.000,9999.000,9999.000,9999.000,9999.000,9999.000,9999.000,9999.000
202603031236,   0.425,9999.000,9999.000,9999.000,9999.000,9999.000,9999.000,9999.000,9999.000
202603031242,   0.383,9999.000,9999.000,9999.000,9999.000,9999.000,9999.000,9999.000,9999.000
202603031248,   0.343,9999.000,9999.000,9999.000,9999.000,9999.000,9999.000,9999.000,9999.000
202603031254,   0.303,9999.000,9999.000,9999.000,9999.000,9999.000,9999.000,9999.000,9999.000
202603031300,   0.265,9999.000,   0.900,  -0.159,   1.006,   0.900,   1.006,   1.000,   1.106
202603031306,   0.227,9999.000,9999.000,9999.000,9999.000,9999.000,9999.000,9999.000,9999.000
202603031312,   0.190,9999.000,9999.000,9999.000,9999.000,9999.000,9999.000,9999.000,9999.000
202603031318,   0.154,9999.000,9999.000,9999.000,9999.000,9999.000,9999.000,9999.000,9999.000
202603031324,   0.120,9999.000,9999.000,9999.000,9999.000,9999.000,9999.000,9999.000,9999.000
202603031330,   0.087,9999.000,9999.000,9999.000,9999.000,9999.000,9999.000,9999.000,9999.000
202603031336,   0.056,9999.000,9999.000,9999.000,9999.000,9999.000,9999.000,9999.000,9999.000
202603031342,   0.026,9999.000,9999.000,9999.000,9999.000,9999.000,9999.000,9999.000,9999.000
202603031348,  -0.001,9999.000,9999.000,9999.000,9999.000,9999.000,9999.000,9999.000,9999.000
202603031354,  -0.028,9999.000,9999.000,9999.000,9999.000,9999.000,9999.000,9999.000,9999.000
202603031400,  -0.052,9999.000,   0.900,  -0.142,   0.706,   0.900,   0.706,   1.000,   0.806
202603031406,  -0.075,9999.000,9999.000,9999.000,9999.000,9999.000,9999.000,9999.000,9999.000
202603031412,  -0.096,9999.000,9999.000,9999.000,9999.000,9999.000,9999.000,9999.000,9999.000
202603031418,  -0.115,9999.000,9999.000,9999.000,9999.000,9999.000,9999.000,9999.000,9999.000
202603031424,  -0.132,9999.000,9999.000,9999.000,9999.000,9999.000,9999.000,9999.000,9999.000
202603031430,  -0.147,9999.000,9999.000,9999.000,9999.000,9999.000,9999.000,9999.000,9999.000
202603031436,  -0.159,9999.000,9999.000,9999.000,9999.000,9999.000,9999.000,9999.000,9999.000
202603031442,  -0.169,9999.000,9999.000,9999.000,9999.000,9999.000,9999.000,9999.000,9999.000
202603031448,  -0.178,9999.000,9999.000,9999.000,9999.000,9999.000,9999.000,9999.000,9999.000
202603031454,  -0.183,9999.000,9999.000,9999.000,9999.000,9999.000,9999.000,9999.000,9999.000
202603031500,  -0.187,9999.000,   0.900,  -0.125,   0.588,   0.800,   0.488,   1.000,   0.688
202603031506,  -0.188,9999.000,9999.000,9999.000,9999.000,9999.000,9999.000,9999.000,9999.000
202603031512,  -0.187,9999.000,9999.000,9999.000,9999.000,9999.000,9999.000,9999.000,9999.000
202603031518,  -0.184,9999.000,9999.000,9999.000,9999.000,9999.000,9999.000,9999.000,9999.000
202603031524,  -0.179,9999.000,9999.000,9999.000,9999.000,9999.000,9999.000,9999.000,9999.000
202603031530,  -0.171,9999.000,9999.000,9999.000,9999.000,9999.000,9999.000,9999.000,9999.000
202603031536,  -0.161,9999.000,9999.000,9999.000,9999.000,9999.000,9999.000,9999.000,9999.000
202603031542,  -0.149,9999.000,9999.000,9999.000,9999.000,9999.000,9999.000,9999.000,9999.000
202603031548,  -0.135,9999.000,9999.000,9999.000,9999.000,9999.000,9999.000,9999.000,9999.000
202603031554,  -0.118,9999.000,9999.000,9999.000,9999.000,9999.000,9999.000,9999.000,9999.000
202603031600,  -0.100,9999.000,   0.900,  -0.108,   0.692,   0.800,   0.592,   0.900,   0.692
202603031606,  -0.080,9999.000,9999.000,9999.000,9999.000,9999.000,9999.000,9999.000,9999.000
202603031612,  -0.058,9999.000,9999.000,9999.000,9999.000,9999.000,9999.000,9999.000,9999.000
202603031618,  -0.034,9999.000,9999.000,9999.000,9999.000,9999.000,9999.000,9999.000,9999.000
202603031624,  -0.008,9999.000,9999.000,9999.000,9999.000,9999.000,9999.000,9999.000,9999.000
202603031630,   0.018,9999.000,9999.000,9999.000,9999.000,9999.000,9999.000,9999.000,9999.000
202603031636,   0.046,9999.000,9999.000,9999.000,9999.000,9999.000,9999.000,9999.000,9999.000
202603031642,   0.077,9999.000,9999.000,9999.000,9999.000,9999.000,9999.000,9999.000,9999.000
202603031648,   0.108,9999.000,9999.000,9999.000,9999.000,9999.000,9999.000,9999.000,9999.000
202603031654,   0.141,9999.000,9999.000,9999.000,9999.000,9999.000,9999.000,9999.000,9999.000
202603031700,   0.174,9999.000,   0.800,  -0.090,   0.884,   0.800,   0.884,   0.900,   0.984
202603031706,   0.209,9999.000,9999.000,9999.000,9999.000,9999.000,9999.000,9999.000,9999.000
202603031712,   0.244,9999.000,9999.000,9999.000,9999.000,9999.000,9999.000,9999.000,9999.000
202603031718,   0.280,9999.000,9999.000,9999.000,9999.000,9999.000,9999.000,9999.000,9999.000
202603031724,   0.317,9999.000,9999.000,9999.000,9999.000,9999.000,9999.000,9999.000,9999.000
202603031730,   0.355,9999.000,9999.000,9999.000,9999.000,9999.000,9999.000,9999.000,9999.000
202603031736,   0.392,9999.000,9999.000,9999.000,9999.000,9999.000,9999.000,9999.000,9999.000
202603031742,   0.430,9999.000,9999.000,9999.000,9999.000,9999.000,9999.000,9999.000,9999.000
202603031748,   0.469,9999.000,9999.000,9999.000,9999.000,9999.000,9999.000,9999.000,9999.000
202603031754,   0.507,9999.000,9999.000,9999.000,9999.000,9999.000,9999.000,9999.000,9999.000
202603031800,   0.546,9999.000,   0.800,  -0.090,   1.256,   0.700,   1.156,   0.900,   1.356
202603031806,   0.584,9999.000,9999.000,9999.000,9999.000,9999.000,9999.000,9999.000,9999.000
202603031812,   0.622,9999.000,9999.000,9999.000,9999.000,9999.000,9999.000,9999.000,9999.000
202603031818,   0.660,9999.000,9999.000,9999.000,9999.000,9999.000,9999.000,9999.000,9999.000
202603031824,   0.698,9999.000,9999.000,9999.000,9999.000,9999.000,9999.000,9999.000,9999.000
202603031830,   0.735,9999.000,9999.000,9999.000,9999.000,9999.000,9999.000,9999.000,9999.000
202603031836,   0.772,9999.000,9999.000,9999.000,9999.000,9999.000,9999.000,9999.000,9999.000
202603031842,   0.808,9999.000,9999.000,9999.000,9999.000,9999.000,9999.000,9999.000,9999.000
202603031848,   0.844,9999.000,9999.000,9999.000,9999.000,9999.000,9999.000,9999.000,9999.000
202603031854,   0.879,9999.000,9999.000,9999.000,9999.000,9999.000,9999.000,9999.000,9999.000
202603031900,   0.914,9999.000,   0.700,  -0.090,   1.524,   0.700,   1.524,   0.800,   1.624
202603031906,   0.948,9999.000,9999.000,9999.000,9999.000,9999.000,9999.000,9999.000,9999.000
202603031912,   0.981,9999.000,9999.000,9999.000,9999.000,9999.000,9999.000,9999.000,9999.000
202603031918,   1.013,9999.000,9999.000,9999.000,9999.000,9999.000,9999.000,9999.000,9999.000
202603031924,   1.044,9999.000,9999.000,9999.000,9999.000,9999.000,9999.000,9999.000,9999.000
202603031930,   1.075,9999.000,9999.000,9999.000,9999.000,9999.000,9999.000,9999.000,9999.000
202603031936,   1.105,9999.000,9999.000,9999.000,9999.000,9999.000,9999.000,9999.000,9999.000
202603031942,   1.133,9999.000,9999.000,9999.000,9999.000,9999.000,9999.000,9999.000,9999.000
202603031948,   1.161,9999.000,9999.000,9999.000,9999.000,9999.000,9999.000,9999.000,9999.000
202603031954,   1.188,9999.000,9999.000,9999.000,9999.000,9999.000,9999.000,9999.000,9999.000
202603032000,   1.214,9999.000,   0.700,  -0.090,   1.824,   0.600,   1.724,   0.800,   1.924
202603032006,   1.239,9999.000,9999.000,9999.000,9999.000,9999.000,9999.000,9999.000,9999.000
202603032012,   1.262,9999.000,9999.000,9999.000,9999.000,9999.000,9999.000,9999.000,9999.000
202603032018,   1.285,9999.000,9999.000,9999.000,9999.000,9999.000,9999.000,9999.000,9999.000
202603032024,   1.306,9999.000,9999.000,9999.000,9999.000,9999.000,9999.000,9999.000,9999.000
202603032030,   1.327,9999.000,9999.000,9999.000,9999.000,9999.000,9999.000,9999.000,9999.000
202603032036,   1.346,9999.000,9999.000,9999.000,9999.000,9999.000,9999.000,9999.000,9999.000
202603032042,   1.363,9999.000,9999.000,9999.000,9999.000,9999.000,9999.000,9999.000,9999.000
202603032048,   1.380,9999.000,9999.000,9999.000,9999.000,9999.000,9999.000,9999.000,9999.000
202603032054,   1.395,9999.000,9999.000,9999.000,9999.000,9999.000,9999.000,9999.000,9999.000
202603032100,   1.409,9999.000,   0.700,  -0.090,   2.019,   0.600,   1.919,   0.800,   2.119
202603032106,   1.422,9999.000,9999.000,9999.000,9999.000,9999.000,9999.000,9999.000,9999.000
202603032112,   1.433,9999.000,9999.000,9999.000,9999.000,9999.000,9999.000,9999.000,9999.000
202603032118,   1.443,9999.000,9999.000,9999.000,9999.000,9999.000,9999.000,9999.000,9999.000
202603032124,   1.451,9999.000,9999.000,9999.000,9999.000,9999.000,9999.000,9999.000,9999.000
202603032130,   1.458,9999.000,9999.000,9999.000,9999.000,9999.000,9999.000,9999.000,9999.000
202603032136,   1.464,9999.000,9999.000,9999.000,9999.000,9999.000,9999.000,9999.000,9999.000
202603032142,   1.468,9999.000,9999.000,9999.000,9999.000,9999.000,9999.000,9999.000,9999.000
202603032148,   1.470,9999.000,9999.000,9999.000,9999.000,9999.000,9999.000,9999.000,9999.000
202603032154,   1.471,9999.000,9999.000,9999.000,9999.000,9999.000,9999.000,9999.000,9999.000
202603032200,   1.471,9999.000,   0.700,  -0.090,   2.081,   0.700,   2.081,   0.800,   2.181
202603032206,   1.469,9999.000,9999.000,9999.000,9999.000,9999.000,9999.000,9999.000,9999.000
202603032212,   1.465,9999.000,9999.000,9999.000,9999.000,9999.000,9999.000,9999.000,9999.000
202603032218,   1.460,9999.000,9999.000,9999.000,9999.000,9999.000,9999.000,9999.000,9999.000
202603032224,   1.453,9999.000,9999.000,9999.000,9999.000,9999.000,9999.000,9999.000,9999.000
202603032230,   1.445,9999.000,9999.000,9999.000,9999.000,9999.000,9999.000,9999.000,9999.000
202603032236,   1.436,9999.000,9999.000,9999.000,9999.000,9999.000,9999.000,9999.000,9999.000
202603032242,   1.425,9999.000,9999.000,9999.000,9999.000,9999.000,9999.000,9999.000,9999.000
202603032248,   1.412,9999.000,9999.000,9999.000,9999.000,9999.000,9999.000,9999.000,9999.000
202603032254,   1.399,9999.000,9999.000,9999.000,9999.000,9999.000,9999.000,9999.000,9999.000
202603032300,   1.384,9999.000,   0.800,  -0.090,   2.094,   0.700,   1.994,   0.800,   2.094
202603032306,   1.368,9999.000,9999.000,9999.000,9999.000,9999.000,9999.000,9999.000,9999.000
202603032312,   1.350,9999.000,9999.000,9999.000,9999.000,9999.000,9999.000,9999.000,9999.000
202603032318,   1.332,9999.000,9999.000,9999.000,9999.000,9999.000,9999.000,9999.000,9999.000
202603032324,   1.312,9999.000,9999.000,9999.000,9999.000,9999.000,9999.000,9999.000,9999.000
202603032330,   1.291,9999.000,9999.000,9999.000,9999.000,9999.000,9999.000,9999.000,9999.000
202603032336,   1.269,9999.000,9999.000,9999.000,9999.000,9999.000,9999.000,9999.000,9999.000
202603032342,   1.247,9999.000,9999.000,9999.000,9999.000,9999.000,9999.000,9999.000,9999.000
202603032348,   1.223,9999.000,9999.000,9999.000,9999.000,9999.000,9999.000,9999.000,9999.000
202603032354,   1.199,9999.000,9999.000,9999.000,9999.000,9999.000,9999.000,9999.000,9999.000
202603040000,   1.174,9999.000,   0.800,  -0.090,   1.884,   0.700,   1.784,   0.800,   1.884
202603040006,   1.150,9999.000,9999.000,9999.000,9999.000,9999.000,9999.000,9999.000,9999.000
202603040012,   1.123,9999.000,9999.000,9999.000,9999.000,9999.000,9999.000,9999.000,9999.000
202603040018,   1.096,9999.000,9999.000,9999.000,9999.000,9999.000,9999.000,9999.000,9999.000
202603040024,   1.070,9999.000,9999.000,9999.000,9999.000,9999.000,9999.000,9999.000,9999.000
202603040030,   1.043,9999.000,9999.000,9999.000,9999.000,9999.000,9999.000,9999.000,9999.000
202603040036,   1.015,9999.000,9999.000,9999.000,9999.000,9999.000,9999.000,9999.000,9999.000
202603040042,   0.988,9999.000,9999.000,9999.000,9999.000,9999.000,9999.000,9999.000,9999.000
202603040048,   0.961,9999.000,9999.000,9999.000,9999.000,9999.000,9999.000,9999.000,9999.000
202603040054,   0.933,9999.000,9999.000,9999.000,9999.000,9999.000,9999.000,9999.000,9999.000
202603040100,   0.906,9999.000,   0.800,  -0.090,   1.616,   0.700,   1.516,   0.800,   1.616
202603040106,   0.880,9999.000,9999.000,9999.000,9999.000,9999.000,9999.000,9999.000,9999.000
202603040112,   0.853,9999.000,9999.000,9999.000,9999.000,9999.000,9999.000,9999.000,9999.000
202603040118,   0.827,9999.000,9999.000,9999.000,9999.000,9999.000,9999.000,9999.000,9999.000
202603040124,   0.801,9999.000,9999.000,9999.000,9999.000,9999.000,9999.000,9999.000,9999.000
202603040130,   0.776,9999.000,9999.000,9999.000,9999.000,9999.000,9999.000,9999.000,9999.000
202603040136,   0.752,9999.000,9999.000,9999.000,9999.000,9999.000,9999.000,9999.000,9999.000
202603040142,   0.728,9999.000,9999.000,9999.000,9999.000,9999.000,9999.000,9999.000,9999.000
202603040148,   0.706,9999.000,9999.000,9999.000,9999.000,9999.000,9999.000,9999.000,9999.000
202603040154,   0.684,9999.000,9999.000,9999.000,9999.000,9999.000,9999.000,9999.000,9999.000
202603040200,   0.663,9999.000,   0.800,  -0.090,   1.373,   0.800,   1.373,   0.800,   1.373
202603040206,   0.643,9999.000,9999.000,9999.000,9999.000,9999.000,9999.000,9999.000,9999.000
202603040212,   0.625,9999.000,9999.000,9999.000,9999.000,9999.000,9999.000,9999.000,9999.000
202603040218,   0.607,9999.000,9999.000,9999.000,9999.000,9999.000,9999.000,9999.000,9999.000
202603040224,   0.591,9999.000,9999.000,9999.000,9999.000,9999.000,9999.000,9999.000,9999.000
202603040230,   0.577,9999.000,9999.000,9999.000,9999.000,9999.000,9999.000,9999.000,9999.000
202603040236,   0.563,9999.000,9999.000,9999.000,9999.000,9999.000,9999.000,9999.000,9999.000
202603040242,   0.551,9999.000,9999.000,9999.000,9999.000,9999.000,9999.000,9999.000,9999.000
202603040248,   0.541,9999.000,9999.000,9999.000,9999.000,9999.000,9999.000,9999.000,9999.000
202603040254,   0.532,9999.000,9999.000,9999.000,9999.000,9999.000,9999.000,9999.000,9999.000
202603040300,   0.525,9999.000,   0.800,  -0.090,   1.235,   0.700,   1.135,   0.800,   1.235
202603040306,   0.519,9999.000,9999.000,9999.000,9999.000,9999.000,9999.000,9999.000,9999.000
202603040312,   0.515,9999.000,9999.000,9999.000,9999.000,9999.000,9999.000,9999.000,9999.000
202603040318,   0.513,9999.000,9999.000,9999.000,9999.000,9999.000,9999.000,9999.000,9999.000
202603040324,   0.512,9999.000,9999.000,9999.000,9999.000,9999.000,9999.000,9999.000,9999.000
202603040330,   0.513,9999.000,9999.000,9999.000,9999.000,9999.000,9999.000,9999.000,9999.000
202603040336,   0.516,9999.000,9999.000,9999.000,9999.000,9999.000,9999.000,9999.000,9999.000
202603040342,   0.520,9999.000,9999.000,9999.000,9999.000,9999.000,9999.000,9999.000,9999.000
202603040348,   0.526,9999.000,9999.000,9999.000,9999.000,9999.000,9999.000,9999.000,9999.000
202603040354,   0.534,9999.000,9999.000,9999.000,9999.000,9999.000,9999.000,9999.000,9999.000
202603040400,   0.543,9999.000,   0.800,  -0.090,   1.253,   0.700,   1.153,   0.800,   1.253
202603040406,   0.554,9999.000,9999.000,9999.000,9999.000,9999.000,9999.000,9999.000,9999.000
202603040412,   0.567,9999.000,9999.000,9999.000,9999.000,9999.000,9999.000,9999.000,9999.000
202603040418,   0.581,9999.000,9999.000,9999.000,9999.000,9999.000,9999.000,9999.000,9999.000
202603040424,   0.596,9999.000,9999.000,9999.000,9999.000,9999.000,9999.000,9999.000,9999.000
202603040430,   0.612,9999.000,9999.000,9999.000,9999.000,9999.000,9999.000,9999.000,9999.000
202603040436,   0.630,9999.000,9999.000,9999.000,9999.000,9999.000,9999.000,9999.000,9999.000
202603040442,   0.649,9999.000,9999.000,9999.000,9999.000,9999.000,9999.000,9999.000,9999.000
202603040448,   0.669,9999.000,9999.000,9999.000,9999.000,9999.000,9999.000,9999.000,9999.000
202603040454,   0.691,9999.000,9999.000,9999.000,9999.000,9999.000,9999.000,9999.000,9999.000
202603040500,   0.713,9999.000,   0.800,  -0.090,   1.423,   0.700,   1.323,   0.800,   1.423
202603040506,   0.736,9999.000,9999.000,9999.000,9999.000,9999.000,9999.000,9999.000,9999.000
202603040512,   0.760,9999.000,9999.000,9999.000,9999.000,9999.000,9999.000,9999.000,9999.000
202603040518,   0.784,9999.000,9999.000,9999.000,9999.000,9999.000,9999.000,9999.000,9999.000
202603040524,   0.809,9999.000,9999.000,9999.000,9999.000,9999.000,9999.000,9999.000,9999.000
202603040530,   0.835,9999.000,9999.000,9999.000,9999.000,9999.000,9999.000,9999.000,9999.000
202603040536,   0.861,9999.000,9999.000,9999.000,9999.000,9999.000,9999.000,9999.000,9999.000
202603040542,   0.887,9999.000,9999.000,9999.000,9999.000,9999.000,9999.000,9999.000,9999.000
202603040548,   0.914,9999.000,9999.000,9999.000,9999.000,9999.000,9999.000,9999.000,9999.000
202603040554,   0.940,9999.000,9999.000,9999.000,9999.000,9999.000,9999.000,9999.000,9999.000
202603040600,   0.967,9999.000,   0.700,  -0.090,   1.577,   0.700,   1.577,   0.800,   1.677
202603040606,   0.994,9999.000,9999.000,9999.000,9999.000,9999.000,9999.000,9999.000,9999.000
202603040612,   1.021,9999.000,9999.000,9999.000,9999.000,9999.000,9999.000,9999.000,9999.000
202603040618,   1.047,9999.000,9999.000,9999.000,9999.000,9999.000,9999.000,9999.000,9999.000
202603040624,   1.074,9999.000,9999.000,9999.000,9999.000,9999.000,9999.000,9999.000,9999.000
202603040630,   1.100,9999.000,9999.000,9999.000,9999.000,9999.000,9999.000,9999.000,9999.000
202603040636,   1.125,9999.000,9999.000,9999.000,9999.000,9999.000,9999.000,9999.000,9999.000
202603040642,   1.151,9999.000,9999.000,9999.000,9999.000,9999.000,9999.000,9999.000,9999.000
202603040648,   1.176,9999.000,9999.000,9999.000,9999.000,9999.000,9999.000,9999.000,9999.000
202603040654,   1.200,9999.000,9999.000,9999.000,9999.000,9999.000,9999.000,9999.000,9999.000
202603040700,   1.224,9999.000,   0.700,  -0.090,   1.834,   0.700,   1.834,   0.800,   1.934
202603040706,   1.247,9999.000,9999.000,9999.000,9999.000,9999.000,9999.000,9999.000,9999.000
202603040712,   1.270,9999.000,9999.000,9999.000,9999.000,9999.000,9999.000,9999.000,9999.000
202603040718,   1.292,9999.000,9999.000,9999.000,9999.000,9999.000,9999.000,9999.000,9999.000
202603040724,   1.314,9999.000,9999.000,9999.000,9999.000,9999.000,9999.000,9999.000,9999.000
202603040730,   1.334,9999.000,9999.000,9999.000,9999.000,9999.000,9999.000,9999.000,9999.000
202603040736,   1.354,9999.000,9999.000,9999.000,9999.000,9999.000,9999.000,9999.000,9999.000
202603040742,   1.373,9999.000,9999.000,9999.000,9999.000,9999.000,9999.000,9999.000,9999.000
202603040748,   1.392,9999.000,9999.000,9999.000,9999.000,9999.000,9999.000,9999.000,9999.000
202603040754,   1.409,9999.000,9999.000,9999.000,9999.000,9999.000,9999.000,9999.000,9999.000
202603040800,   1.426,9999.000,   0.800,  -0.090,   2.136,   0.700,   2.036,   0.800,   2.136
202603040806,   1.442,9999.000,9999.000,9999.000,9999.000,9999.000,9999.000,9999.000,9999.000
202603040812,   1.457,9999.000,9999.000,9999.000,9999.000,9999.000,9999.000,9999.000,9999.000
202603040818,   1.470,9999.000,9999.000,9999.000,9999.000,9999.000,9999.000,9999.000,9999.000
202603040824,   1.483,9999.000,9999.000,9999.000,9999.000,9999.000,9999.000,9999.000,9999.000
202603040830,   1.495,9999.000,9999.000,9999.000,9999.000,9999.000,9999.000,9999.000,9999.000
202603040836,   1.506,9999.000,9999.000,9999.000,9999.000,9999.000,9999.000,9999.000,9999.000
202603040842,   1.515,9999.000,9999.000,9999.000,9999.000,9999.000,9999.000,9999.000,9999.000
202603040848,   1.524,9999.000,9999.000,9999.000,9999.000,9999.000,9999.000,9999.000,9999.000
202603040854,   1.531,9999.000,9999.000,9999.000,9999.000,9999.000,9999.000,9999.000,9999.000
202603040900,   1.538,9999.000,   0.800,  -0.090,   2.248,   0.700,   2.148,   0.900,   2.348
202603040906,   1.543,9999.000,9999.000,9999.000,9999.000,9999.000,9999.000,9999.000,9999.000
202603040912,   1.546,9999.000,9999.000,9999.000,9999.000,9999.000,9999.000,9999.000,9999.000
202603040918,   1.549,9999.000,9999.000,9999.000,9999.000,9999.000,9999.000,9999.000,9999.000
202603040924,   1.550,9999.000,9999.000,9999.000,9999.000,9999.000,9999.000,9999.000,9999.000
202603040930,   1.549,9999.000,9999.000,9999.000,9999.000,9999.000,9999.000,9999.000,9999.000
202603040936,   1.548,9999.000,9999.000,9999.000,9999.000,9999.000,9999.000,9999.000,9999.000
202603040942,   1.545,9999.000,9999.000,9999.000,9999.000,9999.000,9999.000,9999.000,9999.000
202603040948,   1.540,9999.000,9999.000,9999.000,9999.000,9999.000,9999.000,9999.000,9999.000
202603040954,   1.534,9999.000,9999.000,9999.000,9999.000,9999.000,9999.000,9999.000,9999.000
202603041000,   1.527,9999.000,   0.800,  -0.090,   2.237,   0.700,   2.137,   0.900,   2.337
202603041006,   1.518,9999.000,9999.000,9999.000,9999.000,9999.000,9999.000,9999.000,9999.000
202603041012,   1.508,9999.000,9999.000,9999.000,9999.000,9999.000,9999.000,9999.000,9999.000
202603041018,   1.496,9999.000,9999.000,9999.000,9999.000,9999.000,9999.000,9999.000,9999.000
202603041024,   1.483,9999.000,9999.000,9999.000,9999.000,9999.000,9999.000,9999.000,9999.000
202603041030,   1.468,9999.000,9999.000,9999.000,9999.000,9999.000,9999.000,9999.000,9999.000
202603041036,   1.452,9999.000,9999.000,9999.000,9999.000,9999.000,9999.000,9999.000,9999.000
202603041042,   1.435,9999.000,9999.000,9999.000,9999.000,9999.000,9999.000,9999.000,9999.000
202603041048,   1.416,9999.000,9999.000,9999.000,9999.000,9999.000,9999.000,9999.000,9999.000
202603041054,   1.395,9999.000,9999.000,9999.000,9999.000,9999.000,9999.000,9999.000,9999.000
202603041100,   1.374,9999.000,   0.800,  -0.090,   2.084,   0.700,   1.984,   0.900,   2.184
202603041106,   1.351,9999.000,9999.000,9999.000,9999.000,9999.000,9999.000,9999.000,9999.000
202603041112,   1.327,9999.000,9999.000,9999.000,9999.000,9999.000,9999.000,9999.000,9999.000
202603041118,   1.301,9999.000,9999.000,9999.000,9999.000,9999.000,9999.000,9999.000,9999.000
202603041124,   1.274,9999.000,9999.000,9999.000,9999.000,9999.000,9999.000,9999.000,9999.000
202603041130,   1.247,9999.000,9999.000,9999.000,9999.000,9999.000,9999.000,9999.000,9999.000
202603041136,   1.218,9999.000,9999.000,9999.000,9999.000,9999.000,9999.000,9999.000,9999.000
202603041142,   1.188,9999.000,9999.000,9999.000,9999.000,9999.000,9999.000,9999.000,9999.000
202603041148,   1.157,9999.000,9999.000,9999.000,9999.000,9999.000,9999.000,9999.000,9999.000
202603041154,   1.126,9999.000,9999.000,9999.000,9999.000,9999.000,9999.000,9999.000,9999.000
202603041200,   1.093,9999.000,   0.800,  -0.090,   1.803,   0.800,   1.803,   0.900,   1.903
202603041206,   1.060,9999.000,9999.000,9999.000,9999.000,9999.000,9999.000,9999.000,9999.000
202603041212,   1.026,9999.000,9999.000,9999.000,9999.000,9999.000,9999.000,9999.000,9999.000
202603041218,   0.992,9999.000,9999.000,9999.000,9999.000,9999.000,9999.000,9999.000,9999.000
202603041224,   0.957,9999.000,9999.000,9999.000,9999.000,9999.000,9999.000,9999.000,9999.000
202603041230,   0.922,9999.000,9999.000,9999.000,9999.000,9999.000,9999.000,9999.000,9999.000
202603041236,   0.886,9999.000,9999.000,9999.000,9999.000,9999.000,9999.000,9999.000,9999.000
202603041242,   0.850,9999.000,9999.000,9999.000,9999.000,9999.000,9999.000,9999.000,9999.000
202603041248,   0.814,9999.000,9999.000,9999.000,9999.000,9999.000,9999.000,9999.000,9999.000
202603041254,   0.778,9999.000,9999.000,9999.000,9999.000,9999.000,9999.000,9999.000,9999.000
202603041300,   0.742,9999.000,   0.800,  -0.090,   1.452,   0.800,   1.452,   0.900,   1.552
202603041306,   0.706,9999.000,9999.000,9999.000,9999.000,9999.000,9999.000,9999.000,9999.000
202603041312,   0.670,9999.000,9999.000,9999.000,9999.000,9999.000,9999.000,9999.000,9999.000
202603041318,   0.634,9999.000,9999.000,9999.000,9999.000,9999.000,9999.000,9999.000,9999.000
202603041324,   0.599,9999.000,9999.000,9999.000,9999.000,9999.000,9999.000,9999.000,9999.000
202603041330,   0.564,9999.000,9999.000,9999.000,9999.000,9999.000,9999.000,9999.000,9999.000
202603041336,   0.530,9999.000,9999.000,9999.000,9999.000,9999.000,9999.000,9999.000,9999.000
202603041342,   0.497,9999.000,9999.000,9999.000,9999.000,9999.000,9999.000,9999.000,9999.000
202603041348,   0.464,9999.000,9999.000,9999.000,9999.000,9999.000,9999.000,9999.000,9999.000
202603041354,   0.433,9999.000,9999.000,9999.000,9999.000,9999.000,9999.000,9999.000,9999.000
202603041400,   0.402,9999.000,   0.800,  -0.090,   1.112,   0.700,   1.012,   0.900,   1.212
202603041406,   0.372,9999.000,9999.000,9999.000,9999.000,9999.000,9999.000,9999.000,9999.000
202603041412,   0.344,9999.000,9999.000,9999.000,9999.000,9999.000,9999.000,9999.000,9999.000
202603041418,   0.316,9999.000,9999.000,9999.000,9999.000,9999.000,9999.000,9999.000,9999.000
202603041424,   0.291,9999.000,9999.000,9999.000,9999.000,9999.000,9999.000,9999.000,9999.000
202603041430,   0.266,9999.000,9999.000,9999.000,9999.000,9999.000,9999.000,9999.000,9999.000
202603041436,   0.243,9999.000,9999.000,9999.000,9999.000,9999.000,9999.000,9999.000,9999.000
202603041442,   0.222,9999.000,9999.000,9999.000,9999.000,9999.000,9999.000,9999.000,9999.000
202603041448,   0.202,9999.000,9999.000,9999.000,9999.000,9999.000,9999.000,9999.000,9999.000
202603041454,   0.184,9999.000,9999.000,9999.000,9999.000,9999.000,9999.000,9999.000,9999.000
202603041500,   0.168,9999.000,   0.800,  -0.090,   0.878,   0.700,   0.778,   0.800,   0.878
202603041506,   0.154,9999.000,9999.000,9999.000,9999.000,9999.000,9999.000,9999.000,9999.000
202603041512,   0.142,9999.000,9999.000,9999.000,9999.000,9999.000,9999.000,9999.000,9999.000
202603041518,   0.131,9999.000,9999.000,9999.000,9999.000,9999.000,9999.000,9999.000,9999.000
202603041524,   0.123,9999.000,9999.000,9999.000,9999.000,9999.000,9999.000,9999.000,9999.000
202603041530,   0.116,9999.000,9999.000,9999.000,9999.000,9999.000,9999.000,9999.000,9999.000
202603041536,   0.112,9999.000,9999.000,9999.000,9999.000,9999.000,9999.000,9999.000,9999.000
202603041542,   0.110,9999.000,9999.000,9999.000,9999.000,9999.000,9999.000,9999.000,9999.000
202603041548,   0.110,9999.000,9999.000,9999.000,9999.000,9999.000,9999.000,9999.000,9999.000
202603041554,   0.111,9999.000,9999.000,9999.000,9999.000,9999.000,9999.000,9999.000,9999.000
202603041600,   0.115,9999.000,   0.700,  -0.090,   0.725,   0.700,   0.725,   0.800,   0.825
202603041606,   0.121,9999.000,9999.000,9999.000,9999.000,9999.000,9999.000,9999.000,9999.000
202603041612,   0.129,9999.000,9999.000,9999.000,9999.000,9999.000,9999.000,9999.000,9999.000
202603041618,   0.139,9999.000,9999.000,9999.000,9999.000,9999.000,9999.000,9999.000,9999.000
202603041624,   0.151,9999.000,9999.000,9999.000,9999.000,9999.000,9999.000,9999.000,9999.000
202603041630,   0.164,9999.000,9999.000,9999.000,9999.000,9999.000,9999.000,9999.000,9999.000
202603041636,   0.179,9999.000,9999.000,9999.000,9999.000,9999.000,9999.000,9999.000,9999.000
202603041642,   0.196,9999.000,9999.000,9999.000,9999.000,9999.000,9999.000,9999.000,9999.000
202603041648,   0.215,9999.000,9999.000,9999.000,9999.000,9999.000,9999.000,9999.000,9999.000
202603041654,   0.235,9999.000,9999.000,9999.000,9999.000,9999.000,9999.000,9999.000,9999.000
202603041700,   0.257,9999.000,   0.700,  -0.090,   0.867,   0.600,   0.767,   0.800,   0.967
202603041706,   0.280,9999.000,9999.000,9999.000,9999.000,9999.000,9999.000,9999.000,9999.000
202603041712,   0.304,9999.000,9999.000,9999.000,9999.000,9999.000,9999.000,9999.000,9999.000
202603041718,   0.330,9999.000,9999.000,9999.000,9999.000,9999.000,9999.000,9999.000,9999.000
202603041724,   0.357,9999.000,9999.000,9999.000,9999.000,9999.000,9999.000,9999.000,9999.000
202603041730,   0.384,9999.000,9999.000,9999.000,9999.000,9999.000,9999.000,9999.000,9999.000
202603041736,   0.413,9999.000,9999.000,9999.000,9999.000,9999.000,9999.000,9999.000,9999.000
202603041742,   0.442,9999.000,9999.000,9999.000,9999.000,9999.000,9999.000,9999.000,9999.000
202603041748,   0.472,9999.000,9999.000,9999.000,9999.000,9999.000,9999.000,9999.000,9999.000
202603041754,   0.503,9999.000,9999.000,9999.000,9999.000,9999.000,9999.000,9999.000,9999.000
202603041800,   0.534,9999.000,   0.700,  -0.090,   1.144,   0.600,   1.044,   0.700,   1.144
202603041806,   0.565,9999.000,9999.000,9999.000,9999.000,9999.000,9999.000,9999.000,9999.000
202603041812,   0.597,9999.000,9999.000,9999.000,9999.000,9999.000,9999.000,9999.000,9999.000
202603041818,   0.629,9999.000,9999.000,9999.000,9999.000,9999.000,9999.000,9999.000,9999.000
202603041824,   0.662,9999.000,9999.000,9999.000,9999.000,9999.000,9999.000,9999.000,9999.000
202603041830,   0.694,9999.000,9999.000,9999.000,9999.000,9999.000,9999.000,9999.000,9999.000
202603041836,   0.726,9999.000,9999.000,9999.000,9999.000,9999.000,9999.000,9999.000,9999.000
202603041842,   0.758,9999.000,9999.000,9999.000,9999.000,9999.000,9999.000,9999.000,9999.000
202603041848,   0.790,9999.000,9999.000,9999.000,9999.000,9999.000,9999.000,9999.000,9999.000
202603041854,   0.822,9999.000,9999.000,9999.000,9999.000,9999.000,9999.000,9999.000,9999.000
202603041900,   0.854,9999.000,   0.700,  -0.090,   1.464,   0.600,   1.364,   0.700,   1.464
202603041906,   0.885,9999.000,9999.000,9999.000,9999.000,9999.000,9999.000,9999.000,9999.000
202603041912,   0.916,9999.000,9999.000,9999.000,9999.000,9999.000,9999.000,9999.000,9999.000
202603041918,   0.946,9999.000,9999.000,9999.000,9999.000,9999.000,9999.000,9999.000,9999.000
202603041924,   0.976,9999.000,9999.000,9999.000,9999.000,9999.000,9999.000,9999.000,9999.000
202603041930,   1.005,9999.000,9999.000,9999.000,9999.000,9999.000,9999.000,9999.000,9999.000
202603041936,   1.034,9999.000,9999.000,9999.000,9999.000,9999.000,9999.000,9999.000,9999.000
202603041942,   1.062,9999.000,9999.000,9999.000,9999.000,9999.000,9999.000,9999.000,9999.000
202603041948,   1.089,9999.000,9999.000,9999.000,9999.000,9999.000,9999.000,9999.000,9999.000
202603041954,   1.116,9999.000,9999.000,9999.000,9999.000,9999.000,9999.000,9999.000,9999.000
202603042000,   1.141,9999.000,   0.700,  -0.090,   1.751,   0.600,   1.651,   0.800,   1.851
202603042006,   1.166,9999.000,9999.000,9999.000,9999.000,9999.000,9999.000,9999.000,9999.000
202603042012,   1.190,9999.000,9999.000,9999.000,9999.000,9999.000,9999.000,9999.000,9999.000
202603042018,   1.214,9999.000,9999.000,9999.000,9999.000,9999.000,9999.000,9999.000,9999.000
202603042024,   1.236,9999.000,9999.000,9999.000,9999.000,9999.000,9999.000,9999.000,9999.000
202603042030,   1.257,9999.000,9999.000,9999.000,9999.000,9999.000,9999.000,9999.000,9999.000
202603042036,   1.277,9999.000,9999.000,9999.000,9999.000,9999.000,9999.000,9999.000,9999.000
202603042042,   1.296,9999.000,9999.000,9999.000,9999.000,9999.000,9999.000,9999.000,9999.000
202603042048,   1.314,9999.000,9999.000,9999.000,9999.000,9999.000,9999.000,9999.000,9999.000
202603042054,   1.331,9999.000,9999.000,9999.000,9999.000,9999.000,9999.000,9999.000,9999.000
202603042100,   1.347,9999.000,   0.700,  -0.090,   1.957,   0.600,   1.857,   0.800,   2.057
202603042106,   1.362,9999.000,9999.000,9999.000,9999.000,9999.000,9999.000,9999.000,9999.000
202603042112,   1.375,9999.000,9999.000,9999.000,9999.000,9999.000,9999.000,9999.000,9999.000
202603042118,   1.387,9999.000,9999.000,9999.000,9999.000,9999.000,9999.000,9999.000,9999.000
202603042124,   1.398,9999.000,9999.000,9999.000,9999.000,9999.000,9999.000,9999.000,9999.000
202603042130,   1.407,9999.000,9999.000,9999.000,9999.000,9999.000,9999.000,9999.000,9999.000
202603042136,   1.415,9999.000,9999.000,9999.000,9999.000,9999.000,9999.000,9999.000,9999.000
202603042142,   1.421,9999.000,9999.000,9999.000,9999.000,9999.000,9999.000,9999.000,9999.000
202603042148,   1.427,9999.000,9999.000,9999.000,9999.000,9999.000,9999.000,9999.000,9999.000
202603042154,   1.430,9999.000,9999.000,9999.000,9999.000,9999.000,9999.000,9999.000,9999.000
202603042200,   1.433,9999.000,   0.700,  -0.090,   2.043,   0.600,   1.943,   0.800,   2.143
202603042206,   1.434,9999.000,9999.000,9999.000,9999.000,9999.000,9999.000,9999.000,9999.000
202603042212,   1.433,9999.000,9999.000,9999.000,9999.000,9999.000,9999.000,9999.000,9999.000
202603042218,   1.431,9999.000,9999.000,9999.000,9999.000,9999.000,9999.000,9999.000,9999.000
202603042224,   1.428,9999.000,9999.000,9999.000,9999.000,9999.000,9999.000,9999.000,9999.000
202603042230,   1.423,9999.000,9999.000,9999.000,9999.000,9999.000,9999.000,9999.000,9999.000
202603042236,   1.416,9999.000,9999.000,9999.000,9999.000,9999.000,9999.000,9999.000,9999.000
202603042242,   1.409,9999.000,9999.000,9999.000,9999.000,9999.000,9999.000,9999.000,9999.000
202603042248,   1.399,9999.000,9999.000,9999.000,9999.000,9999.000,9999.000,9999.000,9999.000
202603042254,   1.389,9999.000,9999.000,9999.000,9999.000,9999.000,9999.000,9999.000,9999.000
202603042300,   1.377,9999.000,   0.800,  -0.090,   2.087,   0.600,   1.887,   0.900,   2.187
202603042306,   1.363,9999.000,9999.000,9999.000,9999.000,9999.000,9999.000,9999.000,9999.000
202603042312,   1.349,9999.000,9999.000,9999.000,9999.000,9999.000,9999.000,9999.000,9999.000
202603042318,   1.333,9999.000,9999.000,9999.000,9999.000,9999.000,9999.000,9999.000,9999.000
202603042324,   1.316,9999.000,9999.000,9999.000,9999.000,9999.000,9999.000,9999.000,9999.000
202603042330,   1.297,9999.000,9999.000,9999.000,9999.000,9999.000,9999.000,9999.000,9999.000
202603042336,   1.278,9999.000,9999.000,9999.000,9999.000,9999.000,9999.000,9999.000,9999.000
202603042342,   1.257,9999.000,9999.000,9999.000,9999.000,9999.000,9999.000,9999.000,9999.000
202603042348,   1.235,9999.000,9999.000,9999.000,9999.000,9999.000,9999.000,9999.000,9999.000
202603042354,   1.212,9999.000,9999.000,9999.000,9999.000,9999.000,9999.000,9999.000,9999.000
202603050000,   1.189,9999.000,   0.800,  -0.090,   1.899,   0.700,   1.799,   0.900,   1.999
202603050006,   1.164,9999.000,9999.000,9999.000,9999.000,9999.000,9999.000,9999.000,9999.000
202603050012,   1.139,9999.000,9999.000,9999.000,9999.000,9999.000,9999.000,9999.000,9999.000
202603050018,   1.112,9999.000,9999.000,9999.000,9999.000,9999.000,9999.000,9999.000,9999.000
202603050024,   1.085,9999.000,9999.000,9999.000,9999.000,9999.000,9999.000,9999.000,9999.000
202603050030,   1.058,9999.000,9999.000,9999.000,9999.000,9999.000,9999.000,9999.000,9999.000
202603050036,   1.029,9999.000,9999.000,9999.000,9999.000,9999.000,9999.000,9999.000,9999.000
202603050042,   1.001,9999.000,9999.000,9999.000,9999.000,9999.000,9999.000,9999.000,9999.000
202603050048,   0.971,9999.000,9999.000,9999.000,9999.000,9999.000,9999.000,9999.000,9999.000
202603050054,   0.942,9999.000,9999.000,9999.000,9999.000,9999.000,9999.000,9999.000,9999.000
202603050100,   0.912,9999.000,   0.800,  -0.090,   1.622,   0.700,   1.522,   0.900,   1.722
202603050106,   0.882,9999.000,9999.000,9999.000,9999.000,9999.000,9999.000,9999.000,9999.000
202603050112,   0.851,9999.000,9999.000,9999.000,9999.000,9999.000,9999.000,9999.000,9999.000
202603050118,   0.821,9999.000,9999.000,9999.000,9999.000,9999.000,9999.000,9999.000,9999.000
202603050124,   0.790,9999.000,9999.000,9999.000,9999.000,9999.000,9999.000,9999.000,9999.000
202603050130,   0.760,9999.000,9999.000,9999.000,9999.000,9999.000,9999.000,9999.000,9999.000
202603050136,   0.730,9999.000,9999.000,9999.000,9999.000,9999.000,9999.000,9999.000,9999.000
202603050142,   0.700,9999.000,9999.000,9999.000,9999.000,9999.000,9999.000,9999.000,9999.000
202603050148,   0.671,9999.000,9999.000,9999.000,9999.000,9999.000,9999.000,9999.000,9999.000
202603050154,   0.642,9999.000,9999.000,9999.000,9999.000,9999.000,9999.000,9999.000,9999.000
202603050200,   0.614,9999.000,   0.900,  -0.090,   1.424,   0.800,   1.324,   0.900,   1.424
202603050206,   0.586,9999.000,9999.000,9999.000,9999.000,9999.000,9999.000,9999.000,9999.000
202603050212,   0.559,9999.000,9999.000,9999.000,9999.000,9999.000,9999.000,9999.000,9999.000
202603050218,   0.533,9999.000,9999.000,9999.000,9999.000,9999.000,9999.000,9999.000,9999.000
202603050224,   0.508,9999.000,9999.000,9999.000,9999.000,9999.000,9999.000,9999.000,9999.000
202603050230,   0.484,9999.000,9999.000,9999.000,9999.000,9999.000,9999.000,9999.000,9999.000
202603050236,   0.461,9999.000,9999.000,9999.000,9999.000,9999.000,9999.000,9999.000,9999.000
202603050242,   0.439,9999.000,9999.000,9999.000,9999.000,9999.000,9999.000,9999.000,9999.000
202603050248,   0.418,9999.000,9999.000,9999.000,9999.000,9999.000,9999.000,9999.000,9999.000
202603050254,   0.399,9999.000,9999.000,9999.000,9999.000,9999.000,9999.000,9999.000,9999.000
202603050300,   0.382,9999.000,   0.800,  -0.090,   1.092,   0.800,   1.092,   0.900,   1.192
202603050306,   0.365,9999.000,9999.000,9999.000,9999.000,9999.000,9999.000,9999.000,9999.000
202603050312,   0.351,9999.000,9999.000,9999.000,9999.000,9999.000,9999.000,9999.000,9999.000
202603050318,   0.338,9999.000,9999.000,9999.000,9999.000,9999.000,9999.000,9999.000,9999.000
202603050324,   0.327,9999.000,9999.000,9999.000,9999.000,9999.000,9999.000,9999.000,9999.000
202603050330,   0.317,9999.000,9999.000,9999.000,9999.000,9999.000,9999.000,9999.000,9999.000
202603050336,   0.309,9999.000,9999.000,9999.000,9999.000,9999.000,9999.000,9999.000,9999.000
202603050342,   0.304,9999.000,9999.000,9999.000,9999.000,9999.000,9999.000,9999.000,9999.000
202603050348,   0.299,9999.000,9999.000,9999.000,9999.000,9999.000,9999.000,9999.000,9999.000
202603050354,   0.297,9999.000,9999.000,9999.000,9999.000,9999.000,9999.000,9999.000,9999.000
202603050400,   0.297,9999.000,   0.800,  -0.090,   1.007,   0.800,   1.007,   0.900,   1.107
202603050406,   0.298,9999.000,9999.000,9999.000,9999.000,9999.000,9999.000,9999.000,9999.000
202603050412,   0.302,9999.000,9999.000,9999.000,9999.000,9999.000,9999.000,9999.000,9999.000
202603050418,   0.307,9999.000,9999.000,9999.000,9999.000,9999.000,9999.000,9999.000,9999.000
202603050424,   0.314,9999.000,9999.000,9999.000,9999.000,9999.000,9999.000,9999.000,9999.000
202603050430,   0.323,9999.000,9999.000,9999.000,9999.000,9999.000,9999.000,9999.000,9999.000
202603050436,   0.333,9999.000,9999.000,9999.000,9999.000,9999.000,9999.000,9999.000,9999.000
202603050442,   0.346,9999.000,9999.000,9999.000,9999.000,9999.000,9999.000,9999.000,9999.000
202603050448,   0.359,9999.000,9999.000,9999.000,9999.000,9999.000,9999.000,9999.000,9999.000
202603050454,   0.375,9999.000,9999.000,9999.000,9999.000,9999.000,9999.000,9999.000,9999.000
202603050500,   0.392,9999.000,   0.800,  -0.090,   1.102,   0.800,   1.102,   0.900,   1.202
202603050506,   0.410,9999.000,9999.000,9999.000,9999.000,9999.000,9999.000,9999.000,9999.000
202603050512,   0.430,9999.000,9999.000,9999.000,9999.000,9999.000,9999.000,9999.000,9999.000
202603050518,   0.450,9999.000,9999.000,9999.000,9999.000,9999.000,9999.000,9999.000,9999.000
202603050524,   0.473,9999.000,9999.000,9999.000,9999.000,9999.000,9999.000,9999.000,9999.000
202603050530,   0.496,9999.000,9999.000,9999.000,9999.000,9999.000,9999.000,9999.000,9999.000
202603050536,   0.520,9999.000,9999.000,9999.000,9999.000,9999.000,9999.000,9999.000,9999.000
202603050542,   0.545,9999.000,9999.000,9999.000,9999.000,9999.000,9999.000,9999.000,9999.000
202603050548,   0.571,9999.000,9999.000,9999.000,9999.000,9999.000,9999.000,9999.000,9999.000
202603050554,   0.598,9999.000,9999.000,9999.000,9999.000,9999.000,9999.000,9999.000,9999.000
202603050600,   0.625,9999.000,   0.800,  -0.090,   1.335,   0.700,   1.235,   0.900,   1.435
202603050606,   0.653,9999.000,9999.000,9999.000,9999.000,9999.000,9999.000,9999.000,9999.000
202603050612,   0.682,9999.000,9999.000,9999.000,9999.000,9999.000,9999.000,9999.000,9999.000
202603050618,   0.710,9999.000,9999.000,9999.000,9999.000,9999.000,9999.000,9999.000,9999.000
202603050624,   0.740,9999.000,9999.000,9999.000,9999.000,9999.000,9999.000,9999.000,9999.000
202603050630,   0.769,9999.000,9999.000,9999.000,9999.000,9999.000,9999.000,9999.000,9999.000
202603050636,   0.799,9999.000,9999.000,9999.000,9999.000,9999.000,9999.000,9999.000,9999.000
202603050642,   0.828,9999.000,9999.000,9999.000,9999.000,9999.000,9999.000,9999.000,9999.000
202603050648,   0.858,9999.000,9999.000,9999.000,9999.000,9999.000,9999.000,9999.000,9999.000
202603050654,   0.888,9999.000,9999.000,9999.000,9999.000,9999.000,9999.000,9999.000,9999.000
202603050700,   0.917,9999.000,   0.800,  -0.090,   1.627,   0.800,   1.627,   0.900,   1.727
202603050706,   0.947,9999.000,9999.000,9999.000,9999.000,9999.000,9999.000,9999.000,9999.000
202603050712,   0.976,9999.000,9999.000,9999.000,9999.000,9999.000,9999.000,9999.000,9999.000
202603050718,   1.005,9999.000,9999.000,9999.000,9999.000,9999.000,9999.000,9999.000,9999.000
202603050724,   1.033,9999.000,9999.000,9999.000,9999.000,9999.000,9999.000,9999.000,9999.000
202603050730,   1.061,9999.000,9999.000,9999.000,9999.000,9999.000,9999.000,9999.000,9999.000
202603050736,   1.089,9999.000,9999.000,9999.000,9999.000,9999.000,9999.000,9999.000,9999.000
202603050742,   1.117,9999.000,9999.000,9999.000,9999.000,9999.000,9999.000,9999.000,9999.000
202603050748,   1.143,9999.000,9999.000,9999.000,9999.000,9999.000,9999.000,9999.000,9999.000
202603050754,   1.169,9999.000,9999.000,9999.000,9999.000,9999.000,9999.000,9999.000,9999.000
202603050800,   1.195,9999.000,   0.900,  -0.090,   2.005,   0.800,   1.905,   0.900,   2.005
202603050806,   1.220,9999.000,9999.000,9999.000,9999.000,9999.000,9999.000,9999.000,9999.000
202603050812,   1.244,9999.000,9999.000,9999.000,9999.000,9999.000,9999.000,9999.000,9999.000
202603050818,   1.268,9999.000,9999.000,9999.000,9999.000,9999.000,9999.000,9999.000,9999.000
202603050824,   1.290,9999.000,9999.000,9999.000,9999.000,9999.000,9999.000,9999.000,9999.000
202603050830,   1.312,9999.000,9999.000,9999.000,9999.000,9999.000,9999.000,9999.000,9999.000
202603050836,   1.333,9999.000,9999.000,9999.000,9999.000,9999.000,9999.000,9999.000,9999.000
202603050842,   1.353,9999.000,9999.000,9999.000,9999.000,9999.000,9999.000,9999.000,9999.000
202603050848,   1.372,9999.000,9999.000,9999.000,9999.000,9999.000,9999.000,9999.000,9999.000
202603050854,   1.390,9999.000,9999.000,9999.000,9999.000,9999.000,9999.000,9999.000,9999.000
202603050900,   1.407,9999.000,   0.900,  -0.090,   2.217,   0.800,   2.117,   1.000,   2.317
202603050906,   1.423,9999.000,9999.000,9999.000,9999.000,9999.000,9999.000,9999.000,9999.000
202603050912,   1.438,9999.000,9999.000,9999.000,9999.000,9999.000,9999.000,9999.000,9999.000
202603050918,   1.452,9999.000,9999.000,9999.000,9999.000,9999.000,9999.000,9999.000,9999.000
202603050924,   1.465,9999.000,9999.000,9999.000,9999.000,9999.000,9999.000,9999.000,9999.000
202603050930,   1.476,9999.000,9999.000,9999.000,9999.000,9999.000,9999.000,9999.000,9999.000
202603050936,   1.487,9999.000,9999.000,9999.000,9999.000,9999.000,9999.000,9999.000,9999.000
202603050942,   1.496,9999.000,9999.000,9999.000,9999.000,9999.000,9999.000,9999.000,9999.000
202603050948,   1.503,9999.000,9999.000,9999.000,9999.000,9999.000,9999.000,9999.000,9999.000
202603050954,   1.510,9999.000,9999.000,9999.000,9999.000,9999.000,9999.000,9999.000,9999.000
202603051000,   1.515,9999.000,   0.900,  -0.090,   2.325,   0.800,   2.225,   1.000,   2.425
202603051006,   1.519,9999.000,9999.000,9999.000,9999.000,9999.000,9999.000,9999.000,9999.000
202603051012,   1.522,9999.000,9999.000,9999.000,9999.000,9999.000,9999.000,9999.000,9999.000
202603051018,   1.523,9999.000,9999.000,9999.000,9999.000,9999.000,9999.000,9999.000,9999.000
202603051024,   1.523,9999.000,9999.000,9999.000,9999.000,9999.000,9999.000,9999.000,9999.000
202603051030,   1.522,9999.000,9999.000,9999.000,9999.000,9999.000,9999.000,9999.000,9999.000
202603051036,   1.519,9999.000,9999.000,9999.000,9999.000,9999.000,9999.000,9999.000,9999.000
202603051042,   1.515,9999.000,9999.000,9999.000,9999.000,9999.000,9999.000,9999.000,9999.000
202603051048,   1.510,9999.000,9999.000,9999.000,9999.000,9999.000,9999.000,9999.000,9999.000
202603051054,   1.503,9999.000,9999.000,9999.000,9999.000,9999.000,9999.000,9999.000,9999.000
202603051100,   1.495,9999.000,   0.900,  -0.090,   2.305,   0.800,   2.205,   1.000,   2.405
202603051106,   1.486,9999.000,9999.000,9999.000,9999.000,9999.000,9999.000,9999.000,9999.000
202603051112,   1.476,9999.000,9999.000,9999.000,9999.000,9999.000,9999.000,9999.000,9999.000
202603051118,   1.464,9999.000,9999.000,9999.000,9999.000,9999.000,9999.000,9999.000,9999.000
202603051124,   1.452,9999.000,9999.000,9999.000,9999.000,9999.000,9999.000,9999.000,9999.000
202603051130,   1.438,9999.000,9999.000,9999.000,9999.000,9999.000,9999.000,9999.000,9999.000
202603051136,   1.423,9999.000,9999.000,9999.000,9999.000,9999.000,9999.000,9999.000,9999.000
202603051142,   1.407,9999.000,9999.000,9999.000,9999.000,9999.000,9999.000,9999.000,9999.000
202603051148,   1.389,9999.000,9999.000,9999.000,9999.000,9999.000,9999.000,9999.000,9999.000
202603051154,   1.371,9999.000,9999.000,9999.000,9999.000,9999.000,9999.000,9999.000,9999.000
202603051200,   1.352,9999.000,   0.900,  -0.090,   2.162,   0.800,   2.062,   1.000,   2.262
202603051206,   1.332,9999.000,9999.000,9999.000,9999.000,9999.000,9999.000,9999.000,9999.000
202603051212,   1.310,9999.000,9999.000,9999.000,9999.000,9999.000,9999.000,9999.000,9999.000
202603051218,   1.288,9999.000,9999.000,9999.000,9999.000,9999.000,9999.000,9999.000,9999.000
202603051224,   1.265,9999.000,9999.000,9999.000,9999.000,9999.000,9999.000,9999.000,9999.000
202603051230,   1.242,9999.000,9999.000,9999.000,9999.000,9999.000,9999.000,9999.000,9999.000
202603051236,   1.217,9999.000,9999.000,9999.000,9999.000,9999.000,9999.000,9999.000,9999.000
202603051242,   1.192,9999.000,9999.000,9999.000,9999.000,9999.000,9999.000,9999.000,9999.000
202603051248,   1.166,9999.000,9999.000,9999.000,9999.000,9999.000,9999.000,9999.000,9999.000
202603051254,   1.140,9999.000,9999.000,9999.000,9999.000,9999.000,9999.000,9999.000,9999.000
202603051300,   1.113,9999.000,   0.900,  -0.090,   1.923,   0.800,   1.823,   1.000,   2.023
202603051306,   1.086,9999.000,9999.000,9999.000,9999.000,9999.000,9999.000,9999.000,9999.000
202603051312,   1.058,9999.000,9999.000,9999.000,9999.000,9999.000,9999.000,9999.000,9999.000
202603051318,   1.030,9999.000,9999.000,9999.000,9999.000,9999.000,9999.000,9999.000,9999.000
202603051324,   1.001,9999.000,9999.000,9999.000,9999.000,9999.000,9999.000,9999.000,9999.000
202603051330,   0.973,9999.000,9999.000,9999.000,9999.000,9999.000,9999.000,9999.000,9999.000
202603051336,   0.944,9999.000,9999.000,9999.000,9999.000,9999.000,9999.000,9999.000,9999.000
202603051342,   0.915,9999.000,9999.000,9999.000,9999.000,9999.000,9999.000,9999.000,9999.000
202603051348,   0.887,9999.000,9999.000,9999.000,9999.000,9999.000,9999.000,9999.000,9999.000
202603051354,   0.858,9999.000,9999.000,9999.000,9999.000,9999.000,9999.000,9999.000,9999.000
202603051400,   0.830,9999.000,   0.800,  -0.090,   1.540,   0.800,   1.540,   0.900,   1.640
202603051406,   0.802,9999.000,9999.000,9999.000,9999.000,9999.000,9999.000,9999.000,9999.000
202603051412,   0.774,9999.000,9999.000,9999.000,9999.000,9999.000,9999.000,9999.000,9999.000
202603051418,   0.747,9999.000,9999.000,9999.000,9999.000,9999.000,9999.000,9999.000,9999.000
202603051424,   0.720,9999.000,9999.000,9999.000,9999.000,9999.000,9999.000,9999.000,9999.000
202603051430,   0.694,9999.000,9999.000,9999.000,9999.000,9999.000,9999.000,9999.000,9999.000
202603051436,   0.668,9999.000,9999.000,9999.000,9999.000,9999.000,9999.000,9999.000,9999.000
202603051442,   0.644,9999.000,9999.000,9999.000,9999.000,9999.000,9999.000,9999.000,9999.000
202603051448,   0.620,9999.000,9999.000,9999.000,9999.000,9999.000,9999.000,9999.000,9999.000
202603051454,   0.598,9999.000,9999.000,9999.000,9999.000,9999.000,9999.000,9999.000,9999.000
202603051500,   0.576,9999.000,   0.800,  -0.090,   1.286,   0.700,   1.186,   0.900,   1.386
202603051506,   0.556,9999.000,9999.000,9999.000,9999.000,9999.000,9999.000,9999.000,9999.000
202603051512,   0.537,9999.000,9999.000,9999.000,9999.000,9999.000,9999.000,9999.000,9999.000
202603051518,   0.519,9999.000,9999.000,9999.000,9999.000,9999.000,9999.000,9999.000,9999.000
202603051524,   0.503,9999.000,9999.000,9999.000,9999.000,9999.000,9999.000,9999.000,9999.000
202603051530,   0.488,9999.000,9999.000,9999.000,9999.000,9999.000,9999.000,9999.000,9999.000
202603051536,   0.475,9999.000,9999.000,9999.000,9999.000,9999.000,9999.000,9999.000,9999.000
202603051542,   0.463,9999.000,9999.000,9999.000,9999.000,9999.000,9999.000,9999.000,9999.000
202603051548,   0.453,9999.000,9999.000,9999.000,9999.000,9999.000,9999.000,9999.000,9999.000
202603051554,   0.444,9999.000,9999.000,9999.000,9999.000,9999.000,9999.000,9999.000,9999.000
202603051600,   0.437,9999.000,   0.800,  -0.090,   1.147,   0.700,   1.047,   0.900,   1.247
202603051606,   0.432,9999.000,9999.000,9999.000,9999.000,9999.000,9999.000,9999.000,9999.000
202603051612,   0.429,9999.000,9999.000,9999.000,9999.000,9999.000,9999.000,9999.000,9999.000
202603051618,   0.427,9999.000,9999.000,9999.000,9999.000,9999.000,9999.000,9999.000,9999.000
202603051624,   0.427,9999.000,9999.000,9999.000,9999.000,9999.000,9999.000,9999.000,9999.000
202603051630,   0.428,9999.000,9999.000,9999.000,9999.000,9999.000,9999.000,9999.000,9999.000
202603051636,   0.431,9999.000,9999.000,9999.000,9999.000,9999.000,9999.000,9999.000,9999.000
202603051642,   0.436,9999.000,9999.000,9999.000,9999.000,9999.000,9999.000,9999.000,9999.000
202603051648,   0.442,9999.000,9999.000,9999.000,9999.000,9999.000,9999.000,9999.000,9999.000
202603051654,   0.450,9999.000,9999.000,9999.000,9999.000,9999.000,9999.000,9999.000,9999.000
202603051700,   0.460,9999.000,   0.800,  -0.090,   1.170,   0.700,   1.070,   0.900,   1.270
202603051706,   0.471,9999.000,9999.000,9999.000,9999.000,9999.000,9999.000,9999.000,9999.000
202603051712,   0.483,9999.000,9999.000,9999.000,9999.000,9999.000,9999.000,9999.000,9999.000
202603051718,   0.497,9999.000,9999.000,9999.000,9999.000,9999.000,9999.000,9999.000,9999.000
202603051724,   0.511,9999.000,9999.000,9999.000,9999.000,9999.000,9999.000,9999.000,9999.000
202603051730,   0.528,9999.000,9999.000,9999.000,9999.000,9999.000,9999.000,9999.000,9999.000
202603051736,   0.545,9999.000,9999.000,9999.000,9999.000,9999.000,9999.000,9999.000,9999.000
202603051742,   0.563,9999.000,9999.000,9999.000,9999.000,9999.000,9999.000,9999.000,9999.000
202603051748,   0.582,9999.000,9999.000,9999.000,9999.000,9999.000,9999.000,9999.000,9999.000
202603051754,   0.602,9999.000,9999.000,9999.000,9999.000,9999.000,9999.000,9999.000,9999.000
202603051800,   0.623,9999.000,   0.800,  -0.090,   1.333,   0.700,   1.233,   0.900,   1.433
202603051806,   0.645,9999.000,9999.000,9999.000,9999.000,9999.000,9999.000,9999.000,9999.000
202603051812,   0.668,9999.000,9999.000,9999.000,9999.000,9999.000,9999.000,9999.000,9999.000
202603051818,   0.691,9999.000,9999.000,9999.000,9999.000,9999.000,9999.000,9999.000,9999.000
202603051824,   0.714,9999.000,9999.000,9999.000,9999.000,9999.000,9999.000,9999.000,9999.000
202603051830,   0.738,9999.000,9999.000,9999.000,9999.000,9999.000,9999.000,9999.000,9999.000
202603051836,   0.762,9999.000,9999.000,9999.000,9999.000,9999.000,9999.000,9999.000,9999.000
202603051842,   0.787,9999.000,9999.000,9999.000,9999.000,9999.000,9999.000,9999.000,9999.000
202603051848,   0.812,9999.000,9999.000,9999.000,9999.000,9999.000,9999.000,9999.000,9999.000
202603051854,   0.837,9999.000,9999.000,9999.000,9999.000,9999.000,9999.000,9999.000,9999.000
202603051900,   0.862,9999.000,   0.800,  -0.090,   1.572,   0.700,   1.472,   0.900,   1.672
202603051906,   0.887,9999.000,9999.000,9999.000,9999.000,9999.000,9999.000,9999.000,9999.000
202603051912,   0.913,9999.000,9999.000,9999.000,9999.000,9999.000,9999.000,9999.000,9999.000
202603051918,   0.938,9999.000,9999.000,9999.000,9999.000,9999.000,9999.000,9999.000,9999.000
202603051924,   0.963,9999.000,9999.000,9999.000,9999.000,9999.000,9999.000,9999.000,9999.000
202603051930,   0.987,9999.000,9999.000,9999.000,9999.000,9999.000,9999.000,9999.000,9999.000
202603051936,   1.012,9999.000,9999.000,9999.000,9999.000,9999.000,9999.000,9999.000,9999.000
202603051942,   1.036,9999.000,9999.000,9999.000,9999.000,9999.000,9999.000,9999.000,9999.000
202603051948,   1.060,9999.000,9999.000,9999.000,9999.000,9999.000,9999.000,9999.000,9999.000
202603051954,   1.083,9999.000,9999.000,9999.000,9999.000,9999.000,9999.000,9999.000,9999.000
202603052000,   1.106,9999.000,   0.800,  -0.090,   1.816,   0.700,   1.716,   0.900,   1.916
202603052006,   1.129,9999.000,9999.000,9999.000,9999.000,9999.000,9999.000,9999.000,9999.000
202603052012,   1.151,9999.000,9999.000,9999.000,9999.000,9999.000,9999.000,9999.000,9999.000
202603052018,   1.172,9999.000,9999.000,9999.000,9999.000,9999.000,9999.000,9999.000,9999.000
202603052024,   1.193,9999.000,9999.000,9999.000,9999.000,9999.000,9999.000,9999.000,9999.000
202603052030,   1.213,9999.000,9999.000,9999.000,9999.000,9999.000,9999.000,9999.000,9999.000
202603052036,   1.232,9999.000,9999.000,9999.000,9999.000,9999.000,9999.000,9999.000,9999.000
202603052042,   1.250,9999.000,9999.000,9999.000,9999.000,9999.000,9999.000,9999.000,9999.000
202603052048,   1.268,9999.000,9999.000,9999.000,9999.000,9999.000,9999.000,9999.000,9999.000
202603052054,   1.284,9999.000,9999.000,9999.000,9999.000,9999.000,9999.000,9999.000,9999.000
202603052100,   1.300,9999.000,   0.800,  -0.090,   2.010,   0.700,   1.910,   0.900,   2.110
202603052106,   1.315,9999.000,9999.000,9999.000,9999.000,9999.000,9999.000,9999.000,9999.000
202603052112,   1.329,9999.000,9999.000,9999.000,9999.000,9999.000,9999.000,9999.000,9999.000
202603052118,   1.341,9999.000,9999.000,9999.000,9999.000,9999.000,9999.000,9999.000,9999.000
202603052124,   1.353,9999.000,9999.000,9999.000,9999.000,9999.000,9999.000,9999.000,9999.000
202603052130,   1.363,9999.000,9999.000,9999.000,9999.000,9999.000,9999.000,9999.000,9999.000
202603052136,   1.373,9999.000,9999.000,9999.000,9999.000,9999.000,9999.000,9999.000,9999.000
202603052142,   1.381,9999.000,9999.000,9999.000,9999.000,9999.000,9999.000,9999.000,9999.000
202603052148,   1.388,9999.000,9999.000,9999.000,9999.000,9999.000,9999.000,9999.000,9999.000
202603052154,   1.393,9999.000,9999.000,9999.000,9999.000,9999.000,9999.000,9999.000,9999.000
202603052200,   1.398,9999.000,   0.800,  -0.090,   2.108,   0.700,   2.008,   0.900,   2.208
202603052206,   1.401,9999.000,9999.000,9999.000,9999.000,9999.000,9999.000,9999.000,9999.000
202603052212,   1.403,9999.000,9999.000,9999.000,9999.000,9999.000,9999.000,9999.000,9999.000
202603052218,   1.403,9999.000,9999.000,9999.000,9999.000,9999.000,9999.000,9999.000,9999.000
202603052224,   1.402,9999.000,9999.000,9999.000,9999.000,9999.000,9999.000,9999.000,9999.000
202603052230,   1.400,9999.000,9999.000,9999.000,9999.000,9999.000,9999.000,9999.000,9999.000
202603052236,   1.397,9999.000,9999.000,9999.000,9999.000,9999.000,9999.000,9999.000,9999.000
202603052242,   1.392,9999.000,9999.000,9999.000,9999.000,9999.000,9999.000,9999.000,9999.000
202603052248,   1.386,9999.000,9999.000,9999.000,9999.000,9999.000,9999.000,9999.000,9999.000
202603052254,   1.379,9999.000,9999.000,9999.000,9999.000,9999.000,9999.000,9999.000,9999.000
202603052300,   1.370,9999.000,   0.900,  -0.090,   2.180,   0.800,   2.080,   0.900,   2.180
202603052306,   1.361,9999.000,9999.000,9999.000,9999.000,9999.000,9999.000,9999.000,9999.000
202603052312,   1.349,9999.000,9999.000,9999.000,9999.000,9999.000,9999.000,9999.000,9999.000
202603052318,   1.337,9999.000,9999.000,9999.000,9999.000,9999.000,9999.000,9999.000,9999.000
202603052324,   1.323,9999.000,9999.000,9999.000,9999.000,9999.000,9999.000,9999.000,9999.000
202603052330,   1.309,9999.000,9999.000,9999.000,9999.000,9999.000,9999.000,9999.000,9999.000
202603052336,   1.293,9999.000,9999.000,9999.000,9999.000,9999.000,9999.000,9999.000,9999.000
202603052342,   1.276,9999.000,9999.000,9999.000,9999.000,9999.000,9999.000,9999.000,9999.000
202603052348,   1.257,9999.000,9999.000,9999.000,9999.000,9999.000,9999.000,9999.000,9999.000
202603052354,   1.238,9999.000,9999.000,9999.000,9999.000,9999.000,9999.000,9999.000,9999.000
202603060000,   1.218,9999.000,   0.900,  -0.090,   2.028,   0.800,   1.928,   1.000,   2.128
202603060006,   1.196,9999.000,9999.000,9999.000,9999.000,9999.000,9999.000,9999.000,9999.000
202603060012,   1.174,9999.000,9999.000,9999.000,9999.000,9999.000,9999.000,9999.000,9999.000
202603060018,   1.150,9999.000,9999.000,9999.000,9999.000,9999.000,9999.000,9999.000,9999.000
202603060024,   1.126,9999.000,9999.000,9999.000,9999.000,9999.000,9999.000,9999.000,9999.000
202603060030,   1.101,9999.000,9999.000,9999.000,9999.000,9999.000,9999.000,9999.000,9999.000
202603060036,   1.074,9999.000,9999.000,9999.000,9999.000,9999.000,9999.000,9999.000,9999.000
202603060042,   1.047,9999.000,9999.000,9999.000,9999.000,9999.000,9999.000,9999.000,9999.000
202603060048,   1.020,9999.000,9999.000,9999.000,9999.000,9999.000,9999.000,9999.000,9999.000
202603060054,   0.991,9999.000,9999.000,9999.000,9999.000,9999.000,9999.000,9999.000,9999.000
202603060100,   0.962,9999.000,   0.900,  -0.090,   1.772,   0.900,   1.772,   1.000,   1.872
202603060106,   0.933,9999.000,9999.000,9999.000,9999.000,9999.000,9999.000,9999.000,9999.000
202603060112,   0.902,9999.000,9999.000,9999.000,9999.000,9999.000,9999.000,9999.000,9999.000
202603060118,   0.872,9999.000,9999.000,9999.000,9999.000,9999.000,9999.000,9999.000,9999.000
202603060124,   0.840,9999.000,9999.000,9999.000,9999.000,9999.000,9999.000,9999.000,9999.000
202603060130,   0.809,9999.000,9999.000,9999.000,9999.000,9999.000,9999.000,9999.000,9999.000
202603060136,   0.777,9999.000,9999.000,9999.000,9999.000,9999.000,9999.000,9999.000,9999.000
202603060142,   0.745,9999.000,9999.000,9999.000,9999.000,9999.000,9999.000,9999.000,9999.000
202603060148,   0.713,9999.000,9999.000,9999.000,9999.000,9999.000,9999.000,9999.000,9999.000
202603060154,   0.681,9999.000,9999.000,9999.000,9999.000,9999.000,9999.000,9999.000,9999.000
202603060200,   0.649,9999.000,   1.000,  -0.090,   1.559,   0.900,   1.459,   1.000,   1.559
202603060206,   0.617,9999.000,9999.000,9999.000,9999.000,9999.000,9999.000,9999.000,9999.000
202603060212,   0.585,9999.000,9999.000,9999.000,9999.000,9999.000,9999.000,9999.000,9999.000
202603060218,   0.554,9999.000,9999.000,9999.000,9999.000,9999.000,9999.000,9999.000,9999.000
202603060224,   0.523,9999.000,9999.000,9999.000,9999.000,9999.000,9999.000,9999.000,9999.000
202603060230,   0.493,9999.000,9999.000,9999.000,9999.000,9999.000,9999.000,9999.000,9999.000
202603060236,   0.463,9999.000,9999.000,9999.000,9999.000,9999.000,9999.000,9999.000,9999.000
202603060242,   0.434,9999.000,9999.000,9999.000,9999.000,9999.000,9999.000,9999.000,9999.000
202603060248,   0.406,9999.000,9999.000,9999.000,9999.000,9999.000,9999.000,9999.000,9999.000
202603060254,   0.379,9999.000,9999.000,9999.000,9999.000,9999.000,9999.000,9999.000,9999.000
202603060300,   0.352,9999.000,   1.000,  -0.090,   1.262,   0.900,   1.162,   1.000,   1.262
202603060306,   0.327,9999.000,9999.000,9999.000,9999.000,9999.000,9999.000,9999.000,9999.000
202603060312,   0.304,9999.000,9999.000,9999.000,9999.000,9999.000,9999.000,9999.000,9999.000
202603060318,   0.281,9999.000,9999.000,9999.000,9999.000,9999.000,9999.000,9999.000,9999.000
202603060324,   0.260,9999.000,9999.000,9999.000,9999.000,9999.000,9999.000,9999.000,9999.000
202603060330,   0.240,9999.000,9999.000,9999.000,9999.000,9999.000,9999.000,9999.000,9999.000
202603060336,   0.222,9999.000,9999.000,9999.000,9999.000,9999.000,9999.000,9999.000,9999.000
202603060342,   0.205,9999.000,9999.000,9999.000,9999.000,9999.000,9999.000,9999.000,9999.000
202603060348,   0.191,9999.000,9999.000,9999.000,9999.000,9999.000,9999.000,9999.000,9999.000
202603060354,   0.177,9999.000,9999.000,9999.000,9999.000,9999.000,9999.000,9999.000,9999.000
202603060400,   0.166,9999.000,   1.000,  -0.090,   1.076,   0.900,   0.976,   1.000,   1.076
202603060406,   0.156,9999.000,9999.000,9999.000,9999.000,9999.000,9999.000,9999.000,9999.000
202603060412,   0.149,9999.000,9999.000,9999.000,9999.000,9999.000,9999.000,9999.000,9999.000
202603060418,   0.143,9999.000,9999.000,9999.000,9999.000,9999.000,9999.000,9999.000,9999.000
202603060424,   0.139,9999.000,9999.000,9999.000,9999.000,9999.000,9999.000,9999.000,9999.000
202603060430,   0.137,9999.000,9999.000,9999.000,9999.000,9999.000,9999.000,9999.000,9999.000
202603060436,   0.137,9999.000,9999.000,9999.000,9999.000,9999.000,9999.000,9999.000,9999.000
202603060442,   0.138,9999.000,9999.000,9999.000,9999.000,9999.000,9999.000,9999.000,9999.000
202603060448,   0.142,9999.000,9999.000,9999.000,9999.000,9999.000,9999.000,9999.000,9999.000
202603060454,   0.147,9999.000,9999.000,9999.000,9999.000,9999.000,9999.000,9999.000,9999.000
202603060500,   0.154,9999.000,   1.000,  -0.090,   1.064,   0.900,   0.964,   1.100,   1.164
202603060506,   0.163,9999.000,9999.000,9999.000,9999.000,9999.000,9999.000,9999.000,9999.000
202603060512,   0.174,9999.000,9999.000,9999.000,9999.000,9999.000,9999.000,9999.000,9999.000
202603060518,   0.186,9999.000,9999.000,9999.000,9999.000,9999.000,9999.000,9999.000,9999.000
202603060524,   0.200,9999.000,9999.000,9999.000,9999.000,9999.000,9999.000,9999.000,9999.000
202603060530,   0.215,9999.000,9999.000,9999.000,9999.000,9999.000,9999.000,9999.000,9999.000
202603060536,   0.232,9999.000,9999.000,9999.000,9999.000,9999.000,9999.000,9999.000,9999.000
202603060542,   0.251,9999.000,9999.000,9999.000,9999.000,9999.000,9999.000,9999.000,9999.000
202603060548,   0.270,9999.000,9999.000,9999.000,9999.000,9999.000,9999.000,9999.000,9999.000
202603060554,   0.292,9999.000,9999.000,9999.000,9999.000,9999.000,9999.000,9999.000,9999.000
202603060600,   0.314,9999.000,   0.900,  -0.090,   1.124,   0.900,   1.124,   1.100,   1.324
202603060606,   0.337,9999.000,9999.000,9999.000,9999.000,9999.000,9999.000,9999.000,9999.000
202603060612,   0.362,9999.000,9999.000,9999.000,9999.000,9999.000,9999.000,9999.000,9999.000
202603060618,   0.387,9999.000,9999.000,9999.000,9999.000,9999.000,9999.000,9999.000,9999.000
202603060624,   0.413,9999.000,9999.000,9999.000,9999.000,9999.000,9999.000,9999.000,9999.000
202603060630,   0.441,9999.000,9999.000,9999.000,9999.000,9999.000,9999.000,9999.000,9999.000
202603060636,   0.469,9999.000,9999.000,9999.000,9999.000,9999.000,9999.000,9999.000,9999.000
202603060642,   0.497,9999.000,9999.000,9999.000,9999.000,9999.000,9999.000,9999.000,9999.000
202603060648,   0.526,9999.000,9999.000,9999.000,9999.000,9999.000,9999.000,9999.000,9999.000
202603060654,   0.556,9999.000,9999.000,9999.000,9999.000,9999.000,9999.000,9999.000,9999.000
202603060700,   0.586,9999.000,   1.000,  -0.090,   1.496,   0.900,   1.396,   1.100,   1.596
202603060706,   0.617,9999.000,9999.000,9999.000,9999.000,9999.000,9999.000,9999.000,9999.000
202603060712,   0.648,9999.000,9999.000,9999.000,9999.000,9999.000,9999.000,9999.000,9999.000
202603060718,   0.679,9999.000,9999.000,9999.000,9999.000,9999.000,9999.000,9999.000,9999.000
202603060724,   0.710,9999.000,9999.000,9999.000,9999.000,9999.000,9999.000,9999.000,9999.000
202603060730,   0.742,9999.000,9999.000,9999.000,9999.000,9999.000,9999.000,9999.000,9999.000
202603060736,   0.773,9999.000,9999.000,9999.000,9999.000,9999.000,9999.000,9999.000,9999.000
202603060742,   0.805,9999.000,9999.000,9999.000,9999.000,9999.000,9999.000,9999.000,9999.000
202603060748,   0.836,9999.000,9999.000,9999.000,9999.000,9999.000,9999.000,9999.000,9999.000
202603060754,   0.867,9999.000,9999.000,9999.000,9999.000,9999.000,9999.000,9999.000,9999.000
202603060800,   0.898,9999.000,   1.000,  -0.090,   1.808,   0.900,   1.708,   1.100,   1.908
202603060806,   0.929,9999.000,9999.000,9999.000,9999.000,9999.000,9999.000,9999.000,9999.000
202603060812,   0.959,9999.000,9999.000,9999.000,9999.000,9999.000,9999.000,9999.000,9999.000
202603060818,   0.989,9999.000,9999.000,9999.000,9999.000,9999.000,9999.000,9999.000,9999.000
202603060824,   1.019,9999.000,9999.000,9999.000,9999.000,9999.000,9999.000,9999.000,9999.000
202603060830,   1.048,9999.000,9999.000,9999.000,9999.000,9999.000,9999.000,9999.000,9999.000
202603060836,   1.076,9999.000,9999.000,9999.000,9999.000,9999.000,9999.000,9999.000,9999.000
202603060842,   1.104,9999.000,9999.000,9999.000,9999.000,9999.000,9999.000,9999.000,9999.000
202603060848,   1.131,9999.000,9999.000,9999.000,9999.000,9999.000,9999.000,9999.000,9999.000
202603060854,   1.157,9999.000,9999.000,9999.000,9999.000,9999.000,9999.000,9999.000,9999.000
202603060900,   1.183,9999.000,   1.000,  -0.090,   2.093,   0.900,   1.993,   1.100,   2.193
202603060906,   1.208,9999.000,9999.000,9999.000,9999.000,9999.000,9999.000,9999.000,9999.000
202603060912,   1.231,9999.000,9999.000,9999.000,9999.000,9999.000,9999.000,9999.000,9999.000
202603060918,   1.254,9999.000,9999.000,9999.000,9999.000,9999.000,9999.000,9999.000,9999.000
202603060924,   1.276,9999.000,9999.000,9999.000,9999.000,9999.000,9999.000,9999.000,9999.000
202603060930,   1.297,9999.000,9999.000,9999.000,9999.000,9999.000,9999.000,9999.000,9999.000
202603060936,   1.317,9999.000,9999.000,9999.000,9999.000,9999.000,9999.000,9999.000,9999.000
202603060942,   1.336,9999.000,9999.000,9999.000,9999.000,9999.000,9999.000,9999.000,9999.000
202603060948,   1.354,9999.000,9999.000,9999.000,9999.000,9999.000,9999.000,9999.000,9999.000
202603060954,   1.370,9999.000,9999.000,9999.000,9999.000,9999.000,9999.000,9999.000,9999.000
202603061000,   1.386,9999.000,   1.000,  -0.090,   2.296,   0.900,   2.196,   1.100,   2.396
202603061006,   1.400,9999.000,9999.000,9999.000,9999.000,9999.000,9999.000,9999.000,9999.000
202603061012,   1.414,9999.000,9999.000,9999.000,9999.000,9999.000,9999.000,9999.000,9999.000
202603061018,   1.426,9999.000,9999.000,9999.000,9999.000,9999.000,9999.000,9999.000,9999.000
202603061024,   1.437,9999.000,9999.000,9999.000,9999.000,9999.000,9999.000,9999.000,9999.000
202603061030,   1.446,9999.000,9999.000,9999.000,9999.000,9999.000,9999.000,9999.000,9999.000
202603061036,   1.455,9999.000,9999.000,9999.000,9999.000,9999.000,9999.000,9999.000,9999.000
202603061042,   1.462,9999.000,9999.000,9999.000,9999.000,9999.000,9999.000,9999.000,9999.000
202603061048,   1.469,9999.000,9999.000,9999.000,9999.000,9999.000,9999.000,9999.000,9999.000
202603061054,   1.474,9999.000,9999.000,9999.000,9999.000,9999.000,9999.000,9999.000,9999.000
202603061100,   1.478,9999.000,   1.000,  -0.090,   2.388,   1.000,   2.388,   1.100,   2.488
202603061106,   1.481,9999.000,9999.000,9999.000,9999.000,9999.000,9999.000,9999.000,9999.000
202603061112,   1.482,9999.000,9999.000,9999.000,9999.000,9999.000,9999.000,9999.000,9999.000
202603061118,   1.483,9999.000,9999.000,9999.000,9999.000,9999.000,9999.000,9999.000,9999.000
202603061124,   1.482,9999.000,9999.000,9999.000,9999.000,9999.000,9999.000,9999.000,9999.000
202603061130,   1.481,9999.000,9999.000,9999.000,9999.000,9999.000,9999.000,9999.000,9999.000
202603061136,   1.478,9999.000,9999.000,9999.000,9999.000,9999.000,9999.000,9999.000,9999.000
202603061142,   1.474,9999.000,9999.000,9999.000,9999.000,9999.000,9999.000,9999.000,9999.000
202603061148,   1.470,9999.000,9999.000,9999.000,9999.000,9999.000,9999.000,9999.000,9999.000
202603061154,   1.464,9999.000,9999.000,9999.000,9999.000,9999.000,9999.000,9999.000,9999.000
202603061200,   1.457,9999.000,   1.000,  -0.090,   2.367,   1.000,   2.367,   1.100,   2.467
202603061206,   1.450,9999.000,9999.000,9999.000,9999.000,9999.000,9999.000,9999.000,9999.000
202603061212,   1.441,9999.000,9999.000,9999.000,9999.000,9999.000,9999.000,9999.000,9999.000
202603061218,   1.432,9999.000,9999.000,9999.000,9999.000,9999.000,9999.000,9999.000,9999.000
202603061224,   1.421,9999.000,9999.000,9999.000,9999.000,9999.000,9999.000,9999.000,9999.000
202603061230,   1.410,9999.000,9999.000,9999.000,9999.000,9999.000,9999.000,9999.000,9999.000
202603061236,   1.398,9999.000,9999.000,9999.000,9999.000,9999.000,9999.000,9999.000,9999.000
202603061242,   1.385,9999.000,9999.000,9999.000,9999.000,9999.000,9999.000,9999.000,9999.000
202603061248,   1.371,9999.000,9999.000,9999.000,9999.000,9999.000,9999.000,9999.000,9999.000
202603061254,   1.357,9999.000,9999.000,9999.000,9999.000,9999.000,9999.000,9999.000,9999.000
202603061300,   1.342,9999.000,   1.000,  -0.090,   2.252,   1.000,   2.252,   1.100,   2.352
202603061306,   1.326,9999.000,9999.000,9999.000,9999.000,9999.000,9999.000,9999.000,9999.000
202603061312,   1.309,9999.000,9999.000,9999.000,9999.000,9999.000,9999.000,9999.000,9999.000
202603061318,   1.291,9999.000,9999.000,9999.000,9999.000,9999.000,9999.000,9999.000,9999.000
202603061324,   1.273,9999.000,9999.000,9999.000,9999.000,9999.000,9999.000,9999.000,9999.000
202603061330,   1.255,9999.000,9999.000,9999.000,9999.000,9999.000,9999.000,9999.000,9999.000
202603061336,   1.236,9999.000,9999.000,9999.000,9999.000,9999.000,9999.000,9999.000,9999.000
202603061342,   1.216,9999.000,9999.000,9999.000,9999.000,9999.000,9999.000,9999.000,9999.000
202603061348,   1.196,9999.000,9999.000,9999.000,9999.000,9999.000,9999.000,9999.000,9999.000
202603061354,   1.176,9999.000,9999.000,9999.000,9999.000,9999.000,9999.000,9999.000,9999.000
202603061400,   1.155,9999.000,   1.000,  -0.090,   2.065,   0.900,   1.965,   1.100,   2.165
202603061406,   1.135,9999.000,9999.000,9999.000,9999.000,9999.000,9999.000,9999.000,9999.000
202603061412,   1.113,9999.000,9999.000,9999.000,9999.000,9999.000,9999.000,9999.000,9999.000
202603061418,   1.092,9999.000,9999.000,9999.000,9999.000,9999.000,9999.000,9999.000,9999.000
202603061424,   1.071,9999.000,9999.000,9999.000,9999.000,9999.000,9999.000,9999.000,9999.000
202603061430,   1.050,9999.000,9999.000,9999.000,9999.000,9999.000,9999.000,9999.000,9999.000
202603061436,   1.029,9999.000,9999.000,9999.000,9999.000,9999.000,9999.000,9999.000,9999.000
202603061442,   1.008,9999.000,9999.000,9999.000,9999.000,9999.000,9999.000,9999.000,9999.000
202603061448,   0.987,9999.000,9999.000,9999.000,9999.000,9999.000,9999.000,9999.000,9999.000
202603061454,   0.967,9999.000,9999.000,9999.000,9999.000,9999.000,9999.000,9999.000,9999.000
202603061500,   0.947,9999.000,   1.000,  -0.090,   1.857,   0.900,   1.757,   1.100,   1.957
202603061506,   0.928,9999.000,9999.000,9999.000,9999.000,9999.000,9999.000,9999.000,9999.000
202603061512,   0.909,9999.000,9999.000,9999.000,9999.000,9999.000,9999.000,9999.000,9999.000
202603061518,   0.891,9999.000,9999.000,9999.000,9999.000,9999.000,9999.000,9999.000,9999.000
202603061524,   0.873,9999.000,9999.000,9999.000,9999.000,9999.000,9999.000,9999.000,9999.000
202603061530,   0.856,9999.000,9999.000,9999.000,9999.000,9999.000,9999.000,9999.000,9999.000
202603061536,   0.841,9999.000,9999.000,9999.000,9999.000,9999.000,9999.000,9999.000,9999.000
202603061542,   0.826,9999.000,9999.000,9999.000,9999.000,9999.000,9999.000,9999.000,9999.000
202603061548,   0.812,9999.000,9999.000,9999.000,9999.000,9999.000,9999.000,9999.000,9999.000
202603061554,   0.799,9999.000,9999.000,9999.000,9999.000,9999.000,9999.000,9999.000,9999.000
202603061600,   0.787,9999.000,   1.000,  -0.090,   1.697,   0.900,   1.597,   1.000,   1.697
202603061606,   0.776,9999.000,9999.000,9999.000,9999.000,9999.000,9999.000,9999.000,9999.000
202603061612,   0.767,9999.000,9999.000,9999.000,9999.000,9999.000,9999.000,9999.000,9999.000
202603061618,   0.758,9999.000,9999.000,9999.000,9999.000,9999.000,9999.000,9999.000,9999.000
202603061624,   0.751,9999.000,9999.000,9999.000,9999.000,9999.000,9999.000,9999.000,9999.000
202603061630,   0.745,9999.000,9999.000,9999.000,9999.000,9999.000,9999.000,9999.000,9999.000
202603061636,   0.740,9999.000,9999.000,9999.000,9999.000,9999.000,9999.000,9999.000,9999.000
202603061642,   0.737,9999.000,9999.000,9999.000,9999.000,9999.000,9999.000,9999.000,9999.000
202603061648,   0.735,9999.000,9999.000,9999.000,9999.000,9999.000,9999.000,9999.000,9999.000
202603061654,   0.733,9999.000,9999.000,9999.000,9999.000,9999.000,9999.000,9999.000,9999.000
202603061700,   0.734,9999.000,   1.000,  -0.090,   1.644,   0.900,   1.544,   1.000,   1.644
202603061706,   0.735,9999.000,9999.000,9999.000,9999.000,9999.000,9999.000,9999.000,9999.000
202603061712,   0.737,9999.000,9999.000,9999.000,9999.000,9999.000,9999.000,9999.000,9999.000
202603061718,   0.741,9999.000,9999.000,9999.000,9999.000,9999.000,9999.000,9999.000,9999.000
202603061724,   0.746,9999.000,9999.000,9999.000,9999.000,9999.000,9999.000,9999.000,9999.000
202603061730,   0.752,9999.000,9999.000,9999.000,9999.000,9999.000,9999.000,9999.000,9999.000
202603061736,   0.758,9999.000,9999.000,9999.000,9999.000,9999.000,9999.000,9999.000,9999.000
202603061742,   0.766,9999.000,9999.000,9999.000,9999.000,9999.000,9999.000,9999.000,9999.000
202603061748,   0.775,9999.000,9999.000,9999.000,9999.000,9999.000,9999.000,9999.000,9999.000
202603061754,   0.785,9999.000,9999.000,9999.000,9999.000,9999.000,9999.000,9999.000,9999.000
202603061800,   0.795,9999.000,   0.900,  -0.090,   1.605,   0.800,   1.505,   1.000,   1.705
202603061806,   0.807,9999.000,9999.000,9999.000,9999.000,9999.000,9999.000,9999.000,9999.000
202603061812,   0.819,9999.000,9999.000,9999.000,9999.000,9999.000,9999.000,9999.000,9999.000
202603061818,   0.832,9999.000,9999.000,9999.000,9999.000,9999.000,9999.000,9999.000,9999.000
202603061824,   0.846,9999.000,9999.000,9999.000,9999.000,9999.000,9999.000,9999.000,9999.000
202603061830,   0.860,9999.000,9999.000,9999.000,9999.000,9999.000,9999.000,9999.000,9999.000
202603061836,   0.874,9999.000,9999.000,9999.000,9999.000,9999.000,9999.000,9999.000,9999.000
202603061842,   0.890,9999.000,9999.000,9999.000,9999.000,9999.000,9999.000,9999.000,9999.000
202603061848,   0.905,9999.000,9999.000,9999.000,9999.000,9999.000,9999.000,9999.000,9999.000
202603061854,   0.922,9999.000,9999.000,9999.000,9999.000,9999.000,9999.000,9999.000,9999.000
202603061900,   0.938,9999.000,   0.900,  -0.090,   1.748,   0.800,   1.648,   1.000,   1.848
202603061906,   0.955,9999.000,9999.000,9999.000,9999.000,9999.000,9999.000,9999.000,9999.000
202603061912,   0.972,9999.000,9999.000,9999.000,9999.000,9999.000,9999.000,9999.000,9999.000
202603061918,   0.990,9999.000,9999.000,9999.000,9999.000,9999.000,9999.000,9999.000,9999.000
202603061924,   1.007,9999.000,9999.000,9999.000,9999.000,9999.000,9999.000,9999.000,9999.000
202603061930,   1.025,9999.000,9999.000,9999.000,9999.000,9999.000,9999.000,9999.000,9999.000
202603061936,   1.042,9999.000,9999.000,9999.000,9999.000,9999.000,9999.000,9999.000,9999.000
202603061942,   1.060,9999.000,9999.000,9999.000,9999.000,9999.000,9999.000,9999.000,9999.000
202603061948,   1.078,9999.000,9999.000,9999.000,9999.000,9999.000,9999.000,9999.000,9999.000
202603061954,   1.096,9999.000,9999.000,9999.000,9999.000,9999.000,9999.000,9999.000,9999.000
202603062000,   1.113,9999.000,   0.900,  -0.090,   1.923,   0.800,   1.823,   1.000,   2.023
202603062006,   1.130,9999.000,9999.000,9999.000,9999.000,9999.000,9999.000,9999.000,9999.000
202603062012,   1.148,9999.000,9999.000,9999.000,9999.000,9999.000,9999.000,9999.000,9999.000
202603062018,   1.164,9999.000,9999.000,9999.000,9999.000,9999.000,9999.000,9999.000,9999.000
202603062024,   1.181,9999.000,9999.000,9999.000,9999.000,9999.000,9999.000,9999.000,9999.000
202603062030,   1.197,9999.000,9999.000,9999.000,9999.000,9999.000,9999.000,9999.000,9999.000
202603062036,   1.213,9999.000,9999.000,9999.000,9999.000,9999.000,9999.000,9999.000,9999.000
202603062042,   1.228,9999.000,9999.000,9999.000,9999.000,9999.000,9999.000,9999.000,9999.000
202603062048,   1.243,9999.000,9999.000,9999.000,9999.000,9999.000,9999.000,9999.000,9999.000
202603062054,   1.257,9999.000,9999.000,9999.000,9999.000,9999.000,9999.000,9999.000,9999.000
202603062100,   1.270,9999.000,   0.900,  -0.090,   2.080,   0.800,   1.980,   1.000,   2.180
202603062106,   1.283,9999.000,9999.000,9999.000,9999.000,9999.000,9999.000,9999.000,9999.000
202603062112,   1.295,9999.000,9999.000,9999.000,9999.000,9999.000,9999.000,9999.000,9999.000
202603062118,   1.307,9999.000,9999.000,9999.000,9999.000,9999.000,9999.000,9999.000,9999.000
202603062124,   1.317,9999.000,9999.000,9999.000,9999.000,9999.000,9999.000,9999.000,9999.000
202603062130,   1.327,9999.000,9999.000,9999.000,9999.000,9999.000,9999.000,9999.000,9999.000
202603062136,   1.336,9999.000,9999.000,9999.000,9999.000,9999.000,9999.000,9999.000,9999.000
202603062142,   1.344,9999.000,9999.000,9999.000,9999.000,9999.000,9999.000,9999.000,9999.000
202603062148,   1.351,9999.000,9999.000,9999.000,9999.000,9999.000,9999.000,9999.000,9999.000
202603062154,   1.357,9999.000,9999.000,9999.000,9999.000,9999.000,9999.000,9999.000,9999.000
202603062200,   1.362,9999.000,   1.000,  -0.090,   2.272,   0.900,   2.172,   1.000,   2.272
202603062206,   1.366,9999.000,9999.000,9999.000,9999.000,9999.000,9999.000,9999.000,9999.000
202603062212,   1.369,9999.000,9999.000,9999.000,9999.000,9999.000,9999.000,9999.000,9999.000
202603062218,   1.371,9999.000,9999.000,9999.000,9999.000,9999.000,9999.000,9999.000,9999.000
202603062224,   1.372,9999.000,9999.000,9999.000,9999.000,9999.000,9999.000,9999.000,9999.000
202603062230,   1.372,9999.000,9999.000,9999.000,9999.000,9999.000,9999.000,9999.000,9999.000
202603062236,   1.371,9999.000,9999.000,9999.000,9999.000,9999.000,9999.000,9999.000,9999.000
202603062242,   1.369,9999.000,9999.000,9999.000,9999.000,9999.000,9999.000,9999.000,9999.000
202603062248,   1.365,9999.000,9999.000,9999.000,9999.000,9999.000,9999.000,9999.000,9999.000
202603062254,   1.361,9999.000,9999.000,9999.000,9999.000,9999.000,9999.000,9999.000,9999.000
202603062300,   1.356,9999.000,   1.000,  -0.090,   2.266,   0.900,   2.166,   1.100,   2.366
202603062306,   1.349,9999.000,9999.000,9999.000,9999.000,9999.000,9999.000,9999.000,9999.000
202603062312,   1.341,9999.000,9999.000,9999.000,9999.000,9999.000,9999.000,9999.000,9999.000
202603062318,   1.333,9999.000,9999.000,9999.000,9999.000,9999.000,9999.000,9999.000,9999.000
202603062324,   1.323,9999.000,9999.000,9999.000,9999.000,9999.000,9999.000,9999.000,9999.000
202603062330,   1.312,9999.000,9999.000,9999.000,9999.000,9999.000,9999.000,9999.000,9999.000
202603062336,   1.301,9999.000,9999.000,9999.000,9999.000,9999.000,9999.000,9999.000,9999.000
202603062342,   1.288,9999.000,9999.000,9999.000,9999.000,9999.000,9999.000,9999.000,9999.000
202603062348,   1.274,9999.000,9999.000,9999.000,9999.000,9999.000,9999.000,9999.000,9999.000
202603062354,   1.259,9999.000,9999.000,9999.000,9999.000,9999.000,9999.000,9999.000,9999.000
202603070000,   1.243,9999.000,   1.000,  -0.090,   2.153,   0.900,   2.053,   1.100,   2.253
202603070006,   1.226,9999.000,9999.000,9999.000,9999.000,9999.000,9999.000,9999.000,9999.000
202603070012,   1.208,9999.000,9999.000,9999.000,9999.000,9999.000,9999.000,9999.000,9999.000
202603070018,   1.190,9999.000,9999.000,9999.000,9999.000,9999.000,9999.000,9999.000,9999.000
202603070024,   1.170,9999.000,9999.000,9999.000,9999.000,9999.000,9999.000,9999.000,9999.000
202603070030,   1.150,9999.000,9999.000,9999.000,9999.000,9999.000,9999.000,9999.000,9999.000
202603070036,   1.127,9999.000,9999.000,9999.000,9999.000,9999.000,9999.000,9999.000,9999.000
202603070042,   1.105,9999.000,9999.000,9999.000,9999.000,9999.000,9999.000,9999.000,9999.000
202603070048,   1.081,9999.000,9999.000,9999.000,9999.000,9999.000,9999.000,9999.000,9999.000
202603070054,   1.057,9999.000,9999.000,9999.000,9999.000,9999.000,9999.000,9999.000,9999.000
202603070100,   1.032,9999.000,   1.100,  -0.090,   2.042,   1.000,   1.942,   1.200,   2.142
202603070106,   1.006,9999.000,9999.000,9999.000,9999.000,9999.000,9999.000,9999.000,9999.000
202603070112,   0.979,9999.000,9999.000,9999.000,9999.000,9999.000,9999.000,9999.000,9999.000
202603070118,   0.952,9999.000,9999.000,9999.000,9999.000,9999.000,9999.000,9999.000,9999.000
202603070124,   0.924,9999.000,9999.000,9999.000,9999.000,9999.000,9999.000,9999.000,9999.000
202603070130,   0.895,9999.000,9999.000,9999.000,9999.000,9999.000,9999.000,9999.000,9999.000
202603070136,   0.865,9999.000,9999.000,9999.000,9999.000,9999.000,9999.000,9999.000,9999.000
202603070142,   0.835,9999.000,9999.000,9999.000,9999.000,9999.000,9999.000,9999.000,9999.000
202603070148,   0.805,9999.000,9999.000,9999.000,9999.000,9999.000,9999.000,9999.000,9999.000
202603070154,   0.774,9999.000,9999.000,9999.000,9999.000,9999.000,9999.000,9999.000,9999.000
202603070200,   0.742,9999.000,   1.100,  -0.090,   1.752,   1.000,   1.652,   1.200,   1.852
202603070206,   0.711,9999.000,9999.000,9999.000,9999.000,9999.000,9999.000,9999.000,9999.000
202603070212,   0.679,9999.000,9999.000,9999.000,9999.000,9999.000,9999.000,9999.000,9999.000
202603070218,   0.647,9999.000,9999.000,9999.000,9999.000,9999.000,9999.000,9999.000,9999.000
202603070224,   0.614,9999.000,9999.000,9999.000,9999.000,9999.000,9999.000,9999.000,9999.000
202603070230,   0.582,9999.000,9999.000,9999.000,9999.000,9999.000,9999.000,9999.000,9999.000
202603070236,   0.550,9999.000,9999.000,9999.000,9999.000,9999.000,9999.000,9999.000,9999.000
202603070242,   0.518,9999.000,9999.000,9999.000,9999.000,9999.000,9999.000,9999.000,9999.000
202603070248,   0.487,9999.000,9999.000,9999.000,9999.000,9999.000,9999.000,9999.000,9999.000
202603070254,   0.456,9999.000,9999.000,9999.000,9999.000,9999.000,9999.000,9999.000,9999.000
202603070300,   0.425,9999.000,   1.100,  -0.090,   1.435,   1.000,   1.335,   1.200,   1.535
202603070306,   0.395,9999.000,9999.000,9999.000,9999.000,9999.000,9999.000,9999.000,9999.000
202603070312,   0.365,9999.000,9999.000,9999.000,9999.000,9999.000,9999.000,9999.000,9999.000
202603070318,   0.337,9999.000,9999.000,9999.000,9999.000,9999.000,9999.000,9999.000,9999.000
202603070324,   0.309,9999.000,9999.000,9999.000,9999.000,9999.000,9999.000,9999.000,9999.000
202603070330,   0.282,9999.000,9999.000,9999.000,9999.000,9999.000,9999.000,9999.000,9999.000
202603070336,   0.256,9999.000,9999.000,9999.000,9999.000,9999.000,9999.000,9999.000,9999.000
202603070342,   0.232,9999.000,9999.000,9999.000,9999.000,9999.000,9999.000,9999.000,9999.000
202603070348,   0.208,9999.000,9999.000,9999.000,9999.000,9999.000,9999.000,9999.000,9999.000
202603070354,   0.186,9999.000,9999.000,9999.000,9999.000,9999.000,9999.000,9999.000,9999.000
202603070400,   0.165,9999.000,   1.100,  -0.090,   1.175,   0.900,   0.975,   1.200,   1.275
202603070406,   0.146,9999.000,9999.000,9999.000,9999.000,9999.000,9999.000,9999.000,9999.000
202603070412,   0.128,9999.000,9999.000,9999.000,9999.000,9999.000,9999.000,9999.000,9999.000
202603070418,   0.112,9999.000,9999.000,9999.000,9999.000,9999.000,9999.000,9999.000,9999.000
202603070424,   0.097,9999.000,9999.000,9999.000,9999.000,9999.000,9999.000,9999.000,9999.000
202603070430,   0.084,9999.000,9999.000,9999.000,9999.000,9999.000,9999.000,9999.000,9999.000
202603070436,   0.073,9999.000,9999.000,9999.000,9999.000,9999.000,9999.000,9999.000,9999.000
202603070442,   0.063,9999.000,9999.000,9999.000,9999.000,9999.000,9999.000,9999.000,9999.000
202603070448,   0.055,9999.000,9999.000,9999.000,9999.000,9999.000,9999.000,9999.000,9999.000
202603070454,   0.049,9999.000,9999.000,9999.000,9999.000,9999.000,9999.000,9999.000,9999.000
202603070500,   0.045,9999.000,   1.000,  -0.090,   0.955,   0.900,   0.855,   1.200,   1.155
202603070506,   0.042,9999.000,9999.000,9999.000,9999.000,9999.000,9999.000,9999.000,9999.000
202603070512,   0.041,9999.000,9999.000,9999.000,9999.000,9999.000,9999.000,9999.000,9999.000
202603070518,   0.042,9999.000,9999.000,9999.000,9999.000,9999.000,9999.000,9999.000,9999.000
202603070524,   0.045,9999.000,9999.000,9999.000,9999.000,9999.000,9999.000,9999.000,9999.000
202603070530,   0.049,9999.000,9999.000,9999.000,9999.000,9999.000,9999.000,9999.000,9999.000
202603070536,   0.055,9999.000,9999.000,9999.000,9999.000,9999.000,9999.000,9999.000,9999.000
202603070542,   0.063,9999.000,9999.000,9999.000,9999.000,9999.000,9999.000,9999.000,9999.000
202603070548,   0.072,9999.000,9999.000,9999.000,9999.000,9999.000,9999.000,9999.000,9999.000
202603070554,   0.083,9999.000,9999.000,9999.000,9999.000,9999.000,9999.000,9999.000,9999.000
202603070600,   0.095,9999.000,   1.000,  -0.090,   1.005,   0.900,   0.905,   1.100,   1.105
