        TIME,    TIDE,      OB,   SURGE,    BIAS,     TWL,SURGE90p,  TWL90p,SURGE10p,   TWL10p
202604161200,   2.588,   2.830,   0.100,   0.142,   2.830,   0.000,   2.730,   0.100,   2.830
202604161206,   2.615,9999.000,9999.000,9999.000,9999.000,9999.000,9999.000,9999.000,9999.000
202604161212,   2.638,   2.909,9999.000,9999.000,9999.000,9999.000,9999.000,9999.000,9999.000
202604161218,   2.658,9999.000,9999.000,9999.000,9999.000,9999.000,9999.000,9999.000,9999.000
202604161224,   2.675,   2.948,9999.000,9999.000,9999.000,9999.000,9999.000,9999.000,9999.000
202604161230,   2.687,9999.000,9999.000,9999.000,9999.000,9999.000,9999.000,9999.000,9999.000
202604161236,   2.697,   2.948,9999.000,9999.000,9999.000,9999.000,9999.000,9999.000,9999.000
202604161242,   2.702,9999.000,9999.000,9999.000,9999.000,9999.000,9999.000,9999.000,9999.000
202604161248,   2.704,   2.968,9999.000,9999.000,9999.000,9999.000,9999.000,9999.000,9999.000
202604161254,   2.702,9999.000,9999.000,9999.000,9999.000,9999.000,9999.000,9999.000,9999.000
202604161300,   2.696,   2.978,   0.100,   0.182,   2.978,   0.000,   2.878,   0.100,   2.978
202604161306,   2.687,   2.968,9999.000,9999.000,9999.000,9999.000,9999.000,9999.000,9999.000
202604161312,   2.674,   2.948,9999.000,9999.000,9999.000,9999.000,9999.000,9999.000,9999.000
202604161318,   2.658,   2.919,9999.000,9999.000,9999.000,9999.000,9999.000,9999.000,9999.000
202604161324,   2.638,   2.899,9999.000,9999.000,9999.000,9999.000,9999.000,9999.000,9999.000
202604161330,   2.614,   2.889,9999.000,9999.000,9999.000,9999.000,9999.000,9999.000,9999.000
202604161336,   2.588,   2.879,9999.000,9999.000,9999.000,9999.000,9999.000,9999.000,9999.000
202604161342,   2.557,   2.850,9999.000,9999.000,9999.000,9999.000,9999.000,9999.000,9999.000
202604161348,   2.524,   2.797,9999.000,9999.000,9999.000,9999.000,9999.000,9999.000,9999.000
202604161354,   2.487,   2.758,9999.000,9999.000,9999.000,9999.000,9999.000,9999.000,9999.000
202604161400,   2.448,   2.719,   0.100,   0.171,   2.719,   0.000,   2.619,   0.100,   2.719
202604161406,   2.405,   2.679,9999.000,9999.000,9999.000,9999.000,9999.000,9999.000,9999.000
202604161412,   2.359,   2.669,9999.000,9999.000,9999.000,9999.000,9999.000,9999.000,9999.000
202604161418,   2.310,   2.630,9999.000,9999.000,9999.000,9999.000,9999.000,9999.000,9999.000
202604161424,   2.259,   2.587,9999.000,9999.000,9999.000,9999.000,9999.000,9999.000,9999.000
202604161430,   2.205,   2.538,9999.000,9999.000,9999.000,9999.000,9999.000,9999.000,9999.000
202604161436,   2.149,   2.489,9999.000,9999.000,9999.000,9999.000,9999.000,9999.000,9999.000
202604161442,   2.091,   2.459,9999.000,9999.000,9999.000,9999.000,9999.000,9999.000,9999.000
202604161448,   2.030,   2.420,9999.000,9999.000,9999.000,9999.000,9999.000,9999.000,9999.000
202604161454,   1.967,   2.358,9999.000,9999.000,9999.000,9999.000,9999.000,9999.000,9999.000
202604161500,   1.903,   2.299,   0.100,   0.296,   2.299,   0.000,   2.199,   0.100,   2.299
202604161506,   1.837,   2.220,9999.000,9999.000,9999.000,9999.000,9999.000,9999.000,9999.000
202604161512,   1.770,   2.128,9999.000,9999.000,9999.000,9999.000,9999.000,9999.000,9999.000
202604161518,   1.701,   2.030,9999.000,9999.000,9999.000,9999.000,9999.000,9999.000,9999.000
202604161524,   1.631,   1.938,9999.000,9999.000,9999.000,9999.000,9999.000,9999.000,9999.000
202604161530,   1.561,   1.869,9999.000,9999.000,9999.000,9999.000,9999.000,9999.000,9999.000
202604161536,   1.490,   1.800,9999.000,9999.000,9999.000,9999.000,9999.000,9999.000,9999.000
202604161542,   1.418,   1.718,9999.000,9999.000,9999.000,9999.000,9999.000,9999.000,9999.000
202604161548,   1.346,   1.630,9999.000,9999.000,9999.000,9999.000,9999.000,9999.000,9999.000
202604161554,   1.274,   1.557,9999.000,9999.000,9999.000,9999.000,9999.000,9999.000,9999.000
202604161600,   1.202,   1.498,   0.100,   0.196,   1.498,   0.000,   1.398,   0.100,   1.498
202604161606,   1.131,   1.439,9999.000,9999.000,9999.000,9999.000,9999.000,9999.000,9999.000
202604161612,   1.060,   1.371,9999.000,9999.000,9999.000,9999.000,9999.000,9999.000,9999.000
202604161618,   0.989,   1.298,9999.000,9999.000,9999.000,9999.000,9999.000,9999.000,9999.000
202604161624,   0.920,   1.239,9999.000,9999.000,9999.000,9999.000,9999.000,9999.000,9999.000
202604161630,   0.851,   1.170,9999.000,9999.000,9999.000,9999.000,9999.000,9999.000,9999.000
202604161636,   0.784,   1.098,9999.000,9999.000,9999.000,9999.000,9999.000,9999.000,9999.000
202604161642,   0.718,   1.020,9999.000,9999.000,9999.000,9999.000,9999.000,9999.000,9999.000
202604161648,   0.654,   0.928,9999.000,9999.000,9999.000,9999.000,9999.000,9999.000,9999.000
202604161654,   0.591,   0.869,9999.000,9999.000,9999.000,9999.000,9999.000,9999.000,9999.000
202604161700,   0.530,   0.819,   0.000,   0.289,   0.819,   0.000,   0.819,   0.100,   0.919
202604161706,   0.471,   0.760,9999.000,9999.000,9999.000,9999.000,9999.000,9999.000,9999.000
202604161712,   0.414,   0.718,9999.000,9999.000,9999.000,9999.000,9999.000,9999.000,9999.000
202604161718,   0.360,   0.659,9999.000,9999.000,9999.000,9999.000,9999.000,9999.000,9999.000
202604161724,   0.307,   0.590,9999.000,9999.000,9999.000,9999.000,9999.000,9999.000,9999.000
202604161730,   0.258,   0.531,9999.000,9999.000,9999.000,9999.000,9999.000,9999.000,9999.000
202604161736,   0.210,   0.478,9999.000,9999.000,9999.000,9999.000,9999.000,9999.000,9999.000
202604161742,   0.166,   0.419,9999.000,9999.000,9999.000,9999.000,9999.000,9999.000,9999.000
202604161748,   0.124,   0.390,9999.000,9999.000,9999.000,9999.000,9999.000,9999.000,9999.000
202604161754,   0.085,   0.380,9999.000,9999.000,9999.000,9999.000,9999.000,9999.000,9999.000
202604161800,   0.050,   0.341,   0.100,   0.191,   0.341,   0.100,   0.341,   0.200,   0.441
202604161806,   0.017,   0.308,9999.000,9999.000,9999.000,9999.000,9999.000,9999.000,9999.000
202604161812,  -0.012,   0.278,9999.000,9999.000,9999.000,9999.000,9999.000,9999.000,9999.000
202604161818,  -0.038,   0.268,9999.000,9999.000,9999.000,9999.000,9999.000,9999.000,9999.000
202604161824,  -0.061,   0.259,9999.000,9999.000,9999.000,9999.000,9999.000,9999.000,9999.000
202604161830,  -0.081,   0.249,9999.000,9999.000,9999.000,9999.000,9999.000,9999.000,9999.000
202604161836,  -0.097,   0.259,9999.000,9999.000,9999.000,9999.000,9999.000,9999.000,9999.000
202604161842,  -0.110,   0.308,9999.000,9999.000,9999.000,9999.000,9999.000,9999.000,9999.000
202604161848,  -0.119,   0.308,9999.000,9999.000,9999.000,9999.000,9999.000,9999.000,9999.000
202604161854,  -0.124,   0.288,9999.000,9999.000,9999.000,9999.000,9999.000,9999.000,9999.000
202604161900,  -0.125,   0.288,   0.100,   0.313,   0.288,   0.100,   0.288,   0.200,   0.388
202604161906,  -0.123,   0.341,9999.000,9999.000,9999.000,9999.000,9999.000,9999.000,9999.000
202604161912,  -0.117,   0.350,9999.000,9999.000,9999.000,9999.000,9999.000,9999.000,9999.000
202604161918,  -0.107,   0.370,9999.000,9999.000,9999.000,9999.000,9999.000,9999.000,9999.000
202604161924,  -0.093,   0.390,9999.000,9999.000,9999.000,9999.000,9999.000,9999.000,9999.000
202604161930,  -0.075,   0.429,9999.000,9999.000,9999.000,9999.000,9999.000,9999.000,9999.000
202604161936,  -0.053,   0.469,9999.000,9999.000,9999.000,9999.000,9999.000,9999.000,9999.000
202604161942,  -0.027,   0.531,9999.000,9999.000,9999.000,9999.000,9999.000,9999.000,9999.000
202604161948,   0.002,   0.570,9999.000,9999.000,9999.000,9999.000,9999.000,9999.000,9999.000
202604161954,   0.036,   0.600,9999.000,9999.000,9999.000,9999.000,9999.000,9999.000,9999.000
202604162000,   0.074,   0.649,   0.100,   0.475,   0.649,   0.100,   0.649,   0.200,   0.749
202604162006,   0.115,   0.688,9999.000,9999.000,9999.000,9999.000,9999.000,9999.000,9999.000
202604162012,   0.161,   0.770,9999.000,9999.000,9999.000,9999.000,9999.000,9999.000,9999.000
202604162018,   0.210,   0.849,9999.000,9999.000,9999.000,9999.000,9999.000,9999.000,9999.000
202604162024,   0.263,   0.918,9999.000,9999.000,9999.000,9999.000,9999.000,9999.000,9999.000
202604162030,   0.320,   0.970,9999.000,9999.000,9999.000,9999.000,9999.000,9999.000,9999.000
202604162036,   0.380,   1.020,9999.000,9999.000,9999.000,9999.000,9999.000,9999.000,9999.000
202604162042,   0.443,   1.098,9999.000,9999.000,9999.000,9999.000,9999.000,9999.000,9999.000
202604162048,   0.509,   1.161,9999.000,9999.000,9999.000,9999.000,9999.000,9999.000,9999.000
202604162054,   0.579,   1.220,9999.000,9999.000,9999.000,9999.000,9999.000,9999.000,9999.000
202604162100,   0.651,   1.289,   0.100,   0.538,   1.289,   0.100,   1.289,   0.200,   1.389
202604162106,   0.726,   1.361,9999.000,9999.000,9999.000,9999.000,9999.000,9999.000,9999.000
202604162112,   0.804,   1.439,9999.000,9999.000,9999.000,9999.000,9999.000,9999.000,9999.000
202604162118,   0.884,   1.538,9999.000,9999.000,9999.000,9999.000,9999.000,9999.000,9999.000
202604162124,   0.965,   1.630,9999.000,9999.000,9999.000,9999.000,9999.000,9999.000,9999.000
202604162130,   1.049,   1.708,9999.000,9999.000,9999.000,9999.000,9999.000,9999.000,9999.000
202604162136,   1.134,   1.781,9999.000,9999.000,9999.000,9999.000,9999.000,9999.000,9999.000
202604162142,   1.220,   1.879,9999.000,9999.000,9999.000,9999.000,9999.000,9999.000,9999.000
202604162148,   1.307,   1.990,9999.000,9999.000,9999.000,9999.000,9999.000,9999.000,9999.000
202604162154,   1.395,   2.079,9999.000,9999.000,9999.000,9999.000,9999.000,9999.000,9999.000
202604162200,   1.483,   2.148,   0.100,   0.565,   2.148,   0.100,   2.148,   0.200,   2.248
202604162206,   1.572,   2.210,9999.000,9999.000,9999.000,9999.000,9999.000,9999.000,9999.000
202604162212,   1.660,   2.269,9999.000,9999.000,9999.000,9999.000,9999.000,9999.000,9999.000
202604162218,   1.748,   2.338,9999.000,9999.000,9999.000,9999.000,9999.000,9999.000,9999.000
202604162224,   1.836,   2.400,9999.000,9999.000,9999.000,9999.000,9999.000,9999.000,9999.000
202604162230,   1.922,   2.489,9999.000,9999.000,9999.000,9999.000,9999.000,9999.000,9999.000
202604162236,   2.008,   2.538,9999.000,9999.000,9999.000,9999.000,9999.000,9999.000,9999.000
202604162242,   2.092,   2.578,9999.000,9999.000,9999.000,9999.000,9999.000,9999.000,9999.000
202604162248,   2.174,   2.640,9999.000,9999.000,9999.000,9999.000,9999.000,9999.000,9999.000
202604162254,   2.255,   2.709,9999.000,9999.000,9999.000,9999.000,9999.000,9999.000,9999.000
202604162300,   2.333,   2.778,   0.100,   0.345,   2.778,   0.000,   2.678,   0.200,   2.878
202604162306,   2.409,   2.850,9999.000,9999.000,9999.000,9999.000,9999.000,9999.000,9999.000
202604162312,   2.483,   2.919,9999.000,9999.000,9999.000,9999.000,9999.000,9999.000,9999.000
202604162318,   2.554,   2.968,9999.000,9999.000,9999.000,9999.000,9999.000,9999.000,9999.000
202604162324,   2.622,   3.040,9999.000,9999.000,9999.000,9999.000,9999.000,9999.000,9999.000
202604162330,   2.688,   3.119,9999.000,9999.000,9999.000,9999.000,9999.000,9999.000,9999.000
202604162336,   2.750,   3.168,9999.000,9999.000,9999.000,9999.000,9999.000,9999.000,9999.000
202604162342,   2.809,   3.197,9999.000,9999.000,9999.000,9999.000,9999.000,9999.000,9999.000
202604162348,   2.864,   3.270,9999.000,9999.000,9999.000,9999.000,9999.000,9999.000,9999.000
202604162354,   2.916,   3.309,9999.000,9999.000,9999.000,9999.000,9999.000,9999.000,9999.000
202604170000,   2.964,   3.348,   0.200,   0.184,   3.348,   0.100,   3.248,   0.200,   3.348
202604170006,   3.009,   3.368,9999.000,9999.000,9999.000,9999.000,9999.000,9999.000,9999.000
202604170012,   3.050,   3.398,9999.000,9999.000,9999.000,9999.000,9999.000,9999.000,9999.000
202604170018,   3.087,   3.417,9999.000,9999.000,9999.000,9999.000,9999.000,9999.000,9999.000
202604170024,   3.120,   3.440,9999.000,9999.000,9999.000,9999.000,9999.000,9999.000,9999.000
202604170030,   3.150,   3.480,9999.000,9999.000,9999.000,9999.000,9999.000,9999.000,9999.000
202604170036,   3.175,   3.509,9999.000,9999.000,9999.000,9999.000,9999.000,9999.000,9999.000
202604170042,   3.196,   3.539,9999.000,9999.000,9999.000,9999.000,9999.000,9999.000,9999.000
202604170048,   3.213,   3.539,9999.000,9999.000,9999.000,9999.000,9999.000,9999.000,9999.000
202604170054,   3.227,   3.548,9999.000,9999.000,9999.000,9999.000,9999.000,9999.000,9999.000
202604170100,   3.236,   3.578,   0.200,   0.142,   3.578,   0.100,   3.478,   0.200,   3.578
202604170106,   3.241,   3.588,9999.000,9999.000,9999.000,9999.000,9999.000,9999.000,9999.000
202604170112,   3.242,   3.588,9999.000,9999.000,9999.000,9999.000,9999.000,9999.000,9999.000
202604170118,   3.239,   3.578,9999.000,9999.000,9999.000,9999.000,9999.000,9999.000,9999.000
202604170124,   3.232,   3.558,9999.000,9999.000,9999.000,9999.000,9999.000,9999.000,9999.000
202604170130,   3.221,   3.558,9999.000,9999.000,9999.000,9999.000,9999.000,9999.000,9999.000
202604170136,   3.206,   3.539,9999.000,9999.000,9999.000,9999.000,9999.000,9999.000,9999.000
202604170142,   3.187,   3.480,9999.000,9999.000,9999.000,9999.000,9999.000,9999.000,9999.000
202604170148,   3.164,   3.427,9999.000,9999.000,9999.000,9999.000,9999.000,9999.000,9999.000
202604170154,   3.138,   3.407,9999.000,9999.000,9999.000,9999.000,9999.000,9999.000,9999.000
202604170200,   3.107,   3.388,   0.200,   0.081,   3.388,   0.100,   3.288,   0.200,   3.388
202604170206,   3.073,   3.358,9999.000,9999.000,9999.000,9999.000,9999.000,9999.000,9999.000
202604170212,   3.036,   3.339,9999.000,9999.000,9999.000,9999.000,9999.000,9999.000,9999.000
202604170218,   2.995,   3.319,9999.000,9999.000,9999.000,9999.000,9999.000,9999.000,9999.000
202604170224,   2.950,   3.289,9999.000,9999.000,9999.000,9999.000,9999.000,9999.000,9999.000
202604170230,   2.902,   3.260,9999.000,9999.000,9999.000,9999.000,9999.000,9999.000,9999.000
202604170236,   2.851,   3.240,9999.000,9999.000,9999.000,9999.000,9999.000,9999.000,9999.000
202604170242,   2.796,   3.207,9999.000,9999.000,9999.000,9999.000,9999.000,9999.000,9999.000
202604170248,   2.739,   3.168,9999.000,9999.000,9999.000,9999.000,9999.000,9999.000,9999.000
202604170254,   2.679,   3.109,9999.000,9999.000,9999.000,9999.000,9999.000,9999.000,9999.000
202604170300,   2.616,   3.060,   0.200,   0.244,   3.060,   0.100,   2.960,   0.200,   3.060
202604170306,   2.550,   2.997,9999.000,9999.000,9999.000,9999.000,9999.000,9999.000,9999.000
202604170312,   2.482,   2.919,9999.000,9999.000,9999.000,9999.000,9999.000,9999.000,9999.000
202604170318,   2.412,   2.840,9999.000,9999.000,9999.000,9999.000,9999.000,9999.000,9999.000
202604170324,   2.340,   2.768,9999.000,9999.000,9999.000,9999.000,9999.000,9999.000,9999.000
202604170330,   2.266,   2.669,9999.000,9999.000,9999.000,9999.000,9999.000,9999.000,9999.000
202604170336,   2.190,   2.597,9999.000,9999.000,9999.000,9999.000,9999.000,9999.000,9999.000
202604170342,   2.113,   2.528,9999.000,9999.000,9999.000,9999.000,9999.000,9999.000,9999.000
202604170348,   2.035,   2.469,9999.000,9999.000,9999.000,9999.000,9999.000,9999.000,9999.000
202604170354,   1.955,   2.368,9999.000,9999.000,9999.000,9999.000,9999.000,9999.000,9999.000
202604170400,   1.875,   2.279,   0.100,   0.304,   2.279,   0.000,   2.179,   0.200,   2.379
202604170406,   1.793,   2.210,9999.000,9999.000,9999.000,9999.000,9999.000,9999.000,9999.000
202604170412,   1.712,   2.128,9999.000,9999.000,9999.000,9999.000,9999.000,9999.000,9999.000
202604170418,   1.629,   2.020,9999.000,9999.000,9999.000,9999.000,9999.000,9999.000,9999.000
202604170424,   1.547,   1.918,9999.000,9999.000,9999.000,9999.000,9999.000,9999.000,9999.000
202604170430,   1.465,   1.830,9999.000,9999.000,9999.000,9999.000,9999.000,9999.000,9999.000
202604170436,   1.383,   1.767,9999.000,9999.000,9999.000,9999.000,9999.000,9999.000,9999.000
202604170442,   1.302,   1.689,9999.000,9999.000,9999.000,9999.000,9999.000,9999.000,9999.000
202604170448,   1.221,   1.600,9999.000,9999.000,9999.000,9999.000,9999.000,9999.000,9999.000
202604170454,   1.141,   1.498,9999.000,9999.000,9999.000,9999.000,9999.000,9999.000,9999.000
202604170500,   1.062,   1.420,   0.000,   0.358,   1.420,   0.000,   1.420,   0.100,   1.520
202604170506,   0.985,   1.328,9999.000,9999.000,9999.000,9999.000,9999.000,9999.000,9999.000
202604170512,   0.908,   1.249,9999.000,9999.000,9999.000,9999.000,9999.000,9999.000,9999.000
202604170518,   0.833,   1.180,9999.000,9999.000,9999.000,9999.000,9999.000,9999.000,9999.000
202604170524,   0.760,   1.098,9999.000,9999.000,9999.000,9999.000,9999.000,9999.000,9999.000
202604170530,   0.689,   1.010,9999.000,9999.000,9999.000,9999.000,9999.000,9999.000,9999.000
202604170536,   0.619,   0.928,9999.000,9999.000,9999.000,9999.000,9999.000,9999.000,9999.000
202604170542,   0.551,   0.879,9999.000,9999.000,9999.000,9999.000,9999.000,9999.000,9999.000
202604170548,   0.486,   0.800,9999.000,9999.000,9999.000,9999.000,9999.000,9999.000,9999.000
202604170554,   0.423,   0.731,9999.000,9999.000,9999.000,9999.000,9999.000,9999.000,9999.000
202604170600,   0.363,   0.659,   0.100,   0.196,   0.659,   0.000,   0.559,   0.100,   0.659
202604170606,   0.305,   0.580,9999.000,9999.000,9999.000,9999.000,9999.000,9999.000,9999.000
202604170612,   0.249,   0.508,9999.000,9999.000,9999.000,9999.000,9999.000,9999.000,9999.000
202604170618,   0.197,   0.459,9999.000,9999.000,9999.000,9999.000,9999.000,9999.000,9999.000
202604170624,   0.147,   0.409,9999.000,9999.000,9999.000,9999.000,9999.000,9999.000,9999.000
202604170630,   0.100,   0.360,9999.000,9999.000,9999.000,9999.000,9999.000,9999.000,9999.000
202604170636,   0.056,   0.341,9999.000,9999.000,9999.000,9999.000,9999.000,9999.000,9999.000
202604170642,   0.016,   0.321,9999.000,9999.000,9999.000,9999.000,9999.000,9999.000,9999.000
202604170648,  -0.020,   0.268,9999.000,9999.000,9999.000,9999.000,9999.000,9999.000,9999.000
202604170654,  -0.054,   0.239,9999.000,9999.000,9999.000,9999.000,9999.000,9999.000,9999.000
202604170700,  -0.085,   0.209,   0.100,   0.194,   0.209,   0.000,   0.109,   0.100,   0.209
202604170706,  -0.112,   0.190,9999.000,9999.000,9999.000,9999.000,9999.000,9999.000,9999.000
202604170712,  -0.135,   0.180,9999.000,9999.000,9999.000,9999.000,9999.000,9999.000,9999.000
202604170718,  -0.155,   0.190,9999.000,9999.000,9999.000,9999.000,9999.000,9999.000,9999.000
202604170724,  -0.171,   0.200,9999.000,9999.000,9999.000,9999.000,9999.000,9999.000,9999.000
202604170730,  -0.183,   0.190,9999.000,9999.000,9999.000,9999.000,9999.000,9999.000,9999.000
202604170736,  -0.191,   0.200,9999.000,9999.000,9999.000,9999.000,9999.000,9999.000,9999.000
202604170742,  -0.195,   0.180,9999.000,9999.000,9999.000,9999.000,9999.000,9999.000,9999.000
202604170748,  -0.196,   0.180,9999.000,9999.000,9999.000,9999.000,9999.000,9999.000,9999.000
202604170754,  -0.192,   0.219,9999.000,9999.000,9999.000,9999.000,9999.000,9999.000,9999.000
202604170800,  -0.184,   0.259,   0.100,   0.343,   0.259,   0.000,   0.159,   0.100,   0.259
202604170806,  -0.172,   0.288,9999.000,9999.000,9999.000,9999.000,9999.000,9999.000,9999.000
202604170812,  -0.156,   0.331,9999.000,9999.000,9999.000,9999.000,9999.000,9999.000,9999.000
202604170818,  -0.136,   0.380,9999.000,9999.000,9999.000,9999.000,9999.000,9999.000,9999.000
202604170824,  -0.111,   0.390,9999.000,9999.000,9999.000,9999.000,9999.000,9999.000,9999.000
202604170830,  -0.083,   0.409,9999.000,9999.000,9999.000,9999.000,9999.000,9999.000,9999.000
202604170836,  -0.050,   0.459,9999.000,9999.000,9999.000,9999.000,9999.000,9999.000,9999.000
202604170842,  -0.014,   0.531,9999.000,9999.000,9999.000,9999.000,9999.000,9999.000,9999.000
202604170848,   0.025,   0.610,9999.000,9999.000,9999.000,9999.000,9999.000,9999.000,9999.000
202604170854,   0.070,   0.678,9999.000,9999.000,9999.000,9999.000,9999.000,9999.000,9999.000
202604170900,   0.117,   0.718,   0.100,   0.501,   0.718,   0.000,   0.618,   0.100,   0.718
202604170906,   0.169,   0.770,9999.000,9999.000,9999.000,9999.000,9999.000,9999.000,9999.000
202604170912,   0.224,   0.819,9999.000,9999.000,9999.000,9999.000,9999.000,9999.000,9999.000
202604170918,   0.282,   0.859,9999.000,9999.000,9999.000,9999.000,9999.000,9999.000,9999.000
202604170924,   0.344,   0.908,9999.000,9999.000,9999.000,9999.000,9999.000,9999.000,9999.000
202604170930,   0.408,   1.000,9999.000,9999.000,9999.000,9999.000,9999.000,9999.000,9999.000
202604170936,   0.476,   1.069,9999.000,9999.000,9999.000,9999.000,9999.000,9999.000,9999.000
202604170942,   0.546,   1.108,9999.000,9999.000,9999.000,9999.000,9999.000,9999.000,9999.000
202604170948,   0.618,   1.170,9999.000,9999.000,9999.000,9999.000,9999.000,9999.000,9999.000
202604170954,   0.692,   1.259,9999.000,9999.000,9999.000,9999.000,9999.000,9999.000,9999.000
202604171000,   0.768,   1.348,   0.100,   0.480,   1.348,   0.000,   1.248,   0.100,   1.348
202604171006,   0.846,   1.430,9999.000,9999.000,9999.000,9999.000,9999.000,9999.000,9999.000
202604171012,   0.925,   1.518,9999.000,9999.000,9999.000,9999.000,9999.000,9999.000,9999.000
202604171018,   1.005,   1.620,9999.000,9999.000,9999.000,9999.000,9999.000,9999.000,9999.000
202604171024,   1.087,   1.708,9999.000,9999.000,9999.000,9999.000,9999.000,9999.000,9999.000
202604171030,   1.168,   1.790,9999.000,9999.000,9999.000,9999.000,9999.000,9999.000,9999.000
202604171036,   1.250,   1.879,9999.000,9999.000,9999.000,9999.000,9999.000,9999.000,9999.000
202604171042,   1.332,   1.938,9999.000,9999.000,9999.000,9999.000,9999.000,9999.000,9999.000
202604171048,   1.414,   2.010,9999.000,9999.000,9999.000,9999.000,9999.000,9999.000,9999.000
202604171054,   1.495,   2.099,9999.000,9999.000,9999.000,9999.000,9999.000,9999.000,9999.000
202604171100,   1.575,   2.177,   0.100,   0.502,   2.177,   0.100,   2.177,   0.100,   2.177
202604171106,   1.654,   2.259,9999.000,9999.000,9999.000,9999.000,9999.000,9999.000,9999.000
202604171112,   1.732,   2.289,9999.000,9999.000,9999.000,9999.000,9999.000,9999.000,9999.000
202604171118,   1.808,   2.318,9999.000,9999.000,9999.000,9999.000,9999.000,9999.000,9999.000
202604171124,   1.883,   2.377,9999.000,9999.000,9999.000,9999.000,9999.000,9999.000,9999.000
202604171130,   1.955,   2.450,9999.000,9999.000,9999.000,9999.000,9999.000,9999.000,9999.000
202604171136,   2.026,   2.519,9999.000,9999.000,9999.000,9999.000,9999.000,9999.000,9999.000
202604171142,   2.094,   2.578,9999.000,9999.000,9999.000,9999.000,9999.000,9999.000,9999.000
202604171148,   2.159,   2.640,9999.000,9999.000,9999.000,9999.000,9999.000,9999.000,9999.000
202604171154,   2.221,   2.679,9999.000,9999.000,9999.000,9999.000,9999.000,9999.000,9999.000
202604171200,   2.281,   2.748,   0.300,   0.167,   2.748,   0.200,   2.648,   0.300,   2.748
202604171206,   2.337,   2.807,9999.000,9999.000,9999.000,9999.000,9999.000,9999.000,9999.000
202604171212,   2.391,   2.860,9999.000,9999.000,9999.000,9999.000,9999.000,9999.000,9999.000
202604171218,   2.440,   2.929,9999.000,9999.000,9999.000,9999.000,9999.000,9999.000,9999.000
202604171224,   2.487,   2.997,9999.000,9999.000,9999.000,9999.000,9999.000,9999.000,9999.000
202604171230,   2.530,   3.050,9999.000,9999.000,9999.000,9999.000,9999.000,9999.000,9999.000
202604171236,   2.569,   3.079,9999.000,9999.000,9999.000,9999.000,9999.000,9999.000,9999.000
202604171242,   2.604,   3.099,9999.000,9999.000,9999.000,9999.000,9999.000,9999.000,9999.000
202604171248,   2.636,   3.138,9999.000,9999.000,9999.000,9999.000,9999.000,9999.000,9999.000
202604171254,   2.664,   3.158,9999.000,9999.000,9999.000,9999.000,9999.000,9999.000,9999.000
202604171300,   2.688,   3.168,   0.300,   0.180,   3.168,   0.200,   3.068,   0.300,   3.168
202604171306,   2.708,   3.178,9999.000,9999.000,9999.000,9999.000,9999.000,9999.000,9999.000
202604171312,   2.724,   3.168,9999.000,9999.000,9999.000,9999.000,9999.000,9999.000,9999.000
202604171318,   2.736,   3.148,9999.000,9999.000,9999.000,9999.000,9999.000,9999.000,9999.000
202604171324,   2.744,   3.138,9999.000,9999.000,9999.000,9999.000,9999.000,9999.000,9999.000
202604171330,   2.748,   3.109,9999.000,9999.000,9999.000,9999.000,9999.000,9999.000,9999.000
202604171336,   2.748,   3.109,9999.000,9999.000,9999.000,9999.000,9999.000,9999.000,9999.000
202604171342,   2.744,   3.119,9999.000,9999.000,9999.000,9999.000,9999.000,9999.000,9999.000
202604171348,   2.736,   3.129,9999.000,9999.000,9999.000,9999.000,9999.000,9999.000,9999.000
202604171354,   2.724,   3.129,9999.000,9999.000,9999.000,9999.000,9999.000,9999.000,9999.000
202604171400,   2.708,   3.119,   0.300,   0.111,   3.119,   0.200,   3.019,   0.300,   3.119
202604171406,   2.689,   3.089,9999.000,9999.000,9999.000,9999.000,9999.000,9999.000,9999.000
202604171412,   2.665,   3.070,9999.000,9999.000,9999.000,9999.000,9999.000,9999.000,9999.000
202604171418,   2.638,   3.060,9999.000,9999.000,9999.000,9999.000,9999.000,9999.000,9999.000
202604171424,   2.608,   3.050,9999.000,9999.000,9999.000,9999.000,9999.000,9999.000,9999.000
202604171430,   2.573,   3.050,9999.000,9999.000,9999.000,9999.000,9999.000,9999.000,9999.000
202604171436,   2.535,   2.968,9999.000,9999.000,9999.000,9999.000,9999.000,9999.000,9999.000
202604171442,   2.494,   2.899,9999.000,9999.000,9999.000,9999.000,9999.000,9999.000,9999.000
202604171448,   2.450,   2.869,9999.000,9999.000,9999.000,9999.000,9999.000,9999.000,9999.000
202604171454,   2.402,   2.850,9999.000,9999.000,9999.000,9999.000,9999.000,9999.000,9999.000
202604171500,   2.351,   2.830,   0.300,   0.179,   2.830,   0.300,   2.830,   0.400,   2.930
202604171506,   2.297,   2.768,9999.000,9999.000,9999.000,9999.000,9999.000,9999.000,9999.000
202604171512,   2.241,   2.699,9999.000,9999.000,9999.000,9999.000,9999.000,9999.000,9999.000
202604171518,   2.182,   2.610,9999.000,9999.000,9999.000,9999.000,9999.000,9999.000,9999.000
202604171524,   2.121,   2.558,9999.000,9999.000,9999.000,9999.000,9999.000,9999.000,9999.000
202604171530,   2.057,   2.509,9999.000,9999.000,9999.000,9999.000,9999.000,9999.000,9999.000
202604171536,   1.991,   2.450,9999.000,9999.000,9999.000,9999.000,9999.000,9999.000,9999.000
202604171542,   1.923,   2.368,9999.000,9999.000,9999.000,9999.000,9999.000,9999.000,9999.000
202604171548,   1.854,   2.309,9999.000,9999.000,9999.000,9999.000,9999.000,9999.000,9999.000
202604171554,   1.783,   2.240,9999.000,9999.000,9999.000,9999.000,9999.000,9999.000,9999.000
202604171600,   1.710,   2.168,   0.300,   0.158,   2.168,   0.300,   2.168,   0.400,   2.268
202604171606,   1.637,   2.089,9999.000,9999.000,9999.000,9999.000,9999.000,9999.000,9999.000
202604171612,   1.563,   2.010,9999.000,9999.000,9999.000,9999.000,9999.000,9999.000,9999.000
202604171618,   1.488,   1.928,9999.000,9999.000,9999.000,9999.000,9999.000,9999.000,9999.000
202604171624,   1.412,   1.849,9999.000,9999.000,9999.000,9999.000,9999.000,9999.000,9999.000
202604171630,   1.336,   1.781,9999.000,9999.000,9999.000,9999.000,9999.000,9999.000,9999.000
202604171636,   1.261,   1.699,9999.000,9999.000,9999.000,9999.000,9999.000,9999.000,9999.000
202604171642,   1.185,   1.620,9999.000,9999.000,9999.000,9999.000,9999.000,9999.000,9999.000
202604171648,   1.110,   1.528,9999.000,9999.000,9999.000,9999.000,9999.000,9999.000,9999.000
202604171654,   1.035,   1.469,9999.000,9999.000,9999.000,9999.000,9999.000,9999.000,9999.000
202604171700,   0.961,   1.400,   0.400,   0.039,   1.400,   0.300,   1.300,   0.400,   1.400
202604171706,   0.888,   1.308,9999.000,9999.000,9999.000,9999.000,9999.000,9999.000,9999.000
202604171712,   0.816,   1.229,9999.000,9999.000,9999.000,9999.000,9999.000,9999.000,9999.000
202604171718,   0.746,   1.161,9999.000,9999.000,9999.000,9999.000,9999.000,9999.000,9999.000
202604171724,   0.677,   1.108,9999.000,9999.000,9999.000,9999.000,9999.000,9999.000,9999.000
202604171730,   0.610,   1.059,9999.000,9999.000,9999.000,9999.000,9999.000,9999.000,9999.000
202604171736,   0.544,   1.010,9999.000,9999.000,9999.000,9999.000,9999.000,9999.000,9999.000
202604171742,   0.481,   0.928,9999.000,9999.000,9999.000,9999.000,9999.000,9999.000,9999.000
202604171748,   0.420,   0.869,9999.000,9999.000,9999.000,9999.000,9999.000,9999.000,9999.000
202604171754,   0.361,   0.810,9999.000,9999.000,9999.000,9999.000,9999.000,9999.000,9999.000
202604171800,   0.305,   0.741,   0.400,   0.036,   0.741,   0.400,   0.741,   0.400,   0.741
202604171806,   0.251,   0.669,9999.000,9999.000,9999.000,9999.000,9999.000,9999.000,9999.000
202604171812,   0.199,   0.610,9999.000,9999.000,9999.000,9999.000,9999.000,9999.000,9999.000
202604171818,   0.151,   0.551,9999.000,9999.000,9999.000,9999.000,9999.000,9999.000,9999.000
202604171824,   0.105,   0.488,9999.000,9999.000,9999.000,9999.000,9999.000,9999.000,9999.000
202604171830,   0.062,   0.439,9999.000,9999.000,9999.000,9999.000,9999.000,9999.000,9999.000
202604171836,   0.023,   0.419,9999.000,9999.000,9999.000,9999.000,9999.000,9999.000,9999.000
202604171842,  -0.013,   0.380,9999.000,9999.000,9999.000,9999.000,9999.000,9999.000,9999.000
202604171848,  -0.046,   0.360,9999.000,9999.000,9999.000,9999.000,9999.000,9999.000,9999.000
202604171854,  -0.076,   0.331,9999.000,9999.000,9999.000,9999.000,9999.000,9999.000,9999.000
202604171900,  -0.103,   0.308,   0.400,   0.011,   0.308,   0.400,   0.308,   0.500,   0.408
202604171906,  -0.126,   0.288,9999.000,9999.000,9999.000,9999.000,9999.000,9999.000,9999.000
202604171912,  -0.146,   0.268,9999.000,9999.000,9999.000,9999.000,9999.000,9999.000,9999.000
202604171918,  -0.162,   0.298,9999.000,9999.000,9999.000,9999.000,9999.000,9999.000,9999.000
202604171924,  -0.174,   0.298,9999.000,9999.000,9999.000,9999.000,9999.000,9999.000,9999.000
202604171930,  -0.183,   0.298,9999.000,9999.000,9999.000,9999.000,9999.000,9999.000,9999.000
202604171936,  -0.188,   0.288,9999.000,9999.000,9999.000,9999.000,9999.000,9999.000,9999.000
202604171942,  -0.189,   0.298,9999.000,9999.000,9999.000,9999.000,9999.000,9999.000,9999.000
202604171948,  -0.186,   0.308,9999.000,9999.000,9999.000,9999.000,9999.000,9999.000,9999.000
202604171954,  -0.180,   0.331,9999.000,9999.000,9999.000,9999.000,9999.000,9999.000,9999.000
202604172000,  -0.169,   0.360,   0.400,   0.129,   0.360,   0.400,   0.360,   0.500,   0.460
202604172006,  -0.155,   0.370,9999.000,9999.000,9999.000,9999.000,9999.000,9999.000,9999.000
202604172012,  -0.136,   0.409,9999.000,9999.000,9999.000,9999.000,9999.000,9999.000,9999.000
202604172018,  -0.114,   0.429,9999.000,9999.000,9999.000,9999.000,9999.000,9999.000,9999.000
202604172024,  -0.087,   0.508,9999.000,9999.000,9999.000,9999.000,9999.000,9999.000,9999.000
202604172030,  -0.057,   0.580,9999.000,9999.000,9999.000,9999.000,9999.000,9999.000,9999.000
202604172036,  -0.022,   0.659,9999.000,9999.000,9999.000,9999.000,9999.000,9999.000,9999.000
202604172042,   0.015,   0.708,9999.000,9999.000,9999.000,9999.000,9999.000,9999.000,9999.000
202604172048,   0.058,   0.790,9999.000,9999.000,9999.000,9999.000,9999.000,9999.000,9999.000
202604172054,   0.104,   0.869,9999.000,9999.000,9999.000,9999.000,9999.000,9999.000,9999.000
202604172100,   0.154,   0.928,   0.500,   0.274,   0.928,   0.400,   0.828,   0.500,   0.928
202604172106,   0.208,   1.010,9999.000,9999.000,9999.000,9999.000,9999.000,9999.000,9999.000
202604172112,   0.265,   1.079,9999.000,9999.000,9999.000,9999.000,9999.000,9999.000,9999.000
202604172118,   0.327,   1.151,9999.000,9999.000,9999.000,9999.000,9999.000,9999.000,9999.000
202604172124,   0.391,   1.229,9999.000,9999.000,9999.000,9999.000,9999.000,9999.000,9999.000
202604172130,   0.459,   1.289,9999.000,9999.000,9999.000,9999.000,9999.000,9999.000,9999.000
202604172136,   0.530,   1.361,9999.000,9999.000,9999.000,9999.000,9999.000,9999.000,9999.000
202604172142,   0.604,   1.439,9999.000,9999.000,9999.000,9999.000,9999.000,9999.000,9999.000
202604172148,   0.681,   1.518,9999.000,9999.000,9999.000,9999.000,9999.000,9999.000,9999.000
202604172154,   0.760,   1.600,9999.000,9999.000,9999.000,9999.000,9999.000,9999.000,9999.000
202604172200,   0.842,   1.669,   0.500,   0.327,   1.669,   0.400,   1.569,   0.500,   1.669
202604172206,   0.926,   1.738,9999.000,9999.000,9999.000,9999.000,9999.000,9999.000,9999.000
202604172212,   1.013,   1.820,9999.000,9999.000,9999.000,9999.000,9999.000,9999.000,9999.000
202604172218,   1.100,   1.928,9999.000,9999.000,9999.000,9999.000,9999.000,9999.000,9999.000
202604172224,   1.190,   2.020,9999.000,9999.000,9999.000,9999.000,9999.000,9999.000,9999.000
202604172230,   1.280,   2.109,9999.000,9999.000,9999.000,9999.000,9999.000,9999.000,9999.000
202604172236,   1.372,   2.177,9999.000,9999.000,9999.000,9999.000,9999.000,9999.000,9999.000
202604172242,   1.464,   2.250,9999.000,9999.000,9999.000,9999.000,9999.000,9999.000,9999.000
202604172248,   1.556,   2.348,9999.000,9999.000,9999.000,9999.000,9999.000,9999.000,9999.000
202604172254,   1.649,   2.430,9999.000,9999.000,9999.000,9999.000,9999.000,9999.000,9999.000
202604172300,   1.741,   2.499,   0.500,   0.258,   2.499,   0.500,   2.499,   0.500,   2.499
202604172306,   1.833,   2.558,9999.000,9999.000,9999.000,9999.000,9999.000,9999.000,9999.000
202604172312,   1.925,   2.650,9999.000,9999.000,9999.000,9999.000,9999.000,9999.000,9999.000
202604172318,   2.015,   2.719,9999.000,9999.000,9999.000,9999.000,9999.000,9999.000,9999.000
202604172324,   2.104,   2.797,9999.000,9999.000,9999.000,9999.000,9999.000,9999.000,9999.000
202604172330,   2.192,   2.879,9999.000,9999.000,9999.000,9999.000,9999.000,9999.000,9999.000
202604172336,   2.277,   2.948,9999.000,9999.000,9999.000,9999.000,9999.000,9999.000,9999.000
202604172342,   2.361,   3.017,9999.000,9999.000,9999.000,9999.000,9999.000,9999.000,9999.000
202604172348,   2.443,   3.099,9999.000,9999.000,9999.000,9999.000,9999.000,9999.000,9999.000
202604172354,   2.522,   3.178,9999.000,9999.000,9999.000,9999.000,9999.000,9999.000,9999.000
202604180000,   2.599,   3.240,   0.500,   0.141,   3.240,   0.500,   3.240,   0.500,   3.240
202604180006,   2.672,   3.309,9999.000,9999.000,9999.000,9999.000,9999.000,9999.000,9999.000
202604180012,   2.743,   3.388,9999.000,9999.000,9999.000,9999.000,9999.000,9999.000,9999.000
202604180018,   2.811,   3.460,9999.000,9999.000,9999.000,9999.000,9999.000,9999.000,9999.000
202604180024,   2.875,   3.499,9999.000,9999.000,9999.000,9999.000,9999.000,9999.000,9999.000
202604180030,   2.935,   3.548,9999.000,9999.000,9999.000,9999.000,9999.000,9999.000,9999.000
202604180036,   2.992,   3.607,9999.000,9999.000,9999.000,9999.000,9999.000,9999.000,9999.000
202604180042,   3.045,   3.670,9999.000,9999.000,9999.000,9999.000,9999.000,9999.000,9999.000
202604180048,   3.095,   3.699,9999.000,9999.000,9999.000,9999.000,9999.000,9999.000,9999.000
202604180054,   3.140,   3.739,9999.000,9999.000,9999.000,9999.000,9999.000,9999.000,9999.000
202604180100,   3.182,   3.788,   0.500,   0.106,   3.788,   0.500,   3.788,   0.500,   3.788
202604180106,   3.219,   3.817,9999.000,9999.000,9999.000,9999.000,9999.000,9999.000,9999.000
202604180112,   3.252,   3.837,9999.000,9999.000,9999.000,9999.000,9999.000,9999.000,9999.000
202604180118,   3.281,   3.880,9999.000,9999.000,9999.000,9999.000,9999.000,9999.000,9999.000
202604180124,   3.305,   3.890,9999.000,9999.000,9999.000,9999.000,9999.000,9999.000,9999.000
202604180130,   3.326,   3.890,9999.000,9999.000,9999.000,9999.000,9999.000,9999.000,9999.000
202604180136,   3.342,   3.899,9999.000,9999.000,9999.000,9999.000,9999.000,9999.000,9999.000
202604180142,   3.353,   3.919,9999.000,9999.000,9999.000,9999.000,9999.000,9999.000,9999.000
202604180148,   3.361,   3.890,9999.000,9999.000,9999.000,9999.000,9999.000,9999.000,9999.000
202604180154,   3.363,   3.870,9999.000,9999.000,9999.000,9999.000,9999.000,9999.000,9999.000
202604180200,   3.362,   3.860,   0.500,  -0.002,   3.860,   0.500,   3.860,   0.500,   3.860
202604180206,   3.357,   3.847,9999.000,9999.000,9999.000,9999.000,9999.000,9999.000,9999.000
202604180212,   3.347,   3.817,9999.000,9999.000,9999.000,9999.000,9999.000,9999.000,9999.000
202604180218,   3.332,   3.778,9999.000,9999.000,9999.000,9999.000,9999.000,9999.000,9999.000
202604180224,   3.314,   3.758,9999.000,9999.000,9999.000,9999.000,9999.000,9999.000,9999.000
202604180230,   3.292,   3.739,9999.000,9999.000,9999.000,9999.000,9999.000,9999.000,9999.000
202604180236,   3.265,   3.719,9999.000,9999.000,9999.000,9999.000,9999.000,9999.000,9999.000
202604180242,   3.235,   3.699,9999.000,9999.000,9999.000,9999.000,9999.000,9999.000,9999.000
202604180248,   3.200,   3.670,9999.000,9999.000,9999.000,9999.000,9999.000,9999.000,9999.000
202604180254,   3.162,   3.627,9999.000,9999.000,9999.000,9999.000,9999.000,9999.000,9999.000
202604180300,   3.120,   3.588,   0.500,  -0.032,   3.588,   0.500,   3.588,   0.500,   3.588
202604180306,   3.074,   3.568,9999.000,9999.000,9999.000,9999.000,9999.000,9999.000,9999.000
202604180312,   3.024,   3.539,9999.000,9999.000,9999.000,9999.000,9999.000,9999.000,9999.000
202604180318,   2.972,   3.489,9999.000,9999.000,9999.000,9999.000,9999.000,9999.000,9999.000
202604180324,   2.916,   3.417,9999.000,9999.000,9999.000,9999.000,9999.000,9999.000,9999.000
202604180330,   2.856,   3.358,9999.000,9999.000,9999.000,9999.000,9999.000,9999.000,9999.000
202604180336,   2.794,   3.299,9999.000,9999.000,9999.000,9999.000,9999.000,9999.000,9999.000
202604180342,   2.729,   3.250,9999.000,9999.000,9999.000,9999.000,9999.000,9999.000,9999.000
202604180348,   2.661,   3.178,9999.000,9999.000,9999.000,9999.000,9999.000,9999.000,9999.000
202604180354,   2.591,   3.138,9999.000,9999.000,9999.000,9999.000,9999.000,9999.000,9999.000
202604180400,   2.518,   3.079,   0.500,   0.061,   3.079,   0.500,   3.079,   0.500,   3.079
202604180406,   2.443,   2.997,9999.000,9999.000,9999.000,9999.000,9999.000,9999.000,9999.000
202604180412,   2.366,   2.919,9999.000,9999.000,9999.000,9999.000,9999.000,9999.000,9999.000
202604180418,   2.287,   2.860,9999.000,9999.000,9999.000,9999.000,9999.000,9999.000,9999.000
202604180424,   2.207,   2.807,9999.000,9999.000,9999.000,9999.000,9999.000,9999.000,9999.000
202604180430,   2.125,   2.738,9999.000,9999.000,9999.000,9999.000,9999.000,9999.000,9999.000
202604180436,   2.043,   2.660,9999.000,9999.000,9999.000,9999.000,9999.000,9999.000,9999.000
202604180442,   1.959,   2.568,9999.000,9999.000,9999.000,9999.000,9999.000,9999.000,9999.000
202604180448,   1.874,   2.459,9999.000,9999.000,9999.000,9999.000,9999.000,9999.000,9999.000
202604180454,   1.789,   2.377,9999.000,9999.000,9999.000,9999.000,9999.000,9999.000,9999.000
202604180500,   1.704,   2.299,   0.500,   0.095,   2.299,   0.500,   2.299,   0.500,   2.299
202604180506,   1.618,   2.191,9999.000,9999.000,9999.000,9999.000,9999.000,9999.000,9999.000
202604180512,   1.533,   2.089,9999.000,9999.000,9999.000,9999.000,9999.000,9999.000,9999.000
202604180518,   1.447,   2.010,9999.000,9999.000,9999.000,9999.000,9999.000,9999.000,9999.000
202604180524,   1.363,   1.908,9999.000,9999.000,9999.000,9999.000,9999.000,9999.000,9999.000
202604180530,   1.279,   1.810,9999.000,9999.000,9999.000,9999.000,9999.000,9999.000,9999.000
202604180536,   1.195,   1.708,9999.000,9999.000,9999.000,9999.000,9999.000,9999.000,9999.000
202604180542,   1.113,   1.639,9999.000,9999.000,9999.000,9999.000,9999.000,9999.000,9999.000
202604180548,   1.032,   1.571,9999.000,9999.000,9999.000,9999.000,9999.000,9999.000,9999.000
202604180554,   0.953,   1.489,9999.000,9999.000,9999.000,9999.000,9999.000,9999.000,9999.000
202604180600,   0.875,   1.400,   0.500,   0.025,   1.400,   0.500,   1.400,   0.500,   1.400
202604180606,   0.799,   1.308,9999.000,9999.000,9999.000,9999.000,9999.000,9999.000,9999.000
202604180612,   0.724,   1.229,9999.000,9999.000,9999.000,9999.000,9999.000,9999.000,9999.000
202604180618,   0.652,9999.000,9999.000,9999.000,9999.000,9999.000,9999.000,9999.000,9999.000
202604180624,   0.582,   1.118,9999.000,9999.000,9999.000,9999.000,9999.000,9999.000,9999.000
202604180630,   0.514,   1.039,9999.000,9999.000,9999.000,9999.000,9999.000,9999.000,9999.000
202604180636,   0.448,   0.941,9999.000,9999.000,9999.000,9999.000,9999.000,9999.000,9999.000
202604180642,   0.385,   0.888,9999.000,9999.000,9999.000,9999.000,9999.000,9999.000,9999.000
202604180648,   0.324,   0.839,9999.000,9999.000,9999.000,9999.000,9999.000,9999.000,9999.000
202604180654,   0.266,   0.780,9999.000,9999.000,9999.000,9999.000,9999.000,9999.000,9999.000
202604180700,   0.211,   0.688,   0.500,  -0.023,   0.688,   0.500,   0.688,   0.500,   0.688
202604180706,   0.159,   0.629,9999.000,9999.000,9999.000,9999.000,9999.000,9999.000,9999.000
202604180712,   0.110,   0.610,9999.000,9999.000,9999.000,9999.000,9999.000,9999.000,9999.000
202604180718,   0.064,   0.570,9999.000,9999.000,9999.000,9999.000,9999.000,9999.000,9999.000
202604180724,   0.021,   0.518,9999.000,9999.000,9999.000,9999.000,9999.000,9999.000,9999.000
202604180730,  -0.018,   0.469,9999.000,9999.000,9999.000,9999.000,9999.000,9999.000,9999.000
202604180736,  -0.054,   0.429,9999.000,9999.000,9999.000,9999.000,9999.000,9999.000,9999.000
202604180742,  -0.087,   0.409,9999.000,9999.000,9999.000,9999.000,9999.000,9999.000,9999.000
202604180748,  -0.116,   0.400,9999.000,9999.000,9999.000,9999.000,9999.000,9999.000,9999.000
202604180754,  -0.142,   0.400,9999.000,9999.000,9999.000,9999.000,9999.000,9999.000,9999.000
202604180800,  -0.165,   0.400,   0.500,   0.065,   0.400,   0.500,   0.400,   0.500,   0.400
202604180806,  -0.183,   0.390,9999.000,9999.000,9999.000,9999.000,9999.000,9999.000,9999.000
202604180812,  -0.198,   0.390,9999.000,9999.000,9999.000,9999.000,9999.000,9999.000,9999.000
202604180818,  -0.209,   0.400,9999.000,9999.000,9999.000,9999.000,9999.000,9999.000,9999.000
202604180824,  -0.216,   0.400,9999.000,9999.000,9999.000,9999.000,9999.000,9999.000,9999.000
202604180830,  -0.220,   0.409,9999.000,9999.000,9999.000,9999.000,9999.000,9999.000,9999.000
202604180836,  -0.219,   0.409,9999.000,9999.000,9999.000,9999.000,9999.000,9999.000,9999.000
202604180842,  -0.214,   0.439,9999.000,9999.000,9999.000,9999.000,9999.000,9999.000,9999.000
202604180848,  -0.206,   0.459,9999.000,9999.000,9999.000,9999.000,9999.000,9999.000,9999.000
202604180854,  -0.193,   0.469,9999.000,9999.000,9999.000,9999.000,9999.000,9999.000,9999.000
202604180900,  -0.176,   0.498,   0.500,   0.174,   0.498,   0.500,   0.498,   0.500,   0.498
202604180906,  -0.155,   0.518,9999.000,9999.000,9999.000,9999.000,9999.000,9999.000,9999.000
202604180912,  -0.130,   0.551,9999.000,9999.000,9999.000,9999.000,9999.000,9999.000,9999.000
202604180918,  -0.101,   0.570,9999.000,9999.000,9999.000,9999.000,9999.000,9999.000,9999.000
202604180924,  -0.068,   0.639,9999.000,9999.000,9999.000,9999.000,9999.000,9999.000,9999.000
202604180930,  -0.031,   0.708,9999.000,9999.000,9999.000,9999.000,9999.000,9999.000,9999.000
202604180936,   0.009,   0.760,9999.000,9999.000,9999.000,9999.000,9999.000,9999.000,9999.000
202604180942,   0.054,   0.829,9999.000,9999.000,9999.000,9999.000,9999.000,9999.000,9999.000
202604180948,   0.102,   0.888,9999.000,9999.000,9999.000,9999.000,9999.000,9999.000,9999.000
202604180954,   0.154,   0.941,9999.000,9999.000,9999.000,9999.000,9999.000,9999.000,9999.000
202604181000,   0.210,   1.010,   0.500,   0.300,   1.010,   0.500,   1.010,   0.600,   1.110
202604181006,   0.269,   1.079,9999.000,9999.000,9999.000,9999.000,9999.000,9999.000,9999.000
202604181012,   0.331,   1.138,9999.000,9999.000,9999.000,9999.000,9999.000,9999.000,9999.000
202604181018,   0.396,   1.180,9999.000,9999.000,9999.000,9999.000,9999.000,9999.000,9999.000
202604181024,   0.463,   1.249,9999.000,9999.000,9999.000,9999.000,9999.000,9999.000,9999.000
202604181030,   0.534,   1.328,9999.000,9999.000,9999.000,9999.000,9999.000,9999.000,9999.000
202604181036,   0.606,   1.390,9999.000,9999.000,9999.000,9999.000,9999.000,9999.000,9999.000
202604181042,   0.681,   1.459,9999.000,9999.000,9999.000,9999.000,9999.000,9999.000,9999.000
202604181048,   0.758,   1.538,9999.000,9999.000,9999.000,9999.000,9999.000,9999.000,9999.000
202604181054,   0.836,   1.610,9999.000,9999.000,9999.000,9999.000,9999.000,9999.000,9999.000
202604181100,   0.916,   1.679,   0.500,   0.263,   1.679,   0.500,   1.679,   0.600,   1.779
202604181106,   0.997,   1.738,9999.000,9999.000,9999.000,9999.000,9999.000,9999.000,9999.000
202604181112,   1.078,   1.810,9999.000,9999.000,9999.000,9999.000,9999.000,9999.000,9999.000
202604181118,   1.161,   1.889,9999.000,9999.000,9999.000,9999.000,9999.000,9999.000,9999.000
202604181124,   1.243,   1.981,9999.000,9999.000,9999.000,9999.000,9999.000,9999.000,9999.000
202604181130,   1.326,   2.059,9999.000,9999.000,9999.000,9999.000,9999.000,9999.000,9999.000
202604181136,   1.408,   2.128,9999.000,9999.000,9999.000,9999.000,9999.000,9999.000,9999.000
202604181142,   1.490,   2.191,9999.000,9999.000,9999.000,9999.000,9999.000,9999.000,9999.000
202604181148,   1.571,   2.240,9999.000,9999.000,9999.000,9999.000,9999.000,9999.000,9999.000
202604181154,   1.651,   2.328,9999.000,9999.000,9999.000,9999.000,9999.000,9999.000,9999.000
202604181200,   1.729,   2.410,   0.600,   0.081,   2.410,   0.500,   2.310,   0.600,   2.410
202604181206,   1.806,   2.469,9999.000,9999.000,9999.000,9999.000,9999.000,9999.000,9999.000
202604181212,   1.881,   2.548,9999.000,9999.000,9999.000,9999.000,9999.000,9999.000,9999.000
202604181218,   1.954,   2.610,9999.000,9999.000,9999.000,9999.000,9999.000,9999.000,9999.000
202604181224,   2.025,   2.679,9999.000,9999.000,9999.000,9999.000,9999.000,9999.000,9999.000
202604181230,   2.093,   2.748,9999.000,9999.000,9999.000,9999.000,9999.000,9999.000,9999.000
202604181236,   2.158,   2.830,9999.000,9999.000,9999.000,9999.000,9999.000,9999.000,9999.000
202604181242,   2.221,   2.889,9999.000,9999.000,9999.000,9999.000,9999.000,9999.000,9999.000
202604181248,   2.281,   2.938,9999.000,9999.000,9999.000,9999.000,9999.000,9999.000,9999.000
202604181254,   2.337,   2.997,9999.000,9999.000,9999.000,9999.000,9999.000,9999.000,9999.000
202604181300,   2.390,   3.060,   0.600,   0.070,   3.060,   0.600,   3.060,   0.600,   3.060
202604181306,   2.440,   3.109,9999.000,9999.000,9999.000,9999.000,9999.000,9999.000,9999.000
202604181312,   2.486,   3.148,9999.000,9999.000,9999.000,9999.000,9999.000,9999.000,9999.000
202604181318,   2.528,   3.188,9999.000,9999.000,9999.000,9999.000,9999.000,9999.000,9999.000
202604181324,   2.567,   3.217,9999.000,9999.000,9999.000,9999.000,9999.000,9999.000,9999.000
202604181330,   2.601,   3.250,9999.000,9999.000,9999.000,9999.000,9999.000,9999.000,9999.000
202604181336,   2.632,   3.289,9999.000,9999.000,9999.000,9999.000,9999.000,9999.000,9999.000
202604181342,   2.659,   3.329,9999.000,9999.000,9999.000,9999.000,9999.000,9999.000,9999.000
202604181348,   2.682,   3.358,9999.000,9999.000,9999.000,9999.000,9999.000,9999.000,9999.000
202604181354,   2.700,   3.368,9999.000,9999.000,9999.000,9999.000,9999.000,9999.000,9999.000
202604181400,   2.714,   3.368,   0.600,   0.054,   3.368,   0.600,   3.368,   0.600,   3.368
202604181406,   2.725,   3.368,9999.000,9999.000,9999.000,9999.000,9999.000,9999.000,9999.000
202604181412,   2.731,   3.368,9999.000,9999.000,9999.000,9999.000,9999.000,9999.000,9999.000
202604181418,   2.733,   3.358,9999.000,9999.000,9999.000,9999.000,9999.000,9999.000,9999.000
202604181424,   2.731,   3.339,9999.000,9999.000,9999.000,9999.000,9999.000,9999.000,9999.000
202604181430,   2.725,   3.309,9999.000,9999.000,9999.000,9999.000,9999.000,9999.000,9999.000
202604181436,   2.714,   3.270,9999.000,9999.000,9999.000,9999.000,9999.000,9999.000,9999.000
202604181442,   2.700,   3.240,9999.000,9999.000,9999.000,9999.000,9999.000,9999.000,9999.000
202604181448,   2.681,   3.207,9999.000,9999.000,9999.000,9999.000,9999.000,9999.000,9999.000
202604181454,   2.659,   3.197,9999.000,9999.000,9999.000,9999.000,9999.000,9999.000,9999.000
202604181500,   2.633,   3.178,   0.600,  -0.055,   3.178,   0.600,   3.178,   0.600,   3.178
202604181506,   2.603,   3.158,9999.000,9999.000,9999.000,9999.000,9999.000,9999.000,9999.000
202604181512,   2.569,   3.138,9999.000,9999.000,9999.000,9999.000,9999.000,9999.000,9999.000
202604181518,   2.532,   3.129,9999.000,9999.000,9999.000,9999.000,9999.000,9999.000,9999.000
202604181524,   2.491,   3.109,9999.000,9999.000,9999.000,9999.000,9999.000,9999.000,9999.000
202604181530,   2.447,   3.089,9999.000,9999.000,9999.000,9999.000,9999.000,9999.000,9999.000
202604181536,   2.400,   3.060,9999.000,9999.000,9999.000,9999.000,9999.000,9999.000,9999.000
202604181542,   2.349,   3.017,9999.000,9999.000,9999.000,9999.000,9999.000,9999.000,9999.000
202604181548,   2.295,   2.978,9999.000,9999.000,9999.000,9999.000,9999.000,9999.000,9999.000
202604181554,   2.239,   2.909,9999.000,9999.000,9999.000,9999.000,9999.000,9999.000,9999.000
202604181600,   2.180,   2.860,   0.600,   0.080,   2.860,   0.600,   2.860,   0.600,   2.860
202604181606,   2.118,   2.797,9999.000,9999.000,9999.000,9999.000,9999.000,9999.000,9999.000
202604181612,   2.054,   2.748,9999.000,9999.000,9999.000,9999.000,9999.000,9999.000,9999.000
202604181618,   1.988,   2.709,9999.000,9999.000,9999.000,9999.000,9999.000,9999.000,9999.000
202604181624,   1.920,   2.650,9999.000,9999.000,9999.000,9999.000,9999.000,9999.000,9999.000
202604181630,   1.850,   2.578,9999.000,9999.000,9999.000,9999.000,9999.000,9999.000,9999.000
202604181636,   1.778,   2.509,9999.000,9999.000,9999.000,9999.000,9999.000,9999.000,9999.000
202604181642,   1.706,   2.440,9999.000,9999.000,9999.000,9999.000,9999.000,9999.000,9999.000
202604181648,   1.632,   2.377,9999.000,9999.000,9999.000,9999.000,9999.000,9999.000,9999.000
202604181654,   1.557,   2.328,9999.000,9999.000,9999.000,9999.000,9999.000,9999.000,9999.000
202604181700,   1.481,   2.279,   0.600,   0.198,   2.279,   0.600,   2.279,   0.700,   2.379
202604181706,   1.405,   2.191,9999.000,9999.000,9999.000,9999.000,9999.000,9999.000,9999.000
202604181712,   1.329,   2.109,9999.000,9999.000,9999.000,9999.000,9999.000,9999.000,9999.000
202604181718,   1.253,   2.030,9999.000,9999.000,9999.000,9999.000,9999.000,9999.000,9999.000
202604181724,   1.176,   1.938,9999.000,9999.000,9999.000,9999.000,9999.000,9999.000,9999.000
202604181730,   1.101,   1.869,9999.000,9999.000,9999.000,9999.000,9999.000,9999.000,9999.000
202604181736,   1.026,   1.800,9999.000,9999.000,9999.000,9999.000,9999.000,9999.000,9999.000
202604181742,   0.951,   1.718,9999.000,9999.000,9999.000,9999.000,9999.000,9999.000,9999.000
202604181748,   0.878,   1.630,9999.000,9999.000,9999.000,9999.000,9999.000,9999.000,9999.000
202604181754,   0.806,   1.557,9999.000,9999.000,9999.000,9999.000,9999.000,9999.000,9999.000
202604181800,   0.735,   1.498,   0.700,   0.063,   1.498,   0.600,   1.398,   0.700,   1.498
202604181806,   0.666,   1.430,9999.000,9999.000,9999.000,9999.000,9999.000,9999.000,9999.000
202604181812,   0.599,   1.371,9999.000,9999.000,9999.000,9999.000,9999.000,9999.000,9999.000
202604181818,   0.534,   1.308,9999.000,9999.000,9999.000,9999.000,9999.000,9999.000,9999.000
202604181824,   0.471,   1.239,9999.000,9999.000,9999.000,9999.000,9999.000,9999.000,9999.000
202604181830,   0.410,   1.170,9999.000,9999.000,9999.000,9999.000,9999.000,9999.000,9999.000
202604181836,   0.351,   1.128,9999.000,9999.000,9999.000,9999.000,9999.000,9999.000,9999.000
202604181842,   0.295,   1.059,9999.000,9999.000,9999.000,9999.000,9999.000,9999.000,9999.000
202604181848,   0.241,   1.000,9999.000,9999.000,9999.000,9999.000,9999.000,9999.000,9999.000
202604181854,   0.190,   0.961,9999.000,9999.000,9999.000,9999.000,9999.000,9999.000,9999.000
202604181900,   0.142,   0.928,   0.700,   0.086,   0.928,   0.700,   0.928,   0.800,   1.028
202604181906,   0.097,   0.888,9999.000,9999.000,9999.000,9999.000,9999.000,9999.000,9999.000
202604181912,   0.055,   0.839,9999.000,9999.000,9999.000,9999.000,9999.000,9999.000,9999.000
202604181918,   0.016,   0.810,9999.000,9999.000,9999.000,9999.000,9999.000,9999.000,9999.000
202604181924,  -0.019,   0.770,9999.000,9999.000,9999.000,9999.000,9999.000,9999.000,9999.000
202604181930,  -0.051,   0.770,9999.000,9999.000,9999.000,9999.000,9999.000,9999.000,9999.000
202604181936,  -0.080,   0.770,9999.000,9999.000,9999.000,9999.000,9999.000,9999.000,9999.000
202604181942,  -0.106,   0.741,9999.000,9999.000,9999.000,9999.000,9999.000,9999.000,9999.000
202604181948,  -0.129,   0.731,9999.000,9999.000,9999.000,9999.000,9999.000,9999.000,9999.000
202604181954,  -0.148,   0.741,9999.000,9999.000,9999.000,9999.000,9999.000,9999.000,9999.000
202604182000,  -0.163,   0.741,   0.700,   0.204,   0.741,   0.700,   0.741,   0.800,   0.841
202604182006,  -0.175,   0.731,9999.000,9999.000,9999.000,9999.000,9999.000,9999.000,9999.000
202604182012,  -0.184,   0.731,9999.000,9999.000,9999.000,9999.000,9999.000,9999.000,9999.000
202604182018,  -0.188,   0.741,9999.000,9999.000,9999.000,9999.000,9999.000,9999.000,9999.000
202604182024,  -0.189,   0.731,9999.000,9999.000,9999.000,9999.000,9999.000,9999.000,9999.000
202604182030,  -0.187,   0.751,9999.000,9999.000,9999.000,9999.000,9999.000,9999.000,9999.000
202604182036,  -0.180,   0.751,9999.000,9999.000,9999.000,9999.000,9999.000,9999.000,9999.000
202604182042,  -0.170,   0.760,9999.000,9999.000,9999.000,9999.000,9999.000,9999.000,9999.000
202604182048,  -0.156,   0.790,9999.000,9999.000,9999.000,9999.000,9999.000,9999.000,9999.000
202604182054,  -0.138,   0.829,9999.000,9999.000,9999.000,9999.000,9999.000,9999.000,9999.000
202604182100,  -0.116,   0.859,   0.800,   0.175,   0.859,   0.700,   0.759,   0.800,   0.859
202604182106,  -0.091,   0.859,9999.000,9999.000,9999.000,9999.000,9999.000,9999.000,9999.000
202604182112,  -0.061,   0.879,9999.000,9999.000,9999.000,9999.000,9999.000,9999.000,9999.000
202604182118,  -0.028,   0.961,9999.000,9999.000,9999.000,9999.000,9999.000,9999.000,9999.000
202604182124,   0.009,   1.010,9999.000,9999.000,9999.000,9999.000,9999.000,9999.000,9999.000
202604182130,   0.050,   1.079,9999.000,9999.000,9999.000,9999.000,9999.000,9999.000,9999.000
202604182136,   0.094,   1.118,9999.000,9999.000,9999.000,9999.000,9999.000,9999.000,9999.000
202604182142,   0.143,   1.180,9999.000,9999.000,9999.000,9999.000,9999.000,9999.000,9999.000
202604182148,   0.195,   1.239,9999.000,9999.000,9999.000,9999.000,9999.000,9999.000,9999.000
202604182154,   0.251,   1.308,9999.000,9999.000,9999.000,9999.000,9999.000,9999.000,9999.000
202604182200,   0.310,   1.371,   0.800,   0.261,   1.371,   0.800,   1.371,   0.800,   1.371
202604182206,   0.373,   1.410,9999.000,9999.000,9999.000,9999.000,9999.000,9999.000,9999.000
202604182212,   0.439,   1.479,9999.000,9999.000,9999.000,9999.000,9999.000,9999.000,9999.000
202604182218,   0.508,   1.548,9999.000,9999.000,9999.000,9999.000,9999.000,9999.000,9999.000
202604182224,   0.580,   1.639,9999.000,9999.000,9999.000,9999.000,9999.000,9999.000,9999.000
202604182230,   0.656,   1.708,9999.000,9999.000,9999.000,9999.000,9999.000,9999.000,9999.000
202604182236,   0.733,   1.767,9999.000,9999.000,9999.000,9999.000,9999.000,9999.000,9999.000
202604182242,   0.814,   1.849,9999.000,9999.000,9999.000,9999.000,9999.000,9999.000,9999.000
202604182248,   0.896,   1.948,9999.000,9999.000,9999.000,9999.000,9999.000,9999.000,9999.000
202604182254,   0.981,   2.049,9999.000,9999.000,9999.000,9999.000,9999.000,9999.000,9999.000
202604182300,   1.068,   2.158,   0.800,   0.290,   2.158,   0.800,   2.158,   0.900,   2.258
202604182306,   1.156,   2.250,9999.000,9999.000,9999.000,9999.000,9999.000,9999.000,9999.000
202604182312,   1.246,   2.328,9999.000,9999.000,9999.000,9999.000,9999.000,9999.000,9999.000
202604182318,   1.337,   2.440,9999.000,9999.000,9999.000,9999.000,9999.000,9999.000,9999.000
202604182324,   1.428,   2.538,9999.000,9999.000,9999.000,9999.000,9999.000,9999.000,9999.000
202604182330,   1.521,   2.620,9999.000,9999.000,9999.000,9999.000,9999.000,9999.000,9999.000
202604182336,   1.613,   2.669,9999.000,9999.000,9999.000,9999.000,9999.000,9999.000,9999.000
202604182342,   1.706,   2.738,9999.000,9999.000,9999.000,9999.000,9999.000,9999.000,9999.000
202604182348,   1.798,   2.807,9999.000,9999.000,9999.000,9999.000,9999.000,9999.000,9999.000
202604182354,   1.891,   2.909,9999.000,9999.000,9999.000,9999.000,9999.000,9999.000,9999.000
202604190000,   1.982,   3.007,   0.800,   0.225,   3.007,   0.800,   3.007,   0.800,   3.007
202604190006,   2.072,   3.040,9999.000,9999.000,9999.000,9999.000,9999.000,9999.000,9999.000
202604190012,   2.161,   3.099,9999.000,9999.000,9999.000,9999.000,9999.000,9999.000,9999.000
202604190018,   2.248,   3.168,9999.000,9999.000,9999.000,9999.000,9999.000,9999.000,9999.000
202604190024,   2.334,   3.270,9999.000,9999.000,9999.000,9999.000,9999.000,9999.000,9999.000
202604190030,   2.418,   3.358,9999.000,9999.000,9999.000,9999.000,9999.000,9999.000,9999.000
202604190036,   2.499,   3.427,9999.000,9999.000,9999.000,9999.000,9999.000,9999.000,9999.000
202604190042,   2.578,   3.480,9999.000,9999.000,9999.000,9999.000,9999.000,9999.000,9999.000
202604190048,   2.654,   3.539,9999.000,9999.000,9999.000,9999.000,9999.000,9999.000,9999.000
202604190054,   2.727,   3.607,9999.000,9999.000,9999.000,9999.000,9999.000,9999.000,9999.000
202604190100,   2.797,   3.680,   0.800,   0.083,   3.680,   0.800,   3.680,   0.800,   3.680
202604190106,   2.864,   3.729,9999.000,9999.000,9999.000,9999.000,9999.000,9999.000,9999.000
202604190112,   2.927,   3.758,9999.000,9999.000,9999.000,9999.000,9999.000,9999.000,9999.000
202604190118,   2.987,   3.817,9999.000,9999.000,9999.000,9999.000,9999.000,9999.000,9999.000
202604190124,   3.043,   3.880,9999.000,9999.000,9999.000,9999.000,9999.000,9999.000,9999.000
202604190130,   3.095,   3.929,9999.000,9999.000,9999.000,9999.000,9999.000,9999.000,9999.000
202604190136,   3.143,   3.968,9999.000,9999.000,9999.000,9999.000,9999.000,9999.000,9999.000
202604190142,   3.187,   4.008,9999.000,9999.000,9999.000,9999.000,9999.000,9999.000,9999.000
202604190148,   3.228,   4.037,9999.000,9999.000,9999.000,9999.000,9999.000,9999.000,9999.000
202604190154,   3.263,   4.099,9999.000,9999.000,9999.000,9999.000,9999.000,9999.000,9999.000
202604190200,   3.295,   4.139,   0.800,   0.044,   4.139,   0.800,   4.139,   0.800,   4.139
202604190206,   3.322,   4.159,9999.000,9999.000,9999.000,9999.000,9999.000,9999.000,9999.000
202604190212,   3.345,   4.178,9999.000,9999.000,9999.000,9999.000,9999.000,9999.000,9999.000
202604190218,   3.364,   4.198,9999.000,9999.000,9999.000,9999.000,9999.000,9999.000,9999.000
202604190224,   3.378,   4.208,9999.000,9999.000,9999.000,9999.000,9999.000,9999.000,9999.000
202604190230,   3.388,   4.198,9999.000,9999.000,9999.000,9999.000,9999.000,9999.000,9999.000
202604190236,   3.393,   4.198,9999.000,9999.000,9999.000,9999.000,9999.000,9999.000,9999.000
202604190242,   3.394,   4.208,9999.000,9999.000,9999.000,9999.000,9999.000,9999.000,9999.000
202604190248,   3.391,   4.159,9999.000,9999.000,9999.000,9999.000,9999.000,9999.000,9999.000
202604190254,   3.383,   4.139,9999.000,9999.000,9999.000,9999.000,9999.000,9999.000,9999.000
202604190300,   3.371,   4.119,   0.800,  -0.052,   4.119,   0.700,   4.019,   0.800,   4.119
202604190306,   3.354,   4.109,9999.000,9999.000,9999.000,9999.000,9999.000,9999.000,9999.000
202604190312,   3.334,   4.099,9999.000,9999.000,9999.000,9999.000,9999.000,9999.000,9999.000
202604190318,   3.309,   4.070,9999.000,9999.000,9999.000,9999.000,9999.000,9999.000,9999.000
202604190324,   3.280,   4.017,9999.000,9999.000,9999.000,9999.000,9999.000,9999.000,9999.000
202604190330,   3.248,   3.988,9999.000,9999.000,9999.000,9999.000,9999.000,9999.000,9999.000
202604190336,   3.211,   3.968,9999.000,9999.000,9999.000,9999.000,9999.000,9999.000,9999.000
202604190342,   3.171,   3.978,9999.000,9999.000,9999.000,9999.000,9999.000,9999.000,9999.000
202604190348,   3.126,   3.958,9999.000,9999.000,9999.000,9999.000,9999.000,9999.000,9999.000
202604190354,   3.078,   3.909,9999.000,9999.000,9999.000,9999.000,9999.000,9999.000,9999.000
202604190400,   3.027,   3.860,   0.700,   0.133,   3.860,   0.700,   3.860,   0.800,   3.960
202604190406,   2.972,   3.808,9999.000,9999.000,9999.000,9999.000,9999.000,9999.000,9999.000
202604190412,   2.915,   3.749,9999.000,9999.000,9999.000,9999.000,9999.000,9999.000,9999.000
202604190418,   2.854,   3.689,9999.000,9999.000,9999.000,9999.000,9999.000,9999.000,9999.000
202604190424,   2.790,   3.637,9999.000,9999.000,9999.000,9999.000,9999.000,9999.000,9999.000
202604190430,   2.723,   3.568,9999.000,9999.000,9999.000,9999.000,9999.000,9999.000,9999.000
202604190436,   2.654,   3.499,9999.000,9999.000,9999.000,9999.000,9999.000,9999.000,9999.000
202604190442,   2.582,   3.427,9999.000,9999.000,9999.000,9999.000,9999.000,9999.000,9999.000
202604190448,   2.508,   3.388,9999.000,9999.000,9999.000,9999.000,9999.000,9999.000,9999.000
202604190454,   2.432,9999.000,9999.000,9999.000,9999.000,9999.000,9999.000,9999.000,9999.000
202604190500,   2.355,   3.279,   0.700,   0.224,   3.279,   0.600,   3.179,   0.700,   3.279
202604190506,   2.275,   3.217,9999.000,9999.000,9999.000,9999.000,9999.000,9999.000,9999.000
202604190512,   2.195,   3.148,9999.000,9999.000,9999.000,9999.000,9999.000,9999.000,9999.000
202604190518,   2.113,   3.050,9999.000,9999.000,9999.000,9999.000,9999.000,9999.000,9999.000
202604190524,   2.030,   2.958,9999.000,9999.000,9999.000,9999.000,9999.000,9999.000,9999.000
202604190530,   1.946,   2.909,9999.000,9999.000,9999.000,9999.000,9999.000,9999.000,9999.000
202604190536,   1.862,   2.807,9999.000,9999.000,9999.000,9999.000,9999.000,9999.000,9999.000
202604190542,   1.777,   2.719,9999.000,9999.000,9999.000,9999.000,9999.000,9999.000,9999.000
202604190548,   1.692,   2.640,9999.000,9999.000,9999.000,9999.000,9999.000,9999.000,9999.000
202604190554,   1.607,   2.558,9999.000,9999.000,9999.000,9999.000,9999.000,9999.000,9999.000
202604190600,   1.523,   2.469,   0.700,   0.246,   2.469,   0.600,   2.369,   0.800,   2.569
202604190606,   1.438,   2.377,9999.000,9999.000,9999.000,9999.000,9999.000,9999.000,9999.000
202604190612,   1.355,   2.299,9999.000,9999.000,9999.000,9999.000,9999.000,9999.000,9999.000
202604190618,   1.272,   2.210,9999.000,9999.000,9999.000,9999.000,9999.000,9999.000,9999.000
202604190624,   1.191,   2.128,9999.000,9999.000,9999.000,9999.000,9999.000,9999.000,9999.000
202604190630,   1.110,   2.040,9999.000,9999.000,9999.000,9999.000,9999.000,9999.000,9999.000
202604190636,   1.031,   1.948,9999.000,9999.000,9999.000,9999.000,9999.000,9999.000,9999.000
202604190642,   0.954,   1.869,9999.000,9999.000,9999.000,9999.000,9999.000,9999.000,9999.000
202604190648,   0.878,   1.781,9999.000,9999.000,9999.000,9999.000,9999.000,9999.000,9999.000
202604190654,   0.804,   1.699,9999.000,9999.000,9999.000,9999.000,9999.000,9999.000,9999.000
202604190700,   0.732,   1.630,   0.700,   0.198,   1.630,   0.600,   1.530,   0.700,   1.630
202604190706,   0.662,   1.538,9999.000,9999.000,9999.000,9999.000,9999.000,9999.000,9999.000
202604190712,   0.594,   1.459,9999.000,9999.000,9999.000,9999.000,9999.000,9999.000,9999.000
202604190718,   0.528,   1.371,9999.000,9999.000,9999.000,9999.000,9999.000,9999.000,9999.000
202604190724,   0.465,   1.298,9999.000,9999.000,9999.000,9999.000,9999.000,9999.000,9999.000
202604190730,   0.404,   1.220,9999.000,9999.000,9999.000,9999.000,9999.000,9999.000,9999.000
202604190736,   0.346,   1.161,9999.000,9999.000,9999.000,9999.000,9999.000,9999.000,9999.000
202604190742,   0.291,   1.098,9999.000,9999.000,9999.000,9999.000,9999.000,9999.000,9999.000
202604190748,   0.239,   1.020,9999.000,9999.000,9999.000,9999.000,9999.000,9999.000,9999.000
202604190754,   0.189,   0.970,9999.000,9999.000,9999.000,9999.000,9999.000,9999.000,9999.000
202604190800,   0.142,   0.918,   0.600,   0.176,   0.918,   0.600,   0.918,   0.700,   1.018
202604190806,   0.098,   0.879,9999.000,9999.000,9999.000,9999.000,9999.000,9999.000,9999.000
202604190812,   0.058,   0.849,9999.000,9999.000,9999.000,9999.000,9999.000,9999.000,9999.000
202604190818,   0.020,   0.829,9999.000,9999.000,9999.000,9999.000,9999.000,9999.000,9999.000
202604190824,  -0.013,   0.800,9999.000,9999.000,9999.000,9999.000,9999.000,9999.000,9999.000
202604190830,  -0.044,   0.760,9999.000,9999.000,9999.000,9999.000,9999.000,9999.000,9999.000
202604190836,  -0.072,   0.751,9999.000,9999.000,9999.000,9999.000,9999.000,9999.000,9999.000
202604190842,  -0.097,   0.731,9999.000,9999.000,9999.000,9999.000,9999.000,9999.000,9999.000
202604190848,  -0.117,   0.708,9999.000,9999.000,9999.000,9999.000,9999.000,9999.000,9999.000
202604190854,  -0.135,   0.688,9999.000,9999.000,9999.000,9999.000,9999.000,9999.000,9999.000
202604190900,  -0.149,   0.669,   0.600,   0.218,   0.669,   0.600,   0.669,   0.600,   0.669
202604190906,  -0.159,   0.649,9999.000,9999.000,9999.000,9999.000,9999.000,9999.000,9999.000
202604190912,  -0.166,   0.659,9999.000,9999.000,9999.000,9999.000,9999.000,9999.000,9999.000
202604190918,  -0.168,   0.678,9999.000,9999.000,9999.000,9999.000,9999.000,9999.000,9999.000
202604190924,  -0.167,   0.678,9999.000,9999.000,9999.000,9999.000,9999.000,9999.000,9999.000
202604190930,  -0.163,   0.688,9999.000,9999.000,9999.000,9999.000,9999.000,9999.000,9999.000
202604190936,  -0.154,   0.698,9999.000,9999.000,9999.000,9999.000,9999.000,9999.000,9999.000
202604190942,  -0.142,   0.698,9999.000,9999.000,9999.000,9999.000,9999.000,9999.000,9999.000
202604190948,  -0.126,   0.741,9999.000,9999.000,9999.000,9999.000,9999.000,9999.000,9999.000
202604190954,  -0.106,   0.800,9999.000,9999.000,9999.000,9999.000,9999.000,9999.000,9999.000
202604191000,  -0.082,   0.849,   0.600,   0.331,   0.849,   0.500,   0.749,   0.600,   0.849
202604191006,  -0.054,   0.879,9999.000,9999.000,9999.000,9999.000,9999.000,9999.000,9999.000
202604191012,  -0.022,   0.908,9999.000,9999.000,9999.000,9999.000,9999.000,9999.000,9999.000
202604191018,   0.012,   0.951,9999.000,9999.000,9999.000,9999.000,9999.000,9999.000,9999.000
202604191024,   0.051,   0.990,9999.000,9999.000,9999.000,9999.000,9999.000,9999.000,9999.000
202604191030,   0.094,   1.059,9999.000,9999.000,9999.000,9999.000,9999.000,9999.000,9999.000
202604191036,   0.140,   1.128,9999.000,9999.000,9999.000,9999.000,9999.000,9999.000,9999.000
202604191042,   0.190,   1.180,9999.000,9999.000,9999.000,9999.000,9999.000,9999.000,9999.000
202604191048,   0.243,   1.220,9999.000,9999.000,9999.000,9999.000,9999.000,9999.000,9999.000
202604191054,   0.299,   1.279,9999.000,9999.000,9999.000,9999.000,9999.000,9999.000,9999.000
202604191100,   0.358,   1.348,   0.600,   0.390,   1.348,   0.500,   1.248,   0.600,   1.348
202604191106,   0.420,   1.410,9999.000,9999.000,9999.000,9999.000,9999.000,9999.000,9999.000
202604191112,   0.485,   1.469,9999.000,9999.000,9999.000,9999.000,9999.000,9999.000,9999.000
202604191118,   0.553,   1.538,9999.000,9999.000,9999.000,9999.000,9999.000,9999.000,9999.000
202604191124,   0.622,   1.620,9999.000,9999.000,9999.000,9999.000,9999.000,9999.000,9999.000
202604191130,   0.694,   1.699,9999.000,9999.000,9999.000,9999.000,9999.000,9999.000,9999.000
202604191136,   0.768,   1.767,9999.000,9999.000,9999.000,9999.000,9999.000,9999.000,9999.000
202604191142,   0.843,   1.840,9999.000,9999.000,9999.000,9999.000,9999.000,9999.000,9999.000
202604191148,   0.920,   1.928,9999.000,9999.000,9999.000,9999.000,9999.000,9999.000,9999.000
202604191154,   0.998,   2.000,9999.000,9999.000,9999.000,9999.000,9999.000,9999.000,9999.000
202604191200,   1.076,   2.079,   0.700,   0.303,   2.079,   0.700,   2.079,   0.800,   2.179
202604191206,   1.155,   2.168,9999.000,9999.000,9999.000,9999.000,9999.000,9999.000,9999.000
202604191212,   1.235,   2.240,9999.000,9999.000,9999.000,9999.000,9999.000,9999.000,9999.000
202604191218,   1.315,   2.309,9999.000,9999.000,9999.000,9999.000,9999.000,9999.000,9999.000
202604191224,   1.394,   2.377,9999.000,9999.000,9999.000,9999.000,9999.000,9999.000,9999.000
202604191230,   1.473,   2.459,9999.000,9999.000,9999.000,9999.000,9999.000,9999.000,9999.000
202604191236,   1.551,   2.538,9999.000,9999.000,9999.000,9999.000,9999.000,9999.000,9999.000
202604191242,   1.628,   2.610,9999.000,9999.000,9999.000,9999.000,9999.000,9999.000,9999.000
202604191248,   1.704,   2.689,9999.000,9999.000,9999.000,9999.000,9999.000,9999.000,9999.000
202604191254,   1.778,   2.748,9999.000,9999.000,9999.000,9999.000,9999.000,9999.000,9999.000
202604191300,   1.850,   2.807,   0.700,   0.257,   2.807,   0.700,   2.807,   0.800,   2.907
202604191306,   1.921,   2.899,9999.000,9999.000,9999.000,9999.000,9999.000,9999.000,9999.000
202604191312,   1.989,   2.948,9999.000,9999.000,9999.000,9999.000,9999.000,9999.000,9999.000
202604191318,   2.055,   3.030,9999.000,9999.000,9999.000,9999.000,9999.000,9999.000,9999.000
202604191324,   2.118,   3.079,9999.000,9999.000,9999.000,9999.000,9999.000,9999.000,9999.000
202604191330,   2.178,   3.119,9999.000,9999.000,9999.000,9999.000,9999.000,9999.000,9999.000
202604191336,   2.236,   3.168,9999.000,9999.000,9999.000,9999.000,9999.000,9999.000,9999.000
202604191342,   2.290,   3.197,9999.000,9999.000,9999.000,9999.000,9999.000,9999.000,9999.000
202604191348,   2.341,   3.260,9999.000,9999.000,9999.000,9999.000,9999.000,9999.000,9999.000
202604191354,   2.388,   3.319,9999.000,9999.000,9999.000,9999.000,9999.000,9999.000,9999.000
202604191400,   2.432,   3.368,   0.700,   0.236,   3.368,   0.700,   3.368,   0.800,   3.468
202604191406,   2.472,   3.427,9999.000,9999.000,9999.000,9999.000,9999.000,9999.000,9999.000
202604191412,   2.509,   3.450,9999.000,9999.000,9999.000,9999.000,9999.000,9999.000,9999.000
202604191418,   2.542,   3.450,9999.000,9999.000,9999.000,9999.000,9999.000,9999.000,9999.000
202604191424,   2.570,   3.470,9999.000,9999.000,9999.000,9999.000,9999.000,9999.000,9999.000
202604191430,   2.595,   3.509,9999.000,9999.000,9999.000,9999.000,9999.000,9999.000,9999.000
202604191436,   2.616,   3.558,9999.000,9999.000,9999.000,9999.000,9999.000,9999.000,9999.000
202604191442,   2.633,   3.558,9999.000,9999.000,9999.000,9999.000,9999.000,9999.000,9999.000
202604191448,   2.645,   3.637,9999.000,9999.000,9999.000,9999.000,9999.000,9999.000,9999.000
202604191454,   2.654,   3.729,9999.000,9999.000,9999.000,9999.000,9999.000,9999.000,9999.000
202604191500,   2.659,   3.808,   0.800,   0.349,   3.808,   0.700,   3.708,   0.800,   3.808
202604191506,   2.659,   3.870,9999.000,9999.000,9999.000,9999.000,9999.000,9999.000,9999.000
202604191512,   2.655,   3.968,9999.000,9999.000,9999.000,9999.000,9999.000,9999.000,9999.000
202604191518,   2.648,   4.090,9999.000,9999.000,9999.000,9999.000,9999.000,9999.000,9999.000
202604191524,   2.636,   4.119,9999.000,9999.000,9999.000,9999.000,9999.000,9999.000,9999.000
202604191530,   2.621,   4.109,9999.000,9999.000,9999.000,9999.000,9999.000,9999.000,9999.000
202604191536,   2.601,   4.139,9999.000,9999.000,9999.000,9999.000,9999.000,9999.000,9999.000
202604191542,   2.578,   4.198,9999.000,9999.000,9999.000,9999.000,9999.000,9999.000,9999.000
202604191548,   2.551,   4.149,9999.000,9999.000,9999.000,9999.000,9999.000,9999.000,9999.000
202604191554,   2.520,   4.047,9999.000,9999.000,9999.000,9999.000,9999.000,9999.000,9999.000
202604191600,   2.486,   3.968,   0.900,   0.582,   3.968,   0.800,   3.868,   1.000,   4.068
202604191606,   2.448,   3.890,9999.000,9999.000,9999.000,9999.000,9999.000,9999.000,9999.000
202604191612,   2.407,   3.870,9999.000,9999.000,9999.000,9999.000,9999.000,9999.000,9999.000
202604191618,   2.362,   3.847,9999.000,9999.000,9999.000,9999.000,9999.000,9999.000,9999.000
202604191624,   2.315,   3.758,9999.000,9999.000,9999.000,9999.000,9999.000,9999.000,9999.000
202604191630,   2.264,   3.699,9999.000,9999.000,9999.000,9999.000,9999.000,9999.000,9999.000
202604191636,   2.211,   3.650,9999.000,9999.000,9999.000,9999.000,9999.000,9999.000,9999.000
202604191642,   2.155,   3.598,9999.000,9999.000,9999.000,9999.000,9999.000,9999.000,9999.000
202604191648,   2.096,   3.578,9999.000,9999.000,9999.000,9999.000,9999.000,9999.000,9999.000
202604191654,   2.035,   3.499,9999.000,9999.000,9999.000,9999.000,9999.000,9999.000,9999.000
202604191700,   1.972,   3.417,   1.000,   0.445,   3.417,   0.900,   3.317,   1.100,   3.517
202604191706,   1.907,   3.329,9999.000,9999.000,9999.000,9999.000,9999.000,9999.000,9999.000
202604191712,   1.840,   3.250,9999.000,9999.000,9999.000,9999.000,9999.000,9999.000,9999.000
202604191718,   1.772,   3.158,9999.000,9999.000,9999.000,9999.000,9999.000,9999.000,9999.000
202604191724,   1.702,   3.079,9999.000,9999.000,9999.000,9999.000,9999.000,9999.000,9999.000
202604191730,   1.631,   2.968,9999.000,9999.000,9999.000,9999.000,9999.000,9999.000,9999.000
202604191736,   1.559,   2.879,9999.000,9999.000,9999.000,9999.000,9999.000,9999.000,9999.000
202604191742,   1.486,   2.807,9999.000,9999.000,9999.000,9999.000,9999.000,9999.000,9999.000
202604191748,   1.413,   2.778,9999.000,9999.000,9999.000,9999.000,9999.000,9999.000,9999.000
202604191754,   1.340,   2.669,9999.000,9999.000,9999.000,9999.000,9999.000,9999.000,9999.000
202604191800,   1.266,   2.548,   0.900,   0.382,   2.548,   0.800,   2.448,   0.900,   2.548
202604191806,   1.193,   2.469,9999.000,9999.000,9999.000,9999.000,9999.000,9999.000,9999.000
202604191812,   1.120,   2.400,9999.000,9999.000,9999.000,9999.000,9999.000,9999.000,9999.000
202604191818,   1.048,   2.338,9999.000,9999.000,9999.000,9999.000,9999.000,9999.000,9999.000
202604191824,   0.976,   2.269,9999.000,9999.000,9999.000,9999.000,9999.000,9999.000,9999.000
202604191830,   0.906,   2.191,9999.000,9999.000,9999.000,9999.000,9999.000,9999.000,9999.000
202604191836,   0.836,   2.099,9999.000,9999.000,9999.000,9999.000,9999.000,9999.000,9999.000
202604191842,   0.768,   2.030,9999.000,9999.000,9999.000,9999.000,9999.000,9999.000,9999.000
202604191848,   0.702,   1.958,9999.000,9999.000,9999.000,9999.000,9999.000,9999.000,9999.000
202604191854,   0.637,   1.908,9999.000,9999.000,9999.000,9999.000,9999.000,9999.000,9999.000
202604191900,   0.574,   1.849,   0.800,   0.475,   1.849,   0.800,   1.849,   0.900,   1.949
202604191906,   0.513,   1.800,9999.000,9999.000,9999.000,9999.000,9999.000,9999.000,9999.000
202604191912,   0.455,   1.748,9999.000,9999.000,9999.000,9999.000,9999.000,9999.000,9999.000
202604191918,   0.398,   1.699,9999.000,9999.000,9999.000,9999.000,9999.000,9999.000,9999.000
202604191924,   0.344,   1.639,9999.000,9999.000,9999.000,9999.000,9999.000,9999.000,9999.000
202604191930,   0.293,   1.580,9999.000,9999.000,9999.000,9999.000,9999.000,9999.000,9999.000
202604191936,   0.244,   1.518,9999.000,9999.000,9999.000,9999.000,9999.000,9999.000,9999.000
202604191942,   0.198,   1.449,9999.000,9999.000,9999.000,9999.000,9999.000,9999.000,9999.000
202604191948,   0.154,   1.361,9999.000,9999.000,9999.000,9999.000,9999.000,9999.000,9999.000
202604191954,   0.114,   1.259,9999.000,9999.000,9999.000,9999.000,9999.000,9999.000,9999.000
202604192000,   0.077,   1.170,   0.800,   0.293,   1.170,   0.600,   0.970,   0.900,   1.270
202604192006,   0.042,   1.108,9999.000,9999.000,9999.000,9999.000,9999.000,9999.000,9999.000
202604192012,   0.011,   1.039,9999.000,9999.000,9999.000,9999.000,9999.000,9999.000,9999.000
202604192018,  -0.016,   0.961,9999.000,9999.000,9999.000,9999.000,9999.000,9999.000,9999.000
202604192024,  -0.042,   0.888,9999.000,9999.000,9999.000,9999.000,9999.000,9999.000,9999.000
202604192030,  -0.063,   0.819,9999.000,9999.000,9999.000,9999.000,9999.000,9999.000,9999.000
202604192036,  -0.082,   0.760,9999.000,9999.000,9999.000,9999.000,9999.000,9999.000,9999.000
202604192042,  -0.097,   0.731,9999.000,9999.000,9999.000,9999.000,9999.000,9999.000,9999.000
202604192048,  -0.109,   0.708,9999.000,9999.000,9999.000,9999.000,9999.000,9999.000,9999.000
202604192054,  -0.118,   0.678,9999.000,9999.000,9999.000,9999.000,9999.000,9999.000,9999.000
202604192100,  -0.123,   0.639,   0.700,   0.062,   0.639,   0.600,   0.539,   0.900,   0.839
202604192106,  -0.125,   0.619,9999.000,9999.000,9999.000,9999.000,9999.000,9999.000,9999.000
202604192112,  -0.123,   0.610,9999.000,9999.000,9999.000,9999.000,9999.000,9999.000,9999.000
202604192118,  -0.118,   0.610,9999.000,9999.000,9999.000,9999.000,9999.000,9999.000,9999.000
202604192124,  -0.109,   0.610,9999.000,9999.000,9999.000,9999.000,9999.000,9999.000,9999.000
202604192130,  -0.097,   0.610,9999.000,9999.000,9999.000,9999.000,9999.000,9999.000,9999.000
202604192136,  -0.082,   0.649,9999.000,9999.000,9999.000,9999.000,9999.000,9999.000,9999.000
202604192142,  -0.062,   0.688,9999.000,9999.000,9999.000,9999.000,9999.000,9999.000,9999.000
202604192148,  -0.040,   0.751,9999.000,9999.000,9999.000,9999.000,9999.000,9999.000,9999.000
202604192154,  -0.013,   0.810,9999.000,9999.000,9999.000,9999.000,9999.000,9999.000,9999.000
202604192200,   0.016,   0.869,   0.700,   0.153,   0.869,   0.600,   0.769,   0.900,   1.069
202604192206,   0.049,   0.951,9999.000,9999.000,9999.000,9999.000,9999.000,9999.000,9999.000
202604192212,   0.086,   1.039,9999.000,9999.000,9999.000,9999.000,9999.000,9999.000,9999.000
202604192218,   0.127,   1.098,9999.000,9999.000,9999.000,9999.000,9999.000,9999.000,9999.000
202604192224,   0.171,   1.170,9999.000,9999.000,9999.000,9999.000,9999.000,9999.000,9999.000
202604192230,   0.218,   1.259,9999.000,9999.000,9999.000,9999.000,9999.000,9999.000,9999.000
202604192236,   0.269,   1.371,9999.000,9999.000,9999.000,9999.000,9999.000,9999.000,9999.000
202604192242,   0.323,   1.469,9999.000,9999.000,9999.000,9999.000,9999.000,9999.000,9999.000
202604192248,   0.381,   1.557,9999.000,9999.000,9999.000,9999.000,9999.000,9999.000,9999.000
202604192254,   0.441,   1.649,9999.000,9999.000,9999.000,9999.000,9999.000,9999.000,9999.000
202604192300,   0.505,   1.728,   0.800,   0.423,   1.728,   0.700,   1.628,   0.900,   1.828
202604192306,   0.572,   1.810,9999.000,9999.000,9999.000,9999.000,9999.000,9999.000,9999.000
202604192312,   0.642,   1.908,9999.000,9999.000,9999.000,9999.000,9999.000,9999.000,9999.000
202604192318,   0.714,   2.010,9999.000,9999.000,9999.000,9999.000,9999.000,9999.000,9999.000
202604192324,   0.789,   2.148,9999.000,9999.000,9999.000,9999.000,9999.000,9999.000,9999.000
202604192330,   0.866,   2.259,9999.000,9999.000,9999.000,9999.000,9999.000,9999.000,9999.000
202604192336,   0.945,   2.348,9999.000,9999.000,9999.000,9999.000,9999.000,9999.000,9999.000
202604192342,   1.026,   2.440,9999.000,9999.000,9999.000,9999.000,9999.000,9999.000,9999.000
202604192348,   1.110,   2.519,9999.000,9999.000,9999.000,9999.000,9999.000,9999.000,9999.000
202604192354,   1.194,   2.597,9999.000,9999.000,9999.000,9999.000,9999.000,9999.000,9999.000
202604200000,   1.280,   2.660,   0.700,   0.680,   2.660,   0.600,   2.560,   0.900,   2.860
202604200006,   1.367,   2.709,9999.000,9999.000,9999.000,9999.000,9999.000,9999.000,9999.000
202604200012,   1.455,   2.768,9999.000,9999.000,9999.000,9999.000,9999.000,9999.000,9999.000
202604200018,   1.544,   2.797,9999.000,9999.000,9999.000,9999.000,9999.000,9999.000,9999.000
202604200024,   1.633,   2.830,9999.000,9999.000,9999.000,9999.000,9999.000,9999.000,9999.000
202604200030,   1.722,   2.850,9999.000,9999.000,9999.000,9999.000,9999.000,9999.000,9999.000
202604200036,   1.810,   2.869,9999.000,9999.000,9999.000,9999.000,9999.000,9999.000,9999.000
202604200042,   1.899,   2.899,9999.000,9999.000,9999.000,9999.000,9999.000,9999.000,9999.000
202604200048,   1.986,   2.938,9999.000,9999.000,9999.000,9999.000,9999.000,9999.000,9999.000
202604200054,   2.073,   2.997,9999.000,9999.000,9999.000,9999.000,9999.000,9999.000,9999.000
202604200100,   2.158,   3.060,   0.700,   0.202,   3.060,   0.600,   2.960,   0.900,   3.260
202604200106,   2.242,   3.119,9999.000,9999.000,9999.000,9999.000,9999.000,9999.000,9999.000
202604200112,   2.324,   3.178,9999.000,9999.000,9999.000,9999.000,9999.000,9999.000,9999.000
202604200118,   2.404,   3.260,9999.000,9999.000,9999.000,9999.000,9999.000,9999.000,9999.000
202604200124,   2.482,   3.358,9999.000,9999.000,9999.000,9999.000,9999.000,9999.000,9999.000
202604200130,   2.558,   3.460,9999.000,9999.000,9999.000,9999.000,9999.000,9999.000,9999.000
202604200136,   2.630,   3.548,9999.000,9999.000,9999.000,9999.000,9999.000,9999.000,9999.000
202604200142,   2.701,   3.637,9999.000,9999.000,9999.000,9999.000,9999.000,9999.000,9999.000
202604200148,   2.768,   3.739,9999.000,9999.000,9999.000,9999.000,9999.000,9999.000,9999.000
202604200154,   2.832,   3.827,9999.000,9999.000,9999.000,9999.000,9999.000,9999.000,9999.000
202604200200,   2.892,   3.909,   0.700,   0.317,   3.909,   0.600,   3.809,   0.800,   4.009
202604200206,   2.949,   3.978,9999.000,9999.000,9999.000,9999.000,9999.000,9999.000,9999.000
202604200212,   3.003,   4.057,9999.000,9999.000,9999.000,9999.000,9999.000,9999.000,9999.000
202604200218,   3.053,   4.119,9999.000,9999.000,9999.000,9999.000,9999.000,9999.000,9999.000
202604200224,   3.098,   4.178,9999.000,9999.000,9999.000,9999.000,9999.000,9999.000,9999.000
202604200230,   3.140,   4.218,9999.000,9999.000,9999.000,9999.000,9999.000,9999.000,9999.000
202604200236,   3.178,   4.247,9999.000,9999.000,9999.000,9999.000,9999.000,9999.000,9999.000
202604200242,   3.212,   4.247,9999.000,9999.000,9999.000,9999.000,9999.000,9999.000,9999.000
202604200248,   3.242,   4.267,9999.000,9999.000,9999.000,9999.000,9999.000,9999.000,9999.000
202604200254,   3.268,   4.267,9999.000,9999.000,9999.000,9999.000,9999.000,9999.000,9999.000
202604200300,   3.289,   4.257,   0.700,   0.268,   4.257,   0.600,   4.157,   0.800,   4.357
202604200306,   3.306,   4.257,9999.000,9999.000,9999.000,9999.000,9999.000,9999.000,9999.000
202604200312,   3.319,   4.247,9999.000,9999.000,9999.000,9999.000,9999.000,9999.000,9999.000
202604200318,   3.328,   4.237,9999.000,9999.000,9999.000,9999.000,9999.000,9999.000,9999.000
202604200324,   3.332,   4.247,9999.000,9999.000,9999.000,9999.000,9999.000,9999.000,9999.000
202604200330,   3.332,   4.267,9999.000,9999.000,9999.000,9999.000,9999.000,9999.000,9999.000
202604200336,   3.328,   4.257,9999.000,9999.000,9999.000,9999.000,9999.000,9999.000,9999.000
202604200342,   3.320,   4.257,9999.000,9999.000,9999.000,9999.000,9999.000,9999.000,9999.000
202604200348,   3.308,   4.290,9999.000,9999.000,9999.000,9999.000,9999.000,9999.000,9999.000
202604200354,   3.291,   4.329,9999.000,9999.000,9999.000,9999.000,9999.000,9999.000,9999.000
202604200400,   3.271,   4.300,   0.700,   0.329,   4.300,   0.600,   4.200,   0.700,   4.300
202604200406,   3.246,   4.280,9999.000,9999.000,9999.000,9999.000,9999.000,9999.000,9999.000
202604200412,   3.218,   4.280,9999.000,9999.000,9999.000,9999.000,9999.000,9999.000,9999.000
202604200418,   3.185,   4.247,9999.000,9999.000,9999.000,9999.000,9999.000,9999.000,9999.000
202604200424,   3.149,   4.188,9999.000,9999.000,9999.000,9999.000,9999.000,9999.000,9999.000
202604200430,   3.110,   4.139,9999.000,9999.000,9999.000,9999.000,9999.000,9999.000,9999.000
202604200436,   3.067,   4.070,9999.000,9999.000,9999.000,9999.000,9999.000,9999.000,9999.000
202604200442,   3.020,   4.017,9999.000,9999.000,9999.000,9999.000,9999.000,9999.000,9999.000
202604200448,   2.970,   3.968,9999.000,9999.000,9999.000,9999.000,9999.000,9999.000,9999.000
202604200454,   2.918,   3.909,9999.000,9999.000,9999.000,9999.000,9999.000,9999.000,9999.000
202604200500,   2.862,   3.860,   0.600,   0.398,   3.860,   0.600,   3.860,   0.700,   3.960
202604200506,   2.803,   3.808,9999.000,9999.000,9999.000,9999.000,9999.000,9999.000,9999.000
202604200512,   2.741,   3.768,9999.000,9999.000,9999.000,9999.000,9999.000,9999.000,9999.000
202604200518,   2.677,   3.749,9999.000,9999.000,9999.000,9999.000,9999.000,9999.000,9999.000
202604200524,   2.610,   3.699,9999.000,9999.000,9999.000,9999.000,9999.000,9999.000,9999.000
202604200530,   2.542,   3.637,9999.000,9999.000,9999.000,9999.000,9999.000,9999.000,9999.000
202604200536,   2.471,   3.558,9999.000,9999.000,9999.000,9999.000,9999.000,9999.000,9999.000
202604200542,   2.398,   3.489,9999.000,9999.000,9999.000,9999.000,9999.000,9999.000,9999.000
202604200548,   2.324,   3.440,9999.000,9999.000,9999.000,9999.000,9999.000,9999.000,9999.000
202604200554,   2.248,   3.358,9999.000,9999.000,9999.000,9999.000,9999.000,9999.000,9999.000
202604200600,   2.171,   3.279,   0.600,   0.508,   3.279,   0.600,   3.279,   0.700,   3.379
202604200606,   2.093,   3.178,9999.000,9999.000,9999.000,9999.000,9999.000,9999.000,9999.000
202604200612,   2.014,   3.089,9999.000,9999.000,9999.000,9999.000,9999.000,9999.000,9999.000
202604200618,   1.934,   2.997,9999.000,9999.000,9999.000,9999.000,9999.000,9999.000,9999.000
202604200624,   1.854,   2.899,9999.000,9999.000,9999.000,9999.000,9999.000,9999.000,9999.000
202604200630,   1.774,   2.807,9999.000,9999.000,9999.000,9999.000,9999.000,9999.000,9999.000
202604200636,   1.694,   2.709,9999.000,9999.000,9999.000,9999.000,9999.000,9999.000,9999.000
202604200642,   1.614,   2.620,9999.000,9999.000,9999.000,9999.000,9999.000,9999.000,9999.000
202604200648,   1.534,   2.519,9999.000,9999.000,9999.000,9999.000,9999.000,9999.000,9999.000
202604200654,   1.454,   2.420,9999.000,9999.000,9999.000,9999.000,9999.000,9999.000,9999.000
202604200700,   1.376,   2.309,   0.600,   0.333,   2.309,   0.500,   2.209,   0.600,   2.309
202604200706,   1.298,   2.210,9999.000,9999.000,9999.000,9999.000,9999.000,9999.000,9999.000
202604200712,   1.221,   2.109,9999.000,9999.000,9999.000,9999.000,9999.000,9999.000,9999.000
202604200718,   1.146,   2.030,9999.000,9999.000,9999.000,9999.000,9999.000,9999.000,9999.000
202604200724,   1.071,   1.938,9999.000,9999.000,9999.000,9999.000,9999.000,9999.000,9999.000
202604200730,   0.999,   1.830,9999.000,9999.000,9999.000,9999.000,9999.000,9999.000,9999.000
202604200736,   0.928,   1.728,9999.000,9999.000,9999.000,9999.000,9999.000,9999.000,9999.000
202604200742,   0.859,   1.630,9999.000,9999.000,9999.000,9999.000,9999.000,9999.000,9999.000
202604200748,   0.791,   1.538,9999.000,9999.000,9999.000,9999.000,9999.000,9999.000,9999.000
202604200754,   0.726,   1.449,9999.000,9999.000,9999.000,9999.000,9999.000,9999.000,9999.000
202604200800,   0.662,   1.348,   0.500,   0.186,   1.348,   0.500,   1.348,   0.600,   1.448
202604200806,   0.601,   1.269,9999.000,9999.000,9999.000,9999.000,9999.000,9999.000,9999.000
202604200812,   0.543,   1.190,9999.000,9999.000,9999.000,9999.000,9999.000,9999.000,9999.000
202604200818,   0.486,   1.098,9999.000,9999.000,9999.000,9999.000,9999.000,9999.000,9999.000
202604200824,   0.432,   1.020,9999.000,9999.000,9999.000,9999.000,9999.000,9999.000,9999.000
202604200830,   0.381,   0.941,9999.000,9999.000,9999.000,9999.000,9999.000,9999.000,9999.000
202604200836,   0.332,   0.869,9999.000,9999.000,9999.000,9999.000,9999.000,9999.000,9999.000
202604200842,   0.285,   0.819,9999.000,9999.000,9999.000,9999.000,9999.000,9999.000,9999.000
202604200848,   0.242,   0.760,9999.000,9999.000,9999.000,9999.000,9999.000,9999.000,9999.000
202604200854,   0.201,   0.698,9999.000,9999.000,9999.000,9999.000,9999.000,9999.000,9999.000
202604200900,   0.163,   0.649,   0.500,  -0.014,   0.649,   0.500,   0.649,   0.500,   0.649
202604200906,   0.127,   0.600,9999.000,9999.000,9999.000,9999.000,9999.000,9999.000,9999.000
202604200912,   0.095,   0.570,9999.000,9999.000,9999.000,9999.000,9999.000,9999.000,9999.000
202604200918,   0.066,   0.508,9999.000,9999.000,9999.000,9999.000,9999.000,9999.000,9999.000
202604200924,   0.039,   0.469,9999.000,9999.000,9999.000,9999.000,9999.000,9999.000,9999.000
202604200930,   0.016,   0.449,9999.000,9999.000,9999.000,9999.000,9999.000,9999.000,9999.000
202604200936,  -0.003,   0.439,9999.000,9999.000,9999.000,9999.000,9999.000,9999.000,9999.000
202604200942,  -0.020,   0.429,9999.000,9999.000,9999.000,9999.000,9999.000,9999.000,9999.000
202604200948,  -0.034,   0.419,9999.000,9999.000,9999.000,9999.000,9999.000,9999.000,9999.000
202604200954,  -0.044,   0.390,9999.000,9999.000,9999.000,9999.000,9999.000,9999.000,9999.000
202604201000,  -0.052,   0.370,   0.500,  -0.078,   0.370,   0.400,   0.270,   0.500,   0.370
202604201006,  -0.056,   0.370,9999.000,9999.000,9999.000,9999.000,9999.000,9999.000,9999.000
202604201012,  -0.056,   0.380,9999.000,9999.000,9999.000,9999.000,9999.000,9999.000,9999.000
202604201018,  -0.053,   0.400,9999.000,9999.000,9999.000,9999.000,9999.000,9999.000,9999.000
202604201024,  -0.047,   0.409,9999.000,9999.000,9999.000,9999.000,9999.000,9999.000,9999.000
202604201030,  -0.037,   0.409,9999.000,9999.000,9999.000,9999.000,9999.000,9999.000,9999.000
202604201036,  -0.023,   0.419,9999.000,9999.000,9999.000,9999.000,9999.000,9999.000,9999.000
202604201042,  -0.006,   0.439,9999.000,9999.000,9999.000,9999.000,9999.000,9999.000,9999.000
202604201048,   0.013,   0.469,9999.000,9999.000,9999.000,9999.000,9999.000,9999.000,9999.000
202604201054,   0.037,   0.488,9999.000,9999.000,9999.000,9999.000,9999.000,9999.000,9999.000
202604201100,   0.065,   0.478,   0.400,   0.013,   0.478,   0.400,   0.478,   0.500,   0.578
202604201106,   0.096,   0.508,9999.000,9999.000,9999.000,9999.000,9999.000,9999.000,9999.000
202604201112,   0.130,   0.551,9999.000,9999.000,9999.000,9999.000,9999.000,9999.000,9999.000
202604201118,   0.168,   0.560,9999.000,9999.000,9999.000,9999.000,9999.000,9999.000,9999.000
202604201124,   0.209,   0.619,9999.000,9999.000,9999.000,9999.000,9999.000,9999.000,9999.000
202604201130,   0.254,   0.659,9999.000,9999.000,9999.000,9999.000,9999.000,9999.000,9999.000
202604201136,   0.301,   0.678,9999.000,9999.000,9999.000,9999.000,9999.000,9999.000,9999.000
202604201142,   0.352,   0.718,9999.000,9999.000,9999.000,9999.000,9999.000,9999.000,9999.000
202604201148,   0.405,   0.760,9999.000,9999.000,9999.000,9999.000,9999.000,9999.000,9999.000
202604201154,   0.462,   0.839,9999.000,9999.000,9999.000,9999.000,9999.000,9999.000,9999.000
202604201200,   0.520,   0.888,   0.400,  -0.032,   0.888,   0.400,   0.888,   0.400,   0.888
202604201206,   0.582,   0.951,9999.000,9999.000,9999.000,9999.000,9999.000,9999.000,9999.000
202604201212,   0.645,   1.010,9999.000,9999.000,9999.000,9999.000,9999.000,9999.000,9999.000
202604201218,   0.711,   1.049,9999.000,9999.000,9999.000,9999.000,9999.000,9999.000,9999.000
202604201224,   0.778,   1.128,9999.000,9999.000,9999.000,9999.000,9999.000,9999.000,9999.000
202604201230,   0.847,   1.210,9999.000,9999.000,9999.000,9999.000,9999.000,9999.000,9999.000
202604201236,   0.918,   1.279,9999.000,9999.000,9999.000,9999.000,9999.000,9999.000,9999.000
202604201242,   0.989,   1.318,9999.000,9999.000,9999.000,9999.000,9999.000,9999.000,9999.000
202604201248,   1.062,   1.380,9999.000,9999.000,9999.000,9999.000,9999.000,9999.000,9999.000
202604201254,   1.135,   1.430,9999.000,9999.000,9999.000,9999.000,9999.000,9999.000,9999.000
202604201300,   1.209,   1.508,   0.400,  -0.101,   1.508,   0.300,   1.408,   0.400,   1.508
202604201306,   1.282,   1.580,9999.000,9999.000,9999.000,9999.000,9999.000,9999.000,9999.000
202604201312,   1.356,   1.649,9999.000,9999.000,9999.000,9999.000,9999.000,9999.000,9999.000
202604201318,   1.429,   1.699,9999.000,9999.000,9999.000,9999.000,9999.000,9999.000,9999.000
202604201324,   1.502,   1.748,9999.000,9999.000,9999.000,9999.000,9999.000,9999.000,9999.000
202604201330,   1.573,   1.859,9999.000,9999.000,9999.000,9999.000,9999.000,9999.000,9999.000
202604201336,   1.644,   1.948,9999.000,9999.000,9999.000,9999.000,9999.000,9999.000,9999.000
202604201342,   1.713,   2.010,9999.000,9999.000,9999.000,9999.000,9999.000,9999.000,9999.000
202604201348,   1.781,   2.069,9999.000,9999.000,9999.000,9999.000,9999.000,9999.000,9999.000
202604201354,   1.847,   2.128,9999.000,9999.000,9999.000,9999.000,9999.000,9999.000,9999.000
202604201400,   1.910,   2.220,   0.300,   0.010,   2.220,   0.300,   2.220,   0.400,   2.320
202604201406,   1.972,   2.299,9999.000,9999.000,9999.000,9999.000,9999.000,9999.000,9999.000
202604201412,   2.031,   2.377,9999.000,9999.000,9999.000,9999.000,9999.000,9999.000,9999.000
202604201418,   2.088,   2.430,9999.000,9999.000,9999.000,9999.000,9999.000,9999.000,9999.000
202604201424,   2.141,   2.469,9999.000,9999.000,9999.000,9999.000,9999.000,9999.000,9999.000
202604201430,   2.192,   2.509,9999.000,9999.000,9999.000,9999.000,9999.000,9999.000,9999.000
202604201436,   2.240,   2.548,9999.000,9999.000,9999.000,9999.000,9999.000,9999.000,9999.000
202604201442,   2.284,   2.578,9999.000,9999.000,9999.000,9999.000,9999.000,9999.000,9999.000
202604201448,   2.326,   2.630,9999.000,9999.000,9999.000,9999.000,9999.000,9999.000,9999.000
202604201454,   2.363,   2.650,9999.000,9999.000,9999.000,9999.000,9999.000,9999.000,9999.000
202604201500,   2.398,   2.679,   0.300,  -0.019,   2.679,   0.200,   2.579,   0.300,   2.679
202604201506,   2.428,   2.719,9999.000,9999.000,9999.000,9999.000,9999.000,9999.000,9999.000
202604201512,   2.455,   2.728,9999.000,9999.000,9999.000,9999.000,9999.000,9999.000,9999.000
202604201518,   2.479,   2.758,9999.000,9999.000,9999.000,9999.000,9999.000,9999.000,9999.000
202604201524,   2.498,   2.797,9999.000,9999.000,9999.000,9999.000,9999.000,9999.000,9999.000
202604201530,   2.514,   2.830,9999.000,9999.000,9999.000,9999.000,9999.000,9999.000,9999.000
202604201536,   2.526,   2.850,9999.000,9999.000,9999.000,9999.000,9999.000,9999.000,9999.000
202604201542,   2.534,   2.840,9999.000,9999.000,9999.000,9999.000,9999.000,9999.000,9999.000
202604201548,   2.539,   2.869,9999.000,9999.000,9999.000,9999.000,9999.000,9999.000,9999.000
202604201554,   2.539,   2.879,9999.000,9999.000,9999.000,9999.000,9999.000,9999.000,9999.000
202604201600,   2.536,   2.850,   0.300,   0.014,   2.850,   0.200,   2.750,   0.300,   2.850
202604201606,   2.529,   2.807,9999.000,9999.000,9999.000,9999.000,9999.000,9999.000,9999.000
202604201612,   2.518,   2.797,9999.000,9999.000,9999.000,9999.000,9999.000,9999.000,9999.000
202604201618,   2.503,   2.797,9999.000,9999.000,9999.000,9999.000,9999.000,9999.000,9999.000
202604201624,   2.485,   2.797,9999.000,9999.000,9999.000,9999.000,9999.000,9999.000,9999.000
202604201630,   2.463,   2.787,9999.000,9999.000,9999.000,9999.000,9999.000,9999.000,9999.000
202604201636,   2.438,   2.758,9999.000,9999.000,9999.000,9999.000,9999.000,9999.000,9999.000
202604201642,   2.409,   2.738,9999.000,9999.000,9999.000,9999.000,9999.000,9999.000,9999.000
202604201648,   2.377,   2.719,9999.000,9999.000,9999.000,9999.000,9999.000,9999.000,9999.000
202604201654,   2.342,   2.699,9999.000,9999.000,9999.000,9999.000,9999.000,9999.000,9999.000
202604201700,   2.304,   2.679,   0.300,   0.075,   2.679,   0.200,   2.579,   0.300,   2.679
202604201706,   2.262,   2.660,9999.000,9999.000,9999.000,9999.000,9999.000,9999.000,9999.000
202604201712,   2.218,   2.630,9999.000,9999.000,9999.000,9999.000,9999.000,9999.000,9999.000
202604201718,   2.171,   2.597,9999.000,9999.000,9999.000,9999.000,9999.000,9999.000,9999.000
202604201724,   2.122,   2.587,9999.000,9999.000,9999.000,9999.000,9999.000,9999.000,9999.000
202604201730,   2.069,   2.538,9999.000,9999.000,9999.000,9999.000,9999.000,9999.000,9999.000
202604201736,   2.015,   2.499,9999.000,9999.000,9999.000,9999.000,9999.000,9999.000,9999.000
202604201742,   1.959,   2.459,9999.000,9999.000,9999.000,9999.000,9999.000,9999.000,9999.000
202604201748,   1.900,   2.410,9999.000,9999.000,9999.000,9999.000,9999.000,9999.000,9999.000
202604201754,   1.840,   2.377,9999.000,9999.000,9999.000,9999.000,9999.000,9999.000,9999.000
202604201800,   1.778,   2.318,   0.400,   0.140,   2.318,   0.300,   2.218,   0.400,   2.318
202604201806,   1.715,   2.240,9999.000,9999.000,9999.000,9999.000,9999.000,9999.000,9999.000
202604201812,   1.650,   2.158,9999.000,9999.000,9999.000,9999.000,9999.000,9999.000,9999.000
202604201818,   1.585,   2.118,9999.000,9999.000,9999.000,9999.000,9999.000,9999.000,9999.000
202604201824,   1.519,   2.059,9999.000,9999.000,9999.000,9999.000,9999.000,9999.000,9999.000
202604201830,   1.452,   1.981,9999.000,9999.000,9999.000,9999.000,9999.000,9999.000,9999.000
202604201836,   1.385,   1.928,9999.000,9999.000,9999.000,9999.000,9999.000,9999.000,9999.000
202604201842,   1.317,   1.869,9999.000,9999.000,9999.000,9999.000,9999.000,9999.000,9999.000
202604201848,   1.250,   1.820,9999.000,9999.000,9999.000,9999.000,9999.000,9999.000,9999.000
202604201854,   1.183,   1.748,9999.000,9999.000,9999.000,9999.000,9999.000,9999.000,9999.000
202604201900,   1.116,   1.689,   0.400,   0.173,   1.689,   0.300,   1.589,   0.500,   1.789
202604201906,   1.050,   1.639,9999.000,9999.000,9999.000,9999.000,9999.000,9999.000,9999.000
202604201912,   0.984,   1.571,9999.000,9999.000,9999.000,9999.000,9999.000,9999.000,9999.000
202604201918,   0.920,   1.489,9999.000,9999.000,9999.000,9999.000,9999.000,9999.000,9999.000
202604201924,   0.857,   1.420,9999.000,9999.000,9999.000,9999.000,9999.000,9999.000,9999.000
202604201930,   0.795,   1.338,9999.000,9999.000,9999.000,9999.000,9999.000,9999.000,9999.000
202604201936,   0.735,   1.269,9999.000,9999.000,9999.000,9999.000,9999.000,9999.000,9999.000
202604201942,   0.676,   1.190,9999.000,9999.000,9999.000,9999.000,9999.000,9999.000,9999.000
202604201948,   0.619,   1.161,9999.000,9999.000,9999.000,9999.000,9999.000,9999.000,9999.000
202604201954,   0.564,   1.138,9999.000,9999.000,9999.000,9999.000,9999.000,9999.000,9999.000
202604202000,   0.511,   1.088,   0.500,   0.077,   1.088,   0.300,   0.888,   0.600,   1.188
202604202006,   0.461,   1.059,9999.000,9999.000,9999.000,9999.000,9999.000,9999.000,9999.000
202604202012,   0.412,   1.039,9999.000,9999.000,9999.000,9999.000,9999.000,9999.000,9999.000
202604202018,   0.366,   1.010,9999.000,9999.000,9999.000,9999.000,9999.000,9999.000,9999.000
202604202024,   0.322,   0.970,9999.000,9999.000,9999.000,9999.000,9999.000,9999.000,9999.000
202604202030,   0.281,   0.941,9999.000,9999.000,9999.000,9999.000,9999.000,9999.000,9999.000
202604202036,   0.243,   0.928,9999.000,9999.000,9999.000,9999.000,9999.000,9999.000,9999.000
202604202042,   0.207,   0.928,9999.000,9999.000,9999.000,9999.000,9999.000,9999.000,9999.000
202604202048,   0.174,   0.918,9999.000,9999.000,9999.000,9999.000,9999.000,9999.000,9999.000
202604202054,   0.143,   0.941,9999.000,9999.000,9999.000,9999.000,9999.000,9999.000,9999.000
202604202100,   0.116,   0.928,   0.500,   0.312,   0.928,   0.300,   0.728,   0.600,   1.028
202604202106,   0.091,   0.898,9999.000,9999.000,9999.000,9999.000,9999.000,9999.000,9999.000
202604202112,   0.069,   0.869,9999.000,9999.000,9999.000,9999.000,9999.000,9999.000,9999.000
202604202118,   0.050,   0.859,9999.000,9999.000,9999.000,9999.000,9999.000,9999.000,9999.000
202604202124,   0.034,   0.879,9999.000,9999.000,9999.000,9999.000,9999.000,9999.000,9999.000
202604202130,   0.021,   0.908,9999.000,9999.000,9999.000,9999.000,9999.000,9999.000,9999.000
202604202136,   0.011,   0.908,9999.000,9999.000,9999.000,9999.000,9999.000,9999.000,9999.000
202604202142,   0.004,   0.941,9999.000,9999.000,9999.000,9999.000,9999.000,9999.000,9999.000
202604202148,   0.000,   0.888,9999.000,9999.000,9999.000,9999.000,9999.000,9999.000,9999.000
202604202154,   0.000,   0.819,9999.000,9999.000,9999.000,9999.000,9999.000,9999.000,9999.000
202604202200,   0.001,   0.829,   0.500,   0.328,   0.829,   0.400,   0.729,   0.600,   0.929
202604202206,   0.006,   0.849,9999.000,9999.000,9999.000,9999.000,9999.000,9999.000,9999.000
202604202212,   0.014,   0.859,9999.000,9999.000,9999.000,9999.000,9999.000,9999.000,9999.000
202604202218,   0.025,   0.849,9999.000,9999.000,9999.000,9999.000,9999.000,9999.000,9999.000
202604202224,   0.039,   0.839,9999.000,9999.000,9999.000,9999.000,9999.000,9999.000,9999.000
202604202230,   0.057,   0.829,9999.000,9999.000,9999.000,9999.000,9999.000,9999.000,9999.000
202604202236,   0.077,   0.810,9999.000,9999.000,9999.000,9999.000,9999.000,9999.000,9999.000
202604202242,   0.101,   0.810,9999.000,9999.000,9999.000,9999.000,9999.000,9999.000,9999.000
202604202248,   0.128,   0.839,9999.000,9999.000,9999.000,9999.000,9999.000,9999.000,9999.000
202604202254,   0.158,   0.859,9999.000,9999.000,9999.000,9999.000,9999.000,9999.000,9999.000
202604202300,   0.192,   0.879,   0.600,   0.087,   0.879,   0.400,   0.679,   0.700,   0.979
202604202306,   0.228,   0.951,9999.000,9999.000,9999.000,9999.000,9999.000,9999.000,9999.000
202604202312,   0.268,   1.010,9999.000,9999.000,9999.000,9999.000,9999.000,9999.000,9999.000
202604202318,   0.311,   1.049,9999.000,9999.000,9999.000,9999.000,9999.000,9999.000,9999.000
202604202324,   0.356,   1.079,9999.000,9999.000,9999.000,9999.000,9999.000,9999.000,9999.000
202604202330,   0.405,   1.128,9999.000,9999.000,9999.000,9999.000,9999.000,9999.000,9999.000
202604202336,   0.457,   1.180,9999.000,9999.000,9999.000,9999.000,9999.000,9999.000,9999.000
202604202342,   0.512,   1.269,9999.000,9999.000,9999.000,9999.000,9999.000,9999.000,9999.000
202604202348,   0.569,   1.390,9999.000,9999.000,9999.000,9999.000,9999.000,9999.000,9999.000
202604202354,   0.630,   1.410,9999.000,9999.000,9999.000,9999.000,9999.000,9999.000,9999.000
202604210000,   0.693,   1.449,   0.500,   0.256,   1.449,   0.400,   1.349,   0.600,   1.549
202604210006,   0.758,   1.528,9999.000,9999.000,9999.000,9999.000,9999.000,9999.000,9999.000
202604210012,   0.826,   1.580,9999.000,9999.000,9999.000,9999.000,9999.000,9999.000,9999.000
202604210018,   0.896,   1.620,9999.000,9999.000,9999.000,9999.000,9999.000,9999.000,9999.000
202604210024,   0.968,   1.699,9999.000,9999.000,9999.000,9999.000,9999.000,9999.000,9999.000
202604210030,   1.043,   1.810,9999.000,9999.000,9999.000,9999.000,9999.000,9999.000,9999.000
202604210036,   1.118,   1.899,9999.000,9999.000,9999.000,9999.000,9999.000,9999.000,9999.000
202604210042,   1.196,   1.981,9999.000,9999.000,9999.000,9999.000,9999.000,9999.000,9999.000
202604210048,   1.274,   2.049,9999.000,9999.000,9999.000,9999.000,9999.000,9999.000,9999.000
202604210054,   1.354,   2.148,9999.000,9999.000,9999.000,9999.000,9999.000,9999.000,9999.000
202604210100,   1.435,   2.230,   0.500,   0.295,   2.230,   0.400,   2.130,   0.600,   2.330
202604210106,   1.516,   2.299,9999.000,9999.000,9999.000,9999.000,9999.000,9999.000,9999.000
202604210112,   1.598,   2.368,9999.000,9999.000,9999.000,9999.000,9999.000,9999.000,9999.000
202604210118,   1.680,   2.459,9999.000,9999.000,9999.000,9999.000,9999.000,9999.000,9999.000
202604210124,   1.761,   2.519,9999.000,9999.000,9999.000,9999.000,9999.000,9999.000,9999.000
202604210130,   1.843,   2.558,9999.000,9999.000,9999.000,9999.000,9999.000,9999.000,9999.000
202604210136,   1.924,   2.620,9999.000,9999.000,9999.000,9999.000,9999.000,9999.000,9999.000
202604210142,   2.004,   2.669,9999.000,9999.000,9999.000,9999.000,9999.000,9999.000,9999.000
202604210148,   2.083,   2.738,9999.000,9999.000,9999.000,9999.000,9999.000,9999.000,9999.000
202604210154,   2.161,   2.820,9999.000,9999.000,9999.000,9999.000,9999.000,9999.000,9999.000
202604210200,   2.237,   2.879,   0.500,   0.142,   2.879,   0.500,   2.879,   0.600,   2.979
202604210206,   2.312,   2.958,9999.000,9999.000,9999.000,9999.000,9999.000,9999.000,9999.000
202604210212,   2.384,   3.007,9999.000,9999.000,9999.000,9999.000,9999.000,9999.000,9999.000
202604210218,   2.455,   3.089,9999.000,9999.000,9999.000,9999.000,9999.000,9999.000,9999.000
202604210224,   2.523,   3.178,9999.000,9999.000,9999.000,9999.000,9999.000,9999.000,9999.000
202604210230,   2.588,   3.240,9999.000,9999.000,9999.000,9999.000,9999.000,9999.000,9999.000
202604210236,   2.651,   3.289,9999.000,9999.000,9999.000,9999.000,9999.000,9999.000,9999.000
202604210242,   2.711,   3.339,9999.000,9999.000,9999.000,9999.000,9999.000,9999.000,9999.000
202604210248,   2.768,   3.388,9999.000,9999.000,9999.000,9999.000,9999.000,9999.000,9999.000
202604210254,   2.821,   3.440,9999.000,9999.000,9999.000,9999.000,9999.000,9999.000,9999.000
202604210300,   2.872,   3.489,   0.600,   0.017,   3.489,   0.500,   3.389,   0.600,   3.489
202604210306,   2.919,   3.519,9999.000,9999.000,9999.000,9999.000,9999.000,9999.000,9999.000
202604210312,   2.962,   3.539,9999.000,9999.000,9999.000,9999.000,9999.000,9999.000,9999.000
202604210318,   3.002,   3.607,9999.000,9999.000,9999.000,9999.000,9999.000,9999.000,9999.000
202604210324,   3.038,   3.637,9999.000,9999.000,9999.000,9999.000,9999.000,9999.000,9999.000
202604210330,   3.070,   3.699,9999.000,9999.000,9999.000,9999.000,9999.000,9999.000,9999.000
202604210336,   3.099,   3.729,9999.000,9999.000,9999.000,9999.000,9999.000,9999.000,9999.000
202604210342,   3.124,   3.758,9999.000,9999.000,9999.000,9999.000,9999.000,9999.000,9999.000
202604210348,   3.145,   3.768,9999.000,9999.000,9999.000,9999.000,9999.000,9999.000,9999.000
202604210354,   3.162,   3.798,9999.000,9999.000,9999.000,9999.000,9999.000,9999.000,9999.000
202604210400,   3.175,   3.817,   0.600,   0.042,   3.817,   0.500,   3.717,   0.700,   3.917
202604210406,   3.184,   3.837,9999.000,9999.000,9999.000,9999.000,9999.000,9999.000,9999.000
202604210412,   3.189,   3.837,9999.000,9999.000,9999.000,9999.000,9999.000,9999.000,9999.000
202604210418,   3.191,   3.808,9999.000,9999.000,9999.000,9999.000,9999.000,9999.000,9999.000
202604210424,   3.188,   3.768,9999.000,9999.000,9999.000,9999.000,9999.000,9999.000,9999.000
202604210430,   3.182,   3.778,9999.000,9999.000,9999.000,9999.000,9999.000,9999.000,9999.000
202604210436,   3.171,   3.788,9999.000,9999.000,9999.000,9999.000,9999.000,9999.000,9999.000
202604210442,   3.157,   3.749,9999.000,9999.000,9999.000,9999.000,9999.000,9999.000,9999.000
202604210448,   3.140,   3.749,9999.000,9999.000,9999.000,9999.000,9999.000,9999.000,9999.000
202604210454,   3.118,   3.749,9999.000,9999.000,9999.000,9999.000,9999.000,9999.000,9999.000
202604210500,   3.093,   3.719,   0.600,   0.026,   3.719,   0.500,   3.619,   0.700,   3.819
202604210506,   3.065,   3.709,9999.000,9999.000,9999.000,9999.000,9999.000,9999.000,9999.000
202604210512,   3.033,   3.699,9999.000,9999.000,9999.000,9999.000,9999.000,9999.000,9999.000
202604210518,   2.998,   3.680,9999.000,9999.000,9999.000,9999.000,9999.000,9999.000,9999.000
202604210524,   2.960,   3.670,9999.000,9999.000,9999.000,9999.000,9999.000,9999.000,9999.000
202604210530,   2.918,   3.627,9999.000,9999.000,9999.000,9999.000,9999.000,9999.000,9999.000
202604210536,   2.873,   3.588,9999.000,9999.000,9999.000,9999.000,9999.000,9999.000,9999.000
202604210542,   2.826,   3.539,9999.000,9999.000,9999.000,9999.000,9999.000,9999.000,9999.000
202604210548,   2.776,   3.480,9999.000,9999.000,9999.000,9999.000,9999.000,9999.000,9999.000
202604210554,   2.723,   3.480,9999.000,9999.000,9999.000,9999.000,9999.000,9999.000,9999.000
202604210600,   2.667,   3.427,   0.500,   0.260,   3.427,   0.500,   3.427,   0.600,   3.527
202604210606,   2.610,   3.388,9999.000,9999.000,9999.000,9999.000,9999.000,9999.000,9999.000
202604210612,   2.550,   3.319,9999.000,9999.000,9999.000,9999.000,9999.000,9999.000,9999.000
202604210618,   2.488,   3.289,9999.000,9999.000,9999.000,9999.000,9999.000,9999.000,9999.000
202604210624,   2.424,   3.260,9999.000,9999.000,9999.000,9999.000,9999.000,9999.000,9999.000
202604210630,   2.358,   3.217,9999.000,9999.000,9999.000,9999.000,9999.000,9999.000,9999.000
202604210636,   2.291,   3.197,9999.000,9999.000,9999.000,9999.000,9999.000,9999.000,9999.000
202604210642,   2.223,   3.168,9999.000,9999.000,9999.000,9999.000,9999.000,9999.000,9999.000
202604210648,   2.153,   3.099,9999.000,9999.000,9999.000,9999.000,9999.000,9999.000,9999.000
202604210654,   2.082,   3.007,9999.000,9999.000,9999.000,9999.000,9999.000,9999.000,9999.000
202604210700,   2.011,   2.938,   0.500,   0.427,   2.938,   0.400,   2.838,   0.600,   3.038
202604210706,   1.939,   2.850,9999.000,9999.000,9999.000,9999.000,9999.000,9999.000,9999.000
202604210712,   1.867,   2.778,9999.000,9999.000,9999.000,9999.000,9999.000,9999.000,9999.000
202604210718,   1.794,   2.689,9999.000,9999.000,9999.000,9999.000,9999.000,9999.000,9999.000
202604210724,   1.721,   2.597,9999.000,9999.000,9999.000,9999.000,9999.000,9999.000,9999.000
202604210730,   1.648,   2.499,9999.000,9999.000,9999.000,9999.000,9999.000,9999.000,9999.000
202604210736,   1.576,   2.400,9999.000,9999.000,9999.000,9999.000,9999.000,9999.000,9999.000
202604210742,   1.504,   2.309,9999.000,9999.000,9999.000,9999.000,9999.000,9999.000,9999.000
202604210748,   1.433,   2.240,9999.000,9999.000,9999.000,9999.000,9999.000,9999.000,9999.000
202604210754,   1.362,   2.200,9999.000,9999.000,9999.000,9999.000,9999.000,9999.000,9999.000
202604210800,   1.293,   2.118,   0.500,   0.325,   2.118,   0.500,   2.118,   0.600,   2.218
202604210806,   1.224,   2.040,9999.000,9999.000,9999.000,9999.000,9999.000,9999.000,9999.000
202604210812,   1.157,   1.967,9999.000,9999.000,9999.000,9999.000,9999.000,9999.000,9999.000
202604210818,   1.091,   1.879,9999.000,9999.000,9999.000,9999.000,9999.000,9999.000,9999.000
202604210824,   1.026,   1.820,9999.000,9999.000,9999.000,9999.000,9999.000,9999.000,9999.000
202604210830,   0.963,   1.738,9999.000,9999.000,9999.000,9999.000,9999.000,9999.000,9999.000
202604210836,   0.902,   1.659,9999.000,9999.000,9999.000,9999.000,9999.000,9999.000,9999.000
202604210842,   0.842,   1.580,9999.000,9999.000,9999.000,9999.000,9999.000,9999.000,9999.000
202604210848,   0.784,   1.508,9999.000,9999.000,9999.000,9999.000,9999.000,9999.000,9999.000
202604210854,   0.728,   1.439,9999.000,9999.000,9999.000,9999.000,9999.000,9999.000,9999.000
202604210900,   0.674,   1.361,   0.500,   0.187,   1.361,   0.400,   1.261,   0.500,   1.361
202604210906,   0.622,   1.279,9999.000,9999.000,9999.000,9999.000,9999.000,9999.000,9999.000
202604210912,   0.573,   1.220,9999.000,9999.000,9999.000,9999.000,9999.000,9999.000,9999.000
202604210918,   0.525,   1.180,9999.000,9999.000,9999.000,9999.000,9999.000,9999.000,9999.000
202604210924,   0.479,   1.138,9999.000,9999.000,9999.000,9999.000,9999.000,9999.000,9999.000
202604210930,   0.436,   1.039,9999.000,9999.000,9999.000,9999.000,9999.000,9999.000,9999.000
202604210936,   0.395,   0.990,9999.000,9999.000,9999.000,9999.000,9999.000,9999.000,9999.000
202604210942,   0.357,   0.961,9999.000,9999.000,9999.000,9999.000,9999.000,9999.000,9999.000
202604210948,   0.321,   0.908,9999.000,9999.000,9999.000,9999.000,9999.000,9999.000,9999.000
202604210954,   0.287,   0.869,9999.000,9999.000,9999.000,9999.000,9999.000,9999.000,9999.000
202604211000,   0.256,   0.810,   0.500,   0.054,   0.810,   0.400,   0.710,   0.500,   0.810
202604211006,   0.227,   0.780,9999.000,9999.000,9999.000,9999.000,9999.000,9999.000,9999.000
202604211012,   0.201,   0.751,9999.000,9999.000,9999.000,9999.000,9999.000,9999.000,9999.000
202604211018,   0.177,   0.708,9999.000,9999.000,9999.000,9999.000,9999.000,9999.000,9999.000
202604211024,   0.156,   0.698,9999.000,9999.000,9999.000,9999.000,9999.000,9999.000,9999.000
202604211030,   0.138,   0.678,9999.000,9999.000,9999.000,9999.000,9999.000,9999.000,9999.000
202604211036,   0.123,   0.649,9999.000,9999.000,9999.000,9999.000,9999.000,9999.000,9999.000
202604211042,   0.110,   0.619,9999.000,9999.000,9999.000,9999.000,9999.000,9999.000,9999.000
202604211048,   0.100,   0.619,9999.000,9999.000,9999.000,9999.000,9999.000,9999.000,9999.000
202604211054,   0.094,   0.629,9999.000,9999.000,9999.000,9999.000,9999.000,9999.000,9999.000
202604211100,   0.090,   0.619,   0.500,   0.029,   0.619,   0.400,   0.519,   0.500,   0.619
202604211106,   0.089,   0.619,9999.000,9999.000,9999.000,9999.000,9999.000,9999.000,9999.000
202604211112,   0.091,   0.629,9999.000,9999.000,9999.000,9999.000,9999.000,9999.000,9999.000
202604211118,   0.096,   0.649,9999.000,9999.000,9999.000,9999.000,9999.000,9999.000,9999.000
202604211124,   0.105,   0.678,9999.000,9999.000,9999.000,9999.000,9999.000,9999.000,9999.000
202604211130,   0.116,   0.698,9999.000,9999.000,9999.000,9999.000,9999.000,9999.000,9999.000
202604211136,   0.131,   0.718,9999.000,9999.000,9999.000,9999.000,9999.000,9999.000,9999.000
202604211142,   0.149,   0.731,9999.000,9999.000,9999.000,9999.000,9999.000,9999.000,9999.000
202604211148,   0.170,   0.741,9999.000,9999.000,9999.000,9999.000,9999.000,9999.000,9999.000
202604211154,   0.194,   0.741,9999.000,9999.000,9999.000,9999.000,9999.000,9999.000,9999.000
202604211200,   0.222,   0.741,   0.400,   0.119,   0.741,   0.300,   0.641,   0.400,   0.741
202604211206,   0.252,   0.760,9999.000,9999.000,9999.000,9999.000,9999.000,9999.000,9999.000
202604211212,   0.286,   0.770,9999.000,9999.000,9999.000,9999.000,9999.000,9999.000,9999.000
202604211218,   0.322,   0.780,9999.000,9999.000,9999.000,9999.000,9999.000,9999.000,9999.000
202604211224,   0.362,   0.780,9999.000,9999.000,9999.000,9999.000,9999.000,9999.000,9999.000
202604211230,   0.404,   0.800,9999.000,9999.000,9999.000,9999.000,9999.000,9999.000,9999.000
202604211236,   0.450,   0.829,9999.000,9999.000,9999.000,9999.000,9999.000,9999.000,9999.000
202604211242,   0.497,   0.849,9999.000,9999.000,9999.000,9999.000,9999.000,9999.000,9999.000
202604211248,   0.548,   0.898,9999.000,9999.000,9999.000,9999.000,9999.000,9999.000,9999.000
202604211254,   0.601,   0.951,9999.000,9999.000,9999.000,9999.000,9999.000,9999.000,9999.000
202604211300,   0.656,   1.000,   0.400,  -0.056,   1.000,   0.300,   0.900,   0.400,   1.000
202604211306,   0.713,   1.079,9999.000,9999.000,9999.000,9999.000,9999.000,9999.000,9999.000
202604211312,   0.772,   1.138,9999.000,9999.000,9999.000,9999.000,9999.000,9999.000,9999.000
202604211318,   0.832,   1.220,9999.000,9999.000,9999.000,9999.000,9999.000,9999.000,9999.000
202604211324,   0.894,   1.269,9999.000,9999.000,9999.000,9999.000,9999.000,9999.000,9999.000
202604211330,   0.957,   1.328,9999.000,9999.000,9999.000,9999.000,9999.000,9999.000,9999.000
202604211336,   1.022,   1.410,9999.000,9999.000,9999.000,9999.000,9999.000,9999.000,9999.000
202604211342,   1.087,   1.498,9999.000,9999.000,9999.000,9999.000,9999.000,9999.000,9999.000
202604211348,   1.153,   1.557,9999.000,9999.000,9999.000,9999.000,9999.000,9999.000,9999.000
202604211354,   1.219,   1.630,9999.000,9999.000,9999.000,9999.000,9999.000,9999.000,9999.000
202604211400,   1.285,   1.699,   0.300,   0.114,   1.699,   0.300,   1.699,   0.400,   1.799
202604211406,   1.351,   1.767,9999.000,9999.000,9999.000,9999.000,9999.000,9999.000,9999.000
202604211412,   1.416,   1.830,9999.000,9999.000,9999.000,9999.000,9999.000,9999.000,9999.000
202604211418,   1.481,   1.869,9999.000,9999.000,9999.000,9999.000,9999.000,9999.000,9999.000
202604211424,   1.545,   1.938,9999.000,9999.000,9999.000,9999.000,9999.000,9999.000,9999.000
202604211430,   1.609,   2.010,9999.000,9999.000,9999.000,9999.000,9999.000,9999.000,9999.000
202604211436,   1.670,   2.059,9999.000,9999.000,9999.000,9999.000,9999.000,9999.000,9999.000
202604211442,   1.731,   2.099,9999.000,9999.000,9999.000,9999.000,9999.000,9999.000,9999.000
202604211448,   1.789,   2.128,9999.000,9999.000,9999.000,9999.000,9999.000,9999.000,9999.000
202604211454,   1.846,   2.200,9999.000,9999.000,9999.000,9999.000,9999.000,9999.000,9999.000
202604211500,   1.901,   2.250,   0.300,   0.049,   2.250,   0.300,   2.250,   0.300,   2.250
202604211506,   1.953,   2.259,9999.000,9999.000,9999.000,9999.000,9999.000,9999.000,9999.000
202604211512,   2.003,   2.309,9999.000,9999.000,9999.000,9999.000,9999.000,9999.000,9999.000
202604211518,   2.051,   2.377,9999.000,9999.000,9999.000,9999.000,9999.000,9999.000,9999.000
202604211524,   2.096,   2.440,9999.000,9999.000,9999.000,9999.000,9999.000,9999.000,9999.000
202604211530,   2.138,   2.509,9999.000,9999.000,9999.000,9999.000,9999.000,9999.000,9999.000
202604211536,   2.177,   2.528,9999.000,9999.000,9999.000,9999.000,9999.000,9999.000,9999.000
202604211542,   2.213,   2.538,9999.000,9999.000,9999.000,9999.000,9999.000,9999.000,9999.000
202604211548,   2.246,   2.578,9999.000,9999.000,9999.000,9999.000,9999.000,9999.000,9999.000
202604211554,   2.276,   2.650,9999.000,9999.000,9999.000,9999.000,9999.000,9999.000,9999.000
202604211600,   2.303,   2.679,   0.300,   0.076,   2.679,   0.300,   2.679,   0.300,   2.679
202604211606,   2.326,   2.679,9999.000,9999.000,9999.000,9999.000,9999.000,9999.000,9999.000
202604211612,   2.346,   2.689,9999.000,9999.000,9999.000,9999.000,9999.000,9999.000,9999.000
202604211618,   2.362,   2.719,9999.000,9999.000,9999.000,9999.000,9999.000,9999.000,9999.000
202604211624,   2.375,   2.738,9999.000,9999.000,9999.000,9999.000,9999.000,9999.000,9999.000
202604211630,   2.385,   2.738,9999.000,9999.000,9999.000,9999.000,9999.000,9999.000,9999.000
202604211636,   2.391,   2.738,9999.000,9999.000,9999.000,9999.000,9999.000,9999.000,9999.000
202604211642,   2.394,   2.728,9999.000,9999.000,9999.000,9999.000,9999.000,9999.000,9999.000
202604211648,   2.394,   2.748,9999.000,9999.000,9999.000,9999.000,9999.000,9999.000,9999.000
202604211654,   2.390,   2.758,9999.000,9999.000,9999.000,9999.000,9999.000,9999.000,9999.000
202604211700,   2.382,   2.768,   0.300,   0.086,   2.768,   0.200,   2.668,   0.300,   2.768
202604211706,   2.372,   2.768,9999.000,9999.000,9999.000,9999.000,9999.000,9999.000,9999.000
202604211712,   2.358,   2.758,9999.000,9999.000,9999.000,9999.000,9999.000,9999.000,9999.000
202604211718,   2.341,   2.748,9999.000,9999.000,9999.000,9999.000,9999.000,9999.000,9999.000
202604211724,   2.320,   2.738,9999.000,9999.000,9999.000,9999.000,9999.000,9999.000,9999.000
202604211730,   2.297,   2.709,9999.000,9999.000,9999.000,9999.000,9999.000,9999.000,9999.000
202604211736,   2.271,   2.669,9999.000,9999.000,9999.000,9999.000,9999.000,9999.000,9999.000
202604211742,   2.241,   2.640,9999.000,9999.000,9999.000,9999.000,9999.000,9999.000,9999.000
202604211748,   2.209,   2.597,9999.000,9999.000,9999.000,9999.000,9999.000,9999.000,9999.000
202604211754,   2.174,9999.000,9999.000,9999.000,9999.000,9999.000,9999.000,9999.000,9999.000
202604211800,   2.137,9999.000,   0.300,   0.095,   2.532,   0.200,   2.432,   0.300,   2.532
202604211806,   2.097,9999.000,9999.000,9999.000,9999.000,9999.000,9999.000,9999.000,9999.000
202604211812,   2.054,9999.000,9999.000,9999.000,9999.000,9999.000,9999.000,9999.000,9999.000
202604211818,   2.010,9999.000,9999.000,9999.000,9999.000,9999.000,9999.000,9999.000,9999.000
202604211824,   1.963,9999.000,9999.000,9999.000,9999.000,9999.000,9999.000,9999.000,9999.000
202604211830,   1.914,9999.000,9999.000,9999.000,9999.000,9999.000,9999.000,9999.000,9999.000
202604211836,   1.864,9999.000,9999.000,9999.000,9999.000,9999.000,9999.000,9999.000,9999.000
202604211842,   1.812,9999.000,9999.000,9999.000,9999.000,9999.000,9999.000,9999.000,9999.000
202604211848,   1.758,9999.000,9999.000,9999.000,9999.000,9999.000,9999.000,9999.000,9999.000
202604211854,   1.703,9999.000,9999.000,9999.000,9999.000,9999.000,9999.000,9999.000,9999.000
202604211900,   1.647,9999.000,   0.300,   0.104,   2.051,   0.200,   1.951,   0.300,   2.051
202604211906,   1.590,9999.000,9999.000,9999.000,9999.000,9999.000,9999.000,9999.000,9999.000
202604211912,   1.532,9999.000,9999.000,9999.000,9999.000,9999.000,9999.000,9999.000,9999.000
202604211918,   1.473,9999.000,9999.000,9999.000,9999.000,9999.000,9999.000,9999.000,9999.000
202604211924,   1.414,9999.000,9999.000,9999.000,9999.000,9999.000,9999.000,9999.000,9999.000
202604211930,   1.355,9999.000,9999.000,9999.000,9999.000,9999.000,9999.000,9999.000,9999.000
202604211936,   1.296,9999.000,9999.000,9999.000,9999.000,9999.000,9999.000,9999.000,9999.000
202604211942,   1.237,9999.000,9999.000,9999.000,9999.000,9999.000,9999.000,9999.000,9999.000
202604211948,   1.178,9999.000,9999.000,9999.000,9999.000,9999.000,9999.000,9999.000,9999.000
202604211954,   1.120,9999.000,9999.000,9999.000,9999.000,9999.000,9999.000,9999.000,9999.000
202604212000,   1.063,9999.000,   0.300,   0.113,   1.476,   0.200,   1.376,   0.300,   1.476
202604212006,   1.006,9999.000,9999.000,9999.000,9999.000,9999.000,9999.000,9999.000,9999.000
202604212012,   0.950,9999.000,9999.000,9999.000,9999.000,9999.000,9999.000,9999.000,9999.000
202604212018,   0.896,9999.000,9999.000,9999.000,9999.000,9999.000,9999.000,9999.000,9999.000
202604212024,   0.842,9999.000,9999.000,9999.000,9999.000,9999.000,9999.000,9999.000,9999.000
202604212030,   0.790,9999.000,9999.000,9999.000,9999.000,9999.000,9999.000,9999.000,9999.000
202604212036,   0.740,9999.000,9999.000,9999.000,9999.000,9999.000,9999.000,9999.000,9999.000
202604212042,   0.691,9999.000,9999.000,9999.000,9999.000,9999.000,9999.000,9999.000,9999.000
202604212048,   0.644,9999.000,9999.000,9999.000,9999.000,9999.000,9999.000,9999.000,9999.000
202604212054,   0.599,9999.000,9999.000,9999.000,9999.000,9999.000,9999.000,9999.000,9999.000
202604212100,   0.555,9999.000,   0.300,   0.122,   0.977,   0.300,   0.977,   0.300,   0.977
202604212106,   0.514,9999.000,9999.000,9999.000,9999.000,9999.000,9999.000,9999.000,9999.000
202604212112,   0.475,9999.000,9999.000,9999.000,9999.000,9999.000,9999.000,9999.000,9999.000
202604212118,   0.438,9999.000,9999.000,9999.000,9999.000,9999.000,9999.000,9999.000,9999.000
202604212124,   0.403,9999.000,9999.000,9999.000,9999.000,9999.000,9999.000,9999.000,9999.000
202604212130,   0.371,9999.000,9999.000,9999.000,9999.000,9999.000,9999.000,9999.000,9999.000
202604212136,   0.340,9999.000,9999.000,9999.000,9999.000,9999.000,9999.000,9999.000,9999.000
202604212142,   0.312,9999.000,9999.000,9999.000,9999.000,9999.000,9999.000,9999.000,9999.000
202604212148,   0.287,9999.000,9999.000,9999.000,9999.000,9999.000,9999.000,9999.000,9999.000
202604212154,   0.264,9999.000,9999.000,9999.000,9999.000,9999.000,9999.000,9999.000,9999.000
202604212200,   0.243,9999.000,   0.300,   0.132,   0.675,   0.300,   0.675,   0.400,   0.775
202604212206,   0.225,9999.000,9999.000,9999.000,9999.000,9999.000,9999.000,9999.000,9999.000
202604212212,   0.209,9999.000,9999.000,9999.000,9999.000,9999.000,9999.000,9999.000,9999.000
202604212218,   0.195,9999.000,9999.000,9999.000,9999.000,9999.000,9999.000,9999.000,9999.000
202604212224,   0.184,9999.000,9999.000,9999.000,9999.000,9999.000,9999.000,9999.000,9999.000
202604212230,   0.176,9999.000,9999.000,9999.000,9999.000,9999.000,9999.000,9999.000,9999.000
202604212236,   0.170,9999.000,9999.000,9999.000,9999.000,9999.000,9999.000,9999.000,9999.000
202604212242,   0.167,9999.000,9999.000,9999.000,9999.000,9999.000,9999.000,9999.000,9999.000
202604212248,   0.166,9999.000,9999.000,9999.000,9999.000,9999.000,9999.000,9999.000,9999.000
202604212254,   0.168,9999.000,9999.000,9999.000,9999.000,9999.000,9999.000,9999.000,9999.000
202604212300,   0.172,9999.000,   0.300,   0.141,   0.613,   0.300,   0.613,   0.400,   0.713
202604212306,   0.179,9999.000,9999.000,9999.000,9999.000,9999.000,9999.000,9999.000,9999.000
202604212312,   0.189,9999.000,9999.000,9999.000,9999.000,9999.000,9999.000,9999.000,9999.000
202604212318,   0.201,9999.000,9999.000,9999.000,9999.000,9999.000,9999.000,9999.000,9999.000
202604212324,   0.216,9999.000,9999.000,9999.000,9999.000,9999.000,9999.000,9999.000,9999.000
202604212330,   0.234,9999.000,9999.000,9999.000,9999.000,9999.000,9999.000,9999.000,9999.000
202604212336,   0.255,9999.000,9999.000,9999.000,9999.000,9999.000,9999.000,9999.000,9999.000
202604212342,   0.278,9999.000,9999.000,9999.000,9999.000,9999.000,9999.000,9999.000,9999.000
202604212348,   0.304,9999.000,9999.000,9999.000,9999.000,9999.000,9999.000,9999.000,9999.000
202604212354,   0.333,9999.000,9999.000,9999.000,9999.000,9999.000,9999.000,9999.000,9999.000
202604220000,   0.365,9999.000,   0.300,   0.150,   0.815,   0.300,   0.815,   0.400,   0.915
202604220006,   0.399,9999.000,9999.000,9999.000,9999.000,9999.000,9999.000,9999.000,9999.000
202604220012,   0.436,9999.000,9999.000,9999.000,9999.000,9999.000,9999.000,9999.000,9999.000
202604220018,   0.476,9999.000,9999.000,9999.000,9999.000,9999.000,9999.000,9999.000,9999.000
202604220024,   0.519,9999.000,9999.000,9999.000,9999.000,9999.000,9999.000,9999.000,9999.000
202604220030,   0.565,9999.000,9999.000,9999.000,9999.000,9999.000,9999.000,9999.000,9999.000
202604220036,   0.613,9999.000,9999.000,9999.000,9999.000,9999.000,9999.000,9999.000,9999.000
202604220042,   0.663,9999.000,9999.000,9999.000,9999.000,9999.000,9999.000,9999.000,9999.000
202604220048,   0.716,9999.000,9999.000,9999.000,9999.000,9999.000,9999.000,9999.000,9999.000
202604220054,   0.772,9999.000,9999.000,9999.000,9999.000,9999.000,9999.000,9999.000,9999.000
202604220100,   0.830,9999.000,   0.300,   0.159,   1.289,   0.300,   1.289,   0.400,   1.389
202604220106,   0.890,9999.000,9999.000,9999.000,9999.000,9999.000,9999.000,9999.000,9999.000
202604220112,   0.952,9999.000,9999.000,9999.000,9999.000,9999.000,9999.000,9999.000,9999.000
202604220118,   1.015,9999.000,9999.000,9999.000,9999.000,9999.000,9999.000,9999.000,9999.000
202604220124,   1.081,9999.000,9999.000,9999.000,9999.000,9999.000,9999.000,9999.000,9999.000
202604220130,   1.148,9999.000,9999.000,9999.000,9999.000,9999.000,9999.000,9999.000,9999.000
202604220136,   1.217,9999.000,9999.000,9999.000,9999.000,9999.000,9999.000,9999.000,9999.000
202604220142,   1.287,9999.000,9999.000,9999.000,9999.000,9999.000,9999.000,9999.000,9999.000
202604220148,   1.358,9999.000,9999.000,9999.000,9999.000,9999.000,9999.000,9999.000,9999.000
202604220154,   1.429,9999.000,9999.000,9999.000,9999.000,9999.000,9999.000,9999.000,9999.000
202604220200,   1.501,9999.000,   0.300,   0.168,   1.969,   0.300,   1.969,   0.300,   1.969
202604220206,   1.574,9999.000,9999.000,9999.000,9999.000,9999.000,9999.000,9999.000,9999.000
202604220212,   1.647,9999.000,9999.000,9999.000,9999.000,9999.000,9999.000,9999.000,9999.000
202604220218,   1.720,9999.000,9999.000,9999.000,9999.000,9999.000,9999.000,9999.000,9999.000
202604220224,   1.792,9999.000,9999.000,9999.000,9999.000,9999.000,9999.000,9999.000,9999.000
202604220230,   1.864,9999.000,9999.000,9999.000,9999.000,9999.000,9999.000,9999.000,9999.000
202604220236,   1.935,9999.000,9999.000,9999.000,9999.000,9999.000,9999.000,9999.000,9999.000
202604220242,   2.006,9999.000,9999.000,9999.000,9999.000,9999.000,9999.000,9999.000,9999.000
202604220248,   2.075,9999.000,9999.000,9999.000,9999.000,9999.000,9999.000,9999.000,9999.000
202604220254,   2.143,9999.000,9999.000,9999.000,9999.000,9999.000,9999.000,9999.000,9999.000
202604220300,   2.209,9999.000,   0.300,   0.177,   2.686,   0.200,   2.586,   0.300,   2.686
202604220306,   2.274,9999.000,9999.000,9999.000,9999.000,9999.000,9999.000,9999.000,9999.000
202604220312,   2.336,9999.000,9999.000,9999.000,9999.000,9999.000,9999.000,9999.000,9999.000
202604220318,   2.397,9999.000,9999.000,9999.000,9999.000,9999.000,9999.000,9999.000,9999.000
202604220324,   2.455,9999.000,9999.000,9999.000,9999.000,9999.000,9999.000,9999.000,9999.000
202604220330,   2.511,9999.000,9999.000,9999.000,9999.000,9999.000,9999.000,9999.000,9999.000
202604220336,   2.564,9999.000,9999.000,9999.000,9999.000,9999.000,9999.000,9999.000,9999.000
202604220342,   2.615,9999.000,9999.000,9999.000,9999.000,9999.000,9999.000,9999.000,9999.000
202604220348,   2.662,9999.000,9999.000,9999.000,9999.000,9999.000,9999.000,9999.000,9999.000
202604220354,   2.707,9999.000,9999.000,9999.000,9999.000,9999.000,9999.000,9999.000,9999.000
202604220400,   2.749,9999.000,   0.300,   0.186,   3.235,   0.200,   3.135,   0.300,   3.235
202604220406,   2.787,9999.000,9999.000,9999.000,9999.000,9999.000,9999.000,9999.000,9999.000
202604220412,   2.823,9999.000,9999.000,9999.000,9999.000,9999.000,9999.000,9999.000,9999.000
202604220418,   2.855,9999.000,9999.000,9999.000,9999.000,9999.000,9999.000,9999.000,9999.000
202604220424,   2.884,9999.000,9999.000,9999.000,9999.000,9999.000,9999.000,9999.000,9999.000
202604220430,   2.909,9999.000,9999.000,9999.000,9999.000,9999.000,9999.000,9999.000,9999.000
202604220436,   2.932,9999.000,9999.000,9999.000,9999.000,9999.000,9999.000,9999.000,9999.000
202604220442,   2.950,9999.000,9999.000,9999.000,9999.000,9999.000,9999.000,9999.000,9999.000
202604220448,   2.966,9999.000,9999.000,9999.000,9999.000,9999.000,9999.000,9999.000,9999.000
202604220454,   2.977,9999.000,9999.000,9999.000,9999.000,9999.000,9999.000,9999.000,9999.000
202604220500,   2.986,9999.000,   0.200,   0.195,   3.381,   0.100,   3.281,   0.300,   3.481
202604220506,   2.991,9999.000,9999.000,9999.000,9999.000,9999.000,9999.000,9999.000,9999.000
202604220512,   2.992,9999.000,9999.000,9999.000,9999.000,9999.000,9999.000,9999.000,9999.000
202604220518,   2.990,9999.000,9999.000,9999.000,9999.000,9999.000,9999.000,9999.000,9999.000
202604220524,   2.985,9999.000,9999.000,9999.000,9999.000,9999.000,9999.000,9999.000,9999.000
202604220530,   2.977,9999.000,9999.000,9999.000,9999.000,9999.000,9999.000,9999.000,9999.000
202604220536,   2.965,9999.000,9999.000,9999.000,9999.000,9999.000,9999.000,9999.000,9999.000
202604220542,   2.950,9999.000,9999.000,9999.000,9999.000,9999.000,9999.000,9999.000,9999.000
202604220548,   2.931,9999.000,9999.000,9999.000,9999.000,9999.000,9999.000,9999.000,9999.000
202604220554,   2.910,9999.000,9999.000,9999.000,9999.000,9999.000,9999.000,9999.000,9999.000
202604220600,   2.885,9999.000,   0.200,   0.195,   3.280,   0.100,   3.180,   0.300,   3.380
202604220606,   2.858,9999.000,9999.000,9999.000,9999.000,9999.000,9999.000,9999.000,9999.000
202604220612,   2.827,9999.000,9999.000,9999.000,9999.000,9999.000,9999.000,9999.000,9999.000
202604220618,   2.794,9999.000,9999.000,9999.000,9999.000,9999.000,9999.000,9999.000,9999.000
202604220624,   2.758,9999.000,9999.000,9999.000,9999.000,9999.000,9999.000,9999.000,9999.000
202604220630,   2.719,9999.000,9999.000,9999.000,9999.000,9999.000,9999.000,9999.000,9999.000
202604220636,   2.678,9999.000,9999.000,9999.000,9999.000,9999.000,9999.000,9999.000,9999.000
202604220642,   2.634,9999.000,9999.000,9999.000,9999.000,9999.000,9999.000,9999.000,9999.000
202604220648,   2.588,9999.000,9999.000,9999.000,9999.000,9999.000,9999.000,9999.000,9999.000
202604220654,   2.540,9999.000,9999.000,9999.000,9999.000,9999.000,9999.000,9999.000,9999.000
202604220700,   2.489,9999.000,   0.100,   0.195,   2.784,   0.000,   2.684,   0.200,   2.884
202604220706,   2.437,9999.000,9999.000,9999.000,9999.000,9999.000,9999.000,9999.000,9999.000
202604220712,   2.383,9999.000,9999.000,9999.000,9999.000,9999.000,9999.000,9999.000,9999.000
202604220718,   2.328,9999.000,9999.000,9999.000,9999.000,9999.000,9999.000,9999.000,9999.000
202604220724,   2.271,9999.000,9999.000,9999.000,9999.000,9999.000,9999.000,9999.000,9999.000
202604220730,   2.212,9999.000,9999.000,9999.000,9999.000,9999.000,9999.000,9999.000,9999.000
202604220736,   2.152,9999.000,9999.000,9999.000,9999.000,9999.000,9999.000,9999.000,9999.000
202604220742,   2.092,9999.000,9999.000,9999.000,9999.000,9999.000,9999.000,9999.000,9999.000
202604220748,   2.030,9999.000,9999.000,9999.000,9999.000,9999.000,9999.000,9999.000,9999.000
202604220754,   1.968,9999.000,9999.000,9999.000,9999.000,9999.000,9999.000,9999.000,9999.000
202604220800,   1.905,9999.000,   0.100,   0.195,   2.200,   0.000,   2.100,   0.200,   2.300
202604220806,   1.842,9999.000,9999.000,9999.000,9999.000,9999.000,9999.000,9999.000,9999.000
202604220812,   1.779,9999.000,9999.000,9999.000,9999.000,9999.000,9999.000,9999.000,9999.000
202604220818,   1.715,9999.000,9999.000,9999.000,9999.000,9999.000,9999.000,9999.000,9999.000
202604220824,   1.652,9999.000,9999.000,9999.000,9999.000,9999.000,9999.000,9999.000,9999.000
202604220830,   1.589,9999.000,9999.000,9999.000,9999.000,9999.000,9999.000,9999.000,9999.000
202604220836,   1.526,9999.000,9999.000,9999.000,9999.000,9999.000,9999.000,9999.000,9999.000
202604220842,   1.464,9999.000,9999.000,9999.000,9999.000,9999.000,9999.000,9999.000,9999.000
202604220848,   1.402,9999.000,9999.000,9999.000,9999.000,9999.000,9999.000,9999.000,9999.000
202604220854,   1.341,9999.000,9999.000,9999.000,9999.000,9999.000,9999.000,9999.000,9999.000
202604220900,   1.281,9999.000,   0.100,   0.195,   1.576,   0.000,   1.476,   0.200,   1.676
202604220906,   1.222,9999.000,9999.000,9999.000,9999.000,9999.000,9999.000,9999.000,9999.000
202604220912,   1.164,9999.000,9999.000,9999.000,9999.000,9999.000,9999.000,9999.000,9999.000
202604220918,   1.107,9999.000,9999.000,9999.000,9999.000,9999.000,9999.000,9999.000,9999.000
202604220924,   1.052,9999.000,9999.000,9999.000,9999.000,9999.000,9999.000,9999.000,9999.000
202604220930,   0.998,9999.000,9999.000,9999.000,9999.000,9999.000,9999.000,9999.000,9999.000
202604220936,   0.945,9999.000,9999.000,9999.000,9999.000,9999.000,9999.000,9999.000,9999.000
202604220942,   0.894,9999.000,9999.000,9999.000,9999.000,9999.000,9999.000,9999.000,9999.000
202604220948,   0.844,9999.000,9999.000,9999.000,9999.000,9999.000,9999.000,9999.000,9999.000
202604220954,   0.796,9999.000,9999.000,9999.000,9999.000,9999.000,9999.000,9999.000,9999.000
202604221000,   0.749,9999.000,   0.000,   0.195,   0.944,   0.000,   0.944,   0.200,   1.144
202604221006,   0.704,9999.000,9999.000,9999.000,9999.000,9999.000,9999.000,9999.000,9999.000
202604221012,   0.661,9999.000,9999.000,9999.000,9999.000,9999.000,9999.000,9999.000,9999.000
202604221018,   0.620,9999.000,9999.000,9999.000,9999.000,9999.000,9999.000,9999.000,9999.000
202604221024,   0.580,9999.000,9999.000,9999.000,9999.000,9999.000,9999.000,9999.000,9999.000
202604221030,   0.543,9999.000,9999.000,9999.000,9999.000,9999.000,9999.000,9999.000,9999.000
202604221036,   0.507,9999.000,9999.000,9999.000,9999.000,9999.000,9999.000,9999.000,9999.000
202604221042,   0.473,9999.000,9999.000,9999.000,9999.000,9999.000,9999.000,9999.000,9999.000
202604221048,   0.442,9999.000,9999.000,9999.000,9999.000,9999.000,9999.000,9999.000,9999.000
202604221054,   0.412,9999.000,9999.000,9999.000,9999.000,9999.000,9999.000,9999.000,9999.000
202604221100,   0.384,9999.000,   0.000,   0.195,   0.579,  -0.100,   0.479,   0.100,   0.679
202604221106,   0.358,9999.000,9999.000,9999.000,9999.000,9999.000,9999.000,9999.000,9999.000
202604221112,   0.335,9999.000,9999.000,9999.000,9999.000,9999.000,9999.000,9999.000,9999.000
202604221118,   0.314,9999.000,9999.000,9999.000,9999.000,9999.000,9999.000,9999.000,9999.000
202604221124,   0.295,9999.000,9999.000,9999.000,9999.000,9999.000,9999.000,9999.000,9999.000
202604221130,   0.278,9999.000,9999.000,9999.000,9999.000,9999.000,9999.000,9999.000,9999.000
202604221136,   0.264,9999.000,9999.000,9999.000,9999.000,9999.000,9999.000,9999.000,9999.000
202604221142,   0.253,9999.000,9999.000,9999.000,9999.000,9999.000,9999.000,9999.000,9999.000
202604221148,   0.243,9999.000,9999.000,9999.000,9999.000,9999.000,9999.000,9999.000,9999.000
202604221154,   0.237,9999.000,9999.000,9999.000,9999.000,9999.000,9999.000,9999.000,9999.000
202604221200,   0.233,9999.000,   0.000,   0.195,   0.428,  -0.100,   0.328,   0.100,   0.528
202604221206,   0.231,9999.000,9999.000,9999.000,9999.000,9999.000,9999.000,9999.000,9999.000
202604221212,   0.233,9999.000,9999.000,9999.000,9999.000,9999.000,9999.000,9999.000,9999.000
202604221218,   0.237,9999.000,9999.000,9999.000,9999.000,9999.000,9999.000,9999.000,9999.000
202604221224,   0.244,9999.000,9999.000,9999.000,9999.000,9999.000,9999.000,9999.000,9999.000
202604221230,   0.254,9999.000,9999.000,9999.000,9999.000,9999.000,9999.000,9999.000,9999.000
202604221236,   0.267,9999.000,9999.000,9999.000,9999.000,9999.000,9999.000,9999.000,9999.000
202604221242,   0.282,9999.000,9999.000,9999.000,9999.000,9999.000,9999.000,9999.000,9999.000
202604221248,   0.301,9999.000,9999.000,9999.000,9999.000,9999.000,9999.000,9999.000,9999.000
202604221254,   0.323,9999.000,9999.000,9999.000,9999.000,9999.000,9999.000,9999.000,9999.000
202604221300,   0.347,9999.000,   0.000,   0.195,   0.542,  -0.200,   0.342,   0.100,   0.642
202604221306,   0.374,9999.000,9999.000,9999.000,9999.000,9999.000,9999.000,9999.000,9999.000
202604221312,   0.404,9999.000,9999.000,9999.000,9999.000,9999.000,9999.000,9999.000,9999.000
202604221318,   0.437,9999.000,9999.000,9999.000,9999.000,9999.000,9999.000,9999.000,9999.000
202604221324,   0.473,9999.000,9999.000,9999.000,9999.000,9999.000,9999.000,9999.000,9999.000
202604221330,   0.511,9999.000,9999.000,9999.000,9999.000,9999.000,9999.000,9999.000,9999.000
202604221336,   0.551,9999.000,9999.000,9999.000,9999.000,9999.000,9999.000,9999.000,9999.000
202604221342,   0.594,9999.000,9999.000,9999.000,9999.000,9999.000,9999.000,9999.000,9999.000
202604221348,   0.640,9999.000,9999.000,9999.000,9999.000,9999.000,9999.000,9999.000,9999.000
202604221354,   0.687,9999.000,9999.000,9999.000,9999.000,9999.000,9999.000,9999.000,9999.000
202604221400,   0.736,9999.000,  -0.100,   0.195,   0.831,  -0.200,   0.731,   0.000,   0.931
202604221406,   0.787,9999.000,9999.000,9999.000,9999.000,9999.000,9999.000,9999.000,9999.000
202604221412,   0.840,9999.000,9999.000,9999.000,9999.000,9999.000,9999.000,9999.000,9999.000
202604221418,   0.894,9999.000,9999.000,9999.000,9999.000,9999.000,9999.000,9999.000,9999.000
202604221424,   0.950,9999.000,9999.000,9999.000,9999.000,9999.000,9999.000,9999.000,9999.000
202604221430,   1.006,9999.000,9999.000,9999.000,9999.000,9999.000,9999.000,9999.000,9999.000
202604221436,   1.064,9999.000,9999.000,9999.000,9999.000,9999.000,9999.000,9999.000,9999.000
202604221442,   1.122,9999.000,9999.000,9999.000,9999.000,9999.000,9999.000,9999.000,9999.000
202604221448,   1.180,9999.000,9999.000,9999.000,9999.000,9999.000,9999.000,9999.000,9999.000
202604221454,   1.238,9999.000,9999.000,9999.000,9999.000,9999.000,9999.000,9999.000,9999.000
202604221500,   1.297,9999.000,  -0.100,   0.195,   1.392,  -0.300,   1.192,   0.000,   1.492
202604221506,   1.355,9999.000,9999.000,9999.000,9999.000,9999.000,9999.000,9999.000,9999.000
202604221512,   1.413,9999.000,9999.000,9999.000,9999.000,9999.000,9999.000,9999.000,9999.000
202604221518,   1.470,9999.000,9999.000,9999.000,9999.000,9999.000,9999.000,9999.000,9999.000
202604221524,   1.527,9999.000,9999.000,9999.000,9999.000,9999.000,9999.000,9999.000,9999.000
202604221530,   1.582,9999.000,9999.000,9999.000,9999.000,9999.000,9999.000,9999.000,9999.000
202604221536,   1.636,9999.000,9999.000,9999.000,9999.000,9999.000,9999.000,9999.000,9999.000
202604221542,   1.689,9999.000,9999.000,9999.000,9999.000,9999.000,9999.000,9999.000,9999.000
202604221548,   1.740,9999.000,9999.000,9999.000,9999.000,9999.000,9999.000,9999.000,9999.000
202604221554,   1.790,9999.000,9999.000,9999.000,9999.000,9999.000,9999.000,9999.000,9999.000
202604221600,   1.837,9999.000,  -0.100,   0.195,   1.932,  -0.300,   1.732,   0.000,   2.032
202604221606,   1.883,9999.000,9999.000,9999.000,9999.000,9999.000,9999.000,9999.000,9999.000
202604221612,   1.926,9999.000,9999.000,9999.000,9999.000,9999.000,9999.000,9999.000,9999.000
202604221618,   1.967,9999.000,9999.000,9999.000,9999.000,9999.000,9999.000,9999.000,9999.000
202604221624,   2.005,9999.000,9999.000,9999.000,9999.000,9999.000,9999.000,9999.000,9999.000
202604221630,   2.042,9999.000,9999.000,9999.000,9999.000,9999.000,9999.000,9999.000,9999.000
202604221636,   2.075,9999.000,9999.000,9999.000,9999.000,9999.000,9999.000,9999.000,9999.000
202604221642,   2.106,9999.000,9999.000,9999.000,9999.000,9999.000,9999.000,9999.000,9999.000
202604221648,   2.134,9999.000,9999.000,9999.000,9999.000,9999.000,9999.000,9999.000,9999.000
202604221654,   2.159,9999.000,9999.000,9999.000,9999.000,9999.000,9999.000,9999.000,9999.000
202604221700,   2.182,9999.000,  -0.100,   0.195,   2.277,  -0.300,   2.077,   0.000,   2.377
202604221706,   2.201,9999.000,9999.000,9999.000,9999.000,9999.000,9999.000,9999.000,9999.000
202604221712,   2.218,9999.000,9999.000,9999.000,9999.000,9999.000,9999.000,9999.000,9999.000
202604221718,   2.232,9999.000,9999.000,9999.000,9999.000,9999.000,9999.000,9999.000,9999.000
202604221724,   2.243,9999.000,9999.000,9999.000,9999.000,9999.000,9999.000,9999.000,9999.000
202604221730,   2.251,9999.000,9999.000,9999.000,9999.000,9999.000,9999.000,9999.000,9999.000
202604221736,   2.255,9999.000,9999.000,9999.000,9999.000,9999.000,9999.000,9999.000,9999.000
202604221742,   2.257,9999.000,9999.000,9999.000,9999.000,9999.000,9999.000,9999.000,9999.000
202604221748,   2.256,9999.000,9999.000,9999.000,9999.000,9999.000,9999.000,9999.000,9999.000
202604221754,   2.253,9999.000,9999.000,9999.000,9999.000,9999.000,9999.000,9999.000,9999.000
202604221800,   2.246,9999.000,  -0.100,   0.195,   2.341,  -0.200,   2.241,   0.100,   2.541
202604221806,   2.236,9999.000,9999.000,9999.000,9999.000,9999.000,9999.000,9999.000,9999.000
202604221812,   2.224,9999.000,9999.000,9999.000,9999.000,9999.000,9999.000,9999.000,9999.000
202604221818,   2.209,9999.000,9999.000,9999.000,9999.000,9999.000,9999.000,9999.000,9999.000
202604221824,   2.191,9999.000,9999.000,9999.000,9999.000,9999.000,9999.000,9999.000,9999.000
202604221830,   2.170,9999.000,9999.000,9999.000,9999.000,9999.000,9999.000,9999.000,9999.000
202604221836,   2.147,9999.000,9999.000,9999.000,9999.000,9999.000,9999.000,9999.000,9999.000
202604221842,   2.122,9999.000,9999.000,9999.000,9999.000,9999.000,9999.000,9999.000,9999.000
202604221848,   2.094,9999.000,9999.000,9999.000,9999.000,9999.000,9999.000,9999.000,9999.000
202604221854,   2.064,9999.000,9999.000,9999.000,9999.000,9999.000,9999.000,9999.000,9999.000
202604221900,   2.031,9999.000,   0.000,   0.195,   2.226,  -0.200,   2.026,   0.100,   2.326
202604221906,   1.997,9999.000,9999.000,9999.000,9999.000,9999.000,9999.000,9999.000,9999.000
202604221912,   1.960,9999.000,9999.000,9999.000,9999.000,9999.000,9999.000,9999.000,9999.000
202604221918,   1.922,9999.000,9999.000,9999.000,9999.000,9999.000,9999.000,9999.000,9999.000
202604221924,   1.881,9999.000,9999.000,9999.000,9999.000,9999.000,9999.000,9999.000,9999.000
202604221930,   1.839,9999.000,9999.000,9999.000,9999.000,9999.000,9999.000,9999.000,9999.000
202604221936,   1.796,9999.000,9999.000,9999.000,9999.000,9999.000,9999.000,9999.000,9999.000
202604221942,   1.751,9999.000,9999.000,9999.000,9999.000,9999.000,9999.000,9999.000,9999.000
202604221948,   1.705,9999.000,9999.000,9999.000,9999.000,9999.000,9999.000,9999.000,9999.000
202604221954,   1.658,9999.000,9999.000,9999.000,9999.000,9999.000,9999.000,9999.000,9999.000
202604222000,   1.610,9999.000,   0.000,   0.195,   1.805,  -0.100,   1.705,   0.200,   2.005
202604222006,   1.562,9999.000,9999.000,9999.000,9999.000,9999.000,9999.000,9999.000,9999.000
202604222012,   1.513,9999.000,9999.000,9999.000,9999.000,9999.000,9999.000,9999.000,9999.000
202604222018,   1.463,9999.000,9999.000,9999.000,9999.000,9999.000,9999.000,9999.000,9999.000
202604222024,   1.413,9999.000,9999.000,9999.000,9999.000,9999.000,9999.000,9999.000,9999.000
202604222030,   1.363,9999.000,9999.000,9999.000,9999.000,9999.000,9999.000,9999.000,9999.000
202604222036,   1.313,9999.000,9999.000,9999.000,9999.000,9999.000,9999.000,9999.000,9999.000
202604222042,   1.263,9999.000,9999.000,9999.000,9999.000,9999.000,9999.000,9999.000,9999.000
202604222048,   1.213,9999.000,9999.000,9999.000,9999.000,9999.000,9999.000,9999.000,9999.000
202604222054,   1.164,9999.000,9999.000,9999.000,9999.000,9999.000,9999.000,9999.000,9999.000
202604222100,   1.115,9999.000,   0.100,   0.195,   1.410,   0.000,   1.310,   0.300,   1.610
202604222106,   1.068,9999.000,9999.000,9999.000,9999.000,9999.000,9999.000,9999.000,9999.000
202604222112,   1.021,9999.000,9999.000,9999.000,9999.000,9999.000,9999.000,9999.000,9999.000
202604222118,   0.975,9999.000,9999.000,9999.000,9999.000,9999.000,9999.000,9999.000,9999.000
202604222124,   0.930,9999.000,9999.000,9999.000,9999.000,9999.000,9999.000,9999.000,9999.000
202604222130,   0.886,9999.000,9999.000,9999.000,9999.000,9999.000,9999.000,9999.000,9999.000
202604222136,   0.844,9999.000,9999.000,9999.000,9999.000,9999.000,9999.000,9999.000,9999.000
202604222142,   0.803,9999.000,9999.000,9999.000,9999.000,9999.000,9999.000,9999.000,9999.000
202604222148,   0.763,9999.000,9999.000,9999.000,9999.000,9999.000,9999.000,9999.000,9999.000
202604222154,   0.725,9999.000,9999.000,9999.000,9999.000,9999.000,9999.000,9999.000,9999.000
202604222200,   0.688,9999.000,   0.200,   0.195,   1.083,   0.000,   0.883,   0.300,   1.183
202604222206,   0.653,9999.000,9999.000,9999.000,9999.000,9999.000,9999.000,9999.000,9999.000
202604222212,   0.620,9999.000,9999.000,9999.000,9999.000,9999.000,9999.000,9999.000,9999.000
202604222218,   0.589,9999.000,9999.000,9999.000,9999.000,9999.000,9999.000,9999.000,9999.000
202604222224,   0.559,9999.000,9999.000,9999.000,9999.000,9999.000,9999.000,9999.000,9999.000
202604222230,   0.531,9999.000,9999.000,9999.000,9999.000,9999.000,9999.000,9999.000,9999.000
202604222236,   0.505,9999.000,9999.000,9999.000,9999.000,9999.000,9999.000,9999.000,9999.000
202604222242,   0.480,9999.000,9999.000,9999.000,9999.000,9999.000,9999.000,9999.000,9999.000
202604222248,   0.458,9999.000,9999.000,9999.000,9999.000,9999.000,9999.000,9999.000,9999.000
202604222254,   0.437,9999.000,9999.000,9999.000,9999.000,9999.000,9999.000,9999.000,9999.000
202604222300,   0.419,9999.000,   0.200,   0.195,   0.814,   0.000,   0.614,   0.400,   1.014
202604222306,   0.402,9999.000,9999.000,9999.000,9999.000,9999.000,9999.000,9999.000,9999.000
202604222312,   0.387,9999.000,9999.000,9999.000,9999.000,9999.000,9999.000,9999.000,9999.000
202604222318,   0.374,9999.000,9999.000,9999.000,9999.000,9999.000,9999.000,9999.000,9999.000
202604222324,   0.363,9999.000,9999.000,9999.000,9999.000,9999.000,9999.000,9999.000,9999.000
202604222330,   0.355,9999.000,9999.000,9999.000,9999.000,9999.000,9999.000,9999.000,9999.000
202604222336,   0.348,9999.000,9999.000,9999.000,9999.000,9999.000,9999.000,9999.000,9999.000
202604222342,   0.343,9999.000,9999.000,9999.000,9999.000,9999.000,9999.000,9999.000,9999.000
202604222348,   0.341,9999.000,9999.000,9999.000,9999.000,9999.000,9999.000,9999.000,9999.000
202604222354,   0.341,9999.000,9999.000,9999.000,9999.000,9999.000,9999.000,9999.000,9999.000
202604230000,   0.343,9999.000,   0.200,   0.195,   0.738,   0.000,   0.538,   0.400,   0.938
202604230006,   0.347,9999.000,9999.000,9999.000,9999.000,9999.000,9999.000,9999.000,9999.000
202604230012,   0.353,9999.000,9999.000,9999.000,9999.000,9999.000,9999.000,9999.000,9999.000
202604230018,   0.362,9999.000,9999.000,9999.000,9999.000,9999.000,9999.000,9999.000,9999.000
202604230024,   0.373,9999.000,9999.000,9999.000,9999.000,9999.000,9999.000,9999.000,9999.000
202604230030,   0.387,9999.000,9999.000,9999.000,9999.000,9999.000,9999.000,9999.000,9999.000
202604230036,   0.403,9999.000,9999.000,9999.000,9999.000,9999.000,9999.000,9999.000,9999.000
202604230042,   0.421,9999.000,9999.000,9999.000,9999.000,9999.000,9999.000,9999.000,9999.000
202604230048,   0.442,9999.000,9999.000,9999.000,9999.000,9999.000,9999.000,9999.000,9999.000
202604230054,   0.466,9999.000,9999.000,9999.000,9999.000,9999.000,9999.000,9999.000,9999.000
202604230100,   0.492,9999.000,   0.300,   0.195,   0.987,   0.100,   0.787,   0.400,   1.087
202604230106,   0.520,9999.000,9999.000,9999.000,9999.000,9999.000,9999.000,9999.000,9999.000
202604230112,   0.551,9999.000,9999.000,9999.000,9999.000,9999.000,9999.000,9999.000,9999.000
202604230118,   0.585,9999.000,9999.000,9999.000,9999.000,9999.000,9999.000,9999.000,9999.000
202604230124,   0.621,9999.000,9999.000,9999.000,9999.000,9999.000,9999.000,9999.000,9999.000
202604230130,   0.660,9999.000,9999.000,9999.000,9999.000,9999.000,9999.000,9999.000,9999.000
202604230136,   0.701,9999.000,9999.000,9999.000,9999.000,9999.000,9999.000,9999.000,9999.000
202604230142,   0.744,9999.000,9999.000,9999.000,9999.000,9999.000,9999.000,9999.000,9999.000
202604230148,   0.790,9999.000,9999.000,9999.000,9999.000,9999.000,9999.000,9999.000,9999.000
202604230154,   0.838,9999.000,9999.000,9999.000,9999.000,9999.000,9999.000,9999.000,9999.000
202604230200,   0.887,9999.000,   0.300,   0.195,   1.382,   0.100,   1.182,   0.400,   1.482
202604230206,   0.939,9999.000,9999.000,9999.000,9999.000,9999.000,9999.000,9999.000,9999.000
202604230212,   0.993,9999.000,9999.000,9999.000,9999.000,9999.000,9999.000,9999.000,9999.000
202604230218,   1.049,9999.000,9999.000,9999.000,9999.000,9999.000,9999.000,9999.000,9999.000
202604230224,   1.106,9999.000,9999.000,9999.000,9999.000,9999.000,9999.000,9999.000,9999.000
202604230230,   1.165,9999.000,9999.000,9999.000,9999.000,9999.000,9999.000,9999.000,9999.000
202604230236,   1.225,9999.000,9999.000,9999.000,9999.000,9999.000,9999.000,9999.000,9999.000
202604230242,   1.286,9999.000,9999.000,9999.000,9999.000,9999.000,9999.000,9999.000,9999.000
202604230248,   1.347,9999.000,9999.000,9999.000,9999.000,9999.000,9999.000,9999.000,9999.000
202604230254,   1.410,9999.000,9999.000,9999.000,9999.000,9999.000,9999.000,9999.000,9999.000
202604230300,   1.473,9999.000,   0.300,   0.195,   1.968,   0.100,   1.768,   0.400,   2.068
202604230306,   1.537,9999.000,9999.000,9999.000,9999.000,9999.000,9999.000,9999.000,9999.000
202604230312,   1.600,9999.000,9999.000,9999.000,9999.000,9999.000,9999.000,9999.000,9999.000
202604230318,   1.664,9999.000,9999.000,9999.000,9999.000,9999.000,9999.000,9999.000,9999.000
202604230324,   1.727,9999.000,9999.000,9999.000,9999.000,9999.000,9999.000,9999.000,9999.000
202604230330,   1.790,9999.000,9999.000,9999.000,9999.000,9999.000,9999.000,9999.000,9999.000
202604230336,   1.852,9999.000,9999.000,9999.000,9999.000,9999.000,9999.000,9999.000,9999.000
202604230342,   1.913,9999.000,9999.000,9999.000,9999.000,9999.000,9999.000,9999.000,9999.000
202604230348,   1.973,9999.000,9999.000,9999.000,9999.000,9999.000,9999.000,9999.000,9999.000
202604230354,   2.033,9999.000,9999.000,9999.000,9999.000,9999.000,9999.000,9999.000,9999.000
202604230400,   2.090,9999.000,   0.300,   0.195,   2.585,   0.100,   2.385,   0.400,   2.685
202604230406,   2.146,9999.000,9999.000,9999.000,9999.000,9999.000,9999.000,9999.000,9999.000
202604230412,   2.201,9999.000,9999.000,9999.000,9999.000,9999.000,9999.000,9999.000,9999.000
202604230418,   2.253,9999.000,9999.000,9999.000,9999.000,9999.000,9999.000,9999.000,9999.000
202604230424,   2.304,9999.000,9999.000,9999.000,9999.000,9999.000,9999.000,9999.000,9999.000
202604230430,   2.352,9999.000,9999.000,9999.000,9999.000,9999.000,9999.000,9999.000,9999.000
202604230436,   2.399,9999.000,9999.000,9999.000,9999.000,9999.000,9999.000,9999.000,9999.000
202604230442,   2.443,9999.000,9999.000,9999.000,9999.000,9999.000,9999.000,9999.000,9999.000
202604230448,   2.484,9999.000,9999.000,9999.000,9999.000,9999.000,9999.000,9999.000,9999.000
202604230454,   2.523,9999.000,9999.000,9999.000,9999.000,9999.000,9999.000,9999.000,9999.000
202604230500,   2.559,9999.000,   0.300,   0.195,   3.054,   0.100,   2.854,   0.400,   3.154
202604230506,   2.593,9999.000,9999.000,9999.000,9999.000,9999.000,9999.000,9999.000,9999.000
202604230512,   2.624,9999.000,9999.000,9999.000,9999.000,9999.000,9999.000,9999.000,9999.000
202604230518,   2.652,9999.000,9999.000,9999.000,9999.000,9999.000,9999.000,9999.000,9999.000
202604230524,   2.677,9999.000,9999.000,9999.000,9999.000,9999.000,9999.000,9999.000,9999.000
202604230530,   2.700,9999.000,9999.000,9999.000,9999.000,9999.000,9999.000,9999.000,9999.000
202604230536,   2.720,9999.000,9999.000,9999.000,9999.000,9999.000,9999.000,9999.000,9999.000
202604230542,   2.736,9999.000,9999.000,9999.000,9999.000,9999.000,9999.000,9999.000,9999.000
202604230548,   2.750,9999.000,9999.000,9999.000,9999.000,9999.000,9999.000,9999.000,9999.000
202604230554,   2.761,9999.000,9999.000,9999.000,9999.000,9999.000,9999.000,9999.000,9999.000
202604230600,   2.769,9999.000,   0.300,   0.195,   3.264,   0.200,   3.164,   0.500,   3.464
202604230606,   2.774,9999.000,9999.000,9999.000,9999.000,9999.000,9999.000,9999.000,9999.000
202604230612,   2.776,9999.000,9999.000,9999.000,9999.000,9999.000,9999.000,9999.000,9999.000
202604230618,   2.776,9999.000,9999.000,9999.000,9999.000,9999.000,9999.000,9999.000,9999.000
202604230624,   2.772,9999.000,9999.000,9999.000,9999.000,9999.000,9999.000,9999.000,9999.000
202604230630,   2.766,9999.000,9999.000,9999.000,9999.000,9999.000,9999.000,9999.000,9999.000
202604230636,   2.756,9999.000,9999.000,9999.000,9999.000,9999.000,9999.000,9999.000,9999.000
202604230642,   2.744,9999.000,9999.000,9999.000,9999.000,9999.000,9999.000,9999.000,9999.000
202604230648,   2.729,9999.000,9999.000,9999.000,9999.000,9999.000,9999.000,9999.000,9999.000
202604230654,   2.712,9999.000,9999.000,9999.000,9999.000,9999.000,9999.000,9999.000,9999.000
202604230700,   2.692,9999.000,   0.300,   0.195,   3.187,   0.200,   3.087,   0.500,   3.387
202604230706,   2.669,9999.000,9999.000,9999.000,9999.000,9999.000,9999.000,9999.000,9999.000
202604230712,   2.644,9999.000,9999.000,9999.000,9999.000,9999.000,9999.000,9999.000,9999.000
202604230718,   2.616,9999.000,9999.000,9999.000,9999.000,9999.000,9999.000,9999.000,9999.000
202604230724,   2.586,9999.000,9999.000,9999.000,9999.000,9999.000,9999.000,9999.000,9999.000
202604230730,   2.554,9999.000,9999.000,9999.000,9999.000,9999.000,9999.000,9999.000,9999.000
202604230736,   2.519,9999.000,9999.000,9999.000,9999.000,9999.000,9999.000,9999.000,9999.000
202604230742,   2.482,9999.000,9999.000,9999.000,9999.000,9999.000,9999.000,9999.000,9999.000
202604230748,   2.443,9999.000,9999.000,9999.000,9999.000,9999.000,9999.000,9999.000,9999.000
202604230754,   2.403,9999.000,9999.000,9999.000,9999.000,9999.000,9999.000,9999.000,9999.000
202604230800,   2.360,9999.000,   0.400,   0.195,   2.955,   0.200,   2.755,   0.500,   3.055
202604230806,   2.316,9999.000,9999.000,9999.000,9999.000,9999.000,9999.000,9999.000,9999.000
202604230812,   2.270,9999.000,9999.000,9999.000,9999.000,9999.000,9999.000,9999.000,9999.000
202604230818,   2.223,9999.000,9999.000,9999.000,9999.000,9999.000,9999.000,9999.000,9999.000
202604230824,   2.174,9999.000,9999.000,9999.000,9999.000,9999.000,9999.000,9999.000,9999.000
202604230830,   2.125,9999.000,9999.000,9999.000,9999.000,9999.000,9999.000,9999.000,9999.000
202604230836,   2.074,9999.000,9999.000,9999.000,9999.000,9999.000,9999.000,9999.000,9999.000
202604230842,   2.022,9999.000,9999.000,9999.000,9999.000,9999.000,9999.000,9999.000,9999.000
202604230848,   1.970,9999.000,9999.000,9999.000,9999.000,9999.000,9999.000,9999.000,9999.000
202604230854,   1.916,9999.000,9999.000,9999.000,9999.000,9999.000,9999.000,9999.000,9999.000
202604230900,   1.863,9999.000,   0.400,   0.195,   2.458,   0.300,   2.358,   0.500,   2.558
202604230906,   1.808,9999.000,9999.000,9999.000,9999.000,9999.000,9999.000,9999.000,9999.000
202604230912,   1.754,9999.000,9999.000,9999.000,9999.000,9999.000,9999.000,9999.000,9999.000
202604230918,   1.700,9999.000,9999.000,9999.000,9999.000,9999.000,9999.000,9999.000,9999.000
202604230924,   1.645,9999.000,9999.000,9999.000,9999.000,9999.000,9999.000,9999.000,9999.000
202604230930,   1.591,9999.000,9999.000,9999.000,9999.000,9999.000,9999.000,9999.000,9999.000
202604230936,   1.536,9999.000,9999.000,9999.000,9999.000,9999.000,9999.000,9999.000,9999.000
202604230942,   1.482,9999.000,9999.000,9999.000,9999.000,9999.000,9999.000,9999.000,9999.000
202604230948,   1.429,9999.000,9999.000,9999.000,9999.000,9999.000,9999.000,9999.000,9999.000
202604230954,   1.376,9999.000,9999.000,9999.000,9999.000,9999.000,9999.000,9999.000,9999.000
202604231000,   1.323,9999.000,   0.400,   0.195,   1.918,   0.300,   1.818,   0.500,   2.018
202604231006,   1.272,9999.000,9999.000,9999.000,9999.000,9999.000,9999.000,9999.000,9999.000
202604231012,   1.221,9999.000,9999.000,9999.000,9999.000,9999.000,9999.000,9999.000,9999.000
202604231018,   1.171,9999.000,9999.000,9999.000,9999.000,9999.000,9999.000,9999.000,9999.000
202604231024,   1.122,9999.000,9999.000,9999.000,9999.000,9999.000,9999.000,9999.000,9999.000
202604231030,   1.074,9999.000,9999.000,9999.000,9999.000,9999.000,9999.000,9999.000,9999.000
202604231036,   1.026,9999.000,9999.000,9999.000,9999.000,9999.000,9999.000,9999.000,9999.000
202604231042,   0.980,9999.000,9999.000,9999.000,9999.000,9999.000,9999.000,9999.000,9999.000
202604231048,   0.936,9999.000,9999.000,9999.000,9999.000,9999.000,9999.000,9999.000,9999.000
202604231054,   0.892,9999.000,9999.000,9999.000,9999.000,9999.000,9999.000,9999.000,9999.000
202604231100,   0.849,9999.000,   0.400,   0.195,   1.444,   0.300,   1.344,   0.500,   1.544
202604231106,   0.808,9999.000,9999.000,9999.000,9999.000,9999.000,9999.000,9999.000,9999.000
202604231112,   0.768,9999.000,9999.000,9999.000,9999.000,9999.000,9999.000,9999.000,9999.000
202604231118,   0.730,9999.000,9999.000,9999.000,9999.000,9999.000,9999.000,9999.000,9999.000
202604231124,   0.693,9999.000,9999.000,9999.000,9999.000,9999.000,9999.000,9999.000,9999.000
202604231130,   0.657,9999.000,9999.000,9999.000,9999.000,9999.000,9999.000,9999.000,9999.000
202604231136,   0.623,9999.000,9999.000,9999.000,9999.000,9999.000,9999.000,9999.000,9999.000
202604231142,   0.590,9999.000,9999.000,9999.000,9999.000,9999.000,9999.000,9999.000,9999.000
202604231148,   0.559,9999.000,9999.000,9999.000,9999.000,9999.000,9999.000,9999.000,9999.000
202604231154,   0.530,9999.000,9999.000,9999.000,9999.000,9999.000,9999.000,9999.000,9999.000
202604231200,   0.502,9999.000,   0.500,   0.195,   1.197,   0.400,   1.097,   0.600,   1.297
202604231206,   0.476,9999.000,9999.000,9999.000,9999.000,9999.000,9999.000,9999.000,9999.000
202604231212,   0.452,9999.000,9999.000,9999.000,9999.000,9999.000,9999.000,9999.000,9999.000
202604231218,   0.430,9999.000,9999.000,9999.000,9999.000,9999.000,9999.000,9999.000,9999.000
202604231224,   0.410,9999.000,9999.000,9999.000,9999.000,9999.000,9999.000,9999.000,9999.000
202604231230,   0.392,9999.000,9999.000,9999.000,9999.000,9999.000,9999.000,9999.000,9999.000
202604231236,   0.376,9999.000,9999.000,9999.000,9999.000,9999.000,9999.000,9999.000,9999.000
202604231242,   0.362,9999.000,9999.000,9999.000,9999.000,9999.000,9999.000,9999.000,9999.000
202604231248,   0.351,9999.000,9999.000,9999.000,9999.000,9999.000,9999.000,9999.000,9999.000
202604231254,   0.342,9999.000,9999.000,9999.000,9999.000,9999.000,9999.000,9999.000,9999.000
202604231300,   0.335,9999.000,   0.500,   0.195,   1.030,   0.400,   0.930,   0.600,   1.130
202604231306,   0.331,9999.000,9999.000,9999.000,9999.000,9999.000,9999.000,9999.000,9999.000
202604231312,   0.329,9999.000,9999.000,9999.000,9999.000,9999.000,9999.000,9999.000,9999.000
202604231318,   0.330,9999.000,9999.000,9999.000,9999.000,9999.000,9999.000,9999.000,9999.000
202604231324,   0.334,9999.000,9999.000,9999.000,9999.000,9999.000,9999.000,9999.000,9999.000
202604231330,   0.341,9999.000,9999.000,9999.000,9999.000,9999.000,9999.000,9999.000,9999.000
202604231336,   0.350,9999.000,9999.000,9999.000,9999.000,9999.000,9999.000,9999.000,9999.000
202604231342,   0.362,9999.000,9999.000,9999.000,9999.000,9999.000,9999.000,9999.000,9999.000
202604231348,   0.377,9999.000,9999.000,9999.000,9999.000,9999.000,9999.000,9999.000,9999.000
202604231354,   0.394,9999.000,9999.000,9999.000,9999.000,9999.000,9999.000,9999.000,9999.000
202604231400,   0.414,9999.000,   0.500,   0.195,   1.109,   0.400,   1.009,   0.600,   1.209
202604231406,   0.437,9999.000,9999.000,9999.000,9999.000,9999.000,9999.000,9999.000,9999.000
202604231412,   0.463,9999.000,9999.000,9999.000,9999.000,9999.000,9999.000,9999.000,9999.000
202604231418,   0.491,9999.000,9999.000,9999.000,9999.000,9999.000,9999.000,9999.000,9999.000
202604231424,   0.522,9999.000,9999.000,9999.000,9999.000,9999.000,9999.000,9999.000,9999.000
202604231430,   0.556,9999.000,9999.000,9999.000,9999.000,9999.000,9999.000,9999.000,9999.000
202604231436,   0.592,9999.000,9999.000,9999.000,9999.000,9999.000,9999.000,9999.000,9999.000
202604231442,   0.630,9999.000,9999.000,9999.000,9999.000,9999.000,9999.000,9999.000,9999.000
202604231448,   0.670,9999.000,9999.000,9999.000,9999.000,9999.000,9999.000,9999.000,9999.000
202604231454,   0.712,9999.000,9999.000,9999.000,9999.000,9999.000,9999.000,9999.000,9999.000
202604231500,   0.756,9999.000,   0.500,   0.195,   1.451,   0.400,   1.351,   0.600,   1.551
202604231506,   0.802,9999.000,9999.000,9999.000,9999.000,9999.000,9999.000,9999.000,9999.000
202604231512,   0.849,9999.000,9999.000,9999.000,9999.000,9999.000,9999.000,9999.000,9999.000
202604231518,   0.898,9999.000,9999.000,9999.000,9999.000,9999.000,9999.000,9999.000,9999.000
202604231524,   0.948,9999.000,9999.000,9999.000,9999.000,9999.000,9999.000,9999.000,9999.000
202604231530,   0.999,9999.000,9999.000,9999.000,9999.000,9999.000,9999.000,9999.000,9999.000
202604231536,   1.050,9999.000,9999.000,9999.000,9999.000,9999.000,9999.000,9999.000,9999.000
202604231542,   1.103,9999.000,9999.000,9999.000,9999.000,9999.000,9999.000,9999.000,9999.000
202604231548,   1.155,9999.000,9999.000,9999.000,9999.000,9999.000,9999.000,9999.000,9999.000
202604231554,   1.208,9999.000,9999.000,9999.000,9999.000,9999.000,9999.000,9999.000,9999.000
202604231600,   1.261,9999.000,   0.500,   0.195,   1.956,   0.400,   1.856,   0.600,   2.056
202604231606,   1.314,9999.000,9999.000,9999.000,9999.000,9999.000,9999.000,9999.000,9999.000
202604231612,   1.366,9999.000,9999.000,9999.000,9999.000,9999.000,9999.000,9999.000,9999.000
202604231618,   1.418,9999.000,9999.000,9999.000,9999.000,9999.000,9999.000,9999.000,9999.000
202604231624,   1.469,9999.000,9999.000,9999.000,9999.000,9999.000,9999.000,9999.000,9999.000
202604231630,   1.520,9999.000,9999.000,9999.000,9999.000,9999.000,9999.000,9999.000,9999.000
202604231636,   1.569,9999.000,9999.000,9999.000,9999.000,9999.000,9999.000,9999.000,9999.000
202604231642,   1.617,9999.000,9999.000,9999.000,9999.000,9999.000,9999.000,9999.000,9999.000
202604231648,   1.664,9999.000,9999.000,9999.000,9999.000,9999.000,9999.000,9999.000,9999.000
202604231654,   1.709,9999.000,9999.000,9999.000,9999.000,9999.000,9999.000,9999.000,9999.000
202604231700,   1.753,9999.000,   0.500,   0.195,   2.448,   0.400,   2.348,   0.600,   2.548
202604231706,   1.795,9999.000,9999.000,9999.000,9999.000,9999.000,9999.000,9999.000,9999.000
202604231712,   1.835,9999.000,9999.000,9999.000,9999.000,9999.000,9999.000,9999.000,9999.000
202604231718,   1.873,9999.000,9999.000,9999.000,9999.000,9999.000,9999.000,9999.000,9999.000
202604231724,   1.910,9999.000,9999.000,9999.000,9999.000,9999.000,9999.000,9999.000,9999.000
202604231730,   1.944,9999.000,9999.000,9999.000,9999.000,9999.000,9999.000,9999.000,9999.000
202604231736,   1.976,9999.000,9999.000,9999.000,9999.000,9999.000,9999.000,9999.000,9999.000
202604231742,   2.005,9999.000,9999.000,9999.000,9999.000,9999.000,9999.000,9999.000,9999.000
202604231748,   2.033,9999.000,9999.000,9999.000,9999.000,9999.000,9999.000,9999.000,9999.000
202604231754,   2.058,9999.000,9999.000,9999.000,9999.000,9999.000,9999.000,9999.000,9999.000
202604231800,   2.080,9999.000,   0.600,   0.195,   2.875,   0.500,   2.775,   0.700,   2.975
202604231806,   2.100,9999.000,9999.000,9999.000,9999.000,9999.000,9999.000,9999.000,9999.000
202604231812,   2.118,9999.000,9999.000,9999.000,9999.000,9999.000,9999.000,9999.000,9999.000
202604231818,   2.133,9999.000,9999.000,9999.000,9999.000,9999.000,9999.000,9999.000,9999.000
202604231824,   2.146,9999.000,9999.000,9999.000,9999.000,9999.000,9999.000,9999.000,9999.000
202604231830,   2.156,9999.000,9999.000,9999.000,9999.000,9999.000,9999.000,9999.000,9999.000
202604231836,   2.164,9999.000,9999.000,9999.000,9999.000,9999.000,9999.000,9999.000,9999.000
202604231842,   2.169,9999.000,9999.000,9999.000,9999.000,9999.000,9999.000,9999.000,9999.000
202604231848,   2.172,9999.000,9999.000,9999.000,9999.000,9999.000,9999.000,9999.000,9999.000
202604231854,   2.172,9999.000,9999.000,9999.000,9999.000,9999.000,9999.000,9999.000,9999.000
202604231900,   2.170,9999.000,   0.600,   0.195,   2.965,   0.500,   2.865,   0.700,   3.065
202604231906,   2.165,9999.000,9999.000,9999.000,9999.000,9999.000,9999.000,9999.000,9999.000
202604231912,   2.158,9999.000,9999.000,9999.000,9999.000,9999.000,9999.000,9999.000,9999.000
202604231918,   2.148,9999.000,9999.000,9999.000,9999.000,9999.000,9999.000,9999.000,9999.000
202604231924,   2.136,9999.000,9999.000,9999.000,9999.000,9999.000,9999.000,9999.000,9999.000
202604231930,   2.122,9999.000,9999.000,9999.000,9999.000,9999.000,9999.000,9999.000,9999.000
202604231936,   2.105,9999.000,9999.000,9999.000,9999.000,9999.000,9999.000,9999.000,9999.000
202604231942,   2.086,9999.000,9999.000,9999.000,9999.000,9999.000,9999.000,9999.000,9999.000
202604231948,   2.065,9999.000,9999.000,9999.000,9999.000,9999.000,9999.000,9999.000,9999.000
202604231954,   2.042,9999.000,9999.000,9999.000,9999.000,9999.000,9999.000,9999.000,9999.000
202604232000,   2.017,9999.000,   0.600,   0.195,   2.812,   0.600,   2.812,   0.700,   2.912
202604232006,   1.990,9999.000,9999.000,9999.000,9999.000,9999.000,9999.000,9999.000,9999.000
202604232012,   1.961,9999.000,9999.000,9999.000,9999.000,9999.000,9999.000,9999.000,9999.000
202604232018,   1.930,9999.000,9999.000,9999.000,9999.000,9999.000,9999.000,9999.000,9999.000
202604232024,   1.898,9999.000,9999.000,9999.000,9999.000,9999.000,9999.000,9999.000,9999.000
202604232030,   1.864,9999.000,9999.000,9999.000,9999.000,9999.000,9999.000,9999.000,9999.000
202604232036,   1.829,9999.000,9999.000,9999.000,9999.000,9999.000,9999.000,9999.000,9999.000
202604232042,   1.792,9999.000,9999.000,9999.000,9999.000,9999.000,9999.000,9999.000,9999.000
202604232048,   1.754,9999.000,9999.000,9999.000,9999.000,9999.000,9999.000,9999.000,9999.000
202604232054,   1.715,9999.000,9999.000,9999.000,9999.000,9999.000,9999.000,9999.000,9999.000
202604232100,   1.676,9999.000,   0.600,   0.195,   2.471,   0.600,   2.471,   0.700,   2.571
202604232106,   1.635,9999.000,9999.000,9999.000,9999.000,9999.000,9999.000,9999.000,9999.000
202604232112,   1.594,9999.000,9999.000,9999.000,9999.000,9999.000,9999.000,9999.000,9999.000
202604232118,   1.552,9999.000,9999.000,9999.000,9999.000,9999.000,9999.000,9999.000,9999.000
202604232124,   1.510,9999.000,9999.000,9999.000,9999.000,9999.000,9999.000,9999.000,9999.000
202604232130,   1.467,9999.000,9999.000,9999.000,9999.000,9999.000,9999.000,9999.000,9999.000
202604232136,   1.424,9999.000,9999.000,9999.000,9999.000,9999.000,9999.000,9999.000,9999.000
202604232142,   1.381,9999.000,9999.000,9999.000,9999.000,9999.000,9999.000,9999.000,9999.000
202604232148,   1.339,9999.000,9999.000,9999.000,9999.000,9999.000,9999.000,9999.000,9999.000
202604232154,   1.296,9999.000,9999.000,9999.000,9999.000,9999.000,9999.000,9999.000,9999.000
202604232200,   1.254,9999.000,   0.700,   0.195,   2.149,   0.600,   2.049,   0.700,   2.149
202604232206,   1.212,9999.000,9999.000,9999.000,9999.000,9999.000,9999.000,9999.000,9999.000
202604232212,   1.171,9999.000,9999.000,9999.000,9999.000,9999.000,9999.000,9999.000,9999.000
202604232218,   1.130,9999.000,9999.000,9999.000,9999.000,9999.000,9999.000,9999.000,9999.000
202604232224,   1.090,9999.000,9999.000,9999.000,9999.000,9999.000,9999.000,9999.000,9999.000
202604232230,   1.051,9999.000,9999.000,9999.000,9999.000,9999.000,9999.000,9999.000,9999.000
202604232236,   1.012,9999.000,9999.000,9999.000,9999.000,9999.000,9999.000,9999.000,9999.000
202604232242,   0.975,9999.000,9999.000,9999.000,9999.000,9999.000,9999.000,9999.000,9999.000
202604232248,   0.938,9999.000,9999.000,9999.000,9999.000,9999.000,9999.000,9999.000,9999.000
202604232254,   0.903,9999.000,9999.000,9999.000,9999.000,9999.000,9999.000,9999.000,9999.000
202604232300,   0.869,9999.000,   0.700,   0.195,   1.764,   0.600,   1.664,   0.800,   1.864
202604232306,   0.835,9999.000,9999.000,9999.000,9999.000,9999.000,9999.000,9999.000,9999.000
202604232312,   0.803,9999.000,9999.000,9999.000,9999.000,9999.000,9999.000,9999.000,9999.000
202604232318,   0.772,9999.000,9999.000,9999.000,9999.000,9999.000,9999.000,9999.000,9999.000
202604232324,   0.743,9999.000,9999.000,9999.000,9999.000,9999.000,9999.000,9999.000,9999.000
202604232330,   0.714,9999.000,9999.000,9999.000,9999.000,9999.000,9999.000,9999.000,9999.000
202604232336,   0.687,9999.000,9999.000,9999.000,9999.000,9999.000,9999.000,9999.000,9999.000
202604232342,   0.661,9999.000,9999.000,9999.000,9999.000,9999.000,9999.000,9999.000,9999.000
202604232348,   0.637,9999.000,9999.000,9999.000,9999.000,9999.000,9999.000,9999.000,9999.000
202604232354,   0.614,9999.000,9999.000,9999.000,9999.000,9999.000,9999.000,9999.000,9999.000
202604240000,   0.593,9999.000,   0.700,   0.195,   1.488,   0.600,   1.388,   0.800,   1.588
202604240006,   0.573,9999.000,9999.000,9999.000,9999.000,9999.000,9999.000,9999.000,9999.000
202604240012,   0.554,9999.000,9999.000,9999.000,9999.000,9999.000,9999.000,9999.000,9999.000
202604240018,   0.538,9999.000,9999.000,9999.000,9999.000,9999.000,9999.000,9999.000,9999.000
202604240024,   0.522,9999.000,9999.000,9999.000,9999.000,9999.000,9999.000,9999.000,9999.000
202604240030,   0.509,9999.000,9999.000,9999.000,9999.000,9999.000,9999.000,9999.000,9999.000
202604240036,   0.497,9999.000,9999.000,9999.000,9999.000,9999.000,9999.000,9999.000,9999.000
202604240042,   0.487,9999.000,9999.000,9999.000,9999.000,9999.000,9999.000,9999.000,9999.000
202604240048,   0.479,9999.000,9999.000,9999.000,9999.000,9999.000,9999.000,9999.000,9999.000
202604240054,   0.472,9999.000,9999.000,9999.000,9999.000,9999.000,9999.000,9999.000,9999.000
202604240100,   0.468,9999.000,   0.700,   0.195,   1.363,   0.600,   1.263,   0.800,   1.463
202604240106,   0.466,9999.000,9999.000,9999.000,9999.000,9999.000,9999.000,9999.000,9999.000
202604240112,   0.465,9999.000,9999.000,9999.000,9999.000,9999.000,9999.000,9999.000,9999.000
202604240118,   0.467,9999.000,9999.000,9999.000,9999.000,9999.000,9999.000,9999.000,9999.000
202604240124,   0.471,9999.000,9999.000,9999.000,9999.000,9999.000,9999.000,9999.000,9999.000
202604240130,   0.477,9999.000,9999.000,9999.000,9999.000,9999.000,9999.000,9999.000,9999.000
202604240136,   0.486,9999.000,9999.000,9999.000,9999.000,9999.000,9999.000,9999.000,9999.000
202604240142,   0.497,9999.000,9999.000,9999.000,9999.000,9999.000,9999.000,9999.000,9999.000
202604240148,   0.510,9999.000,9999.000,9999.000,9999.000,9999.000,9999.000,9999.000,9999.000
202604240154,   0.526,9999.000,9999.000,9999.000,9999.000,9999.000,9999.000,9999.000,9999.000
202604240200,   0.545,9999.000,   0.700,   0.195,   1.440,   0.600,   1.340,   0.800,   1.540
202604240206,   0.565,9999.000,9999.000,9999.000,9999.000,9999.000,9999.000,9999.000,9999.000
202604240212,   0.589,9999.000,9999.000,9999.000,9999.000,9999.000,9999.000,9999.000,9999.000
202604240218,   0.614,9999.000,9999.000,9999.000,9999.000,9999.000,9999.000,9999.000,9999.000
202604240224,   0.643,9999.000,9999.000,9999.000,9999.000,9999.000,9999.000,9999.000,9999.000
202604240230,   0.673,9999.000,9999.000,9999.000,9999.000,9999.000,9999.000,9999.000,9999.000
202604240236,   0.706,9999.000,9999.000,9999.000,9999.000,9999.000,9999.000,9999.000,9999.000
202604240242,   0.742,9999.000,9999.000,9999.000,9999.000,9999.000,9999.000,9999.000,9999.000
202604240248,   0.779,9999.000,9999.000,9999.000,9999.000,9999.000,9999.000,9999.000,9999.000
202604240254,   0.819,9999.000,9999.000,9999.000,9999.000,9999.000,9999.000,9999.000,9999.000
202604240300,   0.861,9999.000,   0.700,   0.195,   1.756,   0.600,   1.656,   0.800,   1.856
202604240306,   0.905,9999.000,9999.000,9999.000,9999.000,9999.000,9999.000,9999.000,9999.000
202604240312,   0.951,9999.000,9999.000,9999.000,9999.000,9999.000,9999.000,9999.000,9999.000
202604240318,   0.998,9999.000,9999.000,9999.000,9999.000,9999.000,9999.000,9999.000,9999.000
202604240324,   1.048,9999.000,9999.000,9999.000,9999.000,9999.000,9999.000,9999.000,9999.000
202604240330,   1.098,9999.000,9999.000,9999.000,9999.000,9999.000,9999.000,9999.000,9999.000
202604240336,   1.150,9999.000,9999.000,9999.000,9999.000,9999.000,9999.000,9999.000,9999.000
202604240342,   1.203,9999.000,9999.000,9999.000,9999.000,9999.000,9999.000,9999.000,9999.000
202604240348,   1.257,9999.000,9999.000,9999.000,9999.000,9999.000,9999.000,9999.000,9999.000
202604240354,   1.312,9999.000,9999.000,9999.000,9999.000,9999.000,9999.000,9999.000,9999.000
202604240400,   1.368,9999.000,   0.700,   0.195,   2.263,   0.600,   2.163,   0.700,   2.263
202604240406,   1.424,9999.000,9999.000,9999.000,9999.000,9999.000,9999.000,9999.000,9999.000
202604240412,   1.480,9999.000,9999.000,9999.000,9999.000,9999.000,9999.000,9999.000,9999.000
202604240418,   1.536,9999.000,9999.000,9999.000,9999.000,9999.000,9999.000,9999.000,9999.000
202604240424,   1.592,9999.000,9999.000,9999.000,9999.000,9999.000,9999.000,9999.000,9999.000
202604240430,   1.648,9999.000,9999.000,9999.000,9999.000,9999.000,9999.000,9999.000,9999.000
202604240436,   1.703,9999.000,9999.000,9999.000,9999.000,9999.000,9999.000,9999.000,9999.000
202604240442,   1.758,9999.000,9999.000,9999.000,9999.000,9999.000,9999.000,9999.000,9999.000
202604240448,   1.812,9999.000,9999.000,9999.000,9999.000,9999.000,9999.000,9999.000,9999.000
202604240454,   1.865,9999.000,9999.000,9999.000,9999.000,9999.000,9999.000,9999.000,9999.000
202604240500,   1.917,9999.000,   0.700,   0.195,   2.812,   0.600,   2.712,   0.700,   2.812
202604240506,   1.968,9999.000,9999.000,9999.000,9999.000,9999.000,9999.000,9999.000,9999.000
202604240512,   2.018,9999.000,9999.000,9999.000,9999.000,9999.000,9999.000,9999.000,9999.000
202604240518,   2.066,9999.000,9999.000,9999.000,9999.000,9999.000,9999.000,9999.000,9999.000
202604240524,   2.112,9999.000,9999.000,9999.000,9999.000,9999.000,9999.000,9999.000,9999.000
202604240530,   2.157,9999.000,9999.000,9999.000,9999.000,9999.000,9999.000,9999.000,9999.000
202604240536,   2.200,9999.000,9999.000,9999.000,9999.000,9999.000,9999.000,9999.000,9999.000
202604240542,   2.241,9999.000,9999.000,9999.000,9999.000,9999.000,9999.000,9999.000,9999.000
202604240548,   2.280,9999.000,9999.000,9999.000,9999.000,9999.000,9999.000,9999.000,9999.000
202604240554,   2.317,9999.000,9999.000,9999.000,9999.000,9999.000,9999.000,9999.000,9999.000
202604240600,   2.351,9999.000,   0.700,   0.195,   3.246,   0.600,   3.146,   0.700,   3.246
202604240606,   2.384,9999.000,9999.000,9999.000,9999.000,9999.000,9999.000,9999.000,9999.000
202604240612,   2.414,9999.000,9999.000,9999.000,9999.000,9999.000,9999.000,9999.000,9999.000
202604240618,   2.442,9999.000,9999.000,9999.000,9999.000,9999.000,9999.000,9999.000,9999.000
202604240624,   2.468,9999.000,9999.000,9999.000,9999.000,9999.000,9999.000,9999.000,9999.000
202604240630,   2.492,9999.000,9999.000,9999.000,9999.000,9999.000,9999.000,9999.000,9999.000
202604240636,   2.513,9999.000,9999.000,9999.000,9999.000,9999.000,9999.000,9999.000,9999.000
202604240642,   2.531,9999.000,9999.000,9999.000,9999.000,9999.000,9999.000,9999.000,9999.000
202604240648,   2.547,9999.000,9999.000,9999.000,9999.000,9999.000,9999.000,9999.000,9999.000
202604240654,   2.561,9999.000,9999.000,9999.000,9999.000,9999.000,9999.000,9999.000,9999.000
202604240700,   2.572,9999.000,   0.700,   0.195,   3.467,   0.600,   3.367,   0.800,   3.567
202604240706,   2.581,9999.000,9999.000,9999.000,9999.000,9999.000,9999.000,9999.000,9999.000
202604240712,   2.587,9999.000,9999.000,9999.000,9999.000,9999.000,9999.000,9999.000,9999.000
202604240718,   2.591,9999.000,9999.000,9999.000,9999.000,9999.000,9999.000,9999.000,9999.000
202604240724,   2.592,9999.000,9999.000,9999.000,9999.000,9999.000,9999.000,9999.000,9999.000
202604240730,   2.591,9999.000,9999.000,9999.000,9999.000,9999.000,9999.000,9999.000,9999.000
202604240736,   2.587,9999.000,9999.000,9999.000,9999.000,9999.000,9999.000,9999.000,9999.000
202604240742,   2.581,9999.000,9999.000,9999.000,9999.000,9999.000,9999.000,9999.000,9999.000
202604240748,   2.572,9999.000,9999.000,9999.000,9999.000,9999.000,9999.000,9999.000,9999.000
202604240754,   2.561,9999.000,9999.000,9999.000,9999.000,9999.000,9999.000,9999.000,9999.000
202604240800,   2.547,9999.000,   0.700,   0.195,   3.442,   0.600,   3.342,   0.800,   3.542
202604240806,   2.531,9999.000,9999.000,9999.000,9999.000,9999.000,9999.000,9999.000,9999.000
202604240812,   2.513,9999.000,9999.000,9999.000,9999.000,9999.000,9999.000,9999.000,9999.000
202604240818,   2.493,9999.000,9999.000,9999.000,9999.000,9999.000,9999.000,9999.000,9999.000
202604240824,   2.470,9999.000,9999.000,9999.000,9999.000,9999.000,9999.000,9999.000,9999.000
202604240830,   2.445,9999.000,9999.000,9999.000,9999.000,9999.000,9999.000,9999.000,9999.000
202604240836,   2.418,9999.000,9999.000,9999.000,9999.000,9999.000,9999.000,9999.000,9999.000
202604240842,   2.389,9999.000,9999.000,9999.000,9999.000,9999.000,9999.000,9999.000,9999.000
202604240848,   2.358,9999.000,9999.000,9999.000,9999.000,9999.000,9999.000,9999.000,9999.000
202604240854,   2.325,9999.000,9999.000,9999.000,9999.000,9999.000,9999.000,9999.000,9999.000
202604240900,   2.290,9999.000,   0.700,   0.195,   3.185,   0.600,   3.085,   0.800,   3.285
202604240906,   2.254,9999.000,9999.000,9999.000,9999.000,9999.000,9999.000,9999.000,9999.000
202604240912,   2.216,9999.000,9999.000,9999.000,9999.000,9999.000,9999.000,9999.000,9999.000
202604240918,   2.177,9999.000,9999.000,9999.000,9999.000,9999.000,9999.000,9999.000,9999.000
202604240924,   2.136,9999.000,9999.000,9999.000,9999.000,9999.000,9999.000,9999.000,9999.000
202604240930,   2.094,9999.000,9999.000,9999.000,9999.000,9999.000,9999.000,9999.000,9999.000
202604240936,   2.050,9999.000,9999.000,9999.000,9999.000,9999.000,9999.000,9999.000,9999.000
202604240942,   2.006,9999.000,9999.000,9999.000,9999.000,9999.000,9999.000,9999.000,9999.000
202604240948,   1.961,9999.000,9999.000,9999.000,9999.000,9999.000,9999.000,9999.000,9999.000
202604240954,   1.915,9999.000,9999.000,9999.000,9999.000,9999.000,9999.000,9999.000,9999.000
202604241000,   1.868,9999.000,   0.700,   0.195,   2.763,   0.600,   2.663,   0.800,   2.863
202604241006,   1.820,9999.000,9999.000,9999.000,9999.000,9999.000,9999.000,9999.000,9999.000
202604241012,   1.772,9999.000,9999.000,9999.000,9999.000,9999.000,9999.000,9999.000,9999.000
202604241018,   1.724,9999.000,9999.000,9999.000,9999.000,9999.000,9999.000,9999.000,9999.000
202604241024,   1.676,9999.000,9999.000,9999.000,9999.000,9999.000,9999.000,9999.000,9999.000
202604241030,   1.627,9999.000,9999.000,9999.000,9999.000,9999.000,9999.000,9999.000,9999.000
202604241036,   1.578,9999.000,9999.000,9999.000,9999.000,9999.000,9999.000,9999.000,9999.000
202604241042,   1.529,9999.000,9999.000,9999.000,9999.000,9999.000,9999.000,9999.000,9999.000
202604241048,   1.480,9999.000,9999.000,9999.000,9999.000,9999.000,9999.000,9999.000,9999.000
202604241054,   1.432,9999.000,9999.000,9999.000,9999.000,9999.000,9999.000,9999.000,9999.000
202604241100,   1.384,9999.000,   0.700,   0.195,   2.279,   0.600,   2.179,   0.800,   2.379
202604241106,   1.336,9999.000,9999.000,9999.000,9999.000,9999.000,9999.000,9999.000,9999.000
202604241112,   1.288,9999.000,9999.000,9999.000,9999.000,9999.000,9999.000,9999.000,9999.000
202604241118,   1.241,9999.000,9999.000,9999.000,9999.000,9999.000,9999.000,9999.000,9999.000
202604241124,   1.195,9999.000,9999.000,9999.000,9999.000,9999.000,9999.000,9999.000,9999.000
202604241130,   1.149,9999.000,9999.000,9999.000,9999.000,9999.000,9999.000,9999.000,9999.000
202604241136,   1.103,9999.000,9999.000,9999.000,9999.000,9999.000,9999.000,9999.000,9999.000
202604241142,   1.059,9999.000,9999.000,9999.000,9999.000,9999.000,9999.000,9999.000,9999.000
202604241148,   1.015,9999.000,9999.000,9999.000,9999.000,9999.000,9999.000,9999.000,9999.000
202604241154,   0.972,9999.000,9999.000,9999.000,9999.000,9999.000,9999.000,9999.000,9999.000
202604241200,   0.930,9999.000,   0.800,   0.195,   1.925,   0.600,   1.725,   0.900,   2.025
202604241206,   0.889,9999.000,9999.000,9999.000,9999.000,9999.000,9999.000,9999.000,9999.000
202604241212,   0.848,9999.000,9999.000,9999.000,9999.000,9999.000,9999.000,9999.000,9999.000
202604241218,   0.809,9999.000,9999.000,9999.000,9999.000,9999.000,9999.000,9999.000,9999.000
202604241224,   0.771,9999.000,9999.000,9999.000,9999.000,9999.000,9999.000,9999.000,9999.000
202604241230,   0.734,9999.000,9999.000,9999.000,9999.000,9999.000,9999.000,9999.000,9999.000
202604241236,   0.698,9999.000,9999.000,9999.000,9999.000,9999.000,9999.000,9999.000,9999.000
202604241242,   0.664,9999.000,9999.000,9999.000,9999.000,9999.000,9999.000,9999.000,9999.000
202604241248,   0.631,9999.000,9999.000,9999.000,9999.000,9999.000,9999.000,9999.000,9999.000
202604241254,   0.599,9999.000,9999.000,9999.000,9999.000,9999.000,9999.000,9999.000,9999.000
202604241300,   0.569,9999.000,   0.800,   0.195,   1.564,   0.600,   1.364,   0.900,   1.664
202604241306,   0.541,9999.000,9999.000,9999.000,9999.000,9999.000,9999.000,9999.000,9999.000
202604241312,   0.514,9999.000,9999.000,9999.000,9999.000,9999.000,9999.000,9999.000,9999.000
202604241318,   0.489,9999.000,9999.000,9999.000,9999.000,9999.000,9999.000,9999.000,9999.000
202604241324,   0.466,9999.000,9999.000,9999.000,9999.000,9999.000,9999.000,9999.000,9999.000
202604241330,   0.445,9999.000,9999.000,9999.000,9999.000,9999.000,9999.000,9999.000,9999.000
202604241336,   0.426,9999.000,9999.000,9999.000,9999.000,9999.000,9999.000,9999.000,9999.000
202604241342,   0.409,9999.000,9999.000,9999.000,9999.000,9999.000,9999.000,9999.000,9999.000
202604241348,   0.394,9999.000,9999.000,9999.000,9999.000,9999.000,9999.000,9999.000,9999.000
202604241354,   0.382,9999.000,9999.000,9999.000,9999.000,9999.000,9999.000,9999.000,9999.000
202604241400,   0.372,9999.000,   0.800,   0.195,   1.367,   0.600,   1.167,   0.900,   1.467
202604241406,   0.365,9999.000,9999.000,9999.000,9999.000,9999.000,9999.000,9999.000,9999.000
202604241412,   0.360,9999.000,9999.000,9999.000,9999.000,9999.000,9999.000,9999.000,9999.000
202604241418,   0.358,9999.000,9999.000,9999.000,9999.000,9999.000,9999.000,9999.000,9999.000
202604241424,   0.359,9999.000,9999.000,9999.000,9999.000,9999.000,9999.000,9999.000,9999.000
202604241430,   0.362,9999.000,9999.000,9999.000,9999.000,9999.000,9999.000,9999.000,9999.000
202604241436,   0.368,9999.000,9999.000,9999.000,9999.000,9999.000,9999.000,9999.000,9999.000
202604241442,   0.377,9999.000,9999.000,9999.000,9999.000,9999.000,9999.000,9999.000,9999.000
202604241448,   0.388,9999.000,9999.000,9999.000,9999.000,9999.000,9999.000,9999.000,9999.000
202604241454,   0.403,9999.000,9999.000,9999.000,9999.000,9999.000,9999.000,9999.000,9999.000
202604241500,   0.420,9999.000,   0.800,   0.195,   1.415,   0.600,   1.215,   1.000,   1.615
202604241506,   0.440,9999.000,9999.000,9999.000,9999.000,9999.000,9999.000,9999.000,9999.000
202604241512,   0.463,9999.000,9999.000,9999.000,9999.000,9999.000,9999.000,9999.000,9999.000
202604241518,   0.488,9999.000,9999.000,9999.000,9999.000,9999.000,9999.000,9999.000,9999.000
202604241524,   0.516,9999.000,9999.000,9999.000,9999.000,9999.000,9999.000,9999.000,9999.000
202604241530,   0.547,9999.000,9999.000,9999.000,9999.000,9999.000,9999.000,9999.000,9999.000
202604241536,   0.579,9999.000,9999.000,9999.000,9999.000,9999.000,9999.000,9999.000,9999.000
202604241542,   0.615,9999.000,9999.000,9999.000,9999.000,9999.000,9999.000,9999.000,9999.000
202604241548,   0.652,9999.000,9999.000,9999.000,9999.000,9999.000,9999.000,9999.000,9999.000
202604241554,   0.691,9999.000,9999.000,9999.000,9999.000,9999.000,9999.000,9999.000,9999.000
202604241600,   0.732,9999.000,   0.800,   0.195,   1.727,   0.600,   1.527,   0.900,   1.827
202604241606,   0.775,9999.000,9999.000,9999.000,9999.000,9999.000,9999.000,9999.000,9999.000
202604241612,   0.820,9999.000,9999.000,9999.000,9999.000,9999.000,9999.000,9999.000,9999.000
202604241618,   0.866,9999.000,9999.000,9999.000,9999.000,9999.000,9999.000,9999.000,9999.000
202604241624,   0.913,9999.000,9999.000,9999.000,9999.000,9999.000,9999.000,9999.000,9999.000
202604241630,   0.961,9999.000,9999.000,9999.000,9999.000,9999.000,9999.000,9999.000,9999.000
202604241636,   1.010,9999.000,9999.000,9999.000,9999.000,9999.000,9999.000,9999.000,9999.000
202604241642,   1.059,9999.000,9999.000,9999.000,9999.000,9999.000,9999.000,9999.000,9999.000
202604241648,   1.110,9999.000,9999.000,9999.000,9999.000,9999.000,9999.000,9999.000,9999.000
202604241654,   1.160,9999.000,9999.000,9999.000,9999.000,9999.000,9999.000,9999.000,9999.000
202604241700,   1.211,9999.000,   0.800,   0.195,   2.206,   0.700,   2.106,   1.000,   2.406
202604241706,   1.262,9999.000,9999.000,9999.000,9999.000,9999.000,9999.000,9999.000,9999.000
202604241712,   1.312,9999.000,9999.000,9999.000,9999.000,9999.000,9999.000,9999.000,9999.000
202604241718,   1.362,9999.000,9999.000,9999.000,9999.000,9999.000,9999.000,9999.000,9999.000
202604241724,   1.412,9999.000,9999.000,9999.000,9999.000,9999.000,9999.000,9999.000,9999.000
202604241730,   1.461,9999.000,9999.000,9999.000,9999.000,9999.000,9999.000,9999.000,9999.000
202604241736,   1.509,9999.000,9999.000,9999.000,9999.000,9999.000,9999.000,9999.000,9999.000
202604241742,   1.557,9999.000,9999.000,9999.000,9999.000,9999.000,9999.000,9999.000,9999.000
202604241748,   1.603,9999.000,9999.000,9999.000,9999.000,9999.000,9999.000,9999.000,9999.000
202604241754,   1.648,9999.000,9999.000,9999.000,9999.000,9999.000,9999.000,9999.000,9999.000
202604241800,   1.692,9999.000,   0.900,   0.195,   2.787,   0.700,   2.587,   1.000,   2.887
202604241806,   1.734,9999.000,9999.000,9999.000,9999.000,9999.000,9999.000,9999.000,9999.000
202604241812,   1.775,9999.000,9999.000,9999.000,9999.000,9999.000,9999.000,9999.000,9999.000
202604241818,   1.815,9999.000,9999.000,9999.000,9999.000,9999.000,9999.000,9999.000,9999.000
202604241824,   1.852,9999.000,9999.000,9999.000,9999.000,9999.000,9999.000,9999.000,9999.000
202604241830,   1.888,9999.000,9999.000,9999.000,9999.000,9999.000,9999.000,9999.000,9999.000
202604241836,   1.922,9999.000,9999.000,9999.000,9999.000,9999.000,9999.000,9999.000,9999.000
202604241842,   1.955,9999.000,9999.000,9999.000,9999.000,9999.000,9999.000,9999.000,9999.000
202604241848,   1.985,9999.000,9999.000,9999.000,9999.000,9999.000,9999.000,9999.000,9999.000
202604241854,   2.013,9999.000,9999.000,9999.000,9999.000,9999.000,9999.000,9999.000,9999.000
202604241900,   2.039,9999.000,   0.900,   0.195,   3.134,   0.700,   2.934,   1.000,   3.234
202604241906,   2.064,9999.000,9999.000,9999.000,9999.000,9999.000,9999.000,9999.000,9999.000
202604241912,   2.086,9999.000,9999.000,9999.000,9999.000,9999.000,9999.000,9999.000,9999.000
202604241918,   2.106,9999.000,9999.000,9999.000,9999.000,9999.000,9999.000,9999.000,9999.000
202604241924,   2.123,9999.000,9999.000,9999.000,9999.000,9999.000,9999.000,9999.000,9999.000
202604241930,   2.139,9999.000,9999.000,9999.000,9999.000,9999.000,9999.000,9999.000,9999.000
202604241936,   2.152,9999.000,9999.000,9999.000,9999.000,9999.000,9999.000,9999.000,9999.000
202604241942,   2.163,9999.000,9999.000,9999.000,9999.000,9999.000,9999.000,9999.000,9999.000
202604241948,   2.172,9999.000,9999.000,9999.000,9999.000,9999.000,9999.000,9999.000,9999.000
202604241954,   2.178,9999.000,9999.000,9999.000,9999.000,9999.000,9999.000,9999.000,9999.000
202604242000,   2.182,9999.000,   0.900,   0.195,   3.277,   0.800,   3.177,   1.100,   3.477
202604242006,   2.184,9999.000,9999.000,9999.000,9999.000,9999.000,9999.000,9999.000,9999.000
202604242012,   2.183,9999.000,9999.000,9999.000,9999.000,9999.000,9999.000,9999.000,9999.000
202604242018,   2.181,9999.000,9999.000,9999.000,9999.000,9999.000,9999.000,9999.000,9999.000
202604242024,   2.175,9999.000,9999.000,9999.000,9999.000,9999.000,9999.000,9999.000,9999.000
202604242030,   2.168,9999.000,9999.000,9999.000,9999.000,9999.000,9999.000,9999.000,9999.000
202604242036,   2.158,9999.000,9999.000,9999.000,9999.000,9999.000,9999.000,9999.000,9999.000
202604242042,   2.147,9999.000,9999.000,9999.000,9999.000,9999.000,9999.000,9999.000,9999.000
202604242048,   2.133,9999.000,9999.000,9999.000,9999.000,9999.000,9999.000,9999.000,9999.000
202604242054,   2.117,9999.000,9999.000,9999.000,9999.000,9999.000,9999.000,9999.000,9999.000
202604242100,   2.099,9999.000,   0.900,   0.195,   3.194,   0.800,   3.094,   1.100,   3.394
202604242106,   2.078,9999.000,9999.000,9999.000,9999.000,9999.000,9999.000,9999.000,9999.000
202604242112,   2.056,9999.000,9999.000,9999.000,9999.000,9999.000,9999.000,9999.000,9999.000
202604242118,   2.032,9999.000,9999.000,9999.000,9999.000,9999.000,9999.000,9999.000,9999.000
202604242124,   2.007,9999.000,9999.000,9999.000,9999.000,9999.000,9999.000,9999.000,9999.000
202604242130,   1.979,9999.000,9999.000,9999.000,9999.000,9999.000,9999.000,9999.000,9999.000
202604242136,   1.950,9999.000,9999.000,9999.000,9999.000,9999.000,9999.000,9999.000,9999.000
202604242142,   1.920,9999.000,9999.000,9999.000,9999.000,9999.000,9999.000,9999.000,9999.000
202604242148,   1.888,9999.000,9999.000,9999.000,9999.000,9999.000,9999.000,9999.000,9999.000
202604242154,   1.855,9999.000,9999.000,9999.000,9999.000,9999.000,9999.000,9999.000,9999.000
202604242200,   1.820,9999.000,   1.000,   0.195,   3.015,   0.800,   2.815,   1.100,   3.115
202604242206,   1.785,9999.000,9999.000,9999.000,9999.000,9999.000,9999.000,9999.000,9999.000
202604242212,   1.748,9999.000,9999.000,9999.000,9999.000,9999.000,9999.000,9999.000,9999.000
202604242218,   1.711,9999.000,9999.000,9999.000,9999.000,9999.000,9999.000,9999.000,9999.000
202604242224,   1.673,9999.000,9999.000,9999.000,9999.000,9999.000,9999.000,9999.000,9999.000
202604242230,   1.634,9999.000,9999.000,9999.000,9999.000,9999.000,9999.000,9999.000,9999.000
202604242236,   1.595,9999.000,9999.000,9999.000,9999.000,9999.000,9999.000,9999.000,9999.000
202604242242,   1.555,9999.000,9999.000,9999.000,9999.000,9999.000,9999.000,9999.000,9999.000
202604242248,   1.515,9999.000,9999.000,9999.000,9999.000,9999.000,9999.000,9999.000,9999.000
202604242254,   1.475,9999.000,9999.000,9999.000,9999.000,9999.000,9999.000,9999.000,9999.000
202604242300,   1.435,9999.000,   1.000,   0.195,   2.630,   0.800,   2.430,   1.200,   2.830
202604242306,   1.394,9999.000,9999.000,9999.000,9999.000,9999.000,9999.000,9999.000,9999.000
202604242312,   1.354,9999.000,9999.000,9999.000,9999.000,9999.000,9999.000,9999.000,9999.000
202604242318,   1.314,9999.000,9999.000,9999.000,9999.000,9999.000,9999.000,9999.000,9999.000
202604242324,   1.274,9999.000,9999.000,9999.000,9999.000,9999.000,9999.000,9999.000,9999.000
202604242330,   1.235,9999.000,9999.000,9999.000,9999.000,9999.000,9999.000,9999.000,9999.000
202604242336,   1.195,9999.000,9999.000,9999.000,9999.000,9999.000,9999.000,9999.000,9999.000
202604242342,   1.157,9999.000,9999.000,9999.000,9999.000,9999.000,9999.000,9999.000,9999.000
202604242348,   1.118,9999.000,9999.000,9999.000,9999.000,9999.000,9999.000,9999.000,9999.000
202604242354,   1.081,9999.000,9999.000,9999.000,9999.000,9999.000,9999.000,9999.000,9999.000
202604250000,   1.044,9999.000,   1.000,   0.195,   2.239,   0.800,   2.039,   1.200,   2.439
202604250006,   1.007,9999.000,9999.000,9999.000,9999.000,9999.000,9999.000,9999.000,9999.000
202604250012,   0.972,9999.000,9999.000,9999.000,9999.000,9999.000,9999.000,9999.000,9999.000
202604250018,   0.937,9999.000,9999.000,9999.000,9999.000,9999.000,9999.000,9999.000,9999.000
202604250024,   0.903,9999.000,9999.000,9999.000,9999.000,9999.000,9999.000,9999.000,9999.000
202604250030,   0.870,9999.000,9999.000,9999.000,9999.000,9999.000,9999.000,9999.000,9999.000
202604250036,   0.837,9999.000,9999.000,9999.000,9999.000,9999.000,9999.000,9999.000,9999.000
202604250042,   0.806,9999.000,9999.000,9999.000,9999.000,9999.000,9999.000,9999.000,9999.000
202604250048,   0.776,9999.000,9999.000,9999.000,9999.000,9999.000,9999.000,9999.000,9999.000
202604250054,   0.747,9999.000,9999.000,9999.000,9999.000,9999.000,9999.000,9999.000,9999.000
202604250100,   0.719,9999.000,   1.000,   0.195,   1.914,   0.800,   1.714,   1.200,   2.114
202604250106,   0.692,9999.000,9999.000,9999.000,9999.000,9999.000,9999.000,9999.000,9999.000
202604250112,   0.667,9999.000,9999.000,9999.000,9999.000,9999.000,9999.000,9999.000,9999.000
202604250118,   0.643,9999.000,9999.000,9999.000,9999.000,9999.000,9999.000,9999.000,9999.000
202604250124,   0.620,9999.000,9999.000,9999.000,9999.000,9999.000,9999.000,9999.000,9999.000
202604250130,   0.599,9999.000,9999.000,9999.000,9999.000,9999.000,9999.000,9999.000,9999.000
202604250136,   0.580,9999.000,9999.000,9999.000,9999.000,9999.000,9999.000,9999.000,9999.000
202604250142,   0.562,9999.000,9999.000,9999.000,9999.000,9999.000,9999.000,9999.000,9999.000
202604250148,   0.546,9999.000,9999.000,9999.000,9999.000,9999.000,9999.000,9999.000,9999.000
202604250154,   0.531,9999.000,9999.000,9999.000,9999.000,9999.000,9999.000,9999.000,9999.000
202604250200,   0.519,9999.000,   1.000,   0.195,   1.714,   0.800,   1.514,   1.200,   1.914
202604250206,   0.509,9999.000,9999.000,9999.000,9999.000,9999.000,9999.000,9999.000,9999.000
202604250212,   0.501,9999.000,9999.000,9999.000,9999.000,9999.000,9999.000,9999.000,9999.000
202604250218,   0.495,9999.000,9999.000,9999.000,9999.000,9999.000,9999.000,9999.000,9999.000
202604250224,   0.491,9999.000,9999.000,9999.000,9999.000,9999.000,9999.000,9999.000,9999.000
202604250230,   0.489,9999.000,9999.000,9999.000,9999.000,9999.000,9999.000,9999.000,9999.000
202604250236,   0.490,9999.000,9999.000,9999.000,9999.000,9999.000,9999.000,9999.000,9999.000
202604250242,   0.494,9999.000,9999.000,9999.000,9999.000,9999.000,9999.000,9999.000,9999.000
202604250248,   0.500,9999.000,9999.000,9999.000,9999.000,9999.000,9999.000,9999.000,9999.000
202604250254,   0.508,9999.000,9999.000,9999.000,9999.000,9999.000,9999.000,9999.000,9999.000
202604250300,   0.519,9999.000,   1.000,   0.195,   1.714,   0.800,   1.514,   1.200,   1.914
202604250306,   0.533,9999.000,9999.000,9999.000,9999.000,9999.000,9999.000,9999.000,9999.000
202604250312,   0.549,9999.000,9999.000,9999.000,9999.000,9999.000,9999.000,9999.000,9999.000
202604250318,   0.568,9999.000,9999.000,9999.000,9999.000,9999.000,9999.000,9999.000,9999.000
202604250324,   0.589,9999.000,9999.000,9999.000,9999.000,9999.000,9999.000,9999.000,9999.000
202604250330,   0.613,9999.000,9999.000,9999.000,9999.000,9999.000,9999.000,9999.000,9999.000
202604250336,   0.640,9999.000,9999.000,9999.000,9999.000,9999.000,9999.000,9999.000,9999.000
202604250342,   0.669,9999.000,9999.000,9999.000,9999.000,9999.000,9999.000,9999.000,9999.000
202604250348,   0.700,9999.000,9999.000,9999.000,9999.000,9999.000,9999.000,9999.000,9999.000
202604250354,   0.734,9999.000,9999.000,9999.000,9999.000,9999.000,9999.000,9999.000,9999.000
202604250400,   0.770,9999.000,   1.000,   0.195,   1.965,   0.800,   1.765,   1.200,   2.165
202604250406,   0.808,9999.000,9999.000,9999.000,9999.000,9999.000,9999.000,9999.000,9999.000
202604250412,   0.848,9999.000,9999.000,9999.000,9999.000,9999.000,9999.000,9999.000,9999.000
202604250418,   0.889,9999.000,9999.000,9999.000,9999.000,9999.000,9999.000,9999.000,9999.000
202604250424,   0.933,9999.000,9999.000,9999.000,9999.000,9999.000,9999.000,9999.000,9999.000
202604250430,   0.978,9999.000,9999.000,9999.000,9999.000,9999.000,9999.000,9999.000,9999.000
202604250436,   1.025,9999.000,9999.000,9999.000,9999.000,9999.000,9999.000,9999.000,9999.000
202604250442,   1.073,9999.000,9999.000,9999.000,9999.000,9999.000,9999.000,9999.000,9999.000
202604250448,   1.122,9999.000,9999.000,9999.000,9999.000,9999.000,9999.000,9999.000,9999.000
202604250454,   1.172,9999.000,9999.000,9999.000,9999.000,9999.000,9999.000,9999.000,9999.000
202604250500,   1.223,9999.000,   1.000,   0.195,   2.418,   0.800,   2.218,   1.200,   2.618
202604250506,   1.275,9999.000,9999.000,9999.000,9999.000,9999.000,9999.000,9999.000,9999.000
202604250512,   1.327,9999.000,9999.000,9999.000,9999.000,9999.000,9999.000,9999.000,9999.000
202604250518,   1.379,9999.000,9999.000,9999.000,9999.000,9999.000,9999.000,9999.000,9999.000
202604250524,   1.431,9999.000,9999.000,9999.000,9999.000,9999.000,9999.000,9999.000,9999.000
202604250530,   1.484,9999.000,9999.000,9999.000,9999.000,9999.000,9999.000,9999.000,9999.000
202604250536,   1.536,9999.000,9999.000,9999.000,9999.000,9999.000,9999.000,9999.000,9999.000
202604250542,   1.588,9999.000,9999.000,9999.000,9999.000,9999.000,9999.000,9999.000,9999.000
202604250548,   1.639,9999.000,9999.000,9999.000,9999.000,9999.000,9999.000,9999.000,9999.000
202604250554,   1.690,9999.000,9999.000,9999.000,9999.000,9999.000,9999.000,9999.000,9999.000
202604250600,   1.740,9999.000,   1.000,   0.195,   2.935,   0.800,   2.735,   1.200,   3.135
202604250606,   1.789,9999.000,9999.000,9999.000,9999.000,9999.000,9999.000,9999.000,9999.000
202604250612,   1.837,9999.000,9999.000,9999.000,9999.000,9999.000,9999.000,9999.000,9999.000
202604250618,   1.884,9999.000,9999.000,9999.000,9999.000,9999.000,9999.000,9999.000,9999.000
202604250624,   1.929,9999.000,9999.000,9999.000,9999.000,9999.000,9999.000,9999.000,9999.000
202604250630,   1.974,9999.000,9999.000,9999.000,9999.000,9999.000,9999.000,9999.000,9999.000
202604250636,   2.017,9999.000,9999.000,9999.000,9999.000,9999.000,9999.000,9999.000,9999.000
202604250642,   2.058,9999.000,9999.000,9999.000,9999.000,9999.000,9999.000,9999.000,9999.000
202604250648,   2.098,9999.000,9999.000,9999.000,9999.000,9999.000,9999.000,9999.000,9999.000
202604250654,   2.136,9999.000,9999.000,9999.000,9999.000,9999.000,9999.000,9999.000,9999.000
202604250700,   2.173,9999.000,   1.000,   0.195,   3.368,   0.700,   3.068,   1.300,   3.668
202604250706,   2.208,9999.000,9999.000,9999.000,9999.000,9999.000,9999.000,9999.000,9999.000
202604250712,   2.241,9999.000,9999.000,9999.000,9999.000,9999.000,9999.000,9999.000,9999.000
202604250718,   2.271,9999.000,9999.000,9999.000,9999.000,9999.000,9999.000,9999.000,9999.000
202604250724,   2.300,9999.000,9999.000,9999.000,9999.000,9999.000,9999.000,9999.000,9999.000
202604250730,   2.327,9999.000,9999.000,9999.000,9999.000,9999.000,9999.000,9999.000,9999.000
202604250736,   2.352,9999.000,9999.000,9999.000,9999.000,9999.000,9999.000,9999.000,9999.000
202604250742,   2.375,9999.000,9999.000,9999.000,9999.000,9999.000,9999.000,9999.000,9999.000
202604250748,   2.396,9999.000,9999.000,9999.000,9999.000,9999.000,9999.000,9999.000,9999.000
202604250754,   2.414,9999.000,9999.000,9999.000,9999.000,9999.000,9999.000,9999.000,9999.000
202604250800,   2.430,9999.000,   1.000,   0.195,   3.625,   0.700,   3.325,   1.300,   3.925
202604250806,   2.444,9999.000,9999.000,9999.000,9999.000,9999.000,9999.000,9999.000,9999.000
202604250812,   2.456,9999.000,9999.000,9999.000,9999.000,9999.000,9999.000,9999.000,9999.000
202604250818,   2.465,9999.000,9999.000,9999.000,9999.000,9999.000,9999.000,9999.000,9999.000
202604250824,   2.472,9999.000,9999.000,9999.000,9999.000,9999.000,9999.000,9999.000,9999.000
202604250830,   2.477,9999.000,9999.000,9999.000,9999.000,9999.000,9999.000,9999.000,9999.000
202604250836,   2.479,9999.000,9999.000,9999.000,9999.000,9999.000,9999.000,9999.000,9999.000
202604250842,   2.479,9999.000,9999.000,9999.000,9999.000,9999.000,9999.000,9999.000,9999.000
202604250848,   2.476,9999.000,9999.000,9999.000,9999.000,9999.000,9999.000,9999.000,9999.000
202604250854,   2.471,9999.000,9999.000,9999.000,9999.000,9999.000,9999.000,9999.000,9999.000
202604250900,   2.464,9999.000,   1.000,   0.195,   3.659,   0.800,   3.459,   1.200,   3.859
202604250906,   2.455,9999.000,9999.000,9999.000,9999.000,9999.000,9999.000,9999.000,9999.000
202604250912,   2.443,9999.000,9999.000,9999.000,9999.000,9999.000,9999.000,9999.000,9999.000
202604250918,   2.428,9999.000,9999.000,9999.000,9999.000,9999.000,9999.000,9999.000,9999.000
202604250924,   2.412,9999.000,9999.000,9999.000,9999.000,9999.000,9999.000,9999.000,9999.000
202604250930,   2.393,9999.000,9999.000,9999.000,9999.000,9999.000,9999.000,9999.000,9999.000
202604250936,   2.372,9999.000,9999.000,9999.000,9999.000,9999.000,9999.000,9999.000,9999.000
202604250942,   2.349,9999.000,9999.000,9999.000,9999.000,9999.000,9999.000,9999.000,9999.000
202604250948,   2.323,9999.000,9999.000,9999.000,9999.000,9999.000,9999.000,9999.000,9999.000
202604250954,   2.296,9999.000,9999.000,9999.000,9999.000,9999.000,9999.000,9999.000,9999.000
202604251000,   2.267,9999.000,   1.000,   0.195,   3.462,   0.800,   3.262,   1.300,   3.762
202604251006,   2.235,9999.000,9999.000,9999.000,9999.000,9999.000,9999.000,9999.000,9999.000
202604251012,   2.203,9999.000,9999.000,9999.000,9999.000,9999.000,9999.000,9999.000,9999.000
202604251018,   2.168,9999.000,9999.000,9999.000,9999.000,9999.000,9999.000,9999.000,9999.000
202604251024,   2.132,9999.000,9999.000,9999.000,9999.000,9999.000,9999.000,9999.000,9999.000
202604251030,   2.094,9999.000,9999.000,9999.000,9999.000,9999.000,9999.000,9999.000,9999.000
202604251036,   2.055,9999.000,9999.000,9999.000,9999.000,9999.000,9999.000,9999.000,9999.000
202604251042,   2.014,9999.000,9999.000,9999.000,9999.000,9999.000,9999.000,9999.000,9999.000
202604251048,   1.973,9999.000,9999.000,9999.000,9999.000,9999.000,9999.000,9999.000,9999.000
202604251054,   1.930,9999.000,9999.000,9999.000,9999.000,9999.000,9999.000,9999.000,9999.000
202604251100,   1.886,9999.000,   1.000,   0.195,   3.081,   0.800,   2.881,   1.300,   3.381
202604251106,   1.842,9999.000,9999.000,9999.000,9999.000,9999.000,9999.000,9999.000,9999.000
202604251112,   1.797,9999.000,9999.000,9999.000,9999.000,9999.000,9999.000,9999.000,9999.000
202604251118,   1.751,9999.000,9999.000,9999.000,9999.000,9999.000,9999.000,9999.000,9999.000
202604251124,   1.704,9999.000,9999.000,9999.000,9999.000,9999.000,9999.000,9999.000,9999.000
202604251130,   1.657,9999.000,9999.000,9999.000,9999.000,9999.000,9999.000,9999.000,9999.000
202604251136,   1.610,9999.000,9999.000,9999.000,9999.000,9999.000,9999.000,9999.000,9999.000
202604251142,   1.562,9999.000,9999.000,9999.000,9999.000,9999.000,9999.000,9999.000,9999.000
202604251148,   1.514,9999.000,9999.000,9999.000,9999.000,9999.000,9999.000,9999.000,9999.000
202604251154,   1.466,9999.000,9999.000,9999.000,9999.000,9999.000,9999.000,9999.000,9999.000
202604251200,   1.418,9999.000,   1.000,   0.195,   2.613,   0.800,   2.413,   1.300,   2.913
202604251206,   1.370,9999.000,9999.000,9999.000,9999.000,9999.000,9999.000,9999.000,9999.000
202604251212,   1.322,9999.000,9999.000,9999.000,9999.000,9999.000,9999.000,9999.000,9999.000
202604251218,   1.274,9999.000,9999.000,9999.000,9999.000,9999.000,9999.000,9999.000,9999.000
202604251224,   1.227,9999.000,9999.000,9999.000,9999.000,9999.000,9999.000,9999.000,9999.000
202604251230,   1.179,9999.000,9999.000,9999.000,9999.000,9999.000,9999.000,9999.000,9999.000
202604251236,   1.133,9999.000,9999.000,9999.000,9999.000,9999.000,9999.000,9999.000,9999.000
202604251242,   1.087,9999.000,9999.000,9999.000,9999.000,9999.000,9999.000,9999.000,9999.000
202604251248,   1.041,9999.000,9999.000,9999.000,9999.000,9999.000,9999.000,9999.000,9999.000
202604251254,   0.996,9999.000,9999.000,9999.000,9999.000,9999.000,9999.000,9999.000,9999.000
202604251300,   0.951,9999.000,   1.000,   0.195,   2.146,   0.800,   1.946,   1.400,   2.546
202604251306,   0.908,9999.000,9999.000,9999.000,9999.000,9999.000,9999.000,9999.000,9999.000
202604251312,   0.865,9999.000,9999.000,9999.000,9999.000,9999.000,9999.000,9999.000,9999.000
202604251318,   0.823,9999.000,9999.000,9999.000,9999.000,9999.000,9999.000,9999.000,9999.000
202604251324,   0.782,9999.000,9999.000,9999.000,9999.000,9999.000,9999.000,9999.000,9999.000
202604251330,   0.742,9999.000,9999.000,9999.000,9999.000,9999.000,9999.000,9999.000,9999.000
202604251336,   0.704,9999.000,9999.000,9999.000,9999.000,9999.000,9999.000,9999.000,9999.000
202604251342,   0.666,9999.000,9999.000,9999.000,9999.000,9999.000,9999.000,9999.000,9999.000
202604251348,   0.630,9999.000,9999.000,9999.000,9999.000,9999.000,9999.000,9999.000,9999.000
202604251354,   0.596,9999.000,9999.000,9999.000,9999.000,9999.000,9999.000,9999.000,9999.000
202604251400,   0.563,9999.000,   1.000,   0.195,   1.758,   0.800,   1.558,   1.400,   2.158
202604251406,   0.532,9999.000,9999.000,9999.000,9999.000,9999.000,9999.000,9999.000,9999.000
202604251412,   0.502,9999.000,9999.000,9999.000,9999.000,9999.000,9999.000,9999.000,9999.000
202604251418,   0.475,9999.000,9999.000,9999.000,9999.000,9999.000,9999.000,9999.000,9999.000
202604251424,   0.449,9999.000,9999.000,9999.000,9999.000,9999.000,9999.000,9999.000,9999.000
202604251430,   0.425,9999.000,9999.000,9999.000,9999.000,9999.000,9999.000,9999.000,9999.000
202604251436,   0.404,9999.000,9999.000,9999.000,9999.000,9999.000,9999.000,9999.000,9999.000
202604251442,   0.385,9999.000,9999.000,9999.000,9999.000,9999.000,9999.000,9999.000,9999.000
202604251448,   0.369,9999.000,9999.000,9999.000,9999.000,9999.000,9999.000,9999.000,9999.000
202604251454,   0.355,9999.000,9999.000,9999.000,9999.000,9999.000,9999.000,9999.000,9999.000
202604251500,   0.343,9999.000,   1.000,   0.195,   1.538,   0.800,   1.338,   1.400,   1.938
202604251506,   0.334,9999.000,9999.000,9999.000,9999.000,9999.000,9999.000,9999.000,9999.000
202604251512,   0.328,9999.000,9999.000,9999.000,9999.000,9999.000,9999.000,9999.000,9999.000
202604251518,   0.325,9999.000,9999.000,9999.000,9999.000,9999.000,9999.000,9999.000,9999.000
202604251524,   0.325,9999.000,9999.000,9999.000,9999.000,9999.000,9999.000,9999.000,9999.000
202604251530,   0.327,9999.000,9999.000,9999.000,9999.000,9999.000,9999.000,9999.000,9999.000
202604251536,   0.333,9999.000,9999.000,9999.000,9999.000,9999.000,9999.000,9999.000,9999.000
202604251542,   0.341,9999.000,9999.000,9999.000,9999.000,9999.000,9999.000,9999.000,9999.000
202604251548,   0.352,9999.000,9999.000,9999.000,9999.000,9999.000,9999.000,9999.000,9999.000
202604251554,   0.367,9999.000,9999.000,9999.000,9999.000,9999.000,9999.000,9999.000,9999.000
202604251600,   0.384,9999.000,   1.000,   0.195,   1.579,   0.800,   1.379,   1.400,   1.979
202604251606,   0.404,9999.000,9999.000,9999.000,9999.000,9999.000,9999.000,9999.000,9999.000
202604251612,   0.427,9999.000,9999.000,9999.000,9999.000,9999.000,9999.000,9999.000,9999.000
202604251618,   0.453,9999.000,9999.000,9999.000,9999.000,9999.000,9999.000,9999.000,9999.000
202604251624,   0.481,9999.000,9999.000,9999.000,9999.000,9999.000,9999.000,9999.000,9999.000
202604251630,   0.512,9999.000,9999.000,9999.000,9999.000,9999.000,9999.000,9999.000,9999.000
202604251636,   0.545,9999.000,9999.000,9999.000,9999.000,9999.000,9999.000,9999.000,9999.000
202604251642,   0.581,9999.000,9999.000,9999.000,9999.000,9999.000,9999.000,9999.000,9999.000
202604251648,   0.618,9999.000,9999.000,9999.000,9999.000,9999.000,9999.000,9999.000,9999.000
202604251654,   0.658,9999.000,9999.000,9999.000,9999.000,9999.000,9999.000,9999.000,9999.000
202604251700,   0.700,9999.000,   1.000,   0.195,   1.895,   0.800,   1.695,   1.400,   2.295
202604251706,   0.744,9999.000,9999.000,9999.000,9999.000,9999.000,9999.000,9999.000,9999.000
202604251712,   0.789,9999.000,9999.000,9999.000,9999.000,9999.000,9999.000,9999.000,9999.000
202604251718,   0.836,9999.000,9999.000,9999.000,9999.000,9999.000,9999.000,9999.000,9999.000
202604251724,   0.884,9999.000,9999.000,9999.000,9999.000,9999.000,9999.000,9999.000,9999.000
202604251730,   0.933,9999.000,9999.000,9999.000,9999.000,9999.000,9999.000,9999.000,9999.000
202604251736,   0.983,9999.000,9999.000,9999.000,9999.000,9999.000,9999.000,9999.000,9999.000
202604251742,   1.034,9999.000,9999.000,9999.000,9999.000,9999.000,9999.000,9999.000,9999.000
202604251748,   1.085,9999.000,9999.000,9999.000,9999.000,9999.000,9999.000,9999.000,9999.000
202604251754,   1.137,9999.000,9999.000,9999.000,9999.000,9999.000,9999.000,9999.000,9999.000
202604251800,   1.189,9999.000,   1.100,   0.195,   2.484,   0.800,   2.184,   1.500,   2.884
