        TIME,    TIDE,      OB,   SURGE,    BIAS,     TWL,SURGE90p,  TWL90p,SURGE10p,   TWL10p
202606271800,   0.618,  -0.629,   0.500,  -1.747,  -0.629,   0.400,  -0.729,   0.500,  -0.629
202606271806,   0.612,  -0.639,9999.000,9999.000,9999.000,9999.000,9999.000,9999.000,9999.000
202606271812,   0.613,  -0.639,9999.000,9999.000,9999.000,9999.000,9999.000,9999.000,9999.000
202606271818,   0.619,  -0.639,9999.000,9999.000,9999.000,9999.000,9999.000,9999.000,9999.000
202606271824,   0.631,  -0.639,9999.000,9999.000,9999.000,9999.000,9999.000,9999.000,9999.000
202606271830,   0.648,  -0.629,9999.000,9999.000,9999.000,9999.000,9999.000,9999.000,9999.000
202606271836,   0.671,  -0.619,9999.000,9999.000,9999.000,9999.000,9999.000,9999.000,9999.000
202606271842,   0.698,  -0.600,9999.000,9999.000,9999.000,9999.000,9999.000,9999.000,9999.000
202606271848,   0.730,  -0.580,9999.000,9999.000,9999.000,9999.000,9999.000,9999.000,9999.000
202606271854,   0.766,  -0.541,9999.000,9999.000,9999.000,9999.000,9999.000,9999.000,9999.000
202606271900,   0.807,  -0.518,   0.500,  -1.825,  -0.518,   0.400,  -0.618,   0.500,  -0.518
202606271906,   0.850,  -0.478,9999.000,9999.000,9999.000,9999.000,9999.000,9999.000,9999.000
202606271912,   0.897,  -0.419,9999.000,9999.000,9999.000,9999.000,9999.000,9999.000,9999.000
202606271918,   0.946,  -0.380,9999.000,9999.000,9999.000,9999.000,9999.000,9999.000,9999.000
202606271924,   0.998,  -0.331,9999.000,9999.000,9999.000,9999.000,9999.000,9999.000,9999.000
202606271930,   1.052,  -0.278,9999.000,9999.000,9999.000,9999.000,9999.000,9999.000,9999.000
202606271936,   1.107,  -0.229,9999.000,9999.000,9999.000,9999.000,9999.000,9999.000,9999.000
202606271942,   1.164,  -0.150,9999.000,9999.000,9999.000,9999.000,9999.000,9999.000,9999.000
202606271948,   1.221,  -0.111,9999.000,9999.000,9999.000,9999.000,9999.000,9999.000,9999.000
202606271954,   1.279,  -0.019,9999.000,9999.000,9999.000,9999.000,9999.000,9999.000,9999.000
202606272000,   1.337,   0.029,   0.500,  -1.808,   0.029,   0.400,  -0.071,   0.500,   0.029
202606272006,   1.395,   0.078,9999.000,9999.000,9999.000,9999.000,9999.000,9999.000,9999.000
202606272012,   1.453,   0.141,9999.000,9999.000,9999.000,9999.000,9999.000,9999.000,9999.000
202606272018,   1.510,   0.219,9999.000,9999.000,9999.000,9999.000,9999.000,9999.000,9999.000
202606272024,   1.567,   0.288,9999.000,9999.000,9999.000,9999.000,9999.000,9999.000,9999.000
202606272030,   1.623,   0.350,9999.000,9999.000,9999.000,9999.000,9999.000,9999.000,9999.000
202606272036,   1.678,   0.409,9999.000,9999.000,9999.000,9999.000,9999.000,9999.000,9999.000
202606272042,   1.733,   0.498,9999.000,9999.000,9999.000,9999.000,9999.000,9999.000,9999.000
202606272048,   1.785,   0.570,9999.000,9999.000,9999.000,9999.000,9999.000,9999.000,9999.000
202606272054,   1.837,   0.639,9999.000,9999.000,9999.000,9999.000,9999.000,9999.000,9999.000
202606272100,   1.888,   0.708,   0.500,  -1.680,   0.708,   0.400,   0.608,   0.500,   0.708
202606272106,   1.937,   0.760,9999.000,9999.000,9999.000,9999.000,9999.000,9999.000,9999.000
202606272112,   1.984,   0.819,9999.000,9999.000,9999.000,9999.000,9999.000,9999.000,9999.000
202606272118,   2.030,   0.908,9999.000,9999.000,9999.000,9999.000,9999.000,9999.000,9999.000
202606272124,   2.075,   0.961,9999.000,9999.000,9999.000,9999.000,9999.000,9999.000,9999.000
202606272130,   2.118,   1.020,9999.000,9999.000,9999.000,9999.000,9999.000,9999.000,9999.000
202606272136,   2.160,   1.079,9999.000,9999.000,9999.000,9999.000,9999.000,9999.000,9999.000
202606272142,   2.200,   1.138,9999.000,9999.000,9999.000,9999.000,9999.000,9999.000,9999.000
202606272148,   2.239,   1.190,9999.000,9999.000,9999.000,9999.000,9999.000,9999.000,9999.000
202606272154,   2.276,   1.239,9999.000,9999.000,9999.000,9999.000,9999.000,9999.000,9999.000
202606272200,   2.311,   1.298,   0.500,  -1.513,   1.298,   0.400,   1.198,   0.500,   1.298
202606272206,   2.345,   1.348,9999.000,9999.000,9999.000,9999.000,9999.000,9999.000,9999.000
202606272212,   2.377,   1.390,9999.000,9999.000,9999.000,9999.000,9999.000,9999.000,9999.000
202606272218,   2.407,   1.439,9999.000,9999.000,9999.000,9999.000,9999.000,9999.000,9999.000
202606272224,   2.436,   1.479,9999.000,9999.000,9999.000,9999.000,9999.000,9999.000,9999.000
202606272230,   2.463,   1.508,9999.000,9999.000,9999.000,9999.000,9999.000,9999.000,9999.000
202606272236,   2.489,   1.528,9999.000,9999.000,9999.000,9999.000,9999.000,9999.000,9999.000
202606272242,   2.512,   1.580,9999.000,9999.000,9999.000,9999.000,9999.000,9999.000,9999.000
202606272248,   2.534,   1.620,9999.000,9999.000,9999.000,9999.000,9999.000,9999.000,9999.000
202606272254,   2.555,   1.639,9999.000,9999.000,9999.000,9999.000,9999.000,9999.000,9999.000
202606272300,   2.573,   1.659,   0.500,  -1.414,   1.659,   0.400,   1.559,   0.500,   1.659
202606272306,   2.590,   1.669,9999.000,9999.000,9999.000,9999.000,9999.000,9999.000,9999.000
202606272312,   2.605,   1.689,9999.000,9999.000,9999.000,9999.000,9999.000,9999.000,9999.000
202606272318,   2.618,   1.708,9999.000,9999.000,9999.000,9999.000,9999.000,9999.000,9999.000
202606272324,   2.629,   1.718,9999.000,9999.000,9999.000,9999.000,9999.000,9999.000,9999.000
202606272330,   2.639,   1.728,9999.000,9999.000,9999.000,9999.000,9999.000,9999.000,9999.000
202606272336,   2.647,   1.738,9999.000,9999.000,9999.000,9999.000,9999.000,9999.000,9999.000
202606272342,   2.652,   1.738,9999.000,9999.000,9999.000,9999.000,9999.000,9999.000,9999.000
202606272348,   2.656,   1.738,9999.000,9999.000,9999.000,9999.000,9999.000,9999.000,9999.000
202606272354,   2.658,   1.738,9999.000,9999.000,9999.000,9999.000,9999.000,9999.000,9999.000
202606280000,   2.658,   1.728,   0.500,  -1.430,   1.728,   0.400,   1.628,   0.500,   1.728
202606280006,   2.656,   1.718,9999.000,9999.000,9999.000,9999.000,9999.000,9999.000,9999.000
202606280012,   2.652,   1.708,9999.000,9999.000,9999.000,9999.000,9999.000,9999.000,9999.000
202606280018,   2.646,   1.689,9999.000,9999.000,9999.000,9999.000,9999.000,9999.000,9999.000
202606280024,   2.638,   1.649,9999.000,9999.000,9999.000,9999.000,9999.000,9999.000,9999.000
202606280030,   2.628,   1.630,9999.000,9999.000,9999.000,9999.000,9999.000,9999.000,9999.000
202606280036,   2.616,   1.590,9999.000,9999.000,9999.000,9999.000,9999.000,9999.000,9999.000
202606280042,   2.602,   1.548,9999.000,9999.000,9999.000,9999.000,9999.000,9999.000,9999.000
202606280048,   2.585,   1.508,9999.000,9999.000,9999.000,9999.000,9999.000,9999.000,9999.000
202606280054,   2.566,   1.469,9999.000,9999.000,9999.000,9999.000,9999.000,9999.000,9999.000
202606280100,   2.545,   1.430,   0.500,  -1.615,   1.430,   0.400,   1.330,   0.500,   1.430
202606280106,   2.522,   1.390,9999.000,9999.000,9999.000,9999.000,9999.000,9999.000,9999.000
202606280112,   2.497,   1.348,9999.000,9999.000,9999.000,9999.000,9999.000,9999.000,9999.000
202606280118,   2.469,   1.308,9999.000,9999.000,9999.000,9999.000,9999.000,9999.000,9999.000
202606280124,   2.439,   1.259,9999.000,9999.000,9999.000,9999.000,9999.000,9999.000,9999.000
202606280130,   2.407,   1.210,9999.000,9999.000,9999.000,9999.000,9999.000,9999.000,9999.000
202606280136,   2.372,   1.161,9999.000,9999.000,9999.000,9999.000,9999.000,9999.000,9999.000
202606280142,   2.336,   1.108,9999.000,9999.000,9999.000,9999.000,9999.000,9999.000,9999.000
202606280148,   2.298,   1.059,9999.000,9999.000,9999.000,9999.000,9999.000,9999.000,9999.000
202606280154,   2.257,   1.000,9999.000,9999.000,9999.000,9999.000,9999.000,9999.000,9999.000
202606280200,   2.215,   0.951,   0.400,  -1.664,   0.951,   0.400,   0.951,   0.500,   1.051
202606280206,   2.171,   0.898,9999.000,9999.000,9999.000,9999.000,9999.000,9999.000,9999.000
202606280212,   2.126,   0.839,9999.000,9999.000,9999.000,9999.000,9999.000,9999.000,9999.000
202606280218,   2.079,   0.790,9999.000,9999.000,9999.000,9999.000,9999.000,9999.000,9999.000
202606280224,   2.032,   0.741,9999.000,9999.000,9999.000,9999.000,9999.000,9999.000,9999.000
202606280230,   1.983,   0.678,9999.000,9999.000,9999.000,9999.000,9999.000,9999.000,9999.000
202606280236,   1.933,   0.629,9999.000,9999.000,9999.000,9999.000,9999.000,9999.000,9999.000
202606280242,   1.883,   0.570,9999.000,9999.000,9999.000,9999.000,9999.000,9999.000,9999.000
202606280248,   1.832,   0.518,9999.000,9999.000,9999.000,9999.000,9999.000,9999.000,9999.000
202606280254,   1.781,   0.469,9999.000,9999.000,9999.000,9999.000,9999.000,9999.000,9999.000
202606280300,   1.730,   0.419,   0.400,  -1.711,   0.419,   0.400,   0.419,   0.500,   0.519
202606280306,   1.680,   0.370,9999.000,9999.000,9999.000,9999.000,9999.000,9999.000,9999.000
202606280312,   1.629,   0.321,9999.000,9999.000,9999.000,9999.000,9999.000,9999.000,9999.000
202606280318,   1.580,   0.268,9999.000,9999.000,9999.000,9999.000,9999.000,9999.000,9999.000
202606280324,   1.531,   0.219,9999.000,9999.000,9999.000,9999.000,9999.000,9999.000,9999.000
202606280330,   1.483,   0.180,9999.000,9999.000,9999.000,9999.000,9999.000,9999.000,9999.000
202606280336,   1.436,   0.131,9999.000,9999.000,9999.000,9999.000,9999.000,9999.000,9999.000
202606280342,   1.391,   0.088,9999.000,9999.000,9999.000,9999.000,9999.000,9999.000,9999.000
202606280348,   1.346,   0.049,9999.000,9999.000,9999.000,9999.000,9999.000,9999.000,9999.000
202606280354,   1.303,   0.000,9999.000,9999.000,9999.000,9999.000,9999.000,9999.000,9999.000
202606280400,   1.260,  -0.039,   0.400,  -1.699,  -0.039,   0.400,  -0.039,   0.500,   0.061
202606280406,   1.219,  -0.078,9999.000,9999.000,9999.000,9999.000,9999.000,9999.000,9999.000
202606280412,   1.180,  -0.121,9999.000,9999.000,9999.000,9999.000,9999.000,9999.000,9999.000
202606280418,   1.141,  -0.131,9999.000,9999.000,9999.000,9999.000,9999.000,9999.000,9999.000
202606280424,   1.104,  -0.180,9999.000,9999.000,9999.000,9999.000,9999.000,9999.000,9999.000
202606280430,   1.068,  -0.200,9999.000,9999.000,9999.000,9999.000,9999.000,9999.000,9999.000
202606280436,   1.034,  -0.229,9999.000,9999.000,9999.000,9999.000,9999.000,9999.000,9999.000
202606280442,   1.001,  -0.259,9999.000,9999.000,9999.000,9999.000,9999.000,9999.000,9999.000
202606280448,   0.969,  -0.288,9999.000,9999.000,9999.000,9999.000,9999.000,9999.000,9999.000
202606280454,   0.940,  -0.308,9999.000,9999.000,9999.000,9999.000,9999.000,9999.000,9999.000
202606280500,   0.911,  -0.331,   0.400,  -1.642,  -0.331,   0.400,  -0.331,   0.500,  -0.231
202606280506,   0.885,  -0.341,9999.000,9999.000,9999.000,9999.000,9999.000,9999.000,9999.000
202606280512,   0.861,  -0.360,9999.000,9999.000,9999.000,9999.000,9999.000,9999.000,9999.000
202606280518,   0.840,  -0.370,9999.000,9999.000,9999.000,9999.000,9999.000,9999.000,9999.000
202606280524,   0.821,  -0.380,9999.000,9999.000,9999.000,9999.000,9999.000,9999.000,9999.000
202606280530,   0.805,  -0.390,9999.000,9999.000,9999.000,9999.000,9999.000,9999.000,9999.000
202606280536,   0.792,  -0.390,9999.000,9999.000,9999.000,9999.000,9999.000,9999.000,9999.000
202606280542,   0.783,  -0.390,9999.000,9999.000,9999.000,9999.000,9999.000,9999.000,9999.000
202606280548,   0.778,  -0.390,9999.000,9999.000,9999.000,9999.000,9999.000,9999.000,9999.000
202606280554,   0.776,  -0.380,9999.000,9999.000,9999.000,9999.000,9999.000,9999.000,9999.000
202606280600,   0.779,  -0.360,   0.400,  -1.539,  -0.360,   0.400,  -0.360,   0.500,  -0.260
202606280606,   0.787,  -0.331,9999.000,9999.000,9999.000,9999.000,9999.000,9999.000,9999.000
202606280612,   0.799,  -0.308,9999.000,9999.000,9999.000,9999.000,9999.000,9999.000,9999.000
202606280618,   0.816,  -0.268,9999.000,9999.000,9999.000,9999.000,9999.000,9999.000,9999.000
202606280624,   0.838,  -0.229,9999.000,9999.000,9999.000,9999.000,9999.000,9999.000,9999.000
202606280630,   0.864,  -0.190,9999.000,9999.000,9999.000,9999.000,9999.000,9999.000,9999.000
202606280636,   0.895,  -0.141,9999.000,9999.000,9999.000,9999.000,9999.000,9999.000,9999.000
202606280642,   0.931,  -0.098,9999.000,9999.000,9999.000,9999.000,9999.000,9999.000,9999.000
202606280648,   0.971,  -0.039,9999.000,9999.000,9999.000,9999.000,9999.000,9999.000,9999.000
202606280654,   1.015,   0.019,9999.000,9999.000,9999.000,9999.000,9999.000,9999.000,9999.000
202606280700,   1.063,   0.078,   0.400,  -1.385,   0.078,   0.400,   0.078,   0.500,   0.178
202606280706,   1.114,   0.141,9999.000,9999.000,9999.000,9999.000,9999.000,9999.000,9999.000
202606280712,   1.169,   0.209,9999.000,9999.000,9999.000,9999.000,9999.000,9999.000,9999.000
202606280718,   1.227,   0.288,9999.000,9999.000,9999.000,9999.000,9999.000,9999.000,9999.000
202606280724,   1.287,   0.331,9999.000,9999.000,9999.000,9999.000,9999.000,9999.000,9999.000
202606280730,   1.350,   0.419,9999.000,9999.000,9999.000,9999.000,9999.000,9999.000,9999.000
202606280736,   1.414,   0.488,9999.000,9999.000,9999.000,9999.000,9999.000,9999.000,9999.000
202606280742,   1.480,   0.560,9999.000,9999.000,9999.000,9999.000,9999.000,9999.000,9999.000
202606280748,   1.547,   0.629,9999.000,9999.000,9999.000,9999.000,9999.000,9999.000,9999.000
202606280754,   1.615,   0.698,9999.000,9999.000,9999.000,9999.000,9999.000,9999.000,9999.000
202606280800,   1.683,   0.780,   0.400,  -1.303,   0.780,   0.400,   0.780,   0.500,   0.880
202606280806,   1.751,   0.849,9999.000,9999.000,9999.000,9999.000,9999.000,9999.000,9999.000
202606280812,   1.819,   0.928,9999.000,9999.000,9999.000,9999.000,9999.000,9999.000,9999.000
202606280818,   1.886,   1.000,9999.000,9999.000,9999.000,9999.000,9999.000,9999.000,9999.000
202606280824,   1.953,   1.069,9999.000,9999.000,9999.000,9999.000,9999.000,9999.000,9999.000
202606280830,   2.018,   1.151,9999.000,9999.000,9999.000,9999.000,9999.000,9999.000,9999.000
202606280836,   2.083,   1.200,9999.000,9999.000,9999.000,9999.000,9999.000,9999.000,9999.000
202606280842,   2.146,   1.279,9999.000,9999.000,9999.000,9999.000,9999.000,9999.000,9999.000
202606280848,   2.207,   1.328,9999.000,9999.000,9999.000,9999.000,9999.000,9999.000,9999.000
202606280854,   2.267,   1.390,9999.000,9999.000,9999.000,9999.000,9999.000,9999.000,9999.000
202606280900,   2.326,   1.459,   0.400,  -1.267,   1.459,   0.400,   1.459,   0.500,   1.559
202606280906,   2.382,   1.518,9999.000,9999.000,9999.000,9999.000,9999.000,9999.000,9999.000
202606280912,   2.436,   1.580,9999.000,9999.000,9999.000,9999.000,9999.000,9999.000,9999.000
202606280918,   2.489,   1.639,9999.000,9999.000,9999.000,9999.000,9999.000,9999.000,9999.000
202606280924,   2.539,   1.699,9999.000,9999.000,9999.000,9999.000,9999.000,9999.000,9999.000
202606280930,   2.588,   1.748,9999.000,9999.000,9999.000,9999.000,9999.000,9999.000,9999.000
202606280936,   2.635,   1.810,9999.000,9999.000,9999.000,9999.000,9999.000,9999.000,9999.000
202606280942,   2.679,   1.859,9999.000,9999.000,9999.000,9999.000,9999.000,9999.000,9999.000
202606280948,   2.722,   1.908,9999.000,9999.000,9999.000,9999.000,9999.000,9999.000,9999.000
202606280954,   2.762,   1.958,9999.000,9999.000,9999.000,9999.000,9999.000,9999.000,9999.000
202606281000,   2.801,   2.000,   0.400,  -1.201,   2.000,   0.400,   2.000,   0.500,   2.100
202606281006,   2.838,   2.040,9999.000,9999.000,9999.000,9999.000,9999.000,9999.000,9999.000
202606281012,   2.872,   2.089,9999.000,9999.000,9999.000,9999.000,9999.000,9999.000,9999.000
202606281018,   2.905,   2.118,9999.000,9999.000,9999.000,9999.000,9999.000,9999.000,9999.000
202606281024,   2.936,   2.138,9999.000,9999.000,9999.000,9999.000,9999.000,9999.000,9999.000
202606281030,   2.966,   2.177,9999.000,9999.000,9999.000,9999.000,9999.000,9999.000,9999.000
202606281036,   2.993,   2.200,9999.000,9999.000,9999.000,9999.000,9999.000,9999.000,9999.000
202606281042,   3.019,   2.220,9999.000,9999.000,9999.000,9999.000,9999.000,9999.000,9999.000
202606281048,   3.043,   2.240,9999.000,9999.000,9999.000,9999.000,9999.000,9999.000,9999.000
202606281054,   3.066,   2.259,9999.000,9999.000,9999.000,9999.000,9999.000,9999.000,9999.000
202606281100,   3.086,   2.279,   0.400,  -1.207,   2.279,   0.400,   2.279,   0.400,   2.279
202606281106,   3.105,   2.299,9999.000,9999.000,9999.000,9999.000,9999.000,9999.000,9999.000
202606281112,   3.122,   2.309,9999.000,9999.000,9999.000,9999.000,9999.000,9999.000,9999.000
202606281118,   3.138,   2.318,9999.000,9999.000,9999.000,9999.000,9999.000,9999.000,9999.000
202606281124,   3.152,   2.318,9999.000,9999.000,9999.000,9999.000,9999.000,9999.000,9999.000
202606281130,   3.164,   2.318,9999.000,9999.000,9999.000,9999.000,9999.000,9999.000,9999.000
202606281136,   3.174,   2.318,9999.000,9999.000,9999.000,9999.000,9999.000,9999.000,9999.000
202606281142,   3.182,   2.318,9999.000,9999.000,9999.000,9999.000,9999.000,9999.000,9999.000
202606281148,   3.189,   2.309,9999.000,9999.000,9999.000,9999.000,9999.000,9999.000,9999.000
202606281154,   3.194,   2.299,9999.000,9999.000,9999.000,9999.000,9999.000,9999.000,9999.000
202606281200,   3.197,   2.289,   0.400,  -1.308,   2.289,   0.400,   2.289,   0.500,   2.389
202606281206,   3.198,   2.269,9999.000,9999.000,9999.000,9999.000,9999.000,9999.000,9999.000
202606281212,   3.197,   2.250,9999.000,9999.000,9999.000,9999.000,9999.000,9999.000,9999.000
202606281218,   3.194,   2.230,9999.000,9999.000,9999.000,9999.000,9999.000,9999.000,9999.000
202606281224,   3.189,   2.191,9999.000,9999.000,9999.000,9999.000,9999.000,9999.000,9999.000
202606281230,   3.182,   2.148,9999.000,9999.000,9999.000,9999.000,9999.000,9999.000,9999.000
202606281236,   3.173,   2.128,9999.000,9999.000,9999.000,9999.000,9999.000,9999.000,9999.000
202606281242,   3.162,   2.089,9999.000,9999.000,9999.000,9999.000,9999.000,9999.000,9999.000
202606281248,   3.148,   2.040,9999.000,9999.000,9999.000,9999.000,9999.000,9999.000,9999.000
202606281254,   3.133,   2.000,9999.000,9999.000,9999.000,9999.000,9999.000,9999.000,9999.000
202606281300,   3.115,   1.958,   0.400,  -1.557,   1.958,   0.400,   1.958,   0.500,   2.058
202606281306,   3.094,   1.908,9999.000,9999.000,9999.000,9999.000,9999.000,9999.000,9999.000
202606281312,   3.072,   1.869,9999.000,9999.000,9999.000,9999.000,9999.000,9999.000,9999.000
202606281318,   3.048,   1.820,9999.000,9999.000,9999.000,9999.000,9999.000,9999.000,9999.000
202606281324,   3.021,   1.767,9999.000,9999.000,9999.000,9999.000,9999.000,9999.000,9999.000
202606281330,   2.992,   1.718,9999.000,9999.000,9999.000,9999.000,9999.000,9999.000,9999.000
202606281336,   2.962,   1.659,9999.000,9999.000,9999.000,9999.000,9999.000,9999.000,9999.000
202606281342,   2.929,   1.610,9999.000,9999.000,9999.000,9999.000,9999.000,9999.000,9999.000
202606281348,   2.894,   1.548,9999.000,9999.000,9999.000,9999.000,9999.000,9999.000,9999.000
202606281354,   2.858,   1.498,9999.000,9999.000,9999.000,9999.000,9999.000,9999.000,9999.000
202606281400,   2.819,   1.449,   0.400,  -1.770,   1.449,   0.400,   1.449,   0.500,   1.549
202606281406,   2.779,   1.390,9999.000,9999.000,9999.000,9999.000,9999.000,9999.000,9999.000
202606281412,   2.737,   1.328,9999.000,9999.000,9999.000,9999.000,9999.000,9999.000,9999.000
202606281418,   2.694,   1.269,9999.000,9999.000,9999.000,9999.000,9999.000,9999.000,9999.000
202606281424,   2.649,   1.210,9999.000,9999.000,9999.000,9999.000,9999.000,9999.000,9999.000
202606281430,   2.603,   1.161,9999.000,9999.000,9999.000,9999.000,9999.000,9999.000,9999.000
202606281436,   2.556,   1.098,9999.000,9999.000,9999.000,9999.000,9999.000,9999.000,9999.000
202606281442,   2.507,   1.049,9999.000,9999.000,9999.000,9999.000,9999.000,9999.000,9999.000
202606281448,   2.457,   0.990,9999.000,9999.000,9999.000,9999.000,9999.000,9999.000,9999.000
202606281454,   2.407,   0.941,9999.000,9999.000,9999.000,9999.000,9999.000,9999.000,9999.000
202606281500,   2.355,   0.879,   0.400,  -1.876,   0.879,   0.400,   0.879,   0.500,   0.979
202606281506,   2.303,   0.819,9999.000,9999.000,9999.000,9999.000,9999.000,9999.000,9999.000
202606281512,   2.250,   0.770,9999.000,9999.000,9999.000,9999.000,9999.000,9999.000,9999.000
202606281518,   2.197,   0.718,9999.000,9999.000,9999.000,9999.000,9999.000,9999.000,9999.000
202606281524,   2.143,   0.659,9999.000,9999.000,9999.000,9999.000,9999.000,9999.000,9999.000
202606281530,   2.089,   0.610,9999.000,9999.000,9999.000,9999.000,9999.000,9999.000,9999.000
202606281536,   2.034,   0.560,9999.000,9999.000,9999.000,9999.000,9999.000,9999.000,9999.000
202606281542,   1.980,   0.508,9999.000,9999.000,9999.000,9999.000,9999.000,9999.000,9999.000
202606281548,   1.925,   0.459,9999.000,9999.000,9999.000,9999.000,9999.000,9999.000,9999.000
202606281554,   1.870,   0.409,9999.000,9999.000,9999.000,9999.000,9999.000,9999.000,9999.000
202606281600,   1.816,   0.370,   0.400,  -1.846,   0.370,   0.400,   0.370,   0.500,   0.470
202606281606,   1.761,   0.321,9999.000,9999.000,9999.000,9999.000,9999.000,9999.000,9999.000
202606281612,   1.706,   0.268,9999.000,9999.000,9999.000,9999.000,9999.000,9999.000,9999.000
202606281618,   1.652,   0.229,9999.000,9999.000,9999.000,9999.000,9999.000,9999.000,9999.000
202606281624,   1.597,   0.219,9999.000,9999.000,9999.000,9999.000,9999.000,9999.000,9999.000
202606281630,   1.542,   0.141,9999.000,9999.000,9999.000,9999.000,9999.000,9999.000,9999.000
202606281636,   1.487,   0.121,9999.000,9999.000,9999.000,9999.000,9999.000,9999.000,9999.000
202606281642,   1.433,   0.088,9999.000,9999.000,9999.000,9999.000,9999.000,9999.000,9999.000
202606281648,   1.378,   0.059,9999.000,9999.000,9999.000,9999.000,9999.000,9999.000,9999.000
202606281654,   1.323,   0.019,9999.000,9999.000,9999.000,9999.000,9999.000,9999.000,9999.000
202606281700,   1.268,   0.000,   0.400,  -1.668,   0.000,   0.400,   0.000,   0.500,   0.100
202606281706,   1.213,  -0.039,9999.000,9999.000,9999.000,9999.000,9999.000,9999.000,9999.000
202606281712,   1.158,  -0.088,9999.000,9999.000,9999.000,9999.000,9999.000,9999.000,9999.000
202606281718,   1.103,  -0.121,9999.000,9999.000,9999.000,9999.000,9999.000,9999.000,9999.000
202606281724,   1.049,  -0.150,9999.000,9999.000,9999.000,9999.000,9999.000,9999.000,9999.000
202606281730,   0.996,  -0.170,9999.000,9999.000,9999.000,9999.000,9999.000,9999.000,9999.000
202606281736,   0.944,  -0.200,9999.000,9999.000,9999.000,9999.000,9999.000,9999.000,9999.000
202606281742,   0.893,  -0.219,9999.000,9999.000,9999.000,9999.000,9999.000,9999.000,9999.000
202606281748,   0.844,  -0.239,9999.000,9999.000,9999.000,9999.000,9999.000,9999.000,9999.000
202606281754,   0.797,  -0.249,9999.000,9999.000,9999.000,9999.000,9999.000,9999.000,9999.000
202606281800,   0.753,  -0.268,   0.500,  -1.521,  -0.268,   0.400,  -0.368,   0.500,  -0.268
202606281806,   0.712,  -0.288,9999.000,9999.000,9999.000,9999.000,9999.000,9999.000,9999.000
202606281812,   0.674,  -0.308,9999.000,9999.000,9999.000,9999.000,9999.000,9999.000,9999.000
202606281818,   0.641,  -0.321,9999.000,9999.000,9999.000,9999.000,9999.000,9999.000,9999.000
202606281824,   0.612,  -0.331,9999.000,9999.000,9999.000,9999.000,9999.000,9999.000,9999.000
202606281830,   0.589,  -0.341,9999.000,9999.000,9999.000,9999.000,9999.000,9999.000,9999.000
202606281836,   0.570,  -0.350,9999.000,9999.000,9999.000,9999.000,9999.000,9999.000,9999.000
202606281842,   0.557,  -0.350,9999.000,9999.000,9999.000,9999.000,9999.000,9999.000,9999.000
202606281848,   0.550,  -0.350,9999.000,9999.000,9999.000,9999.000,9999.000,9999.000,9999.000
202606281854,   0.549,  -0.360,9999.000,9999.000,9999.000,9999.000,9999.000,9999.000,9999.000
202606281900,   0.554,  -0.360,   0.500,  -1.414,  -0.360,   0.400,  -0.460,   0.500,  -0.360
202606281906,   0.565,  -0.360,9999.000,9999.000,9999.000,9999.000,9999.000,9999.000,9999.000
202606281912,   0.581,  -0.350,9999.000,9999.000,9999.000,9999.000,9999.000,9999.000,9999.000
202606281918,   0.603,  -0.341,9999.000,9999.000,9999.000,9999.000,9999.000,9999.000,9999.000
202606281924,   0.631,  -0.298,9999.000,9999.000,9999.000,9999.000,9999.000,9999.000,9999.000
202606281930,   0.663,  -0.278,9999.000,9999.000,9999.000,9999.000,9999.000,9999.000,9999.000
202606281936,   0.700,  -0.239,9999.000,9999.000,9999.000,9999.000,9999.000,9999.000,9999.000
202606281942,   0.741,  -0.209,9999.000,9999.000,9999.000,9999.000,9999.000,9999.000,9999.000
202606281948,   0.786,  -0.170,9999.000,9999.000,9999.000,9999.000,9999.000,9999.000,9999.000
202606281954,   0.835,  -0.121,9999.000,9999.000,9999.000,9999.000,9999.000,9999.000,9999.000
202606282000,   0.886,  -0.068,   0.500,  -1.454,  -0.068,   0.400,  -0.168,   0.500,  -0.068
202606282006,   0.941,  -0.009,9999.000,9999.000,9999.000,9999.000,9999.000,9999.000,9999.000
202606282012,   0.997,   0.039,9999.000,9999.000,9999.000,9999.000,9999.000,9999.000,9999.000
202606282018,   1.055,   0.088,9999.000,9999.000,9999.000,9999.000,9999.000,9999.000,9999.000
202606282024,   1.114,   0.150,9999.000,9999.000,9999.000,9999.000,9999.000,9999.000,9999.000
202606282030,   1.175,   0.209,9999.000,9999.000,9999.000,9999.000,9999.000,9999.000,9999.000
202606282036,   1.236,   0.268,9999.000,9999.000,9999.000,9999.000,9999.000,9999.000,9999.000
202606282042,   1.297,   0.360,9999.000,9999.000,9999.000,9999.000,9999.000,9999.000,9999.000
202606282048,   1.359,   0.429,9999.000,9999.000,9999.000,9999.000,9999.000,9999.000,9999.000
202606282054,   1.420,   0.498,9999.000,9999.000,9999.000,9999.000,9999.000,9999.000,9999.000
202606282100,   1.481,   0.570,   0.500,  -1.411,   0.570,   0.400,   0.470,   0.500,   0.570
202606282106,   1.541,   0.649,9999.000,9999.000,9999.000,9999.000,9999.000,9999.000,9999.000
202606282112,   1.600,   0.718,9999.000,9999.000,9999.000,9999.000,9999.000,9999.000,9999.000
202606282118,   1.659,   0.800,9999.000,9999.000,9999.000,9999.000,9999.000,9999.000,9999.000
202606282124,   1.716,   0.869,9999.000,9999.000,9999.000,9999.000,9999.000,9999.000,9999.000
202606282130,   1.771,   0.941,9999.000,9999.000,9999.000,9999.000,9999.000,9999.000,9999.000
202606282136,   1.825,   1.020,9999.000,9999.000,9999.000,9999.000,9999.000,9999.000,9999.000
202606282142,   1.878,   1.088,9999.000,9999.000,9999.000,9999.000,9999.000,9999.000,9999.000
202606282148,   1.929,   1.161,9999.000,9999.000,9999.000,9999.000,9999.000,9999.000,9999.000
202606282154,   1.979,   1.220,9999.000,9999.000,9999.000,9999.000,9999.000,9999.000,9999.000
202606282200,   2.027,   1.289,   0.500,  -1.238,   1.289,   0.400,   1.189,   0.500,   1.289
202606282206,   2.073,   1.338,9999.000,9999.000,9999.000,9999.000,9999.000,9999.000,9999.000
202606282212,   2.118,   1.400,9999.000,9999.000,9999.000,9999.000,9999.000,9999.000,9999.000
202606282218,   2.161,   1.489,9999.000,9999.000,9999.000,9999.000,9999.000,9999.000,9999.000
202606282224,   2.202,   1.528,9999.000,9999.000,9999.000,9999.000,9999.000,9999.000,9999.000
202606282230,   2.241,   1.590,9999.000,9999.000,9999.000,9999.000,9999.000,9999.000,9999.000
202606282236,   2.279,   1.639,9999.000,9999.000,9999.000,9999.000,9999.000,9999.000,9999.000
202606282242,   2.315,   1.699,9999.000,9999.000,9999.000,9999.000,9999.000,9999.000,9999.000
202606282248,   2.350,   1.748,9999.000,9999.000,9999.000,9999.000,9999.000,9999.000,9999.000
202606282254,   2.383,   1.800,9999.000,9999.000,9999.000,9999.000,9999.000,9999.000,9999.000
202606282300,   2.414,   1.840,   0.500,  -1.074,   1.840,   0.400,   1.740,   0.500,   1.840
202606282306,   2.443,   1.879,9999.000,9999.000,9999.000,9999.000,9999.000,9999.000,9999.000
202606282312,   2.471,   1.918,9999.000,9999.000,9999.000,9999.000,9999.000,9999.000,9999.000
202606282318,   2.497,   1.938,9999.000,9999.000,9999.000,9999.000,9999.000,9999.000,9999.000
202606282324,   2.522,   1.981,9999.000,9999.000,9999.000,9999.000,9999.000,9999.000,9999.000
202606282330,   2.544,   2.000,9999.000,9999.000,9999.000,9999.000,9999.000,9999.000,9999.000
202606282336,   2.565,   2.020,9999.000,9999.000,9999.000,9999.000,9999.000,9999.000,9999.000
202606282342,   2.585,   2.030,9999.000,9999.000,9999.000,9999.000,9999.000,9999.000,9999.000
202606282348,   2.602,   2.049,9999.000,9999.000,9999.000,9999.000,9999.000,9999.000,9999.000
202606282354,   2.618,   2.069,9999.000,9999.000,9999.000,9999.000,9999.000,9999.000,9999.000
202606290000,   2.632,   2.079,   0.500,  -1.053,   2.079,   0.500,   2.079,   0.500,   2.079
202606290006,   2.644,   2.089,9999.000,9999.000,9999.000,9999.000,9999.000,9999.000,9999.000
202606290012,   2.655,   2.099,9999.000,9999.000,9999.000,9999.000,9999.000,9999.000,9999.000
202606290018,   2.663,   2.109,9999.000,9999.000,9999.000,9999.000,9999.000,9999.000,9999.000
202606290024,   2.670,   2.109,9999.000,9999.000,9999.000,9999.000,9999.000,9999.000,9999.000
202606290030,   2.675,   2.109,9999.000,9999.000,9999.000,9999.000,9999.000,9999.000,9999.000
202606290036,   2.678,   2.099,9999.000,9999.000,9999.000,9999.000,9999.000,9999.000,9999.000
202606290042,   2.678,   2.089,9999.000,9999.000,9999.000,9999.000,9999.000,9999.000,9999.000
202606290048,   2.677,   2.079,9999.000,9999.000,9999.000,9999.000,9999.000,9999.000,9999.000
202606290054,   2.674,   2.059,9999.000,9999.000,9999.000,9999.000,9999.000,9999.000,9999.000
202606290100,   2.669,   2.040,   0.500,  -1.129,   2.040,   0.500,   2.040,   0.500,   2.040
202606290106,   2.663,   2.000,9999.000,9999.000,9999.000,9999.000,9999.000,9999.000,9999.000
202606290112,   2.653,   1.981,9999.000,9999.000,9999.000,9999.000,9999.000,9999.000,9999.000
202606290118,   2.642,   1.938,9999.000,9999.000,9999.000,9999.000,9999.000,9999.000,9999.000
202606290124,   2.629,   1.889,9999.000,9999.000,9999.000,9999.000,9999.000,9999.000,9999.000
202606290130,   2.613,   1.859,9999.000,9999.000,9999.000,9999.000,9999.000,9999.000,9999.000
202606290136,   2.596,   1.810,9999.000,9999.000,9999.000,9999.000,9999.000,9999.000,9999.000
202606290142,   2.576,   1.767,9999.000,9999.000,9999.000,9999.000,9999.000,9999.000,9999.000
202606290148,   2.553,   1.718,9999.000,9999.000,9999.000,9999.000,9999.000,9999.000,9999.000
202606290154,   2.529,   1.679,9999.000,9999.000,9999.000,9999.000,9999.000,9999.000,9999.000
202606290200,   2.502,   1.620,   0.500,  -1.382,   1.620,   0.500,   1.620,   0.500,   1.620
202606290206,   2.472,   1.571,9999.000,9999.000,9999.000,9999.000,9999.000,9999.000,9999.000
202606290212,   2.441,   1.518,9999.000,9999.000,9999.000,9999.000,9999.000,9999.000,9999.000
202606290218,   2.407,   1.459,9999.000,9999.000,9999.000,9999.000,9999.000,9999.000,9999.000
202606290224,   2.371,   1.410,9999.000,9999.000,9999.000,9999.000,9999.000,9999.000,9999.000
202606290230,   2.333,   1.348,9999.000,9999.000,9999.000,9999.000,9999.000,9999.000,9999.000
202606290236,   2.293,   1.289,9999.000,9999.000,9999.000,9999.000,9999.000,9999.000,9999.000
202606290242,   2.251,   1.239,9999.000,9999.000,9999.000,9999.000,9999.000,9999.000,9999.000
202606290248,   2.208,   1.180,9999.000,9999.000,9999.000,9999.000,9999.000,9999.000,9999.000
202606290254,   2.163,   1.118,9999.000,9999.000,9999.000,9999.000,9999.000,9999.000,9999.000
202606290300,   2.116,   1.059,   0.500,  -1.557,   1.059,   0.500,   1.059,   0.500,   1.059
202606290306,   2.069,   1.010,9999.000,9999.000,9999.000,9999.000,9999.000,9999.000,9999.000
202606290312,   2.020,   0.951,9999.000,9999.000,9999.000,9999.000,9999.000,9999.000,9999.000
202606290318,   1.970,   0.898,9999.000,9999.000,9999.000,9999.000,9999.000,9999.000,9999.000
202606290324,   1.919,   0.839,9999.000,9999.000,9999.000,9999.000,9999.000,9999.000,9999.000
202606290330,   1.869,   0.780,9999.000,9999.000,9999.000,9999.000,9999.000,9999.000,9999.000
202606290336,   1.817,   0.731,9999.000,9999.000,9999.000,9999.000,9999.000,9999.000,9999.000
202606290342,   1.766,   0.678,9999.000,9999.000,9999.000,9999.000,9999.000,9999.000,9999.000
202606290348,   1.715,   0.619,9999.000,9999.000,9999.000,9999.000,9999.000,9999.000,9999.000
202606290354,   1.664,   0.570,9999.000,9999.000,9999.000,9999.000,9999.000,9999.000,9999.000
202606290400,   1.614,   0.518,   0.500,  -1.596,   0.518,   0.500,   0.518,   0.500,   0.518
202606290406,   1.564,   0.459,9999.000,9999.000,9999.000,9999.000,9999.000,9999.000,9999.000
202606290412,   1.515,   0.409,9999.000,9999.000,9999.000,9999.000,9999.000,9999.000,9999.000
202606290418,   1.467,   0.370,9999.000,9999.000,9999.000,9999.000,9999.000,9999.000,9999.000
202606290424,   1.420,   0.321,9999.000,9999.000,9999.000,9999.000,9999.000,9999.000,9999.000
202606290430,   1.375,   0.268,9999.000,9999.000,9999.000,9999.000,9999.000,9999.000,9999.000
202606290436,   1.330,   0.229,9999.000,9999.000,9999.000,9999.000,9999.000,9999.000,9999.000
202606290442,   1.287,   0.180,9999.000,9999.000,9999.000,9999.000,9999.000,9999.000,9999.000
202606290448,   1.244,   0.141,9999.000,9999.000,9999.000,9999.000,9999.000,9999.000,9999.000
202606290454,   1.204,   0.098,9999.000,9999.000,9999.000,9999.000,9999.000,9999.000,9999.000
202606290500,   1.164,   0.059,   0.500,  -1.605,   0.059,   0.500,   0.059,   0.600,   0.159
202606290506,   1.126,   0.029,9999.000,9999.000,9999.000,9999.000,9999.000,9999.000,9999.000
202606290512,   1.089,   0.000,9999.000,9999.000,9999.000,9999.000,9999.000,9999.000,9999.000
202606290518,   1.054,  -0.039,9999.000,9999.000,9999.000,9999.000,9999.000,9999.000,9999.000
202606290524,   1.020,  -0.059,9999.000,9999.000,9999.000,9999.000,9999.000,9999.000,9999.000
202606290530,   0.988,  -0.098,9999.000,9999.000,9999.000,9999.000,9999.000,9999.000,9999.000
202606290536,   0.957,  -0.121,9999.000,9999.000,9999.000,9999.000,9999.000,9999.000,9999.000
202606290542,   0.928,  -0.141,9999.000,9999.000,9999.000,9999.000,9999.000,9999.000,9999.000
202606290548,   0.901,  -0.180,9999.000,9999.000,9999.000,9999.000,9999.000,9999.000,9999.000
202606290554,   0.876,  -0.190,9999.000,9999.000,9999.000,9999.000,9999.000,9999.000,9999.000
202606290600,   0.854,  -0.209,   0.600,  -1.663,  -0.209,   0.500,  -0.309,   0.600,  -0.209
202606290606,   0.834,  -0.219,9999.000,9999.000,9999.000,9999.000,9999.000,9999.000,9999.000
202606290612,   0.817,  -0.239,9999.000,9999.000,9999.000,9999.000,9999.000,9999.000,9999.000
202606290618,   0.804,  -0.249,9999.000,9999.000,9999.000,9999.000,9999.000,9999.000,9999.000
202606290624,   0.793,  -0.259,9999.000,9999.000,9999.000,9999.000,9999.000,9999.000,9999.000
202606290630,   0.787,  -0.268,9999.000,9999.000,9999.000,9999.000,9999.000,9999.000,9999.000
202606290636,   0.784,  -0.268,9999.000,9999.000,9999.000,9999.000,9999.000,9999.000,9999.000
202606290642,   0.786,  -0.268,9999.000,9999.000,9999.000,9999.000,9999.000,9999.000,9999.000
202606290648,   0.792,  -0.268,9999.000,9999.000,9999.000,9999.000,9999.000,9999.000,9999.000
202606290654,   0.803,  -0.249,9999.000,9999.000,9999.000,9999.000,9999.000,9999.000,9999.000
202606290700,   0.819,  -0.239,   0.600,  -1.658,  -0.239,   0.500,  -0.339,   0.600,  -0.239
202606290706,   0.840,  -0.200,9999.000,9999.000,9999.000,9999.000,9999.000,9999.000,9999.000
202606290712,   0.865,  -0.180,9999.000,9999.000,9999.000,9999.000,9999.000,9999.000,9999.000
202606290718,   0.895,  -0.131,9999.000,9999.000,9999.000,9999.000,9999.000,9999.000,9999.000
202606290724,   0.930,  -0.078,9999.000,9999.000,9999.000,9999.000,9999.000,9999.000,9999.000
202606290730,   0.969,  -0.039,9999.000,9999.000,9999.000,9999.000,9999.000,9999.000,9999.000
202606290736,   1.013,   0.019,9999.000,9999.000,9999.000,9999.000,9999.000,9999.000,9999.000
202606290742,   1.061,   0.068,9999.000,9999.000,9999.000,9999.000,9999.000,9999.000,9999.000
202606290748,   1.112,   0.131,9999.000,9999.000,9999.000,9999.000,9999.000,9999.000,9999.000
202606290754,   1.167,   0.219,9999.000,9999.000,9999.000,9999.000,9999.000,9999.000,9999.000
202606290800,   1.225,   0.259,   0.600,  -1.566,   0.259,   0.500,   0.159,   0.600,   0.259
202606290806,   1.286,   0.331,9999.000,9999.000,9999.000,9999.000,9999.000,9999.000,9999.000
202606290812,   1.349,   0.409,9999.000,9999.000,9999.000,9999.000,9999.000,9999.000,9999.000
202606290818,   1.414,   0.488,9999.000,9999.000,9999.000,9999.000,9999.000,9999.000,9999.000
202606290824,   1.481,   0.560,9999.000,9999.000,9999.000,9999.000,9999.000,9999.000,9999.000
202606290830,   1.549,   0.639,9999.000,9999.000,9999.000,9999.000,9999.000,9999.000,9999.000
202606290836,   1.618,   0.718,9999.000,9999.000,9999.000,9999.000,9999.000,9999.000,9999.000
202606290842,   1.687,   0.790,9999.000,9999.000,9999.000,9999.000,9999.000,9999.000,9999.000
202606290848,   1.757,   0.869,9999.000,9999.000,9999.000,9999.000,9999.000,9999.000,9999.000
202606290854,   1.826,   0.951,9999.000,9999.000,9999.000,9999.000,9999.000,9999.000,9999.000
202606290900,   1.895,   1.029,   0.600,  -1.466,   1.029,   0.500,   0.929,   0.600,   1.029
202606290906,   1.963,   1.108,9999.000,9999.000,9999.000,9999.000,9999.000,9999.000,9999.000
202606290912,   2.030,   1.190,9999.000,9999.000,9999.000,9999.000,9999.000,9999.000,9999.000
202606290918,   2.095,   1.269,9999.000,9999.000,9999.000,9999.000,9999.000,9999.000,9999.000
202606290924,   2.160,   1.338,9999.000,9999.000,9999.000,9999.000,9999.000,9999.000,9999.000
202606290930,   2.222,   1.420,9999.000,9999.000,9999.000,9999.000,9999.000,9999.000,9999.000
202606290936,   2.283,   1.489,9999.000,9999.000,9999.000,9999.000,9999.000,9999.000,9999.000
202606290942,   2.342,   1.557,9999.000,9999.000,9999.000,9999.000,9999.000,9999.000,9999.000
202606290948,   2.399,   1.639,9999.000,9999.000,9999.000,9999.000,9999.000,9999.000,9999.000
202606290954,   2.454,   1.699,9999.000,9999.000,9999.000,9999.000,9999.000,9999.000,9999.000
202606291000,   2.507,   1.767,   0.600,  -1.340,   1.767,   0.500,   1.667,   0.600,   1.767
202606291006,   2.558,   1.820,9999.000,9999.000,9999.000,9999.000,9999.000,9999.000,9999.000
202606291012,   2.606,   1.879,9999.000,9999.000,9999.000,9999.000,9999.000,9999.000,9999.000
202606291018,   2.652,   1.938,9999.000,9999.000,9999.000,9999.000,9999.000,9999.000,9999.000
202606291024,   2.697,   2.000,9999.000,9999.000,9999.000,9999.000,9999.000,9999.000,9999.000
202606291030,   2.739,   2.059,9999.000,9999.000,9999.000,9999.000,9999.000,9999.000,9999.000
202606291036,   2.778,   2.109,9999.000,9999.000,9999.000,9999.000,9999.000,9999.000,9999.000
202606291042,   2.816,   2.158,9999.000,9999.000,9999.000,9999.000,9999.000,9999.000,9999.000
202606291048,   2.852,   2.210,9999.000,9999.000,9999.000,9999.000,9999.000,9999.000,9999.000
202606291054,   2.886,   2.259,9999.000,9999.000,9999.000,9999.000,9999.000,9999.000,9999.000
202606291100,   2.917,   2.299,   0.600,  -1.218,   2.299,   0.500,   2.199,   0.600,   2.299
202606291106,   2.947,   2.338,9999.000,9999.000,9999.000,9999.000,9999.000,9999.000,9999.000
202606291112,   2.975,   2.377,9999.000,9999.000,9999.000,9999.000,9999.000,9999.000,9999.000
202606291118,   3.001,   2.387,9999.000,9999.000,9999.000,9999.000,9999.000,9999.000,9999.000
202606291124,   3.026,   2.430,9999.000,9999.000,9999.000,9999.000,9999.000,9999.000,9999.000
202606291130,   3.049,   2.450,9999.000,9999.000,9999.000,9999.000,9999.000,9999.000,9999.000
202606291136,   3.069,   2.489,9999.000,9999.000,9999.000,9999.000,9999.000,9999.000,9999.000
202606291142,   3.089,   2.509,9999.000,9999.000,9999.000,9999.000,9999.000,9999.000,9999.000
202606291148,   3.106,   2.519,9999.000,9999.000,9999.000,9999.000,9999.000,9999.000,9999.000
202606291154,   3.122,   2.528,9999.000,9999.000,9999.000,9999.000,9999.000,9999.000,9999.000
202606291200,   3.136,   2.548,   0.600,  -1.188,   2.548,   0.600,   2.548,   0.600,   2.548
202606291206,   3.149,   2.558,9999.000,9999.000,9999.000,9999.000,9999.000,9999.000,9999.000
202606291212,   3.160,   2.558,9999.000,9999.000,9999.000,9999.000,9999.000,9999.000,9999.000
202606291218,   3.169,   2.568,9999.000,9999.000,9999.000,9999.000,9999.000,9999.000,9999.000
202606291224,   3.176,   2.568,9999.000,9999.000,9999.000,9999.000,9999.000,9999.000,9999.000
202606291230,   3.182,   2.568,9999.000,9999.000,9999.000,9999.000,9999.000,9999.000,9999.000
202606291236,   3.186,   2.568,9999.000,9999.000,9999.000,9999.000,9999.000,9999.000,9999.000
202606291242,   3.188,   2.558,9999.000,9999.000,9999.000,9999.000,9999.000,9999.000,9999.000
202606291248,   3.189,   2.548,9999.000,9999.000,9999.000,9999.000,9999.000,9999.000,9999.000
202606291254,   3.187,   2.528,9999.000,9999.000,9999.000,9999.000,9999.000,9999.000,9999.000
202606291300,   3.183,   2.519,   0.600,  -1.264,   2.519,   0.600,   2.519,   0.600,   2.519
202606291306,   3.177,   2.479,9999.000,9999.000,9999.000,9999.000,9999.000,9999.000,9999.000
202606291312,   3.169,   2.459,9999.000,9999.000,9999.000,9999.000,9999.000,9999.000,9999.000
202606291318,   3.159,   2.430,9999.000,9999.000,9999.000,9999.000,9999.000,9999.000,9999.000
202606291324,   3.147,   2.387,9999.000,9999.000,9999.000,9999.000,9999.000,9999.000,9999.000
202606291330,   3.132,   2.368,9999.000,9999.000,9999.000,9999.000,9999.000,9999.000,9999.000
202606291336,   3.115,   2.318,9999.000,9999.000,9999.000,9999.000,9999.000,9999.000,9999.000
202606291342,   3.096,   2.279,9999.000,9999.000,9999.000,9999.000,9999.000,9999.000,9999.000
202606291348,   3.075,   2.230,9999.000,9999.000,9999.000,9999.000,9999.000,9999.000,9999.000
202606291354,   3.051,   2.191,9999.000,9999.000,9999.000,9999.000,9999.000,9999.000,9999.000
202606291400,   3.025,   2.138,   0.600,  -1.487,   2.138,   0.600,   2.138,   0.600,   2.138
202606291406,   2.997,   2.089,9999.000,9999.000,9999.000,9999.000,9999.000,9999.000,9999.000
202606291412,   2.966,   2.040,9999.000,9999.000,9999.000,9999.000,9999.000,9999.000,9999.000
202606291418,   2.934,   1.990,9999.000,9999.000,9999.000,9999.000,9999.000,9999.000,9999.000
202606291424,   2.899,   1.928,9999.000,9999.000,9999.000,9999.000,9999.000,9999.000,9999.000
202606291430,   2.863,   1.879,9999.000,9999.000,9999.000,9999.000,9999.000,9999.000,9999.000
202606291436,   2.824,   1.820,9999.000,9999.000,9999.000,9999.000,9999.000,9999.000,9999.000
202606291442,   2.784,   1.758,9999.000,9999.000,9999.000,9999.000,9999.000,9999.000,9999.000
202606291448,   2.742,   1.708,9999.000,9999.000,9999.000,9999.000,9999.000,9999.000,9999.000
202606291454,   2.698,   1.649,9999.000,9999.000,9999.000,9999.000,9999.000,9999.000,9999.000
202606291500,   2.653,   1.580,   0.600,  -1.673,   1.580,   0.600,   1.580,   0.600,   1.580
202606291506,   2.606,   1.518,9999.000,9999.000,9999.000,9999.000,9999.000,9999.000,9999.000
202606291512,   2.558,   1.469,9999.000,9999.000,9999.000,9999.000,9999.000,9999.000,9999.000
202606291518,   2.509,   1.410,9999.000,9999.000,9999.000,9999.000,9999.000,9999.000,9999.000
202606291524,   2.459,   1.348,9999.000,9999.000,9999.000,9999.000,9999.000,9999.000,9999.000
202606291530,   2.408,   1.289,9999.000,9999.000,9999.000,9999.000,9999.000,9999.000,9999.000
202606291536,   2.356,   1.229,9999.000,9999.000,9999.000,9999.000,9999.000,9999.000,9999.000
202606291542,   2.303,   1.170,9999.000,9999.000,9999.000,9999.000,9999.000,9999.000,9999.000
202606291548,   2.249,   1.108,9999.000,9999.000,9999.000,9999.000,9999.000,9999.000,9999.000
202606291554,   2.195,   1.059,9999.000,9999.000,9999.000,9999.000,9999.000,9999.000,9999.000
202606291600,   2.140,   1.000,   0.600,  -1.740,   1.000,   0.600,   1.000,   0.600,   1.000
202606291606,   2.085,   0.951,9999.000,9999.000,9999.000,9999.000,9999.000,9999.000,9999.000
202606291612,   2.030,   0.888,9999.000,9999.000,9999.000,9999.000,9999.000,9999.000,9999.000
202606291618,   1.974,   0.829,9999.000,9999.000,9999.000,9999.000,9999.000,9999.000,9999.000
202606291624,   1.919,   0.780,9999.000,9999.000,9999.000,9999.000,9999.000,9999.000,9999.000
202606291630,   1.863,   0.731,9999.000,9999.000,9999.000,9999.000,9999.000,9999.000,9999.000
202606291636,   1.807,   0.678,9999.000,9999.000,9999.000,9999.000,9999.000,9999.000,9999.000
202606291642,   1.751,   0.629,9999.000,9999.000,9999.000,9999.000,9999.000,9999.000,9999.000
202606291648,   1.696,   0.590,9999.000,9999.000,9999.000,9999.000,9999.000,9999.000,9999.000
202606291654,   1.640,   0.541,9999.000,9999.000,9999.000,9999.000,9999.000,9999.000,9999.000
202606291700,   1.585,   0.498,   0.600,  -1.687,   0.498,   0.600,   0.498,   0.600,   0.498
202606291706,   1.529,   0.459,9999.000,9999.000,9999.000,9999.000,9999.000,9999.000,9999.000
202606291712,   1.474,   0.409,9999.000,9999.000,9999.000,9999.000,9999.000,9999.000,9999.000
202606291718,   1.419,   0.380,9999.000,9999.000,9999.000,9999.000,9999.000,9999.000,9999.000
202606291724,   1.364,   0.331,9999.000,9999.000,9999.000,9999.000,9999.000,9999.000,9999.000
202606291730,   1.310,   0.288,9999.000,9999.000,9999.000,9999.000,9999.000,9999.000,9999.000
202606291736,   1.255,   0.268,9999.000,9999.000,9999.000,9999.000,9999.000,9999.000,9999.000
202606291742,   1.201,   0.229,9999.000,9999.000,9999.000,9999.000,9999.000,9999.000,9999.000
202606291748,   1.147,   0.190,9999.000,9999.000,9999.000,9999.000,9999.000,9999.000,9999.000
202606291754,   1.093,   0.170,9999.000,9999.000,9999.000,9999.000,9999.000,9999.000,9999.000
202606291800,   1.040,   0.150,   0.600,  -1.490,   0.150,   0.600,   0.150,   0.700,   0.250
202606291806,   0.988,   0.111,9999.000,9999.000,9999.000,9999.000,9999.000,9999.000,9999.000
202606291812,   0.937,   0.088,9999.000,9999.000,9999.000,9999.000,9999.000,9999.000,9999.000
202606291818,   0.887,   0.049,9999.000,9999.000,9999.000,9999.000,9999.000,9999.000,9999.000
202606291824,   0.838,   0.029,9999.000,9999.000,9999.000,9999.000,9999.000,9999.000,9999.000
202606291830,   0.792,   0.019,9999.000,9999.000,9999.000,9999.000,9999.000,9999.000,9999.000
202606291836,   0.747,  -0.019,9999.000,9999.000,9999.000,9999.000,9999.000,9999.000,9999.000
202606291842,   0.706,  -0.029,9999.000,9999.000,9999.000,9999.000,9999.000,9999.000,9999.000
202606291848,   0.668,  -0.039,9999.000,9999.000,9999.000,9999.000,9999.000,9999.000,9999.000
202606291854,   0.633,  -0.049,9999.000,9999.000,9999.000,9999.000,9999.000,9999.000,9999.000
202606291900,   0.602,  -0.068,   0.600,  -1.270,  -0.068,   0.600,  -0.068,   0.700,   0.032
202606291906,   0.576,  -0.078,9999.000,9999.000,9999.000,9999.000,9999.000,9999.000,9999.000
202606291912,   0.555,  -0.088,9999.000,9999.000,9999.000,9999.000,9999.000,9999.000,9999.000
202606291918,   0.539,  -0.098,9999.000,9999.000,9999.000,9999.000,9999.000,9999.000,9999.000
202606291924,   0.528,  -0.098,9999.000,9999.000,9999.000,9999.000,9999.000,9999.000,9999.000
202606291930,   0.523,  -0.111,9999.000,9999.000,9999.000,9999.000,9999.000,9999.000,9999.000
202606291936,   0.524,  -0.098,9999.000,9999.000,9999.000,9999.000,9999.000,9999.000,9999.000
202606291942,   0.531,  -0.098,9999.000,9999.000,9999.000,9999.000,9999.000,9999.000,9999.000
202606291948,   0.544,  -0.088,9999.000,9999.000,9999.000,9999.000,9999.000,9999.000,9999.000
202606291954,   0.562,  -0.068,9999.000,9999.000,9999.000,9999.000,9999.000,9999.000,9999.000
202606292000,   0.586,  -0.059,   0.600,  -1.245,  -0.059,   0.600,  -0.059,   0.700,   0.041
202606292006,   0.616,  -0.019,9999.000,9999.000,9999.000,9999.000,9999.000,9999.000,9999.000
202606292012,   0.650,   0.000,9999.000,9999.000,9999.000,9999.000,9999.000,9999.000,9999.000
202606292018,   0.689,   0.039,9999.000,9999.000,9999.000,9999.000,9999.000,9999.000,9999.000
202606292024,   0.732,   0.088,9999.000,9999.000,9999.000,9999.000,9999.000,9999.000,9999.000
202606292030,   0.779,   0.111,9999.000,9999.000,9999.000,9999.000,9999.000,9999.000,9999.000
202606292036,   0.830,   0.160,9999.000,9999.000,9999.000,9999.000,9999.000,9999.000,9999.000
202606292042,   0.884,   0.219,9999.000,9999.000,9999.000,9999.000,9999.000,9999.000,9999.000
202606292048,   0.940,   0.268,9999.000,9999.000,9999.000,9999.000,9999.000,9999.000,9999.000
202606292054,   0.999,   0.331,9999.000,9999.000,9999.000,9999.000,9999.000,9999.000,9999.000
202606292100,   1.059,   0.400,   0.700,  -1.359,   0.400,   0.600,   0.300,   0.700,   0.400
202606292106,   1.121,   0.459,9999.000,9999.000,9999.000,9999.000,9999.000,9999.000,9999.000
202606292112,   1.183,   0.551,9999.000,9999.000,9999.000,9999.000,9999.000,9999.000,9999.000
202606292118,   1.247,   0.590,9999.000,9999.000,9999.000,9999.000,9999.000,9999.000,9999.000
202606292124,   1.310,   0.669,9999.000,9999.000,9999.000,9999.000,9999.000,9999.000,9999.000
202606292130,   1.374,   0.751,9999.000,9999.000,9999.000,9999.000,9999.000,9999.000,9999.000
202606292136,   1.437,   0.800,9999.000,9999.000,9999.000,9999.000,9999.000,9999.000,9999.000
202606292142,   1.500,   0.859,9999.000,9999.000,9999.000,9999.000,9999.000,9999.000,9999.000
202606292148,   1.562,   0.961,9999.000,9999.000,9999.000,9999.000,9999.000,9999.000,9999.000
202606292154,   1.623,   1.029,9999.000,9999.000,9999.000,9999.000,9999.000,9999.000,9999.000
202606292200,   1.682,   1.098,   0.700,  -1.284,   1.098,   0.600,   0.998,   0.700,   1.098
202606292206,   1.741,   1.151,9999.000,9999.000,9999.000,9999.000,9999.000,9999.000,9999.000
202606292212,   1.797,   1.239,9999.000,9999.000,9999.000,9999.000,9999.000,9999.000,9999.000
202606292218,   1.853,   1.318,9999.000,9999.000,9999.000,9999.000,9999.000,9999.000,9999.000
202606292224,   1.906,   1.380,9999.000,9999.000,9999.000,9999.000,9999.000,9999.000,9999.000
202606292230,   1.958,   1.459,9999.000,9999.000,9999.000,9999.000,9999.000,9999.000,9999.000
202606292236,   2.008,   1.508,9999.000,9999.000,9999.000,9999.000,9999.000,9999.000,9999.000
202606292242,   2.056,   1.580,9999.000,9999.000,9999.000,9999.000,9999.000,9999.000,9999.000
202606292248,   2.102,   1.639,9999.000,9999.000,9999.000,9999.000,9999.000,9999.000,9999.000
202606292254,   2.147,   1.708,9999.000,9999.000,9999.000,9999.000,9999.000,9999.000,9999.000
202606292300,   2.189,   1.767,   0.700,  -1.122,   1.767,   0.600,   1.667,   0.700,   1.767
202606292306,   2.230,   1.830,9999.000,9999.000,9999.000,9999.000,9999.000,9999.000,9999.000
202606292312,   2.269,   1.899,9999.000,9999.000,9999.000,9999.000,9999.000,9999.000,9999.000
202606292318,   2.306,   1.928,9999.000,9999.000,9999.000,9999.000,9999.000,9999.000,9999.000
202606292324,   2.342,   2.000,9999.000,9999.000,9999.000,9999.000,9999.000,9999.000,9999.000
202606292330,   2.375,   2.040,9999.000,9999.000,9999.000,9999.000,9999.000,9999.000,9999.000
202606292336,   2.407,   2.059,9999.000,9999.000,9999.000,9999.000,9999.000,9999.000,9999.000
202606292342,   2.438,   2.109,9999.000,9999.000,9999.000,9999.000,9999.000,9999.000,9999.000
202606292348,   2.466,   2.168,9999.000,9999.000,9999.000,9999.000,9999.000,9999.000,9999.000
202606292354,   2.493,   2.200,9999.000,9999.000,9999.000,9999.000,9999.000,9999.000,9999.000
202606300000,   2.518,   2.220,   0.700,  -0.998,   2.220,   0.700,   2.220,   0.700,   2.220
202606300006,   2.542,   2.259,9999.000,9999.000,9999.000,9999.000,9999.000,9999.000,9999.000
202606300012,   2.564,   2.279,9999.000,9999.000,9999.000,9999.000,9999.000,9999.000,9999.000
202606300018,   2.584,   2.309,9999.000,9999.000,9999.000,9999.000,9999.000,9999.000,9999.000
202606300024,   2.602,   2.318,9999.000,9999.000,9999.000,9999.000,9999.000,9999.000,9999.000
202606300030,   2.619,   2.338,9999.000,9999.000,9999.000,9999.000,9999.000,9999.000,9999.000
202606300036,   2.634,   2.348,9999.000,9999.000,9999.000,9999.000,9999.000,9999.000,9999.000
202606300042,   2.648,   2.358,9999.000,9999.000,9999.000,9999.000,9999.000,9999.000,9999.000
202606300048,   2.660,   2.377,9999.000,9999.000,9999.000,9999.000,9999.000,9999.000,9999.000
202606300054,   2.670,   2.377,9999.000,9999.000,9999.000,9999.000,9999.000,9999.000,9999.000
202606300100,   2.678,   2.387,   0.700,  -0.991,   2.387,   0.700,   2.387,   0.700,   2.387
202606300106,   2.684,   2.387,9999.000,9999.000,9999.000,9999.000,9999.000,9999.000,9999.000
202606300112,   2.689,   2.377,9999.000,9999.000,9999.000,9999.000,9999.000,9999.000,9999.000
202606300118,   2.691,   2.377,9999.000,9999.000,9999.000,9999.000,9999.000,9999.000,9999.000
202606300124,   2.692,   2.368,9999.000,9999.000,9999.000,9999.000,9999.000,9999.000,9999.000
202606300130,   2.691,   2.348,9999.000,9999.000,9999.000,9999.000,9999.000,9999.000,9999.000
202606300136,   2.688,   2.328,9999.000,9999.000,9999.000,9999.000,9999.000,9999.000,9999.000
202606300142,   2.683,   2.289,9999.000,9999.000,9999.000,9999.000,9999.000,9999.000,9999.000
202606300148,   2.676,   2.269,9999.000,9999.000,9999.000,9999.000,9999.000,9999.000,9999.000
202606300154,   2.667,   2.230,9999.000,9999.000,9999.000,9999.000,9999.000,9999.000,9999.000
202606300200,   2.656,   2.191,   0.700,  -1.165,   2.191,   0.700,   2.191,   0.700,   2.191
202606300206,   2.643,   2.148,9999.000,9999.000,9999.000,9999.000,9999.000,9999.000,9999.000
202606300212,   2.628,   2.109,9999.000,9999.000,9999.000,9999.000,9999.000,9999.000,9999.000
202606300218,   2.610,   2.059,9999.000,9999.000,9999.000,9999.000,9999.000,9999.000,9999.000
202606300224,   2.590,   2.020,9999.000,9999.000,9999.000,9999.000,9999.000,9999.000,9999.000
202606300230,   2.568,   1.967,9999.000,9999.000,9999.000,9999.000,9999.000,9999.000,9999.000
202606300236,   2.544,   1.918,9999.000,9999.000,9999.000,9999.000,9999.000,9999.000,9999.000
202606300242,   2.517,   1.869,9999.000,9999.000,9999.000,9999.000,9999.000,9999.000,9999.000
202606300248,   2.489,   1.810,9999.000,9999.000,9999.000,9999.000,9999.000,9999.000,9999.000
202606300254,   2.458,   1.758,9999.000,9999.000,9999.000,9999.000,9999.000,9999.000,9999.000
202606300300,   2.424,   1.699,   0.700,  -1.425,   1.699,   0.700,   1.699,   0.700,   1.699
202606300306,   2.389,   1.649,9999.000,9999.000,9999.000,9999.000,9999.000,9999.000,9999.000
202606300312,   2.352,   1.590,9999.000,9999.000,9999.000,9999.000,9999.000,9999.000,9999.000
202606300318,   2.313,   1.528,9999.000,9999.000,9999.000,9999.000,9999.000,9999.000,9999.000
202606300324,   2.272,   1.469,9999.000,9999.000,9999.000,9999.000,9999.000,9999.000,9999.000
202606300330,   2.230,   1.410,9999.000,9999.000,9999.000,9999.000,9999.000,9999.000,9999.000
202606300336,   2.185,   1.348,9999.000,9999.000,9999.000,9999.000,9999.000,9999.000,9999.000
202606300342,   2.140,   1.289,9999.000,9999.000,9999.000,9999.000,9999.000,9999.000,9999.000
202606300348,   2.093,   1.229,9999.000,9999.000,9999.000,9999.000,9999.000,9999.000,9999.000
202606300354,   2.045,   1.170,9999.000,9999.000,9999.000,9999.000,9999.000,9999.000,9999.000
202606300400,   1.996,   1.118,   0.700,  -1.578,   1.118,   0.700,   1.118,   0.700,   1.118
202606300406,   1.947,   1.059,9999.000,9999.000,9999.000,9999.000,9999.000,9999.000,9999.000
202606300412,   1.897,   1.000,9999.000,9999.000,9999.000,9999.000,9999.000,9999.000,9999.000
202606300418,   1.846,   0.951,9999.000,9999.000,9999.000,9999.000,9999.000,9999.000,9999.000
202606300424,   1.795,   0.888,9999.000,9999.000,9999.000,9999.000,9999.000,9999.000,9999.000
202606300430,   1.744,   0.839,9999.000,9999.000,9999.000,9999.000,9999.000,9999.000,9999.000
202606300436,   1.693,   0.790,9999.000,9999.000,9999.000,9999.000,9999.000,9999.000,9999.000
202606300442,   1.642,   0.741,9999.000,9999.000,9999.000,9999.000,9999.000,9999.000,9999.000
202606300448,   1.592,   0.688,9999.000,9999.000,9999.000,9999.000,9999.000,9999.000,9999.000
202606300454,   1.542,   0.639,9999.000,9999.000,9999.000,9999.000,9999.000,9999.000,9999.000
202606300500,   1.493,   0.600,   0.700,  -1.593,   0.600,   0.700,   0.600,   0.700,   0.600
202606300506,   1.445,   0.551,9999.000,9999.000,9999.000,9999.000,9999.000,9999.000,9999.000
202606300512,   1.398,   0.508,9999.000,9999.000,9999.000,9999.000,9999.000,9999.000,9999.000
202606300518,   1.352,   0.459,9999.000,9999.000,9999.000,9999.000,9999.000,9999.000,9999.000
202606300524,   1.307,   0.419,9999.000,9999.000,9999.000,9999.000,9999.000,9999.000,9999.000
202606300530,   1.263,   0.380,9999.000,9999.000,9999.000,9999.000,9999.000,9999.000,9999.000
202606300536,   1.221,   0.341,9999.000,9999.000,9999.000,9999.000,9999.000,9999.000,9999.000
202606300542,   1.180,   0.321,9999.000,9999.000,9999.000,9999.000,9999.000,9999.000,9999.000
202606300548,   1.140,   0.268,9999.000,9999.000,9999.000,9999.000,9999.000,9999.000,9999.000
202606300554,   1.102,   0.249,9999.000,9999.000,9999.000,9999.000,9999.000,9999.000,9999.000
202606300600,   1.066,   0.200,   0.700,  -1.566,   0.200,   0.700,   0.200,   0.700,   0.200
202606300606,   1.031,   0.180,9999.000,9999.000,9999.000,9999.000,9999.000,9999.000,9999.000
202606300612,   0.998,   0.160,9999.000,9999.000,9999.000,9999.000,9999.000,9999.000,9999.000
202606300618,   0.967,   0.121,9999.000,9999.000,9999.000,9999.000,9999.000,9999.000,9999.000
202606300624,   0.938,   0.111,9999.000,9999.000,9999.000,9999.000,9999.000,9999.000,9999.000
202606300630,   0.911,   0.098,9999.000,9999.000,9999.000,9999.000,9999.000,9999.000,9999.000
202606300636,   0.887,   0.078,9999.000,9999.000,9999.000,9999.000,9999.000,9999.000,9999.000
202606300642,   0.865,   0.068,9999.000,9999.000,9999.000,9999.000,9999.000,9999.000,9999.000
202606300648,   0.846,   0.059,9999.000,9999.000,9999.000,9999.000,9999.000,9999.000,9999.000
202606300654,   0.829,   0.049,9999.000,9999.000,9999.000,9999.000,9999.000,9999.000,9999.000
202606300700,   0.817,   0.039,   0.700,  -1.478,   0.039,   0.700,   0.039,   0.800,   0.139
202606300706,   0.807,   0.039,9999.000,9999.000,9999.000,9999.000,9999.000,9999.000,9999.000
202606300712,   0.801,   0.039,9999.000,9999.000,9999.000,9999.000,9999.000,9999.000,9999.000
202606300718,   0.799,   0.039,9999.000,9999.000,9999.000,9999.000,9999.000,9999.000,9999.000
202606300724,   0.802,   0.049,9999.000,9999.000,9999.000,9999.000,9999.000,9999.000,9999.000
202606300730,   0.809,9999.000,9999.000,9999.000,9999.000,9999.000,9999.000,9999.000,9999.000
202606300736,   0.820,   0.078,9999.000,9999.000,9999.000,9999.000,9999.000,9999.000,9999.000
202606300742,   0.836,   0.121,9999.000,9999.000,9999.000,9999.000,9999.000,9999.000,9999.000
202606300748,   0.857,   0.131,9999.000,9999.000,9999.000,9999.000,9999.000,9999.000,9999.000
202606300754,   0.882,   0.170,9999.000,9999.000,9999.000,9999.000,9999.000,9999.000,9999.000
202606300800,   0.912,   0.170,   0.700,  -1.442,   0.170,   0.700,   0.170,   0.800,   0.270
202606300806,   0.947,   0.268,9999.000,9999.000,9999.000,9999.000,9999.000,9999.000,9999.000
202606300812,   0.986,   0.308,9999.000,9999.000,9999.000,9999.000,9999.000,9999.000,9999.000
202606300818,   1.030,9999.000,9999.000,9999.000,9999.000,9999.000,9999.000,9999.000,9999.000
202606300824,   1.077,   0.409,9999.000,9999.000,9999.000,9999.000,9999.000,9999.000,9999.000
202606300830,   1.128,   0.469,9999.000,9999.000,9999.000,9999.000,9999.000,9999.000,9999.000
202606300836,   1.183,   0.518,9999.000,9999.000,9999.000,9999.000,9999.000,9999.000,9999.000
202606300842,   1.241,   0.600,9999.000,9999.000,9999.000,9999.000,9999.000,9999.000,9999.000
202606300848,   1.302,   0.649,9999.000,9999.000,9999.000,9999.000,9999.000,9999.000,9999.000
202606300854,   1.365,   0.708,9999.000,9999.000,9999.000,9999.000,9999.000,9999.000,9999.000
202606300900,   1.430,   0.800,   0.700,  -1.330,   0.800,   0.700,   0.800,   0.800,   0.900
202606300906,   1.496,   0.869,9999.000,9999.000,9999.000,9999.000,9999.000,9999.000,9999.000
202606300912,   1.564,   0.941,9999.000,9999.000,9999.000,9999.000,9999.000,9999.000,9999.000
202606300918,   1.633,   0.990,9999.000,9999.000,9999.000,9999.000,9999.000,9999.000,9999.000
202606300924,   1.703,   1.079,9999.000,9999.000,9999.000,9999.000,9999.000,9999.000,9999.000
202606300930,   1.772,9999.000,9999.000,9999.000,9999.000,9999.000,9999.000,9999.000,9999.000
202606300936,   1.841,   1.220,9999.000,9999.000,9999.000,9999.000,9999.000,9999.000,9999.000
202606300942,   1.910,   1.298,9999.000,9999.000,9999.000,9999.000,9999.000,9999.000,9999.000
202606300948,   1.979,   1.371,9999.000,9999.000,9999.000,9999.000,9999.000,9999.000,9999.000
202606300954,   2.046,   1.439,9999.000,9999.000,9999.000,9999.000,9999.000,9999.000,9999.000
202606301000,   2.111,   1.518,   0.700,  -1.293,   1.518,   0.700,   1.518,   0.800,   1.618
202606301006,   2.176,   1.580,9999.000,9999.000,9999.000,9999.000,9999.000,9999.000,9999.000
202606301012,   2.238,   1.649,9999.000,9999.000,9999.000,9999.000,9999.000,9999.000,9999.000
202606301018,   2.299,   1.718,9999.000,9999.000,9999.000,9999.000,9999.000,9999.000,9999.000
202606301024,   2.358,   1.767,9999.000,9999.000,9999.000,9999.000,9999.000,9999.000,9999.000
202606301030,   2.415,9999.000,9999.000,9999.000,9999.000,9999.000,9999.000,9999.000,9999.000
202606301036,   2.469,   1.908,9999.000,9999.000,9999.000,9999.000,9999.000,9999.000,9999.000
202606301042,   2.522,   1.967,9999.000,9999.000,9999.000,9999.000,9999.000,9999.000,9999.000
202606301048,   2.572,   2.030,9999.000,9999.000,9999.000,9999.000,9999.000,9999.000,9999.000
202606301054,   2.620,   2.079,9999.000,9999.000,9999.000,9999.000,9999.000,9999.000,9999.000
202606301100,   2.665,   2.079,   0.700,  -1.286,   2.079,   0.700,   2.079,   0.800,   2.179
202606301106,   2.708,   2.200,9999.000,9999.000,9999.000,9999.000,9999.000,9999.000,9999.000
202606301112,   2.749,   2.250,9999.000,9999.000,9999.000,9999.000,9999.000,9999.000,9999.000
202606301118,   2.788,   2.299,9999.000,9999.000,9999.000,9999.000,9999.000,9999.000,9999.000
202606301124,   2.824,   2.338,9999.000,9999.000,9999.000,9999.000,9999.000,9999.000,9999.000
202606301130,   2.858,   2.387,9999.000,9999.000,9999.000,9999.000,9999.000,9999.000,9999.000
202606301136,   2.890,   2.430,9999.000,9999.000,9999.000,9999.000,9999.000,9999.000,9999.000
202606301142,   2.921,   2.469,9999.000,9999.000,9999.000,9999.000,9999.000,9999.000,9999.000
202606301148,   2.949,   2.489,9999.000,9999.000,9999.000,9999.000,9999.000,9999.000,9999.000
202606301154,   2.975,   2.528,9999.000,9999.000,9999.000,9999.000,9999.000,9999.000,9999.000
202606301200,   2.999,   2.548,   0.700,  -1.151,   2.548,   0.700,   2.548,   0.800,   2.648
202606301206,   3.022,   2.587,9999.000,9999.000,9999.000,9999.000,9999.000,9999.000,9999.000
202606301212,   3.042,   2.610,9999.000,9999.000,9999.000,9999.000,9999.000,9999.000,9999.000
202606301218,   3.061,   2.630,9999.000,9999.000,9999.000,9999.000,9999.000,9999.000,9999.000
202606301224,   3.079,   2.650,9999.000,9999.000,9999.000,9999.000,9999.000,9999.000,9999.000
202606301230,   3.094,   2.669,9999.000,9999.000,9999.000,9999.000,9999.000,9999.000,9999.000
202606301236,   3.108,   2.689,9999.000,9999.000,9999.000,9999.000,9999.000,9999.000,9999.000
202606301242,   3.120,   2.709,9999.000,9999.000,9999.000,9999.000,9999.000,9999.000,9999.000
202606301248,   3.131,   2.719,9999.000,9999.000,9999.000,9999.000,9999.000,9999.000,9999.000
202606301254,   3.140,   2.728,9999.000,9999.000,9999.000,9999.000,9999.000,9999.000,9999.000
202606301300,   3.147,   2.738,   0.700,  -1.109,   2.738,   0.700,   2.738,   0.800,   2.838
202606301306,   3.153,   2.738,9999.000,9999.000,9999.000,9999.000,9999.000,9999.000,9999.000
202606301312,   3.157,   2.738,9999.000,9999.000,9999.000,9999.000,9999.000,9999.000,9999.000
202606301318,   3.160,   2.728,9999.000,9999.000,9999.000,9999.000,9999.000,9999.000,9999.000
202606301324,   3.160,   2.719,9999.000,9999.000,9999.000,9999.000,9999.000,9999.000,9999.000
202606301330,   3.159,9999.000,9999.000,9999.000,9999.000,9999.000,9999.000,9999.000,9999.000
202606301336,   3.155,   2.699,9999.000,9999.000,9999.000,9999.000,9999.000,9999.000,9999.000
202606301342,   3.150,   2.679,9999.000,9999.000,9999.000,9999.000,9999.000,9999.000,9999.000
202606301348,   3.143,   2.640,9999.000,9999.000,9999.000,9999.000,9999.000,9999.000,9999.000
202606301354,   3.133,   2.630,9999.000,9999.000,9999.000,9999.000,9999.000,9999.000,9999.000
202606301400,   3.121,   2.587,   0.700,  -1.234,   2.587,   0.700,   2.587,   0.800,   2.687
202606301406,   3.108,   2.568,9999.000,9999.000,9999.000,9999.000,9999.000,9999.000,9999.000
202606301412,   3.091,   2.519,9999.000,9999.000,9999.000,9999.000,9999.000,9999.000,9999.000
202606301418,   3.073,   2.469,9999.000,9999.000,9999.000,9999.000,9999.000,9999.000,9999.000
202606301424,   3.052,   2.430,9999.000,9999.000,9999.000,9999.000,9999.000,9999.000,9999.000
202606301430,   3.029,9999.000,9999.000,9999.000,9999.000,9999.000,9999.000,9999.000,9999.000
202606301436,   3.004,   2.338,9999.000,9999.000,9999.000,9999.000,9999.000,9999.000,9999.000
202606301442,   2.976,   2.289,9999.000,9999.000,9999.000,9999.000,9999.000,9999.000,9999.000
202606301448,   2.947,   2.240,9999.000,9999.000,9999.000,9999.000,9999.000,9999.000,9999.000
202606301454,   2.915,   2.191,9999.000,9999.000,9999.000,9999.000,9999.000,9999.000,9999.000
202606301500,   2.881,   2.191,   0.700,  -1.390,   2.191,   0.700,   2.191,   0.800,   2.291
202606301506,   2.844,   2.069,9999.000,9999.000,9999.000,9999.000,9999.000,9999.000,9999.000
202606301512,   2.806,   2.010,9999.000,9999.000,9999.000,9999.000,9999.000,9999.000,9999.000
202606301518,   2.766,   1.948,9999.000,9999.000,9999.000,9999.000,9999.000,9999.000,9999.000
202606301524,   2.725,   1.889,9999.000,9999.000,9999.000,9999.000,9999.000,9999.000,9999.000
202606301530,   2.681,   1.830,9999.000,9999.000,9999.000,9999.000,9999.000,9999.000,9999.000
202606301536,   2.636,   1.767,9999.000,9999.000,9999.000,9999.000,9999.000,9999.000,9999.000
202606301542,   2.590,   1.708,9999.000,9999.000,9999.000,9999.000,9999.000,9999.000,9999.000
202606301548,   2.542,   1.639,9999.000,9999.000,9999.000,9999.000,9999.000,9999.000,9999.000
202606301554,   2.494,   1.580,9999.000,9999.000,9999.000,9999.000,9999.000,9999.000,9999.000
202606301600,   2.444,   1.518,   0.700,  -1.626,   1.518,   0.700,   1.518,   0.800,   1.618
202606301606,   2.392,   1.469,9999.000,9999.000,9999.000,9999.000,9999.000,9999.000,9999.000
202606301612,   2.340,   1.410,9999.000,9999.000,9999.000,9999.000,9999.000,9999.000,9999.000
202606301618,   2.287,   1.348,9999.000,9999.000,9999.000,9999.000,9999.000,9999.000,9999.000
202606301624,   2.234,   1.289,9999.000,9999.000,9999.000,9999.000,9999.000,9999.000,9999.000
202606301630,   2.179,   1.229,9999.000,9999.000,9999.000,9999.000,9999.000,9999.000,9999.000
202606301636,   2.124,   1.180,9999.000,9999.000,9999.000,9999.000,9999.000,9999.000,9999.000
202606301642,   2.069,   1.118,9999.000,9999.000,9999.000,9999.000,9999.000,9999.000,9999.000
202606301648,   2.013,   1.069,9999.000,9999.000,9999.000,9999.000,9999.000,9999.000,9999.000
202606301654,   1.956,   1.010,9999.000,9999.000,9999.000,9999.000,9999.000,9999.000,9999.000
202606301700,   1.900,   0.961,   0.700,  -1.639,   0.961,   0.700,   0.961,   0.800,   1.061
202606301706,   1.843,   0.898,9999.000,9999.000,9999.000,9999.000,9999.000,9999.000,9999.000
202606301712,   1.786,   0.849,9999.000,9999.000,9999.000,9999.000,9999.000,9999.000,9999.000
202606301718,   1.729,   0.800,9999.000,9999.000,9999.000,9999.000,9999.000,9999.000,9999.000
202606301724,   1.672,   0.751,9999.000,9999.000,9999.000,9999.000,9999.000,9999.000,9999.000
202606301730,   1.616,   0.698,9999.000,9999.000,9999.000,9999.000,9999.000,9999.000,9999.000
202606301736,   1.559,   0.659,9999.000,9999.000,9999.000,9999.000,9999.000,9999.000,9999.000
202606301742,   1.503,   0.619,9999.000,9999.000,9999.000,9999.000,9999.000,9999.000,9999.000
202606301748,   1.447,   0.580,9999.000,9999.000,9999.000,9999.000,9999.000,9999.000,9999.000
202606301754,   1.392,   0.531,9999.000,9999.000,9999.000,9999.000,9999.000,9999.000,9999.000
202606301800,   1.337,   0.531,   0.700,  -1.506,   0.531,   0.700,   0.531,   0.800,   0.631
202606301806,   1.283,   0.449,9999.000,9999.000,9999.000,9999.000,9999.000,9999.000,9999.000
202606301812,   1.229,   0.409,9999.000,9999.000,9999.000,9999.000,9999.000,9999.000,9999.000
202606301818,   1.176,   0.370,9999.000,9999.000,9999.000,9999.000,9999.000,9999.000,9999.000
202606301824,   1.123,   0.341,9999.000,9999.000,9999.000,9999.000,9999.000,9999.000,9999.000
202606301830,   1.072,   0.321,9999.000,9999.000,9999.000,9999.000,9999.000,9999.000,9999.000
202606301836,   1.021,   0.278,9999.000,9999.000,9999.000,9999.000,9999.000,9999.000,9999.000
202606301842,   0.971,   0.239,9999.000,9999.000,9999.000,9999.000,9999.000,9999.000,9999.000
202606301848,   0.923,   0.229,9999.000,9999.000,9999.000,9999.000,9999.000,9999.000,9999.000
202606301854,   0.876,   0.209,9999.000,9999.000,9999.000,9999.000,9999.000,9999.000,9999.000
202606301900,   0.830,   0.209,   0.700,  -1.321,   0.209,   0.700,   0.209,   0.800,   0.309
202606301906,   0.787,   0.150,9999.000,9999.000,9999.000,9999.000,9999.000,9999.000,9999.000
202606301912,   0.746,   0.131,9999.000,9999.000,9999.000,9999.000,9999.000,9999.000,9999.000
202606301918,   0.707,   0.111,9999.000,9999.000,9999.000,9999.000,9999.000,9999.000,9999.000
202606301924,   0.672,   0.088,9999.000,9999.000,9999.000,9999.000,9999.000,9999.000,9999.000
202606301930,   0.639,9999.000,9999.000,9999.000,9999.000,9999.000,9999.000,9999.000,9999.000
202606301936,   0.610,   0.059,9999.000,9999.000,9999.000,9999.000,9999.000,9999.000,9999.000
202606301942,   0.586,   0.039,9999.000,9999.000,9999.000,9999.000,9999.000,9999.000,9999.000
202606301948,   0.565,   0.029,9999.000,9999.000,9999.000,9999.000,9999.000,9999.000,9999.000
202606301954,   0.549,   0.019,9999.000,9999.000,9999.000,9999.000,9999.000,9999.000,9999.000
202606302000,   0.539,   0.019,   0.700,  -1.220,   0.019,   0.700,   0.019,   0.800,   0.119
202606302006,   0.533,   0.009,9999.000,9999.000,9999.000,9999.000,9999.000,9999.000,9999.000
202606302012,   0.533,   0.000,9999.000,9999.000,9999.000,9999.000,9999.000,9999.000,9999.000
202606302018,   0.538,   0.000,9999.000,9999.000,9999.000,9999.000,9999.000,9999.000,9999.000
202606302024,   0.549,   0.000,9999.000,9999.000,9999.000,9999.000,9999.000,9999.000,9999.000
202606302030,   0.565,   0.009,9999.000,9999.000,9999.000,9999.000,9999.000,9999.000,9999.000
202606302036,   0.587,   0.019,9999.000,9999.000,9999.000,9999.000,9999.000,9999.000,9999.000
202606302042,   0.614,   0.049,9999.000,9999.000,9999.000,9999.000,9999.000,9999.000,9999.000
202606302048,   0.646,   0.068,9999.000,9999.000,9999.000,9999.000,9999.000,9999.000,9999.000
202606302054,   0.682,   0.111,9999.000,9999.000,9999.000,9999.000,9999.000,9999.000,9999.000
202606302100,   0.724,   0.150,   0.700,  -1.274,   0.150,   0.700,   0.150,   0.800,   0.250
202606302106,   0.769,   0.180,9999.000,9999.000,9999.000,9999.000,9999.000,9999.000,9999.000
202606302112,   0.818,   0.229,9999.000,9999.000,9999.000,9999.000,9999.000,9999.000,9999.000
202606302118,   0.870,   0.268,9999.000,9999.000,9999.000,9999.000,9999.000,9999.000,9999.000
202606302124,   0.926,   0.321,9999.000,9999.000,9999.000,9999.000,9999.000,9999.000,9999.000
202606302130,   0.984,   0.380,9999.000,9999.000,9999.000,9999.000,9999.000,9999.000,9999.000
202606302136,   1.044,   0.429,9999.000,9999.000,9999.000,9999.000,9999.000,9999.000,9999.000
202606302142,   1.105,   0.508,9999.000,9999.000,9999.000,9999.000,9999.000,9999.000,9999.000
202606302148,   1.168,   0.551,9999.000,9999.000,9999.000,9999.000,9999.000,9999.000,9999.000
202606302154,   1.232,   0.629,9999.000,9999.000,9999.000,9999.000,9999.000,9999.000,9999.000
202606302200,   1.297,   0.698,   0.700,  -1.299,   0.698,   0.700,   0.698,   0.800,   0.798
202606302206,   1.362,   0.751,9999.000,9999.000,9999.000,9999.000,9999.000,9999.000,9999.000
202606302212,   1.426,   0.839,9999.000,9999.000,9999.000,9999.000,9999.000,9999.000,9999.000
202606302218,   1.491,   0.888,9999.000,9999.000,9999.000,9999.000,9999.000,9999.000,9999.000
202606302224,   1.554,   0.980,9999.000,9999.000,9999.000,9999.000,9999.000,9999.000,9999.000
202606302230,   1.617,9999.000,9999.000,9999.000,9999.000,9999.000,9999.000,9999.000,9999.000
202606302236,   1.678,   1.128,9999.000,9999.000,9999.000,9999.000,9999.000,9999.000,9999.000
202606302242,   1.738,   1.210,9999.000,9999.000,9999.000,9999.000,9999.000,9999.000,9999.000
202606302248,   1.797,   1.279,9999.000,9999.000,9999.000,9999.000,9999.000,9999.000,9999.000
202606302254,   1.854,   1.361,9999.000,9999.000,9999.000,9999.000,9999.000,9999.000,9999.000
202606302300,   1.909,   1.430,   0.700,  -1.179,   1.430,   0.700,   1.430,   0.800,   1.530
202606302306,   1.963,   1.508,9999.000,9999.000,9999.000,9999.000,9999.000,9999.000,9999.000
202606302312,   2.014,   1.557,9999.000,9999.000,9999.000,9999.000,9999.000,9999.000,9999.000
202606302318,   2.064,   1.639,9999.000,9999.000,9999.000,9999.000,9999.000,9999.000,9999.000
202606302324,   2.111,   1.708,9999.000,9999.000,9999.000,9999.000,9999.000,9999.000,9999.000
202606302330,   2.157,9999.000,9999.000,9999.000,9999.000,9999.000,9999.000,9999.000,9999.000
202606302336,   2.200,   1.820,9999.000,9999.000,9999.000,9999.000,9999.000,9999.000,9999.000
202606302342,   2.241,   1.908,9999.000,9999.000,9999.000,9999.000,9999.000,9999.000,9999.000
202606302348,   2.281,   1.948,9999.000,9999.000,9999.000,9999.000,9999.000,9999.000,9999.000
202606302354,   2.318,   2.000,9999.000,9999.000,9999.000,9999.000,9999.000,9999.000,9999.000
202607010000,   2.354,   2.059,   0.700,  -0.995,   2.059,   0.700,   2.059,   0.700,   2.059
202607010006,   2.387,   2.109,9999.000,9999.000,9999.000,9999.000,9999.000,9999.000,9999.000
202607010012,   2.419,   2.158,9999.000,9999.000,9999.000,9999.000,9999.000,9999.000,9999.000
202607010018,   2.449,   2.210,9999.000,9999.000,9999.000,9999.000,9999.000,9999.000,9999.000
202607010024,   2.477,   2.259,9999.000,9999.000,9999.000,9999.000,9999.000,9999.000,9999.000
202607010030,   2.504,   2.299,9999.000,9999.000,9999.000,9999.000,9999.000,9999.000,9999.000
202607010036,   2.528,   2.328,9999.000,9999.000,9999.000,9999.000,9999.000,9999.000,9999.000
202607010042,   2.551,   2.348,9999.000,9999.000,9999.000,9999.000,9999.000,9999.000,9999.000
202607010048,   2.573,   2.387,9999.000,9999.000,9999.000,9999.000,9999.000,9999.000,9999.000
202607010054,   2.592,   2.400,9999.000,9999.000,9999.000,9999.000,9999.000,9999.000,9999.000
202607010100,   2.610,   2.420,   0.700,  -0.890,   2.420,   0.700,   2.420,   0.700,   2.420
202607010106,   2.627,   2.430,9999.000,9999.000,9999.000,9999.000,9999.000,9999.000,9999.000
202607010112,   2.642,   2.450,9999.000,9999.000,9999.000,9999.000,9999.000,9999.000,9999.000
202607010118,   2.655,   2.459,9999.000,9999.000,9999.000,9999.000,9999.000,9999.000,9999.000
202607010124,   2.667,   2.469,9999.000,9999.000,9999.000,9999.000,9999.000,9999.000,9999.000
202607010130,   2.677,   2.469,9999.000,9999.000,9999.000,9999.000,9999.000,9999.000,9999.000
202607010136,   2.685,   2.469,9999.000,9999.000,9999.000,9999.000,9999.000,9999.000,9999.000
202607010142,   2.692,   2.469,9999.000,9999.000,9999.000,9999.000,9999.000,9999.000,9999.000
202607010148,   2.696,   2.469,9999.000,9999.000,9999.000,9999.000,9999.000,9999.000,9999.000
202607010154,   2.700,   2.459,9999.000,9999.000,9999.000,9999.000,9999.000,9999.000,9999.000
202607010200,   2.701,   2.459,   0.700,  -0.942,   2.459,   0.700,   2.459,   0.700,   2.459
202607010206,   2.701,   2.430,9999.000,9999.000,9999.000,9999.000,9999.000,9999.000,9999.000
202607010212,   2.699,   2.387,9999.000,9999.000,9999.000,9999.000,9999.000,9999.000,9999.000
202607010218,   2.695,   2.348,9999.000,9999.000,9999.000,9999.000,9999.000,9999.000,9999.000
202607010224,   2.689,   2.328,9999.000,9999.000,9999.000,9999.000,9999.000,9999.000,9999.000
202607010230,   2.681,9999.000,9999.000,9999.000,9999.000,9999.000,9999.000,9999.000,9999.000
202607010236,   2.672,   2.250,9999.000,9999.000,9999.000,9999.000,9999.000,9999.000,9999.000
202607010242,   2.660,   2.200,9999.000,9999.000,9999.000,9999.000,9999.000,9999.000,9999.000
202607010248,   2.647,   2.148,9999.000,9999.000,9999.000,9999.000,9999.000,9999.000,9999.000
202607010254,   2.631,   2.109,9999.000,9999.000,9999.000,9999.000,9999.000,9999.000,9999.000
202607010300,   2.613,   2.109,   0.700,  -1.204,   2.109,   0.700,   2.109,   0.700,   2.109
202607010306,   2.593,   1.990,9999.000,9999.000,9999.000,9999.000,9999.000,9999.000,9999.000
202607010312,   2.571,   1.958,9999.000,9999.000,9999.000,9999.000,9999.000,9999.000,9999.000
202607010318,   2.547,   1.889,9999.000,9999.000,9999.000,9999.000,9999.000,9999.000,9999.000
202607010324,   2.521,   1.849,9999.000,9999.000,9999.000,9999.000,9999.000,9999.000,9999.000
202607010330,   2.493,   1.790,9999.000,9999.000,9999.000,9999.000,9999.000,9999.000,9999.000
202607010336,   2.462,   1.728,9999.000,9999.000,9999.000,9999.000,9999.000,9999.000,9999.000
202607010342,   2.430,   1.669,9999.000,9999.000,9999.000,9999.000,9999.000,9999.000,9999.000
202607010348,   2.395,   1.610,9999.000,9999.000,9999.000,9999.000,9999.000,9999.000,9999.000
202607010354,   2.359,   1.548,9999.000,9999.000,9999.000,9999.000,9999.000,9999.000,9999.000
202607010400,   2.321,   1.489,   0.700,  -1.532,   1.489,   0.700,   1.489,   0.700,   1.489
202607010406,   2.281,   1.439,9999.000,9999.000,9999.000,9999.000,9999.000,9999.000,9999.000
202607010412,   2.240,   1.338,9999.000,9999.000,9999.000,9999.000,9999.000,9999.000,9999.000
202607010418,   2.197,   1.298,9999.000,9999.000,9999.000,9999.000,9999.000,9999.000,9999.000
202607010424,   2.153,   1.249,9999.000,9999.000,9999.000,9999.000,9999.000,9999.000,9999.000
202607010430,   2.108,   1.200,9999.000,9999.000,9999.000,9999.000,9999.000,9999.000,9999.000
202607010436,   2.061,   1.128,9999.000,9999.000,9999.000,9999.000,9999.000,9999.000,9999.000
202607010442,   2.013,   1.079,9999.000,9999.000,9999.000,9999.000,9999.000,9999.000,9999.000
202607010448,   1.964,   1.020,9999.000,9999.000,9999.000,9999.000,9999.000,9999.000,9999.000
202607010454,   1.915,   0.961,9999.000,9999.000,9999.000,9999.000,9999.000,9999.000,9999.000
202607010500,   1.864,   0.908,   0.700,  -1.656,   0.908,   0.700,   0.908,   0.700,   0.908
202607010506,   1.814,   0.859,9999.000,9999.000,9999.000,9999.000,9999.000,9999.000,9999.000
202607010512,   1.763,   0.800,9999.000,9999.000,9999.000,9999.000,9999.000,9999.000,9999.000
202607010518,   1.711,   0.751,9999.000,9999.000,9999.000,9999.000,9999.000,9999.000,9999.000
202607010524,   1.660,   0.698,9999.000,9999.000,9999.000,9999.000,9999.000,9999.000,9999.000
202607010530,   1.609,   0.649,9999.000,9999.000,9999.000,9999.000,9999.000,9999.000,9999.000
202607010536,   1.558,   0.600,9999.000,9999.000,9999.000,9999.000,9999.000,9999.000,9999.000
202607010542,   1.508,   0.551,9999.000,9999.000,9999.000,9999.000,9999.000,9999.000,9999.000
202607010548,   1.458,   0.498,9999.000,9999.000,9999.000,9999.000,9999.000,9999.000,9999.000
202607010554,   1.410,   0.459,9999.000,9999.000,9999.000,9999.000,9999.000,9999.000,9999.000
202607010600,   1.362,   0.409,   0.700,  -1.653,   0.409,   0.700,   0.409,   0.700,   0.409
202607010606,   1.316,   0.360,9999.000,9999.000,9999.000,9999.000,9999.000,9999.000,9999.000
202607010612,   1.271,   0.331,9999.000,9999.000,9999.000,9999.000,9999.000,9999.000,9999.000
202607010618,   1.227,   0.288,9999.000,9999.000,9999.000,9999.000,9999.000,9999.000,9999.000
202607010624,   1.185,   0.268,9999.000,9999.000,9999.000,9999.000,9999.000,9999.000,9999.000
202607010630,   1.145,   0.219,9999.000,9999.000,9999.000,9999.000,9999.000,9999.000,9999.000
202607010636,   1.106,   0.200,9999.000,9999.000,9999.000,9999.000,9999.000,9999.000,9999.000
202607010642,   1.069,   0.150,9999.000,9999.000,9999.000,9999.000,9999.000,9999.000,9999.000
202607010648,   1.035,   0.131,9999.000,9999.000,9999.000,9999.000,9999.000,9999.000,9999.000
202607010654,   1.002,   0.088,9999.000,9999.000,9999.000,9999.000,9999.000,9999.000,9999.000
202607010700,   0.972,   0.068,   0.700,  -1.604,   0.068,   0.700,   0.068,   0.700,   0.068
202607010706,   0.943,   0.049,9999.000,9999.000,9999.000,9999.000,9999.000,9999.000,9999.000
202607010712,   0.918,   0.000,9999.000,9999.000,9999.000,9999.000,9999.000,9999.000,9999.000
202607010718,   0.895,  -0.019,9999.000,9999.000,9999.000,9999.000,9999.000,9999.000,9999.000
202607010724,   0.874,  -0.029,9999.000,9999.000,9999.000,9999.000,9999.000,9999.000,9999.000
202607010730,   0.857,  -0.039,9999.000,9999.000,9999.000,9999.000,9999.000,9999.000,9999.000
202607010736,   0.843,  -0.049,9999.000,9999.000,9999.000,9999.000,9999.000,9999.000,9999.000
202607010742,   0.831,  -0.059,9999.000,9999.000,9999.000,9999.000,9999.000,9999.000,9999.000
202607010748,   0.824,  -0.068,9999.000,9999.000,9999.000,9999.000,9999.000,9999.000,9999.000
202607010754,   0.820,  -0.068,9999.000,9999.000,9999.000,9999.000,9999.000,9999.000,9999.000
202607010800,   0.820,  -0.078,   0.700,  -1.598,  -0.078,   0.700,  -0.078,   0.700,  -0.078
202607010806,   0.823,  -0.078,9999.000,9999.000,9999.000,9999.000,9999.000,9999.000,9999.000
202607010812,   0.831,  -0.068,9999.000,9999.000,9999.000,9999.000,9999.000,9999.000,9999.000
202607010818,   0.844,  -0.049,9999.000,9999.000,9999.000,9999.000,9999.000,9999.000,9999.000
202607010824,   0.860,  -0.019,9999.000,9999.000,9999.000,9999.000,9999.000,9999.000,9999.000
202607010830,   0.882,   0.000,9999.000,9999.000,9999.000,9999.000,9999.000,9999.000,9999.000
202607010836,   0.907,   0.039,9999.000,9999.000,9999.000,9999.000,9999.000,9999.000,9999.000
202607010842,   0.937,   0.068,9999.000,9999.000,9999.000,9999.000,9999.000,9999.000,9999.000
202607010848,   0.972,   0.121,9999.000,9999.000,9999.000,9999.000,9999.000,9999.000,9999.000
202607010854,   1.010,   0.170,9999.000,9999.000,9999.000,9999.000,9999.000,9999.000,9999.000
202607010900,   1.053,   0.219,   0.700,  -1.534,   0.219,   0.700,   0.219,   0.700,   0.219
202607010906,   1.100,   0.278,9999.000,9999.000,9999.000,9999.000,9999.000,9999.000,9999.000
202607010912,   1.150,   0.331,9999.000,9999.000,9999.000,9999.000,9999.000,9999.000,9999.000
202607010918,   1.204,   0.390,9999.000,9999.000,9999.000,9999.000,9999.000,9999.000,9999.000
202607010924,   1.261,   0.478,9999.000,9999.000,9999.000,9999.000,9999.000,9999.000,9999.000
202607010930,   1.320,   0.531,9999.000,9999.000,9999.000,9999.000,9999.000,9999.000,9999.000
202607010936,   1.382,   0.610,9999.000,9999.000,9999.000,9999.000,9999.000,9999.000,9999.000
202607010942,   1.446,   0.688,9999.000,9999.000,9999.000,9999.000,9999.000,9999.000,9999.000
202607010948,   1.512,   0.760,9999.000,9999.000,9999.000,9999.000,9999.000,9999.000,9999.000
202607010954,   1.579,   0.839,9999.000,9999.000,9999.000,9999.000,9999.000,9999.000,9999.000
202607011000,   1.647,   0.918,   0.700,  -1.429,   0.918,   0.700,   0.918,   0.700,   0.918
202607011006,   1.716,   1.000,9999.000,9999.000,9999.000,9999.000,9999.000,9999.000,9999.000
202607011012,   1.785,   1.079,9999.000,9999.000,9999.000,9999.000,9999.000,9999.000,9999.000
202607011018,   1.853,   1.161,9999.000,9999.000,9999.000,9999.000,9999.000,9999.000,9999.000
202607011024,   1.922,   1.229,9999.000,9999.000,9999.000,9999.000,9999.000,9999.000,9999.000
202607011030,   1.989,   1.308,9999.000,9999.000,9999.000,9999.000,9999.000,9999.000,9999.000
202607011036,   2.056,   1.390,9999.000,9999.000,9999.000,9999.000,9999.000,9999.000,9999.000
202607011042,   2.121,   1.459,9999.000,9999.000,9999.000,9999.000,9999.000,9999.000,9999.000
202607011048,   2.185,   1.538,9999.000,9999.000,9999.000,9999.000,9999.000,9999.000,9999.000
202607011054,   2.247,   1.630,9999.000,9999.000,9999.000,9999.000,9999.000,9999.000,9999.000
202607011100,   2.308,   1.699,   0.700,  -1.309,   1.699,   0.700,   1.699,   0.700,   1.699
202607011106,   2.366,   1.781,9999.000,9999.000,9999.000,9999.000,9999.000,9999.000,9999.000
202607011112,   2.423,   1.849,9999.000,9999.000,9999.000,9999.000,9999.000,9999.000,9999.000
202607011118,   2.477,   1.899,9999.000,9999.000,9999.000,9999.000,9999.000,9999.000,9999.000
202607011124,   2.529,   1.958,9999.000,9999.000,9999.000,9999.000,9999.000,9999.000,9999.000
202607011130,   2.578,   2.049,9999.000,9999.000,9999.000,9999.000,9999.000,9999.000,9999.000
202607011136,   2.625,   2.099,9999.000,9999.000,9999.000,9999.000,9999.000,9999.000,9999.000
202607011142,   2.670,   2.158,9999.000,9999.000,9999.000,9999.000,9999.000,9999.000,9999.000
202607011148,   2.712,   2.220,9999.000,9999.000,9999.000,9999.000,9999.000,9999.000,9999.000
202607011154,   2.752,   2.279,9999.000,9999.000,9999.000,9999.000,9999.000,9999.000,9999.000
202607011200,   2.789,   2.328,   0.700,  -1.161,   2.328,   0.600,   2.228,   0.700,   2.328
202607011206,   2.825,   2.377,9999.000,9999.000,9999.000,9999.000,9999.000,9999.000,9999.000
202607011212,   2.857,   2.430,9999.000,9999.000,9999.000,9999.000,9999.000,9999.000,9999.000
202607011218,   2.888,   2.479,9999.000,9999.000,9999.000,9999.000,9999.000,9999.000,9999.000
202607011224,   2.916,   2.519,9999.000,9999.000,9999.000,9999.000,9999.000,9999.000,9999.000
202607011230,   2.943,   2.558,9999.000,9999.000,9999.000,9999.000,9999.000,9999.000,9999.000
202607011236,   2.967,   2.597,9999.000,9999.000,9999.000,9999.000,9999.000,9999.000,9999.000
202607011242,   2.989,   2.640,9999.000,9999.000,9999.000,9999.000,9999.000,9999.000,9999.000
202607011248,   3.010,   2.660,9999.000,9999.000,9999.000,9999.000,9999.000,9999.000,9999.000
202607011254,   3.028,   2.699,9999.000,9999.000,9999.000,9999.000,9999.000,9999.000,9999.000
202607011300,   3.045,   2.719,   0.700,  -1.026,   2.719,   0.600,   2.619,   0.700,   2.719
202607011306,   3.060,   2.728,9999.000,9999.000,9999.000,9999.000,9999.000,9999.000,9999.000
202607011312,   3.073,   2.748,9999.000,9999.000,9999.000,9999.000,9999.000,9999.000,9999.000
202607011318,   3.085,   2.768,9999.000,9999.000,9999.000,9999.000,9999.000,9999.000,9999.000
202607011324,   3.095,   2.778,9999.000,9999.000,9999.000,9999.000,9999.000,9999.000,9999.000
202607011330,   3.104,   2.797,9999.000,9999.000,9999.000,9999.000,9999.000,9999.000,9999.000
202607011336,   3.110,   2.807,9999.000,9999.000,9999.000,9999.000,9999.000,9999.000,9999.000
202607011342,   3.116,   2.820,9999.000,9999.000,9999.000,9999.000,9999.000,9999.000,9999.000
202607011348,   3.119,   2.820,9999.000,9999.000,9999.000,9999.000,9999.000,9999.000,9999.000
202607011354,   3.121,   2.820,9999.000,9999.000,9999.000,9999.000,9999.000,9999.000,9999.000
202607011400,   3.121,   2.807,   0.700,  -1.014,   2.807,   0.600,   2.707,   0.700,   2.807
202607011406,   3.120,   2.797,9999.000,9999.000,9999.000,9999.000,9999.000,9999.000,9999.000
202607011412,   3.116,   2.778,9999.000,9999.000,9999.000,9999.000,9999.000,9999.000,9999.000
202607011418,   3.111,   2.738,9999.000,9999.000,9999.000,9999.000,9999.000,9999.000,9999.000
202607011424,   3.104,   2.719,9999.000,9999.000,9999.000,9999.000,9999.000,9999.000,9999.000
202607011430,   3.095,   2.689,9999.000,9999.000,9999.000,9999.000,9999.000,9999.000,9999.000
202607011436,   3.083,   2.650,9999.000,9999.000,9999.000,9999.000,9999.000,9999.000,9999.000
202607011442,   3.070,   2.610,9999.000,9999.000,9999.000,9999.000,9999.000,9999.000,9999.000
202607011448,   3.054,   2.568,9999.000,9999.000,9999.000,9999.000,9999.000,9999.000,9999.000
202607011454,   3.037,   2.519,9999.000,9999.000,9999.000,9999.000,9999.000,9999.000,9999.000
202607011500,   3.017,   2.469,   0.700,  -1.248,   2.469,   0.600,   2.369,   0.700,   2.469
202607011506,   2.995,   2.420,9999.000,9999.000,9999.000,9999.000,9999.000,9999.000,9999.000
202607011512,   2.970,   2.358,9999.000,9999.000,9999.000,9999.000,9999.000,9999.000,9999.000
202607011518,   2.944,   2.299,9999.000,9999.000,9999.000,9999.000,9999.000,9999.000,9999.000
202607011524,   2.915,   2.240,9999.000,9999.000,9999.000,9999.000,9999.000,9999.000,9999.000
202607011530,   2.884,   2.177,9999.000,9999.000,9999.000,9999.000,9999.000,9999.000,9999.000
202607011536,   2.851,   2.118,9999.000,9999.000,9999.000,9999.000,9999.000,9999.000,9999.000
202607011542,   2.816,   2.059,9999.000,9999.000,9999.000,9999.000,9999.000,9999.000,9999.000
202607011548,   2.779,   1.967,9999.000,9999.000,9999.000,9999.000,9999.000,9999.000,9999.000
202607011554,   2.740,   1.918,9999.000,9999.000,9999.000,9999.000,9999.000,9999.000,9999.000
202607011600,   2.699,   1.859,   0.700,  -1.540,   1.859,   0.600,   1.759,   0.700,   1.859
202607011606,   2.657,   1.800,9999.000,9999.000,9999.000,9999.000,9999.000,9999.000,9999.000
202607011612,   2.612,   1.728,9999.000,9999.000,9999.000,9999.000,9999.000,9999.000,9999.000
202607011618,   2.567,   1.639,9999.000,9999.000,9999.000,9999.000,9999.000,9999.000,9999.000
202607011624,   2.520,   1.600,9999.000,9999.000,9999.000,9999.000,9999.000,9999.000,9999.000
202607011630,   2.471,9999.000,9999.000,9999.000,9999.000,9999.000,9999.000,9999.000,9999.000
202607011636,   2.422,   1.439,9999.000,9999.000,9999.000,9999.000,9999.000,9999.000,9999.000
202607011642,   2.371,   1.390,9999.000,9999.000,9999.000,9999.000,9999.000,9999.000,9999.000
202607011648,   2.319,   1.328,9999.000,9999.000,9999.000,9999.000,9999.000,9999.000,9999.000
202607011654,   2.266,   1.269,9999.000,9999.000,9999.000,9999.000,9999.000,9999.000,9999.000
202607011700,   2.212,   1.200,   0.600,  -1.612,   1.200,   0.600,   1.200,   0.700,   1.300
202607011706,   2.158,   1.118,9999.000,9999.000,9999.000,9999.000,9999.000,9999.000,9999.000
202607011712,   2.102,   1.079,9999.000,9999.000,9999.000,9999.000,9999.000,9999.000,9999.000
202607011718,   2.046,   1.020,9999.000,9999.000,9999.000,9999.000,9999.000,9999.000,9999.000
202607011724,   1.989,   0.961,9999.000,9999.000,9999.000,9999.000,9999.000,9999.000,9999.000
202607011730,   1.932,9999.000,9999.000,9999.000,9999.000,9999.000,9999.000,9999.000,9999.000
202607011736,   1.875,   0.849,9999.000,9999.000,9999.000,9999.000,9999.000,9999.000,9999.000
202607011742,   1.817,   0.790,9999.000,9999.000,9999.000,9999.000,9999.000,9999.000,9999.000
202607011748,   1.758,   0.731,9999.000,9999.000,9999.000,9999.000,9999.000,9999.000,9999.000
202607011754,   1.700,   0.688,9999.000,9999.000,9999.000,9999.000,9999.000,9999.000,9999.000
202607011800,   1.642,   0.688,   0.600,  -1.554,   0.688,   0.600,   0.688,   0.700,   0.788
202607011806,   1.584,   0.580,9999.000,9999.000,9999.000,9999.000,9999.000,9999.000,9999.000
202607011812,   1.527,   0.531,9999.000,9999.000,9999.000,9999.000,9999.000,9999.000,9999.000
202607011818,   1.470,   0.488,9999.000,9999.000,9999.000,9999.000,9999.000,9999.000,9999.000
202607011824,   1.413,   0.449,9999.000,9999.000,9999.000,9999.000,9999.000,9999.000,9999.000
202607011830,   1.357,   0.400,9999.000,9999.000,9999.000,9999.000,9999.000,9999.000,9999.000
202607011836,   1.302,   0.350,9999.000,9999.000,9999.000,9999.000,9999.000,9999.000,9999.000
202607011842,   1.248,   0.308,9999.000,9999.000,9999.000,9999.000,9999.000,9999.000,9999.000
202607011848,   1.195,   0.278,9999.000,9999.000,9999.000,9999.000,9999.000,9999.000,9999.000
202607011854,   1.143,   0.229,9999.000,9999.000,9999.000,9999.000,9999.000,9999.000,9999.000
202607011900,   1.093,   0.229,   0.600,  -1.464,   0.229,   0.600,   0.229,   0.700,   0.329
202607011906,   1.044,   0.180,9999.000,9999.000,9999.000,9999.000,9999.000,9999.000,9999.000
202607011912,   0.996,   0.150,9999.000,9999.000,9999.000,9999.000,9999.000,9999.000,9999.000
202607011918,   0.949,   0.111,9999.000,9999.000,9999.000,9999.000,9999.000,9999.000,9999.000
202607011924,   0.905,   0.088,9999.000,9999.000,9999.000,9999.000,9999.000,9999.000,9999.000
202607011930,   0.862,   0.049,9999.000,9999.000,9999.000,9999.000,9999.000,9999.000,9999.000
202607011936,   0.821,   0.009,9999.000,9999.000,9999.000,9999.000,9999.000,9999.000,9999.000
202607011942,   0.782,   0.000,9999.000,9999.000,9999.000,9999.000,9999.000,9999.000,9999.000
202607011948,   0.746,  -0.019,9999.000,9999.000,9999.000,9999.000,9999.000,9999.000,9999.000
202607011954,   0.712,  -0.039,9999.000,9999.000,9999.000,9999.000,9999.000,9999.000,9999.000
202607012000,   0.680,  -0.059,   0.600,  -1.339,  -0.059,   0.600,  -0.059,   0.700,   0.041
202607012006,   0.652,  -0.068,9999.000,9999.000,9999.000,9999.000,9999.000,9999.000,9999.000
202607012012,   0.627,  -0.088,9999.000,9999.000,9999.000,9999.000,9999.000,9999.000,9999.000
202607012018,   0.606,  -0.111,9999.000,9999.000,9999.000,9999.000,9999.000,9999.000,9999.000
202607012024,   0.588,  -0.121,9999.000,9999.000,9999.000,9999.000,9999.000,9999.000,9999.000
202607012030,   0.575,  -0.121,9999.000,9999.000,9999.000,9999.000,9999.000,9999.000,9999.000
202607012036,   0.565,  -0.131,9999.000,9999.000,9999.000,9999.000,9999.000,9999.000,9999.000
202607012042,   0.561,  -0.131,9999.000,9999.000,9999.000,9999.000,9999.000,9999.000,9999.000
202607012048,   0.561,  -0.131,9999.000,9999.000,9999.000,9999.000,9999.000,9999.000,9999.000
202607012054,   0.566,  -0.131,9999.000,9999.000,9999.000,9999.000,9999.000,9999.000,9999.000
202607012100,   0.576,  -0.131,   0.600,  -1.307,  -0.131,   0.600,  -0.131,   0.700,  -0.031
202607012106,   0.592,  -0.121,9999.000,9999.000,9999.000,9999.000,9999.000,9999.000,9999.000
202607012112,   0.612,  -0.088,9999.000,9999.000,9999.000,9999.000,9999.000,9999.000,9999.000
202607012118,   0.637,  -0.068,9999.000,9999.000,9999.000,9999.000,9999.000,9999.000,9999.000
202607012124,   0.667,  -0.029,9999.000,9999.000,9999.000,9999.000,9999.000,9999.000,9999.000
202607012130,   0.701,   0.000,9999.000,9999.000,9999.000,9999.000,9999.000,9999.000,9999.000
202607012136,   0.740,   0.039,9999.000,9999.000,9999.000,9999.000,9999.000,9999.000,9999.000
202607012142,   0.784,   0.088,9999.000,9999.000,9999.000,9999.000,9999.000,9999.000,9999.000
202607012148,   0.831,   0.141,9999.000,9999.000,9999.000,9999.000,9999.000,9999.000,9999.000
202607012154,   0.881,   0.180,9999.000,9999.000,9999.000,9999.000,9999.000,9999.000,9999.000
202607012200,   0.935,   0.259,   0.600,  -1.276,   0.259,   0.600,   0.259,   0.700,   0.359
202607012206,   0.992,   0.298,9999.000,9999.000,9999.000,9999.000,9999.000,9999.000,9999.000
202607012212,   1.051,   0.360,9999.000,9999.000,9999.000,9999.000,9999.000,9999.000,9999.000
202607012218,   1.112,   0.419,9999.000,9999.000,9999.000,9999.000,9999.000,9999.000,9999.000
202607012224,   1.175,   0.469,9999.000,9999.000,9999.000,9999.000,9999.000,9999.000,9999.000
202607012230,   1.239,   0.560,9999.000,9999.000,9999.000,9999.000,9999.000,9999.000,9999.000
202607012236,   1.304,   0.629,9999.000,9999.000,9999.000,9999.000,9999.000,9999.000,9999.000
202607012242,   1.369,   0.678,9999.000,9999.000,9999.000,9999.000,9999.000,9999.000,9999.000
202607012248,   1.435,   0.770,9999.000,9999.000,9999.000,9999.000,9999.000,9999.000,9999.000
202607012254,   1.500,   0.839,9999.000,9999.000,9999.000,9999.000,9999.000,9999.000,9999.000
202607012300,   1.565,   0.908,   0.600,  -1.257,   0.908,   0.600,   0.908,   0.700,   1.008
202607012306,   1.629,   0.980,9999.000,9999.000,9999.000,9999.000,9999.000,9999.000,9999.000
202607012312,   1.692,   1.059,9999.000,9999.000,9999.000,9999.000,9999.000,9999.000,9999.000
202607012318,   1.754,   1.128,9999.000,9999.000,9999.000,9999.000,9999.000,9999.000,9999.000
202607012324,   1.815,   1.210,9999.000,9999.000,9999.000,9999.000,9999.000,9999.000,9999.000
202607012330,   1.873,   1.289,9999.000,9999.000,9999.000,9999.000,9999.000,9999.000,9999.000
202607012336,   1.931,   1.348,9999.000,9999.000,9999.000,9999.000,9999.000,9999.000,9999.000
202607012342,   1.986,   1.439,9999.000,9999.000,9999.000,9999.000,9999.000,9999.000,9999.000
202607012348,   2.039,   1.489,9999.000,9999.000,9999.000,9999.000,9999.000,9999.000,9999.000
202607012354,   2.090,   1.557,9999.000,9999.000,9999.000,9999.000,9999.000,9999.000,9999.000
202607020000,   2.139,   1.639,   0.600,  -1.100,   1.639,   0.600,   1.639,   0.600,   1.639
202607020006,   2.185,   1.689,9999.000,9999.000,9999.000,9999.000,9999.000,9999.000,9999.000
202607020012,   2.230,   1.748,9999.000,9999.000,9999.000,9999.000,9999.000,9999.000,9999.000
202607020018,   2.272,   1.810,9999.000,9999.000,9999.000,9999.000,9999.000,9999.000,9999.000
202607020024,   2.312,   1.859,9999.000,9999.000,9999.000,9999.000,9999.000,9999.000,9999.000
202607020030,   2.350,   1.918,9999.000,9999.000,9999.000,9999.000,9999.000,9999.000,9999.000
202607020036,   2.385,   1.967,9999.000,9999.000,9999.000,9999.000,9999.000,9999.000,9999.000
202607020042,   2.419,   2.020,9999.000,9999.000,9999.000,9999.000,9999.000,9999.000,9999.000
202607020048,   2.450,   2.069,9999.000,9999.000,9999.000,9999.000,9999.000,9999.000,9999.000
202607020054,   2.479,   2.109,9999.000,9999.000,9999.000,9999.000,9999.000,9999.000,9999.000
202607020100,   2.507,   2.148,   0.600,  -0.959,   2.148,   0.600,   2.148,   0.600,   2.148
202607020106,   2.532,   2.168,9999.000,9999.000,9999.000,9999.000,9999.000,9999.000,9999.000
202607020112,   2.556,   2.210,9999.000,9999.000,9999.000,9999.000,9999.000,9999.000,9999.000
202607020118,   2.578,   2.230,9999.000,9999.000,9999.000,9999.000,9999.000,9999.000,9999.000
202607020124,   2.598,   2.269,9999.000,9999.000,9999.000,9999.000,9999.000,9999.000,9999.000
202607020130,   2.617,   2.289,9999.000,9999.000,9999.000,9999.000,9999.000,9999.000,9999.000
202607020136,   2.633,   2.309,9999.000,9999.000,9999.000,9999.000,9999.000,9999.000,9999.000
202607020142,   2.649,   2.318,9999.000,9999.000,9999.000,9999.000,9999.000,9999.000,9999.000
202607020148,   2.662,   2.338,9999.000,9999.000,9999.000,9999.000,9999.000,9999.000,9999.000
202607020154,   2.674,   2.348,9999.000,9999.000,9999.000,9999.000,9999.000,9999.000,9999.000
202607020200,   2.685,   2.348,   0.600,  -0.937,   2.348,   0.600,   2.348,   0.600,   2.348
202607020206,   2.693,   2.368,9999.000,9999.000,9999.000,9999.000,9999.000,9999.000,9999.000
202607020212,   2.701,   2.368,9999.000,9999.000,9999.000,9999.000,9999.000,9999.000,9999.000
202607020218,   2.707,   2.368,9999.000,9999.000,9999.000,9999.000,9999.000,9999.000,9999.000
202607020224,   2.711,   2.358,9999.000,9999.000,9999.000,9999.000,9999.000,9999.000,9999.000
202607020230,   2.714,   2.348,9999.000,9999.000,9999.000,9999.000,9999.000,9999.000,9999.000
202607020236,   2.715,   2.338,9999.000,9999.000,9999.000,9999.000,9999.000,9999.000,9999.000
202607020242,   2.714,   2.318,9999.000,9999.000,9999.000,9999.000,9999.000,9999.000,9999.000
202607020248,   2.712,   2.299,9999.000,9999.000,9999.000,9999.000,9999.000,9999.000,9999.000
202607020254,   2.708,   2.269,9999.000,9999.000,9999.000,9999.000,9999.000,9999.000,9999.000
202607020300,   2.703,   2.269,   0.600,  -1.034,   2.269,   0.600,   2.269,   0.600,   2.269
202607020306,   2.696,   2.210,9999.000,9999.000,9999.000,9999.000,9999.000,9999.000,9999.000
202607020312,   2.687,   2.168,9999.000,9999.000,9999.000,9999.000,9999.000,9999.000,9999.000
202607020318,   2.677,   2.128,9999.000,9999.000,9999.000,9999.000,9999.000,9999.000,9999.000
202607020324,   2.664,   2.089,9999.000,9999.000,9999.000,9999.000,9999.000,9999.000,9999.000
202607020330,   2.650,9999.000,9999.000,9999.000,9999.000,9999.000,9999.000,9999.000,9999.000
202607020336,   2.633,   2.000,9999.000,9999.000,9999.000,9999.000,9999.000,9999.000,9999.000
202607020342,   2.615,   1.958,9999.000,9999.000,9999.000,9999.000,9999.000,9999.000,9999.000
202607020348,   2.595,   1.908,9999.000,9999.000,9999.000,9999.000,9999.000,9999.000,9999.000
202607020354,   2.573,   1.849,9999.000,9999.000,9999.000,9999.000,9999.000,9999.000,9999.000
202607020400,   2.548,   1.800,   0.600,  -1.348,   1.800,   0.600,   1.800,   0.600,   1.800
202607020406,   2.522,   1.748,9999.000,9999.000,9999.000,9999.000,9999.000,9999.000,9999.000
202607020412,   2.494,   1.669,9999.000,9999.000,9999.000,9999.000,9999.000,9999.000,9999.000
202607020418,   2.463,   1.630,9999.000,9999.000,9999.000,9999.000,9999.000,9999.000,9999.000
202607020424,   2.431,   1.548,9999.000,9999.000,9999.000,9999.000,9999.000,9999.000,9999.000
202607020430,   2.397,   1.508,9999.000,9999.000,9999.000,9999.000,9999.000,9999.000,9999.000
202607020436,   2.361,   1.459,9999.000,9999.000,9999.000,9999.000,9999.000,9999.000,9999.000
202607020442,   2.324,   1.390,9999.000,9999.000,9999.000,9999.000,9999.000,9999.000,9999.000
202607020448,   2.285,   1.328,9999.000,9999.000,9999.000,9999.000,9999.000,9999.000,9999.000
202607020454,   2.244,   1.249,9999.000,9999.000,9999.000,9999.000,9999.000,9999.000,9999.000
202607020500,   2.201,   1.200,   0.600,  -1.601,   1.200,   0.600,   1.200,   0.600,   1.200
202607020506,   2.158,   1.138,9999.000,9999.000,9999.000,9999.000,9999.000,9999.000,9999.000
202607020512,   2.112,   1.079,9999.000,9999.000,9999.000,9999.000,9999.000,9999.000,9999.000
202607020518,   2.066,   1.020,9999.000,9999.000,9999.000,9999.000,9999.000,9999.000,9999.000
202607020524,   2.018,   0.961,9999.000,9999.000,9999.000,9999.000,9999.000,9999.000,9999.000
202607020530,   1.970,   0.908,9999.000,9999.000,9999.000,9999.000,9999.000,9999.000,9999.000
202607020536,   1.920,   0.849,9999.000,9999.000,9999.000,9999.000,9999.000,9999.000,9999.000
202607020542,   1.870,   0.790,9999.000,9999.000,9999.000,9999.000,9999.000,9999.000,9999.000
202607020548,   1.819,   0.741,9999.000,9999.000,9999.000,9999.000,9999.000,9999.000,9999.000
202607020554,   1.767,   0.678,9999.000,9999.000,9999.000,9999.000,9999.000,9999.000,9999.000
202607020600,   1.715,   0.619,   0.600,  -1.696,   0.619,   0.600,   0.619,   0.600,   0.619
202607020606,   1.663,   0.570,9999.000,9999.000,9999.000,9999.000,9999.000,9999.000,9999.000
202607020612,   1.611,   0.518,9999.000,9999.000,9999.000,9999.000,9999.000,9999.000,9999.000
202607020618,   1.559,   0.469,9999.000,9999.000,9999.000,9999.000,9999.000,9999.000,9999.000
202607020624,   1.508,   0.409,9999.000,9999.000,9999.000,9999.000,9999.000,9999.000,9999.000
202607020630,   1.457,9999.000,9999.000,9999.000,9999.000,9999.000,9999.000,9999.000,9999.000
202607020636,   1.407,   0.308,9999.000,9999.000,9999.000,9999.000,9999.000,9999.000,9999.000
202607020642,   1.359,   0.268,9999.000,9999.000,9999.000,9999.000,9999.000,9999.000,9999.000
202607020648,   1.311,   0.229,9999.000,9999.000,9999.000,9999.000,9999.000,9999.000,9999.000
202607020654,   1.266,   0.180,9999.000,9999.000,9999.000,9999.000,9999.000,9999.000,9999.000
202607020700,   1.222,   0.180,   0.600,  -1.642,   0.180,   0.600,   0.180,   0.600,   0.180
202607020706,   1.179,   0.088,9999.000,9999.000,9999.000,9999.000,9999.000,9999.000,9999.000
202607020712,   1.139,   0.049,9999.000,9999.000,9999.000,9999.000,9999.000,9999.000,9999.000
202607020718,   1.101,   0.009,9999.000,9999.000,9999.000,9999.000,9999.000,9999.000,9999.000
202607020724,   1.065,   0.000,9999.000,9999.000,9999.000,9999.000,9999.000,9999.000,9999.000
202607020730,   1.031,9999.000,9999.000,9999.000,9999.000,9999.000,9999.000,9999.000,9999.000
202607020736,   0.999,  -0.059,9999.000,9999.000,9999.000,9999.000,9999.000,9999.000,9999.000
202607020742,   0.970,  -0.098,9999.000,9999.000,9999.000,9999.000,9999.000,9999.000,9999.000
202607020748,   0.944,  -0.121,9999.000,9999.000,9999.000,9999.000,9999.000,9999.000,9999.000
202607020754,   0.920,  -0.141,9999.000,9999.000,9999.000,9999.000,9999.000,9999.000,9999.000
202607020800,   0.899,  -0.180,   0.600,  -1.679,  -0.180,   0.600,  -0.180,   0.600,  -0.180
202607020806,   0.881,  -0.190,9999.000,9999.000,9999.000,9999.000,9999.000,9999.000,9999.000
202607020812,   0.866,  -0.209,9999.000,9999.000,9999.000,9999.000,9999.000,9999.000,9999.000
202607020818,   0.853,  -0.219,9999.000,9999.000,9999.000,9999.000,9999.000,9999.000,9999.000
202607020824,   0.844,  -0.239,9999.000,9999.000,9999.000,9999.000,9999.000,9999.000,9999.000
202607020830,   0.838,  -0.259,9999.000,9999.000,9999.000,9999.000,9999.000,9999.000,9999.000
202607020836,   0.836,  -0.268,9999.000,9999.000,9999.000,9999.000,9999.000,9999.000,9999.000
202607020842,   0.837,  -0.278,9999.000,9999.000,9999.000,9999.000,9999.000,9999.000,9999.000
202607020848,   0.843,  -0.288,9999.000,9999.000,9999.000,9999.000,9999.000,9999.000,9999.000
202607020854,   0.851,  -0.288,9999.000,9999.000,9999.000,9999.000,9999.000,9999.000,9999.000
202607020900,   0.864,  -0.288,   0.600,  -1.752,  -0.288,   0.600,  -0.288,   0.600,  -0.288
202607020906,   0.881,  -0.278,9999.000,9999.000,9999.000,9999.000,9999.000,9999.000,9999.000
202607020912,   0.903,  -0.268,9999.000,9999.000,9999.000,9999.000,9999.000,9999.000,9999.000
202607020918,   0.928,  -0.259,9999.000,9999.000,9999.000,9999.000,9999.000,9999.000,9999.000
202607020924,   0.957,  -0.219,9999.000,9999.000,9999.000,9999.000,9999.000,9999.000,9999.000
202607020930,   0.991,  -0.200,9999.000,9999.000,9999.000,9999.000,9999.000,9999.000,9999.000
202607020936,   1.029,  -0.150,9999.000,9999.000,9999.000,9999.000,9999.000,9999.000,9999.000
202607020942,   1.070,  -0.098,9999.000,9999.000,9999.000,9999.000,9999.000,9999.000,9999.000
202607020948,   1.115,  -0.059,9999.000,9999.000,9999.000,9999.000,9999.000,9999.000,9999.000
202607020954,   1.164,  -0.019,9999.000,9999.000,9999.000,9999.000,9999.000,9999.000,9999.000
202607021000,   1.217,   0.029,   0.600,  -1.788,   0.029,   0.600,   0.029,   0.600,   0.029
202607021006,   1.272,   0.088,9999.000,9999.000,9999.000,9999.000,9999.000,9999.000,9999.000
202607021012,   1.330,   0.141,9999.000,9999.000,9999.000,9999.000,9999.000,9999.000,9999.000
202607021018,   1.390,   0.209,9999.000,9999.000,9999.000,9999.000,9999.000,9999.000,9999.000
202607021024,   1.453,   0.268,9999.000,9999.000,9999.000,9999.000,9999.000,9999.000,9999.000
202607021030,   1.517,9999.000,9999.000,9999.000,9999.000,9999.000,9999.000,9999.000,9999.000
202607021036,   1.583,   0.419,9999.000,9999.000,9999.000,9999.000,9999.000,9999.000,9999.000
202607021042,   1.650,   0.488,9999.000,9999.000,9999.000,9999.000,9999.000,9999.000,9999.000
202607021048,   1.718,   0.570,9999.000,9999.000,9999.000,9999.000,9999.000,9999.000,9999.000
202607021054,   1.786,   0.639,9999.000,9999.000,9999.000,9999.000,9999.000,9999.000,9999.000
202607021100,   1.854,   0.708,   0.600,  -1.746,   0.708,   0.500,   0.608,   0.600,   0.708
202607021106,   1.922,   0.790,9999.000,9999.000,9999.000,9999.000,9999.000,9999.000,9999.000
202607021112,   1.989,9999.000,9999.000,9999.000,9999.000,9999.000,9999.000,9999.000,9999.000
202607021118,   2.055,   0.941,9999.000,9999.000,9999.000,9999.000,9999.000,9999.000,9999.000
202607021124,   2.120,   1.020,9999.000,9999.000,9999.000,9999.000,9999.000,9999.000,9999.000
202607021130,   2.184,   1.088,9999.000,9999.000,9999.000,9999.000,9999.000,9999.000,9999.000
202607021136,   2.246,   1.170,9999.000,9999.000,9999.000,9999.000,9999.000,9999.000,9999.000
202607021142,   2.307,   1.249,9999.000,9999.000,9999.000,9999.000,9999.000,9999.000,9999.000
202607021148,   2.365,   1.318,9999.000,9999.000,9999.000,9999.000,9999.000,9999.000,9999.000
202607021154,   2.421,   1.390,9999.000,9999.000,9999.000,9999.000,9999.000,9999.000,9999.000
202607021200,   2.475,   1.469,   0.500,  -1.506,   1.469,   0.500,   1.469,   0.600,   1.569
202607021206,   2.527,   1.518,9999.000,9999.000,9999.000,9999.000,9999.000,9999.000,9999.000
202607021212,   2.576,   1.610,9999.000,9999.000,9999.000,9999.000,9999.000,9999.000,9999.000
202607021218,   2.623,   1.659,9999.000,9999.000,9999.000,9999.000,9999.000,9999.000,9999.000
202607021224,   2.667,   1.718,9999.000,9999.000,9999.000,9999.000,9999.000,9999.000,9999.000
202607021230,   2.709,9999.000,9999.000,9999.000,9999.000,9999.000,9999.000,9999.000,9999.000
202607021236,   2.748,   1.840,9999.000,9999.000,9999.000,9999.000,9999.000,9999.000,9999.000
202607021242,   2.785,   1.889,9999.000,9999.000,9999.000,9999.000,9999.000,9999.000,9999.000
202607021248,   2.819,   1.938,9999.000,9999.000,9999.000,9999.000,9999.000,9999.000,9999.000
202607021254,   2.851,   1.990,9999.000,9999.000,9999.000,9999.000,9999.000,9999.000,9999.000
202607021300,   2.880,   1.990,   0.500,  -1.390,   1.990,   0.500,   1.990,   0.600,   2.090
202607021306,   2.908,   2.079,9999.000,9999.000,9999.000,9999.000,9999.000,9999.000,9999.000
202607021312,   2.932,   2.118,9999.000,9999.000,9999.000,9999.000,9999.000,9999.000,9999.000
202607021318,   2.955,   2.158,9999.000,9999.000,9999.000,9999.000,9999.000,9999.000,9999.000
202607021324,   2.976,   2.200,9999.000,9999.000,9999.000,9999.000,9999.000,9999.000,9999.000
202607021330,   2.994,9999.000,9999.000,9999.000,9999.000,9999.000,9999.000,9999.000,9999.000
202607021336,   3.011,   2.230,9999.000,9999.000,9999.000,9999.000,9999.000,9999.000,9999.000
202607021342,   3.026,   2.269,9999.000,9999.000,9999.000,9999.000,9999.000,9999.000,9999.000
202607021348,   3.039,   2.279,9999.000,9999.000,9999.000,9999.000,9999.000,9999.000,9999.000
202607021354,   3.050,   2.299,9999.000,9999.000,9999.000,9999.000,9999.000,9999.000,9999.000
202607021400,   3.060,   2.309,   0.500,  -1.251,   2.309,   0.500,   2.309,   0.600,   2.409
202607021406,   3.068,   2.318,9999.000,9999.000,9999.000,9999.000,9999.000,9999.000,9999.000
202607021412,   3.074,   2.328,9999.000,9999.000,9999.000,9999.000,9999.000,9999.000,9999.000
202607021418,   3.079,   2.338,9999.000,9999.000,9999.000,9999.000,9999.000,9999.000,9999.000
202607021424,   3.082,   2.338,9999.000,9999.000,9999.000,9999.000,9999.000,9999.000,9999.000
202607021430,   3.083,9999.000,9999.000,9999.000,9999.000,9999.000,9999.000,9999.000,9999.000
202607021436,   3.083,   2.338,9999.000,9999.000,9999.000,9999.000,9999.000,9999.000,9999.000
202607021442,   3.081,   2.328,9999.000,9999.000,9999.000,9999.000,9999.000,9999.000,9999.000
202607021448,   3.078,   2.309,9999.000,9999.000,9999.000,9999.000,9999.000,9999.000,9999.000
202607021454,   3.072,   2.299,9999.000,9999.000,9999.000,9999.000,9999.000,9999.000,9999.000
202607021500,   3.065,   2.279,   0.500,  -1.286,   2.279,   0.500,   2.279,   0.600,   2.379
202607021506,   3.056,   2.240,9999.000,9999.000,9999.000,9999.000,9999.000,9999.000,9999.000
202607021512,   3.045,   2.220,9999.000,9999.000,9999.000,9999.000,9999.000,9999.000,9999.000
202607021518,   3.033,   2.168,9999.000,9999.000,9999.000,9999.000,9999.000,9999.000,9999.000
202607021524,   3.018,   2.128,9999.000,9999.000,9999.000,9999.000,9999.000,9999.000,9999.000
202607021530,   3.001,9999.000,9999.000,9999.000,9999.000,9999.000,9999.000,9999.000,9999.000
202607021536,   2.982,   2.040,9999.000,9999.000,9999.000,9999.000,9999.000,9999.000,9999.000
202607021542,   2.961,   2.000,9999.000,9999.000,9999.000,9999.000,9999.000,9999.000,9999.000
202607021548,   2.938,   1.948,9999.000,9999.000,9999.000,9999.000,9999.000,9999.000,9999.000
202607021554,   2.913,   1.899,9999.000,9999.000,9999.000,9999.000,9999.000,9999.000,9999.000
202607021600,   2.885,   1.899,   0.500,  -1.486,   1.899,   0.500,   1.899,   0.500,   1.899
202607021606,   2.856,   1.781,9999.000,9999.000,9999.000,9999.000,9999.000,9999.000,9999.000
202607021612,   2.824,   1.728,9999.000,9999.000,9999.000,9999.000,9999.000,9999.000,9999.000
202607021618,   2.790,   1.669,9999.000,9999.000,9999.000,9999.000,9999.000,9999.000,9999.000
202607021624,   2.754,   1.580,9999.000,9999.000,9999.000,9999.000,9999.000,9999.000,9999.000
202607021630,   2.716,9999.000,9999.000,9999.000,9999.000,9999.000,9999.000,9999.000,9999.000
202607021636,   2.676,   1.469,9999.000,9999.000,9999.000,9999.000,9999.000,9999.000,9999.000
202607021642,   2.635,   1.390,9999.000,9999.000,9999.000,9999.000,9999.000,9999.000,9999.000
202607021648,   2.591,   1.338,9999.000,9999.000,9999.000,9999.000,9999.000,9999.000,9999.000
202607021654,   2.546,   1.259,9999.000,9999.000,9999.000,9999.000,9999.000,9999.000,9999.000
202607021700,   2.499,   1.259,   0.500,  -1.740,   1.259,   0.500,   1.259,   0.500,   1.259
202607021706,   2.451,   1.151,9999.000,9999.000,9999.000,9999.000,9999.000,9999.000,9999.000
202607021712,   2.401,   1.069,9999.000,9999.000,9999.000,9999.000,9999.000,9999.000,9999.000
202607021718,   2.350,   1.020,9999.000,9999.000,9999.000,9999.000,9999.000,9999.000,9999.000
202607021724,   2.298,   0.941,9999.000,9999.000,9999.000,9999.000,9999.000,9999.000,9999.000
202607021730,   2.245,   0.888,9999.000,9999.000,9999.000,9999.000,9999.000,9999.000,9999.000
202607021736,   2.190,   0.829,9999.000,9999.000,9999.000,9999.000,9999.000,9999.000,9999.000
202607021742,   2.135,   0.770,9999.000,9999.000,9999.000,9999.000,9999.000,9999.000,9999.000
202607021748,   2.079,   0.698,9999.000,9999.000,9999.000,9999.000,9999.000,9999.000,9999.000
202607021754,   2.022,   0.639,9999.000,9999.000,9999.000,9999.000,9999.000,9999.000,9999.000
202607021800,   1.964,   0.590,   0.500,  -1.874,   0.590,   0.500,   0.590,   0.500,   0.590
202607021806,   1.905,   0.541,9999.000,9999.000,9999.000,9999.000,9999.000,9999.000,9999.000
202607021812,   1.846,   0.478,9999.000,9999.000,9999.000,9999.000,9999.000,9999.000,9999.000
202607021818,   1.787,   0.419,9999.000,9999.000,9999.000,9999.000,9999.000,9999.000,9999.000
202607021824,   1.728,   0.370,9999.000,9999.000,9999.000,9999.000,9999.000,9999.000,9999.000
202607021830,   1.668,9999.000,9999.000,9999.000,9999.000,9999.000,9999.000,9999.000,9999.000
202607021836,   1.609,   0.268,9999.000,9999.000,9999.000,9999.000,9999.000,9999.000,9999.000
202607021842,   1.550,   0.219,9999.000,9999.000,9999.000,9999.000,9999.000,9999.000,9999.000
202607021848,   1.491,   0.170,9999.000,9999.000,9999.000,9999.000,9999.000,9999.000,9999.000
202607021854,   1.433,   0.131,9999.000,9999.000,9999.000,9999.000,9999.000,9999.000,9999.000
202607021900,   1.376,   0.078,   0.500,  -1.798,   0.078,   0.500,   0.078,   0.500,   0.078
202607021906,   1.320,   0.029,9999.000,9999.000,9999.000,9999.000,9999.000,9999.000,9999.000
202607021912,   1.265,  -0.009,9999.000,9999.000,9999.000,9999.000,9999.000,9999.000,9999.000
202607021918,   1.212,  -0.049,9999.000,9999.000,9999.000,9999.000,9999.000,9999.000,9999.000
202607021924,   1.159,  -0.088,9999.000,9999.000,9999.000,9999.000,9999.000,9999.000,9999.000
202607021930,   1.109,  -0.131,9999.000,9999.000,9999.000,9999.000,9999.000,9999.000,9999.000
202607021936,   1.060,  -0.150,9999.000,9999.000,9999.000,9999.000,9999.000,9999.000,9999.000
202607021942,   1.013,  -0.190,9999.000,9999.000,9999.000,9999.000,9999.000,9999.000,9999.000
202607021948,   0.967,  -0.229,9999.000,9999.000,9999.000,9999.000,9999.000,9999.000,9999.000
202607021954,   0.924,  -0.249,9999.000,9999.000,9999.000,9999.000,9999.000,9999.000,9999.000
202607022000,   0.883,  -0.288,   0.500,  -1.671,  -0.288,   0.500,  -0.288,   0.500,  -0.288
202607022006,   0.844,9999.000,9999.000,9999.000,9999.000,9999.000,9999.000,9999.000,9999.000
202607022012,   0.807,  -0.331,9999.000,9999.000,9999.000,9999.000,9999.000,9999.000,9999.000
202607022018,   0.773,9999.000,9999.000,9999.000,9999.000,9999.000,9999.000,9999.000,9999.000
202607022024,   0.741,  -0.390,9999.000,9999.000,9999.000,9999.000,9999.000,9999.000,9999.000
202607022030,   0.711,  -0.419,9999.000,9999.000,9999.000,9999.000,9999.000,9999.000,9999.000
202607022036,   0.684,  -0.439,9999.000,9999.000,9999.000,9999.000,9999.000,9999.000,9999.000
202607022042,   0.661,9999.000,9999.000,9999.000,9999.000,9999.000,9999.000,9999.000,9999.000
202607022048,   0.640,  -0.469,9999.000,9999.000,9999.000,9999.000,9999.000,9999.000,9999.000
202607022054,   0.622,  -0.488,9999.000,9999.000,9999.000,9999.000,9999.000,9999.000,9999.000
202607022100,   0.608,  -0.498,   0.500,  -1.606,  -0.498,   0.500,  -0.498,   0.500,  -0.498
202607022106,   0.597,  -0.518,9999.000,9999.000,9999.000,9999.000,9999.000,9999.000,9999.000
202607022112,   0.591,  -0.531,9999.000,9999.000,9999.000,9999.000,9999.000,9999.000,9999.000
202607022118,   0.588,  -0.541,9999.000,9999.000,9999.000,9999.000,9999.000,9999.000,9999.000
202607022124,   0.589,  -0.551,9999.000,9999.000,9999.000,9999.000,9999.000,9999.000,9999.000
202607022130,   0.595,9999.000,9999.000,9999.000,9999.000,9999.000,9999.000,9999.000,9999.000
202607022136,   0.606,  -0.560,9999.000,9999.000,9999.000,9999.000,9999.000,9999.000,9999.000
202607022142,   0.620,9999.000,9999.000,9999.000,9999.000,9999.000,9999.000,9999.000,9999.000
202607022148,   0.640,  -0.560,9999.000,9999.000,9999.000,9999.000,9999.000,9999.000,9999.000
202607022154,   0.664,  -0.551,9999.000,9999.000,9999.000,9999.000,9999.000,9999.000,9999.000
202607022200,   0.692,  -0.541,   0.500,  -1.733,  -0.541,   0.500,  -0.541,   0.500,  -0.541
202607022206,   0.725,9999.000,9999.000,9999.000,9999.000,9999.000,9999.000,9999.000,9999.000
202607022212,   0.763,  -0.498,9999.000,9999.000,9999.000,9999.000,9999.000,9999.000,9999.000
202607022218,   0.804,  -0.449,9999.000,9999.000,9999.000,9999.000,9999.000,9999.000,9999.000
202607022224,   0.849,  -0.429,9999.000,9999.000,9999.000,9999.000,9999.000,9999.000,9999.000
202607022230,   0.899,  -0.390,9999.000,9999.000,9999.000,9999.000,9999.000,9999.000,9999.000
202607022236,   0.951,  -0.350,9999.000,9999.000,9999.000,9999.000,9999.000,9999.000,9999.000
202607022242,   1.006,  -0.308,9999.000,9999.000,9999.000,9999.000,9999.000,9999.000,9999.000
202607022248,   1.064,  -0.259,9999.000,9999.000,9999.000,9999.000,9999.000,9999.000,9999.000
202607022254,   1.125,  -0.200,9999.000,9999.000,9999.000,9999.000,9999.000,9999.000,9999.000
202607022300,   1.187,  -0.150,   0.500,  -1.837,  -0.150,   0.400,  -0.250,   0.500,  -0.150
202607022306,   1.251,  -0.088,9999.000,9999.000,9999.000,9999.000,9999.000,9999.000,9999.000
202607022312,   1.317,  -0.039,9999.000,9999.000,9999.000,9999.000,9999.000,9999.000,9999.000
202607022318,   1.383,   0.049,9999.000,9999.000,9999.000,9999.000,9999.000,9999.000,9999.000
202607022324,   1.449,   0.088,9999.000,9999.000,9999.000,9999.000,9999.000,9999.000,9999.000
202607022330,   1.516,9999.000,9999.000,9999.000,9999.000,9999.000,9999.000,9999.000,9999.000
202607022336,   1.582,   0.229,9999.000,9999.000,9999.000,9999.000,9999.000,9999.000,9999.000
202607022342,   1.648,   0.288,9999.000,9999.000,9999.000,9999.000,9999.000,9999.000,9999.000
202607022348,   1.713,   0.370,9999.000,9999.000,9999.000,9999.000,9999.000,9999.000,9999.000
202607022354,   1.777,9999.000,9999.000,9999.000,9999.000,9999.000,9999.000,9999.000,9999.000
202607030000,   1.840,9999.000,   0.500,  -1.803,   0.537,   0.400,   0.437,   0.500,   0.537
202607030006,   1.901,9999.000,9999.000,9999.000,9999.000,9999.000,9999.000,9999.000,9999.000
202607030012,   1.960,9999.000,9999.000,9999.000,9999.000,9999.000,9999.000,9999.000,9999.000
202607030018,   2.017,9999.000,9999.000,9999.000,9999.000,9999.000,9999.000,9999.000,9999.000
202607030024,   2.073,9999.000,9999.000,9999.000,9999.000,9999.000,9999.000,9999.000,9999.000
202607030030,   2.126,9999.000,9999.000,9999.000,9999.000,9999.000,9999.000,9999.000,9999.000
202607030036,   2.177,9999.000,9999.000,9999.000,9999.000,9999.000,9999.000,9999.000,9999.000
202607030042,   2.225,9999.000,9999.000,9999.000,9999.000,9999.000,9999.000,9999.000,9999.000
202607030048,   2.271,9999.000,9999.000,9999.000,9999.000,9999.000,9999.000,9999.000,9999.000
202607030054,   2.315,9999.000,9999.000,9999.000,9999.000,9999.000,9999.000,9999.000,9999.000
202607030100,   2.356,9999.000,   0.500,  -1.770,   1.086,   0.400,   0.986,   0.500,   1.086
202607030106,   2.395,9999.000,9999.000,9999.000,9999.000,9999.000,9999.000,9999.000,9999.000
202607030112,   2.432,9999.000,9999.000,9999.000,9999.000,9999.000,9999.000,9999.000,9999.000
202607030118,   2.466,9999.000,9999.000,9999.000,9999.000,9999.000,9999.000,9999.000,9999.000
202607030124,   2.497,9999.000,9999.000,9999.000,9999.000,9999.000,9999.000,9999.000,9999.000
202607030130,   2.527,9999.000,9999.000,9999.000,9999.000,9999.000,9999.000,9999.000,9999.000
202607030136,   2.554,9999.000,9999.000,9999.000,9999.000,9999.000,9999.000,9999.000,9999.000
202607030142,   2.579,9999.000,9999.000,9999.000,9999.000,9999.000,9999.000,9999.000,9999.000
202607030148,   2.602,9999.000,9999.000,9999.000,9999.000,9999.000,9999.000,9999.000,9999.000
202607030154,   2.624,9999.000,9999.000,9999.000,9999.000,9999.000,9999.000,9999.000,9999.000
202607030200,   2.643,9999.000,   0.400,  -1.736,   1.307,   0.400,   1.307,   0.500,   1.407
202607030206,   2.660,9999.000,9999.000,9999.000,9999.000,9999.000,9999.000,9999.000,9999.000
202607030212,   2.676,9999.000,9999.000,9999.000,9999.000,9999.000,9999.000,9999.000,9999.000
202607030218,   2.690,9999.000,9999.000,9999.000,9999.000,9999.000,9999.000,9999.000,9999.000
202607030224,   2.702,9999.000,9999.000,9999.000,9999.000,9999.000,9999.000,9999.000,9999.000
202607030230,   2.713,9999.000,9999.000,9999.000,9999.000,9999.000,9999.000,9999.000,9999.000
202607030236,   2.722,9999.000,9999.000,9999.000,9999.000,9999.000,9999.000,9999.000,9999.000
202607030242,   2.730,9999.000,9999.000,9999.000,9999.000,9999.000,9999.000,9999.000,9999.000
202607030248,   2.736,9999.000,9999.000,9999.000,9999.000,9999.000,9999.000,9999.000,9999.000
202607030254,   2.740,9999.000,9999.000,9999.000,9999.000,9999.000,9999.000,9999.000,9999.000
202607030300,   2.744,9999.000,   0.400,  -1.702,   1.442,   0.400,   1.442,   0.500,   1.542
202607030306,   2.745,9999.000,9999.000,9999.000,9999.000,9999.000,9999.000,9999.000,9999.000
202607030312,   2.746,9999.000,9999.000,9999.000,9999.000,9999.000,9999.000,9999.000,9999.000
202607030318,   2.745,9999.000,9999.000,9999.000,9999.000,9999.000,9999.000,9999.000,9999.000
202607030324,   2.742,9999.000,9999.000,9999.000,9999.000,9999.000,9999.000,9999.000,9999.000
202607030330,   2.738,9999.000,9999.000,9999.000,9999.000,9999.000,9999.000,9999.000,9999.000
202607030336,   2.732,9999.000,9999.000,9999.000,9999.000,9999.000,9999.000,9999.000,9999.000
202607030342,   2.725,9999.000,9999.000,9999.000,9999.000,9999.000,9999.000,9999.000,9999.000
202607030348,   2.717,9999.000,9999.000,9999.000,9999.000,9999.000,9999.000,9999.000,9999.000
202607030354,   2.706,9999.000,9999.000,9999.000,9999.000,9999.000,9999.000,9999.000,9999.000
202607030400,   2.694,9999.000,   0.400,  -1.669,   1.425,   0.400,   1.425,   0.400,   1.425
202607030406,   2.680,9999.000,9999.000,9999.000,9999.000,9999.000,9999.000,9999.000,9999.000
202607030412,   2.665,9999.000,9999.000,9999.000,9999.000,9999.000,9999.000,9999.000,9999.000
202607030418,   2.647,9999.000,9999.000,9999.000,9999.000,9999.000,9999.000,9999.000,9999.000
202607030424,   2.628,9999.000,9999.000,9999.000,9999.000,9999.000,9999.000,9999.000,9999.000
202607030430,   2.606,9999.000,9999.000,9999.000,9999.000,9999.000,9999.000,9999.000,9999.000
202607030436,   2.583,9999.000,9999.000,9999.000,9999.000,9999.000,9999.000,9999.000,9999.000
202607030442,   2.557,9999.000,9999.000,9999.000,9999.000,9999.000,9999.000,9999.000,9999.000
202607030448,   2.530,9999.000,9999.000,9999.000,9999.000,9999.000,9999.000,9999.000,9999.000
202607030454,   2.501,9999.000,9999.000,9999.000,9999.000,9999.000,9999.000,9999.000,9999.000
202607030500,   2.470,9999.000,   0.400,  -1.635,   1.235,   0.400,   1.235,   0.400,   1.235
202607030506,   2.436,9999.000,9999.000,9999.000,9999.000,9999.000,9999.000,9999.000,9999.000
202607030512,   2.401,9999.000,9999.000,9999.000,9999.000,9999.000,9999.000,9999.000,9999.000
202607030518,   2.365,9999.000,9999.000,9999.000,9999.000,9999.000,9999.000,9999.000,9999.000
202607030524,   2.326,9999.000,9999.000,9999.000,9999.000,9999.000,9999.000,9999.000,9999.000
202607030530,   2.286,9999.000,9999.000,9999.000,9999.000,9999.000,9999.000,9999.000,9999.000
202607030536,   2.244,9999.000,9999.000,9999.000,9999.000,9999.000,9999.000,9999.000,9999.000
202607030542,   2.201,9999.000,9999.000,9999.000,9999.000,9999.000,9999.000,9999.000,9999.000
202607030548,   2.156,9999.000,9999.000,9999.000,9999.000,9999.000,9999.000,9999.000,9999.000
202607030554,   2.109,9999.000,9999.000,9999.000,9999.000,9999.000,9999.000,9999.000,9999.000
202607030600,   2.062,9999.000,   0.400,  -1.601,   0.861,   0.400,   0.861,   0.400,   0.861
202607030606,   2.013,9999.000,9999.000,9999.000,9999.000,9999.000,9999.000,9999.000,9999.000
202607030612,   1.964,9999.000,9999.000,9999.000,9999.000,9999.000,9999.000,9999.000,9999.000
202607030618,   1.913,9999.000,9999.000,9999.000,9999.000,9999.000,9999.000,9999.000,9999.000
202607030624,   1.862,9999.000,9999.000,9999.000,9999.000,9999.000,9999.000,9999.000,9999.000
202607030630,   1.810,9999.000,9999.000,9999.000,9999.000,9999.000,9999.000,9999.000,9999.000
202607030636,   1.757,9999.000,9999.000,9999.000,9999.000,9999.000,9999.000,9999.000,9999.000
202607030642,   1.705,9999.000,9999.000,9999.000,9999.000,9999.000,9999.000,9999.000,9999.000
202607030648,   1.652,9999.000,9999.000,9999.000,9999.000,9999.000,9999.000,9999.000,9999.000
202607030654,   1.599,9999.000,9999.000,9999.000,9999.000,9999.000,9999.000,9999.000,9999.000
202607030700,   1.547,9999.000,   0.400,  -1.567,   0.380,   0.400,   0.380,   0.400,   0.380
202607030706,   1.495,9999.000,9999.000,9999.000,9999.000,9999.000,9999.000,9999.000,9999.000
202607030712,   1.444,9999.000,9999.000,9999.000,9999.000,9999.000,9999.000,9999.000,9999.000
202607030718,   1.394,9999.000,9999.000,9999.000,9999.000,9999.000,9999.000,9999.000,9999.000
202607030724,   1.345,9999.000,9999.000,9999.000,9999.000,9999.000,9999.000,9999.000,9999.000
202607030730,   1.298,9999.000,9999.000,9999.000,9999.000,9999.000,9999.000,9999.000,9999.000
202607030736,   1.252,9999.000,9999.000,9999.000,9999.000,9999.000,9999.000,9999.000,9999.000
202607030742,   1.209,9999.000,9999.000,9999.000,9999.000,9999.000,9999.000,9999.000,9999.000
202607030748,   1.167,9999.000,9999.000,9999.000,9999.000,9999.000,9999.000,9999.000,9999.000
202607030754,   1.127,9999.000,9999.000,9999.000,9999.000,9999.000,9999.000,9999.000,9999.000
202607030800,   1.090,9999.000,   0.400,  -1.534,  -0.044,   0.400,  -0.044,   0.400,  -0.044
202607030806,   1.055,9999.000,9999.000,9999.000,9999.000,9999.000,9999.000,9999.000,9999.000
202607030812,   1.022,9999.000,9999.000,9999.000,9999.000,9999.000,9999.000,9999.000,9999.000
202607030818,   0.992,9999.000,9999.000,9999.000,9999.000,9999.000,9999.000,9999.000,9999.000
202607030824,   0.965,9999.000,9999.000,9999.000,9999.000,9999.000,9999.000,9999.000,9999.000
202607030830,   0.940,9999.000,9999.000,9999.000,9999.000,9999.000,9999.000,9999.000,9999.000
202607030836,   0.918,9999.000,9999.000,9999.000,9999.000,9999.000,9999.000,9999.000,9999.000
202607030842,   0.898,9999.000,9999.000,9999.000,9999.000,9999.000,9999.000,9999.000,9999.000
202607030848,   0.882,9999.000,9999.000,9999.000,9999.000,9999.000,9999.000,9999.000,9999.000
202607030854,   0.868,9999.000,9999.000,9999.000,9999.000,9999.000,9999.000,9999.000,9999.000
202607030900,   0.857,9999.000,   0.400,  -1.500,  -0.243,   0.400,  -0.243,   0.400,  -0.243
202607030906,   0.850,9999.000,9999.000,9999.000,9999.000,9999.000,9999.000,9999.000,9999.000
202607030912,   0.845,9999.000,9999.000,9999.000,9999.000,9999.000,9999.000,9999.000,9999.000
202607030918,   0.844,9999.000,9999.000,9999.000,9999.000,9999.000,9999.000,9999.000,9999.000
202607030924,   0.846,9999.000,9999.000,9999.000,9999.000,9999.000,9999.000,9999.000,9999.000
202607030930,   0.851,9999.000,9999.000,9999.000,9999.000,9999.000,9999.000,9999.000,9999.000
202607030936,   0.861,9999.000,9999.000,9999.000,9999.000,9999.000,9999.000,9999.000,9999.000
202607030942,   0.874,9999.000,9999.000,9999.000,9999.000,9999.000,9999.000,9999.000,9999.000
202607030948,   0.890,9999.000,9999.000,9999.000,9999.000,9999.000,9999.000,9999.000,9999.000
202607030954,   0.911,9999.000,9999.000,9999.000,9999.000,9999.000,9999.000,9999.000,9999.000
202607031000,   0.936,9999.000,   0.400,  -1.466,  -0.130,   0.400,  -0.130,   0.400,  -0.130
202607031006,   0.964,9999.000,9999.000,9999.000,9999.000,9999.000,9999.000,9999.000,9999.000
202607031012,   0.997,9999.000,9999.000,9999.000,9999.000,9999.000,9999.000,9999.000,9999.000
202607031018,   1.033,9999.000,9999.000,9999.000,9999.000,9999.000,9999.000,9999.000,9999.000
202607031024,   1.073,9999.000,9999.000,9999.000,9999.000,9999.000,9999.000,9999.000,9999.000
202607031030,   1.117,9999.000,9999.000,9999.000,9999.000,9999.000,9999.000,9999.000,9999.000
202607031036,   1.164,9999.000,9999.000,9999.000,9999.000,9999.000,9999.000,9999.000,9999.000
202607031042,   1.215,9999.000,9999.000,9999.000,9999.000,9999.000,9999.000,9999.000,9999.000
202607031048,   1.269,9999.000,9999.000,9999.000,9999.000,9999.000,9999.000,9999.000,9999.000
202607031054,   1.325,9999.000,9999.000,9999.000,9999.000,9999.000,9999.000,9999.000,9999.000
202607031100,   1.384,9999.000,   0.400,  -1.433,   0.351,   0.300,   0.251,   0.400,   0.351
202607031106,   1.446,9999.000,9999.000,9999.000,9999.000,9999.000,9999.000,9999.000,9999.000
202607031112,   1.509,9999.000,9999.000,9999.000,9999.000,9999.000,9999.000,9999.000,9999.000
202607031118,   1.574,9999.000,9999.000,9999.000,9999.000,9999.000,9999.000,9999.000,9999.000
202607031124,   1.640,9999.000,9999.000,9999.000,9999.000,9999.000,9999.000,9999.000,9999.000
202607031130,   1.706,9999.000,9999.000,9999.000,9999.000,9999.000,9999.000,9999.000,9999.000
202607031136,   1.774,9999.000,9999.000,9999.000,9999.000,9999.000,9999.000,9999.000,9999.000
202607031142,   1.842,9999.000,9999.000,9999.000,9999.000,9999.000,9999.000,9999.000,9999.000
202607031148,   1.909,9999.000,9999.000,9999.000,9999.000,9999.000,9999.000,9999.000,9999.000
202607031154,   1.976,9999.000,9999.000,9999.000,9999.000,9999.000,9999.000,9999.000,9999.000
202607031200,   2.042,9999.000,   0.400,  -1.433,   1.009,   0.300,   0.909,   0.400,   1.009
202607031206,   2.108,9999.000,9999.000,9999.000,9999.000,9999.000,9999.000,9999.000,9999.000
202607031212,   2.171,9999.000,9999.000,9999.000,9999.000,9999.000,9999.000,9999.000,9999.000
202607031218,   2.234,9999.000,9999.000,9999.000,9999.000,9999.000,9999.000,9999.000,9999.000
202607031224,   2.294,9999.000,9999.000,9999.000,9999.000,9999.000,9999.000,9999.000,9999.000
202607031230,   2.353,9999.000,9999.000,9999.000,9999.000,9999.000,9999.000,9999.000,9999.000
202607031236,   2.410,9999.000,9999.000,9999.000,9999.000,9999.000,9999.000,9999.000,9999.000
202607031242,   2.464,9999.000,9999.000,9999.000,9999.000,9999.000,9999.000,9999.000,9999.000
202607031248,   2.516,9999.000,9999.000,9999.000,9999.000,9999.000,9999.000,9999.000,9999.000
202607031254,   2.565,9999.000,9999.000,9999.000,9999.000,9999.000,9999.000,9999.000,9999.000
202607031300,   2.612,9999.000,   0.400,  -1.433,   1.579,   0.300,   1.479,   0.400,   1.579
202607031306,   2.657,9999.000,9999.000,9999.000,9999.000,9999.000,9999.000,9999.000,9999.000
202607031312,   2.698,9999.000,9999.000,9999.000,9999.000,9999.000,9999.000,9999.000,9999.000
202607031318,   2.737,9999.000,9999.000,9999.000,9999.000,9999.000,9999.000,9999.000,9999.000
202607031324,   2.774,9999.000,9999.000,9999.000,9999.000,9999.000,9999.000,9999.000,9999.000
202607031330,   2.808,9999.000,9999.000,9999.000,9999.000,9999.000,9999.000,9999.000,9999.000
202607031336,   2.839,9999.000,9999.000,9999.000,9999.000,9999.000,9999.000,9999.000,9999.000
202607031342,   2.868,9999.000,9999.000,9999.000,9999.000,9999.000,9999.000,9999.000,9999.000
202607031348,   2.894,9999.000,9999.000,9999.000,9999.000,9999.000,9999.000,9999.000,9999.000
202607031354,   2.918,9999.000,9999.000,9999.000,9999.000,9999.000,9999.000,9999.000,9999.000
202607031400,   2.940,9999.000,   0.300,  -1.433,   1.807,   0.300,   1.807,   0.400,   1.907
202607031406,   2.960,9999.000,9999.000,9999.000,9999.000,9999.000,9999.000,9999.000,9999.000
202607031412,   2.977,9999.000,9999.000,9999.000,9999.000,9999.000,9999.000,9999.000,9999.000
202607031418,   2.993,9999.000,9999.000,9999.000,9999.000,9999.000,9999.000,9999.000,9999.000
202607031424,   3.006,9999.000,9999.000,9999.000,9999.000,9999.000,9999.000,9999.000,9999.000
202607031430,   3.018,9999.000,9999.000,9999.000,9999.000,9999.000,9999.000,9999.000,9999.000
202607031436,   3.028,9999.000,9999.000,9999.000,9999.000,9999.000,9999.000,9999.000,9999.000
202607031442,   3.036,9999.000,9999.000,9999.000,9999.000,9999.000,9999.000,9999.000,9999.000
202607031448,   3.042,9999.000,9999.000,9999.000,9999.000,9999.000,9999.000,9999.000,9999.000
202607031454,   3.047,9999.000,9999.000,9999.000,9999.000,9999.000,9999.000,9999.000,9999.000
202607031500,   3.050,9999.000,   0.300,  -1.433,   1.917,   0.300,   1.917,   0.400,   2.017
202607031506,   3.052,9999.000,9999.000,9999.000,9999.000,9999.000,9999.000,9999.000,9999.000
202607031512,   3.052,9999.000,9999.000,9999.000,9999.000,9999.000,9999.000,9999.000,9999.000
202607031518,   3.050,9999.000,9999.000,9999.000,9999.000,9999.000,9999.000,9999.000,9999.000
202607031524,   3.047,9999.000,9999.000,9999.000,9999.000,9999.000,9999.000,9999.000,9999.000
202607031530,   3.042,9999.000,9999.000,9999.000,9999.000,9999.000,9999.000,9999.000,9999.000
202607031536,   3.035,9999.000,9999.000,9999.000,9999.000,9999.000,9999.000,9999.000,9999.000
202607031542,   3.027,9999.000,9999.000,9999.000,9999.000,9999.000,9999.000,9999.000,9999.000
202607031548,   3.016,9999.000,9999.000,9999.000,9999.000,9999.000,9999.000,9999.000,9999.000
202607031554,   3.005,9999.000,9999.000,9999.000,9999.000,9999.000,9999.000,9999.000,9999.000
202607031600,   2.991,9999.000,   0.300,  -1.433,   1.858,   0.300,   1.858,   0.400,   1.958
202607031606,   2.975,9999.000,9999.000,9999.000,9999.000,9999.000,9999.000,9999.000,9999.000
202607031612,   2.957,9999.000,9999.000,9999.000,9999.000,9999.000,9999.000,9999.000,9999.000
202607031618,   2.938,9999.000,9999.000,9999.000,9999.000,9999.000,9999.000,9999.000,9999.000
202607031624,   2.916,9999.000,9999.000,9999.000,9999.000,9999.000,9999.000,9999.000,9999.000
202607031630,   2.892,9999.000,9999.000,9999.000,9999.000,9999.000,9999.000,9999.000,9999.000
202607031636,   2.866,9999.000,9999.000,9999.000,9999.000,9999.000,9999.000,9999.000,9999.000
202607031642,   2.837,9999.000,9999.000,9999.000,9999.000,9999.000,9999.000,9999.000,9999.000
202607031648,   2.807,9999.000,9999.000,9999.000,9999.000,9999.000,9999.000,9999.000,9999.000
202607031654,   2.774,9999.000,9999.000,9999.000,9999.000,9999.000,9999.000,9999.000,9999.000
202607031700,   2.739,9999.000,   0.300,  -1.433,   1.606,   0.300,   1.606,   0.300,   1.606
202607031706,   2.702,9999.000,9999.000,9999.000,9999.000,9999.000,9999.000,9999.000,9999.000
202607031712,   2.663,9999.000,9999.000,9999.000,9999.000,9999.000,9999.000,9999.000,9999.000
202607031718,   2.622,9999.000,9999.000,9999.000,9999.000,9999.000,9999.000,9999.000,9999.000
202607031724,   2.579,9999.000,9999.000,9999.000,9999.000,9999.000,9999.000,9999.000,9999.000
202607031730,   2.533,9999.000,9999.000,9999.000,9999.000,9999.000,9999.000,9999.000,9999.000
202607031736,   2.487,9999.000,9999.000,9999.000,9999.000,9999.000,9999.000,9999.000,9999.000
202607031742,   2.438,9999.000,9999.000,9999.000,9999.000,9999.000,9999.000,9999.000,9999.000
202607031748,   2.388,9999.000,9999.000,9999.000,9999.000,9999.000,9999.000,9999.000,9999.000
202607031754,   2.336,9999.000,9999.000,9999.000,9999.000,9999.000,9999.000,9999.000,9999.000
202607031800,   2.283,9999.000,   0.300,  -1.433,   1.150,   0.300,   1.150,   0.300,   1.150
202607031806,   2.228,9999.000,9999.000,9999.000,9999.000,9999.000,9999.000,9999.000,9999.000
202607031812,   2.172,9999.000,9999.000,9999.000,9999.000,9999.000,9999.000,9999.000,9999.000
202607031818,   2.116,9999.000,9999.000,9999.000,9999.000,9999.000,9999.000,9999.000,9999.000
202607031824,   2.058,9999.000,9999.000,9999.000,9999.000,9999.000,9999.000,9999.000,9999.000
202607031830,   1.999,9999.000,9999.000,9999.000,9999.000,9999.000,9999.000,9999.000,9999.000
202607031836,   1.940,9999.000,9999.000,9999.000,9999.000,9999.000,9999.000,9999.000,9999.000
202607031842,   1.880,9999.000,9999.000,9999.000,9999.000,9999.000,9999.000,9999.000,9999.000
202607031848,   1.820,9999.000,9999.000,9999.000,9999.000,9999.000,9999.000,9999.000,9999.000
202607031854,   1.760,9999.000,9999.000,9999.000,9999.000,9999.000,9999.000,9999.000,9999.000
202607031900,   1.699,9999.000,   0.300,  -1.433,   0.566,   0.300,   0.566,   0.300,   0.566
202607031906,   1.638,9999.000,9999.000,9999.000,9999.000,9999.000,9999.000,9999.000,9999.000
202607031912,   1.578,9999.000,9999.000,9999.000,9999.000,9999.000,9999.000,9999.000,9999.000
202607031918,   1.518,9999.000,9999.000,9999.000,9999.000,9999.000,9999.000,9999.000,9999.000
202607031924,   1.459,9999.000,9999.000,9999.000,9999.000,9999.000,9999.000,9999.000,9999.000
202607031930,   1.400,9999.000,9999.000,9999.000,9999.000,9999.000,9999.000,9999.000,9999.000
202607031936,   1.343,9999.000,9999.000,9999.000,9999.000,9999.000,9999.000,9999.000,9999.000
202607031942,   1.286,9999.000,9999.000,9999.000,9999.000,9999.000,9999.000,9999.000,9999.000
202607031948,   1.231,9999.000,9999.000,9999.000,9999.000,9999.000,9999.000,9999.000,9999.000
202607031954,   1.177,9999.000,9999.000,9999.000,9999.000,9999.000,9999.000,9999.000,9999.000
202607032000,   1.126,9999.000,   0.300,  -1.433,  -0.007,   0.300,  -0.007,   0.300,  -0.007
202607032006,   1.076,9999.000,9999.000,9999.000,9999.000,9999.000,9999.000,9999.000,9999.000
202607032012,   1.028,9999.000,9999.000,9999.000,9999.000,9999.000,9999.000,9999.000,9999.000
202607032018,   0.982,9999.000,9999.000,9999.000,9999.000,9999.000,9999.000,9999.000,9999.000
202607032024,   0.938,9999.000,9999.000,9999.000,9999.000,9999.000,9999.000,9999.000,9999.000
202607032030,   0.897,9999.000,9999.000,9999.000,9999.000,9999.000,9999.000,9999.000,9999.000
202607032036,   0.858,9999.000,9999.000,9999.000,9999.000,9999.000,9999.000,9999.000,9999.000
202607032042,   0.821,9999.000,9999.000,9999.000,9999.000,9999.000,9999.000,9999.000,9999.000
202607032048,   0.787,9999.000,9999.000,9999.000,9999.000,9999.000,9999.000,9999.000,9999.000
202607032054,   0.755,9999.000,9999.000,9999.000,9999.000,9999.000,9999.000,9999.000,9999.000
202607032100,   0.726,9999.000,   0.300,  -1.433,  -0.407,   0.300,  -0.407,   0.300,  -0.407
202607032106,   0.700,9999.000,9999.000,9999.000,9999.000,9999.000,9999.000,9999.000,9999.000
202607032112,   0.677,9999.000,9999.000,9999.000,9999.000,9999.000,9999.000,9999.000,9999.000
202607032118,   0.656,9999.000,9999.000,9999.000,9999.000,9999.000,9999.000,9999.000,9999.000
202607032124,   0.639,9999.000,9999.000,9999.000,9999.000,9999.000,9999.000,9999.000,9999.000
202607032130,   0.624,9999.000,9999.000,9999.000,9999.000,9999.000,9999.000,9999.000,9999.000
202607032136,   0.613,9999.000,9999.000,9999.000,9999.000,9999.000,9999.000,9999.000,9999.000
202607032142,   0.605,9999.000,9999.000,9999.000,9999.000,9999.000,9999.000,9999.000,9999.000
202607032148,   0.601,9999.000,9999.000,9999.000,9999.000,9999.000,9999.000,9999.000,9999.000
202607032154,   0.600,9999.000,9999.000,9999.000,9999.000,9999.000,9999.000,9999.000,9999.000
202607032200,   0.603,9999.000,   0.300,  -1.433,  -0.530,   0.200,  -0.630,   0.300,  -0.530
202607032206,   0.610,9999.000,9999.000,9999.000,9999.000,9999.000,9999.000,9999.000,9999.000
202607032212,   0.621,9999.000,9999.000,9999.000,9999.000,9999.000,9999.000,9999.000,9999.000
202607032218,   0.637,9999.000,9999.000,9999.000,9999.000,9999.000,9999.000,9999.000,9999.000
202607032224,   0.656,9999.000,9999.000,9999.000,9999.000,9999.000,9999.000,9999.000,9999.000
202607032230,   0.680,9999.000,9999.000,9999.000,9999.000,9999.000,9999.000,9999.000,9999.000
202607032236,   0.707,9999.000,9999.000,9999.000,9999.000,9999.000,9999.000,9999.000,9999.000
202607032242,   0.740,9999.000,9999.000,9999.000,9999.000,9999.000,9999.000,9999.000,9999.000
202607032248,   0.776,9999.000,9999.000,9999.000,9999.000,9999.000,9999.000,9999.000,9999.000
202607032254,   0.816,9999.000,9999.000,9999.000,9999.000,9999.000,9999.000,9999.000,9999.000
202607032300,   0.860,9999.000,   0.300,  -1.433,  -0.273,   0.200,  -0.373,   0.300,  -0.273
202607032306,   0.908,9999.000,9999.000,9999.000,9999.000,9999.000,9999.000,9999.000,9999.000
202607032312,   0.960,9999.000,9999.000,9999.000,9999.000,9999.000,9999.000,9999.000,9999.000
202607032318,   1.014,9999.000,9999.000,9999.000,9999.000,9999.000,9999.000,9999.000,9999.000
202607032324,   1.072,9999.000,9999.000,9999.000,9999.000,9999.000,9999.000,9999.000,9999.000
202607032330,   1.131,9999.000,9999.000,9999.000,9999.000,9999.000,9999.000,9999.000,9999.000
202607032336,   1.194,9999.000,9999.000,9999.000,9999.000,9999.000,9999.000,9999.000,9999.000
202607032342,   1.258,9999.000,9999.000,9999.000,9999.000,9999.000,9999.000,9999.000,9999.000
202607032348,   1.323,9999.000,9999.000,9999.000,9999.000,9999.000,9999.000,9999.000,9999.000
202607032354,   1.390,9999.000,9999.000,9999.000,9999.000,9999.000,9999.000,9999.000,9999.000
202607040000,   1.458,9999.000,   0.300,  -1.433,   0.325,   0.200,   0.225,   0.300,   0.325
202607040006,   1.526,9999.000,9999.000,9999.000,9999.000,9999.000,9999.000,9999.000,9999.000
202607040012,   1.594,9999.000,9999.000,9999.000,9999.000,9999.000,9999.000,9999.000,9999.000
202607040018,   1.662,9999.000,9999.000,9999.000,9999.000,9999.000,9999.000,9999.000,9999.000
202607040024,   1.729,9999.000,9999.000,9999.000,9999.000,9999.000,9999.000,9999.000,9999.000
202607040030,   1.795,9999.000,9999.000,9999.000,9999.000,9999.000,9999.000,9999.000,9999.000
202607040036,   1.861,9999.000,9999.000,9999.000,9999.000,9999.000,9999.000,9999.000,9999.000
202607040042,   1.924,9999.000,9999.000,9999.000,9999.000,9999.000,9999.000,9999.000,9999.000
202607040048,   1.987,9999.000,9999.000,9999.000,9999.000,9999.000,9999.000,9999.000,9999.000
202607040054,   2.047,9999.000,9999.000,9999.000,9999.000,9999.000,9999.000,9999.000,9999.000
202607040100,   2.105,9999.000,   0.200,  -1.433,   0.872,   0.200,   0.872,   0.300,   0.972
202607040106,   2.161,9999.000,9999.000,9999.000,9999.000,9999.000,9999.000,9999.000,9999.000
202607040112,   2.215,9999.000,9999.000,9999.000,9999.000,9999.000,9999.000,9999.000,9999.000
202607040118,   2.267,9999.000,9999.000,9999.000,9999.000,9999.000,9999.000,9999.000,9999.000
202607040124,   2.315,9999.000,9999.000,9999.000,9999.000,9999.000,9999.000,9999.000,9999.000
202607040130,   2.362,9999.000,9999.000,9999.000,9999.000,9999.000,9999.000,9999.000,9999.000
202607040136,   2.406,9999.000,9999.000,9999.000,9999.000,9999.000,9999.000,9999.000,9999.000
202607040142,   2.447,9999.000,9999.000,9999.000,9999.000,9999.000,9999.000,9999.000,9999.000
202607040148,   2.485,9999.000,9999.000,9999.000,9999.000,9999.000,9999.000,9999.000,9999.000
202607040154,   2.521,9999.000,9999.000,9999.000,9999.000,9999.000,9999.000,9999.000,9999.000
202607040200,   2.555,9999.000,   0.200,  -1.433,   1.322,   0.200,   1.322,   0.300,   1.422
202607040206,   2.586,9999.000,9999.000,9999.000,9999.000,9999.000,9999.000,9999.000,9999.000
202607040212,   2.614,9999.000,9999.000,9999.000,9999.000,9999.000,9999.000,9999.000,9999.000
202607040218,   2.640,9999.000,9999.000,9999.000,9999.000,9999.000,9999.000,9999.000,9999.000
202607040224,   2.664,9999.000,9999.000,9999.000,9999.000,9999.000,9999.000,9999.000,9999.000
202607040230,   2.686,9999.000,9999.000,9999.000,9999.000,9999.000,9999.000,9999.000,9999.000
202607040236,   2.705,9999.000,9999.000,9999.000,9999.000,9999.000,9999.000,9999.000,9999.000
202607040242,   2.723,9999.000,9999.000,9999.000,9999.000,9999.000,9999.000,9999.000,9999.000
202607040248,   2.738,9999.000,9999.000,9999.000,9999.000,9999.000,9999.000,9999.000,9999.000
202607040254,   2.752,9999.000,9999.000,9999.000,9999.000,9999.000,9999.000,9999.000,9999.000
202607040300,   2.764,9999.000,   0.200,  -1.433,   1.531,   0.200,   1.531,   0.300,   1.631
202607040306,   2.774,9999.000,9999.000,9999.000,9999.000,9999.000,9999.000,9999.000,9999.000
202607040312,   2.783,9999.000,9999.000,9999.000,9999.000,9999.000,9999.000,9999.000,9999.000
202607040318,   2.790,9999.000,9999.000,9999.000,9999.000,9999.000,9999.000,9999.000,9999.000
202607040324,   2.795,9999.000,9999.000,9999.000,9999.000,9999.000,9999.000,9999.000,9999.000
202607040330,   2.799,9999.000,9999.000,9999.000,9999.000,9999.000,9999.000,9999.000,9999.000
202607040336,   2.802,9999.000,9999.000,9999.000,9999.000,9999.000,9999.000,9999.000,9999.000
202607040342,   2.803,9999.000,9999.000,9999.000,9999.000,9999.000,9999.000,9999.000,9999.000
202607040348,   2.802,9999.000,9999.000,9999.000,9999.000,9999.000,9999.000,9999.000,9999.000
202607040354,   2.801,9999.000,9999.000,9999.000,9999.000,9999.000,9999.000,9999.000,9999.000
202607040400,   2.797,9999.000,   0.200,  -1.433,   1.564,   0.200,   1.564,   0.300,   1.664
202607040406,   2.793,9999.000,9999.000,9999.000,9999.000,9999.000,9999.000,9999.000,9999.000
202607040412,   2.787,9999.000,9999.000,9999.000,9999.000,9999.000,9999.000,9999.000,9999.000
202607040418,   2.779,9999.000,9999.000,9999.000,9999.000,9999.000,9999.000,9999.000,9999.000
202607040424,   2.770,9999.000,9999.000,9999.000,9999.000,9999.000,9999.000,9999.000,9999.000
202607040430,   2.760,9999.000,9999.000,9999.000,9999.000,9999.000,9999.000,9999.000,9999.000
202607040436,   2.747,9999.000,9999.000,9999.000,9999.000,9999.000,9999.000,9999.000,9999.000
202607040442,   2.733,9999.000,9999.000,9999.000,9999.000,9999.000,9999.000,9999.000,9999.000
202607040448,   2.717,9999.000,9999.000,9999.000,9999.000,9999.000,9999.000,9999.000,9999.000
202607040454,   2.700,9999.000,9999.000,9999.000,9999.000,9999.000,9999.000,9999.000,9999.000
202607040500,   2.680,9999.000,   0.200,  -1.433,   1.447,   0.200,   1.447,   0.200,   1.447
202607040506,   2.659,9999.000,9999.000,9999.000,9999.000,9999.000,9999.000,9999.000,9999.000
202607040512,   2.635,9999.000,9999.000,9999.000,9999.000,9999.000,9999.000,9999.000,9999.000
202607040518,   2.609,9999.000,9999.000,9999.000,9999.000,9999.000,9999.000,9999.000,9999.000
202607040524,   2.582,9999.000,9999.000,9999.000,9999.000,9999.000,9999.000,9999.000,9999.000
202607040530,   2.552,9999.000,9999.000,9999.000,9999.000,9999.000,9999.000,9999.000,9999.000
202607040536,   2.520,9999.000,9999.000,9999.000,9999.000,9999.000,9999.000,9999.000,9999.000
202607040542,   2.487,9999.000,9999.000,9999.000,9999.000,9999.000,9999.000,9999.000,9999.000
202607040548,   2.451,9999.000,9999.000,9999.000,9999.000,9999.000,9999.000,9999.000,9999.000
202607040554,   2.413,9999.000,9999.000,9999.000,9999.000,9999.000,9999.000,9999.000,9999.000
202607040600,   2.374,9999.000,   0.200,  -1.433,   1.141,   0.200,   1.141,   0.200,   1.141
202607040606,   2.333,9999.000,9999.000,9999.000,9999.000,9999.000,9999.000,9999.000,9999.000
202607040612,   2.290,9999.000,9999.000,9999.000,9999.000,9999.000,9999.000,9999.000,9999.000
202607040618,   2.246,9999.000,9999.000,9999.000,9999.000,9999.000,9999.000,9999.000,9999.000
202607040624,   2.200,9999.000,9999.000,9999.000,9999.000,9999.000,9999.000,9999.000,9999.000
202607040630,   2.153,9999.000,9999.000,9999.000,9999.000,9999.000,9999.000,9999.000,9999.000
202607040636,   2.105,9999.000,9999.000,9999.000,9999.000,9999.000,9999.000,9999.000,9999.000
202607040642,   2.055,9999.000,9999.000,9999.000,9999.000,9999.000,9999.000,9999.000,9999.000
202607040648,   2.005,9999.000,9999.000,9999.000,9999.000,9999.000,9999.000,9999.000,9999.000
202607040654,   1.954,9999.000,9999.000,9999.000,9999.000,9999.000,9999.000,9999.000,9999.000
202607040700,   1.902,9999.000,   0.200,  -1.433,   0.669,   0.200,   0.669,   0.200,   0.669
202607040706,   1.849,9999.000,9999.000,9999.000,9999.000,9999.000,9999.000,9999.000,9999.000
202607040712,   1.796,9999.000,9999.000,9999.000,9999.000,9999.000,9999.000,9999.000,9999.000
202607040718,   1.743,9999.000,9999.000,9999.000,9999.000,9999.000,9999.000,9999.000,9999.000
202607040724,   1.690,9999.000,9999.000,9999.000,9999.000,9999.000,9999.000,9999.000,9999.000
202607040730,   1.637,9999.000,9999.000,9999.000,9999.000,9999.000,9999.000,9999.000,9999.000
202607040736,   1.584,9999.000,9999.000,9999.000,9999.000,9999.000,9999.000,9999.000,9999.000
202607040742,   1.532,9999.000,9999.000,9999.000,9999.000,9999.000,9999.000,9999.000,9999.000
202607040748,   1.480,9999.000,9999.000,9999.000,9999.000,9999.000,9999.000,9999.000,9999.000
202607040754,   1.430,9999.000,9999.000,9999.000,9999.000,9999.000,9999.000,9999.000,9999.000
202607040800,   1.380,9999.000,   0.200,  -1.433,   0.147,   0.200,   0.147,   0.200,   0.147
202607040806,   1.332,9999.000,9999.000,9999.000,9999.000,9999.000,9999.000,9999.000,9999.000
202607040812,   1.285,9999.000,9999.000,9999.000,9999.000,9999.000,9999.000,9999.000,9999.000
202607040818,   1.240,9999.000,9999.000,9999.000,9999.000,9999.000,9999.000,9999.000,9999.000
202607040824,   1.197,9999.000,9999.000,9999.000,9999.000,9999.000,9999.000,9999.000,9999.000
202607040830,   1.156,9999.000,9999.000,9999.000,9999.000,9999.000,9999.000,9999.000,9999.000
202607040836,   1.117,9999.000,9999.000,9999.000,9999.000,9999.000,9999.000,9999.000,9999.000
202607040842,   1.080,9999.000,9999.000,9999.000,9999.000,9999.000,9999.000,9999.000,9999.000
202607040848,   1.046,9999.000,9999.000,9999.000,9999.000,9999.000,9999.000,9999.000,9999.000
202607040854,   1.014,9999.000,9999.000,9999.000,9999.000,9999.000,9999.000,9999.000,9999.000
202607040900,   0.985,9999.000,   0.200,  -1.433,  -0.248,   0.200,  -0.248,   0.200,  -0.248
202607040906,   0.958,9999.000,9999.000,9999.000,9999.000,9999.000,9999.000,9999.000,9999.000
202607040912,   0.934,9999.000,9999.000,9999.000,9999.000,9999.000,9999.000,9999.000,9999.000
202607040918,   0.912,9999.000,9999.000,9999.000,9999.000,9999.000,9999.000,9999.000,9999.000
202607040924,   0.894,9999.000,9999.000,9999.000,9999.000,9999.000,9999.000,9999.000,9999.000
202607040930,   0.878,9999.000,9999.000,9999.000,9999.000,9999.000,9999.000,9999.000,9999.000
202607040936,   0.865,9999.000,9999.000,9999.000,9999.000,9999.000,9999.000,9999.000,9999.000
202607040942,   0.855,9999.000,9999.000,9999.000,9999.000,9999.000,9999.000,9999.000,9999.000
202607040948,   0.847,9999.000,9999.000,9999.000,9999.000,9999.000,9999.000,9999.000,9999.000
202607040954,   0.843,9999.000,9999.000,9999.000,9999.000,9999.000,9999.000,9999.000,9999.000
202607041000,   0.842,9999.000,   0.200,  -1.433,  -0.391,   0.100,  -0.491,   0.200,  -0.391
202607041006,   0.845,9999.000,9999.000,9999.000,9999.000,9999.000,9999.000,9999.000,9999.000
202607041012,   0.850,9999.000,9999.000,9999.000,9999.000,9999.000,9999.000,9999.000,9999.000
202607041018,   0.859,9999.000,9999.000,9999.000,9999.000,9999.000,9999.000,9999.000,9999.000
202607041024,   0.872,9999.000,9999.000,9999.000,9999.000,9999.000,9999.000,9999.000,9999.000
202607041030,   0.888,9999.000,9999.000,9999.000,9999.000,9999.000,9999.000,9999.000,9999.000
202607041036,   0.908,9999.000,9999.000,9999.000,9999.000,9999.000,9999.000,9999.000,9999.000
202607041042,   0.932,9999.000,9999.000,9999.000,9999.000,9999.000,9999.000,9999.000,9999.000
202607041048,   0.959,9999.000,9999.000,9999.000,9999.000,9999.000,9999.000,9999.000,9999.000
202607041054,   0.990,9999.000,9999.000,9999.000,9999.000,9999.000,9999.000,9999.000,9999.000
202607041100,   1.025,9999.000,   0.200,  -1.433,  -0.208,   0.100,  -0.308,   0.200,  -0.208
202607041106,   1.064,9999.000,9999.000,9999.000,9999.000,9999.000,9999.000,9999.000,9999.000
202607041112,   1.106,9999.000,9999.000,9999.000,9999.000,9999.000,9999.000,9999.000,9999.000
202607041118,   1.152,9999.000,9999.000,9999.000,9999.000,9999.000,9999.000,9999.000,9999.000
202607041124,   1.201,9999.000,9999.000,9999.000,9999.000,9999.000,9999.000,9999.000,9999.000
202607041130,   1.253,9999.000,9999.000,9999.000,9999.000,9999.000,9999.000,9999.000,9999.000
202607041136,   1.308,9999.000,9999.000,9999.000,9999.000,9999.000,9999.000,9999.000,9999.000
202607041142,   1.365,9999.000,9999.000,9999.000,9999.000,9999.000,9999.000,9999.000,9999.000
202607041148,   1.425,9999.000,9999.000,9999.000,9999.000,9999.000,9999.000,9999.000,9999.000
202607041154,   1.487,9999.000,9999.000,9999.000,9999.000,9999.000,9999.000,9999.000,9999.000
202607041200,   1.550,9999.000,   0.200,  -1.433,   0.317,   0.100,   0.217,   0.200,   0.317
202607041206,   1.615,9999.000,9999.000,9999.000,9999.000,9999.000,9999.000,9999.000,9999.000
202607041212,   1.681,9999.000,9999.000,9999.000,9999.000,9999.000,9999.000,9999.000,9999.000
202607041218,   1.748,9999.000,9999.000,9999.000,9999.000,9999.000,9999.000,9999.000,9999.000
202607041224,   1.814,9999.000,9999.000,9999.000,9999.000,9999.000,9999.000,9999.000,9999.000
202607041230,   1.881,9999.000,9999.000,9999.000,9999.000,9999.000,9999.000,9999.000,9999.000
202607041236,   1.948,9999.000,9999.000,9999.000,9999.000,9999.000,9999.000,9999.000,9999.000
202607041242,   2.014,9999.000,9999.000,9999.000,9999.000,9999.000,9999.000,9999.000,9999.000
202607041248,   2.079,9999.000,9999.000,9999.000,9999.000,9999.000,9999.000,9999.000,9999.000
202607041254,   2.143,9999.000,9999.000,9999.000,9999.000,9999.000,9999.000,9999.000,9999.000
202607041300,   2.206,9999.000,   0.200,  -1.433,   0.973,   0.100,   0.873,   0.200,   0.973
202607041306,   2.266,9999.000,9999.000,9999.000,9999.000,9999.000,9999.000,9999.000,9999.000
202607041312,   2.325,9999.000,9999.000,9999.000,9999.000,9999.000,9999.000,9999.000,9999.000
202607041318,   2.382,9999.000,9999.000,9999.000,9999.000,9999.000,9999.000,9999.000,9999.000
202607041324,   2.437,9999.000,9999.000,9999.000,9999.000,9999.000,9999.000,9999.000,9999.000
202607041330,   2.489,9999.000,9999.000,9999.000,9999.000,9999.000,9999.000,9999.000,9999.000
202607041336,   2.539,9999.000,9999.000,9999.000,9999.000,9999.000,9999.000,9999.000,9999.000
202607041342,   2.587,9999.000,9999.000,9999.000,9999.000,9999.000,9999.000,9999.000,9999.000
202607041348,   2.632,9999.000,9999.000,9999.000,9999.000,9999.000,9999.000,9999.000,9999.000
202607041354,   2.674,9999.000,9999.000,9999.000,9999.000,9999.000,9999.000,9999.000,9999.000
202607041400,   2.713,9999.000,   0.200,  -1.433,   1.480,   0.100,   1.380,   0.200,   1.480
202607041406,   2.750,9999.000,9999.000,9999.000,9999.000,9999.000,9999.000,9999.000,9999.000
202607041412,   2.784,9999.000,9999.000,9999.000,9999.000,9999.000,9999.000,9999.000,9999.000
202607041418,   2.816,9999.000,9999.000,9999.000,9999.000,9999.000,9999.000,9999.000,9999.000
202607041424,   2.845,9999.000,9999.000,9999.000,9999.000,9999.000,9999.000,9999.000,9999.000
202607041430,   2.872,9999.000,9999.000,9999.000,9999.000,9999.000,9999.000,9999.000,9999.000
202607041436,   2.896,9999.000,9999.000,9999.000,9999.000,9999.000,9999.000,9999.000,9999.000
202607041442,   2.918,9999.000,9999.000,9999.000,9999.000,9999.000,9999.000,9999.000,9999.000
202607041448,   2.937,9999.000,9999.000,9999.000,9999.000,9999.000,9999.000,9999.000,9999.000
202607041454,   2.955,9999.000,9999.000,9999.000,9999.000,9999.000,9999.000,9999.000,9999.000
202607041500,   2.970,9999.000,   0.200,  -1.433,   1.737,   0.100,   1.637,   0.200,   1.737
202607041506,   2.983,9999.000,9999.000,9999.000,9999.000,9999.000,9999.000,9999.000,9999.000
202607041512,   2.994,9999.000,9999.000,9999.000,9999.000,9999.000,9999.000,9999.000,9999.000
202607041518,   3.004,9999.000,9999.000,9999.000,9999.000,9999.000,9999.000,9999.000,9999.000
202607041524,   3.011,9999.000,9999.000,9999.000,9999.000,9999.000,9999.000,9999.000,9999.000
202607041530,   3.017,9999.000,9999.000,9999.000,9999.000,9999.000,9999.000,9999.000,9999.000
202607041536,   3.021,9999.000,9999.000,9999.000,9999.000,9999.000,9999.000,9999.000,9999.000
202607041542,   3.024,9999.000,9999.000,9999.000,9999.000,9999.000,9999.000,9999.000,9999.000
202607041548,   3.025,9999.000,9999.000,9999.000,9999.000,9999.000,9999.000,9999.000,9999.000
202607041554,   3.024,9999.000,9999.000,9999.000,9999.000,9999.000,9999.000,9999.000,9999.000
202607041600,   3.022,9999.000,   0.200,  -1.433,   1.789,   0.100,   1.689,   0.200,   1.789
202607041606,   3.018,9999.000,9999.000,9999.000,9999.000,9999.000,9999.000,9999.000,9999.000
202607041612,   3.012,9999.000,9999.000,9999.000,9999.000,9999.000,9999.000,9999.000,9999.000
202607041618,   3.005,9999.000,9999.000,9999.000,9999.000,9999.000,9999.000,9999.000,9999.000
202607041624,   2.996,9999.000,9999.000,9999.000,9999.000,9999.000,9999.000,9999.000,9999.000
202607041630,   2.985,9999.000,9999.000,9999.000,9999.000,9999.000,9999.000,9999.000,9999.000
202607041636,   2.972,9999.000,9999.000,9999.000,9999.000,9999.000,9999.000,9999.000,9999.000
202607041642,   2.958,9999.000,9999.000,9999.000,9999.000,9999.000,9999.000,9999.000,9999.000
202607041648,   2.942,9999.000,9999.000,9999.000,9999.000,9999.000,9999.000,9999.000,9999.000
202607041654,   2.923,9999.000,9999.000,9999.000,9999.000,9999.000,9999.000,9999.000,9999.000
202607041700,   2.903,9999.000,   0.200,  -1.433,   1.670,   0.100,   1.570,   0.200,   1.670
202607041706,   2.880,9999.000,9999.000,9999.000,9999.000,9999.000,9999.000,9999.000,9999.000
202607041712,   2.856,9999.000,9999.000,9999.000,9999.000,9999.000,9999.000,9999.000,9999.000
202607041718,   2.829,9999.000,9999.000,9999.000,9999.000,9999.000,9999.000,9999.000,9999.000
202607041724,   2.799,9999.000,9999.000,9999.000,9999.000,9999.000,9999.000,9999.000,9999.000
202607041730,   2.768,9999.000,9999.000,9999.000,9999.000,9999.000,9999.000,9999.000,9999.000
202607041736,   2.734,9999.000,9999.000,9999.000,9999.000,9999.000,9999.000,9999.000,9999.000
202607041742,   2.698,9999.000,9999.000,9999.000,9999.000,9999.000,9999.000,9999.000,9999.000
202607041748,   2.659,9999.000,9999.000,9999.000,9999.000,9999.000,9999.000,9999.000,9999.000
202607041754,   2.618,9999.000,9999.000,9999.000,9999.000,9999.000,9999.000,9999.000,9999.000
202607041800,   2.575,9999.000,   0.200,  -1.433,   1.342,   0.100,   1.242,   0.200,   1.342
202607041806,   2.530,9999.000,9999.000,9999.000,9999.000,9999.000,9999.000,9999.000,9999.000
202607041812,   2.483,9999.000,9999.000,9999.000,9999.000,9999.000,9999.000,9999.000,9999.000
202607041818,   2.434,9999.000,9999.000,9999.000,9999.000,9999.000,9999.000,9999.000,9999.000
202607041824,   2.383,9999.000,9999.000,9999.000,9999.000,9999.000,9999.000,9999.000,9999.000
202607041830,   2.330,9999.000,9999.000,9999.000,9999.000,9999.000,9999.000,9999.000,9999.000
202607041836,   2.276,9999.000,9999.000,9999.000,9999.000,9999.000,9999.000,9999.000,9999.000
202607041842,   2.220,9999.000,9999.000,9999.000,9999.000,9999.000,9999.000,9999.000,9999.000
202607041848,   2.163,9999.000,9999.000,9999.000,9999.000,9999.000,9999.000,9999.000,9999.000
202607041854,   2.105,9999.000,9999.000,9999.000,9999.000,9999.000,9999.000,9999.000,9999.000
202607041900,   2.046,9999.000,   0.200,  -1.433,   0.813,   0.100,   0.713,   0.200,   0.813
202607041906,   1.987,9999.000,9999.000,9999.000,9999.000,9999.000,9999.000,9999.000,9999.000
202607041912,   1.926,9999.000,9999.000,9999.000,9999.000,9999.000,9999.000,9999.000,9999.000
202607041918,   1.865,9999.000,9999.000,9999.000,9999.000,9999.000,9999.000,9999.000,9999.000
202607041924,   1.804,9999.000,9999.000,9999.000,9999.000,9999.000,9999.000,9999.000,9999.000
202607041930,   1.742,9999.000,9999.000,9999.000,9999.000,9999.000,9999.000,9999.000,9999.000
202607041936,   1.681,9999.000,9999.000,9999.000,9999.000,9999.000,9999.000,9999.000,9999.000
202607041942,   1.619,9999.000,9999.000,9999.000,9999.000,9999.000,9999.000,9999.000,9999.000
202607041948,   1.558,9999.000,9999.000,9999.000,9999.000,9999.000,9999.000,9999.000,9999.000
202607041954,   1.497,9999.000,9999.000,9999.000,9999.000,9999.000,9999.000,9999.000,9999.000
202607042000,   1.437,9999.000,   0.200,  -1.433,   0.204,   0.100,   0.104,   0.200,   0.204
202607042006,   1.378,9999.000,9999.000,9999.000,9999.000,9999.000,9999.000,9999.000,9999.000
202607042012,   1.319,9999.000,9999.000,9999.000,9999.000,9999.000,9999.000,9999.000,9999.000
202607042018,   1.262,9999.000,9999.000,9999.000,9999.000,9999.000,9999.000,9999.000,9999.000
202607042024,   1.207,9999.000,9999.000,9999.000,9999.000,9999.000,9999.000,9999.000,9999.000
202607042030,   1.152,9999.000,9999.000,9999.000,9999.000,9999.000,9999.000,9999.000,9999.000
202607042036,   1.100,9999.000,9999.000,9999.000,9999.000,9999.000,9999.000,9999.000,9999.000
202607042042,   1.050,9999.000,9999.000,9999.000,9999.000,9999.000,9999.000,9999.000,9999.000
202607042048,   1.001,9999.000,9999.000,9999.000,9999.000,9999.000,9999.000,9999.000,9999.000
202607042054,   0.955,9999.000,9999.000,9999.000,9999.000,9999.000,9999.000,9999.000,9999.000
202607042100,   0.911,9999.000,   0.200,  -1.433,  -0.322,   0.100,  -0.422,   0.200,  -0.322
202607042106,   0.870,9999.000,9999.000,9999.000,9999.000,9999.000,9999.000,9999.000,9999.000
202607042112,   0.831,9999.000,9999.000,9999.000,9999.000,9999.000,9999.000,9999.000,9999.000
202607042118,   0.795,9999.000,9999.000,9999.000,9999.000,9999.000,9999.000,9999.000,9999.000
202607042124,   0.762,9999.000,9999.000,9999.000,9999.000,9999.000,9999.000,9999.000,9999.000
202607042130,   0.731,9999.000,9999.000,9999.000,9999.000,9999.000,9999.000,9999.000,9999.000
202607042136,   0.704,9999.000,9999.000,9999.000,9999.000,9999.000,9999.000,9999.000,9999.000
202607042142,   0.679,9999.000,9999.000,9999.000,9999.000,9999.000,9999.000,9999.000,9999.000
202607042148,   0.658,9999.000,9999.000,9999.000,9999.000,9999.000,9999.000,9999.000,9999.000
202607042154,   0.639,9999.000,9999.000,9999.000,9999.000,9999.000,9999.000,9999.000,9999.000
202607042200,   0.623,9999.000,   0.200,  -1.433,  -0.610,   0.100,  -0.710,   0.200,  -0.610
202607042206,   0.611,9999.000,9999.000,9999.000,9999.000,9999.000,9999.000,9999.000,9999.000
202607042212,   0.602,9999.000,9999.000,9999.000,9999.000,9999.000,9999.000,9999.000,9999.000
202607042218,   0.596,9999.000,9999.000,9999.000,9999.000,9999.000,9999.000,9999.000,9999.000
202607042224,   0.593,9999.000,9999.000,9999.000,9999.000,9999.000,9999.000,9999.000,9999.000
202607042230,   0.595,9999.000,9999.000,9999.000,9999.000,9999.000,9999.000,9999.000,9999.000
202607042236,   0.599,9999.000,9999.000,9999.000,9999.000,9999.000,9999.000,9999.000,9999.000
202607042242,   0.607,9999.000,9999.000,9999.000,9999.000,9999.000,9999.000,9999.000,9999.000
202607042248,   0.620,9999.000,9999.000,9999.000,9999.000,9999.000,9999.000,9999.000,9999.000
202607042254,   0.635,9999.000,9999.000,9999.000,9999.000,9999.000,9999.000,9999.000,9999.000
202607042300,   0.655,9999.000,   0.200,  -1.433,  -0.578,   0.100,  -0.678,   0.200,  -0.578
202607042306,   0.679,9999.000,9999.000,9999.000,9999.000,9999.000,9999.000,9999.000,9999.000
202607042312,   0.707,9999.000,9999.000,9999.000,9999.000,9999.000,9999.000,9999.000,9999.000
202607042318,   0.738,9999.000,9999.000,9999.000,9999.000,9999.000,9999.000,9999.000,9999.000
202607042324,   0.774,9999.000,9999.000,9999.000,9999.000,9999.000,9999.000,9999.000,9999.000
202607042330,   0.814,9999.000,9999.000,9999.000,9999.000,9999.000,9999.000,9999.000,9999.000
202607042336,   0.857,9999.000,9999.000,9999.000,9999.000,9999.000,9999.000,9999.000,9999.000
202607042342,   0.904,9999.000,9999.000,9999.000,9999.000,9999.000,9999.000,9999.000,9999.000
202607042348,   0.954,9999.000,9999.000,9999.000,9999.000,9999.000,9999.000,9999.000,9999.000
202607042354,   1.008,9999.000,9999.000,9999.000,9999.000,9999.000,9999.000,9999.000,9999.000
202607050000,   1.064,9999.000,   0.200,  -1.433,  -0.169,   0.100,  -0.269,   0.200,  -0.169
202607050006,   1.123,9999.000,9999.000,9999.000,9999.000,9999.000,9999.000,9999.000,9999.000
202607050012,   1.185,9999.000,9999.000,9999.000,9999.000,9999.000,9999.000,9999.000,9999.000
202607050018,   1.249,9999.000,9999.000,9999.000,9999.000,9999.000,9999.000,9999.000,9999.000
202607050024,   1.315,9999.000,9999.000,9999.000,9999.000,9999.000,9999.000,9999.000,9999.000
202607050030,   1.382,9999.000,9999.000,9999.000,9999.000,9999.000,9999.000,9999.000,9999.000
202607050036,   1.450,9999.000,9999.000,9999.000,9999.000,9999.000,9999.000,9999.000,9999.000
202607050042,   1.519,9999.000,9999.000,9999.000,9999.000,9999.000,9999.000,9999.000,9999.000
202607050048,   1.589,9999.000,9999.000,9999.000,9999.000,9999.000,9999.000,9999.000,9999.000
202607050054,   1.658,9999.000,9999.000,9999.000,9999.000,9999.000,9999.000,9999.000,9999.000
202607050100,   1.728,9999.000,   0.200,  -1.433,   0.495,   0.100,   0.395,   0.200,   0.495
202607050106,   1.796,9999.000,9999.000,9999.000,9999.000,9999.000,9999.000,9999.000,9999.000
202607050112,   1.864,9999.000,9999.000,9999.000,9999.000,9999.000,9999.000,9999.000,9999.000
202607050118,   1.931,9999.000,9999.000,9999.000,9999.000,9999.000,9999.000,9999.000,9999.000
202607050124,   1.997,9999.000,9999.000,9999.000,9999.000,9999.000,9999.000,9999.000,9999.000
202607050130,   2.060,9999.000,9999.000,9999.000,9999.000,9999.000,9999.000,9999.000,9999.000
202607050136,   2.122,9999.000,9999.000,9999.000,9999.000,9999.000,9999.000,9999.000,9999.000
202607050142,   2.182,9999.000,9999.000,9999.000,9999.000,9999.000,9999.000,9999.000,9999.000
202607050148,   2.240,9999.000,9999.000,9999.000,9999.000,9999.000,9999.000,9999.000,9999.000
202607050154,   2.295,9999.000,9999.000,9999.000,9999.000,9999.000,9999.000,9999.000,9999.000
202607050200,   2.348,9999.000,   0.200,  -1.433,   1.115,   0.100,   1.015,   0.200,   1.115
202607050206,   2.398,9999.000,9999.000,9999.000,9999.000,9999.000,9999.000,9999.000,9999.000
202607050212,   2.446,9999.000,9999.000,9999.000,9999.000,9999.000,9999.000,9999.000,9999.000
202607050218,   2.491,9999.000,9999.000,9999.000,9999.000,9999.000,9999.000,9999.000,9999.000
202607050224,   2.533,9999.000,9999.000,9999.000,9999.000,9999.000,9999.000,9999.000,9999.000
202607050230,   2.573,9999.000,9999.000,9999.000,9999.000,9999.000,9999.000,9999.000,9999.000
202607050236,   2.609,9999.000,9999.000,9999.000,9999.000,9999.000,9999.000,9999.000,9999.000
202607050242,   2.644,9999.000,9999.000,9999.000,9999.000,9999.000,9999.000,9999.000,9999.000
202607050248,   2.675,9999.000,9999.000,9999.000,9999.000,9999.000,9999.000,9999.000,9999.000
202607050254,   2.704,9999.000,9999.000,9999.000,9999.000,9999.000,9999.000,9999.000,9999.000
202607050300,   2.731,9999.000,   0.200,  -1.433,   1.498,   0.100,   1.398,   0.200,   1.498
202607050306,   2.755,9999.000,9999.000,9999.000,9999.000,9999.000,9999.000,9999.000,9999.000
202607050312,   2.776,9999.000,9999.000,9999.000,9999.000,9999.000,9999.000,9999.000,9999.000
202607050318,   2.796,9999.000,9999.000,9999.000,9999.000,9999.000,9999.000,9999.000,9999.000
202607050324,   2.813,9999.000,9999.000,9999.000,9999.000,9999.000,9999.000,9999.000,9999.000
202607050330,   2.828,9999.000,9999.000,9999.000,9999.000,9999.000,9999.000,9999.000,9999.000
202607050336,   2.841,9999.000,9999.000,9999.000,9999.000,9999.000,9999.000,9999.000,9999.000
202607050342,   2.852,9999.000,9999.000,9999.000,9999.000,9999.000,9999.000,9999.000,9999.000
202607050348,   2.862,9999.000,9999.000,9999.000,9999.000,9999.000,9999.000,9999.000,9999.000
202607050354,   2.869,9999.000,9999.000,9999.000,9999.000,9999.000,9999.000,9999.000,9999.000
202607050400,   2.875,9999.000,   0.200,  -1.433,   1.642,   0.100,   1.542,   0.200,   1.642
202607050406,   2.879,9999.000,9999.000,9999.000,9999.000,9999.000,9999.000,9999.000,9999.000
202607050412,   2.882,9999.000,9999.000,9999.000,9999.000,9999.000,9999.000,9999.000,9999.000
202607050418,   2.883,9999.000,9999.000,9999.000,9999.000,9999.000,9999.000,9999.000,9999.000
202607050424,   2.882,9999.000,9999.000,9999.000,9999.000,9999.000,9999.000,9999.000,9999.000
202607050430,   2.881,9999.000,9999.000,9999.000,9999.000,9999.000,9999.000,9999.000,9999.000
202607050436,   2.877,9999.000,9999.000,9999.000,9999.000,9999.000,9999.000,9999.000,9999.000
202607050442,   2.872,9999.000,9999.000,9999.000,9999.000,9999.000,9999.000,9999.000,9999.000
202607050448,   2.866,9999.000,9999.000,9999.000,9999.000,9999.000,9999.000,9999.000,9999.000
202607050454,   2.858,9999.000,9999.000,9999.000,9999.000,9999.000,9999.000,9999.000,9999.000
202607050500,   2.849,9999.000,   0.200,  -1.433,   1.616,   0.100,   1.516,   0.200,   1.616
202607050506,   2.838,9999.000,9999.000,9999.000,9999.000,9999.000,9999.000,9999.000,9999.000
202607050512,   2.825,9999.000,9999.000,9999.000,9999.000,9999.000,9999.000,9999.000,9999.000
202607050518,   2.810,9999.000,9999.000,9999.000,9999.000,9999.000,9999.000,9999.000,9999.000
202607050524,   2.794,9999.000,9999.000,9999.000,9999.000,9999.000,9999.000,9999.000,9999.000
202607050530,   2.776,9999.000,9999.000,9999.000,9999.000,9999.000,9999.000,9999.000,9999.000
202607050536,   2.756,9999.000,9999.000,9999.000,9999.000,9999.000,9999.000,9999.000,9999.000
202607050542,   2.733,9999.000,9999.000,9999.000,9999.000,9999.000,9999.000,9999.000,9999.000
202607050548,   2.709,9999.000,9999.000,9999.000,9999.000,9999.000,9999.000,9999.000,9999.000
202607050554,   2.683,9999.000,9999.000,9999.000,9999.000,9999.000,9999.000,9999.000,9999.000
202607050600,   2.654,9999.000,   0.200,  -1.433,   1.421,   0.100,   1.321,   0.200,   1.421
202607050606,   2.624,9999.000,9999.000,9999.000,9999.000,9999.000,9999.000,9999.000,9999.000
202607050612,   2.591,9999.000,9999.000,9999.000,9999.000,9999.000,9999.000,9999.000,9999.000
202607050618,   2.556,9999.000,9999.000,9999.000,9999.000,9999.000,9999.000,9999.000,9999.000
202607050624,   2.519,9999.000,9999.000,9999.000,9999.000,9999.000,9999.000,9999.000,9999.000
202607050630,   2.480,9999.000,9999.000,9999.000,9999.000,9999.000,9999.000,9999.000,9999.000
202607050636,   2.440,9999.000,9999.000,9999.000,9999.000,9999.000,9999.000,9999.000,9999.000
202607050642,   2.397,9999.000,9999.000,9999.000,9999.000,9999.000,9999.000,9999.000,9999.000
202607050648,   2.353,9999.000,9999.000,9999.000,9999.000,9999.000,9999.000,9999.000,9999.000
202607050654,   2.307,9999.000,9999.000,9999.000,9999.000,9999.000,9999.000,9999.000,9999.000
202607050700,   2.260,9999.000,   0.200,  -1.433,   1.027,   0.100,   0.927,   0.200,   1.027
202607050706,   2.212,9999.000,9999.000,9999.000,9999.000,9999.000,9999.000,9999.000,9999.000
202607050712,   2.162,9999.000,9999.000,9999.000,9999.000,9999.000,9999.000,9999.000,9999.000
202607050718,   2.112,9999.000,9999.000,9999.000,9999.000,9999.000,9999.000,9999.000,9999.000
202607050724,   2.061,9999.000,9999.000,9999.000,9999.000,9999.000,9999.000,9999.000,9999.000
202607050730,   2.009,9999.000,9999.000,9999.000,9999.000,9999.000,9999.000,9999.000,9999.000
202607050736,   1.956,9999.000,9999.000,9999.000,9999.000,9999.000,9999.000,9999.000,9999.000
202607050742,   1.903,9999.000,9999.000,9999.000,9999.000,9999.000,9999.000,9999.000,9999.000
202607050748,   1.850,9999.000,9999.000,9999.000,9999.000,9999.000,9999.000,9999.000,9999.000
202607050754,   1.797,9999.000,9999.000,9999.000,9999.000,9999.000,9999.000,9999.000,9999.000
202607050800,   1.743,9999.000,   0.200,  -1.433,   0.510,   0.100,   0.410,   0.200,   0.510
202607050806,   1.690,9999.000,9999.000,9999.000,9999.000,9999.000,9999.000,9999.000,9999.000
202607050812,   1.637,9999.000,9999.000,9999.000,9999.000,9999.000,9999.000,9999.000,9999.000
202607050818,   1.584,9999.000,9999.000,9999.000,9999.000,9999.000,9999.000,9999.000,9999.000
202607050824,   1.532,9999.000,9999.000,9999.000,9999.000,9999.000,9999.000,9999.000,9999.000
202607050830,   1.481,9999.000,9999.000,9999.000,9999.000,9999.000,9999.000,9999.000,9999.000
202607050836,   1.431,9999.000,9999.000,9999.000,9999.000,9999.000,9999.000,9999.000,9999.000
202607050842,   1.381,9999.000,9999.000,9999.000,9999.000,9999.000,9999.000,9999.000,9999.000
202607050848,   1.333,9999.000,9999.000,9999.000,9999.000,9999.000,9999.000,9999.000,9999.000
202607050854,   1.287,9999.000,9999.000,9999.000,9999.000,9999.000,9999.000,9999.000,9999.000
202607050900,   1.242,9999.000,   0.200,  -1.433,   0.009,   0.100,  -0.091,   0.200,   0.009
202607050906,   1.199,9999.000,9999.000,9999.000,9999.000,9999.000,9999.000,9999.000,9999.000
202607050912,   1.158,9999.000,9999.000,9999.000,9999.000,9999.000,9999.000,9999.000,9999.000
202607050918,   1.119,9999.000,9999.000,9999.000,9999.000,9999.000,9999.000,9999.000,9999.000
202607050924,   1.082,9999.000,9999.000,9999.000,9999.000,9999.000,9999.000,9999.000,9999.000
202607050930,   1.048,9999.000,9999.000,9999.000,9999.000,9999.000,9999.000,9999.000,9999.000
202607050936,   1.016,9999.000,9999.000,9999.000,9999.000,9999.000,9999.000,9999.000,9999.000
202607050942,   0.986,9999.000,9999.000,9999.000,9999.000,9999.000,9999.000,9999.000,9999.000
202607050948,   0.959,9999.000,9999.000,9999.000,9999.000,9999.000,9999.000,9999.000,9999.000
202607050954,   0.935,9999.000,9999.000,9999.000,9999.000,9999.000,9999.000,9999.000,9999.000
202607051000,   0.913,9999.000,   0.200,  -1.433,  -0.320,   0.100,  -0.420,   0.200,  -0.320
202607051006,   0.894,9999.000,9999.000,9999.000,9999.000,9999.000,9999.000,9999.000,9999.000
202607051012,   0.878,9999.000,9999.000,9999.000,9999.000,9999.000,9999.000,9999.000,9999.000
202607051018,   0.865,9999.000,9999.000,9999.000,9999.000,9999.000,9999.000,9999.000,9999.000
202607051024,   0.855,9999.000,9999.000,9999.000,9999.000,9999.000,9999.000,9999.000,9999.000
202607051030,   0.848,9999.000,9999.000,9999.000,9999.000,9999.000,9999.000,9999.000,9999.000
202607051036,   0.843,9999.000,9999.000,9999.000,9999.000,9999.000,9999.000,9999.000,9999.000
202607051042,   0.842,9999.000,9999.000,9999.000,9999.000,9999.000,9999.000,9999.000,9999.000
202607051048,   0.844,9999.000,9999.000,9999.000,9999.000,9999.000,9999.000,9999.000,9999.000
202607051054,   0.849,9999.000,9999.000,9999.000,9999.000,9999.000,9999.000,9999.000,9999.000
202607051100,   0.858,9999.000,   0.200,  -1.433,  -0.375,   0.100,  -0.475,   0.200,  -0.375
202607051106,   0.869,9999.000,9999.000,9999.000,9999.000,9999.000,9999.000,9999.000,9999.000
202607051112,   0.884,9999.000,9999.000,9999.000,9999.000,9999.000,9999.000,9999.000,9999.000
202607051118,   0.903,9999.000,9999.000,9999.000,9999.000,9999.000,9999.000,9999.000,9999.000
202607051124,   0.925,9999.000,9999.000,9999.000,9999.000,9999.000,9999.000,9999.000,9999.000
202607051130,   0.951,9999.000,9999.000,9999.000,9999.000,9999.000,9999.000,9999.000,9999.000
202607051136,   0.980,9999.000,9999.000,9999.000,9999.000,9999.000,9999.000,9999.000,9999.000
202607051142,   1.013,9999.000,9999.000,9999.000,9999.000,9999.000,9999.000,9999.000,9999.000
202607051148,   1.050,9999.000,9999.000,9999.000,9999.000,9999.000,9999.000,9999.000,9999.000
202607051154,   1.089,9999.000,9999.000,9999.000,9999.000,9999.000,9999.000,9999.000,9999.000
202607051200,   1.133,9999.000,   0.200,  -1.433,  -0.100,   0.100,  -0.200,   0.200,  -0.100
202607051206,   1.179,9999.000,9999.000,9999.000,9999.000,9999.000,9999.000,9999.000,9999.000
202607051212,   1.228,9999.000,9999.000,9999.000,9999.000,9999.000,9999.000,9999.000,9999.000
202607051218,   1.280,9999.000,9999.000,9999.000,9999.000,9999.000,9999.000,9999.000,9999.000
202607051224,   1.335,9999.000,9999.000,9999.000,9999.000,9999.000,9999.000,9999.000,9999.000
202607051230,   1.392,9999.000,9999.000,9999.000,9999.000,9999.000,9999.000,9999.000,9999.000
202607051236,   1.452,9999.000,9999.000,9999.000,9999.000,9999.000,9999.000,9999.000,9999.000
202607051242,   1.513,9999.000,9999.000,9999.000,9999.000,9999.000,9999.000,9999.000,9999.000
202607051248,   1.575,9999.000,9999.000,9999.000,9999.000,9999.000,9999.000,9999.000,9999.000
202607051254,   1.639,9999.000,9999.000,9999.000,9999.000,9999.000,9999.000,9999.000,9999.000
202607051300,   1.703,9999.000,   0.200,  -1.433,   0.470,   0.200,   0.470,   0.200,   0.470
202607051306,   1.769,9999.000,9999.000,9999.000,9999.000,9999.000,9999.000,9999.000,9999.000
202607051312,   1.834,9999.000,9999.000,9999.000,9999.000,9999.000,9999.000,9999.000,9999.000
202607051318,   1.899,9999.000,9999.000,9999.000,9999.000,9999.000,9999.000,9999.000,9999.000
202607051324,   1.964,9999.000,9999.000,9999.000,9999.000,9999.000,9999.000,9999.000,9999.000
202607051330,   2.028,9999.000,9999.000,9999.000,9999.000,9999.000,9999.000,9999.000,9999.000
202607051336,   2.092,9999.000,9999.000,9999.000,9999.000,9999.000,9999.000,9999.000,9999.000
202607051342,   2.154,9999.000,9999.000,9999.000,9999.000,9999.000,9999.000,9999.000,9999.000
202607051348,   2.214,9999.000,9999.000,9999.000,9999.000,9999.000,9999.000,9999.000,9999.000
202607051354,   2.273,9999.000,9999.000,9999.000,9999.000,9999.000,9999.000,9999.000,9999.000
202607051400,   2.330,9999.000,   0.200,  -1.433,   1.097,   0.200,   1.097,   0.300,   1.197
202607051406,   2.385,9999.000,9999.000,9999.000,9999.000,9999.000,9999.000,9999.000,9999.000
202607051412,   2.438,9999.000,9999.000,9999.000,9999.000,9999.000,9999.000,9999.000,9999.000
202607051418,   2.489,9999.000,9999.000,9999.000,9999.000,9999.000,9999.000,9999.000,9999.000
202607051424,   2.537,9999.000,9999.000,9999.000,9999.000,9999.000,9999.000,9999.000,9999.000
202607051430,   2.582,9999.000,9999.000,9999.000,9999.000,9999.000,9999.000,9999.000,9999.000
202607051436,   2.625,9999.000,9999.000,9999.000,9999.000,9999.000,9999.000,9999.000,9999.000
202607051442,   2.666,9999.000,9999.000,9999.000,9999.000,9999.000,9999.000,9999.000,9999.000
202607051448,   2.704,9999.000,9999.000,9999.000,9999.000,9999.000,9999.000,9999.000,9999.000
202607051454,   2.739,9999.000,9999.000,9999.000,9999.000,9999.000,9999.000,9999.000,9999.000
202607051500,   2.772,9999.000,   0.200,  -1.433,   1.539,   0.200,   1.539,   0.300,   1.639
202607051506,   2.802,9999.000,9999.000,9999.000,9999.000,9999.000,9999.000,9999.000,9999.000
202607051512,   2.830,9999.000,9999.000,9999.000,9999.000,9999.000,9999.000,9999.000,9999.000
202607051518,   2.855,9999.000,9999.000,9999.000,9999.000,9999.000,9999.000,9999.000,9999.000
202607051524,   2.877,9999.000,9999.000,9999.000,9999.000,9999.000,9999.000,9999.000,9999.000
202607051530,   2.898,9999.000,9999.000,9999.000,9999.000,9999.000,9999.000,9999.000,9999.000
202607051536,   2.916,9999.000,9999.000,9999.000,9999.000,9999.000,9999.000,9999.000,9999.000
202607051542,   2.932,9999.000,9999.000,9999.000,9999.000,9999.000,9999.000,9999.000,9999.000
202607051548,   2.946,9999.000,9999.000,9999.000,9999.000,9999.000,9999.000,9999.000,9999.000
202607051554,   2.958,9999.000,9999.000,9999.000,9999.000,9999.000,9999.000,9999.000,9999.000
202607051600,   2.968,9999.000,   0.200,  -1.433,   1.735,   0.200,   1.735,   0.300,   1.835
202607051606,   2.976,9999.000,9999.000,9999.000,9999.000,9999.000,9999.000,9999.000,9999.000
202607051612,   2.983,9999.000,9999.000,9999.000,9999.000,9999.000,9999.000,9999.000,9999.000
202607051618,   2.987,9999.000,9999.000,9999.000,9999.000,9999.000,9999.000,9999.000,9999.000
202607051624,   2.990,9999.000,9999.000,9999.000,9999.000,9999.000,9999.000,9999.000,9999.000
202607051630,   2.992,9999.000,9999.000,9999.000,9999.000,9999.000,9999.000,9999.000,9999.000
202607051636,   2.991,9999.000,9999.000,9999.000,9999.000,9999.000,9999.000,9999.000,9999.000
202607051642,   2.989,9999.000,9999.000,9999.000,9999.000,9999.000,9999.000,9999.000,9999.000
202607051648,   2.985,9999.000,9999.000,9999.000,9999.000,9999.000,9999.000,9999.000,9999.000
202607051654,   2.980,9999.000,9999.000,9999.000,9999.000,9999.000,9999.000,9999.000,9999.000
202607051700,   2.973,9999.000,   0.200,  -1.433,   1.740,   0.200,   1.740,   0.300,   1.840
202607051706,   2.964,9999.000,9999.000,9999.000,9999.000,9999.000,9999.000,9999.000,9999.000
202607051712,   2.953,9999.000,9999.000,9999.000,9999.000,9999.000,9999.000,9999.000,9999.000
202607051718,   2.940,9999.000,9999.000,9999.000,9999.000,9999.000,9999.000,9999.000,9999.000
202607051724,   2.926,9999.000,9999.000,9999.000,9999.000,9999.000,9999.000,9999.000,9999.000
202607051730,   2.909,9999.000,9999.000,9999.000,9999.000,9999.000,9999.000,9999.000,9999.000
202607051736,   2.891,9999.000,9999.000,9999.000,9999.000,9999.000,9999.000,9999.000,9999.000
202607051742,   2.870,9999.000,9999.000,9999.000,9999.000,9999.000,9999.000,9999.000,9999.000
202607051748,   2.847,9999.000,9999.000,9999.000,9999.000,9999.000,9999.000,9999.000,9999.000
202607051754,   2.822,9999.000,9999.000,9999.000,9999.000,9999.000,9999.000,9999.000,9999.000
202607051800,   2.795,9999.000,   0.200,  -1.433,   1.562,   0.200,   1.562,   0.300,   1.662
202607051806,   2.765,9999.000,9999.000,9999.000,9999.000,9999.000,9999.000,9999.000,9999.000
202607051812,   2.733,9999.000,9999.000,9999.000,9999.000,9999.000,9999.000,9999.000,9999.000
202607051818,   2.698,9999.000,9999.000,9999.000,9999.000,9999.000,9999.000,9999.000,9999.000
202607051824,   2.661,9999.000,9999.000,9999.000,9999.000,9999.000,9999.000,9999.000,9999.000
202607051830,   2.622,9999.000,9999.000,9999.000,9999.000,9999.000,9999.000,9999.000,9999.000
202607051836,   2.580,9999.000,9999.000,9999.000,9999.000,9999.000,9999.000,9999.000,9999.000
202607051842,   2.536,9999.000,9999.000,9999.000,9999.000,9999.000,9999.000,9999.000,9999.000
202607051848,   2.489,9999.000,9999.000,9999.000,9999.000,9999.000,9999.000,9999.000,9999.000
202607051854,   2.441,9999.000,9999.000,9999.000,9999.000,9999.000,9999.000,9999.000,9999.000
202607051900,   2.390,9999.000,   0.200,  -1.433,   1.157,   0.200,   1.157,   0.300,   1.257
202607051906,   2.338,9999.000,9999.000,9999.000,9999.000,9999.000,9999.000,9999.000,9999.000
202607051912,   2.283,9999.000,9999.000,9999.000,9999.000,9999.000,9999.000,9999.000,9999.000
202607051918,   2.228,9999.000,9999.000,9999.000,9999.000,9999.000,9999.000,9999.000,9999.000
202607051924,   2.171,9999.000,9999.000,9999.000,9999.000,9999.000,9999.000,9999.000,9999.000
202607051930,   2.112,9999.000,9999.000,9999.000,9999.000,9999.000,9999.000,9999.000,9999.000
202607051936,   2.053,9999.000,9999.000,9999.000,9999.000,9999.000,9999.000,9999.000,9999.000
202607051942,   1.993,9999.000,9999.000,9999.000,9999.000,9999.000,9999.000,9999.000,9999.000
202607051948,   1.932,9999.000,9999.000,9999.000,9999.000,9999.000,9999.000,9999.000,9999.000
202607051954,   1.870,9999.000,9999.000,9999.000,9999.000,9999.000,9999.000,9999.000,9999.000
202607052000,   1.808,9999.000,   0.200,  -1.433,   0.575,   0.200,   0.575,   0.300,   0.675
202607052006,   1.746,9999.000,9999.000,9999.000,9999.000,9999.000,9999.000,9999.000,9999.000
202607052012,   1.684,9999.000,9999.000,9999.000,9999.000,9999.000,9999.000,9999.000,9999.000
202607052018,   1.622,9999.000,9999.000,9999.000,9999.000,9999.000,9999.000,9999.000,9999.000
202607052024,   1.560,9999.000,9999.000,9999.000,9999.000,9999.000,9999.000,9999.000,9999.000
202607052030,   1.498,9999.000,9999.000,9999.000,9999.000,9999.000,9999.000,9999.000,9999.000
202607052036,   1.437,9999.000,9999.000,9999.000,9999.000,9999.000,9999.000,9999.000,9999.000
202607052042,   1.377,9999.000,9999.000,9999.000,9999.000,9999.000,9999.000,9999.000,9999.000
202607052048,   1.317,9999.000,9999.000,9999.000,9999.000,9999.000,9999.000,9999.000,9999.000
202607052054,   1.259,9999.000,9999.000,9999.000,9999.000,9999.000,9999.000,9999.000,9999.000
202607052100,   1.202,9999.000,   0.300,  -1.433,   0.069,   0.200,  -0.031,   0.300,   0.069
202607052106,   1.146,9999.000,9999.000,9999.000,9999.000,9999.000,9999.000,9999.000,9999.000
202607052112,   1.092,9999.000,9999.000,9999.000,9999.000,9999.000,9999.000,9999.000,9999.000
202607052118,   1.040,9999.000,9999.000,9999.000,9999.000,9999.000,9999.000,9999.000,9999.000
202607052124,   0.990,9999.000,9999.000,9999.000,9999.000,9999.000,9999.000,9999.000,9999.000
202607052130,   0.942,9999.000,9999.000,9999.000,9999.000,9999.000,9999.000,9999.000,9999.000
202607052136,   0.897,9999.000,9999.000,9999.000,9999.000,9999.000,9999.000,9999.000,9999.000
202607052142,   0.854,9999.000,9999.000,9999.000,9999.000,9999.000,9999.000,9999.000,9999.000
202607052148,   0.814,9999.000,9999.000,9999.000,9999.000,9999.000,9999.000,9999.000,9999.000
202607052154,   0.777,9999.000,9999.000,9999.000,9999.000,9999.000,9999.000,9999.000,9999.000
202607052200,   0.743,9999.000,   0.300,  -1.433,  -0.390,   0.200,  -0.490,   0.300,  -0.390
202607052206,   0.711,9999.000,9999.000,9999.000,9999.000,9999.000,9999.000,9999.000,9999.000
202607052212,   0.683,9999.000,9999.000,9999.000,9999.000,9999.000,9999.000,9999.000,9999.000
202607052218,   0.658,9999.000,9999.000,9999.000,9999.000,9999.000,9999.000,9999.000,9999.000
202607052224,   0.637,9999.000,9999.000,9999.000,9999.000,9999.000,9999.000,9999.000,9999.000
202607052230,   0.618,9999.000,9999.000,9999.000,9999.000,9999.000,9999.000,9999.000,9999.000
202607052236,   0.603,9999.000,9999.000,9999.000,9999.000,9999.000,9999.000,9999.000,9999.000
202607052242,   0.592,9999.000,9999.000,9999.000,9999.000,9999.000,9999.000,9999.000,9999.000
202607052248,   0.583,9999.000,9999.000,9999.000,9999.000,9999.000,9999.000,9999.000,9999.000
202607052254,   0.578,9999.000,9999.000,9999.000,9999.000,9999.000,9999.000,9999.000,9999.000
202607052300,   0.577,9999.000,   0.300,  -1.433,  -0.556,   0.200,  -0.656,   0.300,  -0.556
202607052306,   0.579,9999.000,9999.000,9999.000,9999.000,9999.000,9999.000,9999.000,9999.000
202607052312,   0.584,9999.000,9999.000,9999.000,9999.000,9999.000,9999.000,9999.000,9999.000
202607052318,   0.593,9999.000,9999.000,9999.000,9999.000,9999.000,9999.000,9999.000,9999.000
202607052324,   0.606,9999.000,9999.000,9999.000,9999.000,9999.000,9999.000,9999.000,9999.000
202607052330,   0.622,9999.000,9999.000,9999.000,9999.000,9999.000,9999.000,9999.000,9999.000
202607052336,   0.642,9999.000,9999.000,9999.000,9999.000,9999.000,9999.000,9999.000,9999.000
202607052342,   0.666,9999.000,9999.000,9999.000,9999.000,9999.000,9999.000,9999.000,9999.000
202607052348,   0.693,9999.000,9999.000,9999.000,9999.000,9999.000,9999.000,9999.000,9999.000
202607052354,   0.724,9999.000,9999.000,9999.000,9999.000,9999.000,9999.000,9999.000,9999.000
202607060000,   0.758,9999.000,   0.300,  -1.433,  -0.375,   0.200,  -0.475,   0.300,  -0.375
202607060006,   0.796,9999.000,9999.000,9999.000,9999.000,9999.000,9999.000,9999.000,9999.000
202607060012,   0.838,9999.000,9999.000,9999.000,9999.000,9999.000,9999.000,9999.000,9999.000
202607060018,   0.883,9999.000,9999.000,9999.000,9999.000,9999.000,9999.000,9999.000,9999.000
202607060024,   0.931,9999.000,9999.000,9999.000,9999.000,9999.000,9999.000,9999.000,9999.000
202607060030,   0.983,9999.000,9999.000,9999.000,9999.000,9999.000,9999.000,9999.000,9999.000
202607060036,   1.038,9999.000,9999.000,9999.000,9999.000,9999.000,9999.000,9999.000,9999.000
202607060042,   1.095,9999.000,9999.000,9999.000,9999.000,9999.000,9999.000,9999.000,9999.000
202607060048,   1.156,9999.000,9999.000,9999.000,9999.000,9999.000,9999.000,9999.000,9999.000
202607060054,   1.218,9999.000,9999.000,9999.000,9999.000,9999.000,9999.000,9999.000,9999.000
202607060100,   1.283,9999.000,   0.300,  -1.433,   0.150,   0.200,   0.050,   0.300,   0.150
202607060106,   1.349,9999.000,9999.000,9999.000,9999.000,9999.000,9999.000,9999.000,9999.000
202607060112,   1.417,9999.000,9999.000,9999.000,9999.000,9999.000,9999.000,9999.000,9999.000
202607060118,   1.486,9999.000,9999.000,9999.000,9999.000,9999.000,9999.000,9999.000,9999.000
202607060124,   1.556,9999.000,9999.000,9999.000,9999.000,9999.000,9999.000,9999.000,9999.000
202607060130,   1.626,9999.000,9999.000,9999.000,9999.000,9999.000,9999.000,9999.000,9999.000
202607060136,   1.697,9999.000,9999.000,9999.000,9999.000,9999.000,9999.000,9999.000,9999.000
202607060142,   1.767,9999.000,9999.000,9999.000,9999.000,9999.000,9999.000,9999.000,9999.000
202607060148,   1.837,9999.000,9999.000,9999.000,9999.000,9999.000,9999.000,9999.000,9999.000
202607060154,   1.907,9999.000,9999.000,9999.000,9999.000,9999.000,9999.000,9999.000,9999.000
202607060200,   1.975,9999.000,   0.300,  -1.433,   0.842,   0.200,   0.742,   0.400,   0.942
202607060206,   2.043,9999.000,9999.000,9999.000,9999.000,9999.000,9999.000,9999.000,9999.000
202607060212,   2.108,9999.000,9999.000,9999.000,9999.000,9999.000,9999.000,9999.000,9999.000
202607060218,   2.172,9999.000,9999.000,9999.000,9999.000,9999.000,9999.000,9999.000,9999.000
202607060224,   2.234,9999.000,9999.000,9999.000,9999.000,9999.000,9999.000,9999.000,9999.000
202607060230,   2.294,9999.000,9999.000,9999.000,9999.000,9999.000,9999.000,9999.000,9999.000
202607060236,   2.352,9999.000,9999.000,9999.000,9999.000,9999.000,9999.000,9999.000,9999.000
202607060242,   2.407,9999.000,9999.000,9999.000,9999.000,9999.000,9999.000,9999.000,9999.000
202607060248,   2.460,9999.000,9999.000,9999.000,9999.000,9999.000,9999.000,9999.000,9999.000
202607060254,   2.510,9999.000,9999.000,9999.000,9999.000,9999.000,9999.000,9999.000,9999.000
202607060300,   2.557,9999.000,   0.300,  -1.433,   1.424,   0.200,   1.324,   0.400,   1.524
202607060306,   2.602,9999.000,9999.000,9999.000,9999.000,9999.000,9999.000,9999.000,9999.000
202607060312,   2.644,9999.000,9999.000,9999.000,9999.000,9999.000,9999.000,9999.000,9999.000
202607060318,   2.683,9999.000,9999.000,9999.000,9999.000,9999.000,9999.000,9999.000,9999.000
202607060324,   2.719,9999.000,9999.000,9999.000,9999.000,9999.000,9999.000,9999.000,9999.000
202607060330,   2.753,9999.000,9999.000,9999.000,9999.000,9999.000,9999.000,9999.000,9999.000
202607060336,   2.784,9999.000,9999.000,9999.000,9999.000,9999.000,9999.000,9999.000,9999.000
202607060342,   2.812,9999.000,9999.000,9999.000,9999.000,9999.000,9999.000,9999.000,9999.000
202607060348,   2.838,9999.000,9999.000,9999.000,9999.000,9999.000,9999.000,9999.000,9999.000
202607060354,   2.861,9999.000,9999.000,9999.000,9999.000,9999.000,9999.000,9999.000,9999.000
202607060400,   2.882,9999.000,   0.300,  -1.433,   1.749,   0.200,   1.649,   0.400,   1.849
202607060406,   2.901,9999.000,9999.000,9999.000,9999.000,9999.000,9999.000,9999.000,9999.000
202607060412,   2.917,9999.000,9999.000,9999.000,9999.000,9999.000,9999.000,9999.000,9999.000
202607060418,   2.931,9999.000,9999.000,9999.000,9999.000,9999.000,9999.000,9999.000,9999.000
202607060424,   2.943,9999.000,9999.000,9999.000,9999.000,9999.000,9999.000,9999.000,9999.000
202607060430,   2.952,9999.000,9999.000,9999.000,9999.000,9999.000,9999.000,9999.000,9999.000
202607060436,   2.960,9999.000,9999.000,9999.000,9999.000,9999.000,9999.000,9999.000,9999.000
202607060442,   2.966,9999.000,9999.000,9999.000,9999.000,9999.000,9999.000,9999.000,9999.000
202607060448,   2.970,9999.000,9999.000,9999.000,9999.000,9999.000,9999.000,9999.000,9999.000
202607060454,   2.973,9999.000,9999.000,9999.000,9999.000,9999.000,9999.000,9999.000,9999.000
202607060500,   2.973,9999.000,   0.300,  -1.433,   1.840,   0.200,   1.740,   0.400,   1.940
202607060506,   2.972,9999.000,9999.000,9999.000,9999.000,9999.000,9999.000,9999.000,9999.000
202607060512,   2.969,9999.000,9999.000,9999.000,9999.000,9999.000,9999.000,9999.000,9999.000
202607060518,   2.965,9999.000,9999.000,9999.000,9999.000,9999.000,9999.000,9999.000,9999.000
202607060524,   2.959,9999.000,9999.000,9999.000,9999.000,9999.000,9999.000,9999.000,9999.000
202607060530,   2.952,9999.000,9999.000,9999.000,9999.000,9999.000,9999.000,9999.000,9999.000
202607060536,   2.942,9999.000,9999.000,9999.000,9999.000,9999.000,9999.000,9999.000,9999.000
202607060542,   2.932,9999.000,9999.000,9999.000,9999.000,9999.000,9999.000,9999.000,9999.000
202607060548,   2.919,9999.000,9999.000,9999.000,9999.000,9999.000,9999.000,9999.000,9999.000
202607060554,   2.905,9999.000,9999.000,9999.000,9999.000,9999.000,9999.000,9999.000,9999.000
202607060600,   2.889,9999.000,   0.300,  -1.433,   1.756,   0.300,   1.756,   0.400,   1.856
202607060606,   2.871,9999.000,9999.000,9999.000,9999.000,9999.000,9999.000,9999.000,9999.000
202607060612,   2.850,9999.000,9999.000,9999.000,9999.000,9999.000,9999.000,9999.000,9999.000
202607060618,   2.828,9999.000,9999.000,9999.000,9999.000,9999.000,9999.000,9999.000,9999.000
202607060624,   2.804,9999.000,9999.000,9999.000,9999.000,9999.000,9999.000,9999.000,9999.000
202607060630,   2.778,9999.000,9999.000,9999.000,9999.000,9999.000,9999.000,9999.000,9999.000
202607060636,   2.749,9999.000,9999.000,9999.000,9999.000,9999.000,9999.000,9999.000,9999.000
202607060642,   2.719,9999.000,9999.000,9999.000,9999.000,9999.000,9999.000,9999.000,9999.000
202607060648,   2.686,9999.000,9999.000,9999.000,9999.000,9999.000,9999.000,9999.000,9999.000
202607060654,   2.651,9999.000,9999.000,9999.000,9999.000,9999.000,9999.000,9999.000,9999.000
202607060700,   2.614,9999.000,   0.300,  -1.433,   1.481,   0.300,   1.481,   0.400,   1.581
202607060706,   2.575,9999.000,9999.000,9999.000,9999.000,9999.000,9999.000,9999.000,9999.000
202607060712,   2.534,9999.000,9999.000,9999.000,9999.000,9999.000,9999.000,9999.000,9999.000
202607060718,   2.491,9999.000,9999.000,9999.000,9999.000,9999.000,9999.000,9999.000,9999.000
202607060724,   2.446,9999.000,9999.000,9999.000,9999.000,9999.000,9999.000,9999.000,9999.000
202607060730,   2.400,9999.000,9999.000,9999.000,9999.000,9999.000,9999.000,9999.000,9999.000
202607060736,   2.352,9999.000,9999.000,9999.000,9999.000,9999.000,9999.000,9999.000,9999.000
202607060742,   2.304,9999.000,9999.000,9999.000,9999.000,9999.000,9999.000,9999.000,9999.000
202607060748,   2.254,9999.000,9999.000,9999.000,9999.000,9999.000,9999.000,9999.000,9999.000
202607060754,   2.203,9999.000,9999.000,9999.000,9999.000,9999.000,9999.000,9999.000,9999.000
202607060800,   2.151,9999.000,   0.400,  -1.433,   1.118,   0.300,   1.018,   0.400,   1.118
202607060806,   2.098,9999.000,9999.000,9999.000,9999.000,9999.000,9999.000,9999.000,9999.000
202607060812,   2.046,9999.000,9999.000,9999.000,9999.000,9999.000,9999.000,9999.000,9999.000
202607060818,   1.992,9999.000,9999.000,9999.000,9999.000,9999.000,9999.000,9999.000,9999.000
202607060824,   1.939,9999.000,9999.000,9999.000,9999.000,9999.000,9999.000,9999.000,9999.000
202607060830,   1.885,9999.000,9999.000,9999.000,9999.000,9999.000,9999.000,9999.000,9999.000
202607060836,   1.831,9999.000,9999.000,9999.000,9999.000,9999.000,9999.000,9999.000,9999.000
202607060842,   1.777,9999.000,9999.000,9999.000,9999.000,9999.000,9999.000,9999.000,9999.000
202607060848,   1.724,9999.000,9999.000,9999.000,9999.000,9999.000,9999.000,9999.000,9999.000
202607060854,   1.671,9999.000,9999.000,9999.000,9999.000,9999.000,9999.000,9999.000,9999.000
202607060900,   1.618,9999.000,   0.400,  -1.433,   0.585,   0.300,   0.485,   0.400,   0.585
202607060906,   1.566,9999.000,9999.000,9999.000,9999.000,9999.000,9999.000,9999.000,9999.000
202607060912,   1.514,9999.000,9999.000,9999.000,9999.000,9999.000,9999.000,9999.000,9999.000
202607060918,   1.464,9999.000,9999.000,9999.000,9999.000,9999.000,9999.000,9999.000,9999.000
202607060924,   1.414,9999.000,9999.000,9999.000,9999.000,9999.000,9999.000,9999.000,9999.000
202607060930,   1.366,9999.000,9999.000,9999.000,9999.000,9999.000,9999.000,9999.000,9999.000
202607060936,   1.319,9999.000,9999.000,9999.000,9999.000,9999.000,9999.000,9999.000,9999.000
202607060942,   1.274,9999.000,9999.000,9999.000,9999.000,9999.000,9999.000,9999.000,9999.000
202607060948,   1.230,9999.000,9999.000,9999.000,9999.000,9999.000,9999.000,9999.000,9999.000
202607060954,   1.188,9999.000,9999.000,9999.000,9999.000,9999.000,9999.000,9999.000,9999.000
202607061000,   1.148,9999.000,   0.400,  -1.433,   0.115,   0.300,   0.015,   0.400,   0.115
202607061006,   1.111,9999.000,9999.000,9999.000,9999.000,9999.000,9999.000,9999.000,9999.000
202607061012,   1.075,9999.000,9999.000,9999.000,9999.000,9999.000,9999.000,9999.000,9999.000
202607061018,   1.042,9999.000,9999.000,9999.000,9999.000,9999.000,9999.000,9999.000,9999.000
202607061024,   1.012,9999.000,9999.000,9999.000,9999.000,9999.000,9999.000,9999.000,9999.000
202607061030,   0.984,9999.000,9999.000,9999.000,9999.000,9999.000,9999.000,9999.000,9999.000
202607061036,   0.959,9999.000,9999.000,9999.000,9999.000,9999.000,9999.000,9999.000,9999.000
202607061042,   0.937,9999.000,9999.000,9999.000,9999.000,9999.000,9999.000,9999.000,9999.000
202607061048,   0.917,9999.000,9999.000,9999.000,9999.000,9999.000,9999.000,9999.000,9999.000
202607061054,   0.900,9999.000,9999.000,9999.000,9999.000,9999.000,9999.000,9999.000,9999.000
202607061100,   0.886,9999.000,   0.400,  -1.433,  -0.147,   0.300,  -0.247,   0.500,  -0.047
202607061106,   0.875,9999.000,9999.000,9999.000,9999.000,9999.000,9999.000,9999.000,9999.000
202607061112,   0.867,9999.000,9999.000,9999.000,9999.000,9999.000,9999.000,9999.000,9999.000
202607061118,   0.861,9999.000,9999.000,9999.000,9999.000,9999.000,9999.000,9999.000,9999.000
202607061124,   0.859,9999.000,9999.000,9999.000,9999.000,9999.000,9999.000,9999.000,9999.000
202607061130,   0.859,9999.000,9999.000,9999.000,9999.000,9999.000,9999.000,9999.000,9999.000
202607061136,   0.863,9999.000,9999.000,9999.000,9999.000,9999.000,9999.000,9999.000,9999.000
202607061142,   0.869,9999.000,9999.000,9999.000,9999.000,9999.000,9999.000,9999.000,9999.000
202607061148,   0.879,9999.000,9999.000,9999.000,9999.000,9999.000,9999.000,9999.000,9999.000
202607061154,   0.892,9999.000,9999.000,9999.000,9999.000,9999.000,9999.000,9999.000,9999.000
202607061200,   0.908,9999.000,   0.400,  -1.433,  -0.125,   0.300,  -0.225,   0.500,  -0.025
202607061206,   0.927,9999.000,9999.000,9999.000,9999.000,9999.000,9999.000,9999.000,9999.000
202607061212,   0.950,9999.000,9999.000,9999.000,9999.000,9999.000,9999.000,9999.000,9999.000
202607061218,   0.975,9999.000,9999.000,9999.000,9999.000,9999.000,9999.000,9999.000,9999.000
202607061224,   1.004,9999.000,9999.000,9999.000,9999.000,9999.000,9999.000,9999.000,9999.000
202607061230,   1.036,9999.000,9999.000,9999.000,9999.000,9999.000,9999.000,9999.000,9999.000
202607061236,   1.072,9999.000,9999.000,9999.000,9999.000,9999.000,9999.000,9999.000,9999.000
202607061242,   1.110,9999.000,9999.000,9999.000,9999.000,9999.000,9999.000,9999.000,9999.000
202607061248,   1.152,9999.000,9999.000,9999.000,9999.000,9999.000,9999.000,9999.000,9999.000
202607061254,   1.196,9999.000,9999.000,9999.000,9999.000,9999.000,9999.000,9999.000,9999.000
202607061300,   1.243,9999.000,   0.400,  -1.433,   0.210,   0.300,   0.110,   0.500,   0.310
202607061306,   1.293,9999.000,9999.000,9999.000,9999.000,9999.000,9999.000,9999.000,9999.000
202607061312,   1.346,9999.000,9999.000,9999.000,9999.000,9999.000,9999.000,9999.000,9999.000
202607061318,   1.400,9999.000,9999.000,9999.000,9999.000,9999.000,9999.000,9999.000,9999.000
202607061324,   1.457,9999.000,9999.000,9999.000,9999.000,9999.000,9999.000,9999.000,9999.000
202607061330,   1.515,9999.000,9999.000,9999.000,9999.000,9999.000,9999.000,9999.000,9999.000
202607061336,   1.574,9999.000,9999.000,9999.000,9999.000,9999.000,9999.000,9999.000,9999.000
202607061342,   1.635,9999.000,9999.000,9999.000,9999.000,9999.000,9999.000,9999.000,9999.000
202607061348,   1.697,9999.000,9999.000,9999.000,9999.000,9999.000,9999.000,9999.000,9999.000
202607061354,   1.759,9999.000,9999.000,9999.000,9999.000,9999.000,9999.000,9999.000,9999.000
202607061400,   1.822,9999.000,   0.400,  -1.433,   0.789,   0.300,   0.689,   0.500,   0.889
202607061406,   1.884,9999.000,9999.000,9999.000,9999.000,9999.000,9999.000,9999.000,9999.000
202607061412,   1.946,9999.000,9999.000,9999.000,9999.000,9999.000,9999.000,9999.000,9999.000
202607061418,   2.008,9999.000,9999.000,9999.000,9999.000,9999.000,9999.000,9999.000,9999.000
202607061424,   2.068,9999.000,9999.000,9999.000,9999.000,9999.000,9999.000,9999.000,9999.000
202607061430,   2.128,9999.000,9999.000,9999.000,9999.000,9999.000,9999.000,9999.000,9999.000
202607061436,   2.186,9999.000,9999.000,9999.000,9999.000,9999.000,9999.000,9999.000,9999.000
202607061442,   2.243,9999.000,9999.000,9999.000,9999.000,9999.000,9999.000,9999.000,9999.000
202607061448,   2.298,9999.000,9999.000,9999.000,9999.000,9999.000,9999.000,9999.000,9999.000
202607061454,   2.351,9999.000,9999.000,9999.000,9999.000,9999.000,9999.000,9999.000,9999.000
202607061500,   2.402,9999.000,   0.400,  -1.433,   1.369,   0.300,   1.269,   0.500,   1.469
202607061506,   2.451,9999.000,9999.000,9999.000,9999.000,9999.000,9999.000,9999.000,9999.000
202607061512,   2.498,9999.000,9999.000,9999.000,9999.000,9999.000,9999.000,9999.000,9999.000
202607061518,   2.542,9999.000,9999.000,9999.000,9999.000,9999.000,9999.000,9999.000,9999.000
202607061524,   2.584,9999.000,9999.000,9999.000,9999.000,9999.000,9999.000,9999.000,9999.000
202607061530,   2.623,9999.000,9999.000,9999.000,9999.000,9999.000,9999.000,9999.000,9999.000
202607061536,   2.660,9999.000,9999.000,9999.000,9999.000,9999.000,9999.000,9999.000,9999.000
202607061542,   2.694,9999.000,9999.000,9999.000,9999.000,9999.000,9999.000,9999.000,9999.000
202607061548,   2.726,9999.000,9999.000,9999.000,9999.000,9999.000,9999.000,9999.000,9999.000
202607061554,   2.756,9999.000,9999.000,9999.000,9999.000,9999.000,9999.000,9999.000,9999.000
202607061600,   2.783,9999.000,   0.400,  -1.433,   1.750,   0.400,   1.750,   0.500,   1.850
202607061606,   2.807,9999.000,9999.000,9999.000,9999.000,9999.000,9999.000,9999.000,9999.000
202607061612,   2.829,9999.000,9999.000,9999.000,9999.000,9999.000,9999.000,9999.000,9999.000
202607061618,   2.849,9999.000,9999.000,9999.000,9999.000,9999.000,9999.000,9999.000,9999.000
202607061624,   2.867,9999.000,9999.000,9999.000,9999.000,9999.000,9999.000,9999.000,9999.000
202607061630,   2.883,9999.000,9999.000,9999.000,9999.000,9999.000,9999.000,9999.000,9999.000
202607061636,   2.896,9999.000,9999.000,9999.000,9999.000,9999.000,9999.000,9999.000,9999.000
202607061642,   2.908,9999.000,9999.000,9999.000,9999.000,9999.000,9999.000,9999.000,9999.000
202607061648,   2.917,9999.000,9999.000,9999.000,9999.000,9999.000,9999.000,9999.000,9999.000
202607061654,   2.925,9999.000,9999.000,9999.000,9999.000,9999.000,9999.000,9999.000,9999.000
202607061700,   2.931,9999.000,   0.400,  -1.433,   1.898,   0.400,   1.898,   0.500,   1.998
202607061706,   2.935,9999.000,9999.000,9999.000,9999.000,9999.000,9999.000,9999.000,9999.000
202607061712,   2.938,9999.000,9999.000,9999.000,9999.000,9999.000,9999.000,9999.000,9999.000
202607061718,   2.938,9999.000,9999.000,9999.000,9999.000,9999.000,9999.000,9999.000,9999.000
202607061724,   2.937,9999.000,9999.000,9999.000,9999.000,9999.000,9999.000,9999.000,9999.000
202607061730,   2.935,9999.000,9999.000,9999.000,9999.000,9999.000,9999.000,9999.000,9999.000
202607061736,   2.930,9999.000,9999.000,9999.000,9999.000,9999.000,9999.000,9999.000,9999.000
202607061742,   2.924,9999.000,9999.000,9999.000,9999.000,9999.000,9999.000,9999.000,9999.000
202607061748,   2.916,9999.000,9999.000,9999.000,9999.000,9999.000,9999.000,9999.000,9999.000
202607061754,   2.906,9999.000,9999.000,9999.000,9999.000,9999.000,9999.000,9999.000,9999.000
202607061800,   2.895,9999.000,   0.400,  -1.433,   1.862,   0.400,   1.862,   0.500,   1.962
202607061806,   2.881,9999.000,9999.000,9999.000,9999.000,9999.000,9999.000,9999.000,9999.000
202607061812,   2.865,9999.000,9999.000,9999.000,9999.000,9999.000,9999.000,9999.000,9999.000
202607061818,   2.848,9999.000,9999.000,9999.000,9999.000,9999.000,9999.000,9999.000,9999.000
202607061824,   2.828,9999.000,9999.000,9999.000,9999.000,9999.000,9999.000,9999.000,9999.000
202607061830,   2.807,9999.000,9999.000,9999.000,9999.000,9999.000,9999.000,9999.000,9999.000
202607061836,   2.783,9999.000,9999.000,9999.000,9999.000,9999.000,9999.000,9999.000,9999.000
202607061842,   2.756,9999.000,9999.000,9999.000,9999.000,9999.000,9999.000,9999.000,9999.000
202607061848,   2.728,9999.000,9999.000,9999.000,9999.000,9999.000,9999.000,9999.000,9999.000
202607061854,   2.697,9999.000,9999.000,9999.000,9999.000,9999.000,9999.000,9999.000,9999.000
202607061900,   2.663,9999.000,   0.500,  -1.433,   1.730,   0.400,   1.630,   0.500,   1.730
202607061906,   2.627,9999.000,9999.000,9999.000,9999.000,9999.000,9999.000,9999.000,9999.000
202607061912,   2.589,9999.000,9999.000,9999.000,9999.000,9999.000,9999.000,9999.000,9999.000
202607061918,   2.548,9999.000,9999.000,9999.000,9999.000,9999.000,9999.000,9999.000,9999.000
202607061924,   2.505,9999.000,9999.000,9999.000,9999.000,9999.000,9999.000,9999.000,9999.000
202607061930,   2.459,9999.000,9999.000,9999.000,9999.000,9999.000,9999.000,9999.000,9999.000
202607061936,   2.412,9999.000,9999.000,9999.000,9999.000,9999.000,9999.000,9999.000,9999.000
202607061942,   2.362,9999.000,9999.000,9999.000,9999.000,9999.000,9999.000,9999.000,9999.000
202607061948,   2.310,9999.000,9999.000,9999.000,9999.000,9999.000,9999.000,9999.000,9999.000
202607061954,   2.257,9999.000,9999.000,9999.000,9999.000,9999.000,9999.000,9999.000,9999.000
202607062000,   2.202,9999.000,   0.500,  -1.433,   1.269,   0.400,   1.169,   0.500,   1.269
202607062006,   2.145,9999.000,9999.000,9999.000,9999.000,9999.000,9999.000,9999.000,9999.000
202607062012,   2.087,9999.000,9999.000,9999.000,9999.000,9999.000,9999.000,9999.000,9999.000
202607062018,   2.028,9999.000,9999.000,9999.000,9999.000,9999.000,9999.000,9999.000,9999.000
202607062024,   1.967,9999.000,9999.000,9999.000,9999.000,9999.000,9999.000,9999.000,9999.000
202607062030,   1.906,9999.000,9999.000,9999.000,9999.000,9999.000,9999.000,9999.000,9999.000
202607062036,   1.845,9999.000,9999.000,9999.000,9999.000,9999.000,9999.000,9999.000,9999.000
202607062042,   1.783,9999.000,9999.000,9999.000,9999.000,9999.000,9999.000,9999.000,9999.000
202607062048,   1.720,9999.000,9999.000,9999.000,9999.000,9999.000,9999.000,9999.000,9999.000
202607062054,   1.658,9999.000,9999.000,9999.000,9999.000,9999.000,9999.000,9999.000,9999.000
202607062100,   1.595,9999.000,   0.500,  -1.433,   0.662,   0.400,   0.562,   0.500,   0.662
202607062106,   1.533,9999.000,9999.000,9999.000,9999.000,9999.000,9999.000,9999.000,9999.000
202607062112,   1.471,9999.000,9999.000,9999.000,9999.000,9999.000,9999.000,9999.000,9999.000
202607062118,   1.409,9999.000,9999.000,9999.000,9999.000,9999.000,9999.000,9999.000,9999.000
202607062124,   1.349,9999.000,9999.000,9999.000,9999.000,9999.000,9999.000,9999.000,9999.000
202607062130,   1.289,9999.000,9999.000,9999.000,9999.000,9999.000,9999.000,9999.000,9999.000
202607062136,   1.230,9999.000,9999.000,9999.000,9999.000,9999.000,9999.000,9999.000,9999.000
202607062142,   1.172,9999.000,9999.000,9999.000,9999.000,9999.000,9999.000,9999.000,9999.000
202607062148,   1.116,9999.000,9999.000,9999.000,9999.000,9999.000,9999.000,9999.000,9999.000
202607062154,   1.062,9999.000,9999.000,9999.000,9999.000,9999.000,9999.000,9999.000,9999.000
202607062200,   1.009,9999.000,   0.500,  -1.433,   0.076,   0.400,  -0.024,   0.600,   0.176
202607062206,   0.959,9999.000,9999.000,9999.000,9999.000,9999.000,9999.000,9999.000,9999.000
202607062212,   0.911,9999.000,9999.000,9999.000,9999.000,9999.000,9999.000,9999.000,9999.000
202607062218,   0.865,9999.000,9999.000,9999.000,9999.000,9999.000,9999.000,9999.000,9999.000
202607062224,   0.823,9999.000,9999.000,9999.000,9999.000,9999.000,9999.000,9999.000,9999.000
202607062230,   0.783,9999.000,9999.000,9999.000,9999.000,9999.000,9999.000,9999.000,9999.000
202607062236,   0.746,9999.000,9999.000,9999.000,9999.000,9999.000,9999.000,9999.000,9999.000
202607062242,   0.713,9999.000,9999.000,9999.000,9999.000,9999.000,9999.000,9999.000,9999.000
202607062248,   0.683,9999.000,9999.000,9999.000,9999.000,9999.000,9999.000,9999.000,9999.000
202607062254,   0.656,9999.000,9999.000,9999.000,9999.000,9999.000,9999.000,9999.000,9999.000
202607062300,   0.633,9999.000,   0.500,  -1.433,  -0.300,   0.400,  -0.400,   0.600,  -0.200
202607062306,   0.613,9999.000,9999.000,9999.000,9999.000,9999.000,9999.000,9999.000,9999.000
202607062312,   0.597,9999.000,9999.000,9999.000,9999.000,9999.000,9999.000,9999.000,9999.000
202607062318,   0.584,9999.000,9999.000,9999.000,9999.000,9999.000,9999.000,9999.000,9999.000
202607062324,   0.575,9999.000,9999.000,9999.000,9999.000,9999.000,9999.000,9999.000,9999.000
202607062330,   0.569,9999.000,9999.000,9999.000,9999.000,9999.000,9999.000,9999.000,9999.000
202607062336,   0.567,9999.000,9999.000,9999.000,9999.000,9999.000,9999.000,9999.000,9999.000
202607062342,   0.568,9999.000,9999.000,9999.000,9999.000,9999.000,9999.000,9999.000,9999.000
202607062348,   0.573,9999.000,9999.000,9999.000,9999.000,9999.000,9999.000,9999.000,9999.000
202607062354,   0.581,9999.000,9999.000,9999.000,9999.000,9999.000,9999.000,9999.000,9999.000
202607070000,   0.592,9999.000,   0.500,  -1.433,  -0.341,   0.400,  -0.441,   0.600,  -0.241
