        TIME,    TIDE,      OB,   SURGE,    BIAS,     TWL,SURGE90p,  TWL90p,SURGE10p,   TWL10p
202606271800,   1.487,9999.000,   0.300,9999.000,   1.787,   0.300,   1.787,   0.300,   1.787
202606271806,   1.424,9999.000,9999.000,9999.000,9999.000,9999.000,9999.000,9999.000,9999.000
202606271812,   1.361,9999.000,9999.000,9999.000,9999.000,9999.000,9999.000,9999.000,9999.000
202606271818,   1.297,9999.000,9999.000,9999.000,9999.000,9999.000,9999.000,9999.000,9999.000
202606271824,   1.234,9999.000,9999.000,9999.000,9999.000,9999.000,9999.000,9999.000,9999.000
202606271830,   1.170,9999.000,9999.000,9999.000,9999.000,9999.000,9999.000,9999.000,9999.000
202606271836,   1.107,9999.000,9999.000,9999.000,9999.000,9999.000,9999.000,9999.000,9999.000
202606271842,   1.043,9999.000,9999.000,9999.000,9999.000,9999.000,9999.000,9999.000,9999.000
202606271848,   0.980,9999.000,9999.000,9999.000,9999.000,9999.000,9999.000,9999.000,9999.000
202606271854,   0.918,9999.000,9999.000,9999.000,9999.000,9999.000,9999.000,9999.000,9999.000
202606271900,   0.856,   0.803,   0.300,  -0.353,   0.803,   0.300,   0.803,   0.300,   0.803
202606271906,   0.795,9999.000,9999.000,9999.000,9999.000,9999.000,9999.000,9999.000,9999.000
202606271912,   0.735,9999.000,9999.000,9999.000,9999.000,9999.000,9999.000,9999.000,9999.000
202606271918,   0.675,9999.000,9999.000,9999.000,9999.000,9999.000,9999.000,9999.000,9999.000
202606271924,   0.617,   0.888,9999.000,9999.000,9999.000,9999.000,9999.000,9999.000,9999.000
202606271930,   0.560,   0.800,9999.000,9999.000,9999.000,9999.000,9999.000,9999.000,9999.000
202606271936,   0.505,   0.698,9999.000,9999.000,9999.000,9999.000,9999.000,9999.000,9999.000
202606271942,   0.451,   0.659,9999.000,9999.000,9999.000,9999.000,9999.000,9999.000,9999.000
202606271948,   0.399,   0.669,9999.000,9999.000,9999.000,9999.000,9999.000,9999.000,9999.000
202606271954,   0.348,   0.551,9999.000,9999.000,9999.000,9999.000,9999.000,9999.000,9999.000
202606272000,   0.300,   0.518,   0.300,  -0.082,   0.518,   0.300,   0.518,   0.400,   0.618
202606272006,   0.253,   0.570,9999.000,9999.000,9999.000,9999.000,9999.000,9999.000,9999.000
202606272012,   0.208,   0.488,9999.000,9999.000,9999.000,9999.000,9999.000,9999.000,9999.000
202606272018,   0.166,   0.429,9999.000,9999.000,9999.000,9999.000,9999.000,9999.000,9999.000
202606272024,   0.126,   0.469,9999.000,9999.000,9999.000,9999.000,9999.000,9999.000,9999.000
202606272030,   0.089,   0.390,9999.000,9999.000,9999.000,9999.000,9999.000,9999.000,9999.000
202606272036,   0.053,   0.370,9999.000,9999.000,9999.000,9999.000,9999.000,9999.000,9999.000
202606272042,   0.021,   0.331,9999.000,9999.000,9999.000,9999.000,9999.000,9999.000,9999.000
202606272048,  -0.008,   0.268,9999.000,9999.000,9999.000,9999.000,9999.000,9999.000,9999.000
202606272054,  -0.035,   0.239,9999.000,9999.000,9999.000,9999.000,9999.000,9999.000,9999.000
202606272100,  -0.059,   0.219,   0.300,  -0.022,   0.219,   0.300,   0.219,   0.400,   0.319
202606272106,  -0.081,   0.219,9999.000,9999.000,9999.000,9999.000,9999.000,9999.000,9999.000
202606272112,  -0.099,   0.209,9999.000,9999.000,9999.000,9999.000,9999.000,9999.000,9999.000
202606272118,  -0.115,   0.150,9999.000,9999.000,9999.000,9999.000,9999.000,9999.000,9999.000
202606272124,  -0.128,   0.150,9999.000,9999.000,9999.000,9999.000,9999.000,9999.000,9999.000
202606272130,  -0.138,   0.141,9999.000,9999.000,9999.000,9999.000,9999.000,9999.000,9999.000
202606272136,  -0.145,   0.200,9999.000,9999.000,9999.000,9999.000,9999.000,9999.000,9999.000
202606272142,  -0.150,   0.121,9999.000,9999.000,9999.000,9999.000,9999.000,9999.000,9999.000
202606272148,  -0.151,   0.150,9999.000,9999.000,9999.000,9999.000,9999.000,9999.000,9999.000
202606272154,  -0.149,   0.141,9999.000,9999.000,9999.000,9999.000,9999.000,9999.000,9999.000
202606272200,  -0.145,   0.121,   0.400,  -0.134,   0.121,   0.300,   0.021,   0.400,   0.121
202606272206,  -0.138,   0.200,9999.000,9999.000,9999.000,9999.000,9999.000,9999.000,9999.000
202606272212,  -0.128,   0.180,9999.000,9999.000,9999.000,9999.000,9999.000,9999.000,9999.000
202606272218,  -0.116,   0.200,9999.000,9999.000,9999.000,9999.000,9999.000,9999.000,9999.000
202606272224,  -0.101,   0.200,9999.000,9999.000,9999.000,9999.000,9999.000,9999.000,9999.000
202606272230,  -0.084,   0.239,9999.000,9999.000,9999.000,9999.000,9999.000,9999.000,9999.000
202606272236,  -0.064,   0.249,9999.000,9999.000,9999.000,9999.000,9999.000,9999.000,9999.000
202606272242,  -0.042,   0.321,9999.000,9999.000,9999.000,9999.000,9999.000,9999.000,9999.000
202606272248,  -0.018,   0.380,9999.000,9999.000,9999.000,9999.000,9999.000,9999.000,9999.000
202606272254,   0.008,   0.360,9999.000,9999.000,9999.000,9999.000,9999.000,9999.000,9999.000
202606272300,   0.036,   0.400,   0.400,  -0.036,   0.400,   0.300,   0.300,   0.400,   0.400
202606272306,   0.066,   0.439,9999.000,9999.000,9999.000,9999.000,9999.000,9999.000,9999.000
202606272312,   0.098,   0.551,9999.000,9999.000,9999.000,9999.000,9999.000,9999.000,9999.000
202606272318,   0.132,   0.590,9999.000,9999.000,9999.000,9999.000,9999.000,9999.000,9999.000
202606272324,   0.167,   0.570,9999.000,9999.000,9999.000,9999.000,9999.000,9999.000,9999.000
202606272330,   0.203,   0.688,9999.000,9999.000,9999.000,9999.000,9999.000,9999.000,9999.000
202606272336,   0.241,   0.731,9999.000,9999.000,9999.000,9999.000,9999.000,9999.000,9999.000
202606272342,   0.280,   0.780,9999.000,9999.000,9999.000,9999.000,9999.000,9999.000,9999.000
202606272348,   0.319,   0.760,9999.000,9999.000,9999.000,9999.000,9999.000,9999.000,9999.000
202606272354,   0.360,   0.760,9999.000,9999.000,9999.000,9999.000,9999.000,9999.000,9999.000
202606280000,   0.402,   0.800,   0.300,   0.098,   0.800,   0.200,   0.700,   0.300,   0.800
202606280006,   0.444,   0.839,9999.000,9999.000,9999.000,9999.000,9999.000,9999.000,9999.000
202606280012,   0.487,   0.941,9999.000,9999.000,9999.000,9999.000,9999.000,9999.000,9999.000
202606280018,   0.530,   1.020,9999.000,9999.000,9999.000,9999.000,9999.000,9999.000,9999.000
202606280024,   0.573,   1.118,9999.000,9999.000,9999.000,9999.000,9999.000,9999.000,9999.000
202606280030,   0.616,   1.161,9999.000,9999.000,9999.000,9999.000,9999.000,9999.000,9999.000
202606280036,   0.660,   1.190,9999.000,9999.000,9999.000,9999.000,9999.000,9999.000,9999.000
202606280042,   0.704,   1.180,9999.000,9999.000,9999.000,9999.000,9999.000,9999.000,9999.000
202606280048,   0.747,   1.279,9999.000,9999.000,9999.000,9999.000,9999.000,9999.000,9999.000
202606280054,   0.790,   1.289,9999.000,9999.000,9999.000,9999.000,9999.000,9999.000,9999.000
202606280100,   0.833,   1.371,   0.300,   0.238,   1.371,   0.200,   1.271,   0.300,   1.371
202606280106,   0.876,   1.459,9999.000,9999.000,9999.000,9999.000,9999.000,9999.000,9999.000
202606280112,   0.918,   1.439,9999.000,9999.000,9999.000,9999.000,9999.000,9999.000,9999.000
202606280118,   0.959,   1.528,9999.000,9999.000,9999.000,9999.000,9999.000,9999.000,9999.000
202606280124,   1.000,   1.528,9999.000,9999.000,9999.000,9999.000,9999.000,9999.000,9999.000
202606280130,   1.040,   1.548,9999.000,9999.000,9999.000,9999.000,9999.000,9999.000,9999.000
202606280136,   1.080,   1.580,9999.000,9999.000,9999.000,9999.000,9999.000,9999.000,9999.000
202606280142,   1.118,   1.620,9999.000,9999.000,9999.000,9999.000,9999.000,9999.000,9999.000
202606280148,   1.156,   1.600,9999.000,9999.000,9999.000,9999.000,9999.000,9999.000,9999.000
202606280154,   1.193,   1.659,9999.000,9999.000,9999.000,9999.000,9999.000,9999.000,9999.000
202606280200,   1.229,   1.679,   0.300,   0.150,   1.679,   0.200,   1.579,   0.300,   1.679
202606280206,   1.264,   1.758,9999.000,9999.000,9999.000,9999.000,9999.000,9999.000,9999.000
202606280212,   1.298,   1.800,9999.000,9999.000,9999.000,9999.000,9999.000,9999.000,9999.000
202606280218,   1.331,   1.859,9999.000,9999.000,9999.000,9999.000,9999.000,9999.000,9999.000
202606280224,   1.363,   1.859,9999.000,9999.000,9999.000,9999.000,9999.000,9999.000,9999.000
202606280230,   1.394,   1.869,9999.000,9999.000,9999.000,9999.000,9999.000,9999.000,9999.000
202606280236,   1.423,   1.918,9999.000,9999.000,9999.000,9999.000,9999.000,9999.000,9999.000
202606280242,   1.452,   1.899,9999.000,9999.000,9999.000,9999.000,9999.000,9999.000,9999.000
202606280248,   1.479,   1.967,9999.000,9999.000,9999.000,9999.000,9999.000,9999.000,9999.000
202606280254,   1.506,   2.089,9999.000,9999.000,9999.000,9999.000,9999.000,9999.000,9999.000
202606280300,   1.531,   2.089,   0.300,   0.258,   2.089,   0.200,   1.989,   0.300,   2.089
202606280306,   1.555,   2.109,9999.000,9999.000,9999.000,9999.000,9999.000,9999.000,9999.000
202606280312,   1.578,   2.177,9999.000,9999.000,9999.000,9999.000,9999.000,9999.000,9999.000
202606280318,   1.599,   2.158,9999.000,9999.000,9999.000,9999.000,9999.000,9999.000,9999.000
202606280324,   1.620,   2.200,9999.000,9999.000,9999.000,9999.000,9999.000,9999.000,9999.000
202606280330,   1.639,   2.240,9999.000,9999.000,9999.000,9999.000,9999.000,9999.000,9999.000
202606280336,   1.657,   2.128,9999.000,9999.000,9999.000,9999.000,9999.000,9999.000,9999.000
202606280342,   1.674,   2.059,9999.000,9999.000,9999.000,9999.000,9999.000,9999.000,9999.000
202606280348,   1.690,   2.000,9999.000,9999.000,9999.000,9999.000,9999.000,9999.000,9999.000
202606280354,   1.704,   2.000,9999.000,9999.000,9999.000,9999.000,9999.000,9999.000,9999.000
202606280400,   1.717,   2.030,   0.300,   0.013,   2.030,   0.200,   1.930,   0.300,   2.030
202606280406,   1.730,   2.020,9999.000,9999.000,9999.000,9999.000,9999.000,9999.000,9999.000
202606280412,   1.741,   2.010,9999.000,9999.000,9999.000,9999.000,9999.000,9999.000,9999.000
202606280418,   1.750,   1.981,9999.000,9999.000,9999.000,9999.000,9999.000,9999.000,9999.000
202606280424,   1.759,   1.990,9999.000,9999.000,9999.000,9999.000,9999.000,9999.000,9999.000
202606280430,   1.767,   1.967,9999.000,9999.000,9999.000,9999.000,9999.000,9999.000,9999.000
202606280436,   1.773,   1.958,9999.000,9999.000,9999.000,9999.000,9999.000,9999.000,9999.000
202606280442,   1.778,   2.118,9999.000,9999.000,9999.000,9999.000,9999.000,9999.000,9999.000
202606280448,   1.782,   2.128,9999.000,9999.000,9999.000,9999.000,9999.000,9999.000,9999.000
202606280454,   1.785,   2.210,9999.000,9999.000,9999.000,9999.000,9999.000,9999.000,9999.000
202606280500,   1.787,   2.269,   0.200,   0.282,   2.269,   0.200,   2.269,   0.300,   2.369
202606280506,   1.788,   2.299,9999.000,9999.000,9999.000,9999.000,9999.000,9999.000,9999.000
202606280512,   1.788,   2.299,9999.000,9999.000,9999.000,9999.000,9999.000,9999.000,9999.000
202606280518,   1.787,   2.328,9999.000,9999.000,9999.000,9999.000,9999.000,9999.000,9999.000
202606280524,   1.785,   2.400,9999.000,9999.000,9999.000,9999.000,9999.000,9999.000,9999.000
202606280530,   1.782,   2.338,9999.000,9999.000,9999.000,9999.000,9999.000,9999.000,9999.000
202606280536,   1.778,   2.338,9999.000,9999.000,9999.000,9999.000,9999.000,9999.000,9999.000
202606280542,   1.773,   2.318,9999.000,9999.000,9999.000,9999.000,9999.000,9999.000,9999.000
202606280548,   1.767,   2.259,9999.000,9999.000,9999.000,9999.000,9999.000,9999.000,9999.000
202606280554,   1.761,   2.279,9999.000,9999.000,9999.000,9999.000,9999.000,9999.000,9999.000
202606280600,   1.754,   2.250,   0.200,   0.296,   2.250,   0.200,   2.250,   0.300,   2.350
202606280606,   1.746,   2.200,9999.000,9999.000,9999.000,9999.000,9999.000,9999.000,9999.000
202606280612,   1.738,   2.177,9999.000,9999.000,9999.000,9999.000,9999.000,9999.000,9999.000
202606280618,   1.729,   2.109,9999.000,9999.000,9999.000,9999.000,9999.000,9999.000,9999.000
202606280624,   1.719,   2.079,9999.000,9999.000,9999.000,9999.000,9999.000,9999.000,9999.000
202606280630,   1.709,   2.079,9999.000,9999.000,9999.000,9999.000,9999.000,9999.000,9999.000
202606280636,   1.699,   2.040,9999.000,9999.000,9999.000,9999.000,9999.000,9999.000,9999.000
202606280642,   1.689,   2.010,9999.000,9999.000,9999.000,9999.000,9999.000,9999.000,9999.000
202606280648,   1.678,   1.958,9999.000,9999.000,9999.000,9999.000,9999.000,9999.000,9999.000
202606280654,   1.667,   2.040,9999.000,9999.000,9999.000,9999.000,9999.000,9999.000,9999.000
202606280700,   1.657,   1.958,   0.200,   0.101,   1.958,   0.200,   1.958,   0.300,   2.058
202606280706,   1.646,   1.990,9999.000,9999.000,9999.000,9999.000,9999.000,9999.000,9999.000
202606280712,   1.636,   1.981,9999.000,9999.000,9999.000,9999.000,9999.000,9999.000,9999.000
202606280718,   1.625,   2.000,9999.000,9999.000,9999.000,9999.000,9999.000,9999.000,9999.000
202606280724,   1.615,   2.000,9999.000,9999.000,9999.000,9999.000,9999.000,9999.000,9999.000
202606280730,   1.606,   2.000,9999.000,9999.000,9999.000,9999.000,9999.000,9999.000,9999.000
202606280736,   1.597,   1.958,9999.000,9999.000,9999.000,9999.000,9999.000,9999.000,9999.000
202606280742,   1.589,   1.908,9999.000,9999.000,9999.000,9999.000,9999.000,9999.000,9999.000
202606280748,   1.581,   1.938,9999.000,9999.000,9999.000,9999.000,9999.000,9999.000,9999.000
202606280754,   1.574,   1.889,9999.000,9999.000,9999.000,9999.000,9999.000,9999.000,9999.000
202606280800,   1.569,   1.899,   0.300,   0.030,   1.899,   0.200,   1.799,   0.300,   1.899
202606280806,   1.564,   1.899,9999.000,9999.000,9999.000,9999.000,9999.000,9999.000,9999.000
202606280812,   1.560,   1.889,9999.000,9999.000,9999.000,9999.000,9999.000,9999.000,9999.000
202606280818,   1.557,   1.889,9999.000,9999.000,9999.000,9999.000,9999.000,9999.000,9999.000
202606280824,   1.556,   1.879,9999.000,9999.000,9999.000,9999.000,9999.000,9999.000,9999.000
202606280830,   1.556,   1.899,9999.000,9999.000,9999.000,9999.000,9999.000,9999.000,9999.000
202606280836,   1.557,   1.869,9999.000,9999.000,9999.000,9999.000,9999.000,9999.000,9999.000
202606280842,   1.560,   1.928,9999.000,9999.000,9999.000,9999.000,9999.000,9999.000,9999.000
202606280848,   1.564,   2.000,9999.000,9999.000,9999.000,9999.000,9999.000,9999.000,9999.000
202606280854,   1.570,   1.967,9999.000,9999.000,9999.000,9999.000,9999.000,9999.000,9999.000
202606280900,   1.577,   1.958,   0.300,   0.081,   1.958,   0.200,   1.858,   0.300,   1.958
202606280906,   1.586,   1.981,9999.000,9999.000,9999.000,9999.000,9999.000,9999.000,9999.000
202606280912,   1.596,   2.010,9999.000,9999.000,9999.000,9999.000,9999.000,9999.000,9999.000
202606280918,   1.609,   2.000,9999.000,9999.000,9999.000,9999.000,9999.000,9999.000,9999.000
202606280924,   1.623,   2.040,9999.000,9999.000,9999.000,9999.000,9999.000,9999.000,9999.000
202606280930,   1.638,   2.040,9999.000,9999.000,9999.000,9999.000,9999.000,9999.000,9999.000
202606280936,   1.656,   2.069,9999.000,9999.000,9999.000,9999.000,9999.000,9999.000,9999.000
202606280942,   1.675,   2.089,9999.000,9999.000,9999.000,9999.000,9999.000,9999.000,9999.000
202606280948,   1.695,   2.118,9999.000,9999.000,9999.000,9999.000,9999.000,9999.000,9999.000
202606280954,   1.718,   2.118,9999.000,9999.000,9999.000,9999.000,9999.000,9999.000,9999.000
202606281000,   1.742,   2.049,   0.300,   0.007,   2.049,   0.200,   1.949,   0.300,   2.049
202606281006,   1.767,   2.109,9999.000,9999.000,9999.000,9999.000,9999.000,9999.000,9999.000
202606281012,   1.794,   2.109,9999.000,9999.000,9999.000,9999.000,9999.000,9999.000,9999.000
202606281018,   1.823,   2.089,9999.000,9999.000,9999.000,9999.000,9999.000,9999.000,9999.000
202606281024,   1.853,   2.148,9999.000,9999.000,9999.000,9999.000,9999.000,9999.000,9999.000
202606281030,   1.884,   2.200,9999.000,9999.000,9999.000,9999.000,9999.000,9999.000,9999.000
202606281036,   1.916,   2.158,9999.000,9999.000,9999.000,9999.000,9999.000,9999.000,9999.000
202606281042,   1.950,   2.200,9999.000,9999.000,9999.000,9999.000,9999.000,9999.000,9999.000
202606281048,   1.985,   2.191,9999.000,9999.000,9999.000,9999.000,9999.000,9999.000,9999.000
202606281054,   2.020,   2.250,9999.000,9999.000,9999.000,9999.000,9999.000,9999.000,9999.000
202606281100,   2.057,   2.309,   0.300,  -0.048,   2.309,   0.300,   2.309,   0.300,   2.309
202606281106,   2.094,   2.368,9999.000,9999.000,9999.000,9999.000,9999.000,9999.000,9999.000
202606281112,   2.132,   2.459,9999.000,9999.000,9999.000,9999.000,9999.000,9999.000,9999.000
202606281118,   2.171,   2.420,9999.000,9999.000,9999.000,9999.000,9999.000,9999.000,9999.000
202606281124,   2.210,   2.538,9999.000,9999.000,9999.000,9999.000,9999.000,9999.000,9999.000
202606281130,   2.249,   2.558,9999.000,9999.000,9999.000,9999.000,9999.000,9999.000,9999.000
202606281136,   2.289,   2.578,9999.000,9999.000,9999.000,9999.000,9999.000,9999.000,9999.000
202606281142,   2.328,   2.610,9999.000,9999.000,9999.000,9999.000,9999.000,9999.000,9999.000
202606281148,   2.368,   2.719,9999.000,9999.000,9999.000,9999.000,9999.000,9999.000,9999.000
202606281154,   2.408,   2.778,9999.000,9999.000,9999.000,9999.000,9999.000,9999.000,9999.000
202606281200,   2.447,   2.797,   0.300,   0.050,   2.797,   0.300,   2.797,   0.300,   2.797
202606281206,   2.485,   2.860,9999.000,9999.000,9999.000,9999.000,9999.000,9999.000,9999.000
202606281212,   2.524,   2.860,9999.000,9999.000,9999.000,9999.000,9999.000,9999.000,9999.000
202606281218,   2.561,   2.850,9999.000,9999.000,9999.000,9999.000,9999.000,9999.000,9999.000
202606281224,   2.598,   2.909,9999.000,9999.000,9999.000,9999.000,9999.000,9999.000,9999.000
202606281230,   2.634,   2.968,9999.000,9999.000,9999.000,9999.000,9999.000,9999.000,9999.000
202606281236,   2.670,   2.948,9999.000,9999.000,9999.000,9999.000,9999.000,9999.000,9999.000
202606281242,   2.704,   3.017,9999.000,9999.000,9999.000,9999.000,9999.000,9999.000,9999.000
202606281248,   2.737,   3.109,9999.000,9999.000,9999.000,9999.000,9999.000,9999.000,9999.000
202606281254,   2.768,   3.148,9999.000,9999.000,9999.000,9999.000,9999.000,9999.000,9999.000
202606281300,   2.799,   3.119,   0.300,   0.020,   3.119,   0.300,   3.119,   0.300,   3.119
202606281306,   2.828,   3.158,9999.000,9999.000,9999.000,9999.000,9999.000,9999.000,9999.000
202606281312,   2.855,   3.148,9999.000,9999.000,9999.000,9999.000,9999.000,9999.000,9999.000
202606281318,   2.881,   3.168,9999.000,9999.000,9999.000,9999.000,9999.000,9999.000,9999.000
202606281324,   2.906,   3.197,9999.000,9999.000,9999.000,9999.000,9999.000,9999.000,9999.000
202606281330,   2.928,   3.240,9999.000,9999.000,9999.000,9999.000,9999.000,9999.000,9999.000
202606281336,   2.949,   3.250,9999.000,9999.000,9999.000,9999.000,9999.000,9999.000,9999.000
202606281342,   2.968,   3.309,9999.000,9999.000,9999.000,9999.000,9999.000,9999.000,9999.000
202606281348,   2.985,   3.348,9999.000,9999.000,9999.000,9999.000,9999.000,9999.000,9999.000
202606281354,   3.001,   3.329,9999.000,9999.000,9999.000,9999.000,9999.000,9999.000,9999.000
202606281400,   3.014,   3.378,   0.300,   0.064,   3.378,   0.300,   3.378,   0.300,   3.378
202606281406,   3.025,   3.378,9999.000,9999.000,9999.000,9999.000,9999.000,9999.000,9999.000
202606281412,   3.035,   3.417,9999.000,9999.000,9999.000,9999.000,9999.000,9999.000,9999.000
202606281418,   3.042,   3.388,9999.000,9999.000,9999.000,9999.000,9999.000,9999.000,9999.000
202606281424,   3.047,   3.378,9999.000,9999.000,9999.000,9999.000,9999.000,9999.000,9999.000
202606281430,   3.051,   3.378,9999.000,9999.000,9999.000,9999.000,9999.000,9999.000,9999.000
202606281436,   3.052,   3.329,9999.000,9999.000,9999.000,9999.000,9999.000,9999.000,9999.000
202606281442,   3.051,   3.407,9999.000,9999.000,9999.000,9999.000,9999.000,9999.000,9999.000
202606281448,   3.048,   3.348,9999.000,9999.000,9999.000,9999.000,9999.000,9999.000,9999.000
202606281454,   3.043,   3.358,9999.000,9999.000,9999.000,9999.000,9999.000,9999.000,9999.000
202606281500,   3.035,   3.358,   0.300,   0.023,   3.358,   0.300,   3.358,   0.300,   3.358
202606281506,   3.026,   3.348,9999.000,9999.000,9999.000,9999.000,9999.000,9999.000,9999.000
202606281512,   3.014,   3.339,9999.000,9999.000,9999.000,9999.000,9999.000,9999.000,9999.000
202606281518,   3.001,   3.348,9999.000,9999.000,9999.000,9999.000,9999.000,9999.000,9999.000
202606281524,   2.985,   3.339,9999.000,9999.000,9999.000,9999.000,9999.000,9999.000,9999.000
202606281530,   2.967,   3.299,9999.000,9999.000,9999.000,9999.000,9999.000,9999.000,9999.000
202606281536,   2.948,   3.270,9999.000,9999.000,9999.000,9999.000,9999.000,9999.000,9999.000
202606281542,   2.926,   3.260,9999.000,9999.000,9999.000,9999.000,9999.000,9999.000,9999.000
202606281548,   2.902,   3.207,9999.000,9999.000,9999.000,9999.000,9999.000,9999.000,9999.000
202606281554,   2.876,   3.168,9999.000,9999.000,9999.000,9999.000,9999.000,9999.000,9999.000
202606281600,   2.848,   3.168,   0.300,   0.020,   3.168,   0.300,   3.168,   0.400,   3.268
202606281606,   2.818,   3.178,9999.000,9999.000,9999.000,9999.000,9999.000,9999.000,9999.000
202606281612,   2.786,   3.148,9999.000,9999.000,9999.000,9999.000,9999.000,9999.000,9999.000
202606281618,   2.752,   3.119,9999.000,9999.000,9999.000,9999.000,9999.000,9999.000,9999.000
202606281624,   2.716,   3.007,9999.000,9999.000,9999.000,9999.000,9999.000,9999.000,9999.000
202606281630,   2.679,   2.988,9999.000,9999.000,9999.000,9999.000,9999.000,9999.000,9999.000
202606281636,   2.639,   2.948,9999.000,9999.000,9999.000,9999.000,9999.000,9999.000,9999.000
202606281642,   2.598,   2.879,9999.000,9999.000,9999.000,9999.000,9999.000,9999.000,9999.000
202606281648,   2.554,   2.830,9999.000,9999.000,9999.000,9999.000,9999.000,9999.000,9999.000
202606281654,   2.509,   2.797,9999.000,9999.000,9999.000,9999.000,9999.000,9999.000,9999.000
202606281700,   2.463,   2.778,   0.300,   0.015,   2.778,   0.300,   2.778,   0.300,   2.778
202606281706,   2.414,   2.778,9999.000,9999.000,9999.000,9999.000,9999.000,9999.000,9999.000
202606281712,   2.364,   2.709,9999.000,9999.000,9999.000,9999.000,9999.000,9999.000,9999.000
202606281718,   2.312,   2.597,9999.000,9999.000,9999.000,9999.000,9999.000,9999.000,9999.000
202606281724,   2.259,   2.499,9999.000,9999.000,9999.000,9999.000,9999.000,9999.000,9999.000
202606281730,   2.204,   2.499,9999.000,9999.000,9999.000,9999.000,9999.000,9999.000,9999.000
202606281736,   2.148,   2.430,9999.000,9999.000,9999.000,9999.000,9999.000,9999.000,9999.000
202606281742,   2.091,   2.368,9999.000,9999.000,9999.000,9999.000,9999.000,9999.000,9999.000
202606281748,   2.032,   2.309,9999.000,9999.000,9999.000,9999.000,9999.000,9999.000,9999.000
202606281754,   1.972,   2.240,9999.000,9999.000,9999.000,9999.000,9999.000,9999.000,9999.000
202606281800,   1.910,   2.177,   0.400,  -0.133,   2.177,   0.300,   2.077,   0.400,   2.177
202606281806,   1.848,   2.148,9999.000,9999.000,9999.000,9999.000,9999.000,9999.000,9999.000
202606281812,   1.785,   2.109,9999.000,9999.000,9999.000,9999.000,9999.000,9999.000,9999.000
202606281818,   1.720,   1.981,9999.000,9999.000,9999.000,9999.000,9999.000,9999.000,9999.000
202606281824,   1.655,   1.879,9999.000,9999.000,9999.000,9999.000,9999.000,9999.000,9999.000
202606281830,   1.589,   1.840,9999.000,9999.000,9999.000,9999.000,9999.000,9999.000,9999.000
202606281836,   1.523,   1.728,9999.000,9999.000,9999.000,9999.000,9999.000,9999.000,9999.000
202606281842,   1.456,   1.669,9999.000,9999.000,9999.000,9999.000,9999.000,9999.000,9999.000
202606281848,   1.388,   1.689,9999.000,9999.000,9999.000,9999.000,9999.000,9999.000,9999.000
202606281854,   1.321,   1.538,9999.000,9999.000,9999.000,9999.000,9999.000,9999.000,9999.000
202606281900,   1.253,   1.479,   0.400,  -0.174,   1.479,   0.300,   1.379,   0.400,   1.479
202606281906,   1.185,   1.420,9999.000,9999.000,9999.000,9999.000,9999.000,9999.000,9999.000
202606281912,   1.118,   1.348,9999.000,9999.000,9999.000,9999.000,9999.000,9999.000,9999.000
202606281918,   1.050,   1.259,9999.000,9999.000,9999.000,9999.000,9999.000,9999.000,9999.000
202606281924,   0.983,   1.161,9999.000,9999.000,9999.000,9999.000,9999.000,9999.000,9999.000
202606281930,   0.916,   1.151,9999.000,9999.000,9999.000,9999.000,9999.000,9999.000,9999.000
202606281936,   0.850,   1.069,9999.000,9999.000,9999.000,9999.000,9999.000,9999.000,9999.000
202606281942,   0.785,   0.980,9999.000,9999.000,9999.000,9999.000,9999.000,9999.000,9999.000
202606281948,   0.721,   0.951,9999.000,9999.000,9999.000,9999.000,9999.000,9999.000,9999.000
202606281954,   0.658,   0.888,9999.000,9999.000,9999.000,9999.000,9999.000,9999.000,9999.000
202606282000,   0.596,   0.829,   0.400,  -0.167,   0.829,   0.300,   0.729,   0.400,   0.829
202606282006,   0.535,   0.800,9999.000,9999.000,9999.000,9999.000,9999.000,9999.000,9999.000
202606282012,   0.476,   0.800,9999.000,9999.000,9999.000,9999.000,9999.000,9999.000,9999.000
202606282018,   0.419,   0.688,9999.000,9999.000,9999.000,9999.000,9999.000,9999.000,9999.000
202606282024,   0.363,   0.600,9999.000,9999.000,9999.000,9999.000,9999.000,9999.000,9999.000
202606282030,   0.309,   0.531,9999.000,9999.000,9999.000,9999.000,9999.000,9999.000,9999.000
202606282036,   0.257,   0.488,9999.000,9999.000,9999.000,9999.000,9999.000,9999.000,9999.000
202606282042,   0.207,   0.409,9999.000,9999.000,9999.000,9999.000,9999.000,9999.000,9999.000
202606282048,   0.160,   0.439,9999.000,9999.000,9999.000,9999.000,9999.000,9999.000,9999.000
202606282054,   0.115,   0.360,9999.000,9999.000,9999.000,9999.000,9999.000,9999.000,9999.000
202606282100,   0.072,   0.350,   0.400,  -0.122,   0.350,   0.400,   0.350,   0.400,   0.350
202606282106,   0.032,   0.259,9999.000,9999.000,9999.000,9999.000,9999.000,9999.000,9999.000
202606282112,  -0.004,   0.239,9999.000,9999.000,9999.000,9999.000,9999.000,9999.000,9999.000
202606282118,  -0.039,   0.259,9999.000,9999.000,9999.000,9999.000,9999.000,9999.000,9999.000
202606282124,  -0.071,   0.249,9999.000,9999.000,9999.000,9999.000,9999.000,9999.000,9999.000
202606282130,  -0.100,   0.190,9999.000,9999.000,9999.000,9999.000,9999.000,9999.000,9999.000
202606282136,  -0.126,   0.219,9999.000,9999.000,9999.000,9999.000,9999.000,9999.000,9999.000
202606282142,  -0.149,9999.000,9999.000,9999.000,9999.000,9999.000,9999.000,9999.000,9999.000
202606282148,  -0.169,   0.141,9999.000,9999.000,9999.000,9999.000,9999.000,9999.000,9999.000
202606282154,  -0.186,   0.141,9999.000,9999.000,9999.000,9999.000,9999.000,9999.000,9999.000
202606282200,  -0.200,   0.088,   0.400,  -0.112,   0.088,   0.400,   0.088,   0.400,   0.088
202606282206,  -0.211,   0.078,9999.000,9999.000,9999.000,9999.000,9999.000,9999.000,9999.000
202606282212,  -0.219,   0.068,9999.000,9999.000,9999.000,9999.000,9999.000,9999.000,9999.000
202606282218,  -0.224,   0.039,9999.000,9999.000,9999.000,9999.000,9999.000,9999.000,9999.000
202606282224,  -0.226,   0.068,9999.000,9999.000,9999.000,9999.000,9999.000,9999.000,9999.000
202606282230,  -0.225,   0.000,9999.000,9999.000,9999.000,9999.000,9999.000,9999.000,9999.000
202606282236,  -0.221,   0.039,9999.000,9999.000,9999.000,9999.000,9999.000,9999.000,9999.000
202606282242,  -0.213,   0.068,9999.000,9999.000,9999.000,9999.000,9999.000,9999.000,9999.000
202606282248,  -0.204,   0.111,9999.000,9999.000,9999.000,9999.000,9999.000,9999.000,9999.000
202606282254,  -0.191,   0.180,9999.000,9999.000,9999.000,9999.000,9999.000,9999.000,9999.000
202606282300,  -0.175,   0.121,   0.400,  -0.104,   0.121,   0.400,   0.121,   0.500,   0.221
202606282306,  -0.157,   0.121,9999.000,9999.000,9999.000,9999.000,9999.000,9999.000,9999.000
202606282312,  -0.137,   0.098,9999.000,9999.000,9999.000,9999.000,9999.000,9999.000,9999.000
202606282318,  -0.114,   0.150,9999.000,9999.000,9999.000,9999.000,9999.000,9999.000,9999.000
202606282324,  -0.088,   0.288,9999.000,9999.000,9999.000,9999.000,9999.000,9999.000,9999.000
202606282330,  -0.061,   0.341,9999.000,9999.000,9999.000,9999.000,9999.000,9999.000,9999.000
202606282336,  -0.031,   0.341,9999.000,9999.000,9999.000,9999.000,9999.000,9999.000,9999.000
202606282342,   0.000,   0.331,9999.000,9999.000,9999.000,9999.000,9999.000,9999.000,9999.000
202606282348,   0.033,   0.449,9999.000,9999.000,9999.000,9999.000,9999.000,9999.000,9999.000
202606282354,   0.069,   0.747,9999.000,9999.000,9999.000,9999.000,9999.000,9999.000,9999.000
202606290000,   0.106,   0.747,   0.400,   0.241,   0.747,   0.400,   0.747,   0.400,   0.747
202606290006,   0.144,   0.551,9999.000,9999.000,9999.000,9999.000,9999.000,9999.000,9999.000
202606290012,   0.184,   0.619,9999.000,9999.000,9999.000,9999.000,9999.000,9999.000,9999.000
202606290018,   0.225,   0.688,9999.000,9999.000,9999.000,9999.000,9999.000,9999.000,9999.000
202606290024,   0.267,   0.731,9999.000,9999.000,9999.000,9999.000,9999.000,9999.000,9999.000
202606290030,   0.310,   0.751,9999.000,9999.000,9999.000,9999.000,9999.000,9999.000,9999.000
202606290036,   0.354,   0.839,9999.000,9999.000,9999.000,9999.000,9999.000,9999.000,9999.000
202606290042,   0.399,9999.000,9999.000,9999.000,9999.000,9999.000,9999.000,9999.000,9999.000
202606290048,   0.444,   0.908,9999.000,9999.000,9999.000,9999.000,9999.000,9999.000,9999.000
202606290054,   0.490,   0.941,9999.000,9999.000,9999.000,9999.000,9999.000,9999.000,9999.000
202606290100,   0.536,   0.980,   0.400,   0.044,   0.980,   0.400,   0.980,   0.400,   0.980
202606290106,   0.582,   1.029,9999.000,9999.000,9999.000,9999.000,9999.000,9999.000,9999.000
202606290112,   0.628,   1.069,9999.000,9999.000,9999.000,9999.000,9999.000,9999.000,9999.000
202606290118,   0.675,   1.069,9999.000,9999.000,9999.000,9999.000,9999.000,9999.000,9999.000
202606290124,   0.721,   1.554,9999.000,9999.000,9999.000,9999.000,9999.000,9999.000,9999.000
202606290130,   0.767,   1.200,9999.000,9999.000,9999.000,9999.000,9999.000,9999.000,9999.000
202606290136,   0.813,   1.249,9999.000,9999.000,9999.000,9999.000,9999.000,9999.000,9999.000
202606290142,   0.858,   1.259,9999.000,9999.000,9999.000,9999.000,9999.000,9999.000,9999.000
202606290148,   0.903,   1.390,9999.000,9999.000,9999.000,9999.000,9999.000,9999.000,9999.000
202606290154,   0.947,   1.469,9999.000,9999.000,9999.000,9999.000,9999.000,9999.000,9999.000
202606290200,   0.991,   1.548,   0.400,   0.157,   1.548,   0.300,   1.448,   0.400,   1.548
202606290206,   1.033,   1.557,9999.000,9999.000,9999.000,9999.000,9999.000,9999.000,9999.000
202606290212,   1.076,   1.538,9999.000,9999.000,9999.000,9999.000,9999.000,9999.000,9999.000
202606290218,   1.117,   1.548,9999.000,9999.000,9999.000,9999.000,9999.000,9999.000,9999.000
202606290224,   1.157,   1.630,9999.000,9999.000,9999.000,9999.000,9999.000,9999.000,9999.000
202606290230,   1.196,   1.600,9999.000,9999.000,9999.000,9999.000,9999.000,9999.000,9999.000
202606290236,   1.235,   1.649,9999.000,9999.000,9999.000,9999.000,9999.000,9999.000,9999.000
202606290242,   1.272,   1.718,9999.000,9999.000,9999.000,9999.000,9999.000,9999.000,9999.000
202606290248,   1.308,   1.767,9999.000,9999.000,9999.000,9999.000,9999.000,9999.000,9999.000
202606290254,   1.343,   1.830,9999.000,9999.000,9999.000,9999.000,9999.000,9999.000,9999.000
202606290300,   1.377,   1.869,   0.400,   0.092,   1.869,   0.300,   1.769,   0.400,   1.869
202606290306,   1.410,   1.908,9999.000,9999.000,9999.000,9999.000,9999.000,9999.000,9999.000
202606290312,   1.441,   1.958,9999.000,9999.000,9999.000,9999.000,9999.000,9999.000,9999.000
202606290318,   1.471,   2.020,9999.000,9999.000,9999.000,9999.000,9999.000,9999.000,9999.000
202606290324,   1.500,   2.020,9999.000,9999.000,9999.000,9999.000,9999.000,9999.000,9999.000
202606290330,   1.528,   2.049,9999.000,9999.000,9999.000,9999.000,9999.000,9999.000,9999.000
202606290336,   1.554,   2.059,9999.000,9999.000,9999.000,9999.000,9999.000,9999.000,9999.000
202606290342,   1.579,   2.118,9999.000,9999.000,9999.000,9999.000,9999.000,9999.000,9999.000
202606290348,   1.603,   2.118,9999.000,9999.000,9999.000,9999.000,9999.000,9999.000,9999.000
202606290354,   1.625,   2.089,9999.000,9999.000,9999.000,9999.000,9999.000,9999.000,9999.000
202606290400,   1.646,   2.128,   0.400,   0.082,   2.128,   0.300,   2.028,   0.400,   2.128
202606290406,   1.665,   2.168,9999.000,9999.000,9999.000,9999.000,9999.000,9999.000,9999.000
202606290412,   1.684,   2.191,9999.000,9999.000,9999.000,9999.000,9999.000,9999.000,9999.000
202606290418,   1.701,   2.240,9999.000,9999.000,9999.000,9999.000,9999.000,9999.000,9999.000
202606290424,   1.716,   2.259,9999.000,9999.000,9999.000,9999.000,9999.000,9999.000,9999.000
202606290430,   1.730,   2.289,9999.000,9999.000,9999.000,9999.000,9999.000,9999.000,9999.000
202606290436,   1.743,   2.259,9999.000,9999.000,9999.000,9999.000,9999.000,9999.000,9999.000
202606290442,   1.755,   2.250,9999.000,9999.000,9999.000,9999.000,9999.000,9999.000,9999.000
202606290448,   1.765,   2.328,9999.000,9999.000,9999.000,9999.000,9999.000,9999.000,9999.000
202606290454,   1.774,   2.328,9999.000,9999.000,9999.000,9999.000,9999.000,9999.000,9999.000
202606290500,   1.781,   2.377,   0.400,   0.196,   2.377,   0.300,   2.277,   0.400,   2.377
202606290506,   1.787,   2.420,9999.000,9999.000,9999.000,9999.000,9999.000,9999.000,9999.000
202606290512,   1.792,   2.358,9999.000,9999.000,9999.000,9999.000,9999.000,9999.000,9999.000
202606290518,   1.796,   2.318,9999.000,9999.000,9999.000,9999.000,9999.000,9999.000,9999.000
202606290524,   1.798,   2.299,9999.000,9999.000,9999.000,9999.000,9999.000,9999.000,9999.000
202606290530,   1.800,   2.328,9999.000,9999.000,9999.000,9999.000,9999.000,9999.000,9999.000
202606290536,   1.800,   2.328,9999.000,9999.000,9999.000,9999.000,9999.000,9999.000,9999.000
202606290542,   1.798,   2.309,9999.000,9999.000,9999.000,9999.000,9999.000,9999.000,9999.000
202606290548,   1.796,   2.318,9999.000,9999.000,9999.000,9999.000,9999.000,9999.000,9999.000
202606290554,   1.793,   2.299,9999.000,9999.000,9999.000,9999.000,9999.000,9999.000,9999.000
202606290600,   1.788,   2.338,   0.300,   0.250,   2.338,   0.300,   2.338,   0.300,   2.338
202606290606,   1.783,   2.358,9999.000,9999.000,9999.000,9999.000,9999.000,9999.000,9999.000
202606290612,   1.776,   2.299,9999.000,9999.000,9999.000,9999.000,9999.000,9999.000,9999.000
202606290618,   1.769,   2.299,9999.000,9999.000,9999.000,9999.000,9999.000,9999.000,9999.000
202606290624,   1.761,   2.279,9999.000,9999.000,9999.000,9999.000,9999.000,9999.000,9999.000
202606290630,   1.752,   2.210,9999.000,9999.000,9999.000,9999.000,9999.000,9999.000,9999.000
202606290636,   1.742,   2.240,9999.000,9999.000,9999.000,9999.000,9999.000,9999.000,9999.000
202606290642,   1.731,   2.220,9999.000,9999.000,9999.000,9999.000,9999.000,9999.000,9999.000
202606290648,   1.720,   2.168,9999.000,9999.000,9999.000,9999.000,9999.000,9999.000,9999.000
202606290654,   1.709,   2.138,9999.000,9999.000,9999.000,9999.000,9999.000,9999.000,9999.000
202606290700,   1.697,   2.138,   0.300,   0.141,   2.138,   0.300,   2.138,   0.300,   2.138
202606290706,   1.684,   2.128,9999.000,9999.000,9999.000,9999.000,9999.000,9999.000,9999.000
202606290712,   1.671,   2.128,9999.000,9999.000,9999.000,9999.000,9999.000,9999.000,9999.000
202606290718,   1.658,   2.128,9999.000,9999.000,9999.000,9999.000,9999.000,9999.000,9999.000
202606290724,   1.645,   2.099,9999.000,9999.000,9999.000,9999.000,9999.000,9999.000,9999.000
202606290730,   1.632,   2.030,9999.000,9999.000,9999.000,9999.000,9999.000,9999.000,9999.000
202606290736,   1.619,   2.079,9999.000,9999.000,9999.000,9999.000,9999.000,9999.000,9999.000
202606290742,   1.606,   2.010,9999.000,9999.000,9999.000,9999.000,9999.000,9999.000,9999.000
202606290748,   1.594,   1.990,9999.000,9999.000,9999.000,9999.000,9999.000,9999.000,9999.000
202606290754,   1.582,   1.981,9999.000,9999.000,9999.000,9999.000,9999.000,9999.000,9999.000
202606290800,   1.570,   1.981,   0.300,   0.111,   1.981,   0.300,   1.981,   0.300,   1.981
202606290806,   1.559,   1.948,9999.000,9999.000,9999.000,9999.000,9999.000,9999.000,9999.000
202606290812,   1.548,   1.938,9999.000,9999.000,9999.000,9999.000,9999.000,9999.000,9999.000
202606290818,   1.538,   1.938,9999.000,9999.000,9999.000,9999.000,9999.000,9999.000,9999.000
202606290824,   1.530,   1.938,9999.000,9999.000,9999.000,9999.000,9999.000,9999.000,9999.000
202606290830,   1.522,   1.967,9999.000,9999.000,9999.000,9999.000,9999.000,9999.000,9999.000
202606290836,   1.515,   1.958,9999.000,9999.000,9999.000,9999.000,9999.000,9999.000,9999.000
202606290842,   1.509,   1.899,9999.000,9999.000,9999.000,9999.000,9999.000,9999.000,9999.000
202606290848,   1.505,   1.918,9999.000,9999.000,9999.000,9999.000,9999.000,9999.000,9999.000
202606290854,   1.501,   1.908,9999.000,9999.000,9999.000,9999.000,9999.000,9999.000,9999.000
202606290900,   1.500,   1.859,   0.300,   0.059,   1.859,   0.300,   1.859,   0.300,   1.859
202606290906,   1.499,   1.859,9999.000,9999.000,9999.000,9999.000,9999.000,9999.000,9999.000
202606290912,   1.501,   1.879,9999.000,9999.000,9999.000,9999.000,9999.000,9999.000,9999.000
202606290918,   1.503,   1.899,9999.000,9999.000,9999.000,9999.000,9999.000,9999.000,9999.000
202606290924,   1.508,   1.889,9999.000,9999.000,9999.000,9999.000,9999.000,9999.000,9999.000
202606290930,   1.514,   1.869,9999.000,9999.000,9999.000,9999.000,9999.000,9999.000,9999.000
202606290936,   1.522,   1.967,9999.000,9999.000,9999.000,9999.000,9999.000,9999.000,9999.000
202606290942,   1.532,   1.938,9999.000,9999.000,9999.000,9999.000,9999.000,9999.000,9999.000
202606290948,   1.543,   1.889,9999.000,9999.000,9999.000,9999.000,9999.000,9999.000,9999.000
202606290954,   1.557,   1.948,9999.000,9999.000,9999.000,9999.000,9999.000,9999.000,9999.000
202606291000,   1.572,   1.967,   0.300,   0.095,   1.967,   0.300,   1.967,   0.400,   2.067
202606291006,   1.589,   2.000,9999.000,9999.000,9999.000,9999.000,9999.000,9999.000,9999.000
202606291012,   1.608,   2.040,9999.000,9999.000,9999.000,9999.000,9999.000,9999.000,9999.000
202606291018,   1.628,   2.099,9999.000,9999.000,9999.000,9999.000,9999.000,9999.000,9999.000
202606291024,   1.651,   2.079,9999.000,9999.000,9999.000,9999.000,9999.000,9999.000,9999.000
202606291030,   1.675,   2.079,9999.000,9999.000,9999.000,9999.000,9999.000,9999.000,9999.000
202606291036,   1.701,   2.059,9999.000,9999.000,9999.000,9999.000,9999.000,9999.000,9999.000
202606291042,   1.728,   2.118,9999.000,9999.000,9999.000,9999.000,9999.000,9999.000,9999.000
202606291048,   1.758,   2.089,9999.000,9999.000,9999.000,9999.000,9999.000,9999.000,9999.000
202606291054,   1.789,   2.158,9999.000,9999.000,9999.000,9999.000,9999.000,9999.000,9999.000
202606291100,   1.821,   2.158,   0.400,  -0.063,   2.158,   0.300,   2.058,   0.400,   2.158
202606291106,   1.855,   2.191,9999.000,9999.000,9999.000,9999.000,9999.000,9999.000,9999.000
202606291112,   1.890,   2.259,9999.000,9999.000,9999.000,9999.000,9999.000,9999.000,9999.000
202606291118,   1.926,   2.250,9999.000,9999.000,9999.000,9999.000,9999.000,9999.000,9999.000
202606291124,   1.963,   2.318,9999.000,9999.000,9999.000,9999.000,9999.000,9999.000,9999.000
202606291130,   2.002,   2.377,9999.000,9999.000,9999.000,9999.000,9999.000,9999.000,9999.000
202606291136,   2.041,   2.430,9999.000,9999.000,9999.000,9999.000,9999.000,9999.000,9999.000
202606291142,   2.081,9999.000,9999.000,9999.000,9999.000,9999.000,9999.000,9999.000,9999.000
202606291148,   2.122,   2.479,9999.000,9999.000,9999.000,9999.000,9999.000,9999.000,9999.000
202606291154,   2.164,   2.548,9999.000,9999.000,9999.000,9999.000,9999.000,9999.000,9999.000
202606291200,   2.206,   2.597,   0.400,  -0.009,   2.597,   0.300,   2.497,   0.400,   2.597
202606291206,   2.248,   2.630,9999.000,9999.000,9999.000,9999.000,9999.000,9999.000,9999.000
202606291212,   2.290,   2.597,9999.000,9999.000,9999.000,9999.000,9999.000,9999.000,9999.000
202606291218,   2.333,   2.650,9999.000,9999.000,9999.000,9999.000,9999.000,9999.000,9999.000
202606291224,   2.376,   2.689,9999.000,9999.000,9999.000,9999.000,9999.000,9999.000,9999.000
202606291230,   2.418,   2.787,9999.000,9999.000,9999.000,9999.000,9999.000,9999.000,9999.000
202606291236,   2.460,   2.850,9999.000,9999.000,9999.000,9999.000,9999.000,9999.000,9999.000
202606291242,   2.502,   2.929,9999.000,9999.000,9999.000,9999.000,9999.000,9999.000,9999.000
202606291248,   2.543,   2.958,9999.000,9999.000,9999.000,9999.000,9999.000,9999.000,9999.000
202606291254,   2.584,   2.988,9999.000,9999.000,9999.000,9999.000,9999.000,9999.000,9999.000
202606291300,   2.624,   3.040,   0.400,   0.016,   3.040,   0.300,   2.940,   0.400,   3.040
202606291306,   2.663,   3.099,9999.000,9999.000,9999.000,9999.000,9999.000,9999.000,9999.000
202606291312,   2.701,   3.129,9999.000,9999.000,9999.000,9999.000,9999.000,9999.000,9999.000
202606291318,   2.737,   3.168,9999.000,9999.000,9999.000,9999.000,9999.000,9999.000,9999.000
202606291324,   2.773,   3.217,9999.000,9999.000,9999.000,9999.000,9999.000,9999.000,9999.000
202606291330,   2.808,   3.240,9999.000,9999.000,9999.000,9999.000,9999.000,9999.000,9999.000
202606291336,   2.841,   3.188,9999.000,9999.000,9999.000,9999.000,9999.000,9999.000,9999.000
202606291342,   2.872,   3.230,9999.000,9999.000,9999.000,9999.000,9999.000,9999.000,9999.000
202606291348,   2.902,   3.299,9999.000,9999.000,9999.000,9999.000,9999.000,9999.000,9999.000
202606291354,   2.931,   3.329,9999.000,9999.000,9999.000,9999.000,9999.000,9999.000,9999.000
202606291400,   2.957,   3.339,   0.400,  -0.018,   3.339,   0.300,   3.239,   0.400,   3.339
202606291406,   2.982,   3.398,9999.000,9999.000,9999.000,9999.000,9999.000,9999.000,9999.000
202606291412,   3.005,   3.417,9999.000,9999.000,9999.000,9999.000,9999.000,9999.000,9999.000
202606291418,   3.027,   3.460,9999.000,9999.000,9999.000,9999.000,9999.000,9999.000,9999.000
202606291424,   3.046,   3.460,9999.000,9999.000,9999.000,9999.000,9999.000,9999.000,9999.000
202606291430,   3.063,   3.499,9999.000,9999.000,9999.000,9999.000,9999.000,9999.000,9999.000
202606291436,   3.079,   3.519,9999.000,9999.000,9999.000,9999.000,9999.000,9999.000,9999.000
202606291442,   3.092,   3.529,9999.000,9999.000,9999.000,9999.000,9999.000,9999.000,9999.000
202606291448,   3.103,   3.588,9999.000,9999.000,9999.000,9999.000,9999.000,9999.000,9999.000
202606291454,   3.112,   3.650,9999.000,9999.000,9999.000,9999.000,9999.000,9999.000,9999.000
202606291500,   3.119,   3.607,   0.400,   0.088,   3.607,   0.300,   3.507,   0.400,   3.607
202606291506,   3.123,   3.598,9999.000,9999.000,9999.000,9999.000,9999.000,9999.000,9999.000
202606291512,   3.125,   3.588,9999.000,9999.000,9999.000,9999.000,9999.000,9999.000,9999.000
202606291518,   3.126,   3.568,9999.000,9999.000,9999.000,9999.000,9999.000,9999.000,9999.000
202606291524,   3.124,   3.548,9999.000,9999.000,9999.000,9999.000,9999.000,9999.000,9999.000
202606291530,   3.119,   3.548,9999.000,9999.000,9999.000,9999.000,9999.000,9999.000,9999.000
202606291536,   3.113,   3.509,9999.000,9999.000,9999.000,9999.000,9999.000,9999.000,9999.000
202606291542,   3.104,   3.588,9999.000,9999.000,9999.000,9999.000,9999.000,9999.000,9999.000
202606291548,   3.093,   3.598,9999.000,9999.000,9999.000,9999.000,9999.000,9999.000,9999.000
202606291554,   3.080,   3.509,9999.000,9999.000,9999.000,9999.000,9999.000,9999.000,9999.000
202606291600,   3.064,   3.489,   0.400,   0.025,   3.489,   0.300,   3.389,   0.400,   3.489
202606291606,   3.047,   3.548,9999.000,9999.000,9999.000,9999.000,9999.000,9999.000,9999.000
202606291612,   3.027,9999.000,9999.000,9999.000,9999.000,9999.000,9999.000,9999.000,9999.000
202606291618,   3.005,9999.000,9999.000,9999.000,9999.000,9999.000,9999.000,9999.000,9999.000
202606291624,   2.980,   3.155,9999.000,9999.000,9999.000,9999.000,9999.000,9999.000,9999.000
202606291630,   2.954,9999.000,9999.000,9999.000,9999.000,9999.000,9999.000,9999.000,9999.000
202606291636,   2.925,   3.250,9999.000,9999.000,9999.000,9999.000,9999.000,9999.000,9999.000
202606291642,   2.894,   3.260,9999.000,9999.000,9999.000,9999.000,9999.000,9999.000,9999.000
202606291648,   2.861,   3.230,9999.000,9999.000,9999.000,9999.000,9999.000,9999.000,9999.000
202606291654,   2.826,   3.138,9999.000,9999.000,9999.000,9999.000,9999.000,9999.000,9999.000
202606291700,   2.789,   3.158,   0.400,  -0.031,   3.158,   0.300,   3.058,   0.400,   3.158
202606291706,   2.750,   3.079,9999.000,9999.000,9999.000,9999.000,9999.000,9999.000,9999.000
202606291712,   2.709,   2.997,9999.000,9999.000,9999.000,9999.000,9999.000,9999.000,9999.000
202606291718,   2.666,   2.948,9999.000,9999.000,9999.000,9999.000,9999.000,9999.000,9999.000
202606291724,   2.621,   2.938,9999.000,9999.000,9999.000,9999.000,9999.000,9999.000,9999.000
202606291730,   2.574,   2.889,9999.000,9999.000,9999.000,9999.000,9999.000,9999.000,9999.000
202606291736,   2.525,   2.830,9999.000,9999.000,9999.000,9999.000,9999.000,9999.000,9999.000
202606291742,   2.474,   2.738,9999.000,9999.000,9999.000,9999.000,9999.000,9999.000,9999.000
202606291748,   2.422,   2.689,9999.000,9999.000,9999.000,9999.000,9999.000,9999.000,9999.000
202606291754,   2.367,   2.246,9999.000,9999.000,9999.000,9999.000,9999.000,9999.000,9999.000
202606291800,   2.312,   2.578,   0.400,  -0.134,   2.578,   0.300,   2.478,   0.400,   2.578
202606291806,   2.254,   2.489,9999.000,9999.000,9999.000,9999.000,9999.000,9999.000,9999.000
202606291812,   2.195,   2.469,9999.000,9999.000,9999.000,9999.000,9999.000,9999.000,9999.000
202606291818,   2.135,   2.377,9999.000,9999.000,9999.000,9999.000,9999.000,9999.000,9999.000
202606291824,   2.073,   2.338,9999.000,9999.000,9999.000,9999.000,9999.000,9999.000,9999.000
202606291830,   2.010,   2.250,9999.000,9999.000,9999.000,9999.000,9999.000,9999.000,9999.000
202606291836,   1.946,   2.230,9999.000,9999.000,9999.000,9999.000,9999.000,9999.000,9999.000
202606291842,   1.880,   2.191,9999.000,9999.000,9999.000,9999.000,9999.000,9999.000,9999.000
202606291848,   1.814,   2.138,9999.000,9999.000,9999.000,9999.000,9999.000,9999.000,9999.000
202606291854,   1.746,   2.049,9999.000,9999.000,9999.000,9999.000,9999.000,9999.000,9999.000
202606291900,   1.678,   2.000,   0.400,  -0.078,   2.000,   0.300,   1.900,   0.400,   2.000
202606291906,   1.609,   1.928,9999.000,9999.000,9999.000,9999.000,9999.000,9999.000,9999.000
202606291912,   1.539,   1.899,9999.000,9999.000,9999.000,9999.000,9999.000,9999.000,9999.000
202606291918,   1.470,   1.790,9999.000,9999.000,9999.000,9999.000,9999.000,9999.000,9999.000
202606291924,   1.399,   1.708,9999.000,9999.000,9999.000,9999.000,9999.000,9999.000,9999.000
202606291930,   1.328,   1.649,9999.000,9999.000,9999.000,9999.000,9999.000,9999.000,9999.000
202606291936,   1.257,   1.538,9999.000,9999.000,9999.000,9999.000,9999.000,9999.000,9999.000
202606291942,   1.186,   1.518,9999.000,9999.000,9999.000,9999.000,9999.000,9999.000,9999.000
202606291948,   1.116,   1.449,9999.000,9999.000,9999.000,9999.000,9999.000,9999.000,9999.000
202606291954,   1.045,   1.390,9999.000,9999.000,9999.000,9999.000,9999.000,9999.000,9999.000
202606292000,   0.975,   1.269,   0.400,  -0.106,   1.269,   0.300,   1.169,   0.400,   1.269
202606292006,   0.906,   1.161,9999.000,9999.000,9999.000,9999.000,9999.000,9999.000,9999.000
202606292012,   0.837,   1.161,9999.000,9999.000,9999.000,9999.000,9999.000,9999.000,9999.000
202606292018,   0.770,   1.108,9999.000,9999.000,9999.000,9999.000,9999.000,9999.000,9999.000
202606292024,   0.703,   1.010,9999.000,9999.000,9999.000,9999.000,9999.000,9999.000,9999.000
202606292030,   0.637,   0.928,9999.000,9999.000,9999.000,9999.000,9999.000,9999.000,9999.000
202606292036,   0.573,   0.879,9999.000,9999.000,9999.000,9999.000,9999.000,9999.000,9999.000
202606292042,   0.511,   0.790,9999.000,9999.000,9999.000,9999.000,9999.000,9999.000,9999.000
202606292048,   0.449,   0.698,9999.000,9999.000,9999.000,9999.000,9999.000,9999.000,9999.000
202606292054,   0.390,   0.678,9999.000,9999.000,9999.000,9999.000,9999.000,9999.000,9999.000
202606292100,   0.333,   0.639,   0.400,  -0.094,   0.639,   0.300,   0.539,   0.400,   0.639
202606292106,   0.277,   0.600,9999.000,9999.000,9999.000,9999.000,9999.000,9999.000,9999.000
202606292112,   0.224,   0.560,9999.000,9999.000,9999.000,9999.000,9999.000,9999.000,9999.000
202606292118,   0.173,   0.508,9999.000,9999.000,9999.000,9999.000,9999.000,9999.000,9999.000
202606292124,   0.124,   0.439,9999.000,9999.000,9999.000,9999.000,9999.000,9999.000,9999.000
202606292130,   0.078,   0.419,9999.000,9999.000,9999.000,9999.000,9999.000,9999.000,9999.000
202606292136,   0.035,   0.350,9999.000,9999.000,9999.000,9999.000,9999.000,9999.000,9999.000
202606292142,  -0.005,   0.321,9999.000,9999.000,9999.000,9999.000,9999.000,9999.000,9999.000
202606292148,  -0.043,   0.308,9999.000,9999.000,9999.000,9999.000,9999.000,9999.000,9999.000
202606292154,  -0.078,9999.000,9999.000,9999.000,9999.000,9999.000,9999.000,9999.000,9999.000
202606292200,  -0.111,9999.000,   0.400,9999.000,   0.289,   0.400,   0.289,   0.400,   0.289
202606292206,  -0.140,9999.000,9999.000,9999.000,9999.000,9999.000,9999.000,9999.000,9999.000
202606292212,  -0.166,9999.000,9999.000,9999.000,9999.000,9999.000,9999.000,9999.000,9999.000
202606292218,  -0.189,9999.000,9999.000,9999.000,9999.000,9999.000,9999.000,9999.000,9999.000
202606292224,  -0.209,   0.088,9999.000,9999.000,9999.000,9999.000,9999.000,9999.000,9999.000
202606292230,  -0.226,9999.000,9999.000,9999.000,9999.000,9999.000,9999.000,9999.000,9999.000
202606292236,  -0.239,9999.000,9999.000,9999.000,9999.000,9999.000,9999.000,9999.000,9999.000
202606292242,  -0.250,9999.000,9999.000,9999.000,9999.000,9999.000,9999.000,9999.000,9999.000
202606292248,  -0.257,9999.000,9999.000,9999.000,9999.000,9999.000,9999.000,9999.000,9999.000
202606292254,  -0.261,   0.196,9999.000,9999.000,9999.000,9999.000,9999.000,9999.000,9999.000
202606292300,  -0.262,   0.088,   0.400,  -0.050,   0.088,   0.400,   0.088,   0.500,   0.188
202606292306,  -0.260,   0.059,9999.000,9999.000,9999.000,9999.000,9999.000,9999.000,9999.000
202606292312,  -0.255,   0.111,9999.000,9999.000,9999.000,9999.000,9999.000,9999.000,9999.000
202606292318,  -0.246,   0.088,9999.000,9999.000,9999.000,9999.000,9999.000,9999.000,9999.000
202606292324,  -0.235,   0.275,9999.000,9999.000,9999.000,9999.000,9999.000,9999.000,9999.000
202606292330,  -0.221,   0.200,9999.000,9999.000,9999.000,9999.000,9999.000,9999.000,9999.000
202606292336,  -0.205,   0.200,9999.000,9999.000,9999.000,9999.000,9999.000,9999.000,9999.000
202606292342,  -0.185,   0.150,9999.000,9999.000,9999.000,9999.000,9999.000,9999.000,9999.000
202606292348,  -0.163,   0.249,9999.000,9999.000,9999.000,9999.000,9999.000,9999.000,9999.000
202606292354,  -0.138,   0.288,9999.000,9999.000,9999.000,9999.000,9999.000,9999.000,9999.000
202606300000,  -0.111,   0.278,   0.400,  -0.011,   0.278,   0.300,   0.178,   0.400,   0.278
202606300006,  -0.082,   0.298,9999.000,9999.000,9999.000,9999.000,9999.000,9999.000,9999.000
202606300012,  -0.051,   0.350,9999.000,9999.000,9999.000,9999.000,9999.000,9999.000,9999.000
202606300018,  -0.017,   0.360,9999.000,9999.000,9999.000,9999.000,9999.000,9999.000,9999.000
202606300024,   0.017,9999.000,9999.000,9999.000,9999.000,9999.000,9999.000,9999.000,9999.000
202606300030,   0.054,   0.400,9999.000,9999.000,9999.000,9999.000,9999.000,9999.000,9999.000
202606300036,   0.093,   0.488,9999.000,9999.000,9999.000,9999.000,9999.000,9999.000,9999.000
202606300042,   0.133,   0.570,9999.000,9999.000,9999.000,9999.000,9999.000,9999.000,9999.000
202606300048,   0.175,   0.551,9999.000,9999.000,9999.000,9999.000,9999.000,9999.000,9999.000
202606300054,   0.218,   0.888,9999.000,9999.000,9999.000,9999.000,9999.000,9999.000,9999.000
202606300100,   0.262,   0.708,   0.400,   0.046,   0.708,   0.300,   0.608,   0.400,   0.708
202606300106,   0.307,   0.698,9999.000,9999.000,9999.000,9999.000,9999.000,9999.000,9999.000
202606300112,   0.353,   0.718,9999.000,9999.000,9999.000,9999.000,9999.000,9999.000,9999.000
202606300118,   0.399,   0.810,9999.000,9999.000,9999.000,9999.000,9999.000,9999.000,9999.000
202606300124,   0.447,   0.869,9999.000,9999.000,9999.000,9999.000,9999.000,9999.000,9999.000
202606300130,   0.494,   0.888,9999.000,9999.000,9999.000,9999.000,9999.000,9999.000,9999.000
202606300136,   0.542,   0.918,9999.000,9999.000,9999.000,9999.000,9999.000,9999.000,9999.000
202606300142,   0.590,   1.000,9999.000,9999.000,9999.000,9999.000,9999.000,9999.000,9999.000
202606300148,   0.639,   1.029,9999.000,9999.000,9999.000,9999.000,9999.000,9999.000,9999.000
202606300154,   0.687,   1.384,9999.000,9999.000,9999.000,9999.000,9999.000,9999.000,9999.000
202606300200,   0.735,   1.180,   0.400,   0.045,   1.180,   0.300,   1.080,   0.400,   1.180
202606300206,   0.783,   1.210,9999.000,9999.000,9999.000,9999.000,9999.000,9999.000,9999.000
202606300212,   0.830,   1.298,9999.000,9999.000,9999.000,9999.000,9999.000,9999.000,9999.000
202606300218,   0.877,   1.328,9999.000,9999.000,9999.000,9999.000,9999.000,9999.000,9999.000
202606300224,   0.924,   1.400,9999.000,9999.000,9999.000,9999.000,9999.000,9999.000,9999.000
202606300230,   0.970,   1.390,9999.000,9999.000,9999.000,9999.000,9999.000,9999.000,9999.000
202606300236,   1.015,   1.400,9999.000,9999.000,9999.000,9999.000,9999.000,9999.000,9999.000
202606300242,   1.060,   1.459,9999.000,9999.000,9999.000,9999.000,9999.000,9999.000,9999.000
202606300248,   1.103,   1.508,9999.000,9999.000,9999.000,9999.000,9999.000,9999.000,9999.000
202606300254,   1.146,   1.571,9999.000,9999.000,9999.000,9999.000,9999.000,9999.000,9999.000
202606300300,   1.188,   1.679,   0.300,   0.191,   1.679,   0.300,   1.679,   0.400,   1.779
202606300306,   1.228,   1.679,9999.000,9999.000,9999.000,9999.000,9999.000,9999.000,9999.000
202606300312,   1.268,   1.669,9999.000,9999.000,9999.000,9999.000,9999.000,9999.000,9999.000
202606300318,   1.306,   1.738,9999.000,9999.000,9999.000,9999.000,9999.000,9999.000,9999.000
202606300324,   1.344,   1.781,9999.000,9999.000,9999.000,9999.000,9999.000,9999.000,9999.000
202606300330,   1.380,   1.810,9999.000,9999.000,9999.000,9999.000,9999.000,9999.000,9999.000
202606300336,   1.414,   1.899,9999.000,9999.000,9999.000,9999.000,9999.000,9999.000,9999.000
202606300342,   1.448,   1.918,9999.000,9999.000,9999.000,9999.000,9999.000,9999.000,9999.000
202606300348,   1.480,   1.899,9999.000,9999.000,9999.000,9999.000,9999.000,9999.000,9999.000
202606300354,   1.510,   1.928,9999.000,9999.000,9999.000,9999.000,9999.000,9999.000,9999.000
202606300400,   1.540,   2.000,   0.300,   0.160,   2.000,   0.300,   2.000,   0.400,   2.100
202606300406,   1.568,   2.010,9999.000,9999.000,9999.000,9999.000,9999.000,9999.000,9999.000
202606300412,   1.594,   2.049,9999.000,9999.000,9999.000,9999.000,9999.000,9999.000,9999.000
202606300418,   1.619,   2.079,9999.000,9999.000,9999.000,9999.000,9999.000,9999.000,9999.000
202606300424,   1.643,   2.148,9999.000,9999.000,9999.000,9999.000,9999.000,9999.000,9999.000
202606300430,   1.665,   2.138,9999.000,9999.000,9999.000,9999.000,9999.000,9999.000,9999.000
202606300436,   1.685,   2.148,9999.000,9999.000,9999.000,9999.000,9999.000,9999.000,9999.000
202606300442,   1.704,   2.210,9999.000,9999.000,9999.000,9999.000,9999.000,9999.000,9999.000
202606300448,   1.722,   2.191,9999.000,9999.000,9999.000,9999.000,9999.000,9999.000,9999.000
202606300454,   1.738,   2.230,9999.000,9999.000,9999.000,9999.000,9999.000,9999.000,9999.000
202606300500,   1.752,   2.220,   0.300,   0.168,   2.220,   0.300,   2.220,   0.400,   2.320
202606300506,   1.766,   2.279,9999.000,9999.000,9999.000,9999.000,9999.000,9999.000,9999.000
202606300512,   1.777,   2.269,9999.000,9999.000,9999.000,9999.000,9999.000,9999.000,9999.000
202606300518,   1.787,   2.250,9999.000,9999.000,9999.000,9999.000,9999.000,9999.000,9999.000
202606300524,   1.796,   2.289,9999.000,9999.000,9999.000,9999.000,9999.000,9999.000,9999.000
202606300530,   1.803,   2.299,9999.000,9999.000,9999.000,9999.000,9999.000,9999.000,9999.000
202606300536,   1.808,   2.259,9999.000,9999.000,9999.000,9999.000,9999.000,9999.000,9999.000
202606300542,   1.813,   2.299,9999.000,9999.000,9999.000,9999.000,9999.000,9999.000,9999.000
202606300548,   1.815,   2.289,9999.000,9999.000,9999.000,9999.000,9999.000,9999.000,9999.000
202606300554,   1.817,   2.348,9999.000,9999.000,9999.000,9999.000,9999.000,9999.000,9999.000
202606300600,   1.817,   2.338,   0.300,   0.221,   2.338,   0.300,   2.338,   0.300,   2.338
202606300606,   1.816,   2.338,9999.000,9999.000,9999.000,9999.000,9999.000,9999.000,9999.000
202606300612,   1.813,   2.309,9999.000,9999.000,9999.000,9999.000,9999.000,9999.000,9999.000
202606300618,   1.809,   2.269,9999.000,9999.000,9999.000,9999.000,9999.000,9999.000,9999.000
202606300624,   1.804,   2.250,9999.000,9999.000,9999.000,9999.000,9999.000,9999.000,9999.000
202606300630,   1.798,   2.240,9999.000,9999.000,9999.000,9999.000,9999.000,9999.000,9999.000
202606300636,   1.790,   2.250,9999.000,9999.000,9999.000,9999.000,9999.000,9999.000,9999.000
202606300642,   1.782,   2.259,9999.000,9999.000,9999.000,9999.000,9999.000,9999.000,9999.000
202606300648,   1.772,   2.269,9999.000,9999.000,9999.000,9999.000,9999.000,9999.000,9999.000
202606300654,   1.762,   2.109,9999.000,9999.000,9999.000,9999.000,9999.000,9999.000,9999.000
202606300700,   1.750,   2.089,   0.300,   0.039,   2.089,   0.300,   2.089,   0.300,   2.089
202606300706,   1.738,   2.148,9999.000,9999.000,9999.000,9999.000,9999.000,9999.000,9999.000
202606300712,   1.725,   2.099,9999.000,9999.000,9999.000,9999.000,9999.000,9999.000,9999.000
202606300718,   1.712,   2.040,9999.000,9999.000,9999.000,9999.000,9999.000,9999.000,9999.000
202606300724,   1.697,   2.099,9999.000,9999.000,9999.000,9999.000,9999.000,9999.000,9999.000
202606300730,   1.683,   2.059,9999.000,9999.000,9999.000,9999.000,9999.000,9999.000,9999.000
202606300736,   1.667,   2.020,9999.000,9999.000,9999.000,9999.000,9999.000,9999.000,9999.000
202606300742,   1.652,   2.059,9999.000,9999.000,9999.000,9999.000,9999.000,9999.000,9999.000
202606300748,   1.636,   2.049,9999.000,9999.000,9999.000,9999.000,9999.000,9999.000,9999.000
202606300754,   1.620,   1.928,9999.000,9999.000,9999.000,9999.000,9999.000,9999.000,9999.000
202606300800,   1.604,   1.928,   0.300,   0.024,   1.928,   0.300,   1.928,   0.300,   1.928
202606300806,   1.589,   1.908,9999.000,9999.000,9999.000,9999.000,9999.000,9999.000,9999.000
202606300812,   1.573,   1.899,9999.000,9999.000,9999.000,9999.000,9999.000,9999.000,9999.000
202606300818,   1.558,   1.889,9999.000,9999.000,9999.000,9999.000,9999.000,9999.000,9999.000
202606300824,   1.543,   1.908,9999.000,9999.000,9999.000,9999.000,9999.000,9999.000,9999.000
202606300830,   1.528,   1.869,9999.000,9999.000,9999.000,9999.000,9999.000,9999.000,9999.000
202606300836,   1.515,   1.820,9999.000,9999.000,9999.000,9999.000,9999.000,9999.000,9999.000
202606300842,   1.501,   1.718,9999.000,9999.000,9999.000,9999.000,9999.000,9999.000,9999.000
202606300848,   1.489,   1.728,9999.000,9999.000,9999.000,9999.000,9999.000,9999.000,9999.000
202606300854,   1.478,   1.748,9999.000,9999.000,9999.000,9999.000,9999.000,9999.000,9999.000
202606300900,   1.468,   1.748,   0.300,  -0.020,   1.748,   0.300,   1.748,   0.300,   1.748
202606300906,   1.458,   1.810,9999.000,9999.000,9999.000,9999.000,9999.000,9999.000,9999.000
202606300912,   1.450,   1.810,9999.000,9999.000,9999.000,9999.000,9999.000,9999.000,9999.000
202606300918,   1.444,   1.830,9999.000,9999.000,9999.000,9999.000,9999.000,9999.000,9999.000
202606300924,   1.439,   1.810,9999.000,9999.000,9999.000,9999.000,9999.000,9999.000,9999.000
202606300930,   1.435,   1.830,9999.000,9999.000,9999.000,9999.000,9999.000,9999.000,9999.000
202606300936,   1.433,   1.840,9999.000,9999.000,9999.000,9999.000,9999.000,9999.000,9999.000
202606300942,   1.432,   1.758,9999.000,9999.000,9999.000,9999.000,9999.000,9999.000,9999.000
202606300948,   1.434,   1.718,9999.000,9999.000,9999.000,9999.000,9999.000,9999.000,9999.000
202606300954,   1.437,   1.738,9999.000,9999.000,9999.000,9999.000,9999.000,9999.000,9999.000
202606301000,   1.441,   1.748,   0.300,   0.007,   1.748,   0.300,   1.748,   0.400,   1.848
202606301006,   1.448,   1.738,9999.000,9999.000,9999.000,9999.000,9999.000,9999.000,9999.000
202606301012,   1.457,   1.738,9999.000,9999.000,9999.000,9999.000,9999.000,9999.000,9999.000
202606301018,   1.467,   1.849,9999.000,9999.000,9999.000,9999.000,9999.000,9999.000,9999.000
202606301024,   1.480,   1.928,9999.000,9999.000,9999.000,9999.000,9999.000,9999.000,9999.000
202606301030,   1.494,   1.938,9999.000,9999.000,9999.000,9999.000,9999.000,9999.000,9999.000
202606301036,   1.511,   1.981,9999.000,9999.000,9999.000,9999.000,9999.000,9999.000,9999.000
202606301042,   1.530,   2.000,9999.000,9999.000,9999.000,9999.000,9999.000,9999.000,9999.000
202606301048,   1.550,   1.918,9999.000,9999.000,9999.000,9999.000,9999.000,9999.000,9999.000
202606301054,   1.572,   2.000,9999.000,9999.000,9999.000,9999.000,9999.000,9999.000,9999.000
202606301100,   1.597,   2.010,   0.400,   0.013,   2.010,   0.300,   1.910,   0.400,   2.010
202606301106,   1.623,   2.049,9999.000,9999.000,9999.000,9999.000,9999.000,9999.000,9999.000
202606301112,   1.651,   2.109,9999.000,9999.000,9999.000,9999.000,9999.000,9999.000,9999.000
202606301118,   1.681,   2.040,9999.000,9999.000,9999.000,9999.000,9999.000,9999.000,9999.000
202606301124,   1.712,   2.030,9999.000,9999.000,9999.000,9999.000,9999.000,9999.000,9999.000
202606301130,   1.745,   2.030,9999.000,9999.000,9999.000,9999.000,9999.000,9999.000,9999.000
202606301136,   1.780,   2.191,9999.000,9999.000,9999.000,9999.000,9999.000,9999.000,9999.000
202606301142,   1.816,   2.200,9999.000,9999.000,9999.000,9999.000,9999.000,9999.000,9999.000
202606301148,   1.854,   2.230,9999.000,9999.000,9999.000,9999.000,9999.000,9999.000,9999.000
202606301154,   1.892,   2.309,9999.000,9999.000,9999.000,9999.000,9999.000,9999.000,9999.000
202606301200,   1.932,   2.368,   0.300,   0.136,   2.368,   0.300,   2.368,   0.400,   2.468
202606301206,   1.973,   2.358,9999.000,9999.000,9999.000,9999.000,9999.000,9999.000,9999.000
202606301212,   2.015,   2.387,9999.000,9999.000,9999.000,9999.000,9999.000,9999.000,9999.000
202606301218,   2.058,   2.440,9999.000,9999.000,9999.000,9999.000,9999.000,9999.000,9999.000
202606301224,   2.102,   2.450,9999.000,9999.000,9999.000,9999.000,9999.000,9999.000,9999.000
202606301230,   2.146,   2.548,9999.000,9999.000,9999.000,9999.000,9999.000,9999.000,9999.000
202606301236,   2.190,   2.558,9999.000,9999.000,9999.000,9999.000,9999.000,9999.000,9999.000
202606301242,   2.235,   2.568,9999.000,9999.000,9999.000,9999.000,9999.000,9999.000,9999.000
202606301248,   2.280,   2.640,9999.000,9999.000,9999.000,9999.000,9999.000,9999.000,9999.000
202606301254,   2.326,   2.738,9999.000,9999.000,9999.000,9999.000,9999.000,9999.000,9999.000
202606301300,   2.371,   2.787,   0.300,   0.116,   2.787,   0.300,   2.787,   0.400,   2.887
202606301306,   2.416,   2.699,9999.000,9999.000,9999.000,9999.000,9999.000,9999.000,9999.000
202606301312,   2.460,   2.899,9999.000,9999.000,9999.000,9999.000,9999.000,9999.000,9999.000
202606301318,   2.504,   2.899,9999.000,9999.000,9999.000,9999.000,9999.000,9999.000,9999.000
202606301324,   2.548,   2.879,9999.000,9999.000,9999.000,9999.000,9999.000,9999.000,9999.000
202606301330,   2.591,   2.938,9999.000,9999.000,9999.000,9999.000,9999.000,9999.000,9999.000
202606301336,   2.633,   2.997,9999.000,9999.000,9999.000,9999.000,9999.000,9999.000,9999.000
202606301342,   2.674,   3.099,9999.000,9999.000,9999.000,9999.000,9999.000,9999.000,9999.000
202606301348,   2.714,   3.070,9999.000,9999.000,9999.000,9999.000,9999.000,9999.000,9999.000
202606301354,   2.753,   3.148,9999.000,9999.000,9999.000,9999.000,9999.000,9999.000,9999.000
202606301400,   2.791,   3.250,   0.300,   0.159,   3.250,   0.300,   3.250,   0.400,   3.350
202606301406,   2.827,   3.217,9999.000,9999.000,9999.000,9999.000,9999.000,9999.000,9999.000
202606301412,   2.862,   3.319,9999.000,9999.000,9999.000,9999.000,9999.000,9999.000,9999.000
202606301418,   2.895,   3.319,9999.000,9999.000,9999.000,9999.000,9999.000,9999.000,9999.000
202606301424,   2.927,   3.270,9999.000,9999.000,9999.000,9999.000,9999.000,9999.000,9999.000
202606301430,   2.957,   3.358,9999.000,9999.000,9999.000,9999.000,9999.000,9999.000,9999.000
202606301436,   2.985,   3.348,9999.000,9999.000,9999.000,9999.000,9999.000,9999.000,9999.000
202606301442,   3.012,   3.378,9999.000,9999.000,9999.000,9999.000,9999.000,9999.000,9999.000
202606301448,   3.036,   3.440,9999.000,9999.000,9999.000,9999.000,9999.000,9999.000,9999.000
202606301454,   3.059,   3.417,9999.000,9999.000,9999.000,9999.000,9999.000,9999.000,9999.000
202606301500,   3.079,   3.460,   0.300,   0.081,   3.460,   0.300,   3.460,   0.400,   3.560
202606301506,   3.098,   3.460,9999.000,9999.000,9999.000,9999.000,9999.000,9999.000,9999.000
202606301512,   3.114,9999.000,9999.000,9999.000,9999.000,9999.000,9999.000,9999.000,9999.000
202606301518,   3.128,9999.000,9999.000,9999.000,9999.000,9999.000,9999.000,9999.000,9999.000
202606301524,   3.140,   3.617,9999.000,9999.000,9999.000,9999.000,9999.000,9999.000,9999.000
202606301530,   3.150,   3.539,9999.000,9999.000,9999.000,9999.000,9999.000,9999.000,9999.000
202606301536,   3.158,   3.588,9999.000,9999.000,9999.000,9999.000,9999.000,9999.000,9999.000
202606301542,   3.163,   3.607,9999.000,9999.000,9999.000,9999.000,9999.000,9999.000,9999.000
202606301548,   3.166,   3.627,9999.000,9999.000,9999.000,9999.000,9999.000,9999.000,9999.000
202606301554,   3.167,   3.578,9999.000,9999.000,9999.000,9999.000,9999.000,9999.000,9999.000
202606301600,   3.165,   3.617,   0.300,   0.152,   3.617,   0.300,   3.617,   0.400,   3.717
202606301606,   3.161,   3.650,9999.000,9999.000,9999.000,9999.000,9999.000,9999.000,9999.000
202606301612,   3.155,9999.000,9999.000,9999.000,9999.000,9999.000,9999.000,9999.000,9999.000
202606301618,   3.146,   3.588,9999.000,9999.000,9999.000,9999.000,9999.000,9999.000,9999.000
202606301624,   3.135,   3.539,9999.000,9999.000,9999.000,9999.000,9999.000,9999.000,9999.000
202606301630,   3.122,   3.519,9999.000,9999.000,9999.000,9999.000,9999.000,9999.000,9999.000
202606301636,   3.106,   3.489,9999.000,9999.000,9999.000,9999.000,9999.000,9999.000,9999.000
202606301642,   3.088,   3.519,9999.000,9999.000,9999.000,9999.000,9999.000,9999.000,9999.000
202606301648,   3.068,   3.440,9999.000,9999.000,9999.000,9999.000,9999.000,9999.000,9999.000
202606301654,   3.045,   3.194,9999.000,9999.000,9999.000,9999.000,9999.000,9999.000,9999.000
202606301700,   3.020,   3.194,   0.300,  -0.126,   3.194,   0.300,   3.194,   0.300,   3.194
202606301706,   2.993,9999.000,9999.000,9999.000,9999.000,9999.000,9999.000,9999.000,9999.000
202606301712,   2.964,9999.000,9999.000,9999.000,9999.000,9999.000,9999.000,9999.000,9999.000
202606301718,   2.932,9999.000,9999.000,9999.000,9999.000,9999.000,9999.000,9999.000,9999.000
202606301724,   2.898,   3.339,9999.000,9999.000,9999.000,9999.000,9999.000,9999.000,9999.000
202606301730,   2.862,   3.197,9999.000,9999.000,9999.000,9999.000,9999.000,9999.000,9999.000
202606301736,   2.824,   3.217,9999.000,9999.000,9999.000,9999.000,9999.000,9999.000,9999.000
202606301742,   2.783,   3.230,9999.000,9999.000,9999.000,9999.000,9999.000,9999.000,9999.000
202606301748,   2.741,   3.168,9999.000,9999.000,9999.000,9999.000,9999.000,9999.000,9999.000
202606301754,   2.696,9999.000,9999.000,9999.000,9999.000,9999.000,9999.000,9999.000,9999.000
202606301800,   2.650,9999.000,   0.300,9999.000,   2.950,   0.300,   2.950,   0.300,   2.950
202606301806,   2.601,9999.000,9999.000,9999.000,9999.000,9999.000,9999.000,9999.000,9999.000
202606301812,   2.550,9999.000,9999.000,9999.000,9999.000,9999.000,9999.000,9999.000,9999.000
202606301818,   2.498,9999.000,9999.000,9999.000,9999.000,9999.000,9999.000,9999.000,9999.000
202606301824,   2.444,   2.528,9999.000,9999.000,9999.000,9999.000,9999.000,9999.000,9999.000
202606301830,   2.388,9999.000,9999.000,9999.000,9999.000,9999.000,9999.000,9999.000,9999.000
202606301836,   2.330,9999.000,9999.000,9999.000,9999.000,9999.000,9999.000,9999.000,9999.000
202606301842,   2.271,9999.000,9999.000,9999.000,9999.000,9999.000,9999.000,9999.000,9999.000
202606301848,   2.210,9999.000,9999.000,9999.000,9999.000,9999.000,9999.000,9999.000,9999.000
202606301854,   2.147,   2.450,9999.000,9999.000,9999.000,9999.000,9999.000,9999.000,9999.000
202606301900,   2.084,   2.528,   0.300,   0.144,   2.528,   0.300,   2.528,   0.400,   2.628
202606301906,   2.018,   2.400,9999.000,9999.000,9999.000,9999.000,9999.000,9999.000,9999.000
202606301912,   1.952,   2.368,9999.000,9999.000,9999.000,9999.000,9999.000,9999.000,9999.000
202606301918,   1.885,   2.220,9999.000,9999.000,9999.000,9999.000,9999.000,9999.000,9999.000
202606301924,   1.816,   2.168,9999.000,9999.000,9999.000,9999.000,9999.000,9999.000,9999.000
202606301930,   1.747,   2.138,9999.000,9999.000,9999.000,9999.000,9999.000,9999.000,9999.000
202606301936,   1.676,   2.020,9999.000,9999.000,9999.000,9999.000,9999.000,9999.000,9999.000
202606301942,   1.605,   1.990,9999.000,9999.000,9999.000,9999.000,9999.000,9999.000,9999.000
202606301948,   1.534,   1.899,9999.000,9999.000,9999.000,9999.000,9999.000,9999.000,9999.000
202606301954,   1.462,   1.869,9999.000,9999.000,9999.000,9999.000,9999.000,9999.000,9999.000
202606302000,   1.390,   1.820,   0.300,   0.130,   1.820,   0.300,   1.820,   0.400,   1.920
202606302006,   1.317,   1.758,9999.000,9999.000,9999.000,9999.000,9999.000,9999.000,9999.000
202606302012,   1.245,   1.699,9999.000,9999.000,9999.000,9999.000,9999.000,9999.000,9999.000
202606302018,   1.172,   1.600,9999.000,9999.000,9999.000,9999.000,9999.000,9999.000,9999.000
202606302024,   1.100,   1.528,9999.000,9999.000,9999.000,9999.000,9999.000,9999.000,9999.000
202606302030,   1.028,   1.430,9999.000,9999.000,9999.000,9999.000,9999.000,9999.000,9999.000
202606302036,   0.957,   1.371,9999.000,9999.000,9999.000,9999.000,9999.000,9999.000,9999.000
202606302042,   0.887,   1.318,9999.000,9999.000,9999.000,9999.000,9999.000,9999.000,9999.000
202606302048,   0.817,   1.259,9999.000,9999.000,9999.000,9999.000,9999.000,9999.000,9999.000
202606302054,   0.748,   1.190,9999.000,9999.000,9999.000,9999.000,9999.000,9999.000,9999.000
202606302100,   0.681,   1.098,   0.300,   0.117,   1.098,   0.300,   1.098,   0.400,   1.198
202606302106,   0.615,   1.039,9999.000,9999.000,9999.000,9999.000,9999.000,9999.000,9999.000
202606302112,   0.550,   0.980,9999.000,9999.000,9999.000,9999.000,9999.000,9999.000,9999.000
202606302118,   0.487,   0.970,9999.000,9999.000,9999.000,9999.000,9999.000,9999.000,9999.000
202606302124,   0.425,   0.869,9999.000,9999.000,9999.000,9999.000,9999.000,9999.000,9999.000
202606302130,   0.366,   0.780,9999.000,9999.000,9999.000,9999.000,9999.000,9999.000,9999.000
202606302136,   0.308,   0.760,9999.000,9999.000,9999.000,9999.000,9999.000,9999.000,9999.000
202606302142,   0.253,   0.760,9999.000,9999.000,9999.000,9999.000,9999.000,9999.000,9999.000
202606302148,   0.200,   0.678,9999.000,9999.000,9999.000,9999.000,9999.000,9999.000,9999.000
202606302154,   0.149,   0.619,9999.000,9999.000,9999.000,9999.000,9999.000,9999.000,9999.000
202606302200,   0.101,   0.469,   0.300,   0.068,   0.469,   0.300,   0.469,   0.400,   0.569
202606302206,   0.056,   0.400,9999.000,9999.000,9999.000,9999.000,9999.000,9999.000,9999.000
202606302212,   0.013,   0.298,9999.000,9999.000,9999.000,9999.000,9999.000,9999.000,9999.000
202606302218,  -0.026,   0.268,9999.000,9999.000,9999.000,9999.000,9999.000,9999.000,9999.000
202606302224,  -0.063,   0.268,9999.000,9999.000,9999.000,9999.000,9999.000,9999.000,9999.000
202606302230,  -0.097,   0.278,9999.000,9999.000,9999.000,9999.000,9999.000,9999.000,9999.000
202606302236,  -0.128,   0.170,9999.000,9999.000,9999.000,9999.000,9999.000,9999.000,9999.000
202606302242,  -0.156,   0.170,9999.000,9999.000,9999.000,9999.000,9999.000,9999.000,9999.000
202606302248,  -0.180,   0.141,9999.000,9999.000,9999.000,9999.000,9999.000,9999.000,9999.000
202606302254,  -0.202,   0.068,9999.000,9999.000,9999.000,9999.000,9999.000,9999.000,9999.000
202606302300,  -0.220,   0.131,   0.400,  -0.049,   0.131,   0.300,   0.031,   0.400,   0.131
202606302306,  -0.235,9999.000,9999.000,9999.000,9999.000,9999.000,9999.000,9999.000,9999.000
202606302312,  -0.247,9999.000,9999.000,9999.000,9999.000,9999.000,9999.000,9999.000,9999.000
202606302318,  -0.256,9999.000,9999.000,9999.000,9999.000,9999.000,9999.000,9999.000,9999.000
202606302324,  -0.261,   0.016,9999.000,9999.000,9999.000,9999.000,9999.000,9999.000,9999.000
202606302330,  -0.263,  -0.078,9999.000,9999.000,9999.000,9999.000,9999.000,9999.000,9999.000
202606302336,  -0.262,  -0.078,9999.000,9999.000,9999.000,9999.000,9999.000,9999.000,9999.000
202606302342,  -0.258,  -0.049,9999.000,9999.000,9999.000,9999.000,9999.000,9999.000,9999.000
202606302348,  -0.251,  -0.029,9999.000,9999.000,9999.000,9999.000,9999.000,9999.000,9999.000
202606302354,  -0.240,  -0.019,9999.000,9999.000,9999.000,9999.000,9999.000,9999.000,9999.000
202607010000,  -0.227,   0.019,   0.300,  -0.054,   0.019,   0.200,  -0.081,   0.400,   0.119
202607010006,  -0.211,   0.019,9999.000,9999.000,9999.000,9999.000,9999.000,9999.000,9999.000
202607010012,  -0.192,   0.150,9999.000,9999.000,9999.000,9999.000,9999.000,9999.000,9999.000
202607010018,  -0.171,   0.170,9999.000,9999.000,9999.000,9999.000,9999.000,9999.000,9999.000
202607010024,  -0.147,   0.288,9999.000,9999.000,9999.000,9999.000,9999.000,9999.000,9999.000
202607010030,  -0.120,   0.370,9999.000,9999.000,9999.000,9999.000,9999.000,9999.000,9999.000
202607010036,  -0.091,   0.321,9999.000,9999.000,9999.000,9999.000,9999.000,9999.000,9999.000
202607010042,  -0.060,   0.370,9999.000,9999.000,9999.000,9999.000,9999.000,9999.000,9999.000
202607010048,  -0.026,   0.390,9999.000,9999.000,9999.000,9999.000,9999.000,9999.000,9999.000
202607010054,   0.008,   0.370,9999.000,9999.000,9999.000,9999.000,9999.000,9999.000,9999.000
202607010100,   0.045,   0.360,   0.300,   0.015,   0.360,   0.100,   0.160,   0.400,   0.460
202607010106,   0.084,   0.360,9999.000,9999.000,9999.000,9999.000,9999.000,9999.000,9999.000
202607010112,   0.125,   0.390,9999.000,9999.000,9999.000,9999.000,9999.000,9999.000,9999.000
202607010118,   0.167,   0.459,9999.000,9999.000,9999.000,9999.000,9999.000,9999.000,9999.000
202607010124,   0.210,   0.498,9999.000,9999.000,9999.000,9999.000,9999.000,9999.000,9999.000
202607010130,   0.255,   0.551,9999.000,9999.000,9999.000,9999.000,9999.000,9999.000,9999.000
202607010136,   0.301,   0.610,9999.000,9999.000,9999.000,9999.000,9999.000,9999.000,9999.000
202607010142,   0.347,   0.741,9999.000,9999.000,9999.000,9999.000,9999.000,9999.000,9999.000
202607010148,   0.395,   0.888,9999.000,9999.000,9999.000,9999.000,9999.000,9999.000,9999.000
202607010154,   0.443,   1.059,9999.000,9999.000,9999.000,9999.000,9999.000,9999.000,9999.000
202607010200,   0.491,   1.069,   0.300,   0.278,   1.069,   0.100,   0.869,   0.400,   1.169
202607010206,   0.540,   1.180,9999.000,9999.000,9999.000,9999.000,9999.000,9999.000,9999.000
202607010212,   0.590,   1.200,9999.000,9999.000,9999.000,9999.000,9999.000,9999.000,9999.000
202607010218,   0.639,   1.249,9999.000,9999.000,9999.000,9999.000,9999.000,9999.000,9999.000
202607010224,   0.689,   1.180,9999.000,9999.000,9999.000,9999.000,9999.000,9999.000,9999.000
202607010230,   0.738,   1.098,9999.000,9999.000,9999.000,9999.000,9999.000,9999.000,9999.000
202607010236,   0.787,   1.079,9999.000,9999.000,9999.000,9999.000,9999.000,9999.000,9999.000
202607010242,   0.836,   1.088,9999.000,9999.000,9999.000,9999.000,9999.000,9999.000,9999.000
202607010248,   0.885,   1.161,9999.000,9999.000,9999.000,9999.000,9999.000,9999.000,9999.000
202607010254,   0.933,   1.088,9999.000,9999.000,9999.000,9999.000,9999.000,9999.000,9999.000
202607010300,   0.980,   1.269,   0.300,  -0.011,   1.269,   0.100,   1.069,   0.400,   1.369
202607010306,   1.027,   1.420,9999.000,9999.000,9999.000,9999.000,9999.000,9999.000,9999.000
202607010312,   1.073,   1.459,9999.000,9999.000,9999.000,9999.000,9999.000,9999.000,9999.000
202607010318,   1.118,   1.610,9999.000,9999.000,9999.000,9999.000,9999.000,9999.000,9999.000
202607010324,   1.162,   1.571,9999.000,9999.000,9999.000,9999.000,9999.000,9999.000,9999.000
202607010330,   1.205,   1.620,9999.000,9999.000,9999.000,9999.000,9999.000,9999.000,9999.000
202607010336,   1.247,   1.708,9999.000,9999.000,9999.000,9999.000,9999.000,9999.000,9999.000
202607010342,   1.288,   1.669,9999.000,9999.000,9999.000,9999.000,9999.000,9999.000,9999.000
202607010348,   1.328,   1.708,9999.000,9999.000,9999.000,9999.000,9999.000,9999.000,9999.000
202607010354,   1.367,   1.738,9999.000,9999.000,9999.000,9999.000,9999.000,9999.000,9999.000
202607010400,   1.404,   1.738,   0.300,   0.034,   1.738,   0.200,   1.638,   0.300,   1.738
202607010406,   1.440,   1.869,9999.000,9999.000,9999.000,9999.000,9999.000,9999.000,9999.000
202607010412,   1.475,   1.928,9999.000,9999.000,9999.000,9999.000,9999.000,9999.000,9999.000
202607010418,   1.508,   2.000,9999.000,9999.000,9999.000,9999.000,9999.000,9999.000,9999.000
202607010424,   1.540,   1.899,9999.000,9999.000,9999.000,9999.000,9999.000,9999.000,9999.000
202607010430,   1.571,   2.109,9999.000,9999.000,9999.000,9999.000,9999.000,9999.000,9999.000
202607010436,   1.599,   2.099,9999.000,9999.000,9999.000,9999.000,9999.000,9999.000,9999.000
202607010442,   1.627,   2.069,9999.000,9999.000,9999.000,9999.000,9999.000,9999.000,9999.000
202607010448,   1.653,   2.089,9999.000,9999.000,9999.000,9999.000,9999.000,9999.000,9999.000
202607010454,   1.677,   2.040,9999.000,9999.000,9999.000,9999.000,9999.000,9999.000,9999.000
202607010500,   1.700,   2.069,   0.300,   0.069,   2.069,   0.200,   1.969,   0.300,   2.069
202607010506,   1.721,   2.000,9999.000,9999.000,9999.000,9999.000,9999.000,9999.000,9999.000
202607010512,   1.741,   2.079,9999.000,9999.000,9999.000,9999.000,9999.000,9999.000,9999.000
202607010518,   1.758,   2.299,9999.000,9999.000,9999.000,9999.000,9999.000,9999.000,9999.000
202607010524,   1.775,   2.348,9999.000,9999.000,9999.000,9999.000,9999.000,9999.000,9999.000
202607010530,   1.789,   2.400,9999.000,9999.000,9999.000,9999.000,9999.000,9999.000,9999.000
202607010536,   1.803,   2.430,9999.000,9999.000,9999.000,9999.000,9999.000,9999.000,9999.000
202607010542,   1.814,   2.368,9999.000,9999.000,9999.000,9999.000,9999.000,9999.000,9999.000
202607010548,   1.824,   2.368,9999.000,9999.000,9999.000,9999.000,9999.000,9999.000,9999.000
202607010554,   1.832,   2.318,9999.000,9999.000,9999.000,9999.000,9999.000,9999.000,9999.000
202607010600,   1.839,   2.259,   0.400,   0.020,   2.259,   0.200,   2.059,   0.400,   2.259
202607010606,   1.844,   2.158,9999.000,9999.000,9999.000,9999.000,9999.000,9999.000,9999.000
202607010612,   1.847,   2.109,9999.000,9999.000,9999.000,9999.000,9999.000,9999.000,9999.000
202607010618,   1.849,   2.138,9999.000,9999.000,9999.000,9999.000,9999.000,9999.000,9999.000
202607010624,   1.850,   2.269,9999.000,9999.000,9999.000,9999.000,9999.000,9999.000,9999.000
202607010630,   1.848,   2.420,9999.000,9999.000,9999.000,9999.000,9999.000,9999.000,9999.000
202607010636,   1.846,   2.377,9999.000,9999.000,9999.000,9999.000,9999.000,9999.000,9999.000
202607010642,   1.842,   2.338,9999.000,9999.000,9999.000,9999.000,9999.000,9999.000,9999.000
202607010648,   1.836,   2.459,9999.000,9999.000,9999.000,9999.000,9999.000,9999.000,9999.000
202607010654,   1.830,   2.450,9999.000,9999.000,9999.000,9999.000,9999.000,9999.000,9999.000
202607010700,   1.822,   2.440,   0.400,   0.218,   2.440,   0.200,   2.240,   0.500,   2.540
202607010706,   1.812,   2.440,9999.000,9999.000,9999.000,9999.000,9999.000,9999.000,9999.000
202607010712,   1.802,   2.309,9999.000,9999.000,9999.000,9999.000,9999.000,9999.000,9999.000
202607010718,   1.790,   2.299,9999.000,9999.000,9999.000,9999.000,9999.000,9999.000,9999.000
202607010724,   1.777,   2.309,9999.000,9999.000,9999.000,9999.000,9999.000,9999.000,9999.000
202607010730,   1.764,   2.358,9999.000,9999.000,9999.000,9999.000,9999.000,9999.000,9999.000
202607010736,   1.749,   2.230,9999.000,9999.000,9999.000,9999.000,9999.000,9999.000,9999.000
202607010742,   1.733,   2.191,9999.000,9999.000,9999.000,9999.000,9999.000,9999.000,9999.000
202607010748,   1.717,   2.220,9999.000,9999.000,9999.000,9999.000,9999.000,9999.000,9999.000
202607010754,   1.700,   2.279,9999.000,9999.000,9999.000,9999.000,9999.000,9999.000,9999.000
202607010800,   1.683,   2.158,   0.400,   0.075,   2.158,   0.300,   2.058,   0.500,   2.258
202607010806,   1.665,   2.177,9999.000,9999.000,9999.000,9999.000,9999.000,9999.000,9999.000
202607010812,   1.646,   2.210,9999.000,9999.000,9999.000,9999.000,9999.000,9999.000,9999.000
202607010818,   1.628,   2.210,9999.000,9999.000,9999.000,9999.000,9999.000,9999.000,9999.000
202607010824,   1.609,   2.168,9999.000,9999.000,9999.000,9999.000,9999.000,9999.000,9999.000
202607010830,   1.590,   2.168,9999.000,9999.000,9999.000,9999.000,9999.000,9999.000,9999.000
202607010836,   1.571,   2.069,9999.000,9999.000,9999.000,9999.000,9999.000,9999.000,9999.000
202607010842,   1.552,   2.049,9999.000,9999.000,9999.000,9999.000,9999.000,9999.000,9999.000
202607010848,   1.534,   2.030,9999.000,9999.000,9999.000,9999.000,9999.000,9999.000,9999.000
202607010854,   1.516,   1.981,9999.000,9999.000,9999.000,9999.000,9999.000,9999.000,9999.000
202607010900,   1.498,   2.000,   0.400,   0.102,   2.000,   0.300,   1.900,   0.500,   2.100
202607010906,   1.481,   1.958,9999.000,9999.000,9999.000,9999.000,9999.000,9999.000,9999.000
202607010912,   1.465,   2.020,9999.000,9999.000,9999.000,9999.000,9999.000,9999.000,9999.000
202607010918,   1.450,   1.990,9999.000,9999.000,9999.000,9999.000,9999.000,9999.000,9999.000
202607010924,   1.435,   1.869,9999.000,9999.000,9999.000,9999.000,9999.000,9999.000,9999.000
202607010930,   1.422,   1.810,9999.000,9999.000,9999.000,9999.000,9999.000,9999.000,9999.000
202607010936,   1.410,   1.790,9999.000,9999.000,9999.000,9999.000,9999.000,9999.000,9999.000
202607010942,   1.399,   1.758,9999.000,9999.000,9999.000,9999.000,9999.000,9999.000,9999.000
202607010948,   1.390,   1.748,9999.000,9999.000,9999.000,9999.000,9999.000,9999.000,9999.000
202607010954,   1.382,   1.748,9999.000,9999.000,9999.000,9999.000,9999.000,9999.000,9999.000
202607011000,   1.375,   1.800,   0.400,   0.025,   1.800,   0.400,   1.800,   0.500,   1.900
202607011006,   1.371,   1.869,9999.000,9999.000,9999.000,9999.000,9999.000,9999.000,9999.000
202607011012,   1.368,   1.849,9999.000,9999.000,9999.000,9999.000,9999.000,9999.000,9999.000
202607011018,   1.366,   1.849,9999.000,9999.000,9999.000,9999.000,9999.000,9999.000,9999.000
202607011024,   1.367,   1.810,9999.000,9999.000,9999.000,9999.000,9999.000,9999.000,9999.000
202607011030,   1.370,   1.718,9999.000,9999.000,9999.000,9999.000,9999.000,9999.000,9999.000
202607011036,   1.375,   1.748,9999.000,9999.000,9999.000,9999.000,9999.000,9999.000,9999.000
202607011042,   1.381,   1.758,9999.000,9999.000,9999.000,9999.000,9999.000,9999.000,9999.000
202607011048,   1.390,   1.790,9999.000,9999.000,9999.000,9999.000,9999.000,9999.000,9999.000
202607011054,   1.401,   1.758,9999.000,9999.000,9999.000,9999.000,9999.000,9999.000,9999.000
202607011100,   1.414,   1.649,   0.500,  -0.265,   1.649,   0.400,   1.549,   0.500,   1.649
202607011106,   1.429,   1.679,9999.000,9999.000,9999.000,9999.000,9999.000,9999.000,9999.000
202607011112,   1.446,   1.679,9999.000,9999.000,9999.000,9999.000,9999.000,9999.000,9999.000
202607011118,   1.465,   1.669,9999.000,9999.000,9999.000,9999.000,9999.000,9999.000,9999.000
202607011124,   1.487,   1.679,9999.000,9999.000,9999.000,9999.000,9999.000,9999.000,9999.000
202607011130,   1.510,   1.738,9999.000,9999.000,9999.000,9999.000,9999.000,9999.000,9999.000
202607011136,   1.536,   1.748,9999.000,9999.000,9999.000,9999.000,9999.000,9999.000,9999.000
202607011142,   1.563,   1.758,9999.000,9999.000,9999.000,9999.000,9999.000,9999.000,9999.000
202607011148,   1.593,   1.810,9999.000,9999.000,9999.000,9999.000,9999.000,9999.000,9999.000
202607011154,   1.624,   1.840,9999.000,9999.000,9999.000,9999.000,9999.000,9999.000,9999.000
202607011200,   1.657,   1.879,   0.400,  -0.178,   1.879,   0.300,   1.779,   0.400,   1.879
202607011206,   1.692,   1.849,9999.000,9999.000,9999.000,9999.000,9999.000,9999.000,9999.000
202607011212,   1.728,   1.967,9999.000,9999.000,9999.000,9999.000,9999.000,9999.000,9999.000
202607011218,   1.766,   1.889,9999.000,9999.000,9999.000,9999.000,9999.000,9999.000,9999.000
202607011224,   1.805,   2.020,9999.000,9999.000,9999.000,9999.000,9999.000,9999.000,9999.000
202607011230,   1.845,   2.069,9999.000,9999.000,9999.000,9999.000,9999.000,9999.000,9999.000
202607011236,   1.887,   2.109,9999.000,9999.000,9999.000,9999.000,9999.000,9999.000,9999.000
202607011242,   1.930,   2.191,9999.000,9999.000,9999.000,9999.000,9999.000,9999.000,9999.000
202607011248,   1.974,   2.220,9999.000,9999.000,9999.000,9999.000,9999.000,9999.000,9999.000
202607011254,   2.018,   2.279,9999.000,9999.000,9999.000,9999.000,9999.000,9999.000,9999.000
202607011300,   2.064,   2.338,   0.400,  -0.126,   2.338,   0.300,   2.238,   0.400,   2.338
202607011306,   2.110,   2.358,9999.000,9999.000,9999.000,9999.000,9999.000,9999.000,9999.000
202607011312,   2.156,   2.420,9999.000,9999.000,9999.000,9999.000,9999.000,9999.000,9999.000
202607011318,   2.203,   2.479,9999.000,9999.000,9999.000,9999.000,9999.000,9999.000,9999.000
202607011324,   2.249,   2.489,9999.000,9999.000,9999.000,9999.000,9999.000,9999.000,9999.000
202607011330,   2.296,   2.538,9999.000,9999.000,9999.000,9999.000,9999.000,9999.000,9999.000
202607011336,   2.343,   2.640,9999.000,9999.000,9999.000,9999.000,9999.000,9999.000,9999.000
202607011342,   2.389,   2.660,9999.000,9999.000,9999.000,9999.000,9999.000,9999.000,9999.000
202607011348,   2.436,   2.719,9999.000,9999.000,9999.000,9999.000,9999.000,9999.000,9999.000
202607011354,   2.481,   2.748,9999.000,9999.000,9999.000,9999.000,9999.000,9999.000,9999.000
202607011400,   2.526,   2.850,   0.400,  -0.076,   2.850,   0.300,   2.750,   0.400,   2.850
202607011406,   2.570,   2.978,9999.000,9999.000,9999.000,9999.000,9999.000,9999.000,9999.000
202607011412,   2.614,   2.988,9999.000,9999.000,9999.000,9999.000,9999.000,9999.000,9999.000
202607011418,   2.656,   2.997,9999.000,9999.000,9999.000,9999.000,9999.000,9999.000,9999.000
202607011424,   2.698,   3.060,9999.000,9999.000,9999.000,9999.000,9999.000,9999.000,9999.000
202607011430,   2.738,   3.089,9999.000,9999.000,9999.000,9999.000,9999.000,9999.000,9999.000
202607011436,   2.776,   3.138,9999.000,9999.000,9999.000,9999.000,9999.000,9999.000,9999.000
202607011442,   2.814,   3.109,9999.000,9999.000,9999.000,9999.000,9999.000,9999.000,9999.000
202607011448,   2.850,   3.148,9999.000,9999.000,9999.000,9999.000,9999.000,9999.000,9999.000
202607011454,   2.884,   3.158,9999.000,9999.000,9999.000,9999.000,9999.000,9999.000,9999.000
202607011500,   2.917,   3.188,   0.400,  -0.129,   3.188,   0.400,   3.188,   0.400,   3.188
202607011506,   2.947,   3.158,9999.000,9999.000,9999.000,9999.000,9999.000,9999.000,9999.000
202607011512,   2.976,   3.230,9999.000,9999.000,9999.000,9999.000,9999.000,9999.000,9999.000
202607011518,   3.003,   3.240,9999.000,9999.000,9999.000,9999.000,9999.000,9999.000,9999.000
202607011524,   3.029,   3.339,9999.000,9999.000,9999.000,9999.000,9999.000,9999.000,9999.000
202607011530,   3.052,   3.368,9999.000,9999.000,9999.000,9999.000,9999.000,9999.000,9999.000
202607011536,   3.073,   3.378,9999.000,9999.000,9999.000,9999.000,9999.000,9999.000,9999.000
202607011542,   3.092,   3.407,9999.000,9999.000,9999.000,9999.000,9999.000,9999.000,9999.000
202607011548,   3.108,   3.398,9999.000,9999.000,9999.000,9999.000,9999.000,9999.000,9999.000
202607011554,   3.123,   3.407,9999.000,9999.000,9999.000,9999.000,9999.000,9999.000,9999.000
202607011600,   3.135,   3.417,   0.400,  -0.118,   3.417,   0.400,   3.417,   0.400,   3.417
202607011606,   3.145,   3.480,9999.000,9999.000,9999.000,9999.000,9999.000,9999.000,9999.000
202607011612,   3.153,   3.480,9999.000,9999.000,9999.000,9999.000,9999.000,9999.000,9999.000
202607011618,   3.158,   3.460,9999.000,9999.000,9999.000,9999.000,9999.000,9999.000,9999.000
202607011624,   3.161,   3.489,9999.000,9999.000,9999.000,9999.000,9999.000,9999.000,9999.000
202607011630,   3.162,   3.578,9999.000,9999.000,9999.000,9999.000,9999.000,9999.000,9999.000
202607011636,   3.160,   3.529,9999.000,9999.000,9999.000,9999.000,9999.000,9999.000,9999.000
202607011642,   3.156,   3.558,9999.000,9999.000,9999.000,9999.000,9999.000,9999.000,9999.000
202607011648,   3.150,   3.519,9999.000,9999.000,9999.000,9999.000,9999.000,9999.000,9999.000
202607011654,   3.141,   3.519,9999.000,9999.000,9999.000,9999.000,9999.000,9999.000,9999.000
202607011700,   3.130,   3.489,   0.400,  -0.041,   3.489,   0.400,   3.489,   0.400,   3.489
202607011706,   3.116,   3.509,9999.000,9999.000,9999.000,9999.000,9999.000,9999.000,9999.000
202607011712,   3.100,   3.489,9999.000,9999.000,9999.000,9999.000,9999.000,9999.000,9999.000
202607011718,   3.082,   3.398,9999.000,9999.000,9999.000,9999.000,9999.000,9999.000,9999.000
202607011724,   3.061,   3.417,9999.000,9999.000,9999.000,9999.000,9999.000,9999.000,9999.000
202607011730,   3.038,   3.417,9999.000,9999.000,9999.000,9999.000,9999.000,9999.000,9999.000
202607011736,   3.013,   3.427,9999.000,9999.000,9999.000,9999.000,9999.000,9999.000,9999.000
202607011742,   2.986,9999.000,9999.000,9999.000,9999.000,9999.000,9999.000,9999.000,9999.000
202607011748,   2.956,9999.000,9999.000,9999.000,9999.000,9999.000,9999.000,9999.000,9999.000
202607011754,   2.923,   3.358,9999.000,9999.000,9999.000,9999.000,9999.000,9999.000,9999.000
202607011800,   2.889,   3.250,   0.300,   0.061,   3.250,   0.300,   3.250,   0.300,   3.250
202607011806,   2.852,   3.217,9999.000,9999.000,9999.000,9999.000,9999.000,9999.000,9999.000
202607011812,   2.813,   3.188,9999.000,9999.000,9999.000,9999.000,9999.000,9999.000,9999.000
202607011818,   2.772,   3.129,9999.000,9999.000,9999.000,9999.000,9999.000,9999.000,9999.000
202607011824,   2.729,   3.079,9999.000,9999.000,9999.000,9999.000,9999.000,9999.000,9999.000
202607011830,   2.684,   3.040,9999.000,9999.000,9999.000,9999.000,9999.000,9999.000,9999.000
202607011836,   2.637,   3.060,9999.000,9999.000,9999.000,9999.000,9999.000,9999.000,9999.000
202607011842,   2.588,   2.988,9999.000,9999.000,9999.000,9999.000,9999.000,9999.000,9999.000
202607011848,   2.536,   2.899,9999.000,9999.000,9999.000,9999.000,9999.000,9999.000,9999.000
202607011854,   2.483,   2.807,9999.000,9999.000,9999.000,9999.000,9999.000,9999.000,9999.000
202607011900,   2.428,   2.820,   0.300,   0.092,   2.820,   0.300,   2.820,   0.400,   2.920
202607011906,   2.372,   2.719,9999.000,9999.000,9999.000,9999.000,9999.000,9999.000,9999.000
202607011912,   2.313,   2.709,9999.000,9999.000,9999.000,9999.000,9999.000,9999.000,9999.000
202607011918,   2.253,   2.709,9999.000,9999.000,9999.000,9999.000,9999.000,9999.000,9999.000
202607011924,   2.192,   2.689,9999.000,9999.000,9999.000,9999.000,9999.000,9999.000,9999.000
202607011930,   2.128,   2.630,9999.000,9999.000,9999.000,9999.000,9999.000,9999.000,9999.000
202607011936,   2.064,   2.538,9999.000,9999.000,9999.000,9999.000,9999.000,9999.000,9999.000
202607011942,   1.998,   2.489,9999.000,9999.000,9999.000,9999.000,9999.000,9999.000,9999.000
202607011948,   1.931,   2.420,9999.000,9999.000,9999.000,9999.000,9999.000,9999.000,9999.000
202607011954,   1.863,   2.368,9999.000,9999.000,9999.000,9999.000,9999.000,9999.000,9999.000
202607012000,   1.794,   2.328,   0.300,   0.234,   2.328,   0.300,   2.328,   0.400,   2.428
202607012006,   1.724,   2.250,9999.000,9999.000,9999.000,9999.000,9999.000,9999.000,9999.000
202607012012,   1.654,   2.118,9999.000,9999.000,9999.000,9999.000,9999.000,9999.000,9999.000
202607012018,   1.582,   2.010,9999.000,9999.000,9999.000,9999.000,9999.000,9999.000,9999.000
202607012024,   1.511,   1.908,9999.000,9999.000,9999.000,9999.000,9999.000,9999.000,9999.000
202607012030,   1.439,   1.781,9999.000,9999.000,9999.000,9999.000,9999.000,9999.000,9999.000
202607012036,   1.366,   1.708,9999.000,9999.000,9999.000,9999.000,9999.000,9999.000,9999.000
202607012042,   1.294,   1.639,9999.000,9999.000,9999.000,9999.000,9999.000,9999.000,9999.000
202607012048,   1.221,   1.571,9999.000,9999.000,9999.000,9999.000,9999.000,9999.000,9999.000
202607012054,   1.149,   1.508,9999.000,9999.000,9999.000,9999.000,9999.000,9999.000,9999.000
202607012100,   1.077,   1.410,   0.300,   0.033,   1.410,   0.300,   1.410,   0.400,   1.510
202607012106,   1.006,   1.348,9999.000,9999.000,9999.000,9999.000,9999.000,9999.000,9999.000
202607012112,   0.935,   1.220,9999.000,9999.000,9999.000,9999.000,9999.000,9999.000,9999.000
202607012118,   0.865,   1.210,9999.000,9999.000,9999.000,9999.000,9999.000,9999.000,9999.000
202607012124,   0.796,   1.161,9999.000,9999.000,9999.000,9999.000,9999.000,9999.000,9999.000
202607012130,   0.729,   1.059,9999.000,9999.000,9999.000,9999.000,9999.000,9999.000,9999.000
202607012136,   0.662,   0.941,9999.000,9999.000,9999.000,9999.000,9999.000,9999.000,9999.000
202607012142,   0.597,   0.888,9999.000,9999.000,9999.000,9999.000,9999.000,9999.000,9999.000
202607012148,   0.533,   0.839,9999.000,9999.000,9999.000,9999.000,9999.000,9999.000,9999.000
202607012154,   0.471,   0.780,9999.000,9999.000,9999.000,9999.000,9999.000,9999.000,9999.000
202607012200,   0.411,   0.718,   0.300,   0.007,   0.718,   0.300,   0.718,   0.400,   0.818
202607012206,   0.353,   0.659,9999.000,9999.000,9999.000,9999.000,9999.000,9999.000,9999.000
202607012212,   0.297,   0.669,9999.000,9999.000,9999.000,9999.000,9999.000,9999.000,9999.000
202607012218,   0.244,   0.639,9999.000,9999.000,9999.000,9999.000,9999.000,9999.000,9999.000
202607012224,   0.193,   0.678,9999.000,9999.000,9999.000,9999.000,9999.000,9999.000,9999.000
202607012230,   0.144,   0.610,9999.000,9999.000,9999.000,9999.000,9999.000,9999.000,9999.000
202607012236,   0.098,   0.531,9999.000,9999.000,9999.000,9999.000,9999.000,9999.000,9999.000
202607012242,   0.055,   0.498,9999.000,9999.000,9999.000,9999.000,9999.000,9999.000,9999.000
202607012248,   0.014,   0.541,9999.000,9999.000,9999.000,9999.000,9999.000,9999.000,9999.000
202607012254,  -0.023,   0.419,9999.000,9999.000,9999.000,9999.000,9999.000,9999.000,9999.000
202607012300,  -0.057,   0.308,   0.300,   0.065,   0.308,   0.300,   0.308,   0.400,   0.408
202607012306,  -0.089,   0.259,9999.000,9999.000,9999.000,9999.000,9999.000,9999.000,9999.000
202607012312,  -0.117,   0.170,9999.000,9999.000,9999.000,9999.000,9999.000,9999.000,9999.000
202607012318,  -0.143,   0.190,9999.000,9999.000,9999.000,9999.000,9999.000,9999.000,9999.000
202607012324,  -0.165,   0.068,9999.000,9999.000,9999.000,9999.000,9999.000,9999.000,9999.000
202607012330,  -0.184,   0.141,9999.000,9999.000,9999.000,9999.000,9999.000,9999.000,9999.000
202607012336,  -0.199,   0.141,9999.000,9999.000,9999.000,9999.000,9999.000,9999.000,9999.000
202607012342,  -0.212,   0.141,9999.000,9999.000,9999.000,9999.000,9999.000,9999.000,9999.000
202607012348,  -0.221,   0.150,9999.000,9999.000,9999.000,9999.000,9999.000,9999.000,9999.000
202607012354,  -0.226,   0.098,9999.000,9999.000,9999.000,9999.000,9999.000,9999.000,9999.000
202607020000,  -0.229,   0.150,   0.300,   0.079,   0.150,   0.200,   0.050,   0.300,   0.150
202607020006,  -0.228,   0.098,9999.000,9999.000,9999.000,9999.000,9999.000,9999.000,9999.000
202607020012,  -0.225,   0.150,9999.000,9999.000,9999.000,9999.000,9999.000,9999.000,9999.000
202607020018,  -0.218,   0.209,9999.000,9999.000,9999.000,9999.000,9999.000,9999.000,9999.000
202607020024,  -0.208,   0.141,9999.000,9999.000,9999.000,9999.000,9999.000,9999.000,9999.000
202607020030,  -0.195,   0.200,9999.000,9999.000,9999.000,9999.000,9999.000,9999.000,9999.000
202607020036,  -0.179,   0.209,9999.000,9999.000,9999.000,9999.000,9999.000,9999.000,9999.000
202607020042,  -0.160,   0.200,9999.000,9999.000,9999.000,9999.000,9999.000,9999.000,9999.000
202607020048,  -0.139,   0.278,9999.000,9999.000,9999.000,9999.000,9999.000,9999.000,9999.000
202607020054,  -0.115,   0.259,9999.000,9999.000,9999.000,9999.000,9999.000,9999.000,9999.000
202607020100,  -0.088,   0.298,   0.200,   0.186,   0.298,   0.200,   0.298,   0.300,   0.398
202607020106,  -0.059,   0.298,9999.000,9999.000,9999.000,9999.000,9999.000,9999.000,9999.000
202607020112,  -0.028,   0.360,9999.000,9999.000,9999.000,9999.000,9999.000,9999.000,9999.000
202607020118,   0.004,   0.360,9999.000,9999.000,9999.000,9999.000,9999.000,9999.000,9999.000
202607020124,   0.040,   0.419,9999.000,9999.000,9999.000,9999.000,9999.000,9999.000,9999.000
202607020130,   0.077,   0.429,9999.000,9999.000,9999.000,9999.000,9999.000,9999.000,9999.000
202607020136,   0.116,   0.498,9999.000,9999.000,9999.000,9999.000,9999.000,9999.000,9999.000
202607020142,   0.157,   0.488,9999.000,9999.000,9999.000,9999.000,9999.000,9999.000,9999.000
202607020148,   0.200,   0.570,9999.000,9999.000,9999.000,9999.000,9999.000,9999.000,9999.000
202607020154,   0.243,   0.659,9999.000,9999.000,9999.000,9999.000,9999.000,9999.000,9999.000
202607020200,   0.288,   0.639,   0.200,   0.151,   0.639,   0.200,   0.639,   0.300,   0.739
202607020206,   0.334,   0.698,9999.000,9999.000,9999.000,9999.000,9999.000,9999.000,9999.000
202607020212,   0.381,   0.770,9999.000,9999.000,9999.000,9999.000,9999.000,9999.000,9999.000
202607020218,   0.429,   0.849,9999.000,9999.000,9999.000,9999.000,9999.000,9999.000,9999.000
202607020224,   0.478,   0.898,9999.000,9999.000,9999.000,9999.000,9999.000,9999.000,9999.000
202607020230,   0.527,   0.928,9999.000,9999.000,9999.000,9999.000,9999.000,9999.000,9999.000
202607020236,   0.576,   0.990,9999.000,9999.000,9999.000,9999.000,9999.000,9999.000,9999.000
202607020242,   0.626,   1.010,9999.000,9999.000,9999.000,9999.000,9999.000,9999.000,9999.000
202607020248,   0.676,   1.069,9999.000,9999.000,9999.000,9999.000,9999.000,9999.000,9999.000
202607020254,   0.726,   1.108,9999.000,9999.000,9999.000,9999.000,9999.000,9999.000,9999.000
202607020300,   0.776,   1.151,   0.200,   0.175,   1.151,   0.200,   1.151,   0.300,   1.251
202607020306,   0.826,   1.239,9999.000,9999.000,9999.000,9999.000,9999.000,9999.000,9999.000
202607020312,   0.876,   1.289,9999.000,9999.000,9999.000,9999.000,9999.000,9999.000,9999.000
202607020318,   0.925,   1.348,9999.000,9999.000,9999.000,9999.000,9999.000,9999.000,9999.000
202607020324,   0.974,   1.361,9999.000,9999.000,9999.000,9999.000,9999.000,9999.000,9999.000
202607020330,   1.022,   1.489,9999.000,9999.000,9999.000,9999.000,9999.000,9999.000,9999.000
202607020336,   1.069,   1.518,9999.000,9999.000,9999.000,9999.000,9999.000,9999.000,9999.000
202607020342,   1.116,   1.590,9999.000,9999.000,9999.000,9999.000,9999.000,9999.000,9999.000
202607020348,   1.162,   1.630,9999.000,9999.000,9999.000,9999.000,9999.000,9999.000,9999.000
202607020354,   1.207,   1.620,9999.000,9999.000,9999.000,9999.000,9999.000,9999.000,9999.000
202607020400,   1.251,   1.728,   0.200,   0.277,   1.728,   0.100,   1.628,   0.200,   1.728
202607020406,   1.294,   1.758,9999.000,9999.000,9999.000,9999.000,9999.000,9999.000,9999.000
202607020412,   1.335,   1.820,9999.000,9999.000,9999.000,9999.000,9999.000,9999.000,9999.000
202607020418,   1.376,   1.859,9999.000,9999.000,9999.000,9999.000,9999.000,9999.000,9999.000
202607020424,   1.415,   1.908,9999.000,9999.000,9999.000,9999.000,9999.000,9999.000,9999.000
202607020430,   1.453,   1.899,9999.000,9999.000,9999.000,9999.000,9999.000,9999.000,9999.000
202607020436,   1.490,   1.938,9999.000,9999.000,9999.000,9999.000,9999.000,9999.000,9999.000
202607020442,   1.525,   2.059,9999.000,9999.000,9999.000,9999.000,9999.000,9999.000,9999.000
202607020448,   1.559,   2.069,9999.000,9999.000,9999.000,9999.000,9999.000,9999.000,9999.000
202607020454,   1.592,   2.089,9999.000,9999.000,9999.000,9999.000,9999.000,9999.000,9999.000
202607020500,   1.623,   2.099,   0.200,   0.276,   2.099,   0.100,   1.999,   0.200,   2.099
202607020506,   1.652,   2.138,9999.000,9999.000,9999.000,9999.000,9999.000,9999.000,9999.000
202607020512,   1.680,   2.168,9999.000,9999.000,9999.000,9999.000,9999.000,9999.000,9999.000
202607020518,   1.707,   2.220,9999.000,9999.000,9999.000,9999.000,9999.000,9999.000,9999.000
202607020524,   1.731,   2.177,9999.000,9999.000,9999.000,9999.000,9999.000,9999.000,9999.000
202607020530,   1.754,   2.210,9999.000,9999.000,9999.000,9999.000,9999.000,9999.000,9999.000
202607020536,   1.776,   2.299,9999.000,9999.000,9999.000,9999.000,9999.000,9999.000,9999.000
202607020542,   1.795,   2.230,9999.000,9999.000,9999.000,9999.000,9999.000,9999.000,9999.000
202607020548,   1.814,   2.279,9999.000,9999.000,9999.000,9999.000,9999.000,9999.000,9999.000
202607020554,   1.830,   2.299,9999.000,9999.000,9999.000,9999.000,9999.000,9999.000,9999.000
202607020600,   1.845,   2.338,   0.200,   0.293,   2.338,   0.200,   2.338,   0.300,   2.438
202607020606,   1.858,   2.328,9999.000,9999.000,9999.000,9999.000,9999.000,9999.000,9999.000
202607020612,   1.869,   2.348,9999.000,9999.000,9999.000,9999.000,9999.000,9999.000,9999.000
202607020618,   1.879,   2.309,9999.000,9999.000,9999.000,9999.000,9999.000,9999.000,9999.000
202607020624,   1.886,   2.318,9999.000,9999.000,9999.000,9999.000,9999.000,9999.000,9999.000
202607020630,   1.893,   2.338,9999.000,9999.000,9999.000,9999.000,9999.000,9999.000,9999.000
202607020636,   1.897,   2.289,9999.000,9999.000,9999.000,9999.000,9999.000,9999.000,9999.000
202607020642,   1.900,   2.309,9999.000,9999.000,9999.000,9999.000,9999.000,9999.000,9999.000
202607020648,   1.901,   2.377,9999.000,9999.000,9999.000,9999.000,9999.000,9999.000,9999.000
202607020654,   1.901,   2.420,9999.000,9999.000,9999.000,9999.000,9999.000,9999.000,9999.000
202607020700,   1.899,   2.459,   0.200,   0.360,   2.459,   0.200,   2.459,   0.200,   2.459
202607020706,   1.895,   2.309,9999.000,9999.000,9999.000,9999.000,9999.000,9999.000,9999.000
202607020712,   1.890,   2.328,9999.000,9999.000,9999.000,9999.000,9999.000,9999.000,9999.000
202607020718,   1.883,   2.269,9999.000,9999.000,9999.000,9999.000,9999.000,9999.000,9999.000
202607020724,   1.875,   2.220,9999.000,9999.000,9999.000,9999.000,9999.000,9999.000,9999.000
202607020730,   1.866,   2.210,9999.000,9999.000,9999.000,9999.000,9999.000,9999.000,9999.000
202607020736,   1.855,   2.250,9999.000,9999.000,9999.000,9999.000,9999.000,9999.000,9999.000
202607020742,   1.843,   2.220,9999.000,9999.000,9999.000,9999.000,9999.000,9999.000,9999.000
202607020748,   1.829,   2.210,9999.000,9999.000,9999.000,9999.000,9999.000,9999.000,9999.000
202607020754,   1.814,   2.210,9999.000,9999.000,9999.000,9999.000,9999.000,9999.000,9999.000
202607020800,   1.799,   2.158,   0.200,   0.159,   2.158,   0.200,   2.158,   0.200,   2.158
202607020806,   1.782,   2.168,9999.000,9999.000,9999.000,9999.000,9999.000,9999.000,9999.000
202607020812,   1.764,   2.191,9999.000,9999.000,9999.000,9999.000,9999.000,9999.000,9999.000
202607020818,   1.745,   2.128,9999.000,9999.000,9999.000,9999.000,9999.000,9999.000,9999.000
202607020824,   1.726,   2.128,9999.000,9999.000,9999.000,9999.000,9999.000,9999.000,9999.000
202607020830,   1.706,   2.049,9999.000,9999.000,9999.000,9999.000,9999.000,9999.000,9999.000
202607020836,   1.685,   2.059,9999.000,9999.000,9999.000,9999.000,9999.000,9999.000,9999.000
202607020842,   1.664,   1.908,9999.000,9999.000,9999.000,9999.000,9999.000,9999.000,9999.000
202607020848,   1.642,   1.938,9999.000,9999.000,9999.000,9999.000,9999.000,9999.000,9999.000
202607020854,   1.620,   1.948,9999.000,9999.000,9999.000,9999.000,9999.000,9999.000,9999.000
202607020900,   1.598,   1.869,   0.200,   0.071,   1.869,   0.200,   1.869,   0.200,   1.869
202607020906,   1.576,   1.938,9999.000,9999.000,9999.000,9999.000,9999.000,9999.000,9999.000
202607020912,   1.554,   1.830,9999.000,9999.000,9999.000,9999.000,9999.000,9999.000,9999.000
202607020918,   1.532,   1.908,9999.000,9999.000,9999.000,9999.000,9999.000,9999.000,9999.000
202607020924,   1.511,   1.879,9999.000,9999.000,9999.000,9999.000,9999.000,9999.000,9999.000
202607020930,   1.490,   1.830,9999.000,9999.000,9999.000,9999.000,9999.000,9999.000,9999.000
202607020936,   1.470,   1.820,9999.000,9999.000,9999.000,9999.000,9999.000,9999.000,9999.000
202607020942,   1.449,   1.859,9999.000,9999.000,9999.000,9999.000,9999.000,9999.000,9999.000
202607020948,   1.430,   1.781,9999.000,9999.000,9999.000,9999.000,9999.000,9999.000,9999.000
202607020954,   1.412,   1.830,9999.000,9999.000,9999.000,9999.000,9999.000,9999.000,9999.000
202607021000,   1.395,   1.748,   0.200,   0.153,   1.748,   0.200,   1.748,   0.300,   1.848
202607021006,   1.379,   1.689,9999.000,9999.000,9999.000,9999.000,9999.000,9999.000,9999.000
202607021012,   1.365,   1.728,9999.000,9999.000,9999.000,9999.000,9999.000,9999.000,9999.000
202607021018,   1.352,   1.728,9999.000,9999.000,9999.000,9999.000,9999.000,9999.000,9999.000
202607021024,   1.340,   1.649,9999.000,9999.000,9999.000,9999.000,9999.000,9999.000,9999.000
202607021030,   1.330,   1.630,9999.000,9999.000,9999.000,9999.000,9999.000,9999.000,9999.000
202607021036,   1.321,   1.630,9999.000,9999.000,9999.000,9999.000,9999.000,9999.000,9999.000
202607021042,   1.315,   1.689,9999.000,9999.000,9999.000,9999.000,9999.000,9999.000,9999.000
202607021048,   1.310,   1.649,9999.000,9999.000,9999.000,9999.000,9999.000,9999.000,9999.000
202607021054,   1.307,   1.620,9999.000,9999.000,9999.000,9999.000,9999.000,9999.000,9999.000
202607021100,   1.306,   1.571,   0.300,  -0.035,   1.571,   0.200,   1.471,   0.300,   1.571
202607021106,   1.308,   1.669,9999.000,9999.000,9999.000,9999.000,9999.000,9999.000,9999.000
202607021112,   1.311,   1.649,9999.000,9999.000,9999.000,9999.000,9999.000,9999.000,9999.000
202607021118,   1.316,   1.699,9999.000,9999.000,9999.000,9999.000,9999.000,9999.000,9999.000
202607021124,   1.324,   1.679,9999.000,9999.000,9999.000,9999.000,9999.000,9999.000,9999.000
202607021130,   1.334,   1.679,9999.000,9999.000,9999.000,9999.000,9999.000,9999.000,9999.000
202607021136,   1.346,   1.699,9999.000,9999.000,9999.000,9999.000,9999.000,9999.000,9999.000
202607021142,   1.360,   1.669,9999.000,9999.000,9999.000,9999.000,9999.000,9999.000,9999.000
202607021148,   1.377,   1.849,9999.000,9999.000,9999.000,9999.000,9999.000,9999.000,9999.000
202607021154,   1.396,   1.869,9999.000,9999.000,9999.000,9999.000,9999.000,9999.000,9999.000
202607021200,   1.417,   1.859,   0.300,   0.142,   1.859,   0.300,   1.859,   0.400,   1.959
202607021206,   1.440,   1.859,9999.000,9999.000,9999.000,9999.000,9999.000,9999.000,9999.000
202607021212,   1.465,   1.908,9999.000,9999.000,9999.000,9999.000,9999.000,9999.000,9999.000
202607021218,   1.492,   1.849,9999.000,9999.000,9999.000,9999.000,9999.000,9999.000,9999.000
202607021224,   1.521,   1.849,9999.000,9999.000,9999.000,9999.000,9999.000,9999.000,9999.000
202607021230,   1.552,   1.908,9999.000,9999.000,9999.000,9999.000,9999.000,9999.000,9999.000
202607021236,   1.585,   2.020,9999.000,9999.000,9999.000,9999.000,9999.000,9999.000,9999.000
202607021242,   1.620,   2.069,9999.000,9999.000,9999.000,9999.000,9999.000,9999.000,9999.000
202607021248,   1.657,   2.069,9999.000,9999.000,9999.000,9999.000,9999.000,9999.000,9999.000
202607021254,   1.695,   2.118,9999.000,9999.000,9999.000,9999.000,9999.000,9999.000,9999.000
202607021300,   1.734,   2.220,   0.400,   0.086,   2.220,   0.300,   2.120,   0.400,   2.220
202607021306,   1.775,   2.240,9999.000,9999.000,9999.000,9999.000,9999.000,9999.000,9999.000
202607021312,   1.817,   2.299,9999.000,9999.000,9999.000,9999.000,9999.000,9999.000,9999.000
202607021318,   1.860,   2.377,9999.000,9999.000,9999.000,9999.000,9999.000,9999.000,9999.000
202607021324,   1.904,   2.400,9999.000,9999.000,9999.000,9999.000,9999.000,9999.000,9999.000
202607021330,   1.949,   2.400,9999.000,9999.000,9999.000,9999.000,9999.000,9999.000,9999.000
202607021336,   1.995,   2.479,9999.000,9999.000,9999.000,9999.000,9999.000,9999.000,9999.000
202607021342,   2.041,   2.568,9999.000,9999.000,9999.000,9999.000,9999.000,9999.000,9999.000
202607021348,   2.088,   2.578,9999.000,9999.000,9999.000,9999.000,9999.000,9999.000,9999.000
202607021354,   2.135,   2.679,9999.000,9999.000,9999.000,9999.000,9999.000,9999.000,9999.000
202607021400,   2.182,   2.689,   0.400,   0.107,   2.689,   0.300,   2.589,   0.400,   2.689
202607021406,   2.230,   2.709,9999.000,9999.000,9999.000,9999.000,9999.000,9999.000,9999.000
202607021412,   2.277,   2.758,9999.000,9999.000,9999.000,9999.000,9999.000,9999.000,9999.000
202607021418,   2.324,   2.840,9999.000,9999.000,9999.000,9999.000,9999.000,9999.000,9999.000
202607021424,   2.370,   2.899,9999.000,9999.000,9999.000,9999.000,9999.000,9999.000,9999.000
202607021430,   2.416,   2.899,9999.000,9999.000,9999.000,9999.000,9999.000,9999.000,9999.000
202607021436,   2.462,   2.929,9999.000,9999.000,9999.000,9999.000,9999.000,9999.000,9999.000
202607021442,   2.506,   2.948,9999.000,9999.000,9999.000,9999.000,9999.000,9999.000,9999.000
202607021448,   2.550,   3.119,9999.000,9999.000,9999.000,9999.000,9999.000,9999.000,9999.000
202607021454,   2.593,   3.099,9999.000,9999.000,9999.000,9999.000,9999.000,9999.000,9999.000
202607021500,   2.634,   3.168,   0.400,   0.134,   3.168,   0.300,   3.068,   0.400,   3.168
202607021506,   2.675,   3.207,9999.000,9999.000,9999.000,9999.000,9999.000,9999.000,9999.000
202607021512,   2.714,   3.309,9999.000,9999.000,9999.000,9999.000,9999.000,9999.000,9999.000
202607021518,   2.752,   3.279,9999.000,9999.000,9999.000,9999.000,9999.000,9999.000,9999.000
202607021524,   2.788,   3.309,9999.000,9999.000,9999.000,9999.000,9999.000,9999.000,9999.000
202607021530,   2.822,   3.368,9999.000,9999.000,9999.000,9999.000,9999.000,9999.000,9999.000
202607021536,   2.855,   3.329,9999.000,9999.000,9999.000,9999.000,9999.000,9999.000,9999.000
202607021542,   2.886,   3.289,9999.000,9999.000,9999.000,9999.000,9999.000,9999.000,9999.000
202607021548,   2.915,   3.417,9999.000,9999.000,9999.000,9999.000,9999.000,9999.000,9999.000
202607021554,   2.942,   3.460,9999.000,9999.000,9999.000,9999.000,9999.000,9999.000,9999.000
202607021600,   2.967,   3.499,   0.400,   0.132,   3.499,   0.300,   3.399,   0.400,   3.499
202607021606,   2.991,   3.529,9999.000,9999.000,9999.000,9999.000,9999.000,9999.000,9999.000
202607021612,   3.012,   3.519,9999.000,9999.000,9999.000,9999.000,9999.000,9999.000,9999.000
202607021618,   3.031,   3.578,9999.000,9999.000,9999.000,9999.000,9999.000,9999.000,9999.000
202607021624,   3.048,   3.637,9999.000,9999.000,9999.000,9999.000,9999.000,9999.000,9999.000
202607021630,   3.062,   3.607,9999.000,9999.000,9999.000,9999.000,9999.000,9999.000,9999.000
202607021636,   3.075,   3.588,9999.000,9999.000,9999.000,9999.000,9999.000,9999.000,9999.000
202607021642,   3.085,   3.650,9999.000,9999.000,9999.000,9999.000,9999.000,9999.000,9999.000
202607021648,   3.092,   3.719,9999.000,9999.000,9999.000,9999.000,9999.000,9999.000,9999.000
202607021654,   3.098,   3.650,9999.000,9999.000,9999.000,9999.000,9999.000,9999.000,9999.000
202607021700,   3.101,   3.650,   0.400,   0.149,   3.650,   0.300,   3.550,   0.400,   3.650
202607021706,   3.102,   3.670,9999.000,9999.000,9999.000,9999.000,9999.000,9999.000,9999.000
202607021712,   3.100,   3.617,9999.000,9999.000,9999.000,9999.000,9999.000,9999.000,9999.000
202607021718,   3.097,   3.607,9999.000,9999.000,9999.000,9999.000,9999.000,9999.000,9999.000
202607021724,   3.090,   3.637,9999.000,9999.000,9999.000,9999.000,9999.000,9999.000,9999.000
202607021730,   3.082,   3.578,9999.000,9999.000,9999.000,9999.000,9999.000,9999.000,9999.000
202607021736,   3.071,   3.548,9999.000,9999.000,9999.000,9999.000,9999.000,9999.000,9999.000
202607021742,   3.057,   3.598,9999.000,9999.000,9999.000,9999.000,9999.000,9999.000,9999.000
202607021748,   3.042,   3.519,9999.000,9999.000,9999.000,9999.000,9999.000,9999.000,9999.000
202607021754,   3.024,   3.489,9999.000,9999.000,9999.000,9999.000,9999.000,9999.000,9999.000
202607021800,   3.003,   3.378,   0.400,  -0.025,   3.378,   0.400,   3.378,   0.400,   3.378
202607021806,   2.981,   3.407,9999.000,9999.000,9999.000,9999.000,9999.000,9999.000,9999.000
202607021812,   2.956,   3.427,9999.000,9999.000,9999.000,9999.000,9999.000,9999.000,9999.000
202607021818,   2.928,   3.319,9999.000,9999.000,9999.000,9999.000,9999.000,9999.000,9999.000
202607021824,   2.899,   3.309,9999.000,9999.000,9999.000,9999.000,9999.000,9999.000,9999.000
202607021830,   2.867,9999.000,9999.000,9999.000,9999.000,9999.000,9999.000,9999.000,9999.000
202607021836,   2.833,   3.289,9999.000,9999.000,9999.000,9999.000,9999.000,9999.000,9999.000
202607021842,   2.797,   3.197,9999.000,9999.000,9999.000,9999.000,9999.000,9999.000,9999.000
202607021848,   2.759,   3.230,9999.000,9999.000,9999.000,9999.000,9999.000,9999.000,9999.000
202607021854,   2.718,   3.207,9999.000,9999.000,9999.000,9999.000,9999.000,9999.000,9999.000
202607021900,   2.676,   3.148,   0.400,   0.072,   3.148,   0.400,   3.148,   0.400,   3.148
202607021906,   2.631,   3.070,9999.000,9999.000,9999.000,9999.000,9999.000,9999.000,9999.000
202607021912,   2.585,   2.997,9999.000,9999.000,9999.000,9999.000,9999.000,9999.000,9999.000
202607021918,   2.536,   2.997,9999.000,9999.000,9999.000,9999.000,9999.000,9999.000,9999.000
202607021924,   2.486,   2.909,9999.000,9999.000,9999.000,9999.000,9999.000,9999.000,9999.000
202607021930,   2.434,   2.929,9999.000,9999.000,9999.000,9999.000,9999.000,9999.000,9999.000
202607021936,   2.380,   2.850,9999.000,9999.000,9999.000,9999.000,9999.000,9999.000,9999.000
202607021942,   2.324,   2.807,9999.000,9999.000,9999.000,9999.000,9999.000,9999.000,9999.000
202607021948,   2.267,   2.728,9999.000,9999.000,9999.000,9999.000,9999.000,9999.000,9999.000
202607021954,   2.208,   2.679,9999.000,9999.000,9999.000,9999.000,9999.000,9999.000,9999.000
202607022000,   2.147,   2.640,   0.400,   0.093,   2.640,   0.400,   2.640,   0.500,   2.740
202607022006,   2.085,   2.519,9999.000,9999.000,9999.000,9999.000,9999.000,9999.000,9999.000
202607022012,   2.022,   2.509,9999.000,9999.000,9999.000,9999.000,9999.000,9999.000,9999.000
202607022018,   1.958,   2.440,9999.000,9999.000,9999.000,9999.000,9999.000,9999.000,9999.000
202607022024,   1.892,   2.410,9999.000,9999.000,9999.000,9999.000,9999.000,9999.000,9999.000
202607022030,   1.826,   2.377,9999.000,9999.000,9999.000,9999.000,9999.000,9999.000,9999.000
202607022036,   1.758,   2.318,9999.000,9999.000,9999.000,9999.000,9999.000,9999.000,9999.000
202607022042,   1.690,   2.269,9999.000,9999.000,9999.000,9999.000,9999.000,9999.000,9999.000
202607022048,   1.621,   2.230,9999.000,9999.000,9999.000,9999.000,9999.000,9999.000,9999.000
202607022054,   1.551,   2.118,9999.000,9999.000,9999.000,9999.000,9999.000,9999.000,9999.000
202607022100,   1.481,   2.030,   0.400,   0.149,   2.030,   0.400,   2.030,   0.500,   2.130
202607022106,   1.411,   1.859,9999.000,9999.000,9999.000,9999.000,9999.000,9999.000,9999.000
202607022112,   1.341,   1.820,9999.000,9999.000,9999.000,9999.000,9999.000,9999.000,9999.000
202607022118,   1.270,   1.758,9999.000,9999.000,9999.000,9999.000,9999.000,9999.000,9999.000
202607022124,   1.200,   1.659,9999.000,9999.000,9999.000,9999.000,9999.000,9999.000,9999.000
202607022130,   1.130,   1.571,9999.000,9999.000,9999.000,9999.000,9999.000,9999.000,9999.000
202607022136,   1.061,   1.489,9999.000,9999.000,9999.000,9999.000,9999.000,9999.000,9999.000
202607022142,   0.992,   1.459,9999.000,9999.000,9999.000,9999.000,9999.000,9999.000,9999.000
202607022148,   0.923,   1.361,9999.000,9999.000,9999.000,9999.000,9999.000,9999.000,9999.000
202607022154,   0.856,   1.318,9999.000,9999.000,9999.000,9999.000,9999.000,9999.000,9999.000
202607022200,   0.790,   1.318,   0.400,   0.128,   1.318,   0.400,   1.318,   0.500,   1.418
202607022206,   0.724,   1.190,9999.000,9999.000,9999.000,9999.000,9999.000,9999.000,9999.000
202607022212,   0.661,   1.161,9999.000,9999.000,9999.000,9999.000,9999.000,9999.000,9999.000
202607022218,   0.598,   1.000,9999.000,9999.000,9999.000,9999.000,9999.000,9999.000,9999.000
202607022224,   0.537,   0.980,9999.000,9999.000,9999.000,9999.000,9999.000,9999.000,9999.000
202607022230,   0.479,   0.951,9999.000,9999.000,9999.000,9999.000,9999.000,9999.000,9999.000
202607022236,   0.422,   0.859,9999.000,9999.000,9999.000,9999.000,9999.000,9999.000,9999.000
202607022242,   0.367,   0.829,9999.000,9999.000,9999.000,9999.000,9999.000,9999.000,9999.000
202607022248,   0.314,   0.751,9999.000,9999.000,9999.000,9999.000,9999.000,9999.000,9999.000
202607022254,   0.263,   0.708,9999.000,9999.000,9999.000,9999.000,9999.000,9999.000,9999.000
202607022300,   0.215,   0.678,   0.500,  -0.037,   0.678,   0.400,   0.578,   0.500,   0.678
202607022306,   0.170,   0.629,9999.000,9999.000,9999.000,9999.000,9999.000,9999.000,9999.000
202607022312,   0.127,   0.580,9999.000,9999.000,9999.000,9999.000,9999.000,9999.000,9999.000
202607022318,   0.087,   0.560,9999.000,9999.000,9999.000,9999.000,9999.000,9999.000,9999.000
202607022324,   0.050,   0.551,9999.000,9999.000,9999.000,9999.000,9999.000,9999.000,9999.000
202607022330,   0.015,   0.498,9999.000,9999.000,9999.000,9999.000,9999.000,9999.000,9999.000
202607022336,  -0.015,   0.488,9999.000,9999.000,9999.000,9999.000,9999.000,9999.000,9999.000
202607022342,  -0.043,9999.000,9999.000,9999.000,9999.000,9999.000,9999.000,9999.000,9999.000
202607022348,  -0.068,   0.478,9999.000,9999.000,9999.000,9999.000,9999.000,9999.000,9999.000
202607022354,  -0.090,   0.488,9999.000,9999.000,9999.000,9999.000,9999.000,9999.000,9999.000
202607030000,  -0.109,   0.488,   0.500,   0.097,   0.488,   0.400,   0.388,   0.500,   0.488
202607030006,  -0.125,9999.000,9999.000,9999.000,9999.000,9999.000,9999.000,9999.000,9999.000
202607030012,  -0.137,9999.000,9999.000,9999.000,9999.000,9999.000,9999.000,9999.000,9999.000
202607030018,  -0.146,9999.000,9999.000,9999.000,9999.000,9999.000,9999.000,9999.000,9999.000
202607030024,  -0.152,9999.000,9999.000,9999.000,9999.000,9999.000,9999.000,9999.000,9999.000
202607030030,  -0.154,9999.000,9999.000,9999.000,9999.000,9999.000,9999.000,9999.000,9999.000
202607030036,  -0.154,9999.000,9999.000,9999.000,9999.000,9999.000,9999.000,9999.000,9999.000
202607030042,  -0.150,9999.000,9999.000,9999.000,9999.000,9999.000,9999.000,9999.000,9999.000
202607030048,  -0.143,9999.000,9999.000,9999.000,9999.000,9999.000,9999.000,9999.000,9999.000
202607030054,  -0.134,9999.000,9999.000,9999.000,9999.000,9999.000,9999.000,9999.000,9999.000
202607030100,  -0.121,9999.000,   0.500,   0.093,   0.472,   0.400,   0.372,   0.500,   0.472
202607030106,  -0.105,9999.000,9999.000,9999.000,9999.000,9999.000,9999.000,9999.000,9999.000
202607030112,  -0.087,9999.000,9999.000,9999.000,9999.000,9999.000,9999.000,9999.000,9999.000
202607030118,  -0.065,9999.000,9999.000,9999.000,9999.000,9999.000,9999.000,9999.000,9999.000
202607030124,  -0.042,9999.000,9999.000,9999.000,9999.000,9999.000,9999.000,9999.000,9999.000
202607030130,  -0.015,9999.000,9999.000,9999.000,9999.000,9999.000,9999.000,9999.000,9999.000
202607030136,   0.013,9999.000,9999.000,9999.000,9999.000,9999.000,9999.000,9999.000,9999.000
202607030142,   0.044,9999.000,9999.000,9999.000,9999.000,9999.000,9999.000,9999.000,9999.000
202607030148,   0.077,9999.000,9999.000,9999.000,9999.000,9999.000,9999.000,9999.000,9999.000
202607030154,   0.112,9999.000,9999.000,9999.000,9999.000,9999.000,9999.000,9999.000,9999.000
202607030200,   0.150,9999.000,   0.500,   0.090,   0.740,   0.400,   0.640,   0.500,   0.740
202607030206,   0.189,9999.000,9999.000,9999.000,9999.000,9999.000,9999.000,9999.000,9999.000
202607030212,   0.229,9999.000,9999.000,9999.000,9999.000,9999.000,9999.000,9999.000,9999.000
202607030218,   0.272,9999.000,9999.000,9999.000,9999.000,9999.000,9999.000,9999.000,9999.000
202607030224,   0.315,9999.000,9999.000,9999.000,9999.000,9999.000,9999.000,9999.000,9999.000
202607030230,   0.360,9999.000,9999.000,9999.000,9999.000,9999.000,9999.000,9999.000,9999.000
202607030236,   0.406,9999.000,9999.000,9999.000,9999.000,9999.000,9999.000,9999.000,9999.000
202607030242,   0.453,9999.000,9999.000,9999.000,9999.000,9999.000,9999.000,9999.000,9999.000
202607030248,   0.501,9999.000,9999.000,9999.000,9999.000,9999.000,9999.000,9999.000,9999.000
202607030254,   0.550,9999.000,9999.000,9999.000,9999.000,9999.000,9999.000,9999.000,9999.000
202607030300,   0.599,9999.000,   0.400,   0.086,   1.085,   0.400,   1.085,   0.500,   1.185
202607030306,   0.648,9999.000,9999.000,9999.000,9999.000,9999.000,9999.000,9999.000,9999.000
202607030312,   0.698,9999.000,9999.000,9999.000,9999.000,9999.000,9999.000,9999.000,9999.000
202607030318,   0.748,9999.000,9999.000,9999.000,9999.000,9999.000,9999.000,9999.000,9999.000
202607030324,   0.798,9999.000,9999.000,9999.000,9999.000,9999.000,9999.000,9999.000,9999.000
202607030330,   0.849,9999.000,9999.000,9999.000,9999.000,9999.000,9999.000,9999.000,9999.000
202607030336,   0.899,9999.000,9999.000,9999.000,9999.000,9999.000,9999.000,9999.000,9999.000
202607030342,   0.948,9999.000,9999.000,9999.000,9999.000,9999.000,9999.000,9999.000,9999.000
202607030348,   0.997,9999.000,9999.000,9999.000,9999.000,9999.000,9999.000,9999.000,9999.000
202607030354,   1.046,9999.000,9999.000,9999.000,9999.000,9999.000,9999.000,9999.000,9999.000
202607030400,   1.094,9999.000,   0.400,   0.082,   1.576,   0.300,   1.476,   0.500,   1.676
202607030406,   1.142,9999.000,9999.000,9999.000,9999.000,9999.000,9999.000,9999.000,9999.000
202607030412,   1.189,9999.000,9999.000,9999.000,9999.000,9999.000,9999.000,9999.000,9999.000
202607030418,   1.235,9999.000,9999.000,9999.000,9999.000,9999.000,9999.000,9999.000,9999.000
202607030424,   1.280,9999.000,9999.000,9999.000,9999.000,9999.000,9999.000,9999.000,9999.000
202607030430,   1.324,9999.000,9999.000,9999.000,9999.000,9999.000,9999.000,9999.000,9999.000
202607030436,   1.367,9999.000,9999.000,9999.000,9999.000,9999.000,9999.000,9999.000,9999.000
202607030442,   1.409,9999.000,9999.000,9999.000,9999.000,9999.000,9999.000,9999.000,9999.000
202607030448,   1.450,9999.000,9999.000,9999.000,9999.000,9999.000,9999.000,9999.000,9999.000
202607030454,   1.489,9999.000,9999.000,9999.000,9999.000,9999.000,9999.000,9999.000,9999.000
202607030500,   1.527,9999.000,   0.400,   0.079,   2.006,   0.300,   1.906,   0.400,   2.006
202607030506,   1.564,9999.000,9999.000,9999.000,9999.000,9999.000,9999.000,9999.000,9999.000
202607030512,   1.599,9999.000,9999.000,9999.000,9999.000,9999.000,9999.000,9999.000,9999.000
202607030518,   1.633,9999.000,9999.000,9999.000,9999.000,9999.000,9999.000,9999.000,9999.000
202607030524,   1.666,9999.000,9999.000,9999.000,9999.000,9999.000,9999.000,9999.000,9999.000
202607030530,   1.697,9999.000,9999.000,9999.000,9999.000,9999.000,9999.000,9999.000,9999.000
202607030536,   1.727,9999.000,9999.000,9999.000,9999.000,9999.000,9999.000,9999.000,9999.000
202607030542,   1.754,9999.000,9999.000,9999.000,9999.000,9999.000,9999.000,9999.000,9999.000
202607030548,   1.781,9999.000,9999.000,9999.000,9999.000,9999.000,9999.000,9999.000,9999.000
202607030554,   1.805,9999.000,9999.000,9999.000,9999.000,9999.000,9999.000,9999.000,9999.000
202607030600,   1.828,9999.000,   0.300,   0.075,   2.203,   0.300,   2.203,   0.400,   2.303
202607030606,   1.850,9999.000,9999.000,9999.000,9999.000,9999.000,9999.000,9999.000,9999.000
202607030612,   1.869,9999.000,9999.000,9999.000,9999.000,9999.000,9999.000,9999.000,9999.000
202607030618,   1.887,9999.000,9999.000,9999.000,9999.000,9999.000,9999.000,9999.000,9999.000
202607030624,   1.904,9999.000,9999.000,9999.000,9999.000,9999.000,9999.000,9999.000,9999.000
202607030630,   1.918,9999.000,9999.000,9999.000,9999.000,9999.000,9999.000,9999.000,9999.000
202607030636,   1.931,9999.000,9999.000,9999.000,9999.000,9999.000,9999.000,9999.000,9999.000
202607030642,   1.942,9999.000,9999.000,9999.000,9999.000,9999.000,9999.000,9999.000,9999.000
202607030648,   1.951,9999.000,9999.000,9999.000,9999.000,9999.000,9999.000,9999.000,9999.000
202607030654,   1.959,9999.000,9999.000,9999.000,9999.000,9999.000,9999.000,9999.000,9999.000
202607030700,   1.965,9999.000,   0.300,   0.072,   2.337,   0.200,   2.237,   0.300,   2.337
202607030706,   1.969,9999.000,9999.000,9999.000,9999.000,9999.000,9999.000,9999.000,9999.000
202607030712,   1.971,9999.000,9999.000,9999.000,9999.000,9999.000,9999.000,9999.000,9999.000
202607030718,   1.972,9999.000,9999.000,9999.000,9999.000,9999.000,9999.000,9999.000,9999.000
202607030724,   1.971,9999.000,9999.000,9999.000,9999.000,9999.000,9999.000,9999.000,9999.000
202607030730,   1.968,9999.000,9999.000,9999.000,9999.000,9999.000,9999.000,9999.000,9999.000
202607030736,   1.964,9999.000,9999.000,9999.000,9999.000,9999.000,9999.000,9999.000,9999.000
202607030742,   1.958,9999.000,9999.000,9999.000,9999.000,9999.000,9999.000,9999.000,9999.000
202607030748,   1.950,9999.000,9999.000,9999.000,9999.000,9999.000,9999.000,9999.000,9999.000
202607030754,   1.941,9999.000,9999.000,9999.000,9999.000,9999.000,9999.000,9999.000,9999.000
202607030800,   1.931,9999.000,   0.300,   0.068,   2.299,   0.200,   2.199,   0.300,   2.299
202607030806,   1.919,9999.000,9999.000,9999.000,9999.000,9999.000,9999.000,9999.000,9999.000
202607030812,   1.905,9999.000,9999.000,9999.000,9999.000,9999.000,9999.000,9999.000,9999.000
202607030818,   1.890,9999.000,9999.000,9999.000,9999.000,9999.000,9999.000,9999.000,9999.000
202607030824,   1.874,9999.000,9999.000,9999.000,9999.000,9999.000,9999.000,9999.000,9999.000
202607030830,   1.856,9999.000,9999.000,9999.000,9999.000,9999.000,9999.000,9999.000,9999.000
202607030836,   1.838,9999.000,9999.000,9999.000,9999.000,9999.000,9999.000,9999.000,9999.000
202607030842,   1.818,9999.000,9999.000,9999.000,9999.000,9999.000,9999.000,9999.000,9999.000
202607030848,   1.797,9999.000,9999.000,9999.000,9999.000,9999.000,9999.000,9999.000,9999.000
202607030854,   1.776,9999.000,9999.000,9999.000,9999.000,9999.000,9999.000,9999.000,9999.000
202607030900,   1.753,9999.000,   0.300,   0.064,   2.117,   0.300,   2.117,   0.400,   2.217
202607030906,   1.730,9999.000,9999.000,9999.000,9999.000,9999.000,9999.000,9999.000,9999.000
202607030912,   1.707,9999.000,9999.000,9999.000,9999.000,9999.000,9999.000,9999.000,9999.000
202607030918,   1.682,9999.000,9999.000,9999.000,9999.000,9999.000,9999.000,9999.000,9999.000
202607030924,   1.657,9999.000,9999.000,9999.000,9999.000,9999.000,9999.000,9999.000,9999.000
202607030930,   1.632,9999.000,9999.000,9999.000,9999.000,9999.000,9999.000,9999.000,9999.000
202607030936,   1.607,9999.000,9999.000,9999.000,9999.000,9999.000,9999.000,9999.000,9999.000
202607030942,   1.582,9999.000,9999.000,9999.000,9999.000,9999.000,9999.000,9999.000,9999.000
202607030948,   1.557,9999.000,9999.000,9999.000,9999.000,9999.000,9999.000,9999.000,9999.000
202607030954,   1.532,9999.000,9999.000,9999.000,9999.000,9999.000,9999.000,9999.000,9999.000
202607031000,   1.507,9999.000,   0.400,   0.061,   1.968,   0.300,   1.868,   0.400,   1.968
202607031006,   1.483,9999.000,9999.000,9999.000,9999.000,9999.000,9999.000,9999.000,9999.000
202607031012,   1.459,9999.000,9999.000,9999.000,9999.000,9999.000,9999.000,9999.000,9999.000
202607031018,   1.436,9999.000,9999.000,9999.000,9999.000,9999.000,9999.000,9999.000,9999.000
202607031024,   1.413,9999.000,9999.000,9999.000,9999.000,9999.000,9999.000,9999.000,9999.000
202607031030,   1.392,9999.000,9999.000,9999.000,9999.000,9999.000,9999.000,9999.000,9999.000
202607031036,   1.372,9999.000,9999.000,9999.000,9999.000,9999.000,9999.000,9999.000,9999.000
202607031042,   1.353,9999.000,9999.000,9999.000,9999.000,9999.000,9999.000,9999.000,9999.000
202607031048,   1.335,9999.000,9999.000,9999.000,9999.000,9999.000,9999.000,9999.000,9999.000
202607031054,   1.318,9999.000,9999.000,9999.000,9999.000,9999.000,9999.000,9999.000,9999.000
202607031100,   1.303,9999.000,   0.400,   0.057,   1.760,   0.400,   1.760,   0.500,   1.860
202607031106,   1.290,9999.000,9999.000,9999.000,9999.000,9999.000,9999.000,9999.000,9999.000
202607031112,   1.279,9999.000,9999.000,9999.000,9999.000,9999.000,9999.000,9999.000,9999.000
202607031118,   1.269,9999.000,9999.000,9999.000,9999.000,9999.000,9999.000,9999.000,9999.000
202607031124,   1.261,9999.000,9999.000,9999.000,9999.000,9999.000,9999.000,9999.000,9999.000
202607031130,   1.255,9999.000,9999.000,9999.000,9999.000,9999.000,9999.000,9999.000,9999.000
202607031136,   1.251,9999.000,9999.000,9999.000,9999.000,9999.000,9999.000,9999.000,9999.000
202607031142,   1.249,9999.000,9999.000,9999.000,9999.000,9999.000,9999.000,9999.000,9999.000
202607031148,   1.250,9999.000,9999.000,9999.000,9999.000,9999.000,9999.000,9999.000,9999.000
202607031154,   1.252,9999.000,9999.000,9999.000,9999.000,9999.000,9999.000,9999.000,9999.000
202607031200,   1.257,9999.000,   0.500,   0.053,   1.810,   0.400,   1.710,   0.500,   1.810
202607031206,   1.264,9999.000,9999.000,9999.000,9999.000,9999.000,9999.000,9999.000,9999.000
202607031212,   1.273,9999.000,9999.000,9999.000,9999.000,9999.000,9999.000,9999.000,9999.000
202607031218,   1.285,9999.000,9999.000,9999.000,9999.000,9999.000,9999.000,9999.000,9999.000
202607031224,   1.299,9999.000,9999.000,9999.000,9999.000,9999.000,9999.000,9999.000,9999.000
202607031230,   1.315,9999.000,9999.000,9999.000,9999.000,9999.000,9999.000,9999.000,9999.000
202607031236,   1.333,9999.000,9999.000,9999.000,9999.000,9999.000,9999.000,9999.000,9999.000
202607031242,   1.354,9999.000,9999.000,9999.000,9999.000,9999.000,9999.000,9999.000,9999.000
202607031248,   1.377,9999.000,9999.000,9999.000,9999.000,9999.000,9999.000,9999.000,9999.000
202607031254,   1.402,9999.000,9999.000,9999.000,9999.000,9999.000,9999.000,9999.000,9999.000
202607031300,   1.429,9999.000,   0.500,   0.053,   1.982,   0.400,   1.882,   0.500,   1.982
202607031306,   1.458,9999.000,9999.000,9999.000,9999.000,9999.000,9999.000,9999.000,9999.000
202607031312,   1.489,9999.000,9999.000,9999.000,9999.000,9999.000,9999.000,9999.000,9999.000
202607031318,   1.521,9999.000,9999.000,9999.000,9999.000,9999.000,9999.000,9999.000,9999.000
202607031324,   1.556,9999.000,9999.000,9999.000,9999.000,9999.000,9999.000,9999.000,9999.000
202607031330,   1.592,9999.000,9999.000,9999.000,9999.000,9999.000,9999.000,9999.000,9999.000
202607031336,   1.630,9999.000,9999.000,9999.000,9999.000,9999.000,9999.000,9999.000,9999.000
202607031342,   1.669,9999.000,9999.000,9999.000,9999.000,9999.000,9999.000,9999.000,9999.000
202607031348,   1.709,9999.000,9999.000,9999.000,9999.000,9999.000,9999.000,9999.000,9999.000
202607031354,   1.751,9999.000,9999.000,9999.000,9999.000,9999.000,9999.000,9999.000,9999.000
202607031400,   1.793,9999.000,   0.500,   0.053,   2.346,   0.400,   2.246,   0.500,   2.346
202607031406,   1.837,9999.000,9999.000,9999.000,9999.000,9999.000,9999.000,9999.000,9999.000
202607031412,   1.881,9999.000,9999.000,9999.000,9999.000,9999.000,9999.000,9999.000,9999.000
202607031418,   1.926,9999.000,9999.000,9999.000,9999.000,9999.000,9999.000,9999.000,9999.000
202607031424,   1.971,9999.000,9999.000,9999.000,9999.000,9999.000,9999.000,9999.000,9999.000
202607031430,   2.017,9999.000,9999.000,9999.000,9999.000,9999.000,9999.000,9999.000,9999.000
202607031436,   2.063,9999.000,9999.000,9999.000,9999.000,9999.000,9999.000,9999.000,9999.000
202607031442,   2.109,9999.000,9999.000,9999.000,9999.000,9999.000,9999.000,9999.000,9999.000
202607031448,   2.156,9999.000,9999.000,9999.000,9999.000,9999.000,9999.000,9999.000,9999.000
202607031454,   2.202,9999.000,9999.000,9999.000,9999.000,9999.000,9999.000,9999.000,9999.000
202607031500,   2.247,9999.000,   0.400,   0.053,   2.700,   0.400,   2.700,   0.500,   2.800
202607031506,   2.292,9999.000,9999.000,9999.000,9999.000,9999.000,9999.000,9999.000,9999.000
202607031512,   2.337,9999.000,9999.000,9999.000,9999.000,9999.000,9999.000,9999.000,9999.000
202607031518,   2.381,9999.000,9999.000,9999.000,9999.000,9999.000,9999.000,9999.000,9999.000
202607031524,   2.424,9999.000,9999.000,9999.000,9999.000,9999.000,9999.000,9999.000,9999.000
202607031530,   2.466,9999.000,9999.000,9999.000,9999.000,9999.000,9999.000,9999.000,9999.000
202607031536,   2.507,9999.000,9999.000,9999.000,9999.000,9999.000,9999.000,9999.000,9999.000
202607031542,   2.547,9999.000,9999.000,9999.000,9999.000,9999.000,9999.000,9999.000,9999.000
202607031548,   2.586,9999.000,9999.000,9999.000,9999.000,9999.000,9999.000,9999.000,9999.000
202607031554,   2.623,9999.000,9999.000,9999.000,9999.000,9999.000,9999.000,9999.000,9999.000
202607031600,   2.659,9999.000,   0.400,   0.053,   3.112,   0.400,   3.112,   0.400,   3.112
202607031606,   2.693,9999.000,9999.000,9999.000,9999.000,9999.000,9999.000,9999.000,9999.000
202607031612,   2.726,9999.000,9999.000,9999.000,9999.000,9999.000,9999.000,9999.000,9999.000
202607031618,   2.757,9999.000,9999.000,9999.000,9999.000,9999.000,9999.000,9999.000,9999.000
202607031624,   2.786,9999.000,9999.000,9999.000,9999.000,9999.000,9999.000,9999.000,9999.000
202607031630,   2.813,9999.000,9999.000,9999.000,9999.000,9999.000,9999.000,9999.000,9999.000
202607031636,   2.839,9999.000,9999.000,9999.000,9999.000,9999.000,9999.000,9999.000,9999.000
202607031642,   2.862,9999.000,9999.000,9999.000,9999.000,9999.000,9999.000,9999.000,9999.000
202607031648,   2.883,9999.000,9999.000,9999.000,9999.000,9999.000,9999.000,9999.000,9999.000
202607031654,   2.903,9999.000,9999.000,9999.000,9999.000,9999.000,9999.000,9999.000,9999.000
202607031700,   2.920,9999.000,   0.400,   0.053,   3.373,   0.300,   3.273,   0.400,   3.373
202607031706,   2.935,9999.000,9999.000,9999.000,9999.000,9999.000,9999.000,9999.000,9999.000
202607031712,   2.948,9999.000,9999.000,9999.000,9999.000,9999.000,9999.000,9999.000,9999.000
202607031718,   2.959,9999.000,9999.000,9999.000,9999.000,9999.000,9999.000,9999.000,9999.000
202607031724,   2.967,9999.000,9999.000,9999.000,9999.000,9999.000,9999.000,9999.000,9999.000
202607031730,   2.973,9999.000,9999.000,9999.000,9999.000,9999.000,9999.000,9999.000,9999.000
202607031736,   2.977,9999.000,9999.000,9999.000,9999.000,9999.000,9999.000,9999.000,9999.000
202607031742,   2.979,9999.000,9999.000,9999.000,9999.000,9999.000,9999.000,9999.000,9999.000
202607031748,   2.979,9999.000,9999.000,9999.000,9999.000,9999.000,9999.000,9999.000,9999.000
202607031754,   2.976,9999.000,9999.000,9999.000,9999.000,9999.000,9999.000,9999.000,9999.000
202607031800,   2.971,9999.000,   0.400,   0.053,   3.424,   0.300,   3.324,   0.400,   3.424
202607031806,   2.963,9999.000,9999.000,9999.000,9999.000,9999.000,9999.000,9999.000,9999.000
202607031812,   2.954,9999.000,9999.000,9999.000,9999.000,9999.000,9999.000,9999.000,9999.000
202607031818,   2.942,9999.000,9999.000,9999.000,9999.000,9999.000,9999.000,9999.000,9999.000
202607031824,   2.928,9999.000,9999.000,9999.000,9999.000,9999.000,9999.000,9999.000,9999.000
202607031830,   2.911,9999.000,9999.000,9999.000,9999.000,9999.000,9999.000,9999.000,9999.000
202607031836,   2.892,9999.000,9999.000,9999.000,9999.000,9999.000,9999.000,9999.000,9999.000
202607031842,   2.871,9999.000,9999.000,9999.000,9999.000,9999.000,9999.000,9999.000,9999.000
202607031848,   2.848,9999.000,9999.000,9999.000,9999.000,9999.000,9999.000,9999.000,9999.000
202607031854,   2.823,9999.000,9999.000,9999.000,9999.000,9999.000,9999.000,9999.000,9999.000
202607031900,   2.795,9999.000,   0.400,   0.053,   3.248,   0.300,   3.148,   0.400,   3.248
202607031906,   2.766,9999.000,9999.000,9999.000,9999.000,9999.000,9999.000,9999.000,9999.000
202607031912,   2.734,9999.000,9999.000,9999.000,9999.000,9999.000,9999.000,9999.000,9999.000
202607031918,   2.700,9999.000,9999.000,9999.000,9999.000,9999.000,9999.000,9999.000,9999.000
202607031924,   2.664,9999.000,9999.000,9999.000,9999.000,9999.000,9999.000,9999.000,9999.000
202607031930,   2.626,9999.000,9999.000,9999.000,9999.000,9999.000,9999.000,9999.000,9999.000
202607031936,   2.586,9999.000,9999.000,9999.000,9999.000,9999.000,9999.000,9999.000,9999.000
202607031942,   2.545,9999.000,9999.000,9999.000,9999.000,9999.000,9999.000,9999.000,9999.000
202607031948,   2.501,9999.000,9999.000,9999.000,9999.000,9999.000,9999.000,9999.000,9999.000
202607031954,   2.455,9999.000,9999.000,9999.000,9999.000,9999.000,9999.000,9999.000,9999.000
202607032000,   2.408,9999.000,   0.400,   0.053,   2.861,   0.400,   2.861,   0.500,   2.961
202607032006,   2.358,9999.000,9999.000,9999.000,9999.000,9999.000,9999.000,9999.000,9999.000
202607032012,   2.308,9999.000,9999.000,9999.000,9999.000,9999.000,9999.000,9999.000,9999.000
202607032018,   2.255,9999.000,9999.000,9999.000,9999.000,9999.000,9999.000,9999.000,9999.000
202607032024,   2.201,9999.000,9999.000,9999.000,9999.000,9999.000,9999.000,9999.000,9999.000
202607032030,   2.145,9999.000,9999.000,9999.000,9999.000,9999.000,9999.000,9999.000,9999.000
202607032036,   2.089,9999.000,9999.000,9999.000,9999.000,9999.000,9999.000,9999.000,9999.000
202607032042,   2.030,9999.000,9999.000,9999.000,9999.000,9999.000,9999.000,9999.000,9999.000
202607032048,   1.971,9999.000,9999.000,9999.000,9999.000,9999.000,9999.000,9999.000,9999.000
202607032054,   1.910,9999.000,9999.000,9999.000,9999.000,9999.000,9999.000,9999.000,9999.000
202607032100,   1.848,9999.000,   0.500,   0.053,   2.401,   0.400,   2.301,   0.500,   2.401
202607032106,   1.786,9999.000,9999.000,9999.000,9999.000,9999.000,9999.000,9999.000,9999.000
202607032112,   1.722,9999.000,9999.000,9999.000,9999.000,9999.000,9999.000,9999.000,9999.000
202607032118,   1.658,9999.000,9999.000,9999.000,9999.000,9999.000,9999.000,9999.000,9999.000
202607032124,   1.593,9999.000,9999.000,9999.000,9999.000,9999.000,9999.000,9999.000,9999.000
202607032130,   1.528,9999.000,9999.000,9999.000,9999.000,9999.000,9999.000,9999.000,9999.000
202607032136,   1.462,9999.000,9999.000,9999.000,9999.000,9999.000,9999.000,9999.000,9999.000
202607032142,   1.396,9999.000,9999.000,9999.000,9999.000,9999.000,9999.000,9999.000,9999.000
202607032148,   1.330,9999.000,9999.000,9999.000,9999.000,9999.000,9999.000,9999.000,9999.000
202607032154,   1.264,9999.000,9999.000,9999.000,9999.000,9999.000,9999.000,9999.000,9999.000
202607032200,   1.198,9999.000,   0.500,   0.053,   1.751,   0.500,   1.751,   0.500,   1.751
202607032206,   1.133,9999.000,9999.000,9999.000,9999.000,9999.000,9999.000,9999.000,9999.000
202607032212,   1.067,9999.000,9999.000,9999.000,9999.000,9999.000,9999.000,9999.000,9999.000
202607032218,   1.003,9999.000,9999.000,9999.000,9999.000,9999.000,9999.000,9999.000,9999.000
202607032224,   0.939,9999.000,9999.000,9999.000,9999.000,9999.000,9999.000,9999.000,9999.000
202607032230,   0.876,9999.000,9999.000,9999.000,9999.000,9999.000,9999.000,9999.000,9999.000
202607032236,   0.815,9999.000,9999.000,9999.000,9999.000,9999.000,9999.000,9999.000,9999.000
202607032242,   0.754,9999.000,9999.000,9999.000,9999.000,9999.000,9999.000,9999.000,9999.000
202607032248,   0.695,9999.000,9999.000,9999.000,9999.000,9999.000,9999.000,9999.000,9999.000
202607032254,   0.637,9999.000,9999.000,9999.000,9999.000,9999.000,9999.000,9999.000,9999.000
202607032300,   0.581,9999.000,   0.500,   0.053,   1.134,   0.500,   1.134,   0.600,   1.234
202607032306,   0.526,9999.000,9999.000,9999.000,9999.000,9999.000,9999.000,9999.000,9999.000
202607032312,   0.474,9999.000,9999.000,9999.000,9999.000,9999.000,9999.000,9999.000,9999.000
202607032318,   0.423,9999.000,9999.000,9999.000,9999.000,9999.000,9999.000,9999.000,9999.000
202607032324,   0.375,9999.000,9999.000,9999.000,9999.000,9999.000,9999.000,9999.000,9999.000
202607032330,   0.329,9999.000,9999.000,9999.000,9999.000,9999.000,9999.000,9999.000,9999.000
202607032336,   0.285,9999.000,9999.000,9999.000,9999.000,9999.000,9999.000,9999.000,9999.000
202607032342,   0.244,9999.000,9999.000,9999.000,9999.000,9999.000,9999.000,9999.000,9999.000
202607032348,   0.205,9999.000,9999.000,9999.000,9999.000,9999.000,9999.000,9999.000,9999.000
202607032354,   0.169,9999.000,9999.000,9999.000,9999.000,9999.000,9999.000,9999.000,9999.000
202607040000,   0.136,9999.000,   0.500,   0.053,   0.689,   0.500,   0.689,   0.600,   0.789
202607040006,   0.105,9999.000,9999.000,9999.000,9999.000,9999.000,9999.000,9999.000,9999.000
202607040012,   0.078,9999.000,9999.000,9999.000,9999.000,9999.000,9999.000,9999.000,9999.000
202607040018,   0.054,9999.000,9999.000,9999.000,9999.000,9999.000,9999.000,9999.000,9999.000
202607040024,   0.032,9999.000,9999.000,9999.000,9999.000,9999.000,9999.000,9999.000,9999.000
202607040030,   0.014,9999.000,9999.000,9999.000,9999.000,9999.000,9999.000,9999.000,9999.000
202607040036,  -0.001,9999.000,9999.000,9999.000,9999.000,9999.000,9999.000,9999.000,9999.000
202607040042,  -0.013,9999.000,9999.000,9999.000,9999.000,9999.000,9999.000,9999.000,9999.000
202607040048,  -0.022,9999.000,9999.000,9999.000,9999.000,9999.000,9999.000,9999.000,9999.000
202607040054,  -0.028,9999.000,9999.000,9999.000,9999.000,9999.000,9999.000,9999.000,9999.000
202607040100,  -0.030,9999.000,   0.500,   0.053,   0.523,   0.500,   0.523,   0.500,   0.523
202607040106,  -0.030,9999.000,9999.000,9999.000,9999.000,9999.000,9999.000,9999.000,9999.000
202607040112,  -0.027,9999.000,9999.000,9999.000,9999.000,9999.000,9999.000,9999.000,9999.000
202607040118,  -0.021,9999.000,9999.000,9999.000,9999.000,9999.000,9999.000,9999.000,9999.000
202607040124,  -0.011,9999.000,9999.000,9999.000,9999.000,9999.000,9999.000,9999.000,9999.000
202607040130,   0.000,9999.000,9999.000,9999.000,9999.000,9999.000,9999.000,9999.000,9999.000
202607040136,   0.015,9999.000,9999.000,9999.000,9999.000,9999.000,9999.000,9999.000,9999.000
202607040142,   0.033,9999.000,9999.000,9999.000,9999.000,9999.000,9999.000,9999.000,9999.000
202607040148,   0.053,9999.000,9999.000,9999.000,9999.000,9999.000,9999.000,9999.000,9999.000
202607040154,   0.077,9999.000,9999.000,9999.000,9999.000,9999.000,9999.000,9999.000,9999.000
202607040200,   0.102,9999.000,   0.500,   0.053,   0.655,   0.400,   0.555,   0.500,   0.655
202607040206,   0.130,9999.000,9999.000,9999.000,9999.000,9999.000,9999.000,9999.000,9999.000
202607040212,   0.161,9999.000,9999.000,9999.000,9999.000,9999.000,9999.000,9999.000,9999.000
202607040218,   0.193,9999.000,9999.000,9999.000,9999.000,9999.000,9999.000,9999.000,9999.000
202607040224,   0.228,9999.000,9999.000,9999.000,9999.000,9999.000,9999.000,9999.000,9999.000
202607040230,   0.264,9999.000,9999.000,9999.000,9999.000,9999.000,9999.000,9999.000,9999.000
202607040236,   0.302,9999.000,9999.000,9999.000,9999.000,9999.000,9999.000,9999.000,9999.000
202607040242,   0.342,9999.000,9999.000,9999.000,9999.000,9999.000,9999.000,9999.000,9999.000
202607040248,   0.384,9999.000,9999.000,9999.000,9999.000,9999.000,9999.000,9999.000,9999.000
202607040254,   0.426,9999.000,9999.000,9999.000,9999.000,9999.000,9999.000,9999.000,9999.000
202607040300,   0.471,9999.000,   0.400,   0.053,   0.924,   0.400,   0.924,   0.500,   1.024
202607040306,   0.516,9999.000,9999.000,9999.000,9999.000,9999.000,9999.000,9999.000,9999.000
202607040312,   0.562,9999.000,9999.000,9999.000,9999.000,9999.000,9999.000,9999.000,9999.000
202607040318,   0.609,9999.000,9999.000,9999.000,9999.000,9999.000,9999.000,9999.000,9999.000
202607040324,   0.657,9999.000,9999.000,9999.000,9999.000,9999.000,9999.000,9999.000,9999.000
202607040330,   0.705,9999.000,9999.000,9999.000,9999.000,9999.000,9999.000,9999.000,9999.000
202607040336,   0.754,9999.000,9999.000,9999.000,9999.000,9999.000,9999.000,9999.000,9999.000
202607040342,   0.803,9999.000,9999.000,9999.000,9999.000,9999.000,9999.000,9999.000,9999.000
202607040348,   0.853,9999.000,9999.000,9999.000,9999.000,9999.000,9999.000,9999.000,9999.000
202607040354,   0.902,9999.000,9999.000,9999.000,9999.000,9999.000,9999.000,9999.000,9999.000
202607040400,   0.952,9999.000,   0.400,   0.053,   1.405,   0.400,   1.405,   0.500,   1.505
202607040406,   1.001,9999.000,9999.000,9999.000,9999.000,9999.000,9999.000,9999.000,9999.000
202607040412,   1.050,9999.000,9999.000,9999.000,9999.000,9999.000,9999.000,9999.000,9999.000
202607040418,   1.099,9999.000,9999.000,9999.000,9999.000,9999.000,9999.000,9999.000,9999.000
202607040424,   1.147,9999.000,9999.000,9999.000,9999.000,9999.000,9999.000,9999.000,9999.000
202607040430,   1.195,9999.000,9999.000,9999.000,9999.000,9999.000,9999.000,9999.000,9999.000
202607040436,   1.242,9999.000,9999.000,9999.000,9999.000,9999.000,9999.000,9999.000,9999.000
202607040442,   1.288,9999.000,9999.000,9999.000,9999.000,9999.000,9999.000,9999.000,9999.000
202607040448,   1.334,9999.000,9999.000,9999.000,9999.000,9999.000,9999.000,9999.000,9999.000
202607040454,   1.379,9999.000,9999.000,9999.000,9999.000,9999.000,9999.000,9999.000,9999.000
202607040500,   1.422,9999.000,   0.400,   0.053,   1.875,   0.300,   1.775,   0.400,   1.875
202607040506,   1.465,9999.000,9999.000,9999.000,9999.000,9999.000,9999.000,9999.000,9999.000
202607040512,   1.506,9999.000,9999.000,9999.000,9999.000,9999.000,9999.000,9999.000,9999.000
202607040518,   1.547,9999.000,9999.000,9999.000,9999.000,9999.000,9999.000,9999.000,9999.000
202607040524,   1.586,9999.000,9999.000,9999.000,9999.000,9999.000,9999.000,9999.000,9999.000
202607040530,   1.623,9999.000,9999.000,9999.000,9999.000,9999.000,9999.000,9999.000,9999.000
202607040536,   1.660,9999.000,9999.000,9999.000,9999.000,9999.000,9999.000,9999.000,9999.000
202607040542,   1.695,9999.000,9999.000,9999.000,9999.000,9999.000,9999.000,9999.000,9999.000
202607040548,   1.729,9999.000,9999.000,9999.000,9999.000,9999.000,9999.000,9999.000,9999.000
202607040554,   1.761,9999.000,9999.000,9999.000,9999.000,9999.000,9999.000,9999.000,9999.000
202607040600,   1.791,9999.000,   0.400,   0.053,   2.244,   0.300,   2.144,   0.400,   2.244
202607040606,   1.820,9999.000,9999.000,9999.000,9999.000,9999.000,9999.000,9999.000,9999.000
202607040612,   1.848,9999.000,9999.000,9999.000,9999.000,9999.000,9999.000,9999.000,9999.000
202607040618,   1.874,9999.000,9999.000,9999.000,9999.000,9999.000,9999.000,9999.000,9999.000
202607040624,   1.898,9999.000,9999.000,9999.000,9999.000,9999.000,9999.000,9999.000,9999.000
202607040630,   1.921,9999.000,9999.000,9999.000,9999.000,9999.000,9999.000,9999.000,9999.000
202607040636,   1.942,9999.000,9999.000,9999.000,9999.000,9999.000,9999.000,9999.000,9999.000
202607040642,   1.961,9999.000,9999.000,9999.000,9999.000,9999.000,9999.000,9999.000,9999.000
202607040648,   1.979,9999.000,9999.000,9999.000,9999.000,9999.000,9999.000,9999.000,9999.000
202607040654,   1.995,9999.000,9999.000,9999.000,9999.000,9999.000,9999.000,9999.000,9999.000
202607040700,   2.009,9999.000,   0.400,   0.053,   2.462,   0.300,   2.362,   0.400,   2.462
202607040706,   2.022,9999.000,9999.000,9999.000,9999.000,9999.000,9999.000,9999.000,9999.000
202607040712,   2.032,9999.000,9999.000,9999.000,9999.000,9999.000,9999.000,9999.000,9999.000
202607040718,   2.041,9999.000,9999.000,9999.000,9999.000,9999.000,9999.000,9999.000,9999.000
202607040724,   2.049,9999.000,9999.000,9999.000,9999.000,9999.000,9999.000,9999.000,9999.000
202607040730,   2.054,9999.000,9999.000,9999.000,9999.000,9999.000,9999.000,9999.000,9999.000
202607040736,   2.058,9999.000,9999.000,9999.000,9999.000,9999.000,9999.000,9999.000,9999.000
202607040742,   2.060,9999.000,9999.000,9999.000,9999.000,9999.000,9999.000,9999.000,9999.000
202607040748,   2.060,9999.000,9999.000,9999.000,9999.000,9999.000,9999.000,9999.000,9999.000
202607040754,   2.059,9999.000,9999.000,9999.000,9999.000,9999.000,9999.000,9999.000,9999.000
202607040800,   2.055,9999.000,   0.400,   0.053,   2.508,   0.400,   2.508,   0.400,   2.508
202607040806,   2.051,9999.000,9999.000,9999.000,9999.000,9999.000,9999.000,9999.000,9999.000
202607040812,   2.044,9999.000,9999.000,9999.000,9999.000,9999.000,9999.000,9999.000,9999.000
202607040818,   2.036,9999.000,9999.000,9999.000,9999.000,9999.000,9999.000,9999.000,9999.000
202607040824,   2.026,9999.000,9999.000,9999.000,9999.000,9999.000,9999.000,9999.000,9999.000
202607040830,   2.015,9999.000,9999.000,9999.000,9999.000,9999.000,9999.000,9999.000,9999.000
202607040836,   2.002,9999.000,9999.000,9999.000,9999.000,9999.000,9999.000,9999.000,9999.000
202607040842,   1.987,9999.000,9999.000,9999.000,9999.000,9999.000,9999.000,9999.000,9999.000
202607040848,   1.971,9999.000,9999.000,9999.000,9999.000,9999.000,9999.000,9999.000,9999.000
202607040854,   1.954,9999.000,9999.000,9999.000,9999.000,9999.000,9999.000,9999.000,9999.000
202607040900,   1.936,9999.000,   0.500,   0.053,   2.489,   0.400,   2.389,   0.500,   2.489
202607040906,   1.916,9999.000,9999.000,9999.000,9999.000,9999.000,9999.000,9999.000,9999.000
202607040912,   1.895,9999.000,9999.000,9999.000,9999.000,9999.000,9999.000,9999.000,9999.000
202607040918,   1.872,9999.000,9999.000,9999.000,9999.000,9999.000,9999.000,9999.000,9999.000
202607040924,   1.849,9999.000,9999.000,9999.000,9999.000,9999.000,9999.000,9999.000,9999.000
202607040930,   1.825,9999.000,9999.000,9999.000,9999.000,9999.000,9999.000,9999.000,9999.000
202607040936,   1.800,9999.000,9999.000,9999.000,9999.000,9999.000,9999.000,9999.000,9999.000
202607040942,   1.774,9999.000,9999.000,9999.000,9999.000,9999.000,9999.000,9999.000,9999.000
202607040948,   1.747,9999.000,9999.000,9999.000,9999.000,9999.000,9999.000,9999.000,9999.000
202607040954,   1.720,9999.000,9999.000,9999.000,9999.000,9999.000,9999.000,9999.000,9999.000
202607041000,   1.692,9999.000,   0.500,   0.053,   2.245,   0.400,   2.145,   0.500,   2.245
202607041006,   1.664,9999.000,9999.000,9999.000,9999.000,9999.000,9999.000,9999.000,9999.000
202607041012,   1.636,9999.000,9999.000,9999.000,9999.000,9999.000,9999.000,9999.000,9999.000
202607041018,   1.607,9999.000,9999.000,9999.000,9999.000,9999.000,9999.000,9999.000,9999.000
202607041024,   1.579,9999.000,9999.000,9999.000,9999.000,9999.000,9999.000,9999.000,9999.000
202607041030,   1.550,9999.000,9999.000,9999.000,9999.000,9999.000,9999.000,9999.000,9999.000
202607041036,   1.522,9999.000,9999.000,9999.000,9999.000,9999.000,9999.000,9999.000,9999.000
202607041042,   1.494,9999.000,9999.000,9999.000,9999.000,9999.000,9999.000,9999.000,9999.000
202607041048,   1.467,9999.000,9999.000,9999.000,9999.000,9999.000,9999.000,9999.000,9999.000
202607041054,   1.440,9999.000,9999.000,9999.000,9999.000,9999.000,9999.000,9999.000,9999.000
202607041100,   1.414,9999.000,   0.500,   0.053,   1.967,   0.500,   1.967,   0.500,   1.967
202607041106,   1.389,9999.000,9999.000,9999.000,9999.000,9999.000,9999.000,9999.000,9999.000
202607041112,   1.365,9999.000,9999.000,9999.000,9999.000,9999.000,9999.000,9999.000,9999.000
202607041118,   1.341,9999.000,9999.000,9999.000,9999.000,9999.000,9999.000,9999.000,9999.000
202607041124,   1.319,9999.000,9999.000,9999.000,9999.000,9999.000,9999.000,9999.000,9999.000
202607041130,   1.299,9999.000,9999.000,9999.000,9999.000,9999.000,9999.000,9999.000,9999.000
202607041136,   1.280,9999.000,9999.000,9999.000,9999.000,9999.000,9999.000,9999.000,9999.000
202607041142,   1.262,9999.000,9999.000,9999.000,9999.000,9999.000,9999.000,9999.000,9999.000
202607041148,   1.246,9999.000,9999.000,9999.000,9999.000,9999.000,9999.000,9999.000,9999.000
202607041154,   1.231,9999.000,9999.000,9999.000,9999.000,9999.000,9999.000,9999.000,9999.000
202607041200,   1.219,9999.000,   0.500,   0.053,   1.772,   0.500,   1.772,   0.600,   1.872
202607041206,   1.208,9999.000,9999.000,9999.000,9999.000,9999.000,9999.000,9999.000,9999.000
202607041212,   1.200,9999.000,9999.000,9999.000,9999.000,9999.000,9999.000,9999.000,9999.000
202607041218,   1.193,9999.000,9999.000,9999.000,9999.000,9999.000,9999.000,9999.000,9999.000
202607041224,   1.189,9999.000,9999.000,9999.000,9999.000,9999.000,9999.000,9999.000,9999.000
202607041230,   1.186,9999.000,9999.000,9999.000,9999.000,9999.000,9999.000,9999.000,9999.000
202607041236,   1.186,9999.000,9999.000,9999.000,9999.000,9999.000,9999.000,9999.000,9999.000
202607041242,   1.188,9999.000,9999.000,9999.000,9999.000,9999.000,9999.000,9999.000,9999.000
202607041248,   1.193,9999.000,9999.000,9999.000,9999.000,9999.000,9999.000,9999.000,9999.000
202607041254,   1.199,9999.000,9999.000,9999.000,9999.000,9999.000,9999.000,9999.000,9999.000
202607041300,   1.208,9999.000,   0.500,   0.053,   1.761,   0.400,   1.661,   0.500,   1.761
202607041306,   1.219,9999.000,9999.000,9999.000,9999.000,9999.000,9999.000,9999.000,9999.000
202607041312,   1.233,9999.000,9999.000,9999.000,9999.000,9999.000,9999.000,9999.000,9999.000
202607041318,   1.248,9999.000,9999.000,9999.000,9999.000,9999.000,9999.000,9999.000,9999.000
202607041324,   1.266,9999.000,9999.000,9999.000,9999.000,9999.000,9999.000,9999.000,9999.000
202607041330,   1.286,9999.000,9999.000,9999.000,9999.000,9999.000,9999.000,9999.000,9999.000
202607041336,   1.308,9999.000,9999.000,9999.000,9999.000,9999.000,9999.000,9999.000,9999.000
202607041342,   1.332,9999.000,9999.000,9999.000,9999.000,9999.000,9999.000,9999.000,9999.000
202607041348,   1.359,9999.000,9999.000,9999.000,9999.000,9999.000,9999.000,9999.000,9999.000
202607041354,   1.387,9999.000,9999.000,9999.000,9999.000,9999.000,9999.000,9999.000,9999.000
202607041400,   1.416,9999.000,   0.500,   0.053,   1.969,   0.400,   1.869,   0.500,   1.969
202607041406,   1.448,9999.000,9999.000,9999.000,9999.000,9999.000,9999.000,9999.000,9999.000
202607041412,   1.481,9999.000,9999.000,9999.000,9999.000,9999.000,9999.000,9999.000,9999.000
202607041418,   1.516,9999.000,9999.000,9999.000,9999.000,9999.000,9999.000,9999.000,9999.000
202607041424,   1.552,9999.000,9999.000,9999.000,9999.000,9999.000,9999.000,9999.000,9999.000
202607041430,   1.590,9999.000,9999.000,9999.000,9999.000,9999.000,9999.000,9999.000,9999.000
202607041436,   1.628,9999.000,9999.000,9999.000,9999.000,9999.000,9999.000,9999.000,9999.000
202607041442,   1.668,9999.000,9999.000,9999.000,9999.000,9999.000,9999.000,9999.000,9999.000
202607041448,   1.709,9999.000,9999.000,9999.000,9999.000,9999.000,9999.000,9999.000,9999.000
202607041454,   1.750,9999.000,9999.000,9999.000,9999.000,9999.000,9999.000,9999.000,9999.000
202607041500,   1.792,9999.000,   0.400,   0.053,   2.245,   0.400,   2.245,   0.500,   2.345
202607041506,   1.835,9999.000,9999.000,9999.000,9999.000,9999.000,9999.000,9999.000,9999.000
202607041512,   1.878,9999.000,9999.000,9999.000,9999.000,9999.000,9999.000,9999.000,9999.000
202607041518,   1.921,9999.000,9999.000,9999.000,9999.000,9999.000,9999.000,9999.000,9999.000
202607041524,   1.964,9999.000,9999.000,9999.000,9999.000,9999.000,9999.000,9999.000,9999.000
202607041530,   2.008,9999.000,9999.000,9999.000,9999.000,9999.000,9999.000,9999.000,9999.000
202607041536,   2.051,9999.000,9999.000,9999.000,9999.000,9999.000,9999.000,9999.000,9999.000
202607041542,   2.094,9999.000,9999.000,9999.000,9999.000,9999.000,9999.000,9999.000,9999.000
202607041548,   2.137,9999.000,9999.000,9999.000,9999.000,9999.000,9999.000,9999.000,9999.000
202607041554,   2.179,9999.000,9999.000,9999.000,9999.000,9999.000,9999.000,9999.000,9999.000
202607041600,   2.220,9999.000,   0.400,   0.053,   2.673,   0.400,   2.673,   0.500,   2.773
202607041606,   2.261,9999.000,9999.000,9999.000,9999.000,9999.000,9999.000,9999.000,9999.000
202607041612,   2.301,9999.000,9999.000,9999.000,9999.000,9999.000,9999.000,9999.000,9999.000
202607041618,   2.340,9999.000,9999.000,9999.000,9999.000,9999.000,9999.000,9999.000,9999.000
202607041624,   2.378,9999.000,9999.000,9999.000,9999.000,9999.000,9999.000,9999.000,9999.000
202607041630,   2.414,9999.000,9999.000,9999.000,9999.000,9999.000,9999.000,9999.000,9999.000
202607041636,   2.449,9999.000,9999.000,9999.000,9999.000,9999.000,9999.000,9999.000,9999.000
202607041642,   2.483,9999.000,9999.000,9999.000,9999.000,9999.000,9999.000,9999.000,9999.000
202607041648,   2.516,9999.000,9999.000,9999.000,9999.000,9999.000,9999.000,9999.000,9999.000
202607041654,   2.547,9999.000,9999.000,9999.000,9999.000,9999.000,9999.000,9999.000,9999.000
202607041700,   2.576,9999.000,   0.400,   0.053,   3.029,   0.300,   2.929,   0.400,   3.029
202607041706,   2.604,9999.000,9999.000,9999.000,9999.000,9999.000,9999.000,9999.000,9999.000
202607041712,   2.630,9999.000,9999.000,9999.000,9999.000,9999.000,9999.000,9999.000,9999.000
202607041718,   2.654,9999.000,9999.000,9999.000,9999.000,9999.000,9999.000,9999.000,9999.000
202607041724,   2.676,9999.000,9999.000,9999.000,9999.000,9999.000,9999.000,9999.000,9999.000
202607041730,   2.697,9999.000,9999.000,9999.000,9999.000,9999.000,9999.000,9999.000,9999.000
202607041736,   2.715,9999.000,9999.000,9999.000,9999.000,9999.000,9999.000,9999.000,9999.000
202607041742,   2.732,9999.000,9999.000,9999.000,9999.000,9999.000,9999.000,9999.000,9999.000
202607041748,   2.746,9999.000,9999.000,9999.000,9999.000,9999.000,9999.000,9999.000,9999.000
202607041754,   2.759,9999.000,9999.000,9999.000,9999.000,9999.000,9999.000,9999.000,9999.000
202607041800,   2.769,9999.000,   0.400,   0.053,   3.222,   0.300,   3.122,   0.400,   3.222
202607041806,   2.777,9999.000,9999.000,9999.000,9999.000,9999.000,9999.000,9999.000,9999.000
202607041812,   2.784,9999.000,9999.000,9999.000,9999.000,9999.000,9999.000,9999.000,9999.000
202607041818,   2.788,9999.000,9999.000,9999.000,9999.000,9999.000,9999.000,9999.000,9999.000
202607041824,   2.790,9999.000,9999.000,9999.000,9999.000,9999.000,9999.000,9999.000,9999.000
202607041830,   2.790,9999.000,9999.000,9999.000,9999.000,9999.000,9999.000,9999.000,9999.000
202607041836,   2.787,9999.000,9999.000,9999.000,9999.000,9999.000,9999.000,9999.000,9999.000
202607041842,   2.783,9999.000,9999.000,9999.000,9999.000,9999.000,9999.000,9999.000,9999.000
202607041848,   2.776,9999.000,9999.000,9999.000,9999.000,9999.000,9999.000,9999.000,9999.000
202607041854,   2.768,9999.000,9999.000,9999.000,9999.000,9999.000,9999.000,9999.000,9999.000
202607041900,   2.757,9999.000,   0.400,   0.053,   3.210,   0.300,   3.110,   0.500,   3.310
202607041906,   2.744,9999.000,9999.000,9999.000,9999.000,9999.000,9999.000,9999.000,9999.000
202607041912,   2.729,9999.000,9999.000,9999.000,9999.000,9999.000,9999.000,9999.000,9999.000
202607041918,   2.712,9999.000,9999.000,9999.000,9999.000,9999.000,9999.000,9999.000,9999.000
202607041924,   2.693,9999.000,9999.000,9999.000,9999.000,9999.000,9999.000,9999.000,9999.000
202607041930,   2.672,9999.000,9999.000,9999.000,9999.000,9999.000,9999.000,9999.000,9999.000
202607041936,   2.648,9999.000,9999.000,9999.000,9999.000,9999.000,9999.000,9999.000,9999.000
202607041942,   2.623,9999.000,9999.000,9999.000,9999.000,9999.000,9999.000,9999.000,9999.000
202607041948,   2.596,9999.000,9999.000,9999.000,9999.000,9999.000,9999.000,9999.000,9999.000
202607041954,   2.567,9999.000,9999.000,9999.000,9999.000,9999.000,9999.000,9999.000,9999.000
202607042000,   2.536,9999.000,   0.500,   0.053,   3.089,   0.400,   2.989,   0.500,   3.089
202607042006,   2.503,9999.000,9999.000,9999.000,9999.000,9999.000,9999.000,9999.000,9999.000
202607042012,   2.468,9999.000,9999.000,9999.000,9999.000,9999.000,9999.000,9999.000,9999.000
202607042018,   2.431,9999.000,9999.000,9999.000,9999.000,9999.000,9999.000,9999.000,9999.000
202607042024,   2.393,9999.000,9999.000,9999.000,9999.000,9999.000,9999.000,9999.000,9999.000
202607042030,   2.353,9999.000,9999.000,9999.000,9999.000,9999.000,9999.000,9999.000,9999.000
202607042036,   2.311,9999.000,9999.000,9999.000,9999.000,9999.000,9999.000,9999.000,9999.000
202607042042,   2.267,9999.000,9999.000,9999.000,9999.000,9999.000,9999.000,9999.000,9999.000
202607042048,   2.222,9999.000,9999.000,9999.000,9999.000,9999.000,9999.000,9999.000,9999.000
202607042054,   2.176,9999.000,9999.000,9999.000,9999.000,9999.000,9999.000,9999.000,9999.000
202607042100,   2.128,9999.000,   0.500,   0.053,   2.681,   0.400,   2.581,   0.500,   2.681
202607042106,   2.078,9999.000,9999.000,9999.000,9999.000,9999.000,9999.000,9999.000,9999.000
202607042112,   2.027,9999.000,9999.000,9999.000,9999.000,9999.000,9999.000,9999.000,9999.000
202607042118,   1.975,9999.000,9999.000,9999.000,9999.000,9999.000,9999.000,9999.000,9999.000
202607042124,   1.922,9999.000,9999.000,9999.000,9999.000,9999.000,9999.000,9999.000,9999.000
202607042130,   1.868,9999.000,9999.000,9999.000,9999.000,9999.000,9999.000,9999.000,9999.000
202607042136,   1.813,9999.000,9999.000,9999.000,9999.000,9999.000,9999.000,9999.000,9999.000
202607042142,   1.757,9999.000,9999.000,9999.000,9999.000,9999.000,9999.000,9999.000,9999.000
202607042148,   1.700,9999.000,9999.000,9999.000,9999.000,9999.000,9999.000,9999.000,9999.000
202607042154,   1.643,9999.000,9999.000,9999.000,9999.000,9999.000,9999.000,9999.000,9999.000
202607042200,   1.585,9999.000,   0.500,   0.053,   2.138,   0.400,   2.038,   0.500,   2.138
202607042206,   1.526,9999.000,9999.000,9999.000,9999.000,9999.000,9999.000,9999.000,9999.000
202607042212,   1.467,9999.000,9999.000,9999.000,9999.000,9999.000,9999.000,9999.000,9999.000
202607042218,   1.408,9999.000,9999.000,9999.000,9999.000,9999.000,9999.000,9999.000,9999.000
202607042224,   1.349,9999.000,9999.000,9999.000,9999.000,9999.000,9999.000,9999.000,9999.000
202607042230,   1.290,9999.000,9999.000,9999.000,9999.000,9999.000,9999.000,9999.000,9999.000
202607042236,   1.231,9999.000,9999.000,9999.000,9999.000,9999.000,9999.000,9999.000,9999.000
202607042242,   1.172,9999.000,9999.000,9999.000,9999.000,9999.000,9999.000,9999.000,9999.000
202607042248,   1.114,9999.000,9999.000,9999.000,9999.000,9999.000,9999.000,9999.000,9999.000
202607042254,   1.056,9999.000,9999.000,9999.000,9999.000,9999.000,9999.000,9999.000,9999.000
202607042300,   0.999,9999.000,   0.500,   0.053,   1.552,   0.500,   1.552,   0.600,   1.652
202607042306,   0.942,9999.000,9999.000,9999.000,9999.000,9999.000,9999.000,9999.000,9999.000
202607042312,   0.887,9999.000,9999.000,9999.000,9999.000,9999.000,9999.000,9999.000,9999.000
202607042318,   0.833,9999.000,9999.000,9999.000,9999.000,9999.000,9999.000,9999.000,9999.000
202607042324,   0.780,9999.000,9999.000,9999.000,9999.000,9999.000,9999.000,9999.000,9999.000
202607042330,   0.728,9999.000,9999.000,9999.000,9999.000,9999.000,9999.000,9999.000,9999.000
202607042336,   0.678,9999.000,9999.000,9999.000,9999.000,9999.000,9999.000,9999.000,9999.000
202607042342,   0.629,9999.000,9999.000,9999.000,9999.000,9999.000,9999.000,9999.000,9999.000
202607042348,   0.582,9999.000,9999.000,9999.000,9999.000,9999.000,9999.000,9999.000,9999.000
202607042354,   0.538,9999.000,9999.000,9999.000,9999.000,9999.000,9999.000,9999.000,9999.000
202607050000,   0.495,9999.000,   0.500,   0.053,   1.048,   0.500,   1.048,   0.600,   1.148
202607050006,   0.454,9999.000,9999.000,9999.000,9999.000,9999.000,9999.000,9999.000,9999.000
202607050012,   0.415,9999.000,9999.000,9999.000,9999.000,9999.000,9999.000,9999.000,9999.000
202607050018,   0.379,9999.000,9999.000,9999.000,9999.000,9999.000,9999.000,9999.000,9999.000
202607050024,   0.345,9999.000,9999.000,9999.000,9999.000,9999.000,9999.000,9999.000,9999.000
202607050030,   0.314,9999.000,9999.000,9999.000,9999.000,9999.000,9999.000,9999.000,9999.000
202607050036,   0.285,9999.000,9999.000,9999.000,9999.000,9999.000,9999.000,9999.000,9999.000
202607050042,   0.259,9999.000,9999.000,9999.000,9999.000,9999.000,9999.000,9999.000,9999.000
202607050048,   0.235,9999.000,9999.000,9999.000,9999.000,9999.000,9999.000,9999.000,9999.000
202607050054,   0.214,9999.000,9999.000,9999.000,9999.000,9999.000,9999.000,9999.000,9999.000
202607050100,   0.197,9999.000,   0.500,   0.053,   0.750,   0.500,   0.750,   0.600,   0.850
202607050106,   0.182,9999.000,9999.000,9999.000,9999.000,9999.000,9999.000,9999.000,9999.000
202607050112,   0.169,9999.000,9999.000,9999.000,9999.000,9999.000,9999.000,9999.000,9999.000
202607050118,   0.160,9999.000,9999.000,9999.000,9999.000,9999.000,9999.000,9999.000,9999.000
202607050124,   0.154,9999.000,9999.000,9999.000,9999.000,9999.000,9999.000,9999.000,9999.000
202607050130,   0.150,9999.000,9999.000,9999.000,9999.000,9999.000,9999.000,9999.000,9999.000
202607050136,   0.150,9999.000,9999.000,9999.000,9999.000,9999.000,9999.000,9999.000,9999.000
202607050142,   0.152,9999.000,9999.000,9999.000,9999.000,9999.000,9999.000,9999.000,9999.000
202607050148,   0.157,9999.000,9999.000,9999.000,9999.000,9999.000,9999.000,9999.000,9999.000
202607050154,   0.165,9999.000,9999.000,9999.000,9999.000,9999.000,9999.000,9999.000,9999.000
202607050200,   0.176,9999.000,   0.500,   0.053,   0.729,   0.500,   0.729,   0.600,   0.829
202607050206,   0.190,9999.000,9999.000,9999.000,9999.000,9999.000,9999.000,9999.000,9999.000
202607050212,   0.206,9999.000,9999.000,9999.000,9999.000,9999.000,9999.000,9999.000,9999.000
202607050218,   0.225,9999.000,9999.000,9999.000,9999.000,9999.000,9999.000,9999.000,9999.000
202607050224,   0.246,9999.000,9999.000,9999.000,9999.000,9999.000,9999.000,9999.000,9999.000
202607050230,   0.270,9999.000,9999.000,9999.000,9999.000,9999.000,9999.000,9999.000,9999.000
202607050236,   0.296,9999.000,9999.000,9999.000,9999.000,9999.000,9999.000,9999.000,9999.000
202607050242,   0.324,9999.000,9999.000,9999.000,9999.000,9999.000,9999.000,9999.000,9999.000
202607050248,   0.355,9999.000,9999.000,9999.000,9999.000,9999.000,9999.000,9999.000,9999.000
202607050254,   0.387,9999.000,9999.000,9999.000,9999.000,9999.000,9999.000,9999.000,9999.000
202607050300,   0.422,9999.000,   0.500,   0.053,   0.975,   0.400,   0.875,   0.500,   0.975
202607050306,   0.458,9999.000,9999.000,9999.000,9999.000,9999.000,9999.000,9999.000,9999.000
202607050312,   0.496,9999.000,9999.000,9999.000,9999.000,9999.000,9999.000,9999.000,9999.000
202607050318,   0.535,9999.000,9999.000,9999.000,9999.000,9999.000,9999.000,9999.000,9999.000
202607050324,   0.576,9999.000,9999.000,9999.000,9999.000,9999.000,9999.000,9999.000,9999.000
202607050330,   0.618,9999.000,9999.000,9999.000,9999.000,9999.000,9999.000,9999.000,9999.000
202607050336,   0.661,9999.000,9999.000,9999.000,9999.000,9999.000,9999.000,9999.000,9999.000
202607050342,   0.705,9999.000,9999.000,9999.000,9999.000,9999.000,9999.000,9999.000,9999.000
202607050348,   0.751,9999.000,9999.000,9999.000,9999.000,9999.000,9999.000,9999.000,9999.000
202607050354,   0.797,9999.000,9999.000,9999.000,9999.000,9999.000,9999.000,9999.000,9999.000
202607050400,   0.843,9999.000,   0.500,   0.053,   1.396,   0.400,   1.296,   0.500,   1.396
202607050406,   0.890,9999.000,9999.000,9999.000,9999.000,9999.000,9999.000,9999.000,9999.000
202607050412,   0.938,9999.000,9999.000,9999.000,9999.000,9999.000,9999.000,9999.000,9999.000
202607050418,   0.986,9999.000,9999.000,9999.000,9999.000,9999.000,9999.000,9999.000,9999.000
202607050424,   1.034,9999.000,9999.000,9999.000,9999.000,9999.000,9999.000,9999.000,9999.000
202607050430,   1.082,9999.000,9999.000,9999.000,9999.000,9999.000,9999.000,9999.000,9999.000
202607050436,   1.130,9999.000,9999.000,9999.000,9999.000,9999.000,9999.000,9999.000,9999.000
202607050442,   1.177,9999.000,9999.000,9999.000,9999.000,9999.000,9999.000,9999.000,9999.000
202607050448,   1.225,9999.000,9999.000,9999.000,9999.000,9999.000,9999.000,9999.000,9999.000
202607050454,   1.272,9999.000,9999.000,9999.000,9999.000,9999.000,9999.000,9999.000,9999.000
202607050500,   1.318,9999.000,   0.400,   0.053,   1.771,   0.400,   1.771,   0.500,   1.871
202607050506,   1.364,9999.000,9999.000,9999.000,9999.000,9999.000,9999.000,9999.000,9999.000
202607050512,   1.410,9999.000,9999.000,9999.000,9999.000,9999.000,9999.000,9999.000,9999.000
202607050518,   1.454,9999.000,9999.000,9999.000,9999.000,9999.000,9999.000,9999.000,9999.000
202607050524,   1.498,9999.000,9999.000,9999.000,9999.000,9999.000,9999.000,9999.000,9999.000
202607050530,   1.540,9999.000,9999.000,9999.000,9999.000,9999.000,9999.000,9999.000,9999.000
202607050536,   1.582,9999.000,9999.000,9999.000,9999.000,9999.000,9999.000,9999.000,9999.000
202607050542,   1.623,9999.000,9999.000,9999.000,9999.000,9999.000,9999.000,9999.000,9999.000
202607050548,   1.662,9999.000,9999.000,9999.000,9999.000,9999.000,9999.000,9999.000,9999.000
202607050554,   1.701,9999.000,9999.000,9999.000,9999.000,9999.000,9999.000,9999.000,9999.000
202607050600,   1.738,9999.000,   0.400,   0.053,   2.191,   0.400,   2.191,   0.500,   2.291
202607050606,   1.773,9999.000,9999.000,9999.000,9999.000,9999.000,9999.000,9999.000,9999.000
202607050612,   1.808,9999.000,9999.000,9999.000,9999.000,9999.000,9999.000,9999.000,9999.000
202607050618,   1.841,9999.000,9999.000,9999.000,9999.000,9999.000,9999.000,9999.000,9999.000
202607050624,   1.872,9999.000,9999.000,9999.000,9999.000,9999.000,9999.000,9999.000,9999.000
202607050630,   1.902,9999.000,9999.000,9999.000,9999.000,9999.000,9999.000,9999.000,9999.000
202607050636,   1.931,9999.000,9999.000,9999.000,9999.000,9999.000,9999.000,9999.000,9999.000
202607050642,   1.958,9999.000,9999.000,9999.000,9999.000,9999.000,9999.000,9999.000,9999.000
202607050648,   1.984,9999.000,9999.000,9999.000,9999.000,9999.000,9999.000,9999.000,9999.000
202607050654,   2.008,9999.000,9999.000,9999.000,9999.000,9999.000,9999.000,9999.000,9999.000
202607050700,   2.030,9999.000,   0.500,   0.053,   2.583,   0.400,   2.483,   0.500,   2.583
202607050706,   2.050,9999.000,9999.000,9999.000,9999.000,9999.000,9999.000,9999.000,9999.000
202607050712,   2.069,9999.000,9999.000,9999.000,9999.000,9999.000,9999.000,9999.000,9999.000
202607050718,   2.087,9999.000,9999.000,9999.000,9999.000,9999.000,9999.000,9999.000,9999.000
202607050724,   2.102,9999.000,9999.000,9999.000,9999.000,9999.000,9999.000,9999.000,9999.000
202607050730,   2.116,9999.000,9999.000,9999.000,9999.000,9999.000,9999.000,9999.000,9999.000
202607050736,   2.128,9999.000,9999.000,9999.000,9999.000,9999.000,9999.000,9999.000,9999.000
202607050742,   2.139,9999.000,9999.000,9999.000,9999.000,9999.000,9999.000,9999.000,9999.000
202607050748,   2.148,9999.000,9999.000,9999.000,9999.000,9999.000,9999.000,9999.000,9999.000
202607050754,   2.154,9999.000,9999.000,9999.000,9999.000,9999.000,9999.000,9999.000,9999.000
202607050800,   2.160,9999.000,   0.500,   0.053,   2.713,   0.400,   2.613,   0.500,   2.713
202607050806,   2.163,9999.000,9999.000,9999.000,9999.000,9999.000,9999.000,9999.000,9999.000
202607050812,   2.165,9999.000,9999.000,9999.000,9999.000,9999.000,9999.000,9999.000,9999.000
202607050818,   2.165,9999.000,9999.000,9999.000,9999.000,9999.000,9999.000,9999.000,9999.000
202607050824,   2.163,9999.000,9999.000,9999.000,9999.000,9999.000,9999.000,9999.000,9999.000
202607050830,   2.160,9999.000,9999.000,9999.000,9999.000,9999.000,9999.000,9999.000,9999.000
202607050836,   2.155,9999.000,9999.000,9999.000,9999.000,9999.000,9999.000,9999.000,9999.000
202607050842,   2.148,9999.000,9999.000,9999.000,9999.000,9999.000,9999.000,9999.000,9999.000
202607050848,   2.140,9999.000,9999.000,9999.000,9999.000,9999.000,9999.000,9999.000,9999.000
202607050854,   2.129,9999.000,9999.000,9999.000,9999.000,9999.000,9999.000,9999.000,9999.000
202607050900,   2.118,9999.000,   0.500,   0.053,   2.671,   0.500,   2.671,   0.600,   2.771
202607050906,   2.104,9999.000,9999.000,9999.000,9999.000,9999.000,9999.000,9999.000,9999.000
202607050912,   2.090,9999.000,9999.000,9999.000,9999.000,9999.000,9999.000,9999.000,9999.000
202607050918,   2.073,9999.000,9999.000,9999.000,9999.000,9999.000,9999.000,9999.000,9999.000
202607050924,   2.055,9999.000,9999.000,9999.000,9999.000,9999.000,9999.000,9999.000,9999.000
202607050930,   2.036,9999.000,9999.000,9999.000,9999.000,9999.000,9999.000,9999.000,9999.000
202607050936,   2.016,9999.000,9999.000,9999.000,9999.000,9999.000,9999.000,9999.000,9999.000
202607050942,   1.994,9999.000,9999.000,9999.000,9999.000,9999.000,9999.000,9999.000,9999.000
202607050948,   1.970,9999.000,9999.000,9999.000,9999.000,9999.000,9999.000,9999.000,9999.000
202607050954,   1.946,9999.000,9999.000,9999.000,9999.000,9999.000,9999.000,9999.000,9999.000
202607051000,   1.921,9999.000,   0.500,   0.053,   2.474,   0.500,   2.474,   0.600,   2.574
202607051006,   1.894,9999.000,9999.000,9999.000,9999.000,9999.000,9999.000,9999.000,9999.000
202607051012,   1.866,9999.000,9999.000,9999.000,9999.000,9999.000,9999.000,9999.000,9999.000
202607051018,   1.838,9999.000,9999.000,9999.000,9999.000,9999.000,9999.000,9999.000,9999.000
202607051024,   1.809,9999.000,9999.000,9999.000,9999.000,9999.000,9999.000,9999.000,9999.000
202607051030,   1.779,9999.000,9999.000,9999.000,9999.000,9999.000,9999.000,9999.000,9999.000
202607051036,   1.749,9999.000,9999.000,9999.000,9999.000,9999.000,9999.000,9999.000,9999.000
202607051042,   1.718,9999.000,9999.000,9999.000,9999.000,9999.000,9999.000,9999.000,9999.000
202607051048,   1.686,9999.000,9999.000,9999.000,9999.000,9999.000,9999.000,9999.000,9999.000
202607051054,   1.655,9999.000,9999.000,9999.000,9999.000,9999.000,9999.000,9999.000,9999.000
202607051100,   1.623,9999.000,   0.500,   0.053,   2.176,   0.500,   2.176,   0.600,   2.276
202607051106,   1.591,9999.000,9999.000,9999.000,9999.000,9999.000,9999.000,9999.000,9999.000
202607051112,   1.559,9999.000,9999.000,9999.000,9999.000,9999.000,9999.000,9999.000,9999.000
202607051118,   1.528,9999.000,9999.000,9999.000,9999.000,9999.000,9999.000,9999.000,9999.000
202607051124,   1.496,9999.000,9999.000,9999.000,9999.000,9999.000,9999.000,9999.000,9999.000
202607051130,   1.465,9999.000,9999.000,9999.000,9999.000,9999.000,9999.000,9999.000,9999.000
202607051136,   1.435,9999.000,9999.000,9999.000,9999.000,9999.000,9999.000,9999.000,9999.000
202607051142,   1.405,9999.000,9999.000,9999.000,9999.000,9999.000,9999.000,9999.000,9999.000
202607051148,   1.376,9999.000,9999.000,9999.000,9999.000,9999.000,9999.000,9999.000,9999.000
202607051154,   1.348,9999.000,9999.000,9999.000,9999.000,9999.000,9999.000,9999.000,9999.000
202607051200,   1.321,9999.000,   0.600,   0.053,   1.974,   0.500,   1.874,   0.600,   1.974
202607051206,   1.296,9999.000,9999.000,9999.000,9999.000,9999.000,9999.000,9999.000,9999.000
202607051212,   1.271,9999.000,9999.000,9999.000,9999.000,9999.000,9999.000,9999.000,9999.000
202607051218,   1.248,9999.000,9999.000,9999.000,9999.000,9999.000,9999.000,9999.000,9999.000
202607051224,   1.226,9999.000,9999.000,9999.000,9999.000,9999.000,9999.000,9999.000,9999.000
202607051230,   1.205,9999.000,9999.000,9999.000,9999.000,9999.000,9999.000,9999.000,9999.000
202607051236,   1.187,9999.000,9999.000,9999.000,9999.000,9999.000,9999.000,9999.000,9999.000
202607051242,   1.170,9999.000,9999.000,9999.000,9999.000,9999.000,9999.000,9999.000,9999.000
202607051248,   1.154,9999.000,9999.000,9999.000,9999.000,9999.000,9999.000,9999.000,9999.000
202607051254,   1.141,9999.000,9999.000,9999.000,9999.000,9999.000,9999.000,9999.000,9999.000
202607051300,   1.130,9999.000,   0.500,   0.053,   1.683,   0.500,   1.683,   0.600,   1.783
202607051306,   1.120,9999.000,9999.000,9999.000,9999.000,9999.000,9999.000,9999.000,9999.000
202607051312,   1.113,9999.000,9999.000,9999.000,9999.000,9999.000,9999.000,9999.000,9999.000
202607051318,   1.108,9999.000,9999.000,9999.000,9999.000,9999.000,9999.000,9999.000,9999.000
202607051324,   1.105,9999.000,9999.000,9999.000,9999.000,9999.000,9999.000,9999.000,9999.000
202607051330,   1.104,9999.000,9999.000,9999.000,9999.000,9999.000,9999.000,9999.000,9999.000
202607051336,   1.105,9999.000,9999.000,9999.000,9999.000,9999.000,9999.000,9999.000,9999.000
202607051342,   1.109,9999.000,9999.000,9999.000,9999.000,9999.000,9999.000,9999.000,9999.000
202607051348,   1.115,9999.000,9999.000,9999.000,9999.000,9999.000,9999.000,9999.000,9999.000
202607051354,   1.122,9999.000,9999.000,9999.000,9999.000,9999.000,9999.000,9999.000,9999.000
202607051400,   1.132,9999.000,   0.500,   0.053,   1.685,   0.500,   1.685,   0.600,   1.785
202607051406,   1.145,9999.000,9999.000,9999.000,9999.000,9999.000,9999.000,9999.000,9999.000
202607051412,   1.159,9999.000,9999.000,9999.000,9999.000,9999.000,9999.000,9999.000,9999.000
202607051418,   1.175,9999.000,9999.000,9999.000,9999.000,9999.000,9999.000,9999.000,9999.000
202607051424,   1.194,9999.000,9999.000,9999.000,9999.000,9999.000,9999.000,9999.000,9999.000
202607051430,   1.214,9999.000,9999.000,9999.000,9999.000,9999.000,9999.000,9999.000,9999.000
202607051436,   1.237,9999.000,9999.000,9999.000,9999.000,9999.000,9999.000,9999.000,9999.000
202607051442,   1.261,9999.000,9999.000,9999.000,9999.000,9999.000,9999.000,9999.000,9999.000
202607051448,   1.287,9999.000,9999.000,9999.000,9999.000,9999.000,9999.000,9999.000,9999.000
202607051454,   1.314,9999.000,9999.000,9999.000,9999.000,9999.000,9999.000,9999.000,9999.000
202607051500,   1.343,9999.000,   0.500,   0.053,   1.896,   0.400,   1.796,   0.500,   1.896
202607051506,   1.374,9999.000,9999.000,9999.000,9999.000,9999.000,9999.000,9999.000,9999.000
202607051512,   1.406,9999.000,9999.000,9999.000,9999.000,9999.000,9999.000,9999.000,9999.000
202607051518,   1.439,9999.000,9999.000,9999.000,9999.000,9999.000,9999.000,9999.000,9999.000
202607051524,   1.473,9999.000,9999.000,9999.000,9999.000,9999.000,9999.000,9999.000,9999.000
202607051530,   1.508,9999.000,9999.000,9999.000,9999.000,9999.000,9999.000,9999.000,9999.000
202607051536,   1.545,9999.000,9999.000,9999.000,9999.000,9999.000,9999.000,9999.000,9999.000
202607051542,   1.582,9999.000,9999.000,9999.000,9999.000,9999.000,9999.000,9999.000,9999.000
202607051548,   1.619,9999.000,9999.000,9999.000,9999.000,9999.000,9999.000,9999.000,9999.000
202607051554,   1.658,9999.000,9999.000,9999.000,9999.000,9999.000,9999.000,9999.000,9999.000
202607051600,   1.696,9999.000,   0.500,   0.053,   2.249,   0.400,   2.149,   0.500,   2.249
202607051606,   1.735,9999.000,9999.000,9999.000,9999.000,9999.000,9999.000,9999.000,9999.000
202607051612,   1.775,9999.000,9999.000,9999.000,9999.000,9999.000,9999.000,9999.000,9999.000
202607051618,   1.814,9999.000,9999.000,9999.000,9999.000,9999.000,9999.000,9999.000,9999.000
202607051624,   1.853,9999.000,9999.000,9999.000,9999.000,9999.000,9999.000,9999.000,9999.000
202607051630,   1.892,9999.000,9999.000,9999.000,9999.000,9999.000,9999.000,9999.000,9999.000
202607051636,   1.931,9999.000,9999.000,9999.000,9999.000,9999.000,9999.000,9999.000,9999.000
202607051642,   1.969,9999.000,9999.000,9999.000,9999.000,9999.000,9999.000,9999.000,9999.000
202607051648,   2.007,9999.000,9999.000,9999.000,9999.000,9999.000,9999.000,9999.000,9999.000
202607051654,   2.044,9999.000,9999.000,9999.000,9999.000,9999.000,9999.000,9999.000,9999.000
202607051700,   2.080,9999.000,   0.400,   0.053,   2.533,   0.400,   2.533,   0.500,   2.633
202607051706,   2.115,9999.000,9999.000,9999.000,9999.000,9999.000,9999.000,9999.000,9999.000
202607051712,   2.150,9999.000,9999.000,9999.000,9999.000,9999.000,9999.000,9999.000,9999.000
202607051718,   2.183,9999.000,9999.000,9999.000,9999.000,9999.000,9999.000,9999.000,9999.000
202607051724,   2.216,9999.000,9999.000,9999.000,9999.000,9999.000,9999.000,9999.000,9999.000
202607051730,   2.247,9999.000,9999.000,9999.000,9999.000,9999.000,9999.000,9999.000,9999.000
202607051736,   2.277,9999.000,9999.000,9999.000,9999.000,9999.000,9999.000,9999.000,9999.000
202607051742,   2.306,9999.000,9999.000,9999.000,9999.000,9999.000,9999.000,9999.000,9999.000
202607051748,   2.333,9999.000,9999.000,9999.000,9999.000,9999.000,9999.000,9999.000,9999.000
202607051754,   2.358,9999.000,9999.000,9999.000,9999.000,9999.000,9999.000,9999.000,9999.000
202607051800,   2.382,9999.000,   0.400,   0.053,   2.835,   0.400,   2.835,   0.500,   2.935
202607051806,   2.405,9999.000,9999.000,9999.000,9999.000,9999.000,9999.000,9999.000,9999.000
202607051812,   2.426,9999.000,9999.000,9999.000,9999.000,9999.000,9999.000,9999.000,9999.000
202607051818,   2.445,9999.000,9999.000,9999.000,9999.000,9999.000,9999.000,9999.000,9999.000
202607051824,   2.463,9999.000,9999.000,9999.000,9999.000,9999.000,9999.000,9999.000,9999.000
202607051830,   2.478,9999.000,9999.000,9999.000,9999.000,9999.000,9999.000,9999.000,9999.000
202607051836,   2.492,9999.000,9999.000,9999.000,9999.000,9999.000,9999.000,9999.000,9999.000
202607051842,   2.504,9999.000,9999.000,9999.000,9999.000,9999.000,9999.000,9999.000,9999.000
202607051848,   2.514,9999.000,9999.000,9999.000,9999.000,9999.000,9999.000,9999.000,9999.000
202607051854,   2.523,9999.000,9999.000,9999.000,9999.000,9999.000,9999.000,9999.000,9999.000
202607051900,   2.529,9999.000,   0.400,   0.053,   2.982,   0.400,   2.982,   0.500,   3.082
202607051906,   2.534,9999.000,9999.000,9999.000,9999.000,9999.000,9999.000,9999.000,9999.000
202607051912,   2.537,9999.000,9999.000,9999.000,9999.000,9999.000,9999.000,9999.000,9999.000
202607051918,   2.537,9999.000,9999.000,9999.000,9999.000,9999.000,9999.000,9999.000,9999.000
202607051924,   2.536,9999.000,9999.000,9999.000,9999.000,9999.000,9999.000,9999.000,9999.000
202607051930,   2.533,9999.000,9999.000,9999.000,9999.000,9999.000,9999.000,9999.000,9999.000
202607051936,   2.528,9999.000,9999.000,9999.000,9999.000,9999.000,9999.000,9999.000,9999.000
202607051942,   2.521,9999.000,9999.000,9999.000,9999.000,9999.000,9999.000,9999.000,9999.000
202607051948,   2.513,9999.000,9999.000,9999.000,9999.000,9999.000,9999.000,9999.000,9999.000
202607051954,   2.502,9999.000,9999.000,9999.000,9999.000,9999.000,9999.000,9999.000,9999.000
202607052000,   2.489,9999.000,   0.500,   0.053,   3.042,   0.400,   2.942,   0.500,   3.042
202607052006,   2.475,9999.000,9999.000,9999.000,9999.000,9999.000,9999.000,9999.000,9999.000
202607052012,   2.459,9999.000,9999.000,9999.000,9999.000,9999.000,9999.000,9999.000,9999.000
202607052018,   2.441,9999.000,9999.000,9999.000,9999.000,9999.000,9999.000,9999.000,9999.000
202607052024,   2.421,9999.000,9999.000,9999.000,9999.000,9999.000,9999.000,9999.000,9999.000
202607052030,   2.399,9999.000,9999.000,9999.000,9999.000,9999.000,9999.000,9999.000,9999.000
202607052036,   2.376,9999.000,9999.000,9999.000,9999.000,9999.000,9999.000,9999.000,9999.000
202607052042,   2.350,9999.000,9999.000,9999.000,9999.000,9999.000,9999.000,9999.000,9999.000
202607052048,   2.323,9999.000,9999.000,9999.000,9999.000,9999.000,9999.000,9999.000,9999.000
202607052054,   2.295,9999.000,9999.000,9999.000,9999.000,9999.000,9999.000,9999.000,9999.000
202607052100,   2.265,9999.000,   0.500,   0.053,   2.818,   0.400,   2.718,   0.500,   2.818
202607052106,   2.233,9999.000,9999.000,9999.000,9999.000,9999.000,9999.000,9999.000,9999.000
202607052112,   2.200,9999.000,9999.000,9999.000,9999.000,9999.000,9999.000,9999.000,9999.000
202607052118,   2.165,9999.000,9999.000,9999.000,9999.000,9999.000,9999.000,9999.000,9999.000
202607052124,   2.128,9999.000,9999.000,9999.000,9999.000,9999.000,9999.000,9999.000,9999.000
202607052130,   2.091,9999.000,9999.000,9999.000,9999.000,9999.000,9999.000,9999.000,9999.000
202607052136,   2.052,9999.000,9999.000,9999.000,9999.000,9999.000,9999.000,9999.000,9999.000
202607052142,   2.011,9999.000,9999.000,9999.000,9999.000,9999.000,9999.000,9999.000,9999.000
202607052148,   1.970,9999.000,9999.000,9999.000,9999.000,9999.000,9999.000,9999.000,9999.000
202607052154,   1.927,9999.000,9999.000,9999.000,9999.000,9999.000,9999.000,9999.000,9999.000
202607052200,   1.883,9999.000,   0.500,   0.053,   2.436,   0.500,   2.436,   0.600,   2.536
202607052206,   1.838,9999.000,9999.000,9999.000,9999.000,9999.000,9999.000,9999.000,9999.000
202607052212,   1.793,9999.000,9999.000,9999.000,9999.000,9999.000,9999.000,9999.000,9999.000
202607052218,   1.746,9999.000,9999.000,9999.000,9999.000,9999.000,9999.000,9999.000,9999.000
202607052224,   1.699,9999.000,9999.000,9999.000,9999.000,9999.000,9999.000,9999.000,9999.000
202607052230,   1.651,9999.000,9999.000,9999.000,9999.000,9999.000,9999.000,9999.000,9999.000
202607052236,   1.602,9999.000,9999.000,9999.000,9999.000,9999.000,9999.000,9999.000,9999.000
202607052242,   1.553,9999.000,9999.000,9999.000,9999.000,9999.000,9999.000,9999.000,9999.000
202607052248,   1.503,9999.000,9999.000,9999.000,9999.000,9999.000,9999.000,9999.000,9999.000
202607052254,   1.454,9999.000,9999.000,9999.000,9999.000,9999.000,9999.000,9999.000,9999.000
202607052300,   1.404,9999.000,   0.500,   0.053,   1.957,   0.500,   1.957,   0.600,   2.057
202607052306,   1.354,9999.000,9999.000,9999.000,9999.000,9999.000,9999.000,9999.000,9999.000
202607052312,   1.304,9999.000,9999.000,9999.000,9999.000,9999.000,9999.000,9999.000,9999.000
202607052318,   1.254,9999.000,9999.000,9999.000,9999.000,9999.000,9999.000,9999.000,9999.000
202607052324,   1.205,9999.000,9999.000,9999.000,9999.000,9999.000,9999.000,9999.000,9999.000
202607052330,   1.156,9999.000,9999.000,9999.000,9999.000,9999.000,9999.000,9999.000,9999.000
202607052336,   1.107,9999.000,9999.000,9999.000,9999.000,9999.000,9999.000,9999.000,9999.000
202607052342,   1.059,9999.000,9999.000,9999.000,9999.000,9999.000,9999.000,9999.000,9999.000
202607052348,   1.012,9999.000,9999.000,9999.000,9999.000,9999.000,9999.000,9999.000,9999.000
202607052354,   0.966,9999.000,9999.000,9999.000,9999.000,9999.000,9999.000,9999.000,9999.000
202607060000,   0.921,9999.000,   0.600,   0.053,   1.574,   0.500,   1.474,   0.600,   1.574
202607060006,   0.877,9999.000,9999.000,9999.000,9999.000,9999.000,9999.000,9999.000,9999.000
202607060012,   0.834,9999.000,9999.000,9999.000,9999.000,9999.000,9999.000,9999.000,9999.000
202607060018,   0.793,9999.000,9999.000,9999.000,9999.000,9999.000,9999.000,9999.000,9999.000
202607060024,   0.753,9999.000,9999.000,9999.000,9999.000,9999.000,9999.000,9999.000,9999.000
202607060030,   0.714,9999.000,9999.000,9999.000,9999.000,9999.000,9999.000,9999.000,9999.000
202607060036,   0.678,9999.000,9999.000,9999.000,9999.000,9999.000,9999.000,9999.000,9999.000
202607060042,   0.643,9999.000,9999.000,9999.000,9999.000,9999.000,9999.000,9999.000,9999.000
202607060048,   0.610,9999.000,9999.000,9999.000,9999.000,9999.000,9999.000,9999.000,9999.000
202607060054,   0.579,9999.000,9999.000,9999.000,9999.000,9999.000,9999.000,9999.000,9999.000
202607060100,   0.550,9999.000,   0.600,   0.053,   1.203,   0.500,   1.103,   0.600,   1.203
202607060106,   0.524,9999.000,9999.000,9999.000,9999.000,9999.000,9999.000,9999.000,9999.000
202607060112,   0.499,9999.000,9999.000,9999.000,9999.000,9999.000,9999.000,9999.000,9999.000
202607060118,   0.477,9999.000,9999.000,9999.000,9999.000,9999.000,9999.000,9999.000,9999.000
202607060124,   0.457,9999.000,9999.000,9999.000,9999.000,9999.000,9999.000,9999.000,9999.000
202607060130,   0.440,9999.000,9999.000,9999.000,9999.000,9999.000,9999.000,9999.000,9999.000
202607060136,   0.425,9999.000,9999.000,9999.000,9999.000,9999.000,9999.000,9999.000,9999.000
202607060142,   0.413,9999.000,9999.000,9999.000,9999.000,9999.000,9999.000,9999.000,9999.000
202607060148,   0.403,9999.000,9999.000,9999.000,9999.000,9999.000,9999.000,9999.000,9999.000
202607060154,   0.396,9999.000,9999.000,9999.000,9999.000,9999.000,9999.000,9999.000,9999.000
202607060200,   0.392,9999.000,   0.500,   0.053,   0.945,   0.500,   0.945,   0.600,   1.045
202607060206,   0.390,9999.000,9999.000,9999.000,9999.000,9999.000,9999.000,9999.000,9999.000
202607060212,   0.390,9999.000,9999.000,9999.000,9999.000,9999.000,9999.000,9999.000,9999.000
202607060218,   0.394,9999.000,9999.000,9999.000,9999.000,9999.000,9999.000,9999.000,9999.000
202607060224,   0.400,9999.000,9999.000,9999.000,9999.000,9999.000,9999.000,9999.000,9999.000
202607060230,   0.408,9999.000,9999.000,9999.000,9999.000,9999.000,9999.000,9999.000,9999.000
202607060236,   0.419,9999.000,9999.000,9999.000,9999.000,9999.000,9999.000,9999.000,9999.000
202607060242,   0.432,9999.000,9999.000,9999.000,9999.000,9999.000,9999.000,9999.000,9999.000
202607060248,   0.448,9999.000,9999.000,9999.000,9999.000,9999.000,9999.000,9999.000,9999.000
202607060254,   0.466,9999.000,9999.000,9999.000,9999.000,9999.000,9999.000,9999.000,9999.000
202607060300,   0.486,9999.000,   0.500,   0.053,   1.039,   0.400,   0.939,   0.600,   1.139
202607060306,   0.509,9999.000,9999.000,9999.000,9999.000,9999.000,9999.000,9999.000,9999.000
202607060312,   0.534,9999.000,9999.000,9999.000,9999.000,9999.000,9999.000,9999.000,9999.000
202607060318,   0.561,9999.000,9999.000,9999.000,9999.000,9999.000,9999.000,9999.000,9999.000
202607060324,   0.590,9999.000,9999.000,9999.000,9999.000,9999.000,9999.000,9999.000,9999.000
202607060330,   0.620,9999.000,9999.000,9999.000,9999.000,9999.000,9999.000,9999.000,9999.000
202607060336,   0.653,9999.000,9999.000,9999.000,9999.000,9999.000,9999.000,9999.000,9999.000
202607060342,   0.687,9999.000,9999.000,9999.000,9999.000,9999.000,9999.000,9999.000,9999.000
202607060348,   0.723,9999.000,9999.000,9999.000,9999.000,9999.000,9999.000,9999.000,9999.000
202607060354,   0.760,9999.000,9999.000,9999.000,9999.000,9999.000,9999.000,9999.000,9999.000
202607060400,   0.798,9999.000,   0.500,   0.053,   1.351,   0.400,   1.251,   0.600,   1.451
202607060406,   0.838,9999.000,9999.000,9999.000,9999.000,9999.000,9999.000,9999.000,9999.000
202607060412,   0.879,9999.000,9999.000,9999.000,9999.000,9999.000,9999.000,9999.000,9999.000
202607060418,   0.921,9999.000,9999.000,9999.000,9999.000,9999.000,9999.000,9999.000,9999.000
202607060424,   0.963,9999.000,9999.000,9999.000,9999.000,9999.000,9999.000,9999.000,9999.000
202607060430,   1.007,9999.000,9999.000,9999.000,9999.000,9999.000,9999.000,9999.000,9999.000
202607060436,   1.051,9999.000,9999.000,9999.000,9999.000,9999.000,9999.000,9999.000,9999.000
202607060442,   1.095,9999.000,9999.000,9999.000,9999.000,9999.000,9999.000,9999.000,9999.000
202607060448,   1.140,9999.000,9999.000,9999.000,9999.000,9999.000,9999.000,9999.000,9999.000
202607060454,   1.185,9999.000,9999.000,9999.000,9999.000,9999.000,9999.000,9999.000,9999.000
202607060500,   1.231,9999.000,   0.400,   0.053,   1.684,   0.400,   1.684,   0.500,   1.784
202607060506,   1.276,9999.000,9999.000,9999.000,9999.000,9999.000,9999.000,9999.000,9999.000
202607060512,   1.322,9999.000,9999.000,9999.000,9999.000,9999.000,9999.000,9999.000,9999.000
202607060518,   1.367,9999.000,9999.000,9999.000,9999.000,9999.000,9999.000,9999.000,9999.000
202607060524,   1.412,9999.000,9999.000,9999.000,9999.000,9999.000,9999.000,9999.000,9999.000
202607060530,   1.457,9999.000,9999.000,9999.000,9999.000,9999.000,9999.000,9999.000,9999.000
202607060536,   1.501,9999.000,9999.000,9999.000,9999.000,9999.000,9999.000,9999.000,9999.000
202607060542,   1.544,9999.000,9999.000,9999.000,9999.000,9999.000,9999.000,9999.000,9999.000
202607060548,   1.587,9999.000,9999.000,9999.000,9999.000,9999.000,9999.000,9999.000,9999.000
202607060554,   1.630,9999.000,9999.000,9999.000,9999.000,9999.000,9999.000,9999.000,9999.000
202607060600,   1.671,9999.000,   0.400,   0.053,   2.124,   0.400,   2.124,   0.500,   2.224
202607060606,   1.711,9999.000,9999.000,9999.000,9999.000,9999.000,9999.000,9999.000,9999.000
202607060612,   1.751,9999.000,9999.000,9999.000,9999.000,9999.000,9999.000,9999.000,9999.000
202607060618,   1.790,9999.000,9999.000,9999.000,9999.000,9999.000,9999.000,9999.000,9999.000
202607060624,   1.827,9999.000,9999.000,9999.000,9999.000,9999.000,9999.000,9999.000,9999.000
202607060630,   1.863,9999.000,9999.000,9999.000,9999.000,9999.000,9999.000,9999.000,9999.000
202607060636,   1.898,9999.000,9999.000,9999.000,9999.000,9999.000,9999.000,9999.000,9999.000
202607060642,   1.932,9999.000,9999.000,9999.000,9999.000,9999.000,9999.000,9999.000,9999.000
202607060648,   1.965,9999.000,9999.000,9999.000,9999.000,9999.000,9999.000,9999.000,9999.000
202607060654,   1.996,9999.000,9999.000,9999.000,9999.000,9999.000,9999.000,9999.000,9999.000
202607060700,   2.025,9999.000,   0.400,   0.053,   2.478,   0.400,   2.478,   0.500,   2.578
202607060706,   2.054,9999.000,9999.000,9999.000,9999.000,9999.000,9999.000,9999.000,9999.000
202607060712,   2.081,9999.000,9999.000,9999.000,9999.000,9999.000,9999.000,9999.000,9999.000
202607060718,   2.106,9999.000,9999.000,9999.000,9999.000,9999.000,9999.000,9999.000,9999.000
202607060724,   2.130,9999.000,9999.000,9999.000,9999.000,9999.000,9999.000,9999.000,9999.000
202607060730,   2.152,9999.000,9999.000,9999.000,9999.000,9999.000,9999.000,9999.000,9999.000
202607060736,   2.172,9999.000,9999.000,9999.000,9999.000,9999.000,9999.000,9999.000,9999.000
202607060742,   2.191,9999.000,9999.000,9999.000,9999.000,9999.000,9999.000,9999.000,9999.000
202607060748,   2.209,9999.000,9999.000,9999.000,9999.000,9999.000,9999.000,9999.000,9999.000
202607060754,   2.224,9999.000,9999.000,9999.000,9999.000,9999.000,9999.000,9999.000,9999.000
202607060800,   2.238,9999.000,   0.500,   0.053,   2.791,   0.400,   2.691,   0.500,   2.791
202607060806,   2.251,9999.000,9999.000,9999.000,9999.000,9999.000,9999.000,9999.000,9999.000
202607060812,   2.261,9999.000,9999.000,9999.000,9999.000,9999.000,9999.000,9999.000,9999.000
202607060818,   2.270,9999.000,9999.000,9999.000,9999.000,9999.000,9999.000,9999.000,9999.000
202607060824,   2.277,9999.000,9999.000,9999.000,9999.000,9999.000,9999.000,9999.000,9999.000
202607060830,   2.283,9999.000,9999.000,9999.000,9999.000,9999.000,9999.000,9999.000,9999.000
202607060836,   2.286,9999.000,9999.000,9999.000,9999.000,9999.000,9999.000,9999.000,9999.000
202607060842,   2.289,9999.000,9999.000,9999.000,9999.000,9999.000,9999.000,9999.000,9999.000
202607060848,   2.289,9999.000,9999.000,9999.000,9999.000,9999.000,9999.000,9999.000,9999.000
202607060854,   2.287,9999.000,9999.000,9999.000,9999.000,9999.000,9999.000,9999.000,9999.000
202607060900,   2.284,9999.000,   0.500,   0.053,   2.837,   0.400,   2.737,   0.600,   2.937
202607060906,   2.280,9999.000,9999.000,9999.000,9999.000,9999.000,9999.000,9999.000,9999.000
202607060912,   2.273,9999.000,9999.000,9999.000,9999.000,9999.000,9999.000,9999.000,9999.000
202607060918,   2.265,9999.000,9999.000,9999.000,9999.000,9999.000,9999.000,9999.000,9999.000
202607060924,   2.255,9999.000,9999.000,9999.000,9999.000,9999.000,9999.000,9999.000,9999.000
202607060930,   2.244,9999.000,9999.000,9999.000,9999.000,9999.000,9999.000,9999.000,9999.000
202607060936,   2.231,9999.000,9999.000,9999.000,9999.000,9999.000,9999.000,9999.000,9999.000
202607060942,   2.216,9999.000,9999.000,9999.000,9999.000,9999.000,9999.000,9999.000,9999.000
202607060948,   2.200,9999.000,9999.000,9999.000,9999.000,9999.000,9999.000,9999.000,9999.000
202607060954,   2.182,9999.000,9999.000,9999.000,9999.000,9999.000,9999.000,9999.000,9999.000
202607061000,   2.163,9999.000,   0.500,   0.053,   2.716,   0.500,   2.716,   0.600,   2.816
202607061006,   2.142,9999.000,9999.000,9999.000,9999.000,9999.000,9999.000,9999.000,9999.000
202607061012,   2.120,9999.000,9999.000,9999.000,9999.000,9999.000,9999.000,9999.000,9999.000
202607061018,   2.096,9999.000,9999.000,9999.000,9999.000,9999.000,9999.000,9999.000,9999.000
202607061024,   2.072,9999.000,9999.000,9999.000,9999.000,9999.000,9999.000,9999.000,9999.000
202607061030,   2.046,9999.000,9999.000,9999.000,9999.000,9999.000,9999.000,9999.000,9999.000
202607061036,   2.018,9999.000,9999.000,9999.000,9999.000,9999.000,9999.000,9999.000,9999.000
202607061042,   1.990,9999.000,9999.000,9999.000,9999.000,9999.000,9999.000,9999.000,9999.000
202607061048,   1.961,9999.000,9999.000,9999.000,9999.000,9999.000,9999.000,9999.000,9999.000
202607061054,   1.930,9999.000,9999.000,9999.000,9999.000,9999.000,9999.000,9999.000,9999.000
202607061100,   1.899,9999.000,   0.500,   0.053,   2.452,   0.500,   2.452,   0.600,   2.552
202607061106,   1.867,9999.000,9999.000,9999.000,9999.000,9999.000,9999.000,9999.000,9999.000
202607061112,   1.834,9999.000,9999.000,9999.000,9999.000,9999.000,9999.000,9999.000,9999.000
202607061118,   1.800,9999.000,9999.000,9999.000,9999.000,9999.000,9999.000,9999.000,9999.000
202607061124,   1.766,9999.000,9999.000,9999.000,9999.000,9999.000,9999.000,9999.000,9999.000
202607061130,   1.732,9999.000,9999.000,9999.000,9999.000,9999.000,9999.000,9999.000,9999.000
202607061136,   1.697,9999.000,9999.000,9999.000,9999.000,9999.000,9999.000,9999.000,9999.000
202607061142,   1.661,9999.000,9999.000,9999.000,9999.000,9999.000,9999.000,9999.000,9999.000
202607061148,   1.626,9999.000,9999.000,9999.000,9999.000,9999.000,9999.000,9999.000,9999.000
202607061154,   1.591,9999.000,9999.000,9999.000,9999.000,9999.000,9999.000,9999.000,9999.000
202607061200,   1.555,9999.000,   0.500,   0.053,   2.108,   0.500,   2.108,   0.600,   2.208
202607061206,   1.520,9999.000,9999.000,9999.000,9999.000,9999.000,9999.000,9999.000,9999.000
202607061212,   1.485,9999.000,9999.000,9999.000,9999.000,9999.000,9999.000,9999.000,9999.000
202607061218,   1.450,9999.000,9999.000,9999.000,9999.000,9999.000,9999.000,9999.000,9999.000
202607061224,   1.416,9999.000,9999.000,9999.000,9999.000,9999.000,9999.000,9999.000,9999.000
202607061230,   1.383,9999.000,9999.000,9999.000,9999.000,9999.000,9999.000,9999.000,9999.000
202607061236,   1.350,9999.000,9999.000,9999.000,9999.000,9999.000,9999.000,9999.000,9999.000
202607061242,   1.318,9999.000,9999.000,9999.000,9999.000,9999.000,9999.000,9999.000,9999.000
202607061248,   1.287,9999.000,9999.000,9999.000,9999.000,9999.000,9999.000,9999.000,9999.000
202607061254,   1.257,9999.000,9999.000,9999.000,9999.000,9999.000,9999.000,9999.000,9999.000
202607061300,   1.228,9999.000,   0.500,   0.053,   1.781,   0.500,   1.781,   0.600,   1.881
202607061306,   1.201,9999.000,9999.000,9999.000,9999.000,9999.000,9999.000,9999.000,9999.000
202607061312,   1.174,9999.000,9999.000,9999.000,9999.000,9999.000,9999.000,9999.000,9999.000
202607061318,   1.149,9999.000,9999.000,9999.000,9999.000,9999.000,9999.000,9999.000,9999.000
202607061324,   1.126,9999.000,9999.000,9999.000,9999.000,9999.000,9999.000,9999.000,9999.000
202607061330,   1.104,9999.000,9999.000,9999.000,9999.000,9999.000,9999.000,9999.000,9999.000
202607061336,   1.084,9999.000,9999.000,9999.000,9999.000,9999.000,9999.000,9999.000,9999.000
202607061342,   1.066,9999.000,9999.000,9999.000,9999.000,9999.000,9999.000,9999.000,9999.000
202607061348,   1.049,9999.000,9999.000,9999.000,9999.000,9999.000,9999.000,9999.000,9999.000
202607061354,   1.034,9999.000,9999.000,9999.000,9999.000,9999.000,9999.000,9999.000,9999.000
202607061400,   1.022,9999.000,   0.500,   0.053,   1.575,   0.400,   1.475,   0.600,   1.675
202607061406,   1.011,9999.000,9999.000,9999.000,9999.000,9999.000,9999.000,9999.000,9999.000
202607061412,   1.002,9999.000,9999.000,9999.000,9999.000,9999.000,9999.000,9999.000,9999.000
202607061418,   0.995,9999.000,9999.000,9999.000,9999.000,9999.000,9999.000,9999.000,9999.000
202607061424,   0.990,9999.000,9999.000,9999.000,9999.000,9999.000,9999.000,9999.000,9999.000
202607061430,   0.988,9999.000,9999.000,9999.000,9999.000,9999.000,9999.000,9999.000,9999.000
202607061436,   0.987,9999.000,9999.000,9999.000,9999.000,9999.000,9999.000,9999.000,9999.000
202607061442,   0.989,9999.000,9999.000,9999.000,9999.000,9999.000,9999.000,9999.000,9999.000
202607061448,   0.992,9999.000,9999.000,9999.000,9999.000,9999.000,9999.000,9999.000,9999.000
202607061454,   0.998,9999.000,9999.000,9999.000,9999.000,9999.000,9999.000,9999.000,9999.000
202607061500,   1.005,9999.000,   0.500,   0.053,   1.558,   0.400,   1.458,   0.500,   1.558
202607061506,   1.015,9999.000,9999.000,9999.000,9999.000,9999.000,9999.000,9999.000,9999.000
202607061512,   1.026,9999.000,9999.000,9999.000,9999.000,9999.000,9999.000,9999.000,9999.000
202607061518,   1.040,9999.000,9999.000,9999.000,9999.000,9999.000,9999.000,9999.000,9999.000
202607061524,   1.055,9999.000,9999.000,9999.000,9999.000,9999.000,9999.000,9999.000,9999.000
202607061530,   1.072,9999.000,9999.000,9999.000,9999.000,9999.000,9999.000,9999.000,9999.000
202607061536,   1.091,9999.000,9999.000,9999.000,9999.000,9999.000,9999.000,9999.000,9999.000
202607061542,   1.112,9999.000,9999.000,9999.000,9999.000,9999.000,9999.000,9999.000,9999.000
202607061548,   1.134,9999.000,9999.000,9999.000,9999.000,9999.000,9999.000,9999.000,9999.000
202607061554,   1.157,9999.000,9999.000,9999.000,9999.000,9999.000,9999.000,9999.000,9999.000
202607061600,   1.182,9999.000,   0.400,   0.053,   1.635,   0.400,   1.635,   0.500,   1.735
202607061606,   1.209,9999.000,9999.000,9999.000,9999.000,9999.000,9999.000,9999.000,9999.000
202607061612,   1.236,9999.000,9999.000,9999.000,9999.000,9999.000,9999.000,9999.000,9999.000
202607061618,   1.265,9999.000,9999.000,9999.000,9999.000,9999.000,9999.000,9999.000,9999.000
202607061624,   1.295,9999.000,9999.000,9999.000,9999.000,9999.000,9999.000,9999.000,9999.000
202607061630,   1.326,9999.000,9999.000,9999.000,9999.000,9999.000,9999.000,9999.000,9999.000
202607061636,   1.357,9999.000,9999.000,9999.000,9999.000,9999.000,9999.000,9999.000,9999.000
202607061642,   1.390,9999.000,9999.000,9999.000,9999.000,9999.000,9999.000,9999.000,9999.000
202607061648,   1.423,9999.000,9999.000,9999.000,9999.000,9999.000,9999.000,9999.000,9999.000
202607061654,   1.456,9999.000,9999.000,9999.000,9999.000,9999.000,9999.000,9999.000,9999.000
202607061700,   1.490,9999.000,   0.400,   0.053,   1.943,   0.300,   1.843,   0.500,   2.043
202607061706,   1.524,9999.000,9999.000,9999.000,9999.000,9999.000,9999.000,9999.000,9999.000
202607061712,   1.558,9999.000,9999.000,9999.000,9999.000,9999.000,9999.000,9999.000,9999.000
202607061718,   1.592,9999.000,9999.000,9999.000,9999.000,9999.000,9999.000,9999.000,9999.000
202607061724,   1.627,9999.000,9999.000,9999.000,9999.000,9999.000,9999.000,9999.000,9999.000
202607061730,   1.661,9999.000,9999.000,9999.000,9999.000,9999.000,9999.000,9999.000,9999.000
202607061736,   1.695,9999.000,9999.000,9999.000,9999.000,9999.000,9999.000,9999.000,9999.000
202607061742,   1.729,9999.000,9999.000,9999.000,9999.000,9999.000,9999.000,9999.000,9999.000
202607061748,   1.762,9999.000,9999.000,9999.000,9999.000,9999.000,9999.000,9999.000,9999.000
202607061754,   1.794,9999.000,9999.000,9999.000,9999.000,9999.000,9999.000,9999.000,9999.000
202607061800,   1.826,9999.000,   0.400,   0.053,   2.279,   0.300,   2.179,   0.500,   2.379
202607061806,   1.858,9999.000,9999.000,9999.000,9999.000,9999.000,9999.000,9999.000,9999.000
202607061812,   1.888,9999.000,9999.000,9999.000,9999.000,9999.000,9999.000,9999.000,9999.000
202607061818,   1.918,9999.000,9999.000,9999.000,9999.000,9999.000,9999.000,9999.000,9999.000
202607061824,   1.947,9999.000,9999.000,9999.000,9999.000,9999.000,9999.000,9999.000,9999.000
202607061830,   1.974,9999.000,9999.000,9999.000,9999.000,9999.000,9999.000,9999.000,9999.000
202607061836,   2.001,9999.000,9999.000,9999.000,9999.000,9999.000,9999.000,9999.000,9999.000
202607061842,   2.027,9999.000,9999.000,9999.000,9999.000,9999.000,9999.000,9999.000,9999.000
202607061848,   2.051,9999.000,9999.000,9999.000,9999.000,9999.000,9999.000,9999.000,9999.000
202607061854,   2.074,9999.000,9999.000,9999.000,9999.000,9999.000,9999.000,9999.000,9999.000
202607061900,   2.096,9999.000,   0.400,   0.053,   2.549,   0.400,   2.549,   0.500,   2.649
202607061906,   2.116,9999.000,9999.000,9999.000,9999.000,9999.000,9999.000,9999.000,9999.000
202607061912,   2.135,9999.000,9999.000,9999.000,9999.000,9999.000,9999.000,9999.000,9999.000
202607061918,   2.152,9999.000,9999.000,9999.000,9999.000,9999.000,9999.000,9999.000,9999.000
202607061924,   2.168,9999.000,9999.000,9999.000,9999.000,9999.000,9999.000,9999.000,9999.000
202607061930,   2.183,9999.000,9999.000,9999.000,9999.000,9999.000,9999.000,9999.000,9999.000
202607061936,   2.196,9999.000,9999.000,9999.000,9999.000,9999.000,9999.000,9999.000,9999.000
202607061942,   2.207,9999.000,9999.000,9999.000,9999.000,9999.000,9999.000,9999.000,9999.000
202607061948,   2.217,9999.000,9999.000,9999.000,9999.000,9999.000,9999.000,9999.000,9999.000
202607061954,   2.225,9999.000,9999.000,9999.000,9999.000,9999.000,9999.000,9999.000,9999.000
202607062000,   2.232,9999.000,   0.500,   0.053,   2.785,   0.400,   2.685,   0.500,   2.785
202607062006,   2.237,9999.000,9999.000,9999.000,9999.000,9999.000,9999.000,9999.000,9999.000
202607062012,   2.240,9999.000,9999.000,9999.000,9999.000,9999.000,9999.000,9999.000,9999.000
202607062018,   2.242,9999.000,9999.000,9999.000,9999.000,9999.000,9999.000,9999.000,9999.000
202607062024,   2.242,9999.000,9999.000,9999.000,9999.000,9999.000,9999.000,9999.000,9999.000
202607062030,   2.240,9999.000,9999.000,9999.000,9999.000,9999.000,9999.000,9999.000,9999.000
202607062036,   2.236,9999.000,9999.000,9999.000,9999.000,9999.000,9999.000,9999.000,9999.000
202607062042,   2.232,9999.000,9999.000,9999.000,9999.000,9999.000,9999.000,9999.000,9999.000
202607062048,   2.225,9999.000,9999.000,9999.000,9999.000,9999.000,9999.000,9999.000,9999.000
202607062054,   2.217,9999.000,9999.000,9999.000,9999.000,9999.000,9999.000,9999.000,9999.000
202607062100,   2.207,9999.000,   0.500,   0.053,   2.760,   0.400,   2.660,   0.600,   2.860
202607062106,   2.195,9999.000,9999.000,9999.000,9999.000,9999.000,9999.000,9999.000,9999.000
202607062112,   2.182,9999.000,9999.000,9999.000,9999.000,9999.000,9999.000,9999.000,9999.000
202607062118,   2.168,9999.000,9999.000,9999.000,9999.000,9999.000,9999.000,9999.000,9999.000
202607062124,   2.151,9999.000,9999.000,9999.000,9999.000,9999.000,9999.000,9999.000,9999.000
202607062130,   2.134,9999.000,9999.000,9999.000,9999.000,9999.000,9999.000,9999.000,9999.000
202607062136,   2.114,9999.000,9999.000,9999.000,9999.000,9999.000,9999.000,9999.000,9999.000
202607062142,   2.094,9999.000,9999.000,9999.000,9999.000,9999.000,9999.000,9999.000,9999.000
202607062148,   2.072,9999.000,9999.000,9999.000,9999.000,9999.000,9999.000,9999.000,9999.000
202607062154,   2.048,9999.000,9999.000,9999.000,9999.000,9999.000,9999.000,9999.000,9999.000
202607062200,   2.023,9999.000,   0.500,   0.053,   2.576,   0.400,   2.476,   0.600,   2.676
202607062206,   1.997,9999.000,9999.000,9999.000,9999.000,9999.000,9999.000,9999.000,9999.000
202607062212,   1.970,9999.000,9999.000,9999.000,9999.000,9999.000,9999.000,9999.000,9999.000
202607062218,   1.941,9999.000,9999.000,9999.000,9999.000,9999.000,9999.000,9999.000,9999.000
202607062224,   1.912,9999.000,9999.000,9999.000,9999.000,9999.000,9999.000,9999.000,9999.000
202607062230,   1.881,9999.000,9999.000,9999.000,9999.000,9999.000,9999.000,9999.000,9999.000
202607062236,   1.849,9999.000,9999.000,9999.000,9999.000,9999.000,9999.000,9999.000,9999.000
202607062242,   1.816,9999.000,9999.000,9999.000,9999.000,9999.000,9999.000,9999.000,9999.000
202607062248,   1.782,9999.000,9999.000,9999.000,9999.000,9999.000,9999.000,9999.000,9999.000
202607062254,   1.748,9999.000,9999.000,9999.000,9999.000,9999.000,9999.000,9999.000,9999.000
202607062300,   1.712,9999.000,   0.500,   0.053,   2.265,   0.500,   2.265,   0.600,   2.365
202607062306,   1.676,9999.000,9999.000,9999.000,9999.000,9999.000,9999.000,9999.000,9999.000
202607062312,   1.639,9999.000,9999.000,9999.000,9999.000,9999.000,9999.000,9999.000,9999.000
202607062318,   1.602,9999.000,9999.000,9999.000,9999.000,9999.000,9999.000,9999.000,9999.000
202607062324,   1.564,9999.000,9999.000,9999.000,9999.000,9999.000,9999.000,9999.000,9999.000
202607062330,   1.526,9999.000,9999.000,9999.000,9999.000,9999.000,9999.000,9999.000,9999.000
202607062336,   1.488,9999.000,9999.000,9999.000,9999.000,9999.000,9999.000,9999.000,9999.000
202607062342,   1.449,9999.000,9999.000,9999.000,9999.000,9999.000,9999.000,9999.000,9999.000
202607062348,   1.410,9999.000,9999.000,9999.000,9999.000,9999.000,9999.000,9999.000,9999.000
202607062354,   1.372,9999.000,9999.000,9999.000,9999.000,9999.000,9999.000,9999.000,9999.000
202607070000,   1.333,9999.000,   0.500,   0.053,   1.886,   0.500,   1.886,   0.600,   1.986
