        TIME,    TIDE,      OB,   SURGE,    BIAS,     TWL,SURGE90p,  TWL90p,SURGE10p,   TWL10p
202602151800,   0.043,   1.161,   0.500,   0.618,   1.161,   0.500,   1.161,   0.500,   1.161
202602151806,   0.078,9999.000,9999.000,9999.000,9999.000,9999.000,9999.000,9999.000,9999.000
202602151812,   0.118,   1.200,9999.000,9999.000,9999.000,9999.000,9999.000,9999.000,9999.000
202602151818,   0.162,9999.000,9999.000,9999.000,9999.000,9999.000,9999.000,9999.000,9999.000
202602151824,   0.210,   1.259,9999.000,9999.000,9999.000,9999.000,9999.000,9999.000,9999.000
202602151830,   0.263,9999.000,9999.000,9999.000,9999.000,9999.000,9999.000,9999.000,9999.000
202602151836,   0.319,   1.371,9999.000,9999.000,9999.000,9999.000,9999.000,9999.000,9999.000
202602151842,   0.379,9999.000,9999.000,9999.000,9999.000,9999.000,9999.000,9999.000,9999.000
202602151848,   0.443,   1.430,9999.000,9999.000,9999.000,9999.000,9999.000,9999.000,9999.000
202602151854,   0.510,9999.000,9999.000,9999.000,9999.000,9999.000,9999.000,9999.000,9999.000
202602151900,   0.579,   1.557,   0.500,   0.478,   1.557,   0.500,   1.557,   0.500,   1.557
202602151906,   0.652,   1.548,9999.000,9999.000,9999.000,9999.000,9999.000,9999.000,9999.000
202602151912,   0.727,   1.659,9999.000,9999.000,9999.000,9999.000,9999.000,9999.000,9999.000
202602151918,   0.803,   1.758,9999.000,9999.000,9999.000,9999.000,9999.000,9999.000,9999.000
202602151924,   0.882,   1.840,9999.000,9999.000,9999.000,9999.000,9999.000,9999.000,9999.000
202602151930,   0.963,   1.928,9999.000,9999.000,9999.000,9999.000,9999.000,9999.000,9999.000
202602151936,   1.045,   2.000,9999.000,9999.000,9999.000,9999.000,9999.000,9999.000,9999.000
202602151942,   1.128,   2.118,9999.000,9999.000,9999.000,9999.000,9999.000,9999.000,9999.000
202602151948,   1.211,   2.138,9999.000,9999.000,9999.000,9999.000,9999.000,9999.000,9999.000
202602151954,   1.295,   2.220,9999.000,9999.000,9999.000,9999.000,9999.000,9999.000,9999.000
202602152000,   1.380,   2.377,   0.500,   0.497,   2.377,   0.500,   2.377,   0.600,   2.477
202602152006,   1.464,   2.489,9999.000,9999.000,9999.000,9999.000,9999.000,9999.000,9999.000
202602152012,   1.549,   2.578,9999.000,9999.000,9999.000,9999.000,9999.000,9999.000,9999.000
202602152018,   1.632,   2.610,9999.000,9999.000,9999.000,9999.000,9999.000,9999.000,9999.000
202602152024,   1.715,   2.758,9999.000,9999.000,9999.000,9999.000,9999.000,9999.000,9999.000
202602152030,   1.797,   2.869,9999.000,9999.000,9999.000,9999.000,9999.000,9999.000,9999.000
202602152036,   1.878,   2.919,9999.000,9999.000,9999.000,9999.000,9999.000,9999.000,9999.000
202602152042,   1.958,   2.968,9999.000,9999.000,9999.000,9999.000,9999.000,9999.000,9999.000
202602152048,   2.036,   2.988,9999.000,9999.000,9999.000,9999.000,9999.000,9999.000,9999.000
202602152054,   2.112,   3.158,9999.000,9999.000,9999.000,9999.000,9999.000,9999.000,9999.000
202602152100,   2.186,   3.240,   0.600,   0.454,   3.240,   0.500,   3.140,   0.600,   3.240
202602152106,   2.258,   3.289,9999.000,9999.000,9999.000,9999.000,9999.000,9999.000,9999.000
202602152112,   2.328,   3.388,9999.000,9999.000,9999.000,9999.000,9999.000,9999.000,9999.000
202602152118,   2.396,   3.499,9999.000,9999.000,9999.000,9999.000,9999.000,9999.000,9999.000
202602152124,   2.461,   3.617,9999.000,9999.000,9999.000,9999.000,9999.000,9999.000,9999.000
202602152130,   2.524,   3.719,9999.000,9999.000,9999.000,9999.000,9999.000,9999.000,9999.000
202602152136,   2.584,   3.729,9999.000,9999.000,9999.000,9999.000,9999.000,9999.000,9999.000
202602152142,   2.641,   3.739,9999.000,9999.000,9999.000,9999.000,9999.000,9999.000,9999.000
202602152148,   2.695,   3.778,9999.000,9999.000,9999.000,9999.000,9999.000,9999.000,9999.000
202602152154,   2.746,   3.860,9999.000,9999.000,9999.000,9999.000,9999.000,9999.000,9999.000
202602152200,   2.794,   3.929,   0.600,   0.535,   3.929,   0.600,   3.929,   0.700,   4.029
202602152206,   2.839,   3.968,9999.000,9999.000,9999.000,9999.000,9999.000,9999.000,9999.000
202602152212,   2.880,   4.057,9999.000,9999.000,9999.000,9999.000,9999.000,9999.000,9999.000
202602152218,   2.919,   4.099,9999.000,9999.000,9999.000,9999.000,9999.000,9999.000,9999.000
202602152224,   2.953,   4.159,9999.000,9999.000,9999.000,9999.000,9999.000,9999.000,9999.000
202602152230,   2.984,   4.218,9999.000,9999.000,9999.000,9999.000,9999.000,9999.000,9999.000
202602152236,   3.011,   4.247,9999.000,9999.000,9999.000,9999.000,9999.000,9999.000,9999.000
202602152242,   3.035,   4.267,9999.000,9999.000,9999.000,9999.000,9999.000,9999.000,9999.000
202602152248,   3.055,   4.280,9999.000,9999.000,9999.000,9999.000,9999.000,9999.000,9999.000
202602152254,   3.071,   4.300,9999.000,9999.000,9999.000,9999.000,9999.000,9999.000,9999.000
202602152300,   3.083,   4.329,   0.700,   0.546,   4.329,   0.600,   4.229,   0.700,   4.329
202602152306,   3.091,   4.329,9999.000,9999.000,9999.000,9999.000,9999.000,9999.000,9999.000
202602152312,   3.095,   4.300,9999.000,9999.000,9999.000,9999.000,9999.000,9999.000,9999.000
202602152318,   3.094,   4.359,9999.000,9999.000,9999.000,9999.000,9999.000,9999.000,9999.000
202602152324,   3.090,   4.300,9999.000,9999.000,9999.000,9999.000,9999.000,9999.000,9999.000
202602152330,   3.081,   4.309,9999.000,9999.000,9999.000,9999.000,9999.000,9999.000,9999.000
202602152336,   3.068,   4.300,9999.000,9999.000,9999.000,9999.000,9999.000,9999.000,9999.000
202602152342,   3.051,   4.290,9999.000,9999.000,9999.000,9999.000,9999.000,9999.000,9999.000
202602152348,   3.029,   4.247,9999.000,9999.000,9999.000,9999.000,9999.000,9999.000,9999.000
202602152354,   3.004,   4.037,9999.000,9999.000,9999.000,9999.000,9999.000,9999.000,9999.000
202602160000,   2.974,   4.037,   0.600,   0.463,   4.037,   0.600,   4.037,   0.700,   4.137
202602160006,   2.939,   4.290,9999.000,9999.000,9999.000,9999.000,9999.000,9999.000,9999.000
202602160012,   2.901,   4.188,9999.000,9999.000,9999.000,9999.000,9999.000,9999.000,9999.000
202602160018,   2.859,   4.080,9999.000,9999.000,9999.000,9999.000,9999.000,9999.000,9999.000
202602160024,   2.812,   4.149,9999.000,9999.000,9999.000,9999.000,9999.000,9999.000,9999.000
202602160030,   2.762,   4.037,9999.000,9999.000,9999.000,9999.000,9999.000,9999.000,9999.000
202602160036,   2.708,   3.998,9999.000,9999.000,9999.000,9999.000,9999.000,9999.000,9999.000
202602160042,   2.650,   3.919,9999.000,9999.000,9999.000,9999.000,9999.000,9999.000,9999.000
202602160048,   2.589,   3.860,9999.000,9999.000,9999.000,9999.000,9999.000,9999.000,9999.000
202602160054,   2.525,   3.778,9999.000,9999.000,9999.000,9999.000,9999.000,9999.000,9999.000
202602160100,   2.457,   3.637,   0.700,   0.480,   3.637,   0.600,   3.537,   0.700,   3.637
202602160106,   2.386,   3.607,9999.000,9999.000,9999.000,9999.000,9999.000,9999.000,9999.000
202602160112,   2.313,   3.480,9999.000,9999.000,9999.000,9999.000,9999.000,9999.000,9999.000
202602160118,   2.237,   3.460,9999.000,9999.000,9999.000,9999.000,9999.000,9999.000,9999.000
202602160124,   2.159,   3.470,9999.000,9999.000,9999.000,9999.000,9999.000,9999.000,9999.000
202602160130,   2.079,   3.417,9999.000,9999.000,9999.000,9999.000,9999.000,9999.000,9999.000
202602160136,   1.998,   3.289,9999.000,9999.000,9999.000,9999.000,9999.000,9999.000,9999.000
202602160142,   1.914,   3.299,9999.000,9999.000,9999.000,9999.000,9999.000,9999.000,9999.000
202602160148,   1.830,   3.129,9999.000,9999.000,9999.000,9999.000,9999.000,9999.000,9999.000
202602160154,   1.744,   3.040,9999.000,9999.000,9999.000,9999.000,9999.000,9999.000,9999.000
202602160200,   1.658,   2.919,   0.700,   0.561,   2.919,   0.600,   2.819,   0.800,   3.019
202602160206,   1.571,   2.909,9999.000,9999.000,9999.000,9999.000,9999.000,9999.000,9999.000
202602160212,   1.484,   2.869,9999.000,9999.000,9999.000,9999.000,9999.000,9999.000,9999.000
202602160218,   1.397,   2.768,9999.000,9999.000,9999.000,9999.000,9999.000,9999.000,9999.000
202602160224,   1.311,   2.778,9999.000,9999.000,9999.000,9999.000,9999.000,9999.000,9999.000
202602160230,   1.225,   2.709,9999.000,9999.000,9999.000,9999.000,9999.000,9999.000,9999.000
202602160236,   1.140,   2.578,9999.000,9999.000,9999.000,9999.000,9999.000,9999.000,9999.000
202602160242,   1.056,   2.509,9999.000,9999.000,9999.000,9999.000,9999.000,9999.000,9999.000
202602160248,   0.973,   2.400,9999.000,9999.000,9999.000,9999.000,9999.000,9999.000,9999.000
202602160254,   0.892,   2.338,9999.000,9999.000,9999.000,9999.000,9999.000,9999.000,9999.000
202602160300,   0.812,   2.250,   0.800,   0.638,   2.250,   0.700,   2.150,   0.800,   2.250
202602160306,   0.735,   2.200,9999.000,9999.000,9999.000,9999.000,9999.000,9999.000,9999.000
202602160312,   0.659,   2.079,9999.000,9999.000,9999.000,9999.000,9999.000,9999.000,9999.000
202602160318,   0.586,   2.010,9999.000,9999.000,9999.000,9999.000,9999.000,9999.000,9999.000
202602160324,   0.516,   2.030,9999.000,9999.000,9999.000,9999.000,9999.000,9999.000,9999.000
202602160330,   0.448,   1.928,9999.000,9999.000,9999.000,9999.000,9999.000,9999.000,9999.000
202602160336,   0.383,   2.010,9999.000,9999.000,9999.000,9999.000,9999.000,9999.000,9999.000
202602160342,   0.321,   1.879,9999.000,9999.000,9999.000,9999.000,9999.000,9999.000,9999.000
202602160348,   0.263,   1.748,9999.000,9999.000,9999.000,9999.000,9999.000,9999.000,9999.000
202602160354,   0.208,   1.708,9999.000,9999.000,9999.000,9999.000,9999.000,9999.000,9999.000
202602160400,   0.156,   1.669,   0.900,   0.613,   1.669,   0.800,   1.569,   0.900,   1.669
202602160406,   0.109,   1.600,9999.000,9999.000,9999.000,9999.000,9999.000,9999.000,9999.000
202602160412,   0.065,   1.580,9999.000,9999.000,9999.000,9999.000,9999.000,9999.000,9999.000
202602160418,   0.025,   1.469,9999.000,9999.000,9999.000,9999.000,9999.000,9999.000,9999.000
202602160424,  -0.010,   1.449,9999.000,9999.000,9999.000,9999.000,9999.000,9999.000,9999.000
202602160430,  -0.041,   1.308,9999.000,9999.000,9999.000,9999.000,9999.000,9999.000,9999.000
202602160436,  -0.069,   1.229,9999.000,9999.000,9999.000,9999.000,9999.000,9999.000,9999.000
202602160442,  -0.091,   1.371,9999.000,9999.000,9999.000,9999.000,9999.000,9999.000,9999.000
202602160448,  -0.109,   1.390,9999.000,9999.000,9999.000,9999.000,9999.000,9999.000,9999.000
202602160454,  -0.122,   1.430,9999.000,9999.000,9999.000,9999.000,9999.000,9999.000,9999.000
202602160500,  -0.130,   1.420,   0.900,   0.650,   1.420,   0.800,   1.320,   1.000,   1.520
202602160506,  -0.134,   1.318,9999.000,9999.000,9999.000,9999.000,9999.000,9999.000,9999.000
202602160512,  -0.132,   1.269,9999.000,9999.000,9999.000,9999.000,9999.000,9999.000,9999.000
202602160518,  -0.125,   1.328,9999.000,9999.000,9999.000,9999.000,9999.000,9999.000,9999.000
202602160524,  -0.113,   1.390,9999.000,9999.000,9999.000,9999.000,9999.000,9999.000,9999.000
202602160530,  -0.096,   1.318,9999.000,9999.000,9999.000,9999.000,9999.000,9999.000,9999.000
202602160536,  -0.073,   1.410,9999.000,9999.000,9999.000,9999.000,9999.000,9999.000,9999.000
202602160542,  -0.046,   1.371,9999.000,9999.000,9999.000,9999.000,9999.000,9999.000,9999.000
202602160548,  -0.013,   1.361,9999.000,9999.000,9999.000,9999.000,9999.000,9999.000,9999.000
202602160554,   0.025,   1.430,9999.000,9999.000,9999.000,9999.000,9999.000,9999.000,9999.000
202602160600,   0.068,   1.518,   1.000,   0.450,   1.518,   0.800,   1.318,   1.100,   1.618
202602160606,   0.117,   1.610,9999.000,9999.000,9999.000,9999.000,9999.000,9999.000,9999.000
202602160612,   0.170,   1.620,9999.000,9999.000,9999.000,9999.000,9999.000,9999.000,9999.000
202602160618,   0.229,   1.679,9999.000,9999.000,9999.000,9999.000,9999.000,9999.000,9999.000
202602160624,   0.293,   1.748,9999.000,9999.000,9999.000,9999.000,9999.000,9999.000,9999.000
202602160630,   0.361,   1.820,9999.000,9999.000,9999.000,9999.000,9999.000,9999.000,9999.000
202602160636,   0.434,   1.810,9999.000,9999.000,9999.000,9999.000,9999.000,9999.000,9999.000
202602160642,   0.511,   2.059,9999.000,9999.000,9999.000,9999.000,9999.000,9999.000,9999.000
202602160648,   0.592,   2.089,9999.000,9999.000,9999.000,9999.000,9999.000,9999.000,9999.000
202602160654,   0.678,   2.240,9999.000,9999.000,9999.000,9999.000,9999.000,9999.000,9999.000
202602160700,   0.767,   2.377,   1.000,   0.610,   2.377,   0.900,   2.277,   1.200,   2.577
202602160706,   0.859,   2.538,9999.000,9999.000,9999.000,9999.000,9999.000,9999.000,9999.000
202602160712,   0.955,   2.597,9999.000,9999.000,9999.000,9999.000,9999.000,9999.000,9999.000
202602160718,   1.053,   2.669,9999.000,9999.000,9999.000,9999.000,9999.000,9999.000,9999.000
202602160724,   1.154,   2.948,9999.000,9999.000,9999.000,9999.000,9999.000,9999.000,9999.000
202602160730,   1.258,   2.948,9999.000,9999.000,9999.000,9999.000,9999.000,9999.000,9999.000
202602160736,   1.363,   2.909,9999.000,9999.000,9999.000,9999.000,9999.000,9999.000,9999.000
202602160742,   1.470,   3.138,9999.000,9999.000,9999.000,9999.000,9999.000,9999.000,9999.000
202602160748,   1.578,   3.319,9999.000,9999.000,9999.000,9999.000,9999.000,9999.000,9999.000
202602160754,   1.687,   3.368,9999.000,9999.000,9999.000,9999.000,9999.000,9999.000,9999.000
202602160800,   1.797,   3.548,   1.100,   0.651,   3.548,   0.900,   3.348,   1.300,   3.748
202602160806,   1.907,   3.637,9999.000,9999.000,9999.000,9999.000,9999.000,9999.000,9999.000
202602160812,   2.018,   3.739,9999.000,9999.000,9999.000,9999.000,9999.000,9999.000,9999.000
202602160818,   2.128,   3.758,9999.000,9999.000,9999.000,9999.000,9999.000,9999.000,9999.000
202602160824,   2.237,   3.939,9999.000,9999.000,9999.000,9999.000,9999.000,9999.000,9999.000
202602160830,   2.346,   3.998,9999.000,9999.000,9999.000,9999.000,9999.000,9999.000,9999.000
202602160836,   2.453,   4.129,9999.000,9999.000,9999.000,9999.000,9999.000,9999.000,9999.000
202602160842,   2.559,   4.237,9999.000,9999.000,9999.000,9999.000,9999.000,9999.000,9999.000
202602160848,   2.663,   4.280,9999.000,9999.000,9999.000,9999.000,9999.000,9999.000,9999.000
202602160854,   2.766,   4.309,9999.000,9999.000,9999.000,9999.000,9999.000,9999.000,9999.000
202602160900,   2.866,   4.480,   1.200,   0.414,   4.480,   1.000,   4.280,   1.400,   4.680
202602160906,   2.964,   4.608,9999.000,9999.000,9999.000,9999.000,9999.000,9999.000,9999.000
202602160912,   3.060,   4.778,9999.000,9999.000,9999.000,9999.000,9999.000,9999.000,9999.000
202602160918,   3.153,   4.919,9999.000,9999.000,9999.000,9999.000,9999.000,9999.000,9999.000
202602160924,   3.243,   4.998,9999.000,9999.000,9999.000,9999.000,9999.000,9999.000,9999.000
202602160930,   3.330,   5.067,9999.000,9999.000,9999.000,9999.000,9999.000,9999.000,9999.000
202602160936,   3.414,   5.188,9999.000,9999.000,9999.000,9999.000,9999.000,9999.000,9999.000
202602160942,   3.495,   5.247,9999.000,9999.000,9999.000,9999.000,9999.000,9999.000,9999.000
202602160948,   3.572,   5.297,9999.000,9999.000,9999.000,9999.000,9999.000,9999.000,9999.000
202602160954,   3.646,   5.379,9999.000,9999.000,9999.000,9999.000,9999.000,9999.000,9999.000
202602161000,   3.717,   5.448,   1.200,   0.531,   5.448,   1.000,   5.248,   1.400,   5.648
202602161006,   3.783,   5.507,9999.000,9999.000,9999.000,9999.000,9999.000,9999.000,9999.000
202602161012,   3.846,   5.618,9999.000,9999.000,9999.000,9999.000,9999.000,9999.000,9999.000
202602161018,   3.905,   5.648,9999.000,9999.000,9999.000,9999.000,9999.000,9999.000,9999.000
202602161024,   3.960,   5.730,9999.000,9999.000,9999.000,9999.000,9999.000,9999.000,9999.000
202602161030,   4.011,   5.657,9999.000,9999.000,9999.000,9999.000,9999.000,9999.000,9999.000
202602161036,   4.057,   5.569,9999.000,9999.000,9999.000,9999.000,9999.000,9999.000,9999.000
202602161042,   4.100,   5.697,9999.000,9999.000,9999.000,9999.000,9999.000,9999.000,9999.000
202602161048,   4.138,   5.769,9999.000,9999.000,9999.000,9999.000,9999.000,9999.000,9999.000
202602161054,   4.171,   5.897,9999.000,9999.000,9999.000,9999.000,9999.000,9999.000,9999.000
202602161100,   4.200,   5.858,   1.200,   0.458,   5.858,   1.000,   5.658,   1.500,   6.158
202602161106,   4.224,   5.858,9999.000,9999.000,9999.000,9999.000,9999.000,9999.000,9999.000
202602161112,   4.244,   5.979,9999.000,9999.000,9999.000,9999.000,9999.000,9999.000,9999.000
202602161118,   4.259,   5.959,9999.000,9999.000,9999.000,9999.000,9999.000,9999.000,9999.000
202602161124,   4.269,   5.959,9999.000,9999.000,9999.000,9999.000,9999.000,9999.000,9999.000
202602161130,   4.274,   6.077,9999.000,9999.000,9999.000,9999.000,9999.000,9999.000,9999.000
202602161136,   4.274,   6.117,9999.000,9999.000,9999.000,9999.000,9999.000,9999.000,9999.000
202602161142,   4.269,   6.067,9999.000,9999.000,9999.000,9999.000,9999.000,9999.000,9999.000
202602161148,   4.258,   6.077,9999.000,9999.000,9999.000,9999.000,9999.000,9999.000,9999.000
202602161154,   4.243,   6.008,9999.000,9999.000,9999.000,9999.000,9999.000,9999.000,9999.000
202602161200,   4.222,   6.048,   1.200,   0.626,   6.048,   1.100,   5.948,   1.300,   6.148
202602161206,   4.196,   6.097,9999.000,9999.000,9999.000,9999.000,9999.000,9999.000,9999.000
202602161212,   4.165,   6.038,9999.000,9999.000,9999.000,9999.000,9999.000,9999.000,9999.000
202602161218,   4.128,   6.008,9999.000,9999.000,9999.000,9999.000,9999.000,9999.000,9999.000
202602161224,   4.086,   5.979,9999.000,9999.000,9999.000,9999.000,9999.000,9999.000,9999.000
202602161230,   4.039,   5.867,9999.000,9999.000,9999.000,9999.000,9999.000,9999.000,9999.000
202602161236,   3.987,   5.779,9999.000,9999.000,9999.000,9999.000,9999.000,9999.000,9999.000
202602161242,   3.930,   5.739,9999.000,9999.000,9999.000,9999.000,9999.000,9999.000,9999.000
202602161248,   3.868,   5.657,9999.000,9999.000,9999.000,9999.000,9999.000,9999.000,9999.000
202602161254,   3.801,   5.559,9999.000,9999.000,9999.000,9999.000,9999.000,9999.000,9999.000
202602161300,   3.730,   5.516,   1.300,   0.486,   5.516,   1.200,   5.416,   1.400,   5.616
202602161306,   3.654,   5.507,9999.000,9999.000,9999.000,9999.000,9999.000,9999.000,9999.000
202602161312,   3.574,   5.418,9999.000,9999.000,9999.000,9999.000,9999.000,9999.000,9999.000
202602161318,   3.490,   5.438,9999.000,9999.000,9999.000,9999.000,9999.000,9999.000,9999.000
202602161324,   3.402,   5.257,9999.000,9999.000,9999.000,9999.000,9999.000,9999.000,9999.000
202602161330,   3.310,   5.188,9999.000,9999.000,9999.000,9999.000,9999.000,9999.000,9999.000
202602161336,   3.215,   5.018,9999.000,9999.000,9999.000,9999.000,9999.000,9999.000,9999.000
202602161342,   3.117,   4.949,9999.000,9999.000,9999.000,9999.000,9999.000,9999.000,9999.000
202602161348,   3.016,   4.818,9999.000,9999.000,9999.000,9999.000,9999.000,9999.000,9999.000
202602161354,   2.912,   4.887,9999.000,9999.000,9999.000,9999.000,9999.000,9999.000,9999.000
202602161400,   2.806,   4.690,   1.400,   0.484,   4.690,   1.300,   4.590,   1.500,   4.790
202602161406,   2.699,   4.588,9999.000,9999.000,9999.000,9999.000,9999.000,9999.000,9999.000
202602161412,   2.589,   4.368,9999.000,9999.000,9999.000,9999.000,9999.000,9999.000,9999.000
202602161418,   2.478,   4.339,9999.000,9999.000,9999.000,9999.000,9999.000,9999.000,9999.000
202602161424,   2.367,   4.198,9999.000,9999.000,9999.000,9999.000,9999.000,9999.000,9999.000
202602161430,   2.254,   3.968,9999.000,9999.000,9999.000,9999.000,9999.000,9999.000,9999.000
202602161436,   2.141,   3.949,9999.000,9999.000,9999.000,9999.000,9999.000,9999.000,9999.000
202602161442,   2.028,   3.929,9999.000,9999.000,9999.000,9999.000,9999.000,9999.000,9999.000
202602161448,   1.915,   3.899,9999.000,9999.000,9999.000,9999.000,9999.000,9999.000,9999.000
202602161454,   1.803,   3.808,9999.000,9999.000,9999.000,9999.000,9999.000,9999.000,9999.000
202602161500,   1.691,   3.637,   1.500,   0.446,   3.637,   1.400,   3.537,   1.600,   3.737
202602161506,   1.580,   3.509,9999.000,9999.000,9999.000,9999.000,9999.000,9999.000,9999.000
202602161512,   1.470,   3.378,9999.000,9999.000,9999.000,9999.000,9999.000,9999.000,9999.000
202602161518,   1.362,   3.289,9999.000,9999.000,9999.000,9999.000,9999.000,9999.000,9999.000
202602161524,   1.255,   3.138,9999.000,9999.000,9999.000,9999.000,9999.000,9999.000,9999.000
202602161530,   1.151,   3.070,9999.000,9999.000,9999.000,9999.000,9999.000,9999.000,9999.000
202602161536,   1.048,   2.968,9999.000,9999.000,9999.000,9999.000,9999.000,9999.000,9999.000
202602161542,   0.948,   2.840,9999.000,9999.000,9999.000,9999.000,9999.000,9999.000,9999.000
202602161548,   0.851,   2.728,9999.000,9999.000,9999.000,9999.000,9999.000,9999.000,9999.000
202602161554,   0.756,   2.679,9999.000,9999.000,9999.000,9999.000,9999.000,9999.000,9999.000
202602161600,   0.664,   2.548,   1.400,   0.484,   2.548,   1.300,   2.448,   1.600,   2.748
202602161606,   0.575,   2.528,9999.000,9999.000,9999.000,9999.000,9999.000,9999.000,9999.000
202602161612,   0.490,   2.387,9999.000,9999.000,9999.000,9999.000,9999.000,9999.000,9999.000
202602161618,   0.408,   2.210,9999.000,9999.000,9999.000,9999.000,9999.000,9999.000,9999.000
202602161624,   0.330,   2.220,9999.000,9999.000,9999.000,9999.000,9999.000,9999.000,9999.000
202602161630,   0.256,   2.030,9999.000,9999.000,9999.000,9999.000,9999.000,9999.000,9999.000
202602161636,   0.186,   1.948,9999.000,9999.000,9999.000,9999.000,9999.000,9999.000,9999.000
202602161642,   0.120,   2.030,9999.000,9999.000,9999.000,9999.000,9999.000,9999.000,9999.000
202602161648,   0.058,   1.879,9999.000,9999.000,9999.000,9999.000,9999.000,9999.000,9999.000
202602161654,   0.001,   1.849,9999.000,9999.000,9999.000,9999.000,9999.000,9999.000,9999.000
202602161700,  -0.051,   1.781,   1.500,   0.332,   1.781,   1.400,   1.681,   1.700,   1.981
202602161706,  -0.099,   1.630,9999.000,9999.000,9999.000,9999.000,9999.000,9999.000,9999.000
202602161712,  -0.141,   1.679,9999.000,9999.000,9999.000,9999.000,9999.000,9999.000,9999.000
202602161718,  -0.179,   1.718,9999.000,9999.000,9999.000,9999.000,9999.000,9999.000,9999.000
202602161724,  -0.211,   1.708,9999.000,9999.000,9999.000,9999.000,9999.000,9999.000,9999.000
202602161730,  -0.239,   1.548,9999.000,9999.000,9999.000,9999.000,9999.000,9999.000,9999.000
202602161736,  -0.260,   1.620,9999.000,9999.000,9999.000,9999.000,9999.000,9999.000,9999.000
202602161742,  -0.276,   1.659,9999.000,9999.000,9999.000,9999.000,9999.000,9999.000,9999.000
202602161748,  -0.287,   1.610,9999.000,9999.000,9999.000,9999.000,9999.000,9999.000,9999.000
202602161754,  -0.292,   1.630,9999.000,9999.000,9999.000,9999.000,9999.000,9999.000,9999.000
202602161800,  -0.291,   1.557,   1.400,   0.448,   1.557,   1.300,   1.457,   1.600,   1.757
202602161806,  -0.284,   1.508,9999.000,9999.000,9999.000,9999.000,9999.000,9999.000,9999.000
202602161812,  -0.272,   1.508,9999.000,9999.000,9999.000,9999.000,9999.000,9999.000,9999.000
202602161818,  -0.254,   1.498,9999.000,9999.000,9999.000,9999.000,9999.000,9999.000,9999.000
202602161824,  -0.230,   1.459,9999.000,9999.000,9999.000,9999.000,9999.000,9999.000,9999.000
202602161830,  -0.201,   1.459,9999.000,9999.000,9999.000,9999.000,9999.000,9999.000,9999.000
202602161836,  -0.166,   1.528,9999.000,9999.000,9999.000,9999.000,9999.000,9999.000,9999.000
202602161842,  -0.125,   1.600,9999.000,9999.000,9999.000,9999.000,9999.000,9999.000,9999.000
202602161848,  -0.079,   1.649,9999.000,9999.000,9999.000,9999.000,9999.000,9999.000,9999.000
202602161854,  -0.029,   1.689,9999.000,9999.000,9999.000,9999.000,9999.000,9999.000,9999.000
202602161900,   0.026,   1.718,   1.400,   0.292,   1.718,   1.300,   1.618,   1.600,   1.918
202602161906,   0.087,   1.800,9999.000,9999.000,9999.000,9999.000,9999.000,9999.000,9999.000
202602161912,   0.152,   1.708,9999.000,9999.000,9999.000,9999.000,9999.000,9999.000,9999.000
202602161918,   0.222,   1.859,9999.000,9999.000,9999.000,9999.000,9999.000,9999.000,9999.000
202602161924,   0.295,   2.010,9999.000,9999.000,9999.000,9999.000,9999.000,9999.000,9999.000
202602161930,   0.373,   1.981,9999.000,9999.000,9999.000,9999.000,9999.000,9999.000,9999.000
202602161936,   0.453,   2.079,9999.000,9999.000,9999.000,9999.000,9999.000,9999.000,9999.000
202602161942,   0.537,   2.191,9999.000,9999.000,9999.000,9999.000,9999.000,9999.000,9999.000
202602161948,   0.624,   2.210,9999.000,9999.000,9999.000,9999.000,9999.000,9999.000,9999.000
202602161954,   0.713,   2.259,9999.000,9999.000,9999.000,9999.000,9999.000,9999.000,9999.000
202602162000,   0.805,   2.259,   1.400,   0.054,   2.259,   1.200,   2.059,   1.600,   2.459
202602162006,   0.898,   2.299,9999.000,9999.000,9999.000,9999.000,9999.000,9999.000,9999.000
202602162012,   0.992,   2.440,9999.000,9999.000,9999.000,9999.000,9999.000,9999.000,9999.000
202602162018,   1.088,   2.620,9999.000,9999.000,9999.000,9999.000,9999.000,9999.000,9999.000
202602162024,   1.185,   2.778,9999.000,9999.000,9999.000,9999.000,9999.000,9999.000,9999.000
202602162030,   1.282,   2.840,9999.000,9999.000,9999.000,9999.000,9999.000,9999.000,9999.000
202602162036,   1.379,   2.938,9999.000,9999.000,9999.000,9999.000,9999.000,9999.000,9999.000
202602162042,   1.476,   3.040,9999.000,9999.000,9999.000,9999.000,9999.000,9999.000,9999.000
202602162048,   1.573,   3.070,9999.000,9999.000,9999.000,9999.000,9999.000,9999.000,9999.000
202602162054,   1.668,   3.148,9999.000,9999.000,9999.000,9999.000,9999.000,9999.000,9999.000
202602162100,   1.763,   3.348,   1.400,   0.185,   3.348,   1.200,   3.148,   1.500,   3.448
202602162106,   1.857,   3.440,9999.000,9999.000,9999.000,9999.000,9999.000,9999.000,9999.000
202602162112,   1.949,   3.509,9999.000,9999.000,9999.000,9999.000,9999.000,9999.000,9999.000
202602162118,   2.040,   3.470,9999.000,9999.000,9999.000,9999.000,9999.000,9999.000,9999.000
202602162124,   2.128,   3.650,9999.000,9999.000,9999.000,9999.000,9999.000,9999.000,9999.000
202602162130,   2.215,   3.709,9999.000,9999.000,9999.000,9999.000,9999.000,9999.000,9999.000
202602162136,   2.299,   3.758,9999.000,9999.000,9999.000,9999.000,9999.000,9999.000,9999.000
202602162142,   2.381,   3.899,9999.000,9999.000,9999.000,9999.000,9999.000,9999.000,9999.000
202602162148,   2.461,   3.899,9999.000,9999.000,9999.000,9999.000,9999.000,9999.000,9999.000
202602162154,   2.537,   3.988,9999.000,9999.000,9999.000,9999.000,9999.000,9999.000,9999.000
202602162200,   2.611,   4.090,   1.300,   0.179,   4.090,   1.200,   3.990,   1.400,   4.190
202602162206,   2.682,   4.109,9999.000,9999.000,9999.000,9999.000,9999.000,9999.000,9999.000
202602162212,   2.751,   4.257,9999.000,9999.000,9999.000,9999.000,9999.000,9999.000,9999.000
202602162218,   2.816,   4.257,9999.000,9999.000,9999.000,9999.000,9999.000,9999.000,9999.000
202602162224,   2.877,   4.329,9999.000,9999.000,9999.000,9999.000,9999.000,9999.000,9999.000
202602162230,   2.936,   4.378,9999.000,9999.000,9999.000,9999.000,9999.000,9999.000,9999.000
202602162236,   2.991,   4.418,9999.000,9999.000,9999.000,9999.000,9999.000,9999.000,9999.000
202602162242,   3.043,   4.437,9999.000,9999.000,9999.000,9999.000,9999.000,9999.000,9999.000
202602162248,   3.091,   4.529,9999.000,9999.000,9999.000,9999.000,9999.000,9999.000,9999.000
202602162254,   3.135,   4.637,9999.000,9999.000,9999.000,9999.000,9999.000,9999.000,9999.000
202602162300,   3.176,   4.710,   1.300,   0.234,   4.710,   1.200,   4.610,   1.400,   4.810
202602162306,   3.213,   4.719,9999.000,9999.000,9999.000,9999.000,9999.000,9999.000,9999.000
202602162312,   3.246,   4.690,9999.000,9999.000,9999.000,9999.000,9999.000,9999.000,9999.000
202602162318,   3.275,   4.719,9999.000,9999.000,9999.000,9999.000,9999.000,9999.000,9999.000
202602162324,   3.300,   4.667,9999.000,9999.000,9999.000,9999.000,9999.000,9999.000,9999.000
202602162330,   3.321,   4.690,9999.000,9999.000,9999.000,9999.000,9999.000,9999.000,9999.000
202602162336,   3.337,   4.710,9999.000,9999.000,9999.000,9999.000,9999.000,9999.000,9999.000
202602162342,   3.349,   4.759,9999.000,9999.000,9999.000,9999.000,9999.000,9999.000,9999.000
202602162348,   3.356,   4.759,9999.000,9999.000,9999.000,9999.000,9999.000,9999.000,9999.000
202602162354,   3.359,   4.749,9999.000,9999.000,9999.000,9999.000,9999.000,9999.000,9999.000
202602170000,   3.358,   4.749,   1.100,   0.291,   4.749,   1.000,   4.649,   1.200,   4.849
202602170006,   3.351,   4.729,9999.000,9999.000,9999.000,9999.000,9999.000,9999.000,9999.000
202602170012,   3.340,   4.700,9999.000,9999.000,9999.000,9999.000,9999.000,9999.000,9999.000
202602170018,   3.324,   4.700,9999.000,9999.000,9999.000,9999.000,9999.000,9999.000,9999.000
202602170024,   3.303,   4.788,9999.000,9999.000,9999.000,9999.000,9999.000,9999.000,9999.000
202602170030,   3.277,   4.778,9999.000,9999.000,9999.000,9999.000,9999.000,9999.000,9999.000
202602170036,   3.246,   4.549,9999.000,9999.000,9999.000,9999.000,9999.000,9999.000,9999.000
202602170042,   3.211,   4.618,9999.000,9999.000,9999.000,9999.000,9999.000,9999.000,9999.000
202602170048,   3.170,   4.500,9999.000,9999.000,9999.000,9999.000,9999.000,9999.000,9999.000
202602170054,   3.125,   4.519,9999.000,9999.000,9999.000,9999.000,9999.000,9999.000,9999.000
202602170100,   3.075,   4.447,   1.000,   0.372,   4.447,   0.900,   4.347,   1.100,   4.547
202602170106,   3.021,   4.398,9999.000,9999.000,9999.000,9999.000,9999.000,9999.000,9999.000
202602170112,   2.962,   4.319,9999.000,9999.000,9999.000,9999.000,9999.000,9999.000,9999.000
202602170118,   2.899,   4.227,9999.000,9999.000,9999.000,9999.000,9999.000,9999.000,9999.000
202602170124,   2.832,   4.090,9999.000,9999.000,9999.000,9999.000,9999.000,9999.000,9999.000
202602170130,   2.761,   3.988,9999.000,9999.000,9999.000,9999.000,9999.000,9999.000,9999.000
202602170136,   2.686,   3.958,9999.000,9999.000,9999.000,9999.000,9999.000,9999.000,9999.000
202602170142,   2.608,   3.847,9999.000,9999.000,9999.000,9999.000,9999.000,9999.000,9999.000
202602170148,   2.526,   3.880,9999.000,9999.000,9999.000,9999.000,9999.000,9999.000,9999.000
202602170154,   2.441,   3.729,9999.000,9999.000,9999.000,9999.000,9999.000,9999.000,9999.000
202602170200,   2.354,   3.650,   1.000,   0.296,   3.650,   0.900,   3.550,   1.100,   3.750
202602170206,   2.264,   3.529,9999.000,9999.000,9999.000,9999.000,9999.000,9999.000,9999.000
202602170212,   2.172,   3.407,9999.000,9999.000,9999.000,9999.000,9999.000,9999.000,9999.000
202602170218,   2.078,   3.319,9999.000,9999.000,9999.000,9999.000,9999.000,9999.000,9999.000
202602170224,   1.983,   3.250,9999.000,9999.000,9999.000,9999.000,9999.000,9999.000,9999.000
202602170230,   1.886,   3.079,9999.000,9999.000,9999.000,9999.000,9999.000,9999.000,9999.000
202602170236,   1.788,   3.040,9999.000,9999.000,9999.000,9999.000,9999.000,9999.000,9999.000
202602170242,   1.690,   3.030,9999.000,9999.000,9999.000,9999.000,9999.000,9999.000,9999.000
202602170248,   1.592,   2.879,9999.000,9999.000,9999.000,9999.000,9999.000,9999.000,9999.000
202602170254,   1.493,   2.748,9999.000,9999.000,9999.000,9999.000,9999.000,9999.000,9999.000
202602170300,   1.394,   2.699,   0.900,   0.405,   2.699,   0.900,   2.699,   1.000,   2.799
202602170306,   1.297,   2.578,9999.000,9999.000,9999.000,9999.000,9999.000,9999.000,9999.000
202602170312,   1.200,   2.450,9999.000,9999.000,9999.000,9999.000,9999.000,9999.000,9999.000
202602170318,   1.104,   2.368,9999.000,9999.000,9999.000,9999.000,9999.000,9999.000,9999.000
202602170324,   1.009,   2.368,9999.000,9999.000,9999.000,9999.000,9999.000,9999.000,9999.000
202602170330,   0.916,   2.210,9999.000,9999.000,9999.000,9999.000,9999.000,9999.000,9999.000
202602170336,   0.825,   2.099,9999.000,9999.000,9999.000,9999.000,9999.000,9999.000,9999.000
202602170342,   0.735,   2.118,9999.000,9999.000,9999.000,9999.000,9999.000,9999.000,9999.000
202602170348,   0.648,   2.089,9999.000,9999.000,9999.000,9999.000,9999.000,9999.000,9999.000
202602170354,   0.564,   1.859,9999.000,9999.000,9999.000,9999.000,9999.000,9999.000,9999.000
202602170400,   0.482,   1.790,   1.000,   0.308,   1.790,   0.900,   1.690,   1.000,   1.790
202602170406,   0.404,   1.728,9999.000,9999.000,9999.000,9999.000,9999.000,9999.000,9999.000
202602170412,   0.328,   1.669,9999.000,9999.000,9999.000,9999.000,9999.000,9999.000,9999.000
202602170418,   0.255,   1.508,9999.000,9999.000,9999.000,9999.000,9999.000,9999.000,9999.000
202602170424,   0.186,   1.449,9999.000,9999.000,9999.000,9999.000,9999.000,9999.000,9999.000
202602170430,   0.121,   1.380,9999.000,9999.000,9999.000,9999.000,9999.000,9999.000,9999.000
202602170436,   0.059,   1.361,9999.000,9999.000,9999.000,9999.000,9999.000,9999.000,9999.000
202602170442,   0.001,   1.279,9999.000,9999.000,9999.000,9999.000,9999.000,9999.000,9999.000
202602170448,  -0.051,   1.118,9999.000,9999.000,9999.000,9999.000,9999.000,9999.000,9999.000
202602170454,  -0.100,   1.088,9999.000,9999.000,9999.000,9999.000,9999.000,9999.000,9999.000
202602170500,  -0.145,   0.928,   0.900,   0.173,   0.928,   0.900,   0.928,   1.000,   1.028
202602170506,  -0.186,   0.869,9999.000,9999.000,9999.000,9999.000,9999.000,9999.000,9999.000
202602170512,  -0.221,   0.918,9999.000,9999.000,9999.000,9999.000,9999.000,9999.000,9999.000
202602170518,  -0.252,   0.829,9999.000,9999.000,9999.000,9999.000,9999.000,9999.000,9999.000
202602170524,  -0.277,   0.751,9999.000,9999.000,9999.000,9999.000,9999.000,9999.000,9999.000
202602170530,  -0.298,   0.800,9999.000,9999.000,9999.000,9999.000,9999.000,9999.000,9999.000
202602170536,  -0.313,   0.780,9999.000,9999.000,9999.000,9999.000,9999.000,9999.000,9999.000
202602170542,  -0.322,   0.770,9999.000,9999.000,9999.000,9999.000,9999.000,9999.000,9999.000
202602170548,  -0.327,   0.708,9999.000,9999.000,9999.000,9999.000,9999.000,9999.000,9999.000
202602170554,  -0.325,   0.659,9999.000,9999.000,9999.000,9999.000,9999.000,9999.000,9999.000
202602170600,  -0.318,   0.678,   0.900,   0.096,   0.678,   0.900,   0.678,   1.000,   0.778
202602170606,  -0.305,   0.718,9999.000,9999.000,9999.000,9999.000,9999.000,9999.000,9999.000
202602170612,  -0.286,   0.741,9999.000,9999.000,9999.000,9999.000,9999.000,9999.000,9999.000
202602170618,  -0.261,   0.718,9999.000,9999.000,9999.000,9999.000,9999.000,9999.000,9999.000
202602170624,  -0.230,   0.780,9999.000,9999.000,9999.000,9999.000,9999.000,9999.000,9999.000
202602170630,  -0.193,   0.741,9999.000,9999.000,9999.000,9999.000,9999.000,9999.000,9999.000
202602170636,  -0.151,   0.770,9999.000,9999.000,9999.000,9999.000,9999.000,9999.000,9999.000
202602170642,  -0.103,   0.839,9999.000,9999.000,9999.000,9999.000,9999.000,9999.000,9999.000
202602170648,  -0.048,   0.980,9999.000,9999.000,9999.000,9999.000,9999.000,9999.000,9999.000
202602170654,   0.010,   1.000,9999.000,9999.000,9999.000,9999.000,9999.000,9999.000,9999.000
202602170700,   0.076,   1.151,   0.900,   0.175,   1.151,   0.900,   1.151,   1.000,   1.251
202602170706,   0.146,   1.269,9999.000,9999.000,9999.000,9999.000,9999.000,9999.000,9999.000
202602170712,   0.222,   1.328,9999.000,9999.000,9999.000,9999.000,9999.000,9999.000,9999.000
202602170718,   0.303,   1.459,9999.000,9999.000,9999.000,9999.000,9999.000,9999.000,9999.000
202602170724,   0.389,   1.538,9999.000,9999.000,9999.000,9999.000,9999.000,9999.000,9999.000
202602170730,   0.479,   1.479,9999.000,9999.000,9999.000,9999.000,9999.000,9999.000,9999.000
202602170736,   0.573,   1.639,9999.000,9999.000,9999.000,9999.000,9999.000,9999.000,9999.000
202602170742,   0.671,   1.718,9999.000,9999.000,9999.000,9999.000,9999.000,9999.000,9999.000
202602170748,   0.773,   1.728,9999.000,9999.000,9999.000,9999.000,9999.000,9999.000,9999.000
202602170754,   0.879,   1.800,9999.000,9999.000,9999.000,9999.000,9999.000,9999.000,9999.000
202602170800,   0.987,   1.869,   0.900,  -0.018,   1.869,   0.800,   1.769,   1.000,   1.969
202602170806,   1.097,   2.049,9999.000,9999.000,9999.000,9999.000,9999.000,9999.000,9999.000
202602170812,   1.210,   2.177,9999.000,9999.000,9999.000,9999.000,9999.000,9999.000,9999.000
202602170818,   1.325,   2.420,9999.000,9999.000,9999.000,9999.000,9999.000,9999.000,9999.000
202602170824,   1.441,   2.410,9999.000,9999.000,9999.000,9999.000,9999.000,9999.000,9999.000
202602170830,   1.559,   2.568,9999.000,9999.000,9999.000,9999.000,9999.000,9999.000,9999.000
202602170836,   1.677,   2.719,9999.000,9999.000,9999.000,9999.000,9999.000,9999.000,9999.000
202602170842,   1.796,   2.850,9999.000,9999.000,9999.000,9999.000,9999.000,9999.000,9999.000
202602170848,   1.914,   2.909,9999.000,9999.000,9999.000,9999.000,9999.000,9999.000,9999.000
202602170854,   2.033,   3.040,9999.000,9999.000,9999.000,9999.000,9999.000,9999.000,9999.000
202602170900,   2.150,   3.240,   0.900,   0.190,   3.240,   0.800,   3.140,   0.900,   3.240
202602170906,   2.267,   3.348,9999.000,9999.000,9999.000,9999.000,9999.000,9999.000,9999.000
202602170912,   2.383,   3.388,9999.000,9999.000,9999.000,9999.000,9999.000,9999.000,9999.000
202602170918,   2.497,   3.548,9999.000,9999.000,9999.000,9999.000,9999.000,9999.000,9999.000
202602170924,   2.610,   3.699,9999.000,9999.000,9999.000,9999.000,9999.000,9999.000,9999.000
202602170930,   2.720,   3.768,9999.000,9999.000,9999.000,9999.000,9999.000,9999.000,9999.000
202602170936,   2.828,   3.899,9999.000,9999.000,9999.000,9999.000,9999.000,9999.000,9999.000
202602170942,   2.934,   3.899,9999.000,9999.000,9999.000,9999.000,9999.000,9999.000,9999.000
202602170948,   3.037,   4.037,9999.000,9999.000,9999.000,9999.000,9999.000,9999.000,9999.000
202602170954,   3.138,   4.129,9999.000,9999.000,9999.000,9999.000,9999.000,9999.000,9999.000
202602171000,   3.235,   4.208,   0.800,   0.173,   4.208,   0.800,   4.208,   0.900,   4.308
202602171006,   3.329,   4.280,9999.000,9999.000,9999.000,9999.000,9999.000,9999.000,9999.000
202602171012,   3.420,   4.467,9999.000,9999.000,9999.000,9999.000,9999.000,9999.000,9999.000
202602171018,   3.508,   4.588,9999.000,9999.000,9999.000,9999.000,9999.000,9999.000,9999.000
202602171024,   3.592,   4.598,9999.000,9999.000,9999.000,9999.000,9999.000,9999.000,9999.000
202602171030,   3.672,   4.657,9999.000,9999.000,9999.000,9999.000,9999.000,9999.000,9999.000
202602171036,   3.749,   4.719,9999.000,9999.000,9999.000,9999.000,9999.000,9999.000,9999.000
202602171042,   3.821,   4.749,9999.000,9999.000,9999.000,9999.000,9999.000,9999.000,9999.000
202602171048,   3.890,   4.769,9999.000,9999.000,9999.000,9999.000,9999.000,9999.000,9999.000
202602171054,   3.955,   4.847,9999.000,9999.000,9999.000,9999.000,9999.000,9999.000,9999.000
202602171100,   4.015,   4.887,   0.800,   0.072,   4.887,   0.700,   4.787,   0.900,   4.987
202602171106,   4.072,   5.047,9999.000,9999.000,9999.000,9999.000,9999.000,9999.000,9999.000
202602171112,   4.124,   5.087,9999.000,9999.000,9999.000,9999.000,9999.000,9999.000,9999.000
202602171118,   4.171,   5.110,9999.000,9999.000,9999.000,9999.000,9999.000,9999.000,9999.000
202602171124,   4.214,   5.179,9999.000,9999.000,9999.000,9999.000,9999.000,9999.000,9999.000
202602171130,   4.252,   5.267,9999.000,9999.000,9999.000,9999.000,9999.000,9999.000,9999.000
202602171136,   4.286,   5.329,9999.000,9999.000,9999.000,9999.000,9999.000,9999.000,9999.000
202602171142,   4.315,   5.438,9999.000,9999.000,9999.000,9999.000,9999.000,9999.000,9999.000
202602171148,   4.338,   5.487,9999.000,9999.000,9999.000,9999.000,9999.000,9999.000,9999.000
202602171154,   4.357,   5.428,9999.000,9999.000,9999.000,9999.000,9999.000,9999.000,9999.000
202602171200,   4.370,   5.569,   0.800,   0.399,   5.569,   0.700,   5.469,   0.900,   5.669
202602171206,   4.378,   5.530,9999.000,9999.000,9999.000,9999.000,9999.000,9999.000,9999.000
202602171212,   4.380,   5.559,9999.000,9999.000,9999.000,9999.000,9999.000,9999.000,9999.000
202602171218,   4.377,   5.608,9999.000,9999.000,9999.000,9999.000,9999.000,9999.000,9999.000
202602171224,   4.369,   5.497,9999.000,9999.000,9999.000,9999.000,9999.000,9999.000,9999.000
202602171230,   4.355,   5.549,9999.000,9999.000,9999.000,9999.000,9999.000,9999.000,9999.000
202602171236,   4.335,   5.477,9999.000,9999.000,9999.000,9999.000,9999.000,9999.000,9999.000
202602171242,   4.309,   5.457,9999.000,9999.000,9999.000,9999.000,9999.000,9999.000,9999.000
202602171248,   4.278,   5.389,9999.000,9999.000,9999.000,9999.000,9999.000,9999.000,9999.000
202602171254,   4.241,   5.398,9999.000,9999.000,9999.000,9999.000,9999.000,9999.000,9999.000
202602171300,   4.198,   5.369,   0.800,   0.371,   5.369,   0.700,   5.269,   0.800,   5.369
202602171306,   4.150,   5.359,9999.000,9999.000,9999.000,9999.000,9999.000,9999.000,9999.000
202602171312,   4.096,   5.320,9999.000,9999.000,9999.000,9999.000,9999.000,9999.000,9999.000
202602171318,   4.037,   5.287,9999.000,9999.000,9999.000,9999.000,9999.000,9999.000,9999.000
202602171324,   3.972,   5.188,9999.000,9999.000,9999.000,9999.000,9999.000,9999.000,9999.000
202602171330,   3.902,   5.120,9999.000,9999.000,9999.000,9999.000,9999.000,9999.000,9999.000
202602171336,   3.826,   5.038,9999.000,9999.000,9999.000,9999.000,9999.000,9999.000,9999.000
202602171342,   3.746,   4.969,9999.000,9999.000,9999.000,9999.000,9999.000,9999.000,9999.000
202602171348,   3.661,   4.887,9999.000,9999.000,9999.000,9999.000,9999.000,9999.000,9999.000
202602171354,   3.572,   4.877,9999.000,9999.000,9999.000,9999.000,9999.000,9999.000,9999.000
202602171400,   3.479,   4.729,   0.700,   0.550,   4.729,   0.700,   4.729,   0.800,   4.829
202602171406,   3.381,   4.628,9999.000,9999.000,9999.000,9999.000,9999.000,9999.000,9999.000
202602171412,   3.280,   4.447,9999.000,9999.000,9999.000,9999.000,9999.000,9999.000,9999.000
202602171418,   3.175,   4.309,9999.000,9999.000,9999.000,9999.000,9999.000,9999.000,9999.000
202602171424,   3.068,   4.378,9999.000,9999.000,9999.000,9999.000,9999.000,9999.000,9999.000
202602171430,   2.957,   4.178,9999.000,9999.000,9999.000,9999.000,9999.000,9999.000,9999.000
202602171436,   2.844,   4.090,9999.000,9999.000,9999.000,9999.000,9999.000,9999.000,9999.000
202602171442,   2.729,   3.919,9999.000,9999.000,9999.000,9999.000,9999.000,9999.000,9999.000
202602171448,   2.612,   3.768,9999.000,9999.000,9999.000,9999.000,9999.000,9999.000,9999.000
202602171454,   2.493,   3.680,9999.000,9999.000,9999.000,9999.000,9999.000,9999.000,9999.000
202602171500,   2.374,   3.548,   0.700,   0.474,   3.548,   0.700,   3.548,   0.800,   3.648
202602171506,   2.253,   3.319,9999.000,9999.000,9999.000,9999.000,9999.000,9999.000,9999.000
202602171512,   2.132,   3.289,9999.000,9999.000,9999.000,9999.000,9999.000,9999.000,9999.000
202602171518,   2.011,   3.158,9999.000,9999.000,9999.000,9999.000,9999.000,9999.000,9999.000
202602171524,   1.890,   2.978,9999.000,9999.000,9999.000,9999.000,9999.000,9999.000,9999.000
202602171530,   1.769,   2.850,9999.000,9999.000,9999.000,9999.000,9999.000,9999.000,9999.000
202602171536,   1.649,   2.758,9999.000,9999.000,9999.000,9999.000,9999.000,9999.000,9999.000
202602171542,   1.530,   2.709,9999.000,9999.000,9999.000,9999.000,9999.000,9999.000,9999.000
202602171548,   1.412,   2.679,9999.000,9999.000,9999.000,9999.000,9999.000,9999.000,9999.000
202602171554,   1.296,   2.479,9999.000,9999.000,9999.000,9999.000,9999.000,9999.000,9999.000
202602171600,   1.182,   2.377,   0.700,   0.495,   2.377,   0.600,   2.277,   0.700,   2.377
202602171606,   1.069,   2.168,9999.000,9999.000,9999.000,9999.000,9999.000,9999.000,9999.000
202602171612,   0.959,   1.958,9999.000,9999.000,9999.000,9999.000,9999.000,9999.000,9999.000
202602171618,   0.852,   1.918,9999.000,9999.000,9999.000,9999.000,9999.000,9999.000,9999.000
202602171624,   0.747,   1.767,9999.000,9999.000,9999.000,9999.000,9999.000,9999.000,9999.000
202602171630,   0.645,   1.689,9999.000,9999.000,9999.000,9999.000,9999.000,9999.000,9999.000
202602171636,   0.546,   1.630,9999.000,9999.000,9999.000,9999.000,9999.000,9999.000,9999.000
202602171642,   0.451,   1.508,9999.000,9999.000,9999.000,9999.000,9999.000,9999.000,9999.000
202602171648,   0.359,   1.430,9999.000,9999.000,9999.000,9999.000,9999.000,9999.000,9999.000
202602171654,   0.271,   1.420,9999.000,9999.000,9999.000,9999.000,9999.000,9999.000,9999.000
202602171700,   0.187,   1.259,   0.600,   0.472,   1.259,   0.600,   1.259,   0.700,   1.359
202602171706,   0.107,   1.151,9999.000,9999.000,9999.000,9999.000,9999.000,9999.000,9999.000
202602171712,   0.032,   1.151,9999.000,9999.000,9999.000,9999.000,9999.000,9999.000,9999.000
202602171718,  -0.038,   1.000,9999.000,9999.000,9999.000,9999.000,9999.000,9999.000,9999.000
202602171724,  -0.104,   0.961,9999.000,9999.000,9999.000,9999.000,9999.000,9999.000,9999.000
202602171730,  -0.165,   0.908,9999.000,9999.000,9999.000,9999.000,9999.000,9999.000,9999.000
202602171736,  -0.221,   0.790,9999.000,9999.000,9999.000,9999.000,9999.000,9999.000,9999.000
202602171742,  -0.272,   0.698,9999.000,9999.000,9999.000,9999.000,9999.000,9999.000,9999.000
202602171748,  -0.317,   0.629,9999.000,9999.000,9999.000,9999.000,9999.000,9999.000,9999.000
202602171754,  -0.357,   0.708,9999.000,9999.000,9999.000,9999.000,9999.000,9999.000,9999.000
202602171800,  -0.390,   0.659,   0.600,   0.449,   0.659,   0.600,   0.659,   0.700,   0.759
202602171806,  -0.419,   0.629,9999.000,9999.000,9999.000,9999.000,9999.000,9999.000,9999.000
202602171812,  -0.441,   0.498,9999.000,9999.000,9999.000,9999.000,9999.000,9999.000,9999.000
202602171818,  -0.457,   0.531,9999.000,9999.000,9999.000,9999.000,9999.000,9999.000,9999.000
202602171824,  -0.466,   0.449,9999.000,9999.000,9999.000,9999.000,9999.000,9999.000,9999.000
202602171830,  -0.470,   0.409,9999.000,9999.000,9999.000,9999.000,9999.000,9999.000,9999.000
202602171836,  -0.467,   0.449,9999.000,9999.000,9999.000,9999.000,9999.000,9999.000,9999.000
202602171842,  -0.458,   0.518,9999.000,9999.000,9999.000,9999.000,9999.000,9999.000,9999.000
202602171848,  -0.442,   0.570,9999.000,9999.000,9999.000,9999.000,9999.000,9999.000,9999.000
202602171854,  -0.420,   0.531,9999.000,9999.000,9999.000,9999.000,9999.000,9999.000,9999.000
202602171900,  -0.392,   0.518,   0.600,   0.310,   0.518,   0.600,   0.518,   0.700,   0.618
202602171906,  -0.358,   0.488,9999.000,9999.000,9999.000,9999.000,9999.000,9999.000,9999.000
202602171912,  -0.318,   0.551,9999.000,9999.000,9999.000,9999.000,9999.000,9999.000,9999.000
202602171918,  -0.271,   0.518,9999.000,9999.000,9999.000,9999.000,9999.000,9999.000,9999.000
202602171924,  -0.219,   0.619,9999.000,9999.000,9999.000,9999.000,9999.000,9999.000,9999.000
202602171930,  -0.161,   0.678,9999.000,9999.000,9999.000,9999.000,9999.000,9999.000,9999.000
202602171936,  -0.098,   0.731,9999.000,9999.000,9999.000,9999.000,9999.000,9999.000,9999.000
202602171942,  -0.030,   0.741,9999.000,9999.000,9999.000,9999.000,9999.000,9999.000,9999.000
202602171948,   0.043,   0.780,9999.000,9999.000,9999.000,9999.000,9999.000,9999.000,9999.000
202602171954,   0.121,   0.908,9999.000,9999.000,9999.000,9999.000,9999.000,9999.000,9999.000
202602172000,   0.203,   1.020,   0.600,   0.217,   1.020,   0.600,   1.020,   0.600,   1.020
202602172006,   0.289,   1.049,9999.000,9999.000,9999.000,9999.000,9999.000,9999.000,9999.000
202602172012,   0.380,   1.128,9999.000,9999.000,9999.000,9999.000,9999.000,9999.000,9999.000
202602172018,   0.473,   1.138,9999.000,9999.000,9999.000,9999.000,9999.000,9999.000,9999.000
202602172024,   0.569,   1.279,9999.000,9999.000,9999.000,9999.000,9999.000,9999.000,9999.000
202602172030,   0.669,   1.371,9999.000,9999.000,9999.000,9999.000,9999.000,9999.000,9999.000
202602172036,   0.770,   1.449,9999.000,9999.000,9999.000,9999.000,9999.000,9999.000,9999.000
202602172042,   0.873,   1.508,9999.000,9999.000,9999.000,9999.000,9999.000,9999.000,9999.000
202602172048,   0.978,   1.679,9999.000,9999.000,9999.000,9999.000,9999.000,9999.000,9999.000
202602172054,   1.084,   1.728,9999.000,9999.000,9999.000,9999.000,9999.000,9999.000,9999.000
202602172100,   1.191,   1.908,   0.600,   0.117,   1.908,   0.500,   1.808,   0.600,   1.908
202602172106,   1.298,   2.000,9999.000,9999.000,9999.000,9999.000,9999.000,9999.000,9999.000
202602172112,   1.406,   2.128,9999.000,9999.000,9999.000,9999.000,9999.000,9999.000,9999.000
202602172118,   1.513,   2.299,9999.000,9999.000,9999.000,9999.000,9999.000,9999.000,9999.000
202602172124,   1.619,   2.348,9999.000,9999.000,9999.000,9999.000,9999.000,9999.000,9999.000
202602172130,   1.725,   2.489,9999.000,9999.000,9999.000,9999.000,9999.000,9999.000,9999.000
202602172136,   1.830,   2.509,9999.000,9999.000,9999.000,9999.000,9999.000,9999.000,9999.000
202602172142,   1.934,   2.689,9999.000,9999.000,9999.000,9999.000,9999.000,9999.000,9999.000
202602172148,   2.036,   2.787,9999.000,9999.000,9999.000,9999.000,9999.000,9999.000,9999.000
202602172154,   2.136,   2.929,9999.000,9999.000,9999.000,9999.000,9999.000,9999.000,9999.000
202602172200,   2.234,   3.089,   0.600,   0.255,   3.089,   0.500,   2.989,   0.600,   3.089
202602172206,   2.330,   3.109,9999.000,9999.000,9999.000,9999.000,9999.000,9999.000,9999.000
202602172212,   2.423,   3.339,9999.000,9999.000,9999.000,9999.000,9999.000,9999.000,9999.000
202602172218,   2.514,   3.450,9999.000,9999.000,9999.000,9999.000,9999.000,9999.000,9999.000
202602172224,   2.602,   3.470,9999.000,9999.000,9999.000,9999.000,9999.000,9999.000,9999.000
202602172230,   2.687,   3.509,9999.000,9999.000,9999.000,9999.000,9999.000,9999.000,9999.000
202602172236,   2.769,   3.637,9999.000,9999.000,9999.000,9999.000,9999.000,9999.000,9999.000
202602172242,   2.848,   3.689,9999.000,9999.000,9999.000,9999.000,9999.000,9999.000,9999.000
202602172248,   2.924,   3.768,9999.000,9999.000,9999.000,9999.000,9999.000,9999.000,9999.000
202602172254,   2.997,   3.827,9999.000,9999.000,9999.000,9999.000,9999.000,9999.000,9999.000
202602172300,   3.066,   4.017,   0.500,   0.451,   4.017,   0.500,   4.017,   0.600,   4.117
202602172306,   3.131,   4.037,9999.000,9999.000,9999.000,9999.000,9999.000,9999.000,9999.000
202602172312,   3.193,   4.099,9999.000,9999.000,9999.000,9999.000,9999.000,9999.000,9999.000
202602172318,   3.251,   4.129,9999.000,9999.000,9999.000,9999.000,9999.000,9999.000,9999.000
202602172324,   3.305,   4.168,9999.000,9999.000,9999.000,9999.000,9999.000,9999.000,9999.000
202602172330,   3.355,   4.227,9999.000,9999.000,9999.000,9999.000,9999.000,9999.000,9999.000
202602172336,   3.401,   4.247,9999.000,9999.000,9999.000,9999.000,9999.000,9999.000,9999.000
202602172342,   3.443,   4.290,9999.000,9999.000,9999.000,9999.000,9999.000,9999.000,9999.000
202602172348,   3.481,   4.267,9999.000,9999.000,9999.000,9999.000,9999.000,9999.000,9999.000
202602172354,   3.514,   4.391,9999.000,9999.000,9999.000,9999.000,9999.000,9999.000,9999.000
202602180000,   3.543,   4.391,   0.600,   0.248,   4.391,   0.500,   4.291,   0.600,   4.391
202602180006,   3.567,   4.388,9999.000,9999.000,9999.000,9999.000,9999.000,9999.000,9999.000
202602180012,   3.586,   4.359,9999.000,9999.000,9999.000,9999.000,9999.000,9999.000,9999.000
202602180018,   3.600,   4.309,9999.000,9999.000,9999.000,9999.000,9999.000,9999.000,9999.000
202602180024,   3.610,   4.359,9999.000,9999.000,9999.000,9999.000,9999.000,9999.000,9999.000
202602180030,   3.614,   4.388,9999.000,9999.000,9999.000,9999.000,9999.000,9999.000,9999.000
202602180036,   3.614,   4.529,9999.000,9999.000,9999.000,9999.000,9999.000,9999.000,9999.000
202602180042,   3.608,   4.490,9999.000,9999.000,9999.000,9999.000,9999.000,9999.000,9999.000
202602180048,   3.597,   4.519,9999.000,9999.000,9999.000,9999.000,9999.000,9999.000,9999.000
202602180054,   3.581,   4.490,9999.000,9999.000,9999.000,9999.000,9999.000,9999.000,9999.000
202602180100,   3.559,   4.549,   0.600,   0.390,   4.549,   0.500,   4.449,   0.600,   4.549
202602180106,   3.533,   4.490,9999.000,9999.000,9999.000,9999.000,9999.000,9999.000,9999.000
202602180112,   3.500,   4.500,9999.000,9999.000,9999.000,9999.000,9999.000,9999.000,9999.000
202602180118,   3.463,   4.378,9999.000,9999.000,9999.000,9999.000,9999.000,9999.000,9999.000
202602180124,   3.420,   4.329,9999.000,9999.000,9999.000,9999.000,9999.000,9999.000,9999.000
202602180130,   3.373,   4.300,9999.000,9999.000,9999.000,9999.000,9999.000,9999.000,9999.000
202602180136,   3.320,   4.227,9999.000,9999.000,9999.000,9999.000,9999.000,9999.000,9999.000
202602180142,   3.262,   4.099,9999.000,9999.000,9999.000,9999.000,9999.000,9999.000,9999.000
202602180148,   3.199,   3.958,9999.000,9999.000,9999.000,9999.000,9999.000,9999.000,9999.000
202602180154,   3.132,   3.870,9999.000,9999.000,9999.000,9999.000,9999.000,9999.000,9999.000
202602180200,   3.060,   3.870,   0.600,   0.210,   3.870,   0.500,   3.770,   0.600,   3.870
202602180206,   2.984,   3.847,9999.000,9999.000,9999.000,9999.000,9999.000,9999.000,9999.000
202602180212,   2.904,   3.837,9999.000,9999.000,9999.000,9999.000,9999.000,9999.000,9999.000
202602180218,   2.820,   3.719,9999.000,9999.000,9999.000,9999.000,9999.000,9999.000,9999.000
202602180224,   2.732,   3.617,9999.000,9999.000,9999.000,9999.000,9999.000,9999.000,9999.000
202602180230,   2.641,   3.460,9999.000,9999.000,9999.000,9999.000,9999.000,9999.000,9999.000
202602180236,   2.547,   3.450,9999.000,9999.000,9999.000,9999.000,9999.000,9999.000,9999.000
202602180242,   2.450,   3.260,9999.000,9999.000,9999.000,9999.000,9999.000,9999.000,9999.000
202602180248,   2.351,   3.197,9999.000,9999.000,9999.000,9999.000,9999.000,9999.000,9999.000
202602180254,   2.250,   3.050,9999.000,9999.000,9999.000,9999.000,9999.000,9999.000,9999.000
202602180300,   2.146,   2.929,   0.600,   0.183,   2.929,   0.600,   2.929,   0.600,   2.929
202602180306,   2.042,   2.850,9999.000,9999.000,9999.000,9999.000,9999.000,9999.000,9999.000
202602180312,   1.936,   2.758,9999.000,9999.000,9999.000,9999.000,9999.000,9999.000,9999.000
202602180318,   1.829,   2.640,9999.000,9999.000,9999.000,9999.000,9999.000,9999.000,9999.000
202602180324,   1.722,   2.568,9999.000,9999.000,9999.000,9999.000,9999.000,9999.000,9999.000
202602180330,   1.614,   2.469,9999.000,9999.000,9999.000,9999.000,9999.000,9999.000,9999.000
202602180336,   1.506,   2.368,9999.000,9999.000,9999.000,9999.000,9999.000,9999.000,9999.000
202602180342,   1.399,   2.168,9999.000,9999.000,9999.000,9999.000,9999.000,9999.000,9999.000
202602180348,   1.293,   2.200,9999.000,9999.000,9999.000,9999.000,9999.000,9999.000,9999.000
202602180354,   1.187,   1.967,9999.000,9999.000,9999.000,9999.000,9999.000,9999.000,9999.000
202602180400,   1.083,   1.869,   0.600,   0.186,   1.869,   0.600,   1.869,   0.700,   1.969
202602180406,   0.980,   1.800,9999.000,9999.000,9999.000,9999.000,9999.000,9999.000,9999.000
202602180412,   0.878,   1.781,9999.000,9999.000,9999.000,9999.000,9999.000,9999.000,9999.000
202602180418,   0.779,   1.639,9999.000,9999.000,9999.000,9999.000,9999.000,9999.000,9999.000
202602180424,   0.682,   1.600,9999.000,9999.000,9999.000,9999.000,9999.000,9999.000,9999.000
202602180430,   0.587,   1.420,9999.000,9999.000,9999.000,9999.000,9999.000,9999.000,9999.000
202602180436,   0.496,   1.400,9999.000,9999.000,9999.000,9999.000,9999.000,9999.000,9999.000
202602180442,   0.407,   1.239,9999.000,9999.000,9999.000,9999.000,9999.000,9999.000,9999.000
202602180448,   0.321,   1.151,9999.000,9999.000,9999.000,9999.000,9999.000,9999.000,9999.000
202602180454,   0.238,   0.961,9999.000,9999.000,9999.000,9999.000,9999.000,9999.000,9999.000
202602180500,   0.160,   0.941,   0.600,   0.181,   0.941,   0.600,   0.941,   0.700,   1.041
202602180506,   0.084,   0.951,9999.000,9999.000,9999.000,9999.000,9999.000,9999.000,9999.000
202602180512,   0.013,   0.859,9999.000,9999.000,9999.000,9999.000,9999.000,9999.000,9999.000
202602180518,  -0.053,   0.741,9999.000,9999.000,9999.000,9999.000,9999.000,9999.000,9999.000
202602180524,  -0.115,   0.649,9999.000,9999.000,9999.000,9999.000,9999.000,9999.000,9999.000
202602180530,  -0.173,   0.600,9999.000,9999.000,9999.000,9999.000,9999.000,9999.000,9999.000
202602180536,  -0.227,   0.600,9999.000,9999.000,9999.000,9999.000,9999.000,9999.000,9999.000
202602180542,  -0.275,   0.508,9999.000,9999.000,9999.000,9999.000,9999.000,9999.000,9999.000
202602180548,  -0.318,   0.390,9999.000,9999.000,9999.000,9999.000,9999.000,9999.000,9999.000
202602180554,  -0.356,   0.400,9999.000,9999.000,9999.000,9999.000,9999.000,9999.000,9999.000
202602180600,  -0.389,   0.439,   0.600,   0.228,   0.439,   0.600,   0.439,   0.700,   0.539
202602180606,  -0.416,   0.360,9999.000,9999.000,9999.000,9999.000,9999.000,9999.000,9999.000
202602180612,  -0.437,   0.360,9999.000,9999.000,9999.000,9999.000,9999.000,9999.000,9999.000
202602180618,  -0.453,   0.370,9999.000,9999.000,9999.000,9999.000,9999.000,9999.000,9999.000
202602180624,  -0.462,   0.341,9999.000,9999.000,9999.000,9999.000,9999.000,9999.000,9999.000
202602180630,  -0.465,   0.390,9999.000,9999.000,9999.000,9999.000,9999.000,9999.000,9999.000
202602180636,  -0.463,   0.370,9999.000,9999.000,9999.000,9999.000,9999.000,9999.000,9999.000
202602180642,  -0.454,   0.449,9999.000,9999.000,9999.000,9999.000,9999.000,9999.000,9999.000
202602180648,  -0.438,   0.400,9999.000,9999.000,9999.000,9999.000,9999.000,9999.000,9999.000
202602180654,  -0.416,   0.390,9999.000,9999.000,9999.000,9999.000,9999.000,9999.000,9999.000
202602180700,  -0.388,   0.380,   0.700,   0.068,   0.380,   0.600,   0.280,   0.700,   0.380
202602180706,  -0.354,   0.390,9999.000,9999.000,9999.000,9999.000,9999.000,9999.000,9999.000
202602180712,  -0.314,   0.439,9999.000,9999.000,9999.000,9999.000,9999.000,9999.000,9999.000
202602180718,  -0.267,   0.508,9999.000,9999.000,9999.000,9999.000,9999.000,9999.000,9999.000
202602180724,  -0.214,   0.570,9999.000,9999.000,9999.000,9999.000,9999.000,9999.000,9999.000
202602180730,  -0.155,   0.551,9999.000,9999.000,9999.000,9999.000,9999.000,9999.000,9999.000
202602180736,  -0.090,   0.770,9999.000,9999.000,9999.000,9999.000,9999.000,9999.000,9999.000
202602180742,  -0.019,   0.898,9999.000,9999.000,9999.000,9999.000,9999.000,9999.000,9999.000
202602180748,   0.056,   0.849,9999.000,9999.000,9999.000,9999.000,9999.000,9999.000,9999.000
202602180754,   0.137,   1.010,9999.000,9999.000,9999.000,9999.000,9999.000,9999.000,9999.000
202602180800,   0.224,   1.020,   0.700,   0.096,   1.020,   0.700,   1.020,   0.700,   1.020
202602180806,   0.315,   1.200,9999.000,9999.000,9999.000,9999.000,9999.000,9999.000,9999.000
202602180812,   0.410,   1.338,9999.000,9999.000,9999.000,9999.000,9999.000,9999.000,9999.000
202602180818,   0.510,   1.361,9999.000,9999.000,9999.000,9999.000,9999.000,9999.000,9999.000
202602180824,   0.614,   1.469,9999.000,9999.000,9999.000,9999.000,9999.000,9999.000,9999.000
202602180830,   0.721,   1.630,9999.000,9999.000,9999.000,9999.000,9999.000,9999.000,9999.000
202602180836,   0.831,   1.767,9999.000,9999.000,9999.000,9999.000,9999.000,9999.000,9999.000
202602180842,   0.945,   1.840,9999.000,9999.000,9999.000,9999.000,9999.000,9999.000,9999.000
202602180848,   1.060,   1.990,9999.000,9999.000,9999.000,9999.000,9999.000,9999.000,9999.000
202602180854,   1.178,   2.069,9999.000,9999.000,9999.000,9999.000,9999.000,9999.000,9999.000
202602180900,   1.298,   2.269,   0.700,   0.271,   2.269,   0.700,   2.269,   0.700,   2.269
202602180906,   1.418,   2.269,9999.000,9999.000,9999.000,9999.000,9999.000,9999.000,9999.000
202602180912,   1.540,   2.450,9999.000,9999.000,9999.000,9999.000,9999.000,9999.000,9999.000
202602180918,   1.662,   2.558,9999.000,9999.000,9999.000,9999.000,9999.000,9999.000,9999.000
202602180924,   1.785,   2.719,9999.000,9999.000,9999.000,9999.000,9999.000,9999.000,9999.000
202602180930,   1.908,   2.948,9999.000,9999.000,9999.000,9999.000,9999.000,9999.000,9999.000
202602180936,   2.030,   3.050,9999.000,9999.000,9999.000,9999.000,9999.000,9999.000,9999.000
202602180942,   2.151,   3.240,9999.000,9999.000,9999.000,9999.000,9999.000,9999.000,9999.000
202602180948,   2.271,   3.289,9999.000,9999.000,9999.000,9999.000,9999.000,9999.000,9999.000
202602180954,   2.390,   3.270,9999.000,9999.000,9999.000,9999.000,9999.000,9999.000,9999.000
202602181000,   2.508,   3.407,   0.800,   0.099,   3.407,   0.700,   3.307,   0.800,   3.407
202602181006,   2.623,   3.489,9999.000,9999.000,9999.000,9999.000,9999.000,9999.000,9999.000
202602181012,   2.737,   3.689,9999.000,9999.000,9999.000,9999.000,9999.000,9999.000,9999.000
202602181018,   2.848,   3.847,9999.000,9999.000,9999.000,9999.000,9999.000,9999.000,9999.000
202602181024,   2.956,   3.909,9999.000,9999.000,9999.000,9999.000,9999.000,9999.000,9999.000
202602181030,   3.062,   4.057,9999.000,9999.000,9999.000,9999.000,9999.000,9999.000,9999.000
202602181036,   3.165,   4.099,9999.000,9999.000,9999.000,9999.000,9999.000,9999.000,9999.000
202602181042,   3.264,   4.159,9999.000,9999.000,9999.000,9999.000,9999.000,9999.000,9999.000
202602181048,   3.361,   4.208,9999.000,9999.000,9999.000,9999.000,9999.000,9999.000,9999.000
202602181054,   3.454,   4.388,9999.000,9999.000,9999.000,9999.000,9999.000,9999.000,9999.000
202602181100,   3.543,   4.529,   0.800,   0.186,   4.529,   0.800,   4.529,   0.800,   4.529
202602181106,   3.629,   4.667,9999.000,9999.000,9999.000,9999.000,9999.000,9999.000,9999.000
202602181112,   3.711,   4.710,9999.000,9999.000,9999.000,9999.000,9999.000,9999.000,9999.000
202602181118,   3.788,   4.867,9999.000,9999.000,9999.000,9999.000,9999.000,9999.000,9999.000
202602181124,   3.862,   4.877,9999.000,9999.000,9999.000,9999.000,9999.000,9999.000,9999.000
202602181130,   3.931,   5.057,9999.000,9999.000,9999.000,9999.000,9999.000,9999.000,9999.000
202602181136,   3.997,   5.047,9999.000,9999.000,9999.000,9999.000,9999.000,9999.000,9999.000
202602181142,   4.057,   5.159,9999.000,9999.000,9999.000,9999.000,9999.000,9999.000,9999.000
202602181148,   4.113,   5.228,9999.000,9999.000,9999.000,9999.000,9999.000,9999.000,9999.000
202602181154,   4.164,   5.097,9999.000,9999.000,9999.000,9999.000,9999.000,9999.000,9999.000
202602181200,   4.211,   5.159,   0.800,   0.148,   5.159,   0.800,   5.159,   0.800,   5.159
202602181206,   4.253,   5.257,9999.000,9999.000,9999.000,9999.000,9999.000,9999.000,9999.000
202602181212,   4.289,   5.369,9999.000,9999.000,9999.000,9999.000,9999.000,9999.000,9999.000
202602181218,   4.320,   5.487,9999.000,9999.000,9999.000,9999.000,9999.000,9999.000,9999.000
202602181224,   4.346,   5.448,9999.000,9999.000,9999.000,9999.000,9999.000,9999.000,9999.000
202602181230,   4.367,   5.398,9999.000,9999.000,9999.000,9999.000,9999.000,9999.000,9999.000
202602181236,   4.382,   5.516,9999.000,9999.000,9999.000,9999.000,9999.000,9999.000,9999.000
202602181242,   4.392,   5.549,9999.000,9999.000,9999.000,9999.000,9999.000,9999.000,9999.000
202602181248,   4.396,   5.467,9999.000,9999.000,9999.000,9999.000,9999.000,9999.000,9999.000
202602181254,   4.394,   5.598,9999.000,9999.000,9999.000,9999.000,9999.000,9999.000,9999.000
202602181300,   4.387,   5.569,   0.800,   0.382,   5.569,   0.800,   5.569,   0.900,   5.669
202602181306,   4.373,   5.539,9999.000,9999.000,9999.000,9999.000,9999.000,9999.000,9999.000
202602181312,   4.354,   5.497,9999.000,9999.000,9999.000,9999.000,9999.000,9999.000,9999.000
202602181318,   4.329,   5.497,9999.000,9999.000,9999.000,9999.000,9999.000,9999.000,9999.000
202602181324,   4.297,   5.516,9999.000,9999.000,9999.000,9999.000,9999.000,9999.000,9999.000
202602181330,   4.260,   5.516,9999.000,9999.000,9999.000,9999.000,9999.000,9999.000,9999.000
202602181336,   4.218,   5.549,9999.000,9999.000,9999.000,9999.000,9999.000,9999.000,9999.000
202602181342,   4.169,   5.428,9999.000,9999.000,9999.000,9999.000,9999.000,9999.000,9999.000
202602181348,   4.114,   5.467,9999.000,9999.000,9999.000,9999.000,9999.000,9999.000,9999.000
202602181354,   4.054,   5.507,9999.000,9999.000,9999.000,9999.000,9999.000,9999.000,9999.000
202602181400,   3.989,   5.349,   0.800,   0.560,   5.349,   0.800,   5.349,   0.900,   5.449
202602181406,   3.918,   5.287,9999.000,9999.000,9999.000,9999.000,9999.000,9999.000,9999.000
202602181412,   3.841,   5.247,9999.000,9999.000,9999.000,9999.000,9999.000,9999.000,9999.000
202602181418,   3.760,   5.169,9999.000,9999.000,9999.000,9999.000,9999.000,9999.000,9999.000
202602181424,   3.674,   5.028,9999.000,9999.000,9999.000,9999.000,9999.000,9999.000,9999.000
202602181430,   3.583,   4.877,9999.000,9999.000,9999.000,9999.000,9999.000,9999.000,9999.000
202602181436,   3.488,   4.700,9999.000,9999.000,9999.000,9999.000,9999.000,9999.000,9999.000
202602181442,   3.389,   4.677,9999.000,9999.000,9999.000,9999.000,9999.000,9999.000,9999.000
202602181448,   3.286,   4.549,9999.000,9999.000,9999.000,9999.000,9999.000,9999.000,9999.000
202602181454,   3.179,   4.529,9999.000,9999.000,9999.000,9999.000,9999.000,9999.000,9999.000
202602181500,   3.069,   4.359,   0.800,   0.490,   4.359,   0.800,   4.359,   0.900,   4.459
202602181506,   2.956,   4.198,9999.000,9999.000,9999.000,9999.000,9999.000,9999.000,9999.000
202602181512,   2.840,   4.070,9999.000,9999.000,9999.000,9999.000,9999.000,9999.000,9999.000
202602181518,   2.722,   3.978,9999.000,9999.000,9999.000,9999.000,9999.000,9999.000,9999.000
202602181524,   2.602,   3.749,9999.000,9999.000,9999.000,9999.000,9999.000,9999.000,9999.000
202602181530,   2.480,   3.798,9999.000,9999.000,9999.000,9999.000,9999.000,9999.000,9999.000
202602181536,   2.357,   3.598,9999.000,9999.000,9999.000,9999.000,9999.000,9999.000,9999.000
202602181542,   2.233,   3.398,9999.000,9999.000,9999.000,9999.000,9999.000,9999.000,9999.000
202602181548,   2.108,   3.299,9999.000,9999.000,9999.000,9999.000,9999.000,9999.000,9999.000
202602181554,   1.982,   3.178,9999.000,9999.000,9999.000,9999.000,9999.000,9999.000,9999.000
202602181600,   1.857,   3.040,   0.800,   0.383,   3.040,   0.800,   3.040,   0.900,   3.140
202602181606,   1.732,   2.807,9999.000,9999.000,9999.000,9999.000,9999.000,9999.000,9999.000
202602181612,   1.607,   2.650,9999.000,9999.000,9999.000,9999.000,9999.000,9999.000,9999.000
202602181618,   1.484,   2.578,9999.000,9999.000,9999.000,9999.000,9999.000,9999.000,9999.000
202602181624,   1.361,   2.528,9999.000,9999.000,9999.000,9999.000,9999.000,9999.000,9999.000
202602181630,   1.240,   2.430,9999.000,9999.000,9999.000,9999.000,9999.000,9999.000,9999.000
202602181636,   1.120,   2.220,9999.000,9999.000,9999.000,9999.000,9999.000,9999.000,9999.000
202602181642,   1.003,   2.191,9999.000,9999.000,9999.000,9999.000,9999.000,9999.000,9999.000
202602181648,   0.888,   2.109,9999.000,9999.000,9999.000,9999.000,9999.000,9999.000,9999.000
202602181654,   0.775,   1.938,9999.000,9999.000,9999.000,9999.000,9999.000,9999.000,9999.000
202602181700,   0.666,   1.908,   0.800,   0.442,   1.908,   0.800,   1.908,   0.900,   2.008
202602181706,   0.559,   1.689,9999.000,9999.000,9999.000,9999.000,9999.000,9999.000,9999.000
202602181712,   0.456,   1.459,9999.000,9999.000,9999.000,9999.000,9999.000,9999.000,9999.000
202602181718,   0.356,   1.449,9999.000,9999.000,9999.000,9999.000,9999.000,9999.000,9999.000
202602181724,   0.261,   1.420,9999.000,9999.000,9999.000,9999.000,9999.000,9999.000,9999.000
202602181730,   0.169,   1.298,9999.000,9999.000,9999.000,9999.000,9999.000,9999.000,9999.000
202602181736,   0.081,   1.170,9999.000,9999.000,9999.000,9999.000,9999.000,9999.000,9999.000
202602181742,   0.000,   1.229,9999.000,9999.000,9999.000,9999.000,9999.000,9999.000,9999.000
202602181748,  -0.079,   1.151,9999.000,9999.000,9999.000,9999.000,9999.000,9999.000,9999.000
202602181754,  -0.152,   1.088,9999.000,9999.000,9999.000,9999.000,9999.000,9999.000,9999.000
202602181800,  -0.220,   0.970,   0.900,   0.290,   0.970,   0.800,   0.870,   0.900,   0.970
202602181806,  -0.283,   0.819,9999.000,9999.000,9999.000,9999.000,9999.000,9999.000,9999.000
202602181812,  -0.340,   0.810,9999.000,9999.000,9999.000,9999.000,9999.000,9999.000,9999.000
202602181818,  -0.391,   0.678,9999.000,9999.000,9999.000,9999.000,9999.000,9999.000,9999.000
202602181824,  -0.437,   0.708,9999.000,9999.000,9999.000,9999.000,9999.000,9999.000,9999.000
202602181830,  -0.477,   0.698,9999.000,9999.000,9999.000,9999.000,9999.000,9999.000,9999.000
202602181836,  -0.510,   0.541,9999.000,9999.000,9999.000,9999.000,9999.000,9999.000,9999.000
202602181842,  -0.537,   0.488,9999.000,9999.000,9999.000,9999.000,9999.000,9999.000,9999.000
202602181848,  -0.558,   0.469,9999.000,9999.000,9999.000,9999.000,9999.000,9999.000,9999.000
202602181854,  -0.572,   0.429,9999.000,9999.000,9999.000,9999.000,9999.000,9999.000,9999.000
202602181900,  -0.580,   0.390,   0.900,   0.070,   0.390,   0.900,   0.390,   0.900,   0.390
202602181906,  -0.581,   0.478,9999.000,9999.000,9999.000,9999.000,9999.000,9999.000,9999.000
202602181912,  -0.576,   0.459,9999.000,9999.000,9999.000,9999.000,9999.000,9999.000,9999.000
202602181918,  -0.563,   0.409,9999.000,9999.000,9999.000,9999.000,9999.000,9999.000,9999.000
202602181924,  -0.545,   0.360,9999.000,9999.000,9999.000,9999.000,9999.000,9999.000,9999.000
202602181930,  -0.519,   0.449,9999.000,9999.000,9999.000,9999.000,9999.000,9999.000,9999.000
202602181936,  -0.487,   0.518,9999.000,9999.000,9999.000,9999.000,9999.000,9999.000,9999.000
202602181942,  -0.449,   0.570,9999.000,9999.000,9999.000,9999.000,9999.000,9999.000,9999.000
202602181948,  -0.405,   0.619,9999.000,9999.000,9999.000,9999.000,9999.000,9999.000,9999.000
202602181954,  -0.354,   0.639,9999.000,9999.000,9999.000,9999.000,9999.000,9999.000,9999.000
202602182000,  -0.297,   0.751,   0.900,   0.148,   0.751,   0.900,   0.751,   0.900,   0.751
202602182006,  -0.235,   0.780,9999.000,9999.000,9999.000,9999.000,9999.000,9999.000,9999.000
202602182012,  -0.167,   0.800,9999.000,9999.000,9999.000,9999.000,9999.000,9999.000,9999.000
202602182018,  -0.093,   0.928,9999.000,9999.000,9999.000,9999.000,9999.000,9999.000,9999.000
202602182024,  -0.015,   0.908,9999.000,9999.000,9999.000,9999.000,9999.000,9999.000,9999.000
202602182030,   0.067,   1.098,9999.000,9999.000,9999.000,9999.000,9999.000,9999.000,9999.000
202602182036,   0.155,   1.190,9999.000,9999.000,9999.000,9999.000,9999.000,9999.000,9999.000
202602182042,   0.247,   1.220,9999.000,9999.000,9999.000,9999.000,9999.000,9999.000,9999.000
202602182048,   0.343,   1.269,9999.000,9999.000,9999.000,9999.000,9999.000,9999.000,9999.000
202602182054,   0.442,   1.459,9999.000,9999.000,9999.000,9999.000,9999.000,9999.000,9999.000
202602182100,   0.544,   1.571,   0.900,   0.127,   1.571,   0.900,   1.571,   0.900,   1.571
202602182106,   0.650,   1.738,9999.000,9999.000,9999.000,9999.000,9999.000,9999.000,9999.000
202602182112,   0.757,   1.879,9999.000,9999.000,9999.000,9999.000,9999.000,9999.000,9999.000
202602182118,   0.867,   1.859,9999.000,9999.000,9999.000,9999.000,9999.000,9999.000,9999.000
202602182124,   0.979,   2.109,9999.000,9999.000,9999.000,9999.000,9999.000,9999.000,9999.000
202602182130,   1.092,   2.049,9999.000,9999.000,9999.000,9999.000,9999.000,9999.000,9999.000
202602182136,   1.206,   2.240,9999.000,9999.000,9999.000,9999.000,9999.000,9999.000,9999.000
202602182142,   1.320,   2.338,9999.000,9999.000,9999.000,9999.000,9999.000,9999.000,9999.000
202602182148,   1.435,   2.410,9999.000,9999.000,9999.000,9999.000,9999.000,9999.000,9999.000
202602182154,   1.550,   2.597,9999.000,9999.000,9999.000,9999.000,9999.000,9999.000,9999.000
202602182200,   1.664,   2.719,   0.800,   0.255,   2.719,   0.800,   2.719,   0.900,   2.819
202602182206,   1.778,   2.778,9999.000,9999.000,9999.000,9999.000,9999.000,9999.000,9999.000
202602182212,   1.891,   2.909,9999.000,9999.000,9999.000,9999.000,9999.000,9999.000,9999.000
202602182218,   2.003,   3.109,9999.000,9999.000,9999.000,9999.000,9999.000,9999.000,9999.000
202602182224,   2.113,   3.197,9999.000,9999.000,9999.000,9999.000,9999.000,9999.000,9999.000
202602182230,   2.222,   3.358,9999.000,9999.000,9999.000,9999.000,9999.000,9999.000,9999.000
202602182236,   2.328,   3.470,9999.000,9999.000,9999.000,9999.000,9999.000,9999.000,9999.000
202602182242,   2.432,   3.670,9999.000,9999.000,9999.000,9999.000,9999.000,9999.000,9999.000
202602182248,   2.534,   3.788,9999.000,9999.000,9999.000,9999.000,9999.000,9999.000,9999.000
202602182254,   2.633,   3.890,9999.000,9999.000,9999.000,9999.000,9999.000,9999.000,9999.000
202602182300,   2.730,   4.037,   0.800,   0.507,   4.037,   0.800,   4.037,   0.900,   4.137
202602182306,   2.823,   4.080,9999.000,9999.000,9999.000,9999.000,9999.000,9999.000,9999.000
202602182312,   2.913,   4.099,9999.000,9999.000,9999.000,9999.000,9999.000,9999.000,9999.000
202602182318,   3.000,   4.119,9999.000,9999.000,9999.000,9999.000,9999.000,9999.000,9999.000
202602182324,   3.083,   4.198,9999.000,9999.000,9999.000,9999.000,9999.000,9999.000,9999.000
202602182330,   3.163,   4.309,9999.000,9999.000,9999.000,9999.000,9999.000,9999.000,9999.000
202602182336,   3.238,   4.368,9999.000,9999.000,9999.000,9999.000,9999.000,9999.000,9999.000
202602182342,   3.310,   4.467,9999.000,9999.000,9999.000,9999.000,9999.000,9999.000,9999.000
202602182348,   3.378,   4.549,9999.000,9999.000,9999.000,9999.000,9999.000,9999.000,9999.000
202602182354,   3.442,   4.972,9999.000,9999.000,9999.000,9999.000,9999.000,9999.000,9999.000
202602190000,   3.501,   4.972,   0.900,   0.571,   4.972,   0.900,   4.972,   1.000,   5.072
202602190006,   3.556,   4.608,9999.000,9999.000,9999.000,9999.000,9999.000,9999.000,9999.000
202602190012,   3.606,   4.778,9999.000,9999.000,9999.000,9999.000,9999.000,9999.000,9999.000
202602190018,   3.652,   4.739,9999.000,9999.000,9999.000,9999.000,9999.000,9999.000,9999.000
202602190024,   3.693,   4.788,9999.000,9999.000,9999.000,9999.000,9999.000,9999.000,9999.000
202602190030,   3.730,   4.969,9999.000,9999.000,9999.000,9999.000,9999.000,9999.000,9999.000
202602190036,   3.761,   4.998,9999.000,9999.000,9999.000,9999.000,9999.000,9999.000,9999.000
202602190042,   3.787,   4.998,9999.000,9999.000,9999.000,9999.000,9999.000,9999.000,9999.000
202602190048,   3.808,   5.008,9999.000,9999.000,9999.000,9999.000,9999.000,9999.000,9999.000
202602190054,   3.824,   5.028,9999.000,9999.000,9999.000,9999.000,9999.000,9999.000,9999.000
202602190100,   3.835,   5.067,   0.900,   0.332,   5.067,   0.900,   5.067,   1.000,   5.167
202602190106,   3.841,   4.998,9999.000,9999.000,9999.000,9999.000,9999.000,9999.000,9999.000
202602190112,   3.841,   5.008,9999.000,9999.000,9999.000,9999.000,9999.000,9999.000,9999.000
202602190118,   3.835,   5.008,9999.000,9999.000,9999.000,9999.000,9999.000,9999.000,9999.000
202602190124,   3.824,   5.057,9999.000,9999.000,9999.000,9999.000,9999.000,9999.000,9999.000
202602190130,   3.808,   5.018,9999.000,9999.000,9999.000,9999.000,9999.000,9999.000,9999.000
202602190136,   3.786,   4.959,9999.000,9999.000,9999.000,9999.000,9999.000,9999.000,9999.000
202602190142,   3.759,   4.919,9999.000,9999.000,9999.000,9999.000,9999.000,9999.000,9999.000
202602190148,   3.726,   4.929,9999.000,9999.000,9999.000,9999.000,9999.000,9999.000,9999.000
202602190154,   3.688,   4.828,9999.000,9999.000,9999.000,9999.000,9999.000,9999.000,9999.000
202602190200,   3.645,   4.828,   1.000,   0.183,   4.828,   0.900,   4.728,   1.000,   4.828
202602190206,   3.596,   4.559,9999.000,9999.000,9999.000,9999.000,9999.000,9999.000,9999.000
202602190212,   3.542,   4.588,9999.000,9999.000,9999.000,9999.000,9999.000,9999.000,9999.000
202602190218,   3.483,   4.467,9999.000,9999.000,9999.000,9999.000,9999.000,9999.000,9999.000
202602190224,   3.419,   4.539,9999.000,9999.000,9999.000,9999.000,9999.000,9999.000,9999.000
202602190230,   3.350,   4.549,9999.000,9999.000,9999.000,9999.000,9999.000,9999.000,9999.000
202602190236,   3.277,   4.467,9999.000,9999.000,9999.000,9999.000,9999.000,9999.000,9999.000
202602190242,   3.199,   4.319,9999.000,9999.000,9999.000,9999.000,9999.000,9999.000,9999.000
202602190248,   3.117,   4.267,9999.000,9999.000,9999.000,9999.000,9999.000,9999.000,9999.000
202602190254,   3.031,   4.247,9999.000,9999.000,9999.000,9999.000,9999.000,9999.000,9999.000
202602190300,   2.941,   4.309,   1.000,   0.368,   4.309,   1.000,   4.309,   1.000,   4.309
202602190306,   2.847,   4.247,9999.000,9999.000,9999.000,9999.000,9999.000,9999.000,9999.000
202602190312,   2.750,   4.017,9999.000,9999.000,9999.000,9999.000,9999.000,9999.000,9999.000
202602190318,   2.651,   3.768,9999.000,9999.000,9999.000,9999.000,9999.000,9999.000,9999.000
202602190324,   2.548,   3.817,9999.000,9999.000,9999.000,9999.000,9999.000,9999.000,9999.000
202602190330,   2.443,   3.539,9999.000,9999.000,9999.000,9999.000,9999.000,9999.000,9999.000
202602190336,   2.336,   3.548,9999.000,9999.000,9999.000,9999.000,9999.000,9999.000,9999.000
202602190342,   2.227,   3.407,9999.000,9999.000,9999.000,9999.000,9999.000,9999.000,9999.000
202602190348,   2.116,   3.460,9999.000,9999.000,9999.000,9999.000,9999.000,9999.000,9999.000
202602190354,   2.004,   3.319,9999.000,9999.000,9999.000,9999.000,9999.000,9999.000,9999.000
202602190400,   1.892,   3.250,   1.000,   0.358,   3.250,   0.900,   3.150,   1.000,   3.250
202602190406,   1.778,   3.158,9999.000,9999.000,9999.000,9999.000,9999.000,9999.000,9999.000
202602190412,   1.664,   3.168,9999.000,9999.000,9999.000,9999.000,9999.000,9999.000,9999.000
202602190418,   1.551,   2.889,9999.000,9999.000,9999.000,9999.000,9999.000,9999.000,9999.000
202602190424,   1.437,   2.699,9999.000,9999.000,9999.000,9999.000,9999.000,9999.000,9999.000
202602190430,   1.324,   2.709,9999.000,9999.000,9999.000,9999.000,9999.000,9999.000,9999.000
202602190436,   1.212,   2.499,9999.000,9999.000,9999.000,9999.000,9999.000,9999.000,9999.000
202602190442,   1.102,   2.400,9999.000,9999.000,9999.000,9999.000,9999.000,9999.000,9999.000
202602190448,   0.993,   2.368,9999.000,9999.000,9999.000,9999.000,9999.000,9999.000,9999.000
202602190454,   0.885,   2.118,9999.000,9999.000,9999.000,9999.000,9999.000,9999.000,9999.000
202602190500,   0.780,   1.948,   1.000,   0.168,   1.948,   1.000,   1.948,   1.000,   1.948
202602190506,   0.677,   1.938,9999.000,9999.000,9999.000,9999.000,9999.000,9999.000,9999.000
202602190512,   0.576,   1.767,9999.000,9999.000,9999.000,9999.000,9999.000,9999.000,9999.000
202602190518,   0.479,   1.767,9999.000,9999.000,9999.000,9999.000,9999.000,9999.000,9999.000
202602190524,   0.385,   1.679,9999.000,9999.000,9999.000,9999.000,9999.000,9999.000,9999.000
202602190530,   0.294,   1.508,9999.000,9999.000,9999.000,9999.000,9999.000,9999.000,9999.000
202602190536,   0.206,   1.439,9999.000,9999.000,9999.000,9999.000,9999.000,9999.000,9999.000
202602190542,   0.123,   1.390,9999.000,9999.000,9999.000,9999.000,9999.000,9999.000,9999.000
202602190548,   0.044,   1.371,9999.000,9999.000,9999.000,9999.000,9999.000,9999.000,9999.000
202602190554,  -0.030,   1.279,9999.000,9999.000,9999.000,9999.000,9999.000,9999.000,9999.000
202602190600,  -0.101,   1.069,   1.000,   0.170,   1.069,   1.000,   1.069,   1.000,   1.069
202602190606,  -0.166,   1.079,9999.000,9999.000,9999.000,9999.000,9999.000,9999.000,9999.000
202602190612,  -0.227,   0.941,9999.000,9999.000,9999.000,9999.000,9999.000,9999.000,9999.000
202602190618,  -0.283,   1.029,9999.000,9999.000,9999.000,9999.000,9999.000,9999.000,9999.000
202602190624,  -0.333,   0.908,9999.000,9999.000,9999.000,9999.000,9999.000,9999.000,9999.000
202602190630,  -0.377,   0.941,9999.000,9999.000,9999.000,9999.000,9999.000,9999.000,9999.000
202602190636,  -0.416,   0.869,9999.000,9999.000,9999.000,9999.000,9999.000,9999.000,9999.000
202602190642,  -0.450,   0.849,9999.000,9999.000,9999.000,9999.000,9999.000,9999.000,9999.000
202602190648,  -0.477,   0.918,9999.000,9999.000,9999.000,9999.000,9999.000,9999.000,9999.000
202602190654,  -0.498,   0.790,9999.000,9999.000,9999.000,9999.000,9999.000,9999.000,9999.000
202602190700,  -0.513,   0.669,   1.000,   0.182,   0.669,   1.000,   0.669,   1.000,   0.669
202602190706,  -0.522,   0.718,9999.000,9999.000,9999.000,9999.000,9999.000,9999.000,9999.000
202602190712,  -0.524,   0.649,9999.000,9999.000,9999.000,9999.000,9999.000,9999.000,9999.000
202602190718,  -0.520,   0.619,9999.000,9999.000,9999.000,9999.000,9999.000,9999.000,9999.000
202602190724,  -0.510,   0.600,9999.000,9999.000,9999.000,9999.000,9999.000,9999.000,9999.000
202602190730,  -0.493,   0.649,9999.000,9999.000,9999.000,9999.000,9999.000,9999.000,9999.000
202602190736,  -0.470,   0.531,9999.000,9999.000,9999.000,9999.000,9999.000,9999.000,9999.000
202602190742,  -0.441,   0.560,9999.000,9999.000,9999.000,9999.000,9999.000,9999.000,9999.000
202602190748,  -0.405,   0.669,9999.000,9999.000,9999.000,9999.000,9999.000,9999.000,9999.000
202602190754,  -0.363,   0.810,9999.000,9999.000,9999.000,9999.000,9999.000,9999.000,9999.000
202602190800,  -0.315,   0.819,   1.000,   0.134,   0.819,   1.000,   0.819,   1.100,   0.919
202602190806,  -0.261,   1.029,9999.000,9999.000,9999.000,9999.000,9999.000,9999.000,9999.000
202602190812,  -0.200,   1.069,9999.000,9999.000,9999.000,9999.000,9999.000,9999.000,9999.000
202602190818,  -0.135,   1.128,9999.000,9999.000,9999.000,9999.000,9999.000,9999.000,9999.000
202602190824,  -0.063,   1.088,9999.000,9999.000,9999.000,9999.000,9999.000,9999.000,9999.000
202602190830,   0.012,   1.069,9999.000,9999.000,9999.000,9999.000,9999.000,9999.000,9999.000
202602190836,   0.094,   1.170,9999.000,9999.000,9999.000,9999.000,9999.000,9999.000,9999.000
202602190842,   0.181,   1.430,9999.000,9999.000,9999.000,9999.000,9999.000,9999.000,9999.000
202602190848,   0.272,   1.669,9999.000,9999.000,9999.000,9999.000,9999.000,9999.000,9999.000
202602190854,   0.368,   1.538,9999.000,9999.000,9999.000,9999.000,9999.000,9999.000,9999.000
202602190900,   0.467,   1.689,   1.100,   0.122,   1.689,   1.000,   1.589,   1.100,   1.689
202602190906,   0.571,   1.689,9999.000,9999.000,9999.000,9999.000,9999.000,9999.000,9999.000
202602190912,   0.678,   1.889,9999.000,9999.000,9999.000,9999.000,9999.000,9999.000,9999.000
202602190918,   0.788,   1.948,9999.000,9999.000,9999.000,9999.000,9999.000,9999.000,9999.000
202602190924,   0.900,   2.118,9999.000,9999.000,9999.000,9999.000,9999.000,9999.000,9999.000
202602190930,   1.015,   2.128,9999.000,9999.000,9999.000,9999.000,9999.000,9999.000,9999.000
202602190936,   1.132,   2.338,9999.000,9999.000,9999.000,9999.000,9999.000,9999.000,9999.000
202602190942,   1.251,   2.430,9999.000,9999.000,9999.000,9999.000,9999.000,9999.000,9999.000
202602190948,   1.372,   2.568,9999.000,9999.000,9999.000,9999.000,9999.000,9999.000,9999.000
202602190954,   1.493,   2.689,9999.000,9999.000,9999.000,9999.000,9999.000,9999.000,9999.000
202602191000,   1.615,   2.778,   1.100,   0.063,   2.778,   1.000,   2.678,   1.100,   2.778
202602191006,   1.737,   3.007,9999.000,9999.000,9999.000,9999.000,9999.000,9999.000,9999.000
202602191012,   1.860,   3.089,9999.000,9999.000,9999.000,9999.000,9999.000,9999.000,9999.000
202602191018,   1.982,   3.197,9999.000,9999.000,9999.000,9999.000,9999.000,9999.000,9999.000
202602191024,   2.103,   3.260,9999.000,9999.000,9999.000,9999.000,9999.000,9999.000,9999.000
202602191030,   2.224,   3.309,9999.000,9999.000,9999.000,9999.000,9999.000,9999.000,9999.000
202602191036,   2.343,   3.578,9999.000,9999.000,9999.000,9999.000,9999.000,9999.000,9999.000
202602191042,   2.461,   3.749,9999.000,9999.000,9999.000,9999.000,9999.000,9999.000,9999.000
202602191048,   2.577,   3.699,9999.000,9999.000,9999.000,9999.000,9999.000,9999.000,9999.000
202602191054,   2.691,   3.949,9999.000,9999.000,9999.000,9999.000,9999.000,9999.000,9999.000
202602191100,   2.803,   4.090,   1.100,   0.187,   4.090,   1.000,   3.990,   1.200,   4.190
202602191106,   2.912,   4.198,9999.000,9999.000,9999.000,9999.000,9999.000,9999.000,9999.000
202602191112,   3.018,   4.267,9999.000,9999.000,9999.000,9999.000,9999.000,9999.000,9999.000
202602191118,   3.122,   4.378,9999.000,9999.000,9999.000,9999.000,9999.000,9999.000,9999.000
202602191124,   3.222,   4.569,9999.000,9999.000,9999.000,9999.000,9999.000,9999.000,9999.000
202602191130,   3.319,   4.710,9999.000,9999.000,9999.000,9999.000,9999.000,9999.000,9999.000
202602191136,   3.412,   4.788,9999.000,9999.000,9999.000,9999.000,9999.000,9999.000,9999.000
202602191142,   3.501,   4.700,9999.000,9999.000,9999.000,9999.000,9999.000,9999.000,9999.000
202602191148,   3.587,   4.739,9999.000,9999.000,9999.000,9999.000,9999.000,9999.000,9999.000
202602191154,   3.668,   4.939,9999.000,9999.000,9999.000,9999.000,9999.000,9999.000,9999.000
202602191200,   3.745,   4.887,   1.000,   0.142,   4.887,   1.000,   4.887,   1.100,   4.987
202602191206,   3.818,   5.047,9999.000,9999.000,9999.000,9999.000,9999.000,9999.000,9999.000
202602191212,   3.886,   5.139,9999.000,9999.000,9999.000,9999.000,9999.000,9999.000,9999.000
202602191218,   3.949,   5.320,9999.000,9999.000,9999.000,9999.000,9999.000,9999.000,9999.000
202602191224,   4.008,   5.389,9999.000,9999.000,9999.000,9999.000,9999.000,9999.000,9999.000
202602191230,   4.062,   5.359,9999.000,9999.000,9999.000,9999.000,9999.000,9999.000,9999.000
202602191236,   4.111,   5.457,9999.000,9999.000,9999.000,9999.000,9999.000,9999.000,9999.000
202602191242,   4.154,   5.467,9999.000,9999.000,9999.000,9999.000,9999.000,9999.000,9999.000
202602191248,   4.193,   5.549,9999.000,9999.000,9999.000,9999.000,9999.000,9999.000,9999.000
202602191254,   4.226,   5.457,9999.000,9999.000,9999.000,9999.000,9999.000,9999.000,9999.000
202602191300,   4.253,   5.589,   1.000,   0.336,   5.589,   1.000,   5.589,   1.100,   5.689
202602191306,   4.276,   5.638,9999.000,9999.000,9999.000,9999.000,9999.000,9999.000,9999.000
202602191312,   4.292,   5.739,9999.000,9999.000,9999.000,9999.000,9999.000,9999.000,9999.000
202602191318,   4.303,   5.799,9999.000,9999.000,9999.000,9999.000,9999.000,9999.000,9999.000
202602191324,   4.309,   5.730,9999.000,9999.000,9999.000,9999.000,9999.000,9999.000,9999.000
202602191330,   4.308,   5.739,9999.000,9999.000,9999.000,9999.000,9999.000,9999.000,9999.000
202602191336,   4.302,   5.707,9999.000,9999.000,9999.000,9999.000,9999.000,9999.000,9999.000
202602191342,   4.290,   5.638,9999.000,9999.000,9999.000,9999.000,9999.000,9999.000,9999.000
202602191348,   4.273,   5.749,9999.000,9999.000,9999.000,9999.000,9999.000,9999.000,9999.000
202602191354,   4.249,   5.717,9999.000,9999.000,9999.000,9999.000,9999.000,9999.000,9999.000
202602191400,   4.220,   5.730,   1.000,   0.510,   5.730,   1.000,   5.730,   1.100,   5.830
202602191406,   4.185,   5.598,9999.000,9999.000,9999.000,9999.000,9999.000,9999.000,9999.000
202602191412,   4.144,   5.497,9999.000,9999.000,9999.000,9999.000,9999.000,9999.000,9999.000
202602191418,   4.098,   5.507,9999.000,9999.000,9999.000,9999.000,9999.000,9999.000,9999.000
202602191424,   4.046,   5.487,9999.000,9999.000,9999.000,9999.000,9999.000,9999.000,9999.000
202602191430,   3.989,   5.448,9999.000,9999.000,9999.000,9999.000,9999.000,9999.000,9999.000
202602191436,   3.926,   5.379,9999.000,9999.000,9999.000,9999.000,9999.000,9999.000,9999.000
202602191442,   3.858,   5.238,9999.000,9999.000,9999.000,9999.000,9999.000,9999.000,9999.000
202602191448,   3.784,   5.218,9999.000,9999.000,9999.000,9999.000,9999.000,9999.000,9999.000
202602191454,   3.706,   5.139,9999.000,9999.000,9999.000,9999.000,9999.000,9999.000,9999.000
202602191500,   3.623,   5.067,   1.100,   0.344,   5.067,   1.000,   4.967,   1.100,   5.067
202602191506,   3.535,   5.097,9999.000,9999.000,9999.000,9999.000,9999.000,9999.000,9999.000
202602191512,   3.443,   4.969,9999.000,9999.000,9999.000,9999.000,9999.000,9999.000,9999.000
202602191518,   3.347,   4.847,9999.000,9999.000,9999.000,9999.000,9999.000,9999.000,9999.000
202602191524,   3.247,   4.828,9999.000,9999.000,9999.000,9999.000,9999.000,9999.000,9999.000
202602191530,   3.143,   4.559,9999.000,9999.000,9999.000,9999.000,9999.000,9999.000,9999.000
202602191536,   3.035,   4.388,9999.000,9999.000,9999.000,9999.000,9999.000,9999.000,9999.000
202602191542,   2.925,   4.168,9999.000,9999.000,9999.000,9999.000,9999.000,9999.000,9999.000
202602191548,   2.811,   4.119,9999.000,9999.000,9999.000,9999.000,9999.000,9999.000,9999.000
202602191554,   2.695,   3.958,9999.000,9999.000,9999.000,9999.000,9999.000,9999.000,9999.000
202602191600,   2.576,   3.860,   1.000,   0.284,   3.860,   1.000,   3.860,   1.100,   3.960
202602191606,   2.456,   3.758,9999.000,9999.000,9999.000,9999.000,9999.000,9999.000,9999.000
202602191612,   2.333,   3.627,9999.000,9999.000,9999.000,9999.000,9999.000,9999.000,9999.000
202602191618,   2.210,   3.519,9999.000,9999.000,9999.000,9999.000,9999.000,9999.000,9999.000
202602191624,   2.085,   3.440,9999.000,9999.000,9999.000,9999.000,9999.000,9999.000,9999.000
202602191630,   1.960,   3.230,9999.000,9999.000,9999.000,9999.000,9999.000,9999.000,9999.000
202602191636,   1.834,   3.007,9999.000,9999.000,9999.000,9999.000,9999.000,9999.000,9999.000
202602191642,   1.708,   2.909,9999.000,9999.000,9999.000,9999.000,9999.000,9999.000,9999.000
202602191648,   1.583,   2.728,9999.000,9999.000,9999.000,9999.000,9999.000,9999.000,9999.000
202602191654,   1.458,   2.689,9999.000,9999.000,9999.000,9999.000,9999.000,9999.000,9999.000
202602191700,   1.334,   2.459,   1.000,   0.125,   2.459,   1.000,   2.459,   1.100,   2.559
202602191706,   1.211,   2.538,9999.000,9999.000,9999.000,9999.000,9999.000,9999.000,9999.000
202602191712,   1.090,   2.368,9999.000,9999.000,9999.000,9999.000,9999.000,9999.000,9999.000
202602191718,   0.971,   2.177,9999.000,9999.000,9999.000,9999.000,9999.000,9999.000,9999.000
202602191724,   0.854,   2.220,9999.000,9999.000,9999.000,9999.000,9999.000,9999.000,9999.000
202602191730,   0.740,   2.079,9999.000,9999.000,9999.000,9999.000,9999.000,9999.000,9999.000
202602191736,   0.629,   2.010,9999.000,9999.000,9999.000,9999.000,9999.000,9999.000,9999.000
202602191742,   0.520,   1.820,9999.000,9999.000,9999.000,9999.000,9999.000,9999.000,9999.000
202602191748,   0.416,   1.679,9999.000,9999.000,9999.000,9999.000,9999.000,9999.000,9999.000
202602191754,   0.314,   1.639,9999.000,9999.000,9999.000,9999.000,9999.000,9999.000,9999.000
202602191800,   0.217,   1.571,   1.000,   0.354,   1.571,   1.000,   1.571,   1.100,   1.671
202602191806,   0.125,   1.459,9999.000,9999.000,9999.000,9999.000,9999.000,9999.000,9999.000
202602191812,   0.036,   1.318,9999.000,9999.000,9999.000,9999.000,9999.000,9999.000,9999.000
202602191818,  -0.046,   1.220,9999.000,9999.000,9999.000,9999.000,9999.000,9999.000,9999.000
202602191824,  -0.125,   1.000,9999.000,9999.000,9999.000,9999.000,9999.000,9999.000,9999.000
202602191830,  -0.198,   1.000,9999.000,9999.000,9999.000,9999.000,9999.000,9999.000,9999.000
202602191836,  -0.266,   1.059,9999.000,9999.000,9999.000,9999.000,9999.000,9999.000,9999.000
202602191842,  -0.328,   1.010,9999.000,9999.000,9999.000,9999.000,9999.000,9999.000,9999.000
202602191848,  -0.385,   0.990,9999.000,9999.000,9999.000,9999.000,9999.000,9999.000,9999.000
202602191854,  -0.436,   0.770,9999.000,9999.000,9999.000,9999.000,9999.000,9999.000,9999.000
202602191900,  -0.481,   0.928,   1.100,   0.309,   0.928,   1.000,   0.828,   1.100,   0.928
202602191906,  -0.519,   0.869,9999.000,9999.000,9999.000,9999.000,9999.000,9999.000,9999.000
202602191912,  -0.551,   0.678,9999.000,9999.000,9999.000,9999.000,9999.000,9999.000,9999.000
202602191918,  -0.577,   0.610,9999.000,9999.000,9999.000,9999.000,9999.000,9999.000,9999.000
202602191924,  -0.597,   0.551,9999.000,9999.000,9999.000,9999.000,9999.000,9999.000,9999.000
202602191930,  -0.610,   0.541,9999.000,9999.000,9999.000,9999.000,9999.000,9999.000,9999.000
202602191936,  -0.616,   0.419,9999.000,9999.000,9999.000,9999.000,9999.000,9999.000,9999.000
202602191942,  -0.616,   0.498,9999.000,9999.000,9999.000,9999.000,9999.000,9999.000,9999.000
202602191948,  -0.609,   0.469,9999.000,9999.000,9999.000,9999.000,9999.000,9999.000,9999.000
202602191954,  -0.596,   0.390,9999.000,9999.000,9999.000,9999.000,9999.000,9999.000,9999.000
202602192000,  -0.576,   0.449,   1.100,  -0.075,   0.449,   1.000,   0.349,   1.100,   0.449
202602192006,  -0.550,   0.459,9999.000,9999.000,9999.000,9999.000,9999.000,9999.000,9999.000
202602192012,  -0.517,   0.698,9999.000,9999.000,9999.000,9999.000,9999.000,9999.000,9999.000
202602192018,  -0.478,   0.551,9999.000,9999.000,9999.000,9999.000,9999.000,9999.000,9999.000
202602192024,  -0.432,   0.649,9999.000,9999.000,9999.000,9999.000,9999.000,9999.000,9999.000
202602192030,  -0.381,   0.849,9999.000,9999.000,9999.000,9999.000,9999.000,9999.000,9999.000
202602192036,  -0.324,   0.918,9999.000,9999.000,9999.000,9999.000,9999.000,9999.000,9999.000
202602192042,  -0.261,   0.698,9999.000,9999.000,9999.000,9999.000,9999.000,9999.000,9999.000
202602192048,  -0.192,   0.849,9999.000,9999.000,9999.000,9999.000,9999.000,9999.000,9999.000
202602192054,  -0.119,   1.010,9999.000,9999.000,9999.000,9999.000,9999.000,9999.000,9999.000
202602192100,  -0.040,   0.990,   1.100,  -0.070,   0.990,   1.000,   0.890,   1.100,   0.990
202602192106,   0.043,   1.098,9999.000,9999.000,9999.000,9999.000,9999.000,9999.000,9999.000
202602192112,   0.132,   1.210,9999.000,9999.000,9999.000,9999.000,9999.000,9999.000,9999.000
202602192118,   0.225,   1.298,9999.000,9999.000,9999.000,9999.000,9999.000,9999.000,9999.000
202602192124,   0.321,   1.469,9999.000,9999.000,9999.000,9999.000,9999.000,9999.000,9999.000
202602192130,   0.422,   1.557,9999.000,9999.000,9999.000,9999.000,9999.000,9999.000,9999.000
202602192136,   0.526,   1.758,9999.000,9999.000,9999.000,9999.000,9999.000,9999.000,9999.000
202602192142,   0.633,   1.948,9999.000,9999.000,9999.000,9999.000,9999.000,9999.000,9999.000
202602192148,   0.743,   2.089,9999.000,9999.000,9999.000,9999.000,9999.000,9999.000,9999.000
202602192154,   0.856,   1.990,9999.000,9999.000,9999.000,9999.000,9999.000,9999.000,9999.000
202602192200,   0.970,   2.128,   1.100,   0.058,   2.128,   1.100,   2.128,   1.200,   2.228
202602192206,   1.086,   2.387,9999.000,9999.000,9999.000,9999.000,9999.000,9999.000,9999.000
202602192212,   1.204,   2.479,9999.000,9999.000,9999.000,9999.000,9999.000,9999.000,9999.000
202602192218,   1.323,   2.778,9999.000,9999.000,9999.000,9999.000,9999.000,9999.000,9999.000
202602192224,   1.443,   2.869,9999.000,9999.000,9999.000,9999.000,9999.000,9999.000,9999.000
202602192230,   1.563,   2.978,9999.000,9999.000,9999.000,9999.000,9999.000,9999.000,9999.000
202602192236,   1.683,   3.007,9999.000,9999.000,9999.000,9999.000,9999.000,9999.000,9999.000
202602192242,   1.802,   3.217,9999.000,9999.000,9999.000,9999.000,9999.000,9999.000,9999.000
202602192248,   1.922,   3.348,9999.000,9999.000,9999.000,9999.000,9999.000,9999.000,9999.000
202602192254,   2.040,   3.598,9999.000,9999.000,9999.000,9999.000,9999.000,9999.000,9999.000
202602192300,   2.157,   3.788,   1.200,   0.431,   3.788,   1.100,   3.688,   1.200,   3.788
202602192306,   2.272,   3.880,9999.000,9999.000,9999.000,9999.000,9999.000,9999.000,9999.000
202602192312,   2.386,   3.890,9999.000,9999.000,9999.000,9999.000,9999.000,9999.000,9999.000
202602192318,   2.497,   3.929,9999.000,9999.000,9999.000,9999.000,9999.000,9999.000,9999.000
202602192324,   2.607,   4.257,9999.000,9999.000,9999.000,9999.000,9999.000,9999.000,9999.000
202602192330,   2.713,   4.290,9999.000,9999.000,9999.000,9999.000,9999.000,9999.000,9999.000
202602192336,   2.817,   4.267,9999.000,9999.000,9999.000,9999.000,9999.000,9999.000,9999.000
202602192342,   2.917,   4.490,9999.000,9999.000,9999.000,9999.000,9999.000,9999.000,9999.000
202602192348,   3.014,   4.529,9999.000,9999.000,9999.000,9999.000,9999.000,9999.000,9999.000
202602192354,   3.108,   4.667,9999.000,9999.000,9999.000,9999.000,9999.000,9999.000,9999.000
202602200000,   3.197,   4.667,   1.100,   0.370,   4.667,   1.000,   4.567,   1.100,   4.667
202602200006,   3.283,   4.837,9999.000,9999.000,9999.000,9999.000,9999.000,9999.000,9999.000
202602200012,   3.365,   4.769,9999.000,9999.000,9999.000,9999.000,9999.000,9999.000,9999.000
202602200018,   3.443,   4.739,9999.000,9999.000,9999.000,9999.000,9999.000,9999.000,9999.000
202602200024,   3.516,   4.877,9999.000,9999.000,9999.000,9999.000,9999.000,9999.000,9999.000
202602200030,   3.584,   4.808,9999.000,9999.000,9999.000,9999.000,9999.000,9999.000,9999.000
202602200036,   3.648,   4.900,9999.000,9999.000,9999.000,9999.000,9999.000,9999.000,9999.000
202602200042,   3.707,   4.877,9999.000,9999.000,9999.000,9999.000,9999.000,9999.000,9999.000
202602200048,   3.762,   4.919,9999.000,9999.000,9999.000,9999.000,9999.000,9999.000,9999.000
202602200054,   3.811,   4.919,9999.000,9999.000,9999.000,9999.000,9999.000,9999.000,9999.000
202602200100,   3.855,   4.979,   1.100,   0.024,   4.979,   1.000,   4.879,   1.100,   4.979
202602200106,   3.894,   4.998,9999.000,9999.000,9999.000,9999.000,9999.000,9999.000,9999.000
202602200112,   3.928,   5.169,9999.000,9999.000,9999.000,9999.000,9999.000,9999.000,9999.000
202602200118,   3.957,   5.257,9999.000,9999.000,9999.000,9999.000,9999.000,9999.000,9999.000
202602200124,   3.980,   5.339,9999.000,9999.000,9999.000,9999.000,9999.000,9999.000,9999.000
202602200130,   3.998,   5.389,9999.000,9999.000,9999.000,9999.000,9999.000,9999.000,9999.000
202602200136,   4.011,   5.457,9999.000,9999.000,9999.000,9999.000,9999.000,9999.000,9999.000
202602200142,   4.018,   5.497,9999.000,9999.000,9999.000,9999.000,9999.000,9999.000,9999.000
202602200148,   4.020,   5.539,9999.000,9999.000,9999.000,9999.000,9999.000,9999.000,9999.000
202602200154,   4.017,   5.398,9999.000,9999.000,9999.000,9999.000,9999.000,9999.000,9999.000
202602200200,   4.008,   5.497,   1.100,   0.389,   5.497,   1.000,   5.397,   1.100,   5.497
202602200206,   3.993,   5.457,9999.000,9999.000,9999.000,9999.000,9999.000,9999.000,9999.000
202602200212,   3.973,   5.339,9999.000,9999.000,9999.000,9999.000,9999.000,9999.000,9999.000
202602200218,   3.948,   5.339,9999.000,9999.000,9999.000,9999.000,9999.000,9999.000,9999.000
202602200224,   3.917,   5.359,9999.000,9999.000,9999.000,9999.000,9999.000,9999.000,9999.000
202602200230,   3.881,   5.398,9999.000,9999.000,9999.000,9999.000,9999.000,9999.000,9999.000
202602200236,   3.840,   5.359,9999.000,9999.000,9999.000,9999.000,9999.000,9999.000,9999.000
202602200242,   3.794,   5.238,9999.000,9999.000,9999.000,9999.000,9999.000,9999.000,9999.000
202602200248,   3.742,   5.208,9999.000,9999.000,9999.000,9999.000,9999.000,9999.000,9999.000
202602200254,   3.686,   5.087,9999.000,9999.000,9999.000,9999.000,9999.000,9999.000,9999.000
202602200300,   3.624,   4.959,   1.100,   0.235,   4.959,   1.100,   4.959,   1.200,   5.059
202602200306,   3.558,   4.949,9999.000,9999.000,9999.000,9999.000,9999.000,9999.000,9999.000
202602200312,   3.487,   4.867,9999.000,9999.000,9999.000,9999.000,9999.000,9999.000,9999.000
202602200318,   3.412,   4.988,9999.000,9999.000,9999.000,9999.000,9999.000,9999.000,9999.000
202602200324,   3.332,   4.988,9999.000,9999.000,9999.000,9999.000,9999.000,9999.000,9999.000
202602200330,   3.248,   4.959,9999.000,9999.000,9999.000,9999.000,9999.000,9999.000,9999.000
202602200336,   3.160,   4.808,9999.000,9999.000,9999.000,9999.000,9999.000,9999.000,9999.000
202602200342,   3.068,   4.759,9999.000,9999.000,9999.000,9999.000,9999.000,9999.000,9999.000
202602200348,   2.973,   4.628,9999.000,9999.000,9999.000,9999.000,9999.000,9999.000,9999.000
202602200354,   2.874,   4.559,9999.000,9999.000,9999.000,9999.000,9999.000,9999.000,9999.000
202602200400,   2.772,   4.388,   1.200,   0.416,   4.388,   1.100,   4.288,   1.200,   4.388
202602200406,   2.668,   4.378,9999.000,9999.000,9999.000,9999.000,9999.000,9999.000,9999.000
202602200412,   2.560,   4.300,9999.000,9999.000,9999.000,9999.000,9999.000,9999.000,9999.000
202602200418,   2.451,   4.149,9999.000,9999.000,9999.000,9999.000,9999.000,9999.000,9999.000
202602200424,   2.339,   4.070,9999.000,9999.000,9999.000,9999.000,9999.000,9999.000,9999.000
202602200430,   2.226,   3.847,9999.000,9999.000,9999.000,9999.000,9999.000,9999.000,9999.000
202602200436,   2.111,   3.689,9999.000,9999.000,9999.000,9999.000,9999.000,9999.000,9999.000
202602200442,   1.996,   3.480,9999.000,9999.000,9999.000,9999.000,9999.000,9999.000,9999.000
202602200448,   1.879,   3.417,9999.000,9999.000,9999.000,9999.000,9999.000,9999.000,9999.000
202602200454,   1.762,   3.329,9999.000,9999.000,9999.000,9999.000,9999.000,9999.000,9999.000
202602200500,   1.645,   3.250,   1.200,   0.405,   3.250,   1.100,   3.150,   1.300,   3.350
202602200506,   1.528,   3.017,9999.000,9999.000,9999.000,9999.000,9999.000,9999.000,9999.000
202602200512,   1.412,   2.820,9999.000,9999.000,9999.000,9999.000,9999.000,9999.000,9999.000
202602200518,   1.296,   2.768,9999.000,9999.000,9999.000,9999.000,9999.000,9999.000,9999.000
202602200524,   1.182,   2.768,9999.000,9999.000,9999.000,9999.000,9999.000,9999.000,9999.000
202602200530,   1.069,   2.679,9999.000,9999.000,9999.000,9999.000,9999.000,9999.000,9999.000
202602200536,   0.959,   2.528,9999.000,9999.000,9999.000,9999.000,9999.000,9999.000,9999.000
202602200542,   0.850,   2.309,9999.000,9999.000,9999.000,9999.000,9999.000,9999.000,9999.000
202602200548,   0.744,   2.128,9999.000,9999.000,9999.000,9999.000,9999.000,9999.000,9999.000
202602200554,   0.640,   2.040,9999.000,9999.000,9999.000,9999.000,9999.000,9999.000,9999.000
202602200600,   0.540,   1.859,   1.100,   0.219,   1.859,   1.000,   1.759,   1.200,   1.959
202602200606,   0.443,   1.840,9999.000,9999.000,9999.000,9999.000,9999.000,9999.000,9999.000
202602200612,   0.349,   1.580,9999.000,9999.000,9999.000,9999.000,9999.000,9999.000,9999.000
202602200618,   0.260,   1.557,9999.000,9999.000,9999.000,9999.000,9999.000,9999.000,9999.000
202602200624,   0.174,   1.498,9999.000,9999.000,9999.000,9999.000,9999.000,9999.000,9999.000
202602200630,   0.093,   1.479,9999.000,9999.000,9999.000,9999.000,9999.000,9999.000,9999.000
202602200636,   0.016,   1.298,9999.000,9999.000,9999.000,9999.000,9999.000,9999.000,9999.000
202602200642,  -0.054,   1.361,9999.000,9999.000,9999.000,9999.000,9999.000,9999.000,9999.000
202602200648,  -0.121,   1.328,9999.000,9999.000,9999.000,9999.000,9999.000,9999.000,9999.000
202602200654,  -0.183,   1.318,9999.000,9999.000,9999.000,9999.000,9999.000,9999.000,9999.000
202602200700,  -0.239,   1.269,   1.100,   0.408,   1.269,   1.100,   1.269,   1.300,   1.469
202602200706,  -0.290,   1.170,9999.000,9999.000,9999.000,9999.000,9999.000,9999.000,9999.000
202602200712,  -0.336,   1.079,9999.000,9999.000,9999.000,9999.000,9999.000,9999.000,9999.000
202602200718,  -0.376,   1.039,9999.000,9999.000,9999.000,9999.000,9999.000,9999.000,9999.000
202602200724,  -0.409,   0.941,9999.000,9999.000,9999.000,9999.000,9999.000,9999.000,9999.000
202602200730,  -0.437,   0.908,9999.000,9999.000,9999.000,9999.000,9999.000,9999.000,9999.000
202602200736,  -0.460,   0.918,9999.000,9999.000,9999.000,9999.000,9999.000,9999.000,9999.000
202602200742,  -0.476,   0.908,9999.000,9999.000,9999.000,9999.000,9999.000,9999.000,9999.000
202602200748,  -0.486,   0.888,9999.000,9999.000,9999.000,9999.000,9999.000,9999.000,9999.000
202602200754,  -0.489,   0.751,9999.000,9999.000,9999.000,9999.000,9999.000,9999.000,9999.000
202602200800,  -0.487,   0.829,   1.200,   0.116,   0.829,   1.100,   0.729,   1.300,   0.929
202602200806,  -0.479,   0.790,9999.000,9999.000,9999.000,9999.000,9999.000,9999.000,9999.000
202602200812,  -0.464,   0.869,9999.000,9999.000,9999.000,9999.000,9999.000,9999.000,9999.000
202602200818,  -0.444,   0.951,9999.000,9999.000,9999.000,9999.000,9999.000,9999.000,9999.000
202602200824,  -0.417,   0.941,9999.000,9999.000,9999.000,9999.000,9999.000,9999.000,9999.000
202602200830,  -0.385,   0.869,9999.000,9999.000,9999.000,9999.000,9999.000,9999.000,9999.000
202602200836,  -0.347,   0.941,9999.000,9999.000,9999.000,9999.000,9999.000,9999.000,9999.000
202602200842,  -0.302,   1.059,9999.000,9999.000,9999.000,9999.000,9999.000,9999.000,9999.000
202602200848,  -0.253,   1.151,9999.000,9999.000,9999.000,9999.000,9999.000,9999.000,9999.000
202602200854,  -0.197,   1.210,9999.000,9999.000,9999.000,9999.000,9999.000,9999.000,9999.000
202602200900,  -0.136,   1.348,   1.200,   0.284,   1.348,   1.100,   1.248,   1.200,   1.348
202602200906,  -0.070,   1.410,9999.000,9999.000,9999.000,9999.000,9999.000,9999.000,9999.000
202602200912,   0.000,   1.400,9999.000,9999.000,9999.000,9999.000,9999.000,9999.000,9999.000
202602200918,   0.076,   1.420,9999.000,9999.000,9999.000,9999.000,9999.000,9999.000,9999.000
202602200924,   0.157,   1.557,9999.000,9999.000,9999.000,9999.000,9999.000,9999.000,9999.000
202602200930,   0.242,   1.758,9999.000,9999.000,9999.000,9999.000,9999.000,9999.000,9999.000
202602200936,   0.332,   1.889,9999.000,9999.000,9999.000,9999.000,9999.000,9999.000,9999.000
202602200942,   0.426,   1.928,9999.000,9999.000,9999.000,9999.000,9999.000,9999.000,9999.000
202602200948,   0.523,   2.099,9999.000,9999.000,9999.000,9999.000,9999.000,9999.000,9999.000
202602200954,   0.624,   2.177,9999.000,9999.000,9999.000,9999.000,9999.000,9999.000,9999.000
202602201000,   0.728,   2.269,   1.200,   0.341,   2.269,   1.100,   2.169,   1.200,   2.269
202602201006,   0.835,   2.289,9999.000,9999.000,9999.000,9999.000,9999.000,9999.000,9999.000
202602201012,   0.945,   2.309,9999.000,9999.000,9999.000,9999.000,9999.000,9999.000,9999.000
202602201018,   1.057,   2.400,9999.000,9999.000,9999.000,9999.000,9999.000,9999.000,9999.000
202602201024,   1.171,   2.368,9999.000,9999.000,9999.000,9999.000,9999.000,9999.000,9999.000
202602201030,   1.287,   2.620,9999.000,9999.000,9999.000,9999.000,9999.000,9999.000,9999.000
202602201036,   1.404,   2.699,9999.000,9999.000,9999.000,9999.000,9999.000,9999.000,9999.000
202602201042,   1.522,   2.929,9999.000,9999.000,9999.000,9999.000,9999.000,9999.000,9999.000
202602201048,   1.640,   3.070,9999.000,9999.000,9999.000,9999.000,9999.000,9999.000,9999.000
202602201054,   1.759,   3.207,9999.000,9999.000,9999.000,9999.000,9999.000,9999.000,9999.000
202602201100,   1.878,   3.339,   1.200,   0.261,   3.339,   1.100,   3.239,   1.300,   3.439
202602201106,   1.997,   3.480,9999.000,9999.000,9999.000,9999.000,9999.000,9999.000,9999.000
202602201112,   2.115,   3.689,9999.000,9999.000,9999.000,9999.000,9999.000,9999.000,9999.000
202602201118,   2.232,   3.778,9999.000,9999.000,9999.000,9999.000,9999.000,9999.000,9999.000
202602201124,   2.348,   3.870,9999.000,9999.000,9999.000,9999.000,9999.000,9999.000,9999.000
202602201130,   2.462,   4.047,9999.000,9999.000,9999.000,9999.000,9999.000,9999.000,9999.000
202602201136,   2.574,   4.208,9999.000,9999.000,9999.000,9999.000,9999.000,9999.000,9999.000
202602201142,   2.684,   4.359,9999.000,9999.000,9999.000,9999.000,9999.000,9999.000,9999.000
202602201148,   2.791,   4.480,9999.000,9999.000,9999.000,9999.000,9999.000,9999.000,9999.000
202602201154,   2.895,   4.588,9999.000,9999.000,9999.000,9999.000,9999.000,9999.000,9999.000
202602201200,   2.997,   4.647,   1.200,   0.450,   4.647,   1.200,   4.647,   1.300,   4.747
202602201206,   3.095,   4.729,9999.000,9999.000,9999.000,9999.000,9999.000,9999.000,9999.000
202602201212,   3.190,   4.729,9999.000,9999.000,9999.000,9999.000,9999.000,9999.000,9999.000
202602201218,   3.281,   4.887,9999.000,9999.000,9999.000,9999.000,9999.000,9999.000,9999.000
202602201224,   3.368,   4.939,9999.000,9999.000,9999.000,9999.000,9999.000,9999.000,9999.000
202602201230,   3.451,   5.047,9999.000,9999.000,9999.000,9999.000,9999.000,9999.000,9999.000
202602201236,   3.530,   5.208,9999.000,9999.000,9999.000,9999.000,9999.000,9999.000,9999.000
202602201242,   3.604,   5.238,9999.000,9999.000,9999.000,9999.000,9999.000,9999.000,9999.000
202602201248,   3.674,   5.320,9999.000,9999.000,9999.000,9999.000,9999.000,9999.000,9999.000
202602201254,   3.739,   5.457,9999.000,9999.000,9999.000,9999.000,9999.000,9999.000,9999.000
202602201300,   3.799,   5.618,   1.300,   0.519,   5.618,   1.200,   5.518,   1.300,   5.618
202602201306,   3.854,   5.618,9999.000,9999.000,9999.000,9999.000,9999.000,9999.000,9999.000
202602201312,   3.905,   5.739,9999.000,9999.000,9999.000,9999.000,9999.000,9999.000,9999.000
202602201318,   3.950,   5.677,9999.000,9999.000,9999.000,9999.000,9999.000,9999.000,9999.000
202602201324,   3.990,   5.897,9999.000,9999.000,9999.000,9999.000,9999.000,9999.000,9999.000
202602201330,   4.025,   6.008,9999.000,9999.000,9999.000,9999.000,9999.000,9999.000,9999.000
202602201336,   4.054,   6.238,9999.000,9999.000,9999.000,9999.000,9999.000,9999.000,9999.000
202602201342,   4.079,   6.248,9999.000,9999.000,9999.000,9999.000,9999.000,9999.000,9999.000
202602201348,   4.098,   6.268,9999.000,9999.000,9999.000,9999.000,9999.000,9999.000,9999.000
202602201354,   4.111,   6.189,9999.000,9999.000,9999.000,9999.000,9999.000,9999.000,9999.000
202602201400,   4.120,   5.979,   1.300,   0.559,   5.979,   1.200,   5.879,   1.300,   5.979
202602201406,   4.122,   6.117,9999.000,9999.000,9999.000,9999.000,9999.000,9999.000,9999.000
202602201412,   4.120,   6.117,9999.000,9999.000,9999.000,9999.000,9999.000,9999.000,9999.000
202602201418,   4.112,   6.199,9999.000,9999.000,9999.000,9999.000,9999.000,9999.000,9999.000
202602201424,   4.098,   6.127,9999.000,9999.000,9999.000,9999.000,9999.000,9999.000,9999.000
202602201430,   4.079,   6.028,9999.000,9999.000,9999.000,9999.000,9999.000,9999.000,9999.000
202602201436,   4.055,   6.018,9999.000,9999.000,9999.000,9999.000,9999.000,9999.000,9999.000
202602201442,   4.026,   6.038,9999.000,9999.000,9999.000,9999.000,9999.000,9999.000,9999.000
202602201448,   3.991,   6.018,9999.000,9999.000,9999.000,9999.000,9999.000,9999.000,9999.000
202602201454,   3.950,   5.926,9999.000,9999.000,9999.000,9999.000,9999.000,9999.000,9999.000
202602201500,   3.905,   5.677,   1.300,   0.472,   5.677,   1.200,   5.577,   1.300,   5.677
202602201506,   3.854,   5.779,9999.000,9999.000,9999.000,9999.000,9999.000,9999.000,9999.000
202602201512,   3.798,   5.667,9999.000,9999.000,9999.000,9999.000,9999.000,9999.000,9999.000
202602201518,   3.737,   5.707,9999.000,9999.000,9999.000,9999.000,9999.000,9999.000,9999.000
202602201524,   3.672,   5.507,9999.000,9999.000,9999.000,9999.000,9999.000,9999.000,9999.000
202602201530,   3.601,   5.329,9999.000,9999.000,9999.000,9999.000,9999.000,9999.000,9999.000
202602201536,   3.525,   5.149,9999.000,9999.000,9999.000,9999.000,9999.000,9999.000,9999.000
202602201542,   3.445,   5.087,9999.000,9999.000,9999.000,9999.000,9999.000,9999.000,9999.000
202602201548,   3.361,   4.939,9999.000,9999.000,9999.000,9999.000,9999.000,9999.000,9999.000
202602201554,   3.272,   4.798,9999.000,9999.000,9999.000,9999.000,9999.000,9999.000,9999.000
202602201600,   3.179,   4.759,   1.300,   0.280,   4.759,   1.200,   4.659,   1.300,   4.759
202602201606,   3.082,   4.828,9999.000,9999.000,9999.000,9999.000,9999.000,9999.000,9999.000
202602201612,   2.982,   4.578,9999.000,9999.000,9999.000,9999.000,9999.000,9999.000,9999.000
202602201618,   2.878,   4.578,9999.000,9999.000,9999.000,9999.000,9999.000,9999.000,9999.000
202602201624,   2.771,   4.578,9999.000,9999.000,9999.000,9999.000,9999.000,9999.000,9999.000
202602201630,   2.661,   4.247,9999.000,9999.000,9999.000,9999.000,9999.000,9999.000,9999.000
202602201636,   2.549,   4.070,9999.000,9999.000,9999.000,9999.000,9999.000,9999.000,9999.000
202602201642,   2.434,   4.178,9999.000,9999.000,9999.000,9999.000,9999.000,9999.000,9999.000
202602201648,   2.316,   4.080,9999.000,9999.000,9999.000,9999.000,9999.000,9999.000,9999.000
202602201654,   2.198,   3.949,9999.000,9999.000,9999.000,9999.000,9999.000,9999.000,9999.000
202602201700,   2.078,   3.739,   1.300,   0.361,   3.739,   1.200,   3.639,   1.300,   3.739
202602201706,   1.956,   3.749,9999.000,9999.000,9999.000,9999.000,9999.000,9999.000,9999.000
202602201712,   1.834,   3.729,9999.000,9999.000,9999.000,9999.000,9999.000,9999.000,9999.000
202602201718,   1.712,   3.588,9999.000,9999.000,9999.000,9999.000,9999.000,9999.000,9999.000
202602201724,   1.590,   3.368,9999.000,9999.000,9999.000,9999.000,9999.000,9999.000,9999.000
202602201730,   1.468,   3.470,9999.000,9999.000,9999.000,9999.000,9999.000,9999.000,9999.000
202602201736,   1.347,   3.368,9999.000,9999.000,9999.000,9999.000,9999.000,9999.000,9999.000
202602201742,   1.226,   3.299,9999.000,9999.000,9999.000,9999.000,9999.000,9999.000,9999.000
202602201748,   1.108,   3.260,9999.000,9999.000,9999.000,9999.000,9999.000,9999.000,9999.000
202602201754,   0.991,   3.060,9999.000,9999.000,9999.000,9999.000,9999.000,9999.000,9999.000
202602201800,   0.876,   2.889,   1.300,   0.713,   2.889,   1.200,   2.789,   1.400,   2.989
202602201806,   0.764,   2.587,9999.000,9999.000,9999.000,9999.000,9999.000,9999.000,9999.000
202602201812,   0.654,   2.400,9999.000,9999.000,9999.000,9999.000,9999.000,9999.000,9999.000
202602201818,   0.548,   2.318,9999.000,9999.000,9999.000,9999.000,9999.000,9999.000,9999.000
202602201824,   0.445,   2.200,9999.000,9999.000,9999.000,9999.000,9999.000,9999.000,9999.000
202602201830,   0.345,   2.040,9999.000,9999.000,9999.000,9999.000,9999.000,9999.000,9999.000
202602201836,   0.250,   2.069,9999.000,9999.000,9999.000,9999.000,9999.000,9999.000,9999.000
202602201842,   0.159,   1.938,9999.000,9999.000,9999.000,9999.000,9999.000,9999.000,9999.000
202602201848,   0.072,   1.981,9999.000,9999.000,9999.000,9999.000,9999.000,9999.000,9999.000
202602201854,  -0.009,   1.948,9999.000,9999.000,9999.000,9999.000,9999.000,9999.000,9999.000
202602201900,  -0.086,   1.840,   1.400,   0.526,   1.840,   1.300,   1.740,   1.400,   1.840
202602201906,  -0.158,   1.738,9999.000,9999.000,9999.000,9999.000,9999.000,9999.000,9999.000
202602201912,  -0.225,   1.548,9999.000,9999.000,9999.000,9999.000,9999.000,9999.000,9999.000
202602201918,  -0.286,   1.498,9999.000,9999.000,9999.000,9999.000,9999.000,9999.000,9999.000
202602201924,  -0.342,   1.308,9999.000,9999.000,9999.000,9999.000,9999.000,9999.000,9999.000
202602201930,  -0.392,   1.430,9999.000,9999.000,9999.000,9999.000,9999.000,9999.000,9999.000
202602201936,  -0.436,   1.410,9999.000,9999.000,9999.000,9999.000,9999.000,9999.000,9999.000
202602201942,  -0.475,   1.498,9999.000,9999.000,9999.000,9999.000,9999.000,9999.000,9999.000
202602201948,  -0.507,   1.538,9999.000,9999.000,9999.000,9999.000,9999.000,9999.000,9999.000
202602201954,  -0.533,   1.410,9999.000,9999.000,9999.000,9999.000,9999.000,9999.000,9999.000
202602202000,  -0.553,   1.600,   1.300,   0.853,   1.600,   1.300,   1.600,   1.400,   1.700
202602202006,  -0.567,   1.580,9999.000,9999.000,9999.000,9999.000,9999.000,9999.000,9999.000
202602202012,  -0.575,   1.859,9999.000,9999.000,9999.000,9999.000,9999.000,9999.000,9999.000
202602202018,  -0.576,   2.109,9999.000,9999.000,9999.000,9999.000,9999.000,9999.000,9999.000
202602202024,  -0.572,   2.089,9999.000,9999.000,9999.000,9999.000,9999.000,9999.000,9999.000
202602202030,  -0.561,   1.430,9999.000,9999.000,9999.000,9999.000,9999.000,9999.000,9999.000
202602202036,  -0.544,   1.210,9999.000,9999.000,9999.000,9999.000,9999.000,9999.000,9999.000
202602202042,  -0.521,   0.990,9999.000,9999.000,9999.000,9999.000,9999.000,9999.000,9999.000
202602202048,  -0.491,   1.151,9999.000,9999.000,9999.000,9999.000,9999.000,9999.000,9999.000
202602202054,  -0.456,   1.210,9999.000,9999.000,9999.000,9999.000,9999.000,9999.000,9999.000
202602202100,  -0.415,   1.098,   1.300,   0.213,   1.098,   1.200,   0.998,   1.300,   1.098
202602202106,  -0.368,   1.380,9999.000,9999.000,9999.000,9999.000,9999.000,9999.000,9999.000
202602202112,  -0.315,   1.210,9999.000,9999.000,9999.000,9999.000,9999.000,9999.000,9999.000
202602202118,  -0.256,   1.439,9999.000,9999.000,9999.000,9999.000,9999.000,9999.000,9999.000
202602202124,  -0.192,   1.498,9999.000,9999.000,9999.000,9999.000,9999.000,9999.000,9999.000
202602202130,  -0.123,   1.498,9999.000,9999.000,9999.000,9999.000,9999.000,9999.000,9999.000
202602202136,  -0.049,   1.689,9999.000,9999.000,9999.000,9999.000,9999.000,9999.000,9999.000
202602202142,   0.030,   1.528,9999.000,9999.000,9999.000,9999.000,9999.000,9999.000,9999.000
202602202148,   0.114,   1.557,9999.000,9999.000,9999.000,9999.000,9999.000,9999.000,9999.000
202602202154,   0.203,   1.899,9999.000,9999.000,9999.000,9999.000,9999.000,9999.000,9999.000
202602202200,   0.296,   1.918,   1.200,   0.422,   1.918,   1.100,   1.818,   1.300,   2.018
202602202206,   0.394,   2.118,9999.000,9999.000,9999.000,9999.000,9999.000,9999.000,9999.000
202602202212,   0.495,   2.240,9999.000,9999.000,9999.000,9999.000,9999.000,9999.000,9999.000
202602202218,   0.600,   2.440,9999.000,9999.000,9999.000,9999.000,9999.000,9999.000,9999.000
202602202224,   0.708,   2.538,9999.000,9999.000,9999.000,9999.000,9999.000,9999.000,9999.000
202602202230,   0.819,   2.568,9999.000,9999.000,9999.000,9999.000,9999.000,9999.000,9999.000
202602202236,   0.933,   2.669,9999.000,9999.000,9999.000,9999.000,9999.000,9999.000,9999.000
202602202242,   1.049,   2.879,9999.000,9999.000,9999.000,9999.000,9999.000,9999.000,9999.000
202602202248,   1.167,   2.929,9999.000,9999.000,9999.000,9999.000,9999.000,9999.000,9999.000
202602202254,   1.287,   3.148,9999.000,9999.000,9999.000,9999.000,9999.000,9999.000,9999.000
202602202300,   1.408,   3.270,   1.100,   0.762,   3.270,   1.100,   3.270,   1.200,   3.370
202602202306,   1.530,   3.250,9999.000,9999.000,9999.000,9999.000,9999.000,9999.000,9999.000
202602202312,   1.652,   3.378,9999.000,9999.000,9999.000,9999.000,9999.000,9999.000,9999.000
202602202318,   1.775,   3.378,9999.000,9999.000,9999.000,9999.000,9999.000,9999.000,9999.000
202602202324,   1.897,   3.368,9999.000,9999.000,9999.000,9999.000,9999.000,9999.000,9999.000
202602202330,   2.020,   3.578,9999.000,9999.000,9999.000,9999.000,9999.000,9999.000,9999.000
202602202336,   2.141,   3.670,9999.000,9999.000,9999.000,9999.000,9999.000,9999.000,9999.000
202602202342,   2.261,   3.978,9999.000,9999.000,9999.000,9999.000,9999.000,9999.000,9999.000
202602202348,   2.379,   4.119,9999.000,9999.000,9999.000,9999.000,9999.000,9999.000,9999.000
202602202354,   2.496,9999.000,9999.000,9999.000,9999.000,9999.000,9999.000,9999.000,9999.000
202602210000,   2.610,9999.000,   1.100,   0.726,   4.436,   1.100,   4.436,   1.200,   4.536
202602210006,   2.722,9999.000,9999.000,9999.000,9999.000,9999.000,9999.000,9999.000,9999.000
202602210012,   2.831,9999.000,9999.000,9999.000,9999.000,9999.000,9999.000,9999.000,9999.000
202602210018,   2.937,9999.000,9999.000,9999.000,9999.000,9999.000,9999.000,9999.000,9999.000
202602210024,   3.039,9999.000,9999.000,9999.000,9999.000,9999.000,9999.000,9999.000,9999.000
202602210030,   3.138,9999.000,9999.000,9999.000,9999.000,9999.000,9999.000,9999.000,9999.000
202602210036,   3.233,9999.000,9999.000,9999.000,9999.000,9999.000,9999.000,9999.000,9999.000
202602210042,   3.324,9999.000,9999.000,9999.000,9999.000,9999.000,9999.000,9999.000,9999.000
202602210048,   3.411,9999.000,9999.000,9999.000,9999.000,9999.000,9999.000,9999.000,9999.000
202602210054,   3.493,9999.000,9999.000,9999.000,9999.000,9999.000,9999.000,9999.000,9999.000
202602210100,   3.571,9999.000,   1.000,   0.691,   5.262,   1.000,   5.262,   1.100,   5.362
202602210106,   3.644,9999.000,9999.000,9999.000,9999.000,9999.000,9999.000,9999.000,9999.000
202602210112,   3.712,9999.000,9999.000,9999.000,9999.000,9999.000,9999.000,9999.000,9999.000
202602210118,   3.776,9999.000,9999.000,9999.000,9999.000,9999.000,9999.000,9999.000,9999.000
202602210124,   3.834,9999.000,9999.000,9999.000,9999.000,9999.000,9999.000,9999.000,9999.000
202602210130,   3.888,9999.000,9999.000,9999.000,9999.000,9999.000,9999.000,9999.000,9999.000
202602210136,   3.936,9999.000,9999.000,9999.000,9999.000,9999.000,9999.000,9999.000,9999.000
202602210142,   3.979,9999.000,9999.000,9999.000,9999.000,9999.000,9999.000,9999.000,9999.000
202602210148,   4.017,9999.000,9999.000,9999.000,9999.000,9999.000,9999.000,9999.000,9999.000
202602210154,   4.050,9999.000,9999.000,9999.000,9999.000,9999.000,9999.000,9999.000,9999.000
202602210200,   4.078,9999.000,   1.100,   0.655,   5.833,   1.000,   5.733,   1.100,   5.833
202602210206,   4.100,9999.000,9999.000,9999.000,9999.000,9999.000,9999.000,9999.000,9999.000
202602210212,   4.117,9999.000,9999.000,9999.000,9999.000,9999.000,9999.000,9999.000,9999.000
202602210218,   4.129,9999.000,9999.000,9999.000,9999.000,9999.000,9999.000,9999.000,9999.000
202602210224,   4.135,9999.000,9999.000,9999.000,9999.000,9999.000,9999.000,9999.000,9999.000
202602210230,   4.137,9999.000,9999.000,9999.000,9999.000,9999.000,9999.000,9999.000,9999.000
202602210236,   4.133,9999.000,9999.000,9999.000,9999.000,9999.000,9999.000,9999.000,9999.000
202602210242,   4.124,9999.000,9999.000,9999.000,9999.000,9999.000,9999.000,9999.000,9999.000
202602210248,   4.109,9999.000,9999.000,9999.000,9999.000,9999.000,9999.000,9999.000,9999.000
202602210254,   4.090,9999.000,9999.000,9999.000,9999.000,9999.000,9999.000,9999.000,9999.000
202602210300,   4.065,9999.000,   1.000,   0.620,   5.685,   0.900,   5.585,   1.100,   5.785
202602210306,   4.036,9999.000,9999.000,9999.000,9999.000,9999.000,9999.000,9999.000,9999.000
202602210312,   4.001,9999.000,9999.000,9999.000,9999.000,9999.000,9999.000,9999.000,9999.000
202602210318,   3.961,9999.000,9999.000,9999.000,9999.000,9999.000,9999.000,9999.000,9999.000
202602210324,   3.916,9999.000,9999.000,9999.000,9999.000,9999.000,9999.000,9999.000,9999.000
202602210330,   3.866,9999.000,9999.000,9999.000,9999.000,9999.000,9999.000,9999.000,9999.000
202602210336,   3.812,9999.000,9999.000,9999.000,9999.000,9999.000,9999.000,9999.000,9999.000
202602210342,   3.752,9999.000,9999.000,9999.000,9999.000,9999.000,9999.000,9999.000,9999.000
202602210348,   3.688,9999.000,9999.000,9999.000,9999.000,9999.000,9999.000,9999.000,9999.000
202602210354,   3.620,9999.000,9999.000,9999.000,9999.000,9999.000,9999.000,9999.000,9999.000
202602210400,   3.546,9999.000,   1.000,   0.584,   5.130,   0.800,   4.930,   1.100,   5.230
202602210406,   3.469,9999.000,9999.000,9999.000,9999.000,9999.000,9999.000,9999.000,9999.000
202602210412,   3.387,9999.000,9999.000,9999.000,9999.000,9999.000,9999.000,9999.000,9999.000
202602210418,   3.301,9999.000,9999.000,9999.000,9999.000,9999.000,9999.000,9999.000,9999.000
202602210424,   3.212,9999.000,9999.000,9999.000,9999.000,9999.000,9999.000,9999.000,9999.000
202602210430,   3.118,9999.000,9999.000,9999.000,9999.000,9999.000,9999.000,9999.000,9999.000
202602210436,   3.021,9999.000,9999.000,9999.000,9999.000,9999.000,9999.000,9999.000,9999.000
202602210442,   2.921,9999.000,9999.000,9999.000,9999.000,9999.000,9999.000,9999.000,9999.000
202602210448,   2.818,9999.000,9999.000,9999.000,9999.000,9999.000,9999.000,9999.000,9999.000
202602210454,   2.713,9999.000,9999.000,9999.000,9999.000,9999.000,9999.000,9999.000,9999.000
202602210500,   2.604,9999.000,   1.000,   0.549,   4.153,   0.800,   3.953,   1.100,   4.253
202602210506,   2.494,9999.000,9999.000,9999.000,9999.000,9999.000,9999.000,9999.000,9999.000
202602210512,   2.382,9999.000,9999.000,9999.000,9999.000,9999.000,9999.000,9999.000,9999.000
202602210518,   2.268,9999.000,9999.000,9999.000,9999.000,9999.000,9999.000,9999.000,9999.000
202602210524,   2.153,9999.000,9999.000,9999.000,9999.000,9999.000,9999.000,9999.000,9999.000
202602210530,   2.037,9999.000,9999.000,9999.000,9999.000,9999.000,9999.000,9999.000,9999.000
202602210536,   1.921,9999.000,9999.000,9999.000,9999.000,9999.000,9999.000,9999.000,9999.000
202602210542,   1.804,9999.000,9999.000,9999.000,9999.000,9999.000,9999.000,9999.000,9999.000
202602210548,   1.688,9999.000,9999.000,9999.000,9999.000,9999.000,9999.000,9999.000,9999.000
202602210554,   1.572,9999.000,9999.000,9999.000,9999.000,9999.000,9999.000,9999.000,9999.000
202602210600,   1.457,9999.000,   0.900,   0.513,   2.870,   0.700,   2.670,   1.000,   2.970
202602210606,   1.343,9999.000,9999.000,9999.000,9999.000,9999.000,9999.000,9999.000,9999.000
202602210612,   1.230,9999.000,9999.000,9999.000,9999.000,9999.000,9999.000,9999.000,9999.000
202602210618,   1.120,9999.000,9999.000,9999.000,9999.000,9999.000,9999.000,9999.000,9999.000
202602210624,   1.012,9999.000,9999.000,9999.000,9999.000,9999.000,9999.000,9999.000,9999.000
202602210630,   0.906,9999.000,9999.000,9999.000,9999.000,9999.000,9999.000,9999.000,9999.000
202602210636,   0.803,9999.000,9999.000,9999.000,9999.000,9999.000,9999.000,9999.000,9999.000
202602210642,   0.702,9999.000,9999.000,9999.000,9999.000,9999.000,9999.000,9999.000,9999.000
202602210648,   0.606,9999.000,9999.000,9999.000,9999.000,9999.000,9999.000,9999.000,9999.000
202602210654,   0.512,9999.000,9999.000,9999.000,9999.000,9999.000,9999.000,9999.000,9999.000
202602210700,   0.423,9999.000,   0.800,   0.478,   1.701,   0.600,   1.501,   0.900,   1.801
202602210706,   0.338,9999.000,9999.000,9999.000,9999.000,9999.000,9999.000,9999.000,9999.000
202602210712,   0.256,9999.000,9999.000,9999.000,9999.000,9999.000,9999.000,9999.000,9999.000
202602210718,   0.180,9999.000,9999.000,9999.000,9999.000,9999.000,9999.000,9999.000,9999.000
202602210724,   0.107,9999.000,9999.000,9999.000,9999.000,9999.000,9999.000,9999.000,9999.000
202602210730,   0.040,9999.000,9999.000,9999.000,9999.000,9999.000,9999.000,9999.000,9999.000
202602210736,  -0.022,9999.000,9999.000,9999.000,9999.000,9999.000,9999.000,9999.000,9999.000
202602210742,  -0.080,9999.000,9999.000,9999.000,9999.000,9999.000,9999.000,9999.000,9999.000
202602210748,  -0.133,9999.000,9999.000,9999.000,9999.000,9999.000,9999.000,9999.000,9999.000
202602210754,  -0.180,9999.000,9999.000,9999.000,9999.000,9999.000,9999.000,9999.000,9999.000
202602210800,  -0.222,9999.000,   0.700,   0.442,   0.920,   0.500,   0.720,   0.900,   1.120
202602210806,  -0.259,9999.000,9999.000,9999.000,9999.000,9999.000,9999.000,9999.000,9999.000
202602210812,  -0.291,9999.000,9999.000,9999.000,9999.000,9999.000,9999.000,9999.000,9999.000
202602210818,  -0.317,9999.000,9999.000,9999.000,9999.000,9999.000,9999.000,9999.000,9999.000
202602210824,  -0.338,9999.000,9999.000,9999.000,9999.000,9999.000,9999.000,9999.000,9999.000
202602210830,  -0.353,9999.000,9999.000,9999.000,9999.000,9999.000,9999.000,9999.000,9999.000
202602210836,  -0.363,9999.000,9999.000,9999.000,9999.000,9999.000,9999.000,9999.000,9999.000
202602210842,  -0.367,9999.000,9999.000,9999.000,9999.000,9999.000,9999.000,9999.000,9999.000
202602210848,  -0.366,9999.000,9999.000,9999.000,9999.000,9999.000,9999.000,9999.000,9999.000
202602210854,  -0.359,9999.000,9999.000,9999.000,9999.000,9999.000,9999.000,9999.000,9999.000
202602210900,  -0.346,9999.000,   0.700,   0.407,   0.761,   0.500,   0.561,   0.800,   0.861
202602210906,  -0.328,9999.000,9999.000,9999.000,9999.000,9999.000,9999.000,9999.000,9999.000
202602210912,  -0.305,9999.000,9999.000,9999.000,9999.000,9999.000,9999.000,9999.000,9999.000
202602210918,  -0.276,9999.000,9999.000,9999.000,9999.000,9999.000,9999.000,9999.000,9999.000
202602210924,  -0.242,9999.000,9999.000,9999.000,9999.000,9999.000,9999.000,9999.000,9999.000
202602210930,  -0.202,9999.000,9999.000,9999.000,9999.000,9999.000,9999.000,9999.000,9999.000
202602210936,  -0.157,9999.000,9999.000,9999.000,9999.000,9999.000,9999.000,9999.000,9999.000
202602210942,  -0.107,9999.000,9999.000,9999.000,9999.000,9999.000,9999.000,9999.000,9999.000
202602210948,  -0.052,9999.000,9999.000,9999.000,9999.000,9999.000,9999.000,9999.000,9999.000
202602210954,   0.008,9999.000,9999.000,9999.000,9999.000,9999.000,9999.000,9999.000,9999.000
202602211000,   0.073,9999.000,   0.600,   0.371,   1.044,   0.400,   0.844,   0.800,   1.244
202602211006,   0.142,9999.000,9999.000,9999.000,9999.000,9999.000,9999.000,9999.000,9999.000
202602211012,   0.217,9999.000,9999.000,9999.000,9999.000,9999.000,9999.000,9999.000,9999.000
202602211018,   0.296,9999.000,9999.000,9999.000,9999.000,9999.000,9999.000,9999.000,9999.000
202602211024,   0.379,9999.000,9999.000,9999.000,9999.000,9999.000,9999.000,9999.000,9999.000
202602211030,   0.466,9999.000,9999.000,9999.000,9999.000,9999.000,9999.000,9999.000,9999.000
202602211036,   0.556,9999.000,9999.000,9999.000,9999.000,9999.000,9999.000,9999.000,9999.000
202602211042,   0.651,9999.000,9999.000,9999.000,9999.000,9999.000,9999.000,9999.000,9999.000
202602211048,   0.748,9999.000,9999.000,9999.000,9999.000,9999.000,9999.000,9999.000,9999.000
202602211054,   0.849,9999.000,9999.000,9999.000,9999.000,9999.000,9999.000,9999.000,9999.000
202602211100,   0.952,9999.000,   0.600,   0.336,   1.888,   0.400,   1.688,   0.700,   1.988
202602211106,   1.057,9999.000,9999.000,9999.000,9999.000,9999.000,9999.000,9999.000,9999.000
202602211112,   1.165,9999.000,9999.000,9999.000,9999.000,9999.000,9999.000,9999.000,9999.000
202602211118,   1.274,9999.000,9999.000,9999.000,9999.000,9999.000,9999.000,9999.000,9999.000
202602211124,   1.384,9999.000,9999.000,9999.000,9999.000,9999.000,9999.000,9999.000,9999.000
202602211130,   1.496,9999.000,9999.000,9999.000,9999.000,9999.000,9999.000,9999.000,9999.000
202602211136,   1.608,9999.000,9999.000,9999.000,9999.000,9999.000,9999.000,9999.000,9999.000
202602211142,   1.720,9999.000,9999.000,9999.000,9999.000,9999.000,9999.000,9999.000,9999.000
202602211148,   1.833,9999.000,9999.000,9999.000,9999.000,9999.000,9999.000,9999.000,9999.000
202602211154,   1.945,9999.000,9999.000,9999.000,9999.000,9999.000,9999.000,9999.000,9999.000
202602211200,   2.056,9999.000,   0.600,   0.336,   2.992,   0.400,   2.792,   0.700,   3.092
202602211206,   2.166,9999.000,9999.000,9999.000,9999.000,9999.000,9999.000,9999.000,9999.000
202602211212,   2.274,9999.000,9999.000,9999.000,9999.000,9999.000,9999.000,9999.000,9999.000
202602211218,   2.381,9999.000,9999.000,9999.000,9999.000,9999.000,9999.000,9999.000,9999.000
202602211224,   2.486,9999.000,9999.000,9999.000,9999.000,9999.000,9999.000,9999.000,9999.000
202602211230,   2.588,9999.000,9999.000,9999.000,9999.000,9999.000,9999.000,9999.000,9999.000
202602211236,   2.688,9999.000,9999.000,9999.000,9999.000,9999.000,9999.000,9999.000,9999.000
202602211242,   2.785,9999.000,9999.000,9999.000,9999.000,9999.000,9999.000,9999.000,9999.000
202602211248,   2.878,9999.000,9999.000,9999.000,9999.000,9999.000,9999.000,9999.000,9999.000
202602211254,   2.968,9999.000,9999.000,9999.000,9999.000,9999.000,9999.000,9999.000,9999.000
202602211300,   3.055,9999.000,   0.500,   0.336,   3.891,   0.400,   3.791,   0.600,   3.991
202602211306,   3.137,9999.000,9999.000,9999.000,9999.000,9999.000,9999.000,9999.000,9999.000
202602211312,   3.216,9999.000,9999.000,9999.000,9999.000,9999.000,9999.000,9999.000,9999.000
202602211318,   3.291,9999.000,9999.000,9999.000,9999.000,9999.000,9999.000,9999.000,9999.000
202602211324,   3.361,9999.000,9999.000,9999.000,9999.000,9999.000,9999.000,9999.000,9999.000
202602211330,   3.427,9999.000,9999.000,9999.000,9999.000,9999.000,9999.000,9999.000,9999.000
202602211336,   3.488,9999.000,9999.000,9999.000,9999.000,9999.000,9999.000,9999.000,9999.000
202602211342,   3.545,9999.000,9999.000,9999.000,9999.000,9999.000,9999.000,9999.000,9999.000
202602211348,   3.597,9999.000,9999.000,9999.000,9999.000,9999.000,9999.000,9999.000,9999.000
202602211354,   3.645,9999.000,9999.000,9999.000,9999.000,9999.000,9999.000,9999.000,9999.000
202602211400,   3.688,9999.000,   0.500,   0.336,   4.524,   0.300,   4.324,   0.700,   4.724
202602211406,   3.726,9999.000,9999.000,9999.000,9999.000,9999.000,9999.000,9999.000,9999.000
202602211412,   3.759,9999.000,9999.000,9999.000,9999.000,9999.000,9999.000,9999.000,9999.000
202602211418,   3.787,9999.000,9999.000,9999.000,9999.000,9999.000,9999.000,9999.000,9999.000
202602211424,   3.810,9999.000,9999.000,9999.000,9999.000,9999.000,9999.000,9999.000,9999.000
202602211430,   3.829,9999.000,9999.000,9999.000,9999.000,9999.000,9999.000,9999.000,9999.000
202602211436,   3.843,9999.000,9999.000,9999.000,9999.000,9999.000,9999.000,9999.000,9999.000
202602211442,   3.851,9999.000,9999.000,9999.000,9999.000,9999.000,9999.000,9999.000,9999.000
202602211448,   3.855,9999.000,9999.000,9999.000,9999.000,9999.000,9999.000,9999.000,9999.000
202602211454,   3.854,9999.000,9999.000,9999.000,9999.000,9999.000,9999.000,9999.000,9999.000
202602211500,   3.848,9999.000,   0.500,   0.336,   4.684,   0.400,   4.584,   0.700,   4.884
202602211506,   3.838,9999.000,9999.000,9999.000,9999.000,9999.000,9999.000,9999.000,9999.000
202602211512,   3.822,9999.000,9999.000,9999.000,9999.000,9999.000,9999.000,9999.000,9999.000
202602211518,   3.801,9999.000,9999.000,9999.000,9999.000,9999.000,9999.000,9999.000,9999.000
202602211524,   3.775,9999.000,9999.000,9999.000,9999.000,9999.000,9999.000,9999.000,9999.000
202602211530,   3.745,9999.000,9999.000,9999.000,9999.000,9999.000,9999.000,9999.000,9999.000
202602211536,   3.710,9999.000,9999.000,9999.000,9999.000,9999.000,9999.000,9999.000,9999.000
202602211542,   3.669,9999.000,9999.000,9999.000,9999.000,9999.000,9999.000,9999.000,9999.000
202602211548,   3.624,9999.000,9999.000,9999.000,9999.000,9999.000,9999.000,9999.000,9999.000
202602211554,   3.574,9999.000,9999.000,9999.000,9999.000,9999.000,9999.000,9999.000,9999.000
202602211600,   3.519,9999.000,   0.500,   0.336,   4.355,   0.400,   4.255,   0.800,   4.655
202602211606,   3.460,9999.000,9999.000,9999.000,9999.000,9999.000,9999.000,9999.000,9999.000
202602211612,   3.396,9999.000,9999.000,9999.000,9999.000,9999.000,9999.000,9999.000,9999.000
202602211618,   3.327,9999.000,9999.000,9999.000,9999.000,9999.000,9999.000,9999.000,9999.000
202602211624,   3.254,9999.000,9999.000,9999.000,9999.000,9999.000,9999.000,9999.000,9999.000
202602211630,   3.177,9999.000,9999.000,9999.000,9999.000,9999.000,9999.000,9999.000,9999.000
202602211636,   3.096,9999.000,9999.000,9999.000,9999.000,9999.000,9999.000,9999.000,9999.000
202602211642,   3.010,9999.000,9999.000,9999.000,9999.000,9999.000,9999.000,9999.000,9999.000
202602211648,   2.921,9999.000,9999.000,9999.000,9999.000,9999.000,9999.000,9999.000,9999.000
202602211654,   2.828,9999.000,9999.000,9999.000,9999.000,9999.000,9999.000,9999.000,9999.000
202602211700,   2.732,9999.000,   0.600,   0.336,   3.668,   0.400,   3.468,   0.800,   3.868
202602211706,   2.632,9999.000,9999.000,9999.000,9999.000,9999.000,9999.000,9999.000,9999.000
202602211712,   2.530,9999.000,9999.000,9999.000,9999.000,9999.000,9999.000,9999.000,9999.000
202602211718,   2.425,9999.000,9999.000,9999.000,9999.000,9999.000,9999.000,9999.000,9999.000
202602211724,   2.318,9999.000,9999.000,9999.000,9999.000,9999.000,9999.000,9999.000,9999.000
202602211730,   2.208,9999.000,9999.000,9999.000,9999.000,9999.000,9999.000,9999.000,9999.000
202602211736,   2.097,9999.000,9999.000,9999.000,9999.000,9999.000,9999.000,9999.000,9999.000
202602211742,   1.985,9999.000,9999.000,9999.000,9999.000,9999.000,9999.000,9999.000,9999.000
202602211748,   1.871,9999.000,9999.000,9999.000,9999.000,9999.000,9999.000,9999.000,9999.000
202602211754,   1.757,9999.000,9999.000,9999.000,9999.000,9999.000,9999.000,9999.000,9999.000
202602211800,   1.643,9999.000,   0.600,   0.336,   2.579,   0.400,   2.379,   0.800,   2.779
202602211806,   1.528,9999.000,9999.000,9999.000,9999.000,9999.000,9999.000,9999.000,9999.000
202602211812,   1.414,9999.000,9999.000,9999.000,9999.000,9999.000,9999.000,9999.000,9999.000
202602211818,   1.301,9999.000,9999.000,9999.000,9999.000,9999.000,9999.000,9999.000,9999.000
202602211824,   1.189,9999.000,9999.000,9999.000,9999.000,9999.000,9999.000,9999.000,9999.000
202602211830,   1.079,9999.000,9999.000,9999.000,9999.000,9999.000,9999.000,9999.000,9999.000
202602211836,   0.970,9999.000,9999.000,9999.000,9999.000,9999.000,9999.000,9999.000,9999.000
202602211842,   0.863,9999.000,9999.000,9999.000,9999.000,9999.000,9999.000,9999.000,9999.000
202602211848,   0.759,9999.000,9999.000,9999.000,9999.000,9999.000,9999.000,9999.000,9999.000
202602211854,   0.657,9999.000,9999.000,9999.000,9999.000,9999.000,9999.000,9999.000,9999.000
202602211900,   0.559,9999.000,   0.700,   0.336,   1.595,   0.600,   1.495,   0.900,   1.795
202602211906,   0.464,9999.000,9999.000,9999.000,9999.000,9999.000,9999.000,9999.000,9999.000
202602211912,   0.372,9999.000,9999.000,9999.000,9999.000,9999.000,9999.000,9999.000,9999.000
202602211918,   0.284,9999.000,9999.000,9999.000,9999.000,9999.000,9999.000,9999.000,9999.000
202602211924,   0.201,9999.000,9999.000,9999.000,9999.000,9999.000,9999.000,9999.000,9999.000
202602211930,   0.121,9999.000,9999.000,9999.000,9999.000,9999.000,9999.000,9999.000,9999.000
202602211936,   0.046,9999.000,9999.000,9999.000,9999.000,9999.000,9999.000,9999.000,9999.000
202602211942,  -0.024,9999.000,9999.000,9999.000,9999.000,9999.000,9999.000,9999.000,9999.000
202602211948,  -0.089,9999.000,9999.000,9999.000,9999.000,9999.000,9999.000,9999.000,9999.000
202602211954,  -0.150,9999.000,9999.000,9999.000,9999.000,9999.000,9999.000,9999.000,9999.000
202602212000,  -0.206,9999.000,   0.800,   0.336,   0.930,   0.600,   0.730,   0.900,   1.030
202602212006,  -0.257,9999.000,9999.000,9999.000,9999.000,9999.000,9999.000,9999.000,9999.000
202602212012,  -0.303,9999.000,9999.000,9999.000,9999.000,9999.000,9999.000,9999.000,9999.000
202602212018,  -0.343,9999.000,9999.000,9999.000,9999.000,9999.000,9999.000,9999.000,9999.000
202602212024,  -0.378,9999.000,9999.000,9999.000,9999.000,9999.000,9999.000,9999.000,9999.000
202602212030,  -0.408,9999.000,9999.000,9999.000,9999.000,9999.000,9999.000,9999.000,9999.000
202602212036,  -0.432,9999.000,9999.000,9999.000,9999.000,9999.000,9999.000,9999.000,9999.000
202602212042,  -0.451,9999.000,9999.000,9999.000,9999.000,9999.000,9999.000,9999.000,9999.000
202602212048,  -0.464,9999.000,9999.000,9999.000,9999.000,9999.000,9999.000,9999.000,9999.000
202602212054,  -0.471,9999.000,9999.000,9999.000,9999.000,9999.000,9999.000,9999.000,9999.000
202602212100,  -0.473,9999.000,   0.800,   0.336,   0.663,   0.700,   0.563,   0.900,   0.763
202602212106,  -0.469,9999.000,9999.000,9999.000,9999.000,9999.000,9999.000,9999.000,9999.000
202602212112,  -0.459,9999.000,9999.000,9999.000,9999.000,9999.000,9999.000,9999.000,9999.000
202602212118,  -0.444,9999.000,9999.000,9999.000,9999.000,9999.000,9999.000,9999.000,9999.000
202602212124,  -0.423,9999.000,9999.000,9999.000,9999.000,9999.000,9999.000,9999.000,9999.000
202602212130,  -0.396,9999.000,9999.000,9999.000,9999.000,9999.000,9999.000,9999.000,9999.000
202602212136,  -0.364,9999.000,9999.000,9999.000,9999.000,9999.000,9999.000,9999.000,9999.000
202602212142,  -0.326,9999.000,9999.000,9999.000,9999.000,9999.000,9999.000,9999.000,9999.000
202602212148,  -0.282,9999.000,9999.000,9999.000,9999.000,9999.000,9999.000,9999.000,9999.000
202602212154,  -0.233,9999.000,9999.000,9999.000,9999.000,9999.000,9999.000,9999.000,9999.000
202602212200,  -0.178,9999.000,   0.800,   0.336,   0.958,   0.700,   0.858,   0.900,   1.058
202602212206,  -0.118,9999.000,9999.000,9999.000,9999.000,9999.000,9999.000,9999.000,9999.000
202602212212,  -0.053,9999.000,9999.000,9999.000,9999.000,9999.000,9999.000,9999.000,9999.000
202602212218,   0.016,9999.000,9999.000,9999.000,9999.000,9999.000,9999.000,9999.000,9999.000
202602212224,   0.092,9999.000,9999.000,9999.000,9999.000,9999.000,9999.000,9999.000,9999.000
202602212230,   0.172,9999.000,9999.000,9999.000,9999.000,9999.000,9999.000,9999.000,9999.000
202602212236,   0.257,9999.000,9999.000,9999.000,9999.000,9999.000,9999.000,9999.000,9999.000
202602212242,   0.347,9999.000,9999.000,9999.000,9999.000,9999.000,9999.000,9999.000,9999.000
202602212248,   0.441,9999.000,9999.000,9999.000,9999.000,9999.000,9999.000,9999.000,9999.000
202602212254,   0.539,9999.000,9999.000,9999.000,9999.000,9999.000,9999.000,9999.000,9999.000
202602212300,   0.640,9999.000,   0.800,   0.336,   1.776,   0.700,   1.676,   0.900,   1.876
202602212306,   0.746,9999.000,9999.000,9999.000,9999.000,9999.000,9999.000,9999.000,9999.000
202602212312,   0.854,9999.000,9999.000,9999.000,9999.000,9999.000,9999.000,9999.000,9999.000
202602212318,   0.966,9999.000,9999.000,9999.000,9999.000,9999.000,9999.000,9999.000,9999.000
202602212324,   1.080,9999.000,9999.000,9999.000,9999.000,9999.000,9999.000,9999.000,9999.000
202602212330,   1.196,9999.000,9999.000,9999.000,9999.000,9999.000,9999.000,9999.000,9999.000
202602212336,   1.314,9999.000,9999.000,9999.000,9999.000,9999.000,9999.000,9999.000,9999.000
202602212342,   1.433,9999.000,9999.000,9999.000,9999.000,9999.000,9999.000,9999.000,9999.000
202602212348,   1.554,9999.000,9999.000,9999.000,9999.000,9999.000,9999.000,9999.000,9999.000
202602212354,   1.676,9999.000,9999.000,9999.000,9999.000,9999.000,9999.000,9999.000,9999.000
202602220000,   1.798,9999.000,   0.800,   0.336,   2.934,   0.700,   2.834,   0.900,   3.034
202602220006,   1.919,9999.000,9999.000,9999.000,9999.000,9999.000,9999.000,9999.000,9999.000
202602220012,   2.041,9999.000,9999.000,9999.000,9999.000,9999.000,9999.000,9999.000,9999.000
202602220018,   2.162,9999.000,9999.000,9999.000,9999.000,9999.000,9999.000,9999.000,9999.000
202602220024,   2.281,9999.000,9999.000,9999.000,9999.000,9999.000,9999.000,9999.000,9999.000
202602220030,   2.399,9999.000,9999.000,9999.000,9999.000,9999.000,9999.000,9999.000,9999.000
202602220036,   2.515,9999.000,9999.000,9999.000,9999.000,9999.000,9999.000,9999.000,9999.000
202602220042,   2.629,9999.000,9999.000,9999.000,9999.000,9999.000,9999.000,9999.000,9999.000
202602220048,   2.741,9999.000,9999.000,9999.000,9999.000,9999.000,9999.000,9999.000,9999.000
202602220054,   2.850,9999.000,9999.000,9999.000,9999.000,9999.000,9999.000,9999.000,9999.000
202602220100,   2.955,9999.000,   0.800,   0.336,   4.091,   0.700,   3.991,   0.900,   4.191
202602220106,   3.058,9999.000,9999.000,9999.000,9999.000,9999.000,9999.000,9999.000,9999.000
202602220112,   3.156,9999.000,9999.000,9999.000,9999.000,9999.000,9999.000,9999.000,9999.000
202602220118,   3.251,9999.000,9999.000,9999.000,9999.000,9999.000,9999.000,9999.000,9999.000
202602220124,   3.342,9999.000,9999.000,9999.000,9999.000,9999.000,9999.000,9999.000,9999.000
202602220130,   3.429,9999.000,9999.000,9999.000,9999.000,9999.000,9999.000,9999.000,9999.000
202602220136,   3.511,9999.000,9999.000,9999.000,9999.000,9999.000,9999.000,9999.000,9999.000
202602220142,   3.590,9999.000,9999.000,9999.000,9999.000,9999.000,9999.000,9999.000,9999.000
202602220148,   3.663,9999.000,9999.000,9999.000,9999.000,9999.000,9999.000,9999.000,9999.000
202602220154,   3.732,9999.000,9999.000,9999.000,9999.000,9999.000,9999.000,9999.000,9999.000
202602220200,   3.796,9999.000,   0.800,   0.336,   4.932,   0.700,   4.832,   0.900,   5.032
202602220206,   3.855,9999.000,9999.000,9999.000,9999.000,9999.000,9999.000,9999.000,9999.000
202602220212,   3.910,9999.000,9999.000,9999.000,9999.000,9999.000,9999.000,9999.000,9999.000
202602220218,   3.959,9999.000,9999.000,9999.000,9999.000,9999.000,9999.000,9999.000,9999.000
202602220224,   4.004,9999.000,9999.000,9999.000,9999.000,9999.000,9999.000,9999.000,9999.000
202602220230,   4.044,9999.000,9999.000,9999.000,9999.000,9999.000,9999.000,9999.000,9999.000
202602220236,   4.079,9999.000,9999.000,9999.000,9999.000,9999.000,9999.000,9999.000,9999.000
202602220242,   4.109,9999.000,9999.000,9999.000,9999.000,9999.000,9999.000,9999.000,9999.000
202602220248,   4.134,9999.000,9999.000,9999.000,9999.000,9999.000,9999.000,9999.000,9999.000
202602220254,   4.154,9999.000,9999.000,9999.000,9999.000,9999.000,9999.000,9999.000,9999.000
202602220300,   4.169,9999.000,   0.900,   0.336,   5.405,   0.800,   5.305,   1.000,   5.505
202602220306,   4.179,9999.000,9999.000,9999.000,9999.000,9999.000,9999.000,9999.000,9999.000
202602220312,   4.185,9999.000,9999.000,9999.000,9999.000,9999.000,9999.000,9999.000,9999.000
202602220318,   4.185,9999.000,9999.000,9999.000,9999.000,9999.000,9999.000,9999.000,9999.000
202602220324,   4.181,9999.000,9999.000,9999.000,9999.000,9999.000,9999.000,9999.000,9999.000
202602220330,   4.171,9999.000,9999.000,9999.000,9999.000,9999.000,9999.000,9999.000,9999.000
202602220336,   4.157,9999.000,9999.000,9999.000,9999.000,9999.000,9999.000,9999.000,9999.000
202602220342,   4.137,9999.000,9999.000,9999.000,9999.000,9999.000,9999.000,9999.000,9999.000
202602220348,   4.113,9999.000,9999.000,9999.000,9999.000,9999.000,9999.000,9999.000,9999.000
202602220354,   4.084,9999.000,9999.000,9999.000,9999.000,9999.000,9999.000,9999.000,9999.000
202602220400,   4.050,9999.000,   1.000,   0.336,   5.386,   0.900,   5.286,   1.000,   5.386
202602220406,   4.011,9999.000,9999.000,9999.000,9999.000,9999.000,9999.000,9999.000,9999.000
202602220412,   3.968,9999.000,9999.000,9999.000,9999.000,9999.000,9999.000,9999.000,9999.000
202602220418,   3.919,9999.000,9999.000,9999.000,9999.000,9999.000,9999.000,9999.000,9999.000
202602220424,   3.866,9999.000,9999.000,9999.000,9999.000,9999.000,9999.000,9999.000,9999.000
202602220430,   3.808,9999.000,9999.000,9999.000,9999.000,9999.000,9999.000,9999.000,9999.000
202602220436,   3.746,9999.000,9999.000,9999.000,9999.000,9999.000,9999.000,9999.000,9999.000
202602220442,   3.679,9999.000,9999.000,9999.000,9999.000,9999.000,9999.000,9999.000,9999.000
202602220448,   3.608,9999.000,9999.000,9999.000,9999.000,9999.000,9999.000,9999.000,9999.000
202602220454,   3.533,9999.000,9999.000,9999.000,9999.000,9999.000,9999.000,9999.000,9999.000
202602220500,   3.453,9999.000,   1.000,   0.336,   4.789,   0.900,   4.689,   1.100,   4.889
202602220506,   3.370,9999.000,9999.000,9999.000,9999.000,9999.000,9999.000,9999.000,9999.000
202602220512,   3.283,9999.000,9999.000,9999.000,9999.000,9999.000,9999.000,9999.000,9999.000
202602220518,   3.192,9999.000,9999.000,9999.000,9999.000,9999.000,9999.000,9999.000,9999.000
202602220524,   3.098,9999.000,9999.000,9999.000,9999.000,9999.000,9999.000,9999.000,9999.000
202602220530,   3.001,9999.000,9999.000,9999.000,9999.000,9999.000,9999.000,9999.000,9999.000
202602220536,   2.902,9999.000,9999.000,9999.000,9999.000,9999.000,9999.000,9999.000,9999.000
202602220542,   2.799,9999.000,9999.000,9999.000,9999.000,9999.000,9999.000,9999.000,9999.000
202602220548,   2.695,9999.000,9999.000,9999.000,9999.000,9999.000,9999.000,9999.000,9999.000
202602220554,   2.588,9999.000,9999.000,9999.000,9999.000,9999.000,9999.000,9999.000,9999.000
202602220600,   2.481,9999.000,   1.000,   0.336,   3.817,   0.900,   3.717,   1.100,   3.917
202602220606,   2.371,9999.000,9999.000,9999.000,9999.000,9999.000,9999.000,9999.000,9999.000
202602220612,   2.261,9999.000,9999.000,9999.000,9999.000,9999.000,9999.000,9999.000,9999.000
202602220618,   2.150,9999.000,9999.000,9999.000,9999.000,9999.000,9999.000,9999.000,9999.000
202602220624,   2.039,9999.000,9999.000,9999.000,9999.000,9999.000,9999.000,9999.000,9999.000
202602220630,   1.928,9999.000,9999.000,9999.000,9999.000,9999.000,9999.000,9999.000,9999.000
202602220636,   1.817,9999.000,9999.000,9999.000,9999.000,9999.000,9999.000,9999.000,9999.000
202602220642,   1.707,9999.000,9999.000,9999.000,9999.000,9999.000,9999.000,9999.000,9999.000
202602220648,   1.598,9999.000,9999.000,9999.000,9999.000,9999.000,9999.000,9999.000,9999.000
202602220654,   1.490,9999.000,9999.000,9999.000,9999.000,9999.000,9999.000,9999.000,9999.000
202602220700,   1.384,9999.000,   1.100,   0.336,   2.820,   1.000,   2.720,   1.200,   2.920
202602220706,   1.279,9999.000,9999.000,9999.000,9999.000,9999.000,9999.000,9999.000,9999.000
202602220712,   1.177,9999.000,9999.000,9999.000,9999.000,9999.000,9999.000,9999.000,9999.000
202602220718,   1.077,9999.000,9999.000,9999.000,9999.000,9999.000,9999.000,9999.000,9999.000
202602220724,   0.980,9999.000,9999.000,9999.000,9999.000,9999.000,9999.000,9999.000,9999.000
202602220730,   0.885,9999.000,9999.000,9999.000,9999.000,9999.000,9999.000,9999.000,9999.000
202602220736,   0.794,9999.000,9999.000,9999.000,9999.000,9999.000,9999.000,9999.000,9999.000
202602220742,   0.706,9999.000,9999.000,9999.000,9999.000,9999.000,9999.000,9999.000,9999.000
202602220748,   0.621,9999.000,9999.000,9999.000,9999.000,9999.000,9999.000,9999.000,9999.000
202602220754,   0.540,9999.000,9999.000,9999.000,9999.000,9999.000,9999.000,9999.000,9999.000
202602220800,   0.462,9999.000,   1.100,   0.336,   1.898,   1.000,   1.798,   1.200,   1.998
202602220806,   0.389,9999.000,9999.000,9999.000,9999.000,9999.000,9999.000,9999.000,9999.000
202602220812,   0.319,9999.000,9999.000,9999.000,9999.000,9999.000,9999.000,9999.000,9999.000
202602220818,   0.254,9999.000,9999.000,9999.000,9999.000,9999.000,9999.000,9999.000,9999.000
202602220824,   0.192,9999.000,9999.000,9999.000,9999.000,9999.000,9999.000,9999.000,9999.000
202602220830,   0.135,9999.000,9999.000,9999.000,9999.000,9999.000,9999.000,9999.000,9999.000
202602220836,   0.082,9999.000,9999.000,9999.000,9999.000,9999.000,9999.000,9999.000,9999.000
202602220842,   0.034,9999.000,9999.000,9999.000,9999.000,9999.000,9999.000,9999.000,9999.000
202602220848,  -0.008,9999.000,9999.000,9999.000,9999.000,9999.000,9999.000,9999.000,9999.000
202602220854,  -0.048,9999.000,9999.000,9999.000,9999.000,9999.000,9999.000,9999.000,9999.000
202602220900,  -0.082,9999.000,   1.100,   0.336,   1.354,   1.000,   1.254,   1.200,   1.454
202602220906,  -0.112,9999.000,9999.000,9999.000,9999.000,9999.000,9999.000,9999.000,9999.000
202602220912,  -0.137,9999.000,9999.000,9999.000,9999.000,9999.000,9999.000,9999.000,9999.000
202602220918,  -0.157,9999.000,9999.000,9999.000,9999.000,9999.000,9999.000,9999.000,9999.000
202602220924,  -0.172,9999.000,9999.000,9999.000,9999.000,9999.000,9999.000,9999.000,9999.000
202602220930,  -0.183,9999.000,9999.000,9999.000,9999.000,9999.000,9999.000,9999.000,9999.000
202602220936,  -0.188,9999.000,9999.000,9999.000,9999.000,9999.000,9999.000,9999.000,9999.000
202602220942,  -0.188,9999.000,9999.000,9999.000,9999.000,9999.000,9999.000,9999.000,9999.000
202602220948,  -0.184,9999.000,9999.000,9999.000,9999.000,9999.000,9999.000,9999.000,9999.000
202602220954,  -0.174,9999.000,9999.000,9999.000,9999.000,9999.000,9999.000,9999.000,9999.000
202602221000,  -0.159,9999.000,   1.200,   0.336,   1.377,   1.100,   1.277,   1.300,   1.477
202602221006,  -0.139,9999.000,9999.000,9999.000,9999.000,9999.000,9999.000,9999.000,9999.000
202602221012,  -0.114,9999.000,9999.000,9999.000,9999.000,9999.000,9999.000,9999.000,9999.000
202602221018,  -0.084,9999.000,9999.000,9999.000,9999.000,9999.000,9999.000,9999.000,9999.000
202602221024,  -0.048,9999.000,9999.000,9999.000,9999.000,9999.000,9999.000,9999.000,9999.000
202602221030,  -0.008,9999.000,9999.000,9999.000,9999.000,9999.000,9999.000,9999.000,9999.000
202602221036,   0.036,9999.000,9999.000,9999.000,9999.000,9999.000,9999.000,9999.000,9999.000
202602221042,   0.087,9999.000,9999.000,9999.000,9999.000,9999.000,9999.000,9999.000,9999.000
202602221048,   0.142,9999.000,9999.000,9999.000,9999.000,9999.000,9999.000,9999.000,9999.000
202602221054,   0.201,9999.000,9999.000,9999.000,9999.000,9999.000,9999.000,9999.000,9999.000
202602221100,   0.265,9999.000,   1.200,   0.336,   1.801,   1.100,   1.701,   1.300,   1.901
202602221106,   0.334,9999.000,9999.000,9999.000,9999.000,9999.000,9999.000,9999.000,9999.000
202602221112,   0.407,9999.000,9999.000,9999.000,9999.000,9999.000,9999.000,9999.000,9999.000
202602221118,   0.483,9999.000,9999.000,9999.000,9999.000,9999.000,9999.000,9999.000,9999.000
202602221124,   0.564,9999.000,9999.000,9999.000,9999.000,9999.000,9999.000,9999.000,9999.000
202602221130,   0.648,9999.000,9999.000,9999.000,9999.000,9999.000,9999.000,9999.000,9999.000
202602221136,   0.735,9999.000,9999.000,9999.000,9999.000,9999.000,9999.000,9999.000,9999.000
202602221142,   0.825,9999.000,9999.000,9999.000,9999.000,9999.000,9999.000,9999.000,9999.000
202602221148,   0.918,9999.000,9999.000,9999.000,9999.000,9999.000,9999.000,9999.000,9999.000
202602221154,   1.013,9999.000,9999.000,9999.000,9999.000,9999.000,9999.000,9999.000,9999.000
202602221200,   1.110,9999.000,   1.300,   0.336,   2.746,   1.100,   2.546,   1.400,   2.846
202602221206,   1.209,9999.000,9999.000,9999.000,9999.000,9999.000,9999.000,9999.000,9999.000
202602221212,   1.309,9999.000,9999.000,9999.000,9999.000,9999.000,9999.000,9999.000,9999.000
202602221218,   1.410,9999.000,9999.000,9999.000,9999.000,9999.000,9999.000,9999.000,9999.000
202602221224,   1.512,9999.000,9999.000,9999.000,9999.000,9999.000,9999.000,9999.000,9999.000
202602221230,   1.614,9999.000,9999.000,9999.000,9999.000,9999.000,9999.000,9999.000,9999.000
202602221236,   1.715,9999.000,9999.000,9999.000,9999.000,9999.000,9999.000,9999.000,9999.000
202602221242,   1.817,9999.000,9999.000,9999.000,9999.000,9999.000,9999.000,9999.000,9999.000
202602221248,   1.917,9999.000,9999.000,9999.000,9999.000,9999.000,9999.000,9999.000,9999.000
202602221254,   2.017,9999.000,9999.000,9999.000,9999.000,9999.000,9999.000,9999.000,9999.000
202602221300,   2.115,9999.000,   1.300,   0.336,   3.751,   1.200,   3.651,   1.500,   3.951
202602221306,   2.211,9999.000,9999.000,9999.000,9999.000,9999.000,9999.000,9999.000,9999.000
202602221312,   2.306,9999.000,9999.000,9999.000,9999.000,9999.000,9999.000,9999.000,9999.000
202602221318,   2.398,9999.000,9999.000,9999.000,9999.000,9999.000,9999.000,9999.000,9999.000
202602221324,   2.488,9999.000,9999.000,9999.000,9999.000,9999.000,9999.000,9999.000,9999.000
202602221330,   2.575,9999.000,9999.000,9999.000,9999.000,9999.000,9999.000,9999.000,9999.000
202602221336,   2.659,9999.000,9999.000,9999.000,9999.000,9999.000,9999.000,9999.000,9999.000
202602221342,   2.739,9999.000,9999.000,9999.000,9999.000,9999.000,9999.000,9999.000,9999.000
202602221348,   2.817,9999.000,9999.000,9999.000,9999.000,9999.000,9999.000,9999.000,9999.000
202602221354,   2.891,9999.000,9999.000,9999.000,9999.000,9999.000,9999.000,9999.000,9999.000
202602221400,   2.962,9999.000,   1.400,   0.336,   4.698,   1.200,   4.498,   1.600,   4.898
202602221406,   3.028,9999.000,9999.000,9999.000,9999.000,9999.000,9999.000,9999.000,9999.000
202602221412,   3.092,9999.000,9999.000,9999.000,9999.000,9999.000,9999.000,9999.000,9999.000
202602221418,   3.151,9999.000,9999.000,9999.000,9999.000,9999.000,9999.000,9999.000,9999.000
202602221424,   3.206,9999.000,9999.000,9999.000,9999.000,9999.000,9999.000,9999.000,9999.000
202602221430,   3.257,9999.000,9999.000,9999.000,9999.000,9999.000,9999.000,9999.000,9999.000
202602221436,   3.304,9999.000,9999.000,9999.000,9999.000,9999.000,9999.000,9999.000,9999.000
202602221442,   3.347,9999.000,9999.000,9999.000,9999.000,9999.000,9999.000,9999.000,9999.000
202602221448,   3.386,9999.000,9999.000,9999.000,9999.000,9999.000,9999.000,9999.000,9999.000
202602221454,   3.421,9999.000,9999.000,9999.000,9999.000,9999.000,9999.000,9999.000,9999.000
202602221500,   3.451,9999.000,   1.400,   0.336,   5.187,   1.200,   4.987,   1.700,   5.487
202602221506,   3.477,9999.000,9999.000,9999.000,9999.000,9999.000,9999.000,9999.000,9999.000
202602221512,   3.499,9999.000,9999.000,9999.000,9999.000,9999.000,9999.000,9999.000,9999.000
202602221518,   3.517,9999.000,9999.000,9999.000,9999.000,9999.000,9999.000,9999.000,9999.000
202602221524,   3.530,9999.000,9999.000,9999.000,9999.000,9999.000,9999.000,9999.000,9999.000
202602221530,   3.539,9999.000,9999.000,9999.000,9999.000,9999.000,9999.000,9999.000,9999.000
202602221536,   3.543,9999.000,9999.000,9999.000,9999.000,9999.000,9999.000,9999.000,9999.000
202602221542,   3.543,9999.000,9999.000,9999.000,9999.000,9999.000,9999.000,9999.000,9999.000
202602221548,   3.539,9999.000,9999.000,9999.000,9999.000,9999.000,9999.000,9999.000,9999.000
202602221554,   3.530,9999.000,9999.000,9999.000,9999.000,9999.000,9999.000,9999.000,9999.000
202602221600,   3.517,9999.000,   1.500,   0.336,   5.353,   1.300,   5.153,   1.800,   5.653
202602221606,   3.499,9999.000,9999.000,9999.000,9999.000,9999.000,9999.000,9999.000,9999.000
202602221612,   3.477,9999.000,9999.000,9999.000,9999.000,9999.000,9999.000,9999.000,9999.000
202602221618,   3.450,9999.000,9999.000,9999.000,9999.000,9999.000,9999.000,9999.000,9999.000
202602221624,   3.418,9999.000,9999.000,9999.000,9999.000,9999.000,9999.000,9999.000,9999.000
202602221630,   3.382,9999.000,9999.000,9999.000,9999.000,9999.000,9999.000,9999.000,9999.000
202602221636,   3.342,9999.000,9999.000,9999.000,9999.000,9999.000,9999.000,9999.000,9999.000
202602221642,   3.297,9999.000,9999.000,9999.000,9999.000,9999.000,9999.000,9999.000,9999.000
202602221648,   3.248,9999.000,9999.000,9999.000,9999.000,9999.000,9999.000,9999.000,9999.000
202602221654,   3.194,9999.000,9999.000,9999.000,9999.000,9999.000,9999.000,9999.000,9999.000
202602221700,   3.136,9999.000,   1.600,   0.336,   5.072,   1.300,   4.772,   1.900,   5.372
202602221706,   3.073,9999.000,9999.000,9999.000,9999.000,9999.000,9999.000,9999.000,9999.000
202602221712,   3.007,9999.000,9999.000,9999.000,9999.000,9999.000,9999.000,9999.000,9999.000
202602221718,   2.937,9999.000,9999.000,9999.000,9999.000,9999.000,9999.000,9999.000,9999.000
202602221724,   2.863,9999.000,9999.000,9999.000,9999.000,9999.000,9999.000,9999.000,9999.000
202602221730,   2.785,9999.000,9999.000,9999.000,9999.000,9999.000,9999.000,9999.000,9999.000
202602221736,   2.703,9999.000,9999.000,9999.000,9999.000,9999.000,9999.000,9999.000,9999.000
202602221742,   2.619,9999.000,9999.000,9999.000,9999.000,9999.000,9999.000,9999.000,9999.000
202602221748,   2.531,9999.000,9999.000,9999.000,9999.000,9999.000,9999.000,9999.000,9999.000
202602221754,   2.441,9999.000,9999.000,9999.000,9999.000,9999.000,9999.000,9999.000,9999.000
202602221800,   2.348,9999.000,   1.700,   0.336,   4.384,   1.400,   4.084,   2.000,   4.684
202602221806,   2.253,9999.000,9999.000,9999.000,9999.000,9999.000,9999.000,9999.000,9999.000
202602221812,   2.156,9999.000,9999.000,9999.000,9999.000,9999.000,9999.000,9999.000,9999.000
202602221818,   2.057,9999.000,9999.000,9999.000,9999.000,9999.000,9999.000,9999.000,9999.000
202602221824,   1.957,9999.000,9999.000,9999.000,9999.000,9999.000,9999.000,9999.000,9999.000
202602221830,   1.856,9999.000,9999.000,9999.000,9999.000,9999.000,9999.000,9999.000,9999.000
202602221836,   1.754,9999.000,9999.000,9999.000,9999.000,9999.000,9999.000,9999.000,9999.000
202602221842,   1.652,9999.000,9999.000,9999.000,9999.000,9999.000,9999.000,9999.000,9999.000
202602221848,   1.550,9999.000,9999.000,9999.000,9999.000,9999.000,9999.000,9999.000,9999.000
202602221854,   1.448,9999.000,9999.000,9999.000,9999.000,9999.000,9999.000,9999.000,9999.000
202602221900,   1.346,9999.000,   1.900,   0.336,   3.582,   1.500,   3.182,   2.300,   3.982
202602221906,   1.246,9999.000,9999.000,9999.000,9999.000,9999.000,9999.000,9999.000,9999.000
202602221912,   1.146,9999.000,9999.000,9999.000,9999.000,9999.000,9999.000,9999.000,9999.000
202602221918,   1.049,9999.000,9999.000,9999.000,9999.000,9999.000,9999.000,9999.000,9999.000
202602221924,   0.952,9999.000,9999.000,9999.000,9999.000,9999.000,9999.000,9999.000,9999.000
202602221930,   0.858,9999.000,9999.000,9999.000,9999.000,9999.000,9999.000,9999.000,9999.000
202602221936,   0.766,9999.000,9999.000,9999.000,9999.000,9999.000,9999.000,9999.000,9999.000
202602221942,   0.677,9999.000,9999.000,9999.000,9999.000,9999.000,9999.000,9999.000,9999.000
202602221948,   0.590,9999.000,9999.000,9999.000,9999.000,9999.000,9999.000,9999.000,9999.000
202602221954,   0.506,9999.000,9999.000,9999.000,9999.000,9999.000,9999.000,9999.000,9999.000
202602222000,   0.425,9999.000,   2.000,   0.336,   2.761,   1.500,   2.261,   2.500,   3.261
202602222006,   0.348,9999.000,9999.000,9999.000,9999.000,9999.000,9999.000,9999.000,9999.000
202602222012,   0.274,9999.000,9999.000,9999.000,9999.000,9999.000,9999.000,9999.000,9999.000
202602222018,   0.204,9999.000,9999.000,9999.000,9999.000,9999.000,9999.000,9999.000,9999.000
202602222024,   0.138,9999.000,9999.000,9999.000,9999.000,9999.000,9999.000,9999.000,9999.000
202602222030,   0.075,9999.000,9999.000,9999.000,9999.000,9999.000,9999.000,9999.000,9999.000
202602222036,   0.017,9999.000,9999.000,9999.000,9999.000,9999.000,9999.000,9999.000,9999.000
202602222042,  -0.036,9999.000,9999.000,9999.000,9999.000,9999.000,9999.000,9999.000,9999.000
202602222048,  -0.086,9999.000,9999.000,9999.000,9999.000,9999.000,9999.000,9999.000,9999.000
202602222054,  -0.132,9999.000,9999.000,9999.000,9999.000,9999.000,9999.000,9999.000,9999.000
202602222100,  -0.173,9999.000,   2.100,   0.336,   2.263,   1.600,   1.763,   2.700,   2.863
202602222106,  -0.209,9999.000,9999.000,9999.000,9999.000,9999.000,9999.000,9999.000,9999.000
202602222112,  -0.241,9999.000,9999.000,9999.000,9999.000,9999.000,9999.000,9999.000,9999.000
202602222118,  -0.267,9999.000,9999.000,9999.000,9999.000,9999.000,9999.000,9999.000,9999.000
202602222124,  -0.289,9999.000,9999.000,9999.000,9999.000,9999.000,9999.000,9999.000,9999.000
202602222130,  -0.307,9999.000,9999.000,9999.000,9999.000,9999.000,9999.000,9999.000,9999.000
202602222136,  -0.319,9999.000,9999.000,9999.000,9999.000,9999.000,9999.000,9999.000,9999.000
202602222142,  -0.326,9999.000,9999.000,9999.000,9999.000,9999.000,9999.000,9999.000,9999.000
202602222148,  -0.327,9999.000,9999.000,9999.000,9999.000,9999.000,9999.000,9999.000,9999.000
202602222154,  -0.324,9999.000,9999.000,9999.000,9999.000,9999.000,9999.000,9999.000,9999.000
202602222200,  -0.315,9999.000,   2.300,   0.336,   2.321,   1.700,   1.721,   3.000,   3.021
202602222206,  -0.301,9999.000,9999.000,9999.000,9999.000,9999.000,9999.000,9999.000,9999.000
202602222212,  -0.282,9999.000,9999.000,9999.000,9999.000,9999.000,9999.000,9999.000,9999.000
202602222218,  -0.257,9999.000,9999.000,9999.000,9999.000,9999.000,9999.000,9999.000,9999.000
202602222224,  -0.227,9999.000,9999.000,9999.000,9999.000,9999.000,9999.000,9999.000,9999.000
202602222230,  -0.191,9999.000,9999.000,9999.000,9999.000,9999.000,9999.000,9999.000,9999.000
202602222236,  -0.150,9999.000,9999.000,9999.000,9999.000,9999.000,9999.000,9999.000,9999.000
202602222242,  -0.104,9999.000,9999.000,9999.000,9999.000,9999.000,9999.000,9999.000,9999.000
202602222248,  -0.052,9999.000,9999.000,9999.000,9999.000,9999.000,9999.000,9999.000,9999.000
202602222254,   0.004,9999.000,9999.000,9999.000,9999.000,9999.000,9999.000,9999.000,9999.000
202602222300,   0.066,9999.000,   2.500,   0.336,   2.902,   1.800,   2.202,   3.200,   3.602
202602222306,   0.133,9999.000,9999.000,9999.000,9999.000,9999.000,9999.000,9999.000,9999.000
202602222312,   0.205,9999.000,9999.000,9999.000,9999.000,9999.000,9999.000,9999.000,9999.000
202602222318,   0.282,9999.000,9999.000,9999.000,9999.000,9999.000,9999.000,9999.000,9999.000
202602222324,   0.363,9999.000,9999.000,9999.000,9999.000,9999.000,9999.000,9999.000,9999.000
202602222330,   0.449,9999.000,9999.000,9999.000,9999.000,9999.000,9999.000,9999.000,9999.000
202602222336,   0.539,9999.000,9999.000,9999.000,9999.000,9999.000,9999.000,9999.000,9999.000
202602222342,   0.633,9999.000,9999.000,9999.000,9999.000,9999.000,9999.000,9999.000,9999.000
202602222348,   0.731,9999.000,9999.000,9999.000,9999.000,9999.000,9999.000,9999.000,9999.000
202602222354,   0.832,9999.000,9999.000,9999.000,9999.000,9999.000,9999.000,9999.000,9999.000
202602230000,   0.937,9999.000,   2.700,   0.336,   3.973,   1.900,   3.173,   3.500,   4.773
202602230006,   1.044,9999.000,9999.000,9999.000,9999.000,9999.000,9999.000,9999.000,9999.000
202602230012,   1.153,9999.000,9999.000,9999.000,9999.000,9999.000,9999.000,9999.000,9999.000
202602230018,   1.265,9999.000,9999.000,9999.000,9999.000,9999.000,9999.000,9999.000,9999.000
202602230024,   1.378,9999.000,9999.000,9999.000,9999.000,9999.000,9999.000,9999.000,9999.000
202602230030,   1.492,9999.000,9999.000,9999.000,9999.000,9999.000,9999.000,9999.000,9999.000
202602230036,   1.608,9999.000,9999.000,9999.000,9999.000,9999.000,9999.000,9999.000,9999.000
202602230042,   1.724,9999.000,9999.000,9999.000,9999.000,9999.000,9999.000,9999.000,9999.000
202602230048,   1.841,9999.000,9999.000,9999.000,9999.000,9999.000,9999.000,9999.000,9999.000
202602230054,   1.958,9999.000,9999.000,9999.000,9999.000,9999.000,9999.000,9999.000,9999.000
202602230100,   2.074,9999.000,   2.900,   0.336,   5.310,   2.000,   4.410,   3.900,   6.310
202602230106,   2.189,9999.000,9999.000,9999.000,9999.000,9999.000,9999.000,9999.000,9999.000
202602230112,   2.303,9999.000,9999.000,9999.000,9999.000,9999.000,9999.000,9999.000,9999.000
202602230118,   2.416,9999.000,9999.000,9999.000,9999.000,9999.000,9999.000,9999.000,9999.000
202602230124,   2.527,9999.000,9999.000,9999.000,9999.000,9999.000,9999.000,9999.000,9999.000
202602230130,   2.635,9999.000,9999.000,9999.000,9999.000,9999.000,9999.000,9999.000,9999.000
202602230136,   2.742,9999.000,9999.000,9999.000,9999.000,9999.000,9999.000,9999.000,9999.000
202602230142,   2.846,9999.000,9999.000,9999.000,9999.000,9999.000,9999.000,9999.000,9999.000
202602230148,   2.947,9999.000,9999.000,9999.000,9999.000,9999.000,9999.000,9999.000,9999.000
202602230154,   3.044,9999.000,9999.000,9999.000,9999.000,9999.000,9999.000,9999.000,9999.000
202602230200,   3.139,9999.000,   3.100,   0.336,   6.575,   2.100,   5.575,   4.000,   7.475
202602230206,   3.230,9999.000,9999.000,9999.000,9999.000,9999.000,9999.000,9999.000,9999.000
202602230212,   3.318,9999.000,9999.000,9999.000,9999.000,9999.000,9999.000,9999.000,9999.000
202602230218,   3.401,9999.000,9999.000,9999.000,9999.000,9999.000,9999.000,9999.000,9999.000
202602230224,   3.481,9999.000,9999.000,9999.000,9999.000,9999.000,9999.000,9999.000,9999.000
202602230230,   3.557,9999.000,9999.000,9999.000,9999.000,9999.000,9999.000,9999.000,9999.000
202602230236,   3.628,9999.000,9999.000,9999.000,9999.000,9999.000,9999.000,9999.000,9999.000
202602230242,   3.696,9999.000,9999.000,9999.000,9999.000,9999.000,9999.000,9999.000,9999.000
202602230248,   3.759,9999.000,9999.000,9999.000,9999.000,9999.000,9999.000,9999.000,9999.000
202602230254,   3.818,9999.000,9999.000,9999.000,9999.000,9999.000,9999.000,9999.000,9999.000
202602230300,   3.872,9999.000,   3.200,   0.336,   7.408,   2.100,   6.308,   4.000,   8.208
202602230306,   3.922,9999.000,9999.000,9999.000,9999.000,9999.000,9999.000,9999.000,9999.000
202602230312,   3.968,9999.000,9999.000,9999.000,9999.000,9999.000,9999.000,9999.000,9999.000
202602230318,   4.009,9999.000,9999.000,9999.000,9999.000,9999.000,9999.000,9999.000,9999.000
202602230324,   4.045,9999.000,9999.000,9999.000,9999.000,9999.000,9999.000,9999.000,9999.000
202602230330,   4.077,9999.000,9999.000,9999.000,9999.000,9999.000,9999.000,9999.000,9999.000
202602230336,   4.104,9999.000,9999.000,9999.000,9999.000,9999.000,9999.000,9999.000,9999.000
202602230342,   4.127,9999.000,9999.000,9999.000,9999.000,9999.000,9999.000,9999.000,9999.000
202602230348,   4.145,9999.000,9999.000,9999.000,9999.000,9999.000,9999.000,9999.000,9999.000
202602230354,   4.159,9999.000,9999.000,9999.000,9999.000,9999.000,9999.000,9999.000,9999.000
202602230400,   4.168,9999.000,   3.400,   0.336,   7.904,   2.200,   6.704,   4.200,   8.704
202602230406,   4.172,9999.000,9999.000,9999.000,9999.000,9999.000,9999.000,9999.000,9999.000
202602230412,   4.171,9999.000,9999.000,9999.000,9999.000,9999.000,9999.000,9999.000,9999.000
202602230418,   4.166,9999.000,9999.000,9999.000,9999.000,9999.000,9999.000,9999.000,9999.000
202602230424,   4.156,9999.000,9999.000,9999.000,9999.000,9999.000,9999.000,9999.000,9999.000
202602230430,   4.142,9999.000,9999.000,9999.000,9999.000,9999.000,9999.000,9999.000,9999.000
202602230436,   4.122,9999.000,9999.000,9999.000,9999.000,9999.000,9999.000,9999.000,9999.000
202602230442,   4.098,9999.000,9999.000,9999.000,9999.000,9999.000,9999.000,9999.000,9999.000
202602230448,   4.070,9999.000,9999.000,9999.000,9999.000,9999.000,9999.000,9999.000,9999.000
202602230454,   4.036,9999.000,9999.000,9999.000,9999.000,9999.000,9999.000,9999.000,9999.000
202602230500,   3.998,9999.000,   3.500,   0.336,   7.834,   2.200,   6.534,   4.600,   8.934
202602230506,   3.956,9999.000,9999.000,9999.000,9999.000,9999.000,9999.000,9999.000,9999.000
202602230512,   3.908,9999.000,9999.000,9999.000,9999.000,9999.000,9999.000,9999.000,9999.000
202602230518,   3.857,9999.000,9999.000,9999.000,9999.000,9999.000,9999.000,9999.000,9999.000
202602230524,   3.801,9999.000,9999.000,9999.000,9999.000,9999.000,9999.000,9999.000,9999.000
202602230530,   3.741,9999.000,9999.000,9999.000,9999.000,9999.000,9999.000,9999.000,9999.000
202602230536,   3.677,9999.000,9999.000,9999.000,9999.000,9999.000,9999.000,9999.000,9999.000
202602230542,   3.609,9999.000,9999.000,9999.000,9999.000,9999.000,9999.000,9999.000,9999.000
202602230548,   3.537,9999.000,9999.000,9999.000,9999.000,9999.000,9999.000,9999.000,9999.000
202602230554,   3.461,9999.000,9999.000,9999.000,9999.000,9999.000,9999.000,9999.000,9999.000
202602230600,   3.382,9999.000,   3.600,   0.336,   7.318,   2.500,   6.218,   4.700,   8.418
202602230606,   3.300,9999.000,9999.000,9999.000,9999.000,9999.000,9999.000,9999.000,9999.000
202602230612,   3.215,9999.000,9999.000,9999.000,9999.000,9999.000,9999.000,9999.000,9999.000
202602230618,   3.127,9999.000,9999.000,9999.000,9999.000,9999.000,9999.000,9999.000,9999.000
202602230624,   3.036,9999.000,9999.000,9999.000,9999.000,9999.000,9999.000,9999.000,9999.000
202602230630,   2.943,9999.000,9999.000,9999.000,9999.000,9999.000,9999.000,9999.000,9999.000
202602230636,   2.848,9999.000,9999.000,9999.000,9999.000,9999.000,9999.000,9999.000,9999.000
202602230642,   2.751,9999.000,9999.000,9999.000,9999.000,9999.000,9999.000,9999.000,9999.000
202602230648,   2.653,9999.000,9999.000,9999.000,9999.000,9999.000,9999.000,9999.000,9999.000
202602230654,   2.554,9999.000,9999.000,9999.000,9999.000,9999.000,9999.000,9999.000,9999.000
202602230700,   2.454,9999.000,   3.700,   0.336,   6.490,   2.400,   5.190,   4.700,   7.490
202602230706,   2.353,9999.000,9999.000,9999.000,9999.000,9999.000,9999.000,9999.000,9999.000
202602230712,   2.251,9999.000,9999.000,9999.000,9999.000,9999.000,9999.000,9999.000,9999.000
202602230718,   2.150,9999.000,9999.000,9999.000,9999.000,9999.000,9999.000,9999.000,9999.000
202602230724,   2.048,9999.000,9999.000,9999.000,9999.000,9999.000,9999.000,9999.000,9999.000
202602230730,   1.947,9999.000,9999.000,9999.000,9999.000,9999.000,9999.000,9999.000,9999.000
202602230736,   1.847,9999.000,9999.000,9999.000,9999.000,9999.000,9999.000,9999.000,9999.000
202602230742,   1.748,9999.000,9999.000,9999.000,9999.000,9999.000,9999.000,9999.000,9999.000
202602230748,   1.649,9999.000,9999.000,9999.000,9999.000,9999.000,9999.000,9999.000,9999.000
202602230754,   1.552,9999.000,9999.000,9999.000,9999.000,9999.000,9999.000,9999.000,9999.000
202602230800,   1.457,9999.000,   3.800,   0.336,   5.593,   2.600,   4.393,   4.800,   6.593
202602230806,   1.363,9999.000,9999.000,9999.000,9999.000,9999.000,9999.000,9999.000,9999.000
202602230812,   1.271,9999.000,9999.000,9999.000,9999.000,9999.000,9999.000,9999.000,9999.000
202602230818,   1.182,9999.000,9999.000,9999.000,9999.000,9999.000,9999.000,9999.000,9999.000
202602230824,   1.094,9999.000,9999.000,9999.000,9999.000,9999.000,9999.000,9999.000,9999.000
202602230830,   1.009,9999.000,9999.000,9999.000,9999.000,9999.000,9999.000,9999.000,9999.000
202602230836,   0.927,9999.000,9999.000,9999.000,9999.000,9999.000,9999.000,9999.000,9999.000
202602230842,   0.847,9999.000,9999.000,9999.000,9999.000,9999.000,9999.000,9999.000,9999.000
202602230848,   0.770,9999.000,9999.000,9999.000,9999.000,9999.000,9999.000,9999.000,9999.000
202602230854,   0.696,9999.000,9999.000,9999.000,9999.000,9999.000,9999.000,9999.000,9999.000
202602230900,   0.626,9999.000,   3.900,   0.336,   4.862,   2.700,   3.662,   4.800,   5.762
202602230906,   0.558,9999.000,9999.000,9999.000,9999.000,9999.000,9999.000,9999.000,9999.000
202602230912,   0.494,9999.000,9999.000,9999.000,9999.000,9999.000,9999.000,9999.000,9999.000
202602230918,   0.433,9999.000,9999.000,9999.000,9999.000,9999.000,9999.000,9999.000,9999.000
202602230924,   0.376,9999.000,9999.000,9999.000,9999.000,9999.000,9999.000,9999.000,9999.000
202602230930,   0.322,9999.000,9999.000,9999.000,9999.000,9999.000,9999.000,9999.000,9999.000
202602230936,   0.272,9999.000,9999.000,9999.000,9999.000,9999.000,9999.000,9999.000,9999.000
202602230942,   0.226,9999.000,9999.000,9999.000,9999.000,9999.000,9999.000,9999.000,9999.000
202602230948,   0.184,9999.000,9999.000,9999.000,9999.000,9999.000,9999.000,9999.000,9999.000
202602230954,   0.146,9999.000,9999.000,9999.000,9999.000,9999.000,9999.000,9999.000,9999.000
202602231000,   0.113,9999.000,   3.800,   0.336,   4.249,   2.800,   3.249,   4.900,   5.349
202602231006,   0.083,9999.000,9999.000,9999.000,9999.000,9999.000,9999.000,9999.000,9999.000
202602231012,   0.058,9999.000,9999.000,9999.000,9999.000,9999.000,9999.000,9999.000,9999.000
202602231018,   0.038,9999.000,9999.000,9999.000,9999.000,9999.000,9999.000,9999.000,9999.000
202602231024,   0.022,9999.000,9999.000,9999.000,9999.000,9999.000,9999.000,9999.000,9999.000
202602231030,   0.010,9999.000,9999.000,9999.000,9999.000,9999.000,9999.000,9999.000,9999.000
202602231036,   0.004,9999.000,9999.000,9999.000,9999.000,9999.000,9999.000,9999.000,9999.000
202602231042,   0.002,9999.000,9999.000,9999.000,9999.000,9999.000,9999.000,9999.000,9999.000
202602231048,   0.005,9999.000,9999.000,9999.000,9999.000,9999.000,9999.000,9999.000,9999.000
202602231054,   0.013,9999.000,9999.000,9999.000,9999.000,9999.000,9999.000,9999.000,9999.000
202602231100,   0.025,9999.000,   3.900,   0.336,   4.261,   3.000,   3.361,   5.000,   5.361
202602231106,   0.043,9999.000,9999.000,9999.000,9999.000,9999.000,9999.000,9999.000,9999.000
202602231112,   0.065,9999.000,9999.000,9999.000,9999.000,9999.000,9999.000,9999.000,9999.000
202602231118,   0.093,9999.000,9999.000,9999.000,9999.000,9999.000,9999.000,9999.000,9999.000
202602231124,   0.125,9999.000,9999.000,9999.000,9999.000,9999.000,9999.000,9999.000,9999.000
202602231130,   0.161,9999.000,9999.000,9999.000,9999.000,9999.000,9999.000,9999.000,9999.000
202602231136,   0.203,9999.000,9999.000,9999.000,9999.000,9999.000,9999.000,9999.000,9999.000
202602231142,   0.249,9999.000,9999.000,9999.000,9999.000,9999.000,9999.000,9999.000,9999.000
202602231148,   0.299,9999.000,9999.000,9999.000,9999.000,9999.000,9999.000,9999.000,9999.000
202602231154,   0.354,9999.000,9999.000,9999.000,9999.000,9999.000,9999.000,9999.000,9999.000
202602231200,   0.412,9999.000,   3.900,   0.336,   4.648,   3.100,   3.848,   5.200,   5.948
202602231206,   0.475,9999.000,9999.000,9999.000,9999.000,9999.000,9999.000,9999.000,9999.000
202602231212,   0.541,9999.000,9999.000,9999.000,9999.000,9999.000,9999.000,9999.000,9999.000
202602231218,   0.610,9999.000,9999.000,9999.000,9999.000,9999.000,9999.000,9999.000,9999.000
202602231224,   0.683,9999.000,9999.000,9999.000,9999.000,9999.000,9999.000,9999.000,9999.000
202602231230,   0.758,9999.000,9999.000,9999.000,9999.000,9999.000,9999.000,9999.000,9999.000
202602231236,   0.837,9999.000,9999.000,9999.000,9999.000,9999.000,9999.000,9999.000,9999.000
202602231242,   0.917,9999.000,9999.000,9999.000,9999.000,9999.000,9999.000,9999.000,9999.000
202602231248,   1.000,9999.000,9999.000,9999.000,9999.000,9999.000,9999.000,9999.000,9999.000
202602231254,   1.084,9999.000,9999.000,9999.000,9999.000,9999.000,9999.000,9999.000,9999.000
202602231300,   1.170,9999.000,   3.900,   0.336,   5.406,   2.800,   4.306,   5.100,   6.606
202602231306,   1.256,9999.000,9999.000,9999.000,9999.000,9999.000,9999.000,9999.000,9999.000
202602231312,   1.344,9999.000,9999.000,9999.000,9999.000,9999.000,9999.000,9999.000,9999.000
202602231318,   1.432,9999.000,9999.000,9999.000,9999.000,9999.000,9999.000,9999.000,9999.000
202602231324,   1.521,9999.000,9999.000,9999.000,9999.000,9999.000,9999.000,9999.000,9999.000
202602231330,   1.609,9999.000,9999.000,9999.000,9999.000,9999.000,9999.000,9999.000,9999.000
202602231336,   1.697,9999.000,9999.000,9999.000,9999.000,9999.000,9999.000,9999.000,9999.000
202602231342,   1.784,9999.000,9999.000,9999.000,9999.000,9999.000,9999.000,9999.000,9999.000
202602231348,   1.870,9999.000,9999.000,9999.000,9999.000,9999.000,9999.000,9999.000,9999.000
202602231354,   1.955,9999.000,9999.000,9999.000,9999.000,9999.000,9999.000,9999.000,9999.000
202602231400,   2.039,9999.000,   4.000,   0.336,   6.375,   2.900,   5.275,   5.200,   7.575
202602231406,   2.121,9999.000,9999.000,9999.000,9999.000,9999.000,9999.000,9999.000,9999.000
202602231412,   2.201,9999.000,9999.000,9999.000,9999.000,9999.000,9999.000,9999.000,9999.000
202602231418,   2.279,9999.000,9999.000,9999.000,9999.000,9999.000,9999.000,9999.000,9999.000
202602231424,   2.355,9999.000,9999.000,9999.000,9999.000,9999.000,9999.000,9999.000,9999.000
202602231430,   2.428,9999.000,9999.000,9999.000,9999.000,9999.000,9999.000,9999.000,9999.000
202602231436,   2.499,9999.000,9999.000,9999.000,9999.000,9999.000,9999.000,9999.000,9999.000
202602231442,   2.568,9999.000,9999.000,9999.000,9999.000,9999.000,9999.000,9999.000,9999.000
202602231448,   2.633,9999.000,9999.000,9999.000,9999.000,9999.000,9999.000,9999.000,9999.000
202602231454,   2.695,9999.000,9999.000,9999.000,9999.000,9999.000,9999.000,9999.000,9999.000
202602231500,   2.755,9999.000,   4.000,   0.336,   7.091,   3.000,   6.091,   5.300,   8.391
202602231506,   2.811,9999.000,9999.000,9999.000,9999.000,9999.000,9999.000,9999.000,9999.000
202602231512,   2.864,9999.000,9999.000,9999.000,9999.000,9999.000,9999.000,9999.000,9999.000
202602231518,   2.914,9999.000,9999.000,9999.000,9999.000,9999.000,9999.000,9999.000,9999.000
202602231524,   2.960,9999.000,9999.000,9999.000,9999.000,9999.000,9999.000,9999.000,9999.000
202602231530,   3.003,9999.000,9999.000,9999.000,9999.000,9999.000,9999.000,9999.000,9999.000
202602231536,   3.042,9999.000,9999.000,9999.000,9999.000,9999.000,9999.000,9999.000,9999.000
202602231542,   3.078,9999.000,9999.000,9999.000,9999.000,9999.000,9999.000,9999.000,9999.000
202602231548,   3.110,9999.000,9999.000,9999.000,9999.000,9999.000,9999.000,9999.000,9999.000
202602231554,   3.139,9999.000,9999.000,9999.000,9999.000,9999.000,9999.000,9999.000,9999.000
202602231600,   3.163,9999.000,   3.900,   0.336,   7.399,   2.800,   6.299,   5.200,   8.699
202602231606,   3.184,9999.000,9999.000,9999.000,9999.000,9999.000,9999.000,9999.000,9999.000
202602231612,   3.201,9999.000,9999.000,9999.000,9999.000,9999.000,9999.000,9999.000,9999.000
202602231618,   3.214,9999.000,9999.000,9999.000,9999.000,9999.000,9999.000,9999.000,9999.000
202602231624,   3.223,9999.000,9999.000,9999.000,9999.000,9999.000,9999.000,9999.000,9999.000
202602231630,   3.229,9999.000,9999.000,9999.000,9999.000,9999.000,9999.000,9999.000,9999.000
202602231636,   3.230,9999.000,9999.000,9999.000,9999.000,9999.000,9999.000,9999.000,9999.000
202602231642,   3.227,9999.000,9999.000,9999.000,9999.000,9999.000,9999.000,9999.000,9999.000
202602231648,   3.220,9999.000,9999.000,9999.000,9999.000,9999.000,9999.000,9999.000,9999.000
202602231654,   3.209,9999.000,9999.000,9999.000,9999.000,9999.000,9999.000,9999.000,9999.000
202602231700,   3.193,9999.000,   4.000,   0.336,   7.529,   2.700,   6.229,   5.200,   8.729
202602231706,   3.174,9999.000,9999.000,9999.000,9999.000,9999.000,9999.000,9999.000,9999.000
202602231712,   3.150,9999.000,9999.000,9999.000,9999.000,9999.000,9999.000,9999.000,9999.000
202602231718,   3.123,9999.000,9999.000,9999.000,9999.000,9999.000,9999.000,9999.000,9999.000
202602231724,   3.091,9999.000,9999.000,9999.000,9999.000,9999.000,9999.000,9999.000,9999.000
202602231730,   3.055,9999.000,9999.000,9999.000,9999.000,9999.000,9999.000,9999.000,9999.000
202602231736,   3.016,9999.000,9999.000,9999.000,9999.000,9999.000,9999.000,9999.000,9999.000
202602231742,   2.972,9999.000,9999.000,9999.000,9999.000,9999.000,9999.000,9999.000,9999.000
202602231748,   2.924,9999.000,9999.000,9999.000,9999.000,9999.000,9999.000,9999.000,9999.000
202602231754,   2.873,9999.000,9999.000,9999.000,9999.000,9999.000,9999.000,9999.000,9999.000
202602231800,   2.818,9999.000,   3.900,   0.336,   7.054,   2.600,   5.754,   5.000,   8.154
202602231806,   2.759,9999.000,9999.000,9999.000,9999.000,9999.000,9999.000,9999.000,9999.000
202602231812,   2.698,9999.000,9999.000,9999.000,9999.000,9999.000,9999.000,9999.000,9999.000
202602231818,   2.632,9999.000,9999.000,9999.000,9999.000,9999.000,9999.000,9999.000,9999.000
202602231824,   2.564,9999.000,9999.000,9999.000,9999.000,9999.000,9999.000,9999.000,9999.000
202602231830,   2.493,9999.000,9999.000,9999.000,9999.000,9999.000,9999.000,9999.000,9999.000
202602231836,   2.419,9999.000,9999.000,9999.000,9999.000,9999.000,9999.000,9999.000,9999.000
202602231842,   2.343,9999.000,9999.000,9999.000,9999.000,9999.000,9999.000,9999.000,9999.000
202602231848,   2.265,9999.000,9999.000,9999.000,9999.000,9999.000,9999.000,9999.000,9999.000
202602231854,   2.184,9999.000,9999.000,9999.000,9999.000,9999.000,9999.000,9999.000,9999.000
202602231900,   2.102,9999.000,   3.800,   0.336,   6.238,   2.500,   4.938,   4.800,   7.238
202602231906,   2.018,9999.000,9999.000,9999.000,9999.000,9999.000,9999.000,9999.000,9999.000
202602231912,   1.933,9999.000,9999.000,9999.000,9999.000,9999.000,9999.000,9999.000,9999.000
202602231918,   1.847,9999.000,9999.000,9999.000,9999.000,9999.000,9999.000,9999.000,9999.000
202602231924,   1.760,9999.000,9999.000,9999.000,9999.000,9999.000,9999.000,9999.000,9999.000
202602231930,   1.672,9999.000,9999.000,9999.000,9999.000,9999.000,9999.000,9999.000,9999.000
202602231936,   1.584,9999.000,9999.000,9999.000,9999.000,9999.000,9999.000,9999.000,9999.000
202602231942,   1.496,9999.000,9999.000,9999.000,9999.000,9999.000,9999.000,9999.000,9999.000
202602231948,   1.408,9999.000,9999.000,9999.000,9999.000,9999.000,9999.000,9999.000,9999.000
202602231954,   1.321,9999.000,9999.000,9999.000,9999.000,9999.000,9999.000,9999.000,9999.000
202602232000,   1.234,9999.000,   3.700,   0.336,   5.270,   2.400,   3.970,   4.600,   6.170
202602232006,   1.148,9999.000,9999.000,9999.000,9999.000,9999.000,9999.000,9999.000,9999.000
202602232012,   1.063,9999.000,9999.000,9999.000,9999.000,9999.000,9999.000,9999.000,9999.000
202602232018,   0.980,9999.000,9999.000,9999.000,9999.000,9999.000,9999.000,9999.000,9999.000
202602232024,   0.898,9999.000,9999.000,9999.000,9999.000,9999.000,9999.000,9999.000,9999.000
202602232030,   0.818,9999.000,9999.000,9999.000,9999.000,9999.000,9999.000,9999.000,9999.000
202602232036,   0.740,9999.000,9999.000,9999.000,9999.000,9999.000,9999.000,9999.000,9999.000
202602232042,   0.664,9999.000,9999.000,9999.000,9999.000,9999.000,9999.000,9999.000,9999.000
202602232048,   0.590,9999.000,9999.000,9999.000,9999.000,9999.000,9999.000,9999.000,9999.000
202602232054,   0.519,9999.000,9999.000,9999.000,9999.000,9999.000,9999.000,9999.000,9999.000
202602232100,   0.450,9999.000,   3.500,   0.336,   4.286,   2.400,   3.186,   4.500,   5.286
202602232106,   0.385,9999.000,9999.000,9999.000,9999.000,9999.000,9999.000,9999.000,9999.000
202602232112,   0.322,9999.000,9999.000,9999.000,9999.000,9999.000,9999.000,9999.000,9999.000
202602232118,   0.262,9999.000,9999.000,9999.000,9999.000,9999.000,9999.000,9999.000,9999.000
202602232124,   0.206,9999.000,9999.000,9999.000,9999.000,9999.000,9999.000,9999.000,9999.000
202602232130,   0.153,9999.000,9999.000,9999.000,9999.000,9999.000,9999.000,9999.000,9999.000
202602232136,   0.103,9999.000,9999.000,9999.000,9999.000,9999.000,9999.000,9999.000,9999.000
202602232142,   0.058,9999.000,9999.000,9999.000,9999.000,9999.000,9999.000,9999.000,9999.000
202602232148,   0.016,9999.000,9999.000,9999.000,9999.000,9999.000,9999.000,9999.000,9999.000
202602232154,  -0.021,9999.000,9999.000,9999.000,9999.000,9999.000,9999.000,9999.000,9999.000
202602232200,  -0.055,9999.000,   3.300,   0.336,   3.581,   2.200,   2.481,   4.400,   4.681
202602232206,  -0.084,9999.000,9999.000,9999.000,9999.000,9999.000,9999.000,9999.000,9999.000
202602232212,  -0.109,9999.000,9999.000,9999.000,9999.000,9999.000,9999.000,9999.000,9999.000
202602232218,  -0.130,9999.000,9999.000,9999.000,9999.000,9999.000,9999.000,9999.000,9999.000
202602232224,  -0.146,9999.000,9999.000,9999.000,9999.000,9999.000,9999.000,9999.000,9999.000
202602232230,  -0.157,9999.000,9999.000,9999.000,9999.000,9999.000,9999.000,9999.000,9999.000
202602232236,  -0.164,9999.000,9999.000,9999.000,9999.000,9999.000,9999.000,9999.000,9999.000
202602232242,  -0.166,9999.000,9999.000,9999.000,9999.000,9999.000,9999.000,9999.000,9999.000
202602232248,  -0.162,9999.000,9999.000,9999.000,9999.000,9999.000,9999.000,9999.000,9999.000
202602232254,  -0.154,9999.000,9999.000,9999.000,9999.000,9999.000,9999.000,9999.000,9999.000
202602232300,  -0.141,9999.000,   3.200,   0.336,   3.395,   2.200,   2.395,   4.200,   4.395
202602232306,  -0.123,9999.000,9999.000,9999.000,9999.000,9999.000,9999.000,9999.000,9999.000
202602232312,  -0.099,9999.000,9999.000,9999.000,9999.000,9999.000,9999.000,9999.000,9999.000
202602232318,  -0.070,9999.000,9999.000,9999.000,9999.000,9999.000,9999.000,9999.000,9999.000
202602232324,  -0.036,9999.000,9999.000,9999.000,9999.000,9999.000,9999.000,9999.000,9999.000
202602232330,   0.001,9999.000,9999.000,9999.000,9999.000,9999.000,9999.000,9999.000,9999.000
202602232336,   0.045,9999.000,9999.000,9999.000,9999.000,9999.000,9999.000,9999.000,9999.000
202602232342,   0.094,9999.000,9999.000,9999.000,9999.000,9999.000,9999.000,9999.000,9999.000
202602232348,   0.148,9999.000,9999.000,9999.000,9999.000,9999.000,9999.000,9999.000,9999.000
202602232354,   0.207,9999.000,9999.000,9999.000,9999.000,9999.000,9999.000,9999.000,9999.000
202602240000,   0.271,9999.000,   3.000,   0.336,   3.607,   2.100,   2.707,   4.000,   4.607
202602240006,   0.339,9999.000,9999.000,9999.000,9999.000,9999.000,9999.000,9999.000,9999.000
202602240012,   0.411,9999.000,9999.000,9999.000,9999.000,9999.000,9999.000,9999.000,9999.000
202602240018,   0.488,9999.000,9999.000,9999.000,9999.000,9999.000,9999.000,9999.000,9999.000
202602240024,   0.569,9999.000,9999.000,9999.000,9999.000,9999.000,9999.000,9999.000,9999.000
202602240030,   0.653,9999.000,9999.000,9999.000,9999.000,9999.000,9999.000,9999.000,9999.000
202602240036,   0.741,9999.000,9999.000,9999.000,9999.000,9999.000,9999.000,9999.000,9999.000
202602240042,   0.832,9999.000,9999.000,9999.000,9999.000,9999.000,9999.000,9999.000,9999.000
202602240048,   0.927,9999.000,9999.000,9999.000,9999.000,9999.000,9999.000,9999.000,9999.000
202602240054,   1.024,9999.000,9999.000,9999.000,9999.000,9999.000,9999.000,9999.000,9999.000
202602240100,   1.123,9999.000,   2.700,   0.336,   4.159,   1.800,   3.259,   3.800,   5.259
202602240106,   1.225,9999.000,9999.000,9999.000,9999.000,9999.000,9999.000,9999.000,9999.000
202602240112,   1.329,9999.000,9999.000,9999.000,9999.000,9999.000,9999.000,9999.000,9999.000
202602240118,   1.434,9999.000,9999.000,9999.000,9999.000,9999.000,9999.000,9999.000,9999.000
202602240124,   1.540,9999.000,9999.000,9999.000,9999.000,9999.000,9999.000,9999.000,9999.000
202602240130,   1.647,9999.000,9999.000,9999.000,9999.000,9999.000,9999.000,9999.000,9999.000
202602240136,   1.755,9999.000,9999.000,9999.000,9999.000,9999.000,9999.000,9999.000,9999.000
202602240142,   1.863,9999.000,9999.000,9999.000,9999.000,9999.000,9999.000,9999.000,9999.000
202602240148,   1.971,9999.000,9999.000,9999.000,9999.000,9999.000,9999.000,9999.000,9999.000
202602240154,   2.079,9999.000,9999.000,9999.000,9999.000,9999.000,9999.000,9999.000,9999.000
202602240200,   2.186,9999.000,   2.500,   0.336,   5.022,   1.500,   4.022,   3.600,   6.122
202602240206,   2.292,9999.000,9999.000,9999.000,9999.000,9999.000,9999.000,9999.000,9999.000
202602240212,   2.397,9999.000,9999.000,9999.000,9999.000,9999.000,9999.000,9999.000,9999.000
202602240218,   2.500,9999.000,9999.000,9999.000,9999.000,9999.000,9999.000,9999.000,9999.000
202602240224,   2.602,9999.000,9999.000,9999.000,9999.000,9999.000,9999.000,9999.000,9999.000
202602240230,   2.702,9999.000,9999.000,9999.000,9999.000,9999.000,9999.000,9999.000,9999.000
202602240236,   2.799,9999.000,9999.000,9999.000,9999.000,9999.000,9999.000,9999.000,9999.000
202602240242,   2.894,9999.000,9999.000,9999.000,9999.000,9999.000,9999.000,9999.000,9999.000
202602240248,   2.987,9999.000,9999.000,9999.000,9999.000,9999.000,9999.000,9999.000,9999.000
202602240254,   3.077,9999.000,9999.000,9999.000,9999.000,9999.000,9999.000,9999.000,9999.000
202602240300,   3.163,9999.000,   2.300,   0.336,   5.799,   1.300,   4.799,   3.300,   6.799
202602240306,   3.247,9999.000,9999.000,9999.000,9999.000,9999.000,9999.000,9999.000,9999.000
202602240312,   3.327,9999.000,9999.000,9999.000,9999.000,9999.000,9999.000,9999.000,9999.000
202602240318,   3.404,9999.000,9999.000,9999.000,9999.000,9999.000,9999.000,9999.000,9999.000
202602240324,   3.478,9999.000,9999.000,9999.000,9999.000,9999.000,9999.000,9999.000,9999.000
202602240330,   3.548,9999.000,9999.000,9999.000,9999.000,9999.000,9999.000,9999.000,9999.000
202602240336,   3.614,9999.000,9999.000,9999.000,9999.000,9999.000,9999.000,9999.000,9999.000
202602240342,   3.676,9999.000,9999.000,9999.000,9999.000,9999.000,9999.000,9999.000,9999.000
202602240348,   3.734,9999.000,9999.000,9999.000,9999.000,9999.000,9999.000,9999.000,9999.000
202602240354,   3.789,9999.000,9999.000,9999.000,9999.000,9999.000,9999.000,9999.000,9999.000
202602240400,   3.839,9999.000,   2.100,   0.336,   6.275,   1.200,   5.375,   3.100,   7.275
202602240406,   3.885,9999.000,9999.000,9999.000,9999.000,9999.000,9999.000,9999.000,9999.000
202602240412,   3.927,9999.000,9999.000,9999.000,9999.000,9999.000,9999.000,9999.000,9999.000
202602240418,   3.965,9999.000,9999.000,9999.000,9999.000,9999.000,9999.000,9999.000,9999.000
202602240424,   3.999,9999.000,9999.000,9999.000,9999.000,9999.000,9999.000,9999.000,9999.000
202602240430,   4.028,9999.000,9999.000,9999.000,9999.000,9999.000,9999.000,9999.000,9999.000
202602240436,   4.053,9999.000,9999.000,9999.000,9999.000,9999.000,9999.000,9999.000,9999.000
202602240442,   4.074,9999.000,9999.000,9999.000,9999.000,9999.000,9999.000,9999.000,9999.000
202602240448,   4.090,9999.000,9999.000,9999.000,9999.000,9999.000,9999.000,9999.000,9999.000
202602240454,   4.102,9999.000,9999.000,9999.000,9999.000,9999.000,9999.000,9999.000,9999.000
202602240500,   4.110,9999.000,   1.900,   0.336,   6.346,   1.000,   5.446,   2.900,   7.346
202602240506,   4.113,9999.000,9999.000,9999.000,9999.000,9999.000,9999.000,9999.000,9999.000
202602240512,   4.112,9999.000,9999.000,9999.000,9999.000,9999.000,9999.000,9999.000,9999.000
202602240518,   4.106,9999.000,9999.000,9999.000,9999.000,9999.000,9999.000,9999.000,9999.000
202602240524,   4.096,9999.000,9999.000,9999.000,9999.000,9999.000,9999.000,9999.000,9999.000
202602240530,   4.082,9999.000,9999.000,9999.000,9999.000,9999.000,9999.000,9999.000,9999.000
202602240536,   4.063,9999.000,9999.000,9999.000,9999.000,9999.000,9999.000,9999.000,9999.000
202602240542,   4.040,9999.000,9999.000,9999.000,9999.000,9999.000,9999.000,9999.000,9999.000
202602240548,   4.013,9999.000,9999.000,9999.000,9999.000,9999.000,9999.000,9999.000,9999.000
202602240554,   3.981,9999.000,9999.000,9999.000,9999.000,9999.000,9999.000,9999.000,9999.000
202602240600,   3.946,9999.000,   1.800,   0.336,   6.082,   1.000,   5.282,   2.700,   6.982
202602240606,   3.906,9999.000,9999.000,9999.000,9999.000,9999.000,9999.000,9999.000,9999.000
202602240612,   3.863,9999.000,9999.000,9999.000,9999.000,9999.000,9999.000,9999.000,9999.000
202602240618,   3.815,9999.000,9999.000,9999.000,9999.000,9999.000,9999.000,9999.000,9999.000
202602240624,   3.764,9999.000,9999.000,9999.000,9999.000,9999.000,9999.000,9999.000,9999.000
202602240630,   3.709,9999.000,9999.000,9999.000,9999.000,9999.000,9999.000,9999.000,9999.000
202602240636,   3.651,9999.000,9999.000,9999.000,9999.000,9999.000,9999.000,9999.000,9999.000
202602240642,   3.589,9999.000,9999.000,9999.000,9999.000,9999.000,9999.000,9999.000,9999.000
202602240648,   3.524,9999.000,9999.000,9999.000,9999.000,9999.000,9999.000,9999.000,9999.000
202602240654,   3.456,9999.000,9999.000,9999.000,9999.000,9999.000,9999.000,9999.000,9999.000
202602240700,   3.385,9999.000,   1.700,   0.336,   5.421,   1.000,   4.721,   2.500,   6.221
202602240706,   3.311,9999.000,9999.000,9999.000,9999.000,9999.000,9999.000,9999.000,9999.000
202602240712,   3.234,9999.000,9999.000,9999.000,9999.000,9999.000,9999.000,9999.000,9999.000
202602240718,   3.156,9999.000,9999.000,9999.000,9999.000,9999.000,9999.000,9999.000,9999.000
202602240724,   3.075,9999.000,9999.000,9999.000,9999.000,9999.000,9999.000,9999.000,9999.000
202602240730,   2.992,9999.000,9999.000,9999.000,9999.000,9999.000,9999.000,9999.000,9999.000
202602240736,   2.907,9999.000,9999.000,9999.000,9999.000,9999.000,9999.000,9999.000,9999.000
202602240742,   2.821,9999.000,9999.000,9999.000,9999.000,9999.000,9999.000,9999.000,9999.000
202602240748,   2.733,9999.000,9999.000,9999.000,9999.000,9999.000,9999.000,9999.000,9999.000
202602240754,   2.644,9999.000,9999.000,9999.000,9999.000,9999.000,9999.000,9999.000,9999.000
202602240800,   2.554,9999.000,   1.600,   0.336,   4.490,   0.900,   3.790,   2.400,   5.290
202602240806,   2.463,9999.000,9999.000,9999.000,9999.000,9999.000,9999.000,9999.000,9999.000
202602240812,   2.372,9999.000,9999.000,9999.000,9999.000,9999.000,9999.000,9999.000,9999.000
202602240818,   2.280,9999.000,9999.000,9999.000,9999.000,9999.000,9999.000,9999.000,9999.000
202602240824,   2.189,9999.000,9999.000,9999.000,9999.000,9999.000,9999.000,9999.000,9999.000
202602240830,   2.097,9999.000,9999.000,9999.000,9999.000,9999.000,9999.000,9999.000,9999.000
202602240836,   2.005,9999.000,9999.000,9999.000,9999.000,9999.000,9999.000,9999.000,9999.000
202602240842,   1.914,9999.000,9999.000,9999.000,9999.000,9999.000,9999.000,9999.000,9999.000
202602240848,   1.823,9999.000,9999.000,9999.000,9999.000,9999.000,9999.000,9999.000,9999.000
202602240854,   1.733,9999.000,9999.000,9999.000,9999.000,9999.000,9999.000,9999.000,9999.000
202602240900,   1.644,9999.000,   1.500,   0.336,   3.480,   0.800,   2.780,   2.300,   4.280
202602240906,   1.556,9999.000,9999.000,9999.000,9999.000,9999.000,9999.000,9999.000,9999.000
202602240912,   1.470,9999.000,9999.000,9999.000,9999.000,9999.000,9999.000,9999.000,9999.000
202602240918,   1.385,9999.000,9999.000,9999.000,9999.000,9999.000,9999.000,9999.000,9999.000
202602240924,   1.301,9999.000,9999.000,9999.000,9999.000,9999.000,9999.000,9999.000,9999.000
202602240930,   1.219,9999.000,9999.000,9999.000,9999.000,9999.000,9999.000,9999.000,9999.000
202602240936,   1.140,9999.000,9999.000,9999.000,9999.000,9999.000,9999.000,9999.000,9999.000
202602240942,   1.062,9999.000,9999.000,9999.000,9999.000,9999.000,9999.000,9999.000,9999.000
202602240948,   0.986,9999.000,9999.000,9999.000,9999.000,9999.000,9999.000,9999.000,9999.000
202602240954,   0.914,9999.000,9999.000,9999.000,9999.000,9999.000,9999.000,9999.000,9999.000
202602241000,   0.843,9999.000,   1.500,   0.336,   2.679,   0.700,   1.879,   2.100,   3.279
202602241006,   0.775,9999.000,9999.000,9999.000,9999.000,9999.000,9999.000,9999.000,9999.000
202602241012,   0.711,9999.000,9999.000,9999.000,9999.000,9999.000,9999.000,9999.000,9999.000
202602241018,   0.649,9999.000,9999.000,9999.000,9999.000,9999.000,9999.000,9999.000,9999.000
202602241024,   0.590,9999.000,9999.000,9999.000,9999.000,9999.000,9999.000,9999.000,9999.000
202602241030,   0.535,9999.000,9999.000,9999.000,9999.000,9999.000,9999.000,9999.000,9999.000
202602241036,   0.483,9999.000,9999.000,9999.000,9999.000,9999.000,9999.000,9999.000,9999.000
202602241042,   0.434,9999.000,9999.000,9999.000,9999.000,9999.000,9999.000,9999.000,9999.000
202602241048,   0.389,9999.000,9999.000,9999.000,9999.000,9999.000,9999.000,9999.000,9999.000
202602241054,   0.348,9999.000,9999.000,9999.000,9999.000,9999.000,9999.000,9999.000,9999.000
202602241100,   0.311,9999.000,   1.400,   0.336,   2.047,   0.700,   1.347,   2.000,   2.647
202602241106,   0.278,9999.000,9999.000,9999.000,9999.000,9999.000,9999.000,9999.000,9999.000
202602241112,   0.249,9999.000,9999.000,9999.000,9999.000,9999.000,9999.000,9999.000,9999.000
202602241118,   0.225,9999.000,9999.000,9999.000,9999.000,9999.000,9999.000,9999.000,9999.000
202602241124,   0.204,9999.000,9999.000,9999.000,9999.000,9999.000,9999.000,9999.000,9999.000
202602241130,   0.188,9999.000,9999.000,9999.000,9999.000,9999.000,9999.000,9999.000,9999.000
202602241136,   0.176,9999.000,9999.000,9999.000,9999.000,9999.000,9999.000,9999.000,9999.000
202602241142,   0.169,9999.000,9999.000,9999.000,9999.000,9999.000,9999.000,9999.000,9999.000
202602241148,   0.166,9999.000,9999.000,9999.000,9999.000,9999.000,9999.000,9999.000,9999.000
202602241154,   0.168,9999.000,9999.000,9999.000,9999.000,9999.000,9999.000,9999.000,9999.000
202602241200,   0.174,9999.000,   1.300,   0.336,   1.810,   0.600,   1.110,   1.800,   2.310
202602241206,   0.185,9999.000,9999.000,9999.000,9999.000,9999.000,9999.000,9999.000,9999.000
202602241212,   0.200,9999.000,9999.000,9999.000,9999.000,9999.000,9999.000,9999.000,9999.000
202602241218,   0.220,9999.000,9999.000,9999.000,9999.000,9999.000,9999.000,9999.000,9999.000
202602241224,   0.243,9999.000,9999.000,9999.000,9999.000,9999.000,9999.000,9999.000,9999.000
202602241230,   0.272,9999.000,9999.000,9999.000,9999.000,9999.000,9999.000,9999.000,9999.000
202602241236,   0.304,9999.000,9999.000,9999.000,9999.000,9999.000,9999.000,9999.000,9999.000
202602241242,   0.340,9999.000,9999.000,9999.000,9999.000,9999.000,9999.000,9999.000,9999.000
202602241248,   0.381,9999.000,9999.000,9999.000,9999.000,9999.000,9999.000,9999.000,9999.000
202602241254,   0.425,9999.000,9999.000,9999.000,9999.000,9999.000,9999.000,9999.000,9999.000
202602241300,   0.473,9999.000,   1.200,   0.336,   2.009,   0.500,   1.309,   1.700,   2.509
202602241306,   0.524,9999.000,9999.000,9999.000,9999.000,9999.000,9999.000,9999.000,9999.000
202602241312,   0.578,9999.000,9999.000,9999.000,9999.000,9999.000,9999.000,9999.000,9999.000
202602241318,   0.636,9999.000,9999.000,9999.000,9999.000,9999.000,9999.000,9999.000,9999.000
202602241324,   0.696,9999.000,9999.000,9999.000,9999.000,9999.000,9999.000,9999.000,9999.000
202602241330,   0.759,9999.000,9999.000,9999.000,9999.000,9999.000,9999.000,9999.000,9999.000
202602241336,   0.825,9999.000,9999.000,9999.000,9999.000,9999.000,9999.000,9999.000,9999.000
202602241342,   0.893,9999.000,9999.000,9999.000,9999.000,9999.000,9999.000,9999.000,9999.000
202602241348,   0.962,9999.000,9999.000,9999.000,9999.000,9999.000,9999.000,9999.000,9999.000
202602241354,   1.033,9999.000,9999.000,9999.000,9999.000,9999.000,9999.000,9999.000,9999.000
202602241400,   1.106,9999.000,   1.200,   0.336,   2.642,   0.400,   1.842,   1.600,   3.042
202602241406,   1.180,9999.000,9999.000,9999.000,9999.000,9999.000,9999.000,9999.000,9999.000
202602241412,   1.255,9999.000,9999.000,9999.000,9999.000,9999.000,9999.000,9999.000,9999.000
202602241418,   1.331,9999.000,9999.000,9999.000,9999.000,9999.000,9999.000,9999.000,9999.000
202602241424,   1.407,9999.000,9999.000,9999.000,9999.000,9999.000,9999.000,9999.000,9999.000
202602241430,   1.483,9999.000,9999.000,9999.000,9999.000,9999.000,9999.000,9999.000,9999.000
202602241436,   1.559,9999.000,9999.000,9999.000,9999.000,9999.000,9999.000,9999.000,9999.000
202602241442,   1.635,9999.000,9999.000,9999.000,9999.000,9999.000,9999.000,9999.000,9999.000
202602241448,   1.710,9999.000,9999.000,9999.000,9999.000,9999.000,9999.000,9999.000,9999.000
202602241454,   1.785,9999.000,9999.000,9999.000,9999.000,9999.000,9999.000,9999.000,9999.000
202602241500,   1.858,9999.000,   1.100,   0.336,   3.294,   0.400,   2.594,   1.600,   3.794
202602241506,   1.931,9999.000,9999.000,9999.000,9999.000,9999.000,9999.000,9999.000,9999.000
202602241512,   2.002,9999.000,9999.000,9999.000,9999.000,9999.000,9999.000,9999.000,9999.000
202602241518,   2.072,9999.000,9999.000,9999.000,9999.000,9999.000,9999.000,9999.000,9999.000
202602241524,   2.140,9999.000,9999.000,9999.000,9999.000,9999.000,9999.000,9999.000,9999.000
202602241530,   2.206,9999.000,9999.000,9999.000,9999.000,9999.000,9999.000,9999.000,9999.000
202602241536,   2.270,9999.000,9999.000,9999.000,9999.000,9999.000,9999.000,9999.000,9999.000
202602241542,   2.332,9999.000,9999.000,9999.000,9999.000,9999.000,9999.000,9999.000,9999.000
202602241548,   2.392,9999.000,9999.000,9999.000,9999.000,9999.000,9999.000,9999.000,9999.000
202602241554,   2.449,9999.000,9999.000,9999.000,9999.000,9999.000,9999.000,9999.000,9999.000
202602241600,   2.504,9999.000,   1.100,   0.336,   3.940,   0.400,   3.240,   1.500,   4.340
202602241606,   2.556,9999.000,9999.000,9999.000,9999.000,9999.000,9999.000,9999.000,9999.000
202602241612,   2.605,9999.000,9999.000,9999.000,9999.000,9999.000,9999.000,9999.000,9999.000
202602241618,   2.651,9999.000,9999.000,9999.000,9999.000,9999.000,9999.000,9999.000,9999.000
202602241624,   2.694,9999.000,9999.000,9999.000,9999.000,9999.000,9999.000,9999.000,9999.000
202602241630,   2.735,9999.000,9999.000,9999.000,9999.000,9999.000,9999.000,9999.000,9999.000
202602241636,   2.772,9999.000,9999.000,9999.000,9999.000,9999.000,9999.000,9999.000,9999.000
202602241642,   2.806,9999.000,9999.000,9999.000,9999.000,9999.000,9999.000,9999.000,9999.000
202602241648,   2.837,9999.000,9999.000,9999.000,9999.000,9999.000,9999.000,9999.000,9999.000
202602241654,   2.865,9999.000,9999.000,9999.000,9999.000,9999.000,9999.000,9999.000,9999.000
202602241700,   2.889,9999.000,   1.000,   0.336,   4.225,   0.500,   3.725,   1.500,   4.725
202602241706,   2.910,9999.000,9999.000,9999.000,9999.000,9999.000,9999.000,9999.000,9999.000
202602241712,   2.927,9999.000,9999.000,9999.000,9999.000,9999.000,9999.000,9999.000,9999.000
202602241718,   2.941,9999.000,9999.000,9999.000,9999.000,9999.000,9999.000,9999.000,9999.000
202602241724,   2.951,9999.000,9999.000,9999.000,9999.000,9999.000,9999.000,9999.000,9999.000
202602241730,   2.958,9999.000,9999.000,9999.000,9999.000,9999.000,9999.000,9999.000,9999.000
202602241736,   2.962,9999.000,9999.000,9999.000,9999.000,9999.000,9999.000,9999.000,9999.000
202602241742,   2.961,9999.000,9999.000,9999.000,9999.000,9999.000,9999.000,9999.000,9999.000
202602241748,   2.957,9999.000,9999.000,9999.000,9999.000,9999.000,9999.000,9999.000,9999.000
202602241754,   2.950,9999.000,9999.000,9999.000,9999.000,9999.000,9999.000,9999.000,9999.000
202602241800,   2.939,9999.000,   1.000,   0.336,   4.275,   0.400,   3.675,   1.400,   4.675
202602241806,   2.924,9999.000,9999.000,9999.000,9999.000,9999.000,9999.000,9999.000,9999.000
202602241812,   2.906,9999.000,9999.000,9999.000,9999.000,9999.000,9999.000,9999.000,9999.000
202602241818,   2.885,9999.000,9999.000,9999.000,9999.000,9999.000,9999.000,9999.000,9999.000
202602241824,   2.860,9999.000,9999.000,9999.000,9999.000,9999.000,9999.000,9999.000,9999.000
202602241830,   2.831,9999.000,9999.000,9999.000,9999.000,9999.000,9999.000,9999.000,9999.000
202602241836,   2.799,9999.000,9999.000,9999.000,9999.000,9999.000,9999.000,9999.000,9999.000
202602241842,   2.763,9999.000,9999.000,9999.000,9999.000,9999.000,9999.000,9999.000,9999.000
202602241848,   2.725,9999.000,9999.000,9999.000,9999.000,9999.000,9999.000,9999.000,9999.000
202602241854,   2.683,9999.000,9999.000,9999.000,9999.000,9999.000,9999.000,9999.000,9999.000
202602241900,   2.638,9999.000,   1.000,   0.336,   3.974,   0.500,   3.474,   1.400,   4.374
202602241906,   2.590,9999.000,9999.000,9999.000,9999.000,9999.000,9999.000,9999.000,9999.000
202602241912,   2.539,9999.000,9999.000,9999.000,9999.000,9999.000,9999.000,9999.000,9999.000
202602241918,   2.485,9999.000,9999.000,9999.000,9999.000,9999.000,9999.000,9999.000,9999.000
202602241924,   2.428,9999.000,9999.000,9999.000,9999.000,9999.000,9999.000,9999.000,9999.000
202602241930,   2.369,9999.000,9999.000,9999.000,9999.000,9999.000,9999.000,9999.000,9999.000
202602241936,   2.307,9999.000,9999.000,9999.000,9999.000,9999.000,9999.000,9999.000,9999.000
202602241942,   2.243,9999.000,9999.000,9999.000,9999.000,9999.000,9999.000,9999.000,9999.000
202602241948,   2.177,9999.000,9999.000,9999.000,9999.000,9999.000,9999.000,9999.000,9999.000
202602241954,   2.109,9999.000,9999.000,9999.000,9999.000,9999.000,9999.000,9999.000,9999.000
202602242000,   2.039,9999.000,   0.900,   0.336,   3.275,   0.400,   2.775,   1.300,   3.675
202602242006,   1.968,9999.000,9999.000,9999.000,9999.000,9999.000,9999.000,9999.000,9999.000
202602242012,   1.895,9999.000,9999.000,9999.000,9999.000,9999.000,9999.000,9999.000,9999.000
202602242018,   1.821,9999.000,9999.000,9999.000,9999.000,9999.000,9999.000,9999.000,9999.000
202602242024,   1.746,9999.000,9999.000,9999.000,9999.000,9999.000,9999.000,9999.000,9999.000
202602242030,   1.670,9999.000,9999.000,9999.000,9999.000,9999.000,9999.000,9999.000,9999.000
202602242036,   1.593,9999.000,9999.000,9999.000,9999.000,9999.000,9999.000,9999.000,9999.000
202602242042,   1.516,9999.000,9999.000,9999.000,9999.000,9999.000,9999.000,9999.000,9999.000
202602242048,   1.438,9999.000,9999.000,9999.000,9999.000,9999.000,9999.000,9999.000,9999.000
202602242054,   1.361,9999.000,9999.000,9999.000,9999.000,9999.000,9999.000,9999.000,9999.000
202602242100,   1.284,9999.000,   0.800,   0.336,   2.420,   0.400,   2.020,   1.200,   2.820
202602242106,   1.207,9999.000,9999.000,9999.000,9999.000,9999.000,9999.000,9999.000,9999.000
202602242112,   1.131,9999.000,9999.000,9999.000,9999.000,9999.000,9999.000,9999.000,9999.000
202602242118,   1.055,9999.000,9999.000,9999.000,9999.000,9999.000,9999.000,9999.000,9999.000
202602242124,   0.981,9999.000,9999.000,9999.000,9999.000,9999.000,9999.000,9999.000,9999.000
202602242130,   0.908,9999.000,9999.000,9999.000,9999.000,9999.000,9999.000,9999.000,9999.000
202602242136,   0.837,9999.000,9999.000,9999.000,9999.000,9999.000,9999.000,9999.000,9999.000
202602242142,   0.767,9999.000,9999.000,9999.000,9999.000,9999.000,9999.000,9999.000,9999.000
202602242148,   0.698,9999.000,9999.000,9999.000,9999.000,9999.000,9999.000,9999.000,9999.000
202602242154,   0.632,9999.000,9999.000,9999.000,9999.000,9999.000,9999.000,9999.000,9999.000
202602242200,   0.569,9999.000,   0.700,   0.336,   1.605,   0.300,   1.205,   1.100,   2.005
202602242206,   0.507,9999.000,9999.000,9999.000,9999.000,9999.000,9999.000,9999.000,9999.000
202602242212,   0.448,9999.000,9999.000,9999.000,9999.000,9999.000,9999.000,9999.000,9999.000
202602242218,   0.392,9999.000,9999.000,9999.000,9999.000,9999.000,9999.000,9999.000,9999.000
202602242224,   0.339,9999.000,9999.000,9999.000,9999.000,9999.000,9999.000,9999.000,9999.000
202602242230,   0.289,9999.000,9999.000,9999.000,9999.000,9999.000,9999.000,9999.000,9999.000
202602242236,   0.243,9999.000,9999.000,9999.000,9999.000,9999.000,9999.000,9999.000,9999.000
202602242242,   0.200,9999.000,9999.000,9999.000,9999.000,9999.000,9999.000,9999.000,9999.000
202602242248,   0.160,9999.000,9999.000,9999.000,9999.000,9999.000,9999.000,9999.000,9999.000
202602242254,   0.124,9999.000,9999.000,9999.000,9999.000,9999.000,9999.000,9999.000,9999.000
202602242300,   0.092,9999.000,   0.600,   0.336,   1.028,   0.200,   0.628,   1.000,   1.428
202602242306,   0.064,9999.000,9999.000,9999.000,9999.000,9999.000,9999.000,9999.000,9999.000
202602242312,   0.040,9999.000,9999.000,9999.000,9999.000,9999.000,9999.000,9999.000,9999.000
202602242318,   0.020,9999.000,9999.000,9999.000,9999.000,9999.000,9999.000,9999.000,9999.000
202602242324,   0.004,9999.000,9999.000,9999.000,9999.000,9999.000,9999.000,9999.000,9999.000
202602242330,  -0.006,9999.000,9999.000,9999.000,9999.000,9999.000,9999.000,9999.000,9999.000
202602242336,  -0.012,9999.000,9999.000,9999.000,9999.000,9999.000,9999.000,9999.000,9999.000
202602242342,  -0.015,9999.000,9999.000,9999.000,9999.000,9999.000,9999.000,9999.000,9999.000
202602242348,  -0.012,9999.000,9999.000,9999.000,9999.000,9999.000,9999.000,9999.000,9999.000
202602242354,  -0.005,9999.000,9999.000,9999.000,9999.000,9999.000,9999.000,9999.000,9999.000
202602250000,   0.006,9999.000,   0.500,   0.336,   0.842,   0.200,   0.542,   0.900,   1.242
