        TIME,    TIDE,      OB,   SURGE,    BIAS,     TWL,SURGE90p,  TWL90p,SURGE10p,   TWL10p
202602151800,   0.348,  -0.751,   0.300,  -1.399,  -0.751,   0.200,  -0.851,   0.300,  -0.751
202602151806,   0.329,  -0.780,9999.000,9999.000,9999.000,9999.000,9999.000,9999.000,9999.000
202602151812,   0.311,  -0.819,9999.000,9999.000,9999.000,9999.000,9999.000,9999.000,9999.000
202602151818,   0.295,  -0.849,9999.000,9999.000,9999.000,9999.000,9999.000,9999.000,9999.000
202602151824,   0.281,  -0.879,9999.000,9999.000,9999.000,9999.000,9999.000,9999.000,9999.000
202602151830,   0.270,  -0.898,9999.000,9999.000,9999.000,9999.000,9999.000,9999.000,9999.000
202602151836,   0.260,  -0.941,9999.000,9999.000,9999.000,9999.000,9999.000,9999.000,9999.000
202602151842,   0.253,  -0.961,9999.000,9999.000,9999.000,9999.000,9999.000,9999.000,9999.000
202602151848,   0.249,  -0.990,9999.000,9999.000,9999.000,9999.000,9999.000,9999.000,9999.000
202602151854,   0.247,  -1.020,9999.000,9999.000,9999.000,9999.000,9999.000,9999.000,9999.000
202602151900,   0.248,  -1.039,   0.300,  -1.587,  -1.039,   0.300,  -1.039,   0.300,  -1.039
202602151906,   0.251,  -1.069,9999.000,9999.000,9999.000,9999.000,9999.000,9999.000,9999.000
202602151912,   0.258,  -1.088,9999.000,9999.000,9999.000,9999.000,9999.000,9999.000,9999.000
202602151918,   0.267,  -1.098,9999.000,9999.000,9999.000,9999.000,9999.000,9999.000,9999.000
202602151924,   0.279,  -1.118,9999.000,9999.000,9999.000,9999.000,9999.000,9999.000,9999.000
202602151930,   0.294,  -1.128,9999.000,9999.000,9999.000,9999.000,9999.000,9999.000,9999.000
202602151936,   0.312,  -1.138,9999.000,9999.000,9999.000,9999.000,9999.000,9999.000,9999.000
202602151942,   0.333,  -1.151,9999.000,9999.000,9999.000,9999.000,9999.000,9999.000,9999.000
202602151948,   0.356,  -1.151,9999.000,9999.000,9999.000,9999.000,9999.000,9999.000,9999.000
202602151954,   0.383,  -1.138,9999.000,9999.000,9999.000,9999.000,9999.000,9999.000,9999.000
202602152000,   0.411,  -1.138,   0.300,  -1.849,  -1.138,   0.300,  -1.138,   0.400,  -1.038
202602152006,   0.442,  -1.128,9999.000,9999.000,9999.000,9999.000,9999.000,9999.000,9999.000
202602152012,   0.475,  -1.108,9999.000,9999.000,9999.000,9999.000,9999.000,9999.000,9999.000
202602152018,   0.510,  -1.079,9999.000,9999.000,9999.000,9999.000,9999.000,9999.000,9999.000
202602152024,   0.547,  -1.039,9999.000,9999.000,9999.000,9999.000,9999.000,9999.000,9999.000
202602152030,   0.586,  -1.000,9999.000,9999.000,9999.000,9999.000,9999.000,9999.000,9999.000
202602152036,   0.626,  -0.951,9999.000,9999.000,9999.000,9999.000,9999.000,9999.000,9999.000
202602152042,   0.668,  -0.898,9999.000,9999.000,9999.000,9999.000,9999.000,9999.000,9999.000
202602152048,   0.710,  -0.859,9999.000,9999.000,9999.000,9999.000,9999.000,9999.000,9999.000
202602152054,   0.754,  -0.819,9999.000,9999.000,9999.000,9999.000,9999.000,9999.000,9999.000
202602152100,   0.799,  -0.780,   0.400,  -1.979,  -0.780,   0.300,  -0.880,   0.400,  -0.780
202602152106,   0.844,  -0.741,9999.000,9999.000,9999.000,9999.000,9999.000,9999.000,9999.000
202602152112,   0.890,  -0.708,9999.000,9999.000,9999.000,9999.000,9999.000,9999.000,9999.000
202602152118,   0.936,  -0.678,9999.000,9999.000,9999.000,9999.000,9999.000,9999.000,9999.000
202602152124,   0.982,  -0.649,9999.000,9999.000,9999.000,9999.000,9999.000,9999.000,9999.000
202602152130,   1.029,  -0.619,9999.000,9999.000,9999.000,9999.000,9999.000,9999.000,9999.000
202602152136,   1.076,  -0.590,9999.000,9999.000,9999.000,9999.000,9999.000,9999.000,9999.000
202602152142,   1.122,  -0.551,9999.000,9999.000,9999.000,9999.000,9999.000,9999.000,9999.000
202602152148,   1.169,  -0.498,9999.000,9999.000,9999.000,9999.000,9999.000,9999.000,9999.000
202602152154,   1.216,  -0.459,9999.000,9999.000,9999.000,9999.000,9999.000,9999.000,9999.000
202602152200,   1.262,  -0.409,   0.400,  -2.071,  -0.409,   0.300,  -0.509,   0.400,  -0.409
202602152206,   1.307,  -0.370,9999.000,9999.000,9999.000,9999.000,9999.000,9999.000,9999.000
202602152212,   1.353,  -0.321,9999.000,9999.000,9999.000,9999.000,9999.000,9999.000,9999.000
202602152218,   1.397,  -0.259,9999.000,9999.000,9999.000,9999.000,9999.000,9999.000,9999.000
202602152224,   1.441,  -0.209,9999.000,9999.000,9999.000,9999.000,9999.000,9999.000,9999.000
202602152230,   1.484,  -0.160,9999.000,9999.000,9999.000,9999.000,9999.000,9999.000,9999.000
202602152236,   1.526,  -0.111,9999.000,9999.000,9999.000,9999.000,9999.000,9999.000,9999.000
202602152242,   1.567,  -0.059,9999.000,9999.000,9999.000,9999.000,9999.000,9999.000,9999.000
202602152248,   1.606,  -0.009,9999.000,9999.000,9999.000,9999.000,9999.000,9999.000,9999.000
202602152254,   1.644,   0.049,9999.000,9999.000,9999.000,9999.000,9999.000,9999.000,9999.000
202602152300,   1.680,   0.098,   0.400,  -1.982,   0.098,   0.400,   0.098,   0.500,   0.198
202602152306,   1.714,   0.160,9999.000,9999.000,9999.000,9999.000,9999.000,9999.000,9999.000
202602152312,   1.746,   0.209,9999.000,9999.000,9999.000,9999.000,9999.000,9999.000,9999.000
202602152318,   1.776,   0.268,9999.000,9999.000,9999.000,9999.000,9999.000,9999.000,9999.000
202602152324,   1.803,   0.321,9999.000,9999.000,9999.000,9999.000,9999.000,9999.000,9999.000
202602152330,   1.827,   0.390,9999.000,9999.000,9999.000,9999.000,9999.000,9999.000,9999.000
202602152336,   1.849,   0.449,9999.000,9999.000,9999.000,9999.000,9999.000,9999.000,9999.000
202602152342,   1.867,   0.498,9999.000,9999.000,9999.000,9999.000,9999.000,9999.000,9999.000
202602152348,   1.882,   0.551,9999.000,9999.000,9999.000,9999.000,9999.000,9999.000,9999.000
202602152354,   1.893,   0.600,9999.000,9999.000,9999.000,9999.000,9999.000,9999.000,9999.000
202602160000,   1.902,   0.659,   0.500,  -1.743,   0.659,   0.500,   0.659,   0.500,   0.659
202602160006,   1.906,   0.708,9999.000,9999.000,9999.000,9999.000,9999.000,9999.000,9999.000
202602160012,   1.908,   0.770,9999.000,9999.000,9999.000,9999.000,9999.000,9999.000,9999.000
202602160018,   1.905,   0.819,9999.000,9999.000,9999.000,9999.000,9999.000,9999.000,9999.000
202602160024,   1.900,   0.859,9999.000,9999.000,9999.000,9999.000,9999.000,9999.000,9999.000
202602160030,   1.891,   0.898,9999.000,9999.000,9999.000,9999.000,9999.000,9999.000,9999.000
202602160036,   1.878,   0.941,9999.000,9999.000,9999.000,9999.000,9999.000,9999.000,9999.000
202602160042,   1.863,   0.980,9999.000,9999.000,9999.000,9999.000,9999.000,9999.000,9999.000
202602160048,   1.845,   1.020,9999.000,9999.000,9999.000,9999.000,9999.000,9999.000,9999.000
202602160054,   1.824,   1.059,9999.000,9999.000,9999.000,9999.000,9999.000,9999.000,9999.000
202602160100,   1.801,   1.079,   0.500,  -1.222,   1.079,   0.500,   1.079,   0.600,   1.179
202602160106,   1.775,   1.098,9999.000,9999.000,9999.000,9999.000,9999.000,9999.000,9999.000
202602160112,   1.747,   1.118,9999.000,9999.000,9999.000,9999.000,9999.000,9999.000,9999.000
202602160118,   1.718,   1.128,9999.000,9999.000,9999.000,9999.000,9999.000,9999.000,9999.000
202602160124,   1.687,   1.151,9999.000,9999.000,9999.000,9999.000,9999.000,9999.000,9999.000
202602160130,   1.655,   1.161,9999.000,9999.000,9999.000,9999.000,9999.000,9999.000,9999.000
202602160136,   1.622,   1.170,9999.000,9999.000,9999.000,9999.000,9999.000,9999.000,9999.000
202602160142,   1.588,   1.161,9999.000,9999.000,9999.000,9999.000,9999.000,9999.000,9999.000
202602160148,   1.554,   1.151,9999.000,9999.000,9999.000,9999.000,9999.000,9999.000,9999.000
202602160154,   1.519,   1.138,9999.000,9999.000,9999.000,9999.000,9999.000,9999.000,9999.000
202602160200,   1.484,   1.128,   0.600,  -0.956,   1.128,   0.600,   1.128,   0.700,   1.228
202602160206,   1.449,   1.098,9999.000,9999.000,9999.000,9999.000,9999.000,9999.000,9999.000
202602160212,   1.413,   1.039,9999.000,9999.000,9999.000,9999.000,9999.000,9999.000,9999.000
202602160218,   1.378,   0.990,9999.000,9999.000,9999.000,9999.000,9999.000,9999.000,9999.000
202602160224,   1.343,   0.951,9999.000,9999.000,9999.000,9999.000,9999.000,9999.000,9999.000
202602160230,   1.309,   0.918,9999.000,9999.000,9999.000,9999.000,9999.000,9999.000,9999.000
202602160236,   1.274,   0.879,9999.000,9999.000,9999.000,9999.000,9999.000,9999.000,9999.000
202602160242,   1.240,   0.849,9999.000,9999.000,9999.000,9999.000,9999.000,9999.000,9999.000
202602160248,   1.206,   0.810,9999.000,9999.000,9999.000,9999.000,9999.000,9999.000,9999.000
202602160254,   1.172,   0.790,9999.000,9999.000,9999.000,9999.000,9999.000,9999.000,9999.000
202602160300,   1.138,   0.770,   0.700,  -1.068,   0.770,   0.600,   0.670,   0.800,   0.870
202602160306,   1.104,   0.751,9999.000,9999.000,9999.000,9999.000,9999.000,9999.000,9999.000
202602160312,   1.070,   0.731,9999.000,9999.000,9999.000,9999.000,9999.000,9999.000,9999.000
202602160318,   1.037,   0.708,9999.000,9999.000,9999.000,9999.000,9999.000,9999.000,9999.000
202602160324,   1.003,   0.688,9999.000,9999.000,9999.000,9999.000,9999.000,9999.000,9999.000
202602160330,   0.969,   0.649,9999.000,9999.000,9999.000,9999.000,9999.000,9999.000,9999.000
202602160336,   0.935,   0.619,9999.000,9999.000,9999.000,9999.000,9999.000,9999.000,9999.000
202602160342,   0.901,   0.600,9999.000,9999.000,9999.000,9999.000,9999.000,9999.000,9999.000
202602160348,   0.867,   0.580,9999.000,9999.000,9999.000,9999.000,9999.000,9999.000,9999.000
202602160354,   0.832,   0.541,9999.000,9999.000,9999.000,9999.000,9999.000,9999.000,9999.000
202602160400,   0.798,   0.508,   0.800,  -1.090,   0.508,   0.700,   0.408,   0.900,   0.608
202602160406,   0.764,   0.498,9999.000,9999.000,9999.000,9999.000,9999.000,9999.000,9999.000
202602160412,   0.729,   0.488,9999.000,9999.000,9999.000,9999.000,9999.000,9999.000,9999.000
202602160418,   0.695,   0.478,9999.000,9999.000,9999.000,9999.000,9999.000,9999.000,9999.000
202602160424,   0.661,   0.478,9999.000,9999.000,9999.000,9999.000,9999.000,9999.000,9999.000
202602160430,   0.627,   0.449,9999.000,9999.000,9999.000,9999.000,9999.000,9999.000,9999.000
202602160436,   0.594,   0.419,9999.000,9999.000,9999.000,9999.000,9999.000,9999.000,9999.000
202602160442,   0.561,   0.400,9999.000,9999.000,9999.000,9999.000,9999.000,9999.000,9999.000
202602160448,   0.528,   0.380,9999.000,9999.000,9999.000,9999.000,9999.000,9999.000,9999.000
202602160454,   0.496,   0.341,9999.000,9999.000,9999.000,9999.000,9999.000,9999.000,9999.000
202602160500,   0.464,   0.321,   0.900,  -1.043,   0.321,   0.800,   0.221,   1.000,   0.421
202602160506,   0.433,   0.298,9999.000,9999.000,9999.000,9999.000,9999.000,9999.000,9999.000
202602160512,   0.403,   0.259,9999.000,9999.000,9999.000,9999.000,9999.000,9999.000,9999.000
202602160518,   0.374,   0.249,9999.000,9999.000,9999.000,9999.000,9999.000,9999.000,9999.000
202602160524,   0.345,   0.229,9999.000,9999.000,9999.000,9999.000,9999.000,9999.000,9999.000
202602160530,   0.318,   0.219,9999.000,9999.000,9999.000,9999.000,9999.000,9999.000,9999.000
202602160536,   0.292,   0.200,9999.000,9999.000,9999.000,9999.000,9999.000,9999.000,9999.000
202602160542,   0.266,   0.180,9999.000,9999.000,9999.000,9999.000,9999.000,9999.000,9999.000
202602160548,   0.242,   0.150,9999.000,9999.000,9999.000,9999.000,9999.000,9999.000,9999.000
202602160554,   0.220,   0.131,9999.000,9999.000,9999.000,9999.000,9999.000,9999.000,9999.000
202602160600,   0.199,   0.111,   0.900,  -0.988,   0.111,   0.800,   0.011,   1.000,   0.211
202602160606,   0.179,   0.098,9999.000,9999.000,9999.000,9999.000,9999.000,9999.000,9999.000
202602160612,   0.161,   0.078,9999.000,9999.000,9999.000,9999.000,9999.000,9999.000,9999.000
202602160618,   0.145,   0.068,9999.000,9999.000,9999.000,9999.000,9999.000,9999.000,9999.000
202602160624,   0.130,   0.049,9999.000,9999.000,9999.000,9999.000,9999.000,9999.000,9999.000
202602160630,   0.118,   0.049,9999.000,9999.000,9999.000,9999.000,9999.000,9999.000,9999.000
202602160636,   0.107,   0.039,9999.000,9999.000,9999.000,9999.000,9999.000,9999.000,9999.000
202602160642,   0.099,   0.039,9999.000,9999.000,9999.000,9999.000,9999.000,9999.000,9999.000
202602160648,   0.093,   0.039,9999.000,9999.000,9999.000,9999.000,9999.000,9999.000,9999.000
202602160654,   0.090,   0.029,9999.000,9999.000,9999.000,9999.000,9999.000,9999.000,9999.000
202602160700,   0.089,   0.009,   1.000,  -1.080,   0.009,   1.000,   0.009,   1.100,   0.109
202602160706,   0.091,   0.019,9999.000,9999.000,9999.000,9999.000,9999.000,9999.000,9999.000
202602160712,   0.096,   0.000,9999.000,9999.000,9999.000,9999.000,9999.000,9999.000,9999.000
202602160718,   0.104,  -0.029,9999.000,9999.000,9999.000,9999.000,9999.000,9999.000,9999.000
202602160724,   0.115,  -0.039,9999.000,9999.000,9999.000,9999.000,9999.000,9999.000,9999.000
202602160730,   0.129,  -0.039,9999.000,9999.000,9999.000,9999.000,9999.000,9999.000,9999.000
202602160736,   0.146,  -0.029,9999.000,9999.000,9999.000,9999.000,9999.000,9999.000,9999.000
202602160742,   0.166,  -0.019,9999.000,9999.000,9999.000,9999.000,9999.000,9999.000,9999.000
202602160748,   0.190,   0.009,9999.000,9999.000,9999.000,9999.000,9999.000,9999.000,9999.000
202602160754,   0.217,   0.039,9999.000,9999.000,9999.000,9999.000,9999.000,9999.000,9999.000
202602160800,   0.247,   0.078,   1.200,  -1.369,   0.078,   1.000,  -0.122,   1.300,   0.178
202602160806,   0.280,   0.111,9999.000,9999.000,9999.000,9999.000,9999.000,9999.000,9999.000
202602160812,   0.316,   0.131,9999.000,9999.000,9999.000,9999.000,9999.000,9999.000,9999.000
202602160818,   0.355,   0.160,9999.000,9999.000,9999.000,9999.000,9999.000,9999.000,9999.000
202602160824,   0.396,   0.200,9999.000,9999.000,9999.000,9999.000,9999.000,9999.000,9999.000
202602160830,   0.441,   0.219,9999.000,9999.000,9999.000,9999.000,9999.000,9999.000,9999.000
202602160836,   0.487,   0.249,9999.000,9999.000,9999.000,9999.000,9999.000,9999.000,9999.000
202602160842,   0.536,   0.268,9999.000,9999.000,9999.000,9999.000,9999.000,9999.000,9999.000
202602160848,   0.588,   0.298,9999.000,9999.000,9999.000,9999.000,9999.000,9999.000,9999.000
202602160854,   0.640,   0.350,9999.000,9999.000,9999.000,9999.000,9999.000,9999.000,9999.000
202602160900,   0.695,   0.390,   1.300,  -1.605,   0.390,   1.100,   0.190,   1.400,   0.490
202602160906,   0.751,   0.459,9999.000,9999.000,9999.000,9999.000,9999.000,9999.000,9999.000
202602160912,   0.808,   0.518,9999.000,9999.000,9999.000,9999.000,9999.000,9999.000,9999.000
202602160918,   0.866,   0.570,9999.000,9999.000,9999.000,9999.000,9999.000,9999.000,9999.000
202602160924,   0.925,   0.619,9999.000,9999.000,9999.000,9999.000,9999.000,9999.000,9999.000
202602160930,   0.985,   0.678,9999.000,9999.000,9999.000,9999.000,9999.000,9999.000,9999.000
202602160936,   1.045,   0.741,9999.000,9999.000,9999.000,9999.000,9999.000,9999.000,9999.000
202602160942,   1.106,   0.780,9999.000,9999.000,9999.000,9999.000,9999.000,9999.000,9999.000
202602160948,   1.166,   0.819,9999.000,9999.000,9999.000,9999.000,9999.000,9999.000,9999.000
202602160954,   1.227,   0.869,9999.000,9999.000,9999.000,9999.000,9999.000,9999.000,9999.000
202602161000,   1.287,   0.918,   1.400,  -1.769,   0.918,   1.100,   0.618,   1.600,   1.118
202602161006,   1.347,   0.970,9999.000,9999.000,9999.000,9999.000,9999.000,9999.000,9999.000
202602161012,   1.407,   1.020,9999.000,9999.000,9999.000,9999.000,9999.000,9999.000,9999.000
202602161018,   1.466,   1.079,9999.000,9999.000,9999.000,9999.000,9999.000,9999.000,9999.000
202602161024,   1.525,   1.138,9999.000,9999.000,9999.000,9999.000,9999.000,9999.000,9999.000
202602161030,   1.582,   1.190,9999.000,9999.000,9999.000,9999.000,9999.000,9999.000,9999.000
202602161036,   1.639,   1.239,9999.000,9999.000,9999.000,9999.000,9999.000,9999.000,9999.000
202602161042,   1.695,   1.289,9999.000,9999.000,9999.000,9999.000,9999.000,9999.000,9999.000
202602161048,   1.750,   1.348,9999.000,9999.000,9999.000,9999.000,9999.000,9999.000,9999.000
202602161054,   1.803,   1.410,9999.000,9999.000,9999.000,9999.000,9999.000,9999.000,9999.000
202602161100,   1.855,   1.459,   1.400,  -1.796,   1.459,   1.100,   1.159,   1.600,   1.659
202602161106,   1.905,   1.508,9999.000,9999.000,9999.000,9999.000,9999.000,9999.000,9999.000
202602161112,   1.953,   1.557,9999.000,9999.000,9999.000,9999.000,9999.000,9999.000,9999.000
202602161118,   1.999,   1.600,9999.000,9999.000,9999.000,9999.000,9999.000,9999.000,9999.000
202602161124,   2.043,   1.659,9999.000,9999.000,9999.000,9999.000,9999.000,9999.000,9999.000
202602161130,   2.084,   1.708,9999.000,9999.000,9999.000,9999.000,9999.000,9999.000,9999.000
202602161136,   2.123,   1.758,9999.000,9999.000,9999.000,9999.000,9999.000,9999.000,9999.000
202602161142,   2.159,   1.800,9999.000,9999.000,9999.000,9999.000,9999.000,9999.000,9999.000
202602161148,   2.191,   1.859,9999.000,9999.000,9999.000,9999.000,9999.000,9999.000,9999.000
202602161154,   2.221,   1.899,9999.000,9999.000,9999.000,9999.000,9999.000,9999.000,9999.000
202602161200,   2.246,   1.958,   1.100,  -1.388,   1.958,   1.000,   1.858,   1.200,   2.058
202602161206,   2.269,   2.020,9999.000,9999.000,9999.000,9999.000,9999.000,9999.000,9999.000
202602161212,   2.287,   2.079,9999.000,9999.000,9999.000,9999.000,9999.000,9999.000,9999.000
202602161218,   2.302,   2.148,9999.000,9999.000,9999.000,9999.000,9999.000,9999.000,9999.000
202602161224,   2.312,   2.200,9999.000,9999.000,9999.000,9999.000,9999.000,9999.000,9999.000
202602161230,   2.319,   2.259,9999.000,9999.000,9999.000,9999.000,9999.000,9999.000,9999.000
202602161236,   2.322,   2.299,9999.000,9999.000,9999.000,9999.000,9999.000,9999.000,9999.000
202602161242,   2.320,   2.348,9999.000,9999.000,9999.000,9999.000,9999.000,9999.000,9999.000
202602161248,   2.315,   2.387,9999.000,9999.000,9999.000,9999.000,9999.000,9999.000,9999.000
202602161254,   2.306,   2.440,9999.000,9999.000,9999.000,9999.000,9999.000,9999.000,9999.000
202602161300,   2.294,   2.479,   1.100,  -0.915,   2.479,   1.100,   2.479,   1.200,   2.579
202602161306,   2.278,   2.528,9999.000,9999.000,9999.000,9999.000,9999.000,9999.000,9999.000
202602161312,   2.258,   2.578,9999.000,9999.000,9999.000,9999.000,9999.000,9999.000,9999.000
202602161318,   2.236,   2.630,9999.000,9999.000,9999.000,9999.000,9999.000,9999.000,9999.000
202602161324,   2.211,   2.679,9999.000,9999.000,9999.000,9999.000,9999.000,9999.000,9999.000
202602161330,   2.183,   2.689,9999.000,9999.000,9999.000,9999.000,9999.000,9999.000,9999.000
202602161336,   2.153,   2.699,9999.000,9999.000,9999.000,9999.000,9999.000,9999.000,9999.000
202602161342,   2.121,   2.719,9999.000,9999.000,9999.000,9999.000,9999.000,9999.000,9999.000
202602161348,   2.087,   2.738,9999.000,9999.000,9999.000,9999.000,9999.000,9999.000,9999.000
202602161354,   2.051,   2.719,9999.000,9999.000,9999.000,9999.000,9999.000,9999.000,9999.000
202602161400,   2.015,   2.728,   1.200,  -0.487,   2.728,   1.100,   2.628,   1.300,   2.828
202602161406,   1.977,   2.709,9999.000,9999.000,9999.000,9999.000,9999.000,9999.000,9999.000
202602161412,   1.939,   2.709,9999.000,9999.000,9999.000,9999.000,9999.000,9999.000,9999.000
202602161418,   1.901,   2.689,9999.000,9999.000,9999.000,9999.000,9999.000,9999.000,9999.000
202602161424,   1.862,   2.669,9999.000,9999.000,9999.000,9999.000,9999.000,9999.000,9999.000
202602161430,   1.822,   2.630,9999.000,9999.000,9999.000,9999.000,9999.000,9999.000,9999.000
202602161436,   1.783,   2.597,9999.000,9999.000,9999.000,9999.000,9999.000,9999.000,9999.000
202602161442,   1.744,   2.568,9999.000,9999.000,9999.000,9999.000,9999.000,9999.000,9999.000
202602161448,   1.705,   2.509,9999.000,9999.000,9999.000,9999.000,9999.000,9999.000,9999.000
202602161454,   1.666,   2.440,9999.000,9999.000,9999.000,9999.000,9999.000,9999.000,9999.000
202602161500,   1.627,   2.368,   1.300,  -0.559,   2.368,   1.200,   2.268,   1.400,   2.468
202602161506,   1.589,   2.318,9999.000,9999.000,9999.000,9999.000,9999.000,9999.000,9999.000
202602161512,   1.550,   2.279,9999.000,9999.000,9999.000,9999.000,9999.000,9999.000,9999.000
202602161518,   1.512,   2.230,9999.000,9999.000,9999.000,9999.000,9999.000,9999.000,9999.000
202602161524,   1.474,   2.191,9999.000,9999.000,9999.000,9999.000,9999.000,9999.000,9999.000
202602161530,   1.436,   2.158,9999.000,9999.000,9999.000,9999.000,9999.000,9999.000,9999.000
202602161536,   1.398,   2.138,9999.000,9999.000,9999.000,9999.000,9999.000,9999.000,9999.000
202602161542,   1.360,   2.099,9999.000,9999.000,9999.000,9999.000,9999.000,9999.000,9999.000
202602161548,   1.322,   2.069,9999.000,9999.000,9999.000,9999.000,9999.000,9999.000,9999.000
202602161554,   1.284,   2.040,9999.000,9999.000,9999.000,9999.000,9999.000,9999.000,9999.000
202602161600,   1.246,   2.000,   1.500,  -0.746,   2.000,   1.300,   1.800,   1.700,   2.200
202602161606,   1.208,   1.948,9999.000,9999.000,9999.000,9999.000,9999.000,9999.000,9999.000
202602161612,   1.169,   1.908,9999.000,9999.000,9999.000,9999.000,9999.000,9999.000,9999.000
202602161618,   1.130,   1.859,9999.000,9999.000,9999.000,9999.000,9999.000,9999.000,9999.000
202602161624,   1.091,   1.810,9999.000,9999.000,9999.000,9999.000,9999.000,9999.000,9999.000
202602161630,   1.052,   1.758,9999.000,9999.000,9999.000,9999.000,9999.000,9999.000,9999.000
202602161636,   1.013,   1.718,9999.000,9999.000,9999.000,9999.000,9999.000,9999.000,9999.000
202602161642,   0.974,   1.669,9999.000,9999.000,9999.000,9999.000,9999.000,9999.000,9999.000
202602161648,   0.935,   1.620,9999.000,9999.000,9999.000,9999.000,9999.000,9999.000,9999.000
202602161654,   0.896,   1.571,9999.000,9999.000,9999.000,9999.000,9999.000,9999.000,9999.000
202602161700,   0.856,   1.518,   1.500,  -0.838,   1.518,   1.300,   1.318,   1.800,   1.818
202602161706,   0.818,   1.469,9999.000,9999.000,9999.000,9999.000,9999.000,9999.000,9999.000
202602161712,   0.779,   1.430,9999.000,9999.000,9999.000,9999.000,9999.000,9999.000,9999.000
202602161718,   0.740,   1.380,9999.000,9999.000,9999.000,9999.000,9999.000,9999.000,9999.000
202602161724,   0.702,   1.318,9999.000,9999.000,9999.000,9999.000,9999.000,9999.000,9999.000
202602161730,   0.665,   1.279,9999.000,9999.000,9999.000,9999.000,9999.000,9999.000,9999.000
202602161736,   0.627,   1.239,9999.000,9999.000,9999.000,9999.000,9999.000,9999.000,9999.000
202602161742,   0.591,   1.190,9999.000,9999.000,9999.000,9999.000,9999.000,9999.000,9999.000
202602161748,   0.555,   1.138,9999.000,9999.000,9999.000,9999.000,9999.000,9999.000,9999.000
202602161754,   0.520,   1.098,9999.000,9999.000,9999.000,9999.000,9999.000,9999.000,9999.000
202602161800,   0.485,   1.049,   1.300,  -0.736,   1.049,   1.200,   0.949,   1.400,   1.149
202602161806,   0.452,   1.000,9999.000,9999.000,9999.000,9999.000,9999.000,9999.000,9999.000
202602161812,   0.420,   0.970,9999.000,9999.000,9999.000,9999.000,9999.000,9999.000,9999.000
202602161818,   0.388,   0.928,9999.000,9999.000,9999.000,9999.000,9999.000,9999.000,9999.000
202602161824,   0.358,   0.888,9999.000,9999.000,9999.000,9999.000,9999.000,9999.000,9999.000
202602161830,   0.329,   0.849,9999.000,9999.000,9999.000,9999.000,9999.000,9999.000,9999.000
202602161836,   0.301,   0.810,9999.000,9999.000,9999.000,9999.000,9999.000,9999.000,9999.000
202602161842,   0.275,   0.760,9999.000,9999.000,9999.000,9999.000,9999.000,9999.000,9999.000
202602161848,   0.251,   0.718,9999.000,9999.000,9999.000,9999.000,9999.000,9999.000,9999.000
202602161854,   0.228,   0.678,9999.000,9999.000,9999.000,9999.000,9999.000,9999.000,9999.000
202602161900,   0.207,   0.629,   1.300,  -0.878,   0.629,   1.200,   0.529,   1.400,   0.729
202602161906,   0.189,   0.590,9999.000,9999.000,9999.000,9999.000,9999.000,9999.000,9999.000
202602161912,   0.172,   0.551,9999.000,9999.000,9999.000,9999.000,9999.000,9999.000,9999.000
202602161918,   0.158,   0.508,9999.000,9999.000,9999.000,9999.000,9999.000,9999.000,9999.000
202602161924,   0.147,   0.469,9999.000,9999.000,9999.000,9999.000,9999.000,9999.000,9999.000
202602161930,   0.138,   0.429,9999.000,9999.000,9999.000,9999.000,9999.000,9999.000,9999.000
202602161936,   0.132,   0.400,9999.000,9999.000,9999.000,9999.000,9999.000,9999.000,9999.000
202602161942,   0.129,   0.360,9999.000,9999.000,9999.000,9999.000,9999.000,9999.000,9999.000
202602161948,   0.129,   0.321,9999.000,9999.000,9999.000,9999.000,9999.000,9999.000,9999.000
202602161954,   0.132,   0.288,9999.000,9999.000,9999.000,9999.000,9999.000,9999.000,9999.000
202602162000,   0.139,   0.268,   1.300,  -1.171,   0.268,   1.200,   0.168,   1.400,   0.368
202602162006,   0.149,   0.229,9999.000,9999.000,9999.000,9999.000,9999.000,9999.000,9999.000
202602162012,   0.162,   0.209,9999.000,9999.000,9999.000,9999.000,9999.000,9999.000,9999.000
202602162018,   0.179,   0.180,9999.000,9999.000,9999.000,9999.000,9999.000,9999.000,9999.000
202602162024,   0.199,   0.160,9999.000,9999.000,9999.000,9999.000,9999.000,9999.000,9999.000
202602162030,   0.222,   0.150,9999.000,9999.000,9999.000,9999.000,9999.000,9999.000,9999.000
202602162036,   0.248,   0.121,9999.000,9999.000,9999.000,9999.000,9999.000,9999.000,9999.000
202602162042,   0.278,   0.121,9999.000,9999.000,9999.000,9999.000,9999.000,9999.000,9999.000
202602162048,   0.311,   0.121,9999.000,9999.000,9999.000,9999.000,9999.000,9999.000,9999.000
202602162054,   0.347,   0.121,9999.000,9999.000,9999.000,9999.000,9999.000,9999.000,9999.000
202602162100,   0.385,   0.131,   1.300,  -1.554,   0.131,   1.200,   0.031,   1.400,   0.231
202602162106,   0.426,   0.150,9999.000,9999.000,9999.000,9999.000,9999.000,9999.000,9999.000
202602162112,   0.470,   0.180,9999.000,9999.000,9999.000,9999.000,9999.000,9999.000,9999.000
202602162118,   0.515,   0.180,9999.000,9999.000,9999.000,9999.000,9999.000,9999.000,9999.000
202602162124,   0.563,   0.209,9999.000,9999.000,9999.000,9999.000,9999.000,9999.000,9999.000
202602162130,   0.613,   0.239,9999.000,9999.000,9999.000,9999.000,9999.000,9999.000,9999.000
202602162136,   0.664,   0.268,9999.000,9999.000,9999.000,9999.000,9999.000,9999.000,9999.000
202602162142,   0.716,   0.298,9999.000,9999.000,9999.000,9999.000,9999.000,9999.000,9999.000
202602162148,   0.770,   0.360,9999.000,9999.000,9999.000,9999.000,9999.000,9999.000,9999.000
202602162154,   0.825,   0.409,9999.000,9999.000,9999.000,9999.000,9999.000,9999.000,9999.000
202602162200,   0.880,   0.459,   1.300,  -1.721,   0.459,   1.200,   0.359,   1.400,   0.559
202602162206,   0.936,   0.508,9999.000,9999.000,9999.000,9999.000,9999.000,9999.000,9999.000
202602162212,   0.993,   0.560,9999.000,9999.000,9999.000,9999.000,9999.000,9999.000,9999.000
202602162218,   1.050,   0.600,9999.000,9999.000,9999.000,9999.000,9999.000,9999.000,9999.000
202602162224,   1.107,   0.629,9999.000,9999.000,9999.000,9999.000,9999.000,9999.000,9999.000
202602162230,   1.165,   0.678,9999.000,9999.000,9999.000,9999.000,9999.000,9999.000,9999.000
202602162236,   1.222,   0.718,9999.000,9999.000,9999.000,9999.000,9999.000,9999.000,9999.000
202602162242,   1.279,   0.780,9999.000,9999.000,9999.000,9999.000,9999.000,9999.000,9999.000
202602162248,   1.335,   0.800,9999.000,9999.000,9999.000,9999.000,9999.000,9999.000,9999.000
202602162254,   1.391,   0.869,9999.000,9999.000,9999.000,9999.000,9999.000,9999.000,9999.000
202602162300,   1.446,   0.908,   1.300,  -1.838,   0.908,   1.200,   0.808,   1.400,   1.008
202602162306,   1.501,   0.951,9999.000,9999.000,9999.000,9999.000,9999.000,9999.000,9999.000
202602162312,   1.554,   1.000,9999.000,9999.000,9999.000,9999.000,9999.000,9999.000,9999.000
202602162318,   1.607,   1.049,9999.000,9999.000,9999.000,9999.000,9999.000,9999.000,9999.000
202602162324,   1.657,   1.098,9999.000,9999.000,9999.000,9999.000,9999.000,9999.000,9999.000
202602162330,   1.707,   1.161,9999.000,9999.000,9999.000,9999.000,9999.000,9999.000,9999.000
202602162336,   1.754,   1.200,9999.000,9999.000,9999.000,9999.000,9999.000,9999.000,9999.000
202602162342,   1.800,   1.249,9999.000,9999.000,9999.000,9999.000,9999.000,9999.000,9999.000
202602162348,   1.844,   1.298,9999.000,9999.000,9999.000,9999.000,9999.000,9999.000,9999.000
202602162354,   1.885,   1.338,9999.000,9999.000,9999.000,9999.000,9999.000,9999.000,9999.000
202602170000,   1.923,   1.390,   1.200,  -1.733,   1.390,   1.100,   1.290,   1.300,   1.490
202602170006,   1.959,   1.439,9999.000,9999.000,9999.000,9999.000,9999.000,9999.000,9999.000
202602170012,   1.991,   1.479,9999.000,9999.000,9999.000,9999.000,9999.000,9999.000,9999.000
202602170018,   2.020,   1.528,9999.000,9999.000,9999.000,9999.000,9999.000,9999.000,9999.000
202602170024,   2.046,   1.571,9999.000,9999.000,9999.000,9999.000,9999.000,9999.000,9999.000
202602170030,   2.068,9999.000,9999.000,9999.000,9999.000,9999.000,9999.000,9999.000,9999.000
202602170036,   2.086,   1.659,9999.000,9999.000,9999.000,9999.000,9999.000,9999.000,9999.000
202602170042,   2.101,   1.699,9999.000,9999.000,9999.000,9999.000,9999.000,9999.000,9999.000
202602170048,   2.111,   1.738,9999.000,9999.000,9999.000,9999.000,9999.000,9999.000,9999.000
202602170054,   2.117,   1.781,9999.000,9999.000,9999.000,9999.000,9999.000,9999.000,9999.000
202602170100,   2.119,   1.820,   1.200,  -1.499,   1.820,   1.100,   1.720,   1.300,   1.920
202602170106,   2.118,   1.849,9999.000,9999.000,9999.000,9999.000,9999.000,9999.000,9999.000
202602170112,   2.112,   1.889,9999.000,9999.000,9999.000,9999.000,9999.000,9999.000,9999.000
202602170118,   2.102,   1.918,9999.000,9999.000,9999.000,9999.000,9999.000,9999.000,9999.000
202602170124,   2.089,   1.938,9999.000,9999.000,9999.000,9999.000,9999.000,9999.000,9999.000
202602170130,   2.072,   1.958,9999.000,9999.000,9999.000,9999.000,9999.000,9999.000,9999.000
202602170136,   2.051,   1.981,9999.000,9999.000,9999.000,9999.000,9999.000,9999.000,9999.000
202602170142,   2.027,   2.000,9999.000,9999.000,9999.000,9999.000,9999.000,9999.000,9999.000
202602170148,   2.001,   2.010,9999.000,9999.000,9999.000,9999.000,9999.000,9999.000,9999.000
202602170154,   1.971,   2.010,9999.000,9999.000,9999.000,9999.000,9999.000,9999.000,9999.000
202602170200,   1.940,   2.010,   1.100,  -1.030,   2.010,   1.000,   1.910,   1.200,   2.110
202602170206,   1.906,   2.000,9999.000,9999.000,9999.000,9999.000,9999.000,9999.000,9999.000
202602170212,   1.870,   1.990,9999.000,9999.000,9999.000,9999.000,9999.000,9999.000,9999.000
202602170218,   1.833,   1.958,9999.000,9999.000,9999.000,9999.000,9999.000,9999.000,9999.000
202602170224,   1.795,   1.938,9999.000,9999.000,9999.000,9999.000,9999.000,9999.000,9999.000
202602170230,   1.755,   1.899,9999.000,9999.000,9999.000,9999.000,9999.000,9999.000,9999.000
202602170236,   1.715,   1.869,9999.000,9999.000,9999.000,9999.000,9999.000,9999.000,9999.000
202602170242,   1.674,   1.820,9999.000,9999.000,9999.000,9999.000,9999.000,9999.000,9999.000
202602170248,   1.633,   1.781,9999.000,9999.000,9999.000,9999.000,9999.000,9999.000,9999.000
202602170254,   1.592,   1.728,9999.000,9999.000,9999.000,9999.000,9999.000,9999.000,9999.000
202602170300,   1.551,   1.679,   1.100,  -0.972,   1.679,   1.000,   1.579,   1.200,   1.779
202602170306,   1.510,   1.630,9999.000,9999.000,9999.000,9999.000,9999.000,9999.000,9999.000
202602170312,   1.468,   1.590,9999.000,9999.000,9999.000,9999.000,9999.000,9999.000,9999.000
202602170318,   1.428,   1.557,9999.000,9999.000,9999.000,9999.000,9999.000,9999.000,9999.000
202602170324,   1.387,   1.518,9999.000,9999.000,9999.000,9999.000,9999.000,9999.000,9999.000
202602170330,   1.347,   1.479,9999.000,9999.000,9999.000,9999.000,9999.000,9999.000,9999.000
202602170336,   1.307,   1.449,9999.000,9999.000,9999.000,9999.000,9999.000,9999.000,9999.000
202602170342,   1.267,   1.410,9999.000,9999.000,9999.000,9999.000,9999.000,9999.000,9999.000
202602170348,   1.228,   1.380,9999.000,9999.000,9999.000,9999.000,9999.000,9999.000,9999.000
202602170354,   1.188,   1.328,9999.000,9999.000,9999.000,9999.000,9999.000,9999.000,9999.000
202602170400,   1.149,   1.289,   1.100,  -0.960,   1.289,   1.000,   1.189,   1.100,   1.289
202602170406,   1.111,   1.249,9999.000,9999.000,9999.000,9999.000,9999.000,9999.000,9999.000
202602170412,   1.072,   1.210,9999.000,9999.000,9999.000,9999.000,9999.000,9999.000,9999.000
202602170418,   1.033,   1.170,9999.000,9999.000,9999.000,9999.000,9999.000,9999.000,9999.000
202602170424,   0.994,   1.118,9999.000,9999.000,9999.000,9999.000,9999.000,9999.000,9999.000
202602170430,   0.955,   1.079,9999.000,9999.000,9999.000,9999.000,9999.000,9999.000,9999.000
202602170436,   0.917,   1.029,9999.000,9999.000,9999.000,9999.000,9999.000,9999.000,9999.000
202602170442,   0.878,   0.980,9999.000,9999.000,9999.000,9999.000,9999.000,9999.000,9999.000
202602170448,   0.839,   0.928,9999.000,9999.000,9999.000,9999.000,9999.000,9999.000,9999.000
202602170454,   0.800,   0.879,9999.000,9999.000,9999.000,9999.000,9999.000,9999.000,9999.000
202602170500,   0.762,   0.829,   1.000,  -0.933,   0.829,   0.900,   0.729,   1.100,   0.929
202602170506,   0.723,   0.780,9999.000,9999.000,9999.000,9999.000,9999.000,9999.000,9999.000
202602170512,   0.685,   0.731,9999.000,9999.000,9999.000,9999.000,9999.000,9999.000,9999.000
202602170518,   0.647,   0.688,9999.000,9999.000,9999.000,9999.000,9999.000,9999.000,9999.000
202602170524,   0.609,   0.639,9999.000,9999.000,9999.000,9999.000,9999.000,9999.000,9999.000
202602170530,   0.571,   0.600,9999.000,9999.000,9999.000,9999.000,9999.000,9999.000,9999.000
202602170536,   0.534,   0.551,9999.000,9999.000,9999.000,9999.000,9999.000,9999.000,9999.000
202602170542,   0.497,   0.498,9999.000,9999.000,9999.000,9999.000,9999.000,9999.000,9999.000
202602170548,   0.461,   0.459,9999.000,9999.000,9999.000,9999.000,9999.000,9999.000,9999.000
202602170554,   0.426,   0.409,9999.000,9999.000,9999.000,9999.000,9999.000,9999.000,9999.000
202602170600,   0.391,   0.360,   1.000,  -1.031,   0.360,   0.900,   0.260,   1.100,   0.460
202602170606,   0.357,   0.321,9999.000,9999.000,9999.000,9999.000,9999.000,9999.000,9999.000
202602170612,   0.324,   0.268,9999.000,9999.000,9999.000,9999.000,9999.000,9999.000,9999.000
202602170618,   0.292,   0.219,9999.000,9999.000,9999.000,9999.000,9999.000,9999.000,9999.000
202602170624,   0.261,   0.180,9999.000,9999.000,9999.000,9999.000,9999.000,9999.000,9999.000
202602170630,   0.231,   0.141,9999.000,9999.000,9999.000,9999.000,9999.000,9999.000,9999.000
202602170636,   0.202,   0.088,9999.000,9999.000,9999.000,9999.000,9999.000,9999.000,9999.000
202602170642,   0.175,   0.049,9999.000,9999.000,9999.000,9999.000,9999.000,9999.000,9999.000
202602170648,   0.149,   0.000,9999.000,9999.000,9999.000,9999.000,9999.000,9999.000,9999.000
202602170654,   0.124,  -0.039,9999.000,9999.000,9999.000,9999.000,9999.000,9999.000,9999.000
202602170700,   0.101,  -0.078,   1.000,  -1.179,  -0.078,   0.900,  -0.178,   1.100,   0.022
202602170706,   0.080,  -0.121,9999.000,9999.000,9999.000,9999.000,9999.000,9999.000,9999.000
202602170712,   0.061,  -0.160,9999.000,9999.000,9999.000,9999.000,9999.000,9999.000,9999.000
202602170718,   0.044,  -0.200,9999.000,9999.000,9999.000,9999.000,9999.000,9999.000,9999.000
202602170724,   0.029,  -0.239,9999.000,9999.000,9999.000,9999.000,9999.000,9999.000,9999.000
202602170730,   0.016,  -0.278,9999.000,9999.000,9999.000,9999.000,9999.000,9999.000,9999.000
202602170736,   0.006,  -0.308,9999.000,9999.000,9999.000,9999.000,9999.000,9999.000,9999.000
202602170742,  -0.001,  -0.341,9999.000,9999.000,9999.000,9999.000,9999.000,9999.000,9999.000
202602170748,  -0.005,  -0.380,9999.000,9999.000,9999.000,9999.000,9999.000,9999.000,9999.000
202602170754,  -0.007,  -0.409,9999.000,9999.000,9999.000,9999.000,9999.000,9999.000,9999.000
202602170800,  -0.006,  -0.439,   0.900,  -1.333,  -0.439,   0.900,  -0.439,   1.000,  -0.339
202602170806,  -0.001,  -0.469,9999.000,9999.000,9999.000,9999.000,9999.000,9999.000,9999.000
202602170812,   0.006,  -0.498,9999.000,9999.000,9999.000,9999.000,9999.000,9999.000,9999.000
202602170818,   0.017,  -0.518,9999.000,9999.000,9999.000,9999.000,9999.000,9999.000,9999.000
202602170824,   0.032,  -0.541,9999.000,9999.000,9999.000,9999.000,9999.000,9999.000,9999.000
202602170830,   0.050,  -0.570,9999.000,9999.000,9999.000,9999.000,9999.000,9999.000,9999.000
202602170836,   0.072,  -0.580,9999.000,9999.000,9999.000,9999.000,9999.000,9999.000,9999.000
202602170842,   0.098,  -0.590,9999.000,9999.000,9999.000,9999.000,9999.000,9999.000,9999.000
202602170848,   0.127,  -0.600,9999.000,9999.000,9999.000,9999.000,9999.000,9999.000,9999.000
202602170854,   0.160,  -0.610,9999.000,9999.000,9999.000,9999.000,9999.000,9999.000,9999.000
202602170900,   0.196,  -0.600,   0.900,  -1.696,  -0.600,   0.800,  -0.700,   1.000,  -0.500
202602170906,   0.235,  -0.590,9999.000,9999.000,9999.000,9999.000,9999.000,9999.000,9999.000
202602170912,   0.278,  -0.560,9999.000,9999.000,9999.000,9999.000,9999.000,9999.000,9999.000
202602170918,   0.324,  -0.518,9999.000,9999.000,9999.000,9999.000,9999.000,9999.000,9999.000
202602170924,   0.373,  -0.469,9999.000,9999.000,9999.000,9999.000,9999.000,9999.000,9999.000
202602170930,   0.424,  -0.409,9999.000,9999.000,9999.000,9999.000,9999.000,9999.000,9999.000
202602170936,   0.479,  -0.350,9999.000,9999.000,9999.000,9999.000,9999.000,9999.000,9999.000
202602170942,   0.535,  -0.278,9999.000,9999.000,9999.000,9999.000,9999.000,9999.000,9999.000
202602170948,   0.593,  -0.229,9999.000,9999.000,9999.000,9999.000,9999.000,9999.000,9999.000
202602170954,   0.654,  -0.180,9999.000,9999.000,9999.000,9999.000,9999.000,9999.000,9999.000
202602171000,   0.716,  -0.131,   0.900,  -1.747,  -0.131,   0.800,  -0.231,   1.000,  -0.031
202602171006,   0.779,  -0.078,9999.000,9999.000,9999.000,9999.000,9999.000,9999.000,9999.000
202602171012,   0.844,  -0.039,9999.000,9999.000,9999.000,9999.000,9999.000,9999.000,9999.000
202602171018,   0.909,   0.000,9999.000,9999.000,9999.000,9999.000,9999.000,9999.000,9999.000
202602171024,   0.975,   0.039,9999.000,9999.000,9999.000,9999.000,9999.000,9999.000,9999.000
202602171030,   1.042,   0.078,9999.000,9999.000,9999.000,9999.000,9999.000,9999.000,9999.000
202602171036,   1.109,   0.131,9999.000,9999.000,9999.000,9999.000,9999.000,9999.000,9999.000
202602171042,   1.177,   0.180,9999.000,9999.000,9999.000,9999.000,9999.000,9999.000,9999.000
202602171048,   1.244,   0.229,9999.000,9999.000,9999.000,9999.000,9999.000,9999.000,9999.000
202602171054,   1.311,   0.298,9999.000,9999.000,9999.000,9999.000,9999.000,9999.000,9999.000
202602171100,   1.378,   0.360,   0.900,  -1.918,   0.360,   0.800,   0.260,   0.900,   0.360
202602171106,   1.444,   0.419,9999.000,9999.000,9999.000,9999.000,9999.000,9999.000,9999.000
202602171112,   1.509,   0.478,9999.000,9999.000,9999.000,9999.000,9999.000,9999.000,9999.000
202602171118,   1.574,   0.541,9999.000,9999.000,9999.000,9999.000,9999.000,9999.000,9999.000
202602171124,   1.638,   0.600,9999.000,9999.000,9999.000,9999.000,9999.000,9999.000,9999.000
202602171130,   1.700,   0.659,9999.000,9999.000,9999.000,9999.000,9999.000,9999.000,9999.000
202602171136,   1.761,   0.718,9999.000,9999.000,9999.000,9999.000,9999.000,9999.000,9999.000
202602171142,   1.821,   0.780,9999.000,9999.000,9999.000,9999.000,9999.000,9999.000,9999.000
202602171148,   1.879,   0.829,9999.000,9999.000,9999.000,9999.000,9999.000,9999.000,9999.000
202602171154,   1.935,   0.888,9999.000,9999.000,9999.000,9999.000,9999.000,9999.000,9999.000
202602171200,   1.989,   0.951,   0.900,  -1.938,   0.951,   0.800,   0.851,   0.900,   0.951
202602171206,   2.040,   1.000,9999.000,9999.000,9999.000,9999.000,9999.000,9999.000,9999.000
202602171212,   2.089,   1.059,9999.000,9999.000,9999.000,9999.000,9999.000,9999.000,9999.000
202602171218,   2.135,   1.118,9999.000,9999.000,9999.000,9999.000,9999.000,9999.000,9999.000
202602171224,   2.178,   1.180,9999.000,9999.000,9999.000,9999.000,9999.000,9999.000,9999.000
202602171230,   2.218,   1.239,9999.000,9999.000,9999.000,9999.000,9999.000,9999.000,9999.000
202602171236,   2.254,   1.298,9999.000,9999.000,9999.000,9999.000,9999.000,9999.000,9999.000
202602171242,   2.287,   1.348,9999.000,9999.000,9999.000,9999.000,9999.000,9999.000,9999.000
202602171248,   2.316,   1.420,9999.000,9999.000,9999.000,9999.000,9999.000,9999.000,9999.000
202602171254,   2.340,   1.469,9999.000,9999.000,9999.000,9999.000,9999.000,9999.000,9999.000
202602171300,   2.361,   1.518,   0.800,  -1.643,   1.518,   0.800,   1.518,   0.900,   1.618
202602171306,   2.377,   1.557,9999.000,9999.000,9999.000,9999.000,9999.000,9999.000,9999.000
202602171312,   2.389,   1.600,9999.000,9999.000,9999.000,9999.000,9999.000,9999.000,9999.000
202602171318,   2.397,   1.639,9999.000,9999.000,9999.000,9999.000,9999.000,9999.000,9999.000
202602171324,   2.400,   1.679,9999.000,9999.000,9999.000,9999.000,9999.000,9999.000,9999.000
202602171330,   2.399,   1.718,9999.000,9999.000,9999.000,9999.000,9999.000,9999.000,9999.000
202602171336,   2.393,   1.758,9999.000,9999.000,9999.000,9999.000,9999.000,9999.000,9999.000
202602171342,   2.384,   1.800,9999.000,9999.000,9999.000,9999.000,9999.000,9999.000,9999.000
202602171348,   2.370,   1.840,9999.000,9999.000,9999.000,9999.000,9999.000,9999.000,9999.000
202602171354,   2.352,   1.869,9999.000,9999.000,9999.000,9999.000,9999.000,9999.000,9999.000
202602171400,   2.331,   1.899,   0.800,  -1.232,   1.899,   0.800,   1.899,   0.800,   1.899
202602171406,   2.306,   1.928,9999.000,9999.000,9999.000,9999.000,9999.000,9999.000,9999.000
202602171412,   2.278,   1.958,9999.000,9999.000,9999.000,9999.000,9999.000,9999.000,9999.000
202602171418,   2.248,   2.000,9999.000,9999.000,9999.000,9999.000,9999.000,9999.000,9999.000
202602171424,   2.214,   2.010,9999.000,9999.000,9999.000,9999.000,9999.000,9999.000,9999.000
202602171430,   2.179,   2.030,9999.000,9999.000,9999.000,9999.000,9999.000,9999.000,9999.000
202602171436,   2.141,   2.040,9999.000,9999.000,9999.000,9999.000,9999.000,9999.000,9999.000
202602171442,   2.102,   2.049,9999.000,9999.000,9999.000,9999.000,9999.000,9999.000,9999.000
202602171448,   2.061,   2.040,9999.000,9999.000,9999.000,9999.000,9999.000,9999.000,9999.000
202602171454,   2.019,   2.010,9999.000,9999.000,9999.000,9999.000,9999.000,9999.000,9999.000
202602171500,   1.977,   1.981,   0.700,  -0.696,   1.981,   0.700,   1.981,   0.800,   2.081
202602171506,   1.933,   1.928,9999.000,9999.000,9999.000,9999.000,9999.000,9999.000,9999.000
202602171512,   1.890,   1.869,9999.000,9999.000,9999.000,9999.000,9999.000,9999.000,9999.000
202602171518,   1.846,   1.810,9999.000,9999.000,9999.000,9999.000,9999.000,9999.000,9999.000
202602171524,   1.802,   1.738,9999.000,9999.000,9999.000,9999.000,9999.000,9999.000,9999.000
202602171530,   1.758,   1.669,9999.000,9999.000,9999.000,9999.000,9999.000,9999.000,9999.000
202602171536,   1.714,   1.610,9999.000,9999.000,9999.000,9999.000,9999.000,9999.000,9999.000
202602171542,   1.671,   1.548,9999.000,9999.000,9999.000,9999.000,9999.000,9999.000,9999.000
202602171548,   1.628,   1.498,9999.000,9999.000,9999.000,9999.000,9999.000,9999.000,9999.000
202602171554,   1.585,   1.449,9999.000,9999.000,9999.000,9999.000,9999.000,9999.000,9999.000
202602171600,   1.542,   1.400,   0.700,  -0.842,   1.400,   0.700,   1.400,   0.700,   1.400
202602171606,   1.500,   1.371,9999.000,9999.000,9999.000,9999.000,9999.000,9999.000,9999.000
202602171612,   1.458,   1.338,9999.000,9999.000,9999.000,9999.000,9999.000,9999.000,9999.000
202602171618,   1.417,   1.298,9999.000,9999.000,9999.000,9999.000,9999.000,9999.000,9999.000
202602171624,   1.375,   1.259,9999.000,9999.000,9999.000,9999.000,9999.000,9999.000,9999.000
202602171630,   1.334,   1.220,9999.000,9999.000,9999.000,9999.000,9999.000,9999.000,9999.000
202602171636,   1.292,   1.170,9999.000,9999.000,9999.000,9999.000,9999.000,9999.000,9999.000
202602171642,   1.251,   1.118,9999.000,9999.000,9999.000,9999.000,9999.000,9999.000,9999.000
202602171648,   1.210,   1.049,9999.000,9999.000,9999.000,9999.000,9999.000,9999.000,9999.000
202602171654,   1.168,   0.990,9999.000,9999.000,9999.000,9999.000,9999.000,9999.000,9999.000
202602171700,   1.127,   0.941,   0.700,  -0.886,   0.941,   0.600,   0.841,   0.700,   0.941
202602171706,   1.085,   0.879,9999.000,9999.000,9999.000,9999.000,9999.000,9999.000,9999.000
202602171712,   1.044,   0.829,9999.000,9999.000,9999.000,9999.000,9999.000,9999.000,9999.000
202602171718,   1.002,   0.790,9999.000,9999.000,9999.000,9999.000,9999.000,9999.000,9999.000
202602171724,   0.960,   0.731,9999.000,9999.000,9999.000,9999.000,9999.000,9999.000,9999.000
202602171730,   0.918,   0.669,9999.000,9999.000,9999.000,9999.000,9999.000,9999.000,9999.000
202602171736,   0.877,   0.619,9999.000,9999.000,9999.000,9999.000,9999.000,9999.000,9999.000
202602171742,   0.835,   0.570,9999.000,9999.000,9999.000,9999.000,9999.000,9999.000,9999.000
202602171748,   0.793,   0.518,9999.000,9999.000,9999.000,9999.000,9999.000,9999.000,9999.000
202602171754,   0.752,   0.469,9999.000,9999.000,9999.000,9999.000,9999.000,9999.000,9999.000
202602171800,   0.711,   0.419,   0.700,  -0.992,   0.419,   0.700,   0.419,   0.800,   0.519
202602171806,   0.670,   0.360,9999.000,9999.000,9999.000,9999.000,9999.000,9999.000,9999.000
202602171812,   0.629,   0.308,9999.000,9999.000,9999.000,9999.000,9999.000,9999.000,9999.000
202602171818,   0.589,   0.259,9999.000,9999.000,9999.000,9999.000,9999.000,9999.000,9999.000
202602171824,   0.549,   0.209,9999.000,9999.000,9999.000,9999.000,9999.000,9999.000,9999.000
202602171830,   0.510,   0.160,9999.000,9999.000,9999.000,9999.000,9999.000,9999.000,9999.000
202602171836,   0.472,   0.111,9999.000,9999.000,9999.000,9999.000,9999.000,9999.000,9999.000
202602171842,   0.434,   0.068,9999.000,9999.000,9999.000,9999.000,9999.000,9999.000,9999.000
202602171848,   0.397,   0.019,9999.000,9999.000,9999.000,9999.000,9999.000,9999.000,9999.000
202602171854,   0.361,  -0.039,9999.000,9999.000,9999.000,9999.000,9999.000,9999.000,9999.000
202602171900,   0.327,  -0.078,   0.700,  -1.105,  -0.078,   0.600,  -0.178,   0.700,  -0.078
202602171906,   0.293,  -0.121,9999.000,9999.000,9999.000,9999.000,9999.000,9999.000,9999.000
202602171912,   0.260,  -0.160,9999.000,9999.000,9999.000,9999.000,9999.000,9999.000,9999.000
202602171918,   0.229,  -0.200,9999.000,9999.000,9999.000,9999.000,9999.000,9999.000,9999.000
202602171924,   0.200,  -0.259,9999.000,9999.000,9999.000,9999.000,9999.000,9999.000,9999.000
202602171930,   0.172,  -0.278,9999.000,9999.000,9999.000,9999.000,9999.000,9999.000,9999.000
202602171936,   0.145,  -0.321,9999.000,9999.000,9999.000,9999.000,9999.000,9999.000,9999.000
202602171942,   0.121,  -0.360,9999.000,9999.000,9999.000,9999.000,9999.000,9999.000,9999.000
202602171948,   0.099,  -0.400,9999.000,9999.000,9999.000,9999.000,9999.000,9999.000,9999.000
202602171954,   0.079,  -0.439,9999.000,9999.000,9999.000,9999.000,9999.000,9999.000,9999.000
202602172000,   0.061,  -0.469,   0.700,  -1.230,  -0.469,   0.600,  -0.569,   0.700,  -0.469
202602172006,   0.047,  -0.498,9999.000,9999.000,9999.000,9999.000,9999.000,9999.000,9999.000
202602172012,   0.034,  -0.551,9999.000,9999.000,9999.000,9999.000,9999.000,9999.000,9999.000
202602172018,   0.025,  -0.570,9999.000,9999.000,9999.000,9999.000,9999.000,9999.000,9999.000
202602172024,   0.019,  -0.600,9999.000,9999.000,9999.000,9999.000,9999.000,9999.000,9999.000
202602172030,   0.017,  -0.639,9999.000,9999.000,9999.000,9999.000,9999.000,9999.000,9999.000
202602172036,   0.017,  -0.669,9999.000,9999.000,9999.000,9999.000,9999.000,9999.000,9999.000
202602172042,   0.022,  -0.698,9999.000,9999.000,9999.000,9999.000,9999.000,9999.000,9999.000
202602172048,   0.030,  -0.731,9999.000,9999.000,9999.000,9999.000,9999.000,9999.000,9999.000
202602172054,   0.041,  -0.751,9999.000,9999.000,9999.000,9999.000,9999.000,9999.000,9999.000
202602172100,   0.057,  -0.770,   0.700,  -1.527,  -0.770,   0.600,  -0.870,   0.700,  -0.770
202602172106,   0.076,  -0.790,9999.000,9999.000,9999.000,9999.000,9999.000,9999.000,9999.000
202602172112,   0.099,  -0.810,9999.000,9999.000,9999.000,9999.000,9999.000,9999.000,9999.000
202602172118,   0.126,  -0.819,9999.000,9999.000,9999.000,9999.000,9999.000,9999.000,9999.000
202602172124,   0.157,  -0.829,9999.000,9999.000,9999.000,9999.000,9999.000,9999.000,9999.000
202602172130,   0.191,  -0.829,9999.000,9999.000,9999.000,9999.000,9999.000,9999.000,9999.000
202602172136,   0.229,  -0.829,9999.000,9999.000,9999.000,9999.000,9999.000,9999.000,9999.000
202602172142,   0.270,  -0.819,9999.000,9999.000,9999.000,9999.000,9999.000,9999.000,9999.000
202602172148,   0.315,  -0.790,9999.000,9999.000,9999.000,9999.000,9999.000,9999.000,9999.000
202602172154,   0.362,  -0.741,9999.000,9999.000,9999.000,9999.000,9999.000,9999.000,9999.000
202602172200,   0.412,  -0.688,   0.700,  -1.800,  -0.688,   0.600,  -0.788,   0.700,  -0.688
202602172206,   0.465,  -0.619,9999.000,9999.000,9999.000,9999.000,9999.000,9999.000,9999.000
202602172212,   0.521,  -0.560,9999.000,9999.000,9999.000,9999.000,9999.000,9999.000,9999.000
202602172218,   0.579,  -0.498,9999.000,9999.000,9999.000,9999.000,9999.000,9999.000,9999.000
202602172224,   0.638,  -0.439,9999.000,9999.000,9999.000,9999.000,9999.000,9999.000,9999.000
202602172230,   0.700,  -0.390,9999.000,9999.000,9999.000,9999.000,9999.000,9999.000,9999.000
202602172236,   0.762,  -0.341,9999.000,9999.000,9999.000,9999.000,9999.000,9999.000,9999.000
202602172242,   0.827,  -0.298,9999.000,9999.000,9999.000,9999.000,9999.000,9999.000,9999.000
202602172248,   0.892,  -0.259,9999.000,9999.000,9999.000,9999.000,9999.000,9999.000,9999.000
202602172254,   0.958,  -0.219,9999.000,9999.000,9999.000,9999.000,9999.000,9999.000,9999.000
202602172300,   1.024,  -0.180,   0.600,  -1.804,  -0.180,   0.600,  -0.180,   0.700,  -0.080
202602172306,   1.091,  -0.131,9999.000,9999.000,9999.000,9999.000,9999.000,9999.000,9999.000
202602172312,   1.158,  -0.078,9999.000,9999.000,9999.000,9999.000,9999.000,9999.000,9999.000
202602172318,   1.225,  -0.019,9999.000,9999.000,9999.000,9999.000,9999.000,9999.000,9999.000
202602172324,   1.292,   0.029,9999.000,9999.000,9999.000,9999.000,9999.000,9999.000,9999.000
202602172330,   1.359,   0.098,9999.000,9999.000,9999.000,9999.000,9999.000,9999.000,9999.000
202602172336,   1.425,   0.160,9999.000,9999.000,9999.000,9999.000,9999.000,9999.000,9999.000
202602172342,   1.490,   0.219,9999.000,9999.000,9999.000,9999.000,9999.000,9999.000,9999.000
202602172348,   1.555,   0.278,9999.000,9999.000,9999.000,9999.000,9999.000,9999.000,9999.000
202602172354,   1.618,   0.341,9999.000,9999.000,9999.000,9999.000,9999.000,9999.000,9999.000
202602180000,   1.680,   0.400,   0.600,  -1.880,   0.400,   0.600,   0.400,   0.700,   0.500
202602180006,   1.741,   0.459,9999.000,9999.000,9999.000,9999.000,9999.000,9999.000,9999.000
202602180012,   1.800,   0.508,9999.000,9999.000,9999.000,9999.000,9999.000,9999.000,9999.000
202602180018,   1.857,   0.570,9999.000,9999.000,9999.000,9999.000,9999.000,9999.000,9999.000
202602180024,   1.911,   0.629,9999.000,9999.000,9999.000,9999.000,9999.000,9999.000,9999.000
202602180030,   1.964,   0.688,9999.000,9999.000,9999.000,9999.000,9999.000,9999.000,9999.000
202602180036,   2.014,   0.751,9999.000,9999.000,9999.000,9999.000,9999.000,9999.000,9999.000
202602180042,   2.060,   0.810,9999.000,9999.000,9999.000,9999.000,9999.000,9999.000,9999.000
202602180048,   2.104,   0.859,9999.000,9999.000,9999.000,9999.000,9999.000,9999.000,9999.000
202602180054,   2.145,   0.918,9999.000,9999.000,9999.000,9999.000,9999.000,9999.000,9999.000
202602180100,   2.181,   0.970,   0.600,  -1.811,   0.970,   0.600,   0.970,   0.700,   1.070
202602180106,   2.215,   1.020,9999.000,9999.000,9999.000,9999.000,9999.000,9999.000,9999.000
202602180112,   2.244,   1.079,9999.000,9999.000,9999.000,9999.000,9999.000,9999.000,9999.000
202602180118,   2.269,   1.128,9999.000,9999.000,9999.000,9999.000,9999.000,9999.000,9999.000
202602180124,   2.289,   1.180,9999.000,9999.000,9999.000,9999.000,9999.000,9999.000,9999.000
202602180130,   2.305,   1.229,9999.000,9999.000,9999.000,9999.000,9999.000,9999.000,9999.000
202602180136,   2.317,   1.269,9999.000,9999.000,9999.000,9999.000,9999.000,9999.000,9999.000
202602180142,   2.324,   1.318,9999.000,9999.000,9999.000,9999.000,9999.000,9999.000,9999.000
202602180148,   2.326,   1.361,9999.000,9999.000,9999.000,9999.000,9999.000,9999.000,9999.000
202602180154,   2.324,   1.400,9999.000,9999.000,9999.000,9999.000,9999.000,9999.000,9999.000
202602180200,   2.318,   1.430,   0.600,  -1.488,   1.430,   0.600,   1.430,   0.700,   1.530
202602180206,   2.307,   1.459,9999.000,9999.000,9999.000,9999.000,9999.000,9999.000,9999.000
202602180212,   2.291,   1.489,9999.000,9999.000,9999.000,9999.000,9999.000,9999.000,9999.000
202602180218,   2.272,   1.508,9999.000,9999.000,9999.000,9999.000,9999.000,9999.000,9999.000
202602180224,   2.248,   1.528,9999.000,9999.000,9999.000,9999.000,9999.000,9999.000,9999.000
202602180230,   2.222,   1.548,9999.000,9999.000,9999.000,9999.000,9999.000,9999.000,9999.000
202602180236,   2.191,   1.557,9999.000,9999.000,9999.000,9999.000,9999.000,9999.000,9999.000
202602180242,   2.158,   1.557,9999.000,9999.000,9999.000,9999.000,9999.000,9999.000,9999.000
202602180248,   2.122,   1.548,9999.000,9999.000,9999.000,9999.000,9999.000,9999.000,9999.000
202602180254,   2.083,   1.538,9999.000,9999.000,9999.000,9999.000,9999.000,9999.000,9999.000
202602180300,   2.042,   1.518,   0.600,  -1.124,   1.518,   0.500,   1.418,   0.600,   1.518
202602180306,   2.000,   1.498,9999.000,9999.000,9999.000,9999.000,9999.000,9999.000,9999.000
202602180312,   1.956,   1.459,9999.000,9999.000,9999.000,9999.000,9999.000,9999.000,9999.000
202602180318,   1.910,   1.420,9999.000,9999.000,9999.000,9999.000,9999.000,9999.000,9999.000
202602180324,   1.864,   1.380,9999.000,9999.000,9999.000,9999.000,9999.000,9999.000,9999.000
202602180330,   1.817,   1.318,9999.000,9999.000,9999.000,9999.000,9999.000,9999.000,9999.000
202602180336,   1.770,   1.269,9999.000,9999.000,9999.000,9999.000,9999.000,9999.000,9999.000
202602180342,   1.722,   1.220,9999.000,9999.000,9999.000,9999.000,9999.000,9999.000,9999.000
202602180348,   1.674,   1.161,9999.000,9999.000,9999.000,9999.000,9999.000,9999.000,9999.000
202602180354,   1.627,   1.118,9999.000,9999.000,9999.000,9999.000,9999.000,9999.000,9999.000
202602180400,   1.579,   1.069,   0.500,  -1.010,   1.069,   0.500,   1.069,   0.600,   1.169
202602180406,   1.532,   1.029,9999.000,9999.000,9999.000,9999.000,9999.000,9999.000,9999.000
202602180412,   1.486,   0.990,9999.000,9999.000,9999.000,9999.000,9999.000,9999.000,9999.000
202602180418,   1.439,   0.961,9999.000,9999.000,9999.000,9999.000,9999.000,9999.000,9999.000
202602180424,   1.393,   0.918,9999.000,9999.000,9999.000,9999.000,9999.000,9999.000,9999.000
202602180430,   1.348,   0.888,9999.000,9999.000,9999.000,9999.000,9999.000,9999.000,9999.000
202602180436,   1.303,   0.849,9999.000,9999.000,9999.000,9999.000,9999.000,9999.000,9999.000
202602180442,   1.258,   0.819,9999.000,9999.000,9999.000,9999.000,9999.000,9999.000,9999.000
202602180448,   1.213,   0.770,9999.000,9999.000,9999.000,9999.000,9999.000,9999.000,9999.000
202602180454,   1.169,   0.731,9999.000,9999.000,9999.000,9999.000,9999.000,9999.000,9999.000
202602180500,   1.126,   0.688,   0.500,  -0.938,   0.688,   0.400,   0.588,   0.600,   0.788
202602180506,   1.082,   0.639,9999.000,9999.000,9999.000,9999.000,9999.000,9999.000,9999.000
202602180512,   1.038,   0.600,9999.000,9999.000,9999.000,9999.000,9999.000,9999.000,9999.000
202602180518,   0.995,   0.551,9999.000,9999.000,9999.000,9999.000,9999.000,9999.000,9999.000
202602180524,   0.952,   0.498,9999.000,9999.000,9999.000,9999.000,9999.000,9999.000,9999.000
202602180530,   0.909,   0.449,9999.000,9999.000,9999.000,9999.000,9999.000,9999.000,9999.000
202602180536,   0.866,   0.409,9999.000,9999.000,9999.000,9999.000,9999.000,9999.000,9999.000
202602180542,   0.823,   0.360,9999.000,9999.000,9999.000,9999.000,9999.000,9999.000,9999.000
202602180548,   0.780,   0.308,9999.000,9999.000,9999.000,9999.000,9999.000,9999.000,9999.000
202602180554,   0.738,   0.268,9999.000,9999.000,9999.000,9999.000,9999.000,9999.000,9999.000
202602180600,   0.695,   0.219,   0.500,  -0.976,   0.219,   0.500,   0.219,   0.600,   0.319
202602180606,   0.653,   0.180,9999.000,9999.000,9999.000,9999.000,9999.000,9999.000,9999.000
202602180612,   0.611,   0.131,9999.000,9999.000,9999.000,9999.000,9999.000,9999.000,9999.000
202602180618,   0.570,   0.088,9999.000,9999.000,9999.000,9999.000,9999.000,9999.000,9999.000
202602180624,   0.529,   0.039,9999.000,9999.000,9999.000,9999.000,9999.000,9999.000,9999.000
202602180630,   0.489,   0.000,9999.000,9999.000,9999.000,9999.000,9999.000,9999.000,9999.000
202602180636,   0.449,  -0.049,9999.000,9999.000,9999.000,9999.000,9999.000,9999.000,9999.000
202602180642,   0.409,  -0.088,9999.000,9999.000,9999.000,9999.000,9999.000,9999.000,9999.000
202602180648,   0.371,  -0.141,9999.000,9999.000,9999.000,9999.000,9999.000,9999.000,9999.000
202602180654,   0.333,  -0.180,9999.000,9999.000,9999.000,9999.000,9999.000,9999.000,9999.000
202602180700,   0.296,  -0.219,   0.500,  -1.015,  -0.219,   0.500,  -0.219,   0.600,  -0.119
202602180706,   0.260,  -0.268,9999.000,9999.000,9999.000,9999.000,9999.000,9999.000,9999.000
202602180712,   0.226,  -0.308,9999.000,9999.000,9999.000,9999.000,9999.000,9999.000,9999.000
202602180718,   0.192,  -0.350,9999.000,9999.000,9999.000,9999.000,9999.000,9999.000,9999.000
202602180724,   0.159,  -0.390,9999.000,9999.000,9999.000,9999.000,9999.000,9999.000,9999.000
202602180730,   0.128,  -0.429,9999.000,9999.000,9999.000,9999.000,9999.000,9999.000,9999.000
202602180736,   0.098,  -0.469,9999.000,9999.000,9999.000,9999.000,9999.000,9999.000,9999.000
202602180742,   0.070,  -0.508,9999.000,9999.000,9999.000,9999.000,9999.000,9999.000,9999.000
202602180748,   0.044,  -0.541,9999.000,9999.000,9999.000,9999.000,9999.000,9999.000,9999.000
202602180754,   0.019,  -0.580,9999.000,9999.000,9999.000,9999.000,9999.000,9999.000,9999.000
202602180800,  -0.003,  -0.619,   0.500,  -1.116,  -0.619,   0.500,  -0.619,   0.500,  -0.619
202602180806,  -0.023,  -0.659,9999.000,9999.000,9999.000,9999.000,9999.000,9999.000,9999.000
202602180812,  -0.042,  -0.688,9999.000,9999.000,9999.000,9999.000,9999.000,9999.000,9999.000
202602180818,  -0.058,  -0.718,9999.000,9999.000,9999.000,9999.000,9999.000,9999.000,9999.000
202602180824,  -0.071,  -0.760,9999.000,9999.000,9999.000,9999.000,9999.000,9999.000,9999.000
202602180830,  -0.082,  -0.790,9999.000,9999.000,9999.000,9999.000,9999.000,9999.000,9999.000
202602180836,  -0.089,  -0.819,9999.000,9999.000,9999.000,9999.000,9999.000,9999.000,9999.000
202602180842,  -0.094,  -0.849,9999.000,9999.000,9999.000,9999.000,9999.000,9999.000,9999.000
202602180848,  -0.095,  -0.869,9999.000,9999.000,9999.000,9999.000,9999.000,9999.000,9999.000
202602180854,  -0.093,  -0.898,9999.000,9999.000,9999.000,9999.000,9999.000,9999.000,9999.000
202602180900,  -0.087,  -0.918,   0.500,  -1.331,  -0.918,   0.400,  -1.018,   0.500,  -0.918
202602180906,  -0.078,  -0.941,9999.000,9999.000,9999.000,9999.000,9999.000,9999.000,9999.000
202602180912,  -0.064,  -0.961,9999.000,9999.000,9999.000,9999.000,9999.000,9999.000,9999.000
202602180918,  -0.047,  -0.980,9999.000,9999.000,9999.000,9999.000,9999.000,9999.000,9999.000
202602180924,  -0.026,  -1.000,9999.000,9999.000,9999.000,9999.000,9999.000,9999.000,9999.000
202602180930,  -0.001,  -1.010,9999.000,9999.000,9999.000,9999.000,9999.000,9999.000,9999.000
202602180936,   0.026,  -1.020,9999.000,9999.000,9999.000,9999.000,9999.000,9999.000,9999.000
202602180942,   0.059,  -1.020,9999.000,9999.000,9999.000,9999.000,9999.000,9999.000,9999.000
202602180948,   0.096,  -1.010,9999.000,9999.000,9999.000,9999.000,9999.000,9999.000,9999.000
202602180954,   0.136,  -0.990,9999.000,9999.000,9999.000,9999.000,9999.000,9999.000,9999.000
202602181000,   0.180,  -0.951,   0.400,  -1.531,  -0.951,   0.400,  -0.951,   0.500,  -0.851
202602181006,   0.227,  -0.898,9999.000,9999.000,9999.000,9999.000,9999.000,9999.000,9999.000
202602181012,   0.278,  -0.839,9999.000,9999.000,9999.000,9999.000,9999.000,9999.000,9999.000
202602181018,   0.332,  -0.780,9999.000,9999.000,9999.000,9999.000,9999.000,9999.000,9999.000
202602181024,   0.389,  -0.718,9999.000,9999.000,9999.000,9999.000,9999.000,9999.000,9999.000
202602181030,   0.448,  -0.659,9999.000,9999.000,9999.000,9999.000,9999.000,9999.000,9999.000
202602181036,   0.510,  -0.610,9999.000,9999.000,9999.000,9999.000,9999.000,9999.000,9999.000
202602181042,   0.574,  -0.560,9999.000,9999.000,9999.000,9999.000,9999.000,9999.000,9999.000
202602181048,   0.640,  -0.518,9999.000,9999.000,9999.000,9999.000,9999.000,9999.000,9999.000
202602181054,   0.707,  -0.478,9999.000,9999.000,9999.000,9999.000,9999.000,9999.000,9999.000
202602181100,   0.776,  -0.439,   0.400,  -1.615,  -0.439,   0.300,  -0.539,   0.500,  -0.339
202602181106,   0.847,  -0.400,9999.000,9999.000,9999.000,9999.000,9999.000,9999.000,9999.000
202602181112,   0.918,  -0.360,9999.000,9999.000,9999.000,9999.000,9999.000,9999.000,9999.000
202602181118,   0.990,  -0.321,9999.000,9999.000,9999.000,9999.000,9999.000,9999.000,9999.000
202602181124,   1.062,  -0.268,9999.000,9999.000,9999.000,9999.000,9999.000,9999.000,9999.000
202602181130,   1.135,  -0.219,9999.000,9999.000,9999.000,9999.000,9999.000,9999.000,9999.000
202602181136,   1.207,  -0.170,9999.000,9999.000,9999.000,9999.000,9999.000,9999.000,9999.000
202602181142,   1.280,  -0.111,9999.000,9999.000,9999.000,9999.000,9999.000,9999.000,9999.000
202602181148,   1.352,  -0.059,9999.000,9999.000,9999.000,9999.000,9999.000,9999.000,9999.000
202602181154,   1.424,   0.009,9999.000,9999.000,9999.000,9999.000,9999.000,9999.000,9999.000
202602181200,   1.495,   0.059,   0.400,  -1.836,   0.059,   0.400,   0.059,   0.400,   0.059
202602181206,   1.565,   0.131,9999.000,9999.000,9999.000,9999.000,9999.000,9999.000,9999.000
202602181212,   1.633,   0.190,9999.000,9999.000,9999.000,9999.000,9999.000,9999.000,9999.000
202602181218,   1.701,   0.249,9999.000,9999.000,9999.000,9999.000,9999.000,9999.000,9999.000
202602181224,   1.767,   0.308,9999.000,9999.000,9999.000,9999.000,9999.000,9999.000,9999.000
202602181230,   1.831,   0.380,9999.000,9999.000,9999.000,9999.000,9999.000,9999.000,9999.000
202602181236,   1.894,   0.439,9999.000,9999.000,9999.000,9999.000,9999.000,9999.000,9999.000
202602181242,   1.954,   0.498,9999.000,9999.000,9999.000,9999.000,9999.000,9999.000,9999.000
202602181248,   2.012,   0.570,9999.000,9999.000,9999.000,9999.000,9999.000,9999.000,9999.000
202602181254,   2.067,   0.629,9999.000,9999.000,9999.000,9999.000,9999.000,9999.000,9999.000
202602181300,   2.119,   0.678,   0.400,  -1.841,   0.678,   0.300,   0.578,   0.400,   0.678
202602181306,   2.168,   0.741,9999.000,9999.000,9999.000,9999.000,9999.000,9999.000,9999.000
202602181312,   2.214,   0.800,9999.000,9999.000,9999.000,9999.000,9999.000,9999.000,9999.000
202602181318,   2.257,   0.859,9999.000,9999.000,9999.000,9999.000,9999.000,9999.000,9999.000
202602181324,   2.296,   0.918,9999.000,9999.000,9999.000,9999.000,9999.000,9999.000,9999.000
202602181330,   2.330,   0.970,9999.000,9999.000,9999.000,9999.000,9999.000,9999.000,9999.000
202602181336,   2.361,   1.029,9999.000,9999.000,9999.000,9999.000,9999.000,9999.000,9999.000
202602181342,   2.387,   1.079,9999.000,9999.000,9999.000,9999.000,9999.000,9999.000,9999.000
202602181348,   2.409,   1.138,9999.000,9999.000,9999.000,9999.000,9999.000,9999.000,9999.000
202602181354,   2.426,   1.190,9999.000,9999.000,9999.000,9999.000,9999.000,9999.000,9999.000
202602181400,   2.438,   1.239,   0.400,  -1.599,   1.239,   0.300,   1.139,   0.400,   1.239
202602181406,   2.446,   1.289,9999.000,9999.000,9999.000,9999.000,9999.000,9999.000,9999.000
202602181412,   2.449,   1.338,9999.000,9999.000,9999.000,9999.000,9999.000,9999.000,9999.000
202602181418,   2.447,   1.371,9999.000,9999.000,9999.000,9999.000,9999.000,9999.000,9999.000
202602181424,   2.441,   1.410,9999.000,9999.000,9999.000,9999.000,9999.000,9999.000,9999.000
202602181430,   2.430,   1.439,9999.000,9999.000,9999.000,9999.000,9999.000,9999.000,9999.000
202602181436,   2.414,   1.479,9999.000,9999.000,9999.000,9999.000,9999.000,9999.000,9999.000
202602181442,   2.395,   1.498,9999.000,9999.000,9999.000,9999.000,9999.000,9999.000,9999.000
202602181448,   2.371,   1.518,9999.000,9999.000,9999.000,9999.000,9999.000,9999.000,9999.000
202602181454,   2.344,9999.000,9999.000,9999.000,9999.000,9999.000,9999.000,9999.000,9999.000
202602181500,   2.313,9999.000,   0.300,9999.000,   2.613,   0.300,   2.613,   0.400,   2.713
202602181506,   2.280,9999.000,9999.000,9999.000,9999.000,9999.000,9999.000,9999.000,9999.000
202602181512,   2.243,9999.000,9999.000,9999.000,9999.000,9999.000,9999.000,9999.000,9999.000
202602181518,   2.204,9999.000,9999.000,9999.000,9999.000,9999.000,9999.000,9999.000,9999.000
202602181524,   2.162,9999.000,9999.000,9999.000,9999.000,9999.000,9999.000,9999.000,9999.000
202602181530,   2.119,   1.580,9999.000,9999.000,9999.000,9999.000,9999.000,9999.000,9999.000
202602181536,   2.074,   1.548,9999.000,9999.000,9999.000,9999.000,9999.000,9999.000,9999.000
202602181542,   2.028,   1.518,9999.000,9999.000,9999.000,9999.000,9999.000,9999.000,9999.000
202602181548,   1.981,   1.469,9999.000,9999.000,9999.000,9999.000,9999.000,9999.000,9999.000
202602181554,   1.934,   1.400,9999.000,9999.000,9999.000,9999.000,9999.000,9999.000,9999.000
202602181600,   1.886,   1.328,   0.300,  -0.858,   1.328,   0.200,   1.228,   0.300,   1.328
202602181606,   1.837,   1.259,9999.000,9999.000,9999.000,9999.000,9999.000,9999.000,9999.000
202602181612,   1.789,   1.190,9999.000,9999.000,9999.000,9999.000,9999.000,9999.000,9999.000
202602181618,   1.741,   1.128,9999.000,9999.000,9999.000,9999.000,9999.000,9999.000,9999.000
202602181624,   1.693,   1.059,9999.000,9999.000,9999.000,9999.000,9999.000,9999.000,9999.000
202602181630,   1.645,   1.010,9999.000,9999.000,9999.000,9999.000,9999.000,9999.000,9999.000
202602181636,   1.598,   0.970,9999.000,9999.000,9999.000,9999.000,9999.000,9999.000,9999.000
202602181642,   1.551,   0.941,9999.000,9999.000,9999.000,9999.000,9999.000,9999.000,9999.000
202602181648,   1.504,   0.918,9999.000,9999.000,9999.000,9999.000,9999.000,9999.000,9999.000
202602181654,   1.458,   0.869,9999.000,9999.000,9999.000,9999.000,9999.000,9999.000,9999.000
202602181700,   1.413,   0.829,   0.200,  -0.784,   0.829,   0.100,   0.729,   0.300,   0.929
202602181706,   1.368,   0.800,9999.000,9999.000,9999.000,9999.000,9999.000,9999.000,9999.000
202602181712,   1.323,   0.760,9999.000,9999.000,9999.000,9999.000,9999.000,9999.000,9999.000
202602181718,   1.278,   0.731,9999.000,9999.000,9999.000,9999.000,9999.000,9999.000,9999.000
202602181724,   1.234,   0.688,9999.000,9999.000,9999.000,9999.000,9999.000,9999.000,9999.000
202602181730,   1.190,   0.629,9999.000,9999.000,9999.000,9999.000,9999.000,9999.000,9999.000
202602181736,   1.146,   0.580,9999.000,9999.000,9999.000,9999.000,9999.000,9999.000,9999.000
202602181742,   1.102,   0.508,9999.000,9999.000,9999.000,9999.000,9999.000,9999.000,9999.000
202602181748,   1.059,   0.449,9999.000,9999.000,9999.000,9999.000,9999.000,9999.000,9999.000
202602181754,   1.015,   0.409,9999.000,9999.000,9999.000,9999.000,9999.000,9999.000,9999.000
202602181800,   0.971,   0.360,   0.300,  -0.911,   0.360,   0.200,   0.260,   0.400,   0.460
202602181806,   0.928,   0.321,9999.000,9999.000,9999.000,9999.000,9999.000,9999.000,9999.000
202602181812,   0.884,   0.259,9999.000,9999.000,9999.000,9999.000,9999.000,9999.000,9999.000
202602181818,   0.840,9999.000,9999.000,9999.000,9999.000,9999.000,9999.000,9999.000,9999.000
202602181824,   0.797,   0.160,9999.000,9999.000,9999.000,9999.000,9999.000,9999.000,9999.000
202602181830,   0.753,   0.111,9999.000,9999.000,9999.000,9999.000,9999.000,9999.000,9999.000
202602181836,   0.710,   0.059,9999.000,9999.000,9999.000,9999.000,9999.000,9999.000,9999.000
202602181842,   0.667,   0.039,9999.000,9999.000,9999.000,9999.000,9999.000,9999.000,9999.000
202602181848,   0.624,  -0.009,9999.000,9999.000,9999.000,9999.000,9999.000,9999.000,9999.000
202602181854,   0.582,  -0.068,9999.000,9999.000,9999.000,9999.000,9999.000,9999.000,9999.000
202602181900,   0.540,  -0.111,   0.300,  -0.951,  -0.111,   0.100,  -0.311,   0.400,  -0.011
202602181906,   0.499,  -0.150,9999.000,9999.000,9999.000,9999.000,9999.000,9999.000,9999.000
202602181912,   0.458,  -0.200,9999.000,9999.000,9999.000,9999.000,9999.000,9999.000,9999.000
202602181918,   0.418,  -0.239,9999.000,9999.000,9999.000,9999.000,9999.000,9999.000,9999.000
202602181924,   0.378,  -0.278,9999.000,9999.000,9999.000,9999.000,9999.000,9999.000,9999.000
202602181930,   0.339,  -0.331,9999.000,9999.000,9999.000,9999.000,9999.000,9999.000,9999.000
202602181936,   0.301,  -0.380,9999.000,9999.000,9999.000,9999.000,9999.000,9999.000,9999.000
202602181942,   0.265,  -0.409,9999.000,9999.000,9999.000,9999.000,9999.000,9999.000,9999.000
202602181948,   0.229,  -0.459,9999.000,9999.000,9999.000,9999.000,9999.000,9999.000,9999.000
202602181954,   0.194,  -0.508,9999.000,9999.000,9999.000,9999.000,9999.000,9999.000,9999.000
202602182000,   0.161,  -0.551,   0.300,  -1.012,  -0.551,   0.100,  -0.751,   0.400,  -0.451
202602182006,   0.130,  -0.570,9999.000,9999.000,9999.000,9999.000,9999.000,9999.000,9999.000
202602182012,   0.099,  -0.610,9999.000,9999.000,9999.000,9999.000,9999.000,9999.000,9999.000
202602182018,   0.071,  -0.649,9999.000,9999.000,9999.000,9999.000,9999.000,9999.000,9999.000
202602182024,   0.045,  -0.698,9999.000,9999.000,9999.000,9999.000,9999.000,9999.000,9999.000
202602182030,   0.020,  -0.741,9999.000,9999.000,9999.000,9999.000,9999.000,9999.000,9999.000
202602182036,  -0.001,  -0.770,9999.000,9999.000,9999.000,9999.000,9999.000,9999.000,9999.000
202602182042,  -0.020,  -0.800,9999.000,9999.000,9999.000,9999.000,9999.000,9999.000,9999.000
202602182048,  -0.038,  -0.839,9999.000,9999.000,9999.000,9999.000,9999.000,9999.000,9999.000
202602182054,  -0.052,  -0.879,9999.000,9999.000,9999.000,9999.000,9999.000,9999.000,9999.000
202602182100,  -0.063,  -0.898,   0.300,  -1.135,  -0.898,   0.200,  -0.998,   0.400,  -0.798
202602182106,  -0.071,  -0.928,9999.000,9999.000,9999.000,9999.000,9999.000,9999.000,9999.000
202602182112,  -0.076,  -0.961,9999.000,9999.000,9999.000,9999.000,9999.000,9999.000,9999.000
202602182118,  -0.077,  -0.990,9999.000,9999.000,9999.000,9999.000,9999.000,9999.000,9999.000
202602182124,  -0.074,  -1.010,9999.000,9999.000,9999.000,9999.000,9999.000,9999.000,9999.000
202602182130,  -0.068,  -1.029,9999.000,9999.000,9999.000,9999.000,9999.000,9999.000,9999.000
202602182136,  -0.058,  -1.049,9999.000,9999.000,9999.000,9999.000,9999.000,9999.000,9999.000
202602182142,  -0.043,  -1.069,9999.000,9999.000,9999.000,9999.000,9999.000,9999.000,9999.000
202602182148,  -0.025,  -1.088,9999.000,9999.000,9999.000,9999.000,9999.000,9999.000,9999.000
202602182154,  -0.002,  -1.098,9999.000,9999.000,9999.000,9999.000,9999.000,9999.000,9999.000
202602182200,   0.023,  -1.108,   0.300,  -1.431,  -1.108,   0.200,  -1.208,   0.400,  -1.008
202602182206,   0.054,  -1.118,9999.000,9999.000,9999.000,9999.000,9999.000,9999.000,9999.000
202602182212,   0.089,  -1.118,9999.000,9999.000,9999.000,9999.000,9999.000,9999.000,9999.000
202602182218,   0.128,  -1.098,9999.000,9999.000,9999.000,9999.000,9999.000,9999.000,9999.000
202602182224,   0.171,  -1.069,9999.000,9999.000,9999.000,9999.000,9999.000,9999.000,9999.000
202602182230,   0.218,  -1.039,9999.000,9999.000,9999.000,9999.000,9999.000,9999.000,9999.000
202602182236,   0.268,  -0.980,9999.000,9999.000,9999.000,9999.000,9999.000,9999.000,9999.000
202602182242,   0.322,  -0.918,9999.000,9999.000,9999.000,9999.000,9999.000,9999.000,9999.000
202602182248,   0.379,  -0.849,9999.000,9999.000,9999.000,9999.000,9999.000,9999.000,9999.000
202602182254,   0.439,  -0.780,9999.000,9999.000,9999.000,9999.000,9999.000,9999.000,9999.000
202602182300,   0.501,  -0.708,   0.300,  -1.509,  -0.708,   0.300,  -0.708,   0.400,  -0.608
202602182306,   0.566,  -0.659,9999.000,9999.000,9999.000,9999.000,9999.000,9999.000,9999.000
202602182312,   0.633,  -0.600,9999.000,9999.000,9999.000,9999.000,9999.000,9999.000,9999.000
202602182318,   0.702,  -0.560,9999.000,9999.000,9999.000,9999.000,9999.000,9999.000,9999.000
202602182324,   0.773,  -0.531,9999.000,9999.000,9999.000,9999.000,9999.000,9999.000,9999.000
202602182330,   0.845,  -0.488,9999.000,9999.000,9999.000,9999.000,9999.000,9999.000,9999.000
202602182336,   0.919,  -0.459,9999.000,9999.000,9999.000,9999.000,9999.000,9999.000,9999.000
202602182342,   0.993,  -0.419,9999.000,9999.000,9999.000,9999.000,9999.000,9999.000,9999.000
202602182348,   1.068,  -0.370,9999.000,9999.000,9999.000,9999.000,9999.000,9999.000,9999.000
202602182354,   1.143,  -0.321,9999.000,9999.000,9999.000,9999.000,9999.000,9999.000,9999.000
202602190000,   1.218,  -0.259,   0.500,  -1.977,  -0.259,   0.400,  -0.359,   0.500,  -0.259
202602190006,   1.294,  -0.200,9999.000,9999.000,9999.000,9999.000,9999.000,9999.000,9999.000
202602190012,   1.369,  -0.141,9999.000,9999.000,9999.000,9999.000,9999.000,9999.000,9999.000
202602190018,   1.443,  -0.078,9999.000,9999.000,9999.000,9999.000,9999.000,9999.000,9999.000
202602190024,   1.517,  -0.009,9999.000,9999.000,9999.000,9999.000,9999.000,9999.000,9999.000
202602190030,   1.590,   0.049,9999.000,9999.000,9999.000,9999.000,9999.000,9999.000,9999.000
202602190036,   1.662,   0.121,9999.000,9999.000,9999.000,9999.000,9999.000,9999.000,9999.000
202602190042,   1.732,   0.180,9999.000,9999.000,9999.000,9999.000,9999.000,9999.000,9999.000
202602190048,   1.801,   0.239,9999.000,9999.000,9999.000,9999.000,9999.000,9999.000,9999.000
202602190054,   1.868,   0.298,9999.000,9999.000,9999.000,9999.000,9999.000,9999.000,9999.000
202602190100,   1.934,   0.370,   0.500,  -2.064,   0.370,   0.400,   0.270,   0.500,   0.370
202602190106,   1.996,   0.439,9999.000,9999.000,9999.000,9999.000,9999.000,9999.000,9999.000
202602190112,   2.057,   0.498,9999.000,9999.000,9999.000,9999.000,9999.000,9999.000,9999.000
202602190118,   2.114,   0.570,9999.000,9999.000,9999.000,9999.000,9999.000,9999.000,9999.000
202602190124,   2.169,   0.629,9999.000,9999.000,9999.000,9999.000,9999.000,9999.000,9999.000
202602190130,   2.220,   0.698,9999.000,9999.000,9999.000,9999.000,9999.000,9999.000,9999.000
202602190136,   2.268,   0.760,9999.000,9999.000,9999.000,9999.000,9999.000,9999.000,9999.000
202602190142,   2.312,   0.819,9999.000,9999.000,9999.000,9999.000,9999.000,9999.000,9999.000
202602190148,   2.352,   0.879,9999.000,9999.000,9999.000,9999.000,9999.000,9999.000,9999.000
202602190154,   2.388,   0.951,9999.000,9999.000,9999.000,9999.000,9999.000,9999.000,9999.000
202602190200,   2.419,   1.010,   0.500,  -1.909,   1.010,   0.500,   1.010,   0.600,   1.110
202602190206,   2.446,   1.079,9999.000,9999.000,9999.000,9999.000,9999.000,9999.000,9999.000
202602190212,   2.468,   1.128,9999.000,9999.000,9999.000,9999.000,9999.000,9999.000,9999.000
202602190218,   2.486,   1.190,9999.000,9999.000,9999.000,9999.000,9999.000,9999.000,9999.000
202602190224,   2.498,   1.239,9999.000,9999.000,9999.000,9999.000,9999.000,9999.000,9999.000
202602190230,   2.505,   1.289,9999.000,9999.000,9999.000,9999.000,9999.000,9999.000,9999.000
202602190236,   2.507,   1.338,9999.000,9999.000,9999.000,9999.000,9999.000,9999.000,9999.000
202602190242,   2.505,   1.380,9999.000,9999.000,9999.000,9999.000,9999.000,9999.000,9999.000
202602190248,   2.497,   1.410,9999.000,9999.000,9999.000,9999.000,9999.000,9999.000,9999.000
202602190254,   2.484,   1.439,9999.000,9999.000,9999.000,9999.000,9999.000,9999.000,9999.000
202602190300,   2.467,   1.479,   0.500,  -1.488,   1.479,   0.500,   1.479,   0.600,   1.579
202602190306,   2.445,   1.498,9999.000,9999.000,9999.000,9999.000,9999.000,9999.000,9999.000
202602190312,   2.419,   1.528,9999.000,9999.000,9999.000,9999.000,9999.000,9999.000,9999.000
202602190318,   2.389,   1.548,9999.000,9999.000,9999.000,9999.000,9999.000,9999.000,9999.000
202602190324,   2.356,   1.548,9999.000,9999.000,9999.000,9999.000,9999.000,9999.000,9999.000
202602190330,   2.319,   1.548,9999.000,9999.000,9999.000,9999.000,9999.000,9999.000,9999.000
202602190336,   2.278,   1.538,9999.000,9999.000,9999.000,9999.000,9999.000,9999.000,9999.000
202602190342,   2.235,   1.518,9999.000,9999.000,9999.000,9999.000,9999.000,9999.000,9999.000
202602190348,   2.190,   1.498,9999.000,9999.000,9999.000,9999.000,9999.000,9999.000,9999.000
202602190354,   2.143,   1.479,9999.000,9999.000,9999.000,9999.000,9999.000,9999.000,9999.000
202602190400,   2.093,   1.439,   0.500,  -1.154,   1.439,   0.500,   1.439,   0.600,   1.539
202602190406,   2.043,   1.390,9999.000,9999.000,9999.000,9999.000,9999.000,9999.000,9999.000
202602190412,   1.991,   1.328,9999.000,9999.000,9999.000,9999.000,9999.000,9999.000,9999.000
202602190418,   1.939,   1.269,9999.000,9999.000,9999.000,9999.000,9999.000,9999.000,9999.000
202602190424,   1.886,   1.210,9999.000,9999.000,9999.000,9999.000,9999.000,9999.000,9999.000
202602190430,   1.832,   1.151,9999.000,9999.000,9999.000,9999.000,9999.000,9999.000,9999.000
202602190436,   1.779,   1.098,9999.000,9999.000,9999.000,9999.000,9999.000,9999.000,9999.000
202602190442,   1.726,   1.059,9999.000,9999.000,9999.000,9999.000,9999.000,9999.000,9999.000
202602190448,   1.672,   1.020,9999.000,9999.000,9999.000,9999.000,9999.000,9999.000,9999.000
202602190454,   1.620,   0.980,9999.000,9999.000,9999.000,9999.000,9999.000,9999.000,9999.000
202602190500,   1.568,   0.951,   0.500,  -1.117,   0.951,   0.500,   0.951,   0.600,   1.051
202602190506,   1.516,   0.908,9999.000,9999.000,9999.000,9999.000,9999.000,9999.000,9999.000
202602190512,   1.465,   0.879,9999.000,9999.000,9999.000,9999.000,9999.000,9999.000,9999.000
202602190518,   1.414,   0.839,9999.000,9999.000,9999.000,9999.000,9999.000,9999.000,9999.000
202602190524,   1.364,   0.800,9999.000,9999.000,9999.000,9999.000,9999.000,9999.000,9999.000
202602190530,   1.314,   0.760,9999.000,9999.000,9999.000,9999.000,9999.000,9999.000,9999.000
202602190536,   1.265,   0.718,9999.000,9999.000,9999.000,9999.000,9999.000,9999.000,9999.000
202602190542,   1.216,   0.669,9999.000,9999.000,9999.000,9999.000,9999.000,9999.000,9999.000
202602190548,   1.168,   0.619,9999.000,9999.000,9999.000,9999.000,9999.000,9999.000,9999.000
202602190554,   1.120,   0.570,9999.000,9999.000,9999.000,9999.000,9999.000,9999.000,9999.000
202602190600,   1.073,   0.531,   0.600,  -1.142,   0.531,   0.500,   0.431,   0.600,   0.531
202602190606,   1.026,   0.488,9999.000,9999.000,9999.000,9999.000,9999.000,9999.000,9999.000
202602190612,   0.979,   0.439,9999.000,9999.000,9999.000,9999.000,9999.000,9999.000,9999.000
202602190618,   0.932,   0.400,9999.000,9999.000,9999.000,9999.000,9999.000,9999.000,9999.000
202602190624,   0.886,   0.350,9999.000,9999.000,9999.000,9999.000,9999.000,9999.000,9999.000
202602190630,   0.839,   0.298,9999.000,9999.000,9999.000,9999.000,9999.000,9999.000,9999.000
202602190636,   0.794,   0.249,9999.000,9999.000,9999.000,9999.000,9999.000,9999.000,9999.000
202602190642,   0.748,   0.209,9999.000,9999.000,9999.000,9999.000,9999.000,9999.000,9999.000
202602190648,   0.702,   0.170,9999.000,9999.000,9999.000,9999.000,9999.000,9999.000,9999.000
202602190654,   0.657,   0.121,9999.000,9999.000,9999.000,9999.000,9999.000,9999.000,9999.000
202602190700,   0.613,   0.078,   0.600,  -1.135,   0.078,   0.500,  -0.022,   0.600,   0.078
202602190706,   0.568,   0.029,9999.000,9999.000,9999.000,9999.000,9999.000,9999.000,9999.000
202602190712,   0.525,  -0.019,9999.000,9999.000,9999.000,9999.000,9999.000,9999.000,9999.000
202602190718,   0.482,  -0.068,9999.000,9999.000,9999.000,9999.000,9999.000,9999.000,9999.000
202602190724,   0.439,  -0.111,9999.000,9999.000,9999.000,9999.000,9999.000,9999.000,9999.000
202602190730,   0.397,  -0.160,9999.000,9999.000,9999.000,9999.000,9999.000,9999.000,9999.000
202602190736,   0.356,  -0.200,9999.000,9999.000,9999.000,9999.000,9999.000,9999.000,9999.000
202602190742,   0.316,  -0.249,9999.000,9999.000,9999.000,9999.000,9999.000,9999.000,9999.000
202602190748,   0.276,  -0.288,9999.000,9999.000,9999.000,9999.000,9999.000,9999.000,9999.000
202602190754,   0.238,  -0.331,9999.000,9999.000,9999.000,9999.000,9999.000,9999.000,9999.000
202602190800,   0.200,  -0.380,   0.600,  -1.180,  -0.380,   0.600,  -0.380,   0.600,  -0.380
202602190806,   0.164,  -0.419,9999.000,9999.000,9999.000,9999.000,9999.000,9999.000,9999.000
202602190812,   0.129,  -0.459,9999.000,9999.000,9999.000,9999.000,9999.000,9999.000,9999.000
202602190818,   0.096,  -0.498,9999.000,9999.000,9999.000,9999.000,9999.000,9999.000,9999.000
202602190824,   0.063,  -0.541,9999.000,9999.000,9999.000,9999.000,9999.000,9999.000,9999.000
202602190830,   0.033,  -0.570,9999.000,9999.000,9999.000,9999.000,9999.000,9999.000,9999.000
202602190836,   0.004,  -0.610,9999.000,9999.000,9999.000,9999.000,9999.000,9999.000,9999.000
202602190842,  -0.022,  -0.639,9999.000,9999.000,9999.000,9999.000,9999.000,9999.000,9999.000
202602190848,  -0.047,  -0.678,9999.000,9999.000,9999.000,9999.000,9999.000,9999.000,9999.000
202602190854,  -0.070,  -0.708,9999.000,9999.000,9999.000,9999.000,9999.000,9999.000,9999.000
202602190900,  -0.090,  -0.751,   0.600,  -1.261,  -0.751,   0.600,  -0.751,   0.700,  -0.651
202602190906,  -0.108,  -0.780,9999.000,9999.000,9999.000,9999.000,9999.000,9999.000,9999.000
202602190912,  -0.124,  -0.810,9999.000,9999.000,9999.000,9999.000,9999.000,9999.000,9999.000
202602190918,  -0.136,  -0.839,9999.000,9999.000,9999.000,9999.000,9999.000,9999.000,9999.000
202602190924,  -0.146,  -0.869,9999.000,9999.000,9999.000,9999.000,9999.000,9999.000,9999.000
202602190930,  -0.152,  -0.888,9999.000,9999.000,9999.000,9999.000,9999.000,9999.000,9999.000
202602190936,  -0.155,  -0.918,9999.000,9999.000,9999.000,9999.000,9999.000,9999.000,9999.000
202602190942,  -0.154,  -0.941,9999.000,9999.000,9999.000,9999.000,9999.000,9999.000,9999.000
202602190948,  -0.150,  -0.951,9999.000,9999.000,9999.000,9999.000,9999.000,9999.000,9999.000
202602190954,  -0.142,  -0.961,9999.000,9999.000,9999.000,9999.000,9999.000,9999.000,9999.000
202602191000,  -0.130,  -0.970,   0.700,  -1.540,  -0.970,   0.600,  -1.070,   0.700,  -0.970
202602191006,  -0.114,  -0.980,9999.000,9999.000,9999.000,9999.000,9999.000,9999.000,9999.000
202602191012,  -0.094,  -0.980,9999.000,9999.000,9999.000,9999.000,9999.000,9999.000,9999.000
202602191018,  -0.070,  -0.990,9999.000,9999.000,9999.000,9999.000,9999.000,9999.000,9999.000
202602191024,  -0.041,  -0.990,9999.000,9999.000,9999.000,9999.000,9999.000,9999.000,9999.000
202602191030,  -0.009,  -0.970,9999.000,9999.000,9999.000,9999.000,9999.000,9999.000,9999.000
202602191036,   0.027,  -0.928,9999.000,9999.000,9999.000,9999.000,9999.000,9999.000,9999.000
202602191042,   0.067,  -0.888,9999.000,9999.000,9999.000,9999.000,9999.000,9999.000,9999.000
202602191048,   0.112,  -0.829,9999.000,9999.000,9999.000,9999.000,9999.000,9999.000,9999.000
202602191054,   0.160,  -0.760,9999.000,9999.000,9999.000,9999.000,9999.000,9999.000,9999.000
202602191100,   0.211,  -0.688,   0.700,  -1.599,  -0.688,   0.700,  -0.688,   0.700,  -0.688
202602191106,   0.266,  -0.619,9999.000,9999.000,9999.000,9999.000,9999.000,9999.000,9999.000
202602191112,   0.324,  -0.570,9999.000,9999.000,9999.000,9999.000,9999.000,9999.000,9999.000
202602191118,   0.385,  -0.508,9999.000,9999.000,9999.000,9999.000,9999.000,9999.000,9999.000
202602191124,   0.449,  -0.469,9999.000,9999.000,9999.000,9999.000,9999.000,9999.000,9999.000
202602191130,   0.515,  -0.439,9999.000,9999.000,9999.000,9999.000,9999.000,9999.000,9999.000
202602191136,   0.583,  -0.409,9999.000,9999.000,9999.000,9999.000,9999.000,9999.000,9999.000
202602191142,   0.653,  -0.380,9999.000,9999.000,9999.000,9999.000,9999.000,9999.000,9999.000
202602191148,   0.725,  -0.331,9999.000,9999.000,9999.000,9999.000,9999.000,9999.000,9999.000
202602191154,   0.797,  -0.278,9999.000,9999.000,9999.000,9999.000,9999.000,9999.000,9999.000
202602191200,   0.871,  -0.229,   0.700,  -1.800,  -0.229,   0.700,  -0.229,   0.700,  -0.229
202602191206,   0.946,  -0.180,9999.000,9999.000,9999.000,9999.000,9999.000,9999.000,9999.000
202602191212,   1.022,  -0.121,9999.000,9999.000,9999.000,9999.000,9999.000,9999.000,9999.000
202602191218,   1.097,  -0.059,9999.000,9999.000,9999.000,9999.000,9999.000,9999.000,9999.000
202602191224,   1.173,   0.009,9999.000,9999.000,9999.000,9999.000,9999.000,9999.000,9999.000
202602191230,   1.248,   0.068,9999.000,9999.000,9999.000,9999.000,9999.000,9999.000,9999.000
202602191236,   1.324,   0.131,9999.000,9999.000,9999.000,9999.000,9999.000,9999.000,9999.000
202602191242,   1.398,   0.190,9999.000,9999.000,9999.000,9999.000,9999.000,9999.000,9999.000
202602191248,   1.472,   0.259,9999.000,9999.000,9999.000,9999.000,9999.000,9999.000,9999.000
202602191254,   1.545,   0.321,9999.000,9999.000,9999.000,9999.000,9999.000,9999.000,9999.000
202602191300,   1.617,   0.380,   0.700,  -1.937,   0.380,   0.700,   0.380,   0.800,   0.480
202602191306,   1.687,   0.449,9999.000,9999.000,9999.000,9999.000,9999.000,9999.000,9999.000
202602191312,   1.755,   0.531,9999.000,9999.000,9999.000,9999.000,9999.000,9999.000,9999.000
202602191318,   1.822,   0.600,9999.000,9999.000,9999.000,9999.000,9999.000,9999.000,9999.000
202602191324,   1.887,   0.659,9999.000,9999.000,9999.000,9999.000,9999.000,9999.000,9999.000
202602191330,   1.949,   0.731,9999.000,9999.000,9999.000,9999.000,9999.000,9999.000,9999.000
202602191336,   2.009,   0.790,9999.000,9999.000,9999.000,9999.000,9999.000,9999.000,9999.000
202602191342,   2.066,   0.859,9999.000,9999.000,9999.000,9999.000,9999.000,9999.000,9999.000
202602191348,   2.120,   0.928,9999.000,9999.000,9999.000,9999.000,9999.000,9999.000,9999.000
202602191354,   2.171,   1.000,9999.000,9999.000,9999.000,9999.000,9999.000,9999.000,9999.000
202602191400,   2.218,   1.059,   0.800,  -1.959,   1.059,   0.700,   0.959,   0.800,   1.059
202602191406,   2.262,   1.128,9999.000,9999.000,9999.000,9999.000,9999.000,9999.000,9999.000
202602191412,   2.301,   1.200,9999.000,9999.000,9999.000,9999.000,9999.000,9999.000,9999.000
202602191418,   2.337,   1.259,9999.000,9999.000,9999.000,9999.000,9999.000,9999.000,9999.000
202602191424,   2.368,   1.318,9999.000,9999.000,9999.000,9999.000,9999.000,9999.000,9999.000
202602191430,   2.394,   1.380,9999.000,9999.000,9999.000,9999.000,9999.000,9999.000,9999.000
202602191436,   2.416,   1.430,9999.000,9999.000,9999.000,9999.000,9999.000,9999.000,9999.000
202602191442,   2.433,   1.479,9999.000,9999.000,9999.000,9999.000,9999.000,9999.000,9999.000
202602191448,   2.446,   1.538,9999.000,9999.000,9999.000,9999.000,9999.000,9999.000,9999.000
202602191454,   2.453,   1.590,9999.000,9999.000,9999.000,9999.000,9999.000,9999.000,9999.000
202602191500,   2.455,   1.639,   0.800,  -1.616,   1.639,   0.800,   1.639,   0.800,   1.639
202602191506,   2.453,   1.689,9999.000,9999.000,9999.000,9999.000,9999.000,9999.000,9999.000
202602191512,   2.445,   1.728,9999.000,9999.000,9999.000,9999.000,9999.000,9999.000,9999.000
202602191518,   2.433,   1.767,9999.000,9999.000,9999.000,9999.000,9999.000,9999.000,9999.000
202602191524,   2.416,   1.810,9999.000,9999.000,9999.000,9999.000,9999.000,9999.000,9999.000
202602191530,   2.395,   1.840,9999.000,9999.000,9999.000,9999.000,9999.000,9999.000,9999.000
202602191536,   2.370,   1.879,9999.000,9999.000,9999.000,9999.000,9999.000,9999.000,9999.000
202602191542,   2.340,   1.908,9999.000,9999.000,9999.000,9999.000,9999.000,9999.000,9999.000
202602191548,   2.307,   1.928,9999.000,9999.000,9999.000,9999.000,9999.000,9999.000,9999.000
202602191554,   2.271,   1.928,9999.000,9999.000,9999.000,9999.000,9999.000,9999.000,9999.000
202602191600,   2.232,   1.928,   0.900,  -1.204,   1.928,   0.800,   1.828,   0.900,   1.928
202602191606,   2.190,   1.928,9999.000,9999.000,9999.000,9999.000,9999.000,9999.000,9999.000
202602191612,   2.145,   1.918,9999.000,9999.000,9999.000,9999.000,9999.000,9999.000,9999.000
202602191618,   2.099,   1.889,9999.000,9999.000,9999.000,9999.000,9999.000,9999.000,9999.000
202602191624,   2.051,   1.859,9999.000,9999.000,9999.000,9999.000,9999.000,9999.000,9999.000
202602191630,   2.002,   1.810,9999.000,9999.000,9999.000,9999.000,9999.000,9999.000,9999.000
202602191636,   1.951,   1.748,9999.000,9999.000,9999.000,9999.000,9999.000,9999.000,9999.000
202602191642,   1.900,   1.689,9999.000,9999.000,9999.000,9999.000,9999.000,9999.000,9999.000
202602191648,   1.849,   1.630,9999.000,9999.000,9999.000,9999.000,9999.000,9999.000,9999.000
202602191654,   1.797,   1.571,9999.000,9999.000,9999.000,9999.000,9999.000,9999.000,9999.000
202602191700,   1.745,   1.498,   0.900,  -1.147,   1.498,   0.900,   1.498,   1.000,   1.598
202602191706,   1.693,   1.449,9999.000,9999.000,9999.000,9999.000,9999.000,9999.000,9999.000
202602191712,   1.642,   1.390,9999.000,9999.000,9999.000,9999.000,9999.000,9999.000,9999.000
202602191718,   1.591,   1.338,9999.000,9999.000,9999.000,9999.000,9999.000,9999.000,9999.000
202602191724,   1.540,   1.289,9999.000,9999.000,9999.000,9999.000,9999.000,9999.000,9999.000
202602191730,   1.491,   1.249,9999.000,9999.000,9999.000,9999.000,9999.000,9999.000,9999.000
202602191736,   1.441,   1.210,9999.000,9999.000,9999.000,9999.000,9999.000,9999.000,9999.000
202602191742,   1.392,   1.180,9999.000,9999.000,9999.000,9999.000,9999.000,9999.000,9999.000
202602191748,   1.344,   1.138,9999.000,9999.000,9999.000,9999.000,9999.000,9999.000,9999.000
202602191754,   1.297,   1.098,9999.000,9999.000,9999.000,9999.000,9999.000,9999.000,9999.000
202602191800,   1.250,   1.059,   0.900,  -1.091,   1.059,   0.800,   0.959,   0.900,   1.059
202602191806,   1.203,   1.010,9999.000,9999.000,9999.000,9999.000,9999.000,9999.000,9999.000
202602191812,   1.157,   0.961,9999.000,9999.000,9999.000,9999.000,9999.000,9999.000,9999.000
202602191818,   1.111,   0.898,9999.000,9999.000,9999.000,9999.000,9999.000,9999.000,9999.000
202602191824,   1.065,   0.849,9999.000,9999.000,9999.000,9999.000,9999.000,9999.000,9999.000
202602191830,   1.020,   0.790,9999.000,9999.000,9999.000,9999.000,9999.000,9999.000,9999.000
202602191836,   0.975,   0.741,9999.000,9999.000,9999.000,9999.000,9999.000,9999.000,9999.000
202602191842,   0.930,   0.688,9999.000,9999.000,9999.000,9999.000,9999.000,9999.000,9999.000
202602191848,   0.885,   0.639,9999.000,9999.000,9999.000,9999.000,9999.000,9999.000,9999.000
202602191854,   0.840,   0.600,9999.000,9999.000,9999.000,9999.000,9999.000,9999.000,9999.000
202602191900,   0.796,   0.551,   0.900,  -1.145,   0.551,   0.900,   0.551,   0.900,   0.551
202602191906,   0.751,   0.498,9999.000,9999.000,9999.000,9999.000,9999.000,9999.000,9999.000
202602191912,   0.707,   0.459,9999.000,9999.000,9999.000,9999.000,9999.000,9999.000,9999.000
202602191918,   0.663,   0.400,9999.000,9999.000,9999.000,9999.000,9999.000,9999.000,9999.000
202602191924,   0.620,   0.350,9999.000,9999.000,9999.000,9999.000,9999.000,9999.000,9999.000
202602191930,   0.576,   0.298,9999.000,9999.000,9999.000,9999.000,9999.000,9999.000,9999.000
202602191936,   0.534,   0.259,9999.000,9999.000,9999.000,9999.000,9999.000,9999.000,9999.000
202602191942,   0.491,   0.209,9999.000,9999.000,9999.000,9999.000,9999.000,9999.000,9999.000
202602191948,   0.449,   0.170,9999.000,9999.000,9999.000,9999.000,9999.000,9999.000,9999.000
202602191954,   0.407,   0.121,9999.000,9999.000,9999.000,9999.000,9999.000,9999.000,9999.000
202602192000,   0.367,   0.078,   0.900,  -1.189,   0.078,   0.900,   0.078,   1.000,   0.178
202602192006,   0.327,   0.029,9999.000,9999.000,9999.000,9999.000,9999.000,9999.000,9999.000
202602192012,   0.287,  -0.009,9999.000,9999.000,9999.000,9999.000,9999.000,9999.000,9999.000
202602192018,   0.249,  -0.049,9999.000,9999.000,9999.000,9999.000,9999.000,9999.000,9999.000
202602192024,   0.212,  -0.088,9999.000,9999.000,9999.000,9999.000,9999.000,9999.000,9999.000
202602192030,   0.175,  -0.131,9999.000,9999.000,9999.000,9999.000,9999.000,9999.000,9999.000
202602192036,   0.140,  -0.170,9999.000,9999.000,9999.000,9999.000,9999.000,9999.000,9999.000
202602192042,   0.106,  -0.219,9999.000,9999.000,9999.000,9999.000,9999.000,9999.000,9999.000
202602192048,   0.074,  -0.268,9999.000,9999.000,9999.000,9999.000,9999.000,9999.000,9999.000
202602192054,   0.043,  -0.308,9999.000,9999.000,9999.000,9999.000,9999.000,9999.000,9999.000
202602192100,   0.014,  -0.360,   1.000,  -1.374,  -0.360,   0.900,  -0.460,   1.000,  -0.360
202602192106,  -0.012,  -0.390,9999.000,9999.000,9999.000,9999.000,9999.000,9999.000,9999.000
202602192112,  -0.037,  -0.429,9999.000,9999.000,9999.000,9999.000,9999.000,9999.000,9999.000
202602192118,  -0.060,  -0.459,9999.000,9999.000,9999.000,9999.000,9999.000,9999.000,9999.000
202602192124,  -0.081,  -0.498,9999.000,9999.000,9999.000,9999.000,9999.000,9999.000,9999.000
202602192130,  -0.099,  -0.531,9999.000,9999.000,9999.000,9999.000,9999.000,9999.000,9999.000
202602192136,  -0.115,  -0.560,9999.000,9999.000,9999.000,9999.000,9999.000,9999.000,9999.000
202602192142,  -0.127,  -0.590,9999.000,9999.000,9999.000,9999.000,9999.000,9999.000,9999.000
202602192148,  -0.136,  -0.619,9999.000,9999.000,9999.000,9999.000,9999.000,9999.000,9999.000
202602192154,  -0.143,  -0.649,9999.000,9999.000,9999.000,9999.000,9999.000,9999.000,9999.000
202602192200,  -0.145,  -0.678,   1.000,  -1.533,  -0.678,   1.000,  -0.678,   1.100,  -0.578
202602192206,  -0.144,  -0.698,9999.000,9999.000,9999.000,9999.000,9999.000,9999.000,9999.000
202602192212,  -0.139,  -0.698,9999.000,9999.000,9999.000,9999.000,9999.000,9999.000,9999.000
202602192218,  -0.130,  -0.708,9999.000,9999.000,9999.000,9999.000,9999.000,9999.000,9999.000
202602192224,  -0.117,  -0.708,9999.000,9999.000,9999.000,9999.000,9999.000,9999.000,9999.000
202602192230,  -0.100,  -0.698,9999.000,9999.000,9999.000,9999.000,9999.000,9999.000,9999.000
202602192236,  -0.078,  -0.678,9999.000,9999.000,9999.000,9999.000,9999.000,9999.000,9999.000
202602192242,  -0.053,  -0.649,9999.000,9999.000,9999.000,9999.000,9999.000,9999.000,9999.000
202602192248,  -0.022,  -0.610,9999.000,9999.000,9999.000,9999.000,9999.000,9999.000,9999.000
202602192254,   0.011,  -0.560,9999.000,9999.000,9999.000,9999.000,9999.000,9999.000,9999.000
202602192300,   0.050,  -0.498,   1.100,  -1.648,  -0.498,   1.000,  -0.598,   1.100,  -0.498
202602192306,   0.093,  -0.429,9999.000,9999.000,9999.000,9999.000,9999.000,9999.000,9999.000
202602192312,   0.140,  -0.360,9999.000,9999.000,9999.000,9999.000,9999.000,9999.000,9999.000
202602192318,   0.191,  -0.298,9999.000,9999.000,9999.000,9999.000,9999.000,9999.000,9999.000
202602192324,   0.246,  -0.239,9999.000,9999.000,9999.000,9999.000,9999.000,9999.000,9999.000
202602192330,   0.304,  -0.190,9999.000,9999.000,9999.000,9999.000,9999.000,9999.000,9999.000
202602192336,   0.366,  -0.141,9999.000,9999.000,9999.000,9999.000,9999.000,9999.000,9999.000
202602192342,   0.431,  -0.111,9999.000,9999.000,9999.000,9999.000,9999.000,9999.000,9999.000
202602192348,   0.499,  -0.068,9999.000,9999.000,9999.000,9999.000,9999.000,9999.000,9999.000
202602192354,   0.569,  -0.019,9999.000,9999.000,9999.000,9999.000,9999.000,9999.000,9999.000
202602200000,   0.642,   0.029,   1.000,  -1.613,   0.029,   1.000,   0.029,   1.100,   0.129
202602200006,   0.717,   0.078,9999.000,9999.000,9999.000,9999.000,9999.000,9999.000,9999.000
202602200012,   0.793,   0.141,9999.000,9999.000,9999.000,9999.000,9999.000,9999.000,9999.000
202602200018,   0.871,   0.200,9999.000,9999.000,9999.000,9999.000,9999.000,9999.000,9999.000
202602200024,   0.950,   0.268,9999.000,9999.000,9999.000,9999.000,9999.000,9999.000,9999.000
202602200030,   1.030,   0.331,9999.000,9999.000,9999.000,9999.000,9999.000,9999.000,9999.000
202602200036,   1.111,   0.390,9999.000,9999.000,9999.000,9999.000,9999.000,9999.000,9999.000
202602200042,   1.192,   0.459,9999.000,9999.000,9999.000,9999.000,9999.000,9999.000,9999.000
202602200048,   1.273,   0.531,9999.000,9999.000,9999.000,9999.000,9999.000,9999.000,9999.000
202602200054,   1.354,   0.590,9999.000,9999.000,9999.000,9999.000,9999.000,9999.000,9999.000
202602200100,   1.435,   0.659,   1.100,  -1.876,   0.659,   1.000,   0.559,   1.100,   0.659
202602200106,   1.515,   0.731,9999.000,9999.000,9999.000,9999.000,9999.000,9999.000,9999.000
202602200112,   1.594,   0.800,9999.000,9999.000,9999.000,9999.000,9999.000,9999.000,9999.000
202602200118,   1.672,   0.859,9999.000,9999.000,9999.000,9999.000,9999.000,9999.000,9999.000
202602200124,   1.749,   0.928,9999.000,9999.000,9999.000,9999.000,9999.000,9999.000,9999.000
202602200130,   1.824,   1.010,9999.000,9999.000,9999.000,9999.000,9999.000,9999.000,9999.000
202602200136,   1.898,   1.069,9999.000,9999.000,9999.000,9999.000,9999.000,9999.000,9999.000
202602200142,   1.969,   1.138,9999.000,9999.000,9999.000,9999.000,9999.000,9999.000,9999.000
202602200148,   2.038,   1.200,9999.000,9999.000,9999.000,9999.000,9999.000,9999.000,9999.000
202602200154,   2.105,   1.308,9999.000,9999.000,9999.000,9999.000,9999.000,9999.000,9999.000
202602200200,   2.169,   1.390,   1.100,  -1.879,   1.390,   1.000,   1.290,   1.200,   1.490
202602200206,   2.230,   1.479,9999.000,9999.000,9999.000,9999.000,9999.000,9999.000,9999.000
202602200212,   2.288,   1.548,9999.000,9999.000,9999.000,9999.000,9999.000,9999.000,9999.000
202602200218,   2.342,   1.630,9999.000,9999.000,9999.000,9999.000,9999.000,9999.000,9999.000
202602200224,   2.392,   1.699,9999.000,9999.000,9999.000,9999.000,9999.000,9999.000,9999.000
202602200230,   2.439,   1.781,9999.000,9999.000,9999.000,9999.000,9999.000,9999.000,9999.000
202602200236,   2.481,   1.849,9999.000,9999.000,9999.000,9999.000,9999.000,9999.000,9999.000
202602200242,   2.519,   1.899,9999.000,9999.000,9999.000,9999.000,9999.000,9999.000,9999.000
202602200248,   2.552,   1.958,9999.000,9999.000,9999.000,9999.000,9999.000,9999.000,9999.000
202602200254,   2.580,   2.020,9999.000,9999.000,9999.000,9999.000,9999.000,9999.000,9999.000
202602200300,   2.603,   2.079,   1.200,  -1.724,   2.079,   1.100,   1.979,   1.300,   2.179
202602200306,   2.622,   2.138,9999.000,9999.000,9999.000,9999.000,9999.000,9999.000,9999.000
202602200312,   2.634,   2.200,9999.000,9999.000,9999.000,9999.000,9999.000,9999.000,9999.000
202602200318,   2.642,   2.250,9999.000,9999.000,9999.000,9999.000,9999.000,9999.000,9999.000
202602200324,   2.644,   2.299,9999.000,9999.000,9999.000,9999.000,9999.000,9999.000,9999.000
202602200330,   2.641,   2.338,9999.000,9999.000,9999.000,9999.000,9999.000,9999.000,9999.000
202602200336,   2.633,   2.377,9999.000,9999.000,9999.000,9999.000,9999.000,9999.000,9999.000
202602200342,   2.620,   2.410,9999.000,9999.000,9999.000,9999.000,9999.000,9999.000,9999.000
202602200348,   2.601,   2.430,9999.000,9999.000,9999.000,9999.000,9999.000,9999.000,9999.000
202602200354,   2.578,   2.450,9999.000,9999.000,9999.000,9999.000,9999.000,9999.000,9999.000
202602200400,   2.550,   2.459,   1.200,  -1.291,   2.459,   1.200,   2.459,   1.300,   2.559
202602200406,   2.518,   2.459,9999.000,9999.000,9999.000,9999.000,9999.000,9999.000,9999.000
202602200412,   2.483,   2.450,9999.000,9999.000,9999.000,9999.000,9999.000,9999.000,9999.000
202602200418,   2.443,   2.440,9999.000,9999.000,9999.000,9999.000,9999.000,9999.000,9999.000
202602200424,   2.400,   2.410,9999.000,9999.000,9999.000,9999.000,9999.000,9999.000,9999.000
202602200430,   2.354,   2.377,9999.000,9999.000,9999.000,9999.000,9999.000,9999.000,9999.000
202602200436,   2.305,   2.338,9999.000,9999.000,9999.000,9999.000,9999.000,9999.000,9999.000
202602200442,   2.255,   2.289,9999.000,9999.000,9999.000,9999.000,9999.000,9999.000,9999.000
202602200448,   2.202,   2.230,9999.000,9999.000,9999.000,9999.000,9999.000,9999.000,9999.000
202602200454,   2.148,   2.158,9999.000,9999.000,9999.000,9999.000,9999.000,9999.000,9999.000
202602200500,   2.092,   2.089,   1.200,  -1.203,   2.089,   1.100,   1.989,   1.300,   2.189
202602200506,   2.036,   2.030,9999.000,9999.000,9999.000,9999.000,9999.000,9999.000,9999.000
202602200512,   1.978,   1.958,9999.000,9999.000,9999.000,9999.000,9999.000,9999.000,9999.000
202602200518,   1.921,   1.908,9999.000,9999.000,9999.000,9999.000,9999.000,9999.000,9999.000
202602200524,   1.864,   1.859,9999.000,9999.000,9999.000,9999.000,9999.000,9999.000,9999.000
202602200530,   1.806,   1.810,9999.000,9999.000,9999.000,9999.000,9999.000,9999.000,9999.000
202602200536,   1.749,   1.781,9999.000,9999.000,9999.000,9999.000,9999.000,9999.000,9999.000
202602200542,   1.692,   1.738,9999.000,9999.000,9999.000,9999.000,9999.000,9999.000,9999.000
202602200548,   1.636,   1.718,9999.000,9999.000,9999.000,9999.000,9999.000,9999.000,9999.000
202602200554,   1.580,   1.689,9999.000,9999.000,9999.000,9999.000,9999.000,9999.000,9999.000
202602200600,   1.525,   1.649,   1.100,  -0.976,   1.649,   1.000,   1.549,   1.300,   1.849
202602200606,   1.471,   1.610,9999.000,9999.000,9999.000,9999.000,9999.000,9999.000,9999.000
202602200612,   1.417,   1.571,9999.000,9999.000,9999.000,9999.000,9999.000,9999.000,9999.000
202602200618,   1.364,   1.518,9999.000,9999.000,9999.000,9999.000,9999.000,9999.000,9999.000
202602200624,   1.311,   1.469,9999.000,9999.000,9999.000,9999.000,9999.000,9999.000,9999.000
202602200630,   1.260,   1.420,9999.000,9999.000,9999.000,9999.000,9999.000,9999.000,9999.000
202602200636,   1.208,   1.371,9999.000,9999.000,9999.000,9999.000,9999.000,9999.000,9999.000
202602200642,   1.158,   1.318,9999.000,9999.000,9999.000,9999.000,9999.000,9999.000,9999.000
202602200648,   1.107,   1.269,9999.000,9999.000,9999.000,9999.000,9999.000,9999.000,9999.000
202602200654,   1.057,   1.220,9999.000,9999.000,9999.000,9999.000,9999.000,9999.000,9999.000
202602200700,   1.008,   1.170,   1.100,  -0.938,   1.170,   1.000,   1.070,   1.300,   1.370
202602200706,   0.959,   1.118,9999.000,9999.000,9999.000,9999.000,9999.000,9999.000,9999.000
202602200712,   0.910,   1.059,9999.000,9999.000,9999.000,9999.000,9999.000,9999.000,9999.000
202602200718,   0.862,   1.010,9999.000,9999.000,9999.000,9999.000,9999.000,9999.000,9999.000
202602200724,   0.814,   0.961,9999.000,9999.000,9999.000,9999.000,9999.000,9999.000,9999.000
202602200730,   0.766,   0.898,9999.000,9999.000,9999.000,9999.000,9999.000,9999.000,9999.000
202602200736,   0.719,   0.859,9999.000,9999.000,9999.000,9999.000,9999.000,9999.000,9999.000
202602200742,   0.672,   0.800,9999.000,9999.000,9999.000,9999.000,9999.000,9999.000,9999.000
202602200748,   0.626,   0.741,9999.000,9999.000,9999.000,9999.000,9999.000,9999.000,9999.000
202602200754,   0.580,   0.688,9999.000,9999.000,9999.000,9999.000,9999.000,9999.000,9999.000
202602200800,   0.535,   0.639,   1.100,  -0.996,   0.639,   1.000,   0.539,   1.300,   0.839
202602200806,   0.490,   0.580,9999.000,9999.000,9999.000,9999.000,9999.000,9999.000,9999.000
202602200812,   0.446,   0.531,9999.000,9999.000,9999.000,9999.000,9999.000,9999.000,9999.000
202602200818,   0.403,   0.488,9999.000,9999.000,9999.000,9999.000,9999.000,9999.000,9999.000
202602200824,   0.360,   0.439,9999.000,9999.000,9999.000,9999.000,9999.000,9999.000,9999.000
202602200830,   0.319,   0.390,9999.000,9999.000,9999.000,9999.000,9999.000,9999.000,9999.000
202602200836,   0.278,   0.341,9999.000,9999.000,9999.000,9999.000,9999.000,9999.000,9999.000
202602200842,   0.238,   0.288,9999.000,9999.000,9999.000,9999.000,9999.000,9999.000,9999.000
202602200848,   0.200,   0.249,9999.000,9999.000,9999.000,9999.000,9999.000,9999.000,9999.000
202602200854,   0.163,   0.209,9999.000,9999.000,9999.000,9999.000,9999.000,9999.000,9999.000
202602200900,   0.126,   0.160,   1.100,  -1.066,   0.160,   1.000,   0.060,   1.200,   0.260
202602200906,   0.092,   0.121,9999.000,9999.000,9999.000,9999.000,9999.000,9999.000,9999.000
202602200912,   0.058,   0.078,9999.000,9999.000,9999.000,9999.000,9999.000,9999.000,9999.000
202602200918,   0.027,   0.049,9999.000,9999.000,9999.000,9999.000,9999.000,9999.000,9999.000
202602200924,  -0.002,   0.009,9999.000,9999.000,9999.000,9999.000,9999.000,9999.000,9999.000
202602200930,  -0.030,  -0.029,9999.000,9999.000,9999.000,9999.000,9999.000,9999.000,9999.000
202602200936,  -0.057,  -0.068,9999.000,9999.000,9999.000,9999.000,9999.000,9999.000,9999.000
202602200942,  -0.081,  -0.098,9999.000,9999.000,9999.000,9999.000,9999.000,9999.000,9999.000
202602200948,  -0.102,  -0.141,9999.000,9999.000,9999.000,9999.000,9999.000,9999.000,9999.000
202602200954,  -0.122,  -0.170,9999.000,9999.000,9999.000,9999.000,9999.000,9999.000,9999.000
202602201000,  -0.138,  -0.209,   1.100,  -1.171,  -0.209,   1.000,  -0.309,   1.200,  -0.109
202602201006,  -0.152,  -0.239,9999.000,9999.000,9999.000,9999.000,9999.000,9999.000,9999.000
202602201012,  -0.163,  -0.268,9999.000,9999.000,9999.000,9999.000,9999.000,9999.000,9999.000
202602201018,  -0.170,  -0.298,9999.000,9999.000,9999.000,9999.000,9999.000,9999.000,9999.000
202602201024,  -0.175,  -0.331,9999.000,9999.000,9999.000,9999.000,9999.000,9999.000,9999.000
202602201030,  -0.175,  -0.360,9999.000,9999.000,9999.000,9999.000,9999.000,9999.000,9999.000
202602201036,  -0.173,  -0.380,9999.000,9999.000,9999.000,9999.000,9999.000,9999.000,9999.000
202602201042,  -0.166,  -0.400,9999.000,9999.000,9999.000,9999.000,9999.000,9999.000,9999.000
202602201048,  -0.155,  -0.409,9999.000,9999.000,9999.000,9999.000,9999.000,9999.000,9999.000
202602201054,  -0.140,  -0.419,9999.000,9999.000,9999.000,9999.000,9999.000,9999.000,9999.000
202602201100,  -0.122,  -0.409,   1.100,  -1.387,  -0.409,   1.000,  -0.509,   1.200,  -0.309
202602201106,  -0.099,  -0.400,9999.000,9999.000,9999.000,9999.000,9999.000,9999.000,9999.000
202602201112,  -0.072,  -0.380,9999.000,9999.000,9999.000,9999.000,9999.000,9999.000,9999.000
202602201118,  -0.040,  -0.350,9999.000,9999.000,9999.000,9999.000,9999.000,9999.000,9999.000
202602201124,  -0.005,  -0.298,9999.000,9999.000,9999.000,9999.000,9999.000,9999.000,9999.000
202602201130,   0.033,  -0.249,9999.000,9999.000,9999.000,9999.000,9999.000,9999.000,9999.000
202602201136,   0.077,  -0.190,9999.000,9999.000,9999.000,9999.000,9999.000,9999.000,9999.000
202602201142,   0.124,  -0.131,9999.000,9999.000,9999.000,9999.000,9999.000,9999.000,9999.000
202602201148,   0.174,  -0.059,9999.000,9999.000,9999.000,9999.000,9999.000,9999.000,9999.000
202602201154,   0.229,  -0.009,9999.000,9999.000,9999.000,9999.000,9999.000,9999.000,9999.000
202602201200,   0.286,   0.039,   1.000,  -1.247,   0.039,   1.000,   0.039,   1.100,   0.139
202602201206,   0.346,   0.088,9999.000,9999.000,9999.000,9999.000,9999.000,9999.000,9999.000
202602201212,   0.409,   0.141,9999.000,9999.000,9999.000,9999.000,9999.000,9999.000,9999.000
202602201218,   0.475,   0.180,9999.000,9999.000,9999.000,9999.000,9999.000,9999.000,9999.000
202602201224,   0.543,   0.219,9999.000,9999.000,9999.000,9999.000,9999.000,9999.000,9999.000
202602201230,   0.613,   0.268,9999.000,9999.000,9999.000,9999.000,9999.000,9999.000,9999.000
202602201236,   0.684,   0.308,9999.000,9999.000,9999.000,9999.000,9999.000,9999.000,9999.000
202602201242,   0.757,   0.360,9999.000,9999.000,9999.000,9999.000,9999.000,9999.000,9999.000
202602201248,   0.831,   0.400,9999.000,9999.000,9999.000,9999.000,9999.000,9999.000,9999.000
202602201254,   0.905,   0.478,9999.000,9999.000,9999.000,9999.000,9999.000,9999.000,9999.000
202602201300,   0.981,   0.541,   1.000,  -1.440,   0.541,   1.000,   0.541,   1.100,   0.641
202602201306,   1.056,   0.590,9999.000,9999.000,9999.000,9999.000,9999.000,9999.000,9999.000
202602201312,   1.132,   0.639,9999.000,9999.000,9999.000,9999.000,9999.000,9999.000,9999.000
202602201318,   1.208,   0.708,9999.000,9999.000,9999.000,9999.000,9999.000,9999.000,9999.000
202602201324,   1.283,   0.780,9999.000,9999.000,9999.000,9999.000,9999.000,9999.000,9999.000
202602201330,   1.358,   0.829,9999.000,9999.000,9999.000,9999.000,9999.000,9999.000,9999.000
202602201336,   1.432,   0.898,9999.000,9999.000,9999.000,9999.000,9999.000,9999.000,9999.000
202602201342,   1.505,   0.951,9999.000,9999.000,9999.000,9999.000,9999.000,9999.000,9999.000
202602201348,   1.576,   1.010,9999.000,9999.000,9999.000,9999.000,9999.000,9999.000,9999.000
202602201354,   1.647,   1.069,9999.000,9999.000,9999.000,9999.000,9999.000,9999.000,9999.000
202602201400,   1.715,   1.118,   1.000,  -1.597,   1.118,   1.000,   1.118,   1.100,   1.218
202602201406,   1.782,   1.190,9999.000,9999.000,9999.000,9999.000,9999.000,9999.000,9999.000
202602201412,   1.847,   1.249,9999.000,9999.000,9999.000,9999.000,9999.000,9999.000,9999.000
202602201418,   1.909,   1.308,9999.000,9999.000,9999.000,9999.000,9999.000,9999.000,9999.000
202602201424,   1.969,   1.371,9999.000,9999.000,9999.000,9999.000,9999.000,9999.000,9999.000
202602201430,   2.026,   1.430,9999.000,9999.000,9999.000,9999.000,9999.000,9999.000,9999.000
202602201436,   2.080,   1.479,9999.000,9999.000,9999.000,9999.000,9999.000,9999.000,9999.000
202602201442,   2.130,   1.538,9999.000,9999.000,9999.000,9999.000,9999.000,9999.000,9999.000
202602201448,   2.177,   1.590,9999.000,9999.000,9999.000,9999.000,9999.000,9999.000,9999.000
202602201454,   2.221,   1.639,9999.000,9999.000,9999.000,9999.000,9999.000,9999.000,9999.000
202602201500,   2.260,   1.689,   1.000,  -1.571,   1.689,   1.000,   1.689,   1.000,   1.689
202602201506,   2.296,   1.728,9999.000,9999.000,9999.000,9999.000,9999.000,9999.000,9999.000
202602201512,   2.327,   1.781,9999.000,9999.000,9999.000,9999.000,9999.000,9999.000,9999.000
202602201518,   2.353,   1.820,9999.000,9999.000,9999.000,9999.000,9999.000,9999.000,9999.000
202602201524,   2.375,   1.869,9999.000,9999.000,9999.000,9999.000,9999.000,9999.000,9999.000
202602201530,   2.392,   1.908,9999.000,9999.000,9999.000,9999.000,9999.000,9999.000,9999.000
202602201536,   2.404,   1.958,9999.000,9999.000,9999.000,9999.000,9999.000,9999.000,9999.000
202602201542,   2.411,   2.000,9999.000,9999.000,9999.000,9999.000,9999.000,9999.000,9999.000
202602201548,   2.413,   2.030,9999.000,9999.000,9999.000,9999.000,9999.000,9999.000,9999.000
202602201554,   2.410,   2.059,9999.000,9999.000,9999.000,9999.000,9999.000,9999.000,9999.000
202602201600,   2.402,   2.079,   1.000,  -1.323,   2.079,   1.000,   2.079,   1.000,   2.079
202602201606,   2.390,   2.099,9999.000,9999.000,9999.000,9999.000,9999.000,9999.000,9999.000
202602201612,   2.372,   2.118,9999.000,9999.000,9999.000,9999.000,9999.000,9999.000,9999.000
202602201618,   2.350,   2.148,9999.000,9999.000,9999.000,9999.000,9999.000,9999.000,9999.000
202602201624,   2.324,   2.168,9999.000,9999.000,9999.000,9999.000,9999.000,9999.000,9999.000
202602201630,   2.294,   2.191,9999.000,9999.000,9999.000,9999.000,9999.000,9999.000,9999.000
202602201636,   2.260,   2.200,9999.000,9999.000,9999.000,9999.000,9999.000,9999.000,9999.000
202602201642,   2.222,   2.177,9999.000,9999.000,9999.000,9999.000,9999.000,9999.000,9999.000
202602201648,   2.182,   2.148,9999.000,9999.000,9999.000,9999.000,9999.000,9999.000,9999.000
202602201654,   2.138,   2.109,9999.000,9999.000,9999.000,9999.000,9999.000,9999.000,9999.000
202602201700,   2.093,   2.059,   1.000,  -1.034,   2.059,   0.900,   1.959,   1.000,   2.059
202602201706,   2.045,   2.020,9999.000,9999.000,9999.000,9999.000,9999.000,9999.000,9999.000
202602201712,   1.995,   1.958,9999.000,9999.000,9999.000,9999.000,9999.000,9999.000,9999.000
202602201718,   1.944,   1.899,9999.000,9999.000,9999.000,9999.000,9999.000,9999.000,9999.000
202602201724,   1.892,   1.830,9999.000,9999.000,9999.000,9999.000,9999.000,9999.000,9999.000
202602201730,   1.839,   1.758,9999.000,9999.000,9999.000,9999.000,9999.000,9999.000,9999.000
202602201736,   1.786,   1.679,9999.000,9999.000,9999.000,9999.000,9999.000,9999.000,9999.000
202602201742,   1.732,   1.620,9999.000,9999.000,9999.000,9999.000,9999.000,9999.000,9999.000
202602201748,   1.678,   1.571,9999.000,9999.000,9999.000,9999.000,9999.000,9999.000,9999.000
202602201754,   1.625,   1.518,9999.000,9999.000,9999.000,9999.000,9999.000,9999.000,9999.000
202602201800,   1.572,   1.498,   1.000,  -0.899,   1.673,   0.900,   1.573,   1.000,   1.673
202602201806,   1.519,   1.469,9999.000,9999.000,9999.000,9999.000,9999.000,9999.000,9999.000
202602201812,   1.467,   1.439,9999.000,9999.000,9999.000,9999.000,9999.000,9999.000,9999.000
202602201818,   1.415,   1.400,9999.000,9999.000,9999.000,9999.000,9999.000,9999.000,9999.000
202602201824,   1.364,   1.361,9999.000,9999.000,9999.000,9999.000,9999.000,9999.000,9999.000
202602201830,   1.314,   1.308,9999.000,9999.000,9999.000,9999.000,9999.000,9999.000,9999.000
202602201836,   1.265,   1.249,9999.000,9999.000,9999.000,9999.000,9999.000,9999.000,9999.000
202602201842,   1.216,   1.200,9999.000,9999.000,9999.000,9999.000,9999.000,9999.000,9999.000
202602201848,   1.168,   1.151,9999.000,9999.000,9999.000,9999.000,9999.000,9999.000,9999.000
202602201854,   1.120,   1.098,9999.000,9999.000,9999.000,9999.000,9999.000,9999.000,9999.000
202602201900,   1.074,   1.049,   1.000,  -0.876,   1.198,   0.900,   1.098,   1.000,   1.198
202602201906,   1.027,   1.000,9999.000,9999.000,9999.000,9999.000,9999.000,9999.000,9999.000
202602201912,   0.981,   0.941,9999.000,9999.000,9999.000,9999.000,9999.000,9999.000,9999.000
202602201918,   0.935,   0.879,9999.000,9999.000,9999.000,9999.000,9999.000,9999.000,9999.000
202602201924,   0.890,   0.819,9999.000,9999.000,9999.000,9999.000,9999.000,9999.000,9999.000
202602201930,   0.845,   0.770,9999.000,9999.000,9999.000,9999.000,9999.000,9999.000,9999.000
202602201936,   0.800,   0.718,9999.000,9999.000,9999.000,9999.000,9999.000,9999.000,9999.000
202602201942,   0.756,   0.678,9999.000,9999.000,9999.000,9999.000,9999.000,9999.000,9999.000
202602201948,   0.712,   0.629,9999.000,9999.000,9999.000,9999.000,9999.000,9999.000,9999.000
202602201954,   0.668,   0.570,9999.000,9999.000,9999.000,9999.000,9999.000,9999.000,9999.000
202602202000,   0.624,   0.518,   1.000,  -0.945,   0.679,   0.900,   0.579,   1.000,   0.679
202602202006,   0.581,   0.459,9999.000,9999.000,9999.000,9999.000,9999.000,9999.000,9999.000
202602202012,   0.538,   0.409,9999.000,9999.000,9999.000,9999.000,9999.000,9999.000,9999.000
202602202018,   0.496,   0.360,9999.000,9999.000,9999.000,9999.000,9999.000,9999.000,9999.000
202602202024,   0.454,   0.308,9999.000,9999.000,9999.000,9999.000,9999.000,9999.000,9999.000
202602202030,   0.412,   0.259,9999.000,9999.000,9999.000,9999.000,9999.000,9999.000,9999.000
202602202036,   0.371,   0.209,9999.000,9999.000,9999.000,9999.000,9999.000,9999.000,9999.000
202602202042,   0.331,   0.160,9999.000,9999.000,9999.000,9999.000,9999.000,9999.000,9999.000
202602202048,   0.291,   0.098,9999.000,9999.000,9999.000,9999.000,9999.000,9999.000,9999.000
202602202054,   0.253,   0.059,9999.000,9999.000,9999.000,9999.000,9999.000,9999.000,9999.000
202602202100,   0.215,   0.009,   0.900,  -1.063,   0.052,   0.900,   0.052,   1.000,   0.152
202602202106,   0.178,  -0.029,9999.000,9999.000,9999.000,9999.000,9999.000,9999.000,9999.000
202602202112,   0.142,  -0.068,9999.000,9999.000,9999.000,9999.000,9999.000,9999.000,9999.000
202602202118,   0.108,  -0.111,9999.000,9999.000,9999.000,9999.000,9999.000,9999.000,9999.000
202602202124,   0.074,  -0.150,9999.000,9999.000,9999.000,9999.000,9999.000,9999.000,9999.000
202602202130,   0.042,  -0.190,9999.000,9999.000,9999.000,9999.000,9999.000,9999.000,9999.000
202602202136,   0.012,  -0.229,9999.000,9999.000,9999.000,9999.000,9999.000,9999.000,9999.000
202602202142,  -0.016,  -0.268,9999.000,9999.000,9999.000,9999.000,9999.000,9999.000,9999.000
202602202148,  -0.043,  -0.308,9999.000,9999.000,9999.000,9999.000,9999.000,9999.000,9999.000
202602202154,  -0.068,  -0.360,9999.000,9999.000,9999.000,9999.000,9999.000,9999.000,9999.000
202602202200,  -0.091,  -0.390,   0.900,  -1.233,  -0.424,   0.900,  -0.424,   1.000,  -0.324
202602202206,  -0.112,  -0.429,9999.000,9999.000,9999.000,9999.000,9999.000,9999.000,9999.000
202602202212,  -0.131,  -0.459,9999.000,9999.000,9999.000,9999.000,9999.000,9999.000,9999.000
202602202218,  -0.147,  -0.488,9999.000,9999.000,9999.000,9999.000,9999.000,9999.000,9999.000
202602202224,  -0.160,  -0.518,9999.000,9999.000,9999.000,9999.000,9999.000,9999.000,9999.000
202602202230,  -0.170,  -0.551,9999.000,9999.000,9999.000,9999.000,9999.000,9999.000,9999.000
202602202236,  -0.177,  -0.570,9999.000,9999.000,9999.000,9999.000,9999.000,9999.000,9999.000
202602202242,  -0.181,  -0.590,9999.000,9999.000,9999.000,9999.000,9999.000,9999.000,9999.000
202602202248,  -0.181,  -0.600,9999.000,9999.000,9999.000,9999.000,9999.000,9999.000,9999.000
202602202254,  -0.178,  -0.610,9999.000,9999.000,9999.000,9999.000,9999.000,9999.000,9999.000
202602202300,  -0.171,  -0.600,   0.800,  -1.461,  -0.832,   0.800,  -0.832,   0.900,  -0.732
202602202306,  -0.160,  -0.590,9999.000,9999.000,9999.000,9999.000,9999.000,9999.000,9999.000
202602202312,  -0.145,  -0.551,9999.000,9999.000,9999.000,9999.000,9999.000,9999.000,9999.000
202602202318,  -0.125,  -0.518,9999.000,9999.000,9999.000,9999.000,9999.000,9999.000,9999.000
202602202324,  -0.101,  -0.469,9999.000,9999.000,9999.000,9999.000,9999.000,9999.000,9999.000
202602202330,  -0.073,  -0.400,9999.000,9999.000,9999.000,9999.000,9999.000,9999.000,9999.000
202602202336,  -0.041,  -0.331,9999.000,9999.000,9999.000,9999.000,9999.000,9999.000,9999.000
202602202342,  -0.004,  -0.259,9999.000,9999.000,9999.000,9999.000,9999.000,9999.000,9999.000
202602202348,   0.036,  -0.180,9999.000,9999.000,9999.000,9999.000,9999.000,9999.000,9999.000
202602202354,   0.081,9999.000,9999.000,9999.000,9999.000,9999.000,9999.000,9999.000,9999.000
202602210000,   0.131,9999.000,   0.800,  -1.694,  -0.763,   0.700,  -0.863,   0.900,  -0.663
202602210006,   0.184,9999.000,9999.000,9999.000,9999.000,9999.000,9999.000,9999.000,9999.000
202602210012,   0.242,9999.000,9999.000,9999.000,9999.000,9999.000,9999.000,9999.000,9999.000
202602210018,   0.303,9999.000,9999.000,9999.000,9999.000,9999.000,9999.000,9999.000,9999.000
202602210024,   0.367,9999.000,9999.000,9999.000,9999.000,9999.000,9999.000,9999.000,9999.000
202602210030,   0.434,9999.000,9999.000,9999.000,9999.000,9999.000,9999.000,9999.000,9999.000
202602210036,   0.505,9999.000,9999.000,9999.000,9999.000,9999.000,9999.000,9999.000,9999.000
202602210042,   0.578,9999.000,9999.000,9999.000,9999.000,9999.000,9999.000,9999.000,9999.000
202602210048,   0.653,9999.000,9999.000,9999.000,9999.000,9999.000,9999.000,9999.000,9999.000
202602210054,   0.731,9999.000,9999.000,9999.000,9999.000,9999.000,9999.000,9999.000,9999.000
202602210100,   0.810,9999.000,   0.800,  -1.857,  -0.247,   0.600,  -0.447,   0.900,  -0.147
202602210106,   0.891,9999.000,9999.000,9999.000,9999.000,9999.000,9999.000,9999.000,9999.000
202602210112,   0.973,9999.000,9999.000,9999.000,9999.000,9999.000,9999.000,9999.000,9999.000
202602210118,   1.055,9999.000,9999.000,9999.000,9999.000,9999.000,9999.000,9999.000,9999.000
202602210124,   1.139,9999.000,9999.000,9999.000,9999.000,9999.000,9999.000,9999.000,9999.000
202602210130,   1.222,9999.000,9999.000,9999.000,9999.000,9999.000,9999.000,9999.000,9999.000
202602210136,   1.306,9999.000,9999.000,9999.000,9999.000,9999.000,9999.000,9999.000,9999.000
202602210142,   1.390,9999.000,9999.000,9999.000,9999.000,9999.000,9999.000,9999.000,9999.000
202602210148,   1.473,9999.000,9999.000,9999.000,9999.000,9999.000,9999.000,9999.000,9999.000
202602210154,   1.556,9999.000,9999.000,9999.000,9999.000,9999.000,9999.000,9999.000,9999.000
202602210200,   1.637,9999.000,   0.700,  -1.907,   0.430,   0.600,   0.330,   0.800,   0.530
202602210206,   1.718,9999.000,9999.000,9999.000,9999.000,9999.000,9999.000,9999.000,9999.000
202602210212,   1.797,9999.000,9999.000,9999.000,9999.000,9999.000,9999.000,9999.000,9999.000
202602210218,   1.874,9999.000,9999.000,9999.000,9999.000,9999.000,9999.000,9999.000,9999.000
202602210224,   1.950,9999.000,9999.000,9999.000,9999.000,9999.000,9999.000,9999.000,9999.000
202602210230,   2.023,9999.000,9999.000,9999.000,9999.000,9999.000,9999.000,9999.000,9999.000
202602210236,   2.094,9999.000,9999.000,9999.000,9999.000,9999.000,9999.000,9999.000,9999.000
202602210242,   2.163,9999.000,9999.000,9999.000,9999.000,9999.000,9999.000,9999.000,9999.000
202602210248,   2.229,9999.000,9999.000,9999.000,9999.000,9999.000,9999.000,9999.000,9999.000
202602210254,   2.292,9999.000,9999.000,9999.000,9999.000,9999.000,9999.000,9999.000,9999.000
202602210300,   2.351,9999.000,   0.700,  -1.834,   1.217,   0.600,   1.117,   0.800,   1.317
202602210306,   2.407,9999.000,9999.000,9999.000,9999.000,9999.000,9999.000,9999.000,9999.000
202602210312,   2.459,9999.000,9999.000,9999.000,9999.000,9999.000,9999.000,9999.000,9999.000
202602210318,   2.507,9999.000,9999.000,9999.000,9999.000,9999.000,9999.000,9999.000,9999.000
202602210324,   2.551,9999.000,9999.000,9999.000,9999.000,9999.000,9999.000,9999.000,9999.000
202602210330,   2.590,9999.000,9999.000,9999.000,9999.000,9999.000,9999.000,9999.000,9999.000
202602210336,   2.625,9999.000,9999.000,9999.000,9999.000,9999.000,9999.000,9999.000,9999.000
202602210342,   2.655,9999.000,9999.000,9999.000,9999.000,9999.000,9999.000,9999.000,9999.000
202602210348,   2.679,9999.000,9999.000,9999.000,9999.000,9999.000,9999.000,9999.000,9999.000
202602210354,   2.698,9999.000,9999.000,9999.000,9999.000,9999.000,9999.000,9999.000,9999.000
202602210400,   2.712,9999.000,   0.600,  -1.640,   1.672,   0.500,   1.572,   0.700,   1.772
202602210406,   2.721,9999.000,9999.000,9999.000,9999.000,9999.000,9999.000,9999.000,9999.000
202602210412,   2.724,9999.000,9999.000,9999.000,9999.000,9999.000,9999.000,9999.000,9999.000
202602210418,   2.722,9999.000,9999.000,9999.000,9999.000,9999.000,9999.000,9999.000,9999.000
202602210424,   2.715,9999.000,9999.000,9999.000,9999.000,9999.000,9999.000,9999.000,9999.000
202602210430,   2.702,9999.000,9999.000,9999.000,9999.000,9999.000,9999.000,9999.000,9999.000
202602210436,   2.684,9999.000,9999.000,9999.000,9999.000,9999.000,9999.000,9999.000,9999.000
202602210442,   2.661,9999.000,9999.000,9999.000,9999.000,9999.000,9999.000,9999.000,9999.000
202602210448,   2.634,9999.000,9999.000,9999.000,9999.000,9999.000,9999.000,9999.000,9999.000
202602210454,   2.602,9999.000,9999.000,9999.000,9999.000,9999.000,9999.000,9999.000,9999.000
202602210500,   2.565,9999.000,   0.600,  -1.377,   1.788,   0.600,   1.788,   0.700,   1.888
202602210506,   2.525,9999.000,9999.000,9999.000,9999.000,9999.000,9999.000,9999.000,9999.000
202602210512,   2.482,9999.000,9999.000,9999.000,9999.000,9999.000,9999.000,9999.000,9999.000
202602210518,   2.435,9999.000,9999.000,9999.000,9999.000,9999.000,9999.000,9999.000,9999.000
202602210524,   2.386,9999.000,9999.000,9999.000,9999.000,9999.000,9999.000,9999.000,9999.000
202602210530,   2.334,9999.000,9999.000,9999.000,9999.000,9999.000,9999.000,9999.000,9999.000
202602210536,   2.280,9999.000,9999.000,9999.000,9999.000,9999.000,9999.000,9999.000,9999.000
202602210542,   2.224,9999.000,9999.000,9999.000,9999.000,9999.000,9999.000,9999.000,9999.000
202602210548,   2.167,9999.000,9999.000,9999.000,9999.000,9999.000,9999.000,9999.000,9999.000
202602210554,   2.109,9999.000,9999.000,9999.000,9999.000,9999.000,9999.000,9999.000,9999.000
202602210600,   2.051,9999.000,   0.600,  -1.147,   1.504,   0.500,   1.404,   0.700,   1.604
202602210606,   1.992,9999.000,9999.000,9999.000,9999.000,9999.000,9999.000,9999.000,9999.000
202602210612,   1.932,9999.000,9999.000,9999.000,9999.000,9999.000,9999.000,9999.000,9999.000
202602210618,   1.873,9999.000,9999.000,9999.000,9999.000,9999.000,9999.000,9999.000,9999.000
202602210624,   1.814,9999.000,9999.000,9999.000,9999.000,9999.000,9999.000,9999.000,9999.000
202602210630,   1.755,9999.000,9999.000,9999.000,9999.000,9999.000,9999.000,9999.000,9999.000
202602210636,   1.697,9999.000,9999.000,9999.000,9999.000,9999.000,9999.000,9999.000,9999.000
202602210642,   1.639,9999.000,9999.000,9999.000,9999.000,9999.000,9999.000,9999.000,9999.000
202602210648,   1.582,9999.000,9999.000,9999.000,9999.000,9999.000,9999.000,9999.000,9999.000
202602210654,   1.526,9999.000,9999.000,9999.000,9999.000,9999.000,9999.000,9999.000,9999.000
202602210700,   1.471,9999.000,   0.600,  -1.031,   1.040,   0.500,   0.940,   0.700,   1.140
202602210706,   1.416,9999.000,9999.000,9999.000,9999.000,9999.000,9999.000,9999.000,9999.000
202602210712,   1.362,9999.000,9999.000,9999.000,9999.000,9999.000,9999.000,9999.000,9999.000
202602210718,   1.309,9999.000,9999.000,9999.000,9999.000,9999.000,9999.000,9999.000,9999.000
202602210724,   1.256,9999.000,9999.000,9999.000,9999.000,9999.000,9999.000,9999.000,9999.000
202602210730,   1.204,9999.000,9999.000,9999.000,9999.000,9999.000,9999.000,9999.000,9999.000
202602210736,   1.153,9999.000,9999.000,9999.000,9999.000,9999.000,9999.000,9999.000,9999.000
202602210742,   1.102,9999.000,9999.000,9999.000,9999.000,9999.000,9999.000,9999.000,9999.000
202602210748,   1.051,9999.000,9999.000,9999.000,9999.000,9999.000,9999.000,9999.000,9999.000
202602210754,   1.001,9999.000,9999.000,9999.000,9999.000,9999.000,9999.000,9999.000,9999.000
202602210800,   0.952,9999.000,   0.600,  -1.018,   0.534,   0.500,   0.434,   0.700,   0.634
202602210806,   0.903,9999.000,9999.000,9999.000,9999.000,9999.000,9999.000,9999.000,9999.000
202602210812,   0.854,9999.000,9999.000,9999.000,9999.000,9999.000,9999.000,9999.000,9999.000
202602210818,   0.806,9999.000,9999.000,9999.000,9999.000,9999.000,9999.000,9999.000,9999.000
202602210824,   0.758,9999.000,9999.000,9999.000,9999.000,9999.000,9999.000,9999.000,9999.000
202602210830,   0.711,9999.000,9999.000,9999.000,9999.000,9999.000,9999.000,9999.000,9999.000
202602210836,   0.664,9999.000,9999.000,9999.000,9999.000,9999.000,9999.000,9999.000,9999.000
202602210842,   0.618,9999.000,9999.000,9999.000,9999.000,9999.000,9999.000,9999.000,9999.000
202602210848,   0.573,9999.000,9999.000,9999.000,9999.000,9999.000,9999.000,9999.000,9999.000
202602210854,   0.528,9999.000,9999.000,9999.000,9999.000,9999.000,9999.000,9999.000,9999.000
202602210900,   0.483,9999.000,   0.600,  -1.063,   0.020,   0.600,   0.020,   0.700,   0.120
202602210906,   0.440,9999.000,9999.000,9999.000,9999.000,9999.000,9999.000,9999.000,9999.000
202602210912,   0.397,9999.000,9999.000,9999.000,9999.000,9999.000,9999.000,9999.000,9999.000
202602210918,   0.356,9999.000,9999.000,9999.000,9999.000,9999.000,9999.000,9999.000,9999.000
202602210924,   0.315,9999.000,9999.000,9999.000,9999.000,9999.000,9999.000,9999.000,9999.000
202602210930,   0.275,9999.000,9999.000,9999.000,9999.000,9999.000,9999.000,9999.000,9999.000
202602210936,   0.236,9999.000,9999.000,9999.000,9999.000,9999.000,9999.000,9999.000,9999.000
202602210942,   0.199,9999.000,9999.000,9999.000,9999.000,9999.000,9999.000,9999.000,9999.000
202602210948,   0.162,9999.000,9999.000,9999.000,9999.000,9999.000,9999.000,9999.000,9999.000
202602210954,   0.127,9999.000,9999.000,9999.000,9999.000,9999.000,9999.000,9999.000,9999.000
202602211000,   0.094,9999.000,   0.700,  -1.154,  -0.360,   0.600,  -0.460,   0.800,  -0.260
202602211006,   0.062,9999.000,9999.000,9999.000,9999.000,9999.000,9999.000,9999.000,9999.000
202602211012,   0.032,9999.000,9999.000,9999.000,9999.000,9999.000,9999.000,9999.000,9999.000
202602211018,   0.003,9999.000,9999.000,9999.000,9999.000,9999.000,9999.000,9999.000,9999.000
202602211024,  -0.023,9999.000,9999.000,9999.000,9999.000,9999.000,9999.000,9999.000,9999.000
202602211030,  -0.047,9999.000,9999.000,9999.000,9999.000,9999.000,9999.000,9999.000,9999.000
202602211036,  -0.070,9999.000,9999.000,9999.000,9999.000,9999.000,9999.000,9999.000,9999.000
202602211042,  -0.090,9999.000,9999.000,9999.000,9999.000,9999.000,9999.000,9999.000,9999.000
202602211048,  -0.107,9999.000,9999.000,9999.000,9999.000,9999.000,9999.000,9999.000,9999.000
202602211054,  -0.122,9999.000,9999.000,9999.000,9999.000,9999.000,9999.000,9999.000,9999.000
202602211100,  -0.134,9999.000,   0.700,  -1.302,  -0.736,   0.600,  -0.836,   0.800,  -0.636
202602211106,  -0.143,9999.000,9999.000,9999.000,9999.000,9999.000,9999.000,9999.000,9999.000
202602211112,  -0.149,9999.000,9999.000,9999.000,9999.000,9999.000,9999.000,9999.000,9999.000
202602211118,  -0.151,9999.000,9999.000,9999.000,9999.000,9999.000,9999.000,9999.000,9999.000
202602211124,  -0.150,9999.000,9999.000,9999.000,9999.000,9999.000,9999.000,9999.000,9999.000
202602211130,  -0.146,9999.000,9999.000,9999.000,9999.000,9999.000,9999.000,9999.000,9999.000
202602211136,  -0.137,9999.000,9999.000,9999.000,9999.000,9999.000,9999.000,9999.000,9999.000
202602211142,  -0.125,9999.000,9999.000,9999.000,9999.000,9999.000,9999.000,9999.000,9999.000
202602211148,  -0.108,9999.000,9999.000,9999.000,9999.000,9999.000,9999.000,9999.000,9999.000
202602211154,  -0.088,9999.000,9999.000,9999.000,9999.000,9999.000,9999.000,9999.000,9999.000
202602211200,  -0.064,9999.000,   0.700,  -1.472,  -0.836,   0.600,  -0.936,   0.800,  -0.736
202602211206,  -0.035,9999.000,9999.000,9999.000,9999.000,9999.000,9999.000,9999.000,9999.000
202602211212,  -0.003,9999.000,9999.000,9999.000,9999.000,9999.000,9999.000,9999.000,9999.000
202602211218,   0.033,9999.000,9999.000,9999.000,9999.000,9999.000,9999.000,9999.000,9999.000
202602211224,   0.073,9999.000,9999.000,9999.000,9999.000,9999.000,9999.000,9999.000,9999.000
202602211230,   0.117,9999.000,9999.000,9999.000,9999.000,9999.000,9999.000,9999.000,9999.000
202602211236,   0.164,9999.000,9999.000,9999.000,9999.000,9999.000,9999.000,9999.000,9999.000
202602211242,   0.215,9999.000,9999.000,9999.000,9999.000,9999.000,9999.000,9999.000,9999.000
202602211248,   0.269,9999.000,9999.000,9999.000,9999.000,9999.000,9999.000,9999.000,9999.000
202602211254,   0.326,9999.000,9999.000,9999.000,9999.000,9999.000,9999.000,9999.000,9999.000
202602211300,   0.386,9999.000,   0.700,  -1.603,  -0.517,   0.700,  -0.517,   0.800,  -0.417
202602211306,   0.448,9999.000,9999.000,9999.000,9999.000,9999.000,9999.000,9999.000,9999.000
202602211312,   0.513,9999.000,9999.000,9999.000,9999.000,9999.000,9999.000,9999.000,9999.000
202602211318,   0.579,9999.000,9999.000,9999.000,9999.000,9999.000,9999.000,9999.000,9999.000
202602211324,   0.647,9999.000,9999.000,9999.000,9999.000,9999.000,9999.000,9999.000,9999.000
202602211330,   0.717,9999.000,9999.000,9999.000,9999.000,9999.000,9999.000,9999.000,9999.000
202602211336,   0.788,9999.000,9999.000,9999.000,9999.000,9999.000,9999.000,9999.000,9999.000
202602211342,   0.859,9999.000,9999.000,9999.000,9999.000,9999.000,9999.000,9999.000,9999.000
202602211348,   0.931,9999.000,9999.000,9999.000,9999.000,9999.000,9999.000,9999.000,9999.000
202602211354,   1.004,9999.000,9999.000,9999.000,9999.000,9999.000,9999.000,9999.000,9999.000
202602211400,   1.077,9999.000,   0.700,  -1.653,   0.124,   0.700,   0.124,   0.800,   0.224
202602211406,   1.149,9999.000,9999.000,9999.000,9999.000,9999.000,9999.000,9999.000,9999.000
202602211412,   1.222,9999.000,9999.000,9999.000,9999.000,9999.000,9999.000,9999.000,9999.000
202602211418,   1.294,9999.000,9999.000,9999.000,9999.000,9999.000,9999.000,9999.000,9999.000
202602211424,   1.365,9999.000,9999.000,9999.000,9999.000,9999.000,9999.000,9999.000,9999.000
202602211430,   1.435,9999.000,9999.000,9999.000,9999.000,9999.000,9999.000,9999.000,9999.000
202602211436,   1.504,9999.000,9999.000,9999.000,9999.000,9999.000,9999.000,9999.000,9999.000
202602211442,   1.572,9999.000,9999.000,9999.000,9999.000,9999.000,9999.000,9999.000,9999.000
202602211448,   1.638,9999.000,9999.000,9999.000,9999.000,9999.000,9999.000,9999.000,9999.000
202602211454,   1.703,9999.000,9999.000,9999.000,9999.000,9999.000,9999.000,9999.000,9999.000
202602211500,   1.765,9999.000,   0.700,  -1.602,   0.863,   0.700,   0.863,   0.800,   0.963
202602211506,   1.826,9999.000,9999.000,9999.000,9999.000,9999.000,9999.000,9999.000,9999.000
202602211512,   1.884,9999.000,9999.000,9999.000,9999.000,9999.000,9999.000,9999.000,9999.000
202602211518,   1.939,9999.000,9999.000,9999.000,9999.000,9999.000,9999.000,9999.000,9999.000
202602211524,   1.992,9999.000,9999.000,9999.000,9999.000,9999.000,9999.000,9999.000,9999.000
202602211530,   2.041,9999.000,9999.000,9999.000,9999.000,9999.000,9999.000,9999.000,9999.000
202602211536,   2.088,9999.000,9999.000,9999.000,9999.000,9999.000,9999.000,9999.000,9999.000
202602211542,   2.130,9999.000,9999.000,9999.000,9999.000,9999.000,9999.000,9999.000,9999.000
202602211548,   2.169,9999.000,9999.000,9999.000,9999.000,9999.000,9999.000,9999.000,9999.000
202602211554,   2.204,9999.000,9999.000,9999.000,9999.000,9999.000,9999.000,9999.000,9999.000
202602211600,   2.235,9999.000,   0.700,  -1.439,   1.496,   0.700,   1.496,   0.800,   1.596
202602211606,   2.261,9999.000,9999.000,9999.000,9999.000,9999.000,9999.000,9999.000,9999.000
202602211612,   2.283,9999.000,9999.000,9999.000,9999.000,9999.000,9999.000,9999.000,9999.000
202602211618,   2.300,9999.000,9999.000,9999.000,9999.000,9999.000,9999.000,9999.000,9999.000
202602211624,   2.313,9999.000,9999.000,9999.000,9999.000,9999.000,9999.000,9999.000,9999.000
202602211630,   2.321,9999.000,9999.000,9999.000,9999.000,9999.000,9999.000,9999.000,9999.000
202602211636,   2.323,9999.000,9999.000,9999.000,9999.000,9999.000,9999.000,9999.000,9999.000
202602211642,   2.321,9999.000,9999.000,9999.000,9999.000,9999.000,9999.000,9999.000,9999.000
202602211648,   2.314,9999.000,9999.000,9999.000,9999.000,9999.000,9999.000,9999.000,9999.000
202602211654,   2.302,9999.000,9999.000,9999.000,9999.000,9999.000,9999.000,9999.000,9999.000
202602211700,   2.286,9999.000,   0.700,  -1.204,   1.782,   0.700,   1.782,   0.800,   1.882
202602211706,   2.265,9999.000,9999.000,9999.000,9999.000,9999.000,9999.000,9999.000,9999.000
202602211712,   2.240,9999.000,9999.000,9999.000,9999.000,9999.000,9999.000,9999.000,9999.000
202602211718,   2.211,9999.000,9999.000,9999.000,9999.000,9999.000,9999.000,9999.000,9999.000
202602211724,   2.178,9999.000,9999.000,9999.000,9999.000,9999.000,9999.000,9999.000,9999.000
202602211730,   2.141,9999.000,9999.000,9999.000,9999.000,9999.000,9999.000,9999.000,9999.000
202602211736,   2.101,9999.000,9999.000,9999.000,9999.000,9999.000,9999.000,9999.000,9999.000
202602211742,   2.059,9999.000,9999.000,9999.000,9999.000,9999.000,9999.000,9999.000,9999.000
202602211748,   2.014,9999.000,9999.000,9999.000,9999.000,9999.000,9999.000,9999.000,9999.000
202602211754,   1.966,9999.000,9999.000,9999.000,9999.000,9999.000,9999.000,9999.000,9999.000
202602211800,   1.917,9999.000,   0.700,  -1.002,   1.615,   0.700,   1.615,   0.800,   1.715
202602211806,   1.867,9999.000,9999.000,9999.000,9999.000,9999.000,9999.000,9999.000,9999.000
202602211812,   1.815,9999.000,9999.000,9999.000,9999.000,9999.000,9999.000,9999.000,9999.000
202602211818,   1.763,9999.000,9999.000,9999.000,9999.000,9999.000,9999.000,9999.000,9999.000
202602211824,   1.710,9999.000,9999.000,9999.000,9999.000,9999.000,9999.000,9999.000,9999.000
202602211830,   1.656,9999.000,9999.000,9999.000,9999.000,9999.000,9999.000,9999.000,9999.000
202602211836,   1.603,9999.000,9999.000,9999.000,9999.000,9999.000,9999.000,9999.000,9999.000
202602211842,   1.550,9999.000,9999.000,9999.000,9999.000,9999.000,9999.000,9999.000,9999.000
202602211848,   1.497,9999.000,9999.000,9999.000,9999.000,9999.000,9999.000,9999.000,9999.000
202602211854,   1.444,9999.000,9999.000,9999.000,9999.000,9999.000,9999.000,9999.000,9999.000
202602211900,   1.392,9999.000,   0.700,  -0.914,   1.178,   0.700,   1.178,   0.800,   1.278
202602211906,   1.341,9999.000,9999.000,9999.000,9999.000,9999.000,9999.000,9999.000,9999.000
202602211912,   1.291,9999.000,9999.000,9999.000,9999.000,9999.000,9999.000,9999.000,9999.000
202602211918,   1.241,9999.000,9999.000,9999.000,9999.000,9999.000,9999.000,9999.000,9999.000
202602211924,   1.192,9999.000,9999.000,9999.000,9999.000,9999.000,9999.000,9999.000,9999.000
202602211930,   1.143,9999.000,9999.000,9999.000,9999.000,9999.000,9999.000,9999.000,9999.000
202602211936,   1.096,9999.000,9999.000,9999.000,9999.000,9999.000,9999.000,9999.000,9999.000
202602211942,   1.049,9999.000,9999.000,9999.000,9999.000,9999.000,9999.000,9999.000,9999.000
202602211948,   1.003,9999.000,9999.000,9999.000,9999.000,9999.000,9999.000,9999.000,9999.000
202602211954,   0.957,9999.000,9999.000,9999.000,9999.000,9999.000,9999.000,9999.000,9999.000
202602212000,   0.912,9999.000,   0.800,  -0.923,   0.789,   0.700,   0.689,   0.800,   0.789
202602212006,   0.867,9999.000,9999.000,9999.000,9999.000,9999.000,9999.000,9999.000,9999.000
202602212012,   0.823,9999.000,9999.000,9999.000,9999.000,9999.000,9999.000,9999.000,9999.000
202602212018,   0.779,9999.000,9999.000,9999.000,9999.000,9999.000,9999.000,9999.000,9999.000
202602212024,   0.735,9999.000,9999.000,9999.000,9999.000,9999.000,9999.000,9999.000,9999.000
202602212030,   0.692,9999.000,9999.000,9999.000,9999.000,9999.000,9999.000,9999.000,9999.000
202602212036,   0.649,9999.000,9999.000,9999.000,9999.000,9999.000,9999.000,9999.000,9999.000
202602212042,   0.607,9999.000,9999.000,9999.000,9999.000,9999.000,9999.000,9999.000,9999.000
202602212048,   0.565,9999.000,9999.000,9999.000,9999.000,9999.000,9999.000,9999.000,9999.000
202602212054,   0.523,9999.000,9999.000,9999.000,9999.000,9999.000,9999.000,9999.000,9999.000
202602212100,   0.482,9999.000,   0.800,  -0.977,   0.305,   0.700,   0.205,   0.900,   0.405
202602212106,   0.441,9999.000,9999.000,9999.000,9999.000,9999.000,9999.000,9999.000,9999.000
202602212112,   0.401,9999.000,9999.000,9999.000,9999.000,9999.000,9999.000,9999.000,9999.000
202602212118,   0.361,9999.000,9999.000,9999.000,9999.000,9999.000,9999.000,9999.000,9999.000
202602212124,   0.322,9999.000,9999.000,9999.000,9999.000,9999.000,9999.000,9999.000,9999.000
202602212130,   0.284,9999.000,9999.000,9999.000,9999.000,9999.000,9999.000,9999.000,9999.000
202602212136,   0.247,9999.000,9999.000,9999.000,9999.000,9999.000,9999.000,9999.000,9999.000
202602212142,   0.210,9999.000,9999.000,9999.000,9999.000,9999.000,9999.000,9999.000,9999.000
202602212148,   0.175,9999.000,9999.000,9999.000,9999.000,9999.000,9999.000,9999.000,9999.000
202602212154,   0.140,9999.000,9999.000,9999.000,9999.000,9999.000,9999.000,9999.000,9999.000
202602212200,   0.107,9999.000,   0.800,  -1.086,  -0.179,   0.700,  -0.279,   0.900,  -0.079
202602212206,   0.074,9999.000,9999.000,9999.000,9999.000,9999.000,9999.000,9999.000,9999.000
202602212212,   0.043,9999.000,9999.000,9999.000,9999.000,9999.000,9999.000,9999.000,9999.000
202602212218,   0.014,9999.000,9999.000,9999.000,9999.000,9999.000,9999.000,9999.000,9999.000
202602212224,  -0.013,9999.000,9999.000,9999.000,9999.000,9999.000,9999.000,9999.000,9999.000
202602212230,  -0.040,9999.000,9999.000,9999.000,9999.000,9999.000,9999.000,9999.000,9999.000
202602212236,  -0.064,9999.000,9999.000,9999.000,9999.000,9999.000,9999.000,9999.000,9999.000
202602212242,  -0.087,9999.000,9999.000,9999.000,9999.000,9999.000,9999.000,9999.000,9999.000
202602212248,  -0.108,9999.000,9999.000,9999.000,9999.000,9999.000,9999.000,9999.000,9999.000
202602212254,  -0.127,9999.000,9999.000,9999.000,9999.000,9999.000,9999.000,9999.000,9999.000
202602212300,  -0.143,9999.000,   0.800,  -1.282,  -0.625,   0.700,  -0.725,   0.800,  -0.625
202602212306,  -0.157,9999.000,9999.000,9999.000,9999.000,9999.000,9999.000,9999.000,9999.000
202602212312,  -0.168,9999.000,9999.000,9999.000,9999.000,9999.000,9999.000,9999.000,9999.000
202602212318,  -0.176,9999.000,9999.000,9999.000,9999.000,9999.000,9999.000,9999.000,9999.000
202602212324,  -0.182,9999.000,9999.000,9999.000,9999.000,9999.000,9999.000,9999.000,9999.000
202602212330,  -0.184,9999.000,9999.000,9999.000,9999.000,9999.000,9999.000,9999.000,9999.000
202602212336,  -0.183,9999.000,9999.000,9999.000,9999.000,9999.000,9999.000,9999.000,9999.000
202602212342,  -0.178,9999.000,9999.000,9999.000,9999.000,9999.000,9999.000,9999.000,9999.000
202602212348,  -0.170,9999.000,9999.000,9999.000,9999.000,9999.000,9999.000,9999.000,9999.000
202602212354,  -0.157,9999.000,9999.000,9999.000,9999.000,9999.000,9999.000,9999.000,9999.000
202602220000,  -0.141,9999.000,   0.800,  -1.530,  -0.871,   0.700,  -0.971,   0.800,  -0.871
202602220006,  -0.121,9999.000,9999.000,9999.000,9999.000,9999.000,9999.000,9999.000,9999.000
202602220012,  -0.097,9999.000,9999.000,9999.000,9999.000,9999.000,9999.000,9999.000,9999.000
202602220018,  -0.068,9999.000,9999.000,9999.000,9999.000,9999.000,9999.000,9999.000,9999.000
202602220024,  -0.035,9999.000,9999.000,9999.000,9999.000,9999.000,9999.000,9999.000,9999.000
202602220030,   0.001,9999.000,9999.000,9999.000,9999.000,9999.000,9999.000,9999.000,9999.000
202602220036,   0.042,9999.000,9999.000,9999.000,9999.000,9999.000,9999.000,9999.000,9999.000
202602220042,   0.087,9999.000,9999.000,9999.000,9999.000,9999.000,9999.000,9999.000,9999.000
202602220048,   0.136,9999.000,9999.000,9999.000,9999.000,9999.000,9999.000,9999.000,9999.000
202602220054,   0.190,9999.000,9999.000,9999.000,9999.000,9999.000,9999.000,9999.000,9999.000
202602220100,   0.247,9999.000,   0.700,  -1.745,  -0.798,   0.700,  -0.798,   0.800,  -0.698
202602220106,   0.307,9999.000,9999.000,9999.000,9999.000,9999.000,9999.000,9999.000,9999.000
202602220112,   0.371,9999.000,9999.000,9999.000,9999.000,9999.000,9999.000,9999.000,9999.000
202602220118,   0.438,9999.000,9999.000,9999.000,9999.000,9999.000,9999.000,9999.000,9999.000
202602220124,   0.508,9999.000,9999.000,9999.000,9999.000,9999.000,9999.000,9999.000,9999.000
202602220130,   0.580,9999.000,9999.000,9999.000,9999.000,9999.000,9999.000,9999.000,9999.000
202602220136,   0.655,9999.000,9999.000,9999.000,9999.000,9999.000,9999.000,9999.000,9999.000
202602220142,   0.732,9999.000,9999.000,9999.000,9999.000,9999.000,9999.000,9999.000,9999.000
202602220148,   0.810,9999.000,9999.000,9999.000,9999.000,9999.000,9999.000,9999.000,9999.000
202602220154,   0.890,9999.000,9999.000,9999.000,9999.000,9999.000,9999.000,9999.000,9999.000
202602220200,   0.972,9999.000,   0.700,  -1.876,  -0.204,   0.700,  -0.204,   0.800,  -0.104
202602220206,   1.054,9999.000,9999.000,9999.000,9999.000,9999.000,9999.000,9999.000,9999.000
202602220212,   1.136,9999.000,9999.000,9999.000,9999.000,9999.000,9999.000,9999.000,9999.000
202602220218,   1.220,9999.000,9999.000,9999.000,9999.000,9999.000,9999.000,9999.000,9999.000
202602220224,   1.303,9999.000,9999.000,9999.000,9999.000,9999.000,9999.000,9999.000,9999.000
202602220230,   1.386,9999.000,9999.000,9999.000,9999.000,9999.000,9999.000,9999.000,9999.000
202602220236,   1.468,9999.000,9999.000,9999.000,9999.000,9999.000,9999.000,9999.000,9999.000
202602220242,   1.551,9999.000,9999.000,9999.000,9999.000,9999.000,9999.000,9999.000,9999.000
202602220248,   1.632,9999.000,9999.000,9999.000,9999.000,9999.000,9999.000,9999.000,9999.000
202602220254,   1.712,9999.000,9999.000,9999.000,9999.000,9999.000,9999.000,9999.000,9999.000
202602220300,   1.791,9999.000,   0.700,  -1.906,   0.585,   0.700,   0.585,   0.800,   0.685
202602220306,   1.868,9999.000,9999.000,9999.000,9999.000,9999.000,9999.000,9999.000,9999.000
202602220312,   1.943,9999.000,9999.000,9999.000,9999.000,9999.000,9999.000,9999.000,9999.000
202602220318,   2.017,9999.000,9999.000,9999.000,9999.000,9999.000,9999.000,9999.000,9999.000
202602220324,   2.088,9999.000,9999.000,9999.000,9999.000,9999.000,9999.000,9999.000,9999.000
202602220330,   2.157,9999.000,9999.000,9999.000,9999.000,9999.000,9999.000,9999.000,9999.000
202602220336,   2.224,9999.000,9999.000,9999.000,9999.000,9999.000,9999.000,9999.000,9999.000
202602220342,   2.287,9999.000,9999.000,9999.000,9999.000,9999.000,9999.000,9999.000,9999.000
202602220348,   2.347,9999.000,9999.000,9999.000,9999.000,9999.000,9999.000,9999.000,9999.000
202602220354,   2.404,9999.000,9999.000,9999.000,9999.000,9999.000,9999.000,9999.000,9999.000
202602220400,   2.457,9999.000,   0.700,  -1.809,   1.348,   0.700,   1.348,   0.800,   1.448
202602220406,   2.507,9999.000,9999.000,9999.000,9999.000,9999.000,9999.000,9999.000,9999.000
202602220412,   2.552,9999.000,9999.000,9999.000,9999.000,9999.000,9999.000,9999.000,9999.000
202602220418,   2.593,9999.000,9999.000,9999.000,9999.000,9999.000,9999.000,9999.000,9999.000
202602220424,   2.629,9999.000,9999.000,9999.000,9999.000,9999.000,9999.000,9999.000,9999.000
202602220430,   2.661,9999.000,9999.000,9999.000,9999.000,9999.000,9999.000,9999.000,9999.000
202602220436,   2.687,9999.000,9999.000,9999.000,9999.000,9999.000,9999.000,9999.000,9999.000
202602220442,   2.709,9999.000,9999.000,9999.000,9999.000,9999.000,9999.000,9999.000,9999.000
202602220448,   2.725,9999.000,9999.000,9999.000,9999.000,9999.000,9999.000,9999.000,9999.000
202602220454,   2.736,9999.000,9999.000,9999.000,9999.000,9999.000,9999.000,9999.000,9999.000
202602220500,   2.742,9999.000,   0.700,  -1.592,   1.850,   0.700,   1.850,   0.800,   1.950
202602220506,   2.743,9999.000,9999.000,9999.000,9999.000,9999.000,9999.000,9999.000,9999.000
202602220512,   2.738,9999.000,9999.000,9999.000,9999.000,9999.000,9999.000,9999.000,9999.000
202602220518,   2.728,9999.000,9999.000,9999.000,9999.000,9999.000,9999.000,9999.000,9999.000
202602220524,   2.712,9999.000,9999.000,9999.000,9999.000,9999.000,9999.000,9999.000,9999.000
202602220530,   2.692,9999.000,9999.000,9999.000,9999.000,9999.000,9999.000,9999.000,9999.000
202602220536,   2.667,9999.000,9999.000,9999.000,9999.000,9999.000,9999.000,9999.000,9999.000
202602220542,   2.638,9999.000,9999.000,9999.000,9999.000,9999.000,9999.000,9999.000,9999.000
202602220548,   2.604,9999.000,9999.000,9999.000,9999.000,9999.000,9999.000,9999.000,9999.000
202602220554,   2.567,9999.000,9999.000,9999.000,9999.000,9999.000,9999.000,9999.000,9999.000
202602220600,   2.526,9999.000,   0.700,  -1.342,   1.884,   0.700,   1.884,   0.800,   1.984
202602220606,   2.481,9999.000,9999.000,9999.000,9999.000,9999.000,9999.000,9999.000,9999.000
202602220612,   2.434,9999.000,9999.000,9999.000,9999.000,9999.000,9999.000,9999.000,9999.000
202602220618,   2.384,9999.000,9999.000,9999.000,9999.000,9999.000,9999.000,9999.000,9999.000
202602220624,   2.331,9999.000,9999.000,9999.000,9999.000,9999.000,9999.000,9999.000,9999.000
202602220630,   2.277,9999.000,9999.000,9999.000,9999.000,9999.000,9999.000,9999.000,9999.000
202602220636,   2.222,9999.000,9999.000,9999.000,9999.000,9999.000,9999.000,9999.000,9999.000
202602220642,   2.165,9999.000,9999.000,9999.000,9999.000,9999.000,9999.000,9999.000,9999.000
202602220648,   2.108,9999.000,9999.000,9999.000,9999.000,9999.000,9999.000,9999.000,9999.000
202602220654,   2.050,9999.000,9999.000,9999.000,9999.000,9999.000,9999.000,9999.000,9999.000
202602220700,   1.991,9999.000,   0.800,  -1.163,   1.628,   0.700,   1.528,   0.800,   1.628
202602220706,   1.933,9999.000,9999.000,9999.000,9999.000,9999.000,9999.000,9999.000,9999.000
202602220712,   1.874,9999.000,9999.000,9999.000,9999.000,9999.000,9999.000,9999.000,9999.000
202602220718,   1.816,9999.000,9999.000,9999.000,9999.000,9999.000,9999.000,9999.000,9999.000
202602220724,   1.759,9999.000,9999.000,9999.000,9999.000,9999.000,9999.000,9999.000,9999.000
202602220730,   1.702,9999.000,9999.000,9999.000,9999.000,9999.000,9999.000,9999.000,9999.000
202602220736,   1.645,9999.000,9999.000,9999.000,9999.000,9999.000,9999.000,9999.000,9999.000
202602220742,   1.590,9999.000,9999.000,9999.000,9999.000,9999.000,9999.000,9999.000,9999.000
202602220748,   1.535,9999.000,9999.000,9999.000,9999.000,9999.000,9999.000,9999.000,9999.000
202602220754,   1.480,9999.000,9999.000,9999.000,9999.000,9999.000,9999.000,9999.000,9999.000
202602220800,   1.427,9999.000,   0.800,  -1.073,   1.154,   0.700,   1.054,   0.900,   1.254
202602220806,   1.374,9999.000,9999.000,9999.000,9999.000,9999.000,9999.000,9999.000,9999.000
202602220812,   1.322,9999.000,9999.000,9999.000,9999.000,9999.000,9999.000,9999.000,9999.000
202602220818,   1.270,9999.000,9999.000,9999.000,9999.000,9999.000,9999.000,9999.000,9999.000
202602220824,   1.219,9999.000,9999.000,9999.000,9999.000,9999.000,9999.000,9999.000,9999.000
202602220830,   1.169,9999.000,9999.000,9999.000,9999.000,9999.000,9999.000,9999.000,9999.000
202602220836,   1.119,9999.000,9999.000,9999.000,9999.000,9999.000,9999.000,9999.000,9999.000
202602220842,   1.070,9999.000,9999.000,9999.000,9999.000,9999.000,9999.000,9999.000,9999.000
202602220848,   1.021,9999.000,9999.000,9999.000,9999.000,9999.000,9999.000,9999.000,9999.000
202602220854,   0.972,9999.000,9999.000,9999.000,9999.000,9999.000,9999.000,9999.000,9999.000
202602220900,   0.924,9999.000,   0.900,  -1.030,   0.794,   0.800,   0.694,   0.900,   0.794
202602220906,   0.877,9999.000,9999.000,9999.000,9999.000,9999.000,9999.000,9999.000,9999.000
202602220912,   0.830,9999.000,9999.000,9999.000,9999.000,9999.000,9999.000,9999.000,9999.000
202602220918,   0.783,9999.000,9999.000,9999.000,9999.000,9999.000,9999.000,9999.000,9999.000
202602220924,   0.737,9999.000,9999.000,9999.000,9999.000,9999.000,9999.000,9999.000,9999.000
202602220930,   0.691,9999.000,9999.000,9999.000,9999.000,9999.000,9999.000,9999.000,9999.000
202602220936,   0.647,9999.000,9999.000,9999.000,9999.000,9999.000,9999.000,9999.000,9999.000
202602220942,   0.602,9999.000,9999.000,9999.000,9999.000,9999.000,9999.000,9999.000,9999.000
202602220948,   0.559,9999.000,9999.000,9999.000,9999.000,9999.000,9999.000,9999.000,9999.000
202602220954,   0.516,9999.000,9999.000,9999.000,9999.000,9999.000,9999.000,9999.000,9999.000
202602221000,   0.474,9999.000,   0.900,  -1.039,   0.335,   0.800,   0.235,   1.000,   0.435
202602221006,   0.433,9999.000,9999.000,9999.000,9999.000,9999.000,9999.000,9999.000,9999.000
202602221012,   0.393,9999.000,9999.000,9999.000,9999.000,9999.000,9999.000,9999.000,9999.000
202602221018,   0.353,9999.000,9999.000,9999.000,9999.000,9999.000,9999.000,9999.000,9999.000
202602221024,   0.315,9999.000,9999.000,9999.000,9999.000,9999.000,9999.000,9999.000,9999.000
202602221030,   0.278,9999.000,9999.000,9999.000,9999.000,9999.000,9999.000,9999.000,9999.000
202602221036,   0.242,9999.000,9999.000,9999.000,9999.000,9999.000,9999.000,9999.000,9999.000
202602221042,   0.208,9999.000,9999.000,9999.000,9999.000,9999.000,9999.000,9999.000,9999.000
202602221048,   0.174,9999.000,9999.000,9999.000,9999.000,9999.000,9999.000,9999.000,9999.000
202602221054,   0.142,9999.000,9999.000,9999.000,9999.000,9999.000,9999.000,9999.000,9999.000
202602221100,   0.112,9999.000,   1.000,  -1.140,  -0.028,   0.800,  -0.228,   1.100,   0.072
202602221106,   0.083,9999.000,9999.000,9999.000,9999.000,9999.000,9999.000,9999.000,9999.000
202602221112,   0.056,9999.000,9999.000,9999.000,9999.000,9999.000,9999.000,9999.000,9999.000
202602221118,   0.031,9999.000,9999.000,9999.000,9999.000,9999.000,9999.000,9999.000,9999.000
202602221124,   0.008,9999.000,9999.000,9999.000,9999.000,9999.000,9999.000,9999.000,9999.000
202602221130,  -0.012,9999.000,9999.000,9999.000,9999.000,9999.000,9999.000,9999.000,9999.000
202602221136,  -0.031,9999.000,9999.000,9999.000,9999.000,9999.000,9999.000,9999.000,9999.000
202602221142,  -0.047,9999.000,9999.000,9999.000,9999.000,9999.000,9999.000,9999.000,9999.000
202602221148,  -0.061,9999.000,9999.000,9999.000,9999.000,9999.000,9999.000,9999.000,9999.000
202602221154,  -0.072,9999.000,9999.000,9999.000,9999.000,9999.000,9999.000,9999.000,9999.000
202602221200,  -0.080,9999.000,   1.000,  -1.312,  -0.392,   0.900,  -0.492,   1.200,  -0.192
202602221206,  -0.085,9999.000,9999.000,9999.000,9999.000,9999.000,9999.000,9999.000,9999.000
202602221212,  -0.087,9999.000,9999.000,9999.000,9999.000,9999.000,9999.000,9999.000,9999.000
202602221218,  -0.085,9999.000,9999.000,9999.000,9999.000,9999.000,9999.000,9999.000,9999.000
202602221224,  -0.080,9999.000,9999.000,9999.000,9999.000,9999.000,9999.000,9999.000,9999.000
202602221230,  -0.072,9999.000,9999.000,9999.000,9999.000,9999.000,9999.000,9999.000,9999.000
202602221236,  -0.059,9999.000,9999.000,9999.000,9999.000,9999.000,9999.000,9999.000,9999.000
202602221242,  -0.043,9999.000,9999.000,9999.000,9999.000,9999.000,9999.000,9999.000,9999.000
202602221248,  -0.023,9999.000,9999.000,9999.000,9999.000,9999.000,9999.000,9999.000,9999.000
202602221254,   0.000,9999.000,9999.000,9999.000,9999.000,9999.000,9999.000,9999.000,9999.000
202602221300,   0.027,9999.000,   1.100,  -1.479,  -0.352,   0.900,  -0.552,   1.300,  -0.152
202602221306,   0.058,9999.000,9999.000,9999.000,9999.000,9999.000,9999.000,9999.000,9999.000
202602221312,   0.093,9999.000,9999.000,9999.000,9999.000,9999.000,9999.000,9999.000,9999.000
202602221318,   0.131,9999.000,9999.000,9999.000,9999.000,9999.000,9999.000,9999.000,9999.000
202602221324,   0.173,9999.000,9999.000,9999.000,9999.000,9999.000,9999.000,9999.000,9999.000
202602221330,   0.218,9999.000,9999.000,9999.000,9999.000,9999.000,9999.000,9999.000,9999.000
202602221336,   0.266,9999.000,9999.000,9999.000,9999.000,9999.000,9999.000,9999.000,9999.000
202602221342,   0.316,9999.000,9999.000,9999.000,9999.000,9999.000,9999.000,9999.000,9999.000
202602221348,   0.370,9999.000,9999.000,9999.000,9999.000,9999.000,9999.000,9999.000,9999.000
202602221354,   0.426,9999.000,9999.000,9999.000,9999.000,9999.000,9999.000,9999.000,9999.000
202602221400,   0.484,9999.000,   1.200,  -1.590,   0.094,   1.000,  -0.106,   1.400,   0.294
202602221406,   0.544,9999.000,9999.000,9999.000,9999.000,9999.000,9999.000,9999.000,9999.000
202602221412,   0.606,9999.000,9999.000,9999.000,9999.000,9999.000,9999.000,9999.000,9999.000
202602221418,   0.670,9999.000,9999.000,9999.000,9999.000,9999.000,9999.000,9999.000,9999.000
202602221424,   0.734,9999.000,9999.000,9999.000,9999.000,9999.000,9999.000,9999.000,9999.000
202602221430,   0.799,9999.000,9999.000,9999.000,9999.000,9999.000,9999.000,9999.000,9999.000
202602221436,   0.866,9999.000,9999.000,9999.000,9999.000,9999.000,9999.000,9999.000,9999.000
202602221442,   0.932,9999.000,9999.000,9999.000,9999.000,9999.000,9999.000,9999.000,9999.000
202602221448,   0.999,9999.000,9999.000,9999.000,9999.000,9999.000,9999.000,9999.000,9999.000
202602221454,   1.066,9999.000,9999.000,9999.000,9999.000,9999.000,9999.000,9999.000,9999.000
202602221500,   1.133,9999.000,   1.300,  -1.624,   0.809,   1.000,   0.509,   1.500,   1.009
202602221506,   1.200,9999.000,9999.000,9999.000,9999.000,9999.000,9999.000,9999.000,9999.000
202602221512,   1.266,9999.000,9999.000,9999.000,9999.000,9999.000,9999.000,9999.000,9999.000
202602221518,   1.331,9999.000,9999.000,9999.000,9999.000,9999.000,9999.000,9999.000,9999.000
202602221524,   1.396,9999.000,9999.000,9999.000,9999.000,9999.000,9999.000,9999.000,9999.000
202602221530,   1.459,9999.000,9999.000,9999.000,9999.000,9999.000,9999.000,9999.000,9999.000
202602221536,   1.521,9999.000,9999.000,9999.000,9999.000,9999.000,9999.000,9999.000,9999.000
202602221542,   1.582,9999.000,9999.000,9999.000,9999.000,9999.000,9999.000,9999.000,9999.000
202602221548,   1.641,9999.000,9999.000,9999.000,9999.000,9999.000,9999.000,9999.000,9999.000
202602221554,   1.699,9999.000,9999.000,9999.000,9999.000,9999.000,9999.000,9999.000,9999.000
202602221600,   1.754,9999.000,   1.300,  -1.548,   1.506,   1.000,   1.206,   1.700,   1.906
202602221606,   1.807,9999.000,9999.000,9999.000,9999.000,9999.000,9999.000,9999.000,9999.000
202602221612,   1.857,9999.000,9999.000,9999.000,9999.000,9999.000,9999.000,9999.000,9999.000
202602221618,   1.905,9999.000,9999.000,9999.000,9999.000,9999.000,9999.000,9999.000,9999.000
202602221624,   1.950,9999.000,9999.000,9999.000,9999.000,9999.000,9999.000,9999.000,9999.000
202602221630,   1.992,9999.000,9999.000,9999.000,9999.000,9999.000,9999.000,9999.000,9999.000
202602221636,   2.031,9999.000,9999.000,9999.000,9999.000,9999.000,9999.000,9999.000,9999.000
202602221642,   2.066,9999.000,9999.000,9999.000,9999.000,9999.000,9999.000,9999.000,9999.000
202602221648,   2.097,9999.000,9999.000,9999.000,9999.000,9999.000,9999.000,9999.000,9999.000
202602221654,   2.124,9999.000,9999.000,9999.000,9999.000,9999.000,9999.000,9999.000,9999.000
202602221700,   2.147,9999.000,   1.400,  -1.359,   2.188,   1.100,   1.888,   1.700,   2.488
202602221706,   2.166,9999.000,9999.000,9999.000,9999.000,9999.000,9999.000,9999.000,9999.000
202602221712,   2.180,9999.000,9999.000,9999.000,9999.000,9999.000,9999.000,9999.000,9999.000
202602221718,   2.189,9999.000,9999.000,9999.000,9999.000,9999.000,9999.000,9999.000,9999.000
202602221724,   2.195,9999.000,9999.000,9999.000,9999.000,9999.000,9999.000,9999.000,9999.000
202602221730,   2.195,9999.000,9999.000,9999.000,9999.000,9999.000,9999.000,9999.000,9999.000
202602221736,   2.191,9999.000,9999.000,9999.000,9999.000,9999.000,9999.000,9999.000,9999.000
202602221742,   2.182,9999.000,9999.000,9999.000,9999.000,9999.000,9999.000,9999.000,9999.000
202602221748,   2.169,9999.000,9999.000,9999.000,9999.000,9999.000,9999.000,9999.000,9999.000
202602221754,   2.151,9999.000,9999.000,9999.000,9999.000,9999.000,9999.000,9999.000,9999.000
202602221800,   2.129,9999.000,   1.500,  -1.146,   2.483,   1.200,   2.183,   1.800,   2.783
202602221806,   2.103,9999.000,9999.000,9999.000,9999.000,9999.000,9999.000,9999.000,9999.000
202602221812,   2.074,9999.000,9999.000,9999.000,9999.000,9999.000,9999.000,9999.000,9999.000
202602221818,   2.041,9999.000,9999.000,9999.000,9999.000,9999.000,9999.000,9999.000,9999.000
202602221824,   2.005,9999.000,9999.000,9999.000,9999.000,9999.000,9999.000,9999.000,9999.000
202602221830,   1.966,9999.000,9999.000,9999.000,9999.000,9999.000,9999.000,9999.000,9999.000
202602221836,   1.924,9999.000,9999.000,9999.000,9999.000,9999.000,9999.000,9999.000,9999.000
202602221842,   1.880,9999.000,9999.000,9999.000,9999.000,9999.000,9999.000,9999.000,9999.000
202602221848,   1.834,9999.000,9999.000,9999.000,9999.000,9999.000,9999.000,9999.000,9999.000
202602221854,   1.787,9999.000,9999.000,9999.000,9999.000,9999.000,9999.000,9999.000,9999.000
202602221900,   1.738,9999.000,   1.600,  -1.017,   2.321,   1.200,   1.921,   1.900,   2.621
202602221906,   1.688,9999.000,9999.000,9999.000,9999.000,9999.000,9999.000,9999.000,9999.000
202602221912,   1.638,9999.000,9999.000,9999.000,9999.000,9999.000,9999.000,9999.000,9999.000
202602221918,   1.587,9999.000,9999.000,9999.000,9999.000,9999.000,9999.000,9999.000,9999.000
202602221924,   1.537,9999.000,9999.000,9999.000,9999.000,9999.000,9999.000,9999.000,9999.000
202602221930,   1.486,9999.000,9999.000,9999.000,9999.000,9999.000,9999.000,9999.000,9999.000
202602221936,   1.435,9999.000,9999.000,9999.000,9999.000,9999.000,9999.000,9999.000,9999.000
202602221942,   1.385,9999.000,9999.000,9999.000,9999.000,9999.000,9999.000,9999.000,9999.000
202602221948,   1.335,9999.000,9999.000,9999.000,9999.000,9999.000,9999.000,9999.000,9999.000
202602221954,   1.286,9999.000,9999.000,9999.000,9999.000,9999.000,9999.000,9999.000,9999.000
202602222000,   1.238,9999.000,   1.700,  -0.977,   1.961,   1.200,   1.461,   2.100,   2.361
202602222006,   1.190,9999.000,9999.000,9999.000,9999.000,9999.000,9999.000,9999.000,9999.000
202602222012,   1.143,9999.000,9999.000,9999.000,9999.000,9999.000,9999.000,9999.000,9999.000
202602222018,   1.097,9999.000,9999.000,9999.000,9999.000,9999.000,9999.000,9999.000,9999.000
202602222024,   1.051,9999.000,9999.000,9999.000,9999.000,9999.000,9999.000,9999.000,9999.000
202602222030,   1.006,9999.000,9999.000,9999.000,9999.000,9999.000,9999.000,9999.000,9999.000
202602222036,   0.962,9999.000,9999.000,9999.000,9999.000,9999.000,9999.000,9999.000,9999.000
202602222042,   0.918,9999.000,9999.000,9999.000,9999.000,9999.000,9999.000,9999.000,9999.000
202602222048,   0.875,9999.000,9999.000,9999.000,9999.000,9999.000,9999.000,9999.000,9999.000
202602222054,   0.832,9999.000,9999.000,9999.000,9999.000,9999.000,9999.000,9999.000,9999.000
202602222100,   0.789,9999.000,   1.800,  -0.968,   1.621,   1.300,   1.121,   2.200,   2.021
202602222106,   0.748,9999.000,9999.000,9999.000,9999.000,9999.000,9999.000,9999.000,9999.000
202602222112,   0.706,9999.000,9999.000,9999.000,9999.000,9999.000,9999.000,9999.000,9999.000
202602222118,   0.665,9999.000,9999.000,9999.000,9999.000,9999.000,9999.000,9999.000,9999.000
202602222124,   0.624,9999.000,9999.000,9999.000,9999.000,9999.000,9999.000,9999.000,9999.000
202602222130,   0.584,9999.000,9999.000,9999.000,9999.000,9999.000,9999.000,9999.000,9999.000
202602222136,   0.544,9999.000,9999.000,9999.000,9999.000,9999.000,9999.000,9999.000,9999.000
202602222142,   0.504,9999.000,9999.000,9999.000,9999.000,9999.000,9999.000,9999.000,9999.000
202602222148,   0.465,9999.000,9999.000,9999.000,9999.000,9999.000,9999.000,9999.000,9999.000
202602222154,   0.427,9999.000,9999.000,9999.000,9999.000,9999.000,9999.000,9999.000,9999.000
202602222200,   0.389,9999.000,   1.800,  -0.997,   1.192,   1.300,   0.692,   2.300,   1.692
202602222206,   0.352,9999.000,9999.000,9999.000,9999.000,9999.000,9999.000,9999.000,9999.000
202602222212,   0.315,9999.000,9999.000,9999.000,9999.000,9999.000,9999.000,9999.000,9999.000
202602222218,   0.279,9999.000,9999.000,9999.000,9999.000,9999.000,9999.000,9999.000,9999.000
202602222224,   0.244,9999.000,9999.000,9999.000,9999.000,9999.000,9999.000,9999.000,9999.000
202602222230,   0.210,9999.000,9999.000,9999.000,9999.000,9999.000,9999.000,9999.000,9999.000
202602222236,   0.177,9999.000,9999.000,9999.000,9999.000,9999.000,9999.000,9999.000,9999.000
202602222242,   0.144,9999.000,9999.000,9999.000,9999.000,9999.000,9999.000,9999.000,9999.000
202602222248,   0.113,9999.000,9999.000,9999.000,9999.000,9999.000,9999.000,9999.000,9999.000
202602222254,   0.083,9999.000,9999.000,9999.000,9999.000,9999.000,9999.000,9999.000,9999.000
202602222300,   0.055,9999.000,   1.900,  -1.124,   0.831,   1.300,   0.231,   2.500,   1.431
202602222306,   0.027,9999.000,9999.000,9999.000,9999.000,9999.000,9999.000,9999.000,9999.000
202602222312,   0.001,9999.000,9999.000,9999.000,9999.000,9999.000,9999.000,9999.000,9999.000
202602222318,  -0.022,9999.000,9999.000,9999.000,9999.000,9999.000,9999.000,9999.000,9999.000
202602222324,  -0.045,9999.000,9999.000,9999.000,9999.000,9999.000,9999.000,9999.000,9999.000
202602222330,  -0.065,9999.000,9999.000,9999.000,9999.000,9999.000,9999.000,9999.000,9999.000
202602222336,  -0.085,9999.000,9999.000,9999.000,9999.000,9999.000,9999.000,9999.000,9999.000
202602222342,  -0.102,9999.000,9999.000,9999.000,9999.000,9999.000,9999.000,9999.000,9999.000
202602222348,  -0.116,9999.000,9999.000,9999.000,9999.000,9999.000,9999.000,9999.000,9999.000
202602222354,  -0.129,9999.000,9999.000,9999.000,9999.000,9999.000,9999.000,9999.000,9999.000
202602230000,  -0.139,9999.000,   1.900,  -1.343,   0.418,   1.400,  -0.082,   2.600,   1.118
202602230006,  -0.147,9999.000,9999.000,9999.000,9999.000,9999.000,9999.000,9999.000,9999.000
202602230012,  -0.152,9999.000,9999.000,9999.000,9999.000,9999.000,9999.000,9999.000,9999.000
202602230018,  -0.153,9999.000,9999.000,9999.000,9999.000,9999.000,9999.000,9999.000,9999.000
202602230024,  -0.152,9999.000,9999.000,9999.000,9999.000,9999.000,9999.000,9999.000,9999.000
202602230030,  -0.148,9999.000,9999.000,9999.000,9999.000,9999.000,9999.000,9999.000,9999.000
202602230036,  -0.140,9999.000,9999.000,9999.000,9999.000,9999.000,9999.000,9999.000,9999.000
202602230042,  -0.128,9999.000,9999.000,9999.000,9999.000,9999.000,9999.000,9999.000,9999.000
202602230048,  -0.113,9999.000,9999.000,9999.000,9999.000,9999.000,9999.000,9999.000,9999.000
202602230054,  -0.094,9999.000,9999.000,9999.000,9999.000,9999.000,9999.000,9999.000,9999.000
202602230100,  -0.071,9999.000,   1.900,  -1.572,   0.257,   1.300,  -0.343,   2.700,   1.057
202602230106,  -0.045,9999.000,9999.000,9999.000,9999.000,9999.000,9999.000,9999.000,9999.000
202602230112,  -0.014,9999.000,9999.000,9999.000,9999.000,9999.000,9999.000,9999.000,9999.000
202602230118,   0.019,9999.000,9999.000,9999.000,9999.000,9999.000,9999.000,9999.000,9999.000
202602230124,   0.058,9999.000,9999.000,9999.000,9999.000,9999.000,9999.000,9999.000,9999.000
202602230130,   0.100,9999.000,9999.000,9999.000,9999.000,9999.000,9999.000,9999.000,9999.000
202602230136,   0.147,9999.000,9999.000,9999.000,9999.000,9999.000,9999.000,9999.000,9999.000
202602230142,   0.197,9999.000,9999.000,9999.000,9999.000,9999.000,9999.000,9999.000,9999.000
202602230148,   0.250,9999.000,9999.000,9999.000,9999.000,9999.000,9999.000,9999.000,9999.000
202602230154,   0.307,9999.000,9999.000,9999.000,9999.000,9999.000,9999.000,9999.000,9999.000
202602230200,   0.367,9999.000,   1.900,  -1.756,   0.511,   1.200,  -0.189,   2.700,   1.311
202602230206,   0.430,9999.000,9999.000,9999.000,9999.000,9999.000,9999.000,9999.000,9999.000
202602230212,   0.496,9999.000,9999.000,9999.000,9999.000,9999.000,9999.000,9999.000,9999.000
202602230218,   0.565,9999.000,9999.000,9999.000,9999.000,9999.000,9999.000,9999.000,9999.000
202602230224,   0.635,9999.000,9999.000,9999.000,9999.000,9999.000,9999.000,9999.000,9999.000
202602230230,   0.708,9999.000,9999.000,9999.000,9999.000,9999.000,9999.000,9999.000,9999.000
202602230236,   0.783,9999.000,9999.000,9999.000,9999.000,9999.000,9999.000,9999.000,9999.000
202602230242,   0.859,9999.000,9999.000,9999.000,9999.000,9999.000,9999.000,9999.000,9999.000
202602230248,   0.936,9999.000,9999.000,9999.000,9999.000,9999.000,9999.000,9999.000,9999.000
202602230254,   1.014,9999.000,9999.000,9999.000,9999.000,9999.000,9999.000,9999.000,9999.000
202602230300,   1.093,9999.000,   1.800,  -1.879,   1.014,   1.100,   0.314,   2.500,   1.714
202602230306,   1.173,9999.000,9999.000,9999.000,9999.000,9999.000,9999.000,9999.000,9999.000
202602230312,   1.252,9999.000,9999.000,9999.000,9999.000,9999.000,9999.000,9999.000,9999.000
202602230318,   1.332,9999.000,9999.000,9999.000,9999.000,9999.000,9999.000,9999.000,9999.000
202602230324,   1.411,9999.000,9999.000,9999.000,9999.000,9999.000,9999.000,9999.000,9999.000
202602230330,   1.490,9999.000,9999.000,9999.000,9999.000,9999.000,9999.000,9999.000,9999.000
202602230336,   1.569,9999.000,9999.000,9999.000,9999.000,9999.000,9999.000,9999.000,9999.000
202602230342,   1.646,9999.000,9999.000,9999.000,9999.000,9999.000,9999.000,9999.000,9999.000
202602230348,   1.723,9999.000,9999.000,9999.000,9999.000,9999.000,9999.000,9999.000,9999.000
202602230354,   1.798,9999.000,9999.000,9999.000,9999.000,9999.000,9999.000,9999.000,9999.000
202602230400,   1.871,9999.000,   1.800,  -1.895,   1.776,   0.900,   0.876,   2.800,   2.776
202602230406,   1.944,9999.000,9999.000,9999.000,9999.000,9999.000,9999.000,9999.000,9999.000
202602230412,   2.014,9999.000,9999.000,9999.000,9999.000,9999.000,9999.000,9999.000,9999.000
202602230418,   2.082,9999.000,9999.000,9999.000,9999.000,9999.000,9999.000,9999.000,9999.000
202602230424,   2.148,9999.000,9999.000,9999.000,9999.000,9999.000,9999.000,9999.000,9999.000
202602230430,   2.211,9999.000,9999.000,9999.000,9999.000,9999.000,9999.000,9999.000,9999.000
202602230436,   2.272,9999.000,9999.000,9999.000,9999.000,9999.000,9999.000,9999.000,9999.000
202602230442,   2.329,9999.000,9999.000,9999.000,9999.000,9999.000,9999.000,9999.000,9999.000
202602230448,   2.384,9999.000,9999.000,9999.000,9999.000,9999.000,9999.000,9999.000,9999.000
202602230454,   2.434,9999.000,9999.000,9999.000,9999.000,9999.000,9999.000,9999.000,9999.000
202602230500,   2.482,9999.000,   1.800,  -1.762,   2.520,   0.900,   1.620,   2.700,   3.420
202602230506,   2.525,9999.000,9999.000,9999.000,9999.000,9999.000,9999.000,9999.000,9999.000
202602230512,   2.564,9999.000,9999.000,9999.000,9999.000,9999.000,9999.000,9999.000,9999.000
202602230518,   2.598,9999.000,9999.000,9999.000,9999.000,9999.000,9999.000,9999.000,9999.000
202602230524,   2.628,9999.000,9999.000,9999.000,9999.000,9999.000,9999.000,9999.000,9999.000
202602230530,   2.654,9999.000,9999.000,9999.000,9999.000,9999.000,9999.000,9999.000,9999.000
202602230536,   2.674,9999.000,9999.000,9999.000,9999.000,9999.000,9999.000,9999.000,9999.000
202602230542,   2.690,9999.000,9999.000,9999.000,9999.000,9999.000,9999.000,9999.000,9999.000
202602230548,   2.700,9999.000,9999.000,9999.000,9999.000,9999.000,9999.000,9999.000,9999.000
202602230554,   2.705,9999.000,9999.000,9999.000,9999.000,9999.000,9999.000,9999.000,9999.000
202602230600,   2.705,9999.000,   1.800,  -1.538,   2.967,   1.000,   2.167,   2.800,   3.967
202602230606,   2.701,9999.000,9999.000,9999.000,9999.000,9999.000,9999.000,9999.000,9999.000
202602230612,   2.691,9999.000,9999.000,9999.000,9999.000,9999.000,9999.000,9999.000,9999.000
202602230618,   2.676,9999.000,9999.000,9999.000,9999.000,9999.000,9999.000,9999.000,9999.000
202602230624,   2.656,9999.000,9999.000,9999.000,9999.000,9999.000,9999.000,9999.000,9999.000
202602230630,   2.633,9999.000,9999.000,9999.000,9999.000,9999.000,9999.000,9999.000,9999.000
202602230636,   2.604,9999.000,9999.000,9999.000,9999.000,9999.000,9999.000,9999.000,9999.000
202602230642,   2.572,9999.000,9999.000,9999.000,9999.000,9999.000,9999.000,9999.000,9999.000
202602230648,   2.536,9999.000,9999.000,9999.000,9999.000,9999.000,9999.000,9999.000,9999.000
202602230654,   2.497,9999.000,9999.000,9999.000,9999.000,9999.000,9999.000,9999.000,9999.000
202602230700,   2.455,9999.000,   1.700,  -1.338,   2.817,   0.800,   1.917,   2.800,   3.917
202602230706,   2.410,9999.000,9999.000,9999.000,9999.000,9999.000,9999.000,9999.000,9999.000
202602230712,   2.362,9999.000,9999.000,9999.000,9999.000,9999.000,9999.000,9999.000,9999.000
202602230718,   2.313,9999.000,9999.000,9999.000,9999.000,9999.000,9999.000,9999.000,9999.000
202602230724,   2.262,9999.000,9999.000,9999.000,9999.000,9999.000,9999.000,9999.000,9999.000
202602230730,   2.210,9999.000,9999.000,9999.000,9999.000,9999.000,9999.000,9999.000,9999.000
202602230736,   2.156,9999.000,9999.000,9999.000,9999.000,9999.000,9999.000,9999.000,9999.000
202602230742,   2.102,9999.000,9999.000,9999.000,9999.000,9999.000,9999.000,9999.000,9999.000
202602230748,   2.047,9999.000,9999.000,9999.000,9999.000,9999.000,9999.000,9999.000,9999.000
202602230754,   1.992,9999.000,9999.000,9999.000,9999.000,9999.000,9999.000,9999.000,9999.000
202602230800,   1.937,9999.000,   1.700,  -1.198,   2.439,   0.800,   1.539,   2.700,   3.439
202602230806,   1.883,9999.000,9999.000,9999.000,9999.000,9999.000,9999.000,9999.000,9999.000
202602230812,   1.828,9999.000,9999.000,9999.000,9999.000,9999.000,9999.000,9999.000,9999.000
202602230818,   1.774,9999.000,9999.000,9999.000,9999.000,9999.000,9999.000,9999.000,9999.000
202602230824,   1.720,9999.000,9999.000,9999.000,9999.000,9999.000,9999.000,9999.000,9999.000
202602230830,   1.667,9999.000,9999.000,9999.000,9999.000,9999.000,9999.000,9999.000,9999.000
202602230836,   1.615,9999.000,9999.000,9999.000,9999.000,9999.000,9999.000,9999.000,9999.000
202602230842,   1.563,9999.000,9999.000,9999.000,9999.000,9999.000,9999.000,9999.000,9999.000
202602230848,   1.512,9999.000,9999.000,9999.000,9999.000,9999.000,9999.000,9999.000,9999.000
202602230854,   1.461,9999.000,9999.000,9999.000,9999.000,9999.000,9999.000,9999.000,9999.000
202602230900,   1.411,9999.000,   1.700,  -1.080,   2.031,   0.800,   1.131,   2.700,   3.031
202602230906,   1.361,9999.000,9999.000,9999.000,9999.000,9999.000,9999.000,9999.000,9999.000
202602230912,   1.312,9999.000,9999.000,9999.000,9999.000,9999.000,9999.000,9999.000,9999.000
202602230918,   1.264,9999.000,9999.000,9999.000,9999.000,9999.000,9999.000,9999.000,9999.000
202602230924,   1.216,9999.000,9999.000,9999.000,9999.000,9999.000,9999.000,9999.000,9999.000
202602230930,   1.168,9999.000,9999.000,9999.000,9999.000,9999.000,9999.000,9999.000,9999.000
202602230936,   1.121,9999.000,9999.000,9999.000,9999.000,9999.000,9999.000,9999.000,9999.000
202602230942,   1.074,9999.000,9999.000,9999.000,9999.000,9999.000,9999.000,9999.000,9999.000
202602230948,   1.028,9999.000,9999.000,9999.000,9999.000,9999.000,9999.000,9999.000,9999.000
202602230954,   0.982,9999.000,9999.000,9999.000,9999.000,9999.000,9999.000,9999.000,9999.000
202602231000,   0.936,9999.000,   1.800,  -0.997,   1.739,   0.700,   0.639,   2.800,   2.739
202602231006,   0.891,9999.000,9999.000,9999.000,9999.000,9999.000,9999.000,9999.000,9999.000
202602231012,   0.847,9999.000,9999.000,9999.000,9999.000,9999.000,9999.000,9999.000,9999.000
202602231018,   0.802,9999.000,9999.000,9999.000,9999.000,9999.000,9999.000,9999.000,9999.000
202602231024,   0.759,9999.000,9999.000,9999.000,9999.000,9999.000,9999.000,9999.000,9999.000
202602231030,   0.716,9999.000,9999.000,9999.000,9999.000,9999.000,9999.000,9999.000,9999.000
202602231036,   0.673,9999.000,9999.000,9999.000,9999.000,9999.000,9999.000,9999.000,9999.000
202602231042,   0.632,9999.000,9999.000,9999.000,9999.000,9999.000,9999.000,9999.000,9999.000
202602231048,   0.591,9999.000,9999.000,9999.000,9999.000,9999.000,9999.000,9999.000,9999.000
202602231054,   0.551,9999.000,9999.000,9999.000,9999.000,9999.000,9999.000,9999.000,9999.000
202602231100,   0.511,9999.000,   1.800,  -1.021,   1.290,   0.700,   0.190,   2.800,   2.290
202602231106,   0.473,9999.000,9999.000,9999.000,9999.000,9999.000,9999.000,9999.000,9999.000
202602231112,   0.435,9999.000,9999.000,9999.000,9999.000,9999.000,9999.000,9999.000,9999.000
202602231118,   0.399,9999.000,9999.000,9999.000,9999.000,9999.000,9999.000,9999.000,9999.000
202602231124,   0.363,9999.000,9999.000,9999.000,9999.000,9999.000,9999.000,9999.000,9999.000
202602231130,   0.329,9999.000,9999.000,9999.000,9999.000,9999.000,9999.000,9999.000,9999.000
202602231136,   0.296,9999.000,9999.000,9999.000,9999.000,9999.000,9999.000,9999.000,9999.000
202602231142,   0.264,9999.000,9999.000,9999.000,9999.000,9999.000,9999.000,9999.000,9999.000
202602231148,   0.233,9999.000,9999.000,9999.000,9999.000,9999.000,9999.000,9999.000,9999.000
202602231154,   0.203,9999.000,9999.000,9999.000,9999.000,9999.000,9999.000,9999.000,9999.000
202602231200,   0.176,9999.000,   1.800,  -1.155,   0.821,   1.000,   0.021,   2.800,   1.821
202602231206,   0.149,9999.000,9999.000,9999.000,9999.000,9999.000,9999.000,9999.000,9999.000
202602231212,   0.125,9999.000,9999.000,9999.000,9999.000,9999.000,9999.000,9999.000,9999.000
202602231218,   0.102,9999.000,9999.000,9999.000,9999.000,9999.000,9999.000,9999.000,9999.000
202602231224,   0.081,9999.000,9999.000,9999.000,9999.000,9999.000,9999.000,9999.000,9999.000
202602231230,   0.063,9999.000,9999.000,9999.000,9999.000,9999.000,9999.000,9999.000,9999.000
202602231236,   0.046,9999.000,9999.000,9999.000,9999.000,9999.000,9999.000,9999.000,9999.000
202602231242,   0.032,9999.000,9999.000,9999.000,9999.000,9999.000,9999.000,9999.000,9999.000
202602231248,   0.021,9999.000,9999.000,9999.000,9999.000,9999.000,9999.000,9999.000,9999.000
202602231254,   0.012,9999.000,9999.000,9999.000,9999.000,9999.000,9999.000,9999.000,9999.000
202602231300,   0.006,9999.000,   1.900,  -1.323,   0.583,   1.100,  -0.217,   2.800,   1.483
202602231306,   0.003,9999.000,9999.000,9999.000,9999.000,9999.000,9999.000,9999.000,9999.000
202602231312,   0.003,9999.000,9999.000,9999.000,9999.000,9999.000,9999.000,9999.000,9999.000
202602231318,   0.006,9999.000,9999.000,9999.000,9999.000,9999.000,9999.000,9999.000,9999.000
202602231324,   0.013,9999.000,9999.000,9999.000,9999.000,9999.000,9999.000,9999.000,9999.000
202602231330,   0.023,9999.000,9999.000,9999.000,9999.000,9999.000,9999.000,9999.000,9999.000
202602231336,   0.036,9999.000,9999.000,9999.000,9999.000,9999.000,9999.000,9999.000,9999.000
202602231342,   0.053,9999.000,9999.000,9999.000,9999.000,9999.000,9999.000,9999.000,9999.000
202602231348,   0.073,9999.000,9999.000,9999.000,9999.000,9999.000,9999.000,9999.000,9999.000
202602231354,   0.097,9999.000,9999.000,9999.000,9999.000,9999.000,9999.000,9999.000,9999.000
202602231400,   0.124,9999.000,   2.000,  -1.467,   0.657,   1.100,  -0.243,   2.900,   1.557
202602231406,   0.155,9999.000,9999.000,9999.000,9999.000,9999.000,9999.000,9999.000,9999.000
202602231412,   0.188,9999.000,9999.000,9999.000,9999.000,9999.000,9999.000,9999.000,9999.000
202602231418,   0.225,9999.000,9999.000,9999.000,9999.000,9999.000,9999.000,9999.000,9999.000
202602231424,   0.264,9999.000,9999.000,9999.000,9999.000,9999.000,9999.000,9999.000,9999.000
202602231430,   0.307,9999.000,9999.000,9999.000,9999.000,9999.000,9999.000,9999.000,9999.000
202602231436,   0.352,9999.000,9999.000,9999.000,9999.000,9999.000,9999.000,9999.000,9999.000
202602231442,   0.399,9999.000,9999.000,9999.000,9999.000,9999.000,9999.000,9999.000,9999.000
202602231448,   0.448,9999.000,9999.000,9999.000,9999.000,9999.000,9999.000,9999.000,9999.000
202602231454,   0.500,9999.000,9999.000,9999.000,9999.000,9999.000,9999.000,9999.000,9999.000
202602231500,   0.553,9999.000,   2.000,  -1.572,   0.981,   1.200,   0.181,   2.900,   1.881
202602231506,   0.607,9999.000,9999.000,9999.000,9999.000,9999.000,9999.000,9999.000,9999.000
202602231512,   0.663,9999.000,9999.000,9999.000,9999.000,9999.000,9999.000,9999.000,9999.000
202602231518,   0.720,9999.000,9999.000,9999.000,9999.000,9999.000,9999.000,9999.000,9999.000
202602231524,   0.778,9999.000,9999.000,9999.000,9999.000,9999.000,9999.000,9999.000,9999.000
202602231530,   0.837,9999.000,9999.000,9999.000,9999.000,9999.000,9999.000,9999.000,9999.000
202602231536,   0.896,9999.000,9999.000,9999.000,9999.000,9999.000,9999.000,9999.000,9999.000
202602231542,   0.956,9999.000,9999.000,9999.000,9999.000,9999.000,9999.000,9999.000,9999.000
202602231548,   1.015,9999.000,9999.000,9999.000,9999.000,9999.000,9999.000,9999.000,9999.000
202602231554,   1.075,9999.000,9999.000,9999.000,9999.000,9999.000,9999.000,9999.000,9999.000
202602231600,   1.134,9999.000,   2.100,  -1.594,   1.640,   1.400,   0.940,   3.000,   2.540
202602231606,   1.193,9999.000,9999.000,9999.000,9999.000,9999.000,9999.000,9999.000,9999.000
202602231612,   1.252,9999.000,9999.000,9999.000,9999.000,9999.000,9999.000,9999.000,9999.000
202602231618,   1.310,9999.000,9999.000,9999.000,9999.000,9999.000,9999.000,9999.000,9999.000
202602231624,   1.367,9999.000,9999.000,9999.000,9999.000,9999.000,9999.000,9999.000,9999.000
202602231630,   1.424,9999.000,9999.000,9999.000,9999.000,9999.000,9999.000,9999.000,9999.000
202602231636,   1.479,9999.000,9999.000,9999.000,9999.000,9999.000,9999.000,9999.000,9999.000
202602231642,   1.533,9999.000,9999.000,9999.000,9999.000,9999.000,9999.000,9999.000,9999.000
202602231648,   1.585,9999.000,9999.000,9999.000,9999.000,9999.000,9999.000,9999.000,9999.000
202602231654,   1.636,9999.000,9999.000,9999.000,9999.000,9999.000,9999.000,9999.000,9999.000
202602231700,   1.685,9999.000,   2.100,  -1.486,   2.299,   1.400,   1.599,   3.000,   3.199
202602231706,   1.731,9999.000,9999.000,9999.000,9999.000,9999.000,9999.000,9999.000,9999.000
202602231712,   1.776,9999.000,9999.000,9999.000,9999.000,9999.000,9999.000,9999.000,9999.000
202602231718,   1.817,9999.000,9999.000,9999.000,9999.000,9999.000,9999.000,9999.000,9999.000
202602231724,   1.856,9999.000,9999.000,9999.000,9999.000,9999.000,9999.000,9999.000,9999.000
202602231730,   1.892,9999.000,9999.000,9999.000,9999.000,9999.000,9999.000,9999.000,9999.000
202602231736,   1.925,9999.000,9999.000,9999.000,9999.000,9999.000,9999.000,9999.000,9999.000
202602231742,   1.954,9999.000,9999.000,9999.000,9999.000,9999.000,9999.000,9999.000,9999.000
202602231748,   1.980,9999.000,9999.000,9999.000,9999.000,9999.000,9999.000,9999.000,9999.000
202602231754,   2.002,9999.000,9999.000,9999.000,9999.000,9999.000,9999.000,9999.000,9999.000
202602231800,   2.020,9999.000,   2.200,  -1.302,   2.918,   1.400,   2.118,   3.100,   3.818
202602231806,   2.033,9999.000,9999.000,9999.000,9999.000,9999.000,9999.000,9999.000,9999.000
202602231812,   2.043,9999.000,9999.000,9999.000,9999.000,9999.000,9999.000,9999.000,9999.000
202602231818,   2.048,9999.000,9999.000,9999.000,9999.000,9999.000,9999.000,9999.000,9999.000
202602231824,   2.049,9999.000,9999.000,9999.000,9999.000,9999.000,9999.000,9999.000,9999.000
202602231830,   2.046,9999.000,9999.000,9999.000,9999.000,9999.000,9999.000,9999.000,9999.000
202602231836,   2.038,9999.000,9999.000,9999.000,9999.000,9999.000,9999.000,9999.000,9999.000
202602231842,   2.026,9999.000,9999.000,9999.000,9999.000,9999.000,9999.000,9999.000,9999.000
202602231848,   2.010,9999.000,9999.000,9999.000,9999.000,9999.000,9999.000,9999.000,9999.000
202602231854,   1.990,9999.000,9999.000,9999.000,9999.000,9999.000,9999.000,9999.000,9999.000
202602231900,   1.967,9999.000,   2.200,  -1.163,   3.004,   1.400,   2.204,   3.000,   3.804
202602231906,   1.940,9999.000,9999.000,9999.000,9999.000,9999.000,9999.000,9999.000,9999.000
202602231912,   1.910,9999.000,9999.000,9999.000,9999.000,9999.000,9999.000,9999.000,9999.000
202602231918,   1.877,9999.000,9999.000,9999.000,9999.000,9999.000,9999.000,9999.000,9999.000
202602231924,   1.841,9999.000,9999.000,9999.000,9999.000,9999.000,9999.000,9999.000,9999.000
202602231930,   1.803,9999.000,9999.000,9999.000,9999.000,9999.000,9999.000,9999.000,9999.000
202602231936,   1.763,9999.000,9999.000,9999.000,9999.000,9999.000,9999.000,9999.000,9999.000
202602231942,   1.721,9999.000,9999.000,9999.000,9999.000,9999.000,9999.000,9999.000,9999.000
202602231948,   1.678,9999.000,9999.000,9999.000,9999.000,9999.000,9999.000,9999.000,9999.000
202602231954,   1.634,9999.000,9999.000,9999.000,9999.000,9999.000,9999.000,9999.000,9999.000
202602232000,   1.589,9999.000,   2.200,  -1.097,   2.692,   1.500,   1.992,   3.000,   3.492
202602232006,   1.543,9999.000,9999.000,9999.000,9999.000,9999.000,9999.000,9999.000,9999.000
202602232012,   1.497,9999.000,9999.000,9999.000,9999.000,9999.000,9999.000,9999.000,9999.000
202602232018,   1.451,9999.000,9999.000,9999.000,9999.000,9999.000,9999.000,9999.000,9999.000
202602232024,   1.404,9999.000,9999.000,9999.000,9999.000,9999.000,9999.000,9999.000,9999.000
202602232030,   1.358,9999.000,9999.000,9999.000,9999.000,9999.000,9999.000,9999.000,9999.000
202602232036,   1.313,9999.000,9999.000,9999.000,9999.000,9999.000,9999.000,9999.000,9999.000
202602232042,   1.267,9999.000,9999.000,9999.000,9999.000,9999.000,9999.000,9999.000,9999.000
202602232048,   1.223,9999.000,9999.000,9999.000,9999.000,9999.000,9999.000,9999.000,9999.000
202602232054,   1.178,9999.000,9999.000,9999.000,9999.000,9999.000,9999.000,9999.000,9999.000
202602232100,   1.135,9999.000,   2.300,  -1.038,   2.397,   1.500,   1.597,   3.000,   3.097
202602232106,   1.091,9999.000,9999.000,9999.000,9999.000,9999.000,9999.000,9999.000,9999.000
202602232112,   1.049,9999.000,9999.000,9999.000,9999.000,9999.000,9999.000,9999.000,9999.000
202602232118,   1.007,9999.000,9999.000,9999.000,9999.000,9999.000,9999.000,9999.000,9999.000
202602232124,   0.965,9999.000,9999.000,9999.000,9999.000,9999.000,9999.000,9999.000,9999.000
202602232130,   0.924,9999.000,9999.000,9999.000,9999.000,9999.000,9999.000,9999.000,9999.000
202602232136,   0.884,9999.000,9999.000,9999.000,9999.000,9999.000,9999.000,9999.000,9999.000
202602232142,   0.844,9999.000,9999.000,9999.000,9999.000,9999.000,9999.000,9999.000,9999.000
202602232148,   0.804,9999.000,9999.000,9999.000,9999.000,9999.000,9999.000,9999.000,9999.000
202602232154,   0.764,9999.000,9999.000,9999.000,9999.000,9999.000,9999.000,9999.000,9999.000
202602232200,   0.725,9999.000,   2.300,  -0.984,   2.041,   1.500,   1.241,   3.000,   2.741
202602232206,   0.687,9999.000,9999.000,9999.000,9999.000,9999.000,9999.000,9999.000,9999.000
202602232212,   0.648,9999.000,9999.000,9999.000,9999.000,9999.000,9999.000,9999.000,9999.000
202602232218,   0.610,9999.000,9999.000,9999.000,9999.000,9999.000,9999.000,9999.000,9999.000
202602232224,   0.572,9999.000,9999.000,9999.000,9999.000,9999.000,9999.000,9999.000,9999.000
202602232230,   0.535,9999.000,9999.000,9999.000,9999.000,9999.000,9999.000,9999.000,9999.000
202602232236,   0.498,9999.000,9999.000,9999.000,9999.000,9999.000,9999.000,9999.000,9999.000
202602232242,   0.462,9999.000,9999.000,9999.000,9999.000,9999.000,9999.000,9999.000,9999.000
202602232248,   0.426,9999.000,9999.000,9999.000,9999.000,9999.000,9999.000,9999.000,9999.000
202602232254,   0.391,9999.000,9999.000,9999.000,9999.000,9999.000,9999.000,9999.000,9999.000
202602232300,   0.356,9999.000,   2.200,  -1.018,   1.538,   1.500,   0.838,   3.000,   2.338
202602232306,   0.322,9999.000,9999.000,9999.000,9999.000,9999.000,9999.000,9999.000,9999.000
202602232312,   0.289,9999.000,9999.000,9999.000,9999.000,9999.000,9999.000,9999.000,9999.000
202602232318,   0.257,9999.000,9999.000,9999.000,9999.000,9999.000,9999.000,9999.000,9999.000
202602232324,   0.225,9999.000,9999.000,9999.000,9999.000,9999.000,9999.000,9999.000,9999.000
202602232330,   0.195,9999.000,9999.000,9999.000,9999.000,9999.000,9999.000,9999.000,9999.000
202602232336,   0.165,9999.000,9999.000,9999.000,9999.000,9999.000,9999.000,9999.000,9999.000
202602232342,   0.137,9999.000,9999.000,9999.000,9999.000,9999.000,9999.000,9999.000,9999.000
202602232348,   0.110,9999.000,9999.000,9999.000,9999.000,9999.000,9999.000,9999.000,9999.000
202602232354,   0.084,9999.000,9999.000,9999.000,9999.000,9999.000,9999.000,9999.000,9999.000
202602240000,   0.059,9999.000,   2.200,  -1.170,   1.089,   1.500,   0.389,   2.900,   1.789
202602240006,   0.036,9999.000,9999.000,9999.000,9999.000,9999.000,9999.000,9999.000,9999.000
202602240012,   0.014,9999.000,9999.000,9999.000,9999.000,9999.000,9999.000,9999.000,9999.000
202602240018,  -0.005,9999.000,9999.000,9999.000,9999.000,9999.000,9999.000,9999.000,9999.000
202602240024,  -0.023,9999.000,9999.000,9999.000,9999.000,9999.000,9999.000,9999.000,9999.000
202602240030,  -0.040,9999.000,9999.000,9999.000,9999.000,9999.000,9999.000,9999.000,9999.000
202602240036,  -0.055,9999.000,9999.000,9999.000,9999.000,9999.000,9999.000,9999.000,9999.000
202602240042,  -0.068,9999.000,9999.000,9999.000,9999.000,9999.000,9999.000,9999.000,9999.000
202602240048,  -0.078,9999.000,9999.000,9999.000,9999.000,9999.000,9999.000,9999.000,9999.000
202602240054,  -0.087,9999.000,9999.000,9999.000,9999.000,9999.000,9999.000,9999.000,9999.000
202602240100,  -0.093,9999.000,   2.200,  -1.373,   0.734,   1.500,   0.034,   2.900,   1.434
202602240106,  -0.096,9999.000,9999.000,9999.000,9999.000,9999.000,9999.000,9999.000,9999.000
202602240112,  -0.097,9999.000,9999.000,9999.000,9999.000,9999.000,9999.000,9999.000,9999.000
202602240118,  -0.094,9999.000,9999.000,9999.000,9999.000,9999.000,9999.000,9999.000,9999.000
202602240124,  -0.089,9999.000,9999.000,9999.000,9999.000,9999.000,9999.000,9999.000,9999.000
202602240130,  -0.081,9999.000,9999.000,9999.000,9999.000,9999.000,9999.000,9999.000,9999.000
202602240136,  -0.069,9999.000,9999.000,9999.000,9999.000,9999.000,9999.000,9999.000,9999.000
202602240142,  -0.054,9999.000,9999.000,9999.000,9999.000,9999.000,9999.000,9999.000,9999.000
202602240148,  -0.035,9999.000,9999.000,9999.000,9999.000,9999.000,9999.000,9999.000,9999.000
202602240154,  -0.013,9999.000,9999.000,9999.000,9999.000,9999.000,9999.000,9999.000,9999.000
202602240200,   0.012,9999.000,   2.100,  -1.571,   0.541,   1.500,  -0.059,   2.800,   1.241
202602240206,   0.042,9999.000,9999.000,9999.000,9999.000,9999.000,9999.000,9999.000,9999.000
202602240212,   0.075,9999.000,9999.000,9999.000,9999.000,9999.000,9999.000,9999.000,9999.000
202602240218,   0.111,9999.000,9999.000,9999.000,9999.000,9999.000,9999.000,9999.000,9999.000
202602240224,   0.152,9999.000,9999.000,9999.000,9999.000,9999.000,9999.000,9999.000,9999.000
202602240230,   0.196,9999.000,9999.000,9999.000,9999.000,9999.000,9999.000,9999.000,9999.000
202602240236,   0.243,9999.000,9999.000,9999.000,9999.000,9999.000,9999.000,9999.000,9999.000
202602240242,   0.293,9999.000,9999.000,9999.000,9999.000,9999.000,9999.000,9999.000,9999.000
202602240248,   0.346,9999.000,9999.000,9999.000,9999.000,9999.000,9999.000,9999.000,9999.000
202602240254,   0.403,9999.000,9999.000,9999.000,9999.000,9999.000,9999.000,9999.000,9999.000
202602240300,   0.462,9999.000,   2.100,  -1.757,   0.805,   1.500,   0.205,   2.800,   1.505
202602240306,   0.523,9999.000,9999.000,9999.000,9999.000,9999.000,9999.000,9999.000,9999.000
202602240312,   0.587,9999.000,9999.000,9999.000,9999.000,9999.000,9999.000,9999.000,9999.000
202602240318,   0.653,9999.000,9999.000,9999.000,9999.000,9999.000,9999.000,9999.000,9999.000
202602240324,   0.720,9999.000,9999.000,9999.000,9999.000,9999.000,9999.000,9999.000,9999.000
202602240330,   0.789,9999.000,9999.000,9999.000,9999.000,9999.000,9999.000,9999.000,9999.000
202602240336,   0.860,9999.000,9999.000,9999.000,9999.000,9999.000,9999.000,9999.000,9999.000
202602240342,   0.932,9999.000,9999.000,9999.000,9999.000,9999.000,9999.000,9999.000,9999.000
202602240348,   1.004,9999.000,9999.000,9999.000,9999.000,9999.000,9999.000,9999.000,9999.000
202602240354,   1.077,9999.000,9999.000,9999.000,9999.000,9999.000,9999.000,9999.000,9999.000
202602240400,   1.151,9999.000,   2.000,  -1.880,   1.271,   1.400,   0.671,   2.700,   1.971
202602240406,   1.225,9999.000,9999.000,9999.000,9999.000,9999.000,9999.000,9999.000,9999.000
202602240412,   1.299,9999.000,9999.000,9999.000,9999.000,9999.000,9999.000,9999.000,9999.000
202602240418,   1.373,9999.000,9999.000,9999.000,9999.000,9999.000,9999.000,9999.000,9999.000
202602240424,   1.447,9999.000,9999.000,9999.000,9999.000,9999.000,9999.000,9999.000,9999.000
202602240430,   1.520,9999.000,9999.000,9999.000,9999.000,9999.000,9999.000,9999.000,9999.000
202602240436,   1.593,9999.000,9999.000,9999.000,9999.000,9999.000,9999.000,9999.000,9999.000
202602240442,   1.665,9999.000,9999.000,9999.000,9999.000,9999.000,9999.000,9999.000,9999.000
202602240448,   1.736,9999.000,9999.000,9999.000,9999.000,9999.000,9999.000,9999.000,9999.000
202602240454,   1.806,9999.000,9999.000,9999.000,9999.000,9999.000,9999.000,9999.000,9999.000
202602240500,   1.874,9999.000,   2.000,  -1.855,   2.019,   1.300,   1.319,   2.700,   2.719
202602240506,   1.941,9999.000,9999.000,9999.000,9999.000,9999.000,9999.000,9999.000,9999.000
202602240512,   2.006,9999.000,9999.000,9999.000,9999.000,9999.000,9999.000,9999.000,9999.000
202602240518,   2.069,9999.000,9999.000,9999.000,9999.000,9999.000,9999.000,9999.000,9999.000
202602240524,   2.130,9999.000,9999.000,9999.000,9999.000,9999.000,9999.000,9999.000,9999.000
202602240530,   2.189,9999.000,9999.000,9999.000,9999.000,9999.000,9999.000,9999.000,9999.000
202602240536,   2.245,9999.000,9999.000,9999.000,9999.000,9999.000,9999.000,9999.000,9999.000
202602240542,   2.298,9999.000,9999.000,9999.000,9999.000,9999.000,9999.000,9999.000,9999.000
202602240548,   2.348,9999.000,9999.000,9999.000,9999.000,9999.000,9999.000,9999.000,9999.000
202602240554,   2.394,9999.000,9999.000,9999.000,9999.000,9999.000,9999.000,9999.000,9999.000
202602240600,   2.437,9999.000,   2.000,  -1.699,   2.738,   1.300,   2.038,   2.700,   3.438
202602240606,   2.476,9999.000,9999.000,9999.000,9999.000,9999.000,9999.000,9999.000,9999.000
202602240612,   2.511,9999.000,9999.000,9999.000,9999.000,9999.000,9999.000,9999.000,9999.000
202602240618,   2.542,9999.000,9999.000,9999.000,9999.000,9999.000,9999.000,9999.000,9999.000
202602240624,   2.568,9999.000,9999.000,9999.000,9999.000,9999.000,9999.000,9999.000,9999.000
202602240630,   2.590,9999.000,9999.000,9999.000,9999.000,9999.000,9999.000,9999.000,9999.000
202602240636,   2.607,9999.000,9999.000,9999.000,9999.000,9999.000,9999.000,9999.000,9999.000
202602240642,   2.620,9999.000,9999.000,9999.000,9999.000,9999.000,9999.000,9999.000,9999.000
202602240648,   2.627,9999.000,9999.000,9999.000,9999.000,9999.000,9999.000,9999.000,9999.000
202602240654,   2.630,9999.000,9999.000,9999.000,9999.000,9999.000,9999.000,9999.000,9999.000
202602240700,   2.628,9999.000,   2.000,  -1.520,   3.108,   1.300,   2.408,   2.600,   3.708
202602240706,   2.621,9999.000,9999.000,9999.000,9999.000,9999.000,9999.000,9999.000,9999.000
202602240712,   2.610,9999.000,9999.000,9999.000,9999.000,9999.000,9999.000,9999.000,9999.000
202602240718,   2.594,9999.000,9999.000,9999.000,9999.000,9999.000,9999.000,9999.000,9999.000
202602240724,   2.574,9999.000,9999.000,9999.000,9999.000,9999.000,9999.000,9999.000,9999.000
202602240730,   2.551,9999.000,9999.000,9999.000,9999.000,9999.000,9999.000,9999.000,9999.000
202602240736,   2.523,9999.000,9999.000,9999.000,9999.000,9999.000,9999.000,9999.000,9999.000
202602240742,   2.492,9999.000,9999.000,9999.000,9999.000,9999.000,9999.000,9999.000,9999.000
202602240748,   2.457,9999.000,9999.000,9999.000,9999.000,9999.000,9999.000,9999.000,9999.000
202602240754,   2.420,9999.000,9999.000,9999.000,9999.000,9999.000,9999.000,9999.000,9999.000
202602240800,   2.380,9999.000,   2.000,  -1.368,   3.012,   1.400,   2.412,   2.600,   3.612
202602240806,   2.338,9999.000,9999.000,9999.000,9999.000,9999.000,9999.000,9999.000,9999.000
202602240812,   2.295,9999.000,9999.000,9999.000,9999.000,9999.000,9999.000,9999.000,9999.000
202602240818,   2.249,9999.000,9999.000,9999.000,9999.000,9999.000,9999.000,9999.000,9999.000
202602240824,   2.202,9999.000,9999.000,9999.000,9999.000,9999.000,9999.000,9999.000,9999.000
202602240830,   2.155,9999.000,9999.000,9999.000,9999.000,9999.000,9999.000,9999.000,9999.000
202602240836,   2.106,9999.000,9999.000,9999.000,9999.000,9999.000,9999.000,9999.000,9999.000
202602240842,   2.057,9999.000,9999.000,9999.000,9999.000,9999.000,9999.000,9999.000,9999.000
202602240848,   2.008,9999.000,9999.000,9999.000,9999.000,9999.000,9999.000,9999.000,9999.000
202602240854,   1.958,9999.000,9999.000,9999.000,9999.000,9999.000,9999.000,9999.000,9999.000
202602240900,   1.909,9999.000,   2.000,  -1.203,   2.706,   1.300,   2.006,   2.600,   3.306
202602240906,   1.860,9999.000,9999.000,9999.000,9999.000,9999.000,9999.000,9999.000,9999.000
202602240912,   1.811,9999.000,9999.000,9999.000,9999.000,9999.000,9999.000,9999.000,9999.000
202602240918,   1.762,9999.000,9999.000,9999.000,9999.000,9999.000,9999.000,9999.000,9999.000
202602240924,   1.714,9999.000,9999.000,9999.000,9999.000,9999.000,9999.000,9999.000,9999.000
202602240930,   1.666,9999.000,9999.000,9999.000,9999.000,9999.000,9999.000,9999.000,9999.000
202602240936,   1.618,9999.000,9999.000,9999.000,9999.000,9999.000,9999.000,9999.000,9999.000
202602240942,   1.571,9999.000,9999.000,9999.000,9999.000,9999.000,9999.000,9999.000,9999.000
202602240948,   1.524,9999.000,9999.000,9999.000,9999.000,9999.000,9999.000,9999.000,9999.000
202602240954,   1.478,9999.000,9999.000,9999.000,9999.000,9999.000,9999.000,9999.000,9999.000
202602241000,   1.432,9999.000,   1.900,  -1.036,   2.296,   1.300,   1.696,   2.500,   2.896
202602241006,   1.386,9999.000,9999.000,9999.000,9999.000,9999.000,9999.000,9999.000,9999.000
202602241012,   1.341,9999.000,9999.000,9999.000,9999.000,9999.000,9999.000,9999.000,9999.000
202602241018,   1.296,9999.000,9999.000,9999.000,9999.000,9999.000,9999.000,9999.000,9999.000
202602241024,   1.251,9999.000,9999.000,9999.000,9999.000,9999.000,9999.000,9999.000,9999.000
202602241030,   1.207,9999.000,9999.000,9999.000,9999.000,9999.000,9999.000,9999.000,9999.000
202602241036,   1.162,9999.000,9999.000,9999.000,9999.000,9999.000,9999.000,9999.000,9999.000
202602241042,   1.118,9999.000,9999.000,9999.000,9999.000,9999.000,9999.000,9999.000,9999.000
202602241048,   1.075,9999.000,9999.000,9999.000,9999.000,9999.000,9999.000,9999.000,9999.000
202602241054,   1.031,9999.000,9999.000,9999.000,9999.000,9999.000,9999.000,9999.000,9999.000
202602241100,   0.988,9999.000,   1.900,  -0.966,   1.922,   1.300,   1.322,   2.500,   2.522
202602241106,   0.946,9999.000,9999.000,9999.000,9999.000,9999.000,9999.000,9999.000,9999.000
202602241112,   0.903,9999.000,9999.000,9999.000,9999.000,9999.000,9999.000,9999.000,9999.000
202602241118,   0.862,9999.000,9999.000,9999.000,9999.000,9999.000,9999.000,9999.000,9999.000
202602241124,   0.820,9999.000,9999.000,9999.000,9999.000,9999.000,9999.000,9999.000,9999.000
202602241130,   0.780,9999.000,9999.000,9999.000,9999.000,9999.000,9999.000,9999.000,9999.000
202602241136,   0.740,9999.000,9999.000,9999.000,9999.000,9999.000,9999.000,9999.000,9999.000
202602241142,   0.700,9999.000,9999.000,9999.000,9999.000,9999.000,9999.000,9999.000,9999.000
202602241148,   0.662,9999.000,9999.000,9999.000,9999.000,9999.000,9999.000,9999.000,9999.000
202602241154,   0.624,9999.000,9999.000,9999.000,9999.000,9999.000,9999.000,9999.000,9999.000
202602241200,   0.586,9999.000,   1.900,  -1.032,   1.454,   1.300,   0.854,   2.400,   1.954
202602241206,   0.550,9999.000,9999.000,9999.000,9999.000,9999.000,9999.000,9999.000,9999.000
202602241212,   0.514,9999.000,9999.000,9999.000,9999.000,9999.000,9999.000,9999.000,9999.000
202602241218,   0.479,9999.000,9999.000,9999.000,9999.000,9999.000,9999.000,9999.000,9999.000
202602241224,   0.446,9999.000,9999.000,9999.000,9999.000,9999.000,9999.000,9999.000,9999.000
202602241230,   0.413,9999.000,9999.000,9999.000,9999.000,9999.000,9999.000,9999.000,9999.000
202602241236,   0.381,9999.000,9999.000,9999.000,9999.000,9999.000,9999.000,9999.000,9999.000
202602241242,   0.351,9999.000,9999.000,9999.000,9999.000,9999.000,9999.000,9999.000,9999.000
202602241248,   0.321,9999.000,9999.000,9999.000,9999.000,9999.000,9999.000,9999.000,9999.000
202602241254,   0.293,9999.000,9999.000,9999.000,9999.000,9999.000,9999.000,9999.000,9999.000
202602241300,   0.266,9999.000,   1.800,  -1.166,   0.900,   1.300,   0.400,   2.300,   1.400
202602241306,   0.241,9999.000,9999.000,9999.000,9999.000,9999.000,9999.000,9999.000,9999.000
202602241312,   0.217,9999.000,9999.000,9999.000,9999.000,9999.000,9999.000,9999.000,9999.000
202602241318,   0.195,9999.000,9999.000,9999.000,9999.000,9999.000,9999.000,9999.000,9999.000
202602241324,   0.175,9999.000,9999.000,9999.000,9999.000,9999.000,9999.000,9999.000,9999.000
202602241330,   0.157,9999.000,9999.000,9999.000,9999.000,9999.000,9999.000,9999.000,9999.000
202602241336,   0.140,9999.000,9999.000,9999.000,9999.000,9999.000,9999.000,9999.000,9999.000
202602241342,   0.126,9999.000,9999.000,9999.000,9999.000,9999.000,9999.000,9999.000,9999.000
202602241348,   0.115,9999.000,9999.000,9999.000,9999.000,9999.000,9999.000,9999.000,9999.000
202602241354,   0.106,9999.000,9999.000,9999.000,9999.000,9999.000,9999.000,9999.000,9999.000
202602241400,   0.100,9999.000,   1.800,  -1.308,   0.592,   1.200,  -0.008,   2.200,   0.992
202602241406,   0.096,9999.000,9999.000,9999.000,9999.000,9999.000,9999.000,9999.000,9999.000
202602241412,   0.095,9999.000,9999.000,9999.000,9999.000,9999.000,9999.000,9999.000,9999.000
202602241418,   0.098,9999.000,9999.000,9999.000,9999.000,9999.000,9999.000,9999.000,9999.000
202602241424,   0.103,9999.000,9999.000,9999.000,9999.000,9999.000,9999.000,9999.000,9999.000
202602241430,   0.111,9999.000,9999.000,9999.000,9999.000,9999.000,9999.000,9999.000,9999.000
202602241436,   0.123,9999.000,9999.000,9999.000,9999.000,9999.000,9999.000,9999.000,9999.000
202602241442,   0.137,9999.000,9999.000,9999.000,9999.000,9999.000,9999.000,9999.000,9999.000
202602241448,   0.155,9999.000,9999.000,9999.000,9999.000,9999.000,9999.000,9999.000,9999.000
202602241454,   0.176,9999.000,9999.000,9999.000,9999.000,9999.000,9999.000,9999.000,9999.000
202602241500,   0.200,9999.000,   1.700,  -1.457,   0.443,   1.200,  -0.057,   2.200,   0.943
202602241506,   0.226,9999.000,9999.000,9999.000,9999.000,9999.000,9999.000,9999.000,9999.000
202602241512,   0.256,9999.000,9999.000,9999.000,9999.000,9999.000,9999.000,9999.000,9999.000
202602241518,   0.288,9999.000,9999.000,9999.000,9999.000,9999.000,9999.000,9999.000,9999.000
202602241524,   0.322,9999.000,9999.000,9999.000,9999.000,9999.000,9999.000,9999.000,9999.000
202602241530,   0.359,9999.000,9999.000,9999.000,9999.000,9999.000,9999.000,9999.000,9999.000
202602241536,   0.398,9999.000,9999.000,9999.000,9999.000,9999.000,9999.000,9999.000,9999.000
202602241542,   0.439,9999.000,9999.000,9999.000,9999.000,9999.000,9999.000,9999.000,9999.000
202602241548,   0.482,9999.000,9999.000,9999.000,9999.000,9999.000,9999.000,9999.000,9999.000
202602241554,   0.527,9999.000,9999.000,9999.000,9999.000,9999.000,9999.000,9999.000,9999.000
202602241600,   0.573,9999.000,   1.600,  -1.569,   0.604,   1.100,   0.104,   2.000,   1.004
202602241606,   0.620,9999.000,9999.000,9999.000,9999.000,9999.000,9999.000,9999.000,9999.000
202602241612,   0.669,9999.000,9999.000,9999.000,9999.000,9999.000,9999.000,9999.000,9999.000
202602241618,   0.718,9999.000,9999.000,9999.000,9999.000,9999.000,9999.000,9999.000,9999.000
202602241624,   0.769,9999.000,9999.000,9999.000,9999.000,9999.000,9999.000,9999.000,9999.000
202602241630,   0.820,9999.000,9999.000,9999.000,9999.000,9999.000,9999.000,9999.000,9999.000
202602241636,   0.872,9999.000,9999.000,9999.000,9999.000,9999.000,9999.000,9999.000,9999.000
202602241642,   0.924,9999.000,9999.000,9999.000,9999.000,9999.000,9999.000,9999.000,9999.000
202602241648,   0.976,9999.000,9999.000,9999.000,9999.000,9999.000,9999.000,9999.000,9999.000
202602241654,   1.029,9999.000,9999.000,9999.000,9999.000,9999.000,9999.000,9999.000,9999.000
202602241700,   1.082,9999.000,   1.600,  -1.559,   1.123,   1.100,   0.623,   2.000,   1.523
202602241706,   1.134,9999.000,9999.000,9999.000,9999.000,9999.000,9999.000,9999.000,9999.000
202602241712,   1.187,9999.000,9999.000,9999.000,9999.000,9999.000,9999.000,9999.000,9999.000
202602241718,   1.239,9999.000,9999.000,9999.000,9999.000,9999.000,9999.000,9999.000,9999.000
202602241724,   1.290,9999.000,9999.000,9999.000,9999.000,9999.000,9999.000,9999.000,9999.000
202602241730,   1.341,9999.000,9999.000,9999.000,9999.000,9999.000,9999.000,9999.000,9999.000
202602241736,   1.391,9999.000,9999.000,9999.000,9999.000,9999.000,9999.000,9999.000,9999.000
202602241742,   1.441,9999.000,9999.000,9999.000,9999.000,9999.000,9999.000,9999.000,9999.000
202602241748,   1.488,9999.000,9999.000,9999.000,9999.000,9999.000,9999.000,9999.000,9999.000
202602241754,   1.535,9999.000,9999.000,9999.000,9999.000,9999.000,9999.000,9999.000,9999.000
202602241800,   1.580,9999.000,   1.500,  -1.439,   1.641,   1.000,   1.141,   1.900,   2.041
202602241806,   1.623,9999.000,9999.000,9999.000,9999.000,9999.000,9999.000,9999.000,9999.000
202602241812,   1.664,9999.000,9999.000,9999.000,9999.000,9999.000,9999.000,9999.000,9999.000
202602241818,   1.702,9999.000,9999.000,9999.000,9999.000,9999.000,9999.000,9999.000,9999.000
202602241824,   1.738,9999.000,9999.000,9999.000,9999.000,9999.000,9999.000,9999.000,9999.000
202602241830,   1.772,9999.000,9999.000,9999.000,9999.000,9999.000,9999.000,9999.000,9999.000
202602241836,   1.802,9999.000,9999.000,9999.000,9999.000,9999.000,9999.000,9999.000,9999.000
202602241842,   1.829,9999.000,9999.000,9999.000,9999.000,9999.000,9999.000,9999.000,9999.000
202602241848,   1.852,9999.000,9999.000,9999.000,9999.000,9999.000,9999.000,9999.000,9999.000
202602241854,   1.872,9999.000,9999.000,9999.000,9999.000,9999.000,9999.000,9999.000,9999.000
202602241900,   1.888,9999.000,   1.400,  -1.325,   1.963,   1.000,   1.563,   1.800,   2.363
202602241906,   1.900,9999.000,9999.000,9999.000,9999.000,9999.000,9999.000,9999.000,9999.000
202602241912,   1.909,9999.000,9999.000,9999.000,9999.000,9999.000,9999.000,9999.000,9999.000
202602241918,   1.913,9999.000,9999.000,9999.000,9999.000,9999.000,9999.000,9999.000,9999.000
202602241924,   1.913,9999.000,9999.000,9999.000,9999.000,9999.000,9999.000,9999.000,9999.000
202602241930,   1.910,9999.000,9999.000,9999.000,9999.000,9999.000,9999.000,9999.000,9999.000
202602241936,   1.902,9999.000,9999.000,9999.000,9999.000,9999.000,9999.000,9999.000,9999.000
202602241942,   1.891,9999.000,9999.000,9999.000,9999.000,9999.000,9999.000,9999.000,9999.000
202602241948,   1.876,9999.000,9999.000,9999.000,9999.000,9999.000,9999.000,9999.000,9999.000
202602241954,   1.858,9999.000,9999.000,9999.000,9999.000,9999.000,9999.000,9999.000,9999.000
202602242000,   1.836,9999.000,   1.400,  -1.259,   1.977,   1.000,   1.577,   1.800,   2.377
202602242006,   1.811,9999.000,9999.000,9999.000,9999.000,9999.000,9999.000,9999.000,9999.000
202602242012,   1.784,9999.000,9999.000,9999.000,9999.000,9999.000,9999.000,9999.000,9999.000
202602242018,   1.754,9999.000,9999.000,9999.000,9999.000,9999.000,9999.000,9999.000,9999.000
202602242024,   1.722,9999.000,9999.000,9999.000,9999.000,9999.000,9999.000,9999.000,9999.000
202602242030,   1.688,9999.000,9999.000,9999.000,9999.000,9999.000,9999.000,9999.000,9999.000
202602242036,   1.652,9999.000,9999.000,9999.000,9999.000,9999.000,9999.000,9999.000,9999.000
202602242042,   1.615,9999.000,9999.000,9999.000,9999.000,9999.000,9999.000,9999.000,9999.000
202602242048,   1.577,9999.000,9999.000,9999.000,9999.000,9999.000,9999.000,9999.000,9999.000
202602242054,   1.538,9999.000,9999.000,9999.000,9999.000,9999.000,9999.000,9999.000,9999.000
202602242100,   1.498,9999.000,   1.300,  -1.173,   1.625,   0.900,   1.225,   1.800,   2.125
202602242106,   1.458,9999.000,9999.000,9999.000,9999.000,9999.000,9999.000,9999.000,9999.000
202602242112,   1.417,9999.000,9999.000,9999.000,9999.000,9999.000,9999.000,9999.000,9999.000
202602242118,   1.377,9999.000,9999.000,9999.000,9999.000,9999.000,9999.000,9999.000,9999.000
202602242124,   1.336,9999.000,9999.000,9999.000,9999.000,9999.000,9999.000,9999.000,9999.000
202602242130,   1.296,9999.000,9999.000,9999.000,9999.000,9999.000,9999.000,9999.000,9999.000
202602242136,   1.256,9999.000,9999.000,9999.000,9999.000,9999.000,9999.000,9999.000,9999.000
202602242142,   1.216,9999.000,9999.000,9999.000,9999.000,9999.000,9999.000,9999.000,9999.000
202602242148,   1.177,9999.000,9999.000,9999.000,9999.000,9999.000,9999.000,9999.000,9999.000
202602242154,   1.137,9999.000,9999.000,9999.000,9999.000,9999.000,9999.000,9999.000,9999.000
202602242200,   1.098,9999.000,   1.300,  -1.050,   1.348,   0.900,   0.948,   1.700,   1.748
202602242206,   1.060,9999.000,9999.000,9999.000,9999.000,9999.000,9999.000,9999.000,9999.000
202602242212,   1.022,9999.000,9999.000,9999.000,9999.000,9999.000,9999.000,9999.000,9999.000
202602242218,   0.984,9999.000,9999.000,9999.000,9999.000,9999.000,9999.000,9999.000,9999.000
202602242224,   0.946,9999.000,9999.000,9999.000,9999.000,9999.000,9999.000,9999.000,9999.000
202602242230,   0.909,9999.000,9999.000,9999.000,9999.000,9999.000,9999.000,9999.000,9999.000
202602242236,   0.872,9999.000,9999.000,9999.000,9999.000,9999.000,9999.000,9999.000,9999.000
202602242242,   0.835,9999.000,9999.000,9999.000,9999.000,9999.000,9999.000,9999.000,9999.000
202602242248,   0.798,9999.000,9999.000,9999.000,9999.000,9999.000,9999.000,9999.000,9999.000
202602242254,   0.761,9999.000,9999.000,9999.000,9999.000,9999.000,9999.000,9999.000,9999.000
202602242300,   0.725,9999.000,   1.300,  -1.326,   0.699,   0.900,   0.299,   1.600,   0.999
202602242306,   0.689,9999.000,9999.000,9999.000,9999.000,9999.000,9999.000,9999.000,9999.000
202602242312,   0.653,9999.000,9999.000,9999.000,9999.000,9999.000,9999.000,9999.000,9999.000
202602242318,   0.617,9999.000,9999.000,9999.000,9999.000,9999.000,9999.000,9999.000,9999.000
202602242324,   0.582,9999.000,9999.000,9999.000,9999.000,9999.000,9999.000,9999.000,9999.000
202602242330,   0.547,9999.000,9999.000,9999.000,9999.000,9999.000,9999.000,9999.000,9999.000
202602242336,   0.512,9999.000,9999.000,9999.000,9999.000,9999.000,9999.000,9999.000,9999.000
202602242342,   0.478,9999.000,9999.000,9999.000,9999.000,9999.000,9999.000,9999.000,9999.000
202602242348,   0.445,9999.000,9999.000,9999.000,9999.000,9999.000,9999.000,9999.000,9999.000
202602242354,   0.412,9999.000,9999.000,9999.000,9999.000,9999.000,9999.000,9999.000,9999.000
202602250000,   0.380,9999.000,   1.200,  -1.326,   0.254,   0.800,  -0.146,   1.600,   0.654
