        TIME,    TIDE,      OB,   SURGE,    BIAS,     TWL,SURGE90p,  TWL90p,SURGE10p,   TWL10p
202605251200,   3.161,   3.417,   0.400,  -0.144,   3.417,   0.400,   3.417,   0.500,   3.517
202605251206,   3.075,9999.000,9999.000,9999.000,9999.000,9999.000,9999.000,9999.000,9999.000
202605251212,   2.989,   3.207,9999.000,9999.000,9999.000,9999.000,9999.000,9999.000,9999.000
202605251218,   2.902,9999.000,9999.000,9999.000,9999.000,9999.000,9999.000,9999.000,9999.000
202605251224,   2.816,   3.017,9999.000,9999.000,9999.000,9999.000,9999.000,9999.000,9999.000
202605251230,   2.729,9999.000,9999.000,9999.000,9999.000,9999.000,9999.000,9999.000,9999.000
202605251236,   2.643,   2.830,9999.000,9999.000,9999.000,9999.000,9999.000,9999.000,9999.000
202605251242,   2.556,9999.000,9999.000,9999.000,9999.000,9999.000,9999.000,9999.000,9999.000
202605251248,   2.470,   2.669,9999.000,9999.000,9999.000,9999.000,9999.000,9999.000,9999.000
202605251254,   2.383,9999.000,9999.000,9999.000,9999.000,9999.000,9999.000,9999.000,9999.000
202605251300,   2.297,   2.509,   0.400,  -0.188,   2.509,   0.400,   2.509,   0.500,   2.609
202605251306,   2.210,   2.420,9999.000,9999.000,9999.000,9999.000,9999.000,9999.000,9999.000
202605251312,   2.124,   2.348,9999.000,9999.000,9999.000,9999.000,9999.000,9999.000,9999.000
202605251318,   2.037,   2.269,9999.000,9999.000,9999.000,9999.000,9999.000,9999.000,9999.000
202605251324,   1.950,   2.191,9999.000,9999.000,9999.000,9999.000,9999.000,9999.000,9999.000
202605251330,   1.863,   2.118,9999.000,9999.000,9999.000,9999.000,9999.000,9999.000,9999.000
202605251336,   1.776,   2.059,9999.000,9999.000,9999.000,9999.000,9999.000,9999.000,9999.000
202605251342,   1.688,   2.000,9999.000,9999.000,9999.000,9999.000,9999.000,9999.000,9999.000
202605251348,   1.600,   1.918,9999.000,9999.000,9999.000,9999.000,9999.000,9999.000,9999.000
202605251354,   1.511,   1.849,9999.000,9999.000,9999.000,9999.000,9999.000,9999.000,9999.000
202605251400,   1.421,   1.781,   0.400,  -0.040,   1.781,   0.400,   1.781,   0.500,   1.881
202605251406,   1.332,   1.718,9999.000,9999.000,9999.000,9999.000,9999.000,9999.000,9999.000
202605251412,   1.241,   1.659,9999.000,9999.000,9999.000,9999.000,9999.000,9999.000,9999.000
202605251418,   1.151,   1.659,9999.000,9999.000,9999.000,9999.000,9999.000,9999.000,9999.000
202605251424,   1.061,   1.580,9999.000,9999.000,9999.000,9999.000,9999.000,9999.000,9999.000
202605251430,   0.970,   1.439,9999.000,9999.000,9999.000,9999.000,9999.000,9999.000,9999.000
202605251436,   0.881,   1.390,9999.000,9999.000,9999.000,9999.000,9999.000,9999.000,9999.000
202605251442,   0.791,   1.328,9999.000,9999.000,9999.000,9999.000,9999.000,9999.000,9999.000
202605251448,   0.704,   1.279,9999.000,9999.000,9999.000,9999.000,9999.000,9999.000,9999.000
202605251454,   0.617,   1.210,9999.000,9999.000,9999.000,9999.000,9999.000,9999.000,9999.000
202605251500,   0.533,   1.190,   0.400,   0.257,   1.190,   0.400,   1.190,   0.500,   1.290
202605251506,   0.452,   1.108,9999.000,9999.000,9999.000,9999.000,9999.000,9999.000,9999.000
202605251512,   0.373,   1.059,9999.000,9999.000,9999.000,9999.000,9999.000,9999.000,9999.000
202605251518,   0.299,   1.000,9999.000,9999.000,9999.000,9999.000,9999.000,9999.000,9999.000
202605251524,   0.229,   0.970,9999.000,9999.000,9999.000,9999.000,9999.000,9999.000,9999.000
202605251530,   0.164,   0.918,9999.000,9999.000,9999.000,9999.000,9999.000,9999.000,9999.000
202605251536,   0.105,   0.879,9999.000,9999.000,9999.000,9999.000,9999.000,9999.000,9999.000
202605251542,   0.053,   0.829,9999.000,9999.000,9999.000,9999.000,9999.000,9999.000,9999.000
202605251548,   0.007,   0.800,9999.000,9999.000,9999.000,9999.000,9999.000,9999.000,9999.000
202605251554,  -0.029,   0.760,9999.000,9999.000,9999.000,9999.000,9999.000,9999.000,9999.000
202605251600,  -0.059,   0.731,   0.400,   0.390,   0.731,   0.400,   0.731,   0.500,   0.831
202605251606,  -0.080,   0.688,9999.000,9999.000,9999.000,9999.000,9999.000,9999.000,9999.000
202605251612,  -0.092,   0.659,9999.000,9999.000,9999.000,9999.000,9999.000,9999.000,9999.000
202605251618,  -0.094,   0.629,9999.000,9999.000,9999.000,9999.000,9999.000,9999.000,9999.000
202605251624,  -0.087,   0.619,9999.000,9999.000,9999.000,9999.000,9999.000,9999.000,9999.000
202605251630,  -0.070,   0.619,9999.000,9999.000,9999.000,9999.000,9999.000,9999.000,9999.000
202605251636,  -0.043,   0.629,9999.000,9999.000,9999.000,9999.000,9999.000,9999.000,9999.000
202605251642,  -0.007,   0.629,9999.000,9999.000,9999.000,9999.000,9999.000,9999.000,9999.000
202605251648,   0.039,   0.629,9999.000,9999.000,9999.000,9999.000,9999.000,9999.000,9999.000
202605251654,   0.094,   0.649,9999.000,9999.000,9999.000,9999.000,9999.000,9999.000,9999.000
202605251700,   0.159,   0.698,   0.400,   0.139,   0.698,   0.400,   0.698,   0.500,   0.798
202605251706,   0.232,   0.760,9999.000,9999.000,9999.000,9999.000,9999.000,9999.000,9999.000
202605251712,   0.314,   0.819,9999.000,9999.000,9999.000,9999.000,9999.000,9999.000,9999.000
202605251718,   0.403,   0.888,9999.000,9999.000,9999.000,9999.000,9999.000,9999.000,9999.000
202605251724,   0.498,   0.970,9999.000,9999.000,9999.000,9999.000,9999.000,9999.000,9999.000
202605251730,   0.600,   1.069,9999.000,9999.000,9999.000,9999.000,9999.000,9999.000,9999.000
202605251736,   0.707,   1.170,9999.000,9999.000,9999.000,9999.000,9999.000,9999.000,9999.000
202605251742,   0.819,   1.279,9999.000,9999.000,9999.000,9999.000,9999.000,9999.000,9999.000
202605251748,   0.935,   1.410,9999.000,9999.000,9999.000,9999.000,9999.000,9999.000,9999.000
202605251754,   1.053,   1.538,9999.000,9999.000,9999.000,9999.000,9999.000,9999.000,9999.000
202605251800,   1.174,   1.669,   0.400,   0.095,   1.669,   0.400,   1.669,   0.500,   1.769
202605251806,   1.297,   1.800,9999.000,9999.000,9999.000,9999.000,9999.000,9999.000,9999.000
202605251812,   1.420,   1.948,9999.000,9999.000,9999.000,9999.000,9999.000,9999.000,9999.000
202605251818,   1.544,   2.089,9999.000,9999.000,9999.000,9999.000,9999.000,9999.000,9999.000
202605251824,   1.668,   2.230,9999.000,9999.000,9999.000,9999.000,9999.000,9999.000,9999.000
202605251830,   1.792,   2.377,9999.000,9999.000,9999.000,9999.000,9999.000,9999.000,9999.000
202605251836,   1.914,   2.509,9999.000,9999.000,9999.000,9999.000,9999.000,9999.000,9999.000
202605251842,   2.035,   2.630,9999.000,9999.000,9999.000,9999.000,9999.000,9999.000,9999.000
202605251848,   2.154,   2.768,9999.000,9999.000,9999.000,9999.000,9999.000,9999.000,9999.000
202605251854,   2.272,   2.889,9999.000,9999.000,9999.000,9999.000,9999.000,9999.000,9999.000
202605251900,   2.387,   3.017,   0.400,   0.230,   3.017,   0.400,   3.017,   0.500,   3.117
202605251906,   2.501,   3.148,9999.000,9999.000,9999.000,9999.000,9999.000,9999.000,9999.000
202605251912,   2.613,   3.270,9999.000,9999.000,9999.000,9999.000,9999.000,9999.000,9999.000
202605251918,   2.723,   3.388,9999.000,9999.000,9999.000,9999.000,9999.000,9999.000,9999.000
202605251924,   2.831,   3.499,9999.000,9999.000,9999.000,9999.000,9999.000,9999.000,9999.000
202605251930,   2.937,   3.588,9999.000,9999.000,9999.000,9999.000,9999.000,9999.000,9999.000
202605251936,   3.042,   3.689,9999.000,9999.000,9999.000,9999.000,9999.000,9999.000,9999.000
202605251942,   3.144,   3.778,9999.000,9999.000,9999.000,9999.000,9999.000,9999.000,9999.000
202605251948,   3.246,   3.860,9999.000,9999.000,9999.000,9999.000,9999.000,9999.000,9999.000
202605251954,   3.345,   3.939,9999.000,9999.000,9999.000,9999.000,9999.000,9999.000,9999.000
202605252000,   3.444,   4.008,   0.400,   0.164,   4.008,   0.400,   4.008,   0.500,   4.108
202605252006,   3.541,   4.090,9999.000,9999.000,9999.000,9999.000,9999.000,9999.000,9999.000
202605252012,   3.636,   4.149,9999.000,9999.000,9999.000,9999.000,9999.000,9999.000,9999.000
202605252018,   3.729,   4.218,9999.000,9999.000,9999.000,9999.000,9999.000,9999.000,9999.000
202605252024,   3.821,   4.290,9999.000,9999.000,9999.000,9999.000,9999.000,9999.000,9999.000
202605252030,   3.911,   4.349,9999.000,9999.000,9999.000,9999.000,9999.000,9999.000,9999.000
202605252036,   3.999,   4.398,9999.000,9999.000,9999.000,9999.000,9999.000,9999.000,9999.000
202605252042,   4.084,   4.457,9999.000,9999.000,9999.000,9999.000,9999.000,9999.000,9999.000
202605252048,   4.166,   4.519,9999.000,9999.000,9999.000,9999.000,9999.000,9999.000,9999.000
202605252054,   4.245,   4.578,9999.000,9999.000,9999.000,9999.000,9999.000,9999.000,9999.000
202605252100,   4.321,   4.628,   0.400,  -0.093,   4.628,   0.400,   4.628,   0.500,   4.728
202605252106,   4.393,   4.667,9999.000,9999.000,9999.000,9999.000,9999.000,9999.000,9999.000
202605252112,   4.460,   4.719,9999.000,9999.000,9999.000,9999.000,9999.000,9999.000,9999.000
202605252118,   4.523,   4.749,9999.000,9999.000,9999.000,9999.000,9999.000,9999.000,9999.000
202605252124,   4.581,   4.788,9999.000,9999.000,9999.000,9999.000,9999.000,9999.000,9999.000
202605252130,   4.633,   4.828,9999.000,9999.000,9999.000,9999.000,9999.000,9999.000,9999.000
202605252136,   4.680,   4.857,9999.000,9999.000,9999.000,9999.000,9999.000,9999.000,9999.000
202605252142,   4.721,   4.887,9999.000,9999.000,9999.000,9999.000,9999.000,9999.000,9999.000
202605252148,   4.755,   4.929,9999.000,9999.000,9999.000,9999.000,9999.000,9999.000,9999.000
202605252154,   4.783,   4.949,9999.000,9999.000,9999.000,9999.000,9999.000,9999.000,9999.000
202605252200,   4.805,   4.969,   0.500,  -0.336,   4.969,   0.400,   4.869,   0.500,   4.969
202605252206,   4.819,   4.979,9999.000,9999.000,9999.000,9999.000,9999.000,9999.000,9999.000
202605252212,   4.827,   4.988,9999.000,9999.000,9999.000,9999.000,9999.000,9999.000,9999.000
202605252218,   4.828,   4.998,9999.000,9999.000,9999.000,9999.000,9999.000,9999.000,9999.000
202605252224,   4.822,   5.008,9999.000,9999.000,9999.000,9999.000,9999.000,9999.000,9999.000
202605252230,   4.810,   5.008,9999.000,9999.000,9999.000,9999.000,9999.000,9999.000,9999.000
202605252236,   4.791,   5.008,9999.000,9999.000,9999.000,9999.000,9999.000,9999.000,9999.000
202605252242,   4.766,   4.998,9999.000,9999.000,9999.000,9999.000,9999.000,9999.000,9999.000
202605252248,   4.735,   4.979,9999.000,9999.000,9999.000,9999.000,9999.000,9999.000,9999.000
202605252254,   4.698,   4.959,9999.000,9999.000,9999.000,9999.000,9999.000,9999.000,9999.000
202605252300,   4.655,   4.929,   0.500,  -0.226,   4.929,   0.400,   4.829,   0.500,   4.929
202605252306,   4.607,   4.910,9999.000,9999.000,9999.000,9999.000,9999.000,9999.000,9999.000
202605252312,   4.555,   4.867,9999.000,9999.000,9999.000,9999.000,9999.000,9999.000,9999.000
202605252318,   4.497,   4.818,9999.000,9999.000,9999.000,9999.000,9999.000,9999.000,9999.000
202605252324,   4.436,   4.759,9999.000,9999.000,9999.000,9999.000,9999.000,9999.000,9999.000
202605252330,   4.371,   4.700,9999.000,9999.000,9999.000,9999.000,9999.000,9999.000,9999.000
202605252336,   4.302,   4.618,9999.000,9999.000,9999.000,9999.000,9999.000,9999.000,9999.000
202605252342,   4.230,   4.559,9999.000,9999.000,9999.000,9999.000,9999.000,9999.000,9999.000
202605252348,   4.156,   4.467,9999.000,9999.000,9999.000,9999.000,9999.000,9999.000,9999.000
202605252354,   4.079,   4.408,9999.000,9999.000,9999.000,9999.000,9999.000,9999.000,9999.000
202605260000,   4.000,   4.319,   0.400,  -0.081,   4.319,   0.400,   4.319,   0.500,   4.419
202605260006,   3.919,   4.227,9999.000,9999.000,9999.000,9999.000,9999.000,9999.000,9999.000
202605260012,   3.837,   4.139,9999.000,9999.000,9999.000,9999.000,9999.000,9999.000,9999.000
202605260018,   3.753,   4.037,9999.000,9999.000,9999.000,9999.000,9999.000,9999.000,9999.000
202605260024,   3.669,   3.949,9999.000,9999.000,9999.000,9999.000,9999.000,9999.000,9999.000
202605260030,   3.583,   3.847,9999.000,9999.000,9999.000,9999.000,9999.000,9999.000,9999.000
202605260036,   3.497,   3.749,9999.000,9999.000,9999.000,9999.000,9999.000,9999.000,9999.000
202605260042,   3.410,   3.650,9999.000,9999.000,9999.000,9999.000,9999.000,9999.000,9999.000
202605260048,   3.323,   3.558,9999.000,9999.000,9999.000,9999.000,9999.000,9999.000,9999.000
202605260054,   3.236,   3.460,9999.000,9999.000,9999.000,9999.000,9999.000,9999.000,9999.000
202605260100,   3.149,   3.348,   0.400,  -0.201,   3.348,   0.400,   3.348,   0.500,   3.448
202605260106,   3.061,   3.240,9999.000,9999.000,9999.000,9999.000,9999.000,9999.000,9999.000
202605260112,   2.974,   3.129,9999.000,9999.000,9999.000,9999.000,9999.000,9999.000,9999.000
202605260118,   2.886,   3.040,9999.000,9999.000,9999.000,9999.000,9999.000,9999.000,9999.000
202605260124,   2.799,   2.948,9999.000,9999.000,9999.000,9999.000,9999.000,9999.000,9999.000
202605260130,   2.711,   2.860,9999.000,9999.000,9999.000,9999.000,9999.000,9999.000,9999.000
202605260136,   2.623,   2.768,9999.000,9999.000,9999.000,9999.000,9999.000,9999.000,9999.000
202605260142,   2.535,   2.689,9999.000,9999.000,9999.000,9999.000,9999.000,9999.000,9999.000
202605260148,   2.447,   2.610,9999.000,9999.000,9999.000,9999.000,9999.000,9999.000,9999.000
202605260154,   2.358,   2.538,9999.000,9999.000,9999.000,9999.000,9999.000,9999.000,9999.000
202605260200,   2.269,   2.469,   0.400,  -0.200,   2.469,   0.400,   2.469,   0.400,   2.469
202605260206,   2.180,   2.387,9999.000,9999.000,9999.000,9999.000,9999.000,9999.000,9999.000
202605260212,   2.090,   2.309,9999.000,9999.000,9999.000,9999.000,9999.000,9999.000,9999.000
202605260218,   2.000,   2.240,9999.000,9999.000,9999.000,9999.000,9999.000,9999.000,9999.000
202605260224,   1.909,   2.177,9999.000,9999.000,9999.000,9999.000,9999.000,9999.000,9999.000
202605260230,   1.817,   2.118,9999.000,9999.000,9999.000,9999.000,9999.000,9999.000,9999.000
202605260236,   1.726,   2.049,9999.000,9999.000,9999.000,9999.000,9999.000,9999.000,9999.000
202605260242,   1.634,   1.981,9999.000,9999.000,9999.000,9999.000,9999.000,9999.000,9999.000
202605260248,   1.541,   1.899,9999.000,9999.000,9999.000,9999.000,9999.000,9999.000,9999.000
202605260254,   1.449,   1.840,9999.000,9999.000,9999.000,9999.000,9999.000,9999.000,9999.000
202605260300,   1.357,   1.767,   0.400,   0.010,   1.767,   0.400,   1.767,   0.400,   1.767
202605260306,   1.266,   1.699,9999.000,9999.000,9999.000,9999.000,9999.000,9999.000,9999.000
202605260312,   1.176,   1.630,9999.000,9999.000,9999.000,9999.000,9999.000,9999.000,9999.000
202605260318,   1.087,   1.557,9999.000,9999.000,9999.000,9999.000,9999.000,9999.000,9999.000
202605260324,   1.000,   1.489,9999.000,9999.000,9999.000,9999.000,9999.000,9999.000,9999.000
202605260330,   0.915,   1.430,9999.000,9999.000,9999.000,9999.000,9999.000,9999.000,9999.000
202605260336,   0.834,   1.371,9999.000,9999.000,9999.000,9999.000,9999.000,9999.000,9999.000
202605260342,   0.755,   1.308,9999.000,9999.000,9999.000,9999.000,9999.000,9999.000,9999.000
202605260348,   0.681,   1.249,9999.000,9999.000,9999.000,9999.000,9999.000,9999.000,9999.000
202605260354,   0.612,   1.190,9999.000,9999.000,9999.000,9999.000,9999.000,9999.000,9999.000
202605260400,   0.548,   1.138,   0.400,   0.190,   1.138,   0.400,   1.138,   0.400,   1.138
202605260406,   0.490,   1.079,9999.000,9999.000,9999.000,9999.000,9999.000,9999.000,9999.000
202605260412,   0.439,   1.029,9999.000,9999.000,9999.000,9999.000,9999.000,9999.000,9999.000
202605260418,   0.395,   0.990,9999.000,9999.000,9999.000,9999.000,9999.000,9999.000,9999.000
202605260424,   0.359,   0.961,9999.000,9999.000,9999.000,9999.000,9999.000,9999.000,9999.000
202605260430,   0.331,   0.928,9999.000,9999.000,9999.000,9999.000,9999.000,9999.000,9999.000
202605260436,   0.312,   0.888,9999.000,9999.000,9999.000,9999.000,9999.000,9999.000,9999.000
202605260442,   0.301,   0.859,9999.000,9999.000,9999.000,9999.000,9999.000,9999.000,9999.000
202605260448,   0.300,   0.839,9999.000,9999.000,9999.000,9999.000,9999.000,9999.000,9999.000
202605260454,   0.308,   0.819,9999.000,9999.000,9999.000,9999.000,9999.000,9999.000,9999.000
202605260500,   0.326,   0.810,   0.400,   0.084,   0.810,   0.400,   0.810,   0.400,   0.810
202605260506,   0.353,   0.810,9999.000,9999.000,9999.000,9999.000,9999.000,9999.000,9999.000
202605260512,   0.389,   0.810,9999.000,9999.000,9999.000,9999.000,9999.000,9999.000,9999.000
202605260518,   0.434,   0.819,9999.000,9999.000,9999.000,9999.000,9999.000,9999.000,9999.000
202605260524,   0.488,   0.829,9999.000,9999.000,9999.000,9999.000,9999.000,9999.000,9999.000
202605260530,   0.550,   0.859,9999.000,9999.000,9999.000,9999.000,9999.000,9999.000,9999.000
202605260536,   0.620,   0.908,9999.000,9999.000,9999.000,9999.000,9999.000,9999.000,9999.000
202605260542,   0.698,   0.970,9999.000,9999.000,9999.000,9999.000,9999.000,9999.000,9999.000
202605260548,   0.781,   1.049,9999.000,9999.000,9999.000,9999.000,9999.000,9999.000,9999.000
202605260554,   0.871,   1.138,9999.000,9999.000,9999.000,9999.000,9999.000,9999.000,9999.000
202605260600,   0.966,   1.239,   0.400,  -0.127,   1.239,   0.400,   1.239,   0.400,   1.239
202605260606,   1.065,   1.348,9999.000,9999.000,9999.000,9999.000,9999.000,9999.000,9999.000
202605260612,   1.167,   1.469,9999.000,9999.000,9999.000,9999.000,9999.000,9999.000,9999.000
202605260618,   1.273,   1.590,9999.000,9999.000,9999.000,9999.000,9999.000,9999.000,9999.000
202605260624,   1.380,   1.708,9999.000,9999.000,9999.000,9999.000,9999.000,9999.000,9999.000
202605260630,   1.489,   1.820,9999.000,9999.000,9999.000,9999.000,9999.000,9999.000,9999.000
202605260636,   1.599,   1.948,9999.000,9999.000,9999.000,9999.000,9999.000,9999.000,9999.000
202605260642,   1.709,   2.079,9999.000,9999.000,9999.000,9999.000,9999.000,9999.000,9999.000
202605260648,   1.819,   2.210,9999.000,9999.000,9999.000,9999.000,9999.000,9999.000,9999.000
202605260654,   1.927,   2.328,9999.000,9999.000,9999.000,9999.000,9999.000,9999.000,9999.000
202605260700,   2.035,   2.450,   0.400,   0.015,   2.450,   0.400,   2.450,   0.400,   2.450
202605260706,   2.141,   2.558,9999.000,9999.000,9999.000,9999.000,9999.000,9999.000,9999.000
202605260712,   2.245,   2.669,9999.000,9999.000,9999.000,9999.000,9999.000,9999.000,9999.000
202605260718,   2.346,   2.778,9999.000,9999.000,9999.000,9999.000,9999.000,9999.000,9999.000
202605260724,   2.446,   2.889,9999.000,9999.000,9999.000,9999.000,9999.000,9999.000,9999.000
202605260730,   2.544,   2.997,9999.000,9999.000,9999.000,9999.000,9999.000,9999.000,9999.000
202605260736,   2.639,   3.109,9999.000,9999.000,9999.000,9999.000,9999.000,9999.000,9999.000
202605260742,   2.732,   3.230,9999.000,9999.000,9999.000,9999.000,9999.000,9999.000,9999.000
202605260748,   2.823,   3.368,9999.000,9999.000,9999.000,9999.000,9999.000,9999.000,9999.000
202605260754,   2.912,   3.289,9999.000,9999.000,9999.000,9999.000,9999.000,9999.000,9999.000
202605260800,   2.999,   3.398,   0.400,  -0.001,   3.398,   0.400,   3.398,   0.400,   3.398
202605260806,   3.085,   3.499,9999.000,9999.000,9999.000,9999.000,9999.000,9999.000,9999.000
202605260812,   3.168,   3.650,9999.000,9999.000,9999.000,9999.000,9999.000,9999.000,9999.000
202605260818,   3.250,   3.689,9999.000,9999.000,9999.000,9999.000,9999.000,9999.000,9999.000
202605260824,   3.330,   3.798,9999.000,9999.000,9999.000,9999.000,9999.000,9999.000,9999.000
202605260830,   3.409,   3.808,9999.000,9999.000,9999.000,9999.000,9999.000,9999.000,9999.000
202605260836,   3.486,   3.899,9999.000,9999.000,9999.000,9999.000,9999.000,9999.000,9999.000
202605260842,   3.561,   3.899,9999.000,9999.000,9999.000,9999.000,9999.000,9999.000,9999.000
202605260848,   3.635,   3.978,9999.000,9999.000,9999.000,9999.000,9999.000,9999.000,9999.000
202605260854,   3.706,   4.027,9999.000,9999.000,9999.000,9999.000,9999.000,9999.000,9999.000
202605260900,   3.776,   4.099,   0.400,  -0.077,   4.099,   0.400,   4.099,   0.400,   4.099
202605260906,   3.843,   4.129,9999.000,9999.000,9999.000,9999.000,9999.000,9999.000,9999.000
202605260912,   3.907,   4.208,9999.000,9999.000,9999.000,9999.000,9999.000,9999.000,9999.000
202605260918,   3.969,   4.208,9999.000,9999.000,9999.000,9999.000,9999.000,9999.000,9999.000
202605260924,   4.027,   4.257,9999.000,9999.000,9999.000,9999.000,9999.000,9999.000,9999.000
202605260930,   4.082,   4.290,9999.000,9999.000,9999.000,9999.000,9999.000,9999.000,9999.000
202605260936,   4.133,   4.339,9999.000,9999.000,9999.000,9999.000,9999.000,9999.000,9999.000
202605260942,   4.179,   4.359,9999.000,9999.000,9999.000,9999.000,9999.000,9999.000,9999.000
202605260948,   4.221,   4.378,9999.000,9999.000,9999.000,9999.000,9999.000,9999.000,9999.000
202605260954,   4.258,   4.408,9999.000,9999.000,9999.000,9999.000,9999.000,9999.000,9999.000
202605261000,   4.290,   4.418,   0.400,  -0.272,   4.418,   0.400,   4.418,   0.400,   4.418
202605261006,   4.316,   4.437,9999.000,9999.000,9999.000,9999.000,9999.000,9999.000,9999.000
202605261012,   4.337,   4.457,9999.000,9999.000,9999.000,9999.000,9999.000,9999.000,9999.000
202605261018,   4.351,   4.467,9999.000,9999.000,9999.000,9999.000,9999.000,9999.000,9999.000
202605261024,   4.360,   4.467,9999.000,9999.000,9999.000,9999.000,9999.000,9999.000,9999.000
202605261030,   4.362,   4.480,9999.000,9999.000,9999.000,9999.000,9999.000,9999.000,9999.000
202605261036,   4.358,   4.480,9999.000,9999.000,9999.000,9999.000,9999.000,9999.000,9999.000
202605261042,   4.348,   4.480,9999.000,9999.000,9999.000,9999.000,9999.000,9999.000,9999.000
202605261048,   4.331,   4.467,9999.000,9999.000,9999.000,9999.000,9999.000,9999.000,9999.000
202605261054,   4.309,   4.467,9999.000,9999.000,9999.000,9999.000,9999.000,9999.000,9999.000
202605261100,   4.280,   4.457,   0.400,  -0.223,   4.457,   0.400,   4.457,   0.400,   4.457
202605261106,   4.246,   4.437,9999.000,9999.000,9999.000,9999.000,9999.000,9999.000,9999.000
202605261112,   4.206,   4.408,9999.000,9999.000,9999.000,9999.000,9999.000,9999.000,9999.000
202605261118,   4.161,   4.378,9999.000,9999.000,9999.000,9999.000,9999.000,9999.000,9999.000
202605261124,   4.111,   4.329,9999.000,9999.000,9999.000,9999.000,9999.000,9999.000,9999.000
202605261130,   4.056,   4.290,9999.000,9999.000,9999.000,9999.000,9999.000,9999.000,9999.000
202605261136,   3.997,   4.237,9999.000,9999.000,9999.000,9999.000,9999.000,9999.000,9999.000
202605261142,   3.934,   4.178,9999.000,9999.000,9999.000,9999.000,9999.000,9999.000,9999.000
202605261148,   3.867,   4.149,9999.000,9999.000,9999.000,9999.000,9999.000,9999.000,9999.000
202605261154,   3.797,   4.139,9999.000,9999.000,9999.000,9999.000,9999.000,9999.000,9999.000
202605261200,   3.723,   3.929,   0.400,  -0.194,   3.929,   0.400,   3.929,   0.400,   3.929
202605261206,   3.647,   3.899,9999.000,9999.000,9999.000,9999.000,9999.000,9999.000,9999.000
202605261212,   3.569,   3.778,9999.000,9999.000,9999.000,9999.000,9999.000,9999.000,9999.000
202605261218,   3.489,   3.739,9999.000,9999.000,9999.000,9999.000,9999.000,9999.000,9999.000
202605261224,   3.407,   3.650,9999.000,9999.000,9999.000,9999.000,9999.000,9999.000,9999.000
202605261230,   3.324,   3.598,9999.000,9999.000,9999.000,9999.000,9999.000,9999.000,9999.000
202605261236,   3.239,   3.460,9999.000,9999.000,9999.000,9999.000,9999.000,9999.000,9999.000
202605261242,   3.154,   3.368,9999.000,9999.000,9999.000,9999.000,9999.000,9999.000,9999.000
202605261248,   3.068,   3.289,9999.000,9999.000,9999.000,9999.000,9999.000,9999.000,9999.000
202605261254,   2.981,   3.188,9999.000,9999.000,9999.000,9999.000,9999.000,9999.000,9999.000
202605261300,   2.894,   3.089,   0.400,  -0.205,   3.089,   0.400,   3.089,   0.400,   3.089
202605261306,   2.807,   2.988,9999.000,9999.000,9999.000,9999.000,9999.000,9999.000,9999.000
202605261312,   2.720,   2.899,9999.000,9999.000,9999.000,9999.000,9999.000,9999.000,9999.000
202605261318,   2.633,   2.807,9999.000,9999.000,9999.000,9999.000,9999.000,9999.000,9999.000
202605261324,   2.546,   2.719,9999.000,9999.000,9999.000,9999.000,9999.000,9999.000,9999.000
202605261330,   2.460,   2.630,9999.000,9999.000,9999.000,9999.000,9999.000,9999.000,9999.000
202605261336,   2.373,   2.558,9999.000,9999.000,9999.000,9999.000,9999.000,9999.000,9999.000
202605261342,   2.287,   2.459,9999.000,9999.000,9999.000,9999.000,9999.000,9999.000,9999.000
202605261348,   2.201,   2.377,9999.000,9999.000,9999.000,9999.000,9999.000,9999.000,9999.000
202605261354,   2.115,   2.299,9999.000,9999.000,9999.000,9999.000,9999.000,9999.000,9999.000
202605261400,   2.029,   2.230,   0.400,  -0.199,   2.230,   0.300,   2.130,   0.400,   2.230
202605261406,   1.944,   2.158,9999.000,9999.000,9999.000,9999.000,9999.000,9999.000,9999.000
202605261412,   1.858,   2.099,9999.000,9999.000,9999.000,9999.000,9999.000,9999.000,9999.000
202605261418,   1.773,   2.030,9999.000,9999.000,9999.000,9999.000,9999.000,9999.000,9999.000
202605261424,   1.687,   1.948,9999.000,9999.000,9999.000,9999.000,9999.000,9999.000,9999.000
202605261430,   1.601,   1.879,9999.000,9999.000,9999.000,9999.000,9999.000,9999.000,9999.000
202605261436,   1.515,   1.800,9999.000,9999.000,9999.000,9999.000,9999.000,9999.000,9999.000
202605261442,   1.429,   1.728,9999.000,9999.000,9999.000,9999.000,9999.000,9999.000,9999.000
202605261448,   1.342,   1.669,9999.000,9999.000,9999.000,9999.000,9999.000,9999.000,9999.000
202605261454,   1.255,   1.590,9999.000,9999.000,9999.000,9999.000,9999.000,9999.000,9999.000
202605261500,   1.168,   1.518,   0.400,  -0.050,   1.518,   0.300,   1.418,   0.400,   1.518
202605261506,   1.081,   1.449,9999.000,9999.000,9999.000,9999.000,9999.000,9999.000,9999.000
202605261512,   0.994,   1.371,9999.000,9999.000,9999.000,9999.000,9999.000,9999.000,9999.000
202605261518,   0.907,   1.298,9999.000,9999.000,9999.000,9999.000,9999.000,9999.000,9999.000
202605261524,   0.820,   1.229,9999.000,9999.000,9999.000,9999.000,9999.000,9999.000,9999.000
202605261530,   0.734,   1.161,9999.000,9999.000,9999.000,9999.000,9999.000,9999.000,9999.000
202605261536,   0.650,   1.088,9999.000,9999.000,9999.000,9999.000,9999.000,9999.000,9999.000
202605261542,   0.567,   1.020,9999.000,9999.000,9999.000,9999.000,9999.000,9999.000,9999.000
202605261548,   0.486,   0.951,9999.000,9999.000,9999.000,9999.000,9999.000,9999.000,9999.000
202605261554,   0.407,   0.898,9999.000,9999.000,9999.000,9999.000,9999.000,9999.000,9999.000
202605261600,   0.332,   0.839,   0.400,   0.107,   0.839,   0.300,   0.739,   0.400,   0.839
202605261606,   0.260,   0.780,9999.000,9999.000,9999.000,9999.000,9999.000,9999.000,9999.000
202605261612,   0.192,   0.718,9999.000,9999.000,9999.000,9999.000,9999.000,9999.000,9999.000
202605261618,   0.129,   0.669,9999.000,9999.000,9999.000,9999.000,9999.000,9999.000,9999.000
202605261624,   0.072,   0.619,9999.000,9999.000,9999.000,9999.000,9999.000,9999.000,9999.000
202605261630,   0.021,   0.580,9999.000,9999.000,9999.000,9999.000,9999.000,9999.000,9999.000
202605261636,  -0.022,   0.541,9999.000,9999.000,9999.000,9999.000,9999.000,9999.000,9999.000
202605261642,  -0.059,   0.488,9999.000,9999.000,9999.000,9999.000,9999.000,9999.000,9999.000
202605261648,  -0.088,   0.459,9999.000,9999.000,9999.000,9999.000,9999.000,9999.000,9999.000
202605261654,  -0.109,   0.439,9999.000,9999.000,9999.000,9999.000,9999.000,9999.000,9999.000
202605261700,  -0.120,   0.409,   0.300,   0.229,   0.409,   0.300,   0.409,   0.400,   0.509
202605261706,  -0.123,   0.390,9999.000,9999.000,9999.000,9999.000,9999.000,9999.000,9999.000
202605261712,  -0.115,   0.380,9999.000,9999.000,9999.000,9999.000,9999.000,9999.000,9999.000
202605261718,  -0.098,   0.380,9999.000,9999.000,9999.000,9999.000,9999.000,9999.000,9999.000
202605261724,  -0.072,   0.390,9999.000,9999.000,9999.000,9999.000,9999.000,9999.000,9999.000
202605261730,  -0.035,   0.409,9999.000,9999.000,9999.000,9999.000,9999.000,9999.000,9999.000
202605261736,   0.010,   0.439,9999.000,9999.000,9999.000,9999.000,9999.000,9999.000,9999.000
202605261742,   0.066,   0.488,9999.000,9999.000,9999.000,9999.000,9999.000,9999.000,9999.000
202605261748,   0.131,   0.541,9999.000,9999.000,9999.000,9999.000,9999.000,9999.000,9999.000
202605261754,   0.205,   0.610,9999.000,9999.000,9999.000,9999.000,9999.000,9999.000,9999.000
202605261800,   0.287,   0.669,   0.400,  -0.018,   0.669,   0.300,   0.569,   0.400,   0.669
202605261806,   0.377,   0.751,9999.000,9999.000,9999.000,9999.000,9999.000,9999.000,9999.000
202605261812,   0.475,   0.839,9999.000,9999.000,9999.000,9999.000,9999.000,9999.000,9999.000
202605261818,   0.578,   0.951,9999.000,9999.000,9999.000,9999.000,9999.000,9999.000,9999.000
202605261824,   0.688,   1.049,9999.000,9999.000,9999.000,9999.000,9999.000,9999.000,9999.000
202605261830,   0.802,   1.170,9999.000,9999.000,9999.000,9999.000,9999.000,9999.000,9999.000
202605261836,   0.921,   1.279,9999.000,9999.000,9999.000,9999.000,9999.000,9999.000,9999.000
202605261842,   1.043,   1.420,9999.000,9999.000,9999.000,9999.000,9999.000,9999.000,9999.000
202605261848,   1.168,   1.557,9999.000,9999.000,9999.000,9999.000,9999.000,9999.000,9999.000
202605261854,   1.294,   1.708,9999.000,9999.000,9999.000,9999.000,9999.000,9999.000,9999.000
202605261900,   1.422,   1.849,   0.400,   0.027,   1.849,   0.300,   1.749,   0.400,   1.849
202605261906,   1.551,   1.990,9999.000,9999.000,9999.000,9999.000,9999.000,9999.000,9999.000
202605261912,   1.680,   2.128,9999.000,9999.000,9999.000,9999.000,9999.000,9999.000,9999.000
202605261918,   1.809,   2.269,9999.000,9999.000,9999.000,9999.000,9999.000,9999.000,9999.000
202605261924,   1.936,   2.400,9999.000,9999.000,9999.000,9999.000,9999.000,9999.000,9999.000
202605261930,   2.063,   2.538,9999.000,9999.000,9999.000,9999.000,9999.000,9999.000,9999.000
202605261936,   2.188,   2.660,9999.000,9999.000,9999.000,9999.000,9999.000,9999.000,9999.000
202605261942,   2.311,   2.787,9999.000,9999.000,9999.000,9999.000,9999.000,9999.000,9999.000
202605261948,   2.432,   2.899,9999.000,9999.000,9999.000,9999.000,9999.000,9999.000,9999.000
202605261954,   2.551,   3.017,9999.000,9999.000,9999.000,9999.000,9999.000,9999.000,9999.000
202605262000,   2.668,   3.129,   0.400,   0.061,   3.129,   0.300,   3.029,   0.400,   3.129
202605262006,   2.783,   3.250,9999.000,9999.000,9999.000,9999.000,9999.000,9999.000,9999.000
202605262012,   2.896,   3.348,9999.000,9999.000,9999.000,9999.000,9999.000,9999.000,9999.000
202605262018,   3.007,   3.440,9999.000,9999.000,9999.000,9999.000,9999.000,9999.000,9999.000
202605262024,   3.115,   3.548,9999.000,9999.000,9999.000,9999.000,9999.000,9999.000,9999.000
202605262030,   3.222,   3.627,9999.000,9999.000,9999.000,9999.000,9999.000,9999.000,9999.000
202605262036,   3.328,   3.729,9999.000,9999.000,9999.000,9999.000,9999.000,9999.000,9999.000
202605262042,   3.431,   3.808,9999.000,9999.000,9999.000,9999.000,9999.000,9999.000,9999.000
202605262048,   3.533,   3.890,9999.000,9999.000,9999.000,9999.000,9999.000,9999.000,9999.000
202605262054,   3.632,   3.978,9999.000,9999.000,9999.000,9999.000,9999.000,9999.000,9999.000
202605262100,   3.731,   4.047,   0.400,  -0.084,   4.047,   0.300,   3.947,   0.400,   4.047
202605262106,   3.827,   4.119,9999.000,9999.000,9999.000,9999.000,9999.000,9999.000,9999.000
202605262112,   3.921,   4.188,9999.000,9999.000,9999.000,9999.000,9999.000,9999.000,9999.000
202605262118,   4.013,   4.257,9999.000,9999.000,9999.000,9999.000,9999.000,9999.000,9999.000
202605262124,   4.103,   4.329,9999.000,9999.000,9999.000,9999.000,9999.000,9999.000,9999.000
202605262130,   4.190,   4.378,9999.000,9999.000,9999.000,9999.000,9999.000,9999.000,9999.000
202605262136,   4.275,   4.447,9999.000,9999.000,9999.000,9999.000,9999.000,9999.000,9999.000
202605262142,   4.356,   4.500,9999.000,9999.000,9999.000,9999.000,9999.000,9999.000,9999.000
202605262148,   4.434,   4.549,9999.000,9999.000,9999.000,9999.000,9999.000,9999.000,9999.000
202605262154,   4.508,   4.598,9999.000,9999.000,9999.000,9999.000,9999.000,9999.000,9999.000
202605262200,   4.577,   4.647,   0.400,  -0.330,   4.647,   0.300,   4.547,   0.400,   4.647
202605262206,   4.642,   4.690,9999.000,9999.000,9999.000,9999.000,9999.000,9999.000,9999.000
202605262212,   4.702,   4.729,9999.000,9999.000,9999.000,9999.000,9999.000,9999.000,9999.000
202605262218,   4.757,   4.769,9999.000,9999.000,9999.000,9999.000,9999.000,9999.000,9999.000
202605262224,   4.806,   4.798,9999.000,9999.000,9999.000,9999.000,9999.000,9999.000,9999.000
202605262230,   4.850,   4.837,9999.000,9999.000,9999.000,9999.000,9999.000,9999.000,9999.000
202605262236,   4.887,   4.867,9999.000,9999.000,9999.000,9999.000,9999.000,9999.000,9999.000
202605262242,   4.918,   4.910,9999.000,9999.000,9999.000,9999.000,9999.000,9999.000,9999.000
202605262248,   4.942,   4.929,9999.000,9999.000,9999.000,9999.000,9999.000,9999.000,9999.000
202605262254,   4.960,   4.959,9999.000,9999.000,9999.000,9999.000,9999.000,9999.000,9999.000
202605262300,   4.970,   4.969,   0.400,  -0.401,   4.969,   0.300,   4.869,   0.400,   4.969
202605262306,   4.974,   4.988,9999.000,9999.000,9999.000,9999.000,9999.000,9999.000,9999.000
202605262312,   4.972,   5.008,9999.000,9999.000,9999.000,9999.000,9999.000,9999.000,9999.000
202605262318,   4.962,   5.018,9999.000,9999.000,9999.000,9999.000,9999.000,9999.000,9999.000
202605262324,   4.947,   5.028,9999.000,9999.000,9999.000,9999.000,9999.000,9999.000,9999.000
202605262330,   4.924,   5.028,9999.000,9999.000,9999.000,9999.000,9999.000,9999.000,9999.000
202605262336,   4.896,   5.028,9999.000,9999.000,9999.000,9999.000,9999.000,9999.000,9999.000
202605262342,   4.862,   5.018,9999.000,9999.000,9999.000,9999.000,9999.000,9999.000,9999.000
202605262348,   4.822,   5.008,9999.000,9999.000,9999.000,9999.000,9999.000,9999.000,9999.000
202605262354,   4.776,   4.988,9999.000,9999.000,9999.000,9999.000,9999.000,9999.000,9999.000
202605270000,   4.726,   4.959,   0.400,  -0.167,   4.959,   0.400,   4.959,   0.400,   4.959
202605270006,   4.671,   4.929,9999.000,9999.000,9999.000,9999.000,9999.000,9999.000,9999.000
202605270012,   4.611,   4.887,9999.000,9999.000,9999.000,9999.000,9999.000,9999.000,9999.000
202605270018,   4.547,   4.847,9999.000,9999.000,9999.000,9999.000,9999.000,9999.000,9999.000
202605270024,   4.480,   4.798,9999.000,9999.000,9999.000,9999.000,9999.000,9999.000,9999.000
202605270030,   4.409,   4.739,9999.000,9999.000,9999.000,9999.000,9999.000,9999.000,9999.000
202605270036,   4.335,   4.677,9999.000,9999.000,9999.000,9999.000,9999.000,9999.000,9999.000
202605270042,   4.259,   4.598,9999.000,9999.000,9999.000,9999.000,9999.000,9999.000,9999.000
202605270048,   4.180,   4.529,9999.000,9999.000,9999.000,9999.000,9999.000,9999.000,9999.000
202605270054,   4.099,   4.447,9999.000,9999.000,9999.000,9999.000,9999.000,9999.000,9999.000
202605270100,   4.016,   4.368,   0.400,  -0.048,   4.368,   0.400,   4.368,   0.400,   4.368
202605270106,   3.932,   4.290,9999.000,9999.000,9999.000,9999.000,9999.000,9999.000,9999.000
202605270112,   3.846,   4.198,9999.000,9999.000,9999.000,9999.000,9999.000,9999.000,9999.000
202605270118,   3.759,   4.109,9999.000,9999.000,9999.000,9999.000,9999.000,9999.000,9999.000
202605270124,   3.671,   4.017,9999.000,9999.000,9999.000,9999.000,9999.000,9999.000,9999.000
202605270130,   3.583,   3.919,9999.000,9999.000,9999.000,9999.000,9999.000,9999.000,9999.000
202605270136,   3.493,   3.817,9999.000,9999.000,9999.000,9999.000,9999.000,9999.000,9999.000
202605270142,   3.404,   3.709,9999.000,9999.000,9999.000,9999.000,9999.000,9999.000,9999.000
202605270148,   3.314,   3.617,9999.000,9999.000,9999.000,9999.000,9999.000,9999.000,9999.000
202605270154,   3.224,   3.529,9999.000,9999.000,9999.000,9999.000,9999.000,9999.000,9999.000
202605270200,   3.133,   3.417,   0.400,  -0.116,   3.417,   0.400,   3.417,   0.400,   3.417
202605270206,   3.042,   3.309,9999.000,9999.000,9999.000,9999.000,9999.000,9999.000,9999.000
202605270212,   2.951,   3.217,9999.000,9999.000,9999.000,9999.000,9999.000,9999.000,9999.000
202605270218,   2.860,   3.119,9999.000,9999.000,9999.000,9999.000,9999.000,9999.000,9999.000
202605270224,   2.768,   3.017,9999.000,9999.000,9999.000,9999.000,9999.000,9999.000,9999.000
202605270230,   2.676,   2.919,9999.000,9999.000,9999.000,9999.000,9999.000,9999.000,9999.000
202605270236,   2.584,   2.830,9999.000,9999.000,9999.000,9999.000,9999.000,9999.000,9999.000
202605270242,   2.492,   2.728,9999.000,9999.000,9999.000,9999.000,9999.000,9999.000,9999.000
202605270248,   2.398,   2.640,9999.000,9999.000,9999.000,9999.000,9999.000,9999.000,9999.000
202605270254,   2.305,   2.558,9999.000,9999.000,9999.000,9999.000,9999.000,9999.000,9999.000
202605270300,   2.211,   2.469,   0.400,  -0.142,   2.469,   0.400,   2.469,   0.400,   2.469
202605270306,   2.116,   2.377,9999.000,9999.000,9999.000,9999.000,9999.000,9999.000,9999.000
202605270312,   2.020,   2.299,9999.000,9999.000,9999.000,9999.000,9999.000,9999.000,9999.000
202605270318,   1.924,   2.220,9999.000,9999.000,9999.000,9999.000,9999.000,9999.000,9999.000
202605270324,   1.828,   2.148,9999.000,9999.000,9999.000,9999.000,9999.000,9999.000,9999.000
202605270330,   1.731,   2.069,9999.000,9999.000,9999.000,9999.000,9999.000,9999.000,9999.000
202605270336,   1.633,   2.000,9999.000,9999.000,9999.000,9999.000,9999.000,9999.000,9999.000
202605270342,   1.536,   1.918,9999.000,9999.000,9999.000,9999.000,9999.000,9999.000,9999.000
202605270348,   1.438,   1.840,9999.000,9999.000,9999.000,9999.000,9999.000,9999.000,9999.000
202605270354,   1.341,   1.758,9999.000,9999.000,9999.000,9999.000,9999.000,9999.000,9999.000
202605270400,   1.245,   1.689,   0.400,   0.044,   1.689,   0.400,   1.689,   0.400,   1.689
202605270406,   1.150,   1.620,9999.000,9999.000,9999.000,9999.000,9999.000,9999.000,9999.000
202605270412,   1.057,   1.548,9999.000,9999.000,9999.000,9999.000,9999.000,9999.000,9999.000
202605270418,   0.965,   1.479,9999.000,9999.000,9999.000,9999.000,9999.000,9999.000,9999.000
202605270424,   0.876,   1.410,9999.000,9999.000,9999.000,9999.000,9999.000,9999.000,9999.000
202605270430,   0.791,   1.338,9999.000,9999.000,9999.000,9999.000,9999.000,9999.000,9999.000
202605270436,   0.709,   1.269,9999.000,9999.000,9999.000,9999.000,9999.000,9999.000,9999.000
202605270442,   0.631,   1.210,9999.000,9999.000,9999.000,9999.000,9999.000,9999.000,9999.000
202605270448,   0.559,   1.151,9999.000,9999.000,9999.000,9999.000,9999.000,9999.000,9999.000
202605270454,   0.493,   1.088,9999.000,9999.000,9999.000,9999.000,9999.000,9999.000,9999.000
202605270500,   0.433,   1.020,   0.400,   0.187,   1.020,   0.400,   1.020,   0.400,   1.020
202605270506,   0.380,   0.970,9999.000,9999.000,9999.000,9999.000,9999.000,9999.000,9999.000
202605270512,   0.334,   0.918,9999.000,9999.000,9999.000,9999.000,9999.000,9999.000,9999.000
202605270518,   0.297,   0.869,9999.000,9999.000,9999.000,9999.000,9999.000,9999.000,9999.000
202605270524,   0.269,   0.829,9999.000,9999.000,9999.000,9999.000,9999.000,9999.000,9999.000
202605270530,   0.249,   0.790,9999.000,9999.000,9999.000,9999.000,9999.000,9999.000,9999.000
202605270536,   0.239,   0.760,9999.000,9999.000,9999.000,9999.000,9999.000,9999.000,9999.000
202605270542,   0.238,   0.741,9999.000,9999.000,9999.000,9999.000,9999.000,9999.000,9999.000
202605270548,   0.247,   0.708,9999.000,9999.000,9999.000,9999.000,9999.000,9999.000,9999.000
202605270554,   0.265,   0.698,9999.000,9999.000,9999.000,9999.000,9999.000,9999.000,9999.000
202605270600,   0.293,   0.688,   0.400,  -0.005,   0.688,   0.400,   0.688,   0.400,   0.688
202605270606,   0.331,   0.678,9999.000,9999.000,9999.000,9999.000,9999.000,9999.000,9999.000
202605270612,   0.378,   0.688,9999.000,9999.000,9999.000,9999.000,9999.000,9999.000,9999.000
202605270618,   0.433,   0.698,9999.000,9999.000,9999.000,9999.000,9999.000,9999.000,9999.000
202605270624,   0.497,   0.731,9999.000,9999.000,9999.000,9999.000,9999.000,9999.000,9999.000
202605270630,   0.569,   0.780,9999.000,9999.000,9999.000,9999.000,9999.000,9999.000,9999.000
202605270636,   0.648,   0.839,9999.000,9999.000,9999.000,9999.000,9999.000,9999.000,9999.000
202605270642,   0.733,   0.908,9999.000,9999.000,9999.000,9999.000,9999.000,9999.000,9999.000
202605270648,   0.824,   0.980,9999.000,9999.000,9999.000,9999.000,9999.000,9999.000,9999.000
202605270654,   0.920,   1.069,9999.000,9999.000,9999.000,9999.000,9999.000,9999.000,9999.000
202605270700,   1.021,   1.170,   0.400,  -0.251,   1.170,   0.400,   1.170,   0.400,   1.170
202605270706,   1.125,   1.259,9999.000,9999.000,9999.000,9999.000,9999.000,9999.000,9999.000
202605270712,   1.232,   1.371,9999.000,9999.000,9999.000,9999.000,9999.000,9999.000,9999.000
202605270718,   1.341,   1.479,9999.000,9999.000,9999.000,9999.000,9999.000,9999.000,9999.000
202605270724,   1.451,   1.590,9999.000,9999.000,9999.000,9999.000,9999.000,9999.000,9999.000
202605270730,   1.562,   1.718,9999.000,9999.000,9999.000,9999.000,9999.000,9999.000,9999.000
202605270736,   1.673,   1.840,9999.000,9999.000,9999.000,9999.000,9999.000,9999.000,9999.000
202605270742,   1.783,   1.967,9999.000,9999.000,9999.000,9999.000,9999.000,9999.000,9999.000
202605270748,   1.893,   2.089,9999.000,9999.000,9999.000,9999.000,9999.000,9999.000,9999.000
202605270754,   2.001,   2.210,9999.000,9999.000,9999.000,9999.000,9999.000,9999.000,9999.000
202605270800,   2.108,   2.338,   0.400,  -0.170,   2.338,   0.400,   2.338,   0.400,   2.338
202605270806,   2.213,   2.459,9999.000,9999.000,9999.000,9999.000,9999.000,9999.000,9999.000
202605270812,   2.316,   2.578,9999.000,9999.000,9999.000,9999.000,9999.000,9999.000,9999.000
202605270818,   2.416,   2.689,9999.000,9999.000,9999.000,9999.000,9999.000,9999.000,9999.000
202605270824,   2.515,   2.797,9999.000,9999.000,9999.000,9999.000,9999.000,9999.000,9999.000
202605270830,   2.611,   2.899,9999.000,9999.000,9999.000,9999.000,9999.000,9999.000,9999.000
202605270836,   2.705,   2.997,9999.000,9999.000,9999.000,9999.000,9999.000,9999.000,9999.000
202605270842,   2.797,   3.099,9999.000,9999.000,9999.000,9999.000,9999.000,9999.000,9999.000
202605270848,   2.887,   3.188,9999.000,9999.000,9999.000,9999.000,9999.000,9999.000,9999.000
202605270854,   2.975,   3.270,9999.000,9999.000,9999.000,9999.000,9999.000,9999.000,9999.000
202605270900,   3.061,   3.348,   0.400,  -0.113,   3.348,   0.400,   3.348,   0.400,   3.348
202605270906,   3.145,   3.417,9999.000,9999.000,9999.000,9999.000,9999.000,9999.000,9999.000
202605270912,   3.228,   3.499,9999.000,9999.000,9999.000,9999.000,9999.000,9999.000,9999.000
202605270918,   3.308,   3.568,9999.000,9999.000,9999.000,9999.000,9999.000,9999.000,9999.000
202605270924,   3.387,   3.627,9999.000,9999.000,9999.000,9999.000,9999.000,9999.000,9999.000
202605270930,   3.464,   3.680,9999.000,9999.000,9999.000,9999.000,9999.000,9999.000,9999.000
202605270936,   3.539,   3.739,9999.000,9999.000,9999.000,9999.000,9999.000,9999.000,9999.000
202605270942,   3.612,   3.788,9999.000,9999.000,9999.000,9999.000,9999.000,9999.000,9999.000
202605270948,   3.683,   3.847,9999.000,9999.000,9999.000,9999.000,9999.000,9999.000,9999.000
202605270954,   3.752,   3.880,9999.000,9999.000,9999.000,9999.000,9999.000,9999.000,9999.000
202605271000,   3.817,   3.949,   0.400,  -0.268,   3.949,   0.400,   3.949,   0.400,   3.949
202605271006,   3.880,   3.988,9999.000,9999.000,9999.000,9999.000,9999.000,9999.000,9999.000
202605271012,   3.940,   4.027,9999.000,9999.000,9999.000,9999.000,9999.000,9999.000,9999.000
202605271018,   3.996,   4.070,9999.000,9999.000,9999.000,9999.000,9999.000,9999.000,9999.000
202605271024,   4.048,   4.099,9999.000,9999.000,9999.000,9999.000,9999.000,9999.000,9999.000
202605271030,   4.096,   4.139,9999.000,9999.000,9999.000,9999.000,9999.000,9999.000,9999.000
202605271036,   4.139,   4.159,9999.000,9999.000,9999.000,9999.000,9999.000,9999.000,9999.000
202605271042,   4.177,   4.188,9999.000,9999.000,9999.000,9999.000,9999.000,9999.000,9999.000
202605271048,   4.210,   4.227,9999.000,9999.000,9999.000,9999.000,9999.000,9999.000,9999.000
202605271054,   4.238,   4.227,9999.000,9999.000,9999.000,9999.000,9999.000,9999.000,9999.000
202605271100,   4.259,   4.267,   0.400,  -0.392,   4.267,   0.400,   4.267,   0.400,   4.267
202605271106,   4.275,   4.280,9999.000,9999.000,9999.000,9999.000,9999.000,9999.000,9999.000
202605271112,   4.285,   4.290,9999.000,9999.000,9999.000,9999.000,9999.000,9999.000,9999.000
202605271118,   4.288,   4.290,9999.000,9999.000,9999.000,9999.000,9999.000,9999.000,9999.000
202605271124,   4.285,   4.300,9999.000,9999.000,9999.000,9999.000,9999.000,9999.000,9999.000
202605271130,   4.276,   4.300,9999.000,9999.000,9999.000,9999.000,9999.000,9999.000,9999.000
202605271136,   4.260,   4.309,9999.000,9999.000,9999.000,9999.000,9999.000,9999.000,9999.000
202605271142,   4.238,   4.300,9999.000,9999.000,9999.000,9999.000,9999.000,9999.000,9999.000
202605271148,   4.210,   4.290,9999.000,9999.000,9999.000,9999.000,9999.000,9999.000,9999.000
202605271154,   4.176,   4.290,9999.000,9999.000,9999.000,9999.000,9999.000,9999.000,9999.000
202605271200,   4.136,   4.267,   0.400,  -0.269,   4.267,   0.400,   4.267,   0.400,   4.267
202605271206,   4.091,   4.257,9999.000,9999.000,9999.000,9999.000,9999.000,9999.000,9999.000
202605271212,   4.040,   4.227,9999.000,9999.000,9999.000,9999.000,9999.000,9999.000,9999.000
202605271218,   3.985,   4.188,9999.000,9999.000,9999.000,9999.000,9999.000,9999.000,9999.000
202605271224,   3.925,   4.149,9999.000,9999.000,9999.000,9999.000,9999.000,9999.000,9999.000
202605271230,   3.860,   4.099,9999.000,9999.000,9999.000,9999.000,9999.000,9999.000,9999.000
202605271236,   3.792,   4.047,9999.000,9999.000,9999.000,9999.000,9999.000,9999.000,9999.000
202605271242,   3.720,   3.998,9999.000,9999.000,9999.000,9999.000,9999.000,9999.000,9999.000
202605271248,   3.645,   3.939,9999.000,9999.000,9999.000,9999.000,9999.000,9999.000,9999.000
202605271254,   3.567,   3.880,9999.000,9999.000,9999.000,9999.000,9999.000,9999.000,9999.000
202605271300,   3.487,   3.808,   0.400,  -0.079,   3.808,   0.400,   3.808,   0.400,   3.808
202605271306,   3.404,   3.739,9999.000,9999.000,9999.000,9999.000,9999.000,9999.000,9999.000
202605271312,   3.320,   3.650,9999.000,9999.000,9999.000,9999.000,9999.000,9999.000,9999.000
202605271318,   3.234,   3.568,9999.000,9999.000,9999.000,9999.000,9999.000,9999.000,9999.000
202605271324,   3.147,   3.480,9999.000,9999.000,9999.000,9999.000,9999.000,9999.000,9999.000
202605271330,   3.059,   3.388,9999.000,9999.000,9999.000,9999.000,9999.000,9999.000,9999.000
202605271336,   2.970,   3.289,9999.000,9999.000,9999.000,9999.000,9999.000,9999.000,9999.000
202605271342,   2.881,   3.207,9999.000,9999.000,9999.000,9999.000,9999.000,9999.000,9999.000
202605271348,   2.792,   3.129,9999.000,9999.000,9999.000,9999.000,9999.000,9999.000,9999.000
202605271354,   2.702,   3.040,9999.000,9999.000,9999.000,9999.000,9999.000,9999.000,9999.000
202605271400,   2.613,   2.948,   0.400,  -0.065,   2.948,   0.400,   2.948,   0.400,   2.948
202605271406,   2.524,   2.919,9999.000,9999.000,9999.000,9999.000,9999.000,9999.000,9999.000
202605271412,   2.436,   2.797,9999.000,9999.000,9999.000,9999.000,9999.000,9999.000,9999.000
202605271418,   2.348,   2.620,9999.000,9999.000,9999.000,9999.000,9999.000,9999.000,9999.000
202605271424,   2.260,   2.548,9999.000,9999.000,9999.000,9999.000,9999.000,9999.000,9999.000
202605271430,   2.174,   2.450,9999.000,9999.000,9999.000,9999.000,9999.000,9999.000,9999.000
202605271436,   2.087,   2.368,9999.000,9999.000,9999.000,9999.000,9999.000,9999.000,9999.000
202605271442,   2.002,   2.328,9999.000,9999.000,9999.000,9999.000,9999.000,9999.000,9999.000
202605271448,   1.916,   2.240,9999.000,9999.000,9999.000,9999.000,9999.000,9999.000,9999.000
202605271454,   1.832,   2.158,9999.000,9999.000,9999.000,9999.000,9999.000,9999.000,9999.000
202605271500,   1.748,   2.059,   0.400,  -0.089,   2.059,   0.400,   2.059,   0.400,   2.059
202605271506,   1.664,   2.010,9999.000,9999.000,9999.000,9999.000,9999.000,9999.000,9999.000
202605271512,   1.580,   1.938,9999.000,9999.000,9999.000,9999.000,9999.000,9999.000,9999.000
202605271518,   1.497,   1.859,9999.000,9999.000,9999.000,9999.000,9999.000,9999.000,9999.000
202605271524,   1.414,   1.781,9999.000,9999.000,9999.000,9999.000,9999.000,9999.000,9999.000
202605271530,   1.331,   1.699,9999.000,9999.000,9999.000,9999.000,9999.000,9999.000,9999.000
202605271536,   1.248,   1.620,9999.000,9999.000,9999.000,9999.000,9999.000,9999.000,9999.000
202605271542,   1.165,   1.557,9999.000,9999.000,9999.000,9999.000,9999.000,9999.000,9999.000
202605271548,   1.083,   1.479,9999.000,9999.000,9999.000,9999.000,9999.000,9999.000,9999.000
202605271554,   1.000,   1.420,9999.000,9999.000,9999.000,9999.000,9999.000,9999.000,9999.000
202605271600,   0.918,   1.338,   0.400,   0.020,   1.338,   0.400,   1.338,   0.400,   1.338
202605271606,   0.836,   1.279,9999.000,9999.000,9999.000,9999.000,9999.000,9999.000,9999.000
202605271612,   0.755,   1.210,9999.000,9999.000,9999.000,9999.000,9999.000,9999.000,9999.000
202605271618,   0.675,   1.151,9999.000,9999.000,9999.000,9999.000,9999.000,9999.000,9999.000
202605271624,   0.595,   1.079,9999.000,9999.000,9999.000,9999.000,9999.000,9999.000,9999.000
202605271630,   0.518,   1.010,9999.000,9999.000,9999.000,9999.000,9999.000,9999.000,9999.000
202605271636,   0.442,   0.951,9999.000,9999.000,9999.000,9999.000,9999.000,9999.000,9999.000
202605271642,   0.369,   0.879,9999.000,9999.000,9999.000,9999.000,9999.000,9999.000,9999.000
202605271648,   0.298,   0.829,9999.000,9999.000,9999.000,9999.000,9999.000,9999.000,9999.000
202605271654,   0.231,   0.770,9999.000,9999.000,9999.000,9999.000,9999.000,9999.000,9999.000
202605271700,   0.169,   0.718,   0.400,   0.149,   0.718,   0.400,   0.718,   0.400,   0.718
202605271706,   0.110,   0.678,9999.000,9999.000,9999.000,9999.000,9999.000,9999.000,9999.000
202605271712,   0.058,   0.639,9999.000,9999.000,9999.000,9999.000,9999.000,9999.000,9999.000
202605271718,   0.011,   0.600,9999.000,9999.000,9999.000,9999.000,9999.000,9999.000,9999.000
202605271724,  -0.029,   0.560,9999.000,9999.000,9999.000,9999.000,9999.000,9999.000,9999.000
202605271730,  -0.062,   0.518,9999.000,9999.000,9999.000,9999.000,9999.000,9999.000,9999.000
202605271736,  -0.087,   0.488,9999.000,9999.000,9999.000,9999.000,9999.000,9999.000,9999.000
202605271742,  -0.104,   0.459,9999.000,9999.000,9999.000,9999.000,9999.000,9999.000,9999.000
202605271748,  -0.113,   0.439,9999.000,9999.000,9999.000,9999.000,9999.000,9999.000,9999.000
202605271754,  -0.112,   0.419,9999.000,9999.000,9999.000,9999.000,9999.000,9999.000,9999.000
202605271800,  -0.102,   0.409,   0.400,   0.111,   0.409,   0.400,   0.409,   0.400,   0.409
202605271806,  -0.082,   0.400,9999.000,9999.000,9999.000,9999.000,9999.000,9999.000,9999.000
202605271812,  -0.052,   0.419,9999.000,9999.000,9999.000,9999.000,9999.000,9999.000,9999.000
202605271818,  -0.013,   0.439,9999.000,9999.000,9999.000,9999.000,9999.000,9999.000,9999.000
202605271824,   0.035,   0.478,9999.000,9999.000,9999.000,9999.000,9999.000,9999.000,9999.000
202605271830,   0.094,   0.498,9999.000,9999.000,9999.000,9999.000,9999.000,9999.000,9999.000
202605271836,   0.162,   0.541,9999.000,9999.000,9999.000,9999.000,9999.000,9999.000,9999.000
202605271842,   0.239,   0.600,9999.000,9999.000,9999.000,9999.000,9999.000,9999.000,9999.000
202605271848,   0.325,   0.659,9999.000,9999.000,9999.000,9999.000,9999.000,9999.000,9999.000
202605271854,   0.418,   0.741,9999.000,9999.000,9999.000,9999.000,9999.000,9999.000,9999.000
202605271900,   0.519,   0.819,   0.400,  -0.100,   0.819,   0.400,   0.819,   0.400,   0.819
202605271906,   0.626,   0.908,9999.000,9999.000,9999.000,9999.000,9999.000,9999.000,9999.000
202605271912,   0.739,   1.010,9999.000,9999.000,9999.000,9999.000,9999.000,9999.000,9999.000
202605271918,   0.857,   1.118,9999.000,9999.000,9999.000,9999.000,9999.000,9999.000,9999.000
202605271924,   0.980,   1.259,9999.000,9999.000,9999.000,9999.000,9999.000,9999.000,9999.000
202605271930,   1.106,   1.410,9999.000,9999.000,9999.000,9999.000,9999.000,9999.000,9999.000
202605271936,   1.235,   1.548,9999.000,9999.000,9999.000,9999.000,9999.000,9999.000,9999.000
202605271942,   1.366,   1.679,9999.000,9999.000,9999.000,9999.000,9999.000,9999.000,9999.000
202605271948,   1.499,   1.830,9999.000,9999.000,9999.000,9999.000,9999.000,9999.000,9999.000
202605271954,   1.632,   1.967,9999.000,9999.000,9999.000,9999.000,9999.000,9999.000,9999.000
202605272000,   1.765,   2.118,   0.400,  -0.047,   2.118,   0.400,   2.118,   0.400,   2.118
202605272006,   1.898,   2.250,9999.000,9999.000,9999.000,9999.000,9999.000,9999.000,9999.000
202605272012,   2.029,   2.377,9999.000,9999.000,9999.000,9999.000,9999.000,9999.000,9999.000
202605272018,   2.159,   2.509,9999.000,9999.000,9999.000,9999.000,9999.000,9999.000,9999.000
202605272024,   2.288,   2.640,9999.000,9999.000,9999.000,9999.000,9999.000,9999.000,9999.000
202605272030,   2.414,   2.758,9999.000,9999.000,9999.000,9999.000,9999.000,9999.000,9999.000
202605272036,   2.538,   2.879,9999.000,9999.000,9999.000,9999.000,9999.000,9999.000,9999.000
202605272042,   2.660,   2.997,9999.000,9999.000,9999.000,9999.000,9999.000,9999.000,9999.000
202605272048,   2.779,   3.119,9999.000,9999.000,9999.000,9999.000,9999.000,9999.000,9999.000
202605272054,   2.896,   3.260,9999.000,9999.000,9999.000,9999.000,9999.000,9999.000,9999.000
202605272100,   3.010,   3.339,   0.400,  -0.071,   3.339,   0.400,   3.339,   0.400,   3.339
202605272106,   3.122,   3.440,9999.000,9999.000,9999.000,9999.000,9999.000,9999.000,9999.000
202605272112,   3.232,   3.548,9999.000,9999.000,9999.000,9999.000,9999.000,9999.000,9999.000
202605272118,   3.339,   3.627,9999.000,9999.000,9999.000,9999.000,9999.000,9999.000,9999.000
202605272124,   3.444,   3.758,9999.000,9999.000,9999.000,9999.000,9999.000,9999.000,9999.000
202605272130,   3.548,   3.817,9999.000,9999.000,9999.000,9999.000,9999.000,9999.000,9999.000
202605272136,   3.649,   3.949,9999.000,9999.000,9999.000,9999.000,9999.000,9999.000,9999.000
202605272142,   3.748,   4.027,9999.000,9999.000,9999.000,9999.000,9999.000,9999.000,9999.000
202605272148,   3.846,   4.090,9999.000,9999.000,9999.000,9999.000,9999.000,9999.000,9999.000
202605272154,   3.941,   4.168,9999.000,9999.000,9999.000,9999.000,9999.000,9999.000,9999.000
202605272200,   4.034,   4.227,   0.400,  -0.207,   4.227,   0.400,   4.227,   0.400,   4.227
202605272206,   4.126,   4.309,9999.000,9999.000,9999.000,9999.000,9999.000,9999.000,9999.000
202605272212,   4.214,   4.359,9999.000,9999.000,9999.000,9999.000,9999.000,9999.000,9999.000
202605272218,   4.301,   4.427,9999.000,9999.000,9999.000,9999.000,9999.000,9999.000,9999.000
202605272224,   4.384,   4.490,9999.000,9999.000,9999.000,9999.000,9999.000,9999.000,9999.000
202605272230,   4.465,   4.539,9999.000,9999.000,9999.000,9999.000,9999.000,9999.000,9999.000
202605272236,   4.542,   4.588,9999.000,9999.000,9999.000,9999.000,9999.000,9999.000,9999.000
202605272242,   4.615,   4.628,9999.000,9999.000,9999.000,9999.000,9999.000,9999.000,9999.000
202605272248,   4.685,   4.677,9999.000,9999.000,9999.000,9999.000,9999.000,9999.000,9999.000
202605272254,   4.750,   4.719,9999.000,9999.000,9999.000,9999.000,9999.000,9999.000,9999.000
202605272300,   4.810,   4.759,   0.400,  -0.451,   4.759,   0.400,   4.759,   0.500,   4.859
202605272306,   4.865,   4.778,9999.000,9999.000,9999.000,9999.000,9999.000,9999.000,9999.000
202605272312,   4.915,   4.798,9999.000,9999.000,9999.000,9999.000,9999.000,9999.000,9999.000
202605272318,   4.959,   4.818,9999.000,9999.000,9999.000,9999.000,9999.000,9999.000,9999.000
202605272324,   4.997,   4.847,9999.000,9999.000,9999.000,9999.000,9999.000,9999.000,9999.000
202605272330,   5.028,   4.877,9999.000,9999.000,9999.000,9999.000,9999.000,9999.000,9999.000
202605272336,   5.054,   4.900,9999.000,9999.000,9999.000,9999.000,9999.000,9999.000,9999.000
202605272342,   5.072,   4.919,9999.000,9999.000,9999.000,9999.000,9999.000,9999.000,9999.000
202605272348,   5.084,   4.949,9999.000,9999.000,9999.000,9999.000,9999.000,9999.000,9999.000
202605272354,   5.090,   4.969,9999.000,9999.000,9999.000,9999.000,9999.000,9999.000,9999.000
202605280000,   5.088,   4.969,   0.400,  -0.519,   4.969,   0.400,   4.969,   0.400,   4.969
202605280006,   5.080,   4.969,9999.000,9999.000,9999.000,9999.000,9999.000,9999.000,9999.000
202605280012,   5.065,   4.979,9999.000,9999.000,9999.000,9999.000,9999.000,9999.000,9999.000
202605280018,   5.044,   4.969,9999.000,9999.000,9999.000,9999.000,9999.000,9999.000,9999.000
202605280024,   5.016,   4.998,9999.000,9999.000,9999.000,9999.000,9999.000,9999.000,9999.000
202605280030,   4.982,   4.979,9999.000,9999.000,9999.000,9999.000,9999.000,9999.000,9999.000
202605280036,   4.942,   4.979,9999.000,9999.000,9999.000,9999.000,9999.000,9999.000,9999.000
202605280042,   4.897,   4.959,9999.000,9999.000,9999.000,9999.000,9999.000,9999.000,9999.000
202605280048,   4.846,   4.929,9999.000,9999.000,9999.000,9999.000,9999.000,9999.000,9999.000
202605280054,   4.790,   4.910,9999.000,9999.000,9999.000,9999.000,9999.000,9999.000,9999.000
202605280100,   4.730,   4.857,   0.400,  -0.273,   4.857,   0.400,   4.857,   0.400,   4.857
202605280106,   4.665,   4.818,9999.000,9999.000,9999.000,9999.000,9999.000,9999.000,9999.000
202605280112,   4.597,   4.788,9999.000,9999.000,9999.000,9999.000,9999.000,9999.000,9999.000
202605280118,   4.524,   4.719,9999.000,9999.000,9999.000,9999.000,9999.000,9999.000,9999.000
202605280124,   4.449,   4.667,9999.000,9999.000,9999.000,9999.000,9999.000,9999.000,9999.000
202605280130,   4.370,   4.598,9999.000,9999.000,9999.000,9999.000,9999.000,9999.000,9999.000
202605280136,   4.289,   4.519,9999.000,9999.000,9999.000,9999.000,9999.000,9999.000,9999.000
202605280142,   4.206,   4.447,9999.000,9999.000,9999.000,9999.000,9999.000,9999.000,9999.000
202605280148,   4.120,   4.349,9999.000,9999.000,9999.000,9999.000,9999.000,9999.000,9999.000
202605280154,   4.033,   4.257,9999.000,9999.000,9999.000,9999.000,9999.000,9999.000,9999.000
202605280200,   3.944,   4.178,   0.400,  -0.166,   4.178,   0.400,   4.178,   0.400,   4.178
202605280206,   3.854,   4.070,9999.000,9999.000,9999.000,9999.000,9999.000,9999.000,9999.000
202605280212,   3.763,   3.968,9999.000,9999.000,9999.000,9999.000,9999.000,9999.000,9999.000
202605280218,   3.671,   3.847,9999.000,9999.000,9999.000,9999.000,9999.000,9999.000,9999.000
202605280224,   3.579,   3.739,9999.000,9999.000,9999.000,9999.000,9999.000,9999.000,9999.000
202605280230,   3.486,   3.660,9999.000,9999.000,9999.000,9999.000,9999.000,9999.000,9999.000
202605280236,   3.392,   3.578,9999.000,9999.000,9999.000,9999.000,9999.000,9999.000,9999.000
202605280242,   3.299,   3.460,9999.000,9999.000,9999.000,9999.000,9999.000,9999.000,9999.000
202605280248,   3.205,   3.358,9999.000,9999.000,9999.000,9999.000,9999.000,9999.000,9999.000
202605280254,   3.111,   3.250,9999.000,9999.000,9999.000,9999.000,9999.000,9999.000,9999.000
202605280300,   3.016,   3.148,   0.400,  -0.268,   3.148,   0.400,   3.148,   0.400,   3.148
202605280306,   2.922,   3.070,9999.000,9999.000,9999.000,9999.000,9999.000,9999.000,9999.000
202605280312,   2.827,   2.978,9999.000,9999.000,9999.000,9999.000,9999.000,9999.000,9999.000
202605280318,   2.732,   2.879,9999.000,9999.000,9999.000,9999.000,9999.000,9999.000,9999.000
202605280324,   2.637,   2.787,9999.000,9999.000,9999.000,9999.000,9999.000,9999.000,9999.000
202605280330,   2.541,   2.689,9999.000,9999.000,9999.000,9999.000,9999.000,9999.000,9999.000
202605280336,   2.445,   2.597,9999.000,9999.000,9999.000,9999.000,9999.000,9999.000,9999.000
202605280342,   2.348,   2.519,9999.000,9999.000,9999.000,9999.000,9999.000,9999.000,9999.000
202605280348,   2.251,   2.430,9999.000,9999.000,9999.000,9999.000,9999.000,9999.000,9999.000
202605280354,   2.154,   2.328,9999.000,9999.000,9999.000,9999.000,9999.000,9999.000,9999.000
202605280400,   2.055,   2.250,   0.400,  -0.205,   2.250,   0.400,   2.250,   0.400,   2.250
202605280406,   1.956,   2.177,9999.000,9999.000,9999.000,9999.000,9999.000,9999.000,9999.000
202605280412,   1.857,   2.099,9999.000,9999.000,9999.000,9999.000,9999.000,9999.000,9999.000
202605280418,   1.757,   2.020,9999.000,9999.000,9999.000,9999.000,9999.000,9999.000,9999.000
202605280424,   1.657,   1.948,9999.000,9999.000,9999.000,9999.000,9999.000,9999.000,9999.000
202605280430,   1.556,   1.869,9999.000,9999.000,9999.000,9999.000,9999.000,9999.000,9999.000
202605280436,   1.456,   1.790,9999.000,9999.000,9999.000,9999.000,9999.000,9999.000,9999.000
202605280442,   1.356,   1.718,9999.000,9999.000,9999.000,9999.000,9999.000,9999.000,9999.000
202605280448,   1.256,   1.649,9999.000,9999.000,9999.000,9999.000,9999.000,9999.000,9999.000
202605280454,   1.157,   1.571,9999.000,9999.000,9999.000,9999.000,9999.000,9999.000,9999.000
202605280500,   1.060,   1.508,   0.400,   0.048,   1.508,   0.400,   1.508,   0.400,   1.508
202605280506,   0.965,   1.430,9999.000,9999.000,9999.000,9999.000,9999.000,9999.000,9999.000
202605280512,   0.872,   1.348,9999.000,9999.000,9999.000,9999.000,9999.000,9999.000,9999.000
202605280518,   0.782,   1.279,9999.000,9999.000,9999.000,9999.000,9999.000,9999.000,9999.000
202605280524,   0.696,   1.220,9999.000,9999.000,9999.000,9999.000,9999.000,9999.000,9999.000
202605280530,   0.614,   1.170,9999.000,9999.000,9999.000,9999.000,9999.000,9999.000,9999.000
202605280536,   0.537,   1.108,9999.000,9999.000,9999.000,9999.000,9999.000,9999.000,9999.000
202605280542,   0.466,   1.059,9999.000,9999.000,9999.000,9999.000,9999.000,9999.000,9999.000
202605280548,   0.401,   1.010,9999.000,9999.000,9999.000,9999.000,9999.000,9999.000,9999.000
202605280554,   0.343,   0.951,9999.000,9999.000,9999.000,9999.000,9999.000,9999.000,9999.000
202605280600,   0.292,   0.898,   0.300,   0.306,   0.898,   0.300,   0.898,   0.300,   0.898
202605280606,   0.250,   0.849,9999.000,9999.000,9999.000,9999.000,9999.000,9999.000,9999.000
202605280612,   0.216,   0.810,9999.000,9999.000,9999.000,9999.000,9999.000,9999.000,9999.000
202605280618,   0.191,   0.770,9999.000,9999.000,9999.000,9999.000,9999.000,9999.000,9999.000
202605280624,   0.176,   0.731,9999.000,9999.000,9999.000,9999.000,9999.000,9999.000,9999.000
202605280630,   0.170,   0.688,9999.000,9999.000,9999.000,9999.000,9999.000,9999.000,9999.000
202605280636,   0.174,   0.659,9999.000,9999.000,9999.000,9999.000,9999.000,9999.000,9999.000
202605280642,   0.189,   0.629,9999.000,9999.000,9999.000,9999.000,9999.000,9999.000,9999.000
202605280648,   0.213,   0.600,9999.000,9999.000,9999.000,9999.000,9999.000,9999.000,9999.000
202605280654,   0.246,   0.580,9999.000,9999.000,9999.000,9999.000,9999.000,9999.000,9999.000
202605280700,   0.290,   0.560,   0.300,  -0.030,   0.560,   0.300,   0.560,   0.300,   0.560
202605280706,   0.342,   0.560,9999.000,9999.000,9999.000,9999.000,9999.000,9999.000,9999.000
202605280712,   0.403,   0.560,9999.000,9999.000,9999.000,9999.000,9999.000,9999.000,9999.000
202605280718,   0.473,   0.570,9999.000,9999.000,9999.000,9999.000,9999.000,9999.000,9999.000
202605280724,   0.550,   0.590,9999.000,9999.000,9999.000,9999.000,9999.000,9999.000,9999.000
202605280730,   0.633,   0.629,9999.000,9999.000,9999.000,9999.000,9999.000,9999.000,9999.000
202605280736,   0.724,   0.678,9999.000,9999.000,9999.000,9999.000,9999.000,9999.000,9999.000
202605280742,   0.819,   0.741,9999.000,9999.000,9999.000,9999.000,9999.000,9999.000,9999.000
202605280748,   0.920,   0.829,9999.000,9999.000,9999.000,9999.000,9999.000,9999.000,9999.000
202605280754,   1.024,   0.941,9999.000,9999.000,9999.000,9999.000,9999.000,9999.000,9999.000
202605280800,   1.131,   1.039,   0.300,  -0.392,   1.039,   0.300,   1.039,   0.300,   1.039
202605280806,   1.241,   1.151,9999.000,9999.000,9999.000,9999.000,9999.000,9999.000,9999.000
202605280812,   1.352,   1.269,9999.000,9999.000,9999.000,9999.000,9999.000,9999.000,9999.000
202605280818,   1.465,   1.390,9999.000,9999.000,9999.000,9999.000,9999.000,9999.000,9999.000
202605280824,   1.577,   1.518,9999.000,9999.000,9999.000,9999.000,9999.000,9999.000,9999.000
202605280830,   1.690,   1.679,9999.000,9999.000,9999.000,9999.000,9999.000,9999.000,9999.000
202605280836,   1.801,   1.810,9999.000,9999.000,9999.000,9999.000,9999.000,9999.000,9999.000
202605280842,   1.912,   1.879,9999.000,9999.000,9999.000,9999.000,9999.000,9999.000,9999.000
202605280848,   2.020,   2.040,9999.000,9999.000,9999.000,9999.000,9999.000,9999.000,9999.000
202605280854,   2.127,   2.177,9999.000,9999.000,9999.000,9999.000,9999.000,9999.000,9999.000
202605280900,   2.232,   2.328,   0.300,  -0.204,   2.328,   0.300,   2.328,   0.300,   2.328
202605280906,   2.334,   2.450,9999.000,9999.000,9999.000,9999.000,9999.000,9999.000,9999.000
202605280912,   2.435,   2.568,9999.000,9999.000,9999.000,9999.000,9999.000,9999.000,9999.000
202605280918,   2.532,   2.660,9999.000,9999.000,9999.000,9999.000,9999.000,9999.000,9999.000
202605280924,   2.628,   2.778,9999.000,9999.000,9999.000,9999.000,9999.000,9999.000,9999.000
202605280930,   2.721,   2.879,9999.000,9999.000,9999.000,9999.000,9999.000,9999.000,9999.000
202605280936,   2.812,   2.988,9999.000,9999.000,9999.000,9999.000,9999.000,9999.000,9999.000
202605280942,   2.901,   3.079,9999.000,9999.000,9999.000,9999.000,9999.000,9999.000,9999.000
202605280948,   2.988,   3.168,9999.000,9999.000,9999.000,9999.000,9999.000,9999.000,9999.000
202605280954,   3.073,   3.250,9999.000,9999.000,9999.000,9999.000,9999.000,9999.000,9999.000
202605281000,   3.156,   3.329,   0.300,  -0.127,   3.329,   0.300,   3.329,   0.300,   3.329
202605281006,   3.237,   3.407,9999.000,9999.000,9999.000,9999.000,9999.000,9999.000,9999.000
202605281012,   3.316,   3.470,9999.000,9999.000,9999.000,9999.000,9999.000,9999.000,9999.000
202605281018,   3.393,   3.548,9999.000,9999.000,9999.000,9999.000,9999.000,9999.000,9999.000
202605281024,   3.469,   3.617,9999.000,9999.000,9999.000,9999.000,9999.000,9999.000,9999.000
202605281030,   3.542,   3.680,9999.000,9999.000,9999.000,9999.000,9999.000,9999.000,9999.000
202605281036,   3.613,   3.739,9999.000,9999.000,9999.000,9999.000,9999.000,9999.000,9999.000
202605281042,   3.682,   3.798,9999.000,9999.000,9999.000,9999.000,9999.000,9999.000,9999.000
202605281048,   3.748,   3.847,9999.000,9999.000,9999.000,9999.000,9999.000,9999.000,9999.000
202605281054,   3.812,   3.890,9999.000,9999.000,9999.000,9999.000,9999.000,9999.000,9999.000
202605281100,   3.872,   3.929,   0.300,  -0.243,   3.929,   0.300,   3.929,   0.300,   3.929
202605281106,   3.928,   3.968,9999.000,9999.000,9999.000,9999.000,9999.000,9999.000,9999.000
202605281112,   3.981,   4.008,9999.000,9999.000,9999.000,9999.000,9999.000,9999.000,9999.000
202605281118,   4.029,   4.047,9999.000,9999.000,9999.000,9999.000,9999.000,9999.000,9999.000
202605281124,   4.073,   4.080,9999.000,9999.000,9999.000,9999.000,9999.000,9999.000,9999.000
202605281130,   4.112,   4.099,9999.000,9999.000,9999.000,9999.000,9999.000,9999.000,9999.000
202605281136,   4.146,   4.119,9999.000,9999.000,9999.000,9999.000,9999.000,9999.000,9999.000
202605281142,   4.174,   4.129,9999.000,9999.000,9999.000,9999.000,9999.000,9999.000,9999.000
202605281148,   4.197,   4.149,9999.000,9999.000,9999.000,9999.000,9999.000,9999.000,9999.000
202605281154,   4.213,   4.159,9999.000,9999.000,9999.000,9999.000,9999.000,9999.000,9999.000
202605281200,   4.223,   4.168,   0.200,  -0.255,   4.168,   0.200,   4.168,   0.200,   4.168
202605281206,   4.227,   4.168,9999.000,9999.000,9999.000,9999.000,9999.000,9999.000,9999.000
202605281212,   4.224,   4.178,9999.000,9999.000,9999.000,9999.000,9999.000,9999.000,9999.000
202605281218,   4.215,   4.168,9999.000,9999.000,9999.000,9999.000,9999.000,9999.000,9999.000
202605281224,   4.199,   4.159,9999.000,9999.000,9999.000,9999.000,9999.000,9999.000,9999.000
202605281230,   4.177,   4.149,9999.000,9999.000,9999.000,9999.000,9999.000,9999.000,9999.000
202605281236,   4.148,   4.129,9999.000,9999.000,9999.000,9999.000,9999.000,9999.000,9999.000
202605281242,   4.114,   4.109,9999.000,9999.000,9999.000,9999.000,9999.000,9999.000,9999.000
202605281248,   4.073,   4.090,9999.000,9999.000,9999.000,9999.000,9999.000,9999.000,9999.000
202605281254,   4.026,   4.070,9999.000,9999.000,9999.000,9999.000,9999.000,9999.000,9999.000
202605281300,   3.974,   4.037,   0.200,  -0.137,   4.037,   0.200,   4.037,   0.200,   4.037
202605281306,   3.916,   3.988,9999.000,9999.000,9999.000,9999.000,9999.000,9999.000,9999.000
202605281312,   3.854,   3.949,9999.000,9999.000,9999.000,9999.000,9999.000,9999.000,9999.000
202605281318,   3.788,   3.899,9999.000,9999.000,9999.000,9999.000,9999.000,9999.000,9999.000
202605281324,   3.717,   3.827,9999.000,9999.000,9999.000,9999.000,9999.000,9999.000,9999.000
202605281330,   3.642,   3.778,9999.000,9999.000,9999.000,9999.000,9999.000,9999.000,9999.000
202605281336,   3.564,   3.699,9999.000,9999.000,9999.000,9999.000,9999.000,9999.000,9999.000
202605281342,   3.483,   3.627,9999.000,9999.000,9999.000,9999.000,9999.000,9999.000,9999.000
202605281348,   3.399,   3.568,9999.000,9999.000,9999.000,9999.000,9999.000,9999.000,9999.000
202605281354,   3.314,   3.480,9999.000,9999.000,9999.000,9999.000,9999.000,9999.000,9999.000
202605281400,   3.226,   3.388,   0.200,  -0.038,   3.388,   0.100,   3.288,   0.200,   3.388
202605281406,   3.137,   3.299,9999.000,9999.000,9999.000,9999.000,9999.000,9999.000,9999.000
202605281412,   3.047,   3.207,9999.000,9999.000,9999.000,9999.000,9999.000,9999.000,9999.000
202605281418,   2.956,   3.129,9999.000,9999.000,9999.000,9999.000,9999.000,9999.000,9999.000
202605281424,   2.864,   3.040,9999.000,9999.000,9999.000,9999.000,9999.000,9999.000,9999.000
202605281430,   2.772,   2.948,9999.000,9999.000,9999.000,9999.000,9999.000,9999.000,9999.000
202605281436,   2.681,   2.840,9999.000,9999.000,9999.000,9999.000,9999.000,9999.000,9999.000
202605281442,   2.589,   2.748,9999.000,9999.000,9999.000,9999.000,9999.000,9999.000,9999.000
202605281448,   2.498,   2.660,9999.000,9999.000,9999.000,9999.000,9999.000,9999.000,9999.000
202605281454,   2.407,   2.558,9999.000,9999.000,9999.000,9999.000,9999.000,9999.000,9999.000
202605281500,   2.318,   2.450,   0.200,  -0.068,   2.450,   0.100,   2.350,   0.200,   2.450
202605281506,   2.229,   2.368,9999.000,9999.000,9999.000,9999.000,9999.000,9999.000,9999.000
202605281512,   2.141,   2.279,9999.000,9999.000,9999.000,9999.000,9999.000,9999.000,9999.000
202605281518,   2.054,   2.168,9999.000,9999.000,9999.000,9999.000,9999.000,9999.000,9999.000
202605281524,   1.968,   2.069,9999.000,9999.000,9999.000,9999.000,9999.000,9999.000,9999.000
202605281530,   1.883,   1.990,9999.000,9999.000,9999.000,9999.000,9999.000,9999.000,9999.000
202605281536,   1.799,   1.918,9999.000,9999.000,9999.000,9999.000,9999.000,9999.000,9999.000
202605281542,   1.716,   1.840,9999.000,9999.000,9999.000,9999.000,9999.000,9999.000,9999.000
202605281548,   1.634,   1.748,9999.000,9999.000,9999.000,9999.000,9999.000,9999.000,9999.000
202605281554,   1.553,   1.679,9999.000,9999.000,9999.000,9999.000,9999.000,9999.000,9999.000
202605281600,   1.473,   1.590,   0.200,  -0.083,   1.590,   0.100,   1.490,   0.200,   1.590
202605281606,   1.393,   1.498,9999.000,9999.000,9999.000,9999.000,9999.000,9999.000,9999.000
202605281612,   1.314,   1.410,9999.000,9999.000,9999.000,9999.000,9999.000,9999.000,9999.000
202605281618,   1.235,   1.328,9999.000,9999.000,9999.000,9999.000,9999.000,9999.000,9999.000
202605281624,   1.157,   1.239,9999.000,9999.000,9999.000,9999.000,9999.000,9999.000,9999.000
202605281630,   1.080,   1.170,9999.000,9999.000,9999.000,9999.000,9999.000,9999.000,9999.000
202605281636,   1.002,   1.098,9999.000,9999.000,9999.000,9999.000,9999.000,9999.000,9999.000
202605281642,   0.926,   1.029,9999.000,9999.000,9999.000,9999.000,9999.000,9999.000,9999.000
202605281648,   0.849,   0.951,9999.000,9999.000,9999.000,9999.000,9999.000,9999.000,9999.000
202605281654,   0.774,   0.869,9999.000,9999.000,9999.000,9999.000,9999.000,9999.000,9999.000
202605281700,   0.699,   0.800,   0.100,   0.001,   0.800,   0.100,   0.800,   0.200,   0.900
202605281706,   0.625,   0.731,9999.000,9999.000,9999.000,9999.000,9999.000,9999.000,9999.000
202605281712,   0.553,   0.669,9999.000,9999.000,9999.000,9999.000,9999.000,9999.000,9999.000
202605281718,   0.482,   0.619,9999.000,9999.000,9999.000,9999.000,9999.000,9999.000,9999.000
202605281724,   0.413,   0.551,9999.000,9999.000,9999.000,9999.000,9999.000,9999.000,9999.000
202605281730,   0.347,   0.488,9999.000,9999.000,9999.000,9999.000,9999.000,9999.000,9999.000
202605281736,   0.283,   0.429,9999.000,9999.000,9999.000,9999.000,9999.000,9999.000,9999.000
202605281742,   0.223,   0.380,9999.000,9999.000,9999.000,9999.000,9999.000,9999.000,9999.000
202605281748,   0.167,   0.331,9999.000,9999.000,9999.000,9999.000,9999.000,9999.000,9999.000
202605281754,   0.116,   0.278,9999.000,9999.000,9999.000,9999.000,9999.000,9999.000,9999.000
202605281800,   0.069,   0.229,   0.100,   0.060,   0.229,   0.100,   0.229,   0.100,   0.229
202605281806,   0.029,   0.180,9999.000,9999.000,9999.000,9999.000,9999.000,9999.000,9999.000
202605281812,  -0.004,   0.141,9999.000,9999.000,9999.000,9999.000,9999.000,9999.000,9999.000
202605281818,  -0.031,   0.121,9999.000,9999.000,9999.000,9999.000,9999.000,9999.000,9999.000
202605281824,  -0.050,   0.088,9999.000,9999.000,9999.000,9999.000,9999.000,9999.000,9999.000
202605281830,  -0.061,   0.068,9999.000,9999.000,9999.000,9999.000,9999.000,9999.000,9999.000
202605281836,  -0.064,   0.059,9999.000,9999.000,9999.000,9999.000,9999.000,9999.000,9999.000
202605281842,  -0.057,   0.059,9999.000,9999.000,9999.000,9999.000,9999.000,9999.000,9999.000
202605281848,  -0.042,   0.059,9999.000,9999.000,9999.000,9999.000,9999.000,9999.000,9999.000
202605281854,  -0.016,   0.088,9999.000,9999.000,9999.000,9999.000,9999.000,9999.000,9999.000
202605281900,   0.018,   0.088,   0.100,  -0.030,   0.088,   0.100,   0.088,   0.100,   0.088
202605281906,   0.062,   0.098,9999.000,9999.000,9999.000,9999.000,9999.000,9999.000,9999.000
202605281912,   0.116,   0.150,9999.000,9999.000,9999.000,9999.000,9999.000,9999.000,9999.000
202605281918,   0.180,   0.219,9999.000,9999.000,9999.000,9999.000,9999.000,9999.000,9999.000
202605281924,   0.253,   0.278,9999.000,9999.000,9999.000,9999.000,9999.000,9999.000,9999.000
202605281930,   0.335,   0.341,9999.000,9999.000,9999.000,9999.000,9999.000,9999.000,9999.000
202605281936,   0.425,   0.439,9999.000,9999.000,9999.000,9999.000,9999.000,9999.000,9999.000
202605281942,   0.523,   0.551,9999.000,9999.000,9999.000,9999.000,9999.000,9999.000,9999.000
202605281948,   0.628,   0.669,9999.000,9999.000,9999.000,9999.000,9999.000,9999.000,9999.000
202605281954,   0.740,   0.800,9999.000,9999.000,9999.000,9999.000,9999.000,9999.000,9999.000
202605282000,   0.857,   0.928,   0.100,  -0.029,   0.928,   0.000,   0.828,   0.100,   0.928
202605282006,   0.980,   1.039,9999.000,9999.000,9999.000,9999.000,9999.000,9999.000,9999.000
202605282012,   1.106,   1.151,9999.000,9999.000,9999.000,9999.000,9999.000,9999.000,9999.000
202605282018,   1.236,   1.289,9999.000,9999.000,9999.000,9999.000,9999.000,9999.000,9999.000
202605282024,   1.369,   1.430,9999.000,9999.000,9999.000,9999.000,9999.000,9999.000,9999.000
202605282030,   1.503,   1.548,9999.000,9999.000,9999.000,9999.000,9999.000,9999.000,9999.000
202605282036,   1.639,   1.669,9999.000,9999.000,9999.000,9999.000,9999.000,9999.000,9999.000
202605282042,   1.775,   1.810,9999.000,9999.000,9999.000,9999.000,9999.000,9999.000,9999.000
202605282048,   1.911,   1.958,9999.000,9999.000,9999.000,9999.000,9999.000,9999.000,9999.000
202605282054,   2.045,   2.118,9999.000,9999.000,9999.000,9999.000,9999.000,9999.000,9999.000
202605282100,   2.179,   2.269,   0.100,  -0.010,   2.269,   0.000,   2.169,   0.100,   2.269
202605282106,   2.310,   2.410,9999.000,9999.000,9999.000,9999.000,9999.000,9999.000,9999.000
202605282112,   2.440,   2.538,9999.000,9999.000,9999.000,9999.000,9999.000,9999.000,9999.000
202605282118,   2.567,   2.669,9999.000,9999.000,9999.000,9999.000,9999.000,9999.000,9999.000
202605282124,   2.691,   2.787,9999.000,9999.000,9999.000,9999.000,9999.000,9999.000,9999.000
202605282130,   2.812,   2.909,9999.000,9999.000,9999.000,9999.000,9999.000,9999.000,9999.000
202605282136,   2.931,   3.030,9999.000,9999.000,9999.000,9999.000,9999.000,9999.000,9999.000
202605282142,   3.047,   3.148,9999.000,9999.000,9999.000,9999.000,9999.000,9999.000,9999.000
202605282148,   3.159,   3.289,9999.000,9999.000,9999.000,9999.000,9999.000,9999.000,9999.000
202605282154,   3.270,   3.407,9999.000,9999.000,9999.000,9999.000,9999.000,9999.000,9999.000
202605282200,   3.377,   3.509,   0.100,   0.032,   3.509,   0.000,   3.409,   0.100,   3.509
202605282206,   3.482,   3.607,9999.000,9999.000,9999.000,9999.000,9999.000,9999.000,9999.000
202605282212,   3.584,   3.699,9999.000,9999.000,9999.000,9999.000,9999.000,9999.000,9999.000
202605282218,   3.685,   3.798,9999.000,9999.000,9999.000,9999.000,9999.000,9999.000,9999.000
202605282224,   3.783,   3.899,9999.000,9999.000,9999.000,9999.000,9999.000,9999.000,9999.000
202605282230,   3.878,   3.988,9999.000,9999.000,9999.000,9999.000,9999.000,9999.000,9999.000
202605282236,   3.972,   4.080,9999.000,9999.000,9999.000,9999.000,9999.000,9999.000,9999.000
202605282242,   4.064,   4.149,9999.000,9999.000,9999.000,9999.000,9999.000,9999.000,9999.000
202605282248,   4.154,   4.237,9999.000,9999.000,9999.000,9999.000,9999.000,9999.000,9999.000
202605282254,   4.241,   4.319,9999.000,9999.000,9999.000,9999.000,9999.000,9999.000,9999.000
202605282300,   4.326,   4.398,   0.100,  -0.028,   4.398,   0.000,   4.298,   0.100,   4.398
202605282306,   4.409,   4.447,9999.000,9999.000,9999.000,9999.000,9999.000,9999.000,9999.000
202605282312,   4.489,   4.500,9999.000,9999.000,9999.000,9999.000,9999.000,9999.000,9999.000
202605282318,   4.566,   4.559,9999.000,9999.000,9999.000,9999.000,9999.000,9999.000,9999.000
202605282324,   4.640,   4.608,9999.000,9999.000,9999.000,9999.000,9999.000,9999.000,9999.000
202605282330,   4.710,   4.657,9999.000,9999.000,9999.000,9999.000,9999.000,9999.000,9999.000
202605282336,   4.776,   4.700,9999.000,9999.000,9999.000,9999.000,9999.000,9999.000,9999.000
202605282342,   4.839,   4.749,9999.000,9999.000,9999.000,9999.000,9999.000,9999.000,9999.000
202605282348,   4.896,   4.788,9999.000,9999.000,9999.000,9999.000,9999.000,9999.000,9999.000
202605282354,   4.949,   4.828,9999.000,9999.000,9999.000,9999.000,9999.000,9999.000,9999.000
202605290000,   4.996,   4.877,   0.100,  -0.219,   4.877,   0.100,   4.877,   0.100,   4.877
202605290006,   5.038,   4.900,9999.000,9999.000,9999.000,9999.000,9999.000,9999.000,9999.000
202605290012,   5.074,   4.929,9999.000,9999.000,9999.000,9999.000,9999.000,9999.000,9999.000
202605290018,   5.104,   4.959,9999.000,9999.000,9999.000,9999.000,9999.000,9999.000,9999.000
202605290024,   5.127,   4.988,9999.000,9999.000,9999.000,9999.000,9999.000,9999.000,9999.000
202605290030,   5.144,   5.018,9999.000,9999.000,9999.000,9999.000,9999.000,9999.000,9999.000
202605290036,   5.154,   5.047,9999.000,9999.000,9999.000,9999.000,9999.000,9999.000,9999.000
202605290042,   5.157,   5.057,9999.000,9999.000,9999.000,9999.000,9999.000,9999.000,9999.000
202605290048,   5.154,   5.077,9999.000,9999.000,9999.000,9999.000,9999.000,9999.000,9999.000
202605290054,   5.144,   5.077,9999.000,9999.000,9999.000,9999.000,9999.000,9999.000,9999.000
202605290100,   5.127,   5.097,   0.100,  -0.130,   5.097,   0.100,   5.097,   0.100,   5.097
202605290106,   5.103,   5.110,9999.000,9999.000,9999.000,9999.000,9999.000,9999.000,9999.000
202605290112,   5.073,   5.097,9999.000,9999.000,9999.000,9999.000,9999.000,9999.000,9999.000
202605290118,   5.037,   5.097,9999.000,9999.000,9999.000,9999.000,9999.000,9999.000,9999.000
202605290124,   4.995,   5.087,9999.000,9999.000,9999.000,9999.000,9999.000,9999.000,9999.000
202605290130,   4.947,   5.077,9999.000,9999.000,9999.000,9999.000,9999.000,9999.000,9999.000
202605290136,   4.894,   5.057,9999.000,9999.000,9999.000,9999.000,9999.000,9999.000,9999.000
202605290142,   4.836,   5.038,9999.000,9999.000,9999.000,9999.000,9999.000,9999.000,9999.000
202605290148,   4.772,   4.998,9999.000,9999.000,9999.000,9999.000,9999.000,9999.000,9999.000
202605290154,   4.705,   4.939,9999.000,9999.000,9999.000,9999.000,9999.000,9999.000,9999.000
202605290200,   4.633,   4.887,   0.100,   0.154,   4.887,   0.100,   4.887,   0.100,   4.887
202605290206,   4.558,   4.818,9999.000,9999.000,9999.000,9999.000,9999.000,9999.000,9999.000
202605290212,   4.479,   4.739,9999.000,9999.000,9999.000,9999.000,9999.000,9999.000,9999.000
202605290218,   4.398,   4.647,9999.000,9999.000,9999.000,9999.000,9999.000,9999.000,9999.000
202605290224,   4.314,   4.559,9999.000,9999.000,9999.000,9999.000,9999.000,9999.000,9999.000
202605290230,   4.227,   4.457,9999.000,9999.000,9999.000,9999.000,9999.000,9999.000,9999.000
202605290236,   4.139,   4.368,9999.000,9999.000,9999.000,9999.000,9999.000,9999.000,9999.000
202605290242,   4.048,   4.280,9999.000,9999.000,9999.000,9999.000,9999.000,9999.000,9999.000
202605290248,   3.957,   4.178,9999.000,9999.000,9999.000,9999.000,9999.000,9999.000,9999.000
202605290254,   3.864,   4.070,9999.000,9999.000,9999.000,9999.000,9999.000,9999.000,9999.000
202605290300,   3.770,   3.949,   0.100,   0.079,   3.949,   0.100,   3.949,   0.100,   3.949
202605290306,   3.675,   3.827,9999.000,9999.000,9999.000,9999.000,9999.000,9999.000,9999.000
202605290312,   3.580,   3.719,9999.000,9999.000,9999.000,9999.000,9999.000,9999.000,9999.000
202605290318,   3.484,   3.617,9999.000,9999.000,9999.000,9999.000,9999.000,9999.000,9999.000
202605290324,   3.388,   3.509,9999.000,9999.000,9999.000,9999.000,9999.000,9999.000,9999.000
202605290330,   3.292,   3.398,9999.000,9999.000,9999.000,9999.000,9999.000,9999.000,9999.000
202605290336,   3.196,   3.279,9999.000,9999.000,9999.000,9999.000,9999.000,9999.000,9999.000
202605290342,   3.099,   3.178,9999.000,9999.000,9999.000,9999.000,9999.000,9999.000,9999.000
202605290348,   3.003,   3.079,9999.000,9999.000,9999.000,9999.000,9999.000,9999.000,9999.000
202605290354,   2.906,   2.988,9999.000,9999.000,9999.000,9999.000,9999.000,9999.000,9999.000
202605290400,   2.809,   2.889,   0.100,  -0.020,   2.889,   0.100,   2.889,   0.100,   2.889
202605290406,   2.713,   2.787,9999.000,9999.000,9999.000,9999.000,9999.000,9999.000,9999.000
202605290412,   2.616,   2.699,9999.000,9999.000,9999.000,9999.000,9999.000,9999.000,9999.000
202605290418,   2.518,   2.610,9999.000,9999.000,9999.000,9999.000,9999.000,9999.000,9999.000
202605290424,   2.421,   2.519,9999.000,9999.000,9999.000,9999.000,9999.000,9999.000,9999.000
202605290430,   2.323,   2.430,9999.000,9999.000,9999.000,9999.000,9999.000,9999.000,9999.000
202605290436,   2.225,   2.338,9999.000,9999.000,9999.000,9999.000,9999.000,9999.000,9999.000
202605290442,   2.126,   2.250,9999.000,9999.000,9999.000,9999.000,9999.000,9999.000,9999.000
202605290448,   2.026,   2.168,9999.000,9999.000,9999.000,9999.000,9999.000,9999.000,9999.000
202605290454,   1.927,   2.089,9999.000,9999.000,9999.000,9999.000,9999.000,9999.000,9999.000
202605290500,   1.826,   2.010,   0.100,   0.084,   2.010,   0.100,   2.010,   0.200,   2.110
202605290506,   1.726,   1.928,9999.000,9999.000,9999.000,9999.000,9999.000,9999.000,9999.000
202605290512,   1.624,   1.849,9999.000,9999.000,9999.000,9999.000,9999.000,9999.000,9999.000
202605290518,   1.523,   1.767,9999.000,9999.000,9999.000,9999.000,9999.000,9999.000,9999.000
202605290524,   1.422,   1.689,9999.000,9999.000,9999.000,9999.000,9999.000,9999.000,9999.000
202605290530,   1.321,   1.600,9999.000,9999.000,9999.000,9999.000,9999.000,9999.000,9999.000
202605290536,   1.221,   1.528,9999.000,9999.000,9999.000,9999.000,9999.000,9999.000,9999.000
202605290542,   1.121,   1.449,9999.000,9999.000,9999.000,9999.000,9999.000,9999.000,9999.000
202605290548,   1.024,   1.380,9999.000,9999.000,9999.000,9999.000,9999.000,9999.000,9999.000
202605290554,   0.928,   1.298,9999.000,9999.000,9999.000,9999.000,9999.000,9999.000,9999.000
202605290600,   0.834,   1.239,   0.200,   0.205,   1.239,   0.100,   1.139,   0.200,   1.239
202605290606,   0.743,   1.180,9999.000,9999.000,9999.000,9999.000,9999.000,9999.000,9999.000
202605290612,   0.657,   1.118,9999.000,9999.000,9999.000,9999.000,9999.000,9999.000,9999.000
202605290618,   0.574,   1.069,9999.000,9999.000,9999.000,9999.000,9999.000,9999.000,9999.000
202605290624,   0.496,   1.010,9999.000,9999.000,9999.000,9999.000,9999.000,9999.000,9999.000
202605290630,   0.424,   0.951,9999.000,9999.000,9999.000,9999.000,9999.000,9999.000,9999.000
202605290636,   0.358,   0.898,9999.000,9999.000,9999.000,9999.000,9999.000,9999.000,9999.000
202605290642,   0.299,   0.849,9999.000,9999.000,9999.000,9999.000,9999.000,9999.000,9999.000
202605290648,   0.248,   0.790,9999.000,9999.000,9999.000,9999.000,9999.000,9999.000,9999.000
202605290654,   0.204,   0.741,9999.000,9999.000,9999.000,9999.000,9999.000,9999.000,9999.000
202605290700,   0.170,   0.708,   0.200,   0.338,   0.708,   0.100,   0.608,   0.200,   0.708
202605290706,   0.144,   0.669,9999.000,9999.000,9999.000,9999.000,9999.000,9999.000,9999.000
202605290712,   0.128,   0.649,9999.000,9999.000,9999.000,9999.000,9999.000,9999.000,9999.000
202605290718,   0.122,   0.619,9999.000,9999.000,9999.000,9999.000,9999.000,9999.000,9999.000
202605290724,   0.125,   0.580,9999.000,9999.000,9999.000,9999.000,9999.000,9999.000,9999.000
202605290730,   0.139,   0.560,9999.000,9999.000,9999.000,9999.000,9999.000,9999.000,9999.000
202605290736,   0.162,   0.541,9999.000,9999.000,9999.000,9999.000,9999.000,9999.000,9999.000
202605290742,   0.195,   0.531,9999.000,9999.000,9999.000,9999.000,9999.000,9999.000,9999.000
202605290748,   0.239,   0.531,9999.000,9999.000,9999.000,9999.000,9999.000,9999.000,9999.000
202605290754,   0.291,   0.518,9999.000,9999.000,9999.000,9999.000,9999.000,9999.000,9999.000
202605290800,   0.352,   0.541,   0.200,  -0.011,   0.541,   0.100,   0.441,   0.200,   0.541
202605290806,   0.422,   0.590,9999.000,9999.000,9999.000,9999.000,9999.000,9999.000,9999.000
202605290812,   0.499,   0.639,9999.000,9999.000,9999.000,9999.000,9999.000,9999.000,9999.000
202605290818,   0.584,   0.708,9999.000,9999.000,9999.000,9999.000,9999.000,9999.000,9999.000
202605290824,   0.675,   0.810,9999.000,9999.000,9999.000,9999.000,9999.000,9999.000,9999.000
202605290830,   0.771,   0.928,9999.000,9999.000,9999.000,9999.000,9999.000,9999.000,9999.000
202605290836,   0.873,   1.069,9999.000,9999.000,9999.000,9999.000,9999.000,9999.000,9999.000
202605290842,   0.978,   1.200,9999.000,9999.000,9999.000,9999.000,9999.000,9999.000,9999.000
202605290848,   1.087,   1.338,9999.000,9999.000,9999.000,9999.000,9999.000,9999.000,9999.000
202605290854,   1.198,   1.479,9999.000,9999.000,9999.000,9999.000,9999.000,9999.000,9999.000
202605290900,   1.311,   1.600,   0.200,   0.089,   1.600,   0.200,   1.600,   0.200,   1.600
202605290906,   1.425,   1.728,9999.000,9999.000,9999.000,9999.000,9999.000,9999.000,9999.000
202605290912,   1.539,   1.869,9999.000,9999.000,9999.000,9999.000,9999.000,9999.000,9999.000
202605290918,   1.653,   2.020,9999.000,9999.000,9999.000,9999.000,9999.000,9999.000,9999.000
202605290924,   1.765,   2.168,9999.000,9999.000,9999.000,9999.000,9999.000,9999.000,9999.000
202605290930,   1.877,   2.309,9999.000,9999.000,9999.000,9999.000,9999.000,9999.000,9999.000
202605290936,   1.987,   2.450,9999.000,9999.000,9999.000,9999.000,9999.000,9999.000,9999.000
202605290942,   2.095,   2.578,9999.000,9999.000,9999.000,9999.000,9999.000,9999.000,9999.000
202605290948,   2.201,   2.699,9999.000,9999.000,9999.000,9999.000,9999.000,9999.000,9999.000
202605290954,   2.304,   2.807,9999.000,9999.000,9999.000,9999.000,9999.000,9999.000,9999.000
202605291000,   2.405,   2.909,   0.200,   0.304,   2.909,   0.200,   2.909,   0.200,   2.909
202605291006,   2.503,   3.007,9999.000,9999.000,9999.000,9999.000,9999.000,9999.000,9999.000
202605291012,   2.599,   3.109,9999.000,9999.000,9999.000,9999.000,9999.000,9999.000,9999.000
202605291018,   2.692,   3.197,9999.000,9999.000,9999.000,9999.000,9999.000,9999.000,9999.000
202605291024,   2.783,   3.289,9999.000,9999.000,9999.000,9999.000,9999.000,9999.000,9999.000
202605291030,   2.872,   3.368,9999.000,9999.000,9999.000,9999.000,9999.000,9999.000,9999.000
202605291036,   2.958,   3.460,9999.000,9999.000,9999.000,9999.000,9999.000,9999.000,9999.000
202605291042,   3.042,   3.539,9999.000,9999.000,9999.000,9999.000,9999.000,9999.000,9999.000
202605291048,   3.125,   3.627,9999.000,9999.000,9999.000,9999.000,9999.000,9999.000,9999.000
202605291054,   3.205,   3.709,9999.000,9999.000,9999.000,9999.000,9999.000,9999.000,9999.000
202605291100,   3.283,   3.778,   0.200,   0.295,   3.778,   0.200,   3.778,   0.300,   3.878
202605291106,   3.359,   3.847,9999.000,9999.000,9999.000,9999.000,9999.000,9999.000,9999.000
202605291112,   3.434,   3.909,9999.000,9999.000,9999.000,9999.000,9999.000,9999.000,9999.000
202605291118,   3.506,   3.968,9999.000,9999.000,9999.000,9999.000,9999.000,9999.000,9999.000
202605291124,   3.576,   4.017,9999.000,9999.000,9999.000,9999.000,9999.000,9999.000,9999.000
202605291130,   3.644,   4.057,9999.000,9999.000,9999.000,9999.000,9999.000,9999.000,9999.000
202605291136,   3.708,   4.099,9999.000,9999.000,9999.000,9999.000,9999.000,9999.000,9999.000
202605291142,   3.771,   4.139,9999.000,9999.000,9999.000,9999.000,9999.000,9999.000,9999.000
202605291148,   3.829,   4.178,9999.000,9999.000,9999.000,9999.000,9999.000,9999.000,9999.000
202605291154,   3.885,   4.208,9999.000,9999.000,9999.000,9999.000,9999.000,9999.000,9999.000
202605291200,   3.936,   4.247,   0.300,   0.011,   4.247,   0.300,   4.247,   0.400,   4.347
202605291206,   3.983,   4.290,9999.000,9999.000,9999.000,9999.000,9999.000,9999.000,9999.000
202605291212,   4.026,   4.319,9999.000,9999.000,9999.000,9999.000,9999.000,9999.000,9999.000
202605291218,   4.064,   4.349,9999.000,9999.000,9999.000,9999.000,9999.000,9999.000,9999.000
202605291224,   4.096,   4.388,9999.000,9999.000,9999.000,9999.000,9999.000,9999.000,9999.000
202605291230,   4.123,   4.427,9999.000,9999.000,9999.000,9999.000,9999.000,9999.000,9999.000
202605291236,   4.144,   4.447,9999.000,9999.000,9999.000,9999.000,9999.000,9999.000,9999.000
202605291242,   4.159,   4.418,9999.000,9999.000,9999.000,9999.000,9999.000,9999.000,9999.000
202605291248,   4.168,   4.368,9999.000,9999.000,9999.000,9999.000,9999.000,9999.000,9999.000
202605291254,   4.170,   4.437,9999.000,9999.000,9999.000,9999.000,9999.000,9999.000,9999.000
202605291300,   4.165,   4.457,   0.400,  -0.108,   4.457,   0.300,   4.357,   0.400,   4.457
202605291306,   4.154,   4.467,9999.000,9999.000,9999.000,9999.000,9999.000,9999.000,9999.000
202605291312,   4.137,   4.490,9999.000,9999.000,9999.000,9999.000,9999.000,9999.000,9999.000
202605291318,   4.112,   4.467,9999.000,9999.000,9999.000,9999.000,9999.000,9999.000,9999.000
202605291324,   4.081,   4.329,9999.000,9999.000,9999.000,9999.000,9999.000,9999.000,9999.000
202605291330,   4.044,   4.398,9999.000,9999.000,9999.000,9999.000,9999.000,9999.000,9999.000
202605291336,   4.001,   4.378,9999.000,9999.000,9999.000,9999.000,9999.000,9999.000,9999.000
202605291342,   3.952,   4.368,9999.000,9999.000,9999.000,9999.000,9999.000,9999.000,9999.000
202605291348,   3.897,   4.339,9999.000,9999.000,9999.000,9999.000,9999.000,9999.000,9999.000
202605291354,   3.837,   4.290,9999.000,9999.000,9999.000,9999.000,9999.000,9999.000,9999.000
202605291400,   3.772,   4.237,   0.400,   0.065,   4.237,   0.300,   4.137,   0.400,   4.237
202605291406,   3.702,   4.198,9999.000,9999.000,9999.000,9999.000,9999.000,9999.000,9999.000
202605291412,   3.628,   4.168,9999.000,9999.000,9999.000,9999.000,9999.000,9999.000,9999.000
202605291418,   3.551,   4.139,9999.000,9999.000,9999.000,9999.000,9999.000,9999.000,9999.000
202605291424,   3.470,   4.047,9999.000,9999.000,9999.000,9999.000,9999.000,9999.000,9999.000
202605291430,   3.386,   3.958,9999.000,9999.000,9999.000,9999.000,9999.000,9999.000,9999.000
202605291436,   3.300,   3.899,9999.000,9999.000,9999.000,9999.000,9999.000,9999.000,9999.000
202605291442,   3.211,   3.808,9999.000,9999.000,9999.000,9999.000,9999.000,9999.000,9999.000
202605291448,   3.121,   3.739,9999.000,9999.000,9999.000,9999.000,9999.000,9999.000,9999.000
202605291454,   3.030,   3.670,9999.000,9999.000,9999.000,9999.000,9999.000,9999.000,9999.000
202605291500,   2.937,   3.548,   0.400,   0.211,   3.548,   0.300,   3.448,   0.400,   3.548
202605291506,   2.844,   3.460,9999.000,9999.000,9999.000,9999.000,9999.000,9999.000,9999.000
202605291512,   2.751,   3.378,9999.000,9999.000,9999.000,9999.000,9999.000,9999.000,9999.000
202605291518,   2.658,   3.279,9999.000,9999.000,9999.000,9999.000,9999.000,9999.000,9999.000
202605291524,   2.564,   3.197,9999.000,9999.000,9999.000,9999.000,9999.000,9999.000,9999.000
202605291530,   2.472,   3.099,9999.000,9999.000,9999.000,9999.000,9999.000,9999.000,9999.000
202605291536,   2.380,   3.017,9999.000,9999.000,9999.000,9999.000,9999.000,9999.000,9999.000
202605291542,   2.289,   2.909,9999.000,9999.000,9999.000,9999.000,9999.000,9999.000,9999.000
202605291548,   2.199,   2.797,9999.000,9999.000,9999.000,9999.000,9999.000,9999.000,9999.000
202605291554,   2.110,   2.719,9999.000,9999.000,9999.000,9999.000,9999.000,9999.000,9999.000
202605291600,   2.023,   2.610,   0.400,   0.187,   2.610,   0.400,   2.610,   0.400,   2.610
202605291606,   1.937,   2.519,9999.000,9999.000,9999.000,9999.000,9999.000,9999.000,9999.000
202605291612,   1.852,   2.430,9999.000,9999.000,9999.000,9999.000,9999.000,9999.000,9999.000
202605291618,   1.769,   2.358,9999.000,9999.000,9999.000,9999.000,9999.000,9999.000,9999.000
202605291624,   1.687,   2.279,9999.000,9999.000,9999.000,9999.000,9999.000,9999.000,9999.000
202605291630,   1.606,   2.210,9999.000,9999.000,9999.000,9999.000,9999.000,9999.000,9999.000
202605291636,   1.527,   2.138,9999.000,9999.000,9999.000,9999.000,9999.000,9999.000,9999.000
202605291642,   1.448,   2.069,9999.000,9999.000,9999.000,9999.000,9999.000,9999.000,9999.000
202605291648,   1.372,   1.990,9999.000,9999.000,9999.000,9999.000,9999.000,9999.000,9999.000
202605291654,   1.296,   1.899,9999.000,9999.000,9999.000,9999.000,9999.000,9999.000,9999.000
202605291700,   1.221,   1.830,   0.400,   0.209,   1.830,   0.400,   1.830,   0.400,   1.830
202605291706,   1.147,   1.748,9999.000,9999.000,9999.000,9999.000,9999.000,9999.000,9999.000
202605291712,   1.074,   1.679,9999.000,9999.000,9999.000,9999.000,9999.000,9999.000,9999.000
202605291718,   1.001,   1.590,9999.000,9999.000,9999.000,9999.000,9999.000,9999.000,9999.000
202605291724,   0.930,   1.528,9999.000,9999.000,9999.000,9999.000,9999.000,9999.000,9999.000
202605291730,   0.859,   1.459,9999.000,9999.000,9999.000,9999.000,9999.000,9999.000,9999.000
202605291736,   0.789,   1.390,9999.000,9999.000,9999.000,9999.000,9999.000,9999.000,9999.000
202605291742,   0.721,   1.318,9999.000,9999.000,9999.000,9999.000,9999.000,9999.000,9999.000
202605291748,   0.653,   1.249,9999.000,9999.000,9999.000,9999.000,9999.000,9999.000,9999.000
202605291754,   0.587,   1.200,9999.000,9999.000,9999.000,9999.000,9999.000,9999.000,9999.000
202605291800,   0.522,   1.138,   0.600,   0.016,   1.138,   0.600,   1.138,   0.600,   1.138
202605291806,   0.459,   1.069,9999.000,9999.000,9999.000,9999.000,9999.000,9999.000,9999.000
202605291812,   0.398,   1.000,9999.000,9999.000,9999.000,9999.000,9999.000,9999.000,9999.000
202605291818,   0.340,   0.951,9999.000,9999.000,9999.000,9999.000,9999.000,9999.000,9999.000
202605291824,   0.285,   0.898,9999.000,9999.000,9999.000,9999.000,9999.000,9999.000,9999.000
202605291830,   0.234,   0.849,9999.000,9999.000,9999.000,9999.000,9999.000,9999.000,9999.000
202605291836,   0.186,   0.780,9999.000,9999.000,9999.000,9999.000,9999.000,9999.000,9999.000
202605291842,   0.143,   0.741,9999.000,9999.000,9999.000,9999.000,9999.000,9999.000,9999.000
202605291848,   0.106,   0.698,9999.000,9999.000,9999.000,9999.000,9999.000,9999.000,9999.000
202605291854,   0.074,   0.659,9999.000,9999.000,9999.000,9999.000,9999.000,9999.000,9999.000
202605291900,   0.048,   0.619,   0.600,  -0.029,   0.619,   0.600,   0.619,   0.700,   0.719
202605291906,   0.030,   0.600,9999.000,9999.000,9999.000,9999.000,9999.000,9999.000,9999.000
202605291912,   0.019,   0.570,9999.000,9999.000,9999.000,9999.000,9999.000,9999.000,9999.000
202605291918,   0.016,   0.551,9999.000,9999.000,9999.000,9999.000,9999.000,9999.000,9999.000
202605291924,   0.021,   0.551,9999.000,9999.000,9999.000,9999.000,9999.000,9999.000,9999.000
202605291930,   0.035,   0.551,9999.000,9999.000,9999.000,9999.000,9999.000,9999.000,9999.000
202605291936,   0.058,   0.551,9999.000,9999.000,9999.000,9999.000,9999.000,9999.000,9999.000
202605291942,   0.091,   0.560,9999.000,9999.000,9999.000,9999.000,9999.000,9999.000,9999.000
202605291948,   0.133,   0.580,9999.000,9999.000,9999.000,9999.000,9999.000,9999.000,9999.000
202605291954,   0.184,   0.619,9999.000,9999.000,9999.000,9999.000,9999.000,9999.000,9999.000
202605292000,   0.245,   0.669,   0.600,  -0.176,   0.669,   0.600,   0.669,   0.700,   0.769
202605292006,   0.315,   0.718,9999.000,9999.000,9999.000,9999.000,9999.000,9999.000,9999.000
202605292012,   0.393,   0.790,9999.000,9999.000,9999.000,9999.000,9999.000,9999.000,9999.000
202605292018,   0.481,   0.859,9999.000,9999.000,9999.000,9999.000,9999.000,9999.000,9999.000
202605292024,   0.576,   0.951,9999.000,9999.000,9999.000,9999.000,9999.000,9999.000,9999.000
202605292030,   0.679,   1.049,9999.000,9999.000,9999.000,9999.000,9999.000,9999.000,9999.000
202605292036,   0.789,   1.151,9999.000,9999.000,9999.000,9999.000,9999.000,9999.000,9999.000
202605292042,   0.905,   1.249,9999.000,9999.000,9999.000,9999.000,9999.000,9999.000,9999.000
202605292048,   1.027,   1.361,9999.000,9999.000,9999.000,9999.000,9999.000,9999.000,9999.000
202605292054,   1.153,   1.489,9999.000,9999.000,9999.000,9999.000,9999.000,9999.000,9999.000
202605292100,   1.283,   1.630,   0.700,  -0.353,   1.630,   0.600,   1.530,   0.700,   1.630
202605292106,   1.416,   1.781,9999.000,9999.000,9999.000,9999.000,9999.000,9999.000,9999.000
202605292112,   1.552,   1.928,9999.000,9999.000,9999.000,9999.000,9999.000,9999.000,9999.000
202605292118,   1.689,   2.099,9999.000,9999.000,9999.000,9999.000,9999.000,9999.000,9999.000
202605292124,   1.826,   2.250,9999.000,9999.000,9999.000,9999.000,9999.000,9999.000,9999.000
202605292130,   1.964,   2.400,9999.000,9999.000,9999.000,9999.000,9999.000,9999.000,9999.000
202605292136,   2.100,   2.558,9999.000,9999.000,9999.000,9999.000,9999.000,9999.000,9999.000
202605292142,   2.236,   2.699,9999.000,9999.000,9999.000,9999.000,9999.000,9999.000,9999.000
202605292148,   2.370,   2.850,9999.000,9999.000,9999.000,9999.000,9999.000,9999.000,9999.000
202605292154,   2.501,   3.007,9999.000,9999.000,9999.000,9999.000,9999.000,9999.000,9999.000
202605292200,   2.630,   3.129,   0.700,  -0.201,   3.129,   0.600,   3.029,   0.700,   3.129
202605292206,   2.756,   3.270,9999.000,9999.000,9999.000,9999.000,9999.000,9999.000,9999.000
202605292212,   2.878,   3.378,9999.000,9999.000,9999.000,9999.000,9999.000,9999.000,9999.000
202605292218,   2.998,   3.489,9999.000,9999.000,9999.000,9999.000,9999.000,9999.000,9999.000
202605292224,   3.114,   3.617,9999.000,9999.000,9999.000,9999.000,9999.000,9999.000,9999.000
202605292230,   3.226,   3.729,9999.000,9999.000,9999.000,9999.000,9999.000,9999.000,9999.000
202605292236,   3.336,   3.847,9999.000,9999.000,9999.000,9999.000,9999.000,9999.000,9999.000
202605292242,   3.442,   3.958,9999.000,9999.000,9999.000,9999.000,9999.000,9999.000,9999.000
202605292248,   3.545,   4.057,9999.000,9999.000,9999.000,9999.000,9999.000,9999.000,9999.000
202605292254,   3.645,   4.139,9999.000,9999.000,9999.000,9999.000,9999.000,9999.000,9999.000
202605292300,   3.742,   4.227,   0.700,  -0.215,   4.227,   0.600,   4.127,   0.700,   4.227
202605292306,   3.837,   4.309,9999.000,9999.000,9999.000,9999.000,9999.000,9999.000,9999.000
202605292312,   3.929,   4.368,9999.000,9999.000,9999.000,9999.000,9999.000,9999.000,9999.000
202605292318,   4.019,   4.457,9999.000,9999.000,9999.000,9999.000,9999.000,9999.000,9999.000
202605292324,   4.106,   4.509,9999.000,9999.000,9999.000,9999.000,9999.000,9999.000,9999.000
202605292330,   4.192,   4.588,9999.000,9999.000,9999.000,9999.000,9999.000,9999.000,9999.000
202605292336,   4.275,   4.628,9999.000,9999.000,9999.000,9999.000,9999.000,9999.000,9999.000
202605292342,   4.355,   4.719,9999.000,9999.000,9999.000,9999.000,9999.000,9999.000,9999.000
202605292348,   4.433,   4.749,9999.000,9999.000,9999.000,9999.000,9999.000,9999.000,9999.000
202605292354,   4.509,   4.818,9999.000,9999.000,9999.000,9999.000,9999.000,9999.000,9999.000
202605300000,   4.582,   4.877,   0.700,  -0.405,   4.877,   0.700,   4.877,   0.800,   4.977
202605300006,   4.652,   4.919,9999.000,9999.000,9999.000,9999.000,9999.000,9999.000,9999.000
202605300012,   4.719,   4.969,9999.000,9999.000,9999.000,9999.000,9999.000,9999.000,9999.000
202605300018,   4.782,   5.008,9999.000,9999.000,9999.000,9999.000,9999.000,9999.000,9999.000
202605300024,   4.842,   5.057,9999.000,9999.000,9999.000,9999.000,9999.000,9999.000,9999.000
202605300030,   4.897,   5.120,9999.000,9999.000,9999.000,9999.000,9999.000,9999.000,9999.000
202605300036,   4.949,   5.139,9999.000,9999.000,9999.000,9999.000,9999.000,9999.000,9999.000
202605300042,   4.995,   5.188,9999.000,9999.000,9999.000,9999.000,9999.000,9999.000,9999.000
202605300048,   5.036,   5.218,9999.000,9999.000,9999.000,9999.000,9999.000,9999.000,9999.000
202605300054,   5.072,   5.257,9999.000,9999.000,9999.000,9999.000,9999.000,9999.000,9999.000
202605300100,   5.102,   5.277,   0.700,  -0.525,   5.277,   0.700,   5.277,   0.800,   5.377
202605300106,   5.126,   5.320,9999.000,9999.000,9999.000,9999.000,9999.000,9999.000,9999.000
202605300112,   5.143,   5.329,9999.000,9999.000,9999.000,9999.000,9999.000,9999.000,9999.000
202605300118,   5.155,   5.359,9999.000,9999.000,9999.000,9999.000,9999.000,9999.000,9999.000
202605300124,   5.160,   5.369,9999.000,9999.000,9999.000,9999.000,9999.000,9999.000,9999.000
202605300130,   5.158,   5.379,9999.000,9999.000,9999.000,9999.000,9999.000,9999.000,9999.000
202605300136,   5.150,   5.389,9999.000,9999.000,9999.000,9999.000,9999.000,9999.000,9999.000
202605300142,   5.135,   5.389,9999.000,9999.000,9999.000,9999.000,9999.000,9999.000,9999.000
202605300148,   5.114,   5.398,9999.000,9999.000,9999.000,9999.000,9999.000,9999.000,9999.000
202605300154,   5.086,   5.379,9999.000,9999.000,9999.000,9999.000,9999.000,9999.000,9999.000
202605300200,   5.052,   5.359,   0.800,  -0.493,   5.359,   0.700,   5.259,   0.800,   5.359
202605300206,   5.012,   5.339,9999.000,9999.000,9999.000,9999.000,9999.000,9999.000,9999.000
202605300212,   4.966,   5.320,9999.000,9999.000,9999.000,9999.000,9999.000,9999.000,9999.000
202605300218,   4.915,   5.277,9999.000,9999.000,9999.000,9999.000,9999.000,9999.000,9999.000
202605300224,   4.858,   5.228,9999.000,9999.000,9999.000,9999.000,9999.000,9999.000,9999.000
202605300230,   4.796,   5.169,9999.000,9999.000,9999.000,9999.000,9999.000,9999.000,9999.000
202605300236,   4.730,   5.097,9999.000,9999.000,9999.000,9999.000,9999.000,9999.000,9999.000
202605300242,   4.660,   5.038,9999.000,9999.000,9999.000,9999.000,9999.000,9999.000,9999.000
202605300248,   4.585,   4.959,9999.000,9999.000,9999.000,9999.000,9999.000,9999.000,9999.000
202605300254,   4.508,   4.887,9999.000,9999.000,9999.000,9999.000,9999.000,9999.000,9999.000
202605300300,   4.426,   4.808,   0.800,  -0.418,   4.808,   0.700,   4.708,   0.800,   4.808
202605300306,   4.343,   4.729,9999.000,9999.000,9999.000,9999.000,9999.000,9999.000,9999.000
202605300312,   4.256,   4.647,9999.000,9999.000,9999.000,9999.000,9999.000,9999.000,9999.000
202605300318,   4.167,   4.559,9999.000,9999.000,9999.000,9999.000,9999.000,9999.000,9999.000
202605300324,   4.077,   4.467,9999.000,9999.000,9999.000,9999.000,9999.000,9999.000,9999.000
202605300330,   3.985,   4.368,9999.000,9999.000,9999.000,9999.000,9999.000,9999.000,9999.000
202605300336,   3.891,   4.267,9999.000,9999.000,9999.000,9999.000,9999.000,9999.000,9999.000
202605300342,   3.797,   4.168,9999.000,9999.000,9999.000,9999.000,9999.000,9999.000,9999.000
202605300348,   3.701,   4.057,9999.000,9999.000,9999.000,9999.000,9999.000,9999.000,9999.000
202605300354,   3.605,   3.988,9999.000,9999.000,9999.000,9999.000,9999.000,9999.000,9999.000
202605300400,   3.508,   3.880,   0.800,  -0.428,   3.880,   0.700,   3.780,   0.800,   3.880
202605300406,   3.411,   3.768,9999.000,9999.000,9999.000,9999.000,9999.000,9999.000,9999.000
202605300412,   3.314,   3.650,9999.000,9999.000,9999.000,9999.000,9999.000,9999.000,9999.000
202605300418,   3.217,   3.568,9999.000,9999.000,9999.000,9999.000,9999.000,9999.000,9999.000
202605300424,   3.119,   3.440,9999.000,9999.000,9999.000,9999.000,9999.000,9999.000,9999.000
202605300430,   3.022,   3.358,9999.000,9999.000,9999.000,9999.000,9999.000,9999.000,9999.000
202605300436,   2.924,   3.230,9999.000,9999.000,9999.000,9999.000,9999.000,9999.000,9999.000
202605300442,   2.827,   3.158,9999.000,9999.000,9999.000,9999.000,9999.000,9999.000,9999.000
202605300448,   2.730,   3.060,9999.000,9999.000,9999.000,9999.000,9999.000,9999.000,9999.000
202605300454,   2.632,   2.938,9999.000,9999.000,9999.000,9999.000,9999.000,9999.000,9999.000
202605300500,   2.535,   2.879,   0.800,  -0.456,   2.879,   0.800,   2.879,   0.800,   2.879
202605300506,   2.437,   2.768,9999.000,9999.000,9999.000,9999.000,9999.000,9999.000,9999.000
202605300512,   2.339,   2.689,9999.000,9999.000,9999.000,9999.000,9999.000,9999.000,9999.000
202605300518,   2.242,   2.587,9999.000,9999.000,9999.000,9999.000,9999.000,9999.000,9999.000
202605300524,   2.143,   2.519,9999.000,9999.000,9999.000,9999.000,9999.000,9999.000,9999.000
202605300530,   2.045,   2.430,9999.000,9999.000,9999.000,9999.000,9999.000,9999.000,9999.000
202605300536,   1.946,   2.368,9999.000,9999.000,9999.000,9999.000,9999.000,9999.000,9999.000
202605300542,   1.847,   2.269,9999.000,9999.000,9999.000,9999.000,9999.000,9999.000,9999.000
202605300548,   1.748,   2.200,9999.000,9999.000,9999.000,9999.000,9999.000,9999.000,9999.000
202605300554,   1.648,   2.118,9999.000,9999.000,9999.000,9999.000,9999.000,9999.000,9999.000
202605300600,   1.549,   2.030,   0.700,  -0.219,   2.030,   0.600,   1.930,   0.700,   2.030
202605300606,   1.449,   1.948,9999.000,9999.000,9999.000,9999.000,9999.000,9999.000,9999.000
202605300612,   1.350,   1.879,9999.000,9999.000,9999.000,9999.000,9999.000,9999.000,9999.000
202605300618,   1.251,   1.810,9999.000,9999.000,9999.000,9999.000,9999.000,9999.000,9999.000
202605300624,   1.154,   1.738,9999.000,9999.000,9999.000,9999.000,9999.000,9999.000,9999.000
202605300630,   1.057,   1.659,9999.000,9999.000,9999.000,9999.000,9999.000,9999.000,9999.000
202605300636,   0.962,   1.590,9999.000,9999.000,9999.000,9999.000,9999.000,9999.000,9999.000
202605300642,   0.869,   1.528,9999.000,9999.000,9999.000,9999.000,9999.000,9999.000,9999.000
202605300648,   0.778,   1.469,9999.000,9999.000,9999.000,9999.000,9999.000,9999.000,9999.000
202605300654,   0.691,   1.400,9999.000,9999.000,9999.000,9999.000,9999.000,9999.000,9999.000
202605300700,   0.607,   1.328,   0.700,   0.021,   1.328,   0.700,   1.328,   0.700,   1.328
202605300706,   0.527,   1.269,9999.000,9999.000,9999.000,9999.000,9999.000,9999.000,9999.000
202605300712,   0.453,   1.210,9999.000,9999.000,9999.000,9999.000,9999.000,9999.000,9999.000
202605300718,   0.384,   1.151,9999.000,9999.000,9999.000,9999.000,9999.000,9999.000,9999.000
202605300724,   0.322,   1.088,9999.000,9999.000,9999.000,9999.000,9999.000,9999.000,9999.000
202605300730,   0.266,   1.039,9999.000,9999.000,9999.000,9999.000,9999.000,9999.000,9999.000
202605300736,   0.218,   0.990,9999.000,9999.000,9999.000,9999.000,9999.000,9999.000,9999.000
202605300742,   0.178,   0.941,9999.000,9999.000,9999.000,9999.000,9999.000,9999.000,9999.000
202605300748,   0.146,   0.898,9999.000,9999.000,9999.000,9999.000,9999.000,9999.000,9999.000
202605300754,   0.124,   0.869,9999.000,9999.000,9999.000,9999.000,9999.000,9999.000,9999.000
202605300800,   0.110,   0.839,   0.700,   0.029,   0.839,   0.700,   0.839,   0.700,   0.839
202605300806,   0.107,   0.810,9999.000,9999.000,9999.000,9999.000,9999.000,9999.000,9999.000
202605300812,   0.113,   0.790,9999.000,9999.000,9999.000,9999.000,9999.000,9999.000,9999.000
202605300818,   0.129,   0.790,9999.000,9999.000,9999.000,9999.000,9999.000,9999.000,9999.000
202605300824,   0.155,   0.790,9999.000,9999.000,9999.000,9999.000,9999.000,9999.000,9999.000
202605300830,   0.191,   0.800,9999.000,9999.000,9999.000,9999.000,9999.000,9999.000,9999.000
202605300836,   0.237,   0.829,9999.000,9999.000,9999.000,9999.000,9999.000,9999.000,9999.000
202605300842,   0.292,   0.879,9999.000,9999.000,9999.000,9999.000,9999.000,9999.000,9999.000
202605300848,   0.355,   0.961,9999.000,9999.000,9999.000,9999.000,9999.000,9999.000,9999.000
202605300854,   0.427,   1.079,9999.000,9999.000,9999.000,9999.000,9999.000,9999.000,9999.000
202605300900,   0.507,   1.029,   0.700,  -0.178,   1.029,   0.700,   1.029,   0.700,   1.029
202605300906,   0.594,   1.039,9999.000,9999.000,9999.000,9999.000,9999.000,9999.000,9999.000
202605300912,   0.687,   1.180,9999.000,9999.000,9999.000,9999.000,9999.000,9999.000,9999.000
202605300918,   0.786,   1.259,9999.000,9999.000,9999.000,9999.000,9999.000,9999.000,9999.000
202605300924,   0.890,   1.400,9999.000,9999.000,9999.000,9999.000,9999.000,9999.000,9999.000
202605300930,   0.997,   1.518,9999.000,9999.000,9999.000,9999.000,9999.000,9999.000,9999.000
202605300936,   1.108,   1.639,9999.000,9999.000,9999.000,9999.000,9999.000,9999.000,9999.000
202605300942,   1.221,   1.699,9999.000,9999.000,9999.000,9999.000,9999.000,9999.000,9999.000
202605300948,   1.336,   1.810,9999.000,9999.000,9999.000,9999.000,9999.000,9999.000,9999.000
202605300954,   1.452,   1.981,9999.000,9999.000,9999.000,9999.000,9999.000,9999.000,9999.000
202605301000,   1.568,   2.118,   0.700,  -0.150,   2.118,   0.700,   2.118,   0.700,   2.118
202605301006,   1.683,   2.158,9999.000,9999.000,9999.000,9999.000,9999.000,9999.000,9999.000
202605301012,   1.798,   2.338,9999.000,9999.000,9999.000,9999.000,9999.000,9999.000,9999.000
202605301018,   1.910,   2.469,9999.000,9999.000,9999.000,9999.000,9999.000,9999.000,9999.000
202605301024,   2.021,   2.558,9999.000,9999.000,9999.000,9999.000,9999.000,9999.000,9999.000
202605301030,   2.130,   2.709,9999.000,9999.000,9999.000,9999.000,9999.000,9999.000,9999.000
202605301036,   2.236,   2.830,9999.000,9999.000,9999.000,9999.000,9999.000,9999.000,9999.000
202605301042,   2.340,   2.948,9999.000,9999.000,9999.000,9999.000,9999.000,9999.000,9999.000
202605301048,   2.441,   3.040,9999.000,9999.000,9999.000,9999.000,9999.000,9999.000,9999.000
202605301054,   2.538,   3.168,9999.000,9999.000,9999.000,9999.000,9999.000,9999.000,9999.000
202605301100,   2.633,   3.270,   0.700,  -0.063,   3.270,   0.700,   3.270,   0.700,   3.270
202605301106,   2.725,   3.378,9999.000,9999.000,9999.000,9999.000,9999.000,9999.000,9999.000
202605301112,   2.815,   3.460,9999.000,9999.000,9999.000,9999.000,9999.000,9999.000,9999.000
202605301118,   2.902,   3.548,9999.000,9999.000,9999.000,9999.000,9999.000,9999.000,9999.000
202605301124,   2.986,   3.627,9999.000,9999.000,9999.000,9999.000,9999.000,9999.000,9999.000
202605301130,   3.067,   3.699,9999.000,9999.000,9999.000,9999.000,9999.000,9999.000,9999.000
202605301136,   3.147,   3.778,9999.000,9999.000,9999.000,9999.000,9999.000,9999.000,9999.000
202605301142,   3.224,   3.847,9999.000,9999.000,9999.000,9999.000,9999.000,9999.000,9999.000
202605301148,   3.299,   3.909,9999.000,9999.000,9999.000,9999.000,9999.000,9999.000,9999.000
202605301154,   3.371,   3.968,9999.000,9999.000,9999.000,9999.000,9999.000,9999.000,9999.000
202605301200,   3.442,   4.017,   0.600,  -0.025,   4.017,   0.600,   4.017,   0.600,   4.017
202605301206,   3.510,   4.070,9999.000,9999.000,9999.000,9999.000,9999.000,9999.000,9999.000
202605301212,   3.575,   4.119,9999.000,9999.000,9999.000,9999.000,9999.000,9999.000,9999.000
202605301218,   3.639,   4.168,9999.000,9999.000,9999.000,9999.000,9999.000,9999.000,9999.000
202605301224,   3.699,   4.208,9999.000,9999.000,9999.000,9999.000,9999.000,9999.000,9999.000
202605301230,   3.756,   4.247,9999.000,9999.000,9999.000,9999.000,9999.000,9999.000,9999.000
202605301236,   3.810,   4.290,9999.000,9999.000,9999.000,9999.000,9999.000,9999.000,9999.000
202605301242,   3.861,   4.319,9999.000,9999.000,9999.000,9999.000,9999.000,9999.000,9999.000
202605301248,   3.907,   4.349,9999.000,9999.000,9999.000,9999.000,9999.000,9999.000,9999.000
202605301254,   3.950,   4.378,9999.000,9999.000,9999.000,9999.000,9999.000,9999.000,9999.000
202605301300,   3.988,   4.398,   0.600,  -0.190,   4.398,   0.600,   4.398,   0.600,   4.398
202605301306,   4.021,   4.418,9999.000,9999.000,9999.000,9999.000,9999.000,9999.000,9999.000
202605301312,   4.049,   4.427,9999.000,9999.000,9999.000,9999.000,9999.000,9999.000,9999.000
202605301318,   4.071,   4.447,9999.000,9999.000,9999.000,9999.000,9999.000,9999.000,9999.000
202605301324,   4.088,   4.467,9999.000,9999.000,9999.000,9999.000,9999.000,9999.000,9999.000
202605301330,   4.099,   4.490,9999.000,9999.000,9999.000,9999.000,9999.000,9999.000,9999.000
202605301336,   4.103,   4.490,9999.000,9999.000,9999.000,9999.000,9999.000,9999.000,9999.000
202605301342,   4.101,   4.500,9999.000,9999.000,9999.000,9999.000,9999.000,9999.000,9999.000
202605301348,   4.093,   4.500,9999.000,9999.000,9999.000,9999.000,9999.000,9999.000,9999.000
202605301354,   4.078,   4.490,9999.000,9999.000,9999.000,9999.000,9999.000,9999.000,9999.000
202605301400,   4.057,   4.490,   0.600,  -0.167,   4.490,   0.600,   4.490,   0.600,   4.490
202605301406,   4.029,   4.457,9999.000,9999.000,9999.000,9999.000,9999.000,9999.000,9999.000
202605301412,   3.995,   4.447,9999.000,9999.000,9999.000,9999.000,9999.000,9999.000,9999.000
202605301418,   3.955,   4.418,9999.000,9999.000,9999.000,9999.000,9999.000,9999.000,9999.000
202605301424,   3.908,   4.398,9999.000,9999.000,9999.000,9999.000,9999.000,9999.000,9999.000
202605301430,   3.857,   4.359,9999.000,9999.000,9999.000,9999.000,9999.000,9999.000,9999.000
202605301436,   3.799,   4.309,9999.000,9999.000,9999.000,9999.000,9999.000,9999.000,9999.000
202605301442,   3.737,   4.257,9999.000,9999.000,9999.000,9999.000,9999.000,9999.000,9999.000
202605301448,   3.669,   4.198,9999.000,9999.000,9999.000,9999.000,9999.000,9999.000,9999.000
202605301454,   3.598,   4.129,9999.000,9999.000,9999.000,9999.000,9999.000,9999.000,9999.000
202605301500,   3.522,   4.080,   0.600,  -0.042,   4.080,   0.600,   4.080,   0.600,   4.080
202605301506,   3.443,   3.988,9999.000,9999.000,9999.000,9999.000,9999.000,9999.000,9999.000
202605301512,   3.360,   3.909,9999.000,9999.000,9999.000,9999.000,9999.000,9999.000,9999.000
202605301518,   3.275,   3.817,9999.000,9999.000,9999.000,9999.000,9999.000,9999.000,9999.000
202605301524,   3.188,   3.739,9999.000,9999.000,9999.000,9999.000,9999.000,9999.000,9999.000
202605301530,   3.098,   3.650,9999.000,9999.000,9999.000,9999.000,9999.000,9999.000,9999.000
202605301536,   3.007,   3.548,9999.000,9999.000,9999.000,9999.000,9999.000,9999.000,9999.000
202605301542,   2.914,   3.460,9999.000,9999.000,9999.000,9999.000,9999.000,9999.000,9999.000
202605301548,   2.821,   3.368,9999.000,9999.000,9999.000,9999.000,9999.000,9999.000,9999.000
202605301554,   2.727,   3.260,9999.000,9999.000,9999.000,9999.000,9999.000,9999.000,9999.000
202605301600,   2.633,   3.168,   0.600,  -0.065,   3.168,   0.600,   3.168,   0.600,   3.168
202605301606,   2.540,   3.060,9999.000,9999.000,9999.000,9999.000,9999.000,9999.000,9999.000
202605301612,   2.446,   2.958,9999.000,9999.000,9999.000,9999.000,9999.000,9999.000,9999.000
202605301618,   2.354,   2.860,9999.000,9999.000,9999.000,9999.000,9999.000,9999.000,9999.000
202605301624,   2.262,   2.758,9999.000,9999.000,9999.000,9999.000,9999.000,9999.000,9999.000
202605301630,   2.171,   2.669,9999.000,9999.000,9999.000,9999.000,9999.000,9999.000,9999.000
202605301636,   2.081,   2.568,9999.000,9999.000,9999.000,9999.000,9999.000,9999.000,9999.000
202605301642,   1.993,   2.489,9999.000,9999.000,9999.000,9999.000,9999.000,9999.000,9999.000
202605301648,   1.907,   2.400,9999.000,9999.000,9999.000,9999.000,9999.000,9999.000,9999.000
202605301654,   1.821,   2.318,9999.000,9999.000,9999.000,9999.000,9999.000,9999.000,9999.000
202605301700,   1.738,   2.250,   0.600,  -0.088,   2.250,   0.600,   2.250,   0.600,   2.250
202605301706,   1.656,   2.168,9999.000,9999.000,9999.000,9999.000,9999.000,9999.000,9999.000
202605301712,   1.576,   2.109,9999.000,9999.000,9999.000,9999.000,9999.000,9999.000,9999.000
202605301718,   1.498,   2.030,9999.000,9999.000,9999.000,9999.000,9999.000,9999.000,9999.000
202605301724,   1.421,   1.948,9999.000,9999.000,9999.000,9999.000,9999.000,9999.000,9999.000
202605301730,   1.346,   1.859,9999.000,9999.000,9999.000,9999.000,9999.000,9999.000,9999.000
202605301736,   1.272,   1.767,9999.000,9999.000,9999.000,9999.000,9999.000,9999.000,9999.000
202605301742,   1.200,   1.689,9999.000,9999.000,9999.000,9999.000,9999.000,9999.000,9999.000
202605301748,   1.129,   1.610,9999.000,9999.000,9999.000,9999.000,9999.000,9999.000,9999.000
202605301754,   1.060,9999.000,9999.000,9999.000,9999.000,9999.000,9999.000,9999.000,9999.000
202605301800,   0.992,9999.000,   0.600,  -0.087,   1.505,   0.600,   1.505,   0.600,   1.505
202605301806,   0.925,9999.000,9999.000,9999.000,9999.000,9999.000,9999.000,9999.000,9999.000
202605301812,   0.860,9999.000,9999.000,9999.000,9999.000,9999.000,9999.000,9999.000,9999.000
202605301818,   0.796,9999.000,9999.000,9999.000,9999.000,9999.000,9999.000,9999.000,9999.000
202605301824,   0.733,9999.000,9999.000,9999.000,9999.000,9999.000,9999.000,9999.000,9999.000
202605301830,   0.672,9999.000,9999.000,9999.000,9999.000,9999.000,9999.000,9999.000,9999.000
202605301836,   0.612,9999.000,9999.000,9999.000,9999.000,9999.000,9999.000,9999.000,9999.000
202605301842,   0.554,9999.000,9999.000,9999.000,9999.000,9999.000,9999.000,9999.000,9999.000
202605301848,   0.498,9999.000,9999.000,9999.000,9999.000,9999.000,9999.000,9999.000,9999.000
202605301854,   0.444,9999.000,9999.000,9999.000,9999.000,9999.000,9999.000,9999.000,9999.000
202605301900,   0.392,9999.000,   0.600,  -0.087,   0.905,   0.500,   0.805,   0.600,   0.905
202605301906,   0.344,9999.000,9999.000,9999.000,9999.000,9999.000,9999.000,9999.000,9999.000
202605301912,   0.299,9999.000,9999.000,9999.000,9999.000,9999.000,9999.000,9999.000,9999.000
202605301918,   0.257,9999.000,9999.000,9999.000,9999.000,9999.000,9999.000,9999.000,9999.000
202605301924,   0.220,9999.000,9999.000,9999.000,9999.000,9999.000,9999.000,9999.000,9999.000
202605301930,   0.187,9999.000,9999.000,9999.000,9999.000,9999.000,9999.000,9999.000,9999.000
202605301936,   0.160,9999.000,9999.000,9999.000,9999.000,9999.000,9999.000,9999.000,9999.000
202605301942,   0.138,9999.000,9999.000,9999.000,9999.000,9999.000,9999.000,9999.000,9999.000
202605301948,   0.122,9999.000,9999.000,9999.000,9999.000,9999.000,9999.000,9999.000,9999.000
202605301954,   0.114,9999.000,9999.000,9999.000,9999.000,9999.000,9999.000,9999.000,9999.000
202605302000,   0.112,9999.000,   0.600,  -0.086,   0.626,   0.500,   0.526,   0.600,   0.626
202605302006,   0.119,9999.000,9999.000,9999.000,9999.000,9999.000,9999.000,9999.000,9999.000
202605302012,   0.133,9999.000,9999.000,9999.000,9999.000,9999.000,9999.000,9999.000,9999.000
202605302018,   0.156,9999.000,9999.000,9999.000,9999.000,9999.000,9999.000,9999.000,9999.000
202605302024,   0.188,9999.000,9999.000,9999.000,9999.000,9999.000,9999.000,9999.000,9999.000
202605302030,   0.229,9999.000,9999.000,9999.000,9999.000,9999.000,9999.000,9999.000,9999.000
202605302036,   0.279,9999.000,9999.000,9999.000,9999.000,9999.000,9999.000,9999.000,9999.000
202605302042,   0.338,9999.000,9999.000,9999.000,9999.000,9999.000,9999.000,9999.000,9999.000
202605302048,   0.406,9999.000,9999.000,9999.000,9999.000,9999.000,9999.000,9999.000,9999.000
202605302054,   0.482,9999.000,9999.000,9999.000,9999.000,9999.000,9999.000,9999.000,9999.000
202605302100,   0.568,9999.000,   0.500,  -0.085,   0.983,   0.500,   0.983,   0.600,   1.083
202605302106,   0.661,9999.000,9999.000,9999.000,9999.000,9999.000,9999.000,9999.000,9999.000
202605302112,   0.762,9999.000,9999.000,9999.000,9999.000,9999.000,9999.000,9999.000,9999.000
202605302118,   0.871,9999.000,9999.000,9999.000,9999.000,9999.000,9999.000,9999.000,9999.000
202605302124,   0.986,9999.000,9999.000,9999.000,9999.000,9999.000,9999.000,9999.000,9999.000
202605302130,   1.106,9999.000,9999.000,9999.000,9999.000,9999.000,9999.000,9999.000,9999.000
202605302136,   1.232,9999.000,9999.000,9999.000,9999.000,9999.000,9999.000,9999.000,9999.000
202605302142,   1.362,9999.000,9999.000,9999.000,9999.000,9999.000,9999.000,9999.000,9999.000
202605302148,   1.496,9999.000,9999.000,9999.000,9999.000,9999.000,9999.000,9999.000,9999.000
202605302154,   1.632,9999.000,9999.000,9999.000,9999.000,9999.000,9999.000,9999.000,9999.000
202605302200,   1.770,9999.000,   0.500,  -0.084,   2.186,   0.500,   2.186,   0.600,   2.286
202605302206,   1.909,9999.000,9999.000,9999.000,9999.000,9999.000,9999.000,9999.000,9999.000
202605302212,   2.048,9999.000,9999.000,9999.000,9999.000,9999.000,9999.000,9999.000,9999.000
202605302218,   2.187,9999.000,9999.000,9999.000,9999.000,9999.000,9999.000,9999.000,9999.000
202605302224,   2.325,9999.000,9999.000,9999.000,9999.000,9999.000,9999.000,9999.000,9999.000
202605302230,   2.460,9999.000,9999.000,9999.000,9999.000,9999.000,9999.000,9999.000,9999.000
202605302236,   2.593,9999.000,9999.000,9999.000,9999.000,9999.000,9999.000,9999.000,9999.000
202605302242,   2.724,9999.000,9999.000,9999.000,9999.000,9999.000,9999.000,9999.000,9999.000
202605302248,   2.851,9999.000,9999.000,9999.000,9999.000,9999.000,9999.000,9999.000,9999.000
202605302254,   2.975,9999.000,9999.000,9999.000,9999.000,9999.000,9999.000,9999.000,9999.000
202605302300,   3.095,9999.000,   0.500,  -0.084,   3.511,   0.500,   3.511,   0.600,   3.611
202605302306,   3.211,9999.000,9999.000,9999.000,9999.000,9999.000,9999.000,9999.000,9999.000
202605302312,   3.323,9999.000,9999.000,9999.000,9999.000,9999.000,9999.000,9999.000,9999.000
202605302318,   3.431,9999.000,9999.000,9999.000,9999.000,9999.000,9999.000,9999.000,9999.000
202605302324,   3.535,9999.000,9999.000,9999.000,9999.000,9999.000,9999.000,9999.000,9999.000
202605302330,   3.635,9999.000,9999.000,9999.000,9999.000,9999.000,9999.000,9999.000,9999.000
202605302336,   3.731,9999.000,9999.000,9999.000,9999.000,9999.000,9999.000,9999.000,9999.000
202605302342,   3.824,9999.000,9999.000,9999.000,9999.000,9999.000,9999.000,9999.000,9999.000
202605302348,   3.913,9999.000,9999.000,9999.000,9999.000,9999.000,9999.000,9999.000,9999.000
202605302354,   4.000,9999.000,9999.000,9999.000,9999.000,9999.000,9999.000,9999.000,9999.000
202605310000,   4.083,9999.000,   0.500,  -0.083,   4.500,   0.500,   4.500,   0.600,   4.600
202605310006,   4.163,9999.000,9999.000,9999.000,9999.000,9999.000,9999.000,9999.000,9999.000
202605310012,   4.241,9999.000,9999.000,9999.000,9999.000,9999.000,9999.000,9999.000,9999.000
202605310018,   4.315,9999.000,9999.000,9999.000,9999.000,9999.000,9999.000,9999.000,9999.000
202605310024,   4.388,9999.000,9999.000,9999.000,9999.000,9999.000,9999.000,9999.000,9999.000
202605310030,   4.458,9999.000,9999.000,9999.000,9999.000,9999.000,9999.000,9999.000,9999.000
202605310036,   4.525,9999.000,9999.000,9999.000,9999.000,9999.000,9999.000,9999.000,9999.000
202605310042,   4.589,9999.000,9999.000,9999.000,9999.000,9999.000,9999.000,9999.000,9999.000
202605310048,   4.651,9999.000,9999.000,9999.000,9999.000,9999.000,9999.000,9999.000,9999.000
202605310054,   4.710,9999.000,9999.000,9999.000,9999.000,9999.000,9999.000,9999.000,9999.000
202605310100,   4.765,9999.000,   0.500,  -0.082,   5.183,   0.500,   5.183,   0.600,   5.283
202605310106,   4.818,9999.000,9999.000,9999.000,9999.000,9999.000,9999.000,9999.000,9999.000
202605310112,   4.866,9999.000,9999.000,9999.000,9999.000,9999.000,9999.000,9999.000,9999.000
202605310118,   4.911,9999.000,9999.000,9999.000,9999.000,9999.000,9999.000,9999.000,9999.000
202605310124,   4.952,9999.000,9999.000,9999.000,9999.000,9999.000,9999.000,9999.000,9999.000
202605310130,   4.988,9999.000,9999.000,9999.000,9999.000,9999.000,9999.000,9999.000,9999.000
202605310136,   5.019,9999.000,9999.000,9999.000,9999.000,9999.000,9999.000,9999.000,9999.000
202605310142,   5.045,9999.000,9999.000,9999.000,9999.000,9999.000,9999.000,9999.000,9999.000
202605310148,   5.066,9999.000,9999.000,9999.000,9999.000,9999.000,9999.000,9999.000,9999.000
202605310154,   5.082,9999.000,9999.000,9999.000,9999.000,9999.000,9999.000,9999.000,9999.000
202605310200,   5.091,9999.000,   0.500,  -0.081,   5.510,   0.500,   5.510,   0.600,   5.610
202605310206,   5.095,9999.000,9999.000,9999.000,9999.000,9999.000,9999.000,9999.000,9999.000
202605310212,   5.093,9999.000,9999.000,9999.000,9999.000,9999.000,9999.000,9999.000,9999.000
202605310218,   5.085,9999.000,9999.000,9999.000,9999.000,9999.000,9999.000,9999.000,9999.000
202605310224,   5.071,9999.000,9999.000,9999.000,9999.000,9999.000,9999.000,9999.000,9999.000
202605310230,   5.050,9999.000,9999.000,9999.000,9999.000,9999.000,9999.000,9999.000,9999.000
202605310236,   5.023,9999.000,9999.000,9999.000,9999.000,9999.000,9999.000,9999.000,9999.000
202605310242,   4.991,9999.000,9999.000,9999.000,9999.000,9999.000,9999.000,9999.000,9999.000
202605310248,   4.953,9999.000,9999.000,9999.000,9999.000,9999.000,9999.000,9999.000,9999.000
202605310254,   4.909,9999.000,9999.000,9999.000,9999.000,9999.000,9999.000,9999.000,9999.000
202605310300,   4.859,9999.000,   0.500,  -0.081,   5.278,   0.500,   5.278,   0.600,   5.378
202605310306,   4.805,9999.000,9999.000,9999.000,9999.000,9999.000,9999.000,9999.000,9999.000
202605310312,   4.746,9999.000,9999.000,9999.000,9999.000,9999.000,9999.000,9999.000,9999.000
202605310318,   4.682,9999.000,9999.000,9999.000,9999.000,9999.000,9999.000,9999.000,9999.000
202605310324,   4.613,9999.000,9999.000,9999.000,9999.000,9999.000,9999.000,9999.000,9999.000
202605310330,   4.541,9999.000,9999.000,9999.000,9999.000,9999.000,9999.000,9999.000,9999.000
202605310336,   4.465,9999.000,9999.000,9999.000,9999.000,9999.000,9999.000,9999.000,9999.000
202605310342,   4.386,9999.000,9999.000,9999.000,9999.000,9999.000,9999.000,9999.000,9999.000
202605310348,   4.303,9999.000,9999.000,9999.000,9999.000,9999.000,9999.000,9999.000,9999.000
202605310354,   4.218,9999.000,9999.000,9999.000,9999.000,9999.000,9999.000,9999.000,9999.000
202605310400,   4.131,9999.000,   0.500,  -0.080,   4.551,   0.500,   4.551,   0.600,   4.651
202605310406,   4.041,9999.000,9999.000,9999.000,9999.000,9999.000,9999.000,9999.000,9999.000
202605310412,   3.950,9999.000,9999.000,9999.000,9999.000,9999.000,9999.000,9999.000,9999.000
202605310418,   3.857,9999.000,9999.000,9999.000,9999.000,9999.000,9999.000,9999.000,9999.000
202605310424,   3.763,9999.000,9999.000,9999.000,9999.000,9999.000,9999.000,9999.000,9999.000
202605310430,   3.668,9999.000,9999.000,9999.000,9999.000,9999.000,9999.000,9999.000,9999.000
202605310436,   3.572,9999.000,9999.000,9999.000,9999.000,9999.000,9999.000,9999.000,9999.000
202605310442,   3.475,9999.000,9999.000,9999.000,9999.000,9999.000,9999.000,9999.000,9999.000
202605310448,   3.378,9999.000,9999.000,9999.000,9999.000,9999.000,9999.000,9999.000,9999.000
202605310454,   3.281,9999.000,9999.000,9999.000,9999.000,9999.000,9999.000,9999.000,9999.000
202605310500,   3.183,9999.000,   0.500,  -0.079,   3.604,   0.500,   3.604,   0.600,   3.704
202605310506,   3.085,9999.000,9999.000,9999.000,9999.000,9999.000,9999.000,9999.000,9999.000
202605310512,   2.988,9999.000,9999.000,9999.000,9999.000,9999.000,9999.000,9999.000,9999.000
202605310518,   2.890,9999.000,9999.000,9999.000,9999.000,9999.000,9999.000,9999.000,9999.000
202605310524,   2.793,9999.000,9999.000,9999.000,9999.000,9999.000,9999.000,9999.000,9999.000
202605310530,   2.695,9999.000,9999.000,9999.000,9999.000,9999.000,9999.000,9999.000,9999.000
202605310536,   2.598,9999.000,9999.000,9999.000,9999.000,9999.000,9999.000,9999.000,9999.000
202605310542,   2.501,9999.000,9999.000,9999.000,9999.000,9999.000,9999.000,9999.000,9999.000
202605310548,   2.405,9999.000,9999.000,9999.000,9999.000,9999.000,9999.000,9999.000,9999.000
202605310554,   2.308,9999.000,9999.000,9999.000,9999.000,9999.000,9999.000,9999.000,9999.000
202605310600,   2.212,9999.000,   0.500,  -0.079,   2.633,   0.500,   2.633,   0.600,   2.733
202605310606,   2.115,9999.000,9999.000,9999.000,9999.000,9999.000,9999.000,9999.000,9999.000
202605310612,   2.019,9999.000,9999.000,9999.000,9999.000,9999.000,9999.000,9999.000,9999.000
202605310618,   1.923,9999.000,9999.000,9999.000,9999.000,9999.000,9999.000,9999.000,9999.000
202605310624,   1.827,9999.000,9999.000,9999.000,9999.000,9999.000,9999.000,9999.000,9999.000
202605310630,   1.731,9999.000,9999.000,9999.000,9999.000,9999.000,9999.000,9999.000,9999.000
202605310636,   1.635,9999.000,9999.000,9999.000,9999.000,9999.000,9999.000,9999.000,9999.000
202605310642,   1.540,9999.000,9999.000,9999.000,9999.000,9999.000,9999.000,9999.000,9999.000
202605310648,   1.444,9999.000,9999.000,9999.000,9999.000,9999.000,9999.000,9999.000,9999.000
202605310654,   1.349,9999.000,9999.000,9999.000,9999.000,9999.000,9999.000,9999.000,9999.000
202605310700,   1.255,9999.000,   0.500,  -0.079,   1.676,   0.500,   1.676,   0.600,   1.776
202605310706,   1.162,9999.000,9999.000,9999.000,9999.000,9999.000,9999.000,9999.000,9999.000
202605310712,   1.069,9999.000,9999.000,9999.000,9999.000,9999.000,9999.000,9999.000,9999.000
202605310718,   0.979,9999.000,9999.000,9999.000,9999.000,9999.000,9999.000,9999.000,9999.000
202605310724,   0.890,9999.000,9999.000,9999.000,9999.000,9999.000,9999.000,9999.000,9999.000
202605310730,   0.803,9999.000,9999.000,9999.000,9999.000,9999.000,9999.000,9999.000,9999.000
202605310736,   0.719,9999.000,9999.000,9999.000,9999.000,9999.000,9999.000,9999.000,9999.000
202605310742,   0.639,9999.000,9999.000,9999.000,9999.000,9999.000,9999.000,9999.000,9999.000
202605310748,   0.562,9999.000,9999.000,9999.000,9999.000,9999.000,9999.000,9999.000,9999.000
202605310754,   0.489,9999.000,9999.000,9999.000,9999.000,9999.000,9999.000,9999.000,9999.000
202605310800,   0.422,9999.000,   0.500,  -0.079,   0.843,   0.500,   0.843,   0.600,   0.943
202605310806,   0.360,9999.000,9999.000,9999.000,9999.000,9999.000,9999.000,9999.000,9999.000
202605310812,   0.305,9999.000,9999.000,9999.000,9999.000,9999.000,9999.000,9999.000,9999.000
202605310818,   0.256,9999.000,9999.000,9999.000,9999.000,9999.000,9999.000,9999.000,9999.000
202605310824,   0.214,9999.000,9999.000,9999.000,9999.000,9999.000,9999.000,9999.000,9999.000
202605310830,   0.181,9999.000,9999.000,9999.000,9999.000,9999.000,9999.000,9999.000,9999.000
202605310836,   0.156,9999.000,9999.000,9999.000,9999.000,9999.000,9999.000,9999.000,9999.000
202605310842,   0.140,9999.000,9999.000,9999.000,9999.000,9999.000,9999.000,9999.000,9999.000
202605310848,   0.132,9999.000,9999.000,9999.000,9999.000,9999.000,9999.000,9999.000,9999.000
202605310854,   0.135,9999.000,9999.000,9999.000,9999.000,9999.000,9999.000,9999.000,9999.000
202605310900,   0.147,9999.000,   0.500,  -0.079,   0.568,   0.500,   0.568,   0.600,   0.668
202605310906,   0.169,9999.000,9999.000,9999.000,9999.000,9999.000,9999.000,9999.000,9999.000
202605310912,   0.200,9999.000,9999.000,9999.000,9999.000,9999.000,9999.000,9999.000,9999.000
202605310918,   0.242,9999.000,9999.000,9999.000,9999.000,9999.000,9999.000,9999.000,9999.000
202605310924,   0.292,9999.000,9999.000,9999.000,9999.000,9999.000,9999.000,9999.000,9999.000
202605310930,   0.352,9999.000,9999.000,9999.000,9999.000,9999.000,9999.000,9999.000,9999.000
202605310936,   0.420,9999.000,9999.000,9999.000,9999.000,9999.000,9999.000,9999.000,9999.000
202605310942,   0.497,9999.000,9999.000,9999.000,9999.000,9999.000,9999.000,9999.000,9999.000
202605310948,   0.581,9999.000,9999.000,9999.000,9999.000,9999.000,9999.000,9999.000,9999.000
202605310954,   0.673,9999.000,9999.000,9999.000,9999.000,9999.000,9999.000,9999.000,9999.000
202605311000,   0.770,9999.000,   0.600,  -0.079,   1.291,   0.500,   1.191,   0.600,   1.291
202605311006,   0.873,9999.000,9999.000,9999.000,9999.000,9999.000,9999.000,9999.000,9999.000
202605311012,   0.980,9999.000,9999.000,9999.000,9999.000,9999.000,9999.000,9999.000,9999.000
202605311018,   1.092,9999.000,9999.000,9999.000,9999.000,9999.000,9999.000,9999.000,9999.000
202605311024,   1.206,9999.000,9999.000,9999.000,9999.000,9999.000,9999.000,9999.000,9999.000
202605311030,   1.322,9999.000,9999.000,9999.000,9999.000,9999.000,9999.000,9999.000,9999.000
202605311036,   1.440,9999.000,9999.000,9999.000,9999.000,9999.000,9999.000,9999.000,9999.000
202605311042,   1.558,9999.000,9999.000,9999.000,9999.000,9999.000,9999.000,9999.000,9999.000
202605311048,   1.676,9999.000,9999.000,9999.000,9999.000,9999.000,9999.000,9999.000,9999.000
202605311054,   1.794,9999.000,9999.000,9999.000,9999.000,9999.000,9999.000,9999.000,9999.000
202605311100,   1.910,9999.000,   0.600,  -0.079,   2.431,   0.500,   2.331,   0.600,   2.431
202605311106,   2.023,9999.000,9999.000,9999.000,9999.000,9999.000,9999.000,9999.000,9999.000
202605311112,   2.135,9999.000,9999.000,9999.000,9999.000,9999.000,9999.000,9999.000,9999.000
202605311118,   2.244,9999.000,9999.000,9999.000,9999.000,9999.000,9999.000,9999.000,9999.000
202605311124,   2.350,9999.000,9999.000,9999.000,9999.000,9999.000,9999.000,9999.000,9999.000
202605311130,   2.452,9999.000,9999.000,9999.000,9999.000,9999.000,9999.000,9999.000,9999.000
202605311136,   2.551,9999.000,9999.000,9999.000,9999.000,9999.000,9999.000,9999.000,9999.000
202605311142,   2.647,9999.000,9999.000,9999.000,9999.000,9999.000,9999.000,9999.000,9999.000
202605311148,   2.739,9999.000,9999.000,9999.000,9999.000,9999.000,9999.000,9999.000,9999.000
202605311154,   2.827,9999.000,9999.000,9999.000,9999.000,9999.000,9999.000,9999.000,9999.000
202605311200,   2.912,9999.000,   0.600,  -0.079,   3.433,   0.500,   3.333,   0.600,   3.433
202605311206,   2.994,9999.000,9999.000,9999.000,9999.000,9999.000,9999.000,9999.000,9999.000
202605311212,   3.073,9999.000,9999.000,9999.000,9999.000,9999.000,9999.000,9999.000,9999.000
202605311218,   3.149,9999.000,9999.000,9999.000,9999.000,9999.000,9999.000,9999.000,9999.000
202605311224,   3.221,9999.000,9999.000,9999.000,9999.000,9999.000,9999.000,9999.000,9999.000
202605311230,   3.291,9999.000,9999.000,9999.000,9999.000,9999.000,9999.000,9999.000,9999.000
202605311236,   3.359,9999.000,9999.000,9999.000,9999.000,9999.000,9999.000,9999.000,9999.000
202605311242,   3.424,9999.000,9999.000,9999.000,9999.000,9999.000,9999.000,9999.000,9999.000
202605311248,   3.486,9999.000,9999.000,9999.000,9999.000,9999.000,9999.000,9999.000,9999.000
202605311254,   3.545,9999.000,9999.000,9999.000,9999.000,9999.000,9999.000,9999.000,9999.000
202605311300,   3.602,9999.000,   0.600,  -0.079,   4.123,   0.500,   4.023,   0.700,   4.223
202605311306,   3.656,9999.000,9999.000,9999.000,9999.000,9999.000,9999.000,9999.000,9999.000
202605311312,   3.708,9999.000,9999.000,9999.000,9999.000,9999.000,9999.000,9999.000,9999.000
202605311318,   3.756,9999.000,9999.000,9999.000,9999.000,9999.000,9999.000,9999.000,9999.000
202605311324,   3.801,9999.000,9999.000,9999.000,9999.000,9999.000,9999.000,9999.000,9999.000
202605311330,   3.843,9999.000,9999.000,9999.000,9999.000,9999.000,9999.000,9999.000,9999.000
202605311336,   3.881,9999.000,9999.000,9999.000,9999.000,9999.000,9999.000,9999.000,9999.000
202605311342,   3.915,9999.000,9999.000,9999.000,9999.000,9999.000,9999.000,9999.000,9999.000
202605311348,   3.945,9999.000,9999.000,9999.000,9999.000,9999.000,9999.000,9999.000,9999.000
202605311354,   3.970,9999.000,9999.000,9999.000,9999.000,9999.000,9999.000,9999.000,9999.000
202605311400,   3.990,9999.000,   0.600,  -0.079,   4.511,   0.600,   4.511,   0.700,   4.611
202605311406,   4.006,9999.000,9999.000,9999.000,9999.000,9999.000,9999.000,9999.000,9999.000
202605311412,   4.016,9999.000,9999.000,9999.000,9999.000,9999.000,9999.000,9999.000,9999.000
202605311418,   4.020,9999.000,9999.000,9999.000,9999.000,9999.000,9999.000,9999.000,9999.000
202605311424,   4.019,9999.000,9999.000,9999.000,9999.000,9999.000,9999.000,9999.000,9999.000
202605311430,   4.012,9999.000,9999.000,9999.000,9999.000,9999.000,9999.000,9999.000,9999.000
202605311436,   3.999,9999.000,9999.000,9999.000,9999.000,9999.000,9999.000,9999.000,9999.000
202605311442,   3.980,9999.000,9999.000,9999.000,9999.000,9999.000,9999.000,9999.000,9999.000
202605311448,   3.955,9999.000,9999.000,9999.000,9999.000,9999.000,9999.000,9999.000,9999.000
202605311454,   3.924,9999.000,9999.000,9999.000,9999.000,9999.000,9999.000,9999.000,9999.000
202605311500,   3.886,9999.000,   0.700,  -0.079,   4.507,   0.600,   4.407,   0.800,   4.607
202605311506,   3.844,9999.000,9999.000,9999.000,9999.000,9999.000,9999.000,9999.000,9999.000
202605311512,   3.795,9999.000,9999.000,9999.000,9999.000,9999.000,9999.000,9999.000,9999.000
202605311518,   3.741,9999.000,9999.000,9999.000,9999.000,9999.000,9999.000,9999.000,9999.000
202605311524,   3.683,9999.000,9999.000,9999.000,9999.000,9999.000,9999.000,9999.000,9999.000
202605311530,   3.619,9999.000,9999.000,9999.000,9999.000,9999.000,9999.000,9999.000,9999.000
202605311536,   3.550,9999.000,9999.000,9999.000,9999.000,9999.000,9999.000,9999.000,9999.000
202605311542,   3.478,9999.000,9999.000,9999.000,9999.000,9999.000,9999.000,9999.000,9999.000
202605311548,   3.402,9999.000,9999.000,9999.000,9999.000,9999.000,9999.000,9999.000,9999.000
202605311554,   3.322,9999.000,9999.000,9999.000,9999.000,9999.000,9999.000,9999.000,9999.000
202605311600,   3.239,9999.000,   0.700,  -0.079,   3.860,   0.600,   3.760,   0.800,   3.960
202605311606,   3.154,9999.000,9999.000,9999.000,9999.000,9999.000,9999.000,9999.000,9999.000
202605311612,   3.066,9999.000,9999.000,9999.000,9999.000,9999.000,9999.000,9999.000,9999.000
202605311618,   2.976,9999.000,9999.000,9999.000,9999.000,9999.000,9999.000,9999.000,9999.000
202605311624,   2.885,9999.000,9999.000,9999.000,9999.000,9999.000,9999.000,9999.000,9999.000
202605311630,   2.793,9999.000,9999.000,9999.000,9999.000,9999.000,9999.000,9999.000,9999.000
202605311636,   2.699,9999.000,9999.000,9999.000,9999.000,9999.000,9999.000,9999.000,9999.000
202605311642,   2.606,9999.000,9999.000,9999.000,9999.000,9999.000,9999.000,9999.000,9999.000
202605311648,   2.512,9999.000,9999.000,9999.000,9999.000,9999.000,9999.000,9999.000,9999.000
202605311654,   2.418,9999.000,9999.000,9999.000,9999.000,9999.000,9999.000,9999.000,9999.000
202605311700,   2.325,9999.000,   0.700,  -0.079,   2.946,   0.600,   2.846,   0.800,   3.046
202605311706,   2.232,9999.000,9999.000,9999.000,9999.000,9999.000,9999.000,9999.000,9999.000
202605311712,   2.140,9999.000,9999.000,9999.000,9999.000,9999.000,9999.000,9999.000,9999.000
202605311718,   2.050,9999.000,9999.000,9999.000,9999.000,9999.000,9999.000,9999.000,9999.000
202605311724,   1.961,9999.000,9999.000,9999.000,9999.000,9999.000,9999.000,9999.000,9999.000
202605311730,   1.873,9999.000,9999.000,9999.000,9999.000,9999.000,9999.000,9999.000,9999.000
202605311736,   1.787,9999.000,9999.000,9999.000,9999.000,9999.000,9999.000,9999.000,9999.000
202605311742,   1.703,9999.000,9999.000,9999.000,9999.000,9999.000,9999.000,9999.000,9999.000
202605311748,   1.621,9999.000,9999.000,9999.000,9999.000,9999.000,9999.000,9999.000,9999.000
202605311754,   1.540,9999.000,9999.000,9999.000,9999.000,9999.000,9999.000,9999.000,9999.000
202605311800,   1.462,9999.000,   0.800,  -0.079,   2.183,   0.700,   2.083,   0.900,   2.283
202605311806,   1.386,9999.000,9999.000,9999.000,9999.000,9999.000,9999.000,9999.000,9999.000
202605311812,   1.311,9999.000,9999.000,9999.000,9999.000,9999.000,9999.000,9999.000,9999.000
202605311818,   1.239,9999.000,9999.000,9999.000,9999.000,9999.000,9999.000,9999.000,9999.000
202605311824,   1.169,9999.000,9999.000,9999.000,9999.000,9999.000,9999.000,9999.000,9999.000
202605311830,   1.101,9999.000,9999.000,9999.000,9999.000,9999.000,9999.000,9999.000,9999.000
202605311836,   1.034,9999.000,9999.000,9999.000,9999.000,9999.000,9999.000,9999.000,9999.000
202605311842,   0.970,9999.000,9999.000,9999.000,9999.000,9999.000,9999.000,9999.000,9999.000
202605311848,   0.907,9999.000,9999.000,9999.000,9999.000,9999.000,9999.000,9999.000,9999.000
202605311854,   0.847,9999.000,9999.000,9999.000,9999.000,9999.000,9999.000,9999.000,9999.000
202605311900,   0.788,9999.000,   0.800,  -0.079,   1.509,   0.700,   1.409,   0.900,   1.609
202605311906,   0.731,9999.000,9999.000,9999.000,9999.000,9999.000,9999.000,9999.000,9999.000
202605311912,   0.676,9999.000,9999.000,9999.000,9999.000,9999.000,9999.000,9999.000,9999.000
202605311918,   0.622,9999.000,9999.000,9999.000,9999.000,9999.000,9999.000,9999.000,9999.000
202605311924,   0.571,9999.000,9999.000,9999.000,9999.000,9999.000,9999.000,9999.000,9999.000
202605311930,   0.522,9999.000,9999.000,9999.000,9999.000,9999.000,9999.000,9999.000,9999.000
202605311936,   0.476,9999.000,9999.000,9999.000,9999.000,9999.000,9999.000,9999.000,9999.000
202605311942,   0.432,9999.000,9999.000,9999.000,9999.000,9999.000,9999.000,9999.000,9999.000
202605311948,   0.390,9999.000,9999.000,9999.000,9999.000,9999.000,9999.000,9999.000,9999.000
202605311954,   0.352,9999.000,9999.000,9999.000,9999.000,9999.000,9999.000,9999.000,9999.000
202605312000,   0.318,9999.000,   0.800,  -0.079,   1.039,   0.700,   0.939,   0.900,   1.139
202605312006,   0.287,9999.000,9999.000,9999.000,9999.000,9999.000,9999.000,9999.000,9999.000
202605312012,   0.261,9999.000,9999.000,9999.000,9999.000,9999.000,9999.000,9999.000,9999.000
202605312018,   0.239,9999.000,9999.000,9999.000,9999.000,9999.000,9999.000,9999.000,9999.000
202605312024,   0.222,9999.000,9999.000,9999.000,9999.000,9999.000,9999.000,9999.000,9999.000
202605312030,   0.212,9999.000,9999.000,9999.000,9999.000,9999.000,9999.000,9999.000,9999.000
202605312036,   0.207,9999.000,9999.000,9999.000,9999.000,9999.000,9999.000,9999.000,9999.000
202605312042,   0.209,9999.000,9999.000,9999.000,9999.000,9999.000,9999.000,9999.000,9999.000
202605312048,   0.219,9999.000,9999.000,9999.000,9999.000,9999.000,9999.000,9999.000,9999.000
202605312054,   0.235,9999.000,9999.000,9999.000,9999.000,9999.000,9999.000,9999.000,9999.000
202605312100,   0.260,9999.000,   0.800,  -0.079,   0.981,   0.700,   0.881,   0.900,   1.081
202605312106,   0.293,9999.000,9999.000,9999.000,9999.000,9999.000,9999.000,9999.000,9999.000
202605312112,   0.334,9999.000,9999.000,9999.000,9999.000,9999.000,9999.000,9999.000,9999.000
202605312118,   0.384,9999.000,9999.000,9999.000,9999.000,9999.000,9999.000,9999.000,9999.000
202605312124,   0.443,9999.000,9999.000,9999.000,9999.000,9999.000,9999.000,9999.000,9999.000
202605312130,   0.510,9999.000,9999.000,9999.000,9999.000,9999.000,9999.000,9999.000,9999.000
202605312136,   0.586,9999.000,9999.000,9999.000,9999.000,9999.000,9999.000,9999.000,9999.000
202605312142,   0.671,9999.000,9999.000,9999.000,9999.000,9999.000,9999.000,9999.000,9999.000
202605312148,   0.764,9999.000,9999.000,9999.000,9999.000,9999.000,9999.000,9999.000,9999.000
202605312154,   0.864,9999.000,9999.000,9999.000,9999.000,9999.000,9999.000,9999.000,9999.000
202605312200,   0.972,9999.000,   0.800,  -0.079,   1.693,   0.700,   1.593,   0.900,   1.793
202605312206,   1.087,9999.000,9999.000,9999.000,9999.000,9999.000,9999.000,9999.000,9999.000
202605312212,   1.207,9999.000,9999.000,9999.000,9999.000,9999.000,9999.000,9999.000,9999.000
202605312218,   1.333,9999.000,9999.000,9999.000,9999.000,9999.000,9999.000,9999.000,9999.000
202605312224,   1.464,9999.000,9999.000,9999.000,9999.000,9999.000,9999.000,9999.000,9999.000
202605312230,   1.599,9999.000,9999.000,9999.000,9999.000,9999.000,9999.000,9999.000,9999.000
202605312236,   1.736,9999.000,9999.000,9999.000,9999.000,9999.000,9999.000,9999.000,9999.000
202605312242,   1.876,9999.000,9999.000,9999.000,9999.000,9999.000,9999.000,9999.000,9999.000
202605312248,   2.017,9999.000,9999.000,9999.000,9999.000,9999.000,9999.000,9999.000,9999.000
202605312254,   2.158,9999.000,9999.000,9999.000,9999.000,9999.000,9999.000,9999.000,9999.000
202605312300,   2.299,9999.000,   0.800,  -0.079,   3.020,   0.800,   3.020,   0.900,   3.120
202605312306,   2.440,9999.000,9999.000,9999.000,9999.000,9999.000,9999.000,9999.000,9999.000
202605312312,   2.577,9999.000,9999.000,9999.000,9999.000,9999.000,9999.000,9999.000,9999.000
202605312318,   2.713,9999.000,9999.000,9999.000,9999.000,9999.000,9999.000,9999.000,9999.000
202605312324,   2.845,9999.000,9999.000,9999.000,9999.000,9999.000,9999.000,9999.000,9999.000
202605312330,   2.973,9999.000,9999.000,9999.000,9999.000,9999.000,9999.000,9999.000,9999.000
202605312336,   3.098,9999.000,9999.000,9999.000,9999.000,9999.000,9999.000,9999.000,9999.000
202605312342,   3.218,9999.000,9999.000,9999.000,9999.000,9999.000,9999.000,9999.000,9999.000
202605312348,   3.333,9999.000,9999.000,9999.000,9999.000,9999.000,9999.000,9999.000,9999.000
202605312354,   3.444,9999.000,9999.000,9999.000,9999.000,9999.000,9999.000,9999.000,9999.000
202606010000,   3.550,9999.000,   0.800,  -0.079,   4.271,   0.800,   4.271,   0.900,   4.371
202606010006,   3.651,9999.000,9999.000,9999.000,9999.000,9999.000,9999.000,9999.000,9999.000
202606010012,   3.747,9999.000,9999.000,9999.000,9999.000,9999.000,9999.000,9999.000,9999.000
202606010018,   3.838,9999.000,9999.000,9999.000,9999.000,9999.000,9999.000,9999.000,9999.000
202606010024,   3.924,9999.000,9999.000,9999.000,9999.000,9999.000,9999.000,9999.000,9999.000
202606010030,   4.007,9999.000,9999.000,9999.000,9999.000,9999.000,9999.000,9999.000,9999.000
202606010036,   4.085,9999.000,9999.000,9999.000,9999.000,9999.000,9999.000,9999.000,9999.000
202606010042,   4.159,9999.000,9999.000,9999.000,9999.000,9999.000,9999.000,9999.000,9999.000
202606010048,   4.229,9999.000,9999.000,9999.000,9999.000,9999.000,9999.000,9999.000,9999.000
202606010054,   4.296,9999.000,9999.000,9999.000,9999.000,9999.000,9999.000,9999.000,9999.000
202606010100,   4.360,9999.000,   0.900,  -0.079,   5.181,   0.800,   5.081,   1.000,   5.281
202606010106,   4.420,9999.000,9999.000,9999.000,9999.000,9999.000,9999.000,9999.000,9999.000
202606010112,   4.478,9999.000,9999.000,9999.000,9999.000,9999.000,9999.000,9999.000,9999.000
202606010118,   4.533,9999.000,9999.000,9999.000,9999.000,9999.000,9999.000,9999.000,9999.000
202606010124,   4.585,9999.000,9999.000,9999.000,9999.000,9999.000,9999.000,9999.000,9999.000
202606010130,   4.635,9999.000,9999.000,9999.000,9999.000,9999.000,9999.000,9999.000,9999.000
202606010136,   4.682,9999.000,9999.000,9999.000,9999.000,9999.000,9999.000,9999.000,9999.000
202606010142,   4.726,9999.000,9999.000,9999.000,9999.000,9999.000,9999.000,9999.000,9999.000
202606010148,   4.767,9999.000,9999.000,9999.000,9999.000,9999.000,9999.000,9999.000,9999.000
202606010154,   4.805,9999.000,9999.000,9999.000,9999.000,9999.000,9999.000,9999.000,9999.000
202606010200,   4.840,9999.000,   0.900,  -0.079,   5.661,   0.800,   5.561,   1.000,   5.761
202606010206,   4.871,9999.000,9999.000,9999.000,9999.000,9999.000,9999.000,9999.000,9999.000
202606010212,   4.899,9999.000,9999.000,9999.000,9999.000,9999.000,9999.000,9999.000,9999.000
202606010218,   4.923,9999.000,9999.000,9999.000,9999.000,9999.000,9999.000,9999.000,9999.000
202606010224,   4.943,9999.000,9999.000,9999.000,9999.000,9999.000,9999.000,9999.000,9999.000
202606010230,   4.958,9999.000,9999.000,9999.000,9999.000,9999.000,9999.000,9999.000,9999.000
202606010236,   4.969,9999.000,9999.000,9999.000,9999.000,9999.000,9999.000,9999.000,9999.000
202606010242,   4.975,9999.000,9999.000,9999.000,9999.000,9999.000,9999.000,9999.000,9999.000
202606010248,   4.976,9999.000,9999.000,9999.000,9999.000,9999.000,9999.000,9999.000,9999.000
202606010254,   4.972,9999.000,9999.000,9999.000,9999.000,9999.000,9999.000,9999.000,9999.000
202606010300,   4.963,9999.000,   0.900,  -0.079,   5.784,   0.800,   5.684,   1.000,   5.884
202606010306,   4.948,9999.000,9999.000,9999.000,9999.000,9999.000,9999.000,9999.000,9999.000
202606010312,   4.928,9999.000,9999.000,9999.000,9999.000,9999.000,9999.000,9999.000,9999.000
202606010318,   4.902,9999.000,9999.000,9999.000,9999.000,9999.000,9999.000,9999.000,9999.000
202606010324,   4.871,9999.000,9999.000,9999.000,9999.000,9999.000,9999.000,9999.000,9999.000
202606010330,   4.834,9999.000,9999.000,9999.000,9999.000,9999.000,9999.000,9999.000,9999.000
202606010336,   4.793,9999.000,9999.000,9999.000,9999.000,9999.000,9999.000,9999.000,9999.000
202606010342,   4.746,9999.000,9999.000,9999.000,9999.000,9999.000,9999.000,9999.000,9999.000
202606010348,   4.694,9999.000,9999.000,9999.000,9999.000,9999.000,9999.000,9999.000,9999.000
202606010354,   4.637,9999.000,9999.000,9999.000,9999.000,9999.000,9999.000,9999.000,9999.000
202606010400,   4.576,9999.000,   0.900,  -0.079,   5.397,   0.800,   5.297,   1.000,   5.497
202606010406,   4.511,9999.000,9999.000,9999.000,9999.000,9999.000,9999.000,9999.000,9999.000
202606010412,   4.441,9999.000,9999.000,9999.000,9999.000,9999.000,9999.000,9999.000,9999.000
202606010418,   4.368,9999.000,9999.000,9999.000,9999.000,9999.000,9999.000,9999.000,9999.000
202606010424,   4.292,9999.000,9999.000,9999.000,9999.000,9999.000,9999.000,9999.000,9999.000
202606010430,   4.212,9999.000,9999.000,9999.000,9999.000,9999.000,9999.000,9999.000,9999.000
202606010436,   4.129,9999.000,9999.000,9999.000,9999.000,9999.000,9999.000,9999.000,9999.000
202606010442,   4.044,9999.000,9999.000,9999.000,9999.000,9999.000,9999.000,9999.000,9999.000
202606010448,   3.956,9999.000,9999.000,9999.000,9999.000,9999.000,9999.000,9999.000,9999.000
202606010454,   3.866,9999.000,9999.000,9999.000,9999.000,9999.000,9999.000,9999.000,9999.000
202606010500,   3.775,9999.000,   0.900,  -0.079,   4.596,   0.800,   4.496,   1.000,   4.696
202606010506,   3.682,9999.000,9999.000,9999.000,9999.000,9999.000,9999.000,9999.000,9999.000
202606010512,   3.587,9999.000,9999.000,9999.000,9999.000,9999.000,9999.000,9999.000,9999.000
202606010518,   3.492,9999.000,9999.000,9999.000,9999.000,9999.000,9999.000,9999.000,9999.000
202606010524,   3.396,9999.000,9999.000,9999.000,9999.000,9999.000,9999.000,9999.000,9999.000
202606010530,   3.299,9999.000,9999.000,9999.000,9999.000,9999.000,9999.000,9999.000,9999.000
202606010536,   3.202,9999.000,9999.000,9999.000,9999.000,9999.000,9999.000,9999.000,9999.000
202606010542,   3.105,9999.000,9999.000,9999.000,9999.000,9999.000,9999.000,9999.000,9999.000
202606010548,   3.007,9999.000,9999.000,9999.000,9999.000,9999.000,9999.000,9999.000,9999.000
202606010554,   2.910,9999.000,9999.000,9999.000,9999.000,9999.000,9999.000,9999.000,9999.000
202606010600,   2.813,9999.000,   0.900,  -0.079,   3.634,   0.800,   3.534,   0.900,   3.634
202606010606,   2.716,9999.000,9999.000,9999.000,9999.000,9999.000,9999.000,9999.000,9999.000
202606010612,   2.619,9999.000,9999.000,9999.000,9999.000,9999.000,9999.000,9999.000,9999.000
202606010618,   2.523,9999.000,9999.000,9999.000,9999.000,9999.000,9999.000,9999.000,9999.000
202606010624,   2.427,9999.000,9999.000,9999.000,9999.000,9999.000,9999.000,9999.000,9999.000
202606010630,   2.332,9999.000,9999.000,9999.000,9999.000,9999.000,9999.000,9999.000,9999.000
202606010636,   2.237,9999.000,9999.000,9999.000,9999.000,9999.000,9999.000,9999.000,9999.000
202606010642,   2.143,9999.000,9999.000,9999.000,9999.000,9999.000,9999.000,9999.000,9999.000
202606010648,   2.050,9999.000,9999.000,9999.000,9999.000,9999.000,9999.000,9999.000,9999.000
202606010654,   1.957,9999.000,9999.000,9999.000,9999.000,9999.000,9999.000,9999.000,9999.000
202606010700,   1.864,9999.000,   0.900,  -0.079,   2.685,   0.800,   2.585,   0.900,   2.685
202606010706,   1.773,9999.000,9999.000,9999.000,9999.000,9999.000,9999.000,9999.000,9999.000
202606010712,   1.681,9999.000,9999.000,9999.000,9999.000,9999.000,9999.000,9999.000,9999.000
202606010718,   1.591,9999.000,9999.000,9999.000,9999.000,9999.000,9999.000,9999.000,9999.000
202606010724,   1.501,9999.000,9999.000,9999.000,9999.000,9999.000,9999.000,9999.000,9999.000
202606010730,   1.411,9999.000,9999.000,9999.000,9999.000,9999.000,9999.000,9999.000,9999.000
202606010736,   1.323,9999.000,9999.000,9999.000,9999.000,9999.000,9999.000,9999.000,9999.000
202606010742,   1.235,9999.000,9999.000,9999.000,9999.000,9999.000,9999.000,9999.000,9999.000
202606010748,   1.148,9999.000,9999.000,9999.000,9999.000,9999.000,9999.000,9999.000,9999.000
202606010754,   1.063,9999.000,9999.000,9999.000,9999.000,9999.000,9999.000,9999.000,9999.000
202606010800,   0.979,9999.000,   0.900,  -0.079,   1.800,   0.800,   1.700,   0.900,   1.800
202606010806,   0.897,9999.000,9999.000,9999.000,9999.000,9999.000,9999.000,9999.000,9999.000
202606010812,   0.817,9999.000,9999.000,9999.000,9999.000,9999.000,9999.000,9999.000,9999.000
202606010818,   0.740,9999.000,9999.000,9999.000,9999.000,9999.000,9999.000,9999.000,9999.000
202606010824,   0.666,9999.000,9999.000,9999.000,9999.000,9999.000,9999.000,9999.000,9999.000
202606010830,   0.595,9999.000,9999.000,9999.000,9999.000,9999.000,9999.000,9999.000,9999.000
202606010836,   0.528,9999.000,9999.000,9999.000,9999.000,9999.000,9999.000,9999.000,9999.000
202606010842,   0.466,9999.000,9999.000,9999.000,9999.000,9999.000,9999.000,9999.000,9999.000
202606010848,   0.408,9999.000,9999.000,9999.000,9999.000,9999.000,9999.000,9999.000,9999.000
202606010854,   0.356,9999.000,9999.000,9999.000,9999.000,9999.000,9999.000,9999.000,9999.000
202606010900,   0.311,9999.000,   0.900,  -0.079,   1.132,   0.800,   1.032,   0.900,   1.132
202606010906,   0.272,9999.000,9999.000,9999.000,9999.000,9999.000,9999.000,9999.000,9999.000
202606010912,   0.241,9999.000,9999.000,9999.000,9999.000,9999.000,9999.000,9999.000,9999.000
202606010918,   0.217,9999.000,9999.000,9999.000,9999.000,9999.000,9999.000,9999.000,9999.000
202606010924,   0.201,9999.000,9999.000,9999.000,9999.000,9999.000,9999.000,9999.000,9999.000
202606010930,   0.194,9999.000,9999.000,9999.000,9999.000,9999.000,9999.000,9999.000,9999.000
202606010936,   0.197,9999.000,9999.000,9999.000,9999.000,9999.000,9999.000,9999.000,9999.000
202606010942,   0.208,9999.000,9999.000,9999.000,9999.000,9999.000,9999.000,9999.000,9999.000
202606010948,   0.229,9999.000,9999.000,9999.000,9999.000,9999.000,9999.000,9999.000,9999.000
202606010954,   0.259,9999.000,9999.000,9999.000,9999.000,9999.000,9999.000,9999.000,9999.000
202606011000,   0.299,9999.000,   0.900,  -0.079,   1.120,   0.800,   1.020,   0.900,   1.120
202606011006,   0.349,9999.000,9999.000,9999.000,9999.000,9999.000,9999.000,9999.000,9999.000
202606011012,   0.407,9999.000,9999.000,9999.000,9999.000,9999.000,9999.000,9999.000,9999.000
202606011018,   0.475,9999.000,9999.000,9999.000,9999.000,9999.000,9999.000,9999.000,9999.000
202606011024,   0.550,9999.000,9999.000,9999.000,9999.000,9999.000,9999.000,9999.000,9999.000
202606011030,   0.634,9999.000,9999.000,9999.000,9999.000,9999.000,9999.000,9999.000,9999.000
202606011036,   0.725,9999.000,9999.000,9999.000,9999.000,9999.000,9999.000,9999.000,9999.000
202606011042,   0.823,9999.000,9999.000,9999.000,9999.000,9999.000,9999.000,9999.000,9999.000
202606011048,   0.926,9999.000,9999.000,9999.000,9999.000,9999.000,9999.000,9999.000,9999.000
202606011054,   1.035,9999.000,9999.000,9999.000,9999.000,9999.000,9999.000,9999.000,9999.000
202606011100,   1.147,9999.000,   0.900,  -0.079,   1.968,   0.800,   1.868,   0.900,   1.968
202606011106,   1.263,9999.000,9999.000,9999.000,9999.000,9999.000,9999.000,9999.000,9999.000
202606011112,   1.382,9999.000,9999.000,9999.000,9999.000,9999.000,9999.000,9999.000,9999.000
202606011118,   1.502,9999.000,9999.000,9999.000,9999.000,9999.000,9999.000,9999.000,9999.000
202606011124,   1.623,9999.000,9999.000,9999.000,9999.000,9999.000,9999.000,9999.000,9999.000
202606011130,   1.744,9999.000,9999.000,9999.000,9999.000,9999.000,9999.000,9999.000,9999.000
202606011136,   1.864,9999.000,9999.000,9999.000,9999.000,9999.000,9999.000,9999.000,9999.000
202606011142,   1.983,9999.000,9999.000,9999.000,9999.000,9999.000,9999.000,9999.000,9999.000
202606011148,   2.099,9999.000,9999.000,9999.000,9999.000,9999.000,9999.000,9999.000,9999.000
202606011154,   2.213,9999.000,9999.000,9999.000,9999.000,9999.000,9999.000,9999.000,9999.000
202606011200,   2.323,9999.000,   0.800,  -0.079,   3.044,   0.800,   3.044,   0.900,   3.144
202606011206,   2.430,9999.000,9999.000,9999.000,9999.000,9999.000,9999.000,9999.000,9999.000
202606011212,   2.533,9999.000,9999.000,9999.000,9999.000,9999.000,9999.000,9999.000,9999.000
202606011218,   2.632,9999.000,9999.000,9999.000,9999.000,9999.000,9999.000,9999.000,9999.000
202606011224,   2.726,9999.000,9999.000,9999.000,9999.000,9999.000,9999.000,9999.000,9999.000
202606011230,   2.816,9999.000,9999.000,9999.000,9999.000,9999.000,9999.000,9999.000,9999.000
202606011236,   2.902,9999.000,9999.000,9999.000,9999.000,9999.000,9999.000,9999.000,9999.000
202606011242,   2.983,9999.000,9999.000,9999.000,9999.000,9999.000,9999.000,9999.000,9999.000
202606011248,   3.060,9999.000,9999.000,9999.000,9999.000,9999.000,9999.000,9999.000,9999.000
202606011254,   3.133,9999.000,9999.000,9999.000,9999.000,9999.000,9999.000,9999.000,9999.000
202606011300,   3.202,9999.000,   0.900,  -0.079,   4.023,   0.800,   3.923,   0.900,   4.023
202606011306,   3.268,9999.000,9999.000,9999.000,9999.000,9999.000,9999.000,9999.000,9999.000
202606011312,   3.330,9999.000,9999.000,9999.000,9999.000,9999.000,9999.000,9999.000,9999.000
202606011318,   3.389,9999.000,9999.000,9999.000,9999.000,9999.000,9999.000,9999.000,9999.000
202606011324,   3.444,9999.000,9999.000,9999.000,9999.000,9999.000,9999.000,9999.000,9999.000
202606011330,   3.497,9999.000,9999.000,9999.000,9999.000,9999.000,9999.000,9999.000,9999.000
202606011336,   3.547,9999.000,9999.000,9999.000,9999.000,9999.000,9999.000,9999.000,9999.000
202606011342,   3.594,9999.000,9999.000,9999.000,9999.000,9999.000,9999.000,9999.000,9999.000
202606011348,   3.638,9999.000,9999.000,9999.000,9999.000,9999.000,9999.000,9999.000,9999.000
202606011354,   3.680,9999.000,9999.000,9999.000,9999.000,9999.000,9999.000,9999.000,9999.000
202606011400,   3.719,9999.000,   0.900,  -0.079,   4.540,   0.800,   4.440,   0.900,   4.540
202606011406,   3.755,9999.000,9999.000,9999.000,9999.000,9999.000,9999.000,9999.000,9999.000
202606011412,   3.788,9999.000,9999.000,9999.000,9999.000,9999.000,9999.000,9999.000,9999.000
202606011418,   3.819,9999.000,9999.000,9999.000,9999.000,9999.000,9999.000,9999.000,9999.000
202606011424,   3.846,9999.000,9999.000,9999.000,9999.000,9999.000,9999.000,9999.000,9999.000
202606011430,   3.870,9999.000,9999.000,9999.000,9999.000,9999.000,9999.000,9999.000,9999.000
202606011436,   3.890,9999.000,9999.000,9999.000,9999.000,9999.000,9999.000,9999.000,9999.000
202606011442,   3.906,9999.000,9999.000,9999.000,9999.000,9999.000,9999.000,9999.000,9999.000
202606011448,   3.918,9999.000,9999.000,9999.000,9999.000,9999.000,9999.000,9999.000,9999.000
202606011454,   3.925,9999.000,9999.000,9999.000,9999.000,9999.000,9999.000,9999.000,9999.000
202606011500,   3.928,9999.000,   0.900,  -0.079,   4.749,   0.800,   4.649,   0.900,   4.749
202606011506,   3.926,9999.000,9999.000,9999.000,9999.000,9999.000,9999.000,9999.000,9999.000
202606011512,   3.919,9999.000,9999.000,9999.000,9999.000,9999.000,9999.000,9999.000,9999.000
202606011518,   3.907,9999.000,9999.000,9999.000,9999.000,9999.000,9999.000,9999.000,9999.000
202606011524,   3.889,9999.000,9999.000,9999.000,9999.000,9999.000,9999.000,9999.000,9999.000
202606011530,   3.866,9999.000,9999.000,9999.000,9999.000,9999.000,9999.000,9999.000,9999.000
202606011536,   3.838,9999.000,9999.000,9999.000,9999.000,9999.000,9999.000,9999.000,9999.000
202606011542,   3.804,9999.000,9999.000,9999.000,9999.000,9999.000,9999.000,9999.000,9999.000
202606011548,   3.765,9999.000,9999.000,9999.000,9999.000,9999.000,9999.000,9999.000,9999.000
202606011554,   3.720,9999.000,9999.000,9999.000,9999.000,9999.000,9999.000,9999.000,9999.000
202606011600,   3.670,9999.000,   0.900,  -0.079,   4.491,   0.800,   4.391,   0.900,   4.491
202606011606,   3.615,9999.000,9999.000,9999.000,9999.000,9999.000,9999.000,9999.000,9999.000
202606011612,   3.556,9999.000,9999.000,9999.000,9999.000,9999.000,9999.000,9999.000,9999.000
202606011618,   3.491,9999.000,9999.000,9999.000,9999.000,9999.000,9999.000,9999.000,9999.000
202606011624,   3.423,9999.000,9999.000,9999.000,9999.000,9999.000,9999.000,9999.000,9999.000
202606011630,   3.350,9999.000,9999.000,9999.000,9999.000,9999.000,9999.000,9999.000,9999.000
202606011636,   3.274,9999.000,9999.000,9999.000,9999.000,9999.000,9999.000,9999.000,9999.000
202606011642,   3.194,9999.000,9999.000,9999.000,9999.000,9999.000,9999.000,9999.000,9999.000
202606011648,   3.112,9999.000,9999.000,9999.000,9999.000,9999.000,9999.000,9999.000,9999.000
202606011654,   3.027,9999.000,9999.000,9999.000,9999.000,9999.000,9999.000,9999.000,9999.000
202606011700,   2.939,9999.000,   0.800,  -0.079,   3.660,   0.700,   3.560,   0.900,   3.760
202606011706,   2.849,9999.000,9999.000,9999.000,9999.000,9999.000,9999.000,9999.000,9999.000
202606011712,   2.758,9999.000,9999.000,9999.000,9999.000,9999.000,9999.000,9999.000,9999.000
202606011718,   2.666,9999.000,9999.000,9999.000,9999.000,9999.000,9999.000,9999.000,9999.000
202606011724,   2.573,9999.000,9999.000,9999.000,9999.000,9999.000,9999.000,9999.000,9999.000
202606011730,   2.479,9999.000,9999.000,9999.000,9999.000,9999.000,9999.000,9999.000,9999.000
202606011736,   2.385,9999.000,9999.000,9999.000,9999.000,9999.000,9999.000,9999.000,9999.000
202606011742,   2.292,9999.000,9999.000,9999.000,9999.000,9999.000,9999.000,9999.000,9999.000
202606011748,   2.198,9999.000,9999.000,9999.000,9999.000,9999.000,9999.000,9999.000,9999.000
202606011754,   2.106,9999.000,9999.000,9999.000,9999.000,9999.000,9999.000,9999.000,9999.000
202606011800,   2.014,9999.000,   0.800,  -0.079,   2.735,   0.800,   2.735,   0.900,   2.835
202606011806,   1.924,9999.000,9999.000,9999.000,9999.000,9999.000,9999.000,9999.000,9999.000
202606011812,   1.835,9999.000,9999.000,9999.000,9999.000,9999.000,9999.000,9999.000,9999.000
202606011818,   1.748,9999.000,9999.000,9999.000,9999.000,9999.000,9999.000,9999.000,9999.000
202606011824,   1.663,9999.000,9999.000,9999.000,9999.000,9999.000,9999.000,9999.000,9999.000
202606011830,   1.580,9999.000,9999.000,9999.000,9999.000,9999.000,9999.000,9999.000,9999.000
202606011836,   1.499,9999.000,9999.000,9999.000,9999.000,9999.000,9999.000,9999.000,9999.000
202606011842,   1.420,9999.000,9999.000,9999.000,9999.000,9999.000,9999.000,9999.000,9999.000
202606011848,   1.344,9999.000,9999.000,9999.000,9999.000,9999.000,9999.000,9999.000,9999.000
202606011854,   1.269,9999.000,9999.000,9999.000,9999.000,9999.000,9999.000,9999.000,9999.000
202606011900,   1.198,9999.000,   0.800,  -0.079,   1.919,   0.700,   1.819,   0.900,   2.019
202606011906,   1.129,9999.000,9999.000,9999.000,9999.000,9999.000,9999.000,9999.000,9999.000
202606011912,   1.062,9999.000,9999.000,9999.000,9999.000,9999.000,9999.000,9999.000,9999.000
202606011918,   0.998,9999.000,9999.000,9999.000,9999.000,9999.000,9999.000,9999.000,9999.000
202606011924,   0.936,9999.000,9999.000,9999.000,9999.000,9999.000,9999.000,9999.000,9999.000
202606011930,   0.877,9999.000,9999.000,9999.000,9999.000,9999.000,9999.000,9999.000,9999.000
202606011936,   0.820,9999.000,9999.000,9999.000,9999.000,9999.000,9999.000,9999.000,9999.000
202606011942,   0.766,9999.000,9999.000,9999.000,9999.000,9999.000,9999.000,9999.000,9999.000
202606011948,   0.714,9999.000,9999.000,9999.000,9999.000,9999.000,9999.000,9999.000,9999.000
202606011954,   0.664,9999.000,9999.000,9999.000,9999.000,9999.000,9999.000,9999.000,9999.000
202606012000,   0.617,9999.000,   0.800,  -0.079,   1.338,   0.700,   1.238,   1.000,   1.538
202606012006,   0.572,9999.000,9999.000,9999.000,9999.000,9999.000,9999.000,9999.000,9999.000
202606012012,   0.530,9999.000,9999.000,9999.000,9999.000,9999.000,9999.000,9999.000,9999.000
202606012018,   0.490,9999.000,9999.000,9999.000,9999.000,9999.000,9999.000,9999.000,9999.000
202606012024,   0.454,9999.000,9999.000,9999.000,9999.000,9999.000,9999.000,9999.000,9999.000
202606012030,   0.420,9999.000,9999.000,9999.000,9999.000,9999.000,9999.000,9999.000,9999.000
202606012036,   0.389,9999.000,9999.000,9999.000,9999.000,9999.000,9999.000,9999.000,9999.000
202606012042,   0.362,9999.000,9999.000,9999.000,9999.000,9999.000,9999.000,9999.000,9999.000
202606012048,   0.338,9999.000,9999.000,9999.000,9999.000,9999.000,9999.000,9999.000,9999.000
202606012054,   0.319,9999.000,9999.000,9999.000,9999.000,9999.000,9999.000,9999.000,9999.000
202606012100,   0.304,9999.000,   0.800,  -0.079,   1.025,   0.700,   0.925,   1.000,   1.225
202606012106,   0.294,9999.000,9999.000,9999.000,9999.000,9999.000,9999.000,9999.000,9999.000
202606012112,   0.289,9999.000,9999.000,9999.000,9999.000,9999.000,9999.000,9999.000,9999.000
202606012118,   0.290,9999.000,9999.000,9999.000,9999.000,9999.000,9999.000,9999.000,9999.000
202606012124,   0.297,9999.000,9999.000,9999.000,9999.000,9999.000,9999.000,9999.000,9999.000
202606012130,   0.310,9999.000,9999.000,9999.000,9999.000,9999.000,9999.000,9999.000,9999.000
202606012136,   0.331,9999.000,9999.000,9999.000,9999.000,9999.000,9999.000,9999.000,9999.000
202606012142,   0.359,9999.000,9999.000,9999.000,9999.000,9999.000,9999.000,9999.000,9999.000
202606012148,   0.395,9999.000,9999.000,9999.000,9999.000,9999.000,9999.000,9999.000,9999.000
202606012154,   0.438,9999.000,9999.000,9999.000,9999.000,9999.000,9999.000,9999.000,9999.000
202606012200,   0.490,9999.000,   0.800,  -0.079,   1.211,   0.700,   1.111,   1.000,   1.411
202606012206,   0.550,9999.000,9999.000,9999.000,9999.000,9999.000,9999.000,9999.000,9999.000
202606012212,   0.619,9999.000,9999.000,9999.000,9999.000,9999.000,9999.000,9999.000,9999.000
202606012218,   0.696,9999.000,9999.000,9999.000,9999.000,9999.000,9999.000,9999.000,9999.000
202606012224,   0.782,9999.000,9999.000,9999.000,9999.000,9999.000,9999.000,9999.000,9999.000
202606012230,   0.875,9999.000,9999.000,9999.000,9999.000,9999.000,9999.000,9999.000,9999.000
202606012236,   0.976,9999.000,9999.000,9999.000,9999.000,9999.000,9999.000,9999.000,9999.000
202606012242,   1.085,9999.000,9999.000,9999.000,9999.000,9999.000,9999.000,9999.000,9999.000
202606012248,   1.200,9999.000,9999.000,9999.000,9999.000,9999.000,9999.000,9999.000,9999.000
202606012254,   1.322,9999.000,9999.000,9999.000,9999.000,9999.000,9999.000,9999.000,9999.000
202606012300,   1.449,9999.000,   0.800,  -0.079,   2.170,   0.700,   2.070,   0.900,   2.270
202606012306,   1.581,9999.000,9999.000,9999.000,9999.000,9999.000,9999.000,9999.000,9999.000
202606012312,   1.718,9999.000,9999.000,9999.000,9999.000,9999.000,9999.000,9999.000,9999.000
202606012318,   1.857,9999.000,9999.000,9999.000,9999.000,9999.000,9999.000,9999.000,9999.000
202606012324,   1.999,9999.000,9999.000,9999.000,9999.000,9999.000,9999.000,9999.000,9999.000
202606012330,   2.142,9999.000,9999.000,9999.000,9999.000,9999.000,9999.000,9999.000,9999.000
202606012336,   2.285,9999.000,9999.000,9999.000,9999.000,9999.000,9999.000,9999.000,9999.000
202606012342,   2.428,9999.000,9999.000,9999.000,9999.000,9999.000,9999.000,9999.000,9999.000
202606012348,   2.570,9999.000,9999.000,9999.000,9999.000,9999.000,9999.000,9999.000,9999.000
202606012354,   2.710,9999.000,9999.000,9999.000,9999.000,9999.000,9999.000,9999.000,9999.000
202606020000,   2.847,9999.000,   0.800,  -0.079,   3.568,   0.700,   3.468,   0.900,   3.668
202606020006,   2.981,9999.000,9999.000,9999.000,9999.000,9999.000,9999.000,9999.000,9999.000
202606020012,   3.110,9999.000,9999.000,9999.000,9999.000,9999.000,9999.000,9999.000,9999.000
202606020018,   3.235,9999.000,9999.000,9999.000,9999.000,9999.000,9999.000,9999.000,9999.000
202606020024,   3.355,9999.000,9999.000,9999.000,9999.000,9999.000,9999.000,9999.000,9999.000
202606020030,   3.469,9999.000,9999.000,9999.000,9999.000,9999.000,9999.000,9999.000,9999.000
202606020036,   3.577,9999.000,9999.000,9999.000,9999.000,9999.000,9999.000,9999.000,9999.000
202606020042,   3.680,9999.000,9999.000,9999.000,9999.000,9999.000,9999.000,9999.000,9999.000
202606020048,   3.776,9999.000,9999.000,9999.000,9999.000,9999.000,9999.000,9999.000,9999.000
202606020054,   3.867,9999.000,9999.000,9999.000,9999.000,9999.000,9999.000,9999.000,9999.000
202606020100,   3.952,9999.000,   0.800,  -0.079,   4.673,   0.700,   4.573,   0.900,   4.773
202606020106,   4.031,9999.000,9999.000,9999.000,9999.000,9999.000,9999.000,9999.000,9999.000
202606020112,   4.105,9999.000,9999.000,9999.000,9999.000,9999.000,9999.000,9999.000,9999.000
202606020118,   4.173,9999.000,9999.000,9999.000,9999.000,9999.000,9999.000,9999.000,9999.000
202606020124,   4.237,9999.000,9999.000,9999.000,9999.000,9999.000,9999.000,9999.000,9999.000
202606020130,   4.296,9999.000,9999.000,9999.000,9999.000,9999.000,9999.000,9999.000,9999.000
202606020136,   4.351,9999.000,9999.000,9999.000,9999.000,9999.000,9999.000,9999.000,9999.000
202606020142,   4.402,9999.000,9999.000,9999.000,9999.000,9999.000,9999.000,9999.000,9999.000
202606020148,   4.449,9999.000,9999.000,9999.000,9999.000,9999.000,9999.000,9999.000,9999.000
202606020154,   4.493,9999.000,9999.000,9999.000,9999.000,9999.000,9999.000,9999.000,9999.000
202606020200,   4.534,9999.000,   0.800,  -0.079,   5.255,   0.700,   5.155,   0.900,   5.355
202606020206,   4.572,9999.000,9999.000,9999.000,9999.000,9999.000,9999.000,9999.000,9999.000
202606020212,   4.608,9999.000,9999.000,9999.000,9999.000,9999.000,9999.000,9999.000,9999.000
202606020218,   4.641,9999.000,9999.000,9999.000,9999.000,9999.000,9999.000,9999.000,9999.000
202606020224,   4.671,9999.000,9999.000,9999.000,9999.000,9999.000,9999.000,9999.000,9999.000
202606020230,   4.700,9999.000,9999.000,9999.000,9999.000,9999.000,9999.000,9999.000,9999.000
202606020236,   4.725,9999.000,9999.000,9999.000,9999.000,9999.000,9999.000,9999.000,9999.000
202606020242,   4.749,9999.000,9999.000,9999.000,9999.000,9999.000,9999.000,9999.000,9999.000
202606020248,   4.769,9999.000,9999.000,9999.000,9999.000,9999.000,9999.000,9999.000,9999.000
202606020254,   4.787,9999.000,9999.000,9999.000,9999.000,9999.000,9999.000,9999.000,9999.000
202606020300,   4.802,9999.000,   0.800,  -0.079,   5.523,   0.700,   5.423,   0.900,   5.623
202606020306,   4.814,9999.000,9999.000,9999.000,9999.000,9999.000,9999.000,9999.000,9999.000
202606020312,   4.823,9999.000,9999.000,9999.000,9999.000,9999.000,9999.000,9999.000,9999.000
202606020318,   4.828,9999.000,9999.000,9999.000,9999.000,9999.000,9999.000,9999.000,9999.000
202606020324,   4.829,9999.000,9999.000,9999.000,9999.000,9999.000,9999.000,9999.000,9999.000
202606020330,   4.827,9999.000,9999.000,9999.000,9999.000,9999.000,9999.000,9999.000,9999.000
202606020336,   4.820,9999.000,9999.000,9999.000,9999.000,9999.000,9999.000,9999.000,9999.000
202606020342,   4.809,9999.000,9999.000,9999.000,9999.000,9999.000,9999.000,9999.000,9999.000
202606020348,   4.793,9999.000,9999.000,9999.000,9999.000,9999.000,9999.000,9999.000,9999.000
202606020354,   4.772,9999.000,9999.000,9999.000,9999.000,9999.000,9999.000,9999.000,9999.000
202606020400,   4.747,9999.000,   0.800,  -0.079,   5.468,   0.700,   5.368,   0.900,   5.568
202606020406,   4.717,9999.000,9999.000,9999.000,9999.000,9999.000,9999.000,9999.000,9999.000
202606020412,   4.682,9999.000,9999.000,9999.000,9999.000,9999.000,9999.000,9999.000,9999.000
202606020418,   4.642,9999.000,9999.000,9999.000,9999.000,9999.000,9999.000,9999.000,9999.000
202606020424,   4.598,9999.000,9999.000,9999.000,9999.000,9999.000,9999.000,9999.000,9999.000
202606020430,   4.549,9999.000,9999.000,9999.000,9999.000,9999.000,9999.000,9999.000,9999.000
202606020436,   4.495,9999.000,9999.000,9999.000,9999.000,9999.000,9999.000,9999.000,9999.000
202606020442,   4.436,9999.000,9999.000,9999.000,9999.000,9999.000,9999.000,9999.000,9999.000
202606020448,   4.374,9999.000,9999.000,9999.000,9999.000,9999.000,9999.000,9999.000,9999.000
202606020454,   4.307,9999.000,9999.000,9999.000,9999.000,9999.000,9999.000,9999.000,9999.000
202606020500,   4.237,9999.000,   0.800,  -0.079,   4.958,   0.600,   4.758,   0.900,   5.058
202606020506,   4.163,9999.000,9999.000,9999.000,9999.000,9999.000,9999.000,9999.000,9999.000
202606020512,   4.085,9999.000,9999.000,9999.000,9999.000,9999.000,9999.000,9999.000,9999.000
202606020518,   4.005,9999.000,9999.000,9999.000,9999.000,9999.000,9999.000,9999.000,9999.000
202606020524,   3.922,9999.000,9999.000,9999.000,9999.000,9999.000,9999.000,9999.000,9999.000
202606020530,   3.836,9999.000,9999.000,9999.000,9999.000,9999.000,9999.000,9999.000,9999.000
202606020536,   3.748,9999.000,9999.000,9999.000,9999.000,9999.000,9999.000,9999.000,9999.000
202606020542,   3.658,9999.000,9999.000,9999.000,9999.000,9999.000,9999.000,9999.000,9999.000
202606020548,   3.566,9999.000,9999.000,9999.000,9999.000,9999.000,9999.000,9999.000,9999.000
202606020554,   3.472,9999.000,9999.000,9999.000,9999.000,9999.000,9999.000,9999.000,9999.000
202606020600,   3.378,9999.000,   0.800,  -0.079,   4.099,   0.600,   3.899,   0.900,   4.199
202606020606,   3.283,9999.000,9999.000,9999.000,9999.000,9999.000,9999.000,9999.000,9999.000
202606020612,   3.186,9999.000,9999.000,9999.000,9999.000,9999.000,9999.000,9999.000,9999.000
202606020618,   3.090,9999.000,9999.000,9999.000,9999.000,9999.000,9999.000,9999.000,9999.000
202606020624,   2.993,9999.000,9999.000,9999.000,9999.000,9999.000,9999.000,9999.000,9999.000
202606020630,   2.896,9999.000,9999.000,9999.000,9999.000,9999.000,9999.000,9999.000,9999.000
202606020636,   2.799,9999.000,9999.000,9999.000,9999.000,9999.000,9999.000,9999.000,9999.000
202606020642,   2.702,9999.000,9999.000,9999.000,9999.000,9999.000,9999.000,9999.000,9999.000
202606020648,   2.606,9999.000,9999.000,9999.000,9999.000,9999.000,9999.000,9999.000,9999.000
202606020654,   2.511,9999.000,9999.000,9999.000,9999.000,9999.000,9999.000,9999.000,9999.000
202606020700,   2.416,9999.000,   0.700,  -0.079,   3.037,   0.600,   2.937,   0.900,   3.237
202606020706,   2.322,9999.000,9999.000,9999.000,9999.000,9999.000,9999.000,9999.000,9999.000
202606020712,   2.228,9999.000,9999.000,9999.000,9999.000,9999.000,9999.000,9999.000,9999.000
202606020718,   2.136,9999.000,9999.000,9999.000,9999.000,9999.000,9999.000,9999.000,9999.000
202606020724,   2.045,9999.000,9999.000,9999.000,9999.000,9999.000,9999.000,9999.000,9999.000
202606020730,   1.954,9999.000,9999.000,9999.000,9999.000,9999.000,9999.000,9999.000,9999.000
202606020736,   1.865,9999.000,9999.000,9999.000,9999.000,9999.000,9999.000,9999.000,9999.000
202606020742,   1.777,9999.000,9999.000,9999.000,9999.000,9999.000,9999.000,9999.000,9999.000
202606020748,   1.689,9999.000,9999.000,9999.000,9999.000,9999.000,9999.000,9999.000,9999.000
202606020754,   1.603,9999.000,9999.000,9999.000,9999.000,9999.000,9999.000,9999.000,9999.000
202606020800,   1.518,9999.000,   0.700,  -0.079,   2.139,   0.600,   2.039,   0.900,   2.339
202606020806,   1.435,9999.000,9999.000,9999.000,9999.000,9999.000,9999.000,9999.000,9999.000
202606020812,   1.352,9999.000,9999.000,9999.000,9999.000,9999.000,9999.000,9999.000,9999.000
202606020818,   1.270,9999.000,9999.000,9999.000,9999.000,9999.000,9999.000,9999.000,9999.000
202606020824,   1.190,9999.000,9999.000,9999.000,9999.000,9999.000,9999.000,9999.000,9999.000
202606020830,   1.112,9999.000,9999.000,9999.000,9999.000,9999.000,9999.000,9999.000,9999.000
202606020836,   1.035,9999.000,9999.000,9999.000,9999.000,9999.000,9999.000,9999.000,9999.000
202606020842,   0.959,9999.000,9999.000,9999.000,9999.000,9999.000,9999.000,9999.000,9999.000
202606020848,   0.886,9999.000,9999.000,9999.000,9999.000,9999.000,9999.000,9999.000,9999.000
202606020854,   0.815,9999.000,9999.000,9999.000,9999.000,9999.000,9999.000,9999.000,9999.000
202606020900,   0.746,9999.000,   0.700,  -0.079,   1.367,   0.600,   1.267,   0.900,   1.567
202606020906,   0.680,9999.000,9999.000,9999.000,9999.000,9999.000,9999.000,9999.000,9999.000
202606020912,   0.618,9999.000,9999.000,9999.000,9999.000,9999.000,9999.000,9999.000,9999.000
202606020918,   0.559,9999.000,9999.000,9999.000,9999.000,9999.000,9999.000,9999.000,9999.000
202606020924,   0.505,9999.000,9999.000,9999.000,9999.000,9999.000,9999.000,9999.000,9999.000
202606020930,   0.455,9999.000,9999.000,9999.000,9999.000,9999.000,9999.000,9999.000,9999.000
202606020936,   0.410,9999.000,9999.000,9999.000,9999.000,9999.000,9999.000,9999.000,9999.000
202606020942,   0.371,9999.000,9999.000,9999.000,9999.000,9999.000,9999.000,9999.000,9999.000
202606020948,   0.338,9999.000,9999.000,9999.000,9999.000,9999.000,9999.000,9999.000,9999.000
202606020954,   0.312,9999.000,9999.000,9999.000,9999.000,9999.000,9999.000,9999.000,9999.000
202606021000,   0.294,9999.000,   0.700,  -0.079,   0.915,   0.600,   0.815,   0.800,   1.015
202606021006,   0.282,9999.000,9999.000,9999.000,9999.000,9999.000,9999.000,9999.000,9999.000
202606021012,   0.279,9999.000,9999.000,9999.000,9999.000,9999.000,9999.000,9999.000,9999.000
202606021018,   0.285,9999.000,9999.000,9999.000,9999.000,9999.000,9999.000,9999.000,9999.000
202606021024,   0.299,9999.000,9999.000,9999.000,9999.000,9999.000,9999.000,9999.000,9999.000
202606021030,   0.323,9999.000,9999.000,9999.000,9999.000,9999.000,9999.000,9999.000,9999.000
202606021036,   0.355,9999.000,9999.000,9999.000,9999.000,9999.000,9999.000,9999.000,9999.000
202606021042,   0.397,9999.000,9999.000,9999.000,9999.000,9999.000,9999.000,9999.000,9999.000
202606021048,   0.448,9999.000,9999.000,9999.000,9999.000,9999.000,9999.000,9999.000,9999.000
202606021054,   0.507,9999.000,9999.000,9999.000,9999.000,9999.000,9999.000,9999.000,9999.000
202606021100,   0.576,9999.000,   0.700,  -0.079,   1.197,   0.600,   1.097,   0.800,   1.297
202606021106,   0.653,9999.000,9999.000,9999.000,9999.000,9999.000,9999.000,9999.000,9999.000
202606021112,   0.738,9999.000,9999.000,9999.000,9999.000,9999.000,9999.000,9999.000,9999.000
202606021118,   0.830,9999.000,9999.000,9999.000,9999.000,9999.000,9999.000,9999.000,9999.000
202606021124,   0.929,9999.000,9999.000,9999.000,9999.000,9999.000,9999.000,9999.000,9999.000
202606021130,   1.034,9999.000,9999.000,9999.000,9999.000,9999.000,9999.000,9999.000,9999.000
202606021136,   1.144,9999.000,9999.000,9999.000,9999.000,9999.000,9999.000,9999.000,9999.000
202606021142,   1.258,9999.000,9999.000,9999.000,9999.000,9999.000,9999.000,9999.000,9999.000
202606021148,   1.376,9999.000,9999.000,9999.000,9999.000,9999.000,9999.000,9999.000,9999.000
202606021154,   1.497,9999.000,9999.000,9999.000,9999.000,9999.000,9999.000,9999.000,9999.000
202606021200,   1.619,9999.000,   0.700,  -0.079,   2.240,   0.600,   2.140,   0.800,   2.340
202606021206,   1.742,9999.000,9999.000,9999.000,9999.000,9999.000,9999.000,9999.000,9999.000
202606021212,   1.865,9999.000,9999.000,9999.000,9999.000,9999.000,9999.000,9999.000,9999.000
202606021218,   1.987,9999.000,9999.000,9999.000,9999.000,9999.000,9999.000,9999.000,9999.000
202606021224,   2.107,9999.000,9999.000,9999.000,9999.000,9999.000,9999.000,9999.000,9999.000
202606021230,   2.225,9999.000,9999.000,9999.000,9999.000,9999.000,9999.000,9999.000,9999.000
202606021236,   2.339,9999.000,9999.000,9999.000,9999.000,9999.000,9999.000,9999.000,9999.000
202606021242,   2.450,9999.000,9999.000,9999.000,9999.000,9999.000,9999.000,9999.000,9999.000
202606021248,   2.557,9999.000,9999.000,9999.000,9999.000,9999.000,9999.000,9999.000,9999.000
202606021254,   2.659,9999.000,9999.000,9999.000,9999.000,9999.000,9999.000,9999.000,9999.000
202606021300,   2.755,9999.000,   0.700,  -0.079,   3.376,   0.600,   3.276,   0.800,   3.476
202606021306,   2.847,9999.000,9999.000,9999.000,9999.000,9999.000,9999.000,9999.000,9999.000
202606021312,   2.934,9999.000,9999.000,9999.000,9999.000,9999.000,9999.000,9999.000,9999.000
202606021318,   3.015,9999.000,9999.000,9999.000,9999.000,9999.000,9999.000,9999.000,9999.000
202606021324,   3.091,9999.000,9999.000,9999.000,9999.000,9999.000,9999.000,9999.000,9999.000
202606021330,   3.162,9999.000,9999.000,9999.000,9999.000,9999.000,9999.000,9999.000,9999.000
202606021336,   3.228,9999.000,9999.000,9999.000,9999.000,9999.000,9999.000,9999.000,9999.000
202606021342,   3.289,9999.000,9999.000,9999.000,9999.000,9999.000,9999.000,9999.000,9999.000
202606021348,   3.346,9999.000,9999.000,9999.000,9999.000,9999.000,9999.000,9999.000,9999.000
202606021354,   3.398,9999.000,9999.000,9999.000,9999.000,9999.000,9999.000,9999.000,9999.000
202606021400,   3.447,9999.000,   0.700,  -0.079,   4.068,   0.500,   3.868,   0.800,   4.168
202606021406,   3.492,9999.000,9999.000,9999.000,9999.000,9999.000,9999.000,9999.000,9999.000
202606021412,   3.533,9999.000,9999.000,9999.000,9999.000,9999.000,9999.000,9999.000,9999.000
202606021418,   3.572,9999.000,9999.000,9999.000,9999.000,9999.000,9999.000,9999.000,9999.000
202606021424,   3.607,9999.000,9999.000,9999.000,9999.000,9999.000,9999.000,9999.000,9999.000
202606021430,   3.641,9999.000,9999.000,9999.000,9999.000,9999.000,9999.000,9999.000,9999.000
202606021436,   3.671,9999.000,9999.000,9999.000,9999.000,9999.000,9999.000,9999.000,9999.000
202606021442,   3.699,9999.000,9999.000,9999.000,9999.000,9999.000,9999.000,9999.000,9999.000
202606021448,   3.725,9999.000,9999.000,9999.000,9999.000,9999.000,9999.000,9999.000,9999.000
202606021454,   3.749,9999.000,9999.000,9999.000,9999.000,9999.000,9999.000,9999.000,9999.000
202606021500,   3.770,9999.000,   0.600,  -0.079,   4.291,   0.500,   4.191,   0.800,   4.491
202606021506,   3.789,9999.000,9999.000,9999.000,9999.000,9999.000,9999.000,9999.000,9999.000
202606021512,   3.805,9999.000,9999.000,9999.000,9999.000,9999.000,9999.000,9999.000,9999.000
202606021518,   3.818,9999.000,9999.000,9999.000,9999.000,9999.000,9999.000,9999.000,9999.000
202606021524,   3.829,9999.000,9999.000,9999.000,9999.000,9999.000,9999.000,9999.000,9999.000
202606021530,   3.836,9999.000,9999.000,9999.000,9999.000,9999.000,9999.000,9999.000,9999.000
202606021536,   3.840,9999.000,9999.000,9999.000,9999.000,9999.000,9999.000,9999.000,9999.000
202606021542,   3.840,9999.000,9999.000,9999.000,9999.000,9999.000,9999.000,9999.000,9999.000
202606021548,   3.836,9999.000,9999.000,9999.000,9999.000,9999.000,9999.000,9999.000,9999.000
202606021554,   3.828,9999.000,9999.000,9999.000,9999.000,9999.000,9999.000,9999.000,9999.000
202606021600,   3.816,9999.000,   0.600,  -0.079,   4.337,   0.500,   4.237,   0.700,   4.437
202606021606,   3.800,9999.000,9999.000,9999.000,9999.000,9999.000,9999.000,9999.000,9999.000
202606021612,   3.778,9999.000,9999.000,9999.000,9999.000,9999.000,9999.000,9999.000,9999.000
202606021618,   3.752,9999.000,9999.000,9999.000,9999.000,9999.000,9999.000,9999.000,9999.000
202606021624,   3.721,9999.000,9999.000,9999.000,9999.000,9999.000,9999.000,9999.000,9999.000
202606021630,   3.685,9999.000,9999.000,9999.000,9999.000,9999.000,9999.000,9999.000,9999.000
202606021636,   3.644,9999.000,9999.000,9999.000,9999.000,9999.000,9999.000,9999.000,9999.000
202606021642,   3.598,9999.000,9999.000,9999.000,9999.000,9999.000,9999.000,9999.000,9999.000
202606021648,   3.547,9999.000,9999.000,9999.000,9999.000,9999.000,9999.000,9999.000,9999.000
202606021654,   3.491,9999.000,9999.000,9999.000,9999.000,9999.000,9999.000,9999.000,9999.000
202606021700,   3.431,9999.000,   0.600,  -0.079,   3.952,   0.500,   3.852,   0.700,   4.052
202606021706,   3.366,9999.000,9999.000,9999.000,9999.000,9999.000,9999.000,9999.000,9999.000
202606021712,   3.298,9999.000,9999.000,9999.000,9999.000,9999.000,9999.000,9999.000,9999.000
202606021718,   3.225,9999.000,9999.000,9999.000,9999.000,9999.000,9999.000,9999.000,9999.000
202606021724,   3.149,9999.000,9999.000,9999.000,9999.000,9999.000,9999.000,9999.000,9999.000
202606021730,   3.069,9999.000,9999.000,9999.000,9999.000,9999.000,9999.000,9999.000,9999.000
202606021736,   2.987,9999.000,9999.000,9999.000,9999.000,9999.000,9999.000,9999.000,9999.000
202606021742,   2.901,9999.000,9999.000,9999.000,9999.000,9999.000,9999.000,9999.000,9999.000
202606021748,   2.814,9999.000,9999.000,9999.000,9999.000,9999.000,9999.000,9999.000,9999.000
202606021754,   2.725,9999.000,9999.000,9999.000,9999.000,9999.000,9999.000,9999.000,9999.000
202606021800,   2.634,9999.000,   0.600,  -0.079,   3.155,   0.500,   3.055,   0.700,   3.255
202606021806,   2.541,9999.000,9999.000,9999.000,9999.000,9999.000,9999.000,9999.000,9999.000
202606021812,   2.448,9999.000,9999.000,9999.000,9999.000,9999.000,9999.000,9999.000,9999.000
202606021818,   2.355,9999.000,9999.000,9999.000,9999.000,9999.000,9999.000,9999.000,9999.000
202606021824,   2.261,9999.000,9999.000,9999.000,9999.000,9999.000,9999.000,9999.000,9999.000
202606021830,   2.167,9999.000,9999.000,9999.000,9999.000,9999.000,9999.000,9999.000,9999.000
202606021836,   2.074,9999.000,9999.000,9999.000,9999.000,9999.000,9999.000,9999.000,9999.000
202606021842,   1.982,9999.000,9999.000,9999.000,9999.000,9999.000,9999.000,9999.000,9999.000
202606021848,   1.891,9999.000,9999.000,9999.000,9999.000,9999.000,9999.000,9999.000,9999.000
202606021854,   1.801,9999.000,9999.000,9999.000,9999.000,9999.000,9999.000,9999.000,9999.000
202606021900,   1.712,9999.000,   0.600,  -0.079,   2.233,   0.500,   2.133,   0.700,   2.333
202606021906,   1.626,9999.000,9999.000,9999.000,9999.000,9999.000,9999.000,9999.000,9999.000
202606021912,   1.542,9999.000,9999.000,9999.000,9999.000,9999.000,9999.000,9999.000,9999.000
202606021918,   1.460,9999.000,9999.000,9999.000,9999.000,9999.000,9999.000,9999.000,9999.000
202606021924,   1.380,9999.000,9999.000,9999.000,9999.000,9999.000,9999.000,9999.000,9999.000
202606021930,   1.303,9999.000,9999.000,9999.000,9999.000,9999.000,9999.000,9999.000,9999.000
202606021936,   1.229,9999.000,9999.000,9999.000,9999.000,9999.000,9999.000,9999.000,9999.000
202606021942,   1.157,9999.000,9999.000,9999.000,9999.000,9999.000,9999.000,9999.000,9999.000
202606021948,   1.088,9999.000,9999.000,9999.000,9999.000,9999.000,9999.000,9999.000,9999.000
202606021954,   1.022,9999.000,9999.000,9999.000,9999.000,9999.000,9999.000,9999.000,9999.000
202606022000,   0.959,9999.000,   0.600,  -0.079,   1.480,   0.500,   1.380,   0.700,   1.580
202606022006,   0.899,9999.000,9999.000,9999.000,9999.000,9999.000,9999.000,9999.000,9999.000
202606022012,   0.842,9999.000,9999.000,9999.000,9999.000,9999.000,9999.000,9999.000,9999.000
202606022018,   0.788,9999.000,9999.000,9999.000,9999.000,9999.000,9999.000,9999.000,9999.000
202606022024,   0.737,9999.000,9999.000,9999.000,9999.000,9999.000,9999.000,9999.000,9999.000
202606022030,   0.689,9999.000,9999.000,9999.000,9999.000,9999.000,9999.000,9999.000,9999.000
202606022036,   0.644,9999.000,9999.000,9999.000,9999.000,9999.000,9999.000,9999.000,9999.000
202606022042,   0.601,9999.000,9999.000,9999.000,9999.000,9999.000,9999.000,9999.000,9999.000
202606022048,   0.562,9999.000,9999.000,9999.000,9999.000,9999.000,9999.000,9999.000,9999.000
202606022054,   0.525,9999.000,9999.000,9999.000,9999.000,9999.000,9999.000,9999.000,9999.000
202606022100,   0.492,9999.000,   0.600,  -0.079,   1.013,   0.500,   0.913,   0.700,   1.113
202606022106,   0.461,9999.000,9999.000,9999.000,9999.000,9999.000,9999.000,9999.000,9999.000
202606022112,   0.434,9999.000,9999.000,9999.000,9999.000,9999.000,9999.000,9999.000,9999.000
202606022118,   0.410,9999.000,9999.000,9999.000,9999.000,9999.000,9999.000,9999.000,9999.000
202606022124,   0.390,9999.000,9999.000,9999.000,9999.000,9999.000,9999.000,9999.000,9999.000
202606022130,   0.374,9999.000,9999.000,9999.000,9999.000,9999.000,9999.000,9999.000,9999.000
202606022136,   0.362,9999.000,9999.000,9999.000,9999.000,9999.000,9999.000,9999.000,9999.000
202606022142,   0.354,9999.000,9999.000,9999.000,9999.000,9999.000,9999.000,9999.000,9999.000
202606022148,   0.351,9999.000,9999.000,9999.000,9999.000,9999.000,9999.000,9999.000,9999.000
202606022154,   0.352,9999.000,9999.000,9999.000,9999.000,9999.000,9999.000,9999.000,9999.000
202606022200,   0.360,9999.000,   0.600,  -0.079,   0.881,   0.500,   0.781,   0.700,   0.981
202606022206,   0.373,9999.000,9999.000,9999.000,9999.000,9999.000,9999.000,9999.000,9999.000
202606022212,   0.392,9999.000,9999.000,9999.000,9999.000,9999.000,9999.000,9999.000,9999.000
202606022218,   0.418,9999.000,9999.000,9999.000,9999.000,9999.000,9999.000,9999.000,9999.000
202606022224,   0.451,9999.000,9999.000,9999.000,9999.000,9999.000,9999.000,9999.000,9999.000
202606022230,   0.491,9999.000,9999.000,9999.000,9999.000,9999.000,9999.000,9999.000,9999.000
202606022236,   0.538,9999.000,9999.000,9999.000,9999.000,9999.000,9999.000,9999.000,9999.000
202606022242,   0.593,9999.000,9999.000,9999.000,9999.000,9999.000,9999.000,9999.000,9999.000
202606022248,   0.657,9999.000,9999.000,9999.000,9999.000,9999.000,9999.000,9999.000,9999.000
202606022254,   0.728,9999.000,9999.000,9999.000,9999.000,9999.000,9999.000,9999.000,9999.000
202606022300,   0.807,9999.000,   0.600,  -0.079,   1.328,   0.400,   1.128,   0.700,   1.428
202606022306,   0.894,9999.000,9999.000,9999.000,9999.000,9999.000,9999.000,9999.000,9999.000
202606022312,   0.989,9999.000,9999.000,9999.000,9999.000,9999.000,9999.000,9999.000,9999.000
202606022318,   1.091,9999.000,9999.000,9999.000,9999.000,9999.000,9999.000,9999.000,9999.000
202606022324,   1.201,9999.000,9999.000,9999.000,9999.000,9999.000,9999.000,9999.000,9999.000
202606022330,   1.318,9999.000,9999.000,9999.000,9999.000,9999.000,9999.000,9999.000,9999.000
202606022336,   1.440,9999.000,9999.000,9999.000,9999.000,9999.000,9999.000,9999.000,9999.000
202606022342,   1.568,9999.000,9999.000,9999.000,9999.000,9999.000,9999.000,9999.000,9999.000
202606022348,   1.701,9999.000,9999.000,9999.000,9999.000,9999.000,9999.000,9999.000,9999.000
202606022354,   1.839,9999.000,9999.000,9999.000,9999.000,9999.000,9999.000,9999.000,9999.000
202606030000,   1.979,9999.000,   0.600,  -0.079,   2.500,   0.400,   2.300,   0.700,   2.600
202606030006,   2.122,9999.000,9999.000,9999.000,9999.000,9999.000,9999.000,9999.000,9999.000
202606030012,   2.266,9999.000,9999.000,9999.000,9999.000,9999.000,9999.000,9999.000,9999.000
202606030018,   2.410,9999.000,9999.000,9999.000,9999.000,9999.000,9999.000,9999.000,9999.000
202606030024,   2.555,9999.000,9999.000,9999.000,9999.000,9999.000,9999.000,9999.000,9999.000
202606030030,   2.697,9999.000,9999.000,9999.000,9999.000,9999.000,9999.000,9999.000,9999.000
202606030036,   2.838,9999.000,9999.000,9999.000,9999.000,9999.000,9999.000,9999.000,9999.000
202606030042,   2.976,9999.000,9999.000,9999.000,9999.000,9999.000,9999.000,9999.000,9999.000
202606030048,   3.109,9999.000,9999.000,9999.000,9999.000,9999.000,9999.000,9999.000,9999.000
202606030054,   3.239,9999.000,9999.000,9999.000,9999.000,9999.000,9999.000,9999.000,9999.000
202606030100,   3.363,9999.000,   0.600,  -0.079,   3.884,   0.400,   3.684,   0.700,   3.984
202606030106,   3.481,9999.000,9999.000,9999.000,9999.000,9999.000,9999.000,9999.000,9999.000
202606030112,   3.593,9999.000,9999.000,9999.000,9999.000,9999.000,9999.000,9999.000,9999.000
202606030118,   3.699,9999.000,9999.000,9999.000,9999.000,9999.000,9999.000,9999.000,9999.000
202606030124,   3.798,9999.000,9999.000,9999.000,9999.000,9999.000,9999.000,9999.000,9999.000
202606030130,   3.890,9999.000,9999.000,9999.000,9999.000,9999.000,9999.000,9999.000,9999.000
202606030136,   3.976,9999.000,9999.000,9999.000,9999.000,9999.000,9999.000,9999.000,9999.000
202606030142,   4.055,9999.000,9999.000,9999.000,9999.000,9999.000,9999.000,9999.000,9999.000
202606030148,   4.127,9999.000,9999.000,9999.000,9999.000,9999.000,9999.000,9999.000,9999.000
202606030154,   4.192,9999.000,9999.000,9999.000,9999.000,9999.000,9999.000,9999.000,9999.000
202606030200,   4.252,9999.000,   0.600,  -0.079,   4.773,   0.400,   4.573,   0.700,   4.873
202606030206,   4.306,9999.000,9999.000,9999.000,9999.000,9999.000,9999.000,9999.000,9999.000
202606030212,   4.354,9999.000,9999.000,9999.000,9999.000,9999.000,9999.000,9999.000,9999.000
202606030218,   4.398,9999.000,9999.000,9999.000,9999.000,9999.000,9999.000,9999.000,9999.000
202606030224,   4.437,9999.000,9999.000,9999.000,9999.000,9999.000,9999.000,9999.000,9999.000
202606030230,   4.472,9999.000,9999.000,9999.000,9999.000,9999.000,9999.000,9999.000,9999.000
202606030236,   4.503,9999.000,9999.000,9999.000,9999.000,9999.000,9999.000,9999.000,9999.000
202606030242,   4.531,9999.000,9999.000,9999.000,9999.000,9999.000,9999.000,9999.000,9999.000
202606030248,   4.556,9999.000,9999.000,9999.000,9999.000,9999.000,9999.000,9999.000,9999.000
202606030254,   4.578,9999.000,9999.000,9999.000,9999.000,9999.000,9999.000,9999.000,9999.000
202606030300,   4.598,9999.000,   0.600,  -0.079,   5.119,   0.400,   4.919,   0.700,   5.219
202606030306,   4.616,9999.000,9999.000,9999.000,9999.000,9999.000,9999.000,9999.000,9999.000
202606030312,   4.632,9999.000,9999.000,9999.000,9999.000,9999.000,9999.000,9999.000,9999.000
202606030318,   4.646,9999.000,9999.000,9999.000,9999.000,9999.000,9999.000,9999.000,9999.000
202606030324,   4.658,9999.000,9999.000,9999.000,9999.000,9999.000,9999.000,9999.000,9999.000
202606030330,   4.668,9999.000,9999.000,9999.000,9999.000,9999.000,9999.000,9999.000,9999.000
202606030336,   4.676,9999.000,9999.000,9999.000,9999.000,9999.000,9999.000,9999.000,9999.000
202606030342,   4.682,9999.000,9999.000,9999.000,9999.000,9999.000,9999.000,9999.000,9999.000
202606030348,   4.686,9999.000,9999.000,9999.000,9999.000,9999.000,9999.000,9999.000,9999.000
202606030354,   4.687,9999.000,9999.000,9999.000,9999.000,9999.000,9999.000,9999.000,9999.000
202606030400,   4.686,9999.000,   0.600,  -0.079,   5.207,   0.400,   5.007,   0.700,   5.307
202606030406,   4.682,9999.000,9999.000,9999.000,9999.000,9999.000,9999.000,9999.000,9999.000
202606030412,   4.675,9999.000,9999.000,9999.000,9999.000,9999.000,9999.000,9999.000,9999.000
202606030418,   4.665,9999.000,9999.000,9999.000,9999.000,9999.000,9999.000,9999.000,9999.000
202606030424,   4.651,9999.000,9999.000,9999.000,9999.000,9999.000,9999.000,9999.000,9999.000
202606030430,   4.634,9999.000,9999.000,9999.000,9999.000,9999.000,9999.000,9999.000,9999.000
202606030436,   4.612,9999.000,9999.000,9999.000,9999.000,9999.000,9999.000,9999.000,9999.000
202606030442,   4.587,9999.000,9999.000,9999.000,9999.000,9999.000,9999.000,9999.000,9999.000
202606030448,   4.557,9999.000,9999.000,9999.000,9999.000,9999.000,9999.000,9999.000,9999.000
202606030454,   4.523,9999.000,9999.000,9999.000,9999.000,9999.000,9999.000,9999.000,9999.000
202606030500,   4.484,9999.000,   0.600,  -0.079,   5.005,   0.400,   4.805,   0.700,   5.105
202606030506,   4.441,9999.000,9999.000,9999.000,9999.000,9999.000,9999.000,9999.000,9999.000
202606030512,   4.394,9999.000,9999.000,9999.000,9999.000,9999.000,9999.000,9999.000,9999.000
202606030518,   4.342,9999.000,9999.000,9999.000,9999.000,9999.000,9999.000,9999.000,9999.000
202606030524,   4.286,9999.000,9999.000,9999.000,9999.000,9999.000,9999.000,9999.000,9999.000
202606030530,   4.225,9999.000,9999.000,9999.000,9999.000,9999.000,9999.000,9999.000,9999.000
202606030536,   4.161,9999.000,9999.000,9999.000,9999.000,9999.000,9999.000,9999.000,9999.000
202606030542,   4.093,9999.000,9999.000,9999.000,9999.000,9999.000,9999.000,9999.000,9999.000
202606030548,   4.021,9999.000,9999.000,9999.000,9999.000,9999.000,9999.000,9999.000,9999.000
202606030554,   3.945,9999.000,9999.000,9999.000,9999.000,9999.000,9999.000,9999.000,9999.000
202606030600,   3.867,9999.000,   0.600,  -0.079,   4.388,   0.400,   4.188,   0.700,   4.488
202606030606,   3.785,9999.000,9999.000,9999.000,9999.000,9999.000,9999.000,9999.000,9999.000
202606030612,   3.700,9999.000,9999.000,9999.000,9999.000,9999.000,9999.000,9999.000,9999.000
202606030618,   3.614,9999.000,9999.000,9999.000,9999.000,9999.000,9999.000,9999.000,9999.000
202606030624,   3.525,9999.000,9999.000,9999.000,9999.000,9999.000,9999.000,9999.000,9999.000
202606030630,   3.434,9999.000,9999.000,9999.000,9999.000,9999.000,9999.000,9999.000,9999.000
202606030636,   3.341,9999.000,9999.000,9999.000,9999.000,9999.000,9999.000,9999.000,9999.000
202606030642,   3.247,9999.000,9999.000,9999.000,9999.000,9999.000,9999.000,9999.000,9999.000
202606030648,   3.152,9999.000,9999.000,9999.000,9999.000,9999.000,9999.000,9999.000,9999.000
202606030654,   3.056,9999.000,9999.000,9999.000,9999.000,9999.000,9999.000,9999.000,9999.000
202606030700,   2.960,9999.000,   0.600,  -0.079,   3.481,   0.400,   3.281,   0.700,   3.581
202606030706,   2.863,9999.000,9999.000,9999.000,9999.000,9999.000,9999.000,9999.000,9999.000
202606030712,   2.767,9999.000,9999.000,9999.000,9999.000,9999.000,9999.000,9999.000,9999.000
202606030718,   2.670,9999.000,9999.000,9999.000,9999.000,9999.000,9999.000,9999.000,9999.000
202606030724,   2.574,9999.000,9999.000,9999.000,9999.000,9999.000,9999.000,9999.000,9999.000
202606030730,   2.478,9999.000,9999.000,9999.000,9999.000,9999.000,9999.000,9999.000,9999.000
202606030736,   2.383,9999.000,9999.000,9999.000,9999.000,9999.000,9999.000,9999.000,9999.000
202606030742,   2.289,9999.000,9999.000,9999.000,9999.000,9999.000,9999.000,9999.000,9999.000
202606030748,   2.196,9999.000,9999.000,9999.000,9999.000,9999.000,9999.000,9999.000,9999.000
202606030754,   2.104,9999.000,9999.000,9999.000,9999.000,9999.000,9999.000,9999.000,9999.000
202606030800,   2.013,9999.000,   0.600,  -0.079,   2.534,   0.400,   2.334,   0.700,   2.634
202606030806,   1.924,9999.000,9999.000,9999.000,9999.000,9999.000,9999.000,9999.000,9999.000
202606030812,   1.836,9999.000,9999.000,9999.000,9999.000,9999.000,9999.000,9999.000,9999.000
202606030818,   1.750,9999.000,9999.000,9999.000,9999.000,9999.000,9999.000,9999.000,9999.000
202606030824,   1.665,9999.000,9999.000,9999.000,9999.000,9999.000,9999.000,9999.000,9999.000
202606030830,   1.582,9999.000,9999.000,9999.000,9999.000,9999.000,9999.000,9999.000,9999.000
202606030836,   1.500,9999.000,9999.000,9999.000,9999.000,9999.000,9999.000,9999.000,9999.000
202606030842,   1.421,9999.000,9999.000,9999.000,9999.000,9999.000,9999.000,9999.000,9999.000
202606030848,   1.343,9999.000,9999.000,9999.000,9999.000,9999.000,9999.000,9999.000,9999.000
202606030854,   1.266,9999.000,9999.000,9999.000,9999.000,9999.000,9999.000,9999.000,9999.000
202606030900,   1.192,9999.000,   0.600,  -0.079,   1.713,   0.400,   1.513,   0.700,   1.813
202606030906,   1.119,9999.000,9999.000,9999.000,9999.000,9999.000,9999.000,9999.000,9999.000
202606030912,   1.049,9999.000,9999.000,9999.000,9999.000,9999.000,9999.000,9999.000,9999.000
202606030918,   0.980,9999.000,9999.000,9999.000,9999.000,9999.000,9999.000,9999.000,9999.000
202606030924,   0.914,9999.000,9999.000,9999.000,9999.000,9999.000,9999.000,9999.000,9999.000
202606030930,   0.850,9999.000,9999.000,9999.000,9999.000,9999.000,9999.000,9999.000,9999.000
202606030936,   0.788,9999.000,9999.000,9999.000,9999.000,9999.000,9999.000,9999.000,9999.000
202606030942,   0.730,9999.000,9999.000,9999.000,9999.000,9999.000,9999.000,9999.000,9999.000
202606030948,   0.674,9999.000,9999.000,9999.000,9999.000,9999.000,9999.000,9999.000,9999.000
202606030954,   0.622,9999.000,9999.000,9999.000,9999.000,9999.000,9999.000,9999.000,9999.000
202606031000,   0.573,9999.000,   0.600,  -0.079,   1.094,   0.400,   0.894,   0.800,   1.294
202606031006,   0.529,9999.000,9999.000,9999.000,9999.000,9999.000,9999.000,9999.000,9999.000
202606031012,   0.488,9999.000,9999.000,9999.000,9999.000,9999.000,9999.000,9999.000,9999.000
202606031018,   0.453,9999.000,9999.000,9999.000,9999.000,9999.000,9999.000,9999.000,9999.000
202606031024,   0.423,9999.000,9999.000,9999.000,9999.000,9999.000,9999.000,9999.000,9999.000
202606031030,   0.399,9999.000,9999.000,9999.000,9999.000,9999.000,9999.000,9999.000,9999.000
202606031036,   0.381,9999.000,9999.000,9999.000,9999.000,9999.000,9999.000,9999.000,9999.000
202606031042,   0.370,9999.000,9999.000,9999.000,9999.000,9999.000,9999.000,9999.000,9999.000
202606031048,   0.366,9999.000,9999.000,9999.000,9999.000,9999.000,9999.000,9999.000,9999.000
202606031054,   0.370,9999.000,9999.000,9999.000,9999.000,9999.000,9999.000,9999.000,9999.000
202606031100,   0.381,9999.000,   0.600,  -0.079,   0.902,   0.400,   0.702,   0.800,   1.102
202606031106,   0.401,9999.000,9999.000,9999.000,9999.000,9999.000,9999.000,9999.000,9999.000
202606031112,   0.429,9999.000,9999.000,9999.000,9999.000,9999.000,9999.000,9999.000,9999.000
202606031118,   0.465,9999.000,9999.000,9999.000,9999.000,9999.000,9999.000,9999.000,9999.000
202606031124,   0.510,9999.000,9999.000,9999.000,9999.000,9999.000,9999.000,9999.000,9999.000
202606031130,   0.564,9999.000,9999.000,9999.000,9999.000,9999.000,9999.000,9999.000,9999.000
202606031136,   0.627,9999.000,9999.000,9999.000,9999.000,9999.000,9999.000,9999.000,9999.000
202606031142,   0.697,9999.000,9999.000,9999.000,9999.000,9999.000,9999.000,9999.000,9999.000
202606031148,   0.776,9999.000,9999.000,9999.000,9999.000,9999.000,9999.000,9999.000,9999.000
202606031154,   0.863,9999.000,9999.000,9999.000,9999.000,9999.000,9999.000,9999.000,9999.000
202606031200,   0.956,9999.000,   0.600,  -0.079,   1.477,   0.400,   1.277,   0.800,   1.677
202606031206,   1.056,9999.000,9999.000,9999.000,9999.000,9999.000,9999.000,9999.000,9999.000
202606031212,   1.162,9999.000,9999.000,9999.000,9999.000,9999.000,9999.000,9999.000,9999.000
202606031218,   1.274,9999.000,9999.000,9999.000,9999.000,9999.000,9999.000,9999.000,9999.000
202606031224,   1.389,9999.000,9999.000,9999.000,9999.000,9999.000,9999.000,9999.000,9999.000
202606031230,   1.508,9999.000,9999.000,9999.000,9999.000,9999.000,9999.000,9999.000,9999.000
202606031236,   1.629,9999.000,9999.000,9999.000,9999.000,9999.000,9999.000,9999.000,9999.000
202606031242,   1.752,9999.000,9999.000,9999.000,9999.000,9999.000,9999.000,9999.000,9999.000
202606031248,   1.876,9999.000,9999.000,9999.000,9999.000,9999.000,9999.000,9999.000,9999.000
202606031254,   2.000,9999.000,9999.000,9999.000,9999.000,9999.000,9999.000,9999.000,9999.000
202606031300,   2.122,9999.000,   0.600,  -0.079,   2.643,   0.400,   2.443,   0.800,   2.843
202606031306,   2.243,9999.000,9999.000,9999.000,9999.000,9999.000,9999.000,9999.000,9999.000
202606031312,   2.361,9999.000,9999.000,9999.000,9999.000,9999.000,9999.000,9999.000,9999.000
202606031318,   2.475,9999.000,9999.000,9999.000,9999.000,9999.000,9999.000,9999.000,9999.000
202606031324,   2.585,9999.000,9999.000,9999.000,9999.000,9999.000,9999.000,9999.000,9999.000
202606031330,   2.691,9999.000,9999.000,9999.000,9999.000,9999.000,9999.000,9999.000,9999.000
202606031336,   2.791,9999.000,9999.000,9999.000,9999.000,9999.000,9999.000,9999.000,9999.000
202606031342,   2.886,9999.000,9999.000,9999.000,9999.000,9999.000,9999.000,9999.000,9999.000
202606031348,   2.975,9999.000,9999.000,9999.000,9999.000,9999.000,9999.000,9999.000,9999.000
202606031354,   3.059,9999.000,9999.000,9999.000,9999.000,9999.000,9999.000,9999.000,9999.000
202606031400,   3.136,9999.000,   0.600,  -0.079,   3.657,   0.500,   3.557,   0.800,   3.857
202606031406,   3.207,9999.000,9999.000,9999.000,9999.000,9999.000,9999.000,9999.000,9999.000
202606031412,   3.273,9999.000,9999.000,9999.000,9999.000,9999.000,9999.000,9999.000,9999.000
202606031418,   3.332,9999.000,9999.000,9999.000,9999.000,9999.000,9999.000,9999.000,9999.000
202606031424,   3.386,9999.000,9999.000,9999.000,9999.000,9999.000,9999.000,9999.000,9999.000
202606031430,   3.436,9999.000,9999.000,9999.000,9999.000,9999.000,9999.000,9999.000,9999.000
202606031436,   3.480,9999.000,9999.000,9999.000,9999.000,9999.000,9999.000,9999.000,9999.000
202606031442,   3.520,9999.000,9999.000,9999.000,9999.000,9999.000,9999.000,9999.000,9999.000
202606031448,   3.555,9999.000,9999.000,9999.000,9999.000,9999.000,9999.000,9999.000,9999.000
202606031454,   3.587,9999.000,9999.000,9999.000,9999.000,9999.000,9999.000,9999.000,9999.000
202606031500,   3.616,9999.000,   0.600,  -0.079,   4.137,   0.500,   4.037,   0.800,   4.337
202606031506,   3.641,9999.000,9999.000,9999.000,9999.000,9999.000,9999.000,9999.000,9999.000
202606031512,   3.664,9999.000,9999.000,9999.000,9999.000,9999.000,9999.000,9999.000,9999.000
202606031518,   3.685,9999.000,9999.000,9999.000,9999.000,9999.000,9999.000,9999.000,9999.000
202606031524,   3.703,9999.000,9999.000,9999.000,9999.000,9999.000,9999.000,9999.000,9999.000
202606031530,   3.719,9999.000,9999.000,9999.000,9999.000,9999.000,9999.000,9999.000,9999.000
202606031536,   3.734,9999.000,9999.000,9999.000,9999.000,9999.000,9999.000,9999.000,9999.000
202606031542,   3.746,9999.000,9999.000,9999.000,9999.000,9999.000,9999.000,9999.000,9999.000
202606031548,   3.757,9999.000,9999.000,9999.000,9999.000,9999.000,9999.000,9999.000,9999.000
202606031554,   3.765,9999.000,9999.000,9999.000,9999.000,9999.000,9999.000,9999.000,9999.000
202606031600,   3.772,9999.000,   0.600,  -0.079,   4.293,   0.500,   4.193,   0.800,   4.493
202606031606,   3.777,9999.000,9999.000,9999.000,9999.000,9999.000,9999.000,9999.000,9999.000
202606031612,   3.779,9999.000,9999.000,9999.000,9999.000,9999.000,9999.000,9999.000,9999.000
202606031618,   3.779,9999.000,9999.000,9999.000,9999.000,9999.000,9999.000,9999.000,9999.000
202606031624,   3.775,9999.000,9999.000,9999.000,9999.000,9999.000,9999.000,9999.000,9999.000
202606031630,   3.769,9999.000,9999.000,9999.000,9999.000,9999.000,9999.000,9999.000,9999.000
202606031636,   3.760,9999.000,9999.000,9999.000,9999.000,9999.000,9999.000,9999.000,9999.000
202606031642,   3.747,9999.000,9999.000,9999.000,9999.000,9999.000,9999.000,9999.000,9999.000
202606031648,   3.731,9999.000,9999.000,9999.000,9999.000,9999.000,9999.000,9999.000,9999.000
202606031654,   3.710,9999.000,9999.000,9999.000,9999.000,9999.000,9999.000,9999.000,9999.000
202606031700,   3.685,9999.000,   0.600,  -0.079,   4.206,   0.500,   4.106,   0.800,   4.406
202606031706,   3.656,9999.000,9999.000,9999.000,9999.000,9999.000,9999.000,9999.000,9999.000
202606031712,   3.622,9999.000,9999.000,9999.000,9999.000,9999.000,9999.000,9999.000,9999.000
202606031718,   3.584,9999.000,9999.000,9999.000,9999.000,9999.000,9999.000,9999.000,9999.000
202606031724,   3.541,9999.000,9999.000,9999.000,9999.000,9999.000,9999.000,9999.000,9999.000
202606031730,   3.494,9999.000,9999.000,9999.000,9999.000,9999.000,9999.000,9999.000,9999.000
202606031736,   3.442,9999.000,9999.000,9999.000,9999.000,9999.000,9999.000,9999.000,9999.000
202606031742,   3.386,9999.000,9999.000,9999.000,9999.000,9999.000,9999.000,9999.000,9999.000
202606031748,   3.325,9999.000,9999.000,9999.000,9999.000,9999.000,9999.000,9999.000,9999.000
202606031754,   3.260,9999.000,9999.000,9999.000,9999.000,9999.000,9999.000,9999.000,9999.000
202606031800,   3.191,9999.000,   0.600,  -0.079,   3.712,   0.500,   3.612,   0.800,   3.912
