        TIME,    TIDE,      OB,   SURGE,    BIAS,     TWL,SURGE90p,  TWL90p,SURGE10p,   TWL10p
202604131800,   1.599,9999.000,   0.300,9999.000,   1.899,   0.300,   1.899,   0.400,   1.999
202604131806,   1.563,9999.000,9999.000,9999.000,9999.000,9999.000,9999.000,9999.000,9999.000
202604131812,   1.527,9999.000,9999.000,9999.000,9999.000,9999.000,9999.000,9999.000,9999.000
202604131818,   1.490,9999.000,9999.000,9999.000,9999.000,9999.000,9999.000,9999.000,9999.000
202604131824,   1.454,9999.000,9999.000,9999.000,9999.000,9999.000,9999.000,9999.000,9999.000
202604131830,   1.418,9999.000,9999.000,9999.000,9999.000,9999.000,9999.000,9999.000,9999.000
202604131836,   1.383,9999.000,9999.000,9999.000,9999.000,9999.000,9999.000,9999.000,9999.000
202604131842,   1.348,9999.000,9999.000,9999.000,9999.000,9999.000,9999.000,9999.000,9999.000
202604131848,   1.314,9999.000,9999.000,9999.000,9999.000,9999.000,9999.000,9999.000,9999.000
202604131854,   1.280,   1.561,9999.000,9999.000,9999.000,9999.000,9999.000,9999.000,9999.000
202604131900,   1.247,   1.561,   0.400,  -0.086,   1.561,   0.300,   1.461,   0.400,   1.561
202604131906,   1.215,9999.000,9999.000,9999.000,9999.000,9999.000,9999.000,9999.000,9999.000
202604131912,   1.184,9999.000,9999.000,9999.000,9999.000,9999.000,9999.000,9999.000,9999.000
202604131918,   1.154,9999.000,9999.000,9999.000,9999.000,9999.000,9999.000,9999.000,9999.000
202604131924,   1.126,   1.420,9999.000,9999.000,9999.000,9999.000,9999.000,9999.000,9999.000
202604131930,   1.100,9999.000,9999.000,9999.000,9999.000,9999.000,9999.000,9999.000,9999.000
202604131936,   1.075,9999.000,9999.000,9999.000,9999.000,9999.000,9999.000,9999.000,9999.000
202604131942,   1.052,9999.000,9999.000,9999.000,9999.000,9999.000,9999.000,9999.000,9999.000
202604131948,   1.030,9999.000,9999.000,9999.000,9999.000,9999.000,9999.000,9999.000,9999.000
202604131954,   1.012,   1.305,9999.000,9999.000,9999.000,9999.000,9999.000,9999.000,9999.000
202604132000,   0.995,   1.305,   0.400,  -0.090,   1.305,   0.400,   1.305,   0.500,   1.405
202604132006,   0.981,9999.000,9999.000,9999.000,9999.000,9999.000,9999.000,9999.000,9999.000
202604132012,   0.969,9999.000,9999.000,9999.000,9999.000,9999.000,9999.000,9999.000,9999.000
202604132018,   0.960,9999.000,9999.000,9999.000,9999.000,9999.000,9999.000,9999.000,9999.000
202604132024,   0.954,   1.262,9999.000,9999.000,9999.000,9999.000,9999.000,9999.000,9999.000
202604132030,   0.951,9999.000,9999.000,9999.000,9999.000,9999.000,9999.000,9999.000,9999.000
202604132036,   0.950,9999.000,9999.000,9999.000,9999.000,9999.000,9999.000,9999.000,9999.000
202604132042,   0.953,9999.000,9999.000,9999.000,9999.000,9999.000,9999.000,9999.000,9999.000
202604132048,   0.959,9999.000,9999.000,9999.000,9999.000,9999.000,9999.000,9999.000,9999.000
202604132054,   0.967,   1.266,9999.000,9999.000,9999.000,9999.000,9999.000,9999.000,9999.000
202604132100,   0.978,   1.266,   0.400,  -0.112,   1.266,   0.400,   1.266,   0.500,   1.366
202604132106,   0.993,9999.000,9999.000,9999.000,9999.000,9999.000,9999.000,9999.000,9999.000
202604132112,   1.010,9999.000,9999.000,9999.000,9999.000,9999.000,9999.000,9999.000,9999.000
202604132118,   1.030,9999.000,9999.000,9999.000,9999.000,9999.000,9999.000,9999.000,9999.000
202604132124,   1.052,   1.328,9999.000,9999.000,9999.000,9999.000,9999.000,9999.000,9999.000
202604132130,   1.077,9999.000,9999.000,9999.000,9999.000,9999.000,9999.000,9999.000,9999.000
202604132136,   1.105,9999.000,9999.000,9999.000,9999.000,9999.000,9999.000,9999.000,9999.000
202604132142,   1.135,9999.000,9999.000,9999.000,9999.000,9999.000,9999.000,9999.000,9999.000
202604132148,   1.166,9999.000,9999.000,9999.000,9999.000,9999.000,9999.000,9999.000,9999.000
202604132154,   1.200,   1.446,9999.000,9999.000,9999.000,9999.000,9999.000,9999.000,9999.000
202604132200,   1.235,   1.446,   0.500,  -0.289,   1.446,   0.400,   1.346,   0.500,   1.446
202604132206,   1.272,9999.000,9999.000,9999.000,9999.000,9999.000,9999.000,9999.000,9999.000
202604132212,   1.310,9999.000,9999.000,9999.000,9999.000,9999.000,9999.000,9999.000,9999.000
202604132218,   1.350,9999.000,9999.000,9999.000,9999.000,9999.000,9999.000,9999.000,9999.000
202604132224,   1.390,   1.666,9999.000,9999.000,9999.000,9999.000,9999.000,9999.000,9999.000
202604132230,   1.431,9999.000,9999.000,9999.000,9999.000,9999.000,9999.000,9999.000,9999.000
202604132236,   1.473,9999.000,9999.000,9999.000,9999.000,9999.000,9999.000,9999.000,9999.000
202604132242,   1.515,9999.000,9999.000,9999.000,9999.000,9999.000,9999.000,9999.000,9999.000
202604132248,   1.557,9999.000,9999.000,9999.000,9999.000,9999.000,9999.000,9999.000,9999.000
202604132254,   1.599,   1.843,9999.000,9999.000,9999.000,9999.000,9999.000,9999.000,9999.000
202604132300,   1.641,   1.843,   0.500,  -0.298,   1.843,   0.400,   1.743,   0.600,   1.943
202604132306,   1.683,9999.000,9999.000,9999.000,9999.000,9999.000,9999.000,9999.000,9999.000
202604132312,   1.725,9999.000,9999.000,9999.000,9999.000,9999.000,9999.000,9999.000,9999.000
202604132318,   1.766,9999.000,9999.000,9999.000,9999.000,9999.000,9999.000,9999.000,9999.000
202604132324,   1.807,   2.099,9999.000,9999.000,9999.000,9999.000,9999.000,9999.000,9999.000
202604132330,   1.847,9999.000,9999.000,9999.000,9999.000,9999.000,9999.000,9999.000,9999.000
202604132336,   1.887,9999.000,9999.000,9999.000,9999.000,9999.000,9999.000,9999.000,9999.000
202604132342,   1.926,9999.000,9999.000,9999.000,9999.000,9999.000,9999.000,9999.000,9999.000
202604132348,   1.964,9999.000,9999.000,9999.000,9999.000,9999.000,9999.000,9999.000,9999.000
202604132354,   2.001,   2.289,9999.000,9999.000,9999.000,9999.000,9999.000,9999.000,9999.000
202604140000,   2.037,   2.289,   0.400,  -0.148,   2.289,   0.400,   2.289,   0.500,   2.389
202604140006,   2.073,9999.000,9999.000,9999.000,9999.000,9999.000,9999.000,9999.000,9999.000
202604140012,   2.108,9999.000,9999.000,9999.000,9999.000,9999.000,9999.000,9999.000,9999.000
202604140018,   2.142,9999.000,9999.000,9999.000,9999.000,9999.000,9999.000,9999.000,9999.000
202604140024,   2.176,   2.512,9999.000,9999.000,9999.000,9999.000,9999.000,9999.000,9999.000
202604140030,   2.208,9999.000,9999.000,9999.000,9999.000,9999.000,9999.000,9999.000,9999.000
202604140036,   2.240,9999.000,9999.000,9999.000,9999.000,9999.000,9999.000,9999.000,9999.000
202604140042,   2.270,9999.000,9999.000,9999.000,9999.000,9999.000,9999.000,9999.000,9999.000
202604140048,   2.300,9999.000,9999.000,9999.000,9999.000,9999.000,9999.000,9999.000,9999.000
202604140054,   2.329,   2.683,9999.000,9999.000,9999.000,9999.000,9999.000,9999.000,9999.000
202604140100,   2.357,   2.683,   0.400,  -0.074,   2.683,   0.400,   2.683,   0.500,   2.783
202604140106,   2.384,9999.000,9999.000,9999.000,9999.000,9999.000,9999.000,9999.000,9999.000
202604140112,   2.410,9999.000,9999.000,9999.000,9999.000,9999.000,9999.000,9999.000,9999.000
202604140118,   2.435,9999.000,9999.000,9999.000,9999.000,9999.000,9999.000,9999.000,9999.000
202604140124,   2.459,   2.843,9999.000,9999.000,9999.000,9999.000,9999.000,9999.000,9999.000
202604140130,   2.482,9999.000,9999.000,9999.000,9999.000,9999.000,9999.000,9999.000,9999.000
202604140136,   2.503,9999.000,9999.000,9999.000,9999.000,9999.000,9999.000,9999.000,9999.000
202604140142,   2.523,9999.000,9999.000,9999.000,9999.000,9999.000,9999.000,9999.000,9999.000
202604140148,   2.541,9999.000,9999.000,9999.000,9999.000,9999.000,9999.000,9999.000,9999.000
202604140154,   2.557,   2.945,9999.000,9999.000,9999.000,9999.000,9999.000,9999.000,9999.000
202604140200,   2.572,   2.945,   0.400,  -0.027,   2.945,   0.400,   2.945,   0.500,   3.045
202604140206,   2.585,9999.000,9999.000,9999.000,9999.000,9999.000,9999.000,9999.000,9999.000
202604140212,   2.596,9999.000,9999.000,9999.000,9999.000,9999.000,9999.000,9999.000,9999.000
202604140218,   2.605,9999.000,9999.000,9999.000,9999.000,9999.000,9999.000,9999.000,9999.000
202604140224,   2.611,   3.024,9999.000,9999.000,9999.000,9999.000,9999.000,9999.000,9999.000
202604140230,   2.616,9999.000,9999.000,9999.000,9999.000,9999.000,9999.000,9999.000,9999.000
202604140236,   2.617,9999.000,9999.000,9999.000,9999.000,9999.000,9999.000,9999.000,9999.000
202604140242,   2.617,9999.000,9999.000,9999.000,9999.000,9999.000,9999.000,9999.000,9999.000
202604140248,   2.614,9999.000,9999.000,9999.000,9999.000,9999.000,9999.000,9999.000,9999.000
202604140254,   2.608,   2.991,9999.000,9999.000,9999.000,9999.000,9999.000,9999.000,9999.000
202604140300,   2.599,   2.991,   0.400,  -0.008,   2.991,   0.400,   2.991,   0.500,   3.091
202604140306,   2.588,9999.000,9999.000,9999.000,9999.000,9999.000,9999.000,9999.000,9999.000
202604140312,   2.574,9999.000,9999.000,9999.000,9999.000,9999.000,9999.000,9999.000,9999.000
202604140318,   2.558,9999.000,9999.000,9999.000,9999.000,9999.000,9999.000,9999.000,9999.000
202604140324,   2.539,   2.830,9999.000,9999.000,9999.000,9999.000,9999.000,9999.000,9999.000
202604140330,   2.517,9999.000,9999.000,9999.000,9999.000,9999.000,9999.000,9999.000,9999.000
202604140336,   2.492,9999.000,9999.000,9999.000,9999.000,9999.000,9999.000,9999.000,9999.000
202604140342,   2.465,9999.000,9999.000,9999.000,9999.000,9999.000,9999.000,9999.000,9999.000
202604140348,   2.435,9999.000,9999.000,9999.000,9999.000,9999.000,9999.000,9999.000,9999.000
202604140354,   2.403,   2.578,9999.000,9999.000,9999.000,9999.000,9999.000,9999.000,9999.000
202604140400,   2.369,   2.578,   0.400,  -0.191,   2.578,   0.300,   2.478,   0.400,   2.578
202604140406,   2.333,9999.000,9999.000,9999.000,9999.000,9999.000,9999.000,9999.000,9999.000
202604140412,   2.294,9999.000,9999.000,9999.000,9999.000,9999.000,9999.000,9999.000,9999.000
202604140418,   2.254,9999.000,9999.000,9999.000,9999.000,9999.000,9999.000,9999.000,9999.000
202604140424,   2.211,   2.381,9999.000,9999.000,9999.000,9999.000,9999.000,9999.000,9999.000
202604140430,   2.168,9999.000,9999.000,9999.000,9999.000,9999.000,9999.000,9999.000,9999.000
202604140436,   2.122,9999.000,9999.000,9999.000,9999.000,9999.000,9999.000,9999.000,9999.000
202604140442,   2.076,9999.000,9999.000,9999.000,9999.000,9999.000,9999.000,9999.000,9999.000
202604140448,   2.028,9999.000,9999.000,9999.000,9999.000,9999.000,9999.000,9999.000,9999.000
202604140454,   1.979,   2.171,9999.000,9999.000,9999.000,9999.000,9999.000,9999.000,9999.000
202604140500,   1.929,   2.171,   0.300,  -0.058,   2.171,   0.200,   2.071,   0.300,   2.171
202604140506,   1.878,9999.000,9999.000,9999.000,9999.000,9999.000,9999.000,9999.000,9999.000
202604140512,   1.827,9999.000,9999.000,9999.000,9999.000,9999.000,9999.000,9999.000,9999.000
202604140518,   1.775,9999.000,9999.000,9999.000,9999.000,9999.000,9999.000,9999.000,9999.000
202604140524,   1.722,   1.945,9999.000,9999.000,9999.000,9999.000,9999.000,9999.000,9999.000
202604140530,   1.669,9999.000,9999.000,9999.000,9999.000,9999.000,9999.000,9999.000,9999.000
202604140536,   1.616,9999.000,9999.000,9999.000,9999.000,9999.000,9999.000,9999.000,9999.000
202604140542,   1.563,9999.000,9999.000,9999.000,9999.000,9999.000,9999.000,9999.000,9999.000
202604140548,   1.510,9999.000,9999.000,9999.000,9999.000,9999.000,9999.000,9999.000,9999.000
202604140554,   1.457,   1.708,9999.000,9999.000,9999.000,9999.000,9999.000,9999.000,9999.000
202604140600,   1.404,   1.708,   0.300,   0.004,   1.708,   0.100,   1.508,   0.300,   1.708
202604140606,   1.351,9999.000,9999.000,9999.000,9999.000,9999.000,9999.000,9999.000,9999.000
202604140612,   1.298,9999.000,9999.000,9999.000,9999.000,9999.000,9999.000,9999.000,9999.000
202604140618,   1.245,9999.000,9999.000,9999.000,9999.000,9999.000,9999.000,9999.000,9999.000
202604140624,   1.193,   1.469,9999.000,9999.000,9999.000,9999.000,9999.000,9999.000,9999.000
202604140630,   1.142,9999.000,9999.000,9999.000,9999.000,9999.000,9999.000,9999.000,9999.000
202604140636,   1.091,9999.000,9999.000,9999.000,9999.000,9999.000,9999.000,9999.000,9999.000
202604140642,   1.040,9999.000,9999.000,9999.000,9999.000,9999.000,9999.000,9999.000,9999.000
202604140648,   0.991,9999.000,9999.000,9999.000,9999.000,9999.000,9999.000,9999.000,9999.000
202604140654,   0.942,   1.236,9999.000,9999.000,9999.000,9999.000,9999.000,9999.000,9999.000
202604140700,   0.894,   1.236,   0.200,   0.142,   1.236,   0.100,   1.136,   0.300,   1.336
202604140706,   0.847,9999.000,9999.000,9999.000,9999.000,9999.000,9999.000,9999.000,9999.000
202604140712,   0.802,9999.000,9999.000,9999.000,9999.000,9999.000,9999.000,9999.000,9999.000
202604140718,   0.757,9999.000,9999.000,9999.000,9999.000,9999.000,9999.000,9999.000,9999.000
202604140724,   0.715,   1.003,9999.000,9999.000,9999.000,9999.000,9999.000,9999.000,9999.000
202604140730,   0.673,9999.000,9999.000,9999.000,9999.000,9999.000,9999.000,9999.000,9999.000
202604140736,   0.634,9999.000,9999.000,9999.000,9999.000,9999.000,9999.000,9999.000,9999.000
202604140742,   0.596,9999.000,9999.000,9999.000,9999.000,9999.000,9999.000,9999.000,9999.000
202604140748,   0.561,9999.000,9999.000,9999.000,9999.000,9999.000,9999.000,9999.000,9999.000
202604140754,   0.528,   0.790,9999.000,9999.000,9999.000,9999.000,9999.000,9999.000,9999.000
202604140800,   0.497,   0.790,   0.200,   0.093,   0.790,   0.100,   0.690,   0.300,   0.890
202604140806,   0.469,9999.000,9999.000,9999.000,9999.000,9999.000,9999.000,9999.000,9999.000
202604140812,   0.443,9999.000,9999.000,9999.000,9999.000,9999.000,9999.000,9999.000,9999.000
202604140818,   0.421,9999.000,9999.000,9999.000,9999.000,9999.000,9999.000,9999.000,9999.000
202604140824,   0.401,   0.659,9999.000,9999.000,9999.000,9999.000,9999.000,9999.000,9999.000
202604140830,   0.385,9999.000,9999.000,9999.000,9999.000,9999.000,9999.000,9999.000,9999.000
202604140836,   0.372,9999.000,9999.000,9999.000,9999.000,9999.000,9999.000,9999.000,9999.000
202604140842,   0.362,9999.000,9999.000,9999.000,9999.000,9999.000,9999.000,9999.000,9999.000
202604140848,   0.356,9999.000,9999.000,9999.000,9999.000,9999.000,9999.000,9999.000,9999.000
202604140854,   0.354,   0.583,9999.000,9999.000,9999.000,9999.000,9999.000,9999.000,9999.000
202604140900,   0.355,   0.583,   0.200,   0.028,   0.583,   0.100,   0.483,   0.300,   0.683
202604140906,   0.360,9999.000,9999.000,9999.000,9999.000,9999.000,9999.000,9999.000,9999.000
202604140912,   0.368,9999.000,9999.000,9999.000,9999.000,9999.000,9999.000,9999.000,9999.000
202604140918,   0.380,9999.000,9999.000,9999.000,9999.000,9999.000,9999.000,9999.000,9999.000
202604140924,   0.396,   0.662,9999.000,9999.000,9999.000,9999.000,9999.000,9999.000,9999.000
202604140930,   0.415,9999.000,9999.000,9999.000,9999.000,9999.000,9999.000,9999.000,9999.000
202604140936,   0.438,9999.000,9999.000,9999.000,9999.000,9999.000,9999.000,9999.000,9999.000
202604140942,   0.464,9999.000,9999.000,9999.000,9999.000,9999.000,9999.000,9999.000,9999.000
202604140948,   0.493,9999.000,9999.000,9999.000,9999.000,9999.000,9999.000,9999.000,9999.000
202604140954,   0.525,   0.905,9999.000,9999.000,9999.000,9999.000,9999.000,9999.000,9999.000
202604141000,   0.561,   0.905,   0.300,   0.044,   0.905,   0.100,   0.705,   0.300,   0.905
202604141006,   0.598,9999.000,9999.000,9999.000,9999.000,9999.000,9999.000,9999.000,9999.000
202604141012,   0.639,9999.000,9999.000,9999.000,9999.000,9999.000,9999.000,9999.000,9999.000
202604141018,   0.681,9999.000,9999.000,9999.000,9999.000,9999.000,9999.000,9999.000,9999.000
202604141024,   0.726,   1.184,9999.000,9999.000,9999.000,9999.000,9999.000,9999.000,9999.000
202604141030,   0.773,9999.000,9999.000,9999.000,9999.000,9999.000,9999.000,9999.000,9999.000
202604141036,   0.821,9999.000,9999.000,9999.000,9999.000,9999.000,9999.000,9999.000,9999.000
202604141042,   0.871,9999.000,9999.000,9999.000,9999.000,9999.000,9999.000,9999.000,9999.000
202604141048,   0.921,9999.000,9999.000,9999.000,9999.000,9999.000,9999.000,9999.000,9999.000
202604141054,   0.973,   1.453,9999.000,9999.000,9999.000,9999.000,9999.000,9999.000,9999.000
202604141100,   1.025,   1.453,   0.300,   0.128,   1.453,   0.200,   1.353,   0.400,   1.553
202604141106,   1.078,9999.000,9999.000,9999.000,9999.000,9999.000,9999.000,9999.000,9999.000
202604141112,   1.132,9999.000,9999.000,9999.000,9999.000,9999.000,9999.000,9999.000,9999.000
202604141118,   1.185,9999.000,9999.000,9999.000,9999.000,9999.000,9999.000,9999.000,9999.000
202604141124,   1.238,   1.715,9999.000,9999.000,9999.000,9999.000,9999.000,9999.000,9999.000
202604141130,   1.291,9999.000,9999.000,9999.000,9999.000,9999.000,9999.000,9999.000,9999.000
202604141136,   1.344,9999.000,9999.000,9999.000,9999.000,9999.000,9999.000,9999.000,9999.000
202604141142,   1.397,9999.000,9999.000,9999.000,9999.000,9999.000,9999.000,9999.000,9999.000
202604141148,   1.448,9999.000,9999.000,9999.000,9999.000,9999.000,9999.000,9999.000,9999.000
202604141154,   1.499,   1.974,9999.000,9999.000,9999.000,9999.000,9999.000,9999.000,9999.000
202604141200,   1.550,   1.974,   0.400,   0.024,   1.974,   0.300,   1.874,   0.500,   2.074
202604141206,   1.599,9999.000,9999.000,9999.000,9999.000,9999.000,9999.000,9999.000,9999.000
202604141212,   1.648,9999.000,9999.000,9999.000,9999.000,9999.000,9999.000,9999.000,9999.000
202604141218,   1.696,9999.000,9999.000,9999.000,9999.000,9999.000,9999.000,9999.000,9999.000
202604141224,   1.743,   2.230,9999.000,9999.000,9999.000,9999.000,9999.000,9999.000,9999.000
202604141230,   1.789,9999.000,9999.000,9999.000,9999.000,9999.000,9999.000,9999.000,9999.000
202604141236,   1.834,9999.000,9999.000,9999.000,9999.000,9999.000,9999.000,9999.000,9999.000
202604141242,   1.878,9999.000,9999.000,9999.000,9999.000,9999.000,9999.000,9999.000,9999.000
202604141248,   1.922,9999.000,9999.000,9999.000,9999.000,9999.000,9999.000,9999.000,9999.000
202604141254,   1.964,   2.502,9999.000,9999.000,9999.000,9999.000,9999.000,9999.000,9999.000
202604141300,   2.005,   2.502,   0.400,   0.097,   2.502,   0.300,   2.402,   0.500,   2.602
202604141306,   2.045,9999.000,9999.000,9999.000,9999.000,9999.000,9999.000,9999.000,9999.000
202604141312,   2.085,9999.000,9999.000,9999.000,9999.000,9999.000,9999.000,9999.000,9999.000
202604141318,   2.123,9999.000,9999.000,9999.000,9999.000,9999.000,9999.000,9999.000,9999.000
202604141324,   2.160,   2.709,9999.000,9999.000,9999.000,9999.000,9999.000,9999.000,9999.000
202604141330,   2.196,9999.000,9999.000,9999.000,9999.000,9999.000,9999.000,9999.000,9999.000
202604141336,   2.231,9999.000,9999.000,9999.000,9999.000,9999.000,9999.000,9999.000,9999.000
202604141342,   2.264,9999.000,9999.000,9999.000,9999.000,9999.000,9999.000,9999.000,9999.000
202604141348,   2.297,9999.000,9999.000,9999.000,9999.000,9999.000,9999.000,9999.000,9999.000
202604141354,   2.327,   2.906,9999.000,9999.000,9999.000,9999.000,9999.000,9999.000,9999.000
202604141400,   2.357,   2.906,   0.400,   0.149,   2.906,   0.300,   2.806,   0.500,   3.006
202604141406,   2.385,9999.000,9999.000,9999.000,9999.000,9999.000,9999.000,9999.000,9999.000
202604141412,   2.411,9999.000,9999.000,9999.000,9999.000,9999.000,9999.000,9999.000,9999.000
202604141418,   2.435,9999.000,9999.000,9999.000,9999.000,9999.000,9999.000,9999.000,9999.000
202604141424,   2.458,   3.050,9999.000,9999.000,9999.000,9999.000,9999.000,9999.000,9999.000
202604141430,   2.478,9999.000,9999.000,9999.000,9999.000,9999.000,9999.000,9999.000,9999.000
202604141436,   2.496,9999.000,9999.000,9999.000,9999.000,9999.000,9999.000,9999.000,9999.000
202604141442,   2.512,9999.000,9999.000,9999.000,9999.000,9999.000,9999.000,9999.000,9999.000
202604141448,   2.526,9999.000,9999.000,9999.000,9999.000,9999.000,9999.000,9999.000,9999.000
202604141454,   2.537,   3.165,9999.000,9999.000,9999.000,9999.000,9999.000,9999.000,9999.000
202604141500,   2.546,   3.165,   0.400,   0.219,   3.165,   0.300,   3.065,   0.500,   3.265
202604141506,   2.552,9999.000,9999.000,9999.000,9999.000,9999.000,9999.000,9999.000,9999.000
202604141512,   2.555,9999.000,9999.000,9999.000,9999.000,9999.000,9999.000,9999.000,9999.000
202604141518,   2.555,9999.000,9999.000,9999.000,9999.000,9999.000,9999.000,9999.000,9999.000
202604141524,   2.553,   3.191,9999.000,9999.000,9999.000,9999.000,9999.000,9999.000,9999.000
202604141530,   2.548,9999.000,9999.000,9999.000,9999.000,9999.000,9999.000,9999.000,9999.000
202604141536,   2.540,9999.000,9999.000,9999.000,9999.000,9999.000,9999.000,9999.000,9999.000
202604141542,   2.529,9999.000,9999.000,9999.000,9999.000,9999.000,9999.000,9999.000,9999.000
202604141548,   2.515,9999.000,9999.000,9999.000,9999.000,9999.000,9999.000,9999.000,9999.000
202604141554,   2.499,   3.096,9999.000,9999.000,9999.000,9999.000,9999.000,9999.000,9999.000
202604141600,   2.480,   3.096,   0.400,   0.216,   3.096,   0.300,   2.996,   0.400,   3.096
202604141606,   2.458,9999.000,9999.000,9999.000,9999.000,9999.000,9999.000,9999.000,9999.000
202604141612,   2.433,9999.000,9999.000,9999.000,9999.000,9999.000,9999.000,9999.000,9999.000
202604141618,   2.406,9999.000,9999.000,9999.000,9999.000,9999.000,9999.000,9999.000,9999.000
202604141624,   2.377,   2.929,9999.000,9999.000,9999.000,9999.000,9999.000,9999.000,9999.000
202604141630,   2.346,9999.000,9999.000,9999.000,9999.000,9999.000,9999.000,9999.000,9999.000
202604141636,   2.312,9999.000,9999.000,9999.000,9999.000,9999.000,9999.000,9999.000,9999.000
202604141642,   2.276,9999.000,9999.000,9999.000,9999.000,9999.000,9999.000,9999.000,9999.000
202604141648,   2.239,9999.000,9999.000,9999.000,9999.000,9999.000,9999.000,9999.000,9999.000
202604141654,   2.199,   2.765,9999.000,9999.000,9999.000,9999.000,9999.000,9999.000,9999.000
202604141700,   2.159,   2.765,   0.400,   0.206,   2.765,   0.300,   2.665,   0.400,   2.765
202604141706,   2.117,9999.000,9999.000,9999.000,9999.000,9999.000,9999.000,9999.000,9999.000
202604141712,   2.073,9999.000,9999.000,9999.000,9999.000,9999.000,9999.000,9999.000,9999.000
202604141718,   2.029,9999.000,9999.000,9999.000,9999.000,9999.000,9999.000,9999.000,9999.000
202604141724,   1.983,   2.571,9999.000,9999.000,9999.000,9999.000,9999.000,9999.000,9999.000
202604141730,   1.937,9999.000,9999.000,9999.000,9999.000,9999.000,9999.000,9999.000,9999.000
202604141736,   1.890,9999.000,9999.000,9999.000,9999.000,9999.000,9999.000,9999.000,9999.000
202604141742,   1.842,9999.000,9999.000,9999.000,9999.000,9999.000,9999.000,9999.000,9999.000
202604141748,   1.794,9999.000,9999.000,9999.000,9999.000,9999.000,9999.000,9999.000,9999.000
202604141754,   1.745,   2.381,9999.000,9999.000,9999.000,9999.000,9999.000,9999.000,9999.000
202604141800,   1.696,   2.381,   0.500,   0.185,   2.381,   0.400,   2.281,   0.500,   2.381
202604141806,   1.647,9999.000,9999.000,9999.000,9999.000,9999.000,9999.000,9999.000,9999.000
202604141812,   1.598,9999.000,9999.000,9999.000,9999.000,9999.000,9999.000,9999.000,9999.000
202604141818,   1.549,9999.000,9999.000,9999.000,9999.000,9999.000,9999.000,9999.000,9999.000
202604141824,   1.499,   2.164,9999.000,9999.000,9999.000,9999.000,9999.000,9999.000,9999.000
202604141830,   1.450,9999.000,9999.000,9999.000,9999.000,9999.000,9999.000,9999.000,9999.000
202604141836,   1.401,9999.000,9999.000,9999.000,9999.000,9999.000,9999.000,9999.000,9999.000
202604141842,   1.352,9999.000,9999.000,9999.000,9999.000,9999.000,9999.000,9999.000,9999.000
202604141848,   1.304,9999.000,9999.000,9999.000,9999.000,9999.000,9999.000,9999.000,9999.000
202604141854,   1.255,   1.945,9999.000,9999.000,9999.000,9999.000,9999.000,9999.000,9999.000
202604141900,   1.208,   1.945,   0.500,   0.237,   1.945,   0.400,   1.845,   0.500,   1.945
202604141906,   1.160,9999.000,9999.000,9999.000,9999.000,9999.000,9999.000,9999.000,9999.000
202604141912,   1.114,9999.000,9999.000,9999.000,9999.000,9999.000,9999.000,9999.000,9999.000
202604141918,   1.068,9999.000,9999.000,9999.000,9999.000,9999.000,9999.000,9999.000,9999.000
202604141924,   1.023,   1.738,9999.000,9999.000,9999.000,9999.000,9999.000,9999.000,9999.000
202604141930,   0.979,9999.000,9999.000,9999.000,9999.000,9999.000,9999.000,9999.000,9999.000
202604141936,   0.936,9999.000,9999.000,9999.000,9999.000,9999.000,9999.000,9999.000,9999.000
202604141942,   0.895,9999.000,9999.000,9999.000,9999.000,9999.000,9999.000,9999.000,9999.000
202604141948,   0.854,9999.000,9999.000,9999.000,9999.000,9999.000,9999.000,9999.000,9999.000
202604141954,   0.816,   1.508,9999.000,9999.000,9999.000,9999.000,9999.000,9999.000,9999.000
202604142000,   0.779,   1.508,   0.500,   0.229,   1.508,   0.500,   1.508,   0.500,   1.508
202604142006,   0.743,9999.000,9999.000,9999.000,9999.000,9999.000,9999.000,9999.000,9999.000
202604142012,   0.710,9999.000,9999.000,9999.000,9999.000,9999.000,9999.000,9999.000,9999.000
202604142018,   0.680,9999.000,9999.000,9999.000,9999.000,9999.000,9999.000,9999.000,9999.000
202604142024,   0.651,   1.351,9999.000,9999.000,9999.000,9999.000,9999.000,9999.000,9999.000
202604142030,   0.625,9999.000,9999.000,9999.000,9999.000,9999.000,9999.000,9999.000,9999.000
202604142036,   0.602,9999.000,9999.000,9999.000,9999.000,9999.000,9999.000,9999.000,9999.000
202604142042,   0.582,9999.000,9999.000,9999.000,9999.000,9999.000,9999.000,9999.000,9999.000
202604142048,   0.565,9999.000,9999.000,9999.000,9999.000,9999.000,9999.000,9999.000,9999.000
202604142054,   0.551,   1.249,9999.000,9999.000,9999.000,9999.000,9999.000,9999.000,9999.000
202604142100,   0.541,   1.249,   0.500,   0.208,   1.249,   0.500,   1.249,   0.500,   1.249
202604142106,   0.534,9999.000,9999.000,9999.000,9999.000,9999.000,9999.000,9999.000,9999.000
202604142112,   0.531,9999.000,9999.000,9999.000,9999.000,9999.000,9999.000,9999.000,9999.000
202604142118,   0.531,9999.000,9999.000,9999.000,9999.000,9999.000,9999.000,9999.000,9999.000
202604142124,   0.535,   1.243,9999.000,9999.000,9999.000,9999.000,9999.000,9999.000,9999.000
202604142130,   0.543,9999.000,9999.000,9999.000,9999.000,9999.000,9999.000,9999.000,9999.000
202604142136,   0.554,9999.000,9999.000,9999.000,9999.000,9999.000,9999.000,9999.000,9999.000
202604142142,   0.569,9999.000,9999.000,9999.000,9999.000,9999.000,9999.000,9999.000,9999.000
202604142148,   0.588,9999.000,9999.000,9999.000,9999.000,9999.000,9999.000,9999.000,9999.000
202604142154,   0.610,   1.387,9999.000,9999.000,9999.000,9999.000,9999.000,9999.000,9999.000
202604142200,   0.636,   1.387,   0.500,   0.251,   1.387,   0.500,   1.387,   0.600,   1.487
202604142206,   0.666,9999.000,9999.000,9999.000,9999.000,9999.000,9999.000,9999.000,9999.000
202604142212,   0.698,9999.000,9999.000,9999.000,9999.000,9999.000,9999.000,9999.000,9999.000
202604142218,   0.734,9999.000,9999.000,9999.000,9999.000,9999.000,9999.000,9999.000,9999.000
202604142224,   0.773,   1.626,9999.000,9999.000,9999.000,9999.000,9999.000,9999.000,9999.000
202604142230,   0.814,9999.000,9999.000,9999.000,9999.000,9999.000,9999.000,9999.000,9999.000
202604142236,   0.858,9999.000,9999.000,9999.000,9999.000,9999.000,9999.000,9999.000,9999.000
202604142242,   0.904,9999.000,9999.000,9999.000,9999.000,9999.000,9999.000,9999.000,9999.000
202604142248,   0.952,9999.000,9999.000,9999.000,9999.000,9999.000,9999.000,9999.000,9999.000
202604142254,   1.002,   1.843,9999.000,9999.000,9999.000,9999.000,9999.000,9999.000,9999.000
202604142300,   1.054,   1.843,   0.600,   0.189,   1.843,   0.500,   1.743,   0.600,   1.843
202604142306,   1.107,9999.000,9999.000,9999.000,9999.000,9999.000,9999.000,9999.000,9999.000
202604142312,   1.161,9999.000,9999.000,9999.000,9999.000,9999.000,9999.000,9999.000,9999.000
202604142318,   1.215,9999.000,9999.000,9999.000,9999.000,9999.000,9999.000,9999.000,9999.000
202604142324,   1.271,   2.076,9999.000,9999.000,9999.000,9999.000,9999.000,9999.000,9999.000
202604142330,   1.327,9999.000,9999.000,9999.000,9999.000,9999.000,9999.000,9999.000,9999.000
202604142336,   1.383,9999.000,9999.000,9999.000,9999.000,9999.000,9999.000,9999.000,9999.000
202604142342,   1.439,9999.000,9999.000,9999.000,9999.000,9999.000,9999.000,9999.000,9999.000
202604142348,   1.495,9999.000,9999.000,9999.000,9999.000,9999.000,9999.000,9999.000,9999.000
202604142354,   1.550,   2.325,9999.000,9999.000,9999.000,9999.000,9999.000,9999.000,9999.000
202604150000,   1.605,   2.325,   0.500,   0.220,   2.325,   0.500,   2.325,   0.600,   2.425
202604150006,   1.659,9999.000,9999.000,9999.000,9999.000,9999.000,9999.000,9999.000,9999.000
202604150012,   1.713,9999.000,9999.000,9999.000,9999.000,9999.000,9999.000,9999.000,9999.000
202604150018,   1.766,9999.000,9999.000,9999.000,9999.000,9999.000,9999.000,9999.000,9999.000
202604150024,   1.817,   2.571,9999.000,9999.000,9999.000,9999.000,9999.000,9999.000,9999.000
202604150030,   1.868,9999.000,9999.000,9999.000,9999.000,9999.000,9999.000,9999.000,9999.000
202604150036,   1.918,9999.000,9999.000,9999.000,9999.000,9999.000,9999.000,9999.000,9999.000
202604150042,   1.967,9999.000,9999.000,9999.000,9999.000,9999.000,9999.000,9999.000,9999.000
202604150048,   2.014,9999.000,9999.000,9999.000,9999.000,9999.000,9999.000,9999.000,9999.000
202604150054,   2.061,   2.814,9999.000,9999.000,9999.000,9999.000,9999.000,9999.000,9999.000
202604150100,   2.106,   2.814,   0.500,   0.208,   2.814,   0.500,   2.814,   0.600,   2.914
202604150106,   2.150,9999.000,9999.000,9999.000,9999.000,9999.000,9999.000,9999.000,9999.000
202604150112,   2.193,9999.000,9999.000,9999.000,9999.000,9999.000,9999.000,9999.000,9999.000
202604150118,   2.234,9999.000,9999.000,9999.000,9999.000,9999.000,9999.000,9999.000,9999.000
202604150124,   2.275,   3.017,9999.000,9999.000,9999.000,9999.000,9999.000,9999.000,9999.000
202604150130,   2.314,9999.000,9999.000,9999.000,9999.000,9999.000,9999.000,9999.000,9999.000
202604150136,   2.351,9999.000,9999.000,9999.000,9999.000,9999.000,9999.000,9999.000,9999.000
202604150142,   2.388,9999.000,9999.000,9999.000,9999.000,9999.000,9999.000,9999.000,9999.000
202604150148,   2.423,9999.000,9999.000,9999.000,9999.000,9999.000,9999.000,9999.000,9999.000
202604150154,   2.457,   3.194,9999.000,9999.000,9999.000,9999.000,9999.000,9999.000,9999.000
202604150200,   2.489,   3.194,   0.500,   0.205,   3.194,   0.500,   3.194,   0.600,   3.294
202604150206,   2.520,9999.000,9999.000,9999.000,9999.000,9999.000,9999.000,9999.000,9999.000
202604150212,   2.549,9999.000,9999.000,9999.000,9999.000,9999.000,9999.000,9999.000,9999.000
202604150218,   2.576,9999.000,9999.000,9999.000,9999.000,9999.000,9999.000,9999.000,9999.000
202604150224,   2.602,   3.345,9999.000,9999.000,9999.000,9999.000,9999.000,9999.000,9999.000
202604150230,   2.626,9999.000,9999.000,9999.000,9999.000,9999.000,9999.000,9999.000,9999.000
202604150236,   2.648,9999.000,9999.000,9999.000,9999.000,9999.000,9999.000,9999.000,9999.000
202604150242,   2.667,9999.000,9999.000,9999.000,9999.000,9999.000,9999.000,9999.000,9999.000
202604150248,   2.685,9999.000,9999.000,9999.000,9999.000,9999.000,9999.000,9999.000,9999.000
202604150254,   2.700,   3.434,9999.000,9999.000,9999.000,9999.000,9999.000,9999.000,9999.000
202604150300,   2.713,   3.434,   0.500,   0.221,   3.434,   0.500,   3.434,   0.600,   3.534
202604150306,   2.723,9999.000,9999.000,9999.000,9999.000,9999.000,9999.000,9999.000,9999.000
202604150312,   2.731,9999.000,9999.000,9999.000,9999.000,9999.000,9999.000,9999.000,9999.000
202604150318,   2.735,9999.000,9999.000,9999.000,9999.000,9999.000,9999.000,9999.000,9999.000
202604150324,   2.738,   3.447,9999.000,9999.000,9999.000,9999.000,9999.000,9999.000,9999.000
202604150330,   2.737,9999.000,9999.000,9999.000,9999.000,9999.000,9999.000,9999.000,9999.000
202604150336,   2.733,9999.000,9999.000,9999.000,9999.000,9999.000,9999.000,9999.000,9999.000
202604150342,   2.726,9999.000,9999.000,9999.000,9999.000,9999.000,9999.000,9999.000,9999.000
202604150348,   2.716,9999.000,9999.000,9999.000,9999.000,9999.000,9999.000,9999.000,9999.000
202604150354,   2.704,   3.381,9999.000,9999.000,9999.000,9999.000,9999.000,9999.000,9999.000
202604150400,   2.688,   3.381,   0.500,   0.193,   3.381,   0.400,   3.281,   0.500,   3.381
202604150406,   2.669,9999.000,9999.000,9999.000,9999.000,9999.000,9999.000,9999.000,9999.000
202604150412,   2.647,9999.000,9999.000,9999.000,9999.000,9999.000,9999.000,9999.000,9999.000
202604150418,   2.623,9999.000,9999.000,9999.000,9999.000,9999.000,9999.000,9999.000,9999.000
202604150424,   2.595,   3.191,9999.000,9999.000,9999.000,9999.000,9999.000,9999.000,9999.000
202604150430,   2.565,9999.000,9999.000,9999.000,9999.000,9999.000,9999.000,9999.000,9999.000
202604150436,   2.533,9999.000,9999.000,9999.000,9999.000,9999.000,9999.000,9999.000,9999.000
202604150442,   2.497,9999.000,9999.000,9999.000,9999.000,9999.000,9999.000,9999.000,9999.000
202604150448,   2.460,9999.000,9999.000,9999.000,9999.000,9999.000,9999.000,9999.000,9999.000
202604150454,   2.420,   2.997,9999.000,9999.000,9999.000,9999.000,9999.000,9999.000,9999.000
202604150500,   2.378,   2.997,   0.400,   0.219,   2.997,   0.400,   2.997,   0.500,   3.097
202604150506,   2.334,9999.000,9999.000,9999.000,9999.000,9999.000,9999.000,9999.000,9999.000
202604150512,   2.289,9999.000,9999.000,9999.000,9999.000,9999.000,9999.000,9999.000,9999.000
202604150518,   2.242,9999.000,9999.000,9999.000,9999.000,9999.000,9999.000,9999.000,9999.000
202604150524,   2.193,   2.765,9999.000,9999.000,9999.000,9999.000,9999.000,9999.000,9999.000
202604150530,   2.143,9999.000,9999.000,9999.000,9999.000,9999.000,9999.000,9999.000,9999.000
202604150536,   2.092,9999.000,9999.000,9999.000,9999.000,9999.000,9999.000,9999.000,9999.000
202604150542,   2.041,9999.000,9999.000,9999.000,9999.000,9999.000,9999.000,9999.000,9999.000
202604150548,   1.988,9999.000,9999.000,9999.000,9999.000,9999.000,9999.000,9999.000,9999.000
202604150554,   1.935,   2.505,9999.000,9999.000,9999.000,9999.000,9999.000,9999.000,9999.000
202604150600,   1.881,   2.505,   0.400,   0.224,   2.505,   0.300,   2.405,   0.400,   2.505
202604150606,   1.826,9999.000,9999.000,9999.000,9999.000,9999.000,9999.000,9999.000,9999.000
202604150612,   1.772,9999.000,9999.000,9999.000,9999.000,9999.000,9999.000,9999.000,9999.000
202604150618,   1.717,9999.000,9999.000,9999.000,9999.000,9999.000,9999.000,9999.000,9999.000
202604150624,   1.662,   2.240,9999.000,9999.000,9999.000,9999.000,9999.000,9999.000,9999.000
202604150630,   1.607,9999.000,9999.000,9999.000,9999.000,9999.000,9999.000,9999.000,9999.000
202604150636,   1.553,9999.000,9999.000,9999.000,9999.000,9999.000,9999.000,9999.000,9999.000
202604150642,   1.498,9999.000,9999.000,9999.000,9999.000,9999.000,9999.000,9999.000,9999.000
202604150648,   1.444,9999.000,9999.000,9999.000,9999.000,9999.000,9999.000,9999.000,9999.000
202604150654,   1.390,   1.948,9999.000,9999.000,9999.000,9999.000,9999.000,9999.000,9999.000
202604150700,   1.337,   1.948,   0.300,   0.311,   1.948,   0.200,   1.848,   0.400,   2.048
202604150706,   1.283,9999.000,9999.000,9999.000,9999.000,9999.000,9999.000,9999.000,9999.000
202604150712,   1.231,9999.000,9999.000,9999.000,9999.000,9999.000,9999.000,9999.000,9999.000
202604150718,   1.179,9999.000,9999.000,9999.000,9999.000,9999.000,9999.000,9999.000,9999.000
202604150724,   1.128,   1.676,9999.000,9999.000,9999.000,9999.000,9999.000,9999.000,9999.000
202604150730,   1.078,9999.000,9999.000,9999.000,9999.000,9999.000,9999.000,9999.000,9999.000
202604150736,   1.029,9999.000,9999.000,9999.000,9999.000,9999.000,9999.000,9999.000,9999.000
202604150742,   0.980,9999.000,9999.000,9999.000,9999.000,9999.000,9999.000,9999.000,9999.000
202604150748,   0.933,9999.000,9999.000,9999.000,9999.000,9999.000,9999.000,9999.000,9999.000
202604150754,   0.887,   1.400,9999.000,9999.000,9999.000,9999.000,9999.000,9999.000,9999.000
202604150800,   0.843,   1.400,   0.300,   0.257,   1.400,   0.100,   1.200,   0.400,   1.500
202604150806,   0.800,9999.000,9999.000,9999.000,9999.000,9999.000,9999.000,9999.000,9999.000
202604150812,   0.759,9999.000,9999.000,9999.000,9999.000,9999.000,9999.000,9999.000,9999.000
202604150818,   0.719,9999.000,9999.000,9999.000,9999.000,9999.000,9999.000,9999.000,9999.000
202604150824,   0.682,   1.170,9999.000,9999.000,9999.000,9999.000,9999.000,9999.000,9999.000
202604150830,   0.647,9999.000,9999.000,9999.000,9999.000,9999.000,9999.000,9999.000,9999.000
202604150836,   0.614,9999.000,9999.000,9999.000,9999.000,9999.000,9999.000,9999.000,9999.000
202604150842,   0.584,9999.000,9999.000,9999.000,9999.000,9999.000,9999.000,9999.000,9999.000
202604150848,   0.557,9999.000,9999.000,9999.000,9999.000,9999.000,9999.000,9999.000,9999.000
202604150854,   0.532,   0.970,9999.000,9999.000,9999.000,9999.000,9999.000,9999.000,9999.000
202604150900,   0.511,   0.970,   0.300,   0.159,   0.970,   0.200,   0.870,   0.400,   1.070
202604150906,   0.493,9999.000,9999.000,9999.000,9999.000,9999.000,9999.000,9999.000,9999.000
202604150912,   0.478,9999.000,9999.000,9999.000,9999.000,9999.000,9999.000,9999.000,9999.000
202604150918,   0.466,9999.000,9999.000,9999.000,9999.000,9999.000,9999.000,9999.000,9999.000
202604150924,   0.459,   0.856,9999.000,9999.000,9999.000,9999.000,9999.000,9999.000,9999.000
202604150930,   0.455,9999.000,9999.000,9999.000,9999.000,9999.000,9999.000,9999.000,9999.000
202604150936,   0.454,9999.000,9999.000,9999.000,9999.000,9999.000,9999.000,9999.000,9999.000
202604150942,   0.458,9999.000,9999.000,9999.000,9999.000,9999.000,9999.000,9999.000,9999.000
202604150948,   0.466,9999.000,9999.000,9999.000,9999.000,9999.000,9999.000,9999.000,9999.000
202604150954,   0.477,   0.846,9999.000,9999.000,9999.000,9999.000,9999.000,9999.000,9999.000
202604151000,   0.493,   0.846,   0.300,   0.053,   0.846,   0.300,   0.846,   0.400,   0.946
202604151006,   0.512,9999.000,9999.000,9999.000,9999.000,9999.000,9999.000,9999.000,9999.000
202604151012,   0.535,9999.000,9999.000,9999.000,9999.000,9999.000,9999.000,9999.000,9999.000
202604151018,   0.562,9999.000,9999.000,9999.000,9999.000,9999.000,9999.000,9999.000,9999.000
202604151024,   0.592,   1.039,9999.000,9999.000,9999.000,9999.000,9999.000,9999.000,9999.000
202604151030,   0.626,9999.000,9999.000,9999.000,9999.000,9999.000,9999.000,9999.000,9999.000
202604151036,   0.663,9999.000,9999.000,9999.000,9999.000,9999.000,9999.000,9999.000,9999.000
202604151042,   0.704,9999.000,9999.000,9999.000,9999.000,9999.000,9999.000,9999.000,9999.000
202604151048,   0.747,9999.000,9999.000,9999.000,9999.000,9999.000,9999.000,9999.000,9999.000
202604151054,   0.793,   1.354,9999.000,9999.000,9999.000,9999.000,9999.000,9999.000,9999.000
202604151100,   0.841,   1.354,   0.400,   0.113,   1.354,   0.300,   1.254,   0.400,   1.354
202604151106,   0.892,9999.000,9999.000,9999.000,9999.000,9999.000,9999.000,9999.000,9999.000
202604151112,   0.944,9999.000,9999.000,9999.000,9999.000,9999.000,9999.000,9999.000,9999.000
202604151118,   0.999,9999.000,9999.000,9999.000,9999.000,9999.000,9999.000,9999.000,9999.000
202604151124,   1.054,   1.653,9999.000,9999.000,9999.000,9999.000,9999.000,9999.000,9999.000
202604151130,   1.111,9999.000,9999.000,9999.000,9999.000,9999.000,9999.000,9999.000,9999.000
202604151136,   1.169,9999.000,9999.000,9999.000,9999.000,9999.000,9999.000,9999.000,9999.000
202604151142,   1.228,9999.000,9999.000,9999.000,9999.000,9999.000,9999.000,9999.000,9999.000
202604151148,   1.287,9999.000,9999.000,9999.000,9999.000,9999.000,9999.000,9999.000,9999.000
202604151154,   1.346,   1.951,9999.000,9999.000,9999.000,9999.000,9999.000,9999.000,9999.000
202604151200,   1.405,   1.951,   0.400,   0.146,   1.951,   0.400,   1.951,   0.500,   2.051
202604151206,   1.464,9999.000,9999.000,9999.000,9999.000,9999.000,9999.000,9999.000,9999.000
202604151212,   1.523,9999.000,9999.000,9999.000,9999.000,9999.000,9999.000,9999.000,9999.000
202604151218,   1.581,9999.000,9999.000,9999.000,9999.000,9999.000,9999.000,9999.000,9999.000
202604151224,   1.638,   2.259,9999.000,9999.000,9999.000,9999.000,9999.000,9999.000,9999.000
202604151230,   1.695,9999.000,9999.000,9999.000,9999.000,9999.000,9999.000,9999.000,9999.000
202604151236,   1.750,9999.000,9999.000,9999.000,9999.000,9999.000,9999.000,9999.000,9999.000
202604151242,   1.805,9999.000,9999.000,9999.000,9999.000,9999.000,9999.000,9999.000,9999.000
202604151248,   1.858,9999.000,9999.000,9999.000,9999.000,9999.000,9999.000,9999.000,9999.000
202604151254,   1.910,   2.568,9999.000,9999.000,9999.000,9999.000,9999.000,9999.000,9999.000
202604151300,   1.961,   2.568,   0.500,   0.107,   2.568,   0.400,   2.468,   0.500,   2.568
202604151306,   2.011,9999.000,9999.000,9999.000,9999.000,9999.000,9999.000,9999.000,9999.000
202604151312,   2.059,9999.000,9999.000,9999.000,9999.000,9999.000,9999.000,9999.000,9999.000
202604151318,   2.105,9999.000,9999.000,9999.000,9999.000,9999.000,9999.000,9999.000,9999.000
202604151324,   2.151,   2.853,9999.000,9999.000,9999.000,9999.000,9999.000,9999.000,9999.000
202604151330,   2.195,9999.000,9999.000,9999.000,9999.000,9999.000,9999.000,9999.000,9999.000
202604151336,   2.237,9999.000,9999.000,9999.000,9999.000,9999.000,9999.000,9999.000,9999.000
202604151342,   2.278,9999.000,9999.000,9999.000,9999.000,9999.000,9999.000,9999.000,9999.000
202604151348,   2.317,9999.000,9999.000,9999.000,9999.000,9999.000,9999.000,9999.000,9999.000
202604151354,   2.355,   3.056,9999.000,9999.000,9999.000,9999.000,9999.000,9999.000,9999.000
202604151400,   2.392,   3.056,   0.400,   0.264,   3.056,   0.300,   2.956,   0.500,   3.156
202604151406,   2.427,9999.000,9999.000,9999.000,9999.000,9999.000,9999.000,9999.000,9999.000
202604151412,   2.460,9999.000,9999.000,9999.000,9999.000,9999.000,9999.000,9999.000,9999.000
202604151418,   2.492,9999.000,9999.000,9999.000,9999.000,9999.000,9999.000,9999.000,9999.000
202604151424,   2.522,   3.243,9999.000,9999.000,9999.000,9999.000,9999.000,9999.000,9999.000
202604151430,   2.550,9999.000,9999.000,9999.000,9999.000,9999.000,9999.000,9999.000,9999.000
202604151436,   2.576,9999.000,9999.000,9999.000,9999.000,9999.000,9999.000,9999.000,9999.000
202604151442,   2.601,9999.000,9999.000,9999.000,9999.000,9999.000,9999.000,9999.000,9999.000
202604151448,   2.623,9999.000,9999.000,9999.000,9999.000,9999.000,9999.000,9999.000,9999.000
202604151454,   2.644,   3.437,9999.000,9999.000,9999.000,9999.000,9999.000,9999.000,9999.000
202604151500,   2.662,   3.437,   0.400,   0.375,   3.437,   0.400,   3.437,   0.500,   3.537
202604151506,   2.678,9999.000,9999.000,9999.000,9999.000,9999.000,9999.000,9999.000,9999.000
202604151512,   2.691,9999.000,9999.000,9999.000,9999.000,9999.000,9999.000,9999.000,9999.000
202604151518,   2.702,9999.000,9999.000,9999.000,9999.000,9999.000,9999.000,9999.000,9999.000
202604151524,   2.710,   3.489,9999.000,9999.000,9999.000,9999.000,9999.000,9999.000,9999.000
202604151530,   2.716,9999.000,9999.000,9999.000,9999.000,9999.000,9999.000,9999.000,9999.000
202604151536,   2.719,9999.000,9999.000,9999.000,9999.000,9999.000,9999.000,9999.000,9999.000
202604151542,   2.719,9999.000,9999.000,9999.000,9999.000,9999.000,9999.000,9999.000,9999.000
202604151548,   2.715,9999.000,9999.000,9999.000,9999.000,9999.000,9999.000,9999.000,9999.000
202604151554,   2.709,   3.453,9999.000,9999.000,9999.000,9999.000,9999.000,9999.000,9999.000
202604151600,   2.700,   3.453,   0.500,   0.253,   3.453,   0.400,   3.353,   0.500,   3.453
202604151606,   2.688,9999.000,9999.000,9999.000,9999.000,9999.000,9999.000,9999.000,9999.000
202604151612,   2.673,9999.000,9999.000,9999.000,9999.000,9999.000,9999.000,9999.000,9999.000
202604151618,   2.654,9999.000,9999.000,9999.000,9999.000,9999.000,9999.000,9999.000,9999.000
202604151624,   2.633,   3.293,9999.000,9999.000,9999.000,9999.000,9999.000,9999.000,9999.000
202604151630,   2.608,9999.000,9999.000,9999.000,9999.000,9999.000,9999.000,9999.000,9999.000
202604151636,   2.580,9999.000,9999.000,9999.000,9999.000,9999.000,9999.000,9999.000,9999.000
202604151642,   2.549,9999.000,9999.000,9999.000,9999.000,9999.000,9999.000,9999.000,9999.000
202604151648,   2.516,9999.000,9999.000,9999.000,9999.000,9999.000,9999.000,9999.000,9999.000
202604151654,   2.480,   3.099,9999.000,9999.000,9999.000,9999.000,9999.000,9999.000,9999.000
202604151700,   2.441,   3.099,   0.500,   0.158,   3.099,   0.400,   2.999,   0.500,   3.099
202604151706,   2.399,9999.000,9999.000,9999.000,9999.000,9999.000,9999.000,9999.000,9999.000
202604151712,   2.355,9999.000,9999.000,9999.000,9999.000,9999.000,9999.000,9999.000,9999.000
202604151718,   2.309,9999.000,9999.000,9999.000,9999.000,9999.000,9999.000,9999.000,9999.000
202604151724,   2.261,   2.919,9999.000,9999.000,9999.000,9999.000,9999.000,9999.000,9999.000
202604151730,   2.210,9999.000,9999.000,9999.000,9999.000,9999.000,9999.000,9999.000,9999.000
202604151736,   2.158,9999.000,9999.000,9999.000,9999.000,9999.000,9999.000,9999.000,9999.000
202604151742,   2.104,9999.000,9999.000,9999.000,9999.000,9999.000,9999.000,9999.000,9999.000
202604151748,   2.049,9999.000,9999.000,9999.000,9999.000,9999.000,9999.000,9999.000,9999.000
202604151754,   1.992,   2.692,9999.000,9999.000,9999.000,9999.000,9999.000,9999.000,9999.000
202604151800,   1.935,   2.692,   0.600,   0.157,   2.692,   0.500,   2.592,   0.600,   2.692
202604151806,   1.876,9999.000,9999.000,9999.000,9999.000,9999.000,9999.000,9999.000,9999.000
202604151812,   1.816,9999.000,9999.000,9999.000,9999.000,9999.000,9999.000,9999.000,9999.000
202604151818,   1.756,9999.000,9999.000,9999.000,9999.000,9999.000,9999.000,9999.000,9999.000
202604151824,   1.695,   2.463,9999.000,9999.000,9999.000,9999.000,9999.000,9999.000,9999.000
202604151830,   1.634,9999.000,9999.000,9999.000,9999.000,9999.000,9999.000,9999.000,9999.000
202604151836,   1.572,9999.000,9999.000,9999.000,9999.000,9999.000,9999.000,9999.000,9999.000
202604151842,   1.510,9999.000,9999.000,9999.000,9999.000,9999.000,9999.000,9999.000,9999.000
202604151848,   1.448,9999.000,9999.000,9999.000,9999.000,9999.000,9999.000,9999.000,9999.000
202604151854,   1.386,   2.151,9999.000,9999.000,9999.000,9999.000,9999.000,9999.000,9999.000
202604151900,   1.324,   2.151,   0.600,   0.227,   2.151,   0.500,   2.051,   0.600,   2.151
202604151906,   1.263,9999.000,9999.000,9999.000,9999.000,9999.000,9999.000,9999.000,9999.000
202604151912,   1.201,9999.000,9999.000,9999.000,9999.000,9999.000,9999.000,9999.000,9999.000
202604151918,   1.140,9999.000,9999.000,9999.000,9999.000,9999.000,9999.000,9999.000,9999.000
202604151924,   1.079,   1.915,9999.000,9999.000,9999.000,9999.000,9999.000,9999.000,9999.000
202604151930,   1.019,9999.000,9999.000,9999.000,9999.000,9999.000,9999.000,9999.000,9999.000
202604151936,   0.960,9999.000,9999.000,9999.000,9999.000,9999.000,9999.000,9999.000,9999.000
202604151942,   0.901,9999.000,9999.000,9999.000,9999.000,9999.000,9999.000,9999.000,9999.000
202604151948,   0.844,9999.000,9999.000,9999.000,9999.000,9999.000,9999.000,9999.000,9999.000
202604151954,   0.787,   1.626,9999.000,9999.000,9999.000,9999.000,9999.000,9999.000,9999.000
202604152000,   0.731,   1.626,   0.600,   0.295,   1.626,   0.500,   1.526,   0.600,   1.626
202604152006,   0.677,9999.000,9999.000,9999.000,9999.000,9999.000,9999.000,9999.000,9999.000
202604152012,   0.623,9999.000,9999.000,9999.000,9999.000,9999.000,9999.000,9999.000,9999.000
202604152018,   0.572,9999.000,9999.000,9999.000,9999.000,9999.000,9999.000,9999.000,9999.000
202604152024,   0.522,   1.354,9999.000,9999.000,9999.000,9999.000,9999.000,9999.000,9999.000
202604152030,   0.474,9999.000,9999.000,9999.000,9999.000,9999.000,9999.000,9999.000,9999.000
202604152036,   0.428,9999.000,9999.000,9999.000,9999.000,9999.000,9999.000,9999.000,9999.000
202604152042,   0.384,9999.000,9999.000,9999.000,9999.000,9999.000,9999.000,9999.000,9999.000
202604152048,   0.343,9999.000,9999.000,9999.000,9999.000,9999.000,9999.000,9999.000,9999.000
202604152054,   0.304,   1.079,9999.000,9999.000,9999.000,9999.000,9999.000,9999.000,9999.000
202604152100,   0.268,   1.079,   0.600,   0.211,   1.079,   0.500,   0.979,   0.600,   1.079
202604152106,   0.235,9999.000,9999.000,9999.000,9999.000,9999.000,9999.000,9999.000,9999.000
202604152112,   0.205,9999.000,9999.000,9999.000,9999.000,9999.000,9999.000,9999.000,9999.000
202604152118,   0.178,9999.000,9999.000,9999.000,9999.000,9999.000,9999.000,9999.000,9999.000
202604152124,   0.156,   0.836,9999.000,9999.000,9999.000,9999.000,9999.000,9999.000,9999.000
202604152130,   0.136,9999.000,9999.000,9999.000,9999.000,9999.000,9999.000,9999.000,9999.000
202604152136,   0.121,9999.000,9999.000,9999.000,9999.000,9999.000,9999.000,9999.000,9999.000
202604152142,   0.109,9999.000,9999.000,9999.000,9999.000,9999.000,9999.000,9999.000,9999.000
202604152148,   0.102,9999.000,9999.000,9999.000,9999.000,9999.000,9999.000,9999.000,9999.000
202604152154,   0.099,   0.636,9999.000,9999.000,9999.000,9999.000,9999.000,9999.000,9999.000
202604152200,   0.100,   0.636,   0.600,  -0.064,   0.636,   0.600,   0.636,   0.700,   0.736
202604152206,   0.106,9999.000,9999.000,9999.000,9999.000,9999.000,9999.000,9999.000,9999.000
202604152212,   0.116,9999.000,9999.000,9999.000,9999.000,9999.000,9999.000,9999.000,9999.000
202604152218,   0.130,9999.000,9999.000,9999.000,9999.000,9999.000,9999.000,9999.000,9999.000
202604152224,   0.149,   0.583,9999.000,9999.000,9999.000,9999.000,9999.000,9999.000,9999.000
202604152230,   0.172,9999.000,9999.000,9999.000,9999.000,9999.000,9999.000,9999.000,9999.000
202604152236,   0.200,9999.000,9999.000,9999.000,9999.000,9999.000,9999.000,9999.000,9999.000
202604152242,   0.231,9999.000,9999.000,9999.000,9999.000,9999.000,9999.000,9999.000,9999.000
202604152248,   0.267,9999.000,9999.000,9999.000,9999.000,9999.000,9999.000,9999.000,9999.000
202604152254,   0.307,   0.770,9999.000,9999.000,9999.000,9999.000,9999.000,9999.000,9999.000
202604152300,   0.350,   0.770,   0.600,  -0.180,   0.770,   0.500,   0.670,   0.700,   0.870
202604152306,   0.397,9999.000,9999.000,9999.000,9999.000,9999.000,9999.000,9999.000,9999.000
202604152312,   0.447,9999.000,9999.000,9999.000,9999.000,9999.000,9999.000,9999.000,9999.000
202604152318,   0.500,9999.000,9999.000,9999.000,9999.000,9999.000,9999.000,9999.000,9999.000
202604152324,   0.556,   1.128,9999.000,9999.000,9999.000,9999.000,9999.000,9999.000,9999.000
202604152330,   0.614,9999.000,9999.000,9999.000,9999.000,9999.000,9999.000,9999.000,9999.000
202604152336,   0.675,9999.000,9999.000,9999.000,9999.000,9999.000,9999.000,9999.000,9999.000
202604152342,   0.737,9999.000,9999.000,9999.000,9999.000,9999.000,9999.000,9999.000,9999.000
202604152348,   0.802,9999.000,9999.000,9999.000,9999.000,9999.000,9999.000,9999.000,9999.000
202604152354,   0.868,   1.505,9999.000,9999.000,9999.000,9999.000,9999.000,9999.000,9999.000
202604160000,   0.935,   1.505,   0.600,  -0.030,   1.505,   0.500,   1.405,   0.600,   1.505
202604160006,   1.002,9999.000,9999.000,9999.000,9999.000,9999.000,9999.000,9999.000,9999.000
202604160012,   1.071,9999.000,9999.000,9999.000,9999.000,9999.000,9999.000,9999.000,9999.000
202604160018,   1.140,9999.000,9999.000,9999.000,9999.000,9999.000,9999.000,9999.000,9999.000
202604160024,   1.209,   1.813,9999.000,9999.000,9999.000,9999.000,9999.000,9999.000,9999.000
202604160030,   1.277,9999.000,9999.000,9999.000,9999.000,9999.000,9999.000,9999.000,9999.000
202604160036,   1.346,9999.000,9999.000,9999.000,9999.000,9999.000,9999.000,9999.000,9999.000
202604160042,   1.414,9999.000,9999.000,9999.000,9999.000,9999.000,9999.000,9999.000,9999.000
202604160048,   1.481,9999.000,9999.000,9999.000,9999.000,9999.000,9999.000,9999.000,9999.000
202604160054,   1.548,   2.145,9999.000,9999.000,9999.000,9999.000,9999.000,9999.000,9999.000
202604160100,   1.613,   2.145,   0.600,  -0.068,   2.145,   0.600,   2.145,   0.600,   2.145
202604160106,   1.678,9999.000,9999.000,9999.000,9999.000,9999.000,9999.000,9999.000,9999.000
202604160112,   1.741,9999.000,9999.000,9999.000,9999.000,9999.000,9999.000,9999.000,9999.000
202604160118,   1.803,9999.000,9999.000,9999.000,9999.000,9999.000,9999.000,9999.000,9999.000
202604160124,   1.863,   2.437,9999.000,9999.000,9999.000,9999.000,9999.000,9999.000,9999.000
202604160130,   1.922,9999.000,9999.000,9999.000,9999.000,9999.000,9999.000,9999.000,9999.000
202604160136,   1.979,9999.000,9999.000,9999.000,9999.000,9999.000,9999.000,9999.000,9999.000
202604160142,   2.035,9999.000,9999.000,9999.000,9999.000,9999.000,9999.000,9999.000,9999.000
202604160148,   2.089,9999.000,9999.000,9999.000,9999.000,9999.000,9999.000,9999.000,9999.000
202604160154,   2.142,   2.742,9999.000,9999.000,9999.000,9999.000,9999.000,9999.000,9999.000
202604160200,   2.193,   2.742,   0.600,  -0.051,   2.742,   0.600,   2.742,   0.600,   2.742
202604160206,   2.242,9999.000,9999.000,9999.000,9999.000,9999.000,9999.000,9999.000,9999.000
202604160212,   2.289,9999.000,9999.000,9999.000,9999.000,9999.000,9999.000,9999.000,9999.000
202604160218,   2.335,9999.000,9999.000,9999.000,9999.000,9999.000,9999.000,9999.000,9999.000
202604160224,   2.379,   3.020,9999.000,9999.000,9999.000,9999.000,9999.000,9999.000,9999.000
202604160230,   2.421,9999.000,9999.000,9999.000,9999.000,9999.000,9999.000,9999.000,9999.000
202604160236,   2.461,9999.000,9999.000,9999.000,9999.000,9999.000,9999.000,9999.000,9999.000
202604160242,   2.499,9999.000,9999.000,9999.000,9999.000,9999.000,9999.000,9999.000,9999.000
202604160248,   2.535,9999.000,9999.000,9999.000,9999.000,9999.000,9999.000,9999.000,9999.000
202604160254,   2.569,   3.188,9999.000,9999.000,9999.000,9999.000,9999.000,9999.000,9999.000
202604160300,   2.601,   3.188,   0.600,  -0.013,   3.188,   0.600,   3.188,   0.600,   3.188
202604160306,   2.631,9999.000,9999.000,9999.000,9999.000,9999.000,9999.000,9999.000,9999.000
202604160312,   2.659,9999.000,9999.000,9999.000,9999.000,9999.000,9999.000,9999.000,9999.000
202604160318,   2.684,9999.000,9999.000,9999.000,9999.000,9999.000,9999.000,9999.000,9999.000
202604160324,   2.707,   3.352,9999.000,9999.000,9999.000,9999.000,9999.000,9999.000,9999.000
202604160330,   2.727,9999.000,9999.000,9999.000,9999.000,9999.000,9999.000,9999.000,9999.000
202604160336,   2.745,9999.000,9999.000,9999.000,9999.000,9999.000,9999.000,9999.000,9999.000
202604160342,   2.760,9999.000,9999.000,9999.000,9999.000,9999.000,9999.000,9999.000,9999.000
202604160348,   2.772,9999.000,9999.000,9999.000,9999.000,9999.000,9999.000,9999.000,9999.000
202604160354,   2.781,   3.450,9999.000,9999.000,9999.000,9999.000,9999.000,9999.000,9999.000
202604160400,   2.788,   3.450,   0.600,   0.062,   3.450,   0.500,   3.350,   0.600,   3.450
202604160406,   2.791,9999.000,9999.000,9999.000,9999.000,9999.000,9999.000,9999.000,9999.000
202604160412,   2.792,9999.000,9999.000,9999.000,9999.000,9999.000,9999.000,9999.000,9999.000
202604160418,   2.790,9999.000,9999.000,9999.000,9999.000,9999.000,9999.000,9999.000,9999.000
202604160424,   2.784,   3.473,9999.000,9999.000,9999.000,9999.000,9999.000,9999.000,9999.000
202604160430,   2.775,9999.000,9999.000,9999.000,9999.000,9999.000,9999.000,9999.000,9999.000
202604160436,   2.764,9999.000,9999.000,9999.000,9999.000,9999.000,9999.000,9999.000,9999.000
202604160442,   2.749,9999.000,9999.000,9999.000,9999.000,9999.000,9999.000,9999.000,9999.000
202604160448,   2.731,9999.000,9999.000,9999.000,9999.000,9999.000,9999.000,9999.000,9999.000
202604160454,   2.710,   3.381,9999.000,9999.000,9999.000,9999.000,9999.000,9999.000,9999.000
202604160500,   2.687,   3.381,   0.500,   0.194,   3.381,   0.500,   3.381,   0.600,   3.481
202604160506,   2.660,9999.000,9999.000,9999.000,9999.000,9999.000,9999.000,9999.000,9999.000
202604160512,   2.631,9999.000,9999.000,9999.000,9999.000,9999.000,9999.000,9999.000,9999.000
202604160518,   2.599,9999.000,9999.000,9999.000,9999.000,9999.000,9999.000,9999.000,9999.000
202604160524,   2.565,   3.201,9999.000,9999.000,9999.000,9999.000,9999.000,9999.000,9999.000
202604160530,   2.528,9999.000,9999.000,9999.000,9999.000,9999.000,9999.000,9999.000,9999.000
202604160536,   2.489,9999.000,9999.000,9999.000,9999.000,9999.000,9999.000,9999.000,9999.000
202604160542,   2.449,9999.000,9999.000,9999.000,9999.000,9999.000,9999.000,9999.000,9999.000
202604160548,   2.406,9999.000,9999.000,9999.000,9999.000,9999.000,9999.000,9999.000,9999.000
202604160554,   2.361,   2.965,9999.000,9999.000,9999.000,9999.000,9999.000,9999.000,9999.000
202604160600,   2.315,   2.965,   0.500,   0.150,   2.965,   0.400,   2.865,   0.500,   2.965
202604160606,   2.268,9999.000,9999.000,9999.000,9999.000,9999.000,9999.000,9999.000,9999.000
202604160612,   2.219,9999.000,9999.000,9999.000,9999.000,9999.000,9999.000,9999.000,9999.000
202604160618,   2.169,9999.000,9999.000,9999.000,9999.000,9999.000,9999.000,9999.000,9999.000
202604160624,   2.118,   2.699,9999.000,9999.000,9999.000,9999.000,9999.000,9999.000,9999.000
202604160630,   2.066,9999.000,9999.000,9999.000,9999.000,9999.000,9999.000,9999.000,9999.000
202604160636,   2.014,9999.000,9999.000,9999.000,9999.000,9999.000,9999.000,9999.000,9999.000
202604160642,   1.961,9999.000,9999.000,9999.000,9999.000,9999.000,9999.000,9999.000,9999.000
202604160648,   1.907,9999.000,9999.000,9999.000,9999.000,9999.000,9999.000,9999.000,9999.000
202604160654,   1.854,   2.446,9999.000,9999.000,9999.000,9999.000,9999.000,9999.000,9999.000
202604160700,   1.800,   2.446,   0.400,   0.246,   2.446,   0.400,   2.446,   0.500,   2.546
202604160706,   1.746,9999.000,9999.000,9999.000,9999.000,9999.000,9999.000,9999.000,9999.000
202604160712,   1.692,9999.000,9999.000,9999.000,9999.000,9999.000,9999.000,9999.000,9999.000
202604160718,   1.638,9999.000,9999.000,9999.000,9999.000,9999.000,9999.000,9999.000,9999.000
202604160724,   1.585,   2.200,9999.000,9999.000,9999.000,9999.000,9999.000,9999.000,9999.000
202604160730,   1.532,9999.000,9999.000,9999.000,9999.000,9999.000,9999.000,9999.000,9999.000
202604160736,   1.479,9999.000,9999.000,9999.000,9999.000,9999.000,9999.000,9999.000,9999.000
202604160742,   1.427,9999.000,9999.000,9999.000,9999.000,9999.000,9999.000,9999.000,9999.000
202604160748,   1.375,9999.000,9999.000,9999.000,9999.000,9999.000,9999.000,9999.000,9999.000
202604160754,   1.324,   1.915,9999.000,9999.000,9999.000,9999.000,9999.000,9999.000,9999.000
202604160800,   1.273,   1.915,   0.400,   0.242,   1.915,   0.300,   1.815,   0.400,   1.915
202604160806,   1.224,9999.000,9999.000,9999.000,9999.000,9999.000,9999.000,9999.000,9999.000
202604160812,   1.175,9999.000,9999.000,9999.000,9999.000,9999.000,9999.000,9999.000,9999.000
202604160818,   1.127,9999.000,9999.000,9999.000,9999.000,9999.000,9999.000,9999.000,9999.000
202604160824,   1.081,   1.656,9999.000,9999.000,9999.000,9999.000,9999.000,9999.000,9999.000
202604160830,   1.036,9999.000,9999.000,9999.000,9999.000,9999.000,9999.000,9999.000,9999.000
202604160836,   0.992,9999.000,9999.000,9999.000,9999.000,9999.000,9999.000,9999.000,9999.000
202604160842,   0.949,9999.000,9999.000,9999.000,9999.000,9999.000,9999.000,9999.000,9999.000
202604160848,   0.909,9999.000,9999.000,9999.000,9999.000,9999.000,9999.000,9999.000,9999.000
202604160854,   0.870,   1.410,9999.000,9999.000,9999.000,9999.000,9999.000,9999.000,9999.000
202604160900,   0.833,   1.410,   0.400,   0.177,   1.410,   0.300,   1.310,   0.400,   1.410
202604160906,   0.798,9999.000,9999.000,9999.000,9999.000,9999.000,9999.000,9999.000,9999.000
202604160912,   0.765,9999.000,9999.000,9999.000,9999.000,9999.000,9999.000,9999.000,9999.000
202604160918,   0.735,9999.000,9999.000,9999.000,9999.000,9999.000,9999.000,9999.000,9999.000
202604160924,   0.708,   1.190,9999.000,9999.000,9999.000,9999.000,9999.000,9999.000,9999.000
202604160930,   0.683,9999.000,9999.000,9999.000,9999.000,9999.000,9999.000,9999.000,9999.000
202604160936,   0.662,9999.000,9999.000,9999.000,9999.000,9999.000,9999.000,9999.000,9999.000
202604160942,   0.643,9999.000,9999.000,9999.000,9999.000,9999.000,9999.000,9999.000,9999.000
202604160948,   0.628,9999.000,9999.000,9999.000,9999.000,9999.000,9999.000,9999.000,9999.000
202604160954,   0.616,   1.043,9999.000,9999.000,9999.000,9999.000,9999.000,9999.000,9999.000
202604161000,   0.608,   1.043,   0.400,   0.035,   1.043,   0.300,   0.943,   0.400,   1.043
202604161006,   0.604,9999.000,9999.000,9999.000,9999.000,9999.000,9999.000,9999.000,9999.000
202604161012,   0.603,9999.000,9999.000,9999.000,9999.000,9999.000,9999.000,9999.000,9999.000
202604161018,   0.606,9999.000,9999.000,9999.000,9999.000,9999.000,9999.000,9999.000,9999.000
202604161024,   0.613,   1.016,9999.000,9999.000,9999.000,9999.000,9999.000,9999.000,9999.000
202604161030,   0.625,9999.000,9999.000,9999.000,9999.000,9999.000,9999.000,9999.000,9999.000
202604161036,   0.640,9999.000,9999.000,9999.000,9999.000,9999.000,9999.000,9999.000,9999.000
202604161042,   0.659,9999.000,9999.000,9999.000,9999.000,9999.000,9999.000,9999.000,9999.000
202604161048,   0.682,9999.000,9999.000,9999.000,9999.000,9999.000,9999.000,9999.000,9999.000
202604161054,   0.709,   1.138,9999.000,9999.000,9999.000,9999.000,9999.000,9999.000,9999.000
202604161100,   0.740,   1.138,   0.400,  -0.002,   1.138,   0.300,   1.038,   0.400,   1.138
202604161106,   0.774,9999.000,9999.000,9999.000,9999.000,9999.000,9999.000,9999.000,9999.000
202604161112,   0.812,9999.000,9999.000,9999.000,9999.000,9999.000,9999.000,9999.000,9999.000
202604161118,   0.854,9999.000,9999.000,9999.000,9999.000,9999.000,9999.000,9999.000,9999.000
202604161124,   0.899,   1.390,9999.000,9999.000,9999.000,9999.000,9999.000,9999.000,9999.000
202604161130,   0.946,9999.000,9999.000,9999.000,9999.000,9999.000,9999.000,9999.000,9999.000
202604161136,   0.996,9999.000,9999.000,9999.000,9999.000,9999.000,9999.000,9999.000,9999.000
202604161142,   1.049,9999.000,9999.000,9999.000,9999.000,9999.000,9999.000,9999.000,9999.000
202604161148,   1.105,9999.000,9999.000,9999.000,9999.000,9999.000,9999.000,9999.000,9999.000
202604161154,   1.162,   1.764,9999.000,9999.000,9999.000,9999.000,9999.000,9999.000,9999.000
202604161200,   1.221,   1.764,   0.500,   0.043,   1.764,   0.400,   1.664,   0.500,   1.764
202604161206,   1.281,9999.000,9999.000,9999.000,9999.000,9999.000,9999.000,9999.000,9999.000
202604161212,   1.343,9999.000,9999.000,9999.000,9999.000,9999.000,9999.000,9999.000,9999.000
202604161218,   1.406,9999.000,9999.000,9999.000,9999.000,9999.000,9999.000,9999.000,9999.000
202604161224,   1.469,   2.059,9999.000,9999.000,9999.000,9999.000,9999.000,9999.000,9999.000
202604161230,   1.532,9999.000,9999.000,9999.000,9999.000,9999.000,9999.000,9999.000,9999.000
202604161236,   1.596,9999.000,9999.000,9999.000,9999.000,9999.000,9999.000,9999.000,9999.000
202604161242,   1.660,9999.000,9999.000,9999.000,9999.000,9999.000,9999.000,9999.000,9999.000
202604161248,   1.723,9999.000,9999.000,9999.000,9999.000,9999.000,9999.000,9999.000,9999.000
202604161254,   1.786,   2.377,9999.000,9999.000,9999.000,9999.000,9999.000,9999.000,9999.000
202604161300,   1.848,   2.377,   0.500,   0.029,   2.377,   0.400,   2.277,   0.500,   2.377
202604161306,   1.909,9999.000,9999.000,9999.000,9999.000,9999.000,9999.000,9999.000,9999.000
202604161312,   1.969,9999.000,9999.000,9999.000,9999.000,9999.000,9999.000,9999.000,9999.000
202604161318,   2.028,9999.000,9999.000,9999.000,9999.000,9999.000,9999.000,9999.000,9999.000
202604161324,   2.085,   2.669,9999.000,9999.000,9999.000,9999.000,9999.000,9999.000,9999.000
202604161330,   2.140,9999.000,9999.000,9999.000,9999.000,9999.000,9999.000,9999.000,9999.000
202604161336,   2.194,9999.000,9999.000,9999.000,9999.000,9999.000,9999.000,9999.000,9999.000
202604161342,   2.247,9999.000,9999.000,9999.000,9999.000,9999.000,9999.000,9999.000,9999.000
202604161348,   2.297,9999.000,9999.000,9999.000,9999.000,9999.000,9999.000,9999.000,9999.000
202604161354,   2.346,   2.994,9999.000,9999.000,9999.000,9999.000,9999.000,9999.000,9999.000
202604161400,   2.392,   2.994,   0.500,   0.102,   2.994,   0.400,   2.894,   0.500,   2.994
202604161406,   2.437,9999.000,9999.000,9999.000,9999.000,9999.000,9999.000,9999.000,9999.000
202604161412,   2.480,9999.000,9999.000,9999.000,9999.000,9999.000,9999.000,9999.000,9999.000
202604161418,   2.520,9999.000,9999.000,9999.000,9999.000,9999.000,9999.000,9999.000,9999.000
202604161424,   2.559,   3.250,9999.000,9999.000,9999.000,9999.000,9999.000,9999.000,9999.000
202604161430,   2.596,9999.000,9999.000,9999.000,9999.000,9999.000,9999.000,9999.000,9999.000
202604161436,   2.630,9999.000,9999.000,9999.000,9999.000,9999.000,9999.000,9999.000,9999.000
202604161442,   2.662,9999.000,9999.000,9999.000,9999.000,9999.000,9999.000,9999.000,9999.000
202604161448,   2.693,9999.000,9999.000,9999.000,9999.000,9999.000,9999.000,9999.000,9999.000
202604161454,   2.721,   3.466,9999.000,9999.000,9999.000,9999.000,9999.000,9999.000,9999.000
202604161500,   2.747,   3.466,   0.500,   0.219,   3.466,   0.400,   3.366,   0.500,   3.466
202604161506,   2.771,9999.000,9999.000,9999.000,9999.000,9999.000,9999.000,9999.000,9999.000
202604161512,   2.792,9999.000,9999.000,9999.000,9999.000,9999.000,9999.000,9999.000,9999.000
202604161518,   2.811,9999.000,9999.000,9999.000,9999.000,9999.000,9999.000,9999.000,9999.000
202604161524,   2.828,   3.627,9999.000,9999.000,9999.000,9999.000,9999.000,9999.000,9999.000
202604161530,   2.843,9999.000,9999.000,9999.000,9999.000,9999.000,9999.000,9999.000,9999.000
202604161536,   2.855,9999.000,9999.000,9999.000,9999.000,9999.000,9999.000,9999.000,9999.000
202604161542,   2.864,9999.000,9999.000,9999.000,9999.000,9999.000,9999.000,9999.000,9999.000
202604161548,   2.871,9999.000,9999.000,9999.000,9999.000,9999.000,9999.000,9999.000,9999.000
202604161554,   2.875,   3.653,9999.000,9999.000,9999.000,9999.000,9999.000,9999.000,9999.000
202604161600,   2.877,   3.653,   0.500,   0.276,   3.653,   0.400,   3.553,   0.500,   3.653
202604161606,   2.875,9999.000,9999.000,9999.000,9999.000,9999.000,9999.000,9999.000,9999.000
202604161612,   2.871,9999.000,9999.000,9999.000,9999.000,9999.000,9999.000,9999.000,9999.000
202604161618,   2.864,9999.000,9999.000,9999.000,9999.000,9999.000,9999.000,9999.000,9999.000
202604161624,   2.854,   3.604,9999.000,9999.000,9999.000,9999.000,9999.000,9999.000,9999.000
202604161630,   2.841,9999.000,9999.000,9999.000,9999.000,9999.000,9999.000,9999.000,9999.000
202604161636,   2.825,9999.000,9999.000,9999.000,9999.000,9999.000,9999.000,9999.000,9999.000
202604161642,   2.806,9999.000,9999.000,9999.000,9999.000,9999.000,9999.000,9999.000,9999.000
202604161648,   2.783,9999.000,9999.000,9999.000,9999.000,9999.000,9999.000,9999.000,9999.000
202604161654,   2.758,   3.493,9999.000,9999.000,9999.000,9999.000,9999.000,9999.000,9999.000
202604161700,   2.729,   3.493,   0.500,   0.264,   3.493,   0.500,   3.493,   0.600,   3.593
202604161706,   2.697,9999.000,9999.000,9999.000,9999.000,9999.000,9999.000,9999.000,9999.000
202604161712,   2.662,9999.000,9999.000,9999.000,9999.000,9999.000,9999.000,9999.000,9999.000
202604161718,   2.625,9999.000,9999.000,9999.000,9999.000,9999.000,9999.000,9999.000,9999.000
202604161724,   2.584,   3.227,9999.000,9999.000,9999.000,9999.000,9999.000,9999.000,9999.000
202604161730,   2.540,9999.000,9999.000,9999.000,9999.000,9999.000,9999.000,9999.000,9999.000
202604161736,   2.494,9999.000,9999.000,9999.000,9999.000,9999.000,9999.000,9999.000,9999.000
202604161742,   2.445,9999.000,9999.000,9999.000,9999.000,9999.000,9999.000,9999.000,9999.000
202604161748,   2.393,9999.000,9999.000,9999.000,9999.000,9999.000,9999.000,9999.000,9999.000
202604161754,   2.339,   2.981,9999.000,9999.000,9999.000,9999.000,9999.000,9999.000,9999.000
202604161800,   2.283,   2.981,   0.500,   0.198,   2.981,   0.500,   2.981,   0.600,   3.081
202604161806,   2.224,9999.000,9999.000,9999.000,9999.000,9999.000,9999.000,9999.000,9999.000
202604161812,   2.163,9999.000,9999.000,9999.000,9999.000,9999.000,9999.000,9999.000,9999.000
202604161818,   2.101,9999.000,9999.000,9999.000,9999.000,9999.000,9999.000,9999.000,9999.000
202604161824,   2.036,   2.732,9999.000,9999.000,9999.000,9999.000,9999.000,9999.000,9999.000
202604161830,   1.971,9999.000,9999.000,9999.000,9999.000,9999.000,9999.000,9999.000,9999.000
202604161836,   1.903,9999.000,9999.000,9999.000,9999.000,9999.000,9999.000,9999.000,9999.000
202604161842,   1.835,9999.000,9999.000,9999.000,9999.000,9999.000,9999.000,9999.000,9999.000
202604161848,   1.765,9999.000,9999.000,9999.000,9999.000,9999.000,9999.000,9999.000,9999.000
202604161854,   1.695,   2.450,9999.000,9999.000,9999.000,9999.000,9999.000,9999.000,9999.000
202604161900,   1.624,   2.450,   0.500,   0.326,   2.450,   0.500,   2.450,   0.600,   2.550
202604161906,   1.552,9999.000,9999.000,9999.000,9999.000,9999.000,9999.000,9999.000,9999.000
202604161912,   1.480,9999.000,9999.000,9999.000,9999.000,9999.000,9999.000,9999.000,9999.000
202604161918,   1.407,9999.000,9999.000,9999.000,9999.000,9999.000,9999.000,9999.000,9999.000
202604161924,   1.334,   2.118,9999.000,9999.000,9999.000,9999.000,9999.000,9999.000,9999.000
202604161930,   1.261,9999.000,9999.000,9999.000,9999.000,9999.000,9999.000,9999.000,9999.000
202604161936,   1.188,9999.000,9999.000,9999.000,9999.000,9999.000,9999.000,9999.000,9999.000
202604161942,   1.115,9999.000,9999.000,9999.000,9999.000,9999.000,9999.000,9999.000,9999.000
202604161948,   1.043,9999.000,9999.000,9999.000,9999.000,9999.000,9999.000,9999.000,9999.000
202604161954,   0.970,   1.807,9999.000,9999.000,9999.000,9999.000,9999.000,9999.000,9999.000
202604162000,   0.899,   1.807,   0.500,   0.408,   1.807,   0.500,   1.807,   0.600,   1.907
202604162006,   0.828,9999.000,9999.000,9999.000,9999.000,9999.000,9999.000,9999.000,9999.000
202604162012,   0.758,9999.000,9999.000,9999.000,9999.000,9999.000,9999.000,9999.000,9999.000
202604162018,   0.688,9999.000,9999.000,9999.000,9999.000,9999.000,9999.000,9999.000,9999.000
202604162024,   0.620,   1.495,9999.000,9999.000,9999.000,9999.000,9999.000,9999.000,9999.000
202604162030,   0.553,9999.000,9999.000,9999.000,9999.000,9999.000,9999.000,9999.000,9999.000
202604162036,   0.487,9999.000,9999.000,9999.000,9999.000,9999.000,9999.000,9999.000,9999.000
202604162042,   0.423,9999.000,9999.000,9999.000,9999.000,9999.000,9999.000,9999.000,9999.000
202604162048,   0.360,9999.000,9999.000,9999.000,9999.000,9999.000,9999.000,9999.000,9999.000
202604162054,   0.299,   1.187,9999.000,9999.000,9999.000,9999.000,9999.000,9999.000,9999.000
202604162100,   0.240,   1.187,   0.600,   0.347,   1.187,   0.500,   1.087,   0.600,   1.187
202604162106,   0.183,9999.000,9999.000,9999.000,9999.000,9999.000,9999.000,9999.000,9999.000
202604162112,   0.128,9999.000,9999.000,9999.000,9999.000,9999.000,9999.000,9999.000,9999.000
202604162118,   0.076,9999.000,9999.000,9999.000,9999.000,9999.000,9999.000,9999.000,9999.000
202604162124,   0.026,   0.888,9999.000,9999.000,9999.000,9999.000,9999.000,9999.000,9999.000
202604162130,  -0.020,9999.000,9999.000,9999.000,9999.000,9999.000,9999.000,9999.000,9999.000
202604162136,  -0.064,9999.000,9999.000,9999.000,9999.000,9999.000,9999.000,9999.000,9999.000
202604162142,  -0.104,9999.000,9999.000,9999.000,9999.000,9999.000,9999.000,9999.000,9999.000
202604162148,  -0.142,9999.000,9999.000,9999.000,9999.000,9999.000,9999.000,9999.000,9999.000
202604162154,  -0.175,   0.623,9999.000,9999.000,9999.000,9999.000,9999.000,9999.000,9999.000
202604162200,  -0.205,   0.623,   0.600,   0.228,   0.623,   0.600,   0.623,   0.700,   0.723
202604162206,  -0.231,9999.000,9999.000,9999.000,9999.000,9999.000,9999.000,9999.000,9999.000
202604162212,  -0.252,9999.000,9999.000,9999.000,9999.000,9999.000,9999.000,9999.000,9999.000
202604162218,  -0.270,9999.000,9999.000,9999.000,9999.000,9999.000,9999.000,9999.000,9999.000
202604162224,  -0.283,   0.377,9999.000,9999.000,9999.000,9999.000,9999.000,9999.000,9999.000
202604162230,  -0.291,9999.000,9999.000,9999.000,9999.000,9999.000,9999.000,9999.000,9999.000
202604162236,  -0.294,9999.000,9999.000,9999.000,9999.000,9999.000,9999.000,9999.000,9999.000
202604162242,  -0.293,9999.000,9999.000,9999.000,9999.000,9999.000,9999.000,9999.000,9999.000
202604162248,  -0.287,9999.000,9999.000,9999.000,9999.000,9999.000,9999.000,9999.000,9999.000
202604162254,  -0.276,   0.232,9999.000,9999.000,9999.000,9999.000,9999.000,9999.000,9999.000
202604162300,  -0.260,   0.232,   0.600,  -0.108,   0.232,   0.600,   0.232,   0.700,   0.332
202604162306,  -0.240,9999.000,9999.000,9999.000,9999.000,9999.000,9999.000,9999.000,9999.000
202604162312,  -0.214,9999.000,9999.000,9999.000,9999.000,9999.000,9999.000,9999.000,9999.000
202604162318,  -0.184,9999.000,9999.000,9999.000,9999.000,9999.000,9999.000,9999.000,9999.000
202604162324,  -0.149,   0.282,9999.000,9999.000,9999.000,9999.000,9999.000,9999.000,9999.000
202604162330,  -0.109,9999.000,9999.000,9999.000,9999.000,9999.000,9999.000,9999.000,9999.000
202604162336,  -0.066,9999.000,9999.000,9999.000,9999.000,9999.000,9999.000,9999.000,9999.000
202604162342,  -0.017,9999.000,9999.000,9999.000,9999.000,9999.000,9999.000,9999.000,9999.000
202604162348,   0.034,9999.000,9999.000,9999.000,9999.000,9999.000,9999.000,9999.000,9999.000
202604162354,   0.090,   0.541,9999.000,9999.000,9999.000,9999.000,9999.000,9999.000,9999.000
202604170000,   0.149,   0.541,   0.600,  -0.208,   0.541,   0.600,   0.541,   0.600,   0.541
202604170006,   0.212,9999.000,9999.000,9999.000,9999.000,9999.000,9999.000,9999.000,9999.000
202604170012,   0.278,9999.000,9999.000,9999.000,9999.000,9999.000,9999.000,9999.000,9999.000
202604170018,   0.346,9999.000,9999.000,9999.000,9999.000,9999.000,9999.000,9999.000,9999.000
202604170024,   0.417,   0.934,9999.000,9999.000,9999.000,9999.000,9999.000,9999.000,9999.000
202604170030,   0.490,9999.000,9999.000,9999.000,9999.000,9999.000,9999.000,9999.000,9999.000
202604170036,   0.565,9999.000,9999.000,9999.000,9999.000,9999.000,9999.000,9999.000,9999.000
202604170042,   0.642,9999.000,9999.000,9999.000,9999.000,9999.000,9999.000,9999.000,9999.000
202604170048,   0.719,9999.000,9999.000,9999.000,9999.000,9999.000,9999.000,9999.000,9999.000
202604170054,   0.798,   1.308,9999.000,9999.000,9999.000,9999.000,9999.000,9999.000,9999.000
202604170100,   0.877,   1.308,   0.600,  -0.169,   1.308,   0.600,   1.308,   0.600,   1.308
202604170106,   0.957,9999.000,9999.000,9999.000,9999.000,9999.000,9999.000,9999.000,9999.000
202604170112,   1.036,9999.000,9999.000,9999.000,9999.000,9999.000,9999.000,9999.000,9999.000
202604170118,   1.116,9999.000,9999.000,9999.000,9999.000,9999.000,9999.000,9999.000,9999.000
202604170124,   1.194,   1.692,9999.000,9999.000,9999.000,9999.000,9999.000,9999.000,9999.000
202604170130,   1.273,9999.000,9999.000,9999.000,9999.000,9999.000,9999.000,9999.000,9999.000
202604170136,   1.350,9999.000,9999.000,9999.000,9999.000,9999.000,9999.000,9999.000,9999.000
202604170142,   1.426,9999.000,9999.000,9999.000,9999.000,9999.000,9999.000,9999.000,9999.000
202604170148,   1.501,9999.000,9999.000,9999.000,9999.000,9999.000,9999.000,9999.000,9999.000
202604170154,   1.574,   2.063,9999.000,9999.000,9999.000,9999.000,9999.000,9999.000,9999.000
202604170200,   1.646,   2.063,   0.600,  -0.183,   2.063,   0.600,   2.063,   0.600,   2.063
202604170206,   1.716,9999.000,9999.000,9999.000,9999.000,9999.000,9999.000,9999.000,9999.000
202604170212,   1.784,9999.000,9999.000,9999.000,9999.000,9999.000,9999.000,9999.000,9999.000
202604170218,   1.850,9999.000,9999.000,9999.000,9999.000,9999.000,9999.000,9999.000,9999.000
202604170224,   1.915,   2.397,9999.000,9999.000,9999.000,9999.000,9999.000,9999.000,9999.000
202604170230,   1.977,9999.000,9999.000,9999.000,9999.000,9999.000,9999.000,9999.000,9999.000
202604170236,   2.037,9999.000,9999.000,9999.000,9999.000,9999.000,9999.000,9999.000,9999.000
202604170242,   2.095,9999.000,9999.000,9999.000,9999.000,9999.000,9999.000,9999.000,9999.000
202604170248,   2.151,9999.000,9999.000,9999.000,9999.000,9999.000,9999.000,9999.000,9999.000
202604170254,   2.204,   2.719,9999.000,9999.000,9999.000,9999.000,9999.000,9999.000,9999.000
202604170300,   2.255,   2.719,   0.600,  -0.136,   2.719,   0.600,   2.719,   0.600,   2.719
202604170306,   2.304,9999.000,9999.000,9999.000,9999.000,9999.000,9999.000,9999.000,9999.000
202604170312,   2.350,9999.000,9999.000,9999.000,9999.000,9999.000,9999.000,9999.000,9999.000
202604170318,   2.395,9999.000,9999.000,9999.000,9999.000,9999.000,9999.000,9999.000,9999.000
202604170324,   2.436,   2.978,9999.000,9999.000,9999.000,9999.000,9999.000,9999.000,9999.000
202604170330,   2.476,9999.000,9999.000,9999.000,9999.000,9999.000,9999.000,9999.000,9999.000
202604170336,   2.513,9999.000,9999.000,9999.000,9999.000,9999.000,9999.000,9999.000,9999.000
202604170342,   2.547,9999.000,9999.000,9999.000,9999.000,9999.000,9999.000,9999.000,9999.000
202604170348,   2.579,9999.000,9999.000,9999.000,9999.000,9999.000,9999.000,9999.000,9999.000
202604170354,   2.609,   3.181,9999.000,9999.000,9999.000,9999.000,9999.000,9999.000,9999.000
202604170400,   2.636,   3.181,   0.600,  -0.055,   3.181,   0.600,   3.181,   0.600,   3.181
202604170406,   2.660,9999.000,9999.000,9999.000,9999.000,9999.000,9999.000,9999.000,9999.000
202604170412,   2.682,9999.000,9999.000,9999.000,9999.000,9999.000,9999.000,9999.000,9999.000
202604170418,   2.701,9999.000,9999.000,9999.000,9999.000,9999.000,9999.000,9999.000,9999.000
202604170424,   2.718,   3.325,9999.000,9999.000,9999.000,9999.000,9999.000,9999.000,9999.000
202604170430,   2.731,9999.000,9999.000,9999.000,9999.000,9999.000,9999.000,9999.000,9999.000
202604170436,   2.742,9999.000,9999.000,9999.000,9999.000,9999.000,9999.000,9999.000,9999.000
202604170442,   2.750,9999.000,9999.000,9999.000,9999.000,9999.000,9999.000,9999.000,9999.000
202604170448,   2.755,9999.000,9999.000,9999.000,9999.000,9999.000,9999.000,9999.000,9999.000
202604170454,   2.758,   3.381,9999.000,9999.000,9999.000,9999.000,9999.000,9999.000,9999.000
202604170500,   2.757,   3.381,   0.600,   0.024,   3.381,   0.500,   3.281,   0.600,   3.381
202604170506,   2.754,9999.000,9999.000,9999.000,9999.000,9999.000,9999.000,9999.000,9999.000
202604170512,   2.747,9999.000,9999.000,9999.000,9999.000,9999.000,9999.000,9999.000,9999.000
202604170518,   2.738,9999.000,9999.000,9999.000,9999.000,9999.000,9999.000,9999.000,9999.000
202604170524,   2.726,   3.352,9999.000,9999.000,9999.000,9999.000,9999.000,9999.000,9999.000
202604170530,   2.711,9999.000,9999.000,9999.000,9999.000,9999.000,9999.000,9999.000,9999.000
202604170536,   2.693,9999.000,9999.000,9999.000,9999.000,9999.000,9999.000,9999.000,9999.000
202604170542,   2.673,9999.000,9999.000,9999.000,9999.000,9999.000,9999.000,9999.000,9999.000
202604170548,   2.650,9999.000,9999.000,9999.000,9999.000,9999.000,9999.000,9999.000,9999.000
202604170554,   2.624,   3.260,9999.000,9999.000,9999.000,9999.000,9999.000,9999.000,9999.000
202604170600,   2.596,   3.260,   0.500,   0.164,   3.260,   0.500,   3.260,   0.600,   3.360
202604170606,   2.566,9999.000,9999.000,9999.000,9999.000,9999.000,9999.000,9999.000,9999.000
202604170612,   2.533,9999.000,9999.000,9999.000,9999.000,9999.000,9999.000,9999.000,9999.000
202604170618,   2.498,9999.000,9999.000,9999.000,9999.000,9999.000,9999.000,9999.000,9999.000
202604170624,   2.461,   3.040,9999.000,9999.000,9999.000,9999.000,9999.000,9999.000,9999.000
202604170630,   2.422,9999.000,9999.000,9999.000,9999.000,9999.000,9999.000,9999.000,9999.000
202604170636,   2.382,9999.000,9999.000,9999.000,9999.000,9999.000,9999.000,9999.000,9999.000
202604170642,   2.340,9999.000,9999.000,9999.000,9999.000,9999.000,9999.000,9999.000,9999.000
202604170648,   2.296,9999.000,9999.000,9999.000,9999.000,9999.000,9999.000,9999.000,9999.000
202604170654,   2.251,   2.807,9999.000,9999.000,9999.000,9999.000,9999.000,9999.000,9999.000
202604170700,   2.205,   2.807,   0.500,   0.102,   2.807,   0.500,   2.807,   0.500,   2.807
202604170706,   2.158,9999.000,9999.000,9999.000,9999.000,9999.000,9999.000,9999.000,9999.000
202604170712,   2.110,9999.000,9999.000,9999.000,9999.000,9999.000,9999.000,9999.000,9999.000
202604170718,   2.061,9999.000,9999.000,9999.000,9999.000,9999.000,9999.000,9999.000,9999.000
202604170724,   2.012,   2.591,9999.000,9999.000,9999.000,9999.000,9999.000,9999.000,9999.000
202604170730,   1.962,9999.000,9999.000,9999.000,9999.000,9999.000,9999.000,9999.000,9999.000
202604170736,   1.912,9999.000,9999.000,9999.000,9999.000,9999.000,9999.000,9999.000,9999.000
202604170742,   1.862,9999.000,9999.000,9999.000,9999.000,9999.000,9999.000,9999.000,9999.000
202604170748,   1.812,9999.000,9999.000,9999.000,9999.000,9999.000,9999.000,9999.000,9999.000
202604170754,   1.761,   2.351,9999.000,9999.000,9999.000,9999.000,9999.000,9999.000,9999.000
202604170800,   1.711,   2.351,   0.500,   0.140,   2.351,   0.500,   2.351,   0.500,   2.351
202604170806,   1.661,9999.000,9999.000,9999.000,9999.000,9999.000,9999.000,9999.000,9999.000
202604170812,   1.611,9999.000,9999.000,9999.000,9999.000,9999.000,9999.000,9999.000,9999.000
202604170818,   1.562,9999.000,9999.000,9999.000,9999.000,9999.000,9999.000,9999.000,9999.000
202604170824,   1.513,   2.095,9999.000,9999.000,9999.000,9999.000,9999.000,9999.000,9999.000
202604170830,   1.465,9999.000,9999.000,9999.000,9999.000,9999.000,9999.000,9999.000,9999.000
202604170836,   1.418,9999.000,9999.000,9999.000,9999.000,9999.000,9999.000,9999.000,9999.000
202604170842,   1.371,9999.000,9999.000,9999.000,9999.000,9999.000,9999.000,9999.000,9999.000
202604170848,   1.326,9999.000,9999.000,9999.000,9999.000,9999.000,9999.000,9999.000,9999.000
202604170854,   1.281,   1.866,9999.000,9999.000,9999.000,9999.000,9999.000,9999.000,9999.000
202604170900,   1.237,   1.866,   0.500,   0.129,   1.866,   0.500,   1.866,   0.600,   1.966
202604170906,   1.195,9999.000,9999.000,9999.000,9999.000,9999.000,9999.000,9999.000,9999.000
202604170912,   1.154,9999.000,9999.000,9999.000,9999.000,9999.000,9999.000,9999.000,9999.000
202604170918,   1.114,9999.000,9999.000,9999.000,9999.000,9999.000,9999.000,9999.000,9999.000
202604170924,   1.076,   1.666,9999.000,9999.000,9999.000,9999.000,9999.000,9999.000,9999.000
202604170930,   1.040,9999.000,9999.000,9999.000,9999.000,9999.000,9999.000,9999.000,9999.000
202604170936,   1.006,9999.000,9999.000,9999.000,9999.000,9999.000,9999.000,9999.000,9999.000
202604170942,   0.973,9999.000,9999.000,9999.000,9999.000,9999.000,9999.000,9999.000,9999.000
202604170948,   0.943,9999.000,9999.000,9999.000,9999.000,9999.000,9999.000,9999.000,9999.000
202604170954,   0.915,   1.482,9999.000,9999.000,9999.000,9999.000,9999.000,9999.000,9999.000
202604171000,   0.889,   1.482,   0.600,  -0.007,   1.482,   0.500,   1.382,   0.600,   1.482
202604171006,   0.867,9999.000,9999.000,9999.000,9999.000,9999.000,9999.000,9999.000,9999.000
202604171012,   0.846,9999.000,9999.000,9999.000,9999.000,9999.000,9999.000,9999.000,9999.000
202604171018,   0.829,9999.000,9999.000,9999.000,9999.000,9999.000,9999.000,9999.000,9999.000
202604171024,   0.815,   1.348,9999.000,9999.000,9999.000,9999.000,9999.000,9999.000,9999.000
202604171030,   0.804,9999.000,9999.000,9999.000,9999.000,9999.000,9999.000,9999.000,9999.000
202604171036,   0.796,9999.000,9999.000,9999.000,9999.000,9999.000,9999.000,9999.000,9999.000
202604171042,   0.792,9999.000,9999.000,9999.000,9999.000,9999.000,9999.000,9999.000,9999.000
202604171048,   0.791,9999.000,9999.000,9999.000,9999.000,9999.000,9999.000,9999.000,9999.000
202604171054,   0.794,   1.334,9999.000,9999.000,9999.000,9999.000,9999.000,9999.000,9999.000
202604171100,   0.801,   1.334,   0.600,  -0.067,   1.334,   0.500,   1.234,   0.600,   1.334
202604171106,   0.812,9999.000,9999.000,9999.000,9999.000,9999.000,9999.000,9999.000,9999.000
202604171112,   0.826,9999.000,9999.000,9999.000,9999.000,9999.000,9999.000,9999.000,9999.000
202604171118,   0.845,9999.000,9999.000,9999.000,9999.000,9999.000,9999.000,9999.000,9999.000
202604171124,   0.867,   1.439,9999.000,9999.000,9999.000,9999.000,9999.000,9999.000,9999.000
202604171130,   0.893,9999.000,9999.000,9999.000,9999.000,9999.000,9999.000,9999.000,9999.000
202604171136,   0.923,9999.000,9999.000,9999.000,9999.000,9999.000,9999.000,9999.000,9999.000
202604171142,   0.956,9999.000,9999.000,9999.000,9999.000,9999.000,9999.000,9999.000,9999.000
202604171148,   0.994,9999.000,9999.000,9999.000,9999.000,9999.000,9999.000,9999.000,9999.000
202604171154,   1.034,   1.639,9999.000,9999.000,9999.000,9999.000,9999.000,9999.000,9999.000
202604171200,   1.078,   1.639,   0.600,  -0.039,   1.639,   0.500,   1.539,   0.600,   1.639
202604171206,   1.126,9999.000,9999.000,9999.000,9999.000,9999.000,9999.000,9999.000,9999.000
202604171212,   1.176,9999.000,9999.000,9999.000,9999.000,9999.000,9999.000,9999.000,9999.000
202604171218,   1.229,9999.000,9999.000,9999.000,9999.000,9999.000,9999.000,9999.000,9999.000
202604171224,   1.285,   1.938,9999.000,9999.000,9999.000,9999.000,9999.000,9999.000,9999.000
202604171230,   1.343,9999.000,9999.000,9999.000,9999.000,9999.000,9999.000,9999.000,9999.000
202604171236,   1.403,9999.000,9999.000,9999.000,9999.000,9999.000,9999.000,9999.000,9999.000
202604171242,   1.465,9999.000,9999.000,9999.000,9999.000,9999.000,9999.000,9999.000,9999.000
202604171248,   1.528,9999.000,9999.000,9999.000,9999.000,9999.000,9999.000,9999.000,9999.000
202604171254,   1.592,   2.230,9999.000,9999.000,9999.000,9999.000,9999.000,9999.000,9999.000
202604171300,   1.658,   2.230,   0.500,   0.072,   2.230,   0.500,   2.230,   0.600,   2.330
202604171306,   1.724,9999.000,9999.000,9999.000,9999.000,9999.000,9999.000,9999.000,9999.000
202604171312,   1.790,9999.000,9999.000,9999.000,9999.000,9999.000,9999.000,9999.000,9999.000
202604171318,   1.857,9999.000,9999.000,9999.000,9999.000,9999.000,9999.000,9999.000,9999.000
202604171324,   1.923,   2.519,9999.000,9999.000,9999.000,9999.000,9999.000,9999.000,9999.000
202604171330,   1.989,9999.000,9999.000,9999.000,9999.000,9999.000,9999.000,9999.000,9999.000
202604171336,   2.054,9999.000,9999.000,9999.000,9999.000,9999.000,9999.000,9999.000,9999.000
202604171342,   2.118,9999.000,9999.000,9999.000,9999.000,9999.000,9999.000,9999.000,9999.000
202604171348,   2.181,9999.000,9999.000,9999.000,9999.000,9999.000,9999.000,9999.000,9999.000
202604171354,   2.242,   2.794,9999.000,9999.000,9999.000,9999.000,9999.000,9999.000,9999.000
202604171400,   2.302,   2.794,   0.500,  -0.008,   2.794,   0.500,   2.794,   0.600,   2.894
202604171406,   2.360,9999.000,9999.000,9999.000,9999.000,9999.000,9999.000,9999.000,9999.000
202604171412,   2.416,9999.000,9999.000,9999.000,9999.000,9999.000,9999.000,9999.000,9999.000
202604171418,   2.470,9999.000,9999.000,9999.000,9999.000,9999.000,9999.000,9999.000,9999.000
202604171424,   2.522,   3.033,9999.000,9999.000,9999.000,9999.000,9999.000,9999.000,9999.000
202604171430,   2.571,9999.000,9999.000,9999.000,9999.000,9999.000,9999.000,9999.000,9999.000
202604171436,   2.618,9999.000,9999.000,9999.000,9999.000,9999.000,9999.000,9999.000,9999.000
202604171442,   2.663,9999.000,9999.000,9999.000,9999.000,9999.000,9999.000,9999.000,9999.000
202604171448,   2.705,9999.000,9999.000,9999.000,9999.000,9999.000,9999.000,9999.000,9999.000
202604171454,   2.744,   3.201,9999.000,9999.000,9999.000,9999.000,9999.000,9999.000,9999.000
202604171500,   2.781,   3.201,   0.500,  -0.080,   3.201,   0.500,   3.201,   0.600,   3.301
202604171506,   2.815,9999.000,9999.000,9999.000,9999.000,9999.000,9999.000,9999.000,9999.000
202604171512,   2.847,9999.000,9999.000,9999.000,9999.000,9999.000,9999.000,9999.000,9999.000
202604171518,   2.876,9999.000,9999.000,9999.000,9999.000,9999.000,9999.000,9999.000,9999.000
202604171524,   2.902,   3.365,9999.000,9999.000,9999.000,9999.000,9999.000,9999.000,9999.000
202604171530,   2.926,9999.000,9999.000,9999.000,9999.000,9999.000,9999.000,9999.000,9999.000
202604171536,   2.947,9999.000,9999.000,9999.000,9999.000,9999.000,9999.000,9999.000,9999.000
202604171542,   2.965,9999.000,9999.000,9999.000,9999.000,9999.000,9999.000,9999.000,9999.000
202604171548,   2.981,9999.000,9999.000,9999.000,9999.000,9999.000,9999.000,9999.000,9999.000
202604171554,   2.994,   3.489,9999.000,9999.000,9999.000,9999.000,9999.000,9999.000,9999.000
202604171600,   3.005,   3.489,   0.500,  -0.016,   3.489,   0.500,   3.489,   0.600,   3.589
202604171606,   3.013,9999.000,9999.000,9999.000,9999.000,9999.000,9999.000,9999.000,9999.000
202604171612,   3.019,9999.000,9999.000,9999.000,9999.000,9999.000,9999.000,9999.000,9999.000
202604171618,   3.022,9999.000,9999.000,9999.000,9999.000,9999.000,9999.000,9999.000,9999.000
202604171624,   3.022,   3.568,9999.000,9999.000,9999.000,9999.000,9999.000,9999.000,9999.000
202604171630,   3.020,9999.000,9999.000,9999.000,9999.000,9999.000,9999.000,9999.000,9999.000
202604171636,   3.015,9999.000,9999.000,9999.000,9999.000,9999.000,9999.000,9999.000,9999.000
202604171642,   3.007,9999.000,9999.000,9999.000,9999.000,9999.000,9999.000,9999.000,9999.000
202604171648,   2.997,9999.000,9999.000,9999.000,9999.000,9999.000,9999.000,9999.000,9999.000
202604171654,   2.983,   3.571,9999.000,9999.000,9999.000,9999.000,9999.000,9999.000,9999.000
202604171700,   2.968,   3.571,   0.500,   0.103,   3.571,   0.500,   3.571,   0.600,   3.671
202604171706,   2.949,9999.000,9999.000,9999.000,9999.000,9999.000,9999.000,9999.000,9999.000
202604171712,   2.927,9999.000,9999.000,9999.000,9999.000,9999.000,9999.000,9999.000,9999.000
202604171718,   2.903,9999.000,9999.000,9999.000,9999.000,9999.000,9999.000,9999.000,9999.000
202604171724,   2.875,   3.512,9999.000,9999.000,9999.000,9999.000,9999.000,9999.000,9999.000
202604171730,   2.845,9999.000,9999.000,9999.000,9999.000,9999.000,9999.000,9999.000,9999.000
202604171736,   2.812,9999.000,9999.000,9999.000,9999.000,9999.000,9999.000,9999.000,9999.000
202604171742,   2.776,9999.000,9999.000,9999.000,9999.000,9999.000,9999.000,9999.000,9999.000
202604171748,   2.737,9999.000,9999.000,9999.000,9999.000,9999.000,9999.000,9999.000,9999.000
202604171754,   2.695,   3.266,9999.000,9999.000,9999.000,9999.000,9999.000,9999.000,9999.000
202604171800,   2.650,   3.266,   0.500,   0.116,   3.266,   0.400,   3.166,   0.600,   3.366
202604171806,   2.603,9999.000,9999.000,9999.000,9999.000,9999.000,9999.000,9999.000,9999.000
202604171812,   2.553,9999.000,9999.000,9999.000,9999.000,9999.000,9999.000,9999.000,9999.000
202604171818,   2.499,9999.000,9999.000,9999.000,9999.000,9999.000,9999.000,9999.000,9999.000
202604171824,   2.444,   2.997,9999.000,9999.000,9999.000,9999.000,9999.000,9999.000,9999.000
202604171830,   2.386,9999.000,9999.000,9999.000,9999.000,9999.000,9999.000,9999.000,9999.000
202604171836,   2.325,9999.000,9999.000,9999.000,9999.000,9999.000,9999.000,9999.000,9999.000
202604171842,   2.262,9999.000,9999.000,9999.000,9999.000,9999.000,9999.000,9999.000,9999.000
202604171848,   2.197,9999.000,9999.000,9999.000,9999.000,9999.000,9999.000,9999.000,9999.000
202604171854,   2.129,   2.728,9999.000,9999.000,9999.000,9999.000,9999.000,9999.000,9999.000
202604171900,   2.060,   2.728,   0.500,   0.168,   2.728,   0.400,   2.628,   0.600,   2.828
202604171906,   1.989,9999.000,9999.000,9999.000,9999.000,9999.000,9999.000,9999.000,9999.000
202604171912,   1.916,9999.000,9999.000,9999.000,9999.000,9999.000,9999.000,9999.000,9999.000
202604171918,   1.841,9999.000,9999.000,9999.000,9999.000,9999.000,9999.000,9999.000,9999.000
202604171924,   1.765,   2.410,9999.000,9999.000,9999.000,9999.000,9999.000,9999.000,9999.000
202604171930,   1.688,9999.000,9999.000,9999.000,9999.000,9999.000,9999.000,9999.000,9999.000
202604171936,   1.610,9999.000,9999.000,9999.000,9999.000,9999.000,9999.000,9999.000,9999.000
202604171942,   1.531,9999.000,9999.000,9999.000,9999.000,9999.000,9999.000,9999.000,9999.000
202604171948,   1.451,9999.000,9999.000,9999.000,9999.000,9999.000,9999.000,9999.000,9999.000
202604171954,   1.371,   2.079,9999.000,9999.000,9999.000,9999.000,9999.000,9999.000,9999.000
202604172000,   1.290,   2.079,   0.600,   0.189,   2.079,   0.500,   1.979,   0.600,   2.079
202604172006,   1.209,9999.000,9999.000,9999.000,9999.000,9999.000,9999.000,9999.000,9999.000
202604172012,   1.128,9999.000,9999.000,9999.000,9999.000,9999.000,9999.000,9999.000,9999.000
202604172018,   1.047,9999.000,9999.000,9999.000,9999.000,9999.000,9999.000,9999.000,9999.000
202604172024,   0.966,   1.738,9999.000,9999.000,9999.000,9999.000,9999.000,9999.000,9999.000
202604172030,   0.885,9999.000,9999.000,9999.000,9999.000,9999.000,9999.000,9999.000,9999.000
202604172036,   0.805,9999.000,9999.000,9999.000,9999.000,9999.000,9999.000,9999.000,9999.000
202604172042,   0.726,9999.000,9999.000,9999.000,9999.000,9999.000,9999.000,9999.000,9999.000
202604172048,   0.647,9999.000,9999.000,9999.000,9999.000,9999.000,9999.000,9999.000,9999.000
202604172054,   0.569,   1.377,9999.000,9999.000,9999.000,9999.000,9999.000,9999.000,9999.000
202604172100,   0.492,   1.377,   0.600,   0.285,   1.377,   0.500,   1.277,   0.600,   1.377
202604172106,   0.417,9999.000,9999.000,9999.000,9999.000,9999.000,9999.000,9999.000,9999.000
202604172112,   0.342,9999.000,9999.000,9999.000,9999.000,9999.000,9999.000,9999.000,9999.000
202604172118,   0.270,9999.000,9999.000,9999.000,9999.000,9999.000,9999.000,9999.000,9999.000
202604172124,   0.199,   1.033,9999.000,9999.000,9999.000,9999.000,9999.000,9999.000,9999.000
202604172130,   0.130,9999.000,9999.000,9999.000,9999.000,9999.000,9999.000,9999.000,9999.000
202604172136,   0.062,9999.000,9999.000,9999.000,9999.000,9999.000,9999.000,9999.000,9999.000
202604172142,  -0.002,9999.000,9999.000,9999.000,9999.000,9999.000,9999.000,9999.000,9999.000
202604172148,  -0.064,9999.000,9999.000,9999.000,9999.000,9999.000,9999.000,9999.000,9999.000
202604172154,  -0.125,   0.688,9999.000,9999.000,9999.000,9999.000,9999.000,9999.000,9999.000
202604172200,  -0.182,   0.688,   0.600,   0.270,   0.688,   0.600,   0.688,   0.700,   0.788
202604172206,  -0.237,9999.000,9999.000,9999.000,9999.000,9999.000,9999.000,9999.000,9999.000
202604172212,  -0.289,9999.000,9999.000,9999.000,9999.000,9999.000,9999.000,9999.000,9999.000
202604172218,  -0.337,9999.000,9999.000,9999.000,9999.000,9999.000,9999.000,9999.000,9999.000
202604172224,  -0.382,   0.357,9999.000,9999.000,9999.000,9999.000,9999.000,9999.000,9999.000
202604172230,  -0.423,9999.000,9999.000,9999.000,9999.000,9999.000,9999.000,9999.000,9999.000
202604172236,  -0.461,9999.000,9999.000,9999.000,9999.000,9999.000,9999.000,9999.000,9999.000
202604172242,  -0.494,9999.000,9999.000,9999.000,9999.000,9999.000,9999.000,9999.000,9999.000
202604172248,  -0.524,9999.000,9999.000,9999.000,9999.000,9999.000,9999.000,9999.000,9999.000
202604172254,  -0.549,   0.068,9999.000,9999.000,9999.000,9999.000,9999.000,9999.000,9999.000
202604172300,  -0.569,   0.068,   0.600,   0.037,   0.068,   0.600,   0.068,   0.700,   0.168
202604172306,  -0.585,9999.000,9999.000,9999.000,9999.000,9999.000,9999.000,9999.000,9999.000
202604172312,  -0.596,9999.000,9999.000,9999.000,9999.000,9999.000,9999.000,9999.000,9999.000
202604172318,  -0.602,9999.000,9999.000,9999.000,9999.000,9999.000,9999.000,9999.000,9999.000
202604172324,  -0.603,  -0.163,9999.000,9999.000,9999.000,9999.000,9999.000,9999.000,9999.000
202604172330,  -0.599,9999.000,9999.000,9999.000,9999.000,9999.000,9999.000,9999.000,9999.000
202604172336,  -0.590,9999.000,9999.000,9999.000,9999.000,9999.000,9999.000,9999.000,9999.000
202604172342,  -0.576,9999.000,9999.000,9999.000,9999.000,9999.000,9999.000,9999.000,9999.000
202604172348,  -0.556,9999.000,9999.000,9999.000,9999.000,9999.000,9999.000,9999.000,9999.000
202604172354,  -0.532,  -0.262,9999.000,9999.000,9999.000,9999.000,9999.000,9999.000,9999.000
202604180000,  -0.502,  -0.262,   0.600,  -0.360,  -0.262,   0.600,  -0.262,   0.600,  -0.262
202604180006,  -0.467,9999.000,9999.000,9999.000,9999.000,9999.000,9999.000,9999.000,9999.000
202604180012,  -0.428,9999.000,9999.000,9999.000,9999.000,9999.000,9999.000,9999.000,9999.000
202604180018,  -0.383,9999.000,9999.000,9999.000,9999.000,9999.000,9999.000,9999.000,9999.000
202604180024,  -0.334,  -0.124,9999.000,9999.000,9999.000,9999.000,9999.000,9999.000,9999.000
202604180030,  -0.280,9999.000,9999.000,9999.000,9999.000,9999.000,9999.000,9999.000,9999.000
202604180036,  -0.223,9999.000,9999.000,9999.000,9999.000,9999.000,9999.000,9999.000,9999.000
202604180042,  -0.161,9999.000,9999.000,9999.000,9999.000,9999.000,9999.000,9999.000,9999.000
202604180048,  -0.095,9999.000,9999.000,9999.000,9999.000,9999.000,9999.000,9999.000,9999.000
202604180054,  -0.026,   0.285,9999.000,9999.000,9999.000,9999.000,9999.000,9999.000,9999.000
202604180100,   0.045,   0.285,   0.600,  -0.360,   0.285,   0.600,   0.285,   0.700,   0.385
202604180106,   0.120,9999.000,9999.000,9999.000,9999.000,9999.000,9999.000,9999.000,9999.000
202604180112,   0.198,9999.000,9999.000,9999.000,9999.000,9999.000,9999.000,9999.000,9999.000
202604180118,   0.278,9999.000,9999.000,9999.000,9999.000,9999.000,9999.000,9999.000,9999.000
202604180124,   0.359,   0.675,9999.000,9999.000,9999.000,9999.000,9999.000,9999.000,9999.000
202604180130,   0.443,9999.000,9999.000,9999.000,9999.000,9999.000,9999.000,9999.000,9999.000
202604180136,   0.527,9999.000,9999.000,9999.000,9999.000,9999.000,9999.000,9999.000,9999.000
202604180142,   0.612,9999.000,9999.000,9999.000,9999.000,9999.000,9999.000,9999.000,9999.000
202604180148,   0.698,9999.000,9999.000,9999.000,9999.000,9999.000,9999.000,9999.000,9999.000
202604180154,   0.784,   1.082,9999.000,9999.000,9999.000,9999.000,9999.000,9999.000,9999.000
202604180200,   0.870,   1.082,   0.600,  -0.388,   1.082,   0.600,   1.082,   0.700,   1.182
202604180206,   0.956,9999.000,9999.000,9999.000,9999.000,9999.000,9999.000,9999.000,9999.000
202604180212,   1.040,9999.000,9999.000,9999.000,9999.000,9999.000,9999.000,9999.000,9999.000
202604180218,   1.124,9999.000,9999.000,9999.000,9999.000,9999.000,9999.000,9999.000,9999.000
202604180224,   1.207,   1.472,9999.000,9999.000,9999.000,9999.000,9999.000,9999.000,9999.000
202604180230,   1.288,9999.000,9999.000,9999.000,9999.000,9999.000,9999.000,9999.000,9999.000
202604180236,   1.368,9999.000,9999.000,9999.000,9999.000,9999.000,9999.000,9999.000,9999.000
202604180242,   1.445,9999.000,9999.000,9999.000,9999.000,9999.000,9999.000,9999.000,9999.000
202604180248,   1.521,9999.000,9999.000,9999.000,9999.000,9999.000,9999.000,9999.000,9999.000
202604180254,   1.595,   1.872,9999.000,9999.000,9999.000,9999.000,9999.000,9999.000,9999.000
202604180300,   1.666,   1.872,   0.600,  -0.394,   1.872,   0.600,   1.872,   0.600,   1.872
202604180306,   1.735,9999.000,9999.000,9999.000,9999.000,9999.000,9999.000,9999.000,9999.000
202604180312,   1.801,9999.000,9999.000,9999.000,9999.000,9999.000,9999.000,9999.000,9999.000
202604180318,   1.865,9999.000,9999.000,9999.000,9999.000,9999.000,9999.000,9999.000,9999.000
202604180324,   1.927,   2.217,9999.000,9999.000,9999.000,9999.000,9999.000,9999.000,9999.000
202604180330,   1.986,9999.000,9999.000,9999.000,9999.000,9999.000,9999.000,9999.000,9999.000
202604180336,   2.042,9999.000,9999.000,9999.000,9999.000,9999.000,9999.000,9999.000,9999.000
202604180342,   2.095,9999.000,9999.000,9999.000,9999.000,9999.000,9999.000,9999.000,9999.000
202604180348,   2.146,9999.000,9999.000,9999.000,9999.000,9999.000,9999.000,9999.000,9999.000
202604180354,   2.195,   2.551,9999.000,9999.000,9999.000,9999.000,9999.000,9999.000,9999.000
202604180400,   2.240,   2.551,   0.600,  -0.289,   2.551,   0.600,   2.551,   0.600,   2.551
202604180406,   2.283,9999.000,9999.000,9999.000,9999.000,9999.000,9999.000,9999.000,9999.000
202604180412,   2.324,9999.000,9999.000,9999.000,9999.000,9999.000,9999.000,9999.000,9999.000
202604180418,   2.362,9999.000,9999.000,9999.000,9999.000,9999.000,9999.000,9999.000,9999.000
202604180424,   2.397,   2.824,9999.000,9999.000,9999.000,9999.000,9999.000,9999.000,9999.000
202604180430,   2.430,9999.000,9999.000,9999.000,9999.000,9999.000,9999.000,9999.000,9999.000
202604180436,   2.461,9999.000,9999.000,9999.000,9999.000,9999.000,9999.000,9999.000,9999.000
202604180442,   2.489,9999.000,9999.000,9999.000,9999.000,9999.000,9999.000,9999.000,9999.000
202604180448,   2.514,9999.000,9999.000,9999.000,9999.000,9999.000,9999.000,9999.000,9999.000
202604180454,   2.537,   3.053,9999.000,9999.000,9999.000,9999.000,9999.000,9999.000,9999.000
202604180500,   2.558,   3.053,   0.600,  -0.105,   3.053,   0.600,   3.053,   0.600,   3.053
202604180506,   2.576,9999.000,9999.000,9999.000,9999.000,9999.000,9999.000,9999.000,9999.000
202604180512,   2.592,9999.000,9999.000,9999.000,9999.000,9999.000,9999.000,9999.000,9999.000
202604180518,   2.605,9999.000,9999.000,9999.000,9999.000,9999.000,9999.000,9999.000,9999.000
202604180524,   2.615,   3.171,9999.000,9999.000,9999.000,9999.000,9999.000,9999.000,9999.000
202604180530,   2.623,9999.000,9999.000,9999.000,9999.000,9999.000,9999.000,9999.000,9999.000
202604180536,   2.629,9999.000,9999.000,9999.000,9999.000,9999.000,9999.000,9999.000,9999.000
202604180542,   2.632,9999.000,9999.000,9999.000,9999.000,9999.000,9999.000,9999.000,9999.000
202604180548,   2.632,9999.000,9999.000,9999.000,9999.000,9999.000,9999.000,9999.000,9999.000
202604180554,   2.630,   3.243,9999.000,9999.000,9999.000,9999.000,9999.000,9999.000,9999.000
202604180600,   2.626,   3.243,   0.600,   0.017,   3.243,   0.500,   3.143,   0.600,   3.243
202604180606,   2.619,9999.000,9999.000,9999.000,9999.000,9999.000,9999.000,9999.000,9999.000
202604180612,   2.609,9999.000,9999.000,9999.000,9999.000,9999.000,9999.000,9999.000,9999.000
202604180618,   2.597,9999.000,9999.000,9999.000,9999.000,9999.000,9999.000,9999.000,9999.000
202604180624,   2.582,   3.181,9999.000,9999.000,9999.000,9999.000,9999.000,9999.000,9999.000
202604180630,   2.565,9999.000,9999.000,9999.000,9999.000,9999.000,9999.000,9999.000,9999.000
202604180636,   2.545,9999.000,9999.000,9999.000,9999.000,9999.000,9999.000,9999.000,9999.000
202604180642,   2.523,9999.000,9999.000,9999.000,9999.000,9999.000,9999.000,9999.000,9999.000
202604180648,   2.499,9999.000,9999.000,9999.000,9999.000,9999.000,9999.000,9999.000,9999.000
202604180654,   2.473,   3.076,9999.000,9999.000,9999.000,9999.000,9999.000,9999.000,9999.000
202604180700,   2.445,   3.076,   0.600,   0.031,   3.076,   0.500,   2.976,   0.600,   3.076
202604180706,   2.414,9999.000,9999.000,9999.000,9999.000,9999.000,9999.000,9999.000,9999.000
202604180712,   2.382,9999.000,9999.000,9999.000,9999.000,9999.000,9999.000,9999.000,9999.000
202604180718,   2.348,9999.000,9999.000,9999.000,9999.000,9999.000,9999.000,9999.000,9999.000
202604180724,   2.313,   2.850,9999.000,9999.000,9999.000,9999.000,9999.000,9999.000,9999.000
202604180730,   2.276,9999.000,9999.000,9999.000,9999.000,9999.000,9999.000,9999.000,9999.000
202604180736,   2.237,9999.000,9999.000,9999.000,9999.000,9999.000,9999.000,9999.000,9999.000
202604180742,   2.197,9999.000,9999.000,9999.000,9999.000,9999.000,9999.000,9999.000,9999.000
202604180748,   2.157,9999.000,9999.000,9999.000,9999.000,9999.000,9999.000,9999.000,9999.000
202604180754,   2.115,   2.643,9999.000,9999.000,9999.000,9999.000,9999.000,9999.000,9999.000
202604180800,   2.073,   2.643,   0.600,  -0.030,   2.643,   0.500,   2.543,   0.600,   2.643
202604180806,   2.030,9999.000,9999.000,9999.000,9999.000,9999.000,9999.000,9999.000,9999.000
202604180812,   1.986,9999.000,9999.000,9999.000,9999.000,9999.000,9999.000,9999.000,9999.000
202604180818,   1.942,9999.000,9999.000,9999.000,9999.000,9999.000,9999.000,9999.000,9999.000
202604180824,   1.898,   2.433,9999.000,9999.000,9999.000,9999.000,9999.000,9999.000,9999.000
202604180830,   1.853,9999.000,9999.000,9999.000,9999.000,9999.000,9999.000,9999.000,9999.000
202604180836,   1.809,9999.000,9999.000,9999.000,9999.000,9999.000,9999.000,9999.000,9999.000
202604180842,   1.765,9999.000,9999.000,9999.000,9999.000,9999.000,9999.000,9999.000,9999.000
202604180848,   1.721,9999.000,9999.000,9999.000,9999.000,9999.000,9999.000,9999.000,9999.000
202604180854,   1.677,   2.256,9999.000,9999.000,9999.000,9999.000,9999.000,9999.000,9999.000
202604180900,   1.634,   2.256,   0.600,   0.022,   2.256,   0.600,   2.256,   0.600,   2.256
202604180906,   1.592,9999.000,9999.000,9999.000,9999.000,9999.000,9999.000,9999.000,9999.000
202604180912,   1.550,9999.000,9999.000,9999.000,9999.000,9999.000,9999.000,9999.000,9999.000
202604180918,   1.509,9999.000,9999.000,9999.000,9999.000,9999.000,9999.000,9999.000,9999.000
202604180924,   1.469,   2.072,9999.000,9999.000,9999.000,9999.000,9999.000,9999.000,9999.000
202604180930,   1.429,9999.000,9999.000,9999.000,9999.000,9999.000,9999.000,9999.000,9999.000
202604180936,   1.391,9999.000,9999.000,9999.000,9999.000,9999.000,9999.000,9999.000,9999.000
202604180942,   1.354,9999.000,9999.000,9999.000,9999.000,9999.000,9999.000,9999.000,9999.000
202604180948,   1.318,9999.000,9999.000,9999.000,9999.000,9999.000,9999.000,9999.000,9999.000
202604180954,   1.283,   1.889,9999.000,9999.000,9999.000,9999.000,9999.000,9999.000,9999.000
202604181000,   1.250,   1.889,   0.600,   0.039,   1.889,   0.600,   1.889,   0.600,   1.889
202604181006,   1.219,9999.000,9999.000,9999.000,9999.000,9999.000,9999.000,9999.000,9999.000
202604181012,   1.189,9999.000,9999.000,9999.000,9999.000,9999.000,9999.000,9999.000,9999.000
202604181018,   1.161,9999.000,9999.000,9999.000,9999.000,9999.000,9999.000,9999.000,9999.000
202604181024,   1.134,   1.738,9999.000,9999.000,9999.000,9999.000,9999.000,9999.000,9999.000
202604181030,   1.110,9999.000,9999.000,9999.000,9999.000,9999.000,9999.000,9999.000,9999.000
202604181036,   1.088,9999.000,9999.000,9999.000,9999.000,9999.000,9999.000,9999.000,9999.000
202604181042,   1.068,9999.000,9999.000,9999.000,9999.000,9999.000,9999.000,9999.000,9999.000
202604181048,   1.050,9999.000,9999.000,9999.000,9999.000,9999.000,9999.000,9999.000,9999.000
202604181054,   1.035,   1.623,9999.000,9999.000,9999.000,9999.000,9999.000,9999.000,9999.000
202604181100,   1.022,   1.623,   0.600,   0.001,   1.623,   0.600,   1.623,   0.600,   1.623
202604181106,   1.013,9999.000,9999.000,9999.000,9999.000,9999.000,9999.000,9999.000,9999.000
202604181112,   1.006,9999.000,9999.000,9999.000,9999.000,9999.000,9999.000,9999.000,9999.000
202604181118,   1.002,9999.000,9999.000,9999.000,9999.000,9999.000,9999.000,9999.000,9999.000
202604181124,   1.002,   1.544,9999.000,9999.000,9999.000,9999.000,9999.000,9999.000,9999.000
202604181130,   1.004,9999.000,9999.000,9999.000,9999.000,9999.000,9999.000,9999.000,9999.000
202604181136,   1.011,9999.000,9999.000,9999.000,9999.000,9999.000,9999.000,9999.000,9999.000
202604181142,   1.020,9999.000,9999.000,9999.000,9999.000,9999.000,9999.000,9999.000,9999.000
202604181148,   1.033,9999.000,9999.000,9999.000,9999.000,9999.000,9999.000,9999.000,9999.000
202604181154,   1.050,   1.607,9999.000,9999.000,9999.000,9999.000,9999.000,9999.000,9999.000
202604181200,   1.070,   1.607,   0.600,  -0.063,   1.607,   0.600,   1.607,   0.600,   1.607
202604181206,   1.094,9999.000,9999.000,9999.000,9999.000,9999.000,9999.000,9999.000,9999.000
202604181212,   1.121,9999.000,9999.000,9999.000,9999.000,9999.000,9999.000,9999.000,9999.000
202604181218,   1.153,9999.000,9999.000,9999.000,9999.000,9999.000,9999.000,9999.000,9999.000
202604181224,   1.187,   1.823,9999.000,9999.000,9999.000,9999.000,9999.000,9999.000,9999.000
202604181230,   1.226,9999.000,9999.000,9999.000,9999.000,9999.000,9999.000,9999.000,9999.000
202604181236,   1.267,9999.000,9999.000,9999.000,9999.000,9999.000,9999.000,9999.000,9999.000
202604181242,   1.312,9999.000,9999.000,9999.000,9999.000,9999.000,9999.000,9999.000,9999.000
202604181248,   1.360,9999.000,9999.000,9999.000,9999.000,9999.000,9999.000,9999.000,9999.000
202604181254,   1.411,   2.099,9999.000,9999.000,9999.000,9999.000,9999.000,9999.000,9999.000
202604181300,   1.465,   2.099,   0.600,   0.034,   2.099,   0.600,   2.099,   0.600,   2.099
202604181306,   1.521,9999.000,9999.000,9999.000,9999.000,9999.000,9999.000,9999.000,9999.000
202604181312,   1.580,9999.000,9999.000,9999.000,9999.000,9999.000,9999.000,9999.000,9999.000
202604181318,   1.640,9999.000,9999.000,9999.000,9999.000,9999.000,9999.000,9999.000,9999.000
202604181324,   1.703,   2.410,9999.000,9999.000,9999.000,9999.000,9999.000,9999.000,9999.000
202604181330,   1.767,9999.000,9999.000,9999.000,9999.000,9999.000,9999.000,9999.000,9999.000
202604181336,   1.832,9999.000,9999.000,9999.000,9999.000,9999.000,9999.000,9999.000,9999.000
202604181342,   1.897,9999.000,9999.000,9999.000,9999.000,9999.000,9999.000,9999.000,9999.000
202604181348,   1.964,9999.000,9999.000,9999.000,9999.000,9999.000,9999.000,9999.000,9999.000
202604181354,   2.031,   2.722,9999.000,9999.000,9999.000,9999.000,9999.000,9999.000,9999.000
202604181400,   2.097,   2.722,   0.600,   0.025,   2.722,   0.600,   2.722,   0.600,   2.722
202604181406,   2.164,9999.000,9999.000,9999.000,9999.000,9999.000,9999.000,9999.000,9999.000
202604181412,   2.229,9999.000,9999.000,9999.000,9999.000,9999.000,9999.000,9999.000,9999.000
202604181418,   2.294,9999.000,9999.000,9999.000,9999.000,9999.000,9999.000,9999.000,9999.000
202604181424,   2.358,   3.007,9999.000,9999.000,9999.000,9999.000,9999.000,9999.000,9999.000
202604181430,   2.420,9999.000,9999.000,9999.000,9999.000,9999.000,9999.000,9999.000,9999.000
202604181436,   2.480,9999.000,9999.000,9999.000,9999.000,9999.000,9999.000,9999.000,9999.000
202604181442,   2.538,9999.000,9999.000,9999.000,9999.000,9999.000,9999.000,9999.000,9999.000
202604181448,   2.595,9999.000,9999.000,9999.000,9999.000,9999.000,9999.000,9999.000,9999.000
202604181454,   2.649,   3.279,9999.000,9999.000,9999.000,9999.000,9999.000,9999.000,9999.000
202604181500,   2.700,   3.279,   0.600,  -0.021,   3.279,   0.600,   3.279,   0.600,   3.279
202604181506,   2.749,9999.000,9999.000,9999.000,9999.000,9999.000,9999.000,9999.000,9999.000
202604181512,   2.795,9999.000,9999.000,9999.000,9999.000,9999.000,9999.000,9999.000,9999.000
202604181518,   2.838,9999.000,9999.000,9999.000,9999.000,9999.000,9999.000,9999.000,9999.000
202604181524,   2.879,   3.476,9999.000,9999.000,9999.000,9999.000,9999.000,9999.000,9999.000
202604181530,   2.916,9999.000,9999.000,9999.000,9999.000,9999.000,9999.000,9999.000,9999.000
202604181536,   2.950,9999.000,9999.000,9999.000,9999.000,9999.000,9999.000,9999.000,9999.000
202604181542,   2.982,9999.000,9999.000,9999.000,9999.000,9999.000,9999.000,9999.000,9999.000
202604181548,   3.010,9999.000,9999.000,9999.000,9999.000,9999.000,9999.000,9999.000,9999.000
202604181554,   3.035,   3.644,9999.000,9999.000,9999.000,9999.000,9999.000,9999.000,9999.000
202604181600,   3.058,   3.644,   0.600,  -0.014,   3.644,   0.600,   3.644,   0.600,   3.644
202604181606,   3.077,9999.000,9999.000,9999.000,9999.000,9999.000,9999.000,9999.000,9999.000
202604181612,   3.094,9999.000,9999.000,9999.000,9999.000,9999.000,9999.000,9999.000,9999.000
202604181618,   3.108,9999.000,9999.000,9999.000,9999.000,9999.000,9999.000,9999.000,9999.000
202604181624,   3.119,   3.775,9999.000,9999.000,9999.000,9999.000,9999.000,9999.000,9999.000
202604181630,   3.127,9999.000,9999.000,9999.000,9999.000,9999.000,9999.000,9999.000,9999.000
202604181636,   3.133,9999.000,9999.000,9999.000,9999.000,9999.000,9999.000,9999.000,9999.000
202604181642,   3.136,9999.000,9999.000,9999.000,9999.000,9999.000,9999.000,9999.000,9999.000
202604181648,   3.136,9999.000,9999.000,9999.000,9999.000,9999.000,9999.000,9999.000,9999.000
202604181654,   3.134,   3.844,9999.000,9999.000,9999.000,9999.000,9999.000,9999.000,9999.000
202604181700,   3.130,   3.844,   0.600,   0.114,   3.844,   0.600,   3.844,   0.600,   3.844
202604181706,   3.123,9999.000,9999.000,9999.000,9999.000,9999.000,9999.000,9999.000,9999.000
202604181712,   3.113,9999.000,9999.000,9999.000,9999.000,9999.000,9999.000,9999.000,9999.000
202604181718,   3.102,9999.000,9999.000,9999.000,9999.000,9999.000,9999.000,9999.000,9999.000
202604181724,   3.087,   3.840,9999.000,9999.000,9999.000,9999.000,9999.000,9999.000,9999.000
202604181730,   3.071,9999.000,9999.000,9999.000,9999.000,9999.000,9999.000,9999.000,9999.000
202604181736,   3.052,9999.000,9999.000,9999.000,9999.000,9999.000,9999.000,9999.000,9999.000
202604181742,   3.030,9999.000,9999.000,9999.000,9999.000,9999.000,9999.000,9999.000,9999.000
202604181748,   3.006,9999.000,9999.000,9999.000,9999.000,9999.000,9999.000,9999.000,9999.000
202604181754,   2.980,   3.808,9999.000,9999.000,9999.000,9999.000,9999.000,9999.000,9999.000
202604181800,   2.951,   3.808,   0.700,   0.157,   3.808,   0.600,   3.708,   0.700,   3.808
202604181806,   2.919,9999.000,9999.000,9999.000,9999.000,9999.000,9999.000,9999.000,9999.000
202604181812,   2.885,9999.000,9999.000,9999.000,9999.000,9999.000,9999.000,9999.000,9999.000
202604181818,   2.848,9999.000,9999.000,9999.000,9999.000,9999.000,9999.000,9999.000,9999.000
202604181824,   2.809,   3.614,9999.000,9999.000,9999.000,9999.000,9999.000,9999.000,9999.000
202604181830,   2.767,9999.000,9999.000,9999.000,9999.000,9999.000,9999.000,9999.000,9999.000
202604181836,   2.722,9999.000,9999.000,9999.000,9999.000,9999.000,9999.000,9999.000,9999.000
202604181842,   2.674,9999.000,9999.000,9999.000,9999.000,9999.000,9999.000,9999.000,9999.000
202604181848,   2.624,9999.000,9999.000,9999.000,9999.000,9999.000,9999.000,9999.000,9999.000
202604181854,   2.571,   3.368,9999.000,9999.000,9999.000,9999.000,9999.000,9999.000,9999.000
202604181900,   2.516,   3.368,   0.700,   0.152,   3.368,   0.600,   3.268,   0.700,   3.368
202604181906,   2.458,9999.000,9999.000,9999.000,9999.000,9999.000,9999.000,9999.000,9999.000
202604181912,   2.397,9999.000,9999.000,9999.000,9999.000,9999.000,9999.000,9999.000,9999.000
202604181918,   2.334,9999.000,9999.000,9999.000,9999.000,9999.000,9999.000,9999.000,9999.000
202604181924,   2.269,   3.099,9999.000,9999.000,9999.000,9999.000,9999.000,9999.000,9999.000
202604181930,   2.201,9999.000,9999.000,9999.000,9999.000,9999.000,9999.000,9999.000,9999.000
202604181936,   2.131,9999.000,9999.000,9999.000,9999.000,9999.000,9999.000,9999.000,9999.000
202604181942,   2.059,9999.000,9999.000,9999.000,9999.000,9999.000,9999.000,9999.000,9999.000
202604181948,   1.985,9999.000,9999.000,9999.000,9999.000,9999.000,9999.000,9999.000,9999.000
202604181954,   1.909,   2.801,9999.000,9999.000,9999.000,9999.000,9999.000,9999.000,9999.000
202604182000,   1.832,   2.801,   0.700,   0.269,   2.801,   0.600,   2.701,   0.700,   2.801
202604182006,   1.753,9999.000,9999.000,9999.000,9999.000,9999.000,9999.000,9999.000,9999.000
202604182012,   1.672,9999.000,9999.000,9999.000,9999.000,9999.000,9999.000,9999.000,9999.000
202604182018,   1.591,9999.000,9999.000,9999.000,9999.000,9999.000,9999.000,9999.000,9999.000
202604182024,   1.508,   2.479,9999.000,9999.000,9999.000,9999.000,9999.000,9999.000,9999.000
202604182030,   1.424,9999.000,9999.000,9999.000,9999.000,9999.000,9999.000,9999.000,9999.000
202604182036,   1.340,9999.000,9999.000,9999.000,9999.000,9999.000,9999.000,9999.000,9999.000
202604182042,   1.255,9999.000,9999.000,9999.000,9999.000,9999.000,9999.000,9999.000,9999.000
202604182048,   1.170,9999.000,9999.000,9999.000,9999.000,9999.000,9999.000,9999.000,9999.000
202604182054,   1.085,   2.135,9999.000,9999.000,9999.000,9999.000,9999.000,9999.000,9999.000
202604182100,   0.999,   2.135,   0.700,   0.436,   2.135,   0.700,   2.135,   0.700,   2.135
202604182106,   0.914,9999.000,9999.000,9999.000,9999.000,9999.000,9999.000,9999.000,9999.000
202604182112,   0.829,9999.000,9999.000,9999.000,9999.000,9999.000,9999.000,9999.000,9999.000
202604182118,   0.745,9999.000,9999.000,9999.000,9999.000,9999.000,9999.000,9999.000,9999.000
202604182124,   0.661,   1.748,9999.000,9999.000,9999.000,9999.000,9999.000,9999.000,9999.000
202604182130,   0.578,9999.000,9999.000,9999.000,9999.000,9999.000,9999.000,9999.000,9999.000
202604182136,   0.496,9999.000,9999.000,9999.000,9999.000,9999.000,9999.000,9999.000,9999.000
202604182142,   0.415,9999.000,9999.000,9999.000,9999.000,9999.000,9999.000,9999.000,9999.000
202604182148,   0.335,9999.000,9999.000,9999.000,9999.000,9999.000,9999.000,9999.000,9999.000
202604182154,   0.257,   1.380,9999.000,9999.000,9999.000,9999.000,9999.000,9999.000,9999.000
202604182200,   0.180,   1.380,   0.700,   0.500,   1.380,   0.700,   1.380,   0.800,   1.480
202604182206,   0.105,9999.000,9999.000,9999.000,9999.000,9999.000,9999.000,9999.000,9999.000
202604182212,   0.032,9999.000,9999.000,9999.000,9999.000,9999.000,9999.000,9999.000,9999.000
202604182218,  -0.039,9999.000,9999.000,9999.000,9999.000,9999.000,9999.000,9999.000,9999.000
202604182224,  -0.108,   1.046,9999.000,9999.000,9999.000,9999.000,9999.000,9999.000,9999.000
202604182230,  -0.175,9999.000,9999.000,9999.000,9999.000,9999.000,9999.000,9999.000,9999.000
202604182236,  -0.239,9999.000,9999.000,9999.000,9999.000,9999.000,9999.000,9999.000,9999.000
202604182242,  -0.301,9999.000,9999.000,9999.000,9999.000,9999.000,9999.000,9999.000,9999.000
202604182248,  -0.359,9999.000,9999.000,9999.000,9999.000,9999.000,9999.000,9999.000,9999.000
202604182254,  -0.415,   0.688,9999.000,9999.000,9999.000,9999.000,9999.000,9999.000,9999.000
202604182300,  -0.468,   0.688,   0.700,   0.456,   0.688,   0.700,   0.688,   0.800,   0.788
202604182306,  -0.517,9999.000,9999.000,9999.000,9999.000,9999.000,9999.000,9999.000,9999.000
202604182312,  -0.563,9999.000,9999.000,9999.000,9999.000,9999.000,9999.000,9999.000,9999.000
202604182318,  -0.605,9999.000,9999.000,9999.000,9999.000,9999.000,9999.000,9999.000,9999.000
202604182324,  -0.643,9999.000,9999.000,9999.000,9999.000,9999.000,9999.000,9999.000,9999.000
202604182330,  -0.677,9999.000,9999.000,9999.000,9999.000,9999.000,9999.000,9999.000,9999.000
202604182336,  -0.707,9999.000,9999.000,9999.000,9999.000,9999.000,9999.000,9999.000,9999.000
202604182342,  -0.732,9999.000,9999.000,9999.000,9999.000,9999.000,9999.000,9999.000,9999.000
202604182348,  -0.753,9999.000,9999.000,9999.000,9999.000,9999.000,9999.000,9999.000,9999.000
202604182354,  -0.769,9999.000,9999.000,9999.000,9999.000,9999.000,9999.000,9999.000,9999.000
202604190000,  -0.780,9999.000,   0.800,   0.425,   0.445,   0.700,   0.345,   0.800,   0.445
202604190006,  -0.786,9999.000,9999.000,9999.000,9999.000,9999.000,9999.000,9999.000,9999.000
202604190012,  -0.787,9999.000,9999.000,9999.000,9999.000,9999.000,9999.000,9999.000,9999.000
202604190018,  -0.783,9999.000,9999.000,9999.000,9999.000,9999.000,9999.000,9999.000,9999.000
202604190024,  -0.773,9999.000,9999.000,9999.000,9999.000,9999.000,9999.000,9999.000,9999.000
202604190030,  -0.759,9999.000,9999.000,9999.000,9999.000,9999.000,9999.000,9999.000,9999.000
202604190036,  -0.739,9999.000,9999.000,9999.000,9999.000,9999.000,9999.000,9999.000,9999.000
202604190042,  -0.713,9999.000,9999.000,9999.000,9999.000,9999.000,9999.000,9999.000,9999.000
202604190048,  -0.683,9999.000,9999.000,9999.000,9999.000,9999.000,9999.000,9999.000,9999.000
202604190054,  -0.647,9999.000,9999.000,9999.000,9999.000,9999.000,9999.000,9999.000,9999.000
202604190100,  -0.606,9999.000,   0.800,   0.393,   0.587,   0.800,   0.587,   0.800,   0.587
202604190106,  -0.561,9999.000,9999.000,9999.000,9999.000,9999.000,9999.000,9999.000,9999.000
202604190112,  -0.510,9999.000,9999.000,9999.000,9999.000,9999.000,9999.000,9999.000,9999.000
202604190118,  -0.455,9999.000,9999.000,9999.000,9999.000,9999.000,9999.000,9999.000,9999.000
202604190124,  -0.396,9999.000,9999.000,9999.000,9999.000,9999.000,9999.000,9999.000,9999.000
202604190130,  -0.333,9999.000,9999.000,9999.000,9999.000,9999.000,9999.000,9999.000,9999.000
202604190136,  -0.266,9999.000,9999.000,9999.000,9999.000,9999.000,9999.000,9999.000,9999.000
202604190142,  -0.195,9999.000,9999.000,9999.000,9999.000,9999.000,9999.000,9999.000,9999.000
202604190148,  -0.121,9999.000,9999.000,9999.000,9999.000,9999.000,9999.000,9999.000,9999.000
202604190154,  -0.045,9999.000,9999.000,9999.000,9999.000,9999.000,9999.000,9999.000,9999.000
202604190200,   0.033,9999.000,   0.800,   0.362,   1.195,   0.700,   1.095,   0.800,   1.195
202604190206,   0.115,9999.000,9999.000,9999.000,9999.000,9999.000,9999.000,9999.000,9999.000
202604190212,   0.198,9999.000,9999.000,9999.000,9999.000,9999.000,9999.000,9999.000,9999.000
202604190218,   0.282,9999.000,9999.000,9999.000,9999.000,9999.000,9999.000,9999.000,9999.000
202604190224,   0.368,9999.000,9999.000,9999.000,9999.000,9999.000,9999.000,9999.000,9999.000
202604190230,   0.454,9999.000,9999.000,9999.000,9999.000,9999.000,9999.000,9999.000,9999.000
202604190236,   0.541,9999.000,9999.000,9999.000,9999.000,9999.000,9999.000,9999.000,9999.000
202604190242,   0.627,9999.000,9999.000,9999.000,9999.000,9999.000,9999.000,9999.000,9999.000
202604190248,   0.714,9999.000,9999.000,9999.000,9999.000,9999.000,9999.000,9999.000,9999.000
202604190254,   0.799,9999.000,9999.000,9999.000,9999.000,9999.000,9999.000,9999.000,9999.000
202604190300,   0.884,9999.000,   0.700,   0.330,   1.914,   0.700,   1.914,   0.700,   1.914
202604190306,   0.967,9999.000,9999.000,9999.000,9999.000,9999.000,9999.000,9999.000,9999.000
202604190312,   1.049,9999.000,9999.000,9999.000,9999.000,9999.000,9999.000,9999.000,9999.000
202604190318,   1.130,9999.000,9999.000,9999.000,9999.000,9999.000,9999.000,9999.000,9999.000
202604190324,   1.208,9999.000,9999.000,9999.000,9999.000,9999.000,9999.000,9999.000,9999.000
202604190330,   1.284,9999.000,9999.000,9999.000,9999.000,9999.000,9999.000,9999.000,9999.000
202604190336,   1.358,9999.000,9999.000,9999.000,9999.000,9999.000,9999.000,9999.000,9999.000
202604190342,   1.430,9999.000,9999.000,9999.000,9999.000,9999.000,9999.000,9999.000,9999.000
202604190348,   1.499,9999.000,9999.000,9999.000,9999.000,9999.000,9999.000,9999.000,9999.000
202604190354,   1.565,9999.000,9999.000,9999.000,9999.000,9999.000,9999.000,9999.000,9999.000
202604190400,   1.629,9999.000,   0.700,   0.299,   2.628,   0.600,   2.528,   0.700,   2.628
202604190406,   1.690,9999.000,9999.000,9999.000,9999.000,9999.000,9999.000,9999.000,9999.000
202604190412,   1.749,9999.000,9999.000,9999.000,9999.000,9999.000,9999.000,9999.000,9999.000
202604190418,   1.805,9999.000,9999.000,9999.000,9999.000,9999.000,9999.000,9999.000,9999.000
202604190424,   1.858,9999.000,9999.000,9999.000,9999.000,9999.000,9999.000,9999.000,9999.000
202604190430,   1.908,9999.000,9999.000,9999.000,9999.000,9999.000,9999.000,9999.000,9999.000
202604190436,   1.956,9999.000,9999.000,9999.000,9999.000,9999.000,9999.000,9999.000,9999.000
202604190442,   2.002,9999.000,9999.000,9999.000,9999.000,9999.000,9999.000,9999.000,9999.000
202604190448,   2.045,9999.000,9999.000,9999.000,9999.000,9999.000,9999.000,9999.000,9999.000
202604190454,   2.085,9999.000,9999.000,9999.000,9999.000,9999.000,9999.000,9999.000,9999.000
202604190500,   2.123,9999.000,   0.600,   0.267,   2.990,   0.600,   2.990,   0.600,   2.990
202604190506,   2.159,9999.000,9999.000,9999.000,9999.000,9999.000,9999.000,9999.000,9999.000
202604190512,   2.193,9999.000,9999.000,9999.000,9999.000,9999.000,9999.000,9999.000,9999.000
202604190518,   2.224,9999.000,9999.000,9999.000,9999.000,9999.000,9999.000,9999.000,9999.000
202604190524,   2.253,9999.000,9999.000,9999.000,9999.000,9999.000,9999.000,9999.000,9999.000
202604190530,   2.280,9999.000,9999.000,9999.000,9999.000,9999.000,9999.000,9999.000,9999.000
202604190536,   2.305,9999.000,9999.000,9999.000,9999.000,9999.000,9999.000,9999.000,9999.000
202604190542,   2.328,9999.000,9999.000,9999.000,9999.000,9999.000,9999.000,9999.000,9999.000
202604190548,   2.349,9999.000,9999.000,9999.000,9999.000,9999.000,9999.000,9999.000,9999.000
202604190554,   2.367,9999.000,9999.000,9999.000,9999.000,9999.000,9999.000,9999.000,9999.000
202604190600,   2.384,9999.000,   0.500,   0.236,   3.120,   0.500,   3.120,   0.600,   3.220
202604190606,   2.398,9999.000,9999.000,9999.000,9999.000,9999.000,9999.000,9999.000,9999.000
202604190612,   2.411,9999.000,9999.000,9999.000,9999.000,9999.000,9999.000,9999.000,9999.000
202604190618,   2.421,9999.000,9999.000,9999.000,9999.000,9999.000,9999.000,9999.000,9999.000
202604190624,   2.429,9999.000,9999.000,9999.000,9999.000,9999.000,9999.000,9999.000,9999.000
202604190630,   2.435,9999.000,9999.000,9999.000,9999.000,9999.000,9999.000,9999.000,9999.000
202604190636,   2.439,9999.000,9999.000,9999.000,9999.000,9999.000,9999.000,9999.000,9999.000
202604190642,   2.441,9999.000,9999.000,9999.000,9999.000,9999.000,9999.000,9999.000,9999.000
202604190648,   2.440,9999.000,9999.000,9999.000,9999.000,9999.000,9999.000,9999.000,9999.000
202604190654,   2.437,9999.000,9999.000,9999.000,9999.000,9999.000,9999.000,9999.000,9999.000
202604190700,   2.432,9999.000,   0.500,   0.205,   3.137,   0.500,   3.137,   0.500,   3.137
202604190706,   2.425,9999.000,9999.000,9999.000,9999.000,9999.000,9999.000,9999.000,9999.000
202604190712,   2.415,9999.000,9999.000,9999.000,9999.000,9999.000,9999.000,9999.000,9999.000
202604190718,   2.404,9999.000,9999.000,9999.000,9999.000,9999.000,9999.000,9999.000,9999.000
202604190724,   2.390,9999.000,9999.000,9999.000,9999.000,9999.000,9999.000,9999.000,9999.000
202604190730,   2.374,9999.000,9999.000,9999.000,9999.000,9999.000,9999.000,9999.000,9999.000
202604190736,   2.356,9999.000,9999.000,9999.000,9999.000,9999.000,9999.000,9999.000,9999.000
202604190742,   2.336,9999.000,9999.000,9999.000,9999.000,9999.000,9999.000,9999.000,9999.000
202604190748,   2.314,9999.000,9999.000,9999.000,9999.000,9999.000,9999.000,9999.000,9999.000
202604190754,   2.290,9999.000,9999.000,9999.000,9999.000,9999.000,9999.000,9999.000,9999.000
202604190800,   2.265,9999.000,   0.500,   0.173,   2.938,   0.500,   2.938,   0.500,   2.938
202604190806,   2.238,9999.000,9999.000,9999.000,9999.000,9999.000,9999.000,9999.000,9999.000
202604190812,   2.209,9999.000,9999.000,9999.000,9999.000,9999.000,9999.000,9999.000,9999.000
202604190818,   2.179,9999.000,9999.000,9999.000,9999.000,9999.000,9999.000,9999.000,9999.000
202604190824,   2.148,9999.000,9999.000,9999.000,9999.000,9999.000,9999.000,9999.000,9999.000
202604190830,   2.116,9999.000,9999.000,9999.000,9999.000,9999.000,9999.000,9999.000,9999.000
202604190836,   2.083,9999.000,9999.000,9999.000,9999.000,9999.000,9999.000,9999.000,9999.000
202604190842,   2.049,9999.000,9999.000,9999.000,9999.000,9999.000,9999.000,9999.000,9999.000
202604190848,   2.014,9999.000,9999.000,9999.000,9999.000,9999.000,9999.000,9999.000,9999.000
202604190854,   1.979,9999.000,9999.000,9999.000,9999.000,9999.000,9999.000,9999.000,9999.000
202604190900,   1.943,9999.000,   0.600,   0.142,   2.685,   0.500,   2.585,   0.600,   2.685
202604190906,   1.907,9999.000,9999.000,9999.000,9999.000,9999.000,9999.000,9999.000,9999.000
202604190912,   1.871,9999.000,9999.000,9999.000,9999.000,9999.000,9999.000,9999.000,9999.000
202604190918,   1.835,9999.000,9999.000,9999.000,9999.000,9999.000,9999.000,9999.000,9999.000
202604190924,   1.800,9999.000,9999.000,9999.000,9999.000,9999.000,9999.000,9999.000,9999.000
202604190930,   1.764,9999.000,9999.000,9999.000,9999.000,9999.000,9999.000,9999.000,9999.000
202604190936,   1.729,9999.000,9999.000,9999.000,9999.000,9999.000,9999.000,9999.000,9999.000
202604190942,   1.694,9999.000,9999.000,9999.000,9999.000,9999.000,9999.000,9999.000,9999.000
202604190948,   1.660,9999.000,9999.000,9999.000,9999.000,9999.000,9999.000,9999.000,9999.000
202604190954,   1.626,9999.000,9999.000,9999.000,9999.000,9999.000,9999.000,9999.000,9999.000
202604191000,   1.593,9999.000,   0.600,   0.110,   2.303,   0.600,   2.303,   0.600,   2.303
202604191006,   1.562,9999.000,9999.000,9999.000,9999.000,9999.000,9999.000,9999.000,9999.000
202604191012,   1.530,9999.000,9999.000,9999.000,9999.000,9999.000,9999.000,9999.000,9999.000
202604191018,   1.500,9999.000,9999.000,9999.000,9999.000,9999.000,9999.000,9999.000,9999.000
202604191024,   1.471,9999.000,9999.000,9999.000,9999.000,9999.000,9999.000,9999.000,9999.000
202604191030,   1.443,9999.000,9999.000,9999.000,9999.000,9999.000,9999.000,9999.000,9999.000
202604191036,   1.416,9999.000,9999.000,9999.000,9999.000,9999.000,9999.000,9999.000,9999.000
202604191042,   1.391,9999.000,9999.000,9999.000,9999.000,9999.000,9999.000,9999.000,9999.000
202604191048,   1.366,9999.000,9999.000,9999.000,9999.000,9999.000,9999.000,9999.000,9999.000
202604191054,   1.344,9999.000,9999.000,9999.000,9999.000,9999.000,9999.000,9999.000,9999.000
202604191100,   1.322,9999.000,   0.600,   0.079,   2.001,   0.600,   2.001,   0.700,   2.101
202604191106,   1.302,9999.000,9999.000,9999.000,9999.000,9999.000,9999.000,9999.000,9999.000
202604191112,   1.284,9999.000,9999.000,9999.000,9999.000,9999.000,9999.000,9999.000,9999.000
202604191118,   1.268,9999.000,9999.000,9999.000,9999.000,9999.000,9999.000,9999.000,9999.000
202604191124,   1.254,9999.000,9999.000,9999.000,9999.000,9999.000,9999.000,9999.000,9999.000
202604191130,   1.241,9999.000,9999.000,9999.000,9999.000,9999.000,9999.000,9999.000,9999.000
202604191136,   1.231,9999.000,9999.000,9999.000,9999.000,9999.000,9999.000,9999.000,9999.000
202604191142,   1.223,9999.000,9999.000,9999.000,9999.000,9999.000,9999.000,9999.000,9999.000
202604191148,   1.217,9999.000,9999.000,9999.000,9999.000,9999.000,9999.000,9999.000,9999.000
202604191154,   1.214,9999.000,9999.000,9999.000,9999.000,9999.000,9999.000,9999.000,9999.000
202604191200,   1.214,9999.000,   0.600,   0.079,   1.893,   0.600,   1.893,   0.700,   1.993
202604191206,   1.216,9999.000,9999.000,9999.000,9999.000,9999.000,9999.000,9999.000,9999.000
202604191212,   1.221,9999.000,9999.000,9999.000,9999.000,9999.000,9999.000,9999.000,9999.000
202604191218,   1.229,9999.000,9999.000,9999.000,9999.000,9999.000,9999.000,9999.000,9999.000
202604191224,   1.240,9999.000,9999.000,9999.000,9999.000,9999.000,9999.000,9999.000,9999.000
202604191230,   1.254,9999.000,9999.000,9999.000,9999.000,9999.000,9999.000,9999.000,9999.000
202604191236,   1.272,9999.000,9999.000,9999.000,9999.000,9999.000,9999.000,9999.000,9999.000
202604191242,   1.292,9999.000,9999.000,9999.000,9999.000,9999.000,9999.000,9999.000,9999.000
202604191248,   1.316,9999.000,9999.000,9999.000,9999.000,9999.000,9999.000,9999.000,9999.000
202604191254,   1.344,9999.000,9999.000,9999.000,9999.000,9999.000,9999.000,9999.000,9999.000
202604191300,   1.374,9999.000,   0.700,   0.079,   2.153,   0.600,   2.053,   0.700,   2.153
202604191306,   1.408,9999.000,9999.000,9999.000,9999.000,9999.000,9999.000,9999.000,9999.000
202604191312,   1.445,9999.000,9999.000,9999.000,9999.000,9999.000,9999.000,9999.000,9999.000
202604191318,   1.486,9999.000,9999.000,9999.000,9999.000,9999.000,9999.000,9999.000,9999.000
202604191324,   1.529,9999.000,9999.000,9999.000,9999.000,9999.000,9999.000,9999.000,9999.000
202604191330,   1.576,9999.000,9999.000,9999.000,9999.000,9999.000,9999.000,9999.000,9999.000
202604191336,   1.625,9999.000,9999.000,9999.000,9999.000,9999.000,9999.000,9999.000,9999.000
202604191342,   1.677,9999.000,9999.000,9999.000,9999.000,9999.000,9999.000,9999.000,9999.000
202604191348,   1.731,9999.000,9999.000,9999.000,9999.000,9999.000,9999.000,9999.000,9999.000
202604191354,   1.787,9999.000,9999.000,9999.000,9999.000,9999.000,9999.000,9999.000,9999.000
202604191400,   1.845,9999.000,   0.600,   0.079,   2.524,   0.600,   2.524,   0.700,   2.624
202604191406,   1.905,9999.000,9999.000,9999.000,9999.000,9999.000,9999.000,9999.000,9999.000
202604191412,   1.966,9999.000,9999.000,9999.000,9999.000,9999.000,9999.000,9999.000,9999.000
202604191418,   2.029,9999.000,9999.000,9999.000,9999.000,9999.000,9999.000,9999.000,9999.000
202604191424,   2.092,9999.000,9999.000,9999.000,9999.000,9999.000,9999.000,9999.000,9999.000
202604191430,   2.155,9999.000,9999.000,9999.000,9999.000,9999.000,9999.000,9999.000,9999.000
202604191436,   2.219,9999.000,9999.000,9999.000,9999.000,9999.000,9999.000,9999.000,9999.000
202604191442,   2.283,9999.000,9999.000,9999.000,9999.000,9999.000,9999.000,9999.000,9999.000
202604191448,   2.346,9999.000,9999.000,9999.000,9999.000,9999.000,9999.000,9999.000,9999.000
202604191454,   2.408,9999.000,9999.000,9999.000,9999.000,9999.000,9999.000,9999.000,9999.000
202604191500,   2.469,9999.000,   0.600,   0.079,   3.148,   0.500,   3.048,   0.600,   3.148
202604191506,   2.529,9999.000,9999.000,9999.000,9999.000,9999.000,9999.000,9999.000,9999.000
202604191512,   2.587,9999.000,9999.000,9999.000,9999.000,9999.000,9999.000,9999.000,9999.000
202604191518,   2.644,9999.000,9999.000,9999.000,9999.000,9999.000,9999.000,9999.000,9999.000
202604191524,   2.698,9999.000,9999.000,9999.000,9999.000,9999.000,9999.000,9999.000,9999.000
202604191530,   2.750,9999.000,9999.000,9999.000,9999.000,9999.000,9999.000,9999.000,9999.000
202604191536,   2.799,9999.000,9999.000,9999.000,9999.000,9999.000,9999.000,9999.000,9999.000
202604191542,   2.846,9999.000,9999.000,9999.000,9999.000,9999.000,9999.000,9999.000,9999.000
202604191548,   2.889,9999.000,9999.000,9999.000,9999.000,9999.000,9999.000,9999.000,9999.000
202604191554,   2.930,9999.000,9999.000,9999.000,9999.000,9999.000,9999.000,9999.000,9999.000
202604191600,   2.968,9999.000,   0.500,   0.079,   3.547,   0.500,   3.547,   0.600,   3.647
202604191606,   3.003,9999.000,9999.000,9999.000,9999.000,9999.000,9999.000,9999.000,9999.000
202604191612,   3.035,9999.000,9999.000,9999.000,9999.000,9999.000,9999.000,9999.000,9999.000
202604191618,   3.064,9999.000,9999.000,9999.000,9999.000,9999.000,9999.000,9999.000,9999.000
202604191624,   3.090,9999.000,9999.000,9999.000,9999.000,9999.000,9999.000,9999.000,9999.000
202604191630,   3.112,9999.000,9999.000,9999.000,9999.000,9999.000,9999.000,9999.000,9999.000
202604191636,   3.132,9999.000,9999.000,9999.000,9999.000,9999.000,9999.000,9999.000,9999.000
202604191642,   3.148,9999.000,9999.000,9999.000,9999.000,9999.000,9999.000,9999.000,9999.000
202604191648,   3.162,9999.000,9999.000,9999.000,9999.000,9999.000,9999.000,9999.000,9999.000
202604191654,   3.173,9999.000,9999.000,9999.000,9999.000,9999.000,9999.000,9999.000,9999.000
202604191700,   3.181,9999.000,   0.600,   0.079,   3.860,   0.500,   3.760,   0.600,   3.860
202604191706,   3.187,9999.000,9999.000,9999.000,9999.000,9999.000,9999.000,9999.000,9999.000
202604191712,   3.190,9999.000,9999.000,9999.000,9999.000,9999.000,9999.000,9999.000,9999.000
202604191718,   3.191,9999.000,9999.000,9999.000,9999.000,9999.000,9999.000,9999.000,9999.000
202604191724,   3.189,9999.000,9999.000,9999.000,9999.000,9999.000,9999.000,9999.000,9999.000
202604191730,   3.185,9999.000,9999.000,9999.000,9999.000,9999.000,9999.000,9999.000,9999.000
202604191736,   3.179,9999.000,9999.000,9999.000,9999.000,9999.000,9999.000,9999.000,9999.000
202604191742,   3.170,9999.000,9999.000,9999.000,9999.000,9999.000,9999.000,9999.000,9999.000
202604191748,   3.160,9999.000,9999.000,9999.000,9999.000,9999.000,9999.000,9999.000,9999.000
202604191754,   3.147,9999.000,9999.000,9999.000,9999.000,9999.000,9999.000,9999.000,9999.000
202604191800,   3.132,9999.000,   0.600,   0.079,   3.811,   0.500,   3.711,   0.600,   3.811
202604191806,   3.116,9999.000,9999.000,9999.000,9999.000,9999.000,9999.000,9999.000,9999.000
202604191812,   3.097,9999.000,9999.000,9999.000,9999.000,9999.000,9999.000,9999.000,9999.000
202604191818,   3.076,9999.000,9999.000,9999.000,9999.000,9999.000,9999.000,9999.000,9999.000
202604191824,   3.053,9999.000,9999.000,9999.000,9999.000,9999.000,9999.000,9999.000,9999.000
202604191830,   3.028,9999.000,9999.000,9999.000,9999.000,9999.000,9999.000,9999.000,9999.000
202604191836,   3.001,9999.000,9999.000,9999.000,9999.000,9999.000,9999.000,9999.000,9999.000
202604191842,   2.972,9999.000,9999.000,9999.000,9999.000,9999.000,9999.000,9999.000,9999.000
202604191848,   2.941,9999.000,9999.000,9999.000,9999.000,9999.000,9999.000,9999.000,9999.000
202604191854,   2.907,9999.000,9999.000,9999.000,9999.000,9999.000,9999.000,9999.000,9999.000
202604191900,   2.871,9999.000,   0.600,   0.079,   3.550,   0.500,   3.450,   0.600,   3.550
202604191906,   2.832,9999.000,9999.000,9999.000,9999.000,9999.000,9999.000,9999.000,9999.000
202604191912,   2.792,9999.000,9999.000,9999.000,9999.000,9999.000,9999.000,9999.000,9999.000
202604191918,   2.748,9999.000,9999.000,9999.000,9999.000,9999.000,9999.000,9999.000,9999.000
202604191924,   2.702,9999.000,9999.000,9999.000,9999.000,9999.000,9999.000,9999.000,9999.000
202604191930,   2.654,9999.000,9999.000,9999.000,9999.000,9999.000,9999.000,9999.000,9999.000
202604191936,   2.603,9999.000,9999.000,9999.000,9999.000,9999.000,9999.000,9999.000,9999.000
202604191942,   2.550,9999.000,9999.000,9999.000,9999.000,9999.000,9999.000,9999.000,9999.000
202604191948,   2.494,9999.000,9999.000,9999.000,9999.000,9999.000,9999.000,9999.000,9999.000
202604191954,   2.436,9999.000,9999.000,9999.000,9999.000,9999.000,9999.000,9999.000,9999.000
202604192000,   2.375,9999.000,   0.600,   0.079,   3.054,   0.500,   2.954,   0.600,   3.054
202604192006,   2.311,9999.000,9999.000,9999.000,9999.000,9999.000,9999.000,9999.000,9999.000
202604192012,   2.246,9999.000,9999.000,9999.000,9999.000,9999.000,9999.000,9999.000,9999.000
202604192018,   2.178,9999.000,9999.000,9999.000,9999.000,9999.000,9999.000,9999.000,9999.000
202604192024,   2.108,9999.000,9999.000,9999.000,9999.000,9999.000,9999.000,9999.000,9999.000
202604192030,   2.036,9999.000,9999.000,9999.000,9999.000,9999.000,9999.000,9999.000,9999.000
202604192036,   1.962,9999.000,9999.000,9999.000,9999.000,9999.000,9999.000,9999.000,9999.000
202604192042,   1.886,9999.000,9999.000,9999.000,9999.000,9999.000,9999.000,9999.000,9999.000
202604192048,   1.809,9999.000,9999.000,9999.000,9999.000,9999.000,9999.000,9999.000,9999.000
202604192054,   1.730,9999.000,9999.000,9999.000,9999.000,9999.000,9999.000,9999.000,9999.000
202604192100,   1.650,9999.000,   0.600,   0.079,   2.329,   0.600,   2.329,   0.700,   2.429
202604192106,   1.568,9999.000,9999.000,9999.000,9999.000,9999.000,9999.000,9999.000,9999.000
202604192112,   1.486,9999.000,9999.000,9999.000,9999.000,9999.000,9999.000,9999.000,9999.000
202604192118,   1.402,9999.000,9999.000,9999.000,9999.000,9999.000,9999.000,9999.000,9999.000
202604192124,   1.319,9999.000,9999.000,9999.000,9999.000,9999.000,9999.000,9999.000,9999.000
202604192130,   1.234,9999.000,9999.000,9999.000,9999.000,9999.000,9999.000,9999.000,9999.000
202604192136,   1.149,9999.000,9999.000,9999.000,9999.000,9999.000,9999.000,9999.000,9999.000
202604192142,   1.065,9999.000,9999.000,9999.000,9999.000,9999.000,9999.000,9999.000,9999.000
202604192148,   0.980,9999.000,9999.000,9999.000,9999.000,9999.000,9999.000,9999.000,9999.000
202604192154,   0.895,9999.000,9999.000,9999.000,9999.000,9999.000,9999.000,9999.000,9999.000
202604192200,   0.811,9999.000,   0.700,   0.079,   1.590,   0.600,   1.490,   0.700,   1.590
202604192206,   0.727,9999.000,9999.000,9999.000,9999.000,9999.000,9999.000,9999.000,9999.000
202604192212,   0.643,9999.000,9999.000,9999.000,9999.000,9999.000,9999.000,9999.000,9999.000
202604192218,   0.561,9999.000,9999.000,9999.000,9999.000,9999.000,9999.000,9999.000,9999.000
202604192224,   0.479,9999.000,9999.000,9999.000,9999.000,9999.000,9999.000,9999.000,9999.000
202604192230,   0.399,9999.000,9999.000,9999.000,9999.000,9999.000,9999.000,9999.000,9999.000
202604192236,   0.319,9999.000,9999.000,9999.000,9999.000,9999.000,9999.000,9999.000,9999.000
202604192242,   0.241,9999.000,9999.000,9999.000,9999.000,9999.000,9999.000,9999.000,9999.000
202604192248,   0.165,9999.000,9999.000,9999.000,9999.000,9999.000,9999.000,9999.000,9999.000
202604192254,   0.090,9999.000,9999.000,9999.000,9999.000,9999.000,9999.000,9999.000,9999.000
202604192300,   0.017,9999.000,   0.600,   0.079,   0.696,   0.600,   0.696,   0.700,   0.796
202604192306,  -0.053,9999.000,9999.000,9999.000,9999.000,9999.000,9999.000,9999.000,9999.000
202604192312,  -0.123,9999.000,9999.000,9999.000,9999.000,9999.000,9999.000,9999.000,9999.000
202604192318,  -0.190,9999.000,9999.000,9999.000,9999.000,9999.000,9999.000,9999.000,9999.000
202604192324,  -0.254,9999.000,9999.000,9999.000,9999.000,9999.000,9999.000,9999.000,9999.000
202604192330,  -0.316,9999.000,9999.000,9999.000,9999.000,9999.000,9999.000,9999.000,9999.000
202604192336,  -0.376,9999.000,9999.000,9999.000,9999.000,9999.000,9999.000,9999.000,9999.000
202604192342,  -0.432,9999.000,9999.000,9999.000,9999.000,9999.000,9999.000,9999.000,9999.000
202604192348,  -0.486,9999.000,9999.000,9999.000,9999.000,9999.000,9999.000,9999.000,9999.000
202604192354,  -0.536,9999.000,9999.000,9999.000,9999.000,9999.000,9999.000,9999.000,9999.000
202604200000,  -0.583,9999.000,   0.700,   0.079,   0.196,   0.600,   0.096,   0.700,   0.196
202604200006,  -0.626,9999.000,9999.000,9999.000,9999.000,9999.000,9999.000,9999.000,9999.000
202604200012,  -0.666,9999.000,9999.000,9999.000,9999.000,9999.000,9999.000,9999.000,9999.000
202604200018,  -0.701,9999.000,9999.000,9999.000,9999.000,9999.000,9999.000,9999.000,9999.000
202604200024,  -0.733,9999.000,9999.000,9999.000,9999.000,9999.000,9999.000,9999.000,9999.000
202604200030,  -0.760,9999.000,9999.000,9999.000,9999.000,9999.000,9999.000,9999.000,9999.000
202604200036,  -0.782,9999.000,9999.000,9999.000,9999.000,9999.000,9999.000,9999.000,9999.000
202604200042,  -0.800,9999.000,9999.000,9999.000,9999.000,9999.000,9999.000,9999.000,9999.000
202604200048,  -0.814,9999.000,9999.000,9999.000,9999.000,9999.000,9999.000,9999.000,9999.000
202604200054,  -0.822,9999.000,9999.000,9999.000,9999.000,9999.000,9999.000,9999.000,9999.000
202604200100,  -0.825,9999.000,   0.700,   0.079,  -0.046,   0.700,  -0.046,   0.800,   0.054
202604200106,  -0.823,9999.000,9999.000,9999.000,9999.000,9999.000,9999.000,9999.000,9999.000
202604200112,  -0.816,9999.000,9999.000,9999.000,9999.000,9999.000,9999.000,9999.000,9999.000
202604200118,  -0.804,9999.000,9999.000,9999.000,9999.000,9999.000,9999.000,9999.000,9999.000
202604200124,  -0.787,9999.000,9999.000,9999.000,9999.000,9999.000,9999.000,9999.000,9999.000
202604200130,  -0.764,9999.000,9999.000,9999.000,9999.000,9999.000,9999.000,9999.000,9999.000
202604200136,  -0.737,9999.000,9999.000,9999.000,9999.000,9999.000,9999.000,9999.000,9999.000
202604200142,  -0.704,9999.000,9999.000,9999.000,9999.000,9999.000,9999.000,9999.000,9999.000
202604200148,  -0.667,9999.000,9999.000,9999.000,9999.000,9999.000,9999.000,9999.000,9999.000
202604200154,  -0.624,9999.000,9999.000,9999.000,9999.000,9999.000,9999.000,9999.000,9999.000
202604200200,  -0.577,9999.000,   0.700,   0.079,   0.202,   0.600,   0.102,   0.700,   0.202
202604200206,  -0.526,9999.000,9999.000,9999.000,9999.000,9999.000,9999.000,9999.000,9999.000
202604200212,  -0.471,9999.000,9999.000,9999.000,9999.000,9999.000,9999.000,9999.000,9999.000
202604200218,  -0.411,9999.000,9999.000,9999.000,9999.000,9999.000,9999.000,9999.000,9999.000
202604200224,  -0.348,9999.000,9999.000,9999.000,9999.000,9999.000,9999.000,9999.000,9999.000
202604200230,  -0.282,9999.000,9999.000,9999.000,9999.000,9999.000,9999.000,9999.000,9999.000
202604200236,  -0.213,9999.000,9999.000,9999.000,9999.000,9999.000,9999.000,9999.000,9999.000
202604200242,  -0.140,9999.000,9999.000,9999.000,9999.000,9999.000,9999.000,9999.000,9999.000
202604200248,  -0.066,9999.000,9999.000,9999.000,9999.000,9999.000,9999.000,9999.000,9999.000
202604200254,   0.009,9999.000,9999.000,9999.000,9999.000,9999.000,9999.000,9999.000,9999.000
202604200300,   0.087,9999.000,   0.600,   0.079,   0.766,   0.500,   0.666,   0.700,   0.866
202604200306,   0.166,9999.000,9999.000,9999.000,9999.000,9999.000,9999.000,9999.000,9999.000
202604200312,   0.246,9999.000,9999.000,9999.000,9999.000,9999.000,9999.000,9999.000,9999.000
202604200318,   0.327,9999.000,9999.000,9999.000,9999.000,9999.000,9999.000,9999.000,9999.000
202604200324,   0.408,9999.000,9999.000,9999.000,9999.000,9999.000,9999.000,9999.000,9999.000
202604200330,   0.488,9999.000,9999.000,9999.000,9999.000,9999.000,9999.000,9999.000,9999.000
202604200336,   0.568,9999.000,9999.000,9999.000,9999.000,9999.000,9999.000,9999.000,9999.000
202604200342,   0.648,9999.000,9999.000,9999.000,9999.000,9999.000,9999.000,9999.000,9999.000
202604200348,   0.726,9999.000,9999.000,9999.000,9999.000,9999.000,9999.000,9999.000,9999.000
202604200354,   0.803,9999.000,9999.000,9999.000,9999.000,9999.000,9999.000,9999.000,9999.000
202604200400,   0.878,9999.000,   0.500,   0.079,   1.457,   0.500,   1.457,   0.600,   1.557
202604200406,   0.952,9999.000,9999.000,9999.000,9999.000,9999.000,9999.000,9999.000,9999.000
202604200412,   1.024,9999.000,9999.000,9999.000,9999.000,9999.000,9999.000,9999.000,9999.000
202604200418,   1.094,9999.000,9999.000,9999.000,9999.000,9999.000,9999.000,9999.000,9999.000
202604200424,   1.162,9999.000,9999.000,9999.000,9999.000,9999.000,9999.000,9999.000,9999.000
202604200430,   1.227,9999.000,9999.000,9999.000,9999.000,9999.000,9999.000,9999.000,9999.000
202604200436,   1.290,9999.000,9999.000,9999.000,9999.000,9999.000,9999.000,9999.000,9999.000
202604200442,   1.351,9999.000,9999.000,9999.000,9999.000,9999.000,9999.000,9999.000,9999.000
202604200448,   1.409,9999.000,9999.000,9999.000,9999.000,9999.000,9999.000,9999.000,9999.000
202604200454,   1.465,9999.000,9999.000,9999.000,9999.000,9999.000,9999.000,9999.000,9999.000
202604200500,   1.518,9999.000,   0.500,   0.079,   2.097,   0.400,   1.997,   0.500,   2.097
202604200506,   1.569,9999.000,9999.000,9999.000,9999.000,9999.000,9999.000,9999.000,9999.000
202604200512,   1.618,9999.000,9999.000,9999.000,9999.000,9999.000,9999.000,9999.000,9999.000
202604200518,   1.664,9999.000,9999.000,9999.000,9999.000,9999.000,9999.000,9999.000,9999.000
202604200524,   1.709,9999.000,9999.000,9999.000,9999.000,9999.000,9999.000,9999.000,9999.000
202604200530,   1.751,9999.000,9999.000,9999.000,9999.000,9999.000,9999.000,9999.000,9999.000
202604200536,   1.791,9999.000,9999.000,9999.000,9999.000,9999.000,9999.000,9999.000,9999.000
202604200542,   1.829,9999.000,9999.000,9999.000,9999.000,9999.000,9999.000,9999.000,9999.000
202604200548,   1.865,9999.000,9999.000,9999.000,9999.000,9999.000,9999.000,9999.000,9999.000
202604200554,   1.899,9999.000,9999.000,9999.000,9999.000,9999.000,9999.000,9999.000,9999.000
202604200600,   1.932,9999.000,   0.400,   0.079,   2.411,   0.300,   2.311,   0.500,   2.511
202604200606,   1.962,9999.000,9999.000,9999.000,9999.000,9999.000,9999.000,9999.000,9999.000
202604200612,   1.992,9999.000,9999.000,9999.000,9999.000,9999.000,9999.000,9999.000,9999.000
202604200618,   2.019,9999.000,9999.000,9999.000,9999.000,9999.000,9999.000,9999.000,9999.000
202604200624,   2.045,9999.000,9999.000,9999.000,9999.000,9999.000,9999.000,9999.000,9999.000
202604200630,   2.069,9999.000,9999.000,9999.000,9999.000,9999.000,9999.000,9999.000,9999.000
202604200636,   2.091,9999.000,9999.000,9999.000,9999.000,9999.000,9999.000,9999.000,9999.000
202604200642,   2.112,9999.000,9999.000,9999.000,9999.000,9999.000,9999.000,9999.000,9999.000
202604200648,   2.131,9999.000,9999.000,9999.000,9999.000,9999.000,9999.000,9999.000,9999.000
202604200654,   2.149,9999.000,9999.000,9999.000,9999.000,9999.000,9999.000,9999.000,9999.000
202604200700,   2.164,9999.000,   0.300,   0.079,   2.543,   0.200,   2.443,   0.400,   2.643
202604200706,   2.178,9999.000,9999.000,9999.000,9999.000,9999.000,9999.000,9999.000,9999.000
202604200712,   2.191,9999.000,9999.000,9999.000,9999.000,9999.000,9999.000,9999.000,9999.000
202604200718,   2.201,9999.000,9999.000,9999.000,9999.000,9999.000,9999.000,9999.000,9999.000
202604200724,   2.210,9999.000,9999.000,9999.000,9999.000,9999.000,9999.000,9999.000,9999.000
202604200730,   2.216,9999.000,9999.000,9999.000,9999.000,9999.000,9999.000,9999.000,9999.000
202604200736,   2.221,9999.000,9999.000,9999.000,9999.000,9999.000,9999.000,9999.000,9999.000
202604200742,   2.224,9999.000,9999.000,9999.000,9999.000,9999.000,9999.000,9999.000,9999.000
202604200748,   2.225,9999.000,9999.000,9999.000,9999.000,9999.000,9999.000,9999.000,9999.000
202604200754,   2.224,9999.000,9999.000,9999.000,9999.000,9999.000,9999.000,9999.000,9999.000
202604200800,   2.221,9999.000,   0.300,   0.079,   2.600,   0.300,   2.600,   0.400,   2.700
202604200806,   2.216,9999.000,9999.000,9999.000,9999.000,9999.000,9999.000,9999.000,9999.000
202604200812,   2.209,9999.000,9999.000,9999.000,9999.000,9999.000,9999.000,9999.000,9999.000
202604200818,   2.200,9999.000,9999.000,9999.000,9999.000,9999.000,9999.000,9999.000,9999.000
202604200824,   2.190,9999.000,9999.000,9999.000,9999.000,9999.000,9999.000,9999.000,9999.000
202604200830,   2.177,9999.000,9999.000,9999.000,9999.000,9999.000,9999.000,9999.000,9999.000
202604200836,   2.163,9999.000,9999.000,9999.000,9999.000,9999.000,9999.000,9999.000,9999.000
202604200842,   2.147,9999.000,9999.000,9999.000,9999.000,9999.000,9999.000,9999.000,9999.000
202604200848,   2.130,9999.000,9999.000,9999.000,9999.000,9999.000,9999.000,9999.000,9999.000
202604200854,   2.111,9999.000,9999.000,9999.000,9999.000,9999.000,9999.000,9999.000,9999.000
202604200900,   2.091,9999.000,   0.400,   0.079,   2.570,   0.300,   2.470,   0.500,   2.670
202604200906,   2.070,9999.000,9999.000,9999.000,9999.000,9999.000,9999.000,9999.000,9999.000
202604200912,   2.048,9999.000,9999.000,9999.000,9999.000,9999.000,9999.000,9999.000,9999.000
202604200918,   2.025,9999.000,9999.000,9999.000,9999.000,9999.000,9999.000,9999.000,9999.000
202604200924,   2.001,9999.000,9999.000,9999.000,9999.000,9999.000,9999.000,9999.000,9999.000
202604200930,   1.976,9999.000,9999.000,9999.000,9999.000,9999.000,9999.000,9999.000,9999.000
202604200936,   1.951,9999.000,9999.000,9999.000,9999.000,9999.000,9999.000,9999.000,9999.000
202604200942,   1.925,9999.000,9999.000,9999.000,9999.000,9999.000,9999.000,9999.000,9999.000
202604200948,   1.899,9999.000,9999.000,9999.000,9999.000,9999.000,9999.000,9999.000,9999.000
202604200954,   1.873,9999.000,9999.000,9999.000,9999.000,9999.000,9999.000,9999.000,9999.000
202604201000,   1.847,9999.000,   0.400,   0.079,   2.326,   0.300,   2.226,   0.500,   2.426
202604201006,   1.821,9999.000,9999.000,9999.000,9999.000,9999.000,9999.000,9999.000,9999.000
202604201012,   1.795,9999.000,9999.000,9999.000,9999.000,9999.000,9999.000,9999.000,9999.000
202604201018,   1.770,9999.000,9999.000,9999.000,9999.000,9999.000,9999.000,9999.000,9999.000
202604201024,   1.745,9999.000,9999.000,9999.000,9999.000,9999.000,9999.000,9999.000,9999.000
202604201030,   1.720,9999.000,9999.000,9999.000,9999.000,9999.000,9999.000,9999.000,9999.000
202604201036,   1.695,9999.000,9999.000,9999.000,9999.000,9999.000,9999.000,9999.000,9999.000
202604201042,   1.672,9999.000,9999.000,9999.000,9999.000,9999.000,9999.000,9999.000,9999.000
202604201048,   1.650,9999.000,9999.000,9999.000,9999.000,9999.000,9999.000,9999.000,9999.000
202604201054,   1.626,9999.000,9999.000,9999.000,9999.000,9999.000,9999.000,9999.000,9999.000
202604201100,   1.605,9999.000,   0.400,   0.079,   2.084,   0.300,   1.984,   0.500,   2.184
202604201106,   1.584,9999.000,9999.000,9999.000,9999.000,9999.000,9999.000,9999.000,9999.000
202604201112,   1.564,9999.000,9999.000,9999.000,9999.000,9999.000,9999.000,9999.000,9999.000
202604201118,   1.545,9999.000,9999.000,9999.000,9999.000,9999.000,9999.000,9999.000,9999.000
202604201124,   1.526,9999.000,9999.000,9999.000,9999.000,9999.000,9999.000,9999.000,9999.000
202604201130,   1.509,9999.000,9999.000,9999.000,9999.000,9999.000,9999.000,9999.000,9999.000
202604201136,   1.493,9999.000,9999.000,9999.000,9999.000,9999.000,9999.000,9999.000,9999.000
202604201142,   1.478,9999.000,9999.000,9999.000,9999.000,9999.000,9999.000,9999.000,9999.000
202604201148,   1.465,9999.000,9999.000,9999.000,9999.000,9999.000,9999.000,9999.000,9999.000
202604201154,   1.452,9999.000,9999.000,9999.000,9999.000,9999.000,9999.000,9999.000,9999.000
202604201200,   1.441,9999.000,   0.400,   0.079,   1.920,   0.200,   1.720,   0.500,   2.020
202604201206,   1.432,9999.000,9999.000,9999.000,9999.000,9999.000,9999.000,9999.000,9999.000
202604201212,   1.424,9999.000,9999.000,9999.000,9999.000,9999.000,9999.000,9999.000,9999.000
202604201218,   1.418,9999.000,9999.000,9999.000,9999.000,9999.000,9999.000,9999.000,9999.000
202604201224,   1.413,9999.000,9999.000,9999.000,9999.000,9999.000,9999.000,9999.000,9999.000
202604201230,   1.410,9999.000,9999.000,9999.000,9999.000,9999.000,9999.000,9999.000,9999.000
202604201236,   1.410,9999.000,9999.000,9999.000,9999.000,9999.000,9999.000,9999.000,9999.000
202604201242,   1.411,9999.000,9999.000,9999.000,9999.000,9999.000,9999.000,9999.000,9999.000
202604201248,   1.415,9999.000,9999.000,9999.000,9999.000,9999.000,9999.000,9999.000,9999.000
202604201254,   1.421,9999.000,9999.000,9999.000,9999.000,9999.000,9999.000,9999.000,9999.000
202604201300,   1.430,9999.000,   0.400,   0.079,   1.909,   0.100,   1.609,   0.600,   2.109
202604201306,   1.441,9999.000,9999.000,9999.000,9999.000,9999.000,9999.000,9999.000,9999.000
202604201312,   1.455,9999.000,9999.000,9999.000,9999.000,9999.000,9999.000,9999.000,9999.000
202604201318,   1.471,9999.000,9999.000,9999.000,9999.000,9999.000,9999.000,9999.000,9999.000
202604201324,   1.490,9999.000,9999.000,9999.000,9999.000,9999.000,9999.000,9999.000,9999.000
202604201330,   1.512,9999.000,9999.000,9999.000,9999.000,9999.000,9999.000,9999.000,9999.000
202604201336,   1.537,9999.000,9999.000,9999.000,9999.000,9999.000,9999.000,9999.000,9999.000
202604201342,   1.565,9999.000,9999.000,9999.000,9999.000,9999.000,9999.000,9999.000,9999.000
202604201348,   1.596,9999.000,9999.000,9999.000,9999.000,9999.000,9999.000,9999.000,9999.000
202604201354,   1.630,9999.000,9999.000,9999.000,9999.000,9999.000,9999.000,9999.000,9999.000
202604201400,   1.666,9999.000,   0.300,   0.079,   2.045,   0.100,   1.845,   0.500,   2.245
202604201406,   1.705,9999.000,9999.000,9999.000,9999.000,9999.000,9999.000,9999.000,9999.000
202604201412,   1.747,9999.000,9999.000,9999.000,9999.000,9999.000,9999.000,9999.000,9999.000
202604201418,   1.791,9999.000,9999.000,9999.000,9999.000,9999.000,9999.000,9999.000,9999.000
202604201424,   1.837,9999.000,9999.000,9999.000,9999.000,9999.000,9999.000,9999.000,9999.000
202604201430,   1.886,9999.000,9999.000,9999.000,9999.000,9999.000,9999.000,9999.000,9999.000
202604201436,   1.936,9999.000,9999.000,9999.000,9999.000,9999.000,9999.000,9999.000,9999.000
202604201442,   1.988,9999.000,9999.000,9999.000,9999.000,9999.000,9999.000,9999.000,9999.000
202604201448,   2.042,9999.000,9999.000,9999.000,9999.000,9999.000,9999.000,9999.000,9999.000
202604201454,   2.097,9999.000,9999.000,9999.000,9999.000,9999.000,9999.000,9999.000,9999.000
202604201500,   2.152,9999.000,   0.300,   0.079,   2.531,   0.000,   2.231,   0.500,   2.731
202604201506,   2.209,9999.000,9999.000,9999.000,9999.000,9999.000,9999.000,9999.000,9999.000
202604201512,   2.265,9999.000,9999.000,9999.000,9999.000,9999.000,9999.000,9999.000,9999.000
202604201518,   2.322,9999.000,9999.000,9999.000,9999.000,9999.000,9999.000,9999.000,9999.000
202604201524,   2.379,9999.000,9999.000,9999.000,9999.000,9999.000,9999.000,9999.000,9999.000
202604201530,   2.435,9999.000,9999.000,9999.000,9999.000,9999.000,9999.000,9999.000,9999.000
202604201536,   2.490,9999.000,9999.000,9999.000,9999.000,9999.000,9999.000,9999.000,9999.000
202604201542,   2.545,9999.000,9999.000,9999.000,9999.000,9999.000,9999.000,9999.000,9999.000
202604201548,   2.598,9999.000,9999.000,9999.000,9999.000,9999.000,9999.000,9999.000,9999.000
202604201554,   2.649,9999.000,9999.000,9999.000,9999.000,9999.000,9999.000,9999.000,9999.000
202604201600,   2.699,9999.000,   0.200,   0.079,   2.978,   0.000,   2.778,   0.400,   3.178
202604201606,   2.747,9999.000,9999.000,9999.000,9999.000,9999.000,9999.000,9999.000,9999.000
202604201612,   2.792,9999.000,9999.000,9999.000,9999.000,9999.000,9999.000,9999.000,9999.000
202604201618,   2.835,9999.000,9999.000,9999.000,9999.000,9999.000,9999.000,9999.000,9999.000
202604201624,   2.876,9999.000,9999.000,9999.000,9999.000,9999.000,9999.000,9999.000,9999.000
202604201630,   2.914,9999.000,9999.000,9999.000,9999.000,9999.000,9999.000,9999.000,9999.000
202604201636,   2.949,9999.000,9999.000,9999.000,9999.000,9999.000,9999.000,9999.000,9999.000
202604201642,   2.982,9999.000,9999.000,9999.000,9999.000,9999.000,9999.000,9999.000,9999.000
202604201648,   3.012,9999.000,9999.000,9999.000,9999.000,9999.000,9999.000,9999.000,9999.000
202604201654,   3.038,9999.000,9999.000,9999.000,9999.000,9999.000,9999.000,9999.000,9999.000
202604201700,   3.063,9999.000,   0.200,   0.079,   3.342,   0.000,   3.142,   0.400,   3.542
202604201706,   3.084,9999.000,9999.000,9999.000,9999.000,9999.000,9999.000,9999.000,9999.000
202604201712,   3.102,9999.000,9999.000,9999.000,9999.000,9999.000,9999.000,9999.000,9999.000
202604201718,   3.118,9999.000,9999.000,9999.000,9999.000,9999.000,9999.000,9999.000,9999.000
202604201724,   3.131,9999.000,9999.000,9999.000,9999.000,9999.000,9999.000,9999.000,9999.000
202604201730,   3.142,9999.000,9999.000,9999.000,9999.000,9999.000,9999.000,9999.000,9999.000
202604201736,   3.150,9999.000,9999.000,9999.000,9999.000,9999.000,9999.000,9999.000,9999.000
202604201742,   3.156,9999.000,9999.000,9999.000,9999.000,9999.000,9999.000,9999.000,9999.000
202604201748,   3.159,9999.000,9999.000,9999.000,9999.000,9999.000,9999.000,9999.000,9999.000
202604201754,   3.161,9999.000,9999.000,9999.000,9999.000,9999.000,9999.000,9999.000,9999.000
202604201800,   3.160,9999.000,   0.300,   0.079,   3.539,   0.100,   3.339,   0.500,   3.739
202604201806,   3.157,9999.000,9999.000,9999.000,9999.000,9999.000,9999.000,9999.000,9999.000
202604201812,   3.152,9999.000,9999.000,9999.000,9999.000,9999.000,9999.000,9999.000,9999.000
202604201818,   3.146,9999.000,9999.000,9999.000,9999.000,9999.000,9999.000,9999.000,9999.000
202604201824,   3.137,9999.000,9999.000,9999.000,9999.000,9999.000,9999.000,9999.000,9999.000
202604201830,   3.127,9999.000,9999.000,9999.000,9999.000,9999.000,9999.000,9999.000,9999.000
202604201836,   3.115,9999.000,9999.000,9999.000,9999.000,9999.000,9999.000,9999.000,9999.000
202604201842,   3.102,9999.000,9999.000,9999.000,9999.000,9999.000,9999.000,9999.000,9999.000
202604201848,   3.087,9999.000,9999.000,9999.000,9999.000,9999.000,9999.000,9999.000,9999.000
202604201854,   3.070,9999.000,9999.000,9999.000,9999.000,9999.000,9999.000,9999.000,9999.000
202604201900,   3.052,9999.000,   0.300,   0.079,   3.431,   0.200,   3.331,   0.500,   3.631
202604201906,   3.032,9999.000,9999.000,9999.000,9999.000,9999.000,9999.000,9999.000,9999.000
202604201912,   3.010,9999.000,9999.000,9999.000,9999.000,9999.000,9999.000,9999.000,9999.000
202604201918,   2.986,9999.000,9999.000,9999.000,9999.000,9999.000,9999.000,9999.000,9999.000
202604201924,   2.961,9999.000,9999.000,9999.000,9999.000,9999.000,9999.000,9999.000,9999.000
202604201930,   2.933,9999.000,9999.000,9999.000,9999.000,9999.000,9999.000,9999.000,9999.000
202604201936,   2.904,9999.000,9999.000,9999.000,9999.000,9999.000,9999.000,9999.000,9999.000
202604201942,   2.873,9999.000,9999.000,9999.000,9999.000,9999.000,9999.000,9999.000,9999.000
202604201948,   2.839,9999.000,9999.000,9999.000,9999.000,9999.000,9999.000,9999.000,9999.000
202604201954,   2.804,9999.000,9999.000,9999.000,9999.000,9999.000,9999.000,9999.000,9999.000
202604202000,   2.766,9999.000,   0.400,   0.079,   3.245,   0.200,   3.045,   0.500,   3.345
202604202006,   2.726,9999.000,9999.000,9999.000,9999.000,9999.000,9999.000,9999.000,9999.000
202604202012,   2.684,9999.000,9999.000,9999.000,9999.000,9999.000,9999.000,9999.000,9999.000
202604202018,   2.639,9999.000,9999.000,9999.000,9999.000,9999.000,9999.000,9999.000,9999.000
202604202024,   2.592,9999.000,9999.000,9999.000,9999.000,9999.000,9999.000,9999.000,9999.000
202604202030,   2.543,9999.000,9999.000,9999.000,9999.000,9999.000,9999.000,9999.000,9999.000
202604202036,   2.491,9999.000,9999.000,9999.000,9999.000,9999.000,9999.000,9999.000,9999.000
202604202042,   2.437,9999.000,9999.000,9999.000,9999.000,9999.000,9999.000,9999.000,9999.000
202604202048,   2.381,9999.000,9999.000,9999.000,9999.000,9999.000,9999.000,9999.000,9999.000
202604202054,   2.322,9999.000,9999.000,9999.000,9999.000,9999.000,9999.000,9999.000,9999.000
202604202100,   2.261,9999.000,   0.400,   0.079,   2.740,   0.200,   2.540,   0.600,   2.940
202604202106,   2.198,9999.000,9999.000,9999.000,9999.000,9999.000,9999.000,9999.000,9999.000
202604202112,   2.133,9999.000,9999.000,9999.000,9999.000,9999.000,9999.000,9999.000,9999.000
202604202118,   2.066,9999.000,9999.000,9999.000,9999.000,9999.000,9999.000,9999.000,9999.000
202604202124,   1.997,9999.000,9999.000,9999.000,9999.000,9999.000,9999.000,9999.000,9999.000
202604202130,   1.927,9999.000,9999.000,9999.000,9999.000,9999.000,9999.000,9999.000,9999.000
202604202136,   1.855,9999.000,9999.000,9999.000,9999.000,9999.000,9999.000,9999.000,9999.000
202604202142,   1.781,9999.000,9999.000,9999.000,9999.000,9999.000,9999.000,9999.000,9999.000
202604202148,   1.706,9999.000,9999.000,9999.000,9999.000,9999.000,9999.000,9999.000,9999.000
202604202154,   1.630,9999.000,9999.000,9999.000,9999.000,9999.000,9999.000,9999.000,9999.000
202604202200,   1.553,9999.000,   0.400,   0.079,   2.032,   0.100,   1.732,   0.600,   2.232
202604202206,   1.475,9999.000,9999.000,9999.000,9999.000,9999.000,9999.000,9999.000,9999.000
202604202212,   1.396,9999.000,9999.000,9999.000,9999.000,9999.000,9999.000,9999.000,9999.000
202604202218,   1.316,9999.000,9999.000,9999.000,9999.000,9999.000,9999.000,9999.000,9999.000
202604202224,   1.237,9999.000,9999.000,9999.000,9999.000,9999.000,9999.000,9999.000,9999.000
202604202230,   1.156,9999.000,9999.000,9999.000,9999.000,9999.000,9999.000,9999.000,9999.000
202604202236,   1.076,9999.000,9999.000,9999.000,9999.000,9999.000,9999.000,9999.000,9999.000
202604202242,   0.996,9999.000,9999.000,9999.000,9999.000,9999.000,9999.000,9999.000,9999.000
202604202248,   0.916,9999.000,9999.000,9999.000,9999.000,9999.000,9999.000,9999.000,9999.000
202604202254,   0.836,9999.000,9999.000,9999.000,9999.000,9999.000,9999.000,9999.000,9999.000
202604202300,   0.757,9999.000,   0.300,   0.079,   1.136,   0.000,   0.836,   0.600,   1.436
202604202306,   0.678,9999.000,9999.000,9999.000,9999.000,9999.000,9999.000,9999.000,9999.000
202604202312,   0.600,9999.000,9999.000,9999.000,9999.000,9999.000,9999.000,9999.000,9999.000
202604202318,   0.523,9999.000,9999.000,9999.000,9999.000,9999.000,9999.000,9999.000,9999.000
202604202324,   0.447,9999.000,9999.000,9999.000,9999.000,9999.000,9999.000,9999.000,9999.000
202604202330,   0.372,9999.000,9999.000,9999.000,9999.000,9999.000,9999.000,9999.000,9999.000
202604202336,   0.298,9999.000,9999.000,9999.000,9999.000,9999.000,9999.000,9999.000,9999.000
202604202342,   0.225,9999.000,9999.000,9999.000,9999.000,9999.000,9999.000,9999.000,9999.000
202604202348,   0.154,9999.000,9999.000,9999.000,9999.000,9999.000,9999.000,9999.000,9999.000
202604202354,   0.084,9999.000,9999.000,9999.000,9999.000,9999.000,9999.000,9999.000,9999.000
202604210000,   0.017,9999.000,   0.200,   0.079,   0.296,   0.000,   0.096,   0.500,   0.596
202604210006,  -0.048,9999.000,9999.000,9999.000,9999.000,9999.000,9999.000,9999.000,9999.000
202604210012,  -0.112,9999.000,9999.000,9999.000,9999.000,9999.000,9999.000,9999.000,9999.000
202604210018,  -0.174,9999.000,9999.000,9999.000,9999.000,9999.000,9999.000,9999.000,9999.000
202604210024,  -0.233,9999.000,9999.000,9999.000,9999.000,9999.000,9999.000,9999.000,9999.000
202604210030,  -0.290,9999.000,9999.000,9999.000,9999.000,9999.000,9999.000,9999.000,9999.000
202604210036,  -0.344,9999.000,9999.000,9999.000,9999.000,9999.000,9999.000,9999.000,9999.000
202604210042,  -0.395,9999.000,9999.000,9999.000,9999.000,9999.000,9999.000,9999.000,9999.000
202604210048,  -0.443,9999.000,9999.000,9999.000,9999.000,9999.000,9999.000,9999.000,9999.000
202604210054,  -0.487,9999.000,9999.000,9999.000,9999.000,9999.000,9999.000,9999.000,9999.000
202604210100,  -0.529,9999.000,   0.100,   0.079,  -0.350,  -0.200,  -0.650,   0.400,  -0.050
202604210106,  -0.566,9999.000,9999.000,9999.000,9999.000,9999.000,9999.000,9999.000,9999.000
202604210112,  -0.600,9999.000,9999.000,9999.000,9999.000,9999.000,9999.000,9999.000,9999.000
202604210118,  -0.630,9999.000,9999.000,9999.000,9999.000,9999.000,9999.000,9999.000,9999.000
202604210124,  -0.656,9999.000,9999.000,9999.000,9999.000,9999.000,9999.000,9999.000,9999.000
202604210130,  -0.677,9999.000,9999.000,9999.000,9999.000,9999.000,9999.000,9999.000,9999.000
202604210136,  -0.694,9999.000,9999.000,9999.000,9999.000,9999.000,9999.000,9999.000,9999.000
202604210142,  -0.707,9999.000,9999.000,9999.000,9999.000,9999.000,9999.000,9999.000,9999.000
202604210148,  -0.715,9999.000,9999.000,9999.000,9999.000,9999.000,9999.000,9999.000,9999.000
202604210154,  -0.718,9999.000,9999.000,9999.000,9999.000,9999.000,9999.000,9999.000,9999.000
202604210200,  -0.717,9999.000,   0.000,   0.079,  -0.638,  -0.300,  -0.938,   0.300,  -0.338
202604210206,  -0.710,9999.000,9999.000,9999.000,9999.000,9999.000,9999.000,9999.000,9999.000
202604210212,  -0.699,9999.000,9999.000,9999.000,9999.000,9999.000,9999.000,9999.000,9999.000
202604210218,  -0.684,9999.000,9999.000,9999.000,9999.000,9999.000,9999.000,9999.000,9999.000
202604210224,  -0.663,9999.000,9999.000,9999.000,9999.000,9999.000,9999.000,9999.000,9999.000
202604210230,  -0.638,9999.000,9999.000,9999.000,9999.000,9999.000,9999.000,9999.000,9999.000
202604210236,  -0.608,9999.000,9999.000,9999.000,9999.000,9999.000,9999.000,9999.000,9999.000
202604210242,  -0.574,9999.000,9999.000,9999.000,9999.000,9999.000,9999.000,9999.000,9999.000
202604210248,  -0.536,9999.000,9999.000,9999.000,9999.000,9999.000,9999.000,9999.000,9999.000
202604210254,  -0.494,9999.000,9999.000,9999.000,9999.000,9999.000,9999.000,9999.000,9999.000
202604210300,  -0.448,9999.000,  -0.200,   0.079,  -0.569,  -0.400,  -0.769,   0.100,  -0.269
202604210306,  -0.398,9999.000,9999.000,9999.000,9999.000,9999.000,9999.000,9999.000,9999.000
202604210312,  -0.345,9999.000,9999.000,9999.000,9999.000,9999.000,9999.000,9999.000,9999.000
202604210318,  -0.289,9999.000,9999.000,9999.000,9999.000,9999.000,9999.000,9999.000,9999.000
202604210324,  -0.230,9999.000,9999.000,9999.000,9999.000,9999.000,9999.000,9999.000,9999.000
202604210330,  -0.169,9999.000,9999.000,9999.000,9999.000,9999.000,9999.000,9999.000,9999.000
202604210336,  -0.106,9999.000,9999.000,9999.000,9999.000,9999.000,9999.000,9999.000,9999.000
202604210342,  -0.040,9999.000,9999.000,9999.000,9999.000,9999.000,9999.000,9999.000,9999.000
202604210348,   0.025,9999.000,9999.000,9999.000,9999.000,9999.000,9999.000,9999.000,9999.000
202604210354,   0.093,9999.000,9999.000,9999.000,9999.000,9999.000,9999.000,9999.000,9999.000
202604210400,   0.162,9999.000,  -0.300,   0.079,  -0.059,  -0.500,  -0.259,   0.000,   0.241
202604210406,   0.231,9999.000,9999.000,9999.000,9999.000,9999.000,9999.000,9999.000,9999.000
202604210412,   0.301,9999.000,9999.000,9999.000,9999.000,9999.000,9999.000,9999.000,9999.000
202604210418,   0.370,9999.000,9999.000,9999.000,9999.000,9999.000,9999.000,9999.000,9999.000
202604210424,   0.440,9999.000,9999.000,9999.000,9999.000,9999.000,9999.000,9999.000,9999.000
202604210430,   0.508,9999.000,9999.000,9999.000,9999.000,9999.000,9999.000,9999.000,9999.000
202604210436,   0.576,9999.000,9999.000,9999.000,9999.000,9999.000,9999.000,9999.000,9999.000
202604210442,   0.643,9999.000,9999.000,9999.000,9999.000,9999.000,9999.000,9999.000,9999.000
202604210448,   0.709,9999.000,9999.000,9999.000,9999.000,9999.000,9999.000,9999.000,9999.000
202604210454,   0.773,9999.000,9999.000,9999.000,9999.000,9999.000,9999.000,9999.000,9999.000
202604210500,   0.836,9999.000,  -0.400,   0.079,   0.515,  -0.600,   0.315,  -0.100,   0.815
202604210506,   0.897,9999.000,9999.000,9999.000,9999.000,9999.000,9999.000,9999.000,9999.000
202604210512,   0.956,9999.000,9999.000,9999.000,9999.000,9999.000,9999.000,9999.000,9999.000
202604210518,   1.014,9999.000,9999.000,9999.000,9999.000,9999.000,9999.000,9999.000,9999.000
202604210524,   1.069,9999.000,9999.000,9999.000,9999.000,9999.000,9999.000,9999.000,9999.000
202604210530,   1.123,9999.000,9999.000,9999.000,9999.000,9999.000,9999.000,9999.000,9999.000
202604210536,   1.175,9999.000,9999.000,9999.000,9999.000,9999.000,9999.000,9999.000,9999.000
202604210542,   1.225,9999.000,9999.000,9999.000,9999.000,9999.000,9999.000,9999.000,9999.000
202604210548,   1.273,9999.000,9999.000,9999.000,9999.000,9999.000,9999.000,9999.000,9999.000
202604210554,   1.320,9999.000,9999.000,9999.000,9999.000,9999.000,9999.000,9999.000,9999.000
202604210600,   1.364,9999.000,  -0.500,   0.079,   0.943,  -0.800,   0.643,  -0.200,   1.243
202604210606,   1.407,9999.000,9999.000,9999.000,9999.000,9999.000,9999.000,9999.000,9999.000
202604210612,   1.449,9999.000,9999.000,9999.000,9999.000,9999.000,9999.000,9999.000,9999.000
202604210618,   1.488,9999.000,9999.000,9999.000,9999.000,9999.000,9999.000,9999.000,9999.000
202604210624,   1.526,9999.000,9999.000,9999.000,9999.000,9999.000,9999.000,9999.000,9999.000
202604210630,   1.563,9999.000,9999.000,9999.000,9999.000,9999.000,9999.000,9999.000,9999.000
202604210636,   1.598,9999.000,9999.000,9999.000,9999.000,9999.000,9999.000,9999.000,9999.000
202604210642,   1.632,9999.000,9999.000,9999.000,9999.000,9999.000,9999.000,9999.000,9999.000
202604210648,   1.664,9999.000,9999.000,9999.000,9999.000,9999.000,9999.000,9999.000,9999.000
202604210654,   1.696,9999.000,9999.000,9999.000,9999.000,9999.000,9999.000,9999.000,9999.000
202604210700,   1.725,9999.000,  -0.500,   0.079,   1.304,  -0.800,   1.004,  -0.200,   1.604
202604210706,   1.754,9999.000,9999.000,9999.000,9999.000,9999.000,9999.000,9999.000,9999.000
202604210712,   1.782,9999.000,9999.000,9999.000,9999.000,9999.000,9999.000,9999.000,9999.000
202604210718,   1.808,9999.000,9999.000,9999.000,9999.000,9999.000,9999.000,9999.000,9999.000
202604210724,   1.833,9999.000,9999.000,9999.000,9999.000,9999.000,9999.000,9999.000,9999.000
202604210730,   1.857,9999.000,9999.000,9999.000,9999.000,9999.000,9999.000,9999.000,9999.000
202604210736,   1.879,9999.000,9999.000,9999.000,9999.000,9999.000,9999.000,9999.000,9999.000
202604210742,   1.900,9999.000,9999.000,9999.000,9999.000,9999.000,9999.000,9999.000,9999.000
202604210748,   1.920,9999.000,9999.000,9999.000,9999.000,9999.000,9999.000,9999.000,9999.000
202604210754,   1.938,9999.000,9999.000,9999.000,9999.000,9999.000,9999.000,9999.000,9999.000
202604210800,   1.955,9999.000,  -0.400,   0.079,   1.634,  -0.700,   1.334,  -0.200,   1.834
202604210806,   1.971,9999.000,9999.000,9999.000,9999.000,9999.000,9999.000,9999.000,9999.000
202604210812,   1.984,9999.000,9999.000,9999.000,9999.000,9999.000,9999.000,9999.000,9999.000
202604210818,   1.997,9999.000,9999.000,9999.000,9999.000,9999.000,9999.000,9999.000,9999.000
202604210824,   2.007,9999.000,9999.000,9999.000,9999.000,9999.000,9999.000,9999.000,9999.000
202604210830,   2.017,9999.000,9999.000,9999.000,9999.000,9999.000,9999.000,9999.000,9999.000
202604210836,   2.024,9999.000,9999.000,9999.000,9999.000,9999.000,9999.000,9999.000,9999.000
202604210842,   2.030,9999.000,9999.000,9999.000,9999.000,9999.000,9999.000,9999.000,9999.000
202604210848,   2.034,9999.000,9999.000,9999.000,9999.000,9999.000,9999.000,9999.000,9999.000
202604210854,   2.036,9999.000,9999.000,9999.000,9999.000,9999.000,9999.000,9999.000,9999.000
202604210900,   2.037,9999.000,  -0.300,   0.079,   1.816,  -0.500,   1.616,  -0.100,   2.016
202604210906,   2.036,9999.000,9999.000,9999.000,9999.000,9999.000,9999.000,9999.000,9999.000
202604210912,   2.034,9999.000,9999.000,9999.000,9999.000,9999.000,9999.000,9999.000,9999.000
202604210918,   2.030,9999.000,9999.000,9999.000,9999.000,9999.000,9999.000,9999.000,9999.000
202604210924,   2.024,9999.000,9999.000,9999.000,9999.000,9999.000,9999.000,9999.000,9999.000
202604210930,   2.017,9999.000,9999.000,9999.000,9999.000,9999.000,9999.000,9999.000,9999.000
202604210936,   2.009,9999.000,9999.000,9999.000,9999.000,9999.000,9999.000,9999.000,9999.000
202604210942,   2.000,9999.000,9999.000,9999.000,9999.000,9999.000,9999.000,9999.000,9999.000
202604210948,   1.989,9999.000,9999.000,9999.000,9999.000,9999.000,9999.000,9999.000,9999.000
202604210954,   1.977,9999.000,9999.000,9999.000,9999.000,9999.000,9999.000,9999.000,9999.000
202604211000,   1.965,9999.000,  -0.300,   0.079,   1.744,  -0.500,   1.544,   0.000,   2.044
202604211006,   1.951,9999.000,9999.000,9999.000,9999.000,9999.000,9999.000,9999.000,9999.000
202604211012,   1.937,9999.000,9999.000,9999.000,9999.000,9999.000,9999.000,9999.000,9999.000
202604211018,   1.922,9999.000,9999.000,9999.000,9999.000,9999.000,9999.000,9999.000,9999.000
202604211024,   1.907,9999.000,9999.000,9999.000,9999.000,9999.000,9999.000,9999.000,9999.000
202604211030,   1.891,9999.000,9999.000,9999.000,9999.000,9999.000,9999.000,9999.000,9999.000
202604211036,   1.875,9999.000,9999.000,9999.000,9999.000,9999.000,9999.000,9999.000,9999.000
202604211042,   1.859,9999.000,9999.000,9999.000,9999.000,9999.000,9999.000,9999.000,9999.000
202604211048,   1.843,9999.000,9999.000,9999.000,9999.000,9999.000,9999.000,9999.000,9999.000
202604211054,   1.827,9999.000,9999.000,9999.000,9999.000,9999.000,9999.000,9999.000,9999.000
202604211100,   1.810,9999.000,  -0.200,   0.079,   1.689,  -0.400,   1.489,   0.000,   1.889
202604211106,   1.794,9999.000,9999.000,9999.000,9999.000,9999.000,9999.000,9999.000,9999.000
202604211112,   1.778,9999.000,9999.000,9999.000,9999.000,9999.000,9999.000,9999.000,9999.000
202604211118,   1.763,9999.000,9999.000,9999.000,9999.000,9999.000,9999.000,9999.000,9999.000
202604211124,   1.747,9999.000,9999.000,9999.000,9999.000,9999.000,9999.000,9999.000,9999.000
202604211130,   1.732,9999.000,9999.000,9999.000,9999.000,9999.000,9999.000,9999.000,9999.000
202604211136,   1.718,9999.000,9999.000,9999.000,9999.000,9999.000,9999.000,9999.000,9999.000
202604211142,   1.704,9999.000,9999.000,9999.000,9999.000,9999.000,9999.000,9999.000,9999.000
202604211148,   1.690,9999.000,9999.000,9999.000,9999.000,9999.000,9999.000,9999.000,9999.000
202604211154,   1.678,9999.000,9999.000,9999.000,9999.000,9999.000,9999.000,9999.000,9999.000
202604211200,   1.665,9999.000,  -0.200,   0.079,   1.544,  -0.400,   1.344,   0.000,   1.744
202604211206,   1.654,9999.000,9999.000,9999.000,9999.000,9999.000,9999.000,9999.000,9999.000
202604211212,   1.642,9999.000,9999.000,9999.000,9999.000,9999.000,9999.000,9999.000,9999.000
202604211218,   1.632,9999.000,9999.000,9999.000,9999.000,9999.000,9999.000,9999.000,9999.000
202604211224,   1.623,9999.000,9999.000,9999.000,9999.000,9999.000,9999.000,9999.000,9999.000
202604211230,   1.614,9999.000,9999.000,9999.000,9999.000,9999.000,9999.000,9999.000,9999.000
202604211236,   1.606,9999.000,9999.000,9999.000,9999.000,9999.000,9999.000,9999.000,9999.000
202604211242,   1.599,9999.000,9999.000,9999.000,9999.000,9999.000,9999.000,9999.000,9999.000
202604211248,   1.593,9999.000,9999.000,9999.000,9999.000,9999.000,9999.000,9999.000,9999.000
202604211254,   1.589,9999.000,9999.000,9999.000,9999.000,9999.000,9999.000,9999.000,9999.000
202604211300,   1.585,9999.000,  -0.200,   0.079,   1.464,  -0.400,   1.264,   0.000,   1.664
202604211306,   1.583,9999.000,9999.000,9999.000,9999.000,9999.000,9999.000,9999.000,9999.000
202604211312,   1.582,9999.000,9999.000,9999.000,9999.000,9999.000,9999.000,9999.000,9999.000
202604211318,   1.582,9999.000,9999.000,9999.000,9999.000,9999.000,9999.000,9999.000,9999.000
202604211324,   1.584,9999.000,9999.000,9999.000,9999.000,9999.000,9999.000,9999.000,9999.000
202604211330,   1.588,9999.000,9999.000,9999.000,9999.000,9999.000,9999.000,9999.000,9999.000
202604211336,   1.593,9999.000,9999.000,9999.000,9999.000,9999.000,9999.000,9999.000,9999.000
202604211342,   1.600,9999.000,9999.000,9999.000,9999.000,9999.000,9999.000,9999.000,9999.000
202604211348,   1.609,9999.000,9999.000,9999.000,9999.000,9999.000,9999.000,9999.000,9999.000
202604211354,   1.620,9999.000,9999.000,9999.000,9999.000,9999.000,9999.000,9999.000,9999.000
202604211400,   1.633,9999.000,  -0.200,   0.079,   1.512,  -0.500,   1.212,   0.000,   1.712
202604211406,   1.650,9999.000,9999.000,9999.000,9999.000,9999.000,9999.000,9999.000,9999.000
202604211412,   1.666,9999.000,9999.000,9999.000,9999.000,9999.000,9999.000,9999.000,9999.000
202604211418,   1.686,9999.000,9999.000,9999.000,9999.000,9999.000,9999.000,9999.000,9999.000
202604211424,   1.708,9999.000,9999.000,9999.000,9999.000,9999.000,9999.000,9999.000,9999.000
202604211430,   1.732,9999.000,9999.000,9999.000,9999.000,9999.000,9999.000,9999.000,9999.000
202604211436,   1.758,9999.000,9999.000,9999.000,9999.000,9999.000,9999.000,9999.000,9999.000
202604211442,   1.787,9999.000,9999.000,9999.000,9999.000,9999.000,9999.000,9999.000,9999.000
202604211448,   1.818,9999.000,9999.000,9999.000,9999.000,9999.000,9999.000,9999.000,9999.000
202604211454,   1.851,9999.000,9999.000,9999.000,9999.000,9999.000,9999.000,9999.000,9999.000
202604211500,   1.886,9999.000,  -0.300,   0.079,   1.665,  -0.500,   1.465,   0.000,   1.965
202604211506,   1.923,9999.000,9999.000,9999.000,9999.000,9999.000,9999.000,9999.000,9999.000
202604211512,   1.962,9999.000,9999.000,9999.000,9999.000,9999.000,9999.000,9999.000,9999.000
202604211518,   2.003,9999.000,9999.000,9999.000,9999.000,9999.000,9999.000,9999.000,9999.000
202604211524,   2.044,9999.000,9999.000,9999.000,9999.000,9999.000,9999.000,9999.000,9999.000
202604211530,   2.088,9999.000,9999.000,9999.000,9999.000,9999.000,9999.000,9999.000,9999.000
202604211536,   2.132,9999.000,9999.000,9999.000,9999.000,9999.000,9999.000,9999.000,9999.000
202604211542,   2.177,9999.000,9999.000,9999.000,9999.000,9999.000,9999.000,9999.000,9999.000
202604211548,   2.223,9999.000,9999.000,9999.000,9999.000,9999.000,9999.000,9999.000,9999.000
202604211554,   2.269,9999.000,9999.000,9999.000,9999.000,9999.000,9999.000,9999.000,9999.000
202604211600,   2.316,9999.000,  -0.300,   0.079,   2.095,  -0.500,   1.895,  -0.100,   2.295
202604211606,   2.362,9999.000,9999.000,9999.000,9999.000,9999.000,9999.000,9999.000,9999.000
202604211612,   2.409,9999.000,9999.000,9999.000,9999.000,9999.000,9999.000,9999.000,9999.000
202604211618,   2.454,9999.000,9999.000,9999.000,9999.000,9999.000,9999.000,9999.000,9999.000
202604211624,   2.499,9999.000,9999.000,9999.000,9999.000,9999.000,9999.000,9999.000,9999.000
202604211630,   2.543,9999.000,9999.000,9999.000,9999.000,9999.000,9999.000,9999.000,9999.000
202604211636,   2.586,9999.000,9999.000,9999.000,9999.000,9999.000,9999.000,9999.000,9999.000
202604211642,   2.628,9999.000,9999.000,9999.000,9999.000,9999.000,9999.000,9999.000,9999.000
202604211648,   2.668,9999.000,9999.000,9999.000,9999.000,9999.000,9999.000,9999.000,9999.000
202604211654,   2.706,9999.000,9999.000,9999.000,9999.000,9999.000,9999.000,9999.000,9999.000
202604211700,   2.743,9999.000,  -0.200,   0.079,   2.622,  -0.400,   2.422,   0.000,   2.822
202604211706,   2.778,9999.000,9999.000,9999.000,9999.000,9999.000,9999.000,9999.000,9999.000
202604211712,   2.810,9999.000,9999.000,9999.000,9999.000,9999.000,9999.000,9999.000,9999.000
202604211718,   2.841,9999.000,9999.000,9999.000,9999.000,9999.000,9999.000,9999.000,9999.000
202604211724,   2.869,9999.000,9999.000,9999.000,9999.000,9999.000,9999.000,9999.000,9999.000
202604211730,   2.895,9999.000,9999.000,9999.000,9999.000,9999.000,9999.000,9999.000,9999.000
202604211736,   2.918,9999.000,9999.000,9999.000,9999.000,9999.000,9999.000,9999.000,9999.000
202604211742,   2.940,9999.000,9999.000,9999.000,9999.000,9999.000,9999.000,9999.000,9999.000
202604211748,   2.959,9999.000,9999.000,9999.000,9999.000,9999.000,9999.000,9999.000,9999.000
202604211754,   2.976,9999.000,9999.000,9999.000,9999.000,9999.000,9999.000,9999.000,9999.000
202604211800,   2.990,9999.000,  -0.100,   0.079,   2.969,  -0.300,   2.769,   0.000,   3.069
202604211806,   3.003,9999.000,9999.000,9999.000,9999.000,9999.000,9999.000,9999.000,9999.000
202604211812,   3.013,9999.000,9999.000,9999.000,9999.000,9999.000,9999.000,9999.000,9999.000
202604211818,   3.021,9999.000,9999.000,9999.000,9999.000,9999.000,9999.000,9999.000,9999.000
202604211824,   3.028,9999.000,9999.000,9999.000,9999.000,9999.000,9999.000,9999.000,9999.000
202604211830,   3.032,9999.000,9999.000,9999.000,9999.000,9999.000,9999.000,9999.000,9999.000
202604211836,   3.035,9999.000,9999.000,9999.000,9999.000,9999.000,9999.000,9999.000,9999.000
202604211842,   3.036,9999.000,9999.000,9999.000,9999.000,9999.000,9999.000,9999.000,9999.000
202604211848,   3.036,9999.000,9999.000,9999.000,9999.000,9999.000,9999.000,9999.000,9999.000
202604211854,   3.034,9999.000,9999.000,9999.000,9999.000,9999.000,9999.000,9999.000,9999.000
202604211900,   3.030,9999.000,   0.000,   0.079,   3.109,  -0.200,   2.909,   0.100,   3.209
202604211906,   3.025,9999.000,9999.000,9999.000,9999.000,9999.000,9999.000,9999.000,9999.000
202604211912,   3.019,9999.000,9999.000,9999.000,9999.000,9999.000,9999.000,9999.000,9999.000
202604211918,   3.011,9999.000,9999.000,9999.000,9999.000,9999.000,9999.000,9999.000,9999.000
202604211924,   3.003,9999.000,9999.000,9999.000,9999.000,9999.000,9999.000,9999.000,9999.000
202604211930,   2.992,9999.000,9999.000,9999.000,9999.000,9999.000,9999.000,9999.000,9999.000
202604211936,   2.981,9999.000,9999.000,9999.000,9999.000,9999.000,9999.000,9999.000,9999.000
202604211942,   2.968,9999.000,9999.000,9999.000,9999.000,9999.000,9999.000,9999.000,9999.000
202604211948,   2.954,9999.000,9999.000,9999.000,9999.000,9999.000,9999.000,9999.000,9999.000
202604211954,   2.939,9999.000,9999.000,9999.000,9999.000,9999.000,9999.000,9999.000,9999.000
202604212000,   2.922,9999.000,   0.100,   0.079,   3.101,   0.000,   3.001,   0.300,   3.301
202604212006,   2.903,9999.000,9999.000,9999.000,9999.000,9999.000,9999.000,9999.000,9999.000
202604212012,   2.884,9999.000,9999.000,9999.000,9999.000,9999.000,9999.000,9999.000,9999.000
202604212018,   2.862,9999.000,9999.000,9999.000,9999.000,9999.000,9999.000,9999.000,9999.000
202604212024,   2.839,9999.000,9999.000,9999.000,9999.000,9999.000,9999.000,9999.000,9999.000
202604212030,   2.814,9999.000,9999.000,9999.000,9999.000,9999.000,9999.000,9999.000,9999.000
202604212036,   2.788,9999.000,9999.000,9999.000,9999.000,9999.000,9999.000,9999.000,9999.000
202604212042,   2.759,9999.000,9999.000,9999.000,9999.000,9999.000,9999.000,9999.000,9999.000
202604212048,   2.729,9999.000,9999.000,9999.000,9999.000,9999.000,9999.000,9999.000,9999.000
202604212054,   2.697,9999.000,9999.000,9999.000,9999.000,9999.000,9999.000,9999.000,9999.000
202604212100,   2.662,9999.000,   0.200,   0.079,   2.941,   0.000,   2.741,   0.400,   3.141
202604212106,   2.626,9999.000,9999.000,9999.000,9999.000,9999.000,9999.000,9999.000,9999.000
202604212112,   2.587,9999.000,9999.000,9999.000,9999.000,9999.000,9999.000,9999.000,9999.000
202604212118,   2.546,9999.000,9999.000,9999.000,9999.000,9999.000,9999.000,9999.000,9999.000
202604212124,   2.503,9999.000,9999.000,9999.000,9999.000,9999.000,9999.000,9999.000,9999.000
202604212130,   2.458,9999.000,9999.000,9999.000,9999.000,9999.000,9999.000,9999.000,9999.000
202604212136,   2.411,9999.000,9999.000,9999.000,9999.000,9999.000,9999.000,9999.000,9999.000
202604212142,   2.362,9999.000,9999.000,9999.000,9999.000,9999.000,9999.000,9999.000,9999.000
202604212148,   2.310,9999.000,9999.000,9999.000,9999.000,9999.000,9999.000,9999.000,9999.000
202604212154,   2.256,9999.000,9999.000,9999.000,9999.000,9999.000,9999.000,9999.000,9999.000
202604212200,   2.201,9999.000,   0.300,   0.079,   2.580,   0.100,   2.380,   0.500,   2.780
202604212206,   2.143,9999.000,9999.000,9999.000,9999.000,9999.000,9999.000,9999.000,9999.000
202604212212,   2.084,9999.000,9999.000,9999.000,9999.000,9999.000,9999.000,9999.000,9999.000
202604212218,   2.023,9999.000,9999.000,9999.000,9999.000,9999.000,9999.000,9999.000,9999.000
202604212224,   1.960,9999.000,9999.000,9999.000,9999.000,9999.000,9999.000,9999.000,9999.000
202604212230,   1.896,9999.000,9999.000,9999.000,9999.000,9999.000,9999.000,9999.000,9999.000
202604212236,   1.830,9999.000,9999.000,9999.000,9999.000,9999.000,9999.000,9999.000,9999.000
202604212242,   1.763,9999.000,9999.000,9999.000,9999.000,9999.000,9999.000,9999.000,9999.000
202604212248,   1.695,9999.000,9999.000,9999.000,9999.000,9999.000,9999.000,9999.000,9999.000
202604212254,   1.626,9999.000,9999.000,9999.000,9999.000,9999.000,9999.000,9999.000,9999.000
202604212300,   1.556,9999.000,   0.300,   0.079,   1.935,   0.000,   1.635,   0.500,   2.135
202604212306,   1.485,9999.000,9999.000,9999.000,9999.000,9999.000,9999.000,9999.000,9999.000
202604212312,   1.414,9999.000,9999.000,9999.000,9999.000,9999.000,9999.000,9999.000,9999.000
202604212318,   1.342,9999.000,9999.000,9999.000,9999.000,9999.000,9999.000,9999.000,9999.000
202604212324,   1.269,9999.000,9999.000,9999.000,9999.000,9999.000,9999.000,9999.000,9999.000
202604212330,   1.197,9999.000,9999.000,9999.000,9999.000,9999.000,9999.000,9999.000,9999.000
202604212336,   1.124,9999.000,9999.000,9999.000,9999.000,9999.000,9999.000,9999.000,9999.000
202604212342,   1.051,9999.000,9999.000,9999.000,9999.000,9999.000,9999.000,9999.000,9999.000
202604212348,   0.979,9999.000,9999.000,9999.000,9999.000,9999.000,9999.000,9999.000,9999.000
202604212354,   0.906,9999.000,9999.000,9999.000,9999.000,9999.000,9999.000,9999.000,9999.000
202604220000,   0.834,9999.000,   0.300,   0.079,   1.213,   0.000,   0.913,   0.500,   1.413
202604220006,   0.763,9999.000,9999.000,9999.000,9999.000,9999.000,9999.000,9999.000,9999.000
202604220012,   0.692,9999.000,9999.000,9999.000,9999.000,9999.000,9999.000,9999.000,9999.000
202604220018,   0.622,9999.000,9999.000,9999.000,9999.000,9999.000,9999.000,9999.000,9999.000
202604220024,   0.553,9999.000,9999.000,9999.000,9999.000,9999.000,9999.000,9999.000,9999.000
202604220030,   0.484,9999.000,9999.000,9999.000,9999.000,9999.000,9999.000,9999.000,9999.000
202604220036,   0.417,9999.000,9999.000,9999.000,9999.000,9999.000,9999.000,9999.000,9999.000
202604220042,   0.351,9999.000,9999.000,9999.000,9999.000,9999.000,9999.000,9999.000,9999.000
202604220048,   0.286,9999.000,9999.000,9999.000,9999.000,9999.000,9999.000,9999.000,9999.000
202604220054,   0.223,9999.000,9999.000,9999.000,9999.000,9999.000,9999.000,9999.000,9999.000
202604220100,   0.162,9999.000,   0.200,   0.079,   0.441,   0.000,   0.241,   0.500,   0.741
202604220106,   0.102,9999.000,9999.000,9999.000,9999.000,9999.000,9999.000,9999.000,9999.000
202604220112,   0.044,9999.000,9999.000,9999.000,9999.000,9999.000,9999.000,9999.000,9999.000
202604220118,  -0.011,9999.000,9999.000,9999.000,9999.000,9999.000,9999.000,9999.000,9999.000
202604220124,  -0.065,9999.000,9999.000,9999.000,9999.000,9999.000,9999.000,9999.000,9999.000
202604220130,  -0.116,9999.000,9999.000,9999.000,9999.000,9999.000,9999.000,9999.000,9999.000
202604220136,  -0.165,9999.000,9999.000,9999.000,9999.000,9999.000,9999.000,9999.000,9999.000
202604220142,  -0.211,9999.000,9999.000,9999.000,9999.000,9999.000,9999.000,9999.000,9999.000
202604220148,  -0.254,9999.000,9999.000,9999.000,9999.000,9999.000,9999.000,9999.000,9999.000
202604220154,  -0.294,9999.000,9999.000,9999.000,9999.000,9999.000,9999.000,9999.000,9999.000
202604220200,  -0.331,9999.000,   0.100,   0.079,  -0.152,  -0.100,  -0.352,   0.400,   0.148
202604220206,  -0.365,9999.000,9999.000,9999.000,9999.000,9999.000,9999.000,9999.000,9999.000
202604220212,  -0.395,9999.000,9999.000,9999.000,9999.000,9999.000,9999.000,9999.000,9999.000
202604220218,  -0.422,9999.000,9999.000,9999.000,9999.000,9999.000,9999.000,9999.000,9999.000
202604220224,  -0.445,9999.000,9999.000,9999.000,9999.000,9999.000,9999.000,9999.000,9999.000
202604220230,  -0.464,9999.000,9999.000,9999.000,9999.000,9999.000,9999.000,9999.000,9999.000
202604220236,  -0.479,9999.000,9999.000,9999.000,9999.000,9999.000,9999.000,9999.000,9999.000
202604220242,  -0.490,9999.000,9999.000,9999.000,9999.000,9999.000,9999.000,9999.000,9999.000
202604220248,  -0.497,9999.000,9999.000,9999.000,9999.000,9999.000,9999.000,9999.000,9999.000
202604220254,  -0.500,9999.000,9999.000,9999.000,9999.000,9999.000,9999.000,9999.000,9999.000
202604220300,  -0.499,9999.000,   0.000,   0.079,  -0.420,  -0.200,  -0.620,   0.200,  -0.220
202604220306,  -0.494,9999.000,9999.000,9999.000,9999.000,9999.000,9999.000,9999.000,9999.000
202604220312,  -0.485,9999.000,9999.000,9999.000,9999.000,9999.000,9999.000,9999.000,9999.000
202604220318,  -0.472,9999.000,9999.000,9999.000,9999.000,9999.000,9999.000,9999.000,9999.000
202604220324,  -0.454,9999.000,9999.000,9999.000,9999.000,9999.000,9999.000,9999.000,9999.000
202604220330,  -0.433,9999.000,9999.000,9999.000,9999.000,9999.000,9999.000,9999.000,9999.000
202604220336,  -0.408,9999.000,9999.000,9999.000,9999.000,9999.000,9999.000,9999.000,9999.000
202604220342,  -0.379,9999.000,9999.000,9999.000,9999.000,9999.000,9999.000,9999.000,9999.000
202604220348,  -0.347,9999.000,9999.000,9999.000,9999.000,9999.000,9999.000,9999.000,9999.000
202604220354,  -0.312,9999.000,9999.000,9999.000,9999.000,9999.000,9999.000,9999.000,9999.000
202604220400,  -0.273,9999.000,  -0.100,   0.079,  -0.294,  -0.300,  -0.494,   0.100,  -0.094
202604220406,  -0.232,9999.000,9999.000,9999.000,9999.000,9999.000,9999.000,9999.000,9999.000
202604220412,  -0.187,9999.000,9999.000,9999.000,9999.000,9999.000,9999.000,9999.000,9999.000
202604220418,  -0.141,9999.000,9999.000,9999.000,9999.000,9999.000,9999.000,9999.000,9999.000
202604220424,  -0.092,9999.000,9999.000,9999.000,9999.000,9999.000,9999.000,9999.000,9999.000
202604220430,  -0.042,9999.000,9999.000,9999.000,9999.000,9999.000,9999.000,9999.000,9999.000
202604220436,   0.010,9999.000,9999.000,9999.000,9999.000,9999.000,9999.000,9999.000,9999.000
202604220442,   0.063,9999.000,9999.000,9999.000,9999.000,9999.000,9999.000,9999.000,9999.000
202604220448,   0.118,9999.000,9999.000,9999.000,9999.000,9999.000,9999.000,9999.000,9999.000
202604220454,   0.174,9999.000,9999.000,9999.000,9999.000,9999.000,9999.000,9999.000,9999.000
202604220500,   0.230,9999.000,  -0.200,   0.079,   0.109,  -0.300,   0.009,   0.000,   0.309
202604220506,   0.287,9999.000,9999.000,9999.000,9999.000,9999.000,9999.000,9999.000,9999.000
202604220512,   0.343,9999.000,9999.000,9999.000,9999.000,9999.000,9999.000,9999.000,9999.000
202604220518,   0.400,9999.000,9999.000,9999.000,9999.000,9999.000,9999.000,9999.000,9999.000
202604220524,   0.457,9999.000,9999.000,9999.000,9999.000,9999.000,9999.000,9999.000,9999.000
202604220530,   0.513,9999.000,9999.000,9999.000,9999.000,9999.000,9999.000,9999.000,9999.000
202604220536,   0.568,9999.000,9999.000,9999.000,9999.000,9999.000,9999.000,9999.000,9999.000
202604220542,   0.622,9999.000,9999.000,9999.000,9999.000,9999.000,9999.000,9999.000,9999.000
202604220548,   0.676,9999.000,9999.000,9999.000,9999.000,9999.000,9999.000,9999.000,9999.000
202604220554,   0.729,9999.000,9999.000,9999.000,9999.000,9999.000,9999.000,9999.000,9999.000
202604220600,   0.780,9999.000,  -0.300,   0.079,   0.559,  -0.400,   0.459,   0.000,   0.859
202604220606,   0.831,9999.000,9999.000,9999.000,9999.000,9999.000,9999.000,9999.000,9999.000
202604220612,   0.880,9999.000,9999.000,9999.000,9999.000,9999.000,9999.000,9999.000,9999.000
202604220618,   0.928,9999.000,9999.000,9999.000,9999.000,9999.000,9999.000,9999.000,9999.000
202604220624,   0.974,9999.000,9999.000,9999.000,9999.000,9999.000,9999.000,9999.000,9999.000
202604220630,   1.019,9999.000,9999.000,9999.000,9999.000,9999.000,9999.000,9999.000,9999.000
202604220636,   1.063,9999.000,9999.000,9999.000,9999.000,9999.000,9999.000,9999.000,9999.000
202604220642,   1.106,9999.000,9999.000,9999.000,9999.000,9999.000,9999.000,9999.000,9999.000
202604220648,   1.148,9999.000,9999.000,9999.000,9999.000,9999.000,9999.000,9999.000,9999.000
202604220654,   1.188,9999.000,9999.000,9999.000,9999.000,9999.000,9999.000,9999.000,9999.000
202604220700,   1.227,9999.000,  -0.200,   0.079,   1.106,  -0.400,   0.906,   0.000,   1.306
202604220706,   1.265,9999.000,9999.000,9999.000,9999.000,9999.000,9999.000,9999.000,9999.000
202604220712,   1.302,9999.000,9999.000,9999.000,9999.000,9999.000,9999.000,9999.000,9999.000
202604220718,   1.338,9999.000,9999.000,9999.000,9999.000,9999.000,9999.000,9999.000,9999.000
202604220724,   1.373,9999.000,9999.000,9999.000,9999.000,9999.000,9999.000,9999.000,9999.000
202604220730,   1.406,9999.000,9999.000,9999.000,9999.000,9999.000,9999.000,9999.000,9999.000
202604220736,   1.439,9999.000,9999.000,9999.000,9999.000,9999.000,9999.000,9999.000,9999.000
202604220742,   1.472,9999.000,9999.000,9999.000,9999.000,9999.000,9999.000,9999.000,9999.000
202604220748,   1.503,9999.000,9999.000,9999.000,9999.000,9999.000,9999.000,9999.000,9999.000
202604220754,   1.533,9999.000,9999.000,9999.000,9999.000,9999.000,9999.000,9999.000,9999.000
202604220800,   1.563,9999.000,  -0.100,   0.079,   1.542,  -0.300,   1.342,   0.000,   1.642
202604220806,   1.591,9999.000,9999.000,9999.000,9999.000,9999.000,9999.000,9999.000,9999.000
202604220812,   1.619,9999.000,9999.000,9999.000,9999.000,9999.000,9999.000,9999.000,9999.000
202604220818,   1.646,9999.000,9999.000,9999.000,9999.000,9999.000,9999.000,9999.000,9999.000
202604220824,   1.672,9999.000,9999.000,9999.000,9999.000,9999.000,9999.000,9999.000,9999.000
202604220830,   1.697,9999.000,9999.000,9999.000,9999.000,9999.000,9999.000,9999.000,9999.000
202604220836,   1.721,9999.000,9999.000,9999.000,9999.000,9999.000,9999.000,9999.000,9999.000
202604220842,   1.743,9999.000,9999.000,9999.000,9999.000,9999.000,9999.000,9999.000,9999.000
202604220848,   1.765,9999.000,9999.000,9999.000,9999.000,9999.000,9999.000,9999.000,9999.000
202604220854,   1.786,9999.000,9999.000,9999.000,9999.000,9999.000,9999.000,9999.000,9999.000
202604220900,   1.805,9999.000,   0.000,   0.079,   1.884,  -0.100,   1.784,   0.100,   1.984
202604220906,   1.823,9999.000,9999.000,9999.000,9999.000,9999.000,9999.000,9999.000,9999.000
202604220912,   1.840,9999.000,9999.000,9999.000,9999.000,9999.000,9999.000,9999.000,9999.000
202604220918,   1.856,9999.000,9999.000,9999.000,9999.000,9999.000,9999.000,9999.000,9999.000
202604220924,   1.870,9999.000,9999.000,9999.000,9999.000,9999.000,9999.000,9999.000,9999.000
202604220930,   1.883,9999.000,9999.000,9999.000,9999.000,9999.000,9999.000,9999.000,9999.000
202604220936,   1.894,9999.000,9999.000,9999.000,9999.000,9999.000,9999.000,9999.000,9999.000
202604220942,   1.904,9999.000,9999.000,9999.000,9999.000,9999.000,9999.000,9999.000,9999.000
202604220948,   1.913,9999.000,9999.000,9999.000,9999.000,9999.000,9999.000,9999.000,9999.000
202604220954,   1.920,9999.000,9999.000,9999.000,9999.000,9999.000,9999.000,9999.000,9999.000
202604221000,   1.926,9999.000,   0.100,   0.079,   2.105,   0.000,   2.005,   0.300,   2.305
202604221006,   1.930,9999.000,9999.000,9999.000,9999.000,9999.000,9999.000,9999.000,9999.000
202604221012,   1.933,9999.000,9999.000,9999.000,9999.000,9999.000,9999.000,9999.000,9999.000
202604221018,   1.935,9999.000,9999.000,9999.000,9999.000,9999.000,9999.000,9999.000,9999.000
202604221024,   1.935,9999.000,9999.000,9999.000,9999.000,9999.000,9999.000,9999.000,9999.000
202604221030,   1.934,9999.000,9999.000,9999.000,9999.000,9999.000,9999.000,9999.000,9999.000
202604221036,   1.933,9999.000,9999.000,9999.000,9999.000,9999.000,9999.000,9999.000,9999.000
202604221042,   1.930,9999.000,9999.000,9999.000,9999.000,9999.000,9999.000,9999.000,9999.000
202604221048,   1.926,9999.000,9999.000,9999.000,9999.000,9999.000,9999.000,9999.000,9999.000
202604221054,   1.921,9999.000,9999.000,9999.000,9999.000,9999.000,9999.000,9999.000,9999.000
202604221100,   1.916,9999.000,   0.200,   0.079,   2.195,   0.100,   2.095,   0.400,   2.395
202604221106,   1.909,9999.000,9999.000,9999.000,9999.000,9999.000,9999.000,9999.000,9999.000
202604221112,   1.903,9999.000,9999.000,9999.000,9999.000,9999.000,9999.000,9999.000,9999.000
202604221118,   1.895,9999.000,9999.000,9999.000,9999.000,9999.000,9999.000,9999.000,9999.000
202604221124,   1.888,9999.000,9999.000,9999.000,9999.000,9999.000,9999.000,9999.000,9999.000
202604221130,   1.880,9999.000,9999.000,9999.000,9999.000,9999.000,9999.000,9999.000,9999.000
202604221136,   1.871,9999.000,9999.000,9999.000,9999.000,9999.000,9999.000,9999.000,9999.000
202604221142,   1.863,9999.000,9999.000,9999.000,9999.000,9999.000,9999.000,9999.000,9999.000
202604221148,   1.854,9999.000,9999.000,9999.000,9999.000,9999.000,9999.000,9999.000,9999.000
202604221154,   1.846,9999.000,9999.000,9999.000,9999.000,9999.000,9999.000,9999.000,9999.000
202604221200,   1.837,9999.000,   0.300,   0.079,   2.216,   0.200,   2.116,   0.500,   2.416
202604221206,   1.829,9999.000,9999.000,9999.000,9999.000,9999.000,9999.000,9999.000,9999.000
202604221212,   1.820,9999.000,9999.000,9999.000,9999.000,9999.000,9999.000,9999.000,9999.000
202604221218,   1.812,9999.000,9999.000,9999.000,9999.000,9999.000,9999.000,9999.000,9999.000
202604221224,   1.804,9999.000,9999.000,9999.000,9999.000,9999.000,9999.000,9999.000,9999.000
202604221230,   1.796,9999.000,9999.000,9999.000,9999.000,9999.000,9999.000,9999.000,9999.000
202604221236,   1.789,9999.000,9999.000,9999.000,9999.000,9999.000,9999.000,9999.000,9999.000
202604221242,   1.781,9999.000,9999.000,9999.000,9999.000,9999.000,9999.000,9999.000,9999.000
202604221248,   1.775,9999.000,9999.000,9999.000,9999.000,9999.000,9999.000,9999.000,9999.000
202604221254,   1.768,9999.000,9999.000,9999.000,9999.000,9999.000,9999.000,9999.000,9999.000
202604221300,   1.762,9999.000,   0.300,   0.079,   2.141,   0.100,   1.941,   0.500,   2.341
202604221306,   1.756,9999.000,9999.000,9999.000,9999.000,9999.000,9999.000,9999.000,9999.000
202604221312,   1.750,9999.000,9999.000,9999.000,9999.000,9999.000,9999.000,9999.000,9999.000
202604221318,   1.745,9999.000,9999.000,9999.000,9999.000,9999.000,9999.000,9999.000,9999.000
202604221324,   1.741,9999.000,9999.000,9999.000,9999.000,9999.000,9999.000,9999.000,9999.000
202604221330,   1.737,9999.000,9999.000,9999.000,9999.000,9999.000,9999.000,9999.000,9999.000
202604221336,   1.733,9999.000,9999.000,9999.000,9999.000,9999.000,9999.000,9999.000,9999.000
202604221342,   1.730,9999.000,9999.000,9999.000,9999.000,9999.000,9999.000,9999.000,9999.000
202604221348,   1.728,9999.000,9999.000,9999.000,9999.000,9999.000,9999.000,9999.000,9999.000
202604221354,   1.727,9999.000,9999.000,9999.000,9999.000,9999.000,9999.000,9999.000,9999.000
202604221400,   1.726,9999.000,   0.300,   0.079,   2.105,   0.100,   1.905,   0.500,   2.305
202604221406,   1.726,9999.000,9999.000,9999.000,9999.000,9999.000,9999.000,9999.000,9999.000
202604221412,   1.727,9999.000,9999.000,9999.000,9999.000,9999.000,9999.000,9999.000,9999.000
202604221418,   1.729,9999.000,9999.000,9999.000,9999.000,9999.000,9999.000,9999.000,9999.000
202604221424,   1.732,9999.000,9999.000,9999.000,9999.000,9999.000,9999.000,9999.000,9999.000
202604221430,   1.736,9999.000,9999.000,9999.000,9999.000,9999.000,9999.000,9999.000,9999.000
202604221436,   1.741,9999.000,9999.000,9999.000,9999.000,9999.000,9999.000,9999.000,9999.000
202604221442,   1.747,9999.000,9999.000,9999.000,9999.000,9999.000,9999.000,9999.000,9999.000
202604221448,   1.755,9999.000,9999.000,9999.000,9999.000,9999.000,9999.000,9999.000,9999.000
202604221454,   1.765,9999.000,9999.000,9999.000,9999.000,9999.000,9999.000,9999.000,9999.000
202604221500,   1.776,9999.000,   0.200,   0.079,   2.055,   0.000,   1.855,   0.400,   2.255
202604221506,   1.788,9999.000,9999.000,9999.000,9999.000,9999.000,9999.000,9999.000,9999.000
202604221512,   1.802,9999.000,9999.000,9999.000,9999.000,9999.000,9999.000,9999.000,9999.000
202604221518,   1.818,9999.000,9999.000,9999.000,9999.000,9999.000,9999.000,9999.000,9999.000
202604221524,   1.835,9999.000,9999.000,9999.000,9999.000,9999.000,9999.000,9999.000,9999.000
202604221530,   1.854,9999.000,9999.000,9999.000,9999.000,9999.000,9999.000,9999.000,9999.000
202604221536,   1.875,9999.000,9999.000,9999.000,9999.000,9999.000,9999.000,9999.000,9999.000
202604221542,   1.897,9999.000,9999.000,9999.000,9999.000,9999.000,9999.000,9999.000,9999.000
202604221548,   1.921,9999.000,9999.000,9999.000,9999.000,9999.000,9999.000,9999.000,9999.000
202604221554,   1.946,9999.000,9999.000,9999.000,9999.000,9999.000,9999.000,9999.000,9999.000
202604221600,   1.973,9999.000,   0.200,   0.079,   2.252,   0.000,   2.052,   0.300,   2.352
202604221606,   2.001,9999.000,9999.000,9999.000,9999.000,9999.000,9999.000,9999.000,9999.000
202604221612,   2.031,9999.000,9999.000,9999.000,9999.000,9999.000,9999.000,9999.000,9999.000
202604221618,   2.061,9999.000,9999.000,9999.000,9999.000,9999.000,9999.000,9999.000,9999.000
202604221624,   2.093,9999.000,9999.000,9999.000,9999.000,9999.000,9999.000,9999.000,9999.000
202604221630,   2.126,9999.000,9999.000,9999.000,9999.000,9999.000,9999.000,9999.000,9999.000
202604221636,   2.159,9999.000,9999.000,9999.000,9999.000,9999.000,9999.000,9999.000,9999.000
202604221642,   2.193,9999.000,9999.000,9999.000,9999.000,9999.000,9999.000,9999.000,9999.000
202604221648,   2.228,9999.000,9999.000,9999.000,9999.000,9999.000,9999.000,9999.000,9999.000
202604221654,   2.262,9999.000,9999.000,9999.000,9999.000,9999.000,9999.000,9999.000,9999.000
202604221700,   2.297,9999.000,   0.200,   0.079,   2.576,   0.000,   2.376,   0.300,   2.676
202604221706,   2.332,9999.000,9999.000,9999.000,9999.000,9999.000,9999.000,9999.000,9999.000
202604221712,   2.366,9999.000,9999.000,9999.000,9999.000,9999.000,9999.000,9999.000,9999.000
202604221718,   2.400,9999.000,9999.000,9999.000,9999.000,9999.000,9999.000,9999.000,9999.000
202604221724,   2.434,9999.000,9999.000,9999.000,9999.000,9999.000,9999.000,9999.000,9999.000
202604221730,   2.466,9999.000,9999.000,9999.000,9999.000,9999.000,9999.000,9999.000,9999.000
202604221736,   2.498,9999.000,9999.000,9999.000,9999.000,9999.000,9999.000,9999.000,9999.000
202604221742,   2.529,9999.000,9999.000,9999.000,9999.000,9999.000,9999.000,9999.000,9999.000
202604221748,   2.558,9999.000,9999.000,9999.000,9999.000,9999.000,9999.000,9999.000,9999.000
202604221754,   2.586,9999.000,9999.000,9999.000,9999.000,9999.000,9999.000,9999.000,9999.000
202604221800,   2.613,9999.000,   0.300,   0.079,   2.992,   0.100,   2.792,   0.400,   3.092
202604221806,   2.638,9999.000,9999.000,9999.000,9999.000,9999.000,9999.000,9999.000,9999.000
202604221812,   2.662,9999.000,9999.000,9999.000,9999.000,9999.000,9999.000,9999.000,9999.000
202604221818,   2.684,9999.000,9999.000,9999.000,9999.000,9999.000,9999.000,9999.000,9999.000
202604221824,   2.704,9999.000,9999.000,9999.000,9999.000,9999.000,9999.000,9999.000,9999.000
202604221830,   2.723,9999.000,9999.000,9999.000,9999.000,9999.000,9999.000,9999.000,9999.000
202604221836,   2.740,9999.000,9999.000,9999.000,9999.000,9999.000,9999.000,9999.000,9999.000
202604221842,   2.756,9999.000,9999.000,9999.000,9999.000,9999.000,9999.000,9999.000,9999.000
202604221848,   2.770,9999.000,9999.000,9999.000,9999.000,9999.000,9999.000,9999.000,9999.000
202604221854,   2.782,9999.000,9999.000,9999.000,9999.000,9999.000,9999.000,9999.000,9999.000
202604221900,   2.793,9999.000,   0.300,   0.079,   3.172,   0.200,   3.072,   0.400,   3.272
202604221906,   2.803,9999.000,9999.000,9999.000,9999.000,9999.000,9999.000,9999.000,9999.000
202604221912,   2.811,9999.000,9999.000,9999.000,9999.000,9999.000,9999.000,9999.000,9999.000
202604221918,   2.817,9999.000,9999.000,9999.000,9999.000,9999.000,9999.000,9999.000,9999.000
202604221924,   2.823,9999.000,9999.000,9999.000,9999.000,9999.000,9999.000,9999.000,9999.000
202604221930,   2.827,9999.000,9999.000,9999.000,9999.000,9999.000,9999.000,9999.000,9999.000
202604221936,   2.830,9999.000,9999.000,9999.000,9999.000,9999.000,9999.000,9999.000,9999.000
202604221942,   2.832,9999.000,9999.000,9999.000,9999.000,9999.000,9999.000,9999.000,9999.000
202604221948,   2.832,9999.000,9999.000,9999.000,9999.000,9999.000,9999.000,9999.000,9999.000
202604221954,   2.832,9999.000,9999.000,9999.000,9999.000,9999.000,9999.000,9999.000,9999.000
202604222000,   2.831,9999.000,   0.400,   0.079,   3.310,   0.300,   3.210,   0.500,   3.410
202604222006,   2.829,9999.000,9999.000,9999.000,9999.000,9999.000,9999.000,9999.000,9999.000
202604222012,   2.826,9999.000,9999.000,9999.000,9999.000,9999.000,9999.000,9999.000,9999.000
202604222018,   2.823,9999.000,9999.000,9999.000,9999.000,9999.000,9999.000,9999.000,9999.000
202604222024,   2.818,9999.000,9999.000,9999.000,9999.000,9999.000,9999.000,9999.000,9999.000
202604222030,   2.812,9999.000,9999.000,9999.000,9999.000,9999.000,9999.000,9999.000,9999.000
202604222036,   2.806,9999.000,9999.000,9999.000,9999.000,9999.000,9999.000,9999.000,9999.000
202604222042,   2.798,9999.000,9999.000,9999.000,9999.000,9999.000,9999.000,9999.000,9999.000
202604222048,   2.790,9999.000,9999.000,9999.000,9999.000,9999.000,9999.000,9999.000,9999.000
202604222054,   2.780,9999.000,9999.000,9999.000,9999.000,9999.000,9999.000,9999.000,9999.000
202604222100,   2.769,9999.000,   0.500,   0.079,   3.348,   0.400,   3.248,   0.600,   3.448
202604222106,   2.757,9999.000,9999.000,9999.000,9999.000,9999.000,9999.000,9999.000,9999.000
202604222112,   2.744,9999.000,9999.000,9999.000,9999.000,9999.000,9999.000,9999.000,9999.000
202604222118,   2.729,9999.000,9999.000,9999.000,9999.000,9999.000,9999.000,9999.000,9999.000
202604222124,   2.713,9999.000,9999.000,9999.000,9999.000,9999.000,9999.000,9999.000,9999.000
202604222130,   2.695,9999.000,9999.000,9999.000,9999.000,9999.000,9999.000,9999.000,9999.000
202604222136,   2.675,9999.000,9999.000,9999.000,9999.000,9999.000,9999.000,9999.000,9999.000
202604222142,   2.654,9999.000,9999.000,9999.000,9999.000,9999.000,9999.000,9999.000,9999.000
202604222148,   2.631,9999.000,9999.000,9999.000,9999.000,9999.000,9999.000,9999.000,9999.000
202604222154,   2.606,9999.000,9999.000,9999.000,9999.000,9999.000,9999.000,9999.000,9999.000
202604222200,   2.579,9999.000,   0.600,   0.079,   3.258,   0.400,   3.058,   0.700,   3.358
202604222206,   2.550,9999.000,9999.000,9999.000,9999.000,9999.000,9999.000,9999.000,9999.000
202604222212,   2.520,9999.000,9999.000,9999.000,9999.000,9999.000,9999.000,9999.000,9999.000
202604222218,   2.487,9999.000,9999.000,9999.000,9999.000,9999.000,9999.000,9999.000,9999.000
202604222224,   2.452,9999.000,9999.000,9999.000,9999.000,9999.000,9999.000,9999.000,9999.000
202604222230,   2.415,9999.000,9999.000,9999.000,9999.000,9999.000,9999.000,9999.000,9999.000
202604222236,   2.376,9999.000,9999.000,9999.000,9999.000,9999.000,9999.000,9999.000,9999.000
202604222242,   2.334,9999.000,9999.000,9999.000,9999.000,9999.000,9999.000,9999.000,9999.000
202604222248,   2.291,9999.000,9999.000,9999.000,9999.000,9999.000,9999.000,9999.000,9999.000
202604222254,   2.246,9999.000,9999.000,9999.000,9999.000,9999.000,9999.000,9999.000,9999.000
202604222300,   2.199,9999.000,   0.600,   0.079,   2.878,   0.400,   2.678,   0.700,   2.978
202604222306,   2.150,9999.000,9999.000,9999.000,9999.000,9999.000,9999.000,9999.000,9999.000
202604222312,   2.100,9999.000,9999.000,9999.000,9999.000,9999.000,9999.000,9999.000,9999.000
202604222318,   2.047,9999.000,9999.000,9999.000,9999.000,9999.000,9999.000,9999.000,9999.000
202604222324,   1.993,9999.000,9999.000,9999.000,9999.000,9999.000,9999.000,9999.000,9999.000
202604222330,   1.938,9999.000,9999.000,9999.000,9999.000,9999.000,9999.000,9999.000,9999.000
202604222336,   1.881,9999.000,9999.000,9999.000,9999.000,9999.000,9999.000,9999.000,9999.000
202604222342,   1.824,9999.000,9999.000,9999.000,9999.000,9999.000,9999.000,9999.000,9999.000
202604222348,   1.765,9999.000,9999.000,9999.000,9999.000,9999.000,9999.000,9999.000,9999.000
202604222354,   1.705,9999.000,9999.000,9999.000,9999.000,9999.000,9999.000,9999.000,9999.000
202604230000,   1.644,9999.000,   0.600,   0.079,   2.323,   0.500,   2.223,   0.800,   2.523
