        TIME,    TIDE,      OB,   SURGE,    BIAS,     TWL,SURGE90p,  TWL90p,SURGE10p,   TWL10p
202607121800,   5.661,9999.000,   0.100,9999.000,   5.761,   0.100,   5.761,   0.100,   5.761
202607121806,   5.759,9999.000,9999.000,9999.000,9999.000,9999.000,9999.000,9999.000,9999.000
202607121812,   5.850,9999.000,9999.000,9999.000,9999.000,9999.000,9999.000,9999.000,9999.000
202607121818,   5.933,9999.000,9999.000,9999.000,9999.000,9999.000,9999.000,9999.000,9999.000
202607121824,   6.009,9999.000,9999.000,9999.000,9999.000,9999.000,9999.000,9999.000,9999.000
202607121830,   6.076,9999.000,9999.000,9999.000,9999.000,9999.000,9999.000,9999.000,9999.000
202607121836,   6.135,9999.000,9999.000,9999.000,9999.000,9999.000,9999.000,9999.000,9999.000
202607121842,   6.186,9999.000,9999.000,9999.000,9999.000,9999.000,9999.000,9999.000,9999.000
202607121848,   6.229,9999.000,9999.000,9999.000,9999.000,9999.000,9999.000,9999.000,9999.000
202607121854,   6.264,9999.000,9999.000,9999.000,9999.000,9999.000,9999.000,9999.000,9999.000
202607121900,   6.291,   6.409,   0.100,   0.018,   6.409,   0.100,   6.409,   0.200,   6.509
202607121906,   6.310,   6.477,9999.000,9999.000,9999.000,9999.000,9999.000,9999.000,9999.000
202607121912,   6.321,   6.487,9999.000,9999.000,9999.000,9999.000,9999.000,9999.000,9999.000
202607121918,   6.324,   6.448,9999.000,9999.000,9999.000,9999.000,9999.000,9999.000,9999.000
202607121924,   6.320,   6.458,9999.000,9999.000,9999.000,9999.000,9999.000,9999.000,9999.000
202607121930,   6.308,   6.428,9999.000,9999.000,9999.000,9999.000,9999.000,9999.000,9999.000
202607121936,   6.289,   6.409,9999.000,9999.000,9999.000,9999.000,9999.000,9999.000,9999.000
202607121942,   6.263,   6.359,9999.000,9999.000,9999.000,9999.000,9999.000,9999.000,9999.000
202607121948,   6.230,   6.379,9999.000,9999.000,9999.000,9999.000,9999.000,9999.000,9999.000
202607121954,   6.191,   6.277,9999.000,9999.000,9999.000,9999.000,9999.000,9999.000,9999.000
202607122000,   6.144,   6.268,   0.100,   0.024,   6.268,   0.100,   6.268,   0.100,   6.268
202607122006,   6.092,   6.199,9999.000,9999.000,9999.000,9999.000,9999.000,9999.000,9999.000
202607122012,   6.034,   6.199,9999.000,9999.000,9999.000,9999.000,9999.000,9999.000,9999.000
202607122018,   5.971,   6.097,9999.000,9999.000,9999.000,9999.000,9999.000,9999.000,9999.000
202607122024,   5.902,   6.058,9999.000,9999.000,9999.000,9999.000,9999.000,9999.000,9999.000
202607122030,   5.829,   5.979,9999.000,9999.000,9999.000,9999.000,9999.000,9999.000,9999.000
202607122036,   5.751,   5.959,9999.000,9999.000,9999.000,9999.000,9999.000,9999.000,9999.000
202607122042,   5.669,   5.858,9999.000,9999.000,9999.000,9999.000,9999.000,9999.000,9999.000
202607122048,   5.583,   5.818,9999.000,9999.000,9999.000,9999.000,9999.000,9999.000,9999.000
202607122054,   5.494,   5.628,9999.000,9999.000,9999.000,9999.000,9999.000,9999.000,9999.000
202607122100,   5.401,   5.618,   0.100,   0.117,   5.618,   0.100,   5.618,   0.100,   5.618
202607122106,   5.306,   5.418,9999.000,9999.000,9999.000,9999.000,9999.000,9999.000,9999.000
202607122112,   5.209,   5.389,9999.000,9999.000,9999.000,9999.000,9999.000,9999.000,9999.000
202607122118,   5.110,   5.329,9999.000,9999.000,9999.000,9999.000,9999.000,9999.000,9999.000
202607122124,   5.010,   5.297,9999.000,9999.000,9999.000,9999.000,9999.000,9999.000,9999.000
202607122130,   4.908,   5.218,9999.000,9999.000,9999.000,9999.000,9999.000,9999.000,9999.000
202607122136,   4.806,   5.057,9999.000,9999.000,9999.000,9999.000,9999.000,9999.000,9999.000
202607122142,   4.704,   4.887,9999.000,9999.000,9999.000,9999.000,9999.000,9999.000,9999.000
202607122148,   4.602,   4.759,9999.000,9999.000,9999.000,9999.000,9999.000,9999.000,9999.000
202607122154,   4.500,   4.647,9999.000,9999.000,9999.000,9999.000,9999.000,9999.000,9999.000
202607122200,   4.399,   4.598,   0.100,   0.099,   4.598,   0.100,   4.598,   0.200,   4.698
202607122206,   4.300,   4.578,9999.000,9999.000,9999.000,9999.000,9999.000,9999.000,9999.000
202607122212,   4.202,   4.427,9999.000,9999.000,9999.000,9999.000,9999.000,9999.000,9999.000
202607122218,   4.107,   4.349,9999.000,9999.000,9999.000,9999.000,9999.000,9999.000,9999.000
202607122224,   4.014,   4.309,9999.000,9999.000,9999.000,9999.000,9999.000,9999.000,9999.000
202607122230,   3.924,   4.159,9999.000,9999.000,9999.000,9999.000,9999.000,9999.000,9999.000
202607122236,   3.836,   4.080,9999.000,9999.000,9999.000,9999.000,9999.000,9999.000,9999.000
202607122242,   3.753,   3.949,9999.000,9999.000,9999.000,9999.000,9999.000,9999.000,9999.000
202607122248,   3.673,   3.817,9999.000,9999.000,9999.000,9999.000,9999.000,9999.000,9999.000
202607122254,   3.597,   3.827,9999.000,9999.000,9999.000,9999.000,9999.000,9999.000,9999.000
202607122300,   3.526,   3.729,   0.100,   0.103,   3.729,   0.100,   3.729,   0.200,   3.829
202607122306,   3.460,   3.699,9999.000,9999.000,9999.000,9999.000,9999.000,9999.000,9999.000
202607122312,   3.398,   3.670,9999.000,9999.000,9999.000,9999.000,9999.000,9999.000,9999.000
202607122318,   3.342,   3.627,9999.000,9999.000,9999.000,9999.000,9999.000,9999.000,9999.000
202607122324,   3.291,   3.529,9999.000,9999.000,9999.000,9999.000,9999.000,9999.000,9999.000
202607122330,   3.246,   3.470,9999.000,9999.000,9999.000,9999.000,9999.000,9999.000,9999.000
202607122336,   3.207,   3.460,9999.000,9999.000,9999.000,9999.000,9999.000,9999.000,9999.000
202607122342,   3.175,   3.339,9999.000,9999.000,9999.000,9999.000,9999.000,9999.000,9999.000
202607122348,   3.148,   3.339,9999.000,9999.000,9999.000,9999.000,9999.000,9999.000,9999.000
202607122354,   3.129,   3.319,9999.000,9999.000,9999.000,9999.000,9999.000,9999.000,9999.000
202607130000,   3.116,   3.319,   0.200,   0.003,   3.319,   0.200,   3.319,   0.200,   3.319
202607130006,   3.109,   3.260,9999.000,9999.000,9999.000,9999.000,9999.000,9999.000,9999.000
202607130012,   3.110,   3.240,9999.000,9999.000,9999.000,9999.000,9999.000,9999.000,9999.000
202607130018,   3.118,   3.260,9999.000,9999.000,9999.000,9999.000,9999.000,9999.000,9999.000
202607130024,   3.133,   3.270,9999.000,9999.000,9999.000,9999.000,9999.000,9999.000,9999.000
202607130030,   3.155,   3.309,9999.000,9999.000,9999.000,9999.000,9999.000,9999.000,9999.000
202607130036,   3.185,   3.407,9999.000,9999.000,9999.000,9999.000,9999.000,9999.000,9999.000
202607130042,   3.222,   3.407,9999.000,9999.000,9999.000,9999.000,9999.000,9999.000,9999.000
202607130048,   3.266,   3.499,9999.000,9999.000,9999.000,9999.000,9999.000,9999.000,9999.000
202607130054,   3.317,   3.539,9999.000,9999.000,9999.000,9999.000,9999.000,9999.000,9999.000
202607130100,   3.375,   3.578,   0.200,   0.003,   3.578,   0.100,   3.478,   0.200,   3.578
202607130106,   3.441,   3.637,9999.000,9999.000,9999.000,9999.000,9999.000,9999.000,9999.000
202607130112,   3.514,   3.768,9999.000,9999.000,9999.000,9999.000,9999.000,9999.000,9999.000
202607130118,   3.593,   3.817,9999.000,9999.000,9999.000,9999.000,9999.000,9999.000,9999.000
202607130124,   3.680,   3.919,9999.000,9999.000,9999.000,9999.000,9999.000,9999.000,9999.000
202607130130,   3.773,   4.017,9999.000,9999.000,9999.000,9999.000,9999.000,9999.000,9999.000
202607130136,   3.872,   4.159,9999.000,9999.000,9999.000,9999.000,9999.000,9999.000,9999.000
202607130142,   3.978,   4.188,9999.000,9999.000,9999.000,9999.000,9999.000,9999.000,9999.000
202607130148,   4.090,   4.378,9999.000,9999.000,9999.000,9999.000,9999.000,9999.000,9999.000
202607130154,   4.208,   4.437,9999.000,9999.000,9999.000,9999.000,9999.000,9999.000,9999.000
202607130200,   4.331,   4.519,   0.200,  -0.012,   4.519,   0.200,   4.519,   0.200,   4.519
202607130206,   4.460,   4.637,9999.000,9999.000,9999.000,9999.000,9999.000,9999.000,9999.000
202607130212,   4.593,   4.778,9999.000,9999.000,9999.000,9999.000,9999.000,9999.000,9999.000
202607130218,   4.732,   4.919,9999.000,9999.000,9999.000,9999.000,9999.000,9999.000,9999.000
202607130224,   4.874,   5.057,9999.000,9999.000,9999.000,9999.000,9999.000,9999.000,9999.000
202607130230,   5.021,   5.257,9999.000,9999.000,9999.000,9999.000,9999.000,9999.000,9999.000
202607130236,   5.171,   5.408,9999.000,9999.000,9999.000,9999.000,9999.000,9999.000,9999.000
202607130242,   5.325,   5.579,9999.000,9999.000,9999.000,9999.000,9999.000,9999.000,9999.000
202607130248,   5.481,   5.808,9999.000,9999.000,9999.000,9999.000,9999.000,9999.000,9999.000
202607130254,   5.640,   6.008,9999.000,9999.000,9999.000,9999.000,9999.000,9999.000,9999.000
202607130300,   5.801,   6.189,   0.200,   0.188,   6.189,   0.200,   6.189,   0.300,   6.289
202607130306,   5.963,   6.297,9999.000,9999.000,9999.000,9999.000,9999.000,9999.000,9999.000
202607130312,   6.127,   6.409,9999.000,9999.000,9999.000,9999.000,9999.000,9999.000,9999.000
202607130318,   6.291,   6.497,9999.000,9999.000,9999.000,9999.000,9999.000,9999.000,9999.000
202607130324,   6.456,   6.707,9999.000,9999.000,9999.000,9999.000,9999.000,9999.000,9999.000
202607130330,   6.621,   6.838,9999.000,9999.000,9999.000,9999.000,9999.000,9999.000,9999.000
202607130336,   6.785,   6.989,9999.000,9999.000,9999.000,9999.000,9999.000,9999.000,9999.000
202607130342,   6.948,   7.166,9999.000,9999.000,9999.000,9999.000,9999.000,9999.000,9999.000
202607130348,   7.109,   7.327,9999.000,9999.000,9999.000,9999.000,9999.000,9999.000,9999.000
202607130354,   7.268,   7.498,9999.000,9999.000,9999.000,9999.000,9999.000,9999.000,9999.000
202607130400,   7.426,   7.609,   0.200,  -0.017,   7.609,   0.200,   7.609,   0.200,   7.609
202607130406,   7.580,   7.767,9999.000,9999.000,9999.000,9999.000,9999.000,9999.000,9999.000
202607130412,   7.731,   7.878,9999.000,9999.000,9999.000,9999.000,9999.000,9999.000,9999.000
202607130418,   7.878,   8.016,9999.000,9999.000,9999.000,9999.000,9999.000,9999.000,9999.000
202607130424,   8.021,   8.186,9999.000,9999.000,9999.000,9999.000,9999.000,9999.000,9999.000
202607130430,   8.159,   8.337,9999.000,9999.000,9999.000,9999.000,9999.000,9999.000,9999.000
202607130436,   8.292,   8.508,9999.000,9999.000,9999.000,9999.000,9999.000,9999.000,9999.000
202607130442,   8.420,   8.636,9999.000,9999.000,9999.000,9999.000,9999.000,9999.000,9999.000
202607130448,   8.541,   8.718,9999.000,9999.000,9999.000,9999.000,9999.000,9999.000,9999.000
202607130454,   8.657,   8.806,9999.000,9999.000,9999.000,9999.000,9999.000,9999.000,9999.000
202607130500,   8.766,   8.967,   0.200,   0.001,   8.967,   0.200,   8.967,   0.200,   8.967
202607130506,   8.868,   8.987,9999.000,9999.000,9999.000,9999.000,9999.000,9999.000,9999.000
202607130512,   8.962,   9.108,9999.000,9999.000,9999.000,9999.000,9999.000,9999.000,9999.000
202607130518,   9.049,   9.138,9999.000,9999.000,9999.000,9999.000,9999.000,9999.000,9999.000
202607130524,   9.128,   9.256,9999.000,9999.000,9999.000,9999.000,9999.000,9999.000,9999.000
202607130530,   9.198,   9.357,9999.000,9999.000,9999.000,9999.000,9999.000,9999.000,9999.000
202607130536,   9.260,   9.357,9999.000,9999.000,9999.000,9999.000,9999.000,9999.000,9999.000
202607130542,   9.313,   9.377,9999.000,9999.000,9999.000,9999.000,9999.000,9999.000,9999.000
202607130548,   9.356,   9.489,9999.000,9999.000,9999.000,9999.000,9999.000,9999.000,9999.000
202607130554,   9.391,   9.567,9999.000,9999.000,9999.000,9999.000,9999.000,9999.000,9999.000
202607130600,   9.415,   9.626,   0.200,   0.011,   9.626,   0.200,   9.626,   0.300,   9.726
202607130606,   9.430,   9.636,9999.000,9999.000,9999.000,9999.000,9999.000,9999.000,9999.000
202607130612,   9.435,   9.616,9999.000,9999.000,9999.000,9999.000,9999.000,9999.000,9999.000
202607130618,   9.430,   9.567,9999.000,9999.000,9999.000,9999.000,9999.000,9999.000,9999.000
202607130624,   9.414,   9.518,9999.000,9999.000,9999.000,9999.000,9999.000,9999.000,9999.000
202607130630,   9.388,   9.508,9999.000,9999.000,9999.000,9999.000,9999.000,9999.000,9999.000
202607130636,   9.352,   9.426,9999.000,9999.000,9999.000,9999.000,9999.000,9999.000,9999.000
202607130642,   9.305,   9.387,9999.000,9999.000,9999.000,9999.000,9999.000,9999.000,9999.000
202607130648,   9.248,   9.377,9999.000,9999.000,9999.000,9999.000,9999.000,9999.000,9999.000
202607130654,   9.180,   9.265,9999.000,9999.000,9999.000,9999.000,9999.000,9999.000,9999.000
202607130700,   9.102,   9.236,   0.300,  -0.166,   9.236,   0.200,   9.136,   0.300,   9.236
202607130706,   9.013,   9.138,9999.000,9999.000,9999.000,9999.000,9999.000,9999.000,9999.000
202607130712,   8.914,   9.056,9999.000,9999.000,9999.000,9999.000,9999.000,9999.000,9999.000
202607130718,   8.805,   8.957,9999.000,9999.000,9999.000,9999.000,9999.000,9999.000,9999.000
202607130724,   8.686,   8.777,9999.000,9999.000,9999.000,9999.000,9999.000,9999.000,9999.000
202607130730,   8.557,   8.636,9999.000,9999.000,9999.000,9999.000,9999.000,9999.000,9999.000
202607130736,   8.417,   8.449,9999.000,9999.000,9999.000,9999.000,9999.000,9999.000,9999.000
202607130742,   8.269,   8.327,9999.000,9999.000,9999.000,9999.000,9999.000,9999.000,9999.000
202607130748,   8.111,   8.206,9999.000,9999.000,9999.000,9999.000,9999.000,9999.000,9999.000
202607130754,   7.943,   7.986,9999.000,9999.000,9999.000,9999.000,9999.000,9999.000,9999.000
202607130800,   7.767,   7.796,   0.200,  -0.171,   7.796,   0.200,   7.796,   0.300,   7.896
202607130806,   7.583,   7.639,9999.000,9999.000,9999.000,9999.000,9999.000,9999.000,9999.000
202607130812,   7.390,   7.498,9999.000,9999.000,9999.000,9999.000,9999.000,9999.000,9999.000
202607130818,   7.190,   7.278,9999.000,9999.000,9999.000,9999.000,9999.000,9999.000,9999.000
202607130824,   6.982,   7.078,9999.000,9999.000,9999.000,9999.000,9999.000,9999.000,9999.000
202607130830,   6.766,   6.868,9999.000,9999.000,9999.000,9999.000,9999.000,9999.000,9999.000
202607130836,   6.545,   6.619,9999.000,9999.000,9999.000,9999.000,9999.000,9999.000,9999.000
202607130842,   6.316,   6.448,9999.000,9999.000,9999.000,9999.000,9999.000,9999.000,9999.000
202607130848,   6.082,   6.199,9999.000,9999.000,9999.000,9999.000,9999.000,9999.000,9999.000
202607130854,   5.843,   5.969,9999.000,9999.000,9999.000,9999.000,9999.000,9999.000,9999.000
202607130900,   5.599,   5.677,   0.200,  -0.122,   5.677,   0.200,   5.677,   0.300,   5.777
202607130906,   5.350,   5.428,9999.000,9999.000,9999.000,9999.000,9999.000,9999.000,9999.000
202607130912,   5.097,   5.198,9999.000,9999.000,9999.000,9999.000,9999.000,9999.000,9999.000
202607130918,   4.841,   4.929,9999.000,9999.000,9999.000,9999.000,9999.000,9999.000,9999.000
202607130924,   4.582,   4.647,9999.000,9999.000,9999.000,9999.000,9999.000,9999.000,9999.000
202607130930,   4.320,   4.388,9999.000,9999.000,9999.000,9999.000,9999.000,9999.000,9999.000
202607130936,   4.056,   4.080,9999.000,9999.000,9999.000,9999.000,9999.000,9999.000,9999.000
202607130942,   3.791,   3.788,9999.000,9999.000,9999.000,9999.000,9999.000,9999.000,9999.000
202607130948,   3.525,   3.607,9999.000,9999.000,9999.000,9999.000,9999.000,9999.000,9999.000
202607130954,   3.259,   3.279,9999.000,9999.000,9999.000,9999.000,9999.000,9999.000,9999.000
202607131000,   2.993,   3.017,   0.300,  -0.276,   3.017,   0.200,   2.917,   0.300,   3.017
202607131006,   2.727,   2.758,9999.000,9999.000,9999.000,9999.000,9999.000,9999.000,9999.000
202607131012,   2.463,   2.558,9999.000,9999.000,9999.000,9999.000,9999.000,9999.000,9999.000
202607131018,   2.200,   2.299,9999.000,9999.000,9999.000,9999.000,9999.000,9999.000,9999.000
202607131024,   1.940,   2.079,9999.000,9999.000,9999.000,9999.000,9999.000,9999.000,9999.000
202607131030,   1.682,   1.810,9999.000,9999.000,9999.000,9999.000,9999.000,9999.000,9999.000
202607131036,   1.428,   1.571,9999.000,9999.000,9999.000,9999.000,9999.000,9999.000,9999.000
202607131042,   1.177,   1.279,9999.000,9999.000,9999.000,9999.000,9999.000,9999.000,9999.000
202607131048,   0.931,   1.020,9999.000,9999.000,9999.000,9999.000,9999.000,9999.000,9999.000
202607131054,   0.689,   0.790,9999.000,9999.000,9999.000,9999.000,9999.000,9999.000,9999.000
202607131100,   0.452,   0.560,   0.300,  -0.192,   0.560,   0.300,   0.560,   0.300,   0.560
202607131106,   0.222,   0.298,9999.000,9999.000,9999.000,9999.000,9999.000,9999.000,9999.000
202607131112,  -0.002,   0.111,9999.000,9999.000,9999.000,9999.000,9999.000,9999.000,9999.000
202607131118,  -0.221,  -0.141,9999.000,9999.000,9999.000,9999.000,9999.000,9999.000,9999.000
202607131124,  -0.432,  -0.288,9999.000,9999.000,9999.000,9999.000,9999.000,9999.000,9999.000
202607131130,  -0.636,  -0.439,9999.000,9999.000,9999.000,9999.000,9999.000,9999.000,9999.000
202607131136,  -0.832,  -0.639,9999.000,9999.000,9999.000,9999.000,9999.000,9999.000,9999.000
202607131142,  -1.020,  -0.849,9999.000,9999.000,9999.000,9999.000,9999.000,9999.000,9999.000
202607131148,  -1.200,  -1.098,9999.000,9999.000,9999.000,9999.000,9999.000,9999.000,9999.000
202607131154,  -1.370,  -1.338,9999.000,9999.000,9999.000,9999.000,9999.000,9999.000,9999.000
202607131200,  -1.532,  -1.528,   0.200,  -0.196,  -1.528,   0.200,  -1.528,   0.200,  -1.528
202607131206,  -1.684,  -1.610,9999.000,9999.000,9999.000,9999.000,9999.000,9999.000,9999.000
202607131212,  -1.826,  -1.728,9999.000,9999.000,9999.000,9999.000,9999.000,9999.000,9999.000
202607131218,  -1.959,  -1.840,9999.000,9999.000,9999.000,9999.000,9999.000,9999.000,9999.000
202607131224,  -2.081,  -2.059,9999.000,9999.000,9999.000,9999.000,9999.000,9999.000,9999.000
202607131230,  -2.192,  -2.191,9999.000,9999.000,9999.000,9999.000,9999.000,9999.000,9999.000
202607131236,  -2.293,  -2.289,9999.000,9999.000,9999.000,9999.000,9999.000,9999.000,9999.000
202607131242,  -2.383,  -2.309,9999.000,9999.000,9999.000,9999.000,9999.000,9999.000,9999.000
202607131248,  -2.462,  -2.420,9999.000,9999.000,9999.000,9999.000,9999.000,9999.000,9999.000
202607131254,  -2.529,  -2.499,9999.000,9999.000,9999.000,9999.000,9999.000,9999.000,9999.000
202607131300,  -2.586,  -2.578,   0.200,  -0.192,  -2.578,   0.200,  -2.578,   0.200,  -2.578
202607131306,  -2.630,  -2.587,9999.000,9999.000,9999.000,9999.000,9999.000,9999.000,9999.000
202607131312,  -2.664,  -2.597,9999.000,9999.000,9999.000,9999.000,9999.000,9999.000,9999.000
202607131318,  -2.686,  -2.689,9999.000,9999.000,9999.000,9999.000,9999.000,9999.000,9999.000
202607131324,  -2.696,  -2.679,9999.000,9999.000,9999.000,9999.000,9999.000,9999.000,9999.000
202607131330,  -2.695,  -2.640,9999.000,9999.000,9999.000,9999.000,9999.000,9999.000,9999.000
202607131336,  -2.682,  -2.568,9999.000,9999.000,9999.000,9999.000,9999.000,9999.000,9999.000
202607131342,  -2.658,  -2.469,9999.000,9999.000,9999.000,9999.000,9999.000,9999.000,9999.000
202607131348,  -2.622,  -2.469,9999.000,9999.000,9999.000,9999.000,9999.000,9999.000,9999.000
202607131354,  -2.575,  -2.489,9999.000,9999.000,9999.000,9999.000,9999.000,9999.000,9999.000
202607131400,  -2.518,  -2.430,   0.200,  -0.112,  -2.430,   0.200,  -2.430,   0.200,  -2.430
202607131406,  -2.449,  -2.368,9999.000,9999.000,9999.000,9999.000,9999.000,9999.000,9999.000
202607131412,  -2.369,  -2.299,9999.000,9999.000,9999.000,9999.000,9999.000,9999.000,9999.000
202607131418,  -2.279,  -2.168,9999.000,9999.000,9999.000,9999.000,9999.000,9999.000,9999.000
202607131424,  -2.179,  -2.089,9999.000,9999.000,9999.000,9999.000,9999.000,9999.000,9999.000
202607131430,  -2.069,  -2.010,9999.000,9999.000,9999.000,9999.000,9999.000,9999.000,9999.000
202607131436,  -1.949,  -1.899,9999.000,9999.000,9999.000,9999.000,9999.000,9999.000,9999.000
202607131442,  -1.820,  -1.781,9999.000,9999.000,9999.000,9999.000,9999.000,9999.000,9999.000
202607131448,  -1.681,  -1.630,9999.000,9999.000,9999.000,9999.000,9999.000,9999.000,9999.000
202607131454,  -1.534,  -1.449,9999.000,9999.000,9999.000,9999.000,9999.000,9999.000,9999.000
202607131500,  -1.379,  -1.318,   0.200,  -0.139,  -1.318,   0.100,  -1.418,   0.200,  -1.318
202607131506,  -1.216,  -1.180,9999.000,9999.000,9999.000,9999.000,9999.000,9999.000,9999.000
202607131512,  -1.045,  -1.049,9999.000,9999.000,9999.000,9999.000,9999.000,9999.000,9999.000
202607131518,  -0.867,  -0.839,9999.000,9999.000,9999.000,9999.000,9999.000,9999.000,9999.000
202607131524,  -0.682,  -0.639,9999.000,9999.000,9999.000,9999.000,9999.000,9999.000,9999.000
202607131530,  -0.492,  -0.409,9999.000,9999.000,9999.000,9999.000,9999.000,9999.000,9999.000
202607131536,  -0.295,  -0.219,9999.000,9999.000,9999.000,9999.000,9999.000,9999.000,9999.000
202607131542,  -0.093,  -0.009,9999.000,9999.000,9999.000,9999.000,9999.000,9999.000,9999.000
202607131548,   0.112,   0.219,9999.000,9999.000,9999.000,9999.000,9999.000,9999.000,9999.000
202607131554,   0.323,   0.439,9999.000,9999.000,9999.000,9999.000,9999.000,9999.000,9999.000
202607131600,   0.537,   0.629,   0.100,  -0.008,   0.629,   0.100,   0.629,   0.200,   0.729
202607131606,   0.755,   0.829,9999.000,9999.000,9999.000,9999.000,9999.000,9999.000,9999.000
202607131612,   0.975,   1.029,9999.000,9999.000,9999.000,9999.000,9999.000,9999.000,9999.000
202607131618,   1.197,   1.180,9999.000,9999.000,9999.000,9999.000,9999.000,9999.000,9999.000
202607131624,   1.422,   1.430,9999.000,9999.000,9999.000,9999.000,9999.000,9999.000,9999.000
202607131630,   1.647,   1.708,9999.000,9999.000,9999.000,9999.000,9999.000,9999.000,9999.000
202607131636,   1.873,   1.879,9999.000,9999.000,9999.000,9999.000,9999.000,9999.000,9999.000
202607131642,   2.099,   2.118,9999.000,9999.000,9999.000,9999.000,9999.000,9999.000,9999.000
202607131648,   2.324,   2.430,9999.000,9999.000,9999.000,9999.000,9999.000,9999.000,9999.000
202607131654,   2.549,   2.597,9999.000,9999.000,9999.000,9999.000,9999.000,9999.000,9999.000
202607131700,   2.772,   2.899,   0.100,   0.027,   2.899,   0.100,   2.899,   0.200,   2.999
202607131706,   2.994,   3.119,9999.000,9999.000,9999.000,9999.000,9999.000,9999.000,9999.000
202607131712,   3.212,   3.339,9999.000,9999.000,9999.000,9999.000,9999.000,9999.000,9999.000
202607131718,   3.428,   3.460,9999.000,9999.000,9999.000,9999.000,9999.000,9999.000,9999.000
202607131724,   3.641,   3.739,9999.000,9999.000,9999.000,9999.000,9999.000,9999.000,9999.000
202607131730,   3.849,   3.949,9999.000,9999.000,9999.000,9999.000,9999.000,9999.000,9999.000
202607131736,   4.054,   4.178,9999.000,9999.000,9999.000,9999.000,9999.000,9999.000,9999.000
202607131742,   4.253,   4.339,9999.000,9999.000,9999.000,9999.000,9999.000,9999.000,9999.000
202607131748,   4.448,   4.549,9999.000,9999.000,9999.000,9999.000,9999.000,9999.000,9999.000
202607131754,   4.637,   4.729,9999.000,9999.000,9999.000,9999.000,9999.000,9999.000,9999.000
202607131800,   4.820,   4.910,   0.200,  -0.110,   4.910,   0.100,   4.810,   0.200,   4.910
202607131806,   4.997,   5.120,9999.000,9999.000,9999.000,9999.000,9999.000,9999.000,9999.000
202607131812,   5.167,   5.277,9999.000,9999.000,9999.000,9999.000,9999.000,9999.000,9999.000
202607131818,   5.330,   5.418,9999.000,9999.000,9999.000,9999.000,9999.000,9999.000,9999.000
202607131824,   5.485,   5.549,9999.000,9999.000,9999.000,9999.000,9999.000,9999.000,9999.000
202607131830,   5.634,   5.707,9999.000,9999.000,9999.000,9999.000,9999.000,9999.000,9999.000
202607131836,   5.774,   5.828,9999.000,9999.000,9999.000,9999.000,9999.000,9999.000,9999.000
202607131842,   5.906,   5.979,9999.000,9999.000,9999.000,9999.000,9999.000,9999.000,9999.000
202607131848,   6.030,   6.159,9999.000,9999.000,9999.000,9999.000,9999.000,9999.000,9999.000
202607131854,   6.145,   6.297,9999.000,9999.000,9999.000,9999.000,9999.000,9999.000,9999.000
202607131900,   6.251,   6.389,   0.200,  -0.062,   6.389,   0.200,   6.389,   0.200,   6.389
202607131906,   6.349,   6.468,9999.000,9999.000,9999.000,9999.000,9999.000,9999.000,9999.000
202607131912,   6.438,   6.556,9999.000,9999.000,9999.000,9999.000,9999.000,9999.000,9999.000
202607131918,   6.517,   6.648,9999.000,9999.000,9999.000,9999.000,9999.000,9999.000,9999.000
202607131924,   6.587,   6.727,9999.000,9999.000,9999.000,9999.000,9999.000,9999.000,9999.000
202607131930,   6.648,   6.789,9999.000,9999.000,9999.000,9999.000,9999.000,9999.000,9999.000
202607131936,   6.700,   6.809,9999.000,9999.000,9999.000,9999.000,9999.000,9999.000,9999.000
202607131942,   6.743,   6.848,9999.000,9999.000,9999.000,9999.000,9999.000,9999.000,9999.000
202607131948,   6.776,   6.966,9999.000,9999.000,9999.000,9999.000,9999.000,9999.000,9999.000
202607131954,   6.800,   6.989,9999.000,9999.000,9999.000,9999.000,9999.000,9999.000,9999.000
202607132000,   6.815,   7.029,   0.100,   0.114,   7.029,   0.100,   7.029,   0.200,   7.129
202607132006,   6.821,   7.038,9999.000,9999.000,9999.000,9999.000,9999.000,9999.000,9999.000
202607132012,   6.818,   6.989,9999.000,9999.000,9999.000,9999.000,9999.000,9999.000,9999.000
202607132018,   6.807,   6.979,9999.000,9999.000,9999.000,9999.000,9999.000,9999.000,9999.000
202607132024,   6.787,   6.979,9999.000,9999.000,9999.000,9999.000,9999.000,9999.000,9999.000
202607132030,   6.758,   6.927,9999.000,9999.000,9999.000,9999.000,9999.000,9999.000,9999.000
202607132036,   6.722,   6.897,9999.000,9999.000,9999.000,9999.000,9999.000,9999.000,9999.000
202607132042,   6.677,   6.878,9999.000,9999.000,9999.000,9999.000,9999.000,9999.000,9999.000
202607132048,   6.626,   6.819,9999.000,9999.000,9999.000,9999.000,9999.000,9999.000,9999.000
202607132054,   6.567,   6.746,9999.000,9999.000,9999.000,9999.000,9999.000,9999.000,9999.000
202607132100,   6.500,   6.678,   0.100,   0.078,   6.678,   0.100,   6.678,   0.200,   6.778
202607132106,   6.428,   6.668,9999.000,9999.000,9999.000,9999.000,9999.000,9999.000,9999.000
202607132112,   6.349,   6.579,9999.000,9999.000,9999.000,9999.000,9999.000,9999.000,9999.000
202607132118,   6.264,   6.497,9999.000,9999.000,9999.000,9999.000,9999.000,9999.000,9999.000
202607132124,   6.174,   6.418,9999.000,9999.000,9999.000,9999.000,9999.000,9999.000,9999.000
202607132130,   6.078,   6.307,9999.000,9999.000,9999.000,9999.000,9999.000,9999.000,9999.000
202607132136,   5.978,   6.149,9999.000,9999.000,9999.000,9999.000,9999.000,9999.000,9999.000
202607132142,   5.873,   6.048,9999.000,9999.000,9999.000,9999.000,9999.000,9999.000,9999.000
202607132148,   5.765,   6.008,9999.000,9999.000,9999.000,9999.000,9999.000,9999.000,9999.000
202607132154,   5.653,   5.917,9999.000,9999.000,9999.000,9999.000,9999.000,9999.000,9999.000
202607132200,   5.538,   5.799,   0.200,   0.061,   5.799,   0.100,   5.699,   0.200,   5.799
202607132206,   5.420,   5.717,9999.000,9999.000,9999.000,9999.000,9999.000,9999.000,9999.000
202607132212,   5.301,   5.569,9999.000,9999.000,9999.000,9999.000,9999.000,9999.000,9999.000
202607132218,   5.179,   5.438,9999.000,9999.000,9999.000,9999.000,9999.000,9999.000,9999.000
202607132224,   5.057,   5.277,9999.000,9999.000,9999.000,9999.000,9999.000,9999.000,9999.000
202607132230,   4.934,   5.110,9999.000,9999.000,9999.000,9999.000,9999.000,9999.000,9999.000
202607132236,   4.810,   5.047,9999.000,9999.000,9999.000,9999.000,9999.000,9999.000,9999.000
202607132242,   4.686,   4.847,9999.000,9999.000,9999.000,9999.000,9999.000,9999.000,9999.000
202607132248,   4.563,   4.749,9999.000,9999.000,9999.000,9999.000,9999.000,9999.000,9999.000
202607132254,   4.441,   4.569,9999.000,9999.000,9999.000,9999.000,9999.000,9999.000,9999.000
202607132300,   4.321,   4.457,   0.200,  -0.064,   4.457,   0.200,   4.457,   0.200,   4.457
202607132306,   4.202,   4.398,9999.000,9999.000,9999.000,9999.000,9999.000,9999.000,9999.000
202607132312,   4.086,   4.247,9999.000,9999.000,9999.000,9999.000,9999.000,9999.000,9999.000
202607132318,   3.972,   4.129,9999.000,9999.000,9999.000,9999.000,9999.000,9999.000,9999.000
202607132324,   3.862,   4.037,9999.000,9999.000,9999.000,9999.000,9999.000,9999.000,9999.000
202607132330,   3.755,   3.899,9999.000,9999.000,9999.000,9999.000,9999.000,9999.000,9999.000
202607132336,   3.652,   3.827,9999.000,9999.000,9999.000,9999.000,9999.000,9999.000,9999.000
202607132342,   3.553,   3.768,9999.000,9999.000,9999.000,9999.000,9999.000,9999.000,9999.000
202607132348,   3.459,   3.719,9999.000,9999.000,9999.000,9999.000,9999.000,9999.000,9999.000
202607132354,   3.369,   3.680,9999.000,9999.000,9999.000,9999.000,9999.000,9999.000,9999.000
202607140000,   3.286,   3.529,   0.200,   0.043,   3.529,   0.200,   3.529,   0.300,   3.629
202607140006,   3.207,   3.450,9999.000,9999.000,9999.000,9999.000,9999.000,9999.000,9999.000
202607140012,   3.135,   3.368,9999.000,9999.000,9999.000,9999.000,9999.000,9999.000,9999.000
202607140018,   3.069,   3.230,9999.000,9999.000,9999.000,9999.000,9999.000,9999.000,9999.000
202607140024,   3.010,   3.168,9999.000,9999.000,9999.000,9999.000,9999.000,9999.000,9999.000
202607140030,   2.957,   3.099,9999.000,9999.000,9999.000,9999.000,9999.000,9999.000,9999.000
202607140036,   2.912,   3.060,9999.000,9999.000,9999.000,9999.000,9999.000,9999.000,9999.000
202607140042,   2.873,   3.030,9999.000,9999.000,9999.000,9999.000,9999.000,9999.000,9999.000
202607140048,   2.842,   2.958,9999.000,9999.000,9999.000,9999.000,9999.000,9999.000,9999.000
202607140054,   2.819,   2.899,9999.000,9999.000,9999.000,9999.000,9999.000,9999.000,9999.000
202607140100,   2.803,   2.889,   0.200,  -0.114,   2.889,   0.200,   2.889,   0.200,   2.889
202607140106,   2.796,   2.919,9999.000,9999.000,9999.000,9999.000,9999.000,9999.000,9999.000
202607140112,   2.796,   2.958,9999.000,9999.000,9999.000,9999.000,9999.000,9999.000,9999.000
202607140118,   2.805,   2.968,9999.000,9999.000,9999.000,9999.000,9999.000,9999.000,9999.000
202607140124,   2.822,   3.030,9999.000,9999.000,9999.000,9999.000,9999.000,9999.000,9999.000
202607140130,   2.847,   3.089,9999.000,9999.000,9999.000,9999.000,9999.000,9999.000,9999.000
202607140136,   2.880,   3.109,9999.000,9999.000,9999.000,9999.000,9999.000,9999.000,9999.000
202607140142,   2.922,   3.119,9999.000,9999.000,9999.000,9999.000,9999.000,9999.000,9999.000
202607140148,   2.972,   3.178,9999.000,9999.000,9999.000,9999.000,9999.000,9999.000,9999.000
202607140154,   3.030,   3.188,9999.000,9999.000,9999.000,9999.000,9999.000,9999.000,9999.000
202607140200,   3.096,   3.240,   0.200,  -0.056,   3.240,   0.200,   3.240,   0.300,   3.340
202607140206,   3.171,   3.319,9999.000,9999.000,9999.000,9999.000,9999.000,9999.000,9999.000
202607140212,   3.253,   3.440,9999.000,9999.000,9999.000,9999.000,9999.000,9999.000,9999.000
202607140218,   3.343,   3.548,9999.000,9999.000,9999.000,9999.000,9999.000,9999.000,9999.000
202607140224,   3.441,   3.650,9999.000,9999.000,9999.000,9999.000,9999.000,9999.000,9999.000
202607140230,   3.546,   3.739,9999.000,9999.000,9999.000,9999.000,9999.000,9999.000,9999.000
202607140236,   3.658,   3.860,9999.000,9999.000,9999.000,9999.000,9999.000,9999.000,9999.000
202607140242,   3.777,   3.939,9999.000,9999.000,9999.000,9999.000,9999.000,9999.000,9999.000
202607140248,   3.903,   4.109,9999.000,9999.000,9999.000,9999.000,9999.000,9999.000,9999.000
202607140254,   4.036,   4.168,9999.000,9999.000,9999.000,9999.000,9999.000,9999.000,9999.000
202607140300,   4.174,   4.349,   0.200,  -0.025,   4.349,   0.200,   4.349,   0.300,   4.449
202607140306,   4.318,   4.529,9999.000,9999.000,9999.000,9999.000,9999.000,9999.000,9999.000
202607140312,   4.468,   4.729,9999.000,9999.000,9999.000,9999.000,9999.000,9999.000,9999.000
202607140318,   4.622,   4.939,9999.000,9999.000,9999.000,9999.000,9999.000,9999.000,9999.000
202607140324,   4.782,   5.038,9999.000,9999.000,9999.000,9999.000,9999.000,9999.000,9999.000
202607140330,   4.945,   5.208,9999.000,9999.000,9999.000,9999.000,9999.000,9999.000,9999.000
202607140336,   5.112,   5.408,9999.000,9999.000,9999.000,9999.000,9999.000,9999.000,9999.000
202607140342,   5.283,   5.539,9999.000,9999.000,9999.000,9999.000,9999.000,9999.000,9999.000
202607140348,   5.457,   5.749,9999.000,9999.000,9999.000,9999.000,9999.000,9999.000,9999.000
202607140354,   5.632,   5.867,9999.000,9999.000,9999.000,9999.000,9999.000,9999.000,9999.000
202607140400,   5.810,   6.048,   0.200,   0.038,   6.048,   0.200,   6.048,   0.300,   6.148
202607140406,   5.990,   6.218,9999.000,9999.000,9999.000,9999.000,9999.000,9999.000,9999.000
202607140412,   6.170,   6.389,9999.000,9999.000,9999.000,9999.000,9999.000,9999.000,9999.000
202607140418,   6.351,   6.569,9999.000,9999.000,9999.000,9999.000,9999.000,9999.000,9999.000
202607140424,   6.532,   6.727,9999.000,9999.000,9999.000,9999.000,9999.000,9999.000,9999.000
202607140430,   6.712,   6.966,9999.000,9999.000,9999.000,9999.000,9999.000,9999.000,9999.000
202607140436,   6.892,   7.147,9999.000,9999.000,9999.000,9999.000,9999.000,9999.000,9999.000
202607140442,   7.070,   7.297,9999.000,9999.000,9999.000,9999.000,9999.000,9999.000,9999.000
202607140448,   7.245,   7.439,9999.000,9999.000,9999.000,9999.000,9999.000,9999.000,9999.000
202607140454,   7.419,   7.619,9999.000,9999.000,9999.000,9999.000,9999.000,9999.000,9999.000
202607140500,   7.589,   7.776,   0.200,  -0.013,   7.776,   0.200,   7.776,   0.200,   7.776
202607140506,   7.755,   7.967,9999.000,9999.000,9999.000,9999.000,9999.000,9999.000,9999.000
202607140512,   7.918,   8.147,9999.000,9999.000,9999.000,9999.000,9999.000,9999.000,9999.000
202607140518,   8.076,   8.327,9999.000,9999.000,9999.000,9999.000,9999.000,9999.000,9999.000
202607140524,   8.229,   8.426,9999.000,9999.000,9999.000,9999.000,9999.000,9999.000,9999.000
202607140530,   8.376,   8.616,9999.000,9999.000,9999.000,9999.000,9999.000,9999.000,9999.000
202607140536,   8.518,   8.698,9999.000,9999.000,9999.000,9999.000,9999.000,9999.000,9999.000
202607140542,   8.653,   8.859,9999.000,9999.000,9999.000,9999.000,9999.000,9999.000,9999.000
202607140548,   8.782,   8.967,9999.000,9999.000,9999.000,9999.000,9999.000,9999.000,9999.000
202607140554,   8.903,   9.079,9999.000,9999.000,9999.000,9999.000,9999.000,9999.000,9999.000
202607140600,   9.016,   9.187,   0.200,  -0.029,   9.187,   0.200,   9.187,   0.200,   9.187
202607140606,   9.122,   9.328,9999.000,9999.000,9999.000,9999.000,9999.000,9999.000,9999.000
202607140612,   9.219,   9.367,9999.000,9999.000,9999.000,9999.000,9999.000,9999.000,9999.000
202607140618,   9.307,   9.456,9999.000,9999.000,9999.000,9999.000,9999.000,9999.000,9999.000
202607140624,   9.386,   9.567,9999.000,9999.000,9999.000,9999.000,9999.000,9999.000,9999.000
202607140630,   9.456,   9.597,9999.000,9999.000,9999.000,9999.000,9999.000,9999.000,9999.000
202607140636,   9.516,   9.675,9999.000,9999.000,9999.000,9999.000,9999.000,9999.000,9999.000
202607140642,   9.567,   9.675,9999.000,9999.000,9999.000,9999.000,9999.000,9999.000,9999.000
202607140648,   9.606,   9.777,9999.000,9999.000,9999.000,9999.000,9999.000,9999.000,9999.000
202607140654,   9.636,   9.807,9999.000,9999.000,9999.000,9999.000,9999.000,9999.000,9999.000
202607140700,   9.655,   9.836,   0.200,  -0.019,   9.836,   0.200,   9.836,   0.300,   9.936
202607140706,   9.663,   9.885,9999.000,9999.000,9999.000,9999.000,9999.000,9999.000,9999.000
202607140712,   9.660,   9.856,9999.000,9999.000,9999.000,9999.000,9999.000,9999.000,9999.000
202607140718,   9.646,   9.836,9999.000,9999.000,9999.000,9999.000,9999.000,9999.000,9999.000
202607140724,   9.620,   9.826,9999.000,9999.000,9999.000,9999.000,9999.000,9999.000,9999.000
202607140730,   9.584,   9.836,9999.000,9999.000,9999.000,9999.000,9999.000,9999.000,9999.000
202607140736,   9.536,   9.757,9999.000,9999.000,9999.000,9999.000,9999.000,9999.000,9999.000
202607140742,   9.476,   9.675,9999.000,9999.000,9999.000,9999.000,9999.000,9999.000,9999.000
202607140748,   9.406,   9.607,9999.000,9999.000,9999.000,9999.000,9999.000,9999.000,9999.000
202607140754,   9.323,   9.489,9999.000,9999.000,9999.000,9999.000,9999.000,9999.000,9999.000
202607140800,   9.230,   9.407,   0.200,  -0.023,   9.407,   0.200,   9.407,   0.300,   9.507
202607140806,   9.126,   9.298,9999.000,9999.000,9999.000,9999.000,9999.000,9999.000,9999.000
202607140812,   9.010,   9.128,9999.000,9999.000,9999.000,9999.000,9999.000,9999.000,9999.000
202607140818,   8.884,   8.977,9999.000,9999.000,9999.000,9999.000,9999.000,9999.000,9999.000
202607140824,   8.747,   8.826,9999.000,9999.000,9999.000,9999.000,9999.000,9999.000,9999.000
202607140830,   8.599,   8.669,9999.000,9999.000,9999.000,9999.000,9999.000,9999.000,9999.000
202607140836,   8.441,   8.498,9999.000,9999.000,9999.000,9999.000,9999.000,9999.000,9999.000
202607140842,   8.273,   8.357,9999.000,9999.000,9999.000,9999.000,9999.000,9999.000,9999.000
202607140848,   8.095,   8.186,9999.000,9999.000,9999.000,9999.000,9999.000,9999.000,9999.000
202607140854,   7.908,   8.068,9999.000,9999.000,9999.000,9999.000,9999.000,9999.000,9999.000
202607140900,   7.712,   7.849,   0.200,  -0.063,   7.849,   0.200,   7.849,   0.300,   7.949
202607140906,   7.507,   7.668,9999.000,9999.000,9999.000,9999.000,9999.000,9999.000,9999.000
202607140912,   7.293,   7.478,9999.000,9999.000,9999.000,9999.000,9999.000,9999.000,9999.000
202607140918,   7.072,   7.268,9999.000,9999.000,9999.000,9999.000,9999.000,9999.000,9999.000
202607140924,   6.843,   6.937,9999.000,9999.000,9999.000,9999.000,9999.000,9999.000,9999.000
202607140930,   6.607,   6.737,9999.000,9999.000,9999.000,9999.000,9999.000,9999.000,9999.000
202607140936,   6.364,   6.468,9999.000,9999.000,9999.000,9999.000,9999.000,9999.000,9999.000
202607140942,   6.116,   6.277,9999.000,9999.000,9999.000,9999.000,9999.000,9999.000,9999.000
202607140948,   5.861,   5.989,9999.000,9999.000,9999.000,9999.000,9999.000,9999.000,9999.000
202607140954,   5.601,   5.707,9999.000,9999.000,9999.000,9999.000,9999.000,9999.000,9999.000
202607141000,   5.337,   5.457,   0.300,  -0.180,   5.457,   0.200,   5.357,   0.300,   5.457
202607141006,   5.068,   5.218,9999.000,9999.000,9999.000,9999.000,9999.000,9999.000,9999.000
202607141012,   4.796,   4.949,9999.000,9999.000,9999.000,9999.000,9999.000,9999.000,9999.000
202607141018,   4.521,   4.647,9999.000,9999.000,9999.000,9999.000,9999.000,9999.000,9999.000
202607141024,   4.244,   4.329,9999.000,9999.000,9999.000,9999.000,9999.000,9999.000,9999.000
202607141030,   3.964,   4.119,9999.000,9999.000,9999.000,9999.000,9999.000,9999.000,9999.000
202607141036,   3.683,   3.788,9999.000,9999.000,9999.000,9999.000,9999.000,9999.000,9999.000
202607141042,   3.402,   3.480,9999.000,9999.000,9999.000,9999.000,9999.000,9999.000,9999.000
202607141048,   3.120,   3.168,9999.000,9999.000,9999.000,9999.000,9999.000,9999.000,9999.000
202607141054,   2.838,   2.860,9999.000,9999.000,9999.000,9999.000,9999.000,9999.000,9999.000
202607141100,   2.558,   2.597,   0.300,  -0.261,   2.597,   0.200,   2.497,   0.300,   2.597
202607141106,   2.278,   2.338,9999.000,9999.000,9999.000,9999.000,9999.000,9999.000,9999.000
202607141112,   2.001,   2.118,9999.000,9999.000,9999.000,9999.000,9999.000,9999.000,9999.000
202607141118,   1.727,   1.859,9999.000,9999.000,9999.000,9999.000,9999.000,9999.000,9999.000
202607141124,   1.456,   1.610,9999.000,9999.000,9999.000,9999.000,9999.000,9999.000,9999.000
202607141130,   1.188,   1.318,9999.000,9999.000,9999.000,9999.000,9999.000,9999.000,9999.000
202607141136,   0.925,   1.029,9999.000,9999.000,9999.000,9999.000,9999.000,9999.000,9999.000
202607141142,   0.666,   0.770,9999.000,9999.000,9999.000,9999.000,9999.000,9999.000,9999.000
202607141148,   0.413,   0.531,9999.000,9999.000,9999.000,9999.000,9999.000,9999.000,9999.000
202607141154,   0.166,   0.288,9999.000,9999.000,9999.000,9999.000,9999.000,9999.000,9999.000
202607141200,  -0.075,  -0.039,   0.200,  -0.164,  -0.039,   0.200,  -0.039,   0.300,   0.061
202607141206,  -0.309,  -0.278,9999.000,9999.000,9999.000,9999.000,9999.000,9999.000,9999.000
202607141212,  -0.536,  -0.508,9999.000,9999.000,9999.000,9999.000,9999.000,9999.000,9999.000
202607141218,  -0.755,  -0.688,9999.000,9999.000,9999.000,9999.000,9999.000,9999.000,9999.000
202607141224,  -0.967,  -0.918,9999.000,9999.000,9999.000,9999.000,9999.000,9999.000,9999.000
202607141230,  -1.169,  -1.138,9999.000,9999.000,9999.000,9999.000,9999.000,9999.000,9999.000
202607141236,  -1.363,  -1.318,9999.000,9999.000,9999.000,9999.000,9999.000,9999.000,9999.000
202607141242,  -1.547,  -1.459,9999.000,9999.000,9999.000,9999.000,9999.000,9999.000,9999.000
202607141248,  -1.722,  -1.679,9999.000,9999.000,9999.000,9999.000,9999.000,9999.000,9999.000
202607141254,  -1.886,  -1.908,9999.000,9999.000,9999.000,9999.000,9999.000,9999.000,9999.000
202607141300,  -2.040,  -2.069,   0.200,  -0.229,  -2.069,   0.200,  -2.069,   0.300,  -1.969
202607141306,  -2.183,  -2.210,9999.000,9999.000,9999.000,9999.000,9999.000,9999.000,9999.000
202607141312,  -2.316,  -2.289,9999.000,9999.000,9999.000,9999.000,9999.000,9999.000,9999.000
202607141318,  -2.437,  -2.430,9999.000,9999.000,9999.000,9999.000,9999.000,9999.000,9999.000
202607141324,  -2.546,  -2.558,9999.000,9999.000,9999.000,9999.000,9999.000,9999.000,9999.000
202607141330,  -2.644,  -2.578,9999.000,9999.000,9999.000,9999.000,9999.000,9999.000,9999.000
202607141336,  -2.730,  -2.669,9999.000,9999.000,9999.000,9999.000,9999.000,9999.000,9999.000
202607141342,  -2.804,  -2.728,9999.000,9999.000,9999.000,9999.000,9999.000,9999.000,9999.000
202607141348,  -2.865,  -2.840,9999.000,9999.000,9999.000,9999.000,9999.000,9999.000,9999.000
202607141354,  -2.915,  -2.860,9999.000,9999.000,9999.000,9999.000,9999.000,9999.000,9999.000
202607141400,  -2.952,  -2.919,   0.200,  -0.167,  -2.919,   0.200,  -2.919,   0.300,  -2.819
202607141406,  -2.976,  -2.978,9999.000,9999.000,9999.000,9999.000,9999.000,9999.000,9999.000
202607141412,  -2.988,  -2.997,9999.000,9999.000,9999.000,9999.000,9999.000,9999.000,9999.000
202607141418,  -2.987,  -3.030,9999.000,9999.000,9999.000,9999.000,9999.000,9999.000,9999.000
202607141424,  -2.974,  -2.968,9999.000,9999.000,9999.000,9999.000,9999.000,9999.000,9999.000
202607141430,  -2.949,  -2.909,9999.000,9999.000,9999.000,9999.000,9999.000,9999.000,9999.000
202607141436,  -2.911,  -2.909,9999.000,9999.000,9999.000,9999.000,9999.000,9999.000,9999.000
202607141442,  -2.861,  -2.899,9999.000,9999.000,9999.000,9999.000,9999.000,9999.000,9999.000
202607141448,  -2.800,  -2.830,9999.000,9999.000,9999.000,9999.000,9999.000,9999.000,9999.000
202607141454,  -2.726,  -2.689,9999.000,9999.000,9999.000,9999.000,9999.000,9999.000,9999.000
202607141500,  -2.640,  -2.650,   0.200,  -0.210,  -2.650,   0.200,  -2.650,   0.300,  -2.550
202607141506,  -2.544,  -2.620,9999.000,9999.000,9999.000,9999.000,9999.000,9999.000,9999.000
202607141512,  -2.436,  -2.558,9999.000,9999.000,9999.000,9999.000,9999.000,9999.000,9999.000
202607141518,  -2.317,  -2.410,9999.000,9999.000,9999.000,9999.000,9999.000,9999.000,9999.000
202607141524,  -2.188,  -2.200,9999.000,9999.000,9999.000,9999.000,9999.000,9999.000,9999.000
202607141530,  -2.048,  -2.099,9999.000,9999.000,9999.000,9999.000,9999.000,9999.000,9999.000
202607141536,  -1.899,  -2.030,9999.000,9999.000,9999.000,9999.000,9999.000,9999.000,9999.000
202607141542,  -1.740,  -1.830,9999.000,9999.000,9999.000,9999.000,9999.000,9999.000,9999.000
202607141548,  -1.572,  -1.571,9999.000,9999.000,9999.000,9999.000,9999.000,9999.000,9999.000
202607141554,  -1.395,  -1.348,9999.000,9999.000,9999.000,9999.000,9999.000,9999.000,9999.000
202607141600,  -1.211,  -1.180,   0.200,  -0.169,  -1.180,   0.200,  -1.180,   0.300,  -1.080
202607141606,  -1.018,  -0.980,9999.000,9999.000,9999.000,9999.000,9999.000,9999.000,9999.000
202607141612,  -0.818,  -0.819,9999.000,9999.000,9999.000,9999.000,9999.000,9999.000,9999.000
202607141618,  -0.612,  -0.639,9999.000,9999.000,9999.000,9999.000,9999.000,9999.000,9999.000
202607141624,  -0.399,  -0.409,9999.000,9999.000,9999.000,9999.000,9999.000,9999.000,9999.000
202607141630,  -0.181,  -0.278,9999.000,9999.000,9999.000,9999.000,9999.000,9999.000,9999.000
202607141636,   0.041,  -0.019,9999.000,9999.000,9999.000,9999.000,9999.000,9999.000,9999.000
202607141642,   0.269,   0.259,9999.000,9999.000,9999.000,9999.000,9999.000,9999.000,9999.000
202607141648,   0.502,   0.439,9999.000,9999.000,9999.000,9999.000,9999.000,9999.000,9999.000
202607141654,   0.737,   0.731,9999.000,9999.000,9999.000,9999.000,9999.000,9999.000,9999.000
202607141700,   0.976,   1.029,   0.200,  -0.147,   1.029,   0.200,   1.029,   0.300,   1.129
202607141706,   1.217,   1.200,9999.000,9999.000,9999.000,9999.000,9999.000,9999.000,9999.000
202607141712,   1.459,   1.498,9999.000,9999.000,9999.000,9999.000,9999.000,9999.000,9999.000
202607141718,   1.703,   1.758,9999.000,9999.000,9999.000,9999.000,9999.000,9999.000,9999.000
202607141724,   1.948,   1.981,9999.000,9999.000,9999.000,9999.000,9999.000,9999.000,9999.000
202607141730,   2.192,   2.210,9999.000,9999.000,9999.000,9999.000,9999.000,9999.000,9999.000
202607141736,   2.436,   2.469,9999.000,9999.000,9999.000,9999.000,9999.000,9999.000,9999.000
202607141742,   2.679,   2.689,9999.000,9999.000,9999.000,9999.000,9999.000,9999.000,9999.000
202607141748,   2.921,   2.948,9999.000,9999.000,9999.000,9999.000,9999.000,9999.000,9999.000
202607141754,   3.160,   3.188,9999.000,9999.000,9999.000,9999.000,9999.000,9999.000,9999.000
202607141800,   3.397,   3.378,   0.300,  -0.319,   3.378,   0.300,   3.378,   0.300,   3.378
202607141806,   3.630,   3.607,9999.000,9999.000,9999.000,9999.000,9999.000,9999.000,9999.000
202607141812,   3.860,   3.860,9999.000,9999.000,9999.000,9999.000,9999.000,9999.000,9999.000
202607141818,   4.085,   4.109,9999.000,9999.000,9999.000,9999.000,9999.000,9999.000,9999.000
202607141824,   4.306,   4.329,9999.000,9999.000,9999.000,9999.000,9999.000,9999.000,9999.000
202607141830,   4.521,   4.529,9999.000,9999.000,9999.000,9999.000,9999.000,9999.000,9999.000
202607141836,   4.731,   4.729,9999.000,9999.000,9999.000,9999.000,9999.000,9999.000,9999.000
202607141842,   4.934,   4.929,9999.000,9999.000,9999.000,9999.000,9999.000,9999.000,9999.000
202607141848,   5.132,   5.139,9999.000,9999.000,9999.000,9999.000,9999.000,9999.000,9999.000
202607141854,   5.322,   5.359,9999.000,9999.000,9999.000,9999.000,9999.000,9999.000,9999.000
202607141900,   5.505,   5.516,   0.300,  -0.289,   5.516,   0.200,   5.416,   0.300,   5.516
202607141906,   5.680,   5.707,9999.000,9999.000,9999.000,9999.000,9999.000,9999.000,9999.000
202607141912,   5.847,   5.887,9999.000,9999.000,9999.000,9999.000,9999.000,9999.000,9999.000
202607141918,   6.006,   6.077,9999.000,9999.000,9999.000,9999.000,9999.000,9999.000,9999.000
202607141924,   6.156,   6.228,9999.000,9999.000,9999.000,9999.000,9999.000,9999.000,9999.000
202607141930,   6.297,   6.379,9999.000,9999.000,9999.000,9999.000,9999.000,9999.000,9999.000
202607141936,   6.429,   6.527,9999.000,9999.000,9999.000,9999.000,9999.000,9999.000,9999.000
202607141942,   6.552,   6.648,9999.000,9999.000,9999.000,9999.000,9999.000,9999.000,9999.000
202607141948,   6.665,   6.809,9999.000,9999.000,9999.000,9999.000,9999.000,9999.000,9999.000
202607141954,   6.769,   6.887,9999.000,9999.000,9999.000,9999.000,9999.000,9999.000,9999.000
202607142000,   6.862,   7.009,   0.300,  -0.153,   7.009,   0.200,   6.909,   0.300,   7.009
202607142006,   6.946,   7.107,9999.000,9999.000,9999.000,9999.000,9999.000,9999.000,9999.000
202607142012,   7.019,   7.166,9999.000,9999.000,9999.000,9999.000,9999.000,9999.000,9999.000
202607142018,   7.082,   7.248,9999.000,9999.000,9999.000,9999.000,9999.000,9999.000,9999.000
202607142024,   7.135,   7.297,9999.000,9999.000,9999.000,9999.000,9999.000,9999.000,9999.000
202607142030,   7.178,   7.307,9999.000,9999.000,9999.000,9999.000,9999.000,9999.000,9999.000
202607142036,   7.211,   7.357,9999.000,9999.000,9999.000,9999.000,9999.000,9999.000,9999.000
202607142042,   7.233,   7.337,9999.000,9999.000,9999.000,9999.000,9999.000,9999.000,9999.000
202607142048,   7.246,   7.357,9999.000,9999.000,9999.000,9999.000,9999.000,9999.000,9999.000
202607142054,   7.248,   7.376,9999.000,9999.000,9999.000,9999.000,9999.000,9999.000,9999.000
202607142100,   7.241,   7.386,   0.300,  -0.155,   7.386,   0.300,   7.386,   0.300,   7.386
202607142106,   7.224,   7.376,9999.000,9999.000,9999.000,9999.000,9999.000,9999.000,9999.000
202607142112,   7.198,   7.347,9999.000,9999.000,9999.000,9999.000,9999.000,9999.000,9999.000
202607142118,   7.163,   7.297,9999.000,9999.000,9999.000,9999.000,9999.000,9999.000,9999.000
202607142124,   7.118,   7.238,9999.000,9999.000,9999.000,9999.000,9999.000,9999.000,9999.000
202607142130,   7.065,   7.209,9999.000,9999.000,9999.000,9999.000,9999.000,9999.000,9999.000
202607142136,   7.004,   7.147,9999.000,9999.000,9999.000,9999.000,9999.000,9999.000,9999.000
202607142142,   6.934,   7.117,9999.000,9999.000,9999.000,9999.000,9999.000,9999.000,9999.000
202607142148,   6.857,   7.009,9999.000,9999.000,9999.000,9999.000,9999.000,9999.000,9999.000
202607142154,   6.772,   6.956,9999.000,9999.000,9999.000,9999.000,9999.000,9999.000,9999.000
202607142200,   6.680,   6.868,   0.300,  -0.112,   6.868,   0.300,   6.868,   0.400,   6.968
202607142206,   6.582,   6.809,9999.000,9999.000,9999.000,9999.000,9999.000,9999.000,9999.000
202607142212,   6.477,   6.697,9999.000,9999.000,9999.000,9999.000,9999.000,9999.000,9999.000
202607142218,   6.367,   6.589,9999.000,9999.000,9999.000,9999.000,9999.000,9999.000,9999.000
202607142224,   6.251,   6.477,9999.000,9999.000,9999.000,9999.000,9999.000,9999.000,9999.000
202607142230,   6.130,   6.317,9999.000,9999.000,9999.000,9999.000,9999.000,9999.000,9999.000
202607142236,   6.005,   6.218,9999.000,9999.000,9999.000,9999.000,9999.000,9999.000,9999.000
202607142242,   5.875,   6.048,9999.000,9999.000,9999.000,9999.000,9999.000,9999.000,9999.000
202607142248,   5.742,   6.018,9999.000,9999.000,9999.000,9999.000,9999.000,9999.000,9999.000
202607142254,   5.606,   5.907,9999.000,9999.000,9999.000,9999.000,9999.000,9999.000,9999.000
202607142300,   5.468,   5.759,   0.300,  -0.009,   5.759,   0.300,   5.759,   0.300,   5.759
202607142306,   5.327,   5.608,9999.000,9999.000,9999.000,9999.000,9999.000,9999.000,9999.000
202607142312,   5.185,   5.448,9999.000,9999.000,9999.000,9999.000,9999.000,9999.000,9999.000
202607142318,   5.042,   5.257,9999.000,9999.000,9999.000,9999.000,9999.000,9999.000,9999.000
202607142324,   4.898,   5.110,9999.000,9999.000,9999.000,9999.000,9999.000,9999.000,9999.000
202607142330,   4.754,   4.929,9999.000,9999.000,9999.000,9999.000,9999.000,9999.000,9999.000
202607142336,   4.611,   4.759,9999.000,9999.000,9999.000,9999.000,9999.000,9999.000,9999.000
202607142342,   4.468,   4.628,9999.000,9999.000,9999.000,9999.000,9999.000,9999.000,9999.000
202607142348,   4.327,   4.457,9999.000,9999.000,9999.000,9999.000,9999.000,9999.000,9999.000
202607142354,   4.187,   4.329,9999.000,9999.000,9999.000,9999.000,9999.000,9999.000,9999.000
202607150000,   4.050,   4.247,   0.300,  -0.103,   4.247,   0.300,   4.247,   0.300,   4.247
202607150006,   3.915,   4.070,9999.000,9999.000,9999.000,9999.000,9999.000,9999.000,9999.000
202607150012,   3.784,   3.958,9999.000,9999.000,9999.000,9999.000,9999.000,9999.000,9999.000
202607150018,   3.657,   3.870,9999.000,9999.000,9999.000,9999.000,9999.000,9999.000,9999.000
202607150024,   3.533,   3.719,9999.000,9999.000,9999.000,9999.000,9999.000,9999.000,9999.000
202607150030,   3.414,   3.539,9999.000,9999.000,9999.000,9999.000,9999.000,9999.000,9999.000
202607150036,   3.300,   3.417,9999.000,9999.000,9999.000,9999.000,9999.000,9999.000,9999.000
202607150042,   3.192,   3.309,9999.000,9999.000,9999.000,9999.000,9999.000,9999.000,9999.000
202607150048,   3.089,   3.178,9999.000,9999.000,9999.000,9999.000,9999.000,9999.000,9999.000
202607150054,   2.992,   3.109,9999.000,9999.000,9999.000,9999.000,9999.000,9999.000,9999.000
202607150100,   2.901,   3.030,   0.300,  -0.171,   3.030,   0.300,   3.030,   0.300,   3.030
202607150106,   2.818,   2.978,9999.000,9999.000,9999.000,9999.000,9999.000,9999.000,9999.000
202607150112,   2.741,   2.919,9999.000,9999.000,9999.000,9999.000,9999.000,9999.000,9999.000
202607150118,   2.672,   2.850,9999.000,9999.000,9999.000,9999.000,9999.000,9999.000,9999.000
202607150124,   2.610,   2.758,9999.000,9999.000,9999.000,9999.000,9999.000,9999.000,9999.000
202607150130,   2.556,   2.748,9999.000,9999.000,9999.000,9999.000,9999.000,9999.000,9999.000
202607150136,   2.510,   2.689,9999.000,9999.000,9999.000,9999.000,9999.000,9999.000,9999.000
202607150142,   2.473,   2.587,9999.000,9999.000,9999.000,9999.000,9999.000,9999.000,9999.000
202607150148,   2.444,   2.519,9999.000,9999.000,9999.000,9999.000,9999.000,9999.000,9999.000
202607150154,   2.423,   2.509,9999.000,9999.000,9999.000,9999.000,9999.000,9999.000,9999.000
202607150200,   2.412,   2.499,   0.300,  -0.213,   2.499,   0.300,   2.499,   0.300,   2.499
202607150206,   2.409,   2.479,9999.000,9999.000,9999.000,9999.000,9999.000,9999.000,9999.000
202607150212,   2.416,   2.528,9999.000,9999.000,9999.000,9999.000,9999.000,9999.000,9999.000
202607150218,   2.431,   2.587,9999.000,9999.000,9999.000,9999.000,9999.000,9999.000,9999.000
202607150224,   2.456,   2.597,9999.000,9999.000,9999.000,9999.000,9999.000,9999.000,9999.000
202607150230,   2.490,   2.679,9999.000,9999.000,9999.000,9999.000,9999.000,9999.000,9999.000
202607150236,   2.532,   2.748,9999.000,9999.000,9999.000,9999.000,9999.000,9999.000,9999.000
202607150242,   2.584,   2.787,9999.000,9999.000,9999.000,9999.000,9999.000,9999.000,9999.000
202607150248,   2.645,   2.840,9999.000,9999.000,9999.000,9999.000,9999.000,9999.000,9999.000
202607150254,   2.715,   2.938,9999.000,9999.000,9999.000,9999.000,9999.000,9999.000,9999.000
202607150300,   2.794,   2.938,   0.400,  -0.256,   2.938,   0.300,   2.838,   0.400,   2.938
202607150306,   2.881,   3.070,9999.000,9999.000,9999.000,9999.000,9999.000,9999.000,9999.000
202607150312,   2.977,   3.207,9999.000,9999.000,9999.000,9999.000,9999.000,9999.000,9999.000
202607150318,   3.081,   3.329,9999.000,9999.000,9999.000,9999.000,9999.000,9999.000,9999.000
202607150324,   3.194,   3.417,9999.000,9999.000,9999.000,9999.000,9999.000,9999.000,9999.000
202607150330,   3.314,   3.617,9999.000,9999.000,9999.000,9999.000,9999.000,9999.000,9999.000
202607150336,   3.441,   3.729,9999.000,9999.000,9999.000,9999.000,9999.000,9999.000,9999.000
202607150342,   3.576,   3.827,9999.000,9999.000,9999.000,9999.000,9999.000,9999.000,9999.000
202607150348,   3.717,   3.939,9999.000,9999.000,9999.000,9999.000,9999.000,9999.000,9999.000
202607150354,   3.865,   4.080,9999.000,9999.000,9999.000,9999.000,9999.000,9999.000,9999.000
202607150400,   4.019,   4.208,   0.400,  -0.211,   4.208,   0.300,   4.108,   0.400,   4.208
202607150406,   4.179,   4.349,9999.000,9999.000,9999.000,9999.000,9999.000,9999.000,9999.000
202607150412,   4.345,   4.539,9999.000,9999.000,9999.000,9999.000,9999.000,9999.000,9999.000
202607150418,   4.515,   4.700,9999.000,9999.000,9999.000,9999.000,9999.000,9999.000,9999.000
202607150424,   4.689,   4.910,9999.000,9999.000,9999.000,9999.000,9999.000,9999.000,9999.000
202607150430,   4.868,   5.097,9999.000,9999.000,9999.000,9999.000,9999.000,9999.000,9999.000
202607150436,   5.050,   5.329,9999.000,9999.000,9999.000,9999.000,9999.000,9999.000,9999.000
202607150442,   5.235,   5.516,9999.000,9999.000,9999.000,9999.000,9999.000,9999.000,9999.000
202607150448,   5.423,   5.697,9999.000,9999.000,9999.000,9999.000,9999.000,9999.000,9999.000
202607150454,   5.613,   5.838,9999.000,9999.000,9999.000,9999.000,9999.000,9999.000,9999.000
202607150500,   5.804,   6.028,   0.300,  -0.076,   6.028,   0.300,   6.028,   0.400,   6.128
202607150506,   5.996,   6.228,9999.000,9999.000,9999.000,9999.000,9999.000,9999.000,9999.000
202607150512,   6.188,   6.399,9999.000,9999.000,9999.000,9999.000,9999.000,9999.000,9999.000
202607150518,   6.381,   6.579,9999.000,9999.000,9999.000,9999.000,9999.000,9999.000,9999.000
202607150524,   6.572,   6.779,9999.000,9999.000,9999.000,9999.000,9999.000,9999.000,9999.000
202607150530,   6.763,   6.979,9999.000,9999.000,9999.000,9999.000,9999.000,9999.000,9999.000
202607150536,   6.951,   7.209,9999.000,9999.000,9999.000,9999.000,9999.000,9999.000,9999.000
202607150542,   7.137,   7.409,9999.000,9999.000,9999.000,9999.000,9999.000,9999.000,9999.000
202607150548,   7.321,   7.557,9999.000,9999.000,9999.000,9999.000,9999.000,9999.000,9999.000
202607150554,   7.501,   7.737,9999.000,9999.000,9999.000,9999.000,9999.000,9999.000,9999.000
202607150600,   7.677,   7.976,   0.300,  -0.001,   7.976,   0.200,   7.876,   0.300,   7.976
202607150606,   7.848,   8.088,9999.000,9999.000,9999.000,9999.000,9999.000,9999.000,9999.000
202607150612,   8.015,   8.259,9999.000,9999.000,9999.000,9999.000,9999.000,9999.000,9999.000
202607150618,   8.176,   8.396,9999.000,9999.000,9999.000,9999.000,9999.000,9999.000,9999.000
202607150624,   8.332,   8.557,9999.000,9999.000,9999.000,9999.000,9999.000,9999.000,9999.000
202607150630,   8.481,   8.728,9999.000,9999.000,9999.000,9999.000,9999.000,9999.000,9999.000
202607150636,   8.623,   8.898,9999.000,9999.000,9999.000,9999.000,9999.000,9999.000,9999.000
202607150642,   8.757,   9.036,9999.000,9999.000,9999.000,9999.000,9999.000,9999.000,9999.000
202607150648,   8.884,   9.167,9999.000,9999.000,9999.000,9999.000,9999.000,9999.000,9999.000
202607150654,   9.003,   9.308,9999.000,9999.000,9999.000,9999.000,9999.000,9999.000,9999.000
202607150700,   9.113,   9.407,   0.300,  -0.006,   9.407,   0.200,   9.307,   0.300,   9.407
202607150706,   9.214,   9.508,9999.000,9999.000,9999.000,9999.000,9999.000,9999.000,9999.000
202607150712,   9.306,   9.548,9999.000,9999.000,9999.000,9999.000,9999.000,9999.000,9999.000
202607150718,   9.388,   9.656,9999.000,9999.000,9999.000,9999.000,9999.000,9999.000,9999.000
202607150724,   9.460,   9.738,9999.000,9999.000,9999.000,9999.000,9999.000,9999.000,9999.000
202607150730,   9.522,   9.817,9999.000,9999.000,9999.000,9999.000,9999.000,9999.000,9999.000
202607150736,   9.574,   9.846,9999.000,9999.000,9999.000,9999.000,9999.000,9999.000,9999.000
202607150742,   9.614,   9.885,9999.000,9999.000,9999.000,9999.000,9999.000,9999.000,9999.000
202607150748,   9.644,   9.899,9999.000,9999.000,9999.000,9999.000,9999.000,9999.000,9999.000
202607150754,   9.662,   9.938,9999.000,9999.000,9999.000,9999.000,9999.000,9999.000,9999.000
202607150800,   9.669,   9.899,   0.300,  -0.070,   9.899,   0.200,   9.799,   0.300,   9.899
202607150806,   9.665,   9.866,9999.000,9999.000,9999.000,9999.000,9999.000,9999.000,9999.000
202607150812,   9.649,   9.885,9999.000,9999.000,9999.000,9999.000,9999.000,9999.000,9999.000
202607150818,   9.621,   9.876,9999.000,9999.000,9999.000,9999.000,9999.000,9999.000,9999.000
202607150824,   9.581,   9.846,9999.000,9999.000,9999.000,9999.000,9999.000,9999.000,9999.000
202607150830,   9.530,   9.807,9999.000,9999.000,9999.000,9999.000,9999.000,9999.000,9999.000
202607150836,   9.466,   9.787,9999.000,9999.000,9999.000,9999.000,9999.000,9999.000,9999.000
202607150842,   9.391,   9.698,9999.000,9999.000,9999.000,9999.000,9999.000,9999.000,9999.000
202607150848,   9.305,   9.616,9999.000,9999.000,9999.000,9999.000,9999.000,9999.000,9999.000
202607150854,   9.206,   9.508,9999.000,9999.000,9999.000,9999.000,9999.000,9999.000,9999.000
202607150900,   9.096,   9.347,   0.300,  -0.049,   9.347,   0.300,   9.347,   0.300,   9.347
202607150906,   8.975,   9.226,9999.000,9999.000,9999.000,9999.000,9999.000,9999.000,9999.000
202607150912,   8.842,   9.069,9999.000,9999.000,9999.000,9999.000,9999.000,9999.000,9999.000
202607150918,   8.699,   8.908,9999.000,9999.000,9999.000,9999.000,9999.000,9999.000,9999.000
202607150924,   8.544,   8.767,9999.000,9999.000,9999.000,9999.000,9999.000,9999.000,9999.000
202607150930,   8.379,   8.587,9999.000,9999.000,9999.000,9999.000,9999.000,9999.000,9999.000
202607150936,   8.204,   8.449,9999.000,9999.000,9999.000,9999.000,9999.000,9999.000,9999.000
202607150942,   8.019,   8.229,9999.000,9999.000,9999.000,9999.000,9999.000,9999.000,9999.000
202607150948,   7.825,   8.029,9999.000,9999.000,9999.000,9999.000,9999.000,9999.000,9999.000
202607150954,   7.621,   7.888,9999.000,9999.000,9999.000,9999.000,9999.000,9999.000,9999.000
202607151000,   7.408,   7.707,   0.300,  -0.001,   7.707,   0.300,   7.707,   0.300,   7.707
202607151006,   7.187,   7.448,9999.000,9999.000,9999.000,9999.000,9999.000,9999.000,9999.000
202607151012,   6.958,   7.238,9999.000,9999.000,9999.000,9999.000,9999.000,9999.000,9999.000
202607151018,   6.721,   6.956,9999.000,9999.000,9999.000,9999.000,9999.000,9999.000,9999.000
202607151024,   6.477,   6.697,9999.000,9999.000,9999.000,9999.000,9999.000,9999.000,9999.000
202607151030,   6.227,   6.458,9999.000,9999.000,9999.000,9999.000,9999.000,9999.000,9999.000
202607151036,   5.971,   6.189,9999.000,9999.000,9999.000,9999.000,9999.000,9999.000,9999.000
202607151042,   5.709,   5.969,9999.000,9999.000,9999.000,9999.000,9999.000,9999.000,9999.000
202607151048,   5.442,   5.657,9999.000,9999.000,9999.000,9999.000,9999.000,9999.000,9999.000
202607151054,   5.171,   5.418,9999.000,9999.000,9999.000,9999.000,9999.000,9999.000,9999.000
202607151100,   4.896,   5.159,   0.300,  -0.037,   5.159,   0.300,   5.159,   0.300,   5.159
202607151106,   4.617,   4.857,9999.000,9999.000,9999.000,9999.000,9999.000,9999.000,9999.000
202607151112,   4.336,   4.608,9999.000,9999.000,9999.000,9999.000,9999.000,9999.000,9999.000
202607151118,   4.053,   4.329,9999.000,9999.000,9999.000,9999.000,9999.000,9999.000,9999.000
202607151124,   3.768,   3.988,9999.000,9999.000,9999.000,9999.000,9999.000,9999.000,9999.000
202607151130,   3.482,   3.680,9999.000,9999.000,9999.000,9999.000,9999.000,9999.000,9999.000
202607151136,   3.196,   3.398,9999.000,9999.000,9999.000,9999.000,9999.000,9999.000,9999.000
202607151142,   2.909,   3.089,9999.000,9999.000,9999.000,9999.000,9999.000,9999.000,9999.000
202607151148,   2.624,   2.830,9999.000,9999.000,9999.000,9999.000,9999.000,9999.000,9999.000
202607151154,   2.340,   2.548,9999.000,9999.000,9999.000,9999.000,9999.000,9999.000,9999.000
202607151200,   2.059,   2.328,   0.300,  -0.031,   2.328,   0.300,   2.328,   0.300,   2.328
202607151206,   1.779,   2.049,9999.000,9999.000,9999.000,9999.000,9999.000,9999.000,9999.000
202607151212,   1.503,   1.767,9999.000,9999.000,9999.000,9999.000,9999.000,9999.000,9999.000
202607151218,   1.231,   1.459,9999.000,9999.000,9999.000,9999.000,9999.000,9999.000,9999.000
202607151224,   0.963,   1.161,9999.000,9999.000,9999.000,9999.000,9999.000,9999.000,9999.000
202607151230,   0.700,   0.951,9999.000,9999.000,9999.000,9999.000,9999.000,9999.000,9999.000
202607151236,   0.443,   0.731,9999.000,9999.000,9999.000,9999.000,9999.000,9999.000,9999.000
202607151242,   0.191,   0.459,9999.000,9999.000,9999.000,9999.000,9999.000,9999.000,9999.000
202607151248,  -0.053,   0.190,9999.000,9999.000,9999.000,9999.000,9999.000,9999.000,9999.000
202607151254,  -0.291,  -0.068,9999.000,9999.000,9999.000,9999.000,9999.000,9999.000,9999.000
202607151300,  -0.522,  -0.341,   0.200,  -0.019,  -0.341,   0.200,  -0.341,   0.300,  -0.241
202607151306,  -0.745,  -0.590,9999.000,9999.000,9999.000,9999.000,9999.000,9999.000,9999.000
202607151312,  -0.959,  -0.790,9999.000,9999.000,9999.000,9999.000,9999.000,9999.000,9999.000
202607151318,  -1.164,  -0.990,9999.000,9999.000,9999.000,9999.000,9999.000,9999.000,9999.000
202607151324,  -1.360,  -1.190,9999.000,9999.000,9999.000,9999.000,9999.000,9999.000,9999.000
202607151330,  -1.547,  -1.390,9999.000,9999.000,9999.000,9999.000,9999.000,9999.000,9999.000
202607151336,  -1.723,  -1.557,9999.000,9999.000,9999.000,9999.000,9999.000,9999.000,9999.000
202607151342,  -1.889,  -1.699,9999.000,9999.000,9999.000,9999.000,9999.000,9999.000,9999.000
202607151348,  -2.044,  -1.879,9999.000,9999.000,9999.000,9999.000,9999.000,9999.000,9999.000
202607151354,  -2.188,  -2.010,9999.000,9999.000,9999.000,9999.000,9999.000,9999.000,9999.000
202607151400,  -2.320,  -2.148,   0.300,  -0.128,  -2.148,   0.200,  -2.248,   0.300,  -2.148
202607151406,  -2.441,  -2.318,9999.000,9999.000,9999.000,9999.000,9999.000,9999.000,9999.000
202607151412,  -2.549,  -2.430,9999.000,9999.000,9999.000,9999.000,9999.000,9999.000,9999.000
202607151418,  -2.646,  -2.558,9999.000,9999.000,9999.000,9999.000,9999.000,9999.000,9999.000
202607151424,  -2.730,  -2.640,9999.000,9999.000,9999.000,9999.000,9999.000,9999.000,9999.000
202607151430,  -2.802,  -2.699,9999.000,9999.000,9999.000,9999.000,9999.000,9999.000,9999.000
202607151436,  -2.861,  -2.748,9999.000,9999.000,9999.000,9999.000,9999.000,9999.000,9999.000
202607151442,  -2.907,  -2.860,9999.000,9999.000,9999.000,9999.000,9999.000,9999.000,9999.000
202607151448,  -2.940,  -2.889,9999.000,9999.000,9999.000,9999.000,9999.000,9999.000,9999.000
202607151454,  -2.961,  -2.958,9999.000,9999.000,9999.000,9999.000,9999.000,9999.000,9999.000
202607151500,  -2.968,  -2.889,   0.300,  -0.221,  -2.889,   0.300,  -2.889,   0.300,  -2.889
202607151506,  -2.963,  -2.909,9999.000,9999.000,9999.000,9999.000,9999.000,9999.000,9999.000
202607151512,  -2.944,  -2.948,9999.000,9999.000,9999.000,9999.000,9999.000,9999.000,9999.000
202607151518,  -2.913,  -2.919,9999.000,9999.000,9999.000,9999.000,9999.000,9999.000,9999.000
202607151524,  -2.869,  -2.889,9999.000,9999.000,9999.000,9999.000,9999.000,9999.000,9999.000
202607151530,  -2.813,  -2.860,9999.000,9999.000,9999.000,9999.000,9999.000,9999.000,9999.000
202607151536,  -2.744,  -2.709,9999.000,9999.000,9999.000,9999.000,9999.000,9999.000,9999.000
202607151542,  -2.663,  -2.650,9999.000,9999.000,9999.000,9999.000,9999.000,9999.000,9999.000
202607151548,  -2.570,  -2.459,9999.000,9999.000,9999.000,9999.000,9999.000,9999.000,9999.000
202607151554,  -2.465,  -2.440,9999.000,9999.000,9999.000,9999.000,9999.000,9999.000,9999.000
202607151600,  -2.349,  -2.358,   0.300,  -0.309,  -2.358,   0.200,  -2.458,   0.300,  -2.358
202607151606,  -2.221,  -2.210,9999.000,9999.000,9999.000,9999.000,9999.000,9999.000,9999.000
202607151612,  -2.083,  -2.020,9999.000,9999.000,9999.000,9999.000,9999.000,9999.000,9999.000
202607151618,  -1.934,  -1.830,9999.000,9999.000,9999.000,9999.000,9999.000,9999.000,9999.000
202607151624,  -1.775,  -1.669,9999.000,9999.000,9999.000,9999.000,9999.000,9999.000,9999.000
202607151630,  -1.607,  -1.528,9999.000,9999.000,9999.000,9999.000,9999.000,9999.000,9999.000
202607151636,  -1.429,  -1.371,9999.000,9999.000,9999.000,9999.000,9999.000,9999.000,9999.000
202607151642,  -1.243,  -1.190,9999.000,9999.000,9999.000,9999.000,9999.000,9999.000,9999.000
202607151648,  -1.048,  -0.980,9999.000,9999.000,9999.000,9999.000,9999.000,9999.000,9999.000
202607151654,  -0.845,  -0.760,9999.000,9999.000,9999.000,9999.000,9999.000,9999.000,9999.000
202607151700,  -0.635,  -0.518,   0.300,  -0.183,  -0.518,   0.200,  -0.618,   0.300,  -0.518
202607151706,  -0.418,  -0.249,9999.000,9999.000,9999.000,9999.000,9999.000,9999.000,9999.000
202607151712,  -0.195,  -0.059,9999.000,9999.000,9999.000,9999.000,9999.000,9999.000,9999.000
202607151718,   0.032,   0.150,9999.000,9999.000,9999.000,9999.000,9999.000,9999.000,9999.000
202607151724,   0.266,   0.439,9999.000,9999.000,9999.000,9999.000,9999.000,9999.000,9999.000
202607151730,   0.505,   0.619,9999.000,9999.000,9999.000,9999.000,9999.000,9999.000,9999.000
202607151736,   0.747,   0.869,9999.000,9999.000,9999.000,9999.000,9999.000,9999.000,9999.000
202607151742,   0.993,   1.151,9999.000,9999.000,9999.000,9999.000,9999.000,9999.000,9999.000
202607151748,   1.241,   1.328,9999.000,9999.000,9999.000,9999.000,9999.000,9999.000,9999.000
202607151754,   1.492,   1.639,9999.000,9999.000,9999.000,9999.000,9999.000,9999.000,9999.000
202607151800,   1.744,   1.859,   0.400,  -0.285,   1.859,   0.400,   1.859,   0.400,   1.859
202607151806,   1.997,   2.191,9999.000,9999.000,9999.000,9999.000,9999.000,9999.000,9999.000
202607151812,   2.251,   2.420,9999.000,9999.000,9999.000,9999.000,9999.000,9999.000,9999.000
202607151818,   2.504,   2.758,9999.000,9999.000,9999.000,9999.000,9999.000,9999.000,9999.000
202607151824,   2.757,   2.978,9999.000,9999.000,9999.000,9999.000,9999.000,9999.000,9999.000
202607151830,   3.008,   3.168,9999.000,9999.000,9999.000,9999.000,9999.000,9999.000,9999.000
202607151836,   3.257,   3.398,9999.000,9999.000,9999.000,9999.000,9999.000,9999.000,9999.000
202607151842,   3.504,   3.607,9999.000,9999.000,9999.000,9999.000,9999.000,9999.000,9999.000
202607151848,   3.748,   3.890,9999.000,9999.000,9999.000,9999.000,9999.000,9999.000,9999.000
202607151854,   3.988,   4.099,9999.000,9999.000,9999.000,9999.000,9999.000,9999.000,9999.000
202607151900,   4.224,   4.339,   0.400,  -0.285,   4.339,   0.400,   4.339,   0.400,   4.339
202607151906,   4.455,   4.628,9999.000,9999.000,9999.000,9999.000,9999.000,9999.000,9999.000
202607151912,   4.681,   4.818,9999.000,9999.000,9999.000,9999.000,9999.000,9999.000,9999.000
202607151918,   4.902,   5.067,9999.000,9999.000,9999.000,9999.000,9999.000,9999.000,9999.000
202607151924,   5.116,   5.267,9999.000,9999.000,9999.000,9999.000,9999.000,9999.000,9999.000
202607151930,   5.324,   5.467,9999.000,9999.000,9999.000,9999.000,9999.000,9999.000,9999.000
202607151936,   5.525,   5.687,9999.000,9999.000,9999.000,9999.000,9999.000,9999.000,9999.000
202607151942,   5.718,   5.887,9999.000,9999.000,9999.000,9999.000,9999.000,9999.000,9999.000
202607151948,   5.903,   6.077,9999.000,9999.000,9999.000,9999.000,9999.000,9999.000,9999.000
202607151954,   6.081,   6.258,9999.000,9999.000,9999.000,9999.000,9999.000,9999.000,9999.000
202607152000,   6.249,   6.399,   0.400,  -0.250,   6.399,   0.400,   6.399,   0.400,   6.399
202607152006,   6.409,   6.579,9999.000,9999.000,9999.000,9999.000,9999.000,9999.000,9999.000
202607152012,   6.560,   6.737,9999.000,9999.000,9999.000,9999.000,9999.000,9999.000,9999.000
202607152018,   6.701,   6.858,9999.000,9999.000,9999.000,9999.000,9999.000,9999.000,9999.000
202607152024,   6.832,   7.078,9999.000,9999.000,9999.000,9999.000,9999.000,9999.000,9999.000
202607152030,   6.954,   7.166,9999.000,9999.000,9999.000,9999.000,9999.000,9999.000,9999.000
202607152036,   7.065,   7.317,9999.000,9999.000,9999.000,9999.000,9999.000,9999.000,9999.000
202607152042,   7.166,   7.386,9999.000,9999.000,9999.000,9999.000,9999.000,9999.000,9999.000
202607152048,   7.257,   7.517,9999.000,9999.000,9999.000,9999.000,9999.000,9999.000,9999.000
202607152054,   7.337,   7.586,9999.000,9999.000,9999.000,9999.000,9999.000,9999.000,9999.000
202607152100,   7.406,   7.648,   0.400,  -0.158,   7.648,   0.400,   7.648,   0.500,   7.748
202607152106,   7.464,   7.648,9999.000,9999.000,9999.000,9999.000,9999.000,9999.000,9999.000
202607152112,   7.512,   7.688,9999.000,9999.000,9999.000,9999.000,9999.000,9999.000,9999.000
202607152118,   7.549,   7.757,9999.000,9999.000,9999.000,9999.000,9999.000,9999.000,9999.000
202607152124,   7.576,   7.849,9999.000,9999.000,9999.000,9999.000,9999.000,9999.000,9999.000
202607152130,   7.591,   7.888,9999.000,9999.000,9999.000,9999.000,9999.000,9999.000,9999.000
202607152136,   7.596,   7.888,9999.000,9999.000,9999.000,9999.000,9999.000,9999.000,9999.000
202607152142,   7.591,   7.888,9999.000,9999.000,9999.000,9999.000,9999.000,9999.000,9999.000
202607152148,   7.575,   7.888,9999.000,9999.000,9999.000,9999.000,9999.000,9999.000,9999.000
202607152154,   7.550,   7.849,9999.000,9999.000,9999.000,9999.000,9999.000,9999.000,9999.000
202607152200,   7.514,   7.819,   0.500,  -0.195,   7.819,   0.400,   7.719,   0.500,   7.819
202607152206,   7.468,   7.737,9999.000,9999.000,9999.000,9999.000,9999.000,9999.000,9999.000
202607152212,   7.413,   7.707,9999.000,9999.000,9999.000,9999.000,9999.000,9999.000,9999.000
202607152218,   7.349,   7.668,9999.000,9999.000,9999.000,9999.000,9999.000,9999.000,9999.000
202607152224,   7.276,   7.629,9999.000,9999.000,9999.000,9999.000,9999.000,9999.000,9999.000
202607152230,   7.195,   7.517,9999.000,9999.000,9999.000,9999.000,9999.000,9999.000,9999.000
202607152236,   7.105,   7.458,9999.000,9999.000,9999.000,9999.000,9999.000,9999.000,9999.000
202607152242,   7.008,   7.386,9999.000,9999.000,9999.000,9999.000,9999.000,9999.000,9999.000
202607152248,   6.902,   7.317,9999.000,9999.000,9999.000,9999.000,9999.000,9999.000,9999.000
202607152254,   6.790,   7.156,9999.000,9999.000,9999.000,9999.000,9999.000,9999.000,9999.000
202607152300,   6.672,   7.009,   0.500,  -0.163,   7.009,   0.400,   6.909,   0.500,   7.009
202607152306,   6.547,   6.858,9999.000,9999.000,9999.000,9999.000,9999.000,9999.000,9999.000
202607152312,   6.416,   6.766,9999.000,9999.000,9999.000,9999.000,9999.000,9999.000,9999.000
202607152318,   6.281,   6.537,9999.000,9999.000,9999.000,9999.000,9999.000,9999.000,9999.000
202607152324,   6.140,   6.418,9999.000,9999.000,9999.000,9999.000,9999.000,9999.000,9999.000
202607152330,   5.995,   6.218,9999.000,9999.000,9999.000,9999.000,9999.000,9999.000,9999.000
202607152336,   5.847,   6.107,9999.000,9999.000,9999.000,9999.000,9999.000,9999.000,9999.000
202607152342,   5.695,   6.008,9999.000,9999.000,9999.000,9999.000,9999.000,9999.000,9999.000
202607152348,   5.540,   5.867,9999.000,9999.000,9999.000,9999.000,9999.000,9999.000,9999.000
202607152354,   5.384,   5.739,9999.000,9999.000,9999.000,9999.000,9999.000,9999.000,9999.000
202607160000,   5.225,   5.539,   0.600,  -0.286,   5.539,   0.500,   5.439,   0.600,   5.539
202607160006,   5.065,   5.398,9999.000,9999.000,9999.000,9999.000,9999.000,9999.000,9999.000
202607160012,   4.905,   5.198,9999.000,9999.000,9999.000,9999.000,9999.000,9999.000,9999.000
202607160018,   4.745,   5.057,9999.000,9999.000,9999.000,9999.000,9999.000,9999.000,9999.000
202607160024,   4.584,   4.837,9999.000,9999.000,9999.000,9999.000,9999.000,9999.000,9999.000
202607160030,   4.425,   4.690,9999.000,9999.000,9999.000,9999.000,9999.000,9999.000,9999.000
202607160036,   4.267,   4.500,9999.000,9999.000,9999.000,9999.000,9999.000,9999.000,9999.000
202607160042,   4.112,   4.349,9999.000,9999.000,9999.000,9999.000,9999.000,9999.000,9999.000
202607160048,   3.958,   4.188,9999.000,9999.000,9999.000,9999.000,9999.000,9999.000,9999.000
202607160054,   3.808,   4.037,9999.000,9999.000,9999.000,9999.000,9999.000,9999.000,9999.000
202607160100,   3.660,   3.949,   0.500,  -0.211,   3.949,   0.500,   3.949,   0.600,   4.049
202607160106,   3.517,   3.749,9999.000,9999.000,9999.000,9999.000,9999.000,9999.000,9999.000
202607160112,   3.378,   3.660,9999.000,9999.000,9999.000,9999.000,9999.000,9999.000,9999.000
202607160118,   3.244,   3.460,9999.000,9999.000,9999.000,9999.000,9999.000,9999.000,9999.000
202607160124,   3.115,   3.339,9999.000,9999.000,9999.000,9999.000,9999.000,9999.000,9999.000
202607160130,   2.991,   3.217,9999.000,9999.000,9999.000,9999.000,9999.000,9999.000,9999.000
202607160136,   2.873,   3.138,9999.000,9999.000,9999.000,9999.000,9999.000,9999.000,9999.000
202607160142,   2.762,   2.997,9999.000,9999.000,9999.000,9999.000,9999.000,9999.000,9999.000
202607160148,   2.658,   2.879,9999.000,9999.000,9999.000,9999.000,9999.000,9999.000,9999.000
202607160154,   2.561,   2.830,9999.000,9999.000,9999.000,9999.000,9999.000,9999.000,9999.000
202607160200,   2.471,   2.758,   0.600,  -0.313,   2.758,   0.500,   2.658,   0.600,   2.758
202607160206,   2.388,   2.709,9999.000,9999.000,9999.000,9999.000,9999.000,9999.000,9999.000
202607160212,   2.314,   2.660,9999.000,9999.000,9999.000,9999.000,9999.000,9999.000,9999.000
202607160218,   2.248,   2.587,9999.000,9999.000,9999.000,9999.000,9999.000,9999.000,9999.000
202607160224,   2.191,   2.459,9999.000,9999.000,9999.000,9999.000,9999.000,9999.000,9999.000
202607160230,   2.143,   2.368,9999.000,9999.000,9999.000,9999.000,9999.000,9999.000,9999.000
202607160236,   2.103,   2.377,9999.000,9999.000,9999.000,9999.000,9999.000,9999.000,9999.000
202607160242,   2.073,   2.358,9999.000,9999.000,9999.000,9999.000,9999.000,9999.000,9999.000
202607160248,   2.051,   2.279,9999.000,9999.000,9999.000,9999.000,9999.000,9999.000,9999.000
202607160254,   2.039,   2.410,9999.000,9999.000,9999.000,9999.000,9999.000,9999.000,9999.000
202607160300,   2.037,   2.387,   0.600,  -0.250,   2.387,   0.600,   2.387,   0.600,   2.387
202607160306,   2.044,   2.440,9999.000,9999.000,9999.000,9999.000,9999.000,9999.000,9999.000
202607160312,   2.061,   2.459,9999.000,9999.000,9999.000,9999.000,9999.000,9999.000,9999.000
202607160318,   2.088,   2.489,9999.000,9999.000,9999.000,9999.000,9999.000,9999.000,9999.000
202607160324,   2.124,   2.499,9999.000,9999.000,9999.000,9999.000,9999.000,9999.000,9999.000
202607160330,   2.169,   2.528,9999.000,9999.000,9999.000,9999.000,9999.000,9999.000,9999.000
202607160336,   2.225,   2.548,9999.000,9999.000,9999.000,9999.000,9999.000,9999.000,9999.000
202607160342,   2.289,   2.528,9999.000,9999.000,9999.000,9999.000,9999.000,9999.000,9999.000
202607160348,   2.363,   2.568,9999.000,9999.000,9999.000,9999.000,9999.000,9999.000,9999.000
202607160354,   2.446,   2.787,9999.000,9999.000,9999.000,9999.000,9999.000,9999.000,9999.000
202607160400,   2.538,   2.899,   0.600,  -0.239,   2.899,   0.600,   2.899,   0.700,   2.999
202607160406,   2.638,   3.050,9999.000,9999.000,9999.000,9999.000,9999.000,9999.000,9999.000
202607160412,   2.747,   3.099,9999.000,9999.000,9999.000,9999.000,9999.000,9999.000,9999.000
202607160418,   2.865,   3.260,9999.000,9999.000,9999.000,9999.000,9999.000,9999.000,9999.000
202607160424,   2.990,   3.329,9999.000,9999.000,9999.000,9999.000,9999.000,9999.000,9999.000
202607160430,   3.123,   3.499,9999.000,9999.000,9999.000,9999.000,9999.000,9999.000,9999.000
202607160436,   3.263,   3.650,9999.000,9999.000,9999.000,9999.000,9999.000,9999.000,9999.000
202607160442,   3.410,   3.788,9999.000,9999.000,9999.000,9999.000,9999.000,9999.000,9999.000
202607160448,   3.564,   3.909,9999.000,9999.000,9999.000,9999.000,9999.000,9999.000,9999.000
202607160454,   3.723,   4.057,9999.000,9999.000,9999.000,9999.000,9999.000,9999.000,9999.000
202607160500,   3.889,   4.247,   0.600,  -0.242,   4.247,   0.600,   4.247,   0.600,   4.247
202607160506,   4.060,   4.378,9999.000,9999.000,9999.000,9999.000,9999.000,9999.000,9999.000
202607160512,   4.235,   4.569,9999.000,9999.000,9999.000,9999.000,9999.000,9999.000,9999.000
202607160518,   4.415,   4.769,9999.000,9999.000,9999.000,9999.000,9999.000,9999.000,9999.000
202607160524,   4.598,   4.949,9999.000,9999.000,9999.000,9999.000,9999.000,9999.000,9999.000
202607160530,   4.785,   5.188,9999.000,9999.000,9999.000,9999.000,9999.000,9999.000,9999.000
202607160536,   4.975,   5.389,9999.000,9999.000,9999.000,9999.000,9999.000,9999.000,9999.000
202607160542,   5.167,   5.589,9999.000,9999.000,9999.000,9999.000,9999.000,9999.000,9999.000
202607160548,   5.361,   5.799,9999.000,9999.000,9999.000,9999.000,9999.000,9999.000,9999.000
202607160554,   5.556,   6.028,9999.000,9999.000,9999.000,9999.000,9999.000,9999.000,9999.000
202607160600,   5.751,   6.159,   0.500,  -0.092,   6.159,   0.500,   6.159,   0.500,   6.159
202607160606,   5.947,   6.307,9999.000,9999.000,9999.000,9999.000,9999.000,9999.000,9999.000
202607160612,   6.142,   6.477,9999.000,9999.000,9999.000,9999.000,9999.000,9999.000,9999.000
202607160618,   6.336,   6.678,9999.000,9999.000,9999.000,9999.000,9999.000,9999.000,9999.000
202607160624,   6.529,   6.907,9999.000,9999.000,9999.000,9999.000,9999.000,9999.000,9999.000
202607160630,   6.720,   7.078,9999.000,9999.000,9999.000,9999.000,9999.000,9999.000,9999.000
202607160636,   6.907,   7.288,9999.000,9999.000,9999.000,9999.000,9999.000,9999.000,9999.000
202607160642,   7.092,   7.458,9999.000,9999.000,9999.000,9999.000,9999.000,9999.000,9999.000
202607160648,   7.273,   7.658,9999.000,9999.000,9999.000,9999.000,9999.000,9999.000,9999.000
202607160654,   7.449,   7.819,9999.000,9999.000,9999.000,9999.000,9999.000,9999.000,9999.000
202607160700,   7.621,   7.976,   0.600,  -0.245,   7.976,   0.500,   7.876,   0.600,   7.976
202607160706,   7.788,   8.157,9999.000,9999.000,9999.000,9999.000,9999.000,9999.000,9999.000
202607160712,   7.948,   8.288,9999.000,9999.000,9999.000,9999.000,9999.000,9999.000,9999.000
202607160718,   8.103,   8.468,9999.000,9999.000,9999.000,9999.000,9999.000,9999.000,9999.000
202607160724,   8.251,   8.606,9999.000,9999.000,9999.000,9999.000,9999.000,9999.000,9999.000
202607160730,   8.391,   8.757,9999.000,9999.000,9999.000,9999.000,9999.000,9999.000,9999.000
202607160736,   8.524,   8.947,9999.000,9999.000,9999.000,9999.000,9999.000,9999.000,9999.000
202607160742,   8.649,   9.056,9999.000,9999.000,9999.000,9999.000,9999.000,9999.000,9999.000
202607160748,   8.765,   9.167,9999.000,9999.000,9999.000,9999.000,9999.000,9999.000,9999.000
202607160754,   8.872,   9.288,9999.000,9999.000,9999.000,9999.000,9999.000,9999.000,9999.000
202607160800,   8.971,   9.347,   0.500,  -0.124,   9.347,   0.500,   9.347,   0.600,   9.447
202607160806,   9.059,   9.357,9999.000,9999.000,9999.000,9999.000,9999.000,9999.000,9999.000
202607160812,   9.138,   9.446,9999.000,9999.000,9999.000,9999.000,9999.000,9999.000,9999.000
202607160818,   9.207,   9.587,9999.000,9999.000,9999.000,9999.000,9999.000,9999.000,9999.000
202607160824,   9.265,   9.616,9999.000,9999.000,9999.000,9999.000,9999.000,9999.000,9999.000
202607160830,   9.313,   9.698,9999.000,9999.000,9999.000,9999.000,9999.000,9999.000,9999.000
202607160836,   9.349,   9.817,9999.000,9999.000,9999.000,9999.000,9999.000,9999.000,9999.000
202607160842,   9.375,   9.797,9999.000,9999.000,9999.000,9999.000,9999.000,9999.000,9999.000
202607160848,   9.389,   9.817,9999.000,9999.000,9999.000,9999.000,9999.000,9999.000,9999.000
202607160854,   9.392,   9.807,9999.000,9999.000,9999.000,9999.000,9999.000,9999.000,9999.000
202607160900,   9.383,   9.767,   0.500,  -0.116,   9.767,   0.500,   9.767,   0.600,   9.867
202607160906,   9.363,   9.797,9999.000,9999.000,9999.000,9999.000,9999.000,9999.000,9999.000
202607160912,   9.331,   9.718,9999.000,9999.000,9999.000,9999.000,9999.000,9999.000,9999.000
202607160918,   9.287,   9.698,9999.000,9999.000,9999.000,9999.000,9999.000,9999.000,9999.000
202607160924,   9.231,   9.597,9999.000,9999.000,9999.000,9999.000,9999.000,9999.000,9999.000
202607160930,   9.164,   9.557,9999.000,9999.000,9999.000,9999.000,9999.000,9999.000,9999.000
202607160936,   9.085,   9.446,9999.000,9999.000,9999.000,9999.000,9999.000,9999.000,9999.000
202607160942,   8.994,   9.407,9999.000,9999.000,9999.000,9999.000,9999.000,9999.000,9999.000
202607160948,   8.892,   9.308,9999.000,9999.000,9999.000,9999.000,9999.000,9999.000,9999.000
202607160954,   8.778,   9.138,9999.000,9999.000,9999.000,9999.000,9999.000,9999.000,9999.000
202607161000,   8.654,   9.016,   0.600,  -0.238,   9.016,   0.500,   8.916,   0.600,   9.016
202607161006,   8.518,   8.908,9999.000,9999.000,9999.000,9999.000,9999.000,9999.000,9999.000
202607161012,   8.372,   8.846,9999.000,9999.000,9999.000,9999.000,9999.000,9999.000,9999.000
202607161018,   8.215,   8.678,9999.000,9999.000,9999.000,9999.000,9999.000,9999.000,9999.000
202607161024,   8.048,   8.508,9999.000,9999.000,9999.000,9999.000,9999.000,9999.000,9999.000
202607161030,   7.871,   8.347,9999.000,9999.000,9999.000,9999.000,9999.000,9999.000,9999.000
202607161036,   7.685,   8.127,9999.000,9999.000,9999.000,9999.000,9999.000,9999.000,9999.000
202607161042,   7.489,   7.917,9999.000,9999.000,9999.000,9999.000,9999.000,9999.000,9999.000
202607161048,   7.285,   7.698,9999.000,9999.000,9999.000,9999.000,9999.000,9999.000,9999.000
202607161054,   7.072,   7.478,9999.000,9999.000,9999.000,9999.000,9999.000,9999.000,9999.000
202607161100,   6.851,   7.347,   0.600,  -0.104,   7.347,   0.600,   7.347,   0.600,   7.347
202607161106,   6.623,   7.156,9999.000,9999.000,9999.000,9999.000,9999.000,9999.000,9999.000
202607161112,   6.387,   6.878,9999.000,9999.000,9999.000,9999.000,9999.000,9999.000,9999.000
202607161118,   6.146,   6.678,9999.000,9999.000,9999.000,9999.000,9999.000,9999.000,9999.000
202607161124,   5.898,   6.399,9999.000,9999.000,9999.000,9999.000,9999.000,9999.000,9999.000
202607161130,   5.644,   6.136,9999.000,9999.000,9999.000,9999.000,9999.000,9999.000,9999.000
202607161136,   5.386,   5.897,9999.000,9999.000,9999.000,9999.000,9999.000,9999.000,9999.000
202607161142,   5.123,   5.677,9999.000,9999.000,9999.000,9999.000,9999.000,9999.000,9999.000
202607161148,   4.856,   5.408,9999.000,9999.000,9999.000,9999.000,9999.000,9999.000,9999.000
202607161154,   4.586,   5.110,9999.000,9999.000,9999.000,9999.000,9999.000,9999.000,9999.000
202607161200,   4.314,   4.818,   0.500,   0.004,   4.818,   0.400,   4.718,   0.500,   4.818
202607161206,   4.039,   4.578,9999.000,9999.000,9999.000,9999.000,9999.000,9999.000,9999.000
202607161212,   3.763,   4.237,9999.000,9999.000,9999.000,9999.000,9999.000,9999.000,9999.000
202607161218,   3.486,   3.958,9999.000,9999.000,9999.000,9999.000,9999.000,9999.000,9999.000
202607161224,   3.208,   3.689,9999.000,9999.000,9999.000,9999.000,9999.000,9999.000,9999.000
202607161230,   2.931,   3.480,9999.000,9999.000,9999.000,9999.000,9999.000,9999.000,9999.000
202607161236,   2.655,   3.168,9999.000,9999.000,9999.000,9999.000,9999.000,9999.000,9999.000
202607161242,   2.380,   2.919,9999.000,9999.000,9999.000,9999.000,9999.000,9999.000,9999.000
202607161248,   2.107,   2.650,9999.000,9999.000,9999.000,9999.000,9999.000,9999.000,9999.000
202607161254,   1.837,   2.318,9999.000,9999.000,9999.000,9999.000,9999.000,9999.000,9999.000
202607161300,   1.570,   2.020,   0.500,  -0.050,   2.020,   0.400,   1.920,   0.500,   2.020
202607161306,   1.308,   1.790,9999.000,9999.000,9999.000,9999.000,9999.000,9999.000,9999.000
202607161312,   1.049,   1.479,9999.000,9999.000,9999.000,9999.000,9999.000,9999.000,9999.000
202607161318,   0.795,   1.200,9999.000,9999.000,9999.000,9999.000,9999.000,9999.000,9999.000
202607161324,   0.547,   0.951,9999.000,9999.000,9999.000,9999.000,9999.000,9999.000,9999.000
202607161330,   0.305,   0.741,9999.000,9999.000,9999.000,9999.000,9999.000,9999.000,9999.000
202607161336,   0.070,   0.469,9999.000,9999.000,9999.000,9999.000,9999.000,9999.000,9999.000
202607161342,  -0.157,   0.278,9999.000,9999.000,9999.000,9999.000,9999.000,9999.000,9999.000
202607161348,  -0.378,   0.059,9999.000,9999.000,9999.000,9999.000,9999.000,9999.000,9999.000
202607161354,  -0.591,  -0.259,9999.000,9999.000,9999.000,9999.000,9999.000,9999.000,9999.000
202607161400,  -0.795,  -0.419,   0.500,  -0.124,  -0.419,   0.400,  -0.519,   0.500,  -0.419
202607161406,  -0.991,  -0.649,9999.000,9999.000,9999.000,9999.000,9999.000,9999.000,9999.000
202607161412,  -1.177,  -0.859,9999.000,9999.000,9999.000,9999.000,9999.000,9999.000,9999.000
202607161418,  -1.353,  -1.098,9999.000,9999.000,9999.000,9999.000,9999.000,9999.000,9999.000
202607161424,  -1.519,  -1.161,9999.000,9999.000,9999.000,9999.000,9999.000,9999.000,9999.000
202607161430,  -1.674,  -1.298,9999.000,9999.000,9999.000,9999.000,9999.000,9999.000,9999.000
202607161436,  -1.819,  -1.410,9999.000,9999.000,9999.000,9999.000,9999.000,9999.000,9999.000
202607161442,  -1.952,  -1.679,9999.000,9999.000,9999.000,9999.000,9999.000,9999.000,9999.000
202607161448,  -2.075,  -1.810,9999.000,9999.000,9999.000,9999.000,9999.000,9999.000,9999.000
202607161454,  -2.185,  -1.918,9999.000,9999.000,9999.000,9999.000,9999.000,9999.000,9999.000
202607161500,  -2.283,  -1.869,   0.500,  -0.086,  -1.869,   0.400,  -1.969,   0.500,  -1.869
202607161506,  -2.370,  -1.918,9999.000,9999.000,9999.000,9999.000,9999.000,9999.000,9999.000
202607161512,  -2.444,  -1.948,9999.000,9999.000,9999.000,9999.000,9999.000,9999.000,9999.000
202607161518,  -2.505,  -2.210,9999.000,9999.000,9999.000,9999.000,9999.000,9999.000,9999.000
202607161524,  -2.554,  -2.289,9999.000,9999.000,9999.000,9999.000,9999.000,9999.000,9999.000
202607161530,  -2.590,  -2.420,9999.000,9999.000,9999.000,9999.000,9999.000,9999.000,9999.000
202607161536,  -2.614,  -2.318,9999.000,9999.000,9999.000,9999.000,9999.000,9999.000,9999.000
202607161542,  -2.624,  -2.450,9999.000,9999.000,9999.000,9999.000,9999.000,9999.000,9999.000
202607161548,  -2.622,  -2.230,9999.000,9999.000,9999.000,9999.000,9999.000,9999.000,9999.000
202607161554,  -2.607,  -2.279,9999.000,9999.000,9999.000,9999.000,9999.000,9999.000,9999.000
202607161600,  -2.580,  -2.059,   0.500,   0.021,  -2.059,   0.400,  -2.159,   0.500,  -2.059
202607161606,  -2.540,  -2.069,9999.000,9999.000,9999.000,9999.000,9999.000,9999.000,9999.000
202607161612,  -2.487,  -2.158,9999.000,9999.000,9999.000,9999.000,9999.000,9999.000,9999.000
202607161618,  -2.422,  -2.191,9999.000,9999.000,9999.000,9999.000,9999.000,9999.000,9999.000
202607161624,  -2.344,  -2.158,9999.000,9999.000,9999.000,9999.000,9999.000,9999.000,9999.000
202607161630,  -2.255,  -1.967,9999.000,9999.000,9999.000,9999.000,9999.000,9999.000,9999.000
202607161636,  -2.154,  -1.918,9999.000,9999.000,9999.000,9999.000,9999.000,9999.000,9999.000
202607161642,  -2.042,  -2.099,9999.000,9999.000,9999.000,9999.000,9999.000,9999.000,9999.000
202607161648,  -1.918,  -1.781,9999.000,9999.000,9999.000,9999.000,9999.000,9999.000,9999.000
202607161654,  -1.783,  -1.338,9999.000,9999.000,9999.000,9999.000,9999.000,9999.000,9999.000
202607161700,  -1.638,  -1.151,   0.500,  -0.013,  -1.151,   0.400,  -1.251,   0.500,  -1.151
202607161706,  -1.483,  -1.229,9999.000,9999.000,9999.000,9999.000,9999.000,9999.000,9999.000
202607161712,  -1.318,  -1.161,9999.000,9999.000,9999.000,9999.000,9999.000,9999.000,9999.000
202607161718,  -1.144,  -0.869,9999.000,9999.000,9999.000,9999.000,9999.000,9999.000,9999.000
202607161724,  -0.961,  -0.819,9999.000,9999.000,9999.000,9999.000,9999.000,9999.000,9999.000
202607161730,  -0.770,  -0.629,9999.000,9999.000,9999.000,9999.000,9999.000,9999.000,9999.000
202607161736,  -0.570,  -0.298,9999.000,9999.000,9999.000,9999.000,9999.000,9999.000,9999.000
202607161742,  -0.363,  -0.088,9999.000,9999.000,9999.000,9999.000,9999.000,9999.000,9999.000
202607161748,  -0.150,   0.078,9999.000,9999.000,9999.000,9999.000,9999.000,9999.000,9999.000
202607161754,   0.069,   0.370,9999.000,9999.000,9999.000,9999.000,9999.000,9999.000,9999.000
202607161800,   0.295,   0.551,   0.500,  -0.244,   0.551,   0.500,   0.551,   0.500,   0.551
202607161806,   0.526,   0.731,9999.000,9999.000,9999.000,9999.000,9999.000,9999.000,9999.000
202607161812,   0.762,   1.161,9999.000,9999.000,9999.000,9999.000,9999.000,9999.000,9999.000
202607161818,   1.002,   1.348,9999.000,9999.000,9999.000,9999.000,9999.000,9999.000,9999.000
202607161824,   1.246,   1.538,9999.000,9999.000,9999.000,9999.000,9999.000,9999.000,9999.000
202607161830,   1.492,   1.918,9999.000,9999.000,9999.000,9999.000,9999.000,9999.000,9999.000
202607161836,   1.741,   2.230,9999.000,9999.000,9999.000,9999.000,9999.000,9999.000,9999.000
202607161842,   1.991,   2.148,9999.000,9999.000,9999.000,9999.000,9999.000,9999.000,9999.000
202607161848,   2.243,   2.469,9999.000,9999.000,9999.000,9999.000,9999.000,9999.000,9999.000
202607161854,   2.495,   2.660,9999.000,9999.000,9999.000,9999.000,9999.000,9999.000,9999.000
202607161900,   2.747,   2.938,   0.500,  -0.309,   2.938,   0.500,   2.938,   0.600,   3.038
202607161906,   2.999,   2.997,9999.000,9999.000,9999.000,9999.000,9999.000,9999.000,9999.000
202607161912,   3.249,   3.499,9999.000,9999.000,9999.000,9999.000,9999.000,9999.000,9999.000
202607161918,   3.498,   3.958,9999.000,9999.000,9999.000,9999.000,9999.000,9999.000,9999.000
202607161924,   3.744,   4.237,9999.000,9999.000,9999.000,9999.000,9999.000,9999.000,9999.000
202607161930,   3.987,   4.467,9999.000,9999.000,9999.000,9999.000,9999.000,9999.000,9999.000
202607161936,   4.227,   4.710,9999.000,9999.000,9999.000,9999.000,9999.000,9999.000,9999.000
202607161942,   4.463,   4.759,9999.000,9999.000,9999.000,9999.000,9999.000,9999.000,9999.000
202607161948,   4.694,   4.910,9999.000,9999.000,9999.000,9999.000,9999.000,9999.000,9999.000
202607161954,   4.921,   5.159,9999.000,9999.000,9999.000,9999.000,9999.000,9999.000,9999.000
202607162000,   5.142,   5.477,   0.500,  -0.165,   5.477,   0.500,   5.477,   0.600,   5.577
202607162006,   5.356,   5.717,9999.000,9999.000,9999.000,9999.000,9999.000,9999.000,9999.000
202607162012,   5.565,   5.867,9999.000,9999.000,9999.000,9999.000,9999.000,9999.000,9999.000
202607162018,   5.766,   6.097,9999.000,9999.000,9999.000,9999.000,9999.000,9999.000,9999.000
202607162024,   5.960,   6.127,9999.000,9999.000,9999.000,9999.000,9999.000,9999.000,9999.000
202607162030,   6.146,   6.579,9999.000,9999.000,9999.000,9999.000,9999.000,9999.000,9999.000
202607162036,   6.325,   6.619,9999.000,9999.000,9999.000,9999.000,9999.000,9999.000,9999.000
202607162042,   6.494,   6.887,9999.000,9999.000,9999.000,9999.000,9999.000,9999.000,9999.000
202607162048,   6.655,   7.019,9999.000,9999.000,9999.000,9999.000,9999.000,9999.000,9999.000
202607162054,   6.807,   7.307,9999.000,9999.000,9999.000,9999.000,9999.000,9999.000,9999.000
202607162100,   6.949,   7.317,   0.500,  -0.132,   7.317,   0.500,   7.317,   0.500,   7.317
202607162106,   7.082,   7.517,9999.000,9999.000,9999.000,9999.000,9999.000,9999.000,9999.000
202607162112,   7.205,   7.537,9999.000,9999.000,9999.000,9999.000,9999.000,9999.000,9999.000
202607162118,   7.317,   7.557,9999.000,9999.000,9999.000,9999.000,9999.000,9999.000,9999.000
202607162124,   7.419,   7.698,9999.000,9999.000,9999.000,9999.000,9999.000,9999.000,9999.000
202607162130,   7.511,   7.566,9999.000,9999.000,9999.000,9999.000,9999.000,9999.000,9999.000
202607162136,   7.592,   7.717,9999.000,9999.000,9999.000,9999.000,9999.000,9999.000,9999.000
202607162142,   7.662,   8.058,9999.000,9999.000,9999.000,9999.000,9999.000,9999.000,9999.000
202607162148,   7.722,   8.088,9999.000,9999.000,9999.000,9999.000,9999.000,9999.000,9999.000
202607162154,   7.770,   8.377,9999.000,9999.000,9999.000,9999.000,9999.000,9999.000,9999.000
202607162200,   7.808,   8.439,   0.500,   0.131,   8.439,   0.500,   8.439,   0.600,   8.539
202607162206,   7.834,   8.259,9999.000,9999.000,9999.000,9999.000,9999.000,9999.000,9999.000
202607162212,   7.850,   8.137,9999.000,9999.000,9999.000,9999.000,9999.000,9999.000,9999.000
202607162218,   7.856,   8.196,9999.000,9999.000,9999.000,9999.000,9999.000,9999.000,9999.000
202607162224,   7.850,   8.259,9999.000,9999.000,9999.000,9999.000,9999.000,9999.000,9999.000
202607162230,   7.834,   8.259,9999.000,9999.000,9999.000,9999.000,9999.000,9999.000,9999.000
202607162236,   7.807,   8.127,9999.000,9999.000,9999.000,9999.000,9999.000,9999.000,9999.000
202607162242,   7.770,   8.029,9999.000,9999.000,9999.000,9999.000,9999.000,9999.000,9999.000
202607162248,   7.724,   8.039,9999.000,9999.000,9999.000,9999.000,9999.000,9999.000,9999.000
202607162254,   7.667,   8.098,9999.000,9999.000,9999.000,9999.000,9999.000,9999.000,9999.000
202607162300,   7.601,   8.068,   0.500,  -0.033,   8.068,   0.500,   8.068,   0.600,   8.168
202607162306,   7.525,   8.029,9999.000,9999.000,9999.000,9999.000,9999.000,9999.000,9999.000
202607162312,   7.441,   7.796,9999.000,9999.000,9999.000,9999.000,9999.000,9999.000,9999.000
202607162318,   7.348,   7.678,9999.000,9999.000,9999.000,9999.000,9999.000,9999.000,9999.000
202607162324,   7.247,   7.619,9999.000,9999.000,9999.000,9999.000,9999.000,9999.000,9999.000
202607162330,   7.138,   7.527,9999.000,9999.000,9999.000,9999.000,9999.000,9999.000,9999.000
202607162336,   7.021,   7.357,9999.000,9999.000,9999.000,9999.000,9999.000,9999.000,9999.000
202607162342,   6.898,   7.238,9999.000,9999.000,9999.000,9999.000,9999.000,9999.000,9999.000
202607162348,   6.768,   6.989,9999.000,9999.000,9999.000,9999.000,9999.000,9999.000,9999.000
202607162354,   6.631,   6.887,9999.000,9999.000,9999.000,9999.000,9999.000,9999.000,9999.000
202607170000,   6.489,   6.809,   0.600,  -0.280,   6.809,   0.600,   6.809,   0.700,   6.909
202607170006,   6.342,   6.746,9999.000,9999.000,9999.000,9999.000,9999.000,9999.000,9999.000
202607170012,   6.190,   6.799,9999.000,9999.000,9999.000,9999.000,9999.000,9999.000,9999.000
202607170018,   6.034,   6.409,9999.000,9999.000,9999.000,9999.000,9999.000,9999.000,9999.000
202607170024,   5.874,   6.399,9999.000,9999.000,9999.000,9999.000,9999.000,9999.000,9999.000
202607170030,   5.710,   5.907,9999.000,9999.000,9999.000,9999.000,9999.000,9999.000,9999.000
202607170036,   5.545,   5.769,9999.000,9999.000,9999.000,9999.000,9999.000,9999.000,9999.000
202607170042,   5.377,   5.539,9999.000,9999.000,9999.000,9999.000,9999.000,9999.000,9999.000
202607170048,   5.207,   5.507,9999.000,9999.000,9999.000,9999.000,9999.000,9999.000,9999.000
202607170054,   5.036,   5.398,9999.000,9999.000,9999.000,9999.000,9999.000,9999.000,9999.000
202607170100,   4.865,   5.208,   0.600,  -0.257,   5.208,   0.600,   5.208,   0.700,   5.308
202607170106,   4.693,   5.120,9999.000,9999.000,9999.000,9999.000,9999.000,9999.000,9999.000
202607170112,   4.522,   4.949,9999.000,9999.000,9999.000,9999.000,9999.000,9999.000,9999.000
202607170118,   4.352,   4.867,9999.000,9999.000,9999.000,9999.000,9999.000,9999.000,9999.000
202607170124,   4.184,   4.608,9999.000,9999.000,9999.000,9999.000,9999.000,9999.000,9999.000
202607170130,   4.017,   4.339,9999.000,9999.000,9999.000,9999.000,9999.000,9999.000,9999.000
202607170136,   3.854,   4.208,9999.000,9999.000,9999.000,9999.000,9999.000,9999.000,9999.000
202607170142,   3.693,   3.968,9999.000,9999.000,9999.000,9999.000,9999.000,9999.000,9999.000
202607170148,   3.535,   3.808,9999.000,9999.000,9999.000,9999.000,9999.000,9999.000,9999.000
202607170154,   3.382,   3.680,9999.000,9999.000,9999.000,9999.000,9999.000,9999.000,9999.000
202607170200,   3.233,   3.509,   0.700,  -0.424,   3.509,   0.600,   3.409,   0.700,   3.509
202607170206,   3.089,   3.368,9999.000,9999.000,9999.000,9999.000,9999.000,9999.000,9999.000
202607170212,   2.950,   3.368,9999.000,9999.000,9999.000,9999.000,9999.000,9999.000,9999.000
202607170218,   2.817,   3.207,9999.000,9999.000,9999.000,9999.000,9999.000,9999.000,9999.000
202607170224,   2.690,   3.148,9999.000,9999.000,9999.000,9999.000,9999.000,9999.000,9999.000
202607170230,   2.569,   2.958,9999.000,9999.000,9999.000,9999.000,9999.000,9999.000,9999.000
202607170236,   2.456,   2.850,9999.000,9999.000,9999.000,9999.000,9999.000,9999.000,9999.000
202607170242,   2.350,   2.699,9999.000,9999.000,9999.000,9999.000,9999.000,9999.000,9999.000
202607170248,   2.251,   2.597,9999.000,9999.000,9999.000,9999.000,9999.000,9999.000,9999.000
202607170254,   2.160,   2.499,9999.000,9999.000,9999.000,9999.000,9999.000,9999.000,9999.000
202607170300,   2.077,   2.250,   0.700,  -0.527,   2.250,   0.600,   2.150,   0.700,   2.250
202607170306,   2.002,   2.177,9999.000,9999.000,9999.000,9999.000,9999.000,9999.000,9999.000
202607170312,   1.937,   2.269,9999.000,9999.000,9999.000,9999.000,9999.000,9999.000,9999.000
202607170318,   1.880,   2.220,9999.000,9999.000,9999.000,9999.000,9999.000,9999.000,9999.000
202607170324,   1.832,   2.269,9999.000,9999.000,9999.000,9999.000,9999.000,9999.000,9999.000
202607170330,   1.793,   2.299,9999.000,9999.000,9999.000,9999.000,9999.000,9999.000,9999.000
202607170336,   1.763,   2.200,9999.000,9999.000,9999.000,9999.000,9999.000,9999.000,9999.000
202607170342,   1.743,   2.128,9999.000,9999.000,9999.000,9999.000,9999.000,9999.000,9999.000
202607170348,   1.733,   2.079,9999.000,9999.000,9999.000,9999.000,9999.000,9999.000,9999.000
202607170354,   1.732,   1.967,9999.000,9999.000,9999.000,9999.000,9999.000,9999.000,9999.000
202607170400,   1.741,   1.948,   0.700,  -0.493,   1.948,   0.600,   1.848,   0.700,   1.948
202607170406,   1.760,   2.000,9999.000,9999.000,9999.000,9999.000,9999.000,9999.000,9999.000
202607170412,   1.788,   2.049,9999.000,9999.000,9999.000,9999.000,9999.000,9999.000,9999.000
202607170418,   1.826,   2.148,9999.000,9999.000,9999.000,9999.000,9999.000,9999.000,9999.000
202607170424,   1.873,   2.210,9999.000,9999.000,9999.000,9999.000,9999.000,9999.000,9999.000
202607170430,   1.930,   2.279,9999.000,9999.000,9999.000,9999.000,9999.000,9999.000,9999.000
202607170436,   1.996,   2.368,9999.000,9999.000,9999.000,9999.000,9999.000,9999.000,9999.000
202607170442,   2.071,   2.410,9999.000,9999.000,9999.000,9999.000,9999.000,9999.000,9999.000
202607170448,   2.155,   2.479,9999.000,9999.000,9999.000,9999.000,9999.000,9999.000,9999.000
202607170454,   2.248,   2.610,9999.000,9999.000,9999.000,9999.000,9999.000,9999.000,9999.000
202607170500,   2.350,   2.630,   0.700,  -0.420,   2.630,   0.600,   2.530,   0.700,   2.630
202607170506,   2.459,   2.807,9999.000,9999.000,9999.000,9999.000,9999.000,9999.000,9999.000
202607170512,   2.577,   2.860,9999.000,9999.000,9999.000,9999.000,9999.000,9999.000,9999.000
202607170518,   2.702,   2.948,9999.000,9999.000,9999.000,9999.000,9999.000,9999.000,9999.000
202607170524,   2.834,   3.050,9999.000,9999.000,9999.000,9999.000,9999.000,9999.000,9999.000
202607170530,   2.974,   3.299,9999.000,9999.000,9999.000,9999.000,9999.000,9999.000,9999.000
202607170536,   3.120,   3.480,9999.000,9999.000,9999.000,9999.000,9999.000,9999.000,9999.000
202607170542,   3.272,   3.729,9999.000,9999.000,9999.000,9999.000,9999.000,9999.000,9999.000
202607170548,   3.430,   3.808,9999.000,9999.000,9999.000,9999.000,9999.000,9999.000,9999.000
202607170554,   3.593,   4.017,9999.000,9999.000,9999.000,9999.000,9999.000,9999.000,9999.000
202607170600,   3.761,   4.178,   0.500,  -0.083,   4.178,   0.500,   4.178,   0.500,   4.178
202607170606,   3.934,   4.359,9999.000,9999.000,9999.000,9999.000,9999.000,9999.000,9999.000
202607170612,   4.110,   4.529,9999.000,9999.000,9999.000,9999.000,9999.000,9999.000,9999.000
202607170618,   4.290,   4.628,9999.000,9999.000,9999.000,9999.000,9999.000,9999.000,9999.000
202607170624,   4.473,   4.808,9999.000,9999.000,9999.000,9999.000,9999.000,9999.000,9999.000
202607170630,   4.658,   4.969,9999.000,9999.000,9999.000,9999.000,9999.000,9999.000,9999.000
202607170636,   4.845,   5.149,9999.000,9999.000,9999.000,9999.000,9999.000,9999.000,9999.000
202607170642,   5.033,   5.339,9999.000,9999.000,9999.000,9999.000,9999.000,9999.000,9999.000
202607170648,   5.222,   5.608,9999.000,9999.000,9999.000,9999.000,9999.000,9999.000,9999.000
202607170654,   5.412,   5.848,9999.000,9999.000,9999.000,9999.000,9999.000,9999.000,9999.000
202607170700,   5.601,   6.038,   0.600,  -0.163,   6.038,   0.500,   5.938,   0.600,   6.038
202607170706,   5.789,   6.159,9999.000,9999.000,9999.000,9999.000,9999.000,9999.000,9999.000
202607170712,   5.976,   6.369,9999.000,9999.000,9999.000,9999.000,9999.000,9999.000,9999.000
202607170718,   6.161,   6.537,9999.000,9999.000,9999.000,9999.000,9999.000,9999.000,9999.000
202607170724,   6.344,   6.707,9999.000,9999.000,9999.000,9999.000,9999.000,9999.000,9999.000
202607170730,   6.523,   6.947,9999.000,9999.000,9999.000,9999.000,9999.000,9999.000,9999.000
202607170736,   6.700,   7.088,9999.000,9999.000,9999.000,9999.000,9999.000,9999.000,9999.000
202607170742,   6.872,   7.258,9999.000,9999.000,9999.000,9999.000,9999.000,9999.000,9999.000
202607170748,   7.040,   7.419,9999.000,9999.000,9999.000,9999.000,9999.000,9999.000,9999.000
202607170754,   7.203,   7.586,9999.000,9999.000,9999.000,9999.000,9999.000,9999.000,9999.000
202607170800,   7.360,   7.747,   0.500,  -0.113,   7.747,   0.500,   7.747,   0.500,   7.747
202607170806,   7.512,   7.996,9999.000,9999.000,9999.000,9999.000,9999.000,9999.000,9999.000
202607170812,   7.657,   8.078,9999.000,9999.000,9999.000,9999.000,9999.000,9999.000,9999.000
202607170818,   7.796,   8.137,9999.000,9999.000,9999.000,9999.000,9999.000,9999.000,9999.000
202607170824,   7.927,   8.327,9999.000,9999.000,9999.000,9999.000,9999.000,9999.000,9999.000
202607170830,   8.051,   8.377,9999.000,9999.000,9999.000,9999.000,9999.000,9999.000,9999.000
202607170836,   8.167,   8.547,9999.000,9999.000,9999.000,9999.000,9999.000,9999.000,9999.000
202607170842,   8.274,   8.669,9999.000,9999.000,9999.000,9999.000,9999.000,9999.000,9999.000
202607170848,   8.373,   8.787,9999.000,9999.000,9999.000,9999.000,9999.000,9999.000,9999.000
202607170854,   8.463,   8.846,9999.000,9999.000,9999.000,9999.000,9999.000,9999.000,9999.000
202607170900,   8.543,   8.928,   0.500,  -0.115,   8.928,   0.500,   8.928,   0.600,   9.028
202607170906,   8.614,   8.987,9999.000,9999.000,9999.000,9999.000,9999.000,9999.000,9999.000
202607170912,   8.675,   9.079,9999.000,9999.000,9999.000,9999.000,9999.000,9999.000,9999.000
202607170918,   8.726,   9.177,9999.000,9999.000,9999.000,9999.000,9999.000,9999.000,9999.000
202607170924,   8.766,   9.226,9999.000,9999.000,9999.000,9999.000,9999.000,9999.000,9999.000
202607170930,   8.796,   9.256,9999.000,9999.000,9999.000,9999.000,9999.000,9999.000,9999.000
202607170936,   8.815,   9.256,9999.000,9999.000,9999.000,9999.000,9999.000,9999.000,9999.000
202607170942,   8.824,   9.226,9999.000,9999.000,9999.000,9999.000,9999.000,9999.000,9999.000
202607170948,   8.821,   9.246,9999.000,9999.000,9999.000,9999.000,9999.000,9999.000,9999.000
202607170954,   8.808,   9.187,9999.000,9999.000,9999.000,9999.000,9999.000,9999.000,9999.000
202607171000,   8.783,   9.177,   0.500,  -0.106,   9.177,   0.500,   9.177,   0.600,   9.277
202607171006,   8.747,   9.147,9999.000,9999.000,9999.000,9999.000,9999.000,9999.000,9999.000
202607171012,   8.700,   9.069,9999.000,9999.000,9999.000,9999.000,9999.000,9999.000,9999.000
202607171018,   8.642,   9.098,9999.000,9999.000,9999.000,9999.000,9999.000,9999.000,9999.000
202607171024,   8.573,   9.056,9999.000,9999.000,9999.000,9999.000,9999.000,9999.000,9999.000
202607171030,   8.493,   9.036,9999.000,9999.000,9999.000,9999.000,9999.000,9999.000,9999.000
202607171036,   8.402,   8.928,9999.000,9999.000,9999.000,9999.000,9999.000,9999.000,9999.000
202607171042,   8.300,   8.816,9999.000,9999.000,9999.000,9999.000,9999.000,9999.000,9999.000
202607171048,   8.188,   8.737,9999.000,9999.000,9999.000,9999.000,9999.000,9999.000,9999.000
202607171054,   8.065,   8.606,9999.000,9999.000,9999.000,9999.000,9999.000,9999.000,9999.000
202607171100,   7.932,   8.518,   0.600,  -0.014,   8.518,   0.500,   8.418,   0.600,   8.518
202607171106,   7.789,   8.327,9999.000,9999.000,9999.000,9999.000,9999.000,9999.000,9999.000
202607171112,   7.637,   8.186,9999.000,9999.000,9999.000,9999.000,9999.000,9999.000,9999.000
202607171118,   7.475,   7.947,9999.000,9999.000,9999.000,9999.000,9999.000,9999.000,9999.000
202607171124,   7.304,   7.839,9999.000,9999.000,9999.000,9999.000,9999.000,9999.000,9999.000
202607171130,   7.125,   7.658,9999.000,9999.000,9999.000,9999.000,9999.000,9999.000,9999.000
202607171136,   6.937,   7.507,9999.000,9999.000,9999.000,9999.000,9999.000,9999.000,9999.000
202607171142,   6.741,   7.317,9999.000,9999.000,9999.000,9999.000,9999.000,9999.000,9999.000
202607171148,   6.538,   7.117,9999.000,9999.000,9999.000,9999.000,9999.000,9999.000,9999.000
202607171154,   6.328,   6.858,9999.000,9999.000,9999.000,9999.000,9999.000,9999.000,9999.000
202607171200,   6.111,   6.609,   0.400,   0.098,   6.609,   0.400,   6.609,   0.400,   6.609
202607171206,   5.888,   6.336,9999.000,9999.000,9999.000,9999.000,9999.000,9999.000,9999.000
202607171212,   5.659,   6.107,9999.000,9999.000,9999.000,9999.000,9999.000,9999.000,9999.000
202607171218,   5.426,   5.897,9999.000,9999.000,9999.000,9999.000,9999.000,9999.000,9999.000
202607171224,   5.187,   5.667,9999.000,9999.000,9999.000,9999.000,9999.000,9999.000,9999.000
202607171230,   4.945,   5.457,9999.000,9999.000,9999.000,9999.000,9999.000,9999.000,9999.000
202607171236,   4.699,   5.198,9999.000,9999.000,9999.000,9999.000,9999.000,9999.000,9999.000
202607171242,   4.450,   4.998,9999.000,9999.000,9999.000,9999.000,9999.000,9999.000,9999.000
202607171248,   4.199,   4.778,9999.000,9999.000,9999.000,9999.000,9999.000,9999.000,9999.000
202607171254,   3.946,   4.569,9999.000,9999.000,9999.000,9999.000,9999.000,9999.000,9999.000
202607171300,   3.691,   4.227,   0.400,   0.136,   4.227,   0.400,   4.227,   0.400,   4.227
202607171306,   3.436,   3.909,9999.000,9999.000,9999.000,9999.000,9999.000,9999.000,9999.000
202607171312,   3.181,   3.598,9999.000,9999.000,9999.000,9999.000,9999.000,9999.000,9999.000
202607171318,   2.926,   3.348,9999.000,9999.000,9999.000,9999.000,9999.000,9999.000,9999.000
202607171324,   2.673,   3.119,9999.000,9999.000,9999.000,9999.000,9999.000,9999.000,9999.000
202607171330,   2.421,   2.899,9999.000,9999.000,9999.000,9999.000,9999.000,9999.000,9999.000
202607171336,   2.171,   2.679,9999.000,9999.000,9999.000,9999.000,9999.000,9999.000,9999.000
202607171342,   1.924,   2.440,9999.000,9999.000,9999.000,9999.000,9999.000,9999.000,9999.000
202607171348,   1.680,   2.128,9999.000,9999.000,9999.000,9999.000,9999.000,9999.000,9999.000
202607171354,   1.440,   1.899,9999.000,9999.000,9999.000,9999.000,9999.000,9999.000,9999.000
202607171400,   1.204,   1.659,   0.400,   0.055,   1.659,   0.400,   1.659,   0.400,   1.659
202607171406,   0.974,   1.489,9999.000,9999.000,9999.000,9999.000,9999.000,9999.000,9999.000
202607171412,   0.748,   1.298,9999.000,9999.000,9999.000,9999.000,9999.000,9999.000,9999.000
202607171418,   0.529,   1.069,9999.000,9999.000,9999.000,9999.000,9999.000,9999.000,9999.000
202607171424,   0.316,   0.780,9999.000,9999.000,9999.000,9999.000,9999.000,9999.000,9999.000
202607171430,   0.111,   0.508,9999.000,9999.000,9999.000,9999.000,9999.000,9999.000,9999.000
202607171436,  -0.087,   0.278,9999.000,9999.000,9999.000,9999.000,9999.000,9999.000,9999.000
202607171442,  -0.277,   0.049,9999.000,9999.000,9999.000,9999.000,9999.000,9999.000,9999.000
202607171448,  -0.460,  -0.059,9999.000,9999.000,9999.000,9999.000,9999.000,9999.000,9999.000
202607171454,  -0.633,  -0.219,9999.000,9999.000,9999.000,9999.000,9999.000,9999.000,9999.000
202607171500,  -0.798,  -0.390,   0.400,   0.008,  -0.390,   0.300,  -0.490,   0.400,  -0.390
202607171506,  -0.953,  -0.531,9999.000,9999.000,9999.000,9999.000,9999.000,9999.000,9999.000
202607171512,  -1.098,  -0.731,9999.000,9999.000,9999.000,9999.000,9999.000,9999.000,9999.000
202607171518,  -1.234,  -0.849,9999.000,9999.000,9999.000,9999.000,9999.000,9999.000,9999.000
202607171524,  -1.359,  -0.961,9999.000,9999.000,9999.000,9999.000,9999.000,9999.000,9999.000
202607171530,  -1.473,  -1.151,9999.000,9999.000,9999.000,9999.000,9999.000,9999.000,9999.000
202607171536,  -1.576,  -1.298,9999.000,9999.000,9999.000,9999.000,9999.000,9999.000,9999.000
202607171542,  -1.668,  -1.308,9999.000,9999.000,9999.000,9999.000,9999.000,9999.000,9999.000
202607171548,  -1.749,  -1.298,9999.000,9999.000,9999.000,9999.000,9999.000,9999.000,9999.000
202607171554,  -1.818,  -1.318,9999.000,9999.000,9999.000,9999.000,9999.000,9999.000,9999.000
202607171600,  -1.875,  -1.459,   0.300,   0.116,  -1.459,   0.300,  -1.459,   0.400,  -1.359
202607171606,  -1.921,  -1.528,9999.000,9999.000,9999.000,9999.000,9999.000,9999.000,9999.000
202607171612,  -1.954,  -1.600,9999.000,9999.000,9999.000,9999.000,9999.000,9999.000,9999.000
202607171618,  -1.976,  -1.659,9999.000,9999.000,9999.000,9999.000,9999.000,9999.000,9999.000
202607171624,  -1.985,  -1.689,9999.000,9999.000,9999.000,9999.000,9999.000,9999.000,9999.000
202607171630,  -1.983,  -1.639,9999.000,9999.000,9999.000,9999.000,9999.000,9999.000,9999.000
202607171636,  -1.968,  -1.590,9999.000,9999.000,9999.000,9999.000,9999.000,9999.000,9999.000
202607171642,  -1.941,  -1.479,9999.000,9999.000,9999.000,9999.000,9999.000,9999.000,9999.000
202607171648,  -1.903,  -1.449,9999.000,9999.000,9999.000,9999.000,9999.000,9999.000,9999.000
202607171654,  -1.852,  -1.508,9999.000,9999.000,9999.000,9999.000,9999.000,9999.000,9999.000
202607171700,  -1.790,  -1.469,   0.300,   0.021,  -1.469,   0.300,  -1.469,   0.400,  -1.369
202607171706,  -1.717,  -1.371,9999.000,9999.000,9999.000,9999.000,9999.000,9999.000,9999.000
202607171712,  -1.632,  -1.269,9999.000,9999.000,9999.000,9999.000,9999.000,9999.000,9999.000
202607171718,  -1.536,  -1.180,9999.000,9999.000,9999.000,9999.000,9999.000,9999.000,9999.000
202607171724,  -1.429,  -1.029,9999.000,9999.000,9999.000,9999.000,9999.000,9999.000,9999.000
202607171730,  -1.311,  -0.898,9999.000,9999.000,9999.000,9999.000,9999.000,9999.000,9999.000
202607171736,  -1.183,  -0.810,9999.000,9999.000,9999.000,9999.000,9999.000,9999.000,9999.000
202607171742,  -1.045,  -0.669,9999.000,9999.000,9999.000,9999.000,9999.000,9999.000,9999.000
202607171748,  -0.898,  -0.518,9999.000,9999.000,9999.000,9999.000,9999.000,9999.000,9999.000
202607171754,  -0.741,  -0.409,9999.000,9999.000,9999.000,9999.000,9999.000,9999.000,9999.000
202607171800,  -0.575,  -0.219,   0.400,  -0.044,  -0.219,   0.400,  -0.219,   0.500,  -0.119
202607171806,  -0.401,  -0.068,9999.000,9999.000,9999.000,9999.000,9999.000,9999.000,9999.000
202607171812,  -0.219,   0.059,9999.000,9999.000,9999.000,9999.000,9999.000,9999.000,9999.000
202607171818,  -0.029,   0.331,9999.000,9999.000,9999.000,9999.000,9999.000,9999.000,9999.000
202607171824,   0.167,   0.551,9999.000,9999.000,9999.000,9999.000,9999.000,9999.000,9999.000
202607171830,   0.370,   0.770,9999.000,9999.000,9999.000,9999.000,9999.000,9999.000,9999.000
202607171836,   0.579,   0.990,9999.000,9999.000,9999.000,9999.000,9999.000,9999.000,9999.000
202607171842,   0.795,   1.190,9999.000,9999.000,9999.000,9999.000,9999.000,9999.000,9999.000
202607171848,   1.015,   1.380,9999.000,9999.000,9999.000,9999.000,9999.000,9999.000,9999.000
202607171854,   1.239,   1.590,9999.000,9999.000,9999.000,9999.000,9999.000,9999.000,9999.000
202607171900,   1.468,   1.820,   0.500,  -0.148,   1.820,   0.500,   1.820,   0.500,   1.820
202607171906,   1.700,   2.069,9999.000,9999.000,9999.000,9999.000,9999.000,9999.000,9999.000
202607171912,   1.935,   2.328,9999.000,9999.000,9999.000,9999.000,9999.000,9999.000,9999.000
202607171918,   2.172,   2.548,9999.000,9999.000,9999.000,9999.000,9999.000,9999.000,9999.000
202607171924,   2.411,   2.738,9999.000,9999.000,9999.000,9999.000,9999.000,9999.000,9999.000
202607171930,   2.651,9999.000,9999.000,9999.000,9999.000,9999.000,9999.000,9999.000,9999.000
202607171936,   2.892,9999.000,9999.000,9999.000,9999.000,9999.000,9999.000,9999.000,9999.000
202607171942,   3.133,9999.000,9999.000,9999.000,9999.000,9999.000,9999.000,9999.000,9999.000
202607171948,   3.373,9999.000,9999.000,9999.000,9999.000,9999.000,9999.000,9999.000,9999.000
202607171954,   3.612,9999.000,9999.000,9999.000,9999.000,9999.000,9999.000,9999.000,9999.000
202607172000,   3.850,9999.000,   0.400,  -0.145,   4.105,   0.400,   4.105,   0.500,   4.205
202607172006,   4.085,   4.490,9999.000,9999.000,9999.000,9999.000,9999.000,9999.000,9999.000
202607172012,   4.318,   4.759,9999.000,9999.000,9999.000,9999.000,9999.000,9999.000,9999.000
202607172018,   4.547,   4.919,9999.000,9999.000,9999.000,9999.000,9999.000,9999.000,9999.000
202607172024,   4.772,9999.000,9999.000,9999.000,9999.000,9999.000,9999.000,9999.000,9999.000
202607172030,   4.994,9999.000,9999.000,9999.000,9999.000,9999.000,9999.000,9999.000,9999.000
202607172036,   5.210,9999.000,9999.000,9999.000,9999.000,9999.000,9999.000,9999.000,9999.000
202607172042,   5.422,   5.808,9999.000,9999.000,9999.000,9999.000,9999.000,9999.000,9999.000
202607172048,   5.627,   6.048,9999.000,9999.000,9999.000,9999.000,9999.000,9999.000,9999.000
202607172054,   5.827,   6.258,9999.000,9999.000,9999.000,9999.000,9999.000,9999.000,9999.000
202607172100,   6.019,   6.258,   0.400,  -0.161,   6.258,   0.400,   6.258,   0.400,   6.258
202607172106,   6.205,9999.000,9999.000,9999.000,9999.000,9999.000,9999.000,9999.000,9999.000
202607172112,   6.384,9999.000,9999.000,9999.000,9999.000,9999.000,9999.000,9999.000,9999.000
202607172118,   6.554,9999.000,9999.000,9999.000,9999.000,9999.000,9999.000,9999.000,9999.000
202607172124,   6.717,9999.000,9999.000,9999.000,9999.000,9999.000,9999.000,9999.000,9999.000
202607172130,   6.871,9999.000,9999.000,9999.000,9999.000,9999.000,9999.000,9999.000,9999.000
202607172136,   7.017,   7.386,9999.000,9999.000,9999.000,9999.000,9999.000,9999.000,9999.000
202607172142,   7.153,   7.517,9999.000,9999.000,9999.000,9999.000,9999.000,9999.000,9999.000
202607172148,   7.280,   7.658,9999.000,9999.000,9999.000,9999.000,9999.000,9999.000,9999.000
202607172154,   7.397,9999.000,9999.000,9999.000,9999.000,9999.000,9999.000,9999.000,9999.000
202607172200,   7.505,9999.000,   0.400,  -0.142,   7.763,   0.400,   7.763,   0.500,   7.863
202607172206,   7.603,9999.000,9999.000,9999.000,9999.000,9999.000,9999.000,9999.000,9999.000
202607172212,   7.690,9999.000,9999.000,9999.000,9999.000,9999.000,9999.000,9999.000,9999.000
202607172218,   7.767,9999.000,9999.000,9999.000,9999.000,9999.000,9999.000,9999.000,9999.000
202607172224,   7.834,   8.393,9999.000,9999.000,9999.000,9999.000,9999.000,9999.000,9999.000
202607172230,   7.890,9999.000,9999.000,9999.000,9999.000,9999.000,9999.000,9999.000,9999.000
202607172236,   7.936,9999.000,9999.000,9999.000,9999.000,9999.000,9999.000,9999.000,9999.000
202607172242,   7.971,9999.000,9999.000,9999.000,9999.000,9999.000,9999.000,9999.000,9999.000
202607172248,   7.996,   8.449,9999.000,9999.000,9999.000,9999.000,9999.000,9999.000,9999.000
202607172254,   8.010,   8.416,9999.000,9999.000,9999.000,9999.000,9999.000,9999.000,9999.000
202607172300,   8.013,   8.396,   0.400,  -0.017,   8.396,   0.400,   8.396,   0.500,   8.496
202607172306,   8.006,   8.386,9999.000,9999.000,9999.000,9999.000,9999.000,9999.000,9999.000
202607172312,   7.988,   8.377,9999.000,9999.000,9999.000,9999.000,9999.000,9999.000,9999.000
202607172318,   7.960,   8.377,9999.000,9999.000,9999.000,9999.000,9999.000,9999.000,9999.000
202607172324,   7.923,   8.337,9999.000,9999.000,9999.000,9999.000,9999.000,9999.000,9999.000
202607172330,   7.875,   8.268,9999.000,9999.000,9999.000,9999.000,9999.000,9999.000,9999.000
202607172336,   7.817,   8.206,9999.000,9999.000,9999.000,9999.000,9999.000,9999.000,9999.000
202607172342,   7.750,   8.157,9999.000,9999.000,9999.000,9999.000,9999.000,9999.000,9999.000
202607172348,   7.674,   8.078,9999.000,9999.000,9999.000,9999.000,9999.000,9999.000,9999.000
202607172354,   7.589,   8.039,9999.000,9999.000,9999.000,9999.000,9999.000,9999.000,9999.000
202607180000,   7.496,   8.039,   0.400,   0.143,   8.039,   0.400,   8.039,   0.400,   8.039
202607180006,   7.394,9999.000,9999.000,9999.000,9999.000,9999.000,9999.000,9999.000,9999.000
202607180012,   7.284,9999.000,9999.000,9999.000,9999.000,9999.000,9999.000,9999.000,9999.000
202607180018,   7.167,9999.000,9999.000,9999.000,9999.000,9999.000,9999.000,9999.000,9999.000
202607180024,   7.042,9999.000,9999.000,9999.000,9999.000,9999.000,9999.000,9999.000,9999.000
202607180030,   6.911,9999.000,9999.000,9999.000,9999.000,9999.000,9999.000,9999.000,9999.000
202607180036,   6.773,9999.000,9999.000,9999.000,9999.000,9999.000,9999.000,9999.000,9999.000
202607180042,   6.630,9999.000,9999.000,9999.000,9999.000,9999.000,9999.000,9999.000,9999.000
202607180048,   6.481,9999.000,9999.000,9999.000,9999.000,9999.000,9999.000,9999.000,9999.000
202607180054,   6.327,9999.000,9999.000,9999.000,9999.000,9999.000,9999.000,9999.000,9999.000
202607180100,   6.169,9999.000,   0.400,  -0.139,   6.430,   0.300,   6.330,   0.400,   6.430
202607180106,   6.007,9999.000,9999.000,9999.000,9999.000,9999.000,9999.000,9999.000,9999.000
202607180112,   5.841,9999.000,9999.000,9999.000,9999.000,9999.000,9999.000,9999.000,9999.000
202607180118,   5.672,9999.000,9999.000,9999.000,9999.000,9999.000,9999.000,9999.000,9999.000
202607180124,   5.501,9999.000,9999.000,9999.000,9999.000,9999.000,9999.000,9999.000,9999.000
202607180130,   5.327,9999.000,9999.000,9999.000,9999.000,9999.000,9999.000,9999.000,9999.000
202607180136,   5.153,9999.000,9999.000,9999.000,9999.000,9999.000,9999.000,9999.000,9999.000
202607180142,   4.977,9999.000,9999.000,9999.000,9999.000,9999.000,9999.000,9999.000,9999.000
202607180148,   4.801,9999.000,9999.000,9999.000,9999.000,9999.000,9999.000,9999.000,9999.000
202607180154,   4.625,9999.000,9999.000,9999.000,9999.000,9999.000,9999.000,9999.000,9999.000
202607180200,   4.450,9999.000,   0.400,  -0.135,   4.715,   0.300,   4.615,   0.400,   4.715
202607180206,   4.276,9999.000,9999.000,9999.000,9999.000,9999.000,9999.000,9999.000,9999.000
202607180212,   4.103,9999.000,9999.000,9999.000,9999.000,9999.000,9999.000,9999.000,9999.000
202607180218,   3.932,9999.000,9999.000,9999.000,9999.000,9999.000,9999.000,9999.000,9999.000
202607180224,   3.764,9999.000,9999.000,9999.000,9999.000,9999.000,9999.000,9999.000,9999.000
202607180230,   3.600,9999.000,9999.000,9999.000,9999.000,9999.000,9999.000,9999.000,9999.000
202607180236,   3.438,9999.000,9999.000,9999.000,9999.000,9999.000,9999.000,9999.000,9999.000
202607180242,   3.281,9999.000,9999.000,9999.000,9999.000,9999.000,9999.000,9999.000,9999.000
202607180248,   3.127,9999.000,9999.000,9999.000,9999.000,9999.000,9999.000,9999.000,9999.000
202607180254,   2.979,9999.000,9999.000,9999.000,9999.000,9999.000,9999.000,9999.000,9999.000
202607180300,   2.836,9999.000,   0.300,  -0.132,   3.004,   0.300,   3.004,   0.400,   3.104
202607180306,   2.699,9999.000,9999.000,9999.000,9999.000,9999.000,9999.000,9999.000,9999.000
202607180312,   2.567,9999.000,9999.000,9999.000,9999.000,9999.000,9999.000,9999.000,9999.000
202607180318,   2.442,9999.000,9999.000,9999.000,9999.000,9999.000,9999.000,9999.000,9999.000
202607180324,   2.324,9999.000,9999.000,9999.000,9999.000,9999.000,9999.000,9999.000,9999.000
202607180330,   2.212,9999.000,9999.000,9999.000,9999.000,9999.000,9999.000,9999.000,9999.000
202607180336,   2.108,9999.000,9999.000,9999.000,9999.000,9999.000,9999.000,9999.000,9999.000
202607180342,   2.012,9999.000,9999.000,9999.000,9999.000,9999.000,9999.000,9999.000,9999.000
202607180348,   1.923,9999.000,9999.000,9999.000,9999.000,9999.000,9999.000,9999.000,9999.000
202607180354,   1.843,9999.000,9999.000,9999.000,9999.000,9999.000,9999.000,9999.000,9999.000
202607180400,   1.771,9999.000,   0.300,  -0.129,   1.942,   0.300,   1.942,   0.400,   2.042
202607180406,   1.707,9999.000,9999.000,9999.000,9999.000,9999.000,9999.000,9999.000,9999.000
202607180412,   1.652,9999.000,9999.000,9999.000,9999.000,9999.000,9999.000,9999.000,9999.000
202607180418,   1.606,9999.000,9999.000,9999.000,9999.000,9999.000,9999.000,9999.000,9999.000
202607180424,   1.569,9999.000,9999.000,9999.000,9999.000,9999.000,9999.000,9999.000,9999.000
202607180430,   1.541,9999.000,9999.000,9999.000,9999.000,9999.000,9999.000,9999.000,9999.000
202607180436,   1.523,9999.000,9999.000,9999.000,9999.000,9999.000,9999.000,9999.000,9999.000
202607180442,   1.513,9999.000,9999.000,9999.000,9999.000,9999.000,9999.000,9999.000,9999.000
202607180448,   1.513,9999.000,9999.000,9999.000,9999.000,9999.000,9999.000,9999.000,9999.000
202607180454,   1.522,9999.000,9999.000,9999.000,9999.000,9999.000,9999.000,9999.000,9999.000
202607180500,   1.540,9999.000,   0.300,  -0.126,   1.714,   0.300,   1.714,   0.300,   1.714
202607180506,   1.568,9999.000,9999.000,9999.000,9999.000,9999.000,9999.000,9999.000,9999.000
202607180512,   1.604,9999.000,9999.000,9999.000,9999.000,9999.000,9999.000,9999.000,9999.000
202607180518,   1.650,9999.000,9999.000,9999.000,9999.000,9999.000,9999.000,9999.000,9999.000
202607180524,   1.705,9999.000,9999.000,9999.000,9999.000,9999.000,9999.000,9999.000,9999.000
202607180530,   1.768,9999.000,9999.000,9999.000,9999.000,9999.000,9999.000,9999.000,9999.000
202607180536,   1.840,9999.000,9999.000,9999.000,9999.000,9999.000,9999.000,9999.000,9999.000
202607180542,   1.920,9999.000,9999.000,9999.000,9999.000,9999.000,9999.000,9999.000,9999.000
202607180548,   2.008,9999.000,9999.000,9999.000,9999.000,9999.000,9999.000,9999.000,9999.000
202607180554,   2.105,9999.000,9999.000,9999.000,9999.000,9999.000,9999.000,9999.000,9999.000
202607180600,   2.209,9999.000,   0.300,  -0.123,   2.386,   0.300,   2.386,   0.300,   2.386
202607180606,   2.320,9999.000,9999.000,9999.000,9999.000,9999.000,9999.000,9999.000,9999.000
202607180612,   2.438,9999.000,9999.000,9999.000,9999.000,9999.000,9999.000,9999.000,9999.000
202607180618,   2.563,9999.000,9999.000,9999.000,9999.000,9999.000,9999.000,9999.000,9999.000
202607180624,   2.694,9999.000,9999.000,9999.000,9999.000,9999.000,9999.000,9999.000,9999.000
202607180630,   2.831,9999.000,9999.000,9999.000,9999.000,9999.000,9999.000,9999.000,9999.000
202607180636,   2.974,9999.000,9999.000,9999.000,9999.000,9999.000,9999.000,9999.000,9999.000
202607180642,   3.122,9999.000,9999.000,9999.000,9999.000,9999.000,9999.000,9999.000,9999.000
202607180648,   3.274,9999.000,9999.000,9999.000,9999.000,9999.000,9999.000,9999.000,9999.000
202607180654,   3.431,9999.000,9999.000,9999.000,9999.000,9999.000,9999.000,9999.000,9999.000
202607180700,   3.592,9999.000,   0.300,  -0.120,   3.772,   0.300,   3.772,   0.300,   3.772
202607180706,   3.756,9999.000,9999.000,9999.000,9999.000,9999.000,9999.000,9999.000,9999.000
202607180712,   3.923,9999.000,9999.000,9999.000,9999.000,9999.000,9999.000,9999.000,9999.000
202607180718,   4.093,9999.000,9999.000,9999.000,9999.000,9999.000,9999.000,9999.000,9999.000
202607180724,   4.264,9999.000,9999.000,9999.000,9999.000,9999.000,9999.000,9999.000,9999.000
202607180730,   4.437,9999.000,9999.000,9999.000,9999.000,9999.000,9999.000,9999.000,9999.000
202607180736,   4.611,9999.000,9999.000,9999.000,9999.000,9999.000,9999.000,9999.000,9999.000
202607180742,   4.785,9999.000,9999.000,9999.000,9999.000,9999.000,9999.000,9999.000,9999.000
202607180748,   4.959,9999.000,9999.000,9999.000,9999.000,9999.000,9999.000,9999.000,9999.000
202607180754,   5.133,9999.000,9999.000,9999.000,9999.000,9999.000,9999.000,9999.000,9999.000
202607180800,   5.305,9999.000,   0.300,  -0.110,   5.495,   0.300,   5.495,   0.300,   5.495
202607180806,   5.477,9999.000,9999.000,9999.000,9999.000,9999.000,9999.000,9999.000,9999.000
202607180812,   5.646,9999.000,9999.000,9999.000,9999.000,9999.000,9999.000,9999.000,9999.000
202607180818,   5.812,9999.000,9999.000,9999.000,9999.000,9999.000,9999.000,9999.000,9999.000
202607180824,   5.976,9999.000,9999.000,9999.000,9999.000,9999.000,9999.000,9999.000,9999.000
202607180830,   6.136,9999.000,9999.000,9999.000,9999.000,9999.000,9999.000,9999.000,9999.000
202607180836,   6.293,9999.000,9999.000,9999.000,9999.000,9999.000,9999.000,9999.000,9999.000
202607180842,   6.445,9999.000,9999.000,9999.000,9999.000,9999.000,9999.000,9999.000,9999.000
202607180848,   6.592,9999.000,9999.000,9999.000,9999.000,9999.000,9999.000,9999.000,9999.000
202607180854,   6.734,9999.000,9999.000,9999.000,9999.000,9999.000,9999.000,9999.000,9999.000
202607180900,   6.871,9999.000,   0.300,  -0.110,   7.061,   0.300,   7.061,   0.300,   7.061
202607180906,   7.001,9999.000,9999.000,9999.000,9999.000,9999.000,9999.000,9999.000,9999.000
202607180912,   7.126,9999.000,9999.000,9999.000,9999.000,9999.000,9999.000,9999.000,9999.000
202607180918,   7.243,9999.000,9999.000,9999.000,9999.000,9999.000,9999.000,9999.000,9999.000
202607180924,   7.353,9999.000,9999.000,9999.000,9999.000,9999.000,9999.000,9999.000,9999.000
202607180930,   7.456,9999.000,9999.000,9999.000,9999.000,9999.000,9999.000,9999.000,9999.000
202607180936,   7.551,9999.000,9999.000,9999.000,9999.000,9999.000,9999.000,9999.000,9999.000
202607180942,   7.638,9999.000,9999.000,9999.000,9999.000,9999.000,9999.000,9999.000,9999.000
202607180948,   7.716,9999.000,9999.000,9999.000,9999.000,9999.000,9999.000,9999.000,9999.000
202607180954,   7.786,9999.000,9999.000,9999.000,9999.000,9999.000,9999.000,9999.000,9999.000
202607181000,   7.847,9999.000,   0.400,  -0.110,   8.137,   0.300,   8.037,   0.400,   8.137
202607181006,   7.899,9999.000,9999.000,9999.000,9999.000,9999.000,9999.000,9999.000,9999.000
202607181012,   7.942,9999.000,9999.000,9999.000,9999.000,9999.000,9999.000,9999.000,9999.000
202607181018,   7.975,9999.000,9999.000,9999.000,9999.000,9999.000,9999.000,9999.000,9999.000
202607181024,   7.998,9999.000,9999.000,9999.000,9999.000,9999.000,9999.000,9999.000,9999.000
202607181030,   8.012,9999.000,9999.000,9999.000,9999.000,9999.000,9999.000,9999.000,9999.000
202607181036,   8.016,9999.000,9999.000,9999.000,9999.000,9999.000,9999.000,9999.000,9999.000
202607181042,   8.010,9999.000,9999.000,9999.000,9999.000,9999.000,9999.000,9999.000,9999.000
202607181048,   7.994,9999.000,9999.000,9999.000,9999.000,9999.000,9999.000,9999.000,9999.000
202607181054,   7.968,9999.000,9999.000,9999.000,9999.000,9999.000,9999.000,9999.000,9999.000
202607181100,   7.932,9999.000,   0.300,  -0.110,   8.122,   0.300,   8.122,   0.400,   8.222
202607181106,   7.886,9999.000,9999.000,9999.000,9999.000,9999.000,9999.000,9999.000,9999.000
202607181112,   7.830,9999.000,9999.000,9999.000,9999.000,9999.000,9999.000,9999.000,9999.000
202607181118,   7.764,9999.000,9999.000,9999.000,9999.000,9999.000,9999.000,9999.000,9999.000
202607181124,   7.688,9999.000,9999.000,9999.000,9999.000,9999.000,9999.000,9999.000,9999.000
202607181130,   7.602,9999.000,9999.000,9999.000,9999.000,9999.000,9999.000,9999.000,9999.000
202607181136,   7.507,9999.000,9999.000,9999.000,9999.000,9999.000,9999.000,9999.000,9999.000
202607181142,   7.403,9999.000,9999.000,9999.000,9999.000,9999.000,9999.000,9999.000,9999.000
202607181148,   7.290,9999.000,9999.000,9999.000,9999.000,9999.000,9999.000,9999.000,9999.000
202607181154,   7.167,9999.000,9999.000,9999.000,9999.000,9999.000,9999.000,9999.000,9999.000
202607181200,   7.036,9999.000,   0.300,  -0.110,   7.226,   0.200,   7.126,   0.300,   7.226
202607181206,   6.896,9999.000,9999.000,9999.000,9999.000,9999.000,9999.000,9999.000,9999.000
202607181212,   6.749,9999.000,9999.000,9999.000,9999.000,9999.000,9999.000,9999.000,9999.000
202607181218,   6.594,9999.000,9999.000,9999.000,9999.000,9999.000,9999.000,9999.000,9999.000
202607181224,   6.431,9999.000,9999.000,9999.000,9999.000,9999.000,9999.000,9999.000,9999.000
202607181230,   6.261,9999.000,9999.000,9999.000,9999.000,9999.000,9999.000,9999.000,9999.000
202607181236,   6.084,9999.000,9999.000,9999.000,9999.000,9999.000,9999.000,9999.000,9999.000
202607181242,   5.902,9999.000,9999.000,9999.000,9999.000,9999.000,9999.000,9999.000,9999.000
202607181248,   5.713,9999.000,9999.000,9999.000,9999.000,9999.000,9999.000,9999.000,9999.000
202607181254,   5.519,9999.000,9999.000,9999.000,9999.000,9999.000,9999.000,9999.000,9999.000
202607181300,   5.320,9999.000,   0.200,  -0.110,   5.410,   0.200,   5.410,   0.300,   5.510
202607181306,   5.116,9999.000,9999.000,9999.000,9999.000,9999.000,9999.000,9999.000,9999.000
202607181312,   4.909,9999.000,9999.000,9999.000,9999.000,9999.000,9999.000,9999.000,9999.000
202607181318,   4.698,9999.000,9999.000,9999.000,9999.000,9999.000,9999.000,9999.000,9999.000
202607181324,   4.484,9999.000,9999.000,9999.000,9999.000,9999.000,9999.000,9999.000,9999.000
202607181330,   4.267,9999.000,9999.000,9999.000,9999.000,9999.000,9999.000,9999.000,9999.000
202607181336,   4.048,9999.000,9999.000,9999.000,9999.000,9999.000,9999.000,9999.000,9999.000
202607181342,   3.828,9999.000,9999.000,9999.000,9999.000,9999.000,9999.000,9999.000,9999.000
202607181348,   3.607,9999.000,9999.000,9999.000,9999.000,9999.000,9999.000,9999.000,9999.000
202607181354,   3.386,9999.000,9999.000,9999.000,9999.000,9999.000,9999.000,9999.000,9999.000
202607181400,   3.165,9999.000,   0.300,  -0.110,   3.355,   0.200,   3.255,   0.300,   3.355
202607181406,   2.944,9999.000,9999.000,9999.000,9999.000,9999.000,9999.000,9999.000,9999.000
202607181412,   2.725,9999.000,9999.000,9999.000,9999.000,9999.000,9999.000,9999.000,9999.000
202607181418,   2.507,9999.000,9999.000,9999.000,9999.000,9999.000,9999.000,9999.000,9999.000
202607181424,   2.291,9999.000,9999.000,9999.000,9999.000,9999.000,9999.000,9999.000,9999.000
202607181430,   2.078,9999.000,9999.000,9999.000,9999.000,9999.000,9999.000,9999.000,9999.000
202607181436,   1.869,9999.000,9999.000,9999.000,9999.000,9999.000,9999.000,9999.000,9999.000
202607181442,   1.663,9999.000,9999.000,9999.000,9999.000,9999.000,9999.000,9999.000,9999.000
202607181448,   1.461,9999.000,9999.000,9999.000,9999.000,9999.000,9999.000,9999.000,9999.000
202607181454,   1.264,9999.000,9999.000,9999.000,9999.000,9999.000,9999.000,9999.000,9999.000
202607181500,   1.072,9999.000,   0.300,  -0.110,   1.262,   0.200,   1.162,   0.300,   1.262
202607181506,   0.886,9999.000,9999.000,9999.000,9999.000,9999.000,9999.000,9999.000,9999.000
202607181512,   0.706,9999.000,9999.000,9999.000,9999.000,9999.000,9999.000,9999.000,9999.000
202607181518,   0.532,9999.000,9999.000,9999.000,9999.000,9999.000,9999.000,9999.000,9999.000
202607181524,   0.366,9999.000,9999.000,9999.000,9999.000,9999.000,9999.000,9999.000,9999.000
202607181530,   0.206,9999.000,9999.000,9999.000,9999.000,9999.000,9999.000,9999.000,9999.000
202607181536,   0.054,9999.000,9999.000,9999.000,9999.000,9999.000,9999.000,9999.000,9999.000
202607181542,  -0.089,9999.000,9999.000,9999.000,9999.000,9999.000,9999.000,9999.000,9999.000
202607181548,  -0.224,9999.000,9999.000,9999.000,9999.000,9999.000,9999.000,9999.000,9999.000
202607181554,  -0.351,9999.000,9999.000,9999.000,9999.000,9999.000,9999.000,9999.000,9999.000
202607181600,  -0.469,9999.000,   0.200,  -0.110,  -0.379,   0.200,  -0.379,   0.300,  -0.279
202607181606,  -0.577,9999.000,9999.000,9999.000,9999.000,9999.000,9999.000,9999.000,9999.000
202607181612,  -0.676,9999.000,9999.000,9999.000,9999.000,9999.000,9999.000,9999.000,9999.000
202607181618,  -0.766,9999.000,9999.000,9999.000,9999.000,9999.000,9999.000,9999.000,9999.000
202607181624,  -0.845,9999.000,9999.000,9999.000,9999.000,9999.000,9999.000,9999.000,9999.000
202607181630,  -0.914,9999.000,9999.000,9999.000,9999.000,9999.000,9999.000,9999.000,9999.000
202607181636,  -0.973,9999.000,9999.000,9999.000,9999.000,9999.000,9999.000,9999.000,9999.000
202607181642,  -1.022,9999.000,9999.000,9999.000,9999.000,9999.000,9999.000,9999.000,9999.000
202607181648,  -1.060,9999.000,9999.000,9999.000,9999.000,9999.000,9999.000,9999.000,9999.000
202607181654,  -1.087,9999.000,9999.000,9999.000,9999.000,9999.000,9999.000,9999.000,9999.000
202607181700,  -1.103,9999.000,   0.200,  -0.110,  -1.013,   0.200,  -1.013,   0.200,  -1.013
202607181706,  -1.109,9999.000,9999.000,9999.000,9999.000,9999.000,9999.000,9999.000,9999.000
202607181712,  -1.103,9999.000,9999.000,9999.000,9999.000,9999.000,9999.000,9999.000,9999.000
202607181718,  -1.087,9999.000,9999.000,9999.000,9999.000,9999.000,9999.000,9999.000,9999.000
202607181724,  -1.061,9999.000,9999.000,9999.000,9999.000,9999.000,9999.000,9999.000,9999.000
202607181730,  -1.023,9999.000,9999.000,9999.000,9999.000,9999.000,9999.000,9999.000,9999.000
202607181736,  -0.975,9999.000,9999.000,9999.000,9999.000,9999.000,9999.000,9999.000,9999.000
202607181742,  -0.916,9999.000,9999.000,9999.000,9999.000,9999.000,9999.000,9999.000,9999.000
202607181748,  -0.847,9999.000,9999.000,9999.000,9999.000,9999.000,9999.000,9999.000,9999.000
202607181754,  -0.768,9999.000,9999.000,9999.000,9999.000,9999.000,9999.000,9999.000,9999.000
202607181800,  -0.679,9999.000,   0.200,  -0.110,  -0.589,   0.200,  -0.589,   0.200,  -0.589
202607181806,  -0.580,9999.000,9999.000,9999.000,9999.000,9999.000,9999.000,9999.000,9999.000
202607181812,  -0.471,9999.000,9999.000,9999.000,9999.000,9999.000,9999.000,9999.000,9999.000
202607181818,  -0.353,9999.000,9999.000,9999.000,9999.000,9999.000,9999.000,9999.000,9999.000
202607181824,  -0.226,9999.000,9999.000,9999.000,9999.000,9999.000,9999.000,9999.000,9999.000
202607181830,  -0.091,9999.000,9999.000,9999.000,9999.000,9999.000,9999.000,9999.000,9999.000
202607181836,   0.052,9999.000,9999.000,9999.000,9999.000,9999.000,9999.000,9999.000,9999.000
202607181842,   0.204,9999.000,9999.000,9999.000,9999.000,9999.000,9999.000,9999.000,9999.000
202607181848,   0.364,9999.000,9999.000,9999.000,9999.000,9999.000,9999.000,9999.000,9999.000
202607181854,   0.531,9999.000,9999.000,9999.000,9999.000,9999.000,9999.000,9999.000,9999.000
202607181900,   0.705,9999.000,   0.200,  -0.110,   0.795,   0.200,   0.795,   0.300,   0.895
202607181906,   0.885,9999.000,9999.000,9999.000,9999.000,9999.000,9999.000,9999.000,9999.000
202607181912,   1.072,9999.000,9999.000,9999.000,9999.000,9999.000,9999.000,9999.000,9999.000
202607181918,   1.264,9999.000,9999.000,9999.000,9999.000,9999.000,9999.000,9999.000,9999.000
202607181924,   1.461,9999.000,9999.000,9999.000,9999.000,9999.000,9999.000,9999.000,9999.000
202607181930,   1.662,9999.000,9999.000,9999.000,9999.000,9999.000,9999.000,9999.000,9999.000
202607181936,   1.868,9999.000,9999.000,9999.000,9999.000,9999.000,9999.000,9999.000,9999.000
202607181942,   2.077,9999.000,9999.000,9999.000,9999.000,9999.000,9999.000,9999.000,9999.000
202607181948,   2.290,9999.000,9999.000,9999.000,9999.000,9999.000,9999.000,9999.000,9999.000
202607181954,   2.505,9999.000,9999.000,9999.000,9999.000,9999.000,9999.000,9999.000,9999.000
202607182000,   2.722,9999.000,   0.200,  -0.110,   2.812,   0.200,   2.812,   0.200,   2.812
202607182006,   2.941,9999.000,9999.000,9999.000,9999.000,9999.000,9999.000,9999.000,9999.000
202607182012,   3.161,9999.000,9999.000,9999.000,9999.000,9999.000,9999.000,9999.000,9999.000
202607182018,   3.381,9999.000,9999.000,9999.000,9999.000,9999.000,9999.000,9999.000,9999.000
202607182024,   3.602,9999.000,9999.000,9999.000,9999.000,9999.000,9999.000,9999.000,9999.000
202607182030,   3.822,9999.000,9999.000,9999.000,9999.000,9999.000,9999.000,9999.000,9999.000
202607182036,   4.041,9999.000,9999.000,9999.000,9999.000,9999.000,9999.000,9999.000,9999.000
202607182042,   4.258,9999.000,9999.000,9999.000,9999.000,9999.000,9999.000,9999.000,9999.000
202607182048,   4.474,9999.000,9999.000,9999.000,9999.000,9999.000,9999.000,9999.000,9999.000
202607182054,   4.687,9999.000,9999.000,9999.000,9999.000,9999.000,9999.000,9999.000,9999.000
202607182100,   4.897,9999.000,   0.200,  -0.110,   4.987,   0.200,   4.987,   0.200,   4.987
202607182106,   5.103,9999.000,9999.000,9999.000,9999.000,9999.000,9999.000,9999.000,9999.000
202607182112,   5.306,9999.000,9999.000,9999.000,9999.000,9999.000,9999.000,9999.000,9999.000
202607182118,   5.505,9999.000,9999.000,9999.000,9999.000,9999.000,9999.000,9999.000,9999.000
202607182124,   5.698,9999.000,9999.000,9999.000,9999.000,9999.000,9999.000,9999.000,9999.000
202607182130,   5.887,9999.000,9999.000,9999.000,9999.000,9999.000,9999.000,9999.000,9999.000
202607182136,   6.069,9999.000,9999.000,9999.000,9999.000,9999.000,9999.000,9999.000,9999.000
202607182142,   6.246,9999.000,9999.000,9999.000,9999.000,9999.000,9999.000,9999.000,9999.000
202607182148,   6.416,9999.000,9999.000,9999.000,9999.000,9999.000,9999.000,9999.000,9999.000
202607182154,   6.580,9999.000,9999.000,9999.000,9999.000,9999.000,9999.000,9999.000,9999.000
202607182200,   6.736,9999.000,   0.200,  -0.110,   6.826,   0.200,   6.826,   0.200,   6.826
202607182206,   6.885,9999.000,9999.000,9999.000,9999.000,9999.000,9999.000,9999.000,9999.000
202607182212,   7.026,9999.000,9999.000,9999.000,9999.000,9999.000,9999.000,9999.000,9999.000
202607182218,   7.159,9999.000,9999.000,9999.000,9999.000,9999.000,9999.000,9999.000,9999.000
202607182224,   7.284,9999.000,9999.000,9999.000,9999.000,9999.000,9999.000,9999.000,9999.000
202607182230,   7.400,9999.000,9999.000,9999.000,9999.000,9999.000,9999.000,9999.000,9999.000
202607182236,   7.507,9999.000,9999.000,9999.000,9999.000,9999.000,9999.000,9999.000,9999.000
202607182242,   7.605,9999.000,9999.000,9999.000,9999.000,9999.000,9999.000,9999.000,9999.000
202607182248,   7.694,9999.000,9999.000,9999.000,9999.000,9999.000,9999.000,9999.000,9999.000
202607182254,   7.773,9999.000,9999.000,9999.000,9999.000,9999.000,9999.000,9999.000,9999.000
202607182300,   7.843,9999.000,   0.200,  -0.110,   7.933,   0.100,   7.833,   0.200,   7.933
202607182306,   7.903,9999.000,9999.000,9999.000,9999.000,9999.000,9999.000,9999.000,9999.000
202607182312,   7.953,9999.000,9999.000,9999.000,9999.000,9999.000,9999.000,9999.000,9999.000
202607182318,   7.994,9999.000,9999.000,9999.000,9999.000,9999.000,9999.000,9999.000,9999.000
202607182324,   8.024,9999.000,9999.000,9999.000,9999.000,9999.000,9999.000,9999.000,9999.000
202607182330,   8.045,9999.000,9999.000,9999.000,9999.000,9999.000,9999.000,9999.000,9999.000
202607182336,   8.056,9999.000,9999.000,9999.000,9999.000,9999.000,9999.000,9999.000,9999.000
202607182342,   8.056,9999.000,9999.000,9999.000,9999.000,9999.000,9999.000,9999.000,9999.000
202607182348,   8.047,9999.000,9999.000,9999.000,9999.000,9999.000,9999.000,9999.000,9999.000
202607182354,   8.028,9999.000,9999.000,9999.000,9999.000,9999.000,9999.000,9999.000,9999.000
202607190000,   8.000,9999.000,   0.200,  -0.110,   8.090,   0.100,   7.990,   0.200,   8.090
202607190006,   7.962,9999.000,9999.000,9999.000,9999.000,9999.000,9999.000,9999.000,9999.000
202607190012,   7.914,9999.000,9999.000,9999.000,9999.000,9999.000,9999.000,9999.000,9999.000
202607190018,   7.857,9999.000,9999.000,9999.000,9999.000,9999.000,9999.000,9999.000,9999.000
202607190024,   7.792,9999.000,9999.000,9999.000,9999.000,9999.000,9999.000,9999.000,9999.000
202607190030,   7.717,9999.000,9999.000,9999.000,9999.000,9999.000,9999.000,9999.000,9999.000
202607190036,   7.634,9999.000,9999.000,9999.000,9999.000,9999.000,9999.000,9999.000,9999.000
202607190042,   7.543,9999.000,9999.000,9999.000,9999.000,9999.000,9999.000,9999.000,9999.000
202607190048,   7.444,9999.000,9999.000,9999.000,9999.000,9999.000,9999.000,9999.000,9999.000
202607190054,   7.337,9999.000,9999.000,9999.000,9999.000,9999.000,9999.000,9999.000,9999.000
202607190100,   7.223,9999.000,   0.200,  -0.110,   7.313,   0.100,   7.213,   0.200,   7.313
202607190106,   7.101,9999.000,9999.000,9999.000,9999.000,9999.000,9999.000,9999.000,9999.000
202607190112,   6.974,9999.000,9999.000,9999.000,9999.000,9999.000,9999.000,9999.000,9999.000
202607190118,   6.840,9999.000,9999.000,9999.000,9999.000,9999.000,9999.000,9999.000,9999.000
202607190124,   6.700,9999.000,9999.000,9999.000,9999.000,9999.000,9999.000,9999.000,9999.000
202607190130,   6.555,9999.000,9999.000,9999.000,9999.000,9999.000,9999.000,9999.000,9999.000
202607190136,   6.405,9999.000,9999.000,9999.000,9999.000,9999.000,9999.000,9999.000,9999.000
202607190142,   6.250,9999.000,9999.000,9999.000,9999.000,9999.000,9999.000,9999.000,9999.000
202607190148,   6.092,9999.000,9999.000,9999.000,9999.000,9999.000,9999.000,9999.000,9999.000
202607190154,   5.929,9999.000,9999.000,9999.000,9999.000,9999.000,9999.000,9999.000,9999.000
202607190200,   5.764,9999.000,   0.200,  -0.110,   5.854,   0.100,   5.754,   0.200,   5.854
202607190206,   5.596,9999.000,9999.000,9999.000,9999.000,9999.000,9999.000,9999.000,9999.000
202607190212,   5.426,9999.000,9999.000,9999.000,9999.000,9999.000,9999.000,9999.000,9999.000
202607190218,   5.254,9999.000,9999.000,9999.000,9999.000,9999.000,9999.000,9999.000,9999.000
202607190224,   5.080,9999.000,9999.000,9999.000,9999.000,9999.000,9999.000,9999.000,9999.000
202607190230,   4.906,9999.000,9999.000,9999.000,9999.000,9999.000,9999.000,9999.000,9999.000
202607190236,   4.732,9999.000,9999.000,9999.000,9999.000,9999.000,9999.000,9999.000,9999.000
202607190242,   4.558,9999.000,9999.000,9999.000,9999.000,9999.000,9999.000,9999.000,9999.000
202607190248,   4.384,9999.000,9999.000,9999.000,9999.000,9999.000,9999.000,9999.000,9999.000
202607190254,   4.212,9999.000,9999.000,9999.000,9999.000,9999.000,9999.000,9999.000,9999.000
202607190300,   4.041,9999.000,   0.200,  -0.110,   4.131,   0.100,   4.031,   0.200,   4.131
202607190306,   3.872,9999.000,9999.000,9999.000,9999.000,9999.000,9999.000,9999.000,9999.000
202607190312,   3.706,9999.000,9999.000,9999.000,9999.000,9999.000,9999.000,9999.000,9999.000
202607190318,   3.543,9999.000,9999.000,9999.000,9999.000,9999.000,9999.000,9999.000,9999.000
202607190324,   3.382,9999.000,9999.000,9999.000,9999.000,9999.000,9999.000,9999.000,9999.000
202607190330,   3.226,9999.000,9999.000,9999.000,9999.000,9999.000,9999.000,9999.000,9999.000
202607190336,   3.074,9999.000,9999.000,9999.000,9999.000,9999.000,9999.000,9999.000,9999.000
202607190342,   2.926,9999.000,9999.000,9999.000,9999.000,9999.000,9999.000,9999.000,9999.000
202607190348,   2.783,9999.000,9999.000,9999.000,9999.000,9999.000,9999.000,9999.000,9999.000
202607190354,   2.645,9999.000,9999.000,9999.000,9999.000,9999.000,9999.000,9999.000,9999.000
202607190400,   2.513,9999.000,   0.100,  -0.110,   2.503,   0.100,   2.503,   0.100,   2.503
202607190406,   2.387,9999.000,9999.000,9999.000,9999.000,9999.000,9999.000,9999.000,9999.000
202607190412,   2.267,9999.000,9999.000,9999.000,9999.000,9999.000,9999.000,9999.000,9999.000
202607190418,   2.154,9999.000,9999.000,9999.000,9999.000,9999.000,9999.000,9999.000,9999.000
202607190424,   2.047,9999.000,9999.000,9999.000,9999.000,9999.000,9999.000,9999.000,9999.000
202607190430,   1.947,9999.000,9999.000,9999.000,9999.000,9999.000,9999.000,9999.000,9999.000
202607190436,   1.855,9999.000,9999.000,9999.000,9999.000,9999.000,9999.000,9999.000,9999.000
202607190442,   1.770,9999.000,9999.000,9999.000,9999.000,9999.000,9999.000,9999.000,9999.000
202607190448,   1.693,9999.000,9999.000,9999.000,9999.000,9999.000,9999.000,9999.000,9999.000
202607190454,   1.624,9999.000,9999.000,9999.000,9999.000,9999.000,9999.000,9999.000,9999.000
202607190500,   1.562,9999.000,   0.100,  -0.110,   1.552,   0.100,   1.552,   0.200,   1.652
202607190506,   1.509,9999.000,9999.000,9999.000,9999.000,9999.000,9999.000,9999.000,9999.000
202607190512,   1.464,9999.000,9999.000,9999.000,9999.000,9999.000,9999.000,9999.000,9999.000
202607190518,   1.428,9999.000,9999.000,9999.000,9999.000,9999.000,9999.000,9999.000,9999.000
202607190524,   1.400,9999.000,9999.000,9999.000,9999.000,9999.000,9999.000,9999.000,9999.000
202607190530,   1.380,9999.000,9999.000,9999.000,9999.000,9999.000,9999.000,9999.000,9999.000
202607190536,   1.369,9999.000,9999.000,9999.000,9999.000,9999.000,9999.000,9999.000,9999.000
202607190542,   1.367,9999.000,9999.000,9999.000,9999.000,9999.000,9999.000,9999.000,9999.000
202607190548,   1.373,9999.000,9999.000,9999.000,9999.000,9999.000,9999.000,9999.000,9999.000
202607190554,   1.387,9999.000,9999.000,9999.000,9999.000,9999.000,9999.000,9999.000,9999.000
202607190600,   1.410,9999.000,   0.200,  -0.110,   1.500,   0.100,   1.400,   0.200,   1.500
202607190606,   1.441,9999.000,9999.000,9999.000,9999.000,9999.000,9999.000,9999.000,9999.000
202607190612,   1.480,9999.000,9999.000,9999.000,9999.000,9999.000,9999.000,9999.000,9999.000
202607190618,   1.528,9999.000,9999.000,9999.000,9999.000,9999.000,9999.000,9999.000,9999.000
202607190624,   1.583,9999.000,9999.000,9999.000,9999.000,9999.000,9999.000,9999.000,9999.000
202607190630,   1.646,9999.000,9999.000,9999.000,9999.000,9999.000,9999.000,9999.000,9999.000
202607190636,   1.717,9999.000,9999.000,9999.000,9999.000,9999.000,9999.000,9999.000,9999.000
202607190642,   1.795,9999.000,9999.000,9999.000,9999.000,9999.000,9999.000,9999.000,9999.000
202607190648,   1.880,9999.000,9999.000,9999.000,9999.000,9999.000,9999.000,9999.000,9999.000
202607190654,   1.971,9999.000,9999.000,9999.000,9999.000,9999.000,9999.000,9999.000,9999.000
202607190700,   2.070,9999.000,   0.200,  -0.110,   2.160,   0.100,   2.060,   0.200,   2.160
202607190706,   2.174,9999.000,9999.000,9999.000,9999.000,9999.000,9999.000,9999.000,9999.000
202607190712,   2.285,9999.000,9999.000,9999.000,9999.000,9999.000,9999.000,9999.000,9999.000
202607190718,   2.401,9999.000,9999.000,9999.000,9999.000,9999.000,9999.000,9999.000,9999.000
202607190724,   2.522,9999.000,9999.000,9999.000,9999.000,9999.000,9999.000,9999.000,9999.000
202607190730,   2.648,9999.000,9999.000,9999.000,9999.000,9999.000,9999.000,9999.000,9999.000
202607190736,   2.779,9999.000,9999.000,9999.000,9999.000,9999.000,9999.000,9999.000,9999.000
202607190742,   2.914,9999.000,9999.000,9999.000,9999.000,9999.000,9999.000,9999.000,9999.000
202607190748,   3.052,9999.000,9999.000,9999.000,9999.000,9999.000,9999.000,9999.000,9999.000
202607190754,   3.194,9999.000,9999.000,9999.000,9999.000,9999.000,9999.000,9999.000,9999.000
202607190800,   3.339,9999.000,   0.100,  -0.110,   3.329,   0.100,   3.329,   0.200,   3.429
202607190806,   3.486,9999.000,9999.000,9999.000,9999.000,9999.000,9999.000,9999.000,9999.000
202607190812,   3.636,9999.000,9999.000,9999.000,9999.000,9999.000,9999.000,9999.000,9999.000
202607190818,   3.787,9999.000,9999.000,9999.000,9999.000,9999.000,9999.000,9999.000,9999.000
202607190824,   3.939,9999.000,9999.000,9999.000,9999.000,9999.000,9999.000,9999.000,9999.000
202607190830,   4.092,9999.000,9999.000,9999.000,9999.000,9999.000,9999.000,9999.000,9999.000
202607190836,   4.245,9999.000,9999.000,9999.000,9999.000,9999.000,9999.000,9999.000,9999.000
202607190842,   4.398,9999.000,9999.000,9999.000,9999.000,9999.000,9999.000,9999.000,9999.000
202607190848,   4.551,9999.000,9999.000,9999.000,9999.000,9999.000,9999.000,9999.000,9999.000
202607190854,   4.702,9999.000,9999.000,9999.000,9999.000,9999.000,9999.000,9999.000,9999.000
202607190900,   4.853,9999.000,   0.100,  -0.110,   4.843,   0.100,   4.843,   0.200,   4.943
202607190906,   5.001,9999.000,9999.000,9999.000,9999.000,9999.000,9999.000,9999.000,9999.000
202607190912,   5.147,9999.000,9999.000,9999.000,9999.000,9999.000,9999.000,9999.000,9999.000
202607190918,   5.290,9999.000,9999.000,9999.000,9999.000,9999.000,9999.000,9999.000,9999.000
202607190924,   5.431,9999.000,9999.000,9999.000,9999.000,9999.000,9999.000,9999.000,9999.000
202607190930,   5.568,9999.000,9999.000,9999.000,9999.000,9999.000,9999.000,9999.000,9999.000
202607190936,   5.700,9999.000,9999.000,9999.000,9999.000,9999.000,9999.000,9999.000,9999.000
202607190942,   5.829,9999.000,9999.000,9999.000,9999.000,9999.000,9999.000,9999.000,9999.000
202607190948,   5.953,9999.000,9999.000,9999.000,9999.000,9999.000,9999.000,9999.000,9999.000
202607190954,   6.072,9999.000,9999.000,9999.000,9999.000,9999.000,9999.000,9999.000,9999.000
202607191000,   6.186,9999.000,   0.200,  -0.110,   6.276,   0.200,   6.276,   0.300,   6.376
202607191006,   6.294,9999.000,9999.000,9999.000,9999.000,9999.000,9999.000,9999.000,9999.000
202607191012,   6.397,9999.000,9999.000,9999.000,9999.000,9999.000,9999.000,9999.000,9999.000
202607191018,   6.492,9999.000,9999.000,9999.000,9999.000,9999.000,9999.000,9999.000,9999.000
202607191024,   6.582,9999.000,9999.000,9999.000,9999.000,9999.000,9999.000,9999.000,9999.000
202607191030,   6.664,9999.000,9999.000,9999.000,9999.000,9999.000,9999.000,9999.000,9999.000
202607191036,   6.740,9999.000,9999.000,9999.000,9999.000,9999.000,9999.000,9999.000,9999.000
202607191042,   6.808,9999.000,9999.000,9999.000,9999.000,9999.000,9999.000,9999.000,9999.000
202607191048,   6.869,9999.000,9999.000,9999.000,9999.000,9999.000,9999.000,9999.000,9999.000
202607191054,   6.922,9999.000,9999.000,9999.000,9999.000,9999.000,9999.000,9999.000,9999.000
202607191100,   6.967,9999.000,   0.200,  -0.110,   7.057,   0.200,   7.057,   0.200,   7.057
202607191106,   7.004,9999.000,9999.000,9999.000,9999.000,9999.000,9999.000,9999.000,9999.000
202607191112,   7.033,9999.000,9999.000,9999.000,9999.000,9999.000,9999.000,9999.000,9999.000
202607191118,   7.054,9999.000,9999.000,9999.000,9999.000,9999.000,9999.000,9999.000,9999.000
202607191124,   7.066,9999.000,9999.000,9999.000,9999.000,9999.000,9999.000,9999.000,9999.000
202607191130,   7.069,9999.000,9999.000,9999.000,9999.000,9999.000,9999.000,9999.000,9999.000
202607191136,   7.064,9999.000,9999.000,9999.000,9999.000,9999.000,9999.000,9999.000,9999.000
202607191142,   7.051,9999.000,9999.000,9999.000,9999.000,9999.000,9999.000,9999.000,9999.000
202607191148,   7.029,9999.000,9999.000,9999.000,9999.000,9999.000,9999.000,9999.000,9999.000
202607191154,   6.998,9999.000,9999.000,9999.000,9999.000,9999.000,9999.000,9999.000,9999.000
202607191200,   6.959,9999.000,   0.200,  -0.110,   7.049,   0.100,   6.949,   0.200,   7.049
202607191206,   6.911,9999.000,9999.000,9999.000,9999.000,9999.000,9999.000,9999.000,9999.000
202607191212,   6.855,9999.000,9999.000,9999.000,9999.000,9999.000,9999.000,9999.000,9999.000
202607191218,   6.791,9999.000,9999.000,9999.000,9999.000,9999.000,9999.000,9999.000,9999.000
202607191224,   6.719,9999.000,9999.000,9999.000,9999.000,9999.000,9999.000,9999.000,9999.000
202607191230,   6.638,9999.000,9999.000,9999.000,9999.000,9999.000,9999.000,9999.000,9999.000
202607191236,   6.550,9999.000,9999.000,9999.000,9999.000,9999.000,9999.000,9999.000,9999.000
202607191242,   6.454,9999.000,9999.000,9999.000,9999.000,9999.000,9999.000,9999.000,9999.000
202607191248,   6.350,9999.000,9999.000,9999.000,9999.000,9999.000,9999.000,9999.000,9999.000
202607191254,   6.239,9999.000,9999.000,9999.000,9999.000,9999.000,9999.000,9999.000,9999.000
202607191300,   6.122,9999.000,   0.100,  -0.110,   6.112,   0.100,   6.112,   0.100,   6.112
202607191306,   5.998,9999.000,9999.000,9999.000,9999.000,9999.000,9999.000,9999.000,9999.000
202607191312,   5.867,9999.000,9999.000,9999.000,9999.000,9999.000,9999.000,9999.000,9999.000
202607191318,   5.730,9999.000,9999.000,9999.000,9999.000,9999.000,9999.000,9999.000,9999.000
202607191324,   5.588,9999.000,9999.000,9999.000,9999.000,9999.000,9999.000,9999.000,9999.000
202607191330,   5.440,9999.000,9999.000,9999.000,9999.000,9999.000,9999.000,9999.000,9999.000
202607191336,   5.288,9999.000,9999.000,9999.000,9999.000,9999.000,9999.000,9999.000,9999.000
202607191342,   5.130,9999.000,9999.000,9999.000,9999.000,9999.000,9999.000,9999.000,9999.000
202607191348,   4.969,9999.000,9999.000,9999.000,9999.000,9999.000,9999.000,9999.000,9999.000
202607191354,   4.804,9999.000,9999.000,9999.000,9999.000,9999.000,9999.000,9999.000,9999.000
202607191400,   4.635,9999.000,   0.200,  -0.110,   4.725,   0.100,   4.625,   0.200,   4.725
202607191406,   4.464,9999.000,9999.000,9999.000,9999.000,9999.000,9999.000,9999.000,9999.000
202607191412,   4.290,9999.000,9999.000,9999.000,9999.000,9999.000,9999.000,9999.000,9999.000
202607191418,   4.113,9999.000,9999.000,9999.000,9999.000,9999.000,9999.000,9999.000,9999.000
202607191424,   3.936,9999.000,9999.000,9999.000,9999.000,9999.000,9999.000,9999.000,9999.000
202607191430,   3.757,9999.000,9999.000,9999.000,9999.000,9999.000,9999.000,9999.000,9999.000
202607191436,   3.577,9999.000,9999.000,9999.000,9999.000,9999.000,9999.000,9999.000,9999.000
202607191442,   3.398,9999.000,9999.000,9999.000,9999.000,9999.000,9999.000,9999.000,9999.000
202607191448,   3.218,9999.000,9999.000,9999.000,9999.000,9999.000,9999.000,9999.000,9999.000
202607191454,   3.039,9999.000,9999.000,9999.000,9999.000,9999.000,9999.000,9999.000,9999.000
202607191500,   2.862,9999.000,   0.200,  -0.110,   2.952,   0.100,   2.852,   0.200,   2.952
202607191506,   2.686,9999.000,9999.000,9999.000,9999.000,9999.000,9999.000,9999.000,9999.000
202607191512,   2.512,9999.000,9999.000,9999.000,9999.000,9999.000,9999.000,9999.000,9999.000
202607191518,   2.340,9999.000,9999.000,9999.000,9999.000,9999.000,9999.000,9999.000,9999.000
202607191524,   2.171,9999.000,9999.000,9999.000,9999.000,9999.000,9999.000,9999.000,9999.000
202607191530,   2.006,9999.000,9999.000,9999.000,9999.000,9999.000,9999.000,9999.000,9999.000
202607191536,   1.845,9999.000,9999.000,9999.000,9999.000,9999.000,9999.000,9999.000,9999.000
202607191542,   1.687,9999.000,9999.000,9999.000,9999.000,9999.000,9999.000,9999.000,9999.000
202607191548,   1.534,9999.000,9999.000,9999.000,9999.000,9999.000,9999.000,9999.000,9999.000
202607191554,   1.386,9999.000,9999.000,9999.000,9999.000,9999.000,9999.000,9999.000,9999.000
202607191600,   1.244,9999.000,   0.100,  -0.110,   1.234,   0.100,   1.234,   0.200,   1.334
202607191606,   1.107,9999.000,9999.000,9999.000,9999.000,9999.000,9999.000,9999.000,9999.000
202607191612,   0.976,9999.000,9999.000,9999.000,9999.000,9999.000,9999.000,9999.000,9999.000
202607191618,   0.852,9999.000,9999.000,9999.000,9999.000,9999.000,9999.000,9999.000,9999.000
202607191624,   0.734,9999.000,9999.000,9999.000,9999.000,9999.000,9999.000,9999.000,9999.000
202607191630,   0.623,9999.000,9999.000,9999.000,9999.000,9999.000,9999.000,9999.000,9999.000
202607191636,   0.519,9999.000,9999.000,9999.000,9999.000,9999.000,9999.000,9999.000,9999.000
202607191642,   0.423,9999.000,9999.000,9999.000,9999.000,9999.000,9999.000,9999.000,9999.000
202607191648,   0.335,9999.000,9999.000,9999.000,9999.000,9999.000,9999.000,9999.000,9999.000
202607191654,   0.255,9999.000,9999.000,9999.000,9999.000,9999.000,9999.000,9999.000,9999.000
202607191700,   0.182,9999.000,   0.100,  -0.110,   0.172,   0.100,   0.172,   0.100,   0.172
202607191706,   0.119,9999.000,9999.000,9999.000,9999.000,9999.000,9999.000,9999.000,9999.000
202607191712,   0.063,9999.000,9999.000,9999.000,9999.000,9999.000,9999.000,9999.000,9999.000
202607191718,   0.017,9999.000,9999.000,9999.000,9999.000,9999.000,9999.000,9999.000,9999.000
202607191724,  -0.020,9999.000,9999.000,9999.000,9999.000,9999.000,9999.000,9999.000,9999.000
202607191730,  -0.048,9999.000,9999.000,9999.000,9999.000,9999.000,9999.000,9999.000,9999.000
202607191736,  -0.068,9999.000,9999.000,9999.000,9999.000,9999.000,9999.000,9999.000,9999.000
202607191742,  -0.079,9999.000,9999.000,9999.000,9999.000,9999.000,9999.000,9999.000,9999.000
202607191748,  -0.080,9999.000,9999.000,9999.000,9999.000,9999.000,9999.000,9999.000,9999.000
202607191754,  -0.072,9999.000,9999.000,9999.000,9999.000,9999.000,9999.000,9999.000,9999.000
202607191800,  -0.055,9999.000,   0.100,  -0.110,  -0.065,   0.100,  -0.065,   0.200,   0.035
202607191806,  -0.029,9999.000,9999.000,9999.000,9999.000,9999.000,9999.000,9999.000,9999.000
202607191812,   0.005,9999.000,9999.000,9999.000,9999.000,9999.000,9999.000,9999.000,9999.000
202607191818,   0.050,9999.000,9999.000,9999.000,9999.000,9999.000,9999.000,9999.000,9999.000
202607191824,   0.103,9999.000,9999.000,9999.000,9999.000,9999.000,9999.000,9999.000,9999.000
202607191830,   0.165,9999.000,9999.000,9999.000,9999.000,9999.000,9999.000,9999.000,9999.000
202607191836,   0.236,9999.000,9999.000,9999.000,9999.000,9999.000,9999.000,9999.000,9999.000
202607191842,   0.316,9999.000,9999.000,9999.000,9999.000,9999.000,9999.000,9999.000,9999.000
202607191848,   0.404,9999.000,9999.000,9999.000,9999.000,9999.000,9999.000,9999.000,9999.000
202607191854,   0.500,9999.000,9999.000,9999.000,9999.000,9999.000,9999.000,9999.000,9999.000
202607191900,   0.605,9999.000,   0.200,  -0.110,   0.695,   0.200,   0.695,   0.200,   0.695
202607191906,   0.717,9999.000,9999.000,9999.000,9999.000,9999.000,9999.000,9999.000,9999.000
202607191912,   0.836,9999.000,9999.000,9999.000,9999.000,9999.000,9999.000,9999.000,9999.000
202607191918,   0.963,9999.000,9999.000,9999.000,9999.000,9999.000,9999.000,9999.000,9999.000
202607191924,   1.097,9999.000,9999.000,9999.000,9999.000,9999.000,9999.000,9999.000,9999.000
202607191930,   1.237,9999.000,9999.000,9999.000,9999.000,9999.000,9999.000,9999.000,9999.000
202607191936,   1.384,9999.000,9999.000,9999.000,9999.000,9999.000,9999.000,9999.000,9999.000
202607191942,   1.537,9999.000,9999.000,9999.000,9999.000,9999.000,9999.000,9999.000,9999.000
202607191948,   1.695,9999.000,9999.000,9999.000,9999.000,9999.000,9999.000,9999.000,9999.000
202607191954,   1.859,9999.000,9999.000,9999.000,9999.000,9999.000,9999.000,9999.000,9999.000
202607192000,   2.027,9999.000,   0.200,  -0.110,   2.117,   0.100,   2.017,   0.200,   2.117
202607192006,   2.200,9999.000,9999.000,9999.000,9999.000,9999.000,9999.000,9999.000,9999.000
202607192012,   2.377,9999.000,9999.000,9999.000,9999.000,9999.000,9999.000,9999.000,9999.000
202607192018,   2.557,9999.000,9999.000,9999.000,9999.000,9999.000,9999.000,9999.000,9999.000
202607192024,   2.741,9999.000,9999.000,9999.000,9999.000,9999.000,9999.000,9999.000,9999.000
202607192030,   2.927,9999.000,9999.000,9999.000,9999.000,9999.000,9999.000,9999.000,9999.000
202607192036,   3.116,9999.000,9999.000,9999.000,9999.000,9999.000,9999.000,9999.000,9999.000
202607192042,   3.307,9999.000,9999.000,9999.000,9999.000,9999.000,9999.000,9999.000,9999.000
202607192048,   3.499,9999.000,9999.000,9999.000,9999.000,9999.000,9999.000,9999.000,9999.000
202607192054,   3.692,9999.000,9999.000,9999.000,9999.000,9999.000,9999.000,9999.000,9999.000
202607192100,   3.886,9999.000,   0.100,  -0.110,   3.876,   0.100,   3.876,   0.200,   3.976
202607192106,   4.079,9999.000,9999.000,9999.000,9999.000,9999.000,9999.000,9999.000,9999.000
202607192112,   4.272,9999.000,9999.000,9999.000,9999.000,9999.000,9999.000,9999.000,9999.000
202607192118,   4.465,9999.000,9999.000,9999.000,9999.000,9999.000,9999.000,9999.000,9999.000
202607192124,   4.656,9999.000,9999.000,9999.000,9999.000,9999.000,9999.000,9999.000,9999.000
202607192130,   4.845,9999.000,9999.000,9999.000,9999.000,9999.000,9999.000,9999.000,9999.000
202607192136,   5.033,9999.000,9999.000,9999.000,9999.000,9999.000,9999.000,9999.000,9999.000
202607192142,   5.218,9999.000,9999.000,9999.000,9999.000,9999.000,9999.000,9999.000,9999.000
202607192148,   5.399,9999.000,9999.000,9999.000,9999.000,9999.000,9999.000,9999.000,9999.000
202607192154,   5.578,9999.000,9999.000,9999.000,9999.000,9999.000,9999.000,9999.000,9999.000
202607192200,   5.752,9999.000,   0.100,  -0.110,   5.742,   0.100,   5.742,   0.200,   5.842
202607192206,   5.923,9999.000,9999.000,9999.000,9999.000,9999.000,9999.000,9999.000,9999.000
202607192212,   6.088,9999.000,9999.000,9999.000,9999.000,9999.000,9999.000,9999.000,9999.000
202607192218,   6.249,9999.000,9999.000,9999.000,9999.000,9999.000,9999.000,9999.000,9999.000
202607192224,   6.405,9999.000,9999.000,9999.000,9999.000,9999.000,9999.000,9999.000,9999.000
202607192230,   6.555,9999.000,9999.000,9999.000,9999.000,9999.000,9999.000,9999.000,9999.000
202607192236,   6.698,9999.000,9999.000,9999.000,9999.000,9999.000,9999.000,9999.000,9999.000
202607192242,   6.836,9999.000,9999.000,9999.000,9999.000,9999.000,9999.000,9999.000,9999.000
202607192248,   6.967,9999.000,9999.000,9999.000,9999.000,9999.000,9999.000,9999.000,9999.000
202607192254,   7.091,9999.000,9999.000,9999.000,9999.000,9999.000,9999.000,9999.000,9999.000
202607192300,   7.208,9999.000,   0.200,  -0.110,   7.298,   0.100,   7.198,   0.200,   7.298
202607192306,   7.317,9999.000,9999.000,9999.000,9999.000,9999.000,9999.000,9999.000,9999.000
202607192312,   7.419,9999.000,9999.000,9999.000,9999.000,9999.000,9999.000,9999.000,9999.000
202607192318,   7.513,9999.000,9999.000,9999.000,9999.000,9999.000,9999.000,9999.000,9999.000
202607192324,   7.599,9999.000,9999.000,9999.000,9999.000,9999.000,9999.000,9999.000,9999.000
202607192330,   7.677,9999.000,9999.000,9999.000,9999.000,9999.000,9999.000,9999.000,9999.000
202607192336,   7.746,9999.000,9999.000,9999.000,9999.000,9999.000,9999.000,9999.000,9999.000
202607192342,   7.807,9999.000,9999.000,9999.000,9999.000,9999.000,9999.000,9999.000,9999.000
202607192348,   7.859,9999.000,9999.000,9999.000,9999.000,9999.000,9999.000,9999.000,9999.000
202607192354,   7.902,9999.000,9999.000,9999.000,9999.000,9999.000,9999.000,9999.000,9999.000
202607200000,   7.937,9999.000,   0.200,  -0.110,   8.027,   0.100,   7.927,   0.200,   8.027
202607200006,   7.962,9999.000,9999.000,9999.000,9999.000,9999.000,9999.000,9999.000,9999.000
202607200012,   7.979,9999.000,9999.000,9999.000,9999.000,9999.000,9999.000,9999.000,9999.000
202607200018,   7.986,9999.000,9999.000,9999.000,9999.000,9999.000,9999.000,9999.000,9999.000
202607200024,   7.985,9999.000,9999.000,9999.000,9999.000,9999.000,9999.000,9999.000,9999.000
202607200030,   7.974,9999.000,9999.000,9999.000,9999.000,9999.000,9999.000,9999.000,9999.000
202607200036,   7.955,9999.000,9999.000,9999.000,9999.000,9999.000,9999.000,9999.000,9999.000
202607200042,   7.927,9999.000,9999.000,9999.000,9999.000,9999.000,9999.000,9999.000,9999.000
202607200048,   7.891,9999.000,9999.000,9999.000,9999.000,9999.000,9999.000,9999.000,9999.000
202607200054,   7.845,9999.000,9999.000,9999.000,9999.000,9999.000,9999.000,9999.000,9999.000
202607200100,   7.792,9999.000,   0.200,  -0.110,   7.882,   0.100,   7.782,   0.200,   7.882
202607200106,   7.730,9999.000,9999.000,9999.000,9999.000,9999.000,9999.000,9999.000,9999.000
202607200112,   7.660,9999.000,9999.000,9999.000,9999.000,9999.000,9999.000,9999.000,9999.000
202607200118,   7.582,9999.000,9999.000,9999.000,9999.000,9999.000,9999.000,9999.000,9999.000
202607200124,   7.496,9999.000,9999.000,9999.000,9999.000,9999.000,9999.000,9999.000,9999.000
202607200130,   7.403,9999.000,9999.000,9999.000,9999.000,9999.000,9999.000,9999.000,9999.000
202607200136,   7.303,9999.000,9999.000,9999.000,9999.000,9999.000,9999.000,9999.000,9999.000
202607200142,   7.196,9999.000,9999.000,9999.000,9999.000,9999.000,9999.000,9999.000,9999.000
202607200148,   7.083,9999.000,9999.000,9999.000,9999.000,9999.000,9999.000,9999.000,9999.000
202607200154,   6.963,9999.000,9999.000,9999.000,9999.000,9999.000,9999.000,9999.000,9999.000
202607200200,   6.837,9999.000,   0.200,  -0.110,   6.927,   0.100,   6.827,   0.200,   6.927
202607200206,   6.706,9999.000,9999.000,9999.000,9999.000,9999.000,9999.000,9999.000,9999.000
202607200212,   6.570,9999.000,9999.000,9999.000,9999.000,9999.000,9999.000,9999.000,9999.000
202607200218,   6.429,9999.000,9999.000,9999.000,9999.000,9999.000,9999.000,9999.000,9999.000
202607200224,   6.283,9999.000,9999.000,9999.000,9999.000,9999.000,9999.000,9999.000,9999.000
202607200230,   6.133,9999.000,9999.000,9999.000,9999.000,9999.000,9999.000,9999.000,9999.000
202607200236,   5.980,9999.000,9999.000,9999.000,9999.000,9999.000,9999.000,9999.000,9999.000
202607200242,   5.823,9999.000,9999.000,9999.000,9999.000,9999.000,9999.000,9999.000,9999.000
202607200248,   5.664,9999.000,9999.000,9999.000,9999.000,9999.000,9999.000,9999.000,9999.000
202607200254,   5.502,9999.000,9999.000,9999.000,9999.000,9999.000,9999.000,9999.000,9999.000
202607200300,   5.338,9999.000,   0.200,  -0.110,   5.428,   0.100,   5.328,   0.200,   5.428
202607200306,   5.173,9999.000,9999.000,9999.000,9999.000,9999.000,9999.000,9999.000,9999.000
202607200312,   5.007,9999.000,9999.000,9999.000,9999.000,9999.000,9999.000,9999.000,9999.000
202607200318,   4.839,9999.000,9999.000,9999.000,9999.000,9999.000,9999.000,9999.000,9999.000
202607200324,   4.672,9999.000,9999.000,9999.000,9999.000,9999.000,9999.000,9999.000,9999.000
202607200330,   4.505,9999.000,9999.000,9999.000,9999.000,9999.000,9999.000,9999.000,9999.000
202607200336,   4.338,9999.000,9999.000,9999.000,9999.000,9999.000,9999.000,9999.000,9999.000
202607200342,   4.172,9999.000,9999.000,9999.000,9999.000,9999.000,9999.000,9999.000,9999.000
202607200348,   4.008,9999.000,9999.000,9999.000,9999.000,9999.000,9999.000,9999.000,9999.000
202607200354,   3.845,9999.000,9999.000,9999.000,9999.000,9999.000,9999.000,9999.000,9999.000
202607200400,   3.684,9999.000,   0.200,  -0.110,   3.774,   0.100,   3.674,   0.200,   3.774
202607200406,   3.526,9999.000,9999.000,9999.000,9999.000,9999.000,9999.000,9999.000,9999.000
202607200412,   3.371,9999.000,9999.000,9999.000,9999.000,9999.000,9999.000,9999.000,9999.000
202607200418,   3.219,9999.000,9999.000,9999.000,9999.000,9999.000,9999.000,9999.000,9999.000
202607200424,   3.071,9999.000,9999.000,9999.000,9999.000,9999.000,9999.000,9999.000,9999.000
202607200430,   2.927,9999.000,9999.000,9999.000,9999.000,9999.000,9999.000,9999.000,9999.000
202607200436,   2.787,9999.000,9999.000,9999.000,9999.000,9999.000,9999.000,9999.000,9999.000
202607200442,   2.651,9999.000,9999.000,9999.000,9999.000,9999.000,9999.000,9999.000,9999.000
202607200448,   2.521,9999.000,9999.000,9999.000,9999.000,9999.000,9999.000,9999.000,9999.000
202607200454,   2.396,9999.000,9999.000,9999.000,9999.000,9999.000,9999.000,9999.000,9999.000
202607200500,   2.276,9999.000,   0.200,  -0.110,   2.366,   0.100,   2.266,   0.200,   2.366
202607200506,   2.162,9999.000,9999.000,9999.000,9999.000,9999.000,9999.000,9999.000,9999.000
202607200512,   2.053,9999.000,9999.000,9999.000,9999.000,9999.000,9999.000,9999.000,9999.000
202607200518,   1.951,9999.000,9999.000,9999.000,9999.000,9999.000,9999.000,9999.000,9999.000
202607200524,   1.856,9999.000,9999.000,9999.000,9999.000,9999.000,9999.000,9999.000,9999.000
202607200530,   1.767,9999.000,9999.000,9999.000,9999.000,9999.000,9999.000,9999.000,9999.000
202607200536,   1.685,9999.000,9999.000,9999.000,9999.000,9999.000,9999.000,9999.000,9999.000
202607200542,   1.609,9999.000,9999.000,9999.000,9999.000,9999.000,9999.000,9999.000,9999.000
202607200548,   1.541,9999.000,9999.000,9999.000,9999.000,9999.000,9999.000,9999.000,9999.000
202607200554,   1.480,9999.000,9999.000,9999.000,9999.000,9999.000,9999.000,9999.000,9999.000
202607200600,   1.426,9999.000,   0.200,  -0.110,   1.516,   0.200,   1.516,   0.200,   1.516
202607200606,   1.380,9999.000,9999.000,9999.000,9999.000,9999.000,9999.000,9999.000,9999.000
202607200612,   1.341,9999.000,9999.000,9999.000,9999.000,9999.000,9999.000,9999.000,9999.000
202607200618,   1.310,9999.000,9999.000,9999.000,9999.000,9999.000,9999.000,9999.000,9999.000
202607200624,   1.286,9999.000,9999.000,9999.000,9999.000,9999.000,9999.000,9999.000,9999.000
202607200630,   1.270,9999.000,9999.000,9999.000,9999.000,9999.000,9999.000,9999.000,9999.000
202607200636,   1.261,9999.000,9999.000,9999.000,9999.000,9999.000,9999.000,9999.000,9999.000
202607200642,   1.260,9999.000,9999.000,9999.000,9999.000,9999.000,9999.000,9999.000,9999.000
202607200648,   1.267,9999.000,9999.000,9999.000,9999.000,9999.000,9999.000,9999.000,9999.000
202607200654,   1.281,9999.000,9999.000,9999.000,9999.000,9999.000,9999.000,9999.000,9999.000
202607200700,   1.302,9999.000,   0.200,  -0.110,   1.392,   0.200,   1.392,   0.200,   1.392
202607200706,   1.330,9999.000,9999.000,9999.000,9999.000,9999.000,9999.000,9999.000,9999.000
202607200712,   1.366,9999.000,9999.000,9999.000,9999.000,9999.000,9999.000,9999.000,9999.000
202607200718,   1.408,9999.000,9999.000,9999.000,9999.000,9999.000,9999.000,9999.000,9999.000
202607200724,   1.458,9999.000,9999.000,9999.000,9999.000,9999.000,9999.000,9999.000,9999.000
202607200730,   1.514,9999.000,9999.000,9999.000,9999.000,9999.000,9999.000,9999.000,9999.000
202607200736,   1.577,9999.000,9999.000,9999.000,9999.000,9999.000,9999.000,9999.000,9999.000
202607200742,   1.645,9999.000,9999.000,9999.000,9999.000,9999.000,9999.000,9999.000,9999.000
202607200748,   1.720,9999.000,9999.000,9999.000,9999.000,9999.000,9999.000,9999.000,9999.000
202607200754,   1.801,9999.000,9999.000,9999.000,9999.000,9999.000,9999.000,9999.000,9999.000
202607200800,   1.887,9999.000,   0.200,  -0.110,   1.977,   0.200,   1.977,   0.200,   1.977
202607200806,   1.978,9999.000,9999.000,9999.000,9999.000,9999.000,9999.000,9999.000,9999.000
202607200812,   2.075,9999.000,9999.000,9999.000,9999.000,9999.000,9999.000,9999.000,9999.000
202607200818,   2.176,9999.000,9999.000,9999.000,9999.000,9999.000,9999.000,9999.000,9999.000
202607200824,   2.281,9999.000,9999.000,9999.000,9999.000,9999.000,9999.000,9999.000,9999.000
202607200830,   2.390,9999.000,9999.000,9999.000,9999.000,9999.000,9999.000,9999.000,9999.000
202607200836,   2.503,9999.000,9999.000,9999.000,9999.000,9999.000,9999.000,9999.000,9999.000
202607200842,   2.620,9999.000,9999.000,9999.000,9999.000,9999.000,9999.000,9999.000,9999.000
202607200848,   2.739,9999.000,9999.000,9999.000,9999.000,9999.000,9999.000,9999.000,9999.000
202607200854,   2.861,9999.000,9999.000,9999.000,9999.000,9999.000,9999.000,9999.000,9999.000
202607200900,   2.986,9999.000,   0.200,  -0.110,   3.076,   0.200,   3.076,   0.300,   3.176
202607200906,   3.112,9999.000,9999.000,9999.000,9999.000,9999.000,9999.000,9999.000,9999.000
202607200912,   3.240,9999.000,9999.000,9999.000,9999.000,9999.000,9999.000,9999.000,9999.000
202607200918,   3.369,9999.000,9999.000,9999.000,9999.000,9999.000,9999.000,9999.000,9999.000
202607200924,   3.498,9999.000,9999.000,9999.000,9999.000,9999.000,9999.000,9999.000,9999.000
202607200930,   3.629,9999.000,9999.000,9999.000,9999.000,9999.000,9999.000,9999.000,9999.000
202607200936,   3.759,9999.000,9999.000,9999.000,9999.000,9999.000,9999.000,9999.000,9999.000
202607200942,   3.889,9999.000,9999.000,9999.000,9999.000,9999.000,9999.000,9999.000,9999.000
202607200948,   4.018,9999.000,9999.000,9999.000,9999.000,9999.000,9999.000,9999.000,9999.000
202607200954,   4.147,9999.000,9999.000,9999.000,9999.000,9999.000,9999.000,9999.000,9999.000
202607201000,   4.274,9999.000,   0.300,  -0.110,   4.464,   0.200,   4.364,   0.300,   4.464
202607201006,   4.399,9999.000,9999.000,9999.000,9999.000,9999.000,9999.000,9999.000,9999.000
202607201012,   4.522,9999.000,9999.000,9999.000,9999.000,9999.000,9999.000,9999.000,9999.000
202607201018,   4.643,9999.000,9999.000,9999.000,9999.000,9999.000,9999.000,9999.000,9999.000
202607201024,   4.760,9999.000,9999.000,9999.000,9999.000,9999.000,9999.000,9999.000,9999.000
202607201030,   4.875,9999.000,9999.000,9999.000,9999.000,9999.000,9999.000,9999.000,9999.000
202607201036,   4.987,9999.000,9999.000,9999.000,9999.000,9999.000,9999.000,9999.000,9999.000
202607201042,   5.094,9999.000,9999.000,9999.000,9999.000,9999.000,9999.000,9999.000,9999.000
202607201048,   5.198,9999.000,9999.000,9999.000,9999.000,9999.000,9999.000,9999.000,9999.000
202607201054,   5.297,9999.000,9999.000,9999.000,9999.000,9999.000,9999.000,9999.000,9999.000
202607201100,   5.392,9999.000,   0.300,  -0.110,   5.582,   0.200,   5.482,   0.300,   5.582
202607201106,   5.482,9999.000,9999.000,9999.000,9999.000,9999.000,9999.000,9999.000,9999.000
202607201112,   5.567,9999.000,9999.000,9999.000,9999.000,9999.000,9999.000,9999.000,9999.000
202607201118,   5.646,9999.000,9999.000,9999.000,9999.000,9999.000,9999.000,9999.000,9999.000
202607201124,   5.720,9999.000,9999.000,9999.000,9999.000,9999.000,9999.000,9999.000,9999.000
202607201130,   5.789,9999.000,9999.000,9999.000,9999.000,9999.000,9999.000,9999.000,9999.000
202607201136,   5.851,9999.000,9999.000,9999.000,9999.000,9999.000,9999.000,9999.000,9999.000
202607201142,   5.907,9999.000,9999.000,9999.000,9999.000,9999.000,9999.000,9999.000,9999.000
202607201148,   5.957,9999.000,9999.000,9999.000,9999.000,9999.000,9999.000,9999.000,9999.000
202607201154,   6.000,9999.000,9999.000,9999.000,9999.000,9999.000,9999.000,9999.000,9999.000
202607201200,   6.037,9999.000,   0.200,  -0.110,   6.127,   0.200,   6.127,   0.300,   6.227
202607201206,   6.067,9999.000,9999.000,9999.000,9999.000,9999.000,9999.000,9999.000,9999.000
202607201212,   6.091,9999.000,9999.000,9999.000,9999.000,9999.000,9999.000,9999.000,9999.000
202607201218,   6.107,9999.000,9999.000,9999.000,9999.000,9999.000,9999.000,9999.000,9999.000
202607201224,   6.117,9999.000,9999.000,9999.000,9999.000,9999.000,9999.000,9999.000,9999.000
202607201230,   6.119,9999.000,9999.000,9999.000,9999.000,9999.000,9999.000,9999.000,9999.000
202607201236,   6.115,9999.000,9999.000,9999.000,9999.000,9999.000,9999.000,9999.000,9999.000
202607201242,   6.104,9999.000,9999.000,9999.000,9999.000,9999.000,9999.000,9999.000,9999.000
202607201248,   6.086,9999.000,9999.000,9999.000,9999.000,9999.000,9999.000,9999.000,9999.000
202607201254,   6.060,9999.000,9999.000,9999.000,9999.000,9999.000,9999.000,9999.000,9999.000
202607201300,   6.028,9999.000,   0.200,  -0.110,   6.118,   0.200,   6.118,   0.300,   6.218
202607201306,   5.989,9999.000,9999.000,9999.000,9999.000,9999.000,9999.000,9999.000,9999.000
202607201312,   5.944,9999.000,9999.000,9999.000,9999.000,9999.000,9999.000,9999.000,9999.000
202607201318,   5.891,9999.000,9999.000,9999.000,9999.000,9999.000,9999.000,9999.000,9999.000
202607201324,   5.833,9999.000,9999.000,9999.000,9999.000,9999.000,9999.000,9999.000,9999.000
202607201330,   5.768,9999.000,9999.000,9999.000,9999.000,9999.000,9999.000,9999.000,9999.000
202607201336,   5.696,9999.000,9999.000,9999.000,9999.000,9999.000,9999.000,9999.000,9999.000
202607201342,   5.619,9999.000,9999.000,9999.000,9999.000,9999.000,9999.000,9999.000,9999.000
202607201348,   5.537,9999.000,9999.000,9999.000,9999.000,9999.000,9999.000,9999.000,9999.000
202607201354,   5.448,9999.000,9999.000,9999.000,9999.000,9999.000,9999.000,9999.000,9999.000
202607201400,   5.354,9999.000,   0.300,  -0.110,   5.544,   0.200,   5.444,   0.300,   5.544
202607201406,   5.256,9999.000,9999.000,9999.000,9999.000,9999.000,9999.000,9999.000,9999.000
202607201412,   5.152,9999.000,9999.000,9999.000,9999.000,9999.000,9999.000,9999.000,9999.000
202607201418,   5.044,9999.000,9999.000,9999.000,9999.000,9999.000,9999.000,9999.000,9999.000
202607201424,   4.932,9999.000,9999.000,9999.000,9999.000,9999.000,9999.000,9999.000,9999.000
202607201430,   4.816,9999.000,9999.000,9999.000,9999.000,9999.000,9999.000,9999.000,9999.000
202607201436,   4.697,9999.000,9999.000,9999.000,9999.000,9999.000,9999.000,9999.000,9999.000
202607201442,   4.574,9999.000,9999.000,9999.000,9999.000,9999.000,9999.000,9999.000,9999.000
202607201448,   4.449,9999.000,9999.000,9999.000,9999.000,9999.000,9999.000,9999.000,9999.000
202607201454,   4.321,9999.000,9999.000,9999.000,9999.000,9999.000,9999.000,9999.000,9999.000
202607201500,   4.191,9999.000,   0.300,  -0.110,   4.381,   0.200,   4.281,   0.300,   4.381
202607201506,   4.059,9999.000,9999.000,9999.000,9999.000,9999.000,9999.000,9999.000,9999.000
202607201512,   3.926,9999.000,9999.000,9999.000,9999.000,9999.000,9999.000,9999.000,9999.000
202607201518,   3.791,9999.000,9999.000,9999.000,9999.000,9999.000,9999.000,9999.000,9999.000
202607201524,   3.656,9999.000,9999.000,9999.000,9999.000,9999.000,9999.000,9999.000,9999.000
202607201530,   3.521,9999.000,9999.000,9999.000,9999.000,9999.000,9999.000,9999.000,9999.000
202607201536,   3.386,9999.000,9999.000,9999.000,9999.000,9999.000,9999.000,9999.000,9999.000
202607201542,   3.252,9999.000,9999.000,9999.000,9999.000,9999.000,9999.000,9999.000,9999.000
202607201548,   3.118,9999.000,9999.000,9999.000,9999.000,9999.000,9999.000,9999.000,9999.000
202607201554,   2.985,9999.000,9999.000,9999.000,9999.000,9999.000,9999.000,9999.000,9999.000
202607201600,   2.854,9999.000,   0.200,  -0.110,   2.944,   0.100,   2.844,   0.300,   3.044
202607201606,   2.725,9999.000,9999.000,9999.000,9999.000,9999.000,9999.000,9999.000,9999.000
202607201612,   2.599,9999.000,9999.000,9999.000,9999.000,9999.000,9999.000,9999.000,9999.000
202607201618,   2.475,9999.000,9999.000,9999.000,9999.000,9999.000,9999.000,9999.000,9999.000
202607201624,   2.354,9999.000,9999.000,9999.000,9999.000,9999.000,9999.000,9999.000,9999.000
202607201630,   2.236,9999.000,9999.000,9999.000,9999.000,9999.000,9999.000,9999.000,9999.000
202607201636,   2.122,9999.000,9999.000,9999.000,9999.000,9999.000,9999.000,9999.000,9999.000
202607201642,   2.012,9999.000,9999.000,9999.000,9999.000,9999.000,9999.000,9999.000,9999.000
202607201648,   1.907,9999.000,9999.000,9999.000,9999.000,9999.000,9999.000,9999.000,9999.000
202607201654,   1.806,9999.000,9999.000,9999.000,9999.000,9999.000,9999.000,9999.000,9999.000
202607201700,   1.709,9999.000,   0.200,  -0.110,   1.799,   0.200,   1.799,   0.300,   1.899
202607201706,   1.618,9999.000,9999.000,9999.000,9999.000,9999.000,9999.000,9999.000,9999.000
202607201712,   1.533,9999.000,9999.000,9999.000,9999.000,9999.000,9999.000,9999.000,9999.000
202607201718,   1.452,9999.000,9999.000,9999.000,9999.000,9999.000,9999.000,9999.000,9999.000
202607201724,   1.378,9999.000,9999.000,9999.000,9999.000,9999.000,9999.000,9999.000,9999.000
202607201730,   1.310,9999.000,9999.000,9999.000,9999.000,9999.000,9999.000,9999.000,9999.000
202607201736,   1.248,9999.000,9999.000,9999.000,9999.000,9999.000,9999.000,9999.000,9999.000
202607201742,   1.192,9999.000,9999.000,9999.000,9999.000,9999.000,9999.000,9999.000,9999.000
202607201748,   1.143,9999.000,9999.000,9999.000,9999.000,9999.000,9999.000,9999.000,9999.000
202607201754,   1.101,9999.000,9999.000,9999.000,9999.000,9999.000,9999.000,9999.000,9999.000
202607201800,   1.066,9999.000,   0.300,  -0.110,   1.256,   0.200,   1.156,   0.300,   1.256
202607201806,   1.038,9999.000,9999.000,9999.000,9999.000,9999.000,9999.000,9999.000,9999.000
202607201812,   1.017,9999.000,9999.000,9999.000,9999.000,9999.000,9999.000,9999.000,9999.000
202607201818,   1.003,9999.000,9999.000,9999.000,9999.000,9999.000,9999.000,9999.000,9999.000
202607201824,   0.997,9999.000,9999.000,9999.000,9999.000,9999.000,9999.000,9999.000,9999.000
202607201830,   0.997,9999.000,9999.000,9999.000,9999.000,9999.000,9999.000,9999.000,9999.000
202607201836,   1.006,9999.000,9999.000,9999.000,9999.000,9999.000,9999.000,9999.000,9999.000
202607201842,   1.021,9999.000,9999.000,9999.000,9999.000,9999.000,9999.000,9999.000,9999.000
202607201848,   1.044,9999.000,9999.000,9999.000,9999.000,9999.000,9999.000,9999.000,9999.000
202607201854,   1.075,9999.000,9999.000,9999.000,9999.000,9999.000,9999.000,9999.000,9999.000
202607201900,   1.113,9999.000,   0.300,  -0.110,   1.303,   0.200,   1.203,   0.400,   1.403
202607201906,   1.158,9999.000,9999.000,9999.000,9999.000,9999.000,9999.000,9999.000,9999.000
202607201912,   1.211,9999.000,9999.000,9999.000,9999.000,9999.000,9999.000,9999.000,9999.000
202607201918,   1.270,9999.000,9999.000,9999.000,9999.000,9999.000,9999.000,9999.000,9999.000
202607201924,   1.337,9999.000,9999.000,9999.000,9999.000,9999.000,9999.000,9999.000,9999.000
202607201930,   1.411,9999.000,9999.000,9999.000,9999.000,9999.000,9999.000,9999.000,9999.000
202607201936,   1.491,9999.000,9999.000,9999.000,9999.000,9999.000,9999.000,9999.000,9999.000
202607201942,   1.578,9999.000,9999.000,9999.000,9999.000,9999.000,9999.000,9999.000,9999.000
202607201948,   1.672,9999.000,9999.000,9999.000,9999.000,9999.000,9999.000,9999.000,9999.000
202607201954,   1.772,9999.000,9999.000,9999.000,9999.000,9999.000,9999.000,9999.000,9999.000
202607202000,   1.877,9999.000,   0.300,  -0.110,   2.067,   0.200,   1.967,   0.300,   2.067
202607202006,   1.989,9999.000,9999.000,9999.000,9999.000,9999.000,9999.000,9999.000,9999.000
202607202012,   2.106,9999.000,9999.000,9999.000,9999.000,9999.000,9999.000,9999.000,9999.000
202607202018,   2.229,9999.000,9999.000,9999.000,9999.000,9999.000,9999.000,9999.000,9999.000
202607202024,   2.357,9999.000,9999.000,9999.000,9999.000,9999.000,9999.000,9999.000,9999.000
202607202030,   2.489,9999.000,9999.000,9999.000,9999.000,9999.000,9999.000,9999.000,9999.000
202607202036,   2.626,9999.000,9999.000,9999.000,9999.000,9999.000,9999.000,9999.000,9999.000
202607202042,   2.767,9999.000,9999.000,9999.000,9999.000,9999.000,9999.000,9999.000,9999.000
202607202048,   2.911,9999.000,9999.000,9999.000,9999.000,9999.000,9999.000,9999.000,9999.000
202607202054,   3.060,9999.000,9999.000,9999.000,9999.000,9999.000,9999.000,9999.000,9999.000
202607202100,   3.211,9999.000,   0.200,  -0.110,   3.301,   0.200,   3.301,   0.300,   3.401
202607202106,   3.365,9999.000,9999.000,9999.000,9999.000,9999.000,9999.000,9999.000,9999.000
202607202112,   3.522,9999.000,9999.000,9999.000,9999.000,9999.000,9999.000,9999.000,9999.000
202607202118,   3.681,9999.000,9999.000,9999.000,9999.000,9999.000,9999.000,9999.000,9999.000
202607202124,   3.841,9999.000,9999.000,9999.000,9999.000,9999.000,9999.000,9999.000,9999.000
202607202130,   4.003,9999.000,9999.000,9999.000,9999.000,9999.000,9999.000,9999.000,9999.000
202607202136,   4.165,9999.000,9999.000,9999.000,9999.000,9999.000,9999.000,9999.000,9999.000
202607202142,   4.328,9999.000,9999.000,9999.000,9999.000,9999.000,9999.000,9999.000,9999.000
202607202148,   4.492,9999.000,9999.000,9999.000,9999.000,9999.000,9999.000,9999.000,9999.000
202607202154,   4.655,9999.000,9999.000,9999.000,9999.000,9999.000,9999.000,9999.000,9999.000
202607202200,   4.818,9999.000,   0.300,  -0.110,   5.008,   0.200,   4.908,   0.300,   5.008
202607202206,   4.979,9999.000,9999.000,9999.000,9999.000,9999.000,9999.000,9999.000,9999.000
202607202212,   5.140,9999.000,9999.000,9999.000,9999.000,9999.000,9999.000,9999.000,9999.000
202607202218,   5.299,9999.000,9999.000,9999.000,9999.000,9999.000,9999.000,9999.000,9999.000
202607202224,   5.455,9999.000,9999.000,9999.000,9999.000,9999.000,9999.000,9999.000,9999.000
202607202230,   5.609,9999.000,9999.000,9999.000,9999.000,9999.000,9999.000,9999.000,9999.000
202607202236,   5.761,9999.000,9999.000,9999.000,9999.000,9999.000,9999.000,9999.000,9999.000
202607202242,   5.909,9999.000,9999.000,9999.000,9999.000,9999.000,9999.000,9999.000,9999.000
202607202248,   6.054,9999.000,9999.000,9999.000,9999.000,9999.000,9999.000,9999.000,9999.000
202607202254,   6.195,9999.000,9999.000,9999.000,9999.000,9999.000,9999.000,9999.000,9999.000
202607202300,   6.332,9999.000,   0.300,  -0.110,   6.522,   0.200,   6.422,   0.400,   6.622
202607202306,   6.465,9999.000,9999.000,9999.000,9999.000,9999.000,9999.000,9999.000,9999.000
202607202312,   6.593,9999.000,9999.000,9999.000,9999.000,9999.000,9999.000,9999.000,9999.000
202607202318,   6.716,9999.000,9999.000,9999.000,9999.000,9999.000,9999.000,9999.000,9999.000
202607202324,   6.833,9999.000,9999.000,9999.000,9999.000,9999.000,9999.000,9999.000,9999.000
202607202330,   6.945,9999.000,9999.000,9999.000,9999.000,9999.000,9999.000,9999.000,9999.000
202607202336,   7.051,9999.000,9999.000,9999.000,9999.000,9999.000,9999.000,9999.000,9999.000
202607202342,   7.152,9999.000,9999.000,9999.000,9999.000,9999.000,9999.000,9999.000,9999.000
202607202348,   7.245,9999.000,9999.000,9999.000,9999.000,9999.000,9999.000,9999.000,9999.000
202607202354,   7.333,9999.000,9999.000,9999.000,9999.000,9999.000,9999.000,9999.000,9999.000
202607210000,   7.414,9999.000,   0.300,  -0.110,   7.604,   0.200,   7.504,   0.300,   7.604
202607210006,   7.487,9999.000,9999.000,9999.000,9999.000,9999.000,9999.000,9999.000,9999.000
202607210012,   7.554,9999.000,9999.000,9999.000,9999.000,9999.000,9999.000,9999.000,9999.000
202607210018,   7.614,9999.000,9999.000,9999.000,9999.000,9999.000,9999.000,9999.000,9999.000
202607210024,   7.666,9999.000,9999.000,9999.000,9999.000,9999.000,9999.000,9999.000,9999.000
202607210030,   7.711,9999.000,9999.000,9999.000,9999.000,9999.000,9999.000,9999.000,9999.000
202607210036,   7.748,9999.000,9999.000,9999.000,9999.000,9999.000,9999.000,9999.000,9999.000
202607210042,   7.778,9999.000,9999.000,9999.000,9999.000,9999.000,9999.000,9999.000,9999.000
202607210048,   7.799,9999.000,9999.000,9999.000,9999.000,9999.000,9999.000,9999.000,9999.000
202607210054,   7.814,9999.000,9999.000,9999.000,9999.000,9999.000,9999.000,9999.000,9999.000
202607210100,   7.820,9999.000,   0.300,  -0.110,   8.010,   0.200,   7.910,   0.300,   8.010
202607210106,   7.818,9999.000,9999.000,9999.000,9999.000,9999.000,9999.000,9999.000,9999.000
202607210112,   7.809,9999.000,9999.000,9999.000,9999.000,9999.000,9999.000,9999.000,9999.000
202607210118,   7.792,9999.000,9999.000,9999.000,9999.000,9999.000,9999.000,9999.000,9999.000
202607210124,   7.767,9999.000,9999.000,9999.000,9999.000,9999.000,9999.000,9999.000,9999.000
202607210130,   7.734,9999.000,9999.000,9999.000,9999.000,9999.000,9999.000,9999.000,9999.000
202607210136,   7.694,9999.000,9999.000,9999.000,9999.000,9999.000,9999.000,9999.000,9999.000
202607210142,   7.646,9999.000,9999.000,9999.000,9999.000,9999.000,9999.000,9999.000,9999.000
202607210148,   7.591,9999.000,9999.000,9999.000,9999.000,9999.000,9999.000,9999.000,9999.000
202607210154,   7.528,9999.000,9999.000,9999.000,9999.000,9999.000,9999.000,9999.000,9999.000
202607210200,   7.459,9999.000,   0.300,  -0.110,   7.649,   0.200,   7.549,   0.300,   7.649
202607210206,   7.382,9999.000,9999.000,9999.000,9999.000,9999.000,9999.000,9999.000,9999.000
202607210212,   7.299,9999.000,9999.000,9999.000,9999.000,9999.000,9999.000,9999.000,9999.000
202607210218,   7.209,9999.000,9999.000,9999.000,9999.000,9999.000,9999.000,9999.000,9999.000
202607210224,   7.113,9999.000,9999.000,9999.000,9999.000,9999.000,9999.000,9999.000,9999.000
202607210230,   7.011,9999.000,9999.000,9999.000,9999.000,9999.000,9999.000,9999.000,9999.000
202607210236,   6.903,9999.000,9999.000,9999.000,9999.000,9999.000,9999.000,9999.000,9999.000
202607210242,   6.790,9999.000,9999.000,9999.000,9999.000,9999.000,9999.000,9999.000,9999.000
202607210248,   6.671,9999.000,9999.000,9999.000,9999.000,9999.000,9999.000,9999.000,9999.000
202607210254,   6.547,9999.000,9999.000,9999.000,9999.000,9999.000,9999.000,9999.000,9999.000
202607210300,   6.419,9999.000,   0.300,  -0.110,   6.609,   0.200,   6.509,   0.300,   6.609
202607210306,   6.286,9999.000,9999.000,9999.000,9999.000,9999.000,9999.000,9999.000,9999.000
202607210312,   6.149,9999.000,9999.000,9999.000,9999.000,9999.000,9999.000,9999.000,9999.000
202607210318,   6.009,9999.000,9999.000,9999.000,9999.000,9999.000,9999.000,9999.000,9999.000
202607210324,   5.865,9999.000,9999.000,9999.000,9999.000,9999.000,9999.000,9999.000,9999.000
202607210330,   5.718,9999.000,9999.000,9999.000,9999.000,9999.000,9999.000,9999.000,9999.000
202607210336,   5.569,9999.000,9999.000,9999.000,9999.000,9999.000,9999.000,9999.000,9999.000
202607210342,   5.417,9999.000,9999.000,9999.000,9999.000,9999.000,9999.000,9999.000,9999.000
202607210348,   5.264,9999.000,9999.000,9999.000,9999.000,9999.000,9999.000,9999.000,9999.000
202607210354,   5.108,9999.000,9999.000,9999.000,9999.000,9999.000,9999.000,9999.000,9999.000
202607210400,   4.952,9999.000,   0.200,  -0.110,   5.042,   0.200,   5.042,   0.300,   5.142
202607210406,   4.795,9999.000,9999.000,9999.000,9999.000,9999.000,9999.000,9999.000,9999.000
202607210412,   4.637,9999.000,9999.000,9999.000,9999.000,9999.000,9999.000,9999.000,9999.000
202607210418,   4.479,9999.000,9999.000,9999.000,9999.000,9999.000,9999.000,9999.000,9999.000
202607210424,   4.322,9999.000,9999.000,9999.000,9999.000,9999.000,9999.000,9999.000,9999.000
202607210430,   4.165,9999.000,9999.000,9999.000,9999.000,9999.000,9999.000,9999.000,9999.000
202607210436,   4.009,9999.000,9999.000,9999.000,9999.000,9999.000,9999.000,9999.000,9999.000
202607210442,   3.854,9999.000,9999.000,9999.000,9999.000,9999.000,9999.000,9999.000,9999.000
202607210448,   3.701,9999.000,9999.000,9999.000,9999.000,9999.000,9999.000,9999.000,9999.000
202607210454,   3.550,9999.000,9999.000,9999.000,9999.000,9999.000,9999.000,9999.000,9999.000
202607210500,   3.402,9999.000,   0.200,  -0.110,   3.492,   0.200,   3.492,   0.300,   3.592
202607210506,   3.255,9999.000,9999.000,9999.000,9999.000,9999.000,9999.000,9999.000,9999.000
202607210512,   3.112,9999.000,9999.000,9999.000,9999.000,9999.000,9999.000,9999.000,9999.000
202607210518,   2.972,9999.000,9999.000,9999.000,9999.000,9999.000,9999.000,9999.000,9999.000
202607210524,   2.835,9999.000,9999.000,9999.000,9999.000,9999.000,9999.000,9999.000,9999.000
202607210530,   2.703,9999.000,9999.000,9999.000,9999.000,9999.000,9999.000,9999.000,9999.000
202607210536,   2.574,9999.000,9999.000,9999.000,9999.000,9999.000,9999.000,9999.000,9999.000
202607210542,   2.449,9999.000,9999.000,9999.000,9999.000,9999.000,9999.000,9999.000,9999.000
202607210548,   2.329,9999.000,9999.000,9999.000,9999.000,9999.000,9999.000,9999.000,9999.000
202607210554,   2.214,9999.000,9999.000,9999.000,9999.000,9999.000,9999.000,9999.000,9999.000
202607210600,   2.104,9999.000,   0.200,  -0.110,   2.194,   0.200,   2.194,   0.300,   2.294
202607210606,   1.999,9999.000,9999.000,9999.000,9999.000,9999.000,9999.000,9999.000,9999.000
202607210612,   1.899,9999.000,9999.000,9999.000,9999.000,9999.000,9999.000,9999.000,9999.000
202607210618,   1.805,9999.000,9999.000,9999.000,9999.000,9999.000,9999.000,9999.000,9999.000
202607210624,   1.716,9999.000,9999.000,9999.000,9999.000,9999.000,9999.000,9999.000,9999.000
202607210630,   1.634,9999.000,9999.000,9999.000,9999.000,9999.000,9999.000,9999.000,9999.000
202607210636,   1.558,9999.000,9999.000,9999.000,9999.000,9999.000,9999.000,9999.000,9999.000
202607210642,   1.487,9999.000,9999.000,9999.000,9999.000,9999.000,9999.000,9999.000,9999.000
202607210648,   1.423,9999.000,9999.000,9999.000,9999.000,9999.000,9999.000,9999.000,9999.000
202607210654,   1.366,9999.000,9999.000,9999.000,9999.000,9999.000,9999.000,9999.000,9999.000
202607210700,   1.314,9999.000,   0.300,  -0.110,   1.504,   0.200,   1.404,   0.300,   1.504
202607210706,   1.270,9999.000,9999.000,9999.000,9999.000,9999.000,9999.000,9999.000,9999.000
202607210712,   1.232,9999.000,9999.000,9999.000,9999.000,9999.000,9999.000,9999.000,9999.000
202607210718,   1.200,9999.000,9999.000,9999.000,9999.000,9999.000,9999.000,9999.000,9999.000
202607210724,   1.175,9999.000,9999.000,9999.000,9999.000,9999.000,9999.000,9999.000,9999.000
202607210730,   1.157,9999.000,9999.000,9999.000,9999.000,9999.000,9999.000,9999.000,9999.000
202607210736,   1.145,9999.000,9999.000,9999.000,9999.000,9999.000,9999.000,9999.000,9999.000
202607210742,   1.140,9999.000,9999.000,9999.000,9999.000,9999.000,9999.000,9999.000,9999.000
202607210748,   1.142,9999.000,9999.000,9999.000,9999.000,9999.000,9999.000,9999.000,9999.000
202607210754,   1.150,9999.000,9999.000,9999.000,9999.000,9999.000,9999.000,9999.000,9999.000
202607210800,   1.164,9999.000,   0.200,  -0.110,   1.254,   0.200,   1.254,   0.300,   1.354
202607210806,   1.185,9999.000,9999.000,9999.000,9999.000,9999.000,9999.000,9999.000,9999.000
202607210812,   1.212,9999.000,9999.000,9999.000,9999.000,9999.000,9999.000,9999.000,9999.000
202607210818,   1.245,9999.000,9999.000,9999.000,9999.000,9999.000,9999.000,9999.000,9999.000
202607210824,   1.284,9999.000,9999.000,9999.000,9999.000,9999.000,9999.000,9999.000,9999.000
202607210830,   1.329,9999.000,9999.000,9999.000,9999.000,9999.000,9999.000,9999.000,9999.000
202607210836,   1.379,9999.000,9999.000,9999.000,9999.000,9999.000,9999.000,9999.000,9999.000
202607210842,   1.435,9999.000,9999.000,9999.000,9999.000,9999.000,9999.000,9999.000,9999.000
202607210848,   1.496,9999.000,9999.000,9999.000,9999.000,9999.000,9999.000,9999.000,9999.000
202607210854,   1.562,9999.000,9999.000,9999.000,9999.000,9999.000,9999.000,9999.000,9999.000
202607210900,   1.633,9999.000,   0.300,  -0.110,   1.823,   0.200,   1.723,   0.400,   1.923
202607210906,   1.708,9999.000,9999.000,9999.000,9999.000,9999.000,9999.000,9999.000,9999.000
202607210912,   1.788,9999.000,9999.000,9999.000,9999.000,9999.000,9999.000,9999.000,9999.000
202607210918,   1.872,9999.000,9999.000,9999.000,9999.000,9999.000,9999.000,9999.000,9999.000
202607210924,   1.959,9999.000,9999.000,9999.000,9999.000,9999.000,9999.000,9999.000,9999.000
202607210930,   2.051,9999.000,9999.000,9999.000,9999.000,9999.000,9999.000,9999.000,9999.000
202607210936,   2.145,9999.000,9999.000,9999.000,9999.000,9999.000,9999.000,9999.000,9999.000
202607210942,   2.242,9999.000,9999.000,9999.000,9999.000,9999.000,9999.000,9999.000,9999.000
202607210948,   2.342,9999.000,9999.000,9999.000,9999.000,9999.000,9999.000,9999.000,9999.000
202607210954,   2.445,9999.000,9999.000,9999.000,9999.000,9999.000,9999.000,9999.000,9999.000
202607211000,   2.549,9999.000,   0.300,  -0.110,   2.739,   0.200,   2.639,   0.400,   2.839
202607211006,   2.655,9999.000,9999.000,9999.000,9999.000,9999.000,9999.000,9999.000,9999.000
202607211012,   2.763,9999.000,9999.000,9999.000,9999.000,9999.000,9999.000,9999.000,9999.000
202607211018,   2.872,9999.000,9999.000,9999.000,9999.000,9999.000,9999.000,9999.000,9999.000
202607211024,   2.981,9999.000,9999.000,9999.000,9999.000,9999.000,9999.000,9999.000,9999.000
202607211030,   3.091,9999.000,9999.000,9999.000,9999.000,9999.000,9999.000,9999.000,9999.000
202607211036,   3.202,9999.000,9999.000,9999.000,9999.000,9999.000,9999.000,9999.000,9999.000
202607211042,   3.312,9999.000,9999.000,9999.000,9999.000,9999.000,9999.000,9999.000,9999.000
202607211048,   3.422,9999.000,9999.000,9999.000,9999.000,9999.000,9999.000,9999.000,9999.000
202607211054,   3.531,9999.000,9999.000,9999.000,9999.000,9999.000,9999.000,9999.000,9999.000
202607211100,   3.639,9999.000,   0.300,  -0.110,   3.829,   0.200,   3.729,   0.400,   3.929
202607211106,   3.746,9999.000,9999.000,9999.000,9999.000,9999.000,9999.000,9999.000,9999.000
202607211112,   3.852,9999.000,9999.000,9999.000,9999.000,9999.000,9999.000,9999.000,9999.000
202607211118,   3.955,9999.000,9999.000,9999.000,9999.000,9999.000,9999.000,9999.000,9999.000
202607211124,   4.057,9999.000,9999.000,9999.000,9999.000,9999.000,9999.000,9999.000,9999.000
202607211130,   4.156,9999.000,9999.000,9999.000,9999.000,9999.000,9999.000,9999.000,9999.000
202607211136,   4.253,9999.000,9999.000,9999.000,9999.000,9999.000,9999.000,9999.000,9999.000
202607211142,   4.346,9999.000,9999.000,9999.000,9999.000,9999.000,9999.000,9999.000,9999.000
202607211148,   4.437,9999.000,9999.000,9999.000,9999.000,9999.000,9999.000,9999.000,9999.000
202607211154,   4.524,9999.000,9999.000,9999.000,9999.000,9999.000,9999.000,9999.000,9999.000
202607211200,   4.608,9999.000,   0.300,  -0.110,   4.798,   0.200,   4.698,   0.400,   4.898
202607211206,   4.688,9999.000,9999.000,9999.000,9999.000,9999.000,9999.000,9999.000,9999.000
202607211212,   4.764,9999.000,9999.000,9999.000,9999.000,9999.000,9999.000,9999.000,9999.000
202607211218,   4.835,9999.000,9999.000,9999.000,9999.000,9999.000,9999.000,9999.000,9999.000
202607211224,   4.903,9999.000,9999.000,9999.000,9999.000,9999.000,9999.000,9999.000,9999.000
202607211230,   4.966,9999.000,9999.000,9999.000,9999.000,9999.000,9999.000,9999.000,9999.000
202607211236,   5.024,9999.000,9999.000,9999.000,9999.000,9999.000,9999.000,9999.000,9999.000
202607211242,   5.077,9999.000,9999.000,9999.000,9999.000,9999.000,9999.000,9999.000,9999.000
202607211248,   5.126,9999.000,9999.000,9999.000,9999.000,9999.000,9999.000,9999.000,9999.000
202607211254,   5.169,9999.000,9999.000,9999.000,9999.000,9999.000,9999.000,9999.000,9999.000
202607211300,   5.207,9999.000,   0.200,  -0.110,   5.297,   0.200,   5.297,   0.300,   5.397
202607211306,   5.240,9999.000,9999.000,9999.000,9999.000,9999.000,9999.000,9999.000,9999.000
202607211312,   5.268,9999.000,9999.000,9999.000,9999.000,9999.000,9999.000,9999.000,9999.000
202607211318,   5.290,9999.000,9999.000,9999.000,9999.000,9999.000,9999.000,9999.000,9999.000
202607211324,   5.307,9999.000,9999.000,9999.000,9999.000,9999.000,9999.000,9999.000,9999.000
202607211330,   5.318,9999.000,9999.000,9999.000,9999.000,9999.000,9999.000,9999.000,9999.000
202607211336,   5.324,9999.000,9999.000,9999.000,9999.000,9999.000,9999.000,9999.000,9999.000
202607211342,   5.324,9999.000,9999.000,9999.000,9999.000,9999.000,9999.000,9999.000,9999.000
202607211348,   5.319,9999.000,9999.000,9999.000,9999.000,9999.000,9999.000,9999.000,9999.000
202607211354,   5.309,9999.000,9999.000,9999.000,9999.000,9999.000,9999.000,9999.000,9999.000
202607211400,   5.293,9999.000,   0.300,  -0.110,   5.483,   0.200,   5.383,   0.400,   5.583
202607211406,   5.271,9999.000,9999.000,9999.000,9999.000,9999.000,9999.000,9999.000,9999.000
202607211412,   5.245,9999.000,9999.000,9999.000,9999.000,9999.000,9999.000,9999.000,9999.000
202607211418,   5.213,9999.000,9999.000,9999.000,9999.000,9999.000,9999.000,9999.000,9999.000
202607211424,   5.177,9999.000,9999.000,9999.000,9999.000,9999.000,9999.000,9999.000,9999.000
202607211430,   5.135,9999.000,9999.000,9999.000,9999.000,9999.000,9999.000,9999.000,9999.000
202607211436,   5.089,9999.000,9999.000,9999.000,9999.000,9999.000,9999.000,9999.000,9999.000
202607211442,   5.038,9999.000,9999.000,9999.000,9999.000,9999.000,9999.000,9999.000,9999.000
202607211448,   4.982,9999.000,9999.000,9999.000,9999.000,9999.000,9999.000,9999.000,9999.000
202607211454,   4.923,9999.000,9999.000,9999.000,9999.000,9999.000,9999.000,9999.000,9999.000
202607211500,   4.859,9999.000,   0.300,  -0.110,   5.049,   0.200,   4.949,   0.400,   5.149
202607211506,   4.791,9999.000,9999.000,9999.000,9999.000,9999.000,9999.000,9999.000,9999.000
202607211512,   4.720,9999.000,9999.000,9999.000,9999.000,9999.000,9999.000,9999.000,9999.000
202607211518,   4.646,9999.000,9999.000,9999.000,9999.000,9999.000,9999.000,9999.000,9999.000
202607211524,   4.568,9999.000,9999.000,9999.000,9999.000,9999.000,9999.000,9999.000,9999.000
202607211530,   4.488,9999.000,9999.000,9999.000,9999.000,9999.000,9999.000,9999.000,9999.000
202607211536,   4.405,9999.000,9999.000,9999.000,9999.000,9999.000,9999.000,9999.000,9999.000
202607211542,   4.319,9999.000,9999.000,9999.000,9999.000,9999.000,9999.000,9999.000,9999.000
202607211548,   4.232,9999.000,9999.000,9999.000,9999.000,9999.000,9999.000,9999.000,9999.000
202607211554,   4.143,9999.000,9999.000,9999.000,9999.000,9999.000,9999.000,9999.000,9999.000
202607211600,   4.052,9999.000,   0.200,  -0.110,   4.142,   0.200,   4.142,   0.300,   4.242
202607211606,   3.960,9999.000,9999.000,9999.000,9999.000,9999.000,9999.000,9999.000,9999.000
202607211612,   3.868,9999.000,9999.000,9999.000,9999.000,9999.000,9999.000,9999.000,9999.000
202607211618,   3.774,9999.000,9999.000,9999.000,9999.000,9999.000,9999.000,9999.000,9999.000
202607211624,   3.681,9999.000,9999.000,9999.000,9999.000,9999.000,9999.000,9999.000,9999.000
202607211630,   3.587,9999.000,9999.000,9999.000,9999.000,9999.000,9999.000,9999.000,9999.000
202607211636,   3.494,9999.000,9999.000,9999.000,9999.000,9999.000,9999.000,9999.000,9999.000
202607211642,   3.401,9999.000,9999.000,9999.000,9999.000,9999.000,9999.000,9999.000,9999.000
202607211648,   3.309,9999.000,9999.000,9999.000,9999.000,9999.000,9999.000,9999.000,9999.000
202607211654,   3.218,9999.000,9999.000,9999.000,9999.000,9999.000,9999.000,9999.000,9999.000
202607211700,   3.129,9999.000,   0.200,  -0.110,   3.219,   0.200,   3.219,   0.300,   3.319
202607211706,   3.042,9999.000,9999.000,9999.000,9999.000,9999.000,9999.000,9999.000,9999.000
202607211712,   2.956,9999.000,9999.000,9999.000,9999.000,9999.000,9999.000,9999.000,9999.000
202607211718,   2.873,9999.000,9999.000,9999.000,9999.000,9999.000,9999.000,9999.000,9999.000
202607211724,   2.792,9999.000,9999.000,9999.000,9999.000,9999.000,9999.000,9999.000,9999.000
202607211730,   2.715,9999.000,9999.000,9999.000,9999.000,9999.000,9999.000,9999.000,9999.000
202607211736,   2.640,9999.000,9999.000,9999.000,9999.000,9999.000,9999.000,9999.000,9999.000
202607211742,   2.568,9999.000,9999.000,9999.000,9999.000,9999.000,9999.000,9999.000,9999.000
202607211748,   2.500,9999.000,9999.000,9999.000,9999.000,9999.000,9999.000,9999.000,9999.000
202607211754,   2.436,9999.000,9999.000,9999.000,9999.000,9999.000,9999.000,9999.000,9999.000
202607211800,   2.375,9999.000,   0.300,  -0.110,   2.565,   0.200,   2.465,   0.400,   2.665
202607211806,   2.319,9999.000,9999.000,9999.000,9999.000,9999.000,9999.000,9999.000,9999.000
202607211812,   2.267,9999.000,9999.000,9999.000,9999.000,9999.000,9999.000,9999.000,9999.000
202607211818,   2.220,9999.000,9999.000,9999.000,9999.000,9999.000,9999.000,9999.000,9999.000
202607211824,   2.177,9999.000,9999.000,9999.000,9999.000,9999.000,9999.000,9999.000,9999.000
202607211830,   2.139,9999.000,9999.000,9999.000,9999.000,9999.000,9999.000,9999.000,9999.000
202607211836,   2.106,9999.000,9999.000,9999.000,9999.000,9999.000,9999.000,9999.000,9999.000
202607211842,   2.078,9999.000,9999.000,9999.000,9999.000,9999.000,9999.000,9999.000,9999.000
202607211848,   2.055,9999.000,9999.000,9999.000,9999.000,9999.000,9999.000,9999.000,9999.000
202607211854,   2.038,9999.000,9999.000,9999.000,9999.000,9999.000,9999.000,9999.000,9999.000
202607211900,   2.026,9999.000,   0.300,  -0.110,   2.216,   0.200,   2.116,   0.400,   2.316
202607211906,   2.020,9999.000,9999.000,9999.000,9999.000,9999.000,9999.000,9999.000,9999.000
202607211912,   2.019,9999.000,9999.000,9999.000,9999.000,9999.000,9999.000,9999.000,9999.000
202607211918,   2.024,9999.000,9999.000,9999.000,9999.000,9999.000,9999.000,9999.000,9999.000
202607211924,   2.035,9999.000,9999.000,9999.000,9999.000,9999.000,9999.000,9999.000,9999.000
202607211930,   2.051,9999.000,9999.000,9999.000,9999.000,9999.000,9999.000,9999.000,9999.000
202607211936,   2.074,9999.000,9999.000,9999.000,9999.000,9999.000,9999.000,9999.000,9999.000
202607211942,   2.102,9999.000,9999.000,9999.000,9999.000,9999.000,9999.000,9999.000,9999.000
202607211948,   2.135,9999.000,9999.000,9999.000,9999.000,9999.000,9999.000,9999.000,9999.000
202607211954,   2.175,9999.000,9999.000,9999.000,9999.000,9999.000,9999.000,9999.000,9999.000
202607212000,   2.220,9999.000,   0.300,  -0.110,   2.410,   0.200,   2.310,   0.400,   2.510
202607212006,   2.271,9999.000,9999.000,9999.000,9999.000,9999.000,9999.000,9999.000,9999.000
202607212012,   2.327,9999.000,9999.000,9999.000,9999.000,9999.000,9999.000,9999.000,9999.000
202607212018,   2.389,9999.000,9999.000,9999.000,9999.000,9999.000,9999.000,9999.000,9999.000
202607212024,   2.456,9999.000,9999.000,9999.000,9999.000,9999.000,9999.000,9999.000,9999.000
202607212030,   2.528,9999.000,9999.000,9999.000,9999.000,9999.000,9999.000,9999.000,9999.000
202607212036,   2.606,9999.000,9999.000,9999.000,9999.000,9999.000,9999.000,9999.000,9999.000
202607212042,   2.688,9999.000,9999.000,9999.000,9999.000,9999.000,9999.000,9999.000,9999.000
202607212048,   2.775,9999.000,9999.000,9999.000,9999.000,9999.000,9999.000,9999.000,9999.000
202607212054,   2.867,9999.000,9999.000,9999.000,9999.000,9999.000,9999.000,9999.000,9999.000
202607212100,   2.964,9999.000,   0.300,  -0.110,   3.154,   0.200,   3.054,   0.400,   3.254
202607212106,   3.065,9999.000,9999.000,9999.000,9999.000,9999.000,9999.000,9999.000,9999.000
202607212112,   3.169,9999.000,9999.000,9999.000,9999.000,9999.000,9999.000,9999.000,9999.000
202607212118,   3.278,9999.000,9999.000,9999.000,9999.000,9999.000,9999.000,9999.000,9999.000
202607212124,   3.390,9999.000,9999.000,9999.000,9999.000,9999.000,9999.000,9999.000,9999.000
202607212130,   3.505,9999.000,9999.000,9999.000,9999.000,9999.000,9999.000,9999.000,9999.000
202607212136,   3.624,9999.000,9999.000,9999.000,9999.000,9999.000,9999.000,9999.000,9999.000
202607212142,   3.745,9999.000,9999.000,9999.000,9999.000,9999.000,9999.000,9999.000,9999.000
202607212148,   3.869,9999.000,9999.000,9999.000,9999.000,9999.000,9999.000,9999.000,9999.000
202607212154,   3.995,9999.000,9999.000,9999.000,9999.000,9999.000,9999.000,9999.000,9999.000
202607212200,   4.123,9999.000,   0.300,  -0.110,   4.313,   0.200,   4.213,   0.400,   4.413
202607212206,   4.253,9999.000,9999.000,9999.000,9999.000,9999.000,9999.000,9999.000,9999.000
202607212212,   4.384,9999.000,9999.000,9999.000,9999.000,9999.000,9999.000,9999.000,9999.000
202607212218,   4.516,9999.000,9999.000,9999.000,9999.000,9999.000,9999.000,9999.000,9999.000
202607212224,   4.649,9999.000,9999.000,9999.000,9999.000,9999.000,9999.000,9999.000,9999.000
202607212230,   4.782,9999.000,9999.000,9999.000,9999.000,9999.000,9999.000,9999.000,9999.000
202607212236,   4.916,9999.000,9999.000,9999.000,9999.000,9999.000,9999.000,9999.000,9999.000
202607212242,   5.049,9999.000,9999.000,9999.000,9999.000,9999.000,9999.000,9999.000,9999.000
202607212248,   5.182,9999.000,9999.000,9999.000,9999.000,9999.000,9999.000,9999.000,9999.000
202607212254,   5.314,9999.000,9999.000,9999.000,9999.000,9999.000,9999.000,9999.000,9999.000
202607212300,   5.445,9999.000,   0.300,  -0.110,   5.635,   0.200,   5.535,   0.400,   5.735
202607212306,   5.575,9999.000,9999.000,9999.000,9999.000,9999.000,9999.000,9999.000,9999.000
202607212312,   5.703,9999.000,9999.000,9999.000,9999.000,9999.000,9999.000,9999.000,9999.000
202607212318,   5.829,9999.000,9999.000,9999.000,9999.000,9999.000,9999.000,9999.000,9999.000
202607212324,   5.952,9999.000,9999.000,9999.000,9999.000,9999.000,9999.000,9999.000,9999.000
202607212330,   6.073,9999.000,9999.000,9999.000,9999.000,9999.000,9999.000,9999.000,9999.000
202607212336,   6.191,9999.000,9999.000,9999.000,9999.000,9999.000,9999.000,9999.000,9999.000
202607212342,   6.306,9999.000,9999.000,9999.000,9999.000,9999.000,9999.000,9999.000,9999.000
202607212348,   6.418,9999.000,9999.000,9999.000,9999.000,9999.000,9999.000,9999.000,9999.000
202607212354,   6.526,9999.000,9999.000,9999.000,9999.000,9999.000,9999.000,9999.000,9999.000
202607220000,   6.630,9999.000,   0.300,  -0.110,   6.820,   0.200,   6.720,   0.400,   6.920
