        TIME,    TIDE,      OB,   SURGE,    BIAS,     TWL,SURGE90p,  TWL90p,SURGE10p,   TWL10p
202602271200,   0.645,   1.108,   0.400,   0.063,   1.108,   0.400,   1.108,   0.400,   1.108
202602271206,   0.642,9999.000,9999.000,9999.000,9999.000,9999.000,9999.000,9999.000,9999.000
202602271212,   0.639,   1.088,9999.000,9999.000,9999.000,9999.000,9999.000,9999.000,9999.000
202602271218,   0.636,9999.000,9999.000,9999.000,9999.000,9999.000,9999.000,9999.000,9999.000
202602271224,   0.632,   1.079,9999.000,9999.000,9999.000,9999.000,9999.000,9999.000,9999.000
202602271230,   0.628,9999.000,9999.000,9999.000,9999.000,9999.000,9999.000,9999.000,9999.000
202602271236,   0.624,   1.049,9999.000,9999.000,9999.000,9999.000,9999.000,9999.000,9999.000
202602271242,   0.619,9999.000,9999.000,9999.000,9999.000,9999.000,9999.000,9999.000,9999.000
202602271248,   0.615,   1.049,9999.000,9999.000,9999.000,9999.000,9999.000,9999.000,9999.000
202602271254,   0.610,9999.000,9999.000,9999.000,9999.000,9999.000,9999.000,9999.000,9999.000
202602271300,   0.604,9999.000,   0.400,9999.000,   1.004,   0.400,   1.004,   0.400,   1.004
202602271306,   0.599,9999.000,9999.000,9999.000,9999.000,9999.000,9999.000,9999.000,9999.000
202602271312,   0.593,9999.000,9999.000,9999.000,9999.000,9999.000,9999.000,9999.000,9999.000
202602271318,   0.587,9999.000,9999.000,9999.000,9999.000,9999.000,9999.000,9999.000,9999.000
202602271324,   0.581,9999.000,9999.000,9999.000,9999.000,9999.000,9999.000,9999.000,9999.000
202602271330,   0.574,9999.000,9999.000,9999.000,9999.000,9999.000,9999.000,9999.000,9999.000
202602271336,   0.568,9999.000,9999.000,9999.000,9999.000,9999.000,9999.000,9999.000,9999.000
202602271342,   0.561,9999.000,9999.000,9999.000,9999.000,9999.000,9999.000,9999.000,9999.000
202602271348,   0.554,9999.000,9999.000,9999.000,9999.000,9999.000,9999.000,9999.000,9999.000
202602271354,   0.547,   1.049,9999.000,9999.000,9999.000,9999.000,9999.000,9999.000,9999.000
202602271400,   0.540,   1.049,   0.400,   0.109,   1.049,   0.400,   1.049,   0.400,   1.049
202602271406,   0.532,   1.029,9999.000,9999.000,9999.000,9999.000,9999.000,9999.000,9999.000
202602271412,   0.524,   1.029,9999.000,9999.000,9999.000,9999.000,9999.000,9999.000,9999.000
202602271418,   0.517,   1.029,9999.000,9999.000,9999.000,9999.000,9999.000,9999.000,9999.000
202602271424,   0.509,   0.990,9999.000,9999.000,9999.000,9999.000,9999.000,9999.000,9999.000
202602271430,   0.501,   1.010,9999.000,9999.000,9999.000,9999.000,9999.000,9999.000,9999.000
202602271436,   0.493,   1.000,9999.000,9999.000,9999.000,9999.000,9999.000,9999.000,9999.000
202602271442,   0.485,   0.980,9999.000,9999.000,9999.000,9999.000,9999.000,9999.000,9999.000
202602271448,   0.476,   0.980,9999.000,9999.000,9999.000,9999.000,9999.000,9999.000,9999.000
202602271454,   0.468,   0.951,9999.000,9999.000,9999.000,9999.000,9999.000,9999.000,9999.000
202602271500,   0.460,   0.918,   0.400,   0.058,   0.918,   0.400,   0.918,   0.400,   0.918
202602271506,   0.452,   0.941,9999.000,9999.000,9999.000,9999.000,9999.000,9999.000,9999.000
202602271512,   0.443,   0.888,9999.000,9999.000,9999.000,9999.000,9999.000,9999.000,9999.000
202602271518,   0.435,   0.879,9999.000,9999.000,9999.000,9999.000,9999.000,9999.000,9999.000
202602271524,   0.426,   0.869,9999.000,9999.000,9999.000,9999.000,9999.000,9999.000,9999.000
202602271530,   0.418,   0.849,9999.000,9999.000,9999.000,9999.000,9999.000,9999.000,9999.000
202602271536,   0.410,   0.849,9999.000,9999.000,9999.000,9999.000,9999.000,9999.000,9999.000
202602271542,   0.401,   0.819,9999.000,9999.000,9999.000,9999.000,9999.000,9999.000,9999.000
202602271548,   0.393,   0.849,9999.000,9999.000,9999.000,9999.000,9999.000,9999.000,9999.000
202602271554,   0.384,   0.839,9999.000,9999.000,9999.000,9999.000,9999.000,9999.000,9999.000
202602271600,   0.376,   0.810,   0.400,   0.034,   0.810,   0.400,   0.810,   0.400,   0.810
202602271606,   0.368,   0.800,9999.000,9999.000,9999.000,9999.000,9999.000,9999.000,9999.000
202602271612,   0.359,   0.780,9999.000,9999.000,9999.000,9999.000,9999.000,9999.000,9999.000
202602271618,   0.351,   0.780,9999.000,9999.000,9999.000,9999.000,9999.000,9999.000,9999.000
202602271624,   0.343,   0.760,9999.000,9999.000,9999.000,9999.000,9999.000,9999.000,9999.000
202602271630,   0.335,   0.760,9999.000,9999.000,9999.000,9999.000,9999.000,9999.000,9999.000
202602271636,   0.327,   0.731,9999.000,9999.000,9999.000,9999.000,9999.000,9999.000,9999.000
202602271642,   0.318,   0.698,9999.000,9999.000,9999.000,9999.000,9999.000,9999.000,9999.000
202602271648,   0.310,   0.708,9999.000,9999.000,9999.000,9999.000,9999.000,9999.000,9999.000
202602271654,   0.302,   0.688,9999.000,9999.000,9999.000,9999.000,9999.000,9999.000,9999.000
202602271700,   0.294,   0.698,   0.400,   0.004,   0.698,   0.400,   0.698,   0.400,   0.698
202602271706,   0.286,   0.669,9999.000,9999.000,9999.000,9999.000,9999.000,9999.000,9999.000
202602271712,   0.278,   0.688,9999.000,9999.000,9999.000,9999.000,9999.000,9999.000,9999.000
202602271718,   0.270,   0.688,9999.000,9999.000,9999.000,9999.000,9999.000,9999.000,9999.000
202602271724,   0.262,   0.678,9999.000,9999.000,9999.000,9999.000,9999.000,9999.000,9999.000
202602271730,   0.254,   0.659,9999.000,9999.000,9999.000,9999.000,9999.000,9999.000,9999.000
202602271736,   0.246,   0.649,9999.000,9999.000,9999.000,9999.000,9999.000,9999.000,9999.000
202602271742,   0.238,   0.659,9999.000,9999.000,9999.000,9999.000,9999.000,9999.000,9999.000
202602271748,   0.230,   0.639,9999.000,9999.000,9999.000,9999.000,9999.000,9999.000,9999.000
202602271754,   0.222,   0.619,9999.000,9999.000,9999.000,9999.000,9999.000,9999.000,9999.000
202602271800,   0.214,   0.629,   0.400,   0.015,   0.629,   0.400,   0.629,   0.500,   0.729
202602271806,   0.206,   0.600,9999.000,9999.000,9999.000,9999.000,9999.000,9999.000,9999.000
202602271812,   0.198,   0.580,9999.000,9999.000,9999.000,9999.000,9999.000,9999.000,9999.000
202602271818,   0.190,   0.580,9999.000,9999.000,9999.000,9999.000,9999.000,9999.000,9999.000
202602271824,   0.182,   0.560,9999.000,9999.000,9999.000,9999.000,9999.000,9999.000,9999.000
202602271830,   0.173,   0.590,9999.000,9999.000,9999.000,9999.000,9999.000,9999.000,9999.000
202602271836,   0.165,   0.580,9999.000,9999.000,9999.000,9999.000,9999.000,9999.000,9999.000
202602271842,   0.157,   0.570,9999.000,9999.000,9999.000,9999.000,9999.000,9999.000,9999.000
202602271848,   0.148,   0.570,9999.000,9999.000,9999.000,9999.000,9999.000,9999.000,9999.000
202602271854,   0.140,   0.590,9999.000,9999.000,9999.000,9999.000,9999.000,9999.000,9999.000
202602271900,   0.131,   0.570,   0.400,   0.039,   0.570,   0.400,   0.570,   0.500,   0.670
202602271906,   0.122,   0.560,9999.000,9999.000,9999.000,9999.000,9999.000,9999.000,9999.000
202602271912,   0.114,   0.551,9999.000,9999.000,9999.000,9999.000,9999.000,9999.000,9999.000
202602271918,   0.105,   0.551,9999.000,9999.000,9999.000,9999.000,9999.000,9999.000,9999.000
202602271924,   0.096,   0.560,9999.000,9999.000,9999.000,9999.000,9999.000,9999.000,9999.000
202602271930,   0.087,   0.531,9999.000,9999.000,9999.000,9999.000,9999.000,9999.000,9999.000
202602271936,   0.078,   0.541,9999.000,9999.000,9999.000,9999.000,9999.000,9999.000,9999.000
202602271942,   0.069,   0.541,9999.000,9999.000,9999.000,9999.000,9999.000,9999.000,9999.000
202602271948,   0.060,   0.508,9999.000,9999.000,9999.000,9999.000,9999.000,9999.000,9999.000
202602271954,   0.051,   0.488,9999.000,9999.000,9999.000,9999.000,9999.000,9999.000,9999.000
202602272000,   0.041,   0.518,   0.500,  -0.023,   0.518,   0.400,   0.418,   0.500,   0.518
202602272006,   0.032,   0.518,9999.000,9999.000,9999.000,9999.000,9999.000,9999.000,9999.000
202602272012,   0.023,   0.488,9999.000,9999.000,9999.000,9999.000,9999.000,9999.000,9999.000
202602272018,   0.013,   0.478,9999.000,9999.000,9999.000,9999.000,9999.000,9999.000,9999.000
202602272024,   0.004,   0.478,9999.000,9999.000,9999.000,9999.000,9999.000,9999.000,9999.000
202602272030,  -0.005,   0.488,9999.000,9999.000,9999.000,9999.000,9999.000,9999.000,9999.000
202602272036,  -0.014,   0.449,9999.000,9999.000,9999.000,9999.000,9999.000,9999.000,9999.000
202602272042,  -0.024,   0.449,9999.000,9999.000,9999.000,9999.000,9999.000,9999.000,9999.000
202602272048,  -0.033,   0.429,9999.000,9999.000,9999.000,9999.000,9999.000,9999.000,9999.000
202602272054,  -0.043,   0.419,9999.000,9999.000,9999.000,9999.000,9999.000,9999.000,9999.000
202602272100,  -0.052,   0.429,   0.500,  -0.019,   0.429,   0.500,   0.429,   0.500,   0.429
202602272106,  -0.062,   0.419,9999.000,9999.000,9999.000,9999.000,9999.000,9999.000,9999.000
202602272112,  -0.071,   0.409,9999.000,9999.000,9999.000,9999.000,9999.000,9999.000,9999.000
202602272118,  -0.081,   0.419,9999.000,9999.000,9999.000,9999.000,9999.000,9999.000,9999.000
202602272124,  -0.090,   0.390,9999.000,9999.000,9999.000,9999.000,9999.000,9999.000,9999.000
202602272130,  -0.100,   0.380,9999.000,9999.000,9999.000,9999.000,9999.000,9999.000,9999.000
202602272136,  -0.109,   0.370,9999.000,9999.000,9999.000,9999.000,9999.000,9999.000,9999.000
202602272142,  -0.118,   0.350,9999.000,9999.000,9999.000,9999.000,9999.000,9999.000,9999.000
202602272148,  -0.127,   0.360,9999.000,9999.000,9999.000,9999.000,9999.000,9999.000,9999.000
202602272154,  -0.136,   0.350,9999.000,9999.000,9999.000,9999.000,9999.000,9999.000,9999.000
202602272200,  -0.145,   0.350,   0.500,  -0.005,   0.350,   0.500,   0.350,   0.500,   0.350
202602272206,  -0.154,   0.321,9999.000,9999.000,9999.000,9999.000,9999.000,9999.000,9999.000
202602272212,  -0.162,   0.331,9999.000,9999.000,9999.000,9999.000,9999.000,9999.000,9999.000
202602272218,  -0.171,   0.341,9999.000,9999.000,9999.000,9999.000,9999.000,9999.000,9999.000
202602272224,  -0.179,   0.288,9999.000,9999.000,9999.000,9999.000,9999.000,9999.000,9999.000
202602272230,  -0.187,   0.278,9999.000,9999.000,9999.000,9999.000,9999.000,9999.000,9999.000
202602272236,  -0.195,   0.308,9999.000,9999.000,9999.000,9999.000,9999.000,9999.000,9999.000
202602272242,  -0.203,   0.249,9999.000,9999.000,9999.000,9999.000,9999.000,9999.000,9999.000
202602272248,  -0.211,   0.249,9999.000,9999.000,9999.000,9999.000,9999.000,9999.000,9999.000
202602272254,  -0.218,   0.239,9999.000,9999.000,9999.000,9999.000,9999.000,9999.000,9999.000
202602272300,  -0.226,   0.239,   0.500,  -0.035,   0.239,   0.500,   0.239,   0.500,   0.239
202602272306,  -0.233,   0.229,9999.000,9999.000,9999.000,9999.000,9999.000,9999.000,9999.000
202602272312,  -0.240,   0.229,9999.000,9999.000,9999.000,9999.000,9999.000,9999.000,9999.000
202602272318,  -0.247,   0.219,9999.000,9999.000,9999.000,9999.000,9999.000,9999.000,9999.000
202602272324,  -0.253,   0.200,9999.000,9999.000,9999.000,9999.000,9999.000,9999.000,9999.000
202602272330,  -0.259,   0.200,9999.000,9999.000,9999.000,9999.000,9999.000,9999.000,9999.000
202602272336,  -0.266,   0.180,9999.000,9999.000,9999.000,9999.000,9999.000,9999.000,9999.000
202602272342,  -0.271,   0.190,9999.000,9999.000,9999.000,9999.000,9999.000,9999.000,9999.000
202602272348,  -0.277,   0.180,9999.000,9999.000,9999.000,9999.000,9999.000,9999.000,9999.000
202602272354,  -0.283,   0.157,9999.000,9999.000,9999.000,9999.000,9999.000,9999.000,9999.000
202602280000,  -0.288,   0.180,   0.500,  -0.032,   0.180,   0.500,   0.180,   0.500,   0.180
202602280006,  -0.293,   0.180,9999.000,9999.000,9999.000,9999.000,9999.000,9999.000,9999.000
202602280012,  -0.297,   0.170,9999.000,9999.000,9999.000,9999.000,9999.000,9999.000,9999.000
202602280018,  -0.302,   0.150,9999.000,9999.000,9999.000,9999.000,9999.000,9999.000,9999.000
202602280024,  -0.306,   0.160,9999.000,9999.000,9999.000,9999.000,9999.000,9999.000,9999.000
202602280030,  -0.310,   0.160,9999.000,9999.000,9999.000,9999.000,9999.000,9999.000,9999.000
202602280036,  -0.314,   0.160,9999.000,9999.000,9999.000,9999.000,9999.000,9999.000,9999.000
202602280042,  -0.317,   0.141,9999.000,9999.000,9999.000,9999.000,9999.000,9999.000,9999.000
202602280048,  -0.320,   0.121,9999.000,9999.000,9999.000,9999.000,9999.000,9999.000,9999.000
202602280054,  -0.323,   0.121,9999.000,9999.000,9999.000,9999.000,9999.000,9999.000,9999.000
202602280100,  -0.325,   0.141,   0.500,  -0.034,   0.141,   0.500,   0.141,   0.500,   0.141
202602280106,  -0.328,   0.141,9999.000,9999.000,9999.000,9999.000,9999.000,9999.000,9999.000
202602280112,  -0.330,   0.131,9999.000,9999.000,9999.000,9999.000,9999.000,9999.000,9999.000
202602280118,  -0.331,   0.150,9999.000,9999.000,9999.000,9999.000,9999.000,9999.000,9999.000
202602280124,  -0.332,   0.141,9999.000,9999.000,9999.000,9999.000,9999.000,9999.000,9999.000
202602280130,  -0.333,   0.141,9999.000,9999.000,9999.000,9999.000,9999.000,9999.000,9999.000
202602280136,  -0.334,   0.141,9999.000,9999.000,9999.000,9999.000,9999.000,9999.000,9999.000
202602280142,  -0.334,   0.150,9999.000,9999.000,9999.000,9999.000,9999.000,9999.000,9999.000
202602280148,  -0.334,   0.141,9999.000,9999.000,9999.000,9999.000,9999.000,9999.000,9999.000
202602280154,  -0.334,   0.141,9999.000,9999.000,9999.000,9999.000,9999.000,9999.000,9999.000
202602280200,  -0.333,   0.141,   0.500,  -0.026,   0.141,   0.500,   0.141,   0.500,   0.141
202602280206,  -0.331,   0.141,9999.000,9999.000,9999.000,9999.000,9999.000,9999.000,9999.000
202602280212,  -0.330,   0.141,9999.000,9999.000,9999.000,9999.000,9999.000,9999.000,9999.000
202602280218,  -0.328,   0.141,9999.000,9999.000,9999.000,9999.000,9999.000,9999.000,9999.000
202602280224,  -0.325,   0.141,9999.000,9999.000,9999.000,9999.000,9999.000,9999.000,9999.000
202602280230,  -0.322,   0.150,9999.000,9999.000,9999.000,9999.000,9999.000,9999.000,9999.000
202602280236,  -0.319,   0.131,9999.000,9999.000,9999.000,9999.000,9999.000,9999.000,9999.000
202602280242,  -0.315,   0.150,9999.000,9999.000,9999.000,9999.000,9999.000,9999.000,9999.000
202602280248,  -0.311,   0.150,9999.000,9999.000,9999.000,9999.000,9999.000,9999.000,9999.000
202602280254,  -0.306,   0.160,9999.000,9999.000,9999.000,9999.000,9999.000,9999.000,9999.000
202602280300,  -0.301,   0.160,   0.500,  -0.039,   0.160,   0.500,   0.160,   0.500,   0.160
202602280306,  -0.295,   0.180,9999.000,9999.000,9999.000,9999.000,9999.000,9999.000,9999.000
202602280312,  -0.289,   0.160,9999.000,9999.000,9999.000,9999.000,9999.000,9999.000,9999.000
202602280318,  -0.282,   0.190,9999.000,9999.000,9999.000,9999.000,9999.000,9999.000,9999.000
202602280324,  -0.275,   0.190,9999.000,9999.000,9999.000,9999.000,9999.000,9999.000,9999.000
202602280330,  -0.268,   0.200,9999.000,9999.000,9999.000,9999.000,9999.000,9999.000,9999.000
202602280336,  -0.259,   0.219,9999.000,9999.000,9999.000,9999.000,9999.000,9999.000,9999.000
202602280342,  -0.251,   0.219,9999.000,9999.000,9999.000,9999.000,9999.000,9999.000,9999.000
202602280348,  -0.242,   0.239,9999.000,9999.000,9999.000,9999.000,9999.000,9999.000,9999.000
202602280354,  -0.232,   0.239,9999.000,9999.000,9999.000,9999.000,9999.000,9999.000,9999.000
202602280400,  -0.222,   0.239,   0.500,  -0.039,   0.239,   0.500,   0.239,   0.500,   0.239
202602280406,  -0.212,   0.268,9999.000,9999.000,9999.000,9999.000,9999.000,9999.000,9999.000
202602280412,  -0.201,   0.278,9999.000,9999.000,9999.000,9999.000,9999.000,9999.000,9999.000
202602280418,  -0.189,   0.278,9999.000,9999.000,9999.000,9999.000,9999.000,9999.000,9999.000
202602280424,  -0.177,   0.298,9999.000,9999.000,9999.000,9999.000,9999.000,9999.000,9999.000
202602280430,  -0.165,   0.288,9999.000,9999.000,9999.000,9999.000,9999.000,9999.000,9999.000
202602280436,  -0.152,   0.331,9999.000,9999.000,9999.000,9999.000,9999.000,9999.000,9999.000
202602280442,  -0.139,   0.321,9999.000,9999.000,9999.000,9999.000,9999.000,9999.000,9999.000
202602280448,  -0.126,   0.341,9999.000,9999.000,9999.000,9999.000,9999.000,9999.000,9999.000
202602280454,  -0.112,   0.370,9999.000,9999.000,9999.000,9999.000,9999.000,9999.000,9999.000
202602280500,  -0.097,   0.380,   0.500,  -0.023,   0.380,   0.500,   0.380,   0.500,   0.380
202602280506,  -0.083,   0.370,9999.000,9999.000,9999.000,9999.000,9999.000,9999.000,9999.000
202602280512,  -0.068,   0.419,9999.000,9999.000,9999.000,9999.000,9999.000,9999.000,9999.000
202602280518,  -0.052,   0.429,9999.000,9999.000,9999.000,9999.000,9999.000,9999.000,9999.000
202602280524,  -0.037,   0.449,9999.000,9999.000,9999.000,9999.000,9999.000,9999.000,9999.000
202602280530,  -0.021,   0.459,9999.000,9999.000,9999.000,9999.000,9999.000,9999.000,9999.000
202602280536,  -0.005,   0.469,9999.000,9999.000,9999.000,9999.000,9999.000,9999.000,9999.000
202602280542,   0.011,   0.469,9999.000,9999.000,9999.000,9999.000,9999.000,9999.000,9999.000
202602280548,   0.027,   0.488,9999.000,9999.000,9999.000,9999.000,9999.000,9999.000,9999.000
202602280554,   0.044,   0.508,9999.000,9999.000,9999.000,9999.000,9999.000,9999.000,9999.000
202602280600,   0.061,   0.531,   0.500,  -0.030,   0.531,   0.500,   0.531,   0.500,   0.531
202602280606,   0.077,   0.570,9999.000,9999.000,9999.000,9999.000,9999.000,9999.000,9999.000
202602280612,   0.094,   0.560,9999.000,9999.000,9999.000,9999.000,9999.000,9999.000,9999.000
202602280618,   0.111,   0.570,9999.000,9999.000,9999.000,9999.000,9999.000,9999.000,9999.000
202602280624,   0.129,   0.610,9999.000,9999.000,9999.000,9999.000,9999.000,9999.000,9999.000
202602280630,   0.146,   0.629,9999.000,9999.000,9999.000,9999.000,9999.000,9999.000,9999.000
202602280636,   0.163,   0.649,9999.000,9999.000,9999.000,9999.000,9999.000,9999.000,9999.000
202602280642,   0.180,   0.669,9999.000,9999.000,9999.000,9999.000,9999.000,9999.000,9999.000
202602280648,   0.197,   0.678,9999.000,9999.000,9999.000,9999.000,9999.000,9999.000,9999.000
202602280654,   0.213,   0.698,9999.000,9999.000,9999.000,9999.000,9999.000,9999.000,9999.000
202602280700,   0.230,   0.718,   0.500,  -0.012,   0.718,   0.500,   0.718,   0.500,   0.718
202602280706,   0.247,   0.760,9999.000,9999.000,9999.000,9999.000,9999.000,9999.000,9999.000
202602280712,   0.263,   0.780,9999.000,9999.000,9999.000,9999.000,9999.000,9999.000,9999.000
202602280718,   0.279,   0.770,9999.000,9999.000,9999.000,9999.000,9999.000,9999.000,9999.000
202602280724,   0.295,   0.810,9999.000,9999.000,9999.000,9999.000,9999.000,9999.000,9999.000
202602280730,   0.311,   0.810,9999.000,9999.000,9999.000,9999.000,9999.000,9999.000,9999.000
202602280736,   0.326,   0.829,9999.000,9999.000,9999.000,9999.000,9999.000,9999.000,9999.000
202602280742,   0.342,   0.849,9999.000,9999.000,9999.000,9999.000,9999.000,9999.000,9999.000
202602280748,   0.357,   0.869,9999.000,9999.000,9999.000,9999.000,9999.000,9999.000,9999.000
202602280754,   0.371,   0.879,9999.000,9999.000,9999.000,9999.000,9999.000,9999.000,9999.000
202602280800,   0.386,   0.898,   0.500,   0.012,   0.898,   0.500,   0.898,   0.500,   0.898
202602280806,   0.400,   0.898,9999.000,9999.000,9999.000,9999.000,9999.000,9999.000,9999.000
202602280812,   0.413,   0.928,9999.000,9999.000,9999.000,9999.000,9999.000,9999.000,9999.000
202602280818,   0.426,   0.941,9999.000,9999.000,9999.000,9999.000,9999.000,9999.000,9999.000
202602280824,   0.439,   0.951,9999.000,9999.000,9999.000,9999.000,9999.000,9999.000,9999.000
202602280830,   0.452,   0.970,9999.000,9999.000,9999.000,9999.000,9999.000,9999.000,9999.000
202602280836,   0.464,   0.970,9999.000,9999.000,9999.000,9999.000,9999.000,9999.000,9999.000
202602280842,   0.476,   0.980,9999.000,9999.000,9999.000,9999.000,9999.000,9999.000,9999.000
202602280848,   0.487,   1.010,9999.000,9999.000,9999.000,9999.000,9999.000,9999.000,9999.000
202602280854,   0.498,   1.020,9999.000,9999.000,9999.000,9999.000,9999.000,9999.000,9999.000
202602280900,   0.509,   1.029,   0.500,   0.020,   1.029,   0.500,   1.029,   0.600,   1.129
202602280906,   0.519,   1.049,9999.000,9999.000,9999.000,9999.000,9999.000,9999.000,9999.000
202602280912,   0.529,   1.029,9999.000,9999.000,9999.000,9999.000,9999.000,9999.000,9999.000
202602280918,   0.539,   1.039,9999.000,9999.000,9999.000,9999.000,9999.000,9999.000,9999.000
202602280924,   0.548,   1.049,9999.000,9999.000,9999.000,9999.000,9999.000,9999.000,9999.000
202602280930,   0.556,   1.069,9999.000,9999.000,9999.000,9999.000,9999.000,9999.000,9999.000
202602280936,   0.565,   1.088,9999.000,9999.000,9999.000,9999.000,9999.000,9999.000,9999.000
202602280942,   0.572,   1.098,9999.000,9999.000,9999.000,9999.000,9999.000,9999.000,9999.000
202602280948,   0.580,   1.088,9999.000,9999.000,9999.000,9999.000,9999.000,9999.000,9999.000
202602280954,   0.587,   1.128,9999.000,9999.000,9999.000,9999.000,9999.000,9999.000,9999.000
202602281000,   0.594,   1.108,   0.500,   0.014,   1.108,   0.500,   1.108,   0.600,   1.208
202602281006,   0.600,   1.118,9999.000,9999.000,9999.000,9999.000,9999.000,9999.000,9999.000
202602281012,   0.606,   1.118,9999.000,9999.000,9999.000,9999.000,9999.000,9999.000,9999.000
202602281018,   0.612,   1.118,9999.000,9999.000,9999.000,9999.000,9999.000,9999.000,9999.000
202602281024,   0.617,   1.138,9999.000,9999.000,9999.000,9999.000,9999.000,9999.000,9999.000
202602281030,   0.622,   1.128,9999.000,9999.000,9999.000,9999.000,9999.000,9999.000,9999.000
202602281036,   0.626,   1.151,9999.000,9999.000,9999.000,9999.000,9999.000,9999.000,9999.000
202602281042,   0.630,   1.138,9999.000,9999.000,9999.000,9999.000,9999.000,9999.000,9999.000
202602281048,   0.634,   1.161,9999.000,9999.000,9999.000,9999.000,9999.000,9999.000,9999.000
202602281054,   0.638,   1.180,9999.000,9999.000,9999.000,9999.000,9999.000,9999.000,9999.000
202602281100,   0.641,   1.170,   0.500,   0.029,   1.170,   0.500,   1.170,   0.500,   1.170
202602281106,   0.643,   1.151,9999.000,9999.000,9999.000,9999.000,9999.000,9999.000,9999.000
202602281112,   0.646,   1.170,9999.000,9999.000,9999.000,9999.000,9999.000,9999.000,9999.000
202602281118,   0.648,   1.161,9999.000,9999.000,9999.000,9999.000,9999.000,9999.000,9999.000
202602281124,   0.650,   1.180,9999.000,9999.000,9999.000,9999.000,9999.000,9999.000,9999.000
202602281130,   0.651,   1.161,9999.000,9999.000,9999.000,9999.000,9999.000,9999.000,9999.000
202602281136,   0.652,   1.180,9999.000,9999.000,9999.000,9999.000,9999.000,9999.000,9999.000
202602281142,   0.652,   1.180,9999.000,9999.000,9999.000,9999.000,9999.000,9999.000,9999.000
202602281148,   0.653,   1.170,9999.000,9999.000,9999.000,9999.000,9999.000,9999.000,9999.000
202602281154,   0.653,   1.161,9999.000,9999.000,9999.000,9999.000,9999.000,9999.000,9999.000
202602281200,   0.652,   1.190,   0.500,   0.038,   1.190,   0.500,   1.190,   0.500,   1.190
202602281206,   0.652,   1.170,9999.000,9999.000,9999.000,9999.000,9999.000,9999.000,9999.000
202602281212,   0.650,   1.170,9999.000,9999.000,9999.000,9999.000,9999.000,9999.000,9999.000
202602281218,   0.649,   1.180,9999.000,9999.000,9999.000,9999.000,9999.000,9999.000,9999.000
202602281224,   0.647,   1.180,9999.000,9999.000,9999.000,9999.000,9999.000,9999.000,9999.000
202602281230,   0.645,   1.161,9999.000,9999.000,9999.000,9999.000,9999.000,9999.000,9999.000
202602281236,   0.643,   1.161,9999.000,9999.000,9999.000,9999.000,9999.000,9999.000,9999.000
202602281242,   0.640,   1.180,9999.000,9999.000,9999.000,9999.000,9999.000,9999.000,9999.000
202602281248,   0.637,   1.151,9999.000,9999.000,9999.000,9999.000,9999.000,9999.000,9999.000
202602281254,   0.633,   1.161,9999.000,9999.000,9999.000,9999.000,9999.000,9999.000,9999.000
202602281300,   0.630,   1.151,   0.500,   0.021,   1.151,   0.500,   1.151,   0.500,   1.151
202602281306,   0.626,   1.170,9999.000,9999.000,9999.000,9999.000,9999.000,9999.000,9999.000
202602281312,   0.621,   1.151,9999.000,9999.000,9999.000,9999.000,9999.000,9999.000,9999.000
202602281318,   0.617,   1.151,9999.000,9999.000,9999.000,9999.000,9999.000,9999.000,9999.000
202602281324,   0.612,   1.128,9999.000,9999.000,9999.000,9999.000,9999.000,9999.000,9999.000
202602281330,   0.606,   1.151,9999.000,9999.000,9999.000,9999.000,9999.000,9999.000,9999.000
202602281336,   0.601,   1.128,9999.000,9999.000,9999.000,9999.000,9999.000,9999.000,9999.000
202602281342,   0.595,   1.138,9999.000,9999.000,9999.000,9999.000,9999.000,9999.000,9999.000
202602281348,   0.589,   1.098,9999.000,9999.000,9999.000,9999.000,9999.000,9999.000,9999.000
202602281354,   0.583,   1.128,9999.000,9999.000,9999.000,9999.000,9999.000,9999.000,9999.000
202602281400,   0.576,   1.108,   0.500,   0.032,   1.108,   0.500,   1.108,   0.500,   1.108
202602281406,   0.569,   1.088,9999.000,9999.000,9999.000,9999.000,9999.000,9999.000,9999.000
202602281412,   0.562,   1.088,9999.000,9999.000,9999.000,9999.000,9999.000,9999.000,9999.000
202602281418,   0.555,   1.079,9999.000,9999.000,9999.000,9999.000,9999.000,9999.000,9999.000
202602281424,   0.548,   1.059,9999.000,9999.000,9999.000,9999.000,9999.000,9999.000,9999.000
202602281430,   0.540,   1.069,9999.000,9999.000,9999.000,9999.000,9999.000,9999.000,9999.000
202602281436,   0.533,   1.059,9999.000,9999.000,9999.000,9999.000,9999.000,9999.000,9999.000
202602281442,   0.525,   1.049,9999.000,9999.000,9999.000,9999.000,9999.000,9999.000,9999.000
202602281448,   0.517,   1.069,9999.000,9999.000,9999.000,9999.000,9999.000,9999.000,9999.000
202602281454,   0.509,   1.020,9999.000,9999.000,9999.000,9999.000,9999.000,9999.000,9999.000
202602281500,   0.500,   1.049,   0.500,   0.049,   1.049,   0.500,   1.049,   0.500,   1.049
202602281506,   0.492,   1.000,9999.000,9999.000,9999.000,9999.000,9999.000,9999.000,9999.000
202602281512,   0.484,   1.010,9999.000,9999.000,9999.000,9999.000,9999.000,9999.000,9999.000
202602281518,   0.476,   1.010,9999.000,9999.000,9999.000,9999.000,9999.000,9999.000,9999.000
202602281524,   0.467,   0.990,9999.000,9999.000,9999.000,9999.000,9999.000,9999.000,9999.000
202602281530,   0.459,   0.961,9999.000,9999.000,9999.000,9999.000,9999.000,9999.000,9999.000
202602281536,   0.450,   0.951,9999.000,9999.000,9999.000,9999.000,9999.000,9999.000,9999.000
202602281542,   0.442,   0.961,9999.000,9999.000,9999.000,9999.000,9999.000,9999.000,9999.000
202602281548,   0.434,   0.898,9999.000,9999.000,9999.000,9999.000,9999.000,9999.000,9999.000
202602281554,   0.426,   0.928,9999.000,9999.000,9999.000,9999.000,9999.000,9999.000,9999.000
202602281600,   0.417,   0.898,   0.500,  -0.019,   0.898,   0.500,   0.898,   0.500,   0.898
202602281606,   0.409,   0.879,9999.000,9999.000,9999.000,9999.000,9999.000,9999.000,9999.000
202602281612,   0.401,   0.879,9999.000,9999.000,9999.000,9999.000,9999.000,9999.000,9999.000
202602281618,   0.393,   0.869,9999.000,9999.000,9999.000,9999.000,9999.000,9999.000,9999.000
202602281624,   0.385,   0.859,9999.000,9999.000,9999.000,9999.000,9999.000,9999.000,9999.000
202602281630,   0.378,   0.859,9999.000,9999.000,9999.000,9999.000,9999.000,9999.000,9999.000
202602281636,   0.370,   0.849,9999.000,9999.000,9999.000,9999.000,9999.000,9999.000,9999.000
202602281642,   0.363,   0.810,9999.000,9999.000,9999.000,9999.000,9999.000,9999.000,9999.000
202602281648,   0.355,   0.810,9999.000,9999.000,9999.000,9999.000,9999.000,9999.000,9999.000
202602281654,   0.348,   0.829,9999.000,9999.000,9999.000,9999.000,9999.000,9999.000,9999.000
202602281700,   0.341,   0.810,   0.500,  -0.031,   0.810,   0.500,   0.810,   0.500,   0.810
202602281706,   0.334,   0.790,9999.000,9999.000,9999.000,9999.000,9999.000,9999.000,9999.000
202602281712,   0.327,   0.800,9999.000,9999.000,9999.000,9999.000,9999.000,9999.000,9999.000
202602281718,   0.321,   0.751,9999.000,9999.000,9999.000,9999.000,9999.000,9999.000,9999.000
202602281724,   0.314,   0.760,9999.000,9999.000,9999.000,9999.000,9999.000,9999.000,9999.000
202602281730,   0.308,   0.770,9999.000,9999.000,9999.000,9999.000,9999.000,9999.000,9999.000
202602281736,   0.302,   0.751,9999.000,9999.000,9999.000,9999.000,9999.000,9999.000,9999.000
202602281742,   0.296,   0.760,9999.000,9999.000,9999.000,9999.000,9999.000,9999.000,9999.000
202602281748,   0.290,   0.751,9999.000,9999.000,9999.000,9999.000,9999.000,9999.000,9999.000
202602281754,   0.284,   0.731,9999.000,9999.000,9999.000,9999.000,9999.000,9999.000,9999.000
202602281800,   0.278,   0.731,   0.500,  -0.047,   0.731,   0.500,   0.731,   0.500,   0.731
202602281806,   0.272,   0.731,9999.000,9999.000,9999.000,9999.000,9999.000,9999.000,9999.000
202602281812,   0.266,   0.718,9999.000,9999.000,9999.000,9999.000,9999.000,9999.000,9999.000
202602281818,   0.261,   0.708,9999.000,9999.000,9999.000,9999.000,9999.000,9999.000,9999.000
202602281824,   0.255,   0.718,9999.000,9999.000,9999.000,9999.000,9999.000,9999.000,9999.000
202602281830,   0.250,   0.688,9999.000,9999.000,9999.000,9999.000,9999.000,9999.000,9999.000
202602281836,   0.244,   0.698,9999.000,9999.000,9999.000,9999.000,9999.000,9999.000,9999.000
202602281842,   0.239,   0.669,9999.000,9999.000,9999.000,9999.000,9999.000,9999.000,9999.000
202602281848,   0.234,   0.659,9999.000,9999.000,9999.000,9999.000,9999.000,9999.000,9999.000
202602281854,   0.228,   0.678,9999.000,9999.000,9999.000,9999.000,9999.000,9999.000,9999.000
202602281900,   0.223,   0.659,   0.500,  -0.064,   0.659,   0.500,   0.659,   0.500,   0.659
202602281906,   0.217,   0.678,9999.000,9999.000,9999.000,9999.000,9999.000,9999.000,9999.000
202602281912,   0.212,   0.659,9999.000,9999.000,9999.000,9999.000,9999.000,9999.000,9999.000
202602281918,   0.206,   0.659,9999.000,9999.000,9999.000,9999.000,9999.000,9999.000,9999.000
202602281924,   0.201,   0.639,9999.000,9999.000,9999.000,9999.000,9999.000,9999.000,9999.000
202602281930,   0.195,   0.639,9999.000,9999.000,9999.000,9999.000,9999.000,9999.000,9999.000
202602281936,   0.189,   0.649,9999.000,9999.000,9999.000,9999.000,9999.000,9999.000,9999.000
202602281942,   0.183,   0.629,9999.000,9999.000,9999.000,9999.000,9999.000,9999.000,9999.000
202602281948,   0.177,   0.629,9999.000,9999.000,9999.000,9999.000,9999.000,9999.000,9999.000
202602281954,   0.171,   0.610,9999.000,9999.000,9999.000,9999.000,9999.000,9999.000,9999.000
202602282000,   0.165,   0.619,   0.500,  -0.046,   0.619,   0.500,   0.619,   0.500,   0.619
202602282006,   0.159,   0.590,9999.000,9999.000,9999.000,9999.000,9999.000,9999.000,9999.000
202602282012,   0.152,   0.570,9999.000,9999.000,9999.000,9999.000,9999.000,9999.000,9999.000
202602282018,   0.146,   0.570,9999.000,9999.000,9999.000,9999.000,9999.000,9999.000,9999.000
202602282024,   0.139,   0.580,9999.000,9999.000,9999.000,9999.000,9999.000,9999.000,9999.000
202602282030,   0.132,   0.560,9999.000,9999.000,9999.000,9999.000,9999.000,9999.000,9999.000
202602282036,   0.125,   0.551,9999.000,9999.000,9999.000,9999.000,9999.000,9999.000,9999.000
202602282042,   0.118,   0.541,9999.000,9999.000,9999.000,9999.000,9999.000,9999.000,9999.000
202602282048,   0.111,   0.531,9999.000,9999.000,9999.000,9999.000,9999.000,9999.000,9999.000
202602282054,   0.104,   0.541,9999.000,9999.000,9999.000,9999.000,9999.000,9999.000,9999.000
202602282100,   0.097,   0.531,   0.500,  -0.066,   0.531,   0.500,   0.531,   0.600,   0.631
202602282106,   0.089,   0.518,9999.000,9999.000,9999.000,9999.000,9999.000,9999.000,9999.000
202602282112,   0.082,   0.518,9999.000,9999.000,9999.000,9999.000,9999.000,9999.000,9999.000
202602282118,   0.074,   0.498,9999.000,9999.000,9999.000,9999.000,9999.000,9999.000,9999.000
202602282124,   0.066,   0.478,9999.000,9999.000,9999.000,9999.000,9999.000,9999.000,9999.000
202602282130,   0.058,   0.508,9999.000,9999.000,9999.000,9999.000,9999.000,9999.000,9999.000
202602282136,   0.050,   0.498,9999.000,9999.000,9999.000,9999.000,9999.000,9999.000,9999.000
202602282142,   0.042,   0.478,9999.000,9999.000,9999.000,9999.000,9999.000,9999.000,9999.000
202602282148,   0.034,   0.478,9999.000,9999.000,9999.000,9999.000,9999.000,9999.000,9999.000
202602282154,   0.026,   0.439,9999.000,9999.000,9999.000,9999.000,9999.000,9999.000,9999.000
202602282200,   0.018,   0.459,   0.500,  -0.059,   0.459,   0.500,   0.459,   0.600,   0.559
202602282206,   0.010,   0.449,9999.000,9999.000,9999.000,9999.000,9999.000,9999.000,9999.000
202602282212,   0.002,   0.449,9999.000,9999.000,9999.000,9999.000,9999.000,9999.000,9999.000
202602282218,  -0.005,   0.439,9999.000,9999.000,9999.000,9999.000,9999.000,9999.000,9999.000
202602282224,  -0.014,   0.449,9999.000,9999.000,9999.000,9999.000,9999.000,9999.000,9999.000
202602282230,  -0.022,   0.439,9999.000,9999.000,9999.000,9999.000,9999.000,9999.000,9999.000
202602282236,  -0.030,   0.449,9999.000,9999.000,9999.000,9999.000,9999.000,9999.000,9999.000
202602282242,  -0.038,   0.429,9999.000,9999.000,9999.000,9999.000,9999.000,9999.000,9999.000
202602282248,  -0.046,   0.449,9999.000,9999.000,9999.000,9999.000,9999.000,9999.000,9999.000
202602282254,  -0.054,   0.419,9999.000,9999.000,9999.000,9999.000,9999.000,9999.000,9999.000
202602282300,  -0.062,   0.419,   0.500,  -0.019,   0.419,   0.500,   0.419,   0.600,   0.519
202602282306,  -0.070,   0.390,9999.000,9999.000,9999.000,9999.000,9999.000,9999.000,9999.000
202602282312,  -0.078,   0.400,9999.000,9999.000,9999.000,9999.000,9999.000,9999.000,9999.000
202602282318,  -0.086,   0.409,9999.000,9999.000,9999.000,9999.000,9999.000,9999.000,9999.000
202602282324,  -0.094,   0.380,9999.000,9999.000,9999.000,9999.000,9999.000,9999.000,9999.000
202602282330,  -0.101,   0.380,9999.000,9999.000,9999.000,9999.000,9999.000,9999.000,9999.000
202602282336,  -0.109,   0.370,9999.000,9999.000,9999.000,9999.000,9999.000,9999.000,9999.000
202602282342,  -0.116,   0.341,9999.000,9999.000,9999.000,9999.000,9999.000,9999.000,9999.000
202602282348,  -0.124,   0.360,9999.000,9999.000,9999.000,9999.000,9999.000,9999.000,9999.000
202602282354,  -0.131,   0.321,9999.000,9999.000,9999.000,9999.000,9999.000,9999.000,9999.000
202603010000,  -0.138,   0.321,   0.500,  -0.041,   0.321,   0.500,   0.321,   0.500,   0.321
202603010006,  -0.145,9999.000,9999.000,9999.000,9999.000,9999.000,9999.000,9999.000,9999.000
202603010012,  -0.152,9999.000,9999.000,9999.000,9999.000,9999.000,9999.000,9999.000,9999.000
202603010018,  -0.159,9999.000,9999.000,9999.000,9999.000,9999.000,9999.000,9999.000,9999.000
202603010024,  -0.165,   0.255,9999.000,9999.000,9999.000,9999.000,9999.000,9999.000,9999.000
202603010030,  -0.172,9999.000,9999.000,9999.000,9999.000,9999.000,9999.000,9999.000,9999.000
202603010036,  -0.178,9999.000,9999.000,9999.000,9999.000,9999.000,9999.000,9999.000,9999.000
202603010042,  -0.184,9999.000,9999.000,9999.000,9999.000,9999.000,9999.000,9999.000,9999.000
202603010048,  -0.190,   0.278,9999.000,9999.000,9999.000,9999.000,9999.000,9999.000,9999.000
202603010054,  -0.196,   0.249,9999.000,9999.000,9999.000,9999.000,9999.000,9999.000,9999.000
202603010100,  -0.202,   0.259,   0.500,  -0.039,   0.259,   0.500,   0.259,   0.500,   0.259
202603010106,  -0.207,   0.239,9999.000,9999.000,9999.000,9999.000,9999.000,9999.000,9999.000
202603010112,  -0.212,   0.229,9999.000,9999.000,9999.000,9999.000,9999.000,9999.000,9999.000
202603010118,  -0.218,   0.219,9999.000,9999.000,9999.000,9999.000,9999.000,9999.000,9999.000
202603010124,  -0.222,   0.209,9999.000,9999.000,9999.000,9999.000,9999.000,9999.000,9999.000
202603010130,  -0.227,   0.229,9999.000,9999.000,9999.000,9999.000,9999.000,9999.000,9999.000
202603010136,  -0.232,   0.219,9999.000,9999.000,9999.000,9999.000,9999.000,9999.000,9999.000
202603010142,  -0.236,   0.219,9999.000,9999.000,9999.000,9999.000,9999.000,9999.000,9999.000
202603010148,  -0.240,   0.200,9999.000,9999.000,9999.000,9999.000,9999.000,9999.000,9999.000
202603010154,  -0.244,   0.190,9999.000,9999.000,9999.000,9999.000,9999.000,9999.000,9999.000
202603010200,  -0.247,   0.200,   0.500,  -0.053,   0.200,   0.500,   0.200,   0.500,   0.200
202603010206,  -0.251,   0.180,9999.000,9999.000,9999.000,9999.000,9999.000,9999.000,9999.000
202603010212,  -0.254,   0.170,9999.000,9999.000,9999.000,9999.000,9999.000,9999.000,9999.000
202603010218,  -0.256,   0.190,9999.000,9999.000,9999.000,9999.000,9999.000,9999.000,9999.000
202603010224,  -0.259,   0.180,9999.000,9999.000,9999.000,9999.000,9999.000,9999.000,9999.000
202603010230,  -0.261,   0.180,9999.000,9999.000,9999.000,9999.000,9999.000,9999.000,9999.000
202603010236,  -0.262,   0.141,9999.000,9999.000,9999.000,9999.000,9999.000,9999.000,9999.000
202603010242,  -0.264,   0.170,9999.000,9999.000,9999.000,9999.000,9999.000,9999.000,9999.000
202603010248,  -0.265,   0.160,9999.000,9999.000,9999.000,9999.000,9999.000,9999.000,9999.000
202603010254,  -0.265,   0.170,9999.000,9999.000,9999.000,9999.000,9999.000,9999.000,9999.000
202603010300,  -0.266,   0.170,   0.500,  -0.064,   0.170,   0.500,   0.170,   0.500,   0.170
202603010306,  -0.265,   0.150,9999.000,9999.000,9999.000,9999.000,9999.000,9999.000,9999.000
202603010312,  -0.265,   0.170,9999.000,9999.000,9999.000,9999.000,9999.000,9999.000,9999.000
202603010318,  -0.264,   0.160,9999.000,9999.000,9999.000,9999.000,9999.000,9999.000,9999.000
202603010324,  -0.262,   0.160,9999.000,9999.000,9999.000,9999.000,9999.000,9999.000,9999.000
202603010330,  -0.260,   0.170,9999.000,9999.000,9999.000,9999.000,9999.000,9999.000,9999.000
202603010336,  -0.258,   0.150,9999.000,9999.000,9999.000,9999.000,9999.000,9999.000,9999.000
202603010342,  -0.255,   0.150,9999.000,9999.000,9999.000,9999.000,9999.000,9999.000,9999.000
202603010348,  -0.251,   0.150,9999.000,9999.000,9999.000,9999.000,9999.000,9999.000,9999.000
202603010354,  -0.248,   0.160,9999.000,9999.000,9999.000,9999.000,9999.000,9999.000,9999.000
202603010400,  -0.243,   0.180,   0.500,  -0.077,   0.180,   0.500,   0.180,   0.500,   0.180
202603010406,  -0.238,   0.150,9999.000,9999.000,9999.000,9999.000,9999.000,9999.000,9999.000
202603010412,  -0.233,   0.170,9999.000,9999.000,9999.000,9999.000,9999.000,9999.000,9999.000
202603010418,  -0.226,   0.160,9999.000,9999.000,9999.000,9999.000,9999.000,9999.000,9999.000
202603010424,  -0.220,   0.170,9999.000,9999.000,9999.000,9999.000,9999.000,9999.000,9999.000
202603010430,  -0.213,   0.180,9999.000,9999.000,9999.000,9999.000,9999.000,9999.000,9999.000
202603010436,  -0.205,   0.200,9999.000,9999.000,9999.000,9999.000,9999.000,9999.000,9999.000
202603010442,  -0.197,   0.209,9999.000,9999.000,9999.000,9999.000,9999.000,9999.000,9999.000
202603010448,  -0.188,   0.209,9999.000,9999.000,9999.000,9999.000,9999.000,9999.000,9999.000
202603010454,  -0.179,   0.200,9999.000,9999.000,9999.000,9999.000,9999.000,9999.000,9999.000
202603010500,  -0.169,   0.200,   0.500,  -0.131,   0.200,   0.500,   0.200,   0.500,   0.200
202603010506,  -0.158,   0.209,9999.000,9999.000,9999.000,9999.000,9999.000,9999.000,9999.000
202603010512,  -0.148,   0.239,9999.000,9999.000,9999.000,9999.000,9999.000,9999.000,9999.000
202603010518,  -0.136,   0.249,9999.000,9999.000,9999.000,9999.000,9999.000,9999.000,9999.000
202603010524,  -0.124,   0.268,9999.000,9999.000,9999.000,9999.000,9999.000,9999.000,9999.000
202603010530,  -0.112,   0.278,9999.000,9999.000,9999.000,9999.000,9999.000,9999.000,9999.000
202603010536,  -0.099,   0.268,9999.000,9999.000,9999.000,9999.000,9999.000,9999.000,9999.000
202603010542,  -0.086,   0.288,9999.000,9999.000,9999.000,9999.000,9999.000,9999.000,9999.000
202603010548,  -0.072,   0.298,9999.000,9999.000,9999.000,9999.000,9999.000,9999.000,9999.000
202603010554,  -0.058,   0.298,9999.000,9999.000,9999.000,9999.000,9999.000,9999.000,9999.000
202603010600,  -0.043,   0.308,   0.500,  -0.149,   0.308,   0.400,   0.208,   0.500,   0.308
202603010606,  -0.029,   0.321,9999.000,9999.000,9999.000,9999.000,9999.000,9999.000,9999.000
202603010612,  -0.014,   0.350,9999.000,9999.000,9999.000,9999.000,9999.000,9999.000,9999.000
202603010618,   0.001,   0.350,9999.000,9999.000,9999.000,9999.000,9999.000,9999.000,9999.000
202603010624,   0.017,   0.360,9999.000,9999.000,9999.000,9999.000,9999.000,9999.000,9999.000
202603010630,   0.033,   0.390,9999.000,9999.000,9999.000,9999.000,9999.000,9999.000,9999.000
202603010636,   0.049,   0.419,9999.000,9999.000,9999.000,9999.000,9999.000,9999.000,9999.000
202603010642,   0.065,   0.429,9999.000,9999.000,9999.000,9999.000,9999.000,9999.000,9999.000
202603010648,   0.082,   0.429,9999.000,9999.000,9999.000,9999.000,9999.000,9999.000,9999.000
202603010654,   0.098,   0.449,9999.000,9999.000,9999.000,9999.000,9999.000,9999.000,9999.000
202603010700,   0.115,   0.469,   0.500,  -0.146,   0.469,   0.400,   0.369,   0.500,   0.469
202603010706,   0.132,   0.488,9999.000,9999.000,9999.000,9999.000,9999.000,9999.000,9999.000
202603010712,   0.149,   0.508,9999.000,9999.000,9999.000,9999.000,9999.000,9999.000,9999.000
202603010718,   0.166,   0.541,9999.000,9999.000,9999.000,9999.000,9999.000,9999.000,9999.000
202603010724,   0.182,   0.551,9999.000,9999.000,9999.000,9999.000,9999.000,9999.000,9999.000
202603010730,   0.199,   0.541,9999.000,9999.000,9999.000,9999.000,9999.000,9999.000,9999.000
202603010736,   0.216,   0.580,9999.000,9999.000,9999.000,9999.000,9999.000,9999.000,9999.000
202603010742,   0.232,   0.560,9999.000,9999.000,9999.000,9999.000,9999.000,9999.000,9999.000
202603010748,   0.249,   0.600,9999.000,9999.000,9999.000,9999.000,9999.000,9999.000,9999.000
202603010754,   0.265,   0.619,9999.000,9999.000,9999.000,9999.000,9999.000,9999.000,9999.000
202603010800,   0.281,   0.639,   0.500,  -0.142,   0.639,   0.400,   0.539,   0.500,   0.639
202603010806,   0.297,   0.659,9999.000,9999.000,9999.000,9999.000,9999.000,9999.000,9999.000
202603010812,   0.312,   0.698,9999.000,9999.000,9999.000,9999.000,9999.000,9999.000,9999.000
202603010818,   0.328,   0.698,9999.000,9999.000,9999.000,9999.000,9999.000,9999.000,9999.000
202603010824,   0.343,   0.718,9999.000,9999.000,9999.000,9999.000,9999.000,9999.000,9999.000
202603010830,   0.358,   0.731,9999.000,9999.000,9999.000,9999.000,9999.000,9999.000,9999.000
202603010836,   0.372,   0.751,9999.000,9999.000,9999.000,9999.000,9999.000,9999.000,9999.000
202603010842,   0.386,   0.760,9999.000,9999.000,9999.000,9999.000,9999.000,9999.000,9999.000
202603010848,   0.400,   0.770,9999.000,9999.000,9999.000,9999.000,9999.000,9999.000,9999.000
202603010854,   0.413,   0.780,9999.000,9999.000,9999.000,9999.000,9999.000,9999.000,9999.000
202603010900,   0.426,   0.790,   0.500,  -0.136,   0.790,   0.400,   0.690,   0.500,   0.790
202603010906,   0.439,   0.800,9999.000,9999.000,9999.000,9999.000,9999.000,9999.000,9999.000
202603010912,   0.451,   0.819,9999.000,9999.000,9999.000,9999.000,9999.000,9999.000,9999.000
202603010918,   0.463,   0.829,9999.000,9999.000,9999.000,9999.000,9999.000,9999.000,9999.000
202603010924,   0.474,   0.839,9999.000,9999.000,9999.000,9999.000,9999.000,9999.000,9999.000
202603010930,   0.485,   0.839,9999.000,9999.000,9999.000,9999.000,9999.000,9999.000,9999.000
202603010936,   0.496,   0.888,9999.000,9999.000,9999.000,9999.000,9999.000,9999.000,9999.000
202603010942,   0.506,   0.879,9999.000,9999.000,9999.000,9999.000,9999.000,9999.000,9999.000
202603010948,   0.516,   0.908,9999.000,9999.000,9999.000,9999.000,9999.000,9999.000,9999.000
202603010954,   0.525,   0.898,9999.000,9999.000,9999.000,9999.000,9999.000,9999.000,9999.000
202603011000,   0.534,   0.918,   0.500,  -0.116,   0.918,   0.400,   0.818,   0.500,   0.918
202603011006,   0.542,   0.928,9999.000,9999.000,9999.000,9999.000,9999.000,9999.000,9999.000
202603011012,   0.550,   0.941,9999.000,9999.000,9999.000,9999.000,9999.000,9999.000,9999.000
202603011018,   0.558,   0.961,9999.000,9999.000,9999.000,9999.000,9999.000,9999.000,9999.000
202603011024,   0.565,   0.980,9999.000,9999.000,9999.000,9999.000,9999.000,9999.000,9999.000
202603011030,   0.572,   1.010,9999.000,9999.000,9999.000,9999.000,9999.000,9999.000,9999.000
202603011036,   0.578,   1.000,9999.000,9999.000,9999.000,9999.000,9999.000,9999.000,9999.000
202603011042,   0.584,   1.000,9999.000,9999.000,9999.000,9999.000,9999.000,9999.000,9999.000
202603011048,   0.590,   1.010,9999.000,9999.000,9999.000,9999.000,9999.000,9999.000,9999.000
202603011054,   0.595,   1.029,9999.000,9999.000,9999.000,9999.000,9999.000,9999.000,9999.000
202603011100,   0.600,   1.020,   0.400,   0.020,   1.020,   0.400,   1.020,   0.500,   1.120
202603011106,   0.604,   1.020,9999.000,9999.000,9999.000,9999.000,9999.000,9999.000,9999.000
202603011112,   0.608,   1.039,9999.000,9999.000,9999.000,9999.000,9999.000,9999.000,9999.000
202603011118,   0.612,   1.029,9999.000,9999.000,9999.000,9999.000,9999.000,9999.000,9999.000
202603011124,   0.615,   1.059,9999.000,9999.000,9999.000,9999.000,9999.000,9999.000,9999.000
202603011130,   0.618,   1.059,9999.000,9999.000,9999.000,9999.000,9999.000,9999.000,9999.000
202603011136,   0.621,   1.039,9999.000,9999.000,9999.000,9999.000,9999.000,9999.000,9999.000
202603011142,   0.623,   1.059,9999.000,9999.000,9999.000,9999.000,9999.000,9999.000,9999.000
202603011148,   0.625,   1.039,9999.000,9999.000,9999.000,9999.000,9999.000,9999.000,9999.000
202603011154,   0.626,   1.039,9999.000,9999.000,9999.000,9999.000,9999.000,9999.000,9999.000
202603011200,   0.628,   1.059,   0.300,   0.131,   1.059,   0.300,   1.059,   0.300,   1.059
202603011206,   0.628,   1.049,9999.000,9999.000,9999.000,9999.000,9999.000,9999.000,9999.000
202603011212,   0.629,   1.069,9999.000,9999.000,9999.000,9999.000,9999.000,9999.000,9999.000
202603011218,   0.629,   1.049,9999.000,9999.000,9999.000,9999.000,9999.000,9999.000,9999.000
202603011224,   0.629,   1.069,9999.000,9999.000,9999.000,9999.000,9999.000,9999.000,9999.000
202603011230,   0.628,   1.059,9999.000,9999.000,9999.000,9999.000,9999.000,9999.000,9999.000
202603011236,   0.627,   1.059,9999.000,9999.000,9999.000,9999.000,9999.000,9999.000,9999.000
202603011242,   0.626,   1.049,9999.000,9999.000,9999.000,9999.000,9999.000,9999.000,9999.000
202603011248,   0.624,   1.049,9999.000,9999.000,9999.000,9999.000,9999.000,9999.000,9999.000
202603011254,   0.622,   1.029,9999.000,9999.000,9999.000,9999.000,9999.000,9999.000,9999.000
202603011300,   0.620,   1.029,   0.300,   0.109,   1.029,   0.300,   1.029,   0.300,   1.029
202603011306,   0.617,   1.020,9999.000,9999.000,9999.000,9999.000,9999.000,9999.000,9999.000
202603011312,   0.614,   1.039,9999.000,9999.000,9999.000,9999.000,9999.000,9999.000,9999.000
202603011318,   0.611,   1.029,9999.000,9999.000,9999.000,9999.000,9999.000,9999.000,9999.000
202603011324,   0.607,   1.039,9999.000,9999.000,9999.000,9999.000,9999.000,9999.000,9999.000
202603011330,   0.603,   1.010,9999.000,9999.000,9999.000,9999.000,9999.000,9999.000,9999.000
202603011336,   0.599,   1.039,9999.000,9999.000,9999.000,9999.000,9999.000,9999.000,9999.000
202603011342,   0.594,   1.000,9999.000,9999.000,9999.000,9999.000,9999.000,9999.000,9999.000
202603011348,   0.589,   1.010,9999.000,9999.000,9999.000,9999.000,9999.000,9999.000,9999.000
202603011354,   0.584,   1.000,9999.000,9999.000,9999.000,9999.000,9999.000,9999.000,9999.000
202603011400,   0.579,   0.990,   0.300,   0.111,   0.990,   0.300,   0.990,   0.300,   0.990
202603011406,   0.573,   0.990,9999.000,9999.000,9999.000,9999.000,9999.000,9999.000,9999.000
202603011412,   0.567,   1.000,9999.000,9999.000,9999.000,9999.000,9999.000,9999.000,9999.000
202603011418,   0.561,   0.980,9999.000,9999.000,9999.000,9999.000,9999.000,9999.000,9999.000
202603011424,   0.554,   0.980,9999.000,9999.000,9999.000,9999.000,9999.000,9999.000,9999.000
202603011430,   0.548,   0.980,9999.000,9999.000,9999.000,9999.000,9999.000,9999.000,9999.000
202603011436,   0.541,   0.961,9999.000,9999.000,9999.000,9999.000,9999.000,9999.000,9999.000
202603011442,   0.534,   0.961,9999.000,9999.000,9999.000,9999.000,9999.000,9999.000,9999.000
202603011448,   0.526,   0.941,9999.000,9999.000,9999.000,9999.000,9999.000,9999.000,9999.000
202603011454,   0.519,   0.918,9999.000,9999.000,9999.000,9999.000,9999.000,9999.000,9999.000
202603011500,   0.511,   0.928,   0.300,   0.117,   0.928,   0.300,   0.928,   0.300,   0.928
202603011506,   0.503,   0.941,9999.000,9999.000,9999.000,9999.000,9999.000,9999.000,9999.000
202603011512,   0.496,   0.898,9999.000,9999.000,9999.000,9999.000,9999.000,9999.000,9999.000
202603011518,   0.488,   0.908,9999.000,9999.000,9999.000,9999.000,9999.000,9999.000,9999.000
202603011524,   0.479,   0.908,9999.000,9999.000,9999.000,9999.000,9999.000,9999.000,9999.000
202603011530,   0.471,   0.908,9999.000,9999.000,9999.000,9999.000,9999.000,9999.000,9999.000
202603011536,   0.463,   0.879,9999.000,9999.000,9999.000,9999.000,9999.000,9999.000,9999.000
202603011542,   0.455,   0.879,9999.000,9999.000,9999.000,9999.000,9999.000,9999.000,9999.000
202603011548,   0.447,   0.888,9999.000,9999.000,9999.000,9999.000,9999.000,9999.000,9999.000
202603011554,   0.439,   0.879,9999.000,9999.000,9999.000,9999.000,9999.000,9999.000,9999.000
202603011600,   0.430,   0.879,   0.300,   0.149,   0.879,   0.300,   0.879,   0.300,   0.879
202603011606,   0.422,   0.869,9999.000,9999.000,9999.000,9999.000,9999.000,9999.000,9999.000
202603011612,   0.414,   0.869,9999.000,9999.000,9999.000,9999.000,9999.000,9999.000,9999.000
202603011618,   0.406,   0.869,9999.000,9999.000,9999.000,9999.000,9999.000,9999.000,9999.000
202603011624,   0.399,   0.879,9999.000,9999.000,9999.000,9999.000,9999.000,9999.000,9999.000
202603011630,   0.391,   0.849,9999.000,9999.000,9999.000,9999.000,9999.000,9999.000,9999.000
202603011636,   0.383,   0.859,9999.000,9999.000,9999.000,9999.000,9999.000,9999.000,9999.000
202603011642,   0.376,   0.849,9999.000,9999.000,9999.000,9999.000,9999.000,9999.000,9999.000
202603011648,   0.369,   0.849,9999.000,9999.000,9999.000,9999.000,9999.000,9999.000,9999.000
202603011654,   0.362,   0.839,9999.000,9999.000,9999.000,9999.000,9999.000,9999.000,9999.000
202603011700,   0.355,   0.859,   0.300,   0.204,   0.859,   0.300,   0.859,   0.400,   0.959
202603011706,   0.348,   0.829,9999.000,9999.000,9999.000,9999.000,9999.000,9999.000,9999.000
202603011712,   0.342,   0.819,9999.000,9999.000,9999.000,9999.000,9999.000,9999.000,9999.000
202603011718,   0.336,   0.829,9999.000,9999.000,9999.000,9999.000,9999.000,9999.000,9999.000
202603011724,   0.330,   0.810,9999.000,9999.000,9999.000,9999.000,9999.000,9999.000,9999.000
202603011730,   0.324,   0.800,9999.000,9999.000,9999.000,9999.000,9999.000,9999.000,9999.000
202603011736,   0.319,   0.800,9999.000,9999.000,9999.000,9999.000,9999.000,9999.000,9999.000
202603011742,   0.313,   0.790,9999.000,9999.000,9999.000,9999.000,9999.000,9999.000,9999.000
202603011748,   0.308,   0.780,9999.000,9999.000,9999.000,9999.000,9999.000,9999.000,9999.000
202603011754,   0.304,   0.780,9999.000,9999.000,9999.000,9999.000,9999.000,9999.000,9999.000
202603011800,   0.299,   0.780,   0.400,   0.081,   0.780,   0.400,   0.780,   0.400,   0.780
202603011806,   0.295,   0.770,9999.000,9999.000,9999.000,9999.000,9999.000,9999.000,9999.000
202603011812,   0.291,   0.780,9999.000,9999.000,9999.000,9999.000,9999.000,9999.000,9999.000
202603011818,   0.287,   0.770,9999.000,9999.000,9999.000,9999.000,9999.000,9999.000,9999.000
202603011824,   0.283,   0.751,9999.000,9999.000,9999.000,9999.000,9999.000,9999.000,9999.000
202603011830,   0.280,   0.760,9999.000,9999.000,9999.000,9999.000,9999.000,9999.000,9999.000
202603011836,   0.276,   0.741,9999.000,9999.000,9999.000,9999.000,9999.000,9999.000,9999.000
202603011842,   0.273,   0.731,9999.000,9999.000,9999.000,9999.000,9999.000,9999.000,9999.000
202603011848,   0.270,   0.718,9999.000,9999.000,9999.000,9999.000,9999.000,9999.000,9999.000
202603011854,   0.267,   0.731,9999.000,9999.000,9999.000,9999.000,9999.000,9999.000,9999.000
202603011900,   0.265,   0.731,   0.400,   0.066,   0.731,   0.300,   0.631,   0.400,   0.731
202603011906,   0.262,   0.708,9999.000,9999.000,9999.000,9999.000,9999.000,9999.000,9999.000
202603011912,   0.259,   0.708,9999.000,9999.000,9999.000,9999.000,9999.000,9999.000,9999.000
202603011918,   0.257,   0.718,9999.000,9999.000,9999.000,9999.000,9999.000,9999.000,9999.000
202603011924,   0.254,   0.708,9999.000,9999.000,9999.000,9999.000,9999.000,9999.000,9999.000
202603011930,   0.252,   0.718,9999.000,9999.000,9999.000,9999.000,9999.000,9999.000,9999.000
202603011936,   0.250,   0.698,9999.000,9999.000,9999.000,9999.000,9999.000,9999.000,9999.000
202603011942,   0.247,   0.698,9999.000,9999.000,9999.000,9999.000,9999.000,9999.000,9999.000
202603011948,   0.245,   0.688,9999.000,9999.000,9999.000,9999.000,9999.000,9999.000,9999.000
202603011954,   0.243,   0.678,9999.000,9999.000,9999.000,9999.000,9999.000,9999.000,9999.000
202603012000,   0.240,   0.688,   0.400,   0.048,   0.688,   0.400,   0.688,   0.400,   0.688
202603012006,   0.238,   0.688,9999.000,9999.000,9999.000,9999.000,9999.000,9999.000,9999.000
202603012012,   0.235,   0.688,9999.000,9999.000,9999.000,9999.000,9999.000,9999.000,9999.000
202603012018,   0.233,   0.688,9999.000,9999.000,9999.000,9999.000,9999.000,9999.000,9999.000
202603012024,   0.230,   0.678,9999.000,9999.000,9999.000,9999.000,9999.000,9999.000,9999.000
202603012030,   0.227,   0.669,9999.000,9999.000,9999.000,9999.000,9999.000,9999.000,9999.000
202603012036,   0.224,   0.678,9999.000,9999.000,9999.000,9999.000,9999.000,9999.000,9999.000
202603012042,   0.221,   0.669,9999.000,9999.000,9999.000,9999.000,9999.000,9999.000,9999.000
202603012048,   0.218,   0.678,9999.000,9999.000,9999.000,9999.000,9999.000,9999.000,9999.000
202603012054,   0.215,   0.649,9999.000,9999.000,9999.000,9999.000,9999.000,9999.000,9999.000
202603012100,   0.211,   0.639,   0.400,   0.028,   0.639,   0.400,   0.639,   0.400,   0.639
202603012106,   0.208,   0.649,9999.000,9999.000,9999.000,9999.000,9999.000,9999.000,9999.000
202603012112,   0.204,   0.649,9999.000,9999.000,9999.000,9999.000,9999.000,9999.000,9999.000
202603012118,   0.200,   0.649,9999.000,9999.000,9999.000,9999.000,9999.000,9999.000,9999.000
202603012124,   0.196,   0.639,9999.000,9999.000,9999.000,9999.000,9999.000,9999.000,9999.000
202603012130,   0.191,   0.639,9999.000,9999.000,9999.000,9999.000,9999.000,9999.000,9999.000
202603012136,   0.187,   0.600,9999.000,9999.000,9999.000,9999.000,9999.000,9999.000,9999.000
202603012142,   0.182,   0.619,9999.000,9999.000,9999.000,9999.000,9999.000,9999.000,9999.000
202603012148,   0.177,   0.619,9999.000,9999.000,9999.000,9999.000,9999.000,9999.000,9999.000
202603012154,   0.172,   0.610,9999.000,9999.000,9999.000,9999.000,9999.000,9999.000,9999.000
202603012200,   0.167,   0.610,   0.400,   0.043,   0.610,   0.400,   0.610,   0.400,   0.610
202603012206,   0.162,   0.600,9999.000,9999.000,9999.000,9999.000,9999.000,9999.000,9999.000
202603012212,   0.156,   0.610,9999.000,9999.000,9999.000,9999.000,9999.000,9999.000,9999.000
202603012218,   0.151,   0.600,9999.000,9999.000,9999.000,9999.000,9999.000,9999.000,9999.000
202603012224,   0.145,   0.580,9999.000,9999.000,9999.000,9999.000,9999.000,9999.000,9999.000
202603012230,   0.139,   0.580,9999.000,9999.000,9999.000,9999.000,9999.000,9999.000,9999.000
202603012236,   0.133,   0.560,9999.000,9999.000,9999.000,9999.000,9999.000,9999.000,9999.000
202603012242,   0.127,   0.580,9999.000,9999.000,9999.000,9999.000,9999.000,9999.000,9999.000
202603012248,   0.120,   0.570,9999.000,9999.000,9999.000,9999.000,9999.000,9999.000,9999.000
202603012254,   0.114,   0.570,9999.000,9999.000,9999.000,9999.000,9999.000,9999.000,9999.000
202603012300,   0.107,   0.580,   0.400,   0.073,   0.580,   0.400,   0.580,   0.400,   0.580
202603012306,   0.101,   0.560,9999.000,9999.000,9999.000,9999.000,9999.000,9999.000,9999.000
202603012312,   0.094,   0.560,9999.000,9999.000,9999.000,9999.000,9999.000,9999.000,9999.000
202603012318,   0.087,   0.551,9999.000,9999.000,9999.000,9999.000,9999.000,9999.000,9999.000
202603012324,   0.080,   0.541,9999.000,9999.000,9999.000,9999.000,9999.000,9999.000,9999.000
202603012330,   0.073,   0.518,9999.000,9999.000,9999.000,9999.000,9999.000,9999.000,9999.000
202603012336,   0.067,   0.531,9999.000,9999.000,9999.000,9999.000,9999.000,9999.000,9999.000
202603012342,   0.060,   0.518,9999.000,9999.000,9999.000,9999.000,9999.000,9999.000,9999.000
202603012348,   0.052,   0.518,9999.000,9999.000,9999.000,9999.000,9999.000,9999.000,9999.000
202603012354,   0.045,   0.508,9999.000,9999.000,9999.000,9999.000,9999.000,9999.000,9999.000
202603020000,   0.038,   0.498,   0.500,  -0.040,   0.498,   0.400,   0.398,   0.500,   0.498
202603020006,   0.031,   0.508,9999.000,9999.000,9999.000,9999.000,9999.000,9999.000,9999.000
202603020012,   0.024,   0.488,9999.000,9999.000,9999.000,9999.000,9999.000,9999.000,9999.000
202603020018,   0.017,   0.469,9999.000,9999.000,9999.000,9999.000,9999.000,9999.000,9999.000
202603020024,   0.010,   0.469,9999.000,9999.000,9999.000,9999.000,9999.000,9999.000,9999.000
202603020030,   0.003,   0.449,9999.000,9999.000,9999.000,9999.000,9999.000,9999.000,9999.000
202603020036,  -0.003,   0.449,9999.000,9999.000,9999.000,9999.000,9999.000,9999.000,9999.000
202603020042,  -0.010,   0.439,9999.000,9999.000,9999.000,9999.000,9999.000,9999.000,9999.000
202603020048,  -0.017,   0.459,9999.000,9999.000,9999.000,9999.000,9999.000,9999.000,9999.000
202603020054,  -0.024,   0.419,9999.000,9999.000,9999.000,9999.000,9999.000,9999.000,9999.000
202603020100,  -0.031,   0.439,   0.500,  -0.030,   0.439,   0.400,   0.339,   0.500,   0.439
202603020106,  -0.038,   0.390,9999.000,9999.000,9999.000,9999.000,9999.000,9999.000,9999.000
202603020112,  -0.045,   0.419,9999.000,9999.000,9999.000,9999.000,9999.000,9999.000,9999.000
202603020118,  -0.052,   0.419,9999.000,9999.000,9999.000,9999.000,9999.000,9999.000,9999.000
202603020124,  -0.059,   0.400,9999.000,9999.000,9999.000,9999.000,9999.000,9999.000,9999.000
202603020130,  -0.065,   0.419,9999.000,9999.000,9999.000,9999.000,9999.000,9999.000,9999.000
202603020136,  -0.072,   0.370,9999.000,9999.000,9999.000,9999.000,9999.000,9999.000,9999.000
202603020142,  -0.078,   0.380,9999.000,9999.000,9999.000,9999.000,9999.000,9999.000,9999.000
202603020148,  -0.085,   0.331,9999.000,9999.000,9999.000,9999.000,9999.000,9999.000,9999.000
202603020154,  -0.091,   0.341,9999.000,9999.000,9999.000,9999.000,9999.000,9999.000,9999.000
202603020200,  -0.097,   0.350,   0.500,  -0.053,   0.350,   0.400,   0.250,   0.500,   0.350
202603020206,  -0.103,   0.341,9999.000,9999.000,9999.000,9999.000,9999.000,9999.000,9999.000
202603020212,  -0.109,   0.321,9999.000,9999.000,9999.000,9999.000,9999.000,9999.000,9999.000
202603020218,  -0.114,   0.341,9999.000,9999.000,9999.000,9999.000,9999.000,9999.000,9999.000
202603020224,  -0.120,   0.288,9999.000,9999.000,9999.000,9999.000,9999.000,9999.000,9999.000
202603020230,  -0.125,   0.288,9999.000,9999.000,9999.000,9999.000,9999.000,9999.000,9999.000
202603020236,  -0.131,   0.288,9999.000,9999.000,9999.000,9999.000,9999.000,9999.000,9999.000
202603020242,  -0.136,   0.268,9999.000,9999.000,9999.000,9999.000,9999.000,9999.000,9999.000
202603020248,  -0.140,   0.278,9999.000,9999.000,9999.000,9999.000,9999.000,9999.000,9999.000
202603020254,  -0.145,   0.278,9999.000,9999.000,9999.000,9999.000,9999.000,9999.000,9999.000
202603020300,  -0.149,   0.278,   0.500,  -0.073,   0.278,   0.400,   0.178,   0.500,   0.278
202603020306,  -0.153,   0.268,9999.000,9999.000,9999.000,9999.000,9999.000,9999.000,9999.000
202603020312,  -0.157,   0.249,9999.000,9999.000,9999.000,9999.000,9999.000,9999.000,9999.000
202603020318,  -0.160,   0.259,9999.000,9999.000,9999.000,9999.000,9999.000,9999.000,9999.000
202603020324,  -0.163,   0.249,9999.000,9999.000,9999.000,9999.000,9999.000,9999.000,9999.000
202603020330,  -0.166,   0.239,9999.000,9999.000,9999.000,9999.000,9999.000,9999.000,9999.000
202603020336,  -0.168,   0.259,9999.000,9999.000,9999.000,9999.000,9999.000,9999.000,9999.000
202603020342,  -0.170,   0.239,9999.000,9999.000,9999.000,9999.000,9999.000,9999.000,9999.000
202603020348,  -0.172,   0.239,9999.000,9999.000,9999.000,9999.000,9999.000,9999.000,9999.000
202603020354,  -0.173,   0.239,9999.000,9999.000,9999.000,9999.000,9999.000,9999.000,9999.000
202603020400,  -0.174,   0.249,   0.500,  -0.077,   0.249,   0.400,   0.149,   0.500,   0.249
202603020406,  -0.174,   0.249,9999.000,9999.000,9999.000,9999.000,9999.000,9999.000,9999.000
202603020412,  -0.174,   0.249,9999.000,9999.000,9999.000,9999.000,9999.000,9999.000,9999.000
202603020418,  -0.174,   0.268,9999.000,9999.000,9999.000,9999.000,9999.000,9999.000,9999.000
202603020424,  -0.173,   0.259,9999.000,9999.000,9999.000,9999.000,9999.000,9999.000,9999.000
202603020430,  -0.171,   0.259,9999.000,9999.000,9999.000,9999.000,9999.000,9999.000,9999.000
202603020436,  -0.169,   0.268,9999.000,9999.000,9999.000,9999.000,9999.000,9999.000,9999.000
202603020442,  -0.166,   0.249,9999.000,9999.000,9999.000,9999.000,9999.000,9999.000,9999.000
202603020448,  -0.163,   0.268,9999.000,9999.000,9999.000,9999.000,9999.000,9999.000,9999.000
202603020454,  -0.160,   0.268,9999.000,9999.000,9999.000,9999.000,9999.000,9999.000,9999.000
202603020500,  -0.155,   0.278,   0.500,  -0.067,   0.278,   0.500,   0.278,   0.500,   0.278
202603020506,  -0.151,   0.268,9999.000,9999.000,9999.000,9999.000,9999.000,9999.000,9999.000
202603020512,  -0.145,   0.268,9999.000,9999.000,9999.000,9999.000,9999.000,9999.000,9999.000
202603020518,  -0.139,   0.278,9999.000,9999.000,9999.000,9999.000,9999.000,9999.000,9999.000
202603020524,  -0.133,   0.278,9999.000,9999.000,9999.000,9999.000,9999.000,9999.000,9999.000
202603020530,  -0.126,   0.268,9999.000,9999.000,9999.000,9999.000,9999.000,9999.000,9999.000
202603020536,  -0.118,   0.278,9999.000,9999.000,9999.000,9999.000,9999.000,9999.000,9999.000
202603020542,  -0.110,   0.288,9999.000,9999.000,9999.000,9999.000,9999.000,9999.000,9999.000
202603020548,  -0.101,   0.298,9999.000,9999.000,9999.000,9999.000,9999.000,9999.000,9999.000
202603020554,  -0.092,   0.308,9999.000,9999.000,9999.000,9999.000,9999.000,9999.000,9999.000
202603020600,  -0.082,   0.341,   0.500,  -0.077,   0.341,   0.500,   0.341,   0.500,   0.341
202603020606,  -0.072,   0.341,9999.000,9999.000,9999.000,9999.000,9999.000,9999.000,9999.000
202603020612,  -0.061,   0.321,9999.000,9999.000,9999.000,9999.000,9999.000,9999.000,9999.000
202603020618,  -0.050,   0.331,9999.000,9999.000,9999.000,9999.000,9999.000,9999.000,9999.000
202603020624,  -0.038,   0.360,9999.000,9999.000,9999.000,9999.000,9999.000,9999.000,9999.000
202603020630,  -0.026,   0.370,9999.000,9999.000,9999.000,9999.000,9999.000,9999.000,9999.000
202603020636,  -0.014,   0.370,9999.000,9999.000,9999.000,9999.000,9999.000,9999.000,9999.000
202603020642,  -0.001,   0.400,9999.000,9999.000,9999.000,9999.000,9999.000,9999.000,9999.000
202603020648,   0.012,   0.419,9999.000,9999.000,9999.000,9999.000,9999.000,9999.000,9999.000
202603020654,   0.026,   0.429,9999.000,9999.000,9999.000,9999.000,9999.000,9999.000,9999.000
202603020700,   0.040,   0.449,   0.500,  -0.091,   0.449,   0.500,   0.449,   0.500,   0.449
202603020706,   0.054,   0.439,9999.000,9999.000,9999.000,9999.000,9999.000,9999.000,9999.000
202603020712,   0.068,   0.469,9999.000,9999.000,9999.000,9999.000,9999.000,9999.000,9999.000
202603020718,   0.083,   0.508,9999.000,9999.000,9999.000,9999.000,9999.000,9999.000,9999.000
202603020724,   0.098,   0.518,9999.000,9999.000,9999.000,9999.000,9999.000,9999.000,9999.000
202603020730,   0.114,   0.518,9999.000,9999.000,9999.000,9999.000,9999.000,9999.000,9999.000
202603020736,   0.129,   0.560,9999.000,9999.000,9999.000,9999.000,9999.000,9999.000,9999.000
202603020742,   0.144,   0.570,9999.000,9999.000,9999.000,9999.000,9999.000,9999.000,9999.000
202603020748,   0.160,   0.600,9999.000,9999.000,9999.000,9999.000,9999.000,9999.000,9999.000
202603020754,   0.175,   0.619,9999.000,9999.000,9999.000,9999.000,9999.000,9999.000,9999.000
202603020800,   0.191,   0.619,   0.500,  -0.072,   0.619,   0.500,   0.619,   0.500,   0.619
202603020806,   0.207,   0.669,9999.000,9999.000,9999.000,9999.000,9999.000,9999.000,9999.000
202603020812,   0.222,   0.639,9999.000,9999.000,9999.000,9999.000,9999.000,9999.000,9999.000
202603020818,   0.238,   0.688,9999.000,9999.000,9999.000,9999.000,9999.000,9999.000,9999.000
202603020824,   0.253,   0.678,9999.000,9999.000,9999.000,9999.000,9999.000,9999.000,9999.000
202603020830,   0.268,   0.688,9999.000,9999.000,9999.000,9999.000,9999.000,9999.000,9999.000
202603020836,   0.283,   0.698,9999.000,9999.000,9999.000,9999.000,9999.000,9999.000,9999.000
202603020842,   0.298,   0.708,9999.000,9999.000,9999.000,9999.000,9999.000,9999.000,9999.000
202603020848,   0.312,   0.741,9999.000,9999.000,9999.000,9999.000,9999.000,9999.000,9999.000
202603020854,   0.327,   0.751,9999.000,9999.000,9999.000,9999.000,9999.000,9999.000,9999.000
202603020900,   0.341,   0.790,   0.500,  -0.051,   0.790,   0.500,   0.790,   0.500,   0.790
202603020906,   0.355,   0.790,9999.000,9999.000,9999.000,9999.000,9999.000,9999.000,9999.000
202603020912,   0.368,   0.810,9999.000,9999.000,9999.000,9999.000,9999.000,9999.000,9999.000
202603020918,   0.381,   0.829,9999.000,9999.000,9999.000,9999.000,9999.000,9999.000,9999.000
202603020924,   0.394,   0.839,9999.000,9999.000,9999.000,9999.000,9999.000,9999.000,9999.000
202603020930,   0.406,   0.869,9999.000,9999.000,9999.000,9999.000,9999.000,9999.000,9999.000
202603020936,   0.418,   0.888,9999.000,9999.000,9999.000,9999.000,9999.000,9999.000,9999.000
202603020942,   0.430,   0.888,9999.000,9999.000,9999.000,9999.000,9999.000,9999.000,9999.000
202603020948,   0.441,   0.898,9999.000,9999.000,9999.000,9999.000,9999.000,9999.000,9999.000
202603020954,   0.452,   0.918,9999.000,9999.000,9999.000,9999.000,9999.000,9999.000,9999.000
202603021000,   0.463,   0.941,   0.500,  -0.022,   0.941,   0.500,   0.941,   0.500,   0.941
202603021006,   0.473,   0.941,9999.000,9999.000,9999.000,9999.000,9999.000,9999.000,9999.000
202603021012,   0.482,   0.970,9999.000,9999.000,9999.000,9999.000,9999.000,9999.000,9999.000
202603021018,   0.491,   0.961,9999.000,9999.000,9999.000,9999.000,9999.000,9999.000,9999.000
202603021024,   0.500,   0.961,9999.000,9999.000,9999.000,9999.000,9999.000,9999.000,9999.000
202603021030,   0.508,   0.980,9999.000,9999.000,9999.000,9999.000,9999.000,9999.000,9999.000
202603021036,   0.516,   0.970,9999.000,9999.000,9999.000,9999.000,9999.000,9999.000,9999.000
202603021042,   0.523,   0.980,9999.000,9999.000,9999.000,9999.000,9999.000,9999.000,9999.000
202603021048,   0.530,   0.990,9999.000,9999.000,9999.000,9999.000,9999.000,9999.000,9999.000
202603021054,   0.537,   0.980,9999.000,9999.000,9999.000,9999.000,9999.000,9999.000,9999.000
202603021100,   0.543,   1.010,   0.500,  -0.033,   1.010,   0.500,   1.010,   0.500,   1.010
202603021106,   0.548,   1.020,9999.000,9999.000,9999.000,9999.000,9999.000,9999.000,9999.000
202603021112,   0.553,   1.029,9999.000,9999.000,9999.000,9999.000,9999.000,9999.000,9999.000
202603021118,   0.558,   1.049,9999.000,9999.000,9999.000,9999.000,9999.000,9999.000,9999.000
202603021124,   0.563,   1.049,9999.000,9999.000,9999.000,9999.000,9999.000,9999.000,9999.000
202603021130,   0.566,   1.059,9999.000,9999.000,9999.000,9999.000,9999.000,9999.000,9999.000
202603021136,   0.570,   1.049,9999.000,9999.000,9999.000,9999.000,9999.000,9999.000,9999.000
202603021142,   0.573,   1.069,9999.000,9999.000,9999.000,9999.000,9999.000,9999.000,9999.000
202603021148,   0.576,   1.069,9999.000,9999.000,9999.000,9999.000,9999.000,9999.000,9999.000
202603021154,   0.578,   1.079,9999.000,9999.000,9999.000,9999.000,9999.000,9999.000,9999.000
202603021200,   0.580,   1.079,   0.400,   0.099,   1.079,   0.400,   1.079,   0.400,   1.079
202603021206,   0.582,   1.098,9999.000,9999.000,9999.000,9999.000,9999.000,9999.000,9999.000
202603021212,   0.583,   1.088,9999.000,9999.000,9999.000,9999.000,9999.000,9999.000,9999.000
202603021218,   0.584,   1.098,9999.000,9999.000,9999.000,9999.000,9999.000,9999.000,9999.000
202603021224,   0.584,   1.108,9999.000,9999.000,9999.000,9999.000,9999.000,9999.000,9999.000
202603021230,   0.584,   1.098,9999.000,9999.000,9999.000,9999.000,9999.000,9999.000,9999.000
202603021236,   0.584,   1.098,9999.000,9999.000,9999.000,9999.000,9999.000,9999.000,9999.000
202603021242,   0.583,   1.118,9999.000,9999.000,9999.000,9999.000,9999.000,9999.000,9999.000
202603021248,   0.582,   1.118,9999.000,9999.000,9999.000,9999.000,9999.000,9999.000,9999.000
202603021254,   0.581,   1.108,9999.000,9999.000,9999.000,9999.000,9999.000,9999.000,9999.000
202603021300,   0.580,   1.108,   0.400,   0.128,   1.108,   0.400,   1.108,   0.400,   1.108
202603021306,   0.578,   1.108,9999.000,9999.000,9999.000,9999.000,9999.000,9999.000,9999.000
202603021312,   0.575,   1.108,9999.000,9999.000,9999.000,9999.000,9999.000,9999.000,9999.000
202603021318,   0.573,   1.118,9999.000,9999.000,9999.000,9999.000,9999.000,9999.000,9999.000
202603021324,   0.570,   1.108,9999.000,9999.000,9999.000,9999.000,9999.000,9999.000,9999.000
202603021330,   0.567,   1.108,9999.000,9999.000,9999.000,9999.000,9999.000,9999.000,9999.000
202603021336,   0.563,   1.108,9999.000,9999.000,9999.000,9999.000,9999.000,9999.000,9999.000
202603021342,   0.560,   1.098,9999.000,9999.000,9999.000,9999.000,9999.000,9999.000,9999.000
202603021348,   0.555,   1.088,9999.000,9999.000,9999.000,9999.000,9999.000,9999.000,9999.000
202603021354,   0.551,   1.088,9999.000,9999.000,9999.000,9999.000,9999.000,9999.000,9999.000
202603021400,   0.547,   1.088,   0.400,   0.141,   1.088,   0.400,   1.088,   0.400,   1.088
202603021406,   0.542,   1.039,9999.000,9999.000,9999.000,9999.000,9999.000,9999.000,9999.000
202603021412,   0.536,   1.069,9999.000,9999.000,9999.000,9999.000,9999.000,9999.000,9999.000
202603021418,   0.531,   1.039,9999.000,9999.000,9999.000,9999.000,9999.000,9999.000,9999.000
202603021424,   0.525,   1.059,9999.000,9999.000,9999.000,9999.000,9999.000,9999.000,9999.000
202603021430,   0.520,   1.039,9999.000,9999.000,9999.000,9999.000,9999.000,9999.000,9999.000
202603021436,   0.513,   1.039,9999.000,9999.000,9999.000,9999.000,9999.000,9999.000,9999.000
202603021442,   0.507,   1.049,9999.000,9999.000,9999.000,9999.000,9999.000,9999.000,9999.000
202603021448,   0.501,   1.039,9999.000,9999.000,9999.000,9999.000,9999.000,9999.000,9999.000
202603021454,   0.494,   1.010,9999.000,9999.000,9999.000,9999.000,9999.000,9999.000,9999.000
202603021500,   0.487,   0.990,   0.400,   0.103,   0.990,   0.400,   0.990,   0.400,   0.990
202603021506,   0.480,   0.990,9999.000,9999.000,9999.000,9999.000,9999.000,9999.000,9999.000
202603021512,   0.473,   0.970,9999.000,9999.000,9999.000,9999.000,9999.000,9999.000,9999.000
202603021518,   0.465,   0.970,9999.000,9999.000,9999.000,9999.000,9999.000,9999.000,9999.000
202603021524,   0.458,   0.961,9999.000,9999.000,9999.000,9999.000,9999.000,9999.000,9999.000
202603021530,   0.450,   0.951,9999.000,9999.000,9999.000,9999.000,9999.000,9999.000,9999.000
202603021536,   0.443,   0.951,9999.000,9999.000,9999.000,9999.000,9999.000,9999.000,9999.000
202603021542,   0.435,   0.951,9999.000,9999.000,9999.000,9999.000,9999.000,9999.000,9999.000
202603021548,   0.427,   0.928,9999.000,9999.000,9999.000,9999.000,9999.000,9999.000,9999.000
202603021554,   0.419,   0.918,9999.000,9999.000,9999.000,9999.000,9999.000,9999.000,9999.000
202603021600,   0.411,   0.918,   0.400,   0.107,   0.918,   0.400,   0.918,   0.400,   0.918
202603021606,   0.404,   0.918,9999.000,9999.000,9999.000,9999.000,9999.000,9999.000,9999.000
202603021612,   0.396,   0.918,9999.000,9999.000,9999.000,9999.000,9999.000,9999.000,9999.000
202603021618,   0.388,   0.918,9999.000,9999.000,9999.000,9999.000,9999.000,9999.000,9999.000
202603021624,   0.380,   0.908,9999.000,9999.000,9999.000,9999.000,9999.000,9999.000,9999.000
202603021630,   0.373,   0.908,9999.000,9999.000,9999.000,9999.000,9999.000,9999.000,9999.000
202603021636,   0.365,   0.898,9999.000,9999.000,9999.000,9999.000,9999.000,9999.000,9999.000
202603021642,   0.358,   0.879,9999.000,9999.000,9999.000,9999.000,9999.000,9999.000,9999.000
202603021648,   0.351,   0.869,9999.000,9999.000,9999.000,9999.000,9999.000,9999.000,9999.000
202603021654,   0.344,   0.849,9999.000,9999.000,9999.000,9999.000,9999.000,9999.000,9999.000
202603021700,   0.337,   0.849,   0.400,   0.112,   0.849,   0.400,   0.849,   0.400,   0.849
202603021706,   0.330,   0.839,9999.000,9999.000,9999.000,9999.000,9999.000,9999.000,9999.000
202603021712,   0.324,   0.819,9999.000,9999.000,9999.000,9999.000,9999.000,9999.000,9999.000
202603021718,   0.318,   0.819,9999.000,9999.000,9999.000,9999.000,9999.000,9999.000,9999.000
202603021724,   0.312,   0.810,9999.000,9999.000,9999.000,9999.000,9999.000,9999.000,9999.000
202603021730,   0.306,   0.790,9999.000,9999.000,9999.000,9999.000,9999.000,9999.000,9999.000
202603021736,   0.300,   0.780,9999.000,9999.000,9999.000,9999.000,9999.000,9999.000,9999.000
202603021742,   0.295,   0.770,9999.000,9999.000,9999.000,9999.000,9999.000,9999.000,9999.000
202603021748,   0.290,   0.770,9999.000,9999.000,9999.000,9999.000,9999.000,9999.000,9999.000
202603021754,   0.286,   0.770,9999.000,9999.000,9999.000,9999.000,9999.000,9999.000,9999.000
202603021800,   0.281,   0.741,   0.500,  -0.040,   0.741,   0.400,   0.641,   0.500,   0.741
202603021806,   0.277,   0.741,9999.000,9999.000,9999.000,9999.000,9999.000,9999.000,9999.000
202603021812,   0.274,   0.751,9999.000,9999.000,9999.000,9999.000,9999.000,9999.000,9999.000
202603021818,   0.270,   0.760,9999.000,9999.000,9999.000,9999.000,9999.000,9999.000,9999.000
202603021824,   0.267,   0.741,9999.000,9999.000,9999.000,9999.000,9999.000,9999.000,9999.000
202603021830,   0.265,   0.741,9999.000,9999.000,9999.000,9999.000,9999.000,9999.000,9999.000
202603021836,   0.262,   0.718,9999.000,9999.000,9999.000,9999.000,9999.000,9999.000,9999.000
202603021842,   0.260,   0.731,9999.000,9999.000,9999.000,9999.000,9999.000,9999.000,9999.000
202603021848,   0.258,   0.731,9999.000,9999.000,9999.000,9999.000,9999.000,9999.000,9999.000
202603021854,   0.257,   0.708,9999.000,9999.000,9999.000,9999.000,9999.000,9999.000,9999.000
202603021900,   0.255,   0.718,   0.500,  -0.037,   0.718,   0.400,   0.618,   0.500,   0.718
202603021906,   0.254,   0.718,9999.000,9999.000,9999.000,9999.000,9999.000,9999.000,9999.000
202603021912,   0.253,   0.708,9999.000,9999.000,9999.000,9999.000,9999.000,9999.000,9999.000
202603021918,   0.253,   0.718,9999.000,9999.000,9999.000,9999.000,9999.000,9999.000,9999.000
202603021924,   0.253,   0.708,9999.000,9999.000,9999.000,9999.000,9999.000,9999.000,9999.000
202603021930,   0.253,   0.731,9999.000,9999.000,9999.000,9999.000,9999.000,9999.000,9999.000
202603021936,   0.253,   0.718,9999.000,9999.000,9999.000,9999.000,9999.000,9999.000,9999.000
202603021942,   0.253,   0.708,9999.000,9999.000,9999.000,9999.000,9999.000,9999.000,9999.000
202603021948,   0.253,   0.718,9999.000,9999.000,9999.000,9999.000,9999.000,9999.000,9999.000
202603021954,   0.254,   0.698,9999.000,9999.000,9999.000,9999.000,9999.000,9999.000,9999.000
202603022000,   0.255,   0.708,   0.500,  -0.047,   0.708,   0.400,   0.608,   0.500,   0.708
202603022006,   0.256,   0.688,9999.000,9999.000,9999.000,9999.000,9999.000,9999.000,9999.000
202603022012,   0.257,   0.698,9999.000,9999.000,9999.000,9999.000,9999.000,9999.000,9999.000
202603022018,   0.257,   0.708,9999.000,9999.000,9999.000,9999.000,9999.000,9999.000,9999.000
202603022024,   0.258,   0.718,9999.000,9999.000,9999.000,9999.000,9999.000,9999.000,9999.000
202603022030,   0.260,   0.708,9999.000,9999.000,9999.000,9999.000,9999.000,9999.000,9999.000
202603022036,   0.261,   0.698,9999.000,9999.000,9999.000,9999.000,9999.000,9999.000,9999.000
202603022042,   0.262,   0.718,9999.000,9999.000,9999.000,9999.000,9999.000,9999.000,9999.000
202603022048,   0.263,   0.698,9999.000,9999.000,9999.000,9999.000,9999.000,9999.000,9999.000
202603022054,   0.264,   0.718,9999.000,9999.000,9999.000,9999.000,9999.000,9999.000,9999.000
202603022100,   0.264,   0.708,   0.500,  -0.056,   0.708,   0.500,   0.708,   0.500,   0.708
202603022106,   0.265,   0.718,9999.000,9999.000,9999.000,9999.000,9999.000,9999.000,9999.000
202603022112,   0.266,   0.718,9999.000,9999.000,9999.000,9999.000,9999.000,9999.000,9999.000
202603022118,   0.266,   0.688,9999.000,9999.000,9999.000,9999.000,9999.000,9999.000,9999.000
202603022124,   0.267,   0.708,9999.000,9999.000,9999.000,9999.000,9999.000,9999.000,9999.000
202603022130,   0.267,   0.708,9999.000,9999.000,9999.000,9999.000,9999.000,9999.000,9999.000
202603022136,   0.267,   0.708,9999.000,9999.000,9999.000,9999.000,9999.000,9999.000,9999.000
202603022142,   0.267,   0.698,9999.000,9999.000,9999.000,9999.000,9999.000,9999.000,9999.000
202603022148,   0.267,   0.718,9999.000,9999.000,9999.000,9999.000,9999.000,9999.000,9999.000
202603022154,   0.266,   0.698,9999.000,9999.000,9999.000,9999.000,9999.000,9999.000,9999.000
202603022200,   0.266,   0.718,   0.500,  -0.048,   0.718,   0.500,   0.718,   0.500,   0.718
202603022206,   0.265,   0.698,9999.000,9999.000,9999.000,9999.000,9999.000,9999.000,9999.000
202603022212,   0.264,   0.698,9999.000,9999.000,9999.000,9999.000,9999.000,9999.000,9999.000
202603022218,   0.262,   0.698,9999.000,9999.000,9999.000,9999.000,9999.000,9999.000,9999.000
202603022224,   0.261,   0.708,9999.000,9999.000,9999.000,9999.000,9999.000,9999.000,9999.000
202603022230,   0.259,   0.698,9999.000,9999.000,9999.000,9999.000,9999.000,9999.000,9999.000
202603022236,   0.257,   0.698,9999.000,9999.000,9999.000,9999.000,9999.000,9999.000,9999.000
202603022242,   0.255,   0.698,9999.000,9999.000,9999.000,9999.000,9999.000,9999.000,9999.000
202603022248,   0.252,   0.678,9999.000,9999.000,9999.000,9999.000,9999.000,9999.000,9999.000
202603022254,   0.250,   0.678,9999.000,9999.000,9999.000,9999.000,9999.000,9999.000,9999.000
202603022300,   0.247,   0.678,   0.500,  -0.069,   0.678,   0.500,   0.678,   0.500,   0.678
202603022306,   0.243,   0.678,9999.000,9999.000,9999.000,9999.000,9999.000,9999.000,9999.000
202603022312,   0.240,   0.659,9999.000,9999.000,9999.000,9999.000,9999.000,9999.000,9999.000
202603022318,   0.236,   0.649,9999.000,9999.000,9999.000,9999.000,9999.000,9999.000,9999.000
202603022324,   0.233,   0.629,9999.000,9999.000,9999.000,9999.000,9999.000,9999.000,9999.000
202603022330,   0.229,   0.629,9999.000,9999.000,9999.000,9999.000,9999.000,9999.000,9999.000
202603022336,   0.224,   0.610,9999.000,9999.000,9999.000,9999.000,9999.000,9999.000,9999.000
202603022342,   0.220,   0.619,9999.000,9999.000,9999.000,9999.000,9999.000,9999.000,9999.000
202603022348,   0.215,   0.600,9999.000,9999.000,9999.000,9999.000,9999.000,9999.000,9999.000
202603022354,   0.210,   0.600,9999.000,9999.000,9999.000,9999.000,9999.000,9999.000,9999.000
202603030000,   0.205,   0.600,   0.400,  -0.005,   0.600,   0.400,   0.600,   0.500,   0.700
202603030006,   0.200,   0.580,9999.000,9999.000,9999.000,9999.000,9999.000,9999.000,9999.000
202603030012,   0.195,   0.560,9999.000,9999.000,9999.000,9999.000,9999.000,9999.000,9999.000
202603030018,   0.189,   0.570,9999.000,9999.000,9999.000,9999.000,9999.000,9999.000,9999.000
202603030024,   0.184,   0.541,9999.000,9999.000,9999.000,9999.000,9999.000,9999.000,9999.000
202603030030,   0.178,   0.560,9999.000,9999.000,9999.000,9999.000,9999.000,9999.000,9999.000
202603030036,   0.172,   0.551,9999.000,9999.000,9999.000,9999.000,9999.000,9999.000,9999.000
202603030042,   0.166,   0.531,9999.000,9999.000,9999.000,9999.000,9999.000,9999.000,9999.000
202603030048,   0.160,   0.541,9999.000,9999.000,9999.000,9999.000,9999.000,9999.000,9999.000
202603030054,   0.154,   0.531,9999.000,9999.000,9999.000,9999.000,9999.000,9999.000,9999.000
202603030100,   0.147,   0.541,   0.500,  -0.106,   0.541,   0.400,   0.441,   0.500,   0.541
202603030106,   0.141,   0.518,9999.000,9999.000,9999.000,9999.000,9999.000,9999.000,9999.000
202603030112,   0.134,   0.518,9999.000,9999.000,9999.000,9999.000,9999.000,9999.000,9999.000
202603030118,   0.128,   0.498,9999.000,9999.000,9999.000,9999.000,9999.000,9999.000,9999.000
202603030124,   0.121,   0.498,9999.000,9999.000,9999.000,9999.000,9999.000,9999.000,9999.000
202603030130,   0.114,   0.518,9999.000,9999.000,9999.000,9999.000,9999.000,9999.000,9999.000
202603030136,   0.108,   0.518,9999.000,9999.000,9999.000,9999.000,9999.000,9999.000,9999.000
202603030142,   0.101,   0.518,9999.000,9999.000,9999.000,9999.000,9999.000,9999.000,9999.000
202603030148,   0.094,   0.488,9999.000,9999.000,9999.000,9999.000,9999.000,9999.000,9999.000
202603030154,   0.087,   0.508,9999.000,9999.000,9999.000,9999.000,9999.000,9999.000,9999.000
202603030200,   0.080,   0.498,   0.500,  -0.082,   0.498,   0.400,   0.398,   0.500,   0.498
202603030206,   0.073,   0.508,9999.000,9999.000,9999.000,9999.000,9999.000,9999.000,9999.000
202603030212,   0.067,   0.488,9999.000,9999.000,9999.000,9999.000,9999.000,9999.000,9999.000
202603030218,   0.060,   0.478,9999.000,9999.000,9999.000,9999.000,9999.000,9999.000,9999.000
202603030224,   0.053,   0.478,9999.000,9999.000,9999.000,9999.000,9999.000,9999.000,9999.000
202603030230,   0.046,   0.469,9999.000,9999.000,9999.000,9999.000,9999.000,9999.000,9999.000
202603030236,   0.040,   0.449,9999.000,9999.000,9999.000,9999.000,9999.000,9999.000,9999.000
202603030242,   0.033,   0.469,9999.000,9999.000,9999.000,9999.000,9999.000,9999.000,9999.000
202603030248,   0.026,   0.449,9999.000,9999.000,9999.000,9999.000,9999.000,9999.000,9999.000
202603030254,   0.020,   0.439,9999.000,9999.000,9999.000,9999.000,9999.000,9999.000,9999.000
202603030300,   0.014,   0.439,   0.400,   0.025,   0.439,   0.400,   0.439,   0.500,   0.539
202603030306,   0.007,   0.439,9999.000,9999.000,9999.000,9999.000,9999.000,9999.000,9999.000
202603030312,   0.001,   0.439,9999.000,9999.000,9999.000,9999.000,9999.000,9999.000,9999.000
202603030318,  -0.004,   0.419,9999.000,9999.000,9999.000,9999.000,9999.000,9999.000,9999.000
202603030324,  -0.009,   0.439,9999.000,9999.000,9999.000,9999.000,9999.000,9999.000,9999.000
202603030330,  -0.015,   0.419,9999.000,9999.000,9999.000,9999.000,9999.000,9999.000,9999.000
202603030336,  -0.020,   0.400,9999.000,9999.000,9999.000,9999.000,9999.000,9999.000,9999.000
202603030342,  -0.026,   0.409,9999.000,9999.000,9999.000,9999.000,9999.000,9999.000,9999.000
202603030348,  -0.031,   0.409,9999.000,9999.000,9999.000,9999.000,9999.000,9999.000,9999.000
202603030354,  -0.035,   0.380,9999.000,9999.000,9999.000,9999.000,9999.000,9999.000,9999.000
202603030400,  -0.040,   0.400,   0.500,  -0.060,   0.400,   0.400,   0.300,   0.500,   0.400
202603030406,  -0.044,   0.380,9999.000,9999.000,9999.000,9999.000,9999.000,9999.000,9999.000
202603030412,  -0.048,   0.370,9999.000,9999.000,9999.000,9999.000,9999.000,9999.000,9999.000
202603030418,  -0.051,   0.370,9999.000,9999.000,9999.000,9999.000,9999.000,9999.000,9999.000
202603030424,  -0.054,   0.390,9999.000,9999.000,9999.000,9999.000,9999.000,9999.000,9999.000
202603030430,  -0.057,   0.360,9999.000,9999.000,9999.000,9999.000,9999.000,9999.000,9999.000
202603030436,  -0.060,   0.390,9999.000,9999.000,9999.000,9999.000,9999.000,9999.000,9999.000
202603030442,  -0.062,   0.370,9999.000,9999.000,9999.000,9999.000,9999.000,9999.000,9999.000
202603030448,  -0.064,   0.390,9999.000,9999.000,9999.000,9999.000,9999.000,9999.000,9999.000
202603030454,  -0.065,   0.409,9999.000,9999.000,9999.000,9999.000,9999.000,9999.000,9999.000
202603030500,  -0.066,   0.380,   0.500,  -0.054,   0.380,   0.500,   0.380,   0.500,   0.380
202603030506,  -0.066,   0.380,9999.000,9999.000,9999.000,9999.000,9999.000,9999.000,9999.000
202603030512,  -0.066,   0.390,9999.000,9999.000,9999.000,9999.000,9999.000,9999.000,9999.000
202603030518,  -0.065,   0.380,9999.000,9999.000,9999.000,9999.000,9999.000,9999.000,9999.000
202603030524,  -0.064,   0.370,9999.000,9999.000,9999.000,9999.000,9999.000,9999.000,9999.000
202603030530,  -0.063,   0.380,9999.000,9999.000,9999.000,9999.000,9999.000,9999.000,9999.000
202603030536,  -0.061,   0.380,9999.000,9999.000,9999.000,9999.000,9999.000,9999.000,9999.000
202603030542,  -0.058,   0.390,9999.000,9999.000,9999.000,9999.000,9999.000,9999.000,9999.000
202603030548,  -0.055,   0.380,9999.000,9999.000,9999.000,9999.000,9999.000,9999.000,9999.000
202603030554,  -0.051,   0.390,9999.000,9999.000,9999.000,9999.000,9999.000,9999.000,9999.000
202603030600,  -0.047,   0.400,   0.500,  -0.053,   0.400,   0.400,   0.300,   0.500,   0.400
202603030606,  -0.043,   0.439,9999.000,9999.000,9999.000,9999.000,9999.000,9999.000,9999.000
202603030612,  -0.037,   0.429,9999.000,9999.000,9999.000,9999.000,9999.000,9999.000,9999.000
202603030618,  -0.032,   0.429,9999.000,9999.000,9999.000,9999.000,9999.000,9999.000,9999.000
202603030624,  -0.025,   0.459,9999.000,9999.000,9999.000,9999.000,9999.000,9999.000,9999.000
202603030630,  -0.019,   0.459,9999.000,9999.000,9999.000,9999.000,9999.000,9999.000,9999.000
202603030636,  -0.011,   0.449,9999.000,9999.000,9999.000,9999.000,9999.000,9999.000,9999.000
202603030642,  -0.003,   0.488,9999.000,9999.000,9999.000,9999.000,9999.000,9999.000,9999.000
202603030648,   0.004,   0.478,9999.000,9999.000,9999.000,9999.000,9999.000,9999.000,9999.000
202603030654,   0.013,   0.498,9999.000,9999.000,9999.000,9999.000,9999.000,9999.000,9999.000
202603030700,   0.022,   0.488,   0.500,  -0.034,   0.488,   0.400,   0.388,   0.500,   0.488
202603030706,   0.031,   0.531,9999.000,9999.000,9999.000,9999.000,9999.000,9999.000,9999.000
202603030712,   0.041,   0.498,9999.000,9999.000,9999.000,9999.000,9999.000,9999.000,9999.000
202603030718,   0.052,   0.531,9999.000,9999.000,9999.000,9999.000,9999.000,9999.000,9999.000
202603030724,   0.063,   0.518,9999.000,9999.000,9999.000,9999.000,9999.000,9999.000,9999.000
202603030730,   0.074,   0.541,9999.000,9999.000,9999.000,9999.000,9999.000,9999.000,9999.000
202603030736,   0.086,   0.551,9999.000,9999.000,9999.000,9999.000,9999.000,9999.000,9999.000
202603030742,   0.098,   0.570,9999.000,9999.000,9999.000,9999.000,9999.000,9999.000,9999.000
202603030748,   0.110,   0.580,9999.000,9999.000,9999.000,9999.000,9999.000,9999.000,9999.000
202603030754,   0.122,   0.600,9999.000,9999.000,9999.000,9999.000,9999.000,9999.000,9999.000
202603030800,   0.135,   0.610,   0.500,  -0.025,   0.610,   0.400,   0.510,   0.500,   0.610
202603030806,   0.148,   0.610,9999.000,9999.000,9999.000,9999.000,9999.000,9999.000,9999.000
202603030812,   0.161,   0.649,9999.000,9999.000,9999.000,9999.000,9999.000,9999.000,9999.000
202603030818,   0.174,   0.669,9999.000,9999.000,9999.000,9999.000,9999.000,9999.000,9999.000
202603030824,   0.187,   0.659,9999.000,9999.000,9999.000,9999.000,9999.000,9999.000,9999.000
202603030830,   0.200,   0.659,9999.000,9999.000,9999.000,9999.000,9999.000,9999.000,9999.000
202603030836,   0.214,   0.688,9999.000,9999.000,9999.000,9999.000,9999.000,9999.000,9999.000
202603030842,   0.227,   0.698,9999.000,9999.000,9999.000,9999.000,9999.000,9999.000,9999.000
202603030848,   0.241,   0.718,9999.000,9999.000,9999.000,9999.000,9999.000,9999.000,9999.000
202603030854,   0.254,   0.741,9999.000,9999.000,9999.000,9999.000,9999.000,9999.000,9999.000
202603030900,   0.267,   0.741,   0.500,  -0.026,   0.741,   0.400,   0.641,   0.500,   0.741
202603030906,   0.280,   0.780,9999.000,9999.000,9999.000,9999.000,9999.000,9999.000,9999.000
202603030912,   0.293,   0.751,9999.000,9999.000,9999.000,9999.000,9999.000,9999.000,9999.000
202603030918,   0.306,   0.790,9999.000,9999.000,9999.000,9999.000,9999.000,9999.000,9999.000
202603030924,   0.319,   0.790,9999.000,9999.000,9999.000,9999.000,9999.000,9999.000,9999.000
202603030930,   0.331,   0.800,9999.000,9999.000,9999.000,9999.000,9999.000,9999.000,9999.000
202603030936,   0.343,   0.819,9999.000,9999.000,9999.000,9999.000,9999.000,9999.000,9999.000
202603030942,   0.355,   0.819,9999.000,9999.000,9999.000,9999.000,9999.000,9999.000,9999.000
202603030948,   0.367,   0.819,9999.000,9999.000,9999.000,9999.000,9999.000,9999.000,9999.000
202603030954,   0.378,   0.849,9999.000,9999.000,9999.000,9999.000,9999.000,9999.000,9999.000
202603031000,   0.389,   0.879,   0.500,  -0.010,   0.879,   0.400,   0.779,   0.500,   0.879
202603031006,   0.400,   0.859,9999.000,9999.000,9999.000,9999.000,9999.000,9999.000,9999.000
202603031012,   0.410,   0.879,9999.000,9999.000,9999.000,9999.000,9999.000,9999.000,9999.000
202603031018,   0.420,   0.879,9999.000,9999.000,9999.000,9999.000,9999.000,9999.000,9999.000
202603031024,   0.429,   0.918,9999.000,9999.000,9999.000,9999.000,9999.000,9999.000,9999.000
202603031030,   0.438,   0.879,9999.000,9999.000,9999.000,9999.000,9999.000,9999.000,9999.000
202603031036,   0.447,   0.951,9999.000,9999.000,9999.000,9999.000,9999.000,9999.000,9999.000
202603031042,   0.455,   0.908,9999.000,9999.000,9999.000,9999.000,9999.000,9999.000,9999.000
202603031048,   0.463,   0.941,9999.000,9999.000,9999.000,9999.000,9999.000,9999.000,9999.000
202603031054,   0.470,   0.928,9999.000,9999.000,9999.000,9999.000,9999.000,9999.000,9999.000
202603031100,   0.477,   0.941,   0.500,  -0.036,   0.941,   0.400,   0.841,   0.500,   0.941
202603031106,   0.483,   0.970,9999.000,9999.000,9999.000,9999.000,9999.000,9999.000,9999.000
202603031112,   0.489,   0.970,9999.000,9999.000,9999.000,9999.000,9999.000,9999.000,9999.000
202603031118,   0.495,   0.961,9999.000,9999.000,9999.000,9999.000,9999.000,9999.000,9999.000
202603031124,   0.499,   0.951,9999.000,9999.000,9999.000,9999.000,9999.000,9999.000,9999.000
202603031130,   0.504,   0.941,9999.000,9999.000,9999.000,9999.000,9999.000,9999.000,9999.000
202603031136,   0.508,   0.990,9999.000,9999.000,9999.000,9999.000,9999.000,9999.000,9999.000
202603031142,   0.512,   1.010,9999.000,9999.000,9999.000,9999.000,9999.000,9999.000,9999.000
202603031148,   0.515,   1.010,9999.000,9999.000,9999.000,9999.000,9999.000,9999.000,9999.000
202603031154,   0.518,   1.000,9999.000,9999.000,9999.000,9999.000,9999.000,9999.000,9999.000
202603031200,   0.520,   1.010,   0.400,   0.090,   1.010,   0.400,   1.010,   0.400,   1.010
202603031206,   0.522,   1.029,9999.000,9999.000,9999.000,9999.000,9999.000,9999.000,9999.000
202603031212,   0.523,   1.020,9999.000,9999.000,9999.000,9999.000,9999.000,9999.000,9999.000
202603031218,   0.524,   1.010,9999.000,9999.000,9999.000,9999.000,9999.000,9999.000,9999.000
202603031224,   0.525,   1.029,9999.000,9999.000,9999.000,9999.000,9999.000,9999.000,9999.000
202603031230,   0.525,   1.010,9999.000,9999.000,9999.000,9999.000,9999.000,9999.000,9999.000
202603031236,   0.525,   1.010,9999.000,9999.000,9999.000,9999.000,9999.000,9999.000,9999.000
202603031242,   0.524,   1.020,9999.000,9999.000,9999.000,9999.000,9999.000,9999.000,9999.000
202603031248,   0.524,   1.049,9999.000,9999.000,9999.000,9999.000,9999.000,9999.000,9999.000
202603031254,   0.522,   1.000,9999.000,9999.000,9999.000,9999.000,9999.000,9999.000,9999.000
202603031300,   0.521,   0.980,   0.400,   0.059,   0.980,   0.400,   0.980,   0.400,   0.980
202603031306,   0.519,   0.990,9999.000,9999.000,9999.000,9999.000,9999.000,9999.000,9999.000
202603031312,   0.516,   0.980,9999.000,9999.000,9999.000,9999.000,9999.000,9999.000,9999.000
202603031318,   0.514,   0.980,9999.000,9999.000,9999.000,9999.000,9999.000,9999.000,9999.000
202603031324,   0.511,   0.961,9999.000,9999.000,9999.000,9999.000,9999.000,9999.000,9999.000
202603031330,   0.508,   0.990,9999.000,9999.000,9999.000,9999.000,9999.000,9999.000,9999.000
202603031336,   0.504,   0.970,9999.000,9999.000,9999.000,9999.000,9999.000,9999.000,9999.000
202603031342,   0.501,   0.980,9999.000,9999.000,9999.000,9999.000,9999.000,9999.000,9999.000
202603031348,   0.497,   0.951,9999.000,9999.000,9999.000,9999.000,9999.000,9999.000,9999.000
202603031354,   0.492,   0.941,9999.000,9999.000,9999.000,9999.000,9999.000,9999.000,9999.000
202603031400,   0.488,   0.918,   0.400,   0.030,   0.918,   0.400,   0.918,   0.400,   0.918
202603031406,   0.483,   0.941,9999.000,9999.000,9999.000,9999.000,9999.000,9999.000,9999.000
202603031412,   0.478,   0.908,9999.000,9999.000,9999.000,9999.000,9999.000,9999.000,9999.000
202603031418,   0.473,   0.918,9999.000,9999.000,9999.000,9999.000,9999.000,9999.000,9999.000
202603031424,   0.467,   0.898,9999.000,9999.000,9999.000,9999.000,9999.000,9999.000,9999.000
202603031430,   0.462,   0.941,9999.000,9999.000,9999.000,9999.000,9999.000,9999.000,9999.000
202603031436,   0.456,   0.908,9999.000,9999.000,9999.000,9999.000,9999.000,9999.000,9999.000
202603031442,   0.450,   0.908,9999.000,9999.000,9999.000,9999.000,9999.000,9999.000,9999.000
202603031448,   0.444,   0.849,9999.000,9999.000,9999.000,9999.000,9999.000,9999.000,9999.000
202603031454,   0.437,   0.898,9999.000,9999.000,9999.000,9999.000,9999.000,9999.000,9999.000
202603031500,   0.431,   0.869,   0.400,   0.038,   0.869,   0.400,   0.869,   0.400,   0.869
202603031506,   0.424,   0.829,9999.000,9999.000,9999.000,9999.000,9999.000,9999.000,9999.000
202603031512,   0.418,   0.879,9999.000,9999.000,9999.000,9999.000,9999.000,9999.000,9999.000
202603031518,   0.411,   0.839,9999.000,9999.000,9999.000,9999.000,9999.000,9999.000,9999.000
202603031524,   0.404,   0.839,9999.000,9999.000,9999.000,9999.000,9999.000,9999.000,9999.000
202603031530,   0.397,   0.839,9999.000,9999.000,9999.000,9999.000,9999.000,9999.000,9999.000
202603031536,   0.390,   0.839,9999.000,9999.000,9999.000,9999.000,9999.000,9999.000,9999.000
202603031542,   0.382,   0.790,9999.000,9999.000,9999.000,9999.000,9999.000,9999.000,9999.000
202603031548,   0.375,   0.800,9999.000,9999.000,9999.000,9999.000,9999.000,9999.000,9999.000
202603031554,   0.368,   0.819,9999.000,9999.000,9999.000,9999.000,9999.000,9999.000,9999.000
202603031600,   0.360,   0.751,   0.400,  -0.009,   0.751,   0.400,   0.751,   0.400,   0.751
202603031606,   0.353,   0.770,9999.000,9999.000,9999.000,9999.000,9999.000,9999.000,9999.000
202603031612,   0.346,   0.770,9999.000,9999.000,9999.000,9999.000,9999.000,9999.000,9999.000
202603031618,   0.338,   0.790,9999.000,9999.000,9999.000,9999.000,9999.000,9999.000,9999.000
202603031624,   0.331,   0.780,9999.000,9999.000,9999.000,9999.000,9999.000,9999.000,9999.000
202603031630,   0.324,   0.760,9999.000,9999.000,9999.000,9999.000,9999.000,9999.000,9999.000
202603031636,   0.317,   0.790,9999.000,9999.000,9999.000,9999.000,9999.000,9999.000,9999.000
202603031642,   0.310,   0.800,9999.000,9999.000,9999.000,9999.000,9999.000,9999.000,9999.000
202603031648,   0.303,   0.741,9999.000,9999.000,9999.000,9999.000,9999.000,9999.000,9999.000
202603031654,   0.296,   0.770,9999.000,9999.000,9999.000,9999.000,9999.000,9999.000,9999.000
202603031700,   0.289,   0.770,   0.400,   0.081,   0.770,   0.400,   0.770,   0.400,   0.770
202603031706,   0.283,   0.760,9999.000,9999.000,9999.000,9999.000,9999.000,9999.000,9999.000
202603031712,   0.276,   0.751,9999.000,9999.000,9999.000,9999.000,9999.000,9999.000,9999.000
202603031718,   0.270,   0.751,9999.000,9999.000,9999.000,9999.000,9999.000,9999.000,9999.000
202603031724,   0.264,   0.770,9999.000,9999.000,9999.000,9999.000,9999.000,9999.000,9999.000
202603031730,   0.258,   0.760,9999.000,9999.000,9999.000,9999.000,9999.000,9999.000,9999.000
202603031736,   0.253,   0.731,9999.000,9999.000,9999.000,9999.000,9999.000,9999.000,9999.000
202603031742,   0.247,   0.731,9999.000,9999.000,9999.000,9999.000,9999.000,9999.000,9999.000
202603031748,   0.242,   0.731,9999.000,9999.000,9999.000,9999.000,9999.000,9999.000,9999.000
202603031754,   0.238,   0.688,9999.000,9999.000,9999.000,9999.000,9999.000,9999.000,9999.000
202603031800,   0.233,   0.718,   0.500,  -0.015,   0.718,   0.500,   0.718,   0.500,   0.718
202603031806,   0.229,   0.678,9999.000,9999.000,9999.000,9999.000,9999.000,9999.000,9999.000
202603031812,   0.225,   0.678,9999.000,9999.000,9999.000,9999.000,9999.000,9999.000,9999.000
202603031818,   0.222,   0.688,9999.000,9999.000,9999.000,9999.000,9999.000,9999.000,9999.000
202603031824,   0.219,   0.678,9999.000,9999.000,9999.000,9999.000,9999.000,9999.000,9999.000
202603031830,   0.216,   0.688,9999.000,9999.000,9999.000,9999.000,9999.000,9999.000,9999.000
202603031836,   0.213,   0.698,9999.000,9999.000,9999.000,9999.000,9999.000,9999.000,9999.000
202603031842,   0.211,   0.659,9999.000,9999.000,9999.000,9999.000,9999.000,9999.000,9999.000
202603031848,   0.209,   0.678,9999.000,9999.000,9999.000,9999.000,9999.000,9999.000,9999.000
202603031854,   0.208,   0.708,9999.000,9999.000,9999.000,9999.000,9999.000,9999.000,9999.000
202603031900,   0.207,   0.688,   0.500,  -0.019,   0.688,   0.400,   0.588,   0.500,   0.688
202603031906,   0.206,   0.678,9999.000,9999.000,9999.000,9999.000,9999.000,9999.000,9999.000
202603031912,   0.206,   0.688,9999.000,9999.000,9999.000,9999.000,9999.000,9999.000,9999.000
202603031918,   0.206,   0.678,9999.000,9999.000,9999.000,9999.000,9999.000,9999.000,9999.000
202603031924,   0.206,   0.678,9999.000,9999.000,9999.000,9999.000,9999.000,9999.000,9999.000
202603031930,   0.207,   0.678,9999.000,9999.000,9999.000,9999.000,9999.000,9999.000,9999.000
202603031936,   0.208,   0.698,9999.000,9999.000,9999.000,9999.000,9999.000,9999.000,9999.000
202603031942,   0.209,   0.708,9999.000,9999.000,9999.000,9999.000,9999.000,9999.000,9999.000
202603031948,   0.211,   0.688,9999.000,9999.000,9999.000,9999.000,9999.000,9999.000,9999.000
202603031954,   0.213,   0.688,9999.000,9999.000,9999.000,9999.000,9999.000,9999.000,9999.000
202603032000,   0.215,   0.708,   0.500,  -0.007,   0.708,   0.500,   0.708,   0.500,   0.708
202603032006,   0.218,   0.678,9999.000,9999.000,9999.000,9999.000,9999.000,9999.000,9999.000
202603032012,   0.221,   0.718,9999.000,9999.000,9999.000,9999.000,9999.000,9999.000,9999.000
202603032018,   0.224,   0.688,9999.000,9999.000,9999.000,9999.000,9999.000,9999.000,9999.000
202603032024,   0.227,   0.698,9999.000,9999.000,9999.000,9999.000,9999.000,9999.000,9999.000
202603032030,   0.231,   0.708,9999.000,9999.000,9999.000,9999.000,9999.000,9999.000,9999.000
202603032036,   0.235,   0.698,9999.000,9999.000,9999.000,9999.000,9999.000,9999.000,9999.000
202603032042,   0.238,   0.678,9999.000,9999.000,9999.000,9999.000,9999.000,9999.000,9999.000
202603032048,   0.243,   0.731,9999.000,9999.000,9999.000,9999.000,9999.000,9999.000,9999.000
202603032054,   0.247,   0.718,9999.000,9999.000,9999.000,9999.000,9999.000,9999.000,9999.000
202603032100,   0.251,   0.718,   0.500,  -0.033,   0.718,   0.500,   0.718,   0.500,   0.718
202603032106,   0.255,   0.718,9999.000,9999.000,9999.000,9999.000,9999.000,9999.000,9999.000
202603032112,   0.260,   0.718,9999.000,9999.000,9999.000,9999.000,9999.000,9999.000,9999.000
202603032118,   0.264,   0.718,9999.000,9999.000,9999.000,9999.000,9999.000,9999.000,9999.000
202603032124,   0.269,   0.741,9999.000,9999.000,9999.000,9999.000,9999.000,9999.000,9999.000
202603032130,   0.273,   0.751,9999.000,9999.000,9999.000,9999.000,9999.000,9999.000,9999.000
202603032136,   0.278,   0.741,9999.000,9999.000,9999.000,9999.000,9999.000,9999.000,9999.000
202603032142,   0.282,   0.741,9999.000,9999.000,9999.000,9999.000,9999.000,9999.000,9999.000
202603032148,   0.286,   0.741,9999.000,9999.000,9999.000,9999.000,9999.000,9999.000,9999.000
202603032154,   0.290,   0.741,9999.000,9999.000,9999.000,9999.000,9999.000,9999.000,9999.000
202603032200,   0.295,   0.741,   0.500,  -0.054,   0.741,   0.500,   0.741,   0.500,   0.741
202603032206,   0.299,   0.741,9999.000,9999.000,9999.000,9999.000,9999.000,9999.000,9999.000
202603032212,   0.302,   0.731,9999.000,9999.000,9999.000,9999.000,9999.000,9999.000,9999.000
202603032218,   0.306,   0.751,9999.000,9999.000,9999.000,9999.000,9999.000,9999.000,9999.000
202603032224,   0.309,   0.751,9999.000,9999.000,9999.000,9999.000,9999.000,9999.000,9999.000
202603032230,   0.313,   0.751,9999.000,9999.000,9999.000,9999.000,9999.000,9999.000,9999.000
202603032236,   0.316,   0.770,9999.000,9999.000,9999.000,9999.000,9999.000,9999.000,9999.000
202603032242,   0.318,   0.760,9999.000,9999.000,9999.000,9999.000,9999.000,9999.000,9999.000
202603032248,   0.321,   0.770,9999.000,9999.000,9999.000,9999.000,9999.000,9999.000,9999.000
202603032254,   0.323,   0.760,9999.000,9999.000,9999.000,9999.000,9999.000,9999.000,9999.000
202603032300,   0.325,   0.770,   0.500,  -0.055,   0.770,   0.500,   0.770,   0.500,   0.770
202603032306,   0.327,   0.780,9999.000,9999.000,9999.000,9999.000,9999.000,9999.000,9999.000
202603032312,   0.328,   0.790,9999.000,9999.000,9999.000,9999.000,9999.000,9999.000,9999.000
202603032318,   0.329,   0.770,9999.000,9999.000,9999.000,9999.000,9999.000,9999.000,9999.000
202603032324,   0.330,   0.780,9999.000,9999.000,9999.000,9999.000,9999.000,9999.000,9999.000
202603032330,   0.330,   0.770,9999.000,9999.000,9999.000,9999.000,9999.000,9999.000,9999.000
202603032336,   0.330,   0.780,9999.000,9999.000,9999.000,9999.000,9999.000,9999.000,9999.000
202603032342,   0.330,   0.790,9999.000,9999.000,9999.000,9999.000,9999.000,9999.000,9999.000
202603032348,   0.330,   0.770,9999.000,9999.000,9999.000,9999.000,9999.000,9999.000,9999.000
202603032354,   0.329,   0.800,9999.000,9999.000,9999.000,9999.000,9999.000,9999.000,9999.000
202603040000,   0.328,   0.780,   0.500,  -0.048,   0.780,   0.400,   0.680,   0.500,   0.780
202603040006,   0.327,   0.760,9999.000,9999.000,9999.000,9999.000,9999.000,9999.000,9999.000
202603040012,   0.325,   0.800,9999.000,9999.000,9999.000,9999.000,9999.000,9999.000,9999.000
202603040018,   0.323,   0.800,9999.000,9999.000,9999.000,9999.000,9999.000,9999.000,9999.000
202603040024,   0.320,   0.770,9999.000,9999.000,9999.000,9999.000,9999.000,9999.000,9999.000
202603040030,   0.318,   0.800,9999.000,9999.000,9999.000,9999.000,9999.000,9999.000,9999.000
202603040036,   0.315,   0.780,9999.000,9999.000,9999.000,9999.000,9999.000,9999.000,9999.000
202603040042,   0.312,   0.770,9999.000,9999.000,9999.000,9999.000,9999.000,9999.000,9999.000
202603040048,   0.308,   0.770,9999.000,9999.000,9999.000,9999.000,9999.000,9999.000,9999.000
202603040054,   0.305,   0.751,9999.000,9999.000,9999.000,9999.000,9999.000,9999.000,9999.000
202603040100,   0.301,   0.790,   0.500,  -0.011,   0.790,   0.400,   0.690,   0.500,   0.790
202603040106,   0.296,   0.760,9999.000,9999.000,9999.000,9999.000,9999.000,9999.000,9999.000
202603040112,   0.292,   0.751,9999.000,9999.000,9999.000,9999.000,9999.000,9999.000,9999.000
202603040118,   0.287,   0.760,9999.000,9999.000,9999.000,9999.000,9999.000,9999.000,9999.000
202603040124,   0.282,   0.741,9999.000,9999.000,9999.000,9999.000,9999.000,9999.000,9999.000
202603040130,   0.277,   0.731,9999.000,9999.000,9999.000,9999.000,9999.000,9999.000,9999.000
202603040136,   0.272,   0.760,9999.000,9999.000,9999.000,9999.000,9999.000,9999.000,9999.000
202603040142,   0.267,   0.731,9999.000,9999.000,9999.000,9999.000,9999.000,9999.000,9999.000
202603040148,   0.261,   0.731,9999.000,9999.000,9999.000,9999.000,9999.000,9999.000,9999.000
202603040154,   0.255,   0.731,9999.000,9999.000,9999.000,9999.000,9999.000,9999.000,9999.000
202603040200,   0.249,   0.731,   0.500,  -0.018,   0.731,   0.500,   0.731,   0.500,   0.731
202603040206,   0.243,   0.718,9999.000,9999.000,9999.000,9999.000,9999.000,9999.000,9999.000
202603040212,   0.237,   0.708,9999.000,9999.000,9999.000,9999.000,9999.000,9999.000,9999.000
202603040218,   0.231,   0.731,9999.000,9999.000,9999.000,9999.000,9999.000,9999.000,9999.000
202603040224,   0.225,   0.698,9999.000,9999.000,9999.000,9999.000,9999.000,9999.000,9999.000
202603040230,   0.218,   0.678,9999.000,9999.000,9999.000,9999.000,9999.000,9999.000,9999.000
202603040236,   0.212,   0.669,9999.000,9999.000,9999.000,9999.000,9999.000,9999.000,9999.000
202603040242,   0.205,   0.669,9999.000,9999.000,9999.000,9999.000,9999.000,9999.000,9999.000
202603040248,   0.198,   0.669,9999.000,9999.000,9999.000,9999.000,9999.000,9999.000,9999.000
202603040254,   0.192,   0.659,9999.000,9999.000,9999.000,9999.000,9999.000,9999.000,9999.000
202603040300,   0.185,   0.639,   0.400,   0.054,   0.639,   0.400,   0.639,   0.500,   0.739
202603040306,   0.179,   0.639,9999.000,9999.000,9999.000,9999.000,9999.000,9999.000,9999.000
202603040312,   0.172,   0.610,9999.000,9999.000,9999.000,9999.000,9999.000,9999.000,9999.000
202603040318,   0.165,   0.610,9999.000,9999.000,9999.000,9999.000,9999.000,9999.000,9999.000
202603040324,   0.159,   0.610,9999.000,9999.000,9999.000,9999.000,9999.000,9999.000,9999.000
202603040330,   0.152,   0.610,9999.000,9999.000,9999.000,9999.000,9999.000,9999.000,9999.000
202603040336,   0.146,   0.570,9999.000,9999.000,9999.000,9999.000,9999.000,9999.000,9999.000
202603040342,   0.139,   0.600,9999.000,9999.000,9999.000,9999.000,9999.000,9999.000,9999.000
202603040348,   0.133,   0.580,9999.000,9999.000,9999.000,9999.000,9999.000,9999.000,9999.000
202603040354,   0.127,   0.570,9999.000,9999.000,9999.000,9999.000,9999.000,9999.000,9999.000
202603040400,   0.121,   0.570,   0.400,   0.049,   0.570,   0.400,   0.570,   0.500,   0.670
202603040406,   0.115,   0.551,9999.000,9999.000,9999.000,9999.000,9999.000,9999.000,9999.000
202603040412,   0.109,   0.551,9999.000,9999.000,9999.000,9999.000,9999.000,9999.000,9999.000
202603040418,   0.103,   0.518,9999.000,9999.000,9999.000,9999.000,9999.000,9999.000,9999.000
202603040424,   0.098,   0.498,9999.000,9999.000,9999.000,9999.000,9999.000,9999.000,9999.000
202603040430,   0.093,   0.498,9999.000,9999.000,9999.000,9999.000,9999.000,9999.000,9999.000
202603040436,   0.087,   0.488,9999.000,9999.000,9999.000,9999.000,9999.000,9999.000,9999.000
202603040442,   0.083,   0.459,9999.000,9999.000,9999.000,9999.000,9999.000,9999.000,9999.000
202603040448,   0.078,   0.478,9999.000,9999.000,9999.000,9999.000,9999.000,9999.000,9999.000
202603040454,   0.074,   0.469,9999.000,9999.000,9999.000,9999.000,9999.000,9999.000,9999.000
202603040500,   0.069,   0.469,   0.500,  -0.100,   0.469,   0.500,   0.469,   0.500,   0.469
202603040506,   0.066,   0.449,9999.000,9999.000,9999.000,9999.000,9999.000,9999.000,9999.000
202603040512,   0.062,   0.459,9999.000,9999.000,9999.000,9999.000,9999.000,9999.000,9999.000
202603040518,   0.059,   0.469,9999.000,9999.000,9999.000,9999.000,9999.000,9999.000,9999.000
202603040524,   0.056,   0.449,9999.000,9999.000,9999.000,9999.000,9999.000,9999.000,9999.000
202603040530,   0.053,   0.459,9999.000,9999.000,9999.000,9999.000,9999.000,9999.000,9999.000
202603040536,   0.051,   0.439,9999.000,9999.000,9999.000,9999.000,9999.000,9999.000,9999.000
202603040542,   0.049,   0.478,9999.000,9999.000,9999.000,9999.000,9999.000,9999.000,9999.000
202603040548,   0.048,   0.459,9999.000,9999.000,9999.000,9999.000,9999.000,9999.000,9999.000
202603040554,   0.047,   0.429,9999.000,9999.000,9999.000,9999.000,9999.000,9999.000,9999.000
202603040600,   0.046,   0.439,   0.400,  -0.007,   0.439,   0.400,   0.439,   0.500,   0.539
202603040606,   0.046,   0.449,9999.000,9999.000,9999.000,9999.000,9999.000,9999.000,9999.000
202603040612,   0.046,   0.459,9999.000,9999.000,9999.000,9999.000,9999.000,9999.000,9999.000
202603040618,   0.047,   0.439,9999.000,9999.000,9999.000,9999.000,9999.000,9999.000,9999.000
202603040624,   0.048,   0.449,9999.000,9999.000,9999.000,9999.000,9999.000,9999.000,9999.000
202603040630,   0.049,   0.449,9999.000,9999.000,9999.000,9999.000,9999.000,9999.000,9999.000
202603040636,   0.051,   0.469,9999.000,9999.000,9999.000,9999.000,9999.000,9999.000,9999.000
202603040642,   0.053,   0.469,9999.000,9999.000,9999.000,9999.000,9999.000,9999.000,9999.000
202603040648,   0.056,   0.478,9999.000,9999.000,9999.000,9999.000,9999.000,9999.000,9999.000
202603040654,   0.059,   0.488,9999.000,9999.000,9999.000,9999.000,9999.000,9999.000,9999.000
202603040700,   0.063,   0.478,   0.400,   0.015,   0.478,   0.400,   0.478,   0.400,   0.478
202603040706,   0.067,   0.478,9999.000,9999.000,9999.000,9999.000,9999.000,9999.000,9999.000
202603040712,   0.072,   0.469,9999.000,9999.000,9999.000,9999.000,9999.000,9999.000,9999.000
202603040718,   0.077,   0.478,9999.000,9999.000,9999.000,9999.000,9999.000,9999.000,9999.000
202603040724,   0.082,   0.478,9999.000,9999.000,9999.000,9999.000,9999.000,9999.000,9999.000
202603040730,   0.088,   0.469,9999.000,9999.000,9999.000,9999.000,9999.000,9999.000,9999.000
202603040736,   0.095,   0.478,9999.000,9999.000,9999.000,9999.000,9999.000,9999.000,9999.000
202603040742,   0.101,   0.508,9999.000,9999.000,9999.000,9999.000,9999.000,9999.000,9999.000
202603040748,   0.109,   0.498,9999.000,9999.000,9999.000,9999.000,9999.000,9999.000,9999.000
202603040754,   0.116,   0.518,9999.000,9999.000,9999.000,9999.000,9999.000,9999.000,9999.000
202603040800,   0.124,   0.508,   0.400,  -0.016,   0.508,   0.400,   0.508,   0.500,   0.608
202603040806,   0.132,   0.518,9999.000,9999.000,9999.000,9999.000,9999.000,9999.000,9999.000
202603040812,   0.141,   0.518,9999.000,9999.000,9999.000,9999.000,9999.000,9999.000,9999.000
202603040818,   0.150,   0.541,9999.000,9999.000,9999.000,9999.000,9999.000,9999.000,9999.000
202603040824,   0.159,   0.518,9999.000,9999.000,9999.000,9999.000,9999.000,9999.000,9999.000
202603040830,   0.168,   0.531,9999.000,9999.000,9999.000,9999.000,9999.000,9999.000,9999.000
202603040836,   0.178,   0.551,9999.000,9999.000,9999.000,9999.000,9999.000,9999.000,9999.000
202603040842,   0.188,   0.541,9999.000,9999.000,9999.000,9999.000,9999.000,9999.000,9999.000
202603040848,   0.198,   0.570,9999.000,9999.000,9999.000,9999.000,9999.000,9999.000,9999.000
202603040854,   0.208,   0.580,9999.000,9999.000,9999.000,9999.000,9999.000,9999.000,9999.000
202603040900,   0.218,   0.580,   0.500,  -0.138,   0.580,   0.400,   0.480,   0.500,   0.580
202603040906,   0.229,   0.590,9999.000,9999.000,9999.000,9999.000,9999.000,9999.000,9999.000
202603040912,   0.239,   0.619,9999.000,9999.000,9999.000,9999.000,9999.000,9999.000,9999.000
202603040918,   0.250,   0.619,9999.000,9999.000,9999.000,9999.000,9999.000,9999.000,9999.000
202603040924,   0.260,   0.649,9999.000,9999.000,9999.000,9999.000,9999.000,9999.000,9999.000
202603040930,   0.271,   0.659,9999.000,9999.000,9999.000,9999.000,9999.000,9999.000,9999.000
202603040936,   0.281,   0.678,9999.000,9999.000,9999.000,9999.000,9999.000,9999.000,9999.000
202603040942,   0.292,   0.698,9999.000,9999.000,9999.000,9999.000,9999.000,9999.000,9999.000
202603040948,   0.302,   0.698,9999.000,9999.000,9999.000,9999.000,9999.000,9999.000,9999.000
202603040954,   0.312,   0.678,9999.000,9999.000,9999.000,9999.000,9999.000,9999.000,9999.000
202603041000,   0.322,   0.678,   0.500,  -0.144,   0.678,   0.400,   0.578,   0.500,   0.678
202603041006,   0.332,   0.698,9999.000,9999.000,9999.000,9999.000,9999.000,9999.000,9999.000
202603041012,   0.342,   0.718,9999.000,9999.000,9999.000,9999.000,9999.000,9999.000,9999.000
202603041018,   0.351,   0.741,9999.000,9999.000,9999.000,9999.000,9999.000,9999.000,9999.000
202603041024,   0.360,   0.741,9999.000,9999.000,9999.000,9999.000,9999.000,9999.000,9999.000
202603041030,   0.369,   0.741,9999.000,9999.000,9999.000,9999.000,9999.000,9999.000,9999.000
202603041036,   0.377,   0.760,9999.000,9999.000,9999.000,9999.000,9999.000,9999.000,9999.000
202603041042,   0.386,   0.760,9999.000,9999.000,9999.000,9999.000,9999.000,9999.000,9999.000
202603041048,   0.393,   0.790,9999.000,9999.000,9999.000,9999.000,9999.000,9999.000,9999.000
202603041054,   0.401,   0.800,9999.000,9999.000,9999.000,9999.000,9999.000,9999.000,9999.000
202603041100,   0.408,   0.790,   0.500,  -0.118,   0.790,   0.400,   0.690,   0.500,   0.790
202603041106,   0.415,   0.819,9999.000,9999.000,9999.000,9999.000,9999.000,9999.000,9999.000
202603041112,   0.421,   0.810,9999.000,9999.000,9999.000,9999.000,9999.000,9999.000,9999.000
202603041118,   0.427,   0.819,9999.000,9999.000,9999.000,9999.000,9999.000,9999.000,9999.000
202603041124,   0.432,   0.839,9999.000,9999.000,9999.000,9999.000,9999.000,9999.000,9999.000
202603041130,   0.437,   0.829,9999.000,9999.000,9999.000,9999.000,9999.000,9999.000,9999.000
202603041136,   0.441,   0.810,9999.000,9999.000,9999.000,9999.000,9999.000,9999.000,9999.000
202603041142,   0.445,   0.839,9999.000,9999.000,9999.000,9999.000,9999.000,9999.000,9999.000
202603041148,   0.449,   0.829,9999.000,9999.000,9999.000,9999.000,9999.000,9999.000,9999.000
202603041154,   0.452,   0.839,9999.000,9999.000,9999.000,9999.000,9999.000,9999.000,9999.000
202603041200,   0.454,   0.839,   0.400,  -0.015,   0.839,   0.400,   0.839,   0.400,   0.839
202603041206,   0.456,   0.849,9999.000,9999.000,9999.000,9999.000,9999.000,9999.000,9999.000
202603041212,   0.458,   0.839,9999.000,9999.000,9999.000,9999.000,9999.000,9999.000,9999.000
202603041218,   0.459,   0.839,9999.000,9999.000,9999.000,9999.000,9999.000,9999.000,9999.000
202603041224,   0.460,   0.839,9999.000,9999.000,9999.000,9999.000,9999.000,9999.000,9999.000
202603041230,   0.460,   0.859,9999.000,9999.000,9999.000,9999.000,9999.000,9999.000,9999.000
202603041236,   0.460,   0.839,9999.000,9999.000,9999.000,9999.000,9999.000,9999.000,9999.000
202603041242,   0.459,   0.849,9999.000,9999.000,9999.000,9999.000,9999.000,9999.000,9999.000
202603041248,   0.458,   0.829,9999.000,9999.000,9999.000,9999.000,9999.000,9999.000,9999.000
202603041254,   0.456,   0.839,9999.000,9999.000,9999.000,9999.000,9999.000,9999.000,9999.000
202603041300,   0.454,   0.839,   0.400,  -0.015,   0.839,   0.400,   0.839,   0.400,   0.839
202603041306,   0.452,   0.819,9999.000,9999.000,9999.000,9999.000,9999.000,9999.000,9999.000
202603041312,   0.449,   0.829,9999.000,9999.000,9999.000,9999.000,9999.000,9999.000,9999.000
202603041318,   0.446,   0.839,9999.000,9999.000,9999.000,9999.000,9999.000,9999.000,9999.000
202603041324,   0.443,   0.829,9999.000,9999.000,9999.000,9999.000,9999.000,9999.000,9999.000
202603041330,   0.439,   0.829,9999.000,9999.000,9999.000,9999.000,9999.000,9999.000,9999.000
202603041336,   0.435,   0.819,9999.000,9999.000,9999.000,9999.000,9999.000,9999.000,9999.000
202603041342,   0.431,   0.839,9999.000,9999.000,9999.000,9999.000,9999.000,9999.000,9999.000
202603041348,   0.426,   0.800,9999.000,9999.000,9999.000,9999.000,9999.000,9999.000,9999.000
202603041354,   0.422,   0.810,9999.000,9999.000,9999.000,9999.000,9999.000,9999.000,9999.000
202603041400,   0.416,   0.800,   0.400,  -0.016,   0.800,   0.400,   0.800,   0.400,   0.800
202603041406,   0.411,   0.810,9999.000,9999.000,9999.000,9999.000,9999.000,9999.000,9999.000
202603041412,   0.405,   0.800,9999.000,9999.000,9999.000,9999.000,9999.000,9999.000,9999.000
202603041418,   0.400,   0.780,9999.000,9999.000,9999.000,9999.000,9999.000,9999.000,9999.000
202603041424,   0.394,   0.770,9999.000,9999.000,9999.000,9999.000,9999.000,9999.000,9999.000
202603041430,   0.388,   0.819,9999.000,9999.000,9999.000,9999.000,9999.000,9999.000,9999.000
202603041436,   0.381,   0.780,9999.000,9999.000,9999.000,9999.000,9999.000,9999.000,9999.000
202603041442,   0.375,   0.770,9999.000,9999.000,9999.000,9999.000,9999.000,9999.000,9999.000
202603041448,   0.368,   0.780,9999.000,9999.000,9999.000,9999.000,9999.000,9999.000,9999.000
202603041454,   0.362,   0.731,9999.000,9999.000,9999.000,9999.000,9999.000,9999.000,9999.000
202603041500,   0.355,   0.760,   0.400,   0.005,   0.760,   0.400,   0.760,   0.400,   0.760
202603041506,   0.348,   0.718,9999.000,9999.000,9999.000,9999.000,9999.000,9999.000,9999.000
202603041512,   0.341,   0.770,9999.000,9999.000,9999.000,9999.000,9999.000,9999.000,9999.000
202603041518,   0.334,   0.741,9999.000,9999.000,9999.000,9999.000,9999.000,9999.000,9999.000
202603041524,   0.327,   0.718,9999.000,9999.000,9999.000,9999.000,9999.000,9999.000,9999.000
202603041530,   0.320,   0.698,9999.000,9999.000,9999.000,9999.000,9999.000,9999.000,9999.000
202603041536,   0.313,   0.688,9999.000,9999.000,9999.000,9999.000,9999.000,9999.000,9999.000
202603041542,   0.306,   0.649,9999.000,9999.000,9999.000,9999.000,9999.000,9999.000,9999.000
202603041548,   0.298,   0.649,9999.000,9999.000,9999.000,9999.000,9999.000,9999.000,9999.000
202603041554,   0.291,   0.659,9999.000,9999.000,9999.000,9999.000,9999.000,9999.000,9999.000
202603041600,   0.284,   0.659,   0.400,  -0.025,   0.659,   0.400,   0.659,   0.400,   0.659
202603041606,   0.277,   0.619,9999.000,9999.000,9999.000,9999.000,9999.000,9999.000,9999.000
202603041612,   0.270,   0.649,9999.000,9999.000,9999.000,9999.000,9999.000,9999.000,9999.000
202603041618,   0.263,   0.600,9999.000,9999.000,9999.000,9999.000,9999.000,9999.000,9999.000
202603041624,   0.256,   0.619,9999.000,9999.000,9999.000,9999.000,9999.000,9999.000,9999.000
202603041630,   0.249,   0.610,9999.000,9999.000,9999.000,9999.000,9999.000,9999.000,9999.000
202603041636,   0.243,   0.590,9999.000,9999.000,9999.000,9999.000,9999.000,9999.000,9999.000
202603041642,   0.236,   0.560,9999.000,9999.000,9999.000,9999.000,9999.000,9999.000,9999.000
202603041648,   0.229,   0.570,9999.000,9999.000,9999.000,9999.000,9999.000,9999.000,9999.000
202603041654,   0.223,   0.560,9999.000,9999.000,9999.000,9999.000,9999.000,9999.000,9999.000
202603041700,   0.216,   0.531,   0.400,  -0.085,   0.531,   0.400,   0.531,   0.400,   0.531
202603041706,   0.210,   0.551,9999.000,9999.000,9999.000,9999.000,9999.000,9999.000,9999.000
202603041712,   0.204,   0.531,9999.000,9999.000,9999.000,9999.000,9999.000,9999.000,9999.000
202603041718,   0.198,   0.541,9999.000,9999.000,9999.000,9999.000,9999.000,9999.000,9999.000
202603041724,   0.193,   0.518,9999.000,9999.000,9999.000,9999.000,9999.000,9999.000,9999.000
202603041730,   0.187,   0.541,9999.000,9999.000,9999.000,9999.000,9999.000,9999.000,9999.000
202603041736,   0.182,   0.518,9999.000,9999.000,9999.000,9999.000,9999.000,9999.000,9999.000
202603041742,   0.177,   0.541,9999.000,9999.000,9999.000,9999.000,9999.000,9999.000,9999.000
202603041748,   0.172,   0.518,9999.000,9999.000,9999.000,9999.000,9999.000,9999.000,9999.000
202603041754,   0.167,9999.000,9999.000,9999.000,9999.000,9999.000,9999.000,9999.000,9999.000
202603041800,   0.163,9999.000,   0.400,  -0.079,   0.484,   0.400,   0.484,   0.400,   0.484
202603041806,   0.158,9999.000,9999.000,9999.000,9999.000,9999.000,9999.000,9999.000,9999.000
202603041812,   0.154,9999.000,9999.000,9999.000,9999.000,9999.000,9999.000,9999.000,9999.000
202603041818,   0.151,9999.000,9999.000,9999.000,9999.000,9999.000,9999.000,9999.000,9999.000
202603041824,   0.147,9999.000,9999.000,9999.000,9999.000,9999.000,9999.000,9999.000,9999.000
202603041830,   0.144,9999.000,9999.000,9999.000,9999.000,9999.000,9999.000,9999.000,9999.000
202603041836,   0.142,9999.000,9999.000,9999.000,9999.000,9999.000,9999.000,9999.000,9999.000
202603041842,   0.139,9999.000,9999.000,9999.000,9999.000,9999.000,9999.000,9999.000,9999.000
202603041848,   0.137,9999.000,9999.000,9999.000,9999.000,9999.000,9999.000,9999.000,9999.000
202603041854,   0.136,9999.000,9999.000,9999.000,9999.000,9999.000,9999.000,9999.000,9999.000
202603041900,   0.134,9999.000,   0.400,  -0.073,   0.461,   0.400,   0.461,   0.400,   0.461
202603041906,   0.133,9999.000,9999.000,9999.000,9999.000,9999.000,9999.000,9999.000,9999.000
202603041912,   0.132,9999.000,9999.000,9999.000,9999.000,9999.000,9999.000,9999.000,9999.000
202603041918,   0.132,9999.000,9999.000,9999.000,9999.000,9999.000,9999.000,9999.000,9999.000
202603041924,   0.132,9999.000,9999.000,9999.000,9999.000,9999.000,9999.000,9999.000,9999.000
202603041930,   0.133,9999.000,9999.000,9999.000,9999.000,9999.000,9999.000,9999.000,9999.000
202603041936,   0.134,9999.000,9999.000,9999.000,9999.000,9999.000,9999.000,9999.000,9999.000
202603041942,   0.135,9999.000,9999.000,9999.000,9999.000,9999.000,9999.000,9999.000,9999.000
202603041948,   0.137,9999.000,9999.000,9999.000,9999.000,9999.000,9999.000,9999.000,9999.000
202603041954,   0.139,9999.000,9999.000,9999.000,9999.000,9999.000,9999.000,9999.000,9999.000
202603042000,   0.141,9999.000,   0.400,  -0.066,   0.475,   0.400,   0.475,   0.400,   0.475
202603042006,   0.144,9999.000,9999.000,9999.000,9999.000,9999.000,9999.000,9999.000,9999.000
202603042012,   0.147,9999.000,9999.000,9999.000,9999.000,9999.000,9999.000,9999.000,9999.000
202603042018,   0.151,9999.000,9999.000,9999.000,9999.000,9999.000,9999.000,9999.000,9999.000
202603042024,   0.155,9999.000,9999.000,9999.000,9999.000,9999.000,9999.000,9999.000,9999.000
202603042030,   0.159,9999.000,9999.000,9999.000,9999.000,9999.000,9999.000,9999.000,9999.000
202603042036,   0.164,9999.000,9999.000,9999.000,9999.000,9999.000,9999.000,9999.000,9999.000
202603042042,   0.169,9999.000,9999.000,9999.000,9999.000,9999.000,9999.000,9999.000,9999.000
202603042048,   0.174,9999.000,9999.000,9999.000,9999.000,9999.000,9999.000,9999.000,9999.000
202603042054,   0.180,9999.000,9999.000,9999.000,9999.000,9999.000,9999.000,9999.000,9999.000
202603042100,   0.186,9999.000,   0.400,  -0.060,   0.526,   0.400,   0.526,   0.400,   0.526
202603042106,   0.192,9999.000,9999.000,9999.000,9999.000,9999.000,9999.000,9999.000,9999.000
202603042112,   0.198,9999.000,9999.000,9999.000,9999.000,9999.000,9999.000,9999.000,9999.000
202603042118,   0.205,9999.000,9999.000,9999.000,9999.000,9999.000,9999.000,9999.000,9999.000
202603042124,   0.212,9999.000,9999.000,9999.000,9999.000,9999.000,9999.000,9999.000,9999.000
202603042130,   0.219,9999.000,9999.000,9999.000,9999.000,9999.000,9999.000,9999.000,9999.000
202603042136,   0.226,9999.000,9999.000,9999.000,9999.000,9999.000,9999.000,9999.000,9999.000
202603042142,   0.234,9999.000,9999.000,9999.000,9999.000,9999.000,9999.000,9999.000,9999.000
202603042148,   0.241,9999.000,9999.000,9999.000,9999.000,9999.000,9999.000,9999.000,9999.000
202603042154,   0.249,9999.000,9999.000,9999.000,9999.000,9999.000,9999.000,9999.000,9999.000
202603042200,   0.256,9999.000,   0.400,  -0.054,   0.602,   0.400,   0.602,   0.400,   0.602
202603042206,   0.264,9999.000,9999.000,9999.000,9999.000,9999.000,9999.000,9999.000,9999.000
202603042212,   0.272,9999.000,9999.000,9999.000,9999.000,9999.000,9999.000,9999.000,9999.000
202603042218,   0.279,9999.000,9999.000,9999.000,9999.000,9999.000,9999.000,9999.000,9999.000
202603042224,   0.287,9999.000,9999.000,9999.000,9999.000,9999.000,9999.000,9999.000,9999.000
202603042230,   0.295,9999.000,9999.000,9999.000,9999.000,9999.000,9999.000,9999.000,9999.000
202603042236,   0.302,9999.000,9999.000,9999.000,9999.000,9999.000,9999.000,9999.000,9999.000
202603042242,   0.309,9999.000,9999.000,9999.000,9999.000,9999.000,9999.000,9999.000,9999.000
202603042248,   0.317,9999.000,9999.000,9999.000,9999.000,9999.000,9999.000,9999.000,9999.000
202603042254,   0.324,9999.000,9999.000,9999.000,9999.000,9999.000,9999.000,9999.000,9999.000
202603042300,   0.331,9999.000,   0.400,  -0.048,   0.683,   0.400,   0.683,   0.400,   0.683
202603042306,   0.337,9999.000,9999.000,9999.000,9999.000,9999.000,9999.000,9999.000,9999.000
202603042312,   0.344,9999.000,9999.000,9999.000,9999.000,9999.000,9999.000,9999.000,9999.000
202603042318,   0.350,9999.000,9999.000,9999.000,9999.000,9999.000,9999.000,9999.000,9999.000
202603042324,   0.356,9999.000,9999.000,9999.000,9999.000,9999.000,9999.000,9999.000,9999.000
202603042330,   0.361,9999.000,9999.000,9999.000,9999.000,9999.000,9999.000,9999.000,9999.000
202603042336,   0.366,9999.000,9999.000,9999.000,9999.000,9999.000,9999.000,9999.000,9999.000
202603042342,   0.371,9999.000,9999.000,9999.000,9999.000,9999.000,9999.000,9999.000,9999.000
202603042348,   0.376,9999.000,9999.000,9999.000,9999.000,9999.000,9999.000,9999.000,9999.000
202603042354,   0.380,9999.000,9999.000,9999.000,9999.000,9999.000,9999.000,9999.000,9999.000
202603050000,   0.384,9999.000,   0.400,  -0.042,   0.742,   0.400,   0.742,   0.400,   0.742
202603050006,   0.387,9999.000,9999.000,9999.000,9999.000,9999.000,9999.000,9999.000,9999.000
202603050012,   0.391,9999.000,9999.000,9999.000,9999.000,9999.000,9999.000,9999.000,9999.000
202603050018,   0.393,9999.000,9999.000,9999.000,9999.000,9999.000,9999.000,9999.000,9999.000
202603050024,   0.396,9999.000,9999.000,9999.000,9999.000,9999.000,9999.000,9999.000,9999.000
202603050030,   0.397,9999.000,9999.000,9999.000,9999.000,9999.000,9999.000,9999.000,9999.000
202603050036,   0.399,9999.000,9999.000,9999.000,9999.000,9999.000,9999.000,9999.000,9999.000
202603050042,   0.400,9999.000,9999.000,9999.000,9999.000,9999.000,9999.000,9999.000,9999.000
202603050048,   0.401,9999.000,9999.000,9999.000,9999.000,9999.000,9999.000,9999.000,9999.000
202603050054,   0.401,9999.000,9999.000,9999.000,9999.000,9999.000,9999.000,9999.000,9999.000
202603050100,   0.401,9999.000,   0.400,  -0.035,   0.766,   0.400,   0.766,   0.400,   0.766
202603050106,   0.401,9999.000,9999.000,9999.000,9999.000,9999.000,9999.000,9999.000,9999.000
202603050112,   0.400,9999.000,9999.000,9999.000,9999.000,9999.000,9999.000,9999.000,9999.000
202603050118,   0.398,9999.000,9999.000,9999.000,9999.000,9999.000,9999.000,9999.000,9999.000
202603050124,   0.397,9999.000,9999.000,9999.000,9999.000,9999.000,9999.000,9999.000,9999.000
202603050130,   0.395,9999.000,9999.000,9999.000,9999.000,9999.000,9999.000,9999.000,9999.000
202603050136,   0.393,9999.000,9999.000,9999.000,9999.000,9999.000,9999.000,9999.000,9999.000
202603050142,   0.390,9999.000,9999.000,9999.000,9999.000,9999.000,9999.000,9999.000,9999.000
202603050148,   0.387,9999.000,9999.000,9999.000,9999.000,9999.000,9999.000,9999.000,9999.000
202603050154,   0.384,9999.000,9999.000,9999.000,9999.000,9999.000,9999.000,9999.000,9999.000
202603050200,   0.380,9999.000,   0.400,  -0.029,   0.751,   0.400,   0.751,   0.400,   0.751
202603050206,   0.377,9999.000,9999.000,9999.000,9999.000,9999.000,9999.000,9999.000,9999.000
202603050212,   0.373,9999.000,9999.000,9999.000,9999.000,9999.000,9999.000,9999.000,9999.000
202603050218,   0.368,9999.000,9999.000,9999.000,9999.000,9999.000,9999.000,9999.000,9999.000
202603050224,   0.364,9999.000,9999.000,9999.000,9999.000,9999.000,9999.000,9999.000,9999.000
202603050230,   0.359,9999.000,9999.000,9999.000,9999.000,9999.000,9999.000,9999.000,9999.000
202603050236,   0.354,9999.000,9999.000,9999.000,9999.000,9999.000,9999.000,9999.000,9999.000
202603050242,   0.349,9999.000,9999.000,9999.000,9999.000,9999.000,9999.000,9999.000,9999.000
202603050248,   0.344,9999.000,9999.000,9999.000,9999.000,9999.000,9999.000,9999.000,9999.000
202603050254,   0.338,9999.000,9999.000,9999.000,9999.000,9999.000,9999.000,9999.000,9999.000
202603050300,   0.333,9999.000,   0.400,  -0.023,   0.710,   0.300,   0.610,   0.400,   0.710
202603050306,   0.327,9999.000,9999.000,9999.000,9999.000,9999.000,9999.000,9999.000,9999.000
202603050312,   0.321,9999.000,9999.000,9999.000,9999.000,9999.000,9999.000,9999.000,9999.000
202603050318,   0.315,9999.000,9999.000,9999.000,9999.000,9999.000,9999.000,9999.000,9999.000
202603050324,   0.309,9999.000,9999.000,9999.000,9999.000,9999.000,9999.000,9999.000,9999.000
202603050330,   0.303,9999.000,9999.000,9999.000,9999.000,9999.000,9999.000,9999.000,9999.000
202603050336,   0.297,9999.000,9999.000,9999.000,9999.000,9999.000,9999.000,9999.000,9999.000
202603050342,   0.291,9999.000,9999.000,9999.000,9999.000,9999.000,9999.000,9999.000,9999.000
202603050348,   0.285,9999.000,9999.000,9999.000,9999.000,9999.000,9999.000,9999.000,9999.000
202603050354,   0.279,9999.000,9999.000,9999.000,9999.000,9999.000,9999.000,9999.000,9999.000
202603050400,   0.273,9999.000,   0.400,  -0.017,   0.656,   0.300,   0.556,   0.400,   0.656
202603050406,   0.266,9999.000,9999.000,9999.000,9999.000,9999.000,9999.000,9999.000,9999.000
202603050412,   0.260,9999.000,9999.000,9999.000,9999.000,9999.000,9999.000,9999.000,9999.000
202603050418,   0.254,9999.000,9999.000,9999.000,9999.000,9999.000,9999.000,9999.000,9999.000
202603050424,   0.248,9999.000,9999.000,9999.000,9999.000,9999.000,9999.000,9999.000,9999.000
202603050430,   0.242,9999.000,9999.000,9999.000,9999.000,9999.000,9999.000,9999.000,9999.000
202603050436,   0.237,9999.000,9999.000,9999.000,9999.000,9999.000,9999.000,9999.000,9999.000
202603050442,   0.231,9999.000,9999.000,9999.000,9999.000,9999.000,9999.000,9999.000,9999.000
202603050448,   0.225,9999.000,9999.000,9999.000,9999.000,9999.000,9999.000,9999.000,9999.000
202603050454,   0.220,9999.000,9999.000,9999.000,9999.000,9999.000,9999.000,9999.000,9999.000
202603050500,   0.214,9999.000,   0.400,  -0.011,   0.603,   0.400,   0.603,   0.400,   0.603
202603050506,   0.209,9999.000,9999.000,9999.000,9999.000,9999.000,9999.000,9999.000,9999.000
202603050512,   0.204,9999.000,9999.000,9999.000,9999.000,9999.000,9999.000,9999.000,9999.000
202603050518,   0.199,9999.000,9999.000,9999.000,9999.000,9999.000,9999.000,9999.000,9999.000
202603050524,   0.194,9999.000,9999.000,9999.000,9999.000,9999.000,9999.000,9999.000,9999.000
202603050530,   0.189,9999.000,9999.000,9999.000,9999.000,9999.000,9999.000,9999.000,9999.000
202603050536,   0.185,9999.000,9999.000,9999.000,9999.000,9999.000,9999.000,9999.000,9999.000
202603050542,   0.180,9999.000,9999.000,9999.000,9999.000,9999.000,9999.000,9999.000,9999.000
202603050548,   0.176,9999.000,9999.000,9999.000,9999.000,9999.000,9999.000,9999.000,9999.000
202603050554,   0.172,9999.000,9999.000,9999.000,9999.000,9999.000,9999.000,9999.000,9999.000
202603050600,   0.169,9999.000,   0.400,  -0.011,   0.558,   0.400,   0.558,   0.400,   0.558
202603050606,   0.165,9999.000,9999.000,9999.000,9999.000,9999.000,9999.000,9999.000,9999.000
202603050612,   0.162,9999.000,9999.000,9999.000,9999.000,9999.000,9999.000,9999.000,9999.000
202603050618,   0.159,9999.000,9999.000,9999.000,9999.000,9999.000,9999.000,9999.000,9999.000
202603050624,   0.157,9999.000,9999.000,9999.000,9999.000,9999.000,9999.000,9999.000,9999.000
202603050630,   0.154,9999.000,9999.000,9999.000,9999.000,9999.000,9999.000,9999.000,9999.000
202603050636,   0.152,9999.000,9999.000,9999.000,9999.000,9999.000,9999.000,9999.000,9999.000
202603050642,   0.150,9999.000,9999.000,9999.000,9999.000,9999.000,9999.000,9999.000,9999.000
202603050648,   0.149,9999.000,9999.000,9999.000,9999.000,9999.000,9999.000,9999.000,9999.000
202603050654,   0.148,9999.000,9999.000,9999.000,9999.000,9999.000,9999.000,9999.000,9999.000
202603050700,   0.147,9999.000,   0.400,  -0.011,   0.536,   0.400,   0.536,   0.400,   0.536
202603050706,   0.146,9999.000,9999.000,9999.000,9999.000,9999.000,9999.000,9999.000,9999.000
202603050712,   0.146,9999.000,9999.000,9999.000,9999.000,9999.000,9999.000,9999.000,9999.000
202603050718,   0.146,9999.000,9999.000,9999.000,9999.000,9999.000,9999.000,9999.000,9999.000
202603050724,   0.147,9999.000,9999.000,9999.000,9999.000,9999.000,9999.000,9999.000,9999.000
202603050730,   0.148,9999.000,9999.000,9999.000,9999.000,9999.000,9999.000,9999.000,9999.000
202603050736,   0.149,9999.000,9999.000,9999.000,9999.000,9999.000,9999.000,9999.000,9999.000
202603050742,   0.151,9999.000,9999.000,9999.000,9999.000,9999.000,9999.000,9999.000,9999.000
202603050748,   0.153,9999.000,9999.000,9999.000,9999.000,9999.000,9999.000,9999.000,9999.000
202603050754,   0.155,9999.000,9999.000,9999.000,9999.000,9999.000,9999.000,9999.000,9999.000
202603050800,   0.158,9999.000,   0.400,  -0.011,   0.547,   0.400,   0.547,   0.400,   0.547
202603050806,   0.161,9999.000,9999.000,9999.000,9999.000,9999.000,9999.000,9999.000,9999.000
202603050812,   0.164,9999.000,9999.000,9999.000,9999.000,9999.000,9999.000,9999.000,9999.000
202603050818,   0.168,9999.000,9999.000,9999.000,9999.000,9999.000,9999.000,9999.000,9999.000
202603050824,   0.172,9999.000,9999.000,9999.000,9999.000,9999.000,9999.000,9999.000,9999.000
202603050830,   0.176,9999.000,9999.000,9999.000,9999.000,9999.000,9999.000,9999.000,9999.000
202603050836,   0.181,9999.000,9999.000,9999.000,9999.000,9999.000,9999.000,9999.000,9999.000
202603050842,   0.186,9999.000,9999.000,9999.000,9999.000,9999.000,9999.000,9999.000,9999.000
202603050848,   0.191,9999.000,9999.000,9999.000,9999.000,9999.000,9999.000,9999.000,9999.000
202603050854,   0.197,9999.000,9999.000,9999.000,9999.000,9999.000,9999.000,9999.000,9999.000
202603050900,   0.203,9999.000,   0.400,  -0.011,   0.592,   0.400,   0.592,   0.400,   0.592
202603050906,   0.209,9999.000,9999.000,9999.000,9999.000,9999.000,9999.000,9999.000,9999.000
202603050912,   0.215,9999.000,9999.000,9999.000,9999.000,9999.000,9999.000,9999.000,9999.000
202603050918,   0.222,9999.000,9999.000,9999.000,9999.000,9999.000,9999.000,9999.000,9999.000
202603050924,   0.229,9999.000,9999.000,9999.000,9999.000,9999.000,9999.000,9999.000,9999.000
202603050930,   0.236,9999.000,9999.000,9999.000,9999.000,9999.000,9999.000,9999.000,9999.000
202603050936,   0.243,9999.000,9999.000,9999.000,9999.000,9999.000,9999.000,9999.000,9999.000
202603050942,   0.250,9999.000,9999.000,9999.000,9999.000,9999.000,9999.000,9999.000,9999.000
202603050948,   0.257,9999.000,9999.000,9999.000,9999.000,9999.000,9999.000,9999.000,9999.000
202603050954,   0.265,9999.000,9999.000,9999.000,9999.000,9999.000,9999.000,9999.000,9999.000
202603051000,   0.272,9999.000,   0.400,  -0.011,   0.661,   0.400,   0.661,   0.400,   0.661
202603051006,   0.280,9999.000,9999.000,9999.000,9999.000,9999.000,9999.000,9999.000,9999.000
202603051012,   0.287,9999.000,9999.000,9999.000,9999.000,9999.000,9999.000,9999.000,9999.000
202603051018,   0.294,9999.000,9999.000,9999.000,9999.000,9999.000,9999.000,9999.000,9999.000
202603051024,   0.302,9999.000,9999.000,9999.000,9999.000,9999.000,9999.000,9999.000,9999.000
202603051030,   0.309,9999.000,9999.000,9999.000,9999.000,9999.000,9999.000,9999.000,9999.000
202603051036,   0.316,9999.000,9999.000,9999.000,9999.000,9999.000,9999.000,9999.000,9999.000
202603051042,   0.323,9999.000,9999.000,9999.000,9999.000,9999.000,9999.000,9999.000,9999.000
202603051048,   0.330,9999.000,9999.000,9999.000,9999.000,9999.000,9999.000,9999.000,9999.000
202603051054,   0.336,9999.000,9999.000,9999.000,9999.000,9999.000,9999.000,9999.000,9999.000
202603051100,   0.343,9999.000,   0.400,  -0.011,   0.732,   0.400,   0.732,   0.400,   0.732
202603051106,   0.349,9999.000,9999.000,9999.000,9999.000,9999.000,9999.000,9999.000,9999.000
202603051112,   0.354,9999.000,9999.000,9999.000,9999.000,9999.000,9999.000,9999.000,9999.000
202603051118,   0.360,9999.000,9999.000,9999.000,9999.000,9999.000,9999.000,9999.000,9999.000
202603051124,   0.365,9999.000,9999.000,9999.000,9999.000,9999.000,9999.000,9999.000,9999.000
202603051130,   0.370,9999.000,9999.000,9999.000,9999.000,9999.000,9999.000,9999.000,9999.000
202603051136,   0.374,9999.000,9999.000,9999.000,9999.000,9999.000,9999.000,9999.000,9999.000
202603051142,   0.378,9999.000,9999.000,9999.000,9999.000,9999.000,9999.000,9999.000,9999.000
202603051148,   0.381,9999.000,9999.000,9999.000,9999.000,9999.000,9999.000,9999.000,9999.000
202603051154,   0.385,9999.000,9999.000,9999.000,9999.000,9999.000,9999.000,9999.000,9999.000
202603051200,   0.387,9999.000,   0.400,  -0.011,   0.776,   0.400,   0.776,   0.400,   0.776
202603051206,   0.389,9999.000,9999.000,9999.000,9999.000,9999.000,9999.000,9999.000,9999.000
202603051212,   0.391,9999.000,9999.000,9999.000,9999.000,9999.000,9999.000,9999.000,9999.000
202603051218,   0.392,9999.000,9999.000,9999.000,9999.000,9999.000,9999.000,9999.000,9999.000
202603051224,   0.393,9999.000,9999.000,9999.000,9999.000,9999.000,9999.000,9999.000,9999.000
202603051230,   0.394,9999.000,9999.000,9999.000,9999.000,9999.000,9999.000,9999.000,9999.000
202603051236,   0.394,9999.000,9999.000,9999.000,9999.000,9999.000,9999.000,9999.000,9999.000
202603051242,   0.393,9999.000,9999.000,9999.000,9999.000,9999.000,9999.000,9999.000,9999.000
202603051248,   0.392,9999.000,9999.000,9999.000,9999.000,9999.000,9999.000,9999.000,9999.000
202603051254,   0.390,9999.000,9999.000,9999.000,9999.000,9999.000,9999.000,9999.000,9999.000
202603051300,   0.388,9999.000,   0.400,  -0.011,   0.777,   0.400,   0.777,   0.400,   0.777
202603051306,   0.386,9999.000,9999.000,9999.000,9999.000,9999.000,9999.000,9999.000,9999.000
202603051312,   0.383,9999.000,9999.000,9999.000,9999.000,9999.000,9999.000,9999.000,9999.000
202603051318,   0.380,9999.000,9999.000,9999.000,9999.000,9999.000,9999.000,9999.000,9999.000
202603051324,   0.376,9999.000,9999.000,9999.000,9999.000,9999.000,9999.000,9999.000,9999.000
202603051330,   0.372,9999.000,9999.000,9999.000,9999.000,9999.000,9999.000,9999.000,9999.000
202603051336,   0.367,9999.000,9999.000,9999.000,9999.000,9999.000,9999.000,9999.000,9999.000
202603051342,   0.362,9999.000,9999.000,9999.000,9999.000,9999.000,9999.000,9999.000,9999.000
202603051348,   0.357,9999.000,9999.000,9999.000,9999.000,9999.000,9999.000,9999.000,9999.000
202603051354,   0.352,9999.000,9999.000,9999.000,9999.000,9999.000,9999.000,9999.000,9999.000
202603051400,   0.346,9999.000,   0.400,  -0.011,   0.735,   0.400,   0.735,   0.400,   0.735
202603051406,   0.340,9999.000,9999.000,9999.000,9999.000,9999.000,9999.000,9999.000,9999.000
202603051412,   0.333,9999.000,9999.000,9999.000,9999.000,9999.000,9999.000,9999.000,9999.000
202603051418,   0.327,9999.000,9999.000,9999.000,9999.000,9999.000,9999.000,9999.000,9999.000
202603051424,   0.320,9999.000,9999.000,9999.000,9999.000,9999.000,9999.000,9999.000,9999.000
202603051430,   0.313,9999.000,9999.000,9999.000,9999.000,9999.000,9999.000,9999.000,9999.000
202603051436,   0.305,9999.000,9999.000,9999.000,9999.000,9999.000,9999.000,9999.000,9999.000
202603051442,   0.298,9999.000,9999.000,9999.000,9999.000,9999.000,9999.000,9999.000,9999.000
202603051448,   0.290,9999.000,9999.000,9999.000,9999.000,9999.000,9999.000,9999.000,9999.000
202603051454,   0.283,9999.000,9999.000,9999.000,9999.000,9999.000,9999.000,9999.000,9999.000
202603051500,   0.275,9999.000,   0.300,  -0.011,   0.564,   0.300,   0.564,   0.400,   0.664
202603051506,   0.267,9999.000,9999.000,9999.000,9999.000,9999.000,9999.000,9999.000,9999.000
202603051512,   0.259,9999.000,9999.000,9999.000,9999.000,9999.000,9999.000,9999.000,9999.000
202603051518,   0.252,9999.000,9999.000,9999.000,9999.000,9999.000,9999.000,9999.000,9999.000
202603051524,   0.244,9999.000,9999.000,9999.000,9999.000,9999.000,9999.000,9999.000,9999.000
202603051530,   0.236,9999.000,9999.000,9999.000,9999.000,9999.000,9999.000,9999.000,9999.000
202603051536,   0.228,9999.000,9999.000,9999.000,9999.000,9999.000,9999.000,9999.000,9999.000
202603051542,   0.220,9999.000,9999.000,9999.000,9999.000,9999.000,9999.000,9999.000,9999.000
202603051548,   0.212,9999.000,9999.000,9999.000,9999.000,9999.000,9999.000,9999.000,9999.000
202603051554,   0.205,9999.000,9999.000,9999.000,9999.000,9999.000,9999.000,9999.000,9999.000
202603051600,   0.197,9999.000,   0.300,  -0.011,   0.486,   0.300,   0.486,   0.400,   0.586
202603051606,   0.189,9999.000,9999.000,9999.000,9999.000,9999.000,9999.000,9999.000,9999.000
202603051612,   0.182,9999.000,9999.000,9999.000,9999.000,9999.000,9999.000,9999.000,9999.000
202603051618,   0.175,9999.000,9999.000,9999.000,9999.000,9999.000,9999.000,9999.000,9999.000
202603051624,   0.168,9999.000,9999.000,9999.000,9999.000,9999.000,9999.000,9999.000,9999.000
202603051630,   0.161,9999.000,9999.000,9999.000,9999.000,9999.000,9999.000,9999.000,9999.000
202603051636,   0.154,9999.000,9999.000,9999.000,9999.000,9999.000,9999.000,9999.000,9999.000
202603051642,   0.147,9999.000,9999.000,9999.000,9999.000,9999.000,9999.000,9999.000,9999.000
202603051648,   0.140,9999.000,9999.000,9999.000,9999.000,9999.000,9999.000,9999.000,9999.000
202603051654,   0.134,9999.000,9999.000,9999.000,9999.000,9999.000,9999.000,9999.000,9999.000
202603051700,   0.128,9999.000,   0.400,  -0.011,   0.517,   0.300,   0.417,   0.400,   0.517
202603051706,   0.122,9999.000,9999.000,9999.000,9999.000,9999.000,9999.000,9999.000,9999.000
202603051712,   0.116,9999.000,9999.000,9999.000,9999.000,9999.000,9999.000,9999.000,9999.000
202603051718,   0.110,9999.000,9999.000,9999.000,9999.000,9999.000,9999.000,9999.000,9999.000
202603051724,   0.105,9999.000,9999.000,9999.000,9999.000,9999.000,9999.000,9999.000,9999.000
202603051730,   0.099,9999.000,9999.000,9999.000,9999.000,9999.000,9999.000,9999.000,9999.000
202603051736,   0.094,9999.000,9999.000,9999.000,9999.000,9999.000,9999.000,9999.000,9999.000
202603051742,   0.089,9999.000,9999.000,9999.000,9999.000,9999.000,9999.000,9999.000,9999.000
202603051748,   0.085,9999.000,9999.000,9999.000,9999.000,9999.000,9999.000,9999.000,9999.000
202603051754,   0.080,9999.000,9999.000,9999.000,9999.000,9999.000,9999.000,9999.000,9999.000
202603051800,   0.076,9999.000,   0.400,  -0.011,   0.465,   0.400,   0.465,   0.400,   0.465
202603051806,   0.072,9999.000,9999.000,9999.000,9999.000,9999.000,9999.000,9999.000,9999.000
202603051812,   0.068,9999.000,9999.000,9999.000,9999.000,9999.000,9999.000,9999.000,9999.000
202603051818,   0.065,9999.000,9999.000,9999.000,9999.000,9999.000,9999.000,9999.000,9999.000
202603051824,   0.062,9999.000,9999.000,9999.000,9999.000,9999.000,9999.000,9999.000,9999.000
202603051830,   0.059,9999.000,9999.000,9999.000,9999.000,9999.000,9999.000,9999.000,9999.000
202603051836,   0.056,9999.000,9999.000,9999.000,9999.000,9999.000,9999.000,9999.000,9999.000
202603051842,   0.054,9999.000,9999.000,9999.000,9999.000,9999.000,9999.000,9999.000,9999.000
202603051848,   0.051,9999.000,9999.000,9999.000,9999.000,9999.000,9999.000,9999.000,9999.000
202603051854,   0.050,9999.000,9999.000,9999.000,9999.000,9999.000,9999.000,9999.000,9999.000
202603051900,   0.048,9999.000,   0.400,  -0.011,   0.437,   0.300,   0.337,   0.400,   0.437
202603051906,   0.047,9999.000,9999.000,9999.000,9999.000,9999.000,9999.000,9999.000,9999.000
202603051912,   0.046,9999.000,9999.000,9999.000,9999.000,9999.000,9999.000,9999.000,9999.000
202603051918,   0.045,9999.000,9999.000,9999.000,9999.000,9999.000,9999.000,9999.000,9999.000
202603051924,   0.045,9999.000,9999.000,9999.000,9999.000,9999.000,9999.000,9999.000,9999.000
202603051930,   0.045,9999.000,9999.000,9999.000,9999.000,9999.000,9999.000,9999.000,9999.000
202603051936,   0.045,9999.000,9999.000,9999.000,9999.000,9999.000,9999.000,9999.000,9999.000
202603051942,   0.046,9999.000,9999.000,9999.000,9999.000,9999.000,9999.000,9999.000,9999.000
202603051948,   0.047,9999.000,9999.000,9999.000,9999.000,9999.000,9999.000,9999.000,9999.000
202603051954,   0.049,9999.000,9999.000,9999.000,9999.000,9999.000,9999.000,9999.000,9999.000
202603052000,   0.051,9999.000,   0.400,  -0.011,   0.440,   0.400,   0.440,   0.400,   0.440
202603052006,   0.053,9999.000,9999.000,9999.000,9999.000,9999.000,9999.000,9999.000,9999.000
202603052012,   0.056,9999.000,9999.000,9999.000,9999.000,9999.000,9999.000,9999.000,9999.000
202603052018,   0.059,9999.000,9999.000,9999.000,9999.000,9999.000,9999.000,9999.000,9999.000
202603052024,   0.062,9999.000,9999.000,9999.000,9999.000,9999.000,9999.000,9999.000,9999.000
202603052030,   0.066,9999.000,9999.000,9999.000,9999.000,9999.000,9999.000,9999.000,9999.000
202603052036,   0.070,9999.000,9999.000,9999.000,9999.000,9999.000,9999.000,9999.000,9999.000
202603052042,   0.075,9999.000,9999.000,9999.000,9999.000,9999.000,9999.000,9999.000,9999.000
202603052048,   0.080,9999.000,9999.000,9999.000,9999.000,9999.000,9999.000,9999.000,9999.000
202603052054,   0.086,9999.000,9999.000,9999.000,9999.000,9999.000,9999.000,9999.000,9999.000
202603052100,   0.092,9999.000,   0.400,  -0.011,   0.481,   0.400,   0.481,   0.400,   0.481
202603052106,   0.098,9999.000,9999.000,9999.000,9999.000,9999.000,9999.000,9999.000,9999.000
202603052112,   0.104,9999.000,9999.000,9999.000,9999.000,9999.000,9999.000,9999.000,9999.000
202603052118,   0.111,9999.000,9999.000,9999.000,9999.000,9999.000,9999.000,9999.000,9999.000
202603052124,   0.119,9999.000,9999.000,9999.000,9999.000,9999.000,9999.000,9999.000,9999.000
202603052130,   0.127,9999.000,9999.000,9999.000,9999.000,9999.000,9999.000,9999.000,9999.000
202603052136,   0.135,9999.000,9999.000,9999.000,9999.000,9999.000,9999.000,9999.000,9999.000
202603052142,   0.143,9999.000,9999.000,9999.000,9999.000,9999.000,9999.000,9999.000,9999.000
202603052148,   0.152,9999.000,9999.000,9999.000,9999.000,9999.000,9999.000,9999.000,9999.000
202603052154,   0.161,9999.000,9999.000,9999.000,9999.000,9999.000,9999.000,9999.000,9999.000
202603052200,   0.170,9999.000,   0.400,  -0.011,   0.559,   0.400,   0.559,   0.400,   0.559
202603052206,   0.179,9999.000,9999.000,9999.000,9999.000,9999.000,9999.000,9999.000,9999.000
202603052212,   0.189,9999.000,9999.000,9999.000,9999.000,9999.000,9999.000,9999.000,9999.000
202603052218,   0.199,9999.000,9999.000,9999.000,9999.000,9999.000,9999.000,9999.000,9999.000
202603052224,   0.209,9999.000,9999.000,9999.000,9999.000,9999.000,9999.000,9999.000,9999.000
202603052230,   0.219,9999.000,9999.000,9999.000,9999.000,9999.000,9999.000,9999.000,9999.000
202603052236,   0.229,9999.000,9999.000,9999.000,9999.000,9999.000,9999.000,9999.000,9999.000
202603052242,   0.240,9999.000,9999.000,9999.000,9999.000,9999.000,9999.000,9999.000,9999.000
202603052248,   0.250,9999.000,9999.000,9999.000,9999.000,9999.000,9999.000,9999.000,9999.000
202603052254,   0.260,9999.000,9999.000,9999.000,9999.000,9999.000,9999.000,9999.000,9999.000
202603052300,   0.271,9999.000,   0.400,  -0.011,   0.660,   0.400,   0.660,   0.400,   0.660
202603052306,   0.281,9999.000,9999.000,9999.000,9999.000,9999.000,9999.000,9999.000,9999.000
202603052312,   0.291,9999.000,9999.000,9999.000,9999.000,9999.000,9999.000,9999.000,9999.000
202603052318,   0.302,9999.000,9999.000,9999.000,9999.000,9999.000,9999.000,9999.000,9999.000
202603052324,   0.312,9999.000,9999.000,9999.000,9999.000,9999.000,9999.000,9999.000,9999.000
202603052330,   0.321,9999.000,9999.000,9999.000,9999.000,9999.000,9999.000,9999.000,9999.000
202603052336,   0.331,9999.000,9999.000,9999.000,9999.000,9999.000,9999.000,9999.000,9999.000
202603052342,   0.341,9999.000,9999.000,9999.000,9999.000,9999.000,9999.000,9999.000,9999.000
202603052348,   0.350,9999.000,9999.000,9999.000,9999.000,9999.000,9999.000,9999.000,9999.000
202603052354,   0.359,9999.000,9999.000,9999.000,9999.000,9999.000,9999.000,9999.000,9999.000
202603060000,   0.367,9999.000,   0.400,  -0.011,   0.756,   0.400,   0.756,   0.400,   0.756
202603060006,   0.376,9999.000,9999.000,9999.000,9999.000,9999.000,9999.000,9999.000,9999.000
202603060012,   0.384,9999.000,9999.000,9999.000,9999.000,9999.000,9999.000,9999.000,9999.000
202603060018,   0.391,9999.000,9999.000,9999.000,9999.000,9999.000,9999.000,9999.000,9999.000
202603060024,   0.399,9999.000,9999.000,9999.000,9999.000,9999.000,9999.000,9999.000,9999.000
202603060030,   0.406,9999.000,9999.000,9999.000,9999.000,9999.000,9999.000,9999.000,9999.000
202603060036,   0.412,9999.000,9999.000,9999.000,9999.000,9999.000,9999.000,9999.000,9999.000
202603060042,   0.418,9999.000,9999.000,9999.000,9999.000,9999.000,9999.000,9999.000,9999.000
202603060048,   0.423,9999.000,9999.000,9999.000,9999.000,9999.000,9999.000,9999.000,9999.000
202603060054,   0.429,9999.000,9999.000,9999.000,9999.000,9999.000,9999.000,9999.000,9999.000
202603060100,   0.433,9999.000,   0.400,  -0.011,   0.822,   0.400,   0.822,   0.400,   0.822
202603060106,   0.437,9999.000,9999.000,9999.000,9999.000,9999.000,9999.000,9999.000,9999.000
202603060112,   0.441,9999.000,9999.000,9999.000,9999.000,9999.000,9999.000,9999.000,9999.000
202603060118,   0.444,9999.000,9999.000,9999.000,9999.000,9999.000,9999.000,9999.000,9999.000
202603060124,   0.447,9999.000,9999.000,9999.000,9999.000,9999.000,9999.000,9999.000,9999.000
202603060130,   0.449,9999.000,9999.000,9999.000,9999.000,9999.000,9999.000,9999.000,9999.000
202603060136,   0.451,9999.000,9999.000,9999.000,9999.000,9999.000,9999.000,9999.000,9999.000
202603060142,   0.453,9999.000,9999.000,9999.000,9999.000,9999.000,9999.000,9999.000,9999.000
202603060148,   0.454,9999.000,9999.000,9999.000,9999.000,9999.000,9999.000,9999.000,9999.000
202603060154,   0.454,9999.000,9999.000,9999.000,9999.000,9999.000,9999.000,9999.000,9999.000
202603060200,   0.454,9999.000,   0.400,  -0.011,   0.843,   0.400,   0.843,   0.400,   0.843
202603060206,   0.454,9999.000,9999.000,9999.000,9999.000,9999.000,9999.000,9999.000,9999.000
202603060212,   0.453,9999.000,9999.000,9999.000,9999.000,9999.000,9999.000,9999.000,9999.000
202603060218,   0.452,9999.000,9999.000,9999.000,9999.000,9999.000,9999.000,9999.000,9999.000
202603060224,   0.450,9999.000,9999.000,9999.000,9999.000,9999.000,9999.000,9999.000,9999.000
202603060230,   0.448,9999.000,9999.000,9999.000,9999.000,9999.000,9999.000,9999.000,9999.000
202603060236,   0.446,9999.000,9999.000,9999.000,9999.000,9999.000,9999.000,9999.000,9999.000
202603060242,   0.444,9999.000,9999.000,9999.000,9999.000,9999.000,9999.000,9999.000,9999.000
202603060248,   0.441,9999.000,9999.000,9999.000,9999.000,9999.000,9999.000,9999.000,9999.000
202603060254,   0.438,9999.000,9999.000,9999.000,9999.000,9999.000,9999.000,9999.000,9999.000
202603060300,   0.434,9999.000,   0.400,  -0.011,   0.823,   0.300,   0.723,   0.400,   0.823
202603060306,   0.431,9999.000,9999.000,9999.000,9999.000,9999.000,9999.000,9999.000,9999.000
202603060312,   0.427,9999.000,9999.000,9999.000,9999.000,9999.000,9999.000,9999.000,9999.000
202603060318,   0.423,9999.000,9999.000,9999.000,9999.000,9999.000,9999.000,9999.000,9999.000
202603060324,   0.418,9999.000,9999.000,9999.000,9999.000,9999.000,9999.000,9999.000,9999.000
202603060330,   0.414,9999.000,9999.000,9999.000,9999.000,9999.000,9999.000,9999.000,9999.000
202603060336,   0.409,9999.000,9999.000,9999.000,9999.000,9999.000,9999.000,9999.000,9999.000
202603060342,   0.405,9999.000,9999.000,9999.000,9999.000,9999.000,9999.000,9999.000,9999.000
202603060348,   0.400,9999.000,9999.000,9999.000,9999.000,9999.000,9999.000,9999.000,9999.000
202603060354,   0.395,9999.000,9999.000,9999.000,9999.000,9999.000,9999.000,9999.000,9999.000
202603060400,   0.390,9999.000,   0.400,  -0.011,   0.779,   0.300,   0.679,   0.400,   0.779
202603060406,   0.384,9999.000,9999.000,9999.000,9999.000,9999.000,9999.000,9999.000,9999.000
202603060412,   0.380,9999.000,9999.000,9999.000,9999.000,9999.000,9999.000,9999.000,9999.000
202603060418,   0.374,9999.000,9999.000,9999.000,9999.000,9999.000,9999.000,9999.000,9999.000
202603060424,   0.369,9999.000,9999.000,9999.000,9999.000,9999.000,9999.000,9999.000,9999.000
202603060430,   0.363,9999.000,9999.000,9999.000,9999.000,9999.000,9999.000,9999.000,9999.000
202603060436,   0.358,9999.000,9999.000,9999.000,9999.000,9999.000,9999.000,9999.000,9999.000
202603060442,   0.353,9999.000,9999.000,9999.000,9999.000,9999.000,9999.000,9999.000,9999.000
202603060448,   0.347,9999.000,9999.000,9999.000,9999.000,9999.000,9999.000,9999.000,9999.000
202603060454,   0.342,9999.000,9999.000,9999.000,9999.000,9999.000,9999.000,9999.000,9999.000
202603060500,   0.337,9999.000,   0.400,  -0.011,   0.726,   0.300,   0.626,   0.400,   0.726
202603060506,   0.331,9999.000,9999.000,9999.000,9999.000,9999.000,9999.000,9999.000,9999.000
202603060512,   0.326,9999.000,9999.000,9999.000,9999.000,9999.000,9999.000,9999.000,9999.000
202603060518,   0.321,9999.000,9999.000,9999.000,9999.000,9999.000,9999.000,9999.000,9999.000
202603060524,   0.316,9999.000,9999.000,9999.000,9999.000,9999.000,9999.000,9999.000,9999.000
202603060530,   0.311,9999.000,9999.000,9999.000,9999.000,9999.000,9999.000,9999.000,9999.000
202603060536,   0.306,9999.000,9999.000,9999.000,9999.000,9999.000,9999.000,9999.000,9999.000
202603060542,   0.301,9999.000,9999.000,9999.000,9999.000,9999.000,9999.000,9999.000,9999.000
202603060548,   0.296,9999.000,9999.000,9999.000,9999.000,9999.000,9999.000,9999.000,9999.000
202603060554,   0.291,9999.000,9999.000,9999.000,9999.000,9999.000,9999.000,9999.000,9999.000
202603060600,   0.287,9999.000,   0.400,  -0.011,   0.676,   0.400,   0.676,   0.400,   0.676
202603060606,   0.282,9999.000,9999.000,9999.000,9999.000,9999.000,9999.000,9999.000,9999.000
202603060612,   0.277,9999.000,9999.000,9999.000,9999.000,9999.000,9999.000,9999.000,9999.000
202603060618,   0.273,9999.000,9999.000,9999.000,9999.000,9999.000,9999.000,9999.000,9999.000
202603060624,   0.269,9999.000,9999.000,9999.000,9999.000,9999.000,9999.000,9999.000,9999.000
202603060630,   0.265,9999.000,9999.000,9999.000,9999.000,9999.000,9999.000,9999.000,9999.000
202603060636,   0.261,9999.000,9999.000,9999.000,9999.000,9999.000,9999.000,9999.000,9999.000
202603060642,   0.257,9999.000,9999.000,9999.000,9999.000,9999.000,9999.000,9999.000,9999.000
202603060648,   0.253,9999.000,9999.000,9999.000,9999.000,9999.000,9999.000,9999.000,9999.000
202603060654,   0.249,9999.000,9999.000,9999.000,9999.000,9999.000,9999.000,9999.000,9999.000
202603060700,   0.246,9999.000,   0.400,  -0.011,   0.635,   0.400,   0.635,   0.400,   0.635
202603060706,   0.243,9999.000,9999.000,9999.000,9999.000,9999.000,9999.000,9999.000,9999.000
202603060712,   0.239,9999.000,9999.000,9999.000,9999.000,9999.000,9999.000,9999.000,9999.000
202603060718,   0.236,9999.000,9999.000,9999.000,9999.000,9999.000,9999.000,9999.000,9999.000
202603060724,   0.234,9999.000,9999.000,9999.000,9999.000,9999.000,9999.000,9999.000,9999.000
202603060730,   0.231,9999.000,9999.000,9999.000,9999.000,9999.000,9999.000,9999.000,9999.000
202603060736,   0.229,9999.000,9999.000,9999.000,9999.000,9999.000,9999.000,9999.000,9999.000
202603060742,   0.227,9999.000,9999.000,9999.000,9999.000,9999.000,9999.000,9999.000,9999.000
202603060748,   0.225,9999.000,9999.000,9999.000,9999.000,9999.000,9999.000,9999.000,9999.000
202603060754,   0.223,9999.000,9999.000,9999.000,9999.000,9999.000,9999.000,9999.000,9999.000
202603060800,   0.222,9999.000,   0.400,  -0.011,   0.611,   0.400,   0.611,   0.400,   0.611
202603060806,   0.220,9999.000,9999.000,9999.000,9999.000,9999.000,9999.000,9999.000,9999.000
202603060812,   0.219,9999.000,9999.000,9999.000,9999.000,9999.000,9999.000,9999.000,9999.000
202603060818,   0.219,9999.000,9999.000,9999.000,9999.000,9999.000,9999.000,9999.000,9999.000
202603060824,   0.218,9999.000,9999.000,9999.000,9999.000,9999.000,9999.000,9999.000,9999.000
202603060830,   0.218,9999.000,9999.000,9999.000,9999.000,9999.000,9999.000,9999.000,9999.000
202603060836,   0.218,9999.000,9999.000,9999.000,9999.000,9999.000,9999.000,9999.000,9999.000
202603060842,   0.219,9999.000,9999.000,9999.000,9999.000,9999.000,9999.000,9999.000,9999.000
202603060848,   0.219,9999.000,9999.000,9999.000,9999.000,9999.000,9999.000,9999.000,9999.000
202603060854,   0.220,9999.000,9999.000,9999.000,9999.000,9999.000,9999.000,9999.000,9999.000
202603060900,   0.222,9999.000,   0.400,  -0.011,   0.611,   0.400,   0.611,   0.400,   0.611
202603060906,   0.223,9999.000,9999.000,9999.000,9999.000,9999.000,9999.000,9999.000,9999.000
202603060912,   0.225,9999.000,9999.000,9999.000,9999.000,9999.000,9999.000,9999.000,9999.000
202603060918,   0.227,9999.000,9999.000,9999.000,9999.000,9999.000,9999.000,9999.000,9999.000
202603060924,   0.229,9999.000,9999.000,9999.000,9999.000,9999.000,9999.000,9999.000,9999.000
202603060930,   0.232,9999.000,9999.000,9999.000,9999.000,9999.000,9999.000,9999.000,9999.000
202603060936,   0.235,9999.000,9999.000,9999.000,9999.000,9999.000,9999.000,9999.000,9999.000
202603060942,   0.238,9999.000,9999.000,9999.000,9999.000,9999.000,9999.000,9999.000,9999.000
202603060948,   0.241,9999.000,9999.000,9999.000,9999.000,9999.000,9999.000,9999.000,9999.000
202603060954,   0.245,9999.000,9999.000,9999.000,9999.000,9999.000,9999.000,9999.000,9999.000
202603061000,   0.248,9999.000,   0.400,  -0.011,   0.637,   0.400,   0.637,   0.400,   0.637
202603061006,   0.252,9999.000,9999.000,9999.000,9999.000,9999.000,9999.000,9999.000,9999.000
202603061012,   0.256,9999.000,9999.000,9999.000,9999.000,9999.000,9999.000,9999.000,9999.000
202603061018,   0.260,9999.000,9999.000,9999.000,9999.000,9999.000,9999.000,9999.000,9999.000
202603061024,   0.264,9999.000,9999.000,9999.000,9999.000,9999.000,9999.000,9999.000,9999.000
202603061030,   0.269,9999.000,9999.000,9999.000,9999.000,9999.000,9999.000,9999.000,9999.000
202603061036,   0.273,9999.000,9999.000,9999.000,9999.000,9999.000,9999.000,9999.000,9999.000
202603061042,   0.277,9999.000,9999.000,9999.000,9999.000,9999.000,9999.000,9999.000,9999.000
202603061048,   0.282,9999.000,9999.000,9999.000,9999.000,9999.000,9999.000,9999.000,9999.000
202603061054,   0.286,9999.000,9999.000,9999.000,9999.000,9999.000,9999.000,9999.000,9999.000
202603061100,   0.291,9999.000,   0.400,  -0.011,   0.680,   0.400,   0.680,   0.400,   0.680
202603061106,   0.295,9999.000,9999.000,9999.000,9999.000,9999.000,9999.000,9999.000,9999.000
202603061112,   0.299,9999.000,9999.000,9999.000,9999.000,9999.000,9999.000,9999.000,9999.000
202603061118,   0.303,9999.000,9999.000,9999.000,9999.000,9999.000,9999.000,9999.000,9999.000
202603061124,   0.307,9999.000,9999.000,9999.000,9999.000,9999.000,9999.000,9999.000,9999.000
202603061130,   0.311,9999.000,9999.000,9999.000,9999.000,9999.000,9999.000,9999.000,9999.000
202603061136,   0.314,9999.000,9999.000,9999.000,9999.000,9999.000,9999.000,9999.000,9999.000
202603061142,   0.317,9999.000,9999.000,9999.000,9999.000,9999.000,9999.000,9999.000,9999.000
202603061148,   0.320,9999.000,9999.000,9999.000,9999.000,9999.000,9999.000,9999.000,9999.000
202603061154,   0.323,9999.000,9999.000,9999.000,9999.000,9999.000,9999.000,9999.000,9999.000
202603061200,   0.325,9999.000,   0.400,  -0.011,   0.714,   0.300,   0.614,   0.400,   0.714
202603061206,   0.327,9999.000,9999.000,9999.000,9999.000,9999.000,9999.000,9999.000,9999.000
202603061212,   0.329,9999.000,9999.000,9999.000,9999.000,9999.000,9999.000,9999.000,9999.000
202603061218,   0.330,9999.000,9999.000,9999.000,9999.000,9999.000,9999.000,9999.000,9999.000
202603061224,   0.331,9999.000,9999.000,9999.000,9999.000,9999.000,9999.000,9999.000,9999.000
202603061230,   0.331,9999.000,9999.000,9999.000,9999.000,9999.000,9999.000,9999.000,9999.000
202603061236,   0.331,9999.000,9999.000,9999.000,9999.000,9999.000,9999.000,9999.000,9999.000
202603061242,   0.331,9999.000,9999.000,9999.000,9999.000,9999.000,9999.000,9999.000,9999.000
202603061248,   0.330,9999.000,9999.000,9999.000,9999.000,9999.000,9999.000,9999.000,9999.000
202603061254,   0.329,9999.000,9999.000,9999.000,9999.000,9999.000,9999.000,9999.000,9999.000
202603061300,   0.327,9999.000,   0.400,  -0.011,   0.716,   0.300,   0.616,   0.400,   0.716
202603061306,   0.325,9999.000,9999.000,9999.000,9999.000,9999.000,9999.000,9999.000,9999.000
202603061312,   0.322,9999.000,9999.000,9999.000,9999.000,9999.000,9999.000,9999.000,9999.000
202603061318,   0.319,9999.000,9999.000,9999.000,9999.000,9999.000,9999.000,9999.000,9999.000
202603061324,   0.315,9999.000,9999.000,9999.000,9999.000,9999.000,9999.000,9999.000,9999.000
202603061330,   0.311,9999.000,9999.000,9999.000,9999.000,9999.000,9999.000,9999.000,9999.000
202603061336,   0.307,9999.000,9999.000,9999.000,9999.000,9999.000,9999.000,9999.000,9999.000
202603061342,   0.302,9999.000,9999.000,9999.000,9999.000,9999.000,9999.000,9999.000,9999.000
202603061348,   0.296,9999.000,9999.000,9999.000,9999.000,9999.000,9999.000,9999.000,9999.000
202603061354,   0.291,9999.000,9999.000,9999.000,9999.000,9999.000,9999.000,9999.000,9999.000
202603061400,   0.285,9999.000,   0.400,  -0.011,   0.674,   0.300,   0.574,   0.400,   0.674
202603061406,   0.278,9999.000,9999.000,9999.000,9999.000,9999.000,9999.000,9999.000,9999.000
202603061412,   0.271,9999.000,9999.000,9999.000,9999.000,9999.000,9999.000,9999.000,9999.000
202603061418,   0.264,9999.000,9999.000,9999.000,9999.000,9999.000,9999.000,9999.000,9999.000
202603061424,   0.257,9999.000,9999.000,9999.000,9999.000,9999.000,9999.000,9999.000,9999.000
202603061430,   0.249,9999.000,9999.000,9999.000,9999.000,9999.000,9999.000,9999.000,9999.000
202603061436,   0.241,9999.000,9999.000,9999.000,9999.000,9999.000,9999.000,9999.000,9999.000
202603061442,   0.233,9999.000,9999.000,9999.000,9999.000,9999.000,9999.000,9999.000,9999.000
202603061448,   0.224,9999.000,9999.000,9999.000,9999.000,9999.000,9999.000,9999.000,9999.000
202603061454,   0.216,9999.000,9999.000,9999.000,9999.000,9999.000,9999.000,9999.000,9999.000
202603061500,   0.207,9999.000,   0.300,  -0.011,   0.496,   0.300,   0.496,   0.400,   0.596
202603061506,   0.198,9999.000,9999.000,9999.000,9999.000,9999.000,9999.000,9999.000,9999.000
202603061512,   0.189,9999.000,9999.000,9999.000,9999.000,9999.000,9999.000,9999.000,9999.000
202603061518,   0.180,9999.000,9999.000,9999.000,9999.000,9999.000,9999.000,9999.000,9999.000
202603061524,   0.171,9999.000,9999.000,9999.000,9999.000,9999.000,9999.000,9999.000,9999.000
202603061530,   0.162,9999.000,9999.000,9999.000,9999.000,9999.000,9999.000,9999.000,9999.000
202603061536,   0.153,9999.000,9999.000,9999.000,9999.000,9999.000,9999.000,9999.000,9999.000
202603061542,   0.144,9999.000,9999.000,9999.000,9999.000,9999.000,9999.000,9999.000,9999.000
202603061548,   0.135,9999.000,9999.000,9999.000,9999.000,9999.000,9999.000,9999.000,9999.000
202603061554,   0.126,9999.000,9999.000,9999.000,9999.000,9999.000,9999.000,9999.000,9999.000
202603061600,   0.117,9999.000,   0.300,  -0.011,   0.406,   0.300,   0.406,   0.400,   0.506
202603061606,   0.109,9999.000,9999.000,9999.000,9999.000,9999.000,9999.000,9999.000,9999.000
202603061612,   0.100,9999.000,9999.000,9999.000,9999.000,9999.000,9999.000,9999.000,9999.000
202603061618,   0.092,9999.000,9999.000,9999.000,9999.000,9999.000,9999.000,9999.000,9999.000
202603061624,   0.084,9999.000,9999.000,9999.000,9999.000,9999.000,9999.000,9999.000,9999.000
202603061630,   0.076,9999.000,9999.000,9999.000,9999.000,9999.000,9999.000,9999.000,9999.000
202603061636,   0.068,9999.000,9999.000,9999.000,9999.000,9999.000,9999.000,9999.000,9999.000
202603061642,   0.060,9999.000,9999.000,9999.000,9999.000,9999.000,9999.000,9999.000,9999.000
202603061648,   0.053,9999.000,9999.000,9999.000,9999.000,9999.000,9999.000,9999.000,9999.000
202603061654,   0.046,9999.000,9999.000,9999.000,9999.000,9999.000,9999.000,9999.000,9999.000
202603061700,   0.039,9999.000,   0.300,  -0.011,   0.328,   0.300,   0.328,   0.400,   0.428
202603061706,   0.032,9999.000,9999.000,9999.000,9999.000,9999.000,9999.000,9999.000,9999.000
202603061712,   0.026,9999.000,9999.000,9999.000,9999.000,9999.000,9999.000,9999.000,9999.000
202603061718,   0.020,9999.000,9999.000,9999.000,9999.000,9999.000,9999.000,9999.000,9999.000
202603061724,   0.014,9999.000,9999.000,9999.000,9999.000,9999.000,9999.000,9999.000,9999.000
202603061730,   0.008,9999.000,9999.000,9999.000,9999.000,9999.000,9999.000,9999.000,9999.000
202603061736,   0.003,9999.000,9999.000,9999.000,9999.000,9999.000,9999.000,9999.000,9999.000
202603061742,  -0.001,9999.000,9999.000,9999.000,9999.000,9999.000,9999.000,9999.000,9999.000
202603061748,  -0.006,9999.000,9999.000,9999.000,9999.000,9999.000,9999.000,9999.000,9999.000
202603061754,  -0.010,9999.000,9999.000,9999.000,9999.000,9999.000,9999.000,9999.000,9999.000
202603061800,  -0.015,9999.000,   0.400,  -0.011,   0.374,   0.300,   0.274,   0.400,   0.374
202603061806,  -0.019,9999.000,9999.000,9999.000,9999.000,9999.000,9999.000,9999.000,9999.000
202603061812,  -0.022,9999.000,9999.000,9999.000,9999.000,9999.000,9999.000,9999.000,9999.000
202603061818,  -0.026,9999.000,9999.000,9999.000,9999.000,9999.000,9999.000,9999.000,9999.000
202603061824,  -0.029,9999.000,9999.000,9999.000,9999.000,9999.000,9999.000,9999.000,9999.000
202603061830,  -0.032,9999.000,9999.000,9999.000,9999.000,9999.000,9999.000,9999.000,9999.000
202603061836,  -0.035,9999.000,9999.000,9999.000,9999.000,9999.000,9999.000,9999.000,9999.000
202603061842,  -0.037,9999.000,9999.000,9999.000,9999.000,9999.000,9999.000,9999.000,9999.000
202603061848,  -0.039,9999.000,9999.000,9999.000,9999.000,9999.000,9999.000,9999.000,9999.000
202603061854,  -0.041,9999.000,9999.000,9999.000,9999.000,9999.000,9999.000,9999.000,9999.000
202603061900,  -0.043,9999.000,   0.400,  -0.011,   0.346,   0.300,   0.246,   0.400,   0.346
202603061906,  -0.044,9999.000,9999.000,9999.000,9999.000,9999.000,9999.000,9999.000,9999.000
202603061912,  -0.045,9999.000,9999.000,9999.000,9999.000,9999.000,9999.000,9999.000,9999.000
202603061918,  -0.046,9999.000,9999.000,9999.000,9999.000,9999.000,9999.000,9999.000,9999.000
202603061924,  -0.046,9999.000,9999.000,9999.000,9999.000,9999.000,9999.000,9999.000,9999.000
202603061930,  -0.046,9999.000,9999.000,9999.000,9999.000,9999.000,9999.000,9999.000,9999.000
202603061936,  -0.046,9999.000,9999.000,9999.000,9999.000,9999.000,9999.000,9999.000,9999.000
202603061942,  -0.046,9999.000,9999.000,9999.000,9999.000,9999.000,9999.000,9999.000,9999.000
202603061948,  -0.045,9999.000,9999.000,9999.000,9999.000,9999.000,9999.000,9999.000,9999.000
202603061954,  -0.044,9999.000,9999.000,9999.000,9999.000,9999.000,9999.000,9999.000,9999.000
202603062000,  -0.043,9999.000,   0.400,  -0.011,   0.346,   0.400,   0.346,   0.400,   0.346
202603062006,  -0.041,9999.000,9999.000,9999.000,9999.000,9999.000,9999.000,9999.000,9999.000
202603062012,  -0.039,9999.000,9999.000,9999.000,9999.000,9999.000,9999.000,9999.000,9999.000
202603062018,  -0.037,9999.000,9999.000,9999.000,9999.000,9999.000,9999.000,9999.000,9999.000
202603062024,  -0.034,9999.000,9999.000,9999.000,9999.000,9999.000,9999.000,9999.000,9999.000
202603062030,  -0.031,9999.000,9999.000,9999.000,9999.000,9999.000,9999.000,9999.000,9999.000
202603062036,  -0.028,9999.000,9999.000,9999.000,9999.000,9999.000,9999.000,9999.000,9999.000
202603062042,  -0.024,9999.000,9999.000,9999.000,9999.000,9999.000,9999.000,9999.000,9999.000
202603062048,  -0.020,9999.000,9999.000,9999.000,9999.000,9999.000,9999.000,9999.000,9999.000
202603062054,  -0.015,9999.000,9999.000,9999.000,9999.000,9999.000,9999.000,9999.000,9999.000
202603062100,  -0.010,9999.000,   0.400,  -0.011,   0.379,   0.400,   0.379,   0.400,   0.379
202603062106,  -0.005,9999.000,9999.000,9999.000,9999.000,9999.000,9999.000,9999.000,9999.000
202603062112,   0.000,9999.000,9999.000,9999.000,9999.000,9999.000,9999.000,9999.000,9999.000
202603062118,   0.006,9999.000,9999.000,9999.000,9999.000,9999.000,9999.000,9999.000,9999.000
202603062124,   0.013,9999.000,9999.000,9999.000,9999.000,9999.000,9999.000,9999.000,9999.000
202603062130,   0.020,9999.000,9999.000,9999.000,9999.000,9999.000,9999.000,9999.000,9999.000
202603062136,   0.027,9999.000,9999.000,9999.000,9999.000,9999.000,9999.000,9999.000,9999.000
202603062142,   0.035,9999.000,9999.000,9999.000,9999.000,9999.000,9999.000,9999.000,9999.000
202603062148,   0.043,9999.000,9999.000,9999.000,9999.000,9999.000,9999.000,9999.000,9999.000
202603062154,   0.051,9999.000,9999.000,9999.000,9999.000,9999.000,9999.000,9999.000,9999.000
202603062200,   0.060,9999.000,   0.400,  -0.011,   0.449,   0.400,   0.449,   0.400,   0.449
202603062206,   0.070,9999.000,9999.000,9999.000,9999.000,9999.000,9999.000,9999.000,9999.000
202603062212,   0.079,9999.000,9999.000,9999.000,9999.000,9999.000,9999.000,9999.000,9999.000
202603062218,   0.089,9999.000,9999.000,9999.000,9999.000,9999.000,9999.000,9999.000,9999.000
202603062224,   0.100,9999.000,9999.000,9999.000,9999.000,9999.000,9999.000,9999.000,9999.000
202603062230,   0.110,9999.000,9999.000,9999.000,9999.000,9999.000,9999.000,9999.000,9999.000
202603062236,   0.121,9999.000,9999.000,9999.000,9999.000,9999.000,9999.000,9999.000,9999.000
202603062242,   0.132,9999.000,9999.000,9999.000,9999.000,9999.000,9999.000,9999.000,9999.000
202603062248,   0.144,9999.000,9999.000,9999.000,9999.000,9999.000,9999.000,9999.000,9999.000
202603062254,   0.155,9999.000,9999.000,9999.000,9999.000,9999.000,9999.000,9999.000,9999.000
202603062300,   0.167,9999.000,   0.400,  -0.011,   0.556,   0.400,   0.556,   0.400,   0.556
202603062306,   0.179,9999.000,9999.000,9999.000,9999.000,9999.000,9999.000,9999.000,9999.000
202603062312,   0.191,9999.000,9999.000,9999.000,9999.000,9999.000,9999.000,9999.000,9999.000
202603062318,   0.204,9999.000,9999.000,9999.000,9999.000,9999.000,9999.000,9999.000,9999.000
202603062324,   0.216,9999.000,9999.000,9999.000,9999.000,9999.000,9999.000,9999.000,9999.000
202603062330,   0.228,9999.000,9999.000,9999.000,9999.000,9999.000,9999.000,9999.000,9999.000
202603062336,   0.240,9999.000,9999.000,9999.000,9999.000,9999.000,9999.000,9999.000,9999.000
202603062342,   0.253,9999.000,9999.000,9999.000,9999.000,9999.000,9999.000,9999.000,9999.000
202603062348,   0.265,9999.000,9999.000,9999.000,9999.000,9999.000,9999.000,9999.000,9999.000
202603062354,   0.277,9999.000,9999.000,9999.000,9999.000,9999.000,9999.000,9999.000,9999.000
202603070000,   0.289,9999.000,   0.400,  -0.011,   0.678,   0.400,   0.678,   0.400,   0.678
202603070006,   0.301,9999.000,9999.000,9999.000,9999.000,9999.000,9999.000,9999.000,9999.000
202603070012,   0.313,9999.000,9999.000,9999.000,9999.000,9999.000,9999.000,9999.000,9999.000
202603070018,   0.324,9999.000,9999.000,9999.000,9999.000,9999.000,9999.000,9999.000,9999.000
202603070024,   0.335,9999.000,9999.000,9999.000,9999.000,9999.000,9999.000,9999.000,9999.000
202603070030,   0.346,9999.000,9999.000,9999.000,9999.000,9999.000,9999.000,9999.000,9999.000
202603070036,   0.357,9999.000,9999.000,9999.000,9999.000,9999.000,9999.000,9999.000,9999.000
202603070042,   0.367,9999.000,9999.000,9999.000,9999.000,9999.000,9999.000,9999.000,9999.000
202603070048,   0.377,9999.000,9999.000,9999.000,9999.000,9999.000,9999.000,9999.000,9999.000
202603070054,   0.387,9999.000,9999.000,9999.000,9999.000,9999.000,9999.000,9999.000,9999.000
202603070100,   0.396,9999.000,   0.400,  -0.011,   0.785,   0.400,   0.785,   0.400,   0.785
202603070106,   0.405,9999.000,9999.000,9999.000,9999.000,9999.000,9999.000,9999.000,9999.000
202603070112,   0.413,9999.000,9999.000,9999.000,9999.000,9999.000,9999.000,9999.000,9999.000
202603070118,   0.421,9999.000,9999.000,9999.000,9999.000,9999.000,9999.000,9999.000,9999.000
202603070124,   0.428,9999.000,9999.000,9999.000,9999.000,9999.000,9999.000,9999.000,9999.000
202603070130,   0.435,9999.000,9999.000,9999.000,9999.000,9999.000,9999.000,9999.000,9999.000
202603070136,   0.441,9999.000,9999.000,9999.000,9999.000,9999.000,9999.000,9999.000,9999.000
202603070142,   0.447,9999.000,9999.000,9999.000,9999.000,9999.000,9999.000,9999.000,9999.000
202603070148,   0.453,9999.000,9999.000,9999.000,9999.000,9999.000,9999.000,9999.000,9999.000
202603070154,   0.458,9999.000,9999.000,9999.000,9999.000,9999.000,9999.000,9999.000,9999.000
202603070200,   0.462,9999.000,   0.400,  -0.011,   0.851,   0.400,   0.851,   0.400,   0.851
202603070206,   0.466,9999.000,9999.000,9999.000,9999.000,9999.000,9999.000,9999.000,9999.000
202603070212,   0.469,9999.000,9999.000,9999.000,9999.000,9999.000,9999.000,9999.000,9999.000
202603070218,   0.472,9999.000,9999.000,9999.000,9999.000,9999.000,9999.000,9999.000,9999.000
202603070224,   0.474,9999.000,9999.000,9999.000,9999.000,9999.000,9999.000,9999.000,9999.000
202603070230,   0.476,9999.000,9999.000,9999.000,9999.000,9999.000,9999.000,9999.000,9999.000
202603070236,   0.478,9999.000,9999.000,9999.000,9999.000,9999.000,9999.000,9999.000,9999.000
202603070242,   0.479,9999.000,9999.000,9999.000,9999.000,9999.000,9999.000,9999.000,9999.000
202603070248,   0.479,9999.000,9999.000,9999.000,9999.000,9999.000,9999.000,9999.000,9999.000
202603070254,   0.480,9999.000,9999.000,9999.000,9999.000,9999.000,9999.000,9999.000,9999.000
202603070300,   0.479,9999.000,   0.400,  -0.011,   0.868,   0.300,   0.768,   0.400,   0.868
202603070306,   0.479,9999.000,9999.000,9999.000,9999.000,9999.000,9999.000,9999.000,9999.000
202603070312,   0.478,9999.000,9999.000,9999.000,9999.000,9999.000,9999.000,9999.000,9999.000
202603070318,   0.477,9999.000,9999.000,9999.000,9999.000,9999.000,9999.000,9999.000,9999.000
202603070324,   0.475,9999.000,9999.000,9999.000,9999.000,9999.000,9999.000,9999.000,9999.000
202603070330,   0.473,9999.000,9999.000,9999.000,9999.000,9999.000,9999.000,9999.000,9999.000
202603070336,   0.471,9999.000,9999.000,9999.000,9999.000,9999.000,9999.000,9999.000,9999.000
202603070342,   0.468,9999.000,9999.000,9999.000,9999.000,9999.000,9999.000,9999.000,9999.000
202603070348,   0.466,9999.000,9999.000,9999.000,9999.000,9999.000,9999.000,9999.000,9999.000
202603070354,   0.463,9999.000,9999.000,9999.000,9999.000,9999.000,9999.000,9999.000,9999.000
202603070400,   0.459,9999.000,   0.400,  -0.011,   0.848,   0.300,   0.748,   0.400,   0.848
202603070406,   0.456,9999.000,9999.000,9999.000,9999.000,9999.000,9999.000,9999.000,9999.000
202603070412,   0.453,9999.000,9999.000,9999.000,9999.000,9999.000,9999.000,9999.000,9999.000
202603070418,   0.449,9999.000,9999.000,9999.000,9999.000,9999.000,9999.000,9999.000,9999.000
202603070424,   0.445,9999.000,9999.000,9999.000,9999.000,9999.000,9999.000,9999.000,9999.000
202603070430,   0.441,9999.000,9999.000,9999.000,9999.000,9999.000,9999.000,9999.000,9999.000
202603070436,   0.437,9999.000,9999.000,9999.000,9999.000,9999.000,9999.000,9999.000,9999.000
202603070442,   0.433,9999.000,9999.000,9999.000,9999.000,9999.000,9999.000,9999.000,9999.000
202603070448,   0.429,9999.000,9999.000,9999.000,9999.000,9999.000,9999.000,9999.000,9999.000
202603070454,   0.425,9999.000,9999.000,9999.000,9999.000,9999.000,9999.000,9999.000,9999.000
202603070500,   0.421,9999.000,   0.400,  -0.011,   0.810,   0.400,   0.810,   0.400,   0.810
202603070506,   0.416,9999.000,9999.000,9999.000,9999.000,9999.000,9999.000,9999.000,9999.000
202603070512,   0.412,9999.000,9999.000,9999.000,9999.000,9999.000,9999.000,9999.000,9999.000
202603070518,   0.408,9999.000,9999.000,9999.000,9999.000,9999.000,9999.000,9999.000,9999.000
202603070524,   0.403,9999.000,9999.000,9999.000,9999.000,9999.000,9999.000,9999.000,9999.000
202603070530,   0.399,9999.000,9999.000,9999.000,9999.000,9999.000,9999.000,9999.000,9999.000
202603070536,   0.394,9999.000,9999.000,9999.000,9999.000,9999.000,9999.000,9999.000,9999.000
202603070542,   0.390,9999.000,9999.000,9999.000,9999.000,9999.000,9999.000,9999.000,9999.000
202603070548,   0.386,9999.000,9999.000,9999.000,9999.000,9999.000,9999.000,9999.000,9999.000
202603070554,   0.381,9999.000,9999.000,9999.000,9999.000,9999.000,9999.000,9999.000,9999.000
202603070600,   0.377,9999.000,   0.400,  -0.011,   0.766,   0.400,   0.766,   0.400,   0.766
202603070606,   0.373,9999.000,9999.000,9999.000,9999.000,9999.000,9999.000,9999.000,9999.000
202603070612,   0.368,9999.000,9999.000,9999.000,9999.000,9999.000,9999.000,9999.000,9999.000
202603070618,   0.364,9999.000,9999.000,9999.000,9999.000,9999.000,9999.000,9999.000,9999.000
202603070624,   0.360,9999.000,9999.000,9999.000,9999.000,9999.000,9999.000,9999.000,9999.000
202603070630,   0.355,9999.000,9999.000,9999.000,9999.000,9999.000,9999.000,9999.000,9999.000
202603070636,   0.351,9999.000,9999.000,9999.000,9999.000,9999.000,9999.000,9999.000,9999.000
202603070642,   0.347,9999.000,9999.000,9999.000,9999.000,9999.000,9999.000,9999.000,9999.000
202603070648,   0.342,9999.000,9999.000,9999.000,9999.000,9999.000,9999.000,9999.000,9999.000
202603070654,   0.338,9999.000,9999.000,9999.000,9999.000,9999.000,9999.000,9999.000,9999.000
202603070700,   0.334,9999.000,   0.400,  -0.011,   0.723,   0.400,   0.723,   0.400,   0.723
202603070706,   0.330,9999.000,9999.000,9999.000,9999.000,9999.000,9999.000,9999.000,9999.000
202603070712,   0.326,9999.000,9999.000,9999.000,9999.000,9999.000,9999.000,9999.000,9999.000
202603070718,   0.322,9999.000,9999.000,9999.000,9999.000,9999.000,9999.000,9999.000,9999.000
202603070724,   0.318,9999.000,9999.000,9999.000,9999.000,9999.000,9999.000,9999.000,9999.000
202603070730,   0.314,9999.000,9999.000,9999.000,9999.000,9999.000,9999.000,9999.000,9999.000
202603070736,   0.310,9999.000,9999.000,9999.000,9999.000,9999.000,9999.000,9999.000,9999.000
202603070742,   0.306,9999.000,9999.000,9999.000,9999.000,9999.000,9999.000,9999.000,9999.000
202603070748,   0.302,9999.000,9999.000,9999.000,9999.000,9999.000,9999.000,9999.000,9999.000
202603070754,   0.298,9999.000,9999.000,9999.000,9999.000,9999.000,9999.000,9999.000,9999.000
202603070800,   0.295,9999.000,   0.400,  -0.011,   0.684,   0.400,   0.684,   0.400,   0.684
202603070806,   0.291,9999.000,9999.000,9999.000,9999.000,9999.000,9999.000,9999.000,9999.000
202603070812,   0.288,9999.000,9999.000,9999.000,9999.000,9999.000,9999.000,9999.000,9999.000
202603070818,   0.284,9999.000,9999.000,9999.000,9999.000,9999.000,9999.000,9999.000,9999.000
202603070824,   0.281,9999.000,9999.000,9999.000,9999.000,9999.000,9999.000,9999.000,9999.000
202603070830,   0.278,9999.000,9999.000,9999.000,9999.000,9999.000,9999.000,9999.000,9999.000
202603070836,   0.275,9999.000,9999.000,9999.000,9999.000,9999.000,9999.000,9999.000,9999.000
202603070842,   0.272,9999.000,9999.000,9999.000,9999.000,9999.000,9999.000,9999.000,9999.000
202603070848,   0.270,9999.000,9999.000,9999.000,9999.000,9999.000,9999.000,9999.000,9999.000
202603070854,   0.267,9999.000,9999.000,9999.000,9999.000,9999.000,9999.000,9999.000,9999.000
202603070900,   0.265,9999.000,   0.400,  -0.011,   0.654,   0.400,   0.654,   0.500,   0.754
202603070906,   0.263,9999.000,9999.000,9999.000,9999.000,9999.000,9999.000,9999.000,9999.000
202603070912,   0.261,9999.000,9999.000,9999.000,9999.000,9999.000,9999.000,9999.000,9999.000
202603070918,   0.259,9999.000,9999.000,9999.000,9999.000,9999.000,9999.000,9999.000,9999.000
202603070924,   0.258,9999.000,9999.000,9999.000,9999.000,9999.000,9999.000,9999.000,9999.000
202603070930,   0.256,9999.000,9999.000,9999.000,9999.000,9999.000,9999.000,9999.000,9999.000
202603070936,   0.255,9999.000,9999.000,9999.000,9999.000,9999.000,9999.000,9999.000,9999.000
202603070942,   0.255,9999.000,9999.000,9999.000,9999.000,9999.000,9999.000,9999.000,9999.000
202603070948,   0.254,9999.000,9999.000,9999.000,9999.000,9999.000,9999.000,9999.000,9999.000
202603070954,   0.254,9999.000,9999.000,9999.000,9999.000,9999.000,9999.000,9999.000,9999.000
202603071000,   0.253,9999.000,   0.400,  -0.011,   0.642,   0.400,   0.642,   0.400,   0.642
202603071006,   0.254,9999.000,9999.000,9999.000,9999.000,9999.000,9999.000,9999.000,9999.000
202603071012,   0.254,9999.000,9999.000,9999.000,9999.000,9999.000,9999.000,9999.000,9999.000
202603071018,   0.254,9999.000,9999.000,9999.000,9999.000,9999.000,9999.000,9999.000,9999.000
202603071024,   0.255,9999.000,9999.000,9999.000,9999.000,9999.000,9999.000,9999.000,9999.000
202603071030,   0.256,9999.000,9999.000,9999.000,9999.000,9999.000,9999.000,9999.000,9999.000
202603071036,   0.257,9999.000,9999.000,9999.000,9999.000,9999.000,9999.000,9999.000,9999.000
202603071042,   0.258,9999.000,9999.000,9999.000,9999.000,9999.000,9999.000,9999.000,9999.000
202603071048,   0.259,9999.000,9999.000,9999.000,9999.000,9999.000,9999.000,9999.000,9999.000
202603071054,   0.260,9999.000,9999.000,9999.000,9999.000,9999.000,9999.000,9999.000,9999.000
202603071100,   0.262,9999.000,   0.400,  -0.011,   0.651,   0.400,   0.651,   0.400,   0.651
202603071106,   0.263,9999.000,9999.000,9999.000,9999.000,9999.000,9999.000,9999.000,9999.000
202603071112,   0.265,9999.000,9999.000,9999.000,9999.000,9999.000,9999.000,9999.000,9999.000
202603071118,   0.267,9999.000,9999.000,9999.000,9999.000,9999.000,9999.000,9999.000,9999.000
202603071124,   0.268,9999.000,9999.000,9999.000,9999.000,9999.000,9999.000,9999.000,9999.000
202603071130,   0.270,9999.000,9999.000,9999.000,9999.000,9999.000,9999.000,9999.000,9999.000
202603071136,   0.272,9999.000,9999.000,9999.000,9999.000,9999.000,9999.000,9999.000,9999.000
202603071142,   0.273,9999.000,9999.000,9999.000,9999.000,9999.000,9999.000,9999.000,9999.000
202603071148,   0.275,9999.000,9999.000,9999.000,9999.000,9999.000,9999.000,9999.000,9999.000
202603071154,   0.276,9999.000,9999.000,9999.000,9999.000,9999.000,9999.000,9999.000,9999.000
202603071200,   0.277,9999.000,   0.400,  -0.011,   0.666,   0.400,   0.666,   0.400,   0.666
202603071206,   0.278,9999.000,9999.000,9999.000,9999.000,9999.000,9999.000,9999.000,9999.000
202603071212,   0.279,9999.000,9999.000,9999.000,9999.000,9999.000,9999.000,9999.000,9999.000
202603071218,   0.280,9999.000,9999.000,9999.000,9999.000,9999.000,9999.000,9999.000,9999.000
202603071224,   0.280,9999.000,9999.000,9999.000,9999.000,9999.000,9999.000,9999.000,9999.000
202603071230,   0.280,9999.000,9999.000,9999.000,9999.000,9999.000,9999.000,9999.000,9999.000
202603071236,   0.280,9999.000,9999.000,9999.000,9999.000,9999.000,9999.000,9999.000,9999.000
202603071242,   0.279,9999.000,9999.000,9999.000,9999.000,9999.000,9999.000,9999.000,9999.000
202603071248,   0.279,9999.000,9999.000,9999.000,9999.000,9999.000,9999.000,9999.000,9999.000
202603071254,   0.277,9999.000,9999.000,9999.000,9999.000,9999.000,9999.000,9999.000,9999.000
202603071300,   0.276,9999.000,   0.400,  -0.011,   0.665,   0.400,   0.665,   0.400,   0.665
202603071306,   0.274,9999.000,9999.000,9999.000,9999.000,9999.000,9999.000,9999.000,9999.000
202603071312,   0.271,9999.000,9999.000,9999.000,9999.000,9999.000,9999.000,9999.000,9999.000
202603071318,   0.269,9999.000,9999.000,9999.000,9999.000,9999.000,9999.000,9999.000,9999.000
202603071324,   0.265,9999.000,9999.000,9999.000,9999.000,9999.000,9999.000,9999.000,9999.000
202603071330,   0.262,9999.000,9999.000,9999.000,9999.000,9999.000,9999.000,9999.000,9999.000
202603071336,   0.258,9999.000,9999.000,9999.000,9999.000,9999.000,9999.000,9999.000,9999.000
202603071342,   0.253,9999.000,9999.000,9999.000,9999.000,9999.000,9999.000,9999.000,9999.000
202603071348,   0.248,9999.000,9999.000,9999.000,9999.000,9999.000,9999.000,9999.000,9999.000
202603071354,   0.243,9999.000,9999.000,9999.000,9999.000,9999.000,9999.000,9999.000,9999.000
202603071400,   0.237,9999.000,   0.400,  -0.011,   0.626,   0.400,   0.626,   0.400,   0.626
202603071406,   0.231,9999.000,9999.000,9999.000,9999.000,9999.000,9999.000,9999.000,9999.000
202603071412,   0.225,9999.000,9999.000,9999.000,9999.000,9999.000,9999.000,9999.000,9999.000
202603071418,   0.218,9999.000,9999.000,9999.000,9999.000,9999.000,9999.000,9999.000,9999.000
202603071424,   0.210,9999.000,9999.000,9999.000,9999.000,9999.000,9999.000,9999.000,9999.000
202603071430,   0.203,9999.000,9999.000,9999.000,9999.000,9999.000,9999.000,9999.000,9999.000
202603071436,   0.195,9999.000,9999.000,9999.000,9999.000,9999.000,9999.000,9999.000,9999.000
202603071442,   0.186,9999.000,9999.000,9999.000,9999.000,9999.000,9999.000,9999.000,9999.000
202603071448,   0.178,9999.000,9999.000,9999.000,9999.000,9999.000,9999.000,9999.000,9999.000
202603071454,   0.169,9999.000,9999.000,9999.000,9999.000,9999.000,9999.000,9999.000,9999.000
202603071500,   0.160,9999.000,   0.400,  -0.011,   0.549,   0.300,   0.449,   0.400,   0.549
202603071506,   0.150,9999.000,9999.000,9999.000,9999.000,9999.000,9999.000,9999.000,9999.000
202603071512,   0.141,9999.000,9999.000,9999.000,9999.000,9999.000,9999.000,9999.000,9999.000
202603071518,   0.131,9999.000,9999.000,9999.000,9999.000,9999.000,9999.000,9999.000,9999.000
202603071524,   0.121,9999.000,9999.000,9999.000,9999.000,9999.000,9999.000,9999.000,9999.000
202603071530,   0.111,9999.000,9999.000,9999.000,9999.000,9999.000,9999.000,9999.000,9999.000
202603071536,   0.101,9999.000,9999.000,9999.000,9999.000,9999.000,9999.000,9999.000,9999.000
202603071542,   0.091,9999.000,9999.000,9999.000,9999.000,9999.000,9999.000,9999.000,9999.000
202603071548,   0.081,9999.000,9999.000,9999.000,9999.000,9999.000,9999.000,9999.000,9999.000
202603071554,   0.071,9999.000,9999.000,9999.000,9999.000,9999.000,9999.000,9999.000,9999.000
202603071600,   0.061,9999.000,   0.400,  -0.011,   0.450,   0.300,   0.350,   0.400,   0.450
202603071606,   0.051,9999.000,9999.000,9999.000,9999.000,9999.000,9999.000,9999.000,9999.000
202603071612,   0.041,9999.000,9999.000,9999.000,9999.000,9999.000,9999.000,9999.000,9999.000
202603071618,   0.032,9999.000,9999.000,9999.000,9999.000,9999.000,9999.000,9999.000,9999.000
202603071624,   0.022,9999.000,9999.000,9999.000,9999.000,9999.000,9999.000,9999.000,9999.000
202603071630,   0.013,9999.000,9999.000,9999.000,9999.000,9999.000,9999.000,9999.000,9999.000
202603071636,   0.003,9999.000,9999.000,9999.000,9999.000,9999.000,9999.000,9999.000,9999.000
202603071642,  -0.005,9999.000,9999.000,9999.000,9999.000,9999.000,9999.000,9999.000,9999.000
202603071648,  -0.013,9999.000,9999.000,9999.000,9999.000,9999.000,9999.000,9999.000,9999.000
202603071654,  -0.022,9999.000,9999.000,9999.000,9999.000,9999.000,9999.000,9999.000,9999.000
202603071700,  -0.030,9999.000,   0.400,  -0.011,   0.359,   0.300,   0.259,   0.400,   0.359
202603071706,  -0.038,9999.000,9999.000,9999.000,9999.000,9999.000,9999.000,9999.000,9999.000
202603071712,  -0.046,9999.000,9999.000,9999.000,9999.000,9999.000,9999.000,9999.000,9999.000
202603071718,  -0.053,9999.000,9999.000,9999.000,9999.000,9999.000,9999.000,9999.000,9999.000
202603071724,  -0.060,9999.000,9999.000,9999.000,9999.000,9999.000,9999.000,9999.000,9999.000
202603071730,  -0.067,9999.000,9999.000,9999.000,9999.000,9999.000,9999.000,9999.000,9999.000
202603071736,  -0.073,9999.000,9999.000,9999.000,9999.000,9999.000,9999.000,9999.000,9999.000
202603071742,  -0.079,9999.000,9999.000,9999.000,9999.000,9999.000,9999.000,9999.000,9999.000
202603071748,  -0.085,9999.000,9999.000,9999.000,9999.000,9999.000,9999.000,9999.000,9999.000
202603071754,  -0.091,9999.000,9999.000,9999.000,9999.000,9999.000,9999.000,9999.000,9999.000
202603071800,  -0.096,9999.000,   0.400,  -0.011,   0.293,   0.400,   0.293,   0.400,   0.293
202603071806,  -0.101,9999.000,9999.000,9999.000,9999.000,9999.000,9999.000,9999.000,9999.000
202603071812,  -0.105,9999.000,9999.000,9999.000,9999.000,9999.000,9999.000,9999.000,9999.000
202603071818,  -0.109,9999.000,9999.000,9999.000,9999.000,9999.000,9999.000,9999.000,9999.000
202603071824,  -0.113,9999.000,9999.000,9999.000,9999.000,9999.000,9999.000,9999.000,9999.000
202603071830,  -0.116,9999.000,9999.000,9999.000,9999.000,9999.000,9999.000,9999.000,9999.000
202603071836,  -0.120,9999.000,9999.000,9999.000,9999.000,9999.000,9999.000,9999.000,9999.000
202603071842,  -0.122,9999.000,9999.000,9999.000,9999.000,9999.000,9999.000,9999.000,9999.000
202603071848,  -0.125,9999.000,9999.000,9999.000,9999.000,9999.000,9999.000,9999.000,9999.000
202603071854,  -0.127,9999.000,9999.000,9999.000,9999.000,9999.000,9999.000,9999.000,9999.000
202603071900,  -0.129,9999.000,   0.400,  -0.011,   0.260,   0.400,   0.260,   0.400,   0.260
202603071906,  -0.131,9999.000,9999.000,9999.000,9999.000,9999.000,9999.000,9999.000,9999.000
202603071912,  -0.132,9999.000,9999.000,9999.000,9999.000,9999.000,9999.000,9999.000,9999.000
202603071918,  -0.133,9999.000,9999.000,9999.000,9999.000,9999.000,9999.000,9999.000,9999.000
202603071924,  -0.134,9999.000,9999.000,9999.000,9999.000,9999.000,9999.000,9999.000,9999.000
202603071930,  -0.135,9999.000,9999.000,9999.000,9999.000,9999.000,9999.000,9999.000,9999.000
202603071936,  -0.135,9999.000,9999.000,9999.000,9999.000,9999.000,9999.000,9999.000,9999.000
202603071942,  -0.135,9999.000,9999.000,9999.000,9999.000,9999.000,9999.000,9999.000,9999.000
202603071948,  -0.135,9999.000,9999.000,9999.000,9999.000,9999.000,9999.000,9999.000,9999.000
202603071954,  -0.134,9999.000,9999.000,9999.000,9999.000,9999.000,9999.000,9999.000,9999.000
202603072000,  -0.133,9999.000,   0.400,  -0.011,   0.256,   0.400,   0.256,   0.400,   0.256
202603072006,  -0.132,9999.000,9999.000,9999.000,9999.000,9999.000,9999.000,9999.000,9999.000
202603072012,  -0.131,9999.000,9999.000,9999.000,9999.000,9999.000,9999.000,9999.000,9999.000
202603072018,  -0.129,9999.000,9999.000,9999.000,9999.000,9999.000,9999.000,9999.000,9999.000
202603072024,  -0.127,9999.000,9999.000,9999.000,9999.000,9999.000,9999.000,9999.000,9999.000
202603072030,  -0.125,9999.000,9999.000,9999.000,9999.000,9999.000,9999.000,9999.000,9999.000
202603072036,  -0.122,9999.000,9999.000,9999.000,9999.000,9999.000,9999.000,9999.000,9999.000
202603072042,  -0.120,9999.000,9999.000,9999.000,9999.000,9999.000,9999.000,9999.000,9999.000
202603072048,  -0.116,9999.000,9999.000,9999.000,9999.000,9999.000,9999.000,9999.000,9999.000
202603072054,  -0.113,9999.000,9999.000,9999.000,9999.000,9999.000,9999.000,9999.000,9999.000
202603072100,  -0.109,9999.000,   0.400,  -0.011,   0.280,   0.400,   0.280,   0.500,   0.380
202603072106,  -0.105,9999.000,9999.000,9999.000,9999.000,9999.000,9999.000,9999.000,9999.000
202603072112,  -0.100,9999.000,9999.000,9999.000,9999.000,9999.000,9999.000,9999.000,9999.000
202603072118,  -0.095,9999.000,9999.000,9999.000,9999.000,9999.000,9999.000,9999.000,9999.000
202603072124,  -0.090,9999.000,9999.000,9999.000,9999.000,9999.000,9999.000,9999.000,9999.000
202603072130,  -0.084,9999.000,9999.000,9999.000,9999.000,9999.000,9999.000,9999.000,9999.000
202603072136,  -0.078,9999.000,9999.000,9999.000,9999.000,9999.000,9999.000,9999.000,9999.000
202603072142,  -0.072,9999.000,9999.000,9999.000,9999.000,9999.000,9999.000,9999.000,9999.000
202603072148,  -0.065,9999.000,9999.000,9999.000,9999.000,9999.000,9999.000,9999.000,9999.000
202603072154,  -0.058,9999.000,9999.000,9999.000,9999.000,9999.000,9999.000,9999.000,9999.000
202603072200,  -0.050,9999.000,   0.400,  -0.011,   0.339,   0.400,   0.339,   0.500,   0.439
202603072206,  -0.042,9999.000,9999.000,9999.000,9999.000,9999.000,9999.000,9999.000,9999.000
202603072212,  -0.034,9999.000,9999.000,9999.000,9999.000,9999.000,9999.000,9999.000,9999.000
202603072218,  -0.025,9999.000,9999.000,9999.000,9999.000,9999.000,9999.000,9999.000,9999.000
202603072224,  -0.016,9999.000,9999.000,9999.000,9999.000,9999.000,9999.000,9999.000,9999.000
202603072230,  -0.007,9999.000,9999.000,9999.000,9999.000,9999.000,9999.000,9999.000,9999.000
202603072236,   0.002,9999.000,9999.000,9999.000,9999.000,9999.000,9999.000,9999.000,9999.000
202603072242,   0.013,9999.000,9999.000,9999.000,9999.000,9999.000,9999.000,9999.000,9999.000
202603072248,   0.023,9999.000,9999.000,9999.000,9999.000,9999.000,9999.000,9999.000,9999.000
202603072254,   0.034,9999.000,9999.000,9999.000,9999.000,9999.000,9999.000,9999.000,9999.000
202603072300,   0.045,9999.000,   0.400,  -0.011,   0.434,   0.400,   0.434,   0.500,   0.534
202603072306,   0.057,9999.000,9999.000,9999.000,9999.000,9999.000,9999.000,9999.000,9999.000
202603072312,   0.069,9999.000,9999.000,9999.000,9999.000,9999.000,9999.000,9999.000,9999.000
202603072318,   0.081,9999.000,9999.000,9999.000,9999.000,9999.000,9999.000,9999.000,9999.000
202603072324,   0.093,9999.000,9999.000,9999.000,9999.000,9999.000,9999.000,9999.000,9999.000
202603072330,   0.106,9999.000,9999.000,9999.000,9999.000,9999.000,9999.000,9999.000,9999.000
202603072336,   0.119,9999.000,9999.000,9999.000,9999.000,9999.000,9999.000,9999.000,9999.000
202603072342,   0.132,9999.000,9999.000,9999.000,9999.000,9999.000,9999.000,9999.000,9999.000
202603072348,   0.145,9999.000,9999.000,9999.000,9999.000,9999.000,9999.000,9999.000,9999.000
202603072354,   0.158,9999.000,9999.000,9999.000,9999.000,9999.000,9999.000,9999.000,9999.000
202603080000,   0.171,9999.000,   0.400,  -0.011,   0.560,   0.400,   0.560,   0.400,   0.560
202603080006,   0.185,9999.000,9999.000,9999.000,9999.000,9999.000,9999.000,9999.000,9999.000
202603080012,   0.198,9999.000,9999.000,9999.000,9999.000,9999.000,9999.000,9999.000,9999.000
202603080018,   0.211,9999.000,9999.000,9999.000,9999.000,9999.000,9999.000,9999.000,9999.000
202603080024,   0.225,9999.000,9999.000,9999.000,9999.000,9999.000,9999.000,9999.000,9999.000
202603080030,   0.238,9999.000,9999.000,9999.000,9999.000,9999.000,9999.000,9999.000,9999.000
202603080036,   0.251,9999.000,9999.000,9999.000,9999.000,9999.000,9999.000,9999.000,9999.000
202603080042,   0.264,9999.000,9999.000,9999.000,9999.000,9999.000,9999.000,9999.000,9999.000
202603080048,   0.277,9999.000,9999.000,9999.000,9999.000,9999.000,9999.000,9999.000,9999.000
202603080054,   0.289,9999.000,9999.000,9999.000,9999.000,9999.000,9999.000,9999.000,9999.000
202603080100,   0.302,9999.000,   0.400,  -0.011,   0.691,   0.400,   0.691,   0.400,   0.691
202603080106,   0.314,9999.000,9999.000,9999.000,9999.000,9999.000,9999.000,9999.000,9999.000
202603080112,   0.325,9999.000,9999.000,9999.000,9999.000,9999.000,9999.000,9999.000,9999.000
202603080118,   0.337,9999.000,9999.000,9999.000,9999.000,9999.000,9999.000,9999.000,9999.000
202603080124,   0.348,9999.000,9999.000,9999.000,9999.000,9999.000,9999.000,9999.000,9999.000
202603080130,   0.359,9999.000,9999.000,9999.000,9999.000,9999.000,9999.000,9999.000,9999.000
202603080136,   0.369,9999.000,9999.000,9999.000,9999.000,9999.000,9999.000,9999.000,9999.000
202603080142,   0.380,9999.000,9999.000,9999.000,9999.000,9999.000,9999.000,9999.000,9999.000
202603080148,   0.388,9999.000,9999.000,9999.000,9999.000,9999.000,9999.000,9999.000,9999.000
202603080154,   0.397,9999.000,9999.000,9999.000,9999.000,9999.000,9999.000,9999.000,9999.000
202603080200,   0.406,9999.000,   0.400,  -0.011,   0.795,   0.400,   0.795,   0.400,   0.795
202603080206,   0.414,9999.000,9999.000,9999.000,9999.000,9999.000,9999.000,9999.000,9999.000
202603080212,   0.422,9999.000,9999.000,9999.000,9999.000,9999.000,9999.000,9999.000,9999.000
202603080218,   0.429,9999.000,9999.000,9999.000,9999.000,9999.000,9999.000,9999.000,9999.000
202603080224,   0.435,9999.000,9999.000,9999.000,9999.000,9999.000,9999.000,9999.000,9999.000
202603080230,   0.442,9999.000,9999.000,9999.000,9999.000,9999.000,9999.000,9999.000,9999.000
202603080236,   0.447,9999.000,9999.000,9999.000,9999.000,9999.000,9999.000,9999.000,9999.000
202603080242,   0.452,9999.000,9999.000,9999.000,9999.000,9999.000,9999.000,9999.000,9999.000
202603080248,   0.457,9999.000,9999.000,9999.000,9999.000,9999.000,9999.000,9999.000,9999.000
202603080254,   0.461,9999.000,9999.000,9999.000,9999.000,9999.000,9999.000,9999.000,9999.000
202603080300,   0.465,9999.000,   0.400,  -0.011,   0.854,   0.400,   0.854,   0.400,   0.854
202603080306,   0.468,9999.000,9999.000,9999.000,9999.000,9999.000,9999.000,9999.000,9999.000
202603080312,   0.471,9999.000,9999.000,9999.000,9999.000,9999.000,9999.000,9999.000,9999.000
202603080318,   0.473,9999.000,9999.000,9999.000,9999.000,9999.000,9999.000,9999.000,9999.000
202603080324,   0.475,9999.000,9999.000,9999.000,9999.000,9999.000,9999.000,9999.000,9999.000
202603080330,   0.476,9999.000,9999.000,9999.000,9999.000,9999.000,9999.000,9999.000,9999.000
202603080336,   0.477,9999.000,9999.000,9999.000,9999.000,9999.000,9999.000,9999.000,9999.000
202603080342,   0.478,9999.000,9999.000,9999.000,9999.000,9999.000,9999.000,9999.000,9999.000
202603080348,   0.479,9999.000,9999.000,9999.000,9999.000,9999.000,9999.000,9999.000,9999.000
202603080354,   0.479,9999.000,9999.000,9999.000,9999.000,9999.000,9999.000,9999.000,9999.000
202603080400,   0.478,9999.000,   0.400,  -0.011,   0.867,   0.400,   0.867,   0.400,   0.867
202603080406,   0.478,9999.000,9999.000,9999.000,9999.000,9999.000,9999.000,9999.000,9999.000
202603080412,   0.477,9999.000,9999.000,9999.000,9999.000,9999.000,9999.000,9999.000,9999.000
202603080418,   0.476,9999.000,9999.000,9999.000,9999.000,9999.000,9999.000,9999.000,9999.000
202603080424,   0.474,9999.000,9999.000,9999.000,9999.000,9999.000,9999.000,9999.000,9999.000
202603080430,   0.472,9999.000,9999.000,9999.000,9999.000,9999.000,9999.000,9999.000,9999.000
202603080436,   0.471,9999.000,9999.000,9999.000,9999.000,9999.000,9999.000,9999.000,9999.000
202603080442,   0.469,9999.000,9999.000,9999.000,9999.000,9999.000,9999.000,9999.000,9999.000
202603080448,   0.466,9999.000,9999.000,9999.000,9999.000,9999.000,9999.000,9999.000,9999.000
202603080454,   0.464,9999.000,9999.000,9999.000,9999.000,9999.000,9999.000,9999.000,9999.000
202603080500,   0.462,9999.000,   0.400,  -0.011,   0.851,   0.400,   0.851,   0.400,   0.851
202603080506,   0.459,9999.000,9999.000,9999.000,9999.000,9999.000,9999.000,9999.000,9999.000
202603080512,   0.456,9999.000,9999.000,9999.000,9999.000,9999.000,9999.000,9999.000,9999.000
202603080518,   0.453,9999.000,9999.000,9999.000,9999.000,9999.000,9999.000,9999.000,9999.000
202603080524,   0.451,9999.000,9999.000,9999.000,9999.000,9999.000,9999.000,9999.000,9999.000
202603080530,   0.448,9999.000,9999.000,9999.000,9999.000,9999.000,9999.000,9999.000,9999.000
202603080536,   0.444,9999.000,9999.000,9999.000,9999.000,9999.000,9999.000,9999.000,9999.000
202603080542,   0.441,9999.000,9999.000,9999.000,9999.000,9999.000,9999.000,9999.000,9999.000
202603080548,   0.438,9999.000,9999.000,9999.000,9999.000,9999.000,9999.000,9999.000,9999.000
202603080554,   0.435,9999.000,9999.000,9999.000,9999.000,9999.000,9999.000,9999.000,9999.000
202603080600,   0.432,9999.000,   0.400,  -0.011,   0.821,   0.400,   0.821,   0.400,   0.821
202603080606,   0.428,9999.000,9999.000,9999.000,9999.000,9999.000,9999.000,9999.000,9999.000
202603080612,   0.425,9999.000,9999.000,9999.000,9999.000,9999.000,9999.000,9999.000,9999.000
202603080618,   0.422,9999.000,9999.000,9999.000,9999.000,9999.000,9999.000,9999.000,9999.000
202603080624,   0.418,9999.000,9999.000,9999.000,9999.000,9999.000,9999.000,9999.000,9999.000
202603080630,   0.415,9999.000,9999.000,9999.000,9999.000,9999.000,9999.000,9999.000,9999.000
202603080636,   0.411,9999.000,9999.000,9999.000,9999.000,9999.000,9999.000,9999.000,9999.000
202603080642,   0.408,9999.000,9999.000,9999.000,9999.000,9999.000,9999.000,9999.000,9999.000
202603080648,   0.404,9999.000,9999.000,9999.000,9999.000,9999.000,9999.000,9999.000,9999.000
202603080654,   0.401,9999.000,9999.000,9999.000,9999.000,9999.000,9999.000,9999.000,9999.000
202603080700,   0.397,9999.000,   0.400,  -0.011,   0.786,   0.400,   0.786,   0.400,   0.786
202603080706,   0.393,9999.000,9999.000,9999.000,9999.000,9999.000,9999.000,9999.000,9999.000
202603080712,   0.389,9999.000,9999.000,9999.000,9999.000,9999.000,9999.000,9999.000,9999.000
202603080718,   0.386,9999.000,9999.000,9999.000,9999.000,9999.000,9999.000,9999.000,9999.000
202603080724,   0.382,9999.000,9999.000,9999.000,9999.000,9999.000,9999.000,9999.000,9999.000
202603080730,   0.378,9999.000,9999.000,9999.000,9999.000,9999.000,9999.000,9999.000,9999.000
202603080736,   0.374,9999.000,9999.000,9999.000,9999.000,9999.000,9999.000,9999.000,9999.000
202603080742,   0.370,9999.000,9999.000,9999.000,9999.000,9999.000,9999.000,9999.000,9999.000
202603080748,   0.366,9999.000,9999.000,9999.000,9999.000,9999.000,9999.000,9999.000,9999.000
202603080754,   0.362,9999.000,9999.000,9999.000,9999.000,9999.000,9999.000,9999.000,9999.000
202603080800,   0.358,9999.000,   0.400,  -0.011,   0.747,   0.400,   0.747,   0.400,   0.747
202603080806,   0.354,9999.000,9999.000,9999.000,9999.000,9999.000,9999.000,9999.000,9999.000
202603080812,   0.350,9999.000,9999.000,9999.000,9999.000,9999.000,9999.000,9999.000,9999.000
202603080818,   0.346,9999.000,9999.000,9999.000,9999.000,9999.000,9999.000,9999.000,9999.000
202603080824,   0.342,9999.000,9999.000,9999.000,9999.000,9999.000,9999.000,9999.000,9999.000
202603080830,   0.338,9999.000,9999.000,9999.000,9999.000,9999.000,9999.000,9999.000,9999.000
202603080836,   0.334,9999.000,9999.000,9999.000,9999.000,9999.000,9999.000,9999.000,9999.000
202603080842,   0.330,9999.000,9999.000,9999.000,9999.000,9999.000,9999.000,9999.000,9999.000
202603080848,   0.326,9999.000,9999.000,9999.000,9999.000,9999.000,9999.000,9999.000,9999.000
202603080854,   0.322,9999.000,9999.000,9999.000,9999.000,9999.000,9999.000,9999.000,9999.000
202603080900,   0.318,9999.000,   0.400,  -0.011,   0.707,   0.400,   0.707,   0.500,   0.807
202603080906,   0.314,9999.000,9999.000,9999.000,9999.000,9999.000,9999.000,9999.000,9999.000
202603080912,   0.310,9999.000,9999.000,9999.000,9999.000,9999.000,9999.000,9999.000,9999.000
202603080918,   0.306,9999.000,9999.000,9999.000,9999.000,9999.000,9999.000,9999.000,9999.000
202603080924,   0.303,9999.000,9999.000,9999.000,9999.000,9999.000,9999.000,9999.000,9999.000
202603080930,   0.299,9999.000,9999.000,9999.000,9999.000,9999.000,9999.000,9999.000,9999.000
202603080936,   0.296,9999.000,9999.000,9999.000,9999.000,9999.000,9999.000,9999.000,9999.000
202603080942,   0.292,9999.000,9999.000,9999.000,9999.000,9999.000,9999.000,9999.000,9999.000
202603080948,   0.289,9999.000,9999.000,9999.000,9999.000,9999.000,9999.000,9999.000,9999.000
202603080954,   0.286,9999.000,9999.000,9999.000,9999.000,9999.000,9999.000,9999.000,9999.000
202603081000,   0.283,9999.000,   0.400,  -0.011,   0.672,   0.400,   0.672,   0.500,   0.772
202603081006,   0.280,9999.000,9999.000,9999.000,9999.000,9999.000,9999.000,9999.000,9999.000
202603081012,   0.278,9999.000,9999.000,9999.000,9999.000,9999.000,9999.000,9999.000,9999.000
202603081018,   0.275,9999.000,9999.000,9999.000,9999.000,9999.000,9999.000,9999.000,9999.000
202603081024,   0.273,9999.000,9999.000,9999.000,9999.000,9999.000,9999.000,9999.000,9999.000
202603081030,   0.271,9999.000,9999.000,9999.000,9999.000,9999.000,9999.000,9999.000,9999.000
202603081036,   0.269,9999.000,9999.000,9999.000,9999.000,9999.000,9999.000,9999.000,9999.000
202603081042,   0.267,9999.000,9999.000,9999.000,9999.000,9999.000,9999.000,9999.000,9999.000
202603081048,   0.265,9999.000,9999.000,9999.000,9999.000,9999.000,9999.000,9999.000,9999.000
202603081054,   0.264,9999.000,9999.000,9999.000,9999.000,9999.000,9999.000,9999.000,9999.000
202603081100,   0.262,9999.000,   0.400,  -0.011,   0.651,   0.400,   0.651,   0.500,   0.751
202603081106,   0.261,9999.000,9999.000,9999.000,9999.000,9999.000,9999.000,9999.000,9999.000
202603081112,   0.260,9999.000,9999.000,9999.000,9999.000,9999.000,9999.000,9999.000,9999.000
202603081118,   0.259,9999.000,9999.000,9999.000,9999.000,9999.000,9999.000,9999.000,9999.000
202603081124,   0.258,9999.000,9999.000,9999.000,9999.000,9999.000,9999.000,9999.000,9999.000
202603081130,   0.257,9999.000,9999.000,9999.000,9999.000,9999.000,9999.000,9999.000,9999.000
202603081136,   0.256,9999.000,9999.000,9999.000,9999.000,9999.000,9999.000,9999.000,9999.000
202603081142,   0.256,9999.000,9999.000,9999.000,9999.000,9999.000,9999.000,9999.000,9999.000
202603081148,   0.255,9999.000,9999.000,9999.000,9999.000,9999.000,9999.000,9999.000,9999.000
202603081154,   0.255,9999.000,9999.000,9999.000,9999.000,9999.000,9999.000,9999.000,9999.000
202603081200,   0.254,9999.000,   0.400,  -0.011,   0.643,   0.400,   0.643,   0.400,   0.643
202603081206,   0.253,9999.000,9999.000,9999.000,9999.000,9999.000,9999.000,9999.000,9999.000
202603081212,   0.253,9999.000,9999.000,9999.000,9999.000,9999.000,9999.000,9999.000,9999.000
202603081218,   0.252,9999.000,9999.000,9999.000,9999.000,9999.000,9999.000,9999.000,9999.000
202603081224,   0.251,9999.000,9999.000,9999.000,9999.000,9999.000,9999.000,9999.000,9999.000
202603081230,   0.250,9999.000,9999.000,9999.000,9999.000,9999.000,9999.000,9999.000,9999.000
202603081236,   0.249,9999.000,9999.000,9999.000,9999.000,9999.000,9999.000,9999.000,9999.000
202603081242,   0.248,9999.000,9999.000,9999.000,9999.000,9999.000,9999.000,9999.000,9999.000
202603081248,   0.246,9999.000,9999.000,9999.000,9999.000,9999.000,9999.000,9999.000,9999.000
202603081254,   0.245,9999.000,9999.000,9999.000,9999.000,9999.000,9999.000,9999.000,9999.000
202603081300,   0.243,9999.000,   0.400,  -0.011,   0.632,   0.400,   0.632,   0.400,   0.632
202603081306,   0.241,9999.000,9999.000,9999.000,9999.000,9999.000,9999.000,9999.000,9999.000
202603081312,   0.238,9999.000,9999.000,9999.000,9999.000,9999.000,9999.000,9999.000,9999.000
202603081318,   0.236,9999.000,9999.000,9999.000,9999.000,9999.000,9999.000,9999.000,9999.000
202603081324,   0.233,9999.000,9999.000,9999.000,9999.000,9999.000,9999.000,9999.000,9999.000
202603081330,   0.229,9999.000,9999.000,9999.000,9999.000,9999.000,9999.000,9999.000,9999.000
202603081336,   0.226,9999.000,9999.000,9999.000,9999.000,9999.000,9999.000,9999.000,9999.000
202603081342,   0.222,9999.000,9999.000,9999.000,9999.000,9999.000,9999.000,9999.000,9999.000
202603081348,   0.217,9999.000,9999.000,9999.000,9999.000,9999.000,9999.000,9999.000,9999.000
202603081354,   0.213,9999.000,9999.000,9999.000,9999.000,9999.000,9999.000,9999.000,9999.000
202603081400,   0.208,9999.000,   0.400,  -0.011,   0.597,   0.400,   0.597,   0.400,   0.597
202603081406,   0.202,9999.000,9999.000,9999.000,9999.000,9999.000,9999.000,9999.000,9999.000
202603081412,   0.196,9999.000,9999.000,9999.000,9999.000,9999.000,9999.000,9999.000,9999.000
202603081418,   0.190,9999.000,9999.000,9999.000,9999.000,9999.000,9999.000,9999.000,9999.000
202603081424,   0.183,9999.000,9999.000,9999.000,9999.000,9999.000,9999.000,9999.000,9999.000
202603081430,   0.176,9999.000,9999.000,9999.000,9999.000,9999.000,9999.000,9999.000,9999.000
202603081436,   0.169,9999.000,9999.000,9999.000,9999.000,9999.000,9999.000,9999.000,9999.000
202603081442,   0.161,9999.000,9999.000,9999.000,9999.000,9999.000,9999.000,9999.000,9999.000
202603081448,   0.153,9999.000,9999.000,9999.000,9999.000,9999.000,9999.000,9999.000,9999.000
202603081454,   0.145,9999.000,9999.000,9999.000,9999.000,9999.000,9999.000,9999.000,9999.000
202603081500,   0.136,9999.000,   0.400,  -0.011,   0.525,   0.300,   0.425,   0.400,   0.525
202603081506,   0.127,9999.000,9999.000,9999.000,9999.000,9999.000,9999.000,9999.000,9999.000
202603081512,   0.118,9999.000,9999.000,9999.000,9999.000,9999.000,9999.000,9999.000,9999.000
202603081518,   0.109,9999.000,9999.000,9999.000,9999.000,9999.000,9999.000,9999.000,9999.000
202603081524,   0.099,9999.000,9999.000,9999.000,9999.000,9999.000,9999.000,9999.000,9999.000
202603081530,   0.089,9999.000,9999.000,9999.000,9999.000,9999.000,9999.000,9999.000,9999.000
202603081536,   0.079,9999.000,9999.000,9999.000,9999.000,9999.000,9999.000,9999.000,9999.000
202603081542,   0.069,9999.000,9999.000,9999.000,9999.000,9999.000,9999.000,9999.000,9999.000
202603081548,   0.058,9999.000,9999.000,9999.000,9999.000,9999.000,9999.000,9999.000,9999.000
202603081554,   0.048,9999.000,9999.000,9999.000,9999.000,9999.000,9999.000,9999.000,9999.000
202603081600,   0.037,9999.000,   0.400,  -0.011,   0.426,   0.300,   0.326,   0.400,   0.426
202603081606,   0.026,9999.000,9999.000,9999.000,9999.000,9999.000,9999.000,9999.000,9999.000
202603081612,   0.016,9999.000,9999.000,9999.000,9999.000,9999.000,9999.000,9999.000,9999.000
202603081618,   0.005,9999.000,9999.000,9999.000,9999.000,9999.000,9999.000,9999.000,9999.000
202603081624,  -0.004,9999.000,9999.000,9999.000,9999.000,9999.000,9999.000,9999.000,9999.000
202603081630,  -0.015,9999.000,9999.000,9999.000,9999.000,9999.000,9999.000,9999.000,9999.000
202603081636,  -0.025,9999.000,9999.000,9999.000,9999.000,9999.000,9999.000,9999.000,9999.000
202603081642,  -0.035,9999.000,9999.000,9999.000,9999.000,9999.000,9999.000,9999.000,9999.000
202603081648,  -0.045,9999.000,9999.000,9999.000,9999.000,9999.000,9999.000,9999.000,9999.000
202603081654,  -0.055,9999.000,9999.000,9999.000,9999.000,9999.000,9999.000,9999.000,9999.000
202603081700,  -0.065,9999.000,   0.400,  -0.011,   0.324,   0.300,   0.224,   0.400,   0.324
202603081706,  -0.075,9999.000,9999.000,9999.000,9999.000,9999.000,9999.000,9999.000,9999.000
202603081712,  -0.084,9999.000,9999.000,9999.000,9999.000,9999.000,9999.000,9999.000,9999.000
202603081718,  -0.093,9999.000,9999.000,9999.000,9999.000,9999.000,9999.000,9999.000,9999.000
202603081724,  -0.102,9999.000,9999.000,9999.000,9999.000,9999.000,9999.000,9999.000,9999.000
202603081730,  -0.110,9999.000,9999.000,9999.000,9999.000,9999.000,9999.000,9999.000,9999.000
202603081736,  -0.118,9999.000,9999.000,9999.000,9999.000,9999.000,9999.000,9999.000,9999.000
202603081742,  -0.126,9999.000,9999.000,9999.000,9999.000,9999.000,9999.000,9999.000,9999.000
202603081748,  -0.133,9999.000,9999.000,9999.000,9999.000,9999.000,9999.000,9999.000,9999.000
202603081754,  -0.141,9999.000,9999.000,9999.000,9999.000,9999.000,9999.000,9999.000,9999.000
202603081800,  -0.147,9999.000,   0.400,  -0.011,   0.242,   0.400,   0.242,   0.400,   0.242
