        TIME,    TIDE,      OB,   SURGE,    BIAS,     TWL,SURGE90p,  TWL90p,SURGE10p,   TWL10p
202605110000,   0.935,   1.308,   0.600,  -0.227,   1.308,   0.600,   1.308,   0.600,   1.308
202605110006,   0.908,9999.000,9999.000,9999.000,9999.000,9999.000,9999.000,9999.000,9999.000
202605110012,   0.881,   1.249,9999.000,9999.000,9999.000,9999.000,9999.000,9999.000,9999.000
202605110018,   0.854,9999.000,9999.000,9999.000,9999.000,9999.000,9999.000,9999.000,9999.000
202605110024,   0.827,   1.210,9999.000,9999.000,9999.000,9999.000,9999.000,9999.000,9999.000
202605110030,   0.800,9999.000,9999.000,9999.000,9999.000,9999.000,9999.000,9999.000,9999.000
202605110036,   0.773,   1.170,9999.000,9999.000,9999.000,9999.000,9999.000,9999.000,9999.000
202605110042,   0.746,9999.000,9999.000,9999.000,9999.000,9999.000,9999.000,9999.000,9999.000
202605110048,   0.719,   1.118,9999.000,9999.000,9999.000,9999.000,9999.000,9999.000,9999.000
202605110054,   0.693,9999.000,9999.000,9999.000,9999.000,9999.000,9999.000,9999.000,9999.000
202605110100,   0.666,   1.049,   0.600,  -0.217,   1.049,   0.600,   1.049,   0.600,   1.049
202605110106,   0.641,   1.000,9999.000,9999.000,9999.000,9999.000,9999.000,9999.000,9999.000
202605110112,   0.615,   0.961,9999.000,9999.000,9999.000,9999.000,9999.000,9999.000,9999.000
202605110118,   0.590,   0.951,9999.000,9999.000,9999.000,9999.000,9999.000,9999.000,9999.000
202605110124,   0.566,   0.941,9999.000,9999.000,9999.000,9999.000,9999.000,9999.000,9999.000
202605110130,   0.542,   0.888,9999.000,9999.000,9999.000,9999.000,9999.000,9999.000,9999.000
202605110136,   0.519,   0.849,9999.000,9999.000,9999.000,9999.000,9999.000,9999.000,9999.000
202605110142,   0.497,   0.819,9999.000,9999.000,9999.000,9999.000,9999.000,9999.000,9999.000
202605110148,   0.475,   0.810,9999.000,9999.000,9999.000,9999.000,9999.000,9999.000,9999.000
202605110154,   0.455,   0.800,9999.000,9999.000,9999.000,9999.000,9999.000,9999.000,9999.000
202605110200,   0.435,   0.790,   0.600,  -0.245,   0.790,   0.600,   0.790,   0.600,   0.790
202605110206,   0.416,   0.780,9999.000,9999.000,9999.000,9999.000,9999.000,9999.000,9999.000
202605110212,   0.398,   0.760,9999.000,9999.000,9999.000,9999.000,9999.000,9999.000,9999.000
202605110218,   0.381,   0.760,9999.000,9999.000,9999.000,9999.000,9999.000,9999.000,9999.000
202605110224,   0.365,   0.760,9999.000,9999.000,9999.000,9999.000,9999.000,9999.000,9999.000
202605110230,   0.350,   0.741,9999.000,9999.000,9999.000,9999.000,9999.000,9999.000,9999.000
202605110236,   0.337,   0.708,9999.000,9999.000,9999.000,9999.000,9999.000,9999.000,9999.000
202605110242,   0.324,   0.678,9999.000,9999.000,9999.000,9999.000,9999.000,9999.000,9999.000
202605110248,   0.313,   0.659,9999.000,9999.000,9999.000,9999.000,9999.000,9999.000,9999.000
202605110254,   0.303,   0.649,9999.000,9999.000,9999.000,9999.000,9999.000,9999.000,9999.000
202605110300,   0.294,   0.629,   0.600,  -0.265,   0.629,   0.600,   0.629,   0.600,   0.629
202605110306,   0.287,   0.610,9999.000,9999.000,9999.000,9999.000,9999.000,9999.000,9999.000
202605110312,   0.281,   0.610,9999.000,9999.000,9999.000,9999.000,9999.000,9999.000,9999.000
202605110318,   0.276,   0.629,9999.000,9999.000,9999.000,9999.000,9999.000,9999.000,9999.000
202605110324,   0.272,   0.619,9999.000,9999.000,9999.000,9999.000,9999.000,9999.000,9999.000
202605110330,   0.270,   0.629,9999.000,9999.000,9999.000,9999.000,9999.000,9999.000,9999.000
202605110336,   0.268,   0.619,9999.000,9999.000,9999.000,9999.000,9999.000,9999.000,9999.000
202605110342,   0.269,   0.619,9999.000,9999.000,9999.000,9999.000,9999.000,9999.000,9999.000
202605110348,   0.270,   0.619,9999.000,9999.000,9999.000,9999.000,9999.000,9999.000,9999.000
202605110354,   0.273,   0.619,9999.000,9999.000,9999.000,9999.000,9999.000,9999.000,9999.000
202605110400,   0.277,   0.610,   0.600,  -0.267,   0.610,   0.600,   0.610,   0.600,   0.610
202605110406,   0.282,   0.610,9999.000,9999.000,9999.000,9999.000,9999.000,9999.000,9999.000
202605110412,   0.289,   0.610,9999.000,9999.000,9999.000,9999.000,9999.000,9999.000,9999.000
202605110418,   0.296,   0.600,9999.000,9999.000,9999.000,9999.000,9999.000,9999.000,9999.000
202605110424,   0.305,   0.610,9999.000,9999.000,9999.000,9999.000,9999.000,9999.000,9999.000
202605110430,   0.315,   0.610,9999.000,9999.000,9999.000,9999.000,9999.000,9999.000,9999.000
202605110436,   0.326,   0.629,9999.000,9999.000,9999.000,9999.000,9999.000,9999.000,9999.000
202605110442,   0.338,   0.619,9999.000,9999.000,9999.000,9999.000,9999.000,9999.000,9999.000
202605110448,   0.350,   0.639,9999.000,9999.000,9999.000,9999.000,9999.000,9999.000,9999.000
202605110454,   0.364,   0.649,9999.000,9999.000,9999.000,9999.000,9999.000,9999.000,9999.000
202605110500,   0.379,   0.678,   0.600,  -0.301,   0.678,   0.500,   0.578,   0.600,   0.678
202605110506,   0.394,   0.708,9999.000,9999.000,9999.000,9999.000,9999.000,9999.000,9999.000
202605110512,   0.410,   0.741,9999.000,9999.000,9999.000,9999.000,9999.000,9999.000,9999.000
202605110518,   0.427,   0.770,9999.000,9999.000,9999.000,9999.000,9999.000,9999.000,9999.000
202605110524,   0.445,   0.800,9999.000,9999.000,9999.000,9999.000,9999.000,9999.000,9999.000
202605110530,   0.463,   0.810,9999.000,9999.000,9999.000,9999.000,9999.000,9999.000,9999.000
202605110536,   0.481,   0.829,9999.000,9999.000,9999.000,9999.000,9999.000,9999.000,9999.000
202605110542,   0.500,   0.839,9999.000,9999.000,9999.000,9999.000,9999.000,9999.000,9999.000
202605110548,   0.520,   0.849,9999.000,9999.000,9999.000,9999.000,9999.000,9999.000,9999.000
202605110554,   0.540,   0.869,9999.000,9999.000,9999.000,9999.000,9999.000,9999.000,9999.000
202605110600,   0.560,   0.888,   0.500,  -0.172,   0.888,   0.400,   0.788,   0.500,   0.888
202605110606,   0.580,   0.888,9999.000,9999.000,9999.000,9999.000,9999.000,9999.000,9999.000
202605110612,   0.601,   0.908,9999.000,9999.000,9999.000,9999.000,9999.000,9999.000,9999.000
202605110618,   0.622,   0.918,9999.000,9999.000,9999.000,9999.000,9999.000,9999.000,9999.000
202605110624,   0.643,   0.951,9999.000,9999.000,9999.000,9999.000,9999.000,9999.000,9999.000
202605110630,   0.664,   0.970,9999.000,9999.000,9999.000,9999.000,9999.000,9999.000,9999.000
202605110636,   0.685,   1.000,9999.000,9999.000,9999.000,9999.000,9999.000,9999.000,9999.000
202605110642,   0.706,   1.020,9999.000,9999.000,9999.000,9999.000,9999.000,9999.000,9999.000
202605110648,   0.727,   1.039,9999.000,9999.000,9999.000,9999.000,9999.000,9999.000,9999.000
202605110654,   0.748,   1.049,9999.000,9999.000,9999.000,9999.000,9999.000,9999.000,9999.000
202605110700,   0.769,   1.059,   0.400,  -0.110,   1.059,   0.400,   1.059,   0.500,   1.159
202605110706,   0.790,   1.079,9999.000,9999.000,9999.000,9999.000,9999.000,9999.000,9999.000
202605110712,   0.811,   1.088,9999.000,9999.000,9999.000,9999.000,9999.000,9999.000,9999.000
202605110718,   0.832,   1.108,9999.000,9999.000,9999.000,9999.000,9999.000,9999.000,9999.000
202605110724,   0.852,   1.128,9999.000,9999.000,9999.000,9999.000,9999.000,9999.000,9999.000
202605110730,   0.873,   1.138,9999.000,9999.000,9999.000,9999.000,9999.000,9999.000,9999.000
202605110736,   0.893,   1.161,9999.000,9999.000,9999.000,9999.000,9999.000,9999.000,9999.000
202605110742,   0.913,   1.170,9999.000,9999.000,9999.000,9999.000,9999.000,9999.000,9999.000
202605110748,   0.932,   1.200,9999.000,9999.000,9999.000,9999.000,9999.000,9999.000,9999.000
202605110754,   0.952,   1.220,9999.000,9999.000,9999.000,9999.000,9999.000,9999.000,9999.000
202605110800,   0.970,   1.239,   0.400,  -0.131,   1.239,   0.400,   1.239,   0.500,   1.339
202605110806,   0.989,   1.269,9999.000,9999.000,9999.000,9999.000,9999.000,9999.000,9999.000
202605110812,   1.007,   1.289,9999.000,9999.000,9999.000,9999.000,9999.000,9999.000,9999.000
202605110818,   1.025,   1.318,9999.000,9999.000,9999.000,9999.000,9999.000,9999.000,9999.000
202605110824,   1.043,   1.348,9999.000,9999.000,9999.000,9999.000,9999.000,9999.000,9999.000
202605110830,   1.059,   1.361,9999.000,9999.000,9999.000,9999.000,9999.000,9999.000,9999.000
202605110836,   1.076,   1.380,9999.000,9999.000,9999.000,9999.000,9999.000,9999.000,9999.000
202605110842,   1.092,   1.380,9999.000,9999.000,9999.000,9999.000,9999.000,9999.000,9999.000
202605110848,   1.107,   1.400,9999.000,9999.000,9999.000,9999.000,9999.000,9999.000,9999.000
202605110854,   1.122,   1.410,9999.000,9999.000,9999.000,9999.000,9999.000,9999.000,9999.000
202605110900,   1.136,   1.420,   0.500,  -0.216,   1.420,   0.400,   1.320,   0.500,   1.420
202605110906,   1.149,   1.439,9999.000,9999.000,9999.000,9999.000,9999.000,9999.000,9999.000
202605110912,   1.162,   1.439,9999.000,9999.000,9999.000,9999.000,9999.000,9999.000,9999.000
202605110918,   1.173,   1.449,9999.000,9999.000,9999.000,9999.000,9999.000,9999.000,9999.000
202605110924,   1.184,   1.449,9999.000,9999.000,9999.000,9999.000,9999.000,9999.000,9999.000
202605110930,   1.195,   1.449,9999.000,9999.000,9999.000,9999.000,9999.000,9999.000,9999.000
202605110936,   1.204,   1.459,9999.000,9999.000,9999.000,9999.000,9999.000,9999.000,9999.000
202605110942,   1.212,   1.479,9999.000,9999.000,9999.000,9999.000,9999.000,9999.000,9999.000
202605110948,   1.220,   1.498,9999.000,9999.000,9999.000,9999.000,9999.000,9999.000,9999.000
202605110954,   1.226,   1.498,9999.000,9999.000,9999.000,9999.000,9999.000,9999.000,9999.000
202605111000,   1.231,   1.498,   0.400,  -0.133,   1.498,   0.400,   1.498,   0.500,   1.598
202605111006,   1.235,   1.508,9999.000,9999.000,9999.000,9999.000,9999.000,9999.000,9999.000
202605111012,   1.239,   1.518,9999.000,9999.000,9999.000,9999.000,9999.000,9999.000,9999.000
202605111018,   1.241,   1.508,9999.000,9999.000,9999.000,9999.000,9999.000,9999.000,9999.000
202605111024,   1.242,   1.518,9999.000,9999.000,9999.000,9999.000,9999.000,9999.000,9999.000
202605111030,   1.242,   1.548,9999.000,9999.000,9999.000,9999.000,9999.000,9999.000,9999.000
202605111036,   1.240,   1.580,9999.000,9999.000,9999.000,9999.000,9999.000,9999.000,9999.000
202605111042,   1.238,   1.580,9999.000,9999.000,9999.000,9999.000,9999.000,9999.000,9999.000
202605111048,   1.234,   1.580,9999.000,9999.000,9999.000,9999.000,9999.000,9999.000,9999.000
202605111054,   1.230,   1.571,9999.000,9999.000,9999.000,9999.000,9999.000,9999.000,9999.000
202605111100,   1.224,   1.557,   0.500,  -0.167,   1.557,   0.400,   1.457,   0.500,   1.557
202605111106,   1.217,   1.548,9999.000,9999.000,9999.000,9999.000,9999.000,9999.000,9999.000
202605111112,   1.209,   1.528,9999.000,9999.000,9999.000,9999.000,9999.000,9999.000,9999.000
202605111118,   1.200,   1.528,9999.000,9999.000,9999.000,9999.000,9999.000,9999.000,9999.000
202605111124,   1.189,   1.518,9999.000,9999.000,9999.000,9999.000,9999.000,9999.000,9999.000
202605111130,   1.178,   1.508,9999.000,9999.000,9999.000,9999.000,9999.000,9999.000,9999.000
202605111136,   1.166,   1.459,9999.000,9999.000,9999.000,9999.000,9999.000,9999.000,9999.000
202605111142,   1.153,   1.479,9999.000,9999.000,9999.000,9999.000,9999.000,9999.000,9999.000
202605111148,   1.139,   1.469,9999.000,9999.000,9999.000,9999.000,9999.000,9999.000,9999.000
202605111154,   1.124,   1.449,9999.000,9999.000,9999.000,9999.000,9999.000,9999.000,9999.000
202605111200,   1.108,   1.439,   0.300,   0.031,   1.439,   0.300,   1.439,   0.300,   1.439
202605111206,   1.092,   1.430,9999.000,9999.000,9999.000,9999.000,9999.000,9999.000,9999.000
202605111212,   1.075,   1.400,9999.000,9999.000,9999.000,9999.000,9999.000,9999.000,9999.000
202605111218,   1.057,   1.361,9999.000,9999.000,9999.000,9999.000,9999.000,9999.000,9999.000
202605111224,   1.039,   1.318,9999.000,9999.000,9999.000,9999.000,9999.000,9999.000,9999.000
202605111230,   1.020,   1.269,9999.000,9999.000,9999.000,9999.000,9999.000,9999.000,9999.000
202605111236,   1.001,   1.229,9999.000,9999.000,9999.000,9999.000,9999.000,9999.000,9999.000
202605111242,   0.981,   1.220,9999.000,9999.000,9999.000,9999.000,9999.000,9999.000,9999.000
202605111248,   0.961,   1.200,9999.000,9999.000,9999.000,9999.000,9999.000,9999.000,9999.000
202605111254,   0.941,   1.190,9999.000,9999.000,9999.000,9999.000,9999.000,9999.000,9999.000
202605111300,   0.920,   1.138,   0.300,  -0.082,   1.138,   0.300,   1.138,   0.300,   1.138
202605111306,   0.900,   1.151,9999.000,9999.000,9999.000,9999.000,9999.000,9999.000,9999.000
202605111312,   0.879,   1.151,9999.000,9999.000,9999.000,9999.000,9999.000,9999.000,9999.000
202605111318,   0.858,   1.118,9999.000,9999.000,9999.000,9999.000,9999.000,9999.000,9999.000
202605111324,   0.838,   1.098,9999.000,9999.000,9999.000,9999.000,9999.000,9999.000,9999.000
202605111330,   0.817,   1.069,9999.000,9999.000,9999.000,9999.000,9999.000,9999.000,9999.000
202605111336,   0.797,   1.049,9999.000,9999.000,9999.000,9999.000,9999.000,9999.000,9999.000
202605111342,   0.777,   1.039,9999.000,9999.000,9999.000,9999.000,9999.000,9999.000,9999.000
202605111348,   0.757,   1.010,9999.000,9999.000,9999.000,9999.000,9999.000,9999.000,9999.000
202605111354,   0.738,   1.010,9999.000,9999.000,9999.000,9999.000,9999.000,9999.000,9999.000
202605111400,   0.719,   1.000,   0.300,  -0.019,   1.000,   0.300,   1.000,   0.300,   1.000
202605111406,   0.700,   0.980,9999.000,9999.000,9999.000,9999.000,9999.000,9999.000,9999.000
202605111412,   0.682,   0.970,9999.000,9999.000,9999.000,9999.000,9999.000,9999.000,9999.000
202605111418,   0.665,   0.928,9999.000,9999.000,9999.000,9999.000,9999.000,9999.000,9999.000
202605111424,   0.649,   0.918,9999.000,9999.000,9999.000,9999.000,9999.000,9999.000,9999.000
202605111430,   0.633,   0.918,9999.000,9999.000,9999.000,9999.000,9999.000,9999.000,9999.000
202605111436,   0.618,   0.908,9999.000,9999.000,9999.000,9999.000,9999.000,9999.000,9999.000
202605111442,   0.603,   0.888,9999.000,9999.000,9999.000,9999.000,9999.000,9999.000,9999.000
202605111448,   0.590,   0.879,9999.000,9999.000,9999.000,9999.000,9999.000,9999.000,9999.000
202605111454,   0.577,   0.869,9999.000,9999.000,9999.000,9999.000,9999.000,9999.000,9999.000
202605111500,   0.566,   0.839,   0.300,  -0.027,   0.839,   0.300,   0.839,   0.300,   0.839
202605111506,   0.555,   0.829,9999.000,9999.000,9999.000,9999.000,9999.000,9999.000,9999.000
202605111512,   0.545,   0.819,9999.000,9999.000,9999.000,9999.000,9999.000,9999.000,9999.000
202605111518,   0.537,   0.810,9999.000,9999.000,9999.000,9999.000,9999.000,9999.000,9999.000
202605111524,   0.529,   0.790,9999.000,9999.000,9999.000,9999.000,9999.000,9999.000,9999.000
202605111530,   0.523,   0.780,9999.000,9999.000,9999.000,9999.000,9999.000,9999.000,9999.000
202605111536,   0.518,   0.780,9999.000,9999.000,9999.000,9999.000,9999.000,9999.000,9999.000
202605111542,   0.514,   0.770,9999.000,9999.000,9999.000,9999.000,9999.000,9999.000,9999.000
202605111548,   0.511,   0.770,9999.000,9999.000,9999.000,9999.000,9999.000,9999.000,9999.000
202605111554,   0.509,   0.770,9999.000,9999.000,9999.000,9999.000,9999.000,9999.000,9999.000
202605111600,   0.509,   0.770,   0.300,  -0.039,   0.770,   0.300,   0.770,   0.300,   0.770
202605111606,   0.509,   0.790,9999.000,9999.000,9999.000,9999.000,9999.000,9999.000,9999.000
202605111612,   0.511,   0.810,9999.000,9999.000,9999.000,9999.000,9999.000,9999.000,9999.000
202605111618,   0.514,   0.829,9999.000,9999.000,9999.000,9999.000,9999.000,9999.000,9999.000
202605111624,   0.518,   0.849,9999.000,9999.000,9999.000,9999.000,9999.000,9999.000,9999.000
202605111630,   0.523,   0.869,9999.000,9999.000,9999.000,9999.000,9999.000,9999.000,9999.000
202605111636,   0.530,   0.859,9999.000,9999.000,9999.000,9999.000,9999.000,9999.000,9999.000
202605111642,   0.537,   0.839,9999.000,9999.000,9999.000,9999.000,9999.000,9999.000,9999.000
202605111648,   0.546,   0.819,9999.000,9999.000,9999.000,9999.000,9999.000,9999.000,9999.000
202605111654,   0.555,   0.849,9999.000,9999.000,9999.000,9999.000,9999.000,9999.000,9999.000
202605111700,   0.565,   0.869,   0.300,   0.004,   0.869,   0.300,   0.869,   0.300,   0.869
202605111706,   0.577,   0.849,9999.000,9999.000,9999.000,9999.000,9999.000,9999.000,9999.000
202605111712,   0.589,   0.869,9999.000,9999.000,9999.000,9999.000,9999.000,9999.000,9999.000
202605111718,   0.602,   0.908,9999.000,9999.000,9999.000,9999.000,9999.000,9999.000,9999.000
202605111724,   0.616,   0.928,9999.000,9999.000,9999.000,9999.000,9999.000,9999.000,9999.000
202605111730,   0.630,   0.898,9999.000,9999.000,9999.000,9999.000,9999.000,9999.000,9999.000
202605111736,   0.646,   0.879,9999.000,9999.000,9999.000,9999.000,9999.000,9999.000,9999.000
202605111742,   0.661,   0.869,9999.000,9999.000,9999.000,9999.000,9999.000,9999.000,9999.000
202605111748,   0.678,   0.888,9999.000,9999.000,9999.000,9999.000,9999.000,9999.000,9999.000
202605111754,   0.695,   0.918,9999.000,9999.000,9999.000,9999.000,9999.000,9999.000,9999.000
202605111800,   0.712,   0.961,   0.300,  -0.051,   0.961,   0.300,   0.961,   0.300,   0.961
202605111806,   0.730,   0.990,9999.000,9999.000,9999.000,9999.000,9999.000,9999.000,9999.000
202605111812,   0.748,   1.020,9999.000,9999.000,9999.000,9999.000,9999.000,9999.000,9999.000
202605111818,   0.766,   1.059,9999.000,9999.000,9999.000,9999.000,9999.000,9999.000,9999.000
202605111824,   0.785,   1.079,9999.000,9999.000,9999.000,9999.000,9999.000,9999.000,9999.000
202605111830,   0.804,   1.098,9999.000,9999.000,9999.000,9999.000,9999.000,9999.000,9999.000
202605111836,   0.823,   1.108,9999.000,9999.000,9999.000,9999.000,9999.000,9999.000,9999.000
202605111842,   0.842,   1.108,9999.000,9999.000,9999.000,9999.000,9999.000,9999.000,9999.000
202605111848,   0.862,   1.118,9999.000,9999.000,9999.000,9999.000,9999.000,9999.000,9999.000
202605111854,   0.881,   1.128,9999.000,9999.000,9999.000,9999.000,9999.000,9999.000,9999.000
202605111900,   0.900,   1.118,   0.300,  -0.082,   1.118,   0.300,   1.118,   0.300,   1.118
202605111906,   0.920,   1.161,9999.000,9999.000,9999.000,9999.000,9999.000,9999.000,9999.000
202605111912,   0.939,   1.210,9999.000,9999.000,9999.000,9999.000,9999.000,9999.000,9999.000
202605111918,   0.958,   1.239,9999.000,9999.000,9999.000,9999.000,9999.000,9999.000,9999.000
202605111924,   0.977,   1.259,9999.000,9999.000,9999.000,9999.000,9999.000,9999.000,9999.000
202605111930,   0.996,   1.279,9999.000,9999.000,9999.000,9999.000,9999.000,9999.000,9999.000
202605111936,   1.014,   1.298,9999.000,9999.000,9999.000,9999.000,9999.000,9999.000,9999.000
202605111942,   1.033,   1.308,9999.000,9999.000,9999.000,9999.000,9999.000,9999.000,9999.000
202605111948,   1.051,   1.308,9999.000,9999.000,9999.000,9999.000,9999.000,9999.000,9999.000
202605111954,   1.069,   1.318,9999.000,9999.000,9999.000,9999.000,9999.000,9999.000,9999.000
202605112000,   1.087,   1.338,   0.300,  -0.049,   1.338,   0.300,   1.338,   0.300,   1.338
202605112006,   1.104,   1.338,9999.000,9999.000,9999.000,9999.000,9999.000,9999.000,9999.000
202605112012,   1.121,   1.338,9999.000,9999.000,9999.000,9999.000,9999.000,9999.000,9999.000
202605112018,   1.138,   1.371,9999.000,9999.000,9999.000,9999.000,9999.000,9999.000,9999.000
202605112024,   1.154,   1.410,9999.000,9999.000,9999.000,9999.000,9999.000,9999.000,9999.000
202605112030,   1.170,   1.430,9999.000,9999.000,9999.000,9999.000,9999.000,9999.000,9999.000
202605112036,   1.185,   1.449,9999.000,9999.000,9999.000,9999.000,9999.000,9999.000,9999.000
202605112042,   1.200,   1.469,9999.000,9999.000,9999.000,9999.000,9999.000,9999.000,9999.000
202605112048,   1.215,   1.489,9999.000,9999.000,9999.000,9999.000,9999.000,9999.000,9999.000
202605112054,   1.228,   1.508,9999.000,9999.000,9999.000,9999.000,9999.000,9999.000,9999.000
202605112100,   1.242,   1.498,   0.300,  -0.044,   1.498,   0.300,   1.498,   0.300,   1.498
202605112106,   1.254,   1.498,9999.000,9999.000,9999.000,9999.000,9999.000,9999.000,9999.000
202605112112,   1.266,   1.508,9999.000,9999.000,9999.000,9999.000,9999.000,9999.000,9999.000
202605112118,   1.278,   1.528,9999.000,9999.000,9999.000,9999.000,9999.000,9999.000,9999.000
202605112124,   1.288,   1.571,9999.000,9999.000,9999.000,9999.000,9999.000,9999.000,9999.000
202605112130,   1.298,   1.590,9999.000,9999.000,9999.000,9999.000,9999.000,9999.000,9999.000
202605112136,   1.307,   1.600,9999.000,9999.000,9999.000,9999.000,9999.000,9999.000,9999.000
202605112142,   1.315,   1.590,9999.000,9999.000,9999.000,9999.000,9999.000,9999.000,9999.000
202605112148,   1.322,   1.590,9999.000,9999.000,9999.000,9999.000,9999.000,9999.000,9999.000
202605112154,   1.328,   1.600,9999.000,9999.000,9999.000,9999.000,9999.000,9999.000,9999.000
202605112200,   1.333,   1.590,   0.300,  -0.043,   1.590,   0.300,   1.590,   0.300,   1.590
202605112206,   1.337,   1.580,9999.000,9999.000,9999.000,9999.000,9999.000,9999.000,9999.000
202605112212,   1.340,   1.571,9999.000,9999.000,9999.000,9999.000,9999.000,9999.000,9999.000
202605112218,   1.342,   1.557,9999.000,9999.000,9999.000,9999.000,9999.000,9999.000,9999.000
202605112224,   1.343,   1.571,9999.000,9999.000,9999.000,9999.000,9999.000,9999.000,9999.000
202605112230,   1.343,   1.571,9999.000,9999.000,9999.000,9999.000,9999.000,9999.000,9999.000
202605112236,   1.341,   1.580,9999.000,9999.000,9999.000,9999.000,9999.000,9999.000,9999.000
202605112242,   1.338,   1.580,9999.000,9999.000,9999.000,9999.000,9999.000,9999.000,9999.000
202605112248,   1.334,   1.590,9999.000,9999.000,9999.000,9999.000,9999.000,9999.000,9999.000
202605112254,   1.329,   1.600,9999.000,9999.000,9999.000,9999.000,9999.000,9999.000,9999.000
202605112300,   1.322,   1.571,   0.400,  -0.151,   1.571,   0.300,   1.471,   0.400,   1.571
202605112306,   1.314,   1.571,9999.000,9999.000,9999.000,9999.000,9999.000,9999.000,9999.000
202605112312,   1.305,   1.580,9999.000,9999.000,9999.000,9999.000,9999.000,9999.000,9999.000
202605112318,   1.294,   1.557,9999.000,9999.000,9999.000,9999.000,9999.000,9999.000,9999.000
202605112324,   1.283,   1.571,9999.000,9999.000,9999.000,9999.000,9999.000,9999.000,9999.000
202605112330,   1.270,   1.538,9999.000,9999.000,9999.000,9999.000,9999.000,9999.000,9999.000
202605112336,   1.256,   1.538,9999.000,9999.000,9999.000,9999.000,9999.000,9999.000,9999.000
202605112342,   1.240,   1.548,9999.000,9999.000,9999.000,9999.000,9999.000,9999.000,9999.000
202605112348,   1.224,   1.538,9999.000,9999.000,9999.000,9999.000,9999.000,9999.000,9999.000
202605112354,   1.206,   1.518,9999.000,9999.000,9999.000,9999.000,9999.000,9999.000,9999.000
202605120000,   1.187,   1.498,   0.400,  -0.089,   1.498,   0.300,   1.398,   0.400,   1.498
202605120006,   1.168,   1.469,9999.000,9999.000,9999.000,9999.000,9999.000,9999.000,9999.000
202605120012,   1.147,   1.449,9999.000,9999.000,9999.000,9999.000,9999.000,9999.000,9999.000
202605120018,   1.126,   1.420,9999.000,9999.000,9999.000,9999.000,9999.000,9999.000,9999.000
202605120024,   1.103,   1.390,9999.000,9999.000,9999.000,9999.000,9999.000,9999.000,9999.000
202605120030,   1.080,   1.371,9999.000,9999.000,9999.000,9999.000,9999.000,9999.000,9999.000
202605120036,   1.056,   1.338,9999.000,9999.000,9999.000,9999.000,9999.000,9999.000,9999.000
202605120042,   1.031,   1.308,9999.000,9999.000,9999.000,9999.000,9999.000,9999.000,9999.000
202605120048,   1.006,   1.269,9999.000,9999.000,9999.000,9999.000,9999.000,9999.000,9999.000
202605120054,   0.980,   1.249,9999.000,9999.000,9999.000,9999.000,9999.000,9999.000,9999.000
202605120100,   0.954,   1.229,   0.400,  -0.125,   1.229,   0.300,   1.129,   0.400,   1.229
202605120106,   0.928,   1.220,9999.000,9999.000,9999.000,9999.000,9999.000,9999.000,9999.000
202605120112,   0.901,   1.190,9999.000,9999.000,9999.000,9999.000,9999.000,9999.000,9999.000
202605120118,   0.874,   1.138,9999.000,9999.000,9999.000,9999.000,9999.000,9999.000,9999.000
202605120124,   0.847,   1.108,9999.000,9999.000,9999.000,9999.000,9999.000,9999.000,9999.000
202605120130,   0.819,   1.098,9999.000,9999.000,9999.000,9999.000,9999.000,9999.000,9999.000
202605120136,   0.792,   1.079,9999.000,9999.000,9999.000,9999.000,9999.000,9999.000,9999.000
202605120142,   0.765,   1.059,9999.000,9999.000,9999.000,9999.000,9999.000,9999.000,9999.000
202605120148,   0.738,   1.039,9999.000,9999.000,9999.000,9999.000,9999.000,9999.000,9999.000
202605120154,   0.712,   1.010,9999.000,9999.000,9999.000,9999.000,9999.000,9999.000,9999.000
202605120200,   0.685,   1.000,   0.400,  -0.085,   1.000,   0.300,   0.900,   0.400,   1.000
202605120206,   0.660,   0.970,9999.000,9999.000,9999.000,9999.000,9999.000,9999.000,9999.000
202605120212,   0.634,   0.961,9999.000,9999.000,9999.000,9999.000,9999.000,9999.000,9999.000
202605120218,   0.609,   0.951,9999.000,9999.000,9999.000,9999.000,9999.000,9999.000,9999.000
202605120224,   0.585,   0.928,9999.000,9999.000,9999.000,9999.000,9999.000,9999.000,9999.000
202605120230,   0.562,   0.908,9999.000,9999.000,9999.000,9999.000,9999.000,9999.000,9999.000
202605120236,   0.539,   0.898,9999.000,9999.000,9999.000,9999.000,9999.000,9999.000,9999.000
202605120242,   0.518,   0.879,9999.000,9999.000,9999.000,9999.000,9999.000,9999.000,9999.000
202605120248,   0.497,   0.849,9999.000,9999.000,9999.000,9999.000,9999.000,9999.000,9999.000
202605120254,   0.477,   0.829,9999.000,9999.000,9999.000,9999.000,9999.000,9999.000,9999.000
202605120300,   0.458,   0.800,   0.300,   0.042,   0.800,   0.300,   0.800,   0.400,   0.900
202605120306,   0.441,   0.780,9999.000,9999.000,9999.000,9999.000,9999.000,9999.000,9999.000
202605120312,   0.424,   0.741,9999.000,9999.000,9999.000,9999.000,9999.000,9999.000,9999.000
202605120318,   0.409,   0.708,9999.000,9999.000,9999.000,9999.000,9999.000,9999.000,9999.000
202605120324,   0.395,   0.698,9999.000,9999.000,9999.000,9999.000,9999.000,9999.000,9999.000
202605120330,   0.382,   0.688,9999.000,9999.000,9999.000,9999.000,9999.000,9999.000,9999.000
202605120336,   0.370,   0.678,9999.000,9999.000,9999.000,9999.000,9999.000,9999.000,9999.000
202605120342,   0.360,   0.678,9999.000,9999.000,9999.000,9999.000,9999.000,9999.000,9999.000
202605120348,   0.351,   0.669,9999.000,9999.000,9999.000,9999.000,9999.000,9999.000,9999.000
202605120354,   0.344,   0.669,9999.000,9999.000,9999.000,9999.000,9999.000,9999.000,9999.000
202605120400,   0.338,   0.678,   0.400,  -0.060,   0.678,   0.300,   0.578,   0.400,   0.678
202605120406,   0.334,   0.678,9999.000,9999.000,9999.000,9999.000,9999.000,9999.000,9999.000
202605120412,   0.331,   0.678,9999.000,9999.000,9999.000,9999.000,9999.000,9999.000,9999.000
202605120418,   0.329,   0.688,9999.000,9999.000,9999.000,9999.000,9999.000,9999.000,9999.000
202605120424,   0.329,   0.698,9999.000,9999.000,9999.000,9999.000,9999.000,9999.000,9999.000
202605120430,   0.330,   0.698,9999.000,9999.000,9999.000,9999.000,9999.000,9999.000,9999.000
202605120436,   0.333,   0.698,9999.000,9999.000,9999.000,9999.000,9999.000,9999.000,9999.000
202605120442,   0.337,   0.708,9999.000,9999.000,9999.000,9999.000,9999.000,9999.000,9999.000
202605120448,   0.343,   0.708,9999.000,9999.000,9999.000,9999.000,9999.000,9999.000,9999.000
202605120454,   0.350,   0.708,9999.000,9999.000,9999.000,9999.000,9999.000,9999.000,9999.000
202605120500,   0.358,   0.718,   0.300,   0.060,   0.718,   0.300,   0.718,   0.300,   0.718
202605120506,   0.368,   0.741,9999.000,9999.000,9999.000,9999.000,9999.000,9999.000,9999.000
202605120512,   0.379,   0.751,9999.000,9999.000,9999.000,9999.000,9999.000,9999.000,9999.000
202605120518,   0.391,   0.760,9999.000,9999.000,9999.000,9999.000,9999.000,9999.000,9999.000
202605120524,   0.404,   0.770,9999.000,9999.000,9999.000,9999.000,9999.000,9999.000,9999.000
202605120530,   0.418,   0.790,9999.000,9999.000,9999.000,9999.000,9999.000,9999.000,9999.000
202605120536,   0.434,   0.800,9999.000,9999.000,9999.000,9999.000,9999.000,9999.000,9999.000
202605120542,   0.450,   0.800,9999.000,9999.000,9999.000,9999.000,9999.000,9999.000,9999.000
202605120548,   0.467,   0.819,9999.000,9999.000,9999.000,9999.000,9999.000,9999.000,9999.000
202605120554,   0.486,   0.829,9999.000,9999.000,9999.000,9999.000,9999.000,9999.000,9999.000
202605120600,   0.505,   0.859,   0.300,   0.054,   0.859,   0.300,   0.859,   0.300,   0.859
202605120606,   0.525,   0.879,9999.000,9999.000,9999.000,9999.000,9999.000,9999.000,9999.000
202605120612,   0.545,   0.908,9999.000,9999.000,9999.000,9999.000,9999.000,9999.000,9999.000
202605120618,   0.566,   0.941,9999.000,9999.000,9999.000,9999.000,9999.000,9999.000,9999.000
202605120624,   0.588,   0.970,9999.000,9999.000,9999.000,9999.000,9999.000,9999.000,9999.000
202605120630,   0.610,   1.000,9999.000,9999.000,9999.000,9999.000,9999.000,9999.000,9999.000
202605120636,   0.633,   1.020,9999.000,9999.000,9999.000,9999.000,9999.000,9999.000,9999.000
202605120642,   0.655,   1.029,9999.000,9999.000,9999.000,9999.000,9999.000,9999.000,9999.000
202605120648,   0.679,   1.059,9999.000,9999.000,9999.000,9999.000,9999.000,9999.000,9999.000
202605120654,   0.702,   1.079,9999.000,9999.000,9999.000,9999.000,9999.000,9999.000,9999.000
202605120700,   0.726,   1.108,   0.300,   0.082,   1.108,   0.300,   1.108,   0.300,   1.108
202605120706,   0.750,   1.128,9999.000,9999.000,9999.000,9999.000,9999.000,9999.000,9999.000
202605120712,   0.774,   1.161,9999.000,9999.000,9999.000,9999.000,9999.000,9999.000,9999.000
202605120718,   0.798,   1.180,9999.000,9999.000,9999.000,9999.000,9999.000,9999.000,9999.000
202605120724,   0.822,   1.210,9999.000,9999.000,9999.000,9999.000,9999.000,9999.000,9999.000
202605120730,   0.846,   1.239,9999.000,9999.000,9999.000,9999.000,9999.000,9999.000,9999.000
202605120736,   0.870,   1.259,9999.000,9999.000,9999.000,9999.000,9999.000,9999.000,9999.000
202605120742,   0.894,   1.269,9999.000,9999.000,9999.000,9999.000,9999.000,9999.000,9999.000
202605120748,   0.918,   1.289,9999.000,9999.000,9999.000,9999.000,9999.000,9999.000,9999.000
202605120754,   0.942,   1.328,9999.000,9999.000,9999.000,9999.000,9999.000,9999.000,9999.000
202605120800,   0.965,   1.361,   0.300,   0.096,   1.361,   0.300,   1.361,   0.300,   1.361
202605120806,   0.988,   1.380,9999.000,9999.000,9999.000,9999.000,9999.000,9999.000,9999.000
202605120812,   1.011,   1.410,9999.000,9999.000,9999.000,9999.000,9999.000,9999.000,9999.000
202605120818,   1.034,   1.430,9999.000,9999.000,9999.000,9999.000,9999.000,9999.000,9999.000
202605120824,   1.056,   1.620,9999.000,9999.000,9999.000,9999.000,9999.000,9999.000,9999.000
202605120830,   1.078,9999.000,9999.000,9999.000,9999.000,9999.000,9999.000,9999.000,9999.000
202605120836,   1.100,   1.508,9999.000,9999.000,9999.000,9999.000,9999.000,9999.000,9999.000
202605120842,   1.121,   1.538,9999.000,9999.000,9999.000,9999.000,9999.000,9999.000,9999.000
202605120848,   1.142,   1.571,9999.000,9999.000,9999.000,9999.000,9999.000,9999.000,9999.000
202605120854,   1.163,   1.600,9999.000,9999.000,9999.000,9999.000,9999.000,9999.000,9999.000
202605120900,   1.183,   1.620,   0.300,   0.137,   1.620,   0.300,   1.620,   0.400,   1.720
202605120906,   1.202,   1.639,9999.000,9999.000,9999.000,9999.000,9999.000,9999.000,9999.000
202605120912,   1.221,   1.659,9999.000,9999.000,9999.000,9999.000,9999.000,9999.000,9999.000
202605120918,   1.239,   1.679,9999.000,9999.000,9999.000,9999.000,9999.000,9999.000,9999.000
202605120924,   1.257,   1.689,9999.000,9999.000,9999.000,9999.000,9999.000,9999.000,9999.000
202605120930,   1.274,   1.708,9999.000,9999.000,9999.000,9999.000,9999.000,9999.000,9999.000
202605120936,   1.290,   1.738,9999.000,9999.000,9999.000,9999.000,9999.000,9999.000,9999.000
202605120942,   1.305,   1.758,9999.000,9999.000,9999.000,9999.000,9999.000,9999.000,9999.000
202605120948,   1.320,   1.790,9999.000,9999.000,9999.000,9999.000,9999.000,9999.000,9999.000
202605120954,   1.334,   1.800,9999.000,9999.000,9999.000,9999.000,9999.000,9999.000,9999.000
202605121000,   1.347,   1.810,   0.300,   0.163,   1.810,   0.300,   1.810,   0.400,   1.910
202605121006,   1.359,   1.840,9999.000,9999.000,9999.000,9999.000,9999.000,9999.000,9999.000
202605121012,   1.370,   1.849,9999.000,9999.000,9999.000,9999.000,9999.000,9999.000,9999.000
202605121018,   1.379,   1.859,9999.000,9999.000,9999.000,9999.000,9999.000,9999.000,9999.000
202605121024,   1.388,   1.859,9999.000,9999.000,9999.000,9999.000,9999.000,9999.000,9999.000
202605121030,   1.396,   1.869,9999.000,9999.000,9999.000,9999.000,9999.000,9999.000,9999.000
202605121036,   1.402,   1.869,9999.000,9999.000,9999.000,9999.000,9999.000,9999.000,9999.000
202605121042,   1.407,   1.869,9999.000,9999.000,9999.000,9999.000,9999.000,9999.000,9999.000
202605121048,   1.411,   1.859,9999.000,9999.000,9999.000,9999.000,9999.000,9999.000,9999.000
202605121054,   1.414,   1.859,9999.000,9999.000,9999.000,9999.000,9999.000,9999.000,9999.000
202605121100,   1.415,   1.869,   0.400,   0.054,   1.869,   0.300,   1.769,   0.400,   1.869
202605121106,   1.415,   1.889,9999.000,9999.000,9999.000,9999.000,9999.000,9999.000,9999.000
202605121112,   1.413,   1.908,9999.000,9999.000,9999.000,9999.000,9999.000,9999.000,9999.000
202605121118,   1.410,   1.908,9999.000,9999.000,9999.000,9999.000,9999.000,9999.000,9999.000
202605121124,   1.406,   1.908,9999.000,9999.000,9999.000,9999.000,9999.000,9999.000,9999.000
202605121130,   1.400,   1.928,9999.000,9999.000,9999.000,9999.000,9999.000,9999.000,9999.000
202605121136,   1.393,   1.948,9999.000,9999.000,9999.000,9999.000,9999.000,9999.000,9999.000
202605121142,   1.384,   1.938,9999.000,9999.000,9999.000,9999.000,9999.000,9999.000,9999.000
202605121148,   1.374,   1.938,9999.000,9999.000,9999.000,9999.000,9999.000,9999.000,9999.000
202605121154,   1.362,   1.908,9999.000,9999.000,9999.000,9999.000,9999.000,9999.000,9999.000
202605121200,   1.349,   1.889,   0.400,   0.140,   1.889,   0.400,   1.889,   0.400,   1.889
202605121206,   1.334,   1.889,9999.000,9999.000,9999.000,9999.000,9999.000,9999.000,9999.000
202605121212,   1.318,   1.859,9999.000,9999.000,9999.000,9999.000,9999.000,9999.000,9999.000
202605121218,   1.301,   1.849,9999.000,9999.000,9999.000,9999.000,9999.000,9999.000,9999.000
202605121224,   1.282,   1.830,9999.000,9999.000,9999.000,9999.000,9999.000,9999.000,9999.000
202605121230,   1.263,   1.810,9999.000,9999.000,9999.000,9999.000,9999.000,9999.000,9999.000
202605121236,   1.242,   1.790,9999.000,9999.000,9999.000,9999.000,9999.000,9999.000,9999.000
202605121242,   1.219,   1.800,9999.000,9999.000,9999.000,9999.000,9999.000,9999.000,9999.000
202605121248,   1.196,   1.781,9999.000,9999.000,9999.000,9999.000,9999.000,9999.000,9999.000
202605121254,   1.172,   1.758,9999.000,9999.000,9999.000,9999.000,9999.000,9999.000,9999.000
202605121300,   1.147,   1.728,   0.400,   0.181,   1.728,   0.400,   1.728,   0.400,   1.728
202605121306,   1.120,   1.708,9999.000,9999.000,9999.000,9999.000,9999.000,9999.000,9999.000
202605121312,   1.093,   1.669,9999.000,9999.000,9999.000,9999.000,9999.000,9999.000,9999.000
202605121318,   1.066,   1.639,9999.000,9999.000,9999.000,9999.000,9999.000,9999.000,9999.000
202605121324,   1.037,   1.610,9999.000,9999.000,9999.000,9999.000,9999.000,9999.000,9999.000
202605121330,   1.008,   1.590,9999.000,9999.000,9999.000,9999.000,9999.000,9999.000,9999.000
202605121336,   0.979,   1.571,9999.000,9999.000,9999.000,9999.000,9999.000,9999.000,9999.000
202605121342,   0.949,   1.518,9999.000,9999.000,9999.000,9999.000,9999.000,9999.000,9999.000
202605121348,   0.919,   1.508,9999.000,9999.000,9999.000,9999.000,9999.000,9999.000,9999.000
202605121354,   0.888,   1.479,9999.000,9999.000,9999.000,9999.000,9999.000,9999.000,9999.000
202605121400,   0.858,   1.449,   0.400,   0.191,   1.449,   0.400,   1.449,   0.400,   1.449
202605121406,   0.827,   1.400,9999.000,9999.000,9999.000,9999.000,9999.000,9999.000,9999.000
202605121412,   0.797,   1.380,9999.000,9999.000,9999.000,9999.000,9999.000,9999.000,9999.000
202605121418,   0.766,   1.361,9999.000,9999.000,9999.000,9999.000,9999.000,9999.000,9999.000
202605121424,   0.736,   1.338,9999.000,9999.000,9999.000,9999.000,9999.000,9999.000,9999.000
202605121430,   0.706,   1.308,9999.000,9999.000,9999.000,9999.000,9999.000,9999.000,9999.000
202605121436,   0.676,   1.279,9999.000,9999.000,9999.000,9999.000,9999.000,9999.000,9999.000
202605121442,   0.647,   1.259,9999.000,9999.000,9999.000,9999.000,9999.000,9999.000,9999.000
202605121448,   0.619,   1.239,9999.000,9999.000,9999.000,9999.000,9999.000,9999.000,9999.000
202605121454,   0.591,   1.220,9999.000,9999.000,9999.000,9999.000,9999.000,9999.000,9999.000
202605121500,   0.563,   1.200,   0.400,   0.237,   1.200,   0.400,   1.200,   0.400,   1.200
202605121506,   0.537,   1.161,9999.000,9999.000,9999.000,9999.000,9999.000,9999.000,9999.000
202605121512,   0.511,   1.128,9999.000,9999.000,9999.000,9999.000,9999.000,9999.000,9999.000
202605121518,   0.487,   1.118,9999.000,9999.000,9999.000,9999.000,9999.000,9999.000,9999.000
202605121524,   0.463,   1.108,9999.000,9999.000,9999.000,9999.000,9999.000,9999.000,9999.000
202605121530,   0.441,   1.079,9999.000,9999.000,9999.000,9999.000,9999.000,9999.000,9999.000
202605121536,   0.419,   1.049,9999.000,9999.000,9999.000,9999.000,9999.000,9999.000,9999.000
202605121542,   0.399,   1.039,9999.000,9999.000,9999.000,9999.000,9999.000,9999.000,9999.000
202605121548,   0.380,   1.029,9999.000,9999.000,9999.000,9999.000,9999.000,9999.000,9999.000
202605121554,   0.362,   1.010,9999.000,9999.000,9999.000,9999.000,9999.000,9999.000,9999.000
202605121600,   0.346,   0.990,   0.400,   0.244,   0.990,   0.400,   0.990,   0.400,   0.990
202605121606,   0.331,   0.970,9999.000,9999.000,9999.000,9999.000,9999.000,9999.000,9999.000
202605121612,   0.318,   0.970,9999.000,9999.000,9999.000,9999.000,9999.000,9999.000,9999.000
202605121618,   0.306,   0.951,9999.000,9999.000,9999.000,9999.000,9999.000,9999.000,9999.000
202605121624,   0.295,   0.951,9999.000,9999.000,9999.000,9999.000,9999.000,9999.000,9999.000
202605121630,   0.286,   0.918,9999.000,9999.000,9999.000,9999.000,9999.000,9999.000,9999.000
202605121636,   0.279,   0.928,9999.000,9999.000,9999.000,9999.000,9999.000,9999.000,9999.000
202605121642,   0.273,   0.928,9999.000,9999.000,9999.000,9999.000,9999.000,9999.000,9999.000
202605121648,   0.269,   0.941,9999.000,9999.000,9999.000,9999.000,9999.000,9999.000,9999.000
202605121654,   0.266,   0.928,9999.000,9999.000,9999.000,9999.000,9999.000,9999.000,9999.000
202605121700,   0.265,   0.928,   0.400,   0.263,   0.928,   0.400,   0.928,   0.400,   0.928
202605121706,   0.265,   0.928,9999.000,9999.000,9999.000,9999.000,9999.000,9999.000,9999.000
202605121712,   0.267,   0.941,9999.000,9999.000,9999.000,9999.000,9999.000,9999.000,9999.000
202605121718,   0.270,   0.951,9999.000,9999.000,9999.000,9999.000,9999.000,9999.000,9999.000
202605121724,   0.275,   0.951,9999.000,9999.000,9999.000,9999.000,9999.000,9999.000,9999.000
202605121730,   0.281,   0.961,9999.000,9999.000,9999.000,9999.000,9999.000,9999.000,9999.000
202605121736,   0.288,   0.980,9999.000,9999.000,9999.000,9999.000,9999.000,9999.000,9999.000
202605121742,   0.297,   1.000,9999.000,9999.000,9999.000,9999.000,9999.000,9999.000,9999.000
202605121748,   0.307,   1.029,9999.000,9999.000,9999.000,9999.000,9999.000,9999.000,9999.000
202605121754,   0.319,   1.029,9999.000,9999.000,9999.000,9999.000,9999.000,9999.000,9999.000
202605121800,   0.331,   1.029,   0.600,   0.098,   1.029,   0.600,   1.029,   0.600,   1.029
202605121806,   0.345,   1.029,9999.000,9999.000,9999.000,9999.000,9999.000,9999.000,9999.000
202605121812,   0.360,   1.020,9999.000,9999.000,9999.000,9999.000,9999.000,9999.000,9999.000
202605121818,   0.376,   1.000,9999.000,9999.000,9999.000,9999.000,9999.000,9999.000,9999.000
202605121824,   0.392,   1.000,9999.000,9999.000,9999.000,9999.000,9999.000,9999.000,9999.000
202605121830,   0.410,   1.010,9999.000,9999.000,9999.000,9999.000,9999.000,9999.000,9999.000
202605121836,   0.428,   1.020,9999.000,9999.000,9999.000,9999.000,9999.000,9999.000,9999.000
202605121842,   0.448,   1.059,9999.000,9999.000,9999.000,9999.000,9999.000,9999.000,9999.000
202605121848,   0.467,   1.088,9999.000,9999.000,9999.000,9999.000,9999.000,9999.000,9999.000
202605121854,   0.488,   1.108,9999.000,9999.000,9999.000,9999.000,9999.000,9999.000,9999.000
202605121900,   0.509,   1.128,   0.600,   0.019,   1.128,   0.600,   1.128,   0.600,   1.128
202605121906,   0.530,   1.170,9999.000,9999.000,9999.000,9999.000,9999.000,9999.000,9999.000
202605121912,   0.552,   1.180,9999.000,9999.000,9999.000,9999.000,9999.000,9999.000,9999.000
202605121918,   0.575,   1.220,9999.000,9999.000,9999.000,9999.000,9999.000,9999.000,9999.000
202605121924,   0.597,   1.239,9999.000,9999.000,9999.000,9999.000,9999.000,9999.000,9999.000
202605121930,   0.620,   1.279,9999.000,9999.000,9999.000,9999.000,9999.000,9999.000,9999.000
202605121936,   0.643,   1.308,9999.000,9999.000,9999.000,9999.000,9999.000,9999.000,9999.000
202605121942,   0.667,   1.328,9999.000,9999.000,9999.000,9999.000,9999.000,9999.000,9999.000
202605121948,   0.690,   1.348,9999.000,9999.000,9999.000,9999.000,9999.000,9999.000,9999.000
202605121954,   0.714,   1.371,9999.000,9999.000,9999.000,9999.000,9999.000,9999.000,9999.000
202605122000,   0.737,   1.390,   0.600,   0.053,   1.390,   0.600,   1.390,   0.600,   1.390
202605122006,   0.761,   1.410,9999.000,9999.000,9999.000,9999.000,9999.000,9999.000,9999.000
202605122012,   0.784,   1.420,9999.000,9999.000,9999.000,9999.000,9999.000,9999.000,9999.000
202605122018,   0.808,   1.439,9999.000,9999.000,9999.000,9999.000,9999.000,9999.000,9999.000
202605122024,   0.831,   1.469,9999.000,9999.000,9999.000,9999.000,9999.000,9999.000,9999.000
202605122030,   0.855,   1.489,9999.000,9999.000,9999.000,9999.000,9999.000,9999.000,9999.000
202605122036,   0.878,   1.508,9999.000,9999.000,9999.000,9999.000,9999.000,9999.000,9999.000
202605122042,   0.901,   1.538,9999.000,9999.000,9999.000,9999.000,9999.000,9999.000,9999.000
202605122048,   0.924,   1.571,9999.000,9999.000,9999.000,9999.000,9999.000,9999.000,9999.000
202605122054,   0.946,   1.590,9999.000,9999.000,9999.000,9999.000,9999.000,9999.000,9999.000
202605122100,   0.968,   1.600,   0.600,   0.032,   1.600,   0.600,   1.600,   0.600,   1.600
202605122106,   0.990,   1.620,9999.000,9999.000,9999.000,9999.000,9999.000,9999.000,9999.000
202605122112,   1.012,   1.639,9999.000,9999.000,9999.000,9999.000,9999.000,9999.000,9999.000
202605122118,   1.033,   1.639,9999.000,9999.000,9999.000,9999.000,9999.000,9999.000,9999.000
202605122124,   1.054,   1.649,9999.000,9999.000,9999.000,9999.000,9999.000,9999.000,9999.000
202605122130,   1.075,   1.669,9999.000,9999.000,9999.000,9999.000,9999.000,9999.000,9999.000
202605122136,   1.095,   1.679,9999.000,9999.000,9999.000,9999.000,9999.000,9999.000,9999.000
202605122142,   1.114,   1.708,9999.000,9999.000,9999.000,9999.000,9999.000,9999.000,9999.000
202605122148,   1.133,   1.738,9999.000,9999.000,9999.000,9999.000,9999.000,9999.000,9999.000
202605122154,   1.152,   1.767,9999.000,9999.000,9999.000,9999.000,9999.000,9999.000,9999.000
202605122200,   1.170,   1.800,   0.600,   0.030,   1.800,   0.600,   1.800,   0.600,   1.800
202605122206,   1.187,   1.810,9999.000,9999.000,9999.000,9999.000,9999.000,9999.000,9999.000
202605122212,   1.203,   1.849,9999.000,9999.000,9999.000,9999.000,9999.000,9999.000,9999.000
202605122218,   1.218,   1.859,9999.000,9999.000,9999.000,9999.000,9999.000,9999.000,9999.000
202605122224,   1.233,   1.879,9999.000,9999.000,9999.000,9999.000,9999.000,9999.000,9999.000
202605122230,   1.247,   1.899,9999.000,9999.000,9999.000,9999.000,9999.000,9999.000,9999.000
202605122236,   1.260,   1.908,9999.000,9999.000,9999.000,9999.000,9999.000,9999.000,9999.000
202605122242,   1.272,   1.908,9999.000,9999.000,9999.000,9999.000,9999.000,9999.000,9999.000
202605122248,   1.282,   1.899,9999.000,9999.000,9999.000,9999.000,9999.000,9999.000,9999.000
202605122254,   1.292,   1.899,9999.000,9999.000,9999.000,9999.000,9999.000,9999.000,9999.000
202605122300,   1.301,   1.908,   0.600,   0.007,   1.908,   0.600,   1.908,   0.700,   2.008
202605122306,   1.308,   1.908,9999.000,9999.000,9999.000,9999.000,9999.000,9999.000,9999.000
202605122312,   1.314,   1.928,9999.000,9999.000,9999.000,9999.000,9999.000,9999.000,9999.000
202605122318,   1.319,   1.938,9999.000,9999.000,9999.000,9999.000,9999.000,9999.000,9999.000
202605122324,   1.322,   1.918,9999.000,9999.000,9999.000,9999.000,9999.000,9999.000,9999.000
202605122330,   1.325,   1.918,9999.000,9999.000,9999.000,9999.000,9999.000,9999.000,9999.000
202605122336,   1.325,   1.918,9999.000,9999.000,9999.000,9999.000,9999.000,9999.000,9999.000
202605122342,   1.325,   1.928,9999.000,9999.000,9999.000,9999.000,9999.000,9999.000,9999.000
202605122348,   1.323,   1.938,9999.000,9999.000,9999.000,9999.000,9999.000,9999.000,9999.000
202605122354,   1.319,   1.948,9999.000,9999.000,9999.000,9999.000,9999.000,9999.000,9999.000
202605130000,   1.314,   1.928,   0.700,  -0.086,   1.928,   0.700,   1.928,   0.700,   1.928
202605130006,   1.308,   1.928,9999.000,9999.000,9999.000,9999.000,9999.000,9999.000,9999.000
202605130012,   1.300,   1.928,9999.000,9999.000,9999.000,9999.000,9999.000,9999.000,9999.000
202605130018,   1.290,   1.928,9999.000,9999.000,9999.000,9999.000,9999.000,9999.000,9999.000
202605130024,   1.280,   1.928,9999.000,9999.000,9999.000,9999.000,9999.000,9999.000,9999.000
202605130030,   1.268,   1.918,9999.000,9999.000,9999.000,9999.000,9999.000,9999.000,9999.000
202605130036,   1.254,   1.899,9999.000,9999.000,9999.000,9999.000,9999.000,9999.000,9999.000
202605130042,   1.239,   1.869,9999.000,9999.000,9999.000,9999.000,9999.000,9999.000,9999.000
202605130048,   1.223,   1.820,9999.000,9999.000,9999.000,9999.000,9999.000,9999.000,9999.000
202605130054,   1.205,   1.790,9999.000,9999.000,9999.000,9999.000,9999.000,9999.000,9999.000
202605130100,   1.187,   1.758,   0.700,  -0.129,   1.758,   0.700,   1.758,   0.700,   1.758
202605130106,   1.167,   1.728,9999.000,9999.000,9999.000,9999.000,9999.000,9999.000,9999.000
202605130112,   1.146,   1.679,9999.000,9999.000,9999.000,9999.000,9999.000,9999.000,9999.000
202605130118,   1.124,   1.649,9999.000,9999.000,9999.000,9999.000,9999.000,9999.000,9999.000
202605130124,   1.101,   1.630,9999.000,9999.000,9999.000,9999.000,9999.000,9999.000,9999.000
202605130130,   1.078,   1.610,9999.000,9999.000,9999.000,9999.000,9999.000,9999.000,9999.000
202605130136,   1.053,   1.590,9999.000,9999.000,9999.000,9999.000,9999.000,9999.000,9999.000
202605130142,   1.028,   1.571,9999.000,9999.000,9999.000,9999.000,9999.000,9999.000,9999.000
202605130148,   1.002,   1.548,9999.000,9999.000,9999.000,9999.000,9999.000,9999.000,9999.000
202605130154,   0.976,   1.518,9999.000,9999.000,9999.000,9999.000,9999.000,9999.000,9999.000
202605130200,   0.949,   1.508,   0.700,  -0.141,   1.508,   0.700,   1.508,   0.700,   1.508
202605130206,   0.921,   1.469,9999.000,9999.000,9999.000,9999.000,9999.000,9999.000,9999.000
202605130212,   0.894,   1.449,9999.000,9999.000,9999.000,9999.000,9999.000,9999.000,9999.000
202605130218,   0.866,   1.420,9999.000,9999.000,9999.000,9999.000,9999.000,9999.000,9999.000
202605130224,   0.839,   1.390,9999.000,9999.000,9999.000,9999.000,9999.000,9999.000,9999.000
202605130230,   0.811,   1.338,9999.000,9999.000,9999.000,9999.000,9999.000,9999.000,9999.000
202605130236,   0.783,   1.308,9999.000,9999.000,9999.000,9999.000,9999.000,9999.000,9999.000
202605130242,   0.756,   1.259,9999.000,9999.000,9999.000,9999.000,9999.000,9999.000,9999.000
202605130248,   0.729,   1.269,9999.000,9999.000,9999.000,9999.000,9999.000,9999.000,9999.000
202605130254,   0.702,   1.239,9999.000,9999.000,9999.000,9999.000,9999.000,9999.000,9999.000
202605130300,   0.676,   1.200,   0.700,  -0.176,   1.200,   0.700,   1.200,   0.700,   1.200
202605130306,   0.650,   1.200,9999.000,9999.000,9999.000,9999.000,9999.000,9999.000,9999.000
202605130312,   0.625,   1.161,9999.000,9999.000,9999.000,9999.000,9999.000,9999.000,9999.000
202605130318,   0.601,   1.128,9999.000,9999.000,9999.000,9999.000,9999.000,9999.000,9999.000
202605130324,   0.578,   1.118,9999.000,9999.000,9999.000,9999.000,9999.000,9999.000,9999.000
202605130330,   0.555,   1.098,9999.000,9999.000,9999.000,9999.000,9999.000,9999.000,9999.000
202605130336,   0.534,   1.059,9999.000,9999.000,9999.000,9999.000,9999.000,9999.000,9999.000
202605130342,   0.514,   1.049,9999.000,9999.000,9999.000,9999.000,9999.000,9999.000,9999.000
202605130348,   0.494,   1.039,9999.000,9999.000,9999.000,9999.000,9999.000,9999.000,9999.000
202605130354,   0.476,   1.010,9999.000,9999.000,9999.000,9999.000,9999.000,9999.000,9999.000
202605130400,   0.460,   0.970,   0.700,  -0.190,   0.970,   0.700,   0.970,   0.700,   0.970
202605130406,   0.444,   0.928,9999.000,9999.000,9999.000,9999.000,9999.000,9999.000,9999.000
202605130412,   0.430,   0.951,9999.000,9999.000,9999.000,9999.000,9999.000,9999.000,9999.000
202605130418,   0.418,   0.951,9999.000,9999.000,9999.000,9999.000,9999.000,9999.000,9999.000
202605130424,   0.407,   0.928,9999.000,9999.000,9999.000,9999.000,9999.000,9999.000,9999.000
202605130430,   0.397,   0.908,9999.000,9999.000,9999.000,9999.000,9999.000,9999.000,9999.000
202605130436,   0.390,   0.918,9999.000,9999.000,9999.000,9999.000,9999.000,9999.000,9999.000
202605130442,   0.383,   0.908,9999.000,9999.000,9999.000,9999.000,9999.000,9999.000,9999.000
202605130448,   0.379,   0.898,9999.000,9999.000,9999.000,9999.000,9999.000,9999.000,9999.000
202605130454,   0.376,   0.908,9999.000,9999.000,9999.000,9999.000,9999.000,9999.000,9999.000
202605130500,   0.374,   0.888,   0.700,  -0.186,   0.888,   0.700,   0.888,   0.700,   0.888
202605130506,   0.374,   0.869,9999.000,9999.000,9999.000,9999.000,9999.000,9999.000,9999.000
202605130512,   0.376,   0.859,9999.000,9999.000,9999.000,9999.000,9999.000,9999.000,9999.000
202605130518,   0.380,   0.849,9999.000,9999.000,9999.000,9999.000,9999.000,9999.000,9999.000
202605130524,   0.385,   0.869,9999.000,9999.000,9999.000,9999.000,9999.000,9999.000,9999.000
202605130530,   0.392,   0.888,9999.000,9999.000,9999.000,9999.000,9999.000,9999.000,9999.000
202605130536,   0.400,   0.908,9999.000,9999.000,9999.000,9999.000,9999.000,9999.000,9999.000
202605130542,   0.410,   0.928,9999.000,9999.000,9999.000,9999.000,9999.000,9999.000,9999.000
202605130548,   0.421,   0.951,9999.000,9999.000,9999.000,9999.000,9999.000,9999.000,9999.000
202605130554,   0.434,   0.951,9999.000,9999.000,9999.000,9999.000,9999.000,9999.000,9999.000
202605130600,   0.448,   0.970,   0.700,  -0.178,   0.970,   0.700,   0.970,   0.700,   0.970
202605130606,   0.464,   0.970,9999.000,9999.000,9999.000,9999.000,9999.000,9999.000,9999.000
202605130612,   0.480,   0.970,9999.000,9999.000,9999.000,9999.000,9999.000,9999.000,9999.000
202605130618,   0.498,   0.980,9999.000,9999.000,9999.000,9999.000,9999.000,9999.000,9999.000
202605130624,   0.518,   1.000,9999.000,9999.000,9999.000,9999.000,9999.000,9999.000,9999.000
202605130630,   0.538,   1.039,9999.000,9999.000,9999.000,9999.000,9999.000,9999.000,9999.000
202605130636,   0.559,   1.049,9999.000,9999.000,9999.000,9999.000,9999.000,9999.000,9999.000
202605130642,   0.582,   1.059,9999.000,9999.000,9999.000,9999.000,9999.000,9999.000,9999.000
202605130648,   0.605,   1.079,9999.000,9999.000,9999.000,9999.000,9999.000,9999.000,9999.000
202605130654,   0.629,   1.118,9999.000,9999.000,9999.000,9999.000,9999.000,9999.000,9999.000
202605130700,   0.653,   1.161,   0.700,  -0.192,   1.161,   0.700,   1.161,   0.700,   1.161
202605130706,   0.678,   1.190,9999.000,9999.000,9999.000,9999.000,9999.000,9999.000,9999.000
202605130712,   0.704,   1.220,9999.000,9999.000,9999.000,9999.000,9999.000,9999.000,9999.000
202605130718,   0.731,   1.239,9999.000,9999.000,9999.000,9999.000,9999.000,9999.000,9999.000
202605130724,   0.757,   1.269,9999.000,9999.000,9999.000,9999.000,9999.000,9999.000,9999.000
202605130730,   0.785,   1.269,9999.000,9999.000,9999.000,9999.000,9999.000,9999.000,9999.000
202605130736,   0.812,   1.298,9999.000,9999.000,9999.000,9999.000,9999.000,9999.000,9999.000
202605130742,   0.840,   1.318,9999.000,9999.000,9999.000,9999.000,9999.000,9999.000,9999.000
202605130748,   0.867,   1.361,9999.000,9999.000,9999.000,9999.000,9999.000,9999.000,9999.000
202605130754,   0.895,   1.380,9999.000,9999.000,9999.000,9999.000,9999.000,9999.000,9999.000
202605130800,   0.923,   1.400,   0.700,  -0.223,   1.400,   0.700,   1.400,   0.700,   1.400
202605130806,   0.951,   1.420,9999.000,9999.000,9999.000,9999.000,9999.000,9999.000,9999.000
202605130812,   0.979,   1.439,9999.000,9999.000,9999.000,9999.000,9999.000,9999.000,9999.000
202605130818,   1.006,   1.459,9999.000,9999.000,9999.000,9999.000,9999.000,9999.000,9999.000
202605130824,   1.034,   1.498,9999.000,9999.000,9999.000,9999.000,9999.000,9999.000,9999.000
202605130830,   1.061,   1.528,9999.000,9999.000,9999.000,9999.000,9999.000,9999.000,9999.000
202605130836,   1.088,   1.538,9999.000,9999.000,9999.000,9999.000,9999.000,9999.000,9999.000
202605130842,   1.115,   1.571,9999.000,9999.000,9999.000,9999.000,9999.000,9999.000,9999.000
202605130848,   1.141,   1.590,9999.000,9999.000,9999.000,9999.000,9999.000,9999.000,9999.000
202605130854,   1.167,   1.610,9999.000,9999.000,9999.000,9999.000,9999.000,9999.000,9999.000
202605130900,   1.193,   1.639,   0.700,  -0.254,   1.639,   0.700,   1.639,   0.700,   1.639
202605130906,   1.218,   1.659,9999.000,9999.000,9999.000,9999.000,9999.000,9999.000,9999.000
202605130912,   1.243,   1.679,9999.000,9999.000,9999.000,9999.000,9999.000,9999.000,9999.000
202605130918,   1.268,   1.708,9999.000,9999.000,9999.000,9999.000,9999.000,9999.000,9999.000
202605130924,   1.291,   1.738,9999.000,9999.000,9999.000,9999.000,9999.000,9999.000,9999.000
202605130930,   1.315,   1.781,9999.000,9999.000,9999.000,9999.000,9999.000,9999.000,9999.000
202605130936,   1.337,   1.810,9999.000,9999.000,9999.000,9999.000,9999.000,9999.000,9999.000
202605130942,   1.359,   1.840,9999.000,9999.000,9999.000,9999.000,9999.000,9999.000,9999.000
202605130948,   1.381,   1.889,9999.000,9999.000,9999.000,9999.000,9999.000,9999.000,9999.000
202605130954,   1.401,   1.918,9999.000,9999.000,9999.000,9999.000,9999.000,9999.000,9999.000
202605131000,   1.421,   1.948,   0.700,  -0.173,   1.948,   0.700,   1.948,   0.700,   1.948
202605131006,   1.440,   1.958,9999.000,9999.000,9999.000,9999.000,9999.000,9999.000,9999.000
202605131012,   1.459,   1.990,9999.000,9999.000,9999.000,9999.000,9999.000,9999.000,9999.000
202605131018,   1.476,   1.990,9999.000,9999.000,9999.000,9999.000,9999.000,9999.000,9999.000
202605131024,   1.492,   2.010,9999.000,9999.000,9999.000,9999.000,9999.000,9999.000,9999.000
202605131030,   1.508,   2.020,9999.000,9999.000,9999.000,9999.000,9999.000,9999.000,9999.000
202605131036,   1.522,   2.030,9999.000,9999.000,9999.000,9999.000,9999.000,9999.000,9999.000
202605131042,   1.536,   2.040,9999.000,9999.000,9999.000,9999.000,9999.000,9999.000,9999.000
202605131048,   1.548,   2.059,9999.000,9999.000,9999.000,9999.000,9999.000,9999.000,9999.000
202605131054,   1.559,   2.079,9999.000,9999.000,9999.000,9999.000,9999.000,9999.000,9999.000
202605131100,   1.569,   2.109,   0.700,  -0.160,   2.109,   0.700,   2.109,   0.700,   2.109
202605131106,   1.578,   2.118,9999.000,9999.000,9999.000,9999.000,9999.000,9999.000,9999.000
202605131112,   1.585,   2.118,9999.000,9999.000,9999.000,9999.000,9999.000,9999.000,9999.000
202605131118,   1.591,   2.118,9999.000,9999.000,9999.000,9999.000,9999.000,9999.000,9999.000
202605131124,   1.595,   2.118,9999.000,9999.000,9999.000,9999.000,9999.000,9999.000,9999.000
202605131130,   1.598,   2.118,9999.000,9999.000,9999.000,9999.000,9999.000,9999.000,9999.000
202605131136,   1.599,   2.109,9999.000,9999.000,9999.000,9999.000,9999.000,9999.000,9999.000
202605131142,   1.598,   2.099,9999.000,9999.000,9999.000,9999.000,9999.000,9999.000,9999.000
202605131148,   1.596,   2.099,9999.000,9999.000,9999.000,9999.000,9999.000,9999.000,9999.000
202605131154,   1.593,   2.109,9999.000,9999.000,9999.000,9999.000,9999.000,9999.000,9999.000
202605131200,   1.587,   2.089,   0.600,  -0.098,   2.089,   0.600,   2.089,   0.600,   2.089
202605131206,   1.580,   2.079,9999.000,9999.000,9999.000,9999.000,9999.000,9999.000,9999.000
202605131212,   1.571,   2.079,9999.000,9999.000,9999.000,9999.000,9999.000,9999.000,9999.000
202605131218,   1.561,   2.079,9999.000,9999.000,9999.000,9999.000,9999.000,9999.000,9999.000
202605131224,   1.548,   2.059,9999.000,9999.000,9999.000,9999.000,9999.000,9999.000,9999.000
202605131230,   1.534,   2.040,9999.000,9999.000,9999.000,9999.000,9999.000,9999.000,9999.000
202605131236,   1.518,   2.020,9999.000,9999.000,9999.000,9999.000,9999.000,9999.000,9999.000
202605131242,   1.500,   2.000,9999.000,9999.000,9999.000,9999.000,9999.000,9999.000,9999.000
202605131248,   1.481,   2.000,9999.000,9999.000,9999.000,9999.000,9999.000,9999.000,9999.000
202605131254,   1.459,   1.990,9999.000,9999.000,9999.000,9999.000,9999.000,9999.000,9999.000
202605131300,   1.436,   1.967,   0.600,  -0.069,   1.967,   0.600,   1.967,   0.600,   1.967
202605131306,   1.412,   1.928,9999.000,9999.000,9999.000,9999.000,9999.000,9999.000,9999.000
202605131312,   1.385,   1.899,9999.000,9999.000,9999.000,9999.000,9999.000,9999.000,9999.000
202605131318,   1.358,   1.849,9999.000,9999.000,9999.000,9999.000,9999.000,9999.000,9999.000
202605131324,   1.328,   1.820,9999.000,9999.000,9999.000,9999.000,9999.000,9999.000,9999.000
202605131330,   1.298,   1.758,9999.000,9999.000,9999.000,9999.000,9999.000,9999.000,9999.000
202605131336,   1.266,   1.718,9999.000,9999.000,9999.000,9999.000,9999.000,9999.000,9999.000
202605131342,   1.232,   1.689,9999.000,9999.000,9999.000,9999.000,9999.000,9999.000,9999.000
202605131348,   1.198,   1.659,9999.000,9999.000,9999.000,9999.000,9999.000,9999.000,9999.000
202605131354,   1.162,   1.620,9999.000,9999.000,9999.000,9999.000,9999.000,9999.000,9999.000
202605131400,   1.125,   1.580,   0.600,  -0.145,   1.580,   0.600,   1.580,   0.700,   1.680
202605131406,   1.088,   1.528,9999.000,9999.000,9999.000,9999.000,9999.000,9999.000,9999.000
202605131412,   1.049,   1.489,9999.000,9999.000,9999.000,9999.000,9999.000,9999.000,9999.000
202605131418,   1.010,   1.459,9999.000,9999.000,9999.000,9999.000,9999.000,9999.000,9999.000
202605131424,   0.970,   1.430,9999.000,9999.000,9999.000,9999.000,9999.000,9999.000,9999.000
202605131430,   0.930,   1.400,9999.000,9999.000,9999.000,9999.000,9999.000,9999.000,9999.000
202605131436,   0.890,   1.348,9999.000,9999.000,9999.000,9999.000,9999.000,9999.000,9999.000
202605131442,   0.848,   1.298,9999.000,9999.000,9999.000,9999.000,9999.000,9999.000,9999.000
202605131448,   0.807,   1.259,9999.000,9999.000,9999.000,9999.000,9999.000,9999.000,9999.000
202605131454,   0.766,   1.229,9999.000,9999.000,9999.000,9999.000,9999.000,9999.000,9999.000
202605131500,   0.725,   1.180,   0.600,  -0.145,   1.180,   0.600,   1.180,   0.700,   1.280
202605131506,   0.684,   1.161,9999.000,9999.000,9999.000,9999.000,9999.000,9999.000,9999.000
202605131512,   0.643,   1.098,9999.000,9999.000,9999.000,9999.000,9999.000,9999.000,9999.000
202605131518,   0.602,   1.059,9999.000,9999.000,9999.000,9999.000,9999.000,9999.000,9999.000
202605131524,   0.563,   1.029,9999.000,9999.000,9999.000,9999.000,9999.000,9999.000,9999.000
202605131530,   0.523,   0.990,9999.000,9999.000,9999.000,9999.000,9999.000,9999.000,9999.000
202605131536,   0.485,   0.951,9999.000,9999.000,9999.000,9999.000,9999.000,9999.000,9999.000
202605131542,   0.447,   0.928,9999.000,9999.000,9999.000,9999.000,9999.000,9999.000,9999.000
202605131548,   0.410,   0.908,9999.000,9999.000,9999.000,9999.000,9999.000,9999.000,9999.000
202605131554,   0.374,   0.849,9999.000,9999.000,9999.000,9999.000,9999.000,9999.000,9999.000
202605131600,   0.340,   0.810,   0.600,  -0.130,   0.810,   0.600,   0.810,   0.700,   0.910
202605131606,   0.306,   0.810,9999.000,9999.000,9999.000,9999.000,9999.000,9999.000,9999.000
202605131612,   0.274,   0.780,9999.000,9999.000,9999.000,9999.000,9999.000,9999.000,9999.000
202605131618,   0.243,   0.731,9999.000,9999.000,9999.000,9999.000,9999.000,9999.000,9999.000
202605131624,   0.214,   0.708,9999.000,9999.000,9999.000,9999.000,9999.000,9999.000,9999.000
202605131630,   0.186,   0.669,9999.000,9999.000,9999.000,9999.000,9999.000,9999.000,9999.000
202605131636,   0.160,   0.639,9999.000,9999.000,9999.000,9999.000,9999.000,9999.000,9999.000
202605131642,   0.135,   0.610,9999.000,9999.000,9999.000,9999.000,9999.000,9999.000,9999.000
202605131648,   0.112,   0.600,9999.000,9999.000,9999.000,9999.000,9999.000,9999.000,9999.000
202605131654,   0.091,   0.590,9999.000,9999.000,9999.000,9999.000,9999.000,9999.000,9999.000
202605131700,   0.072,   0.570,   0.600,  -0.102,   0.570,   0.600,   0.570,   0.700,   0.670
202605131706,   0.055,   0.570,9999.000,9999.000,9999.000,9999.000,9999.000,9999.000,9999.000
202605131712,   0.040,   0.560,9999.000,9999.000,9999.000,9999.000,9999.000,9999.000,9999.000
202605131718,   0.026,   0.531,9999.000,9999.000,9999.000,9999.000,9999.000,9999.000,9999.000
202605131724,   0.015,   0.518,9999.000,9999.000,9999.000,9999.000,9999.000,9999.000,9999.000
202605131730,   0.005,   0.531,9999.000,9999.000,9999.000,9999.000,9999.000,9999.000,9999.000
202605131736,  -0.002,   0.498,9999.000,9999.000,9999.000,9999.000,9999.000,9999.000,9999.000
202605131742,  -0.007,   0.498,9999.000,9999.000,9999.000,9999.000,9999.000,9999.000,9999.000
202605131748,  -0.011,   0.488,9999.000,9999.000,9999.000,9999.000,9999.000,9999.000,9999.000
202605131754,  -0.013,   0.469,9999.000,9999.000,9999.000,9999.000,9999.000,9999.000,9999.000
202605131800,  -0.013,   0.478,   0.600,  -0.109,   0.478,   0.600,   0.478,   0.600,   0.478
202605131806,  -0.011,   0.459,9999.000,9999.000,9999.000,9999.000,9999.000,9999.000,9999.000
202605131812,  -0.007,   0.469,9999.000,9999.000,9999.000,9999.000,9999.000,9999.000,9999.000
202605131818,  -0.001,   0.449,9999.000,9999.000,9999.000,9999.000,9999.000,9999.000,9999.000
202605131824,   0.005,   0.469,9999.000,9999.000,9999.000,9999.000,9999.000,9999.000,9999.000
202605131830,   0.014,   0.478,9999.000,9999.000,9999.000,9999.000,9999.000,9999.000,9999.000
202605131836,   0.025,   0.508,9999.000,9999.000,9999.000,9999.000,9999.000,9999.000,9999.000
202605131842,   0.037,   0.508,9999.000,9999.000,9999.000,9999.000,9999.000,9999.000,9999.000
202605131848,   0.051,   0.518,9999.000,9999.000,9999.000,9999.000,9999.000,9999.000,9999.000
202605131854,   0.066,   0.541,9999.000,9999.000,9999.000,9999.000,9999.000,9999.000,9999.000
202605131900,   0.082,   0.560,   0.600,  -0.122,   0.560,   0.600,   0.560,   0.600,   0.560
202605131906,   0.100,   0.560,9999.000,9999.000,9999.000,9999.000,9999.000,9999.000,9999.000
202605131912,   0.119,   0.570,9999.000,9999.000,9999.000,9999.000,9999.000,9999.000,9999.000
202605131918,   0.139,   0.610,9999.000,9999.000,9999.000,9999.000,9999.000,9999.000,9999.000
202605131924,   0.161,   0.610,9999.000,9999.000,9999.000,9999.000,9999.000,9999.000,9999.000
202605131930,   0.183,   0.629,9999.000,9999.000,9999.000,9999.000,9999.000,9999.000,9999.000
202605131936,   0.206,   0.669,9999.000,9999.000,9999.000,9999.000,9999.000,9999.000,9999.000
202605131942,   0.230,   0.688,9999.000,9999.000,9999.000,9999.000,9999.000,9999.000,9999.000
202605131948,   0.254,   0.741,9999.000,9999.000,9999.000,9999.000,9999.000,9999.000,9999.000
202605131954,   0.279,   0.800,9999.000,9999.000,9999.000,9999.000,9999.000,9999.000,9999.000
202605132000,   0.305,   0.839,   0.600,  -0.066,   0.839,   0.600,   0.839,   0.600,   0.839
202605132006,   0.332,   0.869,9999.000,9999.000,9999.000,9999.000,9999.000,9999.000,9999.000
202605132012,   0.358,   0.879,9999.000,9999.000,9999.000,9999.000,9999.000,9999.000,9999.000
202605132018,   0.386,   0.908,9999.000,9999.000,9999.000,9999.000,9999.000,9999.000,9999.000
202605132024,   0.413,   0.918,9999.000,9999.000,9999.000,9999.000,9999.000,9999.000,9999.000
202605132030,   0.441,   0.928,9999.000,9999.000,9999.000,9999.000,9999.000,9999.000,9999.000
202605132036,   0.469,   0.951,9999.000,9999.000,9999.000,9999.000,9999.000,9999.000,9999.000
202605132042,   0.497,   0.980,9999.000,9999.000,9999.000,9999.000,9999.000,9999.000,9999.000
202605132048,   0.526,   1.020,9999.000,9999.000,9999.000,9999.000,9999.000,9999.000,9999.000
202605132054,   0.554,   1.049,9999.000,9999.000,9999.000,9999.000,9999.000,9999.000,9999.000
202605132100,   0.582,   1.079,   0.700,  -0.203,   1.079,   0.600,   0.979,   0.700,   1.079
202605132106,   0.611,   1.088,9999.000,9999.000,9999.000,9999.000,9999.000,9999.000,9999.000
202605132112,   0.639,   1.151,9999.000,9999.000,9999.000,9999.000,9999.000,9999.000,9999.000
202605132118,   0.668,   1.161,9999.000,9999.000,9999.000,9999.000,9999.000,9999.000,9999.000
202605132124,   0.696,   1.200,9999.000,9999.000,9999.000,9999.000,9999.000,9999.000,9999.000
202605132130,   0.724,   1.239,9999.000,9999.000,9999.000,9999.000,9999.000,9999.000,9999.000
202605132136,   0.752,   1.269,9999.000,9999.000,9999.000,9999.000,9999.000,9999.000,9999.000
202605132142,   0.780,   1.289,9999.000,9999.000,9999.000,9999.000,9999.000,9999.000,9999.000
202605132148,   0.807,   1.289,9999.000,9999.000,9999.000,9999.000,9999.000,9999.000,9999.000
202605132154,   0.834,   1.318,9999.000,9999.000,9999.000,9999.000,9999.000,9999.000,9999.000
202605132200,   0.861,   1.361,   0.700,  -0.200,   1.361,   0.600,   1.261,   0.700,   1.361
202605132206,   0.888,   1.390,9999.000,9999.000,9999.000,9999.000,9999.000,9999.000,9999.000
202605132212,   0.914,   1.439,9999.000,9999.000,9999.000,9999.000,9999.000,9999.000,9999.000
202605132218,   0.940,   1.469,9999.000,9999.000,9999.000,9999.000,9999.000,9999.000,9999.000
202605132224,   0.965,   1.489,9999.000,9999.000,9999.000,9999.000,9999.000,9999.000,9999.000
202605132230,   0.990,   1.508,9999.000,9999.000,9999.000,9999.000,9999.000,9999.000,9999.000
202605132236,   1.014,   1.528,9999.000,9999.000,9999.000,9999.000,9999.000,9999.000,9999.000
202605132242,   1.038,   1.571,9999.000,9999.000,9999.000,9999.000,9999.000,9999.000,9999.000
202605132248,   1.061,   1.580,9999.000,9999.000,9999.000,9999.000,9999.000,9999.000,9999.000
202605132254,   1.083,   1.600,9999.000,9999.000,9999.000,9999.000,9999.000,9999.000,9999.000
202605132300,   1.105,   1.620,   0.700,  -0.185,   1.620,   0.700,   1.620,   0.700,   1.620
202605132306,   1.125,   1.649,9999.000,9999.000,9999.000,9999.000,9999.000,9999.000,9999.000
202605132312,   1.145,   1.649,9999.000,9999.000,9999.000,9999.000,9999.000,9999.000,9999.000
202605132318,   1.164,   1.679,9999.000,9999.000,9999.000,9999.000,9999.000,9999.000,9999.000
202605132324,   1.182,   1.669,9999.000,9999.000,9999.000,9999.000,9999.000,9999.000,9999.000
202605132330,   1.199,   1.699,9999.000,9999.000,9999.000,9999.000,9999.000,9999.000,9999.000
202605132336,   1.215,   1.699,9999.000,9999.000,9999.000,9999.000,9999.000,9999.000,9999.000
202605132342,   1.229,   1.718,9999.000,9999.000,9999.000,9999.000,9999.000,9999.000,9999.000
202605132348,   1.243,   1.728,9999.000,9999.000,9999.000,9999.000,9999.000,9999.000,9999.000
202605132354,   1.255,   1.728,9999.000,9999.000,9999.000,9999.000,9999.000,9999.000,9999.000
202605140000,   1.266,   1.748,   0.600,  -0.118,   1.748,   0.600,   1.748,   0.700,   1.848
202605140006,   1.275,   1.767,9999.000,9999.000,9999.000,9999.000,9999.000,9999.000,9999.000
202605140012,   1.283,   1.781,9999.000,9999.000,9999.000,9999.000,9999.000,9999.000,9999.000
202605140018,   1.289,   1.790,9999.000,9999.000,9999.000,9999.000,9999.000,9999.000,9999.000
202605140024,   1.294,   1.790,9999.000,9999.000,9999.000,9999.000,9999.000,9999.000,9999.000
202605140030,   1.298,   1.800,9999.000,9999.000,9999.000,9999.000,9999.000,9999.000,9999.000
202605140036,   1.300,   1.810,9999.000,9999.000,9999.000,9999.000,9999.000,9999.000,9999.000
202605140042,   1.300,   1.820,9999.000,9999.000,9999.000,9999.000,9999.000,9999.000,9999.000
202605140048,   1.298,   1.820,9999.000,9999.000,9999.000,9999.000,9999.000,9999.000,9999.000
202605140054,   1.295,   1.830,9999.000,9999.000,9999.000,9999.000,9999.000,9999.000,9999.000
202605140100,   1.291,   1.800,   0.600,  -0.091,   1.800,   0.600,   1.800,   0.700,   1.900
202605140106,   1.285,   1.767,9999.000,9999.000,9999.000,9999.000,9999.000,9999.000,9999.000
202605140112,   1.277,   1.767,9999.000,9999.000,9999.000,9999.000,9999.000,9999.000,9999.000
202605140118,   1.267,   1.767,9999.000,9999.000,9999.000,9999.000,9999.000,9999.000,9999.000
202605140124,   1.256,   1.748,9999.000,9999.000,9999.000,9999.000,9999.000,9999.000,9999.000
202605140130,   1.243,   1.748,9999.000,9999.000,9999.000,9999.000,9999.000,9999.000,9999.000
202605140136,   1.229,   1.718,9999.000,9999.000,9999.000,9999.000,9999.000,9999.000,9999.000
202605140142,   1.214,   1.699,9999.000,9999.000,9999.000,9999.000,9999.000,9999.000,9999.000
202605140148,   1.197,   1.679,9999.000,9999.000,9999.000,9999.000,9999.000,9999.000,9999.000
202605140154,   1.178,   1.659,9999.000,9999.000,9999.000,9999.000,9999.000,9999.000,9999.000
202605140200,   1.159,   1.639,   0.700,  -0.220,   1.639,   0.600,   1.539,   0.700,   1.639
202605140206,   1.138,   1.600,9999.000,9999.000,9999.000,9999.000,9999.000,9999.000,9999.000
202605140212,   1.116,   1.580,9999.000,9999.000,9999.000,9999.000,9999.000,9999.000,9999.000
202605140218,   1.093,   1.557,9999.000,9999.000,9999.000,9999.000,9999.000,9999.000,9999.000
202605140224,   1.069,   1.548,9999.000,9999.000,9999.000,9999.000,9999.000,9999.000,9999.000
202605140230,   1.044,   1.518,9999.000,9999.000,9999.000,9999.000,9999.000,9999.000,9999.000
202605140236,   1.019,   1.498,9999.000,9999.000,9999.000,9999.000,9999.000,9999.000,9999.000
202605140242,   0.992,   1.479,9999.000,9999.000,9999.000,9999.000,9999.000,9999.000,9999.000
202605140248,   0.965,   1.469,9999.000,9999.000,9999.000,9999.000,9999.000,9999.000,9999.000
202605140254,   0.938,   1.439,9999.000,9999.000,9999.000,9999.000,9999.000,9999.000,9999.000
202605140300,   0.910,   1.410,   0.600,  -0.100,   1.410,   0.600,   1.410,   0.700,   1.510
202605140306,   0.882,   1.380,9999.000,9999.000,9999.000,9999.000,9999.000,9999.000,9999.000
202605140312,   0.854,   1.371,9999.000,9999.000,9999.000,9999.000,9999.000,9999.000,9999.000
202605140318,   0.826,   1.348,9999.000,9999.000,9999.000,9999.000,9999.000,9999.000,9999.000
202605140324,   0.798,   1.318,9999.000,9999.000,9999.000,9999.000,9999.000,9999.000,9999.000
202605140330,   0.770,   1.298,9999.000,9999.000,9999.000,9999.000,9999.000,9999.000,9999.000
202605140336,   0.742,   1.269,9999.000,9999.000,9999.000,9999.000,9999.000,9999.000,9999.000
202605140342,   0.715,   1.239,9999.000,9999.000,9999.000,9999.000,9999.000,9999.000,9999.000
202605140348,   0.689,   1.210,9999.000,9999.000,9999.000,9999.000,9999.000,9999.000,9999.000
202605140354,   0.663,   1.180,9999.000,9999.000,9999.000,9999.000,9999.000,9999.000,9999.000
202605140400,   0.637,   1.161,   0.600,  -0.076,   1.161,   0.600,   1.161,   0.700,   1.261
202605140406,   0.613,   1.118,9999.000,9999.000,9999.000,9999.000,9999.000,9999.000,9999.000
202605140412,   0.589,   1.098,9999.000,9999.000,9999.000,9999.000,9999.000,9999.000,9999.000
202605140418,   0.566,   1.088,9999.000,9999.000,9999.000,9999.000,9999.000,9999.000,9999.000
202605140424,   0.545,   1.059,9999.000,9999.000,9999.000,9999.000,9999.000,9999.000,9999.000
202605140430,   0.525,   1.049,9999.000,9999.000,9999.000,9999.000,9999.000,9999.000,9999.000
202605140436,   0.506,   1.059,9999.000,9999.000,9999.000,9999.000,9999.000,9999.000,9999.000
202605140442,   0.488,   1.049,9999.000,9999.000,9999.000,9999.000,9999.000,9999.000,9999.000
202605140448,   0.472,   1.020,9999.000,9999.000,9999.000,9999.000,9999.000,9999.000,9999.000
202605140454,   0.457,   1.020,9999.000,9999.000,9999.000,9999.000,9999.000,9999.000,9999.000
202605140500,   0.444,   1.000,   0.600,  -0.044,   1.000,   0.600,   1.000,   0.700,   1.100
202605140506,   0.433,   0.990,9999.000,9999.000,9999.000,9999.000,9999.000,9999.000,9999.000
202605140512,   0.423,   0.990,9999.000,9999.000,9999.000,9999.000,9999.000,9999.000,9999.000
202605140518,   0.415,   0.990,9999.000,9999.000,9999.000,9999.000,9999.000,9999.000,9999.000
202605140524,   0.409,   0.980,9999.000,9999.000,9999.000,9999.000,9999.000,9999.000,9999.000
202605140530,   0.404,   1.000,9999.000,9999.000,9999.000,9999.000,9999.000,9999.000,9999.000
202605140536,   0.402,   0.980,9999.000,9999.000,9999.000,9999.000,9999.000,9999.000,9999.000
202605140542,   0.401,   0.990,9999.000,9999.000,9999.000,9999.000,9999.000,9999.000,9999.000
202605140548,   0.402,   1.000,9999.000,9999.000,9999.000,9999.000,9999.000,9999.000,9999.000
202605140554,   0.405,   1.000,9999.000,9999.000,9999.000,9999.000,9999.000,9999.000,9999.000
202605140600,   0.410,   1.000,   0.600,  -0.010,   1.000,   0.600,   1.000,   0.600,   1.000
202605140606,   0.416,   1.010,9999.000,9999.000,9999.000,9999.000,9999.000,9999.000,9999.000
202605140612,   0.425,   1.010,9999.000,9999.000,9999.000,9999.000,9999.000,9999.000,9999.000
202605140618,   0.435,   1.010,9999.000,9999.000,9999.000,9999.000,9999.000,9999.000,9999.000
202605140624,   0.447,   1.010,9999.000,9999.000,9999.000,9999.000,9999.000,9999.000,9999.000
202605140630,   0.460,   1.010,9999.000,9999.000,9999.000,9999.000,9999.000,9999.000,9999.000
202605140636,   0.476,   1.029,9999.000,9999.000,9999.000,9999.000,9999.000,9999.000,9999.000
202605140642,   0.492,   1.049,9999.000,9999.000,9999.000,9999.000,9999.000,9999.000,9999.000
202605140648,   0.511,   1.069,9999.000,9999.000,9999.000,9999.000,9999.000,9999.000,9999.000
202605140654,   0.531,   1.088,9999.000,9999.000,9999.000,9999.000,9999.000,9999.000,9999.000
202605140700,   0.552,   1.118,   0.600,  -0.034,   1.118,   0.600,   1.118,   0.600,   1.118
202605140706,   0.575,   1.128,9999.000,9999.000,9999.000,9999.000,9999.000,9999.000,9999.000
202605140712,   0.598,   1.151,9999.000,9999.000,9999.000,9999.000,9999.000,9999.000,9999.000
202605140718,   0.623,   1.190,9999.000,9999.000,9999.000,9999.000,9999.000,9999.000,9999.000
202605140724,   0.649,   1.200,9999.000,9999.000,9999.000,9999.000,9999.000,9999.000,9999.000
202605140730,   0.676,   1.200,9999.000,9999.000,9999.000,9999.000,9999.000,9999.000,9999.000
202605140736,   0.704,   1.220,9999.000,9999.000,9999.000,9999.000,9999.000,9999.000,9999.000
202605140742,   0.733,   1.229,9999.000,9999.000,9999.000,9999.000,9999.000,9999.000,9999.000
202605140748,   0.763,   1.249,9999.000,9999.000,9999.000,9999.000,9999.000,9999.000,9999.000
202605140754,   0.793,   1.279,9999.000,9999.000,9999.000,9999.000,9999.000,9999.000,9999.000
202605140800,   0.823,   1.308,   0.600,  -0.115,   1.308,   0.600,   1.308,   0.600,   1.308
202605140806,   0.855,   1.348,9999.000,9999.000,9999.000,9999.000,9999.000,9999.000,9999.000
202605140812,   0.886,   1.380,9999.000,9999.000,9999.000,9999.000,9999.000,9999.000,9999.000
202605140818,   0.918,   1.430,9999.000,9999.000,9999.000,9999.000,9999.000,9999.000,9999.000
202605140824,   0.950,   1.469,9999.000,9999.000,9999.000,9999.000,9999.000,9999.000,9999.000
202605140830,   0.982,   1.528,9999.000,9999.000,9999.000,9999.000,9999.000,9999.000,9999.000
202605140836,   1.014,   1.548,9999.000,9999.000,9999.000,9999.000,9999.000,9999.000,9999.000
202605140842,   1.046,   1.590,9999.000,9999.000,9999.000,9999.000,9999.000,9999.000,9999.000
202605140848,   1.078,   1.610,9999.000,9999.000,9999.000,9999.000,9999.000,9999.000,9999.000
202605140854,   1.110,   1.649,9999.000,9999.000,9999.000,9999.000,9999.000,9999.000,9999.000
202605140900,   1.142,   1.669,   0.600,  -0.073,   1.669,   0.600,   1.669,   0.600,   1.669
202605140906,   1.173,   1.689,9999.000,9999.000,9999.000,9999.000,9999.000,9999.000,9999.000
202605140912,   1.204,   1.718,9999.000,9999.000,9999.000,9999.000,9999.000,9999.000,9999.000
202605140918,   1.235,   1.767,9999.000,9999.000,9999.000,9999.000,9999.000,9999.000,9999.000
202605140924,   1.265,   1.790,9999.000,9999.000,9999.000,9999.000,9999.000,9999.000,9999.000
202605140930,   1.295,   1.830,9999.000,9999.000,9999.000,9999.000,9999.000,9999.000,9999.000
202605140936,   1.324,   1.849,9999.000,9999.000,9999.000,9999.000,9999.000,9999.000,9999.000
202605140942,   1.353,   1.889,9999.000,9999.000,9999.000,9999.000,9999.000,9999.000,9999.000
202605140948,   1.381,   1.918,9999.000,9999.000,9999.000,9999.000,9999.000,9999.000,9999.000
202605140954,   1.409,   1.928,9999.000,9999.000,9999.000,9999.000,9999.000,9999.000,9999.000
202605141000,   1.436,   1.967,   0.600,  -0.069,   1.967,   0.600,   1.967,   0.600,   1.967
202605141006,   1.462,   2.010,9999.000,9999.000,9999.000,9999.000,9999.000,9999.000,9999.000
202605141012,   1.487,   2.040,9999.000,9999.000,9999.000,9999.000,9999.000,9999.000,9999.000
202605141018,   1.512,   2.079,9999.000,9999.000,9999.000,9999.000,9999.000,9999.000,9999.000
202605141024,   1.536,   2.109,9999.000,9999.000,9999.000,9999.000,9999.000,9999.000,9999.000
202605141030,   1.559,   2.128,9999.000,9999.000,9999.000,9999.000,9999.000,9999.000,9999.000
202605141036,   1.581,   2.158,9999.000,9999.000,9999.000,9999.000,9999.000,9999.000,9999.000
202605141042,   1.603,   2.177,9999.000,9999.000,9999.000,9999.000,9999.000,9999.000,9999.000
202605141048,   1.623,   2.200,9999.000,9999.000,9999.000,9999.000,9999.000,9999.000,9999.000
202605141054,   1.643,   2.230,9999.000,9999.000,9999.000,9999.000,9999.000,9999.000,9999.000
202605141100,   1.661,   2.259,   0.600,  -0.002,   2.259,   0.600,   2.259,   0.600,   2.259
202605141106,   1.678,   2.289,9999.000,9999.000,9999.000,9999.000,9999.000,9999.000,9999.000
202605141112,   1.694,   2.318,9999.000,9999.000,9999.000,9999.000,9999.000,9999.000,9999.000
202605141118,   1.709,   2.309,9999.000,9999.000,9999.000,9999.000,9999.000,9999.000,9999.000
202605141124,   1.723,   2.338,9999.000,9999.000,9999.000,9999.000,9999.000,9999.000,9999.000
202605141130,   1.735,   2.348,9999.000,9999.000,9999.000,9999.000,9999.000,9999.000,9999.000
202605141136,   1.746,   2.358,9999.000,9999.000,9999.000,9999.000,9999.000,9999.000,9999.000
202605141142,   1.756,   2.377,9999.000,9999.000,9999.000,9999.000,9999.000,9999.000,9999.000
202605141148,   1.764,   2.400,9999.000,9999.000,9999.000,9999.000,9999.000,9999.000,9999.000
202605141154,   1.770,   2.420,9999.000,9999.000,9999.000,9999.000,9999.000,9999.000,9999.000
202605141200,   1.775,   2.420,   0.500,   0.145,   2.420,   0.500,   2.420,   0.600,   2.520
202605141206,   1.779,   2.400,9999.000,9999.000,9999.000,9999.000,9999.000,9999.000,9999.000
202605141212,   1.780,   2.400,9999.000,9999.000,9999.000,9999.000,9999.000,9999.000,9999.000
202605141218,   1.780,   2.410,9999.000,9999.000,9999.000,9999.000,9999.000,9999.000,9999.000
202605141224,   1.778,   2.420,9999.000,9999.000,9999.000,9999.000,9999.000,9999.000,9999.000
202605141230,   1.774,   2.368,9999.000,9999.000,9999.000,9999.000,9999.000,9999.000,9999.000
202605141236,   1.768,   2.400,9999.000,9999.000,9999.000,9999.000,9999.000,9999.000,9999.000
202605141242,   1.760,   2.358,9999.000,9999.000,9999.000,9999.000,9999.000,9999.000,9999.000
202605141248,   1.750,   2.348,9999.000,9999.000,9999.000,9999.000,9999.000,9999.000,9999.000
202605141254,   1.739,   2.338,9999.000,9999.000,9999.000,9999.000,9999.000,9999.000,9999.000
202605141300,   1.725,   2.309,   0.500,   0.084,   2.309,   0.500,   2.309,   0.600,   2.409
202605141306,   1.709,   2.289,9999.000,9999.000,9999.000,9999.000,9999.000,9999.000,9999.000
202605141312,   1.691,   2.250,9999.000,9999.000,9999.000,9999.000,9999.000,9999.000,9999.000
202605141318,   1.671,   2.230,9999.000,9999.000,9999.000,9999.000,9999.000,9999.000,9999.000
202605141324,   1.649,   2.240,9999.000,9999.000,9999.000,9999.000,9999.000,9999.000,9999.000
202605141330,   1.624,   2.191,9999.000,9999.000,9999.000,9999.000,9999.000,9999.000,9999.000
202605141336,   1.598,   2.177,9999.000,9999.000,9999.000,9999.000,9999.000,9999.000,9999.000
202605141342,   1.570,   2.138,9999.000,9999.000,9999.000,9999.000,9999.000,9999.000,9999.000
202605141348,   1.540,   2.089,9999.000,9999.000,9999.000,9999.000,9999.000,9999.000,9999.000
202605141354,   1.508,   2.040,9999.000,9999.000,9999.000,9999.000,9999.000,9999.000,9999.000
202605141400,   1.474,   2.020,   0.500,   0.046,   2.020,   0.500,   2.020,   0.600,   2.120
202605141406,   1.438,   1.990,9999.000,9999.000,9999.000,9999.000,9999.000,9999.000,9999.000
202605141412,   1.400,   1.938,9999.000,9999.000,9999.000,9999.000,9999.000,9999.000,9999.000
202605141418,   1.361,   1.859,9999.000,9999.000,9999.000,9999.000,9999.000,9999.000,9999.000
202605141424,   1.320,   1.849,9999.000,9999.000,9999.000,9999.000,9999.000,9999.000,9999.000
202605141430,   1.278,   1.810,9999.000,9999.000,9999.000,9999.000,9999.000,9999.000,9999.000
202605141436,   1.234,   1.781,9999.000,9999.000,9999.000,9999.000,9999.000,9999.000,9999.000
202605141442,   1.189,   1.728,9999.000,9999.000,9999.000,9999.000,9999.000,9999.000,9999.000
202605141448,   1.143,   1.669,9999.000,9999.000,9999.000,9999.000,9999.000,9999.000,9999.000
202605141454,   1.096,   1.639,9999.000,9999.000,9999.000,9999.000,9999.000,9999.000,9999.000
202605141500,   1.047,   1.600,   0.500,   0.053,   1.600,   0.500,   1.600,   0.500,   1.600
202605141506,   0.998,   1.548,9999.000,9999.000,9999.000,9999.000,9999.000,9999.000,9999.000
202605141512,   0.948,   1.498,9999.000,9999.000,9999.000,9999.000,9999.000,9999.000,9999.000
202605141518,   0.898,   1.469,9999.000,9999.000,9999.000,9999.000,9999.000,9999.000,9999.000
202605141524,   0.847,   1.439,9999.000,9999.000,9999.000,9999.000,9999.000,9999.000,9999.000
202605141530,   0.796,   1.361,9999.000,9999.000,9999.000,9999.000,9999.000,9999.000,9999.000
202605141536,   0.744,   1.318,9999.000,9999.000,9999.000,9999.000,9999.000,9999.000,9999.000
202605141542,   0.693,   1.279,9999.000,9999.000,9999.000,9999.000,9999.000,9999.000,9999.000
202605141548,   0.642,   1.239,9999.000,9999.000,9999.000,9999.000,9999.000,9999.000,9999.000
202605141554,   0.590,   1.180,9999.000,9999.000,9999.000,9999.000,9999.000,9999.000,9999.000
202605141600,   0.540,   1.118,   0.500,   0.078,   1.118,   0.500,   1.118,   0.500,   1.118
202605141606,   0.489,   1.128,9999.000,9999.000,9999.000,9999.000,9999.000,9999.000,9999.000
202605141612,   0.440,   1.059,9999.000,9999.000,9999.000,9999.000,9999.000,9999.000,9999.000
202605141618,   0.391,   1.010,9999.000,9999.000,9999.000,9999.000,9999.000,9999.000,9999.000
202605141624,   0.343,   0.961,9999.000,9999.000,9999.000,9999.000,9999.000,9999.000,9999.000
202605141630,   0.296,   0.951,9999.000,9999.000,9999.000,9999.000,9999.000,9999.000,9999.000
202605141636,   0.250,   0.898,9999.000,9999.000,9999.000,9999.000,9999.000,9999.000,9999.000
202605141642,   0.206,   0.819,9999.000,9999.000,9999.000,9999.000,9999.000,9999.000,9999.000
202605141648,   0.162,   0.800,9999.000,9999.000,9999.000,9999.000,9999.000,9999.000,9999.000
202605141654,   0.121,   0.780,9999.000,9999.000,9999.000,9999.000,9999.000,9999.000,9999.000
202605141700,   0.081,   0.708,   0.500,   0.127,   0.708,   0.500,   0.708,   0.500,   0.708
202605141706,   0.042,   0.678,9999.000,9999.000,9999.000,9999.000,9999.000,9999.000,9999.000
202605141712,   0.006,   0.659,9999.000,9999.000,9999.000,9999.000,9999.000,9999.000,9999.000
202605141718,  -0.028,   0.590,9999.000,9999.000,9999.000,9999.000,9999.000,9999.000,9999.000
202605141724,  -0.061,   0.580,9999.000,9999.000,9999.000,9999.000,9999.000,9999.000,9999.000
202605141730,  -0.092,   0.560,9999.000,9999.000,9999.000,9999.000,9999.000,9999.000,9999.000
202605141736,  -0.120,   0.508,9999.000,9999.000,9999.000,9999.000,9999.000,9999.000,9999.000
202605141742,  -0.147,   0.508,9999.000,9999.000,9999.000,9999.000,9999.000,9999.000,9999.000
202605141748,  -0.171,   0.498,9999.000,9999.000,9999.000,9999.000,9999.000,9999.000,9999.000
202605141754,  -0.193,   0.459,9999.000,9999.000,9999.000,9999.000,9999.000,9999.000,9999.000
202605141800,  -0.212,   0.459,   0.600,   0.071,   0.459,   0.600,   0.459,   0.600,   0.459
202605141806,  -0.230,   0.449,9999.000,9999.000,9999.000,9999.000,9999.000,9999.000,9999.000
202605141812,  -0.245,   0.400,9999.000,9999.000,9999.000,9999.000,9999.000,9999.000,9999.000
202605141818,  -0.257,   0.390,9999.000,9999.000,9999.000,9999.000,9999.000,9999.000,9999.000
202605141824,  -0.268,   0.380,9999.000,9999.000,9999.000,9999.000,9999.000,9999.000,9999.000
202605141830,  -0.276,   0.360,9999.000,9999.000,9999.000,9999.000,9999.000,9999.000,9999.000
202605141836,  -0.281,   0.370,9999.000,9999.000,9999.000,9999.000,9999.000,9999.000,9999.000
202605141842,  -0.284,   0.370,9999.000,9999.000,9999.000,9999.000,9999.000,9999.000,9999.000
202605141848,  -0.286,   0.380,9999.000,9999.000,9999.000,9999.000,9999.000,9999.000,9999.000
202605141854,  -0.284,   0.380,9999.000,9999.000,9999.000,9999.000,9999.000,9999.000,9999.000
202605141900,  -0.281,   0.370,   0.600,   0.051,   0.370,   0.600,   0.370,   0.600,   0.370
202605141906,  -0.275,   0.380,9999.000,9999.000,9999.000,9999.000,9999.000,9999.000,9999.000
202605141912,  -0.268,   0.380,9999.000,9999.000,9999.000,9999.000,9999.000,9999.000,9999.000
202605141918,  -0.258,   0.400,9999.000,9999.000,9999.000,9999.000,9999.000,9999.000,9999.000
202605141924,  -0.247,   0.390,9999.000,9999.000,9999.000,9999.000,9999.000,9999.000,9999.000
202605141930,  -0.233,   0.390,9999.000,9999.000,9999.000,9999.000,9999.000,9999.000,9999.000
202605141936,  -0.218,   0.380,9999.000,9999.000,9999.000,9999.000,9999.000,9999.000,9999.000
202605141942,  -0.201,   0.380,9999.000,9999.000,9999.000,9999.000,9999.000,9999.000,9999.000
202605141948,  -0.182,   0.419,9999.000,9999.000,9999.000,9999.000,9999.000,9999.000,9999.000
202605141954,  -0.162,   0.429,9999.000,9999.000,9999.000,9999.000,9999.000,9999.000,9999.000
202605142000,  -0.141,   0.449,   0.600,  -0.010,   0.449,   0.600,   0.449,   0.600,   0.449
202605142006,  -0.118,   0.488,9999.000,9999.000,9999.000,9999.000,9999.000,9999.000,9999.000
202605142012,  -0.094,   0.508,9999.000,9999.000,9999.000,9999.000,9999.000,9999.000,9999.000
202605142018,  -0.069,   0.560,9999.000,9999.000,9999.000,9999.000,9999.000,9999.000,9999.000
202605142024,  -0.043,   0.580,9999.000,9999.000,9999.000,9999.000,9999.000,9999.000,9999.000
202605142030,  -0.016,   0.639,9999.000,9999.000,9999.000,9999.000,9999.000,9999.000,9999.000
202605142036,   0.011,   0.688,9999.000,9999.000,9999.000,9999.000,9999.000,9999.000,9999.000
202605142042,   0.040,   0.698,9999.000,9999.000,9999.000,9999.000,9999.000,9999.000,9999.000
202605142048,   0.070,   0.741,9999.000,9999.000,9999.000,9999.000,9999.000,9999.000,9999.000
202605142054,   0.100,   0.770,9999.000,9999.000,9999.000,9999.000,9999.000,9999.000,9999.000
202605142100,   0.130,   0.810,   0.600,   0.080,   0.810,   0.600,   0.810,   0.600,   0.810
202605142106,   0.161,   0.829,9999.000,9999.000,9999.000,9999.000,9999.000,9999.000,9999.000
202605142112,   0.193,   0.849,9999.000,9999.000,9999.000,9999.000,9999.000,9999.000,9999.000
202605142118,   0.225,   0.879,9999.000,9999.000,9999.000,9999.000,9999.000,9999.000,9999.000
202605142124,   0.257,   0.908,9999.000,9999.000,9999.000,9999.000,9999.000,9999.000,9999.000
202605142130,   0.289,   0.918,9999.000,9999.000,9999.000,9999.000,9999.000,9999.000,9999.000
202605142136,   0.322,   0.961,9999.000,9999.000,9999.000,9999.000,9999.000,9999.000,9999.000
202605142142,   0.354,   0.990,9999.000,9999.000,9999.000,9999.000,9999.000,9999.000,9999.000
202605142148,   0.387,   1.029,9999.000,9999.000,9999.000,9999.000,9999.000,9999.000,9999.000
202605142154,   0.420,   1.049,9999.000,9999.000,9999.000,9999.000,9999.000,9999.000,9999.000
202605142200,   0.452,   1.069,   0.600,   0.017,   1.069,   0.600,   1.069,   0.600,   1.069
202605142206,   0.485,   1.088,9999.000,9999.000,9999.000,9999.000,9999.000,9999.000,9999.000
202605142212,   0.517,   1.128,9999.000,9999.000,9999.000,9999.000,9999.000,9999.000,9999.000
202605142218,   0.550,   1.151,9999.000,9999.000,9999.000,9999.000,9999.000,9999.000,9999.000
202605142224,   0.582,   1.190,9999.000,9999.000,9999.000,9999.000,9999.000,9999.000,9999.000
202605142230,   0.614,   1.239,9999.000,9999.000,9999.000,9999.000,9999.000,9999.000,9999.000
202605142236,   0.646,   1.249,9999.000,9999.000,9999.000,9999.000,9999.000,9999.000,9999.000
202605142242,   0.677,   1.298,9999.000,9999.000,9999.000,9999.000,9999.000,9999.000,9999.000
202605142248,   0.708,   1.338,9999.000,9999.000,9999.000,9999.000,9999.000,9999.000,9999.000
202605142254,   0.739,   1.371,9999.000,9999.000,9999.000,9999.000,9999.000,9999.000,9999.000
202605142300,   0.769,   1.400,   0.600,   0.031,   1.400,   0.600,   1.400,   0.600,   1.400
202605142306,   0.799,   1.430,9999.000,9999.000,9999.000,9999.000,9999.000,9999.000,9999.000
202605142312,   0.829,   1.449,9999.000,9999.000,9999.000,9999.000,9999.000,9999.000,9999.000
202605142318,   0.858,   1.469,9999.000,9999.000,9999.000,9999.000,9999.000,9999.000,9999.000
202605142324,   0.886,   1.498,9999.000,9999.000,9999.000,9999.000,9999.000,9999.000,9999.000
202605142330,   0.914,   1.538,9999.000,9999.000,9999.000,9999.000,9999.000,9999.000,9999.000
202605142336,   0.941,   1.590,9999.000,9999.000,9999.000,9999.000,9999.000,9999.000,9999.000
202605142342,   0.968,   1.600,9999.000,9999.000,9999.000,9999.000,9999.000,9999.000,9999.000
202605142348,   0.994,   1.649,9999.000,9999.000,9999.000,9999.000,9999.000,9999.000,9999.000
202605142354,   1.018,   1.659,9999.000,9999.000,9999.000,9999.000,9999.000,9999.000,9999.000
202605150000,   1.042,   1.659,   0.700,  -0.083,   1.659,   0.700,   1.659,   0.700,   1.659
202605150006,   1.065,   1.679,9999.000,9999.000,9999.000,9999.000,9999.000,9999.000,9999.000
202605150012,   1.087,   1.708,9999.000,9999.000,9999.000,9999.000,9999.000,9999.000,9999.000
202605150018,   1.108,   1.738,9999.000,9999.000,9999.000,9999.000,9999.000,9999.000,9999.000
202605150024,   1.128,   1.767,9999.000,9999.000,9999.000,9999.000,9999.000,9999.000,9999.000
202605150030,   1.147,   1.781,9999.000,9999.000,9999.000,9999.000,9999.000,9999.000,9999.000
202605150036,   1.164,   1.800,9999.000,9999.000,9999.000,9999.000,9999.000,9999.000,9999.000
202605150042,   1.180,   1.820,9999.000,9999.000,9999.000,9999.000,9999.000,9999.000,9999.000
202605150048,   1.194,   1.830,9999.000,9999.000,9999.000,9999.000,9999.000,9999.000,9999.000
202605150054,   1.207,   1.820,9999.000,9999.000,9999.000,9999.000,9999.000,9999.000,9999.000
202605150100,   1.219,   1.810,   0.700,  -0.109,   1.810,   0.700,   1.810,   0.700,   1.810
202605150106,   1.229,   1.820,9999.000,9999.000,9999.000,9999.000,9999.000,9999.000,9999.000
202605150112,   1.237,   1.840,9999.000,9999.000,9999.000,9999.000,9999.000,9999.000,9999.000
202605150118,   1.244,   1.840,9999.000,9999.000,9999.000,9999.000,9999.000,9999.000,9999.000
202605150124,   1.249,   1.849,9999.000,9999.000,9999.000,9999.000,9999.000,9999.000,9999.000
202605150130,   1.252,   1.859,9999.000,9999.000,9999.000,9999.000,9999.000,9999.000,9999.000
202605150136,   1.254,   1.859,9999.000,9999.000,9999.000,9999.000,9999.000,9999.000,9999.000
202605150142,   1.254,   1.889,9999.000,9999.000,9999.000,9999.000,9999.000,9999.000,9999.000
202605150148,   1.252,   1.899,9999.000,9999.000,9999.000,9999.000,9999.000,9999.000,9999.000
202605150154,   1.248,   1.889,9999.000,9999.000,9999.000,9999.000,9999.000,9999.000,9999.000
202605150200,   1.242,   1.889,   0.700,  -0.053,   1.889,   0.700,   1.889,   0.700,   1.889
202605150206,   1.235,   1.889,9999.000,9999.000,9999.000,9999.000,9999.000,9999.000,9999.000
202605150212,   1.226,   1.879,9999.000,9999.000,9999.000,9999.000,9999.000,9999.000,9999.000
202605150218,   1.216,   1.869,9999.000,9999.000,9999.000,9999.000,9999.000,9999.000,9999.000
202605150224,   1.203,   1.840,9999.000,9999.000,9999.000,9999.000,9999.000,9999.000,9999.000
202605150230,   1.189,   1.820,9999.000,9999.000,9999.000,9999.000,9999.000,9999.000,9999.000
202605150236,   1.174,   1.800,9999.000,9999.000,9999.000,9999.000,9999.000,9999.000,9999.000
202605150242,   1.157,   1.748,9999.000,9999.000,9999.000,9999.000,9999.000,9999.000,9999.000
202605150248,   1.138,   1.708,9999.000,9999.000,9999.000,9999.000,9999.000,9999.000,9999.000
202605150254,   1.119,   1.669,9999.000,9999.000,9999.000,9999.000,9999.000,9999.000,9999.000
202605150300,   1.098,   1.649,   0.700,  -0.149,   1.649,   0.700,   1.649,   0.700,   1.649
202605150306,   1.075,   1.630,9999.000,9999.000,9999.000,9999.000,9999.000,9999.000,9999.000
202605150312,   1.052,   1.600,9999.000,9999.000,9999.000,9999.000,9999.000,9999.000,9999.000
202605150318,   1.028,   1.580,9999.000,9999.000,9999.000,9999.000,9999.000,9999.000,9999.000
202605150324,   1.002,   1.557,9999.000,9999.000,9999.000,9999.000,9999.000,9999.000,9999.000
202605150330,   0.976,   1.518,9999.000,9999.000,9999.000,9999.000,9999.000,9999.000,9999.000
202605150336,   0.950,   1.489,9999.000,9999.000,9999.000,9999.000,9999.000,9999.000,9999.000
202605150342,   0.923,   1.459,9999.000,9999.000,9999.000,9999.000,9999.000,9999.000,9999.000
202605150348,   0.895,   1.439,9999.000,9999.000,9999.000,9999.000,9999.000,9999.000,9999.000
202605150354,   0.867,   1.410,9999.000,9999.000,9999.000,9999.000,9999.000,9999.000,9999.000
202605150400,   0.839,   1.380,   0.700,  -0.159,   1.380,   0.700,   1.380,   0.700,   1.380
202605150406,   0.811,   1.348,9999.000,9999.000,9999.000,9999.000,9999.000,9999.000,9999.000
202605150412,   0.782,   1.328,9999.000,9999.000,9999.000,9999.000,9999.000,9999.000,9999.000
202605150418,   0.755,   1.298,9999.000,9999.000,9999.000,9999.000,9999.000,9999.000,9999.000
202605150424,   0.727,   1.269,9999.000,9999.000,9999.000,9999.000,9999.000,9999.000,9999.000
202605150430,   0.700,   1.239,9999.000,9999.000,9999.000,9999.000,9999.000,9999.000,9999.000
202605150436,   0.673,   1.210,9999.000,9999.000,9999.000,9999.000,9999.000,9999.000,9999.000
202605150442,   0.647,   1.170,9999.000,9999.000,9999.000,9999.000,9999.000,9999.000,9999.000
202605150448,   0.622,   1.161,9999.000,9999.000,9999.000,9999.000,9999.000,9999.000,9999.000
202605150454,   0.598,   1.128,9999.000,9999.000,9999.000,9999.000,9999.000,9999.000,9999.000
202605150500,   0.574,   1.098,   0.700,  -0.176,   1.098,   0.600,   0.998,   0.700,   1.098
202605150506,   0.552,   1.059,9999.000,9999.000,9999.000,9999.000,9999.000,9999.000,9999.000
202605150512,   0.532,   1.039,9999.000,9999.000,9999.000,9999.000,9999.000,9999.000,9999.000
202605150518,   0.512,   1.029,9999.000,9999.000,9999.000,9999.000,9999.000,9999.000,9999.000
202605150524,   0.494,   1.049,9999.000,9999.000,9999.000,9999.000,9999.000,9999.000,9999.000
202605150530,   0.478,   1.029,9999.000,9999.000,9999.000,9999.000,9999.000,9999.000,9999.000
202605150536,   0.463,   1.020,9999.000,9999.000,9999.000,9999.000,9999.000,9999.000,9999.000
202605150542,   0.449,   1.029,9999.000,9999.000,9999.000,9999.000,9999.000,9999.000,9999.000
202605150548,   0.438,   1.020,9999.000,9999.000,9999.000,9999.000,9999.000,9999.000,9999.000
202605150554,   0.428,   1.010,9999.000,9999.000,9999.000,9999.000,9999.000,9999.000,9999.000
202605150600,   0.421,   0.990,   0.700,  -0.131,   0.990,   0.700,   0.990,   0.700,   0.990
202605150606,   0.415,   0.990,9999.000,9999.000,9999.000,9999.000,9999.000,9999.000,9999.000
202605150612,   0.411,   1.000,9999.000,9999.000,9999.000,9999.000,9999.000,9999.000,9999.000
202605150618,   0.409,   0.980,9999.000,9999.000,9999.000,9999.000,9999.000,9999.000,9999.000
202605150624,   0.409,   0.970,9999.000,9999.000,9999.000,9999.000,9999.000,9999.000,9999.000
202605150630,   0.411,   0.990,9999.000,9999.000,9999.000,9999.000,9999.000,9999.000,9999.000
202605150636,   0.415,   0.980,9999.000,9999.000,9999.000,9999.000,9999.000,9999.000,9999.000
202605150642,   0.421,   1.000,9999.000,9999.000,9999.000,9999.000,9999.000,9999.000,9999.000
202605150648,   0.430,   1.010,9999.000,9999.000,9999.000,9999.000,9999.000,9999.000,9999.000
202605150654,   0.440,   0.990,9999.000,9999.000,9999.000,9999.000,9999.000,9999.000,9999.000
202605150700,   0.452,   1.010,   0.700,  -0.142,   1.010,   0.700,   1.010,   0.700,   1.010
202605150706,   0.466,   1.029,9999.000,9999.000,9999.000,9999.000,9999.000,9999.000,9999.000
202605150712,   0.482,   1.029,9999.000,9999.000,9999.000,9999.000,9999.000,9999.000,9999.000
202605150718,   0.500,   1.049,9999.000,9999.000,9999.000,9999.000,9999.000,9999.000,9999.000
202605150724,   0.520,   1.069,9999.000,9999.000,9999.000,9999.000,9999.000,9999.000,9999.000
202605150730,   0.541,   1.088,9999.000,9999.000,9999.000,9999.000,9999.000,9999.000,9999.000
202605150736,   0.564,   1.098,9999.000,9999.000,9999.000,9999.000,9999.000,9999.000,9999.000
202605150742,   0.588,   1.118,9999.000,9999.000,9999.000,9999.000,9999.000,9999.000,9999.000
202605150748,   0.614,   1.151,9999.000,9999.000,9999.000,9999.000,9999.000,9999.000,9999.000
202605150754,   0.642,   1.190,9999.000,9999.000,9999.000,9999.000,9999.000,9999.000,9999.000
202605150800,   0.670,   1.210,   0.700,  -0.160,   1.210,   0.700,   1.210,   0.700,   1.210
202605150806,   0.700,   1.239,9999.000,9999.000,9999.000,9999.000,9999.000,9999.000,9999.000
202605150812,   0.731,   1.259,9999.000,9999.000,9999.000,9999.000,9999.000,9999.000,9999.000
202605150818,   0.763,   1.279,9999.000,9999.000,9999.000,9999.000,9999.000,9999.000,9999.000
202605150824,   0.796,   1.308,9999.000,9999.000,9999.000,9999.000,9999.000,9999.000,9999.000
202605150830,   0.830,   1.338,9999.000,9999.000,9999.000,9999.000,9999.000,9999.000,9999.000
202605150836,   0.864,   1.371,9999.000,9999.000,9999.000,9999.000,9999.000,9999.000,9999.000
202605150842,   0.899,   1.390,9999.000,9999.000,9999.000,9999.000,9999.000,9999.000,9999.000
202605150848,   0.934,   1.430,9999.000,9999.000,9999.000,9999.000,9999.000,9999.000,9999.000
202605150854,   0.970,   1.459,9999.000,9999.000,9999.000,9999.000,9999.000,9999.000,9999.000
202605150900,   1.006,   1.479,   0.700,  -0.227,   1.479,   0.700,   1.479,   0.700,   1.479
202605150906,   1.042,   1.508,9999.000,9999.000,9999.000,9999.000,9999.000,9999.000,9999.000
202605150912,   1.078,   1.548,9999.000,9999.000,9999.000,9999.000,9999.000,9999.000,9999.000
202605150918,   1.114,   1.580,9999.000,9999.000,9999.000,9999.000,9999.000,9999.000,9999.000
202605150924,   1.151,   1.620,9999.000,9999.000,9999.000,9999.000,9999.000,9999.000,9999.000
202605150930,   1.187,   1.659,9999.000,9999.000,9999.000,9999.000,9999.000,9999.000,9999.000
202605150936,   1.222,   1.708,9999.000,9999.000,9999.000,9999.000,9999.000,9999.000,9999.000
202605150942,   1.258,   1.738,9999.000,9999.000,9999.000,9999.000,9999.000,9999.000,9999.000
202605150948,   1.293,   1.781,9999.000,9999.000,9999.000,9999.000,9999.000,9999.000,9999.000
202605150954,   1.328,   1.810,9999.000,9999.000,9999.000,9999.000,9999.000,9999.000,9999.000
202605151000,   1.362,   1.830,   0.700,  -0.232,   1.830,   0.700,   1.830,   0.700,   1.830
202605151006,   1.395,   1.840,9999.000,9999.000,9999.000,9999.000,9999.000,9999.000,9999.000
202605151012,   1.428,   1.869,9999.000,9999.000,9999.000,9999.000,9999.000,9999.000,9999.000
202605151018,   1.461,   1.899,9999.000,9999.000,9999.000,9999.000,9999.000,9999.000,9999.000
202605151024,   1.492,   1.918,9999.000,9999.000,9999.000,9999.000,9999.000,9999.000,9999.000
202605151030,   1.523,   1.948,9999.000,9999.000,9999.000,9999.000,9999.000,9999.000,9999.000
202605151036,   1.553,   1.981,9999.000,9999.000,9999.000,9999.000,9999.000,9999.000,9999.000
202605151042,   1.583,   2.000,9999.000,9999.000,9999.000,9999.000,9999.000,9999.000,9999.000
202605151048,   1.611,   2.059,9999.000,9999.000,9999.000,9999.000,9999.000,9999.000,9999.000
202605151054,   1.639,   2.089,9999.000,9999.000,9999.000,9999.000,9999.000,9999.000,9999.000
202605151100,   1.666,   2.118,   0.700,  -0.248,   2.118,   0.700,   2.118,   0.700,   2.118
202605151106,   1.691,   2.148,9999.000,9999.000,9999.000,9999.000,9999.000,9999.000,9999.000
202605151112,   1.716,   2.177,9999.000,9999.000,9999.000,9999.000,9999.000,9999.000,9999.000
202605151118,   1.740,   2.200,9999.000,9999.000,9999.000,9999.000,9999.000,9999.000,9999.000
202605151124,   1.762,   2.230,9999.000,9999.000,9999.000,9999.000,9999.000,9999.000,9999.000
202605151130,   1.784,   2.250,9999.000,9999.000,9999.000,9999.000,9999.000,9999.000,9999.000
202605151136,   1.804,   2.269,9999.000,9999.000,9999.000,9999.000,9999.000,9999.000,9999.000
202605151142,   1.824,   2.289,9999.000,9999.000,9999.000,9999.000,9999.000,9999.000,9999.000
202605151148,   1.842,   2.309,9999.000,9999.000,9999.000,9999.000,9999.000,9999.000,9999.000
202605151154,   1.858,   2.309,9999.000,9999.000,9999.000,9999.000,9999.000,9999.000,9999.000
202605151200,   1.874,   2.328,   0.600,  -0.146,   2.328,   0.600,   2.328,   0.600,   2.328
202605151206,   1.888,   2.338,9999.000,9999.000,9999.000,9999.000,9999.000,9999.000,9999.000
202605151212,   1.900,   2.377,9999.000,9999.000,9999.000,9999.000,9999.000,9999.000,9999.000
202605151218,   1.912,   2.368,9999.000,9999.000,9999.000,9999.000,9999.000,9999.000,9999.000
202605151224,   1.921,   2.400,9999.000,9999.000,9999.000,9999.000,9999.000,9999.000,9999.000
202605151230,   1.929,   2.400,9999.000,9999.000,9999.000,9999.000,9999.000,9999.000,9999.000
202605151236,   1.935,   2.420,9999.000,9999.000,9999.000,9999.000,9999.000,9999.000,9999.000
202605151242,   1.940,   2.410,9999.000,9999.000,9999.000,9999.000,9999.000,9999.000,9999.000
202605151248,   1.942,   2.410,9999.000,9999.000,9999.000,9999.000,9999.000,9999.000,9999.000
202605151254,   1.943,   2.410,9999.000,9999.000,9999.000,9999.000,9999.000,9999.000,9999.000
202605151300,   1.942,   2.400,   0.600,  -0.142,   2.400,   0.600,   2.400,   0.600,   2.400
202605151306,   1.939,   2.387,9999.000,9999.000,9999.000,9999.000,9999.000,9999.000,9999.000
202605151312,   1.934,   2.387,9999.000,9999.000,9999.000,9999.000,9999.000,9999.000,9999.000
202605151318,   1.927,   2.358,9999.000,9999.000,9999.000,9999.000,9999.000,9999.000,9999.000
202605151324,   1.917,   2.328,9999.000,9999.000,9999.000,9999.000,9999.000,9999.000,9999.000
202605151330,   1.906,   2.328,9999.000,9999.000,9999.000,9999.000,9999.000,9999.000,9999.000
202605151336,   1.892,   2.328,9999.000,9999.000,9999.000,9999.000,9999.000,9999.000,9999.000
202605151342,   1.876,   2.309,9999.000,9999.000,9999.000,9999.000,9999.000,9999.000,9999.000
202605151348,   1.858,   2.289,9999.000,9999.000,9999.000,9999.000,9999.000,9999.000,9999.000
202605151354,   1.837,   2.269,9999.000,9999.000,9999.000,9999.000,9999.000,9999.000,9999.000
202605151400,   1.814,   2.240,   0.600,  -0.174,   2.240,   0.600,   2.240,   0.600,   2.240
202605151406,   1.789,   2.210,9999.000,9999.000,9999.000,9999.000,9999.000,9999.000,9999.000
202605151412,   1.761,   2.191,9999.000,9999.000,9999.000,9999.000,9999.000,9999.000,9999.000
202605151418,   1.732,   2.138,9999.000,9999.000,9999.000,9999.000,9999.000,9999.000,9999.000
202605151424,   1.700,   2.089,9999.000,9999.000,9999.000,9999.000,9999.000,9999.000,9999.000
202605151430,   1.665,   2.049,9999.000,9999.000,9999.000,9999.000,9999.000,9999.000,9999.000
202605151436,   1.629,   2.000,9999.000,9999.000,9999.000,9999.000,9999.000,9999.000,9999.000
202605151442,   1.590,   1.948,9999.000,9999.000,9999.000,9999.000,9999.000,9999.000,9999.000
202605151448,   1.549,   1.899,9999.000,9999.000,9999.000,9999.000,9999.000,9999.000,9999.000
202605151454,   1.507,   1.849,9999.000,9999.000,9999.000,9999.000,9999.000,9999.000,9999.000
202605151500,   1.462,   1.790,   0.600,  -0.272,   1.790,   0.600,   1.790,   0.600,   1.790
202605151506,   1.415,   1.738,9999.000,9999.000,9999.000,9999.000,9999.000,9999.000,9999.000
202605151512,   1.367,   1.689,9999.000,9999.000,9999.000,9999.000,9999.000,9999.000,9999.000
202605151518,   1.317,   1.630,9999.000,9999.000,9999.000,9999.000,9999.000,9999.000,9999.000
202605151524,   1.265,   1.590,9999.000,9999.000,9999.000,9999.000,9999.000,9999.000,9999.000
202605151530,   1.212,   1.538,9999.000,9999.000,9999.000,9999.000,9999.000,9999.000,9999.000
202605151536,   1.158,   1.498,9999.000,9999.000,9999.000,9999.000,9999.000,9999.000,9999.000
202605151542,   1.102,   1.439,9999.000,9999.000,9999.000,9999.000,9999.000,9999.000,9999.000
202605151548,   1.045,   1.400,9999.000,9999.000,9999.000,9999.000,9999.000,9999.000,9999.000
202605151554,   0.988,   1.318,9999.000,9999.000,9999.000,9999.000,9999.000,9999.000,9999.000
202605151600,   0.929,   1.269,   0.600,  -0.260,   1.269,   0.600,   1.269,   0.600,   1.269
202605151606,   0.870,   1.210,9999.000,9999.000,9999.000,9999.000,9999.000,9999.000,9999.000
202605151612,   0.811,   1.180,9999.000,9999.000,9999.000,9999.000,9999.000,9999.000,9999.000
202605151618,   0.751,   1.108,9999.000,9999.000,9999.000,9999.000,9999.000,9999.000,9999.000
202605151624,   0.691,   1.079,9999.000,9999.000,9999.000,9999.000,9999.000,9999.000,9999.000
202605151630,   0.631,   1.000,9999.000,9999.000,9999.000,9999.000,9999.000,9999.000,9999.000
202605151636,   0.571,   0.941,9999.000,9999.000,9999.000,9999.000,9999.000,9999.000,9999.000
202605151642,   0.511,   0.869,9999.000,9999.000,9999.000,9999.000,9999.000,9999.000,9999.000
202605151648,   0.452,   0.810,9999.000,9999.000,9999.000,9999.000,9999.000,9999.000,9999.000
202605151654,   0.393,   0.751,9999.000,9999.000,9999.000,9999.000,9999.000,9999.000,9999.000
202605151700,   0.336,   0.718,   0.600,  -0.218,   0.718,   0.600,   0.718,   0.600,   0.718
202605151706,   0.279,   0.649,9999.000,9999.000,9999.000,9999.000,9999.000,9999.000,9999.000
202605151712,   0.223,   0.619,9999.000,9999.000,9999.000,9999.000,9999.000,9999.000,9999.000
202605151718,   0.168,   0.570,9999.000,9999.000,9999.000,9999.000,9999.000,9999.000,9999.000
202605151724,   0.115,   0.488,9999.000,9999.000,9999.000,9999.000,9999.000,9999.000,9999.000
202605151730,   0.063,   0.449,9999.000,9999.000,9999.000,9999.000,9999.000,9999.000,9999.000
202605151736,   0.013,   0.429,9999.000,9999.000,9999.000,9999.000,9999.000,9999.000,9999.000
202605151742,  -0.034,   0.390,9999.000,9999.000,9999.000,9999.000,9999.000,9999.000,9999.000
202605151748,  -0.081,   0.321,9999.000,9999.000,9999.000,9999.000,9999.000,9999.000,9999.000
202605151754,  -0.126,   0.268,9999.000,9999.000,9999.000,9999.000,9999.000,9999.000,9999.000
202605151800,  -0.168,   0.268,   0.500,  -0.064,   0.268,   0.500,   0.268,   0.500,   0.268
202605151806,  -0.208,   0.209,9999.000,9999.000,9999.000,9999.000,9999.000,9999.000,9999.000
202605151812,  -0.246,   0.131,9999.000,9999.000,9999.000,9999.000,9999.000,9999.000,9999.000
202605151818,  -0.282,   0.111,9999.000,9999.000,9999.000,9999.000,9999.000,9999.000,9999.000
202605151824,  -0.315,   0.078,9999.000,9999.000,9999.000,9999.000,9999.000,9999.000,9999.000
202605151830,  -0.346,   0.039,9999.000,9999.000,9999.000,9999.000,9999.000,9999.000,9999.000
202605151836,  -0.374,   0.019,9999.000,9999.000,9999.000,9999.000,9999.000,9999.000,9999.000
202605151842,  -0.400,   0.000,9999.000,9999.000,9999.000,9999.000,9999.000,9999.000,9999.000
202605151848,  -0.423,  -0.029,9999.000,9999.000,9999.000,9999.000,9999.000,9999.000,9999.000
202605151854,  -0.443,  -0.009,9999.000,9999.000,9999.000,9999.000,9999.000,9999.000,9999.000
202605151900,  -0.461,  -0.029,   0.500,  -0.068,  -0.029,   0.500,  -0.029,   0.500,  -0.029
202605151906,  -0.476,  -0.049,9999.000,9999.000,9999.000,9999.000,9999.000,9999.000,9999.000
202605151912,  -0.488,  -0.068,9999.000,9999.000,9999.000,9999.000,9999.000,9999.000,9999.000
202605151918,  -0.498,  -0.078,9999.000,9999.000,9999.000,9999.000,9999.000,9999.000,9999.000
202605151924,  -0.505,  -0.088,9999.000,9999.000,9999.000,9999.000,9999.000,9999.000,9999.000
202605151930,  -0.509,  -0.078,9999.000,9999.000,9999.000,9999.000,9999.000,9999.000,9999.000
202605151936,  -0.511,  -0.098,9999.000,9999.000,9999.000,9999.000,9999.000,9999.000,9999.000
202605151942,  -0.510,  -0.098,9999.000,9999.000,9999.000,9999.000,9999.000,9999.000,9999.000
202605151948,  -0.507,  -0.121,9999.000,9999.000,9999.000,9999.000,9999.000,9999.000,9999.000
202605151954,  -0.502,  -0.121,9999.000,9999.000,9999.000,9999.000,9999.000,9999.000,9999.000
202605152000,  -0.494,  -0.098,   0.500,  -0.104,  -0.098,   0.500,  -0.098,   0.500,  -0.098
202605152006,  -0.484,  -0.111,9999.000,9999.000,9999.000,9999.000,9999.000,9999.000,9999.000
202605152012,  -0.471,  -0.088,9999.000,9999.000,9999.000,9999.000,9999.000,9999.000,9999.000
202605152018,  -0.457,  -0.088,9999.000,9999.000,9999.000,9999.000,9999.000,9999.000,9999.000
202605152024,  -0.441,  -0.068,9999.000,9999.000,9999.000,9999.000,9999.000,9999.000,9999.000
202605152030,  -0.422,  -0.039,9999.000,9999.000,9999.000,9999.000,9999.000,9999.000,9999.000
202605152036,  -0.402,  -0.009,9999.000,9999.000,9999.000,9999.000,9999.000,9999.000,9999.000
202605152042,  -0.381,   0.039,9999.000,9999.000,9999.000,9999.000,9999.000,9999.000,9999.000
202605152048,  -0.358,   0.068,9999.000,9999.000,9999.000,9999.000,9999.000,9999.000,9999.000
202605152054,  -0.333,   0.111,9999.000,9999.000,9999.000,9999.000,9999.000,9999.000,9999.000
202605152100,  -0.307,   0.141,   0.500,  -0.052,   0.141,   0.500,   0.141,   0.500,   0.141
202605152106,  -0.280,   0.180,9999.000,9999.000,9999.000,9999.000,9999.000,9999.000,9999.000
202605152112,  -0.251,   0.229,9999.000,9999.000,9999.000,9999.000,9999.000,9999.000,9999.000
202605152118,  -0.222,   0.268,9999.000,9999.000,9999.000,9999.000,9999.000,9999.000,9999.000
202605152124,  -0.191,   0.331,9999.000,9999.000,9999.000,9999.000,9999.000,9999.000,9999.000
202605152130,  -0.160,   0.360,9999.000,9999.000,9999.000,9999.000,9999.000,9999.000,9999.000
202605152136,  -0.128,   0.409,9999.000,9999.000,9999.000,9999.000,9999.000,9999.000,9999.000
202605152142,  -0.095,   0.409,9999.000,9999.000,9999.000,9999.000,9999.000,9999.000,9999.000
202605152148,  -0.062,   0.439,9999.000,9999.000,9999.000,9999.000,9999.000,9999.000,9999.000
202605152154,  -0.028,   0.459,9999.000,9999.000,9999.000,9999.000,9999.000,9999.000,9999.000
202605152200,   0.005,   0.488,   0.500,  -0.017,   0.488,   0.500,   0.488,   0.500,   0.488
202605152206,   0.039,   0.518,9999.000,9999.000,9999.000,9999.000,9999.000,9999.000,9999.000
202605152212,   0.074,   0.551,9999.000,9999.000,9999.000,9999.000,9999.000,9999.000,9999.000
202605152218,   0.109,   0.570,9999.000,9999.000,9999.000,9999.000,9999.000,9999.000,9999.000
202605152224,   0.144,   0.600,9999.000,9999.000,9999.000,9999.000,9999.000,9999.000,9999.000
202605152230,   0.179,   0.629,9999.000,9999.000,9999.000,9999.000,9999.000,9999.000,9999.000
202605152236,   0.215,   0.649,9999.000,9999.000,9999.000,9999.000,9999.000,9999.000,9999.000
202605152242,   0.250,   0.678,9999.000,9999.000,9999.000,9999.000,9999.000,9999.000,9999.000
202605152248,   0.285,   0.718,9999.000,9999.000,9999.000,9999.000,9999.000,9999.000,9999.000
202605152254,   0.320,   0.760,9999.000,9999.000,9999.000,9999.000,9999.000,9999.000,9999.000
202605152300,   0.356,   0.790,   0.500,  -0.066,   0.790,   0.500,   0.790,   0.500,   0.790
202605152306,   0.391,   0.829,9999.000,9999.000,9999.000,9999.000,9999.000,9999.000,9999.000
202605152312,   0.425,   0.849,9999.000,9999.000,9999.000,9999.000,9999.000,9999.000,9999.000
202605152318,   0.460,   0.869,9999.000,9999.000,9999.000,9999.000,9999.000,9999.000,9999.000
202605152324,   0.494,   0.898,9999.000,9999.000,9999.000,9999.000,9999.000,9999.000,9999.000
202605152330,   0.528,   0.928,9999.000,9999.000,9999.000,9999.000,9999.000,9999.000,9999.000
202605152336,   0.562,   0.970,9999.000,9999.000,9999.000,9999.000,9999.000,9999.000,9999.000
202605152342,   0.596,   1.010,9999.000,9999.000,9999.000,9999.000,9999.000,9999.000,9999.000
202605152348,   0.629,   1.049,9999.000,9999.000,9999.000,9999.000,9999.000,9999.000,9999.000
202605152354,   0.661,   1.088,9999.000,9999.000,9999.000,9999.000,9999.000,9999.000,9999.000
202605160000,   0.693,   1.128,   0.500,  -0.065,   1.128,   0.500,   1.128,   0.500,   1.128
202605160006,   0.725,   1.170,9999.000,9999.000,9999.000,9999.000,9999.000,9999.000,9999.000
202605160012,   0.756,   1.210,9999.000,9999.000,9999.000,9999.000,9999.000,9999.000,9999.000
202605160018,   0.787,   1.239,9999.000,9999.000,9999.000,9999.000,9999.000,9999.000,9999.000
202605160024,   0.817,   1.269,9999.000,9999.000,9999.000,9999.000,9999.000,9999.000,9999.000
202605160030,   0.846,   1.298,9999.000,9999.000,9999.000,9999.000,9999.000,9999.000,9999.000
202605160036,   0.874,   1.318,9999.000,9999.000,9999.000,9999.000,9999.000,9999.000,9999.000
202605160042,   0.902,   1.338,9999.000,9999.000,9999.000,9999.000,9999.000,9999.000,9999.000
202605160048,   0.929,   1.361,9999.000,9999.000,9999.000,9999.000,9999.000,9999.000,9999.000
202605160054,   0.955,   1.380,9999.000,9999.000,9999.000,9999.000,9999.000,9999.000,9999.000
202605160100,   0.979,   1.400,   0.500,  -0.079,   1.400,   0.500,   1.400,   0.500,   1.400
202605160106,   1.003,   1.430,9999.000,9999.000,9999.000,9999.000,9999.000,9999.000,9999.000
202605160112,   1.026,   1.459,9999.000,9999.000,9999.000,9999.000,9999.000,9999.000,9999.000
202605160118,   1.047,   1.479,9999.000,9999.000,9999.000,9999.000,9999.000,9999.000,9999.000
202605160124,   1.067,   1.498,9999.000,9999.000,9999.000,9999.000,9999.000,9999.000,9999.000
202605160130,   1.086,   1.518,9999.000,9999.000,9999.000,9999.000,9999.000,9999.000,9999.000
202605160136,   1.103,   1.528,9999.000,9999.000,9999.000,9999.000,9999.000,9999.000,9999.000
202605160142,   1.119,   1.538,9999.000,9999.000,9999.000,9999.000,9999.000,9999.000,9999.000
202605160148,   1.133,   1.548,9999.000,9999.000,9999.000,9999.000,9999.000,9999.000,9999.000
202605160154,   1.146,   1.557,9999.000,9999.000,9999.000,9999.000,9999.000,9999.000,9999.000
202605160200,   1.157,   1.557,   0.500,  -0.100,   1.557,   0.500,   1.557,   0.500,   1.557
202605160206,   1.166,   1.580,9999.000,9999.000,9999.000,9999.000,9999.000,9999.000,9999.000
202605160212,   1.173,   1.590,9999.000,9999.000,9999.000,9999.000,9999.000,9999.000,9999.000
202605160218,   1.179,   1.600,9999.000,9999.000,9999.000,9999.000,9999.000,9999.000,9999.000
202605160224,   1.183,   1.620,9999.000,9999.000,9999.000,9999.000,9999.000,9999.000,9999.000
202605160230,   1.185,   1.649,9999.000,9999.000,9999.000,9999.000,9999.000,9999.000,9999.000
202605160236,   1.185,   1.659,9999.000,9999.000,9999.000,9999.000,9999.000,9999.000,9999.000
202605160242,   1.184,   1.669,9999.000,9999.000,9999.000,9999.000,9999.000,9999.000,9999.000
202605160248,   1.180,   1.659,9999.000,9999.000,9999.000,9999.000,9999.000,9999.000,9999.000
202605160254,   1.175,   1.659,9999.000,9999.000,9999.000,9999.000,9999.000,9999.000,9999.000
202605160300,   1.167,   1.649,   0.500,  -0.018,   1.649,   0.400,   1.549,   0.500,   1.649
202605160306,   1.158,   1.639,9999.000,9999.000,9999.000,9999.000,9999.000,9999.000,9999.000
202605160312,   1.148,   1.610,9999.000,9999.000,9999.000,9999.000,9999.000,9999.000,9999.000
202605160318,   1.135,   1.590,9999.000,9999.000,9999.000,9999.000,9999.000,9999.000,9999.000
202605160324,   1.121,   1.571,9999.000,9999.000,9999.000,9999.000,9999.000,9999.000,9999.000
202605160330,   1.105,   1.538,9999.000,9999.000,9999.000,9999.000,9999.000,9999.000,9999.000
202605160336,   1.088,   1.508,9999.000,9999.000,9999.000,9999.000,9999.000,9999.000,9999.000
202605160342,   1.069,   1.479,9999.000,9999.000,9999.000,9999.000,9999.000,9999.000,9999.000
202605160348,   1.049,   1.449,9999.000,9999.000,9999.000,9999.000,9999.000,9999.000,9999.000
202605160354,   1.028,   1.430,9999.000,9999.000,9999.000,9999.000,9999.000,9999.000,9999.000
202605160400,   1.006,   1.410,   0.500,  -0.096,   1.410,   0.400,   1.310,   0.500,   1.410
202605160406,   0.982,   1.400,9999.000,9999.000,9999.000,9999.000,9999.000,9999.000,9999.000
202605160412,   0.957,   1.380,9999.000,9999.000,9999.000,9999.000,9999.000,9999.000,9999.000
202605160418,   0.932,   1.348,9999.000,9999.000,9999.000,9999.000,9999.000,9999.000,9999.000
202605160424,   0.906,   1.308,9999.000,9999.000,9999.000,9999.000,9999.000,9999.000,9999.000
202605160430,   0.879,   1.279,9999.000,9999.000,9999.000,9999.000,9999.000,9999.000,9999.000
202605160436,   0.852,   1.269,9999.000,9999.000,9999.000,9999.000,9999.000,9999.000,9999.000
202605160442,   0.825,   1.249,9999.000,9999.000,9999.000,9999.000,9999.000,9999.000,9999.000
202605160448,   0.797,   1.220,9999.000,9999.000,9999.000,9999.000,9999.000,9999.000,9999.000
202605160454,   0.770,   1.180,9999.000,9999.000,9999.000,9999.000,9999.000,9999.000,9999.000
202605160500,   0.742,   1.151,   0.400,   0.009,   1.151,   0.400,   1.151,   0.400,   1.151
202605160506,   0.715,   1.118,9999.000,9999.000,9999.000,9999.000,9999.000,9999.000,9999.000
202605160512,   0.688,   1.098,9999.000,9999.000,9999.000,9999.000,9999.000,9999.000,9999.000
202605160518,   0.661,   1.079,9999.000,9999.000,9999.000,9999.000,9999.000,9999.000,9999.000
202605160524,   0.635,   1.039,9999.000,9999.000,9999.000,9999.000,9999.000,9999.000,9999.000
202605160530,   0.610,   1.010,9999.000,9999.000,9999.000,9999.000,9999.000,9999.000,9999.000
202605160536,   0.586,   1.010,9999.000,9999.000,9999.000,9999.000,9999.000,9999.000,9999.000
202605160542,   0.562,   0.990,9999.000,9999.000,9999.000,9999.000,9999.000,9999.000,9999.000
202605160548,   0.540,   0.941,9999.000,9999.000,9999.000,9999.000,9999.000,9999.000,9999.000
202605160554,   0.519,   0.951,9999.000,9999.000,9999.000,9999.000,9999.000,9999.000,9999.000
202605160600,   0.500,   0.951,   0.400,   0.051,   0.951,   0.400,   0.951,   0.400,   0.951
202605160606,   0.482,9999.000,9999.000,9999.000,9999.000,9999.000,9999.000,9999.000,9999.000
202605160612,   0.465,9999.000,9999.000,9999.000,9999.000,9999.000,9999.000,9999.000,9999.000
202605160618,   0.451,9999.000,9999.000,9999.000,9999.000,9999.000,9999.000,9999.000,9999.000
202605160624,   0.438,9999.000,9999.000,9999.000,9999.000,9999.000,9999.000,9999.000,9999.000
202605160630,   0.426,9999.000,9999.000,9999.000,9999.000,9999.000,9999.000,9999.000,9999.000
202605160636,   0.417,9999.000,9999.000,9999.000,9999.000,9999.000,9999.000,9999.000,9999.000
202605160642,   0.410,9999.000,9999.000,9999.000,9999.000,9999.000,9999.000,9999.000,9999.000
202605160648,   0.404,9999.000,9999.000,9999.000,9999.000,9999.000,9999.000,9999.000,9999.000
202605160654,   0.401,9999.000,9999.000,9999.000,9999.000,9999.000,9999.000,9999.000,9999.000
202605160700,   0.400,9999.000,   0.400,   0.041,   0.841,   0.400,   0.841,   0.400,   0.841
202605160706,   0.401,9999.000,9999.000,9999.000,9999.000,9999.000,9999.000,9999.000,9999.000
202605160712,   0.404,9999.000,9999.000,9999.000,9999.000,9999.000,9999.000,9999.000,9999.000
202605160718,   0.410,9999.000,9999.000,9999.000,9999.000,9999.000,9999.000,9999.000,9999.000
202605160724,   0.417,9999.000,9999.000,9999.000,9999.000,9999.000,9999.000,9999.000,9999.000
202605160730,   0.427,9999.000,9999.000,9999.000,9999.000,9999.000,9999.000,9999.000,9999.000
202605160736,   0.438,9999.000,9999.000,9999.000,9999.000,9999.000,9999.000,9999.000,9999.000
202605160742,   0.452,9999.000,9999.000,9999.000,9999.000,9999.000,9999.000,9999.000,9999.000
202605160748,   0.468,9999.000,9999.000,9999.000,9999.000,9999.000,9999.000,9999.000,9999.000
202605160754,   0.486,9999.000,9999.000,9999.000,9999.000,9999.000,9999.000,9999.000,9999.000
202605160800,   0.506,9999.000,   0.400,   0.031,   0.937,   0.400,   0.937,   0.400,   0.937
202605160806,   0.528,9999.000,9999.000,9999.000,9999.000,9999.000,9999.000,9999.000,9999.000
202605160812,   0.552,9999.000,9999.000,9999.000,9999.000,9999.000,9999.000,9999.000,9999.000
202605160818,   0.577,9999.000,9999.000,9999.000,9999.000,9999.000,9999.000,9999.000,9999.000
202605160824,   0.604,9999.000,9999.000,9999.000,9999.000,9999.000,9999.000,9999.000,9999.000
202605160830,   0.633,9999.000,9999.000,9999.000,9999.000,9999.000,9999.000,9999.000,9999.000
202605160836,   0.663,9999.000,9999.000,9999.000,9999.000,9999.000,9999.000,9999.000,9999.000
202605160842,   0.695,9999.000,9999.000,9999.000,9999.000,9999.000,9999.000,9999.000,9999.000
202605160848,   0.728,9999.000,9999.000,9999.000,9999.000,9999.000,9999.000,9999.000,9999.000
202605160854,   0.762,9999.000,9999.000,9999.000,9999.000,9999.000,9999.000,9999.000,9999.000
202605160900,   0.797,9999.000,   0.400,   0.021,   1.218,   0.400,   1.218,   0.500,   1.318
202605160906,   0.833,9999.000,9999.000,9999.000,9999.000,9999.000,9999.000,9999.000,9999.000
202605160912,   0.870,9999.000,9999.000,9999.000,9999.000,9999.000,9999.000,9999.000,9999.000
202605160918,   0.907,9999.000,9999.000,9999.000,9999.000,9999.000,9999.000,9999.000,9999.000
202605160924,   0.945,9999.000,9999.000,9999.000,9999.000,9999.000,9999.000,9999.000,9999.000
202605160930,   0.984,9999.000,9999.000,9999.000,9999.000,9999.000,9999.000,9999.000,9999.000
202605160936,   1.023,9999.000,9999.000,9999.000,9999.000,9999.000,9999.000,9999.000,9999.000
202605160942,   1.063,9999.000,9999.000,9999.000,9999.000,9999.000,9999.000,9999.000,9999.000
202605160948,   1.102,9999.000,9999.000,9999.000,9999.000,9999.000,9999.000,9999.000,9999.000
202605160954,   1.142,9999.000,9999.000,9999.000,9999.000,9999.000,9999.000,9999.000,9999.000
202605161000,   1.181,9999.000,   0.500,   0.011,   1.692,   0.400,   1.592,   0.500,   1.692
202605161006,   1.221,9999.000,9999.000,9999.000,9999.000,9999.000,9999.000,9999.000,9999.000
202605161012,   1.260,9999.000,9999.000,9999.000,9999.000,9999.000,9999.000,9999.000,9999.000
202605161018,   1.299,9999.000,9999.000,9999.000,9999.000,9999.000,9999.000,9999.000,9999.000
202605161024,   1.337,9999.000,9999.000,9999.000,9999.000,9999.000,9999.000,9999.000,9999.000
202605161030,   1.375,9999.000,9999.000,9999.000,9999.000,9999.000,9999.000,9999.000,9999.000
202605161036,   1.413,9999.000,9999.000,9999.000,9999.000,9999.000,9999.000,9999.000,9999.000
202605161042,   1.450,9999.000,9999.000,9999.000,9999.000,9999.000,9999.000,9999.000,9999.000
202605161048,   1.486,9999.000,9999.000,9999.000,9999.000,9999.000,9999.000,9999.000,9999.000
202605161054,   1.522,9999.000,9999.000,9999.000,9999.000,9999.000,9999.000,9999.000,9999.000
202605161100,   1.557,9999.000,   0.500,   0.001,   2.058,   0.400,   1.958,   0.500,   2.058
202605161106,   1.591,9999.000,9999.000,9999.000,9999.000,9999.000,9999.000,9999.000,9999.000
202605161112,   1.624,9999.000,9999.000,9999.000,9999.000,9999.000,9999.000,9999.000,9999.000
202605161118,   1.656,9999.000,9999.000,9999.000,9999.000,9999.000,9999.000,9999.000,9999.000
202605161124,   1.688,9999.000,9999.000,9999.000,9999.000,9999.000,9999.000,9999.000,9999.000
202605161130,   1.718,9999.000,9999.000,9999.000,9999.000,9999.000,9999.000,9999.000,9999.000
202605161136,   1.748,9999.000,9999.000,9999.000,9999.000,9999.000,9999.000,9999.000,9999.000
202605161142,   1.776,9999.000,9999.000,9999.000,9999.000,9999.000,9999.000,9999.000,9999.000
202605161148,   1.804,9999.000,9999.000,9999.000,9999.000,9999.000,9999.000,9999.000,9999.000
202605161154,   1.830,9999.000,9999.000,9999.000,9999.000,9999.000,9999.000,9999.000,9999.000
202605161200,   1.855,9999.000,   0.400,  -0.009,   2.246,   0.400,   2.246,   0.500,   2.346
202605161206,   1.879,9999.000,9999.000,9999.000,9999.000,9999.000,9999.000,9999.000,9999.000
202605161212,   1.902,9999.000,9999.000,9999.000,9999.000,9999.000,9999.000,9999.000,9999.000
202605161218,   1.923,9999.000,9999.000,9999.000,9999.000,9999.000,9999.000,9999.000,9999.000
202605161224,   1.944,9999.000,9999.000,9999.000,9999.000,9999.000,9999.000,9999.000,9999.000
202605161230,   1.963,9999.000,9999.000,9999.000,9999.000,9999.000,9999.000,9999.000,9999.000
202605161236,   1.981,9999.000,9999.000,9999.000,9999.000,9999.000,9999.000,9999.000,9999.000
202605161242,   1.997,9999.000,9999.000,9999.000,9999.000,9999.000,9999.000,9999.000,9999.000
202605161248,   2.012,9999.000,9999.000,9999.000,9999.000,9999.000,9999.000,9999.000,9999.000
202605161254,   2.025,9999.000,9999.000,9999.000,9999.000,9999.000,9999.000,9999.000,9999.000
202605161300,   2.037,9999.000,   0.400,  -0.019,   2.418,   0.400,   2.418,   0.500,   2.518
202605161306,   2.047,9999.000,9999.000,9999.000,9999.000,9999.000,9999.000,9999.000,9999.000
202605161312,   2.055,9999.000,9999.000,9999.000,9999.000,9999.000,9999.000,9999.000,9999.000
202605161318,   2.062,9999.000,9999.000,9999.000,9999.000,9999.000,9999.000,9999.000,9999.000
202605161324,   2.067,9999.000,9999.000,9999.000,9999.000,9999.000,9999.000,9999.000,9999.000
202605161330,   2.070,9999.000,9999.000,9999.000,9999.000,9999.000,9999.000,9999.000,9999.000
202605161336,   2.071,9999.000,9999.000,9999.000,9999.000,9999.000,9999.000,9999.000,9999.000
202605161342,   2.070,9999.000,9999.000,9999.000,9999.000,9999.000,9999.000,9999.000,9999.000
202605161348,   2.067,9999.000,9999.000,9999.000,9999.000,9999.000,9999.000,9999.000,9999.000
202605161354,   2.062,9999.000,9999.000,9999.000,9999.000,9999.000,9999.000,9999.000,9999.000
202605161400,   2.055,9999.000,   0.400,  -0.029,   2.426,   0.400,   2.426,   0.400,   2.426
202605161406,   2.045,9999.000,9999.000,9999.000,9999.000,9999.000,9999.000,9999.000,9999.000
202605161412,   2.034,9999.000,9999.000,9999.000,9999.000,9999.000,9999.000,9999.000,9999.000
202605161418,   2.020,9999.000,9999.000,9999.000,9999.000,9999.000,9999.000,9999.000,9999.000
202605161424,   2.003,9999.000,9999.000,9999.000,9999.000,9999.000,9999.000,9999.000,9999.000
202605161430,   1.984,9999.000,9999.000,9999.000,9999.000,9999.000,9999.000,9999.000,9999.000
202605161436,   1.963,9999.000,9999.000,9999.000,9999.000,9999.000,9999.000,9999.000,9999.000
202605161442,   1.939,9999.000,9999.000,9999.000,9999.000,9999.000,9999.000,9999.000,9999.000
202605161448,   1.913,9999.000,9999.000,9999.000,9999.000,9999.000,9999.000,9999.000,9999.000
202605161454,   1.884,9999.000,9999.000,9999.000,9999.000,9999.000,9999.000,9999.000,9999.000
202605161500,   1.853,9999.000,   0.400,  -0.039,   2.214,   0.400,   2.214,   0.400,   2.214
202605161506,   1.819,9999.000,9999.000,9999.000,9999.000,9999.000,9999.000,9999.000,9999.000
202605161512,   1.783,9999.000,9999.000,9999.000,9999.000,9999.000,9999.000,9999.000,9999.000
202605161518,   1.744,9999.000,9999.000,9999.000,9999.000,9999.000,9999.000,9999.000,9999.000
202605161524,   1.703,9999.000,9999.000,9999.000,9999.000,9999.000,9999.000,9999.000,9999.000
202605161530,   1.660,9999.000,9999.000,9999.000,9999.000,9999.000,9999.000,9999.000,9999.000
202605161536,   1.615,9999.000,9999.000,9999.000,9999.000,9999.000,9999.000,9999.000,9999.000
202605161542,   1.567,9999.000,9999.000,9999.000,9999.000,9999.000,9999.000,9999.000,9999.000
202605161548,   1.517,9999.000,9999.000,9999.000,9999.000,9999.000,9999.000,9999.000,9999.000
202605161554,   1.465,9999.000,9999.000,9999.000,9999.000,9999.000,9999.000,9999.000,9999.000
202605161600,   1.412,9999.000,   0.400,  -0.049,   1.763,   0.400,   1.763,   0.400,   1.763
202605161606,   1.356,9999.000,9999.000,9999.000,9999.000,9999.000,9999.000,9999.000,9999.000
202605161612,   1.299,9999.000,9999.000,9999.000,9999.000,9999.000,9999.000,9999.000,9999.000
202605161618,   1.240,9999.000,9999.000,9999.000,9999.000,9999.000,9999.000,9999.000,9999.000
202605161624,   1.180,9999.000,9999.000,9999.000,9999.000,9999.000,9999.000,9999.000,9999.000
202605161630,   1.118,9999.000,9999.000,9999.000,9999.000,9999.000,9999.000,9999.000,9999.000
202605161636,   1.056,9999.000,9999.000,9999.000,9999.000,9999.000,9999.000,9999.000,9999.000
202605161642,   0.992,9999.000,9999.000,9999.000,9999.000,9999.000,9999.000,9999.000,9999.000
202605161648,   0.928,9999.000,9999.000,9999.000,9999.000,9999.000,9999.000,9999.000,9999.000
202605161654,   0.863,9999.000,9999.000,9999.000,9999.000,9999.000,9999.000,9999.000,9999.000
202605161700,   0.797,9999.000,   0.400,  -0.059,   1.138,   0.400,   1.138,   0.400,   1.138
202605161706,   0.731,9999.000,9999.000,9999.000,9999.000,9999.000,9999.000,9999.000,9999.000
202605161712,   0.665,9999.000,9999.000,9999.000,9999.000,9999.000,9999.000,9999.000,9999.000
202605161718,   0.599,9999.000,9999.000,9999.000,9999.000,9999.000,9999.000,9999.000,9999.000
202605161724,   0.533,9999.000,9999.000,9999.000,9999.000,9999.000,9999.000,9999.000,9999.000
202605161730,   0.468,9999.000,9999.000,9999.000,9999.000,9999.000,9999.000,9999.000,9999.000
202605161736,   0.403,9999.000,9999.000,9999.000,9999.000,9999.000,9999.000,9999.000,9999.000
202605161742,   0.338,9999.000,9999.000,9999.000,9999.000,9999.000,9999.000,9999.000,9999.000
202605161748,   0.275,9999.000,9999.000,9999.000,9999.000,9999.000,9999.000,9999.000,9999.000
202605161754,   0.212,9999.000,9999.000,9999.000,9999.000,9999.000,9999.000,9999.000,9999.000
202605161800,   0.151,9999.000,   0.400,  -0.069,   0.482,   0.400,   0.482,   0.400,   0.482
202605161806,   0.091,9999.000,9999.000,9999.000,9999.000,9999.000,9999.000,9999.000,9999.000
202605161812,   0.033,9999.000,9999.000,9999.000,9999.000,9999.000,9999.000,9999.000,9999.000
202605161818,  -0.023,9999.000,9999.000,9999.000,9999.000,9999.000,9999.000,9999.000,9999.000
202605161824,  -0.078,9999.000,9999.000,9999.000,9999.000,9999.000,9999.000,9999.000,9999.000
202605161830,  -0.131,9999.000,9999.000,9999.000,9999.000,9999.000,9999.000,9999.000,9999.000
202605161836,  -0.182,9999.000,9999.000,9999.000,9999.000,9999.000,9999.000,9999.000,9999.000
202605161842,  -0.231,9999.000,9999.000,9999.000,9999.000,9999.000,9999.000,9999.000,9999.000
202605161848,  -0.277,9999.000,9999.000,9999.000,9999.000,9999.000,9999.000,9999.000,9999.000
202605161854,  -0.321,9999.000,9999.000,9999.000,9999.000,9999.000,9999.000,9999.000,9999.000
202605161900,  -0.363,9999.000,   0.400,  -0.069,  -0.032,   0.400,  -0.032,   0.400,  -0.032
202605161906,  -0.402,9999.000,9999.000,9999.000,9999.000,9999.000,9999.000,9999.000,9999.000
202605161912,  -0.438,9999.000,9999.000,9999.000,9999.000,9999.000,9999.000,9999.000,9999.000
202605161918,  -0.472,9999.000,9999.000,9999.000,9999.000,9999.000,9999.000,9999.000,9999.000
202605161924,  -0.503,9999.000,9999.000,9999.000,9999.000,9999.000,9999.000,9999.000,9999.000
202605161930,  -0.531,9999.000,9999.000,9999.000,9999.000,9999.000,9999.000,9999.000,9999.000
202605161936,  -0.556,9999.000,9999.000,9999.000,9999.000,9999.000,9999.000,9999.000,9999.000
202605161942,  -0.579,9999.000,9999.000,9999.000,9999.000,9999.000,9999.000,9999.000,9999.000
202605161948,  -0.598,9999.000,9999.000,9999.000,9999.000,9999.000,9999.000,9999.000,9999.000
202605161954,  -0.615,9999.000,9999.000,9999.000,9999.000,9999.000,9999.000,9999.000,9999.000
202605162000,  -0.629,9999.000,   0.400,  -0.069,  -0.298,   0.400,  -0.298,   0.400,  -0.298
202605162006,  -0.640,9999.000,9999.000,9999.000,9999.000,9999.000,9999.000,9999.000,9999.000
202605162012,  -0.648,9999.000,9999.000,9999.000,9999.000,9999.000,9999.000,9999.000,9999.000
202605162018,  -0.653,9999.000,9999.000,9999.000,9999.000,9999.000,9999.000,9999.000,9999.000
202605162024,  -0.656,9999.000,9999.000,9999.000,9999.000,9999.000,9999.000,9999.000,9999.000
202605162030,  -0.656,9999.000,9999.000,9999.000,9999.000,9999.000,9999.000,9999.000,9999.000
202605162036,  -0.653,9999.000,9999.000,9999.000,9999.000,9999.000,9999.000,9999.000,9999.000
202605162042,  -0.648,9999.000,9999.000,9999.000,9999.000,9999.000,9999.000,9999.000,9999.000
202605162048,  -0.641,9999.000,9999.000,9999.000,9999.000,9999.000,9999.000,9999.000,9999.000
202605162054,  -0.631,9999.000,9999.000,9999.000,9999.000,9999.000,9999.000,9999.000,9999.000
202605162100,  -0.618,9999.000,   0.400,  -0.069,  -0.287,   0.400,  -0.287,   0.400,  -0.287
202605162106,  -0.604,9999.000,9999.000,9999.000,9999.000,9999.000,9999.000,9999.000,9999.000
202605162112,  -0.588,9999.000,9999.000,9999.000,9999.000,9999.000,9999.000,9999.000,9999.000
202605162118,  -0.569,9999.000,9999.000,9999.000,9999.000,9999.000,9999.000,9999.000,9999.000
202605162124,  -0.549,9999.000,9999.000,9999.000,9999.000,9999.000,9999.000,9999.000,9999.000
202605162130,  -0.527,9999.000,9999.000,9999.000,9999.000,9999.000,9999.000,9999.000,9999.000
202605162136,  -0.503,9999.000,9999.000,9999.000,9999.000,9999.000,9999.000,9999.000,9999.000
202605162142,  -0.478,9999.000,9999.000,9999.000,9999.000,9999.000,9999.000,9999.000,9999.000
202605162148,  -0.452,9999.000,9999.000,9999.000,9999.000,9999.000,9999.000,9999.000,9999.000
202605162154,  -0.424,9999.000,9999.000,9999.000,9999.000,9999.000,9999.000,9999.000,9999.000
202605162200,  -0.395,9999.000,   0.400,  -0.069,  -0.064,   0.400,  -0.064,   0.400,  -0.064
202605162206,  -0.365,9999.000,9999.000,9999.000,9999.000,9999.000,9999.000,9999.000,9999.000
202605162212,  -0.334,9999.000,9999.000,9999.000,9999.000,9999.000,9999.000,9999.000,9999.000
202605162218,  -0.302,9999.000,9999.000,9999.000,9999.000,9999.000,9999.000,9999.000,9999.000
202605162224,  -0.269,9999.000,9999.000,9999.000,9999.000,9999.000,9999.000,9999.000,9999.000
202605162230,  -0.236,9999.000,9999.000,9999.000,9999.000,9999.000,9999.000,9999.000,9999.000
202605162236,  -0.202,9999.000,9999.000,9999.000,9999.000,9999.000,9999.000,9999.000,9999.000
202605162242,  -0.168,9999.000,9999.000,9999.000,9999.000,9999.000,9999.000,9999.000,9999.000
202605162248,  -0.133,9999.000,9999.000,9999.000,9999.000,9999.000,9999.000,9999.000,9999.000
202605162254,  -0.098,9999.000,9999.000,9999.000,9999.000,9999.000,9999.000,9999.000,9999.000
202605162300,  -0.062,9999.000,   0.400,  -0.069,   0.269,   0.400,   0.269,   0.400,   0.269
202605162306,  -0.027,9999.000,9999.000,9999.000,9999.000,9999.000,9999.000,9999.000,9999.000
202605162312,   0.008,9999.000,9999.000,9999.000,9999.000,9999.000,9999.000,9999.000,9999.000
202605162318,   0.044,9999.000,9999.000,9999.000,9999.000,9999.000,9999.000,9999.000,9999.000
202605162324,   0.080,9999.000,9999.000,9999.000,9999.000,9999.000,9999.000,9999.000,9999.000
202605162330,   0.116,9999.000,9999.000,9999.000,9999.000,9999.000,9999.000,9999.000,9999.000
202605162336,   0.152,9999.000,9999.000,9999.000,9999.000,9999.000,9999.000,9999.000,9999.000
202605162342,   0.188,9999.000,9999.000,9999.000,9999.000,9999.000,9999.000,9999.000,9999.000
202605162348,   0.223,9999.000,9999.000,9999.000,9999.000,9999.000,9999.000,9999.000,9999.000
202605162354,   0.259,9999.000,9999.000,9999.000,9999.000,9999.000,9999.000,9999.000,9999.000
202605170000,   0.295,9999.000,   0.400,  -0.069,   0.626,   0.400,   0.626,   0.500,   0.726
202605170006,   0.330,9999.000,9999.000,9999.000,9999.000,9999.000,9999.000,9999.000,9999.000
202605170012,   0.365,9999.000,9999.000,9999.000,9999.000,9999.000,9999.000,9999.000,9999.000
202605170018,   0.400,9999.000,9999.000,9999.000,9999.000,9999.000,9999.000,9999.000,9999.000
202605170024,   0.435,9999.000,9999.000,9999.000,9999.000,9999.000,9999.000,9999.000,9999.000
202605170030,   0.469,9999.000,9999.000,9999.000,9999.000,9999.000,9999.000,9999.000,9999.000
202605170036,   0.503,9999.000,9999.000,9999.000,9999.000,9999.000,9999.000,9999.000,9999.000
202605170042,   0.537,9999.000,9999.000,9999.000,9999.000,9999.000,9999.000,9999.000,9999.000
202605170048,   0.570,9999.000,9999.000,9999.000,9999.000,9999.000,9999.000,9999.000,9999.000
202605170054,   0.603,9999.000,9999.000,9999.000,9999.000,9999.000,9999.000,9999.000,9999.000
202605170100,   0.635,9999.000,   0.400,  -0.069,   0.966,   0.400,   0.966,   0.500,   1.066
202605170106,   0.667,9999.000,9999.000,9999.000,9999.000,9999.000,9999.000,9999.000,9999.000
202605170112,   0.698,9999.000,9999.000,9999.000,9999.000,9999.000,9999.000,9999.000,9999.000
202605170118,   0.728,9999.000,9999.000,9999.000,9999.000,9999.000,9999.000,9999.000,9999.000
202605170124,   0.758,9999.000,9999.000,9999.000,9999.000,9999.000,9999.000,9999.000,9999.000
202605170130,   0.787,9999.000,9999.000,9999.000,9999.000,9999.000,9999.000,9999.000,9999.000
202605170136,   0.815,9999.000,9999.000,9999.000,9999.000,9999.000,9999.000,9999.000,9999.000
202605170142,   0.842,9999.000,9999.000,9999.000,9999.000,9999.000,9999.000,9999.000,9999.000
202605170148,   0.869,9999.000,9999.000,9999.000,9999.000,9999.000,9999.000,9999.000,9999.000
202605170154,   0.894,9999.000,9999.000,9999.000,9999.000,9999.000,9999.000,9999.000,9999.000
202605170200,   0.918,9999.000,   0.400,  -0.069,   1.249,   0.400,   1.249,   0.400,   1.249
202605170206,   0.941,9999.000,9999.000,9999.000,9999.000,9999.000,9999.000,9999.000,9999.000
202605170212,   0.963,9999.000,9999.000,9999.000,9999.000,9999.000,9999.000,9999.000,9999.000
202605170218,   0.983,9999.000,9999.000,9999.000,9999.000,9999.000,9999.000,9999.000,9999.000
202605170224,   1.002,9999.000,9999.000,9999.000,9999.000,9999.000,9999.000,9999.000,9999.000
202605170230,   1.020,9999.000,9999.000,9999.000,9999.000,9999.000,9999.000,9999.000,9999.000
202605170236,   1.036,9999.000,9999.000,9999.000,9999.000,9999.000,9999.000,9999.000,9999.000
202605170242,   1.050,9999.000,9999.000,9999.000,9999.000,9999.000,9999.000,9999.000,9999.000
202605170248,   1.063,9999.000,9999.000,9999.000,9999.000,9999.000,9999.000,9999.000,9999.000
202605170254,   1.074,9999.000,9999.000,9999.000,9999.000,9999.000,9999.000,9999.000,9999.000
202605170300,   1.083,9999.000,   0.400,  -0.069,   1.414,   0.400,   1.414,   0.400,   1.414
202605170306,   1.090,9999.000,9999.000,9999.000,9999.000,9999.000,9999.000,9999.000,9999.000
202605170312,   1.096,9999.000,9999.000,9999.000,9999.000,9999.000,9999.000,9999.000,9999.000
202605170318,   1.099,9999.000,9999.000,9999.000,9999.000,9999.000,9999.000,9999.000,9999.000
202605170324,   1.101,9999.000,9999.000,9999.000,9999.000,9999.000,9999.000,9999.000,9999.000
202605170330,   1.101,9999.000,9999.000,9999.000,9999.000,9999.000,9999.000,9999.000,9999.000
202605170336,   1.099,9999.000,9999.000,9999.000,9999.000,9999.000,9999.000,9999.000,9999.000
202605170342,   1.095,9999.000,9999.000,9999.000,9999.000,9999.000,9999.000,9999.000,9999.000
202605170348,   1.090,9999.000,9999.000,9999.000,9999.000,9999.000,9999.000,9999.000,9999.000
202605170354,   1.082,9999.000,9999.000,9999.000,9999.000,9999.000,9999.000,9999.000,9999.000
202605170400,   1.073,9999.000,   0.400,  -0.069,   1.404,   0.400,   1.404,   0.400,   1.404
202605170406,   1.062,9999.000,9999.000,9999.000,9999.000,9999.000,9999.000,9999.000,9999.000
202605170412,   1.049,9999.000,9999.000,9999.000,9999.000,9999.000,9999.000,9999.000,9999.000
202605170418,   1.034,9999.000,9999.000,9999.000,9999.000,9999.000,9999.000,9999.000,9999.000
202605170424,   1.018,9999.000,9999.000,9999.000,9999.000,9999.000,9999.000,9999.000,9999.000
202605170430,   1.001,9999.000,9999.000,9999.000,9999.000,9999.000,9999.000,9999.000,9999.000
202605170436,   0.982,9999.000,9999.000,9999.000,9999.000,9999.000,9999.000,9999.000,9999.000
202605170442,   0.962,9999.000,9999.000,9999.000,9999.000,9999.000,9999.000,9999.000,9999.000
202605170448,   0.941,9999.000,9999.000,9999.000,9999.000,9999.000,9999.000,9999.000,9999.000
202605170454,   0.918,9999.000,9999.000,9999.000,9999.000,9999.000,9999.000,9999.000,9999.000
202605170500,   0.895,9999.000,   0.400,  -0.069,   1.226,   0.400,   1.226,   0.400,   1.226
202605170506,   0.870,9999.000,9999.000,9999.000,9999.000,9999.000,9999.000,9999.000,9999.000
202605170512,   0.845,9999.000,9999.000,9999.000,9999.000,9999.000,9999.000,9999.000,9999.000
202605170518,   0.820,9999.000,9999.000,9999.000,9999.000,9999.000,9999.000,9999.000,9999.000
202605170524,   0.794,9999.000,9999.000,9999.000,9999.000,9999.000,9999.000,9999.000,9999.000
202605170530,   0.768,9999.000,9999.000,9999.000,9999.000,9999.000,9999.000,9999.000,9999.000
202605170536,   0.741,9999.000,9999.000,9999.000,9999.000,9999.000,9999.000,9999.000,9999.000
202605170542,   0.715,9999.000,9999.000,9999.000,9999.000,9999.000,9999.000,9999.000,9999.000
202605170548,   0.688,9999.000,9999.000,9999.000,9999.000,9999.000,9999.000,9999.000,9999.000
202605170554,   0.662,9999.000,9999.000,9999.000,9999.000,9999.000,9999.000,9999.000,9999.000
202605170600,   0.636,9999.000,   0.400,  -0.069,   0.967,   0.400,   0.967,   0.400,   0.967
202605170606,   0.611,9999.000,9999.000,9999.000,9999.000,9999.000,9999.000,9999.000,9999.000
202605170612,   0.587,9999.000,9999.000,9999.000,9999.000,9999.000,9999.000,9999.000,9999.000
202605170618,   0.563,9999.000,9999.000,9999.000,9999.000,9999.000,9999.000,9999.000,9999.000
202605170624,   0.541,9999.000,9999.000,9999.000,9999.000,9999.000,9999.000,9999.000,9999.000
202605170630,   0.519,9999.000,9999.000,9999.000,9999.000,9999.000,9999.000,9999.000,9999.000
202605170636,   0.499,9999.000,9999.000,9999.000,9999.000,9999.000,9999.000,9999.000,9999.000
202605170642,   0.480,9999.000,9999.000,9999.000,9999.000,9999.000,9999.000,9999.000,9999.000
202605170648,   0.462,9999.000,9999.000,9999.000,9999.000,9999.000,9999.000,9999.000,9999.000
202605170654,   0.446,9999.000,9999.000,9999.000,9999.000,9999.000,9999.000,9999.000,9999.000
202605170700,   0.431,9999.000,   0.400,  -0.069,   0.762,   0.400,   0.762,   0.400,   0.762
202605170706,   0.419,9999.000,9999.000,9999.000,9999.000,9999.000,9999.000,9999.000,9999.000
202605170712,   0.408,9999.000,9999.000,9999.000,9999.000,9999.000,9999.000,9999.000,9999.000
202605170718,   0.399,9999.000,9999.000,9999.000,9999.000,9999.000,9999.000,9999.000,9999.000
202605170724,   0.392,9999.000,9999.000,9999.000,9999.000,9999.000,9999.000,9999.000,9999.000
202605170730,   0.387,9999.000,9999.000,9999.000,9999.000,9999.000,9999.000,9999.000,9999.000
202605170736,   0.385,9999.000,9999.000,9999.000,9999.000,9999.000,9999.000,9999.000,9999.000
202605170742,   0.384,9999.000,9999.000,9999.000,9999.000,9999.000,9999.000,9999.000,9999.000
202605170748,   0.385,9999.000,9999.000,9999.000,9999.000,9999.000,9999.000,9999.000,9999.000
202605170754,   0.389,9999.000,9999.000,9999.000,9999.000,9999.000,9999.000,9999.000,9999.000
202605170800,   0.395,9999.000,   0.400,  -0.069,   0.726,   0.400,   0.726,   0.400,   0.726
202605170806,   0.403,9999.000,9999.000,9999.000,9999.000,9999.000,9999.000,9999.000,9999.000
202605170812,   0.414,9999.000,9999.000,9999.000,9999.000,9999.000,9999.000,9999.000,9999.000
202605170818,   0.426,9999.000,9999.000,9999.000,9999.000,9999.000,9999.000,9999.000,9999.000
202605170824,   0.441,9999.000,9999.000,9999.000,9999.000,9999.000,9999.000,9999.000,9999.000
202605170830,   0.458,9999.000,9999.000,9999.000,9999.000,9999.000,9999.000,9999.000,9999.000
202605170836,   0.477,9999.000,9999.000,9999.000,9999.000,9999.000,9999.000,9999.000,9999.000
202605170842,   0.498,9999.000,9999.000,9999.000,9999.000,9999.000,9999.000,9999.000,9999.000
202605170848,   0.520,9999.000,9999.000,9999.000,9999.000,9999.000,9999.000,9999.000,9999.000
202605170854,   0.545,9999.000,9999.000,9999.000,9999.000,9999.000,9999.000,9999.000,9999.000
202605170900,   0.572,9999.000,   0.400,  -0.069,   0.903,   0.400,   0.903,   0.400,   0.903
202605170906,   0.600,9999.000,9999.000,9999.000,9999.000,9999.000,9999.000,9999.000,9999.000
202605170912,   0.630,9999.000,9999.000,9999.000,9999.000,9999.000,9999.000,9999.000,9999.000
202605170918,   0.662,9999.000,9999.000,9999.000,9999.000,9999.000,9999.000,9999.000,9999.000
202605170924,   0.695,9999.000,9999.000,9999.000,9999.000,9999.000,9999.000,9999.000,9999.000
202605170930,   0.729,9999.000,9999.000,9999.000,9999.000,9999.000,9999.000,9999.000,9999.000
202605170936,   0.765,9999.000,9999.000,9999.000,9999.000,9999.000,9999.000,9999.000,9999.000
202605170942,   0.801,9999.000,9999.000,9999.000,9999.000,9999.000,9999.000,9999.000,9999.000
202605170948,   0.839,9999.000,9999.000,9999.000,9999.000,9999.000,9999.000,9999.000,9999.000
202605170954,   0.878,9999.000,9999.000,9999.000,9999.000,9999.000,9999.000,9999.000,9999.000
202605171000,   0.917,9999.000,   0.400,  -0.069,   1.248,   0.400,   1.248,   0.500,   1.348
202605171006,   0.957,9999.000,9999.000,9999.000,9999.000,9999.000,9999.000,9999.000,9999.000
202605171012,   0.997,9999.000,9999.000,9999.000,9999.000,9999.000,9999.000,9999.000,9999.000
202605171018,   1.038,9999.000,9999.000,9999.000,9999.000,9999.000,9999.000,9999.000,9999.000
202605171024,   1.079,9999.000,9999.000,9999.000,9999.000,9999.000,9999.000,9999.000,9999.000
202605171030,   1.121,9999.000,9999.000,9999.000,9999.000,9999.000,9999.000,9999.000,9999.000
202605171036,   1.162,9999.000,9999.000,9999.000,9999.000,9999.000,9999.000,9999.000,9999.000
202605171042,   1.203,9999.000,9999.000,9999.000,9999.000,9999.000,9999.000,9999.000,9999.000
202605171048,   1.245,9999.000,9999.000,9999.000,9999.000,9999.000,9999.000,9999.000,9999.000
202605171054,   1.286,9999.000,9999.000,9999.000,9999.000,9999.000,9999.000,9999.000,9999.000
202605171100,   1.326,9999.000,   0.400,  -0.069,   1.657,   0.400,   1.657,   0.500,   1.757
202605171106,   1.367,9999.000,9999.000,9999.000,9999.000,9999.000,9999.000,9999.000,9999.000
202605171112,   1.407,9999.000,9999.000,9999.000,9999.000,9999.000,9999.000,9999.000,9999.000
202605171118,   1.446,9999.000,9999.000,9999.000,9999.000,9999.000,9999.000,9999.000,9999.000
202605171124,   1.485,9999.000,9999.000,9999.000,9999.000,9999.000,9999.000,9999.000,9999.000
202605171130,   1.523,9999.000,9999.000,9999.000,9999.000,9999.000,9999.000,9999.000,9999.000
202605171136,   1.560,9999.000,9999.000,9999.000,9999.000,9999.000,9999.000,9999.000,9999.000
202605171142,   1.596,9999.000,9999.000,9999.000,9999.000,9999.000,9999.000,9999.000,9999.000
202605171148,   1.632,9999.000,9999.000,9999.000,9999.000,9999.000,9999.000,9999.000,9999.000
202605171154,   1.667,9999.000,9999.000,9999.000,9999.000,9999.000,9999.000,9999.000,9999.000
202605171200,   1.701,9999.000,   0.400,  -0.069,   2.032,   0.400,   2.032,   0.400,   2.032
202605171206,   1.734,9999.000,9999.000,9999.000,9999.000,9999.000,9999.000,9999.000,9999.000
202605171212,   1.766,9999.000,9999.000,9999.000,9999.000,9999.000,9999.000,9999.000,9999.000
202605171218,   1.797,9999.000,9999.000,9999.000,9999.000,9999.000,9999.000,9999.000,9999.000
202605171224,   1.827,9999.000,9999.000,9999.000,9999.000,9999.000,9999.000,9999.000,9999.000
202605171230,   1.855,9999.000,9999.000,9999.000,9999.000,9999.000,9999.000,9999.000,9999.000
202605171236,   1.883,9999.000,9999.000,9999.000,9999.000,9999.000,9999.000,9999.000,9999.000
202605171242,   1.910,9999.000,9999.000,9999.000,9999.000,9999.000,9999.000,9999.000,9999.000
202605171248,   1.935,9999.000,9999.000,9999.000,9999.000,9999.000,9999.000,9999.000,9999.000
202605171254,   1.959,9999.000,9999.000,9999.000,9999.000,9999.000,9999.000,9999.000,9999.000
202605171300,   1.982,9999.000,   0.400,  -0.069,   2.313,   0.400,   2.313,   0.400,   2.313
202605171306,   2.004,9999.000,9999.000,9999.000,9999.000,9999.000,9999.000,9999.000,9999.000
202605171312,   2.024,9999.000,9999.000,9999.000,9999.000,9999.000,9999.000,9999.000,9999.000
202605171318,   2.043,9999.000,9999.000,9999.000,9999.000,9999.000,9999.000,9999.000,9999.000
202605171324,   2.061,9999.000,9999.000,9999.000,9999.000,9999.000,9999.000,9999.000,9999.000
202605171330,   2.077,9999.000,9999.000,9999.000,9999.000,9999.000,9999.000,9999.000,9999.000
202605171336,   2.092,9999.000,9999.000,9999.000,9999.000,9999.000,9999.000,9999.000,9999.000
202605171342,   2.105,9999.000,9999.000,9999.000,9999.000,9999.000,9999.000,9999.000,9999.000
202605171348,   2.117,9999.000,9999.000,9999.000,9999.000,9999.000,9999.000,9999.000,9999.000
202605171354,   2.127,9999.000,9999.000,9999.000,9999.000,9999.000,9999.000,9999.000,9999.000
202605171400,   2.135,9999.000,   0.400,  -0.069,   2.466,   0.400,   2.466,   0.400,   2.466
202605171406,   2.141,9999.000,9999.000,9999.000,9999.000,9999.000,9999.000,9999.000,9999.000
202605171412,   2.146,9999.000,9999.000,9999.000,9999.000,9999.000,9999.000,9999.000,9999.000
202605171418,   2.148,9999.000,9999.000,9999.000,9999.000,9999.000,9999.000,9999.000,9999.000
202605171424,   2.149,9999.000,9999.000,9999.000,9999.000,9999.000,9999.000,9999.000,9999.000
202605171430,   2.148,9999.000,9999.000,9999.000,9999.000,9999.000,9999.000,9999.000,9999.000
202605171436,   2.144,9999.000,9999.000,9999.000,9999.000,9999.000,9999.000,9999.000,9999.000
202605171442,   2.138,9999.000,9999.000,9999.000,9999.000,9999.000,9999.000,9999.000,9999.000
202605171448,   2.130,9999.000,9999.000,9999.000,9999.000,9999.000,9999.000,9999.000,9999.000
202605171454,   2.120,9999.000,9999.000,9999.000,9999.000,9999.000,9999.000,9999.000,9999.000
202605171500,   2.108,9999.000,   0.400,  -0.069,   2.439,   0.400,   2.439,   0.400,   2.439
202605171506,   2.093,9999.000,9999.000,9999.000,9999.000,9999.000,9999.000,9999.000,9999.000
202605171512,   2.075,9999.000,9999.000,9999.000,9999.000,9999.000,9999.000,9999.000,9999.000
202605171518,   2.055,9999.000,9999.000,9999.000,9999.000,9999.000,9999.000,9999.000,9999.000
202605171524,   2.033,9999.000,9999.000,9999.000,9999.000,9999.000,9999.000,9999.000,9999.000
202605171530,   2.008,9999.000,9999.000,9999.000,9999.000,9999.000,9999.000,9999.000,9999.000
202605171536,   1.980,9999.000,9999.000,9999.000,9999.000,9999.000,9999.000,9999.000,9999.000
202605171542,   1.950,9999.000,9999.000,9999.000,9999.000,9999.000,9999.000,9999.000,9999.000
202605171548,   1.917,9999.000,9999.000,9999.000,9999.000,9999.000,9999.000,9999.000,9999.000
202605171554,   1.882,9999.000,9999.000,9999.000,9999.000,9999.000,9999.000,9999.000,9999.000
202605171600,   1.844,9999.000,   0.400,  -0.069,   2.175,   0.400,   2.175,   0.400,   2.175
202605171606,   1.804,9999.000,9999.000,9999.000,9999.000,9999.000,9999.000,9999.000,9999.000
202605171612,   1.761,9999.000,9999.000,9999.000,9999.000,9999.000,9999.000,9999.000,9999.000
202605171618,   1.716,9999.000,9999.000,9999.000,9999.000,9999.000,9999.000,9999.000,9999.000
202605171624,   1.668,9999.000,9999.000,9999.000,9999.000,9999.000,9999.000,9999.000,9999.000
202605171630,   1.618,9999.000,9999.000,9999.000,9999.000,9999.000,9999.000,9999.000,9999.000
202605171636,   1.566,9999.000,9999.000,9999.000,9999.000,9999.000,9999.000,9999.000,9999.000
202605171642,   1.512,9999.000,9999.000,9999.000,9999.000,9999.000,9999.000,9999.000,9999.000
202605171648,   1.456,9999.000,9999.000,9999.000,9999.000,9999.000,9999.000,9999.000,9999.000
202605171654,   1.398,9999.000,9999.000,9999.000,9999.000,9999.000,9999.000,9999.000,9999.000
202605171700,   1.339,9999.000,   0.400,  -0.069,   1.670,   0.400,   1.670,   0.400,   1.670
202605171706,   1.277,9999.000,9999.000,9999.000,9999.000,9999.000,9999.000,9999.000,9999.000
202605171712,   1.215,9999.000,9999.000,9999.000,9999.000,9999.000,9999.000,9999.000,9999.000
202605171718,   1.151,9999.000,9999.000,9999.000,9999.000,9999.000,9999.000,9999.000,9999.000
202605171724,   1.085,9999.000,9999.000,9999.000,9999.000,9999.000,9999.000,9999.000,9999.000
202605171730,   1.019,9999.000,9999.000,9999.000,9999.000,9999.000,9999.000,9999.000,9999.000
202605171736,   0.952,9999.000,9999.000,9999.000,9999.000,9999.000,9999.000,9999.000,9999.000
202605171742,   0.884,9999.000,9999.000,9999.000,9999.000,9999.000,9999.000,9999.000,9999.000
202605171748,   0.816,9999.000,9999.000,9999.000,9999.000,9999.000,9999.000,9999.000,9999.000
202605171754,   0.747,9999.000,9999.000,9999.000,9999.000,9999.000,9999.000,9999.000,9999.000
202605171800,   0.679,9999.000,   0.400,  -0.069,   1.010,   0.400,   1.010,   0.400,   1.010
202605171806,   0.610,9999.000,9999.000,9999.000,9999.000,9999.000,9999.000,9999.000,9999.000
202605171812,   0.541,9999.000,9999.000,9999.000,9999.000,9999.000,9999.000,9999.000,9999.000
202605171818,   0.473,9999.000,9999.000,9999.000,9999.000,9999.000,9999.000,9999.000,9999.000
202605171824,   0.406,9999.000,9999.000,9999.000,9999.000,9999.000,9999.000,9999.000,9999.000
202605171830,   0.339,9999.000,9999.000,9999.000,9999.000,9999.000,9999.000,9999.000,9999.000
202605171836,   0.273,9999.000,9999.000,9999.000,9999.000,9999.000,9999.000,9999.000,9999.000
202605171842,   0.208,9999.000,9999.000,9999.000,9999.000,9999.000,9999.000,9999.000,9999.000
202605171848,   0.144,9999.000,9999.000,9999.000,9999.000,9999.000,9999.000,9999.000,9999.000
202605171854,   0.082,9999.000,9999.000,9999.000,9999.000,9999.000,9999.000,9999.000,9999.000
202605171900,   0.022,9999.000,   0.400,  -0.069,   0.353,   0.400,   0.353,   0.400,   0.353
202605171906,  -0.036,9999.000,9999.000,9999.000,9999.000,9999.000,9999.000,9999.000,9999.000
202605171912,  -0.093,9999.000,9999.000,9999.000,9999.000,9999.000,9999.000,9999.000,9999.000
202605171918,  -0.148,9999.000,9999.000,9999.000,9999.000,9999.000,9999.000,9999.000,9999.000
202605171924,  -0.201,9999.000,9999.000,9999.000,9999.000,9999.000,9999.000,9999.000,9999.000
202605171930,  -0.252,9999.000,9999.000,9999.000,9999.000,9999.000,9999.000,9999.000,9999.000
202605171936,  -0.300,9999.000,9999.000,9999.000,9999.000,9999.000,9999.000,9999.000,9999.000
202605171942,  -0.346,9999.000,9999.000,9999.000,9999.000,9999.000,9999.000,9999.000,9999.000
202605171948,  -0.389,9999.000,9999.000,9999.000,9999.000,9999.000,9999.000,9999.000,9999.000
202605171954,  -0.430,9999.000,9999.000,9999.000,9999.000,9999.000,9999.000,9999.000,9999.000
202605172000,  -0.468,9999.000,   0.400,  -0.069,  -0.137,   0.400,  -0.137,   0.400,  -0.137
202605172006,  -0.503,9999.000,9999.000,9999.000,9999.000,9999.000,9999.000,9999.000,9999.000
202605172012,  -0.536,9999.000,9999.000,9999.000,9999.000,9999.000,9999.000,9999.000,9999.000
202605172018,  -0.565,9999.000,9999.000,9999.000,9999.000,9999.000,9999.000,9999.000,9999.000
202605172024,  -0.592,9999.000,9999.000,9999.000,9999.000,9999.000,9999.000,9999.000,9999.000
202605172030,  -0.616,9999.000,9999.000,9999.000,9999.000,9999.000,9999.000,9999.000,9999.000
202605172036,  -0.637,9999.000,9999.000,9999.000,9999.000,9999.000,9999.000,9999.000,9999.000
202605172042,  -0.655,9999.000,9999.000,9999.000,9999.000,9999.000,9999.000,9999.000,9999.000
202605172048,  -0.670,9999.000,9999.000,9999.000,9999.000,9999.000,9999.000,9999.000,9999.000
202605172054,  -0.682,9999.000,9999.000,9999.000,9999.000,9999.000,9999.000,9999.000,9999.000
202605172100,  -0.691,9999.000,   0.400,  -0.069,  -0.360,   0.400,  -0.360,   0.400,  -0.360
202605172106,  -0.698,9999.000,9999.000,9999.000,9999.000,9999.000,9999.000,9999.000,9999.000
202605172112,  -0.702,9999.000,9999.000,9999.000,9999.000,9999.000,9999.000,9999.000,9999.000
202605172118,  -0.703,9999.000,9999.000,9999.000,9999.000,9999.000,9999.000,9999.000,9999.000
202605172124,  -0.702,9999.000,9999.000,9999.000,9999.000,9999.000,9999.000,9999.000,9999.000
202605172130,  -0.698,9999.000,9999.000,9999.000,9999.000,9999.000,9999.000,9999.000,9999.000
202605172136,  -0.691,9999.000,9999.000,9999.000,9999.000,9999.000,9999.000,9999.000,9999.000
202605172142,  -0.682,9999.000,9999.000,9999.000,9999.000,9999.000,9999.000,9999.000,9999.000
202605172148,  -0.671,9999.000,9999.000,9999.000,9999.000,9999.000,9999.000,9999.000,9999.000
202605172154,  -0.658,9999.000,9999.000,9999.000,9999.000,9999.000,9999.000,9999.000,9999.000
202605172200,  -0.643,9999.000,   0.400,  -0.069,  -0.312,   0.400,  -0.312,   0.400,  -0.312
202605172206,  -0.626,9999.000,9999.000,9999.000,9999.000,9999.000,9999.000,9999.000,9999.000
202605172212,  -0.607,9999.000,9999.000,9999.000,9999.000,9999.000,9999.000,9999.000,9999.000
202605172218,  -0.586,9999.000,9999.000,9999.000,9999.000,9999.000,9999.000,9999.000,9999.000
202605172224,  -0.564,9999.000,9999.000,9999.000,9999.000,9999.000,9999.000,9999.000,9999.000
202605172230,  -0.540,9999.000,9999.000,9999.000,9999.000,9999.000,9999.000,9999.000,9999.000
202605172236,  -0.515,9999.000,9999.000,9999.000,9999.000,9999.000,9999.000,9999.000,9999.000
202605172242,  -0.489,9999.000,9999.000,9999.000,9999.000,9999.000,9999.000,9999.000,9999.000
202605172248,  -0.461,9999.000,9999.000,9999.000,9999.000,9999.000,9999.000,9999.000,9999.000
202605172254,  -0.432,9999.000,9999.000,9999.000,9999.000,9999.000,9999.000,9999.000,9999.000
202605172300,  -0.403,9999.000,   0.400,  -0.069,  -0.072,   0.400,  -0.072,   0.400,  -0.072
202605172306,  -0.372,9999.000,9999.000,9999.000,9999.000,9999.000,9999.000,9999.000,9999.000
202605172312,  -0.341,9999.000,9999.000,9999.000,9999.000,9999.000,9999.000,9999.000,9999.000
202605172318,  -0.309,9999.000,9999.000,9999.000,9999.000,9999.000,9999.000,9999.000,9999.000
202605172324,  -0.277,9999.000,9999.000,9999.000,9999.000,9999.000,9999.000,9999.000,9999.000
202605172330,  -0.244,9999.000,9999.000,9999.000,9999.000,9999.000,9999.000,9999.000,9999.000
202605172336,  -0.211,9999.000,9999.000,9999.000,9999.000,9999.000,9999.000,9999.000,9999.000
202605172342,  -0.177,9999.000,9999.000,9999.000,9999.000,9999.000,9999.000,9999.000,9999.000
202605172348,  -0.143,9999.000,9999.000,9999.000,9999.000,9999.000,9999.000,9999.000,9999.000
202605172354,  -0.109,9999.000,9999.000,9999.000,9999.000,9999.000,9999.000,9999.000,9999.000
202605180000,  -0.074,9999.000,   0.400,  -0.069,   0.257,   0.400,   0.257,   0.400,   0.257
202605180006,  -0.040,9999.000,9999.000,9999.000,9999.000,9999.000,9999.000,9999.000,9999.000
202605180012,  -0.005,9999.000,9999.000,9999.000,9999.000,9999.000,9999.000,9999.000,9999.000
202605180018,   0.029,9999.000,9999.000,9999.000,9999.000,9999.000,9999.000,9999.000,9999.000
202605180024,   0.063,9999.000,9999.000,9999.000,9999.000,9999.000,9999.000,9999.000,9999.000
202605180030,   0.098,9999.000,9999.000,9999.000,9999.000,9999.000,9999.000,9999.000,9999.000
202605180036,   0.133,9999.000,9999.000,9999.000,9999.000,9999.000,9999.000,9999.000,9999.000
202605180042,   0.167,9999.000,9999.000,9999.000,9999.000,9999.000,9999.000,9999.000,9999.000
202605180048,   0.202,9999.000,9999.000,9999.000,9999.000,9999.000,9999.000,9999.000,9999.000
202605180054,   0.236,9999.000,9999.000,9999.000,9999.000,9999.000,9999.000,9999.000,9999.000
202605180100,   0.270,9999.000,   0.400,  -0.069,   0.601,   0.400,   0.601,   0.400,   0.601
202605180106,   0.305,9999.000,9999.000,9999.000,9999.000,9999.000,9999.000,9999.000,9999.000
202605180112,   0.338,9999.000,9999.000,9999.000,9999.000,9999.000,9999.000,9999.000,9999.000
202605180118,   0.372,9999.000,9999.000,9999.000,9999.000,9999.000,9999.000,9999.000,9999.000
202605180124,   0.405,9999.000,9999.000,9999.000,9999.000,9999.000,9999.000,9999.000,9999.000
202605180130,   0.438,9999.000,9999.000,9999.000,9999.000,9999.000,9999.000,9999.000,9999.000
202605180136,   0.471,9999.000,9999.000,9999.000,9999.000,9999.000,9999.000,9999.000,9999.000
202605180142,   0.504,9999.000,9999.000,9999.000,9999.000,9999.000,9999.000,9999.000,9999.000
202605180148,   0.536,9999.000,9999.000,9999.000,9999.000,9999.000,9999.000,9999.000,9999.000
202605180154,   0.567,9999.000,9999.000,9999.000,9999.000,9999.000,9999.000,9999.000,9999.000
202605180200,   0.598,9999.000,   0.400,  -0.069,   0.929,   0.400,   0.929,   0.400,   0.929
202605180206,   0.628,9999.000,9999.000,9999.000,9999.000,9999.000,9999.000,9999.000,9999.000
202605180212,   0.658,9999.000,9999.000,9999.000,9999.000,9999.000,9999.000,9999.000,9999.000
202605180218,   0.687,9999.000,9999.000,9999.000,9999.000,9999.000,9999.000,9999.000,9999.000
202605180224,   0.716,9999.000,9999.000,9999.000,9999.000,9999.000,9999.000,9999.000,9999.000
202605180230,   0.743,9999.000,9999.000,9999.000,9999.000,9999.000,9999.000,9999.000,9999.000
202605180236,   0.770,9999.000,9999.000,9999.000,9999.000,9999.000,9999.000,9999.000,9999.000
202605180242,   0.796,9999.000,9999.000,9999.000,9999.000,9999.000,9999.000,9999.000,9999.000
202605180248,   0.820,9999.000,9999.000,9999.000,9999.000,9999.000,9999.000,9999.000,9999.000
202605180254,   0.844,9999.000,9999.000,9999.000,9999.000,9999.000,9999.000,9999.000,9999.000
202605180300,   0.866,9999.000,   0.400,  -0.069,   1.197,   0.400,   1.197,   0.400,   1.197
202605180306,   0.887,9999.000,9999.000,9999.000,9999.000,9999.000,9999.000,9999.000,9999.000
202605180312,   0.907,9999.000,9999.000,9999.000,9999.000,9999.000,9999.000,9999.000,9999.000
202605180318,   0.925,9999.000,9999.000,9999.000,9999.000,9999.000,9999.000,9999.000,9999.000
202605180324,   0.942,9999.000,9999.000,9999.000,9999.000,9999.000,9999.000,9999.000,9999.000
202605180330,   0.957,9999.000,9999.000,9999.000,9999.000,9999.000,9999.000,9999.000,9999.000
202605180336,   0.971,9999.000,9999.000,9999.000,9999.000,9999.000,9999.000,9999.000,9999.000
202605180342,   0.982,9999.000,9999.000,9999.000,9999.000,9999.000,9999.000,9999.000,9999.000
202605180348,   0.993,9999.000,9999.000,9999.000,9999.000,9999.000,9999.000,9999.000,9999.000
202605180354,   1.001,9999.000,9999.000,9999.000,9999.000,9999.000,9999.000,9999.000,9999.000
202605180400,   1.008,9999.000,   0.400,  -0.069,   1.339,   0.300,   1.239,   0.400,   1.339
202605180406,   1.013,9999.000,9999.000,9999.000,9999.000,9999.000,9999.000,9999.000,9999.000
202605180412,   1.016,9999.000,9999.000,9999.000,9999.000,9999.000,9999.000,9999.000,9999.000
202605180418,   1.017,9999.000,9999.000,9999.000,9999.000,9999.000,9999.000,9999.000,9999.000
202605180424,   1.016,9999.000,9999.000,9999.000,9999.000,9999.000,9999.000,9999.000,9999.000
202605180430,   1.013,9999.000,9999.000,9999.000,9999.000,9999.000,9999.000,9999.000,9999.000
202605180436,   1.009,9999.000,9999.000,9999.000,9999.000,9999.000,9999.000,9999.000,9999.000
202605180442,   1.003,9999.000,9999.000,9999.000,9999.000,9999.000,9999.000,9999.000,9999.000
202605180448,   0.995,9999.000,9999.000,9999.000,9999.000,9999.000,9999.000,9999.000,9999.000
202605180454,   0.985,9999.000,9999.000,9999.000,9999.000,9999.000,9999.000,9999.000,9999.000
202605180500,   0.974,9999.000,   0.400,  -0.069,   1.305,   0.300,   1.205,   0.400,   1.305
202605180506,   0.961,9999.000,9999.000,9999.000,9999.000,9999.000,9999.000,9999.000,9999.000
202605180512,   0.946,9999.000,9999.000,9999.000,9999.000,9999.000,9999.000,9999.000,9999.000
202605180518,   0.930,9999.000,9999.000,9999.000,9999.000,9999.000,9999.000,9999.000,9999.000
202605180524,   0.913,9999.000,9999.000,9999.000,9999.000,9999.000,9999.000,9999.000,9999.000
202605180530,   0.894,9999.000,9999.000,9999.000,9999.000,9999.000,9999.000,9999.000,9999.000
202605180536,   0.874,9999.000,9999.000,9999.000,9999.000,9999.000,9999.000,9999.000,9999.000
202605180542,   0.853,9999.000,9999.000,9999.000,9999.000,9999.000,9999.000,9999.000,9999.000
202605180548,   0.832,9999.000,9999.000,9999.000,9999.000,9999.000,9999.000,9999.000,9999.000
202605180554,   0.809,9999.000,9999.000,9999.000,9999.000,9999.000,9999.000,9999.000,9999.000
202605180600,   0.786,9999.000,   0.400,  -0.069,   1.117,   0.300,   1.017,   0.400,   1.117
202605180606,   0.762,9999.000,9999.000,9999.000,9999.000,9999.000,9999.000,9999.000,9999.000
202605180612,   0.738,9999.000,9999.000,9999.000,9999.000,9999.000,9999.000,9999.000,9999.000
202605180618,   0.713,9999.000,9999.000,9999.000,9999.000,9999.000,9999.000,9999.000,9999.000
202605180624,   0.689,9999.000,9999.000,9999.000,9999.000,9999.000,9999.000,9999.000,9999.000
202605180630,   0.664,9999.000,9999.000,9999.000,9999.000,9999.000,9999.000,9999.000,9999.000
202605180636,   0.640,9999.000,9999.000,9999.000,9999.000,9999.000,9999.000,9999.000,9999.000
202605180642,   0.615,9999.000,9999.000,9999.000,9999.000,9999.000,9999.000,9999.000,9999.000
202605180648,   0.592,9999.000,9999.000,9999.000,9999.000,9999.000,9999.000,9999.000,9999.000
202605180654,   0.569,9999.000,9999.000,9999.000,9999.000,9999.000,9999.000,9999.000,9999.000
202605180700,   0.546,9999.000,   0.300,  -0.069,   0.777,   0.300,   0.777,   0.400,   0.877
202605180706,   0.525,9999.000,9999.000,9999.000,9999.000,9999.000,9999.000,9999.000,9999.000
202605180712,   0.504,9999.000,9999.000,9999.000,9999.000,9999.000,9999.000,9999.000,9999.000
202605180718,   0.485,9999.000,9999.000,9999.000,9999.000,9999.000,9999.000,9999.000,9999.000
202605180724,   0.466,9999.000,9999.000,9999.000,9999.000,9999.000,9999.000,9999.000,9999.000
202605180730,   0.449,9999.000,9999.000,9999.000,9999.000,9999.000,9999.000,9999.000,9999.000
202605180736,   0.434,9999.000,9999.000,9999.000,9999.000,9999.000,9999.000,9999.000,9999.000
202605180742,   0.420,9999.000,9999.000,9999.000,9999.000,9999.000,9999.000,9999.000,9999.000
202605180748,   0.408,9999.000,9999.000,9999.000,9999.000,9999.000,9999.000,9999.000,9999.000
202605180754,   0.397,9999.000,9999.000,9999.000,9999.000,9999.000,9999.000,9999.000,9999.000
202605180800,   0.389,9999.000,   0.400,  -0.069,   0.720,   0.300,   0.620,   0.400,   0.720
202605180806,   0.382,9999.000,9999.000,9999.000,9999.000,9999.000,9999.000,9999.000,9999.000
202605180812,   0.377,9999.000,9999.000,9999.000,9999.000,9999.000,9999.000,9999.000,9999.000
202605180818,   0.374,9999.000,9999.000,9999.000,9999.000,9999.000,9999.000,9999.000,9999.000
202605180824,   0.373,9999.000,9999.000,9999.000,9999.000,9999.000,9999.000,9999.000,9999.000
202605180830,   0.375,9999.000,9999.000,9999.000,9999.000,9999.000,9999.000,9999.000,9999.000
202605180836,   0.378,9999.000,9999.000,9999.000,9999.000,9999.000,9999.000,9999.000,9999.000
202605180842,   0.384,9999.000,9999.000,9999.000,9999.000,9999.000,9999.000,9999.000,9999.000
202605180848,   0.391,9999.000,9999.000,9999.000,9999.000,9999.000,9999.000,9999.000,9999.000
202605180854,   0.401,9999.000,9999.000,9999.000,9999.000,9999.000,9999.000,9999.000,9999.000
202605180900,   0.413,9999.000,   0.400,  -0.069,   0.744,   0.300,   0.644,   0.400,   0.744
202605180906,   0.427,9999.000,9999.000,9999.000,9999.000,9999.000,9999.000,9999.000,9999.000
202605180912,   0.443,9999.000,9999.000,9999.000,9999.000,9999.000,9999.000,9999.000,9999.000
202605180918,   0.462,9999.000,9999.000,9999.000,9999.000,9999.000,9999.000,9999.000,9999.000
202605180924,   0.482,9999.000,9999.000,9999.000,9999.000,9999.000,9999.000,9999.000,9999.000
202605180930,   0.504,9999.000,9999.000,9999.000,9999.000,9999.000,9999.000,9999.000,9999.000
202605180936,   0.528,9999.000,9999.000,9999.000,9999.000,9999.000,9999.000,9999.000,9999.000
202605180942,   0.554,9999.000,9999.000,9999.000,9999.000,9999.000,9999.000,9999.000,9999.000
202605180948,   0.581,9999.000,9999.000,9999.000,9999.000,9999.000,9999.000,9999.000,9999.000
202605180954,   0.611,9999.000,9999.000,9999.000,9999.000,9999.000,9999.000,9999.000,9999.000
202605181000,   0.641,9999.000,   0.400,  -0.069,   0.972,   0.300,   0.872,   0.400,   0.972
202605181006,   0.674,9999.000,9999.000,9999.000,9999.000,9999.000,9999.000,9999.000,9999.000
202605181012,   0.707,9999.000,9999.000,9999.000,9999.000,9999.000,9999.000,9999.000,9999.000
202605181018,   0.742,9999.000,9999.000,9999.000,9999.000,9999.000,9999.000,9999.000,9999.000
202605181024,   0.778,9999.000,9999.000,9999.000,9999.000,9999.000,9999.000,9999.000,9999.000
202605181030,   0.815,9999.000,9999.000,9999.000,9999.000,9999.000,9999.000,9999.000,9999.000
202605181036,   0.853,9999.000,9999.000,9999.000,9999.000,9999.000,9999.000,9999.000,9999.000
202605181042,   0.892,9999.000,9999.000,9999.000,9999.000,9999.000,9999.000,9999.000,9999.000
202605181048,   0.931,9999.000,9999.000,9999.000,9999.000,9999.000,9999.000,9999.000,9999.000
202605181054,   0.971,9999.000,9999.000,9999.000,9999.000,9999.000,9999.000,9999.000,9999.000
202605181100,   1.012,9999.000,   0.400,  -0.069,   1.343,   0.400,   1.343,   0.400,   1.343
202605181106,   1.053,9999.000,9999.000,9999.000,9999.000,9999.000,9999.000,9999.000,9999.000
202605181112,   1.094,9999.000,9999.000,9999.000,9999.000,9999.000,9999.000,9999.000,9999.000
202605181118,   1.135,9999.000,9999.000,9999.000,9999.000,9999.000,9999.000,9999.000,9999.000
202605181124,   1.176,9999.000,9999.000,9999.000,9999.000,9999.000,9999.000,9999.000,9999.000
202605181130,   1.217,9999.000,9999.000,9999.000,9999.000,9999.000,9999.000,9999.000,9999.000
202605181136,   1.258,9999.000,9999.000,9999.000,9999.000,9999.000,9999.000,9999.000,9999.000
202605181142,   1.299,9999.000,9999.000,9999.000,9999.000,9999.000,9999.000,9999.000,9999.000
202605181148,   1.339,9999.000,9999.000,9999.000,9999.000,9999.000,9999.000,9999.000,9999.000
202605181154,   1.379,9999.000,9999.000,9999.000,9999.000,9999.000,9999.000,9999.000,9999.000
202605181200,   1.419,9999.000,   0.400,  -0.069,   1.750,   0.400,   1.750,   0.400,   1.750
202605181206,   1.458,9999.000,9999.000,9999.000,9999.000,9999.000,9999.000,9999.000,9999.000
202605181212,   1.496,9999.000,9999.000,9999.000,9999.000,9999.000,9999.000,9999.000,9999.000
202605181218,   1.534,9999.000,9999.000,9999.000,9999.000,9999.000,9999.000,9999.000,9999.000
202605181224,   1.571,9999.000,9999.000,9999.000,9999.000,9999.000,9999.000,9999.000,9999.000
202605181230,   1.607,9999.000,9999.000,9999.000,9999.000,9999.000,9999.000,9999.000,9999.000
202605181236,   1.643,9999.000,9999.000,9999.000,9999.000,9999.000,9999.000,9999.000,9999.000
202605181242,   1.677,9999.000,9999.000,9999.000,9999.000,9999.000,9999.000,9999.000,9999.000
202605181248,   1.711,9999.000,9999.000,9999.000,9999.000,9999.000,9999.000,9999.000,9999.000
202605181254,   1.744,9999.000,9999.000,9999.000,9999.000,9999.000,9999.000,9999.000,9999.000
202605181300,   1.776,9999.000,   0.400,  -0.069,   2.107,   0.400,   2.107,   0.400,   2.107
202605181306,   1.807,9999.000,9999.000,9999.000,9999.000,9999.000,9999.000,9999.000,9999.000
202605181312,   1.836,9999.000,9999.000,9999.000,9999.000,9999.000,9999.000,9999.000,9999.000
202605181318,   1.865,9999.000,9999.000,9999.000,9999.000,9999.000,9999.000,9999.000,9999.000
202605181324,   1.893,9999.000,9999.000,9999.000,9999.000,9999.000,9999.000,9999.000,9999.000
202605181330,   1.920,9999.000,9999.000,9999.000,9999.000,9999.000,9999.000,9999.000,9999.000
202605181336,   1.945,9999.000,9999.000,9999.000,9999.000,9999.000,9999.000,9999.000,9999.000
202605181342,   1.969,9999.000,9999.000,9999.000,9999.000,9999.000,9999.000,9999.000,9999.000
202605181348,   1.993,9999.000,9999.000,9999.000,9999.000,9999.000,9999.000,9999.000,9999.000
202605181354,   2.015,9999.000,9999.000,9999.000,9999.000,9999.000,9999.000,9999.000,9999.000
202605181400,   2.035,9999.000,   0.400,  -0.069,   2.366,   0.300,   2.266,   0.400,   2.366
202605181406,   2.055,9999.000,9999.000,9999.000,9999.000,9999.000,9999.000,9999.000,9999.000
202605181412,   2.073,9999.000,9999.000,9999.000,9999.000,9999.000,9999.000,9999.000,9999.000
202605181418,   2.089,9999.000,9999.000,9999.000,9999.000,9999.000,9999.000,9999.000,9999.000
202605181424,   2.104,9999.000,9999.000,9999.000,9999.000,9999.000,9999.000,9999.000,9999.000
202605181430,   2.118,9999.000,9999.000,9999.000,9999.000,9999.000,9999.000,9999.000,9999.000
202605181436,   2.130,9999.000,9999.000,9999.000,9999.000,9999.000,9999.000,9999.000,9999.000
202605181442,   2.141,9999.000,9999.000,9999.000,9999.000,9999.000,9999.000,9999.000,9999.000
202605181448,   2.149,9999.000,9999.000,9999.000,9999.000,9999.000,9999.000,9999.000,9999.000
202605181454,   2.157,9999.000,9999.000,9999.000,9999.000,9999.000,9999.000,9999.000,9999.000
202605181500,   2.162,9999.000,   0.400,  -0.069,   2.493,   0.300,   2.393,   0.400,   2.493
202605181506,   2.165,9999.000,9999.000,9999.000,9999.000,9999.000,9999.000,9999.000,9999.000
202605181512,   2.167,9999.000,9999.000,9999.000,9999.000,9999.000,9999.000,9999.000,9999.000
202605181518,   2.166,9999.000,9999.000,9999.000,9999.000,9999.000,9999.000,9999.000,9999.000
202605181524,   2.163,9999.000,9999.000,9999.000,9999.000,9999.000,9999.000,9999.000,9999.000
202605181530,   2.158,9999.000,9999.000,9999.000,9999.000,9999.000,9999.000,9999.000,9999.000
202605181536,   2.151,9999.000,9999.000,9999.000,9999.000,9999.000,9999.000,9999.000,9999.000
202605181542,   2.142,9999.000,9999.000,9999.000,9999.000,9999.000,9999.000,9999.000,9999.000
202605181548,   2.130,9999.000,9999.000,9999.000,9999.000,9999.000,9999.000,9999.000,9999.000
202605181554,   2.116,9999.000,9999.000,9999.000,9999.000,9999.000,9999.000,9999.000,9999.000
202605181600,   2.099,9999.000,   0.400,  -0.069,   2.430,   0.300,   2.330,   0.400,   2.430
202605181606,   2.080,9999.000,9999.000,9999.000,9999.000,9999.000,9999.000,9999.000,9999.000
202605181612,   2.059,9999.000,9999.000,9999.000,9999.000,9999.000,9999.000,9999.000,9999.000
202605181618,   2.035,9999.000,9999.000,9999.000,9999.000,9999.000,9999.000,9999.000,9999.000
202605181624,   2.008,9999.000,9999.000,9999.000,9999.000,9999.000,9999.000,9999.000,9999.000
202605181630,   1.979,9999.000,9999.000,9999.000,9999.000,9999.000,9999.000,9999.000,9999.000
202605181636,   1.947,9999.000,9999.000,9999.000,9999.000,9999.000,9999.000,9999.000,9999.000
202605181642,   1.913,9999.000,9999.000,9999.000,9999.000,9999.000,9999.000,9999.000,9999.000
202605181648,   1.876,9999.000,9999.000,9999.000,9999.000,9999.000,9999.000,9999.000,9999.000
202605181654,   1.837,9999.000,9999.000,9999.000,9999.000,9999.000,9999.000,9999.000,9999.000
202605181700,   1.795,9999.000,   0.400,  -0.069,   2.126,   0.300,   2.026,   0.400,   2.126
202605181706,   1.751,9999.000,9999.000,9999.000,9999.000,9999.000,9999.000,9999.000,9999.000
202605181712,   1.704,9999.000,9999.000,9999.000,9999.000,9999.000,9999.000,9999.000,9999.000
202605181718,   1.655,9999.000,9999.000,9999.000,9999.000,9999.000,9999.000,9999.000,9999.000
202605181724,   1.605,9999.000,9999.000,9999.000,9999.000,9999.000,9999.000,9999.000,9999.000
202605181730,   1.552,9999.000,9999.000,9999.000,9999.000,9999.000,9999.000,9999.000,9999.000
202605181736,   1.497,9999.000,9999.000,9999.000,9999.000,9999.000,9999.000,9999.000,9999.000
202605181742,   1.440,9999.000,9999.000,9999.000,9999.000,9999.000,9999.000,9999.000,9999.000
202605181748,   1.381,9999.000,9999.000,9999.000,9999.000,9999.000,9999.000,9999.000,9999.000
202605181754,   1.321,9999.000,9999.000,9999.000,9999.000,9999.000,9999.000,9999.000,9999.000
202605181800,   1.259,9999.000,   0.400,  -0.069,   1.590,   0.300,   1.490,   0.400,   1.590
202605181806,   1.196,9999.000,9999.000,9999.000,9999.000,9999.000,9999.000,9999.000,9999.000
202605181812,   1.132,9999.000,9999.000,9999.000,9999.000,9999.000,9999.000,9999.000,9999.000
202605181818,   1.067,9999.000,9999.000,9999.000,9999.000,9999.000,9999.000,9999.000,9999.000
202605181824,   1.001,9999.000,9999.000,9999.000,9999.000,9999.000,9999.000,9999.000,9999.000
202605181830,   0.935,9999.000,9999.000,9999.000,9999.000,9999.000,9999.000,9999.000,9999.000
202605181836,   0.867,9999.000,9999.000,9999.000,9999.000,9999.000,9999.000,9999.000,9999.000
202605181842,   0.800,9999.000,9999.000,9999.000,9999.000,9999.000,9999.000,9999.000,9999.000
202605181848,   0.732,9999.000,9999.000,9999.000,9999.000,9999.000,9999.000,9999.000,9999.000
202605181854,   0.665,9999.000,9999.000,9999.000,9999.000,9999.000,9999.000,9999.000,9999.000
202605181900,   0.597,9999.000,   0.400,  -0.069,   0.928,   0.300,   0.828,   0.400,   0.928
202605181906,   0.530,9999.000,9999.000,9999.000,9999.000,9999.000,9999.000,9999.000,9999.000
202605181912,   0.464,9999.000,9999.000,9999.000,9999.000,9999.000,9999.000,9999.000,9999.000
202605181918,   0.398,9999.000,9999.000,9999.000,9999.000,9999.000,9999.000,9999.000,9999.000
202605181924,   0.333,9999.000,9999.000,9999.000,9999.000,9999.000,9999.000,9999.000,9999.000
202605181930,   0.269,9999.000,9999.000,9999.000,9999.000,9999.000,9999.000,9999.000,9999.000
202605181936,   0.206,9999.000,9999.000,9999.000,9999.000,9999.000,9999.000,9999.000,9999.000
202605181942,   0.145,9999.000,9999.000,9999.000,9999.000,9999.000,9999.000,9999.000,9999.000
202605181948,   0.085,9999.000,9999.000,9999.000,9999.000,9999.000,9999.000,9999.000,9999.000
202605181954,   0.027,9999.000,9999.000,9999.000,9999.000,9999.000,9999.000,9999.000,9999.000
202605182000,  -0.029,9999.000,   0.400,  -0.069,   0.302,   0.300,   0.202,   0.400,   0.302
202605182006,  -0.083,9999.000,9999.000,9999.000,9999.000,9999.000,9999.000,9999.000,9999.000
202605182012,  -0.135,9999.000,9999.000,9999.000,9999.000,9999.000,9999.000,9999.000,9999.000
202605182018,  -0.186,9999.000,9999.000,9999.000,9999.000,9999.000,9999.000,9999.000,9999.000
202605182024,  -0.234,9999.000,9999.000,9999.000,9999.000,9999.000,9999.000,9999.000,9999.000
202605182030,  -0.279,9999.000,9999.000,9999.000,9999.000,9999.000,9999.000,9999.000,9999.000
202605182036,  -0.323,9999.000,9999.000,9999.000,9999.000,9999.000,9999.000,9999.000,9999.000
202605182042,  -0.363,9999.000,9999.000,9999.000,9999.000,9999.000,9999.000,9999.000,9999.000
202605182048,  -0.402,9999.000,9999.000,9999.000,9999.000,9999.000,9999.000,9999.000,9999.000
202605182054,  -0.437,9999.000,9999.000,9999.000,9999.000,9999.000,9999.000,9999.000,9999.000
202605182100,  -0.470,9999.000,   0.400,  -0.069,  -0.139,   0.400,  -0.139,   0.400,  -0.139
202605182106,  -0.500,9999.000,9999.000,9999.000,9999.000,9999.000,9999.000,9999.000,9999.000
202605182112,  -0.527,9999.000,9999.000,9999.000,9999.000,9999.000,9999.000,9999.000,9999.000
202605182118,  -0.552,9999.000,9999.000,9999.000,9999.000,9999.000,9999.000,9999.000,9999.000
202605182124,  -0.574,9999.000,9999.000,9999.000,9999.000,9999.000,9999.000,9999.000,9999.000
202605182130,  -0.593,9999.000,9999.000,9999.000,9999.000,9999.000,9999.000,9999.000,9999.000
202605182136,  -0.609,9999.000,9999.000,9999.000,9999.000,9999.000,9999.000,9999.000,9999.000
202605182142,  -0.623,9999.000,9999.000,9999.000,9999.000,9999.000,9999.000,9999.000,9999.000
202605182148,  -0.634,9999.000,9999.000,9999.000,9999.000,9999.000,9999.000,9999.000,9999.000
202605182154,  -0.642,9999.000,9999.000,9999.000,9999.000,9999.000,9999.000,9999.000,9999.000
202605182200,  -0.647,9999.000,   0.400,  -0.069,  -0.316,   0.400,  -0.316,   0.400,  -0.316
202605182206,  -0.651,9999.000,9999.000,9999.000,9999.000,9999.000,9999.000,9999.000,9999.000
202605182212,  -0.651,9999.000,9999.000,9999.000,9999.000,9999.000,9999.000,9999.000,9999.000
202605182218,  -0.649,9999.000,9999.000,9999.000,9999.000,9999.000,9999.000,9999.000,9999.000
202605182224,  -0.645,9999.000,9999.000,9999.000,9999.000,9999.000,9999.000,9999.000,9999.000
202605182230,  -0.639,9999.000,9999.000,9999.000,9999.000,9999.000,9999.000,9999.000,9999.000
202605182236,  -0.630,9999.000,9999.000,9999.000,9999.000,9999.000,9999.000,9999.000,9999.000
202605182242,  -0.620,9999.000,9999.000,9999.000,9999.000,9999.000,9999.000,9999.000,9999.000
202605182248,  -0.607,9999.000,9999.000,9999.000,9999.000,9999.000,9999.000,9999.000,9999.000
202605182254,  -0.593,9999.000,9999.000,9999.000,9999.000,9999.000,9999.000,9999.000,9999.000
202605182300,  -0.577,9999.000,   0.400,  -0.069,  -0.246,   0.400,  -0.246,   0.400,  -0.246
202605182306,  -0.559,9999.000,9999.000,9999.000,9999.000,9999.000,9999.000,9999.000,9999.000
202605182312,  -0.540,9999.000,9999.000,9999.000,9999.000,9999.000,9999.000,9999.000,9999.000
202605182318,  -0.519,9999.000,9999.000,9999.000,9999.000,9999.000,9999.000,9999.000,9999.000
202605182324,  -0.497,9999.000,9999.000,9999.000,9999.000,9999.000,9999.000,9999.000,9999.000
202605182330,  -0.473,9999.000,9999.000,9999.000,9999.000,9999.000,9999.000,9999.000,9999.000
202605182336,  -0.449,9999.000,9999.000,9999.000,9999.000,9999.000,9999.000,9999.000,9999.000
202605182342,  -0.424,9999.000,9999.000,9999.000,9999.000,9999.000,9999.000,9999.000,9999.000
202605182348,  -0.397,9999.000,9999.000,9999.000,9999.000,9999.000,9999.000,9999.000,9999.000
202605182354,  -0.370,9999.000,9999.000,9999.000,9999.000,9999.000,9999.000,9999.000,9999.000
202605190000,  -0.342,9999.000,   0.400,  -0.069,  -0.011,   0.400,  -0.011,   0.400,  -0.011
202605190006,  -0.313,9999.000,9999.000,9999.000,9999.000,9999.000,9999.000,9999.000,9999.000
202605190012,  -0.284,9999.000,9999.000,9999.000,9999.000,9999.000,9999.000,9999.000,9999.000
202605190018,  -0.254,9999.000,9999.000,9999.000,9999.000,9999.000,9999.000,9999.000,9999.000
202605190024,  -0.224,9999.000,9999.000,9999.000,9999.000,9999.000,9999.000,9999.000,9999.000
202605190030,  -0.193,9999.000,9999.000,9999.000,9999.000,9999.000,9999.000,9999.000,9999.000
202605190036,  -0.162,9999.000,9999.000,9999.000,9999.000,9999.000,9999.000,9999.000,9999.000
202605190042,  -0.131,9999.000,9999.000,9999.000,9999.000,9999.000,9999.000,9999.000,9999.000
202605190048,  -0.099,9999.000,9999.000,9999.000,9999.000,9999.000,9999.000,9999.000,9999.000
202605190054,  -0.067,9999.000,9999.000,9999.000,9999.000,9999.000,9999.000,9999.000,9999.000
202605190100,  -0.036,9999.000,   0.400,  -0.069,   0.295,   0.400,   0.295,   0.400,   0.295
202605190106,  -0.004,9999.000,9999.000,9999.000,9999.000,9999.000,9999.000,9999.000,9999.000
202605190112,   0.028,9999.000,9999.000,9999.000,9999.000,9999.000,9999.000,9999.000,9999.000
202605190118,   0.060,9999.000,9999.000,9999.000,9999.000,9999.000,9999.000,9999.000,9999.000
202605190124,   0.092,9999.000,9999.000,9999.000,9999.000,9999.000,9999.000,9999.000,9999.000
202605190130,   0.124,9999.000,9999.000,9999.000,9999.000,9999.000,9999.000,9999.000,9999.000
202605190136,   0.156,9999.000,9999.000,9999.000,9999.000,9999.000,9999.000,9999.000,9999.000
202605190142,   0.189,9999.000,9999.000,9999.000,9999.000,9999.000,9999.000,9999.000,9999.000
202605190148,   0.221,9999.000,9999.000,9999.000,9999.000,9999.000,9999.000,9999.000,9999.000
202605190154,   0.253,9999.000,9999.000,9999.000,9999.000,9999.000,9999.000,9999.000,9999.000
202605190200,   0.285,9999.000,   0.400,  -0.069,   0.616,   0.400,   0.616,   0.400,   0.616
202605190206,   0.317,9999.000,9999.000,9999.000,9999.000,9999.000,9999.000,9999.000,9999.000
202605190212,   0.348,9999.000,9999.000,9999.000,9999.000,9999.000,9999.000,9999.000,9999.000
202605190218,   0.380,9999.000,9999.000,9999.000,9999.000,9999.000,9999.000,9999.000,9999.000
202605190224,   0.411,9999.000,9999.000,9999.000,9999.000,9999.000,9999.000,9999.000,9999.000
202605190230,   0.442,9999.000,9999.000,9999.000,9999.000,9999.000,9999.000,9999.000,9999.000
202605190236,   0.472,9999.000,9999.000,9999.000,9999.000,9999.000,9999.000,9999.000,9999.000
202605190242,   0.503,9999.000,9999.000,9999.000,9999.000,9999.000,9999.000,9999.000,9999.000
202605190248,   0.532,9999.000,9999.000,9999.000,9999.000,9999.000,9999.000,9999.000,9999.000
202605190254,   0.562,9999.000,9999.000,9999.000,9999.000,9999.000,9999.000,9999.000,9999.000
202605190300,   0.591,9999.000,   0.400,  -0.069,   0.922,   0.300,   0.822,   0.400,   0.922
202605190306,   0.619,9999.000,9999.000,9999.000,9999.000,9999.000,9999.000,9999.000,9999.000
202605190312,   0.646,9999.000,9999.000,9999.000,9999.000,9999.000,9999.000,9999.000,9999.000
202605190318,   0.673,9999.000,9999.000,9999.000,9999.000,9999.000,9999.000,9999.000,9999.000
202605190324,   0.699,9999.000,9999.000,9999.000,9999.000,9999.000,9999.000,9999.000,9999.000
202605190330,   0.724,9999.000,9999.000,9999.000,9999.000,9999.000,9999.000,9999.000,9999.000
202605190336,   0.748,9999.000,9999.000,9999.000,9999.000,9999.000,9999.000,9999.000,9999.000
202605190342,   0.771,9999.000,9999.000,9999.000,9999.000,9999.000,9999.000,9999.000,9999.000
202605190348,   0.793,9999.000,9999.000,9999.000,9999.000,9999.000,9999.000,9999.000,9999.000
202605190354,   0.814,9999.000,9999.000,9999.000,9999.000,9999.000,9999.000,9999.000,9999.000
202605190400,   0.834,9999.000,   0.400,  -0.069,   1.165,   0.300,   1.065,   0.400,   1.165
202605190406,   0.852,9999.000,9999.000,9999.000,9999.000,9999.000,9999.000,9999.000,9999.000
202605190412,   0.869,9999.000,9999.000,9999.000,9999.000,9999.000,9999.000,9999.000,9999.000
202605190418,   0.884,9999.000,9999.000,9999.000,9999.000,9999.000,9999.000,9999.000,9999.000
202605190424,   0.898,9999.000,9999.000,9999.000,9999.000,9999.000,9999.000,9999.000,9999.000
202605190430,   0.911,9999.000,9999.000,9999.000,9999.000,9999.000,9999.000,9999.000,9999.000
202605190436,   0.921,9999.000,9999.000,9999.000,9999.000,9999.000,9999.000,9999.000,9999.000
202605190442,   0.930,9999.000,9999.000,9999.000,9999.000,9999.000,9999.000,9999.000,9999.000
202605190448,   0.938,9999.000,9999.000,9999.000,9999.000,9999.000,9999.000,9999.000,9999.000
202605190454,   0.943,9999.000,9999.000,9999.000,9999.000,9999.000,9999.000,9999.000,9999.000
202605190500,   0.947,9999.000,   0.300,  -0.069,   1.178,   0.300,   1.178,   0.400,   1.278
202605190506,   0.949,9999.000,9999.000,9999.000,9999.000,9999.000,9999.000,9999.000,9999.000
202605190512,   0.950,9999.000,9999.000,9999.000,9999.000,9999.000,9999.000,9999.000,9999.000
202605190518,   0.948,9999.000,9999.000,9999.000,9999.000,9999.000,9999.000,9999.000,9999.000
202605190524,   0.945,9999.000,9999.000,9999.000,9999.000,9999.000,9999.000,9999.000,9999.000
202605190530,   0.940,9999.000,9999.000,9999.000,9999.000,9999.000,9999.000,9999.000,9999.000
202605190536,   0.934,9999.000,9999.000,9999.000,9999.000,9999.000,9999.000,9999.000,9999.000
202605190542,   0.926,9999.000,9999.000,9999.000,9999.000,9999.000,9999.000,9999.000,9999.000
202605190548,   0.916,9999.000,9999.000,9999.000,9999.000,9999.000,9999.000,9999.000,9999.000
202605190554,   0.905,9999.000,9999.000,9999.000,9999.000,9999.000,9999.000,9999.000,9999.000
202605190600,   0.892,9999.000,   0.300,  -0.069,   1.123,   0.300,   1.123,   0.400,   1.223
202605190606,   0.878,9999.000,9999.000,9999.000,9999.000,9999.000,9999.000,9999.000,9999.000
202605190612,   0.862,9999.000,9999.000,9999.000,9999.000,9999.000,9999.000,9999.000,9999.000
202605190618,   0.846,9999.000,9999.000,9999.000,9999.000,9999.000,9999.000,9999.000,9999.000
202605190624,   0.828,9999.000,9999.000,9999.000,9999.000,9999.000,9999.000,9999.000,9999.000
202605190630,   0.809,9999.000,9999.000,9999.000,9999.000,9999.000,9999.000,9999.000,9999.000
202605190636,   0.790,9999.000,9999.000,9999.000,9999.000,9999.000,9999.000,9999.000,9999.000
202605190642,   0.769,9999.000,9999.000,9999.000,9999.000,9999.000,9999.000,9999.000,9999.000
202605190648,   0.749,9999.000,9999.000,9999.000,9999.000,9999.000,9999.000,9999.000,9999.000
202605190654,   0.727,9999.000,9999.000,9999.000,9999.000,9999.000,9999.000,9999.000,9999.000
202605190700,   0.705,9999.000,   0.300,  -0.069,   0.936,   0.300,   0.936,   0.400,   1.036
202605190706,   0.683,9999.000,9999.000,9999.000,9999.000,9999.000,9999.000,9999.000,9999.000
202605190712,   0.661,9999.000,9999.000,9999.000,9999.000,9999.000,9999.000,9999.000,9999.000
202605190718,   0.639,9999.000,9999.000,9999.000,9999.000,9999.000,9999.000,9999.000,9999.000
202605190724,   0.617,9999.000,9999.000,9999.000,9999.000,9999.000,9999.000,9999.000,9999.000
202605190730,   0.595,9999.000,9999.000,9999.000,9999.000,9999.000,9999.000,9999.000,9999.000
202605190736,   0.574,9999.000,9999.000,9999.000,9999.000,9999.000,9999.000,9999.000,9999.000
202605190742,   0.553,9999.000,9999.000,9999.000,9999.000,9999.000,9999.000,9999.000,9999.000
202605190748,   0.533,9999.000,9999.000,9999.000,9999.000,9999.000,9999.000,9999.000,9999.000
202605190754,   0.514,9999.000,9999.000,9999.000,9999.000,9999.000,9999.000,9999.000,9999.000
202605190800,   0.495,9999.000,   0.400,  -0.069,   0.826,   0.300,   0.726,   0.400,   0.826
202605190806,   0.478,9999.000,9999.000,9999.000,9999.000,9999.000,9999.000,9999.000,9999.000
202605190812,   0.462,9999.000,9999.000,9999.000,9999.000,9999.000,9999.000,9999.000,9999.000
202605190818,   0.447,9999.000,9999.000,9999.000,9999.000,9999.000,9999.000,9999.000,9999.000
202605190824,   0.433,9999.000,9999.000,9999.000,9999.000,9999.000,9999.000,9999.000,9999.000
202605190830,   0.421,9999.000,9999.000,9999.000,9999.000,9999.000,9999.000,9999.000,9999.000
202605190836,   0.410,9999.000,9999.000,9999.000,9999.000,9999.000,9999.000,9999.000,9999.000
202605190842,   0.401,9999.000,9999.000,9999.000,9999.000,9999.000,9999.000,9999.000,9999.000
202605190848,   0.394,9999.000,9999.000,9999.000,9999.000,9999.000,9999.000,9999.000,9999.000
202605190854,   0.388,9999.000,9999.000,9999.000,9999.000,9999.000,9999.000,9999.000,9999.000
202605190900,   0.385,9999.000,   0.400,  -0.069,   0.716,   0.300,   0.616,   0.400,   0.716
202605190906,   0.383,9999.000,9999.000,9999.000,9999.000,9999.000,9999.000,9999.000,9999.000
202605190912,   0.382,9999.000,9999.000,9999.000,9999.000,9999.000,9999.000,9999.000,9999.000
202605190918,   0.384,9999.000,9999.000,9999.000,9999.000,9999.000,9999.000,9999.000,9999.000
202605190924,   0.388,9999.000,9999.000,9999.000,9999.000,9999.000,9999.000,9999.000,9999.000
202605190930,   0.394,9999.000,9999.000,9999.000,9999.000,9999.000,9999.000,9999.000,9999.000
202605190936,   0.402,9999.000,9999.000,9999.000,9999.000,9999.000,9999.000,9999.000,9999.000
202605190942,   0.411,9999.000,9999.000,9999.000,9999.000,9999.000,9999.000,9999.000,9999.000
202605190948,   0.423,9999.000,9999.000,9999.000,9999.000,9999.000,9999.000,9999.000,9999.000
202605190954,   0.436,9999.000,9999.000,9999.000,9999.000,9999.000,9999.000,9999.000,9999.000
202605191000,   0.452,9999.000,   0.400,  -0.069,   0.783,   0.300,   0.683,   0.400,   0.783
202605191006,   0.469,9999.000,9999.000,9999.000,9999.000,9999.000,9999.000,9999.000,9999.000
202605191012,   0.489,9999.000,9999.000,9999.000,9999.000,9999.000,9999.000,9999.000,9999.000
202605191018,   0.510,9999.000,9999.000,9999.000,9999.000,9999.000,9999.000,9999.000,9999.000
202605191024,   0.532,9999.000,9999.000,9999.000,9999.000,9999.000,9999.000,9999.000,9999.000
202605191030,   0.557,9999.000,9999.000,9999.000,9999.000,9999.000,9999.000,9999.000,9999.000
202605191036,   0.583,9999.000,9999.000,9999.000,9999.000,9999.000,9999.000,9999.000,9999.000
202605191042,   0.610,9999.000,9999.000,9999.000,9999.000,9999.000,9999.000,9999.000,9999.000
202605191048,   0.639,9999.000,9999.000,9999.000,9999.000,9999.000,9999.000,9999.000,9999.000
202605191054,   0.669,9999.000,9999.000,9999.000,9999.000,9999.000,9999.000,9999.000,9999.000
202605191100,   0.701,9999.000,   0.400,  -0.069,   1.032,   0.400,   1.032,   0.400,   1.032
202605191106,   0.734,9999.000,9999.000,9999.000,9999.000,9999.000,9999.000,9999.000,9999.000
202605191112,   0.767,9999.000,9999.000,9999.000,9999.000,9999.000,9999.000,9999.000,9999.000
202605191118,   0.802,9999.000,9999.000,9999.000,9999.000,9999.000,9999.000,9999.000,9999.000
202605191124,   0.838,9999.000,9999.000,9999.000,9999.000,9999.000,9999.000,9999.000,9999.000
202605191130,   0.874,9999.000,9999.000,9999.000,9999.000,9999.000,9999.000,9999.000,9999.000
202605191136,   0.911,9999.000,9999.000,9999.000,9999.000,9999.000,9999.000,9999.000,9999.000
202605191142,   0.949,9999.000,9999.000,9999.000,9999.000,9999.000,9999.000,9999.000,9999.000
202605191148,   0.987,9999.000,9999.000,9999.000,9999.000,9999.000,9999.000,9999.000,9999.000
202605191154,   1.025,9999.000,9999.000,9999.000,9999.000,9999.000,9999.000,9999.000,9999.000
202605191200,   1.064,9999.000,   0.400,  -0.069,   1.395,   0.400,   1.395,   0.400,   1.395
202605191206,   1.102,9999.000,9999.000,9999.000,9999.000,9999.000,9999.000,9999.000,9999.000
202605191212,   1.141,9999.000,9999.000,9999.000,9999.000,9999.000,9999.000,9999.000,9999.000
202605191218,   1.180,9999.000,9999.000,9999.000,9999.000,9999.000,9999.000,9999.000,9999.000
202605191224,   1.219,9999.000,9999.000,9999.000,9999.000,9999.000,9999.000,9999.000,9999.000
202605191230,   1.258,9999.000,9999.000,9999.000,9999.000,9999.000,9999.000,9999.000,9999.000
202605191236,   1.296,9999.000,9999.000,9999.000,9999.000,9999.000,9999.000,9999.000,9999.000
202605191242,   1.334,9999.000,9999.000,9999.000,9999.000,9999.000,9999.000,9999.000,9999.000
202605191248,   1.372,9999.000,9999.000,9999.000,9999.000,9999.000,9999.000,9999.000,9999.000
202605191254,   1.409,9999.000,9999.000,9999.000,9999.000,9999.000,9999.000,9999.000,9999.000
202605191300,   1.446,9999.000,   0.400,  -0.069,   1.777,   0.400,   1.777,   0.400,   1.777
202605191306,   1.482,9999.000,9999.000,9999.000,9999.000,9999.000,9999.000,9999.000,9999.000
202605191312,   1.517,9999.000,9999.000,9999.000,9999.000,9999.000,9999.000,9999.000,9999.000
202605191318,   1.552,9999.000,9999.000,9999.000,9999.000,9999.000,9999.000,9999.000,9999.000
202605191324,   1.586,9999.000,9999.000,9999.000,9999.000,9999.000,9999.000,9999.000,9999.000
202605191330,   1.620,9999.000,9999.000,9999.000,9999.000,9999.000,9999.000,9999.000,9999.000
202605191336,   1.652,9999.000,9999.000,9999.000,9999.000,9999.000,9999.000,9999.000,9999.000
202605191342,   1.684,9999.000,9999.000,9999.000,9999.000,9999.000,9999.000,9999.000,9999.000
202605191348,   1.715,9999.000,9999.000,9999.000,9999.000,9999.000,9999.000,9999.000,9999.000
202605191354,   1.745,9999.000,9999.000,9999.000,9999.000,9999.000,9999.000,9999.000,9999.000
202605191400,   1.774,9999.000,   0.400,  -0.069,   2.105,   0.300,   2.005,   0.400,   2.105
202605191406,   1.803,9999.000,9999.000,9999.000,9999.000,9999.000,9999.000,9999.000,9999.000
202605191412,   1.830,9999.000,9999.000,9999.000,9999.000,9999.000,9999.000,9999.000,9999.000
202605191418,   1.857,9999.000,9999.000,9999.000,9999.000,9999.000,9999.000,9999.000,9999.000
202605191424,   1.882,9999.000,9999.000,9999.000,9999.000,9999.000,9999.000,9999.000,9999.000
202605191430,   1.906,9999.000,9999.000,9999.000,9999.000,9999.000,9999.000,9999.000,9999.000
202605191436,   1.930,9999.000,9999.000,9999.000,9999.000,9999.000,9999.000,9999.000,9999.000
202605191442,   1.952,9999.000,9999.000,9999.000,9999.000,9999.000,9999.000,9999.000,9999.000
202605191448,   1.973,9999.000,9999.000,9999.000,9999.000,9999.000,9999.000,9999.000,9999.000
202605191454,   1.993,9999.000,9999.000,9999.000,9999.000,9999.000,9999.000,9999.000,9999.000
202605191500,   2.011,9999.000,   0.400,  -0.069,   2.342,   0.300,   2.242,   0.400,   2.342
202605191506,   2.029,9999.000,9999.000,9999.000,9999.000,9999.000,9999.000,9999.000,9999.000
202605191512,   2.045,9999.000,9999.000,9999.000,9999.000,9999.000,9999.000,9999.000,9999.000
202605191518,   2.059,9999.000,9999.000,9999.000,9999.000,9999.000,9999.000,9999.000,9999.000
202605191524,   2.073,9999.000,9999.000,9999.000,9999.000,9999.000,9999.000,9999.000,9999.000
202605191530,   2.084,9999.000,9999.000,9999.000,9999.000,9999.000,9999.000,9999.000,9999.000
202605191536,   2.094,9999.000,9999.000,9999.000,9999.000,9999.000,9999.000,9999.000,9999.000
202605191542,   2.103,9999.000,9999.000,9999.000,9999.000,9999.000,9999.000,9999.000,9999.000
202605191548,   2.110,9999.000,9999.000,9999.000,9999.000,9999.000,9999.000,9999.000,9999.000
202605191554,   2.115,9999.000,9999.000,9999.000,9999.000,9999.000,9999.000,9999.000,9999.000
202605191600,   2.118,9999.000,   0.400,  -0.069,   2.449,   0.300,   2.349,   0.400,   2.449
202605191606,   2.119,9999.000,9999.000,9999.000,9999.000,9999.000,9999.000,9999.000,9999.000
202605191612,   2.118,9999.000,9999.000,9999.000,9999.000,9999.000,9999.000,9999.000,9999.000
202605191618,   2.115,9999.000,9999.000,9999.000,9999.000,9999.000,9999.000,9999.000,9999.000
202605191624,   2.110,9999.000,9999.000,9999.000,9999.000,9999.000,9999.000,9999.000,9999.000
202605191630,   2.103,9999.000,9999.000,9999.000,9999.000,9999.000,9999.000,9999.000,9999.000
202605191636,   2.094,9999.000,9999.000,9999.000,9999.000,9999.000,9999.000,9999.000,9999.000
202605191642,   2.082,9999.000,9999.000,9999.000,9999.000,9999.000,9999.000,9999.000,9999.000
202605191648,   2.069,9999.000,9999.000,9999.000,9999.000,9999.000,9999.000,9999.000,9999.000
202605191654,   2.052,9999.000,9999.000,9999.000,9999.000,9999.000,9999.000,9999.000,9999.000
202605191700,   2.034,9999.000,   0.400,  -0.069,   2.365,   0.300,   2.265,   0.400,   2.365
202605191706,   2.013,9999.000,9999.000,9999.000,9999.000,9999.000,9999.000,9999.000,9999.000
202605191712,   1.989,9999.000,9999.000,9999.000,9999.000,9999.000,9999.000,9999.000,9999.000
202605191718,   1.963,9999.000,9999.000,9999.000,9999.000,9999.000,9999.000,9999.000,9999.000
202605191724,   1.935,9999.000,9999.000,9999.000,9999.000,9999.000,9999.000,9999.000,9999.000
202605191730,   1.904,9999.000,9999.000,9999.000,9999.000,9999.000,9999.000,9999.000,9999.000
202605191736,   1.871,9999.000,9999.000,9999.000,9999.000,9999.000,9999.000,9999.000,9999.000
202605191742,   1.835,9999.000,9999.000,9999.000,9999.000,9999.000,9999.000,9999.000,9999.000
202605191748,   1.798,9999.000,9999.000,9999.000,9999.000,9999.000,9999.000,9999.000,9999.000
202605191754,   1.757,9999.000,9999.000,9999.000,9999.000,9999.000,9999.000,9999.000,9999.000
202605191800,   1.715,9999.000,   0.400,  -0.069,   2.046,   0.300,   1.946,   0.400,   2.046
202605191806,   1.670,9999.000,9999.000,9999.000,9999.000,9999.000,9999.000,9999.000,9999.000
202605191812,   1.624,9999.000,9999.000,9999.000,9999.000,9999.000,9999.000,9999.000,9999.000
202605191818,   1.575,9999.000,9999.000,9999.000,9999.000,9999.000,9999.000,9999.000,9999.000
202605191824,   1.525,9999.000,9999.000,9999.000,9999.000,9999.000,9999.000,9999.000,9999.000
202605191830,   1.472,9999.000,9999.000,9999.000,9999.000,9999.000,9999.000,9999.000,9999.000
202605191836,   1.418,9999.000,9999.000,9999.000,9999.000,9999.000,9999.000,9999.000,9999.000
202605191842,   1.363,9999.000,9999.000,9999.000,9999.000,9999.000,9999.000,9999.000,9999.000
202605191848,   1.306,9999.000,9999.000,9999.000,9999.000,9999.000,9999.000,9999.000,9999.000
202605191854,   1.248,9999.000,9999.000,9999.000,9999.000,9999.000,9999.000,9999.000,9999.000
202605191900,   1.189,9999.000,   0.400,  -0.069,   1.520,   0.300,   1.420,   0.400,   1.520
202605191906,   1.128,9999.000,9999.000,9999.000,9999.000,9999.000,9999.000,9999.000,9999.000
202605191912,   1.067,9999.000,9999.000,9999.000,9999.000,9999.000,9999.000,9999.000,9999.000
202605191918,   1.005,9999.000,9999.000,9999.000,9999.000,9999.000,9999.000,9999.000,9999.000
202605191924,   0.943,9999.000,9999.000,9999.000,9999.000,9999.000,9999.000,9999.000,9999.000
202605191930,   0.880,9999.000,9999.000,9999.000,9999.000,9999.000,9999.000,9999.000,9999.000
202605191936,   0.817,9999.000,9999.000,9999.000,9999.000,9999.000,9999.000,9999.000,9999.000
202605191942,   0.754,9999.000,9999.000,9999.000,9999.000,9999.000,9999.000,9999.000,9999.000
202605191948,   0.691,9999.000,9999.000,9999.000,9999.000,9999.000,9999.000,9999.000,9999.000
202605191954,   0.629,9999.000,9999.000,9999.000,9999.000,9999.000,9999.000,9999.000,9999.000
202605192000,   0.567,9999.000,   0.400,  -0.069,   0.898,   0.400,   0.898,   0.400,   0.898
202605192006,   0.505,9999.000,9999.000,9999.000,9999.000,9999.000,9999.000,9999.000,9999.000
202605192012,   0.444,9999.000,9999.000,9999.000,9999.000,9999.000,9999.000,9999.000,9999.000
202605192018,   0.384,9999.000,9999.000,9999.000,9999.000,9999.000,9999.000,9999.000,9999.000
202605192024,   0.325,9999.000,9999.000,9999.000,9999.000,9999.000,9999.000,9999.000,9999.000
202605192030,   0.268,9999.000,9999.000,9999.000,9999.000,9999.000,9999.000,9999.000,9999.000
202605192036,   0.211,9999.000,9999.000,9999.000,9999.000,9999.000,9999.000,9999.000,9999.000
202605192042,   0.156,9999.000,9999.000,9999.000,9999.000,9999.000,9999.000,9999.000,9999.000
202605192048,   0.103,9999.000,9999.000,9999.000,9999.000,9999.000,9999.000,9999.000,9999.000
202605192054,   0.051,9999.000,9999.000,9999.000,9999.000,9999.000,9999.000,9999.000,9999.000
202605192100,   0.001,9999.000,   0.400,  -0.069,   0.332,   0.400,   0.332,   0.400,   0.332
202605192106,  -0.045,9999.000,9999.000,9999.000,9999.000,9999.000,9999.000,9999.000,9999.000
202605192112,  -0.091,9999.000,9999.000,9999.000,9999.000,9999.000,9999.000,9999.000,9999.000
202605192118,  -0.135,9999.000,9999.000,9999.000,9999.000,9999.000,9999.000,9999.000,9999.000
202605192124,  -0.177,9999.000,9999.000,9999.000,9999.000,9999.000,9999.000,9999.000,9999.000
202605192130,  -0.217,9999.000,9999.000,9999.000,9999.000,9999.000,9999.000,9999.000,9999.000
202605192136,  -0.254,9999.000,9999.000,9999.000,9999.000,9999.000,9999.000,9999.000,9999.000
202605192142,  -0.289,9999.000,9999.000,9999.000,9999.000,9999.000,9999.000,9999.000,9999.000
202605192148,  -0.321,9999.000,9999.000,9999.000,9999.000,9999.000,9999.000,9999.000,9999.000
202605192154,  -0.351,9999.000,9999.000,9999.000,9999.000,9999.000,9999.000,9999.000,9999.000
202605192200,  -0.379,9999.000,   0.400,  -0.069,  -0.048,   0.400,  -0.048,   0.400,  -0.048
202605192206,  -0.404,9999.000,9999.000,9999.000,9999.000,9999.000,9999.000,9999.000,9999.000
202605192212,  -0.426,9999.000,9999.000,9999.000,9999.000,9999.000,9999.000,9999.000,9999.000
202605192218,  -0.446,9999.000,9999.000,9999.000,9999.000,9999.000,9999.000,9999.000,9999.000
202605192224,  -0.464,9999.000,9999.000,9999.000,9999.000,9999.000,9999.000,9999.000,9999.000
202605192230,  -0.479,9999.000,9999.000,9999.000,9999.000,9999.000,9999.000,9999.000,9999.000
202605192236,  -0.492,9999.000,9999.000,9999.000,9999.000,9999.000,9999.000,9999.000,9999.000
202605192242,  -0.502,9999.000,9999.000,9999.000,9999.000,9999.000,9999.000,9999.000,9999.000
202605192248,  -0.510,9999.000,9999.000,9999.000,9999.000,9999.000,9999.000,9999.000,9999.000
202605192254,  -0.516,9999.000,9999.000,9999.000,9999.000,9999.000,9999.000,9999.000,9999.000
202605192300,  -0.519,9999.000,   0.400,  -0.069,  -0.188,   0.400,  -0.188,   0.500,  -0.088
202605192306,  -0.520,9999.000,9999.000,9999.000,9999.000,9999.000,9999.000,9999.000,9999.000
202605192312,  -0.519,9999.000,9999.000,9999.000,9999.000,9999.000,9999.000,9999.000,9999.000
202605192318,  -0.516,9999.000,9999.000,9999.000,9999.000,9999.000,9999.000,9999.000,9999.000
202605192324,  -0.511,9999.000,9999.000,9999.000,9999.000,9999.000,9999.000,9999.000,9999.000
202605192330,  -0.504,9999.000,9999.000,9999.000,9999.000,9999.000,9999.000,9999.000,9999.000
202605192336,  -0.495,9999.000,9999.000,9999.000,9999.000,9999.000,9999.000,9999.000,9999.000
202605192342,  -0.485,9999.000,9999.000,9999.000,9999.000,9999.000,9999.000,9999.000,9999.000
202605192348,  -0.472,9999.000,9999.000,9999.000,9999.000,9999.000,9999.000,9999.000,9999.000
202605192354,  -0.459,9999.000,9999.000,9999.000,9999.000,9999.000,9999.000,9999.000,9999.000
202605200000,  -0.443,9999.000,   0.400,  -0.069,  -0.112,   0.400,  -0.112,   0.500,  -0.012
202605200006,  -0.427,9999.000,9999.000,9999.000,9999.000,9999.000,9999.000,9999.000,9999.000
202605200012,  -0.409,9999.000,9999.000,9999.000,9999.000,9999.000,9999.000,9999.000,9999.000
202605200018,  -0.390,9999.000,9999.000,9999.000,9999.000,9999.000,9999.000,9999.000,9999.000
202605200024,  -0.369,9999.000,9999.000,9999.000,9999.000,9999.000,9999.000,9999.000,9999.000
202605200030,  -0.348,9999.000,9999.000,9999.000,9999.000,9999.000,9999.000,9999.000,9999.000
202605200036,  -0.326,9999.000,9999.000,9999.000,9999.000,9999.000,9999.000,9999.000,9999.000
202605200042,  -0.303,9999.000,9999.000,9999.000,9999.000,9999.000,9999.000,9999.000,9999.000
202605200048,  -0.279,9999.000,9999.000,9999.000,9999.000,9999.000,9999.000,9999.000,9999.000
202605200054,  -0.254,9999.000,9999.000,9999.000,9999.000,9999.000,9999.000,9999.000,9999.000
202605200100,  -0.229,9999.000,   0.400,  -0.069,   0.102,   0.400,   0.102,   0.400,   0.102
202605200106,  -0.203,9999.000,9999.000,9999.000,9999.000,9999.000,9999.000,9999.000,9999.000
202605200112,  -0.177,9999.000,9999.000,9999.000,9999.000,9999.000,9999.000,9999.000,9999.000
202605200118,  -0.150,9999.000,9999.000,9999.000,9999.000,9999.000,9999.000,9999.000,9999.000
202605200124,  -0.122,9999.000,9999.000,9999.000,9999.000,9999.000,9999.000,9999.000,9999.000
202605200130,  -0.095,9999.000,9999.000,9999.000,9999.000,9999.000,9999.000,9999.000,9999.000
202605200136,  -0.067,9999.000,9999.000,9999.000,9999.000,9999.000,9999.000,9999.000,9999.000
202605200142,  -0.039,9999.000,9999.000,9999.000,9999.000,9999.000,9999.000,9999.000,9999.000
202605200148,  -0.010,9999.000,9999.000,9999.000,9999.000,9999.000,9999.000,9999.000,9999.000
202605200154,   0.018,9999.000,9999.000,9999.000,9999.000,9999.000,9999.000,9999.000,9999.000
202605200200,   0.047,9999.000,   0.400,  -0.069,   0.378,   0.400,   0.378,   0.400,   0.378
202605200206,   0.076,9999.000,9999.000,9999.000,9999.000,9999.000,9999.000,9999.000,9999.000
202605200212,   0.105,9999.000,9999.000,9999.000,9999.000,9999.000,9999.000,9999.000,9999.000
202605200218,   0.134,9999.000,9999.000,9999.000,9999.000,9999.000,9999.000,9999.000,9999.000
202605200224,   0.164,9999.000,9999.000,9999.000,9999.000,9999.000,9999.000,9999.000,9999.000
202605200230,   0.193,9999.000,9999.000,9999.000,9999.000,9999.000,9999.000,9999.000,9999.000
202605200236,   0.222,9999.000,9999.000,9999.000,9999.000,9999.000,9999.000,9999.000,9999.000
202605200242,   0.252,9999.000,9999.000,9999.000,9999.000,9999.000,9999.000,9999.000,9999.000
202605200248,   0.281,9999.000,9999.000,9999.000,9999.000,9999.000,9999.000,9999.000,9999.000
202605200254,   0.311,9999.000,9999.000,9999.000,9999.000,9999.000,9999.000,9999.000,9999.000
202605200300,   0.340,9999.000,   0.400,  -0.069,   0.671,   0.400,   0.671,   0.400,   0.671
202605200306,   0.369,9999.000,9999.000,9999.000,9999.000,9999.000,9999.000,9999.000,9999.000
202605200312,   0.398,9999.000,9999.000,9999.000,9999.000,9999.000,9999.000,9999.000,9999.000
202605200318,   0.427,9999.000,9999.000,9999.000,9999.000,9999.000,9999.000,9999.000,9999.000
202605200324,   0.456,9999.000,9999.000,9999.000,9999.000,9999.000,9999.000,9999.000,9999.000
202605200330,   0.484,9999.000,9999.000,9999.000,9999.000,9999.000,9999.000,9999.000,9999.000
202605200336,   0.512,9999.000,9999.000,9999.000,9999.000,9999.000,9999.000,9999.000,9999.000
202605200342,   0.539,9999.000,9999.000,9999.000,9999.000,9999.000,9999.000,9999.000,9999.000
202605200348,   0.567,9999.000,9999.000,9999.000,9999.000,9999.000,9999.000,9999.000,9999.000
202605200354,   0.593,9999.000,9999.000,9999.000,9999.000,9999.000,9999.000,9999.000,9999.000
202605200400,   0.619,9999.000,   0.400,  -0.069,   0.950,   0.300,   0.850,   0.400,   0.950
202605200406,   0.645,9999.000,9999.000,9999.000,9999.000,9999.000,9999.000,9999.000,9999.000
202605200412,   0.670,9999.000,9999.000,9999.000,9999.000,9999.000,9999.000,9999.000,9999.000
202605200418,   0.693,9999.000,9999.000,9999.000,9999.000,9999.000,9999.000,9999.000,9999.000
202605200424,   0.717,9999.000,9999.000,9999.000,9999.000,9999.000,9999.000,9999.000,9999.000
202605200430,   0.739,9999.000,9999.000,9999.000,9999.000,9999.000,9999.000,9999.000,9999.000
202605200436,   0.760,9999.000,9999.000,9999.000,9999.000,9999.000,9999.000,9999.000,9999.000
202605200442,   0.780,9999.000,9999.000,9999.000,9999.000,9999.000,9999.000,9999.000,9999.000
202605200448,   0.799,9999.000,9999.000,9999.000,9999.000,9999.000,9999.000,9999.000,9999.000
202605200454,   0.817,9999.000,9999.000,9999.000,9999.000,9999.000,9999.000,9999.000,9999.000
202605200500,   0.834,9999.000,   0.400,  -0.069,   1.165,   0.300,   1.065,   0.400,   1.165
202605200506,   0.849,9999.000,9999.000,9999.000,9999.000,9999.000,9999.000,9999.000,9999.000
202605200512,   0.863,9999.000,9999.000,9999.000,9999.000,9999.000,9999.000,9999.000,9999.000
202605200518,   0.875,9999.000,9999.000,9999.000,9999.000,9999.000,9999.000,9999.000,9999.000
202605200524,   0.886,9999.000,9999.000,9999.000,9999.000,9999.000,9999.000,9999.000,9999.000
202605200530,   0.896,9999.000,9999.000,9999.000,9999.000,9999.000,9999.000,9999.000,9999.000
202605200536,   0.904,9999.000,9999.000,9999.000,9999.000,9999.000,9999.000,9999.000,9999.000
202605200542,   0.910,9999.000,9999.000,9999.000,9999.000,9999.000,9999.000,9999.000,9999.000
202605200548,   0.915,9999.000,9999.000,9999.000,9999.000,9999.000,9999.000,9999.000,9999.000
202605200554,   0.918,9999.000,9999.000,9999.000,9999.000,9999.000,9999.000,9999.000,9999.000
202605200600,   0.919,9999.000,   0.400,  -0.069,   1.250,   0.300,   1.150,   0.400,   1.250
