        TIME,    TIDE,      OB,   SURGE,    BIAS,     TWL,SURGE90p,  TWL90p,SURGE10p,   TWL10p
202605110000,   1.273,   2.168,   0.900,  -0.005,   2.168,   0.900,   2.168,   1.000,   2.268
202605110006,   1.278,9999.000,9999.000,9999.000,9999.000,9999.000,9999.000,9999.000,9999.000
202605110012,   1.284,   2.158,9999.000,9999.000,9999.000,9999.000,9999.000,9999.000,9999.000
202605110018,   1.290,9999.000,9999.000,9999.000,9999.000,9999.000,9999.000,9999.000,9999.000
202605110024,   1.297,   2.128,9999.000,9999.000,9999.000,9999.000,9999.000,9999.000,9999.000
202605110030,   1.304,9999.000,9999.000,9999.000,9999.000,9999.000,9999.000,9999.000,9999.000
202605110036,   1.311,   2.059,9999.000,9999.000,9999.000,9999.000,9999.000,9999.000,9999.000
202605110042,   1.319,9999.000,9999.000,9999.000,9999.000,9999.000,9999.000,9999.000,9999.000
202605110048,   1.326,   2.099,9999.000,9999.000,9999.000,9999.000,9999.000,9999.000,9999.000
202605110054,   1.335,9999.000,9999.000,9999.000,9999.000,9999.000,9999.000,9999.000,9999.000
202605110100,   1.343,9999.000,   0.900,9999.000,   2.243,   0.900,   2.243,   1.000,   2.343
202605110106,   1.352,9999.000,9999.000,9999.000,9999.000,9999.000,9999.000,9999.000,9999.000
202605110112,   1.360,   2.089,9999.000,9999.000,9999.000,9999.000,9999.000,9999.000,9999.000
202605110118,   1.369,   2.040,9999.000,9999.000,9999.000,9999.000,9999.000,9999.000,9999.000
202605110124,   1.377,   1.990,9999.000,9999.000,9999.000,9999.000,9999.000,9999.000,9999.000
202605110130,   1.386,   1.948,9999.000,9999.000,9999.000,9999.000,9999.000,9999.000,9999.000
202605110136,   1.394,   1.948,9999.000,9999.000,9999.000,9999.000,9999.000,9999.000,9999.000
202605110142,   1.402,   1.958,9999.000,9999.000,9999.000,9999.000,9999.000,9999.000,9999.000
202605110148,   1.410,   1.990,9999.000,9999.000,9999.000,9999.000,9999.000,9999.000,9999.000
202605110154,   1.418,   2.020,9999.000,9999.000,9999.000,9999.000,9999.000,9999.000,9999.000
202605110200,   1.425,   2.000,   0.900,  -0.325,   2.000,   0.900,   2.000,   1.000,   2.100
202605110206,   1.431,   2.000,9999.000,9999.000,9999.000,9999.000,9999.000,9999.000,9999.000
202605110212,   1.438,   2.000,9999.000,9999.000,9999.000,9999.000,9999.000,9999.000,9999.000
202605110218,   1.443,   1.981,9999.000,9999.000,9999.000,9999.000,9999.000,9999.000,9999.000
202605110224,   1.448,   1.958,9999.000,9999.000,9999.000,9999.000,9999.000,9999.000,9999.000
202605110230,   1.453,   2.000,9999.000,9999.000,9999.000,9999.000,9999.000,9999.000,9999.000
202605110236,   1.457,   2.049,9999.000,9999.000,9999.000,9999.000,9999.000,9999.000,9999.000
202605110242,   1.460,   2.059,9999.000,9999.000,9999.000,9999.000,9999.000,9999.000,9999.000
202605110248,   1.463,   2.059,9999.000,9999.000,9999.000,9999.000,9999.000,9999.000,9999.000
202605110254,   1.464,   2.049,9999.000,9999.000,9999.000,9999.000,9999.000,9999.000,9999.000
202605110300,   1.466,   2.040,   0.900,  -0.326,   2.040,   0.900,   2.040,   1.000,   2.140
202605110306,   1.466,   1.981,9999.000,9999.000,9999.000,9999.000,9999.000,9999.000,9999.000
202605110312,   1.466,   1.958,9999.000,9999.000,9999.000,9999.000,9999.000,9999.000,9999.000
202605110318,   1.465,   1.981,9999.000,9999.000,9999.000,9999.000,9999.000,9999.000,9999.000
202605110324,   1.464,   1.981,9999.000,9999.000,9999.000,9999.000,9999.000,9999.000,9999.000
202605110330,   1.462,   2.000,9999.000,9999.000,9999.000,9999.000,9999.000,9999.000,9999.000
202605110336,   1.459,   2.049,9999.000,9999.000,9999.000,9999.000,9999.000,9999.000,9999.000
202605110342,   1.456,   2.128,9999.000,9999.000,9999.000,9999.000,9999.000,9999.000,9999.000
202605110348,   1.452,   2.138,9999.000,9999.000,9999.000,9999.000,9999.000,9999.000,9999.000
202605110354,   1.448,   2.148,9999.000,9999.000,9999.000,9999.000,9999.000,9999.000,9999.000
202605110400,   1.443,   2.118,   0.900,  -0.225,   2.118,   0.900,   2.118,   1.000,   2.218
202605110406,   1.438,   2.069,9999.000,9999.000,9999.000,9999.000,9999.000,9999.000,9999.000
202605110412,   1.432,   2.010,9999.000,9999.000,9999.000,9999.000,9999.000,9999.000,9999.000
202605110418,   1.426,   1.990,9999.000,9999.000,9999.000,9999.000,9999.000,9999.000,9999.000
202605110424,   1.419,   2.020,9999.000,9999.000,9999.000,9999.000,9999.000,9999.000,9999.000
202605110430,   1.412,   2.010,9999.000,9999.000,9999.000,9999.000,9999.000,9999.000,9999.000
202605110436,   1.404,   2.049,9999.000,9999.000,9999.000,9999.000,9999.000,9999.000,9999.000
202605110442,   1.396,   2.109,9999.000,9999.000,9999.000,9999.000,9999.000,9999.000,9999.000
202605110448,   1.388,   2.089,9999.000,9999.000,9999.000,9999.000,9999.000,9999.000,9999.000
202605110454,   1.379,   2.049,9999.000,9999.000,9999.000,9999.000,9999.000,9999.000,9999.000
202605110500,   1.370,   2.010,   0.900,  -0.260,   2.010,   0.800,   1.910,   1.000,   2.110
202605110506,   1.361,   1.981,9999.000,9999.000,9999.000,9999.000,9999.000,9999.000,9999.000
202605110512,   1.351,   1.869,9999.000,9999.000,9999.000,9999.000,9999.000,9999.000,9999.000
202605110518,   1.340,   1.781,9999.000,9999.000,9999.000,9999.000,9999.000,9999.000,9999.000
202605110524,   1.329,   1.800,9999.000,9999.000,9999.000,9999.000,9999.000,9999.000,9999.000
202605110530,   1.318,   1.830,9999.000,9999.000,9999.000,9999.000,9999.000,9999.000,9999.000
202605110536,   1.306,   1.840,9999.000,9999.000,9999.000,9999.000,9999.000,9999.000,9999.000
202605110542,   1.294,   1.859,9999.000,9999.000,9999.000,9999.000,9999.000,9999.000,9999.000
202605110548,   1.281,   1.869,9999.000,9999.000,9999.000,9999.000,9999.000,9999.000,9999.000
202605110554,   1.268,   1.840,9999.000,9999.000,9999.000,9999.000,9999.000,9999.000,9999.000
202605110600,   1.254,   1.718,   0.800,  -0.336,   1.718,   0.800,   1.718,   0.900,   1.818
202605110606,   1.240,   1.630,9999.000,9999.000,9999.000,9999.000,9999.000,9999.000,9999.000
202605110612,   1.225,   1.600,9999.000,9999.000,9999.000,9999.000,9999.000,9999.000,9999.000
202605110618,   1.209,   1.571,9999.000,9999.000,9999.000,9999.000,9999.000,9999.000,9999.000
202605110624,   1.193,   1.600,9999.000,9999.000,9999.000,9999.000,9999.000,9999.000,9999.000
202605110630,   1.177,   1.689,9999.000,9999.000,9999.000,9999.000,9999.000,9999.000,9999.000
202605110636,   1.160,   1.728,9999.000,9999.000,9999.000,9999.000,9999.000,9999.000,9999.000
202605110642,   1.142,   1.649,9999.000,9999.000,9999.000,9999.000,9999.000,9999.000,9999.000
202605110648,   1.125,   1.610,9999.000,9999.000,9999.000,9999.000,9999.000,9999.000,9999.000
202605110654,   1.106,   1.528,9999.000,9999.000,9999.000,9999.000,9999.000,9999.000,9999.000
202605110700,   1.088,   1.479,   0.800,  -0.409,   1.479,   0.700,   1.379,   0.800,   1.479
202605110706,   1.069,   1.439,9999.000,9999.000,9999.000,9999.000,9999.000,9999.000,9999.000
202605110712,   1.050,   1.459,9999.000,9999.000,9999.000,9999.000,9999.000,9999.000,9999.000
202605110718,   1.031,   1.449,9999.000,9999.000,9999.000,9999.000,9999.000,9999.000,9999.000
202605110724,   1.011,   1.449,9999.000,9999.000,9999.000,9999.000,9999.000,9999.000,9999.000
202605110730,   0.992,   1.459,9999.000,9999.000,9999.000,9999.000,9999.000,9999.000,9999.000
202605110736,   0.973,   1.469,9999.000,9999.000,9999.000,9999.000,9999.000,9999.000,9999.000
202605110742,   0.954,   1.410,9999.000,9999.000,9999.000,9999.000,9999.000,9999.000,9999.000
202605110748,   0.935,   1.420,9999.000,9999.000,9999.000,9999.000,9999.000,9999.000,9999.000
202605110754,   0.917,   1.420,9999.000,9999.000,9999.000,9999.000,9999.000,9999.000,9999.000
202605110800,   0.899,   1.390,   0.700,  -0.209,   1.390,   0.700,   1.390,   0.800,   1.490
202605110806,   0.881,   1.400,9999.000,9999.000,9999.000,9999.000,9999.000,9999.000,9999.000
202605110812,   0.865,   1.430,9999.000,9999.000,9999.000,9999.000,9999.000,9999.000,9999.000
202605110818,   0.848,   1.439,9999.000,9999.000,9999.000,9999.000,9999.000,9999.000,9999.000
202605110824,   0.833,   1.410,9999.000,9999.000,9999.000,9999.000,9999.000,9999.000,9999.000
202605110830,   0.819,   1.371,9999.000,9999.000,9999.000,9999.000,9999.000,9999.000,9999.000
202605110836,   0.805,   1.400,9999.000,9999.000,9999.000,9999.000,9999.000,9999.000,9999.000
202605110842,   0.792,   1.390,9999.000,9999.000,9999.000,9999.000,9999.000,9999.000,9999.000
202605110848,   0.781,   1.371,9999.000,9999.000,9999.000,9999.000,9999.000,9999.000,9999.000
202605110854,   0.770,   1.371,9999.000,9999.000,9999.000,9999.000,9999.000,9999.000,9999.000
202605110900,   0.761,   1.371,   0.700,  -0.090,   1.371,   0.700,   1.371,   0.800,   1.471
202605110906,   0.752,   1.371,9999.000,9999.000,9999.000,9999.000,9999.000,9999.000,9999.000
202605110912,   0.745,   1.338,9999.000,9999.000,9999.000,9999.000,9999.000,9999.000,9999.000
202605110918,   0.739,   1.269,9999.000,9999.000,9999.000,9999.000,9999.000,9999.000,9999.000
202605110924,   0.735,   1.229,9999.000,9999.000,9999.000,9999.000,9999.000,9999.000,9999.000
202605110930,   0.731,   1.220,9999.000,9999.000,9999.000,9999.000,9999.000,9999.000,9999.000
202605110936,   0.729,   1.151,9999.000,9999.000,9999.000,9999.000,9999.000,9999.000,9999.000
202605110942,   0.728,   1.138,9999.000,9999.000,9999.000,9999.000,9999.000,9999.000,9999.000
202605110948,   0.728,   1.161,9999.000,9999.000,9999.000,9999.000,9999.000,9999.000,9999.000
202605110954,   0.729,   1.151,9999.000,9999.000,9999.000,9999.000,9999.000,9999.000,9999.000
202605111000,   0.732,   1.138,   0.700,  -0.294,   1.138,   0.700,   1.138,   0.800,   1.238
202605111006,   0.736,   1.138,9999.000,9999.000,9999.000,9999.000,9999.000,9999.000,9999.000
202605111012,   0.741,   1.118,9999.000,9999.000,9999.000,9999.000,9999.000,9999.000,9999.000
202605111018,   0.746,   1.118,9999.000,9999.000,9999.000,9999.000,9999.000,9999.000,9999.000
202605111024,   0.753,   1.138,9999.000,9999.000,9999.000,9999.000,9999.000,9999.000,9999.000
202605111030,   0.761,   1.138,9999.000,9999.000,9999.000,9999.000,9999.000,9999.000,9999.000
202605111036,   0.770,   1.118,9999.000,9999.000,9999.000,9999.000,9999.000,9999.000,9999.000
202605111042,   0.780,   1.128,9999.000,9999.000,9999.000,9999.000,9999.000,9999.000,9999.000
202605111048,   0.791,   1.138,9999.000,9999.000,9999.000,9999.000,9999.000,9999.000,9999.000
202605111054,   0.803,   1.108,9999.000,9999.000,9999.000,9999.000,9999.000,9999.000,9999.000
202605111100,   0.816,   1.059,   0.700,  -0.457,   1.059,   0.700,   1.059,   0.800,   1.159
202605111106,   0.830,   1.088,9999.000,9999.000,9999.000,9999.000,9999.000,9999.000,9999.000
202605111112,   0.844,   1.151,9999.000,9999.000,9999.000,9999.000,9999.000,9999.000,9999.000
202605111118,   0.859,   1.151,9999.000,9999.000,9999.000,9999.000,9999.000,9999.000,9999.000
202605111124,   0.875,   1.200,9999.000,9999.000,9999.000,9999.000,9999.000,9999.000,9999.000
202605111130,   0.892,   1.279,9999.000,9999.000,9999.000,9999.000,9999.000,9999.000,9999.000
202605111136,   0.910,   1.298,9999.000,9999.000,9999.000,9999.000,9999.000,9999.000,9999.000
202605111142,   0.928,   1.220,9999.000,9999.000,9999.000,9999.000,9999.000,9999.000,9999.000
202605111148,   0.947,   1.229,9999.000,9999.000,9999.000,9999.000,9999.000,9999.000,9999.000
202605111154,   0.966,   1.279,9999.000,9999.000,9999.000,9999.000,9999.000,9999.000,9999.000
202605111200,   0.987,   1.308,   0.500,  -0.179,   1.308,   0.500,   1.308,   0.600,   1.408
202605111206,   1.008,   1.308,9999.000,9999.000,9999.000,9999.000,9999.000,9999.000,9999.000
202605111212,   1.029,   1.400,9999.000,9999.000,9999.000,9999.000,9999.000,9999.000,9999.000
202605111218,   1.051,   1.449,9999.000,9999.000,9999.000,9999.000,9999.000,9999.000,9999.000
202605111224,   1.074,   1.390,9999.000,9999.000,9999.000,9999.000,9999.000,9999.000,9999.000
202605111230,   1.097,   1.371,9999.000,9999.000,9999.000,9999.000,9999.000,9999.000,9999.000
202605111236,   1.120,   1.390,9999.000,9999.000,9999.000,9999.000,9999.000,9999.000,9999.000
202605111242,   1.144,   1.430,9999.000,9999.000,9999.000,9999.000,9999.000,9999.000,9999.000
202605111248,   1.168,   1.430,9999.000,9999.000,9999.000,9999.000,9999.000,9999.000,9999.000
202605111254,   1.192,   1.498,9999.000,9999.000,9999.000,9999.000,9999.000,9999.000,9999.000
202605111300,   1.217,   1.557,   0.500,  -0.160,   1.557,   0.400,   1.457,   0.600,   1.657
202605111306,   1.242,   1.610,9999.000,9999.000,9999.000,9999.000,9999.000,9999.000,9999.000
202605111312,   1.267,   1.639,9999.000,9999.000,9999.000,9999.000,9999.000,9999.000,9999.000
202605111318,   1.292,   1.679,9999.000,9999.000,9999.000,9999.000,9999.000,9999.000,9999.000
202605111324,   1.317,   1.610,9999.000,9999.000,9999.000,9999.000,9999.000,9999.000,9999.000
202605111330,   1.341,   1.498,9999.000,9999.000,9999.000,9999.000,9999.000,9999.000,9999.000
202605111336,   1.366,   1.449,9999.000,9999.000,9999.000,9999.000,9999.000,9999.000,9999.000
202605111342,   1.390,   1.338,9999.000,9999.000,9999.000,9999.000,9999.000,9999.000,9999.000
202605111348,   1.414,   1.170,9999.000,9999.000,9999.000,9999.000,9999.000,9999.000,9999.000
202605111354,   1.438,   1.200,9999.000,9999.000,9999.000,9999.000,9999.000,9999.000,9999.000
202605111400,   1.461,   1.361,   0.500,  -0.600,   1.361,   0.400,   1.261,   0.500,   1.361
202605111406,   1.483,   1.469,9999.000,9999.000,9999.000,9999.000,9999.000,9999.000,9999.000
202605111412,   1.505,   1.571,9999.000,9999.000,9999.000,9999.000,9999.000,9999.000,9999.000
202605111418,   1.526,   1.800,9999.000,9999.000,9999.000,9999.000,9999.000,9999.000,9999.000
202605111424,   1.547,   1.967,9999.000,9999.000,9999.000,9999.000,9999.000,9999.000,9999.000
202605111430,   1.566,   2.040,9999.000,9999.000,9999.000,9999.000,9999.000,9999.000,9999.000
202605111436,   1.585,   2.010,9999.000,9999.000,9999.000,9999.000,9999.000,9999.000,9999.000
202605111442,   1.603,   1.958,9999.000,9999.000,9999.000,9999.000,9999.000,9999.000,9999.000
202605111448,   1.620,   1.899,9999.000,9999.000,9999.000,9999.000,9999.000,9999.000,9999.000
202605111454,   1.636,   1.859,9999.000,9999.000,9999.000,9999.000,9999.000,9999.000,9999.000
202605111500,   1.651,   1.869,   0.500,  -0.282,   1.869,   0.400,   1.769,   0.500,   1.869
202605111506,   1.666,   2.030,9999.000,9999.000,9999.000,9999.000,9999.000,9999.000,9999.000
202605111512,   1.679,   2.138,9999.000,9999.000,9999.000,9999.000,9999.000,9999.000,9999.000
202605111518,   1.691,   2.069,9999.000,9999.000,9999.000,9999.000,9999.000,9999.000,9999.000
202605111524,   1.702,   2.148,9999.000,9999.000,9999.000,9999.000,9999.000,9999.000,9999.000
202605111530,   1.713,   2.079,9999.000,9999.000,9999.000,9999.000,9999.000,9999.000,9999.000
202605111536,   1.722,   1.718,9999.000,9999.000,9999.000,9999.000,9999.000,9999.000,9999.000
202605111542,   1.731,   1.859,9999.000,9999.000,9999.000,9999.000,9999.000,9999.000,9999.000
202605111548,   1.739,   1.981,9999.000,9999.000,9999.000,9999.000,9999.000,9999.000,9999.000
202605111554,   1.745,   2.000,9999.000,9999.000,9999.000,9999.000,9999.000,9999.000,9999.000
202605111600,   1.752,   2.059,   0.500,  -0.193,   2.059,   0.400,   1.959,   0.500,   2.059
202605111606,   1.757,   2.059,9999.000,9999.000,9999.000,9999.000,9999.000,9999.000,9999.000
202605111612,   1.761,   1.948,9999.000,9999.000,9999.000,9999.000,9999.000,9999.000,9999.000
202605111618,   1.765,   1.669,9999.000,9999.000,9999.000,9999.000,9999.000,9999.000,9999.000
202605111624,   1.768,   1.469,9999.000,9999.000,9999.000,9999.000,9999.000,9999.000,9999.000
202605111630,   1.771,   1.348,9999.000,9999.000,9999.000,9999.000,9999.000,9999.000,9999.000
202605111636,   1.773,   1.279,9999.000,9999.000,9999.000,9999.000,9999.000,9999.000,9999.000
202605111642,   1.774,   1.259,9999.000,9999.000,9999.000,9999.000,9999.000,9999.000,9999.000
202605111648,   1.775,   1.410,9999.000,9999.000,9999.000,9999.000,9999.000,9999.000,9999.000
202605111654,   1.775,   1.689,9999.000,9999.000,9999.000,9999.000,9999.000,9999.000,9999.000
202605111700,   1.774,   1.967,   0.500,  -0.307,   1.967,   0.400,   1.867,   0.500,   1.967
202605111706,   1.773,   2.128,9999.000,9999.000,9999.000,9999.000,9999.000,9999.000,9999.000
202605111712,   1.771,   2.230,9999.000,9999.000,9999.000,9999.000,9999.000,9999.000,9999.000
202605111718,   1.769,   2.318,9999.000,9999.000,9999.000,9999.000,9999.000,9999.000,9999.000
202605111724,   1.766,   2.191,9999.000,9999.000,9999.000,9999.000,9999.000,9999.000,9999.000
202605111730,   1.762,   2.020,9999.000,9999.000,9999.000,9999.000,9999.000,9999.000,9999.000
202605111736,   1.758,   2.079,9999.000,9999.000,9999.000,9999.000,9999.000,9999.000,9999.000
202605111742,   1.753,   2.338,9999.000,9999.000,9999.000,9999.000,9999.000,9999.000,9999.000
202605111748,   1.747,   2.620,9999.000,9999.000,9999.000,9999.000,9999.000,9999.000,9999.000
202605111754,   1.741,   2.948,9999.000,9999.000,9999.000,9999.000,9999.000,9999.000,9999.000
202605111800,   1.733,   3.270,   0.300,   1.237,   3.270,   0.200,   3.170,   0.400,   3.370
202605111806,   1.725,   3.270,9999.000,9999.000,9999.000,9999.000,9999.000,9999.000,9999.000
202605111812,   1.716,   3.099,9999.000,9999.000,9999.000,9999.000,9999.000,9999.000,9999.000
202605111818,   1.707,   3.017,9999.000,9999.000,9999.000,9999.000,9999.000,9999.000,9999.000
202605111824,   1.696,   2.830,9999.000,9999.000,9999.000,9999.000,9999.000,9999.000,9999.000
202605111830,   1.685,   2.548,9999.000,9999.000,9999.000,9999.000,9999.000,9999.000,9999.000
202605111836,   1.672,   2.410,9999.000,9999.000,9999.000,9999.000,9999.000,9999.000,9999.000
202605111842,   1.659,   2.377,9999.000,9999.000,9999.000,9999.000,9999.000,9999.000,9999.000
202605111848,   1.645,   2.400,9999.000,9999.000,9999.000,9999.000,9999.000,9999.000,9999.000
202605111854,   1.630,   2.387,9999.000,9999.000,9999.000,9999.000,9999.000,9999.000,9999.000
202605111900,   1.614,   2.479,   0.300,   0.565,   2.479,   0.200,   2.379,   0.400,   2.579
202605111906,   1.597,   2.538,9999.000,9999.000,9999.000,9999.000,9999.000,9999.000,9999.000
202605111912,   1.579,   2.469,9999.000,9999.000,9999.000,9999.000,9999.000,9999.000,9999.000
202605111918,   1.561,   2.410,9999.000,9999.000,9999.000,9999.000,9999.000,9999.000,9999.000
202605111924,   1.542,   2.318,9999.000,9999.000,9999.000,9999.000,9999.000,9999.000,9999.000
202605111930,   1.522,   2.250,9999.000,9999.000,9999.000,9999.000,9999.000,9999.000,9999.000
202605111936,   1.502,   2.158,9999.000,9999.000,9999.000,9999.000,9999.000,9999.000,9999.000
202605111942,   1.481,   2.089,9999.000,9999.000,9999.000,9999.000,9999.000,9999.000,9999.000
202605111948,   1.460,   1.990,9999.000,9999.000,9999.000,9999.000,9999.000,9999.000,9999.000
202605111954,   1.438,   1.918,9999.000,9999.000,9999.000,9999.000,9999.000,9999.000,9999.000
202605112000,   1.416,   1.958,   0.300,   0.242,   1.958,   0.200,   1.858,   0.400,   2.058
202605112006,   1.394,   1.981,9999.000,9999.000,9999.000,9999.000,9999.000,9999.000,9999.000
202605112012,   1.371,   2.000,9999.000,9999.000,9999.000,9999.000,9999.000,9999.000,9999.000
202605112018,   1.349,   1.908,9999.000,9999.000,9999.000,9999.000,9999.000,9999.000,9999.000
202605112024,   1.326,   1.967,9999.000,9999.000,9999.000,9999.000,9999.000,9999.000,9999.000
202605112030,   1.304,   2.020,9999.000,9999.000,9999.000,9999.000,9999.000,9999.000,9999.000
202605112036,   1.282,   2.069,9999.000,9999.000,9999.000,9999.000,9999.000,9999.000,9999.000
202605112042,   1.260,   2.109,9999.000,9999.000,9999.000,9999.000,9999.000,9999.000,9999.000
202605112048,   1.239,   2.128,9999.000,9999.000,9999.000,9999.000,9999.000,9999.000,9999.000
202605112054,   1.218,   1.967,9999.000,9999.000,9999.000,9999.000,9999.000,9999.000,9999.000
202605112100,   1.197,   1.728,   0.300,   0.231,   1.728,   0.200,   1.628,   0.500,   1.928
202605112106,   1.178,   1.600,9999.000,9999.000,9999.000,9999.000,9999.000,9999.000,9999.000
202605112112,   1.159,   1.610,9999.000,9999.000,9999.000,9999.000,9999.000,9999.000,9999.000
202605112118,   1.140,   1.600,9999.000,9999.000,9999.000,9999.000,9999.000,9999.000,9999.000
202605112124,   1.123,   1.767,9999.000,9999.000,9999.000,9999.000,9999.000,9999.000,9999.000
202605112130,   1.106,   1.967,9999.000,9999.000,9999.000,9999.000,9999.000,9999.000,9999.000
202605112136,   1.090,   1.990,9999.000,9999.000,9999.000,9999.000,9999.000,9999.000,9999.000
202605112142,   1.075,   1.899,9999.000,9999.000,9999.000,9999.000,9999.000,9999.000,9999.000
202605112148,   1.061,   1.869,9999.000,9999.000,9999.000,9999.000,9999.000,9999.000,9999.000
202605112154,   1.048,   1.810,9999.000,9999.000,9999.000,9999.000,9999.000,9999.000,9999.000
202605112200,   1.036,   1.859,   0.300,   0.523,   1.859,   0.200,   1.759,   0.400,   1.959
202605112206,   1.025,   1.840,9999.000,9999.000,9999.000,9999.000,9999.000,9999.000,9999.000
202605112212,   1.014,   1.790,9999.000,9999.000,9999.000,9999.000,9999.000,9999.000,9999.000
202605112218,   1.005,   1.630,9999.000,9999.000,9999.000,9999.000,9999.000,9999.000,9999.000
202605112224,   0.997,   1.489,9999.000,9999.000,9999.000,9999.000,9999.000,9999.000,9999.000
202605112230,   0.990,   1.390,9999.000,9999.000,9999.000,9999.000,9999.000,9999.000,9999.000
202605112236,   0.983,   1.348,9999.000,9999.000,9999.000,9999.000,9999.000,9999.000,9999.000
202605112242,   0.978,   1.318,9999.000,9999.000,9999.000,9999.000,9999.000,9999.000,9999.000
202605112248,   0.974,   1.338,9999.000,9999.000,9999.000,9999.000,9999.000,9999.000,9999.000
202605112254,   0.970,   1.308,9999.000,9999.000,9999.000,9999.000,9999.000,9999.000,9999.000
202605112300,   0.968,   1.180,   0.300,  -0.088,   1.180,   0.200,   1.080,   0.400,   1.280
202605112306,   0.967,   1.000,9999.000,9999.000,9999.000,9999.000,9999.000,9999.000,9999.000
202605112312,   0.966,   0.941,9999.000,9999.000,9999.000,9999.000,9999.000,9999.000,9999.000
202605112318,   0.967,   0.879,9999.000,9999.000,9999.000,9999.000,9999.000,9999.000,9999.000
202605112324,   0.968,   0.879,9999.000,9999.000,9999.000,9999.000,9999.000,9999.000,9999.000
202605112330,   0.970,   0.951,9999.000,9999.000,9999.000,9999.000,9999.000,9999.000,9999.000
202605112336,   0.974,   1.010,9999.000,9999.000,9999.000,9999.000,9999.000,9999.000,9999.000
202605112342,   0.978,   1.010,9999.000,9999.000,9999.000,9999.000,9999.000,9999.000,9999.000
202605112348,   0.983,   1.029,9999.000,9999.000,9999.000,9999.000,9999.000,9999.000,9999.000
202605112354,   0.990,   1.088,9999.000,9999.000,9999.000,9999.000,9999.000,9999.000,9999.000
202605120000,   0.997,   1.118,   0.400,  -0.279,   1.118,   0.300,   1.018,   0.500,   1.218
202605120006,   1.005,   1.151,9999.000,9999.000,9999.000,9999.000,9999.000,9999.000,9999.000
202605120012,   1.014,   1.239,9999.000,9999.000,9999.000,9999.000,9999.000,9999.000,9999.000
202605120018,   1.024,   1.239,9999.000,9999.000,9999.000,9999.000,9999.000,9999.000,9999.000
202605120024,   1.034,   1.180,9999.000,9999.000,9999.000,9999.000,9999.000,9999.000,9999.000
202605120030,   1.046,   1.098,9999.000,9999.000,9999.000,9999.000,9999.000,9999.000,9999.000
202605120036,   1.059,   1.010,9999.000,9999.000,9999.000,9999.000,9999.000,9999.000,9999.000
202605120042,   1.072,   0.941,9999.000,9999.000,9999.000,9999.000,9999.000,9999.000,9999.000
202605120048,   1.086,   0.928,9999.000,9999.000,9999.000,9999.000,9999.000,9999.000,9999.000
202605120054,   1.101,   0.990,9999.000,9999.000,9999.000,9999.000,9999.000,9999.000,9999.000
202605120100,   1.116,   0.970,   0.300,  -0.446,   0.970,   0.200,   0.870,   0.400,   1.070
202605120106,   1.133,   1.000,9999.000,9999.000,9999.000,9999.000,9999.000,9999.000,9999.000
202605120112,   1.149,   1.049,9999.000,9999.000,9999.000,9999.000,9999.000,9999.000,9999.000
202605120118,   1.167,   1.049,9999.000,9999.000,9999.000,9999.000,9999.000,9999.000,9999.000
202605120124,   1.185,   1.029,9999.000,9999.000,9999.000,9999.000,9999.000,9999.000,9999.000
202605120130,   1.203,   1.020,9999.000,9999.000,9999.000,9999.000,9999.000,9999.000,9999.000
202605120136,   1.221,   1.039,9999.000,9999.000,9999.000,9999.000,9999.000,9999.000,9999.000
202605120142,   1.240,   1.059,9999.000,9999.000,9999.000,9999.000,9999.000,9999.000,9999.000
202605120148,   1.259,   1.079,9999.000,9999.000,9999.000,9999.000,9999.000,9999.000,9999.000
202605120154,   1.278,   1.088,9999.000,9999.000,9999.000,9999.000,9999.000,9999.000,9999.000
202605120200,   1.296,   1.098,   0.300,  -0.498,   1.098,   0.200,   0.998,   0.400,   1.198
202605120206,   1.315,   1.128,9999.000,9999.000,9999.000,9999.000,9999.000,9999.000,9999.000
202605120212,   1.334,   1.151,9999.000,9999.000,9999.000,9999.000,9999.000,9999.000,9999.000
202605120218,   1.352,   1.151,9999.000,9999.000,9999.000,9999.000,9999.000,9999.000,9999.000
202605120224,   1.370,   1.138,9999.000,9999.000,9999.000,9999.000,9999.000,9999.000,9999.000
202605120230,   1.388,   1.128,9999.000,9999.000,9999.000,9999.000,9999.000,9999.000,9999.000
202605120236,   1.405,   1.161,9999.000,9999.000,9999.000,9999.000,9999.000,9999.000,9999.000
202605120242,   1.421,   1.239,9999.000,9999.000,9999.000,9999.000,9999.000,9999.000,9999.000
202605120248,   1.437,   1.338,9999.000,9999.000,9999.000,9999.000,9999.000,9999.000,9999.000
202605120254,   1.452,   1.518,9999.000,9999.000,9999.000,9999.000,9999.000,9999.000,9999.000
202605120300,   1.467,   1.580,   0.200,  -0.087,   1.580,   0.100,   1.480,   0.300,   1.680
202605120306,   1.480,   1.630,9999.000,9999.000,9999.000,9999.000,9999.000,9999.000,9999.000
202605120312,   1.493,   1.689,9999.000,9999.000,9999.000,9999.000,9999.000,9999.000,9999.000
202605120318,   1.505,   1.718,9999.000,9999.000,9999.000,9999.000,9999.000,9999.000,9999.000
202605120324,   1.516,   1.699,9999.000,9999.000,9999.000,9999.000,9999.000,9999.000,9999.000
202605120330,   1.527,   1.728,9999.000,9999.000,9999.000,9999.000,9999.000,9999.000,9999.000
202605120336,   1.536,   1.781,9999.000,9999.000,9999.000,9999.000,9999.000,9999.000,9999.000
202605120342,   1.545,   1.781,9999.000,9999.000,9999.000,9999.000,9999.000,9999.000,9999.000
202605120348,   1.552,   1.728,9999.000,9999.000,9999.000,9999.000,9999.000,9999.000,9999.000
202605120354,   1.559,   1.718,9999.000,9999.000,9999.000,9999.000,9999.000,9999.000,9999.000
202605120400,   1.565,   1.748,   0.200,  -0.017,   1.748,   0.100,   1.648,   0.300,   1.848
202605120406,   1.571,   1.708,9999.000,9999.000,9999.000,9999.000,9999.000,9999.000,9999.000
202605120412,   1.575,   1.699,9999.000,9999.000,9999.000,9999.000,9999.000,9999.000,9999.000
202605120418,   1.579,   1.728,9999.000,9999.000,9999.000,9999.000,9999.000,9999.000,9999.000
202605120424,   1.582,   1.738,9999.000,9999.000,9999.000,9999.000,9999.000,9999.000,9999.000
202605120430,   1.584,   1.718,9999.000,9999.000,9999.000,9999.000,9999.000,9999.000,9999.000
202605120436,   1.586,   1.728,9999.000,9999.000,9999.000,9999.000,9999.000,9999.000,9999.000
202605120442,   1.587,   1.738,9999.000,9999.000,9999.000,9999.000,9999.000,9999.000,9999.000
202605120448,   1.587,   1.738,9999.000,9999.000,9999.000,9999.000,9999.000,9999.000,9999.000
202605120454,   1.587,   1.708,9999.000,9999.000,9999.000,9999.000,9999.000,9999.000,9999.000
202605120500,   1.586,   1.669,   0.200,  -0.117,   1.669,   0.100,   1.569,   0.300,   1.769
202605120506,   1.584,   1.689,9999.000,9999.000,9999.000,9999.000,9999.000,9999.000,9999.000
202605120512,   1.582,   1.699,9999.000,9999.000,9999.000,9999.000,9999.000,9999.000,9999.000
202605120518,   1.580,   1.728,9999.000,9999.000,9999.000,9999.000,9999.000,9999.000,9999.000
202605120524,   1.577,   1.738,9999.000,9999.000,9999.000,9999.000,9999.000,9999.000,9999.000
202605120530,   1.573,   1.738,9999.000,9999.000,9999.000,9999.000,9999.000,9999.000,9999.000
202605120536,   1.569,   1.738,9999.000,9999.000,9999.000,9999.000,9999.000,9999.000,9999.000
202605120542,   1.564,   1.708,9999.000,9999.000,9999.000,9999.000,9999.000,9999.000,9999.000
202605120548,   1.558,   1.639,9999.000,9999.000,9999.000,9999.000,9999.000,9999.000,9999.000
202605120554,   1.552,   1.649,9999.000,9999.000,9999.000,9999.000,9999.000,9999.000,9999.000
202605120600,   1.546,   1.679,   0.300,  -0.167,   1.679,   0.200,   1.579,   0.400,   1.779
202605120606,   1.539,   1.669,9999.000,9999.000,9999.000,9999.000,9999.000,9999.000,9999.000
202605120612,   1.531,   1.639,9999.000,9999.000,9999.000,9999.000,9999.000,9999.000,9999.000
202605120618,   1.522,   1.699,9999.000,9999.000,9999.000,9999.000,9999.000,9999.000,9999.000
202605120624,   1.513,   1.738,9999.000,9999.000,9999.000,9999.000,9999.000,9999.000,9999.000
202605120630,   1.503,   1.718,9999.000,9999.000,9999.000,9999.000,9999.000,9999.000,9999.000
202605120636,   1.492,   1.767,9999.000,9999.000,9999.000,9999.000,9999.000,9999.000,9999.000
202605120642,   1.480,   1.767,9999.000,9999.000,9999.000,9999.000,9999.000,9999.000,9999.000
202605120648,   1.468,   1.790,9999.000,9999.000,9999.000,9999.000,9999.000,9999.000,9999.000
202605120654,   1.455,   1.790,9999.000,9999.000,9999.000,9999.000,9999.000,9999.000,9999.000
202605120700,   1.441,   1.849,   0.300,   0.108,   1.849,   0.200,   1.749,   0.400,   1.949
202605120706,   1.427,   1.790,9999.000,9999.000,9999.000,9999.000,9999.000,9999.000,9999.000
202605120712,   1.412,   1.859,9999.000,9999.000,9999.000,9999.000,9999.000,9999.000,9999.000
202605120718,   1.396,   1.899,9999.000,9999.000,9999.000,9999.000,9999.000,9999.000,9999.000
202605120724,   1.379,   1.840,9999.000,9999.000,9999.000,9999.000,9999.000,9999.000,9999.000
202605120730,   1.362,   1.840,9999.000,9999.000,9999.000,9999.000,9999.000,9999.000,9999.000
202605120736,   1.344,   1.849,9999.000,9999.000,9999.000,9999.000,9999.000,9999.000,9999.000
202605120742,   1.326,   1.879,9999.000,9999.000,9999.000,9999.000,9999.000,9999.000,9999.000
202605120748,   1.307,   1.849,9999.000,9999.000,9999.000,9999.000,9999.000,9999.000,9999.000
202605120754,   1.288,   1.767,9999.000,9999.000,9999.000,9999.000,9999.000,9999.000,9999.000
202605120800,   1.268,   1.767,   0.400,   0.099,   1.767,   0.300,   1.667,   0.500,   1.867
202605120806,   1.249,   1.718,9999.000,9999.000,9999.000,9999.000,9999.000,9999.000,9999.000
202605120812,   1.229,   1.630,9999.000,9999.000,9999.000,9999.000,9999.000,9999.000,9999.000
202605120818,   1.209,   1.580,9999.000,9999.000,9999.000,9999.000,9999.000,9999.000,9999.000
202605120824,   1.189,   1.548,9999.000,9999.000,9999.000,9999.000,9999.000,9999.000,9999.000
202605120830,   1.169,9999.000,9999.000,9999.000,9999.000,9999.000,9999.000,9999.000,9999.000
202605120836,   1.150,   1.538,9999.000,9999.000,9999.000,9999.000,9999.000,9999.000,9999.000
202605120842,   1.130,   1.538,9999.000,9999.000,9999.000,9999.000,9999.000,9999.000,9999.000
202605120848,   1.111,   1.580,9999.000,9999.000,9999.000,9999.000,9999.000,9999.000,9999.000
202605120854,   1.093,   1.580,9999.000,9999.000,9999.000,9999.000,9999.000,9999.000,9999.000
202605120900,   1.075,   1.548,   0.400,   0.073,   1.548,   0.300,   1.448,   0.500,   1.648
202605120906,   1.058,   1.571,9999.000,9999.000,9999.000,9999.000,9999.000,9999.000,9999.000
202605120912,   1.041,   1.580,9999.000,9999.000,9999.000,9999.000,9999.000,9999.000,9999.000
202605120918,   1.025,   1.590,9999.000,9999.000,9999.000,9999.000,9999.000,9999.000,9999.000
202605120924,   1.010,   1.571,9999.000,9999.000,9999.000,9999.000,9999.000,9999.000,9999.000
202605120930,   0.996,   1.528,9999.000,9999.000,9999.000,9999.000,9999.000,9999.000,9999.000
202605120936,   0.982,   1.449,9999.000,9999.000,9999.000,9999.000,9999.000,9999.000,9999.000
202605120942,   0.970,   1.371,9999.000,9999.000,9999.000,9999.000,9999.000,9999.000,9999.000
202605120948,   0.959,   1.328,9999.000,9999.000,9999.000,9999.000,9999.000,9999.000,9999.000
202605120954,   0.948,   1.328,9999.000,9999.000,9999.000,9999.000,9999.000,9999.000,9999.000
202605121000,   0.939,   1.318,   0.400,  -0.021,   1.318,   0.300,   1.218,   0.500,   1.418
202605121006,   0.931,   1.298,9999.000,9999.000,9999.000,9999.000,9999.000,9999.000,9999.000
202605121012,   0.924,   1.289,9999.000,9999.000,9999.000,9999.000,9999.000,9999.000,9999.000
202605121018,   0.918,   1.220,9999.000,9999.000,9999.000,9999.000,9999.000,9999.000,9999.000
202605121024,   0.913,   1.190,9999.000,9999.000,9999.000,9999.000,9999.000,9999.000,9999.000
202605121030,   0.910,   1.151,9999.000,9999.000,9999.000,9999.000,9999.000,9999.000,9999.000
202605121036,   0.907,   1.161,9999.000,9999.000,9999.000,9999.000,9999.000,9999.000,9999.000
202605121042,   0.906,   1.108,9999.000,9999.000,9999.000,9999.000,9999.000,9999.000,9999.000
202605121048,   0.905,   1.088,9999.000,9999.000,9999.000,9999.000,9999.000,9999.000,9999.000
202605121054,   0.906,   1.079,9999.000,9999.000,9999.000,9999.000,9999.000,9999.000,9999.000
202605121100,   0.908,   1.059,   0.400,  -0.249,   1.059,   0.300,   0.959,   0.400,   1.059
202605121106,   0.911,   1.020,9999.000,9999.000,9999.000,9999.000,9999.000,9999.000,9999.000
202605121112,   0.915,   0.990,9999.000,9999.000,9999.000,9999.000,9999.000,9999.000,9999.000
202605121118,   0.920,   1.010,9999.000,9999.000,9999.000,9999.000,9999.000,9999.000,9999.000
202605121124,   0.926,   1.020,9999.000,9999.000,9999.000,9999.000,9999.000,9999.000,9999.000
202605121130,   0.933,   1.059,9999.000,9999.000,9999.000,9999.000,9999.000,9999.000,9999.000
202605121136,   0.941,   1.108,9999.000,9999.000,9999.000,9999.000,9999.000,9999.000,9999.000
202605121142,   0.950,   1.161,9999.000,9999.000,9999.000,9999.000,9999.000,9999.000,9999.000
202605121148,   0.960,   1.200,9999.000,9999.000,9999.000,9999.000,9999.000,9999.000,9999.000
202605121154,   0.971,   1.249,9999.000,9999.000,9999.000,9999.000,9999.000,9999.000,9999.000
202605121200,   0.983,   1.318,   0.300,   0.035,   1.318,   0.200,   1.218,   0.300,   1.318
202605121206,   0.996,   1.338,9999.000,9999.000,9999.000,9999.000,9999.000,9999.000,9999.000
202605121212,   1.009,   1.361,9999.000,9999.000,9999.000,9999.000,9999.000,9999.000,9999.000
202605121218,   1.024,   1.400,9999.000,9999.000,9999.000,9999.000,9999.000,9999.000,9999.000
202605121224,   1.040,   1.410,9999.000,9999.000,9999.000,9999.000,9999.000,9999.000,9999.000
202605121230,   1.056,   1.420,9999.000,9999.000,9999.000,9999.000,9999.000,9999.000,9999.000
202605121236,   1.073,   1.410,9999.000,9999.000,9999.000,9999.000,9999.000,9999.000,9999.000
202605121242,   1.091,   1.430,9999.000,9999.000,9999.000,9999.000,9999.000,9999.000,9999.000
202605121248,   1.110,   1.479,9999.000,9999.000,9999.000,9999.000,9999.000,9999.000,9999.000
202605121254,   1.129,   1.518,9999.000,9999.000,9999.000,9999.000,9999.000,9999.000,9999.000
202605121300,   1.149,   1.557,   0.300,   0.108,   1.557,   0.200,   1.457,   0.300,   1.557
202605121306,   1.170,   1.571,9999.000,9999.000,9999.000,9999.000,9999.000,9999.000,9999.000
202605121312,   1.191,   1.580,9999.000,9999.000,9999.000,9999.000,9999.000,9999.000,9999.000
202605121318,   1.213,   1.557,9999.000,9999.000,9999.000,9999.000,9999.000,9999.000,9999.000
202605121324,   1.235,   1.528,9999.000,9999.000,9999.000,9999.000,9999.000,9999.000,9999.000
202605121330,   1.258,   1.508,9999.000,9999.000,9999.000,9999.000,9999.000,9999.000,9999.000
202605121336,   1.281,   1.538,9999.000,9999.000,9999.000,9999.000,9999.000,9999.000,9999.000
202605121342,   1.304,   1.571,9999.000,9999.000,9999.000,9999.000,9999.000,9999.000,9999.000
202605121348,   1.327,   1.649,9999.000,9999.000,9999.000,9999.000,9999.000,9999.000,9999.000
202605121354,   1.350,   1.689,9999.000,9999.000,9999.000,9999.000,9999.000,9999.000,9999.000
202605121400,   1.374,   1.718,   0.300,   0.044,   1.718,   0.200,   1.618,   0.300,   1.718
202605121406,   1.397,   1.708,9999.000,9999.000,9999.000,9999.000,9999.000,9999.000,9999.000
202605121412,   1.420,   1.689,9999.000,9999.000,9999.000,9999.000,9999.000,9999.000,9999.000
202605121418,   1.443,   1.659,9999.000,9999.000,9999.000,9999.000,9999.000,9999.000,9999.000
202605121424,   1.466,   1.659,9999.000,9999.000,9999.000,9999.000,9999.000,9999.000,9999.000
202605121430,   1.488,   1.708,9999.000,9999.000,9999.000,9999.000,9999.000,9999.000,9999.000
202605121436,   1.509,   1.810,9999.000,9999.000,9999.000,9999.000,9999.000,9999.000,9999.000
202605121442,   1.530,   1.908,9999.000,9999.000,9999.000,9999.000,9999.000,9999.000,9999.000
202605121448,   1.551,   1.938,9999.000,9999.000,9999.000,9999.000,9999.000,9999.000,9999.000
202605121454,   1.570,   1.990,9999.000,9999.000,9999.000,9999.000,9999.000,9999.000,9999.000
202605121500,   1.589,   2.010,   0.300,   0.121,   2.010,   0.200,   1.910,   0.300,   2.010
202605121506,   1.607,   2.010,9999.000,9999.000,9999.000,9999.000,9999.000,9999.000,9999.000
202605121512,   1.625,   2.000,9999.000,9999.000,9999.000,9999.000,9999.000,9999.000,9999.000
202605121518,   1.641,   2.010,9999.000,9999.000,9999.000,9999.000,9999.000,9999.000,9999.000
202605121524,   1.656,   2.059,9999.000,9999.000,9999.000,9999.000,9999.000,9999.000,9999.000
202605121530,   1.670,   2.079,9999.000,9999.000,9999.000,9999.000,9999.000,9999.000,9999.000
202605121536,   1.684,   2.148,9999.000,9999.000,9999.000,9999.000,9999.000,9999.000,9999.000
202605121542,   1.696,   2.158,9999.000,9999.000,9999.000,9999.000,9999.000,9999.000,9999.000
202605121548,   1.707,   2.177,9999.000,9999.000,9999.000,9999.000,9999.000,9999.000,9999.000
202605121554,   1.717,   2.191,9999.000,9999.000,9999.000,9999.000,9999.000,9999.000,9999.000
202605121600,   1.726,   2.210,   0.300,   0.184,   2.210,   0.200,   2.110,   0.300,   2.210
202605121606,   1.734,   2.210,9999.000,9999.000,9999.000,9999.000,9999.000,9999.000,9999.000
202605121612,   1.741,   2.210,9999.000,9999.000,9999.000,9999.000,9999.000,9999.000,9999.000
202605121618,   1.747,   2.200,9999.000,9999.000,9999.000,9999.000,9999.000,9999.000,9999.000
202605121624,   1.752,   2.177,9999.000,9999.000,9999.000,9999.000,9999.000,9999.000,9999.000
202605121630,   1.756,   2.148,9999.000,9999.000,9999.000,9999.000,9999.000,9999.000,9999.000
202605121636,   1.760,   2.148,9999.000,9999.000,9999.000,9999.000,9999.000,9999.000,9999.000
202605121642,   1.762,   2.138,9999.000,9999.000,9999.000,9999.000,9999.000,9999.000,9999.000
202605121648,   1.763,   2.158,9999.000,9999.000,9999.000,9999.000,9999.000,9999.000,9999.000
202605121654,   1.764,   2.191,9999.000,9999.000,9999.000,9999.000,9999.000,9999.000,9999.000
202605121700,   1.764,   2.210,   0.300,   0.146,   2.210,   0.200,   2.110,   0.300,   2.210
202605121706,   1.763,   2.200,9999.000,9999.000,9999.000,9999.000,9999.000,9999.000,9999.000
202605121712,   1.761,   2.191,9999.000,9999.000,9999.000,9999.000,9999.000,9999.000,9999.000
202605121718,   1.758,   2.158,9999.000,9999.000,9999.000,9999.000,9999.000,9999.000,9999.000
202605121724,   1.755,   2.138,9999.000,9999.000,9999.000,9999.000,9999.000,9999.000,9999.000
202605121730,   1.751,   2.118,9999.000,9999.000,9999.000,9999.000,9999.000,9999.000,9999.000
202605121736,   1.746,   2.118,9999.000,9999.000,9999.000,9999.000,9999.000,9999.000,9999.000
202605121742,   1.740,   2.168,9999.000,9999.000,9999.000,9999.000,9999.000,9999.000,9999.000
202605121748,   1.734,   2.200,9999.000,9999.000,9999.000,9999.000,9999.000,9999.000,9999.000
202605121754,   1.727,   2.210,9999.000,9999.000,9999.000,9999.000,9999.000,9999.000,9999.000
202605121800,   1.719,   2.210,   0.400,   0.091,   2.210,   0.400,   2.210,   0.500,   2.310
202605121806,   1.710,   2.200,9999.000,9999.000,9999.000,9999.000,9999.000,9999.000,9999.000
202605121812,   1.701,   2.168,9999.000,9999.000,9999.000,9999.000,9999.000,9999.000,9999.000
202605121818,   1.690,   2.168,9999.000,9999.000,9999.000,9999.000,9999.000,9999.000,9999.000
202605121824,   1.679,   2.148,9999.000,9999.000,9999.000,9999.000,9999.000,9999.000,9999.000
202605121830,   1.667,   2.158,9999.000,9999.000,9999.000,9999.000,9999.000,9999.000,9999.000
202605121836,   1.654,   2.138,9999.000,9999.000,9999.000,9999.000,9999.000,9999.000,9999.000
202605121842,   1.640,   2.128,9999.000,9999.000,9999.000,9999.000,9999.000,9999.000,9999.000
202605121848,   1.625,   2.138,9999.000,9999.000,9999.000,9999.000,9999.000,9999.000,9999.000
202605121854,   1.609,   2.128,9999.000,9999.000,9999.000,9999.000,9999.000,9999.000,9999.000
202605121900,   1.593,   2.109,   0.400,   0.116,   2.109,   0.400,   2.109,   0.500,   2.209
202605121906,   1.575,   2.099,9999.000,9999.000,9999.000,9999.000,9999.000,9999.000,9999.000
202605121912,   1.556,   2.069,9999.000,9999.000,9999.000,9999.000,9999.000,9999.000,9999.000
202605121918,   1.536,   2.020,9999.000,9999.000,9999.000,9999.000,9999.000,9999.000,9999.000
202605121924,   1.516,   2.020,9999.000,9999.000,9999.000,9999.000,9999.000,9999.000,9999.000
202605121930,   1.494,   2.040,9999.000,9999.000,9999.000,9999.000,9999.000,9999.000,9999.000
202605121936,   1.472,   2.010,9999.000,9999.000,9999.000,9999.000,9999.000,9999.000,9999.000
202605121942,   1.448,   1.967,9999.000,9999.000,9999.000,9999.000,9999.000,9999.000,9999.000
202605121948,   1.424,   1.981,9999.000,9999.000,9999.000,9999.000,9999.000,9999.000,9999.000
202605121954,   1.399,   1.918,9999.000,9999.000,9999.000,9999.000,9999.000,9999.000,9999.000
202605122000,   1.373,   1.879,   0.400,   0.106,   1.879,   0.400,   1.879,   0.500,   1.979
202605122006,   1.346,   1.869,9999.000,9999.000,9999.000,9999.000,9999.000,9999.000,9999.000
202605122012,   1.319,   1.830,9999.000,9999.000,9999.000,9999.000,9999.000,9999.000,9999.000
202605122018,   1.292,   1.840,9999.000,9999.000,9999.000,9999.000,9999.000,9999.000,9999.000
202605122024,   1.263,   1.849,9999.000,9999.000,9999.000,9999.000,9999.000,9999.000,9999.000
202605122030,   1.235,   1.840,9999.000,9999.000,9999.000,9999.000,9999.000,9999.000,9999.000
202605122036,   1.206,   1.849,9999.000,9999.000,9999.000,9999.000,9999.000,9999.000,9999.000
202605122042,   1.177,   1.830,9999.000,9999.000,9999.000,9999.000,9999.000,9999.000,9999.000
202605122048,   1.148,   1.830,9999.000,9999.000,9999.000,9999.000,9999.000,9999.000,9999.000
202605122054,   1.118,   1.800,9999.000,9999.000,9999.000,9999.000,9999.000,9999.000,9999.000
202605122100,   1.089,   1.781,   0.500,   0.192,   1.781,   0.400,   1.681,   0.500,   1.781
202605122106,   1.060,   1.781,9999.000,9999.000,9999.000,9999.000,9999.000,9999.000,9999.000
202605122112,   1.032,   1.767,9999.000,9999.000,9999.000,9999.000,9999.000,9999.000,9999.000
202605122118,   1.003,   1.758,9999.000,9999.000,9999.000,9999.000,9999.000,9999.000,9999.000
202605122124,   0.975,   1.728,9999.000,9999.000,9999.000,9999.000,9999.000,9999.000,9999.000
202605122130,   0.948,   1.669,9999.000,9999.000,9999.000,9999.000,9999.000,9999.000,9999.000
202605122136,   0.921,   1.610,9999.000,9999.000,9999.000,9999.000,9999.000,9999.000,9999.000
202605122142,   0.896,   1.590,9999.000,9999.000,9999.000,9999.000,9999.000,9999.000,9999.000
202605122148,   0.870,   1.548,9999.000,9999.000,9999.000,9999.000,9999.000,9999.000,9999.000
202605122154,   0.846,   1.518,9999.000,9999.000,9999.000,9999.000,9999.000,9999.000,9999.000
202605122200,   0.823,   1.518,   0.500,   0.195,   1.518,   0.400,   1.418,   0.500,   1.518
202605122206,   0.801,   1.449,9999.000,9999.000,9999.000,9999.000,9999.000,9999.000,9999.000
202605122212,   0.780,   1.400,9999.000,9999.000,9999.000,9999.000,9999.000,9999.000,9999.000
202605122218,   0.760,   1.348,9999.000,9999.000,9999.000,9999.000,9999.000,9999.000,9999.000
202605122224,   0.741,   1.361,9999.000,9999.000,9999.000,9999.000,9999.000,9999.000,9999.000
202605122230,   0.724,   1.338,9999.000,9999.000,9999.000,9999.000,9999.000,9999.000,9999.000
202605122236,   0.707,   1.279,9999.000,9999.000,9999.000,9999.000,9999.000,9999.000,9999.000
202605122242,   0.692,   1.239,9999.000,9999.000,9999.000,9999.000,9999.000,9999.000,9999.000
202605122248,   0.679,   1.161,9999.000,9999.000,9999.000,9999.000,9999.000,9999.000,9999.000
202605122254,   0.667,   1.108,9999.000,9999.000,9999.000,9999.000,9999.000,9999.000,9999.000
202605122300,   0.656,   1.098,   0.500,  -0.058,   1.098,   0.400,   0.998,   0.500,   1.098
202605122306,   0.647,   1.098,9999.000,9999.000,9999.000,9999.000,9999.000,9999.000,9999.000
202605122312,   0.639,   1.059,9999.000,9999.000,9999.000,9999.000,9999.000,9999.000,9999.000
202605122318,   0.633,   1.079,9999.000,9999.000,9999.000,9999.000,9999.000,9999.000,9999.000
202605122324,   0.628,   1.118,9999.000,9999.000,9999.000,9999.000,9999.000,9999.000,9999.000
202605122330,   0.624,   1.079,9999.000,9999.000,9999.000,9999.000,9999.000,9999.000,9999.000
202605122336,   0.623,   1.049,9999.000,9999.000,9999.000,9999.000,9999.000,9999.000,9999.000
202605122342,   0.622,   1.010,9999.000,9999.000,9999.000,9999.000,9999.000,9999.000,9999.000
202605122348,   0.624,   0.951,9999.000,9999.000,9999.000,9999.000,9999.000,9999.000,9999.000
202605122354,   0.626,   0.951,9999.000,9999.000,9999.000,9999.000,9999.000,9999.000,9999.000
202605130000,   0.631,   0.961,   0.600,  -0.270,   0.961,   0.600,   0.961,   0.700,   1.061
202605130006,   0.636,   0.961,9999.000,9999.000,9999.000,9999.000,9999.000,9999.000,9999.000
202605130012,   0.644,   0.970,9999.000,9999.000,9999.000,9999.000,9999.000,9999.000,9999.000
202605130018,   0.653,   0.970,9999.000,9999.000,9999.000,9999.000,9999.000,9999.000,9999.000
202605130024,   0.663,   0.961,9999.000,9999.000,9999.000,9999.000,9999.000,9999.000,9999.000
202605130030,   0.675,   0.980,9999.000,9999.000,9999.000,9999.000,9999.000,9999.000,9999.000
202605130036,   0.688,   1.010,9999.000,9999.000,9999.000,9999.000,9999.000,9999.000,9999.000
202605130042,   0.703,   1.069,9999.000,9999.000,9999.000,9999.000,9999.000,9999.000,9999.000
202605130048,   0.719,   1.128,9999.000,9999.000,9999.000,9999.000,9999.000,9999.000,9999.000
202605130054,   0.736,   1.180,9999.000,9999.000,9999.000,9999.000,9999.000,9999.000,9999.000
202605130100,   0.755,   1.220,   0.700,  -0.235,   1.220,   0.600,   1.120,   0.700,   1.220
202605130106,   0.775,   1.239,9999.000,9999.000,9999.000,9999.000,9999.000,9999.000,9999.000
202605130112,   0.797,   1.239,9999.000,9999.000,9999.000,9999.000,9999.000,9999.000,9999.000
202605130118,   0.819,   1.239,9999.000,9999.000,9999.000,9999.000,9999.000,9999.000,9999.000
202605130124,   0.843,   1.269,9999.000,9999.000,9999.000,9999.000,9999.000,9999.000,9999.000
202605130130,   0.867,   1.328,9999.000,9999.000,9999.000,9999.000,9999.000,9999.000,9999.000
202605130136,   0.893,   1.380,9999.000,9999.000,9999.000,9999.000,9999.000,9999.000,9999.000
202605130142,   0.920,   1.439,9999.000,9999.000,9999.000,9999.000,9999.000,9999.000,9999.000
202605130148,   0.947,   1.459,9999.000,9999.000,9999.000,9999.000,9999.000,9999.000,9999.000
202605130154,   0.975,   1.459,9999.000,9999.000,9999.000,9999.000,9999.000,9999.000,9999.000
202605130200,   1.004,   1.459,   0.700,  -0.245,   1.459,   0.600,   1.359,   0.700,   1.459
202605130206,   1.033,   1.469,9999.000,9999.000,9999.000,9999.000,9999.000,9999.000,9999.000
202605130212,   1.063,   1.489,9999.000,9999.000,9999.000,9999.000,9999.000,9999.000,9999.000
202605130218,   1.093,   1.498,9999.000,9999.000,9999.000,9999.000,9999.000,9999.000,9999.000
202605130224,   1.123,   1.528,9999.000,9999.000,9999.000,9999.000,9999.000,9999.000,9999.000
202605130230,   1.154,   1.538,9999.000,9999.000,9999.000,9999.000,9999.000,9999.000,9999.000
202605130236,   1.184,   1.557,9999.000,9999.000,9999.000,9999.000,9999.000,9999.000,9999.000
202605130242,   1.215,   1.580,9999.000,9999.000,9999.000,9999.000,9999.000,9999.000,9999.000
202605130248,   1.245,   1.610,9999.000,9999.000,9999.000,9999.000,9999.000,9999.000,9999.000
202605130254,   1.275,   1.649,9999.000,9999.000,9999.000,9999.000,9999.000,9999.000,9999.000
202605130300,   1.304,   1.708,   0.700,  -0.296,   1.708,   0.600,   1.608,   0.700,   1.708
202605130306,   1.333,   1.748,9999.000,9999.000,9999.000,9999.000,9999.000,9999.000,9999.000
202605130312,   1.362,   1.790,9999.000,9999.000,9999.000,9999.000,9999.000,9999.000,9999.000
202605130318,   1.390,   1.859,9999.000,9999.000,9999.000,9999.000,9999.000,9999.000,9999.000
202605130324,   1.417,   1.948,9999.000,9999.000,9999.000,9999.000,9999.000,9999.000,9999.000
202605130330,   1.444,   1.990,9999.000,9999.000,9999.000,9999.000,9999.000,9999.000,9999.000
202605130336,   1.469,   2.010,9999.000,9999.000,9999.000,9999.000,9999.000,9999.000,9999.000
202605130342,   1.494,   2.040,9999.000,9999.000,9999.000,9999.000,9999.000,9999.000,9999.000
202605130348,   1.518,   2.020,9999.000,9999.000,9999.000,9999.000,9999.000,9999.000,9999.000
202605130354,   1.541,   2.000,9999.000,9999.000,9999.000,9999.000,9999.000,9999.000,9999.000
202605130400,   1.562,   2.000,   0.700,  -0.262,   2.000,   0.600,   1.900,   0.700,   2.000
202605130406,   1.583,   2.000,9999.000,9999.000,9999.000,9999.000,9999.000,9999.000,9999.000
202605130412,   1.603,   2.000,9999.000,9999.000,9999.000,9999.000,9999.000,9999.000,9999.000
202605130418,   1.622,   2.000,9999.000,9999.000,9999.000,9999.000,9999.000,9999.000,9999.000
202605130424,   1.639,   2.030,9999.000,9999.000,9999.000,9999.000,9999.000,9999.000,9999.000
202605130430,   1.656,   2.040,9999.000,9999.000,9999.000,9999.000,9999.000,9999.000,9999.000
202605130436,   1.671,   2.049,9999.000,9999.000,9999.000,9999.000,9999.000,9999.000,9999.000
202605130442,   1.686,   2.020,9999.000,9999.000,9999.000,9999.000,9999.000,9999.000,9999.000
202605130448,   1.699,   2.030,9999.000,9999.000,9999.000,9999.000,9999.000,9999.000,9999.000
202605130454,   1.711,   2.020,9999.000,9999.000,9999.000,9999.000,9999.000,9999.000,9999.000
202605130500,   1.723,   2.030,   0.700,  -0.393,   2.030,   0.600,   1.930,   0.700,   2.030
202605130506,   1.733,   2.030,9999.000,9999.000,9999.000,9999.000,9999.000,9999.000,9999.000
202605130512,   1.743,   2.079,9999.000,9999.000,9999.000,9999.000,9999.000,9999.000,9999.000
202605130518,   1.751,   2.118,9999.000,9999.000,9999.000,9999.000,9999.000,9999.000,9999.000
202605130524,   1.759,   2.138,9999.000,9999.000,9999.000,9999.000,9999.000,9999.000,9999.000
202605130530,   1.766,   2.168,9999.000,9999.000,9999.000,9999.000,9999.000,9999.000,9999.000
202605130536,   1.772,   2.191,9999.000,9999.000,9999.000,9999.000,9999.000,9999.000,9999.000
202605130542,   1.777,   2.168,9999.000,9999.000,9999.000,9999.000,9999.000,9999.000,9999.000
202605130548,   1.781,   2.148,9999.000,9999.000,9999.000,9999.000,9999.000,9999.000,9999.000
202605130554,   1.784,   2.099,9999.000,9999.000,9999.000,9999.000,9999.000,9999.000,9999.000
202605130600,   1.787,   2.079,   0.600,  -0.308,   2.079,   0.600,   2.079,   0.700,   2.179
202605130606,   1.788,   2.059,9999.000,9999.000,9999.000,9999.000,9999.000,9999.000,9999.000
202605130612,   1.789,   2.099,9999.000,9999.000,9999.000,9999.000,9999.000,9999.000,9999.000
202605130618,   1.789,   2.138,9999.000,9999.000,9999.000,9999.000,9999.000,9999.000,9999.000
202605130624,   1.788,   2.138,9999.000,9999.000,9999.000,9999.000,9999.000,9999.000,9999.000
202605130630,   1.786,   2.138,9999.000,9999.000,9999.000,9999.000,9999.000,9999.000,9999.000
202605130636,   1.784,   2.089,9999.000,9999.000,9999.000,9999.000,9999.000,9999.000,9999.000
202605130642,   1.780,   2.040,9999.000,9999.000,9999.000,9999.000,9999.000,9999.000,9999.000
202605130648,   1.776,   2.000,9999.000,9999.000,9999.000,9999.000,9999.000,9999.000,9999.000
202605130654,   1.771,   2.010,9999.000,9999.000,9999.000,9999.000,9999.000,9999.000,9999.000
202605130700,   1.765,   2.030,   0.600,  -0.335,   2.030,   0.600,   2.030,   0.600,   2.030
202605130706,   1.758,   2.000,9999.000,9999.000,9999.000,9999.000,9999.000,9999.000,9999.000
202605130712,   1.750,   2.000,9999.000,9999.000,9999.000,9999.000,9999.000,9999.000,9999.000
202605130718,   1.742,   2.010,9999.000,9999.000,9999.000,9999.000,9999.000,9999.000,9999.000
202605130724,   1.732,   2.010,9999.000,9999.000,9999.000,9999.000,9999.000,9999.000,9999.000
202605130730,   1.722,   1.967,9999.000,9999.000,9999.000,9999.000,9999.000,9999.000,9999.000
202605130736,   1.710,   1.948,9999.000,9999.000,9999.000,9999.000,9999.000,9999.000,9999.000
202605130742,   1.698,   1.981,9999.000,9999.000,9999.000,9999.000,9999.000,9999.000,9999.000
202605130748,   1.685,   2.040,9999.000,9999.000,9999.000,9999.000,9999.000,9999.000,9999.000
202605130754,   1.671,   2.040,9999.000,9999.000,9999.000,9999.000,9999.000,9999.000,9999.000
202605130800,   1.657,   2.010,   0.600,  -0.247,   2.010,   0.600,   2.010,   0.600,   2.010
202605130806,   1.641,   2.020,9999.000,9999.000,9999.000,9999.000,9999.000,9999.000,9999.000
202605130812,   1.625,   2.000,9999.000,9999.000,9999.000,9999.000,9999.000,9999.000,9999.000
202605130818,   1.608,   1.967,9999.000,9999.000,9999.000,9999.000,9999.000,9999.000,9999.000
202605130824,   1.591,   1.938,9999.000,9999.000,9999.000,9999.000,9999.000,9999.000,9999.000
202605130830,   1.573,   1.918,9999.000,9999.000,9999.000,9999.000,9999.000,9999.000,9999.000
202605130836,   1.554,   1.889,9999.000,9999.000,9999.000,9999.000,9999.000,9999.000,9999.000
202605130842,   1.535,   1.879,9999.000,9999.000,9999.000,9999.000,9999.000,9999.000,9999.000
202605130848,   1.516,   1.869,9999.000,9999.000,9999.000,9999.000,9999.000,9999.000,9999.000
202605130854,   1.496,   1.810,9999.000,9999.000,9999.000,9999.000,9999.000,9999.000,9999.000
202605130900,   1.476,   1.758,   0.600,  -0.318,   1.758,   0.600,   1.758,   0.600,   1.758
202605130906,   1.456,   1.738,9999.000,9999.000,9999.000,9999.000,9999.000,9999.000,9999.000
202605130912,   1.435,   1.689,9999.000,9999.000,9999.000,9999.000,9999.000,9999.000,9999.000
202605130918,   1.415,   1.580,9999.000,9999.000,9999.000,9999.000,9999.000,9999.000,9999.000
202605130924,   1.395,   1.571,9999.000,9999.000,9999.000,9999.000,9999.000,9999.000,9999.000
202605130930,   1.375,   1.580,9999.000,9999.000,9999.000,9999.000,9999.000,9999.000,9999.000
202605130936,   1.355,   1.590,9999.000,9999.000,9999.000,9999.000,9999.000,9999.000,9999.000
202605130942,   1.336,   1.571,9999.000,9999.000,9999.000,9999.000,9999.000,9999.000,9999.000
202605130948,   1.316,   1.528,9999.000,9999.000,9999.000,9999.000,9999.000,9999.000,9999.000
202605130954,   1.298,   1.538,9999.000,9999.000,9999.000,9999.000,9999.000,9999.000,9999.000
202605131000,   1.279,   1.469,   0.600,  -0.410,   1.469,   0.600,   1.469,   0.600,   1.469
202605131006,   1.262,   1.380,9999.000,9999.000,9999.000,9999.000,9999.000,9999.000,9999.000
202605131012,   1.245,   1.361,9999.000,9999.000,9999.000,9999.000,9999.000,9999.000,9999.000
202605131018,   1.229,   1.380,9999.000,9999.000,9999.000,9999.000,9999.000,9999.000,9999.000
202605131024,   1.213,   1.380,9999.000,9999.000,9999.000,9999.000,9999.000,9999.000,9999.000
202605131030,   1.198,   1.371,9999.000,9999.000,9999.000,9999.000,9999.000,9999.000,9999.000
202605131036,   1.184,   1.410,9999.000,9999.000,9999.000,9999.000,9999.000,9999.000,9999.000
202605131042,   1.171,   1.420,9999.000,9999.000,9999.000,9999.000,9999.000,9999.000,9999.000
202605131048,   1.159,   1.390,9999.000,9999.000,9999.000,9999.000,9999.000,9999.000,9999.000
202605131054,   1.148,   1.361,9999.000,9999.000,9999.000,9999.000,9999.000,9999.000,9999.000
202605131100,   1.138,   1.361,   0.600,  -0.377,   1.361,   0.600,   1.361,   0.600,   1.361
202605131106,   1.129,   1.338,9999.000,9999.000,9999.000,9999.000,9999.000,9999.000,9999.000
202605131112,   1.121,   1.318,9999.000,9999.000,9999.000,9999.000,9999.000,9999.000,9999.000
202605131118,   1.114,   1.328,9999.000,9999.000,9999.000,9999.000,9999.000,9999.000,9999.000
202605131124,   1.108,   1.348,9999.000,9999.000,9999.000,9999.000,9999.000,9999.000,9999.000
202605131130,   1.104,   1.380,9999.000,9999.000,9999.000,9999.000,9999.000,9999.000,9999.000
202605131136,   1.100,   1.318,9999.000,9999.000,9999.000,9999.000,9999.000,9999.000,9999.000
202605131142,   1.098,   1.318,9999.000,9999.000,9999.000,9999.000,9999.000,9999.000,9999.000
202605131148,   1.096,   1.318,9999.000,9999.000,9999.000,9999.000,9999.000,9999.000,9999.000
202605131154,   1.096,   1.298,9999.000,9999.000,9999.000,9999.000,9999.000,9999.000,9999.000
202605131200,   1.097,   1.210,   0.500,  -0.387,   1.210,   0.400,   1.110,   0.500,   1.210
202605131206,   1.099,   1.249,9999.000,9999.000,9999.000,9999.000,9999.000,9999.000,9999.000
202605131212,   1.103,   1.279,9999.000,9999.000,9999.000,9999.000,9999.000,9999.000,9999.000
202605131218,   1.107,   1.259,9999.000,9999.000,9999.000,9999.000,9999.000,9999.000,9999.000
202605131224,   1.112,   1.249,9999.000,9999.000,9999.000,9999.000,9999.000,9999.000,9999.000
202605131230,   1.120,   1.220,9999.000,9999.000,9999.000,9999.000,9999.000,9999.000,9999.000
202605131236,   1.127,   1.269,9999.000,9999.000,9999.000,9999.000,9999.000,9999.000,9999.000
202605131242,   1.136,   1.259,9999.000,9999.000,9999.000,9999.000,9999.000,9999.000,9999.000
202605131248,   1.145,   1.279,9999.000,9999.000,9999.000,9999.000,9999.000,9999.000,9999.000
202605131254,   1.156,   1.298,9999.000,9999.000,9999.000,9999.000,9999.000,9999.000,9999.000
202605131300,   1.168,   1.298,   0.500,  -0.370,   1.298,   0.400,   1.198,   0.500,   1.298
202605131306,   1.181,   1.289,9999.000,9999.000,9999.000,9999.000,9999.000,9999.000,9999.000
202605131312,   1.195,   1.279,9999.000,9999.000,9999.000,9999.000,9999.000,9999.000,9999.000
202605131318,   1.210,   1.298,9999.000,9999.000,9999.000,9999.000,9999.000,9999.000,9999.000
202605131324,   1.225,   1.338,9999.000,9999.000,9999.000,9999.000,9999.000,9999.000,9999.000
202605131330,   1.241,   1.380,9999.000,9999.000,9999.000,9999.000,9999.000,9999.000,9999.000
202605131336,   1.258,   1.410,9999.000,9999.000,9999.000,9999.000,9999.000,9999.000,9999.000
202605131342,   1.276,   1.439,9999.000,9999.000,9999.000,9999.000,9999.000,9999.000,9999.000
202605131348,   1.295,   1.439,9999.000,9999.000,9999.000,9999.000,9999.000,9999.000,9999.000
202605131354,   1.314,   1.420,9999.000,9999.000,9999.000,9999.000,9999.000,9999.000,9999.000
202605131400,   1.333,   1.449,   0.500,  -0.384,   1.449,   0.400,   1.349,   0.500,   1.449
202605131406,   1.353,   1.439,9999.000,9999.000,9999.000,9999.000,9999.000,9999.000,9999.000
202605131412,   1.373,   1.459,9999.000,9999.000,9999.000,9999.000,9999.000,9999.000,9999.000
202605131418,   1.394,   1.518,9999.000,9999.000,9999.000,9999.000,9999.000,9999.000,9999.000
202605131424,   1.414,   1.571,9999.000,9999.000,9999.000,9999.000,9999.000,9999.000,9999.000
202605131430,   1.435,   1.580,9999.000,9999.000,9999.000,9999.000,9999.000,9999.000,9999.000
202605131436,   1.456,   1.600,9999.000,9999.000,9999.000,9999.000,9999.000,9999.000,9999.000
202605131442,   1.477,   1.610,9999.000,9999.000,9999.000,9999.000,9999.000,9999.000,9999.000
202605131448,   1.497,   1.610,9999.000,9999.000,9999.000,9999.000,9999.000,9999.000,9999.000
202605131454,   1.518,   1.620,9999.000,9999.000,9999.000,9999.000,9999.000,9999.000,9999.000
202605131500,   1.538,   1.669,   0.500,  -0.369,   1.669,   0.400,   1.569,   0.500,   1.669
202605131506,   1.557,   1.708,9999.000,9999.000,9999.000,9999.000,9999.000,9999.000,9999.000
202605131512,   1.576,   1.748,9999.000,9999.000,9999.000,9999.000,9999.000,9999.000,9999.000
202605131518,   1.595,   1.790,9999.000,9999.000,9999.000,9999.000,9999.000,9999.000,9999.000
202605131524,   1.613,   1.810,9999.000,9999.000,9999.000,9999.000,9999.000,9999.000,9999.000
202605131530,   1.630,   1.830,9999.000,9999.000,9999.000,9999.000,9999.000,9999.000,9999.000
202605131536,   1.647,   1.830,9999.000,9999.000,9999.000,9999.000,9999.000,9999.000,9999.000
202605131542,   1.663,   1.849,9999.000,9999.000,9999.000,9999.000,9999.000,9999.000,9999.000
202605131548,   1.677,   1.899,9999.000,9999.000,9999.000,9999.000,9999.000,9999.000,9999.000
202605131554,   1.691,   1.899,9999.000,9999.000,9999.000,9999.000,9999.000,9999.000,9999.000
202605131600,   1.704,   1.899,   0.400,  -0.205,   1.899,   0.400,   1.899,   0.500,   1.999
202605131606,   1.716,   1.889,9999.000,9999.000,9999.000,9999.000,9999.000,9999.000,9999.000
202605131612,   1.727,   1.889,9999.000,9999.000,9999.000,9999.000,9999.000,9999.000,9999.000
202605131618,   1.737,   1.908,9999.000,9999.000,9999.000,9999.000,9999.000,9999.000,9999.000
202605131624,   1.745,   1.908,9999.000,9999.000,9999.000,9999.000,9999.000,9999.000,9999.000
202605131630,   1.753,   1.899,9999.000,9999.000,9999.000,9999.000,9999.000,9999.000,9999.000
202605131636,   1.759,   1.928,9999.000,9999.000,9999.000,9999.000,9999.000,9999.000,9999.000
202605131642,   1.765,   1.948,9999.000,9999.000,9999.000,9999.000,9999.000,9999.000,9999.000
202605131648,   1.769,   1.967,9999.000,9999.000,9999.000,9999.000,9999.000,9999.000,9999.000
202605131654,   1.772,   1.948,9999.000,9999.000,9999.000,9999.000,9999.000,9999.000,9999.000
202605131700,   1.774,   1.948,   0.400,  -0.226,   1.948,   0.400,   1.948,   0.500,   2.048
202605131706,   1.775,   1.938,9999.000,9999.000,9999.000,9999.000,9999.000,9999.000,9999.000
202605131712,   1.775,   1.938,9999.000,9999.000,9999.000,9999.000,9999.000,9999.000,9999.000
202605131718,   1.774,   1.938,9999.000,9999.000,9999.000,9999.000,9999.000,9999.000,9999.000
202605131724,   1.772,   1.928,9999.000,9999.000,9999.000,9999.000,9999.000,9999.000,9999.000
202605131730,   1.768,   1.938,9999.000,9999.000,9999.000,9999.000,9999.000,9999.000,9999.000
202605131736,   1.764,   1.967,9999.000,9999.000,9999.000,9999.000,9999.000,9999.000,9999.000
202605131742,   1.758,   1.967,9999.000,9999.000,9999.000,9999.000,9999.000,9999.000,9999.000
202605131748,   1.752,   1.918,9999.000,9999.000,9999.000,9999.000,9999.000,9999.000,9999.000
202605131754,   1.745,   1.889,9999.000,9999.000,9999.000,9999.000,9999.000,9999.000,9999.000
202605131800,   1.736,   1.889,   0.200,  -0.047,   1.889,   0.200,   1.889,   0.200,   1.889
202605131806,   1.727,   1.889,9999.000,9999.000,9999.000,9999.000,9999.000,9999.000,9999.000
202605131812,   1.717,   1.899,9999.000,9999.000,9999.000,9999.000,9999.000,9999.000,9999.000
202605131818,   1.706,   1.908,9999.000,9999.000,9999.000,9999.000,9999.000,9999.000,9999.000
202605131824,   1.694,   1.899,9999.000,9999.000,9999.000,9999.000,9999.000,9999.000,9999.000
202605131830,   1.681,   1.869,9999.000,9999.000,9999.000,9999.000,9999.000,9999.000,9999.000
202605131836,   1.667,   1.849,9999.000,9999.000,9999.000,9999.000,9999.000,9999.000,9999.000
202605131842,   1.652,   1.840,9999.000,9999.000,9999.000,9999.000,9999.000,9999.000,9999.000
202605131848,   1.636,   1.869,9999.000,9999.000,9999.000,9999.000,9999.000,9999.000,9999.000
202605131854,   1.619,   1.859,9999.000,9999.000,9999.000,9999.000,9999.000,9999.000,9999.000
202605131900,   1.601,   1.879,   0.200,   0.078,   1.879,   0.200,   1.879,   0.200,   1.879
202605131906,   1.583,   1.879,9999.000,9999.000,9999.000,9999.000,9999.000,9999.000,9999.000
202605131912,   1.563,   1.879,9999.000,9999.000,9999.000,9999.000,9999.000,9999.000,9999.000
202605131918,   1.542,   1.810,9999.000,9999.000,9999.000,9999.000,9999.000,9999.000,9999.000
202605131924,   1.521,   1.758,9999.000,9999.000,9999.000,9999.000,9999.000,9999.000,9999.000
202605131930,   1.498,   1.781,9999.000,9999.000,9999.000,9999.000,9999.000,9999.000,9999.000
202605131936,   1.475,   1.679,9999.000,9999.000,9999.000,9999.000,9999.000,9999.000,9999.000
202605131942,   1.450,   1.669,9999.000,9999.000,9999.000,9999.000,9999.000,9999.000,9999.000
202605131948,   1.425,   1.718,9999.000,9999.000,9999.000,9999.000,9999.000,9999.000,9999.000
202605131954,   1.399,   1.708,9999.000,9999.000,9999.000,9999.000,9999.000,9999.000,9999.000
202605132000,   1.371,   1.620,   0.200,   0.049,   1.620,   0.200,   1.620,   0.300,   1.720
202605132006,   1.343,   1.571,9999.000,9999.000,9999.000,9999.000,9999.000,9999.000,9999.000
202605132012,   1.314,   1.620,9999.000,9999.000,9999.000,9999.000,9999.000,9999.000,9999.000
202605132018,   1.284,   1.548,9999.000,9999.000,9999.000,9999.000,9999.000,9999.000,9999.000
202605132024,   1.254,   1.489,9999.000,9999.000,9999.000,9999.000,9999.000,9999.000,9999.000
202605132030,   1.222,   1.538,9999.000,9999.000,9999.000,9999.000,9999.000,9999.000,9999.000
202605132036,   1.190,   1.557,9999.000,9999.000,9999.000,9999.000,9999.000,9999.000,9999.000
202605132042,   1.157,   1.498,9999.000,9999.000,9999.000,9999.000,9999.000,9999.000,9999.000
202605132048,   1.124,   1.469,9999.000,9999.000,9999.000,9999.000,9999.000,9999.000,9999.000
202605132054,   1.090,   1.459,9999.000,9999.000,9999.000,9999.000,9999.000,9999.000,9999.000
202605132100,   1.055,   1.420,   0.200,   0.165,   1.420,   0.200,   1.420,   0.300,   1.520
202605132106,   1.020,   1.371,9999.000,9999.000,9999.000,9999.000,9999.000,9999.000,9999.000
202605132112,   0.985,   1.318,9999.000,9999.000,9999.000,9999.000,9999.000,9999.000,9999.000
202605132118,   0.950,   1.318,9999.000,9999.000,9999.000,9999.000,9999.000,9999.000,9999.000
202605132124,   0.914,   1.289,9999.000,9999.000,9999.000,9999.000,9999.000,9999.000,9999.000
202605132130,   0.878,   1.210,9999.000,9999.000,9999.000,9999.000,9999.000,9999.000,9999.000
202605132136,   0.843,   1.190,9999.000,9999.000,9999.000,9999.000,9999.000,9999.000,9999.000
202605132142,   0.807,   1.108,9999.000,9999.000,9999.000,9999.000,9999.000,9999.000,9999.000
202605132148,   0.772,   1.069,9999.000,9999.000,9999.000,9999.000,9999.000,9999.000,9999.000
202605132154,   0.737,   1.029,9999.000,9999.000,9999.000,9999.000,9999.000,9999.000,9999.000
202605132200,   0.702,   1.020,   0.300,   0.018,   1.020,   0.200,   0.920,   0.300,   1.020
202605132206,   0.668,   1.020,9999.000,9999.000,9999.000,9999.000,9999.000,9999.000,9999.000
202605132212,   0.635,   1.000,9999.000,9999.000,9999.000,9999.000,9999.000,9999.000,9999.000
202605132218,   0.603,   0.970,9999.000,9999.000,9999.000,9999.000,9999.000,9999.000,9999.000
202605132224,   0.571,   0.908,9999.000,9999.000,9999.000,9999.000,9999.000,9999.000,9999.000
202605132230,   0.540,   0.859,9999.000,9999.000,9999.000,9999.000,9999.000,9999.000,9999.000
202605132236,   0.511,   0.829,9999.000,9999.000,9999.000,9999.000,9999.000,9999.000,9999.000
202605132242,   0.482,   0.790,9999.000,9999.000,9999.000,9999.000,9999.000,9999.000,9999.000
202605132248,   0.455,   0.790,9999.000,9999.000,9999.000,9999.000,9999.000,9999.000,9999.000
202605132254,   0.429,   0.718,9999.000,9999.000,9999.000,9999.000,9999.000,9999.000,9999.000
202605132300,   0.404,   0.678,   0.300,  -0.026,   0.678,   0.300,   0.678,   0.400,   0.778
202605132306,   0.381,   0.629,9999.000,9999.000,9999.000,9999.000,9999.000,9999.000,9999.000
202605132312,   0.360,   0.580,9999.000,9999.000,9999.000,9999.000,9999.000,9999.000,9999.000
202605132318,   0.340,   0.580,9999.000,9999.000,9999.000,9999.000,9999.000,9999.000,9999.000
202605132324,   0.323,   0.551,9999.000,9999.000,9999.000,9999.000,9999.000,9999.000,9999.000
202605132330,   0.306,   0.570,9999.000,9999.000,9999.000,9999.000,9999.000,9999.000,9999.000
202605132336,   0.292,   0.551,9999.000,9999.000,9999.000,9999.000,9999.000,9999.000,9999.000
202605132342,   0.280,   0.551,9999.000,9999.000,9999.000,9999.000,9999.000,9999.000,9999.000
202605132348,   0.270,   0.531,9999.000,9999.000,9999.000,9999.000,9999.000,9999.000,9999.000
202605132354,   0.261,   0.531,9999.000,9999.000,9999.000,9999.000,9999.000,9999.000,9999.000
202605140000,   0.255,   0.541,   0.300,  -0.014,   0.541,   0.300,   0.541,   0.300,   0.541
202605140006,   0.251,   0.551,9999.000,9999.000,9999.000,9999.000,9999.000,9999.000,9999.000
202605140012,   0.249,   0.560,9999.000,9999.000,9999.000,9999.000,9999.000,9999.000,9999.000
202605140018,   0.249,   0.570,9999.000,9999.000,9999.000,9999.000,9999.000,9999.000,9999.000
202605140024,   0.251,   0.580,9999.000,9999.000,9999.000,9999.000,9999.000,9999.000,9999.000
202605140030,   0.255,   0.619,9999.000,9999.000,9999.000,9999.000,9999.000,9999.000,9999.000
202605140036,   0.261,   0.629,9999.000,9999.000,9999.000,9999.000,9999.000,9999.000,9999.000
202605140042,   0.270,   0.619,9999.000,9999.000,9999.000,9999.000,9999.000,9999.000,9999.000
202605140048,   0.281,   0.649,9999.000,9999.000,9999.000,9999.000,9999.000,9999.000,9999.000
202605140054,   0.293,   0.659,9999.000,9999.000,9999.000,9999.000,9999.000,9999.000,9999.000
202605140100,   0.308,   0.669,   0.300,   0.061,   0.669,   0.300,   0.669,   0.400,   0.769
202605140106,   0.325,   0.688,9999.000,9999.000,9999.000,9999.000,9999.000,9999.000,9999.000
202605140112,   0.344,   0.708,9999.000,9999.000,9999.000,9999.000,9999.000,9999.000,9999.000
202605140118,   0.365,   0.751,9999.000,9999.000,9999.000,9999.000,9999.000,9999.000,9999.000
202605140124,   0.388,   0.800,9999.000,9999.000,9999.000,9999.000,9999.000,9999.000,9999.000
202605140130,   0.412,   0.810,9999.000,9999.000,9999.000,9999.000,9999.000,9999.000,9999.000
202605140136,   0.439,   0.810,9999.000,9999.000,9999.000,9999.000,9999.000,9999.000,9999.000
202605140142,   0.467,   0.839,9999.000,9999.000,9999.000,9999.000,9999.000,9999.000,9999.000
202605140148,   0.496,   0.849,9999.000,9999.000,9999.000,9999.000,9999.000,9999.000,9999.000
202605140154,   0.528,   0.898,9999.000,9999.000,9999.000,9999.000,9999.000,9999.000,9999.000
202605140200,   0.560,   0.898,   0.400,  -0.062,   0.898,   0.300,   0.798,   0.400,   0.898
202605140206,   0.595,   0.928,9999.000,9999.000,9999.000,9999.000,9999.000,9999.000,9999.000
202605140212,   0.630,   0.951,9999.000,9999.000,9999.000,9999.000,9999.000,9999.000,9999.000
202605140218,   0.667,   0.970,9999.000,9999.000,9999.000,9999.000,9999.000,9999.000,9999.000
202605140224,   0.704,   1.020,9999.000,9999.000,9999.000,9999.000,9999.000,9999.000,9999.000
202605140230,   0.743,   1.069,9999.000,9999.000,9999.000,9999.000,9999.000,9999.000,9999.000
202605140236,   0.783,   1.088,9999.000,9999.000,9999.000,9999.000,9999.000,9999.000,9999.000
202605140242,   0.823,   1.118,9999.000,9999.000,9999.000,9999.000,9999.000,9999.000,9999.000
202605140248,   0.864,   1.170,9999.000,9999.000,9999.000,9999.000,9999.000,9999.000,9999.000
202605140254,   0.905,   1.170,9999.000,9999.000,9999.000,9999.000,9999.000,9999.000,9999.000
202605140300,   0.947,   1.200,   0.400,  -0.147,   1.200,   0.300,   1.100,   0.400,   1.200
202605140306,   0.989,   1.229,9999.000,9999.000,9999.000,9999.000,9999.000,9999.000,9999.000
202605140312,   1.031,   1.279,9999.000,9999.000,9999.000,9999.000,9999.000,9999.000,9999.000
202605140318,   1.074,   1.308,9999.000,9999.000,9999.000,9999.000,9999.000,9999.000,9999.000
202605140324,   1.116,   1.361,9999.000,9999.000,9999.000,9999.000,9999.000,9999.000,9999.000
202605140330,   1.158,   1.410,9999.000,9999.000,9999.000,9999.000,9999.000,9999.000,9999.000
202605140336,   1.200,   1.449,9999.000,9999.000,9999.000,9999.000,9999.000,9999.000,9999.000
202605140342,   1.242,   1.489,9999.000,9999.000,9999.000,9999.000,9999.000,9999.000,9999.000
202605140348,   1.282,   1.528,9999.000,9999.000,9999.000,9999.000,9999.000,9999.000,9999.000
202605140354,   1.323,   1.580,9999.000,9999.000,9999.000,9999.000,9999.000,9999.000,9999.000
202605140400,   1.362,   1.590,   0.300,  -0.072,   1.590,   0.300,   1.590,   0.400,   1.690
202605140406,   1.401,   1.610,9999.000,9999.000,9999.000,9999.000,9999.000,9999.000,9999.000
202605140412,   1.439,   1.630,9999.000,9999.000,9999.000,9999.000,9999.000,9999.000,9999.000
202605140418,   1.476,   1.669,9999.000,9999.000,9999.000,9999.000,9999.000,9999.000,9999.000
202605140424,   1.513,   1.708,9999.000,9999.000,9999.000,9999.000,9999.000,9999.000,9999.000
202605140430,   1.548,   1.718,9999.000,9999.000,9999.000,9999.000,9999.000,9999.000,9999.000
202605140436,   1.581,   1.758,9999.000,9999.000,9999.000,9999.000,9999.000,9999.000,9999.000
202605140442,   1.614,   1.810,9999.000,9999.000,9999.000,9999.000,9999.000,9999.000,9999.000
202605140448,   1.646,   1.800,9999.000,9999.000,9999.000,9999.000,9999.000,9999.000,9999.000
202605140454,   1.676,   1.810,9999.000,9999.000,9999.000,9999.000,9999.000,9999.000,9999.000
202605140500,   1.705,   1.820,   0.300,  -0.185,   1.820,   0.300,   1.820,   0.300,   1.820
202605140506,   1.732,   1.840,9999.000,9999.000,9999.000,9999.000,9999.000,9999.000,9999.000
202605140512,   1.759,   1.849,9999.000,9999.000,9999.000,9999.000,9999.000,9999.000,9999.000
202605140518,   1.784,   1.889,9999.000,9999.000,9999.000,9999.000,9999.000,9999.000,9999.000
202605140524,   1.807,   1.928,9999.000,9999.000,9999.000,9999.000,9999.000,9999.000,9999.000
202605140530,   1.830,   1.938,9999.000,9999.000,9999.000,9999.000,9999.000,9999.000,9999.000
202605140536,   1.850,   1.938,9999.000,9999.000,9999.000,9999.000,9999.000,9999.000,9999.000
202605140542,   1.870,   1.948,9999.000,9999.000,9999.000,9999.000,9999.000,9999.000,9999.000
202605140548,   1.888,   1.967,9999.000,9999.000,9999.000,9999.000,9999.000,9999.000,9999.000
202605140554,   1.905,   1.990,9999.000,9999.000,9999.000,9999.000,9999.000,9999.000,9999.000
202605140600,   1.921,   2.010,   0.400,  -0.311,   2.010,   0.400,   2.010,   0.400,   2.010
202605140606,   1.935,   2.010,9999.000,9999.000,9999.000,9999.000,9999.000,9999.000,9999.000
202605140612,   1.948,   2.020,9999.000,9999.000,9999.000,9999.000,9999.000,9999.000,9999.000
202605140618,   1.960,   2.020,9999.000,9999.000,9999.000,9999.000,9999.000,9999.000,9999.000
202605140624,   1.971,   2.030,9999.000,9999.000,9999.000,9999.000,9999.000,9999.000,9999.000
202605140630,   1.980,   2.030,9999.000,9999.000,9999.000,9999.000,9999.000,9999.000,9999.000
202605140636,   1.988,   2.059,9999.000,9999.000,9999.000,9999.000,9999.000,9999.000,9999.000
202605140642,   1.995,   2.049,9999.000,9999.000,9999.000,9999.000,9999.000,9999.000,9999.000
202605140648,   2.001,   2.079,9999.000,9999.000,9999.000,9999.000,9999.000,9999.000,9999.000
202605140654,   2.006,   2.059,9999.000,9999.000,9999.000,9999.000,9999.000,9999.000,9999.000
202605140700,   2.010,   2.099,   0.300,  -0.211,   2.099,   0.300,   2.099,   0.400,   2.199
202605140706,   2.012,   2.079,9999.000,9999.000,9999.000,9999.000,9999.000,9999.000,9999.000
202605140712,   2.014,   2.148,9999.000,9999.000,9999.000,9999.000,9999.000,9999.000,9999.000
202605140718,   2.015,   2.099,9999.000,9999.000,9999.000,9999.000,9999.000,9999.000,9999.000
202605140724,   2.014,   2.089,9999.000,9999.000,9999.000,9999.000,9999.000,9999.000,9999.000
202605140730,   2.013,   2.109,9999.000,9999.000,9999.000,9999.000,9999.000,9999.000,9999.000
202605140736,   2.010,   2.148,9999.000,9999.000,9999.000,9999.000,9999.000,9999.000,9999.000
202605140742,   2.007,   2.148,9999.000,9999.000,9999.000,9999.000,9999.000,9999.000,9999.000
202605140748,   2.002,   2.099,9999.000,9999.000,9999.000,9999.000,9999.000,9999.000,9999.000
202605140754,   1.997,   2.118,9999.000,9999.000,9999.000,9999.000,9999.000,9999.000,9999.000
202605140800,   1.991,   2.118,   0.300,  -0.173,   2.118,   0.300,   2.118,   0.300,   2.118
202605140806,   1.983,   2.079,9999.000,9999.000,9999.000,9999.000,9999.000,9999.000,9999.000
202605140812,   1.975,   2.109,9999.000,9999.000,9999.000,9999.000,9999.000,9999.000,9999.000
202605140818,   1.966,   2.089,9999.000,9999.000,9999.000,9999.000,9999.000,9999.000,9999.000
202605140824,   1.956,   2.040,9999.000,9999.000,9999.000,9999.000,9999.000,9999.000,9999.000
202605140830,   1.945,   2.059,9999.000,9999.000,9999.000,9999.000,9999.000,9999.000,9999.000
202605140836,   1.933,   2.079,9999.000,9999.000,9999.000,9999.000,9999.000,9999.000,9999.000
202605140842,   1.920,   2.040,9999.000,9999.000,9999.000,9999.000,9999.000,9999.000,9999.000
202605140848,   1.907,   2.030,9999.000,9999.000,9999.000,9999.000,9999.000,9999.000,9999.000
202605140854,   1.892,   2.020,9999.000,9999.000,9999.000,9999.000,9999.000,9999.000,9999.000
202605140900,   1.877,   2.020,   0.300,  -0.157,   2.020,   0.300,   2.020,   0.300,   2.020
202605140906,   1.861,   1.981,9999.000,9999.000,9999.000,9999.000,9999.000,9999.000,9999.000
202605140912,   1.845,   1.967,9999.000,9999.000,9999.000,9999.000,9999.000,9999.000,9999.000
202605140918,   1.827,   1.981,9999.000,9999.000,9999.000,9999.000,9999.000,9999.000,9999.000
202605140924,   1.810,   1.948,9999.000,9999.000,9999.000,9999.000,9999.000,9999.000,9999.000
202605140930,   1.791,   1.928,9999.000,9999.000,9999.000,9999.000,9999.000,9999.000,9999.000
202605140936,   1.772,   1.899,9999.000,9999.000,9999.000,9999.000,9999.000,9999.000,9999.000
202605140942,   1.752,   1.879,9999.000,9999.000,9999.000,9999.000,9999.000,9999.000,9999.000
202605140948,   1.732,   1.859,9999.000,9999.000,9999.000,9999.000,9999.000,9999.000,9999.000
202605140954,   1.712,   1.869,9999.000,9999.000,9999.000,9999.000,9999.000,9999.000,9999.000
202605141000,   1.691,   1.830,   0.300,  -0.161,   1.830,   0.300,   1.830,   0.300,   1.830
202605141006,   1.671,   1.820,9999.000,9999.000,9999.000,9999.000,9999.000,9999.000,9999.000
202605141012,   1.650,   1.790,9999.000,9999.000,9999.000,9999.000,9999.000,9999.000,9999.000
202605141018,   1.629,   1.781,9999.000,9999.000,9999.000,9999.000,9999.000,9999.000,9999.000
202605141024,   1.607,   1.728,9999.000,9999.000,9999.000,9999.000,9999.000,9999.000,9999.000
202605141030,   1.587,   1.689,9999.000,9999.000,9999.000,9999.000,9999.000,9999.000,9999.000
202605141036,   1.566,   1.659,9999.000,9999.000,9999.000,9999.000,9999.000,9999.000,9999.000
202605141042,   1.545,   1.639,9999.000,9999.000,9999.000,9999.000,9999.000,9999.000,9999.000
202605141048,   1.525,   1.630,9999.000,9999.000,9999.000,9999.000,9999.000,9999.000,9999.000
202605141054,   1.505,   1.620,9999.000,9999.000,9999.000,9999.000,9999.000,9999.000,9999.000
202605141100,   1.486,   1.620,   0.300,  -0.166,   1.620,   0.300,   1.620,   0.300,   1.620
202605141106,   1.467,   1.610,9999.000,9999.000,9999.000,9999.000,9999.000,9999.000,9999.000
202605141112,   1.449,   1.590,9999.000,9999.000,9999.000,9999.000,9999.000,9999.000,9999.000
202605141118,   1.431,   1.571,9999.000,9999.000,9999.000,9999.000,9999.000,9999.000,9999.000
202605141124,   1.414,   1.528,9999.000,9999.000,9999.000,9999.000,9999.000,9999.000,9999.000
202605141130,   1.399,   1.479,9999.000,9999.000,9999.000,9999.000,9999.000,9999.000,9999.000
202605141136,   1.384,   1.469,9999.000,9999.000,9999.000,9999.000,9999.000,9999.000,9999.000
202605141142,   1.370,   1.469,9999.000,9999.000,9999.000,9999.000,9999.000,9999.000,9999.000
202605141148,   1.357,   1.489,9999.000,9999.000,9999.000,9999.000,9999.000,9999.000,9999.000
202605141154,   1.345,   1.518,9999.000,9999.000,9999.000,9999.000,9999.000,9999.000,9999.000
202605141200,   1.334,   1.548,   0.400,  -0.186,   1.548,   0.400,   1.548,   0.400,   1.548
202605141206,   1.324,   1.538,9999.000,9999.000,9999.000,9999.000,9999.000,9999.000,9999.000
202605141212,   1.315,   1.528,9999.000,9999.000,9999.000,9999.000,9999.000,9999.000,9999.000
202605141218,   1.308,   1.538,9999.000,9999.000,9999.000,9999.000,9999.000,9999.000,9999.000
202605141224,   1.302,   1.498,9999.000,9999.000,9999.000,9999.000,9999.000,9999.000,9999.000
202605141230,   1.297,   1.489,9999.000,9999.000,9999.000,9999.000,9999.000,9999.000,9999.000
202605141236,   1.293,   1.528,9999.000,9999.000,9999.000,9999.000,9999.000,9999.000,9999.000
202605141242,   1.291,   1.538,9999.000,9999.000,9999.000,9999.000,9999.000,9999.000,9999.000
202605141248,   1.290,   1.557,9999.000,9999.000,9999.000,9999.000,9999.000,9999.000,9999.000
202605141254,   1.290,   1.538,9999.000,9999.000,9999.000,9999.000,9999.000,9999.000,9999.000
202605141300,   1.291,   1.528,   0.400,  -0.163,   1.528,   0.400,   1.528,   0.400,   1.528
202605141306,   1.293,   1.518,9999.000,9999.000,9999.000,9999.000,9999.000,9999.000,9999.000
202605141312,   1.297,   1.538,9999.000,9999.000,9999.000,9999.000,9999.000,9999.000,9999.000
202605141318,   1.302,   1.489,9999.000,9999.000,9999.000,9999.000,9999.000,9999.000,9999.000
202605141324,   1.308,   1.508,9999.000,9999.000,9999.000,9999.000,9999.000,9999.000,9999.000
202605141330,   1.315,   1.498,9999.000,9999.000,9999.000,9999.000,9999.000,9999.000,9999.000
202605141336,   1.323,   1.528,9999.000,9999.000,9999.000,9999.000,9999.000,9999.000,9999.000
202605141342,   1.333,   1.528,9999.000,9999.000,9999.000,9999.000,9999.000,9999.000,9999.000
202605141348,   1.343,   1.557,9999.000,9999.000,9999.000,9999.000,9999.000,9999.000,9999.000
202605141354,   1.354,   1.538,9999.000,9999.000,9999.000,9999.000,9999.000,9999.000,9999.000
202605141400,   1.366,   1.528,   0.400,  -0.238,   1.528,   0.400,   1.528,   0.400,   1.528
202605141406,   1.379,   1.538,9999.000,9999.000,9999.000,9999.000,9999.000,9999.000,9999.000
202605141412,   1.393,   1.571,9999.000,9999.000,9999.000,9999.000,9999.000,9999.000,9999.000
202605141418,   1.407,   1.580,9999.000,9999.000,9999.000,9999.000,9999.000,9999.000,9999.000
202605141424,   1.422,   1.590,9999.000,9999.000,9999.000,9999.000,9999.000,9999.000,9999.000
202605141430,   1.438,   1.600,9999.000,9999.000,9999.000,9999.000,9999.000,9999.000,9999.000
202605141436,   1.454,   1.610,9999.000,9999.000,9999.000,9999.000,9999.000,9999.000,9999.000
202605141442,   1.471,   1.630,9999.000,9999.000,9999.000,9999.000,9999.000,9999.000,9999.000
202605141448,   1.488,   1.639,9999.000,9999.000,9999.000,9999.000,9999.000,9999.000,9999.000
202605141454,   1.505,   1.689,9999.000,9999.000,9999.000,9999.000,9999.000,9999.000,9999.000
202605141500,   1.522,   1.748,   0.400,  -0.174,   1.748,   0.400,   1.748,   0.400,   1.748
202605141506,   1.540,   1.790,9999.000,9999.000,9999.000,9999.000,9999.000,9999.000,9999.000
202605141512,   1.558,   1.790,9999.000,9999.000,9999.000,9999.000,9999.000,9999.000,9999.000
202605141518,   1.575,   1.800,9999.000,9999.000,9999.000,9999.000,9999.000,9999.000,9999.000
202605141524,   1.593,   1.790,9999.000,9999.000,9999.000,9999.000,9999.000,9999.000,9999.000
202605141530,   1.610,   1.810,9999.000,9999.000,9999.000,9999.000,9999.000,9999.000,9999.000
202605141536,   1.628,   1.840,9999.000,9999.000,9999.000,9999.000,9999.000,9999.000,9999.000
202605141542,   1.644,   1.889,9999.000,9999.000,9999.000,9999.000,9999.000,9999.000,9999.000
202605141548,   1.661,   1.918,9999.000,9999.000,9999.000,9999.000,9999.000,9999.000,9999.000
202605141554,   1.677,   1.948,9999.000,9999.000,9999.000,9999.000,9999.000,9999.000,9999.000
202605141600,   1.692,   1.981,   0.400,  -0.111,   1.981,   0.400,   1.981,   0.400,   1.981
202605141606,   1.707,   2.020,9999.000,9999.000,9999.000,9999.000,9999.000,9999.000,9999.000
202605141612,   1.721,   2.069,9999.000,9999.000,9999.000,9999.000,9999.000,9999.000,9999.000
202605141618,   1.735,   1.981,9999.000,9999.000,9999.000,9999.000,9999.000,9999.000,9999.000
202605141624,   1.747,   1.967,9999.000,9999.000,9999.000,9999.000,9999.000,9999.000,9999.000
202605141630,   1.759,   2.020,9999.000,9999.000,9999.000,9999.000,9999.000,9999.000,9999.000
202605141636,   1.769,   1.967,9999.000,9999.000,9999.000,9999.000,9999.000,9999.000,9999.000
202605141642,   1.779,   1.948,9999.000,9999.000,9999.000,9999.000,9999.000,9999.000,9999.000
202605141648,   1.788,   1.958,9999.000,9999.000,9999.000,9999.000,9999.000,9999.000,9999.000
202605141654,   1.795,   2.000,9999.000,9999.000,9999.000,9999.000,9999.000,9999.000,9999.000
202605141700,   1.802,   2.010,   0.400,  -0.192,   2.010,   0.400,   2.010,   0.400,   2.010
202605141706,   1.807,   1.990,9999.000,9999.000,9999.000,9999.000,9999.000,9999.000,9999.000
202605141712,   1.811,   2.040,9999.000,9999.000,9999.000,9999.000,9999.000,9999.000,9999.000
202605141718,   1.813,   2.059,9999.000,9999.000,9999.000,9999.000,9999.000,9999.000,9999.000
202605141724,   1.815,   2.030,9999.000,9999.000,9999.000,9999.000,9999.000,9999.000,9999.000
202605141730,   1.815,   2.040,9999.000,9999.000,9999.000,9999.000,9999.000,9999.000,9999.000
202605141736,   1.814,   2.030,9999.000,9999.000,9999.000,9999.000,9999.000,9999.000,9999.000
202605141742,   1.812,   2.000,9999.000,9999.000,9999.000,9999.000,9999.000,9999.000,9999.000
202605141748,   1.808,   2.000,9999.000,9999.000,9999.000,9999.000,9999.000,9999.000,9999.000
202605141754,   1.803,   2.030,9999.000,9999.000,9999.000,9999.000,9999.000,9999.000,9999.000
202605141800,   1.797,   2.040,   0.300,  -0.057,   2.040,   0.300,   2.040,   0.300,   2.040
202605141806,   1.789,   2.030,9999.000,9999.000,9999.000,9999.000,9999.000,9999.000,9999.000
202605141812,   1.780,   2.020,9999.000,9999.000,9999.000,9999.000,9999.000,9999.000,9999.000
202605141818,   1.770,   2.010,9999.000,9999.000,9999.000,9999.000,9999.000,9999.000,9999.000
202605141824,   1.759,   1.981,9999.000,9999.000,9999.000,9999.000,9999.000,9999.000,9999.000
202605141830,   1.746,   1.958,9999.000,9999.000,9999.000,9999.000,9999.000,9999.000,9999.000
202605141836,   1.733,   1.948,9999.000,9999.000,9999.000,9999.000,9999.000,9999.000,9999.000
202605141842,   1.718,   1.958,9999.000,9999.000,9999.000,9999.000,9999.000,9999.000,9999.000
202605141848,   1.702,   1.928,9999.000,9999.000,9999.000,9999.000,9999.000,9999.000,9999.000
202605141854,   1.685,   1.928,9999.000,9999.000,9999.000,9999.000,9999.000,9999.000,9999.000
202605141900,   1.666,   1.918,   0.300,  -0.048,   1.918,   0.300,   1.918,   0.400,   2.018
202605141906,   1.647,   1.879,9999.000,9999.000,9999.000,9999.000,9999.000,9999.000,9999.000
202605141912,   1.627,   1.899,9999.000,9999.000,9999.000,9999.000,9999.000,9999.000,9999.000
202605141918,   1.605,   1.899,9999.000,9999.000,9999.000,9999.000,9999.000,9999.000,9999.000
202605141924,   1.583,   1.918,9999.000,9999.000,9999.000,9999.000,9999.000,9999.000,9999.000
202605141930,   1.560,   1.908,9999.000,9999.000,9999.000,9999.000,9999.000,9999.000,9999.000
202605141936,   1.535,   1.918,9999.000,9999.000,9999.000,9999.000,9999.000,9999.000,9999.000
202605141942,   1.510,   1.869,9999.000,9999.000,9999.000,9999.000,9999.000,9999.000,9999.000
202605141948,   1.484,   1.869,9999.000,9999.000,9999.000,9999.000,9999.000,9999.000,9999.000
202605141954,   1.457,   1.800,9999.000,9999.000,9999.000,9999.000,9999.000,9999.000,9999.000
202605142000,   1.429,   1.790,   0.300,   0.061,   1.790,   0.300,   1.790,   0.400,   1.890
202605142006,   1.400,   1.790,9999.000,9999.000,9999.000,9999.000,9999.000,9999.000,9999.000
202605142012,   1.371,   1.758,9999.000,9999.000,9999.000,9999.000,9999.000,9999.000,9999.000
202605142018,   1.340,   1.689,9999.000,9999.000,9999.000,9999.000,9999.000,9999.000,9999.000
202605142024,   1.309,   1.689,9999.000,9999.000,9999.000,9999.000,9999.000,9999.000,9999.000
202605142030,   1.277,   1.689,9999.000,9999.000,9999.000,9999.000,9999.000,9999.000,9999.000
202605142036,   1.244,   1.649,9999.000,9999.000,9999.000,9999.000,9999.000,9999.000,9999.000
202605142042,   1.210,   1.639,9999.000,9999.000,9999.000,9999.000,9999.000,9999.000,9999.000
202605142048,   1.175,   1.649,9999.000,9999.000,9999.000,9999.000,9999.000,9999.000,9999.000
202605142054,   1.140,   1.590,9999.000,9999.000,9999.000,9999.000,9999.000,9999.000,9999.000
202605142100,   1.103,   1.518,   0.300,   0.115,   1.518,   0.300,   1.518,   0.400,   1.618
202605142106,   1.066,   1.498,9999.000,9999.000,9999.000,9999.000,9999.000,9999.000,9999.000
202605142112,   1.029,   1.479,9999.000,9999.000,9999.000,9999.000,9999.000,9999.000,9999.000
202605142118,   0.990,   1.420,9999.000,9999.000,9999.000,9999.000,9999.000,9999.000,9999.000
202605142124,   0.952,   1.361,9999.000,9999.000,9999.000,9999.000,9999.000,9999.000,9999.000
202605142130,   0.912,   1.318,9999.000,9999.000,9999.000,9999.000,9999.000,9999.000,9999.000
202605142136,   0.872,   1.249,9999.000,9999.000,9999.000,9999.000,9999.000,9999.000,9999.000
202605142142,   0.831,   1.180,9999.000,9999.000,9999.000,9999.000,9999.000,9999.000,9999.000
202605142148,   0.790,   1.088,9999.000,9999.000,9999.000,9999.000,9999.000,9999.000,9999.000
202605142154,   0.749,   1.059,9999.000,9999.000,9999.000,9999.000,9999.000,9999.000,9999.000
202605142200,   0.707,   1.020,   0.400,  -0.087,   1.020,   0.300,   0.920,   0.400,   1.020
202605142206,   0.666,   1.000,9999.000,9999.000,9999.000,9999.000,9999.000,9999.000,9999.000
202605142212,   0.624,   0.941,9999.000,9999.000,9999.000,9999.000,9999.000,9999.000,9999.000
202605142218,   0.582,   0.941,9999.000,9999.000,9999.000,9999.000,9999.000,9999.000,9999.000
202605142224,   0.540,   0.951,9999.000,9999.000,9999.000,9999.000,9999.000,9999.000,9999.000
202605142230,   0.499,   0.898,9999.000,9999.000,9999.000,9999.000,9999.000,9999.000,9999.000
202605142236,   0.458,   0.800,9999.000,9999.000,9999.000,9999.000,9999.000,9999.000,9999.000
202605142242,   0.417,   0.800,9999.000,9999.000,9999.000,9999.000,9999.000,9999.000,9999.000
202605142248,   0.377,   0.669,9999.000,9999.000,9999.000,9999.000,9999.000,9999.000,9999.000
202605142254,   0.337,   0.639,9999.000,9999.000,9999.000,9999.000,9999.000,9999.000,9999.000
202605142300,   0.299,   0.659,   0.400,  -0.040,   0.659,   0.400,   0.659,   0.400,   0.659
202605142306,   0.261,   0.678,9999.000,9999.000,9999.000,9999.000,9999.000,9999.000,9999.000
202605142312,   0.225,   0.551,9999.000,9999.000,9999.000,9999.000,9999.000,9999.000,9999.000
202605142318,   0.190,   0.439,9999.000,9999.000,9999.000,9999.000,9999.000,9999.000,9999.000
202605142324,   0.156,   0.429,9999.000,9999.000,9999.000,9999.000,9999.000,9999.000,9999.000
202605142330,   0.123,   0.370,9999.000,9999.000,9999.000,9999.000,9999.000,9999.000,9999.000
202605142336,   0.092,   0.321,9999.000,9999.000,9999.000,9999.000,9999.000,9999.000,9999.000
202605142342,   0.063,   0.321,9999.000,9999.000,9999.000,9999.000,9999.000,9999.000,9999.000
202605142348,   0.036,   0.360,9999.000,9999.000,9999.000,9999.000,9999.000,9999.000,9999.000
202605142354,   0.011,   0.331,9999.000,9999.000,9999.000,9999.000,9999.000,9999.000,9999.000
202605150000,  -0.011,   0.288,   0.400,  -0.101,   0.288,   0.400,   0.288,   0.500,   0.388
202605150006,  -0.032,   0.268,9999.000,9999.000,9999.000,9999.000,9999.000,9999.000,9999.000
202605150012,  -0.051,   0.219,9999.000,9999.000,9999.000,9999.000,9999.000,9999.000,9999.000
202605150018,  -0.067,   0.209,9999.000,9999.000,9999.000,9999.000,9999.000,9999.000,9999.000
202605150024,  -0.081,   0.229,9999.000,9999.000,9999.000,9999.000,9999.000,9999.000,9999.000
202605150030,  -0.093,   0.268,9999.000,9999.000,9999.000,9999.000,9999.000,9999.000,9999.000
202605150036,  -0.102,   0.239,9999.000,9999.000,9999.000,9999.000,9999.000,9999.000,9999.000
202605150042,  -0.108,   0.229,9999.000,9999.000,9999.000,9999.000,9999.000,9999.000,9999.000
202605150048,  -0.112,   0.288,9999.000,9999.000,9999.000,9999.000,9999.000,9999.000,9999.000
202605150054,  -0.113,   0.278,9999.000,9999.000,9999.000,9999.000,9999.000,9999.000,9999.000
202605150100,  -0.111,   0.268,   0.500,  -0.121,   0.268,   0.400,   0.168,   0.500,   0.268
202605150106,  -0.107,   0.360,9999.000,9999.000,9999.000,9999.000,9999.000,9999.000,9999.000
202605150112,  -0.100,   0.380,9999.000,9999.000,9999.000,9999.000,9999.000,9999.000,9999.000
202605150118,  -0.090,   0.390,9999.000,9999.000,9999.000,9999.000,9999.000,9999.000,9999.000
202605150124,  -0.078,   0.419,9999.000,9999.000,9999.000,9999.000,9999.000,9999.000,9999.000
202605150130,  -0.063,   0.419,9999.000,9999.000,9999.000,9999.000,9999.000,9999.000,9999.000
202605150136,  -0.046,   0.419,9999.000,9999.000,9999.000,9999.000,9999.000,9999.000,9999.000
202605150142,  -0.026,   0.409,9999.000,9999.000,9999.000,9999.000,9999.000,9999.000,9999.000
202605150148,  -0.003,   0.409,9999.000,9999.000,9999.000,9999.000,9999.000,9999.000,9999.000
202605150154,   0.020,   0.429,9999.000,9999.000,9999.000,9999.000,9999.000,9999.000,9999.000
202605150200,   0.048,   0.469,   0.500,  -0.079,   0.469,   0.400,   0.369,   0.500,   0.469
202605150206,   0.077,   0.488,9999.000,9999.000,9999.000,9999.000,9999.000,9999.000,9999.000
202605150212,   0.109,   0.531,9999.000,9999.000,9999.000,9999.000,9999.000,9999.000,9999.000
202605150218,   0.143,   0.570,9999.000,9999.000,9999.000,9999.000,9999.000,9999.000,9999.000
202605150224,   0.179,   0.619,9999.000,9999.000,9999.000,9999.000,9999.000,9999.000,9999.000
202605150230,   0.217,   0.629,9999.000,9999.000,9999.000,9999.000,9999.000,9999.000,9999.000
202605150236,   0.256,   0.659,9999.000,9999.000,9999.000,9999.000,9999.000,9999.000,9999.000
202605150242,   0.298,   0.708,9999.000,9999.000,9999.000,9999.000,9999.000,9999.000,9999.000
202605150248,   0.341,   0.731,9999.000,9999.000,9999.000,9999.000,9999.000,9999.000,9999.000
202605150254,   0.385,   0.839,9999.000,9999.000,9999.000,9999.000,9999.000,9999.000,9999.000
202605150300,   0.432,   0.879,   0.500,  -0.053,   0.879,   0.400,   0.779,   0.500,   0.879
202605150306,   0.479,   0.908,9999.000,9999.000,9999.000,9999.000,9999.000,9999.000,9999.000
202605150312,   0.527,   0.928,9999.000,9999.000,9999.000,9999.000,9999.000,9999.000,9999.000
202605150318,   0.577,   0.961,9999.000,9999.000,9999.000,9999.000,9999.000,9999.000,9999.000
202605150324,   0.628,   1.000,9999.000,9999.000,9999.000,9999.000,9999.000,9999.000,9999.000
202605150330,   0.679,   1.029,9999.000,9999.000,9999.000,9999.000,9999.000,9999.000,9999.000
202605150336,   0.731,   1.108,9999.000,9999.000,9999.000,9999.000,9999.000,9999.000,9999.000
202605150342,   0.784,   1.180,9999.000,9999.000,9999.000,9999.000,9999.000,9999.000,9999.000
202605150348,   0.837,   1.229,9999.000,9999.000,9999.000,9999.000,9999.000,9999.000,9999.000
202605150354,   0.890,   1.289,9999.000,9999.000,9999.000,9999.000,9999.000,9999.000,9999.000
202605150400,   0.944,   1.338,   0.500,  -0.106,   1.338,   0.400,   1.238,   0.500,   1.338
202605150406,   0.997,   1.400,9999.000,9999.000,9999.000,9999.000,9999.000,9999.000,9999.000
202605150412,   1.051,   1.449,9999.000,9999.000,9999.000,9999.000,9999.000,9999.000,9999.000
202605150418,   1.104,   1.469,9999.000,9999.000,9999.000,9999.000,9999.000,9999.000,9999.000
202605150424,   1.157,   1.479,9999.000,9999.000,9999.000,9999.000,9999.000,9999.000,9999.000
202605150430,   1.209,   1.538,9999.000,9999.000,9999.000,9999.000,9999.000,9999.000,9999.000
202605150436,   1.261,   1.528,9999.000,9999.000,9999.000,9999.000,9999.000,9999.000,9999.000
202605150442,   1.312,   1.538,9999.000,9999.000,9999.000,9999.000,9999.000,9999.000,9999.000
202605150448,   1.362,   1.610,9999.000,9999.000,9999.000,9999.000,9999.000,9999.000,9999.000
202605150454,   1.412,   1.669,9999.000,9999.000,9999.000,9999.000,9999.000,9999.000,9999.000
202605150500,   1.460,   1.708,   0.500,  -0.252,   1.708,   0.500,   1.708,   0.500,   1.708
202605150506,   1.507,   1.758,9999.000,9999.000,9999.000,9999.000,9999.000,9999.000,9999.000
202605150512,   1.553,   1.840,9999.000,9999.000,9999.000,9999.000,9999.000,9999.000,9999.000
202605150518,   1.598,   1.879,9999.000,9999.000,9999.000,9999.000,9999.000,9999.000,9999.000
202605150524,   1.641,   1.869,9999.000,9999.000,9999.000,9999.000,9999.000,9999.000,9999.000
202605150530,   1.683,   1.899,9999.000,9999.000,9999.000,9999.000,9999.000,9999.000,9999.000
202605150536,   1.723,   1.918,9999.000,9999.000,9999.000,9999.000,9999.000,9999.000,9999.000
202605150542,   1.762,   1.918,9999.000,9999.000,9999.000,9999.000,9999.000,9999.000,9999.000
202605150548,   1.799,   1.967,9999.000,9999.000,9999.000,9999.000,9999.000,9999.000,9999.000
202605150554,   1.834,   2.010,9999.000,9999.000,9999.000,9999.000,9999.000,9999.000,9999.000
202605150600,   1.868,   2.020,   0.500,  -0.348,   2.020,   0.500,   2.020,   0.600,   2.120
202605150606,   1.900,   2.059,9999.000,9999.000,9999.000,9999.000,9999.000,9999.000,9999.000
202605150612,   1.931,   2.099,9999.000,9999.000,9999.000,9999.000,9999.000,9999.000,9999.000
202605150618,   1.959,   2.118,9999.000,9999.000,9999.000,9999.000,9999.000,9999.000,9999.000
202605150624,   1.986,   2.128,9999.000,9999.000,9999.000,9999.000,9999.000,9999.000,9999.000
202605150630,   2.011,   2.138,9999.000,9999.000,9999.000,9999.000,9999.000,9999.000,9999.000
202605150636,   2.035,   2.138,9999.000,9999.000,9999.000,9999.000,9999.000,9999.000,9999.000
202605150642,   2.057,   2.128,9999.000,9999.000,9999.000,9999.000,9999.000,9999.000,9999.000
202605150648,   2.077,   2.168,9999.000,9999.000,9999.000,9999.000,9999.000,9999.000,9999.000
202605150654,   2.095,   2.168,9999.000,9999.000,9999.000,9999.000,9999.000,9999.000,9999.000
202605150700,   2.112,   2.168,   0.500,  -0.444,   2.168,   0.500,   2.168,   0.600,   2.268
202605150706,   2.128,   2.168,9999.000,9999.000,9999.000,9999.000,9999.000,9999.000,9999.000
202605150712,   2.142,   2.230,9999.000,9999.000,9999.000,9999.000,9999.000,9999.000,9999.000
202605150718,   2.155,   2.250,9999.000,9999.000,9999.000,9999.000,9999.000,9999.000,9999.000
202605150724,   2.166,   2.230,9999.000,9999.000,9999.000,9999.000,9999.000,9999.000,9999.000
202605150730,   2.176,   2.230,9999.000,9999.000,9999.000,9999.000,9999.000,9999.000,9999.000
202605150736,   2.184,   2.250,9999.000,9999.000,9999.000,9999.000,9999.000,9999.000,9999.000
202605150742,   2.192,   2.269,9999.000,9999.000,9999.000,9999.000,9999.000,9999.000,9999.000
202605150748,   2.198,   2.299,9999.000,9999.000,9999.000,9999.000,9999.000,9999.000,9999.000
202605150754,   2.203,   2.309,9999.000,9999.000,9999.000,9999.000,9999.000,9999.000,9999.000
202605150800,   2.207,   2.299,   0.500,  -0.408,   2.299,   0.500,   2.299,   0.600,   2.399
202605150806,   2.209,   2.318,9999.000,9999.000,9999.000,9999.000,9999.000,9999.000,9999.000
202605150812,   2.211,   2.318,9999.000,9999.000,9999.000,9999.000,9999.000,9999.000,9999.000
202605150818,   2.212,   2.328,9999.000,9999.000,9999.000,9999.000,9999.000,9999.000,9999.000
202605150824,   2.211,   2.289,9999.000,9999.000,9999.000,9999.000,9999.000,9999.000,9999.000
202605150830,   2.210,   2.358,9999.000,9999.000,9999.000,9999.000,9999.000,9999.000,9999.000
202605150836,   2.208,   2.368,9999.000,9999.000,9999.000,9999.000,9999.000,9999.000,9999.000
202605150842,   2.204,   2.348,9999.000,9999.000,9999.000,9999.000,9999.000,9999.000,9999.000
202605150848,   2.200,   2.358,9999.000,9999.000,9999.000,9999.000,9999.000,9999.000,9999.000
202605150854,   2.195,   2.368,9999.000,9999.000,9999.000,9999.000,9999.000,9999.000,9999.000
202605150900,   2.188,   2.377,   0.500,  -0.311,   2.377,   0.500,   2.377,   0.600,   2.477
202605150906,   2.181,   2.368,9999.000,9999.000,9999.000,9999.000,9999.000,9999.000,9999.000
202605150912,   2.173,   2.368,9999.000,9999.000,9999.000,9999.000,9999.000,9999.000,9999.000
202605150918,   2.164,   2.377,9999.000,9999.000,9999.000,9999.000,9999.000,9999.000,9999.000
202605150924,   2.154,   2.358,9999.000,9999.000,9999.000,9999.000,9999.000,9999.000,9999.000
202605150930,   2.143,   2.328,9999.000,9999.000,9999.000,9999.000,9999.000,9999.000,9999.000
202605150936,   2.131,   2.348,9999.000,9999.000,9999.000,9999.000,9999.000,9999.000,9999.000
202605150942,   2.118,   2.318,9999.000,9999.000,9999.000,9999.000,9999.000,9999.000,9999.000
202605150948,   2.104,   2.279,9999.000,9999.000,9999.000,9999.000,9999.000,9999.000,9999.000
202605150954,   2.090,   2.269,9999.000,9999.000,9999.000,9999.000,9999.000,9999.000,9999.000
202605151000,   2.074,   2.230,   0.600,  -0.444,   2.230,   0.500,   2.130,   0.600,   2.230
202605151006,   2.058,   2.200,9999.000,9999.000,9999.000,9999.000,9999.000,9999.000,9999.000
202605151012,   2.040,   2.210,9999.000,9999.000,9999.000,9999.000,9999.000,9999.000,9999.000
202605151018,   2.022,   2.220,9999.000,9999.000,9999.000,9999.000,9999.000,9999.000,9999.000
202605151024,   2.003,   2.210,9999.000,9999.000,9999.000,9999.000,9999.000,9999.000,9999.000
202605151030,   1.984,   2.210,9999.000,9999.000,9999.000,9999.000,9999.000,9999.000,9999.000
202605151036,   1.964,   2.200,9999.000,9999.000,9999.000,9999.000,9999.000,9999.000,9999.000
202605151042,   1.943,   2.158,9999.000,9999.000,9999.000,9999.000,9999.000,9999.000,9999.000
202605151048,   1.922,   2.138,9999.000,9999.000,9999.000,9999.000,9999.000,9999.000,9999.000
202605151054,   1.900,   2.148,9999.000,9999.000,9999.000,9999.000,9999.000,9999.000,9999.000
202605151100,   1.879,   2.168,   0.600,  -0.311,   2.168,   0.600,   2.168,   0.700,   2.268
202605151106,   1.856,   2.118,9999.000,9999.000,9999.000,9999.000,9999.000,9999.000,9999.000
202605151112,   1.834,   2.000,9999.000,9999.000,9999.000,9999.000,9999.000,9999.000,9999.000
202605151118,   1.812,   2.040,9999.000,9999.000,9999.000,9999.000,9999.000,9999.000,9999.000
202605151124,   1.789,   2.040,9999.000,9999.000,9999.000,9999.000,9999.000,9999.000,9999.000
202605151130,   1.767,   1.981,9999.000,9999.000,9999.000,9999.000,9999.000,9999.000,9999.000
202605151136,   1.745,   1.879,9999.000,9999.000,9999.000,9999.000,9999.000,9999.000,9999.000
202605151142,   1.724,   1.889,9999.000,9999.000,9999.000,9999.000,9999.000,9999.000,9999.000
202605151148,   1.703,   1.869,9999.000,9999.000,9999.000,9999.000,9999.000,9999.000,9999.000
202605151154,   1.682,   1.879,9999.000,9999.000,9999.000,9999.000,9999.000,9999.000,9999.000
202605151200,   1.662,   1.859,   0.500,  -0.303,   1.859,   0.500,   1.859,   0.600,   1.959
202605151206,   1.643,   1.849,9999.000,9999.000,9999.000,9999.000,9999.000,9999.000,9999.000
202605151212,   1.624,   1.800,9999.000,9999.000,9999.000,9999.000,9999.000,9999.000,9999.000
202605151218,   1.606,   1.800,9999.000,9999.000,9999.000,9999.000,9999.000,9999.000,9999.000
202605151224,   1.590,   1.758,9999.000,9999.000,9999.000,9999.000,9999.000,9999.000,9999.000
202605151230,   1.574,   1.748,9999.000,9999.000,9999.000,9999.000,9999.000,9999.000,9999.000
202605151236,   1.559,   1.738,9999.000,9999.000,9999.000,9999.000,9999.000,9999.000,9999.000
202605151242,   1.546,   1.758,9999.000,9999.000,9999.000,9999.000,9999.000,9999.000,9999.000
202605151248,   1.533,   1.758,9999.000,9999.000,9999.000,9999.000,9999.000,9999.000,9999.000
202605151254,   1.522,   1.767,9999.000,9999.000,9999.000,9999.000,9999.000,9999.000,9999.000
202605151300,   1.512,   1.708,   0.600,  -0.404,   1.708,   0.500,   1.608,   0.600,   1.708
202605151306,   1.503,   1.689,9999.000,9999.000,9999.000,9999.000,9999.000,9999.000,9999.000
202605151312,   1.496,   1.679,9999.000,9999.000,9999.000,9999.000,9999.000,9999.000,9999.000
202605151318,   1.490,   1.659,9999.000,9999.000,9999.000,9999.000,9999.000,9999.000,9999.000
202605151324,   1.485,   1.580,9999.000,9999.000,9999.000,9999.000,9999.000,9999.000,9999.000
202605151330,   1.481,   1.580,9999.000,9999.000,9999.000,9999.000,9999.000,9999.000,9999.000
202605151336,   1.479,   1.580,9999.000,9999.000,9999.000,9999.000,9999.000,9999.000,9999.000
202605151342,   1.478,   1.630,9999.000,9999.000,9999.000,9999.000,9999.000,9999.000,9999.000
202605151348,   1.478,   1.610,9999.000,9999.000,9999.000,9999.000,9999.000,9999.000,9999.000
202605151354,   1.479,   1.610,9999.000,9999.000,9999.000,9999.000,9999.000,9999.000,9999.000
202605151400,   1.482,   1.610,   0.600,  -0.472,   1.610,   0.500,   1.510,   0.600,   1.610
202605151406,   1.486,   1.610,9999.000,9999.000,9999.000,9999.000,9999.000,9999.000,9999.000
202605151412,   1.490,   1.580,9999.000,9999.000,9999.000,9999.000,9999.000,9999.000,9999.000
202605151418,   1.496,   1.610,9999.000,9999.000,9999.000,9999.000,9999.000,9999.000,9999.000
202605151424,   1.503,   1.630,9999.000,9999.000,9999.000,9999.000,9999.000,9999.000,9999.000
202605151430,   1.511,   1.630,9999.000,9999.000,9999.000,9999.000,9999.000,9999.000,9999.000
202605151436,   1.519,   1.630,9999.000,9999.000,9999.000,9999.000,9999.000,9999.000,9999.000
202605151442,   1.529,   1.639,9999.000,9999.000,9999.000,9999.000,9999.000,9999.000,9999.000
202605151448,   1.539,   1.600,9999.000,9999.000,9999.000,9999.000,9999.000,9999.000,9999.000
202605151454,   1.550,   1.580,9999.000,9999.000,9999.000,9999.000,9999.000,9999.000,9999.000
202605151500,   1.562,   1.580,   0.600,  -0.582,   1.580,   0.500,   1.480,   0.600,   1.580
202605151506,   1.574,   1.600,9999.000,9999.000,9999.000,9999.000,9999.000,9999.000,9999.000
202605151512,   1.587,   1.639,9999.000,9999.000,9999.000,9999.000,9999.000,9999.000,9999.000
202605151518,   1.600,   1.659,9999.000,9999.000,9999.000,9999.000,9999.000,9999.000,9999.000
202605151524,   1.614,   1.728,9999.000,9999.000,9999.000,9999.000,9999.000,9999.000,9999.000
202605151530,   1.628,   1.689,9999.000,9999.000,9999.000,9999.000,9999.000,9999.000,9999.000
202605151536,   1.643,   1.610,9999.000,9999.000,9999.000,9999.000,9999.000,9999.000,9999.000
202605151542,   1.657,   1.649,9999.000,9999.000,9999.000,9999.000,9999.000,9999.000,9999.000
202605151548,   1.672,   1.669,9999.000,9999.000,9999.000,9999.000,9999.000,9999.000,9999.000
202605151554,   1.687,   1.639,9999.000,9999.000,9999.000,9999.000,9999.000,9999.000,9999.000
202605151600,   1.702,   1.699,   0.600,  -0.603,   1.699,   0.500,   1.599,   0.600,   1.699
202605151606,   1.717,   1.699,9999.000,9999.000,9999.000,9999.000,9999.000,9999.000,9999.000
202605151612,   1.732,   1.758,9999.000,9999.000,9999.000,9999.000,9999.000,9999.000,9999.000
202605151618,   1.747,   1.810,9999.000,9999.000,9999.000,9999.000,9999.000,9999.000,9999.000
202605151624,   1.761,   1.820,9999.000,9999.000,9999.000,9999.000,9999.000,9999.000,9999.000
202605151630,   1.775,   1.840,9999.000,9999.000,9999.000,9999.000,9999.000,9999.000,9999.000
202605151636,   1.788,   1.820,9999.000,9999.000,9999.000,9999.000,9999.000,9999.000,9999.000
202605151642,   1.801,   1.790,9999.000,9999.000,9999.000,9999.000,9999.000,9999.000,9999.000
202605151648,   1.813,   1.830,9999.000,9999.000,9999.000,9999.000,9999.000,9999.000,9999.000
202605151654,   1.825,   1.849,9999.000,9999.000,9999.000,9999.000,9999.000,9999.000,9999.000
202605151700,   1.835,   1.840,   0.600,  -0.595,   1.840,   0.500,   1.740,   0.600,   1.840
202605151706,   1.845,   1.889,9999.000,9999.000,9999.000,9999.000,9999.000,9999.000,9999.000
202605151712,   1.854,   1.879,9999.000,9999.000,9999.000,9999.000,9999.000,9999.000,9999.000
202605151718,   1.862,   1.899,9999.000,9999.000,9999.000,9999.000,9999.000,9999.000,9999.000
202605151724,   1.869,   1.849,9999.000,9999.000,9999.000,9999.000,9999.000,9999.000,9999.000
202605151730,   1.874,   1.889,9999.000,9999.000,9999.000,9999.000,9999.000,9999.000,9999.000
202605151736,   1.879,   1.928,9999.000,9999.000,9999.000,9999.000,9999.000,9999.000,9999.000
202605151742,   1.882,   1.948,9999.000,9999.000,9999.000,9999.000,9999.000,9999.000,9999.000
202605151748,   1.884,   1.967,9999.000,9999.000,9999.000,9999.000,9999.000,9999.000,9999.000
202605151754,   1.884,   1.967,9999.000,9999.000,9999.000,9999.000,9999.000,9999.000,9999.000
202605151800,   1.883,   1.938,   0.400,  -0.345,   1.938,   0.300,   1.838,   0.400,   1.938
202605151806,   1.881,   1.967,9999.000,9999.000,9999.000,9999.000,9999.000,9999.000,9999.000
202605151812,   1.877,   1.948,9999.000,9999.000,9999.000,9999.000,9999.000,9999.000,9999.000
202605151818,   1.871,   1.918,9999.000,9999.000,9999.000,9999.000,9999.000,9999.000,9999.000
202605151824,   1.864,   1.928,9999.000,9999.000,9999.000,9999.000,9999.000,9999.000,9999.000
202605151830,   1.856,   1.908,9999.000,9999.000,9999.000,9999.000,9999.000,9999.000,9999.000
202605151836,   1.846,   1.889,9999.000,9999.000,9999.000,9999.000,9999.000,9999.000,9999.000
202605151842,   1.834,   1.869,9999.000,9999.000,9999.000,9999.000,9999.000,9999.000,9999.000
202605151848,   1.821,   1.859,9999.000,9999.000,9999.000,9999.000,9999.000,9999.000,9999.000
202605151854,   1.807,   1.840,9999.000,9999.000,9999.000,9999.000,9999.000,9999.000,9999.000
202605151900,   1.791,   1.840,   0.300,  -0.251,   1.840,   0.300,   1.840,   0.400,   1.940
202605151906,   1.774,   1.830,9999.000,9999.000,9999.000,9999.000,9999.000,9999.000,9999.000
202605151912,   1.755,   1.758,9999.000,9999.000,9999.000,9999.000,9999.000,9999.000,9999.000
202605151918,   1.735,   1.781,9999.000,9999.000,9999.000,9999.000,9999.000,9999.000,9999.000
202605151924,   1.714,   1.781,9999.000,9999.000,9999.000,9999.000,9999.000,9999.000,9999.000
202605151930,   1.692,   1.708,9999.000,9999.000,9999.000,9999.000,9999.000,9999.000,9999.000
202605151936,   1.668,   1.728,9999.000,9999.000,9999.000,9999.000,9999.000,9999.000,9999.000
202605151942,   1.643,   1.718,9999.000,9999.000,9999.000,9999.000,9999.000,9999.000,9999.000
202605151948,   1.618,   1.649,9999.000,9999.000,9999.000,9999.000,9999.000,9999.000,9999.000
202605151954,   1.591,   1.630,9999.000,9999.000,9999.000,9999.000,9999.000,9999.000,9999.000
202605152000,   1.563,   1.610,   0.300,  -0.253,   1.610,   0.300,   1.610,   0.400,   1.710
202605152006,   1.535,   1.571,9999.000,9999.000,9999.000,9999.000,9999.000,9999.000,9999.000
202605152012,   1.505,   1.518,9999.000,9999.000,9999.000,9999.000,9999.000,9999.000,9999.000
202605152018,   1.474,   1.518,9999.000,9999.000,9999.000,9999.000,9999.000,9999.000,9999.000
202605152024,   1.443,   1.528,9999.000,9999.000,9999.000,9999.000,9999.000,9999.000,9999.000
202605152030,   1.411,   1.508,9999.000,9999.000,9999.000,9999.000,9999.000,9999.000,9999.000
202605152036,   1.378,   1.469,9999.000,9999.000,9999.000,9999.000,9999.000,9999.000,9999.000
202605152042,   1.344,   1.508,9999.000,9999.000,9999.000,9999.000,9999.000,9999.000,9999.000
202605152048,   1.310,   1.469,9999.000,9999.000,9999.000,9999.000,9999.000,9999.000,9999.000
202605152054,   1.275,   1.400,9999.000,9999.000,9999.000,9999.000,9999.000,9999.000,9999.000
202605152100,   1.239,   1.380,   0.300,  -0.159,   1.380,   0.300,   1.380,   0.400,   1.480
202605152106,   1.202,   1.338,9999.000,9999.000,9999.000,9999.000,9999.000,9999.000,9999.000
202605152112,   1.164,   1.269,9999.000,9999.000,9999.000,9999.000,9999.000,9999.000,9999.000
202605152118,   1.126,   1.190,9999.000,9999.000,9999.000,9999.000,9999.000,9999.000,9999.000
202605152124,   1.087,   1.161,9999.000,9999.000,9999.000,9999.000,9999.000,9999.000,9999.000
202605152130,   1.047,   1.069,9999.000,9999.000,9999.000,9999.000,9999.000,9999.000,9999.000
202605152136,   1.007,   1.049,9999.000,9999.000,9999.000,9999.000,9999.000,9999.000,9999.000
202605152142,   0.965,   1.039,9999.000,9999.000,9999.000,9999.000,9999.000,9999.000,9999.000
202605152148,   0.923,   1.010,9999.000,9999.000,9999.000,9999.000,9999.000,9999.000,9999.000
202605152154,   0.881,   0.941,9999.000,9999.000,9999.000,9999.000,9999.000,9999.000,9999.000
202605152200,   0.837,   0.918,   0.400,  -0.319,   0.918,   0.300,   0.818,   0.500,   1.018
202605152206,   0.793,   0.859,9999.000,9999.000,9999.000,9999.000,9999.000,9999.000,9999.000
202605152212,   0.749,   0.760,9999.000,9999.000,9999.000,9999.000,9999.000,9999.000,9999.000
202605152218,   0.703,   0.688,9999.000,9999.000,9999.000,9999.000,9999.000,9999.000,9999.000
202605152224,   0.658,   0.619,9999.000,9999.000,9999.000,9999.000,9999.000,9999.000,9999.000
202605152230,   0.611,   0.551,9999.000,9999.000,9999.000,9999.000,9999.000,9999.000,9999.000
202605152236,   0.565,   0.488,9999.000,9999.000,9999.000,9999.000,9999.000,9999.000,9999.000
202605152242,   0.518,   0.449,9999.000,9999.000,9999.000,9999.000,9999.000,9999.000,9999.000
202605152248,   0.470,   0.439,9999.000,9999.000,9999.000,9999.000,9999.000,9999.000,9999.000
202605152254,   0.423,   0.341,9999.000,9999.000,9999.000,9999.000,9999.000,9999.000,9999.000
202605152300,   0.376,   0.268,   0.400,  -0.508,   0.268,   0.300,   0.168,   0.500,   0.368
202605152306,   0.328,   0.200,9999.000,9999.000,9999.000,9999.000,9999.000,9999.000,9999.000
202605152312,   0.281,   0.278,9999.000,9999.000,9999.000,9999.000,9999.000,9999.000,9999.000
202605152318,   0.234,   0.259,9999.000,9999.000,9999.000,9999.000,9999.000,9999.000,9999.000
202605152324,   0.188,   0.190,9999.000,9999.000,9999.000,9999.000,9999.000,9999.000,9999.000
202605152330,   0.142,   0.141,9999.000,9999.000,9999.000,9999.000,9999.000,9999.000,9999.000
202605152336,   0.097,   0.088,9999.000,9999.000,9999.000,9999.000,9999.000,9999.000,9999.000
202605152342,   0.053,   0.019,9999.000,9999.000,9999.000,9999.000,9999.000,9999.000,9999.000
202605152348,   0.010,  -0.121,9999.000,9999.000,9999.000,9999.000,9999.000,9999.000,9999.000
202605152354,  -0.030,  -0.170,9999.000,9999.000,9999.000,9999.000,9999.000,9999.000,9999.000
202605160000,  -0.070,  -0.068,   0.200,  -0.198,  -0.068,   0.200,  -0.068,   0.300,   0.032
202605160006,  -0.109,  -0.049,9999.000,9999.000,9999.000,9999.000,9999.000,9999.000,9999.000
202605160012,  -0.146,  -0.141,9999.000,9999.000,9999.000,9999.000,9999.000,9999.000,9999.000
202605160018,  -0.181,  -0.160,9999.000,9999.000,9999.000,9999.000,9999.000,9999.000,9999.000
202605160024,  -0.215,  -0.170,9999.000,9999.000,9999.000,9999.000,9999.000,9999.000,9999.000
202605160030,  -0.246,  -0.249,9999.000,9999.000,9999.000,9999.000,9999.000,9999.000,9999.000
202605160036,  -0.274,  -0.308,9999.000,9999.000,9999.000,9999.000,9999.000,9999.000,9999.000
202605160042,  -0.301,  -0.268,9999.000,9999.000,9999.000,9999.000,9999.000,9999.000,9999.000
202605160048,  -0.325,  -0.288,9999.000,9999.000,9999.000,9999.000,9999.000,9999.000,9999.000
202605160054,  -0.346,  -0.341,9999.000,9999.000,9999.000,9999.000,9999.000,9999.000,9999.000
202605160100,  -0.365,  -0.331,   0.200,  -0.166,  -0.331,   0.200,  -0.331,   0.300,  -0.231
202605160106,  -0.381,  -0.321,9999.000,9999.000,9999.000,9999.000,9999.000,9999.000,9999.000
202605160112,  -0.394,  -0.360,9999.000,9999.000,9999.000,9999.000,9999.000,9999.000,9999.000
202605160118,  -0.404,  -0.390,9999.000,9999.000,9999.000,9999.000,9999.000,9999.000,9999.000
202605160124,  -0.411,  -0.360,9999.000,9999.000,9999.000,9999.000,9999.000,9999.000,9999.000
202605160130,  -0.415,  -0.331,9999.000,9999.000,9999.000,9999.000,9999.000,9999.000,9999.000
202605160136,  -0.416,  -0.331,9999.000,9999.000,9999.000,9999.000,9999.000,9999.000,9999.000
202605160142,  -0.414,  -0.298,9999.000,9999.000,9999.000,9999.000,9999.000,9999.000,9999.000
202605160148,  -0.409,  -0.249,9999.000,9999.000,9999.000,9999.000,9999.000,9999.000,9999.000
202605160154,  -0.401,  -0.239,9999.000,9999.000,9999.000,9999.000,9999.000,9999.000,9999.000
202605160200,  -0.391,  -0.219,   0.300,  -0.128,  -0.219,   0.200,  -0.319,   0.300,  -0.219
202605160206,  -0.377,  -0.170,9999.000,9999.000,9999.000,9999.000,9999.000,9999.000,9999.000
202605160212,  -0.360,  -0.111,9999.000,9999.000,9999.000,9999.000,9999.000,9999.000,9999.000
202605160218,  -0.340,  -0.059,9999.000,9999.000,9999.000,9999.000,9999.000,9999.000,9999.000
202605160224,  -0.317,   0.009,9999.000,9999.000,9999.000,9999.000,9999.000,9999.000,9999.000
202605160230,  -0.291,   0.059,9999.000,9999.000,9999.000,9999.000,9999.000,9999.000,9999.000
202605160236,  -0.263,   0.078,9999.000,9999.000,9999.000,9999.000,9999.000,9999.000,9999.000
202605160242,  -0.232,   0.121,9999.000,9999.000,9999.000,9999.000,9999.000,9999.000,9999.000
202605160248,  -0.199,   0.170,9999.000,9999.000,9999.000,9999.000,9999.000,9999.000,9999.000
202605160254,  -0.162,   0.219,9999.000,9999.000,9999.000,9999.000,9999.000,9999.000,9999.000
202605160300,  -0.124,   0.229,   0.300,   0.053,   0.229,   0.200,   0.129,   0.300,   0.229
202605160306,  -0.083,   0.298,9999.000,9999.000,9999.000,9999.000,9999.000,9999.000,9999.000
202605160312,  -0.040,   0.350,9999.000,9999.000,9999.000,9999.000,9999.000,9999.000,9999.000
202605160318,   0.004,   0.380,9999.000,9999.000,9999.000,9999.000,9999.000,9999.000,9999.000
202605160324,   0.052,   0.419,9999.000,9999.000,9999.000,9999.000,9999.000,9999.000,9999.000
202605160330,   0.101,   0.498,9999.000,9999.000,9999.000,9999.000,9999.000,9999.000,9999.000
202605160336,   0.152,   0.541,9999.000,9999.000,9999.000,9999.000,9999.000,9999.000,9999.000
202605160342,   0.205,   0.580,9999.000,9999.000,9999.000,9999.000,9999.000,9999.000,9999.000
202605160348,   0.259,   0.659,9999.000,9999.000,9999.000,9999.000,9999.000,9999.000,9999.000
202605160354,   0.315,   0.708,9999.000,9999.000,9999.000,9999.000,9999.000,9999.000,9999.000
202605160400,   0.372,   0.760,   0.300,   0.088,   0.760,   0.300,   0.760,   0.300,   0.760
202605160406,   0.431,   0.839,9999.000,9999.000,9999.000,9999.000,9999.000,9999.000,9999.000
202605160412,   0.490,   0.898,9999.000,9999.000,9999.000,9999.000,9999.000,9999.000,9999.000
202605160418,   0.550,   0.970,9999.000,9999.000,9999.000,9999.000,9999.000,9999.000,9999.000
202605160424,   0.611,   1.029,9999.000,9999.000,9999.000,9999.000,9999.000,9999.000,9999.000
202605160430,   0.673,   1.069,9999.000,9999.000,9999.000,9999.000,9999.000,9999.000,9999.000
202605160436,   0.735,   1.128,9999.000,9999.000,9999.000,9999.000,9999.000,9999.000,9999.000
202605160442,   0.798,   1.200,9999.000,9999.000,9999.000,9999.000,9999.000,9999.000,9999.000
202605160448,   0.860,   1.259,9999.000,9999.000,9999.000,9999.000,9999.000,9999.000,9999.000
202605160454,   0.923,   1.298,9999.000,9999.000,9999.000,9999.000,9999.000,9999.000,9999.000
202605160500,   0.985,   1.348,   0.300,   0.063,   1.348,   0.300,   1.348,   0.400,   1.448
202605160506,   1.048,   1.439,9999.000,9999.000,9999.000,9999.000,9999.000,9999.000,9999.000
202605160512,   1.109,   1.469,9999.000,9999.000,9999.000,9999.000,9999.000,9999.000,9999.000
202605160518,   1.171,   1.518,9999.000,9999.000,9999.000,9999.000,9999.000,9999.000,9999.000
202605160524,   1.231,   1.538,9999.000,9999.000,9999.000,9999.000,9999.000,9999.000,9999.000
202605160530,   1.291,   1.580,9999.000,9999.000,9999.000,9999.000,9999.000,9999.000,9999.000
202605160536,   1.349,   1.630,9999.000,9999.000,9999.000,9999.000,9999.000,9999.000,9999.000
202605160542,   1.406,   1.659,9999.000,9999.000,9999.000,9999.000,9999.000,9999.000,9999.000
202605160548,   1.463,   1.708,9999.000,9999.000,9999.000,9999.000,9999.000,9999.000,9999.000
202605160554,   1.517,   1.790,9999.000,9999.000,9999.000,9999.000,9999.000,9999.000,9999.000
202605160600,   1.570,   1.790,   0.400,  -0.180,   1.790,   0.300,   1.690,   0.400,   1.790
202605160606,   1.622,9999.000,9999.000,9999.000,9999.000,9999.000,9999.000,9999.000,9999.000
202605160612,   1.672,9999.000,9999.000,9999.000,9999.000,9999.000,9999.000,9999.000,9999.000
202605160618,   1.720,9999.000,9999.000,9999.000,9999.000,9999.000,9999.000,9999.000,9999.000
202605160624,   1.766,9999.000,9999.000,9999.000,9999.000,9999.000,9999.000,9999.000,9999.000
202605160630,   1.811,9999.000,9999.000,9999.000,9999.000,9999.000,9999.000,9999.000,9999.000
202605160636,   1.853,9999.000,9999.000,9999.000,9999.000,9999.000,9999.000,9999.000,9999.000
202605160642,   1.894,9999.000,9999.000,9999.000,9999.000,9999.000,9999.000,9999.000,9999.000
202605160648,   1.932,9999.000,9999.000,9999.000,9999.000,9999.000,9999.000,9999.000,9999.000
202605160654,   1.969,9999.000,9999.000,9999.000,9999.000,9999.000,9999.000,9999.000,9999.000
202605160700,   2.004,9999.000,   0.400,  -0.177,   2.227,   0.300,   2.127,   0.500,   2.327
202605160706,   2.036,9999.000,9999.000,9999.000,9999.000,9999.000,9999.000,9999.000,9999.000
202605160712,   2.067,9999.000,9999.000,9999.000,9999.000,9999.000,9999.000,9999.000,9999.000
202605160718,   2.095,9999.000,9999.000,9999.000,9999.000,9999.000,9999.000,9999.000,9999.000
202605160724,   2.122,9999.000,9999.000,9999.000,9999.000,9999.000,9999.000,9999.000,9999.000
202605160730,   2.147,9999.000,9999.000,9999.000,9999.000,9999.000,9999.000,9999.000,9999.000
202605160736,   2.171,9999.000,9999.000,9999.000,9999.000,9999.000,9999.000,9999.000,9999.000
202605160742,   2.192,9999.000,9999.000,9999.000,9999.000,9999.000,9999.000,9999.000,9999.000
202605160748,   2.212,9999.000,9999.000,9999.000,9999.000,9999.000,9999.000,9999.000,9999.000
202605160754,   2.230,9999.000,9999.000,9999.000,9999.000,9999.000,9999.000,9999.000,9999.000
202605160800,   2.247,9999.000,   0.500,  -0.174,   2.573,   0.400,   2.473,   0.500,   2.573
202605160806,   2.262,9999.000,9999.000,9999.000,9999.000,9999.000,9999.000,9999.000,9999.000
202605160812,   2.276,9999.000,9999.000,9999.000,9999.000,9999.000,9999.000,9999.000,9999.000
202605160818,   2.288,9999.000,9999.000,9999.000,9999.000,9999.000,9999.000,9999.000,9999.000
202605160824,   2.299,9999.000,9999.000,9999.000,9999.000,9999.000,9999.000,9999.000,9999.000
202605160830,   2.309,9999.000,9999.000,9999.000,9999.000,9999.000,9999.000,9999.000,9999.000
202605160836,   2.318,9999.000,9999.000,9999.000,9999.000,9999.000,9999.000,9999.000,9999.000
202605160842,   2.325,9999.000,9999.000,9999.000,9999.000,9999.000,9999.000,9999.000,9999.000
202605160848,   2.332,9999.000,9999.000,9999.000,9999.000,9999.000,9999.000,9999.000,9999.000
202605160854,   2.337,9999.000,9999.000,9999.000,9999.000,9999.000,9999.000,9999.000,9999.000
202605160900,   2.341,9999.000,   0.500,  -0.172,   2.669,   0.400,   2.569,   0.600,   2.769
202605160906,   2.345,9999.000,9999.000,9999.000,9999.000,9999.000,9999.000,9999.000,9999.000
202605160912,   2.347,9999.000,9999.000,9999.000,9999.000,9999.000,9999.000,9999.000,9999.000
202605160918,   2.348,9999.000,9999.000,9999.000,9999.000,9999.000,9999.000,9999.000,9999.000
202605160924,   2.348,9999.000,9999.000,9999.000,9999.000,9999.000,9999.000,9999.000,9999.000
202605160930,   2.348,9999.000,9999.000,9999.000,9999.000,9999.000,9999.000,9999.000,9999.000
202605160936,   2.346,9999.000,9999.000,9999.000,9999.000,9999.000,9999.000,9999.000,9999.000
202605160942,   2.343,9999.000,9999.000,9999.000,9999.000,9999.000,9999.000,9999.000,9999.000
202605160948,   2.339,9999.000,9999.000,9999.000,9999.000,9999.000,9999.000,9999.000,9999.000
202605160954,   2.334,9999.000,9999.000,9999.000,9999.000,9999.000,9999.000,9999.000,9999.000
202605161000,   2.328,9999.000,   0.500,  -0.169,   2.659,   0.400,   2.559,   0.700,   2.859
202605161006,   2.321,9999.000,9999.000,9999.000,9999.000,9999.000,9999.000,9999.000,9999.000
202605161012,   2.313,9999.000,9999.000,9999.000,9999.000,9999.000,9999.000,9999.000,9999.000
202605161018,   2.304,9999.000,9999.000,9999.000,9999.000,9999.000,9999.000,9999.000,9999.000
202605161024,   2.293,9999.000,9999.000,9999.000,9999.000,9999.000,9999.000,9999.000,9999.000
202605161030,   2.282,9999.000,9999.000,9999.000,9999.000,9999.000,9999.000,9999.000,9999.000
202605161036,   2.270,9999.000,9999.000,9999.000,9999.000,9999.000,9999.000,9999.000,9999.000
202605161042,   2.256,9999.000,9999.000,9999.000,9999.000,9999.000,9999.000,9999.000,9999.000
202605161048,   2.242,9999.000,9999.000,9999.000,9999.000,9999.000,9999.000,9999.000,9999.000
202605161054,   2.226,9999.000,9999.000,9999.000,9999.000,9999.000,9999.000,9999.000,9999.000
202605161100,   2.210,9999.000,   0.500,  -0.166,   2.544,   0.400,   2.444,   0.700,   2.744
202605161106,   2.192,9999.000,9999.000,9999.000,9999.000,9999.000,9999.000,9999.000,9999.000
202605161112,   2.174,9999.000,9999.000,9999.000,9999.000,9999.000,9999.000,9999.000,9999.000
202605161118,   2.155,9999.000,9999.000,9999.000,9999.000,9999.000,9999.000,9999.000,9999.000
202605161124,   2.135,9999.000,9999.000,9999.000,9999.000,9999.000,9999.000,9999.000,9999.000
202605161130,   2.115,9999.000,9999.000,9999.000,9999.000,9999.000,9999.000,9999.000,9999.000
202605161136,   2.093,9999.000,9999.000,9999.000,9999.000,9999.000,9999.000,9999.000,9999.000
202605161142,   2.072,9999.000,9999.000,9999.000,9999.000,9999.000,9999.000,9999.000,9999.000
202605161148,   2.050,9999.000,9999.000,9999.000,9999.000,9999.000,9999.000,9999.000,9999.000
202605161154,   2.028,9999.000,9999.000,9999.000,9999.000,9999.000,9999.000,9999.000,9999.000
202605161200,   2.006,9999.000,   0.500,  -0.163,   2.343,   0.400,   2.243,   0.600,   2.443
202605161206,   1.983,9999.000,9999.000,9999.000,9999.000,9999.000,9999.000,9999.000,9999.000
202605161212,   1.961,9999.000,9999.000,9999.000,9999.000,9999.000,9999.000,9999.000,9999.000
202605161218,   1.938,9999.000,9999.000,9999.000,9999.000,9999.000,9999.000,9999.000,9999.000
202605161224,   1.916,9999.000,9999.000,9999.000,9999.000,9999.000,9999.000,9999.000,9999.000
202605161230,   1.895,9999.000,9999.000,9999.000,9999.000,9999.000,9999.000,9999.000,9999.000
202605161236,   1.874,9999.000,9999.000,9999.000,9999.000,9999.000,9999.000,9999.000,9999.000
202605161242,   1.853,9999.000,9999.000,9999.000,9999.000,9999.000,9999.000,9999.000,9999.000
202605161248,   1.833,9999.000,9999.000,9999.000,9999.000,9999.000,9999.000,9999.000,9999.000
202605161254,   1.814,9999.000,9999.000,9999.000,9999.000,9999.000,9999.000,9999.000,9999.000
202605161300,   1.795,9999.000,   0.400,  -0.161,   2.034,   0.300,   1.934,   0.600,   2.234
202605161306,   1.778,9999.000,9999.000,9999.000,9999.000,9999.000,9999.000,9999.000,9999.000
202605161312,   1.761,9999.000,9999.000,9999.000,9999.000,9999.000,9999.000,9999.000,9999.000
202605161318,   1.745,9999.000,9999.000,9999.000,9999.000,9999.000,9999.000,9999.000,9999.000
202605161324,   1.731,9999.000,9999.000,9999.000,9999.000,9999.000,9999.000,9999.000,9999.000
202605161330,   1.717,9999.000,9999.000,9999.000,9999.000,9999.000,9999.000,9999.000,9999.000
202605161336,   1.705,9999.000,9999.000,9999.000,9999.000,9999.000,9999.000,9999.000,9999.000
202605161342,   1.694,9999.000,9999.000,9999.000,9999.000,9999.000,9999.000,9999.000,9999.000
202605161348,   1.684,9999.000,9999.000,9999.000,9999.000,9999.000,9999.000,9999.000,9999.000
202605161354,   1.675,9999.000,9999.000,9999.000,9999.000,9999.000,9999.000,9999.000,9999.000
202605161400,   1.668,9999.000,   0.400,  -0.158,   1.910,   0.300,   1.810,   0.500,   2.010
202605161406,   1.661,9999.000,9999.000,9999.000,9999.000,9999.000,9999.000,9999.000,9999.000
202605161412,   1.656,9999.000,9999.000,9999.000,9999.000,9999.000,9999.000,9999.000,9999.000
202605161418,   1.653,9999.000,9999.000,9999.000,9999.000,9999.000,9999.000,9999.000,9999.000
202605161424,   1.650,9999.000,9999.000,9999.000,9999.000,9999.000,9999.000,9999.000,9999.000
202605161430,   1.648,9999.000,9999.000,9999.000,9999.000,9999.000,9999.000,9999.000,9999.000
202605161436,   1.648,9999.000,9999.000,9999.000,9999.000,9999.000,9999.000,9999.000,9999.000
202605161442,   1.649,9999.000,9999.000,9999.000,9999.000,9999.000,9999.000,9999.000,9999.000
202605161448,   1.650,9999.000,9999.000,9999.000,9999.000,9999.000,9999.000,9999.000,9999.000
202605161454,   1.653,9999.000,9999.000,9999.000,9999.000,9999.000,9999.000,9999.000,9999.000
202605161500,   1.657,9999.000,   0.300,  -0.155,   1.802,   0.200,   1.702,   0.400,   1.902
202605161506,   1.662,9999.000,9999.000,9999.000,9999.000,9999.000,9999.000,9999.000,9999.000
202605161512,   1.667,9999.000,9999.000,9999.000,9999.000,9999.000,9999.000,9999.000,9999.000
202605161518,   1.674,9999.000,9999.000,9999.000,9999.000,9999.000,9999.000,9999.000,9999.000
202605161524,   1.681,9999.000,9999.000,9999.000,9999.000,9999.000,9999.000,9999.000,9999.000
202605161530,   1.690,9999.000,9999.000,9999.000,9999.000,9999.000,9999.000,9999.000,9999.000
202605161536,   1.698,9999.000,9999.000,9999.000,9999.000,9999.000,9999.000,9999.000,9999.000
202605161542,   1.708,9999.000,9999.000,9999.000,9999.000,9999.000,9999.000,9999.000,9999.000
202605161548,   1.718,9999.000,9999.000,9999.000,9999.000,9999.000,9999.000,9999.000,9999.000
202605161554,   1.729,9999.000,9999.000,9999.000,9999.000,9999.000,9999.000,9999.000,9999.000
202605161600,   1.740,9999.000,   0.300,  -0.152,   1.888,   0.200,   1.788,   0.400,   1.988
202605161606,   1.752,9999.000,9999.000,9999.000,9999.000,9999.000,9999.000,9999.000,9999.000
202605161612,   1.765,9999.000,9999.000,9999.000,9999.000,9999.000,9999.000,9999.000,9999.000
202605161618,   1.777,9999.000,9999.000,9999.000,9999.000,9999.000,9999.000,9999.000,9999.000
202605161624,   1.790,9999.000,9999.000,9999.000,9999.000,9999.000,9999.000,9999.000,9999.000
202605161630,   1.803,9999.000,9999.000,9999.000,9999.000,9999.000,9999.000,9999.000,9999.000
202605161636,   1.816,9999.000,9999.000,9999.000,9999.000,9999.000,9999.000,9999.000,9999.000
202605161642,   1.829,9999.000,9999.000,9999.000,9999.000,9999.000,9999.000,9999.000,9999.000
202605161648,   1.842,9999.000,9999.000,9999.000,9999.000,9999.000,9999.000,9999.000,9999.000
202605161654,   1.855,9999.000,9999.000,9999.000,9999.000,9999.000,9999.000,9999.000,9999.000
202605161700,   1.868,9999.000,   0.300,  -0.149,   2.019,   0.200,   1.919,   0.400,   2.119
202605161706,   1.880,9999.000,9999.000,9999.000,9999.000,9999.000,9999.000,9999.000,9999.000
202605161712,   1.892,9999.000,9999.000,9999.000,9999.000,9999.000,9999.000,9999.000,9999.000
202605161718,   1.904,9999.000,9999.000,9999.000,9999.000,9999.000,9999.000,9999.000,9999.000
202605161724,   1.915,9999.000,9999.000,9999.000,9999.000,9999.000,9999.000,9999.000,9999.000
202605161730,   1.925,9999.000,9999.000,9999.000,9999.000,9999.000,9999.000,9999.000,9999.000
202605161736,   1.935,9999.000,9999.000,9999.000,9999.000,9999.000,9999.000,9999.000,9999.000
202605161742,   1.943,9999.000,9999.000,9999.000,9999.000,9999.000,9999.000,9999.000,9999.000
202605161748,   1.951,9999.000,9999.000,9999.000,9999.000,9999.000,9999.000,9999.000,9999.000
202605161754,   1.957,9999.000,9999.000,9999.000,9999.000,9999.000,9999.000,9999.000,9999.000
202605161800,   1.963,9999.000,   0.300,  -0.147,   2.116,   0.200,   2.016,   0.500,   2.316
202605161806,   1.967,9999.000,9999.000,9999.000,9999.000,9999.000,9999.000,9999.000,9999.000
202605161812,   1.970,9999.000,9999.000,9999.000,9999.000,9999.000,9999.000,9999.000,9999.000
202605161818,   1.971,9999.000,9999.000,9999.000,9999.000,9999.000,9999.000,9999.000,9999.000
202605161824,   1.971,9999.000,9999.000,9999.000,9999.000,9999.000,9999.000,9999.000,9999.000
202605161830,   1.970,9999.000,9999.000,9999.000,9999.000,9999.000,9999.000,9999.000,9999.000
202605161836,   1.967,9999.000,9999.000,9999.000,9999.000,9999.000,9999.000,9999.000,9999.000
202605161842,   1.962,9999.000,9999.000,9999.000,9999.000,9999.000,9999.000,9999.000,9999.000
202605161848,   1.956,9999.000,9999.000,9999.000,9999.000,9999.000,9999.000,9999.000,9999.000
202605161854,   1.948,9999.000,9999.000,9999.000,9999.000,9999.000,9999.000,9999.000,9999.000
202605161900,   1.939,9999.000,   0.400,  -0.147,   2.192,   0.200,   1.992,   0.500,   2.292
202605161906,   1.928,9999.000,9999.000,9999.000,9999.000,9999.000,9999.000,9999.000,9999.000
202605161912,   1.915,9999.000,9999.000,9999.000,9999.000,9999.000,9999.000,9999.000,9999.000
202605161918,   1.901,9999.000,9999.000,9999.000,9999.000,9999.000,9999.000,9999.000,9999.000
202605161924,   1.885,9999.000,9999.000,9999.000,9999.000,9999.000,9999.000,9999.000,9999.000
202605161930,   1.867,9999.000,9999.000,9999.000,9999.000,9999.000,9999.000,9999.000,9999.000
202605161936,   1.849,9999.000,9999.000,9999.000,9999.000,9999.000,9999.000,9999.000,9999.000
202605161942,   1.828,9999.000,9999.000,9999.000,9999.000,9999.000,9999.000,9999.000,9999.000
202605161948,   1.806,9999.000,9999.000,9999.000,9999.000,9999.000,9999.000,9999.000,9999.000
202605161954,   1.783,9999.000,9999.000,9999.000,9999.000,9999.000,9999.000,9999.000,9999.000
202605162000,   1.759,9999.000,   0.400,  -0.147,   2.012,   0.200,   1.812,   0.500,   2.112
202605162006,   1.733,9999.000,9999.000,9999.000,9999.000,9999.000,9999.000,9999.000,9999.000
202605162012,   1.706,9999.000,9999.000,9999.000,9999.000,9999.000,9999.000,9999.000,9999.000
202605162018,   1.678,9999.000,9999.000,9999.000,9999.000,9999.000,9999.000,9999.000,9999.000
202605162024,   1.649,9999.000,9999.000,9999.000,9999.000,9999.000,9999.000,9999.000,9999.000
202605162030,   1.619,9999.000,9999.000,9999.000,9999.000,9999.000,9999.000,9999.000,9999.000
202605162036,   1.588,9999.000,9999.000,9999.000,9999.000,9999.000,9999.000,9999.000,9999.000
202605162042,   1.556,9999.000,9999.000,9999.000,9999.000,9999.000,9999.000,9999.000,9999.000
202605162048,   1.524,9999.000,9999.000,9999.000,9999.000,9999.000,9999.000,9999.000,9999.000
202605162054,   1.490,9999.000,9999.000,9999.000,9999.000,9999.000,9999.000,9999.000,9999.000
202605162100,   1.456,9999.000,   0.500,  -0.147,   1.809,   0.300,   1.609,   0.600,   1.909
202605162106,   1.421,9999.000,9999.000,9999.000,9999.000,9999.000,9999.000,9999.000,9999.000
202605162112,   1.385,9999.000,9999.000,9999.000,9999.000,9999.000,9999.000,9999.000,9999.000
202605162118,   1.348,9999.000,9999.000,9999.000,9999.000,9999.000,9999.000,9999.000,9999.000
202605162124,   1.311,9999.000,9999.000,9999.000,9999.000,9999.000,9999.000,9999.000,9999.000
202605162130,   1.273,9999.000,9999.000,9999.000,9999.000,9999.000,9999.000,9999.000,9999.000
202605162136,   1.234,9999.000,9999.000,9999.000,9999.000,9999.000,9999.000,9999.000,9999.000
202605162142,   1.194,9999.000,9999.000,9999.000,9999.000,9999.000,9999.000,9999.000,9999.000
202605162148,   1.154,9999.000,9999.000,9999.000,9999.000,9999.000,9999.000,9999.000,9999.000
202605162154,   1.113,9999.000,9999.000,9999.000,9999.000,9999.000,9999.000,9999.000,9999.000
202605162200,   1.071,9999.000,   0.500,  -0.147,   1.424,   0.300,   1.224,   0.600,   1.524
202605162206,   1.029,9999.000,9999.000,9999.000,9999.000,9999.000,9999.000,9999.000,9999.000
202605162212,   0.986,9999.000,9999.000,9999.000,9999.000,9999.000,9999.000,9999.000,9999.000
202605162218,   0.942,9999.000,9999.000,9999.000,9999.000,9999.000,9999.000,9999.000,9999.000
202605162224,   0.897,9999.000,9999.000,9999.000,9999.000,9999.000,9999.000,9999.000,9999.000
202605162230,   0.851,9999.000,9999.000,9999.000,9999.000,9999.000,9999.000,9999.000,9999.000
202605162236,   0.805,9999.000,9999.000,9999.000,9999.000,9999.000,9999.000,9999.000,9999.000
202605162242,   0.758,9999.000,9999.000,9999.000,9999.000,9999.000,9999.000,9999.000,9999.000
202605162248,   0.710,9999.000,9999.000,9999.000,9999.000,9999.000,9999.000,9999.000,9999.000
202605162254,   0.662,9999.000,9999.000,9999.000,9999.000,9999.000,9999.000,9999.000,9999.000
202605162300,   0.613,9999.000,   0.500,  -0.147,   0.966,   0.400,   0.866,   0.600,   1.066
202605162306,   0.563,9999.000,9999.000,9999.000,9999.000,9999.000,9999.000,9999.000,9999.000
202605162312,   0.513,9999.000,9999.000,9999.000,9999.000,9999.000,9999.000,9999.000,9999.000
202605162318,   0.462,9999.000,9999.000,9999.000,9999.000,9999.000,9999.000,9999.000,9999.000
202605162324,   0.411,9999.000,9999.000,9999.000,9999.000,9999.000,9999.000,9999.000,9999.000
202605162330,   0.360,9999.000,9999.000,9999.000,9999.000,9999.000,9999.000,9999.000,9999.000
202605162336,   0.309,9999.000,9999.000,9999.000,9999.000,9999.000,9999.000,9999.000,9999.000
202605162342,   0.257,9999.000,9999.000,9999.000,9999.000,9999.000,9999.000,9999.000,9999.000
202605162348,   0.206,9999.000,9999.000,9999.000,9999.000,9999.000,9999.000,9999.000,9999.000
202605162354,   0.155,9999.000,9999.000,9999.000,9999.000,9999.000,9999.000,9999.000,9999.000
202605170000,   0.104,9999.000,   0.500,  -0.147,   0.457,   0.400,   0.357,   0.600,   0.557
202605170006,   0.053,9999.000,9999.000,9999.000,9999.000,9999.000,9999.000,9999.000,9999.000
202605170012,   0.004,9999.000,9999.000,9999.000,9999.000,9999.000,9999.000,9999.000,9999.000
202605170018,  -0.044,9999.000,9999.000,9999.000,9999.000,9999.000,9999.000,9999.000,9999.000
202605170024,  -0.092,9999.000,9999.000,9999.000,9999.000,9999.000,9999.000,9999.000,9999.000
202605170030,  -0.139,9999.000,9999.000,9999.000,9999.000,9999.000,9999.000,9999.000,9999.000
202605170036,  -0.184,9999.000,9999.000,9999.000,9999.000,9999.000,9999.000,9999.000,9999.000
202605170042,  -0.228,9999.000,9999.000,9999.000,9999.000,9999.000,9999.000,9999.000,9999.000
202605170048,  -0.271,9999.000,9999.000,9999.000,9999.000,9999.000,9999.000,9999.000,9999.000
202605170054,  -0.312,9999.000,9999.000,9999.000,9999.000,9999.000,9999.000,9999.000,9999.000
202605170100,  -0.350,9999.000,   0.500,  -0.147,   0.003,   0.400,  -0.097,   0.600,   0.103
202605170106,  -0.387,9999.000,9999.000,9999.000,9999.000,9999.000,9999.000,9999.000,9999.000
202605170112,  -0.421,9999.000,9999.000,9999.000,9999.000,9999.000,9999.000,9999.000,9999.000
202605170118,  -0.453,9999.000,9999.000,9999.000,9999.000,9999.000,9999.000,9999.000,9999.000
202605170124,  -0.483,9999.000,9999.000,9999.000,9999.000,9999.000,9999.000,9999.000,9999.000
202605170130,  -0.510,9999.000,9999.000,9999.000,9999.000,9999.000,9999.000,9999.000,9999.000
202605170136,  -0.534,9999.000,9999.000,9999.000,9999.000,9999.000,9999.000,9999.000,9999.000
202605170142,  -0.555,9999.000,9999.000,9999.000,9999.000,9999.000,9999.000,9999.000,9999.000
202605170148,  -0.574,9999.000,9999.000,9999.000,9999.000,9999.000,9999.000,9999.000,9999.000
202605170154,  -0.589,9999.000,9999.000,9999.000,9999.000,9999.000,9999.000,9999.000,9999.000
202605170200,  -0.602,9999.000,   0.500,  -0.147,  -0.249,   0.400,  -0.349,   0.600,  -0.149
202605170206,  -0.611,9999.000,9999.000,9999.000,9999.000,9999.000,9999.000,9999.000,9999.000
202605170212,  -0.617,9999.000,9999.000,9999.000,9999.000,9999.000,9999.000,9999.000,9999.000
202605170218,  -0.620,9999.000,9999.000,9999.000,9999.000,9999.000,9999.000,9999.000,9999.000
202605170224,  -0.620,9999.000,9999.000,9999.000,9999.000,9999.000,9999.000,9999.000,9999.000
202605170230,  -0.617,9999.000,9999.000,9999.000,9999.000,9999.000,9999.000,9999.000,9999.000
202605170236,  -0.610,9999.000,9999.000,9999.000,9999.000,9999.000,9999.000,9999.000,9999.000
202605170242,  -0.601,9999.000,9999.000,9999.000,9999.000,9999.000,9999.000,9999.000,9999.000
202605170248,  -0.588,9999.000,9999.000,9999.000,9999.000,9999.000,9999.000,9999.000,9999.000
202605170254,  -0.572,9999.000,9999.000,9999.000,9999.000,9999.000,9999.000,9999.000,9999.000
202605170300,  -0.552,9999.000,   0.500,  -0.147,  -0.199,   0.400,  -0.299,   0.600,  -0.099
202605170306,  -0.530,9999.000,9999.000,9999.000,9999.000,9999.000,9999.000,9999.000,9999.000
202605170312,  -0.505,9999.000,9999.000,9999.000,9999.000,9999.000,9999.000,9999.000,9999.000
202605170318,  -0.476,9999.000,9999.000,9999.000,9999.000,9999.000,9999.000,9999.000,9999.000
202605170324,  -0.445,9999.000,9999.000,9999.000,9999.000,9999.000,9999.000,9999.000,9999.000
202605170330,  -0.411,9999.000,9999.000,9999.000,9999.000,9999.000,9999.000,9999.000,9999.000
202605170336,  -0.374,9999.000,9999.000,9999.000,9999.000,9999.000,9999.000,9999.000,9999.000
202605170342,  -0.334,9999.000,9999.000,9999.000,9999.000,9999.000,9999.000,9999.000,9999.000
202605170348,  -0.292,9999.000,9999.000,9999.000,9999.000,9999.000,9999.000,9999.000,9999.000
202605170354,  -0.247,9999.000,9999.000,9999.000,9999.000,9999.000,9999.000,9999.000,9999.000
202605170400,  -0.199,9999.000,   0.600,  -0.147,   0.254,   0.500,   0.154,   0.600,   0.254
202605170406,  -0.150,9999.000,9999.000,9999.000,9999.000,9999.000,9999.000,9999.000,9999.000
202605170412,  -0.098,9999.000,9999.000,9999.000,9999.000,9999.000,9999.000,9999.000,9999.000
202605170418,  -0.044,9999.000,9999.000,9999.000,9999.000,9999.000,9999.000,9999.000,9999.000
202605170424,   0.011,9999.000,9999.000,9999.000,9999.000,9999.000,9999.000,9999.000,9999.000
202605170430,   0.069,9999.000,9999.000,9999.000,9999.000,9999.000,9999.000,9999.000,9999.000
202605170436,   0.128,9999.000,9999.000,9999.000,9999.000,9999.000,9999.000,9999.000,9999.000
202605170442,   0.189,9999.000,9999.000,9999.000,9999.000,9999.000,9999.000,9999.000,9999.000
202605170448,   0.251,9999.000,9999.000,9999.000,9999.000,9999.000,9999.000,9999.000,9999.000
202605170454,   0.315,9999.000,9999.000,9999.000,9999.000,9999.000,9999.000,9999.000,9999.000
202605170500,   0.380,9999.000,   0.600,  -0.147,   0.833,   0.500,   0.733,   0.700,   0.933
202605170506,   0.446,9999.000,9999.000,9999.000,9999.000,9999.000,9999.000,9999.000,9999.000
202605170512,   0.512,9999.000,9999.000,9999.000,9999.000,9999.000,9999.000,9999.000,9999.000
202605170518,   0.579,9999.000,9999.000,9999.000,9999.000,9999.000,9999.000,9999.000,9999.000
202605170524,   0.647,9999.000,9999.000,9999.000,9999.000,9999.000,9999.000,9999.000,9999.000
202605170530,   0.714,9999.000,9999.000,9999.000,9999.000,9999.000,9999.000,9999.000,9999.000
202605170536,   0.782,9999.000,9999.000,9999.000,9999.000,9999.000,9999.000,9999.000,9999.000
202605170542,   0.850,9999.000,9999.000,9999.000,9999.000,9999.000,9999.000,9999.000,9999.000
202605170548,   0.917,9999.000,9999.000,9999.000,9999.000,9999.000,9999.000,9999.000,9999.000
202605170554,   0.985,9999.000,9999.000,9999.000,9999.000,9999.000,9999.000,9999.000,9999.000
202605170600,   1.051,9999.000,   0.700,  -0.147,   1.604,   0.500,   1.404,   0.800,   1.704
202605170606,   1.117,9999.000,9999.000,9999.000,9999.000,9999.000,9999.000,9999.000,9999.000
202605170612,   1.181,9999.000,9999.000,9999.000,9999.000,9999.000,9999.000,9999.000,9999.000
202605170618,   1.245,9999.000,9999.000,9999.000,9999.000,9999.000,9999.000,9999.000,9999.000
202605170624,   1.307,9999.000,9999.000,9999.000,9999.000,9999.000,9999.000,9999.000,9999.000
202605170630,   1.368,9999.000,9999.000,9999.000,9999.000,9999.000,9999.000,9999.000,9999.000
202605170636,   1.428,9999.000,9999.000,9999.000,9999.000,9999.000,9999.000,9999.000,9999.000
202605170642,   1.486,9999.000,9999.000,9999.000,9999.000,9999.000,9999.000,9999.000,9999.000
202605170648,   1.542,9999.000,9999.000,9999.000,9999.000,9999.000,9999.000,9999.000,9999.000
202605170654,   1.597,9999.000,9999.000,9999.000,9999.000,9999.000,9999.000,9999.000,9999.000
202605170700,   1.650,9999.000,   0.700,  -0.147,   2.203,   0.600,   2.103,   0.800,   2.303
202605170706,   1.700,9999.000,9999.000,9999.000,9999.000,9999.000,9999.000,9999.000,9999.000
202605170712,   1.749,9999.000,9999.000,9999.000,9999.000,9999.000,9999.000,9999.000,9999.000
202605170718,   1.796,9999.000,9999.000,9999.000,9999.000,9999.000,9999.000,9999.000,9999.000
202605170724,   1.841,9999.000,9999.000,9999.000,9999.000,9999.000,9999.000,9999.000,9999.000
202605170730,   1.883,9999.000,9999.000,9999.000,9999.000,9999.000,9999.000,9999.000,9999.000
202605170736,   1.924,9999.000,9999.000,9999.000,9999.000,9999.000,9999.000,9999.000,9999.000
202605170742,   1.963,9999.000,9999.000,9999.000,9999.000,9999.000,9999.000,9999.000,9999.000
202605170748,   1.999,9999.000,9999.000,9999.000,9999.000,9999.000,9999.000,9999.000,9999.000
202605170754,   2.034,9999.000,9999.000,9999.000,9999.000,9999.000,9999.000,9999.000,9999.000
202605170800,   2.066,9999.000,   0.700,  -0.147,   2.619,   0.600,   2.519,   0.900,   2.819
202605170806,   2.097,9999.000,9999.000,9999.000,9999.000,9999.000,9999.000,9999.000,9999.000
202605170812,   2.126,9999.000,9999.000,9999.000,9999.000,9999.000,9999.000,9999.000,9999.000
202605170818,   2.153,9999.000,9999.000,9999.000,9999.000,9999.000,9999.000,9999.000,9999.000
202605170824,   2.178,9999.000,9999.000,9999.000,9999.000,9999.000,9999.000,9999.000,9999.000
202605170830,   2.202,9999.000,9999.000,9999.000,9999.000,9999.000,9999.000,9999.000,9999.000
202605170836,   2.224,9999.000,9999.000,9999.000,9999.000,9999.000,9999.000,9999.000,9999.000
202605170842,   2.245,9999.000,9999.000,9999.000,9999.000,9999.000,9999.000,9999.000,9999.000
202605170848,   2.264,9999.000,9999.000,9999.000,9999.000,9999.000,9999.000,9999.000,9999.000
202605170854,   2.281,9999.000,9999.000,9999.000,9999.000,9999.000,9999.000,9999.000,9999.000
202605170900,   2.298,9999.000,   0.700,  -0.147,   2.851,   0.600,   2.751,   0.900,   3.051
202605170906,   2.312,9999.000,9999.000,9999.000,9999.000,9999.000,9999.000,9999.000,9999.000
202605170912,   2.326,9999.000,9999.000,9999.000,9999.000,9999.000,9999.000,9999.000,9999.000
202605170918,   2.339,9999.000,9999.000,9999.000,9999.000,9999.000,9999.000,9999.000,9999.000
202605170924,   2.350,9999.000,9999.000,9999.000,9999.000,9999.000,9999.000,9999.000,9999.000
202605170930,   2.360,9999.000,9999.000,9999.000,9999.000,9999.000,9999.000,9999.000,9999.000
202605170936,   2.369,9999.000,9999.000,9999.000,9999.000,9999.000,9999.000,9999.000,9999.000
202605170942,   2.378,9999.000,9999.000,9999.000,9999.000,9999.000,9999.000,9999.000,9999.000
202605170948,   2.385,9999.000,9999.000,9999.000,9999.000,9999.000,9999.000,9999.000,9999.000
202605170954,   2.390,9999.000,9999.000,9999.000,9999.000,9999.000,9999.000,9999.000,9999.000
202605171000,   2.395,9999.000,   0.700,  -0.147,   2.948,   0.600,   2.848,   0.900,   3.148
202605171006,   2.399,9999.000,9999.000,9999.000,9999.000,9999.000,9999.000,9999.000,9999.000
202605171012,   2.402,9999.000,9999.000,9999.000,9999.000,9999.000,9999.000,9999.000,9999.000
202605171018,   2.404,9999.000,9999.000,9999.000,9999.000,9999.000,9999.000,9999.000,9999.000
202605171024,   2.404,9999.000,9999.000,9999.000,9999.000,9999.000,9999.000,9999.000,9999.000
202605171030,   2.404,9999.000,9999.000,9999.000,9999.000,9999.000,9999.000,9999.000,9999.000
202605171036,   2.402,9999.000,9999.000,9999.000,9999.000,9999.000,9999.000,9999.000,9999.000
202605171042,   2.399,9999.000,9999.000,9999.000,9999.000,9999.000,9999.000,9999.000,9999.000
202605171048,   2.395,9999.000,9999.000,9999.000,9999.000,9999.000,9999.000,9999.000,9999.000
202605171054,   2.390,9999.000,9999.000,9999.000,9999.000,9999.000,9999.000,9999.000,9999.000
202605171100,   2.384,9999.000,   0.700,  -0.147,   2.937,   0.600,   2.837,   0.900,   3.137
202605171106,   2.377,9999.000,9999.000,9999.000,9999.000,9999.000,9999.000,9999.000,9999.000
202605171112,   2.368,9999.000,9999.000,9999.000,9999.000,9999.000,9999.000,9999.000,9999.000
202605171118,   2.359,9999.000,9999.000,9999.000,9999.000,9999.000,9999.000,9999.000,9999.000
202605171124,   2.348,9999.000,9999.000,9999.000,9999.000,9999.000,9999.000,9999.000,9999.000
202605171130,   2.336,9999.000,9999.000,9999.000,9999.000,9999.000,9999.000,9999.000,9999.000
202605171136,   2.324,9999.000,9999.000,9999.000,9999.000,9999.000,9999.000,9999.000,9999.000
202605171142,   2.310,9999.000,9999.000,9999.000,9999.000,9999.000,9999.000,9999.000,9999.000
202605171148,   2.295,9999.000,9999.000,9999.000,9999.000,9999.000,9999.000,9999.000,9999.000
202605171154,   2.279,9999.000,9999.000,9999.000,9999.000,9999.000,9999.000,9999.000,9999.000
202605171200,   2.263,9999.000,   0.700,  -0.147,   2.816,   0.600,   2.716,   0.900,   3.016
202605171206,   2.245,9999.000,9999.000,9999.000,9999.000,9999.000,9999.000,9999.000,9999.000
202605171212,   2.227,9999.000,9999.000,9999.000,9999.000,9999.000,9999.000,9999.000,9999.000
202605171218,   2.209,9999.000,9999.000,9999.000,9999.000,9999.000,9999.000,9999.000,9999.000
202605171224,   2.190,9999.000,9999.000,9999.000,9999.000,9999.000,9999.000,9999.000,9999.000
202605171230,   2.170,9999.000,9999.000,9999.000,9999.000,9999.000,9999.000,9999.000,9999.000
202605171236,   2.150,9999.000,9999.000,9999.000,9999.000,9999.000,9999.000,9999.000,9999.000
202605171242,   2.130,9999.000,9999.000,9999.000,9999.000,9999.000,9999.000,9999.000,9999.000
202605171248,   2.109,9999.000,9999.000,9999.000,9999.000,9999.000,9999.000,9999.000,9999.000
202605171254,   2.089,9999.000,9999.000,9999.000,9999.000,9999.000,9999.000,9999.000,9999.000
202605171300,   2.068,9999.000,   0.700,  -0.147,   2.621,   0.600,   2.521,   0.800,   2.721
202605171306,   2.048,9999.000,9999.000,9999.000,9999.000,9999.000,9999.000,9999.000,9999.000
202605171312,   2.028,9999.000,9999.000,9999.000,9999.000,9999.000,9999.000,9999.000,9999.000
202605171318,   2.009,9999.000,9999.000,9999.000,9999.000,9999.000,9999.000,9999.000,9999.000
202605171324,   1.989,9999.000,9999.000,9999.000,9999.000,9999.000,9999.000,9999.000,9999.000
202605171330,   1.971,9999.000,9999.000,9999.000,9999.000,9999.000,9999.000,9999.000,9999.000
202605171336,   1.952,9999.000,9999.000,9999.000,9999.000,9999.000,9999.000,9999.000,9999.000
202605171342,   1.935,9999.000,9999.000,9999.000,9999.000,9999.000,9999.000,9999.000,9999.000
202605171348,   1.918,9999.000,9999.000,9999.000,9999.000,9999.000,9999.000,9999.000,9999.000
202605171354,   1.902,9999.000,9999.000,9999.000,9999.000,9999.000,9999.000,9999.000,9999.000
202605171400,   1.887,9999.000,   0.700,  -0.147,   2.440,   0.500,   2.240,   0.800,   2.540
202605171406,   1.873,9999.000,9999.000,9999.000,9999.000,9999.000,9999.000,9999.000,9999.000
202605171412,   1.860,9999.000,9999.000,9999.000,9999.000,9999.000,9999.000,9999.000,9999.000
202605171418,   1.847,9999.000,9999.000,9999.000,9999.000,9999.000,9999.000,9999.000,9999.000
202605171424,   1.836,9999.000,9999.000,9999.000,9999.000,9999.000,9999.000,9999.000,9999.000
202605171430,   1.826,9999.000,9999.000,9999.000,9999.000,9999.000,9999.000,9999.000,9999.000
202605171436,   1.817,9999.000,9999.000,9999.000,9999.000,9999.000,9999.000,9999.000,9999.000
202605171442,   1.809,9999.000,9999.000,9999.000,9999.000,9999.000,9999.000,9999.000,9999.000
202605171448,   1.802,9999.000,9999.000,9999.000,9999.000,9999.000,9999.000,9999.000,9999.000
202605171454,   1.796,9999.000,9999.000,9999.000,9999.000,9999.000,9999.000,9999.000,9999.000
202605171500,   1.792,9999.000,   0.600,  -0.147,   2.245,   0.500,   2.145,   0.800,   2.445
202605171506,   1.788,9999.000,9999.000,9999.000,9999.000,9999.000,9999.000,9999.000,9999.000
202605171512,   1.786,9999.000,9999.000,9999.000,9999.000,9999.000,9999.000,9999.000,9999.000
202605171518,   1.784,9999.000,9999.000,9999.000,9999.000,9999.000,9999.000,9999.000,9999.000
202605171524,   1.784,9999.000,9999.000,9999.000,9999.000,9999.000,9999.000,9999.000,9999.000
202605171530,   1.784,9999.000,9999.000,9999.000,9999.000,9999.000,9999.000,9999.000,9999.000
202605171536,   1.786,9999.000,9999.000,9999.000,9999.000,9999.000,9999.000,9999.000,9999.000
202605171542,   1.789,9999.000,9999.000,9999.000,9999.000,9999.000,9999.000,9999.000,9999.000
202605171548,   1.792,9999.000,9999.000,9999.000,9999.000,9999.000,9999.000,9999.000,9999.000
202605171554,   1.797,9999.000,9999.000,9999.000,9999.000,9999.000,9999.000,9999.000,9999.000
202605171600,   1.802,9999.000,   0.600,  -0.147,   2.255,   0.500,   2.155,   0.800,   2.455
202605171606,   1.808,9999.000,9999.000,9999.000,9999.000,9999.000,9999.000,9999.000,9999.000
202605171612,   1.815,9999.000,9999.000,9999.000,9999.000,9999.000,9999.000,9999.000,9999.000
202605171618,   1.823,9999.000,9999.000,9999.000,9999.000,9999.000,9999.000,9999.000,9999.000
202605171624,   1.832,9999.000,9999.000,9999.000,9999.000,9999.000,9999.000,9999.000,9999.000
202605171630,   1.841,9999.000,9999.000,9999.000,9999.000,9999.000,9999.000,9999.000,9999.000
202605171636,   1.850,9999.000,9999.000,9999.000,9999.000,9999.000,9999.000,9999.000,9999.000
202605171642,   1.861,9999.000,9999.000,9999.000,9999.000,9999.000,9999.000,9999.000,9999.000
202605171648,   1.871,9999.000,9999.000,9999.000,9999.000,9999.000,9999.000,9999.000,9999.000
202605171654,   1.883,9999.000,9999.000,9999.000,9999.000,9999.000,9999.000,9999.000,9999.000
202605171700,   1.894,9999.000,   0.600,  -0.147,   2.347,   0.500,   2.247,   0.800,   2.547
202605171706,   1.906,9999.000,9999.000,9999.000,9999.000,9999.000,9999.000,9999.000,9999.000
202605171712,   1.918,9999.000,9999.000,9999.000,9999.000,9999.000,9999.000,9999.000,9999.000
202605171718,   1.929,9999.000,9999.000,9999.000,9999.000,9999.000,9999.000,9999.000,9999.000
202605171724,   1.941,9999.000,9999.000,9999.000,9999.000,9999.000,9999.000,9999.000,9999.000
202605171730,   1.953,9999.000,9999.000,9999.000,9999.000,9999.000,9999.000,9999.000,9999.000
202605171736,   1.965,9999.000,9999.000,9999.000,9999.000,9999.000,9999.000,9999.000,9999.000
202605171742,   1.976,9999.000,9999.000,9999.000,9999.000,9999.000,9999.000,9999.000,9999.000
202605171748,   1.987,9999.000,9999.000,9999.000,9999.000,9999.000,9999.000,9999.000,9999.000
202605171754,   1.997,9999.000,9999.000,9999.000,9999.000,9999.000,9999.000,9999.000,9999.000
202605171800,   2.007,9999.000,   0.600,  -0.147,   2.460,   0.500,   2.360,   0.800,   2.660
202605171806,   2.016,9999.000,9999.000,9999.000,9999.000,9999.000,9999.000,9999.000,9999.000
202605171812,   2.025,9999.000,9999.000,9999.000,9999.000,9999.000,9999.000,9999.000,9999.000
202605171818,   2.032,9999.000,9999.000,9999.000,9999.000,9999.000,9999.000,9999.000,9999.000
202605171824,   2.039,9999.000,9999.000,9999.000,9999.000,9999.000,9999.000,9999.000,9999.000
202605171830,   2.044,9999.000,9999.000,9999.000,9999.000,9999.000,9999.000,9999.000,9999.000
202605171836,   2.048,9999.000,9999.000,9999.000,9999.000,9999.000,9999.000,9999.000,9999.000
202605171842,   2.051,9999.000,9999.000,9999.000,9999.000,9999.000,9999.000,9999.000,9999.000
202605171848,   2.053,9999.000,9999.000,9999.000,9999.000,9999.000,9999.000,9999.000,9999.000
202605171854,   2.054,9999.000,9999.000,9999.000,9999.000,9999.000,9999.000,9999.000,9999.000
202605171900,   2.053,9999.000,   0.700,  -0.147,   2.606,   0.500,   2.406,   0.800,   2.706
202605171906,   2.050,9999.000,9999.000,9999.000,9999.000,9999.000,9999.000,9999.000,9999.000
202605171912,   2.046,9999.000,9999.000,9999.000,9999.000,9999.000,9999.000,9999.000,9999.000
202605171918,   2.040,9999.000,9999.000,9999.000,9999.000,9999.000,9999.000,9999.000,9999.000
202605171924,   2.033,9999.000,9999.000,9999.000,9999.000,9999.000,9999.000,9999.000,9999.000
202605171930,   2.025,9999.000,9999.000,9999.000,9999.000,9999.000,9999.000,9999.000,9999.000
202605171936,   2.014,9999.000,9999.000,9999.000,9999.000,9999.000,9999.000,9999.000,9999.000
202605171942,   2.002,9999.000,9999.000,9999.000,9999.000,9999.000,9999.000,9999.000,9999.000
202605171948,   1.989,9999.000,9999.000,9999.000,9999.000,9999.000,9999.000,9999.000,9999.000
202605171954,   1.974,9999.000,9999.000,9999.000,9999.000,9999.000,9999.000,9999.000,9999.000
202605172000,   1.957,9999.000,   0.700,  -0.147,   2.510,   0.600,   2.410,   0.900,   2.710
202605172006,   1.939,9999.000,9999.000,9999.000,9999.000,9999.000,9999.000,9999.000,9999.000
202605172012,   1.919,9999.000,9999.000,9999.000,9999.000,9999.000,9999.000,9999.000,9999.000
202605172018,   1.898,9999.000,9999.000,9999.000,9999.000,9999.000,9999.000,9999.000,9999.000
202605172024,   1.876,9999.000,9999.000,9999.000,9999.000,9999.000,9999.000,9999.000,9999.000
202605172030,   1.852,9999.000,9999.000,9999.000,9999.000,9999.000,9999.000,9999.000,9999.000
202605172036,   1.827,9999.000,9999.000,9999.000,9999.000,9999.000,9999.000,9999.000,9999.000
202605172042,   1.801,9999.000,9999.000,9999.000,9999.000,9999.000,9999.000,9999.000,9999.000
202605172048,   1.774,9999.000,9999.000,9999.000,9999.000,9999.000,9999.000,9999.000,9999.000
202605172054,   1.745,9999.000,9999.000,9999.000,9999.000,9999.000,9999.000,9999.000,9999.000
202605172100,   1.716,9999.000,   0.700,  -0.147,   2.269,   0.600,   2.169,   0.900,   2.469
202605172106,   1.685,9999.000,9999.000,9999.000,9999.000,9999.000,9999.000,9999.000,9999.000
202605172112,   1.654,9999.000,9999.000,9999.000,9999.000,9999.000,9999.000,9999.000,9999.000
202605172118,   1.621,9999.000,9999.000,9999.000,9999.000,9999.000,9999.000,9999.000,9999.000
202605172124,   1.588,9999.000,9999.000,9999.000,9999.000,9999.000,9999.000,9999.000,9999.000
202605172130,   1.554,9999.000,9999.000,9999.000,9999.000,9999.000,9999.000,9999.000,9999.000
202605172136,   1.519,9999.000,9999.000,9999.000,9999.000,9999.000,9999.000,9999.000,9999.000
202605172142,   1.483,9999.000,9999.000,9999.000,9999.000,9999.000,9999.000,9999.000,9999.000
202605172148,   1.447,9999.000,9999.000,9999.000,9999.000,9999.000,9999.000,9999.000,9999.000
202605172154,   1.410,9999.000,9999.000,9999.000,9999.000,9999.000,9999.000,9999.000,9999.000
202605172200,   1.372,9999.000,   0.800,  -0.147,   2.025,   0.600,   1.825,   0.900,   2.125
202605172206,   1.333,9999.000,9999.000,9999.000,9999.000,9999.000,9999.000,9999.000,9999.000
202605172212,   1.294,9999.000,9999.000,9999.000,9999.000,9999.000,9999.000,9999.000,9999.000
202605172218,   1.254,9999.000,9999.000,9999.000,9999.000,9999.000,9999.000,9999.000,9999.000
202605172224,   1.213,9999.000,9999.000,9999.000,9999.000,9999.000,9999.000,9999.000,9999.000
202605172230,   1.171,9999.000,9999.000,9999.000,9999.000,9999.000,9999.000,9999.000,9999.000
202605172236,   1.129,9999.000,9999.000,9999.000,9999.000,9999.000,9999.000,9999.000,9999.000
202605172242,   1.086,9999.000,9999.000,9999.000,9999.000,9999.000,9999.000,9999.000,9999.000
202605172248,   1.042,9999.000,9999.000,9999.000,9999.000,9999.000,9999.000,9999.000,9999.000
202605172254,   0.997,9999.000,9999.000,9999.000,9999.000,9999.000,9999.000,9999.000,9999.000
202605172300,   0.952,9999.000,   0.800,  -0.147,   1.605,   0.600,   1.405,   0.900,   1.705
202605172306,   0.906,9999.000,9999.000,9999.000,9999.000,9999.000,9999.000,9999.000,9999.000
202605172312,   0.859,9999.000,9999.000,9999.000,9999.000,9999.000,9999.000,9999.000,9999.000
202605172318,   0.811,9999.000,9999.000,9999.000,9999.000,9999.000,9999.000,9999.000,9999.000
202605172324,   0.763,9999.000,9999.000,9999.000,9999.000,9999.000,9999.000,9999.000,9999.000
202605172330,   0.713,9999.000,9999.000,9999.000,9999.000,9999.000,9999.000,9999.000,9999.000
202605172336,   0.664,9999.000,9999.000,9999.000,9999.000,9999.000,9999.000,9999.000,9999.000
202605172342,   0.613,9999.000,9999.000,9999.000,9999.000,9999.000,9999.000,9999.000,9999.000
202605172348,   0.562,9999.000,9999.000,9999.000,9999.000,9999.000,9999.000,9999.000,9999.000
202605172354,   0.510,9999.000,9999.000,9999.000,9999.000,9999.000,9999.000,9999.000,9999.000
202605180000,   0.458,9999.000,   0.800,  -0.147,   1.111,   0.700,   1.011,   1.000,   1.311
202605180006,   0.406,9999.000,9999.000,9999.000,9999.000,9999.000,9999.000,9999.000,9999.000
202605180012,   0.353,9999.000,9999.000,9999.000,9999.000,9999.000,9999.000,9999.000,9999.000
202605180018,   0.300,9999.000,9999.000,9999.000,9999.000,9999.000,9999.000,9999.000,9999.000
202605180024,   0.248,9999.000,9999.000,9999.000,9999.000,9999.000,9999.000,9999.000,9999.000
202605180030,   0.195,9999.000,9999.000,9999.000,9999.000,9999.000,9999.000,9999.000,9999.000
202605180036,   0.142,9999.000,9999.000,9999.000,9999.000,9999.000,9999.000,9999.000,9999.000
202605180042,   0.090,9999.000,9999.000,9999.000,9999.000,9999.000,9999.000,9999.000,9999.000
202605180048,   0.038,9999.000,9999.000,9999.000,9999.000,9999.000,9999.000,9999.000,9999.000
202605180054,  -0.013,9999.000,9999.000,9999.000,9999.000,9999.000,9999.000,9999.000,9999.000
202605180100,  -0.063,9999.000,   0.800,  -0.147,   0.590,   0.700,   0.490,   1.000,   0.790
202605180106,  -0.113,9999.000,9999.000,9999.000,9999.000,9999.000,9999.000,9999.000,9999.000
202605180112,  -0.162,9999.000,9999.000,9999.000,9999.000,9999.000,9999.000,9999.000,9999.000
202605180118,  -0.209,9999.000,9999.000,9999.000,9999.000,9999.000,9999.000,9999.000,9999.000
202605180124,  -0.255,9999.000,9999.000,9999.000,9999.000,9999.000,9999.000,9999.000,9999.000
202605180130,  -0.300,9999.000,9999.000,9999.000,9999.000,9999.000,9999.000,9999.000,9999.000
202605180136,  -0.343,9999.000,9999.000,9999.000,9999.000,9999.000,9999.000,9999.000,9999.000
202605180142,  -0.384,9999.000,9999.000,9999.000,9999.000,9999.000,9999.000,9999.000,9999.000
202605180148,  -0.424,9999.000,9999.000,9999.000,9999.000,9999.000,9999.000,9999.000,9999.000
202605180154,  -0.461,9999.000,9999.000,9999.000,9999.000,9999.000,9999.000,9999.000,9999.000
202605180200,  -0.496,9999.000,   0.900,  -0.147,   0.257,   0.700,   0.057,   1.000,   0.357
202605180206,  -0.528,9999.000,9999.000,9999.000,9999.000,9999.000,9999.000,9999.000,9999.000
202605180212,  -0.558,9999.000,9999.000,9999.000,9999.000,9999.000,9999.000,9999.000,9999.000
202605180218,  -0.586,9999.000,9999.000,9999.000,9999.000,9999.000,9999.000,9999.000,9999.000
202605180224,  -0.611,9999.000,9999.000,9999.000,9999.000,9999.000,9999.000,9999.000,9999.000
202605180230,  -0.633,9999.000,9999.000,9999.000,9999.000,9999.000,9999.000,9999.000,9999.000
202605180236,  -0.652,9999.000,9999.000,9999.000,9999.000,9999.000,9999.000,9999.000,9999.000
202605180242,  -0.668,9999.000,9999.000,9999.000,9999.000,9999.000,9999.000,9999.000,9999.000
202605180248,  -0.681,9999.000,9999.000,9999.000,9999.000,9999.000,9999.000,9999.000,9999.000
202605180254,  -0.691,9999.000,9999.000,9999.000,9999.000,9999.000,9999.000,9999.000,9999.000
202605180300,  -0.698,9999.000,   0.800,  -0.147,  -0.045,   0.700,  -0.145,   1.000,   0.155
202605180306,  -0.702,9999.000,9999.000,9999.000,9999.000,9999.000,9999.000,9999.000,9999.000
202605180312,  -0.702,9999.000,9999.000,9999.000,9999.000,9999.000,9999.000,9999.000,9999.000
202605180318,  -0.699,9999.000,9999.000,9999.000,9999.000,9999.000,9999.000,9999.000,9999.000
202605180324,  -0.693,9999.000,9999.000,9999.000,9999.000,9999.000,9999.000,9999.000,9999.000
202605180330,  -0.684,9999.000,9999.000,9999.000,9999.000,9999.000,9999.000,9999.000,9999.000
202605180336,  -0.671,9999.000,9999.000,9999.000,9999.000,9999.000,9999.000,9999.000,9999.000
202605180342,  -0.656,9999.000,9999.000,9999.000,9999.000,9999.000,9999.000,9999.000,9999.000
202605180348,  -0.637,9999.000,9999.000,9999.000,9999.000,9999.000,9999.000,9999.000,9999.000
202605180354,  -0.614,9999.000,9999.000,9999.000,9999.000,9999.000,9999.000,9999.000,9999.000
202605180400,  -0.589,9999.000,   0.800,  -0.147,   0.064,   0.700,  -0.036,   0.900,   0.164
202605180406,  -0.561,9999.000,9999.000,9999.000,9999.000,9999.000,9999.000,9999.000,9999.000
202605180412,  -0.529,9999.000,9999.000,9999.000,9999.000,9999.000,9999.000,9999.000,9999.000
202605180418,  -0.495,9999.000,9999.000,9999.000,9999.000,9999.000,9999.000,9999.000,9999.000
202605180424,  -0.458,9999.000,9999.000,9999.000,9999.000,9999.000,9999.000,9999.000,9999.000
202605180430,  -0.417,9999.000,9999.000,9999.000,9999.000,9999.000,9999.000,9999.000,9999.000
202605180436,  -0.375,9999.000,9999.000,9999.000,9999.000,9999.000,9999.000,9999.000,9999.000
202605180442,  -0.329,9999.000,9999.000,9999.000,9999.000,9999.000,9999.000,9999.000,9999.000
202605180448,  -0.281,9999.000,9999.000,9999.000,9999.000,9999.000,9999.000,9999.000,9999.000
202605180454,  -0.231,9999.000,9999.000,9999.000,9999.000,9999.000,9999.000,9999.000,9999.000
202605180500,  -0.178,9999.000,   0.800,  -0.147,   0.475,   0.700,   0.375,   0.900,   0.575
202605180506,  -0.124,9999.000,9999.000,9999.000,9999.000,9999.000,9999.000,9999.000,9999.000
202605180512,  -0.067,9999.000,9999.000,9999.000,9999.000,9999.000,9999.000,9999.000,9999.000
202605180518,  -0.009,9999.000,9999.000,9999.000,9999.000,9999.000,9999.000,9999.000,9999.000
202605180524,   0.051,9999.000,9999.000,9999.000,9999.000,9999.000,9999.000,9999.000,9999.000
202605180530,   0.112,9999.000,9999.000,9999.000,9999.000,9999.000,9999.000,9999.000,9999.000
202605180536,   0.175,9999.000,9999.000,9999.000,9999.000,9999.000,9999.000,9999.000,9999.000
202605180542,   0.239,9999.000,9999.000,9999.000,9999.000,9999.000,9999.000,9999.000,9999.000
202605180548,   0.305,9999.000,9999.000,9999.000,9999.000,9999.000,9999.000,9999.000,9999.000
202605180554,   0.371,9999.000,9999.000,9999.000,9999.000,9999.000,9999.000,9999.000,9999.000
202605180600,   0.437,9999.000,   0.800,  -0.147,   1.090,   0.700,   0.990,   0.900,   1.190
202605180606,   0.505,9999.000,9999.000,9999.000,9999.000,9999.000,9999.000,9999.000,9999.000
202605180612,   0.572,9999.000,9999.000,9999.000,9999.000,9999.000,9999.000,9999.000,9999.000
202605180618,   0.640,9999.000,9999.000,9999.000,9999.000,9999.000,9999.000,9999.000,9999.000
202605180624,   0.708,9999.000,9999.000,9999.000,9999.000,9999.000,9999.000,9999.000,9999.000
202605180630,   0.775,9999.000,9999.000,9999.000,9999.000,9999.000,9999.000,9999.000,9999.000
202605180636,   0.842,9999.000,9999.000,9999.000,9999.000,9999.000,9999.000,9999.000,9999.000
202605180642,   0.909,9999.000,9999.000,9999.000,9999.000,9999.000,9999.000,9999.000,9999.000
202605180648,   0.975,9999.000,9999.000,9999.000,9999.000,9999.000,9999.000,9999.000,9999.000
202605180654,   1.040,9999.000,9999.000,9999.000,9999.000,9999.000,9999.000,9999.000,9999.000
202605180700,   1.104,9999.000,   0.800,  -0.147,   1.757,   0.700,   1.657,   1.000,   1.957
202605180706,   1.167,9999.000,9999.000,9999.000,9999.000,9999.000,9999.000,9999.000,9999.000
202605180712,   1.228,9999.000,9999.000,9999.000,9999.000,9999.000,9999.000,9999.000,9999.000
202605180718,   1.288,9999.000,9999.000,9999.000,9999.000,9999.000,9999.000,9999.000,9999.000
202605180724,   1.347,9999.000,9999.000,9999.000,9999.000,9999.000,9999.000,9999.000,9999.000
202605180730,   1.405,9999.000,9999.000,9999.000,9999.000,9999.000,9999.000,9999.000,9999.000
202605180736,   1.460,9999.000,9999.000,9999.000,9999.000,9999.000,9999.000,9999.000,9999.000
202605180742,   1.514,9999.000,9999.000,9999.000,9999.000,9999.000,9999.000,9999.000,9999.000
202605180748,   1.566,9999.000,9999.000,9999.000,9999.000,9999.000,9999.000,9999.000,9999.000
202605180754,   1.617,9999.000,9999.000,9999.000,9999.000,9999.000,9999.000,9999.000,9999.000
202605180800,   1.665,9999.000,   0.800,  -0.147,   2.318,   0.700,   2.218,   1.000,   2.518
202605180806,   1.712,9999.000,9999.000,9999.000,9999.000,9999.000,9999.000,9999.000,9999.000
202605180812,   1.756,9999.000,9999.000,9999.000,9999.000,9999.000,9999.000,9999.000,9999.000
202605180818,   1.799,9999.000,9999.000,9999.000,9999.000,9999.000,9999.000,9999.000,9999.000
202605180824,   1.840,9999.000,9999.000,9999.000,9999.000,9999.000,9999.000,9999.000,9999.000
202605180830,   1.879,9999.000,9999.000,9999.000,9999.000,9999.000,9999.000,9999.000,9999.000
202605180836,   1.916,9999.000,9999.000,9999.000,9999.000,9999.000,9999.000,9999.000,9999.000
202605180842,   1.952,9999.000,9999.000,9999.000,9999.000,9999.000,9999.000,9999.000,9999.000
202605180848,   1.985,9999.000,9999.000,9999.000,9999.000,9999.000,9999.000,9999.000,9999.000
202605180854,   2.017,9999.000,9999.000,9999.000,9999.000,9999.000,9999.000,9999.000,9999.000
202605180900,   2.047,9999.000,   0.800,  -0.147,   2.700,   0.700,   2.600,   1.000,   2.900
202605180906,   2.076,9999.000,9999.000,9999.000,9999.000,9999.000,9999.000,9999.000,9999.000
202605180912,   2.102,9999.000,9999.000,9999.000,9999.000,9999.000,9999.000,9999.000,9999.000
202605180918,   2.128,9999.000,9999.000,9999.000,9999.000,9999.000,9999.000,9999.000,9999.000
202605180924,   2.152,9999.000,9999.000,9999.000,9999.000,9999.000,9999.000,9999.000,9999.000
202605180930,   2.174,9999.000,9999.000,9999.000,9999.000,9999.000,9999.000,9999.000,9999.000
202605180936,   2.195,9999.000,9999.000,9999.000,9999.000,9999.000,9999.000,9999.000,9999.000
202605180942,   2.215,9999.000,9999.000,9999.000,9999.000,9999.000,9999.000,9999.000,9999.000
202605180948,   2.233,9999.000,9999.000,9999.000,9999.000,9999.000,9999.000,9999.000,9999.000
202605180954,   2.250,9999.000,9999.000,9999.000,9999.000,9999.000,9999.000,9999.000,9999.000
202605181000,   2.266,9999.000,   0.800,  -0.147,   2.919,   0.600,   2.719,   1.000,   3.119
202605181006,   2.281,9999.000,9999.000,9999.000,9999.000,9999.000,9999.000,9999.000,9999.000
202605181012,   2.294,9999.000,9999.000,9999.000,9999.000,9999.000,9999.000,9999.000,9999.000
202605181018,   2.307,9999.000,9999.000,9999.000,9999.000,9999.000,9999.000,9999.000,9999.000
202605181024,   2.318,9999.000,9999.000,9999.000,9999.000,9999.000,9999.000,9999.000,9999.000
202605181030,   2.328,9999.000,9999.000,9999.000,9999.000,9999.000,9999.000,9999.000,9999.000
202605181036,   2.337,9999.000,9999.000,9999.000,9999.000,9999.000,9999.000,9999.000,9999.000
202605181042,   2.346,9999.000,9999.000,9999.000,9999.000,9999.000,9999.000,9999.000,9999.000
202605181048,   2.353,9999.000,9999.000,9999.000,9999.000,9999.000,9999.000,9999.000,9999.000
202605181054,   2.359,9999.000,9999.000,9999.000,9999.000,9999.000,9999.000,9999.000,9999.000
202605181100,   2.364,9999.000,   0.800,  -0.147,   3.017,   0.600,   2.817,   1.000,   3.217
202605181106,   2.367,9999.000,9999.000,9999.000,9999.000,9999.000,9999.000,9999.000,9999.000
202605181112,   2.370,9999.000,9999.000,9999.000,9999.000,9999.000,9999.000,9999.000,9999.000
202605181118,   2.372,9999.000,9999.000,9999.000,9999.000,9999.000,9999.000,9999.000,9999.000
202605181124,   2.373,9999.000,9999.000,9999.000,9999.000,9999.000,9999.000,9999.000,9999.000
202605181130,   2.372,9999.000,9999.000,9999.000,9999.000,9999.000,9999.000,9999.000,9999.000
202605181136,   2.371,9999.000,9999.000,9999.000,9999.000,9999.000,9999.000,9999.000,9999.000
202605181142,   2.368,9999.000,9999.000,9999.000,9999.000,9999.000,9999.000,9999.000,9999.000
202605181148,   2.365,9999.000,9999.000,9999.000,9999.000,9999.000,9999.000,9999.000,9999.000
202605181154,   2.360,9999.000,9999.000,9999.000,9999.000,9999.000,9999.000,9999.000,9999.000
202605181200,   2.354,9999.000,   0.900,  -0.147,   3.107,   0.600,   2.807,   1.100,   3.307
202605181206,   2.347,9999.000,9999.000,9999.000,9999.000,9999.000,9999.000,9999.000,9999.000
202605181212,   2.340,9999.000,9999.000,9999.000,9999.000,9999.000,9999.000,9999.000,9999.000
202605181218,   2.331,9999.000,9999.000,9999.000,9999.000,9999.000,9999.000,9999.000,9999.000
202605181224,   2.321,9999.000,9999.000,9999.000,9999.000,9999.000,9999.000,9999.000,9999.000
202605181230,   2.311,9999.000,9999.000,9999.000,9999.000,9999.000,9999.000,9999.000,9999.000
202605181236,   2.299,9999.000,9999.000,9999.000,9999.000,9999.000,9999.000,9999.000,9999.000
202605181242,   2.287,9999.000,9999.000,9999.000,9999.000,9999.000,9999.000,9999.000,9999.000
202605181248,   2.274,9999.000,9999.000,9999.000,9999.000,9999.000,9999.000,9999.000,9999.000
202605181254,   2.260,9999.000,9999.000,9999.000,9999.000,9999.000,9999.000,9999.000,9999.000
202605181300,   2.245,9999.000,   0.900,  -0.147,   2.998,   0.600,   2.698,   1.100,   3.198
202605181306,   2.230,9999.000,9999.000,9999.000,9999.000,9999.000,9999.000,9999.000,9999.000
202605181312,   2.215,9999.000,9999.000,9999.000,9999.000,9999.000,9999.000,9999.000,9999.000
202605181318,   2.199,9999.000,9999.000,9999.000,9999.000,9999.000,9999.000,9999.000,9999.000
202605181324,   2.182,9999.000,9999.000,9999.000,9999.000,9999.000,9999.000,9999.000,9999.000
202605181330,   2.166,9999.000,9999.000,9999.000,9999.000,9999.000,9999.000,9999.000,9999.000
202605181336,   2.149,9999.000,9999.000,9999.000,9999.000,9999.000,9999.000,9999.000,9999.000
202605181342,   2.132,9999.000,9999.000,9999.000,9999.000,9999.000,9999.000,9999.000,9999.000
202605181348,   2.115,9999.000,9999.000,9999.000,9999.000,9999.000,9999.000,9999.000,9999.000
202605181354,   2.098,9999.000,9999.000,9999.000,9999.000,9999.000,9999.000,9999.000,9999.000
202605181400,   2.081,9999.000,   0.900,  -0.147,   2.834,   0.600,   2.534,   1.100,   3.034
202605181406,   2.064,9999.000,9999.000,9999.000,9999.000,9999.000,9999.000,9999.000,9999.000
202605181412,   2.048,9999.000,9999.000,9999.000,9999.000,9999.000,9999.000,9999.000,9999.000
202605181418,   2.032,9999.000,9999.000,9999.000,9999.000,9999.000,9999.000,9999.000,9999.000
202605181424,   2.017,9999.000,9999.000,9999.000,9999.000,9999.000,9999.000,9999.000,9999.000
202605181430,   2.002,9999.000,9999.000,9999.000,9999.000,9999.000,9999.000,9999.000,9999.000
202605181436,   1.987,9999.000,9999.000,9999.000,9999.000,9999.000,9999.000,9999.000,9999.000
202605181442,   1.974,9999.000,9999.000,9999.000,9999.000,9999.000,9999.000,9999.000,9999.000
202605181448,   1.961,9999.000,9999.000,9999.000,9999.000,9999.000,9999.000,9999.000,9999.000
202605181454,   1.948,9999.000,9999.000,9999.000,9999.000,9999.000,9999.000,9999.000,9999.000
202605181500,   1.937,9999.000,   0.800,  -0.147,   2.590,   0.600,   2.390,   1.000,   2.790
202605181506,   1.926,9999.000,9999.000,9999.000,9999.000,9999.000,9999.000,9999.000,9999.000
202605181512,   1.917,9999.000,9999.000,9999.000,9999.000,9999.000,9999.000,9999.000,9999.000
202605181518,   1.908,9999.000,9999.000,9999.000,9999.000,9999.000,9999.000,9999.000,9999.000
202605181524,   1.900,9999.000,9999.000,9999.000,9999.000,9999.000,9999.000,9999.000,9999.000
202605181530,   1.893,9999.000,9999.000,9999.000,9999.000,9999.000,9999.000,9999.000,9999.000
202605181536,   1.888,9999.000,9999.000,9999.000,9999.000,9999.000,9999.000,9999.000,9999.000
202605181542,   1.883,9999.000,9999.000,9999.000,9999.000,9999.000,9999.000,9999.000,9999.000
202605181548,   1.879,9999.000,9999.000,9999.000,9999.000,9999.000,9999.000,9999.000,9999.000
202605181554,   1.876,9999.000,9999.000,9999.000,9999.000,9999.000,9999.000,9999.000,9999.000
202605181600,   1.875,9999.000,   0.800,  -0.147,   2.528,   0.600,   2.328,   1.000,   2.728
202605181606,   1.874,9999.000,9999.000,9999.000,9999.000,9999.000,9999.000,9999.000,9999.000
202605181612,   1.874,9999.000,9999.000,9999.000,9999.000,9999.000,9999.000,9999.000,9999.000
202605181618,   1.875,9999.000,9999.000,9999.000,9999.000,9999.000,9999.000,9999.000,9999.000
202605181624,   1.878,9999.000,9999.000,9999.000,9999.000,9999.000,9999.000,9999.000,9999.000
202605181630,   1.881,9999.000,9999.000,9999.000,9999.000,9999.000,9999.000,9999.000,9999.000
202605181636,   1.885,9999.000,9999.000,9999.000,9999.000,9999.000,9999.000,9999.000,9999.000
202605181642,   1.890,9999.000,9999.000,9999.000,9999.000,9999.000,9999.000,9999.000,9999.000
202605181648,   1.895,9999.000,9999.000,9999.000,9999.000,9999.000,9999.000,9999.000,9999.000
202605181654,   1.902,9999.000,9999.000,9999.000,9999.000,9999.000,9999.000,9999.000,9999.000
202605181700,   1.909,9999.000,   0.700,  -0.147,   2.462,   0.500,   2.262,   1.000,   2.762
202605181706,   1.917,9999.000,9999.000,9999.000,9999.000,9999.000,9999.000,9999.000,9999.000
202605181712,   1.925,9999.000,9999.000,9999.000,9999.000,9999.000,9999.000,9999.000,9999.000
202605181718,   1.934,9999.000,9999.000,9999.000,9999.000,9999.000,9999.000,9999.000,9999.000
202605181724,   1.943,9999.000,9999.000,9999.000,9999.000,9999.000,9999.000,9999.000,9999.000
202605181730,   1.953,9999.000,9999.000,9999.000,9999.000,9999.000,9999.000,9999.000,9999.000
202605181736,   1.963,9999.000,9999.000,9999.000,9999.000,9999.000,9999.000,9999.000,9999.000
202605181742,   1.973,9999.000,9999.000,9999.000,9999.000,9999.000,9999.000,9999.000,9999.000
202605181748,   1.984,9999.000,9999.000,9999.000,9999.000,9999.000,9999.000,9999.000,9999.000
202605181754,   1.994,9999.000,9999.000,9999.000,9999.000,9999.000,9999.000,9999.000,9999.000
202605181800,   2.004,9999.000,   0.700,  -0.147,   2.557,   0.500,   2.357,   1.000,   2.857
202605181806,   2.015,9999.000,9999.000,9999.000,9999.000,9999.000,9999.000,9999.000,9999.000
202605181812,   2.025,9999.000,9999.000,9999.000,9999.000,9999.000,9999.000,9999.000,9999.000
202605181818,   2.035,9999.000,9999.000,9999.000,9999.000,9999.000,9999.000,9999.000,9999.000
202605181824,   2.044,9999.000,9999.000,9999.000,9999.000,9999.000,9999.000,9999.000,9999.000
202605181830,   2.053,9999.000,9999.000,9999.000,9999.000,9999.000,9999.000,9999.000,9999.000
202605181836,   2.062,9999.000,9999.000,9999.000,9999.000,9999.000,9999.000,9999.000,9999.000
202605181842,   2.070,9999.000,9999.000,9999.000,9999.000,9999.000,9999.000,9999.000,9999.000
202605181848,   2.077,9999.000,9999.000,9999.000,9999.000,9999.000,9999.000,9999.000,9999.000
202605181854,   2.083,9999.000,9999.000,9999.000,9999.000,9999.000,9999.000,9999.000,9999.000
202605181900,   2.089,9999.000,   0.700,  -0.147,   2.642,   0.500,   2.442,   1.000,   2.942
202605181906,   2.093,9999.000,9999.000,9999.000,9999.000,9999.000,9999.000,9999.000,9999.000
202605181912,   2.097,9999.000,9999.000,9999.000,9999.000,9999.000,9999.000,9999.000,9999.000
202605181918,   2.099,9999.000,9999.000,9999.000,9999.000,9999.000,9999.000,9999.000,9999.000
202605181924,   2.100,9999.000,9999.000,9999.000,9999.000,9999.000,9999.000,9999.000,9999.000
202605181930,   2.100,9999.000,9999.000,9999.000,9999.000,9999.000,9999.000,9999.000,9999.000
202605181936,   2.099,9999.000,9999.000,9999.000,9999.000,9999.000,9999.000,9999.000,9999.000
202605181942,   2.097,9999.000,9999.000,9999.000,9999.000,9999.000,9999.000,9999.000,9999.000
202605181948,   2.093,9999.000,9999.000,9999.000,9999.000,9999.000,9999.000,9999.000,9999.000
202605181954,   2.088,9999.000,9999.000,9999.000,9999.000,9999.000,9999.000,9999.000,9999.000
202605182000,   2.081,9999.000,   0.800,  -0.147,   2.734,   0.500,   2.434,   1.100,   3.034
202605182006,   2.073,9999.000,9999.000,9999.000,9999.000,9999.000,9999.000,9999.000,9999.000
202605182012,   2.064,9999.000,9999.000,9999.000,9999.000,9999.000,9999.000,9999.000,9999.000
202605182018,   2.053,9999.000,9999.000,9999.000,9999.000,9999.000,9999.000,9999.000,9999.000
202605182024,   2.041,9999.000,9999.000,9999.000,9999.000,9999.000,9999.000,9999.000,9999.000
202605182030,   2.028,9999.000,9999.000,9999.000,9999.000,9999.000,9999.000,9999.000,9999.000
202605182036,   2.013,9999.000,9999.000,9999.000,9999.000,9999.000,9999.000,9999.000,9999.000
202605182042,   1.996,9999.000,9999.000,9999.000,9999.000,9999.000,9999.000,9999.000,9999.000
202605182048,   1.979,9999.000,9999.000,9999.000,9999.000,9999.000,9999.000,9999.000,9999.000
202605182054,   1.960,9999.000,9999.000,9999.000,9999.000,9999.000,9999.000,9999.000,9999.000
202605182100,   1.939,9999.000,   0.800,  -0.147,   2.592,   0.600,   2.392,   1.100,   2.892
202605182106,   1.918,9999.000,9999.000,9999.000,9999.000,9999.000,9999.000,9999.000,9999.000
202605182112,   1.895,9999.000,9999.000,9999.000,9999.000,9999.000,9999.000,9999.000,9999.000
202605182118,   1.871,9999.000,9999.000,9999.000,9999.000,9999.000,9999.000,9999.000,9999.000
202605182124,   1.846,9999.000,9999.000,9999.000,9999.000,9999.000,9999.000,9999.000,9999.000
202605182130,   1.820,9999.000,9999.000,9999.000,9999.000,9999.000,9999.000,9999.000,9999.000
202605182136,   1.793,9999.000,9999.000,9999.000,9999.000,9999.000,9999.000,9999.000,9999.000
202605182142,   1.765,9999.000,9999.000,9999.000,9999.000,9999.000,9999.000,9999.000,9999.000
202605182148,   1.736,9999.000,9999.000,9999.000,9999.000,9999.000,9999.000,9999.000,9999.000
202605182154,   1.706,9999.000,9999.000,9999.000,9999.000,9999.000,9999.000,9999.000,9999.000
202605182200,   1.675,9999.000,   0.800,  -0.147,   2.328,   0.600,   2.128,   1.100,   2.628
202605182206,   1.643,9999.000,9999.000,9999.000,9999.000,9999.000,9999.000,9999.000,9999.000
202605182212,   1.610,9999.000,9999.000,9999.000,9999.000,9999.000,9999.000,9999.000,9999.000
202605182218,   1.576,9999.000,9999.000,9999.000,9999.000,9999.000,9999.000,9999.000,9999.000
202605182224,   1.542,9999.000,9999.000,9999.000,9999.000,9999.000,9999.000,9999.000,9999.000
202605182230,   1.507,9999.000,9999.000,9999.000,9999.000,9999.000,9999.000,9999.000,9999.000
202605182236,   1.471,9999.000,9999.000,9999.000,9999.000,9999.000,9999.000,9999.000,9999.000
202605182242,   1.434,9999.000,9999.000,9999.000,9999.000,9999.000,9999.000,9999.000,9999.000
202605182248,   1.397,9999.000,9999.000,9999.000,9999.000,9999.000,9999.000,9999.000,9999.000
202605182254,   1.359,9999.000,9999.000,9999.000,9999.000,9999.000,9999.000,9999.000,9999.000
202605182300,   1.320,9999.000,   0.800,  -0.147,   1.973,   0.600,   1.773,   1.100,   2.273
202605182306,   1.280,9999.000,9999.000,9999.000,9999.000,9999.000,9999.000,9999.000,9999.000
202605182312,   1.240,9999.000,9999.000,9999.000,9999.000,9999.000,9999.000,9999.000,9999.000
202605182318,   1.199,9999.000,9999.000,9999.000,9999.000,9999.000,9999.000,9999.000,9999.000
202605182324,   1.157,9999.000,9999.000,9999.000,9999.000,9999.000,9999.000,9999.000,9999.000
202605182330,   1.115,9999.000,9999.000,9999.000,9999.000,9999.000,9999.000,9999.000,9999.000
202605182336,   1.071,9999.000,9999.000,9999.000,9999.000,9999.000,9999.000,9999.000,9999.000
202605182342,   1.028,9999.000,9999.000,9999.000,9999.000,9999.000,9999.000,9999.000,9999.000
202605182348,   0.983,9999.000,9999.000,9999.000,9999.000,9999.000,9999.000,9999.000,9999.000
202605182354,   0.937,9999.000,9999.000,9999.000,9999.000,9999.000,9999.000,9999.000,9999.000
202605190000,   0.891,9999.000,   0.800,  -0.147,   1.544,   0.600,   1.344,   1.000,   1.744
202605190006,   0.845,9999.000,9999.000,9999.000,9999.000,9999.000,9999.000,9999.000,9999.000
202605190012,   0.797,9999.000,9999.000,9999.000,9999.000,9999.000,9999.000,9999.000,9999.000
202605190018,   0.749,9999.000,9999.000,9999.000,9999.000,9999.000,9999.000,9999.000,9999.000
202605190024,   0.701,9999.000,9999.000,9999.000,9999.000,9999.000,9999.000,9999.000,9999.000
202605190030,   0.651,9999.000,9999.000,9999.000,9999.000,9999.000,9999.000,9999.000,9999.000
202605190036,   0.602,9999.000,9999.000,9999.000,9999.000,9999.000,9999.000,9999.000,9999.000
202605190042,   0.552,9999.000,9999.000,9999.000,9999.000,9999.000,9999.000,9999.000,9999.000
202605190048,   0.501,9999.000,9999.000,9999.000,9999.000,9999.000,9999.000,9999.000,9999.000
202605190054,   0.450,9999.000,9999.000,9999.000,9999.000,9999.000,9999.000,9999.000,9999.000
202605190100,   0.399,9999.000,   0.800,  -0.147,   1.052,   0.600,   0.852,   1.000,   1.252
202605190106,   0.348,9999.000,9999.000,9999.000,9999.000,9999.000,9999.000,9999.000,9999.000
202605190112,   0.297,9999.000,9999.000,9999.000,9999.000,9999.000,9999.000,9999.000,9999.000
202605190118,   0.246,9999.000,9999.000,9999.000,9999.000,9999.000,9999.000,9999.000,9999.000
202605190124,   0.194,9999.000,9999.000,9999.000,9999.000,9999.000,9999.000,9999.000,9999.000
202605190130,   0.144,9999.000,9999.000,9999.000,9999.000,9999.000,9999.000,9999.000,9999.000
202605190136,   0.093,9999.000,9999.000,9999.000,9999.000,9999.000,9999.000,9999.000,9999.000
202605190142,   0.043,9999.000,9999.000,9999.000,9999.000,9999.000,9999.000,9999.000,9999.000
202605190148,  -0.005,9999.000,9999.000,9999.000,9999.000,9999.000,9999.000,9999.000,9999.000
202605190154,  -0.054,9999.000,9999.000,9999.000,9999.000,9999.000,9999.000,9999.000,9999.000
202605190200,  -0.101,9999.000,   0.700,  -0.147,   0.452,   0.500,   0.252,   0.900,   0.652
202605190206,  -0.148,9999.000,9999.000,9999.000,9999.000,9999.000,9999.000,9999.000,9999.000
202605190212,  -0.193,9999.000,9999.000,9999.000,9999.000,9999.000,9999.000,9999.000,9999.000
202605190218,  -0.237,9999.000,9999.000,9999.000,9999.000,9999.000,9999.000,9999.000,9999.000
202605190224,  -0.280,9999.000,9999.000,9999.000,9999.000,9999.000,9999.000,9999.000,9999.000
202605190230,  -0.321,9999.000,9999.000,9999.000,9999.000,9999.000,9999.000,9999.000,9999.000
202605190236,  -0.360,9999.000,9999.000,9999.000,9999.000,9999.000,9999.000,9999.000,9999.000
202605190242,  -0.397,9999.000,9999.000,9999.000,9999.000,9999.000,9999.000,9999.000,9999.000
202605190248,  -0.433,9999.000,9999.000,9999.000,9999.000,9999.000,9999.000,9999.000,9999.000
202605190254,  -0.466,9999.000,9999.000,9999.000,9999.000,9999.000,9999.000,9999.000,9999.000
202605190300,  -0.496,9999.000,   0.700,  -0.147,   0.057,   0.500,  -0.143,   0.900,   0.257
202605190306,  -0.525,9999.000,9999.000,9999.000,9999.000,9999.000,9999.000,9999.000,9999.000
202605190312,  -0.551,9999.000,9999.000,9999.000,9999.000,9999.000,9999.000,9999.000,9999.000
202605190318,  -0.574,9999.000,9999.000,9999.000,9999.000,9999.000,9999.000,9999.000,9999.000
202605190324,  -0.594,9999.000,9999.000,9999.000,9999.000,9999.000,9999.000,9999.000,9999.000
202605190330,  -0.612,9999.000,9999.000,9999.000,9999.000,9999.000,9999.000,9999.000,9999.000
202605190336,  -0.626,9999.000,9999.000,9999.000,9999.000,9999.000,9999.000,9999.000,9999.000
202605190342,  -0.638,9999.000,9999.000,9999.000,9999.000,9999.000,9999.000,9999.000,9999.000
202605190348,  -0.647,9999.000,9999.000,9999.000,9999.000,9999.000,9999.000,9999.000,9999.000
202605190354,  -0.652,9999.000,9999.000,9999.000,9999.000,9999.000,9999.000,9999.000,9999.000
202605190400,  -0.655,9999.000,   0.700,  -0.147,  -0.102,   0.500,  -0.302,   0.900,   0.098
202605190406,  -0.654,9999.000,9999.000,9999.000,9999.000,9999.000,9999.000,9999.000,9999.000
202605190412,  -0.650,9999.000,9999.000,9999.000,9999.000,9999.000,9999.000,9999.000,9999.000
202605190418,  -0.643,9999.000,9999.000,9999.000,9999.000,9999.000,9999.000,9999.000,9999.000
202605190424,  -0.633,9999.000,9999.000,9999.000,9999.000,9999.000,9999.000,9999.000,9999.000
202605190430,  -0.619,9999.000,9999.000,9999.000,9999.000,9999.000,9999.000,9999.000,9999.000
202605190436,  -0.603,9999.000,9999.000,9999.000,9999.000,9999.000,9999.000,9999.000,9999.000
202605190442,  -0.583,9999.000,9999.000,9999.000,9999.000,9999.000,9999.000,9999.000,9999.000
202605190448,  -0.560,9999.000,9999.000,9999.000,9999.000,9999.000,9999.000,9999.000,9999.000
202605190454,  -0.534,9999.000,9999.000,9999.000,9999.000,9999.000,9999.000,9999.000,9999.000
202605190500,  -0.506,9999.000,   0.600,  -0.147,  -0.053,   0.500,  -0.153,   0.800,   0.147
202605190506,  -0.474,9999.000,9999.000,9999.000,9999.000,9999.000,9999.000,9999.000,9999.000
202605190512,  -0.440,9999.000,9999.000,9999.000,9999.000,9999.000,9999.000,9999.000,9999.000
202605190518,  -0.403,9999.000,9999.000,9999.000,9999.000,9999.000,9999.000,9999.000,9999.000
202605190524,  -0.363,9999.000,9999.000,9999.000,9999.000,9999.000,9999.000,9999.000,9999.000
202605190530,  -0.321,9999.000,9999.000,9999.000,9999.000,9999.000,9999.000,9999.000,9999.000
202605190536,  -0.277,9999.000,9999.000,9999.000,9999.000,9999.000,9999.000,9999.000,9999.000
202605190542,  -0.230,9999.000,9999.000,9999.000,9999.000,9999.000,9999.000,9999.000,9999.000
202605190548,  -0.181,9999.000,9999.000,9999.000,9999.000,9999.000,9999.000,9999.000,9999.000
202605190554,  -0.131,9999.000,9999.000,9999.000,9999.000,9999.000,9999.000,9999.000,9999.000
202605190600,  -0.078,9999.000,   0.600,  -0.147,   0.375,   0.500,   0.275,   0.800,   0.575
202605190606,  -0.024,9999.000,9999.000,9999.000,9999.000,9999.000,9999.000,9999.000,9999.000
202605190612,   0.031,9999.000,9999.000,9999.000,9999.000,9999.000,9999.000,9999.000,9999.000
202605190618,   0.088,9999.000,9999.000,9999.000,9999.000,9999.000,9999.000,9999.000,9999.000
202605190624,   0.146,9999.000,9999.000,9999.000,9999.000,9999.000,9999.000,9999.000,9999.000
202605190630,   0.206,9999.000,9999.000,9999.000,9999.000,9999.000,9999.000,9999.000,9999.000
202605190636,   0.266,9999.000,9999.000,9999.000,9999.000,9999.000,9999.000,9999.000,9999.000
202605190642,   0.327,9999.000,9999.000,9999.000,9999.000,9999.000,9999.000,9999.000,9999.000
202605190648,   0.389,9999.000,9999.000,9999.000,9999.000,9999.000,9999.000,9999.000,9999.000
202605190654,   0.451,9999.000,9999.000,9999.000,9999.000,9999.000,9999.000,9999.000,9999.000
202605190700,   0.513,9999.000,   0.700,  -0.147,   1.066,   0.500,   0.866,   0.800,   1.166
202605190706,   0.575,9999.000,9999.000,9999.000,9999.000,9999.000,9999.000,9999.000,9999.000
202605190712,   0.638,9999.000,9999.000,9999.000,9999.000,9999.000,9999.000,9999.000,9999.000
202605190718,   0.700,9999.000,9999.000,9999.000,9999.000,9999.000,9999.000,9999.000,9999.000
202605190724,   0.762,9999.000,9999.000,9999.000,9999.000,9999.000,9999.000,9999.000,9999.000
202605190730,   0.824,9999.000,9999.000,9999.000,9999.000,9999.000,9999.000,9999.000,9999.000
202605190736,   0.885,9999.000,9999.000,9999.000,9999.000,9999.000,9999.000,9999.000,9999.000
202605190742,   0.945,9999.000,9999.000,9999.000,9999.000,9999.000,9999.000,9999.000,9999.000
202605190748,   1.004,9999.000,9999.000,9999.000,9999.000,9999.000,9999.000,9999.000,9999.000
202605190754,   1.063,9999.000,9999.000,9999.000,9999.000,9999.000,9999.000,9999.000,9999.000
202605190800,   1.120,9999.000,   0.700,  -0.147,   1.673,   0.500,   1.473,   0.900,   1.873
202605190806,   1.177,9999.000,9999.000,9999.000,9999.000,9999.000,9999.000,9999.000,9999.000
202605190812,   1.232,9999.000,9999.000,9999.000,9999.000,9999.000,9999.000,9999.000,9999.000
202605190818,   1.286,9999.000,9999.000,9999.000,9999.000,9999.000,9999.000,9999.000,9999.000
202605190824,   1.338,9999.000,9999.000,9999.000,9999.000,9999.000,9999.000,9999.000,9999.000
202605190830,   1.389,9999.000,9999.000,9999.000,9999.000,9999.000,9999.000,9999.000,9999.000
202605190836,   1.439,9999.000,9999.000,9999.000,9999.000,9999.000,9999.000,9999.000,9999.000
202605190842,   1.487,9999.000,9999.000,9999.000,9999.000,9999.000,9999.000,9999.000,9999.000
202605190848,   1.534,9999.000,9999.000,9999.000,9999.000,9999.000,9999.000,9999.000,9999.000
202605190854,   1.579,9999.000,9999.000,9999.000,9999.000,9999.000,9999.000,9999.000,9999.000
202605190900,   1.622,9999.000,   0.700,  -0.147,   2.175,   0.600,   2.075,   0.900,   2.375
202605190906,   1.664,9999.000,9999.000,9999.000,9999.000,9999.000,9999.000,9999.000,9999.000
202605190912,   1.704,9999.000,9999.000,9999.000,9999.000,9999.000,9999.000,9999.000,9999.000
202605190918,   1.742,9999.000,9999.000,9999.000,9999.000,9999.000,9999.000,9999.000,9999.000
202605190924,   1.779,9999.000,9999.000,9999.000,9999.000,9999.000,9999.000,9999.000,9999.000
202605190930,   1.814,9999.000,9999.000,9999.000,9999.000,9999.000,9999.000,9999.000,9999.000
202605190936,   1.848,9999.000,9999.000,9999.000,9999.000,9999.000,9999.000,9999.000,9999.000
202605190942,   1.880,9999.000,9999.000,9999.000,9999.000,9999.000,9999.000,9999.000,9999.000
202605190948,   1.910,9999.000,9999.000,9999.000,9999.000,9999.000,9999.000,9999.000,9999.000
202605190954,   1.939,9999.000,9999.000,9999.000,9999.000,9999.000,9999.000,9999.000,9999.000
202605191000,   1.966,9999.000,   0.700,  -0.147,   2.519,   0.600,   2.419,   0.900,   2.719
202605191006,   1.993,9999.000,9999.000,9999.000,9999.000,9999.000,9999.000,9999.000,9999.000
202605191012,   2.017,9999.000,9999.000,9999.000,9999.000,9999.000,9999.000,9999.000,9999.000
202605191018,   2.040,9999.000,9999.000,9999.000,9999.000,9999.000,9999.000,9999.000,9999.000
202605191024,   2.062,9999.000,9999.000,9999.000,9999.000,9999.000,9999.000,9999.000,9999.000
202605191030,   2.083,9999.000,9999.000,9999.000,9999.000,9999.000,9999.000,9999.000,9999.000
202605191036,   2.103,9999.000,9999.000,9999.000,9999.000,9999.000,9999.000,9999.000,9999.000
202605191042,   2.121,9999.000,9999.000,9999.000,9999.000,9999.000,9999.000,9999.000,9999.000
202605191048,   2.138,9999.000,9999.000,9999.000,9999.000,9999.000,9999.000,9999.000,9999.000
202605191054,   2.154,9999.000,9999.000,9999.000,9999.000,9999.000,9999.000,9999.000,9999.000
202605191100,   2.169,9999.000,   0.700,  -0.147,   2.722,   0.600,   2.622,   0.900,   2.922
202605191106,   2.183,9999.000,9999.000,9999.000,9999.000,9999.000,9999.000,9999.000,9999.000
202605191112,   2.196,9999.000,9999.000,9999.000,9999.000,9999.000,9999.000,9999.000,9999.000
202605191118,   2.208,9999.000,9999.000,9999.000,9999.000,9999.000,9999.000,9999.000,9999.000
202605191124,   2.219,9999.000,9999.000,9999.000,9999.000,9999.000,9999.000,9999.000,9999.000
202605191130,   2.229,9999.000,9999.000,9999.000,9999.000,9999.000,9999.000,9999.000,9999.000
202605191136,   2.238,9999.000,9999.000,9999.000,9999.000,9999.000,9999.000,9999.000,9999.000
202605191142,   2.246,9999.000,9999.000,9999.000,9999.000,9999.000,9999.000,9999.000,9999.000
202605191148,   2.253,9999.000,9999.000,9999.000,9999.000,9999.000,9999.000,9999.000,9999.000
202605191154,   2.260,9999.000,9999.000,9999.000,9999.000,9999.000,9999.000,9999.000,9999.000
202605191200,   2.265,9999.000,   0.700,  -0.147,   2.818,   0.600,   2.718,   0.900,   3.018
202605191206,   2.269,9999.000,9999.000,9999.000,9999.000,9999.000,9999.000,9999.000,9999.000
202605191212,   2.273,9999.000,9999.000,9999.000,9999.000,9999.000,9999.000,9999.000,9999.000
202605191218,   2.275,9999.000,9999.000,9999.000,9999.000,9999.000,9999.000,9999.000,9999.000
202605191224,   2.277,9999.000,9999.000,9999.000,9999.000,9999.000,9999.000,9999.000,9999.000
202605191230,   2.278,9999.000,9999.000,9999.000,9999.000,9999.000,9999.000,9999.000,9999.000
202605191236,   2.278,9999.000,9999.000,9999.000,9999.000,9999.000,9999.000,9999.000,9999.000
202605191242,   2.277,9999.000,9999.000,9999.000,9999.000,9999.000,9999.000,9999.000,9999.000
202605191248,   2.275,9999.000,9999.000,9999.000,9999.000,9999.000,9999.000,9999.000,9999.000
202605191254,   2.272,9999.000,9999.000,9999.000,9999.000,9999.000,9999.000,9999.000,9999.000
202605191300,   2.268,9999.000,   0.700,  -0.147,   2.821,   0.500,   2.621,   0.900,   3.021
202605191306,   2.263,9999.000,9999.000,9999.000,9999.000,9999.000,9999.000,9999.000,9999.000
202605191312,   2.258,9999.000,9999.000,9999.000,9999.000,9999.000,9999.000,9999.000,9999.000
202605191318,   2.252,9999.000,9999.000,9999.000,9999.000,9999.000,9999.000,9999.000,9999.000
202605191324,   2.244,9999.000,9999.000,9999.000,9999.000,9999.000,9999.000,9999.000,9999.000
202605191330,   2.236,9999.000,9999.000,9999.000,9999.000,9999.000,9999.000,9999.000,9999.000
202605191336,   2.227,9999.000,9999.000,9999.000,9999.000,9999.000,9999.000,9999.000,9999.000
202605191342,   2.218,9999.000,9999.000,9999.000,9999.000,9999.000,9999.000,9999.000,9999.000
202605191348,   2.208,9999.000,9999.000,9999.000,9999.000,9999.000,9999.000,9999.000,9999.000
202605191354,   2.197,9999.000,9999.000,9999.000,9999.000,9999.000,9999.000,9999.000,9999.000
202605191400,   2.185,9999.000,   0.700,  -0.147,   2.738,   0.500,   2.538,   0.800,   2.838
202605191406,   2.173,9999.000,9999.000,9999.000,9999.000,9999.000,9999.000,9999.000,9999.000
202605191412,   2.161,9999.000,9999.000,9999.000,9999.000,9999.000,9999.000,9999.000,9999.000
202605191418,   2.148,9999.000,9999.000,9999.000,9999.000,9999.000,9999.000,9999.000,9999.000
202605191424,   2.135,9999.000,9999.000,9999.000,9999.000,9999.000,9999.000,9999.000,9999.000
202605191430,   2.122,9999.000,9999.000,9999.000,9999.000,9999.000,9999.000,9999.000,9999.000
202605191436,   2.108,9999.000,9999.000,9999.000,9999.000,9999.000,9999.000,9999.000,9999.000
202605191442,   2.094,9999.000,9999.000,9999.000,9999.000,9999.000,9999.000,9999.000,9999.000
202605191448,   2.081,9999.000,9999.000,9999.000,9999.000,9999.000,9999.000,9999.000,9999.000
202605191454,   2.067,9999.000,9999.000,9999.000,9999.000,9999.000,9999.000,9999.000,9999.000
202605191500,   2.053,9999.000,   0.600,  -0.147,   2.506,   0.400,   2.306,   0.800,   2.706
202605191506,   2.040,9999.000,9999.000,9999.000,9999.000,9999.000,9999.000,9999.000,9999.000
202605191512,   2.027,9999.000,9999.000,9999.000,9999.000,9999.000,9999.000,9999.000,9999.000
202605191518,   2.015,9999.000,9999.000,9999.000,9999.000,9999.000,9999.000,9999.000,9999.000
202605191524,   2.003,9999.000,9999.000,9999.000,9999.000,9999.000,9999.000,9999.000,9999.000
202605191530,   1.991,9999.000,9999.000,9999.000,9999.000,9999.000,9999.000,9999.000,9999.000
202605191536,   1.980,9999.000,9999.000,9999.000,9999.000,9999.000,9999.000,9999.000,9999.000
202605191542,   1.970,9999.000,9999.000,9999.000,9999.000,9999.000,9999.000,9999.000,9999.000
202605191548,   1.960,9999.000,9999.000,9999.000,9999.000,9999.000,9999.000,9999.000,9999.000
202605191554,   1.951,9999.000,9999.000,9999.000,9999.000,9999.000,9999.000,9999.000,9999.000
202605191600,   1.943,9999.000,   0.500,  -0.147,   2.296,   0.300,   2.096,   0.800,   2.596
202605191606,   1.936,9999.000,9999.000,9999.000,9999.000,9999.000,9999.000,9999.000,9999.000
202605191612,   1.929,9999.000,9999.000,9999.000,9999.000,9999.000,9999.000,9999.000,9999.000
202605191618,   1.924,9999.000,9999.000,9999.000,9999.000,9999.000,9999.000,9999.000,9999.000
202605191624,   1.919,9999.000,9999.000,9999.000,9999.000,9999.000,9999.000,9999.000,9999.000
202605191630,   1.916,9999.000,9999.000,9999.000,9999.000,9999.000,9999.000,9999.000,9999.000
202605191636,   1.913,9999.000,9999.000,9999.000,9999.000,9999.000,9999.000,9999.000,9999.000
202605191642,   1.911,9999.000,9999.000,9999.000,9999.000,9999.000,9999.000,9999.000,9999.000
202605191648,   1.910,9999.000,9999.000,9999.000,9999.000,9999.000,9999.000,9999.000,9999.000
202605191654,   1.910,9999.000,9999.000,9999.000,9999.000,9999.000,9999.000,9999.000,9999.000
202605191700,   1.911,9999.000,   0.500,  -0.147,   2.264,   0.300,   2.064,   0.700,   2.464
202605191706,   1.913,9999.000,9999.000,9999.000,9999.000,9999.000,9999.000,9999.000,9999.000
202605191712,   1.915,9999.000,9999.000,9999.000,9999.000,9999.000,9999.000,9999.000,9999.000
202605191718,   1.918,9999.000,9999.000,9999.000,9999.000,9999.000,9999.000,9999.000,9999.000
202605191724,   1.922,9999.000,9999.000,9999.000,9999.000,9999.000,9999.000,9999.000,9999.000
202605191730,   1.927,9999.000,9999.000,9999.000,9999.000,9999.000,9999.000,9999.000,9999.000
202605191736,   1.932,9999.000,9999.000,9999.000,9999.000,9999.000,9999.000,9999.000,9999.000
202605191742,   1.938,9999.000,9999.000,9999.000,9999.000,9999.000,9999.000,9999.000,9999.000
202605191748,   1.944,9999.000,9999.000,9999.000,9999.000,9999.000,9999.000,9999.000,9999.000
202605191754,   1.951,9999.000,9999.000,9999.000,9999.000,9999.000,9999.000,9999.000,9999.000
202605191800,   1.958,9999.000,   0.500,  -0.147,   2.311,   0.300,   2.111,   0.600,   2.411
202605191806,   1.966,9999.000,9999.000,9999.000,9999.000,9999.000,9999.000,9999.000,9999.000
202605191812,   1.974,9999.000,9999.000,9999.000,9999.000,9999.000,9999.000,9999.000,9999.000
202605191818,   1.982,9999.000,9999.000,9999.000,9999.000,9999.000,9999.000,9999.000,9999.000
202605191824,   1.990,9999.000,9999.000,9999.000,9999.000,9999.000,9999.000,9999.000,9999.000
202605191830,   1.998,9999.000,9999.000,9999.000,9999.000,9999.000,9999.000,9999.000,9999.000
202605191836,   2.006,9999.000,9999.000,9999.000,9999.000,9999.000,9999.000,9999.000,9999.000
202605191842,   2.014,9999.000,9999.000,9999.000,9999.000,9999.000,9999.000,9999.000,9999.000
202605191848,   2.022,9999.000,9999.000,9999.000,9999.000,9999.000,9999.000,9999.000,9999.000
202605191854,   2.029,9999.000,9999.000,9999.000,9999.000,9999.000,9999.000,9999.000,9999.000
202605191900,   2.037,9999.000,   0.400,  -0.147,   2.290,   0.300,   2.190,   0.600,   2.490
202605191906,   2.044,9999.000,9999.000,9999.000,9999.000,9999.000,9999.000,9999.000,9999.000
202605191912,   2.050,9999.000,9999.000,9999.000,9999.000,9999.000,9999.000,9999.000,9999.000
202605191918,   2.056,9999.000,9999.000,9999.000,9999.000,9999.000,9999.000,9999.000,9999.000
202605191924,   2.062,9999.000,9999.000,9999.000,9999.000,9999.000,9999.000,9999.000,9999.000
202605191930,   2.067,9999.000,9999.000,9999.000,9999.000,9999.000,9999.000,9999.000,9999.000
202605191936,   2.072,9999.000,9999.000,9999.000,9999.000,9999.000,9999.000,9999.000,9999.000
202605191942,   2.075,9999.000,9999.000,9999.000,9999.000,9999.000,9999.000,9999.000,9999.000
202605191948,   2.078,9999.000,9999.000,9999.000,9999.000,9999.000,9999.000,9999.000,9999.000
202605191954,   2.081,9999.000,9999.000,9999.000,9999.000,9999.000,9999.000,9999.000,9999.000
202605192000,   2.082,9999.000,   0.400,  -0.147,   2.335,   0.300,   2.235,   0.600,   2.535
202605192006,   2.083,9999.000,9999.000,9999.000,9999.000,9999.000,9999.000,9999.000,9999.000
202605192012,   2.082,9999.000,9999.000,9999.000,9999.000,9999.000,9999.000,9999.000,9999.000
202605192018,   2.081,9999.000,9999.000,9999.000,9999.000,9999.000,9999.000,9999.000,9999.000
202605192024,   2.079,9999.000,9999.000,9999.000,9999.000,9999.000,9999.000,9999.000,9999.000
202605192030,   2.075,9999.000,9999.000,9999.000,9999.000,9999.000,9999.000,9999.000,9999.000
202605192036,   2.071,9999.000,9999.000,9999.000,9999.000,9999.000,9999.000,9999.000,9999.000
202605192042,   2.066,9999.000,9999.000,9999.000,9999.000,9999.000,9999.000,9999.000,9999.000
202605192048,   2.059,9999.000,9999.000,9999.000,9999.000,9999.000,9999.000,9999.000,9999.000
202605192054,   2.051,9999.000,9999.000,9999.000,9999.000,9999.000,9999.000,9999.000,9999.000
202605192100,   2.043,9999.000,   0.400,  -0.147,   2.296,   0.300,   2.196,   0.500,   2.396
202605192106,   2.033,9999.000,9999.000,9999.000,9999.000,9999.000,9999.000,9999.000,9999.000
202605192112,   2.021,9999.000,9999.000,9999.000,9999.000,9999.000,9999.000,9999.000,9999.000
202605192118,   2.009,9999.000,9999.000,9999.000,9999.000,9999.000,9999.000,9999.000,9999.000
202605192124,   1.996,9999.000,9999.000,9999.000,9999.000,9999.000,9999.000,9999.000,9999.000
202605192130,   1.981,9999.000,9999.000,9999.000,9999.000,9999.000,9999.000,9999.000,9999.000
202605192136,   1.965,9999.000,9999.000,9999.000,9999.000,9999.000,9999.000,9999.000,9999.000
202605192142,   1.949,9999.000,9999.000,9999.000,9999.000,9999.000,9999.000,9999.000,9999.000
202605192148,   1.930,9999.000,9999.000,9999.000,9999.000,9999.000,9999.000,9999.000,9999.000
202605192154,   1.911,9999.000,9999.000,9999.000,9999.000,9999.000,9999.000,9999.000,9999.000
202605192200,   1.891,9999.000,   0.400,  -0.147,   2.144,   0.300,   2.044,   0.500,   2.244
202605192206,   1.870,9999.000,9999.000,9999.000,9999.000,9999.000,9999.000,9999.000,9999.000
202605192212,   1.847,9999.000,9999.000,9999.000,9999.000,9999.000,9999.000,9999.000,9999.000
202605192218,   1.824,9999.000,9999.000,9999.000,9999.000,9999.000,9999.000,9999.000,9999.000
202605192224,   1.800,9999.000,9999.000,9999.000,9999.000,9999.000,9999.000,9999.000,9999.000
202605192230,   1.774,9999.000,9999.000,9999.000,9999.000,9999.000,9999.000,9999.000,9999.000
202605192236,   1.748,9999.000,9999.000,9999.000,9999.000,9999.000,9999.000,9999.000,9999.000
202605192242,   1.721,9999.000,9999.000,9999.000,9999.000,9999.000,9999.000,9999.000,9999.000
202605192248,   1.693,9999.000,9999.000,9999.000,9999.000,9999.000,9999.000,9999.000,9999.000
202605192254,   1.664,9999.000,9999.000,9999.000,9999.000,9999.000,9999.000,9999.000,9999.000
202605192300,   1.634,9999.000,   0.400,  -0.147,   1.887,   0.300,   1.787,   0.500,   1.987
202605192306,   1.604,9999.000,9999.000,9999.000,9999.000,9999.000,9999.000,9999.000,9999.000
202605192312,   1.572,9999.000,9999.000,9999.000,9999.000,9999.000,9999.000,9999.000,9999.000
202605192318,   1.540,9999.000,9999.000,9999.000,9999.000,9999.000,9999.000,9999.000,9999.000
202605192324,   1.508,9999.000,9999.000,9999.000,9999.000,9999.000,9999.000,9999.000,9999.000
202605192330,   1.474,9999.000,9999.000,9999.000,9999.000,9999.000,9999.000,9999.000,9999.000
202605192336,   1.440,9999.000,9999.000,9999.000,9999.000,9999.000,9999.000,9999.000,9999.000
202605192342,   1.406,9999.000,9999.000,9999.000,9999.000,9999.000,9999.000,9999.000,9999.000
202605192348,   1.370,9999.000,9999.000,9999.000,9999.000,9999.000,9999.000,9999.000,9999.000
202605192354,   1.334,9999.000,9999.000,9999.000,9999.000,9999.000,9999.000,9999.000,9999.000
202605200000,   1.298,9999.000,   0.500,  -0.147,   1.651,   0.400,   1.551,   0.500,   1.651
202605200006,   1.261,9999.000,9999.000,9999.000,9999.000,9999.000,9999.000,9999.000,9999.000
202605200012,   1.223,9999.000,9999.000,9999.000,9999.000,9999.000,9999.000,9999.000,9999.000
202605200018,   1.184,9999.000,9999.000,9999.000,9999.000,9999.000,9999.000,9999.000,9999.000
202605200024,   1.145,9999.000,9999.000,9999.000,9999.000,9999.000,9999.000,9999.000,9999.000
202605200030,   1.106,9999.000,9999.000,9999.000,9999.000,9999.000,9999.000,9999.000,9999.000
202605200036,   1.065,9999.000,9999.000,9999.000,9999.000,9999.000,9999.000,9999.000,9999.000
202605200042,   1.025,9999.000,9999.000,9999.000,9999.000,9999.000,9999.000,9999.000,9999.000
202605200048,   0.983,9999.000,9999.000,9999.000,9999.000,9999.000,9999.000,9999.000,9999.000
202605200054,   0.941,9999.000,9999.000,9999.000,9999.000,9999.000,9999.000,9999.000,9999.000
202605200100,   0.898,9999.000,   0.500,  -0.147,   1.251,   0.400,   1.151,   0.600,   1.351
202605200106,   0.855,9999.000,9999.000,9999.000,9999.000,9999.000,9999.000,9999.000,9999.000
202605200112,   0.811,9999.000,9999.000,9999.000,9999.000,9999.000,9999.000,9999.000,9999.000
202605200118,   0.767,9999.000,9999.000,9999.000,9999.000,9999.000,9999.000,9999.000,9999.000
202605200124,   0.722,9999.000,9999.000,9999.000,9999.000,9999.000,9999.000,9999.000,9999.000
202605200130,   0.677,9999.000,9999.000,9999.000,9999.000,9999.000,9999.000,9999.000,9999.000
202605200136,   0.631,9999.000,9999.000,9999.000,9999.000,9999.000,9999.000,9999.000,9999.000
202605200142,   0.585,9999.000,9999.000,9999.000,9999.000,9999.000,9999.000,9999.000,9999.000
202605200148,   0.538,9999.000,9999.000,9999.000,9999.000,9999.000,9999.000,9999.000,9999.000
202605200154,   0.491,9999.000,9999.000,9999.000,9999.000,9999.000,9999.000,9999.000,9999.000
202605200200,   0.444,9999.000,   0.500,  -0.147,   0.797,   0.400,   0.697,   0.600,   0.897
202605200206,   0.397,9999.000,9999.000,9999.000,9999.000,9999.000,9999.000,9999.000,9999.000
202605200212,   0.350,9999.000,9999.000,9999.000,9999.000,9999.000,9999.000,9999.000,9999.000
202605200218,   0.303,9999.000,9999.000,9999.000,9999.000,9999.000,9999.000,9999.000,9999.000
202605200224,   0.256,9999.000,9999.000,9999.000,9999.000,9999.000,9999.000,9999.000,9999.000
202605200230,   0.209,9999.000,9999.000,9999.000,9999.000,9999.000,9999.000,9999.000,9999.000
202605200236,   0.162,9999.000,9999.000,9999.000,9999.000,9999.000,9999.000,9999.000,9999.000
202605200242,   0.117,9999.000,9999.000,9999.000,9999.000,9999.000,9999.000,9999.000,9999.000
202605200248,   0.072,9999.000,9999.000,9999.000,9999.000,9999.000,9999.000,9999.000,9999.000
202605200254,   0.027,9999.000,9999.000,9999.000,9999.000,9999.000,9999.000,9999.000,9999.000
202605200300,  -0.015,9999.000,   0.400,  -0.147,   0.238,   0.300,   0.138,   0.600,   0.438
202605200306,  -0.058,9999.000,9999.000,9999.000,9999.000,9999.000,9999.000,9999.000,9999.000
202605200312,  -0.099,9999.000,9999.000,9999.000,9999.000,9999.000,9999.000,9999.000,9999.000
202605200318,  -0.139,9999.000,9999.000,9999.000,9999.000,9999.000,9999.000,9999.000,9999.000
202605200324,  -0.177,9999.000,9999.000,9999.000,9999.000,9999.000,9999.000,9999.000,9999.000
202605200330,  -0.213,9999.000,9999.000,9999.000,9999.000,9999.000,9999.000,9999.000,9999.000
202605200336,  -0.248,9999.000,9999.000,9999.000,9999.000,9999.000,9999.000,9999.000,9999.000
202605200342,  -0.281,9999.000,9999.000,9999.000,9999.000,9999.000,9999.000,9999.000,9999.000
202605200348,  -0.312,9999.000,9999.000,9999.000,9999.000,9999.000,9999.000,9999.000,9999.000
202605200354,  -0.341,9999.000,9999.000,9999.000,9999.000,9999.000,9999.000,9999.000,9999.000
202605200400,  -0.367,9999.000,   0.400,  -0.147,  -0.114,   0.300,  -0.214,   0.600,   0.086
202605200406,  -0.391,9999.000,9999.000,9999.000,9999.000,9999.000,9999.000,9999.000,9999.000
202605200412,  -0.413,9999.000,9999.000,9999.000,9999.000,9999.000,9999.000,9999.000,9999.000
202605200418,  -0.432,9999.000,9999.000,9999.000,9999.000,9999.000,9999.000,9999.000,9999.000
202605200424,  -0.448,9999.000,9999.000,9999.000,9999.000,9999.000,9999.000,9999.000,9999.000
202605200430,  -0.462,9999.000,9999.000,9999.000,9999.000,9999.000,9999.000,9999.000,9999.000
202605200436,  -0.472,9999.000,9999.000,9999.000,9999.000,9999.000,9999.000,9999.000,9999.000
202605200442,  -0.480,9999.000,9999.000,9999.000,9999.000,9999.000,9999.000,9999.000,9999.000
202605200448,  -0.485,9999.000,9999.000,9999.000,9999.000,9999.000,9999.000,9999.000,9999.000
202605200454,  -0.488,9999.000,9999.000,9999.000,9999.000,9999.000,9999.000,9999.000,9999.000
202605200500,  -0.487,9999.000,   0.400,  -0.147,  -0.234,   0.300,  -0.334,   0.600,  -0.034
202605200506,  -0.483,9999.000,9999.000,9999.000,9999.000,9999.000,9999.000,9999.000,9999.000
202605200512,  -0.477,9999.000,9999.000,9999.000,9999.000,9999.000,9999.000,9999.000,9999.000
202605200518,  -0.467,9999.000,9999.000,9999.000,9999.000,9999.000,9999.000,9999.000,9999.000
202605200524,  -0.455,9999.000,9999.000,9999.000,9999.000,9999.000,9999.000,9999.000,9999.000
202605200530,  -0.440,9999.000,9999.000,9999.000,9999.000,9999.000,9999.000,9999.000,9999.000
202605200536,  -0.422,9999.000,9999.000,9999.000,9999.000,9999.000,9999.000,9999.000,9999.000
202605200542,  -0.402,9999.000,9999.000,9999.000,9999.000,9999.000,9999.000,9999.000,9999.000
202605200548,  -0.379,9999.000,9999.000,9999.000,9999.000,9999.000,9999.000,9999.000,9999.000
202605200554,  -0.353,9999.000,9999.000,9999.000,9999.000,9999.000,9999.000,9999.000,9999.000
202605200600,  -0.325,9999.000,   0.400,  -0.147,  -0.072,   0.300,  -0.172,   0.600,   0.128
