        TIME,    TIDE,      OB,   SURGE,    BIAS,     TWL,SURGE90p,  TWL90p,SURGE10p,   TWL10p
202603200000,   1.547,9999.000,   0.400,9999.000,   1.947,   0.300,   1.847,   0.400,   1.947
202603200006,   1.541,9999.000,9999.000,9999.000,9999.000,9999.000,9999.000,9999.000,9999.000
202603200012,   1.534,9999.000,9999.000,9999.000,9999.000,9999.000,9999.000,9999.000,9999.000
202603200018,   1.523,9999.000,9999.000,9999.000,9999.000,9999.000,9999.000,9999.000,9999.000
202603200024,   1.509,9999.000,9999.000,9999.000,9999.000,9999.000,9999.000,9999.000,9999.000
202603200030,   1.493,9999.000,9999.000,9999.000,9999.000,9999.000,9999.000,9999.000,9999.000
202603200036,   1.474,9999.000,9999.000,9999.000,9999.000,9999.000,9999.000,9999.000,9999.000
202603200042,   1.452,9999.000,9999.000,9999.000,9999.000,9999.000,9999.000,9999.000,9999.000
202603200048,   1.428,9999.000,9999.000,9999.000,9999.000,9999.000,9999.000,9999.000,9999.000
202603200054,   1.402,9999.000,9999.000,9999.000,9999.000,9999.000,9999.000,9999.000,9999.000
202603200100,   1.373,9999.000,   0.400,9999.000,   1.773,   0.300,   1.673,   0.400,   1.773
202603200106,   1.343,9999.000,9999.000,9999.000,9999.000,9999.000,9999.000,9999.000,9999.000
202603200112,   1.311,9999.000,9999.000,9999.000,9999.000,9999.000,9999.000,9999.000,9999.000
202603200118,   1.277,9999.000,9999.000,9999.000,9999.000,9999.000,9999.000,9999.000,9999.000
202603200124,   1.243,9999.000,9999.000,9999.000,9999.000,9999.000,9999.000,9999.000,9999.000
202603200130,   1.207,9999.000,9999.000,9999.000,9999.000,9999.000,9999.000,9999.000,9999.000
202603200136,   1.170,9999.000,9999.000,9999.000,9999.000,9999.000,9999.000,9999.000,9999.000
202603200142,   1.133,9999.000,9999.000,9999.000,9999.000,9999.000,9999.000,9999.000,9999.000
202603200148,   1.095,9999.000,9999.000,9999.000,9999.000,9999.000,9999.000,9999.000,9999.000
202603200154,   1.056,9999.000,9999.000,9999.000,9999.000,9999.000,9999.000,9999.000,9999.000
202603200200,   1.018,9999.000,   0.400,9999.000,   1.418,   0.300,   1.318,   0.400,   1.418
202603200206,   0.980,9999.000,9999.000,9999.000,9999.000,9999.000,9999.000,9999.000,9999.000
202603200212,   0.941,9999.000,9999.000,9999.000,9999.000,9999.000,9999.000,9999.000,9999.000
202603200218,   0.903,9999.000,9999.000,9999.000,9999.000,9999.000,9999.000,9999.000,9999.000
202603200224,   0.866,9999.000,9999.000,9999.000,9999.000,9999.000,9999.000,9999.000,9999.000
202603200230,   0.829,9999.000,9999.000,9999.000,9999.000,9999.000,9999.000,9999.000,9999.000
202603200236,   0.792,9999.000,9999.000,9999.000,9999.000,9999.000,9999.000,9999.000,9999.000
202603200242,   0.756,9999.000,9999.000,9999.000,9999.000,9999.000,9999.000,9999.000,9999.000
202603200248,   0.721,9999.000,9999.000,9999.000,9999.000,9999.000,9999.000,9999.000,9999.000
202603200254,   0.686,9999.000,9999.000,9999.000,9999.000,9999.000,9999.000,9999.000,9999.000
202603200300,   0.652,9999.000,   0.400,9999.000,   1.052,   0.300,   0.952,   0.400,   1.052
202603200306,   0.618,9999.000,9999.000,9999.000,9999.000,9999.000,9999.000,9999.000,9999.000
202603200312,   0.585,9999.000,9999.000,9999.000,9999.000,9999.000,9999.000,9999.000,9999.000
202603200318,   0.553,9999.000,9999.000,9999.000,9999.000,9999.000,9999.000,9999.000,9999.000
202603200324,   0.522,9999.000,9999.000,9999.000,9999.000,9999.000,9999.000,9999.000,9999.000
202603200330,   0.490,9999.000,9999.000,9999.000,9999.000,9999.000,9999.000,9999.000,9999.000
202603200336,   0.460,9999.000,9999.000,9999.000,9999.000,9999.000,9999.000,9999.000,9999.000
202603200342,   0.430,9999.000,9999.000,9999.000,9999.000,9999.000,9999.000,9999.000,9999.000
202603200348,   0.400,9999.000,9999.000,9999.000,9999.000,9999.000,9999.000,9999.000,9999.000
202603200354,   0.371,9999.000,9999.000,9999.000,9999.000,9999.000,9999.000,9999.000,9999.000
202603200400,   0.343,9999.000,   0.400,9999.000,   0.743,   0.300,   0.643,   0.400,   0.743
202603200406,   0.315,9999.000,9999.000,9999.000,9999.000,9999.000,9999.000,9999.000,9999.000
202603200412,   0.287,9999.000,9999.000,9999.000,9999.000,9999.000,9999.000,9999.000,9999.000
202603200418,   0.260,9999.000,9999.000,9999.000,9999.000,9999.000,9999.000,9999.000,9999.000
202603200424,   0.234,9999.000,9999.000,9999.000,9999.000,9999.000,9999.000,9999.000,9999.000
202603200430,   0.209,9999.000,9999.000,9999.000,9999.000,9999.000,9999.000,9999.000,9999.000
202603200436,   0.184,9999.000,9999.000,9999.000,9999.000,9999.000,9999.000,9999.000,9999.000
202603200442,   0.160,9999.000,9999.000,9999.000,9999.000,9999.000,9999.000,9999.000,9999.000
202603200448,   0.137,9999.000,9999.000,9999.000,9999.000,9999.000,9999.000,9999.000,9999.000
202603200454,   0.116,9999.000,9999.000,9999.000,9999.000,9999.000,9999.000,9999.000,9999.000
202603200500,   0.096,9999.000,   0.400,9999.000,   0.496,   0.400,   0.496,   0.400,   0.496
202603200506,   0.077,9999.000,9999.000,9999.000,9999.000,9999.000,9999.000,9999.000,9999.000
202603200512,   0.060,9999.000,9999.000,9999.000,9999.000,9999.000,9999.000,9999.000,9999.000
202603200518,   0.045,9999.000,9999.000,9999.000,9999.000,9999.000,9999.000,9999.000,9999.000
202603200524,   0.031,9999.000,9999.000,9999.000,9999.000,9999.000,9999.000,9999.000,9999.000
202603200530,   0.020,9999.000,9999.000,9999.000,9999.000,9999.000,9999.000,9999.000,9999.000
202603200536,   0.011,9999.000,9999.000,9999.000,9999.000,9999.000,9999.000,9999.000,9999.000
202603200542,   0.004,9999.000,9999.000,9999.000,9999.000,9999.000,9999.000,9999.000,9999.000
202603200548,   0.000,9999.000,9999.000,9999.000,9999.000,9999.000,9999.000,9999.000,9999.000
202603200554,  -0.001,9999.000,9999.000,9999.000,9999.000,9999.000,9999.000,9999.000,9999.000
202603200600,   0.000,9999.000,   0.400,9999.000,   0.400,   0.300,   0.300,   0.400,   0.400
202603200606,   0.002,9999.000,9999.000,9999.000,9999.000,9999.000,9999.000,9999.000,9999.000
202603200612,   0.008,9999.000,9999.000,9999.000,9999.000,9999.000,9999.000,9999.000,9999.000
202603200618,   0.017,9999.000,9999.000,9999.000,9999.000,9999.000,9999.000,9999.000,9999.000
202603200624,   0.029,9999.000,9999.000,9999.000,9999.000,9999.000,9999.000,9999.000,9999.000
202603200630,   0.044,9999.000,9999.000,9999.000,9999.000,9999.000,9999.000,9999.000,9999.000
202603200636,   0.061,9999.000,9999.000,9999.000,9999.000,9999.000,9999.000,9999.000,9999.000
202603200642,   0.081,9999.000,9999.000,9999.000,9999.000,9999.000,9999.000,9999.000,9999.000
202603200648,   0.104,9999.000,9999.000,9999.000,9999.000,9999.000,9999.000,9999.000,9999.000
202603200654,   0.129,9999.000,9999.000,9999.000,9999.000,9999.000,9999.000,9999.000,9999.000
202603200700,   0.156,9999.000,   0.400,9999.000,   0.556,   0.300,   0.456,   0.400,   0.556
202603200706,   0.185,9999.000,9999.000,9999.000,9999.000,9999.000,9999.000,9999.000,9999.000
202603200712,   0.217,9999.000,9999.000,9999.000,9999.000,9999.000,9999.000,9999.000,9999.000
202603200718,   0.250,9999.000,9999.000,9999.000,9999.000,9999.000,9999.000,9999.000,9999.000
202603200724,   0.284,9999.000,9999.000,9999.000,9999.000,9999.000,9999.000,9999.000,9999.000
202603200730,   0.320,9999.000,9999.000,9999.000,9999.000,9999.000,9999.000,9999.000,9999.000
202603200736,   0.358,9999.000,9999.000,9999.000,9999.000,9999.000,9999.000,9999.000,9999.000
202603200742,   0.396,9999.000,9999.000,9999.000,9999.000,9999.000,9999.000,9999.000,9999.000
202603200748,   0.435,9999.000,9999.000,9999.000,9999.000,9999.000,9999.000,9999.000,9999.000
202603200754,   0.475,9999.000,9999.000,9999.000,9999.000,9999.000,9999.000,9999.000,9999.000
202603200800,   0.515,9999.000,   0.400,9999.000,   0.915,   0.300,   0.815,   0.400,   0.915
202603200806,   0.556,9999.000,9999.000,9999.000,9999.000,9999.000,9999.000,9999.000,9999.000
202603200812,   0.596,9999.000,9999.000,9999.000,9999.000,9999.000,9999.000,9999.000,9999.000
202603200818,   0.637,9999.000,9999.000,9999.000,9999.000,9999.000,9999.000,9999.000,9999.000
202603200824,   0.677,9999.000,9999.000,9999.000,9999.000,9999.000,9999.000,9999.000,9999.000
202603200830,   0.717,9999.000,9999.000,9999.000,9999.000,9999.000,9999.000,9999.000,9999.000
202603200836,   0.756,9999.000,9999.000,9999.000,9999.000,9999.000,9999.000,9999.000,9999.000
202603200842,   0.795,9999.000,9999.000,9999.000,9999.000,9999.000,9999.000,9999.000,9999.000
202603200848,   0.834,9999.000,9999.000,9999.000,9999.000,9999.000,9999.000,9999.000,9999.000
202603200854,   0.872,9999.000,9999.000,9999.000,9999.000,9999.000,9999.000,9999.000,9999.000
202603200900,   0.909,9999.000,   0.400,9999.000,   1.309,   0.300,   1.209,   0.400,   1.309
202603200906,   0.946,9999.000,9999.000,9999.000,9999.000,9999.000,9999.000,9999.000,9999.000
202603200912,   0.982,9999.000,9999.000,9999.000,9999.000,9999.000,9999.000,9999.000,9999.000
202603200918,   1.017,9999.000,9999.000,9999.000,9999.000,9999.000,9999.000,9999.000,9999.000
202603200924,   1.052,9999.000,9999.000,9999.000,9999.000,9999.000,9999.000,9999.000,9999.000
202603200930,   1.086,9999.000,9999.000,9999.000,9999.000,9999.000,9999.000,9999.000,9999.000
202603200936,   1.120,9999.000,9999.000,9999.000,9999.000,9999.000,9999.000,9999.000,9999.000
202603200942,   1.153,9999.000,9999.000,9999.000,9999.000,9999.000,9999.000,9999.000,9999.000
202603200948,   1.186,9999.000,9999.000,9999.000,9999.000,9999.000,9999.000,9999.000,9999.000
202603200954,   1.218,9999.000,9999.000,9999.000,9999.000,9999.000,9999.000,9999.000,9999.000
202603201000,   1.250,9999.000,   0.400,9999.000,   1.650,   0.300,   1.550,   0.400,   1.650
202603201006,   1.281,9999.000,9999.000,9999.000,9999.000,9999.000,9999.000,9999.000,9999.000
202603201012,   1.312,9999.000,9999.000,9999.000,9999.000,9999.000,9999.000,9999.000,9999.000
202603201018,   1.343,9999.000,9999.000,9999.000,9999.000,9999.000,9999.000,9999.000,9999.000
202603201024,   1.373,9999.000,9999.000,9999.000,9999.000,9999.000,9999.000,9999.000,9999.000
202603201030,   1.402,9999.000,9999.000,9999.000,9999.000,9999.000,9999.000,9999.000,9999.000
202603201036,   1.431,9999.000,9999.000,9999.000,9999.000,9999.000,9999.000,9999.000,9999.000
202603201042,   1.459,9999.000,9999.000,9999.000,9999.000,9999.000,9999.000,9999.000,9999.000
202603201048,   1.487,9999.000,9999.000,9999.000,9999.000,9999.000,9999.000,9999.000,9999.000
202603201054,   1.514,9999.000,9999.000,9999.000,9999.000,9999.000,9999.000,9999.000,9999.000
202603201100,   1.539,9999.000,   0.400,9999.000,   1.939,   0.400,   1.939,   0.400,   1.939
202603201106,   1.564,9999.000,9999.000,9999.000,9999.000,9999.000,9999.000,9999.000,9999.000
202603201112,   1.587,9999.000,9999.000,9999.000,9999.000,9999.000,9999.000,9999.000,9999.000
202603201118,   1.609,9999.000,9999.000,9999.000,9999.000,9999.000,9999.000,9999.000,9999.000
202603201124,   1.630,9999.000,9999.000,9999.000,9999.000,9999.000,9999.000,9999.000,9999.000
202603201130,   1.648,9999.000,9999.000,9999.000,9999.000,9999.000,9999.000,9999.000,9999.000
202603201136,   1.665,9999.000,9999.000,9999.000,9999.000,9999.000,9999.000,9999.000,9999.000
202603201142,   1.680,9999.000,9999.000,9999.000,9999.000,9999.000,9999.000,9999.000,9999.000
202603201148,   1.693,9999.000,9999.000,9999.000,9999.000,9999.000,9999.000,9999.000,9999.000
202603201154,   1.703,9999.000,9999.000,9999.000,9999.000,9999.000,9999.000,9999.000,9999.000
202603201200,   1.711,9999.000,   0.300,9999.000,   2.011,   0.300,   2.011,   0.300,   2.011
202603201206,   1.716,9999.000,9999.000,9999.000,9999.000,9999.000,9999.000,9999.000,9999.000
202603201212,   1.719,9999.000,9999.000,9999.000,9999.000,9999.000,9999.000,9999.000,9999.000
202603201218,   1.719,9999.000,9999.000,9999.000,9999.000,9999.000,9999.000,9999.000,9999.000
202603201224,   1.716,9999.000,9999.000,9999.000,9999.000,9999.000,9999.000,9999.000,9999.000
202603201230,   1.710,9999.000,9999.000,9999.000,9999.000,9999.000,9999.000,9999.000,9999.000
202603201236,   1.701,9999.000,9999.000,9999.000,9999.000,9999.000,9999.000,9999.000,9999.000
202603201242,   1.690,9999.000,9999.000,9999.000,9999.000,9999.000,9999.000,9999.000,9999.000
202603201248,   1.676,9999.000,9999.000,9999.000,9999.000,9999.000,9999.000,9999.000,9999.000
202603201254,   1.659,9999.000,9999.000,9999.000,9999.000,9999.000,9999.000,9999.000,9999.000
202603201300,   1.639,9999.000,   0.300,9999.000,   1.939,   0.300,   1.939,   0.300,   1.939
202603201306,   1.617,9999.000,9999.000,9999.000,9999.000,9999.000,9999.000,9999.000,9999.000
202603201312,   1.592,9999.000,9999.000,9999.000,9999.000,9999.000,9999.000,9999.000,9999.000
202603201318,   1.565,9999.000,9999.000,9999.000,9999.000,9999.000,9999.000,9999.000,9999.000
202603201324,   1.536,9999.000,9999.000,9999.000,9999.000,9999.000,9999.000,9999.000,9999.000
202603201330,   1.504,9999.000,9999.000,9999.000,9999.000,9999.000,9999.000,9999.000,9999.000
202603201336,   1.471,9999.000,9999.000,9999.000,9999.000,9999.000,9999.000,9999.000,9999.000
202603201342,   1.437,9999.000,9999.000,9999.000,9999.000,9999.000,9999.000,9999.000,9999.000
202603201348,   1.401,9999.000,9999.000,9999.000,9999.000,9999.000,9999.000,9999.000,9999.000
202603201354,   1.363,9999.000,9999.000,9999.000,9999.000,9999.000,9999.000,9999.000,9999.000
202603201400,   1.325,9999.000,   0.300,9999.000,   1.625,   0.300,   1.625,   0.400,   1.725
202603201406,   1.286,9999.000,9999.000,9999.000,9999.000,9999.000,9999.000,9999.000,9999.000
202603201412,   1.246,9999.000,9999.000,9999.000,9999.000,9999.000,9999.000,9999.000,9999.000
202603201418,   1.206,9999.000,9999.000,9999.000,9999.000,9999.000,9999.000,9999.000,9999.000
202603201424,   1.165,9999.000,9999.000,9999.000,9999.000,9999.000,9999.000,9999.000,9999.000
202603201430,   1.124,9999.000,9999.000,9999.000,9999.000,9999.000,9999.000,9999.000,9999.000
202603201436,   1.083,9999.000,9999.000,9999.000,9999.000,9999.000,9999.000,9999.000,9999.000
202603201442,   1.042,9999.000,9999.000,9999.000,9999.000,9999.000,9999.000,9999.000,9999.000
202603201448,   1.001,9999.000,9999.000,9999.000,9999.000,9999.000,9999.000,9999.000,9999.000
202603201454,   0.961,9999.000,9999.000,9999.000,9999.000,9999.000,9999.000,9999.000,9999.000
202603201500,   0.921,9999.000,   0.300,9999.000,   1.221,   0.300,   1.221,   0.400,   1.321
202603201506,   0.881,9999.000,9999.000,9999.000,9999.000,9999.000,9999.000,9999.000,9999.000
202603201512,   0.841,9999.000,9999.000,9999.000,9999.000,9999.000,9999.000,9999.000,9999.000
202603201518,   0.802,9999.000,9999.000,9999.000,9999.000,9999.000,9999.000,9999.000,9999.000
202603201524,   0.764,9999.000,9999.000,9999.000,9999.000,9999.000,9999.000,9999.000,9999.000
202603201530,   0.725,9999.000,9999.000,9999.000,9999.000,9999.000,9999.000,9999.000,9999.000
202603201536,   0.688,9999.000,9999.000,9999.000,9999.000,9999.000,9999.000,9999.000,9999.000
202603201542,   0.650,9999.000,9999.000,9999.000,9999.000,9999.000,9999.000,9999.000,9999.000
202603201548,   0.613,9999.000,9999.000,9999.000,9999.000,9999.000,9999.000,9999.000,9999.000
202603201554,   0.576,9999.000,9999.000,9999.000,9999.000,9999.000,9999.000,9999.000,9999.000
202603201600,   0.540,9999.000,   0.400,9999.000,   0.940,   0.300,   0.840,   0.400,   0.940
202603201606,   0.503,9999.000,9999.000,9999.000,9999.000,9999.000,9999.000,9999.000,9999.000
202603201612,   0.468,9999.000,9999.000,9999.000,9999.000,9999.000,9999.000,9999.000,9999.000
202603201618,   0.432,9999.000,9999.000,9999.000,9999.000,9999.000,9999.000,9999.000,9999.000
202603201624,   0.397,9999.000,9999.000,9999.000,9999.000,9999.000,9999.000,9999.000,9999.000
202603201630,   0.362,9999.000,9999.000,9999.000,9999.000,9999.000,9999.000,9999.000,9999.000
202603201636,   0.327,9999.000,9999.000,9999.000,9999.000,9999.000,9999.000,9999.000,9999.000
202603201642,   0.293,9999.000,9999.000,9999.000,9999.000,9999.000,9999.000,9999.000,9999.000
202603201648,   0.259,9999.000,9999.000,9999.000,9999.000,9999.000,9999.000,9999.000,9999.000
202603201654,   0.226,9999.000,9999.000,9999.000,9999.000,9999.000,9999.000,9999.000,9999.000
202603201700,   0.194,9999.000,   0.400,9999.000,   0.594,   0.300,   0.494,   0.400,   0.594
202603201706,   0.162,9999.000,9999.000,9999.000,9999.000,9999.000,9999.000,9999.000,9999.000
202603201712,   0.132,9999.000,9999.000,9999.000,9999.000,9999.000,9999.000,9999.000,9999.000
202603201718,   0.102,9999.000,9999.000,9999.000,9999.000,9999.000,9999.000,9999.000,9999.000
202603201724,   0.074,9999.000,9999.000,9999.000,9999.000,9999.000,9999.000,9999.000,9999.000
202603201730,   0.047,9999.000,9999.000,9999.000,9999.000,9999.000,9999.000,9999.000,9999.000
202603201736,   0.022,9999.000,9999.000,9999.000,9999.000,9999.000,9999.000,9999.000,9999.000
202603201742,  -0.001,9999.000,9999.000,9999.000,9999.000,9999.000,9999.000,9999.000,9999.000
202603201748,  -0.023,9999.000,9999.000,9999.000,9999.000,9999.000,9999.000,9999.000,9999.000
202603201754,  -0.042,9999.000,9999.000,9999.000,9999.000,9999.000,9999.000,9999.000,9999.000
202603201800,  -0.060,9999.000,   0.400,9999.000,   0.340,   0.400,   0.340,   0.400,   0.340
202603201806,  -0.075,9999.000,9999.000,9999.000,9999.000,9999.000,9999.000,9999.000,9999.000
202603201812,  -0.087,9999.000,9999.000,9999.000,9999.000,9999.000,9999.000,9999.000,9999.000
202603201818,  -0.097,9999.000,9999.000,9999.000,9999.000,9999.000,9999.000,9999.000,9999.000
202603201824,  -0.104,9999.000,9999.000,9999.000,9999.000,9999.000,9999.000,9999.000,9999.000
202603201830,  -0.108,9999.000,9999.000,9999.000,9999.000,9999.000,9999.000,9999.000,9999.000
202603201836,  -0.109,9999.000,9999.000,9999.000,9999.000,9999.000,9999.000,9999.000,9999.000
202603201842,  -0.107,9999.000,9999.000,9999.000,9999.000,9999.000,9999.000,9999.000,9999.000
202603201848,  -0.102,9999.000,9999.000,9999.000,9999.000,9999.000,9999.000,9999.000,9999.000
202603201854,  -0.095,9999.000,9999.000,9999.000,9999.000,9999.000,9999.000,9999.000,9999.000
202603201900,  -0.084,9999.000,   0.400,9999.000,   0.316,   0.400,   0.316,   0.400,   0.316
202603201906,  -0.070,9999.000,9999.000,9999.000,9999.000,9999.000,9999.000,9999.000,9999.000
202603201912,  -0.054,9999.000,9999.000,9999.000,9999.000,9999.000,9999.000,9999.000,9999.000
202603201918,  -0.035,9999.000,9999.000,9999.000,9999.000,9999.000,9999.000,9999.000,9999.000
202603201924,  -0.013,9999.000,9999.000,9999.000,9999.000,9999.000,9999.000,9999.000,9999.000
202603201930,   0.010,9999.000,9999.000,9999.000,9999.000,9999.000,9999.000,9999.000,9999.000
202603201936,   0.037,9999.000,9999.000,9999.000,9999.000,9999.000,9999.000,9999.000,9999.000
202603201942,   0.065,9999.000,9999.000,9999.000,9999.000,9999.000,9999.000,9999.000,9999.000
202603201948,   0.096,9999.000,9999.000,9999.000,9999.000,9999.000,9999.000,9999.000,9999.000
202603201954,   0.128,9999.000,9999.000,9999.000,9999.000,9999.000,9999.000,9999.000,9999.000
202603202000,   0.162,9999.000,   0.400,9999.000,   0.562,   0.400,   0.562,   0.400,   0.562
202603202006,   0.197,9999.000,9999.000,9999.000,9999.000,9999.000,9999.000,9999.000,9999.000
202603202012,   0.233,9999.000,9999.000,9999.000,9999.000,9999.000,9999.000,9999.000,9999.000
202603202018,   0.271,9999.000,9999.000,9999.000,9999.000,9999.000,9999.000,9999.000,9999.000
202603202024,   0.309,9999.000,9999.000,9999.000,9999.000,9999.000,9999.000,9999.000,9999.000
202603202030,   0.347,9999.000,9999.000,9999.000,9999.000,9999.000,9999.000,9999.000,9999.000
202603202036,   0.386,9999.000,9999.000,9999.000,9999.000,9999.000,9999.000,9999.000,9999.000
202603202042,   0.426,9999.000,9999.000,9999.000,9999.000,9999.000,9999.000,9999.000,9999.000
202603202048,   0.465,9999.000,9999.000,9999.000,9999.000,9999.000,9999.000,9999.000,9999.000
202603202054,   0.504,9999.000,9999.000,9999.000,9999.000,9999.000,9999.000,9999.000,9999.000
202603202100,   0.544,9999.000,   0.400,9999.000,   0.944,   0.400,   0.944,   0.400,   0.944
202603202106,   0.583,9999.000,9999.000,9999.000,9999.000,9999.000,9999.000,9999.000,9999.000
202603202112,   0.621,9999.000,9999.000,9999.000,9999.000,9999.000,9999.000,9999.000,9999.000
202603202118,   0.659,9999.000,9999.000,9999.000,9999.000,9999.000,9999.000,9999.000,9999.000
202603202124,   0.697,9999.000,9999.000,9999.000,9999.000,9999.000,9999.000,9999.000,9999.000
202603202130,   0.735,9999.000,9999.000,9999.000,9999.000,9999.000,9999.000,9999.000,9999.000
202603202136,   0.771,9999.000,9999.000,9999.000,9999.000,9999.000,9999.000,9999.000,9999.000
202603202142,   0.808,9999.000,9999.000,9999.000,9999.000,9999.000,9999.000,9999.000,9999.000
202603202148,   0.844,9999.000,9999.000,9999.000,9999.000,9999.000,9999.000,9999.000,9999.000
202603202154,   0.879,9999.000,9999.000,9999.000,9999.000,9999.000,9999.000,9999.000,9999.000
202603202200,   0.914,9999.000,   0.400,9999.000,   1.314,   0.400,   1.314,   0.500,   1.414
202603202206,   0.949,9999.000,9999.000,9999.000,9999.000,9999.000,9999.000,9999.000,9999.000
202603202212,   0.983,9999.000,9999.000,9999.000,9999.000,9999.000,9999.000,9999.000,9999.000
202603202218,   1.017,9999.000,9999.000,9999.000,9999.000,9999.000,9999.000,9999.000,9999.000
202603202224,   1.050,9999.000,9999.000,9999.000,9999.000,9999.000,9999.000,9999.000,9999.000
202603202230,   1.083,9999.000,9999.000,9999.000,9999.000,9999.000,9999.000,9999.000,9999.000
202603202236,   1.115,9999.000,9999.000,9999.000,9999.000,9999.000,9999.000,9999.000,9999.000
202603202242,   1.147,9999.000,9999.000,9999.000,9999.000,9999.000,9999.000,9999.000,9999.000
202603202248,   1.178,9999.000,9999.000,9999.000,9999.000,9999.000,9999.000,9999.000,9999.000
202603202254,   1.209,9999.000,9999.000,9999.000,9999.000,9999.000,9999.000,9999.000,9999.000
202603202300,   1.239,9999.000,   0.500,9999.000,   1.739,   0.400,   1.639,   0.500,   1.739
202603202306,   1.269,9999.000,9999.000,9999.000,9999.000,9999.000,9999.000,9999.000,9999.000
202603202312,   1.297,9999.000,9999.000,9999.000,9999.000,9999.000,9999.000,9999.000,9999.000
202603202318,   1.325,9999.000,9999.000,9999.000,9999.000,9999.000,9999.000,9999.000,9999.000
202603202324,   1.352,9999.000,9999.000,9999.000,9999.000,9999.000,9999.000,9999.000,9999.000
202603202330,   1.377,9999.000,9999.000,9999.000,9999.000,9999.000,9999.000,9999.000,9999.000
202603202336,   1.401,9999.000,9999.000,9999.000,9999.000,9999.000,9999.000,9999.000,9999.000
202603202342,   1.424,9999.000,9999.000,9999.000,9999.000,9999.000,9999.000,9999.000,9999.000
202603202348,   1.445,9999.000,9999.000,9999.000,9999.000,9999.000,9999.000,9999.000,9999.000
202603202354,   1.464,9999.000,9999.000,9999.000,9999.000,9999.000,9999.000,9999.000,9999.000
202603210000,   1.481,9999.000,   0.500,9999.000,   1.981,   0.400,   1.881,   0.500,   1.981
202603210006,   1.496,9999.000,9999.000,9999.000,9999.000,9999.000,9999.000,9999.000,9999.000
202603210012,   1.509,9999.000,9999.000,9999.000,9999.000,9999.000,9999.000,9999.000,9999.000
202603210018,   1.519,9999.000,9999.000,9999.000,9999.000,9999.000,9999.000,9999.000,9999.000
202603210024,   1.527,9999.000,9999.000,9999.000,9999.000,9999.000,9999.000,9999.000,9999.000
202603210030,   1.532,9999.000,9999.000,9999.000,9999.000,9999.000,9999.000,9999.000,9999.000
202603210036,   1.534,9999.000,9999.000,9999.000,9999.000,9999.000,9999.000,9999.000,9999.000
202603210042,   1.534,9999.000,9999.000,9999.000,9999.000,9999.000,9999.000,9999.000,9999.000
202603210048,   1.530,9999.000,9999.000,9999.000,9999.000,9999.000,9999.000,9999.000,9999.000
202603210054,   1.524,9999.000,9999.000,9999.000,9999.000,9999.000,9999.000,9999.000,9999.000
202603210100,   1.515,9999.000,   0.500,9999.000,   2.015,   0.400,   1.915,   0.500,   2.015
202603210106,   1.503,9999.000,9999.000,9999.000,9999.000,9999.000,9999.000,9999.000,9999.000
202603210112,   1.487,9999.000,9999.000,9999.000,9999.000,9999.000,9999.000,9999.000,9999.000
202603210118,   1.470,9999.000,9999.000,9999.000,9999.000,9999.000,9999.000,9999.000,9999.000
202603210124,   1.449,9999.000,9999.000,9999.000,9999.000,9999.000,9999.000,9999.000,9999.000
202603210130,   1.426,9999.000,9999.000,9999.000,9999.000,9999.000,9999.000,9999.000,9999.000
202603210136,   1.400,9999.000,9999.000,9999.000,9999.000,9999.000,9999.000,9999.000,9999.000
202603210142,   1.372,9999.000,9999.000,9999.000,9999.000,9999.000,9999.000,9999.000,9999.000
202603210148,   1.342,9999.000,9999.000,9999.000,9999.000,9999.000,9999.000,9999.000,9999.000
202603210154,   1.310,9999.000,9999.000,9999.000,9999.000,9999.000,9999.000,9999.000,9999.000
202603210200,   1.277,9999.000,   0.500,9999.000,   1.777,   0.400,   1.677,   0.500,   1.777
202603210206,   1.241,9999.000,9999.000,9999.000,9999.000,9999.000,9999.000,9999.000,9999.000
202603210212,   1.205,9999.000,9999.000,9999.000,9999.000,9999.000,9999.000,9999.000,9999.000
202603210218,   1.167,9999.000,9999.000,9999.000,9999.000,9999.000,9999.000,9999.000,9999.000
202603210224,   1.128,9999.000,9999.000,9999.000,9999.000,9999.000,9999.000,9999.000,9999.000
202603210230,   1.089,9999.000,9999.000,9999.000,9999.000,9999.000,9999.000,9999.000,9999.000
202603210236,   1.049,9999.000,9999.000,9999.000,9999.000,9999.000,9999.000,9999.000,9999.000
202603210242,   1.009,9999.000,9999.000,9999.000,9999.000,9999.000,9999.000,9999.000,9999.000
202603210248,   0.969,9999.000,9999.000,9999.000,9999.000,9999.000,9999.000,9999.000,9999.000
202603210254,   0.929,9999.000,9999.000,9999.000,9999.000,9999.000,9999.000,9999.000,9999.000
202603210300,   0.889,9999.000,   0.500,9999.000,   1.389,   0.400,   1.289,   0.500,   1.389
202603210306,   0.849,9999.000,9999.000,9999.000,9999.000,9999.000,9999.000,9999.000,9999.000
202603210312,   0.810,9999.000,9999.000,9999.000,9999.000,9999.000,9999.000,9999.000,9999.000
202603210318,   0.771,9999.000,9999.000,9999.000,9999.000,9999.000,9999.000,9999.000,9999.000
202603210324,   0.733,9999.000,9999.000,9999.000,9999.000,9999.000,9999.000,9999.000,9999.000
202603210330,   0.696,9999.000,9999.000,9999.000,9999.000,9999.000,9999.000,9999.000,9999.000
202603210336,   0.660,9999.000,9999.000,9999.000,9999.000,9999.000,9999.000,9999.000,9999.000
202603210342,   0.624,9999.000,9999.000,9999.000,9999.000,9999.000,9999.000,9999.000,9999.000
202603210348,   0.589,9999.000,9999.000,9999.000,9999.000,9999.000,9999.000,9999.000,9999.000
202603210354,   0.555,9999.000,9999.000,9999.000,9999.000,9999.000,9999.000,9999.000,9999.000
202603210400,   0.521,9999.000,   0.500,9999.000,   1.021,   0.400,   0.921,   0.500,   1.021
202603210406,   0.489,9999.000,9999.000,9999.000,9999.000,9999.000,9999.000,9999.000,9999.000
202603210412,   0.457,9999.000,9999.000,9999.000,9999.000,9999.000,9999.000,9999.000,9999.000
202603210418,   0.426,9999.000,9999.000,9999.000,9999.000,9999.000,9999.000,9999.000,9999.000
202603210424,   0.395,9999.000,9999.000,9999.000,9999.000,9999.000,9999.000,9999.000,9999.000
202603210430,   0.365,9999.000,9999.000,9999.000,9999.000,9999.000,9999.000,9999.000,9999.000
202603210436,   0.336,9999.000,9999.000,9999.000,9999.000,9999.000,9999.000,9999.000,9999.000
202603210442,   0.308,9999.000,9999.000,9999.000,9999.000,9999.000,9999.000,9999.000,9999.000
202603210448,   0.280,9999.000,9999.000,9999.000,9999.000,9999.000,9999.000,9999.000,9999.000
202603210454,   0.253,9999.000,9999.000,9999.000,9999.000,9999.000,9999.000,9999.000,9999.000
202603210500,   0.227,9999.000,   0.500,9999.000,   0.727,   0.400,   0.627,   0.500,   0.727
202603210506,   0.201,9999.000,9999.000,9999.000,9999.000,9999.000,9999.000,9999.000,9999.000
202603210512,   0.176,9999.000,9999.000,9999.000,9999.000,9999.000,9999.000,9999.000,9999.000
202603210518,   0.152,9999.000,9999.000,9999.000,9999.000,9999.000,9999.000,9999.000,9999.000
202603210524,   0.129,9999.000,9999.000,9999.000,9999.000,9999.000,9999.000,9999.000,9999.000
202603210530,   0.107,9999.000,9999.000,9999.000,9999.000,9999.000,9999.000,9999.000,9999.000
202603210536,   0.086,9999.000,9999.000,9999.000,9999.000,9999.000,9999.000,9999.000,9999.000
202603210542,   0.066,9999.000,9999.000,9999.000,9999.000,9999.000,9999.000,9999.000,9999.000
202603210548,   0.048,9999.000,9999.000,9999.000,9999.000,9999.000,9999.000,9999.000,9999.000
202603210554,   0.031,9999.000,9999.000,9999.000,9999.000,9999.000,9999.000,9999.000,9999.000
202603210600,   0.016,9999.000,   0.500,9999.000,   0.516,   0.400,   0.416,   0.500,   0.516
202603210606,   0.002,9999.000,9999.000,9999.000,9999.000,9999.000,9999.000,9999.000,9999.000
202603210612,  -0.008,9999.000,9999.000,9999.000,9999.000,9999.000,9999.000,9999.000,9999.000
202603210618,  -0.017,9999.000,9999.000,9999.000,9999.000,9999.000,9999.000,9999.000,9999.000
202603210624,  -0.025,9999.000,9999.000,9999.000,9999.000,9999.000,9999.000,9999.000,9999.000
202603210630,  -0.029,9999.000,9999.000,9999.000,9999.000,9999.000,9999.000,9999.000,9999.000
202603210636,  -0.032,9999.000,9999.000,9999.000,9999.000,9999.000,9999.000,9999.000,9999.000
202603210642,  -0.031,9999.000,9999.000,9999.000,9999.000,9999.000,9999.000,9999.000,9999.000
202603210648,  -0.028,9999.000,9999.000,9999.000,9999.000,9999.000,9999.000,9999.000,9999.000
202603210654,  -0.023,9999.000,9999.000,9999.000,9999.000,9999.000,9999.000,9999.000,9999.000
202603210700,  -0.014,9999.000,   0.500,9999.000,   0.486,   0.400,   0.386,   0.600,   0.586
202603210706,  -0.003,9999.000,9999.000,9999.000,9999.000,9999.000,9999.000,9999.000,9999.000
202603210712,   0.010,9999.000,9999.000,9999.000,9999.000,9999.000,9999.000,9999.000,9999.000
202603210718,   0.027,9999.000,9999.000,9999.000,9999.000,9999.000,9999.000,9999.000,9999.000
202603210724,   0.046,9999.000,9999.000,9999.000,9999.000,9999.000,9999.000,9999.000,9999.000
202603210730,   0.069,9999.000,9999.000,9999.000,9999.000,9999.000,9999.000,9999.000,9999.000
202603210736,   0.093,9999.000,9999.000,9999.000,9999.000,9999.000,9999.000,9999.000,9999.000
202603210742,   0.120,9999.000,9999.000,9999.000,9999.000,9999.000,9999.000,9999.000,9999.000
202603210748,   0.150,9999.000,9999.000,9999.000,9999.000,9999.000,9999.000,9999.000,9999.000
202603210754,   0.181,9999.000,9999.000,9999.000,9999.000,9999.000,9999.000,9999.000,9999.000
202603210800,   0.215,9999.000,   0.500,9999.000,   0.715,   0.400,   0.615,   0.600,   0.815
202603210806,   0.250,9999.000,9999.000,9999.000,9999.000,9999.000,9999.000,9999.000,9999.000
202603210812,   0.287,9999.000,9999.000,9999.000,9999.000,9999.000,9999.000,9999.000,9999.000
202603210818,   0.326,9999.000,9999.000,9999.000,9999.000,9999.000,9999.000,9999.000,9999.000
202603210824,   0.365,9999.000,9999.000,9999.000,9999.000,9999.000,9999.000,9999.000,9999.000
202603210830,   0.406,9999.000,9999.000,9999.000,9999.000,9999.000,9999.000,9999.000,9999.000
202603210836,   0.447,9999.000,9999.000,9999.000,9999.000,9999.000,9999.000,9999.000,9999.000
202603210842,   0.489,9999.000,9999.000,9999.000,9999.000,9999.000,9999.000,9999.000,9999.000
202603210848,   0.531,9999.000,9999.000,9999.000,9999.000,9999.000,9999.000,9999.000,9999.000
202603210854,   0.574,9999.000,9999.000,9999.000,9999.000,9999.000,9999.000,9999.000,9999.000
202603210900,   0.616,9999.000,   0.500,9999.000,   1.116,   0.400,   1.016,   0.600,   1.216
202603210906,   0.658,9999.000,9999.000,9999.000,9999.000,9999.000,9999.000,9999.000,9999.000
202603210912,   0.700,9999.000,9999.000,9999.000,9999.000,9999.000,9999.000,9999.000,9999.000
202603210918,   0.742,9999.000,9999.000,9999.000,9999.000,9999.000,9999.000,9999.000,9999.000
202603210924,   0.783,9999.000,9999.000,9999.000,9999.000,9999.000,9999.000,9999.000,9999.000
202603210930,   0.824,9999.000,9999.000,9999.000,9999.000,9999.000,9999.000,9999.000,9999.000
202603210936,   0.863,9999.000,9999.000,9999.000,9999.000,9999.000,9999.000,9999.000,9999.000
202603210942,   0.902,9999.000,9999.000,9999.000,9999.000,9999.000,9999.000,9999.000,9999.000
202603210948,   0.941,9999.000,9999.000,9999.000,9999.000,9999.000,9999.000,9999.000,9999.000
202603210954,   0.978,9999.000,9999.000,9999.000,9999.000,9999.000,9999.000,9999.000,9999.000
202603211000,   1.015,9999.000,   0.500,9999.000,   1.515,   0.400,   1.415,   0.600,   1.615
202603211006,   1.051,9999.000,9999.000,9999.000,9999.000,9999.000,9999.000,9999.000,9999.000
202603211012,   1.086,9999.000,9999.000,9999.000,9999.000,9999.000,9999.000,9999.000,9999.000
202603211018,   1.121,9999.000,9999.000,9999.000,9999.000,9999.000,9999.000,9999.000,9999.000
202603211024,   1.154,9999.000,9999.000,9999.000,9999.000,9999.000,9999.000,9999.000,9999.000
202603211030,   1.187,9999.000,9999.000,9999.000,9999.000,9999.000,9999.000,9999.000,9999.000
202603211036,   1.220,9999.000,9999.000,9999.000,9999.000,9999.000,9999.000,9999.000,9999.000
202603211042,   1.252,9999.000,9999.000,9999.000,9999.000,9999.000,9999.000,9999.000,9999.000
202603211048,   1.283,9999.000,9999.000,9999.000,9999.000,9999.000,9999.000,9999.000,9999.000
202603211054,   1.313,9999.000,9999.000,9999.000,9999.000,9999.000,9999.000,9999.000,9999.000
202603211100,   1.343,9999.000,   0.500,9999.000,   1.843,   0.400,   1.743,   0.600,   1.943
202603211106,   1.373,9999.000,9999.000,9999.000,9999.000,9999.000,9999.000,9999.000,9999.000
202603211112,   1.402,9999.000,9999.000,9999.000,9999.000,9999.000,9999.000,9999.000,9999.000
202603211118,   1.430,9999.000,9999.000,9999.000,9999.000,9999.000,9999.000,9999.000,9999.000
202603211124,   1.458,9999.000,9999.000,9999.000,9999.000,9999.000,9999.000,9999.000,9999.000
202603211130,   1.485,9999.000,9999.000,9999.000,9999.000,9999.000,9999.000,9999.000,9999.000
202603211136,   1.511,9999.000,9999.000,9999.000,9999.000,9999.000,9999.000,9999.000,9999.000
202603211142,   1.536,9999.000,9999.000,9999.000,9999.000,9999.000,9999.000,9999.000,9999.000
202603211148,   1.561,9999.000,9999.000,9999.000,9999.000,9999.000,9999.000,9999.000,9999.000
202603211154,   1.584,9999.000,9999.000,9999.000,9999.000,9999.000,9999.000,9999.000,9999.000
202603211200,   1.606,9999.000,   0.500,9999.000,   2.106,   0.400,   2.006,   0.600,   2.206
202603211206,   1.626,9999.000,9999.000,9999.000,9999.000,9999.000,9999.000,9999.000,9999.000
202603211212,   1.645,9999.000,9999.000,9999.000,9999.000,9999.000,9999.000,9999.000,9999.000
202603211218,   1.662,9999.000,9999.000,9999.000,9999.000,9999.000,9999.000,9999.000,9999.000
202603211224,   1.678,9999.000,9999.000,9999.000,9999.000,9999.000,9999.000,9999.000,9999.000
202603211230,   1.691,9999.000,9999.000,9999.000,9999.000,9999.000,9999.000,9999.000,9999.000
202603211236,   1.703,9999.000,9999.000,9999.000,9999.000,9999.000,9999.000,9999.000,9999.000
202603211242,   1.712,9999.000,9999.000,9999.000,9999.000,9999.000,9999.000,9999.000,9999.000
202603211248,   1.718,9999.000,9999.000,9999.000,9999.000,9999.000,9999.000,9999.000,9999.000
202603211254,   1.722,9999.000,9999.000,9999.000,9999.000,9999.000,9999.000,9999.000,9999.000
202603211300,   1.724,9999.000,   0.500,9999.000,   2.224,   0.400,   2.124,   0.600,   2.324
202603211306,   1.723,9999.000,9999.000,9999.000,9999.000,9999.000,9999.000,9999.000,9999.000
202603211312,   1.719,9999.000,9999.000,9999.000,9999.000,9999.000,9999.000,9999.000,9999.000
202603211318,   1.712,9999.000,9999.000,9999.000,9999.000,9999.000,9999.000,9999.000,9999.000
202603211324,   1.703,9999.000,9999.000,9999.000,9999.000,9999.000,9999.000,9999.000,9999.000
202603211330,   1.691,9999.000,9999.000,9999.000,9999.000,9999.000,9999.000,9999.000,9999.000
202603211336,   1.675,9999.000,9999.000,9999.000,9999.000,9999.000,9999.000,9999.000,9999.000
202603211342,   1.658,9999.000,9999.000,9999.000,9999.000,9999.000,9999.000,9999.000,9999.000
202603211348,   1.637,9999.000,9999.000,9999.000,9999.000,9999.000,9999.000,9999.000,9999.000
202603211354,   1.614,9999.000,9999.000,9999.000,9999.000,9999.000,9999.000,9999.000,9999.000
202603211400,   1.589,9999.000,   0.500,9999.000,   2.089,   0.400,   1.989,   0.600,   2.189
202603211406,   1.561,9999.000,9999.000,9999.000,9999.000,9999.000,9999.000,9999.000,9999.000
202603211412,   1.532,9999.000,9999.000,9999.000,9999.000,9999.000,9999.000,9999.000,9999.000
202603211418,   1.500,9999.000,9999.000,9999.000,9999.000,9999.000,9999.000,9999.000,9999.000
202603211424,   1.466,9999.000,9999.000,9999.000,9999.000,9999.000,9999.000,9999.000,9999.000
202603211430,   1.431,9999.000,9999.000,9999.000,9999.000,9999.000,9999.000,9999.000,9999.000
202603211436,   1.395,9999.000,9999.000,9999.000,9999.000,9999.000,9999.000,9999.000,9999.000
202603211442,   1.357,9999.000,9999.000,9999.000,9999.000,9999.000,9999.000,9999.000,9999.000
202603211448,   1.318,9999.000,9999.000,9999.000,9999.000,9999.000,9999.000,9999.000,9999.000
202603211454,   1.279,9999.000,9999.000,9999.000,9999.000,9999.000,9999.000,9999.000,9999.000
202603211500,   1.238,9999.000,   0.500,9999.000,   1.738,   0.400,   1.638,   0.600,   1.838
202603211506,   1.198,9999.000,9999.000,9999.000,9999.000,9999.000,9999.000,9999.000,9999.000
202603211512,   1.157,9999.000,9999.000,9999.000,9999.000,9999.000,9999.000,9999.000,9999.000
202603211518,   1.116,9999.000,9999.000,9999.000,9999.000,9999.000,9999.000,9999.000,9999.000
202603211524,   1.075,9999.000,9999.000,9999.000,9999.000,9999.000,9999.000,9999.000,9999.000
202603211530,   1.034,9999.000,9999.000,9999.000,9999.000,9999.000,9999.000,9999.000,9999.000
202603211536,   0.993,9999.000,9999.000,9999.000,9999.000,9999.000,9999.000,9999.000,9999.000
202603211542,   0.953,9999.000,9999.000,9999.000,9999.000,9999.000,9999.000,9999.000,9999.000
202603211548,   0.913,9999.000,9999.000,9999.000,9999.000,9999.000,9999.000,9999.000,9999.000
202603211554,   0.873,9999.000,9999.000,9999.000,9999.000,9999.000,9999.000,9999.000,9999.000
202603211600,   0.834,9999.000,   0.500,9999.000,   1.334,   0.400,   1.234,   0.600,   1.434
202603211606,   0.795,9999.000,9999.000,9999.000,9999.000,9999.000,9999.000,9999.000,9999.000
202603211612,   0.757,9999.000,9999.000,9999.000,9999.000,9999.000,9999.000,9999.000,9999.000
202603211618,   0.720,9999.000,9999.000,9999.000,9999.000,9999.000,9999.000,9999.000,9999.000
202603211624,   0.683,9999.000,9999.000,9999.000,9999.000,9999.000,9999.000,9999.000,9999.000
202603211630,   0.646,9999.000,9999.000,9999.000,9999.000,9999.000,9999.000,9999.000,9999.000
202603211636,   0.610,9999.000,9999.000,9999.000,9999.000,9999.000,9999.000,9999.000,9999.000
202603211642,   0.574,9999.000,9999.000,9999.000,9999.000,9999.000,9999.000,9999.000,9999.000
202603211648,   0.539,9999.000,9999.000,9999.000,9999.000,9999.000,9999.000,9999.000,9999.000
202603211654,   0.503,9999.000,9999.000,9999.000,9999.000,9999.000,9999.000,9999.000,9999.000
202603211700,   0.469,9999.000,   0.500,9999.000,   0.969,   0.400,   0.869,   0.600,   1.069
202603211706,   0.434,9999.000,9999.000,9999.000,9999.000,9999.000,9999.000,9999.000,9999.000
202603211712,   0.400,9999.000,9999.000,9999.000,9999.000,9999.000,9999.000,9999.000,9999.000
202603211718,   0.367,9999.000,9999.000,9999.000,9999.000,9999.000,9999.000,9999.000,9999.000
202603211724,   0.333,9999.000,9999.000,9999.000,9999.000,9999.000,9999.000,9999.000,9999.000
202603211730,   0.301,9999.000,9999.000,9999.000,9999.000,9999.000,9999.000,9999.000,9999.000
202603211736,   0.268,9999.000,9999.000,9999.000,9999.000,9999.000,9999.000,9999.000,9999.000
202603211742,   0.237,9999.000,9999.000,9999.000,9999.000,9999.000,9999.000,9999.000,9999.000
202603211748,   0.205,9999.000,9999.000,9999.000,9999.000,9999.000,9999.000,9999.000,9999.000
202603211754,   0.175,9999.000,9999.000,9999.000,9999.000,9999.000,9999.000,9999.000,9999.000
202603211800,   0.146,9999.000,   0.500,9999.000,   0.646,   0.400,   0.546,   0.600,   0.746
202603211806,   0.117,9999.000,9999.000,9999.000,9999.000,9999.000,9999.000,9999.000,9999.000
202603211812,   0.090,9999.000,9999.000,9999.000,9999.000,9999.000,9999.000,9999.000,9999.000
202603211818,   0.064,9999.000,9999.000,9999.000,9999.000,9999.000,9999.000,9999.000,9999.000
202603211824,   0.039,9999.000,9999.000,9999.000,9999.000,9999.000,9999.000,9999.000,9999.000
202603211830,   0.017,9999.000,9999.000,9999.000,9999.000,9999.000,9999.000,9999.000,9999.000
202603211836,  -0.003,9999.000,9999.000,9999.000,9999.000,9999.000,9999.000,9999.000,9999.000
202603211842,  -0.022,9999.000,9999.000,9999.000,9999.000,9999.000,9999.000,9999.000,9999.000
202603211848,  -0.039,9999.000,9999.000,9999.000,9999.000,9999.000,9999.000,9999.000,9999.000
202603211854,  -0.054,9999.000,9999.000,9999.000,9999.000,9999.000,9999.000,9999.000,9999.000
202603211900,  -0.066,9999.000,   0.500,9999.000,   0.434,   0.400,   0.334,   0.600,   0.534
202603211906,  -0.076,9999.000,9999.000,9999.000,9999.000,9999.000,9999.000,9999.000,9999.000
202603211912,  -0.083,9999.000,9999.000,9999.000,9999.000,9999.000,9999.000,9999.000,9999.000
202603211918,  -0.087,9999.000,9999.000,9999.000,9999.000,9999.000,9999.000,9999.000,9999.000
202603211924,  -0.088,9999.000,9999.000,9999.000,9999.000,9999.000,9999.000,9999.000,9999.000
202603211930,  -0.087,9999.000,9999.000,9999.000,9999.000,9999.000,9999.000,9999.000,9999.000
202603211936,  -0.082,9999.000,9999.000,9999.000,9999.000,9999.000,9999.000,9999.000,9999.000
202603211942,  -0.075,9999.000,9999.000,9999.000,9999.000,9999.000,9999.000,9999.000,9999.000
202603211948,  -0.065,9999.000,9999.000,9999.000,9999.000,9999.000,9999.000,9999.000,9999.000
202603211954,  -0.052,9999.000,9999.000,9999.000,9999.000,9999.000,9999.000,9999.000,9999.000
202603212000,  -0.036,9999.000,   0.500,9999.000,   0.464,   0.400,   0.364,   0.500,   0.464
202603212006,  -0.018,9999.000,9999.000,9999.000,9999.000,9999.000,9999.000,9999.000,9999.000
202603212012,   0.003,9999.000,9999.000,9999.000,9999.000,9999.000,9999.000,9999.000,9999.000
202603212018,   0.026,9999.000,9999.000,9999.000,9999.000,9999.000,9999.000,9999.000,9999.000
202603212024,   0.052,9999.000,9999.000,9999.000,9999.000,9999.000,9999.000,9999.000,9999.000
202603212030,   0.080,9999.000,9999.000,9999.000,9999.000,9999.000,9999.000,9999.000,9999.000
202603212036,   0.110,9999.000,9999.000,9999.000,9999.000,9999.000,9999.000,9999.000,9999.000
202603212042,   0.141,9999.000,9999.000,9999.000,9999.000,9999.000,9999.000,9999.000,9999.000
202603212048,   0.174,9999.000,9999.000,9999.000,9999.000,9999.000,9999.000,9999.000,9999.000
202603212054,   0.209,9999.000,9999.000,9999.000,9999.000,9999.000,9999.000,9999.000,9999.000
202603212100,   0.244,9999.000,   0.500,9999.000,   0.744,   0.400,   0.644,   0.500,   0.744
202603212106,   0.281,9999.000,9999.000,9999.000,9999.000,9999.000,9999.000,9999.000,9999.000
202603212112,   0.318,9999.000,9999.000,9999.000,9999.000,9999.000,9999.000,9999.000,9999.000
202603212118,   0.356,9999.000,9999.000,9999.000,9999.000,9999.000,9999.000,9999.000,9999.000
202603212124,   0.394,9999.000,9999.000,9999.000,9999.000,9999.000,9999.000,9999.000,9999.000
202603212130,   0.433,9999.000,9999.000,9999.000,9999.000,9999.000,9999.000,9999.000,9999.000
202603212136,   0.471,9999.000,9999.000,9999.000,9999.000,9999.000,9999.000,9999.000,9999.000
202603212142,   0.510,9999.000,9999.000,9999.000,9999.000,9999.000,9999.000,9999.000,9999.000
202603212148,   0.548,9999.000,9999.000,9999.000,9999.000,9999.000,9999.000,9999.000,9999.000
202603212154,   0.586,9999.000,9999.000,9999.000,9999.000,9999.000,9999.000,9999.000,9999.000
202603212200,   0.624,9999.000,   0.500,9999.000,   1.124,   0.400,   1.024,   0.500,   1.124
202603212206,   0.661,9999.000,9999.000,9999.000,9999.000,9999.000,9999.000,9999.000,9999.000
202603212212,   0.698,9999.000,9999.000,9999.000,9999.000,9999.000,9999.000,9999.000,9999.000
202603212218,   0.734,9999.000,9999.000,9999.000,9999.000,9999.000,9999.000,9999.000,9999.000
202603212224,   0.770,9999.000,9999.000,9999.000,9999.000,9999.000,9999.000,9999.000,9999.000
202603212230,   0.805,9999.000,9999.000,9999.000,9999.000,9999.000,9999.000,9999.000,9999.000
202603212236,   0.839,9999.000,9999.000,9999.000,9999.000,9999.000,9999.000,9999.000,9999.000
202603212242,   0.873,9999.000,9999.000,9999.000,9999.000,9999.000,9999.000,9999.000,9999.000
202603212248,   0.907,9999.000,9999.000,9999.000,9999.000,9999.000,9999.000,9999.000,9999.000
202603212254,   0.940,9999.000,9999.000,9999.000,9999.000,9999.000,9999.000,9999.000,9999.000
202603212300,   0.972,9999.000,   0.500,9999.000,   1.472,   0.400,   1.372,   0.500,   1.472
202603212306,   1.004,9999.000,9999.000,9999.000,9999.000,9999.000,9999.000,9999.000,9999.000
202603212312,   1.036,9999.000,9999.000,9999.000,9999.000,9999.000,9999.000,9999.000,9999.000
202603212318,   1.067,9999.000,9999.000,9999.000,9999.000,9999.000,9999.000,9999.000,9999.000
202603212324,   1.098,9999.000,9999.000,9999.000,9999.000,9999.000,9999.000,9999.000,9999.000
202603212330,   1.128,9999.000,9999.000,9999.000,9999.000,9999.000,9999.000,9999.000,9999.000
202603212336,   1.158,9999.000,9999.000,9999.000,9999.000,9999.000,9999.000,9999.000,9999.000
202603212342,   1.187,9999.000,9999.000,9999.000,9999.000,9999.000,9999.000,9999.000,9999.000
202603212348,   1.215,9999.000,9999.000,9999.000,9999.000,9999.000,9999.000,9999.000,9999.000
202603212354,   1.243,9999.000,9999.000,9999.000,9999.000,9999.000,9999.000,9999.000,9999.000
202603220000,   1.270,9999.000,   0.500,9999.000,   1.770,   0.400,   1.670,   0.500,   1.770
202603220006,   1.296,9999.000,9999.000,9999.000,9999.000,9999.000,9999.000,9999.000,9999.000
202603220012,   1.321,9999.000,9999.000,9999.000,9999.000,9999.000,9999.000,9999.000,9999.000
202603220018,   1.345,9999.000,9999.000,9999.000,9999.000,9999.000,9999.000,9999.000,9999.000
202603220024,   1.367,9999.000,9999.000,9999.000,9999.000,9999.000,9999.000,9999.000,9999.000
202603220030,   1.388,9999.000,9999.000,9999.000,9999.000,9999.000,9999.000,9999.000,9999.000
202603220036,   1.408,9999.000,9999.000,9999.000,9999.000,9999.000,9999.000,9999.000,9999.000
202603220042,   1.426,9999.000,9999.000,9999.000,9999.000,9999.000,9999.000,9999.000,9999.000
202603220048,   1.442,9999.000,9999.000,9999.000,9999.000,9999.000,9999.000,9999.000,9999.000
202603220054,   1.456,9999.000,9999.000,9999.000,9999.000,9999.000,9999.000,9999.000,9999.000
202603220100,   1.467,9999.000,   0.500,9999.000,   1.967,   0.400,   1.867,   0.500,   1.967
202603220106,   1.477,9999.000,9999.000,9999.000,9999.000,9999.000,9999.000,9999.000,9999.000
202603220112,   1.483,9999.000,9999.000,9999.000,9999.000,9999.000,9999.000,9999.000,9999.000
202603220118,   1.488,9999.000,9999.000,9999.000,9999.000,9999.000,9999.000,9999.000,9999.000
202603220124,   1.489,9999.000,9999.000,9999.000,9999.000,9999.000,9999.000,9999.000,9999.000
202603220130,   1.488,9999.000,9999.000,9999.000,9999.000,9999.000,9999.000,9999.000,9999.000
202603220136,   1.484,9999.000,9999.000,9999.000,9999.000,9999.000,9999.000,9999.000,9999.000
202603220142,   1.477,9999.000,9999.000,9999.000,9999.000,9999.000,9999.000,9999.000,9999.000
202603220148,   1.467,9999.000,9999.000,9999.000,9999.000,9999.000,9999.000,9999.000,9999.000
202603220154,   1.455,9999.000,9999.000,9999.000,9999.000,9999.000,9999.000,9999.000,9999.000
202603220200,   1.439,9999.000,   0.500,9999.000,   1.939,   0.400,   1.839,   0.500,   1.939
202603220206,   1.421,9999.000,9999.000,9999.000,9999.000,9999.000,9999.000,9999.000,9999.000
202603220212,   1.400,9999.000,9999.000,9999.000,9999.000,9999.000,9999.000,9999.000,9999.000
202603220218,   1.376,9999.000,9999.000,9999.000,9999.000,9999.000,9999.000,9999.000,9999.000
202603220224,   1.350,9999.000,9999.000,9999.000,9999.000,9999.000,9999.000,9999.000,9999.000
202603220230,   1.322,9999.000,9999.000,9999.000,9999.000,9999.000,9999.000,9999.000,9999.000
202603220236,   1.292,9999.000,9999.000,9999.000,9999.000,9999.000,9999.000,9999.000,9999.000
202603220242,   1.259,9999.000,9999.000,9999.000,9999.000,9999.000,9999.000,9999.000,9999.000
202603220248,   1.225,9999.000,9999.000,9999.000,9999.000,9999.000,9999.000,9999.000,9999.000
202603220254,   1.190,9999.000,9999.000,9999.000,9999.000,9999.000,9999.000,9999.000,9999.000
202603220300,   1.153,9999.000,   0.500,9999.000,   1.653,   0.400,   1.553,   0.500,   1.653
202603220306,   1.115,9999.000,9999.000,9999.000,9999.000,9999.000,9999.000,9999.000,9999.000
202603220312,   1.076,9999.000,9999.000,9999.000,9999.000,9999.000,9999.000,9999.000,9999.000
202603220318,   1.036,9999.000,9999.000,9999.000,9999.000,9999.000,9999.000,9999.000,9999.000
202603220324,   0.996,9999.000,9999.000,9999.000,9999.000,9999.000,9999.000,9999.000,9999.000
202603220330,   0.955,9999.000,9999.000,9999.000,9999.000,9999.000,9999.000,9999.000,9999.000
202603220336,   0.915,9999.000,9999.000,9999.000,9999.000,9999.000,9999.000,9999.000,9999.000
202603220342,   0.874,9999.000,9999.000,9999.000,9999.000,9999.000,9999.000,9999.000,9999.000
202603220348,   0.834,9999.000,9999.000,9999.000,9999.000,9999.000,9999.000,9999.000,9999.000
202603220354,   0.794,9999.000,9999.000,9999.000,9999.000,9999.000,9999.000,9999.000,9999.000
202603220400,   0.755,9999.000,   0.500,9999.000,   1.255,   0.400,   1.155,   0.500,   1.255
202603220406,   0.716,9999.000,9999.000,9999.000,9999.000,9999.000,9999.000,9999.000,9999.000
202603220412,   0.679,9999.000,9999.000,9999.000,9999.000,9999.000,9999.000,9999.000,9999.000
202603220418,   0.641,9999.000,9999.000,9999.000,9999.000,9999.000,9999.000,9999.000,9999.000
202603220424,   0.605,9999.000,9999.000,9999.000,9999.000,9999.000,9999.000,9999.000,9999.000
202603220430,   0.570,9999.000,9999.000,9999.000,9999.000,9999.000,9999.000,9999.000,9999.000
202603220436,   0.535,9999.000,9999.000,9999.000,9999.000,9999.000,9999.000,9999.000,9999.000
202603220442,   0.501,9999.000,9999.000,9999.000,9999.000,9999.000,9999.000,9999.000,9999.000
202603220448,   0.469,9999.000,9999.000,9999.000,9999.000,9999.000,9999.000,9999.000,9999.000
202603220454,   0.437,9999.000,9999.000,9999.000,9999.000,9999.000,9999.000,9999.000,9999.000
202603220500,   0.406,9999.000,   0.500,9999.000,   0.906,   0.400,   0.806,   0.500,   0.906
202603220506,   0.375,9999.000,9999.000,9999.000,9999.000,9999.000,9999.000,9999.000,9999.000
202603220512,   0.346,9999.000,9999.000,9999.000,9999.000,9999.000,9999.000,9999.000,9999.000
202603220518,   0.317,9999.000,9999.000,9999.000,9999.000,9999.000,9999.000,9999.000,9999.000
202603220524,   0.289,9999.000,9999.000,9999.000,9999.000,9999.000,9999.000,9999.000,9999.000
202603220530,   0.262,9999.000,9999.000,9999.000,9999.000,9999.000,9999.000,9999.000,9999.000
202603220536,   0.236,9999.000,9999.000,9999.000,9999.000,9999.000,9999.000,9999.000,9999.000
202603220542,   0.210,9999.000,9999.000,9999.000,9999.000,9999.000,9999.000,9999.000,9999.000
202603220548,   0.185,9999.000,9999.000,9999.000,9999.000,9999.000,9999.000,9999.000,9999.000
202603220554,   0.161,9999.000,9999.000,9999.000,9999.000,9999.000,9999.000,9999.000,9999.000
202603220600,   0.138,9999.000,   0.500,9999.000,   0.638,   0.400,   0.538,   0.500,   0.638
202603220606,   0.115,9999.000,9999.000,9999.000,9999.000,9999.000,9999.000,9999.000,9999.000
202603220612,   0.094,9999.000,9999.000,9999.000,9999.000,9999.000,9999.000,9999.000,9999.000
202603220618,   0.073,9999.000,9999.000,9999.000,9999.000,9999.000,9999.000,9999.000,9999.000
202603220624,   0.054,9999.000,9999.000,9999.000,9999.000,9999.000,9999.000,9999.000,9999.000
202603220630,   0.036,9999.000,9999.000,9999.000,9999.000,9999.000,9999.000,9999.000,9999.000
202603220636,   0.019,9999.000,9999.000,9999.000,9999.000,9999.000,9999.000,9999.000,9999.000
202603220642,   0.004,9999.000,9999.000,9999.000,9999.000,9999.000,9999.000,9999.000,9999.000
202603220648,  -0.009,9999.000,9999.000,9999.000,9999.000,9999.000,9999.000,9999.000,9999.000
202603220654,  -0.021,9999.000,9999.000,9999.000,9999.000,9999.000,9999.000,9999.000,9999.000
202603220700,  -0.031,9999.000,   0.500,9999.000,   0.469,   0.400,   0.369,   0.500,   0.469
202603220706,  -0.039,9999.000,9999.000,9999.000,9999.000,9999.000,9999.000,9999.000,9999.000
202603220712,  -0.044,9999.000,9999.000,9999.000,9999.000,9999.000,9999.000,9999.000,9999.000
202603220718,  -0.048,9999.000,9999.000,9999.000,9999.000,9999.000,9999.000,9999.000,9999.000
202603220724,  -0.049,9999.000,9999.000,9999.000,9999.000,9999.000,9999.000,9999.000,9999.000
202603220730,  -0.047,9999.000,9999.000,9999.000,9999.000,9999.000,9999.000,9999.000,9999.000
202603220736,  -0.043,9999.000,9999.000,9999.000,9999.000,9999.000,9999.000,9999.000,9999.000
202603220742,  -0.037,9999.000,9999.000,9999.000,9999.000,9999.000,9999.000,9999.000,9999.000
202603220748,  -0.027,9999.000,9999.000,9999.000,9999.000,9999.000,9999.000,9999.000,9999.000
202603220754,  -0.015,9999.000,9999.000,9999.000,9999.000,9999.000,9999.000,9999.000,9999.000
202603220800,   0.000,9999.000,   0.500,9999.000,   0.500,   0.400,   0.400,   0.500,   0.500
202603220806,   0.016,9999.000,9999.000,9999.000,9999.000,9999.000,9999.000,9999.000,9999.000
202603220812,   0.037,9999.000,9999.000,9999.000,9999.000,9999.000,9999.000,9999.000,9999.000
202603220818,   0.060,9999.000,9999.000,9999.000,9999.000,9999.000,9999.000,9999.000,9999.000
202603220824,   0.085,9999.000,9999.000,9999.000,9999.000,9999.000,9999.000,9999.000,9999.000
202603220830,   0.113,9999.000,9999.000,9999.000,9999.000,9999.000,9999.000,9999.000,9999.000
202603220836,   0.143,9999.000,9999.000,9999.000,9999.000,9999.000,9999.000,9999.000,9999.000
202603220842,   0.175,9999.000,9999.000,9999.000,9999.000,9999.000,9999.000,9999.000,9999.000
202603220848,   0.210,9999.000,9999.000,9999.000,9999.000,9999.000,9999.000,9999.000,9999.000
202603220854,   0.246,9999.000,9999.000,9999.000,9999.000,9999.000,9999.000,9999.000,9999.000
202603220900,   0.283,9999.000,   0.500,9999.000,   0.783,   0.400,   0.683,   0.500,   0.783
202603220906,   0.322,9999.000,9999.000,9999.000,9999.000,9999.000,9999.000,9999.000,9999.000
202603220912,   0.362,9999.000,9999.000,9999.000,9999.000,9999.000,9999.000,9999.000,9999.000
202603220918,   0.403,9999.000,9999.000,9999.000,9999.000,9999.000,9999.000,9999.000,9999.000
202603220924,   0.445,9999.000,9999.000,9999.000,9999.000,9999.000,9999.000,9999.000,9999.000
202603220930,   0.488,9999.000,9999.000,9999.000,9999.000,9999.000,9999.000,9999.000,9999.000
202603220936,   0.530,9999.000,9999.000,9999.000,9999.000,9999.000,9999.000,9999.000,9999.000
202603220942,   0.573,9999.000,9999.000,9999.000,9999.000,9999.000,9999.000,9999.000,9999.000
202603220948,   0.616,9999.000,9999.000,9999.000,9999.000,9999.000,9999.000,9999.000,9999.000
202603220954,   0.659,9999.000,9999.000,9999.000,9999.000,9999.000,9999.000,9999.000,9999.000
202603221000,   0.701,9999.000,   0.500,9999.000,   1.201,   0.400,   1.101,   0.500,   1.201
202603221006,   0.743,9999.000,9999.000,9999.000,9999.000,9999.000,9999.000,9999.000,9999.000
202603221012,   0.784,9999.000,9999.000,9999.000,9999.000,9999.000,9999.000,9999.000,9999.000
202603221018,   0.824,9999.000,9999.000,9999.000,9999.000,9999.000,9999.000,9999.000,9999.000
202603221024,   0.864,9999.000,9999.000,9999.000,9999.000,9999.000,9999.000,9999.000,9999.000
202603221030,   0.903,9999.000,9999.000,9999.000,9999.000,9999.000,9999.000,9999.000,9999.000
202603221036,   0.941,9999.000,9999.000,9999.000,9999.000,9999.000,9999.000,9999.000,9999.000
202603221042,   0.979,9999.000,9999.000,9999.000,9999.000,9999.000,9999.000,9999.000,9999.000
202603221048,   1.015,9999.000,9999.000,9999.000,9999.000,9999.000,9999.000,9999.000,9999.000
202603221054,   1.050,9999.000,9999.000,9999.000,9999.000,9999.000,9999.000,9999.000,9999.000
202603221100,   1.085,9999.000,   0.500,9999.000,   1.585,   0.400,   1.485,   0.500,   1.585
202603221106,   1.119,9999.000,9999.000,9999.000,9999.000,9999.000,9999.000,9999.000,9999.000
202603221112,   1.152,9999.000,9999.000,9999.000,9999.000,9999.000,9999.000,9999.000,9999.000
202603221118,   1.184,9999.000,9999.000,9999.000,9999.000,9999.000,9999.000,9999.000,9999.000
202603221124,   1.215,9999.000,9999.000,9999.000,9999.000,9999.000,9999.000,9999.000,9999.000
202603221130,   1.246,9999.000,9999.000,9999.000,9999.000,9999.000,9999.000,9999.000,9999.000
202603221136,   1.276,9999.000,9999.000,9999.000,9999.000,9999.000,9999.000,9999.000,9999.000
202603221142,   1.306,9999.000,9999.000,9999.000,9999.000,9999.000,9999.000,9999.000,9999.000
202603221148,   1.335,9999.000,9999.000,9999.000,9999.000,9999.000,9999.000,9999.000,9999.000
202603221154,   1.363,9999.000,9999.000,9999.000,9999.000,9999.000,9999.000,9999.000,9999.000
202603221200,   1.391,9999.000,   0.500,9999.000,   1.891,   0.400,   1.791,   0.600,   1.991
202603221206,   1.418,9999.000,9999.000,9999.000,9999.000,9999.000,9999.000,9999.000,9999.000
202603221212,   1.444,9999.000,9999.000,9999.000,9999.000,9999.000,9999.000,9999.000,9999.000
202603221218,   1.470,9999.000,9999.000,9999.000,9999.000,9999.000,9999.000,9999.000,9999.000
202603221224,   1.495,9999.000,9999.000,9999.000,9999.000,9999.000,9999.000,9999.000,9999.000
202603221230,   1.519,9999.000,9999.000,9999.000,9999.000,9999.000,9999.000,9999.000,9999.000
202603221236,   1.542,9999.000,9999.000,9999.000,9999.000,9999.000,9999.000,9999.000,9999.000
202603221242,   1.564,9999.000,9999.000,9999.000,9999.000,9999.000,9999.000,9999.000,9999.000
202603221248,   1.585,9999.000,9999.000,9999.000,9999.000,9999.000,9999.000,9999.000,9999.000
202603221254,   1.605,9999.000,9999.000,9999.000,9999.000,9999.000,9999.000,9999.000,9999.000
202603221300,   1.623,9999.000,   0.500,9999.000,   2.123,   0.400,   2.023,   0.600,   2.223
202603221306,   1.639,9999.000,9999.000,9999.000,9999.000,9999.000,9999.000,9999.000,9999.000
202603221312,   1.654,9999.000,9999.000,9999.000,9999.000,9999.000,9999.000,9999.000,9999.000
202603221318,   1.667,9999.000,9999.000,9999.000,9999.000,9999.000,9999.000,9999.000,9999.000
202603221324,   1.678,9999.000,9999.000,9999.000,9999.000,9999.000,9999.000,9999.000,9999.000
202603221330,   1.687,9999.000,9999.000,9999.000,9999.000,9999.000,9999.000,9999.000,9999.000
202603221336,   1.694,9999.000,9999.000,9999.000,9999.000,9999.000,9999.000,9999.000,9999.000
202603221342,   1.698,9999.000,9999.000,9999.000,9999.000,9999.000,9999.000,9999.000,9999.000
202603221348,   1.700,9999.000,9999.000,9999.000,9999.000,9999.000,9999.000,9999.000,9999.000
202603221354,   1.699,9999.000,9999.000,9999.000,9999.000,9999.000,9999.000,9999.000,9999.000
202603221400,   1.696,9999.000,   0.500,9999.000,   2.196,   0.400,   2.096,   0.600,   2.296
202603221406,   1.689,9999.000,9999.000,9999.000,9999.000,9999.000,9999.000,9999.000,9999.000
202603221412,   1.681,9999.000,9999.000,9999.000,9999.000,9999.000,9999.000,9999.000,9999.000
202603221418,   1.669,9999.000,9999.000,9999.000,9999.000,9999.000,9999.000,9999.000,9999.000
202603221424,   1.655,9999.000,9999.000,9999.000,9999.000,9999.000,9999.000,9999.000,9999.000
202603221430,   1.638,9999.000,9999.000,9999.000,9999.000,9999.000,9999.000,9999.000,9999.000
202603221436,   1.619,9999.000,9999.000,9999.000,9999.000,9999.000,9999.000,9999.000,9999.000
202603221442,   1.597,9999.000,9999.000,9999.000,9999.000,9999.000,9999.000,9999.000,9999.000
202603221448,   1.573,9999.000,9999.000,9999.000,9999.000,9999.000,9999.000,9999.000,9999.000
202603221454,   1.546,9999.000,9999.000,9999.000,9999.000,9999.000,9999.000,9999.000,9999.000
202603221500,   1.518,9999.000,   0.500,9999.000,   2.018,   0.400,   1.918,   0.600,   2.118
202603221506,   1.487,9999.000,9999.000,9999.000,9999.000,9999.000,9999.000,9999.000,9999.000
202603221512,   1.455,9999.000,9999.000,9999.000,9999.000,9999.000,9999.000,9999.000,9999.000
202603221518,   1.421,9999.000,9999.000,9999.000,9999.000,9999.000,9999.000,9999.000,9999.000
202603221524,   1.386,9999.000,9999.000,9999.000,9999.000,9999.000,9999.000,9999.000,9999.000
202603221530,   1.350,9999.000,9999.000,9999.000,9999.000,9999.000,9999.000,9999.000,9999.000
202603221536,   1.313,9999.000,9999.000,9999.000,9999.000,9999.000,9999.000,9999.000,9999.000
202603221542,   1.275,9999.000,9999.000,9999.000,9999.000,9999.000,9999.000,9999.000,9999.000
202603221548,   1.236,9999.000,9999.000,9999.000,9999.000,9999.000,9999.000,9999.000,9999.000
202603221554,   1.197,9999.000,9999.000,9999.000,9999.000,9999.000,9999.000,9999.000,9999.000
202603221600,   1.158,9999.000,   0.500,9999.000,   1.658,   0.400,   1.558,   0.600,   1.758
202603221606,   1.119,9999.000,9999.000,9999.000,9999.000,9999.000,9999.000,9999.000,9999.000
202603221612,   1.079,9999.000,9999.000,9999.000,9999.000,9999.000,9999.000,9999.000,9999.000
202603221618,   1.040,9999.000,9999.000,9999.000,9999.000,9999.000,9999.000,9999.000,9999.000
202603221624,   1.001,9999.000,9999.000,9999.000,9999.000,9999.000,9999.000,9999.000,9999.000
202603221630,   0.962,9999.000,9999.000,9999.000,9999.000,9999.000,9999.000,9999.000,9999.000
202603221636,   0.924,9999.000,9999.000,9999.000,9999.000,9999.000,9999.000,9999.000,9999.000
202603221642,   0.887,9999.000,9999.000,9999.000,9999.000,9999.000,9999.000,9999.000,9999.000
202603221648,   0.849,9999.000,9999.000,9999.000,9999.000,9999.000,9999.000,9999.000,9999.000
202603221654,   0.813,9999.000,9999.000,9999.000,9999.000,9999.000,9999.000,9999.000,9999.000
202603221700,   0.777,9999.000,   0.500,9999.000,   1.277,   0.400,   1.177,   0.600,   1.377
202603221706,   0.741,9999.000,9999.000,9999.000,9999.000,9999.000,9999.000,9999.000,9999.000
202603221712,   0.706,9999.000,9999.000,9999.000,9999.000,9999.000,9999.000,9999.000,9999.000
202603221718,   0.671,9999.000,9999.000,9999.000,9999.000,9999.000,9999.000,9999.000,9999.000
202603221724,   0.637,9999.000,9999.000,9999.000,9999.000,9999.000,9999.000,9999.000,9999.000
202603221730,   0.603,9999.000,9999.000,9999.000,9999.000,9999.000,9999.000,9999.000,9999.000
202603221736,   0.570,9999.000,9999.000,9999.000,9999.000,9999.000,9999.000,9999.000,9999.000
202603221742,   0.537,9999.000,9999.000,9999.000,9999.000,9999.000,9999.000,9999.000,9999.000
202603221748,   0.504,9999.000,9999.000,9999.000,9999.000,9999.000,9999.000,9999.000,9999.000
202603221754,   0.472,9999.000,9999.000,9999.000,9999.000,9999.000,9999.000,9999.000,9999.000
202603221800,   0.440,9999.000,   0.600,9999.000,   1.040,   0.500,   0.940,   0.700,   1.140
202603221806,   0.408,9999.000,9999.000,9999.000,9999.000,9999.000,9999.000,9999.000,9999.000
202603221812,   0.377,9999.000,9999.000,9999.000,9999.000,9999.000,9999.000,9999.000,9999.000
202603221818,   0.346,9999.000,9999.000,9999.000,9999.000,9999.000,9999.000,9999.000,9999.000
202603221824,   0.315,9999.000,9999.000,9999.000,9999.000,9999.000,9999.000,9999.000,9999.000
202603221830,   0.285,9999.000,9999.000,9999.000,9999.000,9999.000,9999.000,9999.000,9999.000
202603221836,   0.255,9999.000,9999.000,9999.000,9999.000,9999.000,9999.000,9999.000,9999.000
202603221842,   0.226,9999.000,9999.000,9999.000,9999.000,9999.000,9999.000,9999.000,9999.000
202603221848,   0.198,9999.000,9999.000,9999.000,9999.000,9999.000,9999.000,9999.000,9999.000
202603221854,   0.171,9999.000,9999.000,9999.000,9999.000,9999.000,9999.000,9999.000,9999.000
202603221900,   0.144,9999.000,   0.600,9999.000,   0.744,   0.500,   0.644,   0.700,   0.844
202603221906,   0.119,9999.000,9999.000,9999.000,9999.000,9999.000,9999.000,9999.000,9999.000
202603221912,   0.095,9999.000,9999.000,9999.000,9999.000,9999.000,9999.000,9999.000,9999.000
202603221918,   0.072,9999.000,9999.000,9999.000,9999.000,9999.000,9999.000,9999.000,9999.000
202603221924,   0.051,9999.000,9999.000,9999.000,9999.000,9999.000,9999.000,9999.000,9999.000
202603221930,   0.032,9999.000,9999.000,9999.000,9999.000,9999.000,9999.000,9999.000,9999.000
202603221936,   0.015,9999.000,9999.000,9999.000,9999.000,9999.000,9999.000,9999.000,9999.000
202603221942,   0.000,9999.000,9999.000,9999.000,9999.000,9999.000,9999.000,9999.000,9999.000
202603221948,  -0.012,9999.000,9999.000,9999.000,9999.000,9999.000,9999.000,9999.000,9999.000
202603221954,  -0.022,9999.000,9999.000,9999.000,9999.000,9999.000,9999.000,9999.000,9999.000
202603222000,  -0.030,9999.000,   0.600,9999.000,   0.570,   0.500,   0.470,   0.700,   0.670
202603222006,  -0.036,9999.000,9999.000,9999.000,9999.000,9999.000,9999.000,9999.000,9999.000
202603222012,  -0.039,9999.000,9999.000,9999.000,9999.000,9999.000,9999.000,9999.000,9999.000
202603222018,  -0.039,9999.000,9999.000,9999.000,9999.000,9999.000,9999.000,9999.000,9999.000
202603222024,  -0.036,9999.000,9999.000,9999.000,9999.000,9999.000,9999.000,9999.000,9999.000
202603222030,  -0.030,9999.000,9999.000,9999.000,9999.000,9999.000,9999.000,9999.000,9999.000
202603222036,  -0.022,9999.000,9999.000,9999.000,9999.000,9999.000,9999.000,9999.000,9999.000
202603222042,  -0.011,9999.000,9999.000,9999.000,9999.000,9999.000,9999.000,9999.000,9999.000
202603222048,   0.002,9999.000,9999.000,9999.000,9999.000,9999.000,9999.000,9999.000,9999.000
202603222054,   0.018,9999.000,9999.000,9999.000,9999.000,9999.000,9999.000,9999.000,9999.000
202603222100,   0.037,9999.000,   0.600,9999.000,   0.637,   0.500,   0.537,   0.700,   0.737
202603222106,   0.058,9999.000,9999.000,9999.000,9999.000,9999.000,9999.000,9999.000,9999.000
202603222112,   0.081,9999.000,9999.000,9999.000,9999.000,9999.000,9999.000,9999.000,9999.000
202603222118,   0.106,9999.000,9999.000,9999.000,9999.000,9999.000,9999.000,9999.000,9999.000
202603222124,   0.134,9999.000,9999.000,9999.000,9999.000,9999.000,9999.000,9999.000,9999.000
202603222130,   0.163,9999.000,9999.000,9999.000,9999.000,9999.000,9999.000,9999.000,9999.000
202603222136,   0.193,9999.000,9999.000,9999.000,9999.000,9999.000,9999.000,9999.000,9999.000
202603222142,   0.225,9999.000,9999.000,9999.000,9999.000,9999.000,9999.000,9999.000,9999.000
202603222148,   0.258,9999.000,9999.000,9999.000,9999.000,9999.000,9999.000,9999.000,9999.000
202603222154,   0.292,9999.000,9999.000,9999.000,9999.000,9999.000,9999.000,9999.000,9999.000
202603222200,   0.327,9999.000,   0.600,9999.000,   0.927,   0.500,   0.827,   0.700,   1.027
202603222206,   0.362,9999.000,9999.000,9999.000,9999.000,9999.000,9999.000,9999.000,9999.000
202603222212,   0.397,9999.000,9999.000,9999.000,9999.000,9999.000,9999.000,9999.000,9999.000
202603222218,   0.433,9999.000,9999.000,9999.000,9999.000,9999.000,9999.000,9999.000,9999.000
202603222224,   0.469,9999.000,9999.000,9999.000,9999.000,9999.000,9999.000,9999.000,9999.000
202603222230,   0.505,9999.000,9999.000,9999.000,9999.000,9999.000,9999.000,9999.000,9999.000
202603222236,   0.540,9999.000,9999.000,9999.000,9999.000,9999.000,9999.000,9999.000,9999.000
202603222242,   0.576,9999.000,9999.000,9999.000,9999.000,9999.000,9999.000,9999.000,9999.000
202603222248,   0.611,9999.000,9999.000,9999.000,9999.000,9999.000,9999.000,9999.000,9999.000
202603222254,   0.645,9999.000,9999.000,9999.000,9999.000,9999.000,9999.000,9999.000,9999.000
202603222300,   0.679,9999.000,   0.600,9999.000,   1.279,   0.500,   1.179,   0.700,   1.379
202603222306,   0.713,9999.000,9999.000,9999.000,9999.000,9999.000,9999.000,9999.000,9999.000
202603222312,   0.745,9999.000,9999.000,9999.000,9999.000,9999.000,9999.000,9999.000,9999.000
202603222318,   0.778,9999.000,9999.000,9999.000,9999.000,9999.000,9999.000,9999.000,9999.000
202603222324,   0.810,9999.000,9999.000,9999.000,9999.000,9999.000,9999.000,9999.000,9999.000
202603222330,   0.841,9999.000,9999.000,9999.000,9999.000,9999.000,9999.000,9999.000,9999.000
202603222336,   0.872,9999.000,9999.000,9999.000,9999.000,9999.000,9999.000,9999.000,9999.000
202603222342,   0.902,9999.000,9999.000,9999.000,9999.000,9999.000,9999.000,9999.000,9999.000
202603222348,   0.932,9999.000,9999.000,9999.000,9999.000,9999.000,9999.000,9999.000,9999.000
202603222354,   0.962,9999.000,9999.000,9999.000,9999.000,9999.000,9999.000,9999.000,9999.000
202603230000,   0.991,9999.000,   0.800,9999.000,   1.791,   0.700,   1.691,   0.800,   1.791
202603230006,   1.019,9999.000,9999.000,9999.000,9999.000,9999.000,9999.000,9999.000,9999.000
202603230012,   1.047,9999.000,9999.000,9999.000,9999.000,9999.000,9999.000,9999.000,9999.000
202603230018,   1.075,9999.000,9999.000,9999.000,9999.000,9999.000,9999.000,9999.000,9999.000
202603230024,   1.102,9999.000,9999.000,9999.000,9999.000,9999.000,9999.000,9999.000,9999.000
202603230030,   1.129,9999.000,9999.000,9999.000,9999.000,9999.000,9999.000,9999.000,9999.000
202603230036,   1.156,9999.000,9999.000,9999.000,9999.000,9999.000,9999.000,9999.000,9999.000
202603230042,   1.181,9999.000,9999.000,9999.000,9999.000,9999.000,9999.000,9999.000,9999.000
202603230048,   1.206,9999.000,9999.000,9999.000,9999.000,9999.000,9999.000,9999.000,9999.000
202603230054,   1.230,9999.000,9999.000,9999.000,9999.000,9999.000,9999.000,9999.000,9999.000
202603230100,   1.254,9999.000,   0.800,9999.000,   2.054,   0.700,   1.954,   0.800,   2.054
202603230106,   1.276,9999.000,9999.000,9999.000,9999.000,9999.000,9999.000,9999.000,9999.000
202603230112,   1.298,9999.000,9999.000,9999.000,9999.000,9999.000,9999.000,9999.000,9999.000
202603230118,   1.317,9999.000,9999.000,9999.000,9999.000,9999.000,9999.000,9999.000,9999.000
202603230124,   1.336,9999.000,9999.000,9999.000,9999.000,9999.000,9999.000,9999.000,9999.000
202603230130,   1.353,9999.000,9999.000,9999.000,9999.000,9999.000,9999.000,9999.000,9999.000
202603230136,   1.368,9999.000,9999.000,9999.000,9999.000,9999.000,9999.000,9999.000,9999.000
202603230142,   1.382,9999.000,9999.000,9999.000,9999.000,9999.000,9999.000,9999.000,9999.000
202603230148,   1.393,9999.000,9999.000,9999.000,9999.000,9999.000,9999.000,9999.000,9999.000
202603230154,   1.402,9999.000,9999.000,9999.000,9999.000,9999.000,9999.000,9999.000,9999.000
202603230200,   1.409,9999.000,   0.800,9999.000,   2.209,   0.700,   2.109,   0.800,   2.209
202603230206,   1.414,9999.000,9999.000,9999.000,9999.000,9999.000,9999.000,9999.000,9999.000
202603230212,   1.415,9999.000,9999.000,9999.000,9999.000,9999.000,9999.000,9999.000,9999.000
202603230218,   1.415,9999.000,9999.000,9999.000,9999.000,9999.000,9999.000,9999.000,9999.000
202603230224,   1.411,9999.000,9999.000,9999.000,9999.000,9999.000,9999.000,9999.000,9999.000
202603230230,   1.405,9999.000,9999.000,9999.000,9999.000,9999.000,9999.000,9999.000,9999.000
202603230236,   1.396,9999.000,9999.000,9999.000,9999.000,9999.000,9999.000,9999.000,9999.000
202603230242,   1.385,9999.000,9999.000,9999.000,9999.000,9999.000,9999.000,9999.000,9999.000
202603230248,   1.370,9999.000,9999.000,9999.000,9999.000,9999.000,9999.000,9999.000,9999.000
202603230254,   1.353,9999.000,9999.000,9999.000,9999.000,9999.000,9999.000,9999.000,9999.000
202603230300,   1.333,9999.000,   0.800,9999.000,   2.133,   0.700,   2.033,   0.800,   2.133
202603230306,   1.311,9999.000,9999.000,9999.000,9999.000,9999.000,9999.000,9999.000,9999.000
202603230312,   1.287,9999.000,9999.000,9999.000,9999.000,9999.000,9999.000,9999.000,9999.000
202603230318,   1.260,9999.000,9999.000,9999.000,9999.000,9999.000,9999.000,9999.000,9999.000
202603230324,   1.231,9999.000,9999.000,9999.000,9999.000,9999.000,9999.000,9999.000,9999.000
202603230330,   1.200,9999.000,9999.000,9999.000,9999.000,9999.000,9999.000,9999.000,9999.000
202603230336,   1.167,9999.000,9999.000,9999.000,9999.000,9999.000,9999.000,9999.000,9999.000
202603230342,   1.133,9999.000,9999.000,9999.000,9999.000,9999.000,9999.000,9999.000,9999.000
202603230348,   1.098,9999.000,9999.000,9999.000,9999.000,9999.000,9999.000,9999.000,9999.000
202603230354,   1.061,9999.000,9999.000,9999.000,9999.000,9999.000,9999.000,9999.000,9999.000
202603230400,   1.024,9999.000,   0.800,9999.000,   1.824,   0.700,   1.724,   0.800,   1.824
202603230406,   0.986,9999.000,9999.000,9999.000,9999.000,9999.000,9999.000,9999.000,9999.000
202603230412,   0.947,9999.000,9999.000,9999.000,9999.000,9999.000,9999.000,9999.000,9999.000
202603230418,   0.908,9999.000,9999.000,9999.000,9999.000,9999.000,9999.000,9999.000,9999.000
202603230424,   0.869,9999.000,9999.000,9999.000,9999.000,9999.000,9999.000,9999.000,9999.000
202603230430,   0.830,9999.000,9999.000,9999.000,9999.000,9999.000,9999.000,9999.000,9999.000
202603230436,   0.792,9999.000,9999.000,9999.000,9999.000,9999.000,9999.000,9999.000,9999.000
202603230442,   0.753,9999.000,9999.000,9999.000,9999.000,9999.000,9999.000,9999.000,9999.000
202603230448,   0.716,9999.000,9999.000,9999.000,9999.000,9999.000,9999.000,9999.000,9999.000
202603230454,   0.678,9999.000,9999.000,9999.000,9999.000,9999.000,9999.000,9999.000,9999.000
202603230500,   0.642,9999.000,   0.800,9999.000,   1.442,   0.700,   1.342,   0.800,   1.442
202603230506,   0.607,9999.000,9999.000,9999.000,9999.000,9999.000,9999.000,9999.000,9999.000
202603230512,   0.572,9999.000,9999.000,9999.000,9999.000,9999.000,9999.000,9999.000,9999.000
202603230518,   0.538,9999.000,9999.000,9999.000,9999.000,9999.000,9999.000,9999.000,9999.000
202603230524,   0.505,9999.000,9999.000,9999.000,9999.000,9999.000,9999.000,9999.000,9999.000
202603230530,   0.473,9999.000,9999.000,9999.000,9999.000,9999.000,9999.000,9999.000,9999.000
202603230536,   0.442,9999.000,9999.000,9999.000,9999.000,9999.000,9999.000,9999.000,9999.000
202603230542,   0.412,9999.000,9999.000,9999.000,9999.000,9999.000,9999.000,9999.000,9999.000
202603230548,   0.382,9999.000,9999.000,9999.000,9999.000,9999.000,9999.000,9999.000,9999.000
202603230554,   0.354,9999.000,9999.000,9999.000,9999.000,9999.000,9999.000,9999.000,9999.000
202603230600,   0.326,9999.000,   0.800,9999.000,   1.126,   0.700,   1.026,   0.900,   1.226
202603230606,   0.299,9999.000,9999.000,9999.000,9999.000,9999.000,9999.000,9999.000,9999.000
202603230612,   0.273,9999.000,9999.000,9999.000,9999.000,9999.000,9999.000,9999.000,9999.000
202603230618,   0.248,9999.000,9999.000,9999.000,9999.000,9999.000,9999.000,9999.000,9999.000
202603230624,   0.223,9999.000,9999.000,9999.000,9999.000,9999.000,9999.000,9999.000,9999.000
202603230630,   0.199,9999.000,9999.000,9999.000,9999.000,9999.000,9999.000,9999.000,9999.000
202603230636,   0.176,9999.000,9999.000,9999.000,9999.000,9999.000,9999.000,9999.000,9999.000
202603230642,   0.153,9999.000,9999.000,9999.000,9999.000,9999.000,9999.000,9999.000,9999.000
202603230648,   0.132,9999.000,9999.000,9999.000,9999.000,9999.000,9999.000,9999.000,9999.000
202603230654,   0.111,9999.000,9999.000,9999.000,9999.000,9999.000,9999.000,9999.000,9999.000
202603230700,   0.091,9999.000,   0.800,9999.000,   0.891,   0.700,   0.791,   0.900,   0.991
202603230706,   0.071,9999.000,9999.000,9999.000,9999.000,9999.000,9999.000,9999.000,9999.000
202603230712,   0.053,9999.000,9999.000,9999.000,9999.000,9999.000,9999.000,9999.000,9999.000
202603230718,   0.036,9999.000,9999.000,9999.000,9999.000,9999.000,9999.000,9999.000,9999.000
202603230724,   0.021,9999.000,9999.000,9999.000,9999.000,9999.000,9999.000,9999.000,9999.000
202603230730,   0.006,9999.000,9999.000,9999.000,9999.000,9999.000,9999.000,9999.000,9999.000
202603230736,  -0.006,9999.000,9999.000,9999.000,9999.000,9999.000,9999.000,9999.000,9999.000
202603230742,  -0.017,9999.000,9999.000,9999.000,9999.000,9999.000,9999.000,9999.000,9999.000
202603230748,  -0.026,9999.000,9999.000,9999.000,9999.000,9999.000,9999.000,9999.000,9999.000
202603230754,  -0.034,9999.000,9999.000,9999.000,9999.000,9999.000,9999.000,9999.000,9999.000
202603230800,  -0.040,9999.000,   0.800,9999.000,   0.760,   0.700,   0.660,   0.900,   0.860
202603230806,  -0.043,9999.000,9999.000,9999.000,9999.000,9999.000,9999.000,9999.000,9999.000
202603230812,  -0.044,9999.000,9999.000,9999.000,9999.000,9999.000,9999.000,9999.000,9999.000
202603230818,  -0.043,9999.000,9999.000,9999.000,9999.000,9999.000,9999.000,9999.000,9999.000
202603230824,  -0.039,9999.000,9999.000,9999.000,9999.000,9999.000,9999.000,9999.000,9999.000
202603230830,  -0.033,9999.000,9999.000,9999.000,9999.000,9999.000,9999.000,9999.000,9999.000
202603230836,  -0.024,9999.000,9999.000,9999.000,9999.000,9999.000,9999.000,9999.000,9999.000
202603230842,  -0.013,9999.000,9999.000,9999.000,9999.000,9999.000,9999.000,9999.000,9999.000
202603230848,   0.000,9999.000,9999.000,9999.000,9999.000,9999.000,9999.000,9999.000,9999.000
202603230854,   0.017,9999.000,9999.000,9999.000,9999.000,9999.000,9999.000,9999.000,9999.000
202603230900,   0.036,9999.000,   0.800,9999.000,   0.836,   0.700,   0.736,   0.800,   0.836
202603230906,   0.058,9999.000,9999.000,9999.000,9999.000,9999.000,9999.000,9999.000,9999.000
202603230912,   0.083,9999.000,9999.000,9999.000,9999.000,9999.000,9999.000,9999.000,9999.000
202603230918,   0.109,9999.000,9999.000,9999.000,9999.000,9999.000,9999.000,9999.000,9999.000
202603230924,   0.138,9999.000,9999.000,9999.000,9999.000,9999.000,9999.000,9999.000,9999.000
202603230930,   0.169,9999.000,9999.000,9999.000,9999.000,9999.000,9999.000,9999.000,9999.000
202603230936,   0.202,9999.000,9999.000,9999.000,9999.000,9999.000,9999.000,9999.000,9999.000
202603230942,   0.237,9999.000,9999.000,9999.000,9999.000,9999.000,9999.000,9999.000,9999.000
202603230948,   0.273,9999.000,9999.000,9999.000,9999.000,9999.000,9999.000,9999.000,9999.000
202603230954,   0.311,9999.000,9999.000,9999.000,9999.000,9999.000,9999.000,9999.000,9999.000
202603231000,   0.349,9999.000,   0.800,9999.000,   1.149,   0.700,   1.049,   0.800,   1.149
202603231006,   0.389,9999.000,9999.000,9999.000,9999.000,9999.000,9999.000,9999.000,9999.000
202603231012,   0.430,9999.000,9999.000,9999.000,9999.000,9999.000,9999.000,9999.000,9999.000
202603231018,   0.471,9999.000,9999.000,9999.000,9999.000,9999.000,9999.000,9999.000,9999.000
202603231024,   0.512,9999.000,9999.000,9999.000,9999.000,9999.000,9999.000,9999.000,9999.000
202603231030,   0.553,9999.000,9999.000,9999.000,9999.000,9999.000,9999.000,9999.000,9999.000
202603231036,   0.595,9999.000,9999.000,9999.000,9999.000,9999.000,9999.000,9999.000,9999.000
202603231042,   0.636,9999.000,9999.000,9999.000,9999.000,9999.000,9999.000,9999.000,9999.000
202603231048,   0.677,9999.000,9999.000,9999.000,9999.000,9999.000,9999.000,9999.000,9999.000
202603231054,   0.718,9999.000,9999.000,9999.000,9999.000,9999.000,9999.000,9999.000,9999.000
202603231100,   0.758,9999.000,   0.800,9999.000,   1.558,   0.700,   1.458,   0.800,   1.558
202603231106,   0.797,9999.000,9999.000,9999.000,9999.000,9999.000,9999.000,9999.000,9999.000
202603231112,   0.835,9999.000,9999.000,9999.000,9999.000,9999.000,9999.000,9999.000,9999.000
202603231118,   0.873,9999.000,9999.000,9999.000,9999.000,9999.000,9999.000,9999.000,9999.000
202603231124,   0.910,9999.000,9999.000,9999.000,9999.000,9999.000,9999.000,9999.000,9999.000
202603231130,   0.945,9999.000,9999.000,9999.000,9999.000,9999.000,9999.000,9999.000,9999.000
202603231136,   0.980,9999.000,9999.000,9999.000,9999.000,9999.000,9999.000,9999.000,9999.000
202603231142,   1.014,9999.000,9999.000,9999.000,9999.000,9999.000,9999.000,9999.000,9999.000
202603231148,   1.047,9999.000,9999.000,9999.000,9999.000,9999.000,9999.000,9999.000,9999.000
202603231154,   1.080,9999.000,9999.000,9999.000,9999.000,9999.000,9999.000,9999.000,9999.000
202603231200,   1.111,9999.000,   0.800,9999.000,   1.911,   0.800,   1.911,   0.900,   2.011
202603231206,   1.142,9999.000,9999.000,9999.000,9999.000,9999.000,9999.000,9999.000,9999.000
202603231212,   1.172,9999.000,9999.000,9999.000,9999.000,9999.000,9999.000,9999.000,9999.000
202603231218,   1.201,9999.000,9999.000,9999.000,9999.000,9999.000,9999.000,9999.000,9999.000
202603231224,   1.230,9999.000,9999.000,9999.000,9999.000,9999.000,9999.000,9999.000,9999.000
202603231230,   1.258,9999.000,9999.000,9999.000,9999.000,9999.000,9999.000,9999.000,9999.000
202603231236,   1.286,9999.000,9999.000,9999.000,9999.000,9999.000,9999.000,9999.000,9999.000
202603231242,   1.313,9999.000,9999.000,9999.000,9999.000,9999.000,9999.000,9999.000,9999.000
202603231248,   1.340,9999.000,9999.000,9999.000,9999.000,9999.000,9999.000,9999.000,9999.000
202603231254,   1.366,9999.000,9999.000,9999.000,9999.000,9999.000,9999.000,9999.000,9999.000
202603231300,   1.391,9999.000,   0.800,9999.000,   2.191,   0.800,   2.191,   0.900,   2.291
202603231306,   1.416,9999.000,9999.000,9999.000,9999.000,9999.000,9999.000,9999.000,9999.000
202603231312,   1.440,9999.000,9999.000,9999.000,9999.000,9999.000,9999.000,9999.000,9999.000
202603231318,   1.464,9999.000,9999.000,9999.000,9999.000,9999.000,9999.000,9999.000,9999.000
202603231324,   1.486,9999.000,9999.000,9999.000,9999.000,9999.000,9999.000,9999.000,9999.000
202603231330,   1.508,9999.000,9999.000,9999.000,9999.000,9999.000,9999.000,9999.000,9999.000
202603231336,   1.529,9999.000,9999.000,9999.000,9999.000,9999.000,9999.000,9999.000,9999.000
202603231342,   1.548,9999.000,9999.000,9999.000,9999.000,9999.000,9999.000,9999.000,9999.000
202603231348,   1.567,9999.000,9999.000,9999.000,9999.000,9999.000,9999.000,9999.000,9999.000
202603231354,   1.584,9999.000,9999.000,9999.000,9999.000,9999.000,9999.000,9999.000,9999.000
202603231400,   1.599,9999.000,   0.800,9999.000,   2.399,   0.800,   2.399,   0.900,   2.499
202603231406,   1.613,9999.000,9999.000,9999.000,9999.000,9999.000,9999.000,9999.000,9999.000
202603231412,   1.625,9999.000,9999.000,9999.000,9999.000,9999.000,9999.000,9999.000,9999.000
202603231418,   1.635,9999.000,9999.000,9999.000,9999.000,9999.000,9999.000,9999.000,9999.000
202603231424,   1.643,9999.000,9999.000,9999.000,9999.000,9999.000,9999.000,9999.000,9999.000
202603231430,   1.649,9999.000,9999.000,9999.000,9999.000,9999.000,9999.000,9999.000,9999.000
202603231436,   1.653,9999.000,9999.000,9999.000,9999.000,9999.000,9999.000,9999.000,9999.000
202603231442,   1.654,9999.000,9999.000,9999.000,9999.000,9999.000,9999.000,9999.000,9999.000
202603231448,   1.652,9999.000,9999.000,9999.000,9999.000,9999.000,9999.000,9999.000,9999.000
202603231454,   1.648,9999.000,9999.000,9999.000,9999.000,9999.000,9999.000,9999.000,9999.000
202603231500,   1.642,9999.000,   0.800,9999.000,   2.442,   0.800,   2.442,   0.900,   2.542
202603231506,   1.633,9999.000,9999.000,9999.000,9999.000,9999.000,9999.000,9999.000,9999.000
202603231512,   1.621,9999.000,9999.000,9999.000,9999.000,9999.000,9999.000,9999.000,9999.000
202603231518,   1.607,9999.000,9999.000,9999.000,9999.000,9999.000,9999.000,9999.000,9999.000
202603231524,   1.591,9999.000,9999.000,9999.000,9999.000,9999.000,9999.000,9999.000,9999.000
202603231530,   1.572,9999.000,9999.000,9999.000,9999.000,9999.000,9999.000,9999.000,9999.000
202603231536,   1.551,9999.000,9999.000,9999.000,9999.000,9999.000,9999.000,9999.000,9999.000
202603231542,   1.528,9999.000,9999.000,9999.000,9999.000,9999.000,9999.000,9999.000,9999.000
202603231548,   1.502,9999.000,9999.000,9999.000,9999.000,9999.000,9999.000,9999.000,9999.000
202603231554,   1.475,9999.000,9999.000,9999.000,9999.000,9999.000,9999.000,9999.000,9999.000
202603231600,   1.446,9999.000,   0.800,9999.000,   2.246,   0.800,   2.246,   0.800,   2.246
202603231606,   1.416,9999.000,9999.000,9999.000,9999.000,9999.000,9999.000,9999.000,9999.000
202603231612,   1.384,9999.000,9999.000,9999.000,9999.000,9999.000,9999.000,9999.000,9999.000
202603231618,   1.351,9999.000,9999.000,9999.000,9999.000,9999.000,9999.000,9999.000,9999.000
202603231624,   1.317,9999.000,9999.000,9999.000,9999.000,9999.000,9999.000,9999.000,9999.000
202603231630,   1.282,9999.000,9999.000,9999.000,9999.000,9999.000,9999.000,9999.000,9999.000
202603231636,   1.247,9999.000,9999.000,9999.000,9999.000,9999.000,9999.000,9999.000,9999.000
202603231642,   1.211,9999.000,9999.000,9999.000,9999.000,9999.000,9999.000,9999.000,9999.000
202603231648,   1.175,9999.000,9999.000,9999.000,9999.000,9999.000,9999.000,9999.000,9999.000
202603231654,   1.139,9999.000,9999.000,9999.000,9999.000,9999.000,9999.000,9999.000,9999.000
202603231700,   1.103,9999.000,   0.800,9999.000,   1.903,   0.700,   1.803,   0.800,   1.903
202603231706,   1.067,9999.000,9999.000,9999.000,9999.000,9999.000,9999.000,9999.000,9999.000
202603231712,   1.031,9999.000,9999.000,9999.000,9999.000,9999.000,9999.000,9999.000,9999.000
202603231718,   0.996,9999.000,9999.000,9999.000,9999.000,9999.000,9999.000,9999.000,9999.000
202603231724,   0.961,9999.000,9999.000,9999.000,9999.000,9999.000,9999.000,9999.000,9999.000
202603231730,   0.926,9999.000,9999.000,9999.000,9999.000,9999.000,9999.000,9999.000,9999.000
202603231736,   0.892,9999.000,9999.000,9999.000,9999.000,9999.000,9999.000,9999.000,9999.000
202603231742,   0.858,9999.000,9999.000,9999.000,9999.000,9999.000,9999.000,9999.000,9999.000
202603231748,   0.825,9999.000,9999.000,9999.000,9999.000,9999.000,9999.000,9999.000,9999.000
202603231754,   0.793,9999.000,9999.000,9999.000,9999.000,9999.000,9999.000,9999.000,9999.000
202603231800,   0.760,9999.000,   0.800,9999.000,   1.560,   0.700,   1.460,   0.800,   1.560
202603231806,   0.729,9999.000,9999.000,9999.000,9999.000,9999.000,9999.000,9999.000,9999.000
202603231812,   0.697,9999.000,9999.000,9999.000,9999.000,9999.000,9999.000,9999.000,9999.000
202603231818,   0.666,9999.000,9999.000,9999.000,9999.000,9999.000,9999.000,9999.000,9999.000
202603231824,   0.636,9999.000,9999.000,9999.000,9999.000,9999.000,9999.000,9999.000,9999.000
202603231830,   0.605,9999.000,9999.000,9999.000,9999.000,9999.000,9999.000,9999.000,9999.000
202603231836,   0.575,9999.000,9999.000,9999.000,9999.000,9999.000,9999.000,9999.000,9999.000
202603231842,   0.545,9999.000,9999.000,9999.000,9999.000,9999.000,9999.000,9999.000,9999.000
202603231848,   0.515,9999.000,9999.000,9999.000,9999.000,9999.000,9999.000,9999.000,9999.000
202603231854,   0.485,9999.000,9999.000,9999.000,9999.000,9999.000,9999.000,9999.000,9999.000
202603231900,   0.456,9999.000,   0.700,9999.000,   1.156,   0.700,   1.156,   0.700,   1.156
202603231906,   0.426,9999.000,9999.000,9999.000,9999.000,9999.000,9999.000,9999.000,9999.000
202603231912,   0.397,9999.000,9999.000,9999.000,9999.000,9999.000,9999.000,9999.000,9999.000
202603231918,   0.368,9999.000,9999.000,9999.000,9999.000,9999.000,9999.000,9999.000,9999.000
202603231924,   0.340,9999.000,9999.000,9999.000,9999.000,9999.000,9999.000,9999.000,9999.000
202603231930,   0.312,9999.000,9999.000,9999.000,9999.000,9999.000,9999.000,9999.000,9999.000
202603231936,   0.284,9999.000,9999.000,9999.000,9999.000,9999.000,9999.000,9999.000,9999.000
202603231942,   0.257,9999.000,9999.000,9999.000,9999.000,9999.000,9999.000,9999.000,9999.000
202603231948,   0.231,9999.000,9999.000,9999.000,9999.000,9999.000,9999.000,9999.000,9999.000
202603231954,   0.205,9999.000,9999.000,9999.000,9999.000,9999.000,9999.000,9999.000,9999.000
202603232000,   0.181,9999.000,   0.700,9999.000,   0.881,   0.600,   0.781,   0.700,   0.881
202603232006,   0.158,9999.000,9999.000,9999.000,9999.000,9999.000,9999.000,9999.000,9999.000
202603232012,   0.136,9999.000,9999.000,9999.000,9999.000,9999.000,9999.000,9999.000,9999.000
202603232018,   0.116,9999.000,9999.000,9999.000,9999.000,9999.000,9999.000,9999.000,9999.000
202603232024,   0.098,9999.000,9999.000,9999.000,9999.000,9999.000,9999.000,9999.000,9999.000
202603232030,   0.081,9999.000,9999.000,9999.000,9999.000,9999.000,9999.000,9999.000,9999.000
202603232036,   0.066,9999.000,9999.000,9999.000,9999.000,9999.000,9999.000,9999.000,9999.000
202603232042,   0.053,9999.000,9999.000,9999.000,9999.000,9999.000,9999.000,9999.000,9999.000
202603232048,   0.043,9999.000,9999.000,9999.000,9999.000,9999.000,9999.000,9999.000,9999.000
202603232054,   0.035,9999.000,9999.000,9999.000,9999.000,9999.000,9999.000,9999.000,9999.000
202603232100,   0.029,9999.000,   0.700,9999.000,   0.729,   0.600,   0.629,   0.700,   0.729
202603232106,   0.026,9999.000,9999.000,9999.000,9999.000,9999.000,9999.000,9999.000,9999.000
202603232112,   0.026,9999.000,9999.000,9999.000,9999.000,9999.000,9999.000,9999.000,9999.000
202603232118,   0.028,9999.000,9999.000,9999.000,9999.000,9999.000,9999.000,9999.000,9999.000
202603232124,   0.033,9999.000,9999.000,9999.000,9999.000,9999.000,9999.000,9999.000,9999.000
202603232130,   0.040,9999.000,9999.000,9999.000,9999.000,9999.000,9999.000,9999.000,9999.000
202603232136,   0.050,9999.000,9999.000,9999.000,9999.000,9999.000,9999.000,9999.000,9999.000
202603232142,   0.062,9999.000,9999.000,9999.000,9999.000,9999.000,9999.000,9999.000,9999.000
202603232148,   0.077,9999.000,9999.000,9999.000,9999.000,9999.000,9999.000,9999.000,9999.000
202603232154,   0.094,9999.000,9999.000,9999.000,9999.000,9999.000,9999.000,9999.000,9999.000
202603232200,   0.113,9999.000,   0.600,9999.000,   0.713,   0.600,   0.713,   0.700,   0.813
202603232206,   0.134,9999.000,9999.000,9999.000,9999.000,9999.000,9999.000,9999.000,9999.000
202603232212,   0.157,9999.000,9999.000,9999.000,9999.000,9999.000,9999.000,9999.000,9999.000
202603232218,   0.181,9999.000,9999.000,9999.000,9999.000,9999.000,9999.000,9999.000,9999.000
202603232224,   0.207,9999.000,9999.000,9999.000,9999.000,9999.000,9999.000,9999.000,9999.000
202603232230,   0.235,9999.000,9999.000,9999.000,9999.000,9999.000,9999.000,9999.000,9999.000
202603232236,   0.263,9999.000,9999.000,9999.000,9999.000,9999.000,9999.000,9999.000,9999.000
202603232242,   0.293,9999.000,9999.000,9999.000,9999.000,9999.000,9999.000,9999.000,9999.000
202603232248,   0.323,9999.000,9999.000,9999.000,9999.000,9999.000,9999.000,9999.000,9999.000
202603232254,   0.354,9999.000,9999.000,9999.000,9999.000,9999.000,9999.000,9999.000,9999.000
202603232300,   0.385,9999.000,   0.600,9999.000,   0.985,   0.600,   0.985,   0.600,   0.985
202603232306,   0.417,9999.000,9999.000,9999.000,9999.000,9999.000,9999.000,9999.000,9999.000
202603232312,   0.448,9999.000,9999.000,9999.000,9999.000,9999.000,9999.000,9999.000,9999.000
202603232318,   0.480,9999.000,9999.000,9999.000,9999.000,9999.000,9999.000,9999.000,9999.000
202603232324,   0.511,9999.000,9999.000,9999.000,9999.000,9999.000,9999.000,9999.000,9999.000
202603232330,   0.543,9999.000,9999.000,9999.000,9999.000,9999.000,9999.000,9999.000,9999.000
202603232336,   0.574,9999.000,9999.000,9999.000,9999.000,9999.000,9999.000,9999.000,9999.000
202603232342,   0.604,9999.000,9999.000,9999.000,9999.000,9999.000,9999.000,9999.000,9999.000
202603232348,   0.634,9999.000,9999.000,9999.000,9999.000,9999.000,9999.000,9999.000,9999.000
202603232354,   0.664,9999.000,9999.000,9999.000,9999.000,9999.000,9999.000,9999.000,9999.000
202603240000,   0.693,9999.000,   0.600,9999.000,   1.293,   0.600,   1.293,   0.600,   1.293
202603240006,   0.722,9999.000,9999.000,9999.000,9999.000,9999.000,9999.000,9999.000,9999.000
202603240012,   0.750,9999.000,9999.000,9999.000,9999.000,9999.000,9999.000,9999.000,9999.000
202603240018,   0.778,9999.000,9999.000,9999.000,9999.000,9999.000,9999.000,9999.000,9999.000
202603240024,   0.805,9999.000,9999.000,9999.000,9999.000,9999.000,9999.000,9999.000,9999.000
202603240030,   0.832,9999.000,9999.000,9999.000,9999.000,9999.000,9999.000,9999.000,9999.000
202603240036,   0.859,9999.000,9999.000,9999.000,9999.000,9999.000,9999.000,9999.000,9999.000
202603240042,   0.885,9999.000,9999.000,9999.000,9999.000,9999.000,9999.000,9999.000,9999.000
202603240048,   0.911,9999.000,9999.000,9999.000,9999.000,9999.000,9999.000,9999.000,9999.000
202603240054,   0.937,9999.000,9999.000,9999.000,9999.000,9999.000,9999.000,9999.000,9999.000
202603240100,   0.963,9999.000,   0.600,9999.000,   1.563,   0.600,   1.563,   0.600,   1.563
202603240106,   0.988,9999.000,9999.000,9999.000,9999.000,9999.000,9999.000,9999.000,9999.000
202603240112,   1.013,9999.000,9999.000,9999.000,9999.000,9999.000,9999.000,9999.000,9999.000
202603240118,   1.038,9999.000,9999.000,9999.000,9999.000,9999.000,9999.000,9999.000,9999.000
202603240124,   1.062,9999.000,9999.000,9999.000,9999.000,9999.000,9999.000,9999.000,9999.000
202603240130,   1.086,9999.000,9999.000,9999.000,9999.000,9999.000,9999.000,9999.000,9999.000
202603240136,   1.109,9999.000,9999.000,9999.000,9999.000,9999.000,9999.000,9999.000,9999.000
202603240142,   1.132,9999.000,9999.000,9999.000,9999.000,9999.000,9999.000,9999.000,9999.000
202603240148,   1.155,9999.000,9999.000,9999.000,9999.000,9999.000,9999.000,9999.000,9999.000
202603240154,   1.176,9999.000,9999.000,9999.000,9999.000,9999.000,9999.000,9999.000,9999.000
202603240200,   1.197,9999.000,   0.600,9999.000,   1.797,   0.500,   1.697,   0.600,   1.797
202603240206,   1.217,9999.000,9999.000,9999.000,9999.000,9999.000,9999.000,9999.000,9999.000
202603240212,   1.235,9999.000,9999.000,9999.000,9999.000,9999.000,9999.000,9999.000,9999.000
202603240218,   1.252,9999.000,9999.000,9999.000,9999.000,9999.000,9999.000,9999.000,9999.000
202603240224,   1.268,9999.000,9999.000,9999.000,9999.000,9999.000,9999.000,9999.000,9999.000
202603240230,   1.282,9999.000,9999.000,9999.000,9999.000,9999.000,9999.000,9999.000,9999.000
202603240236,   1.294,9999.000,9999.000,9999.000,9999.000,9999.000,9999.000,9999.000,9999.000
202603240242,   1.305,9999.000,9999.000,9999.000,9999.000,9999.000,9999.000,9999.000,9999.000
202603240248,   1.313,9999.000,9999.000,9999.000,9999.000,9999.000,9999.000,9999.000,9999.000
202603240254,   1.319,9999.000,9999.000,9999.000,9999.000,9999.000,9999.000,9999.000,9999.000
202603240300,   1.323,9999.000,   0.600,9999.000,   1.923,   0.500,   1.823,   0.600,   1.923
202603240306,   1.324,9999.000,9999.000,9999.000,9999.000,9999.000,9999.000,9999.000,9999.000
202603240312,   1.323,9999.000,9999.000,9999.000,9999.000,9999.000,9999.000,9999.000,9999.000
202603240318,   1.320,9999.000,9999.000,9999.000,9999.000,9999.000,9999.000,9999.000,9999.000
202603240324,   1.313,9999.000,9999.000,9999.000,9999.000,9999.000,9999.000,9999.000,9999.000
202603240330,   1.305,9999.000,9999.000,9999.000,9999.000,9999.000,9999.000,9999.000,9999.000
202603240336,   1.293,9999.000,9999.000,9999.000,9999.000,9999.000,9999.000,9999.000,9999.000
202603240342,   1.279,9999.000,9999.000,9999.000,9999.000,9999.000,9999.000,9999.000,9999.000
202603240348,   1.263,9999.000,9999.000,9999.000,9999.000,9999.000,9999.000,9999.000,9999.000
202603240354,   1.244,9999.000,9999.000,9999.000,9999.000,9999.000,9999.000,9999.000,9999.000
202603240400,   1.223,9999.000,   0.600,9999.000,   1.823,   0.500,   1.723,   0.600,   1.823
202603240406,   1.199,9999.000,9999.000,9999.000,9999.000,9999.000,9999.000,9999.000,9999.000
202603240412,   1.174,9999.000,9999.000,9999.000,9999.000,9999.000,9999.000,9999.000,9999.000
202603240418,   1.146,9999.000,9999.000,9999.000,9999.000,9999.000,9999.000,9999.000,9999.000
202603240424,   1.117,9999.000,9999.000,9999.000,9999.000,9999.000,9999.000,9999.000,9999.000
202603240430,   1.087,9999.000,9999.000,9999.000,9999.000,9999.000,9999.000,9999.000,9999.000
202603240436,   1.055,9999.000,9999.000,9999.000,9999.000,9999.000,9999.000,9999.000,9999.000
202603240442,   1.022,9999.000,9999.000,9999.000,9999.000,9999.000,9999.000,9999.000,9999.000
202603240448,   0.988,9999.000,9999.000,9999.000,9999.000,9999.000,9999.000,9999.000,9999.000
202603240454,   0.953,9999.000,9999.000,9999.000,9999.000,9999.000,9999.000,9999.000,9999.000
202603240500,   0.918,9999.000,   0.500,9999.000,   1.418,   0.500,   1.418,   0.600,   1.518
202603240506,   0.882,9999.000,9999.000,9999.000,9999.000,9999.000,9999.000,9999.000,9999.000
202603240512,   0.847,9999.000,9999.000,9999.000,9999.000,9999.000,9999.000,9999.000,9999.000
202603240518,   0.811,9999.000,9999.000,9999.000,9999.000,9999.000,9999.000,9999.000,9999.000
202603240524,   0.776,9999.000,9999.000,9999.000,9999.000,9999.000,9999.000,9999.000,9999.000
202603240530,   0.741,9999.000,9999.000,9999.000,9999.000,9999.000,9999.000,9999.000,9999.000
202603240536,   0.706,9999.000,9999.000,9999.000,9999.000,9999.000,9999.000,9999.000,9999.000
202603240542,   0.672,9999.000,9999.000,9999.000,9999.000,9999.000,9999.000,9999.000,9999.000
202603240548,   0.638,9999.000,9999.000,9999.000,9999.000,9999.000,9999.000,9999.000,9999.000
202603240554,   0.606,9999.000,9999.000,9999.000,9999.000,9999.000,9999.000,9999.000,9999.000
202603240600,   0.574,9999.000,   0.500,9999.000,   1.074,   0.400,   0.974,   0.600,   1.174
202603240606,   0.543,9999.000,9999.000,9999.000,9999.000,9999.000,9999.000,9999.000,9999.000
202603240612,   0.513,9999.000,9999.000,9999.000,9999.000,9999.000,9999.000,9999.000,9999.000
202603240618,   0.483,9999.000,9999.000,9999.000,9999.000,9999.000,9999.000,9999.000,9999.000
202603240624,   0.455,9999.000,9999.000,9999.000,9999.000,9999.000,9999.000,9999.000,9999.000
202603240630,   0.427,9999.000,9999.000,9999.000,9999.000,9999.000,9999.000,9999.000,9999.000
202603240636,   0.400,9999.000,9999.000,9999.000,9999.000,9999.000,9999.000,9999.000,9999.000
202603240642,   0.374,9999.000,9999.000,9999.000,9999.000,9999.000,9999.000,9999.000,9999.000
202603240648,   0.348,9999.000,9999.000,9999.000,9999.000,9999.000,9999.000,9999.000,9999.000
202603240654,   0.324,9999.000,9999.000,9999.000,9999.000,9999.000,9999.000,9999.000,9999.000
202603240700,   0.300,9999.000,   0.500,9999.000,   0.800,   0.400,   0.700,   0.600,   0.900
202603240706,   0.276,9999.000,9999.000,9999.000,9999.000,9999.000,9999.000,9999.000,9999.000
202603240712,   0.253,9999.000,9999.000,9999.000,9999.000,9999.000,9999.000,9999.000,9999.000
202603240718,   0.231,9999.000,9999.000,9999.000,9999.000,9999.000,9999.000,9999.000,9999.000
202603240724,   0.209,9999.000,9999.000,9999.000,9999.000,9999.000,9999.000,9999.000,9999.000
202603240730,   0.188,9999.000,9999.000,9999.000,9999.000,9999.000,9999.000,9999.000,9999.000
202603240736,   0.167,9999.000,9999.000,9999.000,9999.000,9999.000,9999.000,9999.000,9999.000
202603240742,   0.147,9999.000,9999.000,9999.000,9999.000,9999.000,9999.000,9999.000,9999.000
202603240748,   0.128,9999.000,9999.000,9999.000,9999.000,9999.000,9999.000,9999.000,9999.000
202603240754,   0.110,9999.000,9999.000,9999.000,9999.000,9999.000,9999.000,9999.000,9999.000
202603240800,   0.092,9999.000,   0.500,9999.000,   0.592,   0.400,   0.492,   0.600,   0.692
202603240806,   0.075,9999.000,9999.000,9999.000,9999.000,9999.000,9999.000,9999.000,9999.000
202603240812,   0.059,9999.000,9999.000,9999.000,9999.000,9999.000,9999.000,9999.000,9999.000
202603240818,   0.045,9999.000,9999.000,9999.000,9999.000,9999.000,9999.000,9999.000,9999.000
202603240824,   0.032,9999.000,9999.000,9999.000,9999.000,9999.000,9999.000,9999.000,9999.000
202603240830,   0.020,9999.000,9999.000,9999.000,9999.000,9999.000,9999.000,9999.000,9999.000
202603240836,   0.009,9999.000,9999.000,9999.000,9999.000,9999.000,9999.000,9999.000,9999.000
202603240842,   0.001,9999.000,9999.000,9999.000,9999.000,9999.000,9999.000,9999.000,9999.000
202603240848,  -0.005,9999.000,9999.000,9999.000,9999.000,9999.000,9999.000,9999.000,9999.000
202603240854,  -0.010,9999.000,9999.000,9999.000,9999.000,9999.000,9999.000,9999.000,9999.000
202603240900,  -0.013,9999.000,   0.500,9999.000,   0.487,   0.400,   0.387,   0.600,   0.587
202603240906,  -0.014,9999.000,9999.000,9999.000,9999.000,9999.000,9999.000,9999.000,9999.000
202603240912,  -0.012,9999.000,9999.000,9999.000,9999.000,9999.000,9999.000,9999.000,9999.000
202603240918,  -0.008,9999.000,9999.000,9999.000,9999.000,9999.000,9999.000,9999.000,9999.000
202603240924,  -0.002,9999.000,9999.000,9999.000,9999.000,9999.000,9999.000,9999.000,9999.000
202603240930,   0.006,9999.000,9999.000,9999.000,9999.000,9999.000,9999.000,9999.000,9999.000
202603240936,   0.017,9999.000,9999.000,9999.000,9999.000,9999.000,9999.000,9999.000,9999.000
202603240942,   0.031,9999.000,9999.000,9999.000,9999.000,9999.000,9999.000,9999.000,9999.000
202603240948,   0.048,9999.000,9999.000,9999.000,9999.000,9999.000,9999.000,9999.000,9999.000
202603240954,   0.066,9999.000,9999.000,9999.000,9999.000,9999.000,9999.000,9999.000,9999.000
202603241000,   0.088,9999.000,   0.500,9999.000,   0.588,   0.400,   0.488,   0.600,   0.688
202603241006,   0.111,9999.000,9999.000,9999.000,9999.000,9999.000,9999.000,9999.000,9999.000
202603241012,   0.137,9999.000,9999.000,9999.000,9999.000,9999.000,9999.000,9999.000,9999.000
202603241018,   0.164,9999.000,9999.000,9999.000,9999.000,9999.000,9999.000,9999.000,9999.000
202603241024,   0.194,9999.000,9999.000,9999.000,9999.000,9999.000,9999.000,9999.000,9999.000
202603241030,   0.225,9999.000,9999.000,9999.000,9999.000,9999.000,9999.000,9999.000,9999.000
202603241036,   0.258,9999.000,9999.000,9999.000,9999.000,9999.000,9999.000,9999.000,9999.000
202603241042,   0.292,9999.000,9999.000,9999.000,9999.000,9999.000,9999.000,9999.000,9999.000
202603241048,   0.328,9999.000,9999.000,9999.000,9999.000,9999.000,9999.000,9999.000,9999.000
202603241054,   0.364,9999.000,9999.000,9999.000,9999.000,9999.000,9999.000,9999.000,9999.000
202603241100,   0.402,9999.000,   0.500,9999.000,   0.902,   0.400,   0.802,   0.600,   1.002
202603241106,   0.439,9999.000,9999.000,9999.000,9999.000,9999.000,9999.000,9999.000,9999.000
202603241112,   0.478,9999.000,9999.000,9999.000,9999.000,9999.000,9999.000,9999.000,9999.000
202603241118,   0.516,9999.000,9999.000,9999.000,9999.000,9999.000,9999.000,9999.000,9999.000
202603241124,   0.555,9999.000,9999.000,9999.000,9999.000,9999.000,9999.000,9999.000,9999.000
202603241130,   0.593,9999.000,9999.000,9999.000,9999.000,9999.000,9999.000,9999.000,9999.000
202603241136,   0.631,9999.000,9999.000,9999.000,9999.000,9999.000,9999.000,9999.000,9999.000
202603241142,   0.669,9999.000,9999.000,9999.000,9999.000,9999.000,9999.000,9999.000,9999.000
202603241148,   0.706,9999.000,9999.000,9999.000,9999.000,9999.000,9999.000,9999.000,9999.000
202603241154,   0.742,9999.000,9999.000,9999.000,9999.000,9999.000,9999.000,9999.000,9999.000
202603241200,   0.778,9999.000,   0.500,9999.000,   1.278,   0.400,   1.178,   0.600,   1.378
202603241206,   0.813,9999.000,9999.000,9999.000,9999.000,9999.000,9999.000,9999.000,9999.000
202603241212,   0.848,9999.000,9999.000,9999.000,9999.000,9999.000,9999.000,9999.000,9999.000
202603241218,   0.881,9999.000,9999.000,9999.000,9999.000,9999.000,9999.000,9999.000,9999.000
202603241224,   0.914,9999.000,9999.000,9999.000,9999.000,9999.000,9999.000,9999.000,9999.000
202603241230,   0.946,9999.000,9999.000,9999.000,9999.000,9999.000,9999.000,9999.000,9999.000
202603241236,   0.977,9999.000,9999.000,9999.000,9999.000,9999.000,9999.000,9999.000,9999.000
202603241242,   1.007,9999.000,9999.000,9999.000,9999.000,9999.000,9999.000,9999.000,9999.000
202603241248,   1.037,9999.000,9999.000,9999.000,9999.000,9999.000,9999.000,9999.000,9999.000
202603241254,   1.066,9999.000,9999.000,9999.000,9999.000,9999.000,9999.000,9999.000,9999.000
202603241300,   1.094,9999.000,   0.500,9999.000,   1.594,   0.400,   1.494,   0.600,   1.694
202603241306,   1.122,9999.000,9999.000,9999.000,9999.000,9999.000,9999.000,9999.000,9999.000
202603241312,   1.149,9999.000,9999.000,9999.000,9999.000,9999.000,9999.000,9999.000,9999.000
202603241318,   1.176,9999.000,9999.000,9999.000,9999.000,9999.000,9999.000,9999.000,9999.000
202603241324,   1.202,9999.000,9999.000,9999.000,9999.000,9999.000,9999.000,9999.000,9999.000
202603241330,   1.228,9999.000,9999.000,9999.000,9999.000,9999.000,9999.000,9999.000,9999.000
202603241336,   1.254,9999.000,9999.000,9999.000,9999.000,9999.000,9999.000,9999.000,9999.000
202603241342,   1.279,9999.000,9999.000,9999.000,9999.000,9999.000,9999.000,9999.000,9999.000
202603241348,   1.304,9999.000,9999.000,9999.000,9999.000,9999.000,9999.000,9999.000,9999.000
202603241354,   1.329,9999.000,9999.000,9999.000,9999.000,9999.000,9999.000,9999.000,9999.000
202603241400,   1.353,9999.000,   0.500,9999.000,   1.853,   0.400,   1.753,   0.600,   1.953
202603241406,   1.376,9999.000,9999.000,9999.000,9999.000,9999.000,9999.000,9999.000,9999.000
202603241412,   1.399,9999.000,9999.000,9999.000,9999.000,9999.000,9999.000,9999.000,9999.000
202603241418,   1.422,9999.000,9999.000,9999.000,9999.000,9999.000,9999.000,9999.000,9999.000
202603241424,   1.443,9999.000,9999.000,9999.000,9999.000,9999.000,9999.000,9999.000,9999.000
202603241430,   1.464,9999.000,9999.000,9999.000,9999.000,9999.000,9999.000,9999.000,9999.000
202603241436,   1.484,9999.000,9999.000,9999.000,9999.000,9999.000,9999.000,9999.000,9999.000
202603241442,   1.502,9999.000,9999.000,9999.000,9999.000,9999.000,9999.000,9999.000,9999.000
202603241448,   1.520,9999.000,9999.000,9999.000,9999.000,9999.000,9999.000,9999.000,9999.000
202603241454,   1.536,9999.000,9999.000,9999.000,9999.000,9999.000,9999.000,9999.000,9999.000
202603241500,   1.550,9999.000,   0.500,9999.000,   2.050,   0.400,   1.950,   0.600,   2.150
202603241506,   1.562,9999.000,9999.000,9999.000,9999.000,9999.000,9999.000,9999.000,9999.000
202603241512,   1.573,9999.000,9999.000,9999.000,9999.000,9999.000,9999.000,9999.000,9999.000
202603241518,   1.582,9999.000,9999.000,9999.000,9999.000,9999.000,9999.000,9999.000,9999.000
202603241524,   1.589,9999.000,9999.000,9999.000,9999.000,9999.000,9999.000,9999.000,9999.000
202603241530,   1.593,9999.000,9999.000,9999.000,9999.000,9999.000,9999.000,9999.000,9999.000
202603241536,   1.596,9999.000,9999.000,9999.000,9999.000,9999.000,9999.000,9999.000,9999.000
202603241542,   1.595,9999.000,9999.000,9999.000,9999.000,9999.000,9999.000,9999.000,9999.000
202603241548,   1.593,9999.000,9999.000,9999.000,9999.000,9999.000,9999.000,9999.000,9999.000
202603241554,   1.588,9999.000,9999.000,9999.000,9999.000,9999.000,9999.000,9999.000,9999.000
202603241600,   1.581,9999.000,   0.500,9999.000,   2.081,   0.400,   1.981,   0.600,   2.181
202603241606,   1.571,9999.000,9999.000,9999.000,9999.000,9999.000,9999.000,9999.000,9999.000
202603241612,   1.559,9999.000,9999.000,9999.000,9999.000,9999.000,9999.000,9999.000,9999.000
202603241618,   1.545,9999.000,9999.000,9999.000,9999.000,9999.000,9999.000,9999.000,9999.000
202603241624,   1.529,9999.000,9999.000,9999.000,9999.000,9999.000,9999.000,9999.000,9999.000
202603241630,   1.510,9999.000,9999.000,9999.000,9999.000,9999.000,9999.000,9999.000,9999.000
202603241636,   1.490,9999.000,9999.000,9999.000,9999.000,9999.000,9999.000,9999.000,9999.000
202603241642,   1.467,9999.000,9999.000,9999.000,9999.000,9999.000,9999.000,9999.000,9999.000
202603241648,   1.443,9999.000,9999.000,9999.000,9999.000,9999.000,9999.000,9999.000,9999.000
202603241654,   1.418,9999.000,9999.000,9999.000,9999.000,9999.000,9999.000,9999.000,9999.000
202603241700,   1.391,9999.000,   0.500,9999.000,   1.891,   0.400,   1.791,   0.600,   1.991
202603241706,   1.362,9999.000,9999.000,9999.000,9999.000,9999.000,9999.000,9999.000,9999.000
202603241712,   1.333,9999.000,9999.000,9999.000,9999.000,9999.000,9999.000,9999.000,9999.000
202603241718,   1.303,9999.000,9999.000,9999.000,9999.000,9999.000,9999.000,9999.000,9999.000
202603241724,   1.273,9999.000,9999.000,9999.000,9999.000,9999.000,9999.000,9999.000,9999.000
202603241730,   1.241,9999.000,9999.000,9999.000,9999.000,9999.000,9999.000,9999.000,9999.000
202603241736,   1.210,9999.000,9999.000,9999.000,9999.000,9999.000,9999.000,9999.000,9999.000
202603241742,   1.178,9999.000,9999.000,9999.000,9999.000,9999.000,9999.000,9999.000,9999.000
202603241748,   1.146,9999.000,9999.000,9999.000,9999.000,9999.000,9999.000,9999.000,9999.000
202603241754,   1.115,9999.000,9999.000,9999.000,9999.000,9999.000,9999.000,9999.000,9999.000
202603241800,   1.083,9999.000,   0.500,9999.000,   1.583,   0.400,   1.483,   0.600,   1.683
202603241806,   1.052,9999.000,9999.000,9999.000,9999.000,9999.000,9999.000,9999.000,9999.000
202603241812,   1.021,9999.000,9999.000,9999.000,9999.000,9999.000,9999.000,9999.000,9999.000
202603241818,   0.990,9999.000,9999.000,9999.000,9999.000,9999.000,9999.000,9999.000,9999.000
202603241824,   0.959,9999.000,9999.000,9999.000,9999.000,9999.000,9999.000,9999.000,9999.000
202603241830,   0.929,9999.000,9999.000,9999.000,9999.000,9999.000,9999.000,9999.000,9999.000
202603241836,   0.900,9999.000,9999.000,9999.000,9999.000,9999.000,9999.000,9999.000,9999.000
202603241842,   0.871,9999.000,9999.000,9999.000,9999.000,9999.000,9999.000,9999.000,9999.000
202603241848,   0.842,9999.000,9999.000,9999.000,9999.000,9999.000,9999.000,9999.000,9999.000
202603241854,   0.813,9999.000,9999.000,9999.000,9999.000,9999.000,9999.000,9999.000,9999.000
202603241900,   0.785,9999.000,   0.600,9999.000,   1.385,   0.400,   1.185,   0.700,   1.485
202603241906,   0.756,9999.000,9999.000,9999.000,9999.000,9999.000,9999.000,9999.000,9999.000
202603241912,   0.728,9999.000,9999.000,9999.000,9999.000,9999.000,9999.000,9999.000,9999.000
202603241918,   0.700,9999.000,9999.000,9999.000,9999.000,9999.000,9999.000,9999.000,9999.000
202603241924,   0.672,9999.000,9999.000,9999.000,9999.000,9999.000,9999.000,9999.000,9999.000
202603241930,   0.644,9999.000,9999.000,9999.000,9999.000,9999.000,9999.000,9999.000,9999.000
202603241936,   0.617,9999.000,9999.000,9999.000,9999.000,9999.000,9999.000,9999.000,9999.000
202603241942,   0.589,9999.000,9999.000,9999.000,9999.000,9999.000,9999.000,9999.000,9999.000
202603241948,   0.560,9999.000,9999.000,9999.000,9999.000,9999.000,9999.000,9999.000,9999.000
202603241954,   0.532,9999.000,9999.000,9999.000,9999.000,9999.000,9999.000,9999.000,9999.000
202603242000,   0.504,9999.000,   0.600,9999.000,   1.104,   0.400,   0.904,   0.700,   1.204
202603242006,   0.476,9999.000,9999.000,9999.000,9999.000,9999.000,9999.000,9999.000,9999.000
202603242012,   0.448,9999.000,9999.000,9999.000,9999.000,9999.000,9999.000,9999.000,9999.000
202603242018,   0.420,9999.000,9999.000,9999.000,9999.000,9999.000,9999.000,9999.000,9999.000
202603242024,   0.392,9999.000,9999.000,9999.000,9999.000,9999.000,9999.000,9999.000,9999.000
202603242030,   0.365,9999.000,9999.000,9999.000,9999.000,9999.000,9999.000,9999.000,9999.000
202603242036,   0.338,9999.000,9999.000,9999.000,9999.000,9999.000,9999.000,9999.000,9999.000
202603242042,   0.312,9999.000,9999.000,9999.000,9999.000,9999.000,9999.000,9999.000,9999.000
202603242048,   0.286,9999.000,9999.000,9999.000,9999.000,9999.000,9999.000,9999.000,9999.000
202603242054,   0.261,9999.000,9999.000,9999.000,9999.000,9999.000,9999.000,9999.000,9999.000
202603242100,   0.238,9999.000,   0.600,9999.000,   0.838,   0.500,   0.738,   0.700,   0.938
202603242106,   0.215,9999.000,9999.000,9999.000,9999.000,9999.000,9999.000,9999.000,9999.000
202603242112,   0.194,9999.000,9999.000,9999.000,9999.000,9999.000,9999.000,9999.000,9999.000
202603242118,   0.175,9999.000,9999.000,9999.000,9999.000,9999.000,9999.000,9999.000,9999.000
202603242124,   0.157,9999.000,9999.000,9999.000,9999.000,9999.000,9999.000,9999.000,9999.000
202603242130,   0.141,9999.000,9999.000,9999.000,9999.000,9999.000,9999.000,9999.000,9999.000
202603242136,   0.127,9999.000,9999.000,9999.000,9999.000,9999.000,9999.000,9999.000,9999.000
202603242142,   0.115,9999.000,9999.000,9999.000,9999.000,9999.000,9999.000,9999.000,9999.000
202603242148,   0.105,9999.000,9999.000,9999.000,9999.000,9999.000,9999.000,9999.000,9999.000
202603242154,   0.097,9999.000,9999.000,9999.000,9999.000,9999.000,9999.000,9999.000,9999.000
202603242200,   0.092,9999.000,   0.600,9999.000,   0.692,   0.500,   0.592,   0.700,   0.792
202603242206,   0.089,9999.000,9999.000,9999.000,9999.000,9999.000,9999.000,9999.000,9999.000
202603242212,   0.089,9999.000,9999.000,9999.000,9999.000,9999.000,9999.000,9999.000,9999.000
202603242218,   0.091,9999.000,9999.000,9999.000,9999.000,9999.000,9999.000,9999.000,9999.000
202603242224,   0.096,9999.000,9999.000,9999.000,9999.000,9999.000,9999.000,9999.000,9999.000
202603242230,   0.103,9999.000,9999.000,9999.000,9999.000,9999.000,9999.000,9999.000,9999.000
202603242236,   0.112,9999.000,9999.000,9999.000,9999.000,9999.000,9999.000,9999.000,9999.000
202603242242,   0.123,9999.000,9999.000,9999.000,9999.000,9999.000,9999.000,9999.000,9999.000
202603242248,   0.137,9999.000,9999.000,9999.000,9999.000,9999.000,9999.000,9999.000,9999.000
202603242254,   0.152,9999.000,9999.000,9999.000,9999.000,9999.000,9999.000,9999.000,9999.000
202603242300,   0.169,9999.000,   0.600,9999.000,   0.769,   0.500,   0.669,   0.700,   0.869
202603242306,   0.188,9999.000,9999.000,9999.000,9999.000,9999.000,9999.000,9999.000,9999.000
202603242312,   0.208,9999.000,9999.000,9999.000,9999.000,9999.000,9999.000,9999.000,9999.000
202603242318,   0.230,9999.000,9999.000,9999.000,9999.000,9999.000,9999.000,9999.000,9999.000
202603242324,   0.253,9999.000,9999.000,9999.000,9999.000,9999.000,9999.000,9999.000,9999.000
202603242330,   0.277,9999.000,9999.000,9999.000,9999.000,9999.000,9999.000,9999.000,9999.000
202603242336,   0.302,9999.000,9999.000,9999.000,9999.000,9999.000,9999.000,9999.000,9999.000
202603242342,   0.327,9999.000,9999.000,9999.000,9999.000,9999.000,9999.000,9999.000,9999.000
202603242348,   0.353,9999.000,9999.000,9999.000,9999.000,9999.000,9999.000,9999.000,9999.000
202603242354,   0.379,9999.000,9999.000,9999.000,9999.000,9999.000,9999.000,9999.000,9999.000
202603250000,   0.406,9999.000,   0.700,9999.000,   1.106,   0.600,   1.006,   0.800,   1.206
202603250006,   0.432,9999.000,9999.000,9999.000,9999.000,9999.000,9999.000,9999.000,9999.000
202603250012,   0.459,9999.000,9999.000,9999.000,9999.000,9999.000,9999.000,9999.000,9999.000
202603250018,   0.485,9999.000,9999.000,9999.000,9999.000,9999.000,9999.000,9999.000,9999.000
202603250024,   0.512,9999.000,9999.000,9999.000,9999.000,9999.000,9999.000,9999.000,9999.000
202603250030,   0.538,9999.000,9999.000,9999.000,9999.000,9999.000,9999.000,9999.000,9999.000
202603250036,   0.563,9999.000,9999.000,9999.000,9999.000,9999.000,9999.000,9999.000,9999.000
202603250042,   0.589,9999.000,9999.000,9999.000,9999.000,9999.000,9999.000,9999.000,9999.000
202603250048,   0.614,9999.000,9999.000,9999.000,9999.000,9999.000,9999.000,9999.000,9999.000
202603250054,   0.639,9999.000,9999.000,9999.000,9999.000,9999.000,9999.000,9999.000,9999.000
202603250100,   0.663,9999.000,   0.700,9999.000,   1.363,   0.700,   1.363,   0.800,   1.463
202603250106,   0.687,9999.000,9999.000,9999.000,9999.000,9999.000,9999.000,9999.000,9999.000
202603250112,   0.711,9999.000,9999.000,9999.000,9999.000,9999.000,9999.000,9999.000,9999.000
202603250118,   0.735,9999.000,9999.000,9999.000,9999.000,9999.000,9999.000,9999.000,9999.000
202603250124,   0.759,9999.000,9999.000,9999.000,9999.000,9999.000,9999.000,9999.000,9999.000
202603250130,   0.782,9999.000,9999.000,9999.000,9999.000,9999.000,9999.000,9999.000,9999.000
202603250136,   0.805,9999.000,9999.000,9999.000,9999.000,9999.000,9999.000,9999.000,9999.000
202603250142,   0.829,9999.000,9999.000,9999.000,9999.000,9999.000,9999.000,9999.000,9999.000
202603250148,   0.852,9999.000,9999.000,9999.000,9999.000,9999.000,9999.000,9999.000,9999.000
202603250154,   0.875,9999.000,9999.000,9999.000,9999.000,9999.000,9999.000,9999.000,9999.000
202603250200,   0.899,9999.000,   0.800,9999.000,   1.699,   0.700,   1.599,   0.800,   1.699
202603250206,   0.922,9999.000,9999.000,9999.000,9999.000,9999.000,9999.000,9999.000,9999.000
202603250212,   0.945,9999.000,9999.000,9999.000,9999.000,9999.000,9999.000,9999.000,9999.000
202603250218,   0.968,9999.000,9999.000,9999.000,9999.000,9999.000,9999.000,9999.000,9999.000
202603250224,   0.991,9999.000,9999.000,9999.000,9999.000,9999.000,9999.000,9999.000,9999.000
202603250230,   1.013,9999.000,9999.000,9999.000,9999.000,9999.000,9999.000,9999.000,9999.000
202603250236,   1.036,9999.000,9999.000,9999.000,9999.000,9999.000,9999.000,9999.000,9999.000
202603250242,   1.058,9999.000,9999.000,9999.000,9999.000,9999.000,9999.000,9999.000,9999.000
202603250248,   1.079,9999.000,9999.000,9999.000,9999.000,9999.000,9999.000,9999.000,9999.000
202603250254,   1.099,9999.000,9999.000,9999.000,9999.000,9999.000,9999.000,9999.000,9999.000
202603250300,   1.119,9999.000,   0.800,9999.000,   1.919,   0.700,   1.819,   0.900,   2.019
202603250306,   1.138,9999.000,9999.000,9999.000,9999.000,9999.000,9999.000,9999.000,9999.000
202603250312,   1.155,9999.000,9999.000,9999.000,9999.000,9999.000,9999.000,9999.000,9999.000
202603250318,   1.172,9999.000,9999.000,9999.000,9999.000,9999.000,9999.000,9999.000,9999.000
202603250324,   1.186,9999.000,9999.000,9999.000,9999.000,9999.000,9999.000,9999.000,9999.000
202603250330,   1.200,9999.000,9999.000,9999.000,9999.000,9999.000,9999.000,9999.000,9999.000
202603250336,   1.211,9999.000,9999.000,9999.000,9999.000,9999.000,9999.000,9999.000,9999.000
202603250342,   1.221,9999.000,9999.000,9999.000,9999.000,9999.000,9999.000,9999.000,9999.000
202603250348,   1.228,9999.000,9999.000,9999.000,9999.000,9999.000,9999.000,9999.000,9999.000
202603250354,   1.233,9999.000,9999.000,9999.000,9999.000,9999.000,9999.000,9999.000,9999.000
202603250400,   1.236,9999.000,   0.800,9999.000,   2.036,   0.700,   1.936,   0.900,   2.136
202603250406,   1.237,9999.000,9999.000,9999.000,9999.000,9999.000,9999.000,9999.000,9999.000
202603250412,   1.235,9999.000,9999.000,9999.000,9999.000,9999.000,9999.000,9999.000,9999.000
202603250418,   1.231,9999.000,9999.000,9999.000,9999.000,9999.000,9999.000,9999.000,9999.000
202603250424,   1.224,9999.000,9999.000,9999.000,9999.000,9999.000,9999.000,9999.000,9999.000
202603250430,   1.215,9999.000,9999.000,9999.000,9999.000,9999.000,9999.000,9999.000,9999.000
202603250436,   1.204,9999.000,9999.000,9999.000,9999.000,9999.000,9999.000,9999.000,9999.000
202603250442,   1.190,9999.000,9999.000,9999.000,9999.000,9999.000,9999.000,9999.000,9999.000
202603250448,   1.174,9999.000,9999.000,9999.000,9999.000,9999.000,9999.000,9999.000,9999.000
202603250454,   1.156,9999.000,9999.000,9999.000,9999.000,9999.000,9999.000,9999.000,9999.000
202603250500,   1.136,9999.000,   0.800,9999.000,   1.936,   0.700,   1.836,   0.900,   2.036
202603250506,   1.114,9999.000,9999.000,9999.000,9999.000,9999.000,9999.000,9999.000,9999.000
202603250512,   1.090,9999.000,9999.000,9999.000,9999.000,9999.000,9999.000,9999.000,9999.000
202603250518,   1.065,9999.000,9999.000,9999.000,9999.000,9999.000,9999.000,9999.000,9999.000
202603250524,   1.038,9999.000,9999.000,9999.000,9999.000,9999.000,9999.000,9999.000,9999.000
202603250530,   1.011,9999.000,9999.000,9999.000,9999.000,9999.000,9999.000,9999.000,9999.000
202603250536,   0.982,9999.000,9999.000,9999.000,9999.000,9999.000,9999.000,9999.000,9999.000
202603250542,   0.952,9999.000,9999.000,9999.000,9999.000,9999.000,9999.000,9999.000,9999.000
202603250548,   0.922,9999.000,9999.000,9999.000,9999.000,9999.000,9999.000,9999.000,9999.000
202603250554,   0.891,9999.000,9999.000,9999.000,9999.000,9999.000,9999.000,9999.000,9999.000
202603250600,   0.861,9999.000,   0.800,9999.000,   1.661,   0.700,   1.561,   0.900,   1.761
202603250606,   0.830,9999.000,9999.000,9999.000,9999.000,9999.000,9999.000,9999.000,9999.000
202603250612,   0.799,9999.000,9999.000,9999.000,9999.000,9999.000,9999.000,9999.000,9999.000
202603250618,   0.768,9999.000,9999.000,9999.000,9999.000,9999.000,9999.000,9999.000,9999.000
202603250624,   0.738,9999.000,9999.000,9999.000,9999.000,9999.000,9999.000,9999.000,9999.000
202603250630,   0.708,9999.000,9999.000,9999.000,9999.000,9999.000,9999.000,9999.000,9999.000
202603250636,   0.678,9999.000,9999.000,9999.000,9999.000,9999.000,9999.000,9999.000,9999.000
202603250642,   0.649,9999.000,9999.000,9999.000,9999.000,9999.000,9999.000,9999.000,9999.000
202603250648,   0.621,9999.000,9999.000,9999.000,9999.000,9999.000,9999.000,9999.000,9999.000
202603250654,   0.594,9999.000,9999.000,9999.000,9999.000,9999.000,9999.000,9999.000,9999.000
202603250700,   0.567,9999.000,   0.800,9999.000,   1.367,   0.700,   1.267,   0.900,   1.467
202603250706,   0.540,9999.000,9999.000,9999.000,9999.000,9999.000,9999.000,9999.000,9999.000
202603250712,   0.515,9999.000,9999.000,9999.000,9999.000,9999.000,9999.000,9999.000,9999.000
202603250718,   0.490,9999.000,9999.000,9999.000,9999.000,9999.000,9999.000,9999.000,9999.000
202603250724,   0.466,9999.000,9999.000,9999.000,9999.000,9999.000,9999.000,9999.000,9999.000
202603250730,   0.442,9999.000,9999.000,9999.000,9999.000,9999.000,9999.000,9999.000,9999.000
202603250736,   0.419,9999.000,9999.000,9999.000,9999.000,9999.000,9999.000,9999.000,9999.000
202603250742,   0.396,9999.000,9999.000,9999.000,9999.000,9999.000,9999.000,9999.000,9999.000
202603250748,   0.374,9999.000,9999.000,9999.000,9999.000,9999.000,9999.000,9999.000,9999.000
202603250754,   0.352,9999.000,9999.000,9999.000,9999.000,9999.000,9999.000,9999.000,9999.000
202603250800,   0.330,9999.000,   0.800,9999.000,   1.130,   0.700,   1.030,   0.900,   1.230
202603250806,   0.309,9999.000,9999.000,9999.000,9999.000,9999.000,9999.000,9999.000,9999.000
202603250812,   0.288,9999.000,9999.000,9999.000,9999.000,9999.000,9999.000,9999.000,9999.000
202603250818,   0.268,9999.000,9999.000,9999.000,9999.000,9999.000,9999.000,9999.000,9999.000
202603250824,   0.248,9999.000,9999.000,9999.000,9999.000,9999.000,9999.000,9999.000,9999.000
202603250830,   0.228,9999.000,9999.000,9999.000,9999.000,9999.000,9999.000,9999.000,9999.000
202603250836,   0.209,9999.000,9999.000,9999.000,9999.000,9999.000,9999.000,9999.000,9999.000
202603250842,   0.190,9999.000,9999.000,9999.000,9999.000,9999.000,9999.000,9999.000,9999.000
202603250848,   0.171,9999.000,9999.000,9999.000,9999.000,9999.000,9999.000,9999.000,9999.000
202603250854,   0.154,9999.000,9999.000,9999.000,9999.000,9999.000,9999.000,9999.000,9999.000
202603250900,   0.137,9999.000,   0.800,9999.000,   0.937,   0.800,   0.937,   0.900,   1.037
202603250906,   0.121,9999.000,9999.000,9999.000,9999.000,9999.000,9999.000,9999.000,9999.000
202603250912,   0.106,9999.000,9999.000,9999.000,9999.000,9999.000,9999.000,9999.000,9999.000
202603250918,   0.092,9999.000,9999.000,9999.000,9999.000,9999.000,9999.000,9999.000,9999.000
202603250924,   0.079,9999.000,9999.000,9999.000,9999.000,9999.000,9999.000,9999.000,9999.000
202603250930,   0.068,9999.000,9999.000,9999.000,9999.000,9999.000,9999.000,9999.000,9999.000
202603250936,   0.058,9999.000,9999.000,9999.000,9999.000,9999.000,9999.000,9999.000,9999.000
202603250942,   0.050,9999.000,9999.000,9999.000,9999.000,9999.000,9999.000,9999.000,9999.000
202603250948,   0.043,9999.000,9999.000,9999.000,9999.000,9999.000,9999.000,9999.000,9999.000
202603250954,   0.039,9999.000,9999.000,9999.000,9999.000,9999.000,9999.000,9999.000,9999.000
202603251000,   0.037,9999.000,   0.800,9999.000,   0.837,   0.800,   0.837,   0.900,   0.937
202603251006,   0.037,9999.000,9999.000,9999.000,9999.000,9999.000,9999.000,9999.000,9999.000
202603251012,   0.039,9999.000,9999.000,9999.000,9999.000,9999.000,9999.000,9999.000,9999.000
202603251018,   0.043,9999.000,9999.000,9999.000,9999.000,9999.000,9999.000,9999.000,9999.000
202603251024,   0.050,9999.000,9999.000,9999.000,9999.000,9999.000,9999.000,9999.000,9999.000
202603251030,   0.059,9999.000,9999.000,9999.000,9999.000,9999.000,9999.000,9999.000,9999.000
202603251036,   0.070,9999.000,9999.000,9999.000,9999.000,9999.000,9999.000,9999.000,9999.000
202603251042,   0.084,9999.000,9999.000,9999.000,9999.000,9999.000,9999.000,9999.000,9999.000
202603251048,   0.100,9999.000,9999.000,9999.000,9999.000,9999.000,9999.000,9999.000,9999.000
202603251054,   0.118,9999.000,9999.000,9999.000,9999.000,9999.000,9999.000,9999.000,9999.000
202603251100,   0.138,9999.000,   0.800,9999.000,   0.938,   0.800,   0.938,   0.900,   1.038
202603251106,   0.161,9999.000,9999.000,9999.000,9999.000,9999.000,9999.000,9999.000,9999.000
202603251112,   0.185,9999.000,9999.000,9999.000,9999.000,9999.000,9999.000,9999.000,9999.000
202603251118,   0.211,9999.000,9999.000,9999.000,9999.000,9999.000,9999.000,9999.000,9999.000
202603251124,   0.239,9999.000,9999.000,9999.000,9999.000,9999.000,9999.000,9999.000,9999.000
202603251130,   0.268,9999.000,9999.000,9999.000,9999.000,9999.000,9999.000,9999.000,9999.000
202603251136,   0.298,9999.000,9999.000,9999.000,9999.000,9999.000,9999.000,9999.000,9999.000
202603251142,   0.330,9999.000,9999.000,9999.000,9999.000,9999.000,9999.000,9999.000,9999.000
202603251148,   0.362,9999.000,9999.000,9999.000,9999.000,9999.000,9999.000,9999.000,9999.000
202603251154,   0.395,9999.000,9999.000,9999.000,9999.000,9999.000,9999.000,9999.000,9999.000
202603251200,   0.429,9999.000,   0.800,9999.000,   1.229,   0.800,   1.229,   0.900,   1.329
202603251206,   0.463,9999.000,9999.000,9999.000,9999.000,9999.000,9999.000,9999.000,9999.000
202603251212,   0.497,9999.000,9999.000,9999.000,9999.000,9999.000,9999.000,9999.000,9999.000
202603251218,   0.531,9999.000,9999.000,9999.000,9999.000,9999.000,9999.000,9999.000,9999.000
202603251224,   0.565,9999.000,9999.000,9999.000,9999.000,9999.000,9999.000,9999.000,9999.000
202603251230,   0.598,9999.000,9999.000,9999.000,9999.000,9999.000,9999.000,9999.000,9999.000
202603251236,   0.632,9999.000,9999.000,9999.000,9999.000,9999.000,9999.000,9999.000,9999.000
202603251242,   0.665,9999.000,9999.000,9999.000,9999.000,9999.000,9999.000,9999.000,9999.000
202603251248,   0.697,9999.000,9999.000,9999.000,9999.000,9999.000,9999.000,9999.000,9999.000
202603251254,   0.729,9999.000,9999.000,9999.000,9999.000,9999.000,9999.000,9999.000,9999.000
202603251300,   0.760,9999.000,   0.800,9999.000,   1.560,   0.800,   1.560,   0.900,   1.660
202603251306,   0.790,9999.000,9999.000,9999.000,9999.000,9999.000,9999.000,9999.000,9999.000
202603251312,   0.820,9999.000,9999.000,9999.000,9999.000,9999.000,9999.000,9999.000,9999.000
202603251318,   0.849,9999.000,9999.000,9999.000,9999.000,9999.000,9999.000,9999.000,9999.000
202603251324,   0.878,9999.000,9999.000,9999.000,9999.000,9999.000,9999.000,9999.000,9999.000
202603251330,   0.906,9999.000,9999.000,9999.000,9999.000,9999.000,9999.000,9999.000,9999.000
202603251336,   0.933,9999.000,9999.000,9999.000,9999.000,9999.000,9999.000,9999.000,9999.000
202603251342,   0.960,9999.000,9999.000,9999.000,9999.000,9999.000,9999.000,9999.000,9999.000
202603251348,   0.987,9999.000,9999.000,9999.000,9999.000,9999.000,9999.000,9999.000,9999.000
202603251354,   1.013,9999.000,9999.000,9999.000,9999.000,9999.000,9999.000,9999.000,9999.000
202603251400,   1.039,9999.000,   0.800,9999.000,   1.839,   0.800,   1.839,   0.900,   1.939
202603251406,   1.065,9999.000,9999.000,9999.000,9999.000,9999.000,9999.000,9999.000,9999.000
202603251412,   1.090,9999.000,9999.000,9999.000,9999.000,9999.000,9999.000,9999.000,9999.000
202603251418,   1.115,9999.000,9999.000,9999.000,9999.000,9999.000,9999.000,9999.000,9999.000
202603251424,   1.141,9999.000,9999.000,9999.000,9999.000,9999.000,9999.000,9999.000,9999.000
202603251430,   1.166,9999.000,9999.000,9999.000,9999.000,9999.000,9999.000,9999.000,9999.000
202603251436,   1.191,9999.000,9999.000,9999.000,9999.000,9999.000,9999.000,9999.000,9999.000
202603251442,   1.216,9999.000,9999.000,9999.000,9999.000,9999.000,9999.000,9999.000,9999.000
202603251448,   1.240,9999.000,9999.000,9999.000,9999.000,9999.000,9999.000,9999.000,9999.000
202603251454,   1.265,9999.000,9999.000,9999.000,9999.000,9999.000,9999.000,9999.000,9999.000
202603251500,   1.289,9999.000,   0.800,9999.000,   2.089,   0.800,   2.089,   0.900,   2.189
202603251506,   1.313,9999.000,9999.000,9999.000,9999.000,9999.000,9999.000,9999.000,9999.000
202603251512,   1.336,9999.000,9999.000,9999.000,9999.000,9999.000,9999.000,9999.000,9999.000
202603251518,   1.359,9999.000,9999.000,9999.000,9999.000,9999.000,9999.000,9999.000,9999.000
202603251524,   1.381,9999.000,9999.000,9999.000,9999.000,9999.000,9999.000,9999.000,9999.000
202603251530,   1.402,9999.000,9999.000,9999.000,9999.000,9999.000,9999.000,9999.000,9999.000
202603251536,   1.422,9999.000,9999.000,9999.000,9999.000,9999.000,9999.000,9999.000,9999.000
202603251542,   1.441,9999.000,9999.000,9999.000,9999.000,9999.000,9999.000,9999.000,9999.000
202603251548,   1.459,9999.000,9999.000,9999.000,9999.000,9999.000,9999.000,9999.000,9999.000
202603251554,   1.475,9999.000,9999.000,9999.000,9999.000,9999.000,9999.000,9999.000,9999.000
202603251600,   1.490,9999.000,   0.800,9999.000,   2.290,   0.800,   2.290,   0.900,   2.390
202603251606,   1.503,9999.000,9999.000,9999.000,9999.000,9999.000,9999.000,9999.000,9999.000
202603251612,   1.514,9999.000,9999.000,9999.000,9999.000,9999.000,9999.000,9999.000,9999.000
202603251618,   1.523,9999.000,9999.000,9999.000,9999.000,9999.000,9999.000,9999.000,9999.000
202603251624,   1.530,9999.000,9999.000,9999.000,9999.000,9999.000,9999.000,9999.000,9999.000
202603251630,   1.536,9999.000,9999.000,9999.000,9999.000,9999.000,9999.000,9999.000,9999.000
202603251636,   1.538,9999.000,9999.000,9999.000,9999.000,9999.000,9999.000,9999.000,9999.000
202603251642,   1.539,9999.000,9999.000,9999.000,9999.000,9999.000,9999.000,9999.000,9999.000
202603251648,   1.537,9999.000,9999.000,9999.000,9999.000,9999.000,9999.000,9999.000,9999.000
202603251654,   1.533,9999.000,9999.000,9999.000,9999.000,9999.000,9999.000,9999.000,9999.000
202603251700,   1.527,9999.000,   0.800,9999.000,   2.327,   0.800,   2.327,   0.900,   2.427
202603251706,   1.519,9999.000,9999.000,9999.000,9999.000,9999.000,9999.000,9999.000,9999.000
202603251712,   1.508,9999.000,9999.000,9999.000,9999.000,9999.000,9999.000,9999.000,9999.000
202603251718,   1.495,9999.000,9999.000,9999.000,9999.000,9999.000,9999.000,9999.000,9999.000
202603251724,   1.481,9999.000,9999.000,9999.000,9999.000,9999.000,9999.000,9999.000,9999.000
202603251730,   1.464,9999.000,9999.000,9999.000,9999.000,9999.000,9999.000,9999.000,9999.000
202603251736,   1.446,9999.000,9999.000,9999.000,9999.000,9999.000,9999.000,9999.000,9999.000
202603251742,   1.426,9999.000,9999.000,9999.000,9999.000,9999.000,9999.000,9999.000,9999.000
202603251748,   1.405,9999.000,9999.000,9999.000,9999.000,9999.000,9999.000,9999.000,9999.000
202603251754,   1.383,9999.000,9999.000,9999.000,9999.000,9999.000,9999.000,9999.000,9999.000
202603251800,   1.359,9999.000,   0.800,9999.000,   2.159,   0.800,   2.159,   0.900,   2.259
202603251806,   1.335,9999.000,9999.000,9999.000,9999.000,9999.000,9999.000,9999.000,9999.000
202603251812,   1.309,9999.000,9999.000,9999.000,9999.000,9999.000,9999.000,9999.000,9999.000
202603251818,   1.284,9999.000,9999.000,9999.000,9999.000,9999.000,9999.000,9999.000,9999.000
202603251824,   1.257,9999.000,9999.000,9999.000,9999.000,9999.000,9999.000,9999.000,9999.000
202603251830,   1.231,9999.000,9999.000,9999.000,9999.000,9999.000,9999.000,9999.000,9999.000
202603251836,   1.204,9999.000,9999.000,9999.000,9999.000,9999.000,9999.000,9999.000,9999.000
202603251842,   1.177,9999.000,9999.000,9999.000,9999.000,9999.000,9999.000,9999.000,9999.000
202603251848,   1.150,9999.000,9999.000,9999.000,9999.000,9999.000,9999.000,9999.000,9999.000
202603251854,   1.123,9999.000,9999.000,9999.000,9999.000,9999.000,9999.000,9999.000,9999.000
202603251900,   1.096,9999.000,   0.800,9999.000,   1.896,   0.800,   1.896,   0.900,   1.996
202603251906,   1.069,9999.000,9999.000,9999.000,9999.000,9999.000,9999.000,9999.000,9999.000
202603251912,   1.043,9999.000,9999.000,9999.000,9999.000,9999.000,9999.000,9999.000,9999.000
202603251918,   1.016,9999.000,9999.000,9999.000,9999.000,9999.000,9999.000,9999.000,9999.000
202603251924,   0.990,9999.000,9999.000,9999.000,9999.000,9999.000,9999.000,9999.000,9999.000
202603251930,   0.964,9999.000,9999.000,9999.000,9999.000,9999.000,9999.000,9999.000,9999.000
202603251936,   0.938,9999.000,9999.000,9999.000,9999.000,9999.000,9999.000,9999.000,9999.000
202603251942,   0.913,9999.000,9999.000,9999.000,9999.000,9999.000,9999.000,9999.000,9999.000
202603251948,   0.887,9999.000,9999.000,9999.000,9999.000,9999.000,9999.000,9999.000,9999.000
202603251954,   0.861,9999.000,9999.000,9999.000,9999.000,9999.000,9999.000,9999.000,9999.000
202603252000,   0.836,9999.000,   0.800,9999.000,   1.636,   0.800,   1.636,   0.900,   1.736
202603252006,   0.810,9999.000,9999.000,9999.000,9999.000,9999.000,9999.000,9999.000,9999.000
202603252012,   0.784,9999.000,9999.000,9999.000,9999.000,9999.000,9999.000,9999.000,9999.000
202603252018,   0.758,9999.000,9999.000,9999.000,9999.000,9999.000,9999.000,9999.000,9999.000
202603252024,   0.731,9999.000,9999.000,9999.000,9999.000,9999.000,9999.000,9999.000,9999.000
202603252030,   0.704,9999.000,9999.000,9999.000,9999.000,9999.000,9999.000,9999.000,9999.000
202603252036,   0.677,9999.000,9999.000,9999.000,9999.000,9999.000,9999.000,9999.000,9999.000
202603252042,   0.649,9999.000,9999.000,9999.000,9999.000,9999.000,9999.000,9999.000,9999.000
202603252048,   0.622,9999.000,9999.000,9999.000,9999.000,9999.000,9999.000,9999.000,9999.000
202603252054,   0.594,9999.000,9999.000,9999.000,9999.000,9999.000,9999.000,9999.000,9999.000
202603252100,   0.565,9999.000,   0.800,9999.000,   1.365,   0.800,   1.365,   0.900,   1.465
202603252106,   0.537,9999.000,9999.000,9999.000,9999.000,9999.000,9999.000,9999.000,9999.000
202603252112,   0.508,9999.000,9999.000,9999.000,9999.000,9999.000,9999.000,9999.000,9999.000
202603252118,   0.479,9999.000,9999.000,9999.000,9999.000,9999.000,9999.000,9999.000,9999.000
202603252124,   0.451,9999.000,9999.000,9999.000,9999.000,9999.000,9999.000,9999.000,9999.000
202603252130,   0.423,9999.000,9999.000,9999.000,9999.000,9999.000,9999.000,9999.000,9999.000
202603252136,   0.395,9999.000,9999.000,9999.000,9999.000,9999.000,9999.000,9999.000,9999.000
202603252142,   0.368,9999.000,9999.000,9999.000,9999.000,9999.000,9999.000,9999.000,9999.000
202603252148,   0.341,9999.000,9999.000,9999.000,9999.000,9999.000,9999.000,9999.000,9999.000
202603252154,   0.316,9999.000,9999.000,9999.000,9999.000,9999.000,9999.000,9999.000,9999.000
202603252200,   0.291,9999.000,   0.800,9999.000,   1.091,   0.800,   1.091,   0.900,   1.191
202603252206,   0.268,9999.000,9999.000,9999.000,9999.000,9999.000,9999.000,9999.000,9999.000
202603252212,   0.246,9999.000,9999.000,9999.000,9999.000,9999.000,9999.000,9999.000,9999.000
202603252218,   0.225,9999.000,9999.000,9999.000,9999.000,9999.000,9999.000,9999.000,9999.000
202603252224,   0.207,9999.000,9999.000,9999.000,9999.000,9999.000,9999.000,9999.000,9999.000
202603252230,   0.190,9999.000,9999.000,9999.000,9999.000,9999.000,9999.000,9999.000,9999.000
202603252236,   0.175,9999.000,9999.000,9999.000,9999.000,9999.000,9999.000,9999.000,9999.000
202603252242,   0.162,9999.000,9999.000,9999.000,9999.000,9999.000,9999.000,9999.000,9999.000
202603252248,   0.151,9999.000,9999.000,9999.000,9999.000,9999.000,9999.000,9999.000,9999.000
202603252254,   0.143,9999.000,9999.000,9999.000,9999.000,9999.000,9999.000,9999.000,9999.000
202603252300,   0.137,9999.000,   0.800,9999.000,   0.937,   0.800,   0.937,   0.900,   1.037
202603252306,   0.133,9999.000,9999.000,9999.000,9999.000,9999.000,9999.000,9999.000,9999.000
202603252312,   0.131,9999.000,9999.000,9999.000,9999.000,9999.000,9999.000,9999.000,9999.000
202603252318,   0.132,9999.000,9999.000,9999.000,9999.000,9999.000,9999.000,9999.000,9999.000
202603252324,   0.135,9999.000,9999.000,9999.000,9999.000,9999.000,9999.000,9999.000,9999.000
202603252330,   0.140,9999.000,9999.000,9999.000,9999.000,9999.000,9999.000,9999.000,9999.000
202603252336,   0.147,9999.000,9999.000,9999.000,9999.000,9999.000,9999.000,9999.000,9999.000
202603252342,   0.156,9999.000,9999.000,9999.000,9999.000,9999.000,9999.000,9999.000,9999.000
202603252348,   0.167,9999.000,9999.000,9999.000,9999.000,9999.000,9999.000,9999.000,9999.000
202603252354,   0.179,9999.000,9999.000,9999.000,9999.000,9999.000,9999.000,9999.000,9999.000
202603260000,   0.193,9999.000,   0.800,9999.000,   0.993,   0.800,   0.993,   0.900,   1.093
202603260006,   0.209,9999.000,9999.000,9999.000,9999.000,9999.000,9999.000,9999.000,9999.000
202603260012,   0.226,9999.000,9999.000,9999.000,9999.000,9999.000,9999.000,9999.000,9999.000
202603260018,   0.244,9999.000,9999.000,9999.000,9999.000,9999.000,9999.000,9999.000,9999.000
202603260024,   0.263,9999.000,9999.000,9999.000,9999.000,9999.000,9999.000,9999.000,9999.000
202603260030,   0.282,9999.000,9999.000,9999.000,9999.000,9999.000,9999.000,9999.000,9999.000
202603260036,   0.303,9999.000,9999.000,9999.000,9999.000,9999.000,9999.000,9999.000,9999.000
202603260042,   0.324,9999.000,9999.000,9999.000,9999.000,9999.000,9999.000,9999.000,9999.000
202603260048,   0.345,9999.000,9999.000,9999.000,9999.000,9999.000,9999.000,9999.000,9999.000
202603260054,   0.366,9999.000,9999.000,9999.000,9999.000,9999.000,9999.000,9999.000,9999.000
202603260100,   0.388,9999.000,   0.800,9999.000,   1.188,   0.800,   1.188,   0.900,   1.288
202603260106,   0.409,9999.000,9999.000,9999.000,9999.000,9999.000,9999.000,9999.000,9999.000
202603260112,   0.431,9999.000,9999.000,9999.000,9999.000,9999.000,9999.000,9999.000,9999.000
202603260118,   0.453,9999.000,9999.000,9999.000,9999.000,9999.000,9999.000,9999.000,9999.000
202603260124,   0.474,9999.000,9999.000,9999.000,9999.000,9999.000,9999.000,9999.000,9999.000
202603260130,   0.496,9999.000,9999.000,9999.000,9999.000,9999.000,9999.000,9999.000,9999.000
202603260136,   0.517,9999.000,9999.000,9999.000,9999.000,9999.000,9999.000,9999.000,9999.000
202603260142,   0.538,9999.000,9999.000,9999.000,9999.000,9999.000,9999.000,9999.000,9999.000
202603260148,   0.559,9999.000,9999.000,9999.000,9999.000,9999.000,9999.000,9999.000,9999.000
202603260154,   0.581,9999.000,9999.000,9999.000,9999.000,9999.000,9999.000,9999.000,9999.000
202603260200,   0.602,9999.000,   0.800,9999.000,   1.402,   0.800,   1.402,   0.900,   1.502
202603260206,   0.623,9999.000,9999.000,9999.000,9999.000,9999.000,9999.000,9999.000,9999.000
202603260212,   0.644,9999.000,9999.000,9999.000,9999.000,9999.000,9999.000,9999.000,9999.000
202603260218,   0.665,9999.000,9999.000,9999.000,9999.000,9999.000,9999.000,9999.000,9999.000
202603260224,   0.687,9999.000,9999.000,9999.000,9999.000,9999.000,9999.000,9999.000,9999.000
202603260230,   0.709,9999.000,9999.000,9999.000,9999.000,9999.000,9999.000,9999.000,9999.000
202603260236,   0.731,9999.000,9999.000,9999.000,9999.000,9999.000,9999.000,9999.000,9999.000
202603260242,   0.753,9999.000,9999.000,9999.000,9999.000,9999.000,9999.000,9999.000,9999.000
202603260248,   0.776,9999.000,9999.000,9999.000,9999.000,9999.000,9999.000,9999.000,9999.000
202603260254,   0.798,9999.000,9999.000,9999.000,9999.000,9999.000,9999.000,9999.000,9999.000
202603260300,   0.822,9999.000,   0.800,9999.000,   1.622,   0.800,   1.622,   0.900,   1.722
202603260306,   0.845,9999.000,9999.000,9999.000,9999.000,9999.000,9999.000,9999.000,9999.000
202603260312,   0.868,9999.000,9999.000,9999.000,9999.000,9999.000,9999.000,9999.000,9999.000
202603260318,   0.892,9999.000,9999.000,9999.000,9999.000,9999.000,9999.000,9999.000,9999.000
202603260324,   0.915,9999.000,9999.000,9999.000,9999.000,9999.000,9999.000,9999.000,9999.000
202603260330,   0.939,9999.000,9999.000,9999.000,9999.000,9999.000,9999.000,9999.000,9999.000
202603260336,   0.962,9999.000,9999.000,9999.000,9999.000,9999.000,9999.000,9999.000,9999.000
202603260342,   0.985,9999.000,9999.000,9999.000,9999.000,9999.000,9999.000,9999.000,9999.000
202603260348,   1.007,9999.000,9999.000,9999.000,9999.000,9999.000,9999.000,9999.000,9999.000
202603260354,   1.029,9999.000,9999.000,9999.000,9999.000,9999.000,9999.000,9999.000,9999.000
202603260400,   1.050,9999.000,   0.800,9999.000,   1.850,   0.800,   1.850,   0.900,   1.950
202603260406,   1.070,9999.000,9999.000,9999.000,9999.000,9999.000,9999.000,9999.000,9999.000
202603260412,   1.088,9999.000,9999.000,9999.000,9999.000,9999.000,9999.000,9999.000,9999.000
202603260418,   1.106,9999.000,9999.000,9999.000,9999.000,9999.000,9999.000,9999.000,9999.000
202603260424,   1.122,9999.000,9999.000,9999.000,9999.000,9999.000,9999.000,9999.000,9999.000
202603260430,   1.136,9999.000,9999.000,9999.000,9999.000,9999.000,9999.000,9999.000,9999.000
202603260436,   1.148,9999.000,9999.000,9999.000,9999.000,9999.000,9999.000,9999.000,9999.000
202603260442,   1.159,9999.000,9999.000,9999.000,9999.000,9999.000,9999.000,9999.000,9999.000
202603260448,   1.168,9999.000,9999.000,9999.000,9999.000,9999.000,9999.000,9999.000,9999.000
202603260454,   1.174,9999.000,9999.000,9999.000,9999.000,9999.000,9999.000,9999.000,9999.000
202603260500,   1.178,9999.000,   0.800,9999.000,   1.978,   0.800,   1.978,   0.900,   2.078
202603260506,   1.180,9999.000,9999.000,9999.000,9999.000,9999.000,9999.000,9999.000,9999.000
202603260512,   1.180,9999.000,9999.000,9999.000,9999.000,9999.000,9999.000,9999.000,9999.000
202603260518,   1.177,9999.000,9999.000,9999.000,9999.000,9999.000,9999.000,9999.000,9999.000
202603260524,   1.173,9999.000,9999.000,9999.000,9999.000,9999.000,9999.000,9999.000,9999.000
202603260530,   1.165,9999.000,9999.000,9999.000,9999.000,9999.000,9999.000,9999.000,9999.000
202603260536,   1.156,9999.000,9999.000,9999.000,9999.000,9999.000,9999.000,9999.000,9999.000
202603260542,   1.145,9999.000,9999.000,9999.000,9999.000,9999.000,9999.000,9999.000,9999.000
202603260548,   1.131,9999.000,9999.000,9999.000,9999.000,9999.000,9999.000,9999.000,9999.000
202603260554,   1.116,9999.000,9999.000,9999.000,9999.000,9999.000,9999.000,9999.000,9999.000
202603260600,   1.099,9999.000,   0.800,9999.000,   1.899,   0.800,   1.899,   0.900,   1.999
202603260606,   1.080,9999.000,9999.000,9999.000,9999.000,9999.000,9999.000,9999.000,9999.000
202603260612,   1.060,9999.000,9999.000,9999.000,9999.000,9999.000,9999.000,9999.000,9999.000
202603260618,   1.038,9999.000,9999.000,9999.000,9999.000,9999.000,9999.000,9999.000,9999.000
202603260624,   1.015,9999.000,9999.000,9999.000,9999.000,9999.000,9999.000,9999.000,9999.000
202603260630,   0.992,9999.000,9999.000,9999.000,9999.000,9999.000,9999.000,9999.000,9999.000
202603260636,   0.968,9999.000,9999.000,9999.000,9999.000,9999.000,9999.000,9999.000,9999.000
202603260642,   0.943,9999.000,9999.000,9999.000,9999.000,9999.000,9999.000,9999.000,9999.000
202603260648,   0.917,9999.000,9999.000,9999.000,9999.000,9999.000,9999.000,9999.000,9999.000
202603260654,   0.892,9999.000,9999.000,9999.000,9999.000,9999.000,9999.000,9999.000,9999.000
202603260700,   0.866,9999.000,   0.800,9999.000,   1.666,   0.800,   1.666,   0.900,   1.766
202603260706,   0.840,9999.000,9999.000,9999.000,9999.000,9999.000,9999.000,9999.000,9999.000
202603260712,   0.814,9999.000,9999.000,9999.000,9999.000,9999.000,9999.000,9999.000,9999.000
202603260718,   0.789,9999.000,9999.000,9999.000,9999.000,9999.000,9999.000,9999.000,9999.000
202603260724,   0.764,9999.000,9999.000,9999.000,9999.000,9999.000,9999.000,9999.000,9999.000
202603260730,   0.740,9999.000,9999.000,9999.000,9999.000,9999.000,9999.000,9999.000,9999.000
202603260736,   0.715,9999.000,9999.000,9999.000,9999.000,9999.000,9999.000,9999.000,9999.000
202603260742,   0.691,9999.000,9999.000,9999.000,9999.000,9999.000,9999.000,9999.000,9999.000
202603260748,   0.667,9999.000,9999.000,9999.000,9999.000,9999.000,9999.000,9999.000,9999.000
202603260754,   0.644,9999.000,9999.000,9999.000,9999.000,9999.000,9999.000,9999.000,9999.000
202603260800,   0.621,9999.000,   0.800,9999.000,   1.421,   0.700,   1.321,   0.900,   1.521
202603260806,   0.599,9999.000,9999.000,9999.000,9999.000,9999.000,9999.000,9999.000,9999.000
202603260812,   0.577,9999.000,9999.000,9999.000,9999.000,9999.000,9999.000,9999.000,9999.000
202603260818,   0.555,9999.000,9999.000,9999.000,9999.000,9999.000,9999.000,9999.000,9999.000
202603260824,   0.534,9999.000,9999.000,9999.000,9999.000,9999.000,9999.000,9999.000,9999.000
202603260830,   0.513,9999.000,9999.000,9999.000,9999.000,9999.000,9999.000,9999.000,9999.000
202603260836,   0.492,9999.000,9999.000,9999.000,9999.000,9999.000,9999.000,9999.000,9999.000
202603260842,   0.471,9999.000,9999.000,9999.000,9999.000,9999.000,9999.000,9999.000,9999.000
202603260848,   0.450,9999.000,9999.000,9999.000,9999.000,9999.000,9999.000,9999.000,9999.000
202603260854,   0.429,9999.000,9999.000,9999.000,9999.000,9999.000,9999.000,9999.000,9999.000
202603260900,   0.408,9999.000,   0.800,9999.000,   1.208,   0.700,   1.108,   0.900,   1.308
202603260906,   0.387,9999.000,9999.000,9999.000,9999.000,9999.000,9999.000,9999.000,9999.000
202603260912,   0.367,9999.000,9999.000,9999.000,9999.000,9999.000,9999.000,9999.000,9999.000
202603260918,   0.346,9999.000,9999.000,9999.000,9999.000,9999.000,9999.000,9999.000,9999.000
202603260924,   0.325,9999.000,9999.000,9999.000,9999.000,9999.000,9999.000,9999.000,9999.000
202603260930,   0.305,9999.000,9999.000,9999.000,9999.000,9999.000,9999.000,9999.000,9999.000
202603260936,   0.285,9999.000,9999.000,9999.000,9999.000,9999.000,9999.000,9999.000,9999.000
202603260942,   0.265,9999.000,9999.000,9999.000,9999.000,9999.000,9999.000,9999.000,9999.000
202603260948,   0.245,9999.000,9999.000,9999.000,9999.000,9999.000,9999.000,9999.000,9999.000
202603260954,   0.226,9999.000,9999.000,9999.000,9999.000,9999.000,9999.000,9999.000,9999.000
202603261000,   0.208,9999.000,   0.800,9999.000,   1.008,   0.700,   0.908,   0.900,   1.108
202603261006,   0.191,9999.000,9999.000,9999.000,9999.000,9999.000,9999.000,9999.000,9999.000
202603261012,   0.174,9999.000,9999.000,9999.000,9999.000,9999.000,9999.000,9999.000,9999.000
202603261018,   0.159,9999.000,9999.000,9999.000,9999.000,9999.000,9999.000,9999.000,9999.000
202603261024,   0.144,9999.000,9999.000,9999.000,9999.000,9999.000,9999.000,9999.000,9999.000
202603261030,   0.131,9999.000,9999.000,9999.000,9999.000,9999.000,9999.000,9999.000,9999.000
202603261036,   0.120,9999.000,9999.000,9999.000,9999.000,9999.000,9999.000,9999.000,9999.000
202603261042,   0.110,9999.000,9999.000,9999.000,9999.000,9999.000,9999.000,9999.000,9999.000
202603261048,   0.103,9999.000,9999.000,9999.000,9999.000,9999.000,9999.000,9999.000,9999.000
202603261054,   0.097,9999.000,9999.000,9999.000,9999.000,9999.000,9999.000,9999.000,9999.000
202603261100,   0.093,9999.000,   0.800,9999.000,   0.893,   0.700,   0.793,   0.900,   0.993
202603261106,   0.091,9999.000,9999.000,9999.000,9999.000,9999.000,9999.000,9999.000,9999.000
202603261112,   0.091,9999.000,9999.000,9999.000,9999.000,9999.000,9999.000,9999.000,9999.000
202603261118,   0.094,9999.000,9999.000,9999.000,9999.000,9999.000,9999.000,9999.000,9999.000
202603261124,   0.099,9999.000,9999.000,9999.000,9999.000,9999.000,9999.000,9999.000,9999.000
202603261130,   0.106,9999.000,9999.000,9999.000,9999.000,9999.000,9999.000,9999.000,9999.000
202603261136,   0.115,9999.000,9999.000,9999.000,9999.000,9999.000,9999.000,9999.000,9999.000
202603261142,   0.127,9999.000,9999.000,9999.000,9999.000,9999.000,9999.000,9999.000,9999.000
202603261148,   0.140,9999.000,9999.000,9999.000,9999.000,9999.000,9999.000,9999.000,9999.000
202603261154,   0.156,9999.000,9999.000,9999.000,9999.000,9999.000,9999.000,9999.000,9999.000
202603261200,   0.174,9999.000,   0.800,9999.000,   0.974,   0.700,   0.874,   0.900,   1.074
202603261206,   0.193,9999.000,9999.000,9999.000,9999.000,9999.000,9999.000,9999.000,9999.000
202603261212,   0.214,9999.000,9999.000,9999.000,9999.000,9999.000,9999.000,9999.000,9999.000
202603261218,   0.237,9999.000,9999.000,9999.000,9999.000,9999.000,9999.000,9999.000,9999.000
202603261224,   0.261,9999.000,9999.000,9999.000,9999.000,9999.000,9999.000,9999.000,9999.000
202603261230,   0.286,9999.000,9999.000,9999.000,9999.000,9999.000,9999.000,9999.000,9999.000
202603261236,   0.312,9999.000,9999.000,9999.000,9999.000,9999.000,9999.000,9999.000,9999.000
202603261242,   0.339,9999.000,9999.000,9999.000,9999.000,9999.000,9999.000,9999.000,9999.000
202603261248,   0.367,9999.000,9999.000,9999.000,9999.000,9999.000,9999.000,9999.000,9999.000
202603261254,   0.395,9999.000,9999.000,9999.000,9999.000,9999.000,9999.000,9999.000,9999.000
202603261300,   0.424,9999.000,   0.800,9999.000,   1.224,   0.700,   1.124,   0.800,   1.224
202603261306,   0.453,9999.000,9999.000,9999.000,9999.000,9999.000,9999.000,9999.000,9999.000
202603261312,   0.482,9999.000,9999.000,9999.000,9999.000,9999.000,9999.000,9999.000,9999.000
202603261318,   0.511,9999.000,9999.000,9999.000,9999.000,9999.000,9999.000,9999.000,9999.000
202603261324,   0.540,9999.000,9999.000,9999.000,9999.000,9999.000,9999.000,9999.000,9999.000
202603261330,   0.568,9999.000,9999.000,9999.000,9999.000,9999.000,9999.000,9999.000,9999.000
202603261336,   0.597,9999.000,9999.000,9999.000,9999.000,9999.000,9999.000,9999.000,9999.000
202603261342,   0.624,9999.000,9999.000,9999.000,9999.000,9999.000,9999.000,9999.000,9999.000
202603261348,   0.652,9999.000,9999.000,9999.000,9999.000,9999.000,9999.000,9999.000,9999.000
202603261354,   0.679,9999.000,9999.000,9999.000,9999.000,9999.000,9999.000,9999.000,9999.000
202603261400,   0.706,9999.000,   0.800,9999.000,   1.506,   0.700,   1.406,   0.800,   1.506
202603261406,   0.732,9999.000,9999.000,9999.000,9999.000,9999.000,9999.000,9999.000,9999.000
202603261412,   0.758,9999.000,9999.000,9999.000,9999.000,9999.000,9999.000,9999.000,9999.000
202603261418,   0.784,9999.000,9999.000,9999.000,9999.000,9999.000,9999.000,9999.000,9999.000
202603261424,   0.809,9999.000,9999.000,9999.000,9999.000,9999.000,9999.000,9999.000,9999.000
202603261430,   0.834,9999.000,9999.000,9999.000,9999.000,9999.000,9999.000,9999.000,9999.000
202603261436,   0.859,9999.000,9999.000,9999.000,9999.000,9999.000,9999.000,9999.000,9999.000
202603261442,   0.884,9999.000,9999.000,9999.000,9999.000,9999.000,9999.000,9999.000,9999.000
202603261448,   0.909,9999.000,9999.000,9999.000,9999.000,9999.000,9999.000,9999.000,9999.000
202603261454,   0.934,9999.000,9999.000,9999.000,9999.000,9999.000,9999.000,9999.000,9999.000
202603261500,   0.959,9999.000,   0.800,9999.000,   1.759,   0.700,   1.659,   0.800,   1.759
202603261506,   0.984,9999.000,9999.000,9999.000,9999.000,9999.000,9999.000,9999.000,9999.000
202603261512,   1.009,9999.000,9999.000,9999.000,9999.000,9999.000,9999.000,9999.000,9999.000
202603261518,   1.034,9999.000,9999.000,9999.000,9999.000,9999.000,9999.000,9999.000,9999.000
202603261524,   1.060,9999.000,9999.000,9999.000,9999.000,9999.000,9999.000,9999.000,9999.000
202603261530,   1.086,9999.000,9999.000,9999.000,9999.000,9999.000,9999.000,9999.000,9999.000
202603261536,   1.112,9999.000,9999.000,9999.000,9999.000,9999.000,9999.000,9999.000,9999.000
202603261542,   1.138,9999.000,9999.000,9999.000,9999.000,9999.000,9999.000,9999.000,9999.000
202603261548,   1.164,9999.000,9999.000,9999.000,9999.000,9999.000,9999.000,9999.000,9999.000
202603261554,   1.190,9999.000,9999.000,9999.000,9999.000,9999.000,9999.000,9999.000,9999.000
202603261600,   1.215,9999.000,   0.800,9999.000,   2.015,   0.700,   1.915,   0.800,   2.015
202603261606,   1.241,9999.000,9999.000,9999.000,9999.000,9999.000,9999.000,9999.000,9999.000
202603261612,   1.266,9999.000,9999.000,9999.000,9999.000,9999.000,9999.000,9999.000,9999.000
202603261618,   1.291,9999.000,9999.000,9999.000,9999.000,9999.000,9999.000,9999.000,9999.000
202603261624,   1.314,9999.000,9999.000,9999.000,9999.000,9999.000,9999.000,9999.000,9999.000
202603261630,   1.337,9999.000,9999.000,9999.000,9999.000,9999.000,9999.000,9999.000,9999.000
202603261636,   1.359,9999.000,9999.000,9999.000,9999.000,9999.000,9999.000,9999.000,9999.000
202603261642,   1.380,9999.000,9999.000,9999.000,9999.000,9999.000,9999.000,9999.000,9999.000
202603261648,   1.400,9999.000,9999.000,9999.000,9999.000,9999.000,9999.000,9999.000,9999.000
202603261654,   1.418,9999.000,9999.000,9999.000,9999.000,9999.000,9999.000,9999.000,9999.000
202603261700,   1.434,9999.000,   0.800,9999.000,   2.234,   0.700,   2.134,   0.800,   2.234
202603261706,   1.449,9999.000,9999.000,9999.000,9999.000,9999.000,9999.000,9999.000,9999.000
202603261712,   1.462,9999.000,9999.000,9999.000,9999.000,9999.000,9999.000,9999.000,9999.000
202603261718,   1.473,9999.000,9999.000,9999.000,9999.000,9999.000,9999.000,9999.000,9999.000
202603261724,   1.481,9999.000,9999.000,9999.000,9999.000,9999.000,9999.000,9999.000,9999.000
202603261730,   1.488,9999.000,9999.000,9999.000,9999.000,9999.000,9999.000,9999.000,9999.000
202603261736,   1.493,9999.000,9999.000,9999.000,9999.000,9999.000,9999.000,9999.000,9999.000
202603261742,   1.495,9999.000,9999.000,9999.000,9999.000,9999.000,9999.000,9999.000,9999.000
202603261748,   1.495,9999.000,9999.000,9999.000,9999.000,9999.000,9999.000,9999.000,9999.000
202603261754,   1.493,9999.000,9999.000,9999.000,9999.000,9999.000,9999.000,9999.000,9999.000
202603261800,   1.489,9999.000,   0.800,9999.000,   2.289,   0.700,   2.189,   0.800,   2.289
202603261806,   1.483,9999.000,9999.000,9999.000,9999.000,9999.000,9999.000,9999.000,9999.000
202603261812,   1.475,9999.000,9999.000,9999.000,9999.000,9999.000,9999.000,9999.000,9999.000
202603261818,   1.464,9999.000,9999.000,9999.000,9999.000,9999.000,9999.000,9999.000,9999.000
202603261824,   1.453,9999.000,9999.000,9999.000,9999.000,9999.000,9999.000,9999.000,9999.000
202603261830,   1.439,9999.000,9999.000,9999.000,9999.000,9999.000,9999.000,9999.000,9999.000
202603261836,   1.424,9999.000,9999.000,9999.000,9999.000,9999.000,9999.000,9999.000,9999.000
202603261842,   1.407,9999.000,9999.000,9999.000,9999.000,9999.000,9999.000,9999.000,9999.000
202603261848,   1.390,9999.000,9999.000,9999.000,9999.000,9999.000,9999.000,9999.000,9999.000
202603261854,   1.371,9999.000,9999.000,9999.000,9999.000,9999.000,9999.000,9999.000,9999.000
202603261900,   1.351,9999.000,   0.700,9999.000,   2.051,   0.700,   2.051,   0.800,   2.151
202603261906,   1.331,9999.000,9999.000,9999.000,9999.000,9999.000,9999.000,9999.000,9999.000
202603261912,   1.310,9999.000,9999.000,9999.000,9999.000,9999.000,9999.000,9999.000,9999.000
202603261918,   1.288,9999.000,9999.000,9999.000,9999.000,9999.000,9999.000,9999.000,9999.000
202603261924,   1.266,9999.000,9999.000,9999.000,9999.000,9999.000,9999.000,9999.000,9999.000
202603261930,   1.243,9999.000,9999.000,9999.000,9999.000,9999.000,9999.000,9999.000,9999.000
202603261936,   1.221,9999.000,9999.000,9999.000,9999.000,9999.000,9999.000,9999.000,9999.000
202603261942,   1.198,9999.000,9999.000,9999.000,9999.000,9999.000,9999.000,9999.000,9999.000
202603261948,   1.175,9999.000,9999.000,9999.000,9999.000,9999.000,9999.000,9999.000,9999.000
202603261954,   1.152,9999.000,9999.000,9999.000,9999.000,9999.000,9999.000,9999.000,9999.000
202603262000,   1.129,9999.000,   0.700,9999.000,   1.829,   0.700,   1.829,   0.800,   1.929
202603262006,   1.106,9999.000,9999.000,9999.000,9999.000,9999.000,9999.000,9999.000,9999.000
202603262012,   1.083,9999.000,9999.000,9999.000,9999.000,9999.000,9999.000,9999.000,9999.000
202603262018,   1.060,9999.000,9999.000,9999.000,9999.000,9999.000,9999.000,9999.000,9999.000
202603262024,   1.037,9999.000,9999.000,9999.000,9999.000,9999.000,9999.000,9999.000,9999.000
202603262030,   1.014,9999.000,9999.000,9999.000,9999.000,9999.000,9999.000,9999.000,9999.000
202603262036,   0.991,9999.000,9999.000,9999.000,9999.000,9999.000,9999.000,9999.000,9999.000
202603262042,   0.967,9999.000,9999.000,9999.000,9999.000,9999.000,9999.000,9999.000,9999.000
202603262048,   0.943,9999.000,9999.000,9999.000,9999.000,9999.000,9999.000,9999.000,9999.000
202603262054,   0.919,9999.000,9999.000,9999.000,9999.000,9999.000,9999.000,9999.000,9999.000
202603262100,   0.894,9999.000,   0.700,9999.000,   1.594,   0.600,   1.494,   0.800,   1.694
202603262106,   0.869,9999.000,9999.000,9999.000,9999.000,9999.000,9999.000,9999.000,9999.000
202603262112,   0.843,9999.000,9999.000,9999.000,9999.000,9999.000,9999.000,9999.000,9999.000
202603262118,   0.816,9999.000,9999.000,9999.000,9999.000,9999.000,9999.000,9999.000,9999.000
202603262124,   0.789,9999.000,9999.000,9999.000,9999.000,9999.000,9999.000,9999.000,9999.000
202603262130,   0.762,9999.000,9999.000,9999.000,9999.000,9999.000,9999.000,9999.000,9999.000
202603262136,   0.734,9999.000,9999.000,9999.000,9999.000,9999.000,9999.000,9999.000,9999.000
202603262142,   0.705,9999.000,9999.000,9999.000,9999.000,9999.000,9999.000,9999.000,9999.000
202603262148,   0.676,9999.000,9999.000,9999.000,9999.000,9999.000,9999.000,9999.000,9999.000
202603262154,   0.646,9999.000,9999.000,9999.000,9999.000,9999.000,9999.000,9999.000,9999.000
202603262200,   0.616,9999.000,   0.700,9999.000,   1.316,   0.600,   1.216,   0.700,   1.316
202603262206,   0.585,9999.000,9999.000,9999.000,9999.000,9999.000,9999.000,9999.000,9999.000
202603262212,   0.555,9999.000,9999.000,9999.000,9999.000,9999.000,9999.000,9999.000,9999.000
202603262218,   0.524,9999.000,9999.000,9999.000,9999.000,9999.000,9999.000,9999.000,9999.000
202603262224,   0.493,9999.000,9999.000,9999.000,9999.000,9999.000,9999.000,9999.000,9999.000
202603262230,   0.463,9999.000,9999.000,9999.000,9999.000,9999.000,9999.000,9999.000,9999.000
202603262236,   0.433,9999.000,9999.000,9999.000,9999.000,9999.000,9999.000,9999.000,9999.000
202603262242,   0.404,9999.000,9999.000,9999.000,9999.000,9999.000,9999.000,9999.000,9999.000
202603262248,   0.375,9999.000,9999.000,9999.000,9999.000,9999.000,9999.000,9999.000,9999.000
202603262254,   0.348,9999.000,9999.000,9999.000,9999.000,9999.000,9999.000,9999.000,9999.000
202603262300,   0.321,9999.000,   0.700,9999.000,   1.021,   0.600,   0.921,   0.700,   1.021
202603262306,   0.296,9999.000,9999.000,9999.000,9999.000,9999.000,9999.000,9999.000,9999.000
202603262312,   0.273,9999.000,9999.000,9999.000,9999.000,9999.000,9999.000,9999.000,9999.000
202603262318,   0.251,9999.000,9999.000,9999.000,9999.000,9999.000,9999.000,9999.000,9999.000
202603262324,   0.230,9999.000,9999.000,9999.000,9999.000,9999.000,9999.000,9999.000,9999.000
202603262330,   0.212,9999.000,9999.000,9999.000,9999.000,9999.000,9999.000,9999.000,9999.000
202603262336,   0.196,9999.000,9999.000,9999.000,9999.000,9999.000,9999.000,9999.000,9999.000
202603262342,   0.181,9999.000,9999.000,9999.000,9999.000,9999.000,9999.000,9999.000,9999.000
202603262348,   0.169,9999.000,9999.000,9999.000,9999.000,9999.000,9999.000,9999.000,9999.000
202603262354,   0.159,9999.000,9999.000,9999.000,9999.000,9999.000,9999.000,9999.000,9999.000
202603270000,   0.151,9999.000,   0.700,9999.000,   0.851,   0.600,   0.751,   0.700,   0.851
202603270006,   0.146,9999.000,9999.000,9999.000,9999.000,9999.000,9999.000,9999.000,9999.000
202603270012,   0.143,9999.000,9999.000,9999.000,9999.000,9999.000,9999.000,9999.000,9999.000
202603270018,   0.141,9999.000,9999.000,9999.000,9999.000,9999.000,9999.000,9999.000,9999.000
202603270024,   0.142,9999.000,9999.000,9999.000,9999.000,9999.000,9999.000,9999.000,9999.000
202603270030,   0.145,9999.000,9999.000,9999.000,9999.000,9999.000,9999.000,9999.000,9999.000
202603270036,   0.150,9999.000,9999.000,9999.000,9999.000,9999.000,9999.000,9999.000,9999.000
202603270042,   0.157,9999.000,9999.000,9999.000,9999.000,9999.000,9999.000,9999.000,9999.000
202603270048,   0.165,9999.000,9999.000,9999.000,9999.000,9999.000,9999.000,9999.000,9999.000
202603270054,   0.175,9999.000,9999.000,9999.000,9999.000,9999.000,9999.000,9999.000,9999.000
202603270100,   0.186,9999.000,   0.700,9999.000,   0.886,   0.600,   0.786,   0.700,   0.886
202603270106,   0.198,9999.000,9999.000,9999.000,9999.000,9999.000,9999.000,9999.000,9999.000
202603270112,   0.212,9999.000,9999.000,9999.000,9999.000,9999.000,9999.000,9999.000,9999.000
202603270118,   0.226,9999.000,9999.000,9999.000,9999.000,9999.000,9999.000,9999.000,9999.000
202603270124,   0.242,9999.000,9999.000,9999.000,9999.000,9999.000,9999.000,9999.000,9999.000
202603270130,   0.258,9999.000,9999.000,9999.000,9999.000,9999.000,9999.000,9999.000,9999.000
202603270136,   0.274,9999.000,9999.000,9999.000,9999.000,9999.000,9999.000,9999.000,9999.000
202603270142,   0.292,9999.000,9999.000,9999.000,9999.000,9999.000,9999.000,9999.000,9999.000
202603270148,   0.309,9999.000,9999.000,9999.000,9999.000,9999.000,9999.000,9999.000,9999.000
202603270154,   0.327,9999.000,9999.000,9999.000,9999.000,9999.000,9999.000,9999.000,9999.000
202603270200,   0.345,9999.000,   0.600,9999.000,   0.945,   0.600,   0.945,   0.700,   1.045
202603270206,   0.363,9999.000,9999.000,9999.000,9999.000,9999.000,9999.000,9999.000,9999.000
202603270212,   0.381,9999.000,9999.000,9999.000,9999.000,9999.000,9999.000,9999.000,9999.000
202603270218,   0.400,9999.000,9999.000,9999.000,9999.000,9999.000,9999.000,9999.000,9999.000
202603270224,   0.418,9999.000,9999.000,9999.000,9999.000,9999.000,9999.000,9999.000,9999.000
202603270230,   0.437,9999.000,9999.000,9999.000,9999.000,9999.000,9999.000,9999.000,9999.000
202603270236,   0.456,9999.000,9999.000,9999.000,9999.000,9999.000,9999.000,9999.000,9999.000
202603270242,   0.475,9999.000,9999.000,9999.000,9999.000,9999.000,9999.000,9999.000,9999.000
202603270248,   0.494,9999.000,9999.000,9999.000,9999.000,9999.000,9999.000,9999.000,9999.000
202603270254,   0.514,9999.000,9999.000,9999.000,9999.000,9999.000,9999.000,9999.000,9999.000
202603270300,   0.534,9999.000,   0.600,9999.000,   1.134,   0.600,   1.134,   0.700,   1.234
202603270306,   0.555,9999.000,9999.000,9999.000,9999.000,9999.000,9999.000,9999.000,9999.000
202603270312,   0.575,9999.000,9999.000,9999.000,9999.000,9999.000,9999.000,9999.000,9999.000
202603270318,   0.597,9999.000,9999.000,9999.000,9999.000,9999.000,9999.000,9999.000,9999.000
202603270324,   0.619,9999.000,9999.000,9999.000,9999.000,9999.000,9999.000,9999.000,9999.000
202603270330,   0.641,9999.000,9999.000,9999.000,9999.000,9999.000,9999.000,9999.000,9999.000
202603270336,   0.664,9999.000,9999.000,9999.000,9999.000,9999.000,9999.000,9999.000,9999.000
202603270342,   0.688,9999.000,9999.000,9999.000,9999.000,9999.000,9999.000,9999.000,9999.000
202603270348,   0.712,9999.000,9999.000,9999.000,9999.000,9999.000,9999.000,9999.000,9999.000
202603270354,   0.737,9999.000,9999.000,9999.000,9999.000,9999.000,9999.000,9999.000,9999.000
202603270400,   0.762,9999.000,   0.600,9999.000,   1.362,   0.600,   1.362,   0.700,   1.462
202603270406,   0.787,9999.000,9999.000,9999.000,9999.000,9999.000,9999.000,9999.000,9999.000
202603270412,   0.813,9999.000,9999.000,9999.000,9999.000,9999.000,9999.000,9999.000,9999.000
202603270418,   0.839,9999.000,9999.000,9999.000,9999.000,9999.000,9999.000,9999.000,9999.000
202603270424,   0.866,9999.000,9999.000,9999.000,9999.000,9999.000,9999.000,9999.000,9999.000
202603270430,   0.892,9999.000,9999.000,9999.000,9999.000,9999.000,9999.000,9999.000,9999.000
202603270436,   0.918,9999.000,9999.000,9999.000,9999.000,9999.000,9999.000,9999.000,9999.000
202603270442,   0.944,9999.000,9999.000,9999.000,9999.000,9999.000,9999.000,9999.000,9999.000
202603270448,   0.969,9999.000,9999.000,9999.000,9999.000,9999.000,9999.000,9999.000,9999.000
202603270454,   0.993,9999.000,9999.000,9999.000,9999.000,9999.000,9999.000,9999.000,9999.000
202603270500,   1.017,9999.000,   0.600,9999.000,   1.617,   0.600,   1.617,   0.600,   1.617
202603270506,   1.040,9999.000,9999.000,9999.000,9999.000,9999.000,9999.000,9999.000,9999.000
202603270512,   1.061,9999.000,9999.000,9999.000,9999.000,9999.000,9999.000,9999.000,9999.000
202603270518,   1.081,9999.000,9999.000,9999.000,9999.000,9999.000,9999.000,9999.000,9999.000
202603270524,   1.100,9999.000,9999.000,9999.000,9999.000,9999.000,9999.000,9999.000,9999.000
202603270530,   1.116,9999.000,9999.000,9999.000,9999.000,9999.000,9999.000,9999.000,9999.000
202603270536,   1.131,9999.000,9999.000,9999.000,9999.000,9999.000,9999.000,9999.000,9999.000
202603270542,   1.144,9999.000,9999.000,9999.000,9999.000,9999.000,9999.000,9999.000,9999.000
202603270548,   1.155,9999.000,9999.000,9999.000,9999.000,9999.000,9999.000,9999.000,9999.000
202603270554,   1.164,9999.000,9999.000,9999.000,9999.000,9999.000,9999.000,9999.000,9999.000
202603270600,   1.171,9999.000,   0.600,9999.000,   1.771,   0.600,   1.771,   0.600,   1.771
202603270606,   1.175,9999.000,9999.000,9999.000,9999.000,9999.000,9999.000,9999.000,9999.000
202603270612,   1.178,9999.000,9999.000,9999.000,9999.000,9999.000,9999.000,9999.000,9999.000
202603270618,   1.178,9999.000,9999.000,9999.000,9999.000,9999.000,9999.000,9999.000,9999.000
202603270624,   1.175,9999.000,9999.000,9999.000,9999.000,9999.000,9999.000,9999.000,9999.000
202603270630,   1.171,9999.000,9999.000,9999.000,9999.000,9999.000,9999.000,9999.000,9999.000
202603270636,   1.165,9999.000,9999.000,9999.000,9999.000,9999.000,9999.000,9999.000,9999.000
202603270642,   1.156,9999.000,9999.000,9999.000,9999.000,9999.000,9999.000,9999.000,9999.000
202603270648,   1.146,9999.000,9999.000,9999.000,9999.000,9999.000,9999.000,9999.000,9999.000
202603270654,   1.134,9999.000,9999.000,9999.000,9999.000,9999.000,9999.000,9999.000,9999.000
202603270700,   1.120,9999.000,   0.600,9999.000,   1.720,   0.500,   1.620,   0.600,   1.720
202603270706,   1.105,9999.000,9999.000,9999.000,9999.000,9999.000,9999.000,9999.000,9999.000
202603270712,   1.089,9999.000,9999.000,9999.000,9999.000,9999.000,9999.000,9999.000,9999.000
202603270718,   1.072,9999.000,9999.000,9999.000,9999.000,9999.000,9999.000,9999.000,9999.000
202603270724,   1.053,9999.000,9999.000,9999.000,9999.000,9999.000,9999.000,9999.000,9999.000
202603270730,   1.034,9999.000,9999.000,9999.000,9999.000,9999.000,9999.000,9999.000,9999.000
202603270736,   1.014,9999.000,9999.000,9999.000,9999.000,9999.000,9999.000,9999.000,9999.000
202603270742,   0.994,9999.000,9999.000,9999.000,9999.000,9999.000,9999.000,9999.000,9999.000
202603270748,   0.973,9999.000,9999.000,9999.000,9999.000,9999.000,9999.000,9999.000,9999.000
202603270754,   0.952,9999.000,9999.000,9999.000,9999.000,9999.000,9999.000,9999.000,9999.000
202603270800,   0.931,9999.000,   0.600,9999.000,   1.531,   0.500,   1.431,   0.600,   1.531
202603270806,   0.909,9999.000,9999.000,9999.000,9999.000,9999.000,9999.000,9999.000,9999.000
202603270812,   0.888,9999.000,9999.000,9999.000,9999.000,9999.000,9999.000,9999.000,9999.000
202603270818,   0.867,9999.000,9999.000,9999.000,9999.000,9999.000,9999.000,9999.000,9999.000
202603270824,   0.846,9999.000,9999.000,9999.000,9999.000,9999.000,9999.000,9999.000,9999.000
202603270830,   0.825,9999.000,9999.000,9999.000,9999.000,9999.000,9999.000,9999.000,9999.000
202603270836,   0.804,9999.000,9999.000,9999.000,9999.000,9999.000,9999.000,9999.000,9999.000
202603270842,   0.783,9999.000,9999.000,9999.000,9999.000,9999.000,9999.000,9999.000,9999.000
202603270848,   0.763,9999.000,9999.000,9999.000,9999.000,9999.000,9999.000,9999.000,9999.000
202603270854,   0.742,9999.000,9999.000,9999.000,9999.000,9999.000,9999.000,9999.000,9999.000
202603270900,   0.722,9999.000,   0.500,9999.000,   1.222,   0.500,   1.222,   0.600,   1.322
202603270906,   0.701,9999.000,9999.000,9999.000,9999.000,9999.000,9999.000,9999.000,9999.000
202603270912,   0.681,9999.000,9999.000,9999.000,9999.000,9999.000,9999.000,9999.000,9999.000
202603270918,   0.660,9999.000,9999.000,9999.000,9999.000,9999.000,9999.000,9999.000,9999.000
202603270924,   0.639,9999.000,9999.000,9999.000,9999.000,9999.000,9999.000,9999.000,9999.000
202603270930,   0.618,9999.000,9999.000,9999.000,9999.000,9999.000,9999.000,9999.000,9999.000
202603270936,   0.597,9999.000,9999.000,9999.000,9999.000,9999.000,9999.000,9999.000,9999.000
202603270942,   0.576,9999.000,9999.000,9999.000,9999.000,9999.000,9999.000,9999.000,9999.000
202603270948,   0.554,9999.000,9999.000,9999.000,9999.000,9999.000,9999.000,9999.000,9999.000
202603270954,   0.532,9999.000,9999.000,9999.000,9999.000,9999.000,9999.000,9999.000,9999.000
202603271000,   0.509,9999.000,   0.500,9999.000,   1.009,   0.500,   1.009,   0.600,   1.109
202603271006,   0.487,9999.000,9999.000,9999.000,9999.000,9999.000,9999.000,9999.000,9999.000
202603271012,   0.464,9999.000,9999.000,9999.000,9999.000,9999.000,9999.000,9999.000,9999.000
202603271018,   0.440,9999.000,9999.000,9999.000,9999.000,9999.000,9999.000,9999.000,9999.000
202603271024,   0.417,9999.000,9999.000,9999.000,9999.000,9999.000,9999.000,9999.000,9999.000
202603271030,   0.394,9999.000,9999.000,9999.000,9999.000,9999.000,9999.000,9999.000,9999.000
202603271036,   0.371,9999.000,9999.000,9999.000,9999.000,9999.000,9999.000,9999.000,9999.000
202603271042,   0.348,9999.000,9999.000,9999.000,9999.000,9999.000,9999.000,9999.000,9999.000
202603271048,   0.325,9999.000,9999.000,9999.000,9999.000,9999.000,9999.000,9999.000,9999.000
202603271054,   0.303,9999.000,9999.000,9999.000,9999.000,9999.000,9999.000,9999.000,9999.000
202603271100,   0.281,9999.000,   0.500,9999.000,   0.781,   0.400,   0.681,   0.600,   0.881
202603271106,   0.260,9999.000,9999.000,9999.000,9999.000,9999.000,9999.000,9999.000,9999.000
202603271112,   0.240,9999.000,9999.000,9999.000,9999.000,9999.000,9999.000,9999.000,9999.000
202603271118,   0.222,9999.000,9999.000,9999.000,9999.000,9999.000,9999.000,9999.000,9999.000
202603271124,   0.204,9999.000,9999.000,9999.000,9999.000,9999.000,9999.000,9999.000,9999.000
202603271130,   0.188,9999.000,9999.000,9999.000,9999.000,9999.000,9999.000,9999.000,9999.000
202603271136,   0.174,9999.000,9999.000,9999.000,9999.000,9999.000,9999.000,9999.000,9999.000
202603271142,   0.161,9999.000,9999.000,9999.000,9999.000,9999.000,9999.000,9999.000,9999.000
202603271148,   0.150,9999.000,9999.000,9999.000,9999.000,9999.000,9999.000,9999.000,9999.000
202603271154,   0.141,9999.000,9999.000,9999.000,9999.000,9999.000,9999.000,9999.000,9999.000
202603271200,   0.134,9999.000,   0.500,9999.000,   0.634,   0.400,   0.534,   0.500,   0.634
202603271206,   0.129,9999.000,9999.000,9999.000,9999.000,9999.000,9999.000,9999.000,9999.000
202603271212,   0.126,9999.000,9999.000,9999.000,9999.000,9999.000,9999.000,9999.000,9999.000
202603271218,   0.126,9999.000,9999.000,9999.000,9999.000,9999.000,9999.000,9999.000,9999.000
202603271224,   0.128,9999.000,9999.000,9999.000,9999.000,9999.000,9999.000,9999.000,9999.000
202603271230,   0.132,9999.000,9999.000,9999.000,9999.000,9999.000,9999.000,9999.000,9999.000
202603271236,   0.138,9999.000,9999.000,9999.000,9999.000,9999.000,9999.000,9999.000,9999.000
202603271242,   0.146,9999.000,9999.000,9999.000,9999.000,9999.000,9999.000,9999.000,9999.000
202603271248,   0.156,9999.000,9999.000,9999.000,9999.000,9999.000,9999.000,9999.000,9999.000
202603271254,   0.168,9999.000,9999.000,9999.000,9999.000,9999.000,9999.000,9999.000,9999.000
202603271300,   0.182,9999.000,   0.500,9999.000,   0.682,   0.400,   0.582,   0.500,   0.682
202603271306,   0.197,9999.000,9999.000,9999.000,9999.000,9999.000,9999.000,9999.000,9999.000
202603271312,   0.214,9999.000,9999.000,9999.000,9999.000,9999.000,9999.000,9999.000,9999.000
202603271318,   0.233,9999.000,9999.000,9999.000,9999.000,9999.000,9999.000,9999.000,9999.000
202603271324,   0.252,9999.000,9999.000,9999.000,9999.000,9999.000,9999.000,9999.000,9999.000
202603271330,   0.273,9999.000,9999.000,9999.000,9999.000,9999.000,9999.000,9999.000,9999.000
202603271336,   0.295,9999.000,9999.000,9999.000,9999.000,9999.000,9999.000,9999.000,9999.000
202603271342,   0.317,9999.000,9999.000,9999.000,9999.000,9999.000,9999.000,9999.000,9999.000
202603271348,   0.340,9999.000,9999.000,9999.000,9999.000,9999.000,9999.000,9999.000,9999.000
202603271354,   0.364,9999.000,9999.000,9999.000,9999.000,9999.000,9999.000,9999.000,9999.000
202603271400,   0.388,9999.000,   0.400,9999.000,   0.788,   0.300,   0.688,   0.500,   0.888
202603271406,   0.412,9999.000,9999.000,9999.000,9999.000,9999.000,9999.000,9999.000,9999.000
202603271412,   0.436,9999.000,9999.000,9999.000,9999.000,9999.000,9999.000,9999.000,9999.000
202603271418,   0.460,9999.000,9999.000,9999.000,9999.000,9999.000,9999.000,9999.000,9999.000
202603271424,   0.484,9999.000,9999.000,9999.000,9999.000,9999.000,9999.000,9999.000,9999.000
202603271430,   0.508,9999.000,9999.000,9999.000,9999.000,9999.000,9999.000,9999.000,9999.000
202603271436,   0.532,9999.000,9999.000,9999.000,9999.000,9999.000,9999.000,9999.000,9999.000
202603271442,   0.556,9999.000,9999.000,9999.000,9999.000,9999.000,9999.000,9999.000,9999.000
202603271448,   0.580,9999.000,9999.000,9999.000,9999.000,9999.000,9999.000,9999.000,9999.000
202603271454,   0.604,9999.000,9999.000,9999.000,9999.000,9999.000,9999.000,9999.000,9999.000
202603271500,   0.627,9999.000,   0.400,9999.000,   1.027,   0.300,   0.927,   0.400,   1.027
202603271506,   0.651,9999.000,9999.000,9999.000,9999.000,9999.000,9999.000,9999.000,9999.000
202603271512,   0.675,9999.000,9999.000,9999.000,9999.000,9999.000,9999.000,9999.000,9999.000
202603271518,   0.698,9999.000,9999.000,9999.000,9999.000,9999.000,9999.000,9999.000,9999.000
202603271524,   0.722,9999.000,9999.000,9999.000,9999.000,9999.000,9999.000,9999.000,9999.000
202603271530,   0.746,9999.000,9999.000,9999.000,9999.000,9999.000,9999.000,9999.000,9999.000
202603271536,   0.770,9999.000,9999.000,9999.000,9999.000,9999.000,9999.000,9999.000,9999.000
202603271542,   0.795,9999.000,9999.000,9999.000,9999.000,9999.000,9999.000,9999.000,9999.000
202603271548,   0.820,9999.000,9999.000,9999.000,9999.000,9999.000,9999.000,9999.000,9999.000
202603271554,   0.845,9999.000,9999.000,9999.000,9999.000,9999.000,9999.000,9999.000,9999.000
202603271600,   0.871,9999.000,   0.300,9999.000,   1.171,   0.300,   1.171,   0.400,   1.271
202603271606,   0.897,9999.000,9999.000,9999.000,9999.000,9999.000,9999.000,9999.000,9999.000
202603271612,   0.924,9999.000,9999.000,9999.000,9999.000,9999.000,9999.000,9999.000,9999.000
202603271618,   0.951,9999.000,9999.000,9999.000,9999.000,9999.000,9999.000,9999.000,9999.000
202603271624,   0.979,9999.000,9999.000,9999.000,9999.000,9999.000,9999.000,9999.000,9999.000
202603271630,   1.007,9999.000,9999.000,9999.000,9999.000,9999.000,9999.000,9999.000,9999.000
202603271636,   1.035,9999.000,9999.000,9999.000,9999.000,9999.000,9999.000,9999.000,9999.000
202603271642,   1.064,9999.000,9999.000,9999.000,9999.000,9999.000,9999.000,9999.000,9999.000
202603271648,   1.092,9999.000,9999.000,9999.000,9999.000,9999.000,9999.000,9999.000,9999.000
202603271654,   1.121,9999.000,9999.000,9999.000,9999.000,9999.000,9999.000,9999.000,9999.000
202603271700,   1.150,9999.000,   0.300,9999.000,   1.450,   0.200,   1.350,   0.400,   1.550
202603271706,   1.178,9999.000,9999.000,9999.000,9999.000,9999.000,9999.000,9999.000,9999.000
202603271712,   1.206,9999.000,9999.000,9999.000,9999.000,9999.000,9999.000,9999.000,9999.000
202603271718,   1.233,9999.000,9999.000,9999.000,9999.000,9999.000,9999.000,9999.000,9999.000
202603271724,   1.260,9999.000,9999.000,9999.000,9999.000,9999.000,9999.000,9999.000,9999.000
202603271730,   1.286,9999.000,9999.000,9999.000,9999.000,9999.000,9999.000,9999.000,9999.000
202603271736,   1.310,9999.000,9999.000,9999.000,9999.000,9999.000,9999.000,9999.000,9999.000
202603271742,   1.333,9999.000,9999.000,9999.000,9999.000,9999.000,9999.000,9999.000,9999.000
202603271748,   1.355,9999.000,9999.000,9999.000,9999.000,9999.000,9999.000,9999.000,9999.000
202603271754,   1.376,9999.000,9999.000,9999.000,9999.000,9999.000,9999.000,9999.000,9999.000
202603271800,   1.394,9999.000,   0.300,9999.000,   1.694,   0.200,   1.594,   0.300,   1.694
202603271806,   1.411,9999.000,9999.000,9999.000,9999.000,9999.000,9999.000,9999.000,9999.000
202603271812,   1.426,9999.000,9999.000,9999.000,9999.000,9999.000,9999.000,9999.000,9999.000
202603271818,   1.439,9999.000,9999.000,9999.000,9999.000,9999.000,9999.000,9999.000,9999.000
202603271824,   1.450,9999.000,9999.000,9999.000,9999.000,9999.000,9999.000,9999.000,9999.000
202603271830,   1.458,9999.000,9999.000,9999.000,9999.000,9999.000,9999.000,9999.000,9999.000
202603271836,   1.465,9999.000,9999.000,9999.000,9999.000,9999.000,9999.000,9999.000,9999.000
202603271842,   1.469,9999.000,9999.000,9999.000,9999.000,9999.000,9999.000,9999.000,9999.000
202603271848,   1.471,9999.000,9999.000,9999.000,9999.000,9999.000,9999.000,9999.000,9999.000
202603271854,   1.471,9999.000,9999.000,9999.000,9999.000,9999.000,9999.000,9999.000,9999.000
202603271900,   1.469,9999.000,   0.200,9999.000,   1.669,   0.200,   1.669,   0.300,   1.769
202603271906,   1.465,9999.000,9999.000,9999.000,9999.000,9999.000,9999.000,9999.000,9999.000
202603271912,   1.459,9999.000,9999.000,9999.000,9999.000,9999.000,9999.000,9999.000,9999.000
202603271918,   1.452,9999.000,9999.000,9999.000,9999.000,9999.000,9999.000,9999.000,9999.000
202603271924,   1.442,9999.000,9999.000,9999.000,9999.000,9999.000,9999.000,9999.000,9999.000
202603271930,   1.431,9999.000,9999.000,9999.000,9999.000,9999.000,9999.000,9999.000,9999.000
202603271936,   1.419,9999.000,9999.000,9999.000,9999.000,9999.000,9999.000,9999.000,9999.000
202603271942,   1.406,9999.000,9999.000,9999.000,9999.000,9999.000,9999.000,9999.000,9999.000
202603271948,   1.391,9999.000,9999.000,9999.000,9999.000,9999.000,9999.000,9999.000,9999.000
202603271954,   1.375,9999.000,9999.000,9999.000,9999.000,9999.000,9999.000,9999.000,9999.000
202603272000,   1.359,9999.000,   0.200,9999.000,   1.559,   0.100,   1.459,   0.300,   1.659
202603272006,   1.341,9999.000,9999.000,9999.000,9999.000,9999.000,9999.000,9999.000,9999.000
202603272012,   1.324,9999.000,9999.000,9999.000,9999.000,9999.000,9999.000,9999.000,9999.000
202603272018,   1.305,9999.000,9999.000,9999.000,9999.000,9999.000,9999.000,9999.000,9999.000
202603272024,   1.286,9999.000,9999.000,9999.000,9999.000,9999.000,9999.000,9999.000,9999.000
202603272030,   1.267,9999.000,9999.000,9999.000,9999.000,9999.000,9999.000,9999.000,9999.000
202603272036,   1.247,9999.000,9999.000,9999.000,9999.000,9999.000,9999.000,9999.000,9999.000
202603272042,   1.228,9999.000,9999.000,9999.000,9999.000,9999.000,9999.000,9999.000,9999.000
202603272048,   1.207,9999.000,9999.000,9999.000,9999.000,9999.000,9999.000,9999.000,9999.000
202603272054,   1.187,9999.000,9999.000,9999.000,9999.000,9999.000,9999.000,9999.000,9999.000
202603272100,   1.167,9999.000,   0.200,9999.000,   1.367,   0.100,   1.267,   0.300,   1.467
202603272106,   1.146,9999.000,9999.000,9999.000,9999.000,9999.000,9999.000,9999.000,9999.000
202603272112,   1.124,9999.000,9999.000,9999.000,9999.000,9999.000,9999.000,9999.000,9999.000
202603272118,   1.103,9999.000,9999.000,9999.000,9999.000,9999.000,9999.000,9999.000,9999.000
202603272124,   1.081,9999.000,9999.000,9999.000,9999.000,9999.000,9999.000,9999.000,9999.000
202603272130,   1.059,9999.000,9999.000,9999.000,9999.000,9999.000,9999.000,9999.000,9999.000
202603272136,   1.036,9999.000,9999.000,9999.000,9999.000,9999.000,9999.000,9999.000,9999.000
202603272142,   1.012,9999.000,9999.000,9999.000,9999.000,9999.000,9999.000,9999.000,9999.000
202603272148,   0.988,9999.000,9999.000,9999.000,9999.000,9999.000,9999.000,9999.000,9999.000
202603272154,   0.963,9999.000,9999.000,9999.000,9999.000,9999.000,9999.000,9999.000,9999.000
202603272200,   0.937,9999.000,   0.200,9999.000,   1.137,   0.100,   1.037,   0.200,   1.137
202603272206,   0.911,9999.000,9999.000,9999.000,9999.000,9999.000,9999.000,9999.000,9999.000
202603272212,   0.883,9999.000,9999.000,9999.000,9999.000,9999.000,9999.000,9999.000,9999.000
202603272218,   0.855,9999.000,9999.000,9999.000,9999.000,9999.000,9999.000,9999.000,9999.000
202603272224,   0.826,9999.000,9999.000,9999.000,9999.000,9999.000,9999.000,9999.000,9999.000
202603272230,   0.797,9999.000,9999.000,9999.000,9999.000,9999.000,9999.000,9999.000,9999.000
202603272236,   0.766,9999.000,9999.000,9999.000,9999.000,9999.000,9999.000,9999.000,9999.000
202603272242,   0.735,9999.000,9999.000,9999.000,9999.000,9999.000,9999.000,9999.000,9999.000
202603272248,   0.703,9999.000,9999.000,9999.000,9999.000,9999.000,9999.000,9999.000,9999.000
202603272254,   0.670,9999.000,9999.000,9999.000,9999.000,9999.000,9999.000,9999.000,9999.000
202603272300,   0.637,9999.000,   0.100,9999.000,   0.737,   0.000,   0.637,   0.200,   0.837
202603272306,   0.604,9999.000,9999.000,9999.000,9999.000,9999.000,9999.000,9999.000,9999.000
202603272312,   0.571,9999.000,9999.000,9999.000,9999.000,9999.000,9999.000,9999.000,9999.000
202603272318,   0.537,9999.000,9999.000,9999.000,9999.000,9999.000,9999.000,9999.000,9999.000
202603272324,   0.504,9999.000,9999.000,9999.000,9999.000,9999.000,9999.000,9999.000,9999.000
202603272330,   0.471,9999.000,9999.000,9999.000,9999.000,9999.000,9999.000,9999.000,9999.000
202603272336,   0.439,9999.000,9999.000,9999.000,9999.000,9999.000,9999.000,9999.000,9999.000
202603272342,   0.407,9999.000,9999.000,9999.000,9999.000,9999.000,9999.000,9999.000,9999.000
202603272348,   0.377,9999.000,9999.000,9999.000,9999.000,9999.000,9999.000,9999.000,9999.000
202603272354,   0.347,9999.000,9999.000,9999.000,9999.000,9999.000,9999.000,9999.000,9999.000
202603280000,   0.319,9999.000,   0.100,9999.000,   0.419,   0.000,   0.319,   0.200,   0.519
202603280006,   0.292,9999.000,9999.000,9999.000,9999.000,9999.000,9999.000,9999.000,9999.000
202603280012,   0.267,9999.000,9999.000,9999.000,9999.000,9999.000,9999.000,9999.000,9999.000
202603280018,   0.244,9999.000,9999.000,9999.000,9999.000,9999.000,9999.000,9999.000,9999.000
202603280024,   0.222,9999.000,9999.000,9999.000,9999.000,9999.000,9999.000,9999.000,9999.000
202603280030,   0.203,9999.000,9999.000,9999.000,9999.000,9999.000,9999.000,9999.000,9999.000
202603280036,   0.185,9999.000,9999.000,9999.000,9999.000,9999.000,9999.000,9999.000,9999.000
202603280042,   0.170,9999.000,9999.000,9999.000,9999.000,9999.000,9999.000,9999.000,9999.000
202603280048,   0.157,9999.000,9999.000,9999.000,9999.000,9999.000,9999.000,9999.000,9999.000
202603280054,   0.146,9999.000,9999.000,9999.000,9999.000,9999.000,9999.000,9999.000,9999.000
202603280100,   0.137,9999.000,   0.100,9999.000,   0.237,   0.000,   0.137,   0.200,   0.337
202603280106,   0.131,9999.000,9999.000,9999.000,9999.000,9999.000,9999.000,9999.000,9999.000
202603280112,   0.127,9999.000,9999.000,9999.000,9999.000,9999.000,9999.000,9999.000,9999.000
202603280118,   0.124,9999.000,9999.000,9999.000,9999.000,9999.000,9999.000,9999.000,9999.000
202603280124,   0.124,9999.000,9999.000,9999.000,9999.000,9999.000,9999.000,9999.000,9999.000
202603280130,   0.126,9999.000,9999.000,9999.000,9999.000,9999.000,9999.000,9999.000,9999.000
202603280136,   0.130,9999.000,9999.000,9999.000,9999.000,9999.000,9999.000,9999.000,9999.000
202603280142,   0.135,9999.000,9999.000,9999.000,9999.000,9999.000,9999.000,9999.000,9999.000
202603280148,   0.142,9999.000,9999.000,9999.000,9999.000,9999.000,9999.000,9999.000,9999.000
202603280154,   0.150,9999.000,9999.000,9999.000,9999.000,9999.000,9999.000,9999.000,9999.000
202603280200,   0.159,9999.000,   0.100,9999.000,   0.259,   0.000,   0.159,   0.100,   0.259
202603280206,   0.170,9999.000,9999.000,9999.000,9999.000,9999.000,9999.000,9999.000,9999.000
202603280212,   0.182,9999.000,9999.000,9999.000,9999.000,9999.000,9999.000,9999.000,9999.000
202603280218,   0.194,9999.000,9999.000,9999.000,9999.000,9999.000,9999.000,9999.000,9999.000
202603280224,   0.208,9999.000,9999.000,9999.000,9999.000,9999.000,9999.000,9999.000,9999.000
202603280230,   0.222,9999.000,9999.000,9999.000,9999.000,9999.000,9999.000,9999.000,9999.000
202603280236,   0.236,9999.000,9999.000,9999.000,9999.000,9999.000,9999.000,9999.000,9999.000
202603280242,   0.252,9999.000,9999.000,9999.000,9999.000,9999.000,9999.000,9999.000,9999.000
202603280248,   0.267,9999.000,9999.000,9999.000,9999.000,9999.000,9999.000,9999.000,9999.000
202603280254,   0.283,9999.000,9999.000,9999.000,9999.000,9999.000,9999.000,9999.000,9999.000
202603280300,   0.300,9999.000,   0.000,9999.000,   0.300,   0.000,   0.300,   0.100,   0.400
202603280306,   0.317,9999.000,9999.000,9999.000,9999.000,9999.000,9999.000,9999.000,9999.000
202603280312,   0.334,9999.000,9999.000,9999.000,9999.000,9999.000,9999.000,9999.000,9999.000
202603280318,   0.352,9999.000,9999.000,9999.000,9999.000,9999.000,9999.000,9999.000,9999.000
202603280324,   0.370,9999.000,9999.000,9999.000,9999.000,9999.000,9999.000,9999.000,9999.000
202603280330,   0.388,9999.000,9999.000,9999.000,9999.000,9999.000,9999.000,9999.000,9999.000
202603280336,   0.407,9999.000,9999.000,9999.000,9999.000,9999.000,9999.000,9999.000,9999.000
202603280342,   0.427,9999.000,9999.000,9999.000,9999.000,9999.000,9999.000,9999.000,9999.000
202603280348,   0.447,9999.000,9999.000,9999.000,9999.000,9999.000,9999.000,9999.000,9999.000
202603280354,   0.467,9999.000,9999.000,9999.000,9999.000,9999.000,9999.000,9999.000,9999.000
202603280400,   0.489,9999.000,   0.000,9999.000,   0.489,   0.000,   0.489,   0.100,   0.589
202603280406,   0.511,9999.000,9999.000,9999.000,9999.000,9999.000,9999.000,9999.000,9999.000
202603280412,   0.534,9999.000,9999.000,9999.000,9999.000,9999.000,9999.000,9999.000,9999.000
202603280418,   0.558,9999.000,9999.000,9999.000,9999.000,9999.000,9999.000,9999.000,9999.000
202603280424,   0.582,9999.000,9999.000,9999.000,9999.000,9999.000,9999.000,9999.000,9999.000
202603280430,   0.607,9999.000,9999.000,9999.000,9999.000,9999.000,9999.000,9999.000,9999.000
202603280436,   0.634,9999.000,9999.000,9999.000,9999.000,9999.000,9999.000,9999.000,9999.000
202603280442,   0.661,9999.000,9999.000,9999.000,9999.000,9999.000,9999.000,9999.000,9999.000
202603280448,   0.688,9999.000,9999.000,9999.000,9999.000,9999.000,9999.000,9999.000,9999.000
202603280454,   0.717,9999.000,9999.000,9999.000,9999.000,9999.000,9999.000,9999.000,9999.000
202603280500,   0.746,9999.000,   0.000,9999.000,   0.746,  -0.100,   0.646,   0.100,   0.846
202603280506,   0.775,9999.000,9999.000,9999.000,9999.000,9999.000,9999.000,9999.000,9999.000
202603280512,   0.805,9999.000,9999.000,9999.000,9999.000,9999.000,9999.000,9999.000,9999.000
202603280518,   0.836,9999.000,9999.000,9999.000,9999.000,9999.000,9999.000,9999.000,9999.000
202603280524,   0.866,9999.000,9999.000,9999.000,9999.000,9999.000,9999.000,9999.000,9999.000
202603280530,   0.896,9999.000,9999.000,9999.000,9999.000,9999.000,9999.000,9999.000,9999.000
202603280536,   0.926,9999.000,9999.000,9999.000,9999.000,9999.000,9999.000,9999.000,9999.000
202603280542,   0.955,9999.000,9999.000,9999.000,9999.000,9999.000,9999.000,9999.000,9999.000
202603280548,   0.984,9999.000,9999.000,9999.000,9999.000,9999.000,9999.000,9999.000,9999.000
202603280554,   1.012,9999.000,9999.000,9999.000,9999.000,9999.000,9999.000,9999.000,9999.000
202603280600,   1.039,9999.000,   0.000,9999.000,   1.039,  -0.100,   0.939,   0.000,   1.039
202603280606,   1.065,9999.000,9999.000,9999.000,9999.000,9999.000,9999.000,9999.000,9999.000
202603280612,   1.090,9999.000,9999.000,9999.000,9999.000,9999.000,9999.000,9999.000,9999.000
202603280618,   1.113,9999.000,9999.000,9999.000,9999.000,9999.000,9999.000,9999.000,9999.000
202603280624,   1.134,9999.000,9999.000,9999.000,9999.000,9999.000,9999.000,9999.000,9999.000
202603280630,   1.154,9999.000,9999.000,9999.000,9999.000,9999.000,9999.000,9999.000,9999.000
202603280636,   1.171,9999.000,9999.000,9999.000,9999.000,9999.000,9999.000,9999.000,9999.000
202603280642,   1.187,9999.000,9999.000,9999.000,9999.000,9999.000,9999.000,9999.000,9999.000
202603280648,   1.200,9999.000,9999.000,9999.000,9999.000,9999.000,9999.000,9999.000,9999.000
202603280654,   1.211,9999.000,9999.000,9999.000,9999.000,9999.000,9999.000,9999.000,9999.000
202603280700,   1.220,9999.000,   0.000,9999.000,   1.220,  -0.100,   1.120,   0.000,   1.220
202603280706,   1.227,9999.000,9999.000,9999.000,9999.000,9999.000,9999.000,9999.000,9999.000
202603280712,   1.231,9999.000,9999.000,9999.000,9999.000,9999.000,9999.000,9999.000,9999.000
202603280718,   1.234,9999.000,9999.000,9999.000,9999.000,9999.000,9999.000,9999.000,9999.000
202603280724,   1.234,9999.000,9999.000,9999.000,9999.000,9999.000,9999.000,9999.000,9999.000
202603280730,   1.232,9999.000,9999.000,9999.000,9999.000,9999.000,9999.000,9999.000,9999.000
202603280736,   1.228,9999.000,9999.000,9999.000,9999.000,9999.000,9999.000,9999.000,9999.000
202603280742,   1.222,9999.000,9999.000,9999.000,9999.000,9999.000,9999.000,9999.000,9999.000
202603280748,   1.214,9999.000,9999.000,9999.000,9999.000,9999.000,9999.000,9999.000,9999.000
202603280754,   1.205,9999.000,9999.000,9999.000,9999.000,9999.000,9999.000,9999.000,9999.000
202603280800,   1.194,9999.000,  -0.100,9999.000,   1.094,  -0.100,   1.094,   0.000,   1.194
202603280806,   1.182,9999.000,9999.000,9999.000,9999.000,9999.000,9999.000,9999.000,9999.000
202603280812,   1.169,9999.000,9999.000,9999.000,9999.000,9999.000,9999.000,9999.000,9999.000
202603280818,   1.154,9999.000,9999.000,9999.000,9999.000,9999.000,9999.000,9999.000,9999.000
202603280824,   1.139,9999.000,9999.000,9999.000,9999.000,9999.000,9999.000,9999.000,9999.000
202603280830,   1.123,9999.000,9999.000,9999.000,9999.000,9999.000,9999.000,9999.000,9999.000
202603280836,   1.106,9999.000,9999.000,9999.000,9999.000,9999.000,9999.000,9999.000,9999.000
202603280842,   1.089,9999.000,9999.000,9999.000,9999.000,9999.000,9999.000,9999.000,9999.000
202603280848,   1.071,9999.000,9999.000,9999.000,9999.000,9999.000,9999.000,9999.000,9999.000
202603280854,   1.053,9999.000,9999.000,9999.000,9999.000,9999.000,9999.000,9999.000,9999.000
202603280900,   1.034,9999.000,  -0.100,9999.000,   0.934,  -0.200,   0.834,   0.000,   1.034
202603280906,   1.015,9999.000,9999.000,9999.000,9999.000,9999.000,9999.000,9999.000,9999.000
202603280912,   0.997,9999.000,9999.000,9999.000,9999.000,9999.000,9999.000,9999.000,9999.000
202603280918,   0.977,9999.000,9999.000,9999.000,9999.000,9999.000,9999.000,9999.000,9999.000
202603280924,   0.958,9999.000,9999.000,9999.000,9999.000,9999.000,9999.000,9999.000,9999.000
202603280930,   0.939,9999.000,9999.000,9999.000,9999.000,9999.000,9999.000,9999.000,9999.000
202603280936,   0.919,9999.000,9999.000,9999.000,9999.000,9999.000,9999.000,9999.000,9999.000
202603280942,   0.900,9999.000,9999.000,9999.000,9999.000,9999.000,9999.000,9999.000,9999.000
202603280948,   0.879,9999.000,9999.000,9999.000,9999.000,9999.000,9999.000,9999.000,9999.000
202603280954,   0.859,9999.000,9999.000,9999.000,9999.000,9999.000,9999.000,9999.000,9999.000
202603281000,   0.838,9999.000,  -0.100,9999.000,   0.738,  -0.200,   0.638,   0.000,   0.838
202603281006,   0.817,9999.000,9999.000,9999.000,9999.000,9999.000,9999.000,9999.000,9999.000
202603281012,   0.796,9999.000,9999.000,9999.000,9999.000,9999.000,9999.000,9999.000,9999.000
202603281018,   0.774,9999.000,9999.000,9999.000,9999.000,9999.000,9999.000,9999.000,9999.000
202603281024,   0.751,9999.000,9999.000,9999.000,9999.000,9999.000,9999.000,9999.000,9999.000
202603281030,   0.728,9999.000,9999.000,9999.000,9999.000,9999.000,9999.000,9999.000,9999.000
202603281036,   0.704,9999.000,9999.000,9999.000,9999.000,9999.000,9999.000,9999.000,9999.000
202603281042,   0.680,9999.000,9999.000,9999.000,9999.000,9999.000,9999.000,9999.000,9999.000
202603281048,   0.655,9999.000,9999.000,9999.000,9999.000,9999.000,9999.000,9999.000,9999.000
202603281054,   0.629,9999.000,9999.000,9999.000,9999.000,9999.000,9999.000,9999.000,9999.000
202603281100,   0.603,9999.000,  -0.100,9999.000,   0.503,  -0.200,   0.403,   0.000,   0.603
202603281106,   0.576,9999.000,9999.000,9999.000,9999.000,9999.000,9999.000,9999.000,9999.000
202603281112,   0.549,9999.000,9999.000,9999.000,9999.000,9999.000,9999.000,9999.000,9999.000
202603281118,   0.521,9999.000,9999.000,9999.000,9999.000,9999.000,9999.000,9999.000,9999.000
202603281124,   0.494,9999.000,9999.000,9999.000,9999.000,9999.000,9999.000,9999.000,9999.000
202603281130,   0.466,9999.000,9999.000,9999.000,9999.000,9999.000,9999.000,9999.000,9999.000
202603281136,   0.438,9999.000,9999.000,9999.000,9999.000,9999.000,9999.000,9999.000,9999.000
202603281142,   0.411,9999.000,9999.000,9999.000,9999.000,9999.000,9999.000,9999.000,9999.000
202603281148,   0.383,9999.000,9999.000,9999.000,9999.000,9999.000,9999.000,9999.000,9999.000
202603281154,   0.357,9999.000,9999.000,9999.000,9999.000,9999.000,9999.000,9999.000,9999.000
202603281200,   0.331,9999.000,  -0.100,9999.000,   0.231,  -0.300,   0.031,   0.000,   0.331
202603281206,   0.305,9999.000,9999.000,9999.000,9999.000,9999.000,9999.000,9999.000,9999.000
202603281212,   0.281,9999.000,9999.000,9999.000,9999.000,9999.000,9999.000,9999.000,9999.000
202603281218,   0.258,9999.000,9999.000,9999.000,9999.000,9999.000,9999.000,9999.000,9999.000
202603281224,   0.237,9999.000,9999.000,9999.000,9999.000,9999.000,9999.000,9999.000,9999.000
202603281230,   0.217,9999.000,9999.000,9999.000,9999.000,9999.000,9999.000,9999.000,9999.000
202603281236,   0.199,9999.000,9999.000,9999.000,9999.000,9999.000,9999.000,9999.000,9999.000
202603281242,   0.182,9999.000,9999.000,9999.000,9999.000,9999.000,9999.000,9999.000,9999.000
202603281248,   0.168,9999.000,9999.000,9999.000,9999.000,9999.000,9999.000,9999.000,9999.000
202603281254,   0.156,9999.000,9999.000,9999.000,9999.000,9999.000,9999.000,9999.000,9999.000
202603281300,   0.145,9999.000,  -0.100,9999.000,   0.045,  -0.300,  -0.155,   0.000,   0.145
202603281306,   0.137,9999.000,9999.000,9999.000,9999.000,9999.000,9999.000,9999.000,9999.000
202603281312,   0.131,9999.000,9999.000,9999.000,9999.000,9999.000,9999.000,9999.000,9999.000
202603281318,   0.128,9999.000,9999.000,9999.000,9999.000,9999.000,9999.000,9999.000,9999.000
202603281324,   0.126,9999.000,9999.000,9999.000,9999.000,9999.000,9999.000,9999.000,9999.000
202603281330,   0.127,9999.000,9999.000,9999.000,9999.000,9999.000,9999.000,9999.000,9999.000
202603281336,   0.130,9999.000,9999.000,9999.000,9999.000,9999.000,9999.000,9999.000,9999.000
202603281342,   0.134,9999.000,9999.000,9999.000,9999.000,9999.000,9999.000,9999.000,9999.000
202603281348,   0.141,9999.000,9999.000,9999.000,9999.000,9999.000,9999.000,9999.000,9999.000
202603281354,   0.150,9999.000,9999.000,9999.000,9999.000,9999.000,9999.000,9999.000,9999.000
202603281400,   0.160,9999.000,  -0.200,9999.000,  -0.040,  -0.300,  -0.140,   0.000,   0.160
202603281406,   0.172,9999.000,9999.000,9999.000,9999.000,9999.000,9999.000,9999.000,9999.000
202603281412,   0.186,9999.000,9999.000,9999.000,9999.000,9999.000,9999.000,9999.000,9999.000
202603281418,   0.200,9999.000,9999.000,9999.000,9999.000,9999.000,9999.000,9999.000,9999.000
202603281424,   0.216,9999.000,9999.000,9999.000,9999.000,9999.000,9999.000,9999.000,9999.000
202603281430,   0.233,9999.000,9999.000,9999.000,9999.000,9999.000,9999.000,9999.000,9999.000
202603281436,   0.251,9999.000,9999.000,9999.000,9999.000,9999.000,9999.000,9999.000,9999.000
202603281442,   0.270,9999.000,9999.000,9999.000,9999.000,9999.000,9999.000,9999.000,9999.000
202603281448,   0.289,9999.000,9999.000,9999.000,9999.000,9999.000,9999.000,9999.000,9999.000
202603281454,   0.309,9999.000,9999.000,9999.000,9999.000,9999.000,9999.000,9999.000,9999.000
202603281500,   0.329,9999.000,  -0.200,9999.000,   0.129,  -0.400,  -0.071,   0.000,   0.329
202603281506,   0.349,9999.000,9999.000,9999.000,9999.000,9999.000,9999.000,9999.000,9999.000
202603281512,   0.370,9999.000,9999.000,9999.000,9999.000,9999.000,9999.000,9999.000,9999.000
202603281518,   0.391,9999.000,9999.000,9999.000,9999.000,9999.000,9999.000,9999.000,9999.000
202603281524,   0.412,9999.000,9999.000,9999.000,9999.000,9999.000,9999.000,9999.000,9999.000
202603281530,   0.434,9999.000,9999.000,9999.000,9999.000,9999.000,9999.000,9999.000,9999.000
202603281536,   0.455,9999.000,9999.000,9999.000,9999.000,9999.000,9999.000,9999.000,9999.000
202603281542,   0.477,9999.000,9999.000,9999.000,9999.000,9999.000,9999.000,9999.000,9999.000
202603281548,   0.499,9999.000,9999.000,9999.000,9999.000,9999.000,9999.000,9999.000,9999.000
202603281554,   0.521,9999.000,9999.000,9999.000,9999.000,9999.000,9999.000,9999.000,9999.000
202603281600,   0.543,9999.000,  -0.200,9999.000,   0.343,  -0.400,   0.143,   0.000,   0.543
202603281606,   0.566,9999.000,9999.000,9999.000,9999.000,9999.000,9999.000,9999.000,9999.000
202603281612,   0.589,9999.000,9999.000,9999.000,9999.000,9999.000,9999.000,9999.000,9999.000
202603281618,   0.613,9999.000,9999.000,9999.000,9999.000,9999.000,9999.000,9999.000,9999.000
202603281624,   0.637,9999.000,9999.000,9999.000,9999.000,9999.000,9999.000,9999.000,9999.000
202603281630,   0.662,9999.000,9999.000,9999.000,9999.000,9999.000,9999.000,9999.000,9999.000
202603281636,   0.687,9999.000,9999.000,9999.000,9999.000,9999.000,9999.000,9999.000,9999.000
202603281642,   0.713,9999.000,9999.000,9999.000,9999.000,9999.000,9999.000,9999.000,9999.000
202603281648,   0.740,9999.000,9999.000,9999.000,9999.000,9999.000,9999.000,9999.000,9999.000
202603281654,   0.767,9999.000,9999.000,9999.000,9999.000,9999.000,9999.000,9999.000,9999.000
202603281700,   0.796,9999.000,  -0.200,9999.000,   0.596,  -0.400,   0.396,   0.000,   0.796
202603281706,   0.825,9999.000,9999.000,9999.000,9999.000,9999.000,9999.000,9999.000,9999.000
202603281712,   0.854,9999.000,9999.000,9999.000,9999.000,9999.000,9999.000,9999.000,9999.000
202603281718,   0.885,9999.000,9999.000,9999.000,9999.000,9999.000,9999.000,9999.000,9999.000
202603281724,   0.916,9999.000,9999.000,9999.000,9999.000,9999.000,9999.000,9999.000,9999.000
202603281730,   0.947,9999.000,9999.000,9999.000,9999.000,9999.000,9999.000,9999.000,9999.000
202603281736,   0.979,9999.000,9999.000,9999.000,9999.000,9999.000,9999.000,9999.000,9999.000
202603281742,   1.011,9999.000,9999.000,9999.000,9999.000,9999.000,9999.000,9999.000,9999.000
202603281748,   1.043,9999.000,9999.000,9999.000,9999.000,9999.000,9999.000,9999.000,9999.000
202603281754,   1.075,9999.000,9999.000,9999.000,9999.000,9999.000,9999.000,9999.000,9999.000
202603281800,   1.107,9999.000,  -0.200,9999.000,   0.907,  -0.400,   0.707,   0.000,   1.107
202603281806,   1.138,9999.000,9999.000,9999.000,9999.000,9999.000,9999.000,9999.000,9999.000
202603281812,   1.169,9999.000,9999.000,9999.000,9999.000,9999.000,9999.000,9999.000,9999.000
202603281818,   1.200,9999.000,9999.000,9999.000,9999.000,9999.000,9999.000,9999.000,9999.000
202603281824,   1.229,9999.000,9999.000,9999.000,9999.000,9999.000,9999.000,9999.000,9999.000
202603281830,   1.257,9999.000,9999.000,9999.000,9999.000,9999.000,9999.000,9999.000,9999.000
202603281836,   1.284,9999.000,9999.000,9999.000,9999.000,9999.000,9999.000,9999.000,9999.000
202603281842,   1.310,9999.000,9999.000,9999.000,9999.000,9999.000,9999.000,9999.000,9999.000
202603281848,   1.334,9999.000,9999.000,9999.000,9999.000,9999.000,9999.000,9999.000,9999.000
202603281854,   1.356,9999.000,9999.000,9999.000,9999.000,9999.000,9999.000,9999.000,9999.000
202603281900,   1.377,9999.000,  -0.200,9999.000,   1.177,  -0.500,   0.877,   0.000,   1.377
202603281906,   1.395,9999.000,9999.000,9999.000,9999.000,9999.000,9999.000,9999.000,9999.000
202603281912,   1.411,9999.000,9999.000,9999.000,9999.000,9999.000,9999.000,9999.000,9999.000
202603281918,   1.426,9999.000,9999.000,9999.000,9999.000,9999.000,9999.000,9999.000,9999.000
202603281924,   1.438,9999.000,9999.000,9999.000,9999.000,9999.000,9999.000,9999.000,9999.000
202603281930,   1.447,9999.000,9999.000,9999.000,9999.000,9999.000,9999.000,9999.000,9999.000
202603281936,   1.455,9999.000,9999.000,9999.000,9999.000,9999.000,9999.000,9999.000,9999.000
202603281942,   1.460,9999.000,9999.000,9999.000,9999.000,9999.000,9999.000,9999.000,9999.000
202603281948,   1.464,9999.000,9999.000,9999.000,9999.000,9999.000,9999.000,9999.000,9999.000
202603281954,   1.465,9999.000,9999.000,9999.000,9999.000,9999.000,9999.000,9999.000,9999.000
202603282000,   1.464,9999.000,  -0.300,9999.000,   1.164,  -0.500,   0.964,   0.000,   1.464
202603282006,   1.461,9999.000,9999.000,9999.000,9999.000,9999.000,9999.000,9999.000,9999.000
202603282012,   1.457,9999.000,9999.000,9999.000,9999.000,9999.000,9999.000,9999.000,9999.000
202603282018,   1.450,9999.000,9999.000,9999.000,9999.000,9999.000,9999.000,9999.000,9999.000
202603282024,   1.442,9999.000,9999.000,9999.000,9999.000,9999.000,9999.000,9999.000,9999.000
202603282030,   1.433,9999.000,9999.000,9999.000,9999.000,9999.000,9999.000,9999.000,9999.000
202603282036,   1.422,9999.000,9999.000,9999.000,9999.000,9999.000,9999.000,9999.000,9999.000
202603282042,   1.410,9999.000,9999.000,9999.000,9999.000,9999.000,9999.000,9999.000,9999.000
202603282048,   1.397,9999.000,9999.000,9999.000,9999.000,9999.000,9999.000,9999.000,9999.000
202603282054,   1.383,9999.000,9999.000,9999.000,9999.000,9999.000,9999.000,9999.000,9999.000
202603282100,   1.369,9999.000,  -0.300,9999.000,   1.069,  -0.500,   0.869,   0.000,   1.369
202603282106,   1.353,9999.000,9999.000,9999.000,9999.000,9999.000,9999.000,9999.000,9999.000
202603282112,   1.337,9999.000,9999.000,9999.000,9999.000,9999.000,9999.000,9999.000,9999.000
202603282118,   1.320,9999.000,9999.000,9999.000,9999.000,9999.000,9999.000,9999.000,9999.000
202603282124,   1.303,9999.000,9999.000,9999.000,9999.000,9999.000,9999.000,9999.000,9999.000
202603282130,   1.285,9999.000,9999.000,9999.000,9999.000,9999.000,9999.000,9999.000,9999.000
202603282136,   1.266,9999.000,9999.000,9999.000,9999.000,9999.000,9999.000,9999.000,9999.000
202603282142,   1.248,9999.000,9999.000,9999.000,9999.000,9999.000,9999.000,9999.000,9999.000
202603282148,   1.229,9999.000,9999.000,9999.000,9999.000,9999.000,9999.000,9999.000,9999.000
202603282154,   1.209,9999.000,9999.000,9999.000,9999.000,9999.000,9999.000,9999.000,9999.000
202603282200,   1.189,9999.000,  -0.300,9999.000,   0.889,  -0.500,   0.689,   0.000,   1.189
202603282206,   1.168,9999.000,9999.000,9999.000,9999.000,9999.000,9999.000,9999.000,9999.000
202603282212,   1.147,9999.000,9999.000,9999.000,9999.000,9999.000,9999.000,9999.000,9999.000
202603282218,   1.125,9999.000,9999.000,9999.000,9999.000,9999.000,9999.000,9999.000,9999.000
202603282224,   1.102,9999.000,9999.000,9999.000,9999.000,9999.000,9999.000,9999.000,9999.000
202603282230,   1.079,9999.000,9999.000,9999.000,9999.000,9999.000,9999.000,9999.000,9999.000
202603282236,   1.054,9999.000,9999.000,9999.000,9999.000,9999.000,9999.000,9999.000,9999.000
202603282242,   1.029,9999.000,9999.000,9999.000,9999.000,9999.000,9999.000,9999.000,9999.000
202603282248,   1.003,9999.000,9999.000,9999.000,9999.000,9999.000,9999.000,9999.000,9999.000
202603282254,   0.976,9999.000,9999.000,9999.000,9999.000,9999.000,9999.000,9999.000,9999.000
202603282300,   0.948,9999.000,  -0.300,9999.000,   0.648,  -0.500,   0.448,  -0.100,   0.848
202603282306,   0.919,9999.000,9999.000,9999.000,9999.000,9999.000,9999.000,9999.000,9999.000
202603282312,   0.889,9999.000,9999.000,9999.000,9999.000,9999.000,9999.000,9999.000,9999.000
202603282318,   0.858,9999.000,9999.000,9999.000,9999.000,9999.000,9999.000,9999.000,9999.000
202603282324,   0.826,9999.000,9999.000,9999.000,9999.000,9999.000,9999.000,9999.000,9999.000
202603282330,   0.793,9999.000,9999.000,9999.000,9999.000,9999.000,9999.000,9999.000,9999.000
202603282336,   0.760,9999.000,9999.000,9999.000,9999.000,9999.000,9999.000,9999.000,9999.000
202603282342,   0.725,9999.000,9999.000,9999.000,9999.000,9999.000,9999.000,9999.000,9999.000
202603282348,   0.690,9999.000,9999.000,9999.000,9999.000,9999.000,9999.000,9999.000,9999.000
202603282354,   0.655,9999.000,9999.000,9999.000,9999.000,9999.000,9999.000,9999.000,9999.000
202603290000,   0.619,9999.000,  -0.300,9999.000,   0.319,  -0.500,   0.119,  -0.100,   0.519
202603290006,   0.583,9999.000,9999.000,9999.000,9999.000,9999.000,9999.000,9999.000,9999.000
202603290012,   0.547,9999.000,9999.000,9999.000,9999.000,9999.000,9999.000,9999.000,9999.000
202603290018,   0.511,9999.000,9999.000,9999.000,9999.000,9999.000,9999.000,9999.000,9999.000
202603290024,   0.476,9999.000,9999.000,9999.000,9999.000,9999.000,9999.000,9999.000,9999.000
202603290030,   0.441,9999.000,9999.000,9999.000,9999.000,9999.000,9999.000,9999.000,9999.000
202603290036,   0.407,9999.000,9999.000,9999.000,9999.000,9999.000,9999.000,9999.000,9999.000
202603290042,   0.374,9999.000,9999.000,9999.000,9999.000,9999.000,9999.000,9999.000,9999.000
202603290048,   0.343,9999.000,9999.000,9999.000,9999.000,9999.000,9999.000,9999.000,9999.000
202603290054,   0.312,9999.000,9999.000,9999.000,9999.000,9999.000,9999.000,9999.000,9999.000
202603290100,   0.283,9999.000,  -0.300,9999.000,  -0.017,  -0.500,  -0.217,   0.000,   0.283
202603290106,   0.256,9999.000,9999.000,9999.000,9999.000,9999.000,9999.000,9999.000,9999.000
202603290112,   0.231,9999.000,9999.000,9999.000,9999.000,9999.000,9999.000,9999.000,9999.000
202603290118,   0.208,9999.000,9999.000,9999.000,9999.000,9999.000,9999.000,9999.000,9999.000
202603290124,   0.186,9999.000,9999.000,9999.000,9999.000,9999.000,9999.000,9999.000,9999.000
202603290130,   0.167,9999.000,9999.000,9999.000,9999.000,9999.000,9999.000,9999.000,9999.000
202603290136,   0.150,9999.000,9999.000,9999.000,9999.000,9999.000,9999.000,9999.000,9999.000
202603290142,   0.136,9999.000,9999.000,9999.000,9999.000,9999.000,9999.000,9999.000,9999.000
202603290148,   0.124,9999.000,9999.000,9999.000,9999.000,9999.000,9999.000,9999.000,9999.000
202603290154,   0.113,9999.000,9999.000,9999.000,9999.000,9999.000,9999.000,9999.000,9999.000
202603290200,   0.106,9999.000,  -0.300,9999.000,  -0.194,  -0.500,  -0.394,   0.000,   0.106
202603290206,   0.100,9999.000,9999.000,9999.000,9999.000,9999.000,9999.000,9999.000,9999.000
202603290212,   0.097,9999.000,9999.000,9999.000,9999.000,9999.000,9999.000,9999.000,9999.000
202603290218,   0.095,9999.000,9999.000,9999.000,9999.000,9999.000,9999.000,9999.000,9999.000
202603290224,   0.096,9999.000,9999.000,9999.000,9999.000,9999.000,9999.000,9999.000,9999.000
202603290230,   0.098,9999.000,9999.000,9999.000,9999.000,9999.000,9999.000,9999.000,9999.000
202603290236,   0.102,9999.000,9999.000,9999.000,9999.000,9999.000,9999.000,9999.000,9999.000
202603290242,   0.108,9999.000,9999.000,9999.000,9999.000,9999.000,9999.000,9999.000,9999.000
202603290248,   0.115,9999.000,9999.000,9999.000,9999.000,9999.000,9999.000,9999.000,9999.000
202603290254,   0.124,9999.000,9999.000,9999.000,9999.000,9999.000,9999.000,9999.000,9999.000
202603290300,   0.134,9999.000,  -0.300,9999.000,  -0.166,  -0.500,  -0.366,   0.000,   0.134
202603290306,   0.145,9999.000,9999.000,9999.000,9999.000,9999.000,9999.000,9999.000,9999.000
202603290312,   0.156,9999.000,9999.000,9999.000,9999.000,9999.000,9999.000,9999.000,9999.000
202603290318,   0.169,9999.000,9999.000,9999.000,9999.000,9999.000,9999.000,9999.000,9999.000
202603290324,   0.183,9999.000,9999.000,9999.000,9999.000,9999.000,9999.000,9999.000,9999.000
202603290330,   0.197,9999.000,9999.000,9999.000,9999.000,9999.000,9999.000,9999.000,9999.000
202603290336,   0.212,9999.000,9999.000,9999.000,9999.000,9999.000,9999.000,9999.000,9999.000
202603290342,   0.228,9999.000,9999.000,9999.000,9999.000,9999.000,9999.000,9999.000,9999.000
202603290348,   0.244,9999.000,9999.000,9999.000,9999.000,9999.000,9999.000,9999.000,9999.000
202603290354,   0.261,9999.000,9999.000,9999.000,9999.000,9999.000,9999.000,9999.000,9999.000
202603290400,   0.278,9999.000,  -0.300,9999.000,  -0.022,  -0.500,  -0.222,   0.000,   0.278
202603290406,   0.296,9999.000,9999.000,9999.000,9999.000,9999.000,9999.000,9999.000,9999.000
202603290412,   0.315,9999.000,9999.000,9999.000,9999.000,9999.000,9999.000,9999.000,9999.000
202603290418,   0.334,9999.000,9999.000,9999.000,9999.000,9999.000,9999.000,9999.000,9999.000
202603290424,   0.354,9999.000,9999.000,9999.000,9999.000,9999.000,9999.000,9999.000,9999.000
202603290430,   0.374,9999.000,9999.000,9999.000,9999.000,9999.000,9999.000,9999.000,9999.000
202603290436,   0.395,9999.000,9999.000,9999.000,9999.000,9999.000,9999.000,9999.000,9999.000
202603290442,   0.417,9999.000,9999.000,9999.000,9999.000,9999.000,9999.000,9999.000,9999.000
202603290448,   0.440,9999.000,9999.000,9999.000,9999.000,9999.000,9999.000,9999.000,9999.000
202603290454,   0.464,9999.000,9999.000,9999.000,9999.000,9999.000,9999.000,9999.000,9999.000
202603290500,   0.489,9999.000,  -0.300,9999.000,   0.189,  -0.500,  -0.011,   0.000,   0.489
202603290506,   0.515,9999.000,9999.000,9999.000,9999.000,9999.000,9999.000,9999.000,9999.000
202603290512,   0.541,9999.000,9999.000,9999.000,9999.000,9999.000,9999.000,9999.000,9999.000
202603290518,   0.569,9999.000,9999.000,9999.000,9999.000,9999.000,9999.000,9999.000,9999.000
202603290524,   0.598,9999.000,9999.000,9999.000,9999.000,9999.000,9999.000,9999.000,9999.000
202603290530,   0.628,9999.000,9999.000,9999.000,9999.000,9999.000,9999.000,9999.000,9999.000
202603290536,   0.658,9999.000,9999.000,9999.000,9999.000,9999.000,9999.000,9999.000,9999.000
202603290542,   0.690,9999.000,9999.000,9999.000,9999.000,9999.000,9999.000,9999.000,9999.000
202603290548,   0.722,9999.000,9999.000,9999.000,9999.000,9999.000,9999.000,9999.000,9999.000
202603290554,   0.755,9999.000,9999.000,9999.000,9999.000,9999.000,9999.000,9999.000,9999.000
202603290600,   0.789,9999.000,  -0.200,9999.000,   0.589,  -0.500,   0.289,   0.000,   0.789
