        TIME,    TIDE,      OB,   SURGE,    BIAS,     TWL,SURGE90p,  TWL90p,SURGE10p,   TWL10p
202605210000,   0.583,   1.507,   0.500,   0.424,   1.507,   0.500,   1.507,   0.500,   1.507
202605210006,   0.712,9999.000,9999.000,9999.000,9999.000,9999.000,9999.000,9999.000,9999.000
202605210012,   0.848,9999.000,9999.000,9999.000,9999.000,9999.000,9999.000,9999.000,9999.000
202605210018,   0.991,9999.000,9999.000,9999.000,9999.000,9999.000,9999.000,9999.000,9999.000
202605210024,   1.142,9999.000,9999.000,9999.000,9999.000,9999.000,9999.000,9999.000,9999.000
202605210030,   1.299,9999.000,9999.000,9999.000,9999.000,9999.000,9999.000,9999.000,9999.000
202605210036,   1.462,9999.000,9999.000,9999.000,9999.000,9999.000,9999.000,9999.000,9999.000
202605210042,   1.631,9999.000,9999.000,9999.000,9999.000,9999.000,9999.000,9999.000,9999.000
202605210048,   1.805,9999.000,9999.000,9999.000,9999.000,9999.000,9999.000,9999.000,9999.000
202605210054,   1.984,9999.000,9999.000,9999.000,9999.000,9999.000,9999.000,9999.000,9999.000
202605210100,   2.166,   3.767,   0.500,   1.101,   3.767,   0.500,   3.767,   0.500,   3.767
202605210106,   2.353,9999.000,9999.000,9999.000,9999.000,9999.000,9999.000,9999.000,9999.000
202605210112,   2.542,9999.000,9999.000,9999.000,9999.000,9999.000,9999.000,9999.000,9999.000
202605210118,   2.734,9999.000,9999.000,9999.000,9999.000,9999.000,9999.000,9999.000,9999.000
202605210124,   2.929,9999.000,9999.000,9999.000,9999.000,9999.000,9999.000,9999.000,9999.000
202605210130,   3.124,   4.816,9999.000,9999.000,9999.000,9999.000,9999.000,9999.000,9999.000
202605210136,   3.321,9999.000,9999.000,9999.000,9999.000,9999.000,9999.000,9999.000,9999.000
202605210142,   3.519,9999.000,9999.000,9999.000,9999.000,9999.000,9999.000,9999.000,9999.000
202605210148,   3.717,9999.000,9999.000,9999.000,9999.000,9999.000,9999.000,9999.000,9999.000
202605210154,   3.914,9999.000,9999.000,9999.000,9999.000,9999.000,9999.000,9999.000,9999.000
202605210200,   4.110,   5.836,   0.500,   1.226,   5.836,   0.500,   5.836,   0.500,   5.836
202605210206,   4.305,9999.000,9999.000,9999.000,9999.000,9999.000,9999.000,9999.000,9999.000
202605210212,   4.497,9999.000,9999.000,9999.000,9999.000,9999.000,9999.000,9999.000,9999.000
202605210218,   4.688,9999.000,9999.000,9999.000,9999.000,9999.000,9999.000,9999.000,9999.000
202605210224,   4.875,9999.000,9999.000,9999.000,9999.000,9999.000,9999.000,9999.000,9999.000
202605210230,   5.059,   6.627,9999.000,9999.000,9999.000,9999.000,9999.000,9999.000,9999.000
202605210236,   5.239,9999.000,9999.000,9999.000,9999.000,9999.000,9999.000,9999.000,9999.000
202605210242,   5.414,9999.000,9999.000,9999.000,9999.000,9999.000,9999.000,9999.000,9999.000
202605210248,   5.585,9999.000,9999.000,9999.000,9999.000,9999.000,9999.000,9999.000,9999.000
202605210254,   5.751,9999.000,9999.000,9999.000,9999.000,9999.000,9999.000,9999.000,9999.000
202605210300,   5.911,   7.148,   0.500,   0.737,   7.148,   0.500,   7.148,   0.500,   7.148
202605210306,   6.065,9999.000,9999.000,9999.000,9999.000,9999.000,9999.000,9999.000,9999.000
202605210312,   6.213,9999.000,9999.000,9999.000,9999.000,9999.000,9999.000,9999.000,9999.000
202605210318,   6.354,9999.000,9999.000,9999.000,9999.000,9999.000,9999.000,9999.000,9999.000
202605210324,   6.489,9999.000,9999.000,9999.000,9999.000,9999.000,9999.000,9999.000,9999.000
202605210330,   6.616,   7.545,9999.000,9999.000,9999.000,9999.000,9999.000,9999.000,9999.000
202605210336,   6.736,9999.000,9999.000,9999.000,9999.000,9999.000,9999.000,9999.000,9999.000
202605210342,   6.848,9999.000,9999.000,9999.000,9999.000,9999.000,9999.000,9999.000,9999.000
202605210348,   6.953,9999.000,9999.000,9999.000,9999.000,9999.000,9999.000,9999.000,9999.000
202605210354,   7.050,9999.000,9999.000,9999.000,9999.000,9999.000,9999.000,9999.000,9999.000
202605210400,   7.139,   7.807,   0.500,   0.168,   7.807,   0.500,   7.807,   0.600,   7.907
202605210406,   7.220,9999.000,9999.000,9999.000,9999.000,9999.000,9999.000,9999.000,9999.000
202605210412,   7.293,9999.000,9999.000,9999.000,9999.000,9999.000,9999.000,9999.000,9999.000
202605210418,   7.357,9999.000,9999.000,9999.000,9999.000,9999.000,9999.000,9999.000,9999.000
202605210424,   7.414,9999.000,9999.000,9999.000,9999.000,9999.000,9999.000,9999.000,9999.000
202605210430,   7.462,   7.965,9999.000,9999.000,9999.000,9999.000,9999.000,9999.000,9999.000
202605210436,   7.501,9999.000,9999.000,9999.000,9999.000,9999.000,9999.000,9999.000,9999.000
202605210442,   7.532,9999.000,9999.000,9999.000,9999.000,9999.000,9999.000,9999.000,9999.000
202605210448,   7.555,9999.000,9999.000,9999.000,9999.000,9999.000,9999.000,9999.000,9999.000
202605210454,   7.570,9999.000,9999.000,9999.000,9999.000,9999.000,9999.000,9999.000,9999.000
202605210500,   7.576,   7.906,   0.500,  -0.170,   7.906,   0.500,   7.906,   0.500,   7.906
202605210506,   7.574,9999.000,9999.000,9999.000,9999.000,9999.000,9999.000,9999.000,9999.000
202605210512,   7.563,9999.000,9999.000,9999.000,9999.000,9999.000,9999.000,9999.000,9999.000
202605210518,   7.544,9999.000,9999.000,9999.000,9999.000,9999.000,9999.000,9999.000,9999.000
202605210524,   7.517,9999.000,9999.000,9999.000,9999.000,9999.000,9999.000,9999.000,9999.000
202605210530,   7.482,   7.447,9999.000,9999.000,9999.000,9999.000,9999.000,9999.000,9999.000
202605210536,   7.438,9999.000,9999.000,9999.000,9999.000,9999.000,9999.000,9999.000,9999.000
202605210542,   7.386,9999.000,9999.000,9999.000,9999.000,9999.000,9999.000,9999.000,9999.000
202605210548,   7.326,9999.000,9999.000,9999.000,9999.000,9999.000,9999.000,9999.000,9999.000
202605210554,   7.259,9999.000,9999.000,9999.000,9999.000,9999.000,9999.000,9999.000,9999.000
202605210600,   7.183,   6.787,   0.500,  -0.896,   6.787,   0.500,   6.787,   0.500,   6.787
202605210606,   7.100,9999.000,9999.000,9999.000,9999.000,9999.000,9999.000,9999.000,9999.000
202605210612,   7.009,9999.000,9999.000,9999.000,9999.000,9999.000,9999.000,9999.000,9999.000
202605210618,   6.910,9999.000,9999.000,9999.000,9999.000,9999.000,9999.000,9999.000,9999.000
202605210624,   6.805,9999.000,9999.000,9999.000,9999.000,9999.000,9999.000,9999.000,9999.000
202605210630,   6.693,   5.938,9999.000,9999.000,9999.000,9999.000,9999.000,9999.000,9999.000
202605210636,   6.573,9999.000,9999.000,9999.000,9999.000,9999.000,9999.000,9999.000,9999.000
202605210642,   6.448,9999.000,9999.000,9999.000,9999.000,9999.000,9999.000,9999.000,9999.000
202605210648,   6.316,9999.000,9999.000,9999.000,9999.000,9999.000,9999.000,9999.000,9999.000
202605210654,   6.178,9999.000,9999.000,9999.000,9999.000,9999.000,9999.000,9999.000,9999.000
202605210700,   6.035,   5.016,   0.500,  -1.519,   5.016,   0.400,   4.916,   0.500,   5.016
202605210706,   5.886,9999.000,9999.000,9999.000,9999.000,9999.000,9999.000,9999.000,9999.000
202605210712,   5.733,9999.000,9999.000,9999.000,9999.000,9999.000,9999.000,9999.000,9999.000
202605210718,   5.575,9999.000,9999.000,9999.000,9999.000,9999.000,9999.000,9999.000,9999.000
202605210724,   5.413,9999.000,9999.000,9999.000,9999.000,9999.000,9999.000,9999.000,9999.000
202605210730,   5.247,   4.068,9999.000,9999.000,9999.000,9999.000,9999.000,9999.000,9999.000
202605210736,   5.078,9999.000,9999.000,9999.000,9999.000,9999.000,9999.000,9999.000,9999.000
202605210742,   4.905,9999.000,9999.000,9999.000,9999.000,9999.000,9999.000,9999.000,9999.000
202605210748,   4.730,9999.000,9999.000,9999.000,9999.000,9999.000,9999.000,9999.000,9999.000
202605210754,   4.553,9999.000,9999.000,9999.000,9999.000,9999.000,9999.000,9999.000,9999.000
202605210800,   4.374,   3.078,   0.400,  -1.696,   3.078,   0.400,   3.078,   0.400,   3.078
202605210806,   4.193,9999.000,9999.000,9999.000,9999.000,9999.000,9999.000,9999.000,9999.000
202605210812,   4.012,9999.000,9999.000,9999.000,9999.000,9999.000,9999.000,9999.000,9999.000
202605210818,   3.829,9999.000,9999.000,9999.000,9999.000,9999.000,9999.000,9999.000,9999.000
202605210824,   3.646,9999.000,9999.000,9999.000,9999.000,9999.000,9999.000,9999.000,9999.000
202605210830,   3.463,   2.028,9999.000,9999.000,9999.000,9999.000,9999.000,9999.000,9999.000
202605210836,   3.281,9999.000,9999.000,9999.000,9999.000,9999.000,9999.000,9999.000,9999.000
202605210842,   3.100,9999.000,9999.000,9999.000,9999.000,9999.000,9999.000,9999.000,9999.000
202605210848,   2.919,9999.000,9999.000,9999.000,9999.000,9999.000,9999.000,9999.000,9999.000
202605210854,   2.741,9999.000,9999.000,9999.000,9999.000,9999.000,9999.000,9999.000,9999.000
202605210900,   2.564,   1.110,   0.400,  -1.854,   1.110,   0.400,   1.110,   0.400,   1.110
202605210906,   2.390,9999.000,9999.000,9999.000,9999.000,9999.000,9999.000,9999.000,9999.000
202605210912,   2.219,9999.000,9999.000,9999.000,9999.000,9999.000,9999.000,9999.000,9999.000
202605210918,   2.051,9999.000,9999.000,9999.000,9999.000,9999.000,9999.000,9999.000,9999.000
202605210924,   1.887,9999.000,9999.000,9999.000,9999.000,9999.000,9999.000,9999.000,9999.000
202605210930,   1.728,   0.359,9999.000,9999.000,9999.000,9999.000,9999.000,9999.000,9999.000
202605210936,   1.572,9999.000,9999.000,9999.000,9999.000,9999.000,9999.000,9999.000,9999.000
202605210942,   1.422,9999.000,9999.000,9999.000,9999.000,9999.000,9999.000,9999.000,9999.000
202605210948,   1.278,9999.000,9999.000,9999.000,9999.000,9999.000,9999.000,9999.000,9999.000
202605210954,   1.139,9999.000,9999.000,9999.000,9999.000,9999.000,9999.000,9999.000,9999.000
202605211000,   1.007,  -0.163,   0.400,  -1.570,  -0.163,   0.400,  -0.163,   0.400,  -0.163
202605211006,   0.881,9999.000,9999.000,9999.000,9999.000,9999.000,9999.000,9999.000,9999.000
202605211012,   0.763,9999.000,9999.000,9999.000,9999.000,9999.000,9999.000,9999.000,9999.000
202605211018,   0.652,9999.000,9999.000,9999.000,9999.000,9999.000,9999.000,9999.000,9999.000
202605211024,   0.548,9999.000,9999.000,9999.000,9999.000,9999.000,9999.000,9999.000,9999.000
202605211030,   0.453,  -0.432,9999.000,9999.000,9999.000,9999.000,9999.000,9999.000,9999.000
202605211036,   0.367,9999.000,9999.000,9999.000,9999.000,9999.000,9999.000,9999.000,9999.000
202605211042,   0.288,9999.000,9999.000,9999.000,9999.000,9999.000,9999.000,9999.000,9999.000
202605211048,   0.219,9999.000,9999.000,9999.000,9999.000,9999.000,9999.000,9999.000,9999.000
202605211054,   0.159,9999.000,9999.000,9999.000,9999.000,9999.000,9999.000,9999.000,9999.000
202605211100,   0.108,  -0.461,   0.400,  -0.969,  -0.461,   0.400,  -0.461,   0.400,  -0.461
202605211106,   0.066,9999.000,9999.000,9999.000,9999.000,9999.000,9999.000,9999.000,9999.000
202605211112,   0.033,9999.000,9999.000,9999.000,9999.000,9999.000,9999.000,9999.000,9999.000
202605211118,   0.010,9999.000,9999.000,9999.000,9999.000,9999.000,9999.000,9999.000,9999.000
202605211124,  -0.003,9999.000,9999.000,9999.000,9999.000,9999.000,9999.000,9999.000,9999.000
202605211130,  -0.007,  -0.163,9999.000,9999.000,9999.000,9999.000,9999.000,9999.000,9999.000
202605211136,  -0.002,9999.000,9999.000,9999.000,9999.000,9999.000,9999.000,9999.000,9999.000
202605211142,   0.011,9999.000,9999.000,9999.000,9999.000,9999.000,9999.000,9999.000,9999.000
202605211148,   0.034,9999.000,9999.000,9999.000,9999.000,9999.000,9999.000,9999.000,9999.000
202605211154,   0.066,9999.000,9999.000,9999.000,9999.000,9999.000,9999.000,9999.000,9999.000
202605211200,   0.107,   0.457,   0.400,  -0.050,   0.457,   0.400,   0.457,   0.500,   0.557
202605211206,   0.156,9999.000,9999.000,9999.000,9999.000,9999.000,9999.000,9999.000,9999.000
202605211212,   0.213,9999.000,9999.000,9999.000,9999.000,9999.000,9999.000,9999.000,9999.000
202605211218,   0.278,9999.000,9999.000,9999.000,9999.000,9999.000,9999.000,9999.000,9999.000
202605211224,   0.352,9999.000,9999.000,9999.000,9999.000,9999.000,9999.000,9999.000,9999.000
202605211230,   0.432,   1.307,9999.000,9999.000,9999.000,9999.000,9999.000,9999.000,9999.000
202605211236,   0.520,9999.000,9999.000,9999.000,9999.000,9999.000,9999.000,9999.000,9999.000
202605211242,   0.614,9999.000,9999.000,9999.000,9999.000,9999.000,9999.000,9999.000,9999.000
202605211248,   0.715,9999.000,9999.000,9999.000,9999.000,9999.000,9999.000,9999.000,9999.000
202605211254,   0.822,9999.000,9999.000,9999.000,9999.000,9999.000,9999.000,9999.000,9999.000
202605211300,   0.935,   2.127,   0.400,   0.792,   2.127,   0.400,   2.127,   0.500,   2.227
202605211306,   1.054,9999.000,9999.000,9999.000,9999.000,9999.000,9999.000,9999.000,9999.000
202605211312,   1.177,9999.000,9999.000,9999.000,9999.000,9999.000,9999.000,9999.000,9999.000
202605211318,   1.306,9999.000,9999.000,9999.000,9999.000,9999.000,9999.000,9999.000,9999.000
202605211324,   1.439,9999.000,9999.000,9999.000,9999.000,9999.000,9999.000,9999.000,9999.000
202605211330,   1.576,   2.917,9999.000,9999.000,9999.000,9999.000,9999.000,9999.000,9999.000
202605211336,   1.716,9999.000,9999.000,9999.000,9999.000,9999.000,9999.000,9999.000,9999.000
202605211342,   1.860,9999.000,9999.000,9999.000,9999.000,9999.000,9999.000,9999.000,9999.000
202605211348,   2.007,9999.000,9999.000,9999.000,9999.000,9999.000,9999.000,9999.000,9999.000
202605211354,   2.157,9999.000,9999.000,9999.000,9999.000,9999.000,9999.000,9999.000,9999.000
202605211400,   2.309,   3.737,   0.400,   1.028,   3.737,   0.400,   3.737,   0.400,   3.737
202605211406,   2.462,9999.000,9999.000,9999.000,9999.000,9999.000,9999.000,9999.000,9999.000
202605211412,   2.618,9999.000,9999.000,9999.000,9999.000,9999.000,9999.000,9999.000,9999.000
202605211418,   2.774,9999.000,9999.000,9999.000,9999.000,9999.000,9999.000,9999.000,9999.000
202605211424,   2.931,9999.000,9999.000,9999.000,9999.000,9999.000,9999.000,9999.000,9999.000
202605211430,   3.089,   4.459,9999.000,9999.000,9999.000,9999.000,9999.000,9999.000,9999.000
202605211436,   3.246,9999.000,9999.000,9999.000,9999.000,9999.000,9999.000,9999.000,9999.000
202605211442,   3.403,9999.000,9999.000,9999.000,9999.000,9999.000,9999.000,9999.000,9999.000
202605211448,   3.560,9999.000,9999.000,9999.000,9999.000,9999.000,9999.000,9999.000,9999.000
202605211454,   3.715,9999.000,9999.000,9999.000,9999.000,9999.000,9999.000,9999.000,9999.000
202605211500,   3.868,   5.177,   0.400,   0.909,   5.177,   0.400,   5.177,   0.400,   5.177
202605211506,   4.020,9999.000,9999.000,9999.000,9999.000,9999.000,9999.000,9999.000,9999.000
202605211512,   4.169,9999.000,9999.000,9999.000,9999.000,9999.000,9999.000,9999.000,9999.000
202605211518,   4.316,9999.000,9999.000,9999.000,9999.000,9999.000,9999.000,9999.000,9999.000
202605211524,   4.460,9999.000,9999.000,9999.000,9999.000,9999.000,9999.000,9999.000,9999.000
202605211530,   4.600,   5.738,9999.000,9999.000,9999.000,9999.000,9999.000,9999.000,9999.000
202605211536,   4.736,9999.000,9999.000,9999.000,9999.000,9999.000,9999.000,9999.000,9999.000
202605211542,   4.869,9999.000,9999.000,9999.000,9999.000,9999.000,9999.000,9999.000,9999.000
202605211548,   4.998,9999.000,9999.000,9999.000,9999.000,9999.000,9999.000,9999.000,9999.000
202605211554,   5.121,9999.000,9999.000,9999.000,9999.000,9999.000,9999.000,9999.000,9999.000
202605211600,   5.241,   6.167,   0.400,   0.526,   6.167,   0.400,   6.167,   0.400,   6.167
202605211606,   5.355,9999.000,9999.000,9999.000,9999.000,9999.000,9999.000,9999.000,9999.000
202605211612,   5.463,9999.000,9999.000,9999.000,9999.000,9999.000,9999.000,9999.000,9999.000
202605211618,   5.566,9999.000,9999.000,9999.000,9999.000,9999.000,9999.000,9999.000,9999.000
202605211624,   5.664,9999.000,9999.000,9999.000,9999.000,9999.000,9999.000,9999.000,9999.000
202605211630,   5.756,   6.358,9999.000,9999.000,9999.000,9999.000,9999.000,9999.000,9999.000
202605211636,   5.841,9999.000,9999.000,9999.000,9999.000,9999.000,9999.000,9999.000,9999.000
202605211642,   5.920,9999.000,9999.000,9999.000,9999.000,9999.000,9999.000,9999.000,9999.000
202605211648,   5.993,9999.000,9999.000,9999.000,9999.000,9999.000,9999.000,9999.000,9999.000
202605211654,   6.060,9999.000,9999.000,9999.000,9999.000,9999.000,9999.000,9999.000,9999.000
202605211700,   6.119,   6.397,   0.400,  -0.122,   6.397,   0.400,   6.397,   0.400,   6.397
202605211706,   6.172,9999.000,9999.000,9999.000,9999.000,9999.000,9999.000,9999.000,9999.000
202605211712,   6.218,9999.000,9999.000,9999.000,9999.000,9999.000,9999.000,9999.000,9999.000
202605211718,   6.257,9999.000,9999.000,9999.000,9999.000,9999.000,9999.000,9999.000,9999.000
202605211724,   6.288,9999.000,9999.000,9999.000,9999.000,9999.000,9999.000,9999.000,9999.000
202605211730,   6.312,   6.295,9999.000,9999.000,9999.000,9999.000,9999.000,9999.000,9999.000
202605211736,   6.329,9999.000,9999.000,9999.000,9999.000,9999.000,9999.000,9999.000,9999.000
202605211742,   6.338,9999.000,9999.000,9999.000,9999.000,9999.000,9999.000,9999.000,9999.000
202605211748,   6.339,9999.000,9999.000,9999.000,9999.000,9999.000,9999.000,9999.000,9999.000
202605211754,   6.332,9999.000,9999.000,9999.000,9999.000,9999.000,9999.000,9999.000,9999.000
202605211800,   6.318,   5.967,   0.400,  -0.751,   5.967,   0.400,   5.967,   0.500,   6.067
202605211806,   6.296,9999.000,9999.000,9999.000,9999.000,9999.000,9999.000,9999.000,9999.000
202605211812,   6.265,9999.000,9999.000,9999.000,9999.000,9999.000,9999.000,9999.000,9999.000
202605211818,   6.227,9999.000,9999.000,9999.000,9999.000,9999.000,9999.000,9999.000,9999.000
202605211824,   6.181,9999.000,9999.000,9999.000,9999.000,9999.000,9999.000,9999.000,9999.000
202605211830,   6.127,   5.407,9999.000,9999.000,9999.000,9999.000,9999.000,9999.000,9999.000
202605211836,   6.065,9999.000,9999.000,9999.000,9999.000,9999.000,9999.000,9999.000,9999.000
202605211842,   5.995,9999.000,9999.000,9999.000,9999.000,9999.000,9999.000,9999.000,9999.000
202605211848,   5.918,9999.000,9999.000,9999.000,9999.000,9999.000,9999.000,9999.000,9999.000
202605211854,   5.833,9999.000,9999.000,9999.000,9999.000,9999.000,9999.000,9999.000,9999.000
202605211900,   5.742,   4.659,   0.500,  -1.583,   4.659,   0.400,   4.559,   0.500,   4.659
202605211906,   5.643,9999.000,9999.000,9999.000,9999.000,9999.000,9999.000,9999.000,9999.000
202605211912,   5.537,9999.000,9999.000,9999.000,9999.000,9999.000,9999.000,9999.000,9999.000
202605211918,   5.425,9999.000,9999.000,9999.000,9999.000,9999.000,9999.000,9999.000,9999.000
202605211924,   5.306,9999.000,9999.000,9999.000,9999.000,9999.000,9999.000,9999.000,9999.000
202605211930,   5.182,   3.868,9999.000,9999.000,9999.000,9999.000,9999.000,9999.000,9999.000
202605211936,   5.052,9999.000,9999.000,9999.000,9999.000,9999.000,9999.000,9999.000,9999.000
202605211942,   4.918,9999.000,9999.000,9999.000,9999.000,9999.000,9999.000,9999.000,9999.000
202605211948,   4.778,9999.000,9999.000,9999.000,9999.000,9999.000,9999.000,9999.000,9999.000
202605211954,   4.634,9999.000,9999.000,9999.000,9999.000,9999.000,9999.000,9999.000,9999.000
202605212000,   4.486,   2.979,   0.500,  -2.007,   2.979,   0.400,   2.879,   0.500,   2.979
202605212006,   4.335,9999.000,9999.000,9999.000,9999.000,9999.000,9999.000,9999.000,9999.000
202605212012,   4.180,9999.000,9999.000,9999.000,9999.000,9999.000,9999.000,9999.000,9999.000
202605212018,   4.023,9999.000,9999.000,9999.000,9999.000,9999.000,9999.000,9999.000,9999.000
202605212024,   3.864,9999.000,9999.000,9999.000,9999.000,9999.000,9999.000,9999.000,9999.000
202605212030,   3.702,   2.127,9999.000,9999.000,9999.000,9999.000,9999.000,9999.000,9999.000
202605212036,   3.540,9999.000,9999.000,9999.000,9999.000,9999.000,9999.000,9999.000,9999.000
202605212042,   3.376,9999.000,9999.000,9999.000,9999.000,9999.000,9999.000,9999.000,9999.000
202605212048,   3.212,9999.000,9999.000,9999.000,9999.000,9999.000,9999.000,9999.000,9999.000
202605212054,   3.048,9999.000,9999.000,9999.000,9999.000,9999.000,9999.000,9999.000,9999.000
202605212100,   2.884,   1.408,   0.500,  -1.976,   1.408,   0.500,   1.408,   0.500,   1.408
202605212106,   2.720,9999.000,9999.000,9999.000,9999.000,9999.000,9999.000,9999.000,9999.000
202605212112,   2.558,9999.000,9999.000,9999.000,9999.000,9999.000,9999.000,9999.000,9999.000
202605212118,   2.397,9999.000,9999.000,9999.000,9999.000,9999.000,9999.000,9999.000,9999.000
202605212124,   2.239,9999.000,9999.000,9999.000,9999.000,9999.000,9999.000,9999.000,9999.000
202605212130,   2.083,   0.719,9999.000,9999.000,9999.000,9999.000,9999.000,9999.000,9999.000
202605212136,   1.929,9999.000,9999.000,9999.000,9999.000,9999.000,9999.000,9999.000,9999.000
202605212142,   1.779,9999.000,9999.000,9999.000,9999.000,9999.000,9999.000,9999.000,9999.000
202605212148,   1.633,9999.000,9999.000,9999.000,9999.000,9999.000,9999.000,9999.000,9999.000
202605212154,   1.491,9999.000,9999.000,9999.000,9999.000,9999.000,9999.000,9999.000,9999.000
202605212200,   1.353,9999.000,   0.500,9999.000,   1.853,   0.500,   1.853,   0.500,   1.853
202605212206,   1.221,9999.000,9999.000,9999.000,9999.000,9999.000,9999.000,9999.000,9999.000
202605212212,   1.094,9999.000,9999.000,9999.000,9999.000,9999.000,9999.000,9999.000,9999.000
202605212218,   0.972,9999.000,9999.000,9999.000,9999.000,9999.000,9999.000,9999.000,9999.000
202605212224,   0.857,9999.000,9999.000,9999.000,9999.000,9999.000,9999.000,9999.000,9999.000
202605212230,   0.749,9999.000,9999.000,9999.000,9999.000,9999.000,9999.000,9999.000,9999.000
202605212236,   0.648,9999.000,9999.000,9999.000,9999.000,9999.000,9999.000,9999.000,9999.000
202605212242,   0.554,9999.000,9999.000,9999.000,9999.000,9999.000,9999.000,9999.000,9999.000
202605212248,   0.468,9999.000,9999.000,9999.000,9999.000,9999.000,9999.000,9999.000,9999.000
202605212254,   0.390,9999.000,9999.000,9999.000,9999.000,9999.000,9999.000,9999.000,9999.000
202605212300,   0.320,  -0.432,   0.500,  -1.252,  -0.432,   0.500,  -0.432,   0.600,  -0.332
202605212306,   0.258,9999.000,9999.000,9999.000,9999.000,9999.000,9999.000,9999.000,9999.000
202605212312,   0.206,9999.000,9999.000,9999.000,9999.000,9999.000,9999.000,9999.000,9999.000
202605212318,   0.162,9999.000,9999.000,9999.000,9999.000,9999.000,9999.000,9999.000,9999.000
202605212324,   0.128,9999.000,9999.000,9999.000,9999.000,9999.000,9999.000,9999.000,9999.000
202605212330,   0.103,  -0.363,9999.000,9999.000,9999.000,9999.000,9999.000,9999.000,9999.000
202605212336,   0.087,9999.000,9999.000,9999.000,9999.000,9999.000,9999.000,9999.000,9999.000
202605212342,   0.080,9999.000,9999.000,9999.000,9999.000,9999.000,9999.000,9999.000,9999.000
202605212348,   0.083,9999.000,9999.000,9999.000,9999.000,9999.000,9999.000,9999.000,9999.000
202605212354,   0.096,9999.000,9999.000,9999.000,9999.000,9999.000,9999.000,9999.000,9999.000
202605220000,   0.117,   0.027,   0.500,  -0.590,   0.027,   0.500,   0.027,   0.500,   0.027
202605220006,   0.149,9999.000,9999.000,9999.000,9999.000,9999.000,9999.000,9999.000,9999.000
202605220012,   0.189,9999.000,9999.000,9999.000,9999.000,9999.000,9999.000,9999.000,9999.000
202605220018,   0.238,9999.000,9999.000,9999.000,9999.000,9999.000,9999.000,9999.000,9999.000
202605220024,   0.297,9999.000,9999.000,9999.000,9999.000,9999.000,9999.000,9999.000,9999.000
202605220030,   0.364,   0.719,9999.000,9999.000,9999.000,9999.000,9999.000,9999.000,9999.000
202605220036,   0.440,9999.000,9999.000,9999.000,9999.000,9999.000,9999.000,9999.000,9999.000
202605220042,   0.523,9999.000,9999.000,9999.000,9999.000,9999.000,9999.000,9999.000,9999.000
202605220048,   0.615,9999.000,9999.000,9999.000,9999.000,9999.000,9999.000,9999.000,9999.000
202605220054,   0.715,9999.000,9999.000,9999.000,9999.000,9999.000,9999.000,9999.000,9999.000
202605220100,   0.822,   1.569,   0.500,   0.247,   1.569,   0.500,   1.569,   0.600,   1.669
202605220106,   0.936,9999.000,9999.000,9999.000,9999.000,9999.000,9999.000,9999.000,9999.000
202605220112,   1.057,9999.000,9999.000,9999.000,9999.000,9999.000,9999.000,9999.000,9999.000
202605220118,   1.184,9999.000,9999.000,9999.000,9999.000,9999.000,9999.000,9999.000,9999.000
202605220124,   1.317,9999.000,9999.000,9999.000,9999.000,9999.000,9999.000,9999.000,9999.000
202605220130,   1.456,   2.487,9999.000,9999.000,9999.000,9999.000,9999.000,9999.000,9999.000
202605220136,   1.601,9999.000,9999.000,9999.000,9999.000,9999.000,9999.000,9999.000,9999.000
202605220142,   1.750,9999.000,9999.000,9999.000,9999.000,9999.000,9999.000,9999.000,9999.000
202605220148,   1.904,9999.000,9999.000,9999.000,9999.000,9999.000,9999.000,9999.000,9999.000
202605220154,   2.062,9999.000,9999.000,9999.000,9999.000,9999.000,9999.000,9999.000,9999.000
202605220200,   2.223,   3.478,   0.500,   0.755,   3.478,   0.500,   3.478,   0.600,   3.578
202605220206,   2.388,9999.000,9999.000,9999.000,9999.000,9999.000,9999.000,9999.000,9999.000
202605220212,   2.556,9999.000,9999.000,9999.000,9999.000,9999.000,9999.000,9999.000,9999.000
202605220218,   2.727,9999.000,9999.000,9999.000,9999.000,9999.000,9999.000,9999.000,9999.000
202605220224,   2.900,9999.000,9999.000,9999.000,9999.000,9999.000,9999.000,9999.000,9999.000
202605220230,   3.074,   4.488,9999.000,9999.000,9999.000,9999.000,9999.000,9999.000,9999.000
202605220236,   3.250,9999.000,9999.000,9999.000,9999.000,9999.000,9999.000,9999.000,9999.000
202605220242,   3.426,9999.000,9999.000,9999.000,9999.000,9999.000,9999.000,9999.000,9999.000
202605220248,   3.603,9999.000,9999.000,9999.000,9999.000,9999.000,9999.000,9999.000,9999.000
202605220254,   3.780,9999.000,9999.000,9999.000,9999.000,9999.000,9999.000,9999.000,9999.000
202605220300,   3.956,   5.407,   0.500,   0.951,   5.407,   0.500,   5.407,   0.600,   5.507
202605220306,   4.132,9999.000,9999.000,9999.000,9999.000,9999.000,9999.000,9999.000,9999.000
202605220312,   4.306,9999.000,9999.000,9999.000,9999.000,9999.000,9999.000,9999.000,9999.000
202605220318,   4.479,9999.000,9999.000,9999.000,9999.000,9999.000,9999.000,9999.000,9999.000
202605220324,   4.649,9999.000,9999.000,9999.000,9999.000,9999.000,9999.000,9999.000,9999.000
202605220330,   4.817,   6.197,9999.000,9999.000,9999.000,9999.000,9999.000,9999.000,9999.000
202605220336,   4.981,9999.000,9999.000,9999.000,9999.000,9999.000,9999.000,9999.000,9999.000
202605220342,   5.143,9999.000,9999.000,9999.000,9999.000,9999.000,9999.000,9999.000,9999.000
202605220348,   5.300,9999.000,9999.000,9999.000,9999.000,9999.000,9999.000,9999.000,9999.000
202605220354,   5.454,9999.000,9999.000,9999.000,9999.000,9999.000,9999.000,9999.000,9999.000
202605220400,   5.602,   6.728,   0.500,   0.626,   6.728,   0.500,   6.728,   0.500,   6.728
202605220406,   5.746,9999.000,9999.000,9999.000,9999.000,9999.000,9999.000,9999.000,9999.000
202605220412,   5.885,9999.000,9999.000,9999.000,9999.000,9999.000,9999.000,9999.000,9999.000
202605220418,   6.018,9999.000,9999.000,9999.000,9999.000,9999.000,9999.000,9999.000,9999.000
202605220424,   6.145,9999.000,9999.000,9999.000,9999.000,9999.000,9999.000,9999.000,9999.000
202605220430,   6.267,   7.086,9999.000,9999.000,9999.000,9999.000,9999.000,9999.000,9999.000
202605220436,   6.382,9999.000,9999.000,9999.000,9999.000,9999.000,9999.000,9999.000,9999.000
202605220442,   6.490,9999.000,9999.000,9999.000,9999.000,9999.000,9999.000,9999.000,9999.000
202605220448,   6.592,9999.000,9999.000,9999.000,9999.000,9999.000,9999.000,9999.000,9999.000
202605220454,   6.687,9999.000,9999.000,9999.000,9999.000,9999.000,9999.000,9999.000,9999.000
202605220500,   6.775,   7.315,   0.500,   0.040,   7.315,   0.500,   7.315,   0.500,   7.315
202605220506,   6.855,9999.000,9999.000,9999.000,9999.000,9999.000,9999.000,9999.000,9999.000
202605220512,   6.928,9999.000,9999.000,9999.000,9999.000,9999.000,9999.000,9999.000,9999.000
202605220518,   6.994,9999.000,9999.000,9999.000,9999.000,9999.000,9999.000,9999.000,9999.000
202605220524,   7.052,9999.000,9999.000,9999.000,9999.000,9999.000,9999.000,9999.000,9999.000
202605220530,   7.102,   7.407,9999.000,9999.000,9999.000,9999.000,9999.000,9999.000,9999.000
202605220536,   7.144,9999.000,9999.000,9999.000,9999.000,9999.000,9999.000,9999.000,9999.000
202605220542,   7.178,9999.000,9999.000,9999.000,9999.000,9999.000,9999.000,9999.000,9999.000
202605220548,   7.204,9999.000,9999.000,9999.000,9999.000,9999.000,9999.000,9999.000,9999.000
202605220554,   7.222,9999.000,9999.000,9999.000,9999.000,9999.000,9999.000,9999.000,9999.000
202605220600,   7.231,   7.315,   0.500,  -0.416,   7.315,   0.400,   7.215,   0.500,   7.315
202605220606,   7.233,9999.000,9999.000,9999.000,9999.000,9999.000,9999.000,9999.000,9999.000
202605220612,   7.226,9999.000,9999.000,9999.000,9999.000,9999.000,9999.000,9999.000,9999.000
202605220618,   7.210,9999.000,9999.000,9999.000,9999.000,9999.000,9999.000,9999.000,9999.000
202605220624,   7.187,9999.000,9999.000,9999.000,9999.000,9999.000,9999.000,9999.000,9999.000
202605220630,   7.154,   6.886,9999.000,9999.000,9999.000,9999.000,9999.000,9999.000,9999.000
202605220636,   7.114,9999.000,9999.000,9999.000,9999.000,9999.000,9999.000,9999.000,9999.000
202605220642,   7.065,9999.000,9999.000,9999.000,9999.000,9999.000,9999.000,9999.000,9999.000
202605220648,   7.008,9999.000,9999.000,9999.000,9999.000,9999.000,9999.000,9999.000,9999.000
202605220654,   6.943,9999.000,9999.000,9999.000,9999.000,9999.000,9999.000,9999.000,9999.000
202605220700,   6.869,   6.197,   0.400,  -1.072,   6.197,   0.400,   6.197,   0.500,   6.297
202605220706,   6.788,9999.000,9999.000,9999.000,9999.000,9999.000,9999.000,9999.000,9999.000
202605220712,   6.700,9999.000,9999.000,9999.000,9999.000,9999.000,9999.000,9999.000,9999.000
202605220718,   6.603,9999.000,9999.000,9999.000,9999.000,9999.000,9999.000,9999.000,9999.000
202605220724,   6.500,9999.000,9999.000,9999.000,9999.000,9999.000,9999.000,9999.000,9999.000
202605220730,   6.390,   5.377,9999.000,9999.000,9999.000,9999.000,9999.000,9999.000,9999.000
202605220736,   6.273,9999.000,9999.000,9999.000,9999.000,9999.000,9999.000,9999.000,9999.000
202605220742,   6.150,9999.000,9999.000,9999.000,9999.000,9999.000,9999.000,9999.000,9999.000
202605220748,   6.021,9999.000,9999.000,9999.000,9999.000,9999.000,9999.000,9999.000,9999.000
202605220754,   5.887,9999.000,9999.000,9999.000,9999.000,9999.000,9999.000,9999.000,9999.000
202605220800,   5.747,   4.488,   0.400,  -1.659,   4.488,   0.300,   4.388,   0.400,   4.488
202605220806,   5.602,9999.000,9999.000,9999.000,9999.000,9999.000,9999.000,9999.000,9999.000
202605220812,   5.453,9999.000,9999.000,9999.000,9999.000,9999.000,9999.000,9999.000,9999.000
202605220818,   5.300,9999.000,9999.000,9999.000,9999.000,9999.000,9999.000,9999.000,9999.000
202605220824,   5.144,9999.000,9999.000,9999.000,9999.000,9999.000,9999.000,9999.000,9999.000
202605220830,   4.984,   3.576,9999.000,9999.000,9999.000,9999.000,9999.000,9999.000,9999.000
202605220836,   4.821,9999.000,9999.000,9999.000,9999.000,9999.000,9999.000,9999.000,9999.000
202605220842,   4.656,9999.000,9999.000,9999.000,9999.000,9999.000,9999.000,9999.000,9999.000
202605220848,   4.489,9999.000,9999.000,9999.000,9999.000,9999.000,9999.000,9999.000,9999.000
202605220854,   4.320,9999.000,9999.000,9999.000,9999.000,9999.000,9999.000,9999.000,9999.000
202605220900,   4.150,   2.658,   0.400,  -1.892,   2.658,   0.300,   2.558,   0.400,   2.658
202605220906,   3.979,9999.000,9999.000,9999.000,9999.000,9999.000,9999.000,9999.000,9999.000
202605220912,   3.808,9999.000,9999.000,9999.000,9999.000,9999.000,9999.000,9999.000,9999.000
202605220918,   3.636,9999.000,9999.000,9999.000,9999.000,9999.000,9999.000,9999.000,9999.000
202605220924,   3.465,9999.000,9999.000,9999.000,9999.000,9999.000,9999.000,9999.000,9999.000
202605220930,   3.294,   1.707,9999.000,9999.000,9999.000,9999.000,9999.000,9999.000,9999.000
202605220936,   3.124,9999.000,9999.000,9999.000,9999.000,9999.000,9999.000,9999.000,9999.000
202605220942,   2.956,9999.000,9999.000,9999.000,9999.000,9999.000,9999.000,9999.000,9999.000
202605220948,   2.789,9999.000,9999.000,9999.000,9999.000,9999.000,9999.000,9999.000,9999.000
202605220954,   2.624,9999.000,9999.000,9999.000,9999.000,9999.000,9999.000,9999.000,9999.000
202605221000,   2.462,   1.018,   0.400,  -1.844,   1.018,   0.400,   1.018,   0.400,   1.018
202605221006,   2.302,9999.000,9999.000,9999.000,9999.000,9999.000,9999.000,9999.000,9999.000
202605221012,   2.145,9999.000,9999.000,9999.000,9999.000,9999.000,9999.000,9999.000,9999.000
202605221018,   1.992,9999.000,9999.000,9999.000,9999.000,9999.000,9999.000,9999.000,9999.000
202605221024,   1.843,9999.000,9999.000,9999.000,9999.000,9999.000,9999.000,9999.000,9999.000
202605221030,   1.698,   0.388,9999.000,9999.000,9999.000,9999.000,9999.000,9999.000,9999.000
202605221036,   1.557,9999.000,9999.000,9999.000,9999.000,9999.000,9999.000,9999.000,9999.000
202605221042,   1.422,9999.000,9999.000,9999.000,9999.000,9999.000,9999.000,9999.000,9999.000
202605221048,   1.292,9999.000,9999.000,9999.000,9999.000,9999.000,9999.000,9999.000,9999.000
202605221054,   1.167,9999.000,9999.000,9999.000,9999.000,9999.000,9999.000,9999.000,9999.000
202605221100,   1.049,   0.027,   0.400,  -1.422,   0.027,   0.400,   0.027,   0.400,   0.027
202605221106,   0.937,9999.000,9999.000,9999.000,9999.000,9999.000,9999.000,9999.000,9999.000
202605221112,   0.832,9999.000,9999.000,9999.000,9999.000,9999.000,9999.000,9999.000,9999.000
202605221118,   0.734,9999.000,9999.000,9999.000,9999.000,9999.000,9999.000,9999.000,9999.000
202605221124,   0.643,9999.000,9999.000,9999.000,9999.000,9999.000,9999.000,9999.000,9999.000
202605221130,   0.559,  -0.202,9999.000,9999.000,9999.000,9999.000,9999.000,9999.000,9999.000
202605221136,   0.484,9999.000,9999.000,9999.000,9999.000,9999.000,9999.000,9999.000,9999.000
202605221142,   0.416,9999.000,9999.000,9999.000,9999.000,9999.000,9999.000,9999.000,9999.000
202605221148,   0.357,9999.000,9999.000,9999.000,9999.000,9999.000,9999.000,9999.000,9999.000
202605221154,   0.305,9999.000,9999.000,9999.000,9999.000,9999.000,9999.000,9999.000,9999.000
202605221200,   0.262,  -0.261,   0.400,  -0.923,  -0.261,   0.400,  -0.261,   0.400,  -0.261
202605221206,   0.228,9999.000,9999.000,9999.000,9999.000,9999.000,9999.000,9999.000,9999.000
202605221212,   0.202,9999.000,9999.000,9999.000,9999.000,9999.000,9999.000,9999.000,9999.000
202605221218,   0.184,9999.000,9999.000,9999.000,9999.000,9999.000,9999.000,9999.000,9999.000
202605221224,   0.175,9999.000,9999.000,9999.000,9999.000,9999.000,9999.000,9999.000,9999.000
202605221230,   0.174,   0.057,9999.000,9999.000,9999.000,9999.000,9999.000,9999.000,9999.000
202605221236,   0.181,9999.000,9999.000,9999.000,9999.000,9999.000,9999.000,9999.000,9999.000
202605221242,   0.197,9999.000,9999.000,9999.000,9999.000,9999.000,9999.000,9999.000,9999.000
202605221248,   0.220,9999.000,9999.000,9999.000,9999.000,9999.000,9999.000,9999.000,9999.000
202605221254,   0.252,9999.000,9999.000,9999.000,9999.000,9999.000,9999.000,9999.000,9999.000
202605221300,   0.291,   0.657,   0.400,  -0.034,   0.657,   0.400,   0.657,   0.400,   0.657
202605221306,   0.337,9999.000,9999.000,9999.000,9999.000,9999.000,9999.000,9999.000,9999.000
202605221312,   0.391,9999.000,9999.000,9999.000,9999.000,9999.000,9999.000,9999.000,9999.000
202605221318,   0.452,9999.000,9999.000,9999.000,9999.000,9999.000,9999.000,9999.000,9999.000
202605221324,   0.520,9999.000,9999.000,9999.000,9999.000,9999.000,9999.000,9999.000,9999.000
202605221330,   0.595,   1.339,9999.000,9999.000,9999.000,9999.000,9999.000,9999.000,9999.000
202605221336,   0.676,9999.000,9999.000,9999.000,9999.000,9999.000,9999.000,9999.000,9999.000
202605221342,   0.763,9999.000,9999.000,9999.000,9999.000,9999.000,9999.000,9999.000,9999.000
202605221348,   0.856,9999.000,9999.000,9999.000,9999.000,9999.000,9999.000,9999.000,9999.000
202605221354,   0.954,9999.000,9999.000,9999.000,9999.000,9999.000,9999.000,9999.000,9999.000
202605221400,   1.058,   2.097,   0.400,   0.639,   2.097,   0.400,   2.097,   0.400,   2.097
202605221406,   1.167,9999.000,9999.000,9999.000,9999.000,9999.000,9999.000,9999.000,9999.000
202605221412,   1.280,9999.000,9999.000,9999.000,9999.000,9999.000,9999.000,9999.000,9999.000
202605221418,   1.398,9999.000,9999.000,9999.000,9999.000,9999.000,9999.000,9999.000,9999.000
202605221424,   1.521,9999.000,9999.000,9999.000,9999.000,9999.000,9999.000,9999.000,9999.000
202605221430,   1.647,   2.848,9999.000,9999.000,9999.000,9999.000,9999.000,9999.000,9999.000
202605221436,   1.777,9999.000,9999.000,9999.000,9999.000,9999.000,9999.000,9999.000,9999.000
202605221442,   1.910,9999.000,9999.000,9999.000,9999.000,9999.000,9999.000,9999.000,9999.000
202605221448,   2.047,9999.000,9999.000,9999.000,9999.000,9999.000,9999.000,9999.000,9999.000
202605221454,   2.186,9999.000,9999.000,9999.000,9999.000,9999.000,9999.000,9999.000,9999.000
202605221500,   2.328,   3.609,   0.400,   0.881,   3.609,   0.300,   3.509,   0.400,   3.609
202605221506,   2.472,9999.000,9999.000,9999.000,9999.000,9999.000,9999.000,9999.000,9999.000
202605221512,   2.618,9999.000,9999.000,9999.000,9999.000,9999.000,9999.000,9999.000,9999.000
202605221518,   2.765,9999.000,9999.000,9999.000,9999.000,9999.000,9999.000,9999.000,9999.000
202605221524,   2.914,9999.000,9999.000,9999.000,9999.000,9999.000,9999.000,9999.000,9999.000
202605221530,   3.063,   4.396,9999.000,9999.000,9999.000,9999.000,9999.000,9999.000,9999.000
202605221536,   3.214,9999.000,9999.000,9999.000,9999.000,9999.000,9999.000,9999.000,9999.000
202605221542,   3.364,9999.000,9999.000,9999.000,9999.000,9999.000,9999.000,9999.000,9999.000
202605221548,   3.514,9999.000,9999.000,9999.000,9999.000,9999.000,9999.000,9999.000,9999.000
202605221554,   3.664,9999.000,9999.000,9999.000,9999.000,9999.000,9999.000,9999.000,9999.000
202605221600,   3.813,   5.118,   0.400,   0.905,   5.118,   0.300,   5.018,   0.400,   5.118
202605221606,   3.961,9999.000,9999.000,9999.000,9999.000,9999.000,9999.000,9999.000,9999.000
202605221612,   4.107,9999.000,9999.000,9999.000,9999.000,9999.000,9999.000,9999.000,9999.000
202605221618,   4.252,9999.000,9999.000,9999.000,9999.000,9999.000,9999.000,9999.000,9999.000
202605221624,   4.394,9999.000,9999.000,9999.000,9999.000,9999.000,9999.000,9999.000,9999.000
202605221630,   4.533,   5.675,9999.000,9999.000,9999.000,9999.000,9999.000,9999.000,9999.000
202605221636,   4.670,9999.000,9999.000,9999.000,9999.000,9999.000,9999.000,9999.000,9999.000
202605221642,   4.804,9999.000,9999.000,9999.000,9999.000,9999.000,9999.000,9999.000,9999.000
202605221648,   4.934,9999.000,9999.000,9999.000,9999.000,9999.000,9999.000,9999.000,9999.000
202605221654,   5.060,9999.000,9999.000,9999.000,9999.000,9999.000,9999.000,9999.000,9999.000
202605221700,   5.182,   6.066,   0.400,   0.484,   6.066,   0.300,   5.966,   0.400,   6.066
202605221706,   5.300,9999.000,9999.000,9999.000,9999.000,9999.000,9999.000,9999.000,9999.000
202605221712,   5.413,9999.000,9999.000,9999.000,9999.000,9999.000,9999.000,9999.000,9999.000
202605221718,   5.521,9999.000,9999.000,9999.000,9999.000,9999.000,9999.000,9999.000,9999.000
202605221724,   5.624,9999.000,9999.000,9999.000,9999.000,9999.000,9999.000,9999.000,9999.000
202605221730,   5.721,   6.295,9999.000,9999.000,9999.000,9999.000,9999.000,9999.000,9999.000
202605221736,   5.813,9999.000,9999.000,9999.000,9999.000,9999.000,9999.000,9999.000,9999.000
202605221742,   5.898,9999.000,9999.000,9999.000,9999.000,9999.000,9999.000,9999.000,9999.000
202605221748,   5.978,9999.000,9999.000,9999.000,9999.000,9999.000,9999.000,9999.000,9999.000
202605221754,   6.050,9999.000,9999.000,9999.000,9999.000,9999.000,9999.000,9999.000,9999.000
202605221800,   6.117,   6.358,   0.400,  -0.159,   6.358,   0.400,   6.358,   0.400,   6.358
202605221806,   6.176,9999.000,9999.000,9999.000,9999.000,9999.000,9999.000,9999.000,9999.000
202605221812,   6.228,9999.000,9999.000,9999.000,9999.000,9999.000,9999.000,9999.000,9999.000
202605221818,   6.273,9999.000,9999.000,9999.000,9999.000,9999.000,9999.000,9999.000,9999.000
202605221824,   6.310,9999.000,9999.000,9999.000,9999.000,9999.000,9999.000,9999.000,9999.000
202605221830,   6.340,   6.295,9999.000,9999.000,9999.000,9999.000,9999.000,9999.000,9999.000
202605221836,   6.362,9999.000,9999.000,9999.000,9999.000,9999.000,9999.000,9999.000,9999.000
202605221842,   6.376,9999.000,9999.000,9999.000,9999.000,9999.000,9999.000,9999.000,9999.000
202605221848,   6.381,9999.000,9999.000,9999.000,9999.000,9999.000,9999.000,9999.000,9999.000
202605221854,   6.379,9999.000,9999.000,9999.000,9999.000,9999.000,9999.000,9999.000,9999.000
202605221900,   6.368,   5.938,   0.400,  -0.830,   5.938,   0.400,   5.938,   0.500,   6.038
202605221906,   6.349,9999.000,9999.000,9999.000,9999.000,9999.000,9999.000,9999.000,9999.000
202605221912,   6.321,9999.000,9999.000,9999.000,9999.000,9999.000,9999.000,9999.000,9999.000
202605221918,   6.285,9999.000,9999.000,9999.000,9999.000,9999.000,9999.000,9999.000,9999.000
202605221924,   6.241,9999.000,9999.000,9999.000,9999.000,9999.000,9999.000,9999.000,9999.000
202605221930,   6.189,   5.407,9999.000,9999.000,9999.000,9999.000,9999.000,9999.000,9999.000
202605221936,   6.128,9999.000,9999.000,9999.000,9999.000,9999.000,9999.000,9999.000,9999.000
202605221942,   6.060,9999.000,9999.000,9999.000,9999.000,9999.000,9999.000,9999.000,9999.000
202605221948,   5.984,9999.000,9999.000,9999.000,9999.000,9999.000,9999.000,9999.000,9999.000
202605221954,   5.900,9999.000,9999.000,9999.000,9999.000,9999.000,9999.000,9999.000,9999.000
202605222000,   5.810,   4.757,   0.500,  -1.553,   4.757,   0.400,   4.657,   0.500,   4.757
202605222006,   5.712,9999.000,9999.000,9999.000,9999.000,9999.000,9999.000,9999.000,9999.000
202605222012,   5.608,9999.000,9999.000,9999.000,9999.000,9999.000,9999.000,9999.000,9999.000
202605222018,   5.498,9999.000,9999.000,9999.000,9999.000,9999.000,9999.000,9999.000,9999.000
202605222024,   5.382,9999.000,9999.000,9999.000,9999.000,9999.000,9999.000,9999.000,9999.000
202605222030,   5.260,   3.996,9999.000,9999.000,9999.000,9999.000,9999.000,9999.000,9999.000
202605222036,   5.133,9999.000,9999.000,9999.000,9999.000,9999.000,9999.000,9999.000,9999.000
202605222042,   5.002,9999.000,9999.000,9999.000,9999.000,9999.000,9999.000,9999.000,9999.000
202605222048,   4.866,9999.000,9999.000,9999.000,9999.000,9999.000,9999.000,9999.000,9999.000
202605222054,   4.726,9999.000,9999.000,9999.000,9999.000,9999.000,9999.000,9999.000,9999.000
202605222100,   4.583,   3.209,   0.500,  -1.874,   3.209,   0.500,   3.209,   0.500,   3.209
202605222106,   4.437,9999.000,9999.000,9999.000,9999.000,9999.000,9999.000,9999.000,9999.000
202605222112,   4.289,9999.000,9999.000,9999.000,9999.000,9999.000,9999.000,9999.000,9999.000
202605222118,   4.138,9999.000,9999.000,9999.000,9999.000,9999.000,9999.000,9999.000,9999.000
202605222124,   3.985,9999.000,9999.000,9999.000,9999.000,9999.000,9999.000,9999.000,9999.000
202605222130,   3.831,   2.428,9999.000,9999.000,9999.000,9999.000,9999.000,9999.000,9999.000
202605222136,   3.676,9999.000,9999.000,9999.000,9999.000,9999.000,9999.000,9999.000,9999.000
202605222142,   3.520,9999.000,9999.000,9999.000,9999.000,9999.000,9999.000,9999.000,9999.000
202605222148,   3.363,9999.000,9999.000,9999.000,9999.000,9999.000,9999.000,9999.000,9999.000
202605222154,   3.207,9999.000,9999.000,9999.000,9999.000,9999.000,9999.000,9999.000,9999.000
202605222200,   3.051,   1.739,   0.500,  -1.812,   1.739,   0.500,   1.739,   0.600,   1.839
202605222206,   2.896,9999.000,9999.000,9999.000,9999.000,9999.000,9999.000,9999.000,9999.000
202605222212,   2.743,9999.000,9999.000,9999.000,9999.000,9999.000,9999.000,9999.000,9999.000
202605222218,   2.590,9999.000,9999.000,9999.000,9999.000,9999.000,9999.000,9999.000,9999.000
202605222224,   2.440,9999.000,9999.000,9999.000,9999.000,9999.000,9999.000,9999.000,9999.000
202605222230,   2.292,   1.047,9999.000,9999.000,9999.000,9999.000,9999.000,9999.000,9999.000
202605222236,   2.146,9999.000,9999.000,9999.000,9999.000,9999.000,9999.000,9999.000,9999.000
202605222242,   2.004,9999.000,9999.000,9999.000,9999.000,9999.000,9999.000,9999.000,9999.000
202605222248,   1.865,9999.000,9999.000,9999.000,9999.000,9999.000,9999.000,9999.000,9999.000
202605222254,   1.730,9999.000,9999.000,9999.000,9999.000,9999.000,9999.000,9999.000,9999.000
202605222300,   1.599,   0.519,   0.600,  -1.680,   0.519,   0.500,   0.419,   0.600,   0.519
202605222306,   1.473,9999.000,9999.000,9999.000,9999.000,9999.000,9999.000,9999.000,9999.000
202605222312,   1.352,9999.000,9999.000,9999.000,9999.000,9999.000,9999.000,9999.000,9999.000
202605222318,   1.237,9999.000,9999.000,9999.000,9999.000,9999.000,9999.000,9999.000,9999.000
202605222324,   1.127,9999.000,9999.000,9999.000,9999.000,9999.000,9999.000,9999.000,9999.000
202605222330,   1.023,   0.129,9999.000,9999.000,9999.000,9999.000,9999.000,9999.000,9999.000
202605222336,   0.926,9999.000,9999.000,9999.000,9999.000,9999.000,9999.000,9999.000,9999.000
202605222342,   0.835,9999.000,9999.000,9999.000,9999.000,9999.000,9999.000,9999.000,9999.000
202605222348,   0.751,9999.000,9999.000,9999.000,9999.000,9999.000,9999.000,9999.000,9999.000
202605222354,   0.675,9999.000,9999.000,9999.000,9999.000,9999.000,9999.000,9999.000,9999.000
202605230000,   0.607,  -0.071,   0.500,  -1.178,  -0.071,   0.500,  -0.071,   0.600,   0.029
202605230006,   0.546,9999.000,9999.000,9999.000,9999.000,9999.000,9999.000,9999.000,9999.000
202605230012,   0.493,9999.000,9999.000,9999.000,9999.000,9999.000,9999.000,9999.000,9999.000
202605230018,   0.449,9999.000,9999.000,9999.000,9999.000,9999.000,9999.000,9999.000,9999.000
202605230024,   0.413,9999.000,9999.000,9999.000,9999.000,9999.000,9999.000,9999.000,9999.000
202605230030,   0.385,  -0.032,9999.000,9999.000,9999.000,9999.000,9999.000,9999.000,9999.000
202605230036,   0.366,9999.000,9999.000,9999.000,9999.000,9999.000,9999.000,9999.000,9999.000
202605230042,   0.355,9999.000,9999.000,9999.000,9999.000,9999.000,9999.000,9999.000,9999.000
202605230048,   0.353,9999.000,9999.000,9999.000,9999.000,9999.000,9999.000,9999.000,9999.000
202605230054,   0.359,9999.000,9999.000,9999.000,9999.000,9999.000,9999.000,9999.000,9999.000
202605230100,   0.374,   0.290,   0.600,  -0.684,   0.290,   0.500,   0.190,   0.600,   0.290
202605230106,   0.397,9999.000,9999.000,9999.000,9999.000,9999.000,9999.000,9999.000,9999.000
202605230112,   0.428,9999.000,9999.000,9999.000,9999.000,9999.000,9999.000,9999.000,9999.000
202605230118,   0.468,9999.000,9999.000,9999.000,9999.000,9999.000,9999.000,9999.000,9999.000
202605230124,   0.515,9999.000,9999.000,9999.000,9999.000,9999.000,9999.000,9999.000,9999.000
202605230130,   0.571,   0.887,9999.000,9999.000,9999.000,9999.000,9999.000,9999.000,9999.000
202605230136,   0.634,9999.000,9999.000,9999.000,9999.000,9999.000,9999.000,9999.000,9999.000
202605230142,   0.704,9999.000,9999.000,9999.000,9999.000,9999.000,9999.000,9999.000,9999.000
202605230148,   0.782,9999.000,9999.000,9999.000,9999.000,9999.000,9999.000,9999.000,9999.000
202605230154,   0.867,9999.000,9999.000,9999.000,9999.000,9999.000,9999.000,9999.000,9999.000
202605230200,   0.958,   1.739,   0.600,   0.181,   1.739,   0.500,   1.639,   0.600,   1.739
202605230206,   1.056,9999.000,9999.000,9999.000,9999.000,9999.000,9999.000,9999.000,9999.000
202605230212,   1.160,9999.000,9999.000,9999.000,9999.000,9999.000,9999.000,9999.000,9999.000
202605230218,   1.270,9999.000,9999.000,9999.000,9999.000,9999.000,9999.000,9999.000,9999.000
202605230224,   1.386,9999.000,9999.000,9999.000,9999.000,9999.000,9999.000,9999.000,9999.000
202605230230,   1.507,   2.556,9999.000,9999.000,9999.000,9999.000,9999.000,9999.000,9999.000
202605230236,   1.634,9999.000,9999.000,9999.000,9999.000,9999.000,9999.000,9999.000,9999.000
202605230242,   1.765,9999.000,9999.000,9999.000,9999.000,9999.000,9999.000,9999.000,9999.000
202605230248,   1.900,9999.000,9999.000,9999.000,9999.000,9999.000,9999.000,9999.000,9999.000
202605230254,   2.040,9999.000,9999.000,9999.000,9999.000,9999.000,9999.000,9999.000,9999.000
202605230300,   2.183,   3.478,   0.600,   0.695,   3.478,   0.600,   3.478,   0.600,   3.478
202605230306,   2.331,9999.000,9999.000,9999.000,9999.000,9999.000,9999.000,9999.000,9999.000
202605230312,   2.481,9999.000,9999.000,9999.000,9999.000,9999.000,9999.000,9999.000,9999.000
202605230318,   2.634,9999.000,9999.000,9999.000,9999.000,9999.000,9999.000,9999.000,9999.000
202605230324,   2.790,9999.000,9999.000,9999.000,9999.000,9999.000,9999.000,9999.000,9999.000
202605230330,   2.948,   4.396,9999.000,9999.000,9999.000,9999.000,9999.000,9999.000,9999.000
202605230336,   3.108,9999.000,9999.000,9999.000,9999.000,9999.000,9999.000,9999.000,9999.000
202605230342,   3.269,9999.000,9999.000,9999.000,9999.000,9999.000,9999.000,9999.000,9999.000
202605230348,   3.432,9999.000,9999.000,9999.000,9999.000,9999.000,9999.000,9999.000,9999.000
202605230354,   3.595,9999.000,9999.000,9999.000,9999.000,9999.000,9999.000,9999.000,9999.000
202605230400,   3.758,   5.279,   0.600,   0.921,   5.279,   0.600,   5.279,   0.700,   5.379
202605230406,   3.922,9999.000,9999.000,9999.000,9999.000,9999.000,9999.000,9999.000,9999.000
202605230412,   4.085,9999.000,9999.000,9999.000,9999.000,9999.000,9999.000,9999.000,9999.000
202605230418,   4.247,9999.000,9999.000,9999.000,9999.000,9999.000,9999.000,9999.000,9999.000
202605230424,   4.407,9999.000,9999.000,9999.000,9999.000,9999.000,9999.000,9999.000,9999.000
202605230430,   4.566,   5.997,9999.000,9999.000,9999.000,9999.000,9999.000,9999.000,9999.000
202605230436,   4.723,9999.000,9999.000,9999.000,9999.000,9999.000,9999.000,9999.000,9999.000
202605230442,   4.877,9999.000,9999.000,9999.000,9999.000,9999.000,9999.000,9999.000,9999.000
202605230448,   5.028,9999.000,9999.000,9999.000,9999.000,9999.000,9999.000,9999.000,9999.000
202605230454,   5.176,9999.000,9999.000,9999.000,9999.000,9999.000,9999.000,9999.000,9999.000
202605230500,   5.320,   6.495,   0.600,   0.575,   6.495,   0.500,   6.395,   0.600,   6.495
202605230506,   5.460,9999.000,9999.000,9999.000,9999.000,9999.000,9999.000,9999.000,9999.000
202605230512,   5.596,9999.000,9999.000,9999.000,9999.000,9999.000,9999.000,9999.000,9999.000
202605230518,   5.727,9999.000,9999.000,9999.000,9999.000,9999.000,9999.000,9999.000,9999.000
202605230524,   5.852,9999.000,9999.000,9999.000,9999.000,9999.000,9999.000,9999.000,9999.000
202605230530,   5.972,   6.817,9999.000,9999.000,9999.000,9999.000,9999.000,9999.000,9999.000
202605230536,   6.086,9999.000,9999.000,9999.000,9999.000,9999.000,9999.000,9999.000,9999.000
202605230542,   6.194,9999.000,9999.000,9999.000,9999.000,9999.000,9999.000,9999.000,9999.000
202605230548,   6.296,9999.000,9999.000,9999.000,9999.000,9999.000,9999.000,9999.000,9999.000
202605230554,   6.391,9999.000,9999.000,9999.000,9999.000,9999.000,9999.000,9999.000,9999.000
202605230600,   6.480,   7.047,   0.500,   0.067,   7.047,   0.500,   7.047,   0.600,   7.147
202605230606,   6.561,9999.000,9999.000,9999.000,9999.000,9999.000,9999.000,9999.000,9999.000
202605230612,   6.634,9999.000,9999.000,9999.000,9999.000,9999.000,9999.000,9999.000,9999.000
202605230618,   6.701,9999.000,9999.000,9999.000,9999.000,9999.000,9999.000,9999.000,9999.000
202605230624,   6.759,9999.000,9999.000,9999.000,9999.000,9999.000,9999.000,9999.000,9999.000
202605230630,   6.809,   7.086,9999.000,9999.000,9999.000,9999.000,9999.000,9999.000,9999.000
202605230636,   6.852,9999.000,9999.000,9999.000,9999.000,9999.000,9999.000,9999.000,9999.000
202605230642,   6.886,9999.000,9999.000,9999.000,9999.000,9999.000,9999.000,9999.000,9999.000
202605230648,   6.912,9999.000,9999.000,9999.000,9999.000,9999.000,9999.000,9999.000,9999.000
202605230654,   6.929,9999.000,9999.000,9999.000,9999.000,9999.000,9999.000,9999.000,9999.000
202605230700,   6.937,9999.000,   0.500,9999.000,   7.437,   0.400,   7.337,   0.500,   7.437
202605230706,   6.938,9999.000,9999.000,9999.000,9999.000,9999.000,9999.000,9999.000,9999.000
202605230712,   6.929,9999.000,9999.000,9999.000,9999.000,9999.000,9999.000,9999.000,9999.000
202605230718,   6.912,9999.000,9999.000,9999.000,9999.000,9999.000,9999.000,9999.000,9999.000
202605230724,   6.886,9999.000,9999.000,9999.000,9999.000,9999.000,9999.000,9999.000,9999.000
202605230730,   6.851,9999.000,9999.000,9999.000,9999.000,9999.000,9999.000,9999.000,9999.000
202605230736,   6.809,9999.000,9999.000,9999.000,9999.000,9999.000,9999.000,9999.000,9999.000
202605230742,   6.757,9999.000,9999.000,9999.000,9999.000,9999.000,9999.000,9999.000,9999.000
202605230748,   6.698,9999.000,9999.000,9999.000,9999.000,9999.000,9999.000,9999.000,9999.000
202605230754,   6.630,9999.000,9999.000,9999.000,9999.000,9999.000,9999.000,9999.000,9999.000
202605230800,   6.555,   5.899,   0.500,  -1.156,   5.899,   0.400,   5.799,   0.500,   5.899
202605230806,   6.472,9999.000,9999.000,9999.000,9999.000,9999.000,9999.000,9999.000,9999.000
202605230812,   6.382,9999.000,9999.000,9999.000,9999.000,9999.000,9999.000,9999.000,9999.000
202605230818,   6.285,9999.000,9999.000,9999.000,9999.000,9999.000,9999.000,9999.000,9999.000
202605230824,   6.181,9999.000,9999.000,9999.000,9999.000,9999.000,9999.000,9999.000,9999.000
202605230830,   6.071,   5.177,9999.000,9999.000,9999.000,9999.000,9999.000,9999.000,9999.000
202605230836,   5.955,9999.000,9999.000,9999.000,9999.000,9999.000,9999.000,9999.000,9999.000
202605230842,   5.833,9999.000,9999.000,9999.000,9999.000,9999.000,9999.000,9999.000,9999.000
202605230848,   5.706,9999.000,9999.000,9999.000,9999.000,9999.000,9999.000,9999.000,9999.000
202605230854,   5.575,9999.000,9999.000,9999.000,9999.000,9999.000,9999.000,9999.000,9999.000
202605230900,   5.439,   4.298,   0.500,  -1.641,   4.298,   0.400,   4.198,   0.500,   4.298
202605230906,   5.299,9999.000,9999.000,9999.000,9999.000,9999.000,9999.000,9999.000,9999.000
202605230912,   5.156,9999.000,9999.000,9999.000,9999.000,9999.000,9999.000,9999.000,9999.000
202605230918,   5.009,9999.000,9999.000,9999.000,9999.000,9999.000,9999.000,9999.000,9999.000
202605230924,   4.860,9999.000,9999.000,9999.000,9999.000,9999.000,9999.000,9999.000,9999.000
202605230930,   4.708,   3.376,9999.000,9999.000,9999.000,9999.000,9999.000,9999.000,9999.000
202605230936,   4.554,9999.000,9999.000,9999.000,9999.000,9999.000,9999.000,9999.000,9999.000
202605230942,   4.398,9999.000,9999.000,9999.000,9999.000,9999.000,9999.000,9999.000,9999.000
202605230948,   4.242,9999.000,9999.000,9999.000,9999.000,9999.000,9999.000,9999.000,9999.000
202605230954,   4.084,9999.000,9999.000,9999.000,9999.000,9999.000,9999.000,9999.000,9999.000
202605231000,   3.925,   2.487,   0.500,  -1.938,   2.487,   0.400,   2.387,   0.500,   2.487
202605231006,   3.766,9999.000,9999.000,9999.000,9999.000,9999.000,9999.000,9999.000,9999.000
202605231012,   3.607,9999.000,9999.000,9999.000,9999.000,9999.000,9999.000,9999.000,9999.000
202605231018,   3.448,9999.000,9999.000,9999.000,9999.000,9999.000,9999.000,9999.000,9999.000
202605231024,   3.289,9999.000,9999.000,9999.000,9999.000,9999.000,9999.000,9999.000,9999.000
202605231030,   3.131,   1.638,9999.000,9999.000,9999.000,9999.000,9999.000,9999.000,9999.000
202605231036,   2.975,9999.000,9999.000,9999.000,9999.000,9999.000,9999.000,9999.000,9999.000
202605231042,   2.819,9999.000,9999.000,9999.000,9999.000,9999.000,9999.000,9999.000,9999.000
202605231048,   2.665,9999.000,9999.000,9999.000,9999.000,9999.000,9999.000,9999.000,9999.000
202605231054,   2.513,9999.000,9999.000,9999.000,9999.000,9999.000,9999.000,9999.000,9999.000
202605231100,   2.364,   0.949,   0.500,  -1.915,   0.949,   0.500,   0.949,   0.500,   0.949
202605231106,   2.217,9999.000,9999.000,9999.000,9999.000,9999.000,9999.000,9999.000,9999.000
202605231112,   2.073,9999.000,9999.000,9999.000,9999.000,9999.000,9999.000,9999.000,9999.000
202605231118,   1.932,9999.000,9999.000,9999.000,9999.000,9999.000,9999.000,9999.000,9999.000
202605231124,   1.795,9999.000,9999.000,9999.000,9999.000,9999.000,9999.000,9999.000,9999.000
202605231130,   1.662,   0.457,9999.000,9999.000,9999.000,9999.000,9999.000,9999.000,9999.000
202605231136,   1.533,9999.000,9999.000,9999.000,9999.000,9999.000,9999.000,9999.000,9999.000
202605231142,   1.408,9999.000,9999.000,9999.000,9999.000,9999.000,9999.000,9999.000,9999.000
202605231148,   1.289,9999.000,9999.000,9999.000,9999.000,9999.000,9999.000,9999.000,9999.000
202605231154,   1.175,9999.000,9999.000,9999.000,9999.000,9999.000,9999.000,9999.000,9999.000
202605231200,   1.067,   0.159,   0.400,  -1.308,   0.159,   0.400,   0.159,   0.500,   0.259
202605231206,   0.964,9999.000,9999.000,9999.000,9999.000,9999.000,9999.000,9999.000,9999.000
202605231212,   0.868,9999.000,9999.000,9999.000,9999.000,9999.000,9999.000,9999.000,9999.000
202605231218,   0.778,9999.000,9999.000,9999.000,9999.000,9999.000,9999.000,9999.000,9999.000
202605231224,   0.696,9999.000,9999.000,9999.000,9999.000,9999.000,9999.000,9999.000,9999.000
202605231230,   0.620,  -0.071,9999.000,9999.000,9999.000,9999.000,9999.000,9999.000,9999.000
202605231236,   0.551,9999.000,9999.000,9999.000,9999.000,9999.000,9999.000,9999.000,9999.000
202605231242,   0.490,9999.000,9999.000,9999.000,9999.000,9999.000,9999.000,9999.000,9999.000
202605231248,   0.436,9999.000,9999.000,9999.000,9999.000,9999.000,9999.000,9999.000,9999.000
202605231254,   0.390,9999.000,9999.000,9999.000,9999.000,9999.000,9999.000,9999.000,9999.000
202605231300,   0.351,  -0.002,   0.400,  -0.753,  -0.002,   0.400,  -0.002,   0.500,   0.098
202605231306,   0.320,9999.000,9999.000,9999.000,9999.000,9999.000,9999.000,9999.000,9999.000
202605231312,   0.297,9999.000,9999.000,9999.000,9999.000,9999.000,9999.000,9999.000,9999.000
202605231318,   0.282,9999.000,9999.000,9999.000,9999.000,9999.000,9999.000,9999.000,9999.000
202605231324,   0.275,9999.000,9999.000,9999.000,9999.000,9999.000,9999.000,9999.000,9999.000
202605231330,   0.275,   0.227,9999.000,9999.000,9999.000,9999.000,9999.000,9999.000,9999.000
202605231336,   0.283,9999.000,9999.000,9999.000,9999.000,9999.000,9999.000,9999.000,9999.000
202605231342,   0.299,9999.000,9999.000,9999.000,9999.000,9999.000,9999.000,9999.000,9999.000
202605231348,   0.322,9999.000,9999.000,9999.000,9999.000,9999.000,9999.000,9999.000,9999.000
202605231354,   0.352,9999.000,9999.000,9999.000,9999.000,9999.000,9999.000,9999.000,9999.000
202605231400,   0.389,   0.788,   0.400,  -0.001,   0.788,   0.400,   0.788,   0.500,   0.888
202605231406,   0.433,9999.000,9999.000,9999.000,9999.000,9999.000,9999.000,9999.000,9999.000
202605231412,   0.484,9999.000,9999.000,9999.000,9999.000,9999.000,9999.000,9999.000,9999.000
202605231418,   0.542,9999.000,9999.000,9999.000,9999.000,9999.000,9999.000,9999.000,9999.000
202605231424,   0.606,9999.000,9999.000,9999.000,9999.000,9999.000,9999.000,9999.000,9999.000
202605231430,   0.677,   1.477,9999.000,9999.000,9999.000,9999.000,9999.000,9999.000,9999.000
202605231436,   0.753,9999.000,9999.000,9999.000,9999.000,9999.000,9999.000,9999.000,9999.000
202605231442,   0.836,9999.000,9999.000,9999.000,9999.000,9999.000,9999.000,9999.000,9999.000
202605231448,   0.924,9999.000,9999.000,9999.000,9999.000,9999.000,9999.000,9999.000,9999.000
202605231454,   1.017,9999.000,9999.000,9999.000,9999.000,9999.000,9999.000,9999.000,9999.000
202605231500,   1.116,   2.228,   0.400,   0.712,   2.228,   0.400,   2.228,   0.400,   2.228
202605231506,   1.220,9999.000,9999.000,9999.000,9999.000,9999.000,9999.000,9999.000,9999.000
202605231512,   1.328,9999.000,9999.000,9999.000,9999.000,9999.000,9999.000,9999.000,9999.000
202605231518,   1.442,9999.000,9999.000,9999.000,9999.000,9999.000,9999.000,9999.000,9999.000
202605231524,   1.559,9999.000,9999.000,9999.000,9999.000,9999.000,9999.000,9999.000,9999.000
202605231530,   1.681,   3.048,9999.000,9999.000,9999.000,9999.000,9999.000,9999.000,9999.000
202605231536,   1.807,9999.000,9999.000,9999.000,9999.000,9999.000,9999.000,9999.000,9999.000
202605231542,   1.937,9999.000,9999.000,9999.000,9999.000,9999.000,9999.000,9999.000,9999.000
202605231548,   2.070,9999.000,9999.000,9999.000,9999.000,9999.000,9999.000,9999.000,9999.000
202605231554,   2.206,9999.000,9999.000,9999.000,9999.000,9999.000,9999.000,9999.000,9999.000
202605231600,   2.345,   3.868,   0.400,   1.123,   3.868,   0.400,   3.868,   0.400,   3.868
202605231606,   2.488,9999.000,9999.000,9999.000,9999.000,9999.000,9999.000,9999.000,9999.000
202605231612,   2.632,9999.000,9999.000,9999.000,9999.000,9999.000,9999.000,9999.000,9999.000
202605231618,   2.779,9999.000,9999.000,9999.000,9999.000,9999.000,9999.000,9999.000,9999.000
202605231624,   2.927,9999.000,9999.000,9999.000,9999.000,9999.000,9999.000,9999.000,9999.000
202605231630,   3.077,   4.626,9999.000,9999.000,9999.000,9999.000,9999.000,9999.000,9999.000
202605231636,   3.228,9999.000,9999.000,9999.000,9999.000,9999.000,9999.000,9999.000,9999.000
202605231642,   3.379,9999.000,9999.000,9999.000,9999.000,9999.000,9999.000,9999.000,9999.000
202605231648,   3.532,9999.000,9999.000,9999.000,9999.000,9999.000,9999.000,9999.000,9999.000
202605231654,   3.684,9999.000,9999.000,9999.000,9999.000,9999.000,9999.000,9999.000,9999.000
202605231700,   3.836,   5.308,   0.400,   1.072,   5.308,   0.400,   5.308,   0.500,   5.408
202605231706,   3.987,9999.000,9999.000,9999.000,9999.000,9999.000,9999.000,9999.000,9999.000
202605231712,   4.137,9999.000,9999.000,9999.000,9999.000,9999.000,9999.000,9999.000,9999.000
202605231718,   4.286,9999.000,9999.000,9999.000,9999.000,9999.000,9999.000,9999.000,9999.000
202605231724,   4.433,9999.000,9999.000,9999.000,9999.000,9999.000,9999.000,9999.000,9999.000
202605231730,   4.577,   5.866,9999.000,9999.000,9999.000,9999.000,9999.000,9999.000,9999.000
202605231736,   4.719,9999.000,9999.000,9999.000,9999.000,9999.000,9999.000,9999.000,9999.000
202605231742,   4.858,9999.000,9999.000,9999.000,9999.000,9999.000,9999.000,9999.000,9999.000
202605231748,   4.993,9999.000,9999.000,9999.000,9999.000,9999.000,9999.000,9999.000,9999.000
202605231754,   5.125,9999.000,9999.000,9999.000,9999.000,9999.000,9999.000,9999.000,9999.000
202605231800,   5.253,   6.197,   0.500,   0.444,   6.197,   0.400,   6.097,   0.500,   6.197
202605231806,   5.376,9999.000,9999.000,9999.000,9999.000,9999.000,9999.000,9999.000,9999.000
202605231812,   5.494,9999.000,9999.000,9999.000,9999.000,9999.000,9999.000,9999.000,9999.000
202605231818,   5.607,9999.000,9999.000,9999.000,9999.000,9999.000,9999.000,9999.000,9999.000
202605231824,   5.715,9999.000,9999.000,9999.000,9999.000,9999.000,9999.000,9999.000,9999.000
202605231830,   5.817,   6.456,9999.000,9999.000,9999.000,9999.000,9999.000,9999.000,9999.000
202605231836,   5.912,9999.000,9999.000,9999.000,9999.000,9999.000,9999.000,9999.000,9999.000
202605231842,   6.002,9999.000,9999.000,9999.000,9999.000,9999.000,9999.000,9999.000,9999.000
202605231848,   6.084,9999.000,9999.000,9999.000,9999.000,9999.000,9999.000,9999.000,9999.000
202605231854,   6.160,9999.000,9999.000,9999.000,9999.000,9999.000,9999.000,9999.000,9999.000
202605231900,   6.229,   6.528,   0.500,  -0.201,   6.528,   0.500,   6.528,   0.500,   6.528
202605231906,   6.290,9999.000,9999.000,9999.000,9999.000,9999.000,9999.000,9999.000,9999.000
202605231912,   6.343,9999.000,9999.000,9999.000,9999.000,9999.000,9999.000,9999.000,9999.000
202605231918,   6.389,9999.000,9999.000,9999.000,9999.000,9999.000,9999.000,9999.000,9999.000
202605231924,   6.426,9999.000,9999.000,9999.000,9999.000,9999.000,9999.000,9999.000,9999.000
202605231930,   6.455,   6.456,9999.000,9999.000,9999.000,9999.000,9999.000,9999.000,9999.000
202605231936,   6.476,9999.000,9999.000,9999.000,9999.000,9999.000,9999.000,9999.000,9999.000
202605231942,   6.489,9999.000,9999.000,9999.000,9999.000,9999.000,9999.000,9999.000,9999.000
202605231948,   6.493,9999.000,9999.000,9999.000,9999.000,9999.000,9999.000,9999.000,9999.000
202605231954,   6.489,9999.000,9999.000,9999.000,9999.000,9999.000,9999.000,9999.000,9999.000
202605232000,   6.476,   6.197,   0.600,  -0.879,   6.197,   0.500,   6.097,   0.600,   6.197
202605232006,   6.454,9999.000,9999.000,9999.000,9999.000,9999.000,9999.000,9999.000,9999.000
202605232012,   6.424,9999.000,9999.000,9999.000,9999.000,9999.000,9999.000,9999.000,9999.000
202605232018,   6.386,9999.000,9999.000,9999.000,9999.000,9999.000,9999.000,9999.000,9999.000
202605232024,   6.340,9999.000,9999.000,9999.000,9999.000,9999.000,9999.000,9999.000,9999.000
202605232030,   6.285,   5.708,9999.000,9999.000,9999.000,9999.000,9999.000,9999.000,9999.000
202605232036,   6.223,9999.000,9999.000,9999.000,9999.000,9999.000,9999.000,9999.000,9999.000
202605232042,   6.153,9999.000,9999.000,9999.000,9999.000,9999.000,9999.000,9999.000,9999.000
202605232048,   6.076,9999.000,9999.000,9999.000,9999.000,9999.000,9999.000,9999.000,9999.000
202605232054,   5.992,9999.000,9999.000,9999.000,9999.000,9999.000,9999.000,9999.000,9999.000
202605232100,   5.902,   5.079,   0.600,  -1.423,   5.079,   0.500,   4.979,   0.600,   5.079
202605232106,   5.805,9999.000,9999.000,9999.000,9999.000,9999.000,9999.000,9999.000,9999.000
202605232112,   5.702,9999.000,9999.000,9999.000,9999.000,9999.000,9999.000,9999.000,9999.000
202605232118,   5.594,9999.000,9999.000,9999.000,9999.000,9999.000,9999.000,9999.000,9999.000
202605232124,   5.480,9999.000,9999.000,9999.000,9999.000,9999.000,9999.000,9999.000,9999.000
202605232130,   5.361,   4.396,9999.000,9999.000,9999.000,9999.000,9999.000,9999.000,9999.000
202605232136,   5.238,9999.000,9999.000,9999.000,9999.000,9999.000,9999.000,9999.000,9999.000
202605232142,   5.111,9999.000,9999.000,9999.000,9999.000,9999.000,9999.000,9999.000,9999.000
202605232148,   4.981,9999.000,9999.000,9999.000,9999.000,9999.000,9999.000,9999.000,9999.000
202605232154,   4.846,9999.000,9999.000,9999.000,9999.000,9999.000,9999.000,9999.000,9999.000
202605232200,   4.709,   3.537,   0.600,  -1.772,   3.537,   0.600,   3.537,   0.700,   3.637
202605232206,   4.569,9999.000,9999.000,9999.000,9999.000,9999.000,9999.000,9999.000,9999.000
202605232212,   4.427,9999.000,9999.000,9999.000,9999.000,9999.000,9999.000,9999.000,9999.000
202605232218,   4.283,9999.000,9999.000,9999.000,9999.000,9999.000,9999.000,9999.000,9999.000
202605232224,   4.137,9999.000,9999.000,9999.000,9999.000,9999.000,9999.000,9999.000,9999.000
202605232230,   3.989,   2.717,9999.000,9999.000,9999.000,9999.000,9999.000,9999.000,9999.000
202605232236,   3.841,9999.000,9999.000,9999.000,9999.000,9999.000,9999.000,9999.000,9999.000
202605232242,   3.691,9999.000,9999.000,9999.000,9999.000,9999.000,9999.000,9999.000,9999.000
202605232248,   3.541,9999.000,9999.000,9999.000,9999.000,9999.000,9999.000,9999.000,9999.000
202605232254,   3.391,9999.000,9999.000,9999.000,9999.000,9999.000,9999.000,9999.000,9999.000
202605232300,   3.241,   2.028,   0.600,  -1.813,   2.028,   0.600,   2.028,   0.700,   2.128
202605232306,   3.092,9999.000,9999.000,9999.000,9999.000,9999.000,9999.000,9999.000,9999.000
202605232312,   2.943,9999.000,9999.000,9999.000,9999.000,9999.000,9999.000,9999.000,9999.000
202605232318,   2.795,9999.000,9999.000,9999.000,9999.000,9999.000,9999.000,9999.000,9999.000
202605232324,   2.649,9999.000,9999.000,9999.000,9999.000,9999.000,9999.000,9999.000,9999.000
202605232330,   2.505,   1.408,9999.000,9999.000,9999.000,9999.000,9999.000,9999.000,9999.000
202605232336,   2.363,9999.000,9999.000,9999.000,9999.000,9999.000,9999.000,9999.000,9999.000
202605232342,   2.223,9999.000,9999.000,9999.000,9999.000,9999.000,9999.000,9999.000,9999.000
202605232348,   2.087,9999.000,9999.000,9999.000,9999.000,9999.000,9999.000,9999.000,9999.000
202605232354,   1.953,9999.000,9999.000,9999.000,9999.000,9999.000,9999.000,9999.000,9999.000
202605240000,   1.824,   0.919,   0.500,  -1.405,   0.919,   0.500,   0.919,   0.600,   1.019
202605240006,   1.699,9999.000,9999.000,9999.000,9999.000,9999.000,9999.000,9999.000,9999.000
202605240012,   1.578,9999.000,9999.000,9999.000,9999.000,9999.000,9999.000,9999.000,9999.000
202605240018,   1.462,9999.000,9999.000,9999.000,9999.000,9999.000,9999.000,9999.000,9999.000
202605240024,   1.351,9999.000,9999.000,9999.000,9999.000,9999.000,9999.000,9999.000,9999.000
202605240030,   1.247,   0.519,9999.000,9999.000,9999.000,9999.000,9999.000,9999.000,9999.000
202605240036,   1.148,9999.000,9999.000,9999.000,9999.000,9999.000,9999.000,9999.000,9999.000
202605240042,   1.055,9999.000,9999.000,9999.000,9999.000,9999.000,9999.000,9999.000,9999.000
202605240048,   0.969,9999.000,9999.000,9999.000,9999.000,9999.000,9999.000,9999.000,9999.000
202605240054,   0.890,9999.000,9999.000,9999.000,9999.000,9999.000,9999.000,9999.000,9999.000
202605240100,   0.818,   0.257,   0.500,  -1.061,   0.257,   0.500,   0.257,   0.600,   0.357
202605240106,   0.754,9999.000,9999.000,9999.000,9999.000,9999.000,9999.000,9999.000,9999.000
202605240112,   0.697,9999.000,9999.000,9999.000,9999.000,9999.000,9999.000,9999.000,9999.000
202605240118,   0.647,9999.000,9999.000,9999.000,9999.000,9999.000,9999.000,9999.000,9999.000
202605240124,   0.606,9999.000,9999.000,9999.000,9999.000,9999.000,9999.000,9999.000,9999.000
202605240130,   0.572,   0.227,9999.000,9999.000,9999.000,9999.000,9999.000,9999.000,9999.000
202605240136,   0.547,9999.000,9999.000,9999.000,9999.000,9999.000,9999.000,9999.000,9999.000
202605240142,   0.529,9999.000,9999.000,9999.000,9999.000,9999.000,9999.000,9999.000,9999.000
202605240148,   0.520,9999.000,9999.000,9999.000,9999.000,9999.000,9999.000,9999.000,9999.000
202605240154,   0.518,9999.000,9999.000,9999.000,9999.000,9999.000,9999.000,9999.000,9999.000
202605240200,   0.525,   0.490,   0.500,  -0.535,   0.490,   0.500,   0.490,   0.600,   0.590
202605240206,   0.539,9999.000,9999.000,9999.000,9999.000,9999.000,9999.000,9999.000,9999.000
202605240212,   0.561,9999.000,9999.000,9999.000,9999.000,9999.000,9999.000,9999.000,9999.000
202605240218,   0.591,9999.000,9999.000,9999.000,9999.000,9999.000,9999.000,9999.000,9999.000
202605240224,   0.628,9999.000,9999.000,9999.000,9999.000,9999.000,9999.000,9999.000,9999.000
202605240230,   0.673,   0.979,9999.000,9999.000,9999.000,9999.000,9999.000,9999.000,9999.000
202605240236,   0.724,9999.000,9999.000,9999.000,9999.000,9999.000,9999.000,9999.000,9999.000
202605240242,   0.783,9999.000,9999.000,9999.000,9999.000,9999.000,9999.000,9999.000,9999.000
202605240248,   0.849,9999.000,9999.000,9999.000,9999.000,9999.000,9999.000,9999.000,9999.000
202605240254,   0.922,9999.000,9999.000,9999.000,9999.000,9999.000,9999.000,9999.000,9999.000
202605240300,   1.001,   1.769,   0.500,   0.268,   1.769,   0.500,   1.769,   0.600,   1.869
202605240306,   1.087,9999.000,9999.000,9999.000,9999.000,9999.000,9999.000,9999.000,9999.000
202605240312,   1.178,9999.000,9999.000,9999.000,9999.000,9999.000,9999.000,9999.000,9999.000
202605240318,   1.276,9999.000,9999.000,9999.000,9999.000,9999.000,9999.000,9999.000,9999.000
202605240324,   1.379,9999.000,9999.000,9999.000,9999.000,9999.000,9999.000,9999.000,9999.000
202605240330,   1.488,   2.589,9999.000,9999.000,9999.000,9999.000,9999.000,9999.000,9999.000
202605240336,   1.602,9999.000,9999.000,9999.000,9999.000,9999.000,9999.000,9999.000,9999.000
202605240342,   1.721,9999.000,9999.000,9999.000,9999.000,9999.000,9999.000,9999.000,9999.000
202605240348,   1.845,9999.000,9999.000,9999.000,9999.000,9999.000,9999.000,9999.000,9999.000
202605240354,   1.974,9999.000,9999.000,9999.000,9999.000,9999.000,9999.000,9999.000,9999.000
202605240400,   2.107,   3.478,   0.600,   0.771,   3.478,   0.500,   3.378,   0.600,   3.478
202605240406,   2.244,9999.000,9999.000,9999.000,9999.000,9999.000,9999.000,9999.000,9999.000
202605240412,   2.385,9999.000,9999.000,9999.000,9999.000,9999.000,9999.000,9999.000,9999.000
202605240418,   2.529,9999.000,9999.000,9999.000,9999.000,9999.000,9999.000,9999.000,9999.000
202605240424,   2.676,9999.000,9999.000,9999.000,9999.000,9999.000,9999.000,9999.000,9999.000
202605240430,   2.826,   4.357,9999.000,9999.000,9999.000,9999.000,9999.000,9999.000,9999.000
202605240436,   2.979,9999.000,9999.000,9999.000,9999.000,9999.000,9999.000,9999.000,9999.000
202605240442,   3.133,9999.000,9999.000,9999.000,9999.000,9999.000,9999.000,9999.000,9999.000
202605240448,   3.290,9999.000,9999.000,9999.000,9999.000,9999.000,9999.000,9999.000,9999.000
202605240454,   3.447,9999.000,9999.000,9999.000,9999.000,9999.000,9999.000,9999.000,9999.000
202605240500,   3.606,   5.147,   0.600,   0.941,   5.147,   0.500,   5.047,   0.600,   5.147
202605240506,   3.765,9999.000,9999.000,9999.000,9999.000,9999.000,9999.000,9999.000,9999.000
202605240512,   3.924,9999.000,9999.000,9999.000,9999.000,9999.000,9999.000,9999.000,9999.000
202605240518,   4.083,9999.000,9999.000,9999.000,9999.000,9999.000,9999.000,9999.000,9999.000
202605240524,   4.240,9999.000,9999.000,9999.000,9999.000,9999.000,9999.000,9999.000,9999.000
202605240530,   4.397,   5.807,9999.000,9999.000,9999.000,9999.000,9999.000,9999.000,9999.000
202605240536,   4.552,9999.000,9999.000,9999.000,9999.000,9999.000,9999.000,9999.000,9999.000
202605240542,   4.704,9999.000,9999.000,9999.000,9999.000,9999.000,9999.000,9999.000,9999.000
202605240548,   4.854,9999.000,9999.000,9999.000,9999.000,9999.000,9999.000,9999.000,9999.000
202605240554,   5.000,9999.000,9999.000,9999.000,9999.000,9999.000,9999.000,9999.000,9999.000
202605240600,   5.143,   6.358,   0.500,   0.715,   6.358,   0.500,   6.358,   0.500,   6.358
202605240606,   5.282,9999.000,9999.000,9999.000,9999.000,9999.000,9999.000,9999.000,9999.000
202605240612,   5.416,9999.000,9999.000,9999.000,9999.000,9999.000,9999.000,9999.000,9999.000
202605240618,   5.545,9999.000,9999.000,9999.000,9999.000,9999.000,9999.000,9999.000,9999.000
202605240624,   5.669,9999.000,9999.000,9999.000,9999.000,9999.000,9999.000,9999.000,9999.000
202605240630,   5.788,   6.627,9999.000,9999.000,9999.000,9999.000,9999.000,9999.000,9999.000
202605240636,   5.900,9999.000,9999.000,9999.000,9999.000,9999.000,9999.000,9999.000,9999.000
202605240642,   6.006,9999.000,9999.000,9999.000,9999.000,9999.000,9999.000,9999.000,9999.000
202605240648,   6.105,9999.000,9999.000,9999.000,9999.000,9999.000,9999.000,9999.000,9999.000
202605240654,   6.197,9999.000,9999.000,9999.000,9999.000,9999.000,9999.000,9999.000,9999.000
202605240700,   6.282,   6.817,   0.500,   0.035,   6.817,   0.400,   6.717,   0.500,   6.817
202605240706,   6.359,9999.000,9999.000,9999.000,9999.000,9999.000,9999.000,9999.000,9999.000
202605240712,   6.429,9999.000,9999.000,9999.000,9999.000,9999.000,9999.000,9999.000,9999.000
202605240718,   6.490,9999.000,9999.000,9999.000,9999.000,9999.000,9999.000,9999.000,9999.000
202605240724,   6.543,9999.000,9999.000,9999.000,9999.000,9999.000,9999.000,9999.000,9999.000
202605240730,   6.588,   6.886,9999.000,9999.000,9999.000,9999.000,9999.000,9999.000,9999.000
202605240736,   6.625,9999.000,9999.000,9999.000,9999.000,9999.000,9999.000,9999.000,9999.000
202605240742,   6.652,9999.000,9999.000,9999.000,9999.000,9999.000,9999.000,9999.000,9999.000
202605240748,   6.671,9999.000,9999.000,9999.000,9999.000,9999.000,9999.000,9999.000,9999.000
202605240754,   6.682,9999.000,9999.000,9999.000,9999.000,9999.000,9999.000,9999.000,9999.000
202605240800,   6.683,   6.686,   0.400,  -0.397,   6.686,   0.400,   6.686,   0.500,   6.786
202605240806,   6.676,9999.000,9999.000,9999.000,9999.000,9999.000,9999.000,9999.000,9999.000
202605240812,   6.660,9999.000,9999.000,9999.000,9999.000,9999.000,9999.000,9999.000,9999.000
202605240818,   6.636,9999.000,9999.000,9999.000,9999.000,9999.000,9999.000,9999.000,9999.000
202605240824,   6.603,9999.000,9999.000,9999.000,9999.000,9999.000,9999.000,9999.000,9999.000
202605240830,   6.562,   6.295,9999.000,9999.000,9999.000,9999.000,9999.000,9999.000,9999.000
202605240836,   6.513,9999.000,9999.000,9999.000,9999.000,9999.000,9999.000,9999.000,9999.000
202605240842,   6.455,9999.000,9999.000,9999.000,9999.000,9999.000,9999.000,9999.000,9999.000
202605240848,   6.390,9999.000,9999.000,9999.000,9999.000,9999.000,9999.000,9999.000,9999.000
202605240854,   6.318,9999.000,9999.000,9999.000,9999.000,9999.000,9999.000,9999.000,9999.000
202605240900,   6.239,   5.675,   0.400,  -0.964,   5.675,   0.400,   5.675,   0.500,   5.775
202605240906,   6.152,9999.000,9999.000,9999.000,9999.000,9999.000,9999.000,9999.000,9999.000
202605240912,   6.060,9999.000,9999.000,9999.000,9999.000,9999.000,9999.000,9999.000,9999.000
202605240918,   5.961,9999.000,9999.000,9999.000,9999.000,9999.000,9999.000,9999.000,9999.000
202605240924,   5.856,9999.000,9999.000,9999.000,9999.000,9999.000,9999.000,9999.000,9999.000
202605240930,   5.747,   4.888,9999.000,9999.000,9999.000,9999.000,9999.000,9999.000,9999.000
202605240936,   5.632,9999.000,9999.000,9999.000,9999.000,9999.000,9999.000,9999.000,9999.000
202605240942,   5.512,9999.000,9999.000,9999.000,9999.000,9999.000,9999.000,9999.000,9999.000
202605240948,   5.388,9999.000,9999.000,9999.000,9999.000,9999.000,9999.000,9999.000,9999.000
202605240954,   5.261,9999.000,9999.000,9999.000,9999.000,9999.000,9999.000,9999.000,9999.000
202605241000,   5.130,   4.127,   0.400,  -1.403,   4.127,   0.400,   4.127,   0.500,   4.227
202605241006,   4.995,9999.000,9999.000,9999.000,9999.000,9999.000,9999.000,9999.000,9999.000
202605241012,   4.858,9999.000,9999.000,9999.000,9999.000,9999.000,9999.000,9999.000,9999.000
202605241018,   4.719,9999.000,9999.000,9999.000,9999.000,9999.000,9999.000,9999.000,9999.000
202605241024,   4.577,9999.000,9999.000,9999.000,9999.000,9999.000,9999.000,9999.000,9999.000
202605241030,   4.434,   3.248,9999.000,9999.000,9999.000,9999.000,9999.000,9999.000,9999.000
202605241036,   4.289,9999.000,9999.000,9999.000,9999.000,9999.000,9999.000,9999.000,9999.000
202605241042,   4.142,9999.000,9999.000,9999.000,9999.000,9999.000,9999.000,9999.000,9999.000
202605241048,   3.995,9999.000,9999.000,9999.000,9999.000,9999.000,9999.000,9999.000,9999.000
202605241054,   3.847,9999.000,9999.000,9999.000,9999.000,9999.000,9999.000,9999.000,9999.000
202605241100,   3.698,   2.359,   0.500,  -1.839,   2.359,   0.400,   2.259,   0.500,   2.359
202605241106,   3.548,9999.000,9999.000,9999.000,9999.000,9999.000,9999.000,9999.000,9999.000
202605241112,   3.399,9999.000,9999.000,9999.000,9999.000,9999.000,9999.000,9999.000,9999.000
202605241118,   3.250,9999.000,9999.000,9999.000,9999.000,9999.000,9999.000,9999.000,9999.000
202605241124,   3.101,9999.000,9999.000,9999.000,9999.000,9999.000,9999.000,9999.000,9999.000
202605241130,   2.953,   1.638,9999.000,9999.000,9999.000,9999.000,9999.000,9999.000,9999.000
202605241136,   2.806,9999.000,9999.000,9999.000,9999.000,9999.000,9999.000,9999.000,9999.000
202605241142,   2.660,9999.000,9999.000,9999.000,9999.000,9999.000,9999.000,9999.000,9999.000
202605241148,   2.515,9999.000,9999.000,9999.000,9999.000,9999.000,9999.000,9999.000,9999.000
202605241154,   2.373,9999.000,9999.000,9999.000,9999.000,9999.000,9999.000,9999.000,9999.000
202605241200,   2.232,   1.018,   0.400,  -1.614,   1.018,   0.400,   1.018,   0.500,   1.118
202605241206,   2.093,9999.000,9999.000,9999.000,9999.000,9999.000,9999.000,9999.000,9999.000
202605241212,   1.958,9999.000,9999.000,9999.000,9999.000,9999.000,9999.000,9999.000,9999.000
202605241218,   1.825,9999.000,9999.000,9999.000,9999.000,9999.000,9999.000,9999.000,9999.000
202605241224,   1.696,9999.000,9999.000,9999.000,9999.000,9999.000,9999.000,9999.000,9999.000
202605241230,   1.570,   0.490,9999.000,9999.000,9999.000,9999.000,9999.000,9999.000,9999.000
202605241236,   1.449,9999.000,9999.000,9999.000,9999.000,9999.000,9999.000,9999.000,9999.000
202605241242,   1.332,9999.000,9999.000,9999.000,9999.000,9999.000,9999.000,9999.000,9999.000
202605241248,   1.220,9999.000,9999.000,9999.000,9999.000,9999.000,9999.000,9999.000,9999.000
202605241254,   1.113,9999.000,9999.000,9999.000,9999.000,9999.000,9999.000,9999.000,9999.000
202605241300,   1.012,   0.257,   0.400,  -1.155,   0.257,   0.400,   0.257,   0.500,   0.357
202605241306,   0.916,9999.000,9999.000,9999.000,9999.000,9999.000,9999.000,9999.000,9999.000
202605241312,   0.826,9999.000,9999.000,9999.000,9999.000,9999.000,9999.000,9999.000,9999.000
202605241318,   0.743,9999.000,9999.000,9999.000,9999.000,9999.000,9999.000,9999.000,9999.000
202605241324,   0.666,9999.000,9999.000,9999.000,9999.000,9999.000,9999.000,9999.000,9999.000
202605241330,   0.596,   0.129,9999.000,9999.000,9999.000,9999.000,9999.000,9999.000,9999.000
202605241336,   0.533,9999.000,9999.000,9999.000,9999.000,9999.000,9999.000,9999.000,9999.000
202605241342,   0.477,9999.000,9999.000,9999.000,9999.000,9999.000,9999.000,9999.000,9999.000
202605241348,   0.429,9999.000,9999.000,9999.000,9999.000,9999.000,9999.000,9999.000,9999.000
202605241354,   0.387,9999.000,9999.000,9999.000,9999.000,9999.000,9999.000,9999.000,9999.000
202605241400,   0.353,   0.198,   0.400,  -0.555,   0.198,   0.400,   0.198,   0.500,   0.298
202605241406,   0.327,9999.000,9999.000,9999.000,9999.000,9999.000,9999.000,9999.000,9999.000
202605241412,   0.308,9999.000,9999.000,9999.000,9999.000,9999.000,9999.000,9999.000,9999.000
202605241418,   0.297,9999.000,9999.000,9999.000,9999.000,9999.000,9999.000,9999.000,9999.000
202605241424,   0.293,9999.000,9999.000,9999.000,9999.000,9999.000,9999.000,9999.000,9999.000
202605241430,   0.297,   0.490,9999.000,9999.000,9999.000,9999.000,9999.000,9999.000,9999.000
202605241436,   0.307,9999.000,9999.000,9999.000,9999.000,9999.000,9999.000,9999.000,9999.000
202605241442,   0.326,9999.000,9999.000,9999.000,9999.000,9999.000,9999.000,9999.000,9999.000
202605241448,   0.351,9999.000,9999.000,9999.000,9999.000,9999.000,9999.000,9999.000,9999.000
202605241454,   0.383,9999.000,9999.000,9999.000,9999.000,9999.000,9999.000,9999.000,9999.000
202605241500,   0.423,   1.018,   0.400,   0.195,   1.018,   0.400,   1.018,   0.400,   1.018
202605241506,   0.469,9999.000,9999.000,9999.000,9999.000,9999.000,9999.000,9999.000,9999.000
202605241512,   0.522,9999.000,9999.000,9999.000,9999.000,9999.000,9999.000,9999.000,9999.000
202605241518,   0.581,9999.000,9999.000,9999.000,9999.000,9999.000,9999.000,9999.000,9999.000
202605241524,   0.647,9999.000,9999.000,9999.000,9999.000,9999.000,9999.000,9999.000,9999.000
202605241530,   0.719,   1.739,9999.000,9999.000,9999.000,9999.000,9999.000,9999.000,9999.000
202605241536,   0.798,9999.000,9999.000,9999.000,9999.000,9999.000,9999.000,9999.000,9999.000
202605241542,   0.882,9999.000,9999.000,9999.000,9999.000,9999.000,9999.000,9999.000,9999.000
202605241548,   0.972,9999.000,9999.000,9999.000,9999.000,9999.000,9999.000,9999.000,9999.000
202605241554,   1.068,9999.000,9999.000,9999.000,9999.000,9999.000,9999.000,9999.000,9999.000
202605241600,   1.169,   2.458,   0.400,   0.889,   2.458,   0.400,   2.458,   0.400,   2.458
202605241606,   1.275,9999.000,9999.000,9999.000,9999.000,9999.000,9999.000,9999.000,9999.000
202605241612,   1.387,9999.000,9999.000,9999.000,9999.000,9999.000,9999.000,9999.000,9999.000
202605241618,   1.504,9999.000,9999.000,9999.000,9999.000,9999.000,9999.000,9999.000,9999.000
202605241624,   1.625,9999.000,9999.000,9999.000,9999.000,9999.000,9999.000,9999.000,9999.000
202605241630,   1.751,   3.278,9999.000,9999.000,9999.000,9999.000,9999.000,9999.000,9999.000
202605241636,   1.881,9999.000,9999.000,9999.000,9999.000,9999.000,9999.000,9999.000,9999.000
202605241642,   2.016,9999.000,9999.000,9999.000,9999.000,9999.000,9999.000,9999.000,9999.000
202605241648,   2.154,9999.000,9999.000,9999.000,9999.000,9999.000,9999.000,9999.000,9999.000
202605241654,   2.296,9999.000,9999.000,9999.000,9999.000,9999.000,9999.000,9999.000,9999.000
202605241700,   2.441,   4.029,   0.400,   1.188,   4.029,   0.400,   4.029,   0.400,   4.029
202605241706,   2.590,9999.000,9999.000,9999.000,9999.000,9999.000,9999.000,9999.000,9999.000
202605241712,   2.741,9999.000,9999.000,9999.000,9999.000,9999.000,9999.000,9999.000,9999.000
202605241718,   2.894,9999.000,9999.000,9999.000,9999.000,9999.000,9999.000,9999.000,9999.000
202605241724,   3.049,9999.000,9999.000,9999.000,9999.000,9999.000,9999.000,9999.000,9999.000
202605241730,   3.206,   4.787,9999.000,9999.000,9999.000,9999.000,9999.000,9999.000,9999.000
202605241736,   3.364,9999.000,9999.000,9999.000,9999.000,9999.000,9999.000,9999.000,9999.000
202605241742,   3.523,9999.000,9999.000,9999.000,9999.000,9999.000,9999.000,9999.000,9999.000
202605241748,   3.683,9999.000,9999.000,9999.000,9999.000,9999.000,9999.000,9999.000,9999.000
202605241754,   3.842,9999.000,9999.000,9999.000,9999.000,9999.000,9999.000,9999.000,9999.000
202605241800,   4.001,   5.508,   0.400,   1.107,   5.508,   0.400,   5.508,   0.500,   5.608
202605241806,   4.158,9999.000,9999.000,9999.000,9999.000,9999.000,9999.000,9999.000,9999.000
202605241812,   4.315,9999.000,9999.000,9999.000,9999.000,9999.000,9999.000,9999.000,9999.000
202605241818,   4.469,9999.000,9999.000,9999.000,9999.000,9999.000,9999.000,9999.000,9999.000
202605241824,   4.622,9999.000,9999.000,9999.000,9999.000,9999.000,9999.000,9999.000,9999.000
202605241830,   4.771,   5.967,9999.000,9999.000,9999.000,9999.000,9999.000,9999.000,9999.000
202605241836,   4.918,9999.000,9999.000,9999.000,9999.000,9999.000,9999.000,9999.000,9999.000
202605241842,   5.061,9999.000,9999.000,9999.000,9999.000,9999.000,9999.000,9999.000,9999.000
202605241848,   5.199,9999.000,9999.000,9999.000,9999.000,9999.000,9999.000,9999.000,9999.000
202605241854,   5.334,9999.000,9999.000,9999.000,9999.000,9999.000,9999.000,9999.000,9999.000
202605241900,   5.463,   6.358,   0.500,   0.395,   6.358,   0.400,   6.258,   0.500,   6.358
202605241906,   5.588,9999.000,9999.000,9999.000,9999.000,9999.000,9999.000,9999.000,9999.000
202605241912,   5.707,9999.000,9999.000,9999.000,9999.000,9999.000,9999.000,9999.000,9999.000
202605241918,   5.820,9999.000,9999.000,9999.000,9999.000,9999.000,9999.000,9999.000,9999.000
202605241924,   5.927,9999.000,9999.000,9999.000,9999.000,9999.000,9999.000,9999.000,9999.000
202605241930,   6.027,   6.495,9999.000,9999.000,9999.000,9999.000,9999.000,9999.000,9999.000
202605241936,   6.121,9999.000,9999.000,9999.000,9999.000,9999.000,9999.000,9999.000,9999.000
202605241942,   6.207,9999.000,9999.000,9999.000,9999.000,9999.000,9999.000,9999.000,9999.000
202605241948,   6.286,9999.000,9999.000,9999.000,9999.000,9999.000,9999.000,9999.000,9999.000
202605241954,   6.358,9999.000,9999.000,9999.000,9999.000,9999.000,9999.000,9999.000,9999.000
202605242000,   6.422,   6.558,   0.500,  -0.364,   6.558,   0.500,   6.558,   0.500,   6.558
202605242006,   6.478,9999.000,9999.000,9999.000,9999.000,9999.000,9999.000,9999.000,9999.000
202605242012,   6.526,9999.000,9999.000,9999.000,9999.000,9999.000,9999.000,9999.000,9999.000
202605242018,   6.566,9999.000,9999.000,9999.000,9999.000,9999.000,9999.000,9999.000,9999.000
202605242024,   6.597,9999.000,9999.000,9999.000,9999.000,9999.000,9999.000,9999.000,9999.000
202605242030,   6.620,   6.528,9999.000,9999.000,9999.000,9999.000,9999.000,9999.000,9999.000
202605242036,   6.635,9999.000,9999.000,9999.000,9999.000,9999.000,9999.000,9999.000,9999.000
202605242042,   6.641,9999.000,9999.000,9999.000,9999.000,9999.000,9999.000,9999.000,9999.000
202605242048,   6.639,9999.000,9999.000,9999.000,9999.000,9999.000,9999.000,9999.000,9999.000
202605242054,   6.629,9999.000,9999.000,9999.000,9999.000,9999.000,9999.000,9999.000,9999.000
202605242100,   6.610,   6.358,   0.500,  -0.752,   6.358,   0.500,   6.358,   0.600,   6.458
202605242106,   6.583,9999.000,9999.000,9999.000,9999.000,9999.000,9999.000,9999.000,9999.000
202605242112,   6.548,9999.000,9999.000,9999.000,9999.000,9999.000,9999.000,9999.000,9999.000
202605242118,   6.505,9999.000,9999.000,9999.000,9999.000,9999.000,9999.000,9999.000,9999.000
202605242124,   6.454,9999.000,9999.000,9999.000,9999.000,9999.000,9999.000,9999.000,9999.000
202605242130,   6.396,   5.938,9999.000,9999.000,9999.000,9999.000,9999.000,9999.000,9999.000
202605242136,   6.331,9999.000,9999.000,9999.000,9999.000,9999.000,9999.000,9999.000,9999.000
202605242142,   6.259,9999.000,9999.000,9999.000,9999.000,9999.000,9999.000,9999.000,9999.000
202605242148,   6.180,9999.000,9999.000,9999.000,9999.000,9999.000,9999.000,9999.000,9999.000
202605242154,   6.095,9999.000,9999.000,9999.000,9999.000,9999.000,9999.000,9999.000,9999.000
202605242200,   6.004,   5.279,   0.500,  -1.225,   5.279,   0.500,   5.279,   0.600,   5.379
202605242206,   5.907,9999.000,9999.000,9999.000,9999.000,9999.000,9999.000,9999.000,9999.000
202605242212,   5.805,9999.000,9999.000,9999.000,9999.000,9999.000,9999.000,9999.000,9999.000
202605242218,   5.697,9999.000,9999.000,9999.000,9999.000,9999.000,9999.000,9999.000,9999.000
202605242224,   5.585,9999.000,9999.000,9999.000,9999.000,9999.000,9999.000,9999.000,9999.000
202605242230,   5.469,   4.557,9999.000,9999.000,9999.000,9999.000,9999.000,9999.000,9999.000
202605242236,   5.348,9999.000,9999.000,9999.000,9999.000,9999.000,9999.000,9999.000,9999.000
202605242242,   5.224,9999.000,9999.000,9999.000,9999.000,9999.000,9999.000,9999.000,9999.000
202605242248,   5.096,9999.000,9999.000,9999.000,9999.000,9999.000,9999.000,9999.000,9999.000
202605242254,   4.964,9999.000,9999.000,9999.000,9999.000,9999.000,9999.000,9999.000,9999.000
202605242300,   4.830,   3.767,   0.600,  -1.663,   3.767,   0.500,   3.667,   0.700,   3.867
202605242306,   4.693,9999.000,9999.000,9999.000,9999.000,9999.000,9999.000,9999.000,9999.000
202605242312,   4.554,9999.000,9999.000,9999.000,9999.000,9999.000,9999.000,9999.000,9999.000
202605242318,   4.412,9999.000,9999.000,9999.000,9999.000,9999.000,9999.000,9999.000,9999.000
202605242324,   4.268,9999.000,9999.000,9999.000,9999.000,9999.000,9999.000,9999.000,9999.000
202605242330,   4.123,   2.887,9999.000,9999.000,9999.000,9999.000,9999.000,9999.000,9999.000
202605242336,   3.976,9999.000,9999.000,9999.000,9999.000,9999.000,9999.000,9999.000,9999.000
202605242342,   3.828,9999.000,9999.000,9999.000,9999.000,9999.000,9999.000,9999.000,9999.000
202605242348,   3.679,9999.000,9999.000,9999.000,9999.000,9999.000,9999.000,9999.000,9999.000
202605242354,   3.529,9999.000,9999.000,9999.000,9999.000,9999.000,9999.000,9999.000,9999.000
202605250000,   3.380,   2.127,   0.500,  -1.753,   2.127,   0.400,   2.027,   0.500,   2.127
202605250006,   3.230,9999.000,9999.000,9999.000,9999.000,9999.000,9999.000,9999.000,9999.000
202605250012,   3.081,9999.000,9999.000,9999.000,9999.000,9999.000,9999.000,9999.000,9999.000
202605250018,   2.932,9999.000,9999.000,9999.000,9999.000,9999.000,9999.000,9999.000,9999.000
202605250024,   2.785,9999.000,9999.000,9999.000,9999.000,9999.000,9999.000,9999.000,9999.000
202605250030,   2.639,   1.507,9999.000,9999.000,9999.000,9999.000,9999.000,9999.000,9999.000
202605250036,   2.494,9999.000,9999.000,9999.000,9999.000,9999.000,9999.000,9999.000,9999.000
202605250042,   2.353,9999.000,9999.000,9999.000,9999.000,9999.000,9999.000,9999.000,9999.000
202605250048,   2.214,9999.000,9999.000,9999.000,9999.000,9999.000,9999.000,9999.000,9999.000
202605250054,   2.078,9999.000,9999.000,9999.000,9999.000,9999.000,9999.000,9999.000,9999.000
202605250100,   1.945,   1.047,   0.500,  -1.398,   1.047,   0.400,   0.947,   0.500,   1.047
202605250106,   1.817,9999.000,9999.000,9999.000,9999.000,9999.000,9999.000,9999.000,9999.000
202605250112,   1.693,9999.000,9999.000,9999.000,9999.000,9999.000,9999.000,9999.000,9999.000
202605250118,   1.574,9999.000,9999.000,9999.000,9999.000,9999.000,9999.000,9999.000,9999.000
202605250124,   1.460,9999.000,9999.000,9999.000,9999.000,9999.000,9999.000,9999.000,9999.000
202605250130,   1.352,   0.657,9999.000,9999.000,9999.000,9999.000,9999.000,9999.000,9999.000
202605250136,   1.249,9999.000,9999.000,9999.000,9999.000,9999.000,9999.000,9999.000,9999.000
202605250142,   1.153,9999.000,9999.000,9999.000,9999.000,9999.000,9999.000,9999.000,9999.000
202605250148,   1.063,9999.000,9999.000,9999.000,9999.000,9999.000,9999.000,9999.000,9999.000
202605250154,   0.981,9999.000,9999.000,9999.000,9999.000,9999.000,9999.000,9999.000,9999.000
202605250200,   0.905,   0.329,   0.500,  -1.076,   0.329,   0.400,   0.229,   0.500,   0.329
202605250206,   0.836,9999.000,9999.000,9999.000,9999.000,9999.000,9999.000,9999.000,9999.000
202605250212,   0.775,9999.000,9999.000,9999.000,9999.000,9999.000,9999.000,9999.000,9999.000
202605250218,   0.722,9999.000,9999.000,9999.000,9999.000,9999.000,9999.000,9999.000,9999.000
202605250224,   0.676,9999.000,9999.000,9999.000,9999.000,9999.000,9999.000,9999.000,9999.000
202605250230,   0.638,   0.159,9999.000,9999.000,9999.000,9999.000,9999.000,9999.000,9999.000
202605250236,   0.608,9999.000,9999.000,9999.000,9999.000,9999.000,9999.000,9999.000,9999.000
202605250242,   0.586,9999.000,9999.000,9999.000,9999.000,9999.000,9999.000,9999.000,9999.000
202605250248,   0.572,9999.000,9999.000,9999.000,9999.000,9999.000,9999.000,9999.000,9999.000
202605250254,   0.565,9999.000,9999.000,9999.000,9999.000,9999.000,9999.000,9999.000,9999.000
202605250300,   0.567,   0.359,   0.500,  -0.708,   0.359,   0.400,   0.259,   0.500,   0.359
202605250306,   0.576,9999.000,9999.000,9999.000,9999.000,9999.000,9999.000,9999.000,9999.000
202605250312,   0.593,9999.000,9999.000,9999.000,9999.000,9999.000,9999.000,9999.000,9999.000
202605250318,   0.617,9999.000,9999.000,9999.000,9999.000,9999.000,9999.000,9999.000,9999.000
202605250324,   0.649,9999.000,9999.000,9999.000,9999.000,9999.000,9999.000,9999.000,9999.000
202605250330,   0.688,   0.847,9999.000,9999.000,9999.000,9999.000,9999.000,9999.000,9999.000
202605250336,   0.734,9999.000,9999.000,9999.000,9999.000,9999.000,9999.000,9999.000,9999.000
202605250342,   0.788,9999.000,9999.000,9999.000,9999.000,9999.000,9999.000,9999.000,9999.000
202605250348,   0.849,9999.000,9999.000,9999.000,9999.000,9999.000,9999.000,9999.000,9999.000
202605250354,   0.916,9999.000,9999.000,9999.000,9999.000,9999.000,9999.000,9999.000,9999.000
202605250400,   0.990,   1.539,   0.500,   0.049,   1.539,   0.400,   1.439,   0.500,   1.539
202605250406,   1.071,9999.000,9999.000,9999.000,9999.000,9999.000,9999.000,9999.000,9999.000
202605250412,   1.158,9999.000,9999.000,9999.000,9999.000,9999.000,9999.000,9999.000,9999.000
202605250418,   1.251,9999.000,9999.000,9999.000,9999.000,9999.000,9999.000,9999.000,9999.000
202605250424,   1.351,9999.000,9999.000,9999.000,9999.000,9999.000,9999.000,9999.000,9999.000
202605250430,   1.456,   2.297,9999.000,9999.000,9999.000,9999.000,9999.000,9999.000,9999.000
202605250436,   1.567,9999.000,9999.000,9999.000,9999.000,9999.000,9999.000,9999.000,9999.000
202605250442,   1.683,9999.000,9999.000,9999.000,9999.000,9999.000,9999.000,9999.000,9999.000
202605250448,   1.805,9999.000,9999.000,9999.000,9999.000,9999.000,9999.000,9999.000,9999.000
202605250454,   1.932,9999.000,9999.000,9999.000,9999.000,9999.000,9999.000,9999.000,9999.000
202605250500,   2.063,   3.048,   0.500,   0.485,   3.048,   0.400,   2.948,   0.500,   3.048
202605250506,   2.199,9999.000,9999.000,9999.000,9999.000,9999.000,9999.000,9999.000,9999.000
202605250512,   2.338,9999.000,9999.000,9999.000,9999.000,9999.000,9999.000,9999.000,9999.000
202605250518,   2.482,9999.000,9999.000,9999.000,9999.000,9999.000,9999.000,9999.000,9999.000
202605250524,   2.629,9999.000,9999.000,9999.000,9999.000,9999.000,9999.000,9999.000,9999.000
202605250530,   2.779,   3.898,9999.000,9999.000,9999.000,9999.000,9999.000,9999.000,9999.000
202605250536,   2.932,9999.000,9999.000,9999.000,9999.000,9999.000,9999.000,9999.000,9999.000
202605250542,   3.087,9999.000,9999.000,9999.000,9999.000,9999.000,9999.000,9999.000,9999.000
202605250548,   3.244,9999.000,9999.000,9999.000,9999.000,9999.000,9999.000,9999.000,9999.000
202605250554,   3.403,9999.000,9999.000,9999.000,9999.000,9999.000,9999.000,9999.000,9999.000
202605250600,   3.562,   4.688,   0.400,   0.726,   4.688,   0.400,   4.688,   0.500,   4.788
202605250606,   3.721,9999.000,9999.000,9999.000,9999.000,9999.000,9999.000,9999.000,9999.000
202605250612,   3.881,9999.000,9999.000,9999.000,9999.000,9999.000,9999.000,9999.000,9999.000
202605250618,   4.040,9999.000,9999.000,9999.000,9999.000,9999.000,9999.000,9999.000,9999.000
202605250624,   4.197,9999.000,9999.000,9999.000,9999.000,9999.000,9999.000,9999.000,9999.000
202605250630,   4.353,   5.407,9999.000,9999.000,9999.000,9999.000,9999.000,9999.000,9999.000
202605250636,   4.507,9999.000,9999.000,9999.000,9999.000,9999.000,9999.000,9999.000,9999.000
202605250642,   4.658,9999.000,9999.000,9999.000,9999.000,9999.000,9999.000,9999.000,9999.000
202605250648,   4.805,9999.000,9999.000,9999.000,9999.000,9999.000,9999.000,9999.000,9999.000
202605250654,   4.949,9999.000,9999.000,9999.000,9999.000,9999.000,9999.000,9999.000,9999.000
202605250700,   5.089,   5.899,   0.400,   0.410,   5.899,   0.300,   5.799,   0.400,   5.899
202605250706,   5.224,9999.000,9999.000,9999.000,9999.000,9999.000,9999.000,9999.000,9999.000
202605250712,   5.354,9999.000,9999.000,9999.000,9999.000,9999.000,9999.000,9999.000,9999.000
202605250718,   5.479,9999.000,9999.000,9999.000,9999.000,9999.000,9999.000,9999.000,9999.000
202605250724,   5.597,9999.000,9999.000,9999.000,9999.000,9999.000,9999.000,9999.000,9999.000
202605250730,   5.709,   6.227,9999.000,9999.000,9999.000,9999.000,9999.000,9999.000,9999.000
202605250736,   5.814,9999.000,9999.000,9999.000,9999.000,9999.000,9999.000,9999.000,9999.000
202605250742,   5.913,9999.000,9999.000,9999.000,9999.000,9999.000,9999.000,9999.000,9999.000
202605250748,   6.004,9999.000,9999.000,9999.000,9999.000,9999.000,9999.000,9999.000,9999.000
202605250754,   6.087,9999.000,9999.000,9999.000,9999.000,9999.000,9999.000,9999.000,9999.000
202605250800,   6.163,   6.456,   0.400,  -0.107,   6.456,   0.300,   6.356,   0.400,   6.456
202605250806,   6.230,9999.000,9999.000,9999.000,9999.000,9999.000,9999.000,9999.000,9999.000
202605250812,   6.290,9999.000,9999.000,9999.000,9999.000,9999.000,9999.000,9999.000,9999.000
202605250818,   6.341,9999.000,9999.000,9999.000,9999.000,9999.000,9999.000,9999.000,9999.000
202605250824,   6.384,9999.000,9999.000,9999.000,9999.000,9999.000,9999.000,9999.000,9999.000
202605250830,   6.418,   6.495,9999.000,9999.000,9999.000,9999.000,9999.000,9999.000,9999.000
202605250836,   6.443,9999.000,9999.000,9999.000,9999.000,9999.000,9999.000,9999.000,9999.000
202605250842,   6.460,9999.000,9999.000,9999.000,9999.000,9999.000,9999.000,9999.000,9999.000
202605250848,   6.468,9999.000,9999.000,9999.000,9999.000,9999.000,9999.000,9999.000,9999.000
202605250854,   6.467,9999.000,9999.000,9999.000,9999.000,9999.000,9999.000,9999.000,9999.000
202605250900,   6.459,   6.358,   0.400,  -0.501,   6.358,   0.300,   6.258,   0.400,   6.358
202605250906,   6.441,9999.000,9999.000,9999.000,9999.000,9999.000,9999.000,9999.000,9999.000
202605250912,   6.416,9999.000,9999.000,9999.000,9999.000,9999.000,9999.000,9999.000,9999.000
202605250918,   6.382,9999.000,9999.000,9999.000,9999.000,9999.000,9999.000,9999.000,9999.000
202605250924,   6.340,9999.000,9999.000,9999.000,9999.000,9999.000,9999.000,9999.000,9999.000
202605250930,   6.291,   5.967,9999.000,9999.000,9999.000,9999.000,9999.000,9999.000,9999.000
202605250936,   6.234,9999.000,9999.000,9999.000,9999.000,9999.000,9999.000,9999.000,9999.000
202605250942,   6.171,9999.000,9999.000,9999.000,9999.000,9999.000,9999.000,9999.000,9999.000
202605250948,   6.100,9999.000,9999.000,9999.000,9999.000,9999.000,9999.000,9999.000,9999.000
202605250954,   6.022,9999.000,9999.000,9999.000,9999.000,9999.000,9999.000,9999.000,9999.000
202605251000,   5.938,   5.446,   0.400,  -0.892,   5.446,   0.300,   5.346,   0.400,   5.446
202605251006,   5.849,9999.000,9999.000,9999.000,9999.000,9999.000,9999.000,9999.000,9999.000
202605251012,   5.753,9999.000,9999.000,9999.000,9999.000,9999.000,9999.000,9999.000,9999.000
202605251018,   5.653,9999.000,9999.000,9999.000,9999.000,9999.000,9999.000,9999.000,9999.000
202605251024,   5.547,9999.000,9999.000,9999.000,9999.000,9999.000,9999.000,9999.000,9999.000
202605251030,   5.437,   4.659,9999.000,9999.000,9999.000,9999.000,9999.000,9999.000,9999.000
202605251036,   5.322,9999.000,9999.000,9999.000,9999.000,9999.000,9999.000,9999.000,9999.000
202605251042,   5.204,9999.000,9999.000,9999.000,9999.000,9999.000,9999.000,9999.000,9999.000
202605251048,   5.082,9999.000,9999.000,9999.000,9999.000,9999.000,9999.000,9999.000,9999.000
202605251054,   4.957,9999.000,9999.000,9999.000,9999.000,9999.000,9999.000,9999.000,9999.000
202605251100,   4.829,   3.806,   0.400,  -1.423,   3.806,   0.400,   3.806,   0.500,   3.906
202605251106,   4.698,9999.000,9999.000,9999.000,9999.000,9999.000,9999.000,9999.000,9999.000
202605251112,   4.565,9999.000,9999.000,9999.000,9999.000,9999.000,9999.000,9999.000,9999.000
202605251118,   4.429,9999.000,9999.000,9999.000,9999.000,9999.000,9999.000,9999.000,9999.000
202605251124,   4.292,9999.000,9999.000,9999.000,9999.000,9999.000,9999.000,9999.000,9999.000
202605251130,   4.153,   3.019,9999.000,9999.000,9999.000,9999.000,9999.000,9999.000,9999.000
202605251136,   4.013,9999.000,9999.000,9999.000,9999.000,9999.000,9999.000,9999.000,9999.000
202605251142,   3.872,9999.000,9999.000,9999.000,9999.000,9999.000,9999.000,9999.000,9999.000
202605251148,   3.729,9999.000,9999.000,9999.000,9999.000,9999.000,9999.000,9999.000,9999.000
202605251154,   3.586,9999.000,9999.000,9999.000,9999.000,9999.000,9999.000,9999.000,9999.000
202605251200,   3.443,   2.199,   0.400,  -1.644,   2.199,   0.300,   2.099,   0.400,   2.199
202605251206,   3.299,9999.000,9999.000,9999.000,9999.000,9999.000,9999.000,9999.000,9999.000
202605251212,   3.155,9999.000,9999.000,9999.000,9999.000,9999.000,9999.000,9999.000,9999.000
202605251218,   3.011,9999.000,9999.000,9999.000,9999.000,9999.000,9999.000,9999.000,9999.000
202605251224,   2.867,9999.000,9999.000,9999.000,9999.000,9999.000,9999.000,9999.000,9999.000
202605251230,   2.724,   1.507,9999.000,9999.000,9999.000,9999.000,9999.000,9999.000,9999.000
202605251236,   2.582,9999.000,9999.000,9999.000,9999.000,9999.000,9999.000,9999.000,9999.000
202605251242,   2.441,9999.000,9999.000,9999.000,9999.000,9999.000,9999.000,9999.000,9999.000
202605251248,   2.302,9999.000,9999.000,9999.000,9999.000,9999.000,9999.000,9999.000,9999.000
202605251254,   2.165,9999.000,9999.000,9999.000,9999.000,9999.000,9999.000,9999.000,9999.000
202605251300,   2.029,   0.919,   0.400,  -1.510,   0.919,   0.300,   0.819,   0.400,   0.919
202605251306,   1.897,9999.000,9999.000,9999.000,9999.000,9999.000,9999.000,9999.000,9999.000
202605251312,   1.767,9999.000,9999.000,9999.000,9999.000,9999.000,9999.000,9999.000,9999.000
202605251318,   1.640,9999.000,9999.000,9999.000,9999.000,9999.000,9999.000,9999.000,9999.000
202605251324,   1.517,9999.000,9999.000,9999.000,9999.000,9999.000,9999.000,9999.000,9999.000
202605251330,   1.397,   0.519,9999.000,9999.000,9999.000,9999.000,9999.000,9999.000,9999.000
202605251336,   1.283,9999.000,9999.000,9999.000,9999.000,9999.000,9999.000,9999.000,9999.000
202605251342,   1.172,9999.000,9999.000,9999.000,9999.000,9999.000,9999.000,9999.000,9999.000
202605251348,   1.067,9999.000,9999.000,9999.000,9999.000,9999.000,9999.000,9999.000,9999.000
202605251354,   0.967,9999.000,9999.000,9999.000,9999.000,9999.000,9999.000,9999.000,9999.000
202605251400,   0.873,   0.227,   0.300,  -0.946,   0.227,   0.300,   0.227,   0.400,   0.327
202605251406,   0.784,9999.000,9999.000,9999.000,9999.000,9999.000,9999.000,9999.000,9999.000
202605251412,   0.702,9999.000,9999.000,9999.000,9999.000,9999.000,9999.000,9999.000,9999.000
202605251418,   0.627,9999.000,9999.000,9999.000,9999.000,9999.000,9999.000,9999.000,9999.000
202605251424,   0.558,9999.000,9999.000,9999.000,9999.000,9999.000,9999.000,9999.000,9999.000
202605251430,   0.495,   0.027,9999.000,9999.000,9999.000,9999.000,9999.000,9999.000,9999.000
202605251436,   0.440,9999.000,9999.000,9999.000,9999.000,9999.000,9999.000,9999.000,9999.000
202605251442,   0.393,9999.000,9999.000,9999.000,9999.000,9999.000,9999.000,9999.000,9999.000
202605251448,   0.352,9999.000,9999.000,9999.000,9999.000,9999.000,9999.000,9999.000,9999.000
202605251454,   0.319,9999.000,9999.000,9999.000,9999.000,9999.000,9999.000,9999.000,9999.000
202605251500,   0.293,   0.057,   0.300,  -0.536,   0.057,   0.300,   0.057,   0.400,   0.157
202605251506,   0.275,9999.000,9999.000,9999.000,9999.000,9999.000,9999.000,9999.000,9999.000
202605251512,   0.264,9999.000,9999.000,9999.000,9999.000,9999.000,9999.000,9999.000,9999.000
202605251518,   0.261,9999.000,9999.000,9999.000,9999.000,9999.000,9999.000,9999.000,9999.000
202605251524,   0.266,9999.000,9999.000,9999.000,9999.000,9999.000,9999.000,9999.000,9999.000
202605251530,   0.277,   0.427,9999.000,9999.000,9999.000,9999.000,9999.000,9999.000,9999.000
202605251536,   0.297,9999.000,9999.000,9999.000,9999.000,9999.000,9999.000,9999.000,9999.000
202605251542,   0.323,9999.000,9999.000,9999.000,9999.000,9999.000,9999.000,9999.000,9999.000
202605251548,   0.357,9999.000,9999.000,9999.000,9999.000,9999.000,9999.000,9999.000,9999.000
202605251554,   0.398,9999.000,9999.000,9999.000,9999.000,9999.000,9999.000,9999.000,9999.000
202605251600,   0.446,   0.979,   0.300,   0.233,   0.979,   0.300,   0.979,   0.400,   1.079
202605251606,   0.501,9999.000,9999.000,9999.000,9999.000,9999.000,9999.000,9999.000,9999.000
202605251612,   0.562,9999.000,9999.000,9999.000,9999.000,9999.000,9999.000,9999.000,9999.000
202605251618,   0.631,9999.000,9999.000,9999.000,9999.000,9999.000,9999.000,9999.000,9999.000
202605251624,   0.706,9999.000,9999.000,9999.000,9999.000,9999.000,9999.000,9999.000,9999.000
202605251630,   0.787,   1.707,9999.000,9999.000,9999.000,9999.000,9999.000,9999.000,9999.000
202605251636,   0.875,9999.000,9999.000,9999.000,9999.000,9999.000,9999.000,9999.000,9999.000
202605251642,   0.969,9999.000,9999.000,9999.000,9999.000,9999.000,9999.000,9999.000,9999.000
202605251648,   1.069,9999.000,9999.000,9999.000,9999.000,9999.000,9999.000,9999.000,9999.000
202605251654,   1.176,9999.000,9999.000,9999.000,9999.000,9999.000,9999.000,9999.000,9999.000
202605251700,   1.287,   2.389,   0.300,   0.802,   2.389,   0.300,   2.389,   0.400,   2.489
202605251706,   1.405,9999.000,9999.000,9999.000,9999.000,9999.000,9999.000,9999.000,9999.000
202605251712,   1.527,9999.000,9999.000,9999.000,9999.000,9999.000,9999.000,9999.000,9999.000
202605251718,   1.655,9999.000,9999.000,9999.000,9999.000,9999.000,9999.000,9999.000,9999.000
202605251724,   1.788,9999.000,9999.000,9999.000,9999.000,9999.000,9999.000,9999.000,9999.000
202605251730,   1.925,   3.176,9999.000,9999.000,9999.000,9999.000,9999.000,9999.000,9999.000
202605251736,   2.067,9999.000,9999.000,9999.000,9999.000,9999.000,9999.000,9999.000,9999.000
202605251742,   2.213,9999.000,9999.000,9999.000,9999.000,9999.000,9999.000,9999.000,9999.000
202605251748,   2.363,9999.000,9999.000,9999.000,9999.000,9999.000,9999.000,9999.000,9999.000
202605251754,   2.516,9999.000,9999.000,9999.000,9999.000,9999.000,9999.000,9999.000,9999.000
202605251800,   2.672,   3.868,   0.300,   0.896,   3.868,   0.300,   3.868,   0.400,   3.968
202605251806,   2.831,9999.000,9999.000,9999.000,9999.000,9999.000,9999.000,9999.000,9999.000
202605251812,   2.992,9999.000,9999.000,9999.000,9999.000,9999.000,9999.000,9999.000,9999.000
202605251818,   3.156,9999.000,9999.000,9999.000,9999.000,9999.000,9999.000,9999.000,9999.000
202605251824,   3.320,9999.000,9999.000,9999.000,9999.000,9999.000,9999.000,9999.000,9999.000
202605251830,   3.486,   4.659,9999.000,9999.000,9999.000,9999.000,9999.000,9999.000,9999.000
202605251836,   3.652,9999.000,9999.000,9999.000,9999.000,9999.000,9999.000,9999.000,9999.000
202605251842,   3.819,9999.000,9999.000,9999.000,9999.000,9999.000,9999.000,9999.000,9999.000
202605251848,   3.985,9999.000,9999.000,9999.000,9999.000,9999.000,9999.000,9999.000,9999.000
202605251854,   4.150,9999.000,9999.000,9999.000,9999.000,9999.000,9999.000,9999.000,9999.000
202605251900,   4.314,   5.377,   0.300,   0.763,   5.377,   0.300,   5.377,   0.400,   5.477
202605251906,   4.475,9999.000,9999.000,9999.000,9999.000,9999.000,9999.000,9999.000,9999.000
202605251912,   4.635,9999.000,9999.000,9999.000,9999.000,9999.000,9999.000,9999.000,9999.000
202605251918,   4.792,9999.000,9999.000,9999.000,9999.000,9999.000,9999.000,9999.000,9999.000
202605251924,   4.945,9999.000,9999.000,9999.000,9999.000,9999.000,9999.000,9999.000,9999.000
202605251930,   5.095,   5.938,9999.000,9999.000,9999.000,9999.000,9999.000,9999.000,9999.000
202605251936,   5.241,9999.000,9999.000,9999.000,9999.000,9999.000,9999.000,9999.000,9999.000
202605251942,   5.382,9999.000,9999.000,9999.000,9999.000,9999.000,9999.000,9999.000,9999.000
202605251948,   5.518,9999.000,9999.000,9999.000,9999.000,9999.000,9999.000,9999.000,9999.000
202605251954,   5.649,9999.000,9999.000,9999.000,9999.000,9999.000,9999.000,9999.000,9999.000
202605252000,   5.774,   6.358,   0.400,   0.184,   6.358,   0.300,   6.258,   0.400,   6.358
202605252006,   5.894,9999.000,9999.000,9999.000,9999.000,9999.000,9999.000,9999.000,9999.000
202605252012,   6.007,9999.000,9999.000,9999.000,9999.000,9999.000,9999.000,9999.000,9999.000
202605252018,   6.113,9999.000,9999.000,9999.000,9999.000,9999.000,9999.000,9999.000,9999.000
202605252024,   6.213,9999.000,9999.000,9999.000,9999.000,9999.000,9999.000,9999.000,9999.000
202605252030,   6.306,   6.627,9999.000,9999.000,9999.000,9999.000,9999.000,9999.000,9999.000
202605252036,   6.391,9999.000,9999.000,9999.000,9999.000,9999.000,9999.000,9999.000,9999.000
202605252042,   6.469,9999.000,9999.000,9999.000,9999.000,9999.000,9999.000,9999.000,9999.000
202605252048,   6.539,9999.000,9999.000,9999.000,9999.000,9999.000,9999.000,9999.000,9999.000
202605252054,   6.601,9999.000,9999.000,9999.000,9999.000,9999.000,9999.000,9999.000,9999.000
202605252100,   6.656,   6.758,   0.400,  -0.298,   6.758,   0.400,   6.758,   0.400,   6.758
202605252106,   6.702,9999.000,9999.000,9999.000,9999.000,9999.000,9999.000,9999.000,9999.000
202605252112,   6.740,9999.000,9999.000,9999.000,9999.000,9999.000,9999.000,9999.000,9999.000
202605252118,   6.770,9999.000,9999.000,9999.000,9999.000,9999.000,9999.000,9999.000,9999.000
202605252124,   6.792,9999.000,9999.000,9999.000,9999.000,9999.000,9999.000,9999.000,9999.000
202605252130,   6.805,   6.686,9999.000,9999.000,9999.000,9999.000,9999.000,9999.000,9999.000
202605252136,   6.811,9999.000,9999.000,9999.000,9999.000,9999.000,9999.000,9999.000,9999.000
202605252142,   6.808,9999.000,9999.000,9999.000,9999.000,9999.000,9999.000,9999.000,9999.000
202605252148,   6.797,9999.000,9999.000,9999.000,9999.000,9999.000,9999.000,9999.000,9999.000
202605252154,   6.777,9999.000,9999.000,9999.000,9999.000,9999.000,9999.000,9999.000,9999.000
202605252200,   6.750,   6.427,   0.400,  -0.723,   6.427,   0.400,   6.427,   0.500,   6.527
202605252206,   6.715,9999.000,9999.000,9999.000,9999.000,9999.000,9999.000,9999.000,9999.000
202605252212,   6.673,9999.000,9999.000,9999.000,9999.000,9999.000,9999.000,9999.000,9999.000
202605252218,   6.623,9999.000,9999.000,9999.000,9999.000,9999.000,9999.000,9999.000,9999.000
202605252224,   6.566,9999.000,9999.000,9999.000,9999.000,9999.000,9999.000,9999.000,9999.000
202605252230,   6.501,   5.938,9999.000,9999.000,9999.000,9999.000,9999.000,9999.000,9999.000
202605252236,   6.430,9999.000,9999.000,9999.000,9999.000,9999.000,9999.000,9999.000,9999.000
202605252242,   6.353,9999.000,9999.000,9999.000,9999.000,9999.000,9999.000,9999.000,9999.000
202605252248,   6.269,9999.000,9999.000,9999.000,9999.000,9999.000,9999.000,9999.000,9999.000
202605252254,   6.180,9999.000,9999.000,9999.000,9999.000,9999.000,9999.000,9999.000,9999.000
202605252300,   6.084,   5.308,   0.500,  -1.276,   5.308,   0.400,   5.208,   0.500,   5.308
202605252306,   5.984,9999.000,9999.000,9999.000,9999.000,9999.000,9999.000,9999.000,9999.000
202605252312,   5.878,9999.000,9999.000,9999.000,9999.000,9999.000,9999.000,9999.000,9999.000
202605252318,   5.767,9999.000,9999.000,9999.000,9999.000,9999.000,9999.000,9999.000,9999.000
202605252324,   5.652,9999.000,9999.000,9999.000,9999.000,9999.000,9999.000,9999.000,9999.000
202605252330,   5.532,   4.527,9999.000,9999.000,9999.000,9999.000,9999.000,9999.000,9999.000
202605252336,   5.409,9999.000,9999.000,9999.000,9999.000,9999.000,9999.000,9999.000,9999.000
202605252342,   5.281,9999.000,9999.000,9999.000,9999.000,9999.000,9999.000,9999.000,9999.000
202605252348,   5.150,9999.000,9999.000,9999.000,9999.000,9999.000,9999.000,9999.000,9999.000
202605252354,   5.016,9999.000,9999.000,9999.000,9999.000,9999.000,9999.000,9999.000,9999.000
202605260000,   4.878,   3.767,   0.400,  -1.754,   3.524,   0.400,   3.524,   0.500,   3.624
202605260006,   4.738,9999.000,9999.000,9999.000,9999.000,9999.000,9999.000,9999.000,9999.000
202605260012,   4.595,9999.000,9999.000,9999.000,9999.000,9999.000,9999.000,9999.000,9999.000
202605260018,   4.450,9999.000,9999.000,9999.000,9999.000,9999.000,9999.000,9999.000,9999.000
202605260024,   4.302,9999.000,9999.000,9999.000,9999.000,9999.000,9999.000,9999.000,9999.000
202605260030,   4.153,   2.917,9999.000,9999.000,9999.000,9999.000,9999.000,9999.000,9999.000
202605260036,   4.002,9999.000,9999.000,9999.000,9999.000,9999.000,9999.000,9999.000,9999.000
202605260042,   3.850,9999.000,9999.000,9999.000,9999.000,9999.000,9999.000,9999.000,9999.000
202605260048,   3.697,9999.000,9999.000,9999.000,9999.000,9999.000,9999.000,9999.000,9999.000
202605260054,   3.543,9999.000,9999.000,9999.000,9999.000,9999.000,9999.000,9999.000,9999.000
202605260100,   3.389,   2.127,   0.400,  -1.561,   2.228,   0.400,   2.228,   0.500,   2.328
202605260106,   3.235,9999.000,9999.000,9999.000,9999.000,9999.000,9999.000,9999.000,9999.000
202605260112,   3.081,9999.000,9999.000,9999.000,9999.000,9999.000,9999.000,9999.000,9999.000
202605260118,   2.928,9999.000,9999.000,9999.000,9999.000,9999.000,9999.000,9999.000,9999.000
202605260124,   2.776,9999.000,9999.000,9999.000,9999.000,9999.000,9999.000,9999.000,9999.000
202605260130,   2.626,   1.539,9999.000,9999.000,9999.000,9999.000,9999.000,9999.000,9999.000
202605260136,   2.478,9999.000,9999.000,9999.000,9999.000,9999.000,9999.000,9999.000,9999.000
202605260142,   2.332,9999.000,9999.000,9999.000,9999.000,9999.000,9999.000,9999.000,9999.000
202605260148,   2.189,9999.000,9999.000,9999.000,9999.000,9999.000,9999.000,9999.000,9999.000
202605260154,   2.050,9999.000,9999.000,9999.000,9999.000,9999.000,9999.000,9999.000,9999.000
202605260200,   1.914,   1.018,   0.500,  -1.141,   1.273,   0.400,   1.173,   0.500,   1.273
202605260206,   1.783,9999.000,9999.000,9999.000,9999.000,9999.000,9999.000,9999.000,9999.000
202605260212,   1.657,9999.000,9999.000,9999.000,9999.000,9999.000,9999.000,9999.000,9999.000
202605260218,   1.535,9999.000,9999.000,9999.000,9999.000,9999.000,9999.000,9999.000,9999.000
202605260224,   1.419,9999.000,9999.000,9999.000,9999.000,9999.000,9999.000,9999.000,9999.000
202605260230,   1.309,   0.618,9999.000,9999.000,9999.000,9999.000,9999.000,9999.000,9999.000
202605260236,   1.206,9999.000,9999.000,9999.000,9999.000,9999.000,9999.000,9999.000,9999.000
202605260242,   1.108,9999.000,9999.000,9999.000,9999.000,9999.000,9999.000,9999.000,9999.000
202605260248,   1.018,9999.000,9999.000,9999.000,9999.000,9999.000,9999.000,9999.000,9999.000
202605260254,   0.935,9999.000,9999.000,9999.000,9999.000,9999.000,9999.000,9999.000,9999.000
202605260300,   0.859,   0.359,   0.500,  -0.598,   0.761,   0.400,   0.661,   0.500,   0.761
202605260306,   0.790,9999.000,9999.000,9999.000,9999.000,9999.000,9999.000,9999.000,9999.000
202605260312,   0.730,9999.000,9999.000,9999.000,9999.000,9999.000,9999.000,9999.000,9999.000
202605260318,   0.677,9999.000,9999.000,9999.000,9999.000,9999.000,9999.000,9999.000,9999.000
202605260324,   0.631,9999.000,9999.000,9999.000,9999.000,9999.000,9999.000,9999.000,9999.000
202605260330,   0.594,   0.359,9999.000,9999.000,9999.000,9999.000,9999.000,9999.000,9999.000
202605260336,   0.565,9999.000,9999.000,9999.000,9999.000,9999.000,9999.000,9999.000,9999.000
202605260342,   0.544,9999.000,9999.000,9999.000,9999.000,9999.000,9999.000,9999.000,9999.000
202605260348,   0.531,9999.000,9999.000,9999.000,9999.000,9999.000,9999.000,9999.000,9999.000
202605260354,   0.526,9999.000,9999.000,9999.000,9999.000,9999.000,9999.000,9999.000,9999.000
202605260400,   0.529,   0.519,   0.500,  -0.027,   1.002,   0.400,   0.902,   0.500,   1.002
202605260406,   0.540,9999.000,9999.000,9999.000,9999.000,9999.000,9999.000,9999.000,9999.000
202605260412,   0.559,9999.000,9999.000,9999.000,9999.000,9999.000,9999.000,9999.000,9999.000
202605260418,   0.585,9999.000,9999.000,9999.000,9999.000,9999.000,9999.000,9999.000,9999.000
202605260424,   0.620,9999.000,9999.000,9999.000,9999.000,9999.000,9999.000,9999.000,9999.000
202605260430,   0.661,   1.018,9999.000,9999.000,9999.000,9999.000,9999.000,9999.000,9999.000
202605260436,   0.711,9999.000,9999.000,9999.000,9999.000,9999.000,9999.000,9999.000,9999.000
202605260442,   0.767,9999.000,9999.000,9999.000,9999.000,9999.000,9999.000,9999.000,9999.000
202605260448,   0.831,9999.000,9999.000,9999.000,9999.000,9999.000,9999.000,9999.000,9999.000
202605260454,   0.902,9999.000,9999.000,9999.000,9999.000,9999.000,9999.000,9999.000,9999.000
202605260500,   0.981,9999.000,   0.500,   0.482,   1.963,   0.400,   1.863,   0.500,   1.963
202605260506,   1.065,9999.000,9999.000,9999.000,9999.000,9999.000,9999.000,9999.000,9999.000
202605260512,   1.157,9999.000,9999.000,9999.000,9999.000,9999.000,9999.000,9999.000,9999.000
202605260518,   1.255,9999.000,9999.000,9999.000,9999.000,9999.000,9999.000,9999.000,9999.000
202605260524,   1.359,9999.000,9999.000,9999.000,9999.000,9999.000,9999.000,9999.000,9999.000
202605260530,   1.469,9999.000,9999.000,9999.000,9999.000,9999.000,9999.000,9999.000,9999.000
202605260536,   1.585,9999.000,9999.000,9999.000,9999.000,9999.000,9999.000,9999.000,9999.000
202605260542,   1.707,9999.000,9999.000,9999.000,9999.000,9999.000,9999.000,9999.000,9999.000
202605260548,   1.834,9999.000,9999.000,9999.000,9999.000,9999.000,9999.000,9999.000,9999.000
202605260554,   1.966,9999.000,9999.000,9999.000,9999.000,9999.000,9999.000,9999.000,9999.000
202605260600,   2.102,9999.000,   0.500,   0.780,   3.382,   0.400,   3.282,   0.500,   3.382
202605260606,   2.243,9999.000,9999.000,9999.000,9999.000,9999.000,9999.000,9999.000,9999.000
202605260612,   2.388,9999.000,9999.000,9999.000,9999.000,9999.000,9999.000,9999.000,9999.000
202605260618,   2.537,9999.000,9999.000,9999.000,9999.000,9999.000,9999.000,9999.000,9999.000
202605260624,   2.689,9999.000,9999.000,9999.000,9999.000,9999.000,9999.000,9999.000,9999.000
202605260630,   2.843,9999.000,9999.000,9999.000,9999.000,9999.000,9999.000,9999.000,9999.000
202605260636,   2.999,9999.000,9999.000,9999.000,9999.000,9999.000,9999.000,9999.000,9999.000
202605260642,   3.158,9999.000,9999.000,9999.000,9999.000,9999.000,9999.000,9999.000,9999.000
202605260648,   3.317,9999.000,9999.000,9999.000,9999.000,9999.000,9999.000,9999.000,9999.000
202605260654,   3.478,9999.000,9999.000,9999.000,9999.000,9999.000,9999.000,9999.000,9999.000
202605260700,   3.638,9999.000,   0.400,   0.714,   4.752,   0.300,   4.652,   0.500,   4.852
202605260706,   3.798,9999.000,9999.000,9999.000,9999.000,9999.000,9999.000,9999.000,9999.000
202605260712,   3.957,9999.000,9999.000,9999.000,9999.000,9999.000,9999.000,9999.000,9999.000
202605260718,   4.115,9999.000,9999.000,9999.000,9999.000,9999.000,9999.000,9999.000,9999.000
202605260724,   4.270,9999.000,9999.000,9999.000,9999.000,9999.000,9999.000,9999.000,9999.000
202605260730,   4.423,9999.000,9999.000,9999.000,9999.000,9999.000,9999.000,9999.000,9999.000
202605260736,   4.573,9999.000,9999.000,9999.000,9999.000,9999.000,9999.000,9999.000,9999.000
202605260742,   4.719,9999.000,9999.000,9999.000,9999.000,9999.000,9999.000,9999.000,9999.000
202605260748,   4.862,9999.000,9999.000,9999.000,9999.000,9999.000,9999.000,9999.000,9999.000
202605260754,   4.999,9999.000,9999.000,9999.000,9999.000,9999.000,9999.000,9999.000,9999.000
202605260800,   5.132,9999.000,   0.400,   0.309,   5.841,   0.300,   5.741,   0.400,   5.841
202605260806,   5.259,9999.000,9999.000,9999.000,9999.000,9999.000,9999.000,9999.000,9999.000
202605260812,   5.380,9999.000,9999.000,9999.000,9999.000,9999.000,9999.000,9999.000,9999.000
202605260818,   5.495,9999.000,9999.000,9999.000,9999.000,9999.000,9999.000,9999.000,9999.000
202605260824,   5.603,9999.000,9999.000,9999.000,9999.000,9999.000,9999.000,9999.000,9999.000
202605260830,   5.705,9999.000,9999.000,9999.000,9999.000,9999.000,9999.000,9999.000,9999.000
202605260836,   5.799,9999.000,9999.000,9999.000,9999.000,9999.000,9999.000,9999.000,9999.000
202605260842,   5.886,9999.000,9999.000,9999.000,9999.000,9999.000,9999.000,9999.000,9999.000
202605260848,   5.965,9999.000,9999.000,9999.000,9999.000,9999.000,9999.000,9999.000,9999.000
202605260854,   6.036,9999.000,9999.000,9999.000,9999.000,9999.000,9999.000,9999.000,9999.000
202605260900,   6.099,9999.000,   0.400,  -0.226,   6.273,   0.300,   6.173,   0.400,   6.273
202605260906,   6.154,9999.000,9999.000,9999.000,9999.000,9999.000,9999.000,9999.000,9999.000
202605260912,   6.201,9999.000,9999.000,9999.000,9999.000,9999.000,9999.000,9999.000,9999.000
202605260918,   6.239,9999.000,9999.000,9999.000,9999.000,9999.000,9999.000,9999.000,9999.000
202605260924,   6.269,9999.000,9999.000,9999.000,9999.000,9999.000,9999.000,9999.000,9999.000
202605260930,   6.290,9999.000,9999.000,9999.000,9999.000,9999.000,9999.000,9999.000,9999.000
202605260936,   6.303,9999.000,9999.000,9999.000,9999.000,9999.000,9999.000,9999.000,9999.000
202605260942,   6.307,9999.000,9999.000,9999.000,9999.000,9999.000,9999.000,9999.000,9999.000
202605260948,   6.303,9999.000,9999.000,9999.000,9999.000,9999.000,9999.000,9999.000,9999.000
202605260954,   6.291,9999.000,9999.000,9999.000,9999.000,9999.000,9999.000,9999.000,9999.000
202605261000,   6.270,9999.000,   0.400,  -0.720,   5.950,   0.300,   5.850,   0.400,   5.950
202605261006,   6.242,9999.000,9999.000,9999.000,9999.000,9999.000,9999.000,9999.000,9999.000
202605261012,   6.205,9999.000,9999.000,9999.000,9999.000,9999.000,9999.000,9999.000,9999.000
202605261018,   6.162,9999.000,9999.000,9999.000,9999.000,9999.000,9999.000,9999.000,9999.000
202605261024,   6.110,9999.000,9999.000,9999.000,9999.000,9999.000,9999.000,9999.000,9999.000
202605261030,   6.052,9999.000,9999.000,9999.000,9999.000,9999.000,9999.000,9999.000,9999.000
202605261036,   5.986,9999.000,9999.000,9999.000,9999.000,9999.000,9999.000,9999.000,9999.000
202605261042,   5.914,9999.000,9999.000,9999.000,9999.000,9999.000,9999.000,9999.000,9999.000
202605261048,   5.836,9999.000,9999.000,9999.000,9999.000,9999.000,9999.000,9999.000,9999.000
202605261054,   5.751,9999.000,9999.000,9999.000,9999.000,9999.000,9999.000,9999.000,9999.000
202605261100,   5.661,9999.000,   0.300,  -1.143,   4.818,   0.200,   4.718,   0.400,   4.918
202605261106,   5.565,9999.000,9999.000,9999.000,9999.000,9999.000,9999.000,9999.000,9999.000
202605261112,   5.464,9999.000,9999.000,9999.000,9999.000,9999.000,9999.000,9999.000,9999.000
202605261118,   5.359,9999.000,9999.000,9999.000,9999.000,9999.000,9999.000,9999.000,9999.000
202605261124,   5.249,9999.000,9999.000,9999.000,9999.000,9999.000,9999.000,9999.000,9999.000
202605261130,   5.135,9999.000,9999.000,9999.000,9999.000,9999.000,9999.000,9999.000,9999.000
202605261136,   5.017,9999.000,9999.000,9999.000,9999.000,9999.000,9999.000,9999.000,9999.000
202605261142,   4.896,9999.000,9999.000,9999.000,9999.000,9999.000,9999.000,9999.000,9999.000
202605261148,   4.772,9999.000,9999.000,9999.000,9999.000,9999.000,9999.000,9999.000,9999.000
202605261154,   4.645,9999.000,9999.000,9999.000,9999.000,9999.000,9999.000,9999.000,9999.000
202605261200,   4.515,9999.000,   0.300,  -1.459,   3.356,   0.200,   3.256,   0.400,   3.456
202605261206,   4.383,9999.000,9999.000,9999.000,9999.000,9999.000,9999.000,9999.000,9999.000
202605261212,   4.249,9999.000,9999.000,9999.000,9999.000,9999.000,9999.000,9999.000,9999.000
202605261218,   4.113,9999.000,9999.000,9999.000,9999.000,9999.000,9999.000,9999.000,9999.000
202605261224,   3.976,9999.000,9999.000,9999.000,9999.000,9999.000,9999.000,9999.000,9999.000
202605261230,   3.837,9999.000,9999.000,9999.000,9999.000,9999.000,9999.000,9999.000,9999.000
202605261236,   3.698,9999.000,9999.000,9999.000,9999.000,9999.000,9999.000,9999.000,9999.000
202605261242,   3.557,9999.000,9999.000,9999.000,9999.000,9999.000,9999.000,9999.000,9999.000
202605261248,   3.416,9999.000,9999.000,9999.000,9999.000,9999.000,9999.000,9999.000,9999.000
202605261254,   3.274,9999.000,9999.000,9999.000,9999.000,9999.000,9999.000,9999.000,9999.000
202605261300,   3.131,9999.000,   0.200,  -1.545,   1.786,   0.200,   1.786,   0.300,   1.886
202605261306,   2.989,9999.000,9999.000,9999.000,9999.000,9999.000,9999.000,9999.000,9999.000
202605261312,   2.847,9999.000,9999.000,9999.000,9999.000,9999.000,9999.000,9999.000,9999.000
202605261318,   2.706,9999.000,9999.000,9999.000,9999.000,9999.000,9999.000,9999.000,9999.000
202605261324,   2.565,9999.000,9999.000,9999.000,9999.000,9999.000,9999.000,9999.000,9999.000
202605261330,   2.425,9999.000,9999.000,9999.000,9999.000,9999.000,9999.000,9999.000,9999.000
202605261336,   2.287,9999.000,9999.000,9999.000,9999.000,9999.000,9999.000,9999.000,9999.000
202605261342,   2.150,9999.000,9999.000,9999.000,9999.000,9999.000,9999.000,9999.000,9999.000
202605261348,   2.015,9999.000,9999.000,9999.000,9999.000,9999.000,9999.000,9999.000,9999.000
202605261354,   1.882,9999.000,9999.000,9999.000,9999.000,9999.000,9999.000,9999.000,9999.000
202605261400,   1.752,9999.000,   0.200,  -1.333,   0.619,   0.100,   0.519,   0.300,   0.719
202605261406,   1.625,9999.000,9999.000,9999.000,9999.000,9999.000,9999.000,9999.000,9999.000
202605261412,   1.501,9999.000,9999.000,9999.000,9999.000,9999.000,9999.000,9999.000,9999.000
202605261418,   1.381,9999.000,9999.000,9999.000,9999.000,9999.000,9999.000,9999.000,9999.000
202605261424,   1.266,9999.000,9999.000,9999.000,9999.000,9999.000,9999.000,9999.000,9999.000
202605261430,   1.154,9999.000,9999.000,9999.000,9999.000,9999.000,9999.000,9999.000,9999.000
202605261436,   1.047,9999.000,9999.000,9999.000,9999.000,9999.000,9999.000,9999.000,9999.000
202605261442,   0.946,9999.000,9999.000,9999.000,9999.000,9999.000,9999.000,9999.000,9999.000
202605261448,   0.850,9999.000,9999.000,9999.000,9999.000,9999.000,9999.000,9999.000,9999.000
202605261454,   0.760,9999.000,9999.000,9999.000,9999.000,9999.000,9999.000,9999.000,9999.000
202605261500,   0.676,9999.000,   0.200,  -0.910,  -0.034,   0.100,  -0.134,   0.200,  -0.034
202605261506,   0.598,9999.000,9999.000,9999.000,9999.000,9999.000,9999.000,9999.000,9999.000
202605261512,   0.527,9999.000,9999.000,9999.000,9999.000,9999.000,9999.000,9999.000,9999.000
202605261518,   0.463,9999.000,9999.000,9999.000,9999.000,9999.000,9999.000,9999.000,9999.000
202605261524,   0.406,9999.000,9999.000,9999.000,9999.000,9999.000,9999.000,9999.000,9999.000
202605261530,   0.357,9999.000,9999.000,9999.000,9999.000,9999.000,9999.000,9999.000,9999.000
202605261536,   0.314,9999.000,9999.000,9999.000,9999.000,9999.000,9999.000,9999.000,9999.000
202605261542,   0.279,9999.000,9999.000,9999.000,9999.000,9999.000,9999.000,9999.000,9999.000
202605261548,   0.252,9999.000,9999.000,9999.000,9999.000,9999.000,9999.000,9999.000,9999.000
202605261554,   0.232,9999.000,9999.000,9999.000,9999.000,9999.000,9999.000,9999.000,9999.000
202605261600,   0.220,9999.000,   0.100,  -0.384,  -0.064,   0.100,  -0.064,   0.200,   0.036
202605261606,   0.216,9999.000,9999.000,9999.000,9999.000,9999.000,9999.000,9999.000,9999.000
202605261612,   0.220,9999.000,9999.000,9999.000,9999.000,9999.000,9999.000,9999.000,9999.000
202605261618,   0.231,9999.000,9999.000,9999.000,9999.000,9999.000,9999.000,9999.000,9999.000
202605261624,   0.250,9999.000,9999.000,9999.000,9999.000,9999.000,9999.000,9999.000,9999.000
202605261630,   0.277,9999.000,9999.000,9999.000,9999.000,9999.000,9999.000,9999.000,9999.000
202605261636,   0.311,9999.000,9999.000,9999.000,9999.000,9999.000,9999.000,9999.000,9999.000
202605261642,   0.353,9999.000,9999.000,9999.000,9999.000,9999.000,9999.000,9999.000,9999.000
202605261648,   0.402,9999.000,9999.000,9999.000,9999.000,9999.000,9999.000,9999.000,9999.000
202605261654,   0.458,9999.000,9999.000,9999.000,9999.000,9999.000,9999.000,9999.000,9999.000
202605261700,   0.522,9999.000,   0.100,   0.199,   0.821,   0.100,   0.821,   0.200,   0.921
202605261706,   0.593,9999.000,9999.000,9999.000,9999.000,9999.000,9999.000,9999.000,9999.000
202605261712,   0.670,9999.000,9999.000,9999.000,9999.000,9999.000,9999.000,9999.000,9999.000
202605261718,   0.755,9999.000,9999.000,9999.000,9999.000,9999.000,9999.000,9999.000,9999.000
202605261724,   0.846,9999.000,9999.000,9999.000,9999.000,9999.000,9999.000,9999.000,9999.000
202605261730,   0.944,9999.000,9999.000,9999.000,9999.000,9999.000,9999.000,9999.000,9999.000
202605261736,   1.048,9999.000,9999.000,9999.000,9999.000,9999.000,9999.000,9999.000,9999.000
202605261742,   1.159,9999.000,9999.000,9999.000,9999.000,9999.000,9999.000,9999.000,9999.000
202605261748,   1.275,9999.000,9999.000,9999.000,9999.000,9999.000,9999.000,9999.000,9999.000
202605261754,   1.397,9999.000,9999.000,9999.000,9999.000,9999.000,9999.000,9999.000,9999.000
202605261800,   1.525,9999.000,   0.200,   0.725,   2.450,   0.100,   2.350,   0.200,   2.450
202605261806,   1.658,9999.000,9999.000,9999.000,9999.000,9999.000,9999.000,9999.000,9999.000
202605261812,   1.796,9999.000,9999.000,9999.000,9999.000,9999.000,9999.000,9999.000,9999.000
202605261818,   1.939,9999.000,9999.000,9999.000,9999.000,9999.000,9999.000,9999.000,9999.000
202605261824,   2.086,9999.000,9999.000,9999.000,9999.000,9999.000,9999.000,9999.000,9999.000
202605261830,   2.238,9999.000,9999.000,9999.000,9999.000,9999.000,9999.000,9999.000,9999.000
202605261836,   2.393,9999.000,9999.000,9999.000,9999.000,9999.000,9999.000,9999.000,9999.000
202605261842,   2.552,9999.000,9999.000,9999.000,9999.000,9999.000,9999.000,9999.000,9999.000
202605261848,   2.714,9999.000,9999.000,9999.000,9999.000,9999.000,9999.000,9999.000,9999.000
202605261854,   2.879,9999.000,9999.000,9999.000,9999.000,9999.000,9999.000,9999.000,9999.000
202605261900,   3.046,9999.000,   0.300,   0.945,   4.291,   0.200,   4.191,   0.300,   4.291
202605261906,   3.215,9999.000,9999.000,9999.000,9999.000,9999.000,9999.000,9999.000,9999.000
202605261912,   3.385,9999.000,9999.000,9999.000,9999.000,9999.000,9999.000,9999.000,9999.000
202605261918,   3.556,9999.000,9999.000,9999.000,9999.000,9999.000,9999.000,9999.000,9999.000
202605261924,   3.727,9999.000,9999.000,9999.000,9999.000,9999.000,9999.000,9999.000,9999.000
202605261930,   3.898,9999.000,9999.000,9999.000,9999.000,9999.000,9999.000,9999.000,9999.000
202605261936,   4.069,9999.000,9999.000,9999.000,9999.000,9999.000,9999.000,9999.000,9999.000
202605261942,   4.239,9999.000,9999.000,9999.000,9999.000,9999.000,9999.000,9999.000,9999.000
202605261948,   4.407,9999.000,9999.000,9999.000,9999.000,9999.000,9999.000,9999.000,9999.000
202605261954,   4.573,9999.000,9999.000,9999.000,9999.000,9999.000,9999.000,9999.000,9999.000
202605262000,   4.736,9999.000,   0.300,   0.696,   5.732,   0.300,   5.732,   0.400,   5.832
202605262006,   4.897,9999.000,9999.000,9999.000,9999.000,9999.000,9999.000,9999.000,9999.000
202605262012,   5.054,9999.000,9999.000,9999.000,9999.000,9999.000,9999.000,9999.000,9999.000
202605262018,   5.207,9999.000,9999.000,9999.000,9999.000,9999.000,9999.000,9999.000,9999.000
202605262024,   5.356,9999.000,9999.000,9999.000,9999.000,9999.000,9999.000,9999.000,9999.000
202605262030,   5.500,9999.000,9999.000,9999.000,9999.000,9999.000,9999.000,9999.000,9999.000
202605262036,   5.640,9999.000,9999.000,9999.000,9999.000,9999.000,9999.000,9999.000,9999.000
202605262042,   5.774,9999.000,9999.000,9999.000,9999.000,9999.000,9999.000,9999.000,9999.000
202605262048,   5.902,9999.000,9999.000,9999.000,9999.000,9999.000,9999.000,9999.000,9999.000
202605262054,   6.024,9999.000,9999.000,9999.000,9999.000,9999.000,9999.000,9999.000,9999.000
202605262100,   6.140,9999.000,   0.400,   0.095,   6.635,   0.300,   6.535,   0.400,   6.635
202605262106,   6.249,9999.000,9999.000,9999.000,9999.000,9999.000,9999.000,9999.000,9999.000
202605262112,   6.352,9999.000,9999.000,9999.000,9999.000,9999.000,9999.000,9999.000,9999.000
202605262118,   6.447,9999.000,9999.000,9999.000,9999.000,9999.000,9999.000,9999.000,9999.000
202605262124,   6.535,9999.000,9999.000,9999.000,9999.000,9999.000,9999.000,9999.000,9999.000
202605262130,   6.616,9999.000,9999.000,9999.000,9999.000,9999.000,9999.000,9999.000,9999.000
202605262136,   6.689,9999.000,9999.000,9999.000,9999.000,9999.000,9999.000,9999.000,9999.000
202605262142,   6.755,9999.000,9999.000,9999.000,9999.000,9999.000,9999.000,9999.000,9999.000
202605262148,   6.812,9999.000,9999.000,9999.000,9999.000,9999.000,9999.000,9999.000,9999.000
202605262154,   6.862,9999.000,9999.000,9999.000,9999.000,9999.000,9999.000,9999.000,9999.000
202605262200,   6.903,9999.000,   0.400,  -0.582,   6.721,   0.300,   6.621,   0.400,   6.721
202605262206,   6.936,9999.000,9999.000,9999.000,9999.000,9999.000,9999.000,9999.000,9999.000
202605262212,   6.961,9999.000,9999.000,9999.000,9999.000,9999.000,9999.000,9999.000,9999.000
202605262218,   6.978,9999.000,9999.000,9999.000,9999.000,9999.000,9999.000,9999.000,9999.000
202605262224,   6.986,9999.000,9999.000,9999.000,9999.000,9999.000,9999.000,9999.000,9999.000
202605262230,   6.986,9999.000,9999.000,9999.000,9999.000,9999.000,9999.000,9999.000,9999.000
202605262236,   6.978,9999.000,9999.000,9999.000,9999.000,9999.000,9999.000,9999.000,9999.000
202605262242,   6.962,9999.000,9999.000,9999.000,9999.000,9999.000,9999.000,9999.000,9999.000
202605262248,   6.938,9999.000,9999.000,9999.000,9999.000,9999.000,9999.000,9999.000,9999.000
202605262254,   6.906,9999.000,9999.000,9999.000,9999.000,9999.000,9999.000,9999.000,9999.000
202605262300,   6.866,9999.000,   0.400,  -1.144,   6.122,   0.300,   6.022,   0.400,   6.122
202605262306,   6.818,9999.000,9999.000,9999.000,9999.000,9999.000,9999.000,9999.000,9999.000
202605262312,   6.763,9999.000,9999.000,9999.000,9999.000,9999.000,9999.000,9999.000,9999.000
202605262318,   6.701,9999.000,9999.000,9999.000,9999.000,9999.000,9999.000,9999.000,9999.000
202605262324,   6.632,9999.000,9999.000,9999.000,9999.000,9999.000,9999.000,9999.000,9999.000
202605262330,   6.556,9999.000,9999.000,9999.000,9999.000,9999.000,9999.000,9999.000,9999.000
202605262336,   6.473,9999.000,9999.000,9999.000,9999.000,9999.000,9999.000,9999.000,9999.000
202605262342,   6.384,9999.000,9999.000,9999.000,9999.000,9999.000,9999.000,9999.000,9999.000
202605262348,   6.290,9999.000,9999.000,9999.000,9999.000,9999.000,9999.000,9999.000,9999.000
202605262354,   6.189,9999.000,9999.000,9999.000,9999.000,9999.000,9999.000,9999.000,9999.000
202605270000,   6.084,9999.000,   0.400,  -1.511,   4.973,   0.300,   4.873,   0.400,   4.973
202605270006,   5.973,9999.000,9999.000,9999.000,9999.000,9999.000,9999.000,9999.000,9999.000
202605270012,   5.857,9999.000,9999.000,9999.000,9999.000,9999.000,9999.000,9999.000,9999.000
202605270018,   5.737,9999.000,9999.000,9999.000,9999.000,9999.000,9999.000,9999.000,9999.000
202605270024,   5.612,9999.000,9999.000,9999.000,9999.000,9999.000,9999.000,9999.000,9999.000
202605270030,   5.483,9999.000,9999.000,9999.000,9999.000,9999.000,9999.000,9999.000,9999.000
202605270036,   5.350,9999.000,9999.000,9999.000,9999.000,9999.000,9999.000,9999.000,9999.000
202605270042,   5.214,9999.000,9999.000,9999.000,9999.000,9999.000,9999.000,9999.000,9999.000
202605270048,   5.074,9999.000,9999.000,9999.000,9999.000,9999.000,9999.000,9999.000,9999.000
202605270054,   4.931,9999.000,9999.000,9999.000,9999.000,9999.000,9999.000,9999.000,9999.000
202605270100,   4.786,9999.000,   0.400,  -1.625,   3.561,   0.300,   3.461,   0.400,   3.561
202605270106,   4.637,9999.000,9999.000,9999.000,9999.000,9999.000,9999.000,9999.000,9999.000
202605270112,   4.486,9999.000,9999.000,9999.000,9999.000,9999.000,9999.000,9999.000,9999.000
202605270118,   4.333,9999.000,9999.000,9999.000,9999.000,9999.000,9999.000,9999.000,9999.000
202605270124,   4.179,9999.000,9999.000,9999.000,9999.000,9999.000,9999.000,9999.000,9999.000
202605270130,   4.022,9999.000,9999.000,9999.000,9999.000,9999.000,9999.000,9999.000,9999.000
202605270136,   3.864,9999.000,9999.000,9999.000,9999.000,9999.000,9999.000,9999.000,9999.000
202605270142,   3.706,9999.000,9999.000,9999.000,9999.000,9999.000,9999.000,9999.000,9999.000
202605270148,   3.546,9999.000,9999.000,9999.000,9999.000,9999.000,9999.000,9999.000,9999.000
202605270154,   3.386,9999.000,9999.000,9999.000,9999.000,9999.000,9999.000,9999.000,9999.000
202605270200,   3.227,9999.000,   0.400,  -1.474,   2.153,   0.300,   2.053,   0.500,   2.253
202605270206,   3.067,9999.000,9999.000,9999.000,9999.000,9999.000,9999.000,9999.000,9999.000
202605270212,   2.909,9999.000,9999.000,9999.000,9999.000,9999.000,9999.000,9999.000,9999.000
202605270218,   2.752,9999.000,9999.000,9999.000,9999.000,9999.000,9999.000,9999.000,9999.000
202605270224,   2.597,9999.000,9999.000,9999.000,9999.000,9999.000,9999.000,9999.000,9999.000
202605270230,   2.444,9999.000,9999.000,9999.000,9999.000,9999.000,9999.000,9999.000,9999.000
202605270236,   2.293,9999.000,9999.000,9999.000,9999.000,9999.000,9999.000,9999.000,9999.000
202605270242,   2.146,9999.000,9999.000,9999.000,9999.000,9999.000,9999.000,9999.000,9999.000
202605270248,   2.002,9999.000,9999.000,9999.000,9999.000,9999.000,9999.000,9999.000,9999.000
202605270254,   1.862,9999.000,9999.000,9999.000,9999.000,9999.000,9999.000,9999.000,9999.000
202605270300,   1.727,9999.000,   0.300,  -1.124,   0.903,   0.300,   0.903,   0.400,   1.003
202605270306,   1.597,9999.000,9999.000,9999.000,9999.000,9999.000,9999.000,9999.000,9999.000
202605270312,   1.472,9999.000,9999.000,9999.000,9999.000,9999.000,9999.000,9999.000,9999.000
202605270318,   1.353,9999.000,9999.000,9999.000,9999.000,9999.000,9999.000,9999.000,9999.000
202605270324,   1.240,9999.000,9999.000,9999.000,9999.000,9999.000,9999.000,9999.000,9999.000
202605270330,   1.134,9999.000,9999.000,9999.000,9999.000,9999.000,9999.000,9999.000,9999.000
202605270336,   1.034,9999.000,9999.000,9999.000,9999.000,9999.000,9999.000,9999.000,9999.000
202605270342,   0.941,9999.000,9999.000,9999.000,9999.000,9999.000,9999.000,9999.000,9999.000
202605270348,   0.856,9999.000,9999.000,9999.000,9999.000,9999.000,9999.000,9999.000,9999.000
202605270354,   0.779,9999.000,9999.000,9999.000,9999.000,9999.000,9999.000,9999.000,9999.000
202605270400,   0.709,9999.000,   0.300,  -0.649,   0.360,   0.200,   0.260,   0.400,   0.460
202605270406,   0.648,9999.000,9999.000,9999.000,9999.000,9999.000,9999.000,9999.000,9999.000
202605270412,   0.594,9999.000,9999.000,9999.000,9999.000,9999.000,9999.000,9999.000,9999.000
202605270418,   0.549,9999.000,9999.000,9999.000,9999.000,9999.000,9999.000,9999.000,9999.000
202605270424,   0.512,9999.000,9999.000,9999.000,9999.000,9999.000,9999.000,9999.000,9999.000
202605270430,   0.483,9999.000,9999.000,9999.000,9999.000,9999.000,9999.000,9999.000,9999.000
202605270436,   0.463,9999.000,9999.000,9999.000,9999.000,9999.000,9999.000,9999.000,9999.000
202605270442,   0.451,9999.000,9999.000,9999.000,9999.000,9999.000,9999.000,9999.000,9999.000
202605270448,   0.447,9999.000,9999.000,9999.000,9999.000,9999.000,9999.000,9999.000,9999.000
202605270454,   0.452,9999.000,9999.000,9999.000,9999.000,9999.000,9999.000,9999.000,9999.000
202605270500,   0.464,9999.000,   0.300,  -0.100,   0.664,   0.200,   0.564,   0.400,   0.764
202605270506,   0.485,9999.000,9999.000,9999.000,9999.000,9999.000,9999.000,9999.000,9999.000
202605270512,   0.515,9999.000,9999.000,9999.000,9999.000,9999.000,9999.000,9999.000,9999.000
202605270518,   0.552,9999.000,9999.000,9999.000,9999.000,9999.000,9999.000,9999.000,9999.000
202605270524,   0.597,9999.000,9999.000,9999.000,9999.000,9999.000,9999.000,9999.000,9999.000
202605270530,   0.649,9999.000,9999.000,9999.000,9999.000,9999.000,9999.000,9999.000,9999.000
202605270536,   0.709,9999.000,9999.000,9999.000,9999.000,9999.000,9999.000,9999.000,9999.000
202605270542,   0.777,9999.000,9999.000,9999.000,9999.000,9999.000,9999.000,9999.000,9999.000
202605270548,   0.852,9999.000,9999.000,9999.000,9999.000,9999.000,9999.000,9999.000,9999.000
202605270554,   0.934,9999.000,9999.000,9999.000,9999.000,9999.000,9999.000,9999.000,9999.000
202605270600,   1.023,9999.000,   0.300,   0.403,   1.726,   0.200,   1.626,   0.400,   1.826
202605270606,   1.119,9999.000,9999.000,9999.000,9999.000,9999.000,9999.000,9999.000,9999.000
202605270612,   1.221,9999.000,9999.000,9999.000,9999.000,9999.000,9999.000,9999.000,9999.000
202605270618,   1.330,9999.000,9999.000,9999.000,9999.000,9999.000,9999.000,9999.000,9999.000
202605270624,   1.445,9999.000,9999.000,9999.000,9999.000,9999.000,9999.000,9999.000,9999.000
202605270630,   1.565,9999.000,9999.000,9999.000,9999.000,9999.000,9999.000,9999.000,9999.000
202605270636,   1.691,9999.000,9999.000,9999.000,9999.000,9999.000,9999.000,9999.000,9999.000
202605270642,   1.822,9999.000,9999.000,9999.000,9999.000,9999.000,9999.000,9999.000,9999.000
202605270648,   1.958,9999.000,9999.000,9999.000,9999.000,9999.000,9999.000,9999.000,9999.000
202605270654,   2.098,9999.000,9999.000,9999.000,9999.000,9999.000,9999.000,9999.000,9999.000
202605270700,   2.243,9999.000,   0.200,   0.664,   3.107,   0.100,   3.007,   0.300,   3.207
202605270706,   2.391,9999.000,9999.000,9999.000,9999.000,9999.000,9999.000,9999.000,9999.000
202605270712,   2.543,9999.000,9999.000,9999.000,9999.000,9999.000,9999.000,9999.000,9999.000
202605270718,   2.697,9999.000,9999.000,9999.000,9999.000,9999.000,9999.000,9999.000,9999.000
202605270724,   2.853,9999.000,9999.000,9999.000,9999.000,9999.000,9999.000,9999.000,9999.000
202605270730,   3.012,9999.000,9999.000,9999.000,9999.000,9999.000,9999.000,9999.000,9999.000
202605270736,   3.171,9999.000,9999.000,9999.000,9999.000,9999.000,9999.000,9999.000,9999.000
202605270742,   3.332,9999.000,9999.000,9999.000,9999.000,9999.000,9999.000,9999.000,9999.000
202605270748,   3.492,9999.000,9999.000,9999.000,9999.000,9999.000,9999.000,9999.000,9999.000
202605270754,   3.653,9999.000,9999.000,9999.000,9999.000,9999.000,9999.000,9999.000,9999.000
202605270800,   3.812,9999.000,   0.200,   0.584,   4.596,   0.100,   4.496,   0.300,   4.696
202605270806,   3.970,9999.000,9999.000,9999.000,9999.000,9999.000,9999.000,9999.000,9999.000
202605270812,   4.127,9999.000,9999.000,9999.000,9999.000,9999.000,9999.000,9999.000,9999.000
202605270818,   4.280,9999.000,9999.000,9999.000,9999.000,9999.000,9999.000,9999.000,9999.000
202605270824,   4.431,9999.000,9999.000,9999.000,9999.000,9999.000,9999.000,9999.000,9999.000
202605270830,   4.578,9999.000,9999.000,9999.000,9999.000,9999.000,9999.000,9999.000,9999.000
202605270836,   4.722,9999.000,9999.000,9999.000,9999.000,9999.000,9999.000,9999.000,9999.000
202605270842,   4.861,9999.000,9999.000,9999.000,9999.000,9999.000,9999.000,9999.000,9999.000
202605270848,   4.994,9999.000,9999.000,9999.000,9999.000,9999.000,9999.000,9999.000,9999.000
202605270854,   5.123,9999.000,9999.000,9999.000,9999.000,9999.000,9999.000,9999.000,9999.000
202605270900,   5.246,9999.000,   0.200,   0.262,   5.708,   0.100,   5.608,   0.300,   5.808
202605270906,   5.362,9999.000,9999.000,9999.000,9999.000,9999.000,9999.000,9999.000,9999.000
202605270912,   5.472,9999.000,9999.000,9999.000,9999.000,9999.000,9999.000,9999.000,9999.000
202605270918,   5.576,9999.000,9999.000,9999.000,9999.000,9999.000,9999.000,9999.000,9999.000
202605270924,   5.672,9999.000,9999.000,9999.000,9999.000,9999.000,9999.000,9999.000,9999.000
202605270930,   5.761,9999.000,9999.000,9999.000,9999.000,9999.000,9999.000,9999.000,9999.000
202605270936,   5.842,9999.000,9999.000,9999.000,9999.000,9999.000,9999.000,9999.000,9999.000
202605270942,   5.916,9999.000,9999.000,9999.000,9999.000,9999.000,9999.000,9999.000,9999.000
202605270948,   5.981,9999.000,9999.000,9999.000,9999.000,9999.000,9999.000,9999.000,9999.000
202605270954,   6.039,9999.000,9999.000,9999.000,9999.000,9999.000,9999.000,9999.000,9999.000
202605271000,   6.088,9999.000,   0.200,  -0.159,   6.129,   0.100,   6.029,   0.300,   6.229
202605271006,   6.129,9999.000,9999.000,9999.000,9999.000,9999.000,9999.000,9999.000,9999.000
202605271012,   6.161,9999.000,9999.000,9999.000,9999.000,9999.000,9999.000,9999.000,9999.000
202605271018,   6.185,9999.000,9999.000,9999.000,9999.000,9999.000,9999.000,9999.000,9999.000
202605271024,   6.200,9999.000,9999.000,9999.000,9999.000,9999.000,9999.000,9999.000,9999.000
202605271030,   6.207,9999.000,9999.000,9999.000,9999.000,9999.000,9999.000,9999.000,9999.000
202605271036,   6.205,9999.000,9999.000,9999.000,9999.000,9999.000,9999.000,9999.000,9999.000
202605271042,   6.195,9999.000,9999.000,9999.000,9999.000,9999.000,9999.000,9999.000,9999.000
202605271048,   6.176,9999.000,9999.000,9999.000,9999.000,9999.000,9999.000,9999.000,9999.000
202605271054,   6.150,9999.000,9999.000,9999.000,9999.000,9999.000,9999.000,9999.000,9999.000
202605271100,   6.115,9999.000,   0.200,  -0.633,   5.682,   0.100,   5.582,   0.300,   5.782
202605271106,   6.073,9999.000,9999.000,9999.000,9999.000,9999.000,9999.000,9999.000,9999.000
202605271112,   6.023,9999.000,9999.000,9999.000,9999.000,9999.000,9999.000,9999.000,9999.000
202605271118,   5.966,9999.000,9999.000,9999.000,9999.000,9999.000,9999.000,9999.000,9999.000
202605271124,   5.901,9999.000,9999.000,9999.000,9999.000,9999.000,9999.000,9999.000,9999.000
202605271130,   5.830,9999.000,9999.000,9999.000,9999.000,9999.000,9999.000,9999.000,9999.000
202605271136,   5.752,9999.000,9999.000,9999.000,9999.000,9999.000,9999.000,9999.000,9999.000
202605271142,   5.668,9999.000,9999.000,9999.000,9999.000,9999.000,9999.000,9999.000,9999.000
202605271148,   5.578,9999.000,9999.000,9999.000,9999.000,9999.000,9999.000,9999.000,9999.000
202605271154,   5.482,9999.000,9999.000,9999.000,9999.000,9999.000,9999.000,9999.000,9999.000
202605271200,   5.381,9999.000,   0.200,  -1.111,   4.470,   0.100,   4.370,   0.300,   4.570
202605271206,   5.275,9999.000,9999.000,9999.000,9999.000,9999.000,9999.000,9999.000,9999.000
202605271212,   5.165,9999.000,9999.000,9999.000,9999.000,9999.000,9999.000,9999.000,9999.000
202605271218,   5.051,9999.000,9999.000,9999.000,9999.000,9999.000,9999.000,9999.000,9999.000
202605271224,   4.932,9999.000,9999.000,9999.000,9999.000,9999.000,9999.000,9999.000,9999.000
202605271230,   4.811,9999.000,9999.000,9999.000,9999.000,9999.000,9999.000,9999.000,9999.000
202605271236,   4.686,9999.000,9999.000,9999.000,9999.000,9999.000,9999.000,9999.000,9999.000
202605271242,   4.558,9999.000,9999.000,9999.000,9999.000,9999.000,9999.000,9999.000,9999.000
202605271248,   4.428,9999.000,9999.000,9999.000,9999.000,9999.000,9999.000,9999.000,9999.000
202605271254,   4.295,9999.000,9999.000,9999.000,9999.000,9999.000,9999.000,9999.000,9999.000
202605271300,   4.161,9999.000,   0.200,  -1.446,   2.915,   0.000,   2.715,   0.300,   3.015
202605271306,   4.025,9999.000,9999.000,9999.000,9999.000,9999.000,9999.000,9999.000,9999.000
202605271312,   3.887,9999.000,9999.000,9999.000,9999.000,9999.000,9999.000,9999.000,9999.000
202605271318,   3.748,9999.000,9999.000,9999.000,9999.000,9999.000,9999.000,9999.000,9999.000
202605271324,   3.608,9999.000,9999.000,9999.000,9999.000,9999.000,9999.000,9999.000,9999.000
202605271330,   3.467,9999.000,9999.000,9999.000,9999.000,9999.000,9999.000,9999.000,9999.000
202605271336,   3.326,9999.000,9999.000,9999.000,9999.000,9999.000,9999.000,9999.000,9999.000
202605271342,   3.184,9999.000,9999.000,9999.000,9999.000,9999.000,9999.000,9999.000,9999.000
202605271348,   3.043,9999.000,9999.000,9999.000,9999.000,9999.000,9999.000,9999.000,9999.000
202605271354,   2.901,9999.000,9999.000,9999.000,9999.000,9999.000,9999.000,9999.000,9999.000
202605271400,   2.759,9999.000,   0.100,  -1.516,   1.343,   0.000,   1.243,   0.200,   1.443
202605271406,   2.619,9999.000,9999.000,9999.000,9999.000,9999.000,9999.000,9999.000,9999.000
202605271412,   2.478,9999.000,9999.000,9999.000,9999.000,9999.000,9999.000,9999.000,9999.000
202605271418,   2.340,9999.000,9999.000,9999.000,9999.000,9999.000,9999.000,9999.000,9999.000
202605271424,   2.202,9999.000,9999.000,9999.000,9999.000,9999.000,9999.000,9999.000,9999.000
202605271430,   2.066,9999.000,9999.000,9999.000,9999.000,9999.000,9999.000,9999.000,9999.000
202605271436,   1.932,9999.000,9999.000,9999.000,9999.000,9999.000,9999.000,9999.000,9999.000
202605271442,   1.801,9999.000,9999.000,9999.000,9999.000,9999.000,9999.000,9999.000,9999.000
202605271448,   1.672,9999.000,9999.000,9999.000,9999.000,9999.000,9999.000,9999.000,9999.000
202605271454,   1.546,9999.000,9999.000,9999.000,9999.000,9999.000,9999.000,9999.000,9999.000
202605271500,   1.424,9999.000,   0.100,  -1.338,   0.186,   0.000,   0.086,   0.200,   0.286
202605271506,   1.305,9999.000,9999.000,9999.000,9999.000,9999.000,9999.000,9999.000,9999.000
202605271512,   1.191,9999.000,9999.000,9999.000,9999.000,9999.000,9999.000,9999.000,9999.000
202605271518,   1.081,9999.000,9999.000,9999.000,9999.000,9999.000,9999.000,9999.000,9999.000
202605271524,   0.976,9999.000,9999.000,9999.000,9999.000,9999.000,9999.000,9999.000,9999.000
202605271530,   0.876,9999.000,9999.000,9999.000,9999.000,9999.000,9999.000,9999.000,9999.000
202605271536,   0.782,9999.000,9999.000,9999.000,9999.000,9999.000,9999.000,9999.000,9999.000
202605271542,   0.694,9999.000,9999.000,9999.000,9999.000,9999.000,9999.000,9999.000,9999.000
202605271548,   0.612,9999.000,9999.000,9999.000,9999.000,9999.000,9999.000,9999.000,9999.000
202605271554,   0.536,9999.000,9999.000,9999.000,9999.000,9999.000,9999.000,9999.000,9999.000
202605271600,   0.467,9999.000,   0.100,  -0.964,  -0.397,   0.000,  -0.497,   0.200,  -0.297
202605271606,   0.406,9999.000,9999.000,9999.000,9999.000,9999.000,9999.000,9999.000,9999.000
202605271612,   0.351,9999.000,9999.000,9999.000,9999.000,9999.000,9999.000,9999.000,9999.000
202605271618,   0.304,9999.000,9999.000,9999.000,9999.000,9999.000,9999.000,9999.000,9999.000
202605271624,   0.265,9999.000,9999.000,9999.000,9999.000,9999.000,9999.000,9999.000,9999.000
202605271630,   0.233,9999.000,9999.000,9999.000,9999.000,9999.000,9999.000,9999.000,9999.000
202605271636,   0.209,9999.000,9999.000,9999.000,9999.000,9999.000,9999.000,9999.000,9999.000
202605271642,   0.193,9999.000,9999.000,9999.000,9999.000,9999.000,9999.000,9999.000,9999.000
202605271648,   0.185,9999.000,9999.000,9999.000,9999.000,9999.000,9999.000,9999.000,9999.000
202605271654,   0.185,9999.000,9999.000,9999.000,9999.000,9999.000,9999.000,9999.000,9999.000
202605271700,   0.193,9999.000,   0.100,  -0.397,  -0.104,   0.000,  -0.204,   0.200,  -0.004
202605271706,   0.209,9999.000,9999.000,9999.000,9999.000,9999.000,9999.000,9999.000,9999.000
202605271712,   0.233,9999.000,9999.000,9999.000,9999.000,9999.000,9999.000,9999.000,9999.000
202605271718,   0.265,9999.000,9999.000,9999.000,9999.000,9999.000,9999.000,9999.000,9999.000
202605271724,   0.305,9999.000,9999.000,9999.000,9999.000,9999.000,9999.000,9999.000,9999.000
202605271730,   0.353,9999.000,9999.000,9999.000,9999.000,9999.000,9999.000,9999.000,9999.000
202605271736,   0.408,9999.000,9999.000,9999.000,9999.000,9999.000,9999.000,9999.000,9999.000
202605271742,   0.470,9999.000,9999.000,9999.000,9999.000,9999.000,9999.000,9999.000,9999.000
202605271748,   0.541,9999.000,9999.000,9999.000,9999.000,9999.000,9999.000,9999.000,9999.000
202605271754,   0.618,9999.000,9999.000,9999.000,9999.000,9999.000,9999.000,9999.000,9999.000
202605271800,   0.702,9999.000,   0.100,   0.276,   1.078,   0.000,   0.978,   0.200,   1.178
202605271806,   0.794,9999.000,9999.000,9999.000,9999.000,9999.000,9999.000,9999.000,9999.000
202605271812,   0.892,9999.000,9999.000,9999.000,9999.000,9999.000,9999.000,9999.000,9999.000
202605271818,   0.996,9999.000,9999.000,9999.000,9999.000,9999.000,9999.000,9999.000,9999.000
202605271824,   1.107,9999.000,9999.000,9999.000,9999.000,9999.000,9999.000,9999.000,9999.000
202605271830,   1.225,9999.000,9999.000,9999.000,9999.000,9999.000,9999.000,9999.000,9999.000
202605271836,   1.348,9999.000,9999.000,9999.000,9999.000,9999.000,9999.000,9999.000,9999.000
202605271842,   1.477,9999.000,9999.000,9999.000,9999.000,9999.000,9999.000,9999.000,9999.000
202605271848,   1.611,9999.000,9999.000,9999.000,9999.000,9999.000,9999.000,9999.000,9999.000
202605271854,   1.750,9999.000,9999.000,9999.000,9999.000,9999.000,9999.000,9999.000,9999.000
202605271900,   1.895,9999.000,   0.100,   0.791,   2.786,   0.000,   2.686,   0.200,   2.886
202605271906,   2.044,9999.000,9999.000,9999.000,9999.000,9999.000,9999.000,9999.000,9999.000
202605271912,   2.197,9999.000,9999.000,9999.000,9999.000,9999.000,9999.000,9999.000,9999.000
202605271918,   2.354,9999.000,9999.000,9999.000,9999.000,9999.000,9999.000,9999.000,9999.000
202605271924,   2.515,9999.000,9999.000,9999.000,9999.000,9999.000,9999.000,9999.000,9999.000
202605271930,   2.679,9999.000,9999.000,9999.000,9999.000,9999.000,9999.000,9999.000,9999.000
202605271936,   2.846,9999.000,9999.000,9999.000,9999.000,9999.000,9999.000,9999.000,9999.000
202605271942,   3.015,9999.000,9999.000,9999.000,9999.000,9999.000,9999.000,9999.000,9999.000
202605271948,   3.186,9999.000,9999.000,9999.000,9999.000,9999.000,9999.000,9999.000,9999.000
202605271954,   3.359,9999.000,9999.000,9999.000,9999.000,9999.000,9999.000,9999.000,9999.000
202605272000,   3.532,9999.000,   0.200,   0.901,   4.633,   0.100,   4.533,   0.300,   4.733
202605272006,   3.707,9999.000,9999.000,9999.000,9999.000,9999.000,9999.000,9999.000,9999.000
202605272012,   3.881,9999.000,9999.000,9999.000,9999.000,9999.000,9999.000,9999.000,9999.000
202605272018,   4.055,9999.000,9999.000,9999.000,9999.000,9999.000,9999.000,9999.000,9999.000
202605272024,   4.229,9999.000,9999.000,9999.000,9999.000,9999.000,9999.000,9999.000,9999.000
202605272030,   4.401,9999.000,9999.000,9999.000,9999.000,9999.000,9999.000,9999.000,9999.000
202605272036,   4.571,9999.000,9999.000,9999.000,9999.000,9999.000,9999.000,9999.000,9999.000
202605272042,   4.739,9999.000,9999.000,9999.000,9999.000,9999.000,9999.000,9999.000,9999.000
202605272048,   4.904,9999.000,9999.000,9999.000,9999.000,9999.000,9999.000,9999.000,9999.000
202605272054,   5.066,9999.000,9999.000,9999.000,9999.000,9999.000,9999.000,9999.000,9999.000
202605272100,   5.225,9999.000,   0.200,   0.608,   6.033,   0.100,   5.933,   0.400,   6.233
202605272106,   5.379,9999.000,9999.000,9999.000,9999.000,9999.000,9999.000,9999.000,9999.000
202605272112,   5.529,9999.000,9999.000,9999.000,9999.000,9999.000,9999.000,9999.000,9999.000
202605272118,   5.675,9999.000,9999.000,9999.000,9999.000,9999.000,9999.000,9999.000,9999.000
202605272124,   5.815,9999.000,9999.000,9999.000,9999.000,9999.000,9999.000,9999.000,9999.000
202605272130,   5.949,9999.000,9999.000,9999.000,9999.000,9999.000,9999.000,9999.000,9999.000
202605272136,   6.078,9999.000,9999.000,9999.000,9999.000,9999.000,9999.000,9999.000,9999.000
202605272142,   6.200,9999.000,9999.000,9999.000,9999.000,9999.000,9999.000,9999.000,9999.000
202605272148,   6.317,9999.000,9999.000,9999.000,9999.000,9999.000,9999.000,9999.000,9999.000
202605272154,   6.426,9999.000,9999.000,9999.000,9999.000,9999.000,9999.000,9999.000,9999.000
202605272200,   6.528,9999.000,   0.300,   0.089,   6.917,   0.200,   6.817,   0.400,   7.017
202605272206,   6.624,9999.000,9999.000,9999.000,9999.000,9999.000,9999.000,9999.000,9999.000
202605272212,   6.711,9999.000,9999.000,9999.000,9999.000,9999.000,9999.000,9999.000,9999.000
202605272218,   6.791,9999.000,9999.000,9999.000,9999.000,9999.000,9999.000,9999.000,9999.000
202605272224,   6.864,9999.000,9999.000,9999.000,9999.000,9999.000,9999.000,9999.000,9999.000
202605272230,   6.928,9999.000,9999.000,9999.000,9999.000,9999.000,9999.000,9999.000,9999.000
202605272236,   6.985,9999.000,9999.000,9999.000,9999.000,9999.000,9999.000,9999.000,9999.000
202605272242,   7.033,9999.000,9999.000,9999.000,9999.000,9999.000,9999.000,9999.000,9999.000
202605272248,   7.072,9999.000,9999.000,9999.000,9999.000,9999.000,9999.000,9999.000,9999.000
202605272254,   7.104,9999.000,9999.000,9999.000,9999.000,9999.000,9999.000,9999.000,9999.000
202605272300,   7.127,9999.000,   0.300,  -0.504,   6.923,   0.200,   6.823,   0.400,   7.023
202605272306,   7.141,9999.000,9999.000,9999.000,9999.000,9999.000,9999.000,9999.000,9999.000
202605272312,   7.147,9999.000,9999.000,9999.000,9999.000,9999.000,9999.000,9999.000,9999.000
202605272318,   7.145,9999.000,9999.000,9999.000,9999.000,9999.000,9999.000,9999.000,9999.000
202605272324,   7.134,9999.000,9999.000,9999.000,9999.000,9999.000,9999.000,9999.000,9999.000
202605272330,   7.114,9999.000,9999.000,9999.000,9999.000,9999.000,9999.000,9999.000,9999.000
202605272336,   7.087,9999.000,9999.000,9999.000,9999.000,9999.000,9999.000,9999.000,9999.000
202605272342,   7.051,9999.000,9999.000,9999.000,9999.000,9999.000,9999.000,9999.000,9999.000
202605272348,   7.007,9999.000,9999.000,9999.000,9999.000,9999.000,9999.000,9999.000,9999.000
202605272354,   6.955,9999.000,9999.000,9999.000,9999.000,9999.000,9999.000,9999.000,9999.000
202605280000,   6.896,9999.000,   0.300,  -1.061,   6.135,   0.300,   6.135,   0.400,   6.235
202605280006,   6.830,9999.000,9999.000,9999.000,9999.000,9999.000,9999.000,9999.000,9999.000
202605280012,   6.756,9999.000,9999.000,9999.000,9999.000,9999.000,9999.000,9999.000,9999.000
202605280018,   6.675,9999.000,9999.000,9999.000,9999.000,9999.000,9999.000,9999.000,9999.000
202605280024,   6.588,9999.000,9999.000,9999.000,9999.000,9999.000,9999.000,9999.000,9999.000
202605280030,   6.495,9999.000,9999.000,9999.000,9999.000,9999.000,9999.000,9999.000,9999.000
202605280036,   6.395,9999.000,9999.000,9999.000,9999.000,9999.000,9999.000,9999.000,9999.000
202605280042,   6.289,9999.000,9999.000,9999.000,9999.000,9999.000,9999.000,9999.000,9999.000
202605280048,   6.179,9999.000,9999.000,9999.000,9999.000,9999.000,9999.000,9999.000,9999.000
202605280054,   6.063,9999.000,9999.000,9999.000,9999.000,9999.000,9999.000,9999.000,9999.000
202605280100,   5.942,9999.000,   0.300,  -1.454,   4.788,   0.200,   4.688,   0.400,   4.888
202605280106,   5.816,9999.000,9999.000,9999.000,9999.000,9999.000,9999.000,9999.000,9999.000
202605280112,   5.686,9999.000,9999.000,9999.000,9999.000,9999.000,9999.000,9999.000,9999.000
202605280118,   5.552,9999.000,9999.000,9999.000,9999.000,9999.000,9999.000,9999.000,9999.000
202605280124,   5.414,9999.000,9999.000,9999.000,9999.000,9999.000,9999.000,9999.000,9999.000
202605280130,   5.273,9999.000,9999.000,9999.000,9999.000,9999.000,9999.000,9999.000,9999.000
202605280136,   5.128,9999.000,9999.000,9999.000,9999.000,9999.000,9999.000,9999.000,9999.000
202605280142,   4.980,9999.000,9999.000,9999.000,9999.000,9999.000,9999.000,9999.000,9999.000
202605280148,   4.830,9999.000,9999.000,9999.000,9999.000,9999.000,9999.000,9999.000,9999.000
202605280154,   4.677,9999.000,9999.000,9999.000,9999.000,9999.000,9999.000,9999.000,9999.000
202605280200,   4.521,9999.000,   0.300,  -1.594,   3.227,   0.200,   3.127,   0.400,   3.327
202605280206,   4.363,9999.000,9999.000,9999.000,9999.000,9999.000,9999.000,9999.000,9999.000
202605280212,   4.204,9999.000,9999.000,9999.000,9999.000,9999.000,9999.000,9999.000,9999.000
202605280218,   4.043,9999.000,9999.000,9999.000,9999.000,9999.000,9999.000,9999.000,9999.000
202605280224,   3.880,9999.000,9999.000,9999.000,9999.000,9999.000,9999.000,9999.000,9999.000
202605280230,   3.717,9999.000,9999.000,9999.000,9999.000,9999.000,9999.000,9999.000,9999.000
202605280236,   3.553,9999.000,9999.000,9999.000,9999.000,9999.000,9999.000,9999.000,9999.000
202605280242,   3.390,9999.000,9999.000,9999.000,9999.000,9999.000,9999.000,9999.000,9999.000
202605280248,   3.225,9999.000,9999.000,9999.000,9999.000,9999.000,9999.000,9999.000,9999.000
202605280254,   3.062,9999.000,9999.000,9999.000,9999.000,9999.000,9999.000,9999.000,9999.000
202605280300,   2.899,9999.000,   0.300,  -1.503,   1.696,   0.200,   1.596,   0.400,   1.796
202605280306,   2.738,9999.000,9999.000,9999.000,9999.000,9999.000,9999.000,9999.000,9999.000
202605280312,   2.578,9999.000,9999.000,9999.000,9999.000,9999.000,9999.000,9999.000,9999.000
202605280318,   2.421,9999.000,9999.000,9999.000,9999.000,9999.000,9999.000,9999.000,9999.000
202605280324,   2.266,9999.000,9999.000,9999.000,9999.000,9999.000,9999.000,9999.000,9999.000
202605280330,   2.114,9999.000,9999.000,9999.000,9999.000,9999.000,9999.000,9999.000,9999.000
202605280336,   1.967,9999.000,9999.000,9999.000,9999.000,9999.000,9999.000,9999.000,9999.000
202605280342,   1.823,9999.000,9999.000,9999.000,9999.000,9999.000,9999.000,9999.000,9999.000
202605280348,   1.684,9999.000,9999.000,9999.000,9999.000,9999.000,9999.000,9999.000,9999.000
202605280354,   1.550,9999.000,9999.000,9999.000,9999.000,9999.000,9999.000,9999.000,9999.000
202605280400,   1.421,9999.000,   0.300,  -1.225,   0.496,   0.100,   0.296,   0.400,   0.596
202605280406,   1.298,9999.000,9999.000,9999.000,9999.000,9999.000,9999.000,9999.000,9999.000
202605280412,   1.182,9999.000,9999.000,9999.000,9999.000,9999.000,9999.000,9999.000,9999.000
202605280418,   1.072,9999.000,9999.000,9999.000,9999.000,9999.000,9999.000,9999.000,9999.000
202605280424,   0.969,9999.000,9999.000,9999.000,9999.000,9999.000,9999.000,9999.000,9999.000
202605280430,   0.874,9999.000,9999.000,9999.000,9999.000,9999.000,9999.000,9999.000,9999.000
202605280436,   0.786,9999.000,9999.000,9999.000,9999.000,9999.000,9999.000,9999.000,9999.000
202605280442,   0.706,9999.000,9999.000,9999.000,9999.000,9999.000,9999.000,9999.000,9999.000
202605280448,   0.634,9999.000,9999.000,9999.000,9999.000,9999.000,9999.000,9999.000,9999.000
202605280454,   0.571,9999.000,9999.000,9999.000,9999.000,9999.000,9999.000,9999.000,9999.000
202605280500,   0.515,9999.000,   0.200,  -0.756,  -0.041,   0.100,  -0.141,   0.400,   0.159
202605280506,   0.469,9999.000,9999.000,9999.000,9999.000,9999.000,9999.000,9999.000,9999.000
202605280512,   0.430,9999.000,9999.000,9999.000,9999.000,9999.000,9999.000,9999.000,9999.000
202605280518,   0.401,9999.000,9999.000,9999.000,9999.000,9999.000,9999.000,9999.000,9999.000
202605280524,   0.379,9999.000,9999.000,9999.000,9999.000,9999.000,9999.000,9999.000,9999.000
202605280530,   0.367,9999.000,9999.000,9999.000,9999.000,9999.000,9999.000,9999.000,9999.000
202605280536,   0.363,9999.000,9999.000,9999.000,9999.000,9999.000,9999.000,9999.000,9999.000
202605280542,   0.368,9999.000,9999.000,9999.000,9999.000,9999.000,9999.000,9999.000,9999.000
202605280548,   0.381,9999.000,9999.000,9999.000,9999.000,9999.000,9999.000,9999.000,9999.000
202605280554,   0.402,9999.000,9999.000,9999.000,9999.000,9999.000,9999.000,9999.000,9999.000
202605280600,   0.432,9999.000,   0.200,  -0.153,   0.479,   0.100,   0.379,   0.300,   0.579
202605280606,   0.470,9999.000,9999.000,9999.000,9999.000,9999.000,9999.000,9999.000,9999.000
202605280612,   0.515,9999.000,9999.000,9999.000,9999.000,9999.000,9999.000,9999.000,9999.000
202605280618,   0.569,9999.000,9999.000,9999.000,9999.000,9999.000,9999.000,9999.000,9999.000
202605280624,   0.630,9999.000,9999.000,9999.000,9999.000,9999.000,9999.000,9999.000,9999.000
202605280630,   0.699,9999.000,9999.000,9999.000,9999.000,9999.000,9999.000,9999.000,9999.000
202605280636,   0.775,9999.000,9999.000,9999.000,9999.000,9999.000,9999.000,9999.000,9999.000
202605280642,   0.859,9999.000,9999.000,9999.000,9999.000,9999.000,9999.000,9999.000,9999.000
202605280648,   0.949,9999.000,9999.000,9999.000,9999.000,9999.000,9999.000,9999.000,9999.000
202605280654,   1.046,9999.000,9999.000,9999.000,9999.000,9999.000,9999.000,9999.000,9999.000
202605280700,   1.149,9999.000,   0.200,   0.375,   1.724,   0.100,   1.624,   0.300,   1.824
202605280706,   1.259,9999.000,9999.000,9999.000,9999.000,9999.000,9999.000,9999.000,9999.000
202605280712,   1.375,9999.000,9999.000,9999.000,9999.000,9999.000,9999.000,9999.000,9999.000
202605280718,   1.496,9999.000,9999.000,9999.000,9999.000,9999.000,9999.000,9999.000,9999.000
202605280724,   1.623,9999.000,9999.000,9999.000,9999.000,9999.000,9999.000,9999.000,9999.000
202605280730,   1.755,9999.000,9999.000,9999.000,9999.000,9999.000,9999.000,9999.000,9999.000
202605280736,   1.892,9999.000,9999.000,9999.000,9999.000,9999.000,9999.000,9999.000,9999.000
202605280742,   2.033,9999.000,9999.000,9999.000,9999.000,9999.000,9999.000,9999.000,9999.000
202605280748,   2.178,9999.000,9999.000,9999.000,9999.000,9999.000,9999.000,9999.000,9999.000
202605280754,   2.327,9999.000,9999.000,9999.000,9999.000,9999.000,9999.000,9999.000,9999.000
202605280800,   2.479,9999.000,   0.200,   0.633,   3.312,   0.100,   3.212,   0.300,   3.412
202605280806,   2.634,9999.000,9999.000,9999.000,9999.000,9999.000,9999.000,9999.000,9999.000
202605280812,   2.791,9999.000,9999.000,9999.000,9999.000,9999.000,9999.000,9999.000,9999.000
202605280818,   2.950,9999.000,9999.000,9999.000,9999.000,9999.000,9999.000,9999.000,9999.000
202605280824,   3.110,9999.000,9999.000,9999.000,9999.000,9999.000,9999.000,9999.000,9999.000
202605280830,   3.271,9999.000,9999.000,9999.000,9999.000,9999.000,9999.000,9999.000,9999.000
202605280836,   3.432,9999.000,9999.000,9999.000,9999.000,9999.000,9999.000,9999.000,9999.000
202605280842,   3.593,9999.000,9999.000,9999.000,9999.000,9999.000,9999.000,9999.000,9999.000
202605280848,   3.753,9999.000,9999.000,9999.000,9999.000,9999.000,9999.000,9999.000,9999.000
202605280854,   3.912,9999.000,9999.000,9999.000,9999.000,9999.000,9999.000,9999.000,9999.000
202605280900,   4.069,9999.000,   0.200,   0.603,   4.872,   0.100,   4.772,   0.300,   4.972
202605280906,   4.223,9999.000,9999.000,9999.000,9999.000,9999.000,9999.000,9999.000,9999.000
202605280912,   4.375,9999.000,9999.000,9999.000,9999.000,9999.000,9999.000,9999.000,9999.000
202605280918,   4.523,9999.000,9999.000,9999.000,9999.000,9999.000,9999.000,9999.000,9999.000
202605280924,   4.667,9999.000,9999.000,9999.000,9999.000,9999.000,9999.000,9999.000,9999.000
202605280930,   4.807,9999.000,9999.000,9999.000,9999.000,9999.000,9999.000,9999.000,9999.000
202605280936,   4.942,9999.000,9999.000,9999.000,9999.000,9999.000,9999.000,9999.000,9999.000
202605280942,   5.071,9999.000,9999.000,9999.000,9999.000,9999.000,9999.000,9999.000,9999.000
202605280948,   5.195,9999.000,9999.000,9999.000,9999.000,9999.000,9999.000,9999.000,9999.000
202605280954,   5.313,9999.000,9999.000,9999.000,9999.000,9999.000,9999.000,9999.000,9999.000
202605281000,   5.424,9999.000,   0.200,   0.360,   5.984,   0.000,   5.784,   0.300,   6.084
202605281006,   5.528,9999.000,9999.000,9999.000,9999.000,9999.000,9999.000,9999.000,9999.000
202605281012,   5.625,9999.000,9999.000,9999.000,9999.000,9999.000,9999.000,9999.000,9999.000
202605281018,   5.715,9999.000,9999.000,9999.000,9999.000,9999.000,9999.000,9999.000,9999.000
202605281024,   5.797,9999.000,9999.000,9999.000,9999.000,9999.000,9999.000,9999.000,9999.000
202605281030,   5.871,9999.000,9999.000,9999.000,9999.000,9999.000,9999.000,9999.000,9999.000
202605281036,   5.936,9999.000,9999.000,9999.000,9999.000,9999.000,9999.000,9999.000,9999.000
202605281042,   5.994,9999.000,9999.000,9999.000,9999.000,9999.000,9999.000,9999.000,9999.000
202605281048,   6.043,9999.000,9999.000,9999.000,9999.000,9999.000,9999.000,9999.000,9999.000
202605281054,   6.083,9999.000,9999.000,9999.000,9999.000,9999.000,9999.000,9999.000,9999.000
202605281100,   6.115,9999.000,   0.200,  -0.061,   6.254,   0.000,   6.054,   0.300,   6.354
202605281106,   6.138,9999.000,9999.000,9999.000,9999.000,9999.000,9999.000,9999.000,9999.000
202605281112,   6.152,9999.000,9999.000,9999.000,9999.000,9999.000,9999.000,9999.000,9999.000
202605281118,   6.157,9999.000,9999.000,9999.000,9999.000,9999.000,9999.000,9999.000,9999.000
202605281124,   6.154,9999.000,9999.000,9999.000,9999.000,9999.000,9999.000,9999.000,9999.000
202605281130,   6.142,9999.000,9999.000,9999.000,9999.000,9999.000,9999.000,9999.000,9999.000
202605281136,   6.121,9999.000,9999.000,9999.000,9999.000,9999.000,9999.000,9999.000,9999.000
202605281142,   6.092,9999.000,9999.000,9999.000,9999.000,9999.000,9999.000,9999.000,9999.000
202605281148,   6.055,9999.000,9999.000,9999.000,9999.000,9999.000,9999.000,9999.000,9999.000
202605281154,   6.010,9999.000,9999.000,9999.000,9999.000,9999.000,9999.000,9999.000,9999.000
202605281200,   5.957,9999.000,   0.200,  -0.610,   5.547,   0.000,   5.347,   0.300,   5.647
202605281206,   5.896,9999.000,9999.000,9999.000,9999.000,9999.000,9999.000,9999.000,9999.000
202605281212,   5.828,9999.000,9999.000,9999.000,9999.000,9999.000,9999.000,9999.000,9999.000
202605281218,   5.753,9999.000,9999.000,9999.000,9999.000,9999.000,9999.000,9999.000,9999.000
202605281224,   5.672,9999.000,9999.000,9999.000,9999.000,9999.000,9999.000,9999.000,9999.000
202605281230,   5.584,9999.000,9999.000,9999.000,9999.000,9999.000,9999.000,9999.000,9999.000
202605281236,   5.490,9999.000,9999.000,9999.000,9999.000,9999.000,9999.000,9999.000,9999.000
202605281242,   5.390,9999.000,9999.000,9999.000,9999.000,9999.000,9999.000,9999.000,9999.000
202605281248,   5.286,9999.000,9999.000,9999.000,9999.000,9999.000,9999.000,9999.000,9999.000
202605281254,   5.176,9999.000,9999.000,9999.000,9999.000,9999.000,9999.000,9999.000,9999.000
202605281300,   5.062,9999.000,   0.200,  -1.130,   4.132,   0.000,   3.932,   0.300,   4.232
202605281306,   4.944,9999.000,9999.000,9999.000,9999.000,9999.000,9999.000,9999.000,9999.000
202605281312,   4.822,9999.000,9999.000,9999.000,9999.000,9999.000,9999.000,9999.000,9999.000
202605281318,   4.697,9999.000,9999.000,9999.000,9999.000,9999.000,9999.000,9999.000,9999.000
202605281324,   4.568,9999.000,9999.000,9999.000,9999.000,9999.000,9999.000,9999.000,9999.000
202605281330,   4.437,9999.000,9999.000,9999.000,9999.000,9999.000,9999.000,9999.000,9999.000
202605281336,   4.304,9999.000,9999.000,9999.000,9999.000,9999.000,9999.000,9999.000,9999.000
202605281342,   4.169,9999.000,9999.000,9999.000,9999.000,9999.000,9999.000,9999.000,9999.000
202605281348,   4.032,9999.000,9999.000,9999.000,9999.000,9999.000,9999.000,9999.000,9999.000
202605281354,   3.893,9999.000,9999.000,9999.000,9999.000,9999.000,9999.000,9999.000,9999.000
202605281400,   3.754,9999.000,   0.200,  -1.463,   2.491,   0.000,   2.291,   0.300,   2.591
202605281406,   3.613,9999.000,9999.000,9999.000,9999.000,9999.000,9999.000,9999.000,9999.000
202605281412,   3.472,9999.000,9999.000,9999.000,9999.000,9999.000,9999.000,9999.000,9999.000
202605281418,   3.330,9999.000,9999.000,9999.000,9999.000,9999.000,9999.000,9999.000,9999.000
202605281424,   3.188,9999.000,9999.000,9999.000,9999.000,9999.000,9999.000,9999.000,9999.000
202605281430,   3.046,9999.000,9999.000,9999.000,9999.000,9999.000,9999.000,9999.000,9999.000
202605281436,   2.904,9999.000,9999.000,9999.000,9999.000,9999.000,9999.000,9999.000,9999.000
202605281442,   2.762,9999.000,9999.000,9999.000,9999.000,9999.000,9999.000,9999.000,9999.000
202605281448,   2.621,9999.000,9999.000,9999.000,9999.000,9999.000,9999.000,9999.000,9999.000
202605281454,   2.481,9999.000,9999.000,9999.000,9999.000,9999.000,9999.000,9999.000,9999.000
202605281500,   2.343,9999.000,   0.200,  -1.564,   0.979,   0.000,   0.779,   0.300,   1.079
202605281506,   2.205,9999.000,9999.000,9999.000,9999.000,9999.000,9999.000,9999.000,9999.000
202605281512,   2.069,9999.000,9999.000,9999.000,9999.000,9999.000,9999.000,9999.000,9999.000
202605281518,   1.936,9999.000,9999.000,9999.000,9999.000,9999.000,9999.000,9999.000,9999.000
202605281524,   1.804,9999.000,9999.000,9999.000,9999.000,9999.000,9999.000,9999.000,9999.000
202605281530,   1.676,9999.000,9999.000,9999.000,9999.000,9999.000,9999.000,9999.000,9999.000
202605281536,   1.550,9999.000,9999.000,9999.000,9999.000,9999.000,9999.000,9999.000,9999.000
202605281542,   1.427,9999.000,9999.000,9999.000,9999.000,9999.000,9999.000,9999.000,9999.000
202605281548,   1.308,9999.000,9999.000,9999.000,9999.000,9999.000,9999.000,9999.000,9999.000
202605281554,   1.194,9999.000,9999.000,9999.000,9999.000,9999.000,9999.000,9999.000,9999.000
202605281600,   1.083,9999.000,   0.200,  -1.426,  -0.143,   0.000,  -0.343,   0.300,  -0.043
202605281606,   0.978,9999.000,9999.000,9999.000,9999.000,9999.000,9999.000,9999.000,9999.000
202605281612,   0.878,9999.000,9999.000,9999.000,9999.000,9999.000,9999.000,9999.000,9999.000
202605281618,   0.783,9999.000,9999.000,9999.000,9999.000,9999.000,9999.000,9999.000,9999.000
202605281624,   0.694,9999.000,9999.000,9999.000,9999.000,9999.000,9999.000,9999.000,9999.000
202605281630,   0.611,9999.000,9999.000,9999.000,9999.000,9999.000,9999.000,9999.000,9999.000
202605281636,   0.535,9999.000,9999.000,9999.000,9999.000,9999.000,9999.000,9999.000,9999.000
202605281642,   0.465,9999.000,9999.000,9999.000,9999.000,9999.000,9999.000,9999.000,9999.000
202605281648,   0.402,9999.000,9999.000,9999.000,9999.000,9999.000,9999.000,9999.000,9999.000
202605281654,   0.347,9999.000,9999.000,9999.000,9999.000,9999.000,9999.000,9999.000,9999.000
202605281700,   0.299,9999.000,   0.200,  -0.996,  -0.497,   0.000,  -0.697,   0.300,  -0.397
202605281706,   0.259,9999.000,9999.000,9999.000,9999.000,9999.000,9999.000,9999.000,9999.000
202605281712,   0.227,9999.000,9999.000,9999.000,9999.000,9999.000,9999.000,9999.000,9999.000
202605281718,   0.203,9999.000,9999.000,9999.000,9999.000,9999.000,9999.000,9999.000,9999.000
202605281724,   0.187,9999.000,9999.000,9999.000,9999.000,9999.000,9999.000,9999.000,9999.000
202605281730,   0.178,9999.000,9999.000,9999.000,9999.000,9999.000,9999.000,9999.000,9999.000
202605281736,   0.179,9999.000,9999.000,9999.000,9999.000,9999.000,9999.000,9999.000,9999.000
202605281742,   0.187,9999.000,9999.000,9999.000,9999.000,9999.000,9999.000,9999.000,9999.000
202605281748,   0.203,9999.000,9999.000,9999.000,9999.000,9999.000,9999.000,9999.000,9999.000
202605281754,   0.228,9999.000,9999.000,9999.000,9999.000,9999.000,9999.000,9999.000,9999.000
202605281800,   0.260,9999.000,   0.200,  -0.314,   0.146,   0.100,   0.046,   0.400,   0.346
202605281806,   0.301,9999.000,9999.000,9999.000,9999.000,9999.000,9999.000,9999.000,9999.000
202605281812,   0.350,9999.000,9999.000,9999.000,9999.000,9999.000,9999.000,9999.000,9999.000
202605281818,   0.406,9999.000,9999.000,9999.000,9999.000,9999.000,9999.000,9999.000,9999.000
202605281824,   0.470,9999.000,9999.000,9999.000,9999.000,9999.000,9999.000,9999.000,9999.000
202605281830,   0.541,9999.000,9999.000,9999.000,9999.000,9999.000,9999.000,9999.000,9999.000
202605281836,   0.620,9999.000,9999.000,9999.000,9999.000,9999.000,9999.000,9999.000,9999.000
202605281842,   0.706,9999.000,9999.000,9999.000,9999.000,9999.000,9999.000,9999.000,9999.000
202605281848,   0.799,9999.000,9999.000,9999.000,9999.000,9999.000,9999.000,9999.000,9999.000
202605281854,   0.899,9999.000,9999.000,9999.000,9999.000,9999.000,9999.000,9999.000,9999.000
202605281900,   1.005,9999.000,   0.300,   0.382,   1.687,   0.100,   1.487,   0.400,   1.787
202605281906,   1.118,9999.000,9999.000,9999.000,9999.000,9999.000,9999.000,9999.000,9999.000
202605281912,   1.237,9999.000,9999.000,9999.000,9999.000,9999.000,9999.000,9999.000,9999.000
202605281918,   1.362,9999.000,9999.000,9999.000,9999.000,9999.000,9999.000,9999.000,9999.000
202605281924,   1.492,9999.000,9999.000,9999.000,9999.000,9999.000,9999.000,9999.000,9999.000
202605281930,   1.628,9999.000,9999.000,9999.000,9999.000,9999.000,9999.000,9999.000,9999.000
202605281936,   1.769,9999.000,9999.000,9999.000,9999.000,9999.000,9999.000,9999.000,9999.000
202605281942,   1.915,9999.000,9999.000,9999.000,9999.000,9999.000,9999.000,9999.000,9999.000
202605281948,   2.065,9999.000,9999.000,9999.000,9999.000,9999.000,9999.000,9999.000,9999.000
202605281954,   2.220,9999.000,9999.000,9999.000,9999.000,9999.000,9999.000,9999.000,9999.000
202605282000,   2.379,9999.000,   0.300,   0.812,   3.491,   0.200,   3.391,   0.400,   3.591
202605282006,   2.541,9999.000,9999.000,9999.000,9999.000,9999.000,9999.000,9999.000,9999.000
202605282012,   2.706,9999.000,9999.000,9999.000,9999.000,9999.000,9999.000,9999.000,9999.000
202605282018,   2.875,9999.000,9999.000,9999.000,9999.000,9999.000,9999.000,9999.000,9999.000
202605282024,   3.045,9999.000,9999.000,9999.000,9999.000,9999.000,9999.000,9999.000,9999.000
202605282030,   3.218,9999.000,9999.000,9999.000,9999.000,9999.000,9999.000,9999.000,9999.000
202605282036,   3.393,9999.000,9999.000,9999.000,9999.000,9999.000,9999.000,9999.000,9999.000
202605282042,   3.568,9999.000,9999.000,9999.000,9999.000,9999.000,9999.000,9999.000,9999.000
202605282048,   3.745,9999.000,9999.000,9999.000,9999.000,9999.000,9999.000,9999.000,9999.000
202605282054,   3.921,9999.000,9999.000,9999.000,9999.000,9999.000,9999.000,9999.000,9999.000
202605282100,   4.098,9999.000,   0.400,   0.877,   5.375,   0.200,   5.175,   0.500,   5.475
202605282106,   4.273,9999.000,9999.000,9999.000,9999.000,9999.000,9999.000,9999.000,9999.000
202605282112,   4.448,9999.000,9999.000,9999.000,9999.000,9999.000,9999.000,9999.000,9999.000
202605282118,   4.621,9999.000,9999.000,9999.000,9999.000,9999.000,9999.000,9999.000,9999.000
202605282124,   4.792,9999.000,9999.000,9999.000,9999.000,9999.000,9999.000,9999.000,9999.000
202605282130,   4.960,9999.000,9999.000,9999.000,9999.000,9999.000,9999.000,9999.000,9999.000
202605282136,   5.126,9999.000,9999.000,9999.000,9999.000,9999.000,9999.000,9999.000,9999.000
202605282142,   5.288,9999.000,9999.000,9999.000,9999.000,9999.000,9999.000,9999.000,9999.000
202605282148,   5.446,9999.000,9999.000,9999.000,9999.000,9999.000,9999.000,9999.000,9999.000
202605282154,   5.599,9999.000,9999.000,9999.000,9999.000,9999.000,9999.000,9999.000,9999.000
202605282200,   5.748,9999.000,   0.400,   0.628,   6.776,   0.200,   6.576,   0.500,   6.876
202605282206,   5.892,9999.000,9999.000,9999.000,9999.000,9999.000,9999.000,9999.000,9999.000
202605282212,   6.030,9999.000,9999.000,9999.000,9999.000,9999.000,9999.000,9999.000,9999.000
202605282218,   6.162,9999.000,9999.000,9999.000,9999.000,9999.000,9999.000,9999.000,9999.000
202605282224,   6.288,9999.000,9999.000,9999.000,9999.000,9999.000,9999.000,9999.000,9999.000
202605282230,   6.408,9999.000,9999.000,9999.000,9999.000,9999.000,9999.000,9999.000,9999.000
202605282236,   6.520,9999.000,9999.000,9999.000,9999.000,9999.000,9999.000,9999.000,9999.000
202605282242,   6.626,9999.000,9999.000,9999.000,9999.000,9999.000,9999.000,9999.000,9999.000
202605282248,   6.724,9999.000,9999.000,9999.000,9999.000,9999.000,9999.000,9999.000,9999.000
202605282254,   6.814,9999.000,9999.000,9999.000,9999.000,9999.000,9999.000,9999.000,9999.000
202605282300,   6.897,9999.000,   0.400,   0.137,   7.434,   0.200,   7.234,   0.500,   7.534
202605282306,   6.972,9999.000,9999.000,9999.000,9999.000,9999.000,9999.000,9999.000,9999.000
202605282312,   7.038,9999.000,9999.000,9999.000,9999.000,9999.000,9999.000,9999.000,9999.000
202605282318,   7.096,9999.000,9999.000,9999.000,9999.000,9999.000,9999.000,9999.000,9999.000
202605282324,   7.146,9999.000,9999.000,9999.000,9999.000,9999.000,9999.000,9999.000,9999.000
202605282330,   7.187,9999.000,9999.000,9999.000,9999.000,9999.000,9999.000,9999.000,9999.000
202605282336,   7.220,9999.000,9999.000,9999.000,9999.000,9999.000,9999.000,9999.000,9999.000
202605282342,   7.244,9999.000,9999.000,9999.000,9999.000,9999.000,9999.000,9999.000,9999.000
202605282348,   7.259,9999.000,9999.000,9999.000,9999.000,9999.000,9999.000,9999.000,9999.000
202605282354,   7.265,9999.000,9999.000,9999.000,9999.000,9999.000,9999.000,9999.000,9999.000
202605290000,   7.263,9999.000,   0.400,  -0.494,   7.169,   0.200,   6.969,   0.600,   7.369
202605290006,   7.252,9999.000,9999.000,9999.000,9999.000,9999.000,9999.000,9999.000,9999.000
202605290012,   7.232,9999.000,9999.000,9999.000,9999.000,9999.000,9999.000,9999.000,9999.000
202605290018,   7.204,9999.000,9999.000,9999.000,9999.000,9999.000,9999.000,9999.000,9999.000
202605290024,   7.167,9999.000,9999.000,9999.000,9999.000,9999.000,9999.000,9999.000,9999.000
202605290030,   7.123,9999.000,9999.000,9999.000,9999.000,9999.000,9999.000,9999.000,9999.000
202605290036,   7.070,9999.000,9999.000,9999.000,9999.000,9999.000,9999.000,9999.000,9999.000
202605290042,   7.009,9999.000,9999.000,9999.000,9999.000,9999.000,9999.000,9999.000,9999.000
202605290048,   6.941,9999.000,9999.000,9999.000,9999.000,9999.000,9999.000,9999.000,9999.000
202605290054,   6.866,9999.000,9999.000,9999.000,9999.000,9999.000,9999.000,9999.000,9999.000
202605290100,   6.783,9999.000,   0.400,  -1.082,   6.101,   0.200,   5.901,   0.600,   6.301
202605290106,   6.693,9999.000,9999.000,9999.000,9999.000,9999.000,9999.000,9999.000,9999.000
202605290112,   6.598,9999.000,9999.000,9999.000,9999.000,9999.000,9999.000,9999.000,9999.000
202605290118,   6.495,9999.000,9999.000,9999.000,9999.000,9999.000,9999.000,9999.000,9999.000
202605290124,   6.387,9999.000,9999.000,9999.000,9999.000,9999.000,9999.000,9999.000,9999.000
202605290130,   6.274,9999.000,9999.000,9999.000,9999.000,9999.000,9999.000,9999.000,9999.000
202605290136,   6.155,9999.000,9999.000,9999.000,9999.000,9999.000,9999.000,9999.000,9999.000
202605290142,   6.031,9999.000,9999.000,9999.000,9999.000,9999.000,9999.000,9999.000,9999.000
202605290148,   5.902,9999.000,9999.000,9999.000,9999.000,9999.000,9999.000,9999.000,9999.000
202605290154,   5.769,9999.000,9999.000,9999.000,9999.000,9999.000,9999.000,9999.000,9999.000
202605290200,   5.632,9999.000,   0.400,  -1.477,   4.555,   0.200,   4.355,   0.600,   4.755
202605290206,   5.492,9999.000,9999.000,9999.000,9999.000,9999.000,9999.000,9999.000,9999.000
202605290212,   5.347,9999.000,9999.000,9999.000,9999.000,9999.000,9999.000,9999.000,9999.000
202605290218,   5.200,9999.000,9999.000,9999.000,9999.000,9999.000,9999.000,9999.000,9999.000
202605290224,   5.049,9999.000,9999.000,9999.000,9999.000,9999.000,9999.000,9999.000,9999.000
202605290230,   4.896,9999.000,9999.000,9999.000,9999.000,9999.000,9999.000,9999.000,9999.000
202605290236,   4.740,9999.000,9999.000,9999.000,9999.000,9999.000,9999.000,9999.000,9999.000
202605290242,   4.581,9999.000,9999.000,9999.000,9999.000,9999.000,9999.000,9999.000,9999.000
202605290248,   4.421,9999.000,9999.000,9999.000,9999.000,9999.000,9999.000,9999.000,9999.000
202605290254,   4.259,9999.000,9999.000,9999.000,9999.000,9999.000,9999.000,9999.000,9999.000
202605290300,   4.096,9999.000,   0.400,  -1.661,   2.835,   0.200,   2.635,   0.500,   2.935
202605290306,   3.931,9999.000,9999.000,9999.000,9999.000,9999.000,9999.000,9999.000,9999.000
202605290312,   3.766,9999.000,9999.000,9999.000,9999.000,9999.000,9999.000,9999.000,9999.000
202605290318,   3.600,9999.000,9999.000,9999.000,9999.000,9999.000,9999.000,9999.000,9999.000
202605290324,   3.433,9999.000,9999.000,9999.000,9999.000,9999.000,9999.000,9999.000,9999.000
202605290330,   3.267,9999.000,9999.000,9999.000,9999.000,9999.000,9999.000,9999.000,9999.000
202605290336,   3.101,9999.000,9999.000,9999.000,9999.000,9999.000,9999.000,9999.000,9999.000
202605290342,   2.936,9999.000,9999.000,9999.000,9999.000,9999.000,9999.000,9999.000,9999.000
202605290348,   2.772,9999.000,9999.000,9999.000,9999.000,9999.000,9999.000,9999.000,9999.000
202605290354,   2.610,9999.000,9999.000,9999.000,9999.000,9999.000,9999.000,9999.000,9999.000
202605290400,   2.450,9999.000,   0.300,  -1.643,   1.107,   0.100,   0.907,   0.500,   1.307
202605290406,   2.292,9999.000,9999.000,9999.000,9999.000,9999.000,9999.000,9999.000,9999.000
202605290412,   2.137,9999.000,9999.000,9999.000,9999.000,9999.000,9999.000,9999.000,9999.000
202605290418,   1.986,9999.000,9999.000,9999.000,9999.000,9999.000,9999.000,9999.000,9999.000
202605290424,   1.839,9999.000,9999.000,9999.000,9999.000,9999.000,9999.000,9999.000,9999.000
202605290430,   1.696,9999.000,9999.000,9999.000,9999.000,9999.000,9999.000,9999.000,9999.000
202605290436,   1.559,9999.000,9999.000,9999.000,9999.000,9999.000,9999.000,9999.000,9999.000
202605290442,   1.426,9999.000,9999.000,9999.000,9999.000,9999.000,9999.000,9999.000,9999.000
202605290448,   1.299,9999.000,9999.000,9999.000,9999.000,9999.000,9999.000,9999.000,9999.000
202605290454,   1.179,9999.000,9999.000,9999.000,9999.000,9999.000,9999.000,9999.000,9999.000
202605290500,   1.064,9999.000,   0.300,  -1.353,   0.011,   0.100,  -0.189,   0.500,   0.211
202605290506,   0.957,9999.000,9999.000,9999.000,9999.000,9999.000,9999.000,9999.000,9999.000
202605290512,   0.857,9999.000,9999.000,9999.000,9999.000,9999.000,9999.000,9999.000,9999.000
202605290518,   0.765,9999.000,9999.000,9999.000,9999.000,9999.000,9999.000,9999.000,9999.000
202605290524,   0.680,9999.000,9999.000,9999.000,9999.000,9999.000,9999.000,9999.000,9999.000
202605290530,   0.604,9999.000,9999.000,9999.000,9999.000,9999.000,9999.000,9999.000,9999.000
202605290536,   0.535,9999.000,9999.000,9999.000,9999.000,9999.000,9999.000,9999.000,9999.000
202605290542,   0.475,9999.000,9999.000,9999.000,9999.000,9999.000,9999.000,9999.000,9999.000
202605290548,   0.424,9999.000,9999.000,9999.000,9999.000,9999.000,9999.000,9999.000,9999.000
202605290554,   0.381,9999.000,9999.000,9999.000,9999.000,9999.000,9999.000,9999.000,9999.000
202605290600,   0.347,9999.000,   0.300,  -0.779,  -0.132,   0.100,  -0.332,   0.500,   0.068
202605290606,   0.322,9999.000,9999.000,9999.000,9999.000,9999.000,9999.000,9999.000,9999.000
202605290612,   0.305,9999.000,9999.000,9999.000,9999.000,9999.000,9999.000,9999.000,9999.000
202605290618,   0.297,9999.000,9999.000,9999.000,9999.000,9999.000,9999.000,9999.000,9999.000
202605290624,   0.297,9999.000,9999.000,9999.000,9999.000,9999.000,9999.000,9999.000,9999.000
202605290630,   0.306,9999.000,9999.000,9999.000,9999.000,9999.000,9999.000,9999.000,9999.000
202605290636,   0.324,9999.000,9999.000,9999.000,9999.000,9999.000,9999.000,9999.000,9999.000
202605290642,   0.350,9999.000,9999.000,9999.000,9999.000,9999.000,9999.000,9999.000,9999.000
202605290648,   0.384,9999.000,9999.000,9999.000,9999.000,9999.000,9999.000,9999.000,9999.000
202605290654,   0.426,9999.000,9999.000,9999.000,9999.000,9999.000,9999.000,9999.000,9999.000
202605290700,   0.476,9999.000,   0.300,  -0.097,   0.679,   0.100,   0.479,   0.500,   0.879
202605290706,   0.534,9999.000,9999.000,9999.000,9999.000,9999.000,9999.000,9999.000,9999.000
202605290712,   0.600,9999.000,9999.000,9999.000,9999.000,9999.000,9999.000,9999.000,9999.000
202605290718,   0.673,9999.000,9999.000,9999.000,9999.000,9999.000,9999.000,9999.000,9999.000
202605290724,   0.753,9999.000,9999.000,9999.000,9999.000,9999.000,9999.000,9999.000,9999.000
202605290730,   0.840,9999.000,9999.000,9999.000,9999.000,9999.000,9999.000,9999.000,9999.000
202605290736,   0.934,9999.000,9999.000,9999.000,9999.000,9999.000,9999.000,9999.000,9999.000
202605290742,   1.034,9999.000,9999.000,9999.000,9999.000,9999.000,9999.000,9999.000,9999.000
202605290748,   1.141,9999.000,9999.000,9999.000,9999.000,9999.000,9999.000,9999.000,9999.000
202605290754,   1.254,9999.000,9999.000,9999.000,9999.000,9999.000,9999.000,9999.000,9999.000
202605290800,   1.373,9999.000,   0.300,   0.447,   2.120,   0.100,   1.920,   0.500,   2.320
202605290806,   1.497,9999.000,9999.000,9999.000,9999.000,9999.000,9999.000,9999.000,9999.000
202605290812,   1.627,9999.000,9999.000,9999.000,9999.000,9999.000,9999.000,9999.000,9999.000
202605290818,   1.762,9999.000,9999.000,9999.000,9999.000,9999.000,9999.000,9999.000,9999.000
202605290824,   1.901,9999.000,9999.000,9999.000,9999.000,9999.000,9999.000,9999.000,9999.000
202605290830,   2.044,9999.000,9999.000,9999.000,9999.000,9999.000,9999.000,9999.000,9999.000
202605290836,   2.192,9999.000,9999.000,9999.000,9999.000,9999.000,9999.000,9999.000,9999.000
202605290842,   2.342,9999.000,9999.000,9999.000,9999.000,9999.000,9999.000,9999.000,9999.000
202605290848,   2.496,9999.000,9999.000,9999.000,9999.000,9999.000,9999.000,9999.000,9999.000
202605290854,   2.653,9999.000,9999.000,9999.000,9999.000,9999.000,9999.000,9999.000,9999.000
202605290900,   2.812,9999.000,   0.400,   0.729,   3.941,   0.200,   3.741,   0.500,   4.041
202605290906,   2.972,9999.000,9999.000,9999.000,9999.000,9999.000,9999.000,9999.000,9999.000
202605290912,   3.134,9999.000,9999.000,9999.000,9999.000,9999.000,9999.000,9999.000,9999.000
202605290918,   3.296,9999.000,9999.000,9999.000,9999.000,9999.000,9999.000,9999.000,9999.000
202605290924,   3.459,9999.000,9999.000,9999.000,9999.000,9999.000,9999.000,9999.000,9999.000
202605290930,   3.621,9999.000,9999.000,9999.000,9999.000,9999.000,9999.000,9999.000,9999.000
202605290936,   3.782,9999.000,9999.000,9999.000,9999.000,9999.000,9999.000,9999.000,9999.000
202605290942,   3.941,9999.000,9999.000,9999.000,9999.000,9999.000,9999.000,9999.000,9999.000
202605290948,   4.099,9999.000,9999.000,9999.000,9999.000,9999.000,9999.000,9999.000,9999.000
202605290954,   4.254,9999.000,9999.000,9999.000,9999.000,9999.000,9999.000,9999.000,9999.000
202605291000,   4.406,9999.000,   0.400,   0.735,   5.541,   0.200,   5.341,   0.500,   5.641
202605291006,   4.554,9999.000,9999.000,9999.000,9999.000,9999.000,9999.000,9999.000,9999.000
202605291012,   4.698,9999.000,9999.000,9999.000,9999.000,9999.000,9999.000,9999.000,9999.000
202605291018,   4.838,9999.000,9999.000,9999.000,9999.000,9999.000,9999.000,9999.000,9999.000
202605291024,   4.972,9999.000,9999.000,9999.000,9999.000,9999.000,9999.000,9999.000,9999.000
202605291030,   5.101,9999.000,9999.000,9999.000,9999.000,9999.000,9999.000,9999.000,9999.000
202605291036,   5.223,9999.000,9999.000,9999.000,9999.000,9999.000,9999.000,9999.000,9999.000
202605291042,   5.340,9999.000,9999.000,9999.000,9999.000,9999.000,9999.000,9999.000,9999.000
202605291048,   5.449,9999.000,9999.000,9999.000,9999.000,9999.000,9999.000,9999.000,9999.000
202605291054,   5.551,9999.000,9999.000,9999.000,9999.000,9999.000,9999.000,9999.000,9999.000
202605291100,   5.646,9999.000,   0.400,   0.460,   6.506,   0.300,   6.406,   0.600,   6.706
202605291106,   5.732,9999.000,9999.000,9999.000,9999.000,9999.000,9999.000,9999.000,9999.000
202605291112,   5.811,9999.000,9999.000,9999.000,9999.000,9999.000,9999.000,9999.000,9999.000
202605291118,   5.882,9999.000,9999.000,9999.000,9999.000,9999.000,9999.000,9999.000,9999.000
202605291124,   5.944,9999.000,9999.000,9999.000,9999.000,9999.000,9999.000,9999.000,9999.000
202605291130,   5.997,9999.000,9999.000,9999.000,9999.000,9999.000,9999.000,9999.000,9999.000
202605291136,   6.041,9999.000,9999.000,9999.000,9999.000,9999.000,9999.000,9999.000,9999.000
202605291142,   6.077,9999.000,9999.000,9999.000,9999.000,9999.000,9999.000,9999.000,9999.000
202605291148,   6.104,9999.000,9999.000,9999.000,9999.000,9999.000,9999.000,9999.000,9999.000
202605291154,   6.121,9999.000,9999.000,9999.000,9999.000,9999.000,9999.000,9999.000,9999.000
202605291200,   6.130,9999.000,   0.500,  -0.056,   6.574,   0.300,   6.374,   0.600,   6.674
202605291206,   6.130,9999.000,9999.000,9999.000,9999.000,9999.000,9999.000,9999.000,9999.000
202605291212,   6.120,9999.000,9999.000,9999.000,9999.000,9999.000,9999.000,9999.000,9999.000
202605291218,   6.102,9999.000,9999.000,9999.000,9999.000,9999.000,9999.000,9999.000,9999.000
202605291224,   6.076,9999.000,9999.000,9999.000,9999.000,9999.000,9999.000,9999.000,9999.000
202605291230,   6.041,9999.000,9999.000,9999.000,9999.000,9999.000,9999.000,9999.000,9999.000
202605291236,   5.997,9999.000,9999.000,9999.000,9999.000,9999.000,9999.000,9999.000,9999.000
202605291242,   5.945,9999.000,9999.000,9999.000,9999.000,9999.000,9999.000,9999.000,9999.000
202605291248,   5.886,9999.000,9999.000,9999.000,9999.000,9999.000,9999.000,9999.000,9999.000
202605291254,   5.819,9999.000,9999.000,9999.000,9999.000,9999.000,9999.000,9999.000,9999.000
202605291300,   5.744,9999.000,   0.500,  -0.660,   5.584,   0.300,   5.384,   0.600,   5.684
202605291306,   5.663,9999.000,9999.000,9999.000,9999.000,9999.000,9999.000,9999.000,9999.000
202605291312,   5.575,9999.000,9999.000,9999.000,9999.000,9999.000,9999.000,9999.000,9999.000
202605291318,   5.481,9999.000,9999.000,9999.000,9999.000,9999.000,9999.000,9999.000,9999.000
202605291324,   5.381,9999.000,9999.000,9999.000,9999.000,9999.000,9999.000,9999.000,9999.000
202605291330,   5.275,9999.000,9999.000,9999.000,9999.000,9999.000,9999.000,9999.000,9999.000
202605291336,   5.165,9999.000,9999.000,9999.000,9999.000,9999.000,9999.000,9999.000,9999.000
202605291342,   5.050,9999.000,9999.000,9999.000,9999.000,9999.000,9999.000,9999.000,9999.000
202605291348,   4.930,9999.000,9999.000,9999.000,9999.000,9999.000,9999.000,9999.000,9999.000
202605291354,   4.807,9999.000,9999.000,9999.000,9999.000,9999.000,9999.000,9999.000,9999.000
202605291400,   4.680,9999.000,   0.500,  -1.184,   3.996,   0.300,   3.796,   0.600,   4.096
202605291406,   4.550,9999.000,9999.000,9999.000,9999.000,9999.000,9999.000,9999.000,9999.000
202605291412,   4.418,9999.000,9999.000,9999.000,9999.000,9999.000,9999.000,9999.000,9999.000
202605291418,   4.283,9999.000,9999.000,9999.000,9999.000,9999.000,9999.000,9999.000,9999.000
202605291424,   4.146,9999.000,9999.000,9999.000,9999.000,9999.000,9999.000,9999.000,9999.000
202605291430,   4.007,9999.000,9999.000,9999.000,9999.000,9999.000,9999.000,9999.000,9999.000
202605291436,   3.867,9999.000,9999.000,9999.000,9999.000,9999.000,9999.000,9999.000,9999.000
202605291442,   3.726,9999.000,9999.000,9999.000,9999.000,9999.000,9999.000,9999.000,9999.000
202605291448,   3.584,9999.000,9999.000,9999.000,9999.000,9999.000,9999.000,9999.000,9999.000
202605291454,   3.442,9999.000,9999.000,9999.000,9999.000,9999.000,9999.000,9999.000,9999.000
202605291500,   3.299,9999.000,   0.500,  -1.544,   2.255,   0.300,   2.055,   0.600,   2.355
202605291506,   3.156,9999.000,9999.000,9999.000,9999.000,9999.000,9999.000,9999.000,9999.000
202605291512,   3.014,9999.000,9999.000,9999.000,9999.000,9999.000,9999.000,9999.000,9999.000
202605291518,   2.872,9999.000,9999.000,9999.000,9999.000,9999.000,9999.000,9999.000,9999.000
202605291524,   2.730,9999.000,9999.000,9999.000,9999.000,9999.000,9999.000,9999.000,9999.000
202605291530,   2.590,9999.000,9999.000,9999.000,9999.000,9999.000,9999.000,9999.000,9999.000
202605291536,   2.450,9999.000,9999.000,9999.000,9999.000,9999.000,9999.000,9999.000,9999.000
202605291542,   2.312,9999.000,9999.000,9999.000,9999.000,9999.000,9999.000,9999.000,9999.000
202605291548,   2.176,9999.000,9999.000,9999.000,9999.000,9999.000,9999.000,9999.000,9999.000
202605291554,   2.042,9999.000,9999.000,9999.000,9999.000,9999.000,9999.000,9999.000,9999.000
202605291600,   1.909,9999.000,   0.500,  -1.677,   0.732,   0.400,   0.632,   0.700,   0.932
202605291606,   1.779,9999.000,9999.000,9999.000,9999.000,9999.000,9999.000,9999.000,9999.000
202605291612,   1.652,9999.000,9999.000,9999.000,9999.000,9999.000,9999.000,9999.000,9999.000
202605291618,   1.529,9999.000,9999.000,9999.000,9999.000,9999.000,9999.000,9999.000,9999.000
202605291624,   1.408,9999.000,9999.000,9999.000,9999.000,9999.000,9999.000,9999.000,9999.000
202605291630,   1.291,9999.000,9999.000,9999.000,9999.000,9999.000,9999.000,9999.000,9999.000
202605291636,   1.179,9999.000,9999.000,9999.000,9999.000,9999.000,9999.000,9999.000,9999.000
202605291642,   1.071,9999.000,9999.000,9999.000,9999.000,9999.000,9999.000,9999.000,9999.000
202605291648,   0.967,9999.000,9999.000,9999.000,9999.000,9999.000,9999.000,9999.000,9999.000
202605291654,   0.869,9999.000,9999.000,9999.000,9999.000,9999.000,9999.000,9999.000,9999.000
202605291700,   0.776,9999.000,   0.600,  -1.479,  -0.103,   0.400,  -0.303,   0.700,  -0.003
202605291706,   0.690,9999.000,9999.000,9999.000,9999.000,9999.000,9999.000,9999.000,9999.000
202605291712,   0.609,9999.000,9999.000,9999.000,9999.000,9999.000,9999.000,9999.000,9999.000
202605291718,   0.535,9999.000,9999.000,9999.000,9999.000,9999.000,9999.000,9999.000,9999.000
202605291724,   0.467,9999.000,9999.000,9999.000,9999.000,9999.000,9999.000,9999.000,9999.000
202605291730,   0.407,9999.000,9999.000,9999.000,9999.000,9999.000,9999.000,9999.000,9999.000
202605291736,   0.354,9999.000,9999.000,9999.000,9999.000,9999.000,9999.000,9999.000,9999.000
202605291742,   0.308,9999.000,9999.000,9999.000,9999.000,9999.000,9999.000,9999.000,9999.000
202605291748,   0.270,9999.000,9999.000,9999.000,9999.000,9999.000,9999.000,9999.000,9999.000
202605291754,   0.240,9999.000,9999.000,9999.000,9999.000,9999.000,9999.000,9999.000,9999.000
202605291800,   0.217,9999.000,   0.600,  -0.928,  -0.111,   0.500,  -0.211,   0.800,   0.089
202605291806,   0.203,9999.000,9999.000,9999.000,9999.000,9999.000,9999.000,9999.000,9999.000
202605291812,   0.197,9999.000,9999.000,9999.000,9999.000,9999.000,9999.000,9999.000,9999.000
202605291818,   0.199,9999.000,9999.000,9999.000,9999.000,9999.000,9999.000,9999.000,9999.000
202605291824,   0.210,9999.000,9999.000,9999.000,9999.000,9999.000,9999.000,9999.000,9999.000
202605291830,   0.229,9999.000,9999.000,9999.000,9999.000,9999.000,9999.000,9999.000,9999.000
202605291836,   0.255,9999.000,9999.000,9999.000,9999.000,9999.000,9999.000,9999.000,9999.000
202605291842,   0.290,9999.000,9999.000,9999.000,9999.000,9999.000,9999.000,9999.000,9999.000
202605291848,   0.333,9999.000,9999.000,9999.000,9999.000,9999.000,9999.000,9999.000,9999.000
202605291854,   0.384,9999.000,9999.000,9999.000,9999.000,9999.000,9999.000,9999.000,9999.000
202605291900,   0.443,9999.000,   0.700,  -0.201,   0.942,   0.500,   0.742,   0.800,   1.042
202605291906,   0.510,9999.000,9999.000,9999.000,9999.000,9999.000,9999.000,9999.000,9999.000
202605291912,   0.584,9999.000,9999.000,9999.000,9999.000,9999.000,9999.000,9999.000,9999.000
202605291918,   0.665,9999.000,9999.000,9999.000,9999.000,9999.000,9999.000,9999.000,9999.000
202605291924,   0.753,9999.000,9999.000,9999.000,9999.000,9999.000,9999.000,9999.000,9999.000
202605291930,   0.849,9999.000,9999.000,9999.000,9999.000,9999.000,9999.000,9999.000,9999.000
202605291936,   0.951,9999.000,9999.000,9999.000,9999.000,9999.000,9999.000,9999.000,9999.000
202605291942,   1.060,9999.000,9999.000,9999.000,9999.000,9999.000,9999.000,9999.000,9999.000
202605291948,   1.175,9999.000,9999.000,9999.000,9999.000,9999.000,9999.000,9999.000,9999.000
202605291954,   1.296,9999.000,9999.000,9999.000,9999.000,9999.000,9999.000,9999.000,9999.000
202605292000,   1.423,9999.000,   0.700,   0.445,   2.568,   0.600,   2.468,   1.000,   2.868
202605292006,   1.556,9999.000,9999.000,9999.000,9999.000,9999.000,9999.000,9999.000,9999.000
202605292012,   1.694,9999.000,9999.000,9999.000,9999.000,9999.000,9999.000,9999.000,9999.000
202605292018,   1.837,9999.000,9999.000,9999.000,9999.000,9999.000,9999.000,9999.000,9999.000
202605292024,   1.985,9999.000,9999.000,9999.000,9999.000,9999.000,9999.000,9999.000,9999.000
202605292030,   2.137,9999.000,9999.000,9999.000,9999.000,9999.000,9999.000,9999.000,9999.000
202605292036,   2.294,9999.000,9999.000,9999.000,9999.000,9999.000,9999.000,9999.000,9999.000
202605292042,   2.454,9999.000,9999.000,9999.000,9999.000,9999.000,9999.000,9999.000,9999.000
202605292048,   2.618,9999.000,9999.000,9999.000,9999.000,9999.000,9999.000,9999.000,9999.000
202605292054,   2.785,9999.000,9999.000,9999.000,9999.000,9999.000,9999.000,9999.000,9999.000
202605292100,   2.955,9999.000,   0.800,   0.848,   4.603,   0.600,   4.403,   1.000,   4.803
202605292106,   3.128,9999.000,9999.000,9999.000,9999.000,9999.000,9999.000,9999.000,9999.000
202605292112,   3.302,9999.000,9999.000,9999.000,9999.000,9999.000,9999.000,9999.000,9999.000
202605292118,   3.478,9999.000,9999.000,9999.000,9999.000,9999.000,9999.000,9999.000,9999.000
202605292124,   3.655,9999.000,9999.000,9999.000,9999.000,9999.000,9999.000,9999.000,9999.000
202605292130,   3.833,9999.000,9999.000,9999.000,9999.000,9999.000,9999.000,9999.000,9999.000
202605292136,   4.011,9999.000,9999.000,9999.000,9999.000,9999.000,9999.000,9999.000,9999.000
202605292142,   4.188,9999.000,9999.000,9999.000,9999.000,9999.000,9999.000,9999.000,9999.000
202605292148,   4.366,9999.000,9999.000,9999.000,9999.000,9999.000,9999.000,9999.000,9999.000
202605292154,   4.541,9999.000,9999.000,9999.000,9999.000,9999.000,9999.000,9999.000,9999.000
202605292200,   4.716,9999.000,   0.800,   0.929,   6.445,   0.600,   6.245,   1.000,   6.645
202605292206,   4.888,9999.000,9999.000,9999.000,9999.000,9999.000,9999.000,9999.000,9999.000
202605292212,   5.057,9999.000,9999.000,9999.000,9999.000,9999.000,9999.000,9999.000,9999.000
202605292218,   5.223,9999.000,9999.000,9999.000,9999.000,9999.000,9999.000,9999.000,9999.000
202605292224,   5.386,9999.000,9999.000,9999.000,9999.000,9999.000,9999.000,9999.000,9999.000
202605292230,   5.544,9999.000,9999.000,9999.000,9999.000,9999.000,9999.000,9999.000,9999.000
202605292236,   5.698,9999.000,9999.000,9999.000,9999.000,9999.000,9999.000,9999.000,9999.000
202605292242,   5.847,9999.000,9999.000,9999.000,9999.000,9999.000,9999.000,9999.000,9999.000
202605292248,   5.991,9999.000,9999.000,9999.000,9999.000,9999.000,9999.000,9999.000,9999.000
202605292254,   6.128,9999.000,9999.000,9999.000,9999.000,9999.000,9999.000,9999.000,9999.000
202605292300,   6.260,9999.000,   0.800,   0.650,   7.710,   0.700,   7.610,   1.100,   8.010
202605292306,   6.385,9999.000,9999.000,9999.000,9999.000,9999.000,9999.000,9999.000,9999.000
202605292312,   6.504,9999.000,9999.000,9999.000,9999.000,9999.000,9999.000,9999.000,9999.000
202605292318,   6.615,9999.000,9999.000,9999.000,9999.000,9999.000,9999.000,9999.000,9999.000
202605292324,   6.719,9999.000,9999.000,9999.000,9999.000,9999.000,9999.000,9999.000,9999.000
202605292330,   6.815,9999.000,9999.000,9999.000,9999.000,9999.000,9999.000,9999.000,9999.000
202605292336,   6.903,9999.000,9999.000,9999.000,9999.000,9999.000,9999.000,9999.000,9999.000
202605292342,   6.983,9999.000,9999.000,9999.000,9999.000,9999.000,9999.000,9999.000,9999.000
202605292348,   7.055,9999.000,9999.000,9999.000,9999.000,9999.000,9999.000,9999.000,9999.000
202605292354,   7.119,9999.000,9999.000,9999.000,9999.000,9999.000,9999.000,9999.000,9999.000
202605300000,   7.174,9999.000,   0.900,   0.077,   8.151,   0.700,   7.951,   1.100,   8.351
202605300006,   7.220,9999.000,9999.000,9999.000,9999.000,9999.000,9999.000,9999.000,9999.000
202605300012,   7.258,9999.000,9999.000,9999.000,9999.000,9999.000,9999.000,9999.000,9999.000
202605300018,   7.287,9999.000,9999.000,9999.000,9999.000,9999.000,9999.000,9999.000,9999.000
202605300024,   7.307,9999.000,9999.000,9999.000,9999.000,9999.000,9999.000,9999.000,9999.000
202605300030,   7.319,9999.000,9999.000,9999.000,9999.000,9999.000,9999.000,9999.000,9999.000
202605300036,   7.321,9999.000,9999.000,9999.000,9999.000,9999.000,9999.000,9999.000,9999.000
202605300042,   7.315,9999.000,9999.000,9999.000,9999.000,9999.000,9999.000,9999.000,9999.000
202605300048,   7.300,9999.000,9999.000,9999.000,9999.000,9999.000,9999.000,9999.000,9999.000
202605300054,   7.277,9999.000,9999.000,9999.000,9999.000,9999.000,9999.000,9999.000,9999.000
202605300100,   7.245,9999.000,   0.900,  -0.582,   7.563,   0.700,   7.363,   1.200,   7.863
202605300106,   7.204,9999.000,9999.000,9999.000,9999.000,9999.000,9999.000,9999.000,9999.000
202605300112,   7.156,9999.000,9999.000,9999.000,9999.000,9999.000,9999.000,9999.000,9999.000
202605300118,   7.099,9999.000,9999.000,9999.000,9999.000,9999.000,9999.000,9999.000,9999.000
202605300124,   7.035,9999.000,9999.000,9999.000,9999.000,9999.000,9999.000,9999.000,9999.000
202605300130,   6.963,9999.000,9999.000,9999.000,9999.000,9999.000,9999.000,9999.000,9999.000
202605300136,   6.883,9999.000,9999.000,9999.000,9999.000,9999.000,9999.000,9999.000,9999.000
202605300142,   6.797,9999.000,9999.000,9999.000,9999.000,9999.000,9999.000,9999.000,9999.000
202605300148,   6.703,9999.000,9999.000,9999.000,9999.000,9999.000,9999.000,9999.000,9999.000
202605300154,   6.604,9999.000,9999.000,9999.000,9999.000,9999.000,9999.000,9999.000,9999.000
202605300200,   6.498,9999.000,   0.900,  -1.146,   6.252,   0.600,   5.952,   1.200,   6.552
202605300206,   6.386,9999.000,9999.000,9999.000,9999.000,9999.000,9999.000,9999.000,9999.000
202605300212,   6.269,9999.000,9999.000,9999.000,9999.000,9999.000,9999.000,9999.000,9999.000
202605300218,   6.146,9999.000,9999.000,9999.000,9999.000,9999.000,9999.000,9999.000,9999.000
202605300224,   6.018,9999.000,9999.000,9999.000,9999.000,9999.000,9999.000,9999.000,9999.000
202605300230,   5.886,9999.000,9999.000,9999.000,9999.000,9999.000,9999.000,9999.000,9999.000
202605300236,   5.750,9999.000,9999.000,9999.000,9999.000,9999.000,9999.000,9999.000,9999.000
202605300242,   5.610,9999.000,9999.000,9999.000,9999.000,9999.000,9999.000,9999.000,9999.000
202605300248,   5.466,9999.000,9999.000,9999.000,9999.000,9999.000,9999.000,9999.000,9999.000
202605300254,   5.318,9999.000,9999.000,9999.000,9999.000,9999.000,9999.000,9999.000,9999.000
202605300300,   5.168,9999.000,   0.900,  -1.566,   4.502,   0.600,   4.202,   1.200,   4.802
202605300306,   5.015,9999.000,9999.000,9999.000,9999.000,9999.000,9999.000,9999.000,9999.000
202605300312,   4.859,9999.000,9999.000,9999.000,9999.000,9999.000,9999.000,9999.000,9999.000
202605300318,   4.701,9999.000,9999.000,9999.000,9999.000,9999.000,9999.000,9999.000,9999.000
202605300324,   4.541,9999.000,9999.000,9999.000,9999.000,9999.000,9999.000,9999.000,9999.000
202605300330,   4.380,9999.000,9999.000,9999.000,9999.000,9999.000,9999.000,9999.000,9999.000
202605300336,   4.216,9999.000,9999.000,9999.000,9999.000,9999.000,9999.000,9999.000,9999.000
202605300342,   4.052,9999.000,9999.000,9999.000,9999.000,9999.000,9999.000,9999.000,9999.000
202605300348,   3.887,9999.000,9999.000,9999.000,9999.000,9999.000,9999.000,9999.000,9999.000
202605300354,   3.721,9999.000,9999.000,9999.000,9999.000,9999.000,9999.000,9999.000,9999.000
202605300400,   3.555,9999.000,   0.900,  -1.817,   2.638,   0.600,   2.338,   1.200,   2.938
202605300406,   3.388,9999.000,9999.000,9999.000,9999.000,9999.000,9999.000,9999.000,9999.000
202605300412,   3.223,9999.000,9999.000,9999.000,9999.000,9999.000,9999.000,9999.000,9999.000
202605300418,   3.057,9999.000,9999.000,9999.000,9999.000,9999.000,9999.000,9999.000,9999.000
202605300424,   2.893,9999.000,9999.000,9999.000,9999.000,9999.000,9999.000,9999.000,9999.000
202605300430,   2.730,9999.000,9999.000,9999.000,9999.000,9999.000,9999.000,9999.000,9999.000
202605300436,   2.569,9999.000,9999.000,9999.000,9999.000,9999.000,9999.000,9999.000,9999.000
202605300442,   2.410,9999.000,9999.000,9999.000,9999.000,9999.000,9999.000,9999.000,9999.000
202605300448,   2.254,9999.000,9999.000,9999.000,9999.000,9999.000,9999.000,9999.000,9999.000
202605300454,   2.100,9999.000,9999.000,9999.000,9999.000,9999.000,9999.000,9999.000,9999.000
202605300500,   1.950,9999.000,   0.800,  -0.459,   2.291,   0.600,   2.091,   1.200,   2.691
202605300506,   1.804,9999.000,9999.000,9999.000,9999.000,9999.000,9999.000,9999.000,9999.000
202605300512,   1.663,9999.000,9999.000,9999.000,9999.000,9999.000,9999.000,9999.000,9999.000
202605300518,   1.526,9999.000,9999.000,9999.000,9999.000,9999.000,9999.000,9999.000,9999.000
202605300524,   1.394,9999.000,9999.000,9999.000,9999.000,9999.000,9999.000,9999.000,9999.000
202605300530,   1.268,9999.000,9999.000,9999.000,9999.000,9999.000,9999.000,9999.000,9999.000
202605300536,   1.148,9999.000,9999.000,9999.000,9999.000,9999.000,9999.000,9999.000,9999.000
202605300542,   1.034,9999.000,9999.000,9999.000,9999.000,9999.000,9999.000,9999.000,9999.000
202605300548,   0.927,9999.000,9999.000,9999.000,9999.000,9999.000,9999.000,9999.000,9999.000
202605300554,   0.827,9999.000,9999.000,9999.000,9999.000,9999.000,9999.000,9999.000,9999.000
202605300600,   0.735,9999.000,   0.800,  -0.459,   1.076,   0.500,   0.776,   1.100,   1.376
