        TIME,    TIDE,      OB,   SURGE,    BIAS,     TWL,SURGE90p,  TWL90p,SURGE10p,   TWL10p
202607140600,   0.355,9999.000,   0.500,9999.000,   0.855,   0.500,   0.855,   0.500,   0.855
202607140606,   0.345,9999.000,9999.000,9999.000,9999.000,9999.000,9999.000,9999.000,9999.000
202607140612,   0.336,9999.000,9999.000,9999.000,9999.000,9999.000,9999.000,9999.000,9999.000
202607140618,   0.327,9999.000,9999.000,9999.000,9999.000,9999.000,9999.000,9999.000,9999.000
202607140624,   0.319,9999.000,9999.000,9999.000,9999.000,9999.000,9999.000,9999.000,9999.000
202607140630,   0.312,9999.000,9999.000,9999.000,9999.000,9999.000,9999.000,9999.000,9999.000
202607140636,   0.305,9999.000,9999.000,9999.000,9999.000,9999.000,9999.000,9999.000,9999.000
202607140642,   0.299,9999.000,9999.000,9999.000,9999.000,9999.000,9999.000,9999.000,9999.000
202607140648,   0.294,9999.000,9999.000,9999.000,9999.000,9999.000,9999.000,9999.000,9999.000
202607140654,   0.290,9999.000,9999.000,9999.000,9999.000,9999.000,9999.000,9999.000,9999.000
202607140700,   0.286,   0.678,   0.500,  -0.108,   0.678,   0.500,   0.678,   0.500,   0.678
202607140706,   0.284,   0.688,9999.000,9999.000,9999.000,9999.000,9999.000,9999.000,9999.000
202607140712,   0.282,   0.698,9999.000,9999.000,9999.000,9999.000,9999.000,9999.000,9999.000
202607140718,   0.282,   0.718,9999.000,9999.000,9999.000,9999.000,9999.000,9999.000,9999.000
202607140724,   0.282,   0.731,9999.000,9999.000,9999.000,9999.000,9999.000,9999.000,9999.000
202607140730,   0.284,   0.741,9999.000,9999.000,9999.000,9999.000,9999.000,9999.000,9999.000
202607140736,   0.287,   0.751,9999.000,9999.000,9999.000,9999.000,9999.000,9999.000,9999.000
202607140742,   0.292,   0.751,9999.000,9999.000,9999.000,9999.000,9999.000,9999.000,9999.000
202607140748,   0.297,   0.760,9999.000,9999.000,9999.000,9999.000,9999.000,9999.000,9999.000
202607140754,   0.304,   0.760,9999.000,9999.000,9999.000,9999.000,9999.000,9999.000,9999.000
202607140800,   0.312,   0.770,   0.500,  -0.042,   0.770,   0.500,   0.770,   0.500,   0.770
202607140806,   0.322,   0.770,9999.000,9999.000,9999.000,9999.000,9999.000,9999.000,9999.000
202607140812,   0.333,   0.780,9999.000,9999.000,9999.000,9999.000,9999.000,9999.000,9999.000
202607140818,   0.346,   0.800,9999.000,9999.000,9999.000,9999.000,9999.000,9999.000,9999.000
202607140824,   0.360,   0.810,9999.000,9999.000,9999.000,9999.000,9999.000,9999.000,9999.000
202607140830,   0.375,   0.810,9999.000,9999.000,9999.000,9999.000,9999.000,9999.000,9999.000
202607140836,   0.392,   0.810,9999.000,9999.000,9999.000,9999.000,9999.000,9999.000,9999.000
202607140842,   0.410,   0.829,9999.000,9999.000,9999.000,9999.000,9999.000,9999.000,9999.000
202607140848,   0.429,   0.849,9999.000,9999.000,9999.000,9999.000,9999.000,9999.000,9999.000
202607140854,   0.449,   0.869,9999.000,9999.000,9999.000,9999.000,9999.000,9999.000,9999.000
202607140900,   0.470,   0.898,   0.500,  -0.072,   0.898,   0.500,   0.898,   0.500,   0.898
202607140906,   0.492,   0.918,9999.000,9999.000,9999.000,9999.000,9999.000,9999.000,9999.000
202607140912,   0.515,   0.951,9999.000,9999.000,9999.000,9999.000,9999.000,9999.000,9999.000
202607140918,   0.539,   0.961,9999.000,9999.000,9999.000,9999.000,9999.000,9999.000,9999.000
202607140924,   0.563,   0.990,9999.000,9999.000,9999.000,9999.000,9999.000,9999.000,9999.000
202607140930,   0.587,   1.020,9999.000,9999.000,9999.000,9999.000,9999.000,9999.000,9999.000
202607140936,   0.612,   1.039,9999.000,9999.000,9999.000,9999.000,9999.000,9999.000,9999.000
202607140942,   0.637,   1.118,9999.000,9999.000,9999.000,9999.000,9999.000,9999.000,9999.000
202607140948,   0.662,   1.161,9999.000,9999.000,9999.000,9999.000,9999.000,9999.000,9999.000
202607140954,   0.687,   1.180,9999.000,9999.000,9999.000,9999.000,9999.000,9999.000,9999.000
202607141000,   0.711,   1.200,   0.500,  -0.011,   1.200,   0.500,   1.200,   0.500,   1.200
202607141006,   0.735,   1.220,9999.000,9999.000,9999.000,9999.000,9999.000,9999.000,9999.000
202607141012,   0.759,   1.259,9999.000,9999.000,9999.000,9999.000,9999.000,9999.000,9999.000
202607141018,   0.781,   1.289,9999.000,9999.000,9999.000,9999.000,9999.000,9999.000,9999.000
202607141024,   0.803,   1.279,9999.000,9999.000,9999.000,9999.000,9999.000,9999.000,9999.000
202607141030,   0.824,   1.289,9999.000,9999.000,9999.000,9999.000,9999.000,9999.000,9999.000
202607141036,   0.844,   1.308,9999.000,9999.000,9999.000,9999.000,9999.000,9999.000,9999.000
202607141042,   0.864,   1.318,9999.000,9999.000,9999.000,9999.000,9999.000,9999.000,9999.000
202607141048,   0.882,   1.318,9999.000,9999.000,9999.000,9999.000,9999.000,9999.000,9999.000
202607141054,   0.899,   1.328,9999.000,9999.000,9999.000,9999.000,9999.000,9999.000,9999.000
202607141100,   0.915,   1.361,   0.500,  -0.054,   1.361,   0.500,   1.361,   0.500,   1.361
202607141106,   0.929,   1.338,9999.000,9999.000,9999.000,9999.000,9999.000,9999.000,9999.000
202607141112,   0.943,   1.361,9999.000,9999.000,9999.000,9999.000,9999.000,9999.000,9999.000
202607141118,   0.955,   1.371,9999.000,9999.000,9999.000,9999.000,9999.000,9999.000,9999.000
202607141124,   0.966,   1.380,9999.000,9999.000,9999.000,9999.000,9999.000,9999.000,9999.000
202607141130,   0.976,   1.390,9999.000,9999.000,9999.000,9999.000,9999.000,9999.000,9999.000
202607141136,   0.985,   1.390,9999.000,9999.000,9999.000,9999.000,9999.000,9999.000,9999.000
202607141142,   0.993,   1.400,9999.000,9999.000,9999.000,9999.000,9999.000,9999.000,9999.000
202607141148,   0.999,   1.410,9999.000,9999.000,9999.000,9999.000,9999.000,9999.000,9999.000
202607141154,   1.004,   1.400,9999.000,9999.000,9999.000,9999.000,9999.000,9999.000,9999.000
202607141200,   1.009,   1.390,   0.400,  -0.019,   1.390,   0.400,   1.390,   0.500,   1.490
202607141206,   1.011,   1.400,9999.000,9999.000,9999.000,9999.000,9999.000,9999.000,9999.000
202607141212,   1.013,   1.400,9999.000,9999.000,9999.000,9999.000,9999.000,9999.000,9999.000
202607141218,   1.014,   1.390,9999.000,9999.000,9999.000,9999.000,9999.000,9999.000,9999.000
202607141224,   1.013,   1.371,9999.000,9999.000,9999.000,9999.000,9999.000,9999.000,9999.000
202607141230,   1.012,   1.361,9999.000,9999.000,9999.000,9999.000,9999.000,9999.000,9999.000
202607141236,   1.009,   1.361,9999.000,9999.000,9999.000,9999.000,9999.000,9999.000,9999.000
202607141242,   1.004,   1.348,9999.000,9999.000,9999.000,9999.000,9999.000,9999.000,9999.000
202607141248,   0.999,   1.338,9999.000,9999.000,9999.000,9999.000,9999.000,9999.000,9999.000
202607141254,   0.992,   1.328,9999.000,9999.000,9999.000,9999.000,9999.000,9999.000,9999.000
202607141300,   0.984,   1.318,   0.400,  -0.066,   1.318,   0.400,   1.318,   0.500,   1.418
202607141306,   0.975,   1.328,9999.000,9999.000,9999.000,9999.000,9999.000,9999.000,9999.000
202607141312,   0.965,   1.298,9999.000,9999.000,9999.000,9999.000,9999.000,9999.000,9999.000
202607141318,   0.953,   1.279,9999.000,9999.000,9999.000,9999.000,9999.000,9999.000,9999.000
202607141324,   0.941,   1.269,9999.000,9999.000,9999.000,9999.000,9999.000,9999.000,9999.000
202607141330,   0.926,   1.259,9999.000,9999.000,9999.000,9999.000,9999.000,9999.000,9999.000
202607141336,   0.911,   1.249,9999.000,9999.000,9999.000,9999.000,9999.000,9999.000,9999.000
202607141342,   0.895,   1.229,9999.000,9999.000,9999.000,9999.000,9999.000,9999.000,9999.000
202607141348,   0.877,   1.210,9999.000,9999.000,9999.000,9999.000,9999.000,9999.000,9999.000
202607141354,   0.859,   1.190,9999.000,9999.000,9999.000,9999.000,9999.000,9999.000,9999.000
202607141400,   0.839,   1.190,   0.400,  -0.049,   1.190,   0.400,   1.190,   0.500,   1.290
202607141406,   0.819,   1.170,9999.000,9999.000,9999.000,9999.000,9999.000,9999.000,9999.000
202607141412,   0.798,   1.161,9999.000,9999.000,9999.000,9999.000,9999.000,9999.000,9999.000
202607141418,   0.776,   1.151,9999.000,9999.000,9999.000,9999.000,9999.000,9999.000,9999.000
202607141424,   0.754,   1.151,9999.000,9999.000,9999.000,9999.000,9999.000,9999.000,9999.000
202607141430,   0.731,   1.118,9999.000,9999.000,9999.000,9999.000,9999.000,9999.000,9999.000
202607141436,   0.707,   1.079,9999.000,9999.000,9999.000,9999.000,9999.000,9999.000,9999.000
202607141442,   0.684,   1.049,9999.000,9999.000,9999.000,9999.000,9999.000,9999.000,9999.000
202607141448,   0.660,   0.990,9999.000,9999.000,9999.000,9999.000,9999.000,9999.000,9999.000
202607141454,   0.636,   0.980,9999.000,9999.000,9999.000,9999.000,9999.000,9999.000,9999.000
202607141500,   0.612,   0.941,   0.400,  -0.071,   0.941,   0.400,   0.941,   0.400,   0.941
202607141506,   0.588,   0.898,9999.000,9999.000,9999.000,9999.000,9999.000,9999.000,9999.000
202607141512,   0.564,   0.849,9999.000,9999.000,9999.000,9999.000,9999.000,9999.000,9999.000
202607141518,   0.541,   0.819,9999.000,9999.000,9999.000,9999.000,9999.000,9999.000,9999.000
202607141524,   0.518,   0.780,9999.000,9999.000,9999.000,9999.000,9999.000,9999.000,9999.000
202607141530,   0.496,   0.741,9999.000,9999.000,9999.000,9999.000,9999.000,9999.000,9999.000
202607141536,   0.474,   0.708,9999.000,9999.000,9999.000,9999.000,9999.000,9999.000,9999.000
202607141542,   0.452,   0.678,9999.000,9999.000,9999.000,9999.000,9999.000,9999.000,9999.000
202607141548,   0.432,   0.629,9999.000,9999.000,9999.000,9999.000,9999.000,9999.000,9999.000
202607141554,   0.412,   0.619,9999.000,9999.000,9999.000,9999.000,9999.000,9999.000,9999.000
202607141600,   0.392,   0.610,   0.400,  -0.182,   0.610,   0.400,   0.610,   0.400,   0.610
202607141606,   0.373,   0.590,9999.000,9999.000,9999.000,9999.000,9999.000,9999.000,9999.000
202607141612,   0.356,   0.580,9999.000,9999.000,9999.000,9999.000,9999.000,9999.000,9999.000
202607141618,   0.338,   0.580,9999.000,9999.000,9999.000,9999.000,9999.000,9999.000,9999.000
202607141624,   0.322,   0.560,9999.000,9999.000,9999.000,9999.000,9999.000,9999.000,9999.000
202607141630,   0.306,   0.551,9999.000,9999.000,9999.000,9999.000,9999.000,9999.000,9999.000
202607141636,   0.291,   0.531,9999.000,9999.000,9999.000,9999.000,9999.000,9999.000,9999.000
202607141642,   0.277,   0.518,9999.000,9999.000,9999.000,9999.000,9999.000,9999.000,9999.000
202607141648,   0.264,   0.508,9999.000,9999.000,9999.000,9999.000,9999.000,9999.000,9999.000
202607141654,   0.251,   0.498,9999.000,9999.000,9999.000,9999.000,9999.000,9999.000,9999.000
202607141700,   0.239,   0.488,   0.400,  -0.151,   0.488,   0.400,   0.488,   0.400,   0.488
202607141706,   0.228,   0.488,9999.000,9999.000,9999.000,9999.000,9999.000,9999.000,9999.000
202607141712,   0.218,   0.488,9999.000,9999.000,9999.000,9999.000,9999.000,9999.000,9999.000
202607141718,   0.208,   0.478,9999.000,9999.000,9999.000,9999.000,9999.000,9999.000,9999.000
202607141724,   0.199,   0.459,9999.000,9999.000,9999.000,9999.000,9999.000,9999.000,9999.000
202607141730,   0.191,   0.449,9999.000,9999.000,9999.000,9999.000,9999.000,9999.000,9999.000
202607141736,   0.183,   0.429,9999.000,9999.000,9999.000,9999.000,9999.000,9999.000,9999.000
202607141742,   0.176,   0.419,9999.000,9999.000,9999.000,9999.000,9999.000,9999.000,9999.000
202607141748,   0.170,   0.409,9999.000,9999.000,9999.000,9999.000,9999.000,9999.000,9999.000
202607141754,   0.164,   0.390,9999.000,9999.000,9999.000,9999.000,9999.000,9999.000,9999.000
202607141800,   0.160,   0.370,   0.400,  -0.190,   0.370,   0.400,   0.370,   0.400,   0.370
202607141806,   0.155,   0.370,9999.000,9999.000,9999.000,9999.000,9999.000,9999.000,9999.000
202607141812,   0.152,   0.370,9999.000,9999.000,9999.000,9999.000,9999.000,9999.000,9999.000
202607141818,   0.149,   0.370,9999.000,9999.000,9999.000,9999.000,9999.000,9999.000,9999.000
202607141824,   0.147,   0.360,9999.000,9999.000,9999.000,9999.000,9999.000,9999.000,9999.000
202607141830,   0.146,   0.360,9999.000,9999.000,9999.000,9999.000,9999.000,9999.000,9999.000
202607141836,   0.146,   0.360,9999.000,9999.000,9999.000,9999.000,9999.000,9999.000,9999.000
202607141842,   0.146,   0.360,9999.000,9999.000,9999.000,9999.000,9999.000,9999.000,9999.000
202607141848,   0.148,   0.350,9999.000,9999.000,9999.000,9999.000,9999.000,9999.000,9999.000
202607141854,   0.150,   0.350,9999.000,9999.000,9999.000,9999.000,9999.000,9999.000,9999.000
202607141900,   0.153,   0.370,   0.400,  -0.183,   0.370,   0.300,   0.270,   0.400,   0.370
202607141906,   0.157,   0.370,9999.000,9999.000,9999.000,9999.000,9999.000,9999.000,9999.000
202607141912,   0.162,   0.380,9999.000,9999.000,9999.000,9999.000,9999.000,9999.000,9999.000
202607141918,   0.168,   0.390,9999.000,9999.000,9999.000,9999.000,9999.000,9999.000,9999.000
202607141924,   0.176,   0.400,9999.000,9999.000,9999.000,9999.000,9999.000,9999.000,9999.000
202607141930,   0.184,   0.419,9999.000,9999.000,9999.000,9999.000,9999.000,9999.000,9999.000
202607141936,   0.194,   0.419,9999.000,9999.000,9999.000,9999.000,9999.000,9999.000,9999.000
202607141942,   0.205,   0.439,9999.000,9999.000,9999.000,9999.000,9999.000,9999.000,9999.000
202607141948,   0.217,   0.459,9999.000,9999.000,9999.000,9999.000,9999.000,9999.000,9999.000
202607141954,   0.231,   0.459,9999.000,9999.000,9999.000,9999.000,9999.000,9999.000,9999.000
202607142000,   0.246,   0.488,   0.400,  -0.158,   0.488,   0.300,   0.388,   0.400,   0.488
202607142006,   0.262,   0.508,9999.000,9999.000,9999.000,9999.000,9999.000,9999.000,9999.000
202607142012,   0.280,   0.541,9999.000,9999.000,9999.000,9999.000,9999.000,9999.000,9999.000
202607142018,   0.300,   0.570,9999.000,9999.000,9999.000,9999.000,9999.000,9999.000,9999.000
202607142024,   0.321,   0.610,9999.000,9999.000,9999.000,9999.000,9999.000,9999.000,9999.000
202607142030,   0.344,   0.639,9999.000,9999.000,9999.000,9999.000,9999.000,9999.000,9999.000
202607142036,   0.368,   0.669,9999.000,9999.000,9999.000,9999.000,9999.000,9999.000,9999.000
202607142042,   0.394,   0.698,9999.000,9999.000,9999.000,9999.000,9999.000,9999.000,9999.000
202607142048,   0.421,   0.741,9999.000,9999.000,9999.000,9999.000,9999.000,9999.000,9999.000
202607142054,   0.450,   0.780,9999.000,9999.000,9999.000,9999.000,9999.000,9999.000,9999.000
202607142100,   0.480,   0.810,   0.400,  -0.070,   0.810,   0.300,   0.710,   0.400,   0.810
202607142106,   0.511,   0.859,9999.000,9999.000,9999.000,9999.000,9999.000,9999.000,9999.000
202607142112,   0.544,   0.898,9999.000,9999.000,9999.000,9999.000,9999.000,9999.000,9999.000
202607142118,   0.578,   0.970,9999.000,9999.000,9999.000,9999.000,9999.000,9999.000,9999.000
202607142124,   0.613,   1.049,9999.000,9999.000,9999.000,9999.000,9999.000,9999.000,9999.000
202607142130,   0.648,   1.098,9999.000,9999.000,9999.000,9999.000,9999.000,9999.000,9999.000
202607142136,   0.685,   1.128,9999.000,9999.000,9999.000,9999.000,9999.000,9999.000,9999.000
202607142142,   0.722,   1.180,9999.000,9999.000,9999.000,9999.000,9999.000,9999.000,9999.000
202607142148,   0.760,   1.239,9999.000,9999.000,9999.000,9999.000,9999.000,9999.000,9999.000
202607142154,   0.798,   1.269,9999.000,9999.000,9999.000,9999.000,9999.000,9999.000,9999.000
202607142200,   0.836,   1.298,   0.400,   0.062,   1.298,   0.300,   1.198,   0.400,   1.298
202607142206,   0.874,   1.348,9999.000,9999.000,9999.000,9999.000,9999.000,9999.000,9999.000
202607142212,   0.912,   1.390,9999.000,9999.000,9999.000,9999.000,9999.000,9999.000,9999.000
202607142218,   0.949,   1.420,9999.000,9999.000,9999.000,9999.000,9999.000,9999.000,9999.000
202607142224,   0.986,   1.439,9999.000,9999.000,9999.000,9999.000,9999.000,9999.000,9999.000
202607142230,   1.022,   1.479,9999.000,9999.000,9999.000,9999.000,9999.000,9999.000,9999.000
202607142236,   1.058,   1.498,9999.000,9999.000,9999.000,9999.000,9999.000,9999.000,9999.000
202607142242,   1.093,   1.518,9999.000,9999.000,9999.000,9999.000,9999.000,9999.000,9999.000
202607142248,   1.126,   1.538,9999.000,9999.000,9999.000,9999.000,9999.000,9999.000,9999.000
202607142254,   1.158,   1.538,9999.000,9999.000,9999.000,9999.000,9999.000,9999.000,9999.000
202607142300,   1.190,   1.557,   0.400,  -0.033,   1.557,   0.400,   1.557,   0.400,   1.557
202607142306,   1.219,   1.590,9999.000,9999.000,9999.000,9999.000,9999.000,9999.000,9999.000
202607142312,   1.248,   1.620,9999.000,9999.000,9999.000,9999.000,9999.000,9999.000,9999.000
202607142318,   1.274,   1.620,9999.000,9999.000,9999.000,9999.000,9999.000,9999.000,9999.000
202607142324,   1.300,   1.630,9999.000,9999.000,9999.000,9999.000,9999.000,9999.000,9999.000
202607142330,   1.323,   1.639,9999.000,9999.000,9999.000,9999.000,9999.000,9999.000,9999.000
202607142336,   1.345,   1.669,9999.000,9999.000,9999.000,9999.000,9999.000,9999.000,9999.000
202607142342,   1.366,   1.679,9999.000,9999.000,9999.000,9999.000,9999.000,9999.000,9999.000
202607142348,   1.385,   1.699,9999.000,9999.000,9999.000,9999.000,9999.000,9999.000,9999.000
202607142354,   1.402,   1.718,9999.000,9999.000,9999.000,9999.000,9999.000,9999.000,9999.000
202607150000,   1.418,   1.728,   0.400,  -0.090,   1.728,   0.300,   1.628,   0.400,   1.728
202607150006,   1.432,   1.748,9999.000,9999.000,9999.000,9999.000,9999.000,9999.000,9999.000
202607150012,   1.444,   1.748,9999.000,9999.000,9999.000,9999.000,9999.000,9999.000,9999.000
202607150018,   1.455,   1.758,9999.000,9999.000,9999.000,9999.000,9999.000,9999.000,9999.000
202607150024,   1.464,   1.790,9999.000,9999.000,9999.000,9999.000,9999.000,9999.000,9999.000
202607150030,   1.472,   1.790,9999.000,9999.000,9999.000,9999.000,9999.000,9999.000,9999.000
202607150036,   1.478,   1.810,9999.000,9999.000,9999.000,9999.000,9999.000,9999.000,9999.000
202607150042,   1.482,   1.800,9999.000,9999.000,9999.000,9999.000,9999.000,9999.000,9999.000
202607150048,   1.485,   1.800,9999.000,9999.000,9999.000,9999.000,9999.000,9999.000,9999.000
202607150054,   1.486,   1.790,9999.000,9999.000,9999.000,9999.000,9999.000,9999.000,9999.000
202607150100,   1.485,   1.800,   0.400,  -0.085,   1.800,   0.400,   1.800,   0.400,   1.800
202607150106,   1.483,   1.790,9999.000,9999.000,9999.000,9999.000,9999.000,9999.000,9999.000
202607150112,   1.480,   1.790,9999.000,9999.000,9999.000,9999.000,9999.000,9999.000,9999.000
202607150118,   1.474,   1.781,9999.000,9999.000,9999.000,9999.000,9999.000,9999.000,9999.000
202607150124,   1.467,   1.790,9999.000,9999.000,9999.000,9999.000,9999.000,9999.000,9999.000
202607150130,   1.459,   1.767,9999.000,9999.000,9999.000,9999.000,9999.000,9999.000,9999.000
202607150136,   1.449,   1.748,9999.000,9999.000,9999.000,9999.000,9999.000,9999.000,9999.000
202607150142,   1.437,   1.748,9999.000,9999.000,9999.000,9999.000,9999.000,9999.000,9999.000
202607150148,   1.424,   1.738,9999.000,9999.000,9999.000,9999.000,9999.000,9999.000,9999.000
202607150154,   1.409,   1.738,9999.000,9999.000,9999.000,9999.000,9999.000,9999.000,9999.000
202607150200,   1.393,   1.738,   0.400,  -0.055,   1.738,   0.400,   1.738,   0.400,   1.738
202607150206,   1.375,   1.728,9999.000,9999.000,9999.000,9999.000,9999.000,9999.000,9999.000
202607150212,   1.356,   1.728,9999.000,9999.000,9999.000,9999.000,9999.000,9999.000,9999.000
202607150218,   1.336,   1.728,9999.000,9999.000,9999.000,9999.000,9999.000,9999.000,9999.000
202607150224,   1.314,   1.708,9999.000,9999.000,9999.000,9999.000,9999.000,9999.000,9999.000
202607150230,   1.291,   1.699,9999.000,9999.000,9999.000,9999.000,9999.000,9999.000,9999.000
202607150236,   1.267,   1.689,9999.000,9999.000,9999.000,9999.000,9999.000,9999.000,9999.000
202607150242,   1.243,   1.669,9999.000,9999.000,9999.000,9999.000,9999.000,9999.000,9999.000
202607150248,   1.217,   1.659,9999.000,9999.000,9999.000,9999.000,9999.000,9999.000,9999.000
202607150254,   1.191,   1.639,9999.000,9999.000,9999.000,9999.000,9999.000,9999.000,9999.000
202607150300,   1.164,   1.610,   0.400,   0.046,   1.610,   0.400,   1.610,   0.400,   1.610
202607150306,   1.136,   1.590,9999.000,9999.000,9999.000,9999.000,9999.000,9999.000,9999.000
202607150312,   1.109,   1.557,9999.000,9999.000,9999.000,9999.000,9999.000,9999.000,9999.000
202607150318,   1.081,   1.538,9999.000,9999.000,9999.000,9999.000,9999.000,9999.000,9999.000
202607150324,   1.052,   1.508,9999.000,9999.000,9999.000,9999.000,9999.000,9999.000,9999.000
202607150330,   1.024,   1.489,9999.000,9999.000,9999.000,9999.000,9999.000,9999.000,9999.000
202607150336,   0.996,   1.469,9999.000,9999.000,9999.000,9999.000,9999.000,9999.000,9999.000
202607150342,   0.968,   1.410,9999.000,9999.000,9999.000,9999.000,9999.000,9999.000,9999.000
202607150348,   0.940,   1.380,9999.000,9999.000,9999.000,9999.000,9999.000,9999.000,9999.000
202607150354,   0.913,   1.338,9999.000,9999.000,9999.000,9999.000,9999.000,9999.000,9999.000
202607150400,   0.885,   1.318,   0.400,   0.033,   1.318,   0.400,   1.318,   0.400,   1.318
202607150406,   0.859,   1.289,9999.000,9999.000,9999.000,9999.000,9999.000,9999.000,9999.000
202607150412,   0.832,   1.269,9999.000,9999.000,9999.000,9999.000,9999.000,9999.000,9999.000
202607150418,   0.807,   1.249,9999.000,9999.000,9999.000,9999.000,9999.000,9999.000,9999.000
202607150424,   0.782,   1.249,9999.000,9999.000,9999.000,9999.000,9999.000,9999.000,9999.000
202607150430,   0.757,   1.239,9999.000,9999.000,9999.000,9999.000,9999.000,9999.000,9999.000
202607150436,   0.733,   1.220,9999.000,9999.000,9999.000,9999.000,9999.000,9999.000,9999.000
202607150442,   0.710,   1.210,9999.000,9999.000,9999.000,9999.000,9999.000,9999.000,9999.000
202607150448,   0.687,   1.200,9999.000,9999.000,9999.000,9999.000,9999.000,9999.000,9999.000
202607150454,   0.665,   1.190,9999.000,9999.000,9999.000,9999.000,9999.000,9999.000,9999.000
202607150500,   0.643,   1.190,   0.400,   0.147,   1.190,   0.400,   1.190,   0.400,   1.190
202607150506,   0.623,   1.180,9999.000,9999.000,9999.000,9999.000,9999.000,9999.000,9999.000
202607150512,   0.602,   1.180,9999.000,9999.000,9999.000,9999.000,9999.000,9999.000,9999.000
202607150518,   0.583,   1.170,9999.000,9999.000,9999.000,9999.000,9999.000,9999.000,9999.000
202607150524,   0.563,   1.161,9999.000,9999.000,9999.000,9999.000,9999.000,9999.000,9999.000
202607150530,   0.545,   1.161,9999.000,9999.000,9999.000,9999.000,9999.000,9999.000,9999.000
202607150536,   0.527,   1.151,9999.000,9999.000,9999.000,9999.000,9999.000,9999.000,9999.000
202607150542,   0.509,   1.151,9999.000,9999.000,9999.000,9999.000,9999.000,9999.000,9999.000
202607150548,   0.492,   1.138,9999.000,9999.000,9999.000,9999.000,9999.000,9999.000,9999.000
202607150554,   0.476,   1.138,9999.000,9999.000,9999.000,9999.000,9999.000,9999.000,9999.000
202607150600,   0.460,   1.138,   0.400,   0.278,   1.138,   0.400,   1.138,   0.400,   1.138
202607150606,   0.444,   1.128,9999.000,9999.000,9999.000,9999.000,9999.000,9999.000,9999.000
202607150612,   0.429,   1.118,9999.000,9999.000,9999.000,9999.000,9999.000,9999.000,9999.000
202607150618,   0.415,   1.118,9999.000,9999.000,9999.000,9999.000,9999.000,9999.000,9999.000
202607150624,   0.401,   1.108,9999.000,9999.000,9999.000,9999.000,9999.000,9999.000,9999.000
202607150630,   0.387,   1.108,9999.000,9999.000,9999.000,9999.000,9999.000,9999.000,9999.000
202607150636,   0.374,   1.108,9999.000,9999.000,9999.000,9999.000,9999.000,9999.000,9999.000
202607150642,   0.362,   1.108,9999.000,9999.000,9999.000,9999.000,9999.000,9999.000,9999.000
202607150648,   0.350,   1.108,9999.000,9999.000,9999.000,9999.000,9999.000,9999.000,9999.000
202607150654,   0.338,   1.108,9999.000,9999.000,9999.000,9999.000,9999.000,9999.000,9999.000
202607150700,   0.328,   1.098,   0.400,   0.370,   1.098,   0.400,   1.098,   0.400,   1.098
202607150706,   0.317,   1.108,9999.000,9999.000,9999.000,9999.000,9999.000,9999.000,9999.000
202607150712,   0.308,   1.108,9999.000,9999.000,9999.000,9999.000,9999.000,9999.000,9999.000
202607150718,   0.299,   1.108,9999.000,9999.000,9999.000,9999.000,9999.000,9999.000,9999.000
202607150724,   0.291,   1.108,9999.000,9999.000,9999.000,9999.000,9999.000,9999.000,9999.000
202607150730,   0.283,   1.108,9999.000,9999.000,9999.000,9999.000,9999.000,9999.000,9999.000
202607150736,   0.277,   1.108,9999.000,9999.000,9999.000,9999.000,9999.000,9999.000,9999.000
202607150742,   0.271,   1.108,9999.000,9999.000,9999.000,9999.000,9999.000,9999.000,9999.000
202607150748,   0.266,   1.108,9999.000,9999.000,9999.000,9999.000,9999.000,9999.000,9999.000
202607150754,   0.262,   1.108,9999.000,9999.000,9999.000,9999.000,9999.000,9999.000,9999.000
202607150800,   0.259,   1.098,   0.400,   0.439,   1.098,   0.400,   1.098,   0.400,   1.098
202607150806,   0.257,   1.098,9999.000,9999.000,9999.000,9999.000,9999.000,9999.000,9999.000
202607150812,   0.257,   1.088,9999.000,9999.000,9999.000,9999.000,9999.000,9999.000,9999.000
202607150818,   0.258,   1.098,9999.000,9999.000,9999.000,9999.000,9999.000,9999.000,9999.000
202607150824,   0.259,   1.088,9999.000,9999.000,9999.000,9999.000,9999.000,9999.000,9999.000
202607150830,   0.263,   1.088,9999.000,9999.000,9999.000,9999.000,9999.000,9999.000,9999.000
202607150836,   0.267,   1.079,9999.000,9999.000,9999.000,9999.000,9999.000,9999.000,9999.000
202607150842,   0.274,   1.088,9999.000,9999.000,9999.000,9999.000,9999.000,9999.000,9999.000
202607150848,   0.281,   1.088,9999.000,9999.000,9999.000,9999.000,9999.000,9999.000,9999.000
202607150854,   0.290,   1.079,9999.000,9999.000,9999.000,9999.000,9999.000,9999.000,9999.000
202607150900,   0.301,   1.079,   0.400,   0.378,   1.079,   0.400,   1.079,   0.400,   1.079
202607150906,   0.313,   1.088,9999.000,9999.000,9999.000,9999.000,9999.000,9999.000,9999.000
202607150912,   0.326,   1.079,9999.000,9999.000,9999.000,9999.000,9999.000,9999.000,9999.000
202607150918,   0.342,   1.098,9999.000,9999.000,9999.000,9999.000,9999.000,9999.000,9999.000
202607150924,   0.358,   1.108,9999.000,9999.000,9999.000,9999.000,9999.000,9999.000,9999.000
202607150930,   0.376,   1.118,9999.000,9999.000,9999.000,9999.000,9999.000,9999.000,9999.000
202607150936,   0.395,   1.108,9999.000,9999.000,9999.000,9999.000,9999.000,9999.000,9999.000
202607150942,   0.416,   1.138,9999.000,9999.000,9999.000,9999.000,9999.000,9999.000,9999.000
202607150948,   0.437,   1.128,9999.000,9999.000,9999.000,9999.000,9999.000,9999.000,9999.000
202607150954,   0.460,   1.151,9999.000,9999.000,9999.000,9999.000,9999.000,9999.000,9999.000
202607151000,   0.484,   1.170,   0.400,   0.286,   1.170,   0.400,   1.170,   0.400,   1.170
202607151006,   0.508,   1.170,9999.000,9999.000,9999.000,9999.000,9999.000,9999.000,9999.000
202607151012,   0.533,   1.200,9999.000,9999.000,9999.000,9999.000,9999.000,9999.000,9999.000
202607151018,   0.559,   1.190,9999.000,9999.000,9999.000,9999.000,9999.000,9999.000,9999.000
202607151024,   0.585,   1.220,9999.000,9999.000,9999.000,9999.000,9999.000,9999.000,9999.000
202607151030,   0.611,   1.220,9999.000,9999.000,9999.000,9999.000,9999.000,9999.000,9999.000
202607151036,   0.637,   1.239,9999.000,9999.000,9999.000,9999.000,9999.000,9999.000,9999.000
202607151042,   0.663,   1.269,9999.000,9999.000,9999.000,9999.000,9999.000,9999.000,9999.000
202607151048,   0.689,   1.269,9999.000,9999.000,9999.000,9999.000,9999.000,9999.000,9999.000
202607151054,   0.715,   1.298,9999.000,9999.000,9999.000,9999.000,9999.000,9999.000,9999.000
202607151100,   0.740,   1.318,   0.400,   0.178,   1.318,   0.400,   1.318,   0.400,   1.318
202607151106,   0.764,   1.361,9999.000,9999.000,9999.000,9999.000,9999.000,9999.000,9999.000
202607151112,   0.788,   1.380,9999.000,9999.000,9999.000,9999.000,9999.000,9999.000,9999.000
202607151118,   0.811,   1.390,9999.000,9999.000,9999.000,9999.000,9999.000,9999.000,9999.000
202607151124,   0.833,   1.420,9999.000,9999.000,9999.000,9999.000,9999.000,9999.000,9999.000
202607151130,   0.854,   1.420,9999.000,9999.000,9999.000,9999.000,9999.000,9999.000,9999.000
202607151136,   0.874,   1.449,9999.000,9999.000,9999.000,9999.000,9999.000,9999.000,9999.000
202607151142,   0.893,   1.479,9999.000,9999.000,9999.000,9999.000,9999.000,9999.000,9999.000
202607151148,   0.911,   1.508,9999.000,9999.000,9999.000,9999.000,9999.000,9999.000,9999.000
202607151154,   0.928,   1.518,9999.000,9999.000,9999.000,9999.000,9999.000,9999.000,9999.000
202607151200,   0.943,   1.528,   0.400,   0.185,   1.528,   0.400,   1.528,   0.400,   1.528
202607151206,   0.957,   1.557,9999.000,9999.000,9999.000,9999.000,9999.000,9999.000,9999.000
202607151212,   0.970,   1.571,9999.000,9999.000,9999.000,9999.000,9999.000,9999.000,9999.000
202607151218,   0.982,   1.580,9999.000,9999.000,9999.000,9999.000,9999.000,9999.000,9999.000
202607151224,   0.993,   1.590,9999.000,9999.000,9999.000,9999.000,9999.000,9999.000,9999.000
202607151230,   1.002,   1.600,9999.000,9999.000,9999.000,9999.000,9999.000,9999.000,9999.000
202607151236,   1.010,   1.600,9999.000,9999.000,9999.000,9999.000,9999.000,9999.000,9999.000
202607151242,   1.017,   1.620,9999.000,9999.000,9999.000,9999.000,9999.000,9999.000,9999.000
202607151248,   1.023,   1.620,9999.000,9999.000,9999.000,9999.000,9999.000,9999.000,9999.000
202607151254,   1.028,   1.620,9999.000,9999.000,9999.000,9999.000,9999.000,9999.000,9999.000
202607151300,   1.031,   1.620,   0.400,   0.189,   1.620,   0.400,   1.620,   0.400,   1.620
202607151306,   1.033,   1.620,9999.000,9999.000,9999.000,9999.000,9999.000,9999.000,9999.000
202607151312,   1.034,   1.620,9999.000,9999.000,9999.000,9999.000,9999.000,9999.000,9999.000
202607151318,   1.034,   1.620,9999.000,9999.000,9999.000,9999.000,9999.000,9999.000,9999.000
202607151324,   1.033,   1.610,9999.000,9999.000,9999.000,9999.000,9999.000,9999.000,9999.000
202607151330,   1.030,   1.590,9999.000,9999.000,9999.000,9999.000,9999.000,9999.000,9999.000
202607151336,   1.026,   1.590,9999.000,9999.000,9999.000,9999.000,9999.000,9999.000,9999.000
202607151342,   1.021,   1.580,9999.000,9999.000,9999.000,9999.000,9999.000,9999.000,9999.000
202607151348,   1.015,   1.580,9999.000,9999.000,9999.000,9999.000,9999.000,9999.000,9999.000
202607151354,   1.007,   1.580,9999.000,9999.000,9999.000,9999.000,9999.000,9999.000,9999.000
202607151400,   0.998,   1.571,   0.400,   0.173,   1.571,   0.300,   1.471,   0.400,   1.571
202607151406,   0.988,   1.580,9999.000,9999.000,9999.000,9999.000,9999.000,9999.000,9999.000
202607151412,   0.977,   1.548,9999.000,9999.000,9999.000,9999.000,9999.000,9999.000,9999.000
202607151418,   0.964,   1.538,9999.000,9999.000,9999.000,9999.000,9999.000,9999.000,9999.000
202607151424,   0.951,   1.528,9999.000,9999.000,9999.000,9999.000,9999.000,9999.000,9999.000
202607151430,   0.936,   1.528,9999.000,9999.000,9999.000,9999.000,9999.000,9999.000,9999.000
202607151436,   0.920,   1.498,9999.000,9999.000,9999.000,9999.000,9999.000,9999.000,9999.000
202607151442,   0.903,   1.469,9999.000,9999.000,9999.000,9999.000,9999.000,9999.000,9999.000
202607151448,   0.885,   1.459,9999.000,9999.000,9999.000,9999.000,9999.000,9999.000,9999.000
202607151454,   0.865,   1.469,9999.000,9999.000,9999.000,9999.000,9999.000,9999.000,9999.000
202607151500,   0.846,   1.430,   0.400,   0.184,   1.430,   0.300,   1.330,   0.400,   1.430
202607151506,   0.825,   1.400,9999.000,9999.000,9999.000,9999.000,9999.000,9999.000,9999.000
202607151512,   0.804,   1.380,9999.000,9999.000,9999.000,9999.000,9999.000,9999.000,9999.000
202607151518,   0.782,   1.371,9999.000,9999.000,9999.000,9999.000,9999.000,9999.000,9999.000
202607151524,   0.760,   1.328,9999.000,9999.000,9999.000,9999.000,9999.000,9999.000,9999.000
202607151530,   0.737,   1.318,9999.000,9999.000,9999.000,9999.000,9999.000,9999.000,9999.000
202607151536,   0.714,   1.318,9999.000,9999.000,9999.000,9999.000,9999.000,9999.000,9999.000
202607151542,   0.691,   1.308,9999.000,9999.000,9999.000,9999.000,9999.000,9999.000,9999.000
202607151548,   0.668,   1.289,9999.000,9999.000,9999.000,9999.000,9999.000,9999.000,9999.000
202607151554,   0.645,   1.289,9999.000,9999.000,9999.000,9999.000,9999.000,9999.000,9999.000
202607151600,   0.622,   1.289,   0.400,   0.267,   1.289,   0.300,   1.189,   0.400,   1.289
202607151606,   0.599,   1.279,9999.000,9999.000,9999.000,9999.000,9999.000,9999.000,9999.000
202607151612,   0.576,   1.269,9999.000,9999.000,9999.000,9999.000,9999.000,9999.000,9999.000
202607151618,   0.554,   1.249,9999.000,9999.000,9999.000,9999.000,9999.000,9999.000,9999.000
202607151624,   0.533,   1.249,9999.000,9999.000,9999.000,9999.000,9999.000,9999.000,9999.000
202607151630,   0.512,   1.239,9999.000,9999.000,9999.000,9999.000,9999.000,9999.000,9999.000
202607151636,   0.491,   1.220,9999.000,9999.000,9999.000,9999.000,9999.000,9999.000,9999.000
202607151642,   0.471,   1.220,9999.000,9999.000,9999.000,9999.000,9999.000,9999.000,9999.000
202607151648,   0.452,   1.200,9999.000,9999.000,9999.000,9999.000,9999.000,9999.000,9999.000
202607151654,   0.433,   1.190,9999.000,9999.000,9999.000,9999.000,9999.000,9999.000,9999.000
202607151700,   0.415,   1.170,   0.300,   0.455,   1.170,   0.300,   1.170,   0.400,   1.270
202607151706,   0.398,   1.161,9999.000,9999.000,9999.000,9999.000,9999.000,9999.000,9999.000
202607151712,   0.382,   1.138,9999.000,9999.000,9999.000,9999.000,9999.000,9999.000,9999.000
202607151718,   0.366,   1.128,9999.000,9999.000,9999.000,9999.000,9999.000,9999.000,9999.000
202607151724,   0.350,   1.108,9999.000,9999.000,9999.000,9999.000,9999.000,9999.000,9999.000
202607151730,   0.336,   1.108,9999.000,9999.000,9999.000,9999.000,9999.000,9999.000,9999.000
202607151736,   0.322,   1.108,9999.000,9999.000,9999.000,9999.000,9999.000,9999.000,9999.000
202607151742,   0.309,   1.098,9999.000,9999.000,9999.000,9999.000,9999.000,9999.000,9999.000
202607151748,   0.296,   1.079,9999.000,9999.000,9999.000,9999.000,9999.000,9999.000,9999.000
202607151754,   0.284,   1.069,9999.000,9999.000,9999.000,9999.000,9999.000,9999.000,9999.000
202607151800,   0.273,   1.059,   0.300,   0.486,   1.059,   0.300,   1.059,   0.400,   1.159
202607151806,   0.263,   1.049,9999.000,9999.000,9999.000,9999.000,9999.000,9999.000,9999.000
202607151812,   0.253,   1.049,9999.000,9999.000,9999.000,9999.000,9999.000,9999.000,9999.000
202607151818,   0.243,   1.039,9999.000,9999.000,9999.000,9999.000,9999.000,9999.000,9999.000
202607151824,   0.234,   1.020,9999.000,9999.000,9999.000,9999.000,9999.000,9999.000,9999.000
202607151830,   0.226,   1.020,9999.000,9999.000,9999.000,9999.000,9999.000,9999.000,9999.000
202607151836,   0.219,   1.020,9999.000,9999.000,9999.000,9999.000,9999.000,9999.000,9999.000
202607151842,   0.212,   1.010,9999.000,9999.000,9999.000,9999.000,9999.000,9999.000,9999.000
202607151848,   0.206,   1.010,9999.000,9999.000,9999.000,9999.000,9999.000,9999.000,9999.000
202607151854,   0.200,   1.010,9999.000,9999.000,9999.000,9999.000,9999.000,9999.000,9999.000
202607151900,   0.195,   1.010,   0.300,   0.515,   1.010,   0.300,   1.010,   0.400,   1.110
202607151906,   0.191,   1.010,9999.000,9999.000,9999.000,9999.000,9999.000,9999.000,9999.000
202607151912,   0.188,   1.000,9999.000,9999.000,9999.000,9999.000,9999.000,9999.000,9999.000
202607151918,   0.185,   1.010,9999.000,9999.000,9999.000,9999.000,9999.000,9999.000,9999.000
202607151924,   0.183,   1.000,9999.000,9999.000,9999.000,9999.000,9999.000,9999.000,9999.000
202607151930,   0.182,   0.990,9999.000,9999.000,9999.000,9999.000,9999.000,9999.000,9999.000
202607151936,   0.181,   1.000,9999.000,9999.000,9999.000,9999.000,9999.000,9999.000,9999.000
202607151942,   0.182,   1.010,9999.000,9999.000,9999.000,9999.000,9999.000,9999.000,9999.000
202607151948,   0.183,   1.000,9999.000,9999.000,9999.000,9999.000,9999.000,9999.000,9999.000
202607151954,   0.186,   1.010,9999.000,9999.000,9999.000,9999.000,9999.000,9999.000,9999.000
202607152000,   0.189,   0.980,   0.400,   0.391,   0.980,   0.300,   0.880,   0.400,   0.980
202607152006,   0.193,   0.990,9999.000,9999.000,9999.000,9999.000,9999.000,9999.000,9999.000
202607152012,   0.198,   1.000,9999.000,9999.000,9999.000,9999.000,9999.000,9999.000,9999.000
202607152018,   0.205,   1.020,9999.000,9999.000,9999.000,9999.000,9999.000,9999.000,9999.000
202607152024,   0.213,   1.010,9999.000,9999.000,9999.000,9999.000,9999.000,9999.000,9999.000
202607152030,   0.222,   1.020,9999.000,9999.000,9999.000,9999.000,9999.000,9999.000,9999.000
202607152036,   0.232,   1.029,9999.000,9999.000,9999.000,9999.000,9999.000,9999.000,9999.000
202607152042,   0.244,   1.029,9999.000,9999.000,9999.000,9999.000,9999.000,9999.000,9999.000
202607152048,   0.257,   1.039,9999.000,9999.000,9999.000,9999.000,9999.000,9999.000,9999.000
202607152054,   0.271,   1.049,9999.000,9999.000,9999.000,9999.000,9999.000,9999.000,9999.000
202607152100,   0.287,   1.059,   0.400,   0.372,   1.059,   0.300,   0.959,   0.400,   1.059
202607152106,   0.305,   1.069,9999.000,9999.000,9999.000,9999.000,9999.000,9999.000,9999.000
202607152112,   0.324,   1.079,9999.000,9999.000,9999.000,9999.000,9999.000,9999.000,9999.000
202607152118,   0.344,   1.098,9999.000,9999.000,9999.000,9999.000,9999.000,9999.000,9999.000
202607152124,   0.367,   1.108,9999.000,9999.000,9999.000,9999.000,9999.000,9999.000,9999.000
202607152130,   0.390,   1.118,9999.000,9999.000,9999.000,9999.000,9999.000,9999.000,9999.000
202607152136,   0.416,   1.138,9999.000,9999.000,9999.000,9999.000,9999.000,9999.000,9999.000
202607152142,   0.443,   1.161,9999.000,9999.000,9999.000,9999.000,9999.000,9999.000,9999.000
202607152148,   0.471,   1.180,9999.000,9999.000,9999.000,9999.000,9999.000,9999.000,9999.000
202607152154,   0.500,   1.190,9999.000,9999.000,9999.000,9999.000,9999.000,9999.000,9999.000
202607152200,   0.531,   1.210,   0.400,   0.279,   1.210,   0.400,   1.210,   0.400,   1.210
202607152206,   0.564,   1.229,9999.000,9999.000,9999.000,9999.000,9999.000,9999.000,9999.000
202607152212,   0.597,   1.259,9999.000,9999.000,9999.000,9999.000,9999.000,9999.000,9999.000
202607152218,   0.631,   1.289,9999.000,9999.000,9999.000,9999.000,9999.000,9999.000,9999.000
202607152224,   0.666,   1.318,9999.000,9999.000,9999.000,9999.000,9999.000,9999.000,9999.000
202607152230,   0.702,   1.338,9999.000,9999.000,9999.000,9999.000,9999.000,9999.000,9999.000
202607152236,   0.738,   1.371,9999.000,9999.000,9999.000,9999.000,9999.000,9999.000,9999.000
202607152242,   0.775,   1.400,9999.000,9999.000,9999.000,9999.000,9999.000,9999.000,9999.000
202607152248,   0.812,   1.439,9999.000,9999.000,9999.000,9999.000,9999.000,9999.000,9999.000
202607152254,   0.849,   1.459,9999.000,9999.000,9999.000,9999.000,9999.000,9999.000,9999.000
202607152300,   0.885,   1.489,   0.400,   0.204,   1.489,   0.400,   1.489,   0.400,   1.489
202607152306,   0.922,   1.528,9999.000,9999.000,9999.000,9999.000,9999.000,9999.000,9999.000
202607152312,   0.958,   1.571,9999.000,9999.000,9999.000,9999.000,9999.000,9999.000,9999.000
202607152318,   0.993,   1.610,9999.000,9999.000,9999.000,9999.000,9999.000,9999.000,9999.000
202607152324,   1.028,   1.649,9999.000,9999.000,9999.000,9999.000,9999.000,9999.000,9999.000
202607152330,   1.062,   1.689,9999.000,9999.000,9999.000,9999.000,9999.000,9999.000,9999.000
202607152336,   1.095,   1.718,9999.000,9999.000,9999.000,9999.000,9999.000,9999.000,9999.000
202607152342,   1.127,   1.748,9999.000,9999.000,9999.000,9999.000,9999.000,9999.000,9999.000
202607152348,   1.157,   1.790,9999.000,9999.000,9999.000,9999.000,9999.000,9999.000,9999.000
202607152354,   1.186,   1.800,9999.000,9999.000,9999.000,9999.000,9999.000,9999.000,9999.000
202607160000,   1.214,   1.820,   0.400,   0.206,   1.820,   0.400,   1.820,   0.400,   1.820
202607160006,   1.241,   1.830,9999.000,9999.000,9999.000,9999.000,9999.000,9999.000,9999.000
202607160012,   1.266,   1.830,9999.000,9999.000,9999.000,9999.000,9999.000,9999.000,9999.000
202607160018,   1.289,   1.840,9999.000,9999.000,9999.000,9999.000,9999.000,9999.000,9999.000
202607160024,   1.311,   1.869,9999.000,9999.000,9999.000,9999.000,9999.000,9999.000,9999.000
202607160030,   1.331,   1.859,9999.000,9999.000,9999.000,9999.000,9999.000,9999.000,9999.000
202607160036,   1.350,   1.859,9999.000,9999.000,9999.000,9999.000,9999.000,9999.000,9999.000
202607160042,   1.367,   1.869,9999.000,9999.000,9999.000,9999.000,9999.000,9999.000,9999.000
202607160048,   1.383,   1.869,9999.000,9999.000,9999.000,9999.000,9999.000,9999.000,9999.000
202607160054,   1.397,   1.869,9999.000,9999.000,9999.000,9999.000,9999.000,9999.000,9999.000
202607160100,   1.409,   1.869,   0.400,   0.060,   1.869,   0.400,   1.869,   0.400,   1.869
202607160106,   1.420,   1.879,9999.000,9999.000,9999.000,9999.000,9999.000,9999.000,9999.000
202607160112,   1.429,   1.879,9999.000,9999.000,9999.000,9999.000,9999.000,9999.000,9999.000
202607160118,   1.437,   1.869,9999.000,9999.000,9999.000,9999.000,9999.000,9999.000,9999.000
202607160124,   1.443,   1.859,9999.000,9999.000,9999.000,9999.000,9999.000,9999.000,9999.000
202607160130,   1.448,   1.859,9999.000,9999.000,9999.000,9999.000,9999.000,9999.000,9999.000
202607160136,   1.451,   1.859,9999.000,9999.000,9999.000,9999.000,9999.000,9999.000,9999.000
202607160142,   1.453,   1.849,9999.000,9999.000,9999.000,9999.000,9999.000,9999.000,9999.000
202607160148,   1.453,   1.840,9999.000,9999.000,9999.000,9999.000,9999.000,9999.000,9999.000
202607160154,   1.452,   1.830,9999.000,9999.000,9999.000,9999.000,9999.000,9999.000,9999.000
202607160200,   1.449,   1.810,   0.400,  -0.039,   1.810,   0.400,   1.810,   0.400,   1.810
202607160206,   1.444,   1.820,9999.000,9999.000,9999.000,9999.000,9999.000,9999.000,9999.000
202607160212,   1.438,   1.830,9999.000,9999.000,9999.000,9999.000,9999.000,9999.000,9999.000
202607160218,   1.431,   1.840,9999.000,9999.000,9999.000,9999.000,9999.000,9999.000,9999.000
202607160224,   1.422,   1.830,9999.000,9999.000,9999.000,9999.000,9999.000,9999.000,9999.000
202607160230,   1.411,   1.830,9999.000,9999.000,9999.000,9999.000,9999.000,9999.000,9999.000
202607160236,   1.399,   1.820,9999.000,9999.000,9999.000,9999.000,9999.000,9999.000,9999.000
202607160242,   1.385,   1.830,9999.000,9999.000,9999.000,9999.000,9999.000,9999.000,9999.000
202607160248,   1.370,   1.830,9999.000,9999.000,9999.000,9999.000,9999.000,9999.000,9999.000
202607160254,   1.354,   1.830,9999.000,9999.000,9999.000,9999.000,9999.000,9999.000,9999.000
202607160300,   1.336,   1.830,   0.400,   0.094,   1.830,   0.400,   1.830,   0.400,   1.830
202607160306,   1.318,   1.830,9999.000,9999.000,9999.000,9999.000,9999.000,9999.000,9999.000
202607160312,   1.297,   1.820,9999.000,9999.000,9999.000,9999.000,9999.000,9999.000,9999.000
202607160318,   1.276,   1.810,9999.000,9999.000,9999.000,9999.000,9999.000,9999.000,9999.000
202607160324,   1.254,   1.800,9999.000,9999.000,9999.000,9999.000,9999.000,9999.000,9999.000
202607160330,   1.231,   1.800,9999.000,9999.000,9999.000,9999.000,9999.000,9999.000,9999.000
202607160336,   1.207,   1.781,9999.000,9999.000,9999.000,9999.000,9999.000,9999.000,9999.000
202607160342,   1.182,   1.738,9999.000,9999.000,9999.000,9999.000,9999.000,9999.000,9999.000
202607160348,   1.156,   1.718,9999.000,9999.000,9999.000,9999.000,9999.000,9999.000,9999.000
202607160354,   1.130,   1.669,9999.000,9999.000,9999.000,9999.000,9999.000,9999.000,9999.000
202607160400,   1.104,   1.630,   0.400,   0.126,   1.630,   0.400,   1.630,   0.400,   1.630
202607160406,   1.077,   1.610,9999.000,9999.000,9999.000,9999.000,9999.000,9999.000,9999.000
202607160412,   1.050,   1.571,9999.000,9999.000,9999.000,9999.000,9999.000,9999.000,9999.000
202607160418,   1.023,   1.528,9999.000,9999.000,9999.000,9999.000,9999.000,9999.000,9999.000
202607160424,   0.996,   1.498,9999.000,9999.000,9999.000,9999.000,9999.000,9999.000,9999.000
202607160430,   0.969,   1.479,9999.000,9999.000,9999.000,9999.000,9999.000,9999.000,9999.000
202607160436,   0.942,   1.459,9999.000,9999.000,9999.000,9999.000,9999.000,9999.000,9999.000
202607160442,   0.916,   1.459,9999.000,9999.000,9999.000,9999.000,9999.000,9999.000,9999.000
202607160448,   0.889,   1.449,9999.000,9999.000,9999.000,9999.000,9999.000,9999.000,9999.000
202607160454,   0.864,   1.449,9999.000,9999.000,9999.000,9999.000,9999.000,9999.000,9999.000
202607160500,   0.838,   1.439,   0.400,   0.201,   1.439,   0.400,   1.439,   0.500,   1.539
202607160506,   0.813,   1.430,9999.000,9999.000,9999.000,9999.000,9999.000,9999.000,9999.000
202607160512,   0.788,   1.430,9999.000,9999.000,9999.000,9999.000,9999.000,9999.000,9999.000
202607160518,   0.764,   1.420,9999.000,9999.000,9999.000,9999.000,9999.000,9999.000,9999.000
202607160524,   0.741,   1.420,9999.000,9999.000,9999.000,9999.000,9999.000,9999.000,9999.000
202607160530,   0.718,   1.410,9999.000,9999.000,9999.000,9999.000,9999.000,9999.000,9999.000
202607160536,   0.695,   1.400,9999.000,9999.000,9999.000,9999.000,9999.000,9999.000,9999.000
202607160542,   0.673,   1.390,9999.000,9999.000,9999.000,9999.000,9999.000,9999.000,9999.000
202607160548,   0.652,   1.390,9999.000,9999.000,9999.000,9999.000,9999.000,9999.000,9999.000
202607160554,   0.631,   1.380,9999.000,9999.000,9999.000,9999.000,9999.000,9999.000,9999.000
202607160600,   0.611,   1.380,   0.400,   0.369,   1.380,   0.400,   1.380,   0.500,   1.480
202607160606,   0.591,   1.361,9999.000,9999.000,9999.000,9999.000,9999.000,9999.000,9999.000
202607160612,   0.572,   1.338,9999.000,9999.000,9999.000,9999.000,9999.000,9999.000,9999.000
202607160618,   0.553,   1.328,9999.000,9999.000,9999.000,9999.000,9999.000,9999.000,9999.000
202607160624,   0.534,   1.318,9999.000,9999.000,9999.000,9999.000,9999.000,9999.000,9999.000
202607160630,   0.516,   1.308,9999.000,9999.000,9999.000,9999.000,9999.000,9999.000,9999.000
202607160636,   0.499,   1.298,9999.000,9999.000,9999.000,9999.000,9999.000,9999.000,9999.000
202607160642,   0.482,   1.279,9999.000,9999.000,9999.000,9999.000,9999.000,9999.000,9999.000
202607160648,   0.465,   1.269,9999.000,9999.000,9999.000,9999.000,9999.000,9999.000,9999.000
202607160654,   0.449,   1.269,9999.000,9999.000,9999.000,9999.000,9999.000,9999.000,9999.000
202607160700,   0.433,   1.269,   0.400,   0.436,   1.269,   0.400,   1.269,   0.500,   1.369
202607160706,   0.418,   1.269,9999.000,9999.000,9999.000,9999.000,9999.000,9999.000,9999.000
202607160712,   0.403,   1.269,9999.000,9999.000,9999.000,9999.000,9999.000,9999.000,9999.000
202607160718,   0.389,   1.269,9999.000,9999.000,9999.000,9999.000,9999.000,9999.000,9999.000
202607160724,   0.375,   1.269,9999.000,9999.000,9999.000,9999.000,9999.000,9999.000,9999.000
202607160730,   0.362,   1.259,9999.000,9999.000,9999.000,9999.000,9999.000,9999.000,9999.000
202607160736,   0.349,   1.259,9999.000,9999.000,9999.000,9999.000,9999.000,9999.000,9999.000
202607160742,   0.337,   1.259,9999.000,9999.000,9999.000,9999.000,9999.000,9999.000,9999.000
202607160748,   0.325,   1.249,9999.000,9999.000,9999.000,9999.000,9999.000,9999.000,9999.000
202607160754,   0.314,   1.239,9999.000,9999.000,9999.000,9999.000,9999.000,9999.000,9999.000
202607160800,   0.303,   1.229,   0.400,   0.526,   1.229,   0.400,   1.229,   0.500,   1.329
202607160806,   0.293,   1.220,9999.000,9999.000,9999.000,9999.000,9999.000,9999.000,9999.000
202607160812,   0.284,   1.220,9999.000,9999.000,9999.000,9999.000,9999.000,9999.000,9999.000
202607160818,   0.276,   1.210,9999.000,9999.000,9999.000,9999.000,9999.000,9999.000,9999.000
202607160824,   0.268,   1.200,9999.000,9999.000,9999.000,9999.000,9999.000,9999.000,9999.000
202607160830,   0.261,   1.190,9999.000,9999.000,9999.000,9999.000,9999.000,9999.000,9999.000
202607160836,   0.256,   1.190,9999.000,9999.000,9999.000,9999.000,9999.000,9999.000,9999.000
202607160842,   0.251,   1.180,9999.000,9999.000,9999.000,9999.000,9999.000,9999.000,9999.000
202607160848,   0.247,   1.161,9999.000,9999.000,9999.000,9999.000,9999.000,9999.000,9999.000
202607160854,   0.245,   1.151,9999.000,9999.000,9999.000,9999.000,9999.000,9999.000,9999.000
202607160900,   0.243,   1.151,   0.400,   0.508,   1.151,   0.400,   1.151,   0.500,   1.251
202607160906,   0.243,   1.128,9999.000,9999.000,9999.000,9999.000,9999.000,9999.000,9999.000
202607160912,   0.245,   1.118,9999.000,9999.000,9999.000,9999.000,9999.000,9999.000,9999.000
202607160918,   0.247,   1.108,9999.000,9999.000,9999.000,9999.000,9999.000,9999.000,9999.000
202607160924,   0.251,   1.098,9999.000,9999.000,9999.000,9999.000,9999.000,9999.000,9999.000
202607160930,   0.257,   1.088,9999.000,9999.000,9999.000,9999.000,9999.000,9999.000,9999.000
202607160936,   0.264,   1.098,9999.000,9999.000,9999.000,9999.000,9999.000,9999.000,9999.000
202607160942,   0.272,   1.079,9999.000,9999.000,9999.000,9999.000,9999.000,9999.000,9999.000
202607160948,   0.282,   1.079,9999.000,9999.000,9999.000,9999.000,9999.000,9999.000,9999.000
202607160954,   0.294,   1.069,9999.000,9999.000,9999.000,9999.000,9999.000,9999.000,9999.000
202607161000,   0.307,   1.069,   0.400,   0.362,   1.069,   0.400,   1.069,   0.500,   1.169
202607161006,   0.322,   1.079,9999.000,9999.000,9999.000,9999.000,9999.000,9999.000,9999.000
202607161012,   0.338,   1.079,9999.000,9999.000,9999.000,9999.000,9999.000,9999.000,9999.000
202607161018,   0.356,   1.069,9999.000,9999.000,9999.000,9999.000,9999.000,9999.000,9999.000
202607161024,   0.375,   1.069,9999.000,9999.000,9999.000,9999.000,9999.000,9999.000,9999.000
202607161030,   0.396,   1.069,9999.000,9999.000,9999.000,9999.000,9999.000,9999.000,9999.000
202607161036,   0.417,   1.088,9999.000,9999.000,9999.000,9999.000,9999.000,9999.000,9999.000
202607161042,   0.440,   1.108,9999.000,9999.000,9999.000,9999.000,9999.000,9999.000,9999.000
202607161048,   0.464,   1.118,9999.000,9999.000,9999.000,9999.000,9999.000,9999.000,9999.000
202607161054,   0.489,   1.138,9999.000,9999.000,9999.000,9999.000,9999.000,9999.000,9999.000
202607161100,   0.514,   1.151,   0.400,   0.237,   1.151,   0.400,   1.151,   0.500,   1.251
202607161106,   0.540,   1.170,9999.000,9999.000,9999.000,9999.000,9999.000,9999.000,9999.000
202607161112,   0.567,   1.180,9999.000,9999.000,9999.000,9999.000,9999.000,9999.000,9999.000
202607161118,   0.593,   1.210,9999.000,9999.000,9999.000,9999.000,9999.000,9999.000,9999.000
202607161124,   0.620,   1.239,9999.000,9999.000,9999.000,9999.000,9999.000,9999.000,9999.000
202607161130,   0.647,   1.259,9999.000,9999.000,9999.000,9999.000,9999.000,9999.000,9999.000
202607161136,   0.674,   1.289,9999.000,9999.000,9999.000,9999.000,9999.000,9999.000,9999.000
202607161142,   0.700,   1.318,9999.000,9999.000,9999.000,9999.000,9999.000,9999.000,9999.000
202607161148,   0.726,   1.348,9999.000,9999.000,9999.000,9999.000,9999.000,9999.000,9999.000
202607161154,   0.752,   1.390,9999.000,9999.000,9999.000,9999.000,9999.000,9999.000,9999.000
202607161200,   0.777,   1.430,   0.400,   0.253,   1.430,   0.400,   1.430,   0.500,   1.530
202607161206,   0.801,   1.459,9999.000,9999.000,9999.000,9999.000,9999.000,9999.000,9999.000
202607161212,   0.824,   1.469,9999.000,9999.000,9999.000,9999.000,9999.000,9999.000,9999.000
202607161218,   0.846,   1.489,9999.000,9999.000,9999.000,9999.000,9999.000,9999.000,9999.000
202607161224,   0.867,   1.498,9999.000,9999.000,9999.000,9999.000,9999.000,9999.000,9999.000
202607161230,   0.887,   1.528,9999.000,9999.000,9999.000,9999.000,9999.000,9999.000,9999.000
202607161236,   0.906,   1.538,9999.000,9999.000,9999.000,9999.000,9999.000,9999.000,9999.000
202607161242,   0.924,   1.528,9999.000,9999.000,9999.000,9999.000,9999.000,9999.000,9999.000
202607161248,   0.941,   1.571,9999.000,9999.000,9999.000,9999.000,9999.000,9999.000,9999.000
202607161254,   0.956,   1.610,9999.000,9999.000,9999.000,9999.000,9999.000,9999.000,9999.000
202607161300,   0.970,   1.630,   0.400,   0.260,   1.630,   0.400,   1.630,   0.500,   1.730
202607161306,   0.983,   1.639,9999.000,9999.000,9999.000,9999.000,9999.000,9999.000,9999.000
202607161312,   0.995,   1.649,9999.000,9999.000,9999.000,9999.000,9999.000,9999.000,9999.000
202607161318,   1.006,   1.679,9999.000,9999.000,9999.000,9999.000,9999.000,9999.000,9999.000
202607161324,   1.015,   1.689,9999.000,9999.000,9999.000,9999.000,9999.000,9999.000,9999.000
202607161330,   1.024,   1.689,9999.000,9999.000,9999.000,9999.000,9999.000,9999.000,9999.000
202607161336,   1.031,   1.669,9999.000,9999.000,9999.000,9999.000,9999.000,9999.000,9999.000
202607161342,   1.037,   1.689,9999.000,9999.000,9999.000,9999.000,9999.000,9999.000,9999.000
202607161348,   1.042,   1.689,9999.000,9999.000,9999.000,9999.000,9999.000,9999.000,9999.000
202607161354,   1.045,   1.689,9999.000,9999.000,9999.000,9999.000,9999.000,9999.000,9999.000
202607161400,   1.048,   1.689,   0.400,   0.241,   1.689,   0.400,   1.689,   0.500,   1.789
202607161406,   1.049,   1.679,9999.000,9999.000,9999.000,9999.000,9999.000,9999.000,9999.000
202607161412,   1.049,   1.669,9999.000,9999.000,9999.000,9999.000,9999.000,9999.000,9999.000
202607161418,   1.048,   1.659,9999.000,9999.000,9999.000,9999.000,9999.000,9999.000,9999.000
202607161424,   1.046,   1.659,9999.000,9999.000,9999.000,9999.000,9999.000,9999.000,9999.000
202607161430,   1.043,   1.639,9999.000,9999.000,9999.000,9999.000,9999.000,9999.000,9999.000
202607161436,   1.038,   1.649,9999.000,9999.000,9999.000,9999.000,9999.000,9999.000,9999.000
202607161442,   1.032,   1.649,9999.000,9999.000,9999.000,9999.000,9999.000,9999.000,9999.000
202607161448,   1.025,   1.639,9999.000,9999.000,9999.000,9999.000,9999.000,9999.000,9999.000
202607161454,   1.017,   1.639,9999.000,9999.000,9999.000,9999.000,9999.000,9999.000,9999.000
202607161500,   1.007,   1.630,   0.400,   0.223,   1.630,   0.400,   1.630,   0.500,   1.730
202607161506,   0.996,   1.610,9999.000,9999.000,9999.000,9999.000,9999.000,9999.000,9999.000
202607161512,   0.985,   1.590,9999.000,9999.000,9999.000,9999.000,9999.000,9999.000,9999.000
202607161518,   0.971,   1.590,9999.000,9999.000,9999.000,9999.000,9999.000,9999.000,9999.000
202607161524,   0.957,   1.571,9999.000,9999.000,9999.000,9999.000,9999.000,9999.000,9999.000
202607161530,   0.942,   1.538,9999.000,9999.000,9999.000,9999.000,9999.000,9999.000,9999.000
202607161536,   0.926,   1.518,9999.000,9999.000,9999.000,9999.000,9999.000,9999.000,9999.000
202607161542,   0.909,   1.528,9999.000,9999.000,9999.000,9999.000,9999.000,9999.000,9999.000
202607161548,   0.891,   1.518,9999.000,9999.000,9999.000,9999.000,9999.000,9999.000,9999.000
202607161554,   0.872,   1.489,9999.000,9999.000,9999.000,9999.000,9999.000,9999.000,9999.000
202607161600,   0.852,   1.449,   0.400,   0.197,   1.449,   0.400,   1.449,   0.500,   1.549
202607161606,   0.832,   1.439,9999.000,9999.000,9999.000,9999.000,9999.000,9999.000,9999.000
202607161612,   0.811,   1.420,9999.000,9999.000,9999.000,9999.000,9999.000,9999.000,9999.000
202607161618,   0.790,   1.390,9999.000,9999.000,9999.000,9999.000,9999.000,9999.000,9999.000
202607161624,   0.769,   1.348,9999.000,9999.000,9999.000,9999.000,9999.000,9999.000,9999.000
202607161630,   0.747,   1.338,9999.000,9999.000,9999.000,9999.000,9999.000,9999.000,9999.000
202607161636,   0.725,   1.318,9999.000,9999.000,9999.000,9999.000,9999.000,9999.000,9999.000
202607161642,   0.704,   1.279,9999.000,9999.000,9999.000,9999.000,9999.000,9999.000,9999.000
202607161648,   0.682,   1.249,9999.000,9999.000,9999.000,9999.000,9999.000,9999.000,9999.000
202607161654,   0.660,   1.239,9999.000,9999.000,9999.000,9999.000,9999.000,9999.000,9999.000
202607161700,   0.639,   1.229,   0.500,   0.090,   1.229,   0.400,   1.129,   0.500,   1.229
202607161706,   0.618,   1.200,9999.000,9999.000,9999.000,9999.000,9999.000,9999.000,9999.000
202607161712,   0.597,   1.190,9999.000,9999.000,9999.000,9999.000,9999.000,9999.000,9999.000
202607161718,   0.577,   1.180,9999.000,9999.000,9999.000,9999.000,9999.000,9999.000,9999.000
202607161724,   0.557,   1.180,9999.000,9999.000,9999.000,9999.000,9999.000,9999.000,9999.000
202607161730,   0.538,   1.170,9999.000,9999.000,9999.000,9999.000,9999.000,9999.000,9999.000
202607161736,   0.519,   1.161,9999.000,9999.000,9999.000,9999.000,9999.000,9999.000,9999.000
202607161742,   0.501,   1.161,9999.000,9999.000,9999.000,9999.000,9999.000,9999.000,9999.000
202607161748,   0.483,   1.151,9999.000,9999.000,9999.000,9999.000,9999.000,9999.000,9999.000
202607161754,   0.466,   1.138,9999.000,9999.000,9999.000,9999.000,9999.000,9999.000,9999.000
202607161800,   0.449,   1.118,   0.500,   0.169,   1.118,   0.400,   1.018,   0.500,   1.118
202607161806,   0.434,   1.108,9999.000,9999.000,9999.000,9999.000,9999.000,9999.000,9999.000
202607161812,   0.418,   1.098,9999.000,9999.000,9999.000,9999.000,9999.000,9999.000,9999.000
202607161818,   0.404,   1.088,9999.000,9999.000,9999.000,9999.000,9999.000,9999.000,9999.000
202607161824,   0.390,   1.088,9999.000,9999.000,9999.000,9999.000,9999.000,9999.000,9999.000
202607161830,   0.376,   1.069,9999.000,9999.000,9999.000,9999.000,9999.000,9999.000,9999.000
202607161836,   0.363,   1.079,9999.000,9999.000,9999.000,9999.000,9999.000,9999.000,9999.000
202607161842,   0.351,   1.069,9999.000,9999.000,9999.000,9999.000,9999.000,9999.000,9999.000
202607161848,   0.339,   1.059,9999.000,9999.000,9999.000,9999.000,9999.000,9999.000,9999.000
202607161854,   0.328,   1.049,9999.000,9999.000,9999.000,9999.000,9999.000,9999.000,9999.000
202607161900,   0.317,   1.049,   0.500,   0.232,   1.049,   0.500,   1.049,   0.500,   1.049
202607161906,   0.307,   1.039,9999.000,9999.000,9999.000,9999.000,9999.000,9999.000,9999.000
202607161912,   0.298,   1.029,9999.000,9999.000,9999.000,9999.000,9999.000,9999.000,9999.000
202607161918,   0.289,   1.029,9999.000,9999.000,9999.000,9999.000,9999.000,9999.000,9999.000
202607161924,   0.280,   1.020,9999.000,9999.000,9999.000,9999.000,9999.000,9999.000,9999.000
202607161930,   0.272,   1.029,9999.000,9999.000,9999.000,9999.000,9999.000,9999.000,9999.000
202607161936,   0.265,   1.029,9999.000,9999.000,9999.000,9999.000,9999.000,9999.000,9999.000
202607161942,   0.258,   1.020,9999.000,9999.000,9999.000,9999.000,9999.000,9999.000,9999.000
202607161948,   0.252,   1.000,9999.000,9999.000,9999.000,9999.000,9999.000,9999.000,9999.000
202607161954,   0.247,   1.010,9999.000,9999.000,9999.000,9999.000,9999.000,9999.000,9999.000
202607162000,   0.242,   0.990,   0.500,   0.248,   0.990,   0.500,   0.990,   0.500,   0.990
202607162006,   0.238,   1.010,9999.000,9999.000,9999.000,9999.000,9999.000,9999.000,9999.000
202607162012,   0.234,   1.010,9999.000,9999.000,9999.000,9999.000,9999.000,9999.000,9999.000
202607162018,   0.231,   1.010,9999.000,9999.000,9999.000,9999.000,9999.000,9999.000,9999.000
202607162024,   0.229,   1.020,9999.000,9999.000,9999.000,9999.000,9999.000,9999.000,9999.000
202607162030,   0.228,   1.020,9999.000,9999.000,9999.000,9999.000,9999.000,9999.000,9999.000
202607162036,   0.228,   1.029,9999.000,9999.000,9999.000,9999.000,9999.000,9999.000,9999.000
202607162042,   0.228,   1.029,9999.000,9999.000,9999.000,9999.000,9999.000,9999.000,9999.000
202607162048,   0.230,   1.039,9999.000,9999.000,9999.000,9999.000,9999.000,9999.000,9999.000
202607162054,   0.232,   1.039,9999.000,9999.000,9999.000,9999.000,9999.000,9999.000,9999.000
202607162100,   0.236,   1.049,   0.500,   0.313,   1.049,   0.500,   1.049,   0.500,   1.049
202607162106,   0.240,   1.049,9999.000,9999.000,9999.000,9999.000,9999.000,9999.000,9999.000
202607162112,   0.246,   1.059,9999.000,9999.000,9999.000,9999.000,9999.000,9999.000,9999.000
202607162118,   0.253,   1.079,9999.000,9999.000,9999.000,9999.000,9999.000,9999.000,9999.000
202607162124,   0.261,   1.088,9999.000,9999.000,9999.000,9999.000,9999.000,9999.000,9999.000
202607162130,   0.270,   1.088,9999.000,9999.000,9999.000,9999.000,9999.000,9999.000,9999.000
202607162136,   0.281,   1.098,9999.000,9999.000,9999.000,9999.000,9999.000,9999.000,9999.000
202607162142,   0.293,   1.108,9999.000,9999.000,9999.000,9999.000,9999.000,9999.000,9999.000
202607162148,   0.307,   1.128,9999.000,9999.000,9999.000,9999.000,9999.000,9999.000,9999.000
202607162154,   0.322,   1.138,9999.000,9999.000,9999.000,9999.000,9999.000,9999.000,9999.000
202607162200,   0.338,   1.161,   0.600,   0.223,   1.161,   0.500,   1.061,   0.600,   1.161
202607162206,   0.356,   1.170,9999.000,9999.000,9999.000,9999.000,9999.000,9999.000,9999.000
202607162212,   0.376,   1.180,9999.000,9999.000,9999.000,9999.000,9999.000,9999.000,9999.000
202607162218,   0.397,   1.200,9999.000,9999.000,9999.000,9999.000,9999.000,9999.000,9999.000
202607162224,   0.420,   1.210,9999.000,9999.000,9999.000,9999.000,9999.000,9999.000,9999.000
202607162230,   0.444,   1.229,9999.000,9999.000,9999.000,9999.000,9999.000,9999.000,9999.000
202607162236,   0.470,   1.249,9999.000,9999.000,9999.000,9999.000,9999.000,9999.000,9999.000
202607162242,   0.496,   1.269,9999.000,9999.000,9999.000,9999.000,9999.000,9999.000,9999.000
202607162248,   0.525,   1.289,9999.000,9999.000,9999.000,9999.000,9999.000,9999.000,9999.000
202607162254,   0.554,   1.308,9999.000,9999.000,9999.000,9999.000,9999.000,9999.000,9999.000
202607162300,   0.585,   1.348,   0.600,   0.163,   1.348,   0.500,   1.248,   0.600,   1.348
202607162306,   0.616,   1.361,9999.000,9999.000,9999.000,9999.000,9999.000,9999.000,9999.000
202607162312,   0.649,   1.380,9999.000,9999.000,9999.000,9999.000,9999.000,9999.000,9999.000
202607162318,   0.682,   1.420,9999.000,9999.000,9999.000,9999.000,9999.000,9999.000,9999.000
202607162324,   0.716,   1.449,9999.000,9999.000,9999.000,9999.000,9999.000,9999.000,9999.000
202607162330,   0.750,   1.489,9999.000,9999.000,9999.000,9999.000,9999.000,9999.000,9999.000
202607162336,   0.784,   1.508,9999.000,9999.000,9999.000,9999.000,9999.000,9999.000,9999.000
202607162342,   0.819,   1.538,9999.000,9999.000,9999.000,9999.000,9999.000,9999.000,9999.000
202607162348,   0.853,   1.590,9999.000,9999.000,9999.000,9999.000,9999.000,9999.000,9999.000
202607162354,   0.887,   1.639,9999.000,9999.000,9999.000,9999.000,9999.000,9999.000,9999.000
202607170000,   0.921,   1.699,   0.600,   0.178,   1.699,   0.600,   1.699,   0.600,   1.699
202607170006,   0.954,   1.728,9999.000,9999.000,9999.000,9999.000,9999.000,9999.000,9999.000
202607170012,   0.987,   1.781,9999.000,9999.000,9999.000,9999.000,9999.000,9999.000,9999.000
202607170018,   1.019,   1.820,9999.000,9999.000,9999.000,9999.000,9999.000,9999.000,9999.000
202607170024,   1.050,   1.859,9999.000,9999.000,9999.000,9999.000,9999.000,9999.000,9999.000
202607170030,   1.079,   1.879,9999.000,9999.000,9999.000,9999.000,9999.000,9999.000,9999.000
202607170036,   1.108,   1.899,9999.000,9999.000,9999.000,9999.000,9999.000,9999.000,9999.000
202607170042,   1.136,   1.908,9999.000,9999.000,9999.000,9999.000,9999.000,9999.000,9999.000
202607170048,   1.162,   1.918,9999.000,9999.000,9999.000,9999.000,9999.000,9999.000,9999.000
202607170054,   1.187,   1.938,9999.000,9999.000,9999.000,9999.000,9999.000,9999.000,9999.000
202607170100,   1.210,   1.958,   0.600,   0.148,   1.958,   0.600,   1.958,   0.600,   1.958
202607170106,   1.232,   1.967,9999.000,9999.000,9999.000,9999.000,9999.000,9999.000,9999.000
202607170112,   1.253,   1.958,9999.000,9999.000,9999.000,9999.000,9999.000,9999.000,9999.000
202607170118,   1.272,   1.967,9999.000,9999.000,9999.000,9999.000,9999.000,9999.000,9999.000
202607170124,   1.289,   1.990,9999.000,9999.000,9999.000,9999.000,9999.000,9999.000,9999.000
202607170130,   1.305,   1.990,9999.000,9999.000,9999.000,9999.000,9999.000,9999.000,9999.000
202607170136,   1.320,   2.000,9999.000,9999.000,9999.000,9999.000,9999.000,9999.000,9999.000
202607170142,   1.333,   2.020,9999.000,9999.000,9999.000,9999.000,9999.000,9999.000,9999.000
202607170148,   1.345,   2.030,9999.000,9999.000,9999.000,9999.000,9999.000,9999.000,9999.000
202607170154,   1.355,   2.049,9999.000,9999.000,9999.000,9999.000,9999.000,9999.000,9999.000
202607170200,   1.364,   2.040,   0.600,   0.076,   2.040,   0.600,   2.040,   0.600,   2.040
202607170206,   1.372,   2.049,9999.000,9999.000,9999.000,9999.000,9999.000,9999.000,9999.000
202607170212,   1.378,   2.059,9999.000,9999.000,9999.000,9999.000,9999.000,9999.000,9999.000
202607170218,   1.383,   2.069,9999.000,9999.000,9999.000,9999.000,9999.000,9999.000,9999.000
202607170224,   1.386,   2.089,9999.000,9999.000,9999.000,9999.000,9999.000,9999.000,9999.000
202607170230,   1.388,   2.099,9999.000,9999.000,9999.000,9999.000,9999.000,9999.000,9999.000
202607170236,   1.389,   2.099,9999.000,9999.000,9999.000,9999.000,9999.000,9999.000,9999.000
202607170242,   1.388,   2.099,9999.000,9999.000,9999.000,9999.000,9999.000,9999.000,9999.000
202607170248,   1.386,   2.099,9999.000,9999.000,9999.000,9999.000,9999.000,9999.000,9999.000
202607170254,   1.382,   2.109,9999.000,9999.000,9999.000,9999.000,9999.000,9999.000,9999.000
202607170300,   1.377,   2.109,   0.600,   0.132,   2.109,   0.600,   2.109,   0.700,   2.209
202607170306,   1.371,   2.099,9999.000,9999.000,9999.000,9999.000,9999.000,9999.000,9999.000
202607170312,   1.363,   2.099,9999.000,9999.000,9999.000,9999.000,9999.000,9999.000,9999.000
202607170318,   1.354,   2.089,9999.000,9999.000,9999.000,9999.000,9999.000,9999.000,9999.000
202607170324,   1.343,   2.079,9999.000,9999.000,9999.000,9999.000,9999.000,9999.000,9999.000
202607170330,   1.331,   2.079,9999.000,9999.000,9999.000,9999.000,9999.000,9999.000,9999.000
202607170336,   1.318,   2.069,9999.000,9999.000,9999.000,9999.000,9999.000,9999.000,9999.000
202607170342,   1.304,   2.049,9999.000,9999.000,9999.000,9999.000,9999.000,9999.000,9999.000
202607170348,   1.288,   2.049,9999.000,9999.000,9999.000,9999.000,9999.000,9999.000,9999.000
202607170354,   1.271,   2.030,9999.000,9999.000,9999.000,9999.000,9999.000,9999.000,9999.000
202607170400,   1.253,   2.010,   0.600,   0.157,   2.010,   0.600,   2.010,   0.700,   2.110
202607170406,   1.234,   1.990,9999.000,9999.000,9999.000,9999.000,9999.000,9999.000,9999.000
202607170412,   1.214,   1.981,9999.000,9999.000,9999.000,9999.000,9999.000,9999.000,9999.000
202607170418,   1.193,   1.958,9999.000,9999.000,9999.000,9999.000,9999.000,9999.000,9999.000
202607170424,   1.171,   1.938,9999.000,9999.000,9999.000,9999.000,9999.000,9999.000,9999.000
202607170430,   1.148,   1.918,9999.000,9999.000,9999.000,9999.000,9999.000,9999.000,9999.000
202607170436,   1.125,   1.889,9999.000,9999.000,9999.000,9999.000,9999.000,9999.000,9999.000
202607170442,   1.101,   1.859,9999.000,9999.000,9999.000,9999.000,9999.000,9999.000,9999.000
202607170448,   1.077,   1.810,9999.000,9999.000,9999.000,9999.000,9999.000,9999.000,9999.000
202607170454,   1.052,   1.781,9999.000,9999.000,9999.000,9999.000,9999.000,9999.000,9999.000
202607170500,   1.027,   1.748,   0.600,   0.121,   1.748,   0.600,   1.748,   0.700,   1.848
202607170506,   1.002,   1.718,9999.000,9999.000,9999.000,9999.000,9999.000,9999.000,9999.000
202607170512,   0.977,   1.679,9999.000,9999.000,9999.000,9999.000,9999.000,9999.000,9999.000
202607170518,   0.952,   1.659,9999.000,9999.000,9999.000,9999.000,9999.000,9999.000,9999.000
202607170524,   0.927,   1.630,9999.000,9999.000,9999.000,9999.000,9999.000,9999.000,9999.000
202607170530,   0.902,   1.610,9999.000,9999.000,9999.000,9999.000,9999.000,9999.000,9999.000
202607170536,   0.877,   1.590,9999.000,9999.000,9999.000,9999.000,9999.000,9999.000,9999.000
202607170542,   0.853,   1.571,9999.000,9999.000,9999.000,9999.000,9999.000,9999.000,9999.000
202607170548,   0.829,   1.548,9999.000,9999.000,9999.000,9999.000,9999.000,9999.000,9999.000
202607170554,   0.805,   1.528,9999.000,9999.000,9999.000,9999.000,9999.000,9999.000,9999.000
202607170600,   0.782,   1.528,   0.600,   0.146,   1.528,   0.600,   1.528,   0.700,   1.628
202607170606,   0.759,   1.508,9999.000,9999.000,9999.000,9999.000,9999.000,9999.000,9999.000
202607170612,   0.736,   1.489,9999.000,9999.000,9999.000,9999.000,9999.000,9999.000,9999.000
202607170618,   0.714,   1.459,9999.000,9999.000,9999.000,9999.000,9999.000,9999.000,9999.000
202607170624,   0.693,   1.449,9999.000,9999.000,9999.000,9999.000,9999.000,9999.000,9999.000
202607170630,   0.672,   1.439,9999.000,9999.000,9999.000,9999.000,9999.000,9999.000,9999.000
202607170636,   0.651,   1.420,9999.000,9999.000,9999.000,9999.000,9999.000,9999.000,9999.000
202607170642,   0.631,   1.400,9999.000,9999.000,9999.000,9999.000,9999.000,9999.000,9999.000
202607170648,   0.611,   1.380,9999.000,9999.000,9999.000,9999.000,9999.000,9999.000,9999.000
202607170654,   0.592,   1.371,9999.000,9999.000,9999.000,9999.000,9999.000,9999.000,9999.000
202607170700,   0.573,   1.348,   0.600,   0.175,   1.348,   0.600,   1.348,   0.600,   1.348
202607170706,   0.554,   1.328,9999.000,9999.000,9999.000,9999.000,9999.000,9999.000,9999.000
202607170712,   0.536,   1.318,9999.000,9999.000,9999.000,9999.000,9999.000,9999.000,9999.000
202607170718,   0.519,   1.298,9999.000,9999.000,9999.000,9999.000,9999.000,9999.000,9999.000
202607170724,   0.501,   1.289,9999.000,9999.000,9999.000,9999.000,9999.000,9999.000,9999.000
202607170730,   0.484,   1.269,9999.000,9999.000,9999.000,9999.000,9999.000,9999.000,9999.000
202607170736,   0.468,   1.259,9999.000,9999.000,9999.000,9999.000,9999.000,9999.000,9999.000
202607170742,   0.452,   1.249,9999.000,9999.000,9999.000,9999.000,9999.000,9999.000,9999.000
202607170748,   0.436,   1.239,9999.000,9999.000,9999.000,9999.000,9999.000,9999.000,9999.000
202607170754,   0.421,   1.220,9999.000,9999.000,9999.000,9999.000,9999.000,9999.000,9999.000
202607170800,   0.406,   1.210,   0.600,   0.204,   1.210,   0.600,   1.210,   0.600,   1.210
202607170806,   0.391,   1.200,9999.000,9999.000,9999.000,9999.000,9999.000,9999.000,9999.000
202607170812,   0.377,   1.190,9999.000,9999.000,9999.000,9999.000,9999.000,9999.000,9999.000
202607170818,   0.364,   1.180,9999.000,9999.000,9999.000,9999.000,9999.000,9999.000,9999.000
202607170824,   0.351,   1.170,9999.000,9999.000,9999.000,9999.000,9999.000,9999.000,9999.000
202607170830,   0.338,   1.161,9999.000,9999.000,9999.000,9999.000,9999.000,9999.000,9999.000
202607170836,   0.326,   1.138,9999.000,9999.000,9999.000,9999.000,9999.000,9999.000,9999.000
202607170842,   0.315,   1.138,9999.000,9999.000,9999.000,9999.000,9999.000,9999.000,9999.000
202607170848,   0.304,   1.118,9999.000,9999.000,9999.000,9999.000,9999.000,9999.000,9999.000
202607170854,   0.294,   1.128,9999.000,9999.000,9999.000,9999.000,9999.000,9999.000,9999.000
202607170900,   0.285,   1.098,   0.600,   0.213,   1.098,   0.600,   1.098,   0.600,   1.098
202607170906,   0.276,   1.088,9999.000,9999.000,9999.000,9999.000,9999.000,9999.000,9999.000
202607170912,   0.268,   1.079,9999.000,9999.000,9999.000,9999.000,9999.000,9999.000,9999.000
202607170918,   0.261,   1.069,9999.000,9999.000,9999.000,9999.000,9999.000,9999.000,9999.000
202607170924,   0.255,   1.049,9999.000,9999.000,9999.000,9999.000,9999.000,9999.000,9999.000
202607170930,   0.250,   1.039,9999.000,9999.000,9999.000,9999.000,9999.000,9999.000,9999.000
202607170936,   0.246,   1.029,9999.000,9999.000,9999.000,9999.000,9999.000,9999.000,9999.000
202607170942,   0.244,   1.020,9999.000,9999.000,9999.000,9999.000,9999.000,9999.000,9999.000
202607170948,   0.242,   1.010,9999.000,9999.000,9999.000,9999.000,9999.000,9999.000,9999.000
202607170954,   0.241,   1.000,9999.000,9999.000,9999.000,9999.000,9999.000,9999.000,9999.000
202607171000,   0.242,   0.980,   0.600,   0.138,   0.980,   0.500,   0.880,   0.600,   0.980
202607171006,   0.245,   0.980,9999.000,9999.000,9999.000,9999.000,9999.000,9999.000,9999.000
202607171012,   0.248,   0.970,9999.000,9999.000,9999.000,9999.000,9999.000,9999.000,9999.000
202607171018,   0.253,   0.961,9999.000,9999.000,9999.000,9999.000,9999.000,9999.000,9999.000
202607171024,   0.260,   0.951,9999.000,9999.000,9999.000,9999.000,9999.000,9999.000,9999.000
202607171030,   0.268,   0.941,9999.000,9999.000,9999.000,9999.000,9999.000,9999.000,9999.000
202607171036,   0.278,   0.951,9999.000,9999.000,9999.000,9999.000,9999.000,9999.000,9999.000
202607171042,   0.289,   0.951,9999.000,9999.000,9999.000,9999.000,9999.000,9999.000,9999.000
202607171048,   0.302,   0.941,9999.000,9999.000,9999.000,9999.000,9999.000,9999.000,9999.000
202607171054,   0.317,   0.941,9999.000,9999.000,9999.000,9999.000,9999.000,9999.000,9999.000
202607171100,   0.333,   0.951,   0.600,   0.018,   0.951,   0.500,   0.851,   0.600,   0.951
202607171106,   0.350,   0.961,9999.000,9999.000,9999.000,9999.000,9999.000,9999.000,9999.000
202607171112,   0.369,   0.961,9999.000,9999.000,9999.000,9999.000,9999.000,9999.000,9999.000
202607171118,   0.389,   0.970,9999.000,9999.000,9999.000,9999.000,9999.000,9999.000,9999.000
202607171124,   0.411,   0.970,9999.000,9999.000,9999.000,9999.000,9999.000,9999.000,9999.000
202607171130,   0.433,   1.000,9999.000,9999.000,9999.000,9999.000,9999.000,9999.000,9999.000
202607171136,   0.457,   1.010,9999.000,9999.000,9999.000,9999.000,9999.000,9999.000,9999.000
202607171142,   0.481,   1.020,9999.000,9999.000,9999.000,9999.000,9999.000,9999.000,9999.000
202607171148,   0.506,   1.029,9999.000,9999.000,9999.000,9999.000,9999.000,9999.000,9999.000
202607171154,   0.532,   1.049,9999.000,9999.000,9999.000,9999.000,9999.000,9999.000,9999.000
202607171200,   0.559,   1.069,   0.600,  -0.090,   1.069,   0.600,   1.069,   0.600,   1.069
202607171206,   0.586,   1.088,9999.000,9999.000,9999.000,9999.000,9999.000,9999.000,9999.000
202607171212,   0.612,   1.118,9999.000,9999.000,9999.000,9999.000,9999.000,9999.000,9999.000
202607171218,   0.639,   1.161,9999.000,9999.000,9999.000,9999.000,9999.000,9999.000,9999.000
202607171224,   0.666,   1.170,9999.000,9999.000,9999.000,9999.000,9999.000,9999.000,9999.000
202607171230,   0.693,   1.190,9999.000,9999.000,9999.000,9999.000,9999.000,9999.000,9999.000
202607171236,   0.719,   1.210,9999.000,9999.000,9999.000,9999.000,9999.000,9999.000,9999.000
202607171242,   0.745,   1.259,9999.000,9999.000,9999.000,9999.000,9999.000,9999.000,9999.000
202607171248,   0.770,   1.318,9999.000,9999.000,9999.000,9999.000,9999.000,9999.000,9999.000
202607171254,   0.794,   1.338,9999.000,9999.000,9999.000,9999.000,9999.000,9999.000,9999.000
202607171300,   0.818,   1.390,   0.600,  -0.028,   1.390,   0.600,   1.390,   0.600,   1.390
202607171306,   0.840,   1.410,9999.000,9999.000,9999.000,9999.000,9999.000,9999.000,9999.000
202607171312,   0.862,   1.430,9999.000,9999.000,9999.000,9999.000,9999.000,9999.000,9999.000
202607171318,   0.882,   1.439,9999.000,9999.000,9999.000,9999.000,9999.000,9999.000,9999.000
202607171324,   0.902,   1.479,9999.000,9999.000,9999.000,9999.000,9999.000,9999.000,9999.000
202607171330,   0.920,   1.498,9999.000,9999.000,9999.000,9999.000,9999.000,9999.000,9999.000
202607171336,   0.937,   1.508,9999.000,9999.000,9999.000,9999.000,9999.000,9999.000,9999.000
202607171342,   0.954,   1.518,9999.000,9999.000,9999.000,9999.000,9999.000,9999.000,9999.000
202607171348,   0.968,   1.528,9999.000,9999.000,9999.000,9999.000,9999.000,9999.000,9999.000
202607171354,   0.982,   1.518,9999.000,9999.000,9999.000,9999.000,9999.000,9999.000,9999.000
202607171400,   0.995,   1.528,   0.600,  -0.067,   1.528,   0.600,   1.528,   0.600,   1.528
202607171406,   1.006,   1.528,9999.000,9999.000,9999.000,9999.000,9999.000,9999.000,9999.000
202607171412,   1.017,   1.528,9999.000,9999.000,9999.000,9999.000,9999.000,9999.000,9999.000
202607171418,   1.026,   1.538,9999.000,9999.000,9999.000,9999.000,9999.000,9999.000,9999.000
202607171424,   1.034,   1.548,9999.000,9999.000,9999.000,9999.000,9999.000,9999.000,9999.000
202607171430,   1.041,   1.528,9999.000,9999.000,9999.000,9999.000,9999.000,9999.000,9999.000
202607171436,   1.047,   1.538,9999.000,9999.000,9999.000,9999.000,9999.000,9999.000,9999.000
202607171442,   1.052,   1.538,9999.000,9999.000,9999.000,9999.000,9999.000,9999.000,9999.000
202607171448,   1.056,   1.548,9999.000,9999.000,9999.000,9999.000,9999.000,9999.000,9999.000
202607171454,   1.058,   1.557,9999.000,9999.000,9999.000,9999.000,9999.000,9999.000,9999.000
202607171500,   1.060,   1.548,   0.600,  -0.112,   1.548,   0.600,   1.548,   0.600,   1.548
202607171506,   1.060,   1.548,9999.000,9999.000,9999.000,9999.000,9999.000,9999.000,9999.000
202607171512,   1.060,   1.538,9999.000,9999.000,9999.000,9999.000,9999.000,9999.000,9999.000
202607171518,   1.058,   1.528,9999.000,9999.000,9999.000,9999.000,9999.000,9999.000,9999.000
202607171524,   1.055,   1.528,9999.000,9999.000,9999.000,9999.000,9999.000,9999.000,9999.000
202607171530,   1.051,   1.528,9999.000,9999.000,9999.000,9999.000,9999.000,9999.000,9999.000
202607171536,   1.046,   1.538,9999.000,9999.000,9999.000,9999.000,9999.000,9999.000,9999.000
202607171542,   1.040,   1.528,9999.000,9999.000,9999.000,9999.000,9999.000,9999.000,9999.000
202607171548,   1.032,   1.538,9999.000,9999.000,9999.000,9999.000,9999.000,9999.000,9999.000
202607171554,   1.023,   1.528,9999.000,9999.000,9999.000,9999.000,9999.000,9999.000,9999.000
202607171600,   1.014,   1.518,   0.600,  -0.096,   1.518,   0.500,   1.418,   0.600,   1.518
202607171606,   1.003,   1.518,9999.000,9999.000,9999.000,9999.000,9999.000,9999.000,9999.000
202607171612,   0.991,   1.508,9999.000,9999.000,9999.000,9999.000,9999.000,9999.000,9999.000
202607171618,   0.977,   1.508,9999.000,9999.000,9999.000,9999.000,9999.000,9999.000,9999.000
202607171624,   0.963,   1.498,9999.000,9999.000,9999.000,9999.000,9999.000,9999.000,9999.000
202607171630,   0.948,   1.489,9999.000,9999.000,9999.000,9999.000,9999.000,9999.000,9999.000
202607171636,   0.932,   1.479,9999.000,9999.000,9999.000,9999.000,9999.000,9999.000,9999.000
202607171642,   0.916,   1.469,9999.000,9999.000,9999.000,9999.000,9999.000,9999.000,9999.000
202607171648,   0.898,   1.469,9999.000,9999.000,9999.000,9999.000,9999.000,9999.000,9999.000
202607171654,   0.880,   1.459,9999.000,9999.000,9999.000,9999.000,9999.000,9999.000,9999.000
202607171700,   0.861,   1.430,   0.600,  -0.031,   1.430,   0.500,   1.330,   0.600,   1.430
202607171706,   0.842,   1.400,9999.000,9999.000,9999.000,9999.000,9999.000,9999.000,9999.000
202607171712,   0.822,   1.390,9999.000,9999.000,9999.000,9999.000,9999.000,9999.000,9999.000
202607171718,   0.802,   1.348,9999.000,9999.000,9999.000,9999.000,9999.000,9999.000,9999.000
202607171724,   0.782,   1.318,9999.000,9999.000,9999.000,9999.000,9999.000,9999.000,9999.000
202607171730,   0.762,   1.308,9999.000,9999.000,9999.000,9999.000,9999.000,9999.000,9999.000
202607171736,   0.742,   1.289,9999.000,9999.000,9999.000,9999.000,9999.000,9999.000,9999.000
202607171742,   0.721,   1.239,9999.000,9999.000,9999.000,9999.000,9999.000,9999.000,9999.000
202607171748,   0.701,   1.210,9999.000,9999.000,9999.000,9999.000,9999.000,9999.000,9999.000
202607171754,   0.681,   1.210,9999.000,9999.000,9999.000,9999.000,9999.000,9999.000,9999.000
202607171800,   0.662,   1.180,   0.600,  -0.082,   1.180,   0.500,   1.080,   0.600,   1.180
202607171806,   0.643,   1.161,9999.000,9999.000,9999.000,9999.000,9999.000,9999.000,9999.000
202607171812,   0.624,   1.161,9999.000,9999.000,9999.000,9999.000,9999.000,9999.000,9999.000
202607171818,   0.605,   1.161,9999.000,9999.000,9999.000,9999.000,9999.000,9999.000,9999.000
202607171824,   0.587,   1.161,9999.000,9999.000,9999.000,9999.000,9999.000,9999.000,9999.000
202607171830,   0.569,   1.151,9999.000,9999.000,9999.000,9999.000,9999.000,9999.000,9999.000
202607171836,   0.552,   1.138,9999.000,9999.000,9999.000,9999.000,9999.000,9999.000,9999.000
202607171842,   0.535,   1.138,9999.000,9999.000,9999.000,9999.000,9999.000,9999.000,9999.000
202607171848,   0.519,   1.138,9999.000,9999.000,9999.000,9999.000,9999.000,9999.000,9999.000
202607171854,   0.504,   1.128,9999.000,9999.000,9999.000,9999.000,9999.000,9999.000,9999.000
202607171900,   0.489,   1.118,   0.600,   0.029,   1.118,   0.500,   1.018,   0.600,   1.118
202607171906,   0.474,   1.118,9999.000,9999.000,9999.000,9999.000,9999.000,9999.000,9999.000
202607171912,   0.460,   1.108,9999.000,9999.000,9999.000,9999.000,9999.000,9999.000,9999.000
202607171918,   0.446,   1.098,9999.000,9999.000,9999.000,9999.000,9999.000,9999.000,9999.000
202607171924,   0.433,   1.088,9999.000,9999.000,9999.000,9999.000,9999.000,9999.000,9999.000
202607171930,   0.421,9999.000,9999.000,9999.000,9999.000,9999.000,9999.000,9999.000,9999.000
202607171936,   0.409,9999.000,9999.000,9999.000,9999.000,9999.000,9999.000,9999.000,9999.000
202607171942,   0.397,9999.000,9999.000,9999.000,9999.000,9999.000,9999.000,9999.000,9999.000
202607171948,   0.386,9999.000,9999.000,9999.000,9999.000,9999.000,9999.000,9999.000,9999.000
202607171954,   0.375,9999.000,9999.000,9999.000,9999.000,9999.000,9999.000,9999.000,9999.000
202607172000,   0.365,9999.000,   0.600,9999.000,   0.965,   0.500,   0.865,   0.600,   0.965
202607172006,   0.356,   1.029,9999.000,9999.000,9999.000,9999.000,9999.000,9999.000,9999.000
202607172012,   0.347,   1.020,9999.000,9999.000,9999.000,9999.000,9999.000,9999.000,9999.000
202607172018,   0.338,   1.020,9999.000,9999.000,9999.000,9999.000,9999.000,9999.000,9999.000
202607172024,   0.330,9999.000,9999.000,9999.000,9999.000,9999.000,9999.000,9999.000,9999.000
202607172030,   0.322,9999.000,9999.000,9999.000,9999.000,9999.000,9999.000,9999.000,9999.000
202607172036,   0.315,9999.000,9999.000,9999.000,9999.000,9999.000,9999.000,9999.000,9999.000
202607172042,   0.308,   0.990,9999.000,9999.000,9999.000,9999.000,9999.000,9999.000,9999.000
202607172048,   0.303,   0.990,9999.000,9999.000,9999.000,9999.000,9999.000,9999.000,9999.000
202607172054,   0.297,   0.980,9999.000,9999.000,9999.000,9999.000,9999.000,9999.000,9999.000
202607172100,   0.292,   0.980,   0.600,   0.088,   0.980,   0.500,   0.880,   0.600,   0.980
202607172106,   0.288,9999.000,9999.000,9999.000,9999.000,9999.000,9999.000,9999.000,9999.000
202607172112,   0.285,9999.000,9999.000,9999.000,9999.000,9999.000,9999.000,9999.000,9999.000
202607172118,   0.282,9999.000,9999.000,9999.000,9999.000,9999.000,9999.000,9999.000,9999.000
202607172124,   0.281,9999.000,9999.000,9999.000,9999.000,9999.000,9999.000,9999.000,9999.000
202607172130,   0.279,9999.000,9999.000,9999.000,9999.000,9999.000,9999.000,9999.000,9999.000
202607172136,   0.279,   0.941,9999.000,9999.000,9999.000,9999.000,9999.000,9999.000,9999.000
202607172142,   0.280,   0.941,9999.000,9999.000,9999.000,9999.000,9999.000,9999.000,9999.000
202607172148,   0.281,   0.941,9999.000,9999.000,9999.000,9999.000,9999.000,9999.000,9999.000
202607172154,   0.284,9999.000,9999.000,9999.000,9999.000,9999.000,9999.000,9999.000,9999.000
202607172200,   0.288,9999.000,   0.600,9999.000,   0.888,   0.600,   0.888,   0.600,   0.888
202607172206,   0.292,9999.000,9999.000,9999.000,9999.000,9999.000,9999.000,9999.000,9999.000
202607172212,   0.298,9999.000,9999.000,9999.000,9999.000,9999.000,9999.000,9999.000,9999.000
202607172218,   0.306,9999.000,9999.000,9999.000,9999.000,9999.000,9999.000,9999.000,9999.000
202607172224,   0.314,   0.944,9999.000,9999.000,9999.000,9999.000,9999.000,9999.000,9999.000
202607172230,   0.324,9999.000,9999.000,9999.000,9999.000,9999.000,9999.000,9999.000,9999.000
202607172236,   0.335,9999.000,9999.000,9999.000,9999.000,9999.000,9999.000,9999.000,9999.000
202607172242,   0.347,9999.000,9999.000,9999.000,9999.000,9999.000,9999.000,9999.000,9999.000
202607172248,   0.361,   0.941,9999.000,9999.000,9999.000,9999.000,9999.000,9999.000,9999.000
202607172254,   0.376,   0.941,9999.000,9999.000,9999.000,9999.000,9999.000,9999.000,9999.000
202607172300,   0.393,   0.941,   0.600,  -0.052,   0.941,   0.600,   0.941,   0.600,   0.941
202607172306,   0.411,   0.951,9999.000,9999.000,9999.000,9999.000,9999.000,9999.000,9999.000
202607172312,   0.430,   0.961,9999.000,9999.000,9999.000,9999.000,9999.000,9999.000,9999.000
202607172318,   0.451,   0.980,9999.000,9999.000,9999.000,9999.000,9999.000,9999.000,9999.000
202607172324,   0.474,   1.000,9999.000,9999.000,9999.000,9999.000,9999.000,9999.000,9999.000
202607172330,   0.497,   1.029,9999.000,9999.000,9999.000,9999.000,9999.000,9999.000,9999.000
202607172336,   0.522,   1.049,9999.000,9999.000,9999.000,9999.000,9999.000,9999.000,9999.000
202607172342,   0.548,   1.079,9999.000,9999.000,9999.000,9999.000,9999.000,9999.000,9999.000
202607172348,   0.575,   1.108,9999.000,9999.000,9999.000,9999.000,9999.000,9999.000,9999.000
202607172354,   0.604,   1.138,9999.000,9999.000,9999.000,9999.000,9999.000,9999.000,9999.000
202607180000,   0.632,   1.180,   0.600,  -0.052,   1.180,   0.600,   1.180,   0.600,   1.180
202607180006,   0.662,   1.200,9999.000,9999.000,9999.000,9999.000,9999.000,9999.000,9999.000
202607180012,   0.692,   1.249,9999.000,9999.000,9999.000,9999.000,9999.000,9999.000,9999.000
202607180018,   0.723,   1.298,9999.000,9999.000,9999.000,9999.000,9999.000,9999.000,9999.000
202607180024,   0.754,   1.338,9999.000,9999.000,9999.000,9999.000,9999.000,9999.000,9999.000
202607180030,   0.785,   1.390,9999.000,9999.000,9999.000,9999.000,9999.000,9999.000,9999.000
202607180036,   0.816,   1.449,9999.000,9999.000,9999.000,9999.000,9999.000,9999.000,9999.000
202607180042,   0.847,   1.489,9999.000,9999.000,9999.000,9999.000,9999.000,9999.000,9999.000
202607180048,   0.877,   1.528,9999.000,9999.000,9999.000,9999.000,9999.000,9999.000,9999.000
202607180054,   0.908,   1.590,9999.000,9999.000,9999.000,9999.000,9999.000,9999.000,9999.000
202607180100,   0.937,   1.630,   0.600,   0.093,   1.630,   0.600,   1.630,   0.600,   1.630
202607180106,   0.966,   1.639,9999.000,9999.000,9999.000,9999.000,9999.000,9999.000,9999.000
202607180112,   0.994,   1.659,9999.000,9999.000,9999.000,9999.000,9999.000,9999.000,9999.000
202607180118,   1.021,   1.689,9999.000,9999.000,9999.000,9999.000,9999.000,9999.000,9999.000
202607180124,   1.047,   1.708,9999.000,9999.000,9999.000,9999.000,9999.000,9999.000,9999.000
202607180130,   1.071,   1.728,9999.000,9999.000,9999.000,9999.000,9999.000,9999.000,9999.000
202607180136,   1.095,   1.748,9999.000,9999.000,9999.000,9999.000,9999.000,9999.000,9999.000
202607180142,   1.117,   1.767,9999.000,9999.000,9999.000,9999.000,9999.000,9999.000,9999.000
202607180148,   1.139,   1.790,9999.000,9999.000,9999.000,9999.000,9999.000,9999.000,9999.000
202607180154,   1.158,   1.810,9999.000,9999.000,9999.000,9999.000,9999.000,9999.000,9999.000
202607180200,   1.177,   1.840,   0.600,   0.063,   1.840,   0.600,   1.840,   0.700,   1.940
202607180206,   1.194,   1.849,9999.000,9999.000,9999.000,9999.000,9999.000,9999.000,9999.000
202607180212,   1.210,   1.859,9999.000,9999.000,9999.000,9999.000,9999.000,9999.000,9999.000
202607180218,   1.224,   1.869,9999.000,9999.000,9999.000,9999.000,9999.000,9999.000,9999.000
202607180224,   1.237,   1.879,9999.000,9999.000,9999.000,9999.000,9999.000,9999.000,9999.000
202607180230,   1.249,   1.899,9999.000,9999.000,9999.000,9999.000,9999.000,9999.000,9999.000
202607180236,   1.260,   1.908,9999.000,9999.000,9999.000,9999.000,9999.000,9999.000,9999.000
202607180242,   1.269,   1.918,9999.000,9999.000,9999.000,9999.000,9999.000,9999.000,9999.000
202607180248,   1.277,   1.928,9999.000,9999.000,9999.000,9999.000,9999.000,9999.000,9999.000
202607180254,   1.284,   1.948,9999.000,9999.000,9999.000,9999.000,9999.000,9999.000,9999.000
202607180300,   1.290,   1.948,   0.600,   0.058,   1.948,   0.600,   1.948,   0.700,   2.048
202607180306,   1.294,   1.958,9999.000,9999.000,9999.000,9999.000,9999.000,9999.000,9999.000
202607180312,   1.298,   1.958,9999.000,9999.000,9999.000,9999.000,9999.000,9999.000,9999.000
202607180318,   1.300,   1.958,9999.000,9999.000,9999.000,9999.000,9999.000,9999.000,9999.000
202607180324,   1.301,   1.967,9999.000,9999.000,9999.000,9999.000,9999.000,9999.000,9999.000
202607180330,   1.300,   1.958,9999.000,9999.000,9999.000,9999.000,9999.000,9999.000,9999.000
202607180336,   1.299,   1.948,9999.000,9999.000,9999.000,9999.000,9999.000,9999.000,9999.000
202607180342,   1.296,   1.948,9999.000,9999.000,9999.000,9999.000,9999.000,9999.000,9999.000
202607180348,   1.292,   1.938,9999.000,9999.000,9999.000,9999.000,9999.000,9999.000,9999.000
202607180354,   1.287,   1.938,9999.000,9999.000,9999.000,9999.000,9999.000,9999.000,9999.000
202607180400,   1.281,   1.938,   0.600,   0.057,   1.938,   0.600,   1.938,   0.700,   2.038
202607180406,   1.274,   1.928,9999.000,9999.000,9999.000,9999.000,9999.000,9999.000,9999.000
202607180412,   1.265,   1.908,9999.000,9999.000,9999.000,9999.000,9999.000,9999.000,9999.000
202607180418,   1.255,   1.908,9999.000,9999.000,9999.000,9999.000,9999.000,9999.000,9999.000
202607180424,   1.244,   1.899,9999.000,9999.000,9999.000,9999.000,9999.000,9999.000,9999.000
202607180430,   1.232,   1.899,9999.000,9999.000,9999.000,9999.000,9999.000,9999.000,9999.000
202607180436,   1.218,   1.879,9999.000,9999.000,9999.000,9999.000,9999.000,9999.000,9999.000
202607180442,   1.204,   1.869,9999.000,9999.000,9999.000,9999.000,9999.000,9999.000,9999.000
202607180448,   1.188,   1.869,9999.000,9999.000,9999.000,9999.000,9999.000,9999.000,9999.000
202607180454,   1.172,   1.869,9999.000,9999.000,9999.000,9999.000,9999.000,9999.000,9999.000
202607180500,   1.154,   1.849,   0.600,   0.095,   1.849,   0.600,   1.849,   0.700,   1.949
202607180506,   1.135,   1.849,9999.000,9999.000,9999.000,9999.000,9999.000,9999.000,9999.000
202607180512,   1.116,   1.840,9999.000,9999.000,9999.000,9999.000,9999.000,9999.000,9999.000
202607180518,   1.096,   1.830,9999.000,9999.000,9999.000,9999.000,9999.000,9999.000,9999.000
202607180524,   1.075,   1.810,9999.000,9999.000,9999.000,9999.000,9999.000,9999.000,9999.000
202607180530,   1.054,   1.800,9999.000,9999.000,9999.000,9999.000,9999.000,9999.000,9999.000
202607180536,   1.032,   1.767,9999.000,9999.000,9999.000,9999.000,9999.000,9999.000,9999.000
202607180542,   1.010,   1.728,9999.000,9999.000,9999.000,9999.000,9999.000,9999.000,9999.000
202607180548,   0.988,   1.699,9999.000,9999.000,9999.000,9999.000,9999.000,9999.000,9999.000
202607180554,   0.965,   1.669,9999.000,9999.000,9999.000,9999.000,9999.000,9999.000,9999.000
202607180600,   0.942,   1.639,   0.600,   0.097,   1.639,   0.600,   1.639,   0.700,   1.739
202607180606,   0.919,   1.600,9999.000,9999.000,9999.000,9999.000,9999.000,9999.000,9999.000
202607180612,   0.896,   1.548,9999.000,9999.000,9999.000,9999.000,9999.000,9999.000,9999.000
202607180618,   0.874,   1.528,9999.000,9999.000,9999.000,9999.000,9999.000,9999.000,9999.000
202607180624,   0.851,   1.498,9999.000,9999.000,9999.000,9999.000,9999.000,9999.000,9999.000
202607180630,   0.828,   1.469,9999.000,9999.000,9999.000,9999.000,9999.000,9999.000,9999.000
202607180636,   0.806,   1.449,9999.000,9999.000,9999.000,9999.000,9999.000,9999.000,9999.000
202607180642,   0.784,   1.430,9999.000,9999.000,9999.000,9999.000,9999.000,9999.000,9999.000
202607180648,   0.763,   1.420,9999.000,9999.000,9999.000,9999.000,9999.000,9999.000,9999.000
202607180654,   0.741,   1.410,9999.000,9999.000,9999.000,9999.000,9999.000,9999.000,9999.000
202607180700,   0.720,   1.390,   0.600,   0.070,   1.390,   0.600,   1.390,   0.700,   1.490
202607180706,   0.700,   1.380,9999.000,9999.000,9999.000,9999.000,9999.000,9999.000,9999.000
202607180712,   0.680,   1.371,9999.000,9999.000,9999.000,9999.000,9999.000,9999.000,9999.000
202607180718,   0.660,   1.361,9999.000,9999.000,9999.000,9999.000,9999.000,9999.000,9999.000
202607180724,   0.640,   1.361,9999.000,9999.000,9999.000,9999.000,9999.000,9999.000,9999.000
202607180730,   0.621,   1.348,9999.000,9999.000,9999.000,9999.000,9999.000,9999.000,9999.000
202607180736,   0.603,   1.328,9999.000,9999.000,9999.000,9999.000,9999.000,9999.000,9999.000
202607180742,   0.584,   1.318,9999.000,9999.000,9999.000,9999.000,9999.000,9999.000,9999.000
202607180748,   0.567,   1.318,9999.000,9999.000,9999.000,9999.000,9999.000,9999.000,9999.000
202607180754,   0.549,   1.308,9999.000,9999.000,9999.000,9999.000,9999.000,9999.000,9999.000
202607180800,   0.532,   1.308,   0.600,   0.176,   1.308,   0.600,   1.308,   0.700,   1.408
202607180806,   0.515,   1.308,9999.000,9999.000,9999.000,9999.000,9999.000,9999.000,9999.000
202607180812,   0.498,   1.298,9999.000,9999.000,9999.000,9999.000,9999.000,9999.000,9999.000
202607180818,   0.482,   1.298,9999.000,9999.000,9999.000,9999.000,9999.000,9999.000,9999.000
202607180824,   0.466,   1.289,9999.000,9999.000,9999.000,9999.000,9999.000,9999.000,9999.000
202607180830,   0.451,   1.289,9999.000,9999.000,9999.000,9999.000,9999.000,9999.000,9999.000
202607180836,   0.436,   1.279,9999.000,9999.000,9999.000,9999.000,9999.000,9999.000,9999.000
202607180842,   0.421,   1.279,9999.000,9999.000,9999.000,9999.000,9999.000,9999.000,9999.000
202607180848,   0.407,   1.279,9999.000,9999.000,9999.000,9999.000,9999.000,9999.000,9999.000
202607180854,   0.393,   1.269,9999.000,9999.000,9999.000,9999.000,9999.000,9999.000,9999.000
202607180900,   0.380,   1.269,   0.600,   0.289,   1.269,   0.600,   1.269,   0.700,   1.369
202607180906,   0.367,   1.259,9999.000,9999.000,9999.000,9999.000,9999.000,9999.000,9999.000
202607180912,   0.354,   1.249,9999.000,9999.000,9999.000,9999.000,9999.000,9999.000,9999.000
202607180918,   0.342,   1.239,9999.000,9999.000,9999.000,9999.000,9999.000,9999.000,9999.000
202607180924,   0.331,   1.229,9999.000,9999.000,9999.000,9999.000,9999.000,9999.000,9999.000
202607180930,   0.320,   1.220,9999.000,9999.000,9999.000,9999.000,9999.000,9999.000,9999.000
202607180936,   0.309,   1.210,9999.000,9999.000,9999.000,9999.000,9999.000,9999.000,9999.000
202607180942,   0.300,   1.210,9999.000,9999.000,9999.000,9999.000,9999.000,9999.000,9999.000
202607180948,   0.291,   1.200,9999.000,9999.000,9999.000,9999.000,9999.000,9999.000,9999.000
202607180954,   0.283,   1.190,9999.000,9999.000,9999.000,9999.000,9999.000,9999.000,9999.000
202607181000,   0.275,   1.180,   0.600,   0.305,   1.180,   0.600,   1.180,   0.700,   1.280
202607181006,   0.269,   1.170,9999.000,9999.000,9999.000,9999.000,9999.000,9999.000,9999.000
202607181012,   0.263,   1.151,9999.000,9999.000,9999.000,9999.000,9999.000,9999.000,9999.000
202607181018,   0.258,   1.138,9999.000,9999.000,9999.000,9999.000,9999.000,9999.000,9999.000
202607181024,   0.255,   1.128,9999.000,9999.000,9999.000,9999.000,9999.000,9999.000,9999.000
202607181030,   0.252,   1.118,9999.000,9999.000,9999.000,9999.000,9999.000,9999.000,9999.000
202607181036,   0.250,   1.108,9999.000,9999.000,9999.000,9999.000,9999.000,9999.000,9999.000
202607181042,   0.250,   1.108,9999.000,9999.000,9999.000,9999.000,9999.000,9999.000,9999.000
202607181048,   0.251,   1.098,9999.000,9999.000,9999.000,9999.000,9999.000,9999.000,9999.000
202607181054,   0.253,   1.088,9999.000,9999.000,9999.000,9999.000,9999.000,9999.000,9999.000
202607181100,   0.257,   1.079,   0.600,   0.222,   1.079,   0.600,   1.079,   0.700,   1.179
202607181106,   0.262,   1.069,9999.000,9999.000,9999.000,9999.000,9999.000,9999.000,9999.000
202607181112,   0.269,   1.059,9999.000,9999.000,9999.000,9999.000,9999.000,9999.000,9999.000
202607181118,   0.277,   1.049,9999.000,9999.000,9999.000,9999.000,9999.000,9999.000,9999.000
202607181124,   0.286,   1.039,9999.000,9999.000,9999.000,9999.000,9999.000,9999.000,9999.000
202607181130,   0.297,   1.039,9999.000,9999.000,9999.000,9999.000,9999.000,9999.000,9999.000
202607181136,   0.310,   1.020,9999.000,9999.000,9999.000,9999.000,9999.000,9999.000,9999.000
202607181142,   0.324,   1.029,9999.000,9999.000,9999.000,9999.000,9999.000,9999.000,9999.000
202607181148,   0.340,   1.020,9999.000,9999.000,9999.000,9999.000,9999.000,9999.000,9999.000
202607181154,   0.357,   1.029,9999.000,9999.000,9999.000,9999.000,9999.000,9999.000,9999.000
202607181200,   0.375,   1.029,   0.600,   0.054,   1.029,   0.600,   1.029,   0.700,   1.129
202607181206,   0.395,   1.029,9999.000,9999.000,9999.000,9999.000,9999.000,9999.000,9999.000
202607181212,   0.415,   1.039,9999.000,9999.000,9999.000,9999.000,9999.000,9999.000,9999.000
202607181218,   0.437,   1.049,9999.000,9999.000,9999.000,9999.000,9999.000,9999.000,9999.000
202607181224,   0.460,   1.059,9999.000,9999.000,9999.000,9999.000,9999.000,9999.000,9999.000
202607181230,   0.484,   1.079,9999.000,9999.000,9999.000,9999.000,9999.000,9999.000,9999.000
202607181236,   0.509,   1.079,9999.000,9999.000,9999.000,9999.000,9999.000,9999.000,9999.000
202607181242,   0.534,   1.098,9999.000,9999.000,9999.000,9999.000,9999.000,9999.000,9999.000
202607181248,   0.560,   1.118,9999.000,9999.000,9999.000,9999.000,9999.000,9999.000,9999.000
202607181254,   0.587,   1.170,9999.000,9999.000,9999.000,9999.000,9999.000,9999.000,9999.000
202607181300,   0.613,   1.180,   0.600,  -0.033,   1.180,   0.600,   1.180,   0.700,   1.280
202607181306,   0.639,   1.200,9999.000,9999.000,9999.000,9999.000,9999.000,9999.000,9999.000
202607181312,   0.666,   1.229,9999.000,9999.000,9999.000,9999.000,9999.000,9999.000,9999.000
202607181318,   0.692,   1.279,9999.000,9999.000,9999.000,9999.000,9999.000,9999.000,9999.000
202607181324,   0.718,   1.328,9999.000,9999.000,9999.000,9999.000,9999.000,9999.000,9999.000
202607181330,   0.743,   1.380,9999.000,9999.000,9999.000,9999.000,9999.000,9999.000,9999.000
202607181336,   0.768,   1.400,9999.000,9999.000,9999.000,9999.000,9999.000,9999.000,9999.000
202607181342,   0.792,   1.439,9999.000,9999.000,9999.000,9999.000,9999.000,9999.000,9999.000
202607181348,   0.815,   1.489,9999.000,9999.000,9999.000,9999.000,9999.000,9999.000,9999.000
202607181354,   0.837,   1.528,9999.000,9999.000,9999.000,9999.000,9999.000,9999.000,9999.000
202607181400,   0.859,   1.548,   0.600,   0.089,   1.548,   0.600,   1.548,   0.700,   1.648
202607181406,   0.879,   1.600,9999.000,9999.000,9999.000,9999.000,9999.000,9999.000,9999.000
202607181412,   0.899,   1.639,9999.000,9999.000,9999.000,9999.000,9999.000,9999.000,9999.000
202607181418,   0.917,   1.659,9999.000,9999.000,9999.000,9999.000,9999.000,9999.000,9999.000
202607181424,   0.935,   1.689,9999.000,9999.000,9999.000,9999.000,9999.000,9999.000,9999.000
202607181430,   0.951,   1.708,9999.000,9999.000,9999.000,9999.000,9999.000,9999.000,9999.000
202607181436,   0.966,   1.718,9999.000,9999.000,9999.000,9999.000,9999.000,9999.000,9999.000
202607181442,   0.980,   1.748,9999.000,9999.000,9999.000,9999.000,9999.000,9999.000,9999.000
202607181448,   0.993,   1.781,9999.000,9999.000,9999.000,9999.000,9999.000,9999.000,9999.000
202607181454,   1.005,   1.781,9999.000,9999.000,9999.000,9999.000,9999.000,9999.000,9999.000
202607181500,   1.016,   1.800,   0.600,   0.184,   1.800,   0.600,   1.800,   0.700,   1.900
202607181506,   1.026,   1.800,9999.000,9999.000,9999.000,9999.000,9999.000,9999.000,9999.000
202607181512,   1.034,   1.830,9999.000,9999.000,9999.000,9999.000,9999.000,9999.000,9999.000
202607181518,   1.042,   1.840,9999.000,9999.000,9999.000,9999.000,9999.000,9999.000,9999.000
202607181524,   1.049,   1.849,9999.000,9999.000,9999.000,9999.000,9999.000,9999.000,9999.000
202607181530,   1.055,   1.859,9999.000,9999.000,9999.000,9999.000,9999.000,9999.000,9999.000
202607181536,   1.060,   1.869,9999.000,9999.000,9999.000,9999.000,9999.000,9999.000,9999.000
202607181542,   1.064,   1.879,9999.000,9999.000,9999.000,9999.000,9999.000,9999.000,9999.000
202607181548,   1.066,   1.879,9999.000,9999.000,9999.000,9999.000,9999.000,9999.000,9999.000
202607181554,   1.068,   1.879,9999.000,9999.000,9999.000,9999.000,9999.000,9999.000,9999.000
202607181600,   1.069,   1.889,   0.600,   0.220,   1.889,   0.600,   1.889,   0.700,   1.989
202607181606,   1.069,   1.899,9999.000,9999.000,9999.000,9999.000,9999.000,9999.000,9999.000
202607181612,   1.068,   1.908,9999.000,9999.000,9999.000,9999.000,9999.000,9999.000,9999.000
202607181618,   1.065,   1.908,9999.000,9999.000,9999.000,9999.000,9999.000,9999.000,9999.000
202607181624,   1.062,   1.899,9999.000,9999.000,9999.000,9999.000,9999.000,9999.000,9999.000
202607181630,   1.058,   1.899,9999.000,9999.000,9999.000,9999.000,9999.000,9999.000,9999.000
202607181636,   1.052,   1.908,9999.000,9999.000,9999.000,9999.000,9999.000,9999.000,9999.000
202607181642,   1.045,   1.908,9999.000,9999.000,9999.000,9999.000,9999.000,9999.000,9999.000
202607181648,   1.038,   1.908,9999.000,9999.000,9999.000,9999.000,9999.000,9999.000,9999.000
202607181654,   1.029,   1.899,9999.000,9999.000,9999.000,9999.000,9999.000,9999.000,9999.000
202607181700,   1.019,   1.899,   0.700,   0.180,   1.899,   0.600,   1.799,   0.700,   1.899
202607181706,   1.008,   1.879,9999.000,9999.000,9999.000,9999.000,9999.000,9999.000,9999.000
202607181712,   0.996,   1.869,9999.000,9999.000,9999.000,9999.000,9999.000,9999.000,9999.000
202607181718,   0.983,   1.849,9999.000,9999.000,9999.000,9999.000,9999.000,9999.000,9999.000
202607181724,   0.969,   1.840,9999.000,9999.000,9999.000,9999.000,9999.000,9999.000,9999.000
202607181730,   0.955,   1.820,9999.000,9999.000,9999.000,9999.000,9999.000,9999.000,9999.000
202607181736,   0.939,   1.810,9999.000,9999.000,9999.000,9999.000,9999.000,9999.000,9999.000
202607181742,   0.923,   1.781,9999.000,9999.000,9999.000,9999.000,9999.000,9999.000,9999.000
202607181748,   0.906,   1.748,9999.000,9999.000,9999.000,9999.000,9999.000,9999.000,9999.000
202607181754,   0.889,   1.748,9999.000,9999.000,9999.000,9999.000,9999.000,9999.000,9999.000
202607181800,   0.871,   1.748,   0.700,   0.177,   1.748,   0.600,   1.648,   0.700,   1.748
202607181806,   0.853,   1.738,9999.000,9999.000,9999.000,9999.000,9999.000,9999.000,9999.000
202607181812,   0.835,   1.708,9999.000,9999.000,9999.000,9999.000,9999.000,9999.000,9999.000
202607181818,   0.816,   1.689,9999.000,9999.000,9999.000,9999.000,9999.000,9999.000,9999.000
202607181824,   0.797,   1.669,9999.000,9999.000,9999.000,9999.000,9999.000,9999.000,9999.000
202607181830,   0.778,   1.669,9999.000,9999.000,9999.000,9999.000,9999.000,9999.000,9999.000
202607181836,   0.759,   1.659,9999.000,9999.000,9999.000,9999.000,9999.000,9999.000,9999.000
202607181842,   0.741,   1.649,9999.000,9999.000,9999.000,9999.000,9999.000,9999.000,9999.000
202607181848,   0.722,   1.620,9999.000,9999.000,9999.000,9999.000,9999.000,9999.000,9999.000
202607181854,   0.704,   1.610,9999.000,9999.000,9999.000,9999.000,9999.000,9999.000,9999.000
202607181900,   0.686,   1.610,   0.700,   0.224,   1.610,   0.600,   1.510,   0.700,   1.610
202607181906,   0.668,   1.600,9999.000,9999.000,9999.000,9999.000,9999.000,9999.000,9999.000
202607181912,   0.651,   1.600,9999.000,9999.000,9999.000,9999.000,9999.000,9999.000,9999.000
202607181918,   0.634,   1.600,9999.000,9999.000,9999.000,9999.000,9999.000,9999.000,9999.000
202607181924,   0.617,   1.590,9999.000,9999.000,9999.000,9999.000,9999.000,9999.000,9999.000
202607181930,   0.601,   1.600,9999.000,9999.000,9999.000,9999.000,9999.000,9999.000,9999.000
202607181936,   0.585,   1.590,9999.000,9999.000,9999.000,9999.000,9999.000,9999.000,9999.000
202607181942,   0.570,   1.590,9999.000,9999.000,9999.000,9999.000,9999.000,9999.000,9999.000
202607181948,   0.555,   1.580,9999.000,9999.000,9999.000,9999.000,9999.000,9999.000,9999.000
202607181954,   0.540,   1.571,9999.000,9999.000,9999.000,9999.000,9999.000,9999.000,9999.000
202607182000,   0.527,   1.580,   0.700,   0.353,   1.580,   0.700,   1.580,   0.700,   1.580
202607182006,   0.513,   1.571,9999.000,9999.000,9999.000,9999.000,9999.000,9999.000,9999.000
202607182012,   0.500,   1.571,9999.000,9999.000,9999.000,9999.000,9999.000,9999.000,9999.000
202607182018,   0.487,   1.590,9999.000,9999.000,9999.000,9999.000,9999.000,9999.000,9999.000
202607182024,   0.475,   1.580,9999.000,9999.000,9999.000,9999.000,9999.000,9999.000,9999.000
202607182030,   0.463,   1.610,9999.000,9999.000,9999.000,9999.000,9999.000,9999.000,9999.000
202607182036,   0.452,   1.610,9999.000,9999.000,9999.000,9999.000,9999.000,9999.000,9999.000
202607182042,   0.441,   1.620,9999.000,9999.000,9999.000,9999.000,9999.000,9999.000,9999.000
202607182048,   0.431,   1.620,9999.000,9999.000,9999.000,9999.000,9999.000,9999.000,9999.000
202607182054,   0.421,   1.630,9999.000,9999.000,9999.000,9999.000,9999.000,9999.000,9999.000
202607182100,   0.411,   1.630,   0.700,   0.519,   1.630,   0.700,   1.630,   0.800,   1.730
202607182106,   0.402,   1.639,9999.000,9999.000,9999.000,9999.000,9999.000,9999.000,9999.000
202607182112,   0.393,   1.649,9999.000,9999.000,9999.000,9999.000,9999.000,9999.000,9999.000
202607182118,   0.385,   1.659,9999.000,9999.000,9999.000,9999.000,9999.000,9999.000,9999.000
202607182124,   0.377,   1.679,9999.000,9999.000,9999.000,9999.000,9999.000,9999.000,9999.000
202607182130,   0.370,   1.679,9999.000,9999.000,9999.000,9999.000,9999.000,9999.000,9999.000
202607182136,   0.363,   1.699,9999.000,9999.000,9999.000,9999.000,9999.000,9999.000,9999.000
202607182142,   0.357,   1.708,9999.000,9999.000,9999.000,9999.000,9999.000,9999.000,9999.000
202607182148,   0.352,   1.708,9999.000,9999.000,9999.000,9999.000,9999.000,9999.000,9999.000
202607182154,   0.347,   1.718,9999.000,9999.000,9999.000,9999.000,9999.000,9999.000,9999.000
202607182200,   0.342,   1.728,   0.800,   0.586,   1.728,   0.700,   1.628,   0.800,   1.728
202607182206,   0.339,   1.728,9999.000,9999.000,9999.000,9999.000,9999.000,9999.000,9999.000
202607182212,   0.336,   1.748,9999.000,9999.000,9999.000,9999.000,9999.000,9999.000,9999.000
202607182218,   0.333,   1.767,9999.000,9999.000,9999.000,9999.000,9999.000,9999.000,9999.000
202607182224,   0.332,   1.758,9999.000,9999.000,9999.000,9999.000,9999.000,9999.000,9999.000
202607182230,   0.331,   1.781,9999.000,9999.000,9999.000,9999.000,9999.000,9999.000,9999.000
202607182236,   0.331,   1.800,9999.000,9999.000,9999.000,9999.000,9999.000,9999.000,9999.000
202607182242,   0.332,   1.810,9999.000,9999.000,9999.000,9999.000,9999.000,9999.000,9999.000
202607182248,   0.334,   1.820,9999.000,9999.000,9999.000,9999.000,9999.000,9999.000,9999.000
202607182254,   0.337,   1.830,9999.000,9999.000,9999.000,9999.000,9999.000,9999.000,9999.000
202607182300,   0.341,   1.830,   0.800,   0.689,   1.830,   0.700,   1.730,   0.900,   1.930
202607182306,   0.346,   1.840,9999.000,9999.000,9999.000,9999.000,9999.000,9999.000,9999.000
202607182312,   0.352,   1.840,9999.000,9999.000,9999.000,9999.000,9999.000,9999.000,9999.000
202607182318,   0.359,   1.840,9999.000,9999.000,9999.000,9999.000,9999.000,9999.000,9999.000
202607182324,   0.368,   1.840,9999.000,9999.000,9999.000,9999.000,9999.000,9999.000,9999.000
202607182330,   0.377,   1.849,9999.000,9999.000,9999.000,9999.000,9999.000,9999.000,9999.000
202607182336,   0.388,   1.859,9999.000,9999.000,9999.000,9999.000,9999.000,9999.000,9999.000
202607182342,   0.401,   1.869,9999.000,9999.000,9999.000,9999.000,9999.000,9999.000,9999.000
202607182348,   0.414,   1.869,9999.000,9999.000,9999.000,9999.000,9999.000,9999.000,9999.000
202607182354,   0.429,   1.879,9999.000,9999.000,9999.000,9999.000,9999.000,9999.000,9999.000
202607190000,   0.445,   1.879,   0.800,   0.634,   1.879,   0.800,   1.879,   0.900,   1.979
202607190006,   0.463,   1.899,9999.000,9999.000,9999.000,9999.000,9999.000,9999.000,9999.000
202607190012,   0.482,   1.899,9999.000,9999.000,9999.000,9999.000,9999.000,9999.000,9999.000
202607190018,   0.502,   1.928,9999.000,9999.000,9999.000,9999.000,9999.000,9999.000,9999.000
202607190024,   0.523,   1.938,9999.000,9999.000,9999.000,9999.000,9999.000,9999.000,9999.000
202607190030,   0.545,   1.938,9999.000,9999.000,9999.000,9999.000,9999.000,9999.000,9999.000
202607190036,   0.568,   1.958,9999.000,9999.000,9999.000,9999.000,9999.000,9999.000,9999.000
202607190042,   0.593,   1.948,9999.000,9999.000,9999.000,9999.000,9999.000,9999.000,9999.000
202607190048,   0.618,   1.967,9999.000,9999.000,9999.000,9999.000,9999.000,9999.000,9999.000
202607190054,   0.643,   1.990,9999.000,9999.000,9999.000,9999.000,9999.000,9999.000,9999.000
202607190100,   0.669,   1.990,   0.900,   0.421,   1.990,   0.800,   1.890,   0.900,   1.990
202607190106,   0.696,   2.000,9999.000,9999.000,9999.000,9999.000,9999.000,9999.000,9999.000
202607190112,   0.723,   2.010,9999.000,9999.000,9999.000,9999.000,9999.000,9999.000,9999.000
202607190118,   0.750,   2.040,9999.000,9999.000,9999.000,9999.000,9999.000,9999.000,9999.000
202607190124,   0.777,   2.059,9999.000,9999.000,9999.000,9999.000,9999.000,9999.000,9999.000
202607190130,   0.804,   2.069,9999.000,9999.000,9999.000,9999.000,9999.000,9999.000,9999.000
202607190136,   0.831,   2.089,9999.000,9999.000,9999.000,9999.000,9999.000,9999.000,9999.000
202607190142,   0.857,   2.128,9999.000,9999.000,9999.000,9999.000,9999.000,9999.000,9999.000
202607190148,   0.883,   2.138,9999.000,9999.000,9999.000,9999.000,9999.000,9999.000,9999.000
202607190154,   0.908,   2.177,9999.000,9999.000,9999.000,9999.000,9999.000,9999.000,9999.000
202607190200,   0.932,   2.200,   0.900,   0.368,   2.200,   0.900,   2.200,   1.000,   2.300
202607190206,   0.956,   2.210,9999.000,9999.000,9999.000,9999.000,9999.000,9999.000,9999.000
202607190212,   0.978,   2.230,9999.000,9999.000,9999.000,9999.000,9999.000,9999.000,9999.000
202607190218,   1.000,   2.250,9999.000,9999.000,9999.000,9999.000,9999.000,9999.000,9999.000
202607190224,   1.020,   2.269,9999.000,9999.000,9999.000,9999.000,9999.000,9999.000,9999.000
202607190230,   1.040,   2.299,9999.000,9999.000,9999.000,9999.000,9999.000,9999.000,9999.000
202607190236,   1.058,   2.299,9999.000,9999.000,9999.000,9999.000,9999.000,9999.000,9999.000
202607190242,   1.075,   2.289,9999.000,9999.000,9999.000,9999.000,9999.000,9999.000,9999.000
202607190248,   1.091,   2.299,9999.000,9999.000,9999.000,9999.000,9999.000,9999.000,9999.000
202607190254,   1.106,   2.309,9999.000,9999.000,9999.000,9999.000,9999.000,9999.000,9999.000
202607190300,   1.120,   2.318,   0.900,   0.298,   2.318,   0.900,   2.318,   1.000,   2.418
202607190306,   1.132,   2.328,9999.000,9999.000,9999.000,9999.000,9999.000,9999.000,9999.000
202607190312,   1.143,   2.338,9999.000,9999.000,9999.000,9999.000,9999.000,9999.000,9999.000
202607190318,   1.154,   2.318,9999.000,9999.000,9999.000,9999.000,9999.000,9999.000,9999.000
202607190324,   1.163,   2.338,9999.000,9999.000,9999.000,9999.000,9999.000,9999.000,9999.000
202607190330,   1.171,   2.338,9999.000,9999.000,9999.000,9999.000,9999.000,9999.000,9999.000
202607190336,   1.178,   2.348,9999.000,9999.000,9999.000,9999.000,9999.000,9999.000,9999.000
202607190342,   1.184,   2.348,9999.000,9999.000,9999.000,9999.000,9999.000,9999.000,9999.000
202607190348,   1.189,   2.348,9999.000,9999.000,9999.000,9999.000,9999.000,9999.000,9999.000
202607190354,   1.193,   2.348,9999.000,9999.000,9999.000,9999.000,9999.000,9999.000,9999.000
202607190400,   1.197,   2.348,   1.000,   0.151,   2.348,   0.900,   2.248,   1.100,   2.448
202607190406,   1.199,   2.358,9999.000,9999.000,9999.000,9999.000,9999.000,9999.000,9999.000
202607190412,   1.200,   2.377,9999.000,9999.000,9999.000,9999.000,9999.000,9999.000,9999.000
202607190418,   1.200,   2.358,9999.000,9999.000,9999.000,9999.000,9999.000,9999.000,9999.000
202607190424,   1.200,   2.348,9999.000,9999.000,9999.000,9999.000,9999.000,9999.000,9999.000
202607190430,   1.198,   2.358,9999.000,9999.000,9999.000,9999.000,9999.000,9999.000,9999.000
202607190436,   1.195,   2.377,9999.000,9999.000,9999.000,9999.000,9999.000,9999.000,9999.000
202607190442,   1.192,   2.368,9999.000,9999.000,9999.000,9999.000,9999.000,9999.000,9999.000
202607190448,   1.187,   2.377,9999.000,9999.000,9999.000,9999.000,9999.000,9999.000,9999.000
202607190454,   1.181,   2.377,9999.000,9999.000,9999.000,9999.000,9999.000,9999.000,9999.000
202607190500,   1.174,   2.348,   1.000,   0.174,   2.348,   0.900,   2.248,   1.100,   2.448
202607190506,   1.166,   2.328,9999.000,9999.000,9999.000,9999.000,9999.000,9999.000,9999.000
202607190512,   1.157,   2.318,9999.000,9999.000,9999.000,9999.000,9999.000,9999.000,9999.000
202607190518,   1.147,   2.299,9999.000,9999.000,9999.000,9999.000,9999.000,9999.000,9999.000
202607190524,   1.136,   2.279,9999.000,9999.000,9999.000,9999.000,9999.000,9999.000,9999.000
202607190530,   1.124,   2.269,9999.000,9999.000,9999.000,9999.000,9999.000,9999.000,9999.000
202607190536,   1.111,   2.250,9999.000,9999.000,9999.000,9999.000,9999.000,9999.000,9999.000
202607190542,   1.097,   2.230,9999.000,9999.000,9999.000,9999.000,9999.000,9999.000,9999.000
202607190548,   1.082,   2.210,9999.000,9999.000,9999.000,9999.000,9999.000,9999.000,9999.000
202607190554,   1.067,   2.191,9999.000,9999.000,9999.000,9999.000,9999.000,9999.000,9999.000
202607190600,   1.050,   2.191,   0.900,   0.241,   2.191,   0.900,   2.191,   1.000,   2.291
202607190606,   1.033,   2.191,9999.000,9999.000,9999.000,9999.000,9999.000,9999.000,9999.000
202607190612,   1.015,   2.191,9999.000,9999.000,9999.000,9999.000,9999.000,9999.000,9999.000
202607190618,   0.996,   2.168,9999.000,9999.000,9999.000,9999.000,9999.000,9999.000,9999.000
202607190624,   0.977,   2.168,9999.000,9999.000,9999.000,9999.000,9999.000,9999.000,9999.000
202607190630,   0.958,   2.158,9999.000,9999.000,9999.000,9999.000,9999.000,9999.000,9999.000
202607190636,   0.938,   2.138,9999.000,9999.000,9999.000,9999.000,9999.000,9999.000,9999.000
202607190642,   0.918,   2.138,9999.000,9999.000,9999.000,9999.000,9999.000,9999.000,9999.000
202607190648,   0.897,   2.128,9999.000,9999.000,9999.000,9999.000,9999.000,9999.000,9999.000
202607190654,   0.877,   2.128,9999.000,9999.000,9999.000,9999.000,9999.000,9999.000,9999.000
202607190700,   0.856,   2.118,   0.900,   0.362,   2.118,   0.900,   2.118,   1.000,   2.218
202607190706,   0.836,   2.118,9999.000,9999.000,9999.000,9999.000,9999.000,9999.000,9999.000
202607190712,   0.815,   2.128,9999.000,9999.000,9999.000,9999.000,9999.000,9999.000,9999.000
202607190718,   0.795,   2.138,9999.000,9999.000,9999.000,9999.000,9999.000,9999.000,9999.000
202607190724,   0.775,   2.138,9999.000,9999.000,9999.000,9999.000,9999.000,9999.000,9999.000
202607190730,   0.754,   2.118,9999.000,9999.000,9999.000,9999.000,9999.000,9999.000,9999.000
202607190736,   0.735,   2.109,9999.000,9999.000,9999.000,9999.000,9999.000,9999.000,9999.000
202607190742,   0.715,   2.109,9999.000,9999.000,9999.000,9999.000,9999.000,9999.000,9999.000
202607190748,   0.696,   2.099,9999.000,9999.000,9999.000,9999.000,9999.000,9999.000,9999.000
202607190754,   0.677,   2.089,9999.000,9999.000,9999.000,9999.000,9999.000,9999.000,9999.000
202607190800,   0.659,   2.069,   0.900,   0.510,   2.069,   0.900,   2.069,   1.000,   2.169
202607190806,   0.640,   2.059,9999.000,9999.000,9999.000,9999.000,9999.000,9999.000,9999.000
202607190812,   0.622,   2.059,9999.000,9999.000,9999.000,9999.000,9999.000,9999.000,9999.000
202607190818,   0.605,   2.049,9999.000,9999.000,9999.000,9999.000,9999.000,9999.000,9999.000
202607190824,   0.587,   2.040,9999.000,9999.000,9999.000,9999.000,9999.000,9999.000,9999.000
202607190830,   0.570,   2.030,9999.000,9999.000,9999.000,9999.000,9999.000,9999.000,9999.000
202607190836,   0.554,   2.010,9999.000,9999.000,9999.000,9999.000,9999.000,9999.000,9999.000
202607190842,   0.538,   2.000,9999.000,9999.000,9999.000,9999.000,9999.000,9999.000,9999.000
202607190848,   0.522,   1.981,9999.000,9999.000,9999.000,9999.000,9999.000,9999.000,9999.000
202607190854,   0.506,   1.967,9999.000,9999.000,9999.000,9999.000,9999.000,9999.000,9999.000
202607190900,   0.491,   1.958,   0.900,   0.567,   1.958,   0.800,   1.858,   1.000,   2.058
202607190906,   0.476,   1.948,9999.000,9999.000,9999.000,9999.000,9999.000,9999.000,9999.000
202607190912,   0.461,   1.938,9999.000,9999.000,9999.000,9999.000,9999.000,9999.000,9999.000
202607190918,   0.447,   1.928,9999.000,9999.000,9999.000,9999.000,9999.000,9999.000,9999.000
202607190924,   0.433,   1.928,9999.000,9999.000,9999.000,9999.000,9999.000,9999.000,9999.000
202607190930,   0.419,   1.918,9999.000,9999.000,9999.000,9999.000,9999.000,9999.000,9999.000
202607190936,   0.406,   1.908,9999.000,9999.000,9999.000,9999.000,9999.000,9999.000,9999.000
202607190942,   0.393,   1.899,9999.000,9999.000,9999.000,9999.000,9999.000,9999.000,9999.000
202607190948,   0.381,   1.889,9999.000,9999.000,9999.000,9999.000,9999.000,9999.000,9999.000
202607190954,   0.369,   1.899,9999.000,9999.000,9999.000,9999.000,9999.000,9999.000,9999.000
202607191000,   0.357,   1.879,   0.900,   0.622,   1.879,   0.800,   1.779,   1.000,   1.979
202607191006,   0.346,   1.869,9999.000,9999.000,9999.000,9999.000,9999.000,9999.000,9999.000
202607191012,   0.336,   1.859,9999.000,9999.000,9999.000,9999.000,9999.000,9999.000,9999.000
202607191018,   0.326,   1.849,9999.000,9999.000,9999.000,9999.000,9999.000,9999.000,9999.000
202607191024,   0.317,   1.830,9999.000,9999.000,9999.000,9999.000,9999.000,9999.000,9999.000
202607191030,   0.308,   1.820,9999.000,9999.000,9999.000,9999.000,9999.000,9999.000,9999.000
202607191036,   0.300,   1.810,9999.000,9999.000,9999.000,9999.000,9999.000,9999.000,9999.000
202607191042,   0.293,   1.800,9999.000,9999.000,9999.000,9999.000,9999.000,9999.000,9999.000
202607191048,   0.286,   1.781,9999.000,9999.000,9999.000,9999.000,9999.000,9999.000,9999.000
202607191054,   0.281,   1.767,9999.000,9999.000,9999.000,9999.000,9999.000,9999.000,9999.000
202607191100,   0.276,   1.758,   0.900,   0.582,   1.758,   0.800,   1.658,   0.900,   1.758
202607191106,   0.272,   1.748,9999.000,9999.000,9999.000,9999.000,9999.000,9999.000,9999.000
202607191112,   0.269,   1.738,9999.000,9999.000,9999.000,9999.000,9999.000,9999.000,9999.000
202607191118,   0.267,   1.728,9999.000,9999.000,9999.000,9999.000,9999.000,9999.000,9999.000
202607191124,   0.266,   1.718,9999.000,9999.000,9999.000,9999.000,9999.000,9999.000,9999.000
202607191130,   0.266,   1.708,9999.000,9999.000,9999.000,9999.000,9999.000,9999.000,9999.000
202607191136,   0.268,   1.699,9999.000,9999.000,9999.000,9999.000,9999.000,9999.000,9999.000
202607191142,   0.270,   1.689,9999.000,9999.000,9999.000,9999.000,9999.000,9999.000,9999.000
202607191148,   0.274,   1.689,9999.000,9999.000,9999.000,9999.000,9999.000,9999.000,9999.000
202607191154,   0.279,   1.669,9999.000,9999.000,9999.000,9999.000,9999.000,9999.000,9999.000
202607191200,   0.286,   1.669,   0.900,   0.483,   1.669,   0.800,   1.569,   0.900,   1.669
202607191206,   0.294,9999.000,9999.000,9999.000,9999.000,9999.000,9999.000,9999.000,9999.000
202607191212,   0.303,9999.000,9999.000,9999.000,9999.000,9999.000,9999.000,9999.000,9999.000
202607191218,   0.314,9999.000,9999.000,9999.000,9999.000,9999.000,9999.000,9999.000,9999.000
202607191224,   0.326,9999.000,9999.000,9999.000,9999.000,9999.000,9999.000,9999.000,9999.000
202607191230,   0.340,9999.000,9999.000,9999.000,9999.000,9999.000,9999.000,9999.000,9999.000
202607191236,   0.355,9999.000,9999.000,9999.000,9999.000,9999.000,9999.000,9999.000,9999.000
202607191242,   0.372,9999.000,9999.000,9999.000,9999.000,9999.000,9999.000,9999.000,9999.000
202607191248,   0.389,9999.000,9999.000,9999.000,9999.000,9999.000,9999.000,9999.000,9999.000
202607191254,   0.408,9999.000,9999.000,9999.000,9999.000,9999.000,9999.000,9999.000,9999.000
202607191300,   0.428,9999.000,   0.800,   0.457,   1.685,   0.800,   1.685,   0.900,   1.785
202607191306,   0.450,9999.000,9999.000,9999.000,9999.000,9999.000,9999.000,9999.000,9999.000
202607191312,   0.472,9999.000,9999.000,9999.000,9999.000,9999.000,9999.000,9999.000,9999.000
202607191318,   0.495,9999.000,9999.000,9999.000,9999.000,9999.000,9999.000,9999.000,9999.000
202607191324,   0.519,9999.000,9999.000,9999.000,9999.000,9999.000,9999.000,9999.000,9999.000
202607191330,   0.543,9999.000,9999.000,9999.000,9999.000,9999.000,9999.000,9999.000,9999.000
202607191336,   0.568,9999.000,9999.000,9999.000,9999.000,9999.000,9999.000,9999.000,9999.000
202607191342,   0.593,9999.000,9999.000,9999.000,9999.000,9999.000,9999.000,9999.000,9999.000
202607191348,   0.619,9999.000,9999.000,9999.000,9999.000,9999.000,9999.000,9999.000,9999.000
202607191354,   0.644,9999.000,9999.000,9999.000,9999.000,9999.000,9999.000,9999.000,9999.000
202607191400,   0.670,9999.000,   0.800,   0.430,   1.900,   0.700,   1.800,   0.800,   1.900
202607191406,   0.695,9999.000,9999.000,9999.000,9999.000,9999.000,9999.000,9999.000,9999.000
202607191412,   0.720,9999.000,9999.000,9999.000,9999.000,9999.000,9999.000,9999.000,9999.000
202607191418,   0.744,9999.000,9999.000,9999.000,9999.000,9999.000,9999.000,9999.000,9999.000
202607191424,   0.768,9999.000,9999.000,9999.000,9999.000,9999.000,9999.000,9999.000,9999.000
202607191430,   0.792,9999.000,9999.000,9999.000,9999.000,9999.000,9999.000,9999.000,9999.000
202607191436,   0.814,9999.000,9999.000,9999.000,9999.000,9999.000,9999.000,9999.000,9999.000
202607191442,   0.836,9999.000,9999.000,9999.000,9999.000,9999.000,9999.000,9999.000,9999.000
202607191448,   0.857,9999.000,9999.000,9999.000,9999.000,9999.000,9999.000,9999.000,9999.000
202607191454,   0.877,9999.000,9999.000,9999.000,9999.000,9999.000,9999.000,9999.000,9999.000
202607191500,   0.896,9999.000,   0.800,   0.404,   2.100,   0.700,   2.000,   0.800,   2.100
202607191506,   0.914,9999.000,9999.000,9999.000,9999.000,9999.000,9999.000,9999.000,9999.000
202607191512,   0.931,9999.000,9999.000,9999.000,9999.000,9999.000,9999.000,9999.000,9999.000
202607191518,   0.947,9999.000,9999.000,9999.000,9999.000,9999.000,9999.000,9999.000,9999.000
202607191524,   0.962,9999.000,9999.000,9999.000,9999.000,9999.000,9999.000,9999.000,9999.000
202607191530,   0.976,9999.000,9999.000,9999.000,9999.000,9999.000,9999.000,9999.000,9999.000
202607191536,   0.989,9999.000,9999.000,9999.000,9999.000,9999.000,9999.000,9999.000,9999.000
202607191542,   1.001,9999.000,9999.000,9999.000,9999.000,9999.000,9999.000,9999.000,9999.000
202607191548,   1.012,9999.000,9999.000,9999.000,9999.000,9999.000,9999.000,9999.000,9999.000
202607191554,   1.022,9999.000,9999.000,9999.000,9999.000,9999.000,9999.000,9999.000,9999.000
202607191600,   1.032,9999.000,   0.800,   0.378,   2.210,   0.700,   2.110,   0.800,   2.210
202607191606,   1.040,9999.000,9999.000,9999.000,9999.000,9999.000,9999.000,9999.000,9999.000
202607191612,   1.047,9999.000,9999.000,9999.000,9999.000,9999.000,9999.000,9999.000,9999.000
202607191618,   1.054,9999.000,9999.000,9999.000,9999.000,9999.000,9999.000,9999.000,9999.000
202607191624,   1.060,9999.000,9999.000,9999.000,9999.000,9999.000,9999.000,9999.000,9999.000
202607191630,   1.065,9999.000,9999.000,9999.000,9999.000,9999.000,9999.000,9999.000,9999.000
202607191636,   1.069,9999.000,9999.000,9999.000,9999.000,9999.000,9999.000,9999.000,9999.000
202607191642,   1.072,9999.000,9999.000,9999.000,9999.000,9999.000,9999.000,9999.000,9999.000
202607191648,   1.074,9999.000,9999.000,9999.000,9999.000,9999.000,9999.000,9999.000,9999.000
202607191654,   1.075,9999.000,9999.000,9999.000,9999.000,9999.000,9999.000,9999.000,9999.000
202607191700,   1.075,9999.000,   0.700,   0.352,   2.127,   0.700,   2.127,   0.800,   2.227
202607191706,   1.075,9999.000,9999.000,9999.000,9999.000,9999.000,9999.000,9999.000,9999.000
202607191712,   1.073,9999.000,9999.000,9999.000,9999.000,9999.000,9999.000,9999.000,9999.000
202607191718,   1.070,9999.000,9999.000,9999.000,9999.000,9999.000,9999.000,9999.000,9999.000
202607191724,   1.067,9999.000,9999.000,9999.000,9999.000,9999.000,9999.000,9999.000,9999.000
202607191730,   1.062,9999.000,9999.000,9999.000,9999.000,9999.000,9999.000,9999.000,9999.000
202607191736,   1.056,9999.000,9999.000,9999.000,9999.000,9999.000,9999.000,9999.000,9999.000
202607191742,   1.049,9999.000,9999.000,9999.000,9999.000,9999.000,9999.000,9999.000,9999.000
202607191748,   1.041,9999.000,9999.000,9999.000,9999.000,9999.000,9999.000,9999.000,9999.000
202607191754,   1.032,9999.000,9999.000,9999.000,9999.000,9999.000,9999.000,9999.000,9999.000
202607191800,   1.022,9999.000,   0.700,   0.325,   2.047,   0.700,   2.047,   0.800,   2.147
202607191806,   1.012,9999.000,9999.000,9999.000,9999.000,9999.000,9999.000,9999.000,9999.000
202607191812,   1.000,9999.000,9999.000,9999.000,9999.000,9999.000,9999.000,9999.000,9999.000
202607191818,   0.987,9999.000,9999.000,9999.000,9999.000,9999.000,9999.000,9999.000,9999.000
202607191824,   0.974,9999.000,9999.000,9999.000,9999.000,9999.000,9999.000,9999.000,9999.000
202607191830,   0.959,9999.000,9999.000,9999.000,9999.000,9999.000,9999.000,9999.000,9999.000
202607191836,   0.944,9999.000,9999.000,9999.000,9999.000,9999.000,9999.000,9999.000,9999.000
202607191842,   0.929,9999.000,9999.000,9999.000,9999.000,9999.000,9999.000,9999.000,9999.000
202607191848,   0.913,9999.000,9999.000,9999.000,9999.000,9999.000,9999.000,9999.000,9999.000
202607191854,   0.896,9999.000,9999.000,9999.000,9999.000,9999.000,9999.000,9999.000,9999.000
202607191900,   0.879,9999.000,   0.700,   0.299,   1.878,   0.700,   1.878,   0.800,   1.978
202607191906,   0.862,9999.000,9999.000,9999.000,9999.000,9999.000,9999.000,9999.000,9999.000
202607191912,   0.844,9999.000,9999.000,9999.000,9999.000,9999.000,9999.000,9999.000,9999.000
202607191918,   0.827,9999.000,9999.000,9999.000,9999.000,9999.000,9999.000,9999.000,9999.000
202607191924,   0.809,9999.000,9999.000,9999.000,9999.000,9999.000,9999.000,9999.000,9999.000
202607191930,   0.791,9999.000,9999.000,9999.000,9999.000,9999.000,9999.000,9999.000,9999.000
202607191936,   0.774,9999.000,9999.000,9999.000,9999.000,9999.000,9999.000,9999.000,9999.000
202607191942,   0.756,9999.000,9999.000,9999.000,9999.000,9999.000,9999.000,9999.000,9999.000
202607191948,   0.739,9999.000,9999.000,9999.000,9999.000,9999.000,9999.000,9999.000,9999.000
202607191954,   0.722,9999.000,9999.000,9999.000,9999.000,9999.000,9999.000,9999.000,9999.000
202607192000,   0.705,9999.000,   0.700,   0.273,   1.678,   0.700,   1.678,   0.800,   1.778
202607192006,   0.689,9999.000,9999.000,9999.000,9999.000,9999.000,9999.000,9999.000,9999.000
202607192012,   0.673,9999.000,9999.000,9999.000,9999.000,9999.000,9999.000,9999.000,9999.000
202607192018,   0.657,9999.000,9999.000,9999.000,9999.000,9999.000,9999.000,9999.000,9999.000
202607192024,   0.641,9999.000,9999.000,9999.000,9999.000,9999.000,9999.000,9999.000,9999.000
202607192030,   0.626,9999.000,9999.000,9999.000,9999.000,9999.000,9999.000,9999.000,9999.000
202607192036,   0.612,9999.000,9999.000,9999.000,9999.000,9999.000,9999.000,9999.000,9999.000
202607192042,   0.598,9999.000,9999.000,9999.000,9999.000,9999.000,9999.000,9999.000,9999.000
202607192048,   0.584,9999.000,9999.000,9999.000,9999.000,9999.000,9999.000,9999.000,9999.000
202607192054,   0.571,9999.000,9999.000,9999.000,9999.000,9999.000,9999.000,9999.000,9999.000
202607192100,   0.558,9999.000,   0.700,   0.247,   1.505,   0.700,   1.505,   0.800,   1.605
202607192106,   0.545,9999.000,9999.000,9999.000,9999.000,9999.000,9999.000,9999.000,9999.000
202607192112,   0.533,9999.000,9999.000,9999.000,9999.000,9999.000,9999.000,9999.000,9999.000
202607192118,   0.521,9999.000,9999.000,9999.000,9999.000,9999.000,9999.000,9999.000,9999.000
202607192124,   0.510,9999.000,9999.000,9999.000,9999.000,9999.000,9999.000,9999.000,9999.000
202607192130,   0.499,9999.000,9999.000,9999.000,9999.000,9999.000,9999.000,9999.000,9999.000
202607192136,   0.488,9999.000,9999.000,9999.000,9999.000,9999.000,9999.000,9999.000,9999.000
202607192142,   0.478,9999.000,9999.000,9999.000,9999.000,9999.000,9999.000,9999.000,9999.000
202607192148,   0.469,9999.000,9999.000,9999.000,9999.000,9999.000,9999.000,9999.000,9999.000
202607192154,   0.459,9999.000,9999.000,9999.000,9999.000,9999.000,9999.000,9999.000,9999.000
202607192200,   0.450,9999.000,   0.800,   0.220,   1.470,   0.700,   1.370,   0.800,   1.470
202607192206,   0.442,9999.000,9999.000,9999.000,9999.000,9999.000,9999.000,9999.000,9999.000
202607192212,   0.434,9999.000,9999.000,9999.000,9999.000,9999.000,9999.000,9999.000,9999.000
202607192218,   0.426,9999.000,9999.000,9999.000,9999.000,9999.000,9999.000,9999.000,9999.000
202607192224,   0.419,9999.000,9999.000,9999.000,9999.000,9999.000,9999.000,9999.000,9999.000
202607192230,   0.413,9999.000,9999.000,9999.000,9999.000,9999.000,9999.000,9999.000,9999.000
202607192236,   0.407,9999.000,9999.000,9999.000,9999.000,9999.000,9999.000,9999.000,9999.000
202607192242,   0.401,9999.000,9999.000,9999.000,9999.000,9999.000,9999.000,9999.000,9999.000
202607192248,   0.396,9999.000,9999.000,9999.000,9999.000,9999.000,9999.000,9999.000,9999.000
202607192254,   0.392,9999.000,9999.000,9999.000,9999.000,9999.000,9999.000,9999.000,9999.000
202607192300,   0.388,9999.000,   0.800,   0.194,   1.382,   0.700,   1.282,   0.900,   1.482
202607192306,   0.385,9999.000,9999.000,9999.000,9999.000,9999.000,9999.000,9999.000,9999.000
202607192312,   0.383,9999.000,9999.000,9999.000,9999.000,9999.000,9999.000,9999.000,9999.000
202607192318,   0.381,9999.000,9999.000,9999.000,9999.000,9999.000,9999.000,9999.000,9999.000
202607192324,   0.380,9999.000,9999.000,9999.000,9999.000,9999.000,9999.000,9999.000,9999.000
202607192330,   0.379,9999.000,9999.000,9999.000,9999.000,9999.000,9999.000,9999.000,9999.000
202607192336,   0.380,9999.000,9999.000,9999.000,9999.000,9999.000,9999.000,9999.000,9999.000
202607192342,   0.381,9999.000,9999.000,9999.000,9999.000,9999.000,9999.000,9999.000,9999.000
202607192348,   0.383,9999.000,9999.000,9999.000,9999.000,9999.000,9999.000,9999.000,9999.000
202607192354,   0.386,9999.000,9999.000,9999.000,9999.000,9999.000,9999.000,9999.000,9999.000
202607200000,   0.391,9999.000,   0.800,   0.168,   1.359,   0.700,   1.259,   0.900,   1.459
202607200006,   0.396,9999.000,9999.000,9999.000,9999.000,9999.000,9999.000,9999.000,9999.000
202607200012,   0.402,9999.000,9999.000,9999.000,9999.000,9999.000,9999.000,9999.000,9999.000
202607200018,   0.409,9999.000,9999.000,9999.000,9999.000,9999.000,9999.000,9999.000,9999.000
202607200024,   0.417,9999.000,9999.000,9999.000,9999.000,9999.000,9999.000,9999.000,9999.000
202607200030,   0.427,9999.000,9999.000,9999.000,9999.000,9999.000,9999.000,9999.000,9999.000
202607200036,   0.438,9999.000,9999.000,9999.000,9999.000,9999.000,9999.000,9999.000,9999.000
202607200042,   0.449,9999.000,9999.000,9999.000,9999.000,9999.000,9999.000,9999.000,9999.000
202607200048,   0.462,9999.000,9999.000,9999.000,9999.000,9999.000,9999.000,9999.000,9999.000
202607200054,   0.477,9999.000,9999.000,9999.000,9999.000,9999.000,9999.000,9999.000,9999.000
202607200100,   0.492,9999.000,   0.800,   0.168,   1.460,   0.700,   1.360,   1.000,   1.660
202607200106,   0.508,9999.000,9999.000,9999.000,9999.000,9999.000,9999.000,9999.000,9999.000
202607200112,   0.526,9999.000,9999.000,9999.000,9999.000,9999.000,9999.000,9999.000,9999.000
202607200118,   0.544,9999.000,9999.000,9999.000,9999.000,9999.000,9999.000,9999.000,9999.000
202607200124,   0.563,9999.000,9999.000,9999.000,9999.000,9999.000,9999.000,9999.000,9999.000
202607200130,   0.583,9999.000,9999.000,9999.000,9999.000,9999.000,9999.000,9999.000,9999.000
202607200136,   0.604,9999.000,9999.000,9999.000,9999.000,9999.000,9999.000,9999.000,9999.000
202607200142,   0.626,9999.000,9999.000,9999.000,9999.000,9999.000,9999.000,9999.000,9999.000
202607200148,   0.648,9999.000,9999.000,9999.000,9999.000,9999.000,9999.000,9999.000,9999.000
202607200154,   0.670,9999.000,9999.000,9999.000,9999.000,9999.000,9999.000,9999.000,9999.000
202607200200,   0.693,9999.000,   0.800,   0.168,   1.661,   0.600,   1.461,   1.000,   1.861
202607200206,   0.716,9999.000,9999.000,9999.000,9999.000,9999.000,9999.000,9999.000,9999.000
202607200212,   0.739,9999.000,9999.000,9999.000,9999.000,9999.000,9999.000,9999.000,9999.000
202607200218,   0.762,9999.000,9999.000,9999.000,9999.000,9999.000,9999.000,9999.000,9999.000
202607200224,   0.784,9999.000,9999.000,9999.000,9999.000,9999.000,9999.000,9999.000,9999.000
202607200230,   0.807,9999.000,9999.000,9999.000,9999.000,9999.000,9999.000,9999.000,9999.000
202607200236,   0.828,9999.000,9999.000,9999.000,9999.000,9999.000,9999.000,9999.000,9999.000
202607200242,   0.850,9999.000,9999.000,9999.000,9999.000,9999.000,9999.000,9999.000,9999.000
202607200248,   0.870,9999.000,9999.000,9999.000,9999.000,9999.000,9999.000,9999.000,9999.000
202607200254,   0.890,9999.000,9999.000,9999.000,9999.000,9999.000,9999.000,9999.000,9999.000
202607200300,   0.909,9999.000,   0.800,   0.168,   1.877,   0.600,   1.677,   1.000,   2.077
202607200306,   0.927,9999.000,9999.000,9999.000,9999.000,9999.000,9999.000,9999.000,9999.000
202607200312,   0.945,9999.000,9999.000,9999.000,9999.000,9999.000,9999.000,9999.000,9999.000
202607200318,   0.961,9999.000,9999.000,9999.000,9999.000,9999.000,9999.000,9999.000,9999.000
202607200324,   0.976,9999.000,9999.000,9999.000,9999.000,9999.000,9999.000,9999.000,9999.000
202607200330,   0.991,9999.000,9999.000,9999.000,9999.000,9999.000,9999.000,9999.000,9999.000
202607200336,   1.004,9999.000,9999.000,9999.000,9999.000,9999.000,9999.000,9999.000,9999.000
202607200342,   1.016,9999.000,9999.000,9999.000,9999.000,9999.000,9999.000,9999.000,9999.000
202607200348,   1.028,9999.000,9999.000,9999.000,9999.000,9999.000,9999.000,9999.000,9999.000
202607200354,   1.038,9999.000,9999.000,9999.000,9999.000,9999.000,9999.000,9999.000,9999.000
202607200400,   1.048,9999.000,   0.800,   0.168,   2.016,   0.600,   1.816,   1.000,   2.216
202607200406,   1.056,9999.000,9999.000,9999.000,9999.000,9999.000,9999.000,9999.000,9999.000
202607200412,   1.064,9999.000,9999.000,9999.000,9999.000,9999.000,9999.000,9999.000,9999.000
202607200418,   1.071,9999.000,9999.000,9999.000,9999.000,9999.000,9999.000,9999.000,9999.000
202607200424,   1.077,9999.000,9999.000,9999.000,9999.000,9999.000,9999.000,9999.000,9999.000
202607200430,   1.082,9999.000,9999.000,9999.000,9999.000,9999.000,9999.000,9999.000,9999.000
202607200436,   1.087,9999.000,9999.000,9999.000,9999.000,9999.000,9999.000,9999.000,9999.000
202607200442,   1.091,9999.000,9999.000,9999.000,9999.000,9999.000,9999.000,9999.000,9999.000
202607200448,   1.094,9999.000,9999.000,9999.000,9999.000,9999.000,9999.000,9999.000,9999.000
202607200454,   1.096,9999.000,9999.000,9999.000,9999.000,9999.000,9999.000,9999.000,9999.000
202607200500,   1.098,9999.000,   0.800,   0.168,   2.066,   0.600,   1.866,   1.000,   2.266
202607200506,   1.098,9999.000,9999.000,9999.000,9999.000,9999.000,9999.000,9999.000,9999.000
202607200512,   1.098,9999.000,9999.000,9999.000,9999.000,9999.000,9999.000,9999.000,9999.000
202607200518,   1.098,9999.000,9999.000,9999.000,9999.000,9999.000,9999.000,9999.000,9999.000
202607200524,   1.096,9999.000,9999.000,9999.000,9999.000,9999.000,9999.000,9999.000,9999.000
202607200530,   1.094,9999.000,9999.000,9999.000,9999.000,9999.000,9999.000,9999.000,9999.000
202607200536,   1.091,9999.000,9999.000,9999.000,9999.000,9999.000,9999.000,9999.000,9999.000
202607200542,   1.087,9999.000,9999.000,9999.000,9999.000,9999.000,9999.000,9999.000,9999.000
202607200548,   1.082,9999.000,9999.000,9999.000,9999.000,9999.000,9999.000,9999.000,9999.000
202607200554,   1.076,9999.000,9999.000,9999.000,9999.000,9999.000,9999.000,9999.000,9999.000
202607200600,   1.069,9999.000,   0.800,   0.168,   2.037,   0.600,   1.837,   0.900,   2.137
202607200606,   1.061,9999.000,9999.000,9999.000,9999.000,9999.000,9999.000,9999.000,9999.000
202607200612,   1.053,9999.000,9999.000,9999.000,9999.000,9999.000,9999.000,9999.000,9999.000
202607200618,   1.043,9999.000,9999.000,9999.000,9999.000,9999.000,9999.000,9999.000,9999.000
202607200624,   1.033,9999.000,9999.000,9999.000,9999.000,9999.000,9999.000,9999.000,9999.000
202607200630,   1.021,9999.000,9999.000,9999.000,9999.000,9999.000,9999.000,9999.000,9999.000
202607200636,   1.009,9999.000,9999.000,9999.000,9999.000,9999.000,9999.000,9999.000,9999.000
202607200642,   0.996,9999.000,9999.000,9999.000,9999.000,9999.000,9999.000,9999.000,9999.000
202607200648,   0.982,9999.000,9999.000,9999.000,9999.000,9999.000,9999.000,9999.000,9999.000
202607200654,   0.967,9999.000,9999.000,9999.000,9999.000,9999.000,9999.000,9999.000,9999.000
202607200700,   0.952,9999.000,   0.800,   0.168,   1.920,   0.600,   1.720,   0.900,   2.020
202607200706,   0.936,9999.000,9999.000,9999.000,9999.000,9999.000,9999.000,9999.000,9999.000
202607200712,   0.919,9999.000,9999.000,9999.000,9999.000,9999.000,9999.000,9999.000,9999.000
202607200718,   0.902,9999.000,9999.000,9999.000,9999.000,9999.000,9999.000,9999.000,9999.000
202607200724,   0.885,9999.000,9999.000,9999.000,9999.000,9999.000,9999.000,9999.000,9999.000
202607200730,   0.867,9999.000,9999.000,9999.000,9999.000,9999.000,9999.000,9999.000,9999.000
202607200736,   0.849,9999.000,9999.000,9999.000,9999.000,9999.000,9999.000,9999.000,9999.000
202607200742,   0.831,9999.000,9999.000,9999.000,9999.000,9999.000,9999.000,9999.000,9999.000
202607200748,   0.812,9999.000,9999.000,9999.000,9999.000,9999.000,9999.000,9999.000,9999.000
202607200754,   0.794,9999.000,9999.000,9999.000,9999.000,9999.000,9999.000,9999.000,9999.000
202607200800,   0.775,9999.000,   0.800,   0.168,   1.743,   0.600,   1.543,   0.900,   1.843
202607200806,   0.757,9999.000,9999.000,9999.000,9999.000,9999.000,9999.000,9999.000,9999.000
202607200812,   0.739,9999.000,9999.000,9999.000,9999.000,9999.000,9999.000,9999.000,9999.000
202607200818,   0.720,9999.000,9999.000,9999.000,9999.000,9999.000,9999.000,9999.000,9999.000
202607200824,   0.702,9999.000,9999.000,9999.000,9999.000,9999.000,9999.000,9999.000,9999.000
202607200830,   0.685,9999.000,9999.000,9999.000,9999.000,9999.000,9999.000,9999.000,9999.000
202607200836,   0.667,9999.000,9999.000,9999.000,9999.000,9999.000,9999.000,9999.000,9999.000
202607200842,   0.650,9999.000,9999.000,9999.000,9999.000,9999.000,9999.000,9999.000,9999.000
202607200848,   0.633,9999.000,9999.000,9999.000,9999.000,9999.000,9999.000,9999.000,9999.000
202607200854,   0.616,9999.000,9999.000,9999.000,9999.000,9999.000,9999.000,9999.000,9999.000
202607200900,   0.600,9999.000,   0.700,   0.168,   1.468,   0.600,   1.368,   0.900,   1.668
202607200906,   0.584,9999.000,9999.000,9999.000,9999.000,9999.000,9999.000,9999.000,9999.000
202607200912,   0.568,9999.000,9999.000,9999.000,9999.000,9999.000,9999.000,9999.000,9999.000
202607200918,   0.552,9999.000,9999.000,9999.000,9999.000,9999.000,9999.000,9999.000,9999.000
202607200924,   0.537,9999.000,9999.000,9999.000,9999.000,9999.000,9999.000,9999.000,9999.000
202607200930,   0.522,9999.000,9999.000,9999.000,9999.000,9999.000,9999.000,9999.000,9999.000
202607200936,   0.507,9999.000,9999.000,9999.000,9999.000,9999.000,9999.000,9999.000,9999.000
202607200942,   0.493,9999.000,9999.000,9999.000,9999.000,9999.000,9999.000,9999.000,9999.000
202607200948,   0.479,9999.000,9999.000,9999.000,9999.000,9999.000,9999.000,9999.000,9999.000
202607200954,   0.466,9999.000,9999.000,9999.000,9999.000,9999.000,9999.000,9999.000,9999.000
202607201000,   0.452,9999.000,   0.700,   0.168,   1.320,   0.600,   1.220,   0.800,   1.420
202607201006,   0.439,9999.000,9999.000,9999.000,9999.000,9999.000,9999.000,9999.000,9999.000
202607201012,   0.427,9999.000,9999.000,9999.000,9999.000,9999.000,9999.000,9999.000,9999.000
202607201018,   0.415,9999.000,9999.000,9999.000,9999.000,9999.000,9999.000,9999.000,9999.000
202607201024,   0.403,9999.000,9999.000,9999.000,9999.000,9999.000,9999.000,9999.000,9999.000
202607201030,   0.391,9999.000,9999.000,9999.000,9999.000,9999.000,9999.000,9999.000,9999.000
202607201036,   0.380,9999.000,9999.000,9999.000,9999.000,9999.000,9999.000,9999.000,9999.000
202607201042,   0.370,9999.000,9999.000,9999.000,9999.000,9999.000,9999.000,9999.000,9999.000
202607201048,   0.360,9999.000,9999.000,9999.000,9999.000,9999.000,9999.000,9999.000,9999.000
202607201054,   0.350,9999.000,9999.000,9999.000,9999.000,9999.000,9999.000,9999.000,9999.000
202607201100,   0.341,9999.000,   0.700,   0.168,   1.209,   0.600,   1.109,   0.800,   1.309
202607201106,   0.333,9999.000,9999.000,9999.000,9999.000,9999.000,9999.000,9999.000,9999.000
202607201112,   0.325,9999.000,9999.000,9999.000,9999.000,9999.000,9999.000,9999.000,9999.000
202607201118,   0.317,9999.000,9999.000,9999.000,9999.000,9999.000,9999.000,9999.000,9999.000
202607201124,   0.311,9999.000,9999.000,9999.000,9999.000,9999.000,9999.000,9999.000,9999.000
202607201130,   0.304,9999.000,9999.000,9999.000,9999.000,9999.000,9999.000,9999.000,9999.000
202607201136,   0.299,9999.000,9999.000,9999.000,9999.000,9999.000,9999.000,9999.000,9999.000
202607201142,   0.294,9999.000,9999.000,9999.000,9999.000,9999.000,9999.000,9999.000,9999.000
202607201148,   0.291,9999.000,9999.000,9999.000,9999.000,9999.000,9999.000,9999.000,9999.000
202607201154,   0.288,9999.000,9999.000,9999.000,9999.000,9999.000,9999.000,9999.000,9999.000
202607201200,   0.286,9999.000,   0.700,   0.168,   1.154,   0.600,   1.054,   0.800,   1.254
202607201206,   0.284,9999.000,9999.000,9999.000,9999.000,9999.000,9999.000,9999.000,9999.000
202607201212,   0.284,9999.000,9999.000,9999.000,9999.000,9999.000,9999.000,9999.000,9999.000
202607201218,   0.285,9999.000,9999.000,9999.000,9999.000,9999.000,9999.000,9999.000,9999.000
202607201224,   0.287,9999.000,9999.000,9999.000,9999.000,9999.000,9999.000,9999.000,9999.000
202607201230,   0.290,9999.000,9999.000,9999.000,9999.000,9999.000,9999.000,9999.000,9999.000
202607201236,   0.294,9999.000,9999.000,9999.000,9999.000,9999.000,9999.000,9999.000,9999.000
202607201242,   0.300,9999.000,9999.000,9999.000,9999.000,9999.000,9999.000,9999.000,9999.000
202607201248,   0.306,9999.000,9999.000,9999.000,9999.000,9999.000,9999.000,9999.000,9999.000
202607201254,   0.314,9999.000,9999.000,9999.000,9999.000,9999.000,9999.000,9999.000,9999.000
202607201300,   0.323,9999.000,   0.700,   0.168,   1.191,   0.600,   1.091,   0.800,   1.291
202607201306,   0.334,9999.000,9999.000,9999.000,9999.000,9999.000,9999.000,9999.000,9999.000
202607201312,   0.346,9999.000,9999.000,9999.000,9999.000,9999.000,9999.000,9999.000,9999.000
202607201318,   0.359,9999.000,9999.000,9999.000,9999.000,9999.000,9999.000,9999.000,9999.000
202607201324,   0.373,9999.000,9999.000,9999.000,9999.000,9999.000,9999.000,9999.000,9999.000
202607201330,   0.389,9999.000,9999.000,9999.000,9999.000,9999.000,9999.000,9999.000,9999.000
202607201336,   0.406,9999.000,9999.000,9999.000,9999.000,9999.000,9999.000,9999.000,9999.000
202607201342,   0.424,9999.000,9999.000,9999.000,9999.000,9999.000,9999.000,9999.000,9999.000
202607201348,   0.443,9999.000,9999.000,9999.000,9999.000,9999.000,9999.000,9999.000,9999.000
202607201354,   0.463,9999.000,9999.000,9999.000,9999.000,9999.000,9999.000,9999.000,9999.000
202607201400,   0.485,9999.000,   0.700,   0.168,   1.353,   0.600,   1.253,   0.800,   1.453
202607201406,   0.507,9999.000,9999.000,9999.000,9999.000,9999.000,9999.000,9999.000,9999.000
202607201412,   0.529,9999.000,9999.000,9999.000,9999.000,9999.000,9999.000,9999.000,9999.000
202607201418,   0.552,9999.000,9999.000,9999.000,9999.000,9999.000,9999.000,9999.000,9999.000
202607201424,   0.576,9999.000,9999.000,9999.000,9999.000,9999.000,9999.000,9999.000,9999.000
202607201430,   0.600,9999.000,9999.000,9999.000,9999.000,9999.000,9999.000,9999.000,9999.000
202607201436,   0.625,9999.000,9999.000,9999.000,9999.000,9999.000,9999.000,9999.000,9999.000
202607201442,   0.649,9999.000,9999.000,9999.000,9999.000,9999.000,9999.000,9999.000,9999.000
202607201448,   0.673,9999.000,9999.000,9999.000,9999.000,9999.000,9999.000,9999.000,9999.000
202607201454,   0.697,9999.000,9999.000,9999.000,9999.000,9999.000,9999.000,9999.000,9999.000
202607201500,   0.721,9999.000,   0.700,   0.168,   1.589,   0.500,   1.389,   0.800,   1.689
202607201506,   0.745,9999.000,9999.000,9999.000,9999.000,9999.000,9999.000,9999.000,9999.000
202607201512,   0.768,9999.000,9999.000,9999.000,9999.000,9999.000,9999.000,9999.000,9999.000
202607201518,   0.790,9999.000,9999.000,9999.000,9999.000,9999.000,9999.000,9999.000,9999.000
202607201524,   0.812,9999.000,9999.000,9999.000,9999.000,9999.000,9999.000,9999.000,9999.000
202607201530,   0.833,9999.000,9999.000,9999.000,9999.000,9999.000,9999.000,9999.000,9999.000
202607201536,   0.853,9999.000,9999.000,9999.000,9999.000,9999.000,9999.000,9999.000,9999.000
202607201542,   0.872,9999.000,9999.000,9999.000,9999.000,9999.000,9999.000,9999.000,9999.000
202607201548,   0.891,9999.000,9999.000,9999.000,9999.000,9999.000,9999.000,9999.000,9999.000
202607201554,   0.908,9999.000,9999.000,9999.000,9999.000,9999.000,9999.000,9999.000,9999.000
202607201600,   0.925,9999.000,   0.600,   0.168,   1.693,   0.500,   1.593,   0.700,   1.793
202607201606,   0.940,9999.000,9999.000,9999.000,9999.000,9999.000,9999.000,9999.000,9999.000
202607201612,   0.955,9999.000,9999.000,9999.000,9999.000,9999.000,9999.000,9999.000,9999.000
202607201618,   0.969,9999.000,9999.000,9999.000,9999.000,9999.000,9999.000,9999.000,9999.000
202607201624,   0.982,9999.000,9999.000,9999.000,9999.000,9999.000,9999.000,9999.000,9999.000
202607201630,   0.994,9999.000,9999.000,9999.000,9999.000,9999.000,9999.000,9999.000,9999.000
202607201636,   1.005,9999.000,9999.000,9999.000,9999.000,9999.000,9999.000,9999.000,9999.000
202607201642,   1.016,9999.000,9999.000,9999.000,9999.000,9999.000,9999.000,9999.000,9999.000
202607201648,   1.025,9999.000,9999.000,9999.000,9999.000,9999.000,9999.000,9999.000,9999.000
202607201654,   1.034,9999.000,9999.000,9999.000,9999.000,9999.000,9999.000,9999.000,9999.000
202607201700,   1.042,9999.000,   0.600,   0.168,   1.810,   0.500,   1.710,   0.700,   1.910
202607201706,   1.049,9999.000,9999.000,9999.000,9999.000,9999.000,9999.000,9999.000,9999.000
202607201712,   1.056,9999.000,9999.000,9999.000,9999.000,9999.000,9999.000,9999.000,9999.000
202607201718,   1.061,9999.000,9999.000,9999.000,9999.000,9999.000,9999.000,9999.000,9999.000
202607201724,   1.066,9999.000,9999.000,9999.000,9999.000,9999.000,9999.000,9999.000,9999.000
202607201730,   1.070,9999.000,9999.000,9999.000,9999.000,9999.000,9999.000,9999.000,9999.000
202607201736,   1.074,9999.000,9999.000,9999.000,9999.000,9999.000,9999.000,9999.000,9999.000
202607201742,   1.076,9999.000,9999.000,9999.000,9999.000,9999.000,9999.000,9999.000,9999.000
202607201748,   1.078,9999.000,9999.000,9999.000,9999.000,9999.000,9999.000,9999.000,9999.000
202607201754,   1.079,9999.000,9999.000,9999.000,9999.000,9999.000,9999.000,9999.000,9999.000
202607201800,   1.079,9999.000,   0.600,   0.168,   1.847,   0.500,   1.747,   0.700,   1.947
202607201806,   1.078,9999.000,9999.000,9999.000,9999.000,9999.000,9999.000,9999.000,9999.000
202607201812,   1.075,9999.000,9999.000,9999.000,9999.000,9999.000,9999.000,9999.000,9999.000
202607201818,   1.072,9999.000,9999.000,9999.000,9999.000,9999.000,9999.000,9999.000,9999.000
202607201824,   1.068,9999.000,9999.000,9999.000,9999.000,9999.000,9999.000,9999.000,9999.000
202607201830,   1.063,9999.000,9999.000,9999.000,9999.000,9999.000,9999.000,9999.000,9999.000
202607201836,   1.057,9999.000,9999.000,9999.000,9999.000,9999.000,9999.000,9999.000,9999.000
202607201842,   1.050,9999.000,9999.000,9999.000,9999.000,9999.000,9999.000,9999.000,9999.000
202607201848,   1.042,9999.000,9999.000,9999.000,9999.000,9999.000,9999.000,9999.000,9999.000
202607201854,   1.033,9999.000,9999.000,9999.000,9999.000,9999.000,9999.000,9999.000,9999.000
202607201900,   1.023,9999.000,   0.600,   0.168,   1.791,   0.500,   1.691,   0.700,   1.891
202607201906,   1.012,9999.000,9999.000,9999.000,9999.000,9999.000,9999.000,9999.000,9999.000
202607201912,   1.000,9999.000,9999.000,9999.000,9999.000,9999.000,9999.000,9999.000,9999.000
202607201918,   0.987,9999.000,9999.000,9999.000,9999.000,9999.000,9999.000,9999.000,9999.000
202607201924,   0.974,9999.000,9999.000,9999.000,9999.000,9999.000,9999.000,9999.000,9999.000
202607201930,   0.960,9999.000,9999.000,9999.000,9999.000,9999.000,9999.000,9999.000,9999.000
202607201936,   0.945,9999.000,9999.000,9999.000,9999.000,9999.000,9999.000,9999.000,9999.000
202607201942,   0.930,9999.000,9999.000,9999.000,9999.000,9999.000,9999.000,9999.000,9999.000
202607201948,   0.914,9999.000,9999.000,9999.000,9999.000,9999.000,9999.000,9999.000,9999.000
202607201954,   0.898,9999.000,9999.000,9999.000,9999.000,9999.000,9999.000,9999.000,9999.000
202607202000,   0.882,9999.000,   0.600,   0.168,   1.650,   0.500,   1.550,   0.700,   1.750
202607202006,   0.865,9999.000,9999.000,9999.000,9999.000,9999.000,9999.000,9999.000,9999.000
202607202012,   0.848,9999.000,9999.000,9999.000,9999.000,9999.000,9999.000,9999.000,9999.000
202607202018,   0.831,9999.000,9999.000,9999.000,9999.000,9999.000,9999.000,9999.000,9999.000
202607202024,   0.815,9999.000,9999.000,9999.000,9999.000,9999.000,9999.000,9999.000,9999.000
202607202030,   0.798,9999.000,9999.000,9999.000,9999.000,9999.000,9999.000,9999.000,9999.000
202607202036,   0.781,9999.000,9999.000,9999.000,9999.000,9999.000,9999.000,9999.000,9999.000
202607202042,   0.765,9999.000,9999.000,9999.000,9999.000,9999.000,9999.000,9999.000,9999.000
202607202048,   0.748,9999.000,9999.000,9999.000,9999.000,9999.000,9999.000,9999.000,9999.000
202607202054,   0.732,9999.000,9999.000,9999.000,9999.000,9999.000,9999.000,9999.000,9999.000
202607202100,   0.717,9999.000,   0.600,   0.168,   1.485,   0.500,   1.385,   0.700,   1.585
202607202106,   0.701,9999.000,9999.000,9999.000,9999.000,9999.000,9999.000,9999.000,9999.000
202607202112,   0.686,9999.000,9999.000,9999.000,9999.000,9999.000,9999.000,9999.000,9999.000
202607202118,   0.672,9999.000,9999.000,9999.000,9999.000,9999.000,9999.000,9999.000,9999.000
202607202124,   0.657,9999.000,9999.000,9999.000,9999.000,9999.000,9999.000,9999.000,9999.000
202607202130,   0.643,9999.000,9999.000,9999.000,9999.000,9999.000,9999.000,9999.000,9999.000
202607202136,   0.630,9999.000,9999.000,9999.000,9999.000,9999.000,9999.000,9999.000,9999.000
202607202142,   0.617,9999.000,9999.000,9999.000,9999.000,9999.000,9999.000,9999.000,9999.000
202607202148,   0.604,9999.000,9999.000,9999.000,9999.000,9999.000,9999.000,9999.000,9999.000
202607202154,   0.592,9999.000,9999.000,9999.000,9999.000,9999.000,9999.000,9999.000,9999.000
202607202200,   0.580,9999.000,   0.600,   0.168,   1.348,   0.500,   1.248,   0.700,   1.448
202607202206,   0.568,9999.000,9999.000,9999.000,9999.000,9999.000,9999.000,9999.000,9999.000
202607202212,   0.557,9999.000,9999.000,9999.000,9999.000,9999.000,9999.000,9999.000,9999.000
202607202218,   0.546,9999.000,9999.000,9999.000,9999.000,9999.000,9999.000,9999.000,9999.000
202607202224,   0.536,9999.000,9999.000,9999.000,9999.000,9999.000,9999.000,9999.000,9999.000
202607202230,   0.526,9999.000,9999.000,9999.000,9999.000,9999.000,9999.000,9999.000,9999.000
202607202236,   0.516,9999.000,9999.000,9999.000,9999.000,9999.000,9999.000,9999.000,9999.000
202607202242,   0.507,9999.000,9999.000,9999.000,9999.000,9999.000,9999.000,9999.000,9999.000
202607202248,   0.498,9999.000,9999.000,9999.000,9999.000,9999.000,9999.000,9999.000,9999.000
202607202254,   0.490,9999.000,9999.000,9999.000,9999.000,9999.000,9999.000,9999.000,9999.000
202607202300,   0.482,9999.000,   0.600,   0.168,   1.250,   0.500,   1.150,   0.600,   1.250
202607202306,   0.475,9999.000,9999.000,9999.000,9999.000,9999.000,9999.000,9999.000,9999.000
202607202312,   0.467,9999.000,9999.000,9999.000,9999.000,9999.000,9999.000,9999.000,9999.000
202607202318,   0.461,9999.000,9999.000,9999.000,9999.000,9999.000,9999.000,9999.000,9999.000
202607202324,   0.455,9999.000,9999.000,9999.000,9999.000,9999.000,9999.000,9999.000,9999.000
202607202330,   0.449,9999.000,9999.000,9999.000,9999.000,9999.000,9999.000,9999.000,9999.000
202607202336,   0.444,9999.000,9999.000,9999.000,9999.000,9999.000,9999.000,9999.000,9999.000
202607202342,   0.439,9999.000,9999.000,9999.000,9999.000,9999.000,9999.000,9999.000,9999.000
202607202348,   0.435,9999.000,9999.000,9999.000,9999.000,9999.000,9999.000,9999.000,9999.000
202607202354,   0.431,9999.000,9999.000,9999.000,9999.000,9999.000,9999.000,9999.000,9999.000
202607210000,   0.428,9999.000,   0.600,   0.168,   1.196,   0.500,   1.096,   0.700,   1.296
202607210006,   0.426,9999.000,9999.000,9999.000,9999.000,9999.000,9999.000,9999.000,9999.000
202607210012,   0.424,9999.000,9999.000,9999.000,9999.000,9999.000,9999.000,9999.000,9999.000
202607210018,   0.422,9999.000,9999.000,9999.000,9999.000,9999.000,9999.000,9999.000,9999.000
202607210024,   0.422,9999.000,9999.000,9999.000,9999.000,9999.000,9999.000,9999.000,9999.000
202607210030,   0.422,9999.000,9999.000,9999.000,9999.000,9999.000,9999.000,9999.000,9999.000
202607210036,   0.423,9999.000,9999.000,9999.000,9999.000,9999.000,9999.000,9999.000,9999.000
202607210042,   0.424,9999.000,9999.000,9999.000,9999.000,9999.000,9999.000,9999.000,9999.000
202607210048,   0.426,9999.000,9999.000,9999.000,9999.000,9999.000,9999.000,9999.000,9999.000
202607210054,   0.430,9999.000,9999.000,9999.000,9999.000,9999.000,9999.000,9999.000,9999.000
202607210100,   0.434,9999.000,   0.600,   0.168,   1.202,   0.500,   1.102,   0.700,   1.302
202607210106,   0.439,9999.000,9999.000,9999.000,9999.000,9999.000,9999.000,9999.000,9999.000
202607210112,   0.445,9999.000,9999.000,9999.000,9999.000,9999.000,9999.000,9999.000,9999.000
202607210118,   0.452,9999.000,9999.000,9999.000,9999.000,9999.000,9999.000,9999.000,9999.000
202607210124,   0.460,9999.000,9999.000,9999.000,9999.000,9999.000,9999.000,9999.000,9999.000
202607210130,   0.469,9999.000,9999.000,9999.000,9999.000,9999.000,9999.000,9999.000,9999.000
202607210136,   0.479,9999.000,9999.000,9999.000,9999.000,9999.000,9999.000,9999.000,9999.000
202607210142,   0.489,9999.000,9999.000,9999.000,9999.000,9999.000,9999.000,9999.000,9999.000
202607210148,   0.501,9999.000,9999.000,9999.000,9999.000,9999.000,9999.000,9999.000,9999.000
202607210154,   0.514,9999.000,9999.000,9999.000,9999.000,9999.000,9999.000,9999.000,9999.000
202607210200,   0.528,9999.000,   0.600,   0.168,   1.296,   0.500,   1.196,   0.800,   1.496
202607210206,   0.543,9999.000,9999.000,9999.000,9999.000,9999.000,9999.000,9999.000,9999.000
202607210212,   0.558,9999.000,9999.000,9999.000,9999.000,9999.000,9999.000,9999.000,9999.000
202607210218,   0.575,9999.000,9999.000,9999.000,9999.000,9999.000,9999.000,9999.000,9999.000
202607210224,   0.592,9999.000,9999.000,9999.000,9999.000,9999.000,9999.000,9999.000,9999.000
202607210230,   0.609,9999.000,9999.000,9999.000,9999.000,9999.000,9999.000,9999.000,9999.000
202607210236,   0.627,9999.000,9999.000,9999.000,9999.000,9999.000,9999.000,9999.000,9999.000
202607210242,   0.646,9999.000,9999.000,9999.000,9999.000,9999.000,9999.000,9999.000,9999.000
202607210248,   0.664,9999.000,9999.000,9999.000,9999.000,9999.000,9999.000,9999.000,9999.000
202607210254,   0.683,9999.000,9999.000,9999.000,9999.000,9999.000,9999.000,9999.000,9999.000
202607210300,   0.702,9999.000,   0.600,   0.168,   1.470,   0.500,   1.370,   0.800,   1.670
202607210306,   0.721,9999.000,9999.000,9999.000,9999.000,9999.000,9999.000,9999.000,9999.000
202607210312,   0.740,9999.000,9999.000,9999.000,9999.000,9999.000,9999.000,9999.000,9999.000
202607210318,   0.759,9999.000,9999.000,9999.000,9999.000,9999.000,9999.000,9999.000,9999.000
202607210324,   0.777,9999.000,9999.000,9999.000,9999.000,9999.000,9999.000,9999.000,9999.000
202607210330,   0.794,9999.000,9999.000,9999.000,9999.000,9999.000,9999.000,9999.000,9999.000
202607210336,   0.811,9999.000,9999.000,9999.000,9999.000,9999.000,9999.000,9999.000,9999.000
202607210342,   0.828,9999.000,9999.000,9999.000,9999.000,9999.000,9999.000,9999.000,9999.000
202607210348,   0.844,9999.000,9999.000,9999.000,9999.000,9999.000,9999.000,9999.000,9999.000
202607210354,   0.859,9999.000,9999.000,9999.000,9999.000,9999.000,9999.000,9999.000,9999.000
202607210400,   0.873,9999.000,   0.700,   0.168,   1.741,   0.500,   1.541,   0.800,   1.841
202607210406,   0.887,9999.000,9999.000,9999.000,9999.000,9999.000,9999.000,9999.000,9999.000
202607210412,   0.899,9999.000,9999.000,9999.000,9999.000,9999.000,9999.000,9999.000,9999.000
202607210418,   0.911,9999.000,9999.000,9999.000,9999.000,9999.000,9999.000,9999.000,9999.000
202607210424,   0.922,9999.000,9999.000,9999.000,9999.000,9999.000,9999.000,9999.000,9999.000
202607210430,   0.932,9999.000,9999.000,9999.000,9999.000,9999.000,9999.000,9999.000,9999.000
202607210436,   0.942,9999.000,9999.000,9999.000,9999.000,9999.000,9999.000,9999.000,9999.000
202607210442,   0.951,9999.000,9999.000,9999.000,9999.000,9999.000,9999.000,9999.000,9999.000
202607210448,   0.958,9999.000,9999.000,9999.000,9999.000,9999.000,9999.000,9999.000,9999.000
202607210454,   0.966,9999.000,9999.000,9999.000,9999.000,9999.000,9999.000,9999.000,9999.000
202607210500,   0.972,9999.000,   0.700,   0.168,   1.840,   0.500,   1.640,   0.800,   1.940
202607210506,   0.978,9999.000,9999.000,9999.000,9999.000,9999.000,9999.000,9999.000,9999.000
202607210512,   0.983,9999.000,9999.000,9999.000,9999.000,9999.000,9999.000,9999.000,9999.000
202607210518,   0.988,9999.000,9999.000,9999.000,9999.000,9999.000,9999.000,9999.000,9999.000
202607210524,   0.992,9999.000,9999.000,9999.000,9999.000,9999.000,9999.000,9999.000,9999.000
202607210530,   0.996,9999.000,9999.000,9999.000,9999.000,9999.000,9999.000,9999.000,9999.000
202607210536,   0.999,9999.000,9999.000,9999.000,9999.000,9999.000,9999.000,9999.000,9999.000
202607210542,   1.002,9999.000,9999.000,9999.000,9999.000,9999.000,9999.000,9999.000,9999.000
202607210548,   1.004,9999.000,9999.000,9999.000,9999.000,9999.000,9999.000,9999.000,9999.000
202607210554,   1.005,9999.000,9999.000,9999.000,9999.000,9999.000,9999.000,9999.000,9999.000
202607210600,   1.006,9999.000,   0.700,   0.168,   1.874,   0.500,   1.674,   0.900,   2.074
202607210606,   1.006,9999.000,9999.000,9999.000,9999.000,9999.000,9999.000,9999.000,9999.000
202607210612,   1.006,9999.000,9999.000,9999.000,9999.000,9999.000,9999.000,9999.000,9999.000
202607210618,   1.005,9999.000,9999.000,9999.000,9999.000,9999.000,9999.000,9999.000,9999.000
202607210624,   1.003,9999.000,9999.000,9999.000,9999.000,9999.000,9999.000,9999.000,9999.000
202607210630,   1.001,9999.000,9999.000,9999.000,9999.000,9999.000,9999.000,9999.000,9999.000
202607210636,   0.998,9999.000,9999.000,9999.000,9999.000,9999.000,9999.000,9999.000,9999.000
202607210642,   0.994,9999.000,9999.000,9999.000,9999.000,9999.000,9999.000,9999.000,9999.000
202607210648,   0.989,9999.000,9999.000,9999.000,9999.000,9999.000,9999.000,9999.000,9999.000
202607210654,   0.983,9999.000,9999.000,9999.000,9999.000,9999.000,9999.000,9999.000,9999.000
202607210700,   0.977,9999.000,   0.700,   0.168,   1.845,   0.500,   1.645,   0.900,   2.045
202607210706,   0.969,9999.000,9999.000,9999.000,9999.000,9999.000,9999.000,9999.000,9999.000
202607210712,   0.961,9999.000,9999.000,9999.000,9999.000,9999.000,9999.000,9999.000,9999.000
202607210718,   0.952,9999.000,9999.000,9999.000,9999.000,9999.000,9999.000,9999.000,9999.000
202607210724,   0.942,9999.000,9999.000,9999.000,9999.000,9999.000,9999.000,9999.000,9999.000
202607210730,   0.931,9999.000,9999.000,9999.000,9999.000,9999.000,9999.000,9999.000,9999.000
202607210736,   0.920,9999.000,9999.000,9999.000,9999.000,9999.000,9999.000,9999.000,9999.000
202607210742,   0.907,9999.000,9999.000,9999.000,9999.000,9999.000,9999.000,9999.000,9999.000
202607210748,   0.894,9999.000,9999.000,9999.000,9999.000,9999.000,9999.000,9999.000,9999.000
202607210754,   0.880,9999.000,9999.000,9999.000,9999.000,9999.000,9999.000,9999.000,9999.000
202607210800,   0.866,9999.000,   0.700,   0.168,   1.734,   0.500,   1.534,   0.900,   1.934
202607210806,   0.851,9999.000,9999.000,9999.000,9999.000,9999.000,9999.000,9999.000,9999.000
202607210812,   0.836,9999.000,9999.000,9999.000,9999.000,9999.000,9999.000,9999.000,9999.000
202607210818,   0.820,9999.000,9999.000,9999.000,9999.000,9999.000,9999.000,9999.000,9999.000
202607210824,   0.804,9999.000,9999.000,9999.000,9999.000,9999.000,9999.000,9999.000,9999.000
202607210830,   0.788,9999.000,9999.000,9999.000,9999.000,9999.000,9999.000,9999.000,9999.000
202607210836,   0.771,9999.000,9999.000,9999.000,9999.000,9999.000,9999.000,9999.000,9999.000
202607210842,   0.754,9999.000,9999.000,9999.000,9999.000,9999.000,9999.000,9999.000,9999.000
202607210848,   0.738,9999.000,9999.000,9999.000,9999.000,9999.000,9999.000,9999.000,9999.000
202607210854,   0.721,9999.000,9999.000,9999.000,9999.000,9999.000,9999.000,9999.000,9999.000
202607210900,   0.704,9999.000,   0.700,   0.168,   1.572,   0.500,   1.372,   0.900,   1.772
202607210906,   0.688,9999.000,9999.000,9999.000,9999.000,9999.000,9999.000,9999.000,9999.000
202607210912,   0.671,9999.000,9999.000,9999.000,9999.000,9999.000,9999.000,9999.000,9999.000
202607210918,   0.655,9999.000,9999.000,9999.000,9999.000,9999.000,9999.000,9999.000,9999.000
202607210924,   0.639,9999.000,9999.000,9999.000,9999.000,9999.000,9999.000,9999.000,9999.000
202607210930,   0.623,9999.000,9999.000,9999.000,9999.000,9999.000,9999.000,9999.000,9999.000
202607210936,   0.607,9999.000,9999.000,9999.000,9999.000,9999.000,9999.000,9999.000,9999.000
202607210942,   0.592,9999.000,9999.000,9999.000,9999.000,9999.000,9999.000,9999.000,9999.000
202607210948,   0.576,9999.000,9999.000,9999.000,9999.000,9999.000,9999.000,9999.000,9999.000
202607210954,   0.562,9999.000,9999.000,9999.000,9999.000,9999.000,9999.000,9999.000,9999.000
202607211000,   0.547,9999.000,   0.700,   0.168,   1.415,   0.500,   1.215,   0.900,   1.615
202607211006,   0.533,9999.000,9999.000,9999.000,9999.000,9999.000,9999.000,9999.000,9999.000
202607211012,   0.519,9999.000,9999.000,9999.000,9999.000,9999.000,9999.000,9999.000,9999.000
202607211018,   0.505,9999.000,9999.000,9999.000,9999.000,9999.000,9999.000,9999.000,9999.000
202607211024,   0.492,9999.000,9999.000,9999.000,9999.000,9999.000,9999.000,9999.000,9999.000
202607211030,   0.479,9999.000,9999.000,9999.000,9999.000,9999.000,9999.000,9999.000,9999.000
202607211036,   0.466,9999.000,9999.000,9999.000,9999.000,9999.000,9999.000,9999.000,9999.000
202607211042,   0.454,9999.000,9999.000,9999.000,9999.000,9999.000,9999.000,9999.000,9999.000
202607211048,   0.442,9999.000,9999.000,9999.000,9999.000,9999.000,9999.000,9999.000,9999.000
202607211054,   0.430,9999.000,9999.000,9999.000,9999.000,9999.000,9999.000,9999.000,9999.000
202607211100,   0.419,9999.000,   0.700,   0.168,   1.287,   0.500,   1.087,   0.900,   1.487
202607211106,   0.408,9999.000,9999.000,9999.000,9999.000,9999.000,9999.000,9999.000,9999.000
202607211112,   0.398,9999.000,9999.000,9999.000,9999.000,9999.000,9999.000,9999.000,9999.000
202607211118,   0.388,9999.000,9999.000,9999.000,9999.000,9999.000,9999.000,9999.000,9999.000
202607211124,   0.378,9999.000,9999.000,9999.000,9999.000,9999.000,9999.000,9999.000,9999.000
202607211130,   0.369,9999.000,9999.000,9999.000,9999.000,9999.000,9999.000,9999.000,9999.000
202607211136,   0.360,9999.000,9999.000,9999.000,9999.000,9999.000,9999.000,9999.000,9999.000
202607211142,   0.352,9999.000,9999.000,9999.000,9999.000,9999.000,9999.000,9999.000,9999.000
202607211148,   0.344,9999.000,9999.000,9999.000,9999.000,9999.000,9999.000,9999.000,9999.000
202607211154,   0.337,9999.000,9999.000,9999.000,9999.000,9999.000,9999.000,9999.000,9999.000
202607211200,   0.330,9999.000,   0.700,   0.168,   1.198,   0.600,   1.098,   0.900,   1.398
202607211206,   0.324,9999.000,9999.000,9999.000,9999.000,9999.000,9999.000,9999.000,9999.000
202607211212,   0.319,9999.000,9999.000,9999.000,9999.000,9999.000,9999.000,9999.000,9999.000
202607211218,   0.314,9999.000,9999.000,9999.000,9999.000,9999.000,9999.000,9999.000,9999.000
202607211224,   0.310,9999.000,9999.000,9999.000,9999.000,9999.000,9999.000,9999.000,9999.000
202607211230,   0.306,9999.000,9999.000,9999.000,9999.000,9999.000,9999.000,9999.000,9999.000
202607211236,   0.303,9999.000,9999.000,9999.000,9999.000,9999.000,9999.000,9999.000,9999.000
202607211242,   0.301,9999.000,9999.000,9999.000,9999.000,9999.000,9999.000,9999.000,9999.000
202607211248,   0.300,9999.000,9999.000,9999.000,9999.000,9999.000,9999.000,9999.000,9999.000
202607211254,   0.299,9999.000,9999.000,9999.000,9999.000,9999.000,9999.000,9999.000,9999.000
202607211300,   0.300,9999.000,   0.700,   0.168,   1.168,   0.600,   1.068,   0.900,   1.368
202607211306,   0.301,9999.000,9999.000,9999.000,9999.000,9999.000,9999.000,9999.000,9999.000
202607211312,   0.303,9999.000,9999.000,9999.000,9999.000,9999.000,9999.000,9999.000,9999.000
202607211318,   0.307,9999.000,9999.000,9999.000,9999.000,9999.000,9999.000,9999.000,9999.000
202607211324,   0.311,9999.000,9999.000,9999.000,9999.000,9999.000,9999.000,9999.000,9999.000
202607211330,   0.317,9999.000,9999.000,9999.000,9999.000,9999.000,9999.000,9999.000,9999.000
202607211336,   0.323,9999.000,9999.000,9999.000,9999.000,9999.000,9999.000,9999.000,9999.000
202607211342,   0.331,9999.000,9999.000,9999.000,9999.000,9999.000,9999.000,9999.000,9999.000
202607211348,   0.340,9999.000,9999.000,9999.000,9999.000,9999.000,9999.000,9999.000,9999.000
202607211354,   0.350,9999.000,9999.000,9999.000,9999.000,9999.000,9999.000,9999.000,9999.000
202607211400,   0.361,9999.000,   0.700,   0.168,   1.229,   0.500,   1.029,   0.900,   1.429
202607211406,   0.374,9999.000,9999.000,9999.000,9999.000,9999.000,9999.000,9999.000,9999.000
202607211412,   0.388,9999.000,9999.000,9999.000,9999.000,9999.000,9999.000,9999.000,9999.000
202607211418,   0.403,9999.000,9999.000,9999.000,9999.000,9999.000,9999.000,9999.000,9999.000
202607211424,   0.419,9999.000,9999.000,9999.000,9999.000,9999.000,9999.000,9999.000,9999.000
202607211430,   0.436,9999.000,9999.000,9999.000,9999.000,9999.000,9999.000,9999.000,9999.000
202607211436,   0.454,9999.000,9999.000,9999.000,9999.000,9999.000,9999.000,9999.000,9999.000
202607211442,   0.473,9999.000,9999.000,9999.000,9999.000,9999.000,9999.000,9999.000,9999.000
202607211448,   0.493,9999.000,9999.000,9999.000,9999.000,9999.000,9999.000,9999.000,9999.000
202607211454,   0.513,9999.000,9999.000,9999.000,9999.000,9999.000,9999.000,9999.000,9999.000
202607211500,   0.535,9999.000,   0.700,   0.168,   1.403,   0.500,   1.203,   0.900,   1.603
202607211506,   0.557,9999.000,9999.000,9999.000,9999.000,9999.000,9999.000,9999.000,9999.000
202607211512,   0.580,9999.000,9999.000,9999.000,9999.000,9999.000,9999.000,9999.000,9999.000
202607211518,   0.602,9999.000,9999.000,9999.000,9999.000,9999.000,9999.000,9999.000,9999.000
202607211524,   0.625,9999.000,9999.000,9999.000,9999.000,9999.000,9999.000,9999.000,9999.000
202607211530,   0.648,9999.000,9999.000,9999.000,9999.000,9999.000,9999.000,9999.000,9999.000
202607211536,   0.672,9999.000,9999.000,9999.000,9999.000,9999.000,9999.000,9999.000,9999.000
202607211542,   0.695,9999.000,9999.000,9999.000,9999.000,9999.000,9999.000,9999.000,9999.000
202607211548,   0.717,9999.000,9999.000,9999.000,9999.000,9999.000,9999.000,9999.000,9999.000
202607211554,   0.740,9999.000,9999.000,9999.000,9999.000,9999.000,9999.000,9999.000,9999.000
202607211600,   0.762,9999.000,   0.700,   0.168,   1.630,   0.600,   1.530,   0.900,   1.830
202607211606,   0.783,9999.000,9999.000,9999.000,9999.000,9999.000,9999.000,9999.000,9999.000
202607211612,   0.804,9999.000,9999.000,9999.000,9999.000,9999.000,9999.000,9999.000,9999.000
202607211618,   0.824,9999.000,9999.000,9999.000,9999.000,9999.000,9999.000,9999.000,9999.000
202607211624,   0.844,9999.000,9999.000,9999.000,9999.000,9999.000,9999.000,9999.000,9999.000
202607211630,   0.862,9999.000,9999.000,9999.000,9999.000,9999.000,9999.000,9999.000,9999.000
202607211636,   0.880,9999.000,9999.000,9999.000,9999.000,9999.000,9999.000,9999.000,9999.000
202607211642,   0.897,9999.000,9999.000,9999.000,9999.000,9999.000,9999.000,9999.000,9999.000
202607211648,   0.914,9999.000,9999.000,9999.000,9999.000,9999.000,9999.000,9999.000,9999.000
202607211654,   0.929,9999.000,9999.000,9999.000,9999.000,9999.000,9999.000,9999.000,9999.000
202607211700,   0.944,9999.000,   0.800,   0.168,   1.912,   0.600,   1.712,   1.000,   2.112
202607211706,   0.957,9999.000,9999.000,9999.000,9999.000,9999.000,9999.000,9999.000,9999.000
202607211712,   0.970,9999.000,9999.000,9999.000,9999.000,9999.000,9999.000,9999.000,9999.000
202607211718,   0.983,9999.000,9999.000,9999.000,9999.000,9999.000,9999.000,9999.000,9999.000
202607211724,   0.994,9999.000,9999.000,9999.000,9999.000,9999.000,9999.000,9999.000,9999.000
202607211730,   1.005,9999.000,9999.000,9999.000,9999.000,9999.000,9999.000,9999.000,9999.000
202607211736,   1.015,9999.000,9999.000,9999.000,9999.000,9999.000,9999.000,9999.000,9999.000
202607211742,   1.024,9999.000,9999.000,9999.000,9999.000,9999.000,9999.000,9999.000,9999.000
202607211748,   1.033,9999.000,9999.000,9999.000,9999.000,9999.000,9999.000,9999.000,9999.000
202607211754,   1.041,9999.000,9999.000,9999.000,9999.000,9999.000,9999.000,9999.000,9999.000
202607211800,   1.048,9999.000,   0.800,   0.168,   2.016,   0.600,   1.816,   1.000,   2.216
202607211806,   1.054,9999.000,9999.000,9999.000,9999.000,9999.000,9999.000,9999.000,9999.000
202607211812,   1.060,9999.000,9999.000,9999.000,9999.000,9999.000,9999.000,9999.000,9999.000
202607211818,   1.066,9999.000,9999.000,9999.000,9999.000,9999.000,9999.000,9999.000,9999.000
202607211824,   1.070,9999.000,9999.000,9999.000,9999.000,9999.000,9999.000,9999.000,9999.000
202607211830,   1.074,9999.000,9999.000,9999.000,9999.000,9999.000,9999.000,9999.000,9999.000
202607211836,   1.077,9999.000,9999.000,9999.000,9999.000,9999.000,9999.000,9999.000,9999.000
202607211842,   1.079,9999.000,9999.000,9999.000,9999.000,9999.000,9999.000,9999.000,9999.000
202607211848,   1.080,9999.000,9999.000,9999.000,9999.000,9999.000,9999.000,9999.000,9999.000
202607211854,   1.080,9999.000,9999.000,9999.000,9999.000,9999.000,9999.000,9999.000,9999.000
202607211900,   1.080,9999.000,   0.800,   0.168,   2.048,   0.600,   1.848,   1.100,   2.348
202607211906,   1.078,9999.000,9999.000,9999.000,9999.000,9999.000,9999.000,9999.000,9999.000
202607211912,   1.076,9999.000,9999.000,9999.000,9999.000,9999.000,9999.000,9999.000,9999.000
202607211918,   1.072,9999.000,9999.000,9999.000,9999.000,9999.000,9999.000,9999.000,9999.000
202607211924,   1.068,9999.000,9999.000,9999.000,9999.000,9999.000,9999.000,9999.000,9999.000
202607211930,   1.062,9999.000,9999.000,9999.000,9999.000,9999.000,9999.000,9999.000,9999.000
202607211936,   1.056,9999.000,9999.000,9999.000,9999.000,9999.000,9999.000,9999.000,9999.000
202607211942,   1.048,9999.000,9999.000,9999.000,9999.000,9999.000,9999.000,9999.000,9999.000
202607211948,   1.040,9999.000,9999.000,9999.000,9999.000,9999.000,9999.000,9999.000,9999.000
202607211954,   1.030,9999.000,9999.000,9999.000,9999.000,9999.000,9999.000,9999.000,9999.000
202607212000,   1.020,9999.000,   0.900,   0.168,   2.088,   0.600,   1.788,   1.100,   2.288
202607212006,   1.008,9999.000,9999.000,9999.000,9999.000,9999.000,9999.000,9999.000,9999.000
202607212012,   0.996,9999.000,9999.000,9999.000,9999.000,9999.000,9999.000,9999.000,9999.000
202607212018,   0.983,9999.000,9999.000,9999.000,9999.000,9999.000,9999.000,9999.000,9999.000
202607212024,   0.970,9999.000,9999.000,9999.000,9999.000,9999.000,9999.000,9999.000,9999.000
202607212030,   0.955,9999.000,9999.000,9999.000,9999.000,9999.000,9999.000,9999.000,9999.000
202607212036,   0.941,9999.000,9999.000,9999.000,9999.000,9999.000,9999.000,9999.000,9999.000
202607212042,   0.925,9999.000,9999.000,9999.000,9999.000,9999.000,9999.000,9999.000,9999.000
202607212048,   0.910,9999.000,9999.000,9999.000,9999.000,9999.000,9999.000,9999.000,9999.000
202607212054,   0.894,9999.000,9999.000,9999.000,9999.000,9999.000,9999.000,9999.000,9999.000
202607212100,   0.878,9999.000,   0.900,   0.168,   1.946,   0.600,   1.646,   1.200,   2.246
202607212106,   0.862,9999.000,9999.000,9999.000,9999.000,9999.000,9999.000,9999.000,9999.000
202607212112,   0.845,9999.000,9999.000,9999.000,9999.000,9999.000,9999.000,9999.000,9999.000
202607212118,   0.829,9999.000,9999.000,9999.000,9999.000,9999.000,9999.000,9999.000,9999.000
202607212124,   0.813,9999.000,9999.000,9999.000,9999.000,9999.000,9999.000,9999.000,9999.000
202607212130,   0.797,9999.000,9999.000,9999.000,9999.000,9999.000,9999.000,9999.000,9999.000
202607212136,   0.781,9999.000,9999.000,9999.000,9999.000,9999.000,9999.000,9999.000,9999.000
202607212142,   0.765,9999.000,9999.000,9999.000,9999.000,9999.000,9999.000,9999.000,9999.000
202607212148,   0.750,9999.000,9999.000,9999.000,9999.000,9999.000,9999.000,9999.000,9999.000
202607212154,   0.735,9999.000,9999.000,9999.000,9999.000,9999.000,9999.000,9999.000,9999.000
202607212200,   0.720,9999.000,   1.000,   0.168,   1.888,   0.700,   1.588,   1.300,   2.188
202607212206,   0.705,9999.000,9999.000,9999.000,9999.000,9999.000,9999.000,9999.000,9999.000
202607212212,   0.691,9999.000,9999.000,9999.000,9999.000,9999.000,9999.000,9999.000,9999.000
202607212218,   0.678,9999.000,9999.000,9999.000,9999.000,9999.000,9999.000,9999.000,9999.000
202607212224,   0.664,9999.000,9999.000,9999.000,9999.000,9999.000,9999.000,9999.000,9999.000
202607212230,   0.651,9999.000,9999.000,9999.000,9999.000,9999.000,9999.000,9999.000,9999.000
202607212236,   0.639,9999.000,9999.000,9999.000,9999.000,9999.000,9999.000,9999.000,9999.000
202607212242,   0.627,9999.000,9999.000,9999.000,9999.000,9999.000,9999.000,9999.000,9999.000
202607212248,   0.615,9999.000,9999.000,9999.000,9999.000,9999.000,9999.000,9999.000,9999.000
202607212254,   0.603,9999.000,9999.000,9999.000,9999.000,9999.000,9999.000,9999.000,9999.000
202607212300,   0.593,9999.000,   1.000,   0.168,   1.761,   0.700,   1.461,   1.400,   2.161
202607212306,   0.582,9999.000,9999.000,9999.000,9999.000,9999.000,9999.000,9999.000,9999.000
202607212312,   0.572,9999.000,9999.000,9999.000,9999.000,9999.000,9999.000,9999.000,9999.000
202607212318,   0.562,9999.000,9999.000,9999.000,9999.000,9999.000,9999.000,9999.000,9999.000
202607212324,   0.553,9999.000,9999.000,9999.000,9999.000,9999.000,9999.000,9999.000,9999.000
202607212330,   0.544,9999.000,9999.000,9999.000,9999.000,9999.000,9999.000,9999.000,9999.000
202607212336,   0.535,9999.000,9999.000,9999.000,9999.000,9999.000,9999.000,9999.000,9999.000
202607212342,   0.527,9999.000,9999.000,9999.000,9999.000,9999.000,9999.000,9999.000,9999.000
202607212348,   0.520,9999.000,9999.000,9999.000,9999.000,9999.000,9999.000,9999.000,9999.000
202607212354,   0.512,9999.000,9999.000,9999.000,9999.000,9999.000,9999.000,9999.000,9999.000
202607220000,   0.505,9999.000,   1.100,   0.168,   1.773,   0.700,   1.373,   1.400,   2.073
202607220006,   0.499,9999.000,9999.000,9999.000,9999.000,9999.000,9999.000,9999.000,9999.000
202607220012,   0.493,9999.000,9999.000,9999.000,9999.000,9999.000,9999.000,9999.000,9999.000
202607220018,   0.487,9999.000,9999.000,9999.000,9999.000,9999.000,9999.000,9999.000,9999.000
202607220024,   0.482,9999.000,9999.000,9999.000,9999.000,9999.000,9999.000,9999.000,9999.000
202607220030,   0.477,9999.000,9999.000,9999.000,9999.000,9999.000,9999.000,9999.000,9999.000
202607220036,   0.472,9999.000,9999.000,9999.000,9999.000,9999.000,9999.000,9999.000,9999.000
202607220042,   0.468,9999.000,9999.000,9999.000,9999.000,9999.000,9999.000,9999.000,9999.000
202607220048,   0.465,9999.000,9999.000,9999.000,9999.000,9999.000,9999.000,9999.000,9999.000
202607220054,   0.462,9999.000,9999.000,9999.000,9999.000,9999.000,9999.000,9999.000,9999.000
202607220100,   0.459,9999.000,   1.100,   0.168,   1.727,   0.800,   1.427,   1.500,   2.127
202607220106,   0.457,9999.000,9999.000,9999.000,9999.000,9999.000,9999.000,9999.000,9999.000
202607220112,   0.456,9999.000,9999.000,9999.000,9999.000,9999.000,9999.000,9999.000,9999.000
202607220118,   0.455,9999.000,9999.000,9999.000,9999.000,9999.000,9999.000,9999.000,9999.000
202607220124,   0.454,9999.000,9999.000,9999.000,9999.000,9999.000,9999.000,9999.000,9999.000
202607220130,   0.455,9999.000,9999.000,9999.000,9999.000,9999.000,9999.000,9999.000,9999.000
202607220136,   0.455,9999.000,9999.000,9999.000,9999.000,9999.000,9999.000,9999.000,9999.000
202607220142,   0.457,9999.000,9999.000,9999.000,9999.000,9999.000,9999.000,9999.000,9999.000
202607220148,   0.459,9999.000,9999.000,9999.000,9999.000,9999.000,9999.000,9999.000,9999.000
202607220154,   0.462,9999.000,9999.000,9999.000,9999.000,9999.000,9999.000,9999.000,9999.000
202607220200,   0.466,9999.000,   1.100,   0.168,   1.734,   0.800,   1.434,   1.500,   2.134
202607220206,   0.471,9999.000,9999.000,9999.000,9999.000,9999.000,9999.000,9999.000,9999.000
202607220212,   0.476,9999.000,9999.000,9999.000,9999.000,9999.000,9999.000,9999.000,9999.000
202607220218,   0.483,9999.000,9999.000,9999.000,9999.000,9999.000,9999.000,9999.000,9999.000
202607220224,   0.490,9999.000,9999.000,9999.000,9999.000,9999.000,9999.000,9999.000,9999.000
202607220230,   0.498,9999.000,9999.000,9999.000,9999.000,9999.000,9999.000,9999.000,9999.000
202607220236,   0.507,9999.000,9999.000,9999.000,9999.000,9999.000,9999.000,9999.000,9999.000
202607220242,   0.517,9999.000,9999.000,9999.000,9999.000,9999.000,9999.000,9999.000,9999.000
202607220248,   0.527,9999.000,9999.000,9999.000,9999.000,9999.000,9999.000,9999.000,9999.000
202607220254,   0.539,9999.000,9999.000,9999.000,9999.000,9999.000,9999.000,9999.000,9999.000
202607220300,   0.551,9999.000,   1.200,   0.168,   1.919,   0.800,   1.519,   1.500,   2.219
202607220306,   0.564,9999.000,9999.000,9999.000,9999.000,9999.000,9999.000,9999.000,9999.000
202607220312,   0.578,9999.000,9999.000,9999.000,9999.000,9999.000,9999.000,9999.000,9999.000
202607220318,   0.592,9999.000,9999.000,9999.000,9999.000,9999.000,9999.000,9999.000,9999.000
202607220324,   0.606,9999.000,9999.000,9999.000,9999.000,9999.000,9999.000,9999.000,9999.000
202607220330,   0.621,9999.000,9999.000,9999.000,9999.000,9999.000,9999.000,9999.000,9999.000
202607220336,   0.637,9999.000,9999.000,9999.000,9999.000,9999.000,9999.000,9999.000,9999.000
202607220342,   0.652,9999.000,9999.000,9999.000,9999.000,9999.000,9999.000,9999.000,9999.000
202607220348,   0.668,9999.000,9999.000,9999.000,9999.000,9999.000,9999.000,9999.000,9999.000
202607220354,   0.683,9999.000,9999.000,9999.000,9999.000,9999.000,9999.000,9999.000,9999.000
202607220400,   0.699,9999.000,   1.200,   0.168,   2.067,   0.800,   1.667,   1.600,   2.467
202607220406,   0.714,9999.000,9999.000,9999.000,9999.000,9999.000,9999.000,9999.000,9999.000
202607220412,   0.729,9999.000,9999.000,9999.000,9999.000,9999.000,9999.000,9999.000,9999.000
202607220418,   0.744,9999.000,9999.000,9999.000,9999.000,9999.000,9999.000,9999.000,9999.000
202607220424,   0.758,9999.000,9999.000,9999.000,9999.000,9999.000,9999.000,9999.000,9999.000
202607220430,   0.772,9999.000,9999.000,9999.000,9999.000,9999.000,9999.000,9999.000,9999.000
202607220436,   0.785,9999.000,9999.000,9999.000,9999.000,9999.000,9999.000,9999.000,9999.000
202607220442,   0.798,9999.000,9999.000,9999.000,9999.000,9999.000,9999.000,9999.000,9999.000
202607220448,   0.810,9999.000,9999.000,9999.000,9999.000,9999.000,9999.000,9999.000,9999.000
202607220454,   0.821,9999.000,9999.000,9999.000,9999.000,9999.000,9999.000,9999.000,9999.000
202607220500,   0.832,9999.000,   1.200,   0.168,   2.200,   0.800,   1.800,   1.600,   2.600
202607220506,   0.842,9999.000,9999.000,9999.000,9999.000,9999.000,9999.000,9999.000,9999.000
202607220512,   0.851,9999.000,9999.000,9999.000,9999.000,9999.000,9999.000,9999.000,9999.000
202607220518,   0.860,9999.000,9999.000,9999.000,9999.000,9999.000,9999.000,9999.000,9999.000
202607220524,   0.868,9999.000,9999.000,9999.000,9999.000,9999.000,9999.000,9999.000,9999.000
202607220530,   0.875,9999.000,9999.000,9999.000,9999.000,9999.000,9999.000,9999.000,9999.000
202607220536,   0.882,9999.000,9999.000,9999.000,9999.000,9999.000,9999.000,9999.000,9999.000
202607220542,   0.888,9999.000,9999.000,9999.000,9999.000,9999.000,9999.000,9999.000,9999.000
202607220548,   0.894,9999.000,9999.000,9999.000,9999.000,9999.000,9999.000,9999.000,9999.000
202607220554,   0.900,9999.000,9999.000,9999.000,9999.000,9999.000,9999.000,9999.000,9999.000
202607220600,   0.905,9999.000,   1.200,   0.168,   2.273,   0.800,   1.873,   1.600,   2.673
202607220606,   0.909,9999.000,9999.000,9999.000,9999.000,9999.000,9999.000,9999.000,9999.000
202607220612,   0.913,9999.000,9999.000,9999.000,9999.000,9999.000,9999.000,9999.000,9999.000
202607220618,   0.917,9999.000,9999.000,9999.000,9999.000,9999.000,9999.000,9999.000,9999.000
202607220624,   0.920,9999.000,9999.000,9999.000,9999.000,9999.000,9999.000,9999.000,9999.000
202607220630,   0.923,9999.000,9999.000,9999.000,9999.000,9999.000,9999.000,9999.000,9999.000
202607220636,   0.926,9999.000,9999.000,9999.000,9999.000,9999.000,9999.000,9999.000,9999.000
202607220642,   0.928,9999.000,9999.000,9999.000,9999.000,9999.000,9999.000,9999.000,9999.000
202607220648,   0.930,9999.000,9999.000,9999.000,9999.000,9999.000,9999.000,9999.000,9999.000
202607220654,   0.931,9999.000,9999.000,9999.000,9999.000,9999.000,9999.000,9999.000,9999.000
202607220700,   0.932,9999.000,   1.200,   0.168,   2.300,   0.800,   1.900,   1.600,   2.700
202607220706,   0.932,9999.000,9999.000,9999.000,9999.000,9999.000,9999.000,9999.000,9999.000
202607220712,   0.932,9999.000,9999.000,9999.000,9999.000,9999.000,9999.000,9999.000,9999.000
202607220718,   0.931,9999.000,9999.000,9999.000,9999.000,9999.000,9999.000,9999.000,9999.000
202607220724,   0.930,9999.000,9999.000,9999.000,9999.000,9999.000,9999.000,9999.000,9999.000
202607220730,   0.927,9999.000,9999.000,9999.000,9999.000,9999.000,9999.000,9999.000,9999.000
202607220736,   0.924,9999.000,9999.000,9999.000,9999.000,9999.000,9999.000,9999.000,9999.000
202607220742,   0.920,9999.000,9999.000,9999.000,9999.000,9999.000,9999.000,9999.000,9999.000
202607220748,   0.916,9999.000,9999.000,9999.000,9999.000,9999.000,9999.000,9999.000,9999.000
202607220754,   0.910,9999.000,9999.000,9999.000,9999.000,9999.000,9999.000,9999.000,9999.000
202607220800,   0.904,9999.000,   1.200,   0.168,   2.272,   0.800,   1.872,   1.600,   2.672
202607220806,   0.897,9999.000,9999.000,9999.000,9999.000,9999.000,9999.000,9999.000,9999.000
202607220812,   0.889,9999.000,9999.000,9999.000,9999.000,9999.000,9999.000,9999.000,9999.000
202607220818,   0.880,9999.000,9999.000,9999.000,9999.000,9999.000,9999.000,9999.000,9999.000
202607220824,   0.870,9999.000,9999.000,9999.000,9999.000,9999.000,9999.000,9999.000,9999.000
202607220830,   0.860,9999.000,9999.000,9999.000,9999.000,9999.000,9999.000,9999.000,9999.000
202607220836,   0.848,9999.000,9999.000,9999.000,9999.000,9999.000,9999.000,9999.000,9999.000
202607220842,   0.836,9999.000,9999.000,9999.000,9999.000,9999.000,9999.000,9999.000,9999.000
202607220848,   0.824,9999.000,9999.000,9999.000,9999.000,9999.000,9999.000,9999.000,9999.000
202607220854,   0.811,9999.000,9999.000,9999.000,9999.000,9999.000,9999.000,9999.000,9999.000
202607220900,   0.797,9999.000,   1.100,   0.168,   2.065,   0.800,   1.765,   1.600,   2.565
202607220906,   0.783,9999.000,9999.000,9999.000,9999.000,9999.000,9999.000,9999.000,9999.000
202607220912,   0.768,9999.000,9999.000,9999.000,9999.000,9999.000,9999.000,9999.000,9999.000
202607220918,   0.753,9999.000,9999.000,9999.000,9999.000,9999.000,9999.000,9999.000,9999.000
202607220924,   0.738,9999.000,9999.000,9999.000,9999.000,9999.000,9999.000,9999.000,9999.000
202607220930,   0.723,9999.000,9999.000,9999.000,9999.000,9999.000,9999.000,9999.000,9999.000
202607220936,   0.707,9999.000,9999.000,9999.000,9999.000,9999.000,9999.000,9999.000,9999.000
202607220942,   0.691,9999.000,9999.000,9999.000,9999.000,9999.000,9999.000,9999.000,9999.000
202607220948,   0.676,9999.000,9999.000,9999.000,9999.000,9999.000,9999.000,9999.000,9999.000
202607220954,   0.660,9999.000,9999.000,9999.000,9999.000,9999.000,9999.000,9999.000,9999.000
202607221000,   0.645,9999.000,   1.100,   0.168,   1.913,   0.800,   1.613,   1.500,   2.313
202607221006,   0.629,9999.000,9999.000,9999.000,9999.000,9999.000,9999.000,9999.000,9999.000
202607221012,   0.614,9999.000,9999.000,9999.000,9999.000,9999.000,9999.000,9999.000,9999.000
202607221018,   0.599,9999.000,9999.000,9999.000,9999.000,9999.000,9999.000,9999.000,9999.000
202607221024,   0.585,9999.000,9999.000,9999.000,9999.000,9999.000,9999.000,9999.000,9999.000
202607221030,   0.570,9999.000,9999.000,9999.000,9999.000,9999.000,9999.000,9999.000,9999.000
202607221036,   0.556,9999.000,9999.000,9999.000,9999.000,9999.000,9999.000,9999.000,9999.000
202607221042,   0.542,9999.000,9999.000,9999.000,9999.000,9999.000,9999.000,9999.000,9999.000
202607221048,   0.528,9999.000,9999.000,9999.000,9999.000,9999.000,9999.000,9999.000,9999.000
202607221054,   0.515,9999.000,9999.000,9999.000,9999.000,9999.000,9999.000,9999.000,9999.000
202607221100,   0.502,9999.000,   1.100,   0.168,   1.770,   0.800,   1.470,   1.500,   2.170
202607221106,   0.489,9999.000,9999.000,9999.000,9999.000,9999.000,9999.000,9999.000,9999.000
202607221112,   0.477,9999.000,9999.000,9999.000,9999.000,9999.000,9999.000,9999.000,9999.000
202607221118,   0.465,9999.000,9999.000,9999.000,9999.000,9999.000,9999.000,9999.000,9999.000
202607221124,   0.453,9999.000,9999.000,9999.000,9999.000,9999.000,9999.000,9999.000,9999.000
202607221130,   0.442,9999.000,9999.000,9999.000,9999.000,9999.000,9999.000,9999.000,9999.000
202607221136,   0.431,9999.000,9999.000,9999.000,9999.000,9999.000,9999.000,9999.000,9999.000
202607221142,   0.420,9999.000,9999.000,9999.000,9999.000,9999.000,9999.000,9999.000,9999.000
202607221148,   0.410,9999.000,9999.000,9999.000,9999.000,9999.000,9999.000,9999.000,9999.000
202607221154,   0.400,9999.000,9999.000,9999.000,9999.000,9999.000,9999.000,9999.000,9999.000
202607221200,   0.391,9999.000,   1.100,   0.168,   1.659,   0.800,   1.359,   1.500,   2.059
202607221206,   0.382,9999.000,9999.000,9999.000,9999.000,9999.000,9999.000,9999.000,9999.000
202607221212,   0.373,9999.000,9999.000,9999.000,9999.000,9999.000,9999.000,9999.000,9999.000
202607221218,   0.365,9999.000,9999.000,9999.000,9999.000,9999.000,9999.000,9999.000,9999.000
202607221224,   0.357,9999.000,9999.000,9999.000,9999.000,9999.000,9999.000,9999.000,9999.000
202607221230,   0.350,9999.000,9999.000,9999.000,9999.000,9999.000,9999.000,9999.000,9999.000
202607221236,   0.344,9999.000,9999.000,9999.000,9999.000,9999.000,9999.000,9999.000,9999.000
202607221242,   0.337,9999.000,9999.000,9999.000,9999.000,9999.000,9999.000,9999.000,9999.000
202607221248,   0.332,9999.000,9999.000,9999.000,9999.000,9999.000,9999.000,9999.000,9999.000
202607221254,   0.326,9999.000,9999.000,9999.000,9999.000,9999.000,9999.000,9999.000,9999.000
202607221300,   0.322,9999.000,   1.100,   0.168,   1.590,   0.800,   1.290,   1.500,   1.990
202607221306,   0.318,9999.000,9999.000,9999.000,9999.000,9999.000,9999.000,9999.000,9999.000
202607221312,   0.314,9999.000,9999.000,9999.000,9999.000,9999.000,9999.000,9999.000,9999.000
202607221318,   0.312,9999.000,9999.000,9999.000,9999.000,9999.000,9999.000,9999.000,9999.000
202607221324,   0.309,9999.000,9999.000,9999.000,9999.000,9999.000,9999.000,9999.000,9999.000
202607221330,   0.308,9999.000,9999.000,9999.000,9999.000,9999.000,9999.000,9999.000,9999.000
202607221336,   0.307,9999.000,9999.000,9999.000,9999.000,9999.000,9999.000,9999.000,9999.000
202607221342,   0.307,9999.000,9999.000,9999.000,9999.000,9999.000,9999.000,9999.000,9999.000
202607221348,   0.308,9999.000,9999.000,9999.000,9999.000,9999.000,9999.000,9999.000,9999.000
202607221354,   0.310,9999.000,9999.000,9999.000,9999.000,9999.000,9999.000,9999.000,9999.000
202607221400,   0.312,9999.000,   1.000,   0.168,   1.480,   0.800,   1.280,   1.500,   1.980
202607221406,   0.316,9999.000,9999.000,9999.000,9999.000,9999.000,9999.000,9999.000,9999.000
202607221412,   0.320,9999.000,9999.000,9999.000,9999.000,9999.000,9999.000,9999.000,9999.000
202607221418,   0.325,9999.000,9999.000,9999.000,9999.000,9999.000,9999.000,9999.000,9999.000
202607221424,   0.332,9999.000,9999.000,9999.000,9999.000,9999.000,9999.000,9999.000,9999.000
202607221430,   0.339,9999.000,9999.000,9999.000,9999.000,9999.000,9999.000,9999.000,9999.000
202607221436,   0.347,9999.000,9999.000,9999.000,9999.000,9999.000,9999.000,9999.000,9999.000
202607221442,   0.357,9999.000,9999.000,9999.000,9999.000,9999.000,9999.000,9999.000,9999.000
202607221448,   0.368,9999.000,9999.000,9999.000,9999.000,9999.000,9999.000,9999.000,9999.000
202607221454,   0.380,9999.000,9999.000,9999.000,9999.000,9999.000,9999.000,9999.000,9999.000
202607221500,   0.392,9999.000,   1.000,   0.168,   1.560,   0.700,   1.260,   1.500,   2.060
202607221506,   0.406,9999.000,9999.000,9999.000,9999.000,9999.000,9999.000,9999.000,9999.000
202607221512,   0.421,9999.000,9999.000,9999.000,9999.000,9999.000,9999.000,9999.000,9999.000
202607221518,   0.438,9999.000,9999.000,9999.000,9999.000,9999.000,9999.000,9999.000,9999.000
202607221524,   0.455,9999.000,9999.000,9999.000,9999.000,9999.000,9999.000,9999.000,9999.000
202607221530,   0.473,9999.000,9999.000,9999.000,9999.000,9999.000,9999.000,9999.000,9999.000
202607221536,   0.491,9999.000,9999.000,9999.000,9999.000,9999.000,9999.000,9999.000,9999.000
202607221542,   0.511,9999.000,9999.000,9999.000,9999.000,9999.000,9999.000,9999.000,9999.000
202607221548,   0.531,9999.000,9999.000,9999.000,9999.000,9999.000,9999.000,9999.000,9999.000
202607221554,   0.552,9999.000,9999.000,9999.000,9999.000,9999.000,9999.000,9999.000,9999.000
202607221600,   0.574,9999.000,   1.000,   0.168,   1.742,   0.700,   1.442,   1.400,   2.142
202607221606,   0.595,9999.000,9999.000,9999.000,9999.000,9999.000,9999.000,9999.000,9999.000
202607221612,   0.618,9999.000,9999.000,9999.000,9999.000,9999.000,9999.000,9999.000,9999.000
202607221618,   0.640,9999.000,9999.000,9999.000,9999.000,9999.000,9999.000,9999.000,9999.000
202607221624,   0.662,9999.000,9999.000,9999.000,9999.000,9999.000,9999.000,9999.000,9999.000
202607221630,   0.684,9999.000,9999.000,9999.000,9999.000,9999.000,9999.000,9999.000,9999.000
202607221636,   0.706,9999.000,9999.000,9999.000,9999.000,9999.000,9999.000,9999.000,9999.000
202607221642,   0.728,9999.000,9999.000,9999.000,9999.000,9999.000,9999.000,9999.000,9999.000
202607221648,   0.749,9999.000,9999.000,9999.000,9999.000,9999.000,9999.000,9999.000,9999.000
202607221654,   0.770,9999.000,9999.000,9999.000,9999.000,9999.000,9999.000,9999.000,9999.000
202607221700,   0.790,9999.000,   1.000,   0.168,   1.958,   0.600,   1.558,   1.500,   2.458
202607221706,   0.810,9999.000,9999.000,9999.000,9999.000,9999.000,9999.000,9999.000,9999.000
202607221712,   0.829,9999.000,9999.000,9999.000,9999.000,9999.000,9999.000,9999.000,9999.000
202607221718,   0.848,9999.000,9999.000,9999.000,9999.000,9999.000,9999.000,9999.000,9999.000
202607221724,   0.866,9999.000,9999.000,9999.000,9999.000,9999.000,9999.000,9999.000,9999.000
202607221730,   0.883,9999.000,9999.000,9999.000,9999.000,9999.000,9999.000,9999.000,9999.000
202607221736,   0.899,9999.000,9999.000,9999.000,9999.000,9999.000,9999.000,9999.000,9999.000
202607221742,   0.914,9999.000,9999.000,9999.000,9999.000,9999.000,9999.000,9999.000,9999.000
202607221748,   0.929,9999.000,9999.000,9999.000,9999.000,9999.000,9999.000,9999.000,9999.000
202607221754,   0.943,9999.000,9999.000,9999.000,9999.000,9999.000,9999.000,9999.000,9999.000
202607221800,   0.957,9999.000,   0.900,   0.168,   2.025,   0.600,   1.725,   1.400,   2.525
202607221806,   0.969,9999.000,9999.000,9999.000,9999.000,9999.000,9999.000,9999.000,9999.000
202607221812,   0.981,9999.000,9999.000,9999.000,9999.000,9999.000,9999.000,9999.000,9999.000
202607221818,   0.992,9999.000,9999.000,9999.000,9999.000,9999.000,9999.000,9999.000,9999.000
202607221824,   1.003,9999.000,9999.000,9999.000,9999.000,9999.000,9999.000,9999.000,9999.000
202607221830,   1.013,9999.000,9999.000,9999.000,9999.000,9999.000,9999.000,9999.000,9999.000
202607221836,   1.022,9999.000,9999.000,9999.000,9999.000,9999.000,9999.000,9999.000,9999.000
202607221842,   1.031,9999.000,9999.000,9999.000,9999.000,9999.000,9999.000,9999.000,9999.000
202607221848,   1.039,9999.000,9999.000,9999.000,9999.000,9999.000,9999.000,9999.000,9999.000
202607221854,   1.047,9999.000,9999.000,9999.000,9999.000,9999.000,9999.000,9999.000,9999.000
202607221900,   1.054,9999.000,   0.900,   0.168,   2.122,   0.600,   1.822,   1.300,   2.522
202607221906,   1.060,9999.000,9999.000,9999.000,9999.000,9999.000,9999.000,9999.000,9999.000
202607221912,   1.066,9999.000,9999.000,9999.000,9999.000,9999.000,9999.000,9999.000,9999.000
202607221918,   1.071,9999.000,9999.000,9999.000,9999.000,9999.000,9999.000,9999.000,9999.000
202607221924,   1.075,9999.000,9999.000,9999.000,9999.000,9999.000,9999.000,9999.000,9999.000
202607221930,   1.078,9999.000,9999.000,9999.000,9999.000,9999.000,9999.000,9999.000,9999.000
202607221936,   1.081,9999.000,9999.000,9999.000,9999.000,9999.000,9999.000,9999.000,9999.000
202607221942,   1.082,9999.000,9999.000,9999.000,9999.000,9999.000,9999.000,9999.000,9999.000
202607221948,   1.083,9999.000,9999.000,9999.000,9999.000,9999.000,9999.000,9999.000,9999.000
202607221954,   1.083,9999.000,9999.000,9999.000,9999.000,9999.000,9999.000,9999.000,9999.000
202607222000,   1.082,9999.000,   0.900,   0.168,   2.150,   0.600,   1.850,   1.300,   2.550
202607222006,   1.080,9999.000,9999.000,9999.000,9999.000,9999.000,9999.000,9999.000,9999.000
202607222012,   1.076,9999.000,9999.000,9999.000,9999.000,9999.000,9999.000,9999.000,9999.000
202607222018,   1.072,9999.000,9999.000,9999.000,9999.000,9999.000,9999.000,9999.000,9999.000
202607222024,   1.067,9999.000,9999.000,9999.000,9999.000,9999.000,9999.000,9999.000,9999.000
202607222030,   1.061,9999.000,9999.000,9999.000,9999.000,9999.000,9999.000,9999.000,9999.000
202607222036,   1.053,9999.000,9999.000,9999.000,9999.000,9999.000,9999.000,9999.000,9999.000
202607222042,   1.045,9999.000,9999.000,9999.000,9999.000,9999.000,9999.000,9999.000,9999.000
202607222048,   1.035,9999.000,9999.000,9999.000,9999.000,9999.000,9999.000,9999.000,9999.000
202607222054,   1.025,9999.000,9999.000,9999.000,9999.000,9999.000,9999.000,9999.000,9999.000
202607222100,   1.014,9999.000,   0.900,   0.168,   2.082,   0.600,   1.782,   1.300,   2.482
202607222106,   1.002,9999.000,9999.000,9999.000,9999.000,9999.000,9999.000,9999.000,9999.000
202607222112,   0.989,9999.000,9999.000,9999.000,9999.000,9999.000,9999.000,9999.000,9999.000
202607222118,   0.976,9999.000,9999.000,9999.000,9999.000,9999.000,9999.000,9999.000,9999.000
202607222124,   0.961,9999.000,9999.000,9999.000,9999.000,9999.000,9999.000,9999.000,9999.000
202607222130,   0.947,9999.000,9999.000,9999.000,9999.000,9999.000,9999.000,9999.000,9999.000
202607222136,   0.932,9999.000,9999.000,9999.000,9999.000,9999.000,9999.000,9999.000,9999.000
202607222142,   0.916,9999.000,9999.000,9999.000,9999.000,9999.000,9999.000,9999.000,9999.000
202607222148,   0.901,9999.000,9999.000,9999.000,9999.000,9999.000,9999.000,9999.000,9999.000
202607222154,   0.885,9999.000,9999.000,9999.000,9999.000,9999.000,9999.000,9999.000,9999.000
202607222200,   0.869,9999.000,   0.900,   0.168,   1.937,   0.600,   1.637,   1.300,   2.337
202607222206,   0.853,9999.000,9999.000,9999.000,9999.000,9999.000,9999.000,9999.000,9999.000
202607222212,   0.837,9999.000,9999.000,9999.000,9999.000,9999.000,9999.000,9999.000,9999.000
202607222218,   0.821,9999.000,9999.000,9999.000,9999.000,9999.000,9999.000,9999.000,9999.000
202607222224,   0.805,9999.000,9999.000,9999.000,9999.000,9999.000,9999.000,9999.000,9999.000
202607222230,   0.789,9999.000,9999.000,9999.000,9999.000,9999.000,9999.000,9999.000,9999.000
202607222236,   0.774,9999.000,9999.000,9999.000,9999.000,9999.000,9999.000,9999.000,9999.000
202607222242,   0.759,9999.000,9999.000,9999.000,9999.000,9999.000,9999.000,9999.000,9999.000
202607222248,   0.744,9999.000,9999.000,9999.000,9999.000,9999.000,9999.000,9999.000,9999.000
202607222254,   0.729,9999.000,9999.000,9999.000,9999.000,9999.000,9999.000,9999.000,9999.000
202607222300,   0.715,9999.000,   0.900,   0.168,   1.783,   0.600,   1.483,   1.300,   2.183
202607222306,   0.702,9999.000,9999.000,9999.000,9999.000,9999.000,9999.000,9999.000,9999.000
202607222312,   0.688,9999.000,9999.000,9999.000,9999.000,9999.000,9999.000,9999.000,9999.000
202607222318,   0.675,9999.000,9999.000,9999.000,9999.000,9999.000,9999.000,9999.000,9999.000
202607222324,   0.663,9999.000,9999.000,9999.000,9999.000,9999.000,9999.000,9999.000,9999.000
202607222330,   0.651,9999.000,9999.000,9999.000,9999.000,9999.000,9999.000,9999.000,9999.000
202607222336,   0.639,9999.000,9999.000,9999.000,9999.000,9999.000,9999.000,9999.000,9999.000
202607222342,   0.628,9999.000,9999.000,9999.000,9999.000,9999.000,9999.000,9999.000,9999.000
202607222348,   0.617,9999.000,9999.000,9999.000,9999.000,9999.000,9999.000,9999.000,9999.000
202607222354,   0.607,9999.000,9999.000,9999.000,9999.000,9999.000,9999.000,9999.000,9999.000
202607230000,   0.597,9999.000,   0.900,   0.168,   1.665,   0.600,   1.365,   1.400,   2.165
202607230006,   0.587,9999.000,9999.000,9999.000,9999.000,9999.000,9999.000,9999.000,9999.000
202607230012,   0.578,9999.000,9999.000,9999.000,9999.000,9999.000,9999.000,9999.000,9999.000
202607230018,   0.569,9999.000,9999.000,9999.000,9999.000,9999.000,9999.000,9999.000,9999.000
202607230024,   0.561,9999.000,9999.000,9999.000,9999.000,9999.000,9999.000,9999.000,9999.000
202607230030,   0.553,9999.000,9999.000,9999.000,9999.000,9999.000,9999.000,9999.000,9999.000
202607230036,   0.545,9999.000,9999.000,9999.000,9999.000,9999.000,9999.000,9999.000,9999.000
202607230042,   0.538,9999.000,9999.000,9999.000,9999.000,9999.000,9999.000,9999.000,9999.000
202607230048,   0.531,9999.000,9999.000,9999.000,9999.000,9999.000,9999.000,9999.000,9999.000
202607230054,   0.525,9999.000,9999.000,9999.000,9999.000,9999.000,9999.000,9999.000,9999.000
202607230100,   0.519,9999.000,   0.900,   0.168,   1.587,   0.500,   1.187,   1.500,   2.187
202607230106,   0.513,9999.000,9999.000,9999.000,9999.000,9999.000,9999.000,9999.000,9999.000
202607230112,   0.508,9999.000,9999.000,9999.000,9999.000,9999.000,9999.000,9999.000,9999.000
202607230118,   0.503,9999.000,9999.000,9999.000,9999.000,9999.000,9999.000,9999.000,9999.000
202607230124,   0.498,9999.000,9999.000,9999.000,9999.000,9999.000,9999.000,9999.000,9999.000
202607230130,   0.494,9999.000,9999.000,9999.000,9999.000,9999.000,9999.000,9999.000,9999.000
202607230136,   0.490,9999.000,9999.000,9999.000,9999.000,9999.000,9999.000,9999.000,9999.000
202607230142,   0.486,9999.000,9999.000,9999.000,9999.000,9999.000,9999.000,9999.000,9999.000
202607230148,   0.483,9999.000,9999.000,9999.000,9999.000,9999.000,9999.000,9999.000,9999.000
202607230154,   0.480,9999.000,9999.000,9999.000,9999.000,9999.000,9999.000,9999.000,9999.000
202607230200,   0.478,9999.000,   0.900,   0.168,   1.546,   0.500,   1.146,   1.300,   1.946
202607230206,   0.476,9999.000,9999.000,9999.000,9999.000,9999.000,9999.000,9999.000,9999.000
202607230212,   0.474,9999.000,9999.000,9999.000,9999.000,9999.000,9999.000,9999.000,9999.000
202607230218,   0.473,9999.000,9999.000,9999.000,9999.000,9999.000,9999.000,9999.000,9999.000
202607230224,   0.473,9999.000,9999.000,9999.000,9999.000,9999.000,9999.000,9999.000,9999.000
202607230230,   0.473,9999.000,9999.000,9999.000,9999.000,9999.000,9999.000,9999.000,9999.000
202607230236,   0.474,9999.000,9999.000,9999.000,9999.000,9999.000,9999.000,9999.000,9999.000
202607230242,   0.475,9999.000,9999.000,9999.000,9999.000,9999.000,9999.000,9999.000,9999.000
202607230248,   0.477,9999.000,9999.000,9999.000,9999.000,9999.000,9999.000,9999.000,9999.000
202607230254,   0.480,9999.000,9999.000,9999.000,9999.000,9999.000,9999.000,9999.000,9999.000
202607230300,   0.483,9999.000,   0.900,   0.168,   1.551,   0.500,   1.151,   1.200,   1.851
202607230306,   0.488,9999.000,9999.000,9999.000,9999.000,9999.000,9999.000,9999.000,9999.000
202607230312,   0.493,9999.000,9999.000,9999.000,9999.000,9999.000,9999.000,9999.000,9999.000
202607230318,   0.498,9999.000,9999.000,9999.000,9999.000,9999.000,9999.000,9999.000,9999.000
202607230324,   0.505,9999.000,9999.000,9999.000,9999.000,9999.000,9999.000,9999.000,9999.000
202607230330,   0.512,9999.000,9999.000,9999.000,9999.000,9999.000,9999.000,9999.000,9999.000
202607230336,   0.520,9999.000,9999.000,9999.000,9999.000,9999.000,9999.000,9999.000,9999.000
202607230342,   0.529,9999.000,9999.000,9999.000,9999.000,9999.000,9999.000,9999.000,9999.000
202607230348,   0.538,9999.000,9999.000,9999.000,9999.000,9999.000,9999.000,9999.000,9999.000
202607230354,   0.549,9999.000,9999.000,9999.000,9999.000,9999.000,9999.000,9999.000,9999.000
202607230400,   0.559,9999.000,   0.800,   0.168,   1.527,   0.500,   1.227,   1.200,   1.927
202607230406,   0.571,9999.000,9999.000,9999.000,9999.000,9999.000,9999.000,9999.000,9999.000
202607230412,   0.583,9999.000,9999.000,9999.000,9999.000,9999.000,9999.000,9999.000,9999.000
202607230418,   0.595,9999.000,9999.000,9999.000,9999.000,9999.000,9999.000,9999.000,9999.000
202607230424,   0.608,9999.000,9999.000,9999.000,9999.000,9999.000,9999.000,9999.000,9999.000
202607230430,   0.621,9999.000,9999.000,9999.000,9999.000,9999.000,9999.000,9999.000,9999.000
202607230436,   0.634,9999.000,9999.000,9999.000,9999.000,9999.000,9999.000,9999.000,9999.000
202607230442,   0.647,9999.000,9999.000,9999.000,9999.000,9999.000,9999.000,9999.000,9999.000
202607230448,   0.660,9999.000,9999.000,9999.000,9999.000,9999.000,9999.000,9999.000,9999.000
202607230454,   0.673,9999.000,9999.000,9999.000,9999.000,9999.000,9999.000,9999.000,9999.000
202607230500,   0.686,9999.000,   0.800,   0.168,   1.654,   0.400,   1.254,   1.200,   2.054
202607230506,   0.699,9999.000,9999.000,9999.000,9999.000,9999.000,9999.000,9999.000,9999.000
202607230512,   0.711,9999.000,9999.000,9999.000,9999.000,9999.000,9999.000,9999.000,9999.000
202607230518,   0.723,9999.000,9999.000,9999.000,9999.000,9999.000,9999.000,9999.000,9999.000
202607230524,   0.735,9999.000,9999.000,9999.000,9999.000,9999.000,9999.000,9999.000,9999.000
202607230530,   0.746,9999.000,9999.000,9999.000,9999.000,9999.000,9999.000,9999.000,9999.000
202607230536,   0.757,9999.000,9999.000,9999.000,9999.000,9999.000,9999.000,9999.000,9999.000
202607230542,   0.767,9999.000,9999.000,9999.000,9999.000,9999.000,9999.000,9999.000,9999.000
202607230548,   0.776,9999.000,9999.000,9999.000,9999.000,9999.000,9999.000,9999.000,9999.000
202607230554,   0.785,9999.000,9999.000,9999.000,9999.000,9999.000,9999.000,9999.000,9999.000
202607230600,   0.794,9999.000,   0.700,   0.168,   1.662,   0.400,   1.362,   1.100,   2.062
202607230606,   0.801,9999.000,9999.000,9999.000,9999.000,9999.000,9999.000,9999.000,9999.000
202607230612,   0.809,9999.000,9999.000,9999.000,9999.000,9999.000,9999.000,9999.000,9999.000
202607230618,   0.816,9999.000,9999.000,9999.000,9999.000,9999.000,9999.000,9999.000,9999.000
202607230624,   0.822,9999.000,9999.000,9999.000,9999.000,9999.000,9999.000,9999.000,9999.000
202607230630,   0.828,9999.000,9999.000,9999.000,9999.000,9999.000,9999.000,9999.000,9999.000
202607230636,   0.834,9999.000,9999.000,9999.000,9999.000,9999.000,9999.000,9999.000,9999.000
202607230642,   0.840,9999.000,9999.000,9999.000,9999.000,9999.000,9999.000,9999.000,9999.000
202607230648,   0.845,9999.000,9999.000,9999.000,9999.000,9999.000,9999.000,9999.000,9999.000
202607230654,   0.849,9999.000,9999.000,9999.000,9999.000,9999.000,9999.000,9999.000,9999.000
202607230700,   0.854,9999.000,   0.700,   0.168,   1.722,   0.400,   1.422,   1.000,   2.022
202607230706,   0.858,9999.000,9999.000,9999.000,9999.000,9999.000,9999.000,9999.000,9999.000
202607230712,   0.862,9999.000,9999.000,9999.000,9999.000,9999.000,9999.000,9999.000,9999.000
202607230718,   0.866,9999.000,9999.000,9999.000,9999.000,9999.000,9999.000,9999.000,9999.000
202607230724,   0.869,9999.000,9999.000,9999.000,9999.000,9999.000,9999.000,9999.000,9999.000
202607230730,   0.872,9999.000,9999.000,9999.000,9999.000,9999.000,9999.000,9999.000,9999.000
202607230736,   0.875,9999.000,9999.000,9999.000,9999.000,9999.000,9999.000,9999.000,9999.000
202607230742,   0.877,9999.000,9999.000,9999.000,9999.000,9999.000,9999.000,9999.000,9999.000
202607230748,   0.879,9999.000,9999.000,9999.000,9999.000,9999.000,9999.000,9999.000,9999.000
202607230754,   0.881,9999.000,9999.000,9999.000,9999.000,9999.000,9999.000,9999.000,9999.000
202607230800,   0.882,9999.000,   0.700,   0.168,   1.750,   0.300,   1.350,   1.000,   2.050
202607230806,   0.882,9999.000,9999.000,9999.000,9999.000,9999.000,9999.000,9999.000,9999.000
202607230812,   0.882,9999.000,9999.000,9999.000,9999.000,9999.000,9999.000,9999.000,9999.000
202607230818,   0.881,9999.000,9999.000,9999.000,9999.000,9999.000,9999.000,9999.000,9999.000
202607230824,   0.879,9999.000,9999.000,9999.000,9999.000,9999.000,9999.000,9999.000,9999.000
202607230830,   0.877,9999.000,9999.000,9999.000,9999.000,9999.000,9999.000,9999.000,9999.000
202607230836,   0.874,9999.000,9999.000,9999.000,9999.000,9999.000,9999.000,9999.000,9999.000
202607230842,   0.870,9999.000,9999.000,9999.000,9999.000,9999.000,9999.000,9999.000,9999.000
202607230848,   0.865,9999.000,9999.000,9999.000,9999.000,9999.000,9999.000,9999.000,9999.000
202607230854,   0.859,9999.000,9999.000,9999.000,9999.000,9999.000,9999.000,9999.000,9999.000
202607230900,   0.853,9999.000,   0.600,   0.168,   1.621,   0.300,   1.321,   0.900,   1.921
202607230906,   0.845,9999.000,9999.000,9999.000,9999.000,9999.000,9999.000,9999.000,9999.000
202607230912,   0.837,9999.000,9999.000,9999.000,9999.000,9999.000,9999.000,9999.000,9999.000
202607230918,   0.828,9999.000,9999.000,9999.000,9999.000,9999.000,9999.000,9999.000,9999.000
202607230924,   0.818,9999.000,9999.000,9999.000,9999.000,9999.000,9999.000,9999.000,9999.000
202607230930,   0.807,9999.000,9999.000,9999.000,9999.000,9999.000,9999.000,9999.000,9999.000
202607230936,   0.795,9999.000,9999.000,9999.000,9999.000,9999.000,9999.000,9999.000,9999.000
202607230942,   0.783,9999.000,9999.000,9999.000,9999.000,9999.000,9999.000,9999.000,9999.000
202607230948,   0.770,9999.000,9999.000,9999.000,9999.000,9999.000,9999.000,9999.000,9999.000
202607230954,   0.757,9999.000,9999.000,9999.000,9999.000,9999.000,9999.000,9999.000,9999.000
202607231000,   0.743,9999.000,   0.600,   0.168,   1.511,   0.300,   1.211,   0.900,   1.811
202607231006,   0.729,9999.000,9999.000,9999.000,9999.000,9999.000,9999.000,9999.000,9999.000
202607231012,   0.715,9999.000,9999.000,9999.000,9999.000,9999.000,9999.000,9999.000,9999.000
202607231018,   0.700,9999.000,9999.000,9999.000,9999.000,9999.000,9999.000,9999.000,9999.000
202607231024,   0.685,9999.000,9999.000,9999.000,9999.000,9999.000,9999.000,9999.000,9999.000
202607231030,   0.670,9999.000,9999.000,9999.000,9999.000,9999.000,9999.000,9999.000,9999.000
202607231036,   0.655,9999.000,9999.000,9999.000,9999.000,9999.000,9999.000,9999.000,9999.000
202607231042,   0.640,9999.000,9999.000,9999.000,9999.000,9999.000,9999.000,9999.000,9999.000
202607231048,   0.625,9999.000,9999.000,9999.000,9999.000,9999.000,9999.000,9999.000,9999.000
202607231054,   0.610,9999.000,9999.000,9999.000,9999.000,9999.000,9999.000,9999.000,9999.000
202607231100,   0.595,9999.000,   0.600,   0.168,   1.363,   0.300,   1.063,   0.900,   1.663
202607231106,   0.581,9999.000,9999.000,9999.000,9999.000,9999.000,9999.000,9999.000,9999.000
202607231112,   0.566,9999.000,9999.000,9999.000,9999.000,9999.000,9999.000,9999.000,9999.000
202607231118,   0.552,9999.000,9999.000,9999.000,9999.000,9999.000,9999.000,9999.000,9999.000
202607231124,   0.538,9999.000,9999.000,9999.000,9999.000,9999.000,9999.000,9999.000,9999.000
202607231130,   0.525,9999.000,9999.000,9999.000,9999.000,9999.000,9999.000,9999.000,9999.000
202607231136,   0.512,9999.000,9999.000,9999.000,9999.000,9999.000,9999.000,9999.000,9999.000
202607231142,   0.499,9999.000,9999.000,9999.000,9999.000,9999.000,9999.000,9999.000,9999.000
202607231148,   0.486,9999.000,9999.000,9999.000,9999.000,9999.000,9999.000,9999.000,9999.000
202607231154,   0.474,9999.000,9999.000,9999.000,9999.000,9999.000,9999.000,9999.000,9999.000
202607231200,   0.462,9999.000,   0.500,   0.168,   1.130,   0.300,   0.930,   0.800,   1.430
