        TIME,    TIDE,      OB,   SURGE,    BIAS,     TWL,SURGE90p,  TWL90p,SURGE10p,   TWL10p
202604191800,   3.563,   3.870,   1.000,  -0.693,   3.870,   1.000,   3.870,   1.000,   3.870
202604191806,   3.781,9999.000,9999.000,9999.000,9999.000,9999.000,9999.000,9999.000,9999.000
202604191812,   3.997,   4.218,9999.000,9999.000,9999.000,9999.000,9999.000,9999.000,9999.000
202604191818,   4.210,9999.000,9999.000,9999.000,9999.000,9999.000,9999.000,9999.000,9999.000
202604191824,   4.421,   4.647,9999.000,9999.000,9999.000,9999.000,9999.000,9999.000,9999.000
202604191830,   4.627,9999.000,9999.000,9999.000,9999.000,9999.000,9999.000,9999.000,9999.000
202604191836,   4.829,   5.159,9999.000,9999.000,9999.000,9999.000,9999.000,9999.000,9999.000
202604191842,   5.027,9999.000,9999.000,9999.000,9999.000,9999.000,9999.000,9999.000,9999.000
202604191848,   5.219,   5.569,9999.000,9999.000,9999.000,9999.000,9999.000,9999.000,9999.000
202604191854,   5.405,9999.000,9999.000,9999.000,9999.000,9999.000,9999.000,9999.000,9999.000
202604191900,   5.585,   5.887,   1.000,  -0.698,   5.887,   1.000,   5.887,   1.000,   5.887
202604191906,   5.759,   6.018,9999.000,9999.000,9999.000,9999.000,9999.000,9999.000,9999.000
202604191912,   5.925,   6.149,9999.000,9999.000,9999.000,9999.000,9999.000,9999.000,9999.000
202604191918,   6.084,   6.277,9999.000,9999.000,9999.000,9999.000,9999.000,9999.000,9999.000
202604191924,   6.236,   6.399,9999.000,9999.000,9999.000,9999.000,9999.000,9999.000,9999.000
202604191930,   6.380,   6.507,9999.000,9999.000,9999.000,9999.000,9999.000,9999.000,9999.000
202604191936,   6.515,   6.619,9999.000,9999.000,9999.000,9999.000,9999.000,9999.000,9999.000
202604191942,   6.642,   6.727,9999.000,9999.000,9999.000,9999.000,9999.000,9999.000,9999.000
202604191948,   6.759,   6.819,9999.000,9999.000,9999.000,9999.000,9999.000,9999.000,9999.000
202604191954,   6.867,   6.907,9999.000,9999.000,9999.000,9999.000,9999.000,9999.000,9999.000
202604192000,   6.965,   6.979,   1.000,  -0.986,   6.979,   1.000,   6.979,   1.000,   6.979
202604192006,   7.052,   7.038,9999.000,9999.000,9999.000,9999.000,9999.000,9999.000,9999.000
202604192012,   7.129,   7.088,9999.000,9999.000,9999.000,9999.000,9999.000,9999.000,9999.000
202604192018,   7.195,   7.137,9999.000,9999.000,9999.000,9999.000,9999.000,9999.000,9999.000
202604192024,   7.250,   7.156,9999.000,9999.000,9999.000,9999.000,9999.000,9999.000,9999.000
202604192030,   7.293,   7.189,9999.000,9999.000,9999.000,9999.000,9999.000,9999.000,9999.000
202604192036,   7.324,   7.189,9999.000,9999.000,9999.000,9999.000,9999.000,9999.000,9999.000
202604192042,   7.344,   7.176,9999.000,9999.000,9999.000,9999.000,9999.000,9999.000,9999.000
202604192048,   7.352,   7.147,9999.000,9999.000,9999.000,9999.000,9999.000,9999.000,9999.000
202604192054,   7.348,   7.097,9999.000,9999.000,9999.000,9999.000,9999.000,9999.000,9999.000
202604192100,   7.333,   7.048,   1.000,  -1.285,   7.048,   0.900,   6.948,   1.000,   7.048
202604192106,   7.306,   6.979,9999.000,9999.000,9999.000,9999.000,9999.000,9999.000,9999.000
202604192112,   7.268,   6.887,9999.000,9999.000,9999.000,9999.000,9999.000,9999.000,9999.000
202604192118,   7.220,   6.789,9999.000,9999.000,9999.000,9999.000,9999.000,9999.000,9999.000
202604192124,   7.162,   6.678,9999.000,9999.000,9999.000,9999.000,9999.000,9999.000,9999.000
202604192130,   7.094,   6.569,9999.000,9999.000,9999.000,9999.000,9999.000,9999.000,9999.000
202604192136,   7.017,   6.448,9999.000,9999.000,9999.000,9999.000,9999.000,9999.000,9999.000
202604192142,   6.932,   6.327,9999.000,9999.000,9999.000,9999.000,9999.000,9999.000,9999.000
202604192148,   6.839,   6.199,9999.000,9999.000,9999.000,9999.000,9999.000,9999.000,9999.000
202604192154,   6.739,   6.067,9999.000,9999.000,9999.000,9999.000,9999.000,9999.000,9999.000
202604192200,   6.633,   5.940,   0.900,  -1.593,   5.940,   0.900,   5.940,   1.000,   6.040
202604192206,   6.521,   5.808,9999.000,9999.000,9999.000,9999.000,9999.000,9999.000,9999.000
202604192212,   6.405,   5.677,9999.000,9999.000,9999.000,9999.000,9999.000,9999.000,9999.000
202604192218,   6.284,   5.539,9999.000,9999.000,9999.000,9999.000,9999.000,9999.000,9999.000
202604192224,   6.160,   5.408,9999.000,9999.000,9999.000,9999.000,9999.000,9999.000,9999.000
202604192230,   6.033,   5.267,9999.000,9999.000,9999.000,9999.000,9999.000,9999.000,9999.000
202604192236,   5.904,   5.120,9999.000,9999.000,9999.000,9999.000,9999.000,9999.000,9999.000
202604192242,   5.773,   4.979,9999.000,9999.000,9999.000,9999.000,9999.000,9999.000,9999.000
202604192248,   5.641,   4.828,9999.000,9999.000,9999.000,9999.000,9999.000,9999.000,9999.000
202604192254,   5.508,   4.677,9999.000,9999.000,9999.000,9999.000,9999.000,9999.000,9999.000
202604192300,   5.375,   4.519,   0.900,  -1.756,   4.519,   0.900,   4.519,   1.000,   4.619
202604192306,   5.241,   4.368,9999.000,9999.000,9999.000,9999.000,9999.000,9999.000,9999.000
202604192312,   5.108,   4.218,9999.000,9999.000,9999.000,9999.000,9999.000,9999.000,9999.000
202604192318,   4.975,   4.070,9999.000,9999.000,9999.000,9999.000,9999.000,9999.000,9999.000
202604192324,   4.842,   3.919,9999.000,9999.000,9999.000,9999.000,9999.000,9999.000,9999.000
202604192330,   4.710,   3.768,9999.000,9999.000,9999.000,9999.000,9999.000,9999.000,9999.000
202604192336,   4.579,   3.627,9999.000,9999.000,9999.000,9999.000,9999.000,9999.000,9999.000
202604192342,   4.450,   3.499,9999.000,9999.000,9999.000,9999.000,9999.000,9999.000,9999.000
202604192348,   4.321,   3.378,9999.000,9999.000,9999.000,9999.000,9999.000,9999.000,9999.000
202604192354,   4.193,   3.230,9999.000,9999.000,9999.000,9999.000,9999.000,9999.000,9999.000
202604200000,   4.067,   3.099,   0.800,  -1.768,   3.099,   0.800,   3.099,   0.900,   3.199
202604200006,   3.943,   2.978,9999.000,9999.000,9999.000,9999.000,9999.000,9999.000,9999.000
202604200012,   3.820,   2.840,9999.000,9999.000,9999.000,9999.000,9999.000,9999.000,9999.000
202604200018,   3.699,   2.699,9999.000,9999.000,9999.000,9999.000,9999.000,9999.000,9999.000
202604200024,   3.580,   2.578,9999.000,9999.000,9999.000,9999.000,9999.000,9999.000,9999.000
202604200030,   3.462,   2.430,9999.000,9999.000,9999.000,9999.000,9999.000,9999.000,9999.000
202604200036,   3.347,   2.318,9999.000,9999.000,9999.000,9999.000,9999.000,9999.000,9999.000
202604200042,   3.234,   2.191,9999.000,9999.000,9999.000,9999.000,9999.000,9999.000,9999.000
202604200048,   3.122,   2.059,9999.000,9999.000,9999.000,9999.000,9999.000,9999.000,9999.000
202604200054,   3.013,   1.948,9999.000,9999.000,9999.000,9999.000,9999.000,9999.000,9999.000
202604200100,   2.907,   1.830,   0.800,  -1.877,   1.830,   0.700,   1.730,   0.900,   1.930
202604200106,   2.802,   1.708,9999.000,9999.000,9999.000,9999.000,9999.000,9999.000,9999.000
202604200112,   2.699,   1.600,9999.000,9999.000,9999.000,9999.000,9999.000,9999.000,9999.000
202604200118,   2.598,   1.479,9999.000,9999.000,9999.000,9999.000,9999.000,9999.000,9999.000
202604200124,   2.500,   1.361,9999.000,9999.000,9999.000,9999.000,9999.000,9999.000,9999.000
202604200130,   2.403,   1.249,9999.000,9999.000,9999.000,9999.000,9999.000,9999.000,9999.000
202604200136,   2.307,   1.138,9999.000,9999.000,9999.000,9999.000,9999.000,9999.000,9999.000
202604200142,   2.213,   1.029,9999.000,9999.000,9999.000,9999.000,9999.000,9999.000,9999.000
202604200148,   2.121,   0.928,9999.000,9999.000,9999.000,9999.000,9999.000,9999.000,9999.000
202604200154,   2.030,   0.819,9999.000,9999.000,9999.000,9999.000,9999.000,9999.000,9999.000
202604200200,   1.940,   0.708,   0.800,  -2.032,   0.708,   0.700,   0.608,   0.900,   0.808
202604200206,   1.851,   0.610,9999.000,9999.000,9999.000,9999.000,9999.000,9999.000,9999.000
202604200212,   1.763,   0.508,9999.000,9999.000,9999.000,9999.000,9999.000,9999.000,9999.000
202604200218,   1.677,   0.390,9999.000,9999.000,9999.000,9999.000,9999.000,9999.000,9999.000
202604200224,   1.591,   0.288,9999.000,9999.000,9999.000,9999.000,9999.000,9999.000,9999.000
202604200230,   1.507,   0.190,9999.000,9999.000,9999.000,9999.000,9999.000,9999.000,9999.000
202604200236,   1.425,   0.078,9999.000,9999.000,9999.000,9999.000,9999.000,9999.000,9999.000
202604200242,   1.344,  -0.009,9999.000,9999.000,9999.000,9999.000,9999.000,9999.000,9999.000
202604200248,   1.267,  -0.098,9999.000,9999.000,9999.000,9999.000,9999.000,9999.000,9999.000
202604200254,   1.192,  -0.190,9999.000,9999.000,9999.000,9999.000,9999.000,9999.000,9999.000
202604200300,   1.121,  -0.278,   0.800,  -2.199,  -0.278,   0.700,  -0.378,   0.800,  -0.278
202604200306,   1.055,  -0.360,9999.000,9999.000,9999.000,9999.000,9999.000,9999.000,9999.000
202604200312,   0.994,  -0.439,9999.000,9999.000,9999.000,9999.000,9999.000,9999.000,9999.000
202604200318,   0.939,  -0.498,9999.000,9999.000,9999.000,9999.000,9999.000,9999.000,9999.000
202604200324,   0.891,  -0.551,9999.000,9999.000,9999.000,9999.000,9999.000,9999.000,9999.000
202604200330,   0.851,  -0.580,9999.000,9999.000,9999.000,9999.000,9999.000,9999.000,9999.000
202604200336,   0.821,  -0.580,9999.000,9999.000,9999.000,9999.000,9999.000,9999.000,9999.000
202604200342,   0.801,  -0.518,9999.000,9999.000,9999.000,9999.000,9999.000,9999.000,9999.000
202604200348,   0.792,  -0.370,9999.000,9999.000,9999.000,9999.000,9999.000,9999.000,9999.000
202604200354,   0.795,  -0.111,9999.000,9999.000,9999.000,9999.000,9999.000,9999.000,9999.000
202604200400,   0.811,   0.209,   0.700,  -1.302,   0.209,   0.700,   0.209,   0.800,   0.309
202604200406,   0.841,   0.551,9999.000,9999.000,9999.000,9999.000,9999.000,9999.000,9999.000
202604200412,   0.885,   0.849,9999.000,9999.000,9999.000,9999.000,9999.000,9999.000,9999.000
202604200418,   0.944,   1.128,9999.000,9999.000,9999.000,9999.000,9999.000,9999.000,9999.000
202604200424,   1.018,   1.371,9999.000,9999.000,9999.000,9999.000,9999.000,9999.000,9999.000
202604200430,   1.108,   1.590,9999.000,9999.000,9999.000,9999.000,9999.000,9999.000,9999.000
202604200436,   1.213,   1.790,9999.000,9999.000,9999.000,9999.000,9999.000,9999.000,9999.000
202604200442,   1.334,   1.981,9999.000,9999.000,9999.000,9999.000,9999.000,9999.000,9999.000
202604200448,   1.470,   2.158,9999.000,9999.000,9999.000,9999.000,9999.000,9999.000,9999.000
202604200454,   1.621,   2.338,9999.000,9999.000,9999.000,9999.000,9999.000,9999.000,9999.000
202604200500,   1.786,   2.519,   0.700,   0.033,   2.519,   0.600,   2.419,   0.800,   2.619
202604200506,   1.964,   2.699,9999.000,9999.000,9999.000,9999.000,9999.000,9999.000,9999.000
202604200512,   2.154,   2.899,9999.000,9999.000,9999.000,9999.000,9999.000,9999.000,9999.000
202604200518,   2.356,   3.089,9999.000,9999.000,9999.000,9999.000,9999.000,9999.000,9999.000
202604200524,   2.569,   3.299,9999.000,9999.000,9999.000,9999.000,9999.000,9999.000,9999.000
202604200530,   2.790,   3.519,9999.000,9999.000,9999.000,9999.000,9999.000,9999.000,9999.000
202604200536,   3.019,   3.758,9999.000,9999.000,9999.000,9999.000,9999.000,9999.000,9999.000
202604200542,   3.254,   4.008,9999.000,9999.000,9999.000,9999.000,9999.000,9999.000,9999.000
202604200548,   3.494,   4.300,9999.000,9999.000,9999.000,9999.000,9999.000,9999.000,9999.000
202604200554,   3.738,   4.608,9999.000,9999.000,9999.000,9999.000,9999.000,9999.000,9999.000
202604200600,   3.984,   4.919,   0.400,   0.535,   4.919,   0.300,   4.819,   0.600,   5.119
202604200606,   4.232,   5.198,9999.000,9999.000,9999.000,9999.000,9999.000,9999.000,9999.000
202604200612,   4.479,   5.448,9999.000,9999.000,9999.000,9999.000,9999.000,9999.000,9999.000
202604200618,   4.724,   5.677,9999.000,9999.000,9999.000,9999.000,9999.000,9999.000,9999.000
202604200624,   4.968,   5.877,9999.000,9999.000,9999.000,9999.000,9999.000,9999.000,9999.000
202604200630,   5.208,   6.067,9999.000,9999.000,9999.000,9999.000,9999.000,9999.000,9999.000
202604200636,   5.443,   6.248,9999.000,9999.000,9999.000,9999.000,9999.000,9999.000,9999.000
202604200642,   5.673,   6.418,9999.000,9999.000,9999.000,9999.000,9999.000,9999.000,9999.000
202604200648,   5.898,   6.589,9999.000,9999.000,9999.000,9999.000,9999.000,9999.000,9999.000
202604200654,   6.116,   6.756,9999.000,9999.000,9999.000,9999.000,9999.000,9999.000,9999.000
202604200700,   6.327,   6.937,   0.400,   0.210,   6.937,   0.300,   6.837,   0.500,   7.037
202604200706,   6.530,   7.107,9999.000,9999.000,9999.000,9999.000,9999.000,9999.000,9999.000
202604200712,   6.726,   7.268,9999.000,9999.000,9999.000,9999.000,9999.000,9999.000,9999.000
202604200718,   6.913,   7.419,9999.000,9999.000,9999.000,9999.000,9999.000,9999.000,9999.000
202604200724,   7.091,   7.557,9999.000,9999.000,9999.000,9999.000,9999.000,9999.000,9999.000
202604200730,   7.261,   7.707,9999.000,9999.000,9999.000,9999.000,9999.000,9999.000,9999.000
202604200736,   7.421,   7.829,9999.000,9999.000,9999.000,9999.000,9999.000,9999.000,9999.000
202604200742,   7.572,   7.957,9999.000,9999.000,9999.000,9999.000,9999.000,9999.000,9999.000
202604200748,   7.713,   8.098,9999.000,9999.000,9999.000,9999.000,9999.000,9999.000,9999.000
202604200754,   7.845,   8.229,9999.000,9999.000,9999.000,9999.000,9999.000,9999.000,9999.000
202604200800,   7.966,   8.337,   0.400,  -0.029,   8.337,   0.300,   8.237,   0.500,   8.437
202604200806,   8.076,   8.439,9999.000,9999.000,9999.000,9999.000,9999.000,9999.000,9999.000
202604200812,   8.176,   8.488,9999.000,9999.000,9999.000,9999.000,9999.000,9999.000,9999.000
202604200818,   8.265,   8.626,9999.000,9999.000,9999.000,9999.000,9999.000,9999.000,9999.000
202604200824,   8.343,   8.669,9999.000,9999.000,9999.000,9999.000,9999.000,9999.000,9999.000
202604200830,   8.410,   8.767,9999.000,9999.000,9999.000,9999.000,9999.000,9999.000,9999.000
202604200836,   8.465,   8.826,9999.000,9999.000,9999.000,9999.000,9999.000,9999.000,9999.000
202604200842,   8.508,   8.826,9999.000,9999.000,9999.000,9999.000,9999.000,9999.000,9999.000
202604200848,   8.539,   8.928,9999.000,9999.000,9999.000,9999.000,9999.000,9999.000,9999.000
202604200854,   8.559,   8.997,9999.000,9999.000,9999.000,9999.000,9999.000,9999.000,9999.000
202604200900,   8.566,   8.967,   0.400,   0.001,   8.967,   0.300,   8.867,   0.500,   9.067
202604200906,   8.561,   8.967,9999.000,9999.000,9999.000,9999.000,9999.000,9999.000,9999.000
202604200912,   8.545,   8.987,9999.000,9999.000,9999.000,9999.000,9999.000,9999.000,9999.000
202604200918,   8.517,   8.947,9999.000,9999.000,9999.000,9999.000,9999.000,9999.000,9999.000
202604200924,   8.478,   8.947,9999.000,9999.000,9999.000,9999.000,9999.000,9999.000,9999.000
202604200930,   8.428,   8.908,9999.000,9999.000,9999.000,9999.000,9999.000,9999.000,9999.000
202604200936,   8.367,   8.816,9999.000,9999.000,9999.000,9999.000,9999.000,9999.000,9999.000
202604200942,   8.296,   8.757,9999.000,9999.000,9999.000,9999.000,9999.000,9999.000,9999.000
202604200948,   8.216,   8.678,9999.000,9999.000,9999.000,9999.000,9999.000,9999.000,9999.000
202604200954,   8.126,   8.567,9999.000,9999.000,9999.000,9999.000,9999.000,9999.000,9999.000
202604201000,   8.029,   8.459,   0.400,   0.030,   8.459,   0.400,   8.459,   0.500,   8.559
202604201006,   7.924,   8.327,9999.000,9999.000,9999.000,9999.000,9999.000,9999.000,9999.000
202604201012,   7.813,   8.206,9999.000,9999.000,9999.000,9999.000,9999.000,9999.000,9999.000
202604201018,   7.695,   8.058,9999.000,9999.000,9999.000,9999.000,9999.000,9999.000,9999.000
202604201024,   7.572,   7.917,9999.000,9999.000,9999.000,9999.000,9999.000,9999.000,9999.000
202604201030,   7.445,   7.776,9999.000,9999.000,9999.000,9999.000,9999.000,9999.000,9999.000
202604201036,   7.314,   7.648,9999.000,9999.000,9999.000,9999.000,9999.000,9999.000,9999.000
202604201042,   7.181,   7.507,9999.000,9999.000,9999.000,9999.000,9999.000,9999.000,9999.000
202604201048,   7.045,   7.357,9999.000,9999.000,9999.000,9999.000,9999.000,9999.000,9999.000
202604201054,   6.907,   7.219,9999.000,9999.000,9999.000,9999.000,9999.000,9999.000,9999.000
202604201100,   6.768,   7.068,   0.400,  -0.100,   7.068,   0.400,   7.068,   0.500,   7.168
202604201106,   6.629,   6.927,9999.000,9999.000,9999.000,9999.000,9999.000,9999.000,9999.000
202604201112,   6.489,   6.779,9999.000,9999.000,9999.000,9999.000,9999.000,9999.000,9999.000
202604201118,   6.350,   6.638,9999.000,9999.000,9999.000,9999.000,9999.000,9999.000,9999.000
202604201124,   6.211,   6.487,9999.000,9999.000,9999.000,9999.000,9999.000,9999.000,9999.000
202604201130,   6.074,   6.336,9999.000,9999.000,9999.000,9999.000,9999.000,9999.000,9999.000
202604201136,   5.937,   6.169,9999.000,9999.000,9999.000,9999.000,9999.000,9999.000,9999.000
202604201142,   5.801,   6.028,9999.000,9999.000,9999.000,9999.000,9999.000,9999.000,9999.000
202604201148,   5.667,   5.877,9999.000,9999.000,9999.000,9999.000,9999.000,9999.000,9999.000
202604201154,   5.535,   5.730,9999.000,9999.000,9999.000,9999.000,9999.000,9999.000,9999.000
202604201200,   5.404,   5.569,   0.500,  -0.335,   5.569,   0.400,   5.469,   0.500,   5.569
202604201206,   5.274,   5.418,9999.000,9999.000,9999.000,9999.000,9999.000,9999.000,9999.000
202604201212,   5.146,   5.247,9999.000,9999.000,9999.000,9999.000,9999.000,9999.000,9999.000
202604201218,   5.020,   5.129,9999.000,9999.000,9999.000,9999.000,9999.000,9999.000,9999.000
202604201224,   4.895,   4.979,9999.000,9999.000,9999.000,9999.000,9999.000,9999.000,9999.000
202604201230,   4.772,   4.837,9999.000,9999.000,9999.000,9999.000,9999.000,9999.000,9999.000
202604201236,   4.650,   4.710,9999.000,9999.000,9999.000,9999.000,9999.000,9999.000,9999.000
202604201242,   4.530,   4.569,9999.000,9999.000,9999.000,9999.000,9999.000,9999.000,9999.000
202604201248,   4.411,   4.427,9999.000,9999.000,9999.000,9999.000,9999.000,9999.000,9999.000
202604201254,   4.294,   4.300,9999.000,9999.000,9999.000,9999.000,9999.000,9999.000,9999.000
202604201300,   4.178,   4.168,   0.500,  -0.510,   4.168,   0.400,   4.068,   0.500,   4.168
202604201306,   4.063,   4.027,9999.000,9999.000,9999.000,9999.000,9999.000,9999.000,9999.000
202604201312,   3.950,   3.890,9999.000,9999.000,9999.000,9999.000,9999.000,9999.000,9999.000
202604201318,   3.837,   3.758,9999.000,9999.000,9999.000,9999.000,9999.000,9999.000,9999.000
202604201324,   3.726,   3.627,9999.000,9999.000,9999.000,9999.000,9999.000,9999.000,9999.000
202604201330,   3.615,   3.499,9999.000,9999.000,9999.000,9999.000,9999.000,9999.000,9999.000
202604201336,   3.505,   3.368,9999.000,9999.000,9999.000,9999.000,9999.000,9999.000,9999.000
202604201342,   3.396,   3.250,9999.000,9999.000,9999.000,9999.000,9999.000,9999.000,9999.000
202604201348,   3.286,   3.119,9999.000,9999.000,9999.000,9999.000,9999.000,9999.000,9999.000
202604201354,   3.177,   3.007,9999.000,9999.000,9999.000,9999.000,9999.000,9999.000,9999.000
202604201400,   3.067,   2.879,   0.400,  -0.588,   2.879,   0.400,   2.879,   0.500,   2.979
202604201406,   2.957,   2.748,9999.000,9999.000,9999.000,9999.000,9999.000,9999.000,9999.000
202604201412,   2.847,   2.620,9999.000,9999.000,9999.000,9999.000,9999.000,9999.000,9999.000
202604201418,   2.735,   2.509,9999.000,9999.000,9999.000,9999.000,9999.000,9999.000,9999.000
202604201424,   2.622,   2.377,9999.000,9999.000,9999.000,9999.000,9999.000,9999.000,9999.000
202604201430,   2.509,   2.269,9999.000,9999.000,9999.000,9999.000,9999.000,9999.000,9999.000
202604201436,   2.394,   2.148,9999.000,9999.000,9999.000,9999.000,9999.000,9999.000,9999.000
202604201442,   2.278,   2.040,9999.000,9999.000,9999.000,9999.000,9999.000,9999.000,9999.000
202604201448,   2.161,   1.918,9999.000,9999.000,9999.000,9999.000,9999.000,9999.000,9999.000
202604201454,   2.042,   1.810,9999.000,9999.000,9999.000,9999.000,9999.000,9999.000,9999.000
202604201500,   1.923,   1.689,   0.400,  -0.634,   1.689,   0.400,   1.689,   0.500,   1.789
202604201506,   1.804,   1.580,9999.000,9999.000,9999.000,9999.000,9999.000,9999.000,9999.000
202604201512,   1.685,   1.479,9999.000,9999.000,9999.000,9999.000,9999.000,9999.000,9999.000
202604201518,   1.567,   1.348,9999.000,9999.000,9999.000,9999.000,9999.000,9999.000,9999.000
202604201524,   1.450,   1.249,9999.000,9999.000,9999.000,9999.000,9999.000,9999.000,9999.000
202604201530,   1.336,   1.138,9999.000,9999.000,9999.000,9999.000,9999.000,9999.000,9999.000
202604201536,   1.224,   1.029,9999.000,9999.000,9999.000,9999.000,9999.000,9999.000,9999.000
202604201542,   1.117,   0.918,9999.000,9999.000,9999.000,9999.000,9999.000,9999.000,9999.000
202604201548,   1.015,   0.819,9999.000,9999.000,9999.000,9999.000,9999.000,9999.000,9999.000
202604201554,   0.919,   0.718,9999.000,9999.000,9999.000,9999.000,9999.000,9999.000,9999.000
202604201600,   0.831,   0.619,   0.400,  -0.612,   0.619,   0.400,   0.619,   0.500,   0.719
202604201606,   0.751,   0.518,9999.000,9999.000,9999.000,9999.000,9999.000,9999.000,9999.000
202604201612,   0.681,   0.449,9999.000,9999.000,9999.000,9999.000,9999.000,9999.000,9999.000
202604201618,   0.622,   0.360,9999.000,9999.000,9999.000,9999.000,9999.000,9999.000,9999.000
202604201624,   0.575,   0.259,9999.000,9999.000,9999.000,9999.000,9999.000,9999.000,9999.000
202604201630,   0.540,   0.160,9999.000,9999.000,9999.000,9999.000,9999.000,9999.000,9999.000
202604201636,   0.520,   0.078,9999.000,9999.000,9999.000,9999.000,9999.000,9999.000,9999.000
202604201642,   0.513,   0.009,9999.000,9999.000,9999.000,9999.000,9999.000,9999.000,9999.000
202604201648,   0.522,  -0.049,9999.000,9999.000,9999.000,9999.000,9999.000,9999.000,9999.000
202604201654,   0.546,  -0.078,9999.000,9999.000,9999.000,9999.000,9999.000,9999.000,9999.000
202604201700,   0.585,  -0.098,   0.400,  -1.083,  -0.098,   0.400,  -0.098,   0.500,   0.002
202604201706,   0.641,  -0.088,9999.000,9999.000,9999.000,9999.000,9999.000,9999.000,9999.000
202604201712,   0.712,  -0.009,9999.000,9999.000,9999.000,9999.000,9999.000,9999.000,9999.000
202604201718,   0.799,   0.141,9999.000,9999.000,9999.000,9999.000,9999.000,9999.000,9999.000
202604201724,   0.901,   0.390,9999.000,9999.000,9999.000,9999.000,9999.000,9999.000,9999.000
202604201730,   1.017,   0.688,9999.000,9999.000,9999.000,9999.000,9999.000,9999.000,9999.000
202604201736,   1.147,   0.980,9999.000,9999.000,9999.000,9999.000,9999.000,9999.000,9999.000
202604201742,   1.290,   1.249,9999.000,9999.000,9999.000,9999.000,9999.000,9999.000,9999.000
202604201748,   1.445,   1.498,9999.000,9999.000,9999.000,9999.000,9999.000,9999.000,9999.000
202604201754,   1.611,   1.708,9999.000,9999.000,9999.000,9999.000,9999.000,9999.000,9999.000
202604201800,   1.787,   1.889,   0.400,  -0.298,   1.889,   0.400,   1.889,   0.500,   1.989
202604201806,   1.971,   2.099,9999.000,9999.000,9999.000,9999.000,9999.000,9999.000,9999.000
202604201812,   2.163,   2.269,9999.000,9999.000,9999.000,9999.000,9999.000,9999.000,9999.000
202604201818,   2.361,   2.440,9999.000,9999.000,9999.000,9999.000,9999.000,9999.000,9999.000
202604201824,   2.563,   2.597,9999.000,9999.000,9999.000,9999.000,9999.000,9999.000,9999.000
202604201830,   2.770,   2.748,9999.000,9999.000,9999.000,9999.000,9999.000,9999.000,9999.000
202604201836,   2.979,   2.909,9999.000,9999.000,9999.000,9999.000,9999.000,9999.000,9999.000
202604201842,   3.189,   3.089,9999.000,9999.000,9999.000,9999.000,9999.000,9999.000,9999.000
202604201848,   3.401,   3.279,9999.000,9999.000,9999.000,9999.000,9999.000,9999.000,9999.000
202604201854,   3.611,   3.460,9999.000,9999.000,9999.000,9999.000,9999.000,9999.000,9999.000
202604201900,   3.820,   3.660,   0.400,  -0.560,   3.660,   0.400,   3.660,   0.400,   3.660
202604201906,   4.027,   3.870,9999.000,9999.000,9999.000,9999.000,9999.000,9999.000,9999.000
202604201912,   4.232,   4.109,9999.000,9999.000,9999.000,9999.000,9999.000,9999.000,9999.000
202604201918,   4.433,   4.378,9999.000,9999.000,9999.000,9999.000,9999.000,9999.000,9999.000
202604201924,   4.630,   4.647,9999.000,9999.000,9999.000,9999.000,9999.000,9999.000,9999.000
202604201930,   4.822,   4.919,9999.000,9999.000,9999.000,9999.000,9999.000,9999.000,9999.000
202604201936,   5.009,   5.188,9999.000,9999.000,9999.000,9999.000,9999.000,9999.000,9999.000
202604201942,   5.192,   5.389,9999.000,9999.000,9999.000,9999.000,9999.000,9999.000,9999.000
202604201948,   5.368,   5.569,9999.000,9999.000,9999.000,9999.000,9999.000,9999.000,9999.000
202604201954,   5.539,   5.730,9999.000,9999.000,9999.000,9999.000,9999.000,9999.000,9999.000
202604202000,   5.703,   5.887,   0.400,  -0.216,   5.887,   0.300,   5.787,   0.400,   5.887
202604202006,   5.860,   6.048,9999.000,9999.000,9999.000,9999.000,9999.000,9999.000,9999.000
202604202012,   6.011,   6.189,9999.000,9999.000,9999.000,9999.000,9999.000,9999.000,9999.000
202604202018,   6.154,   6.346,9999.000,9999.000,9999.000,9999.000,9999.000,9999.000,9999.000
202604202024,   6.289,   6.468,9999.000,9999.000,9999.000,9999.000,9999.000,9999.000,9999.000
202604202030,   6.416,   6.599,9999.000,9999.000,9999.000,9999.000,9999.000,9999.000,9999.000
202604202036,   6.535,   6.727,9999.000,9999.000,9999.000,9999.000,9999.000,9999.000,9999.000
202604202042,   6.645,   6.838,9999.000,9999.000,9999.000,9999.000,9999.000,9999.000,9999.000
202604202048,   6.746,   6.956,9999.000,9999.000,9999.000,9999.000,9999.000,9999.000,9999.000
202604202054,   6.838,   7.048,9999.000,9999.000,9999.000,9999.000,9999.000,9999.000,9999.000
202604202100,   6.919,   7.117,   0.400,  -0.202,   7.117,   0.300,   7.017,   0.400,   7.117
202604202106,   6.990,   7.189,9999.000,9999.000,9999.000,9999.000,9999.000,9999.000,9999.000
202604202112,   7.051,   7.238,9999.000,9999.000,9999.000,9999.000,9999.000,9999.000,9999.000
202604202118,   7.100,   7.288,9999.000,9999.000,9999.000,9999.000,9999.000,9999.000,9999.000
202604202124,   7.139,   7.327,9999.000,9999.000,9999.000,9999.000,9999.000,9999.000,9999.000
202604202130,   7.167,   7.357,9999.000,9999.000,9999.000,9999.000,9999.000,9999.000,9999.000
202604202136,   7.183,   7.366,9999.000,9999.000,9999.000,9999.000,9999.000,9999.000,9999.000
202604202142,   7.188,   7.357,9999.000,9999.000,9999.000,9999.000,9999.000,9999.000,9999.000
202604202148,   7.183,   7.327,9999.000,9999.000,9999.000,9999.000,9999.000,9999.000,9999.000
202604202154,   7.166,   7.278,9999.000,9999.000,9999.000,9999.000,9999.000,9999.000,9999.000
202604202200,   7.138,   7.219,   0.300,  -0.219,   7.219,   0.300,   7.219,   0.400,   7.319
202604202206,   7.100,   7.147,9999.000,9999.000,9999.000,9999.000,9999.000,9999.000,9999.000
202604202212,   7.052,   7.038,9999.000,9999.000,9999.000,9999.000,9999.000,9999.000,9999.000
202604202218,   6.994,   6.927,9999.000,9999.000,9999.000,9999.000,9999.000,9999.000,9999.000
202604202224,   6.928,   6.799,9999.000,9999.000,9999.000,9999.000,9999.000,9999.000,9999.000
202604202230,   6.853,   6.668,9999.000,9999.000,9999.000,9999.000,9999.000,9999.000,9999.000
202604202236,   6.770,   6.537,9999.000,9999.000,9999.000,9999.000,9999.000,9999.000,9999.000
202604202242,   6.680,   6.409,9999.000,9999.000,9999.000,9999.000,9999.000,9999.000,9999.000
202604202248,   6.584,   6.268,9999.000,9999.000,9999.000,9999.000,9999.000,9999.000,9999.000
202604202254,   6.481,   6.136,9999.000,9999.000,9999.000,9999.000,9999.000,9999.000,9999.000
202604202300,   6.374,   6.008,   0.300,  -0.666,   6.008,   0.300,   6.008,   0.400,   6.108
202604202306,   6.262,   5.867,9999.000,9999.000,9999.000,9999.000,9999.000,9999.000,9999.000
202604202312,   6.147,   5.730,9999.000,9999.000,9999.000,9999.000,9999.000,9999.000,9999.000
202604202318,   6.028,   5.589,9999.000,9999.000,9999.000,9999.000,9999.000,9999.000,9999.000
202604202324,   5.906,   5.438,9999.000,9999.000,9999.000,9999.000,9999.000,9999.000,9999.000
202604202330,   5.783,   5.297,9999.000,9999.000,9999.000,9999.000,9999.000,9999.000,9999.000
202604202336,   5.658,   5.149,9999.000,9999.000,9999.000,9999.000,9999.000,9999.000,9999.000
202604202342,   5.531,   4.998,9999.000,9999.000,9999.000,9999.000,9999.000,9999.000,9999.000
202604202348,   5.404,   4.847,9999.000,9999.000,9999.000,9999.000,9999.000,9999.000,9999.000
202604202354,   5.276,   4.690,9999.000,9999.000,9999.000,9999.000,9999.000,9999.000,9999.000
202604210000,   5.148,   4.529,   0.200,  -0.819,   4.529,   0.100,   4.429,   0.200,   4.529
202604210006,   5.020,   4.378,9999.000,9999.000,9999.000,9999.000,9999.000,9999.000,9999.000
202604210012,   4.892,   4.218,9999.000,9999.000,9999.000,9999.000,9999.000,9999.000,9999.000
202604210018,   4.765,   4.057,9999.000,9999.000,9999.000,9999.000,9999.000,9999.000,9999.000
202604210024,   4.638,   3.909,9999.000,9999.000,9999.000,9999.000,9999.000,9999.000,9999.000
202604210030,   4.512,   3.758,9999.000,9999.000,9999.000,9999.000,9999.000,9999.000,9999.000
202604210036,   4.387,   3.607,9999.000,9999.000,9999.000,9999.000,9999.000,9999.000,9999.000
202604210042,   4.263,   3.470,9999.000,9999.000,9999.000,9999.000,9999.000,9999.000,9999.000
202604210048,   4.140,   3.329,9999.000,9999.000,9999.000,9999.000,9999.000,9999.000,9999.000
202604210054,   4.019,   3.178,9999.000,9999.000,9999.000,9999.000,9999.000,9999.000,9999.000
202604210100,   3.898,   3.040,   0.100,  -0.958,   3.040,   0.100,   3.040,   0.200,   3.140
202604210106,   3.780,   2.899,9999.000,9999.000,9999.000,9999.000,9999.000,9999.000,9999.000
202604210112,   3.662,   2.768,9999.000,9999.000,9999.000,9999.000,9999.000,9999.000,9999.000
202604210118,   3.547,   2.630,9999.000,9999.000,9999.000,9999.000,9999.000,9999.000,9999.000
202604210124,   3.433,   2.499,9999.000,9999.000,9999.000,9999.000,9999.000,9999.000,9999.000
202604210130,   3.322,   2.368,9999.000,9999.000,9999.000,9999.000,9999.000,9999.000,9999.000
202604210136,   3.212,   2.240,9999.000,9999.000,9999.000,9999.000,9999.000,9999.000,9999.000
202604210142,   3.104,   2.109,9999.000,9999.000,9999.000,9999.000,9999.000,9999.000,9999.000
202604210148,   2.998,   1.990,9999.000,9999.000,9999.000,9999.000,9999.000,9999.000,9999.000
202604210154,   2.895,   1.869,9999.000,9999.000,9999.000,9999.000,9999.000,9999.000,9999.000
202604210200,   2.793,   1.748,   0.100,  -1.145,   1.748,   0.100,   1.748,   0.200,   1.848
202604210206,   2.693,   1.620,9999.000,9999.000,9999.000,9999.000,9999.000,9999.000,9999.000
202604210212,   2.595,   1.508,9999.000,9999.000,9999.000,9999.000,9999.000,9999.000,9999.000
202604210218,   2.499,   1.380,9999.000,9999.000,9999.000,9999.000,9999.000,9999.000,9999.000
202604210224,   2.404,   1.269,9999.000,9999.000,9999.000,9999.000,9999.000,9999.000,9999.000
202604210230,   2.311,   1.161,9999.000,9999.000,9999.000,9999.000,9999.000,9999.000,9999.000
202604210236,   2.219,   1.049,9999.000,9999.000,9999.000,9999.000,9999.000,9999.000,9999.000
202604210242,   2.128,   0.941,9999.000,9999.000,9999.000,9999.000,9999.000,9999.000,9999.000
202604210248,   2.039,   0.829,9999.000,9999.000,9999.000,9999.000,9999.000,9999.000,9999.000
202604210254,   1.950,   0.718,9999.000,9999.000,9999.000,9999.000,9999.000,9999.000,9999.000
202604210300,   1.862,   0.610,   0.100,  -1.352,   0.610,   0.000,   0.510,   0.200,   0.710
202604210306,   1.776,   0.498,9999.000,9999.000,9999.000,9999.000,9999.000,9999.000,9999.000
202604210312,   1.690,   0.390,9999.000,9999.000,9999.000,9999.000,9999.000,9999.000,9999.000
202604210318,   1.606,   0.278,9999.000,9999.000,9999.000,9999.000,9999.000,9999.000,9999.000
202604210324,   1.523,   0.170,9999.000,9999.000,9999.000,9999.000,9999.000,9999.000,9999.000
202604210330,   1.442,   0.068,9999.000,9999.000,9999.000,9999.000,9999.000,9999.000,9999.000
202604210336,   1.363,  -0.039,9999.000,9999.000,9999.000,9999.000,9999.000,9999.000,9999.000
202604210342,   1.287,  -0.141,9999.000,9999.000,9999.000,9999.000,9999.000,9999.000,9999.000
202604210348,   1.214,  -0.239,9999.000,9999.000,9999.000,9999.000,9999.000,9999.000,9999.000
202604210354,   1.146,  -0.341,9999.000,9999.000,9999.000,9999.000,9999.000,9999.000,9999.000
202604210400,   1.082,  -0.439,   0.100,  -1.621,  -0.439,   0.000,  -0.539,   0.200,  -0.339
202604210406,   1.024,  -0.518,9999.000,9999.000,9999.000,9999.000,9999.000,9999.000,9999.000
202604210412,   0.973,  -0.600,9999.000,9999.000,9999.000,9999.000,9999.000,9999.000,9999.000
202604210418,   0.929,  -0.678,9999.000,9999.000,9999.000,9999.000,9999.000,9999.000,9999.000
202604210424,   0.894,  -0.751,9999.000,9999.000,9999.000,9999.000,9999.000,9999.000,9999.000
202604210430,   0.869,  -0.810,9999.000,9999.000,9999.000,9999.000,9999.000,9999.000,9999.000
202604210436,   0.854,  -0.839,9999.000,9999.000,9999.000,9999.000,9999.000,9999.000,9999.000
202604210442,   0.851,  -0.869,9999.000,9999.000,9999.000,9999.000,9999.000,9999.000,9999.000
202604210448,   0.860,  -0.829,9999.000,9999.000,9999.000,9999.000,9999.000,9999.000,9999.000
202604210454,   0.883,  -0.708,9999.000,9999.000,9999.000,9999.000,9999.000,9999.000,9999.000
202604210500,   0.919,  -0.518,   0.000,  -1.437,  -0.518,   0.000,  -0.518,   0.100,  -0.418
202604210506,   0.970,  -0.229,9999.000,9999.000,9999.000,9999.000,9999.000,9999.000,9999.000
202604210512,   1.036,   0.078,9999.000,9999.000,9999.000,9999.000,9999.000,9999.000,9999.000
202604210518,   1.117,   0.360,9999.000,9999.000,9999.000,9999.000,9999.000,9999.000,9999.000
202604210524,   1.214,   0.629,9999.000,9999.000,9999.000,9999.000,9999.000,9999.000,9999.000
202604210530,   1.325,   0.869,9999.000,9999.000,9999.000,9999.000,9999.000,9999.000,9999.000
202604210536,   1.452,   1.079,9999.000,9999.000,9999.000,9999.000,9999.000,9999.000,9999.000
202604210542,   1.594,   1.279,9999.000,9999.000,9999.000,9999.000,9999.000,9999.000,9999.000
202604210548,   1.749,   1.469,9999.000,9999.000,9999.000,9999.000,9999.000,9999.000,9999.000
202604210554,   1.918,   1.649,9999.000,9999.000,9999.000,9999.000,9999.000,9999.000,9999.000
202604210600,   2.099,   1.830,   0.000,  -0.269,   1.830,   0.000,   1.830,   0.000,   1.830
202604210606,   2.292,   2.000,9999.000,9999.000,9999.000,9999.000,9999.000,9999.000,9999.000
202604210612,   2.494,   2.168,9999.000,9999.000,9999.000,9999.000,9999.000,9999.000,9999.000
202604210618,   2.707,   2.348,9999.000,9999.000,9999.000,9999.000,9999.000,9999.000,9999.000
202604210624,   2.926,   2.528,9999.000,9999.000,9999.000,9999.000,9999.000,9999.000,9999.000
202604210630,   3.153,   2.719,9999.000,9999.000,9999.000,9999.000,9999.000,9999.000,9999.000
202604210636,   3.385,   2.929,9999.000,9999.000,9999.000,9999.000,9999.000,9999.000,9999.000
202604210642,   3.620,   3.158,9999.000,9999.000,9999.000,9999.000,9999.000,9999.000,9999.000
202604210648,   3.858,   3.417,9999.000,9999.000,9999.000,9999.000,9999.000,9999.000,9999.000
202604210654,   4.097,   3.670,9999.000,9999.000,9999.000,9999.000,9999.000,9999.000,9999.000
202604210700,   4.337,   3.958,   0.000,  -0.379,   3.958,  -0.100,   3.858,   0.000,   3.958
202604210706,   4.575,   4.257,9999.000,9999.000,9999.000,9999.000,9999.000,9999.000,9999.000
202604210712,   4.811,   4.539,9999.000,9999.000,9999.000,9999.000,9999.000,9999.000,9999.000
202604210718,   5.043,   4.788,9999.000,9999.000,9999.000,9999.000,9999.000,9999.000,9999.000
202604210724,   5.272,   5.018,9999.000,9999.000,9999.000,9999.000,9999.000,9999.000,9999.000
202604210730,   5.495,   5.228,9999.000,9999.000,9999.000,9999.000,9999.000,9999.000,9999.000
202604210736,   5.713,   5.428,9999.000,9999.000,9999.000,9999.000,9999.000,9999.000,9999.000
202604210742,   5.925,   5.618,9999.000,9999.000,9999.000,9999.000,9999.000,9999.000,9999.000
202604210748,   6.130,   5.789,9999.000,9999.000,9999.000,9999.000,9999.000,9999.000,9999.000
202604210754,   6.328,   5.959,9999.000,9999.000,9999.000,9999.000,9999.000,9999.000,9999.000
202604210800,   6.518,   6.127,   0.000,  -0.391,   6.127,  -0.100,   6.027,   0.000,   6.127
202604210806,   6.700,   6.297,9999.000,9999.000,9999.000,9999.000,9999.000,9999.000,9999.000
202604210812,   6.874,   6.468,9999.000,9999.000,9999.000,9999.000,9999.000,9999.000,9999.000
202604210818,   7.040,   6.619,9999.000,9999.000,9999.000,9999.000,9999.000,9999.000,9999.000
202604210824,   7.197,   6.766,9999.000,9999.000,9999.000,9999.000,9999.000,9999.000,9999.000
202604210830,   7.345,   6.917,9999.000,9999.000,9999.000,9999.000,9999.000,9999.000,9999.000
202604210836,   7.483,   7.058,9999.000,9999.000,9999.000,9999.000,9999.000,9999.000,9999.000
202604210842,   7.613,   7.199,9999.000,9999.000,9999.000,9999.000,9999.000,9999.000,9999.000
202604210848,   7.733,   7.317,9999.000,9999.000,9999.000,9999.000,9999.000,9999.000,9999.000
202604210854,   7.844,   7.448,9999.000,9999.000,9999.000,9999.000,9999.000,9999.000,9999.000
202604210900,   7.944,   7.566,   0.000,  -0.378,   7.566,  -0.100,   7.466,   0.000,   7.566
202604210906,   8.035,   7.688,9999.000,9999.000,9999.000,9999.000,9999.000,9999.000,9999.000
202604210912,   8.115,   7.796,9999.000,9999.000,9999.000,9999.000,9999.000,9999.000,9999.000
202604210918,   8.184,   7.898,9999.000,9999.000,9999.000,9999.000,9999.000,9999.000,9999.000
202604210924,   8.243,   7.986,9999.000,9999.000,9999.000,9999.000,9999.000,9999.000,9999.000
202604210930,   8.291,   8.078,9999.000,9999.000,9999.000,9999.000,9999.000,9999.000,9999.000
202604210936,   8.327,   8.157,9999.000,9999.000,9999.000,9999.000,9999.000,9999.000,9999.000
202604210942,   8.353,   8.229,9999.000,9999.000,9999.000,9999.000,9999.000,9999.000,9999.000
202604210948,   8.367,   8.278,9999.000,9999.000,9999.000,9999.000,9999.000,9999.000,9999.000
202604210954,   8.370,   8.318,9999.000,9999.000,9999.000,9999.000,9999.000,9999.000,9999.000
202604211000,   8.362,   8.357,   0.000,  -0.005,   8.357,  -0.100,   8.257,   0.000,   8.357
202604211006,   8.343,   8.386,9999.000,9999.000,9999.000,9999.000,9999.000,9999.000,9999.000
202604211012,   8.313,   8.396,9999.000,9999.000,9999.000,9999.000,9999.000,9999.000,9999.000
202604211018,   8.273,   8.386,9999.000,9999.000,9999.000,9999.000,9999.000,9999.000,9999.000
202604211024,   8.222,   8.377,9999.000,9999.000,9999.000,9999.000,9999.000,9999.000,9999.000
202604211030,   8.162,   8.337,9999.000,9999.000,9999.000,9999.000,9999.000,9999.000,9999.000
202604211036,   8.092,   8.288,9999.000,9999.000,9999.000,9999.000,9999.000,9999.000,9999.000
202604211042,   8.014,   8.229,9999.000,9999.000,9999.000,9999.000,9999.000,9999.000,9999.000
202604211048,   7.927,   8.147,9999.000,9999.000,9999.000,9999.000,9999.000,9999.000,9999.000
202604211054,   7.833,   8.039,9999.000,9999.000,9999.000,9999.000,9999.000,9999.000,9999.000
202604211100,   7.733,   7.927,   0.000,   0.194,   7.927,  -0.100,   7.827,   0.000,   7.927
202604211106,   7.626,   7.806,9999.000,9999.000,9999.000,9999.000,9999.000,9999.000,9999.000
202604211112,   7.515,   7.688,9999.000,9999.000,9999.000,9999.000,9999.000,9999.000,9999.000
202604211118,   7.398,   7.547,9999.000,9999.000,9999.000,9999.000,9999.000,9999.000,9999.000
202604211124,   7.278,   7.419,9999.000,9999.000,9999.000,9999.000,9999.000,9999.000,9999.000
202604211130,   7.155,   7.278,9999.000,9999.000,9999.000,9999.000,9999.000,9999.000,9999.000
202604211136,   7.029,   7.137,9999.000,9999.000,9999.000,9999.000,9999.000,9999.000,9999.000
202604211142,   6.902,   6.999,9999.000,9999.000,9999.000,9999.000,9999.000,9999.000,9999.000
202604211148,   6.773,   6.858,9999.000,9999.000,9999.000,9999.000,9999.000,9999.000,9999.000
202604211154,   6.643,   6.717,9999.000,9999.000,9999.000,9999.000,9999.000,9999.000,9999.000
202604211200,   6.514,   6.569,   0.000,   0.055,   6.569,  -0.100,   6.469,   0.000,   6.569
202604211206,   6.384,   6.418,9999.000,9999.000,9999.000,9999.000,9999.000,9999.000,9999.000
202604211212,   6.254,   6.268,9999.000,9999.000,9999.000,9999.000,9999.000,9999.000,9999.000
202604211218,   6.126,   6.127,9999.000,9999.000,9999.000,9999.000,9999.000,9999.000,9999.000
202604211224,   5.998,   5.979,9999.000,9999.000,9999.000,9999.000,9999.000,9999.000,9999.000
202604211230,   5.871,   5.828,9999.000,9999.000,9999.000,9999.000,9999.000,9999.000,9999.000
202604211236,   5.746,   5.667,9999.000,9999.000,9999.000,9999.000,9999.000,9999.000,9999.000
202604211242,   5.622,   5.516,9999.000,9999.000,9999.000,9999.000,9999.000,9999.000,9999.000
202604211248,   5.499,   5.369,9999.000,9999.000,9999.000,9999.000,9999.000,9999.000,9999.000
202604211254,   5.378,   5.208,9999.000,9999.000,9999.000,9999.000,9999.000,9999.000,9999.000
202604211300,   5.258,   5.057,   0.000,  -0.201,   5.057,  -0.100,   4.957,   0.000,   5.057
202604211306,   5.139,   4.910,9999.000,9999.000,9999.000,9999.000,9999.000,9999.000,9999.000
202604211312,   5.022,   4.749,9999.000,9999.000,9999.000,9999.000,9999.000,9999.000,9999.000
202604211318,   4.906,   4.608,9999.000,9999.000,9999.000,9999.000,9999.000,9999.000,9999.000
202604211324,   4.792,   4.457,9999.000,9999.000,9999.000,9999.000,9999.000,9999.000,9999.000
202604211330,   4.679,   4.319,9999.000,9999.000,9999.000,9999.000,9999.000,9999.000,9999.000
202604211336,   4.567,   4.168,9999.000,9999.000,9999.000,9999.000,9999.000,9999.000,9999.000
202604211342,   4.456,   4.027,9999.000,9999.000,9999.000,9999.000,9999.000,9999.000,9999.000
202604211348,   4.347,   3.890,9999.000,9999.000,9999.000,9999.000,9999.000,9999.000,9999.000
202604211354,   4.238,   3.749,9999.000,9999.000,9999.000,9999.000,9999.000,9999.000,9999.000
202604211400,   4.130,   3.617,   0.000,  -0.513,   3.617,  -0.100,   3.517,   0.000,   3.617
202604211406,   4.023,   3.480,9999.000,9999.000,9999.000,9999.000,9999.000,9999.000,9999.000
202604211412,   3.917,   3.348,9999.000,9999.000,9999.000,9999.000,9999.000,9999.000,9999.000
202604211418,   3.811,   3.230,9999.000,9999.000,9999.000,9999.000,9999.000,9999.000,9999.000
202604211424,   3.706,   3.099,9999.000,9999.000,9999.000,9999.000,9999.000,9999.000,9999.000
202604211430,   3.601,   2.978,9999.000,9999.000,9999.000,9999.000,9999.000,9999.000,9999.000
202604211436,   3.496,   2.869,9999.000,9999.000,9999.000,9999.000,9999.000,9999.000,9999.000
202604211442,   3.390,   2.738,9999.000,9999.000,9999.000,9999.000,9999.000,9999.000,9999.000
202604211448,   3.284,   2.630,9999.000,9999.000,9999.000,9999.000,9999.000,9999.000,9999.000
202604211454,   3.177,   2.499,9999.000,9999.000,9999.000,9999.000,9999.000,9999.000,9999.000
202604211500,   3.070,   2.387,   0.000,  -0.683,   2.387,   0.000,   2.387,   0.000,   2.387
202604211506,   2.961,   2.259,9999.000,9999.000,9999.000,9999.000,9999.000,9999.000,9999.000
202604211512,   2.850,   1.928,9999.000,9999.000,9999.000,9999.000,9999.000,9999.000,9999.000
202604211518,   2.738,   2.020,9999.000,9999.000,9999.000,9999.000,9999.000,9999.000,9999.000
202604211524,   2.625,   1.879,9999.000,9999.000,9999.000,9999.000,9999.000,9999.000,9999.000
202604211530,   2.510,   1.810,9999.000,9999.000,9999.000,9999.000,9999.000,9999.000,9999.000
202604211536,   2.393,   1.669,9999.000,9999.000,9999.000,9999.000,9999.000,9999.000,9999.000
202604211542,   2.275,   1.548,9999.000,9999.000,9999.000,9999.000,9999.000,9999.000,9999.000
202604211548,   2.156,   1.459,9999.000,9999.000,9999.000,9999.000,9999.000,9999.000,9999.000
202604211554,   2.035,   1.348,9999.000,9999.000,9999.000,9999.000,9999.000,9999.000,9999.000
202604211600,   1.915,   1.269,   0.000,  -0.646,   1.269,   0.000,   1.269,   0.000,   1.269
202604211606,   1.794,   1.151,9999.000,9999.000,9999.000,9999.000,9999.000,9999.000,9999.000
202604211612,   1.674,   1.029,9999.000,9999.000,9999.000,9999.000,9999.000,9999.000,9999.000
202604211618,   1.556,   0.928,9999.000,9999.000,9999.000,9999.000,9999.000,9999.000,9999.000
202604211624,   1.440,   0.839,9999.000,9999.000,9999.000,9999.000,9999.000,9999.000,9999.000
202604211630,   1.328,   0.731,9999.000,9999.000,9999.000,9999.000,9999.000,9999.000,9999.000
202604211636,   1.219,   0.639,9999.000,9999.000,9999.000,9999.000,9999.000,9999.000,9999.000
202604211642,   1.117,   0.551,9999.000,9999.000,9999.000,9999.000,9999.000,9999.000,9999.000
202604211648,   1.020,   0.449,9999.000,9999.000,9999.000,9999.000,9999.000,9999.000,9999.000
202604211654,   0.932,   0.390,9999.000,9999.000,9999.000,9999.000,9999.000,9999.000,9999.000
202604211700,   0.852,   0.308,   0.000,  -0.544,   0.308,   0.000,   0.308,   0.000,   0.308
202604211706,   0.783,   0.239,9999.000,9999.000,9999.000,9999.000,9999.000,9999.000,9999.000
202604211712,   0.724,   0.160,9999.000,9999.000,9999.000,9999.000,9999.000,9999.000,9999.000
202604211718,   0.677,   0.078,9999.000,9999.000,9999.000,9999.000,9999.000,9999.000,9999.000
202604211724,   0.644,   0.019,9999.000,9999.000,9999.000,9999.000,9999.000,9999.000,9999.000
202604211730,   0.624,  -0.029,9999.000,9999.000,9999.000,9999.000,9999.000,9999.000,9999.000
202604211736,   0.618,  -0.068,9999.000,9999.000,9999.000,9999.000,9999.000,9999.000,9999.000
202604211742,   0.627,  -0.078,9999.000,9999.000,9999.000,9999.000,9999.000,9999.000,9999.000
202604211748,   0.652,  -0.049,9999.000,9999.000,9999.000,9999.000,9999.000,9999.000,9999.000
202604211754,   0.691,   0.000,9999.000,9999.000,9999.000,9999.000,9999.000,9999.000,9999.000
202604211800,   0.747,   0.131,   0.000,  -0.616,   0.131,   0.000,   0.131,   0.100,   0.231
202604211806,   0.817,   0.380,9999.000,9999.000,9999.000,9999.000,9999.000,9999.000,9999.000
202604211812,   0.902,   0.659,9999.000,9999.000,9999.000,9999.000,9999.000,9999.000,9999.000
202604211818,   1.002,   0.941,9999.000,9999.000,9999.000,9999.000,9999.000,9999.000,9999.000
202604211824,   1.115,   1.210,9999.000,9999.000,9999.000,9999.000,9999.000,9999.000,9999.000
202604211830,   1.241,   1.459,9999.000,9999.000,9999.000,9999.000,9999.000,9999.000,9999.000
202604211836,   1.380,   1.610,9999.000,9999.000,9999.000,9999.000,9999.000,9999.000,9999.000
202604211842,   1.529,   1.859,9999.000,9999.000,9999.000,9999.000,9999.000,9999.000,9999.000
202604211848,   1.689,   2.069,9999.000,9999.000,9999.000,9999.000,9999.000,9999.000,9999.000
202604211854,   1.857,   2.259,9999.000,9999.000,9999.000,9999.000,9999.000,9999.000,9999.000
202604211900,   2.033,   2.430,   0.000,   0.397,   2.430,   0.000,   2.430,   0.100,   2.530
202604211906,   2.216,   2.597,9999.000,9999.000,9999.000,9999.000,9999.000,9999.000,9999.000
202604211912,   2.404,   2.778,9999.000,9999.000,9999.000,9999.000,9999.000,9999.000,9999.000
202604211918,   2.597,   2.948,9999.000,9999.000,9999.000,9999.000,9999.000,9999.000,9999.000
202604211924,   2.792,   3.109,9999.000,9999.000,9999.000,9999.000,9999.000,9999.000,9999.000
202604211930,   2.989,   3.289,9999.000,9999.000,9999.000,9999.000,9999.000,9999.000,9999.000
202604211936,   3.188,   3.480,9999.000,9999.000,9999.000,9999.000,9999.000,9999.000,9999.000
202604211942,   3.387,   3.689,9999.000,9999.000,9999.000,9999.000,9999.000,9999.000,9999.000
202604211948,   3.585,   3.909,9999.000,9999.000,9999.000,9999.000,9999.000,9999.000,9999.000
202604211954,   3.782,   4.139,9999.000,9999.000,9999.000,9999.000,9999.000,9999.000,9999.000
202604212000,   3.976,   4.398,   0.000,   0.422,   4.398,   0.000,   4.398,   0.100,   4.498
202604212006,   4.168,   4.677,9999.000,9999.000,9999.000,9999.000,9999.000,9999.000,9999.000
202604212012,   4.357,   4.949,9999.000,9999.000,9999.000,9999.000,9999.000,9999.000,9999.000
202604212018,   4.543,   5.198,9999.000,9999.000,9999.000,9999.000,9999.000,9999.000,9999.000
202604212024,   4.724,   5.408,9999.000,9999.000,9999.000,9999.000,9999.000,9999.000,9999.000
202604212030,   4.901,   5.608,9999.000,9999.000,9999.000,9999.000,9999.000,9999.000,9999.000
202604212036,   5.073,   5.779,9999.000,9999.000,9999.000,9999.000,9999.000,9999.000,9999.000
202604212042,   5.240,   5.949,9999.000,9999.000,9999.000,9999.000,9999.000,9999.000,9999.000
202604212048,   5.402,   6.097,9999.000,9999.000,9999.000,9999.000,9999.000,9999.000,9999.000
202604212054,   5.558,   6.248,9999.000,9999.000,9999.000,9999.000,9999.000,9999.000,9999.000
202604212100,   5.709,   6.399,   0.000,   0.690,   6.399,   0.000,   6.399,   0.100,   6.499
202604212106,   5.853,   6.546,9999.000,9999.000,9999.000,9999.000,9999.000,9999.000,9999.000
202604212112,   5.990,   6.687,9999.000,9999.000,9999.000,9999.000,9999.000,9999.000,9999.000
202604212118,   6.121,   6.809,9999.000,9999.000,9999.000,9999.000,9999.000,9999.000,9999.000
202604212124,   6.244,   6.937,9999.000,9999.000,9999.000,9999.000,9999.000,9999.000,9999.000
202604212130,   6.360,   7.048,9999.000,9999.000,9999.000,9999.000,9999.000,9999.000,9999.000
202604212136,   6.468,   7.156,9999.000,9999.000,9999.000,9999.000,9999.000,9999.000,9999.000
202604212142,   6.567,   7.258,9999.000,9999.000,9999.000,9999.000,9999.000,9999.000,9999.000
202604212148,   6.657,   7.347,9999.000,9999.000,9999.000,9999.000,9999.000,9999.000,9999.000
202604212154,   6.738,   7.429,9999.000,9999.000,9999.000,9999.000,9999.000,9999.000,9999.000
202604212200,   6.810,   7.498,   0.000,   0.688,   7.498,   0.000,   7.498,   0.100,   7.598
202604212206,   6.871,   7.566,9999.000,9999.000,9999.000,9999.000,9999.000,9999.000,9999.000
202604212212,   6.922,   7.629,9999.000,9999.000,9999.000,9999.000,9999.000,9999.000,9999.000
202604212218,   6.963,   7.688,9999.000,9999.000,9999.000,9999.000,9999.000,9999.000,9999.000
202604212224,   6.994,   7.727,9999.000,9999.000,9999.000,9999.000,9999.000,9999.000,9999.000
202604212230,   7.013,   7.757,9999.000,9999.000,9999.000,9999.000,9999.000,9999.000,9999.000
202604212236,   7.022,   7.757,9999.000,9999.000,9999.000,9999.000,9999.000,9999.000,9999.000
202604212242,   7.021,   7.767,9999.000,9999.000,9999.000,9999.000,9999.000,9999.000,9999.000
202604212248,   7.008,   7.747,9999.000,9999.000,9999.000,9999.000,9999.000,9999.000,9999.000
202604212254,   6.986,   7.717,9999.000,9999.000,9999.000,9999.000,9999.000,9999.000,9999.000
202604212300,   6.953,   7.678,   0.100,   0.625,   7.678,   0.000,   7.578,   0.100,   7.678
202604212306,   6.911,   7.596,9999.000,9999.000,9999.000,9999.000,9999.000,9999.000,9999.000
202604212312,   6.860,   7.517,9999.000,9999.000,9999.000,9999.000,9999.000,9999.000,9999.000
202604212318,   6.801,   7.429,9999.000,9999.000,9999.000,9999.000,9999.000,9999.000,9999.000
202604212324,   6.733,   7.307,9999.000,9999.000,9999.000,9999.000,9999.000,9999.000,9999.000
202604212330,   6.658,   7.199,9999.000,9999.000,9999.000,9999.000,9999.000,9999.000,9999.000
202604212336,   6.575,   7.068,9999.000,9999.000,9999.000,9999.000,9999.000,9999.000,9999.000
202604212342,   6.487,   6.947,9999.000,9999.000,9999.000,9999.000,9999.000,9999.000,9999.000
202604212348,   6.393,   6.838,9999.000,9999.000,9999.000,9999.000,9999.000,9999.000,9999.000
202604212354,   6.294,   6.707,9999.000,9999.000,9999.000,9999.000,9999.000,9999.000,9999.000
202604220000,   6.191,   6.579,   0.200,   0.188,   6.579,   0.100,   6.479,   0.200,   6.579
202604220006,   6.084,   6.458,9999.000,9999.000,9999.000,9999.000,9999.000,9999.000,9999.000
202604220012,   5.973,   6.317,9999.000,9999.000,9999.000,9999.000,9999.000,9999.000,9999.000
202604220018,   5.860,   6.189,9999.000,9999.000,9999.000,9999.000,9999.000,9999.000,9999.000
202604220024,   5.745,   6.048,9999.000,9999.000,9999.000,9999.000,9999.000,9999.000,9999.000
202604220030,   5.628,   5.907,9999.000,9999.000,9999.000,9999.000,9999.000,9999.000,9999.000
202604220036,   5.510,   5.759,9999.000,9999.000,9999.000,9999.000,9999.000,9999.000,9999.000
202604220042,   5.390,   5.618,9999.000,9999.000,9999.000,9999.000,9999.000,9999.000,9999.000
202604220048,   5.270,   5.477,9999.000,9999.000,9999.000,9999.000,9999.000,9999.000,9999.000
202604220054,   5.149,   5.329,9999.000,9999.000,9999.000,9999.000,9999.000,9999.000,9999.000
202604220100,   5.028,   5.179,   0.200,  -0.049,   5.179,   0.100,   5.079,   0.200,   5.179
202604220106,   4.907,   5.038,9999.000,9999.000,9999.000,9999.000,9999.000,9999.000,9999.000
202604220112,   4.786,   4.887,9999.000,9999.000,9999.000,9999.000,9999.000,9999.000,9999.000
202604220118,   4.666,   4.749,9999.000,9999.000,9999.000,9999.000,9999.000,9999.000,9999.000
202604220124,   4.545,   4.608,9999.000,9999.000,9999.000,9999.000,9999.000,9999.000,9999.000
202604220130,   4.426,   4.467,9999.000,9999.000,9999.000,9999.000,9999.000,9999.000,9999.000
202604220136,   4.306,   4.329,9999.000,9999.000,9999.000,9999.000,9999.000,9999.000,9999.000
202604220142,   4.188,   4.198,9999.000,9999.000,9999.000,9999.000,9999.000,9999.000,9999.000
202604220148,   4.071,   4.057,9999.000,9999.000,9999.000,9999.000,9999.000,9999.000,9999.000
202604220154,   3.955,   3.929,9999.000,9999.000,9999.000,9999.000,9999.000,9999.000,9999.000
202604220200,   3.839,   3.798,   0.200,  -0.241,   3.798,   0.100,   3.698,   0.200,   3.798
202604220206,   3.726,   3.670,9999.000,9999.000,9999.000,9999.000,9999.000,9999.000,9999.000
202604220212,   3.613,   3.539,9999.000,9999.000,9999.000,9999.000,9999.000,9999.000,9999.000
202604220218,   3.502,   3.407,9999.000,9999.000,9999.000,9999.000,9999.000,9999.000,9999.000
202604220224,   3.393,   3.289,9999.000,9999.000,9999.000,9999.000,9999.000,9999.000,9999.000
202604220230,   3.285,   3.168,9999.000,9999.000,9999.000,9999.000,9999.000,9999.000,9999.000
202604220236,   3.179,   3.040,9999.000,9999.000,9999.000,9999.000,9999.000,9999.000,9999.000
202604220242,   3.075,   2.919,9999.000,9999.000,9999.000,9999.000,9999.000,9999.000,9999.000
202604220248,   2.973,   2.807,9999.000,9999.000,9999.000,9999.000,9999.000,9999.000,9999.000
202604220254,   2.872,   2.689,9999.000,9999.000,9999.000,9999.000,9999.000,9999.000,9999.000
202604220300,   2.772,   2.587,   0.200,  -0.385,   2.587,   0.200,   2.587,   0.200,   2.587
202604220306,   2.675,   2.469,9999.000,9999.000,9999.000,9999.000,9999.000,9999.000,9999.000
202604220312,   2.578,   2.348,9999.000,9999.000,9999.000,9999.000,9999.000,9999.000,9999.000
202604220318,   2.483,   2.250,9999.000,9999.000,9999.000,9999.000,9999.000,9999.000,9999.000
202604220324,   2.389,   2.138,9999.000,9999.000,9999.000,9999.000,9999.000,9999.000,9999.000
202604220330,   2.297,   2.040,9999.000,9999.000,9999.000,9999.000,9999.000,9999.000,9999.000
202604220336,   2.205,   1.928,9999.000,9999.000,9999.000,9999.000,9999.000,9999.000,9999.000
202604220342,   2.114,   1.830,9999.000,9999.000,9999.000,9999.000,9999.000,9999.000,9999.000
202604220348,   2.024,   1.728,9999.000,9999.000,9999.000,9999.000,9999.000,9999.000,9999.000
202604220354,   1.934,   1.630,9999.000,9999.000,9999.000,9999.000,9999.000,9999.000,9999.000
202604220400,   1.846,   1.548,   0.200,  -0.498,   1.548,   0.200,   1.548,   0.300,   1.648
202604220406,   1.758,   1.449,9999.000,9999.000,9999.000,9999.000,9999.000,9999.000,9999.000
202604220412,   1.672,   1.348,9999.000,9999.000,9999.000,9999.000,9999.000,9999.000,9999.000
202604220418,   1.588,   1.269,9999.000,9999.000,9999.000,9999.000,9999.000,9999.000,9999.000
202604220424,   1.505,   1.180,9999.000,9999.000,9999.000,9999.000,9999.000,9999.000,9999.000
202604220430,   1.424,   1.098,9999.000,9999.000,9999.000,9999.000,9999.000,9999.000,9999.000
202604220436,   1.347,   1.029,9999.000,9999.000,9999.000,9999.000,9999.000,9999.000,9999.000
202604220442,   1.273,   0.961,9999.000,9999.000,9999.000,9999.000,9999.000,9999.000,9999.000
202604220448,   1.203,   0.888,9999.000,9999.000,9999.000,9999.000,9999.000,9999.000,9999.000
202604220454,   1.139,   0.829,9999.000,9999.000,9999.000,9999.000,9999.000,9999.000,9999.000
202604220500,   1.080,   0.790,   0.200,  -0.490,   0.790,   0.200,   0.790,   0.300,   0.890
202604220506,   1.029,   0.741,9999.000,9999.000,9999.000,9999.000,9999.000,9999.000,9999.000
202604220512,   0.986,   0.731,9999.000,9999.000,9999.000,9999.000,9999.000,9999.000,9999.000
202604220518,   0.951,   0.741,9999.000,9999.000,9999.000,9999.000,9999.000,9999.000,9999.000
202604220524,   0.926,   0.790,9999.000,9999.000,9999.000,9999.000,9999.000,9999.000,9999.000
202604220530,   0.912,   0.918,9999.000,9999.000,9999.000,9999.000,9999.000,9999.000,9999.000
202604220536,   0.910,   1.098,9999.000,9999.000,9999.000,9999.000,9999.000,9999.000,9999.000
202604220542,   0.921,   1.298,9999.000,9999.000,9999.000,9999.000,9999.000,9999.000,9999.000
202604220548,   0.944,   1.538,9999.000,9999.000,9999.000,9999.000,9999.000,9999.000,9999.000
202604220554,   0.982,   1.728,9999.000,9999.000,9999.000,9999.000,9999.000,9999.000,9999.000
202604220600,   1.033,   1.928,   0.400,   0.495,   1.928,   0.300,   1.828,   0.400,   1.928
202604220606,   1.099,   2.128,9999.000,9999.000,9999.000,9999.000,9999.000,9999.000,9999.000
202604220612,   1.180,   2.318,9999.000,9999.000,9999.000,9999.000,9999.000,9999.000,9999.000
202604220618,   1.276,   2.568,9999.000,9999.000,9999.000,9999.000,9999.000,9999.000,9999.000
202604220624,   1.387,   2.748,9999.000,9999.000,9999.000,9999.000,9999.000,9999.000,9999.000
202604220630,   1.511,   2.929,9999.000,9999.000,9999.000,9999.000,9999.000,9999.000,9999.000
202604220636,   1.650,   3.099,9999.000,9999.000,9999.000,9999.000,9999.000,9999.000,9999.000
202604220642,   1.802,   3.270,9999.000,9999.000,9999.000,9999.000,9999.000,9999.000,9999.000
202604220648,   1.966,   3.440,9999.000,9999.000,9999.000,9999.000,9999.000,9999.000,9999.000
202604220654,   2.141,   3.607,9999.000,9999.000,9999.000,9999.000,9999.000,9999.000,9999.000
202604220700,   2.327,   3.788,   0.400,   1.061,   3.788,   0.300,   3.688,   0.400,   3.788
202604220706,   2.522,   3.978,9999.000,9999.000,9999.000,9999.000,9999.000,9999.000,9999.000
202604220712,   2.725,   4.178,9999.000,9999.000,9999.000,9999.000,9999.000,9999.000,9999.000
202604220718,   2.935,   4.398,9999.000,9999.000,9999.000,9999.000,9999.000,9999.000,9999.000
202604220724,   3.150,   4.618,9999.000,9999.000,9999.000,9999.000,9999.000,9999.000,9999.000
202604220730,   3.370,   4.867,9999.000,9999.000,9999.000,9999.000,9999.000,9999.000,9999.000
202604220736,   3.593,   5.129,9999.000,9999.000,9999.000,9999.000,9999.000,9999.000,9999.000
202604220742,   3.817,   5.379,9999.000,9999.000,9999.000,9999.000,9999.000,9999.000,9999.000
202604220748,   4.042,   5.618,9999.000,9999.000,9999.000,9999.000,9999.000,9999.000,9999.000
202604220754,   4.267,   5.858,9999.000,9999.000,9999.000,9999.000,9999.000,9999.000,9999.000
202604220800,   4.490,   6.058,   0.400,   1.168,   6.058,   0.400,   6.058,   0.500,   6.158
202604220806,   4.710,   6.248,9999.000,9999.000,9999.000,9999.000,9999.000,9999.000,9999.000
202604220812,   4.927,   6.438,9999.000,9999.000,9999.000,9999.000,9999.000,9999.000,9999.000
202604220818,   5.140,   6.609,9999.000,9999.000,9999.000,9999.000,9999.000,9999.000,9999.000
202604220824,   5.348,   6.789,9999.000,9999.000,9999.000,9999.000,9999.000,9999.000,9999.000
202604220830,   5.551,   6.956,9999.000,9999.000,9999.000,9999.000,9999.000,9999.000,9999.000
202604220836,   5.748,   7.117,9999.000,9999.000,9999.000,9999.000,9999.000,9999.000,9999.000
202604220842,   5.938,   7.268,9999.000,9999.000,9999.000,9999.000,9999.000,9999.000,9999.000
202604220848,   6.122,   7.429,9999.000,9999.000,9999.000,9999.000,9999.000,9999.000,9999.000
202604220854,   6.299,   7.566,9999.000,9999.000,9999.000,9999.000,9999.000,9999.000,9999.000
202604220900,   6.469,   7.707,   0.500,   0.738,   7.707,   0.400,   7.607,   0.500,   7.707
202604220906,   6.632,   7.839,9999.000,9999.000,9999.000,9999.000,9999.000,9999.000,9999.000
202604220912,   6.787,   7.967,9999.000,9999.000,9999.000,9999.000,9999.000,9999.000,9999.000
202604220918,   6.934,   8.098,9999.000,9999.000,9999.000,9999.000,9999.000,9999.000,9999.000
202604220924,   7.073,   8.216,9999.000,9999.000,9999.000,9999.000,9999.000,9999.000,9999.000
202604220930,   7.205,   8.308,9999.000,9999.000,9999.000,9999.000,9999.000,9999.000,9999.000
202604220936,   7.328,   8.406,9999.000,9999.000,9999.000,9999.000,9999.000,9999.000,9999.000
202604220942,   7.442,   8.508,9999.000,9999.000,9999.000,9999.000,9999.000,9999.000,9999.000
202604220948,   7.548,   8.606,9999.000,9999.000,9999.000,9999.000,9999.000,9999.000,9999.000
202604220954,   7.645,   8.688,9999.000,9999.000,9999.000,9999.000,9999.000,9999.000,9999.000
202604221000,   7.732,   8.767,   0.500,   0.535,   8.767,   0.400,   8.667,   0.500,   8.767
202604221006,   7.811,   8.836,9999.000,9999.000,9999.000,9999.000,9999.000,9999.000,9999.000
202604221012,   7.879,   8.898,9999.000,9999.000,9999.000,9999.000,9999.000,9999.000,9999.000
202604221018,   7.938,   8.977,9999.000,9999.000,9999.000,9999.000,9999.000,9999.000,9999.000
202604221024,   7.987,   9.046,9999.000,9999.000,9999.000,9999.000,9999.000,9999.000,9999.000
202604221030,   8.025,   9.069,9999.000,9999.000,9999.000,9999.000,9999.000,9999.000,9999.000
202604221036,   8.053,   9.108,9999.000,9999.000,9999.000,9999.000,9999.000,9999.000,9999.000
202604221042,   8.071,   9.147,9999.000,9999.000,9999.000,9999.000,9999.000,9999.000,9999.000
202604221048,   8.078,   9.167,9999.000,9999.000,9999.000,9999.000,9999.000,9999.000,9999.000
202604221054,   8.075,   9.197,9999.000,9999.000,9999.000,9999.000,9999.000,9999.000,9999.000
202604221100,   8.061,   9.197,   0.500,   0.636,   9.197,   0.400,   9.097,   0.600,   9.297
202604221106,   8.037,   9.167,9999.000,9999.000,9999.000,9999.000,9999.000,9999.000,9999.000
202604221112,   8.004,   9.157,9999.000,9999.000,9999.000,9999.000,9999.000,9999.000,9999.000
202604221118,   7.961,   9.118,9999.000,9999.000,9999.000,9999.000,9999.000,9999.000,9999.000
202604221124,   7.909,   9.069,9999.000,9999.000,9999.000,9999.000,9999.000,9999.000,9999.000
202604221130,   7.848,   8.997,9999.000,9999.000,9999.000,9999.000,9999.000,9999.000,9999.000
202604221136,   7.779,   8.918,9999.000,9999.000,9999.000,9999.000,9999.000,9999.000,9999.000
202604221142,   7.703,   8.826,9999.000,9999.000,9999.000,9999.000,9999.000,9999.000,9999.000
202604221148,   7.619,   8.708,9999.000,9999.000,9999.000,9999.000,9999.000,9999.000,9999.000
202604221154,   7.530,   8.596,9999.000,9999.000,9999.000,9999.000,9999.000,9999.000,9999.000
202604221200,   7.435,   8.459,   0.600,   0.424,   8.459,   0.500,   8.359,   0.700,   8.559
202604221206,   7.336,   8.337,9999.000,9999.000,9999.000,9999.000,9999.000,9999.000,9999.000
202604221212,   7.232,   8.216,9999.000,9999.000,9999.000,9999.000,9999.000,9999.000,9999.000
202604221218,   7.124,   8.078,9999.000,9999.000,9999.000,9999.000,9999.000,9999.000,9999.000
202604221224,   7.014,   7.957,9999.000,9999.000,9999.000,9999.000,9999.000,9999.000,9999.000
202604221230,   6.902,   7.829,9999.000,9999.000,9999.000,9999.000,9999.000,9999.000,9999.000
202604221236,   6.787,   7.698,9999.000,9999.000,9999.000,9999.000,9999.000,9999.000,9999.000
202604221242,   6.672,   7.566,9999.000,9999.000,9999.000,9999.000,9999.000,9999.000,9999.000
202604221248,   6.556,   7.439,9999.000,9999.000,9999.000,9999.000,9999.000,9999.000,9999.000
202604221254,   6.439,   7.297,9999.000,9999.000,9999.000,9999.000,9999.000,9999.000,9999.000
202604221300,   6.323,   7.166,   0.600,   0.243,   7.166,   0.500,   7.066,   0.700,   7.266
202604221306,   6.207,   7.029,9999.000,9999.000,9999.000,9999.000,9999.000,9999.000,9999.000
202604221312,   6.091,   6.897,9999.000,9999.000,9999.000,9999.000,9999.000,9999.000,9999.000
202604221318,   5.976,   6.746,9999.000,9999.000,9999.000,9999.000,9999.000,9999.000,9999.000
202604221324,   5.861,   6.599,9999.000,9999.000,9999.000,9999.000,9999.000,9999.000,9999.000
202604221330,   5.748,   6.458,9999.000,9999.000,9999.000,9999.000,9999.000,9999.000,9999.000
202604221336,   5.635,   6.317,9999.000,9999.000,9999.000,9999.000,9999.000,9999.000,9999.000
202604221342,   5.524,   6.179,9999.000,9999.000,9999.000,9999.000,9999.000,9999.000,9999.000
202604221348,   5.413,   6.048,9999.000,9999.000,9999.000,9999.000,9999.000,9999.000,9999.000
202604221354,   5.303,   5.907,9999.000,9999.000,9999.000,9999.000,9999.000,9999.000,9999.000
202604221400,   5.194,   5.759,   0.600,  -0.035,   5.759,   0.600,   5.759,   0.700,   5.859
202604221406,   5.086,   5.628,9999.000,9999.000,9999.000,9999.000,9999.000,9999.000,9999.000
202604221412,   4.979,   5.487,9999.000,9999.000,9999.000,9999.000,9999.000,9999.000,9999.000
202604221418,   4.873,   5.359,9999.000,9999.000,9999.000,9999.000,9999.000,9999.000,9999.000
202604221424,   4.768,   5.238,9999.000,9999.000,9999.000,9999.000,9999.000,9999.000,9999.000
202604221430,   4.663,   5.110,9999.000,9999.000,9999.000,9999.000,9999.000,9999.000,9999.000
202604221436,   4.559,   4.969,9999.000,9999.000,9999.000,9999.000,9999.000,9999.000,9999.000
202604221442,   4.456,   4.847,9999.000,9999.000,9999.000,9999.000,9999.000,9999.000,9999.000
202604221448,   4.353,   4.719,9999.000,9999.000,9999.000,9999.000,9999.000,9999.000,9999.000
202604221454,   4.250,   4.588,9999.000,9999.000,9999.000,9999.000,9999.000,9999.000,9999.000
202604221500,   4.148,   4.467,   0.600,  -0.281,   4.467,   0.600,   4.467,   0.700,   4.567
202604221506,   4.046,   4.349,9999.000,9999.000,9999.000,9999.000,9999.000,9999.000,9999.000
202604221512,   3.944,   4.237,9999.000,9999.000,9999.000,9999.000,9999.000,9999.000,9999.000
202604221518,   3.842,   4.119,9999.000,9999.000,9999.000,9999.000,9999.000,9999.000,9999.000
202604221524,   3.739,   3.998,9999.000,9999.000,9999.000,9999.000,9999.000,9999.000,9999.000
202604221530,   3.636,   3.880,9999.000,9999.000,9999.000,9999.000,9999.000,9999.000,9999.000
202604221536,   3.532,   3.758,9999.000,9999.000,9999.000,9999.000,9999.000,9999.000,9999.000
202604221542,   3.427,   3.637,9999.000,9999.000,9999.000,9999.000,9999.000,9999.000,9999.000
202604221548,   3.321,   3.529,9999.000,9999.000,9999.000,9999.000,9999.000,9999.000,9999.000
202604221554,   3.214,   3.417,9999.000,9999.000,9999.000,9999.000,9999.000,9999.000,9999.000
202604221600,   3.105,   3.299,   0.600,  -0.406,   3.299,   0.600,   3.299,   0.700,   3.399
202604221606,   2.994,   3.197,9999.000,9999.000,9999.000,9999.000,9999.000,9999.000,9999.000
202604221612,   2.881,   3.079,9999.000,9999.000,9999.000,9999.000,9999.000,9999.000,9999.000
202604221618,   2.767,   2.978,9999.000,9999.000,9999.000,9999.000,9999.000,9999.000,9999.000
202604221624,   2.650,   2.869,9999.000,9999.000,9999.000,9999.000,9999.000,9999.000,9999.000
202604221630,   2.532,   2.758,9999.000,9999.000,9999.000,9999.000,9999.000,9999.000,9999.000
202604221636,   2.412,   2.660,9999.000,9999.000,9999.000,9999.000,9999.000,9999.000,9999.000
202604221642,   2.290,   2.558,9999.000,9999.000,9999.000,9999.000,9999.000,9999.000,9999.000
202604221648,   2.168,   2.450,9999.000,9999.000,9999.000,9999.000,9999.000,9999.000,9999.000
202604221654,   2.045,   2.348,9999.000,9999.000,9999.000,9999.000,9999.000,9999.000,9999.000
202604221700,   1.922,   2.250,   0.700,  -0.372,   2.250,   0.600,   2.150,   0.700,   2.250
202604221706,   1.800,   2.138,9999.000,9999.000,9999.000,9999.000,9999.000,9999.000,9999.000
202604221712,   1.679,   2.049,9999.000,9999.000,9999.000,9999.000,9999.000,9999.000,9999.000
202604221718,   1.561,   1.958,9999.000,9999.000,9999.000,9999.000,9999.000,9999.000,9999.000
202604221724,   1.447,   1.849,9999.000,9999.000,9999.000,9999.000,9999.000,9999.000,9999.000
202604221730,   1.336,   1.767,9999.000,9999.000,9999.000,9999.000,9999.000,9999.000,9999.000
202604221736,   1.232,   1.669,9999.000,9999.000,9999.000,9999.000,9999.000,9999.000,9999.000
202604221742,   1.134,   1.571,9999.000,9999.000,9999.000,9999.000,9999.000,9999.000,9999.000
202604221748,   1.044,   1.489,9999.000,9999.000,9999.000,9999.000,9999.000,9999.000,9999.000
202604221754,   0.963,   1.400,9999.000,9999.000,9999.000,9999.000,9999.000,9999.000,9999.000
202604221800,   0.891,   1.308,   0.700,  -0.283,   1.308,   0.600,   1.208,   0.700,   1.308
202604221806,   0.831,   1.220,9999.000,9999.000,9999.000,9999.000,9999.000,9999.000,9999.000
202604221812,   0.783,   1.151,9999.000,9999.000,9999.000,9999.000,9999.000,9999.000,9999.000
202604221818,   0.747,   1.069,9999.000,9999.000,9999.000,9999.000,9999.000,9999.000,9999.000
202604221824,   0.725,   1.000,9999.000,9999.000,9999.000,9999.000,9999.000,9999.000,9999.000
202604221830,   0.716,   0.928,9999.000,9999.000,9999.000,9999.000,9999.000,9999.000,9999.000
202604221836,   0.722,   0.869,9999.000,9999.000,9999.000,9999.000,9999.000,9999.000,9999.000
202604221842,   0.743,   0.819,9999.000,9999.000,9999.000,9999.000,9999.000,9999.000,9999.000
202604221848,   0.779,   0.800,9999.000,9999.000,9999.000,9999.000,9999.000,9999.000,9999.000
202604221854,   0.829,   0.800,9999.000,9999.000,9999.000,9999.000,9999.000,9999.000,9999.000
202604221900,   0.893,   0.829,   0.700,  -0.764,   0.829,   0.600,   0.729,   0.700,   0.829
202604221906,   0.972,   0.898,9999.000,9999.000,9999.000,9999.000,9999.000,9999.000,9999.000
202604221912,   1.065,   1.029,9999.000,9999.000,9999.000,9999.000,9999.000,9999.000,9999.000
202604221918,   1.170,   1.229,9999.000,9999.000,9999.000,9999.000,9999.000,9999.000,9999.000
202604221924,   1.287,   1.459,9999.000,9999.000,9999.000,9999.000,9999.000,9999.000,9999.000
202604221930,   1.416,   1.718,9999.000,9999.000,9999.000,9999.000,9999.000,9999.000,9999.000
202604221936,   1.555,   1.948,9999.000,9999.000,9999.000,9999.000,9999.000,9999.000,9999.000
202604221942,   1.703,   2.158,9999.000,9999.000,9999.000,9999.000,9999.000,9999.000,9999.000
202604221948,   1.859,   2.358,9999.000,9999.000,9999.000,9999.000,9999.000,9999.000,9999.000
202604221954,   2.023,   2.548,9999.000,9999.000,9999.000,9999.000,9999.000,9999.000,9999.000
202604222000,   2.192,   2.719,   0.600,  -0.073,   2.719,   0.600,   2.719,   0.700,   2.819
202604222006,   2.367,   2.889,9999.000,9999.000,9999.000,9999.000,9999.000,9999.000,9999.000
202604222012,   2.545,   3.060,9999.000,9999.000,9999.000,9999.000,9999.000,9999.000,9999.000
202604222018,   2.727,   3.217,9999.000,9999.000,9999.000,9999.000,9999.000,9999.000,9999.000
202604222024,   2.910,   3.368,9999.000,9999.000,9999.000,9999.000,9999.000,9999.000,9999.000
202604222030,   3.094,   3.529,9999.000,9999.000,9999.000,9999.000,9999.000,9999.000,9999.000
202604222036,   3.279,   3.680,9999.000,9999.000,9999.000,9999.000,9999.000,9999.000,9999.000
202604222042,   3.464,   3.847,9999.000,9999.000,9999.000,9999.000,9999.000,9999.000,9999.000
202604222048,   3.648,   4.008,9999.000,9999.000,9999.000,9999.000,9999.000,9999.000,9999.000
202604222054,   3.830,   4.198,9999.000,9999.000,9999.000,9999.000,9999.000,9999.000,9999.000
202604222100,   4.011,   4.398,   0.600,  -0.213,   4.398,   0.600,   4.398,   0.700,   4.498
202604222106,   4.189,   4.608,9999.000,9999.000,9999.000,9999.000,9999.000,9999.000,9999.000
202604222112,   4.364,   4.847,9999.000,9999.000,9999.000,9999.000,9999.000,9999.000,9999.000
202604222118,   4.536,   5.097,9999.000,9999.000,9999.000,9999.000,9999.000,9999.000,9999.000
202604222124,   4.705,   5.339,9999.000,9999.000,9999.000,9999.000,9999.000,9999.000,9999.000
202604222130,   4.871,   5.569,9999.000,9999.000,9999.000,9999.000,9999.000,9999.000,9999.000
202604222136,   5.032,   5.759,9999.000,9999.000,9999.000,9999.000,9999.000,9999.000,9999.000
202604222142,   5.189,   5.940,9999.000,9999.000,9999.000,9999.000,9999.000,9999.000,9999.000
202604222148,   5.342,   6.097,9999.000,9999.000,9999.000,9999.000,9999.000,9999.000,9999.000
202604222154,   5.490,   6.248,9999.000,9999.000,9999.000,9999.000,9999.000,9999.000,9999.000
202604222200,   5.633,   6.389,   0.600,   0.156,   6.389,   0.600,   6.389,   0.700,   6.489
202604222206,   5.770,   6.517,9999.000,9999.000,9999.000,9999.000,9999.000,9999.000,9999.000
202604222212,   5.901,   6.648,9999.000,9999.000,9999.000,9999.000,9999.000,9999.000,9999.000
202604222218,   6.026,   6.766,9999.000,9999.000,9999.000,9999.000,9999.000,9999.000,9999.000
202604222224,   6.144,   6.887,9999.000,9999.000,9999.000,9999.000,9999.000,9999.000,9999.000
202604222230,   6.256,   6.999,9999.000,9999.000,9999.000,9999.000,9999.000,9999.000,9999.000
202604222236,   6.359,   7.097,9999.000,9999.000,9999.000,9999.000,9999.000,9999.000,9999.000
202604222242,   6.454,   7.189,9999.000,9999.000,9999.000,9999.000,9999.000,9999.000,9999.000
202604222248,   6.541,   7.268,9999.000,9999.000,9999.000,9999.000,9999.000,9999.000,9999.000
202604222254,   6.619,   7.347,9999.000,9999.000,9999.000,9999.000,9999.000,9999.000,9999.000
202604222300,   6.687,   7.409,   0.600,   0.122,   7.409,   0.600,   7.409,   0.700,   7.509
202604222306,   6.746,   7.458,9999.000,9999.000,9999.000,9999.000,9999.000,9999.000,9999.000
202604222312,   6.795,   7.498,9999.000,9999.000,9999.000,9999.000,9999.000,9999.000,9999.000
202604222318,   6.834,   7.537,9999.000,9999.000,9999.000,9999.000,9999.000,9999.000,9999.000
202604222324,   6.863,   7.566,9999.000,9999.000,9999.000,9999.000,9999.000,9999.000,9999.000
202604222330,   6.881,   7.586,9999.000,9999.000,9999.000,9999.000,9999.000,9999.000,9999.000
202604222336,   6.889,   7.576,9999.000,9999.000,9999.000,9999.000,9999.000,9999.000,9999.000
202604222342,   6.887,   7.547,9999.000,9999.000,9999.000,9999.000,9999.000,9999.000,9999.000
202604222348,   6.876,   7.507,9999.000,9999.000,9999.000,9999.000,9999.000,9999.000,9999.000
202604222354,   6.854,   7.448,9999.000,9999.000,9999.000,9999.000,9999.000,9999.000,9999.000
202604230000,   6.824,   7.376,   0.500,   0.052,   7.376,   0.500,   7.376,   0.600,   7.476
202604230006,   6.784,   7.278,9999.000,9999.000,9999.000,9999.000,9999.000,9999.000,9999.000
202604230012,   6.736,   7.176,9999.000,9999.000,9999.000,9999.000,9999.000,9999.000,9999.000
202604230018,   6.680,   7.058,9999.000,9999.000,9999.000,9999.000,9999.000,9999.000,9999.000
202604230024,   6.617,   6.956,9999.000,9999.000,9999.000,9999.000,9999.000,9999.000,9999.000
202604230030,   6.547,   6.828,9999.000,9999.000,9999.000,9999.000,9999.000,9999.000,9999.000
202604230036,   6.471,   6.697,9999.000,9999.000,9999.000,9999.000,9999.000,9999.000,9999.000
202604230042,   6.389,   6.619,9999.000,9999.000,9999.000,9999.000,9999.000,9999.000,9999.000
202604230048,   6.303,   6.458,9999.000,9999.000,9999.000,9999.000,9999.000,9999.000,9999.000
202604230054,   6.211,   6.336,9999.000,9999.000,9999.000,9999.000,9999.000,9999.000,9999.000
202604230100,   6.116,   6.209,   0.500,  -0.407,   6.209,   0.500,   6.209,   0.600,   6.309
202604230106,   6.018,   6.087,9999.000,9999.000,9999.000,9999.000,9999.000,9999.000,9999.000
202604230112,   5.916,   5.940,9999.000,9999.000,9999.000,9999.000,9999.000,9999.000,9999.000
202604230118,   5.812,   5.808,9999.000,9999.000,9999.000,9999.000,9999.000,9999.000,9999.000
202604230124,   5.705,   5.677,9999.000,9999.000,9999.000,9999.000,9999.000,9999.000,9999.000
202604230130,   5.597,   5.539,9999.000,9999.000,9999.000,9999.000,9999.000,9999.000,9999.000
202604230136,   5.487,   5.398,9999.000,9999.000,9999.000,9999.000,9999.000,9999.000,9999.000
202604230142,   5.376,   5.247,9999.000,9999.000,9999.000,9999.000,9999.000,9999.000,9999.000
202604230148,   5.264,   5.097,9999.000,9999.000,9999.000,9999.000,9999.000,9999.000,9999.000
202604230154,   5.151,   4.949,9999.000,9999.000,9999.000,9999.000,9999.000,9999.000,9999.000
202604230200,   5.037,   4.808,   0.500,  -0.729,   4.808,   0.500,   4.808,   0.600,   4.908
202604230206,   4.923,   4.657,9999.000,9999.000,9999.000,9999.000,9999.000,9999.000,9999.000
202604230212,   4.808,   4.509,9999.000,9999.000,9999.000,9999.000,9999.000,9999.000,9999.000
202604230218,   4.693,   4.378,9999.000,9999.000,9999.000,9999.000,9999.000,9999.000,9999.000
202604230224,   4.578,   4.227,9999.000,9999.000,9999.000,9999.000,9999.000,9999.000,9999.000
202604230230,   4.463,   4.090,9999.000,9999.000,9999.000,9999.000,9999.000,9999.000,9999.000
202604230236,   4.349,   3.958,9999.000,9999.000,9999.000,9999.000,9999.000,9999.000,9999.000
202604230242,   4.234,   3.827,9999.000,9999.000,9999.000,9999.000,9999.000,9999.000,9999.000
202604230248,   4.120,   3.689,9999.000,9999.000,9999.000,9999.000,9999.000,9999.000,9999.000
202604230254,   4.007,   3.558,9999.000,9999.000,9999.000,9999.000,9999.000,9999.000,9999.000
202604230300,   3.895,   3.427,   0.500,  -0.968,   3.427,   0.500,   3.427,   0.600,   3.527
202604230306,   3.783,   3.289,9999.000,9999.000,9999.000,9999.000,9999.000,9999.000,9999.000
202604230312,   3.673,   3.168,9999.000,9999.000,9999.000,9999.000,9999.000,9999.000,9999.000
202604230318,   3.564,   3.040,9999.000,9999.000,9999.000,9999.000,9999.000,9999.000,9999.000
202604230324,   3.456,   2.919,9999.000,9999.000,9999.000,9999.000,9999.000,9999.000,9999.000
202604230330,   3.349,   2.797,9999.000,9999.000,9999.000,9999.000,9999.000,9999.000,9999.000
202604230336,   3.244,   2.660,9999.000,9999.000,9999.000,9999.000,9999.000,9999.000,9999.000
202604230342,   3.140,   2.548,9999.000,9999.000,9999.000,9999.000,9999.000,9999.000,9999.000
202604230348,   3.037,   2.420,9999.000,9999.000,9999.000,9999.000,9999.000,9999.000,9999.000
202604230354,   2.936,   2.318,9999.000,9999.000,9999.000,9999.000,9999.000,9999.000,9999.000
202604230400,   2.836,   2.191,   0.500,  -1.145,   2.191,   0.500,   2.191,   0.600,   2.291
202604230406,   2.737,   2.079,9999.000,9999.000,9999.000,9999.000,9999.000,9999.000,9999.000
202604230412,   2.639,   1.967,9999.000,9999.000,9999.000,9999.000,9999.000,9999.000,9999.000
202604230418,   2.542,   1.859,9999.000,9999.000,9999.000,9999.000,9999.000,9999.000,9999.000
202604230424,   2.445,   1.758,9999.000,9999.000,9999.000,9999.000,9999.000,9999.000,9999.000
202604230430,   2.350,   1.639,9999.000,9999.000,9999.000,9999.000,9999.000,9999.000,9999.000
202604230436,   2.255,   1.538,9999.000,9999.000,9999.000,9999.000,9999.000,9999.000,9999.000
202604230442,   2.161,   1.439,9999.000,9999.000,9999.000,9999.000,9999.000,9999.000,9999.000
202604230448,   2.067,   1.328,9999.000,9999.000,9999.000,9999.000,9999.000,9999.000,9999.000
202604230454,   1.974,   1.229,9999.000,9999.000,9999.000,9999.000,9999.000,9999.000,9999.000
202604230500,   1.882,   1.128,   0.500,  -1.254,   1.128,   0.500,   1.128,   0.600,   1.228
202604230506,   1.791,   1.039,9999.000,9999.000,9999.000,9999.000,9999.000,9999.000,9999.000
202604230512,   1.702,   0.941,9999.000,9999.000,9999.000,9999.000,9999.000,9999.000,9999.000
202604230518,   1.614,   0.849,9999.000,9999.000,9999.000,9999.000,9999.000,9999.000,9999.000
202604230524,   1.529,   0.751,9999.000,9999.000,9999.000,9999.000,9999.000,9999.000,9999.000
202604230530,   1.447,   0.659,9999.000,9999.000,9999.000,9999.000,9999.000,9999.000,9999.000
202604230536,   1.368,   0.580,9999.000,9999.000,9999.000,9999.000,9999.000,9999.000,9999.000
202604230542,   1.294,   0.498,9999.000,9999.000,9999.000,9999.000,9999.000,9999.000,9999.000
202604230548,   1.224,   0.409,9999.000,9999.000,9999.000,9999.000,9999.000,9999.000,9999.000
202604230554,   1.161,   0.341,9999.000,9999.000,9999.000,9999.000,9999.000,9999.000,9999.000
202604230600,   1.105,   0.268,   0.400,  -1.237,   0.268,   0.300,   0.168,   0.500,   0.368
202604230606,   1.057,   0.200,9999.000,9999.000,9999.000,9999.000,9999.000,9999.000,9999.000
202604230612,   1.017,   0.150,9999.000,9999.000,9999.000,9999.000,9999.000,9999.000,9999.000
202604230618,   0.988,   0.098,9999.000,9999.000,9999.000,9999.000,9999.000,9999.000,9999.000
202604230624,   0.969,   0.088,9999.000,9999.000,9999.000,9999.000,9999.000,9999.000,9999.000
202604230630,   0.961,   0.098,9999.000,9999.000,9999.000,9999.000,9999.000,9999.000,9999.000
202604230636,   0.966,   0.170,9999.000,9999.000,9999.000,9999.000,9999.000,9999.000,9999.000
202604230642,   0.983,   0.288,9999.000,9999.000,9999.000,9999.000,9999.000,9999.000,9999.000
202604230648,   1.014,   0.498,9999.000,9999.000,9999.000,9999.000,9999.000,9999.000,9999.000
202604230654,   1.059,   0.760,9999.000,9999.000,9999.000,9999.000,9999.000,9999.000,9999.000
202604230700,   1.117,   1.039,   0.400,  -0.478,   1.039,   0.300,   0.939,   0.400,   1.039
202604230706,   1.190,   1.289,9999.000,9999.000,9999.000,9999.000,9999.000,9999.000,9999.000
202604230712,   1.277,   1.518,9999.000,9999.000,9999.000,9999.000,9999.000,9999.000,9999.000
202604230718,   1.378,   1.738,9999.000,9999.000,9999.000,9999.000,9999.000,9999.000,9999.000
202604230724,   1.493,   1.918,9999.000,9999.000,9999.000,9999.000,9999.000,9999.000,9999.000
202604230730,   1.620,   2.099,9999.000,9999.000,9999.000,9999.000,9999.000,9999.000,9999.000
202604230736,   1.759,   2.289,9999.000,9999.000,9999.000,9999.000,9999.000,9999.000,9999.000
202604230742,   1.910,   2.459,9999.000,9999.000,9999.000,9999.000,9999.000,9999.000,9999.000
202604230748,   2.072,   2.630,9999.000,9999.000,9999.000,9999.000,9999.000,9999.000,9999.000
202604230754,   2.243,   2.797,9999.000,9999.000,9999.000,9999.000,9999.000,9999.000,9999.000
202604230800,   2.423,   2.968,   0.400,   0.145,   2.968,   0.400,   2.968,   0.500,   3.068
202604230806,   2.610,   3.148,9999.000,9999.000,9999.000,9999.000,9999.000,9999.000,9999.000
202604230812,   2.803,   3.329,9999.000,9999.000,9999.000,9999.000,9999.000,9999.000,9999.000
202604230818,   3.002,   3.529,9999.000,9999.000,9999.000,9999.000,9999.000,9999.000,9999.000
202604230824,   3.204,   3.729,9999.000,9999.000,9999.000,9999.000,9999.000,9999.000,9999.000
202604230830,   3.409,   3.949,9999.000,9999.000,9999.000,9999.000,9999.000,9999.000,9999.000
202604230836,   3.615,   4.188,9999.000,9999.000,9999.000,9999.000,9999.000,9999.000,9999.000
202604230842,   3.822,   4.447,9999.000,9999.000,9999.000,9999.000,9999.000,9999.000,9999.000
202604230848,   4.028,   4.719,9999.000,9999.000,9999.000,9999.000,9999.000,9999.000,9999.000
202604230854,   4.234,   4.988,9999.000,9999.000,9999.000,9999.000,9999.000,9999.000,9999.000
202604230900,   4.437,   5.247,   0.400,   0.410,   5.247,   0.400,   5.247,   0.500,   5.347
202604230906,   4.637,   5.477,9999.000,9999.000,9999.000,9999.000,9999.000,9999.000,9999.000
202604230912,   4.834,   5.677,9999.000,9999.000,9999.000,9999.000,9999.000,9999.000,9999.000
202604230918,   5.027,   5.877,9999.000,9999.000,9999.000,9999.000,9999.000,9999.000,9999.000
202604230924,   5.215,   6.058,9999.000,9999.000,9999.000,9999.000,9999.000,9999.000,9999.000
202604230930,   5.399,   6.238,9999.000,9999.000,9999.000,9999.000,9999.000,9999.000,9999.000
202604230936,   5.577,   6.409,9999.000,9999.000,9999.000,9999.000,9999.000,9999.000,9999.000
202604230942,   5.750,   6.569,9999.000,9999.000,9999.000,9999.000,9999.000,9999.000,9999.000
202604230948,   5.917,   6.727,9999.000,9999.000,9999.000,9999.000,9999.000,9999.000,9999.000
202604230954,   6.079,   6.887,9999.000,9999.000,9999.000,9999.000,9999.000,9999.000,9999.000
202604231000,   6.234,   7.029,   0.400,   0.395,   7.029,   0.400,   7.029,   0.500,   7.129
202604231006,   6.383,   7.176,9999.000,9999.000,9999.000,9999.000,9999.000,9999.000,9999.000
202604231012,   6.526,   7.327,9999.000,9999.000,9999.000,9999.000,9999.000,9999.000,9999.000
202604231018,   6.663,   7.458,9999.000,9999.000,9999.000,9999.000,9999.000,9999.000,9999.000
202604231024,   6.792,   7.576,9999.000,9999.000,9999.000,9999.000,9999.000,9999.000,9999.000
202604231030,   6.915,   7.698,9999.000,9999.000,9999.000,9999.000,9999.000,9999.000,9999.000
202604231036,   7.030,   7.806,9999.000,9999.000,9999.000,9999.000,9999.000,9999.000,9999.000
202604231042,   7.138,   7.927,9999.000,9999.000,9999.000,9999.000,9999.000,9999.000,9999.000
202604231048,   7.238,   8.029,9999.000,9999.000,9999.000,9999.000,9999.000,9999.000,9999.000
202604231054,   7.330,   8.137,9999.000,9999.000,9999.000,9999.000,9999.000,9999.000,9999.000
202604231100,   7.413,   8.229,   0.400,   0.416,   8.229,   0.400,   8.229,   0.500,   8.329
202604231106,   7.488,   8.308,9999.000,9999.000,9999.000,9999.000,9999.000,9999.000,9999.000
202604231112,   7.554,   8.386,9999.000,9999.000,9999.000,9999.000,9999.000,9999.000,9999.000
202604231118,   7.611,   8.459,9999.000,9999.000,9999.000,9999.000,9999.000,9999.000,9999.000
202604231124,   7.659,   8.518,9999.000,9999.000,9999.000,9999.000,9999.000,9999.000,9999.000
202604231130,   7.697,   8.567,9999.000,9999.000,9999.000,9999.000,9999.000,9999.000,9999.000
202604231136,   7.725,   8.616,9999.000,9999.000,9999.000,9999.000,9999.000,9999.000,9999.000
202604231142,   7.743,   8.659,9999.000,9999.000,9999.000,9999.000,9999.000,9999.000,9999.000
202604231148,   7.752,   8.688,9999.000,9999.000,9999.000,9999.000,9999.000,9999.000,9999.000
202604231154,   7.751,   8.708,9999.000,9999.000,9999.000,9999.000,9999.000,9999.000,9999.000
202604231200,   7.741,   8.718,   0.300,   0.677,   8.718,   0.300,   8.718,   0.400,   8.818
202604231206,   7.721,   8.708,9999.000,9999.000,9999.000,9999.000,9999.000,9999.000,9999.000
202604231212,   7.693,   8.698,9999.000,9999.000,9999.000,9999.000,9999.000,9999.000,9999.000
202604231218,   7.656,   8.669,9999.000,9999.000,9999.000,9999.000,9999.000,9999.000,9999.000
202604231224,   7.610,   8.626,9999.000,9999.000,9999.000,9999.000,9999.000,9999.000,9999.000
202604231230,   7.557,   8.577,9999.000,9999.000,9999.000,9999.000,9999.000,9999.000,9999.000
202604231236,   7.497,   8.508,9999.000,9999.000,9999.000,9999.000,9999.000,9999.000,9999.000
202604231242,   7.431,   8.416,9999.000,9999.000,9999.000,9999.000,9999.000,9999.000,9999.000
202604231248,   7.358,   8.308,9999.000,9999.000,9999.000,9999.000,9999.000,9999.000,9999.000
202604231254,   7.281,   8.196,9999.000,9999.000,9999.000,9999.000,9999.000,9999.000,9999.000
202604231300,   7.198,   8.068,   0.300,   0.570,   8.068,   0.300,   8.068,   0.400,   8.168
202604231306,   7.111,   7.947,9999.000,9999.000,9999.000,9999.000,9999.000,9999.000,9999.000
202604231312,   7.021,   7.819,9999.000,9999.000,9999.000,9999.000,9999.000,9999.000,9999.000
202604231318,   6.928,   7.688,9999.000,9999.000,9999.000,9999.000,9999.000,9999.000,9999.000
202604231324,   6.833,   7.547,9999.000,9999.000,9999.000,9999.000,9999.000,9999.000,9999.000
202604231330,   6.735,   7.429,9999.000,9999.000,9999.000,9999.000,9999.000,9999.000,9999.000
202604231336,   6.636,   7.288,9999.000,9999.000,9999.000,9999.000,9999.000,9999.000,9999.000
202604231342,   6.536,   7.156,9999.000,9999.000,9999.000,9999.000,9999.000,9999.000,9999.000
202604231348,   6.435,   7.019,9999.000,9999.000,9999.000,9999.000,9999.000,9999.000,9999.000
202604231354,   6.333,   6.878,9999.000,9999.000,9999.000,9999.000,9999.000,9999.000,9999.000
202604231400,   6.231,   6.727,   0.400,   0.096,   6.727,   0.300,   6.627,   0.400,   6.727
202604231406,   6.129,   6.589,9999.000,9999.000,9999.000,9999.000,9999.000,9999.000,9999.000
202604231412,   6.026,   6.438,9999.000,9999.000,9999.000,9999.000,9999.000,9999.000,9999.000
202604231418,   5.924,   6.297,9999.000,9999.000,9999.000,9999.000,9999.000,9999.000,9999.000
202604231424,   5.822,   6.149,9999.000,9999.000,9999.000,9999.000,9999.000,9999.000,9999.000
202604231430,   5.720,   6.008,9999.000,9999.000,9999.000,9999.000,9999.000,9999.000,9999.000
202604231436,   5.618,   5.877,9999.000,9999.000,9999.000,9999.000,9999.000,9999.000,9999.000
202604231442,   5.517,   5.730,9999.000,9999.000,9999.000,9999.000,9999.000,9999.000,9999.000
202604231448,   5.415,   5.579,9999.000,9999.000,9999.000,9999.000,9999.000,9999.000,9999.000
202604231454,   5.314,   5.428,9999.000,9999.000,9999.000,9999.000,9999.000,9999.000,9999.000
202604231500,   5.213,   5.287,   0.400,  -0.326,   5.287,   0.400,   5.287,   0.400,   5.287
202604231506,   5.112,   5.149,9999.000,9999.000,9999.000,9999.000,9999.000,9999.000,9999.000
202604231512,   5.011,   5.008,9999.000,9999.000,9999.000,9999.000,9999.000,9999.000,9999.000
202604231518,   4.911,   4.867,9999.000,9999.000,9999.000,9999.000,9999.000,9999.000,9999.000
202604231524,   4.810,   4.729,9999.000,9999.000,9999.000,9999.000,9999.000,9999.000,9999.000
202604231530,   4.710,   4.588,9999.000,9999.000,9999.000,9999.000,9999.000,9999.000,9999.000
202604231536,   4.610,   4.457,9999.000,9999.000,9999.000,9999.000,9999.000,9999.000,9999.000
202604231542,   4.509,   4.319,9999.000,9999.000,9999.000,9999.000,9999.000,9999.000,9999.000
202604231548,   4.409,   4.188,9999.000,9999.000,9999.000,9999.000,9999.000,9999.000,9999.000
202604231554,   4.308,   4.057,9999.000,9999.000,9999.000,9999.000,9999.000,9999.000,9999.000
202604231600,   4.208,   3.929,   0.400,  -0.679,   3.929,   0.400,   3.929,   0.400,   3.929
202604231606,   4.107,   3.798,9999.000,9999.000,9999.000,9999.000,9999.000,9999.000,9999.000
202604231612,   4.005,   3.680,9999.000,9999.000,9999.000,9999.000,9999.000,9999.000,9999.000
202604231618,   3.903,   3.558,9999.000,9999.000,9999.000,9999.000,9999.000,9999.000,9999.000
202604231624,   3.799,   3.440,9999.000,9999.000,9999.000,9999.000,9999.000,9999.000,9999.000
202604231630,   3.695,   3.319,9999.000,9999.000,9999.000,9999.000,9999.000,9999.000,9999.000
202604231636,   3.589,   3.197,9999.000,9999.000,9999.000,9999.000,9999.000,9999.000,9999.000
202604231642,   3.482,   3.089,9999.000,9999.000,9999.000,9999.000,9999.000,9999.000,9999.000
202604231648,   3.373,   2.978,9999.000,9999.000,9999.000,9999.000,9999.000,9999.000,9999.000
202604231654,   3.262,   2.860,9999.000,9999.000,9999.000,9999.000,9999.000,9999.000,9999.000
202604231700,   3.149,   2.738,   0.400,  -0.811,   2.738,   0.400,   2.738,   0.400,   2.738
202604231706,   3.034,   2.630,9999.000,9999.000,9999.000,9999.000,9999.000,9999.000,9999.000
202604231712,   2.917,   2.519,9999.000,9999.000,9999.000,9999.000,9999.000,9999.000,9999.000
202604231718,   2.797,   2.400,9999.000,9999.000,9999.000,9999.000,9999.000,9999.000,9999.000
202604231724,   2.676,   2.299,9999.000,9999.000,9999.000,9999.000,9999.000,9999.000,9999.000
202604231730,   2.552,   2.191,9999.000,9999.000,9999.000,9999.000,9999.000,9999.000,9999.000
202604231736,   2.428,   2.079,9999.000,9999.000,9999.000,9999.000,9999.000,9999.000,9999.000
202604231742,   2.302,   1.990,9999.000,9999.000,9999.000,9999.000,9999.000,9999.000,9999.000
202604231748,   2.175,   1.869,9999.000,9999.000,9999.000,9999.000,9999.000,9999.000,9999.000
202604231754,   2.048,   1.767,9999.000,9999.000,9999.000,9999.000,9999.000,9999.000,9999.000
202604231800,   1.922,   1.659,   0.400,  -0.663,   1.659,   0.400,   1.659,   0.500,   1.759
202604231806,   1.797,   1.548,9999.000,9999.000,9999.000,9999.000,9999.000,9999.000,9999.000
202604231812,   1.675,   1.439,9999.000,9999.000,9999.000,9999.000,9999.000,9999.000,9999.000
202604231818,   1.556,   1.338,9999.000,9999.000,9999.000,9999.000,9999.000,9999.000,9999.000
202604231824,   1.442,   1.249,9999.000,9999.000,9999.000,9999.000,9999.000,9999.000,9999.000
202604231830,   1.333,   1.151,9999.000,9999.000,9999.000,9999.000,9999.000,9999.000,9999.000
202604231836,   1.231,   1.059,9999.000,9999.000,9999.000,9999.000,9999.000,9999.000,9999.000
202604231842,   1.136,   0.970,9999.000,9999.000,9999.000,9999.000,9999.000,9999.000,9999.000
202604231848,   1.050,   0.888,9999.000,9999.000,9999.000,9999.000,9999.000,9999.000,9999.000
202604231854,   0.974,   0.819,9999.000,9999.000,9999.000,9999.000,9999.000,9999.000,9999.000
202604231900,   0.908,   0.741,   0.500,  -0.667,   0.741,   0.400,   0.641,   0.500,   0.741
202604231906,   0.854,   0.678,9999.000,9999.000,9999.000,9999.000,9999.000,9999.000,9999.000
202604231912,   0.813,   0.600,9999.000,9999.000,9999.000,9999.000,9999.000,9999.000,9999.000
202604231918,   0.784,   0.541,9999.000,9999.000,9999.000,9999.000,9999.000,9999.000,9999.000
202604231924,   0.769,   0.498,9999.000,9999.000,9999.000,9999.000,9999.000,9999.000,9999.000
202604231930,   0.768,   0.469,9999.000,9999.000,9999.000,9999.000,9999.000,9999.000,9999.000
202604231936,   0.781,   0.449,9999.000,9999.000,9999.000,9999.000,9999.000,9999.000,9999.000
202604231942,   0.808,   0.478,9999.000,9999.000,9999.000,9999.000,9999.000,9999.000,9999.000
202604231948,   0.849,   0.531,9999.000,9999.000,9999.000,9999.000,9999.000,9999.000,9999.000
202604231954,   0.904,   0.629,9999.000,9999.000,9999.000,9999.000,9999.000,9999.000,9999.000
202604232000,   0.973,   0.819,   0.500,  -0.654,   0.819,   0.500,   0.819,   0.500,   0.819
202604232006,   1.054,   1.029,9999.000,9999.000,9999.000,9999.000,9999.000,9999.000,9999.000
202604232012,   1.148,   1.249,9999.000,9999.000,9999.000,9999.000,9999.000,9999.000,9999.000
202604232018,   1.254,   1.498,9999.000,9999.000,9999.000,9999.000,9999.000,9999.000,9999.000
202604232024,   1.370,   1.728,9999.000,9999.000,9999.000,9999.000,9999.000,9999.000,9999.000
202604232030,   1.496,   1.938,9999.000,9999.000,9999.000,9999.000,9999.000,9999.000,9999.000
202604232036,   1.630,   2.128,9999.000,9999.000,9999.000,9999.000,9999.000,9999.000,9999.000
202604232042,   1.773,   2.318,9999.000,9999.000,9999.000,9999.000,9999.000,9999.000,9999.000
202604232048,   1.923,   2.499,9999.000,9999.000,9999.000,9999.000,9999.000,9999.000,9999.000
202604232054,   2.078,   2.679,9999.000,9999.000,9999.000,9999.000,9999.000,9999.000,9999.000
202604232100,   2.239,   2.850,   0.500,   0.111,   2.850,   0.500,   2.850,   0.500,   2.850
202604232106,   2.403,   3.007,9999.000,9999.000,9999.000,9999.000,9999.000,9999.000,9999.000
202604232112,   2.571,   3.168,9999.000,9999.000,9999.000,9999.000,9999.000,9999.000,9999.000
202604232118,   2.741,   3.329,9999.000,9999.000,9999.000,9999.000,9999.000,9999.000,9999.000
202604232124,   2.913,   3.480,9999.000,9999.000,9999.000,9999.000,9999.000,9999.000,9999.000
202604232130,   3.087,   3.660,9999.000,9999.000,9999.000,9999.000,9999.000,9999.000,9999.000
202604232136,   3.260,   3.847,9999.000,9999.000,9999.000,9999.000,9999.000,9999.000,9999.000
202604232142,   3.434,   4.047,9999.000,9999.000,9999.000,9999.000,9999.000,9999.000,9999.000
202604232148,   3.607,   4.257,9999.000,9999.000,9999.000,9999.000,9999.000,9999.000,9999.000
202604232154,   3.779,   4.490,9999.000,9999.000,9999.000,9999.000,9999.000,9999.000,9999.000
202604232200,   3.950,   4.729,   0.500,   0.279,   4.729,   0.500,   4.729,   0.500,   4.729
202604232206,   4.119,   4.988,9999.000,9999.000,9999.000,9999.000,9999.000,9999.000,9999.000
202604232212,   4.287,   5.228,9999.000,9999.000,9999.000,9999.000,9999.000,9999.000,9999.000
202604232218,   4.453,   5.438,9999.000,9999.000,9999.000,9999.000,9999.000,9999.000,9999.000
202604232224,   4.616,   5.638,9999.000,9999.000,9999.000,9999.000,9999.000,9999.000,9999.000
202604232230,   4.776,   5.818,9999.000,9999.000,9999.000,9999.000,9999.000,9999.000,9999.000
202604232236,   4.934,   5.979,9999.000,9999.000,9999.000,9999.000,9999.000,9999.000,9999.000
202604232242,   5.088,   6.136,9999.000,9999.000,9999.000,9999.000,9999.000,9999.000,9999.000
202604232248,   5.239,   6.277,9999.000,9999.000,9999.000,9999.000,9999.000,9999.000,9999.000
202604232254,   5.386,   6.418,9999.000,9999.000,9999.000,9999.000,9999.000,9999.000,9999.000
202604232300,   5.528,   6.556,   0.500,   0.528,   6.556,   0.500,   6.556,   0.500,   6.556
202604232306,   5.666,   6.687,9999.000,9999.000,9999.000,9999.000,9999.000,9999.000,9999.000
202604232312,   5.798,   6.809,9999.000,9999.000,9999.000,9999.000,9999.000,9999.000,9999.000
202604232318,   5.924,   6.927,9999.000,9999.000,9999.000,9999.000,9999.000,9999.000,9999.000
202604232324,   6.044,   7.048,9999.000,9999.000,9999.000,9999.000,9999.000,9999.000,9999.000
202604232330,   6.157,   7.156,9999.000,9999.000,9999.000,9999.000,9999.000,9999.000,9999.000
202604232336,   6.263,   7.258,9999.000,9999.000,9999.000,9999.000,9999.000,9999.000,9999.000
202604232342,   6.361,   7.357,9999.000,9999.000,9999.000,9999.000,9999.000,9999.000,9999.000
202604232348,   6.451,   7.448,9999.000,9999.000,9999.000,9999.000,9999.000,9999.000,9999.000
202604232354,   6.532,   7.527,9999.000,9999.000,9999.000,9999.000,9999.000,9999.000,9999.000
202604240000,   6.604,   7.609,   0.400,   0.605,   7.609,   0.400,   7.609,   0.400,   7.609
202604240006,   6.666,   7.668,9999.000,9999.000,9999.000,9999.000,9999.000,9999.000,9999.000
202604240012,   6.719,   7.727,9999.000,9999.000,9999.000,9999.000,9999.000,9999.000,9999.000
202604240018,   6.762,   7.776,9999.000,9999.000,9999.000,9999.000,9999.000,9999.000,9999.000
202604240024,   6.795,   7.806,9999.000,9999.000,9999.000,9999.000,9999.000,9999.000,9999.000
202604240030,   6.818,   7.849,9999.000,9999.000,9999.000,9999.000,9999.000,9999.000,9999.000
202604240036,   6.831,   7.868,9999.000,9999.000,9999.000,9999.000,9999.000,9999.000,9999.000
202604240042,   6.835,   7.868,9999.000,9999.000,9999.000,9999.000,9999.000,9999.000,9999.000
202604240048,   6.830,   7.878,9999.000,9999.000,9999.000,9999.000,9999.000,9999.000,9999.000
202604240054,   6.815,   7.849,9999.000,9999.000,9999.000,9999.000,9999.000,9999.000,9999.000
202604240100,   6.791,   7.819,   0.400,   0.628,   7.819,   0.400,   7.819,   0.500,   7.919
202604240106,   6.759,   7.737,9999.000,9999.000,9999.000,9999.000,9999.000,9999.000,9999.000
202604240112,   6.719,   7.629,9999.000,9999.000,9999.000,9999.000,9999.000,9999.000,9999.000
202604240118,   6.672,   7.596,9999.000,9999.000,9999.000,9999.000,9999.000,9999.000,9999.000
202604240124,   6.618,   7.498,9999.000,9999.000,9999.000,9999.000,9999.000,9999.000,9999.000
202604240130,   6.557,   7.458,9999.000,9999.000,9999.000,9999.000,9999.000,9999.000,9999.000
202604240136,   6.491,   7.337,9999.000,9999.000,9999.000,9999.000,9999.000,9999.000,9999.000
202604240142,   6.419,   7.199,9999.000,9999.000,9999.000,9999.000,9999.000,9999.000,9999.000
202604240148,   6.342,   7.127,9999.000,9999.000,9999.000,9999.000,9999.000,9999.000,9999.000
202604240154,   6.260,   7.019,9999.000,9999.000,9999.000,9999.000,9999.000,9999.000,9999.000
202604240200,   6.175,   6.878,   0.500,   0.203,   6.878,   0.400,   6.778,   0.500,   6.878
202604240206,   6.086,   6.737,9999.000,9999.000,9999.000,9999.000,9999.000,9999.000,9999.000
202604240212,   5.994,   6.628,9999.000,9999.000,9999.000,9999.000,9999.000,9999.000,9999.000
202604240218,   5.898,   6.507,9999.000,9999.000,9999.000,9999.000,9999.000,9999.000,9999.000
202604240224,   5.800,   6.379,9999.000,9999.000,9999.000,9999.000,9999.000,9999.000,9999.000
202604240230,   5.700,   6.248,9999.000,9999.000,9999.000,9999.000,9999.000,9999.000,9999.000
202604240236,   5.597,   6.107,9999.000,9999.000,9999.000,9999.000,9999.000,9999.000,9999.000
202604240242,   5.493,   5.989,9999.000,9999.000,9999.000,9999.000,9999.000,9999.000,9999.000
202604240248,   5.387,   5.858,9999.000,9999.000,9999.000,9999.000,9999.000,9999.000,9999.000
202604240254,   5.279,   5.707,9999.000,9999.000,9999.000,9999.000,9999.000,9999.000,9999.000
202604240300,   5.170,   5.569,   0.500,  -0.101,   5.569,   0.400,   5.469,   0.500,   5.569
202604240306,   5.059,   5.428,9999.000,9999.000,9999.000,9999.000,9999.000,9999.000,9999.000
202604240312,   4.948,   5.277,9999.000,9999.000,9999.000,9999.000,9999.000,9999.000,9999.000
202604240318,   4.836,   5.139,9999.000,9999.000,9999.000,9999.000,9999.000,9999.000,9999.000
202604240324,   4.723,   4.998,9999.000,9999.000,9999.000,9999.000,9999.000,9999.000,9999.000
202604240330,   4.610,   4.847,9999.000,9999.000,9999.000,9999.000,9999.000,9999.000,9999.000
202604240336,   4.496,   4.710,9999.000,9999.000,9999.000,9999.000,9999.000,9999.000,9999.000
202604240342,   4.383,   4.569,9999.000,9999.000,9999.000,9999.000,9999.000,9999.000,9999.000
202604240348,   4.269,   4.437,9999.000,9999.000,9999.000,9999.000,9999.000,9999.000,9999.000
202604240354,   4.156,   4.309,9999.000,9999.000,9999.000,9999.000,9999.000,9999.000,9999.000
202604240400,   4.043,   4.168,   0.500,  -0.375,   4.168,   0.500,   4.168,   0.500,   4.168
202604240406,   3.931,   4.027,9999.000,9999.000,9999.000,9999.000,9999.000,9999.000,9999.000
202604240412,   3.820,   3.899,9999.000,9999.000,9999.000,9999.000,9999.000,9999.000,9999.000
202604240418,   3.710,   3.768,9999.000,9999.000,9999.000,9999.000,9999.000,9999.000,9999.000
202604240424,   3.600,   3.650,9999.000,9999.000,9999.000,9999.000,9999.000,9999.000,9999.000
202604240430,   3.492,   3.519,9999.000,9999.000,9999.000,9999.000,9999.000,9999.000,9999.000
202604240436,   3.385,   3.388,9999.000,9999.000,9999.000,9999.000,9999.000,9999.000,9999.000
202604240442,   3.279,   3.260,9999.000,9999.000,9999.000,9999.000,9999.000,9999.000,9999.000
202604240448,   3.173,   3.148,9999.000,9999.000,9999.000,9999.000,9999.000,9999.000,9999.000
202604240454,   3.069,   3.017,9999.000,9999.000,9999.000,9999.000,9999.000,9999.000,9999.000
202604240500,   2.965,   2.909,   0.500,  -0.556,   2.909,   0.500,   2.909,   0.500,   2.909
202604240506,   2.863,   2.787,9999.000,9999.000,9999.000,9999.000,9999.000,9999.000,9999.000
202604240512,   2.761,   2.669,9999.000,9999.000,9999.000,9999.000,9999.000,9999.000,9999.000
202604240518,   2.659,   2.568,9999.000,9999.000,9999.000,9999.000,9999.000,9999.000,9999.000
202604240524,   2.558,   2.440,9999.000,9999.000,9999.000,9999.000,9999.000,9999.000,9999.000
202604240530,   2.457,   2.338,9999.000,9999.000,9999.000,9999.000,9999.000,9999.000,9999.000
202604240536,   2.356,   2.220,9999.000,9999.000,9999.000,9999.000,9999.000,9999.000,9999.000
202604240542,   2.255,   2.109,9999.000,9999.000,9999.000,9999.000,9999.000,9999.000,9999.000
202604240548,   2.155,   2.010,9999.000,9999.000,9999.000,9999.000,9999.000,9999.000,9999.000
202604240554,   2.056,   1.899,9999.000,9999.000,9999.000,9999.000,9999.000,9999.000,9999.000
202604240600,   1.957,   1.800,   0.500,  -0.657,   1.800,   0.400,   1.700,   0.500,   1.800
202604240606,   1.860,   1.689,9999.000,9999.000,9999.000,9999.000,9999.000,9999.000,9999.000
202604240612,   1.764,   1.590,9999.000,9999.000,9999.000,9999.000,9999.000,9999.000,9999.000
202604240618,   1.670,   1.498,9999.000,9999.000,9999.000,9999.000,9999.000,9999.000,9999.000
202604240624,   1.578,   1.390,9999.000,9999.000,9999.000,9999.000,9999.000,9999.000,9999.000
202604240630,   1.490,   1.298,9999.000,9999.000,9999.000,9999.000,9999.000,9999.000,9999.000
202604240636,   1.406,   1.200,9999.000,9999.000,9999.000,9999.000,9999.000,9999.000,9999.000
202604240642,   1.327,   1.108,9999.000,9999.000,9999.000,9999.000,9999.000,9999.000,9999.000
202604240648,   1.253,   1.010,9999.000,9999.000,9999.000,9999.000,9999.000,9999.000,9999.000
202604240654,   1.187,   0.928,9999.000,9999.000,9999.000,9999.000,9999.000,9999.000,9999.000
202604240700,   1.128,   0.839,   0.500,  -0.789,   0.839,   0.500,   0.839,   0.500,   0.839
202604240706,   1.077,   0.760,9999.000,9999.000,9999.000,9999.000,9999.000,9999.000,9999.000
202604240712,   1.036,   0.688,9999.000,9999.000,9999.000,9999.000,9999.000,9999.000,9999.000
202604240718,   1.005,   0.619,9999.000,9999.000,9999.000,9999.000,9999.000,9999.000,9999.000
202604240724,   0.986,   0.560,9999.000,9999.000,9999.000,9999.000,9999.000,9999.000,9999.000
202604240730,   0.978,   0.518,9999.000,9999.000,9999.000,9999.000,9999.000,9999.000,9999.000
202604240736,   0.982,   0.498,9999.000,9999.000,9999.000,9999.000,9999.000,9999.000,9999.000
202604240742,   1.000,   0.498,9999.000,9999.000,9999.000,9999.000,9999.000,9999.000,9999.000
202604240748,   1.031,   0.541,9999.000,9999.000,9999.000,9999.000,9999.000,9999.000,9999.000
202604240754,   1.075,   0.649,9999.000,9999.000,9999.000,9999.000,9999.000,9999.000,9999.000
202604240800,   1.133,   0.819,   0.500,  -0.814,   0.819,   0.500,   0.819,   0.500,   0.819
202604240806,   1.205,   1.049,9999.000,9999.000,9999.000,9999.000,9999.000,9999.000,9999.000
202604240812,   1.290,   1.298,9999.000,9999.000,9999.000,9999.000,9999.000,9999.000,9999.000
202604240818,   1.388,   1.548,9999.000,9999.000,9999.000,9999.000,9999.000,9999.000,9999.000
202604240824,   1.498,   1.781,9999.000,9999.000,9999.000,9999.000,9999.000,9999.000,9999.000
202604240830,   1.620,   1.981,9999.000,9999.000,9999.000,9999.000,9999.000,9999.000,9999.000
202604240836,   1.753,   2.168,9999.000,9999.000,9999.000,9999.000,9999.000,9999.000,9999.000
202604240842,   1.897,   2.358,9999.000,9999.000,9999.000,9999.000,9999.000,9999.000,9999.000
202604240848,   2.049,   2.538,9999.000,9999.000,9999.000,9999.000,9999.000,9999.000,9999.000
202604240854,   2.210,   2.699,9999.000,9999.000,9999.000,9999.000,9999.000,9999.000,9999.000
202604240900,   2.378,   2.869,   0.500,  -0.009,   2.869,   0.500,   2.869,   0.500,   2.869
202604240906,   2.551,   3.017,9999.000,9999.000,9999.000,9999.000,9999.000,9999.000,9999.000
202604240912,   2.730,   3.178,9999.000,9999.000,9999.000,9999.000,9999.000,9999.000,9999.000
202604240918,   2.913,   3.339,9999.000,9999.000,9999.000,9999.000,9999.000,9999.000,9999.000
202604240924,   3.099,   3.509,9999.000,9999.000,9999.000,9999.000,9999.000,9999.000,9999.000
202604240930,   3.287,   3.680,9999.000,9999.000,9999.000,9999.000,9999.000,9999.000,9999.000
202604240936,   3.475,   3.870,9999.000,9999.000,9999.000,9999.000,9999.000,9999.000,9999.000
202604240942,   3.664,   4.070,9999.000,9999.000,9999.000,9999.000,9999.000,9999.000,9999.000
202604240948,   3.853,   4.290,9999.000,9999.000,9999.000,9999.000,9999.000,9999.000,9999.000
202604240954,   4.040,   4.529,9999.000,9999.000,9999.000,9999.000,9999.000,9999.000,9999.000
202604241000,   4.225,   4.788,   0.500,   0.063,   4.788,   0.500,   4.788,   0.500,   4.788
202604241006,   4.409,   5.057,9999.000,9999.000,9999.000,9999.000,9999.000,9999.000,9999.000
202604241012,   4.589,   5.307,9999.000,9999.000,9999.000,9999.000,9999.000,9999.000,9999.000
202604241018,   4.766,   5.539,9999.000,9999.000,9999.000,9999.000,9999.000,9999.000,9999.000
202604241024,   4.940,   5.749,9999.000,9999.000,9999.000,9999.000,9999.000,9999.000,9999.000
202604241030,   5.110,   5.926,9999.000,9999.000,9999.000,9999.000,9999.000,9999.000,9999.000
202604241036,   5.276,   6.107,9999.000,9999.000,9999.000,9999.000,9999.000,9999.000,9999.000
202604241042,   5.438,   6.268,9999.000,9999.000,9999.000,9999.000,9999.000,9999.000,9999.000
202604241048,   5.596,   6.428,9999.000,9999.000,9999.000,9999.000,9999.000,9999.000,9999.000
202604241054,   5.749,   6.579,9999.000,9999.000,9999.000,9999.000,9999.000,9999.000,9999.000
202604241100,   5.898,   6.737,   0.500,   0.339,   6.737,   0.500,   6.737,   0.500,   6.737
202604241106,   6.042,   6.887,9999.000,9999.000,9999.000,9999.000,9999.000,9999.000,9999.000
202604241112,   6.181,   7.029,9999.000,9999.000,9999.000,9999.000,9999.000,9999.000,9999.000
202604241118,   6.314,   7.166,9999.000,9999.000,9999.000,9999.000,9999.000,9999.000,9999.000
202604241124,   6.442,   7.297,9999.000,9999.000,9999.000,9999.000,9999.000,9999.000,9999.000
202604241130,   6.565,   7.419,9999.000,9999.000,9999.000,9999.000,9999.000,9999.000,9999.000
202604241136,   6.681,   7.537,9999.000,9999.000,9999.000,9999.000,9999.000,9999.000,9999.000
202604241142,   6.790,   7.648,9999.000,9999.000,9999.000,9999.000,9999.000,9999.000,9999.000
202604241148,   6.893,   7.747,9999.000,9999.000,9999.000,9999.000,9999.000,9999.000,9999.000
202604241154,   6.988,   7.849,9999.000,9999.000,9999.000,9999.000,9999.000,9999.000,9999.000
202604241200,   7.075,   7.947,   0.500,   0.372,   7.947,   0.500,   7.947,   0.500,   7.947
202604241206,   7.155,   8.029,9999.000,9999.000,9999.000,9999.000,9999.000,9999.000,9999.000
202604241212,   7.227,   8.108,9999.000,9999.000,9999.000,9999.000,9999.000,9999.000,9999.000
202604241218,   7.290,   8.196,9999.000,9999.000,9999.000,9999.000,9999.000,9999.000,9999.000
202604241224,   7.344,   8.259,9999.000,9999.000,9999.000,9999.000,9999.000,9999.000,9999.000
202604241230,   7.389,   8.308,9999.000,9999.000,9999.000,9999.000,9999.000,9999.000,9999.000
202604241236,   7.425,   8.347,9999.000,9999.000,9999.000,9999.000,9999.000,9999.000,9999.000
202604241242,   7.452,   8.377,9999.000,9999.000,9999.000,9999.000,9999.000,9999.000,9999.000
202604241248,   7.470,   8.416,9999.000,9999.000,9999.000,9999.000,9999.000,9999.000,9999.000
202604241254,   7.478,   8.426,9999.000,9999.000,9999.000,9999.000,9999.000,9999.000,9999.000
202604241300,   7.478,   8.439,   0.500,   0.461,   8.439,   0.400,   8.339,   0.500,   8.439
202604241306,   7.469,   8.439,9999.000,9999.000,9999.000,9999.000,9999.000,9999.000,9999.000
202604241312,   7.452,   8.406,9999.000,9999.000,9999.000,9999.000,9999.000,9999.000,9999.000
202604241318,   7.427,   8.377,9999.000,9999.000,9999.000,9999.000,9999.000,9999.000,9999.000
202604241324,   7.394,   8.327,9999.000,9999.000,9999.000,9999.000,9999.000,9999.000,9999.000
202604241330,   7.355,   8.278,9999.000,9999.000,9999.000,9999.000,9999.000,9999.000,9999.000
202604241336,   7.308,   8.229,9999.000,9999.000,9999.000,9999.000,9999.000,9999.000,9999.000
202604241342,   7.256,   8.137,9999.000,9999.000,9999.000,9999.000,9999.000,9999.000,9999.000
202604241348,   7.198,   8.039,9999.000,9999.000,9999.000,9999.000,9999.000,9999.000,9999.000
202604241354,   7.135,   7.937,9999.000,9999.000,9999.000,9999.000,9999.000,9999.000,9999.000
202604241400,   7.067,   7.829,   0.500,   0.262,   7.829,   0.400,   7.729,   0.500,   7.829
202604241406,   6.996,   7.707,9999.000,9999.000,9999.000,9999.000,9999.000,9999.000,9999.000
202604241412,   6.920,   7.586,9999.000,9999.000,9999.000,9999.000,9999.000,9999.000,9999.000
202604241418,   6.842,   7.468,9999.000,9999.000,9999.000,9999.000,9999.000,9999.000,9999.000
202604241424,   6.761,   7.347,9999.000,9999.000,9999.000,9999.000,9999.000,9999.000,9999.000
202604241430,   6.678,   7.219,9999.000,9999.000,9999.000,9999.000,9999.000,9999.000,9999.000
202604241436,   6.592,   7.088,9999.000,9999.000,9999.000,9999.000,9999.000,9999.000,9999.000
202604241442,   6.505,   6.956,9999.000,9999.000,9999.000,9999.000,9999.000,9999.000,9999.000
202604241448,   6.417,   6.828,9999.000,9999.000,9999.000,9999.000,9999.000,9999.000,9999.000
202604241454,   6.327,   6.687,9999.000,9999.000,9999.000,9999.000,9999.000,9999.000,9999.000
202604241500,   6.235,   6.546,   0.500,  -0.189,   6.546,   0.400,   6.446,   0.500,   6.546
202604241506,   6.143,   6.409,9999.000,9999.000,9999.000,9999.000,9999.000,9999.000,9999.000
202604241512,   6.050,   6.268,9999.000,9999.000,9999.000,9999.000,9999.000,9999.000,9999.000
202604241518,   5.956,   6.136,9999.000,9999.000,9999.000,9999.000,9999.000,9999.000,9999.000
202604241524,   5.861,   5.999,9999.000,9999.000,9999.000,9999.000,9999.000,9999.000,9999.000
202604241530,   5.766,   5.858,9999.000,9999.000,9999.000,9999.000,9999.000,9999.000,9999.000
202604241536,   5.669,   5.717,9999.000,9999.000,9999.000,9999.000,9999.000,9999.000,9999.000
202604241542,   5.572,   5.569,9999.000,9999.000,9999.000,9999.000,9999.000,9999.000,9999.000
202604241548,   5.475,   5.428,9999.000,9999.000,9999.000,9999.000,9999.000,9999.000,9999.000
202604241554,   5.377,   5.287,9999.000,9999.000,9999.000,9999.000,9999.000,9999.000,9999.000
202604241600,   5.278,   5.149,   0.500,  -0.629,   5.149,   0.400,   5.049,   0.500,   5.149
202604241606,   5.179,   4.998,9999.000,9999.000,9999.000,9999.000,9999.000,9999.000,9999.000
202604241612,   5.080,   4.857,9999.000,9999.000,9999.000,9999.000,9999.000,9999.000,9999.000
202604241618,   4.980,   4.719,9999.000,9999.000,9999.000,9999.000,9999.000,9999.000,9999.000
202604241624,   4.880,   4.588,9999.000,9999.000,9999.000,9999.000,9999.000,9999.000,9999.000
202604241630,   4.780,   4.447,9999.000,9999.000,9999.000,9999.000,9999.000,9999.000,9999.000
202604241636,   4.679,   4.329,9999.000,9999.000,9999.000,9999.000,9999.000,9999.000,9999.000
202604241642,   4.578,   4.188,9999.000,9999.000,9999.000,9999.000,9999.000,9999.000,9999.000
202604241648,   4.477,   4.057,9999.000,9999.000,9999.000,9999.000,9999.000,9999.000,9999.000
202604241654,   4.375,   3.939,9999.000,9999.000,9999.000,9999.000,9999.000,9999.000,9999.000
202604241700,   4.272,   3.808,   0.500,  -0.964,   3.808,   0.400,   3.708,   0.500,   3.808
202604241706,   4.169,   3.680,9999.000,9999.000,9999.000,9999.000,9999.000,9999.000,9999.000
202604241712,   4.064,   3.558,9999.000,9999.000,9999.000,9999.000,9999.000,9999.000,9999.000
202604241718,   3.959,   3.440,9999.000,9999.000,9999.000,9999.000,9999.000,9999.000,9999.000
202604241724,   3.852,   3.309,9999.000,9999.000,9999.000,9999.000,9999.000,9999.000,9999.000
202604241730,   3.743,   3.197,9999.000,9999.000,9999.000,9999.000,9999.000,9999.000,9999.000
202604241736,   3.633,   3.079,9999.000,9999.000,9999.000,9999.000,9999.000,9999.000,9999.000
202604241742,   3.521,   2.958,9999.000,9999.000,9999.000,9999.000,9999.000,9999.000,9999.000
202604241748,   3.406,   2.840,9999.000,9999.000,9999.000,9999.000,9999.000,9999.000,9999.000
202604241754,   3.289,   2.719,9999.000,9999.000,9999.000,9999.000,9999.000,9999.000,9999.000
202604241800,   3.170,   2.597,   0.400,  -0.973,   2.597,   0.400,   2.597,   0.500,   2.697
202604241806,   3.048,   2.499,9999.000,9999.000,9999.000,9999.000,9999.000,9999.000,9999.000
202604241812,   2.923,   2.368,9999.000,9999.000,9999.000,9999.000,9999.000,9999.000,9999.000
202604241818,   2.797,   2.259,9999.000,9999.000,9999.000,9999.000,9999.000,9999.000,9999.000
202604241824,   2.668,   2.148,9999.000,9999.000,9999.000,9999.000,9999.000,9999.000,9999.000
202604241830,   2.537,   2.040,9999.000,9999.000,9999.000,9999.000,9999.000,9999.000,9999.000
202604241836,   2.405,   1.938,9999.000,9999.000,9999.000,9999.000,9999.000,9999.000,9999.000
202604241842,   2.272,   1.840,9999.000,9999.000,9999.000,9999.000,9999.000,9999.000,9999.000
202604241848,   2.139,   1.738,9999.000,9999.000,9999.000,9999.000,9999.000,9999.000,9999.000
202604241854,   2.006,   1.649,9999.000,9999.000,9999.000,9999.000,9999.000,9999.000,9999.000
202604241900,   1.875,   1.538,   0.500,  -0.837,   1.538,   0.400,   1.438,   0.500,   1.538
202604241906,   1.746,   1.439,9999.000,9999.000,9999.000,9999.000,9999.000,9999.000,9999.000
202604241912,   1.620,   1.348,9999.000,9999.000,9999.000,9999.000,9999.000,9999.000,9999.000
202604241918,   1.498,   1.249,9999.000,9999.000,9999.000,9999.000,9999.000,9999.000,9999.000
202604241924,   1.382,   1.151,9999.000,9999.000,9999.000,9999.000,9999.000,9999.000,9999.000
202604241930,   1.272,   1.059,9999.000,9999.000,9999.000,9999.000,9999.000,9999.000,9999.000
202604241936,   1.170,   0.970,9999.000,9999.000,9999.000,9999.000,9999.000,9999.000,9999.000
202604241942,   1.077,   0.898,9999.000,9999.000,9999.000,9999.000,9999.000,9999.000,9999.000
202604241948,   0.993,   0.810,9999.000,9999.000,9999.000,9999.000,9999.000,9999.000,9999.000
202604241954,   0.919,   0.731,9999.000,9999.000,9999.000,9999.000,9999.000,9999.000,9999.000
202604242000,   0.857,   0.659,   0.500,  -0.698,   0.659,   0.400,   0.559,   0.500,   0.659
202604242006,   0.807,   0.590,9999.000,9999.000,9999.000,9999.000,9999.000,9999.000,9999.000
202604242012,   0.770,   0.518,9999.000,9999.000,9999.000,9999.000,9999.000,9999.000,9999.000
202604242018,   0.747,   0.469,9999.000,9999.000,9999.000,9999.000,9999.000,9999.000,9999.000
202604242024,   0.737,   0.429,9999.000,9999.000,9999.000,9999.000,9999.000,9999.000,9999.000
202604242030,   0.740,   0.409,9999.000,9999.000,9999.000,9999.000,9999.000,9999.000,9999.000
202604242036,   0.758,   0.400,9999.000,9999.000,9999.000,9999.000,9999.000,9999.000,9999.000
202604242042,   0.789,   0.429,9999.000,9999.000,9999.000,9999.000,9999.000,9999.000,9999.000
202604242048,   0.834,   0.488,9999.000,9999.000,9999.000,9999.000,9999.000,9999.000,9999.000
202604242054,   0.892,   0.610,9999.000,9999.000,9999.000,9999.000,9999.000,9999.000,9999.000
202604242100,   0.963,   0.780,   0.500,  -0.683,   0.780,   0.500,   0.780,   0.500,   0.780
202604242106,   1.046,   0.990,9999.000,9999.000,9999.000,9999.000,9999.000,9999.000,9999.000
202604242112,   1.140,   1.220,9999.000,9999.000,9999.000,9999.000,9999.000,9999.000,9999.000
202604242118,   1.244,   1.459,9999.000,9999.000,9999.000,9999.000,9999.000,9999.000,9999.000
202604242124,   1.359,   1.689,9999.000,9999.000,9999.000,9999.000,9999.000,9999.000,9999.000
202604242130,   1.482,   1.899,9999.000,9999.000,9999.000,9999.000,9999.000,9999.000,9999.000
202604242136,   1.613,   2.099,9999.000,9999.000,9999.000,9999.000,9999.000,9999.000,9999.000
202604242142,   1.751,   2.299,9999.000,9999.000,9999.000,9999.000,9999.000,9999.000,9999.000
202604242148,   1.895,   2.489,9999.000,9999.000,9999.000,9999.000,9999.000,9999.000,9999.000
202604242154,   2.044,   2.660,9999.000,9999.000,9999.000,9999.000,9999.000,9999.000,9999.000
202604242200,   2.198,   2.840,   0.500,   0.142,   2.840,   0.500,   2.840,   0.500,   2.840
202604242206,   2.356,   3.007,9999.000,9999.000,9999.000,9999.000,9999.000,9999.000,9999.000
202604242212,   2.517,   3.168,9999.000,9999.000,9999.000,9999.000,9999.000,9999.000,9999.000
202604242218,   2.680,   3.348,9999.000,9999.000,9999.000,9999.000,9999.000,9999.000,9999.000
202604242224,   2.845,   3.509,9999.000,9999.000,9999.000,9999.000,9999.000,9999.000,9999.000
202604242230,   3.012,   3.689,9999.000,9999.000,9999.000,9999.000,9999.000,9999.000,9999.000
202604242236,   3.180,   3.890,9999.000,9999.000,9999.000,9999.000,9999.000,9999.000,9999.000
202604242242,   3.348,   4.090,9999.000,9999.000,9999.000,9999.000,9999.000,9999.000,9999.000
202604242248,   3.517,   4.319,9999.000,9999.000,9999.000,9999.000,9999.000,9999.000,9999.000
202604242254,   3.685,   4.569,9999.000,9999.000,9999.000,9999.000,9999.000,9999.000,9999.000
202604242300,   3.854,   4.808,   0.500,   0.454,   4.808,   0.500,   4.808,   0.500,   4.808
202604242306,   4.022,   5.057,9999.000,9999.000,9999.000,9999.000,9999.000,9999.000,9999.000
202604242312,   4.189,   5.307,9999.000,9999.000,9999.000,9999.000,9999.000,9999.000,9999.000
202604242318,   4.355,   5.516,9999.000,9999.000,9999.000,9999.000,9999.000,9999.000,9999.000
202604242324,   4.520,   5.739,9999.000,9999.000,9999.000,9999.000,9999.000,9999.000,9999.000
202604242330,   4.683,   5.926,9999.000,9999.000,9999.000,9999.000,9999.000,9999.000,9999.000
202604242336,   4.844,   6.107,9999.000,9999.000,9999.000,9999.000,9999.000,9999.000,9999.000
202604242342,   5.003,   6.277,9999.000,9999.000,9999.000,9999.000,9999.000,9999.000,9999.000
202604242348,   5.159,   6.438,9999.000,9999.000,9999.000,9999.000,9999.000,9999.000,9999.000
202604242354,   5.312,9999.000,9999.000,9999.000,9999.000,9999.000,9999.000,9999.000,9999.000
202604250000,   5.461,9999.000,   0.500,   0.390,   6.351,   0.500,   6.351,   0.500,   6.351
202604250006,   5.605,9999.000,9999.000,9999.000,9999.000,9999.000,9999.000,9999.000,9999.000
202604250012,   5.745,9999.000,9999.000,9999.000,9999.000,9999.000,9999.000,9999.000,9999.000
202604250018,   5.879,9999.000,9999.000,9999.000,9999.000,9999.000,9999.000,9999.000,9999.000
202604250024,   6.007,9999.000,9999.000,9999.000,9999.000,9999.000,9999.000,9999.000,9999.000
202604250030,   6.128,9999.000,9999.000,9999.000,9999.000,9999.000,9999.000,9999.000,9999.000
202604250036,   6.242,9999.000,9999.000,9999.000,9999.000,9999.000,9999.000,9999.000,9999.000
202604250042,   6.348,9999.000,9999.000,9999.000,9999.000,9999.000,9999.000,9999.000,9999.000
202604250048,   6.446,9999.000,9999.000,9999.000,9999.000,9999.000,9999.000,9999.000,9999.000
202604250054,   6.535,9999.000,9999.000,9999.000,9999.000,9999.000,9999.000,9999.000,9999.000
202604250100,   6.615,9999.000,   0.500,   0.326,   7.441,   0.500,   7.441,   0.600,   7.541
202604250106,   6.686,9999.000,9999.000,9999.000,9999.000,9999.000,9999.000,9999.000,9999.000
202604250112,   6.747,9999.000,9999.000,9999.000,9999.000,9999.000,9999.000,9999.000,9999.000
202604250118,   6.799,9999.000,9999.000,9999.000,9999.000,9999.000,9999.000,9999.000,9999.000
202604250124,   6.841,9999.000,9999.000,9999.000,9999.000,9999.000,9999.000,9999.000,9999.000
202604250130,   6.873,9999.000,9999.000,9999.000,9999.000,9999.000,9999.000,9999.000,9999.000
202604250136,   6.895,9999.000,9999.000,9999.000,9999.000,9999.000,9999.000,9999.000,9999.000
202604250142,   6.907,9999.000,9999.000,9999.000,9999.000,9999.000,9999.000,9999.000,9999.000
202604250148,   6.911,9999.000,9999.000,9999.000,9999.000,9999.000,9999.000,9999.000,9999.000
202604250154,   6.905,9999.000,9999.000,9999.000,9999.000,9999.000,9999.000,9999.000,9999.000
202604250200,   6.890,9999.000,   0.600,   0.262,   7.752,   0.500,   7.652,   0.600,   7.752
202604250206,   6.868,9999.000,9999.000,9999.000,9999.000,9999.000,9999.000,9999.000,9999.000
202604250212,   6.837,9999.000,9999.000,9999.000,9999.000,9999.000,9999.000,9999.000,9999.000
202604250218,   6.799,9999.000,9999.000,9999.000,9999.000,9999.000,9999.000,9999.000,9999.000
202604250224,   6.754,9999.000,9999.000,9999.000,9999.000,9999.000,9999.000,9999.000,9999.000
202604250230,   6.702,9999.000,9999.000,9999.000,9999.000,9999.000,9999.000,9999.000,9999.000
202604250236,   6.645,9999.000,9999.000,9999.000,9999.000,9999.000,9999.000,9999.000,9999.000
202604250242,   6.581,9999.000,9999.000,9999.000,9999.000,9999.000,9999.000,9999.000,9999.000
202604250248,   6.512,9999.000,9999.000,9999.000,9999.000,9999.000,9999.000,9999.000,9999.000
202604250254,   6.439,9999.000,9999.000,9999.000,9999.000,9999.000,9999.000,9999.000,9999.000
202604250300,   6.360,9999.000,   0.600,   0.198,   7.158,   0.500,   7.058,   0.600,   7.158
202604250306,   6.278,9999.000,9999.000,9999.000,9999.000,9999.000,9999.000,9999.000,9999.000
202604250312,   6.191,9999.000,9999.000,9999.000,9999.000,9999.000,9999.000,9999.000,9999.000
202604250318,   6.101,9999.000,9999.000,9999.000,9999.000,9999.000,9999.000,9999.000,9999.000
202604250324,   6.008,9999.000,9999.000,9999.000,9999.000,9999.000,9999.000,9999.000,9999.000
202604250330,   5.911,9999.000,9999.000,9999.000,9999.000,9999.000,9999.000,9999.000,9999.000
202604250336,   5.812,9999.000,9999.000,9999.000,9999.000,9999.000,9999.000,9999.000,9999.000
202604250342,   5.710,9999.000,9999.000,9999.000,9999.000,9999.000,9999.000,9999.000,9999.000
202604250348,   5.605,9999.000,9999.000,9999.000,9999.000,9999.000,9999.000,9999.000,9999.000
202604250354,   5.499,9999.000,9999.000,9999.000,9999.000,9999.000,9999.000,9999.000,9999.000
202604250400,   5.390,9999.000,   0.600,   0.133,   6.123,   0.600,   6.123,   0.700,   6.223
202604250406,   5.280,9999.000,9999.000,9999.000,9999.000,9999.000,9999.000,9999.000,9999.000
202604250412,   5.168,9999.000,9999.000,9999.000,9999.000,9999.000,9999.000,9999.000,9999.000
202604250418,   5.055,9999.000,9999.000,9999.000,9999.000,9999.000,9999.000,9999.000,9999.000
202604250424,   4.941,9999.000,9999.000,9999.000,9999.000,9999.000,9999.000,9999.000,9999.000
202604250430,   4.826,9999.000,9999.000,9999.000,9999.000,9999.000,9999.000,9999.000,9999.000
202604250436,   4.711,9999.000,9999.000,9999.000,9999.000,9999.000,9999.000,9999.000,9999.000
202604250442,   4.596,9999.000,9999.000,9999.000,9999.000,9999.000,9999.000,9999.000,9999.000
202604250448,   4.480,9999.000,9999.000,9999.000,9999.000,9999.000,9999.000,9999.000,9999.000
202604250454,   4.365,9999.000,9999.000,9999.000,9999.000,9999.000,9999.000,9999.000,9999.000
202604250500,   4.250,9999.000,   0.700,   0.069,   5.019,   0.600,   4.919,   0.700,   5.019
202604250506,   4.135,9999.000,9999.000,9999.000,9999.000,9999.000,9999.000,9999.000,9999.000
202604250512,   4.021,9999.000,9999.000,9999.000,9999.000,9999.000,9999.000,9999.000,9999.000
202604250518,   3.908,9999.000,9999.000,9999.000,9999.000,9999.000,9999.000,9999.000,9999.000
202604250524,   3.795,9999.000,9999.000,9999.000,9999.000,9999.000,9999.000,9999.000,9999.000
202604250530,   3.684,9999.000,9999.000,9999.000,9999.000,9999.000,9999.000,9999.000,9999.000
202604250536,   3.572,9999.000,9999.000,9999.000,9999.000,9999.000,9999.000,9999.000,9999.000
202604250542,   3.462,9999.000,9999.000,9999.000,9999.000,9999.000,9999.000,9999.000,9999.000
202604250548,   3.352,9999.000,9999.000,9999.000,9999.000,9999.000,9999.000,9999.000,9999.000
202604250554,   3.242,9999.000,9999.000,9999.000,9999.000,9999.000,9999.000,9999.000,9999.000
202604250600,   3.133,9999.000,   0.700,   0.005,   3.838,   0.600,   3.738,   0.800,   3.938
202604250606,   3.024,9999.000,9999.000,9999.000,9999.000,9999.000,9999.000,9999.000,9999.000
202604250612,   2.914,9999.000,9999.000,9999.000,9999.000,9999.000,9999.000,9999.000,9999.000
202604250618,   2.805,9999.000,9999.000,9999.000,9999.000,9999.000,9999.000,9999.000,9999.000
202604250624,   2.695,9999.000,9999.000,9999.000,9999.000,9999.000,9999.000,9999.000,9999.000
202604250630,   2.585,9999.000,9999.000,9999.000,9999.000,9999.000,9999.000,9999.000,9999.000
202604250636,   2.475,9999.000,9999.000,9999.000,9999.000,9999.000,9999.000,9999.000,9999.000
202604250642,   2.364,9999.000,9999.000,9999.000,9999.000,9999.000,9999.000,9999.000,9999.000
202604250648,   2.254,9999.000,9999.000,9999.000,9999.000,9999.000,9999.000,9999.000,9999.000
202604250654,   2.143,9999.000,9999.000,9999.000,9999.000,9999.000,9999.000,9999.000,9999.000
202604250700,   2.034,9999.000,   0.700,  -0.059,   2.675,   0.700,   2.675,   0.800,   2.775
202604250706,   1.925,9999.000,9999.000,9999.000,9999.000,9999.000,9999.000,9999.000,9999.000
202604250712,   1.818,9999.000,9999.000,9999.000,9999.000,9999.000,9999.000,9999.000,9999.000
202604250718,   1.713,9999.000,9999.000,9999.000,9999.000,9999.000,9999.000,9999.000,9999.000
202604250724,   1.611,9999.000,9999.000,9999.000,9999.000,9999.000,9999.000,9999.000,9999.000
202604250730,   1.513,9999.000,9999.000,9999.000,9999.000,9999.000,9999.000,9999.000,9999.000
202604250736,   1.419,9999.000,9999.000,9999.000,9999.000,9999.000,9999.000,9999.000,9999.000
202604250742,   1.330,9999.000,9999.000,9999.000,9999.000,9999.000,9999.000,9999.000,9999.000
202604250748,   1.248,9999.000,9999.000,9999.000,9999.000,9999.000,9999.000,9999.000,9999.000
202604250754,   1.174,9999.000,9999.000,9999.000,9999.000,9999.000,9999.000,9999.000,9999.000
202604250800,   1.108,9999.000,   0.800,  -0.123,   1.785,   0.700,   1.685,   0.800,   1.785
202604250806,   1.051,9999.000,9999.000,9999.000,9999.000,9999.000,9999.000,9999.000,9999.000
202604250812,   1.004,9999.000,9999.000,9999.000,9999.000,9999.000,9999.000,9999.000,9999.000
202604250818,   0.968,9999.000,9999.000,9999.000,9999.000,9999.000,9999.000,9999.000,9999.000
202604250824,   0.943,9999.000,9999.000,9999.000,9999.000,9999.000,9999.000,9999.000,9999.000
202604250830,   0.931,9999.000,9999.000,9999.000,9999.000,9999.000,9999.000,9999.000,9999.000
202604250836,   0.932,9999.000,9999.000,9999.000,9999.000,9999.000,9999.000,9999.000,9999.000
202604250842,   0.945,9999.000,9999.000,9999.000,9999.000,9999.000,9999.000,9999.000,9999.000
202604250848,   0.972,9999.000,9999.000,9999.000,9999.000,9999.000,9999.000,9999.000,9999.000
202604250854,   1.013,9999.000,9999.000,9999.000,9999.000,9999.000,9999.000,9999.000,9999.000
202604250900,   1.066,9999.000,   0.800,  -0.187,   1.679,   0.700,   1.579,   0.900,   1.779
202604250906,   1.133,9999.000,9999.000,9999.000,9999.000,9999.000,9999.000,9999.000,9999.000
202604250912,   1.212,9999.000,9999.000,9999.000,9999.000,9999.000,9999.000,9999.000,9999.000
202604250918,   1.304,9999.000,9999.000,9999.000,9999.000,9999.000,9999.000,9999.000,9999.000
202604250924,   1.407,9999.000,9999.000,9999.000,9999.000,9999.000,9999.000,9999.000,9999.000
202604250930,   1.521,9999.000,9999.000,9999.000,9999.000,9999.000,9999.000,9999.000,9999.000
202604250936,   1.646,9999.000,9999.000,9999.000,9999.000,9999.000,9999.000,9999.000,9999.000
202604250942,   1.779,9999.000,9999.000,9999.000,9999.000,9999.000,9999.000,9999.000,9999.000
202604250948,   1.921,9999.000,9999.000,9999.000,9999.000,9999.000,9999.000,9999.000,9999.000
202604250954,   2.070,9999.000,9999.000,9999.000,9999.000,9999.000,9999.000,9999.000,9999.000
202604251000,   2.225,9999.000,   0.800,  -0.251,   2.774,   0.700,   2.674,   0.900,   2.874
202604251006,   2.385,9999.000,9999.000,9999.000,9999.000,9999.000,9999.000,9999.000,9999.000
202604251012,   2.550,9999.000,9999.000,9999.000,9999.000,9999.000,9999.000,9999.000,9999.000
202604251018,   2.719,9999.000,9999.000,9999.000,9999.000,9999.000,9999.000,9999.000,9999.000
202604251024,   2.890,9999.000,9999.000,9999.000,9999.000,9999.000,9999.000,9999.000,9999.000
202604251030,   3.063,9999.000,9999.000,9999.000,9999.000,9999.000,9999.000,9999.000,9999.000
202604251036,   3.237,9999.000,9999.000,9999.000,9999.000,9999.000,9999.000,9999.000,9999.000
202604251042,   3.411,9999.000,9999.000,9999.000,9999.000,9999.000,9999.000,9999.000,9999.000
202604251048,   3.586,9999.000,9999.000,9999.000,9999.000,9999.000,9999.000,9999.000,9999.000
202604251054,   3.760,9999.000,9999.000,9999.000,9999.000,9999.000,9999.000,9999.000,9999.000
202604251100,   3.933,9999.000,   0.800,  -0.315,   4.418,   0.700,   4.318,   0.900,   4.518
202604251106,   4.105,9999.000,9999.000,9999.000,9999.000,9999.000,9999.000,9999.000,9999.000
202604251112,   4.275,9999.000,9999.000,9999.000,9999.000,9999.000,9999.000,9999.000,9999.000
202604251118,   4.443,9999.000,9999.000,9999.000,9999.000,9999.000,9999.000,9999.000,9999.000
202604251124,   4.610,9999.000,9999.000,9999.000,9999.000,9999.000,9999.000,9999.000,9999.000
202604251130,   4.774,9999.000,9999.000,9999.000,9999.000,9999.000,9999.000,9999.000,9999.000
202604251136,   4.936,9999.000,9999.000,9999.000,9999.000,9999.000,9999.000,9999.000,9999.000
202604251142,   5.095,9999.000,9999.000,9999.000,9999.000,9999.000,9999.000,9999.000,9999.000
202604251148,   5.251,9999.000,9999.000,9999.000,9999.000,9999.000,9999.000,9999.000,9999.000
202604251154,   5.405,9999.000,9999.000,9999.000,9999.000,9999.000,9999.000,9999.000,9999.000
202604251200,   5.555,9999.000,   0.800,  -0.315,   6.040,   0.700,   5.940,   0.900,   6.140
202604251206,   5.702,9999.000,9999.000,9999.000,9999.000,9999.000,9999.000,9999.000,9999.000
202604251212,   5.845,9999.000,9999.000,9999.000,9999.000,9999.000,9999.000,9999.000,9999.000
202604251218,   5.984,9999.000,9999.000,9999.000,9999.000,9999.000,9999.000,9999.000,9999.000
202604251224,   6.119,9999.000,9999.000,9999.000,9999.000,9999.000,9999.000,9999.000,9999.000
202604251230,   6.249,9999.000,9999.000,9999.000,9999.000,9999.000,9999.000,9999.000,9999.000
202604251236,   6.373,9999.000,9999.000,9999.000,9999.000,9999.000,9999.000,9999.000,9999.000
202604251242,   6.491,9999.000,9999.000,9999.000,9999.000,9999.000,9999.000,9999.000,9999.000
202604251248,   6.604,9999.000,9999.000,9999.000,9999.000,9999.000,9999.000,9999.000,9999.000
202604251254,   6.709,9999.000,9999.000,9999.000,9999.000,9999.000,9999.000,9999.000,9999.000
202604251300,   6.808,9999.000,   0.800,  -0.315,   7.293,   0.700,   7.193,   0.900,   7.393
202604251306,   6.899,9999.000,9999.000,9999.000,9999.000,9999.000,9999.000,9999.000,9999.000
202604251312,   6.981,9999.000,9999.000,9999.000,9999.000,9999.000,9999.000,9999.000,9999.000
202604251318,   7.056,9999.000,9999.000,9999.000,9999.000,9999.000,9999.000,9999.000,9999.000
202604251324,   7.122,9999.000,9999.000,9999.000,9999.000,9999.000,9999.000,9999.000,9999.000
202604251330,   7.179,9999.000,9999.000,9999.000,9999.000,9999.000,9999.000,9999.000,9999.000
202604251336,   7.228,9999.000,9999.000,9999.000,9999.000,9999.000,9999.000,9999.000,9999.000
202604251342,   7.267,9999.000,9999.000,9999.000,9999.000,9999.000,9999.000,9999.000,9999.000
202604251348,   7.297,9999.000,9999.000,9999.000,9999.000,9999.000,9999.000,9999.000,9999.000
202604251354,   7.319,9999.000,9999.000,9999.000,9999.000,9999.000,9999.000,9999.000,9999.000
202604251400,   7.331,9999.000,   0.800,  -0.315,   7.816,   0.700,   7.716,   0.900,   7.916
202604251406,   7.335,9999.000,9999.000,9999.000,9999.000,9999.000,9999.000,9999.000,9999.000
202604251412,   7.331,9999.000,9999.000,9999.000,9999.000,9999.000,9999.000,9999.000,9999.000
202604251418,   7.319,9999.000,9999.000,9999.000,9999.000,9999.000,9999.000,9999.000,9999.000
202604251424,   7.299,9999.000,9999.000,9999.000,9999.000,9999.000,9999.000,9999.000,9999.000
202604251430,   7.272,9999.000,9999.000,9999.000,9999.000,9999.000,9999.000,9999.000,9999.000
202604251436,   7.238,9999.000,9999.000,9999.000,9999.000,9999.000,9999.000,9999.000,9999.000
202604251442,   7.199,9999.000,9999.000,9999.000,9999.000,9999.000,9999.000,9999.000,9999.000
202604251448,   7.153,9999.000,9999.000,9999.000,9999.000,9999.000,9999.000,9999.000,9999.000
202604251454,   7.102,9999.000,9999.000,9999.000,9999.000,9999.000,9999.000,9999.000,9999.000
202604251500,   7.046,9999.000,   0.800,  -0.315,   7.531,   0.700,   7.431,   0.900,   7.631
202604251506,   6.985,9999.000,9999.000,9999.000,9999.000,9999.000,9999.000,9999.000,9999.000
202604251512,   6.920,9999.000,9999.000,9999.000,9999.000,9999.000,9999.000,9999.000,9999.000
202604251518,   6.852,9999.000,9999.000,9999.000,9999.000,9999.000,9999.000,9999.000,9999.000
202604251524,   6.780,9999.000,9999.000,9999.000,9999.000,9999.000,9999.000,9999.000,9999.000
202604251530,   6.705,9999.000,9999.000,9999.000,9999.000,9999.000,9999.000,9999.000,9999.000
202604251536,   6.628,9999.000,9999.000,9999.000,9999.000,9999.000,9999.000,9999.000,9999.000
202604251542,   6.547,9999.000,9999.000,9999.000,9999.000,9999.000,9999.000,9999.000,9999.000
202604251548,   6.465,9999.000,9999.000,9999.000,9999.000,9999.000,9999.000,9999.000,9999.000
202604251554,   6.380,9999.000,9999.000,9999.000,9999.000,9999.000,9999.000,9999.000,9999.000
202604251600,   6.293,9999.000,   0.800,  -0.315,   6.778,   0.700,   6.678,   0.900,   6.878
202604251606,   6.204,9999.000,9999.000,9999.000,9999.000,9999.000,9999.000,9999.000,9999.000
202604251612,   6.113,9999.000,9999.000,9999.000,9999.000,9999.000,9999.000,9999.000,9999.000
202604251618,   6.021,9999.000,9999.000,9999.000,9999.000,9999.000,9999.000,9999.000,9999.000
202604251624,   5.927,9999.000,9999.000,9999.000,9999.000,9999.000,9999.000,9999.000,9999.000
202604251630,   5.832,9999.000,9999.000,9999.000,9999.000,9999.000,9999.000,9999.000,9999.000
202604251636,   5.735,9999.000,9999.000,9999.000,9999.000,9999.000,9999.000,9999.000,9999.000
202604251642,   5.638,9999.000,9999.000,9999.000,9999.000,9999.000,9999.000,9999.000,9999.000
202604251648,   5.539,9999.000,9999.000,9999.000,9999.000,9999.000,9999.000,9999.000,9999.000
202604251654,   5.439,9999.000,9999.000,9999.000,9999.000,9999.000,9999.000,9999.000,9999.000
202604251700,   5.339,9999.000,   0.800,  -0.315,   5.824,   0.700,   5.724,   0.900,   5.924
202604251706,   5.237,9999.000,9999.000,9999.000,9999.000,9999.000,9999.000,9999.000,9999.000
202604251712,   5.135,9999.000,9999.000,9999.000,9999.000,9999.000,9999.000,9999.000,9999.000
202604251718,   5.033,9999.000,9999.000,9999.000,9999.000,9999.000,9999.000,9999.000,9999.000
202604251724,   4.930,9999.000,9999.000,9999.000,9999.000,9999.000,9999.000,9999.000,9999.000
202604251730,   4.826,9999.000,9999.000,9999.000,9999.000,9999.000,9999.000,9999.000,9999.000
202604251736,   4.722,9999.000,9999.000,9999.000,9999.000,9999.000,9999.000,9999.000,9999.000
202604251742,   4.617,9999.000,9999.000,9999.000,9999.000,9999.000,9999.000,9999.000,9999.000
202604251748,   4.511,9999.000,9999.000,9999.000,9999.000,9999.000,9999.000,9999.000,9999.000
202604251754,   4.405,9999.000,9999.000,9999.000,9999.000,9999.000,9999.000,9999.000,9999.000
202604251800,   4.298,9999.000,   0.800,  -0.315,   4.783,   0.700,   4.683,   0.900,   4.883
202604251806,   4.189,9999.000,9999.000,9999.000,9999.000,9999.000,9999.000,9999.000,9999.000
202604251812,   4.079,9999.000,9999.000,9999.000,9999.000,9999.000,9999.000,9999.000,9999.000
202604251818,   3.967,9999.000,9999.000,9999.000,9999.000,9999.000,9999.000,9999.000,9999.000
202604251824,   3.854,9999.000,9999.000,9999.000,9999.000,9999.000,9999.000,9999.000,9999.000
202604251830,   3.738,9999.000,9999.000,9999.000,9999.000,9999.000,9999.000,9999.000,9999.000
202604251836,   3.620,9999.000,9999.000,9999.000,9999.000,9999.000,9999.000,9999.000,9999.000
202604251842,   3.499,9999.000,9999.000,9999.000,9999.000,9999.000,9999.000,9999.000,9999.000
202604251848,   3.376,9999.000,9999.000,9999.000,9999.000,9999.000,9999.000,9999.000,9999.000
202604251854,   3.250,9999.000,9999.000,9999.000,9999.000,9999.000,9999.000,9999.000,9999.000
202604251900,   3.121,9999.000,   0.900,  -0.315,   3.706,   0.800,   3.606,   1.000,   3.806
202604251906,   2.989,9999.000,9999.000,9999.000,9999.000,9999.000,9999.000,9999.000,9999.000
202604251912,   2.855,9999.000,9999.000,9999.000,9999.000,9999.000,9999.000,9999.000,9999.000
202604251918,   2.718,9999.000,9999.000,9999.000,9999.000,9999.000,9999.000,9999.000,9999.000
202604251924,   2.579,9999.000,9999.000,9999.000,9999.000,9999.000,9999.000,9999.000,9999.000
202604251930,   2.439,9999.000,9999.000,9999.000,9999.000,9999.000,9999.000,9999.000,9999.000
202604251936,   2.298,9999.000,9999.000,9999.000,9999.000,9999.000,9999.000,9999.000,9999.000
202604251942,   2.156,9999.000,9999.000,9999.000,9999.000,9999.000,9999.000,9999.000,9999.000
202604251948,   2.015,9999.000,9999.000,9999.000,9999.000,9999.000,9999.000,9999.000,9999.000
202604251954,   1.876,9999.000,9999.000,9999.000,9999.000,9999.000,9999.000,9999.000,9999.000
202604252000,   1.738,9999.000,   0.900,  -0.315,   2.323,   0.800,   2.223,   1.000,   2.423
202604252006,   1.604,9999.000,9999.000,9999.000,9999.000,9999.000,9999.000,9999.000,9999.000
202604252012,   1.475,9999.000,9999.000,9999.000,9999.000,9999.000,9999.000,9999.000,9999.000
202604252018,   1.351,9999.000,9999.000,9999.000,9999.000,9999.000,9999.000,9999.000,9999.000
202604252024,   1.233,9999.000,9999.000,9999.000,9999.000,9999.000,9999.000,9999.000,9999.000
202604252030,   1.123,9999.000,9999.000,9999.000,9999.000,9999.000,9999.000,9999.000,9999.000
202604252036,   1.022,9999.000,9999.000,9999.000,9999.000,9999.000,9999.000,9999.000,9999.000
202604252042,   0.931,9999.000,9999.000,9999.000,9999.000,9999.000,9999.000,9999.000,9999.000
202604252048,   0.851,9999.000,9999.000,9999.000,9999.000,9999.000,9999.000,9999.000,9999.000
202604252054,   0.782,9999.000,9999.000,9999.000,9999.000,9999.000,9999.000,9999.000,9999.000
202604252100,   0.725,9999.000,   0.900,  -0.315,   1.310,   0.800,   1.210,   1.000,   1.410
202604252106,   0.681,9999.000,9999.000,9999.000,9999.000,9999.000,9999.000,9999.000,9999.000
202604252112,   0.651,9999.000,9999.000,9999.000,9999.000,9999.000,9999.000,9999.000,9999.000
202604252118,   0.634,9999.000,9999.000,9999.000,9999.000,9999.000,9999.000,9999.000,9999.000
202604252124,   0.631,9999.000,9999.000,9999.000,9999.000,9999.000,9999.000,9999.000,9999.000
202604252130,   0.641,9999.000,9999.000,9999.000,9999.000,9999.000,9999.000,9999.000,9999.000
202604252136,   0.666,9999.000,9999.000,9999.000,9999.000,9999.000,9999.000,9999.000,9999.000
202604252142,   0.703,9999.000,9999.000,9999.000,9999.000,9999.000,9999.000,9999.000,9999.000
202604252148,   0.754,9999.000,9999.000,9999.000,9999.000,9999.000,9999.000,9999.000,9999.000
202604252154,   0.817,9999.000,9999.000,9999.000,9999.000,9999.000,9999.000,9999.000,9999.000
202604252200,   0.893,9999.000,   1.000,  -0.315,   1.578,   0.800,   1.378,   1.100,   1.678
202604252206,   0.979,9999.000,9999.000,9999.000,9999.000,9999.000,9999.000,9999.000,9999.000
202604252212,   1.076,9999.000,9999.000,9999.000,9999.000,9999.000,9999.000,9999.000,9999.000
202604252218,   1.183,9999.000,9999.000,9999.000,9999.000,9999.000,9999.000,9999.000,9999.000
202604252224,   1.298,9999.000,9999.000,9999.000,9999.000,9999.000,9999.000,9999.000,9999.000
202604252230,   1.422,9999.000,9999.000,9999.000,9999.000,9999.000,9999.000,9999.000,9999.000
202604252236,   1.553,9999.000,9999.000,9999.000,9999.000,9999.000,9999.000,9999.000,9999.000
202604252242,   1.690,9999.000,9999.000,9999.000,9999.000,9999.000,9999.000,9999.000,9999.000
202604252248,   1.833,9999.000,9999.000,9999.000,9999.000,9999.000,9999.000,9999.000,9999.000
202604252254,   1.981,9999.000,9999.000,9999.000,9999.000,9999.000,9999.000,9999.000,9999.000
202604252300,   2.134,9999.000,   1.000,  -0.315,   2.819,   0.900,   2.719,   1.200,   3.019
202604252306,   2.290,9999.000,9999.000,9999.000,9999.000,9999.000,9999.000,9999.000,9999.000
202604252312,   2.450,9999.000,9999.000,9999.000,9999.000,9999.000,9999.000,9999.000,9999.000
202604252318,   2.612,9999.000,9999.000,9999.000,9999.000,9999.000,9999.000,9999.000,9999.000
202604252324,   2.777,9999.000,9999.000,9999.000,9999.000,9999.000,9999.000,9999.000,9999.000
202604252330,   2.945,9999.000,9999.000,9999.000,9999.000,9999.000,9999.000,9999.000,9999.000
202604252336,   3.113,9999.000,9999.000,9999.000,9999.000,9999.000,9999.000,9999.000,9999.000
202604252342,   3.284,9999.000,9999.000,9999.000,9999.000,9999.000,9999.000,9999.000,9999.000
202604252348,   3.456,9999.000,9999.000,9999.000,9999.000,9999.000,9999.000,9999.000,9999.000
202604252354,   3.628,9999.000,9999.000,9999.000,9999.000,9999.000,9999.000,9999.000,9999.000
202604260000,   3.802,9999.000,   1.000,  -0.315,   4.487,   0.900,   4.387,   1.200,   4.687
202604260006,   3.976,9999.000,9999.000,9999.000,9999.000,9999.000,9999.000,9999.000,9999.000
202604260012,   4.151,9999.000,9999.000,9999.000,9999.000,9999.000,9999.000,9999.000,9999.000
202604260018,   4.325,9999.000,9999.000,9999.000,9999.000,9999.000,9999.000,9999.000,9999.000
202604260024,   4.499,9999.000,9999.000,9999.000,9999.000,9999.000,9999.000,9999.000,9999.000
202604260030,   4.672,9999.000,9999.000,9999.000,9999.000,9999.000,9999.000,9999.000,9999.000
202604260036,   4.843,9999.000,9999.000,9999.000,9999.000,9999.000,9999.000,9999.000,9999.000
202604260042,   5.013,9999.000,9999.000,9999.000,9999.000,9999.000,9999.000,9999.000,9999.000
202604260048,   5.181,9999.000,9999.000,9999.000,9999.000,9999.000,9999.000,9999.000,9999.000
202604260054,   5.345,9999.000,9999.000,9999.000,9999.000,9999.000,9999.000,9999.000,9999.000
202604260100,   5.506,9999.000,   1.100,  -0.315,   6.291,   0.900,   6.091,   1.300,   6.491
202604260106,   5.663,9999.000,9999.000,9999.000,9999.000,9999.000,9999.000,9999.000,9999.000
202604260112,   5.814,9999.000,9999.000,9999.000,9999.000,9999.000,9999.000,9999.000,9999.000
202604260118,   5.960,9999.000,9999.000,9999.000,9999.000,9999.000,9999.000,9999.000,9999.000
202604260124,   6.100,9999.000,9999.000,9999.000,9999.000,9999.000,9999.000,9999.000,9999.000
202604260130,   6.232,9999.000,9999.000,9999.000,9999.000,9999.000,9999.000,9999.000,9999.000
202604260136,   6.358,9999.000,9999.000,9999.000,9999.000,9999.000,9999.000,9999.000,9999.000
202604260142,   6.474,9999.000,9999.000,9999.000,9999.000,9999.000,9999.000,9999.000,9999.000
202604260148,   6.583,9999.000,9999.000,9999.000,9999.000,9999.000,9999.000,9999.000,9999.000
202604260154,   6.682,9999.000,9999.000,9999.000,9999.000,9999.000,9999.000,9999.000,9999.000
202604260200,   6.771,9999.000,   1.100,  -0.315,   7.556,   1.000,   7.456,   1.300,   7.756
202604260206,   6.851,9999.000,9999.000,9999.000,9999.000,9999.000,9999.000,9999.000,9999.000
202604260212,   6.921,9999.000,9999.000,9999.000,9999.000,9999.000,9999.000,9999.000,9999.000
202604260218,   6.981,9999.000,9999.000,9999.000,9999.000,9999.000,9999.000,9999.000,9999.000
202604260224,   7.030,9999.000,9999.000,9999.000,9999.000,9999.000,9999.000,9999.000,9999.000
202604260230,   7.069,9999.000,9999.000,9999.000,9999.000,9999.000,9999.000,9999.000,9999.000
202604260236,   7.098,9999.000,9999.000,9999.000,9999.000,9999.000,9999.000,9999.000,9999.000
202604260242,   7.118,9999.000,9999.000,9999.000,9999.000,9999.000,9999.000,9999.000,9999.000
202604260248,   7.127,9999.000,9999.000,9999.000,9999.000,9999.000,9999.000,9999.000,9999.000
202604260254,   7.128,9999.000,9999.000,9999.000,9999.000,9999.000,9999.000,9999.000,9999.000
202604260300,   7.119,9999.000,   1.100,  -0.315,   7.904,   1.000,   7.804,   1.400,   8.204
202604260306,   7.102,9999.000,9999.000,9999.000,9999.000,9999.000,9999.000,9999.000,9999.000
202604260312,   7.076,9999.000,9999.000,9999.000,9999.000,9999.000,9999.000,9999.000,9999.000
202604260318,   7.043,9999.000,9999.000,9999.000,9999.000,9999.000,9999.000,9999.000,9999.000
202604260324,   7.002,9999.000,9999.000,9999.000,9999.000,9999.000,9999.000,9999.000,9999.000
202604260330,   6.954,9999.000,9999.000,9999.000,9999.000,9999.000,9999.000,9999.000,9999.000
202604260336,   6.900,9999.000,9999.000,9999.000,9999.000,9999.000,9999.000,9999.000,9999.000
202604260342,   6.840,9999.000,9999.000,9999.000,9999.000,9999.000,9999.000,9999.000,9999.000
202604260348,   6.773,9999.000,9999.000,9999.000,9999.000,9999.000,9999.000,9999.000,9999.000
202604260354,   6.702,9999.000,9999.000,9999.000,9999.000,9999.000,9999.000,9999.000,9999.000
202604260400,   6.625,9999.000,   1.200,  -0.315,   7.510,   1.000,   7.310,   1.400,   7.710
202604260406,   6.543,9999.000,9999.000,9999.000,9999.000,9999.000,9999.000,9999.000,9999.000
202604260412,   6.457,9999.000,9999.000,9999.000,9999.000,9999.000,9999.000,9999.000,9999.000
202604260418,   6.367,9999.000,9999.000,9999.000,9999.000,9999.000,9999.000,9999.000,9999.000
202604260424,   6.273,9999.000,9999.000,9999.000,9999.000,9999.000,9999.000,9999.000,9999.000
202604260430,   6.175,9999.000,9999.000,9999.000,9999.000,9999.000,9999.000,9999.000,9999.000
202604260436,   6.074,9999.000,9999.000,9999.000,9999.000,9999.000,9999.000,9999.000,9999.000
202604260442,   5.970,9999.000,9999.000,9999.000,9999.000,9999.000,9999.000,9999.000,9999.000
202604260448,   5.863,9999.000,9999.000,9999.000,9999.000,9999.000,9999.000,9999.000,9999.000
202604260454,   5.754,9999.000,9999.000,9999.000,9999.000,9999.000,9999.000,9999.000,9999.000
202604260500,   5.643,9999.000,   1.200,  -0.315,   6.528,   1.000,   6.328,   1.400,   6.728
202604260506,   5.529,9999.000,9999.000,9999.000,9999.000,9999.000,9999.000,9999.000,9999.000
202604260512,   5.414,9999.000,9999.000,9999.000,9999.000,9999.000,9999.000,9999.000,9999.000
202604260518,   5.298,9999.000,9999.000,9999.000,9999.000,9999.000,9999.000,9999.000,9999.000
202604260524,   5.180,9999.000,9999.000,9999.000,9999.000,9999.000,9999.000,9999.000,9999.000
202604260530,   5.062,9999.000,9999.000,9999.000,9999.000,9999.000,9999.000,9999.000,9999.000
202604260536,   4.943,9999.000,9999.000,9999.000,9999.000,9999.000,9999.000,9999.000,9999.000
202604260542,   4.824,9999.000,9999.000,9999.000,9999.000,9999.000,9999.000,9999.000,9999.000
202604260548,   4.705,9999.000,9999.000,9999.000,9999.000,9999.000,9999.000,9999.000,9999.000
202604260554,   4.585,9999.000,9999.000,9999.000,9999.000,9999.000,9999.000,9999.000,9999.000
202604260600,   4.466,9999.000,   1.200,  -0.315,   5.351,   1.000,   5.151,   1.400,   5.551
202604260606,   4.347,9999.000,9999.000,9999.000,9999.000,9999.000,9999.000,9999.000,9999.000
202604260612,   4.229,9999.000,9999.000,9999.000,9999.000,9999.000,9999.000,9999.000,9999.000
202604260618,   4.111,9999.000,9999.000,9999.000,9999.000,9999.000,9999.000,9999.000,9999.000
202604260624,   3.993,9999.000,9999.000,9999.000,9999.000,9999.000,9999.000,9999.000,9999.000
202604260630,   3.875,9999.000,9999.000,9999.000,9999.000,9999.000,9999.000,9999.000,9999.000
202604260636,   3.758,9999.000,9999.000,9999.000,9999.000,9999.000,9999.000,9999.000,9999.000
202604260642,   3.640,9999.000,9999.000,9999.000,9999.000,9999.000,9999.000,9999.000,9999.000
202604260648,   3.522,9999.000,9999.000,9999.000,9999.000,9999.000,9999.000,9999.000,9999.000
202604260654,   3.404,9999.000,9999.000,9999.000,9999.000,9999.000,9999.000,9999.000,9999.000
202604260700,   3.285,9999.000,   1.200,  -0.315,   4.170,   1.000,   3.970,   1.400,   4.370
202604260706,   3.166,9999.000,9999.000,9999.000,9999.000,9999.000,9999.000,9999.000,9999.000
202604260712,   3.046,9999.000,9999.000,9999.000,9999.000,9999.000,9999.000,9999.000,9999.000
202604260718,   2.924,9999.000,9999.000,9999.000,9999.000,9999.000,9999.000,9999.000,9999.000
202604260724,   2.802,9999.000,9999.000,9999.000,9999.000,9999.000,9999.000,9999.000,9999.000
202604260730,   2.679,9999.000,9999.000,9999.000,9999.000,9999.000,9999.000,9999.000,9999.000
202604260736,   2.556,9999.000,9999.000,9999.000,9999.000,9999.000,9999.000,9999.000,9999.000
202604260742,   2.431,9999.000,9999.000,9999.000,9999.000,9999.000,9999.000,9999.000,9999.000
202604260748,   2.307,9999.000,9999.000,9999.000,9999.000,9999.000,9999.000,9999.000,9999.000
202604260754,   2.182,9999.000,9999.000,9999.000,9999.000,9999.000,9999.000,9999.000,9999.000
202604260800,   2.058,9999.000,   1.200,  -0.315,   2.943,   1.000,   2.743,   1.400,   3.143
202604260806,   1.935,9999.000,9999.000,9999.000,9999.000,9999.000,9999.000,9999.000,9999.000
202604260812,   1.814,9999.000,9999.000,9999.000,9999.000,9999.000,9999.000,9999.000,9999.000
202604260818,   1.696,9999.000,9999.000,9999.000,9999.000,9999.000,9999.000,9999.000,9999.000
202604260824,   1.581,9999.000,9999.000,9999.000,9999.000,9999.000,9999.000,9999.000,9999.000
202604260830,   1.471,9999.000,9999.000,9999.000,9999.000,9999.000,9999.000,9999.000,9999.000
202604260836,   1.366,9999.000,9999.000,9999.000,9999.000,9999.000,9999.000,9999.000,9999.000
202604260842,   1.268,9999.000,9999.000,9999.000,9999.000,9999.000,9999.000,9999.000,9999.000
202604260848,   1.176,9999.000,9999.000,9999.000,9999.000,9999.000,9999.000,9999.000,9999.000
202604260854,   1.093,9999.000,9999.000,9999.000,9999.000,9999.000,9999.000,9999.000,9999.000
202604260900,   1.020,9999.000,   1.300,  -0.315,   2.005,   1.000,   1.705,   1.500,   2.205
202604260906,   0.956,9999.000,9999.000,9999.000,9999.000,9999.000,9999.000,9999.000,9999.000
202604260912,   0.903,9999.000,9999.000,9999.000,9999.000,9999.000,9999.000,9999.000,9999.000
202604260918,   0.862,9999.000,9999.000,9999.000,9999.000,9999.000,9999.000,9999.000,9999.000
202604260924,   0.834,9999.000,9999.000,9999.000,9999.000,9999.000,9999.000,9999.000,9999.000
202604260930,   0.818,9999.000,9999.000,9999.000,9999.000,9999.000,9999.000,9999.000,9999.000
202604260936,   0.815,9999.000,9999.000,9999.000,9999.000,9999.000,9999.000,9999.000,9999.000
202604260942,   0.825,9999.000,9999.000,9999.000,9999.000,9999.000,9999.000,9999.000,9999.000
202604260948,   0.848,9999.000,9999.000,9999.000,9999.000,9999.000,9999.000,9999.000,9999.000
202604260954,   0.885,9999.000,9999.000,9999.000,9999.000,9999.000,9999.000,9999.000,9999.000
202604261000,   0.935,9999.000,   1.300,  -0.315,   1.920,   1.000,   1.620,   1.500,   2.120
202604261006,   0.998,9999.000,9999.000,9999.000,9999.000,9999.000,9999.000,9999.000,9999.000
202604261012,   1.073,9999.000,9999.000,9999.000,9999.000,9999.000,9999.000,9999.000,9999.000
202604261018,   1.159,9999.000,9999.000,9999.000,9999.000,9999.000,9999.000,9999.000,9999.000
202604261024,   1.256,9999.000,9999.000,9999.000,9999.000,9999.000,9999.000,9999.000,9999.000
202604261030,   1.364,9999.000,9999.000,9999.000,9999.000,9999.000,9999.000,9999.000,9999.000
202604261036,   1.481,9999.000,9999.000,9999.000,9999.000,9999.000,9999.000,9999.000,9999.000
202604261042,   1.606,9999.000,9999.000,9999.000,9999.000,9999.000,9999.000,9999.000,9999.000
202604261048,   1.739,9999.000,9999.000,9999.000,9999.000,9999.000,9999.000,9999.000,9999.000
202604261054,   1.878,9999.000,9999.000,9999.000,9999.000,9999.000,9999.000,9999.000,9999.000
202604261100,   2.024,9999.000,   1.300,  -0.315,   3.009,   1.000,   2.709,   1.500,   3.209
202604261106,   2.174,9999.000,9999.000,9999.000,9999.000,9999.000,9999.000,9999.000,9999.000
202604261112,   2.329,9999.000,9999.000,9999.000,9999.000,9999.000,9999.000,9999.000,9999.000
202604261118,   2.487,9999.000,9999.000,9999.000,9999.000,9999.000,9999.000,9999.000,9999.000
202604261124,   2.648,9999.000,9999.000,9999.000,9999.000,9999.000,9999.000,9999.000,9999.000
202604261130,   2.812,9999.000,9999.000,9999.000,9999.000,9999.000,9999.000,9999.000,9999.000
202604261136,   2.977,9999.000,9999.000,9999.000,9999.000,9999.000,9999.000,9999.000,9999.000
202604261142,   3.143,9999.000,9999.000,9999.000,9999.000,9999.000,9999.000,9999.000,9999.000
202604261148,   3.311,9999.000,9999.000,9999.000,9999.000,9999.000,9999.000,9999.000,9999.000
202604261154,   3.479,9999.000,9999.000,9999.000,9999.000,9999.000,9999.000,9999.000,9999.000
202604261200,   3.647,9999.000,   1.200,  -0.315,   4.532,   1.000,   4.332,   1.500,   4.832
202604261206,   3.815,9999.000,9999.000,9999.000,9999.000,9999.000,9999.000,9999.000,9999.000
202604261212,   3.984,9999.000,9999.000,9999.000,9999.000,9999.000,9999.000,9999.000,9999.000
202604261218,   4.152,9999.000,9999.000,9999.000,9999.000,9999.000,9999.000,9999.000,9999.000
202604261224,   4.319,9999.000,9999.000,9999.000,9999.000,9999.000,9999.000,9999.000,9999.000
202604261230,   4.486,9999.000,9999.000,9999.000,9999.000,9999.000,9999.000,9999.000,9999.000
202604261236,   4.652,9999.000,9999.000,9999.000,9999.000,9999.000,9999.000,9999.000,9999.000
202604261242,   4.817,9999.000,9999.000,9999.000,9999.000,9999.000,9999.000,9999.000,9999.000
202604261248,   4.981,9999.000,9999.000,9999.000,9999.000,9999.000,9999.000,9999.000,9999.000
202604261254,   5.143,9999.000,9999.000,9999.000,9999.000,9999.000,9999.000,9999.000,9999.000
202604261300,   5.303,9999.000,   1.200,  -0.315,   6.188,   1.000,   5.988,   1.500,   6.488
202604261306,   5.460,9999.000,9999.000,9999.000,9999.000,9999.000,9999.000,9999.000,9999.000
202604261312,   5.614,9999.000,9999.000,9999.000,9999.000,9999.000,9999.000,9999.000,9999.000
202604261318,   5.765,9999.000,9999.000,9999.000,9999.000,9999.000,9999.000,9999.000,9999.000
202604261324,   5.913,9999.000,9999.000,9999.000,9999.000,9999.000,9999.000,9999.000,9999.000
202604261330,   6.055,9999.000,9999.000,9999.000,9999.000,9999.000,9999.000,9999.000,9999.000
202604261336,   6.193,9999.000,9999.000,9999.000,9999.000,9999.000,9999.000,9999.000,9999.000
202604261342,   6.325,9999.000,9999.000,9999.000,9999.000,9999.000,9999.000,9999.000,9999.000
202604261348,   6.450,9999.000,9999.000,9999.000,9999.000,9999.000,9999.000,9999.000,9999.000
202604261354,   6.569,9999.000,9999.000,9999.000,9999.000,9999.000,9999.000,9999.000,9999.000
202604261400,   6.680,9999.000,   1.200,  -0.315,   7.565,   0.900,   7.265,   1.400,   7.765
202604261406,   6.784,9999.000,9999.000,9999.000,9999.000,9999.000,9999.000,9999.000,9999.000
202604261412,   6.879,9999.000,9999.000,9999.000,9999.000,9999.000,9999.000,9999.000,9999.000
202604261418,   6.965,9999.000,9999.000,9999.000,9999.000,9999.000,9999.000,9999.000,9999.000
202604261424,   7.043,9999.000,9999.000,9999.000,9999.000,9999.000,9999.000,9999.000,9999.000
202604261430,   7.111,9999.000,9999.000,9999.000,9999.000,9999.000,9999.000,9999.000,9999.000
202604261436,   7.170,9999.000,9999.000,9999.000,9999.000,9999.000,9999.000,9999.000,9999.000
202604261442,   7.219,9999.000,9999.000,9999.000,9999.000,9999.000,9999.000,9999.000,9999.000
202604261448,   7.259,9999.000,9999.000,9999.000,9999.000,9999.000,9999.000,9999.000,9999.000
202604261454,   7.290,9999.000,9999.000,9999.000,9999.000,9999.000,9999.000,9999.000,9999.000
202604261500,   7.311,9999.000,   1.200,  -0.315,   8.196,   0.900,   7.896,   1.400,   8.396
202604261506,   7.324,9999.000,9999.000,9999.000,9999.000,9999.000,9999.000,9999.000,9999.000
202604261512,   7.327,9999.000,9999.000,9999.000,9999.000,9999.000,9999.000,9999.000,9999.000
202604261518,   7.322,9999.000,9999.000,9999.000,9999.000,9999.000,9999.000,9999.000,9999.000
202604261524,   7.310,9999.000,9999.000,9999.000,9999.000,9999.000,9999.000,9999.000,9999.000
202604261530,   7.289,9999.000,9999.000,9999.000,9999.000,9999.000,9999.000,9999.000,9999.000
202604261536,   7.262,9999.000,9999.000,9999.000,9999.000,9999.000,9999.000,9999.000,9999.000
202604261542,   7.227,9999.000,9999.000,9999.000,9999.000,9999.000,9999.000,9999.000,9999.000
202604261548,   7.187,9999.000,9999.000,9999.000,9999.000,9999.000,9999.000,9999.000,9999.000
202604261554,   7.140,9999.000,9999.000,9999.000,9999.000,9999.000,9999.000,9999.000,9999.000
202604261600,   7.088,9999.000,   1.200,  -0.315,   7.973,   1.000,   7.773,   1.400,   8.173
202604261606,   7.031,9999.000,9999.000,9999.000,9999.000,9999.000,9999.000,9999.000,9999.000
202604261612,   6.969,9999.000,9999.000,9999.000,9999.000,9999.000,9999.000,9999.000,9999.000
202604261618,   6.903,9999.000,9999.000,9999.000,9999.000,9999.000,9999.000,9999.000,9999.000
202604261624,   6.832,9999.000,9999.000,9999.000,9999.000,9999.000,9999.000,9999.000,9999.000
202604261630,   6.758,9999.000,9999.000,9999.000,9999.000,9999.000,9999.000,9999.000,9999.000
202604261636,   6.681,9999.000,9999.000,9999.000,9999.000,9999.000,9999.000,9999.000,9999.000
202604261642,   6.600,9999.000,9999.000,9999.000,9999.000,9999.000,9999.000,9999.000,9999.000
202604261648,   6.516,9999.000,9999.000,9999.000,9999.000,9999.000,9999.000,9999.000,9999.000
202604261654,   6.429,9999.000,9999.000,9999.000,9999.000,9999.000,9999.000,9999.000,9999.000
202604261700,   6.340,9999.000,   1.200,  -0.315,   7.225,   1.000,   7.025,   1.400,   7.425
202604261706,   6.248,9999.000,9999.000,9999.000,9999.000,9999.000,9999.000,9999.000,9999.000
202604261712,   6.154,9999.000,9999.000,9999.000,9999.000,9999.000,9999.000,9999.000,9999.000
202604261718,   6.058,9999.000,9999.000,9999.000,9999.000,9999.000,9999.000,9999.000,9999.000
202604261724,   5.959,9999.000,9999.000,9999.000,9999.000,9999.000,9999.000,9999.000,9999.000
202604261730,   5.860,9999.000,9999.000,9999.000,9999.000,9999.000,9999.000,9999.000,9999.000
202604261736,   5.758,9999.000,9999.000,9999.000,9999.000,9999.000,9999.000,9999.000,9999.000
202604261742,   5.655,9999.000,9999.000,9999.000,9999.000,9999.000,9999.000,9999.000,9999.000
202604261748,   5.551,9999.000,9999.000,9999.000,9999.000,9999.000,9999.000,9999.000,9999.000
202604261754,   5.446,9999.000,9999.000,9999.000,9999.000,9999.000,9999.000,9999.000,9999.000
202604261800,   5.340,9999.000,   1.200,  -0.315,   6.225,   1.000,   6.025,   1.400,   6.425
202604261806,   5.233,9999.000,9999.000,9999.000,9999.000,9999.000,9999.000,9999.000,9999.000
202604261812,   5.125,9999.000,9999.000,9999.000,9999.000,9999.000,9999.000,9999.000,9999.000
202604261818,   5.017,9999.000,9999.000,9999.000,9999.000,9999.000,9999.000,9999.000,9999.000
202604261824,   4.908,9999.000,9999.000,9999.000,9999.000,9999.000,9999.000,9999.000,9999.000
202604261830,   4.798,9999.000,9999.000,9999.000,9999.000,9999.000,9999.000,9999.000,9999.000
202604261836,   4.687,9999.000,9999.000,9999.000,9999.000,9999.000,9999.000,9999.000,9999.000
202604261842,   4.576,9999.000,9999.000,9999.000,9999.000,9999.000,9999.000,9999.000,9999.000
202604261848,   4.463,9999.000,9999.000,9999.000,9999.000,9999.000,9999.000,9999.000,9999.000
202604261854,   4.349,9999.000,9999.000,9999.000,9999.000,9999.000,9999.000,9999.000,9999.000
202604261900,   4.234,9999.000,   1.200,  -0.315,   5.119,   1.000,   4.919,   1.400,   5.319
202604261906,   4.117,9999.000,9999.000,9999.000,9999.000,9999.000,9999.000,9999.000,9999.000
202604261912,   3.999,9999.000,9999.000,9999.000,9999.000,9999.000,9999.000,9999.000,9999.000
202604261918,   3.878,9999.000,9999.000,9999.000,9999.000,9999.000,9999.000,9999.000,9999.000
202604261924,   3.755,9999.000,9999.000,9999.000,9999.000,9999.000,9999.000,9999.000,9999.000
202604261930,   3.630,9999.000,9999.000,9999.000,9999.000,9999.000,9999.000,9999.000,9999.000
202604261936,   3.501,9999.000,9999.000,9999.000,9999.000,9999.000,9999.000,9999.000,9999.000
202604261942,   3.370,9999.000,9999.000,9999.000,9999.000,9999.000,9999.000,9999.000,9999.000
202604261948,   3.236,9999.000,9999.000,9999.000,9999.000,9999.000,9999.000,9999.000,9999.000
202604261954,   3.099,9999.000,9999.000,9999.000,9999.000,9999.000,9999.000,9999.000,9999.000
202604262000,   2.960,9999.000,   1.200,  -0.315,   3.845,   1.000,   3.645,   1.400,   4.045
202604262006,   2.817,9999.000,9999.000,9999.000,9999.000,9999.000,9999.000,9999.000,9999.000
202604262012,   2.673,9999.000,9999.000,9999.000,9999.000,9999.000,9999.000,9999.000,9999.000
202604262018,   2.526,9999.000,9999.000,9999.000,9999.000,9999.000,9999.000,9999.000,9999.000
202604262024,   2.378,9999.000,9999.000,9999.000,9999.000,9999.000,9999.000,9999.000,9999.000
202604262030,   2.230,9999.000,9999.000,9999.000,9999.000,9999.000,9999.000,9999.000,9999.000
202604262036,   2.081,9999.000,9999.000,9999.000,9999.000,9999.000,9999.000,9999.000,9999.000
202604262042,   1.933,9999.000,9999.000,9999.000,9999.000,9999.000,9999.000,9999.000,9999.000
202604262048,   1.787,9999.000,9999.000,9999.000,9999.000,9999.000,9999.000,9999.000,9999.000
202604262054,   1.643,9999.000,9999.000,9999.000,9999.000,9999.000,9999.000,9999.000,9999.000
202604262100,   1.504,9999.000,   1.200,  -0.315,   2.389,   0.900,   2.089,   1.400,   2.589
202604262106,   1.369,9999.000,9999.000,9999.000,9999.000,9999.000,9999.000,9999.000,9999.000
202604262112,   1.240,9999.000,9999.000,9999.000,9999.000,9999.000,9999.000,9999.000,9999.000
202604262118,   1.118,9999.000,9999.000,9999.000,9999.000,9999.000,9999.000,9999.000,9999.000
202604262124,   1.005,9999.000,9999.000,9999.000,9999.000,9999.000,9999.000,9999.000,9999.000
202604262130,   0.900,9999.000,9999.000,9999.000,9999.000,9999.000,9999.000,9999.000,9999.000
202604262136,   0.806,9999.000,9999.000,9999.000,9999.000,9999.000,9999.000,9999.000,9999.000
202604262142,   0.723,9999.000,9999.000,9999.000,9999.000,9999.000,9999.000,9999.000,9999.000
202604262148,   0.651,9999.000,9999.000,9999.000,9999.000,9999.000,9999.000,9999.000,9999.000
202604262154,   0.592,9999.000,9999.000,9999.000,9999.000,9999.000,9999.000,9999.000,9999.000
202604262200,   0.547,9999.000,   1.200,  -0.315,   1.432,   0.900,   1.132,   1.300,   1.532
202604262206,   0.514,9999.000,9999.000,9999.000,9999.000,9999.000,9999.000,9999.000,9999.000
202604262212,   0.496,9999.000,9999.000,9999.000,9999.000,9999.000,9999.000,9999.000,9999.000
202604262218,   0.491,9999.000,9999.000,9999.000,9999.000,9999.000,9999.000,9999.000,9999.000
202604262224,   0.500,9999.000,9999.000,9999.000,9999.000,9999.000,9999.000,9999.000,9999.000
202604262230,   0.522,9999.000,9999.000,9999.000,9999.000,9999.000,9999.000,9999.000,9999.000
202604262236,   0.558,9999.000,9999.000,9999.000,9999.000,9999.000,9999.000,9999.000,9999.000
202604262242,   0.607,9999.000,9999.000,9999.000,9999.000,9999.000,9999.000,9999.000,9999.000
202604262248,   0.669,9999.000,9999.000,9999.000,9999.000,9999.000,9999.000,9999.000,9999.000
202604262254,   0.742,9999.000,9999.000,9999.000,9999.000,9999.000,9999.000,9999.000,9999.000
202604262300,   0.827,9999.000,   1.200,  -0.315,   1.712,   0.900,   1.412,   1.300,   1.812
202604262306,   0.922,9999.000,9999.000,9999.000,9999.000,9999.000,9999.000,9999.000,9999.000
202604262312,   1.026,9999.000,9999.000,9999.000,9999.000,9999.000,9999.000,9999.000,9999.000
202604262318,   1.140,9999.000,9999.000,9999.000,9999.000,9999.000,9999.000,9999.000,9999.000
202604262324,   1.262,9999.000,9999.000,9999.000,9999.000,9999.000,9999.000,9999.000,9999.000
202604262330,   1.392,9999.000,9999.000,9999.000,9999.000,9999.000,9999.000,9999.000,9999.000
202604262336,   1.528,9999.000,9999.000,9999.000,9999.000,9999.000,9999.000,9999.000,9999.000
202604262342,   1.671,9999.000,9999.000,9999.000,9999.000,9999.000,9999.000,9999.000,9999.000
202604262348,   1.819,9999.000,9999.000,9999.000,9999.000,9999.000,9999.000,9999.000,9999.000
202604262354,   1.973,9999.000,9999.000,9999.000,9999.000,9999.000,9999.000,9999.000,9999.000
202604270000,   2.131,9999.000,   1.200,  -0.315,   3.016,   0.900,   2.716,   1.300,   3.116
202604270006,   2.293,9999.000,9999.000,9999.000,9999.000,9999.000,9999.000,9999.000,9999.000
202604270012,   2.459,9999.000,9999.000,9999.000,9999.000,9999.000,9999.000,9999.000,9999.000
202604270018,   2.628,9999.000,9999.000,9999.000,9999.000,9999.000,9999.000,9999.000,9999.000
202604270024,   2.800,9999.000,9999.000,9999.000,9999.000,9999.000,9999.000,9999.000,9999.000
202604270030,   2.976,9999.000,9999.000,9999.000,9999.000,9999.000,9999.000,9999.000,9999.000
202604270036,   3.153,9999.000,9999.000,9999.000,9999.000,9999.000,9999.000,9999.000,9999.000
202604270042,   3.334,9999.000,9999.000,9999.000,9999.000,9999.000,9999.000,9999.000,9999.000
202604270048,   3.516,9999.000,9999.000,9999.000,9999.000,9999.000,9999.000,9999.000,9999.000
202604270054,   3.700,9999.000,9999.000,9999.000,9999.000,9999.000,9999.000,9999.000,9999.000
202604270100,   3.886,9999.000,   1.200,  -0.315,   4.771,   0.900,   4.471,   1.300,   4.871
202604270106,   4.073,9999.000,9999.000,9999.000,9999.000,9999.000,9999.000,9999.000,9999.000
202604270112,   4.261,9999.000,9999.000,9999.000,9999.000,9999.000,9999.000,9999.000,9999.000
202604270118,   4.450,9999.000,9999.000,9999.000,9999.000,9999.000,9999.000,9999.000,9999.000
202604270124,   4.638,9999.000,9999.000,9999.000,9999.000,9999.000,9999.000,9999.000,9999.000
202604270130,   4.825,9999.000,9999.000,9999.000,9999.000,9999.000,9999.000,9999.000,9999.000
202604270136,   5.011,9999.000,9999.000,9999.000,9999.000,9999.000,9999.000,9999.000,9999.000
202604270142,   5.195,9999.000,9999.000,9999.000,9999.000,9999.000,9999.000,9999.000,9999.000
202604270148,   5.377,9999.000,9999.000,9999.000,9999.000,9999.000,9999.000,9999.000,9999.000
202604270154,   5.555,9999.000,9999.000,9999.000,9999.000,9999.000,9999.000,9999.000,9999.000
202604270200,   5.729,9999.000,   1.200,  -0.315,   6.614,   1.000,   6.414,   1.400,   6.814
202604270206,   5.898,9999.000,9999.000,9999.000,9999.000,9999.000,9999.000,9999.000,9999.000
202604270212,   6.061,9999.000,9999.000,9999.000,9999.000,9999.000,9999.000,9999.000,9999.000
202604270218,   6.217,9999.000,9999.000,9999.000,9999.000,9999.000,9999.000,9999.000,9999.000
202604270224,   6.367,9999.000,9999.000,9999.000,9999.000,9999.000,9999.000,9999.000,9999.000
202604270230,   6.508,9999.000,9999.000,9999.000,9999.000,9999.000,9999.000,9999.000,9999.000
202604270236,   6.641,9999.000,9999.000,9999.000,9999.000,9999.000,9999.000,9999.000,9999.000
202604270242,   6.765,9999.000,9999.000,9999.000,9999.000,9999.000,9999.000,9999.000,9999.000
202604270248,   6.878,9999.000,9999.000,9999.000,9999.000,9999.000,9999.000,9999.000,9999.000
202604270254,   6.982,9999.000,9999.000,9999.000,9999.000,9999.000,9999.000,9999.000,9999.000
202604270300,   7.076,9999.000,   1.200,  -0.315,   7.961,   1.000,   7.761,   1.400,   8.161
202604270306,   7.158,9999.000,9999.000,9999.000,9999.000,9999.000,9999.000,9999.000,9999.000
202604270312,   7.230,9999.000,9999.000,9999.000,9999.000,9999.000,9999.000,9999.000,9999.000
202604270318,   7.291,9999.000,9999.000,9999.000,9999.000,9999.000,9999.000,9999.000,9999.000
202604270324,   7.341,9999.000,9999.000,9999.000,9999.000,9999.000,9999.000,9999.000,9999.000
202604270330,   7.381,9999.000,9999.000,9999.000,9999.000,9999.000,9999.000,9999.000,9999.000
202604270336,   7.409,9999.000,9999.000,9999.000,9999.000,9999.000,9999.000,9999.000,9999.000
202604270342,   7.428,9999.000,9999.000,9999.000,9999.000,9999.000,9999.000,9999.000,9999.000
202604270348,   7.436,9999.000,9999.000,9999.000,9999.000,9999.000,9999.000,9999.000,9999.000
202604270354,   7.435,9999.000,9999.000,9999.000,9999.000,9999.000,9999.000,9999.000,9999.000
202604270400,   7.424,9999.000,   1.200,  -0.315,   8.309,   1.000,   8.109,   1.400,   8.509
202604270406,   7.405,9999.000,9999.000,9999.000,9999.000,9999.000,9999.000,9999.000,9999.000
202604270412,   7.377,9999.000,9999.000,9999.000,9999.000,9999.000,9999.000,9999.000,9999.000
202604270418,   7.340,9999.000,9999.000,9999.000,9999.000,9999.000,9999.000,9999.000,9999.000
202604270424,   7.297,9999.000,9999.000,9999.000,9999.000,9999.000,9999.000,9999.000,9999.000
202604270430,   7.246,9999.000,9999.000,9999.000,9999.000,9999.000,9999.000,9999.000,9999.000
202604270436,   7.188,9999.000,9999.000,9999.000,9999.000,9999.000,9999.000,9999.000,9999.000
202604270442,   7.124,9999.000,9999.000,9999.000,9999.000,9999.000,9999.000,9999.000,9999.000
202604270448,   7.053,9999.000,9999.000,9999.000,9999.000,9999.000,9999.000,9999.000,9999.000
202604270454,   6.977,9999.000,9999.000,9999.000,9999.000,9999.000,9999.000,9999.000,9999.000
202604270500,   6.896,9999.000,   1.200,  -0.315,   7.781,   1.000,   7.581,   1.400,   7.981
202604270506,   6.810,9999.000,9999.000,9999.000,9999.000,9999.000,9999.000,9999.000,9999.000
202604270512,   6.719,9999.000,9999.000,9999.000,9999.000,9999.000,9999.000,9999.000,9999.000
202604270518,   6.623,9999.000,9999.000,9999.000,9999.000,9999.000,9999.000,9999.000,9999.000
202604270524,   6.524,9999.000,9999.000,9999.000,9999.000,9999.000,9999.000,9999.000,9999.000
202604270530,   6.421,9999.000,9999.000,9999.000,9999.000,9999.000,9999.000,9999.000,9999.000
202604270536,   6.315,9999.000,9999.000,9999.000,9999.000,9999.000,9999.000,9999.000,9999.000
202604270542,   6.205,9999.000,9999.000,9999.000,9999.000,9999.000,9999.000,9999.000,9999.000
202604270548,   6.092,9999.000,9999.000,9999.000,9999.000,9999.000,9999.000,9999.000,9999.000
202604270554,   5.977,9999.000,9999.000,9999.000,9999.000,9999.000,9999.000,9999.000,9999.000
202604270600,   5.860,9999.000,   1.200,  -0.315,   6.745,   1.000,   6.545,   1.400,   6.945
202604270606,   5.741,9999.000,9999.000,9999.000,9999.000,9999.000,9999.000,9999.000,9999.000
202604270612,   5.620,9999.000,9999.000,9999.000,9999.000,9999.000,9999.000,9999.000,9999.000
202604270618,   5.498,9999.000,9999.000,9999.000,9999.000,9999.000,9999.000,9999.000,9999.000
202604270624,   5.375,9999.000,9999.000,9999.000,9999.000,9999.000,9999.000,9999.000,9999.000
202604270630,   5.252,9999.000,9999.000,9999.000,9999.000,9999.000,9999.000,9999.000,9999.000
202604270636,   5.127,9999.000,9999.000,9999.000,9999.000,9999.000,9999.000,9999.000,9999.000
202604270642,   5.002,9999.000,9999.000,9999.000,9999.000,9999.000,9999.000,9999.000,9999.000
202604270648,   4.877,9999.000,9999.000,9999.000,9999.000,9999.000,9999.000,9999.000,9999.000
202604270654,   4.752,9999.000,9999.000,9999.000,9999.000,9999.000,9999.000,9999.000,9999.000
202604270700,   4.627,9999.000,   1.200,  -0.315,   5.512,   1.000,   5.312,   1.400,   5.712
202604270706,   4.501,9999.000,9999.000,9999.000,9999.000,9999.000,9999.000,9999.000,9999.000
202604270712,   4.376,9999.000,9999.000,9999.000,9999.000,9999.000,9999.000,9999.000,9999.000
202604270718,   4.251,9999.000,9999.000,9999.000,9999.000,9999.000,9999.000,9999.000,9999.000
202604270724,   4.125,9999.000,9999.000,9999.000,9999.000,9999.000,9999.000,9999.000,9999.000
202604270730,   3.999,9999.000,9999.000,9999.000,9999.000,9999.000,9999.000,9999.000,9999.000
202604270736,   3.872,9999.000,9999.000,9999.000,9999.000,9999.000,9999.000,9999.000,9999.000
202604270742,   3.745,9999.000,9999.000,9999.000,9999.000,9999.000,9999.000,9999.000,9999.000
202604270748,   3.616,9999.000,9999.000,9999.000,9999.000,9999.000,9999.000,9999.000,9999.000
202604270754,   3.487,9999.000,9999.000,9999.000,9999.000,9999.000,9999.000,9999.000,9999.000
202604270800,   3.356,9999.000,   1.200,  -0.315,   4.241,   1.100,   4.141,   1.400,   4.441
202604270806,   3.224,9999.000,9999.000,9999.000,9999.000,9999.000,9999.000,9999.000,9999.000
202604270812,   3.091,9999.000,9999.000,9999.000,9999.000,9999.000,9999.000,9999.000,9999.000
202604270818,   2.956,9999.000,9999.000,9999.000,9999.000,9999.000,9999.000,9999.000,9999.000
202604270824,   2.820,9999.000,9999.000,9999.000,9999.000,9999.000,9999.000,9999.000,9999.000
202604270830,   2.683,9999.000,9999.000,9999.000,9999.000,9999.000,9999.000,9999.000,9999.000
202604270836,   2.545,9999.000,9999.000,9999.000,9999.000,9999.000,9999.000,9999.000,9999.000
202604270842,   2.406,9999.000,9999.000,9999.000,9999.000,9999.000,9999.000,9999.000,9999.000
202604270848,   2.267,9999.000,9999.000,9999.000,9999.000,9999.000,9999.000,9999.000,9999.000
202604270854,   2.129,9999.000,9999.000,9999.000,9999.000,9999.000,9999.000,9999.000,9999.000
202604270900,   1.992,9999.000,   1.200,  -0.315,   2.877,   1.100,   2.777,   1.400,   3.077
202604270906,   1.856,9999.000,9999.000,9999.000,9999.000,9999.000,9999.000,9999.000,9999.000
202604270912,   1.723,9999.000,9999.000,9999.000,9999.000,9999.000,9999.000,9999.000,9999.000
202604270918,   1.594,9999.000,9999.000,9999.000,9999.000,9999.000,9999.000,9999.000,9999.000
202604270924,   1.469,9999.000,9999.000,9999.000,9999.000,9999.000,9999.000,9999.000,9999.000
202604270930,   1.350,9999.000,9999.000,9999.000,9999.000,9999.000,9999.000,9999.000,9999.000
202604270936,   1.237,9999.000,9999.000,9999.000,9999.000,9999.000,9999.000,9999.000,9999.000
202604270942,   1.131,9999.000,9999.000,9999.000,9999.000,9999.000,9999.000,9999.000,9999.000
202604270948,   1.034,9999.000,9999.000,9999.000,9999.000,9999.000,9999.000,9999.000,9999.000
202604270954,   0.947,9999.000,9999.000,9999.000,9999.000,9999.000,9999.000,9999.000,9999.000
202604271000,   0.870,9999.000,   1.200,  -0.315,   1.755,   1.000,   1.555,   1.400,   1.955
202604271006,   0.804,9999.000,9999.000,9999.000,9999.000,9999.000,9999.000,9999.000,9999.000
202604271012,   0.749,9999.000,9999.000,9999.000,9999.000,9999.000,9999.000,9999.000,9999.000
202604271018,   0.707,9999.000,9999.000,9999.000,9999.000,9999.000,9999.000,9999.000,9999.000
202604271024,   0.678,9999.000,9999.000,9999.000,9999.000,9999.000,9999.000,9999.000,9999.000
202604271030,   0.662,9999.000,9999.000,9999.000,9999.000,9999.000,9999.000,9999.000,9999.000
202604271036,   0.659,9999.000,9999.000,9999.000,9999.000,9999.000,9999.000,9999.000,9999.000
202604271042,   0.670,9999.000,9999.000,9999.000,9999.000,9999.000,9999.000,9999.000,9999.000
202604271048,   0.694,9999.000,9999.000,9999.000,9999.000,9999.000,9999.000,9999.000,9999.000
202604271054,   0.731,9999.000,9999.000,9999.000,9999.000,9999.000,9999.000,9999.000,9999.000
202604271100,   0.781,9999.000,   1.200,  -0.315,   1.666,   1.000,   1.466,   1.400,   1.866
202604271106,   0.843,9999.000,9999.000,9999.000,9999.000,9999.000,9999.000,9999.000,9999.000
202604271112,   0.917,9999.000,9999.000,9999.000,9999.000,9999.000,9999.000,9999.000,9999.000
202604271118,   1.002,9999.000,9999.000,9999.000,9999.000,9999.000,9999.000,9999.000,9999.000
202604271124,   1.097,9999.000,9999.000,9999.000,9999.000,9999.000,9999.000,9999.000,9999.000
202604271130,   1.202,9999.000,9999.000,9999.000,9999.000,9999.000,9999.000,9999.000,9999.000
202604271136,   1.316,9999.000,9999.000,9999.000,9999.000,9999.000,9999.000,9999.000,9999.000
202604271142,   1.438,9999.000,9999.000,9999.000,9999.000,9999.000,9999.000,9999.000,9999.000
202604271148,   1.568,9999.000,9999.000,9999.000,9999.000,9999.000,9999.000,9999.000,9999.000
202604271154,   1.703,9999.000,9999.000,9999.000,9999.000,9999.000,9999.000,9999.000,9999.000
202604271200,   1.845,9999.000,   1.200,  -0.315,   2.730,   1.000,   2.530,   1.500,   3.030
202604271206,   1.992,9999.000,9999.000,9999.000,9999.000,9999.000,9999.000,9999.000,9999.000
202604271212,   2.143,9999.000,9999.000,9999.000,9999.000,9999.000,9999.000,9999.000,9999.000
202604271218,   2.299,9999.000,9999.000,9999.000,9999.000,9999.000,9999.000,9999.000,9999.000
202604271224,   2.457,9999.000,9999.000,9999.000,9999.000,9999.000,9999.000,9999.000,9999.000
202604271230,   2.619,9999.000,9999.000,9999.000,9999.000,9999.000,9999.000,9999.000,9999.000
202604271236,   2.784,9999.000,9999.000,9999.000,9999.000,9999.000,9999.000,9999.000,9999.000
202604271242,   2.950,9999.000,9999.000,9999.000,9999.000,9999.000,9999.000,9999.000,9999.000
202604271248,   3.119,9999.000,9999.000,9999.000,9999.000,9999.000,9999.000,9999.000,9999.000
202604271254,   3.290,9999.000,9999.000,9999.000,9999.000,9999.000,9999.000,9999.000,9999.000
202604271300,   3.462,9999.000,   1.200,  -0.315,   4.347,   1.000,   4.147,   1.500,   4.647
202604271306,   3.636,9999.000,9999.000,9999.000,9999.000,9999.000,9999.000,9999.000,9999.000
202604271312,   3.811,9999.000,9999.000,9999.000,9999.000,9999.000,9999.000,9999.000,9999.000
202604271318,   3.987,9999.000,9999.000,9999.000,9999.000,9999.000,9999.000,9999.000,9999.000
202604271324,   4.164,9999.000,9999.000,9999.000,9999.000,9999.000,9999.000,9999.000,9999.000
202604271330,   4.341,9999.000,9999.000,9999.000,9999.000,9999.000,9999.000,9999.000,9999.000
202604271336,   4.518,9999.000,9999.000,9999.000,9999.000,9999.000,9999.000,9999.000,9999.000
202604271342,   4.695,9999.000,9999.000,9999.000,9999.000,9999.000,9999.000,9999.000,9999.000
202604271348,   4.871,9999.000,9999.000,9999.000,9999.000,9999.000,9999.000,9999.000,9999.000
202604271354,   5.046,9999.000,9999.000,9999.000,9999.000,9999.000,9999.000,9999.000,9999.000
202604271400,   5.219,9999.000,   1.200,  -0.315,   6.104,   1.000,   5.904,   1.500,   6.404
202604271406,   5.390,9999.000,9999.000,9999.000,9999.000,9999.000,9999.000,9999.000,9999.000
202604271412,   5.558,9999.000,9999.000,9999.000,9999.000,9999.000,9999.000,9999.000,9999.000
202604271418,   5.722,9999.000,9999.000,9999.000,9999.000,9999.000,9999.000,9999.000,9999.000
202604271424,   5.882,9999.000,9999.000,9999.000,9999.000,9999.000,9999.000,9999.000,9999.000
202604271430,   6.037,9999.000,9999.000,9999.000,9999.000,9999.000,9999.000,9999.000,9999.000
202604271436,   6.186,9999.000,9999.000,9999.000,9999.000,9999.000,9999.000,9999.000,9999.000
202604271442,   6.329,9999.000,9999.000,9999.000,9999.000,9999.000,9999.000,9999.000,9999.000
202604271448,   6.465,9999.000,9999.000,9999.000,9999.000,9999.000,9999.000,9999.000,9999.000
202604271454,   6.592,9999.000,9999.000,9999.000,9999.000,9999.000,9999.000,9999.000,9999.000
202604271500,   6.712,9999.000,   1.200,  -0.315,   7.597,   1.000,   7.397,   1.500,   7.897
202604271506,   6.823,9999.000,9999.000,9999.000,9999.000,9999.000,9999.000,9999.000,9999.000
202604271512,   6.924,9999.000,9999.000,9999.000,9999.000,9999.000,9999.000,9999.000,9999.000
202604271518,   7.016,9999.000,9999.000,9999.000,9999.000,9999.000,9999.000,9999.000,9999.000
202604271524,   7.097,9999.000,9999.000,9999.000,9999.000,9999.000,9999.000,9999.000,9999.000
202604271530,   7.169,9999.000,9999.000,9999.000,9999.000,9999.000,9999.000,9999.000,9999.000
202604271536,   7.231,9999.000,9999.000,9999.000,9999.000,9999.000,9999.000,9999.000,9999.000
202604271542,   7.282,9999.000,9999.000,9999.000,9999.000,9999.000,9999.000,9999.000,9999.000
202604271548,   7.323,9999.000,9999.000,9999.000,9999.000,9999.000,9999.000,9999.000,9999.000
202604271554,   7.354,9999.000,9999.000,9999.000,9999.000,9999.000,9999.000,9999.000,9999.000
202604271600,   7.375,9999.000,   1.200,  -0.315,   8.260,   1.000,   8.060,   1.500,   8.560
202604271606,   7.387,9999.000,9999.000,9999.000,9999.000,9999.000,9999.000,9999.000,9999.000
202604271612,   7.389,9999.000,9999.000,9999.000,9999.000,9999.000,9999.000,9999.000,9999.000
202604271618,   7.383,9999.000,9999.000,9999.000,9999.000,9999.000,9999.000,9999.000,9999.000
202604271624,   7.368,9999.000,9999.000,9999.000,9999.000,9999.000,9999.000,9999.000,9999.000
202604271630,   7.345,9999.000,9999.000,9999.000,9999.000,9999.000,9999.000,9999.000,9999.000
202604271636,   7.315,9999.000,9999.000,9999.000,9999.000,9999.000,9999.000,9999.000,9999.000
202604271642,   7.277,9999.000,9999.000,9999.000,9999.000,9999.000,9999.000,9999.000,9999.000
202604271648,   7.233,9999.000,9999.000,9999.000,9999.000,9999.000,9999.000,9999.000,9999.000
202604271654,   7.183,9999.000,9999.000,9999.000,9999.000,9999.000,9999.000,9999.000,9999.000
202604271700,   7.126,9999.000,   1.200,  -0.315,   8.011,   1.000,   7.811,   1.400,   8.211
202604271706,   7.065,9999.000,9999.000,9999.000,9999.000,9999.000,9999.000,9999.000,9999.000
202604271712,   6.998,9999.000,9999.000,9999.000,9999.000,9999.000,9999.000,9999.000,9999.000
202604271718,   6.926,9999.000,9999.000,9999.000,9999.000,9999.000,9999.000,9999.000,9999.000
202604271724,   6.850,9999.000,9999.000,9999.000,9999.000,9999.000,9999.000,9999.000,9999.000
202604271730,   6.769,9999.000,9999.000,9999.000,9999.000,9999.000,9999.000,9999.000,9999.000
202604271736,   6.685,9999.000,9999.000,9999.000,9999.000,9999.000,9999.000,9999.000,9999.000
202604271742,   6.597,9999.000,9999.000,9999.000,9999.000,9999.000,9999.000,9999.000,9999.000
202604271748,   6.506,9999.000,9999.000,9999.000,9999.000,9999.000,9999.000,9999.000,9999.000
202604271754,   6.412,9999.000,9999.000,9999.000,9999.000,9999.000,9999.000,9999.000,9999.000
202604271800,   6.314,9999.000,   1.200,  -0.315,   7.199,   0.900,   6.899,   1.400,   7.399
202604271806,   6.215,9999.000,9999.000,9999.000,9999.000,9999.000,9999.000,9999.000,9999.000
202604271812,   6.112,9999.000,9999.000,9999.000,9999.000,9999.000,9999.000,9999.000,9999.000
202604271818,   6.008,9999.000,9999.000,9999.000,9999.000,9999.000,9999.000,9999.000,9999.000
202604271824,   5.901,9999.000,9999.000,9999.000,9999.000,9999.000,9999.000,9999.000,9999.000
202604271830,   5.793,9999.000,9999.000,9999.000,9999.000,9999.000,9999.000,9999.000,9999.000
202604271836,   5.683,9999.000,9999.000,9999.000,9999.000,9999.000,9999.000,9999.000,9999.000
202604271842,   5.571,9999.000,9999.000,9999.000,9999.000,9999.000,9999.000,9999.000,9999.000
202604271848,   5.459,9999.000,9999.000,9999.000,9999.000,9999.000,9999.000,9999.000,9999.000
202604271854,   5.345,9999.000,9999.000,9999.000,9999.000,9999.000,9999.000,9999.000,9999.000
202604271900,   5.231,9999.000,   1.200,  -0.315,   6.116,   0.900,   5.816,   1.400,   6.316
202604271906,   5.115,9999.000,9999.000,9999.000,9999.000,9999.000,9999.000,9999.000,9999.000
202604271912,   4.999,9999.000,9999.000,9999.000,9999.000,9999.000,9999.000,9999.000,9999.000
202604271918,   4.883,9999.000,9999.000,9999.000,9999.000,9999.000,9999.000,9999.000,9999.000
202604271924,   4.766,9999.000,9999.000,9999.000,9999.000,9999.000,9999.000,9999.000,9999.000
202604271930,   4.648,9999.000,9999.000,9999.000,9999.000,9999.000,9999.000,9999.000,9999.000
202604271936,   4.529,9999.000,9999.000,9999.000,9999.000,9999.000,9999.000,9999.000,9999.000
202604271942,   4.409,9999.000,9999.000,9999.000,9999.000,9999.000,9999.000,9999.000,9999.000
202604271948,   4.288,9999.000,9999.000,9999.000,9999.000,9999.000,9999.000,9999.000,9999.000
202604271954,   4.166,9999.000,9999.000,9999.000,9999.000,9999.000,9999.000,9999.000,9999.000
202604272000,   4.042,9999.000,   1.200,  -0.315,   4.927,   0.900,   4.627,   1.400,   5.127
202604272006,   3.916,9999.000,9999.000,9999.000,9999.000,9999.000,9999.000,9999.000,9999.000
202604272012,   3.789,9999.000,9999.000,9999.000,9999.000,9999.000,9999.000,9999.000,9999.000
202604272018,   3.659,9999.000,9999.000,9999.000,9999.000,9999.000,9999.000,9999.000,9999.000
202604272024,   3.527,9999.000,9999.000,9999.000,9999.000,9999.000,9999.000,9999.000,9999.000
202604272030,   3.392,9999.000,9999.000,9999.000,9999.000,9999.000,9999.000,9999.000,9999.000
202604272036,   3.255,9999.000,9999.000,9999.000,9999.000,9999.000,9999.000,9999.000,9999.000
202604272042,   3.115,9999.000,9999.000,9999.000,9999.000,9999.000,9999.000,9999.000,9999.000
202604272048,   2.972,9999.000,9999.000,9999.000,9999.000,9999.000,9999.000,9999.000,9999.000
202604272054,   2.827,9999.000,9999.000,9999.000,9999.000,9999.000,9999.000,9999.000,9999.000
202604272100,   2.680,9999.000,   1.100,  -0.315,   3.465,   0.900,   3.265,   1.400,   3.765
202604272106,   2.530,9999.000,9999.000,9999.000,9999.000,9999.000,9999.000,9999.000,9999.000
202604272112,   2.380,9999.000,9999.000,9999.000,9999.000,9999.000,9999.000,9999.000,9999.000
202604272118,   2.228,9999.000,9999.000,9999.000,9999.000,9999.000,9999.000,9999.000,9999.000
202604272124,   2.076,9999.000,9999.000,9999.000,9999.000,9999.000,9999.000,9999.000,9999.000
202604272130,   1.925,9999.000,9999.000,9999.000,9999.000,9999.000,9999.000,9999.000,9999.000
202604272136,   1.775,9999.000,9999.000,9999.000,9999.000,9999.000,9999.000,9999.000,9999.000
202604272142,   1.628,9999.000,9999.000,9999.000,9999.000,9999.000,9999.000,9999.000,9999.000
202604272148,   1.483,9999.000,9999.000,9999.000,9999.000,9999.000,9999.000,9999.000,9999.000
202604272154,   1.344,9999.000,9999.000,9999.000,9999.000,9999.000,9999.000,9999.000,9999.000
202604272200,   1.209,9999.000,   1.100,  -0.315,   1.994,   0.900,   1.794,   1.500,   2.394
202604272206,   1.082,9999.000,9999.000,9999.000,9999.000,9999.000,9999.000,9999.000,9999.000
202604272212,   0.962,9999.000,9999.000,9999.000,9999.000,9999.000,9999.000,9999.000,9999.000
202604272218,   0.850,9999.000,9999.000,9999.000,9999.000,9999.000,9999.000,9999.000,9999.000
202604272224,   0.749,9999.000,9999.000,9999.000,9999.000,9999.000,9999.000,9999.000,9999.000
202604272230,   0.658,9999.000,9999.000,9999.000,9999.000,9999.000,9999.000,9999.000,9999.000
202604272236,   0.578,9999.000,9999.000,9999.000,9999.000,9999.000,9999.000,9999.000,9999.000
202604272242,   0.511,9999.000,9999.000,9999.000,9999.000,9999.000,9999.000,9999.000,9999.000
202604272248,   0.456,9999.000,9999.000,9999.000,9999.000,9999.000,9999.000,9999.000,9999.000
202604272254,   0.415,9999.000,9999.000,9999.000,9999.000,9999.000,9999.000,9999.000,9999.000
202604272300,   0.388,9999.000,   1.100,  -0.315,   1.173,   0.900,   0.973,   1.500,   1.573
202604272306,   0.374,9999.000,9999.000,9999.000,9999.000,9999.000,9999.000,9999.000,9999.000
202604272312,   0.374,9999.000,9999.000,9999.000,9999.000,9999.000,9999.000,9999.000,9999.000
202604272318,   0.389,9999.000,9999.000,9999.000,9999.000,9999.000,9999.000,9999.000,9999.000
202604272324,   0.417,9999.000,9999.000,9999.000,9999.000,9999.000,9999.000,9999.000,9999.000
202604272330,   0.458,9999.000,9999.000,9999.000,9999.000,9999.000,9999.000,9999.000,9999.000
202604272336,   0.512,9999.000,9999.000,9999.000,9999.000,9999.000,9999.000,9999.000,9999.000
202604272342,   0.579,9999.000,9999.000,9999.000,9999.000,9999.000,9999.000,9999.000,9999.000
202604272348,   0.657,9999.000,9999.000,9999.000,9999.000,9999.000,9999.000,9999.000,9999.000
202604272354,   0.747,9999.000,9999.000,9999.000,9999.000,9999.000,9999.000,9999.000,9999.000
202604280000,   0.847,9999.000,   1.100,  -0.315,   1.632,   0.900,   1.432,   1.400,   1.932
202604280006,   0.957,9999.000,9999.000,9999.000,9999.000,9999.000,9999.000,9999.000,9999.000
202604280012,   1.076,9999.000,9999.000,9999.000,9999.000,9999.000,9999.000,9999.000,9999.000
202604280018,   1.204,9999.000,9999.000,9999.000,9999.000,9999.000,9999.000,9999.000,9999.000
202604280024,   1.340,9999.000,9999.000,9999.000,9999.000,9999.000,9999.000,9999.000,9999.000
202604280030,   1.483,9999.000,9999.000,9999.000,9999.000,9999.000,9999.000,9999.000,9999.000
202604280036,   1.632,9999.000,9999.000,9999.000,9999.000,9999.000,9999.000,9999.000,9999.000
202604280042,   1.787,9999.000,9999.000,9999.000,9999.000,9999.000,9999.000,9999.000,9999.000
202604280048,   1.948,9999.000,9999.000,9999.000,9999.000,9999.000,9999.000,9999.000,9999.000
202604280054,   2.114,9999.000,9999.000,9999.000,9999.000,9999.000,9999.000,9999.000,9999.000
202604280100,   2.285,9999.000,   1.100,  -0.315,   3.070,   0.900,   2.870,   1.400,   3.370
202604280106,   2.460,9999.000,9999.000,9999.000,9999.000,9999.000,9999.000,9999.000,9999.000
202604280112,   2.639,9999.000,9999.000,9999.000,9999.000,9999.000,9999.000,9999.000,9999.000
202604280118,   2.822,9999.000,9999.000,9999.000,9999.000,9999.000,9999.000,9999.000,9999.000
202604280124,   3.008,9999.000,9999.000,9999.000,9999.000,9999.000,9999.000,9999.000,9999.000
202604280130,   3.198,9999.000,9999.000,9999.000,9999.000,9999.000,9999.000,9999.000,9999.000
202604280136,   3.391,9999.000,9999.000,9999.000,9999.000,9999.000,9999.000,9999.000,9999.000
202604280142,   3.586,9999.000,9999.000,9999.000,9999.000,9999.000,9999.000,9999.000,9999.000
202604280148,   3.783,9999.000,9999.000,9999.000,9999.000,9999.000,9999.000,9999.000,9999.000
202604280154,   3.983,9999.000,9999.000,9999.000,9999.000,9999.000,9999.000,9999.000,9999.000
202604280200,   4.184,9999.000,   1.100,  -0.315,   4.969,   0.900,   4.769,   1.400,   5.269
202604280206,   4.386,9999.000,9999.000,9999.000,9999.000,9999.000,9999.000,9999.000,9999.000
202604280212,   4.588,9999.000,9999.000,9999.000,9999.000,9999.000,9999.000,9999.000,9999.000
202604280218,   4.790,9999.000,9999.000,9999.000,9999.000,9999.000,9999.000,9999.000,9999.000
202604280224,   4.992,9999.000,9999.000,9999.000,9999.000,9999.000,9999.000,9999.000,9999.000
202604280230,   5.192,9999.000,9999.000,9999.000,9999.000,9999.000,9999.000,9999.000,9999.000
202604280236,   5.390,9999.000,9999.000,9999.000,9999.000,9999.000,9999.000,9999.000,9999.000
202604280242,   5.584,9999.000,9999.000,9999.000,9999.000,9999.000,9999.000,9999.000,9999.000
202604280248,   5.775,9999.000,9999.000,9999.000,9999.000,9999.000,9999.000,9999.000,9999.000
202604280254,   5.961,9999.000,9999.000,9999.000,9999.000,9999.000,9999.000,9999.000,9999.000
202604280300,   6.141,9999.000,   1.200,  -0.315,   7.026,   0.900,   6.726,   1.500,   7.326
202604280306,   6.315,9999.000,9999.000,9999.000,9999.000,9999.000,9999.000,9999.000,9999.000
202604280312,   6.482,9999.000,9999.000,9999.000,9999.000,9999.000,9999.000,9999.000,9999.000
202604280318,   6.640,9999.000,9999.000,9999.000,9999.000,9999.000,9999.000,9999.000,9999.000
202604280324,   6.790,9999.000,9999.000,9999.000,9999.000,9999.000,9999.000,9999.000,9999.000
202604280330,   6.930,9999.000,9999.000,9999.000,9999.000,9999.000,9999.000,9999.000,9999.000
202604280336,   7.060,9999.000,9999.000,9999.000,9999.000,9999.000,9999.000,9999.000,9999.000
202604280342,   7.180,9999.000,9999.000,9999.000,9999.000,9999.000,9999.000,9999.000,9999.000
202604280348,   7.289,9999.000,9999.000,9999.000,9999.000,9999.000,9999.000,9999.000,9999.000
202604280354,   7.387,9999.000,9999.000,9999.000,9999.000,9999.000,9999.000,9999.000,9999.000
202604280400,   7.473,9999.000,   1.200,  -0.315,   8.358,   0.900,   8.058,   1.500,   8.658
202604280406,   7.548,9999.000,9999.000,9999.000,9999.000,9999.000,9999.000,9999.000,9999.000
202604280412,   7.611,9999.000,9999.000,9999.000,9999.000,9999.000,9999.000,9999.000,9999.000
202604280418,   7.663,9999.000,9999.000,9999.000,9999.000,9999.000,9999.000,9999.000,9999.000
202604280424,   7.703,9999.000,9999.000,9999.000,9999.000,9999.000,9999.000,9999.000,9999.000
202604280430,   7.733,9999.000,9999.000,9999.000,9999.000,9999.000,9999.000,9999.000,9999.000
202604280436,   7.751,9999.000,9999.000,9999.000,9999.000,9999.000,9999.000,9999.000,9999.000
202604280442,   7.759,9999.000,9999.000,9999.000,9999.000,9999.000,9999.000,9999.000,9999.000
202604280448,   7.757,9999.000,9999.000,9999.000,9999.000,9999.000,9999.000,9999.000,9999.000
202604280454,   7.745,9999.000,9999.000,9999.000,9999.000,9999.000,9999.000,9999.000,9999.000
202604280500,   7.723,9999.000,   1.200,  -0.315,   8.608,   0.900,   8.308,   1.500,   8.908
202604280506,   7.693,9999.000,9999.000,9999.000,9999.000,9999.000,9999.000,9999.000,9999.000
202604280512,   7.655,9999.000,9999.000,9999.000,9999.000,9999.000,9999.000,9999.000,9999.000
202604280518,   7.608,9999.000,9999.000,9999.000,9999.000,9999.000,9999.000,9999.000,9999.000
202604280524,   7.554,9999.000,9999.000,9999.000,9999.000,9999.000,9999.000,9999.000,9999.000
202604280530,   7.493,9999.000,9999.000,9999.000,9999.000,9999.000,9999.000,9999.000,9999.000
202604280536,   7.425,9999.000,9999.000,9999.000,9999.000,9999.000,9999.000,9999.000,9999.000
202604280542,   7.350,9999.000,9999.000,9999.000,9999.000,9999.000,9999.000,9999.000,9999.000
202604280548,   7.270,9999.000,9999.000,9999.000,9999.000,9999.000,9999.000,9999.000,9999.000
202604280554,   7.184,9999.000,9999.000,9999.000,9999.000,9999.000,9999.000,9999.000,9999.000
202604280600,   7.093,9999.000,   1.200,  -0.315,   7.978,   0.900,   7.678,   1.500,   8.278
202604280606,   6.997,9999.000,9999.000,9999.000,9999.000,9999.000,9999.000,9999.000,9999.000
202604280612,   6.896,9999.000,9999.000,9999.000,9999.000,9999.000,9999.000,9999.000,9999.000
202604280618,   6.792,9999.000,9999.000,9999.000,9999.000,9999.000,9999.000,9999.000,9999.000
202604280624,   6.683,9999.000,9999.000,9999.000,9999.000,9999.000,9999.000,9999.000,9999.000
202604280630,   6.571,9999.000,9999.000,9999.000,9999.000,9999.000,9999.000,9999.000,9999.000
202604280636,   6.455,9999.000,9999.000,9999.000,9999.000,9999.000,9999.000,9999.000,9999.000
202604280642,   6.336,9999.000,9999.000,9999.000,9999.000,9999.000,9999.000,9999.000,9999.000
202604280648,   6.215,9999.000,9999.000,9999.000,9999.000,9999.000,9999.000,9999.000,9999.000
202604280654,   6.092,9999.000,9999.000,9999.000,9999.000,9999.000,9999.000,9999.000,9999.000
202604280700,   5.967,9999.000,   1.200,  -0.315,   6.852,   0.900,   6.552,   1.500,   7.152
202604280706,   5.840,9999.000,9999.000,9999.000,9999.000,9999.000,9999.000,9999.000,9999.000
202604280712,   5.711,9999.000,9999.000,9999.000,9999.000,9999.000,9999.000,9999.000,9999.000
202604280718,   5.582,9999.000,9999.000,9999.000,9999.000,9999.000,9999.000,9999.000,9999.000
202604280724,   5.451,9999.000,9999.000,9999.000,9999.000,9999.000,9999.000,9999.000,9999.000
202604280730,   5.320,9999.000,9999.000,9999.000,9999.000,9999.000,9999.000,9999.000,9999.000
202604280736,   5.189,9999.000,9999.000,9999.000,9999.000,9999.000,9999.000,9999.000,9999.000
202604280742,   5.057,9999.000,9999.000,9999.000,9999.000,9999.000,9999.000,9999.000,9999.000
202604280748,   4.925,9999.000,9999.000,9999.000,9999.000,9999.000,9999.000,9999.000,9999.000
202604280754,   4.793,9999.000,9999.000,9999.000,9999.000,9999.000,9999.000,9999.000,9999.000
202604280800,   4.661,9999.000,   1.200,  -0.315,   5.546,   0.900,   5.246,   1.600,   5.946
202604280806,   4.528,9999.000,9999.000,9999.000,9999.000,9999.000,9999.000,9999.000,9999.000
202604280812,   4.395,9999.000,9999.000,9999.000,9999.000,9999.000,9999.000,9999.000,9999.000
202604280818,   4.262,9999.000,9999.000,9999.000,9999.000,9999.000,9999.000,9999.000,9999.000
202604280824,   4.128,9999.000,9999.000,9999.000,9999.000,9999.000,9999.000,9999.000,9999.000
202604280830,   3.993,9999.000,9999.000,9999.000,9999.000,9999.000,9999.000,9999.000,9999.000
202604280836,   3.857,9999.000,9999.000,9999.000,9999.000,9999.000,9999.000,9999.000,9999.000
202604280842,   3.720,9999.000,9999.000,9999.000,9999.000,9999.000,9999.000,9999.000,9999.000
202604280848,   3.582,9999.000,9999.000,9999.000,9999.000,9999.000,9999.000,9999.000,9999.000
202604280854,   3.442,9999.000,9999.000,9999.000,9999.000,9999.000,9999.000,9999.000,9999.000
202604280900,   3.300,9999.000,   1.200,  -0.315,   4.185,   0.900,   3.885,   1.600,   4.585
202604280906,   3.157,9999.000,9999.000,9999.000,9999.000,9999.000,9999.000,9999.000,9999.000
202604280912,   3.013,9999.000,9999.000,9999.000,9999.000,9999.000,9999.000,9999.000,9999.000
202604280918,   2.866,9999.000,9999.000,9999.000,9999.000,9999.000,9999.000,9999.000,9999.000
202604280924,   2.719,9999.000,9999.000,9999.000,9999.000,9999.000,9999.000,9999.000,9999.000
202604280930,   2.570,9999.000,9999.000,9999.000,9999.000,9999.000,9999.000,9999.000,9999.000
202604280936,   2.421,9999.000,9999.000,9999.000,9999.000,9999.000,9999.000,9999.000,9999.000
202604280942,   2.271,9999.000,9999.000,9999.000,9999.000,9999.000,9999.000,9999.000,9999.000
202604280948,   2.122,9999.000,9999.000,9999.000,9999.000,9999.000,9999.000,9999.000,9999.000
202604280954,   1.974,9999.000,9999.000,9999.000,9999.000,9999.000,9999.000,9999.000,9999.000
202604281000,   1.828,9999.000,   1.200,  -0.315,   2.713,   0.900,   2.413,   1.600,   3.113
202604281006,   1.685,9999.000,9999.000,9999.000,9999.000,9999.000,9999.000,9999.000,9999.000
202604281012,   1.545,9999.000,9999.000,9999.000,9999.000,9999.000,9999.000,9999.000,9999.000
202604281018,   1.411,9999.000,9999.000,9999.000,9999.000,9999.000,9999.000,9999.000,9999.000
202604281024,   1.281,9999.000,9999.000,9999.000,9999.000,9999.000,9999.000,9999.000,9999.000
202604281030,   1.159,9999.000,9999.000,9999.000,9999.000,9999.000,9999.000,9999.000,9999.000
202604281036,   1.044,9999.000,9999.000,9999.000,9999.000,9999.000,9999.000,9999.000,9999.000
202604281042,   0.939,9999.000,9999.000,9999.000,9999.000,9999.000,9999.000,9999.000,9999.000
202604281048,   0.842,9999.000,9999.000,9999.000,9999.000,9999.000,9999.000,9999.000,9999.000
202604281054,   0.757,9999.000,9999.000,9999.000,9999.000,9999.000,9999.000,9999.000,9999.000
202604281100,   0.683,9999.000,   1.200,  -0.315,   1.568,   0.900,   1.268,   1.600,   1.968
202604281106,   0.620,9999.000,9999.000,9999.000,9999.000,9999.000,9999.000,9999.000,9999.000
202604281112,   0.571,9999.000,9999.000,9999.000,9999.000,9999.000,9999.000,9999.000,9999.000
202604281118,   0.534,9999.000,9999.000,9999.000,9999.000,9999.000,9999.000,9999.000,9999.000
202604281124,   0.511,9999.000,9999.000,9999.000,9999.000,9999.000,9999.000,9999.000,9999.000
202604281130,   0.502,9999.000,9999.000,9999.000,9999.000,9999.000,9999.000,9999.000,9999.000
202604281136,   0.506,9999.000,9999.000,9999.000,9999.000,9999.000,9999.000,9999.000,9999.000
202604281142,   0.523,9999.000,9999.000,9999.000,9999.000,9999.000,9999.000,9999.000,9999.000
202604281148,   0.554,9999.000,9999.000,9999.000,9999.000,9999.000,9999.000,9999.000,9999.000
202604281154,   0.598,9999.000,9999.000,9999.000,9999.000,9999.000,9999.000,9999.000,9999.000
202604281200,   0.655,9999.000,   1.200,  -0.315,   1.540,   0.800,   1.140,   1.600,   1.940
202604281206,   0.723,9999.000,9999.000,9999.000,9999.000,9999.000,9999.000,9999.000,9999.000
202604281212,   0.803,9999.000,9999.000,9999.000,9999.000,9999.000,9999.000,9999.000,9999.000
202604281218,   0.894,9999.000,9999.000,9999.000,9999.000,9999.000,9999.000,9999.000,9999.000
202604281224,   0.994,9999.000,9999.000,9999.000,9999.000,9999.000,9999.000,9999.000,9999.000
202604281230,   1.104,9999.000,9999.000,9999.000,9999.000,9999.000,9999.000,9999.000,9999.000
202604281236,   1.223,9999.000,9999.000,9999.000,9999.000,9999.000,9999.000,9999.000,9999.000
202604281242,   1.350,9999.000,9999.000,9999.000,9999.000,9999.000,9999.000,9999.000,9999.000
202604281248,   1.483,9999.000,9999.000,9999.000,9999.000,9999.000,9999.000,9999.000,9999.000
202604281254,   1.624,9999.000,9999.000,9999.000,9999.000,9999.000,9999.000,9999.000,9999.000
202604281300,   1.770,9999.000,   1.200,  -0.315,   2.655,   0.800,   2.255,   1.700,   3.155
202604281306,   1.921,9999.000,9999.000,9999.000,9999.000,9999.000,9999.000,9999.000,9999.000
202604281312,   2.078,9999.000,9999.000,9999.000,9999.000,9999.000,9999.000,9999.000,9999.000
202604281318,   2.239,9999.000,9999.000,9999.000,9999.000,9999.000,9999.000,9999.000,9999.000
202604281324,   2.404,9999.000,9999.000,9999.000,9999.000,9999.000,9999.000,9999.000,9999.000
202604281330,   2.572,9999.000,9999.000,9999.000,9999.000,9999.000,9999.000,9999.000,9999.000
202604281336,   2.744,9999.000,9999.000,9999.000,9999.000,9999.000,9999.000,9999.000,9999.000
202604281342,   2.919,9999.000,9999.000,9999.000,9999.000,9999.000,9999.000,9999.000,9999.000
202604281348,   3.097,9999.000,9999.000,9999.000,9999.000,9999.000,9999.000,9999.000,9999.000
202604281354,   3.277,9999.000,9999.000,9999.000,9999.000,9999.000,9999.000,9999.000,9999.000
202604281400,   3.460,9999.000,   1.200,  -0.315,   4.345,   0.800,   3.945,   1.700,   4.845
202604281406,   3.645,9999.000,9999.000,9999.000,9999.000,9999.000,9999.000,9999.000,9999.000
202604281412,   3.831,9999.000,9999.000,9999.000,9999.000,9999.000,9999.000,9999.000,9999.000
202604281418,   4.019,9999.000,9999.000,9999.000,9999.000,9999.000,9999.000,9999.000,9999.000
202604281424,   4.207,9999.000,9999.000,9999.000,9999.000,9999.000,9999.000,9999.000,9999.000
202604281430,   4.397,9999.000,9999.000,9999.000,9999.000,9999.000,9999.000,9999.000,9999.000
202604281436,   4.586,9999.000,9999.000,9999.000,9999.000,9999.000,9999.000,9999.000,9999.000
202604281442,   4.775,9999.000,9999.000,9999.000,9999.000,9999.000,9999.000,9999.000,9999.000
202604281448,   4.963,9999.000,9999.000,9999.000,9999.000,9999.000,9999.000,9999.000,9999.000
202604281454,   5.148,9999.000,9999.000,9999.000,9999.000,9999.000,9999.000,9999.000,9999.000
202604281500,   5.332,9999.000,   1.200,  -0.315,   6.217,   0.800,   5.817,   1.700,   6.717
202604281506,   5.512,9999.000,9999.000,9999.000,9999.000,9999.000,9999.000,9999.000,9999.000
202604281512,   5.688,9999.000,9999.000,9999.000,9999.000,9999.000,9999.000,9999.000,9999.000
202604281518,   5.860,9999.000,9999.000,9999.000,9999.000,9999.000,9999.000,9999.000,9999.000
202604281524,   6.026,9999.000,9999.000,9999.000,9999.000,9999.000,9999.000,9999.000,9999.000
202604281530,   6.185,9999.000,9999.000,9999.000,9999.000,9999.000,9999.000,9999.000,9999.000
202604281536,   6.338,9999.000,9999.000,9999.000,9999.000,9999.000,9999.000,9999.000,9999.000
202604281542,   6.482,9999.000,9999.000,9999.000,9999.000,9999.000,9999.000,9999.000,9999.000
202604281548,   6.619,9999.000,9999.000,9999.000,9999.000,9999.000,9999.000,9999.000,9999.000
202604281554,   6.746,9999.000,9999.000,9999.000,9999.000,9999.000,9999.000,9999.000,9999.000
202604281600,   6.863,9999.000,   1.200,  -0.315,   7.748,   0.800,   7.348,   1.700,   8.248
202604281606,   6.970,9999.000,9999.000,9999.000,9999.000,9999.000,9999.000,9999.000,9999.000
202604281612,   7.067,9999.000,9999.000,9999.000,9999.000,9999.000,9999.000,9999.000,9999.000
202604281618,   7.153,9999.000,9999.000,9999.000,9999.000,9999.000,9999.000,9999.000,9999.000
202604281624,   7.229,9999.000,9999.000,9999.000,9999.000,9999.000,9999.000,9999.000,9999.000
202604281630,   7.293,9999.000,9999.000,9999.000,9999.000,9999.000,9999.000,9999.000,9999.000
202604281636,   7.346,9999.000,9999.000,9999.000,9999.000,9999.000,9999.000,9999.000,9999.000
202604281642,   7.389,9999.000,9999.000,9999.000,9999.000,9999.000,9999.000,9999.000,9999.000
202604281648,   7.420,9999.000,9999.000,9999.000,9999.000,9999.000,9999.000,9999.000,9999.000
202604281654,   7.442,9999.000,9999.000,9999.000,9999.000,9999.000,9999.000,9999.000,9999.000
202604281700,   7.453,9999.000,   1.200,  -0.315,   8.338,   0.800,   7.938,   1.700,   8.838
202604281706,   7.454,9999.000,9999.000,9999.000,9999.000,9999.000,9999.000,9999.000,9999.000
202604281712,   7.446,9999.000,9999.000,9999.000,9999.000,9999.000,9999.000,9999.000,9999.000
202604281718,   7.429,9999.000,9999.000,9999.000,9999.000,9999.000,9999.000,9999.000,9999.000
202604281724,   7.403,9999.000,9999.000,9999.000,9999.000,9999.000,9999.000,9999.000,9999.000
202604281730,   7.369,9999.000,9999.000,9999.000,9999.000,9999.000,9999.000,9999.000,9999.000
202604281736,   7.328,9999.000,9999.000,9999.000,9999.000,9999.000,9999.000,9999.000,9999.000
202604281742,   7.279,9999.000,9999.000,9999.000,9999.000,9999.000,9999.000,9999.000,9999.000
202604281748,   7.224,9999.000,9999.000,9999.000,9999.000,9999.000,9999.000,9999.000,9999.000
202604281754,   7.162,9999.000,9999.000,9999.000,9999.000,9999.000,9999.000,9999.000,9999.000
202604281800,   7.094,9999.000,   1.200,  -0.315,   7.979,   0.800,   7.579,   1.700,   8.479
202604281806,   7.020,9999.000,9999.000,9999.000,9999.000,9999.000,9999.000,9999.000,9999.000
202604281812,   6.942,9999.000,9999.000,9999.000,9999.000,9999.000,9999.000,9999.000,9999.000
202604281818,   6.858,9999.000,9999.000,9999.000,9999.000,9999.000,9999.000,9999.000,9999.000
202604281824,   6.770,9999.000,9999.000,9999.000,9999.000,9999.000,9999.000,9999.000,9999.000
202604281830,   6.678,9999.000,9999.000,9999.000,9999.000,9999.000,9999.000,9999.000,9999.000
202604281836,   6.581,9999.000,9999.000,9999.000,9999.000,9999.000,9999.000,9999.000,9999.000
202604281842,   6.481,9999.000,9999.000,9999.000,9999.000,9999.000,9999.000,9999.000,9999.000
202604281848,   6.378,9999.000,9999.000,9999.000,9999.000,9999.000,9999.000,9999.000,9999.000
202604281854,   6.271,9999.000,9999.000,9999.000,9999.000,9999.000,9999.000,9999.000,9999.000
202604281900,   6.162,9999.000,   1.200,  -0.315,   7.047,   0.800,   6.647,   1.700,   7.547
202604281906,   6.050,9999.000,9999.000,9999.000,9999.000,9999.000,9999.000,9999.000,9999.000
202604281912,   5.936,9999.000,9999.000,9999.000,9999.000,9999.000,9999.000,9999.000,9999.000
202604281918,   5.820,9999.000,9999.000,9999.000,9999.000,9999.000,9999.000,9999.000,9999.000
202604281924,   5.703,9999.000,9999.000,9999.000,9999.000,9999.000,9999.000,9999.000,9999.000
202604281930,   5.584,9999.000,9999.000,9999.000,9999.000,9999.000,9999.000,9999.000,9999.000
202604281936,   5.463,9999.000,9999.000,9999.000,9999.000,9999.000,9999.000,9999.000,9999.000
202604281942,   5.342,9999.000,9999.000,9999.000,9999.000,9999.000,9999.000,9999.000,9999.000
202604281948,   5.220,9999.000,9999.000,9999.000,9999.000,9999.000,9999.000,9999.000,9999.000
202604281954,   5.098,9999.000,9999.000,9999.000,9999.000,9999.000,9999.000,9999.000,9999.000
202604282000,   4.975,9999.000,   1.200,  -0.315,   5.860,   0.800,   5.460,   1.700,   6.360
202604282006,   4.851,9999.000,9999.000,9999.000,9999.000,9999.000,9999.000,9999.000,9999.000
202604282012,   4.728,9999.000,9999.000,9999.000,9999.000,9999.000,9999.000,9999.000,9999.000
202604282018,   4.604,9999.000,9999.000,9999.000,9999.000,9999.000,9999.000,9999.000,9999.000
202604282024,   4.479,9999.000,9999.000,9999.000,9999.000,9999.000,9999.000,9999.000,9999.000
202604282030,   4.355,9999.000,9999.000,9999.000,9999.000,9999.000,9999.000,9999.000,9999.000
202604282036,   4.229,9999.000,9999.000,9999.000,9999.000,9999.000,9999.000,9999.000,9999.000
202604282042,   4.103,9999.000,9999.000,9999.000,9999.000,9999.000,9999.000,9999.000,9999.000
202604282048,   3.976,9999.000,9999.000,9999.000,9999.000,9999.000,9999.000,9999.000,9999.000
202604282054,   3.848,9999.000,9999.000,9999.000,9999.000,9999.000,9999.000,9999.000,9999.000
202604282100,   3.719,9999.000,   1.200,  -0.315,   4.604,   0.800,   4.204,   1.700,   5.104
202604282106,   3.588,9999.000,9999.000,9999.000,9999.000,9999.000,9999.000,9999.000,9999.000
202604282112,   3.455,9999.000,9999.000,9999.000,9999.000,9999.000,9999.000,9999.000,9999.000
202604282118,   3.320,9999.000,9999.000,9999.000,9999.000,9999.000,9999.000,9999.000,9999.000
202604282124,   3.183,9999.000,9999.000,9999.000,9999.000,9999.000,9999.000,9999.000,9999.000
202604282130,   3.044,9999.000,9999.000,9999.000,9999.000,9999.000,9999.000,9999.000,9999.000
202604282136,   2.903,9999.000,9999.000,9999.000,9999.000,9999.000,9999.000,9999.000,9999.000
202604282142,   2.759,9999.000,9999.000,9999.000,9999.000,9999.000,9999.000,9999.000,9999.000
202604282148,   2.614,9999.000,9999.000,9999.000,9999.000,9999.000,9999.000,9999.000,9999.000
202604282154,   2.467,9999.000,9999.000,9999.000,9999.000,9999.000,9999.000,9999.000,9999.000
202604282200,   2.318,9999.000,   1.100,  -0.315,   3.103,   0.800,   2.803,   1.700,   3.703
202604282206,   2.169,9999.000,9999.000,9999.000,9999.000,9999.000,9999.000,9999.000,9999.000
202604282212,   2.020,9999.000,9999.000,9999.000,9999.000,9999.000,9999.000,9999.000,9999.000
202604282218,   1.871,9999.000,9999.000,9999.000,9999.000,9999.000,9999.000,9999.000,9999.000
202604282224,   1.723,9999.000,9999.000,9999.000,9999.000,9999.000,9999.000,9999.000,9999.000
202604282230,   1.577,9999.000,9999.000,9999.000,9999.000,9999.000,9999.000,9999.000,9999.000
202604282236,   1.435,9999.000,9999.000,9999.000,9999.000,9999.000,9999.000,9999.000,9999.000
202604282242,   1.297,9999.000,9999.000,9999.000,9999.000,9999.000,9999.000,9999.000,9999.000
202604282248,   1.164,9999.000,9999.000,9999.000,9999.000,9999.000,9999.000,9999.000,9999.000
202604282254,   1.037,9999.000,9999.000,9999.000,9999.000,9999.000,9999.000,9999.000,9999.000
202604282300,   0.917,9999.000,   1.100,  -0.315,   1.702,   0.800,   1.402,   1.700,   2.302
202604282306,   0.806,9999.000,9999.000,9999.000,9999.000,9999.000,9999.000,9999.000,9999.000
202604282312,   0.704,9999.000,9999.000,9999.000,9999.000,9999.000,9999.000,9999.000,9999.000
202604282318,   0.613,9999.000,9999.000,9999.000,9999.000,9999.000,9999.000,9999.000,9999.000
202604282324,   0.533,9999.000,9999.000,9999.000,9999.000,9999.000,9999.000,9999.000,9999.000
202604282330,   0.465,9999.000,9999.000,9999.000,9999.000,9999.000,9999.000,9999.000,9999.000
202604282336,   0.409,9999.000,9999.000,9999.000,9999.000,9999.000,9999.000,9999.000,9999.000
202604282342,   0.367,9999.000,9999.000,9999.000,9999.000,9999.000,9999.000,9999.000,9999.000
202604282348,   0.339,9999.000,9999.000,9999.000,9999.000,9999.000,9999.000,9999.000,9999.000
202604282354,   0.324,9999.000,9999.000,9999.000,9999.000,9999.000,9999.000,9999.000,9999.000
202604290000,   0.324,9999.000,   1.100,  -0.315,   1.109,   0.800,   0.809,   1.700,   1.709
