        TIME,    TIDE,      OB,   SURGE,    BIAS,     TWL,SURGE90p,  TWL90p,SURGE10p,   TWL10p
202606200000,   1.310,9999.000,   0.100,9999.000,   1.410,   0.000,   1.310,   0.200,   1.510
202606200006,   1.421,9999.000,9999.000,9999.000,9999.000,9999.000,9999.000,9999.000,9999.000
202606200012,   1.534,9999.000,9999.000,9999.000,9999.000,9999.000,9999.000,9999.000,9999.000
202606200018,   1.649,9999.000,9999.000,9999.000,9999.000,9999.000,9999.000,9999.000,9999.000
202606200024,   1.767,9999.000,9999.000,9999.000,9999.000,9999.000,9999.000,9999.000,9999.000
202606200030,   1.887,9999.000,9999.000,9999.000,9999.000,9999.000,9999.000,9999.000,9999.000
202606200036,   2.009,9999.000,9999.000,9999.000,9999.000,9999.000,9999.000,9999.000,9999.000
202606200042,   2.132,9999.000,9999.000,9999.000,9999.000,9999.000,9999.000,9999.000,9999.000
202606200048,   2.256,9999.000,9999.000,9999.000,9999.000,9999.000,9999.000,9999.000,9999.000
202606200054,   2.380,9999.000,9999.000,9999.000,9999.000,9999.000,9999.000,9999.000,9999.000
202606200100,   2.505,9999.000,   0.100,9999.000,   2.605,   0.100,   2.605,   0.200,   2.705
202606200106,   2.630,9999.000,9999.000,9999.000,9999.000,9999.000,9999.000,9999.000,9999.000
202606200112,   2.754,9999.000,9999.000,9999.000,9999.000,9999.000,9999.000,9999.000,9999.000
202606200118,   2.878,9999.000,9999.000,9999.000,9999.000,9999.000,9999.000,9999.000,9999.000
202606200124,   3.001,9999.000,9999.000,9999.000,9999.000,9999.000,9999.000,9999.000,9999.000
202606200130,   3.123,9999.000,9999.000,9999.000,9999.000,9999.000,9999.000,9999.000,9999.000
202606200136,   3.242,9999.000,9999.000,9999.000,9999.000,9999.000,9999.000,9999.000,9999.000
202606200142,   3.360,9999.000,9999.000,9999.000,9999.000,9999.000,9999.000,9999.000,9999.000
202606200148,   3.475,9999.000,9999.000,9999.000,9999.000,9999.000,9999.000,9999.000,9999.000
202606200154,   3.588,9999.000,9999.000,9999.000,9999.000,9999.000,9999.000,9999.000,9999.000
202606200200,   3.698,9999.000,   0.100,9999.000,   3.798,   0.100,   3.798,   0.200,   3.898
202606200206,   3.805,9999.000,9999.000,9999.000,9999.000,9999.000,9999.000,9999.000,9999.000
202606200212,   3.908,9999.000,9999.000,9999.000,9999.000,9999.000,9999.000,9999.000,9999.000
202606200218,   4.007,9999.000,9999.000,9999.000,9999.000,9999.000,9999.000,9999.000,9999.000
202606200224,   4.103,9999.000,9999.000,9999.000,9999.000,9999.000,9999.000,9999.000,9999.000
202606200230,   4.194,9999.000,9999.000,9999.000,9999.000,9999.000,9999.000,9999.000,9999.000
202606200236,   4.281,9999.000,9999.000,9999.000,9999.000,9999.000,9999.000,9999.000,9999.000
202606200242,   4.363,9999.000,9999.000,9999.000,9999.000,9999.000,9999.000,9999.000,9999.000
202606200248,   4.440,9999.000,9999.000,9999.000,9999.000,9999.000,9999.000,9999.000,9999.000
202606200254,   4.512,9999.000,9999.000,9999.000,9999.000,9999.000,9999.000,9999.000,9999.000
202606200300,   4.580,9999.000,   0.200,9999.000,   4.780,   0.100,   4.680,   0.200,   4.780
202606200306,   4.642,9999.000,9999.000,9999.000,9999.000,9999.000,9999.000,9999.000,9999.000
202606200312,   4.698,9999.000,9999.000,9999.000,9999.000,9999.000,9999.000,9999.000,9999.000
202606200318,   4.749,9999.000,9999.000,9999.000,9999.000,9999.000,9999.000,9999.000,9999.000
202606200324,   4.795,9999.000,9999.000,9999.000,9999.000,9999.000,9999.000,9999.000,9999.000
202606200330,   4.834,9999.000,9999.000,9999.000,9999.000,9999.000,9999.000,9999.000,9999.000
202606200336,   4.868,9999.000,9999.000,9999.000,9999.000,9999.000,9999.000,9999.000,9999.000
202606200342,   4.896,9999.000,9999.000,9999.000,9999.000,9999.000,9999.000,9999.000,9999.000
202606200348,   4.918,9999.000,9999.000,9999.000,9999.000,9999.000,9999.000,9999.000,9999.000
202606200354,   4.934,9999.000,9999.000,9999.000,9999.000,9999.000,9999.000,9999.000,9999.000
202606200400,   4.944,9999.000,   0.200,9999.000,   5.144,   0.100,   5.044,   0.300,   5.244
202606200406,   4.948,9999.000,9999.000,9999.000,9999.000,9999.000,9999.000,9999.000,9999.000
202606200412,   4.946,9999.000,9999.000,9999.000,9999.000,9999.000,9999.000,9999.000,9999.000
202606200418,   4.938,9999.000,9999.000,9999.000,9999.000,9999.000,9999.000,9999.000,9999.000
202606200424,   4.924,9999.000,9999.000,9999.000,9999.000,9999.000,9999.000,9999.000,9999.000
202606200430,   4.903,9999.000,9999.000,9999.000,9999.000,9999.000,9999.000,9999.000,9999.000
202606200436,   4.877,9999.000,9999.000,9999.000,9999.000,9999.000,9999.000,9999.000,9999.000
202606200442,   4.844,9999.000,9999.000,9999.000,9999.000,9999.000,9999.000,9999.000,9999.000
202606200448,   4.805,9999.000,9999.000,9999.000,9999.000,9999.000,9999.000,9999.000,9999.000
202606200454,   4.760,9999.000,9999.000,9999.000,9999.000,9999.000,9999.000,9999.000,9999.000
202606200500,   4.709,9999.000,   0.200,9999.000,   4.909,   0.100,   4.809,   0.300,   5.009
202606200506,   4.653,9999.000,9999.000,9999.000,9999.000,9999.000,9999.000,9999.000,9999.000
202606200512,   4.590,9999.000,9999.000,9999.000,9999.000,9999.000,9999.000,9999.000,9999.000
202606200518,   4.522,9999.000,9999.000,9999.000,9999.000,9999.000,9999.000,9999.000,9999.000
202606200524,   4.448,9999.000,9999.000,9999.000,9999.000,9999.000,9999.000,9999.000,9999.000
202606200530,   4.369,9999.000,9999.000,9999.000,9999.000,9999.000,9999.000,9999.000,9999.000
202606200536,   4.285,9999.000,9999.000,9999.000,9999.000,9999.000,9999.000,9999.000,9999.000
202606200542,   4.195,9999.000,9999.000,9999.000,9999.000,9999.000,9999.000,9999.000,9999.000
202606200548,   4.101,9999.000,9999.000,9999.000,9999.000,9999.000,9999.000,9999.000,9999.000
202606200554,   4.002,9999.000,9999.000,9999.000,9999.000,9999.000,9999.000,9999.000,9999.000
202606200600,   3.898,9999.000,   0.200,9999.000,   4.098,   0.100,   3.998,   0.200,   4.098
202606200606,   3.791,9999.000,9999.000,9999.000,9999.000,9999.000,9999.000,9999.000,9999.000
202606200612,   3.679,9999.000,9999.000,9999.000,9999.000,9999.000,9999.000,9999.000,9999.000
202606200618,   3.564,9999.000,9999.000,9999.000,9999.000,9999.000,9999.000,9999.000,9999.000
202606200624,   3.446,9999.000,9999.000,9999.000,9999.000,9999.000,9999.000,9999.000,9999.000
202606200630,   3.325,9999.000,9999.000,9999.000,9999.000,9999.000,9999.000,9999.000,9999.000
202606200636,   3.201,9999.000,9999.000,9999.000,9999.000,9999.000,9999.000,9999.000,9999.000
202606200642,   3.075,9999.000,9999.000,9999.000,9999.000,9999.000,9999.000,9999.000,9999.000
202606200648,   2.947,9999.000,9999.000,9999.000,9999.000,9999.000,9999.000,9999.000,9999.000
202606200654,   2.818,9999.000,9999.000,9999.000,9999.000,9999.000,9999.000,9999.000,9999.000
202606200700,   2.688,9999.000,   0.200,9999.000,   2.888,   0.200,   2.888,   0.300,   2.988
202606200706,   2.557,9999.000,9999.000,9999.000,9999.000,9999.000,9999.000,9999.000,9999.000
202606200712,   2.426,9999.000,9999.000,9999.000,9999.000,9999.000,9999.000,9999.000,9999.000
202606200718,   2.296,9999.000,9999.000,9999.000,9999.000,9999.000,9999.000,9999.000,9999.000
202606200724,   2.165,9999.000,9999.000,9999.000,9999.000,9999.000,9999.000,9999.000,9999.000
202606200730,   2.036,9999.000,9999.000,9999.000,9999.000,9999.000,9999.000,9999.000,9999.000
202606200736,   1.908,9999.000,9999.000,9999.000,9999.000,9999.000,9999.000,9999.000,9999.000
202606200742,   1.781,9999.000,9999.000,9999.000,9999.000,9999.000,9999.000,9999.000,9999.000
202606200748,   1.656,9999.000,9999.000,9999.000,9999.000,9999.000,9999.000,9999.000,9999.000
202606200754,   1.534,9999.000,9999.000,9999.000,9999.000,9999.000,9999.000,9999.000,9999.000
202606200800,   1.414,9999.000,   0.300,9999.000,   1.714,   0.200,   1.614,   0.300,   1.714
202606200806,   1.297,9999.000,9999.000,9999.000,9999.000,9999.000,9999.000,9999.000,9999.000
202606200812,   1.184,9999.000,9999.000,9999.000,9999.000,9999.000,9999.000,9999.000,9999.000
202606200818,   1.073,9999.000,9999.000,9999.000,9999.000,9999.000,9999.000,9999.000,9999.000
202606200824,   0.967,9999.000,9999.000,9999.000,9999.000,9999.000,9999.000,9999.000,9999.000
202606200830,   0.864,9999.000,9999.000,9999.000,9999.000,9999.000,9999.000,9999.000,9999.000
202606200836,   0.765,9999.000,9999.000,9999.000,9999.000,9999.000,9999.000,9999.000,9999.000
202606200842,   0.670,9999.000,9999.000,9999.000,9999.000,9999.000,9999.000,9999.000,9999.000
202606200848,   0.580,9999.000,9999.000,9999.000,9999.000,9999.000,9999.000,9999.000,9999.000
202606200854,   0.494,9999.000,9999.000,9999.000,9999.000,9999.000,9999.000,9999.000,9999.000
202606200900,   0.413,9999.000,   0.300,9999.000,   0.713,   0.200,   0.613,   0.300,   0.713
202606200906,   0.337,9999.000,9999.000,9999.000,9999.000,9999.000,9999.000,9999.000,9999.000
202606200912,   0.265,9999.000,9999.000,9999.000,9999.000,9999.000,9999.000,9999.000,9999.000
202606200918,   0.198,9999.000,9999.000,9999.000,9999.000,9999.000,9999.000,9999.000,9999.000
202606200924,   0.137,9999.000,9999.000,9999.000,9999.000,9999.000,9999.000,9999.000,9999.000
202606200930,   0.080,9999.000,9999.000,9999.000,9999.000,9999.000,9999.000,9999.000,9999.000
202606200936,   0.029,9999.000,9999.000,9999.000,9999.000,9999.000,9999.000,9999.000,9999.000
202606200942,  -0.017,9999.000,9999.000,9999.000,9999.000,9999.000,9999.000,9999.000,9999.000
202606200948,  -0.058,9999.000,9999.000,9999.000,9999.000,9999.000,9999.000,9999.000,9999.000
202606200954,  -0.094,9999.000,9999.000,9999.000,9999.000,9999.000,9999.000,9999.000,9999.000
202606201000,  -0.125,9999.000,   0.200,9999.000,   0.075,   0.200,   0.075,   0.300,   0.175
202606201006,  -0.150,9999.000,9999.000,9999.000,9999.000,9999.000,9999.000,9999.000,9999.000
202606201012,  -0.171,9999.000,9999.000,9999.000,9999.000,9999.000,9999.000,9999.000,9999.000
202606201018,  -0.185,9999.000,9999.000,9999.000,9999.000,9999.000,9999.000,9999.000,9999.000
202606201024,  -0.195,9999.000,9999.000,9999.000,9999.000,9999.000,9999.000,9999.000,9999.000
202606201030,  -0.200,9999.000,9999.000,9999.000,9999.000,9999.000,9999.000,9999.000,9999.000
202606201036,  -0.199,9999.000,9999.000,9999.000,9999.000,9999.000,9999.000,9999.000,9999.000
202606201042,  -0.193,9999.000,9999.000,9999.000,9999.000,9999.000,9999.000,9999.000,9999.000
202606201048,  -0.181,9999.000,9999.000,9999.000,9999.000,9999.000,9999.000,9999.000,9999.000
202606201054,  -0.164,9999.000,9999.000,9999.000,9999.000,9999.000,9999.000,9999.000,9999.000
202606201100,  -0.143,9999.000,   0.300,9999.000,   0.157,   0.200,   0.057,   0.300,   0.157
202606201106,  -0.116,9999.000,9999.000,9999.000,9999.000,9999.000,9999.000,9999.000,9999.000
202606201112,  -0.083,9999.000,9999.000,9999.000,9999.000,9999.000,9999.000,9999.000,9999.000
202606201118,  -0.046,9999.000,9999.000,9999.000,9999.000,9999.000,9999.000,9999.000,9999.000
202606201124,  -0.004,9999.000,9999.000,9999.000,9999.000,9999.000,9999.000,9999.000,9999.000
202606201130,   0.042,9999.000,9999.000,9999.000,9999.000,9999.000,9999.000,9999.000,9999.000
202606201136,   0.095,9999.000,9999.000,9999.000,9999.000,9999.000,9999.000,9999.000,9999.000
202606201142,   0.151,9999.000,9999.000,9999.000,9999.000,9999.000,9999.000,9999.000,9999.000
202606201148,   0.213,9999.000,9999.000,9999.000,9999.000,9999.000,9999.000,9999.000,9999.000
202606201154,   0.279,9999.000,9999.000,9999.000,9999.000,9999.000,9999.000,9999.000,9999.000
202606201200,   0.350,9999.000,   0.300,9999.000,   0.650,   0.300,   0.650,   0.300,   0.650
202606201206,   0.424,9999.000,9999.000,9999.000,9999.000,9999.000,9999.000,9999.000,9999.000
202606201212,   0.503,9999.000,9999.000,9999.000,9999.000,9999.000,9999.000,9999.000,9999.000
202606201218,   0.586,9999.000,9999.000,9999.000,9999.000,9999.000,9999.000,9999.000,9999.000
202606201224,   0.672,9999.000,9999.000,9999.000,9999.000,9999.000,9999.000,9999.000,9999.000
202606201230,   0.762,9999.000,9999.000,9999.000,9999.000,9999.000,9999.000,9999.000,9999.000
202606201236,   0.855,9999.000,9999.000,9999.000,9999.000,9999.000,9999.000,9999.000,9999.000
202606201242,   0.952,9999.000,9999.000,9999.000,9999.000,9999.000,9999.000,9999.000,9999.000
202606201248,   1.051,9999.000,9999.000,9999.000,9999.000,9999.000,9999.000,9999.000,9999.000
202606201254,   1.152,9999.000,9999.000,9999.000,9999.000,9999.000,9999.000,9999.000,9999.000
202606201300,   1.256,9999.000,   0.300,9999.000,   1.556,   0.300,   1.556,   0.300,   1.556
202606201306,   1.361,9999.000,9999.000,9999.000,9999.000,9999.000,9999.000,9999.000,9999.000
202606201312,   1.469,9999.000,9999.000,9999.000,9999.000,9999.000,9999.000,9999.000,9999.000
202606201318,   1.577,9999.000,9999.000,9999.000,9999.000,9999.000,9999.000,9999.000,9999.000
202606201324,   1.687,9999.000,9999.000,9999.000,9999.000,9999.000,9999.000,9999.000,9999.000
202606201330,   1.797,9999.000,9999.000,9999.000,9999.000,9999.000,9999.000,9999.000,9999.000
202606201336,   1.908,9999.000,9999.000,9999.000,9999.000,9999.000,9999.000,9999.000,9999.000
202606201342,   2.019,9999.000,9999.000,9999.000,9999.000,9999.000,9999.000,9999.000,9999.000
202606201348,   2.130,9999.000,9999.000,9999.000,9999.000,9999.000,9999.000,9999.000,9999.000
202606201354,   2.240,9999.000,9999.000,9999.000,9999.000,9999.000,9999.000,9999.000,9999.000
202606201400,   2.349,9999.000,   0.300,9999.000,   2.649,   0.300,   2.649,   0.400,   2.749
202606201406,   2.457,9999.000,9999.000,9999.000,9999.000,9999.000,9999.000,9999.000,9999.000
202606201412,   2.564,9999.000,9999.000,9999.000,9999.000,9999.000,9999.000,9999.000,9999.000
202606201418,   2.669,9999.000,9999.000,9999.000,9999.000,9999.000,9999.000,9999.000,9999.000
202606201424,   2.772,9999.000,9999.000,9999.000,9999.000,9999.000,9999.000,9999.000,9999.000
202606201430,   2.872,9999.000,9999.000,9999.000,9999.000,9999.000,9999.000,9999.000,9999.000
202606201436,   2.970,9999.000,9999.000,9999.000,9999.000,9999.000,9999.000,9999.000,9999.000
202606201442,   3.066,9999.000,9999.000,9999.000,9999.000,9999.000,9999.000,9999.000,9999.000
202606201448,   3.158,9999.000,9999.000,9999.000,9999.000,9999.000,9999.000,9999.000,9999.000
202606201454,   3.247,9999.000,9999.000,9999.000,9999.000,9999.000,9999.000,9999.000,9999.000
202606201500,   3.333,9999.000,   0.300,9999.000,   3.633,   0.300,   3.633,   0.400,   3.733
202606201506,   3.415,9999.000,9999.000,9999.000,9999.000,9999.000,9999.000,9999.000,9999.000
202606201512,   3.493,9999.000,9999.000,9999.000,9999.000,9999.000,9999.000,9999.000,9999.000
202606201518,   3.568,9999.000,9999.000,9999.000,9999.000,9999.000,9999.000,9999.000,9999.000
202606201524,   3.638,9999.000,9999.000,9999.000,9999.000,9999.000,9999.000,9999.000,9999.000
202606201530,   3.704,9999.000,9999.000,9999.000,9999.000,9999.000,9999.000,9999.000,9999.000
202606201536,   3.765,9999.000,9999.000,9999.000,9999.000,9999.000,9999.000,9999.000,9999.000
202606201542,   3.822,9999.000,9999.000,9999.000,9999.000,9999.000,9999.000,9999.000,9999.000
202606201548,   3.875,9999.000,9999.000,9999.000,9999.000,9999.000,9999.000,9999.000,9999.000
202606201554,   3.922,9999.000,9999.000,9999.000,9999.000,9999.000,9999.000,9999.000,9999.000
202606201600,   3.965,9999.000,   0.400,9999.000,   4.365,   0.300,   4.265,   0.400,   4.365
202606201606,   4.003,9999.000,9999.000,9999.000,9999.000,9999.000,9999.000,9999.000,9999.000
202606201612,   4.036,9999.000,9999.000,9999.000,9999.000,9999.000,9999.000,9999.000,9999.000
202606201618,   4.064,9999.000,9999.000,9999.000,9999.000,9999.000,9999.000,9999.000,9999.000
202606201624,   4.087,9999.000,9999.000,9999.000,9999.000,9999.000,9999.000,9999.000,9999.000
202606201630,   4.105,9999.000,9999.000,9999.000,9999.000,9999.000,9999.000,9999.000,9999.000
202606201636,   4.117,9999.000,9999.000,9999.000,9999.000,9999.000,9999.000,9999.000,9999.000
202606201642,   4.125,9999.000,9999.000,9999.000,9999.000,9999.000,9999.000,9999.000,9999.000
202606201648,   4.126,9999.000,9999.000,9999.000,9999.000,9999.000,9999.000,9999.000,9999.000
202606201654,   4.123,9999.000,9999.000,9999.000,9999.000,9999.000,9999.000,9999.000,9999.000
202606201700,   4.114,9999.000,   0.400,9999.000,   4.514,   0.300,   4.414,   0.400,   4.514
202606201706,   4.100,9999.000,9999.000,9999.000,9999.000,9999.000,9999.000,9999.000,9999.000
202606201712,   4.081,9999.000,9999.000,9999.000,9999.000,9999.000,9999.000,9999.000,9999.000
202606201718,   4.056,9999.000,9999.000,9999.000,9999.000,9999.000,9999.000,9999.000,9999.000
202606201724,   4.026,9999.000,9999.000,9999.000,9999.000,9999.000,9999.000,9999.000,9999.000
202606201730,   3.990,9999.000,9999.000,9999.000,9999.000,9999.000,9999.000,9999.000,9999.000
202606201736,   3.949,9999.000,9999.000,9999.000,9999.000,9999.000,9999.000,9999.000,9999.000
202606201742,   3.903,9999.000,9999.000,9999.000,9999.000,9999.000,9999.000,9999.000,9999.000
202606201748,   3.852,9999.000,9999.000,9999.000,9999.000,9999.000,9999.000,9999.000,9999.000
202606201754,   3.796,9999.000,9999.000,9999.000,9999.000,9999.000,9999.000,9999.000,9999.000
202606201800,   3.735,9999.000,   0.500,9999.000,   4.235,   0.400,   4.135,   0.500,   4.235
202606201806,   3.670,9999.000,9999.000,9999.000,9999.000,9999.000,9999.000,9999.000,9999.000
202606201812,   3.600,9999.000,9999.000,9999.000,9999.000,9999.000,9999.000,9999.000,9999.000
202606201818,   3.525,9999.000,9999.000,9999.000,9999.000,9999.000,9999.000,9999.000,9999.000
202606201824,   3.446,9999.000,9999.000,9999.000,9999.000,9999.000,9999.000,9999.000,9999.000
202606201830,   3.364,9999.000,9999.000,9999.000,9999.000,9999.000,9999.000,9999.000,9999.000
202606201836,   3.278,9999.000,9999.000,9999.000,9999.000,9999.000,9999.000,9999.000,9999.000
202606201842,   3.188,9999.000,9999.000,9999.000,9999.000,9999.000,9999.000,9999.000,9999.000
202606201848,   3.095,9999.000,9999.000,9999.000,9999.000,9999.000,9999.000,9999.000,9999.000
202606201854,   3.000,9999.000,9999.000,9999.000,9999.000,9999.000,9999.000,9999.000,9999.000
202606201900,   2.901,9999.000,   0.400,9999.000,   3.301,   0.400,   3.301,   0.500,   3.401
202606201906,   2.801,9999.000,9999.000,9999.000,9999.000,9999.000,9999.000,9999.000,9999.000
202606201912,   2.699,9999.000,9999.000,9999.000,9999.000,9999.000,9999.000,9999.000,9999.000
202606201918,   2.595,9999.000,9999.000,9999.000,9999.000,9999.000,9999.000,9999.000,9999.000
202606201924,   2.491,9999.000,9999.000,9999.000,9999.000,9999.000,9999.000,9999.000,9999.000
202606201930,   2.385,9999.000,9999.000,9999.000,9999.000,9999.000,9999.000,9999.000,9999.000
202606201936,   2.279,9999.000,9999.000,9999.000,9999.000,9999.000,9999.000,9999.000,9999.000
202606201942,   2.174,9999.000,9999.000,9999.000,9999.000,9999.000,9999.000,9999.000,9999.000
202606201948,   2.068,9999.000,9999.000,9999.000,9999.000,9999.000,9999.000,9999.000,9999.000
202606201954,   1.963,9999.000,9999.000,9999.000,9999.000,9999.000,9999.000,9999.000,9999.000
202606202000,   1.859,9999.000,   0.400,9999.000,   2.259,   0.400,   2.259,   0.500,   2.359
202606202006,   1.757,9999.000,9999.000,9999.000,9999.000,9999.000,9999.000,9999.000,9999.000
202606202012,   1.656,9999.000,9999.000,9999.000,9999.000,9999.000,9999.000,9999.000,9999.000
202606202018,   1.557,9999.000,9999.000,9999.000,9999.000,9999.000,9999.000,9999.000,9999.000
202606202024,   1.460,9999.000,9999.000,9999.000,9999.000,9999.000,9999.000,9999.000,9999.000
202606202030,   1.366,9999.000,9999.000,9999.000,9999.000,9999.000,9999.000,9999.000,9999.000
202606202036,   1.274,9999.000,9999.000,9999.000,9999.000,9999.000,9999.000,9999.000,9999.000
202606202042,   1.186,9999.000,9999.000,9999.000,9999.000,9999.000,9999.000,9999.000,9999.000
202606202048,   1.101,9999.000,9999.000,9999.000,9999.000,9999.000,9999.000,9999.000,9999.000
202606202054,   1.019,9999.000,9999.000,9999.000,9999.000,9999.000,9999.000,9999.000,9999.000
202606202100,   0.941,9999.000,   0.400,9999.000,   1.341,   0.400,   1.341,   0.500,   1.441
202606202106,   0.866,9999.000,9999.000,9999.000,9999.000,9999.000,9999.000,9999.000,9999.000
202606202112,   0.795,9999.000,9999.000,9999.000,9999.000,9999.000,9999.000,9999.000,9999.000
202606202118,   0.729,9999.000,9999.000,9999.000,9999.000,9999.000,9999.000,9999.000,9999.000
202606202124,   0.666,9999.000,9999.000,9999.000,9999.000,9999.000,9999.000,9999.000,9999.000
202606202130,   0.608,9999.000,9999.000,9999.000,9999.000,9999.000,9999.000,9999.000,9999.000
202606202136,   0.554,9999.000,9999.000,9999.000,9999.000,9999.000,9999.000,9999.000,9999.000
202606202142,   0.504,9999.000,9999.000,9999.000,9999.000,9999.000,9999.000,9999.000,9999.000
202606202148,   0.459,9999.000,9999.000,9999.000,9999.000,9999.000,9999.000,9999.000,9999.000
202606202154,   0.419,9999.000,9999.000,9999.000,9999.000,9999.000,9999.000,9999.000,9999.000
202606202200,   0.382,9999.000,   0.400,9999.000,   0.782,   0.400,   0.782,   0.500,   0.882
202606202206,   0.351,9999.000,9999.000,9999.000,9999.000,9999.000,9999.000,9999.000,9999.000
202606202212,   0.324,9999.000,9999.000,9999.000,9999.000,9999.000,9999.000,9999.000,9999.000
202606202218,   0.302,9999.000,9999.000,9999.000,9999.000,9999.000,9999.000,9999.000,9999.000
202606202224,   0.284,9999.000,9999.000,9999.000,9999.000,9999.000,9999.000,9999.000,9999.000
202606202230,   0.271,9999.000,9999.000,9999.000,9999.000,9999.000,9999.000,9999.000,9999.000
202606202236,   0.262,9999.000,9999.000,9999.000,9999.000,9999.000,9999.000,9999.000,9999.000
202606202242,   0.259,9999.000,9999.000,9999.000,9999.000,9999.000,9999.000,9999.000,9999.000
202606202248,   0.260,9999.000,9999.000,9999.000,9999.000,9999.000,9999.000,9999.000,9999.000
202606202254,   0.265,9999.000,9999.000,9999.000,9999.000,9999.000,9999.000,9999.000,9999.000
202606202300,   0.276,9999.000,   0.400,9999.000,   0.676,   0.400,   0.676,   0.500,   0.776
202606202306,   0.291,9999.000,9999.000,9999.000,9999.000,9999.000,9999.000,9999.000,9999.000
202606202312,   0.310,9999.000,9999.000,9999.000,9999.000,9999.000,9999.000,9999.000,9999.000
202606202318,   0.335,9999.000,9999.000,9999.000,9999.000,9999.000,9999.000,9999.000,9999.000
202606202324,   0.364,9999.000,9999.000,9999.000,9999.000,9999.000,9999.000,9999.000,9999.000
202606202330,   0.398,9999.000,9999.000,9999.000,9999.000,9999.000,9999.000,9999.000,9999.000
202606202336,   0.436,9999.000,9999.000,9999.000,9999.000,9999.000,9999.000,9999.000,9999.000
202606202342,   0.479,9999.000,9999.000,9999.000,9999.000,9999.000,9999.000,9999.000,9999.000
202606202348,   0.526,9999.000,9999.000,9999.000,9999.000,9999.000,9999.000,9999.000,9999.000
202606202354,   0.578,9999.000,9999.000,9999.000,9999.000,9999.000,9999.000,9999.000,9999.000
202606210000,   0.634,9999.000,   0.500,9999.000,   1.134,   0.500,   1.134,   0.600,   1.234
202606210006,   0.694,9999.000,9999.000,9999.000,9999.000,9999.000,9999.000,9999.000,9999.000
202606210012,   0.759,9999.000,9999.000,9999.000,9999.000,9999.000,9999.000,9999.000,9999.000
202606210018,   0.828,9999.000,9999.000,9999.000,9999.000,9999.000,9999.000,9999.000,9999.000
202606210024,   0.900,9999.000,9999.000,9999.000,9999.000,9999.000,9999.000,9999.000,9999.000
202606210030,   0.977,9999.000,9999.000,9999.000,9999.000,9999.000,9999.000,9999.000,9999.000
202606210036,   1.057,9999.000,9999.000,9999.000,9999.000,9999.000,9999.000,9999.000,9999.000
202606210042,   1.141,9999.000,9999.000,9999.000,9999.000,9999.000,9999.000,9999.000,9999.000
202606210048,   1.228,9999.000,9999.000,9999.000,9999.000,9999.000,9999.000,9999.000,9999.000
202606210054,   1.318,9999.000,9999.000,9999.000,9999.000,9999.000,9999.000,9999.000,9999.000
202606210100,   1.411,9999.000,   0.500,9999.000,   1.911,   0.500,   1.911,   0.500,   1.911
202606210106,   1.506,9999.000,9999.000,9999.000,9999.000,9999.000,9999.000,9999.000,9999.000
202606210112,   1.604,9999.000,9999.000,9999.000,9999.000,9999.000,9999.000,9999.000,9999.000
202606210118,   1.705,9999.000,9999.000,9999.000,9999.000,9999.000,9999.000,9999.000,9999.000
202606210124,   1.807,9999.000,9999.000,9999.000,9999.000,9999.000,9999.000,9999.000,9999.000
202606210130,   1.910,9999.000,9999.000,9999.000,9999.000,9999.000,9999.000,9999.000,9999.000
202606210136,   2.015,9999.000,9999.000,9999.000,9999.000,9999.000,9999.000,9999.000,9999.000
202606210142,   2.122,9999.000,9999.000,9999.000,9999.000,9999.000,9999.000,9999.000,9999.000
202606210148,   2.228,9999.000,9999.000,9999.000,9999.000,9999.000,9999.000,9999.000,9999.000
202606210154,   2.336,9999.000,9999.000,9999.000,9999.000,9999.000,9999.000,9999.000,9999.000
202606210200,   2.443,9999.000,   0.500,9999.000,   2.943,   0.500,   2.943,   0.500,   2.943
202606210206,   2.550,9999.000,9999.000,9999.000,9999.000,9999.000,9999.000,9999.000,9999.000
202606210212,   2.657,9999.000,9999.000,9999.000,9999.000,9999.000,9999.000,9999.000,9999.000
202606210218,   2.763,9999.000,9999.000,9999.000,9999.000,9999.000,9999.000,9999.000,9999.000
202606210224,   2.868,9999.000,9999.000,9999.000,9999.000,9999.000,9999.000,9999.000,9999.000
202606210230,   2.972,9999.000,9999.000,9999.000,9999.000,9999.000,9999.000,9999.000,9999.000
202606210236,   3.074,9999.000,9999.000,9999.000,9999.000,9999.000,9999.000,9999.000,9999.000
202606210242,   3.173,9999.000,9999.000,9999.000,9999.000,9999.000,9999.000,9999.000,9999.000
202606210248,   3.271,9999.000,9999.000,9999.000,9999.000,9999.000,9999.000,9999.000,9999.000
202606210254,   3.366,9999.000,9999.000,9999.000,9999.000,9999.000,9999.000,9999.000,9999.000
202606210300,   3.459,9999.000,   0.500,9999.000,   3.959,   0.500,   3.959,   0.500,   3.959
202606210306,   3.548,9999.000,9999.000,9999.000,9999.000,9999.000,9999.000,9999.000,9999.000
202606210312,   3.635,9999.000,9999.000,9999.000,9999.000,9999.000,9999.000,9999.000,9999.000
202606210318,   3.718,9999.000,9999.000,9999.000,9999.000,9999.000,9999.000,9999.000,9999.000
202606210324,   3.797,9999.000,9999.000,9999.000,9999.000,9999.000,9999.000,9999.000,9999.000
202606210330,   3.873,9999.000,9999.000,9999.000,9999.000,9999.000,9999.000,9999.000,9999.000
202606210336,   3.944,9999.000,9999.000,9999.000,9999.000,9999.000,9999.000,9999.000,9999.000
202606210342,   4.012,9999.000,9999.000,9999.000,9999.000,9999.000,9999.000,9999.000,9999.000
202606210348,   4.075,9999.000,9999.000,9999.000,9999.000,9999.000,9999.000,9999.000,9999.000
202606210354,   4.133,9999.000,9999.000,9999.000,9999.000,9999.000,9999.000,9999.000,9999.000
202606210400,   4.188,9999.000,   0.400,9999.000,   4.588,   0.400,   4.588,   0.500,   4.688
202606210406,   4.237,9999.000,9999.000,9999.000,9999.000,9999.000,9999.000,9999.000,9999.000
202606210412,   4.282,9999.000,9999.000,9999.000,9999.000,9999.000,9999.000,9999.000,9999.000
202606210418,   4.322,9999.000,9999.000,9999.000,9999.000,9999.000,9999.000,9999.000,9999.000
202606210424,   4.357,9999.000,9999.000,9999.000,9999.000,9999.000,9999.000,9999.000,9999.000
202606210430,   4.387,9999.000,9999.000,9999.000,9999.000,9999.000,9999.000,9999.000,9999.000
202606210436,   4.412,9999.000,9999.000,9999.000,9999.000,9999.000,9999.000,9999.000,9999.000
202606210442,   4.432,9999.000,9999.000,9999.000,9999.000,9999.000,9999.000,9999.000,9999.000
202606210448,   4.446,9999.000,9999.000,9999.000,9999.000,9999.000,9999.000,9999.000,9999.000
202606210454,   4.456,9999.000,9999.000,9999.000,9999.000,9999.000,9999.000,9999.000,9999.000
202606210500,   4.460,9999.000,   0.400,9999.000,   4.860,   0.400,   4.860,   0.400,   4.860
202606210506,   4.458,9999.000,9999.000,9999.000,9999.000,9999.000,9999.000,9999.000,9999.000
202606210512,   4.452,9999.000,9999.000,9999.000,9999.000,9999.000,9999.000,9999.000,9999.000
202606210518,   4.439,9999.000,9999.000,9999.000,9999.000,9999.000,9999.000,9999.000,9999.000
202606210524,   4.422,9999.000,9999.000,9999.000,9999.000,9999.000,9999.000,9999.000,9999.000
202606210530,   4.399,9999.000,9999.000,9999.000,9999.000,9999.000,9999.000,9999.000,9999.000
202606210536,   4.371,9999.000,9999.000,9999.000,9999.000,9999.000,9999.000,9999.000,9999.000
202606210542,   4.337,9999.000,9999.000,9999.000,9999.000,9999.000,9999.000,9999.000,9999.000
202606210548,   4.298,9999.000,9999.000,9999.000,9999.000,9999.000,9999.000,9999.000,9999.000
202606210554,   4.254,9999.000,9999.000,9999.000,9999.000,9999.000,9999.000,9999.000,9999.000
202606210600,   4.204,9999.000,   0.500,9999.000,   4.704,   0.500,   4.704,   0.600,   4.804
202606210606,   4.149,9999.000,9999.000,9999.000,9999.000,9999.000,9999.000,9999.000,9999.000
202606210612,   4.090,9999.000,9999.000,9999.000,9999.000,9999.000,9999.000,9999.000,9999.000
202606210618,   4.025,9999.000,9999.000,9999.000,9999.000,9999.000,9999.000,9999.000,9999.000
202606210624,   3.955,9999.000,9999.000,9999.000,9999.000,9999.000,9999.000,9999.000,9999.000
202606210630,   3.880,9999.000,9999.000,9999.000,9999.000,9999.000,9999.000,9999.000,9999.000
202606210636,   3.801,9999.000,9999.000,9999.000,9999.000,9999.000,9999.000,9999.000,9999.000
202606210642,   3.718,9999.000,9999.000,9999.000,9999.000,9999.000,9999.000,9999.000,9999.000
202606210648,   3.630,9999.000,9999.000,9999.000,9999.000,9999.000,9999.000,9999.000,9999.000
202606210654,   3.538,9999.000,9999.000,9999.000,9999.000,9999.000,9999.000,9999.000,9999.000
202606210700,   3.443,9999.000,   0.500,9999.000,   3.943,   0.500,   3.943,   0.600,   4.043
202606210706,   3.343,9999.000,9999.000,9999.000,9999.000,9999.000,9999.000,9999.000,9999.000
202606210712,   3.241,9999.000,9999.000,9999.000,9999.000,9999.000,9999.000,9999.000,9999.000
202606210718,   3.136,9999.000,9999.000,9999.000,9999.000,9999.000,9999.000,9999.000,9999.000
202606210724,   3.028,9999.000,9999.000,9999.000,9999.000,9999.000,9999.000,9999.000,9999.000
202606210730,   2.918,9999.000,9999.000,9999.000,9999.000,9999.000,9999.000,9999.000,9999.000
202606210736,   2.806,9999.000,9999.000,9999.000,9999.000,9999.000,9999.000,9999.000,9999.000
202606210742,   2.693,9999.000,9999.000,9999.000,9999.000,9999.000,9999.000,9999.000,9999.000
202606210748,   2.578,9999.000,9999.000,9999.000,9999.000,9999.000,9999.000,9999.000,9999.000
202606210754,   2.462,9999.000,9999.000,9999.000,9999.000,9999.000,9999.000,9999.000,9999.000
202606210800,   2.346,9999.000,   0.500,9999.000,   2.846,   0.500,   2.846,   0.600,   2.946
202606210806,   2.229,9999.000,9999.000,9999.000,9999.000,9999.000,9999.000,9999.000,9999.000
202606210812,   2.113,9999.000,9999.000,9999.000,9999.000,9999.000,9999.000,9999.000,9999.000
202606210818,   1.997,9999.000,9999.000,9999.000,9999.000,9999.000,9999.000,9999.000,9999.000
202606210824,   1.882,9999.000,9999.000,9999.000,9999.000,9999.000,9999.000,9999.000,9999.000
202606210830,   1.768,9999.000,9999.000,9999.000,9999.000,9999.000,9999.000,9999.000,9999.000
202606210836,   1.656,9999.000,9999.000,9999.000,9999.000,9999.000,9999.000,9999.000,9999.000
202606210842,   1.545,9999.000,9999.000,9999.000,9999.000,9999.000,9999.000,9999.000,9999.000
202606210848,   1.437,9999.000,9999.000,9999.000,9999.000,9999.000,9999.000,9999.000,9999.000
202606210854,   1.331,9999.000,9999.000,9999.000,9999.000,9999.000,9999.000,9999.000,9999.000
202606210900,   1.227,9999.000,   0.500,9999.000,   1.727,   0.500,   1.727,   0.600,   1.827
202606210906,   1.127,9999.000,9999.000,9999.000,9999.000,9999.000,9999.000,9999.000,9999.000
202606210912,   1.029,9999.000,9999.000,9999.000,9999.000,9999.000,9999.000,9999.000,9999.000
202606210918,   0.935,9999.000,9999.000,9999.000,9999.000,9999.000,9999.000,9999.000,9999.000
202606210924,   0.844,9999.000,9999.000,9999.000,9999.000,9999.000,9999.000,9999.000,9999.000
202606210930,   0.757,9999.000,9999.000,9999.000,9999.000,9999.000,9999.000,9999.000,9999.000
202606210936,   0.674,9999.000,9999.000,9999.000,9999.000,9999.000,9999.000,9999.000,9999.000
202606210942,   0.595,9999.000,9999.000,9999.000,9999.000,9999.000,9999.000,9999.000,9999.000
202606210948,   0.520,9999.000,9999.000,9999.000,9999.000,9999.000,9999.000,9999.000,9999.000
202606210954,   0.449,9999.000,9999.000,9999.000,9999.000,9999.000,9999.000,9999.000,9999.000
202606211000,   0.382,9999.000,   0.500,9999.000,   0.882,   0.500,   0.882,   0.600,   0.982
202606211006,   0.319,9999.000,9999.000,9999.000,9999.000,9999.000,9999.000,9999.000,9999.000
202606211012,   0.261,9999.000,9999.000,9999.000,9999.000,9999.000,9999.000,9999.000,9999.000
202606211018,   0.208,9999.000,9999.000,9999.000,9999.000,9999.000,9999.000,9999.000,9999.000
202606211024,   0.159,9999.000,9999.000,9999.000,9999.000,9999.000,9999.000,9999.000,9999.000
202606211030,   0.114,9999.000,9999.000,9999.000,9999.000,9999.000,9999.000,9999.000,9999.000
202606211036,   0.075,9999.000,9999.000,9999.000,9999.000,9999.000,9999.000,9999.000,9999.000
202606211042,   0.040,9999.000,9999.000,9999.000,9999.000,9999.000,9999.000,9999.000,9999.000
202606211048,   0.009,9999.000,9999.000,9999.000,9999.000,9999.000,9999.000,9999.000,9999.000
202606211054,  -0.015,9999.000,9999.000,9999.000,9999.000,9999.000,9999.000,9999.000,9999.000
202606211100,  -0.036,9999.000,   0.500,9999.000,   0.464,   0.500,   0.464,   0.600,   0.564
202606211106,  -0.052,9999.000,9999.000,9999.000,9999.000,9999.000,9999.000,9999.000,9999.000
202606211112,  -0.064,9999.000,9999.000,9999.000,9999.000,9999.000,9999.000,9999.000,9999.000
202606211118,  -0.070,9999.000,9999.000,9999.000,9999.000,9999.000,9999.000,9999.000,9999.000
202606211124,  -0.072,9999.000,9999.000,9999.000,9999.000,9999.000,9999.000,9999.000,9999.000
202606211130,  -0.069,9999.000,9999.000,9999.000,9999.000,9999.000,9999.000,9999.000,9999.000
202606211136,  -0.061,9999.000,9999.000,9999.000,9999.000,9999.000,9999.000,9999.000,9999.000
202606211142,  -0.048,9999.000,9999.000,9999.000,9999.000,9999.000,9999.000,9999.000,9999.000
202606211148,  -0.030,9999.000,9999.000,9999.000,9999.000,9999.000,9999.000,9999.000,9999.000
202606211154,  -0.008,9999.000,9999.000,9999.000,9999.000,9999.000,9999.000,9999.000,9999.000
202606211200,   0.018,9999.000,   0.500,9999.000,   0.518,   0.500,   0.518,   0.500,   0.518
202606211206,   0.050,9999.000,9999.000,9999.000,9999.000,9999.000,9999.000,9999.000,9999.000
202606211212,   0.087,9999.000,9999.000,9999.000,9999.000,9999.000,9999.000,9999.000,9999.000
202606211218,   0.128,9999.000,9999.000,9999.000,9999.000,9999.000,9999.000,9999.000,9999.000
202606211224,   0.175,9999.000,9999.000,9999.000,9999.000,9999.000,9999.000,9999.000,9999.000
202606211230,   0.225,9999.000,9999.000,9999.000,9999.000,9999.000,9999.000,9999.000,9999.000
202606211236,   0.280,9999.000,9999.000,9999.000,9999.000,9999.000,9999.000,9999.000,9999.000
202606211242,   0.340,9999.000,9999.000,9999.000,9999.000,9999.000,9999.000,9999.000,9999.000
202606211248,   0.404,9999.000,9999.000,9999.000,9999.000,9999.000,9999.000,9999.000,9999.000
202606211254,   0.471,9999.000,9999.000,9999.000,9999.000,9999.000,9999.000,9999.000,9999.000
202606211300,   0.543,9999.000,   0.500,9999.000,   1.043,   0.500,   1.043,   0.500,   1.043
202606211306,   0.619,9999.000,9999.000,9999.000,9999.000,9999.000,9999.000,9999.000,9999.000
202606211312,   0.699,9999.000,9999.000,9999.000,9999.000,9999.000,9999.000,9999.000,9999.000
202606211318,   0.782,9999.000,9999.000,9999.000,9999.000,9999.000,9999.000,9999.000,9999.000
202606211324,   0.868,9999.000,9999.000,9999.000,9999.000,9999.000,9999.000,9999.000,9999.000
202606211330,   0.957,9999.000,9999.000,9999.000,9999.000,9999.000,9999.000,9999.000,9999.000
202606211336,   1.050,9999.000,9999.000,9999.000,9999.000,9999.000,9999.000,9999.000,9999.000
202606211342,   1.145,9999.000,9999.000,9999.000,9999.000,9999.000,9999.000,9999.000,9999.000
202606211348,   1.242,9999.000,9999.000,9999.000,9999.000,9999.000,9999.000,9999.000,9999.000
202606211354,   1.341,9999.000,9999.000,9999.000,9999.000,9999.000,9999.000,9999.000,9999.000
202606211400,   1.443,9999.000,   0.500,9999.000,   1.943,   0.500,   1.943,   0.500,   1.943
202606211406,   1.545,9999.000,9999.000,9999.000,9999.000,9999.000,9999.000,9999.000,9999.000
202606211412,   1.650,9999.000,9999.000,9999.000,9999.000,9999.000,9999.000,9999.000,9999.000
202606211418,   1.755,9999.000,9999.000,9999.000,9999.000,9999.000,9999.000,9999.000,9999.000
202606211424,   1.861,9999.000,9999.000,9999.000,9999.000,9999.000,9999.000,9999.000,9999.000
202606211430,   1.967,9999.000,9999.000,9999.000,9999.000,9999.000,9999.000,9999.000,9999.000
202606211436,   2.074,9999.000,9999.000,9999.000,9999.000,9999.000,9999.000,9999.000,9999.000
202606211442,   2.180,9999.000,9999.000,9999.000,9999.000,9999.000,9999.000,9999.000,9999.000
202606211448,   2.286,9999.000,9999.000,9999.000,9999.000,9999.000,9999.000,9999.000,9999.000
202606211454,   2.391,9999.000,9999.000,9999.000,9999.000,9999.000,9999.000,9999.000,9999.000
202606211500,   2.495,9999.000,   0.500,9999.000,   2.995,   0.500,   2.995,   0.500,   2.995
202606211506,   2.598,9999.000,9999.000,9999.000,9999.000,9999.000,9999.000,9999.000,9999.000
202606211512,   2.700,9999.000,9999.000,9999.000,9999.000,9999.000,9999.000,9999.000,9999.000
202606211518,   2.799,9999.000,9999.000,9999.000,9999.000,9999.000,9999.000,9999.000,9999.000
202606211524,   2.897,9999.000,9999.000,9999.000,9999.000,9999.000,9999.000,9999.000,9999.000
202606211530,   2.992,9999.000,9999.000,9999.000,9999.000,9999.000,9999.000,9999.000,9999.000
202606211536,   3.085,9999.000,9999.000,9999.000,9999.000,9999.000,9999.000,9999.000,9999.000
202606211542,   3.176,9999.000,9999.000,9999.000,9999.000,9999.000,9999.000,9999.000,9999.000
202606211548,   3.263,9999.000,9999.000,9999.000,9999.000,9999.000,9999.000,9999.000,9999.000
202606211554,   3.347,9999.000,9999.000,9999.000,9999.000,9999.000,9999.000,9999.000,9999.000
202606211600,   3.428,9999.000,   0.500,9999.000,   3.928,   0.500,   3.928,   0.500,   3.928
202606211606,   3.506,9999.000,9999.000,9999.000,9999.000,9999.000,9999.000,9999.000,9999.000
202606211612,   3.580,9999.000,9999.000,9999.000,9999.000,9999.000,9999.000,9999.000,9999.000
202606211618,   3.650,9999.000,9999.000,9999.000,9999.000,9999.000,9999.000,9999.000,9999.000
202606211624,   3.717,9999.000,9999.000,9999.000,9999.000,9999.000,9999.000,9999.000,9999.000
202606211630,   3.779,9999.000,9999.000,9999.000,9999.000,9999.000,9999.000,9999.000,9999.000
202606211636,   3.838,9999.000,9999.000,9999.000,9999.000,9999.000,9999.000,9999.000,9999.000
202606211642,   3.892,9999.000,9999.000,9999.000,9999.000,9999.000,9999.000,9999.000,9999.000
202606211648,   3.942,9999.000,9999.000,9999.000,9999.000,9999.000,9999.000,9999.000,9999.000
202606211654,   3.988,9999.000,9999.000,9999.000,9999.000,9999.000,9999.000,9999.000,9999.000
202606211700,   4.029,9999.000,   0.500,9999.000,   4.529,   0.500,   4.529,   0.500,   4.529
202606211706,   4.066,9999.000,9999.000,9999.000,9999.000,9999.000,9999.000,9999.000,9999.000
202606211712,   4.098,9999.000,9999.000,9999.000,9999.000,9999.000,9999.000,9999.000,9999.000
202606211718,   4.126,9999.000,9999.000,9999.000,9999.000,9999.000,9999.000,9999.000,9999.000
202606211724,   4.149,9999.000,9999.000,9999.000,9999.000,9999.000,9999.000,9999.000,9999.000
202606211730,   4.166,9999.000,9999.000,9999.000,9999.000,9999.000,9999.000,9999.000,9999.000
202606211736,   4.180,9999.000,9999.000,9999.000,9999.000,9999.000,9999.000,9999.000,9999.000
202606211742,   4.188,9999.000,9999.000,9999.000,9999.000,9999.000,9999.000,9999.000,9999.000
202606211748,   4.191,9999.000,9999.000,9999.000,9999.000,9999.000,9999.000,9999.000,9999.000
202606211754,   4.189,9999.000,9999.000,9999.000,9999.000,9999.000,9999.000,9999.000,9999.000
202606211800,   4.182,9999.000,   0.500,9999.000,   4.682,   0.400,   4.582,   0.500,   4.682
202606211806,   4.170,9999.000,9999.000,9999.000,9999.000,9999.000,9999.000,9999.000,9999.000
202606211812,   4.153,9999.000,9999.000,9999.000,9999.000,9999.000,9999.000,9999.000,9999.000
202606211818,   4.131,9999.000,9999.000,9999.000,9999.000,9999.000,9999.000,9999.000,9999.000
202606211824,   4.103,9999.000,9999.000,9999.000,9999.000,9999.000,9999.000,9999.000,9999.000
202606211830,   4.071,9999.000,9999.000,9999.000,9999.000,9999.000,9999.000,9999.000,9999.000
202606211836,   4.034,9999.000,9999.000,9999.000,9999.000,9999.000,9999.000,9999.000,9999.000
202606211842,   3.992,9999.000,9999.000,9999.000,9999.000,9999.000,9999.000,9999.000,9999.000
202606211848,   3.944,9999.000,9999.000,9999.000,9999.000,9999.000,9999.000,9999.000,9999.000
202606211854,   3.893,9999.000,9999.000,9999.000,9999.000,9999.000,9999.000,9999.000,9999.000
202606211900,   3.836,9999.000,   0.500,9999.000,   4.336,   0.400,   4.236,   0.500,   4.336
202606211906,   3.775,9999.000,9999.000,9999.000,9999.000,9999.000,9999.000,9999.000,9999.000
202606211912,   3.710,9999.000,9999.000,9999.000,9999.000,9999.000,9999.000,9999.000,9999.000
202606211918,   3.640,9999.000,9999.000,9999.000,9999.000,9999.000,9999.000,9999.000,9999.000
202606211924,   3.567,9999.000,9999.000,9999.000,9999.000,9999.000,9999.000,9999.000,9999.000
202606211930,   3.490,9999.000,9999.000,9999.000,9999.000,9999.000,9999.000,9999.000,9999.000
202606211936,   3.409,9999.000,9999.000,9999.000,9999.000,9999.000,9999.000,9999.000,9999.000
202606211942,   3.325,9999.000,9999.000,9999.000,9999.000,9999.000,9999.000,9999.000,9999.000
202606211948,   3.238,9999.000,9999.000,9999.000,9999.000,9999.000,9999.000,9999.000,9999.000
202606211954,   3.149,9999.000,9999.000,9999.000,9999.000,9999.000,9999.000,9999.000,9999.000
202606212000,   3.057,9999.000,   0.500,9999.000,   3.557,   0.400,   3.457,   0.500,   3.557
202606212006,   2.963,9999.000,9999.000,9999.000,9999.000,9999.000,9999.000,9999.000,9999.000
202606212012,   2.868,9999.000,9999.000,9999.000,9999.000,9999.000,9999.000,9999.000,9999.000
202606212018,   2.771,9999.000,9999.000,9999.000,9999.000,9999.000,9999.000,9999.000,9999.000
202606212024,   2.673,9999.000,9999.000,9999.000,9999.000,9999.000,9999.000,9999.000,9999.000
202606212030,   2.574,9999.000,9999.000,9999.000,9999.000,9999.000,9999.000,9999.000,9999.000
202606212036,   2.476,9999.000,9999.000,9999.000,9999.000,9999.000,9999.000,9999.000,9999.000
202606212042,   2.377,9999.000,9999.000,9999.000,9999.000,9999.000,9999.000,9999.000,9999.000
202606212048,   2.278,9999.000,9999.000,9999.000,9999.000,9999.000,9999.000,9999.000,9999.000
202606212054,   2.180,9999.000,9999.000,9999.000,9999.000,9999.000,9999.000,9999.000,9999.000
202606212100,   2.083,9999.000,   0.400,9999.000,   2.483,   0.400,   2.483,   0.500,   2.583
202606212106,   1.987,9999.000,9999.000,9999.000,9999.000,9999.000,9999.000,9999.000,9999.000
202606212112,   1.892,9999.000,9999.000,9999.000,9999.000,9999.000,9999.000,9999.000,9999.000
202606212118,   1.800,9999.000,9999.000,9999.000,9999.000,9999.000,9999.000,9999.000,9999.000
202606212124,   1.709,9999.000,9999.000,9999.000,9999.000,9999.000,9999.000,9999.000,9999.000
202606212130,   1.621,9999.000,9999.000,9999.000,9999.000,9999.000,9999.000,9999.000,9999.000
202606212136,   1.535,9999.000,9999.000,9999.000,9999.000,9999.000,9999.000,9999.000,9999.000
202606212142,   1.452,9999.000,9999.000,9999.000,9999.000,9999.000,9999.000,9999.000,9999.000
202606212148,   1.371,9999.000,9999.000,9999.000,9999.000,9999.000,9999.000,9999.000,9999.000
202606212154,   1.294,9999.000,9999.000,9999.000,9999.000,9999.000,9999.000,9999.000,9999.000
202606212200,   1.220,9999.000,   0.500,9999.000,   1.720,   0.400,   1.620,   0.500,   1.720
202606212206,   1.149,9999.000,9999.000,9999.000,9999.000,9999.000,9999.000,9999.000,9999.000
202606212212,   1.081,9999.000,9999.000,9999.000,9999.000,9999.000,9999.000,9999.000,9999.000
202606212218,   1.017,9999.000,9999.000,9999.000,9999.000,9999.000,9999.000,9999.000,9999.000
202606212224,   0.957,9999.000,9999.000,9999.000,9999.000,9999.000,9999.000,9999.000,9999.000
202606212230,   0.900,9999.000,9999.000,9999.000,9999.000,9999.000,9999.000,9999.000,9999.000
202606212236,   0.847,9999.000,9999.000,9999.000,9999.000,9999.000,9999.000,9999.000,9999.000
202606212242,   0.798,9999.000,9999.000,9999.000,9999.000,9999.000,9999.000,9999.000,9999.000
202606212248,   0.753,9999.000,9999.000,9999.000,9999.000,9999.000,9999.000,9999.000,9999.000
202606212254,   0.712,9999.000,9999.000,9999.000,9999.000,9999.000,9999.000,9999.000,9999.000
202606212300,   0.675,9999.000,   0.400,9999.000,   1.075,   0.400,   1.075,   0.500,   1.175
202606212306,   0.641,9999.000,9999.000,9999.000,9999.000,9999.000,9999.000,9999.000,9999.000
202606212312,   0.612,9999.000,9999.000,9999.000,9999.000,9999.000,9999.000,9999.000,9999.000
202606212318,   0.587,9999.000,9999.000,9999.000,9999.000,9999.000,9999.000,9999.000,9999.000
202606212324,   0.566,9999.000,9999.000,9999.000,9999.000,9999.000,9999.000,9999.000,9999.000
202606212330,   0.549,9999.000,9999.000,9999.000,9999.000,9999.000,9999.000,9999.000,9999.000
202606212336,   0.536,9999.000,9999.000,9999.000,9999.000,9999.000,9999.000,9999.000,9999.000
202606212342,   0.528,9999.000,9999.000,9999.000,9999.000,9999.000,9999.000,9999.000,9999.000
202606212348,   0.523,9999.000,9999.000,9999.000,9999.000,9999.000,9999.000,9999.000,9999.000
202606212354,   0.523,9999.000,9999.000,9999.000,9999.000,9999.000,9999.000,9999.000,9999.000
202606220000,   0.527,9999.000,   0.500,9999.000,   1.027,   0.400,   0.927,   0.500,   1.027
202606220006,   0.536,9999.000,9999.000,9999.000,9999.000,9999.000,9999.000,9999.000,9999.000
202606220012,   0.548,9999.000,9999.000,9999.000,9999.000,9999.000,9999.000,9999.000,9999.000
202606220018,   0.565,9999.000,9999.000,9999.000,9999.000,9999.000,9999.000,9999.000,9999.000
202606220024,   0.586,9999.000,9999.000,9999.000,9999.000,9999.000,9999.000,9999.000,9999.000
202606220030,   0.612,9999.000,9999.000,9999.000,9999.000,9999.000,9999.000,9999.000,9999.000
202606220036,   0.641,9999.000,9999.000,9999.000,9999.000,9999.000,9999.000,9999.000,9999.000
202606220042,   0.675,9999.000,9999.000,9999.000,9999.000,9999.000,9999.000,9999.000,9999.000
202606220048,   0.713,9999.000,9999.000,9999.000,9999.000,9999.000,9999.000,9999.000,9999.000
202606220054,   0.754,9999.000,9999.000,9999.000,9999.000,9999.000,9999.000,9999.000,9999.000
202606220100,   0.800,9999.000,   0.400,9999.000,   1.200,   0.400,   1.200,   0.500,   1.300
202606220106,   0.850,9999.000,9999.000,9999.000,9999.000,9999.000,9999.000,9999.000,9999.000
202606220112,   0.904,9999.000,9999.000,9999.000,9999.000,9999.000,9999.000,9999.000,9999.000
202606220118,   0.961,9999.000,9999.000,9999.000,9999.000,9999.000,9999.000,9999.000,9999.000
202606220124,   1.022,9999.000,9999.000,9999.000,9999.000,9999.000,9999.000,9999.000,9999.000
202606220130,   1.086,9999.000,9999.000,9999.000,9999.000,9999.000,9999.000,9999.000,9999.000
202606220136,   1.154,9999.000,9999.000,9999.000,9999.000,9999.000,9999.000,9999.000,9999.000
202606220142,   1.225,9999.000,9999.000,9999.000,9999.000,9999.000,9999.000,9999.000,9999.000
202606220148,   1.299,9999.000,9999.000,9999.000,9999.000,9999.000,9999.000,9999.000,9999.000
202606220154,   1.375,9999.000,9999.000,9999.000,9999.000,9999.000,9999.000,9999.000,9999.000
202606220200,   1.455,9999.000,   0.400,9999.000,   1.855,   0.400,   1.855,   0.500,   1.955
202606220206,   1.536,9999.000,9999.000,9999.000,9999.000,9999.000,9999.000,9999.000,9999.000
202606220212,   1.620,9999.000,9999.000,9999.000,9999.000,9999.000,9999.000,9999.000,9999.000
202606220218,   1.706,9999.000,9999.000,9999.000,9999.000,9999.000,9999.000,9999.000,9999.000
202606220224,   1.793,9999.000,9999.000,9999.000,9999.000,9999.000,9999.000,9999.000,9999.000
202606220230,   1.881,9999.000,9999.000,9999.000,9999.000,9999.000,9999.000,9999.000,9999.000
202606220236,   1.971,9999.000,9999.000,9999.000,9999.000,9999.000,9999.000,9999.000,9999.000
202606220242,   2.062,9999.000,9999.000,9999.000,9999.000,9999.000,9999.000,9999.000,9999.000
202606220248,   2.153,9999.000,9999.000,9999.000,9999.000,9999.000,9999.000,9999.000,9999.000
202606220254,   2.244,9999.000,9999.000,9999.000,9999.000,9999.000,9999.000,9999.000,9999.000
202606220300,   2.336,9999.000,   0.400,9999.000,   2.736,   0.400,   2.736,   0.400,   2.736
202606220306,   2.427,9999.000,9999.000,9999.000,9999.000,9999.000,9999.000,9999.000,9999.000
202606220312,   2.518,9999.000,9999.000,9999.000,9999.000,9999.000,9999.000,9999.000,9999.000
202606220318,   2.608,9999.000,9999.000,9999.000,9999.000,9999.000,9999.000,9999.000,9999.000
202606220324,   2.697,9999.000,9999.000,9999.000,9999.000,9999.000,9999.000,9999.000,9999.000
202606220330,   2.784,9999.000,9999.000,9999.000,9999.000,9999.000,9999.000,9999.000,9999.000
202606220336,   2.870,9999.000,9999.000,9999.000,9999.000,9999.000,9999.000,9999.000,9999.000
202606220342,   2.954,9999.000,9999.000,9999.000,9999.000,9999.000,9999.000,9999.000,9999.000
202606220348,   3.037,9999.000,9999.000,9999.000,9999.000,9999.000,9999.000,9999.000,9999.000
202606220354,   3.116,9999.000,9999.000,9999.000,9999.000,9999.000,9999.000,9999.000,9999.000
202606220400,   3.194,9999.000,   0.400,9999.000,   3.594,   0.400,   3.594,   0.400,   3.594
202606220406,   3.269,9999.000,9999.000,9999.000,9999.000,9999.000,9999.000,9999.000,9999.000
202606220412,   3.341,9999.000,9999.000,9999.000,9999.000,9999.000,9999.000,9999.000,9999.000
202606220418,   3.410,9999.000,9999.000,9999.000,9999.000,9999.000,9999.000,9999.000,9999.000
202606220424,   3.475,9999.000,9999.000,9999.000,9999.000,9999.000,9999.000,9999.000,9999.000
202606220430,   3.538,9999.000,9999.000,9999.000,9999.000,9999.000,9999.000,9999.000,9999.000
202606220436,   3.597,9999.000,9999.000,9999.000,9999.000,9999.000,9999.000,9999.000,9999.000
202606220442,   3.652,9999.000,9999.000,9999.000,9999.000,9999.000,9999.000,9999.000,9999.000
202606220448,   3.704,9999.000,9999.000,9999.000,9999.000,9999.000,9999.000,9999.000,9999.000
202606220454,   3.752,9999.000,9999.000,9999.000,9999.000,9999.000,9999.000,9999.000,9999.000
202606220500,   3.795,9999.000,   0.400,9999.000,   4.195,   0.300,   4.095,   0.400,   4.195
202606220506,   3.835,9999.000,9999.000,9999.000,9999.000,9999.000,9999.000,9999.000,9999.000
202606220512,   3.871,9999.000,9999.000,9999.000,9999.000,9999.000,9999.000,9999.000,9999.000
202606220518,   3.902,9999.000,9999.000,9999.000,9999.000,9999.000,9999.000,9999.000,9999.000
202606220524,   3.930,9999.000,9999.000,9999.000,9999.000,9999.000,9999.000,9999.000,9999.000
202606220530,   3.953,9999.000,9999.000,9999.000,9999.000,9999.000,9999.000,9999.000,9999.000
202606220536,   3.971,9999.000,9999.000,9999.000,9999.000,9999.000,9999.000,9999.000,9999.000
202606220542,   3.985,9999.000,9999.000,9999.000,9999.000,9999.000,9999.000,9999.000,9999.000
202606220548,   3.994,9999.000,9999.000,9999.000,9999.000,9999.000,9999.000,9999.000,9999.000
202606220554,   3.999,9999.000,9999.000,9999.000,9999.000,9999.000,9999.000,9999.000,9999.000
202606220600,   3.999,9999.000,   0.400,9999.000,   4.399,   0.400,   4.399,   0.400,   4.399
202606220606,   3.994,9999.000,9999.000,9999.000,9999.000,9999.000,9999.000,9999.000,9999.000
202606220612,   3.985,9999.000,9999.000,9999.000,9999.000,9999.000,9999.000,9999.000,9999.000
202606220618,   3.971,9999.000,9999.000,9999.000,9999.000,9999.000,9999.000,9999.000,9999.000
202606220624,   3.952,9999.000,9999.000,9999.000,9999.000,9999.000,9999.000,9999.000,9999.000
202606220630,   3.929,9999.000,9999.000,9999.000,9999.000,9999.000,9999.000,9999.000,9999.000
202606220636,   3.901,9999.000,9999.000,9999.000,9999.000,9999.000,9999.000,9999.000,9999.000
202606220642,   3.867,9999.000,9999.000,9999.000,9999.000,9999.000,9999.000,9999.000,9999.000
202606220648,   3.830,9999.000,9999.000,9999.000,9999.000,9999.000,9999.000,9999.000,9999.000
202606220654,   3.787,9999.000,9999.000,9999.000,9999.000,9999.000,9999.000,9999.000,9999.000
202606220700,   3.740,9999.000,   0.400,9999.000,   4.140,   0.400,   4.140,   0.400,   4.140
202606220706,   3.688,9999.000,9999.000,9999.000,9999.000,9999.000,9999.000,9999.000,9999.000
202606220712,   3.632,9999.000,9999.000,9999.000,9999.000,9999.000,9999.000,9999.000,9999.000
202606220718,   3.571,9999.000,9999.000,9999.000,9999.000,9999.000,9999.000,9999.000,9999.000
202606220724,   3.506,9999.000,9999.000,9999.000,9999.000,9999.000,9999.000,9999.000,9999.000
202606220730,   3.437,9999.000,9999.000,9999.000,9999.000,9999.000,9999.000,9999.000,9999.000
202606220736,   3.364,9999.000,9999.000,9999.000,9999.000,9999.000,9999.000,9999.000,9999.000
202606220742,   3.287,9999.000,9999.000,9999.000,9999.000,9999.000,9999.000,9999.000,9999.000
202606220748,   3.206,9999.000,9999.000,9999.000,9999.000,9999.000,9999.000,9999.000,9999.000
202606220754,   3.122,9999.000,9999.000,9999.000,9999.000,9999.000,9999.000,9999.000,9999.000
202606220800,   3.035,9999.000,   0.400,9999.000,   3.435,   0.400,   3.435,   0.500,   3.535
202606220806,   2.945,9999.000,9999.000,9999.000,9999.000,9999.000,9999.000,9999.000,9999.000
202606220812,   2.852,9999.000,9999.000,9999.000,9999.000,9999.000,9999.000,9999.000,9999.000
202606220818,   2.757,9999.000,9999.000,9999.000,9999.000,9999.000,9999.000,9999.000,9999.000
202606220824,   2.659,9999.000,9999.000,9999.000,9999.000,9999.000,9999.000,9999.000,9999.000
202606220830,   2.560,9999.000,9999.000,9999.000,9999.000,9999.000,9999.000,9999.000,9999.000
202606220836,   2.460,9999.000,9999.000,9999.000,9999.000,9999.000,9999.000,9999.000,9999.000
202606220842,   2.358,9999.000,9999.000,9999.000,9999.000,9999.000,9999.000,9999.000,9999.000
202606220848,   2.256,9999.000,9999.000,9999.000,9999.000,9999.000,9999.000,9999.000,9999.000
202606220854,   2.153,9999.000,9999.000,9999.000,9999.000,9999.000,9999.000,9999.000,9999.000
202606220900,   2.050,9999.000,   0.400,9999.000,   2.450,   0.400,   2.450,   0.500,   2.550
202606220906,   1.947,9999.000,9999.000,9999.000,9999.000,9999.000,9999.000,9999.000,9999.000
202606220912,   1.845,9999.000,9999.000,9999.000,9999.000,9999.000,9999.000,9999.000,9999.000
202606220918,   1.743,9999.000,9999.000,9999.000,9999.000,9999.000,9999.000,9999.000,9999.000
202606220924,   1.642,9999.000,9999.000,9999.000,9999.000,9999.000,9999.000,9999.000,9999.000
202606220930,   1.543,9999.000,9999.000,9999.000,9999.000,9999.000,9999.000,9999.000,9999.000
202606220936,   1.446,9999.000,9999.000,9999.000,9999.000,9999.000,9999.000,9999.000,9999.000
202606220942,   1.350,9999.000,9999.000,9999.000,9999.000,9999.000,9999.000,9999.000,9999.000
202606220948,   1.257,9999.000,9999.000,9999.000,9999.000,9999.000,9999.000,9999.000,9999.000
202606220954,   1.166,9999.000,9999.000,9999.000,9999.000,9999.000,9999.000,9999.000,9999.000
202606221000,   1.078,9999.000,   0.500,9999.000,   1.578,   0.400,   1.478,   0.500,   1.578
202606221006,   0.992,9999.000,9999.000,9999.000,9999.000,9999.000,9999.000,9999.000,9999.000
202606221012,   0.909,9999.000,9999.000,9999.000,9999.000,9999.000,9999.000,9999.000,9999.000
202606221018,   0.830,9999.000,9999.000,9999.000,9999.000,9999.000,9999.000,9999.000,9999.000
202606221024,   0.754,9999.000,9999.000,9999.000,9999.000,9999.000,9999.000,9999.000,9999.000
202606221030,   0.681,9999.000,9999.000,9999.000,9999.000,9999.000,9999.000,9999.000,9999.000
202606221036,   0.612,9999.000,9999.000,9999.000,9999.000,9999.000,9999.000,9999.000,9999.000
202606221042,   0.547,9999.000,9999.000,9999.000,9999.000,9999.000,9999.000,9999.000,9999.000
202606221048,   0.485,9999.000,9999.000,9999.000,9999.000,9999.000,9999.000,9999.000,9999.000
202606221054,   0.427,9999.000,9999.000,9999.000,9999.000,9999.000,9999.000,9999.000,9999.000
202606221100,   0.373,9999.000,   0.500,9999.000,   0.873,   0.400,   0.773,   0.500,   0.873
202606221106,   0.324,9999.000,9999.000,9999.000,9999.000,9999.000,9999.000,9999.000,9999.000
202606221112,   0.278,9999.000,9999.000,9999.000,9999.000,9999.000,9999.000,9999.000,9999.000
202606221118,   0.236,9999.000,9999.000,9999.000,9999.000,9999.000,9999.000,9999.000,9999.000
202606221124,   0.198,9999.000,9999.000,9999.000,9999.000,9999.000,9999.000,9999.000,9999.000
202606221130,   0.165,9999.000,9999.000,9999.000,9999.000,9999.000,9999.000,9999.000,9999.000
202606221136,   0.136,9999.000,9999.000,9999.000,9999.000,9999.000,9999.000,9999.000,9999.000
202606221142,   0.111,9999.000,9999.000,9999.000,9999.000,9999.000,9999.000,9999.000,9999.000
202606221148,   0.090,9999.000,9999.000,9999.000,9999.000,9999.000,9999.000,9999.000,9999.000
202606221154,   0.074,9999.000,9999.000,9999.000,9999.000,9999.000,9999.000,9999.000,9999.000
202606221200,   0.062,9999.000,   0.400,9999.000,   0.462,   0.400,   0.462,   0.400,   0.462
202606221206,   0.054,9999.000,9999.000,9999.000,9999.000,9999.000,9999.000,9999.000,9999.000
202606221212,   0.051,9999.000,9999.000,9999.000,9999.000,9999.000,9999.000,9999.000,9999.000
202606221218,   0.052,9999.000,9999.000,9999.000,9999.000,9999.000,9999.000,9999.000,9999.000
202606221224,   0.058,9999.000,9999.000,9999.000,9999.000,9999.000,9999.000,9999.000,9999.000
202606221230,   0.068,9999.000,9999.000,9999.000,9999.000,9999.000,9999.000,9999.000,9999.000
202606221236,   0.082,9999.000,9999.000,9999.000,9999.000,9999.000,9999.000,9999.000,9999.000
202606221242,   0.101,9999.000,9999.000,9999.000,9999.000,9999.000,9999.000,9999.000,9999.000
202606221248,   0.125,9999.000,9999.000,9999.000,9999.000,9999.000,9999.000,9999.000,9999.000
202606221254,   0.153,9999.000,9999.000,9999.000,9999.000,9999.000,9999.000,9999.000,9999.000
202606221300,   0.186,9999.000,   0.400,9999.000,   0.586,   0.400,   0.586,   0.400,   0.586
202606221306,   0.222,9999.000,9999.000,9999.000,9999.000,9999.000,9999.000,9999.000,9999.000
202606221312,   0.264,9999.000,9999.000,9999.000,9999.000,9999.000,9999.000,9999.000,9999.000
202606221318,   0.309,9999.000,9999.000,9999.000,9999.000,9999.000,9999.000,9999.000,9999.000
202606221324,   0.359,9999.000,9999.000,9999.000,9999.000,9999.000,9999.000,9999.000,9999.000
202606221330,   0.414,9999.000,9999.000,9999.000,9999.000,9999.000,9999.000,9999.000,9999.000
202606221336,   0.472,9999.000,9999.000,9999.000,9999.000,9999.000,9999.000,9999.000,9999.000
202606221342,   0.534,9999.000,9999.000,9999.000,9999.000,9999.000,9999.000,9999.000,9999.000
202606221348,   0.601,9999.000,9999.000,9999.000,9999.000,9999.000,9999.000,9999.000,9999.000
202606221354,   0.671,9999.000,9999.000,9999.000,9999.000,9999.000,9999.000,9999.000,9999.000
202606221400,   0.744,9999.000,   0.400,9999.000,   1.144,   0.400,   1.144,   0.500,   1.244
202606221406,   0.822,9999.000,9999.000,9999.000,9999.000,9999.000,9999.000,9999.000,9999.000
202606221412,   0.902,9999.000,9999.000,9999.000,9999.000,9999.000,9999.000,9999.000,9999.000
202606221418,   0.986,9999.000,9999.000,9999.000,9999.000,9999.000,9999.000,9999.000,9999.000
202606221424,   1.073,9999.000,9999.000,9999.000,9999.000,9999.000,9999.000,9999.000,9999.000
202606221430,   1.162,9999.000,9999.000,9999.000,9999.000,9999.000,9999.000,9999.000,9999.000
202606221436,   1.254,9999.000,9999.000,9999.000,9999.000,9999.000,9999.000,9999.000,9999.000
202606221442,   1.348,9999.000,9999.000,9999.000,9999.000,9999.000,9999.000,9999.000,9999.000
202606221448,   1.445,9999.000,9999.000,9999.000,9999.000,9999.000,9999.000,9999.000,9999.000
202606221454,   1.543,9999.000,9999.000,9999.000,9999.000,9999.000,9999.000,9999.000,9999.000
202606221500,   1.642,9999.000,   0.400,9999.000,   2.042,   0.400,   2.042,   0.500,   2.142
202606221506,   1.743,9999.000,9999.000,9999.000,9999.000,9999.000,9999.000,9999.000,9999.000
202606221512,   1.845,9999.000,9999.000,9999.000,9999.000,9999.000,9999.000,9999.000,9999.000
202606221518,   1.947,9999.000,9999.000,9999.000,9999.000,9999.000,9999.000,9999.000,9999.000
202606221524,   2.050,9999.000,9999.000,9999.000,9999.000,9999.000,9999.000,9999.000,9999.000
202606221530,   2.154,9999.000,9999.000,9999.000,9999.000,9999.000,9999.000,9999.000,9999.000
202606221536,   2.257,9999.000,9999.000,9999.000,9999.000,9999.000,9999.000,9999.000,9999.000
202606221542,   2.359,9999.000,9999.000,9999.000,9999.000,9999.000,9999.000,9999.000,9999.000
202606221548,   2.461,9999.000,9999.000,9999.000,9999.000,9999.000,9999.000,9999.000,9999.000
202606221554,   2.563,9999.000,9999.000,9999.000,9999.000,9999.000,9999.000,9999.000,9999.000
202606221600,   2.663,9999.000,   0.400,9999.000,   3.063,   0.400,   3.063,   0.500,   3.163
202606221606,   2.761,9999.000,9999.000,9999.000,9999.000,9999.000,9999.000,9999.000,9999.000
202606221612,   2.858,9999.000,9999.000,9999.000,9999.000,9999.000,9999.000,9999.000,9999.000
202606221618,   2.954,9999.000,9999.000,9999.000,9999.000,9999.000,9999.000,9999.000,9999.000
202606221624,   3.047,9999.000,9999.000,9999.000,9999.000,9999.000,9999.000,9999.000,9999.000
202606221630,   3.138,9999.000,9999.000,9999.000,9999.000,9999.000,9999.000,9999.000,9999.000
202606221636,   3.227,9999.000,9999.000,9999.000,9999.000,9999.000,9999.000,9999.000,9999.000
202606221642,   3.313,9999.000,9999.000,9999.000,9999.000,9999.000,9999.000,9999.000,9999.000
202606221648,   3.396,9999.000,9999.000,9999.000,9999.000,9999.000,9999.000,9999.000,9999.000
202606221654,   3.476,9999.000,9999.000,9999.000,9999.000,9999.000,9999.000,9999.000,9999.000
202606221700,   3.553,9999.000,   0.400,9999.000,   3.953,   0.400,   3.953,   0.500,   4.053
202606221706,   3.627,9999.000,9999.000,9999.000,9999.000,9999.000,9999.000,9999.000,9999.000
202606221712,   3.697,9999.000,9999.000,9999.000,9999.000,9999.000,9999.000,9999.000,9999.000
202606221718,   3.765,9999.000,9999.000,9999.000,9999.000,9999.000,9999.000,9999.000,9999.000
202606221724,   3.828,9999.000,9999.000,9999.000,9999.000,9999.000,9999.000,9999.000,9999.000
202606221730,   3.888,9999.000,9999.000,9999.000,9999.000,9999.000,9999.000,9999.000,9999.000
202606221736,   3.944,9999.000,9999.000,9999.000,9999.000,9999.000,9999.000,9999.000,9999.000
202606221742,   3.996,9999.000,9999.000,9999.000,9999.000,9999.000,9999.000,9999.000,9999.000
202606221748,   4.043,9999.000,9999.000,9999.000,9999.000,9999.000,9999.000,9999.000,9999.000
202606221754,   4.087,9999.000,9999.000,9999.000,9999.000,9999.000,9999.000,9999.000,9999.000
202606221800,   4.127,9999.000,   0.400,9999.000,   4.527,   0.400,   4.527,   0.500,   4.627
202606221806,   4.162,9999.000,9999.000,9999.000,9999.000,9999.000,9999.000,9999.000,9999.000
202606221812,   4.193,9999.000,9999.000,9999.000,9999.000,9999.000,9999.000,9999.000,9999.000
202606221818,   4.220,9999.000,9999.000,9999.000,9999.000,9999.000,9999.000,9999.000,9999.000
202606221824,   4.242,9999.000,9999.000,9999.000,9999.000,9999.000,9999.000,9999.000,9999.000
202606221830,   4.259,9999.000,9999.000,9999.000,9999.000,9999.000,9999.000,9999.000,9999.000
202606221836,   4.272,9999.000,9999.000,9999.000,9999.000,9999.000,9999.000,9999.000,9999.000
202606221842,   4.280,9999.000,9999.000,9999.000,9999.000,9999.000,9999.000,9999.000,9999.000
202606221848,   4.283,9999.000,9999.000,9999.000,9999.000,9999.000,9999.000,9999.000,9999.000
202606221854,   4.282,9999.000,9999.000,9999.000,9999.000,9999.000,9999.000,9999.000,9999.000
202606221900,   4.276,9999.000,   0.400,9999.000,   4.676,   0.400,   4.676,   0.500,   4.776
202606221906,   4.264,9999.000,9999.000,9999.000,9999.000,9999.000,9999.000,9999.000,9999.000
202606221912,   4.248,9999.000,9999.000,9999.000,9999.000,9999.000,9999.000,9999.000,9999.000
202606221918,   4.227,9999.000,9999.000,9999.000,9999.000,9999.000,9999.000,9999.000,9999.000
202606221924,   4.201,9999.000,9999.000,9999.000,9999.000,9999.000,9999.000,9999.000,9999.000
202606221930,   4.170,9999.000,9999.000,9999.000,9999.000,9999.000,9999.000,9999.000,9999.000
202606221936,   4.134,9999.000,9999.000,9999.000,9999.000,9999.000,9999.000,9999.000,9999.000
202606221942,   4.093,9999.000,9999.000,9999.000,9999.000,9999.000,9999.000,9999.000,9999.000
202606221948,   4.048,9999.000,9999.000,9999.000,9999.000,9999.000,9999.000,9999.000,9999.000
202606221954,   3.998,9999.000,9999.000,9999.000,9999.000,9999.000,9999.000,9999.000,9999.000
202606222000,   3.944,9999.000,   0.400,9999.000,   4.344,   0.400,   4.344,   0.500,   4.444
202606222006,   3.885,9999.000,9999.000,9999.000,9999.000,9999.000,9999.000,9999.000,9999.000
202606222012,   3.822,9999.000,9999.000,9999.000,9999.000,9999.000,9999.000,9999.000,9999.000
202606222018,   3.755,9999.000,9999.000,9999.000,9999.000,9999.000,9999.000,9999.000,9999.000
202606222024,   3.685,9999.000,9999.000,9999.000,9999.000,9999.000,9999.000,9999.000,9999.000
202606222030,   3.610,9999.000,9999.000,9999.000,9999.000,9999.000,9999.000,9999.000,9999.000
202606222036,   3.533,9999.000,9999.000,9999.000,9999.000,9999.000,9999.000,9999.000,9999.000
202606222042,   3.452,9999.000,9999.000,9999.000,9999.000,9999.000,9999.000,9999.000,9999.000
202606222048,   3.369,9999.000,9999.000,9999.000,9999.000,9999.000,9999.000,9999.000,9999.000
202606222054,   3.283,9999.000,9999.000,9999.000,9999.000,9999.000,9999.000,9999.000,9999.000
202606222100,   3.195,9999.000,   0.400,9999.000,   3.595,   0.400,   3.595,   0.500,   3.695
202606222106,   3.105,9999.000,9999.000,9999.000,9999.000,9999.000,9999.000,9999.000,9999.000
202606222112,   3.013,9999.000,9999.000,9999.000,9999.000,9999.000,9999.000,9999.000,9999.000
202606222118,   2.921,9999.000,9999.000,9999.000,9999.000,9999.000,9999.000,9999.000,9999.000
202606222124,   2.827,9999.000,9999.000,9999.000,9999.000,9999.000,9999.000,9999.000,9999.000
202606222130,   2.732,9999.000,9999.000,9999.000,9999.000,9999.000,9999.000,9999.000,9999.000
202606222136,   2.638,9999.000,9999.000,9999.000,9999.000,9999.000,9999.000,9999.000,9999.000
202606222142,   2.543,9999.000,9999.000,9999.000,9999.000,9999.000,9999.000,9999.000,9999.000
202606222148,   2.449,9999.000,9999.000,9999.000,9999.000,9999.000,9999.000,9999.000,9999.000
202606222154,   2.355,9999.000,9999.000,9999.000,9999.000,9999.000,9999.000,9999.000,9999.000
202606222200,   2.262,9999.000,   0.400,9999.000,   2.662,   0.400,   2.662,   0.500,   2.762
202606222206,   2.170,9999.000,9999.000,9999.000,9999.000,9999.000,9999.000,9999.000,9999.000
202606222212,   2.079,9999.000,9999.000,9999.000,9999.000,9999.000,9999.000,9999.000,9999.000
202606222218,   1.990,9999.000,9999.000,9999.000,9999.000,9999.000,9999.000,9999.000,9999.000
202606222224,   1.903,9999.000,9999.000,9999.000,9999.000,9999.000,9999.000,9999.000,9999.000
202606222230,   1.818,9999.000,9999.000,9999.000,9999.000,9999.000,9999.000,9999.000,9999.000
202606222236,   1.735,9999.000,9999.000,9999.000,9999.000,9999.000,9999.000,9999.000,9999.000
202606222242,   1.655,9999.000,9999.000,9999.000,9999.000,9999.000,9999.000,9999.000,9999.000
202606222248,   1.577,9999.000,9999.000,9999.000,9999.000,9999.000,9999.000,9999.000,9999.000
202606222254,   1.502,9999.000,9999.000,9999.000,9999.000,9999.000,9999.000,9999.000,9999.000
202606222300,   1.429,9999.000,   0.400,9999.000,   1.829,   0.400,   1.829,   0.500,   1.929
202606222306,   1.360,9999.000,9999.000,9999.000,9999.000,9999.000,9999.000,9999.000,9999.000
202606222312,   1.293,9999.000,9999.000,9999.000,9999.000,9999.000,9999.000,9999.000,9999.000
202606222318,   1.230,9999.000,9999.000,9999.000,9999.000,9999.000,9999.000,9999.000,9999.000
202606222324,   1.170,9999.000,9999.000,9999.000,9999.000,9999.000,9999.000,9999.000,9999.000
202606222330,   1.113,9999.000,9999.000,9999.000,9999.000,9999.000,9999.000,9999.000,9999.000
202606222336,   1.060,9999.000,9999.000,9999.000,9999.000,9999.000,9999.000,9999.000,9999.000
202606222342,   1.009,9999.000,9999.000,9999.000,9999.000,9999.000,9999.000,9999.000,9999.000
202606222348,   0.963,9999.000,9999.000,9999.000,9999.000,9999.000,9999.000,9999.000,9999.000
202606222354,   0.920,9999.000,9999.000,9999.000,9999.000,9999.000,9999.000,9999.000,9999.000
202606230000,   0.880,9999.000,   0.400,9999.000,   1.280,   0.400,   1.280,   0.400,   1.280
202606230006,   0.844,9999.000,9999.000,9999.000,9999.000,9999.000,9999.000,9999.000,9999.000
202606230012,   0.812,9999.000,9999.000,9999.000,9999.000,9999.000,9999.000,9999.000,9999.000
202606230018,   0.783,9999.000,9999.000,9999.000,9999.000,9999.000,9999.000,9999.000,9999.000
202606230024,   0.759,9999.000,9999.000,9999.000,9999.000,9999.000,9999.000,9999.000,9999.000
202606230030,   0.737,9999.000,9999.000,9999.000,9999.000,9999.000,9999.000,9999.000,9999.000
202606230036,   0.720,9999.000,9999.000,9999.000,9999.000,9999.000,9999.000,9999.000,9999.000
202606230042,   0.707,9999.000,9999.000,9999.000,9999.000,9999.000,9999.000,9999.000,9999.000
202606230048,   0.697,9999.000,9999.000,9999.000,9999.000,9999.000,9999.000,9999.000,9999.000
202606230054,   0.692,9999.000,9999.000,9999.000,9999.000,9999.000,9999.000,9999.000,9999.000
202606230100,   0.690,9999.000,   0.400,9999.000,   1.090,   0.400,   1.090,   0.400,   1.090
202606230106,   0.692,9999.000,9999.000,9999.000,9999.000,9999.000,9999.000,9999.000,9999.000
202606230112,   0.698,9999.000,9999.000,9999.000,9999.000,9999.000,9999.000,9999.000,9999.000
202606230118,   0.709,9999.000,9999.000,9999.000,9999.000,9999.000,9999.000,9999.000,9999.000
202606230124,   0.723,9999.000,9999.000,9999.000,9999.000,9999.000,9999.000,9999.000,9999.000
202606230130,   0.741,9999.000,9999.000,9999.000,9999.000,9999.000,9999.000,9999.000,9999.000
202606230136,   0.763,9999.000,9999.000,9999.000,9999.000,9999.000,9999.000,9999.000,9999.000
202606230142,   0.789,9999.000,9999.000,9999.000,9999.000,9999.000,9999.000,9999.000,9999.000
202606230148,   0.819,9999.000,9999.000,9999.000,9999.000,9999.000,9999.000,9999.000,9999.000
202606230154,   0.853,9999.000,9999.000,9999.000,9999.000,9999.000,9999.000,9999.000,9999.000
202606230200,   0.890,9999.000,   0.300,9999.000,   1.190,   0.300,   1.190,   0.400,   1.290
202606230206,   0.931,9999.000,9999.000,9999.000,9999.000,9999.000,9999.000,9999.000,9999.000
202606230212,   0.976,9999.000,9999.000,9999.000,9999.000,9999.000,9999.000,9999.000,9999.000
202606230218,   1.024,9999.000,9999.000,9999.000,9999.000,9999.000,9999.000,9999.000,9999.000
202606230224,   1.076,9999.000,9999.000,9999.000,9999.000,9999.000,9999.000,9999.000,9999.000
202606230230,   1.131,9999.000,9999.000,9999.000,9999.000,9999.000,9999.000,9999.000,9999.000
202606230236,   1.188,9999.000,9999.000,9999.000,9999.000,9999.000,9999.000,9999.000,9999.000
202606230242,   1.249,9999.000,9999.000,9999.000,9999.000,9999.000,9999.000,9999.000,9999.000
202606230248,   1.313,9999.000,9999.000,9999.000,9999.000,9999.000,9999.000,9999.000,9999.000
202606230254,   1.379,9999.000,9999.000,9999.000,9999.000,9999.000,9999.000,9999.000,9999.000
202606230300,   1.447,9999.000,   0.300,9999.000,   1.747,   0.300,   1.747,   0.300,   1.747
202606230306,   1.517,9999.000,9999.000,9999.000,9999.000,9999.000,9999.000,9999.000,9999.000
202606230312,   1.590,9999.000,9999.000,9999.000,9999.000,9999.000,9999.000,9999.000,9999.000
202606230318,   1.664,9999.000,9999.000,9999.000,9999.000,9999.000,9999.000,9999.000,9999.000
202606230324,   1.739,9999.000,9999.000,9999.000,9999.000,9999.000,9999.000,9999.000,9999.000
202606230330,   1.816,9999.000,9999.000,9999.000,9999.000,9999.000,9999.000,9999.000,9999.000
202606230336,   1.894,9999.000,9999.000,9999.000,9999.000,9999.000,9999.000,9999.000,9999.000
202606230342,   1.972,9999.000,9999.000,9999.000,9999.000,9999.000,9999.000,9999.000,9999.000
202606230348,   2.051,9999.000,9999.000,9999.000,9999.000,9999.000,9999.000,9999.000,9999.000
202606230354,   2.130,9999.000,9999.000,9999.000,9999.000,9999.000,9999.000,9999.000,9999.000
202606230400,   2.209,9999.000,   0.200,9999.000,   2.409,   0.200,   2.409,   0.300,   2.509
202606230406,   2.288,9999.000,9999.000,9999.000,9999.000,9999.000,9999.000,9999.000,9999.000
202606230412,   2.366,9999.000,9999.000,9999.000,9999.000,9999.000,9999.000,9999.000,9999.000
202606230418,   2.443,9999.000,9999.000,9999.000,9999.000,9999.000,9999.000,9999.000,9999.000
202606230424,   2.520,9999.000,9999.000,9999.000,9999.000,9999.000,9999.000,9999.000,9999.000
202606230430,   2.595,9999.000,9999.000,9999.000,9999.000,9999.000,9999.000,9999.000,9999.000
202606230436,   2.669,9999.000,9999.000,9999.000,9999.000,9999.000,9999.000,9999.000,9999.000
202606230442,   2.741,9999.000,9999.000,9999.000,9999.000,9999.000,9999.000,9999.000,9999.000
202606230448,   2.811,9999.000,9999.000,9999.000,9999.000,9999.000,9999.000,9999.000,9999.000
202606230454,   2.879,9999.000,9999.000,9999.000,9999.000,9999.000,9999.000,9999.000,9999.000
202606230500,   2.945,9999.000,   0.200,9999.000,   3.145,   0.100,   3.045,   0.200,   3.145
202606230506,   3.009,9999.000,9999.000,9999.000,9999.000,9999.000,9999.000,9999.000,9999.000
202606230512,   3.070,9999.000,9999.000,9999.000,9999.000,9999.000,9999.000,9999.000,9999.000
202606230518,   3.128,9999.000,9999.000,9999.000,9999.000,9999.000,9999.000,9999.000,9999.000
202606230524,   3.184,9999.000,9999.000,9999.000,9999.000,9999.000,9999.000,9999.000,9999.000
202606230530,   3.237,9999.000,9999.000,9999.000,9999.000,9999.000,9999.000,9999.000,9999.000
202606230536,   3.286,9999.000,9999.000,9999.000,9999.000,9999.000,9999.000,9999.000,9999.000
202606230542,   3.333,9999.000,9999.000,9999.000,9999.000,9999.000,9999.000,9999.000,9999.000
202606230548,   3.376,9999.000,9999.000,9999.000,9999.000,9999.000,9999.000,9999.000,9999.000
202606230554,   3.416,9999.000,9999.000,9999.000,9999.000,9999.000,9999.000,9999.000,9999.000
202606230600,   3.453,9999.000,   0.200,9999.000,   3.653,   0.100,   3.553,   0.200,   3.653
202606230606,   3.486,9999.000,9999.000,9999.000,9999.000,9999.000,9999.000,9999.000,9999.000
202606230612,   3.515,9999.000,9999.000,9999.000,9999.000,9999.000,9999.000,9999.000,9999.000
202606230618,   3.540,9999.000,9999.000,9999.000,9999.000,9999.000,9999.000,9999.000,9999.000
202606230624,   3.562,9999.000,9999.000,9999.000,9999.000,9999.000,9999.000,9999.000,9999.000
202606230630,   3.580,9999.000,9999.000,9999.000,9999.000,9999.000,9999.000,9999.000,9999.000
202606230636,   3.594,9999.000,9999.000,9999.000,9999.000,9999.000,9999.000,9999.000,9999.000
202606230642,   3.604,9999.000,9999.000,9999.000,9999.000,9999.000,9999.000,9999.000,9999.000
202606230648,   3.610,9999.000,9999.000,9999.000,9999.000,9999.000,9999.000,9999.000,9999.000
202606230654,   3.612,9999.000,9999.000,9999.000,9999.000,9999.000,9999.000,9999.000,9999.000
202606230700,   3.610,9999.000,   0.200,9999.000,   3.810,   0.100,   3.710,   0.200,   3.810
202606230706,   3.603,9999.000,9999.000,9999.000,9999.000,9999.000,9999.000,9999.000,9999.000
202606230712,   3.592,9999.000,9999.000,9999.000,9999.000,9999.000,9999.000,9999.000,9999.000
202606230718,   3.577,9999.000,9999.000,9999.000,9999.000,9999.000,9999.000,9999.000,9999.000
202606230724,   3.558,9999.000,9999.000,9999.000,9999.000,9999.000,9999.000,9999.000,9999.000
202606230730,   3.535,9999.000,9999.000,9999.000,9999.000,9999.000,9999.000,9999.000,9999.000
202606230736,   3.507,9999.000,9999.000,9999.000,9999.000,9999.000,9999.000,9999.000,9999.000
202606230742,   3.475,9999.000,9999.000,9999.000,9999.000,9999.000,9999.000,9999.000,9999.000
202606230748,   3.438,9999.000,9999.000,9999.000,9999.000,9999.000,9999.000,9999.000,9999.000
202606230754,   3.397,9999.000,9999.000,9999.000,9999.000,9999.000,9999.000,9999.000,9999.000
202606230800,   3.353,9999.000,   0.200,9999.000,   3.553,   0.100,   3.453,   0.300,   3.653
202606230806,   3.304,9999.000,9999.000,9999.000,9999.000,9999.000,9999.000,9999.000,9999.000
202606230812,   3.250,9999.000,9999.000,9999.000,9999.000,9999.000,9999.000,9999.000,9999.000
202606230818,   3.193,9999.000,9999.000,9999.000,9999.000,9999.000,9999.000,9999.000,9999.000
202606230824,   3.133,9999.000,9999.000,9999.000,9999.000,9999.000,9999.000,9999.000,9999.000
202606230830,   3.068,9999.000,9999.000,9999.000,9999.000,9999.000,9999.000,9999.000,9999.000
202606230836,   3.000,9999.000,9999.000,9999.000,9999.000,9999.000,9999.000,9999.000,9999.000
202606230842,   2.928,9999.000,9999.000,9999.000,9999.000,9999.000,9999.000,9999.000,9999.000
202606230848,   2.854,9999.000,9999.000,9999.000,9999.000,9999.000,9999.000,9999.000,9999.000
202606230854,   2.776,9999.000,9999.000,9999.000,9999.000,9999.000,9999.000,9999.000,9999.000
202606230900,   2.696,9999.000,   0.200,9999.000,   2.896,   0.100,   2.796,   0.300,   2.996
202606230906,   2.613,9999.000,9999.000,9999.000,9999.000,9999.000,9999.000,9999.000,9999.000
202606230912,   2.528,9999.000,9999.000,9999.000,9999.000,9999.000,9999.000,9999.000,9999.000
202606230918,   2.442,9999.000,9999.000,9999.000,9999.000,9999.000,9999.000,9999.000,9999.000
202606230924,   2.353,9999.000,9999.000,9999.000,9999.000,9999.000,9999.000,9999.000,9999.000
202606230930,   2.264,9999.000,9999.000,9999.000,9999.000,9999.000,9999.000,9999.000,9999.000
202606230936,   2.173,9999.000,9999.000,9999.000,9999.000,9999.000,9999.000,9999.000,9999.000
202606230942,   2.081,9999.000,9999.000,9999.000,9999.000,9999.000,9999.000,9999.000,9999.000
202606230948,   1.990,9999.000,9999.000,9999.000,9999.000,9999.000,9999.000,9999.000,9999.000
202606230954,   1.898,9999.000,9999.000,9999.000,9999.000,9999.000,9999.000,9999.000,9999.000
202606231000,   1.806,9999.000,   0.100,9999.000,   1.906,   0.100,   1.906,   0.200,   2.006
202606231006,   1.714,9999.000,9999.000,9999.000,9999.000,9999.000,9999.000,9999.000,9999.000
202606231012,   1.624,9999.000,9999.000,9999.000,9999.000,9999.000,9999.000,9999.000,9999.000
202606231018,   1.534,9999.000,9999.000,9999.000,9999.000,9999.000,9999.000,9999.000,9999.000
202606231024,   1.446,9999.000,9999.000,9999.000,9999.000,9999.000,9999.000,9999.000,9999.000
202606231030,   1.360,9999.000,9999.000,9999.000,9999.000,9999.000,9999.000,9999.000,9999.000
202606231036,   1.275,9999.000,9999.000,9999.000,9999.000,9999.000,9999.000,9999.000,9999.000
202606231042,   1.192,9999.000,9999.000,9999.000,9999.000,9999.000,9999.000,9999.000,9999.000
202606231048,   1.112,9999.000,9999.000,9999.000,9999.000,9999.000,9999.000,9999.000,9999.000
202606231054,   1.033,9999.000,9999.000,9999.000,9999.000,9999.000,9999.000,9999.000,9999.000
202606231100,   0.958,9999.000,   0.100,9999.000,   1.058,   0.000,   0.958,   0.200,   1.158
202606231106,   0.885,9999.000,9999.000,9999.000,9999.000,9999.000,9999.000,9999.000,9999.000
202606231112,   0.815,9999.000,9999.000,9999.000,9999.000,9999.000,9999.000,9999.000,9999.000
202606231118,   0.749,9999.000,9999.000,9999.000,9999.000,9999.000,9999.000,9999.000,9999.000
202606231124,   0.685,9999.000,9999.000,9999.000,9999.000,9999.000,9999.000,9999.000,9999.000
202606231130,   0.625,9999.000,9999.000,9999.000,9999.000,9999.000,9999.000,9999.000,9999.000
202606231136,   0.568,9999.000,9999.000,9999.000,9999.000,9999.000,9999.000,9999.000,9999.000
202606231142,   0.514,9999.000,9999.000,9999.000,9999.000,9999.000,9999.000,9999.000,9999.000
202606231148,   0.464,9999.000,9999.000,9999.000,9999.000,9999.000,9999.000,9999.000,9999.000
202606231154,   0.418,9999.000,9999.000,9999.000,9999.000,9999.000,9999.000,9999.000,9999.000
202606231200,   0.375,9999.000,   0.100,9999.000,   0.475,   0.000,   0.375,   0.100,   0.475
202606231206,   0.336,9999.000,9999.000,9999.000,9999.000,9999.000,9999.000,9999.000,9999.000
202606231212,   0.301,9999.000,9999.000,9999.000,9999.000,9999.000,9999.000,9999.000,9999.000
202606231218,   0.269,9999.000,9999.000,9999.000,9999.000,9999.000,9999.000,9999.000,9999.000
202606231224,   0.242,9999.000,9999.000,9999.000,9999.000,9999.000,9999.000,9999.000,9999.000
202606231230,   0.218,9999.000,9999.000,9999.000,9999.000,9999.000,9999.000,9999.000,9999.000
202606231236,   0.198,9999.000,9999.000,9999.000,9999.000,9999.000,9999.000,9999.000,9999.000
202606231242,   0.182,9999.000,9999.000,9999.000,9999.000,9999.000,9999.000,9999.000,9999.000
202606231248,   0.170,9999.000,9999.000,9999.000,9999.000,9999.000,9999.000,9999.000,9999.000
202606231254,   0.163,9999.000,9999.000,9999.000,9999.000,9999.000,9999.000,9999.000,9999.000
202606231300,   0.159,9999.000,   0.100,9999.000,   0.259,   0.000,   0.159,   0.100,   0.259
202606231306,   0.159,9999.000,9999.000,9999.000,9999.000,9999.000,9999.000,9999.000,9999.000
202606231312,   0.164,9999.000,9999.000,9999.000,9999.000,9999.000,9999.000,9999.000,9999.000
202606231318,   0.173,9999.000,9999.000,9999.000,9999.000,9999.000,9999.000,9999.000,9999.000
202606231324,   0.185,9999.000,9999.000,9999.000,9999.000,9999.000,9999.000,9999.000,9999.000
202606231330,   0.203,9999.000,9999.000,9999.000,9999.000,9999.000,9999.000,9999.000,9999.000
202606231336,   0.224,9999.000,9999.000,9999.000,9999.000,9999.000,9999.000,9999.000,9999.000
202606231342,   0.249,9999.000,9999.000,9999.000,9999.000,9999.000,9999.000,9999.000,9999.000
202606231348,   0.279,9999.000,9999.000,9999.000,9999.000,9999.000,9999.000,9999.000,9999.000
202606231354,   0.313,9999.000,9999.000,9999.000,9999.000,9999.000,9999.000,9999.000,9999.000
202606231400,   0.352,9999.000,   0.100,9999.000,   0.452,   0.100,   0.452,   0.100,   0.452
202606231406,   0.394,9999.000,9999.000,9999.000,9999.000,9999.000,9999.000,9999.000,9999.000
202606231412,   0.440,9999.000,9999.000,9999.000,9999.000,9999.000,9999.000,9999.000,9999.000
202606231418,   0.491,9999.000,9999.000,9999.000,9999.000,9999.000,9999.000,9999.000,9999.000
202606231424,   0.546,9999.000,9999.000,9999.000,9999.000,9999.000,9999.000,9999.000,9999.000
202606231430,   0.605,9999.000,9999.000,9999.000,9999.000,9999.000,9999.000,9999.000,9999.000
202606231436,   0.667,9999.000,9999.000,9999.000,9999.000,9999.000,9999.000,9999.000,9999.000
202606231442,   0.733,9999.000,9999.000,9999.000,9999.000,9999.000,9999.000,9999.000,9999.000
202606231448,   0.803,9999.000,9999.000,9999.000,9999.000,9999.000,9999.000,9999.000,9999.000
202606231454,   0.877,9999.000,9999.000,9999.000,9999.000,9999.000,9999.000,9999.000,9999.000
202606231500,   0.953,9999.000,   0.100,9999.000,   1.053,   0.100,   1.053,   0.200,   1.153
202606231506,   1.033,9999.000,9999.000,9999.000,9999.000,9999.000,9999.000,9999.000,9999.000
202606231512,   1.116,9999.000,9999.000,9999.000,9999.000,9999.000,9999.000,9999.000,9999.000
202606231518,   1.202,9999.000,9999.000,9999.000,9999.000,9999.000,9999.000,9999.000,9999.000
202606231524,   1.290,9999.000,9999.000,9999.000,9999.000,9999.000,9999.000,9999.000,9999.000
202606231530,   1.381,9999.000,9999.000,9999.000,9999.000,9999.000,9999.000,9999.000,9999.000
202606231536,   1.474,9999.000,9999.000,9999.000,9999.000,9999.000,9999.000,9999.000,9999.000
202606231542,   1.569,9999.000,9999.000,9999.000,9999.000,9999.000,9999.000,9999.000,9999.000
202606231548,   1.665,9999.000,9999.000,9999.000,9999.000,9999.000,9999.000,9999.000,9999.000
202606231554,   1.763,9999.000,9999.000,9999.000,9999.000,9999.000,9999.000,9999.000,9999.000
202606231600,   1.863,9999.000,   0.200,9999.000,   2.063,   0.100,   1.963,   0.200,   2.063
202606231606,   1.963,9999.000,9999.000,9999.000,9999.000,9999.000,9999.000,9999.000,9999.000
202606231612,   2.064,9999.000,9999.000,9999.000,9999.000,9999.000,9999.000,9999.000,9999.000
202606231618,   2.165,9999.000,9999.000,9999.000,9999.000,9999.000,9999.000,9999.000,9999.000
202606231624,   2.266,9999.000,9999.000,9999.000,9999.000,9999.000,9999.000,9999.000,9999.000
202606231630,   2.367,9999.000,9999.000,9999.000,9999.000,9999.000,9999.000,9999.000,9999.000
202606231636,   2.468,9999.000,9999.000,9999.000,9999.000,9999.000,9999.000,9999.000,9999.000
202606231642,   2.568,9999.000,9999.000,9999.000,9999.000,9999.000,9999.000,9999.000,9999.000
202606231648,   2.668,9999.000,9999.000,9999.000,9999.000,9999.000,9999.000,9999.000,9999.000
202606231654,   2.766,9999.000,9999.000,9999.000,9999.000,9999.000,9999.000,9999.000,9999.000
202606231700,   2.863,9999.000,   0.200,9999.000,   3.063,   0.100,   2.963,   0.300,   3.163
202606231706,   2.959,9999.000,9999.000,9999.000,9999.000,9999.000,9999.000,9999.000,9999.000
202606231712,   3.052,9999.000,9999.000,9999.000,9999.000,9999.000,9999.000,9999.000,9999.000
202606231718,   3.144,9999.000,9999.000,9999.000,9999.000,9999.000,9999.000,9999.000,9999.000
202606231724,   3.234,9999.000,9999.000,9999.000,9999.000,9999.000,9999.000,9999.000,9999.000
202606231730,   3.321,9999.000,9999.000,9999.000,9999.000,9999.000,9999.000,9999.000,9999.000
202606231736,   3.406,9999.000,9999.000,9999.000,9999.000,9999.000,9999.000,9999.000,9999.000
202606231742,   3.489,9999.000,9999.000,9999.000,9999.000,9999.000,9999.000,9999.000,9999.000
202606231748,   3.568,9999.000,9999.000,9999.000,9999.000,9999.000,9999.000,9999.000,9999.000
202606231754,   3.645,9999.000,9999.000,9999.000,9999.000,9999.000,9999.000,9999.000,9999.000
202606231800,   3.718,9999.000,   0.200,9999.000,   3.918,   0.100,   3.818,   0.300,   4.018
202606231806,   3.789,9999.000,9999.000,9999.000,9999.000,9999.000,9999.000,9999.000,9999.000
202606231812,   3.856,9999.000,9999.000,9999.000,9999.000,9999.000,9999.000,9999.000,9999.000
202606231818,   3.919,9999.000,9999.000,9999.000,9999.000,9999.000,9999.000,9999.000,9999.000
202606231824,   3.980,9999.000,9999.000,9999.000,9999.000,9999.000,9999.000,9999.000,9999.000
202606231830,   4.036,9999.000,9999.000,9999.000,9999.000,9999.000,9999.000,9999.000,9999.000
202606231836,   4.089,9999.000,9999.000,9999.000,9999.000,9999.000,9999.000,9999.000,9999.000
202606231842,   4.138,9999.000,9999.000,9999.000,9999.000,9999.000,9999.000,9999.000,9999.000
202606231848,   4.183,9999.000,9999.000,9999.000,9999.000,9999.000,9999.000,9999.000,9999.000
202606231854,   4.224,9999.000,9999.000,9999.000,9999.000,9999.000,9999.000,9999.000,9999.000
202606231900,   4.260,9999.000,   0.200,9999.000,   4.460,   0.200,   4.460,   0.300,   4.560
202606231906,   4.293,9999.000,9999.000,9999.000,9999.000,9999.000,9999.000,9999.000,9999.000
202606231912,   4.321,9999.000,9999.000,9999.000,9999.000,9999.000,9999.000,9999.000,9999.000
202606231918,   4.345,9999.000,9999.000,9999.000,9999.000,9999.000,9999.000,9999.000,9999.000
202606231924,   4.365,9999.000,9999.000,9999.000,9999.000,9999.000,9999.000,9999.000,9999.000
202606231930,   4.380,9999.000,9999.000,9999.000,9999.000,9999.000,9999.000,9999.000,9999.000
202606231936,   4.390,9999.000,9999.000,9999.000,9999.000,9999.000,9999.000,9999.000,9999.000
202606231942,   4.396,9999.000,9999.000,9999.000,9999.000,9999.000,9999.000,9999.000,9999.000
202606231948,   4.397,9999.000,9999.000,9999.000,9999.000,9999.000,9999.000,9999.000,9999.000
202606231954,   4.393,9999.000,9999.000,9999.000,9999.000,9999.000,9999.000,9999.000,9999.000
202606232000,   4.384,9999.000,   0.200,9999.000,   4.584,   0.100,   4.484,   0.300,   4.684
202606232006,   4.371,9999.000,9999.000,9999.000,9999.000,9999.000,9999.000,9999.000,9999.000
202606232012,   4.352,9999.000,9999.000,9999.000,9999.000,9999.000,9999.000,9999.000,9999.000
202606232018,   4.329,9999.000,9999.000,9999.000,9999.000,9999.000,9999.000,9999.000,9999.000
202606232024,   4.301,9999.000,9999.000,9999.000,9999.000,9999.000,9999.000,9999.000,9999.000
202606232030,   4.268,9999.000,9999.000,9999.000,9999.000,9999.000,9999.000,9999.000,9999.000
202606232036,   4.230,9999.000,9999.000,9999.000,9999.000,9999.000,9999.000,9999.000,9999.000
202606232042,   4.188,9999.000,9999.000,9999.000,9999.000,9999.000,9999.000,9999.000,9999.000
202606232048,   4.141,9999.000,9999.000,9999.000,9999.000,9999.000,9999.000,9999.000,9999.000
202606232054,   4.089,9999.000,9999.000,9999.000,9999.000,9999.000,9999.000,9999.000,9999.000
202606232100,   4.033,9999.000,   0.100,9999.000,   4.133,   0.000,   4.033,   0.200,   4.233
202606232106,   3.973,9999.000,9999.000,9999.000,9999.000,9999.000,9999.000,9999.000,9999.000
202606232112,   3.909,9999.000,9999.000,9999.000,9999.000,9999.000,9999.000,9999.000,9999.000
202606232118,   3.841,9999.000,9999.000,9999.000,9999.000,9999.000,9999.000,9999.000,9999.000
202606232124,   3.770,9999.000,9999.000,9999.000,9999.000,9999.000,9999.000,9999.000,9999.000
202606232130,   3.695,9999.000,9999.000,9999.000,9999.000,9999.000,9999.000,9999.000,9999.000
202606232136,   3.617,9999.000,9999.000,9999.000,9999.000,9999.000,9999.000,9999.000,9999.000
202606232142,   3.536,9999.000,9999.000,9999.000,9999.000,9999.000,9999.000,9999.000,9999.000
202606232148,   3.452,9999.000,9999.000,9999.000,9999.000,9999.000,9999.000,9999.000,9999.000
202606232154,   3.366,9999.000,9999.000,9999.000,9999.000,9999.000,9999.000,9999.000,9999.000
202606232200,   3.278,9999.000,   0.000,9999.000,   3.278,  -0.100,   3.178,   0.100,   3.378
202606232206,   3.189,9999.000,9999.000,9999.000,9999.000,9999.000,9999.000,9999.000,9999.000
202606232212,   3.098,9999.000,9999.000,9999.000,9999.000,9999.000,9999.000,9999.000,9999.000
202606232218,   3.006,9999.000,9999.000,9999.000,9999.000,9999.000,9999.000,9999.000,9999.000
202606232224,   2.913,9999.000,9999.000,9999.000,9999.000,9999.000,9999.000,9999.000,9999.000
202606232230,   2.819,9999.000,9999.000,9999.000,9999.000,9999.000,9999.000,9999.000,9999.000
202606232236,   2.726,9999.000,9999.000,9999.000,9999.000,9999.000,9999.000,9999.000,9999.000
202606232242,   2.632,9999.000,9999.000,9999.000,9999.000,9999.000,9999.000,9999.000,9999.000
202606232248,   2.539,9999.000,9999.000,9999.000,9999.000,9999.000,9999.000,9999.000,9999.000
202606232254,   2.446,9999.000,9999.000,9999.000,9999.000,9999.000,9999.000,9999.000,9999.000
202606232300,   2.355,9999.000,  -0.100,9999.000,   2.255,  -0.300,   2.055,   0.000,   2.355
202606232306,   2.264,9999.000,9999.000,9999.000,9999.000,9999.000,9999.000,9999.000,9999.000
202606232312,   2.175,9999.000,9999.000,9999.000,9999.000,9999.000,9999.000,9999.000,9999.000
202606232318,   2.087,9999.000,9999.000,9999.000,9999.000,9999.000,9999.000,9999.000,9999.000
202606232324,   2.001,9999.000,9999.000,9999.000,9999.000,9999.000,9999.000,9999.000,9999.000
202606232330,   1.917,9999.000,9999.000,9999.000,9999.000,9999.000,9999.000,9999.000,9999.000
202606232336,   1.835,9999.000,9999.000,9999.000,9999.000,9999.000,9999.000,9999.000,9999.000
202606232342,   1.755,9999.000,9999.000,9999.000,9999.000,9999.000,9999.000,9999.000,9999.000
202606232348,   1.678,9999.000,9999.000,9999.000,9999.000,9999.000,9999.000,9999.000,9999.000
202606232354,   1.603,9999.000,9999.000,9999.000,9999.000,9999.000,9999.000,9999.000,9999.000
202606240000,   1.531,9999.000,   0.000,9999.000,   1.531,  -0.100,   1.431,   0.000,   1.531
202606240006,   1.462,9999.000,9999.000,9999.000,9999.000,9999.000,9999.000,9999.000,9999.000
202606240012,   1.395,9999.000,9999.000,9999.000,9999.000,9999.000,9999.000,9999.000,9999.000
202606240018,   1.331,9999.000,9999.000,9999.000,9999.000,9999.000,9999.000,9999.000,9999.000
202606240024,   1.271,9999.000,9999.000,9999.000,9999.000,9999.000,9999.000,9999.000,9999.000
202606240030,   1.213,9999.000,9999.000,9999.000,9999.000,9999.000,9999.000,9999.000,9999.000
202606240036,   1.158,9999.000,9999.000,9999.000,9999.000,9999.000,9999.000,9999.000,9999.000
202606240042,   1.107,9999.000,9999.000,9999.000,9999.000,9999.000,9999.000,9999.000,9999.000
202606240048,   1.059,9999.000,9999.000,9999.000,9999.000,9999.000,9999.000,9999.000,9999.000
202606240054,   1.014,9999.000,9999.000,9999.000,9999.000,9999.000,9999.000,9999.000,9999.000
202606240100,   0.972,9999.000,   0.000,9999.000,   0.972,   0.000,   0.972,   0.000,   0.972
202606240106,   0.934,9999.000,9999.000,9999.000,9999.000,9999.000,9999.000,9999.000,9999.000
202606240112,   0.900,9999.000,9999.000,9999.000,9999.000,9999.000,9999.000,9999.000,9999.000
202606240118,   0.868,9999.000,9999.000,9999.000,9999.000,9999.000,9999.000,9999.000,9999.000
202606240124,   0.841,9999.000,9999.000,9999.000,9999.000,9999.000,9999.000,9999.000,9999.000
202606240130,   0.817,9999.000,9999.000,9999.000,9999.000,9999.000,9999.000,9999.000,9999.000
202606240136,   0.797,9999.000,9999.000,9999.000,9999.000,9999.000,9999.000,9999.000,9999.000
202606240142,   0.780,9999.000,9999.000,9999.000,9999.000,9999.000,9999.000,9999.000,9999.000
202606240148,   0.767,9999.000,9999.000,9999.000,9999.000,9999.000,9999.000,9999.000,9999.000
202606240154,   0.758,9999.000,9999.000,9999.000,9999.000,9999.000,9999.000,9999.000,9999.000
202606240200,   0.753,9999.000,   0.000,9999.000,   0.753,   0.000,   0.753,   0.000,   0.753
202606240206,   0.751,9999.000,9999.000,9999.000,9999.000,9999.000,9999.000,9999.000,9999.000
202606240212,   0.754,9999.000,9999.000,9999.000,9999.000,9999.000,9999.000,9999.000,9999.000
202606240218,   0.760,9999.000,9999.000,9999.000,9999.000,9999.000,9999.000,9999.000,9999.000
202606240224,   0.770,9999.000,9999.000,9999.000,9999.000,9999.000,9999.000,9999.000,9999.000
202606240230,   0.785,9999.000,9999.000,9999.000,9999.000,9999.000,9999.000,9999.000,9999.000
202606240236,   0.802,9999.000,9999.000,9999.000,9999.000,9999.000,9999.000,9999.000,9999.000
202606240242,   0.824,9999.000,9999.000,9999.000,9999.000,9999.000,9999.000,9999.000,9999.000
202606240248,   0.850,9999.000,9999.000,9999.000,9999.000,9999.000,9999.000,9999.000,9999.000
202606240254,   0.879,9999.000,9999.000,9999.000,9999.000,9999.000,9999.000,9999.000,9999.000
202606240300,   0.911,9999.000,   0.000,9999.000,   0.911,  -0.100,   0.811,   0.100,   1.011
202606240306,   0.948,9999.000,9999.000,9999.000,9999.000,9999.000,9999.000,9999.000,9999.000
202606240312,   0.987,9999.000,9999.000,9999.000,9999.000,9999.000,9999.000,9999.000,9999.000
202606240318,   1.030,9999.000,9999.000,9999.000,9999.000,9999.000,9999.000,9999.000,9999.000
202606240324,   1.076,9999.000,9999.000,9999.000,9999.000,9999.000,9999.000,9999.000,9999.000
202606240330,   1.126,9999.000,9999.000,9999.000,9999.000,9999.000,9999.000,9999.000,9999.000
202606240336,   1.178,9999.000,9999.000,9999.000,9999.000,9999.000,9999.000,9999.000,9999.000
202606240342,   1.233,9999.000,9999.000,9999.000,9999.000,9999.000,9999.000,9999.000,9999.000
202606240348,   1.290,9999.000,9999.000,9999.000,9999.000,9999.000,9999.000,9999.000,9999.000
202606240354,   1.350,9999.000,9999.000,9999.000,9999.000,9999.000,9999.000,9999.000,9999.000
202606240400,   1.411,9999.000,   0.000,9999.000,   1.411,  -0.100,   1.311,   0.000,   1.411
202606240406,   1.475,9999.000,9999.000,9999.000,9999.000,9999.000,9999.000,9999.000,9999.000
202606240412,   1.541,9999.000,9999.000,9999.000,9999.000,9999.000,9999.000,9999.000,9999.000
202606240418,   1.608,9999.000,9999.000,9999.000,9999.000,9999.000,9999.000,9999.000,9999.000
202606240424,   1.676,9999.000,9999.000,9999.000,9999.000,9999.000,9999.000,9999.000,9999.000
202606240430,   1.745,9999.000,9999.000,9999.000,9999.000,9999.000,9999.000,9999.000,9999.000
202606240436,   1.815,9999.000,9999.000,9999.000,9999.000,9999.000,9999.000,9999.000,9999.000
202606240442,   1.886,9999.000,9999.000,9999.000,9999.000,9999.000,9999.000,9999.000,9999.000
202606240448,   1.957,9999.000,9999.000,9999.000,9999.000,9999.000,9999.000,9999.000,9999.000
202606240454,   2.028,9999.000,9999.000,9999.000,9999.000,9999.000,9999.000,9999.000,9999.000
202606240500,   2.099,9999.000,   0.000,9999.000,   2.099,  -0.100,   1.999,   0.000,   2.099
202606240506,   2.169,9999.000,9999.000,9999.000,9999.000,9999.000,9999.000,9999.000,9999.000
202606240512,   2.239,9999.000,9999.000,9999.000,9999.000,9999.000,9999.000,9999.000,9999.000
202606240518,   2.309,9999.000,9999.000,9999.000,9999.000,9999.000,9999.000,9999.000,9999.000
202606240524,   2.377,9999.000,9999.000,9999.000,9999.000,9999.000,9999.000,9999.000,9999.000
202606240530,   2.444,9999.000,9999.000,9999.000,9999.000,9999.000,9999.000,9999.000,9999.000
202606240536,   2.509,9999.000,9999.000,9999.000,9999.000,9999.000,9999.000,9999.000,9999.000
202606240542,   2.573,9999.000,9999.000,9999.000,9999.000,9999.000,9999.000,9999.000,9999.000
202606240548,   2.636,9999.000,9999.000,9999.000,9999.000,9999.000,9999.000,9999.000,9999.000
202606240554,   2.696,9999.000,9999.000,9999.000,9999.000,9999.000,9999.000,9999.000,9999.000
202606240600,   2.755,9999.000,   0.000,9999.000,   2.755,  -0.100,   2.655,   0.000,   2.755
202606240606,   2.811,9999.000,9999.000,9999.000,9999.000,9999.000,9999.000,9999.000,9999.000
202606240612,   2.865,9999.000,9999.000,9999.000,9999.000,9999.000,9999.000,9999.000,9999.000
202606240618,   2.916,9999.000,9999.000,9999.000,9999.000,9999.000,9999.000,9999.000,9999.000
202606240624,   2.965,9999.000,9999.000,9999.000,9999.000,9999.000,9999.000,9999.000,9999.000
202606240630,   3.011,9999.000,9999.000,9999.000,9999.000,9999.000,9999.000,9999.000,9999.000
202606240636,   3.055,9999.000,9999.000,9999.000,9999.000,9999.000,9999.000,9999.000,9999.000
202606240642,   3.095,9999.000,9999.000,9999.000,9999.000,9999.000,9999.000,9999.000,9999.000
202606240648,   3.133,9999.000,9999.000,9999.000,9999.000,9999.000,9999.000,9999.000,9999.000
202606240654,   3.167,9999.000,9999.000,9999.000,9999.000,9999.000,9999.000,9999.000,9999.000
202606240700,   3.199,9999.000,   0.000,9999.000,   3.199,   0.000,   3.199,   0.000,   3.199
202606240706,   3.227,9999.000,9999.000,9999.000,9999.000,9999.000,9999.000,9999.000,9999.000
202606240712,   3.252,9999.000,9999.000,9999.000,9999.000,9999.000,9999.000,9999.000,9999.000
202606240718,   3.273,9999.000,9999.000,9999.000,9999.000,9999.000,9999.000,9999.000,9999.000
202606240724,   3.291,9999.000,9999.000,9999.000,9999.000,9999.000,9999.000,9999.000,9999.000
202606240730,   3.305,9999.000,9999.000,9999.000,9999.000,9999.000,9999.000,9999.000,9999.000
202606240736,   3.316,9999.000,9999.000,9999.000,9999.000,9999.000,9999.000,9999.000,9999.000
202606240742,   3.323,9999.000,9999.000,9999.000,9999.000,9999.000,9999.000,9999.000,9999.000
202606240748,   3.326,9999.000,9999.000,9999.000,9999.000,9999.000,9999.000,9999.000,9999.000
202606240754,   3.325,9999.000,9999.000,9999.000,9999.000,9999.000,9999.000,9999.000,9999.000
202606240800,   3.321,9999.000,   0.000,9999.000,   3.321,   0.000,   3.321,   0.100,   3.421
202606240806,   3.312,9999.000,9999.000,9999.000,9999.000,9999.000,9999.000,9999.000,9999.000
202606240812,   3.300,9999.000,9999.000,9999.000,9999.000,9999.000,9999.000,9999.000,9999.000
202606240818,   3.284,9999.000,9999.000,9999.000,9999.000,9999.000,9999.000,9999.000,9999.000
202606240824,   3.264,9999.000,9999.000,9999.000,9999.000,9999.000,9999.000,9999.000,9999.000
202606240830,   3.239,9999.000,9999.000,9999.000,9999.000,9999.000,9999.000,9999.000,9999.000
202606240836,   3.211,9999.000,9999.000,9999.000,9999.000,9999.000,9999.000,9999.000,9999.000
202606240842,   3.178,9999.000,9999.000,9999.000,9999.000,9999.000,9999.000,9999.000,9999.000
202606240848,   3.142,9999.000,9999.000,9999.000,9999.000,9999.000,9999.000,9999.000,9999.000
202606240854,   3.102,9999.000,9999.000,9999.000,9999.000,9999.000,9999.000,9999.000,9999.000
202606240900,   3.057,9999.000,   0.100,9999.000,   3.157,   0.000,   3.057,   0.200,   3.257
202606240906,   3.009,9999.000,9999.000,9999.000,9999.000,9999.000,9999.000,9999.000,9999.000
202606240912,   2.958,9999.000,9999.000,9999.000,9999.000,9999.000,9999.000,9999.000,9999.000
202606240918,   2.902,9999.000,9999.000,9999.000,9999.000,9999.000,9999.000,9999.000,9999.000
202606240924,   2.843,9999.000,9999.000,9999.000,9999.000,9999.000,9999.000,9999.000,9999.000
202606240930,   2.781,9999.000,9999.000,9999.000,9999.000,9999.000,9999.000,9999.000,9999.000
202606240936,   2.716,9999.000,9999.000,9999.000,9999.000,9999.000,9999.000,9999.000,9999.000
202606240942,   2.647,9999.000,9999.000,9999.000,9999.000,9999.000,9999.000,9999.000,9999.000
202606240948,   2.576,9999.000,9999.000,9999.000,9999.000,9999.000,9999.000,9999.000,9999.000
202606240954,   2.503,9999.000,9999.000,9999.000,9999.000,9999.000,9999.000,9999.000,9999.000
202606241000,   2.427,9999.000,   0.100,9999.000,   2.527,   0.000,   2.427,   0.200,   2.627
202606241006,   2.349,9999.000,9999.000,9999.000,9999.000,9999.000,9999.000,9999.000,9999.000
202606241012,   2.269,9999.000,9999.000,9999.000,9999.000,9999.000,9999.000,9999.000,9999.000
202606241018,   2.188,9999.000,9999.000,9999.000,9999.000,9999.000,9999.000,9999.000,9999.000
202606241024,   2.106,9999.000,9999.000,9999.000,9999.000,9999.000,9999.000,9999.000,9999.000
202606241030,   2.023,9999.000,9999.000,9999.000,9999.000,9999.000,9999.000,9999.000,9999.000
202606241036,   1.939,9999.000,9999.000,9999.000,9999.000,9999.000,9999.000,9999.000,9999.000
202606241042,   1.855,9999.000,9999.000,9999.000,9999.000,9999.000,9999.000,9999.000,9999.000
202606241048,   1.771,9999.000,9999.000,9999.000,9999.000,9999.000,9999.000,9999.000,9999.000
202606241054,   1.687,9999.000,9999.000,9999.000,9999.000,9999.000,9999.000,9999.000,9999.000
202606241100,   1.603,9999.000,   0.200,9999.000,   1.803,   0.100,   1.703,   0.200,   1.803
202606241106,   1.521,9999.000,9999.000,9999.000,9999.000,9999.000,9999.000,9999.000,9999.000
202606241112,   1.439,9999.000,9999.000,9999.000,9999.000,9999.000,9999.000,9999.000,9999.000
202606241118,   1.359,9999.000,9999.000,9999.000,9999.000,9999.000,9999.000,9999.000,9999.000
202606241124,   1.281,9999.000,9999.000,9999.000,9999.000,9999.000,9999.000,9999.000,9999.000
202606241130,   1.204,9999.000,9999.000,9999.000,9999.000,9999.000,9999.000,9999.000,9999.000
202606241136,   1.129,9999.000,9999.000,9999.000,9999.000,9999.000,9999.000,9999.000,9999.000
202606241142,   1.056,9999.000,9999.000,9999.000,9999.000,9999.000,9999.000,9999.000,9999.000
202606241148,   0.986,9999.000,9999.000,9999.000,9999.000,9999.000,9999.000,9999.000,9999.000
202606241154,   0.918,9999.000,9999.000,9999.000,9999.000,9999.000,9999.000,9999.000,9999.000
202606241200,   0.853,9999.000,   0.100,9999.000,   0.953,   0.000,   0.853,   0.200,   1.053
202606241206,   0.791,9999.000,9999.000,9999.000,9999.000,9999.000,9999.000,9999.000,9999.000
202606241212,   0.731,9999.000,9999.000,9999.000,9999.000,9999.000,9999.000,9999.000,9999.000
202606241218,   0.675,9999.000,9999.000,9999.000,9999.000,9999.000,9999.000,9999.000,9999.000
202606241224,   0.621,9999.000,9999.000,9999.000,9999.000,9999.000,9999.000,9999.000,9999.000
202606241230,   0.571,9999.000,9999.000,9999.000,9999.000,9999.000,9999.000,9999.000,9999.000
202606241236,   0.525,9999.000,9999.000,9999.000,9999.000,9999.000,9999.000,9999.000,9999.000
202606241242,   0.481,9999.000,9999.000,9999.000,9999.000,9999.000,9999.000,9999.000,9999.000
202606241248,   0.441,9999.000,9999.000,9999.000,9999.000,9999.000,9999.000,9999.000,9999.000
202606241254,   0.405,9999.000,9999.000,9999.000,9999.000,9999.000,9999.000,9999.000,9999.000
202606241300,   0.371,9999.000,   0.100,9999.000,   0.471,   0.000,   0.371,   0.200,   0.571
202606241306,   0.342,9999.000,9999.000,9999.000,9999.000,9999.000,9999.000,9999.000,9999.000
202606241312,   0.316,9999.000,9999.000,9999.000,9999.000,9999.000,9999.000,9999.000,9999.000
202606241318,   0.294,9999.000,9999.000,9999.000,9999.000,9999.000,9999.000,9999.000,9999.000
202606241324,   0.276,9999.000,9999.000,9999.000,9999.000,9999.000,9999.000,9999.000,9999.000
202606241330,   0.261,9999.000,9999.000,9999.000,9999.000,9999.000,9999.000,9999.000,9999.000
202606241336,   0.250,9999.000,9999.000,9999.000,9999.000,9999.000,9999.000,9999.000,9999.000
202606241342,   0.243,9999.000,9999.000,9999.000,9999.000,9999.000,9999.000,9999.000,9999.000
202606241348,   0.240,9999.000,9999.000,9999.000,9999.000,9999.000,9999.000,9999.000,9999.000
202606241354,   0.240,9999.000,9999.000,9999.000,9999.000,9999.000,9999.000,9999.000,9999.000
202606241400,   0.245,9999.000,   0.200,9999.000,   0.445,   0.100,   0.345,   0.200,   0.445
202606241406,   0.253,9999.000,9999.000,9999.000,9999.000,9999.000,9999.000,9999.000,9999.000
202606241412,   0.266,9999.000,9999.000,9999.000,9999.000,9999.000,9999.000,9999.000,9999.000
202606241418,   0.283,9999.000,9999.000,9999.000,9999.000,9999.000,9999.000,9999.000,9999.000
202606241424,   0.303,9999.000,9999.000,9999.000,9999.000,9999.000,9999.000,9999.000,9999.000
202606241430,   0.328,9999.000,9999.000,9999.000,9999.000,9999.000,9999.000,9999.000,9999.000
202606241436,   0.357,9999.000,9999.000,9999.000,9999.000,9999.000,9999.000,9999.000,9999.000
202606241442,   0.390,9999.000,9999.000,9999.000,9999.000,9999.000,9999.000,9999.000,9999.000
202606241448,   0.427,9999.000,9999.000,9999.000,9999.000,9999.000,9999.000,9999.000,9999.000
202606241454,   0.468,9999.000,9999.000,9999.000,9999.000,9999.000,9999.000,9999.000,9999.000
202606241500,   0.514,9999.000,   0.200,9999.000,   0.714,   0.100,   0.614,   0.200,   0.714
202606241506,   0.563,9999.000,9999.000,9999.000,9999.000,9999.000,9999.000,9999.000,9999.000
202606241512,   0.616,9999.000,9999.000,9999.000,9999.000,9999.000,9999.000,9999.000,9999.000
202606241518,   0.673,9999.000,9999.000,9999.000,9999.000,9999.000,9999.000,9999.000,9999.000
202606241524,   0.734,9999.000,9999.000,9999.000,9999.000,9999.000,9999.000,9999.000,9999.000
202606241530,   0.799,9999.000,9999.000,9999.000,9999.000,9999.000,9999.000,9999.000,9999.000
202606241536,   0.867,9999.000,9999.000,9999.000,9999.000,9999.000,9999.000,9999.000,9999.000
202606241542,   0.939,9999.000,9999.000,9999.000,9999.000,9999.000,9999.000,9999.000,9999.000
202606241548,   1.014,9999.000,9999.000,9999.000,9999.000,9999.000,9999.000,9999.000,9999.000
202606241554,   1.092,9999.000,9999.000,9999.000,9999.000,9999.000,9999.000,9999.000,9999.000
202606241600,   1.174,9999.000,   0.200,9999.000,   1.374,   0.200,   1.374,   0.300,   1.474
202606241606,   1.258,9999.000,9999.000,9999.000,9999.000,9999.000,9999.000,9999.000,9999.000
202606241612,   1.345,9999.000,9999.000,9999.000,9999.000,9999.000,9999.000,9999.000,9999.000
202606241618,   1.435,9999.000,9999.000,9999.000,9999.000,9999.000,9999.000,9999.000,9999.000
202606241624,   1.526,9999.000,9999.000,9999.000,9999.000,9999.000,9999.000,9999.000,9999.000
202606241630,   1.620,9999.000,9999.000,9999.000,9999.000,9999.000,9999.000,9999.000,9999.000
202606241636,   1.715,9999.000,9999.000,9999.000,9999.000,9999.000,9999.000,9999.000,9999.000
202606241642,   1.813,9999.000,9999.000,9999.000,9999.000,9999.000,9999.000,9999.000,9999.000
202606241648,   1.911,9999.000,9999.000,9999.000,9999.000,9999.000,9999.000,9999.000,9999.000
202606241654,   2.010,9999.000,9999.000,9999.000,9999.000,9999.000,9999.000,9999.000,9999.000
202606241700,   2.111,9999.000,   0.300,9999.000,   2.411,   0.200,   2.311,   0.400,   2.511
202606241706,   2.212,9999.000,9999.000,9999.000,9999.000,9999.000,9999.000,9999.000,9999.000
202606241712,   2.313,9999.000,9999.000,9999.000,9999.000,9999.000,9999.000,9999.000,9999.000
202606241718,   2.414,9999.000,9999.000,9999.000,9999.000,9999.000,9999.000,9999.000,9999.000
202606241724,   2.515,9999.000,9999.000,9999.000,9999.000,9999.000,9999.000,9999.000,9999.000
202606241730,   2.615,9999.000,9999.000,9999.000,9999.000,9999.000,9999.000,9999.000,9999.000
202606241736,   2.715,9999.000,9999.000,9999.000,9999.000,9999.000,9999.000,9999.000,9999.000
202606241742,   2.814,9999.000,9999.000,9999.000,9999.000,9999.000,9999.000,9999.000,9999.000
202606241748,   2.912,9999.000,9999.000,9999.000,9999.000,9999.000,9999.000,9999.000,9999.000
202606241754,   3.008,9999.000,9999.000,9999.000,9999.000,9999.000,9999.000,9999.000,9999.000
202606241800,   3.103,9999.000,   0.400,9999.000,   3.503,   0.400,   3.503,   0.500,   3.603
202606241806,   3.196,9999.000,9999.000,9999.000,9999.000,9999.000,9999.000,9999.000,9999.000
202606241812,   3.287,9999.000,9999.000,9999.000,9999.000,9999.000,9999.000,9999.000,9999.000
202606241818,   3.376,9999.000,9999.000,9999.000,9999.000,9999.000,9999.000,9999.000,9999.000
202606241824,   3.462,9999.000,9999.000,9999.000,9999.000,9999.000,9999.000,9999.000,9999.000
202606241830,   3.546,9999.000,9999.000,9999.000,9999.000,9999.000,9999.000,9999.000,9999.000
202606241836,   3.628,9999.000,9999.000,9999.000,9999.000,9999.000,9999.000,9999.000,9999.000
202606241842,   3.707,9999.000,9999.000,9999.000,9999.000,9999.000,9999.000,9999.000,9999.000
202606241848,   3.782,9999.000,9999.000,9999.000,9999.000,9999.000,9999.000,9999.000,9999.000
202606241854,   3.855,9999.000,9999.000,9999.000,9999.000,9999.000,9999.000,9999.000,9999.000
202606241900,   3.924,9999.000,   0.400,9999.000,   4.324,   0.300,   4.224,   0.500,   4.424
202606241906,   3.991,9999.000,9999.000,9999.000,9999.000,9999.000,9999.000,9999.000,9999.000
202606241912,   4.053,9999.000,9999.000,9999.000,9999.000,9999.000,9999.000,9999.000,9999.000
202606241918,   4.113,9999.000,9999.000,9999.000,9999.000,9999.000,9999.000,9999.000,9999.000
202606241924,   4.168,9999.000,9999.000,9999.000,9999.000,9999.000,9999.000,9999.000,9999.000
202606241930,   4.220,9999.000,9999.000,9999.000,9999.000,9999.000,9999.000,9999.000,9999.000
202606241936,   4.268,9999.000,9999.000,9999.000,9999.000,9999.000,9999.000,9999.000,9999.000
202606241942,   4.312,9999.000,9999.000,9999.000,9999.000,9999.000,9999.000,9999.000,9999.000
202606241948,   4.353,9999.000,9999.000,9999.000,9999.000,9999.000,9999.000,9999.000,9999.000
202606241954,   4.389,9999.000,9999.000,9999.000,9999.000,9999.000,9999.000,9999.000,9999.000
202606242000,   4.420,9999.000,   0.400,9999.000,   4.820,   0.400,   4.820,   0.400,   4.820
202606242006,   4.448,9999.000,9999.000,9999.000,9999.000,9999.000,9999.000,9999.000,9999.000
202606242012,   4.471,9999.000,9999.000,9999.000,9999.000,9999.000,9999.000,9999.000,9999.000
202606242018,   4.489,9999.000,9999.000,9999.000,9999.000,9999.000,9999.000,9999.000,9999.000
202606242024,   4.503,9999.000,9999.000,9999.000,9999.000,9999.000,9999.000,9999.000,9999.000
202606242030,   4.513,9999.000,9999.000,9999.000,9999.000,9999.000,9999.000,9999.000,9999.000
202606242036,   4.517,9999.000,9999.000,9999.000,9999.000,9999.000,9999.000,9999.000,9999.000
202606242042,   4.517,9999.000,9999.000,9999.000,9999.000,9999.000,9999.000,9999.000,9999.000
202606242048,   4.512,9999.000,9999.000,9999.000,9999.000,9999.000,9999.000,9999.000,9999.000
202606242054,   4.503,9999.000,9999.000,9999.000,9999.000,9999.000,9999.000,9999.000,9999.000
202606242100,   4.488,9999.000,   0.400,9999.000,   4.888,   0.400,   4.888,   0.400,   4.888
202606242106,   4.468,9999.000,9999.000,9999.000,9999.000,9999.000,9999.000,9999.000,9999.000
202606242112,   4.444,9999.000,9999.000,9999.000,9999.000,9999.000,9999.000,9999.000,9999.000
202606242118,   4.414,9999.000,9999.000,9999.000,9999.000,9999.000,9999.000,9999.000,9999.000
202606242124,   4.380,9999.000,9999.000,9999.000,9999.000,9999.000,9999.000,9999.000,9999.000
202606242130,   4.341,9999.000,9999.000,9999.000,9999.000,9999.000,9999.000,9999.000,9999.000
202606242136,   4.297,9999.000,9999.000,9999.000,9999.000,9999.000,9999.000,9999.000,9999.000
202606242142,   4.248,9999.000,9999.000,9999.000,9999.000,9999.000,9999.000,9999.000,9999.000
202606242148,   4.195,9999.000,9999.000,9999.000,9999.000,9999.000,9999.000,9999.000,9999.000
202606242154,   4.138,9999.000,9999.000,9999.000,9999.000,9999.000,9999.000,9999.000,9999.000
202606242200,   4.077,9999.000,   0.400,9999.000,   4.477,   0.400,   4.477,   0.500,   4.577
202606242206,   4.011,9999.000,9999.000,9999.000,9999.000,9999.000,9999.000,9999.000,9999.000
202606242212,   3.941,9999.000,9999.000,9999.000,9999.000,9999.000,9999.000,9999.000,9999.000
202606242218,   3.868,9999.000,9999.000,9999.000,9999.000,9999.000,9999.000,9999.000,9999.000
202606242224,   3.792,9999.000,9999.000,9999.000,9999.000,9999.000,9999.000,9999.000,9999.000
202606242230,   3.712,9999.000,9999.000,9999.000,9999.000,9999.000,9999.000,9999.000,9999.000
202606242236,   3.630,9999.000,9999.000,9999.000,9999.000,9999.000,9999.000,9999.000,9999.000
202606242242,   3.545,9999.000,9999.000,9999.000,9999.000,9999.000,9999.000,9999.000,9999.000
202606242248,   3.457,9999.000,9999.000,9999.000,9999.000,9999.000,9999.000,9999.000,9999.000
202606242254,   3.368,9999.000,9999.000,9999.000,9999.000,9999.000,9999.000,9999.000,9999.000
202606242300,   3.277,9999.000,   0.500,9999.000,   3.777,   0.400,   3.677,   0.500,   3.777
202606242306,   3.184,9999.000,9999.000,9999.000,9999.000,9999.000,9999.000,9999.000,9999.000
202606242312,   3.091,9999.000,9999.000,9999.000,9999.000,9999.000,9999.000,9999.000,9999.000
202606242318,   2.996,9999.000,9999.000,9999.000,9999.000,9999.000,9999.000,9999.000,9999.000
202606242324,   2.901,9999.000,9999.000,9999.000,9999.000,9999.000,9999.000,9999.000,9999.000
202606242330,   2.806,9999.000,9999.000,9999.000,9999.000,9999.000,9999.000,9999.000,9999.000
202606242336,   2.711,9999.000,9999.000,9999.000,9999.000,9999.000,9999.000,9999.000,9999.000
202606242342,   2.616,9999.000,9999.000,9999.000,9999.000,9999.000,9999.000,9999.000,9999.000
202606242348,   2.521,9999.000,9999.000,9999.000,9999.000,9999.000,9999.000,9999.000,9999.000
202606242354,   2.428,9999.000,9999.000,9999.000,9999.000,9999.000,9999.000,9999.000,9999.000
202606250000,   2.335,9999.000,   0.600,9999.000,   2.935,   0.600,   2.935,   0.700,   3.035
202606250006,   2.244,9999.000,9999.000,9999.000,9999.000,9999.000,9999.000,9999.000,9999.000
202606250012,   2.154,9999.000,9999.000,9999.000,9999.000,9999.000,9999.000,9999.000,9999.000
202606250018,   2.066,9999.000,9999.000,9999.000,9999.000,9999.000,9999.000,9999.000,9999.000
202606250024,   1.980,9999.000,9999.000,9999.000,9999.000,9999.000,9999.000,9999.000,9999.000
202606250030,   1.896,9999.000,9999.000,9999.000,9999.000,9999.000,9999.000,9999.000,9999.000
202606250036,   1.814,9999.000,9999.000,9999.000,9999.000,9999.000,9999.000,9999.000,9999.000
202606250042,   1.734,9999.000,9999.000,9999.000,9999.000,9999.000,9999.000,9999.000,9999.000
202606250048,   1.657,9999.000,9999.000,9999.000,9999.000,9999.000,9999.000,9999.000,9999.000
202606250054,   1.582,9999.000,9999.000,9999.000,9999.000,9999.000,9999.000,9999.000,9999.000
202606250100,   1.510,9999.000,   0.600,9999.000,   2.110,   0.500,   2.010,   0.700,   2.210
202606250106,   1.440,9999.000,9999.000,9999.000,9999.000,9999.000,9999.000,9999.000,9999.000
202606250112,   1.374,9999.000,9999.000,9999.000,9999.000,9999.000,9999.000,9999.000,9999.000
202606250118,   1.310,9999.000,9999.000,9999.000,9999.000,9999.000,9999.000,9999.000,9999.000
202606250124,   1.249,9999.000,9999.000,9999.000,9999.000,9999.000,9999.000,9999.000,9999.000
202606250130,   1.191,9999.000,9999.000,9999.000,9999.000,9999.000,9999.000,9999.000,9999.000
202606250136,   1.137,9999.000,9999.000,9999.000,9999.000,9999.000,9999.000,9999.000,9999.000
202606250142,   1.085,9999.000,9999.000,9999.000,9999.000,9999.000,9999.000,9999.000,9999.000
202606250148,   1.037,9999.000,9999.000,9999.000,9999.000,9999.000,9999.000,9999.000,9999.000
202606250154,   0.992,9999.000,9999.000,9999.000,9999.000,9999.000,9999.000,9999.000,9999.000
202606250200,   0.951,9999.000,   0.600,9999.000,   1.551,   0.500,   1.451,   0.600,   1.551
202606250206,   0.912,9999.000,9999.000,9999.000,9999.000,9999.000,9999.000,9999.000,9999.000
202606250212,   0.878,9999.000,9999.000,9999.000,9999.000,9999.000,9999.000,9999.000,9999.000
202606250218,   0.847,9999.000,9999.000,9999.000,9999.000,9999.000,9999.000,9999.000,9999.000
202606250224,   0.819,9999.000,9999.000,9999.000,9999.000,9999.000,9999.000,9999.000,9999.000
202606250230,   0.795,9999.000,9999.000,9999.000,9999.000,9999.000,9999.000,9999.000,9999.000
202606250236,   0.775,9999.000,9999.000,9999.000,9999.000,9999.000,9999.000,9999.000,9999.000
202606250242,   0.759,9999.000,9999.000,9999.000,9999.000,9999.000,9999.000,9999.000,9999.000
202606250248,   0.746,9999.000,9999.000,9999.000,9999.000,9999.000,9999.000,9999.000,9999.000
202606250254,   0.737,9999.000,9999.000,9999.000,9999.000,9999.000,9999.000,9999.000,9999.000
202606250300,   0.732,9999.000,   0.600,9999.000,   1.332,   0.500,   1.232,   0.600,   1.332
202606250306,   0.731,9999.000,9999.000,9999.000,9999.000,9999.000,9999.000,9999.000,9999.000
202606250312,   0.733,9999.000,9999.000,9999.000,9999.000,9999.000,9999.000,9999.000,9999.000
202606250318,   0.740,9999.000,9999.000,9999.000,9999.000,9999.000,9999.000,9999.000,9999.000
202606250324,   0.751,9999.000,9999.000,9999.000,9999.000,9999.000,9999.000,9999.000,9999.000
202606250330,   0.765,9999.000,9999.000,9999.000,9999.000,9999.000,9999.000,9999.000,9999.000
202606250336,   0.783,9999.000,9999.000,9999.000,9999.000,9999.000,9999.000,9999.000,9999.000
202606250342,   0.805,9999.000,9999.000,9999.000,9999.000,9999.000,9999.000,9999.000,9999.000
202606250348,   0.830,9999.000,9999.000,9999.000,9999.000,9999.000,9999.000,9999.000,9999.000
202606250354,   0.860,9999.000,9999.000,9999.000,9999.000,9999.000,9999.000,9999.000,9999.000
202606250400,   0.892,9999.000,   0.500,9999.000,   1.392,   0.500,   1.392,   0.600,   1.492
202606250406,   0.928,9999.000,9999.000,9999.000,9999.000,9999.000,9999.000,9999.000,9999.000
202606250412,   0.968,9999.000,9999.000,9999.000,9999.000,9999.000,9999.000,9999.000,9999.000
202606250418,   1.011,9999.000,9999.000,9999.000,9999.000,9999.000,9999.000,9999.000,9999.000
202606250424,   1.056,9999.000,9999.000,9999.000,9999.000,9999.000,9999.000,9999.000,9999.000
202606250430,   1.105,9999.000,9999.000,9999.000,9999.000,9999.000,9999.000,9999.000,9999.000
202606250436,   1.156,9999.000,9999.000,9999.000,9999.000,9999.000,9999.000,9999.000,9999.000
202606250442,   1.210,9999.000,9999.000,9999.000,9999.000,9999.000,9999.000,9999.000,9999.000
202606250448,   1.266,9999.000,9999.000,9999.000,9999.000,9999.000,9999.000,9999.000,9999.000
202606250454,   1.324,9999.000,9999.000,9999.000,9999.000,9999.000,9999.000,9999.000,9999.000
202606250500,   1.384,9999.000,   0.500,9999.000,   1.884,   0.500,   1.884,   0.600,   1.984
202606250506,   1.446,9999.000,9999.000,9999.000,9999.000,9999.000,9999.000,9999.000,9999.000
202606250512,   1.509,9999.000,9999.000,9999.000,9999.000,9999.000,9999.000,9999.000,9999.000
202606250518,   1.574,9999.000,9999.000,9999.000,9999.000,9999.000,9999.000,9999.000,9999.000
202606250524,   1.640,9999.000,9999.000,9999.000,9999.000,9999.000,9999.000,9999.000,9999.000
202606250530,   1.706,9999.000,9999.000,9999.000,9999.000,9999.000,9999.000,9999.000,9999.000
202606250536,   1.773,9999.000,9999.000,9999.000,9999.000,9999.000,9999.000,9999.000,9999.000
202606250542,   1.840,9999.000,9999.000,9999.000,9999.000,9999.000,9999.000,9999.000,9999.000
202606250548,   1.908,9999.000,9999.000,9999.000,9999.000,9999.000,9999.000,9999.000,9999.000
202606250554,   1.975,9999.000,9999.000,9999.000,9999.000,9999.000,9999.000,9999.000,9999.000
202606250600,   2.043,9999.000,   0.500,9999.000,   2.543,   0.500,   2.543,   0.600,   2.643
202606250606,   2.109,9999.000,9999.000,9999.000,9999.000,9999.000,9999.000,9999.000,9999.000
202606250612,   2.175,9999.000,9999.000,9999.000,9999.000,9999.000,9999.000,9999.000,9999.000
202606250618,   2.240,9999.000,9999.000,9999.000,9999.000,9999.000,9999.000,9999.000,9999.000
202606250624,   2.304,9999.000,9999.000,9999.000,9999.000,9999.000,9999.000,9999.000,9999.000
202606250630,   2.366,9999.000,9999.000,9999.000,9999.000,9999.000,9999.000,9999.000,9999.000
202606250636,   2.428,9999.000,9999.000,9999.000,9999.000,9999.000,9999.000,9999.000,9999.000
202606250642,   2.487,9999.000,9999.000,9999.000,9999.000,9999.000,9999.000,9999.000,9999.000
202606250648,   2.545,9999.000,9999.000,9999.000,9999.000,9999.000,9999.000,9999.000,9999.000
202606250654,   2.601,9999.000,9999.000,9999.000,9999.000,9999.000,9999.000,9999.000,9999.000
202606250700,   2.654,9999.000,   0.600,9999.000,   3.254,   0.500,   3.154,   0.600,   3.254
202606250706,   2.706,9999.000,9999.000,9999.000,9999.000,9999.000,9999.000,9999.000,9999.000
202606250712,   2.755,9999.000,9999.000,9999.000,9999.000,9999.000,9999.000,9999.000,9999.000
202606250718,   2.802,9999.000,9999.000,9999.000,9999.000,9999.000,9999.000,9999.000,9999.000
202606250724,   2.846,9999.000,9999.000,9999.000,9999.000,9999.000,9999.000,9999.000,9999.000
202606250730,   2.888,9999.000,9999.000,9999.000,9999.000,9999.000,9999.000,9999.000,9999.000
202606250736,   2.927,9999.000,9999.000,9999.000,9999.000,9999.000,9999.000,9999.000,9999.000
202606250742,   2.963,9999.000,9999.000,9999.000,9999.000,9999.000,9999.000,9999.000,9999.000
202606250748,   2.996,9999.000,9999.000,9999.000,9999.000,9999.000,9999.000,9999.000,9999.000
202606250754,   3.027,9999.000,9999.000,9999.000,9999.000,9999.000,9999.000,9999.000,9999.000
202606250800,   3.054,9999.000,   0.600,9999.000,   3.654,   0.500,   3.554,   0.600,   3.654
202606250806,   3.078,9999.000,9999.000,9999.000,9999.000,9999.000,9999.000,9999.000,9999.000
202606250812,   3.099,9999.000,9999.000,9999.000,9999.000,9999.000,9999.000,9999.000,9999.000
202606250818,   3.116,9999.000,9999.000,9999.000,9999.000,9999.000,9999.000,9999.000,9999.000
202606250824,   3.130,9999.000,9999.000,9999.000,9999.000,9999.000,9999.000,9999.000,9999.000
202606250830,   3.140,9999.000,9999.000,9999.000,9999.000,9999.000,9999.000,9999.000,9999.000
202606250836,   3.147,9999.000,9999.000,9999.000,9999.000,9999.000,9999.000,9999.000,9999.000
202606250842,   3.150,9999.000,9999.000,9999.000,9999.000,9999.000,9999.000,9999.000,9999.000
202606250848,   3.150,9999.000,9999.000,9999.000,9999.000,9999.000,9999.000,9999.000,9999.000
202606250854,   3.146,9999.000,9999.000,9999.000,9999.000,9999.000,9999.000,9999.000,9999.000
202606250900,   3.138,9999.000,   0.600,9999.000,   3.738,   0.500,   3.638,   0.600,   3.738
202606250906,   3.126,9999.000,9999.000,9999.000,9999.000,9999.000,9999.000,9999.000,9999.000
202606250912,   3.111,9999.000,9999.000,9999.000,9999.000,9999.000,9999.000,9999.000,9999.000
202606250918,   3.091,9999.000,9999.000,9999.000,9999.000,9999.000,9999.000,9999.000,9999.000
202606250924,   3.068,9999.000,9999.000,9999.000,9999.000,9999.000,9999.000,9999.000,9999.000
202606250930,   3.040,9999.000,9999.000,9999.000,9999.000,9999.000,9999.000,9999.000,9999.000
202606250936,   3.009,9999.000,9999.000,9999.000,9999.000,9999.000,9999.000,9999.000,9999.000
202606250942,   2.974,9999.000,9999.000,9999.000,9999.000,9999.000,9999.000,9999.000,9999.000
202606250948,   2.935,9999.000,9999.000,9999.000,9999.000,9999.000,9999.000,9999.000,9999.000
202606250954,   2.892,9999.000,9999.000,9999.000,9999.000,9999.000,9999.000,9999.000,9999.000
202606251000,   2.846,9999.000,   0.600,9999.000,   3.446,   0.500,   3.346,   0.600,   3.446
202606251006,   2.796,9999.000,9999.000,9999.000,9999.000,9999.000,9999.000,9999.000,9999.000
202606251012,   2.742,9999.000,9999.000,9999.000,9999.000,9999.000,9999.000,9999.000,9999.000
202606251018,   2.685,9999.000,9999.000,9999.000,9999.000,9999.000,9999.000,9999.000,9999.000
202606251024,   2.625,9999.000,9999.000,9999.000,9999.000,9999.000,9999.000,9999.000,9999.000
202606251030,   2.562,9999.000,9999.000,9999.000,9999.000,9999.000,9999.000,9999.000,9999.000
202606251036,   2.496,9999.000,9999.000,9999.000,9999.000,9999.000,9999.000,9999.000,9999.000
202606251042,   2.428,9999.000,9999.000,9999.000,9999.000,9999.000,9999.000,9999.000,9999.000
202606251048,   2.357,9999.000,9999.000,9999.000,9999.000,9999.000,9999.000,9999.000,9999.000
202606251054,   2.284,9999.000,9999.000,9999.000,9999.000,9999.000,9999.000,9999.000,9999.000
202606251100,   2.210,9999.000,   0.600,9999.000,   2.810,   0.500,   2.710,   0.600,   2.810
202606251106,   2.133,9999.000,9999.000,9999.000,9999.000,9999.000,9999.000,9999.000,9999.000
202606251112,   2.056,9999.000,9999.000,9999.000,9999.000,9999.000,9999.000,9999.000,9999.000
202606251118,   1.977,9999.000,9999.000,9999.000,9999.000,9999.000,9999.000,9999.000,9999.000
202606251124,   1.898,9999.000,9999.000,9999.000,9999.000,9999.000,9999.000,9999.000,9999.000
202606251130,   1.818,9999.000,9999.000,9999.000,9999.000,9999.000,9999.000,9999.000,9999.000
202606251136,   1.738,9999.000,9999.000,9999.000,9999.000,9999.000,9999.000,9999.000,9999.000
202606251142,   1.659,9999.000,9999.000,9999.000,9999.000,9999.000,9999.000,9999.000,9999.000
202606251148,   1.579,9999.000,9999.000,9999.000,9999.000,9999.000,9999.000,9999.000,9999.000
202606251154,   1.500,9999.000,9999.000,9999.000,9999.000,9999.000,9999.000,9999.000,9999.000
202606251200,   1.423,9999.000,   0.500,9999.000,   1.923,   0.500,   1.923,   0.600,   2.023
202606251206,   1.346,9999.000,9999.000,9999.000,9999.000,9999.000,9999.000,9999.000,9999.000
202606251212,   1.271,9999.000,9999.000,9999.000,9999.000,9999.000,9999.000,9999.000,9999.000
202606251218,   1.198,9999.000,9999.000,9999.000,9999.000,9999.000,9999.000,9999.000,9999.000
202606251224,   1.126,9999.000,9999.000,9999.000,9999.000,9999.000,9999.000,9999.000,9999.000
202606251230,   1.056,9999.000,9999.000,9999.000,9999.000,9999.000,9999.000,9999.000,9999.000
202606251236,   0.989,9999.000,9999.000,9999.000,9999.000,9999.000,9999.000,9999.000,9999.000
202606251242,   0.924,9999.000,9999.000,9999.000,9999.000,9999.000,9999.000,9999.000,9999.000
202606251248,   0.862,9999.000,9999.000,9999.000,9999.000,9999.000,9999.000,9999.000,9999.000
202606251254,   0.802,9999.000,9999.000,9999.000,9999.000,9999.000,9999.000,9999.000,9999.000
202606251300,   0.745,9999.000,   0.500,9999.000,   1.245,   0.500,   1.245,   0.500,   1.245
202606251306,   0.691,9999.000,9999.000,9999.000,9999.000,9999.000,9999.000,9999.000,9999.000
202606251312,   0.641,9999.000,9999.000,9999.000,9999.000,9999.000,9999.000,9999.000,9999.000
202606251318,   0.593,9999.000,9999.000,9999.000,9999.000,9999.000,9999.000,9999.000,9999.000
202606251324,   0.548,9999.000,9999.000,9999.000,9999.000,9999.000,9999.000,9999.000,9999.000
202606251330,   0.507,9999.000,9999.000,9999.000,9999.000,9999.000,9999.000,9999.000,9999.000
202606251336,   0.469,9999.000,9999.000,9999.000,9999.000,9999.000,9999.000,9999.000,9999.000
202606251342,   0.435,9999.000,9999.000,9999.000,9999.000,9999.000,9999.000,9999.000,9999.000
202606251348,   0.404,9999.000,9999.000,9999.000,9999.000,9999.000,9999.000,9999.000,9999.000
202606251354,   0.376,9999.000,9999.000,9999.000,9999.000,9999.000,9999.000,9999.000,9999.000
202606251400,   0.352,9999.000,   0.400,9999.000,   0.752,   0.400,   0.752,   0.500,   0.852
202606251406,   0.332,9999.000,9999.000,9999.000,9999.000,9999.000,9999.000,9999.000,9999.000
202606251412,   0.315,9999.000,9999.000,9999.000,9999.000,9999.000,9999.000,9999.000,9999.000
202606251418,   0.302,9999.000,9999.000,9999.000,9999.000,9999.000,9999.000,9999.000,9999.000
202606251424,   0.292,9999.000,9999.000,9999.000,9999.000,9999.000,9999.000,9999.000,9999.000
202606251430,   0.287,9999.000,9999.000,9999.000,9999.000,9999.000,9999.000,9999.000,9999.000
202606251436,   0.285,9999.000,9999.000,9999.000,9999.000,9999.000,9999.000,9999.000,9999.000
202606251442,   0.287,9999.000,9999.000,9999.000,9999.000,9999.000,9999.000,9999.000,9999.000
202606251448,   0.293,9999.000,9999.000,9999.000,9999.000,9999.000,9999.000,9999.000,9999.000
202606251454,   0.302,9999.000,9999.000,9999.000,9999.000,9999.000,9999.000,9999.000,9999.000
202606251500,   0.316,9999.000,   0.400,9999.000,   0.716,   0.400,   0.716,   0.500,   0.816
202606251506,   0.334,9999.000,9999.000,9999.000,9999.000,9999.000,9999.000,9999.000,9999.000
202606251512,   0.356,9999.000,9999.000,9999.000,9999.000,9999.000,9999.000,9999.000,9999.000
202606251518,   0.381,9999.000,9999.000,9999.000,9999.000,9999.000,9999.000,9999.000,9999.000
202606251524,   0.411,9999.000,9999.000,9999.000,9999.000,9999.000,9999.000,9999.000,9999.000
202606251530,   0.445,9999.000,9999.000,9999.000,9999.000,9999.000,9999.000,9999.000,9999.000
202606251536,   0.483,9999.000,9999.000,9999.000,9999.000,9999.000,9999.000,9999.000,9999.000
202606251542,   0.525,9999.000,9999.000,9999.000,9999.000,9999.000,9999.000,9999.000,9999.000
202606251548,   0.571,9999.000,9999.000,9999.000,9999.000,9999.000,9999.000,9999.000,9999.000
202606251554,   0.621,9999.000,9999.000,9999.000,9999.000,9999.000,9999.000,9999.000,9999.000
202606251600,   0.675,9999.000,   0.500,9999.000,   1.175,   0.500,   1.175,   0.500,   1.175
202606251606,   0.733,9999.000,9999.000,9999.000,9999.000,9999.000,9999.000,9999.000,9999.000
202606251612,   0.794,9999.000,9999.000,9999.000,9999.000,9999.000,9999.000,9999.000,9999.000
202606251618,   0.860,9999.000,9999.000,9999.000,9999.000,9999.000,9999.000,9999.000,9999.000
202606251624,   0.929,9999.000,9999.000,9999.000,9999.000,9999.000,9999.000,9999.000,9999.000
202606251630,   1.001,9999.000,9999.000,9999.000,9999.000,9999.000,9999.000,9999.000,9999.000
202606251636,   1.077,9999.000,9999.000,9999.000,9999.000,9999.000,9999.000,9999.000,9999.000
202606251642,   1.156,9999.000,9999.000,9999.000,9999.000,9999.000,9999.000,9999.000,9999.000
202606251648,   1.238,9999.000,9999.000,9999.000,9999.000,9999.000,9999.000,9999.000,9999.000
202606251654,   1.324,9999.000,9999.000,9999.000,9999.000,9999.000,9999.000,9999.000,9999.000
202606251700,   1.411,9999.000,   0.500,9999.000,   1.911,   0.500,   1.911,   0.600,   2.011
202606251706,   1.502,9999.000,9999.000,9999.000,9999.000,9999.000,9999.000,9999.000,9999.000
202606251712,   1.594,9999.000,9999.000,9999.000,9999.000,9999.000,9999.000,9999.000,9999.000
202606251718,   1.689,9999.000,9999.000,9999.000,9999.000,9999.000,9999.000,9999.000,9999.000
202606251724,   1.786,9999.000,9999.000,9999.000,9999.000,9999.000,9999.000,9999.000,9999.000
202606251730,   1.884,9999.000,9999.000,9999.000,9999.000,9999.000,9999.000,9999.000,9999.000
202606251736,   1.984,9999.000,9999.000,9999.000,9999.000,9999.000,9999.000,9999.000,9999.000
202606251742,   2.084,9999.000,9999.000,9999.000,9999.000,9999.000,9999.000,9999.000,9999.000
202606251748,   2.186,9999.000,9999.000,9999.000,9999.000,9999.000,9999.000,9999.000,9999.000
202606251754,   2.288,9999.000,9999.000,9999.000,9999.000,9999.000,9999.000,9999.000,9999.000
202606251800,   2.390,9999.000,   0.500,9999.000,   2.890,   0.500,   2.890,   0.600,   2.990
202606251806,   2.493,9999.000,9999.000,9999.000,9999.000,9999.000,9999.000,9999.000,9999.000
202606251812,   2.595,9999.000,9999.000,9999.000,9999.000,9999.000,9999.000,9999.000,9999.000
202606251818,   2.697,9999.000,9999.000,9999.000,9999.000,9999.000,9999.000,9999.000,9999.000
202606251824,   2.799,9999.000,9999.000,9999.000,9999.000,9999.000,9999.000,9999.000,9999.000
202606251830,   2.899,9999.000,9999.000,9999.000,9999.000,9999.000,9999.000,9999.000,9999.000
202606251836,   2.998,9999.000,9999.000,9999.000,9999.000,9999.000,9999.000,9999.000,9999.000
202606251842,   3.096,9999.000,9999.000,9999.000,9999.000,9999.000,9999.000,9999.000,9999.000
202606251848,   3.193,9999.000,9999.000,9999.000,9999.000,9999.000,9999.000,9999.000,9999.000
202606251854,   3.287,9999.000,9999.000,9999.000,9999.000,9999.000,9999.000,9999.000,9999.000
202606251900,   3.380,9999.000,   0.500,9999.000,   3.880,   0.500,   3.880,   0.500,   3.880
202606251906,   3.470,9999.000,9999.000,9999.000,9999.000,9999.000,9999.000,9999.000,9999.000
202606251912,   3.559,9999.000,9999.000,9999.000,9999.000,9999.000,9999.000,9999.000,9999.000
202606251918,   3.644,9999.000,9999.000,9999.000,9999.000,9999.000,9999.000,9999.000,9999.000
202606251924,   3.727,9999.000,9999.000,9999.000,9999.000,9999.000,9999.000,9999.000,9999.000
202606251930,   3.807,9999.000,9999.000,9999.000,9999.000,9999.000,9999.000,9999.000,9999.000
202606251936,   3.884,9999.000,9999.000,9999.000,9999.000,9999.000,9999.000,9999.000,9999.000
202606251942,   3.958,9999.000,9999.000,9999.000,9999.000,9999.000,9999.000,9999.000,9999.000
202606251948,   4.029,9999.000,9999.000,9999.000,9999.000,9999.000,9999.000,9999.000,9999.000
202606251954,   4.097,9999.000,9999.000,9999.000,9999.000,9999.000,9999.000,9999.000,9999.000
202606252000,   4.161,9999.000,   0.500,9999.000,   4.661,   0.500,   4.661,   0.500,   4.661
202606252006,   4.221,9999.000,9999.000,9999.000,9999.000,9999.000,9999.000,9999.000,9999.000
202606252012,   4.278,9999.000,9999.000,9999.000,9999.000,9999.000,9999.000,9999.000,9999.000
202606252018,   4.331,9999.000,9999.000,9999.000,9999.000,9999.000,9999.000,9999.000,9999.000
202606252024,   4.380,9999.000,9999.000,9999.000,9999.000,9999.000,9999.000,9999.000,9999.000
202606252030,   4.425,9999.000,9999.000,9999.000,9999.000,9999.000,9999.000,9999.000,9999.000
202606252036,   4.466,9999.000,9999.000,9999.000,9999.000,9999.000,9999.000,9999.000,9999.000
202606252042,   4.502,9999.000,9999.000,9999.000,9999.000,9999.000,9999.000,9999.000,9999.000
202606252048,   4.535,9999.000,9999.000,9999.000,9999.000,9999.000,9999.000,9999.000,9999.000
202606252054,   4.563,9999.000,9999.000,9999.000,9999.000,9999.000,9999.000,9999.000,9999.000
202606252100,   4.586,9999.000,   0.500,9999.000,   5.086,   0.400,   4.986,   0.500,   5.086
202606252106,   4.605,9999.000,9999.000,9999.000,9999.000,9999.000,9999.000,9999.000,9999.000
202606252112,   4.620,9999.000,9999.000,9999.000,9999.000,9999.000,9999.000,9999.000,9999.000
202606252118,   4.629,9999.000,9999.000,9999.000,9999.000,9999.000,9999.000,9999.000,9999.000
202606252124,   4.634,9999.000,9999.000,9999.000,9999.000,9999.000,9999.000,9999.000,9999.000
202606252130,   4.634,9999.000,9999.000,9999.000,9999.000,9999.000,9999.000,9999.000,9999.000
202606252136,   4.629,9999.000,9999.000,9999.000,9999.000,9999.000,9999.000,9999.000,9999.000
202606252142,   4.620,9999.000,9999.000,9999.000,9999.000,9999.000,9999.000,9999.000,9999.000
202606252148,   4.605,9999.000,9999.000,9999.000,9999.000,9999.000,9999.000,9999.000,9999.000
202606252154,   4.585,9999.000,9999.000,9999.000,9999.000,9999.000,9999.000,9999.000,9999.000
202606252200,   4.560,9999.000,   0.500,9999.000,   5.060,   0.500,   5.060,   0.600,   5.160
202606252206,   4.530,9999.000,9999.000,9999.000,9999.000,9999.000,9999.000,9999.000,9999.000
202606252212,   4.495,9999.000,9999.000,9999.000,9999.000,9999.000,9999.000,9999.000,9999.000
202606252218,   4.455,9999.000,9999.000,9999.000,9999.000,9999.000,9999.000,9999.000,9999.000
202606252224,   4.411,9999.000,9999.000,9999.000,9999.000,9999.000,9999.000,9999.000,9999.000
202606252230,   4.361,9999.000,9999.000,9999.000,9999.000,9999.000,9999.000,9999.000,9999.000
202606252236,   4.307,9999.000,9999.000,9999.000,9999.000,9999.000,9999.000,9999.000,9999.000
202606252242,   4.249,9999.000,9999.000,9999.000,9999.000,9999.000,9999.000,9999.000,9999.000
202606252248,   4.186,9999.000,9999.000,9999.000,9999.000,9999.000,9999.000,9999.000,9999.000
202606252254,   4.119,9999.000,9999.000,9999.000,9999.000,9999.000,9999.000,9999.000,9999.000
202606252300,   4.048,9999.000,   0.600,9999.000,   4.648,   0.500,   4.548,   0.600,   4.648
202606252306,   3.973,9999.000,9999.000,9999.000,9999.000,9999.000,9999.000,9999.000,9999.000
202606252312,   3.895,9999.000,9999.000,9999.000,9999.000,9999.000,9999.000,9999.000,9999.000
202606252318,   3.813,9999.000,9999.000,9999.000,9999.000,9999.000,9999.000,9999.000,9999.000
202606252324,   3.728,9999.000,9999.000,9999.000,9999.000,9999.000,9999.000,9999.000,9999.000
202606252330,   3.641,9999.000,9999.000,9999.000,9999.000,9999.000,9999.000,9999.000,9999.000
202606252336,   3.551,9999.000,9999.000,9999.000,9999.000,9999.000,9999.000,9999.000,9999.000
202606252342,   3.459,9999.000,9999.000,9999.000,9999.000,9999.000,9999.000,9999.000,9999.000
202606252348,   3.365,9999.000,9999.000,9999.000,9999.000,9999.000,9999.000,9999.000,9999.000
202606252354,   3.270,9999.000,9999.000,9999.000,9999.000,9999.000,9999.000,9999.000,9999.000
202606260000,   3.173,9999.000,   0.600,9999.000,   3.773,   0.500,   3.673,   0.600,   3.773
202606260006,   3.075,9999.000,9999.000,9999.000,9999.000,9999.000,9999.000,9999.000,9999.000
202606260012,   2.977,9999.000,9999.000,9999.000,9999.000,9999.000,9999.000,9999.000,9999.000
202606260018,   2.878,9999.000,9999.000,9999.000,9999.000,9999.000,9999.000,9999.000,9999.000
202606260024,   2.779,9999.000,9999.000,9999.000,9999.000,9999.000,9999.000,9999.000,9999.000
202606260030,   2.681,9999.000,9999.000,9999.000,9999.000,9999.000,9999.000,9999.000,9999.000
202606260036,   2.582,9999.000,9999.000,9999.000,9999.000,9999.000,9999.000,9999.000,9999.000
202606260042,   2.485,9999.000,9999.000,9999.000,9999.000,9999.000,9999.000,9999.000,9999.000
202606260048,   2.389,9999.000,9999.000,9999.000,9999.000,9999.000,9999.000,9999.000,9999.000
202606260054,   2.293,9999.000,9999.000,9999.000,9999.000,9999.000,9999.000,9999.000,9999.000
202606260100,   2.199,9999.000,   0.500,9999.000,   2.699,   0.500,   2.699,   0.600,   2.799
202606260106,   2.107,9999.000,9999.000,9999.000,9999.000,9999.000,9999.000,9999.000,9999.000
202606260112,   2.017,9999.000,9999.000,9999.000,9999.000,9999.000,9999.000,9999.000,9999.000
202606260118,   1.928,9999.000,9999.000,9999.000,9999.000,9999.000,9999.000,9999.000,9999.000
202606260124,   1.842,9999.000,9999.000,9999.000,9999.000,9999.000,9999.000,9999.000,9999.000
202606260130,   1.758,9999.000,9999.000,9999.000,9999.000,9999.000,9999.000,9999.000,9999.000
202606260136,   1.677,9999.000,9999.000,9999.000,9999.000,9999.000,9999.000,9999.000,9999.000
202606260142,   1.597,9999.000,9999.000,9999.000,9999.000,9999.000,9999.000,9999.000,9999.000
202606260148,   1.521,9999.000,9999.000,9999.000,9999.000,9999.000,9999.000,9999.000,9999.000
202606260154,   1.447,9999.000,9999.000,9999.000,9999.000,9999.000,9999.000,9999.000,9999.000
202606260200,   1.376,9999.000,   0.500,9999.000,   1.876,   0.400,   1.776,   0.500,   1.876
202606260206,   1.309,9999.000,9999.000,9999.000,9999.000,9999.000,9999.000,9999.000,9999.000
202606260212,   1.244,9999.000,9999.000,9999.000,9999.000,9999.000,9999.000,9999.000,9999.000
202606260218,   1.182,9999.000,9999.000,9999.000,9999.000,9999.000,9999.000,9999.000,9999.000
202606260224,   1.123,9999.000,9999.000,9999.000,9999.000,9999.000,9999.000,9999.000,9999.000
202606260230,   1.068,9999.000,9999.000,9999.000,9999.000,9999.000,9999.000,9999.000,9999.000
202606260236,   1.015,9999.000,9999.000,9999.000,9999.000,9999.000,9999.000,9999.000,9999.000
202606260242,   0.967,9999.000,9999.000,9999.000,9999.000,9999.000,9999.000,9999.000,9999.000
202606260248,   0.921,9999.000,9999.000,9999.000,9999.000,9999.000,9999.000,9999.000,9999.000
202606260254,   0.879,9999.000,9999.000,9999.000,9999.000,9999.000,9999.000,9999.000,9999.000
202606260300,   0.841,9999.000,   0.400,9999.000,   1.241,   0.400,   1.241,   0.500,   1.341
202606260306,   0.806,9999.000,9999.000,9999.000,9999.000,9999.000,9999.000,9999.000,9999.000
202606260312,   0.775,9999.000,9999.000,9999.000,9999.000,9999.000,9999.000,9999.000,9999.000
202606260318,   0.747,9999.000,9999.000,9999.000,9999.000,9999.000,9999.000,9999.000,9999.000
202606260324,   0.724,9999.000,9999.000,9999.000,9999.000,9999.000,9999.000,9999.000,9999.000
202606260330,   0.704,9999.000,9999.000,9999.000,9999.000,9999.000,9999.000,9999.000,9999.000
202606260336,   0.688,9999.000,9999.000,9999.000,9999.000,9999.000,9999.000,9999.000,9999.000
202606260342,   0.676,9999.000,9999.000,9999.000,9999.000,9999.000,9999.000,9999.000,9999.000
202606260348,   0.668,9999.000,9999.000,9999.000,9999.000,9999.000,9999.000,9999.000,9999.000
202606260354,   0.663,9999.000,9999.000,9999.000,9999.000,9999.000,9999.000,9999.000,9999.000
202606260400,   0.663,9999.000,   0.400,9999.000,   1.063,   0.400,   1.063,   0.400,   1.063
202606260406,   0.667,9999.000,9999.000,9999.000,9999.000,9999.000,9999.000,9999.000,9999.000
202606260412,   0.674,9999.000,9999.000,9999.000,9999.000,9999.000,9999.000,9999.000,9999.000
202606260418,   0.686,9999.000,9999.000,9999.000,9999.000,9999.000,9999.000,9999.000,9999.000
202606260424,   0.701,9999.000,9999.000,9999.000,9999.000,9999.000,9999.000,9999.000,9999.000
202606260430,   0.721,9999.000,9999.000,9999.000,9999.000,9999.000,9999.000,9999.000,9999.000
202606260436,   0.744,9999.000,9999.000,9999.000,9999.000,9999.000,9999.000,9999.000,9999.000
202606260442,   0.771,9999.000,9999.000,9999.000,9999.000,9999.000,9999.000,9999.000,9999.000
202606260448,   0.801,9999.000,9999.000,9999.000,9999.000,9999.000,9999.000,9999.000,9999.000
202606260454,   0.835,9999.000,9999.000,9999.000,9999.000,9999.000,9999.000,9999.000,9999.000
202606260500,   0.873,9999.000,   0.400,9999.000,   1.273,   0.400,   1.273,   0.400,   1.273
202606260506,   0.913,9999.000,9999.000,9999.000,9999.000,9999.000,9999.000,9999.000,9999.000
202606260512,   0.957,9999.000,9999.000,9999.000,9999.000,9999.000,9999.000,9999.000,9999.000
202606260518,   1.004,9999.000,9999.000,9999.000,9999.000,9999.000,9999.000,9999.000,9999.000
202606260524,   1.054,9999.000,9999.000,9999.000,9999.000,9999.000,9999.000,9999.000,9999.000
202606260530,   1.106,9999.000,9999.000,9999.000,9999.000,9999.000,9999.000,9999.000,9999.000
202606260536,   1.161,9999.000,9999.000,9999.000,9999.000,9999.000,9999.000,9999.000,9999.000
202606260542,   1.218,9999.000,9999.000,9999.000,9999.000,9999.000,9999.000,9999.000,9999.000
202606260548,   1.277,9999.000,9999.000,9999.000,9999.000,9999.000,9999.000,9999.000,9999.000
202606260554,   1.338,9999.000,9999.000,9999.000,9999.000,9999.000,9999.000,9999.000,9999.000
202606260600,   1.401,9999.000,   0.400,9999.000,   1.801,   0.400,   1.801,   0.400,   1.801
202606260606,   1.465,9999.000,9999.000,9999.000,9999.000,9999.000,9999.000,9999.000,9999.000
202606260612,   1.530,9999.000,9999.000,9999.000,9999.000,9999.000,9999.000,9999.000,9999.000
202606260618,   1.596,9999.000,9999.000,9999.000,9999.000,9999.000,9999.000,9999.000,9999.000
202606260624,   1.663,9999.000,9999.000,9999.000,9999.000,9999.000,9999.000,9999.000,9999.000
202606260630,   1.730,9999.000,9999.000,9999.000,9999.000,9999.000,9999.000,9999.000,9999.000
202606260636,   1.798,9999.000,9999.000,9999.000,9999.000,9999.000,9999.000,9999.000,9999.000
202606260642,   1.866,9999.000,9999.000,9999.000,9999.000,9999.000,9999.000,9999.000,9999.000
202606260648,   1.933,9999.000,9999.000,9999.000,9999.000,9999.000,9999.000,9999.000,9999.000
202606260654,   2.000,9999.000,9999.000,9999.000,9999.000,9999.000,9999.000,9999.000,9999.000
202606260700,   2.066,9999.000,   0.400,9999.000,   2.466,   0.400,   2.466,   0.400,   2.466
202606260706,   2.132,9999.000,9999.000,9999.000,9999.000,9999.000,9999.000,9999.000,9999.000
202606260712,   2.197,9999.000,9999.000,9999.000,9999.000,9999.000,9999.000,9999.000,9999.000
202606260718,   2.260,9999.000,9999.000,9999.000,9999.000,9999.000,9999.000,9999.000,9999.000
202606260724,   2.322,9999.000,9999.000,9999.000,9999.000,9999.000,9999.000,9999.000,9999.000
202606260730,   2.382,9999.000,9999.000,9999.000,9999.000,9999.000,9999.000,9999.000,9999.000
202606260736,   2.441,9999.000,9999.000,9999.000,9999.000,9999.000,9999.000,9999.000,9999.000
202606260742,   2.498,9999.000,9999.000,9999.000,9999.000,9999.000,9999.000,9999.000,9999.000
202606260748,   2.553,9999.000,9999.000,9999.000,9999.000,9999.000,9999.000,9999.000,9999.000
202606260754,   2.605,9999.000,9999.000,9999.000,9999.000,9999.000,9999.000,9999.000,9999.000
202606260800,   2.656,9999.000,   0.400,9999.000,   3.056,   0.300,   2.956,   0.400,   3.056
202606260806,   2.704,9999.000,9999.000,9999.000,9999.000,9999.000,9999.000,9999.000,9999.000
202606260812,   2.750,9999.000,9999.000,9999.000,9999.000,9999.000,9999.000,9999.000,9999.000
202606260818,   2.793,9999.000,9999.000,9999.000,9999.000,9999.000,9999.000,9999.000,9999.000
202606260824,   2.833,9999.000,9999.000,9999.000,9999.000,9999.000,9999.000,9999.000,9999.000
202606260830,   2.870,9999.000,9999.000,9999.000,9999.000,9999.000,9999.000,9999.000,9999.000
202606260836,   2.905,9999.000,9999.000,9999.000,9999.000,9999.000,9999.000,9999.000,9999.000
202606260842,   2.937,9999.000,9999.000,9999.000,9999.000,9999.000,9999.000,9999.000,9999.000
202606260848,   2.965,9999.000,9999.000,9999.000,9999.000,9999.000,9999.000,9999.000,9999.000
202606260854,   2.991,9999.000,9999.000,9999.000,9999.000,9999.000,9999.000,9999.000,9999.000
202606260900,   3.013,9999.000,   0.400,9999.000,   3.413,   0.300,   3.313,   0.400,   3.413
202606260906,   3.032,9999.000,9999.000,9999.000,9999.000,9999.000,9999.000,9999.000,9999.000
202606260912,   3.047,9999.000,9999.000,9999.000,9999.000,9999.000,9999.000,9999.000,9999.000
202606260918,   3.059,9999.000,9999.000,9999.000,9999.000,9999.000,9999.000,9999.000,9999.000
202606260924,   3.068,9999.000,9999.000,9999.000,9999.000,9999.000,9999.000,9999.000,9999.000
202606260930,   3.073,9999.000,9999.000,9999.000,9999.000,9999.000,9999.000,9999.000,9999.000
202606260936,   3.074,9999.000,9999.000,9999.000,9999.000,9999.000,9999.000,9999.000,9999.000
202606260942,   3.071,9999.000,9999.000,9999.000,9999.000,9999.000,9999.000,9999.000,9999.000
202606260948,   3.065,9999.000,9999.000,9999.000,9999.000,9999.000,9999.000,9999.000,9999.000
202606260954,   3.055,9999.000,9999.000,9999.000,9999.000,9999.000,9999.000,9999.000,9999.000
202606261000,   3.041,9999.000,   0.300,9999.000,   3.341,   0.300,   3.341,   0.400,   3.441
202606261006,   3.023,9999.000,9999.000,9999.000,9999.000,9999.000,9999.000,9999.000,9999.000
202606261012,   3.001,9999.000,9999.000,9999.000,9999.000,9999.000,9999.000,9999.000,9999.000
202606261018,   2.975,9999.000,9999.000,9999.000,9999.000,9999.000,9999.000,9999.000,9999.000
202606261024,   2.946,9999.000,9999.000,9999.000,9999.000,9999.000,9999.000,9999.000,9999.000
202606261030,   2.912,9999.000,9999.000,9999.000,9999.000,9999.000,9999.000,9999.000,9999.000
202606261036,   2.875,9999.000,9999.000,9999.000,9999.000,9999.000,9999.000,9999.000,9999.000
202606261042,   2.834,9999.000,9999.000,9999.000,9999.000,9999.000,9999.000,9999.000,9999.000
202606261048,   2.789,9999.000,9999.000,9999.000,9999.000,9999.000,9999.000,9999.000,9999.000
202606261054,   2.740,9999.000,9999.000,9999.000,9999.000,9999.000,9999.000,9999.000,9999.000
202606261100,   2.688,9999.000,   0.300,9999.000,   2.988,   0.300,   2.988,   0.300,   2.988
202606261106,   2.633,9999.000,9999.000,9999.000,9999.000,9999.000,9999.000,9999.000,9999.000
202606261112,   2.575,9999.000,9999.000,9999.000,9999.000,9999.000,9999.000,9999.000,9999.000
202606261118,   2.513,9999.000,9999.000,9999.000,9999.000,9999.000,9999.000,9999.000,9999.000
202606261124,   2.449,9999.000,9999.000,9999.000,9999.000,9999.000,9999.000,9999.000,9999.000
202606261130,   2.382,9999.000,9999.000,9999.000,9999.000,9999.000,9999.000,9999.000,9999.000
202606261136,   2.312,9999.000,9999.000,9999.000,9999.000,9999.000,9999.000,9999.000,9999.000
202606261142,   2.241,9999.000,9999.000,9999.000,9999.000,9999.000,9999.000,9999.000,9999.000
202606261148,   2.167,9999.000,9999.000,9999.000,9999.000,9999.000,9999.000,9999.000,9999.000
202606261154,   2.092,9999.000,9999.000,9999.000,9999.000,9999.000,9999.000,9999.000,9999.000
202606261200,   2.016,9999.000,   0.300,9999.000,   2.316,   0.300,   2.316,   0.300,   2.316
202606261206,   1.938,9999.000,9999.000,9999.000,9999.000,9999.000,9999.000,9999.000,9999.000
202606261212,   1.860,9999.000,9999.000,9999.000,9999.000,9999.000,9999.000,9999.000,9999.000
202606261218,   1.781,9999.000,9999.000,9999.000,9999.000,9999.000,9999.000,9999.000,9999.000
202606261224,   1.702,9999.000,9999.000,9999.000,9999.000,9999.000,9999.000,9999.000,9999.000
202606261230,   1.624,9999.000,9999.000,9999.000,9999.000,9999.000,9999.000,9999.000,9999.000
202606261236,   1.545,9999.000,9999.000,9999.000,9999.000,9999.000,9999.000,9999.000,9999.000
202606261242,   1.468,9999.000,9999.000,9999.000,9999.000,9999.000,9999.000,9999.000,9999.000
202606261248,   1.391,9999.000,9999.000,9999.000,9999.000,9999.000,9999.000,9999.000,9999.000
202606261254,   1.315,9999.000,9999.000,9999.000,9999.000,9999.000,9999.000,9999.000,9999.000
202606261300,   1.241,9999.000,   0.300,9999.000,   1.541,   0.200,   1.441,   0.300,   1.541
202606261306,   1.169,9999.000,9999.000,9999.000,9999.000,9999.000,9999.000,9999.000,9999.000
202606261312,   1.098,9999.000,9999.000,9999.000,9999.000,9999.000,9999.000,9999.000,9999.000
202606261318,   1.030,9999.000,9999.000,9999.000,9999.000,9999.000,9999.000,9999.000,9999.000
202606261324,   0.963,9999.000,9999.000,9999.000,9999.000,9999.000,9999.000,9999.000,9999.000
202606261330,   0.900,9999.000,9999.000,9999.000,9999.000,9999.000,9999.000,9999.000,9999.000
202606261336,   0.839,9999.000,9999.000,9999.000,9999.000,9999.000,9999.000,9999.000,9999.000
202606261342,   0.780,9999.000,9999.000,9999.000,9999.000,9999.000,9999.000,9999.000,9999.000
202606261348,   0.725,9999.000,9999.000,9999.000,9999.000,9999.000,9999.000,9999.000,9999.000
202606261354,   0.672,9999.000,9999.000,9999.000,9999.000,9999.000,9999.000,9999.000,9999.000
202606261400,   0.623,9999.000,   0.300,9999.000,   0.923,   0.200,   0.823,   0.300,   0.923
202606261406,   0.576,9999.000,9999.000,9999.000,9999.000,9999.000,9999.000,9999.000,9999.000
202606261412,   0.534,9999.000,9999.000,9999.000,9999.000,9999.000,9999.000,9999.000,9999.000
202606261418,   0.494,9999.000,9999.000,9999.000,9999.000,9999.000,9999.000,9999.000,9999.000
202606261424,   0.458,9999.000,9999.000,9999.000,9999.000,9999.000,9999.000,9999.000,9999.000
202606261430,   0.425,9999.000,9999.000,9999.000,9999.000,9999.000,9999.000,9999.000,9999.000
202606261436,   0.396,9999.000,9999.000,9999.000,9999.000,9999.000,9999.000,9999.000,9999.000
202606261442,   0.370,9999.000,9999.000,9999.000,9999.000,9999.000,9999.000,9999.000,9999.000
202606261448,   0.348,9999.000,9999.000,9999.000,9999.000,9999.000,9999.000,9999.000,9999.000
202606261454,   0.330,9999.000,9999.000,9999.000,9999.000,9999.000,9999.000,9999.000,9999.000
202606261500,   0.315,9999.000,   0.300,9999.000,   0.615,   0.200,   0.515,   0.300,   0.615
202606261506,   0.304,9999.000,9999.000,9999.000,9999.000,9999.000,9999.000,9999.000,9999.000
202606261512,   0.297,9999.000,9999.000,9999.000,9999.000,9999.000,9999.000,9999.000,9999.000
202606261518,   0.294,9999.000,9999.000,9999.000,9999.000,9999.000,9999.000,9999.000,9999.000
202606261524,   0.294,9999.000,9999.000,9999.000,9999.000,9999.000,9999.000,9999.000,9999.000
202606261530,   0.299,9999.000,9999.000,9999.000,9999.000,9999.000,9999.000,9999.000,9999.000
202606261536,   0.307,9999.000,9999.000,9999.000,9999.000,9999.000,9999.000,9999.000,9999.000
202606261542,   0.319,9999.000,9999.000,9999.000,9999.000,9999.000,9999.000,9999.000,9999.000
202606261548,   0.335,9999.000,9999.000,9999.000,9999.000,9999.000,9999.000,9999.000,9999.000
202606261554,   0.356,9999.000,9999.000,9999.000,9999.000,9999.000,9999.000,9999.000,9999.000
202606261600,   0.380,9999.000,   0.300,9999.000,   0.680,   0.200,   0.580,   0.300,   0.680
202606261606,   0.408,9999.000,9999.000,9999.000,9999.000,9999.000,9999.000,9999.000,9999.000
202606261612,   0.441,9999.000,9999.000,9999.000,9999.000,9999.000,9999.000,9999.000,9999.000
202606261618,   0.477,9999.000,9999.000,9999.000,9999.000,9999.000,9999.000,9999.000,9999.000
202606261624,   0.518,9999.000,9999.000,9999.000,9999.000,9999.000,9999.000,9999.000,9999.000
202606261630,   0.563,9999.000,9999.000,9999.000,9999.000,9999.000,9999.000,9999.000,9999.000
202606261636,   0.611,9999.000,9999.000,9999.000,9999.000,9999.000,9999.000,9999.000,9999.000
202606261642,   0.664,9999.000,9999.000,9999.000,9999.000,9999.000,9999.000,9999.000,9999.000
202606261648,   0.721,9999.000,9999.000,9999.000,9999.000,9999.000,9999.000,9999.000,9999.000
202606261654,   0.781,9999.000,9999.000,9999.000,9999.000,9999.000,9999.000,9999.000,9999.000
202606261700,   0.846,9999.000,   0.300,9999.000,   1.146,   0.200,   1.046,   0.300,   1.146
202606261706,   0.914,9999.000,9999.000,9999.000,9999.000,9999.000,9999.000,9999.000,9999.000
202606261712,   0.986,9999.000,9999.000,9999.000,9999.000,9999.000,9999.000,9999.000,9999.000
202606261718,   1.061,9999.000,9999.000,9999.000,9999.000,9999.000,9999.000,9999.000,9999.000
202606261724,   1.140,9999.000,9999.000,9999.000,9999.000,9999.000,9999.000,9999.000,9999.000
202606261730,   1.222,9999.000,9999.000,9999.000,9999.000,9999.000,9999.000,9999.000,9999.000
202606261736,   1.307,9999.000,9999.000,9999.000,9999.000,9999.000,9999.000,9999.000,9999.000
202606261742,   1.395,9999.000,9999.000,9999.000,9999.000,9999.000,9999.000,9999.000,9999.000
202606261748,   1.486,9999.000,9999.000,9999.000,9999.000,9999.000,9999.000,9999.000,9999.000
202606261754,   1.579,9999.000,9999.000,9999.000,9999.000,9999.000,9999.000,9999.000,9999.000
202606261800,   1.674,9999.000,   0.300,9999.000,   1.974,   0.300,   1.974,   0.300,   1.974
202606261806,   1.772,9999.000,9999.000,9999.000,9999.000,9999.000,9999.000,9999.000,9999.000
202606261812,   1.871,9999.000,9999.000,9999.000,9999.000,9999.000,9999.000,9999.000,9999.000
202606261818,   1.973,9999.000,9999.000,9999.000,9999.000,9999.000,9999.000,9999.000,9999.000
202606261824,   2.075,9999.000,9999.000,9999.000,9999.000,9999.000,9999.000,9999.000,9999.000
202606261830,   2.178,9999.000,9999.000,9999.000,9999.000,9999.000,9999.000,9999.000,9999.000
202606261836,   2.283,9999.000,9999.000,9999.000,9999.000,9999.000,9999.000,9999.000,9999.000
202606261842,   2.387,9999.000,9999.000,9999.000,9999.000,9999.000,9999.000,9999.000,9999.000
202606261848,   2.493,9999.000,9999.000,9999.000,9999.000,9999.000,9999.000,9999.000,9999.000
202606261854,   2.598,9999.000,9999.000,9999.000,9999.000,9999.000,9999.000,9999.000,9999.000
202606261900,   2.703,9999.000,   0.400,9999.000,   3.103,   0.300,   3.003,   0.400,   3.103
202606261906,   2.807,9999.000,9999.000,9999.000,9999.000,9999.000,9999.000,9999.000,9999.000
202606261912,   2.911,9999.000,9999.000,9999.000,9999.000,9999.000,9999.000,9999.000,9999.000
202606261918,   3.013,9999.000,9999.000,9999.000,9999.000,9999.000,9999.000,9999.000,9999.000
202606261924,   3.115,9999.000,9999.000,9999.000,9999.000,9999.000,9999.000,9999.000,9999.000
202606261930,   3.215,9999.000,9999.000,9999.000,9999.000,9999.000,9999.000,9999.000,9999.000
202606261936,   3.313,9999.000,9999.000,9999.000,9999.000,9999.000,9999.000,9999.000,9999.000
202606261942,   3.410,9999.000,9999.000,9999.000,9999.000,9999.000,9999.000,9999.000,9999.000
202606261948,   3.504,9999.000,9999.000,9999.000,9999.000,9999.000,9999.000,9999.000,9999.000
202606261954,   3.596,9999.000,9999.000,9999.000,9999.000,9999.000,9999.000,9999.000,9999.000
202606262000,   3.685,9999.000,   0.400,9999.000,   4.085,   0.300,   3.985,   0.400,   4.085
202606262006,   3.772,9999.000,9999.000,9999.000,9999.000,9999.000,9999.000,9999.000,9999.000
202606262012,   3.856,9999.000,9999.000,9999.000,9999.000,9999.000,9999.000,9999.000,9999.000
202606262018,   3.937,9999.000,9999.000,9999.000,9999.000,9999.000,9999.000,9999.000,9999.000
202606262024,   4.015,9999.000,9999.000,9999.000,9999.000,9999.000,9999.000,9999.000,9999.000
202606262030,   4.089,9999.000,9999.000,9999.000,9999.000,9999.000,9999.000,9999.000,9999.000
202606262036,   4.160,9999.000,9999.000,9999.000,9999.000,9999.000,9999.000,9999.000,9999.000
202606262042,   4.228,9999.000,9999.000,9999.000,9999.000,9999.000,9999.000,9999.000,9999.000
202606262048,   4.291,9999.000,9999.000,9999.000,9999.000,9999.000,9999.000,9999.000,9999.000
202606262054,   4.351,9999.000,9999.000,9999.000,9999.000,9999.000,9999.000,9999.000,9999.000
202606262100,   4.407,9999.000,   0.400,9999.000,   4.807,   0.300,   4.707,   0.400,   4.807
202606262106,   4.460,9999.000,9999.000,9999.000,9999.000,9999.000,9999.000,9999.000,9999.000
202606262112,   4.508,9999.000,9999.000,9999.000,9999.000,9999.000,9999.000,9999.000,9999.000
202606262118,   4.551,9999.000,9999.000,9999.000,9999.000,9999.000,9999.000,9999.000,9999.000
202606262124,   4.591,9999.000,9999.000,9999.000,9999.000,9999.000,9999.000,9999.000,9999.000
202606262130,   4.626,9999.000,9999.000,9999.000,9999.000,9999.000,9999.000,9999.000,9999.000
202606262136,   4.656,9999.000,9999.000,9999.000,9999.000,9999.000,9999.000,9999.000,9999.000
202606262142,   4.682,9999.000,9999.000,9999.000,9999.000,9999.000,9999.000,9999.000,9999.000
202606262148,   4.704,9999.000,9999.000,9999.000,9999.000,9999.000,9999.000,9999.000,9999.000
202606262154,   4.720,9999.000,9999.000,9999.000,9999.000,9999.000,9999.000,9999.000,9999.000
202606262200,   4.732,9999.000,   0.400,9999.000,   5.132,   0.300,   5.032,   0.400,   5.132
202606262206,   4.739,9999.000,9999.000,9999.000,9999.000,9999.000,9999.000,9999.000,9999.000
202606262212,   4.741,9999.000,9999.000,9999.000,9999.000,9999.000,9999.000,9999.000,9999.000
202606262218,   4.738,9999.000,9999.000,9999.000,9999.000,9999.000,9999.000,9999.000,9999.000
202606262224,   4.730,9999.000,9999.000,9999.000,9999.000,9999.000,9999.000,9999.000,9999.000
202606262230,   4.717,9999.000,9999.000,9999.000,9999.000,9999.000,9999.000,9999.000,9999.000
202606262236,   4.699,9999.000,9999.000,9999.000,9999.000,9999.000,9999.000,9999.000,9999.000
202606262242,   4.675,9999.000,9999.000,9999.000,9999.000,9999.000,9999.000,9999.000,9999.000
202606262248,   4.647,9999.000,9999.000,9999.000,9999.000,9999.000,9999.000,9999.000,9999.000
202606262254,   4.613,9999.000,9999.000,9999.000,9999.000,9999.000,9999.000,9999.000,9999.000
202606262300,   4.574,9999.000,   0.300,9999.000,   4.874,   0.300,   4.874,   0.400,   4.974
202606262306,   4.531,9999.000,9999.000,9999.000,9999.000,9999.000,9999.000,9999.000,9999.000
202606262312,   4.482,9999.000,9999.000,9999.000,9999.000,9999.000,9999.000,9999.000,9999.000
202606262318,   4.428,9999.000,9999.000,9999.000,9999.000,9999.000,9999.000,9999.000,9999.000
202606262324,   4.370,9999.000,9999.000,9999.000,9999.000,9999.000,9999.000,9999.000,9999.000
202606262330,   4.307,9999.000,9999.000,9999.000,9999.000,9999.000,9999.000,9999.000,9999.000
202606262336,   4.240,9999.000,9999.000,9999.000,9999.000,9999.000,9999.000,9999.000,9999.000
202606262342,   4.169,9999.000,9999.000,9999.000,9999.000,9999.000,9999.000,9999.000,9999.000
202606262348,   4.093,9999.000,9999.000,9999.000,9999.000,9999.000,9999.000,9999.000,9999.000
202606262354,   4.014,9999.000,9999.000,9999.000,9999.000,9999.000,9999.000,9999.000,9999.000
202606270000,   3.931,9999.000,   0.300,9999.000,   4.231,   0.300,   4.231,   0.400,   4.331
202606270006,   3.844,9999.000,9999.000,9999.000,9999.000,9999.000,9999.000,9999.000,9999.000
202606270012,   3.755,9999.000,9999.000,9999.000,9999.000,9999.000,9999.000,9999.000,9999.000
202606270018,   3.663,9999.000,9999.000,9999.000,9999.000,9999.000,9999.000,9999.000,9999.000
202606270024,   3.568,9999.000,9999.000,9999.000,9999.000,9999.000,9999.000,9999.000,9999.000
202606270030,   3.471,9999.000,9999.000,9999.000,9999.000,9999.000,9999.000,9999.000,9999.000
202606270036,   3.373,9999.000,9999.000,9999.000,9999.000,9999.000,9999.000,9999.000,9999.000
202606270042,   3.273,9999.000,9999.000,9999.000,9999.000,9999.000,9999.000,9999.000,9999.000
202606270048,   3.171,9999.000,9999.000,9999.000,9999.000,9999.000,9999.000,9999.000,9999.000
202606270054,   3.069,9999.000,9999.000,9999.000,9999.000,9999.000,9999.000,9999.000,9999.000
202606270100,   2.966,9999.000,   0.300,9999.000,   3.266,   0.300,   3.266,   0.300,   3.266
202606270106,   2.862,9999.000,9999.000,9999.000,9999.000,9999.000,9999.000,9999.000,9999.000
202606270112,   2.759,9999.000,9999.000,9999.000,9999.000,9999.000,9999.000,9999.000,9999.000
202606270118,   2.656,9999.000,9999.000,9999.000,9999.000,9999.000,9999.000,9999.000,9999.000
202606270124,   2.553,9999.000,9999.000,9999.000,9999.000,9999.000,9999.000,9999.000,9999.000
202606270130,   2.451,9999.000,9999.000,9999.000,9999.000,9999.000,9999.000,9999.000,9999.000
202606270136,   2.351,9999.000,9999.000,9999.000,9999.000,9999.000,9999.000,9999.000,9999.000
202606270142,   2.251,9999.000,9999.000,9999.000,9999.000,9999.000,9999.000,9999.000,9999.000
202606270148,   2.154,9999.000,9999.000,9999.000,9999.000,9999.000,9999.000,9999.000,9999.000
202606270154,   2.058,9999.000,9999.000,9999.000,9999.000,9999.000,9999.000,9999.000,9999.000
202606270200,   1.964,9999.000,   0.300,9999.000,   2.264,   0.200,   2.164,   0.300,   2.264
202606270206,   1.872,9999.000,9999.000,9999.000,9999.000,9999.000,9999.000,9999.000,9999.000
202606270212,   1.782,9999.000,9999.000,9999.000,9999.000,9999.000,9999.000,9999.000,9999.000
202606270218,   1.695,9999.000,9999.000,9999.000,9999.000,9999.000,9999.000,9999.000,9999.000
202606270224,   1.610,9999.000,9999.000,9999.000,9999.000,9999.000,9999.000,9999.000,9999.000
202606270230,   1.528,9999.000,9999.000,9999.000,9999.000,9999.000,9999.000,9999.000,9999.000
202606270236,   1.449,9999.000,9999.000,9999.000,9999.000,9999.000,9999.000,9999.000,9999.000
202606270242,   1.373,9999.000,9999.000,9999.000,9999.000,9999.000,9999.000,9999.000,9999.000
202606270248,   1.300,9999.000,9999.000,9999.000,9999.000,9999.000,9999.000,9999.000,9999.000
202606270254,   1.230,9999.000,9999.000,9999.000,9999.000,9999.000,9999.000,9999.000,9999.000
202606270300,   1.163,9999.000,   0.200,9999.000,   1.363,   0.200,   1.363,   0.300,   1.463
202606270306,   1.099,9999.000,9999.000,9999.000,9999.000,9999.000,9999.000,9999.000,9999.000
202606270312,   1.039,9999.000,9999.000,9999.000,9999.000,9999.000,9999.000,9999.000,9999.000
202606270318,   0.982,9999.000,9999.000,9999.000,9999.000,9999.000,9999.000,9999.000,9999.000
202606270324,   0.929,9999.000,9999.000,9999.000,9999.000,9999.000,9999.000,9999.000,9999.000
202606270330,   0.879,9999.000,9999.000,9999.000,9999.000,9999.000,9999.000,9999.000,9999.000
202606270336,   0.833,9999.000,9999.000,9999.000,9999.000,9999.000,9999.000,9999.000,9999.000
202606270342,   0.790,9999.000,9999.000,9999.000,9999.000,9999.000,9999.000,9999.000,9999.000
202606270348,   0.751,9999.000,9999.000,9999.000,9999.000,9999.000,9999.000,9999.000,9999.000
202606270354,   0.716,9999.000,9999.000,9999.000,9999.000,9999.000,9999.000,9999.000,9999.000
202606270400,   0.685,9999.000,   0.200,9999.000,   0.885,   0.200,   0.885,   0.300,   0.985
202606270406,   0.658,9999.000,9999.000,9999.000,9999.000,9999.000,9999.000,9999.000,9999.000
202606270412,   0.634,9999.000,9999.000,9999.000,9999.000,9999.000,9999.000,9999.000,9999.000
202606270418,   0.615,9999.000,9999.000,9999.000,9999.000,9999.000,9999.000,9999.000,9999.000
202606270424,   0.599,9999.000,9999.000,9999.000,9999.000,9999.000,9999.000,9999.000,9999.000
202606270430,   0.587,9999.000,9999.000,9999.000,9999.000,9999.000,9999.000,9999.000,9999.000
202606270436,   0.580,9999.000,9999.000,9999.000,9999.000,9999.000,9999.000,9999.000,9999.000
202606270442,   0.576,9999.000,9999.000,9999.000,9999.000,9999.000,9999.000,9999.000,9999.000
202606270448,   0.577,9999.000,9999.000,9999.000,9999.000,9999.000,9999.000,9999.000,9999.000
202606270454,   0.582,9999.000,9999.000,9999.000,9999.000,9999.000,9999.000,9999.000,9999.000
202606270500,   0.591,9999.000,   0.200,9999.000,   0.791,   0.100,   0.691,   0.200,   0.791
202606270506,   0.603,9999.000,9999.000,9999.000,9999.000,9999.000,9999.000,9999.000,9999.000
202606270512,   0.620,9999.000,9999.000,9999.000,9999.000,9999.000,9999.000,9999.000,9999.000
202606270518,   0.641,9999.000,9999.000,9999.000,9999.000,9999.000,9999.000,9999.000,9999.000
202606270524,   0.666,9999.000,9999.000,9999.000,9999.000,9999.000,9999.000,9999.000,9999.000
202606270530,   0.694,9999.000,9999.000,9999.000,9999.000,9999.000,9999.000,9999.000,9999.000
202606270536,   0.726,9999.000,9999.000,9999.000,9999.000,9999.000,9999.000,9999.000,9999.000
202606270542,   0.762,9999.000,9999.000,9999.000,9999.000,9999.000,9999.000,9999.000,9999.000
202606270548,   0.801,9999.000,9999.000,9999.000,9999.000,9999.000,9999.000,9999.000,9999.000
202606270554,   0.844,9999.000,9999.000,9999.000,9999.000,9999.000,9999.000,9999.000,9999.000
202606270600,   0.890,9999.000,   0.200,9999.000,   1.090,   0.100,   0.990,   0.200,   1.090
202606270606,   0.939,9999.000,9999.000,9999.000,9999.000,9999.000,9999.000,9999.000,9999.000
202606270612,   0.991,9999.000,9999.000,9999.000,9999.000,9999.000,9999.000,9999.000,9999.000
202606270618,   1.046,9999.000,9999.000,9999.000,9999.000,9999.000,9999.000,9999.000,9999.000
202606270624,   1.103,9999.000,9999.000,9999.000,9999.000,9999.000,9999.000,9999.000,9999.000
202606270630,   1.162,9999.000,9999.000,9999.000,9999.000,9999.000,9999.000,9999.000,9999.000
202606270636,   1.224,9999.000,9999.000,9999.000,9999.000,9999.000,9999.000,9999.000,9999.000
202606270642,   1.287,9999.000,9999.000,9999.000,9999.000,9999.000,9999.000,9999.000,9999.000
202606270648,   1.352,9999.000,9999.000,9999.000,9999.000,9999.000,9999.000,9999.000,9999.000
202606270654,   1.419,9999.000,9999.000,9999.000,9999.000,9999.000,9999.000,9999.000,9999.000
202606270700,   1.487,9999.000,   0.200,9999.000,   1.687,   0.100,   1.587,   0.300,   1.787
202606270706,   1.555,9999.000,9999.000,9999.000,9999.000,9999.000,9999.000,9999.000,9999.000
202606270712,   1.625,9999.000,9999.000,9999.000,9999.000,9999.000,9999.000,9999.000,9999.000
202606270718,   1.695,9999.000,9999.000,9999.000,9999.000,9999.000,9999.000,9999.000,9999.000
202606270724,   1.765,9999.000,9999.000,9999.000,9999.000,9999.000,9999.000,9999.000,9999.000
202606270730,   1.835,9999.000,9999.000,9999.000,9999.000,9999.000,9999.000,9999.000,9999.000
202606270736,   1.905,9999.000,9999.000,9999.000,9999.000,9999.000,9999.000,9999.000,9999.000
202606270742,   1.974,9999.000,9999.000,9999.000,9999.000,9999.000,9999.000,9999.000,9999.000
202606270748,   2.043,9999.000,9999.000,9999.000,9999.000,9999.000,9999.000,9999.000,9999.000
202606270754,   2.111,9999.000,9999.000,9999.000,9999.000,9999.000,9999.000,9999.000,9999.000
202606270800,   2.178,9999.000,   0.200,9999.000,   2.378,   0.100,   2.278,   0.300,   2.478
202606270806,   2.243,9999.000,9999.000,9999.000,9999.000,9999.000,9999.000,9999.000,9999.000
202606270812,   2.307,9999.000,9999.000,9999.000,9999.000,9999.000,9999.000,9999.000,9999.000
202606270818,   2.370,9999.000,9999.000,9999.000,9999.000,9999.000,9999.000,9999.000,9999.000
202606270824,   2.430,9999.000,9999.000,9999.000,9999.000,9999.000,9999.000,9999.000,9999.000
202606270830,   2.489,9999.000,9999.000,9999.000,9999.000,9999.000,9999.000,9999.000,9999.000
202606270836,   2.545,9999.000,9999.000,9999.000,9999.000,9999.000,9999.000,9999.000,9999.000
202606270842,   2.599,9999.000,9999.000,9999.000,9999.000,9999.000,9999.000,9999.000,9999.000
202606270848,   2.651,9999.000,9999.000,9999.000,9999.000,9999.000,9999.000,9999.000,9999.000
202606270854,   2.701,9999.000,9999.000,9999.000,9999.000,9999.000,9999.000,9999.000,9999.000
202606270900,   2.747,9999.000,   0.200,9999.000,   2.947,   0.100,   2.847,   0.200,   2.947
202606270906,   2.791,9999.000,9999.000,9999.000,9999.000,9999.000,9999.000,9999.000,9999.000
202606270912,   2.832,9999.000,9999.000,9999.000,9999.000,9999.000,9999.000,9999.000,9999.000
202606270918,   2.870,9999.000,9999.000,9999.000,9999.000,9999.000,9999.000,9999.000,9999.000
202606270924,   2.905,9999.000,9999.000,9999.000,9999.000,9999.000,9999.000,9999.000,9999.000
202606270930,   2.937,9999.000,9999.000,9999.000,9999.000,9999.000,9999.000,9999.000,9999.000
202606270936,   2.966,9999.000,9999.000,9999.000,9999.000,9999.000,9999.000,9999.000,9999.000
202606270942,   2.991,9999.000,9999.000,9999.000,9999.000,9999.000,9999.000,9999.000,9999.000
202606270948,   3.013,9999.000,9999.000,9999.000,9999.000,9999.000,9999.000,9999.000,9999.000
202606270954,   3.032,9999.000,9999.000,9999.000,9999.000,9999.000,9999.000,9999.000,9999.000
202606271000,   3.047,9999.000,   0.100,9999.000,   3.147,   0.000,   3.047,   0.200,   3.247
202606271006,   3.059,9999.000,9999.000,9999.000,9999.000,9999.000,9999.000,9999.000,9999.000
202606271012,   3.066,9999.000,9999.000,9999.000,9999.000,9999.000,9999.000,9999.000,9999.000
202606271018,   3.070,9999.000,9999.000,9999.000,9999.000,9999.000,9999.000,9999.000,9999.000
202606271024,   3.071,9999.000,9999.000,9999.000,9999.000,9999.000,9999.000,9999.000,9999.000
202606271030,   3.067,9999.000,9999.000,9999.000,9999.000,9999.000,9999.000,9999.000,9999.000
202606271036,   3.060,9999.000,9999.000,9999.000,9999.000,9999.000,9999.000,9999.000,9999.000
202606271042,   3.048,9999.000,9999.000,9999.000,9999.000,9999.000,9999.000,9999.000,9999.000
202606271048,   3.033,9999.000,9999.000,9999.000,9999.000,9999.000,9999.000,9999.000,9999.000
202606271054,   3.014,9999.000,9999.000,9999.000,9999.000,9999.000,9999.000,9999.000,9999.000
202606271100,   2.991,9999.000,   0.100,9999.000,   3.091,   0.000,   2.991,   0.200,   3.191
202606271106,   2.963,9999.000,9999.000,9999.000,9999.000,9999.000,9999.000,9999.000,9999.000
202606271112,   2.932,9999.000,9999.000,9999.000,9999.000,9999.000,9999.000,9999.000,9999.000
202606271118,   2.897,9999.000,9999.000,9999.000,9999.000,9999.000,9999.000,9999.000,9999.000
202606271124,   2.858,9999.000,9999.000,9999.000,9999.000,9999.000,9999.000,9999.000,9999.000
202606271130,   2.815,9999.000,9999.000,9999.000,9999.000,9999.000,9999.000,9999.000,9999.000
202606271136,   2.769,9999.000,9999.000,9999.000,9999.000,9999.000,9999.000,9999.000,9999.000
202606271142,   2.719,9999.000,9999.000,9999.000,9999.000,9999.000,9999.000,9999.000,9999.000
202606271148,   2.665,9999.000,9999.000,9999.000,9999.000,9999.000,9999.000,9999.000,9999.000
202606271154,   2.608,9999.000,9999.000,9999.000,9999.000,9999.000,9999.000,9999.000,9999.000
202606271200,   2.547,9999.000,   0.100,9999.000,   2.647,   0.000,   2.547,   0.200,   2.747
202606271206,   2.484,9999.000,9999.000,9999.000,9999.000,9999.000,9999.000,9999.000,9999.000
202606271212,   2.418,9999.000,9999.000,9999.000,9999.000,9999.000,9999.000,9999.000,9999.000
202606271218,   2.349,9999.000,9999.000,9999.000,9999.000,9999.000,9999.000,9999.000,9999.000
202606271224,   2.278,9999.000,9999.000,9999.000,9999.000,9999.000,9999.000,9999.000,9999.000
202606271230,   2.205,9999.000,9999.000,9999.000,9999.000,9999.000,9999.000,9999.000,9999.000
202606271236,   2.130,9999.000,9999.000,9999.000,9999.000,9999.000,9999.000,9999.000,9999.000
202606271242,   2.053,9999.000,9999.000,9999.000,9999.000,9999.000,9999.000,9999.000,9999.000
202606271248,   1.975,9999.000,9999.000,9999.000,9999.000,9999.000,9999.000,9999.000,9999.000
202606271254,   1.896,9999.000,9999.000,9999.000,9999.000,9999.000,9999.000,9999.000,9999.000
202606271300,   1.816,9999.000,   0.100,9999.000,   1.916,   0.000,   1.816,   0.200,   2.016
202606271306,   1.736,9999.000,9999.000,9999.000,9999.000,9999.000,9999.000,9999.000,9999.000
202606271312,   1.656,9999.000,9999.000,9999.000,9999.000,9999.000,9999.000,9999.000,9999.000
202606271318,   1.576,9999.000,9999.000,9999.000,9999.000,9999.000,9999.000,9999.000,9999.000
202606271324,   1.496,9999.000,9999.000,9999.000,9999.000,9999.000,9999.000,9999.000,9999.000
202606271330,   1.418,9999.000,9999.000,9999.000,9999.000,9999.000,9999.000,9999.000,9999.000
202606271336,   1.340,9999.000,9999.000,9999.000,9999.000,9999.000,9999.000,9999.000,9999.000
202606271342,   1.263,9999.000,9999.000,9999.000,9999.000,9999.000,9999.000,9999.000,9999.000
202606271348,   1.189,9999.000,9999.000,9999.000,9999.000,9999.000,9999.000,9999.000,9999.000
202606271354,   1.116,9999.000,9999.000,9999.000,9999.000,9999.000,9999.000,9999.000,9999.000
202606271400,   1.045,9999.000,   0.100,9999.000,   1.145,   0.000,   1.045,   0.200,   1.245
202606271406,   0.976,9999.000,9999.000,9999.000,9999.000,9999.000,9999.000,9999.000,9999.000
202606271412,   0.910,9999.000,9999.000,9999.000,9999.000,9999.000,9999.000,9999.000,9999.000
202606271418,   0.846,9999.000,9999.000,9999.000,9999.000,9999.000,9999.000,9999.000,9999.000
202606271424,   0.785,9999.000,9999.000,9999.000,9999.000,9999.000,9999.000,9999.000,9999.000
202606271430,   0.727,9999.000,9999.000,9999.000,9999.000,9999.000,9999.000,9999.000,9999.000
202606271436,   0.672,9999.000,9999.000,9999.000,9999.000,9999.000,9999.000,9999.000,9999.000
202606271442,   0.621,9999.000,9999.000,9999.000,9999.000,9999.000,9999.000,9999.000,9999.000
202606271448,   0.572,9999.000,9999.000,9999.000,9999.000,9999.000,9999.000,9999.000,9999.000
202606271454,   0.527,9999.000,9999.000,9999.000,9999.000,9999.000,9999.000,9999.000,9999.000
202606271500,   0.486,9999.000,   0.100,9999.000,   0.586,   0.000,   0.486,   0.200,   0.686
202606271506,   0.448,9999.000,9999.000,9999.000,9999.000,9999.000,9999.000,9999.000,9999.000
202606271512,   0.413,9999.000,9999.000,9999.000,9999.000,9999.000,9999.000,9999.000,9999.000
202606271518,   0.383,9999.000,9999.000,9999.000,9999.000,9999.000,9999.000,9999.000,9999.000
202606271524,   0.356,9999.000,9999.000,9999.000,9999.000,9999.000,9999.000,9999.000,9999.000
202606271530,   0.332,9999.000,9999.000,9999.000,9999.000,9999.000,9999.000,9999.000,9999.000
202606271536,   0.313,9999.000,9999.000,9999.000,9999.000,9999.000,9999.000,9999.000,9999.000
202606271542,   0.297,9999.000,9999.000,9999.000,9999.000,9999.000,9999.000,9999.000,9999.000
202606271548,   0.285,9999.000,9999.000,9999.000,9999.000,9999.000,9999.000,9999.000,9999.000
202606271554,   0.277,9999.000,9999.000,9999.000,9999.000,9999.000,9999.000,9999.000,9999.000
202606271600,   0.273,9999.000,   0.100,9999.000,   0.373,   0.000,   0.273,   0.200,   0.473
202606271606,   0.273,9999.000,9999.000,9999.000,9999.000,9999.000,9999.000,9999.000,9999.000
202606271612,   0.277,9999.000,9999.000,9999.000,9999.000,9999.000,9999.000,9999.000,9999.000
202606271618,   0.285,9999.000,9999.000,9999.000,9999.000,9999.000,9999.000,9999.000,9999.000
202606271624,   0.297,9999.000,9999.000,9999.000,9999.000,9999.000,9999.000,9999.000,9999.000
202606271630,   0.313,9999.000,9999.000,9999.000,9999.000,9999.000,9999.000,9999.000,9999.000
202606271636,   0.333,9999.000,9999.000,9999.000,9999.000,9999.000,9999.000,9999.000,9999.000
202606271642,   0.357,9999.000,9999.000,9999.000,9999.000,9999.000,9999.000,9999.000,9999.000
202606271648,   0.385,9999.000,9999.000,9999.000,9999.000,9999.000,9999.000,9999.000,9999.000
202606271654,   0.418,9999.000,9999.000,9999.000,9999.000,9999.000,9999.000,9999.000,9999.000
202606271700,   0.455,9999.000,   0.100,9999.000,   0.555,   0.000,   0.455,   0.200,   0.655
202606271706,   0.495,9999.000,9999.000,9999.000,9999.000,9999.000,9999.000,9999.000,9999.000
202606271712,   0.540,9999.000,9999.000,9999.000,9999.000,9999.000,9999.000,9999.000,9999.000
202606271718,   0.589,9999.000,9999.000,9999.000,9999.000,9999.000,9999.000,9999.000,9999.000
202606271724,   0.642,9999.000,9999.000,9999.000,9999.000,9999.000,9999.000,9999.000,9999.000
202606271730,   0.699,9999.000,9999.000,9999.000,9999.000,9999.000,9999.000,9999.000,9999.000
202606271736,   0.761,9999.000,9999.000,9999.000,9999.000,9999.000,9999.000,9999.000,9999.000
202606271742,   0.826,9999.000,9999.000,9999.000,9999.000,9999.000,9999.000,9999.000,9999.000
202606271748,   0.894,9999.000,9999.000,9999.000,9999.000,9999.000,9999.000,9999.000,9999.000
202606271754,   0.967,9999.000,9999.000,9999.000,9999.000,9999.000,9999.000,9999.000,9999.000
202606271800,   1.043,9999.000,   0.100,9999.000,   1.143,   0.000,   1.043,   0.200,   1.243
202606271806,   1.123,9999.000,9999.000,9999.000,9999.000,9999.000,9999.000,9999.000,9999.000
202606271812,   1.206,9999.000,9999.000,9999.000,9999.000,9999.000,9999.000,9999.000,9999.000
202606271818,   1.293,9999.000,9999.000,9999.000,9999.000,9999.000,9999.000,9999.000,9999.000
202606271824,   1.382,9999.000,9999.000,9999.000,9999.000,9999.000,9999.000,9999.000,9999.000
202606271830,   1.474,9999.000,9999.000,9999.000,9999.000,9999.000,9999.000,9999.000,9999.000
202606271836,   1.569,9999.000,9999.000,9999.000,9999.000,9999.000,9999.000,9999.000,9999.000
202606271842,   1.667,9999.000,9999.000,9999.000,9999.000,9999.000,9999.000,9999.000,9999.000
202606271848,   1.767,9999.000,9999.000,9999.000,9999.000,9999.000,9999.000,9999.000,9999.000
202606271854,   1.868,9999.000,9999.000,9999.000,9999.000,9999.000,9999.000,9999.000,9999.000
202606271900,   1.972,9999.000,   0.200,9999.000,   2.172,   0.000,   1.972,   0.300,   2.272
202606271906,   2.077,9999.000,9999.000,9999.000,9999.000,9999.000,9999.000,9999.000,9999.000
202606271912,   2.183,9999.000,9999.000,9999.000,9999.000,9999.000,9999.000,9999.000,9999.000
202606271918,   2.290,9999.000,9999.000,9999.000,9999.000,9999.000,9999.000,9999.000,9999.000
202606271924,   2.398,9999.000,9999.000,9999.000,9999.000,9999.000,9999.000,9999.000,9999.000
202606271930,   2.506,9999.000,9999.000,9999.000,9999.000,9999.000,9999.000,9999.000,9999.000
202606271936,   2.615,9999.000,9999.000,9999.000,9999.000,9999.000,9999.000,9999.000,9999.000
202606271942,   2.723,9999.000,9999.000,9999.000,9999.000,9999.000,9999.000,9999.000,9999.000
202606271948,   2.831,9999.000,9999.000,9999.000,9999.000,9999.000,9999.000,9999.000,9999.000
202606271954,   2.938,9999.000,9999.000,9999.000,9999.000,9999.000,9999.000,9999.000,9999.000
202606272000,   3.044,9999.000,   0.200,9999.000,   3.244,   0.000,   3.044,   0.300,   3.344
202606272006,   3.150,9999.000,9999.000,9999.000,9999.000,9999.000,9999.000,9999.000,9999.000
202606272012,   3.253,9999.000,9999.000,9999.000,9999.000,9999.000,9999.000,9999.000,9999.000
202606272018,   3.355,9999.000,9999.000,9999.000,9999.000,9999.000,9999.000,9999.000,9999.000
202606272024,   3.455,9999.000,9999.000,9999.000,9999.000,9999.000,9999.000,9999.000,9999.000
202606272030,   3.553,9999.000,9999.000,9999.000,9999.000,9999.000,9999.000,9999.000,9999.000
202606272036,   3.649,9999.000,9999.000,9999.000,9999.000,9999.000,9999.000,9999.000,9999.000
202606272042,   3.741,9999.000,9999.000,9999.000,9999.000,9999.000,9999.000,9999.000,9999.000
202606272048,   3.832,9999.000,9999.000,9999.000,9999.000,9999.000,9999.000,9999.000,9999.000
202606272054,   3.919,9999.000,9999.000,9999.000,9999.000,9999.000,9999.000,9999.000,9999.000
202606272100,   4.003,9999.000,   0.200,9999.000,   4.203,   0.000,   4.003,   0.300,   4.303
202606272106,   4.083,9999.000,9999.000,9999.000,9999.000,9999.000,9999.000,9999.000,9999.000
202606272112,   4.161,9999.000,9999.000,9999.000,9999.000,9999.000,9999.000,9999.000,9999.000
202606272118,   4.234,9999.000,9999.000,9999.000,9999.000,9999.000,9999.000,9999.000,9999.000
202606272124,   4.304,9999.000,9999.000,9999.000,9999.000,9999.000,9999.000,9999.000,9999.000
202606272130,   4.370,9999.000,9999.000,9999.000,9999.000,9999.000,9999.000,9999.000,9999.000
202606272136,   4.432,9999.000,9999.000,9999.000,9999.000,9999.000,9999.000,9999.000,9999.000
202606272142,   4.490,9999.000,9999.000,9999.000,9999.000,9999.000,9999.000,9999.000,9999.000
202606272148,   4.544,9999.000,9999.000,9999.000,9999.000,9999.000,9999.000,9999.000,9999.000
202606272154,   4.593,9999.000,9999.000,9999.000,9999.000,9999.000,9999.000,9999.000,9999.000
202606272200,   4.638,9999.000,   0.200,9999.000,   4.838,   0.100,   4.738,   0.300,   4.938
202606272206,   4.679,9999.000,9999.000,9999.000,9999.000,9999.000,9999.000,9999.000,9999.000
202606272212,   4.715,9999.000,9999.000,9999.000,9999.000,9999.000,9999.000,9999.000,9999.000
202606272218,   4.746,9999.000,9999.000,9999.000,9999.000,9999.000,9999.000,9999.000,9999.000
202606272224,   4.773,9999.000,9999.000,9999.000,9999.000,9999.000,9999.000,9999.000,9999.000
202606272230,   4.794,9999.000,9999.000,9999.000,9999.000,9999.000,9999.000,9999.000,9999.000
202606272236,   4.811,9999.000,9999.000,9999.000,9999.000,9999.000,9999.000,9999.000,9999.000
202606272242,   4.823,9999.000,9999.000,9999.000,9999.000,9999.000,9999.000,9999.000,9999.000
202606272248,   4.830,9999.000,9999.000,9999.000,9999.000,9999.000,9999.000,9999.000,9999.000
202606272254,   4.832,9999.000,9999.000,9999.000,9999.000,9999.000,9999.000,9999.000,9999.000
202606272300,   4.828,9999.000,   0.200,9999.000,   5.028,   0.000,   4.828,   0.300,   5.128
202606272306,   4.820,9999.000,9999.000,9999.000,9999.000,9999.000,9999.000,9999.000,9999.000
202606272312,   4.806,9999.000,9999.000,9999.000,9999.000,9999.000,9999.000,9999.000,9999.000
202606272318,   4.787,9999.000,9999.000,9999.000,9999.000,9999.000,9999.000,9999.000,9999.000
202606272324,   4.763,9999.000,9999.000,9999.000,9999.000,9999.000,9999.000,9999.000,9999.000
202606272330,   4.733,9999.000,9999.000,9999.000,9999.000,9999.000,9999.000,9999.000,9999.000
202606272336,   4.699,9999.000,9999.000,9999.000,9999.000,9999.000,9999.000,9999.000,9999.000
202606272342,   4.659,9999.000,9999.000,9999.000,9999.000,9999.000,9999.000,9999.000,9999.000
202606272348,   4.614,9999.000,9999.000,9999.000,9999.000,9999.000,9999.000,9999.000,9999.000
202606272354,   4.563,9999.000,9999.000,9999.000,9999.000,9999.000,9999.000,9999.000,9999.000
202606280000,   4.508,9999.000,   0.100,9999.000,   4.608,   0.000,   4.508,   0.200,   4.708
202606280006,   4.448,9999.000,9999.000,9999.000,9999.000,9999.000,9999.000,9999.000,9999.000
202606280012,   4.384,9999.000,9999.000,9999.000,9999.000,9999.000,9999.000,9999.000,9999.000
202606280018,   4.314,9999.000,9999.000,9999.000,9999.000,9999.000,9999.000,9999.000,9999.000
202606280024,   4.241,9999.000,9999.000,9999.000,9999.000,9999.000,9999.000,9999.000,9999.000
202606280030,   4.163,9999.000,9999.000,9999.000,9999.000,9999.000,9999.000,9999.000,9999.000
202606280036,   4.081,9999.000,9999.000,9999.000,9999.000,9999.000,9999.000,9999.000,9999.000
202606280042,   3.995,9999.000,9999.000,9999.000,9999.000,9999.000,9999.000,9999.000,9999.000
202606280048,   3.906,9999.000,9999.000,9999.000,9999.000,9999.000,9999.000,9999.000,9999.000
202606280054,   3.813,9999.000,9999.000,9999.000,9999.000,9999.000,9999.000,9999.000,9999.000
202606280100,   3.718,9999.000,   0.100,9999.000,   3.818,   0.000,   3.718,   0.200,   3.918
202606280106,   3.620,9999.000,9999.000,9999.000,9999.000,9999.000,9999.000,9999.000,9999.000
202606280112,   3.519,9999.000,9999.000,9999.000,9999.000,9999.000,9999.000,9999.000,9999.000
202606280118,   3.417,9999.000,9999.000,9999.000,9999.000,9999.000,9999.000,9999.000,9999.000
202606280124,   3.312,9999.000,9999.000,9999.000,9999.000,9999.000,9999.000,9999.000,9999.000
202606280130,   3.207,9999.000,9999.000,9999.000,9999.000,9999.000,9999.000,9999.000,9999.000
202606280136,   3.100,9999.000,9999.000,9999.000,9999.000,9999.000,9999.000,9999.000,9999.000
202606280142,   2.992,9999.000,9999.000,9999.000,9999.000,9999.000,9999.000,9999.000,9999.000
202606280148,   2.884,9999.000,9999.000,9999.000,9999.000,9999.000,9999.000,9999.000,9999.000
202606280154,   2.776,9999.000,9999.000,9999.000,9999.000,9999.000,9999.000,9999.000,9999.000
202606280200,   2.668,9999.000,   0.100,9999.000,   2.768,   0.000,   2.668,   0.200,   2.868
202606280206,   2.561,9999.000,9999.000,9999.000,9999.000,9999.000,9999.000,9999.000,9999.000
202606280212,   2.454,9999.000,9999.000,9999.000,9999.000,9999.000,9999.000,9999.000,9999.000
202606280218,   2.348,9999.000,9999.000,9999.000,9999.000,9999.000,9999.000,9999.000,9999.000
202606280224,   2.244,9999.000,9999.000,9999.000,9999.000,9999.000,9999.000,9999.000,9999.000
202606280230,   2.141,9999.000,9999.000,9999.000,9999.000,9999.000,9999.000,9999.000,9999.000
202606280236,   2.040,9999.000,9999.000,9999.000,9999.000,9999.000,9999.000,9999.000,9999.000
202606280242,   1.942,9999.000,9999.000,9999.000,9999.000,9999.000,9999.000,9999.000,9999.000
202606280248,   1.845,9999.000,9999.000,9999.000,9999.000,9999.000,9999.000,9999.000,9999.000
202606280254,   1.751,9999.000,9999.000,9999.000,9999.000,9999.000,9999.000,9999.000,9999.000
202606280300,   1.659,9999.000,   0.100,9999.000,   1.759,   0.000,   1.659,   0.200,   1.859
202606280306,   1.570,9999.000,9999.000,9999.000,9999.000,9999.000,9999.000,9999.000,9999.000
202606280312,   1.484,9999.000,9999.000,9999.000,9999.000,9999.000,9999.000,9999.000,9999.000
202606280318,   1.401,9999.000,9999.000,9999.000,9999.000,9999.000,9999.000,9999.000,9999.000
202606280324,   1.321,9999.000,9999.000,9999.000,9999.000,9999.000,9999.000,9999.000,9999.000
202606280330,   1.245,9999.000,9999.000,9999.000,9999.000,9999.000,9999.000,9999.000,9999.000
202606280336,   1.171,9999.000,9999.000,9999.000,9999.000,9999.000,9999.000,9999.000,9999.000
202606280342,   1.101,9999.000,9999.000,9999.000,9999.000,9999.000,9999.000,9999.000,9999.000
202606280348,   1.035,9999.000,9999.000,9999.000,9999.000,9999.000,9999.000,9999.000,9999.000
202606280354,   0.972,9999.000,9999.000,9999.000,9999.000,9999.000,9999.000,9999.000,9999.000
202606280400,   0.913,9999.000,   0.100,9999.000,   1.013,   0.000,   0.913,   0.200,   1.113
202606280406,   0.857,9999.000,9999.000,9999.000,9999.000,9999.000,9999.000,9999.000,9999.000
202606280412,   0.805,9999.000,9999.000,9999.000,9999.000,9999.000,9999.000,9999.000,9999.000
202606280418,   0.757,9999.000,9999.000,9999.000,9999.000,9999.000,9999.000,9999.000,9999.000
202606280424,   0.713,9999.000,9999.000,9999.000,9999.000,9999.000,9999.000,9999.000,9999.000
202606280430,   0.672,9999.000,9999.000,9999.000,9999.000,9999.000,9999.000,9999.000,9999.000
202606280436,   0.636,9999.000,9999.000,9999.000,9999.000,9999.000,9999.000,9999.000,9999.000
202606280442,   0.603,9999.000,9999.000,9999.000,9999.000,9999.000,9999.000,9999.000,9999.000
202606280448,   0.575,9999.000,9999.000,9999.000,9999.000,9999.000,9999.000,9999.000,9999.000
202606280454,   0.551,9999.000,9999.000,9999.000,9999.000,9999.000,9999.000,9999.000,9999.000
202606280500,   0.530,9999.000,   0.000,9999.000,   0.530,   0.000,   0.530,   0.200,   0.730
202606280506,   0.514,9999.000,9999.000,9999.000,9999.000,9999.000,9999.000,9999.000,9999.000
202606280512,   0.502,9999.000,9999.000,9999.000,9999.000,9999.000,9999.000,9999.000,9999.000
202606280518,   0.494,9999.000,9999.000,9999.000,9999.000,9999.000,9999.000,9999.000,9999.000
202606280524,   0.490,9999.000,9999.000,9999.000,9999.000,9999.000,9999.000,9999.000,9999.000
202606280530,   0.491,9999.000,9999.000,9999.000,9999.000,9999.000,9999.000,9999.000,9999.000
202606280536,   0.495,9999.000,9999.000,9999.000,9999.000,9999.000,9999.000,9999.000,9999.000
202606280542,   0.504,9999.000,9999.000,9999.000,9999.000,9999.000,9999.000,9999.000,9999.000
202606280548,   0.517,9999.000,9999.000,9999.000,9999.000,9999.000,9999.000,9999.000,9999.000
202606280554,   0.534,9999.000,9999.000,9999.000,9999.000,9999.000,9999.000,9999.000,9999.000
202606280600,   0.555,9999.000,   0.100,9999.000,   0.655,   0.000,   0.555,   0.200,   0.755
202606280606,   0.580,9999.000,9999.000,9999.000,9999.000,9999.000,9999.000,9999.000,9999.000
202606280612,   0.610,9999.000,9999.000,9999.000,9999.000,9999.000,9999.000,9999.000,9999.000
202606280618,   0.643,9999.000,9999.000,9999.000,9999.000,9999.000,9999.000,9999.000,9999.000
202606280624,   0.679,9999.000,9999.000,9999.000,9999.000,9999.000,9999.000,9999.000,9999.000
202606280630,   0.720,9999.000,9999.000,9999.000,9999.000,9999.000,9999.000,9999.000,9999.000
202606280636,   0.764,9999.000,9999.000,9999.000,9999.000,9999.000,9999.000,9999.000,9999.000
202606280642,   0.811,9999.000,9999.000,9999.000,9999.000,9999.000,9999.000,9999.000,9999.000
202606280648,   0.861,9999.000,9999.000,9999.000,9999.000,9999.000,9999.000,9999.000,9999.000
202606280654,   0.915,9999.000,9999.000,9999.000,9999.000,9999.000,9999.000,9999.000,9999.000
202606280700,   0.971,9999.000,   0.100,9999.000,   1.071,   0.000,   0.971,   0.200,   1.171
202606280706,   1.031,9999.000,9999.000,9999.000,9999.000,9999.000,9999.000,9999.000,9999.000
202606280712,   1.092,9999.000,9999.000,9999.000,9999.000,9999.000,9999.000,9999.000,9999.000
202606280718,   1.156,9999.000,9999.000,9999.000,9999.000,9999.000,9999.000,9999.000,9999.000
202606280724,   1.222,9999.000,9999.000,9999.000,9999.000,9999.000,9999.000,9999.000,9999.000
202606280730,   1.290,9999.000,9999.000,9999.000,9999.000,9999.000,9999.000,9999.000,9999.000
202606280736,   1.360,9999.000,9999.000,9999.000,9999.000,9999.000,9999.000,9999.000,9999.000
202606280742,   1.431,9999.000,9999.000,9999.000,9999.000,9999.000,9999.000,9999.000,9999.000
202606280748,   1.503,9999.000,9999.000,9999.000,9999.000,9999.000,9999.000,9999.000,9999.000
202606280754,   1.575,9999.000,9999.000,9999.000,9999.000,9999.000,9999.000,9999.000,9999.000
202606280800,   1.649,9999.000,   0.100,9999.000,   1.749,   0.000,   1.649,   0.200,   1.849
202606280806,   1.723,9999.000,9999.000,9999.000,9999.000,9999.000,9999.000,9999.000,9999.000
202606280812,   1.796,9999.000,9999.000,9999.000,9999.000,9999.000,9999.000,9999.000,9999.000
202606280818,   1.870,9999.000,9999.000,9999.000,9999.000,9999.000,9999.000,9999.000,9999.000
202606280824,   1.943,9999.000,9999.000,9999.000,9999.000,9999.000,9999.000,9999.000,9999.000
202606280830,   2.016,9999.000,9999.000,9999.000,9999.000,9999.000,9999.000,9999.000,9999.000
202606280836,   2.088,9999.000,9999.000,9999.000,9999.000,9999.000,9999.000,9999.000,9999.000
202606280842,   2.159,9999.000,9999.000,9999.000,9999.000,9999.000,9999.000,9999.000,9999.000
202606280848,   2.228,9999.000,9999.000,9999.000,9999.000,9999.000,9999.000,9999.000,9999.000
202606280854,   2.296,9999.000,9999.000,9999.000,9999.000,9999.000,9999.000,9999.000,9999.000
202606280900,   2.363,9999.000,   0.100,9999.000,   2.463,  -0.100,   2.263,   0.200,   2.563
202606280906,   2.427,9999.000,9999.000,9999.000,9999.000,9999.000,9999.000,9999.000,9999.000
202606280912,   2.489,9999.000,9999.000,9999.000,9999.000,9999.000,9999.000,9999.000,9999.000
202606280918,   2.549,9999.000,9999.000,9999.000,9999.000,9999.000,9999.000,9999.000,9999.000
202606280924,   2.607,9999.000,9999.000,9999.000,9999.000,9999.000,9999.000,9999.000,9999.000
202606280930,   2.662,9999.000,9999.000,9999.000,9999.000,9999.000,9999.000,9999.000,9999.000
202606280936,   2.715,9999.000,9999.000,9999.000,9999.000,9999.000,9999.000,9999.000,9999.000
202606280942,   2.765,9999.000,9999.000,9999.000,9999.000,9999.000,9999.000,9999.000,9999.000
202606280948,   2.811,9999.000,9999.000,9999.000,9999.000,9999.000,9999.000,9999.000,9999.000
202606280954,   2.855,9999.000,9999.000,9999.000,9999.000,9999.000,9999.000,9999.000,9999.000
202606281000,   2.896,9999.000,   0.100,9999.000,   2.996,   0.000,   2.896,   0.200,   3.096
202606281006,   2.933,9999.000,9999.000,9999.000,9999.000,9999.000,9999.000,9999.000,9999.000
202606281012,   2.967,9999.000,9999.000,9999.000,9999.000,9999.000,9999.000,9999.000,9999.000
202606281018,   2.998,9999.000,9999.000,9999.000,9999.000,9999.000,9999.000,9999.000,9999.000
202606281024,   3.025,9999.000,9999.000,9999.000,9999.000,9999.000,9999.000,9999.000,9999.000
202606281030,   3.049,9999.000,9999.000,9999.000,9999.000,9999.000,9999.000,9999.000,9999.000
202606281036,   3.069,9999.000,9999.000,9999.000,9999.000,9999.000,9999.000,9999.000,9999.000
202606281042,   3.086,9999.000,9999.000,9999.000,9999.000,9999.000,9999.000,9999.000,9999.000
202606281048,   3.098,9999.000,9999.000,9999.000,9999.000,9999.000,9999.000,9999.000,9999.000
202606281054,   3.107,9999.000,9999.000,9999.000,9999.000,9999.000,9999.000,9999.000,9999.000
202606281100,   3.112,9999.000,   0.100,9999.000,   3.212,   0.000,   3.112,   0.200,   3.312
202606281106,   3.113,9999.000,9999.000,9999.000,9999.000,9999.000,9999.000,9999.000,9999.000
202606281112,   3.110,9999.000,9999.000,9999.000,9999.000,9999.000,9999.000,9999.000,9999.000
202606281118,   3.103,9999.000,9999.000,9999.000,9999.000,9999.000,9999.000,9999.000,9999.000
202606281124,   3.092,9999.000,9999.000,9999.000,9999.000,9999.000,9999.000,9999.000,9999.000
202606281130,   3.078,9999.000,9999.000,9999.000,9999.000,9999.000,9999.000,9999.000,9999.000
202606281136,   3.059,9999.000,9999.000,9999.000,9999.000,9999.000,9999.000,9999.000,9999.000
202606281142,   3.035,9999.000,9999.000,9999.000,9999.000,9999.000,9999.000,9999.000,9999.000
202606281148,   3.008,9999.000,9999.000,9999.000,9999.000,9999.000,9999.000,9999.000,9999.000
202606281154,   2.977,9999.000,9999.000,9999.000,9999.000,9999.000,9999.000,9999.000,9999.000
202606281200,   2.942,9999.000,   0.100,9999.000,   3.042,   0.000,   2.942,   0.200,   3.142
202606281206,   2.903,9999.000,9999.000,9999.000,9999.000,9999.000,9999.000,9999.000,9999.000
202606281212,   2.860,9999.000,9999.000,9999.000,9999.000,9999.000,9999.000,9999.000,9999.000
202606281218,   2.813,9999.000,9999.000,9999.000,9999.000,9999.000,9999.000,9999.000,9999.000
202606281224,   2.762,9999.000,9999.000,9999.000,9999.000,9999.000,9999.000,9999.000,9999.000
202606281230,   2.708,9999.000,9999.000,9999.000,9999.000,9999.000,9999.000,9999.000,9999.000
202606281236,   2.650,9999.000,9999.000,9999.000,9999.000,9999.000,9999.000,9999.000,9999.000
202606281242,   2.589,9999.000,9999.000,9999.000,9999.000,9999.000,9999.000,9999.000,9999.000
202606281248,   2.525,9999.000,9999.000,9999.000,9999.000,9999.000,9999.000,9999.000,9999.000
202606281254,   2.457,9999.000,9999.000,9999.000,9999.000,9999.000,9999.000,9999.000,9999.000
202606281300,   2.387,9999.000,   0.100,9999.000,   2.487,   0.000,   2.387,   0.300,   2.687
202606281306,   2.315,9999.000,9999.000,9999.000,9999.000,9999.000,9999.000,9999.000,9999.000
202606281312,   2.240,9999.000,9999.000,9999.000,9999.000,9999.000,9999.000,9999.000,9999.000
202606281318,   2.163,9999.000,9999.000,9999.000,9999.000,9999.000,9999.000,9999.000,9999.000
202606281324,   2.085,9999.000,9999.000,9999.000,9999.000,9999.000,9999.000,9999.000,9999.000
202606281330,   2.005,9999.000,9999.000,9999.000,9999.000,9999.000,9999.000,9999.000,9999.000
202606281336,   1.924,9999.000,9999.000,9999.000,9999.000,9999.000,9999.000,9999.000,9999.000
202606281342,   1.842,9999.000,9999.000,9999.000,9999.000,9999.000,9999.000,9999.000,9999.000
202606281348,   1.759,9999.000,9999.000,9999.000,9999.000,9999.000,9999.000,9999.000,9999.000
202606281354,   1.676,9999.000,9999.000,9999.000,9999.000,9999.000,9999.000,9999.000,9999.000
202606281400,   1.594,9999.000,   0.100,9999.000,   1.694,   0.000,   1.594,   0.300,   1.894
202606281406,   1.511,9999.000,9999.000,9999.000,9999.000,9999.000,9999.000,9999.000,9999.000
202606281412,   1.430,9999.000,9999.000,9999.000,9999.000,9999.000,9999.000,9999.000,9999.000
202606281418,   1.349,9999.000,9999.000,9999.000,9999.000,9999.000,9999.000,9999.000,9999.000
202606281424,   1.270,9999.000,9999.000,9999.000,9999.000,9999.000,9999.000,9999.000,9999.000
202606281430,   1.192,9999.000,9999.000,9999.000,9999.000,9999.000,9999.000,9999.000,9999.000
202606281436,   1.116,9999.000,9999.000,9999.000,9999.000,9999.000,9999.000,9999.000,9999.000
202606281442,   1.042,9999.000,9999.000,9999.000,9999.000,9999.000,9999.000,9999.000,9999.000
202606281448,   0.970,9999.000,9999.000,9999.000,9999.000,9999.000,9999.000,9999.000,9999.000
202606281454,   0.901,9999.000,9999.000,9999.000,9999.000,9999.000,9999.000,9999.000,9999.000
202606281500,   0.835,9999.000,   0.200,9999.000,   1.035,   0.000,   0.835,   0.300,   1.135
202606281506,   0.771,9999.000,9999.000,9999.000,9999.000,9999.000,9999.000,9999.000,9999.000
202606281512,   0.711,9999.000,9999.000,9999.000,9999.000,9999.000,9999.000,9999.000,9999.000
202606281518,   0.653,9999.000,9999.000,9999.000,9999.000,9999.000,9999.000,9999.000,9999.000
202606281524,   0.599,9999.000,9999.000,9999.000,9999.000,9999.000,9999.000,9999.000,9999.000
202606281530,   0.549,9999.000,9999.000,9999.000,9999.000,9999.000,9999.000,9999.000,9999.000
202606281536,   0.502,9999.000,9999.000,9999.000,9999.000,9999.000,9999.000,9999.000,9999.000
202606281542,   0.458,9999.000,9999.000,9999.000,9999.000,9999.000,9999.000,9999.000,9999.000
202606281548,   0.419,9999.000,9999.000,9999.000,9999.000,9999.000,9999.000,9999.000,9999.000
202606281554,   0.383,9999.000,9999.000,9999.000,9999.000,9999.000,9999.000,9999.000,9999.000
202606281600,   0.351,9999.000,   0.200,9999.000,   0.551,   0.000,   0.351,   0.400,   0.751
202606281606,   0.323,9999.000,9999.000,9999.000,9999.000,9999.000,9999.000,9999.000,9999.000
202606281612,   0.299,9999.000,9999.000,9999.000,9999.000,9999.000,9999.000,9999.000,9999.000
202606281618,   0.278,9999.000,9999.000,9999.000,9999.000,9999.000,9999.000,9999.000,9999.000
202606281624,   0.262,9999.000,9999.000,9999.000,9999.000,9999.000,9999.000,9999.000,9999.000
202606281630,   0.250,9999.000,9999.000,9999.000,9999.000,9999.000,9999.000,9999.000,9999.000
202606281636,   0.242,9999.000,9999.000,9999.000,9999.000,9999.000,9999.000,9999.000,9999.000
202606281642,   0.238,9999.000,9999.000,9999.000,9999.000,9999.000,9999.000,9999.000,9999.000
202606281648,   0.238,9999.000,9999.000,9999.000,9999.000,9999.000,9999.000,9999.000,9999.000
202606281654,   0.243,9999.000,9999.000,9999.000,9999.000,9999.000,9999.000,9999.000,9999.000
202606281700,   0.251,9999.000,   0.200,9999.000,   0.451,   0.000,   0.251,   0.400,   0.651
202606281706,   0.264,9999.000,9999.000,9999.000,9999.000,9999.000,9999.000,9999.000,9999.000
202606281712,   0.280,9999.000,9999.000,9999.000,9999.000,9999.000,9999.000,9999.000,9999.000
202606281718,   0.301,9999.000,9999.000,9999.000,9999.000,9999.000,9999.000,9999.000,9999.000
202606281724,   0.326,9999.000,9999.000,9999.000,9999.000,9999.000,9999.000,9999.000,9999.000
202606281730,   0.356,9999.000,9999.000,9999.000,9999.000,9999.000,9999.000,9999.000,9999.000
202606281736,   0.389,9999.000,9999.000,9999.000,9999.000,9999.000,9999.000,9999.000,9999.000
202606281742,   0.427,9999.000,9999.000,9999.000,9999.000,9999.000,9999.000,9999.000,9999.000
202606281748,   0.469,9999.000,9999.000,9999.000,9999.000,9999.000,9999.000,9999.000,9999.000
202606281754,   0.515,9999.000,9999.000,9999.000,9999.000,9999.000,9999.000,9999.000,9999.000
202606281800,   0.566,9999.000,   0.300,9999.000,   0.866,   0.100,   0.666,   0.400,   0.966
202606281806,   0.620,9999.000,9999.000,9999.000,9999.000,9999.000,9999.000,9999.000,9999.000
202606281812,   0.679,9999.000,9999.000,9999.000,9999.000,9999.000,9999.000,9999.000,9999.000
202606281818,   0.741,9999.000,9999.000,9999.000,9999.000,9999.000,9999.000,9999.000,9999.000
202606281824,   0.808,9999.000,9999.000,9999.000,9999.000,9999.000,9999.000,9999.000,9999.000
202606281830,   0.879,9999.000,9999.000,9999.000,9999.000,9999.000,9999.000,9999.000,9999.000
202606281836,   0.953,9999.000,9999.000,9999.000,9999.000,9999.000,9999.000,9999.000,9999.000
202606281842,   1.031,9999.000,9999.000,9999.000,9999.000,9999.000,9999.000,9999.000,9999.000
202606281848,   1.113,9999.000,9999.000,9999.000,9999.000,9999.000,9999.000,9999.000,9999.000
202606281854,   1.198,9999.000,9999.000,9999.000,9999.000,9999.000,9999.000,9999.000,9999.000
202606281900,   1.286,9999.000,   0.300,9999.000,   1.586,   0.200,   1.486,   0.500,   1.786
202606281906,   1.378,9999.000,9999.000,9999.000,9999.000,9999.000,9999.000,9999.000,9999.000
202606281912,   1.472,9999.000,9999.000,9999.000,9999.000,9999.000,9999.000,9999.000,9999.000
202606281918,   1.569,9999.000,9999.000,9999.000,9999.000,9999.000,9999.000,9999.000,9999.000
202606281924,   1.669,9999.000,9999.000,9999.000,9999.000,9999.000,9999.000,9999.000,9999.000
202606281930,   1.771,9999.000,9999.000,9999.000,9999.000,9999.000,9999.000,9999.000,9999.000
202606281936,   1.876,9999.000,9999.000,9999.000,9999.000,9999.000,9999.000,9999.000,9999.000
202606281942,   1.982,9999.000,9999.000,9999.000,9999.000,9999.000,9999.000,9999.000,9999.000
202606281948,   2.089,9999.000,9999.000,9999.000,9999.000,9999.000,9999.000,9999.000,9999.000
202606281954,   2.199,9999.000,9999.000,9999.000,9999.000,9999.000,9999.000,9999.000,9999.000
202606282000,   2.309,9999.000,   0.400,9999.000,   2.709,   0.200,   2.509,   0.500,   2.809
202606282006,   2.420,9999.000,9999.000,9999.000,9999.000,9999.000,9999.000,9999.000,9999.000
202606282012,   2.531,9999.000,9999.000,9999.000,9999.000,9999.000,9999.000,9999.000,9999.000
202606282018,   2.643,9999.000,9999.000,9999.000,9999.000,9999.000,9999.000,9999.000,9999.000
202606282024,   2.754,9999.000,9999.000,9999.000,9999.000,9999.000,9999.000,9999.000,9999.000
202606282030,   2.865,9999.000,9999.000,9999.000,9999.000,9999.000,9999.000,9999.000,9999.000
202606282036,   2.976,9999.000,9999.000,9999.000,9999.000,9999.000,9999.000,9999.000,9999.000
202606282042,   3.085,9999.000,9999.000,9999.000,9999.000,9999.000,9999.000,9999.000,9999.000
202606282048,   3.194,9999.000,9999.000,9999.000,9999.000,9999.000,9999.000,9999.000,9999.000
202606282054,   3.301,9999.000,9999.000,9999.000,9999.000,9999.000,9999.000,9999.000,9999.000
202606282100,   3.406,9999.000,   0.400,9999.000,   3.806,   0.200,   3.606,   0.500,   3.906
202606282106,   3.509,9999.000,9999.000,9999.000,9999.000,9999.000,9999.000,9999.000,9999.000
202606282112,   3.610,9999.000,9999.000,9999.000,9999.000,9999.000,9999.000,9999.000,9999.000
202606282118,   3.708,9999.000,9999.000,9999.000,9999.000,9999.000,9999.000,9999.000,9999.000
202606282124,   3.804,9999.000,9999.000,9999.000,9999.000,9999.000,9999.000,9999.000,9999.000
202606282130,   3.896,9999.000,9999.000,9999.000,9999.000,9999.000,9999.000,9999.000,9999.000
202606282136,   3.986,9999.000,9999.000,9999.000,9999.000,9999.000,9999.000,9999.000,9999.000
202606282142,   4.072,9999.000,9999.000,9999.000,9999.000,9999.000,9999.000,9999.000,9999.000
202606282148,   4.155,9999.000,9999.000,9999.000,9999.000,9999.000,9999.000,9999.000,9999.000
202606282154,   4.234,9999.000,9999.000,9999.000,9999.000,9999.000,9999.000,9999.000,9999.000
202606282200,   4.309,9999.000,   0.400,9999.000,   4.709,   0.200,   4.509,   0.600,   4.909
202606282206,   4.380,9999.000,9999.000,9999.000,9999.000,9999.000,9999.000,9999.000,9999.000
202606282212,   4.448,9999.000,9999.000,9999.000,9999.000,9999.000,9999.000,9999.000,9999.000
202606282218,   4.510,9999.000,9999.000,9999.000,9999.000,9999.000,9999.000,9999.000,9999.000
202606282224,   4.569,9999.000,9999.000,9999.000,9999.000,9999.000,9999.000,9999.000,9999.000
202606282230,   4.623,9999.000,9999.000,9999.000,9999.000,9999.000,9999.000,9999.000,9999.000
202606282236,   4.672,9999.000,9999.000,9999.000,9999.000,9999.000,9999.000,9999.000,9999.000
202606282242,   4.717,9999.000,9999.000,9999.000,9999.000,9999.000,9999.000,9999.000,9999.000
202606282248,   4.757,9999.000,9999.000,9999.000,9999.000,9999.000,9999.000,9999.000,9999.000
202606282254,   4.793,9999.000,9999.000,9999.000,9999.000,9999.000,9999.000,9999.000,9999.000
202606282300,   4.823,9999.000,   0.400,9999.000,   5.223,   0.200,   5.023,   0.600,   5.423
202606282306,   4.849,9999.000,9999.000,9999.000,9999.000,9999.000,9999.000,9999.000,9999.000
202606282312,   4.869,9999.000,9999.000,9999.000,9999.000,9999.000,9999.000,9999.000,9999.000
202606282318,   4.885,9999.000,9999.000,9999.000,9999.000,9999.000,9999.000,9999.000,9999.000
202606282324,   4.895,9999.000,9999.000,9999.000,9999.000,9999.000,9999.000,9999.000,9999.000
202606282330,   4.900,9999.000,9999.000,9999.000,9999.000,9999.000,9999.000,9999.000,9999.000
202606282336,   4.900,9999.000,9999.000,9999.000,9999.000,9999.000,9999.000,9999.000,9999.000
202606282342,   4.894,9999.000,9999.000,9999.000,9999.000,9999.000,9999.000,9999.000,9999.000
202606282348,   4.884,9999.000,9999.000,9999.000,9999.000,9999.000,9999.000,9999.000,9999.000
202606282354,   4.868,9999.000,9999.000,9999.000,9999.000,9999.000,9999.000,9999.000,9999.000
202606290000,   4.846,9999.000,   0.400,9999.000,   5.246,   0.200,   5.046,   0.600,   5.446
202606290006,   4.820,9999.000,9999.000,9999.000,9999.000,9999.000,9999.000,9999.000,9999.000
202606290012,   4.788,9999.000,9999.000,9999.000,9999.000,9999.000,9999.000,9999.000,9999.000
202606290018,   4.750,9999.000,9999.000,9999.000,9999.000,9999.000,9999.000,9999.000,9999.000
202606290024,   4.708,9999.000,9999.000,9999.000,9999.000,9999.000,9999.000,9999.000,9999.000
202606290030,   4.660,9999.000,9999.000,9999.000,9999.000,9999.000,9999.000,9999.000,9999.000
202606290036,   4.607,9999.000,9999.000,9999.000,9999.000,9999.000,9999.000,9999.000,9999.000
202606290042,   4.549,9999.000,9999.000,9999.000,9999.000,9999.000,9999.000,9999.000,9999.000
202606290048,   4.486,9999.000,9999.000,9999.000,9999.000,9999.000,9999.000,9999.000,9999.000
202606290054,   4.418,9999.000,9999.000,9999.000,9999.000,9999.000,9999.000,9999.000,9999.000
202606290100,   4.346,9999.000,   0.400,9999.000,   4.746,   0.200,   4.546,   0.500,   4.846
202606290106,   4.269,9999.000,9999.000,9999.000,9999.000,9999.000,9999.000,9999.000,9999.000
202606290112,   4.188,9999.000,9999.000,9999.000,9999.000,9999.000,9999.000,9999.000,9999.000
202606290118,   4.103,9999.000,9999.000,9999.000,9999.000,9999.000,9999.000,9999.000,9999.000
202606290124,   4.014,9999.000,9999.000,9999.000,9999.000,9999.000,9999.000,9999.000,9999.000
202606290130,   3.921,9999.000,9999.000,9999.000,9999.000,9999.000,9999.000,9999.000,9999.000
202606290136,   3.825,9999.000,9999.000,9999.000,9999.000,9999.000,9999.000,9999.000,9999.000
202606290142,   3.726,9999.000,9999.000,9999.000,9999.000,9999.000,9999.000,9999.000,9999.000
202606290148,   3.624,9999.000,9999.000,9999.000,9999.000,9999.000,9999.000,9999.000,9999.000
202606290154,   3.520,9999.000,9999.000,9999.000,9999.000,9999.000,9999.000,9999.000,9999.000
202606290200,   3.413,9999.000,   0.400,9999.000,   3.813,   0.100,   3.513,   0.500,   3.913
202606290206,   3.305,9999.000,9999.000,9999.000,9999.000,9999.000,9999.000,9999.000,9999.000
202606290212,   3.195,9999.000,9999.000,9999.000,9999.000,9999.000,9999.000,9999.000,9999.000
202606290218,   3.084,9999.000,9999.000,9999.000,9999.000,9999.000,9999.000,9999.000,9999.000
202606290224,   2.973,9999.000,9999.000,9999.000,9999.000,9999.000,9999.000,9999.000,9999.000
202606290230,   2.860,9999.000,9999.000,9999.000,9999.000,9999.000,9999.000,9999.000,9999.000
202606290236,   2.748,9999.000,9999.000,9999.000,9999.000,9999.000,9999.000,9999.000,9999.000
202606290242,   2.636,9999.000,9999.000,9999.000,9999.000,9999.000,9999.000,9999.000,9999.000
202606290248,   2.524,9999.000,9999.000,9999.000,9999.000,9999.000,9999.000,9999.000,9999.000
202606290254,   2.414,9999.000,9999.000,9999.000,9999.000,9999.000,9999.000,9999.000,9999.000
202606290300,   2.304,9999.000,   0.400,9999.000,   2.704,   0.100,   2.404,   0.500,   2.804
202606290306,   2.196,9999.000,9999.000,9999.000,9999.000,9999.000,9999.000,9999.000,9999.000
202606290312,   2.089,9999.000,9999.000,9999.000,9999.000,9999.000,9999.000,9999.000,9999.000
202606290318,   1.985,9999.000,9999.000,9999.000,9999.000,9999.000,9999.000,9999.000,9999.000
202606290324,   1.882,9999.000,9999.000,9999.000,9999.000,9999.000,9999.000,9999.000,9999.000
202606290330,   1.782,9999.000,9999.000,9999.000,9999.000,9999.000,9999.000,9999.000,9999.000
202606290336,   1.685,9999.000,9999.000,9999.000,9999.000,9999.000,9999.000,9999.000,9999.000
202606290342,   1.590,9999.000,9999.000,9999.000,9999.000,9999.000,9999.000,9999.000,9999.000
202606290348,   1.498,9999.000,9999.000,9999.000,9999.000,9999.000,9999.000,9999.000,9999.000
202606290354,   1.409,9999.000,9999.000,9999.000,9999.000,9999.000,9999.000,9999.000,9999.000
202606290400,   1.324,9999.000,   0.400,9999.000,   1.724,   0.100,   1.424,   0.500,   1.824
202606290406,   1.242,9999.000,9999.000,9999.000,9999.000,9999.000,9999.000,9999.000,9999.000
202606290412,   1.163,9999.000,9999.000,9999.000,9999.000,9999.000,9999.000,9999.000,9999.000
202606290418,   1.088,9999.000,9999.000,9999.000,9999.000,9999.000,9999.000,9999.000,9999.000
202606290424,   1.017,9999.000,9999.000,9999.000,9999.000,9999.000,9999.000,9999.000,9999.000
202606290430,   0.949,9999.000,9999.000,9999.000,9999.000,9999.000,9999.000,9999.000,9999.000
202606290436,   0.886,9999.000,9999.000,9999.000,9999.000,9999.000,9999.000,9999.000,9999.000
202606290442,   0.826,9999.000,9999.000,9999.000,9999.000,9999.000,9999.000,9999.000,9999.000
202606290448,   0.770,9999.000,9999.000,9999.000,9999.000,9999.000,9999.000,9999.000,9999.000
202606290454,   0.718,9999.000,9999.000,9999.000,9999.000,9999.000,9999.000,9999.000,9999.000
202606290500,   0.670,9999.000,   0.400,9999.000,   1.070,   0.200,   0.870,   0.600,   1.270
202606290506,   0.626,9999.000,9999.000,9999.000,9999.000,9999.000,9999.000,9999.000,9999.000
202606290512,   0.586,9999.000,9999.000,9999.000,9999.000,9999.000,9999.000,9999.000,9999.000
202606290518,   0.550,9999.000,9999.000,9999.000,9999.000,9999.000,9999.000,9999.000,9999.000
202606290524,   0.518,9999.000,9999.000,9999.000,9999.000,9999.000,9999.000,9999.000,9999.000
202606290530,   0.491,9999.000,9999.000,9999.000,9999.000,9999.000,9999.000,9999.000,9999.000
202606290536,   0.467,9999.000,9999.000,9999.000,9999.000,9999.000,9999.000,9999.000,9999.000
202606290542,   0.448,9999.000,9999.000,9999.000,9999.000,9999.000,9999.000,9999.000,9999.000
202606290548,   0.434,9999.000,9999.000,9999.000,9999.000,9999.000,9999.000,9999.000,9999.000
202606290554,   0.423,9999.000,9999.000,9999.000,9999.000,9999.000,9999.000,9999.000,9999.000
202606290600,   0.417,9999.000,   0.400,9999.000,   0.817,   0.200,   0.617,   0.600,   1.017
