        TIME,    TIDE,      OB,   SURGE,    BIAS,     TWL,SURGE90p,  TWL90p,SURGE10p,   TWL10p
202607031800,   1.611,9999.000,   0.500,9999.000,   2.111,   0.500,   2.111,   0.600,   2.211
202607031806,   1.722,9999.000,9999.000,9999.000,9999.000,9999.000,9999.000,9999.000,9999.000
202607031812,   1.833,9999.000,9999.000,9999.000,9999.000,9999.000,9999.000,9999.000,9999.000
202607031818,   1.945,9999.000,9999.000,9999.000,9999.000,9999.000,9999.000,9999.000,9999.000
202607031824,   2.056,9999.000,9999.000,9999.000,9999.000,9999.000,9999.000,9999.000,9999.000
202607031830,   2.168,9999.000,9999.000,9999.000,9999.000,9999.000,9999.000,9999.000,9999.000
202607031836,   2.278,9999.000,9999.000,9999.000,9999.000,9999.000,9999.000,9999.000,9999.000
202607031842,   2.388,9999.000,9999.000,9999.000,9999.000,9999.000,9999.000,9999.000,9999.000
202607031848,   2.498,9999.000,9999.000,9999.000,9999.000,9999.000,9999.000,9999.000,9999.000
202607031854,   2.606,9999.000,9999.000,9999.000,9999.000,9999.000,9999.000,9999.000,9999.000
202607031900,   2.712,   3.440,   0.600,   0.128,   3.440,   0.500,   3.340,   0.600,   3.440
202607031906,   2.817,   3.539,9999.000,9999.000,9999.000,9999.000,9999.000,9999.000,9999.000
202607031912,   2.920,   3.588,9999.000,9999.000,9999.000,9999.000,9999.000,9999.000,9999.000
202607031918,   3.022,   3.627,9999.000,9999.000,9999.000,9999.000,9999.000,9999.000,9999.000
202607031924,   3.121,   3.729,9999.000,9999.000,9999.000,9999.000,9999.000,9999.000,9999.000
202607031930,   3.217,   3.758,9999.000,9999.000,9999.000,9999.000,9999.000,9999.000,9999.000
202607031936,   3.311,   3.909,9999.000,9999.000,9999.000,9999.000,9999.000,9999.000,9999.000
202607031942,   3.403,   4.027,9999.000,9999.000,9999.000,9999.000,9999.000,9999.000,9999.000
202607031948,   3.491,   4.168,9999.000,9999.000,9999.000,9999.000,9999.000,9999.000,9999.000
202607031954,   3.576,   4.247,9999.000,9999.000,9999.000,9999.000,9999.000,9999.000,9999.000
202607032000,   3.658,   4.349,   0.600,   0.091,   4.349,   0.500,   4.249,   0.600,   4.349
202607032006,   3.737,   4.437,9999.000,9999.000,9999.000,9999.000,9999.000,9999.000,9999.000
202607032012,   3.812,   4.519,9999.000,9999.000,9999.000,9999.000,9999.000,9999.000,9999.000
202607032018,   3.884,   4.549,9999.000,9999.000,9999.000,9999.000,9999.000,9999.000,9999.000
202607032024,   3.952,   4.608,9999.000,9999.000,9999.000,9999.000,9999.000,9999.000,9999.000
202607032030,   4.016,   4.628,9999.000,9999.000,9999.000,9999.000,9999.000,9999.000,9999.000
202607032036,   4.077,   4.667,9999.000,9999.000,9999.000,9999.000,9999.000,9999.000,9999.000
202607032042,   4.133,   4.667,9999.000,9999.000,9999.000,9999.000,9999.000,9999.000,9999.000
202607032048,   4.186,   4.700,9999.000,9999.000,9999.000,9999.000,9999.000,9999.000,9999.000
202607032054,   4.234,   4.700,9999.000,9999.000,9999.000,9999.000,9999.000,9999.000,9999.000
202607032100,   4.278,   4.759,   0.500,  -0.019,   4.759,   0.500,   4.759,   0.600,   4.859
202607032106,   4.319,   4.847,9999.000,9999.000,9999.000,9999.000,9999.000,9999.000,9999.000
202607032112,   4.355,   4.939,9999.000,9999.000,9999.000,9999.000,9999.000,9999.000,9999.000
202607032118,   4.387,   4.998,9999.000,9999.000,9999.000,9999.000,9999.000,9999.000,9999.000
202607032124,   4.415,   5.077,9999.000,9999.000,9999.000,9999.000,9999.000,9999.000,9999.000
202607032130,   4.439,   5.028,9999.000,9999.000,9999.000,9999.000,9999.000,9999.000,9999.000
202607032136,   4.458,   5.120,9999.000,9999.000,9999.000,9999.000,9999.000,9999.000,9999.000
202607032142,   4.474,   5.129,9999.000,9999.000,9999.000,9999.000,9999.000,9999.000,9999.000
202607032148,   4.486,   5.120,9999.000,9999.000,9999.000,9999.000,9999.000,9999.000,9999.000
202607032154,   4.495,   5.057,9999.000,9999.000,9999.000,9999.000,9999.000,9999.000,9999.000
202607032200,   4.499,   5.018,   0.500,   0.019,   5.018,   0.500,   5.018,   0.500,   5.018
202607032206,   4.500,   5.057,9999.000,9999.000,9999.000,9999.000,9999.000,9999.000,9999.000
202607032212,   4.497,   5.038,9999.000,9999.000,9999.000,9999.000,9999.000,9999.000,9999.000
202607032218,   4.491,   4.969,9999.000,9999.000,9999.000,9999.000,9999.000,9999.000,9999.000
202607032224,   4.482,   5.018,9999.000,9999.000,9999.000,9999.000,9999.000,9999.000,9999.000
202607032230,   4.469,   5.038,9999.000,9999.000,9999.000,9999.000,9999.000,9999.000,9999.000
202607032236,   4.453,   4.959,9999.000,9999.000,9999.000,9999.000,9999.000,9999.000,9999.000
202607032242,   4.434,   4.900,9999.000,9999.000,9999.000,9999.000,9999.000,9999.000,9999.000
202607032248,   4.413,   4.887,9999.000,9999.000,9999.000,9999.000,9999.000,9999.000,9999.000
202607032254,   4.389,   4.919,9999.000,9999.000,9999.000,9999.000,9999.000,9999.000,9999.000
202607032300,   4.362,   4.910,   0.600,  -0.052,   4.910,   0.500,   4.810,   0.600,   4.910
202607032306,   4.333,   4.778,9999.000,9999.000,9999.000,9999.000,9999.000,9999.000,9999.000
202607032312,   4.301,   4.729,9999.000,9999.000,9999.000,9999.000,9999.000,9999.000,9999.000
202607032318,   4.268,   4.729,9999.000,9999.000,9999.000,9999.000,9999.000,9999.000,9999.000
202607032324,   4.232,   4.647,9999.000,9999.000,9999.000,9999.000,9999.000,9999.000,9999.000
202607032330,   4.195,   4.628,9999.000,9999.000,9999.000,9999.000,9999.000,9999.000,9999.000
202607032336,   4.157,   4.667,9999.000,9999.000,9999.000,9999.000,9999.000,9999.000,9999.000
202607032342,   4.117,   4.588,9999.000,9999.000,9999.000,9999.000,9999.000,9999.000,9999.000
202607032348,   4.075,   4.529,9999.000,9999.000,9999.000,9999.000,9999.000,9999.000,9999.000
202607032354,   4.033,   4.519,9999.000,9999.000,9999.000,9999.000,9999.000,9999.000,9999.000
202607040000,   3.990,   4.539,   0.600,  -0.051,   4.539,   0.600,   4.539,   0.600,   4.539
202607040006,   3.946,   4.447,9999.000,9999.000,9999.000,9999.000,9999.000,9999.000,9999.000
202607040012,   3.901,   4.378,9999.000,9999.000,9999.000,9999.000,9999.000,9999.000,9999.000
202607040018,   3.856,   4.329,9999.000,9999.000,9999.000,9999.000,9999.000,9999.000,9999.000
202607040024,   3.811,   4.319,9999.000,9999.000,9999.000,9999.000,9999.000,9999.000,9999.000
202607040030,   3.767,   4.178,9999.000,9999.000,9999.000,9999.000,9999.000,9999.000,9999.000
202607040036,   3.722,   4.129,9999.000,9999.000,9999.000,9999.000,9999.000,9999.000,9999.000
202607040042,   3.677,   4.070,9999.000,9999.000,9999.000,9999.000,9999.000,9999.000,9999.000
202607040048,   3.634,   4.037,9999.000,9999.000,9999.000,9999.000,9999.000,9999.000,9999.000
202607040054,   3.591,   4.008,9999.000,9999.000,9999.000,9999.000,9999.000,9999.000,9999.000
202607040100,   3.549,   4.017,   0.500,  -0.032,   4.017,   0.500,   4.017,   0.600,   4.117
202607040106,   3.508,   4.017,9999.000,9999.000,9999.000,9999.000,9999.000,9999.000,9999.000
202607040112,   3.468,   3.998,9999.000,9999.000,9999.000,9999.000,9999.000,9999.000,9999.000
202607040118,   3.430,   3.880,9999.000,9999.000,9999.000,9999.000,9999.000,9999.000,9999.000
202607040124,   3.393,   3.827,9999.000,9999.000,9999.000,9999.000,9999.000,9999.000,9999.000
202607040130,   3.358,   3.890,9999.000,9999.000,9999.000,9999.000,9999.000,9999.000,9999.000
202607040136,   3.325,   3.860,9999.000,9999.000,9999.000,9999.000,9999.000,9999.000,9999.000
202607040142,   3.294,   3.798,9999.000,9999.000,9999.000,9999.000,9999.000,9999.000,9999.000
202607040148,   3.266,   3.699,9999.000,9999.000,9999.000,9999.000,9999.000,9999.000,9999.000
202607040154,   3.239,   3.627,9999.000,9999.000,9999.000,9999.000,9999.000,9999.000,9999.000
202607040200,   3.215,   3.617,   0.500,  -0.098,   3.617,   0.500,   3.617,   0.600,   3.717
202607040206,   3.194,   3.598,9999.000,9999.000,9999.000,9999.000,9999.000,9999.000,9999.000
202607040212,   3.176,   3.670,9999.000,9999.000,9999.000,9999.000,9999.000,9999.000,9999.000
202607040218,   3.160,   3.617,9999.000,9999.000,9999.000,9999.000,9999.000,9999.000,9999.000
202607040224,   3.147,   3.578,9999.000,9999.000,9999.000,9999.000,9999.000,9999.000,9999.000
202607040230,   3.137,   3.548,9999.000,9999.000,9999.000,9999.000,9999.000,9999.000,9999.000
202607040236,   3.131,   3.617,9999.000,9999.000,9999.000,9999.000,9999.000,9999.000,9999.000
202607040242,   3.127,   3.617,9999.000,9999.000,9999.000,9999.000,9999.000,9999.000,9999.000
202607040248,   3.126,   3.558,9999.000,9999.000,9999.000,9999.000,9999.000,9999.000,9999.000
202607040254,   3.129,   3.548,9999.000,9999.000,9999.000,9999.000,9999.000,9999.000,9999.000
202607040300,   3.135,   3.539,   0.600,  -0.196,   3.539,   0.600,   3.539,   0.600,   3.539
202607040306,   3.144,   3.588,9999.000,9999.000,9999.000,9999.000,9999.000,9999.000,9999.000
202607040312,   3.156,   3.529,9999.000,9999.000,9999.000,9999.000,9999.000,9999.000,9999.000
202607040318,   3.171,   3.607,9999.000,9999.000,9999.000,9999.000,9999.000,9999.000,9999.000
202607040324,   3.189,   3.650,9999.000,9999.000,9999.000,9999.000,9999.000,9999.000,9999.000
202607040330,   3.211,   3.670,9999.000,9999.000,9999.000,9999.000,9999.000,9999.000,9999.000
202607040336,   3.235,   3.699,9999.000,9999.000,9999.000,9999.000,9999.000,9999.000,9999.000
202607040342,   3.263,   3.778,9999.000,9999.000,9999.000,9999.000,9999.000,9999.000,9999.000
202607040348,   3.293,   3.827,9999.000,9999.000,9999.000,9999.000,9999.000,9999.000,9999.000
202607040354,   3.326,   3.837,9999.000,9999.000,9999.000,9999.000,9999.000,9999.000,9999.000
202607040400,   3.362,   3.958,   0.600,  -0.004,   3.958,   0.600,   3.958,   0.600,   3.958
202607040406,   3.401,   3.880,9999.000,9999.000,9999.000,9999.000,9999.000,9999.000,9999.000
202607040412,   3.441,   3.968,9999.000,9999.000,9999.000,9999.000,9999.000,9999.000,9999.000
202607040418,   3.485,   3.998,9999.000,9999.000,9999.000,9999.000,9999.000,9999.000,9999.000
202607040424,   3.530,   4.008,9999.000,9999.000,9999.000,9999.000,9999.000,9999.000,9999.000
202607040430,   3.578,   4.070,9999.000,9999.000,9999.000,9999.000,9999.000,9999.000,9999.000
202607040436,   3.628,   3.968,9999.000,9999.000,9999.000,9999.000,9999.000,9999.000,9999.000
202607040442,   3.679,   4.099,9999.000,9999.000,9999.000,9999.000,9999.000,9999.000,9999.000
202607040448,   3.732,   4.188,9999.000,9999.000,9999.000,9999.000,9999.000,9999.000,9999.000
202607040454,   3.787,   4.280,9999.000,9999.000,9999.000,9999.000,9999.000,9999.000,9999.000
202607040500,   3.843,   4.257,   0.500,  -0.086,   4.257,   0.500,   4.257,   0.600,   4.357
202607040506,   3.900,   4.398,9999.000,9999.000,9999.000,9999.000,9999.000,9999.000,9999.000
202607040512,   3.958,   4.408,9999.000,9999.000,9999.000,9999.000,9999.000,9999.000,9999.000
202607040518,   4.017,   4.618,9999.000,9999.000,9999.000,9999.000,9999.000,9999.000,9999.000
202607040524,   4.077,   4.677,9999.000,9999.000,9999.000,9999.000,9999.000,9999.000,9999.000
202607040530,   4.137,   4.719,9999.000,9999.000,9999.000,9999.000,9999.000,9999.000,9999.000
202607040536,   4.197,   4.778,9999.000,9999.000,9999.000,9999.000,9999.000,9999.000,9999.000
202607040542,   4.258,   4.808,9999.000,9999.000,9999.000,9999.000,9999.000,9999.000,9999.000
202607040548,   4.319,   4.759,9999.000,9999.000,9999.000,9999.000,9999.000,9999.000,9999.000
202607040554,   4.379,   4.877,9999.000,9999.000,9999.000,9999.000,9999.000,9999.000,9999.000
202607040600,   4.439,   4.919,   0.400,   0.080,   4.919,   0.400,   4.919,   0.500,   5.019
202607040606,   4.498,   4.949,9999.000,9999.000,9999.000,9999.000,9999.000,9999.000,9999.000
202607040612,   4.557,   5.028,9999.000,9999.000,9999.000,9999.000,9999.000,9999.000,9999.000
202607040618,   4.614,   5.087,9999.000,9999.000,9999.000,9999.000,9999.000,9999.000,9999.000
202607040624,   4.670,   5.120,9999.000,9999.000,9999.000,9999.000,9999.000,9999.000,9999.000
202607040630,   4.726,   5.247,9999.000,9999.000,9999.000,9999.000,9999.000,9999.000,9999.000
202607040636,   4.779,   5.329,9999.000,9999.000,9999.000,9999.000,9999.000,9999.000,9999.000
202607040642,   4.831,   5.398,9999.000,9999.000,9999.000,9999.000,9999.000,9999.000,9999.000
202607040648,   4.881,   5.359,9999.000,9999.000,9999.000,9999.000,9999.000,9999.000,9999.000
202607040654,   4.928,   5.349,9999.000,9999.000,9999.000,9999.000,9999.000,9999.000,9999.000
202607040700,   4.974,   5.389,   0.500,  -0.085,   5.389,   0.500,   5.389,   0.600,   5.489
202607040706,   5.017,   5.448,9999.000,9999.000,9999.000,9999.000,9999.000,9999.000,9999.000
202607040712,   5.057,   5.467,9999.000,9999.000,9999.000,9999.000,9999.000,9999.000,9999.000
202607040718,   5.095,   5.487,9999.000,9999.000,9999.000,9999.000,9999.000,9999.000,9999.000
202607040724,   5.130,   5.638,9999.000,9999.000,9999.000,9999.000,9999.000,9999.000,9999.000
202607040730,   5.161,   5.707,9999.000,9999.000,9999.000,9999.000,9999.000,9999.000,9999.000
202607040736,   5.190,   5.759,9999.000,9999.000,9999.000,9999.000,9999.000,9999.000,9999.000
202607040742,   5.215,   5.848,9999.000,9999.000,9999.000,9999.000,9999.000,9999.000,9999.000
202607040748,   5.236,   5.917,9999.000,9999.000,9999.000,9999.000,9999.000,9999.000,9999.000
202607040754,   5.254,   5.789,9999.000,9999.000,9999.000,9999.000,9999.000,9999.000,9999.000
202607040800,   5.268,   5.769,   0.500,   0.001,   5.769,   0.400,   5.669,   0.500,   5.769
202607040806,   5.278,   5.739,9999.000,9999.000,9999.000,9999.000,9999.000,9999.000,9999.000
202607040812,   5.284,   5.759,9999.000,9999.000,9999.000,9999.000,9999.000,9999.000,9999.000
202607040818,   5.286,   5.677,9999.000,9999.000,9999.000,9999.000,9999.000,9999.000,9999.000
202607040824,   5.284,   5.648,9999.000,9999.000,9999.000,9999.000,9999.000,9999.000,9999.000
202607040830,   5.277,   5.687,9999.000,9999.000,9999.000,9999.000,9999.000,9999.000,9999.000
202607040836,   5.266,   5.697,9999.000,9999.000,9999.000,9999.000,9999.000,9999.000,9999.000
202607040842,   5.251,   5.717,9999.000,9999.000,9999.000,9999.000,9999.000,9999.000,9999.000
202607040848,   5.231,   5.779,9999.000,9999.000,9999.000,9999.000,9999.000,9999.000,9999.000
202607040854,   5.207,   5.789,9999.000,9999.000,9999.000,9999.000,9999.000,9999.000,9999.000
202607040900,   5.179,   5.739,   0.500,   0.060,   5.739,   0.500,   5.739,   0.600,   5.839
202607040906,   5.146,   5.707,9999.000,9999.000,9999.000,9999.000,9999.000,9999.000,9999.000
202607040912,   5.109,   5.687,9999.000,9999.000,9999.000,9999.000,9999.000,9999.000,9999.000
202607040918,   5.067,   5.657,9999.000,9999.000,9999.000,9999.000,9999.000,9999.000,9999.000
202607040924,   5.021,   5.539,9999.000,9999.000,9999.000,9999.000,9999.000,9999.000,9999.000
202607040930,   4.970,   5.438,9999.000,9999.000,9999.000,9999.000,9999.000,9999.000,9999.000
202607040936,   4.915,   5.467,9999.000,9999.000,9999.000,9999.000,9999.000,9999.000,9999.000
202607040942,   4.856,   5.418,9999.000,9999.000,9999.000,9999.000,9999.000,9999.000,9999.000
202607040948,   4.793,   5.287,9999.000,9999.000,9999.000,9999.000,9999.000,9999.000,9999.000
202607040954,   4.726,   5.198,9999.000,9999.000,9999.000,9999.000,9999.000,9999.000,9999.000
202607041000,   4.655,   5.208,   0.500,   0.053,   5.208,   0.400,   5.108,   0.600,   5.308
202607041006,   4.580,   5.208,9999.000,9999.000,9999.000,9999.000,9999.000,9999.000,9999.000
202607041012,   4.501,   5.057,9999.000,9999.000,9999.000,9999.000,9999.000,9999.000,9999.000
202607041018,   4.419,   4.998,9999.000,9999.000,9999.000,9999.000,9999.000,9999.000,9999.000
202607041024,   4.333,   4.887,9999.000,9999.000,9999.000,9999.000,9999.000,9999.000,9999.000
202607041030,   4.244,   4.710,9999.000,9999.000,9999.000,9999.000,9999.000,9999.000,9999.000
202607041036,   4.152,   4.608,9999.000,9999.000,9999.000,9999.000,9999.000,9999.000,9999.000
202607041042,   4.057,   4.667,9999.000,9999.000,9999.000,9999.000,9999.000,9999.000,9999.000
202607041048,   3.958,   4.608,9999.000,9999.000,9999.000,9999.000,9999.000,9999.000,9999.000
202607041054,   3.858,   4.509,9999.000,9999.000,9999.000,9999.000,9999.000,9999.000,9999.000
202607041100,   3.754,   4.319,   0.600,  -0.035,   4.319,   0.600,   4.319,   0.600,   4.319
202607041106,   3.648,   4.247,9999.000,9999.000,9999.000,9999.000,9999.000,9999.000,9999.000
202607041112,   3.541,   4.149,9999.000,9999.000,9999.000,9999.000,9999.000,9999.000,9999.000
202607041118,   3.431,   4.109,9999.000,9999.000,9999.000,9999.000,9999.000,9999.000,9999.000
202607041124,   3.319,   3.988,9999.000,9999.000,9999.000,9999.000,9999.000,9999.000,9999.000
202607041130,   3.206,   3.880,9999.000,9999.000,9999.000,9999.000,9999.000,9999.000,9999.000
202607041136,   3.092,   3.729,9999.000,9999.000,9999.000,9999.000,9999.000,9999.000,9999.000
202607041142,   2.976,   3.558,9999.000,9999.000,9999.000,9999.000,9999.000,9999.000,9999.000
202607041148,   2.859,   3.440,9999.000,9999.000,9999.000,9999.000,9999.000,9999.000,9999.000
202607041154,   2.742,   3.407,9999.000,9999.000,9999.000,9999.000,9999.000,9999.000,9999.000
202607041200,   2.624,   3.329,   0.400,   0.305,   3.329,   0.400,   3.329,   0.500,   3.429
202607041206,   2.506,   3.207,9999.000,9999.000,9999.000,9999.000,9999.000,9999.000,9999.000
202607041212,   2.388,   2.997,9999.000,9999.000,9999.000,9999.000,9999.000,9999.000,9999.000
202607041218,   2.269,   2.948,9999.000,9999.000,9999.000,9999.000,9999.000,9999.000,9999.000
202607041224,   2.152,   2.830,9999.000,9999.000,9999.000,9999.000,9999.000,9999.000,9999.000
202607041230,   2.035,   2.689,9999.000,9999.000,9999.000,9999.000,9999.000,9999.000,9999.000
202607041236,   1.918,   2.528,9999.000,9999.000,9999.000,9999.000,9999.000,9999.000,9999.000
202607041242,   1.803,   2.450,9999.000,9999.000,9999.000,9999.000,9999.000,9999.000,9999.000
202607041248,   1.689,   2.400,9999.000,9999.000,9999.000,9999.000,9999.000,9999.000,9999.000
202607041254,   1.577,   2.250,9999.000,9999.000,9999.000,9999.000,9999.000,9999.000,9999.000
202607041300,   1.467,   2.128,   0.400,   0.261,   2.128,   0.400,   2.128,   0.400,   2.128
202607041306,   1.358,   2.030,9999.000,9999.000,9999.000,9999.000,9999.000,9999.000,9999.000
202607041312,   1.252,   1.948,9999.000,9999.000,9999.000,9999.000,9999.000,9999.000,9999.000
202607041318,   1.148,   1.908,9999.000,9999.000,9999.000,9999.000,9999.000,9999.000,9999.000
202607041324,   1.047,   1.728,9999.000,9999.000,9999.000,9999.000,9999.000,9999.000,9999.000
202607041330,   0.949,   1.548,9999.000,9999.000,9999.000,9999.000,9999.000,9999.000,9999.000
202607041336,   0.854,   1.400,9999.000,9999.000,9999.000,9999.000,9999.000,9999.000,9999.000
202607041342,   0.763,   1.298,9999.000,9999.000,9999.000,9999.000,9999.000,9999.000,9999.000
202607041348,   0.675,   1.239,9999.000,9999.000,9999.000,9999.000,9999.000,9999.000,9999.000
202607041354,   0.591,   1.190,9999.000,9999.000,9999.000,9999.000,9999.000,9999.000,9999.000
202607041400,   0.510,   1.180,   0.400,   0.270,   1.180,   0.400,   1.180,   0.400,   1.180
202607041406,   0.434,   1.138,9999.000,9999.000,9999.000,9999.000,9999.000,9999.000,9999.000
202607041412,   0.362,   1.098,9999.000,9999.000,9999.000,9999.000,9999.000,9999.000,9999.000
202607041418,   0.295,   1.098,9999.000,9999.000,9999.000,9999.000,9999.000,9999.000,9999.000
202607041424,   0.232,   1.020,9999.000,9999.000,9999.000,9999.000,9999.000,9999.000,9999.000
202607041430,   0.174,   1.049,9999.000,9999.000,9999.000,9999.000,9999.000,9999.000,9999.000
202607041436,   0.121,   0.928,9999.000,9999.000,9999.000,9999.000,9999.000,9999.000,9999.000
202607041442,   0.073,   0.790,9999.000,9999.000,9999.000,9999.000,9999.000,9999.000,9999.000
202607041448,   0.030,   0.718,9999.000,9999.000,9999.000,9999.000,9999.000,9999.000,9999.000
202607041454,  -0.007,   0.678,9999.000,9999.000,9999.000,9999.000,9999.000,9999.000,9999.000
202607041500,  -0.040,   0.659,   0.400,   0.299,   0.659,   0.300,   0.559,   0.500,   0.759
202607041506,  -0.067,   0.580,9999.000,9999.000,9999.000,9999.000,9999.000,9999.000,9999.000
202607041512,  -0.089,   0.488,9999.000,9999.000,9999.000,9999.000,9999.000,9999.000,9999.000
202607041518,  -0.105,   0.541,9999.000,9999.000,9999.000,9999.000,9999.000,9999.000,9999.000
202607041524,  -0.117,   0.531,9999.000,9999.000,9999.000,9999.000,9999.000,9999.000,9999.000
202607041530,  -0.122,   0.600,9999.000,9999.000,9999.000,9999.000,9999.000,9999.000,9999.000
202607041536,  -0.123,   0.639,9999.000,9999.000,9999.000,9999.000,9999.000,9999.000,9999.000
202607041542,  -0.118,   0.600,9999.000,9999.000,9999.000,9999.000,9999.000,9999.000,9999.000
202607041548,  -0.107,   0.659,9999.000,9999.000,9999.000,9999.000,9999.000,9999.000,9999.000
202607041554,  -0.092,   0.610,9999.000,9999.000,9999.000,9999.000,9999.000,9999.000,9999.000
202607041600,  -0.071,   0.629,   0.500,   0.200,   0.629,   0.400,   0.529,   0.500,   0.629
202607041606,  -0.044,   0.659,9999.000,9999.000,9999.000,9999.000,9999.000,9999.000,9999.000
202607041612,  -0.013,   0.760,9999.000,9999.000,9999.000,9999.000,9999.000,9999.000,9999.000
202607041618,   0.022,   0.810,9999.000,9999.000,9999.000,9999.000,9999.000,9999.000,9999.000
202607041624,   0.063,   0.770,9999.000,9999.000,9999.000,9999.000,9999.000,9999.000,9999.000
202607041630,   0.109,   0.770,9999.000,9999.000,9999.000,9999.000,9999.000,9999.000,9999.000
202607041636,   0.160,   0.879,9999.000,9999.000,9999.000,9999.000,9999.000,9999.000,9999.000
202607041642,   0.215,   1.000,9999.000,9999.000,9999.000,9999.000,9999.000,9999.000,9999.000
202607041648,   0.274,   1.098,9999.000,9999.000,9999.000,9999.000,9999.000,9999.000,9999.000
202607041654,   0.338,   1.190,9999.000,9999.000,9999.000,9999.000,9999.000,9999.000,9999.000
202607041700,   0.406,   1.239,   0.400,   0.433,   1.239,   0.300,   1.139,   0.400,   1.239
202607041706,   0.478,   1.249,9999.000,9999.000,9999.000,9999.000,9999.000,9999.000,9999.000
202607041712,   0.554,   1.210,9999.000,9999.000,9999.000,9999.000,9999.000,9999.000,9999.000
202607041718,   0.633,   1.259,9999.000,9999.000,9999.000,9999.000,9999.000,9999.000,9999.000
202607041724,   0.716,   1.298,9999.000,9999.000,9999.000,9999.000,9999.000,9999.000,9999.000
202607041730,   0.802,   1.410,9999.000,9999.000,9999.000,9999.000,9999.000,9999.000,9999.000
202607041736,   0.891,   1.548,9999.000,9999.000,9999.000,9999.000,9999.000,9999.000,9999.000
202607041742,   0.982,   1.571,9999.000,9999.000,9999.000,9999.000,9999.000,9999.000,9999.000
202607041748,   1.077,   1.728,9999.000,9999.000,9999.000,9999.000,9999.000,9999.000,9999.000
202607041754,   1.174,   1.869,9999.000,9999.000,9999.000,9999.000,9999.000,9999.000,9999.000
202607041800,   1.273,   2.030,   0.400,   0.357,   2.030,   0.400,   2.030,   0.500,   2.130
202607041806,   1.374,   2.191,9999.000,9999.000,9999.000,9999.000,9999.000,9999.000,9999.000
202607041812,   1.477,   2.269,9999.000,9999.000,9999.000,9999.000,9999.000,9999.000,9999.000
202607041818,   1.581,   2.318,9999.000,9999.000,9999.000,9999.000,9999.000,9999.000,9999.000
202607041824,   1.687,   2.420,9999.000,9999.000,9999.000,9999.000,9999.000,9999.000,9999.000
202607041830,   1.794,   2.440,9999.000,9999.000,9999.000,9999.000,9999.000,9999.000,9999.000
202607041836,   1.902,   2.519,9999.000,9999.000,9999.000,9999.000,9999.000,9999.000,9999.000
202607041842,   2.010,   2.620,9999.000,9999.000,9999.000,9999.000,9999.000,9999.000,9999.000
202607041848,   2.119,   2.719,9999.000,9999.000,9999.000,9999.000,9999.000,9999.000,9999.000
202607041854,   2.228,   2.860,9999.000,9999.000,9999.000,9999.000,9999.000,9999.000,9999.000
202607041900,   2.338,   2.968,   0.500,   0.130,   2.968,   0.500,   2.968,   0.500,   2.968
202607041906,   2.446,   3.030,9999.000,9999.000,9999.000,9999.000,9999.000,9999.000,9999.000
202607041912,   2.555,   3.270,9999.000,9999.000,9999.000,9999.000,9999.000,9999.000,9999.000
202607041918,   2.662,   3.378,9999.000,9999.000,9999.000,9999.000,9999.000,9999.000,9999.000
202607041924,   2.769,   3.417,9999.000,9999.000,9999.000,9999.000,9999.000,9999.000,9999.000
202607041930,   2.874,   3.548,9999.000,9999.000,9999.000,9999.000,9999.000,9999.000,9999.000
202607041936,   2.978,   3.680,9999.000,9999.000,9999.000,9999.000,9999.000,9999.000,9999.000
202607041942,   3.081,   3.808,9999.000,9999.000,9999.000,9999.000,9999.000,9999.000,9999.000
202607041948,   3.182,   3.847,9999.000,9999.000,9999.000,9999.000,9999.000,9999.000,9999.000
202607041954,   3.280,   3.860,9999.000,9999.000,9999.000,9999.000,9999.000,9999.000,9999.000
202607042000,   3.376,   4.008,   0.500,   0.132,   4.008,   0.500,   4.008,   0.600,   4.108
202607042006,   3.470,   4.188,9999.000,9999.000,9999.000,9999.000,9999.000,9999.000,9999.000
202607042012,   3.562,   4.227,9999.000,9999.000,9999.000,9999.000,9999.000,9999.000,9999.000
202607042018,   3.650,   4.290,9999.000,9999.000,9999.000,9999.000,9999.000,9999.000,9999.000
202607042024,   3.736,   4.349,9999.000,9999.000,9999.000,9999.000,9999.000,9999.000,9999.000
202607042030,   3.819,   4.447,9999.000,9999.000,9999.000,9999.000,9999.000,9999.000,9999.000
202607042036,   3.898,   4.569,9999.000,9999.000,9999.000,9999.000,9999.000,9999.000,9999.000
202607042042,   3.974,   4.588,9999.000,9999.000,9999.000,9999.000,9999.000,9999.000,9999.000
202607042048,   4.046,   4.657,9999.000,9999.000,9999.000,9999.000,9999.000,9999.000,9999.000
202607042054,   4.115,   4.739,9999.000,9999.000,9999.000,9999.000,9999.000,9999.000,9999.000
202607042100,   4.180,   4.798,   0.500,   0.118,   4.798,   0.400,   4.698,   0.500,   4.798
202607042106,   4.242,   4.857,9999.000,9999.000,9999.000,9999.000,9999.000,9999.000,9999.000
202607042112,   4.299,   4.887,9999.000,9999.000,9999.000,9999.000,9999.000,9999.000,9999.000
202607042118,   4.353,   4.959,9999.000,9999.000,9999.000,9999.000,9999.000,9999.000,9999.000
202607042124,   4.403,   4.979,9999.000,9999.000,9999.000,9999.000,9999.000,9999.000,9999.000
202607042130,   4.448,   4.988,9999.000,9999.000,9999.000,9999.000,9999.000,9999.000,9999.000
202607042136,   4.490,   5.057,9999.000,9999.000,9999.000,9999.000,9999.000,9999.000,9999.000
202607042142,   4.528,   5.149,9999.000,9999.000,9999.000,9999.000,9999.000,9999.000,9999.000
202607042148,   4.561,   5.169,9999.000,9999.000,9999.000,9999.000,9999.000,9999.000,9999.000
202607042154,   4.591,   5.149,9999.000,9999.000,9999.000,9999.000,9999.000,9999.000,9999.000
202607042200,   4.616,   5.188,   0.500,   0.072,   5.188,   0.400,   5.088,   0.500,   5.188
202607042206,   4.637,   5.218,9999.000,9999.000,9999.000,9999.000,9999.000,9999.000,9999.000
202607042212,   4.655,   5.218,9999.000,9999.000,9999.000,9999.000,9999.000,9999.000,9999.000
202607042218,   4.668,   5.159,9999.000,9999.000,9999.000,9999.000,9999.000,9999.000,9999.000
202607042224,   4.678,   5.159,9999.000,9999.000,9999.000,9999.000,9999.000,9999.000,9999.000
202607042230,   4.683,   5.169,9999.000,9999.000,9999.000,9999.000,9999.000,9999.000,9999.000
202607042236,   4.685,   5.149,9999.000,9999.000,9999.000,9999.000,9999.000,9999.000,9999.000
202607042242,   4.683,   5.139,9999.000,9999.000,9999.000,9999.000,9999.000,9999.000,9999.000
202607042248,   4.678,   5.188,9999.000,9999.000,9999.000,9999.000,9999.000,9999.000,9999.000
202607042254,   4.669,   5.218,9999.000,9999.000,9999.000,9999.000,9999.000,9999.000,9999.000
202607042300,   4.656,   5.149,   0.500,  -0.007,   5.149,   0.500,   5.149,   0.600,   5.249
202607042306,   4.641,   5.149,9999.000,9999.000,9999.000,9999.000,9999.000,9999.000,9999.000
202607042312,   4.622,   5.179,9999.000,9999.000,9999.000,9999.000,9999.000,9999.000,9999.000
202607042318,   4.599,   5.218,9999.000,9999.000,9999.000,9999.000,9999.000,9999.000,9999.000
202607042324,   4.574,   5.139,9999.000,9999.000,9999.000,9999.000,9999.000,9999.000,9999.000
202607042330,   4.546,   5.077,9999.000,9999.000,9999.000,9999.000,9999.000,9999.000,9999.000
202607042336,   4.515,   4.998,9999.000,9999.000,9999.000,9999.000,9999.000,9999.000,9999.000
202607042342,   4.482,   4.979,9999.000,9999.000,9999.000,9999.000,9999.000,9999.000,9999.000
202607042348,   4.446,   4.979,9999.000,9999.000,9999.000,9999.000,9999.000,9999.000,9999.000
202607042354,   4.408,   4.900,9999.000,9999.000,9999.000,9999.000,9999.000,9999.000,9999.000
202607050000,   4.368,   4.837,   0.600,  -0.131,   4.837,   0.600,   4.837,   0.600,   4.837
202607050006,   4.325,   4.739,9999.000,9999.000,9999.000,9999.000,9999.000,9999.000,9999.000
202607050012,   4.281,   4.667,9999.000,9999.000,9999.000,9999.000,9999.000,9999.000,9999.000
202607050018,   4.235,   4.647,9999.000,9999.000,9999.000,9999.000,9999.000,9999.000,9999.000
202607050024,   4.188,   4.628,9999.000,9999.000,9999.000,9999.000,9999.000,9999.000,9999.000
202607050030,   4.139,   4.588,9999.000,9999.000,9999.000,9999.000,9999.000,9999.000,9999.000
202607050036,   4.089,   4.578,9999.000,9999.000,9999.000,9999.000,9999.000,9999.000,9999.000
202607050042,   4.039,   4.539,9999.000,9999.000,9999.000,9999.000,9999.000,9999.000,9999.000
202607050048,   3.987,   4.467,9999.000,9999.000,9999.000,9999.000,9999.000,9999.000,9999.000
202607050054,   3.935,   4.388,9999.000,9999.000,9999.000,9999.000,9999.000,9999.000,9999.000
202607050100,   3.882,   4.290,   0.600,  -0.192,   4.290,   0.500,   4.190,   0.600,   4.290
202607050106,   3.830,   4.290,9999.000,9999.000,9999.000,9999.000,9999.000,9999.000,9999.000
202607050112,   3.777,   4.178,9999.000,9999.000,9999.000,9999.000,9999.000,9999.000,9999.000
202607050118,   3.724,   4.188,9999.000,9999.000,9999.000,9999.000,9999.000,9999.000,9999.000
202607050124,   3.672,   4.090,9999.000,9999.000,9999.000,9999.000,9999.000,9999.000,9999.000
202607050130,   3.620,   3.988,9999.000,9999.000,9999.000,9999.000,9999.000,9999.000,9999.000
202607050136,   3.569,   3.929,9999.000,9999.000,9999.000,9999.000,9999.000,9999.000,9999.000
202607050142,   3.519,   3.899,9999.000,9999.000,9999.000,9999.000,9999.000,9999.000,9999.000
202607050148,   3.471,   3.870,9999.000,9999.000,9999.000,9999.000,9999.000,9999.000,9999.000
202607050154,   3.423,   3.817,9999.000,9999.000,9999.000,9999.000,9999.000,9999.000,9999.000
202607050200,   3.377,   3.817,   0.600,  -0.160,   3.817,   0.500,   3.717,   0.600,   3.817
202607050206,   3.332,   3.778,9999.000,9999.000,9999.000,9999.000,9999.000,9999.000,9999.000
202607050212,   3.290,   3.768,9999.000,9999.000,9999.000,9999.000,9999.000,9999.000,9999.000
202607050218,   3.249,   3.670,9999.000,9999.000,9999.000,9999.000,9999.000,9999.000,9999.000
202607050224,   3.210,   3.548,9999.000,9999.000,9999.000,9999.000,9999.000,9999.000,9999.000
202607050230,   3.174,   3.480,9999.000,9999.000,9999.000,9999.000,9999.000,9999.000,9999.000
202607050236,   3.140,   3.460,9999.000,9999.000,9999.000,9999.000,9999.000,9999.000,9999.000
202607050242,   3.108,   3.489,9999.000,9999.000,9999.000,9999.000,9999.000,9999.000,9999.000
202607050248,   3.079,   3.470,9999.000,9999.000,9999.000,9999.000,9999.000,9999.000,9999.000
202607050254,   3.053,   3.460,9999.000,9999.000,9999.000,9999.000,9999.000,9999.000,9999.000
202607050300,   3.030,   3.440,   0.600,  -0.190,   3.440,   0.600,   3.440,   0.600,   3.440
202607050306,   3.009,   3.440,9999.000,9999.000,9999.000,9999.000,9999.000,9999.000,9999.000
202607050312,   2.991,   3.440,9999.000,9999.000,9999.000,9999.000,9999.000,9999.000,9999.000
202607050318,   2.976,   3.460,9999.000,9999.000,9999.000,9999.000,9999.000,9999.000,9999.000
202607050324,   2.964,   3.539,9999.000,9999.000,9999.000,9999.000,9999.000,9999.000,9999.000
202607050330,   2.956,   3.489,9999.000,9999.000,9999.000,9999.000,9999.000,9999.000,9999.000
202607050336,   2.950,   3.358,9999.000,9999.000,9999.000,9999.000,9999.000,9999.000,9999.000
202607050342,   2.947,   3.279,9999.000,9999.000,9999.000,9999.000,9999.000,9999.000,9999.000
202607050348,   2.948,   3.289,9999.000,9999.000,9999.000,9999.000,9999.000,9999.000,9999.000
202607050354,   2.951,   3.407,9999.000,9999.000,9999.000,9999.000,9999.000,9999.000,9999.000
202607050400,   2.958,   3.358,   0.600,  -0.200,   3.358,   0.600,   3.358,   0.700,   3.458
202607050406,   2.967,   3.309,9999.000,9999.000,9999.000,9999.000,9999.000,9999.000,9999.000
202607050412,   2.980,   3.348,9999.000,9999.000,9999.000,9999.000,9999.000,9999.000,9999.000
202607050418,   2.995,   3.470,9999.000,9999.000,9999.000,9999.000,9999.000,9999.000,9999.000
202607050424,   3.014,   3.548,9999.000,9999.000,9999.000,9999.000,9999.000,9999.000,9999.000
202607050430,   3.035,   3.529,9999.000,9999.000,9999.000,9999.000,9999.000,9999.000,9999.000
202607050436,   3.059,   3.470,9999.000,9999.000,9999.000,9999.000,9999.000,9999.000,9999.000
202607050442,   3.086,   3.499,9999.000,9999.000,9999.000,9999.000,9999.000,9999.000,9999.000
202607050448,   3.115,   3.450,9999.000,9999.000,9999.000,9999.000,9999.000,9999.000,9999.000
202607050454,   3.146,   3.440,9999.000,9999.000,9999.000,9999.000,9999.000,9999.000,9999.000
202607050500,   3.181,   3.548,   0.600,  -0.233,   3.548,   0.500,   3.448,   0.600,   3.548
202607050506,   3.217,   3.650,9999.000,9999.000,9999.000,9999.000,9999.000,9999.000,9999.000
202607050512,   3.255,   3.617,9999.000,9999.000,9999.000,9999.000,9999.000,9999.000,9999.000
202607050518,   3.296,   3.670,9999.000,9999.000,9999.000,9999.000,9999.000,9999.000,9999.000
202607050524,   3.339,   3.778,9999.000,9999.000,9999.000,9999.000,9999.000,9999.000,9999.000
202607050530,   3.383,   3.860,9999.000,9999.000,9999.000,9999.000,9999.000,9999.000,9999.000
202607050536,   3.429,   3.899,9999.000,9999.000,9999.000,9999.000,9999.000,9999.000,9999.000
202607050542,   3.476,   3.929,9999.000,9999.000,9999.000,9999.000,9999.000,9999.000,9999.000
202607050548,   3.525,   3.929,9999.000,9999.000,9999.000,9999.000,9999.000,9999.000,9999.000
202607050554,   3.576,   3.949,9999.000,9999.000,9999.000,9999.000,9999.000,9999.000,9999.000
202607050600,   3.627,   4.070,   0.500,  -0.057,   4.070,   0.500,   4.070,   0.600,   4.170
202607050606,   3.679,   4.057,9999.000,9999.000,9999.000,9999.000,9999.000,9999.000,9999.000
202607050612,   3.732,   4.178,9999.000,9999.000,9999.000,9999.000,9999.000,9999.000,9999.000
202607050618,   3.786,   4.139,9999.000,9999.000,9999.000,9999.000,9999.000,9999.000,9999.000
202607050624,   3.840,   4.218,9999.000,9999.000,9999.000,9999.000,9999.000,9999.000,9999.000
202607050630,   3.894,   4.280,9999.000,9999.000,9999.000,9999.000,9999.000,9999.000,9999.000
202607050636,   3.949,   4.280,9999.000,9999.000,9999.000,9999.000,9999.000,9999.000,9999.000
202607050642,   4.003,   4.418,9999.000,9999.000,9999.000,9999.000,9999.000,9999.000,9999.000
202607050648,   4.057,   4.408,9999.000,9999.000,9999.000,9999.000,9999.000,9999.000,9999.000
202607050654,   4.111,   4.480,9999.000,9999.000,9999.000,9999.000,9999.000,9999.000,9999.000
202607050700,   4.164,   4.519,   0.600,  -0.245,   4.519,   0.500,   4.419,   0.600,   4.519
202607050706,   4.216,   4.539,9999.000,9999.000,9999.000,9999.000,9999.000,9999.000,9999.000
202607050712,   4.267,   4.637,9999.000,9999.000,9999.000,9999.000,9999.000,9999.000,9999.000
202607050718,   4.317,   4.759,9999.000,9999.000,9999.000,9999.000,9999.000,9999.000,9999.000
202607050724,   4.365,   4.749,9999.000,9999.000,9999.000,9999.000,9999.000,9999.000,9999.000
202607050730,   4.412,   4.788,9999.000,9999.000,9999.000,9999.000,9999.000,9999.000,9999.000
202607050736,   4.458,   4.867,9999.000,9999.000,9999.000,9999.000,9999.000,9999.000,9999.000
202607050742,   4.501,   4.949,9999.000,9999.000,9999.000,9999.000,9999.000,9999.000,9999.000
202607050748,   4.542,   4.988,9999.000,9999.000,9999.000,9999.000,9999.000,9999.000,9999.000
202607050754,   4.581,   4.988,9999.000,9999.000,9999.000,9999.000,9999.000,9999.000,9999.000
202607050800,   4.618,   5.047,   0.600,  -0.171,   5.047,   0.500,   4.947,   0.600,   5.047
202607050806,   4.652,   5.047,9999.000,9999.000,9999.000,9999.000,9999.000,9999.000,9999.000
202607050812,   4.683,   5.067,9999.000,9999.000,9999.000,9999.000,9999.000,9999.000,9999.000
202607050818,   4.712,   5.129,9999.000,9999.000,9999.000,9999.000,9999.000,9999.000,9999.000
202607050824,   4.737,   5.129,9999.000,9999.000,9999.000,9999.000,9999.000,9999.000,9999.000
202607050830,   4.759,   5.238,9999.000,9999.000,9999.000,9999.000,9999.000,9999.000,9999.000
202607050836,   4.778,   5.218,9999.000,9999.000,9999.000,9999.000,9999.000,9999.000,9999.000
202607050842,   4.794,   5.120,9999.000,9999.000,9999.000,9999.000,9999.000,9999.000,9999.000
202607050848,   4.806,   5.129,9999.000,9999.000,9999.000,9999.000,9999.000,9999.000,9999.000
202607050854,   4.815,   5.198,9999.000,9999.000,9999.000,9999.000,9999.000,9999.000,9999.000
202607050900,   4.820,   5.198,   0.600,  -0.222,   5.198,   0.500,   5.098,   0.700,   5.298
202607050906,   4.821,   5.198,9999.000,9999.000,9999.000,9999.000,9999.000,9999.000,9999.000
202607050912,   4.818,   5.198,9999.000,9999.000,9999.000,9999.000,9999.000,9999.000,9999.000
202607050918,   4.812,   5.329,9999.000,9999.000,9999.000,9999.000,9999.000,9999.000,9999.000
202607050924,   4.802,   5.339,9999.000,9999.000,9999.000,9999.000,9999.000,9999.000,9999.000
202607050930,   4.787,   5.307,9999.000,9999.000,9999.000,9999.000,9999.000,9999.000,9999.000
202607050936,   4.769,   5.267,9999.000,9999.000,9999.000,9999.000,9999.000,9999.000,9999.000
202607050942,   4.747,   5.307,9999.000,9999.000,9999.000,9999.000,9999.000,9999.000,9999.000
202607050948,   4.721,   5.277,9999.000,9999.000,9999.000,9999.000,9999.000,9999.000,9999.000
202607050954,   4.692,   5.169,9999.000,9999.000,9999.000,9999.000,9999.000,9999.000,9999.000
202607051000,   4.658,   5.077,   0.500,  -0.081,   5.077,   0.500,   5.077,   0.600,   5.177
202607051006,   4.620,   5.129,9999.000,9999.000,9999.000,9999.000,9999.000,9999.000,9999.000
202607051012,   4.579,   5.110,9999.000,9999.000,9999.000,9999.000,9999.000,9999.000,9999.000
202607051018,   4.534,   4.910,9999.000,9999.000,9999.000,9999.000,9999.000,9999.000,9999.000
202607051024,   4.485,   4.910,9999.000,9999.000,9999.000,9999.000,9999.000,9999.000,9999.000
202607051030,   4.432,   4.929,9999.000,9999.000,9999.000,9999.000,9999.000,9999.000,9999.000
202607051036,   4.376,   4.959,9999.000,9999.000,9999.000,9999.000,9999.000,9999.000,9999.000
202607051042,   4.316,   4.900,9999.000,9999.000,9999.000,9999.000,9999.000,9999.000,9999.000
202607051048,   4.253,   4.778,9999.000,9999.000,9999.000,9999.000,9999.000,9999.000,9999.000
202607051054,   4.187,   4.808,9999.000,9999.000,9999.000,9999.000,9999.000,9999.000,9999.000
202607051100,   4.117,   4.739,   0.600,   0.022,   4.739,   0.600,   4.739,   0.700,   4.839
202607051106,   4.044,   4.588,9999.000,9999.000,9999.000,9999.000,9999.000,9999.000,9999.000
202607051112,   3.969,   4.559,9999.000,9999.000,9999.000,9999.000,9999.000,9999.000,9999.000
202607051118,   3.890,   4.509,9999.000,9999.000,9999.000,9999.000,9999.000,9999.000,9999.000
202607051124,   3.809,   4.457,9999.000,9999.000,9999.000,9999.000,9999.000,9999.000,9999.000
202607051130,   3.725,   4.368,9999.000,9999.000,9999.000,9999.000,9999.000,9999.000,9999.000
202607051136,   3.638,   4.309,9999.000,9999.000,9999.000,9999.000,9999.000,9999.000,9999.000
202607051142,   3.550,   4.119,9999.000,9999.000,9999.000,9999.000,9999.000,9999.000,9999.000
202607051148,   3.459,   4.017,9999.000,9999.000,9999.000,9999.000,9999.000,9999.000,9999.000
202607051154,   3.366,   3.939,9999.000,9999.000,9999.000,9999.000,9999.000,9999.000,9999.000
202607051200,   3.271,   3.847,   0.500,   0.076,   3.847,   0.400,   3.747,   0.500,   3.847
202607051206,   3.175,   3.788,9999.000,9999.000,9999.000,9999.000,9999.000,9999.000,9999.000
202607051212,   3.077,   3.709,9999.000,9999.000,9999.000,9999.000,9999.000,9999.000,9999.000
202607051218,   2.978,   3.499,9999.000,9999.000,9999.000,9999.000,9999.000,9999.000,9999.000
202607051224,   2.878,   3.368,9999.000,9999.000,9999.000,9999.000,9999.000,9999.000,9999.000
202607051230,   2.777,   3.398,9999.000,9999.000,9999.000,9999.000,9999.000,9999.000,9999.000
202607051236,   2.675,   3.329,9999.000,9999.000,9999.000,9999.000,9999.000,9999.000,9999.000
202607051242,   2.573,   3.279,9999.000,9999.000,9999.000,9999.000,9999.000,9999.000,9999.000
202607051248,   2.470,   3.079,9999.000,9999.000,9999.000,9999.000,9999.000,9999.000,9999.000
202607051254,   2.368,   2.879,9999.000,9999.000,9999.000,9999.000,9999.000,9999.000,9999.000
202607051300,   2.265,   2.879,   0.500,   0.114,   2.879,   0.400,   2.779,   0.500,   2.879
202607051306,   2.163,   2.860,9999.000,9999.000,9999.000,9999.000,9999.000,9999.000,9999.000
202607051312,   2.062,   2.689,9999.000,9999.000,9999.000,9999.000,9999.000,9999.000,9999.000
202607051318,   1.962,   2.578,9999.000,9999.000,9999.000,9999.000,9999.000,9999.000,9999.000
202607051324,   1.862,   2.558,9999.000,9999.000,9999.000,9999.000,9999.000,9999.000,9999.000
202607051330,   1.764,   2.440,9999.000,9999.000,9999.000,9999.000,9999.000,9999.000,9999.000
202607051336,   1.667,   2.338,9999.000,9999.000,9999.000,9999.000,9999.000,9999.000,9999.000
202607051342,   1.572,   2.220,9999.000,9999.000,9999.000,9999.000,9999.000,9999.000,9999.000
202607051348,   1.479,   2.109,9999.000,9999.000,9999.000,9999.000,9999.000,9999.000,9999.000
202607051354,   1.389,   2.059,9999.000,9999.000,9999.000,9999.000,9999.000,9999.000,9999.000
202607051400,   1.300,   1.908,   0.500,   0.108,   1.908,   0.400,   1.808,   0.500,   1.908
202607051406,   1.215,   1.708,9999.000,9999.000,9999.000,9999.000,9999.000,9999.000,9999.000
202607051412,   1.132,   1.708,9999.000,9999.000,9999.000,9999.000,9999.000,9999.000,9999.000
202607051418,   1.052,   1.679,9999.000,9999.000,9999.000,9999.000,9999.000,9999.000,9999.000
202607051424,   0.975,   1.669,9999.000,9999.000,9999.000,9999.000,9999.000,9999.000,9999.000
202607051430,   0.902,   1.538,9999.000,9999.000,9999.000,9999.000,9999.000,9999.000,9999.000
202607051436,   0.832,   1.498,9999.000,9999.000,9999.000,9999.000,9999.000,9999.000,9999.000
202607051442,   0.766,   1.449,9999.000,9999.000,9999.000,9999.000,9999.000,9999.000,9999.000
202607051448,   0.704,   1.400,9999.000,9999.000,9999.000,9999.000,9999.000,9999.000,9999.000
202607051454,   0.646,   1.361,9999.000,9999.000,9999.000,9999.000,9999.000,9999.000,9999.000
202607051500,   0.591,   1.289,   0.400,   0.298,   1.289,   0.400,   1.289,   0.500,   1.389
202607051506,   0.542,   1.200,9999.000,9999.000,9999.000,9999.000,9999.000,9999.000,9999.000
202607051512,   0.496,   1.138,9999.000,9999.000,9999.000,9999.000,9999.000,9999.000,9999.000
202607051518,   0.455,   1.059,9999.000,9999.000,9999.000,9999.000,9999.000,9999.000,9999.000
202607051524,   0.419,   1.069,9999.000,9999.000,9999.000,9999.000,9999.000,9999.000,9999.000
202607051530,   0.388,   0.990,9999.000,9999.000,9999.000,9999.000,9999.000,9999.000,9999.000
202607051536,   0.361,   1.000,9999.000,9999.000,9999.000,9999.000,9999.000,9999.000,9999.000
202607051542,   0.338,   1.098,9999.000,9999.000,9999.000,9999.000,9999.000,9999.000,9999.000
202607051548,   0.321,   1.118,9999.000,9999.000,9999.000,9999.000,9999.000,9999.000,9999.000
202607051554,   0.309,   1.020,9999.000,9999.000,9999.000,9999.000,9999.000,9999.000,9999.000
202607051600,   0.301,   0.928,   0.400,   0.227,   0.928,   0.400,   0.928,   0.400,   0.928
202607051606,   0.298,   0.908,9999.000,9999.000,9999.000,9999.000,9999.000,9999.000,9999.000
202607051612,   0.300,   0.951,9999.000,9999.000,9999.000,9999.000,9999.000,9999.000,9999.000
202607051618,   0.308,   1.029,9999.000,9999.000,9999.000,9999.000,9999.000,9999.000,9999.000
202607051624,   0.319,   0.970,9999.000,9999.000,9999.000,9999.000,9999.000,9999.000,9999.000
202607051630,   0.336,   0.941,9999.000,9999.000,9999.000,9999.000,9999.000,9999.000,9999.000
202607051636,   0.358,   0.961,9999.000,9999.000,9999.000,9999.000,9999.000,9999.000,9999.000
202607051642,   0.384,   0.980,9999.000,9999.000,9999.000,9999.000,9999.000,9999.000,9999.000
202607051648,   0.415,   1.020,9999.000,9999.000,9999.000,9999.000,9999.000,9999.000,9999.000
202607051654,   0.450,   1.170,9999.000,9999.000,9999.000,9999.000,9999.000,9999.000,9999.000
202607051700,   0.490,   1.161,   0.400,   0.271,   1.161,   0.300,   1.061,   0.400,   1.161
202607051706,   0.535,   1.259,9999.000,9999.000,9999.000,9999.000,9999.000,9999.000,9999.000
202607051712,   0.584,   1.239,9999.000,9999.000,9999.000,9999.000,9999.000,9999.000,9999.000
202607051718,   0.637,   1.220,9999.000,9999.000,9999.000,9999.000,9999.000,9999.000,9999.000
202607051724,   0.694,   1.279,9999.000,9999.000,9999.000,9999.000,9999.000,9999.000,9999.000
202607051730,   0.755,   1.318,9999.000,9999.000,9999.000,9999.000,9999.000,9999.000,9999.000
202607051736,   0.821,   1.410,9999.000,9999.000,9999.000,9999.000,9999.000,9999.000,9999.000
202607051742,   0.890,   1.571,9999.000,9999.000,9999.000,9999.000,9999.000,9999.000,9999.000
202607051748,   0.962,   1.571,9999.000,9999.000,9999.000,9999.000,9999.000,9999.000,9999.000
202607051754,   1.038,   1.620,9999.000,9999.000,9999.000,9999.000,9999.000,9999.000,9999.000
202607051800,   1.117,   1.748,   0.400,   0.231,   1.748,   0.300,   1.648,   0.400,   1.748
202607051806,   1.200,   1.820,9999.000,9999.000,9999.000,9999.000,9999.000,9999.000,9999.000
202607051812,   1.285,   2.069,9999.000,9999.000,9999.000,9999.000,9999.000,9999.000,9999.000
202607051818,   1.373,   2.118,9999.000,9999.000,9999.000,9999.000,9999.000,9999.000,9999.000
202607051824,   1.464,   2.049,9999.000,9999.000,9999.000,9999.000,9999.000,9999.000,9999.000
202607051830,   1.557,   2.138,9999.000,9999.000,9999.000,9999.000,9999.000,9999.000,9999.000
202607051836,   1.653,   2.250,9999.000,9999.000,9999.000,9999.000,9999.000,9999.000,9999.000
202607051842,   1.750,   2.358,9999.000,9999.000,9999.000,9999.000,9999.000,9999.000,9999.000
202607051848,   1.849,   2.450,9999.000,9999.000,9999.000,9999.000,9999.000,9999.000,9999.000
202607051854,   1.950,   2.499,9999.000,9999.000,9999.000,9999.000,9999.000,9999.000,9999.000
202607051900,   2.052,   2.679,   0.400,   0.227,   2.679,   0.400,   2.679,   0.400,   2.679
202607051906,   2.155,   2.787,9999.000,9999.000,9999.000,9999.000,9999.000,9999.000,9999.000
202607051912,   2.260,   2.879,9999.000,9999.000,9999.000,9999.000,9999.000,9999.000,9999.000
202607051918,   2.364,   2.919,9999.000,9999.000,9999.000,9999.000,9999.000,9999.000,9999.000
202607051924,   2.470,   3.099,9999.000,9999.000,9999.000,9999.000,9999.000,9999.000,9999.000
202607051930,   2.575,   3.178,9999.000,9999.000,9999.000,9999.000,9999.000,9999.000,9999.000
202607051936,   2.680,   3.240,9999.000,9999.000,9999.000,9999.000,9999.000,9999.000,9999.000
202607051942,   2.786,   3.309,9999.000,9999.000,9999.000,9999.000,9999.000,9999.000,9999.000
202607051948,   2.890,   3.427,9999.000,9999.000,9999.000,9999.000,9999.000,9999.000,9999.000
202607051954,   2.994,   3.627,9999.000,9999.000,9999.000,9999.000,9999.000,9999.000,9999.000
202607052000,   3.097,   3.758,   0.400,   0.261,   3.758,   0.400,   3.758,   0.500,   3.858
202607052006,   3.199,   3.778,9999.000,9999.000,9999.000,9999.000,9999.000,9999.000,9999.000
202607052012,   3.299,   3.880,9999.000,9999.000,9999.000,9999.000,9999.000,9999.000,9999.000
202607052018,   3.398,   3.978,9999.000,9999.000,9999.000,9999.000,9999.000,9999.000,9999.000
202607052024,   3.495,   4.109,9999.000,9999.000,9999.000,9999.000,9999.000,9999.000,9999.000
202607052030,   3.590,   4.188,9999.000,9999.000,9999.000,9999.000,9999.000,9999.000,9999.000
202607052036,   3.683,   4.237,9999.000,9999.000,9999.000,9999.000,9999.000,9999.000,9999.000
202607052042,   3.774,   4.267,9999.000,9999.000,9999.000,9999.000,9999.000,9999.000,9999.000
202607052048,   3.862,   4.309,9999.000,9999.000,9999.000,9999.000,9999.000,9999.000,9999.000
202607052054,   3.947,   4.427,9999.000,9999.000,9999.000,9999.000,9999.000,9999.000,9999.000
202607052100,   4.030,   4.569,   0.400,   0.139,   4.569,   0.300,   4.469,   0.500,   4.669
202607052106,   4.109,   4.628,9999.000,9999.000,9999.000,9999.000,9999.000,9999.000,9999.000
202607052112,   4.185,   4.759,9999.000,9999.000,9999.000,9999.000,9999.000,9999.000,9999.000
202607052118,   4.258,   4.818,9999.000,9999.000,9999.000,9999.000,9999.000,9999.000,9999.000
202607052124,   4.328,   4.887,9999.000,9999.000,9999.000,9999.000,9999.000,9999.000,9999.000
202607052130,   4.394,   4.949,9999.000,9999.000,9999.000,9999.000,9999.000,9999.000,9999.000
202607052136,   4.457,   4.910,9999.000,9999.000,9999.000,9999.000,9999.000,9999.000,9999.000
202607052142,   4.515,   4.900,9999.000,9999.000,9999.000,9999.000,9999.000,9999.000,9999.000
202607052148,   4.570,   4.979,9999.000,9999.000,9999.000,9999.000,9999.000,9999.000,9999.000
202607052154,   4.622,   5.169,9999.000,9999.000,9999.000,9999.000,9999.000,9999.000,9999.000
202607052200,   4.669,   5.208,   0.400,   0.139,   5.208,   0.300,   5.108,   0.400,   5.208
202607052206,   4.712,   5.247,9999.000,9999.000,9999.000,9999.000,9999.000,9999.000,9999.000
202607052212,   4.752,   5.228,9999.000,9999.000,9999.000,9999.000,9999.000,9999.000,9999.000
202607052218,   4.787,   5.267,9999.000,9999.000,9999.000,9999.000,9999.000,9999.000,9999.000
202607052224,   4.818,   5.369,9999.000,9999.000,9999.000,9999.000,9999.000,9999.000,9999.000
202607052230,   4.846,   5.398,9999.000,9999.000,9999.000,9999.000,9999.000,9999.000,9999.000
202607052236,   4.869,   5.408,9999.000,9999.000,9999.000,9999.000,9999.000,9999.000,9999.000
202607052242,   4.888,   5.438,9999.000,9999.000,9999.000,9999.000,9999.000,9999.000,9999.000
202607052248,   4.903,   5.359,9999.000,9999.000,9999.000,9999.000,9999.000,9999.000,9999.000
202607052254,   4.914,   5.307,9999.000,9999.000,9999.000,9999.000,9999.000,9999.000,9999.000
202607052300,   4.921,   5.339,   0.400,   0.018,   5.339,   0.400,   5.339,   0.400,   5.339
202607052306,   4.924,   5.349,9999.000,9999.000,9999.000,9999.000,9999.000,9999.000,9999.000
202607052312,   4.923,   5.398,9999.000,9999.000,9999.000,9999.000,9999.000,9999.000,9999.000
202607052318,   4.918,   5.438,9999.000,9999.000,9999.000,9999.000,9999.000,9999.000,9999.000
202607052324,   4.910,   5.418,9999.000,9999.000,9999.000,9999.000,9999.000,9999.000,9999.000
202607052330,   4.897,   5.408,9999.000,9999.000,9999.000,9999.000,9999.000,9999.000,9999.000
202607052336,   4.881,   5.379,9999.000,9999.000,9999.000,9999.000,9999.000,9999.000,9999.000
202607052342,   4.862,   5.287,9999.000,9999.000,9999.000,9999.000,9999.000,9999.000,9999.000
202607052348,   4.839,   5.247,9999.000,9999.000,9999.000,9999.000,9999.000,9999.000,9999.000
202607052354,   4.812,   5.208,9999.000,9999.000,9999.000,9999.000,9999.000,9999.000,9999.000
202607060000,   4.782,   5.179,   0.500,  -0.103,   5.179,   0.400,   5.079,   0.500,   5.179
202607060006,   4.749,   5.179,9999.000,9999.000,9999.000,9999.000,9999.000,9999.000,9999.000
202607060012,   4.713,   5.159,9999.000,9999.000,9999.000,9999.000,9999.000,9999.000,9999.000
202607060018,   4.674,   5.057,9999.000,9999.000,9999.000,9999.000,9999.000,9999.000,9999.000
202607060024,   4.633,   5.057,9999.000,9999.000,9999.000,9999.000,9999.000,9999.000,9999.000
202607060030,   4.588,   5.018,9999.000,9999.000,9999.000,9999.000,9999.000,9999.000,9999.000
202607060036,   4.541,   5.047,9999.000,9999.000,9999.000,9999.000,9999.000,9999.000,9999.000
202607060042,   4.492,   5.008,9999.000,9999.000,9999.000,9999.000,9999.000,9999.000,9999.000
202607060048,   4.441,   4.929,9999.000,9999.000,9999.000,9999.000,9999.000,9999.000,9999.000
202607060054,   4.387,   4.929,9999.000,9999.000,9999.000,9999.000,9999.000,9999.000,9999.000
202607060100,   4.332,   4.808,   0.400,   0.076,   4.808,   0.400,   4.808,   0.500,   4.908
202607060106,   4.275,   4.719,9999.000,9999.000,9999.000,9999.000,9999.000,9999.000,9999.000
202607060112,   4.217,   4.647,9999.000,9999.000,9999.000,9999.000,9999.000,9999.000,9999.000
202607060118,   4.157,   4.647,9999.000,9999.000,9999.000,9999.000,9999.000,9999.000,9999.000
202607060124,   4.096,   4.539,9999.000,9999.000,9999.000,9999.000,9999.000,9999.000,9999.000
202607060130,   4.035,   4.500,9999.000,9999.000,9999.000,9999.000,9999.000,9999.000,9999.000
202607060136,   3.972,   4.447,9999.000,9999.000,9999.000,9999.000,9999.000,9999.000,9999.000
202607060142,   3.910,   4.359,9999.000,9999.000,9999.000,9999.000,9999.000,9999.000,9999.000
202607060148,   3.847,   4.257,9999.000,9999.000,9999.000,9999.000,9999.000,9999.000,9999.000
202607060154,   3.783,   4.227,9999.000,9999.000,9999.000,9999.000,9999.000,9999.000,9999.000
202607060200,   3.720,   4.099,   0.500,  -0.121,   4.099,   0.400,   3.999,   0.500,   4.099
202607060206,   3.658,   4.037,9999.000,9999.000,9999.000,9999.000,9999.000,9999.000,9999.000
202607060212,   3.595,   3.958,9999.000,9999.000,9999.000,9999.000,9999.000,9999.000,9999.000
202607060218,   3.534,   3.880,9999.000,9999.000,9999.000,9999.000,9999.000,9999.000,9999.000
202607060224,   3.473,   3.890,9999.000,9999.000,9999.000,9999.000,9999.000,9999.000,9999.000
202607060230,   3.413,   3.860,9999.000,9999.000,9999.000,9999.000,9999.000,9999.000,9999.000
202607060236,   3.355,   3.749,9999.000,9999.000,9999.000,9999.000,9999.000,9999.000,9999.000
202607060242,   3.298,   3.758,9999.000,9999.000,9999.000,9999.000,9999.000,9999.000,9999.000
202607060248,   3.242,   3.739,9999.000,9999.000,9999.000,9999.000,9999.000,9999.000,9999.000
202607060254,   3.188,   3.660,9999.000,9999.000,9999.000,9999.000,9999.000,9999.000,9999.000
202607060300,   3.136,   3.627,   0.500,  -0.009,   3.627,   0.500,   3.627,   0.500,   3.627
202607060306,   3.086,   3.588,9999.000,9999.000,9999.000,9999.000,9999.000,9999.000,9999.000
202607060312,   3.038,   3.519,9999.000,9999.000,9999.000,9999.000,9999.000,9999.000,9999.000
202607060318,   2.992,   3.460,9999.000,9999.000,9999.000,9999.000,9999.000,9999.000,9999.000
202607060324,   2.949,   3.470,9999.000,9999.000,9999.000,9999.000,9999.000,9999.000,9999.000
202607060330,   2.908,   3.368,9999.000,9999.000,9999.000,9999.000,9999.000,9999.000,9999.000
202607060336,   2.869,   3.339,9999.000,9999.000,9999.000,9999.000,9999.000,9999.000,9999.000
202607060342,   2.833,   3.250,9999.000,9999.000,9999.000,9999.000,9999.000,9999.000,9999.000
202607060348,   2.800,   3.240,9999.000,9999.000,9999.000,9999.000,9999.000,9999.000,9999.000
202607060354,   2.770,   3.207,9999.000,9999.000,9999.000,9999.000,9999.000,9999.000,9999.000
202607060400,   2.742,   3.270,   0.500,   0.028,   3.270,   0.500,   3.270,   0.500,   3.270
202607060406,   2.717,   3.207,9999.000,9999.000,9999.000,9999.000,9999.000,9999.000,9999.000
202607060412,   2.695,   3.178,9999.000,9999.000,9999.000,9999.000,9999.000,9999.000,9999.000
202607060418,   2.676,   3.109,9999.000,9999.000,9999.000,9999.000,9999.000,9999.000,9999.000
202607060424,   2.660,   3.070,9999.000,9999.000,9999.000,9999.000,9999.000,9999.000,9999.000
202607060430,   2.647,   3.079,9999.000,9999.000,9999.000,9999.000,9999.000,9999.000,9999.000
202607060436,   2.637,   3.148,9999.000,9999.000,9999.000,9999.000,9999.000,9999.000,9999.000
202607060442,   2.631,   3.158,9999.000,9999.000,9999.000,9999.000,9999.000,9999.000,9999.000
202607060448,   2.627,   3.099,9999.000,9999.000,9999.000,9999.000,9999.000,9999.000,9999.000
202607060454,   2.626,   3.050,9999.000,9999.000,9999.000,9999.000,9999.000,9999.000,9999.000
202607060500,   2.628,   3.079,   0.500,  -0.049,   3.079,   0.400,   2.979,   0.500,   3.079
202607060506,   2.633,   3.158,9999.000,9999.000,9999.000,9999.000,9999.000,9999.000,9999.000
202607060512,   2.641,   3.148,9999.000,9999.000,9999.000,9999.000,9999.000,9999.000,9999.000
202607060518,   2.651,   3.178,9999.000,9999.000,9999.000,9999.000,9999.000,9999.000,9999.000
202607060524,   2.665,   3.197,9999.000,9999.000,9999.000,9999.000,9999.000,9999.000,9999.000
202607060530,   2.681,   3.230,9999.000,9999.000,9999.000,9999.000,9999.000,9999.000,9999.000
202607060536,   2.701,   3.197,9999.000,9999.000,9999.000,9999.000,9999.000,9999.000,9999.000
202607060542,   2.722,   3.207,9999.000,9999.000,9999.000,9999.000,9999.000,9999.000,9999.000
202607060548,   2.747,   3.217,9999.000,9999.000,9999.000,9999.000,9999.000,9999.000,9999.000
202607060554,   2.774,   3.207,9999.000,9999.000,9999.000,9999.000,9999.000,9999.000,9999.000
202607060600,   2.803,   3.168,   0.500,  -0.135,   3.168,   0.400,   3.068,   0.500,   3.168
202607060606,   2.835,   3.240,9999.000,9999.000,9999.000,9999.000,9999.000,9999.000,9999.000
202607060612,   2.868,   3.319,9999.000,9999.000,9999.000,9999.000,9999.000,9999.000,9999.000
202607060618,   2.904,   3.348,9999.000,9999.000,9999.000,9999.000,9999.000,9999.000,9999.000
202607060624,   2.942,   3.417,9999.000,9999.000,9999.000,9999.000,9999.000,9999.000,9999.000
202607060630,   2.982,   3.368,9999.000,9999.000,9999.000,9999.000,9999.000,9999.000,9999.000
202607060636,   3.023,   3.460,9999.000,9999.000,9999.000,9999.000,9999.000,9999.000,9999.000
202607060642,   3.066,   3.578,9999.000,9999.000,9999.000,9999.000,9999.000,9999.000,9999.000
202607060648,   3.110,   3.578,9999.000,9999.000,9999.000,9999.000,9999.000,9999.000,9999.000
202607060654,   3.156,   3.607,9999.000,9999.000,9999.000,9999.000,9999.000,9999.000,9999.000
202607060700,   3.202,   3.650,   0.500,  -0.052,   3.650,   0.500,   3.650,   0.600,   3.750
202607060706,   3.250,   3.699,9999.000,9999.000,9999.000,9999.000,9999.000,9999.000,9999.000
202607060712,   3.298,   3.778,9999.000,9999.000,9999.000,9999.000,9999.000,9999.000,9999.000
202607060718,   3.347,   3.817,9999.000,9999.000,9999.000,9999.000,9999.000,9999.000,9999.000
202607060724,   3.397,   3.899,9999.000,9999.000,9999.000,9999.000,9999.000,9999.000,9999.000
202607060730,   3.447,   3.909,9999.000,9999.000,9999.000,9999.000,9999.000,9999.000,9999.000
202607060736,   3.496,   3.919,9999.000,9999.000,9999.000,9999.000,9999.000,9999.000,9999.000
202607060742,   3.546,   3.949,9999.000,9999.000,9999.000,9999.000,9999.000,9999.000,9999.000
202607060748,   3.595,   4.027,9999.000,9999.000,9999.000,9999.000,9999.000,9999.000,9999.000
202607060754,   3.644,   4.099,9999.000,9999.000,9999.000,9999.000,9999.000,9999.000,9999.000
202607060800,   3.692,   4.188,   0.500,  -0.004,   4.188,   0.500,   4.188,   0.500,   4.188
202607060806,   3.739,   4.129,9999.000,9999.000,9999.000,9999.000,9999.000,9999.000,9999.000
202607060812,   3.786,   4.139,9999.000,9999.000,9999.000,9999.000,9999.000,9999.000,9999.000
202607060818,   3.831,   4.247,9999.000,9999.000,9999.000,9999.000,9999.000,9999.000,9999.000
202607060824,   3.874,   4.309,9999.000,9999.000,9999.000,9999.000,9999.000,9999.000,9999.000
202607060830,   3.917,   4.339,9999.000,9999.000,9999.000,9999.000,9999.000,9999.000,9999.000
202607060836,   3.957,   4.408,9999.000,9999.000,9999.000,9999.000,9999.000,9999.000,9999.000
202607060842,   3.996,   4.500,9999.000,9999.000,9999.000,9999.000,9999.000,9999.000,9999.000
202607060848,   4.033,   4.490,9999.000,9999.000,9999.000,9999.000,9999.000,9999.000,9999.000
202607060854,   4.067,   4.529,9999.000,9999.000,9999.000,9999.000,9999.000,9999.000,9999.000
202607060900,   4.099,   4.539,   0.500,  -0.060,   4.539,   0.500,   4.539,   0.600,   4.639
202607060906,   4.129,   4.628,9999.000,9999.000,9999.000,9999.000,9999.000,9999.000,9999.000
202607060912,   4.157,   4.628,9999.000,9999.000,9999.000,9999.000,9999.000,9999.000,9999.000
202607060918,   4.182,   4.598,9999.000,9999.000,9999.000,9999.000,9999.000,9999.000,9999.000
202607060924,   4.204,   4.618,9999.000,9999.000,9999.000,9999.000,9999.000,9999.000,9999.000
202607060930,   4.223,   4.628,9999.000,9999.000,9999.000,9999.000,9999.000,9999.000,9999.000
202607060936,   4.239,   4.729,9999.000,9999.000,9999.000,9999.000,9999.000,9999.000,9999.000
202607060942,   4.253,   4.710,9999.000,9999.000,9999.000,9999.000,9999.000,9999.000,9999.000
202607060948,   4.263,   4.700,9999.000,9999.000,9999.000,9999.000,9999.000,9999.000,9999.000
202607060954,   4.270,   4.729,9999.000,9999.000,9999.000,9999.000,9999.000,9999.000,9999.000
202607061000,   4.274,   4.769,   0.500,  -0.005,   4.769,   0.500,   4.769,   0.600,   4.869
202607061006,   4.275,   4.759,9999.000,9999.000,9999.000,9999.000,9999.000,9999.000,9999.000
202607061012,   4.272,   4.769,9999.000,9999.000,9999.000,9999.000,9999.000,9999.000,9999.000
202607061018,   4.266,   4.788,9999.000,9999.000,9999.000,9999.000,9999.000,9999.000,9999.000
202607061024,   4.257,   4.749,9999.000,9999.000,9999.000,9999.000,9999.000,9999.000,9999.000
202607061030,   4.245,   4.739,9999.000,9999.000,9999.000,9999.000,9999.000,9999.000,9999.000
202607061036,   4.229,   4.769,9999.000,9999.000,9999.000,9999.000,9999.000,9999.000,9999.000
202607061042,   4.209,   4.808,9999.000,9999.000,9999.000,9999.000,9999.000,9999.000,9999.000
202607061048,   4.187,   4.769,9999.000,9999.000,9999.000,9999.000,9999.000,9999.000,9999.000
202607061054,   4.161,   4.749,9999.000,9999.000,9999.000,9999.000,9999.000,9999.000,9999.000
202607061100,   4.131,   4.667,   0.600,  -0.064,   4.667,   0.500,   4.567,   0.600,   4.667
202607061106,   4.099,   4.628,9999.000,9999.000,9999.000,9999.000,9999.000,9999.000,9999.000
202607061112,   4.063,   4.677,9999.000,9999.000,9999.000,9999.000,9999.000,9999.000,9999.000
202607061118,   4.024,   4.549,9999.000,9999.000,9999.000,9999.000,9999.000,9999.000,9999.000
202607061124,   3.982,   4.467,9999.000,9999.000,9999.000,9999.000,9999.000,9999.000,9999.000
202607061130,   3.936,   4.490,9999.000,9999.000,9999.000,9999.000,9999.000,9999.000,9999.000
202607061136,   3.888,   4.467,9999.000,9999.000,9999.000,9999.000,9999.000,9999.000,9999.000
202607061142,   3.837,   4.388,9999.000,9999.000,9999.000,9999.000,9999.000,9999.000,9999.000
202607061148,   3.782,   4.329,9999.000,9999.000,9999.000,9999.000,9999.000,9999.000,9999.000
202607061154,   3.725,   4.300,9999.000,9999.000,9999.000,9999.000,9999.000,9999.000,9999.000
202607061200,   3.665,   4.257,   0.500,   0.092,   4.257,   0.500,   4.257,   0.500,   4.257
202607061206,   3.603,   4.227,9999.000,9999.000,9999.000,9999.000,9999.000,9999.000,9999.000
202607061212,   3.538,   4.139,9999.000,9999.000,9999.000,9999.000,9999.000,9999.000,9999.000
202607061218,   3.471,   4.047,9999.000,9999.000,9999.000,9999.000,9999.000,9999.000,9999.000
202607061224,   3.401,   3.958,9999.000,9999.000,9999.000,9999.000,9999.000,9999.000,9999.000
202607061230,   3.330,   3.919,9999.000,9999.000,9999.000,9999.000,9999.000,9999.000,9999.000
202607061236,   3.256,   3.909,9999.000,9999.000,9999.000,9999.000,9999.000,9999.000,9999.000
202607061242,   3.181,   3.870,9999.000,9999.000,9999.000,9999.000,9999.000,9999.000,9999.000
202607061248,   3.104,   3.788,9999.000,9999.000,9999.000,9999.000,9999.000,9999.000,9999.000
202607061254,   3.025,   3.670,9999.000,9999.000,9999.000,9999.000,9999.000,9999.000,9999.000
202607061300,   2.945,   3.548,   0.400,   0.203,   3.548,   0.400,   3.548,   0.500,   3.648
202607061306,   2.865,   3.470,9999.000,9999.000,9999.000,9999.000,9999.000,9999.000,9999.000
202607061312,   2.783,   3.348,9999.000,9999.000,9999.000,9999.000,9999.000,9999.000,9999.000
202607061318,   2.700,   3.289,9999.000,9999.000,9999.000,9999.000,9999.000,9999.000,9999.000
202607061324,   2.617,   3.207,9999.000,9999.000,9999.000,9999.000,9999.000,9999.000,9999.000
202607061330,   2.534,   3.119,9999.000,9999.000,9999.000,9999.000,9999.000,9999.000,9999.000
202607061336,   2.450,   2.938,9999.000,9999.000,9999.000,9999.000,9999.000,9999.000,9999.000
202607061342,   2.367,   2.869,9999.000,9999.000,9999.000,9999.000,9999.000,9999.000,9999.000
202607061348,   2.284,   2.938,9999.000,9999.000,9999.000,9999.000,9999.000,9999.000,9999.000
202607061354,   2.201,   2.899,9999.000,9999.000,9999.000,9999.000,9999.000,9999.000,9999.000
202607061400,   2.119,   2.778,   0.400,   0.259,   2.778,   0.400,   2.778,   0.500,   2.878
202607061406,   2.038,   2.669,9999.000,9999.000,9999.000,9999.000,9999.000,9999.000,9999.000
202607061412,   1.958,   2.610,9999.000,9999.000,9999.000,9999.000,9999.000,9999.000,9999.000
202607061418,   1.879,   2.548,9999.000,9999.000,9999.000,9999.000,9999.000,9999.000,9999.000
202607061424,   1.802,   2.469,9999.000,9999.000,9999.000,9999.000,9999.000,9999.000,9999.000
202607061430,   1.726,   2.348,9999.000,9999.000,9999.000,9999.000,9999.000,9999.000,9999.000
202607061436,   1.653,   2.210,9999.000,9999.000,9999.000,9999.000,9999.000,9999.000,9999.000
202607061442,   1.581,   2.168,9999.000,9999.000,9999.000,9999.000,9999.000,9999.000,9999.000
202607061448,   1.512,   2.168,9999.000,9999.000,9999.000,9999.000,9999.000,9999.000,9999.000
202607061454,   1.445,   2.109,9999.000,9999.000,9999.000,9999.000,9999.000,9999.000,9999.000
202607061500,   1.381,   2.089,   0.500,   0.208,   2.089,   0.400,   1.989,   0.500,   2.089
202607061506,   1.320,   1.948,9999.000,9999.000,9999.000,9999.000,9999.000,9999.000,9999.000
202607061512,   1.261,   1.859,9999.000,9999.000,9999.000,9999.000,9999.000,9999.000,9999.000
202607061518,   1.206,   1.830,9999.000,9999.000,9999.000,9999.000,9999.000,9999.000,9999.000
202607061524,   1.153,   1.758,9999.000,9999.000,9999.000,9999.000,9999.000,9999.000,9999.000
202607061530,   1.104,   1.659,9999.000,9999.000,9999.000,9999.000,9999.000,9999.000,9999.000
202607061536,   1.059,   1.610,9999.000,9999.000,9999.000,9999.000,9999.000,9999.000,9999.000
202607061542,   1.017,   1.557,9999.000,9999.000,9999.000,9999.000,9999.000,9999.000,9999.000
202607061548,   0.979,   1.600,9999.000,9999.000,9999.000,9999.000,9999.000,9999.000,9999.000
202607061554,   0.945,   1.528,9999.000,9999.000,9999.000,9999.000,9999.000,9999.000,9999.000
202607061600,   0.914,   1.528,   0.500,   0.114,   1.528,   0.400,   1.428,   0.500,   1.528
202607061606,   0.887,   1.518,9999.000,9999.000,9999.000,9999.000,9999.000,9999.000,9999.000
202607061612,   0.865,   1.489,9999.000,9999.000,9999.000,9999.000,9999.000,9999.000,9999.000
202607061618,   0.846,   1.449,9999.000,9999.000,9999.000,9999.000,9999.000,9999.000,9999.000
202607061624,   0.832,   1.449,9999.000,9999.000,9999.000,9999.000,9999.000,9999.000,9999.000
202607061630,   0.822,   1.410,9999.000,9999.000,9999.000,9999.000,9999.000,9999.000,9999.000
202607061636,   0.816,   1.469,9999.000,9999.000,9999.000,9999.000,9999.000,9999.000,9999.000
202607061642,   0.815,   1.400,9999.000,9999.000,9999.000,9999.000,9999.000,9999.000,9999.000
202607061648,   0.817,   1.371,9999.000,9999.000,9999.000,9999.000,9999.000,9999.000,9999.000
202607061654,   0.824,   1.371,9999.000,9999.000,9999.000,9999.000,9999.000,9999.000,9999.000
202607061700,   0.836,   1.361,   0.400,   0.125,   1.361,   0.400,   1.361,   0.400,   1.361
202607061706,   0.851,   1.410,9999.000,9999.000,9999.000,9999.000,9999.000,9999.000,9999.000
202607061712,   0.871,   1.420,9999.000,9999.000,9999.000,9999.000,9999.000,9999.000,9999.000
202607061718,   0.896,   1.449,9999.000,9999.000,9999.000,9999.000,9999.000,9999.000,9999.000
202607061724,   0.924,   1.449,9999.000,9999.000,9999.000,9999.000,9999.000,9999.000,9999.000
202607061730,   0.957,   1.479,9999.000,9999.000,9999.000,9999.000,9999.000,9999.000,9999.000
202607061736,   0.994,   1.528,9999.000,9999.000,9999.000,9999.000,9999.000,9999.000,9999.000
202607061742,   1.035,   1.630,9999.000,9999.000,9999.000,9999.000,9999.000,9999.000,9999.000
202607061748,   1.080,   1.630,9999.000,9999.000,9999.000,9999.000,9999.000,9999.000,9999.000
202607061754,   1.129,   1.639,9999.000,9999.000,9999.000,9999.000,9999.000,9999.000,9999.000
202607061800,   1.182,   1.781,   0.400,   0.199,   1.781,   0.400,   1.781,   0.500,   1.881
202607061806,   1.239,   1.840,9999.000,9999.000,9999.000,9999.000,9999.000,9999.000,9999.000
202607061812,   1.300,   1.830,9999.000,9999.000,9999.000,9999.000,9999.000,9999.000,9999.000
202607061818,   1.364,   1.889,9999.000,9999.000,9999.000,9999.000,9999.000,9999.000,9999.000
202607061824,   1.431,   1.967,9999.000,9999.000,9999.000,9999.000,9999.000,9999.000,9999.000
202607061830,   1.503,   2.079,9999.000,9999.000,9999.000,9999.000,9999.000,9999.000,9999.000
202607061836,   1.577,   2.158,9999.000,9999.000,9999.000,9999.000,9999.000,9999.000,9999.000
202607061842,   1.654,   2.177,9999.000,9999.000,9999.000,9999.000,9999.000,9999.000,9999.000
202607061848,   1.734,   2.230,9999.000,9999.000,9999.000,9999.000,9999.000,9999.000,9999.000
202607061854,   1.817,   2.338,9999.000,9999.000,9999.000,9999.000,9999.000,9999.000,9999.000
202607061900,   1.903,   2.430,   0.400,   0.127,   2.430,   0.400,   2.430,   0.500,   2.530
202607061906,   1.991,   2.548,9999.000,9999.000,9999.000,9999.000,9999.000,9999.000,9999.000
202607061912,   2.081,   2.630,9999.000,9999.000,9999.000,9999.000,9999.000,9999.000,9999.000
202607061918,   2.173,   2.699,9999.000,9999.000,9999.000,9999.000,9999.000,9999.000,9999.000
202607061924,   2.267,   2.778,9999.000,9999.000,9999.000,9999.000,9999.000,9999.000,9999.000
202607061930,   2.363,   2.787,9999.000,9999.000,9999.000,9999.000,9999.000,9999.000,9999.000
202607061936,   2.459,   2.938,9999.000,9999.000,9999.000,9999.000,9999.000,9999.000,9999.000
202607061942,   2.558,   3.040,9999.000,9999.000,9999.000,9999.000,9999.000,9999.000,9999.000
202607061948,   2.657,   3.168,9999.000,9999.000,9999.000,9999.000,9999.000,9999.000,9999.000
202607061954,   2.756,   3.329,9999.000,9999.000,9999.000,9999.000,9999.000,9999.000,9999.000
202607062000,   2.857,   3.427,   0.400,   0.170,   3.427,   0.400,   3.427,   0.500,   3.527
202607062006,   2.957,   3.529,9999.000,9999.000,9999.000,9999.000,9999.000,9999.000,9999.000
202607062012,   3.058,   3.617,9999.000,9999.000,9999.000,9999.000,9999.000,9999.000,9999.000
202607062018,   3.158,   3.660,9999.000,9999.000,9999.000,9999.000,9999.000,9999.000,9999.000
202607062024,   3.258,   3.798,9999.000,9999.000,9999.000,9999.000,9999.000,9999.000,9999.000
202607062030,   3.358,   3.870,9999.000,9999.000,9999.000,9999.000,9999.000,9999.000,9999.000
202607062036,   3.457,   3.968,9999.000,9999.000,9999.000,9999.000,9999.000,9999.000,9999.000
202607062042,   3.554,   4.047,9999.000,9999.000,9999.000,9999.000,9999.000,9999.000,9999.000
202607062048,   3.651,   4.198,9999.000,9999.000,9999.000,9999.000,9999.000,9999.000,9999.000
202607062054,   3.746,   4.267,9999.000,9999.000,9999.000,9999.000,9999.000,9999.000,9999.000
202607062100,   3.839,   4.339,   0.400,   0.100,   4.339,   0.300,   4.239,   0.400,   4.339
202607062106,   3.931,   4.378,9999.000,9999.000,9999.000,9999.000,9999.000,9999.000,9999.000
202607062112,   4.020,   4.578,9999.000,9999.000,9999.000,9999.000,9999.000,9999.000,9999.000
202607062118,   4.108,   4.719,9999.000,9999.000,9999.000,9999.000,9999.000,9999.000,9999.000
202607062124,   4.193,   4.719,9999.000,9999.000,9999.000,9999.000,9999.000,9999.000,9999.000
202607062130,   4.276,   4.759,9999.000,9999.000,9999.000,9999.000,9999.000,9999.000,9999.000
202607062136,   4.355,   4.808,9999.000,9999.000,9999.000,9999.000,9999.000,9999.000,9999.000
202607062142,   4.433,   4.837,9999.000,9999.000,9999.000,9999.000,9999.000,9999.000,9999.000
202607062148,   4.507,   4.979,9999.000,9999.000,9999.000,9999.000,9999.000,9999.000,9999.000
202607062154,   4.578,   5.038,9999.000,9999.000,9999.000,9999.000,9999.000,9999.000,9999.000
202607062200,   4.645,   5.120,   0.400,   0.075,   5.120,   0.400,   5.120,   0.500,   5.220
202607062206,   4.710,   5.188,9999.000,9999.000,9999.000,9999.000,9999.000,9999.000,9999.000
202607062212,   4.771,   5.218,9999.000,9999.000,9999.000,9999.000,9999.000,9999.000,9999.000
202607062218,   4.828,   5.329,9999.000,9999.000,9999.000,9999.000,9999.000,9999.000,9999.000
202607062224,   4.882,   5.379,9999.000,9999.000,9999.000,9999.000,9999.000,9999.000,9999.000
202607062230,   4.932,   5.418,9999.000,9999.000,9999.000,9999.000,9999.000,9999.000,9999.000
202607062236,   4.978,   5.408,9999.000,9999.000,9999.000,9999.000,9999.000,9999.000,9999.000
202607062242,   5.021,   5.448,9999.000,9999.000,9999.000,9999.000,9999.000,9999.000,9999.000
202607062248,   5.059,   5.467,9999.000,9999.000,9999.000,9999.000,9999.000,9999.000,9999.000
202607062254,   5.093,   5.467,9999.000,9999.000,9999.000,9999.000,9999.000,9999.000,9999.000
202607062300,   5.124,   5.516,   0.400,  -0.008,   5.516,   0.400,   5.516,   0.500,   5.616
202607062306,   5.150,   5.598,9999.000,9999.000,9999.000,9999.000,9999.000,9999.000,9999.000
202607062312,   5.172,   5.598,9999.000,9999.000,9999.000,9999.000,9999.000,9999.000,9999.000
202607062318,   5.189,   5.549,9999.000,9999.000,9999.000,9999.000,9999.000,9999.000,9999.000
202607062324,   5.203,   5.589,9999.000,9999.000,9999.000,9999.000,9999.000,9999.000,9999.000
202607062330,   5.212,   5.608,9999.000,9999.000,9999.000,9999.000,9999.000,9999.000,9999.000
202607062336,   5.218,   5.648,9999.000,9999.000,9999.000,9999.000,9999.000,9999.000,9999.000
202607062342,   5.219,   5.598,9999.000,9999.000,9999.000,9999.000,9999.000,9999.000,9999.000
202607062348,   5.215,   5.598,9999.000,9999.000,9999.000,9999.000,9999.000,9999.000,9999.000
202607062354,   5.208,   5.589,9999.000,9999.000,9999.000,9999.000,9999.000,9999.000,9999.000
202607070000,   5.196,   5.530,   0.400,  -0.066,   5.530,   0.400,   5.530,   0.400,   5.530
202607070006,   5.181,   5.539,9999.000,9999.000,9999.000,9999.000,9999.000,9999.000,9999.000
202607070012,   5.161,   5.628,9999.000,9999.000,9999.000,9999.000,9999.000,9999.000,9999.000
202607070018,   5.138,   5.559,9999.000,9999.000,9999.000,9999.000,9999.000,9999.000,9999.000
202607070024,   5.111,   5.487,9999.000,9999.000,9999.000,9999.000,9999.000,9999.000,9999.000
202607070030,   5.080,   5.428,9999.000,9999.000,9999.000,9999.000,9999.000,9999.000,9999.000
202607070036,   5.045,   5.438,9999.000,9999.000,9999.000,9999.000,9999.000,9999.000,9999.000
202607070042,   5.007,   5.438,9999.000,9999.000,9999.000,9999.000,9999.000,9999.000,9999.000
202607070048,   4.965,   5.339,9999.000,9999.000,9999.000,9999.000,9999.000,9999.000,9999.000
202607070054,   4.920,   5.329,9999.000,9999.000,9999.000,9999.000,9999.000,9999.000,9999.000
202607070100,   4.872,   5.247,   0.300,   0.075,   5.247,   0.300,   5.247,   0.400,   5.347
202607070106,   4.820,   5.179,9999.000,9999.000,9999.000,9999.000,9999.000,9999.000,9999.000
202607070112,   4.766,   5.120,9999.000,9999.000,9999.000,9999.000,9999.000,9999.000,9999.000
202607070118,   4.709,   5.149,9999.000,9999.000,9999.000,9999.000,9999.000,9999.000,9999.000
202607070124,   4.650,   5.139,9999.000,9999.000,9999.000,9999.000,9999.000,9999.000,9999.000
202607070130,   4.588,   4.998,9999.000,9999.000,9999.000,9999.000,9999.000,9999.000,9999.000
202607070136,   4.524,   4.857,9999.000,9999.000,9999.000,9999.000,9999.000,9999.000,9999.000
202607070142,   4.458,   4.778,9999.000,9999.000,9999.000,9999.000,9999.000,9999.000,9999.000
202607070148,   4.390,   4.759,9999.000,9999.000,9999.000,9999.000,9999.000,9999.000,9999.000
202607070154,   4.320,   4.739,9999.000,9999.000,9999.000,9999.000,9999.000,9999.000,9999.000
202607070200,   4.249,   4.618,   0.400,  -0.031,   4.618,   0.300,   4.518,   0.500,   4.718
202607070206,   4.177,   4.549,9999.000,9999.000,9999.000,9999.000,9999.000,9999.000,9999.000
202607070212,   4.103,   4.490,9999.000,9999.000,9999.000,9999.000,9999.000,9999.000,9999.000
202607070218,   4.029,   4.457,9999.000,9999.000,9999.000,9999.000,9999.000,9999.000,9999.000
202607070224,   3.954,   4.388,9999.000,9999.000,9999.000,9999.000,9999.000,9999.000,9999.000
202607070230,   3.878,   4.368,9999.000,9999.000,9999.000,9999.000,9999.000,9999.000,9999.000
202607070236,   3.802,   4.237,9999.000,9999.000,9999.000,9999.000,9999.000,9999.000,9999.000
202607070242,   3.726,   4.099,9999.000,9999.000,9999.000,9999.000,9999.000,9999.000,9999.000
202607070248,   3.650,   4.037,9999.000,9999.000,9999.000,9999.000,9999.000,9999.000,9999.000
202607070254,   3.575,   3.958,9999.000,9999.000,9999.000,9999.000,9999.000,9999.000,9999.000
202607070300,   3.499,   3.847,   0.400,  -0.052,   3.847,   0.400,   3.847,   0.500,   3.947
202607070306,   3.424,   3.758,9999.000,9999.000,9999.000,9999.000,9999.000,9999.000,9999.000
202607070312,   3.351,   3.709,9999.000,9999.000,9999.000,9999.000,9999.000,9999.000,9999.000
202607070318,   3.277,   3.699,9999.000,9999.000,9999.000,9999.000,9999.000,9999.000,9999.000
202607070324,   3.205,   3.689,9999.000,9999.000,9999.000,9999.000,9999.000,9999.000,9999.000
202607070330,   3.135,   3.588,9999.000,9999.000,9999.000,9999.000,9999.000,9999.000,9999.000
202607070336,   3.065,   3.519,9999.000,9999.000,9999.000,9999.000,9999.000,9999.000,9999.000
202607070342,   2.998,   3.440,9999.000,9999.000,9999.000,9999.000,9999.000,9999.000,9999.000
202607070348,   2.932,   3.358,9999.000,9999.000,9999.000,9999.000,9999.000,9999.000,9999.000
202607070354,   2.867,   3.358,9999.000,9999.000,9999.000,9999.000,9999.000,9999.000,9999.000
202607070400,   2.805,   3.207,   0.400,   0.002,   3.207,   0.400,   3.207,   0.400,   3.207
202607070406,   2.745,   3.109,9999.000,9999.000,9999.000,9999.000,9999.000,9999.000,9999.000
202607070412,   2.687,   3.089,9999.000,9999.000,9999.000,9999.000,9999.000,9999.000,9999.000
202607070418,   2.631,   3.070,9999.000,9999.000,9999.000,9999.000,9999.000,9999.000,9999.000
202607070424,   2.577,   3.040,9999.000,9999.000,9999.000,9999.000,9999.000,9999.000,9999.000
202607070430,   2.527,   2.997,9999.000,9999.000,9999.000,9999.000,9999.000,9999.000,9999.000
202607070436,   2.478,   2.938,9999.000,9999.000,9999.000,9999.000,9999.000,9999.000,9999.000
202607070442,   2.433,   2.899,9999.000,9999.000,9999.000,9999.000,9999.000,9999.000,9999.000
202607070448,   2.390,   2.860,9999.000,9999.000,9999.000,9999.000,9999.000,9999.000,9999.000
202607070454,   2.350,   2.787,9999.000,9999.000,9999.000,9999.000,9999.000,9999.000,9999.000
202607070500,   2.313,   2.689,   0.300,   0.076,   2.689,   0.300,   2.689,   0.400,   2.789
202607070506,   2.279,   2.650,9999.000,9999.000,9999.000,9999.000,9999.000,9999.000,9999.000
202607070512,   2.248,   2.610,9999.000,9999.000,9999.000,9999.000,9999.000,9999.000,9999.000
202607070518,   2.220,   2.630,9999.000,9999.000,9999.000,9999.000,9999.000,9999.000,9999.000
202607070524,   2.195,   2.679,9999.000,9999.000,9999.000,9999.000,9999.000,9999.000,9999.000
202607070530,   2.174,   2.620,9999.000,9999.000,9999.000,9999.000,9999.000,9999.000,9999.000
202607070536,   2.155,   2.548,9999.000,9999.000,9999.000,9999.000,9999.000,9999.000,9999.000
202607070542,   2.140,   2.479,9999.000,9999.000,9999.000,9999.000,9999.000,9999.000,9999.000
202607070548,   2.128,   2.528,9999.000,9999.000,9999.000,9999.000,9999.000,9999.000,9999.000
202607070554,   2.120,   2.548,9999.000,9999.000,9999.000,9999.000,9999.000,9999.000,9999.000
202607070600,   2.114,   2.597,   0.300,   0.183,   2.597,   0.300,   2.597,   0.300,   2.597
202607070606,   2.112,   2.568,9999.000,9999.000,9999.000,9999.000,9999.000,9999.000,9999.000
202607070612,   2.113,   2.519,9999.000,9999.000,9999.000,9999.000,9999.000,9999.000,9999.000
202607070618,   2.117,   2.519,9999.000,9999.000,9999.000,9999.000,9999.000,9999.000,9999.000
202607070624,   2.124,   2.578,9999.000,9999.000,9999.000,9999.000,9999.000,9999.000,9999.000
202607070630,   2.135,   2.597,9999.000,9999.000,9999.000,9999.000,9999.000,9999.000,9999.000
202607070636,   2.148,   2.597,9999.000,9999.000,9999.000,9999.000,9999.000,9999.000,9999.000
202607070642,   2.164,   2.558,9999.000,9999.000,9999.000,9999.000,9999.000,9999.000,9999.000
202607070648,   2.183,   2.538,9999.000,9999.000,9999.000,9999.000,9999.000,9999.000,9999.000
202607070654,   2.205,   2.578,9999.000,9999.000,9999.000,9999.000,9999.000,9999.000,9999.000
202607070700,   2.230,   2.597,   0.400,  -0.033,   2.597,   0.300,   2.497,   0.400,   2.597
202607070706,   2.257,   2.568,9999.000,9999.000,9999.000,9999.000,9999.000,9999.000,9999.000
202607070712,   2.286,   2.597,9999.000,9999.000,9999.000,9999.000,9999.000,9999.000,9999.000
202607070718,   2.318,   2.660,9999.000,9999.000,9999.000,9999.000,9999.000,9999.000,9999.000
202607070724,   2.352,   2.728,9999.000,9999.000,9999.000,9999.000,9999.000,9999.000,9999.000
202607070730,   2.388,   2.768,9999.000,9999.000,9999.000,9999.000,9999.000,9999.000,9999.000
202607070736,   2.426,   2.807,9999.000,9999.000,9999.000,9999.000,9999.000,9999.000,9999.000
202607070742,   2.466,   2.899,9999.000,9999.000,9999.000,9999.000,9999.000,9999.000,9999.000
202607070748,   2.508,   2.919,9999.000,9999.000,9999.000,9999.000,9999.000,9999.000,9999.000
202607070754,   2.550,   2.909,9999.000,9999.000,9999.000,9999.000,9999.000,9999.000,9999.000
202607070800,   2.595,   2.909,   0.300,   0.014,   2.909,   0.300,   2.909,   0.400,   3.009
202607070806,   2.640,   2.948,9999.000,9999.000,9999.000,9999.000,9999.000,9999.000,9999.000
202607070812,   2.686,   3.060,9999.000,9999.000,9999.000,9999.000,9999.000,9999.000,9999.000
202607070818,   2.733,   3.129,9999.000,9999.000,9999.000,9999.000,9999.000,9999.000,9999.000
202607070824,   2.781,   3.148,9999.000,9999.000,9999.000,9999.000,9999.000,9999.000,9999.000
202607070830,   2.829,   3.207,9999.000,9999.000,9999.000,9999.000,9999.000,9999.000,9999.000
202607070836,   2.877,   3.348,9999.000,9999.000,9999.000,9999.000,9999.000,9999.000,9999.000
202607070842,   2.926,   3.417,9999.000,9999.000,9999.000,9999.000,9999.000,9999.000,9999.000
202607070848,   2.974,   3.388,9999.000,9999.000,9999.000,9999.000,9999.000,9999.000,9999.000
202607070854,   3.022,   3.378,9999.000,9999.000,9999.000,9999.000,9999.000,9999.000,9999.000
202607070900,   3.070,   3.509,   0.300,   0.139,   3.509,   0.200,   3.409,   0.400,   3.609
202607070906,   3.117,   3.548,9999.000,9999.000,9999.000,9999.000,9999.000,9999.000,9999.000
202607070912,   3.164,   3.529,9999.000,9999.000,9999.000,9999.000,9999.000,9999.000,9999.000
202607070918,   3.210,   3.539,9999.000,9999.000,9999.000,9999.000,9999.000,9999.000,9999.000
202607070924,   3.254,   3.617,9999.000,9999.000,9999.000,9999.000,9999.000,9999.000,9999.000
202607070930,   3.298,   3.719,9999.000,9999.000,9999.000,9999.000,9999.000,9999.000,9999.000
202607070936,   3.340,   3.749,9999.000,9999.000,9999.000,9999.000,9999.000,9999.000,9999.000
202607070942,   3.381,   3.749,9999.000,9999.000,9999.000,9999.000,9999.000,9999.000,9999.000
202607070948,   3.420,   3.827,9999.000,9999.000,9999.000,9999.000,9999.000,9999.000,9999.000
202607070954,   3.458,   3.880,9999.000,9999.000,9999.000,9999.000,9999.000,9999.000,9999.000
202607071000,   3.494,   3.890,   0.300,   0.096,   3.890,   0.200,   3.790,   0.400,   3.990
202607071006,   3.528,   3.909,9999.000,9999.000,9999.000,9999.000,9999.000,9999.000,9999.000
202607071012,   3.560,   3.929,9999.000,9999.000,9999.000,9999.000,9999.000,9999.000,9999.000
202607071018,   3.590,   3.929,9999.000,9999.000,9999.000,9999.000,9999.000,9999.000,9999.000
202607071024,   3.617,   3.998,9999.000,9999.000,9999.000,9999.000,9999.000,9999.000,9999.000
202607071030,   3.642,   4.090,9999.000,9999.000,9999.000,9999.000,9999.000,9999.000,9999.000
202607071036,   3.665,   4.080,9999.000,9999.000,9999.000,9999.000,9999.000,9999.000,9999.000
202607071042,   3.686,   4.139,9999.000,9999.000,9999.000,9999.000,9999.000,9999.000,9999.000
202607071048,   3.703,   4.159,9999.000,9999.000,9999.000,9999.000,9999.000,9999.000,9999.000
202607071054,   3.718,   4.208,9999.000,9999.000,9999.000,9999.000,9999.000,9999.000,9999.000
202607071100,   3.731,   4.188,   0.400,   0.057,   4.188,   0.300,   4.088,   0.400,   4.188
202607071106,   3.740,   4.159,9999.000,9999.000,9999.000,9999.000,9999.000,9999.000,9999.000
202607071112,   3.747,   4.129,9999.000,9999.000,9999.000,9999.000,9999.000,9999.000,9999.000
202607071118,   3.751,   4.057,9999.000,9999.000,9999.000,9999.000,9999.000,9999.000,9999.000
202607071124,   3.752,   4.119,9999.000,9999.000,9999.000,9999.000,9999.000,9999.000,9999.000
202607071130,   3.750,   4.208,9999.000,9999.000,9999.000,9999.000,9999.000,9999.000,9999.000
202607071136,   3.745,   4.178,9999.000,9999.000,9999.000,9999.000,9999.000,9999.000,9999.000
202607071142,   3.737,   4.198,9999.000,9999.000,9999.000,9999.000,9999.000,9999.000,9999.000
202607071148,   3.726,   4.168,9999.000,9999.000,9999.000,9999.000,9999.000,9999.000,9999.000
202607071154,   3.712,   4.119,9999.000,9999.000,9999.000,9999.000,9999.000,9999.000,9999.000
202607071200,   3.695,   4.119,   0.300,   0.124,   4.119,   0.300,   4.119,   0.300,   4.119
202607071206,   3.675,   4.099,9999.000,9999.000,9999.000,9999.000,9999.000,9999.000,9999.000
202607071212,   3.652,   4.047,9999.000,9999.000,9999.000,9999.000,9999.000,9999.000,9999.000
202607071218,   3.626,   3.998,9999.000,9999.000,9999.000,9999.000,9999.000,9999.000,9999.000
202607071224,   3.597,   3.998,9999.000,9999.000,9999.000,9999.000,9999.000,9999.000,9999.000
202607071230,   3.566,   3.988,9999.000,9999.000,9999.000,9999.000,9999.000,9999.000,9999.000
202607071236,   3.532,   3.968,9999.000,9999.000,9999.000,9999.000,9999.000,9999.000,9999.000
202607071242,   3.495,   3.978,9999.000,9999.000,9999.000,9999.000,9999.000,9999.000,9999.000
202607071248,   3.455,   3.988,9999.000,9999.000,9999.000,9999.000,9999.000,9999.000,9999.000
202607071254,   3.414,   3.929,9999.000,9999.000,9999.000,9999.000,9999.000,9999.000,9999.000
202607071300,   3.369,   3.870,   0.300,   0.201,   3.870,   0.200,   3.770,   0.300,   3.870
202607071306,   3.323,   3.817,9999.000,9999.000,9999.000,9999.000,9999.000,9999.000,9999.000
202607071312,   3.274,   3.758,9999.000,9999.000,9999.000,9999.000,9999.000,9999.000,9999.000
202607071318,   3.223,   3.670,9999.000,9999.000,9999.000,9999.000,9999.000,9999.000,9999.000
202607071324,   3.171,   3.539,9999.000,9999.000,9999.000,9999.000,9999.000,9999.000,9999.000
202607071330,   3.117,   3.440,9999.000,9999.000,9999.000,9999.000,9999.000,9999.000,9999.000
202607071336,   3.061,   3.417,9999.000,9999.000,9999.000,9999.000,9999.000,9999.000,9999.000
202607071342,   3.003,   3.450,9999.000,9999.000,9999.000,9999.000,9999.000,9999.000,9999.000
202607071348,   2.945,   3.368,9999.000,9999.000,9999.000,9999.000,9999.000,9999.000,9999.000
202607071354,   2.885,   3.339,9999.000,9999.000,9999.000,9999.000,9999.000,9999.000,9999.000
202607071400,   2.825,   3.240,   0.300,   0.115,   3.240,   0.300,   3.240,   0.300,   3.240
202607071406,   2.763,   3.240,9999.000,9999.000,9999.000,9999.000,9999.000,9999.000,9999.000
202607071412,   2.701,   3.250,9999.000,9999.000,9999.000,9999.000,9999.000,9999.000,9999.000
202607071418,   2.639,   3.119,9999.000,9999.000,9999.000,9999.000,9999.000,9999.000,9999.000
202607071424,   2.576,   3.040,9999.000,9999.000,9999.000,9999.000,9999.000,9999.000,9999.000
202607071430,   2.514,   3.050,9999.000,9999.000,9999.000,9999.000,9999.000,9999.000,9999.000
202607071436,   2.451,   2.997,9999.000,9999.000,9999.000,9999.000,9999.000,9999.000,9999.000
202607071442,   2.389,   2.919,9999.000,9999.000,9999.000,9999.000,9999.000,9999.000,9999.000
202607071448,   2.327,   2.830,9999.000,9999.000,9999.000,9999.000,9999.000,9999.000,9999.000
202607071454,   2.266,   2.748,9999.000,9999.000,9999.000,9999.000,9999.000,9999.000,9999.000
202607071500,   2.206,   2.679,   0.300,   0.173,   2.679,   0.200,   2.579,   0.300,   2.679
202607071506,   2.147,   2.620,9999.000,9999.000,9999.000,9999.000,9999.000,9999.000,9999.000
202607071512,   2.089,   2.538,9999.000,9999.000,9999.000,9999.000,9999.000,9999.000,9999.000
202607071518,   2.032,   2.528,9999.000,9999.000,9999.000,9999.000,9999.000,9999.000,9999.000
202607071524,   1.977,   2.489,9999.000,9999.000,9999.000,9999.000,9999.000,9999.000,9999.000
202607071530,   1.923,   2.358,9999.000,9999.000,9999.000,9999.000,9999.000,9999.000,9999.000
202607071536,   1.871,   2.259,9999.000,9999.000,9999.000,9999.000,9999.000,9999.000,9999.000
202607071542,   1.821,   2.220,9999.000,9999.000,9999.000,9999.000,9999.000,9999.000,9999.000
202607071548,   1.773,   2.191,9999.000,9999.000,9999.000,9999.000,9999.000,9999.000,9999.000
202607071554,   1.727,   2.118,9999.000,9999.000,9999.000,9999.000,9999.000,9999.000,9999.000
202607071600,   1.684,   2.089,   0.300,   0.105,   2.089,   0.200,   1.989,   0.300,   2.089
202607071606,   1.643,   2.010,9999.000,9999.000,9999.000,9999.000,9999.000,9999.000,9999.000
202607071612,   1.605,   1.990,9999.000,9999.000,9999.000,9999.000,9999.000,9999.000,9999.000
202607071618,   1.569,   1.958,9999.000,9999.000,9999.000,9999.000,9999.000,9999.000,9999.000
202607071624,   1.536,   1.948,9999.000,9999.000,9999.000,9999.000,9999.000,9999.000,9999.000
202607071630,   1.507,   1.958,9999.000,9999.000,9999.000,9999.000,9999.000,9999.000,9999.000
202607071636,   1.480,   1.948,9999.000,9999.000,9999.000,9999.000,9999.000,9999.000,9999.000
202607071642,   1.456,   1.928,9999.000,9999.000,9999.000,9999.000,9999.000,9999.000,9999.000
202607071648,   1.436,   1.859,9999.000,9999.000,9999.000,9999.000,9999.000,9999.000,9999.000
202607071654,   1.419,   1.908,9999.000,9999.000,9999.000,9999.000,9999.000,9999.000,9999.000
202607071700,   1.405,   1.948,   0.200,   0.343,   1.948,   0.200,   1.948,   0.300,   2.048
202607071706,   1.395,   1.840,9999.000,9999.000,9999.000,9999.000,9999.000,9999.000,9999.000
202607071712,   1.389,   1.738,9999.000,9999.000,9999.000,9999.000,9999.000,9999.000,9999.000
202607071718,   1.386,   1.708,9999.000,9999.000,9999.000,9999.000,9999.000,9999.000,9999.000
202607071724,   1.387,   1.718,9999.000,9999.000,9999.000,9999.000,9999.000,9999.000,9999.000
202607071730,   1.391,   1.738,9999.000,9999.000,9999.000,9999.000,9999.000,9999.000,9999.000
202607071736,   1.400,   1.800,9999.000,9999.000,9999.000,9999.000,9999.000,9999.000,9999.000
202607071742,   1.412,   1.790,9999.000,9999.000,9999.000,9999.000,9999.000,9999.000,9999.000
202607071748,   1.428,   1.758,9999.000,9999.000,9999.000,9999.000,9999.000,9999.000,9999.000
202607071754,   1.448,   1.767,9999.000,9999.000,9999.000,9999.000,9999.000,9999.000,9999.000
202607071800,   1.472,   1.820,   0.200,   0.148,   1.820,   0.200,   1.820,   0.300,   1.920
202607071806,   1.500,   1.928,9999.000,9999.000,9999.000,9999.000,9999.000,9999.000,9999.000
202607071812,   1.531,   1.938,9999.000,9999.000,9999.000,9999.000,9999.000,9999.000,9999.000
202607071818,   1.567,   2.049,9999.000,9999.000,9999.000,9999.000,9999.000,9999.000,9999.000
202607071824,   1.606,   2.000,9999.000,9999.000,9999.000,9999.000,9999.000,9999.000,9999.000
202607071830,   1.649,   1.981,9999.000,9999.000,9999.000,9999.000,9999.000,9999.000,9999.000
202607071836,   1.696,   2.059,9999.000,9999.000,9999.000,9999.000,9999.000,9999.000,9999.000
202607071842,   1.746,   2.099,9999.000,9999.000,9999.000,9999.000,9999.000,9999.000,9999.000
202607071848,   1.800,   2.148,9999.000,9999.000,9999.000,9999.000,9999.000,9999.000,9999.000
202607071854,   1.858,   2.210,9999.000,9999.000,9999.000,9999.000,9999.000,9999.000,9999.000
202607071900,   1.918,   2.250,   0.300,   0.032,   2.250,   0.200,   2.150,   0.300,   2.250
202607071906,   1.983,   2.279,9999.000,9999.000,9999.000,9999.000,9999.000,9999.000,9999.000
202607071912,   2.050,   2.377,9999.000,9999.000,9999.000,9999.000,9999.000,9999.000,9999.000
202607071918,   2.120,   2.430,9999.000,9999.000,9999.000,9999.000,9999.000,9999.000,9999.000
202607071924,   2.193,   2.499,9999.000,9999.000,9999.000,9999.000,9999.000,9999.000,9999.000
202607071930,   2.269,   2.509,9999.000,9999.000,9999.000,9999.000,9999.000,9999.000,9999.000
202607071936,   2.348,   2.558,9999.000,9999.000,9999.000,9999.000,9999.000,9999.000,9999.000
202607071942,   2.429,   2.709,9999.000,9999.000,9999.000,9999.000,9999.000,9999.000,9999.000
202607071948,   2.512,   2.787,9999.000,9999.000,9999.000,9999.000,9999.000,9999.000,9999.000
202607071954,   2.597,   2.879,9999.000,9999.000,9999.000,9999.000,9999.000,9999.000,9999.000
202607072000,   2.684,   2.909,   0.300,  -0.075,   2.909,   0.200,   2.809,   0.300,   2.909
202607072006,   2.773,   3.050,9999.000,9999.000,9999.000,9999.000,9999.000,9999.000,9999.000
202607072012,   2.864,   3.119,9999.000,9999.000,9999.000,9999.000,9999.000,9999.000,9999.000
202607072018,   2.955,   3.250,9999.000,9999.000,9999.000,9999.000,9999.000,9999.000,9999.000
202607072024,   3.048,   3.358,9999.000,9999.000,9999.000,9999.000,9999.000,9999.000,9999.000
202607072030,   3.142,   3.489,9999.000,9999.000,9999.000,9999.000,9999.000,9999.000,9999.000
202607072036,   3.236,   3.558,9999.000,9999.000,9999.000,9999.000,9999.000,9999.000,9999.000
202607072042,   3.332,   3.637,9999.000,9999.000,9999.000,9999.000,9999.000,9999.000,9999.000
202607072048,   3.427,   3.729,9999.000,9999.000,9999.000,9999.000,9999.000,9999.000,9999.000
202607072054,   3.522,   3.798,9999.000,9999.000,9999.000,9999.000,9999.000,9999.000,9999.000
202607072100,   3.618,   3.880,   0.200,   0.062,   3.880,   0.200,   3.880,   0.300,   3.980
202607072106,   3.713,   3.929,9999.000,9999.000,9999.000,9999.000,9999.000,9999.000,9999.000
202607072112,   3.808,   4.027,9999.000,9999.000,9999.000,9999.000,9999.000,9999.000,9999.000
202607072118,   3.901,   4.159,9999.000,9999.000,9999.000,9999.000,9999.000,9999.000,9999.000
202607072124,   3.994,   4.257,9999.000,9999.000,9999.000,9999.000,9999.000,9999.000,9999.000
202607072130,   4.086,   4.319,9999.000,9999.000,9999.000,9999.000,9999.000,9999.000,9999.000
202607072136,   4.177,   4.339,9999.000,9999.000,9999.000,9999.000,9999.000,9999.000,9999.000
202607072142,   4.266,   4.529,9999.000,9999.000,9999.000,9999.000,9999.000,9999.000,9999.000
202607072148,   4.354,   4.618,9999.000,9999.000,9999.000,9999.000,9999.000,9999.000,9999.000
202607072154,   4.440,   4.778,9999.000,9999.000,9999.000,9999.000,9999.000,9999.000,9999.000
202607072200,   4.523,   4.877,   0.300,   0.054,   4.877,   0.200,   4.777,   0.300,   4.877
202607072206,   4.605,   4.867,9999.000,9999.000,9999.000,9999.000,9999.000,9999.000,9999.000
202607072212,   4.684,   4.919,9999.000,9999.000,9999.000,9999.000,9999.000,9999.000,9999.000
202607072218,   4.761,   5.008,9999.000,9999.000,9999.000,9999.000,9999.000,9999.000,9999.000
202607072224,   4.835,   5.129,9999.000,9999.000,9999.000,9999.000,9999.000,9999.000,9999.000
202607072230,   4.906,   5.228,9999.000,9999.000,9999.000,9999.000,9999.000,9999.000,9999.000
202607072236,   4.974,   5.247,9999.000,9999.000,9999.000,9999.000,9999.000,9999.000,9999.000
202607072242,   5.039,   5.277,9999.000,9999.000,9999.000,9999.000,9999.000,9999.000,9999.000
202607072248,   5.101,   5.438,9999.000,9999.000,9999.000,9999.000,9999.000,9999.000,9999.000
202607072254,   5.159,   5.408,9999.000,9999.000,9999.000,9999.000,9999.000,9999.000,9999.000
202607072300,   5.214,   5.507,   0.300,  -0.007,   5.507,   0.300,   5.507,   0.400,   5.607
202607072306,   5.265,   5.569,9999.000,9999.000,9999.000,9999.000,9999.000,9999.000,9999.000
202607072312,   5.313,   5.598,9999.000,9999.000,9999.000,9999.000,9999.000,9999.000,9999.000
202607072318,   5.356,   5.628,9999.000,9999.000,9999.000,9999.000,9999.000,9999.000,9999.000
202607072324,   5.396,   5.618,9999.000,9999.000,9999.000,9999.000,9999.000,9999.000,9999.000
202607072330,   5.431,   5.667,9999.000,9999.000,9999.000,9999.000,9999.000,9999.000,9999.000
202607072336,   5.463,   5.697,9999.000,9999.000,9999.000,9999.000,9999.000,9999.000,9999.000
202607072342,   5.490,   5.707,9999.000,9999.000,9999.000,9999.000,9999.000,9999.000,9999.000
202607072348,   5.513,   5.749,9999.000,9999.000,9999.000,9999.000,9999.000,9999.000,9999.000
202607072354,   5.531,   5.779,9999.000,9999.000,9999.000,9999.000,9999.000,9999.000,9999.000
202607080000,   5.545,   5.828,   0.300,  -0.017,   5.828,   0.300,   5.828,   0.300,   5.828
202607080006,   5.555,   5.779,9999.000,9999.000,9999.000,9999.000,9999.000,9999.000,9999.000
202607080012,   5.560,   5.848,9999.000,9999.000,9999.000,9999.000,9999.000,9999.000,9999.000
202607080018,   5.560,   5.818,9999.000,9999.000,9999.000,9999.000,9999.000,9999.000,9999.000
202607080024,   5.557,   5.828,9999.000,9999.000,9999.000,9999.000,9999.000,9999.000,9999.000
202607080030,   5.548,   5.730,9999.000,9999.000,9999.000,9999.000,9999.000,9999.000,9999.000
202607080036,   5.536,   5.749,9999.000,9999.000,9999.000,9999.000,9999.000,9999.000,9999.000
202607080042,   5.519,   5.707,9999.000,9999.000,9999.000,9999.000,9999.000,9999.000,9999.000
202607080048,   5.497,   5.717,9999.000,9999.000,9999.000,9999.000,9999.000,9999.000,9999.000
202607080054,   5.471,   5.707,9999.000,9999.000,9999.000,9999.000,9999.000,9999.000,9999.000
202607080100,   5.441,   5.677,   0.300,  -0.064,   5.677,   0.200,   5.577,   0.300,   5.677
202607080106,   5.407,   5.648,9999.000,9999.000,9999.000,9999.000,9999.000,9999.000,9999.000
202607080112,   5.369,   5.598,9999.000,9999.000,9999.000,9999.000,9999.000,9999.000,9999.000
202607080118,   5.327,   5.539,9999.000,9999.000,9999.000,9999.000,9999.000,9999.000,9999.000
202607080124,   5.281,   5.497,9999.000,9999.000,9999.000,9999.000,9999.000,9999.000,9999.000
202607080130,   5.231,   5.477,9999.000,9999.000,9999.000,9999.000,9999.000,9999.000,9999.000
202607080136,   5.177,   5.418,9999.000,9999.000,9999.000,9999.000,9999.000,9999.000,9999.000
202607080142,   5.120,   5.339,9999.000,9999.000,9999.000,9999.000,9999.000,9999.000,9999.000
202607080148,   5.060,   5.339,9999.000,9999.000,9999.000,9999.000,9999.000,9999.000,9999.000
202607080154,   4.996,   5.208,9999.000,9999.000,9999.000,9999.000,9999.000,9999.000,9999.000
202607080200,   4.930,   5.198,   0.300,  -0.032,   5.198,   0.200,   5.098,   0.300,   5.198
202607080206,   4.860,   5.120,9999.000,9999.000,9999.000,9999.000,9999.000,9999.000,9999.000
202607080212,   4.788,   5.129,9999.000,9999.000,9999.000,9999.000,9999.000,9999.000,9999.000
202607080218,   4.713,   4.959,9999.000,9999.000,9999.000,9999.000,9999.000,9999.000,9999.000
202607080224,   4.636,   4.867,9999.000,9999.000,9999.000,9999.000,9999.000,9999.000,9999.000
202607080230,   4.556,   4.769,9999.000,9999.000,9999.000,9999.000,9999.000,9999.000,9999.000
202607080236,   4.475,   4.710,9999.000,9999.000,9999.000,9999.000,9999.000,9999.000,9999.000
202607080242,   4.391,   4.618,9999.000,9999.000,9999.000,9999.000,9999.000,9999.000,9999.000
202607080248,   4.306,   4.529,9999.000,9999.000,9999.000,9999.000,9999.000,9999.000,9999.000
202607080254,   4.219,   4.427,9999.000,9999.000,9999.000,9999.000,9999.000,9999.000,9999.000
202607080300,   4.131,   4.398,   0.300,  -0.033,   4.398,   0.300,   4.398,   0.300,   4.398
202607080306,   4.042,   4.319,9999.000,9999.000,9999.000,9999.000,9999.000,9999.000,9999.000
202607080312,   3.952,   4.178,9999.000,9999.000,9999.000,9999.000,9999.000,9999.000,9999.000
202607080318,   3.861,   4.109,9999.000,9999.000,9999.000,9999.000,9999.000,9999.000,9999.000
202607080324,   3.770,   4.057,9999.000,9999.000,9999.000,9999.000,9999.000,9999.000,9999.000
202607080330,   3.678,   3.978,9999.000,9999.000,9999.000,9999.000,9999.000,9999.000,9999.000
202607080336,   3.586,   3.847,9999.000,9999.000,9999.000,9999.000,9999.000,9999.000,9999.000
202607080342,   3.494,   3.719,9999.000,9999.000,9999.000,9999.000,9999.000,9999.000,9999.000
202607080348,   3.402,   3.650,9999.000,9999.000,9999.000,9999.000,9999.000,9999.000,9999.000
202607080354,   3.310,   3.548,9999.000,9999.000,9999.000,9999.000,9999.000,9999.000,9999.000
202607080400,   3.219,   3.470,   0.300,  -0.049,   3.470,   0.300,   3.470,   0.300,   3.470
202607080406,   3.128,   3.388,9999.000,9999.000,9999.000,9999.000,9999.000,9999.000,9999.000
202607080412,   3.038,   3.299,9999.000,9999.000,9999.000,9999.000,9999.000,9999.000,9999.000
202607080418,   2.949,   3.207,9999.000,9999.000,9999.000,9999.000,9999.000,9999.000,9999.000
202607080424,   2.861,   3.070,9999.000,9999.000,9999.000,9999.000,9999.000,9999.000,9999.000
202607080430,   2.775,   3.050,9999.000,9999.000,9999.000,9999.000,9999.000,9999.000,9999.000
202607080436,   2.690,   3.017,9999.000,9999.000,9999.000,9999.000,9999.000,9999.000,9999.000
202607080442,   2.607,   2.909,9999.000,9999.000,9999.000,9999.000,9999.000,9999.000,9999.000
202607080448,   2.525,   2.778,9999.000,9999.000,9999.000,9999.000,9999.000,9999.000,9999.000
202607080454,   2.445,   2.669,9999.000,9999.000,9999.000,9999.000,9999.000,9999.000,9999.000
202607080500,   2.368,   2.620,   0.200,   0.052,   2.620,   0.200,   2.620,   0.300,   2.720
202607080506,   2.293,   2.578,9999.000,9999.000,9999.000,9999.000,9999.000,9999.000,9999.000
202607080512,   2.220,   2.499,9999.000,9999.000,9999.000,9999.000,9999.000,9999.000,9999.000
202607080518,   2.149,   2.450,9999.000,9999.000,9999.000,9999.000,9999.000,9999.000,9999.000
202607080524,   2.082,   2.410,9999.000,9999.000,9999.000,9999.000,9999.000,9999.000,9999.000
202607080530,   2.017,   2.279,9999.000,9999.000,9999.000,9999.000,9999.000,9999.000,9999.000
202607080536,   1.955,   2.191,9999.000,9999.000,9999.000,9999.000,9999.000,9999.000,9999.000
202607080542,   1.896,   2.138,9999.000,9999.000,9999.000,9999.000,9999.000,9999.000,9999.000
202607080548,   1.840,   2.089,9999.000,9999.000,9999.000,9999.000,9999.000,9999.000,9999.000
202607080554,   1.788,   2.069,9999.000,9999.000,9999.000,9999.000,9999.000,9999.000,9999.000
202607080600,   1.738,   2.049,   0.100,   0.211,   2.049,   0.100,   2.049,   0.200,   2.149
202607080606,   1.692,   1.948,9999.000,9999.000,9999.000,9999.000,9999.000,9999.000,9999.000
202607080612,   1.650,   1.928,9999.000,9999.000,9999.000,9999.000,9999.000,9999.000,9999.000
202607080618,   1.611,   1.859,9999.000,9999.000,9999.000,9999.000,9999.000,9999.000,9999.000
202607080624,   1.576,   1.830,9999.000,9999.000,9999.000,9999.000,9999.000,9999.000,9999.000
202607080630,   1.544,   1.820,9999.000,9999.000,9999.000,9999.000,9999.000,9999.000,9999.000
202607080636,   1.516,   1.889,9999.000,9999.000,9999.000,9999.000,9999.000,9999.000,9999.000
202607080642,   1.492,   1.830,9999.000,9999.000,9999.000,9999.000,9999.000,9999.000,9999.000
202607080648,   1.472,   1.758,9999.000,9999.000,9999.000,9999.000,9999.000,9999.000,9999.000
202607080654,   1.455,   1.679,9999.000,9999.000,9999.000,9999.000,9999.000,9999.000,9999.000
202607080700,   1.442,   1.689,   0.200,   0.047,   1.689,   0.200,   1.689,   0.200,   1.689
202607080706,   1.433,   1.639,9999.000,9999.000,9999.000,9999.000,9999.000,9999.000,9999.000
202607080712,   1.427,   1.669,9999.000,9999.000,9999.000,9999.000,9999.000,9999.000,9999.000
202607080718,   1.425,   1.758,9999.000,9999.000,9999.000,9999.000,9999.000,9999.000,9999.000
202607080724,   1.427,   1.679,9999.000,9999.000,9999.000,9999.000,9999.000,9999.000,9999.000
202607080730,   1.432,   1.620,9999.000,9999.000,9999.000,9999.000,9999.000,9999.000,9999.000
202607080736,   1.440,   1.679,9999.000,9999.000,9999.000,9999.000,9999.000,9999.000,9999.000
202607080742,   1.452,   1.620,9999.000,9999.000,9999.000,9999.000,9999.000,9999.000,9999.000
202607080748,   1.467,   1.649,9999.000,9999.000,9999.000,9999.000,9999.000,9999.000,9999.000
202607080754,   1.486,   1.758,9999.000,9999.000,9999.000,9999.000,9999.000,9999.000,9999.000
202607080800,   1.507,   1.810,   0.200,   0.103,   1.810,   0.200,   1.810,   0.200,   1.810
202607080806,   1.532,   1.859,9999.000,9999.000,9999.000,9999.000,9999.000,9999.000,9999.000
202607080812,   1.559,   1.849,9999.000,9999.000,9999.000,9999.000,9999.000,9999.000,9999.000
202607080818,   1.589,   1.859,9999.000,9999.000,9999.000,9999.000,9999.000,9999.000,9999.000
202607080824,   1.622,   1.879,9999.000,9999.000,9999.000,9999.000,9999.000,9999.000,9999.000
202607080830,   1.657,   1.928,9999.000,9999.000,9999.000,9999.000,9999.000,9999.000,9999.000
202607080836,   1.695,   1.908,9999.000,9999.000,9999.000,9999.000,9999.000,9999.000,9999.000
202607080842,   1.735,   1.928,9999.000,9999.000,9999.000,9999.000,9999.000,9999.000,9999.000
202607080848,   1.776,   2.010,9999.000,9999.000,9999.000,9999.000,9999.000,9999.000,9999.000
202607080854,   1.820,   2.059,9999.000,9999.000,9999.000,9999.000,9999.000,9999.000,9999.000
202607080900,   1.866,   2.089,   0.200,   0.023,   2.089,   0.100,   1.989,   0.200,   2.089
202607080906,   1.913,   2.059,9999.000,9999.000,9999.000,9999.000,9999.000,9999.000,9999.000
202607080912,   1.961,   2.118,9999.000,9999.000,9999.000,9999.000,9999.000,9999.000,9999.000
202607080918,   2.011,   2.240,9999.000,9999.000,9999.000,9999.000,9999.000,9999.000,9999.000
202607080924,   2.062,   2.309,9999.000,9999.000,9999.000,9999.000,9999.000,9999.000,9999.000
202607080930,   2.114,   2.358,9999.000,9999.000,9999.000,9999.000,9999.000,9999.000,9999.000
202607080936,   2.167,   2.410,9999.000,9999.000,9999.000,9999.000,9999.000,9999.000,9999.000
202607080942,   2.221,   2.479,9999.000,9999.000,9999.000,9999.000,9999.000,9999.000,9999.000
202607080948,   2.275,   2.410,9999.000,9999.000,9999.000,9999.000,9999.000,9999.000,9999.000
202607080954,   2.329,   2.420,9999.000,9999.000,9999.000,9999.000,9999.000,9999.000,9999.000
202607081000,   2.384,   2.519,   0.100,   0.035,   2.519,   0.100,   2.519,   0.200,   2.619
202607081006,   2.438,   2.679,9999.000,9999.000,9999.000,9999.000,9999.000,9999.000,9999.000
202607081012,   2.493,   2.787,9999.000,9999.000,9999.000,9999.000,9999.000,9999.000,9999.000
202607081018,   2.547,   2.807,9999.000,9999.000,9999.000,9999.000,9999.000,9999.000,9999.000
202607081024,   2.601,   2.778,9999.000,9999.000,9999.000,9999.000,9999.000,9999.000,9999.000
202607081030,   2.654,   2.879,9999.000,9999.000,9999.000,9999.000,9999.000,9999.000,9999.000
202607081036,   2.706,   2.978,9999.000,9999.000,9999.000,9999.000,9999.000,9999.000,9999.000
202607081042,   2.758,   2.978,9999.000,9999.000,9999.000,9999.000,9999.000,9999.000,9999.000
202607081048,   2.808,   3.050,9999.000,9999.000,9999.000,9999.000,9999.000,9999.000,9999.000
202607081054,   2.858,   3.040,9999.000,9999.000,9999.000,9999.000,9999.000,9999.000,9999.000
202607081100,   2.906,   3.119,   0.200,   0.013,   3.119,   0.200,   3.119,   0.200,   3.119
202607081106,   2.952,   3.138,9999.000,9999.000,9999.000,9999.000,9999.000,9999.000,9999.000
202607081112,   2.997,   3.168,9999.000,9999.000,9999.000,9999.000,9999.000,9999.000,9999.000
202607081118,   3.040,   3.197,9999.000,9999.000,9999.000,9999.000,9999.000,9999.000,9999.000
202607081124,   3.081,   3.270,9999.000,9999.000,9999.000,9999.000,9999.000,9999.000,9999.000
202607081130,   3.120,   3.319,9999.000,9999.000,9999.000,9999.000,9999.000,9999.000,9999.000
202607081136,   3.158,   3.319,9999.000,9999.000,9999.000,9999.000,9999.000,9999.000,9999.000
202607081142,   3.192,   3.417,9999.000,9999.000,9999.000,9999.000,9999.000,9999.000,9999.000
202607081148,   3.225,   3.578,9999.000,9999.000,9999.000,9999.000,9999.000,9999.000,9999.000
202607081154,   3.255,   3.539,9999.000,9999.000,9999.000,9999.000,9999.000,9999.000,9999.000
202607081200,   3.283,   3.578,   0.100,   0.195,   3.578,   0.100,   3.578,   0.200,   3.678
202607081206,   3.308,   3.558,9999.000,9999.000,9999.000,9999.000,9999.000,9999.000,9999.000
202607081212,   3.331,   3.499,9999.000,9999.000,9999.000,9999.000,9999.000,9999.000,9999.000
202607081218,   3.350,   3.598,9999.000,9999.000,9999.000,9999.000,9999.000,9999.000,9999.000
202607081224,   3.367,   3.650,9999.000,9999.000,9999.000,9999.000,9999.000,9999.000,9999.000
202607081230,   3.382,   3.617,9999.000,9999.000,9999.000,9999.000,9999.000,9999.000,9999.000
202607081236,   3.393,   3.598,9999.000,9999.000,9999.000,9999.000,9999.000,9999.000,9999.000
202607081242,   3.402,   3.617,9999.000,9999.000,9999.000,9999.000,9999.000,9999.000,9999.000
202607081248,   3.407,   3.607,9999.000,9999.000,9999.000,9999.000,9999.000,9999.000,9999.000
202607081254,   3.410,   3.539,9999.000,9999.000,9999.000,9999.000,9999.000,9999.000,9999.000
202607081300,   3.410,   3.578,   0.100,   0.068,   3.578,   0.100,   3.578,   0.200,   3.678
202607081306,   3.408,   3.650,9999.000,9999.000,9999.000,9999.000,9999.000,9999.000,9999.000
202607081312,   3.402,   3.699,9999.000,9999.000,9999.000,9999.000,9999.000,9999.000,9999.000
202607081318,   3.394,   3.709,9999.000,9999.000,9999.000,9999.000,9999.000,9999.000,9999.000
202607081324,   3.383,   3.689,9999.000,9999.000,9999.000,9999.000,9999.000,9999.000,9999.000
202607081330,   3.370,   3.617,9999.000,9999.000,9999.000,9999.000,9999.000,9999.000,9999.000
202607081336,   3.354,   3.617,9999.000,9999.000,9999.000,9999.000,9999.000,9999.000,9999.000
202607081342,   3.335,   3.470,9999.000,9999.000,9999.000,9999.000,9999.000,9999.000,9999.000
202607081348,   3.314,   3.460,9999.000,9999.000,9999.000,9999.000,9999.000,9999.000,9999.000
202607081354,   3.291,   3.539,9999.000,9999.000,9999.000,9999.000,9999.000,9999.000,9999.000
202607081400,   3.266,   3.509,   0.100,   0.143,   3.509,   0.100,   3.509,   0.100,   3.509
202607081406,   3.238,   3.450,9999.000,9999.000,9999.000,9999.000,9999.000,9999.000,9999.000
202607081412,   3.209,   3.388,9999.000,9999.000,9999.000,9999.000,9999.000,9999.000,9999.000
202607081418,   3.177,   3.440,9999.000,9999.000,9999.000,9999.000,9999.000,9999.000,9999.000
202607081424,   3.144,   3.407,9999.000,9999.000,9999.000,9999.000,9999.000,9999.000,9999.000
202607081430,   3.109,   3.460,9999.000,9999.000,9999.000,9999.000,9999.000,9999.000,9999.000
202607081436,   3.073,   3.470,9999.000,9999.000,9999.000,9999.000,9999.000,9999.000,9999.000
202607081442,   3.036,   3.368,9999.000,9999.000,9999.000,9999.000,9999.000,9999.000,9999.000
202607081448,   2.997,   3.289,9999.000,9999.000,9999.000,9999.000,9999.000,9999.000,9999.000
202607081454,   2.957,   3.230,9999.000,9999.000,9999.000,9999.000,9999.000,9999.000,9999.000
202607081500,   2.916,   3.207,   0.100,   0.191,   3.207,   0.100,   3.207,   0.100,   3.207
202607081506,   2.874,   3.138,9999.000,9999.000,9999.000,9999.000,9999.000,9999.000,9999.000
202607081512,   2.832,   3.040,9999.000,9999.000,9999.000,9999.000,9999.000,9999.000,9999.000
202607081518,   2.789,   2.929,9999.000,9999.000,9999.000,9999.000,9999.000,9999.000,9999.000
202607081524,   2.746,   2.899,9999.000,9999.000,9999.000,9999.000,9999.000,9999.000,9999.000
202607081530,   2.703,   2.948,9999.000,9999.000,9999.000,9999.000,9999.000,9999.000,9999.000
202607081536,   2.659,   2.919,9999.000,9999.000,9999.000,9999.000,9999.000,9999.000,9999.000
202607081542,   2.615,   2.899,9999.000,9999.000,9999.000,9999.000,9999.000,9999.000,9999.000
202607081548,   2.572,   2.869,9999.000,9999.000,9999.000,9999.000,9999.000,9999.000,9999.000
202607081554,   2.529,   2.758,9999.000,9999.000,9999.000,9999.000,9999.000,9999.000,9999.000
202607081600,   2.486,   2.768,   0.100,   0.182,   2.768,   0.100,   2.768,   0.100,   2.768
202607081606,   2.445,   2.719,9999.000,9999.000,9999.000,9999.000,9999.000,9999.000,9999.000
202607081612,   2.403,   2.758,9999.000,9999.000,9999.000,9999.000,9999.000,9999.000,9999.000
202607081618,   2.363,   2.640,9999.000,9999.000,9999.000,9999.000,9999.000,9999.000,9999.000
202607081624,   2.324,   2.568,9999.000,9999.000,9999.000,9999.000,9999.000,9999.000,9999.000
202607081630,   2.286,   2.538,9999.000,9999.000,9999.000,9999.000,9999.000,9999.000,9999.000
202607081636,   2.250,   2.519,9999.000,9999.000,9999.000,9999.000,9999.000,9999.000,9999.000
202607081642,   2.214,   2.450,9999.000,9999.000,9999.000,9999.000,9999.000,9999.000,9999.000
202607081648,   2.181,   2.420,9999.000,9999.000,9999.000,9999.000,9999.000,9999.000,9999.000
202607081654,   2.149,   2.440,9999.000,9999.000,9999.000,9999.000,9999.000,9999.000,9999.000
202607081700,   2.120,   2.368,   0.100,   0.148,   2.368,   0.000,   2.268,   0.100,   2.368
202607081706,   2.092,   2.338,9999.000,9999.000,9999.000,9999.000,9999.000,9999.000,9999.000
202607081712,   2.067,   2.338,9999.000,9999.000,9999.000,9999.000,9999.000,9999.000,9999.000
202607081718,   2.044,   2.318,9999.000,9999.000,9999.000,9999.000,9999.000,9999.000,9999.000
202607081724,   2.023,   2.279,9999.000,9999.000,9999.000,9999.000,9999.000,9999.000,9999.000
202607081730,   2.005,   2.240,9999.000,9999.000,9999.000,9999.000,9999.000,9999.000,9999.000
202607081736,   1.990,   2.191,9999.000,9999.000,9999.000,9999.000,9999.000,9999.000,9999.000
202607081742,   1.977,   2.191,9999.000,9999.000,9999.000,9999.000,9999.000,9999.000,9999.000
202607081748,   1.968,   2.177,9999.000,9999.000,9999.000,9999.000,9999.000,9999.000,9999.000
202607081754,   1.961,   2.138,9999.000,9999.000,9999.000,9999.000,9999.000,9999.000,9999.000
202607081800,   1.958,   2.200,   0.100,   0.142,   2.200,   0.100,   2.200,   0.200,   2.300
202607081806,   1.957,   2.250,9999.000,9999.000,9999.000,9999.000,9999.000,9999.000,9999.000
202607081812,   1.960,   2.240,9999.000,9999.000,9999.000,9999.000,9999.000,9999.000,9999.000
202607081818,   1.967,   2.240,9999.000,9999.000,9999.000,9999.000,9999.000,9999.000,9999.000
202607081824,   1.977,   2.259,9999.000,9999.000,9999.000,9999.000,9999.000,9999.000,9999.000
202607081830,   1.990,   2.220,9999.000,9999.000,9999.000,9999.000,9999.000,9999.000,9999.000
202607081836,   2.007,   2.318,9999.000,9999.000,9999.000,9999.000,9999.000,9999.000,9999.000
202607081842,   2.027,   2.318,9999.000,9999.000,9999.000,9999.000,9999.000,9999.000,9999.000
202607081848,   2.051,   2.338,9999.000,9999.000,9999.000,9999.000,9999.000,9999.000,9999.000
202607081854,   2.078,   2.348,9999.000,9999.000,9999.000,9999.000,9999.000,9999.000,9999.000
202607081900,   2.109,   2.328,   0.100,   0.119,   2.328,   0.100,   2.328,   0.200,   2.428
202607081906,   2.144,   2.358,9999.000,9999.000,9999.000,9999.000,9999.000,9999.000,9999.000
202607081912,   2.182,   2.358,9999.000,9999.000,9999.000,9999.000,9999.000,9999.000,9999.000
202607081918,   2.224,   2.430,9999.000,9999.000,9999.000,9999.000,9999.000,9999.000,9999.000
202607081924,   2.269,   2.538,9999.000,9999.000,9999.000,9999.000,9999.000,9999.000,9999.000
202607081930,   2.317,   2.597,9999.000,9999.000,9999.000,9999.000,9999.000,9999.000,9999.000
202607081936,   2.369,   2.640,9999.000,9999.000,9999.000,9999.000,9999.000,9999.000,9999.000
202607081942,   2.424,   2.630,9999.000,9999.000,9999.000,9999.000,9999.000,9999.000,9999.000
202607081948,   2.482,   2.748,9999.000,9999.000,9999.000,9999.000,9999.000,9999.000,9999.000
202607081954,   2.543,   2.807,9999.000,9999.000,9999.000,9999.000,9999.000,9999.000,9999.000
202607082000,   2.607,   2.919,   0.200,   0.112,   2.919,   0.100,   2.819,   0.200,   2.919
202607082006,   2.674,   2.968,9999.000,9999.000,9999.000,9999.000,9999.000,9999.000,9999.000
202607082012,   2.743,   2.978,9999.000,9999.000,9999.000,9999.000,9999.000,9999.000,9999.000
202607082018,   2.815,   3.060,9999.000,9999.000,9999.000,9999.000,9999.000,9999.000,9999.000
202607082024,   2.890,   3.129,9999.000,9999.000,9999.000,9999.000,9999.000,9999.000,9999.000
202607082030,   2.967,   3.230,9999.000,9999.000,9999.000,9999.000,9999.000,9999.000,9999.000
202607082036,   3.046,   3.299,9999.000,9999.000,9999.000,9999.000,9999.000,9999.000,9999.000
202607082042,   3.127,   3.427,9999.000,9999.000,9999.000,9999.000,9999.000,9999.000,9999.000
202607082048,   3.210,   3.480,9999.000,9999.000,9999.000,9999.000,9999.000,9999.000,9999.000
202607082054,   3.294,   3.460,9999.000,9999.000,9999.000,9999.000,9999.000,9999.000,9999.000
202607082100,   3.380,   3.607,   0.100,   0.127,   3.607,   0.100,   3.607,   0.200,   3.707
202607082106,   3.468,   3.739,9999.000,9999.000,9999.000,9999.000,9999.000,9999.000,9999.000
202607082112,   3.556,   3.808,9999.000,9999.000,9999.000,9999.000,9999.000,9999.000,9999.000
202607082118,   3.646,   3.870,9999.000,9999.000,9999.000,9999.000,9999.000,9999.000,9999.000
202607082124,   3.736,   3.919,9999.000,9999.000,9999.000,9999.000,9999.000,9999.000,9999.000
202607082130,   3.827,   4.047,9999.000,9999.000,9999.000,9999.000,9999.000,9999.000,9999.000
202607082136,   3.918,   4.178,9999.000,9999.000,9999.000,9999.000,9999.000,9999.000,9999.000
202607082142,   4.010,   4.208,9999.000,9999.000,9999.000,9999.000,9999.000,9999.000,9999.000
202607082148,   4.102,   4.247,9999.000,9999.000,9999.000,9999.000,9999.000,9999.000,9999.000
202607082154,   4.193,   4.427,9999.000,9999.000,9999.000,9999.000,9999.000,9999.000,9999.000
202607082200,   4.284,   4.500,   0.100,   0.116,   4.500,   0.000,   4.400,   0.200,   4.600
202607082206,   4.375,   4.569,9999.000,9999.000,9999.000,9999.000,9999.000,9999.000,9999.000
202607082212,   4.464,   4.657,9999.000,9999.000,9999.000,9999.000,9999.000,9999.000,9999.000
202607082218,   4.553,   4.769,9999.000,9999.000,9999.000,9999.000,9999.000,9999.000,9999.000
202607082224,   4.641,   4.818,9999.000,9999.000,9999.000,9999.000,9999.000,9999.000,9999.000
202607082230,   4.727,   4.828,9999.000,9999.000,9999.000,9999.000,9999.000,9999.000,9999.000
202607082236,   4.812,   4.979,9999.000,9999.000,9999.000,9999.000,9999.000,9999.000,9999.000
202607082242,   4.895,   5.077,9999.000,9999.000,9999.000,9999.000,9999.000,9999.000,9999.000
202607082248,   4.976,   5.129,9999.000,9999.000,9999.000,9999.000,9999.000,9999.000,9999.000
202607082254,   5.055,   5.208,9999.000,9999.000,9999.000,9999.000,9999.000,9999.000,9999.000
202607082300,   5.132,   5.297,   0.100,   0.065,   5.297,   0.100,   5.297,   0.200,   5.397
202607082306,   5.206,   5.379,9999.000,9999.000,9999.000,9999.000,9999.000,9999.000,9999.000
202607082312,   5.277,   5.408,9999.000,9999.000,9999.000,9999.000,9999.000,9999.000,9999.000
202607082318,   5.346,   5.408,9999.000,9999.000,9999.000,9999.000,9999.000,9999.000,9999.000
202607082324,   5.411,   5.448,9999.000,9999.000,9999.000,9999.000,9999.000,9999.000,9999.000
202607082330,   5.474,   5.598,9999.000,9999.000,9999.000,9999.000,9999.000,9999.000,9999.000
202607082336,   5.533,   5.667,9999.000,9999.000,9999.000,9999.000,9999.000,9999.000,9999.000
202607082342,   5.588,   5.730,9999.000,9999.000,9999.000,9999.000,9999.000,9999.000,9999.000
202607082348,   5.640,   5.749,9999.000,9999.000,9999.000,9999.000,9999.000,9999.000,9999.000
202607082354,   5.688,   5.828,9999.000,9999.000,9999.000,9999.000,9999.000,9999.000,9999.000
202607090000,   5.732,   5.828,   0.100,  -0.004,   5.828,   0.100,   5.828,   0.200,   5.928
202607090006,   5.771,9999.000,9999.000,9999.000,9999.000,9999.000,9999.000,9999.000,9999.000
202607090012,   5.807,9999.000,9999.000,9999.000,9999.000,9999.000,9999.000,9999.000,9999.000
202607090018,   5.838,9999.000,9999.000,9999.000,9999.000,9999.000,9999.000,9999.000,9999.000
202607090024,   5.865,9999.000,9999.000,9999.000,9999.000,9999.000,9999.000,9999.000,9999.000
202607090030,   5.888,9999.000,9999.000,9999.000,9999.000,9999.000,9999.000,9999.000,9999.000
202607090036,   5.906,9999.000,9999.000,9999.000,9999.000,9999.000,9999.000,9999.000,9999.000
202607090042,   5.919,9999.000,9999.000,9999.000,9999.000,9999.000,9999.000,9999.000,9999.000
202607090048,   5.927,9999.000,9999.000,9999.000,9999.000,9999.000,9999.000,9999.000,9999.000
202607090054,   5.931,9999.000,9999.000,9999.000,9999.000,9999.000,9999.000,9999.000,9999.000
202607090100,   5.930,9999.000,   0.000,   0.001,   5.931,   0.000,   5.931,   0.100,   6.031
202607090106,   5.925,9999.000,9999.000,9999.000,9999.000,9999.000,9999.000,9999.000,9999.000
202607090112,   5.914,9999.000,9999.000,9999.000,9999.000,9999.000,9999.000,9999.000,9999.000
202607090118,   5.899,9999.000,9999.000,9999.000,9999.000,9999.000,9999.000,9999.000,9999.000
202607090124,   5.879,9999.000,9999.000,9999.000,9999.000,9999.000,9999.000,9999.000,9999.000
202607090130,   5.855,9999.000,9999.000,9999.000,9999.000,9999.000,9999.000,9999.000,9999.000
202607090136,   5.826,9999.000,9999.000,9999.000,9999.000,9999.000,9999.000,9999.000,9999.000
202607090142,   5.792,9999.000,9999.000,9999.000,9999.000,9999.000,9999.000,9999.000,9999.000
202607090148,   5.754,9999.000,9999.000,9999.000,9999.000,9999.000,9999.000,9999.000,9999.000
202607090154,   5.711,9999.000,9999.000,9999.000,9999.000,9999.000,9999.000,9999.000,9999.000
202607090200,   5.664,9999.000,   0.100,   0.006,   5.770,   0.000,   5.670,   0.200,   5.870
202607090206,   5.612,9999.000,9999.000,9999.000,9999.000,9999.000,9999.000,9999.000,9999.000
202607090212,   5.557,9999.000,9999.000,9999.000,9999.000,9999.000,9999.000,9999.000,9999.000
202607090218,   5.497,9999.000,9999.000,9999.000,9999.000,9999.000,9999.000,9999.000,9999.000
202607090224,   5.433,9999.000,9999.000,9999.000,9999.000,9999.000,9999.000,9999.000,9999.000
202607090230,   5.366,9999.000,9999.000,9999.000,9999.000,9999.000,9999.000,9999.000,9999.000
202607090236,   5.295,9999.000,9999.000,9999.000,9999.000,9999.000,9999.000,9999.000,9999.000
202607090242,   5.220,9999.000,9999.000,9999.000,9999.000,9999.000,9999.000,9999.000,9999.000
202607090248,   5.142,9999.000,9999.000,9999.000,9999.000,9999.000,9999.000,9999.000,9999.000
202607090254,   5.060,9999.000,9999.000,9999.000,9999.000,9999.000,9999.000,9999.000,9999.000
202607090300,   4.976,9999.000,   0.100,   0.012,   5.088,   0.000,   4.988,   0.100,   5.088
202607090306,   4.888,9999.000,9999.000,9999.000,9999.000,9999.000,9999.000,9999.000,9999.000
202607090312,   4.797,9999.000,9999.000,9999.000,9999.000,9999.000,9999.000,9999.000,9999.000
202607090318,   4.704,9999.000,9999.000,9999.000,9999.000,9999.000,9999.000,9999.000,9999.000
202607090324,   4.608,9999.000,9999.000,9999.000,9999.000,9999.000,9999.000,9999.000,9999.000
202607090330,   4.510,9999.000,9999.000,9999.000,9999.000,9999.000,9999.000,9999.000,9999.000
202607090336,   4.410,9999.000,9999.000,9999.000,9999.000,9999.000,9999.000,9999.000,9999.000
202607090342,   4.307,9999.000,9999.000,9999.000,9999.000,9999.000,9999.000,9999.000,9999.000
202607090348,   4.203,9999.000,9999.000,9999.000,9999.000,9999.000,9999.000,9999.000,9999.000
202607090354,   4.097,9999.000,9999.000,9999.000,9999.000,9999.000,9999.000,9999.000,9999.000
202607090400,   3.990,9999.000,   0.000,   0.017,   4.007,   0.000,   4.007,   0.100,   4.107
202607090406,   3.881,9999.000,9999.000,9999.000,9999.000,9999.000,9999.000,9999.000,9999.000
202607090412,   3.772,9999.000,9999.000,9999.000,9999.000,9999.000,9999.000,9999.000,9999.000
202607090418,   3.661,9999.000,9999.000,9999.000,9999.000,9999.000,9999.000,9999.000,9999.000
202607090424,   3.550,9999.000,9999.000,9999.000,9999.000,9999.000,9999.000,9999.000,9999.000
202607090430,   3.438,9999.000,9999.000,9999.000,9999.000,9999.000,9999.000,9999.000,9999.000
202607090436,   3.326,9999.000,9999.000,9999.000,9999.000,9999.000,9999.000,9999.000,9999.000
202607090442,   3.214,9999.000,9999.000,9999.000,9999.000,9999.000,9999.000,9999.000,9999.000
202607090448,   3.101,9999.000,9999.000,9999.000,9999.000,9999.000,9999.000,9999.000,9999.000
202607090454,   2.990,9999.000,9999.000,9999.000,9999.000,9999.000,9999.000,9999.000,9999.000
202607090500,   2.878,9999.000,   0.000,   0.022,   2.900,   0.000,   2.900,   0.100,   3.000
202607090506,   2.768,9999.000,9999.000,9999.000,9999.000,9999.000,9999.000,9999.000,9999.000
202607090512,   2.658,9999.000,9999.000,9999.000,9999.000,9999.000,9999.000,9999.000,9999.000
202607090518,   2.549,9999.000,9999.000,9999.000,9999.000,9999.000,9999.000,9999.000,9999.000
202607090524,   2.442,9999.000,9999.000,9999.000,9999.000,9999.000,9999.000,9999.000,9999.000
202607090530,   2.336,9999.000,9999.000,9999.000,9999.000,9999.000,9999.000,9999.000,9999.000
202607090536,   2.233,9999.000,9999.000,9999.000,9999.000,9999.000,9999.000,9999.000,9999.000
202607090542,   2.130,9999.000,9999.000,9999.000,9999.000,9999.000,9999.000,9999.000,9999.000
202607090548,   2.031,9999.000,9999.000,9999.000,9999.000,9999.000,9999.000,9999.000,9999.000
202607090554,   1.933,9999.000,9999.000,9999.000,9999.000,9999.000,9999.000,9999.000,9999.000
202607090600,   1.838,9999.000,   0.000,   0.027,   1.865,   0.000,   1.865,   0.100,   1.965
202607090606,   1.746,9999.000,9999.000,9999.000,9999.000,9999.000,9999.000,9999.000,9999.000
202607090612,   1.656,9999.000,9999.000,9999.000,9999.000,9999.000,9999.000,9999.000,9999.000
202607090618,   1.570,9999.000,9999.000,9999.000,9999.000,9999.000,9999.000,9999.000,9999.000
202607090624,   1.486,9999.000,9999.000,9999.000,9999.000,9999.000,9999.000,9999.000,9999.000
202607090630,   1.406,9999.000,9999.000,9999.000,9999.000,9999.000,9999.000,9999.000,9999.000
202607090636,   1.330,9999.000,9999.000,9999.000,9999.000,9999.000,9999.000,9999.000,9999.000
202607090642,   1.257,9999.000,9999.000,9999.000,9999.000,9999.000,9999.000,9999.000,9999.000
202607090648,   1.187,9999.000,9999.000,9999.000,9999.000,9999.000,9999.000,9999.000,9999.000
202607090654,   1.122,9999.000,9999.000,9999.000,9999.000,9999.000,9999.000,9999.000,9999.000
202607090700,   1.060,9999.000,   0.100,   0.032,   1.192,   0.000,   1.092,   0.100,   1.192
202607090706,   1.003,9999.000,9999.000,9999.000,9999.000,9999.000,9999.000,9999.000,9999.000
202607090712,   0.949,9999.000,9999.000,9999.000,9999.000,9999.000,9999.000,9999.000,9999.000
202607090718,   0.900,9999.000,9999.000,9999.000,9999.000,9999.000,9999.000,9999.000,9999.000
202607090724,   0.855,9999.000,9999.000,9999.000,9999.000,9999.000,9999.000,9999.000,9999.000
202607090730,   0.814,9999.000,9999.000,9999.000,9999.000,9999.000,9999.000,9999.000,9999.000
202607090736,   0.778,9999.000,9999.000,9999.000,9999.000,9999.000,9999.000,9999.000,9999.000
202607090742,   0.745,9999.000,9999.000,9999.000,9999.000,9999.000,9999.000,9999.000,9999.000
202607090748,   0.717,9999.000,9999.000,9999.000,9999.000,9999.000,9999.000,9999.000,9999.000
202607090754,   0.694,9999.000,9999.000,9999.000,9999.000,9999.000,9999.000,9999.000,9999.000
202607090800,   0.675,9999.000,   0.000,   0.037,   0.712,   0.000,   0.712,   0.100,   0.812
202607090806,   0.660,9999.000,9999.000,9999.000,9999.000,9999.000,9999.000,9999.000,9999.000
202607090812,   0.649,9999.000,9999.000,9999.000,9999.000,9999.000,9999.000,9999.000,9999.000
202607090818,   0.643,9999.000,9999.000,9999.000,9999.000,9999.000,9999.000,9999.000,9999.000
202607090824,   0.640,9999.000,9999.000,9999.000,9999.000,9999.000,9999.000,9999.000,9999.000
202607090830,   0.642,9999.000,9999.000,9999.000,9999.000,9999.000,9999.000,9999.000,9999.000
202607090836,   0.648,9999.000,9999.000,9999.000,9999.000,9999.000,9999.000,9999.000,9999.000
202607090842,   0.658,9999.000,9999.000,9999.000,9999.000,9999.000,9999.000,9999.000,9999.000
202607090848,   0.672,9999.000,9999.000,9999.000,9999.000,9999.000,9999.000,9999.000,9999.000
202607090854,   0.690,9999.000,9999.000,9999.000,9999.000,9999.000,9999.000,9999.000,9999.000
202607090900,   0.712,9999.000,   0.100,   0.043,   0.855,   0.100,   0.855,   0.200,   0.955
202607090906,   0.737,9999.000,9999.000,9999.000,9999.000,9999.000,9999.000,9999.000,9999.000
202607090912,   0.766,9999.000,9999.000,9999.000,9999.000,9999.000,9999.000,9999.000,9999.000
202607090918,   0.798,9999.000,9999.000,9999.000,9999.000,9999.000,9999.000,9999.000,9999.000
202607090924,   0.834,9999.000,9999.000,9999.000,9999.000,9999.000,9999.000,9999.000,9999.000
202607090930,   0.873,9999.000,9999.000,9999.000,9999.000,9999.000,9999.000,9999.000,9999.000
202607090936,   0.915,9999.000,9999.000,9999.000,9999.000,9999.000,9999.000,9999.000,9999.000
202607090942,   0.960,9999.000,9999.000,9999.000,9999.000,9999.000,9999.000,9999.000,9999.000
202607090948,   1.008,9999.000,9999.000,9999.000,9999.000,9999.000,9999.000,9999.000,9999.000
202607090954,   1.058,9999.000,9999.000,9999.000,9999.000,9999.000,9999.000,9999.000,9999.000
202607091000,   1.111,9999.000,   0.100,   0.048,   1.259,   0.100,   1.259,   0.200,   1.359
202607091006,   1.166,9999.000,9999.000,9999.000,9999.000,9999.000,9999.000,9999.000,9999.000
202607091012,   1.224,9999.000,9999.000,9999.000,9999.000,9999.000,9999.000,9999.000,9999.000
202607091018,   1.283,9999.000,9999.000,9999.000,9999.000,9999.000,9999.000,9999.000,9999.000
202607091024,   1.345,9999.000,9999.000,9999.000,9999.000,9999.000,9999.000,9999.000,9999.000
202607091030,   1.408,9999.000,9999.000,9999.000,9999.000,9999.000,9999.000,9999.000,9999.000
202607091036,   1.472,9999.000,9999.000,9999.000,9999.000,9999.000,9999.000,9999.000,9999.000
202607091042,   1.538,9999.000,9999.000,9999.000,9999.000,9999.000,9999.000,9999.000,9999.000
202607091048,   1.605,9999.000,9999.000,9999.000,9999.000,9999.000,9999.000,9999.000,9999.000
202607091054,   1.673,9999.000,9999.000,9999.000,9999.000,9999.000,9999.000,9999.000,9999.000
202607091100,   1.742,9999.000,   0.200,   0.053,   1.995,   0.200,   1.995,   0.300,   2.095
202607091106,   1.811,9999.000,9999.000,9999.000,9999.000,9999.000,9999.000,9999.000,9999.000
202607091112,   1.880,9999.000,9999.000,9999.000,9999.000,9999.000,9999.000,9999.000,9999.000
202607091118,   1.950,9999.000,9999.000,9999.000,9999.000,9999.000,9999.000,9999.000,9999.000
202607091124,   2.020,9999.000,9999.000,9999.000,9999.000,9999.000,9999.000,9999.000,9999.000
202607091130,   2.089,9999.000,9999.000,9999.000,9999.000,9999.000,9999.000,9999.000,9999.000
202607091136,   2.158,9999.000,9999.000,9999.000,9999.000,9999.000,9999.000,9999.000,9999.000
202607091142,   2.227,9999.000,9999.000,9999.000,9999.000,9999.000,9999.000,9999.000,9999.000
202607091148,   2.294,9999.000,9999.000,9999.000,9999.000,9999.000,9999.000,9999.000,9999.000
202607091154,   2.361,9999.000,9999.000,9999.000,9999.000,9999.000,9999.000,9999.000,9999.000
202607091200,   2.427,9999.000,   0.200,   0.058,   2.685,   0.100,   2.585,   0.200,   2.685
202607091206,   2.491,9999.000,9999.000,9999.000,9999.000,9999.000,9999.000,9999.000,9999.000
202607091212,   2.554,9999.000,9999.000,9999.000,9999.000,9999.000,9999.000,9999.000,9999.000
202607091218,   2.616,9999.000,9999.000,9999.000,9999.000,9999.000,9999.000,9999.000,9999.000
202607091224,   2.675,9999.000,9999.000,9999.000,9999.000,9999.000,9999.000,9999.000,9999.000
202607091230,   2.733,9999.000,9999.000,9999.000,9999.000,9999.000,9999.000,9999.000,9999.000
202607091236,   2.788,9999.000,9999.000,9999.000,9999.000,9999.000,9999.000,9999.000,9999.000
202607091242,   2.842,9999.000,9999.000,9999.000,9999.000,9999.000,9999.000,9999.000,9999.000
202607091248,   2.893,9999.000,9999.000,9999.000,9999.000,9999.000,9999.000,9999.000,9999.000
202607091254,   2.942,9999.000,9999.000,9999.000,9999.000,9999.000,9999.000,9999.000,9999.000
202607091300,   2.989,9999.000,   0.200,   0.058,   3.247,   0.100,   3.147,   0.200,   3.247
202607091306,   3.033,9999.000,9999.000,9999.000,9999.000,9999.000,9999.000,9999.000,9999.000
202607091312,   3.074,9999.000,9999.000,9999.000,9999.000,9999.000,9999.000,9999.000,9999.000
202607091318,   3.113,9999.000,9999.000,9999.000,9999.000,9999.000,9999.000,9999.000,9999.000
202607091324,   3.149,9999.000,9999.000,9999.000,9999.000,9999.000,9999.000,9999.000,9999.000
202607091330,   3.183,9999.000,9999.000,9999.000,9999.000,9999.000,9999.000,9999.000,9999.000
202607091336,   3.213,9999.000,9999.000,9999.000,9999.000,9999.000,9999.000,9999.000,9999.000
202607091342,   3.241,9999.000,9999.000,9999.000,9999.000,9999.000,9999.000,9999.000,9999.000
202607091348,   3.266,9999.000,9999.000,9999.000,9999.000,9999.000,9999.000,9999.000,9999.000
202607091354,   3.289,9999.000,9999.000,9999.000,9999.000,9999.000,9999.000,9999.000,9999.000
202607091400,   3.308,9999.000,   0.200,   0.058,   3.566,   0.100,   3.466,   0.200,   3.566
202607091406,   3.325,9999.000,9999.000,9999.000,9999.000,9999.000,9999.000,9999.000,9999.000
202607091412,   3.338,9999.000,9999.000,9999.000,9999.000,9999.000,9999.000,9999.000,9999.000
202607091418,   3.349,9999.000,9999.000,9999.000,9999.000,9999.000,9999.000,9999.000,9999.000
202607091424,   3.358,9999.000,9999.000,9999.000,9999.000,9999.000,9999.000,9999.000,9999.000
202607091430,   3.363,9999.000,9999.000,9999.000,9999.000,9999.000,9999.000,9999.000,9999.000
202607091436,   3.367,9999.000,9999.000,9999.000,9999.000,9999.000,9999.000,9999.000,9999.000
202607091442,   3.367,9999.000,9999.000,9999.000,9999.000,9999.000,9999.000,9999.000,9999.000
202607091448,   3.365,9999.000,9999.000,9999.000,9999.000,9999.000,9999.000,9999.000,9999.000
202607091454,   3.360,9999.000,9999.000,9999.000,9999.000,9999.000,9999.000,9999.000,9999.000
202607091500,   3.353,9999.000,   0.200,   0.058,   3.611,   0.100,   3.511,   0.300,   3.711
202607091506,   3.344,9999.000,9999.000,9999.000,9999.000,9999.000,9999.000,9999.000,9999.000
202607091512,   3.333,9999.000,9999.000,9999.000,9999.000,9999.000,9999.000,9999.000,9999.000
202607091518,   3.319,9999.000,9999.000,9999.000,9999.000,9999.000,9999.000,9999.000,9999.000
202607091524,   3.303,9999.000,9999.000,9999.000,9999.000,9999.000,9999.000,9999.000,9999.000
202607091530,   3.286,9999.000,9999.000,9999.000,9999.000,9999.000,9999.000,9999.000,9999.000
202607091536,   3.266,9999.000,9999.000,9999.000,9999.000,9999.000,9999.000,9999.000,9999.000
202607091542,   3.245,9999.000,9999.000,9999.000,9999.000,9999.000,9999.000,9999.000,9999.000
202607091548,   3.222,9999.000,9999.000,9999.000,9999.000,9999.000,9999.000,9999.000,9999.000
202607091554,   3.197,9999.000,9999.000,9999.000,9999.000,9999.000,9999.000,9999.000,9999.000
202607091600,   3.171,9999.000,   0.200,   0.058,   3.429,   0.200,   3.429,   0.200,   3.429
202607091606,   3.144,9999.000,9999.000,9999.000,9999.000,9999.000,9999.000,9999.000,9999.000
202607091612,   3.116,9999.000,9999.000,9999.000,9999.000,9999.000,9999.000,9999.000,9999.000
202607091618,   3.086,9999.000,9999.000,9999.000,9999.000,9999.000,9999.000,9999.000,9999.000
202607091624,   3.056,9999.000,9999.000,9999.000,9999.000,9999.000,9999.000,9999.000,9999.000
202607091630,   3.025,9999.000,9999.000,9999.000,9999.000,9999.000,9999.000,9999.000,9999.000
202607091636,   2.993,9999.000,9999.000,9999.000,9999.000,9999.000,9999.000,9999.000,9999.000
202607091642,   2.961,9999.000,9999.000,9999.000,9999.000,9999.000,9999.000,9999.000,9999.000
202607091648,   2.929,9999.000,9999.000,9999.000,9999.000,9999.000,9999.000,9999.000,9999.000
202607091654,   2.896,9999.000,9999.000,9999.000,9999.000,9999.000,9999.000,9999.000,9999.000
202607091700,   2.864,9999.000,   0.200,   0.058,   3.122,   0.100,   3.022,   0.200,   3.122
202607091706,   2.831,9999.000,9999.000,9999.000,9999.000,9999.000,9999.000,9999.000,9999.000
202607091712,   2.799,9999.000,9999.000,9999.000,9999.000,9999.000,9999.000,9999.000,9999.000
202607091718,   2.768,9999.000,9999.000,9999.000,9999.000,9999.000,9999.000,9999.000,9999.000
202607091724,   2.737,9999.000,9999.000,9999.000,9999.000,9999.000,9999.000,9999.000,9999.000
202607091730,   2.707,9999.000,9999.000,9999.000,9999.000,9999.000,9999.000,9999.000,9999.000
202607091736,   2.678,9999.000,9999.000,9999.000,9999.000,9999.000,9999.000,9999.000,9999.000
202607091742,   2.650,9999.000,9999.000,9999.000,9999.000,9999.000,9999.000,9999.000,9999.000
202607091748,   2.624,9999.000,9999.000,9999.000,9999.000,9999.000,9999.000,9999.000,9999.000
202607091754,   2.599,9999.000,9999.000,9999.000,9999.000,9999.000,9999.000,9999.000,9999.000
202607091800,   2.576,9999.000,   0.200,   0.058,   2.834,   0.200,   2.834,   0.300,   2.934
202607091806,   2.554,9999.000,9999.000,9999.000,9999.000,9999.000,9999.000,9999.000,9999.000
202607091812,   2.535,9999.000,9999.000,9999.000,9999.000,9999.000,9999.000,9999.000,9999.000
202607091818,   2.518,9999.000,9999.000,9999.000,9999.000,9999.000,9999.000,9999.000,9999.000
202607091824,   2.503,9999.000,9999.000,9999.000,9999.000,9999.000,9999.000,9999.000,9999.000
202607091830,   2.490,9999.000,9999.000,9999.000,9999.000,9999.000,9999.000,9999.000,9999.000
202607091836,   2.480,9999.000,9999.000,9999.000,9999.000,9999.000,9999.000,9999.000,9999.000
202607091842,   2.472,9999.000,9999.000,9999.000,9999.000,9999.000,9999.000,9999.000,9999.000
202607091848,   2.468,9999.000,9999.000,9999.000,9999.000,9999.000,9999.000,9999.000,9999.000
202607091854,   2.466,9999.000,9999.000,9999.000,9999.000,9999.000,9999.000,9999.000,9999.000
202607091900,   2.467,9999.000,   0.300,   0.058,   2.825,   0.300,   2.825,   0.300,   2.825
202607091906,   2.471,9999.000,9999.000,9999.000,9999.000,9999.000,9999.000,9999.000,9999.000
202607091912,   2.478,9999.000,9999.000,9999.000,9999.000,9999.000,9999.000,9999.000,9999.000
202607091918,   2.489,9999.000,9999.000,9999.000,9999.000,9999.000,9999.000,9999.000,9999.000
202607091924,   2.502,9999.000,9999.000,9999.000,9999.000,9999.000,9999.000,9999.000,9999.000
202607091930,   2.519,9999.000,9999.000,9999.000,9999.000,9999.000,9999.000,9999.000,9999.000
202607091936,   2.539,9999.000,9999.000,9999.000,9999.000,9999.000,9999.000,9999.000,9999.000
202607091942,   2.563,9999.000,9999.000,9999.000,9999.000,9999.000,9999.000,9999.000,9999.000
202607091948,   2.589,9999.000,9999.000,9999.000,9999.000,9999.000,9999.000,9999.000,9999.000
202607091954,   2.620,9999.000,9999.000,9999.000,9999.000,9999.000,9999.000,9999.000,9999.000
202607092000,   2.653,9999.000,   0.300,   0.058,   3.011,   0.200,   2.911,   0.300,   3.011
202607092006,   2.690,9999.000,9999.000,9999.000,9999.000,9999.000,9999.000,9999.000,9999.000
202607092012,   2.730,9999.000,9999.000,9999.000,9999.000,9999.000,9999.000,9999.000,9999.000
202607092018,   2.773,9999.000,9999.000,9999.000,9999.000,9999.000,9999.000,9999.000,9999.000
202607092024,   2.820,9999.000,9999.000,9999.000,9999.000,9999.000,9999.000,9999.000,9999.000
202607092030,   2.870,9999.000,9999.000,9999.000,9999.000,9999.000,9999.000,9999.000,9999.000
202607092036,   2.923,9999.000,9999.000,9999.000,9999.000,9999.000,9999.000,9999.000,9999.000
202607092042,   2.979,9999.000,9999.000,9999.000,9999.000,9999.000,9999.000,9999.000,9999.000
202607092048,   3.038,9999.000,9999.000,9999.000,9999.000,9999.000,9999.000,9999.000,9999.000
202607092054,   3.100,9999.000,9999.000,9999.000,9999.000,9999.000,9999.000,9999.000,9999.000
202607092100,   3.164,9999.000,   0.200,   0.058,   3.422,   0.100,   3.322,   0.200,   3.422
202607092106,   3.231,9999.000,9999.000,9999.000,9999.000,9999.000,9999.000,9999.000,9999.000
202607092112,   3.301,9999.000,9999.000,9999.000,9999.000,9999.000,9999.000,9999.000,9999.000
202607092118,   3.374,9999.000,9999.000,9999.000,9999.000,9999.000,9999.000,9999.000,9999.000
202607092124,   3.448,9999.000,9999.000,9999.000,9999.000,9999.000,9999.000,9999.000,9999.000
202607092130,   3.525,9999.000,9999.000,9999.000,9999.000,9999.000,9999.000,9999.000,9999.000
202607092136,   3.604,9999.000,9999.000,9999.000,9999.000,9999.000,9999.000,9999.000,9999.000
202607092142,   3.685,9999.000,9999.000,9999.000,9999.000,9999.000,9999.000,9999.000,9999.000
202607092148,   3.768,9999.000,9999.000,9999.000,9999.000,9999.000,9999.000,9999.000,9999.000
202607092154,   3.852,9999.000,9999.000,9999.000,9999.000,9999.000,9999.000,9999.000,9999.000
202607092200,   3.938,9999.000,   0.200,   0.058,   4.196,   0.100,   4.096,   0.200,   4.196
202607092206,   4.025,9999.000,9999.000,9999.000,9999.000,9999.000,9999.000,9999.000,9999.000
202607092212,   4.113,9999.000,9999.000,9999.000,9999.000,9999.000,9999.000,9999.000,9999.000
202607092218,   4.203,9999.000,9999.000,9999.000,9999.000,9999.000,9999.000,9999.000,9999.000
202607092224,   4.292,9999.000,9999.000,9999.000,9999.000,9999.000,9999.000,9999.000,9999.000
202607092230,   4.383,9999.000,9999.000,9999.000,9999.000,9999.000,9999.000,9999.000,9999.000
202607092236,   4.473,9999.000,9999.000,9999.000,9999.000,9999.000,9999.000,9999.000,9999.000
202607092242,   4.564,9999.000,9999.000,9999.000,9999.000,9999.000,9999.000,9999.000,9999.000
202607092248,   4.655,9999.000,9999.000,9999.000,9999.000,9999.000,9999.000,9999.000,9999.000
202607092254,   4.745,9999.000,9999.000,9999.000,9999.000,9999.000,9999.000,9999.000,9999.000
202607092300,   4.835,9999.000,   0.200,   0.058,   5.093,   0.200,   5.093,   0.300,   5.193
202607092306,   4.924,9999.000,9999.000,9999.000,9999.000,9999.000,9999.000,9999.000,9999.000
202607092312,   5.013,9999.000,9999.000,9999.000,9999.000,9999.000,9999.000,9999.000,9999.000
202607092318,   5.100,9999.000,9999.000,9999.000,9999.000,9999.000,9999.000,9999.000,9999.000
202607092324,   5.185,9999.000,9999.000,9999.000,9999.000,9999.000,9999.000,9999.000,9999.000
202607092330,   5.269,9999.000,9999.000,9999.000,9999.000,9999.000,9999.000,9999.000,9999.000
202607092336,   5.351,9999.000,9999.000,9999.000,9999.000,9999.000,9999.000,9999.000,9999.000
202607092342,   5.431,9999.000,9999.000,9999.000,9999.000,9999.000,9999.000,9999.000,9999.000
202607092348,   5.509,9999.000,9999.000,9999.000,9999.000,9999.000,9999.000,9999.000,9999.000
202607092354,   5.584,9999.000,9999.000,9999.000,9999.000,9999.000,9999.000,9999.000,9999.000
202607100000,   5.656,9999.000,   0.200,   0.058,   5.914,   0.100,   5.814,   0.200,   5.914
202607100006,   5.726,9999.000,9999.000,9999.000,9999.000,9999.000,9999.000,9999.000,9999.000
202607100012,   5.792,9999.000,9999.000,9999.000,9999.000,9999.000,9999.000,9999.000,9999.000
202607100018,   5.856,9999.000,9999.000,9999.000,9999.000,9999.000,9999.000,9999.000,9999.000
202607100024,   5.915,9999.000,9999.000,9999.000,9999.000,9999.000,9999.000,9999.000,9999.000
202607100030,   5.971,9999.000,9999.000,9999.000,9999.000,9999.000,9999.000,9999.000,9999.000
202607100036,   6.023,9999.000,9999.000,9999.000,9999.000,9999.000,9999.000,9999.000,9999.000
202607100042,   6.072,9999.000,9999.000,9999.000,9999.000,9999.000,9999.000,9999.000,9999.000
202607100048,   6.116,9999.000,9999.000,9999.000,9999.000,9999.000,9999.000,9999.000,9999.000
202607100054,   6.155,9999.000,9999.000,9999.000,9999.000,9999.000,9999.000,9999.000,9999.000
202607100100,   6.191,9999.000,   0.100,   0.058,   6.349,   0.000,   6.249,   0.200,   6.449
202607100106,   6.222,9999.000,9999.000,9999.000,9999.000,9999.000,9999.000,9999.000,9999.000
202607100112,   6.248,9999.000,9999.000,9999.000,9999.000,9999.000,9999.000,9999.000,9999.000
202607100118,   6.270,9999.000,9999.000,9999.000,9999.000,9999.000,9999.000,9999.000,9999.000
202607100124,   6.286,9999.000,9999.000,9999.000,9999.000,9999.000,9999.000,9999.000,9999.000
202607100130,   6.298,9999.000,9999.000,9999.000,9999.000,9999.000,9999.000,9999.000,9999.000
202607100136,   6.306,9999.000,9999.000,9999.000,9999.000,9999.000,9999.000,9999.000,9999.000
202607100142,   6.308,9999.000,9999.000,9999.000,9999.000,9999.000,9999.000,9999.000,9999.000
202607100148,   6.305,9999.000,9999.000,9999.000,9999.000,9999.000,9999.000,9999.000,9999.000
202607100154,   6.297,9999.000,9999.000,9999.000,9999.000,9999.000,9999.000,9999.000,9999.000
202607100200,   6.284,9999.000,   0.100,   0.058,   6.442,   0.100,   6.442,   0.200,   6.542
202607100206,   6.266,9999.000,9999.000,9999.000,9999.000,9999.000,9999.000,9999.000,9999.000
202607100212,   6.243,9999.000,9999.000,9999.000,9999.000,9999.000,9999.000,9999.000,9999.000
202607100218,   6.214,9999.000,9999.000,9999.000,9999.000,9999.000,9999.000,9999.000,9999.000
202607100224,   6.181,9999.000,9999.000,9999.000,9999.000,9999.000,9999.000,9999.000,9999.000
202607100230,   6.143,9999.000,9999.000,9999.000,9999.000,9999.000,9999.000,9999.000,9999.000
202607100236,   6.100,9999.000,9999.000,9999.000,9999.000,9999.000,9999.000,9999.000,9999.000
202607100242,   6.052,9999.000,9999.000,9999.000,9999.000,9999.000,9999.000,9999.000,9999.000
202607100248,   5.999,9999.000,9999.000,9999.000,9999.000,9999.000,9999.000,9999.000,9999.000
202607100254,   5.942,9999.000,9999.000,9999.000,9999.000,9999.000,9999.000,9999.000,9999.000
202607100300,   5.879,9999.000,   0.200,   0.058,   6.137,   0.200,   6.137,   0.300,   6.237
202607100306,   5.812,9999.000,9999.000,9999.000,9999.000,9999.000,9999.000,9999.000,9999.000
202607100312,   5.741,9999.000,9999.000,9999.000,9999.000,9999.000,9999.000,9999.000,9999.000
202607100318,   5.665,9999.000,9999.000,9999.000,9999.000,9999.000,9999.000,9999.000,9999.000
202607100324,   5.585,9999.000,9999.000,9999.000,9999.000,9999.000,9999.000,9999.000,9999.000
202607100330,   5.500,9999.000,9999.000,9999.000,9999.000,9999.000,9999.000,9999.000,9999.000
202607100336,   5.411,9999.000,9999.000,9999.000,9999.000,9999.000,9999.000,9999.000,9999.000
202607100342,   5.319,9999.000,9999.000,9999.000,9999.000,9999.000,9999.000,9999.000,9999.000
202607100348,   5.222,9999.000,9999.000,9999.000,9999.000,9999.000,9999.000,9999.000,9999.000
202607100354,   5.122,9999.000,9999.000,9999.000,9999.000,9999.000,9999.000,9999.000,9999.000
202607100400,   5.018,9999.000,   0.200,   0.058,   5.276,   0.200,   5.276,   0.300,   5.376
202607100406,   4.911,9999.000,9999.000,9999.000,9999.000,9999.000,9999.000,9999.000,9999.000
202607100412,   4.801,9999.000,9999.000,9999.000,9999.000,9999.000,9999.000,9999.000,9999.000
202607100418,   4.687,9999.000,9999.000,9999.000,9999.000,9999.000,9999.000,9999.000,9999.000
202607100424,   4.571,9999.000,9999.000,9999.000,9999.000,9999.000,9999.000,9999.000,9999.000
202607100430,   4.452,9999.000,9999.000,9999.000,9999.000,9999.000,9999.000,9999.000,9999.000
202607100436,   4.330,9999.000,9999.000,9999.000,9999.000,9999.000,9999.000,9999.000,9999.000
202607100442,   4.207,9999.000,9999.000,9999.000,9999.000,9999.000,9999.000,9999.000,9999.000
202607100448,   4.081,9999.000,9999.000,9999.000,9999.000,9999.000,9999.000,9999.000,9999.000
202607100454,   3.953,9999.000,9999.000,9999.000,9999.000,9999.000,9999.000,9999.000,9999.000
202607100500,   3.824,9999.000,   0.100,   0.058,   3.982,   0.100,   3.982,   0.200,   4.082
202607100506,   3.693,9999.000,9999.000,9999.000,9999.000,9999.000,9999.000,9999.000,9999.000
202607100512,   3.561,9999.000,9999.000,9999.000,9999.000,9999.000,9999.000,9999.000,9999.000
202607100518,   3.428,9999.000,9999.000,9999.000,9999.000,9999.000,9999.000,9999.000,9999.000
202607100524,   3.294,9999.000,9999.000,9999.000,9999.000,9999.000,9999.000,9999.000,9999.000
202607100530,   3.160,9999.000,9999.000,9999.000,9999.000,9999.000,9999.000,9999.000,9999.000
202607100536,   3.026,9999.000,9999.000,9999.000,9999.000,9999.000,9999.000,9999.000,9999.000
202607100542,   2.891,9999.000,9999.000,9999.000,9999.000,9999.000,9999.000,9999.000,9999.000
202607100548,   2.757,9999.000,9999.000,9999.000,9999.000,9999.000,9999.000,9999.000,9999.000
202607100554,   2.624,9999.000,9999.000,9999.000,9999.000,9999.000,9999.000,9999.000,9999.000
202607100600,   2.491,9999.000,   0.100,   0.058,   2.649,   0.100,   2.649,   0.200,   2.749
202607100606,   2.360,9999.000,9999.000,9999.000,9999.000,9999.000,9999.000,9999.000,9999.000
202607100612,   2.229,9999.000,9999.000,9999.000,9999.000,9999.000,9999.000,9999.000,9999.000
202607100618,   2.100,9999.000,9999.000,9999.000,9999.000,9999.000,9999.000,9999.000,9999.000
202607100624,   1.973,9999.000,9999.000,9999.000,9999.000,9999.000,9999.000,9999.000,9999.000
202607100630,   1.848,9999.000,9999.000,9999.000,9999.000,9999.000,9999.000,9999.000,9999.000
202607100636,   1.725,9999.000,9999.000,9999.000,9999.000,9999.000,9999.000,9999.000,9999.000
202607100642,   1.604,9999.000,9999.000,9999.000,9999.000,9999.000,9999.000,9999.000,9999.000
202607100648,   1.486,9999.000,9999.000,9999.000,9999.000,9999.000,9999.000,9999.000,9999.000
202607100654,   1.371,9999.000,9999.000,9999.000,9999.000,9999.000,9999.000,9999.000,9999.000
202607100700,   1.259,9999.000,   0.200,   0.058,   1.517,   0.200,   1.517,   0.300,   1.617
202607100706,   1.150,9999.000,9999.000,9999.000,9999.000,9999.000,9999.000,9999.000,9999.000
202607100712,   1.045,9999.000,9999.000,9999.000,9999.000,9999.000,9999.000,9999.000,9999.000
202607100718,   0.943,9999.000,9999.000,9999.000,9999.000,9999.000,9999.000,9999.000,9999.000
202607100724,   0.845,9999.000,9999.000,9999.000,9999.000,9999.000,9999.000,9999.000,9999.000
202607100730,   0.751,9999.000,9999.000,9999.000,9999.000,9999.000,9999.000,9999.000,9999.000
202607100736,   0.661,9999.000,9999.000,9999.000,9999.000,9999.000,9999.000,9999.000,9999.000
202607100742,   0.576,9999.000,9999.000,9999.000,9999.000,9999.000,9999.000,9999.000,9999.000
202607100748,   0.494,9999.000,9999.000,9999.000,9999.000,9999.000,9999.000,9999.000,9999.000
202607100754,   0.417,9999.000,9999.000,9999.000,9999.000,9999.000,9999.000,9999.000,9999.000
202607100800,   0.345,9999.000,   0.200,   0.058,   0.603,   0.100,   0.503,   0.200,   0.603
202607100806,   0.277,9999.000,9999.000,9999.000,9999.000,9999.000,9999.000,9999.000,9999.000
202607100812,   0.214,9999.000,9999.000,9999.000,9999.000,9999.000,9999.000,9999.000,9999.000
202607100818,   0.156,9999.000,9999.000,9999.000,9999.000,9999.000,9999.000,9999.000,9999.000
202607100824,   0.103,9999.000,9999.000,9999.000,9999.000,9999.000,9999.000,9999.000,9999.000
202607100830,   0.055,9999.000,9999.000,9999.000,9999.000,9999.000,9999.000,9999.000,9999.000
202607100836,   0.012,9999.000,9999.000,9999.000,9999.000,9999.000,9999.000,9999.000,9999.000
202607100842,  -0.025,9999.000,9999.000,9999.000,9999.000,9999.000,9999.000,9999.000,9999.000
202607100848,  -0.058,9999.000,9999.000,9999.000,9999.000,9999.000,9999.000,9999.000,9999.000
202607100854,  -0.086,9999.000,9999.000,9999.000,9999.000,9999.000,9999.000,9999.000,9999.000
202607100900,  -0.109,9999.000,   0.200,   0.058,   0.149,   0.100,   0.049,   0.200,   0.149
202607100906,  -0.126,9999.000,9999.000,9999.000,9999.000,9999.000,9999.000,9999.000,9999.000
202607100912,  -0.139,9999.000,9999.000,9999.000,9999.000,9999.000,9999.000,9999.000,9999.000
202607100918,  -0.146,9999.000,9999.000,9999.000,9999.000,9999.000,9999.000,9999.000,9999.000
202607100924,  -0.148,9999.000,9999.000,9999.000,9999.000,9999.000,9999.000,9999.000,9999.000
202607100930,  -0.146,9999.000,9999.000,9999.000,9999.000,9999.000,9999.000,9999.000,9999.000
202607100936,  -0.138,9999.000,9999.000,9999.000,9999.000,9999.000,9999.000,9999.000,9999.000
202607100942,  -0.125,9999.000,9999.000,9999.000,9999.000,9999.000,9999.000,9999.000,9999.000
202607100948,  -0.108,9999.000,9999.000,9999.000,9999.000,9999.000,9999.000,9999.000,9999.000
202607100954,  -0.085,9999.000,9999.000,9999.000,9999.000,9999.000,9999.000,9999.000,9999.000
202607101000,  -0.058,9999.000,   0.200,   0.058,   0.200,   0.100,   0.100,   0.200,   0.200
202607101006,  -0.027,9999.000,9999.000,9999.000,9999.000,9999.000,9999.000,9999.000,9999.000
202607101012,   0.009,9999.000,9999.000,9999.000,9999.000,9999.000,9999.000,9999.000,9999.000
202607101018,   0.049,9999.000,9999.000,9999.000,9999.000,9999.000,9999.000,9999.000,9999.000
202607101024,   0.094,9999.000,9999.000,9999.000,9999.000,9999.000,9999.000,9999.000,9999.000
202607101030,   0.142,9999.000,9999.000,9999.000,9999.000,9999.000,9999.000,9999.000,9999.000
202607101036,   0.195,9999.000,9999.000,9999.000,9999.000,9999.000,9999.000,9999.000,9999.000
202607101042,   0.251,9999.000,9999.000,9999.000,9999.000,9999.000,9999.000,9999.000,9999.000
202607101048,   0.311,9999.000,9999.000,9999.000,9999.000,9999.000,9999.000,9999.000,9999.000
202607101054,   0.374,9999.000,9999.000,9999.000,9999.000,9999.000,9999.000,9999.000,9999.000
202607101100,   0.441,9999.000,   0.300,   0.058,   0.799,   0.300,   0.799,   0.300,   0.799
202607101106,   0.511,9999.000,9999.000,9999.000,9999.000,9999.000,9999.000,9999.000,9999.000
202607101112,   0.583,9999.000,9999.000,9999.000,9999.000,9999.000,9999.000,9999.000,9999.000
202607101118,   0.658,9999.000,9999.000,9999.000,9999.000,9999.000,9999.000,9999.000,9999.000
202607101124,   0.735,9999.000,9999.000,9999.000,9999.000,9999.000,9999.000,9999.000,9999.000
202607101130,   0.815,9999.000,9999.000,9999.000,9999.000,9999.000,9999.000,9999.000,9999.000
202607101136,   0.896,9999.000,9999.000,9999.000,9999.000,9999.000,9999.000,9999.000,9999.000
202607101142,   0.979,9999.000,9999.000,9999.000,9999.000,9999.000,9999.000,9999.000,9999.000
202607101148,   1.064,9999.000,9999.000,9999.000,9999.000,9999.000,9999.000,9999.000,9999.000
202607101154,   1.150,9999.000,9999.000,9999.000,9999.000,9999.000,9999.000,9999.000,9999.000
202607101200,   1.237,9999.000,   0.300,   0.058,   1.595,   0.200,   1.495,   0.300,   1.595
202607101206,   1.325,9999.000,9999.000,9999.000,9999.000,9999.000,9999.000,9999.000,9999.000
202607101212,   1.413,9999.000,9999.000,9999.000,9999.000,9999.000,9999.000,9999.000,9999.000
202607101218,   1.502,9999.000,9999.000,9999.000,9999.000,9999.000,9999.000,9999.000,9999.000
202607101224,   1.591,9999.000,9999.000,9999.000,9999.000,9999.000,9999.000,9999.000,9999.000
202607101230,   1.680,9999.000,9999.000,9999.000,9999.000,9999.000,9999.000,9999.000,9999.000
202607101236,   1.768,9999.000,9999.000,9999.000,9999.000,9999.000,9999.000,9999.000,9999.000
202607101242,   1.857,9999.000,9999.000,9999.000,9999.000,9999.000,9999.000,9999.000,9999.000
202607101248,   1.944,9999.000,9999.000,9999.000,9999.000,9999.000,9999.000,9999.000,9999.000
202607101254,   2.031,9999.000,9999.000,9999.000,9999.000,9999.000,9999.000,9999.000,9999.000
202607101300,   2.116,9999.000,   0.200,   0.058,   2.374,   0.200,   2.374,   0.300,   2.474
202607101306,   2.200,9999.000,9999.000,9999.000,9999.000,9999.000,9999.000,9999.000,9999.000
202607101312,   2.283,9999.000,9999.000,9999.000,9999.000,9999.000,9999.000,9999.000,9999.000
202607101318,   2.365,9999.000,9999.000,9999.000,9999.000,9999.000,9999.000,9999.000,9999.000
202607101324,   2.444,9999.000,9999.000,9999.000,9999.000,9999.000,9999.000,9999.000,9999.000
202607101330,   2.522,9999.000,9999.000,9999.000,9999.000,9999.000,9999.000,9999.000,9999.000
202607101336,   2.598,9999.000,9999.000,9999.000,9999.000,9999.000,9999.000,9999.000,9999.000
202607101342,   2.671,9999.000,9999.000,9999.000,9999.000,9999.000,9999.000,9999.000,9999.000
202607101348,   2.743,9999.000,9999.000,9999.000,9999.000,9999.000,9999.000,9999.000,9999.000
202607101354,   2.812,9999.000,9999.000,9999.000,9999.000,9999.000,9999.000,9999.000,9999.000
202607101400,   2.878,9999.000,   0.300,   0.058,   3.236,   0.200,   3.136,   0.300,   3.236
202607101406,   2.942,9999.000,9999.000,9999.000,9999.000,9999.000,9999.000,9999.000,9999.000
202607101412,   3.003,9999.000,9999.000,9999.000,9999.000,9999.000,9999.000,9999.000,9999.000
202607101418,   3.061,9999.000,9999.000,9999.000,9999.000,9999.000,9999.000,9999.000,9999.000
202607101424,   3.117,9999.000,9999.000,9999.000,9999.000,9999.000,9999.000,9999.000,9999.000
202607101430,   3.169,9999.000,9999.000,9999.000,9999.000,9999.000,9999.000,9999.000,9999.000
202607101436,   3.219,9999.000,9999.000,9999.000,9999.000,9999.000,9999.000,9999.000,9999.000
202607101442,   3.266,9999.000,9999.000,9999.000,9999.000,9999.000,9999.000,9999.000,9999.000
202607101448,   3.309,9999.000,9999.000,9999.000,9999.000,9999.000,9999.000,9999.000,9999.000
202607101454,   3.350,9999.000,9999.000,9999.000,9999.000,9999.000,9999.000,9999.000,9999.000
202607101500,   3.387,9999.000,   0.300,   0.058,   3.745,   0.300,   3.745,   0.300,   3.745
202607101506,   3.421,9999.000,9999.000,9999.000,9999.000,9999.000,9999.000,9999.000,9999.000
202607101512,   3.452,9999.000,9999.000,9999.000,9999.000,9999.000,9999.000,9999.000,9999.000
202607101518,   3.480,9999.000,9999.000,9999.000,9999.000,9999.000,9999.000,9999.000,9999.000
202607101524,   3.504,9999.000,9999.000,9999.000,9999.000,9999.000,9999.000,9999.000,9999.000
202607101530,   3.526,9999.000,9999.000,9999.000,9999.000,9999.000,9999.000,9999.000,9999.000
202607101536,   3.544,9999.000,9999.000,9999.000,9999.000,9999.000,9999.000,9999.000,9999.000
202607101542,   3.559,9999.000,9999.000,9999.000,9999.000,9999.000,9999.000,9999.000,9999.000
202607101548,   3.571,9999.000,9999.000,9999.000,9999.000,9999.000,9999.000,9999.000,9999.000
202607101554,   3.580,9999.000,9999.000,9999.000,9999.000,9999.000,9999.000,9999.000,9999.000
202607101600,   3.586,9999.000,   0.300,   0.058,   3.944,   0.300,   3.944,   0.300,   3.944
202607101606,   3.589,9999.000,9999.000,9999.000,9999.000,9999.000,9999.000,9999.000,9999.000
202607101612,   3.590,9999.000,9999.000,9999.000,9999.000,9999.000,9999.000,9999.000,9999.000
202607101618,   3.587,9999.000,9999.000,9999.000,9999.000,9999.000,9999.000,9999.000,9999.000
202607101624,   3.582,9999.000,9999.000,9999.000,9999.000,9999.000,9999.000,9999.000,9999.000
202607101630,   3.574,9999.000,9999.000,9999.000,9999.000,9999.000,9999.000,9999.000,9999.000
202607101636,   3.563,9999.000,9999.000,9999.000,9999.000,9999.000,9999.000,9999.000,9999.000
202607101642,   3.550,9999.000,9999.000,9999.000,9999.000,9999.000,9999.000,9999.000,9999.000
202607101648,   3.535,9999.000,9999.000,9999.000,9999.000,9999.000,9999.000,9999.000,9999.000
202607101654,   3.518,9999.000,9999.000,9999.000,9999.000,9999.000,9999.000,9999.000,9999.000
202607101700,   3.499,9999.000,   0.200,   0.058,   3.757,   0.200,   3.757,   0.300,   3.857
202607101706,   3.478,9999.000,9999.000,9999.000,9999.000,9999.000,9999.000,9999.000,9999.000
202607101712,   3.455,9999.000,9999.000,9999.000,9999.000,9999.000,9999.000,9999.000,9999.000
202607101718,   3.431,9999.000,9999.000,9999.000,9999.000,9999.000,9999.000,9999.000,9999.000
202607101724,   3.405,9999.000,9999.000,9999.000,9999.000,9999.000,9999.000,9999.000,9999.000
202607101730,   3.378,9999.000,9999.000,9999.000,9999.000,9999.000,9999.000,9999.000,9999.000
202607101736,   3.350,9999.000,9999.000,9999.000,9999.000,9999.000,9999.000,9999.000,9999.000
202607101742,   3.322,9999.000,9999.000,9999.000,9999.000,9999.000,9999.000,9999.000,9999.000
202607101748,   3.292,9999.000,9999.000,9999.000,9999.000,9999.000,9999.000,9999.000,9999.000
202607101754,   3.263,9999.000,9999.000,9999.000,9999.000,9999.000,9999.000,9999.000,9999.000
202607101800,   3.232,9999.000,   0.300,   0.058,   3.590,   0.200,   3.490,   0.300,   3.590
202607101806,   3.202,9999.000,9999.000,9999.000,9999.000,9999.000,9999.000,9999.000,9999.000
202607101812,   3.172,9999.000,9999.000,9999.000,9999.000,9999.000,9999.000,9999.000,9999.000
202607101818,   3.142,9999.000,9999.000,9999.000,9999.000,9999.000,9999.000,9999.000,9999.000
202607101824,   3.113,9999.000,9999.000,9999.000,9999.000,9999.000,9999.000,9999.000,9999.000
202607101830,   3.084,9999.000,9999.000,9999.000,9999.000,9999.000,9999.000,9999.000,9999.000
202607101836,   3.057,9999.000,9999.000,9999.000,9999.000,9999.000,9999.000,9999.000,9999.000
202607101842,   3.030,9999.000,9999.000,9999.000,9999.000,9999.000,9999.000,9999.000,9999.000
202607101848,   3.004,9999.000,9999.000,9999.000,9999.000,9999.000,9999.000,9999.000,9999.000
202607101854,   2.980,9999.000,9999.000,9999.000,9999.000,9999.000,9999.000,9999.000,9999.000
202607101900,   2.957,9999.000,   0.400,   0.058,   3.415,   0.300,   3.315,   0.400,   3.415
202607101906,   2.937,9999.000,9999.000,9999.000,9999.000,9999.000,9999.000,9999.000,9999.000
202607101912,   2.918,9999.000,9999.000,9999.000,9999.000,9999.000,9999.000,9999.000,9999.000
202607101918,   2.901,9999.000,9999.000,9999.000,9999.000,9999.000,9999.000,9999.000,9999.000
202607101924,   2.886,9999.000,9999.000,9999.000,9999.000,9999.000,9999.000,9999.000,9999.000
202607101930,   2.873,9999.000,9999.000,9999.000,9999.000,9999.000,9999.000,9999.000,9999.000
202607101936,   2.863,9999.000,9999.000,9999.000,9999.000,9999.000,9999.000,9999.000,9999.000
202607101942,   2.855,9999.000,9999.000,9999.000,9999.000,9999.000,9999.000,9999.000,9999.000
202607101948,   2.851,9999.000,9999.000,9999.000,9999.000,9999.000,9999.000,9999.000,9999.000
202607101954,   2.848,9999.000,9999.000,9999.000,9999.000,9999.000,9999.000,9999.000,9999.000
202607102000,   2.849,9999.000,   0.300,   0.058,   3.207,   0.300,   3.207,   0.400,   3.307
202607102006,   2.853,9999.000,9999.000,9999.000,9999.000,9999.000,9999.000,9999.000,9999.000
202607102012,   2.860,9999.000,9999.000,9999.000,9999.000,9999.000,9999.000,9999.000,9999.000
202607102018,   2.870,9999.000,9999.000,9999.000,9999.000,9999.000,9999.000,9999.000,9999.000
202607102024,   2.883,9999.000,9999.000,9999.000,9999.000,9999.000,9999.000,9999.000,9999.000
202607102030,   2.899,9999.000,9999.000,9999.000,9999.000,9999.000,9999.000,9999.000,9999.000
202607102036,   2.919,9999.000,9999.000,9999.000,9999.000,9999.000,9999.000,9999.000,9999.000
202607102042,   2.942,9999.000,9999.000,9999.000,9999.000,9999.000,9999.000,9999.000,9999.000
202607102048,   2.968,9999.000,9999.000,9999.000,9999.000,9999.000,9999.000,9999.000,9999.000
202607102054,   2.998,9999.000,9999.000,9999.000,9999.000,9999.000,9999.000,9999.000,9999.000
202607102100,   3.031,9999.000,   0.200,   0.058,   3.289,   0.100,   3.189,   0.300,   3.389
202607102106,   3.068,9999.000,9999.000,9999.000,9999.000,9999.000,9999.000,9999.000,9999.000
202607102112,   3.108,9999.000,9999.000,9999.000,9999.000,9999.000,9999.000,9999.000,9999.000
202607102118,   3.151,9999.000,9999.000,9999.000,9999.000,9999.000,9999.000,9999.000,9999.000
202607102124,   3.198,9999.000,9999.000,9999.000,9999.000,9999.000,9999.000,9999.000,9999.000
202607102130,   3.248,9999.000,9999.000,9999.000,9999.000,9999.000,9999.000,9999.000,9999.000
202607102136,   3.302,9999.000,9999.000,9999.000,9999.000,9999.000,9999.000,9999.000,9999.000
202607102142,   3.359,9999.000,9999.000,9999.000,9999.000,9999.000,9999.000,9999.000,9999.000
202607102148,   3.419,9999.000,9999.000,9999.000,9999.000,9999.000,9999.000,9999.000,9999.000
202607102154,   3.481,9999.000,9999.000,9999.000,9999.000,9999.000,9999.000,9999.000,9999.000
202607102200,   3.547,9999.000,   0.200,   0.058,   3.805,   0.200,   3.805,   0.300,   3.905
202607102206,   3.616,9999.000,9999.000,9999.000,9999.000,9999.000,9999.000,9999.000,9999.000
202607102212,   3.688,9999.000,9999.000,9999.000,9999.000,9999.000,9999.000,9999.000,9999.000
202607102218,   3.762,9999.000,9999.000,9999.000,9999.000,9999.000,9999.000,9999.000,9999.000
202607102224,   3.839,9999.000,9999.000,9999.000,9999.000,9999.000,9999.000,9999.000,9999.000
202607102230,   3.918,9999.000,9999.000,9999.000,9999.000,9999.000,9999.000,9999.000,9999.000
202607102236,   4.000,9999.000,9999.000,9999.000,9999.000,9999.000,9999.000,9999.000,9999.000
202607102242,   4.084,9999.000,9999.000,9999.000,9999.000,9999.000,9999.000,9999.000,9999.000
202607102248,   4.169,9999.000,9999.000,9999.000,9999.000,9999.000,9999.000,9999.000,9999.000
202607102254,   4.256,9999.000,9999.000,9999.000,9999.000,9999.000,9999.000,9999.000,9999.000
202607102300,   4.345,9999.000,   0.300,   0.058,   4.703,   0.300,   4.703,   0.400,   4.803
202607102306,   4.435,9999.000,9999.000,9999.000,9999.000,9999.000,9999.000,9999.000,9999.000
202607102312,   4.526,9999.000,9999.000,9999.000,9999.000,9999.000,9999.000,9999.000,9999.000
202607102318,   4.618,9999.000,9999.000,9999.000,9999.000,9999.000,9999.000,9999.000,9999.000
202607102324,   4.711,9999.000,9999.000,9999.000,9999.000,9999.000,9999.000,9999.000,9999.000
202607102330,   4.804,9999.000,9999.000,9999.000,9999.000,9999.000,9999.000,9999.000,9999.000
202607102336,   4.897,9999.000,9999.000,9999.000,9999.000,9999.000,9999.000,9999.000,9999.000
202607102342,   4.990,9999.000,9999.000,9999.000,9999.000,9999.000,9999.000,9999.000,9999.000
202607102348,   5.084,9999.000,9999.000,9999.000,9999.000,9999.000,9999.000,9999.000,9999.000
202607102354,   5.176,9999.000,9999.000,9999.000,9999.000,9999.000,9999.000,9999.000,9999.000
202607110000,   5.268,9999.000,   0.400,   0.058,   5.726,   0.300,   5.626,   0.400,   5.726
202607110006,   5.359,9999.000,9999.000,9999.000,9999.000,9999.000,9999.000,9999.000,9999.000
202607110012,   5.448,9999.000,9999.000,9999.000,9999.000,9999.000,9999.000,9999.000,9999.000
202607110018,   5.536,9999.000,9999.000,9999.000,9999.000,9999.000,9999.000,9999.000,9999.000
202607110024,   5.622,9999.000,9999.000,9999.000,9999.000,9999.000,9999.000,9999.000,9999.000
202607110030,   5.707,9999.000,9999.000,9999.000,9999.000,9999.000,9999.000,9999.000,9999.000
202607110036,   5.789,9999.000,9999.000,9999.000,9999.000,9999.000,9999.000,9999.000,9999.000
202607110042,   5.868,9999.000,9999.000,9999.000,9999.000,9999.000,9999.000,9999.000,9999.000
202607110048,   5.946,9999.000,9999.000,9999.000,9999.000,9999.000,9999.000,9999.000,9999.000
202607110054,   6.020,9999.000,9999.000,9999.000,9999.000,9999.000,9999.000,9999.000,9999.000
202607110100,   6.091,9999.000,   0.200,   0.058,   6.349,   0.100,   6.249,   0.300,   6.449
202607110106,   6.159,9999.000,9999.000,9999.000,9999.000,9999.000,9999.000,9999.000,9999.000
202607110112,   6.223,9999.000,9999.000,9999.000,9999.000,9999.000,9999.000,9999.000,9999.000
202607110118,   6.284,9999.000,9999.000,9999.000,9999.000,9999.000,9999.000,9999.000,9999.000
202607110124,   6.340,9999.000,9999.000,9999.000,9999.000,9999.000,9999.000,9999.000,9999.000
202607110130,   6.393,9999.000,9999.000,9999.000,9999.000,9999.000,9999.000,9999.000,9999.000
202607110136,   6.442,9999.000,9999.000,9999.000,9999.000,9999.000,9999.000,9999.000,9999.000
202607110142,   6.486,9999.000,9999.000,9999.000,9999.000,9999.000,9999.000,9999.000,9999.000
202607110148,   6.526,9999.000,9999.000,9999.000,9999.000,9999.000,9999.000,9999.000,9999.000
202607110154,   6.561,9999.000,9999.000,9999.000,9999.000,9999.000,9999.000,9999.000,9999.000
202607110200,   6.591,9999.000,   0.300,   0.058,   6.949,   0.200,   6.849,   0.300,   6.949
202607110206,   6.617,9999.000,9999.000,9999.000,9999.000,9999.000,9999.000,9999.000,9999.000
202607110212,   6.637,9999.000,9999.000,9999.000,9999.000,9999.000,9999.000,9999.000,9999.000
202607110218,   6.653,9999.000,9999.000,9999.000,9999.000,9999.000,9999.000,9999.000,9999.000
202607110224,   6.663,9999.000,9999.000,9999.000,9999.000,9999.000,9999.000,9999.000,9999.000
202607110230,   6.668,9999.000,9999.000,9999.000,9999.000,9999.000,9999.000,9999.000,9999.000
202607110236,   6.668,9999.000,9999.000,9999.000,9999.000,9999.000,9999.000,9999.000,9999.000
202607110242,   6.662,9999.000,9999.000,9999.000,9999.000,9999.000,9999.000,9999.000,9999.000
202607110248,   6.651,9999.000,9999.000,9999.000,9999.000,9999.000,9999.000,9999.000,9999.000
202607110254,   6.634,9999.000,9999.000,9999.000,9999.000,9999.000,9999.000,9999.000,9999.000
202607110300,   6.612,9999.000,   0.300,   0.058,   6.970,   0.200,   6.870,   0.400,   7.070
202607110306,   6.584,9999.000,9999.000,9999.000,9999.000,9999.000,9999.000,9999.000,9999.000
202607110312,   6.551,9999.000,9999.000,9999.000,9999.000,9999.000,9999.000,9999.000,9999.000
202607110318,   6.512,9999.000,9999.000,9999.000,9999.000,9999.000,9999.000,9999.000,9999.000
202607110324,   6.467,9999.000,9999.000,9999.000,9999.000,9999.000,9999.000,9999.000,9999.000
202607110330,   6.417,9999.000,9999.000,9999.000,9999.000,9999.000,9999.000,9999.000,9999.000
202607110336,   6.361,9999.000,9999.000,9999.000,9999.000,9999.000,9999.000,9999.000,9999.000
202607110342,   6.300,9999.000,9999.000,9999.000,9999.000,9999.000,9999.000,9999.000,9999.000
202607110348,   6.233,9999.000,9999.000,9999.000,9999.000,9999.000,9999.000,9999.000,9999.000
202607110354,   6.161,9999.000,9999.000,9999.000,9999.000,9999.000,9999.000,9999.000,9999.000
202607110400,   6.084,9999.000,   0.300,   0.058,   6.442,   0.200,   6.342,   0.400,   6.542
202607110406,   6.001,9999.000,9999.000,9999.000,9999.000,9999.000,9999.000,9999.000,9999.000
202607110412,   5.913,9999.000,9999.000,9999.000,9999.000,9999.000,9999.000,9999.000,9999.000
202607110418,   5.820,9999.000,9999.000,9999.000,9999.000,9999.000,9999.000,9999.000,9999.000
202607110424,   5.723,9999.000,9999.000,9999.000,9999.000,9999.000,9999.000,9999.000,9999.000
202607110430,   5.620,9999.000,9999.000,9999.000,9999.000,9999.000,9999.000,9999.000,9999.000
202607110436,   5.513,9999.000,9999.000,9999.000,9999.000,9999.000,9999.000,9999.000,9999.000
202607110442,   5.401,9999.000,9999.000,9999.000,9999.000,9999.000,9999.000,9999.000,9999.000
202607110448,   5.285,9999.000,9999.000,9999.000,9999.000,9999.000,9999.000,9999.000,9999.000
202607110454,   5.165,9999.000,9999.000,9999.000,9999.000,9999.000,9999.000,9999.000,9999.000
202607110500,   5.041,9999.000,   0.200,   0.058,   5.299,   0.100,   5.199,   0.300,   5.399
202607110506,   4.913,9999.000,9999.000,9999.000,9999.000,9999.000,9999.000,9999.000,9999.000
202607110512,   4.781,9999.000,9999.000,9999.000,9999.000,9999.000,9999.000,9999.000,9999.000
202607110518,   4.646,9999.000,9999.000,9999.000,9999.000,9999.000,9999.000,9999.000,9999.000
202607110524,   4.508,9999.000,9999.000,9999.000,9999.000,9999.000,9999.000,9999.000,9999.000
202607110530,   4.367,9999.000,9999.000,9999.000,9999.000,9999.000,9999.000,9999.000,9999.000
202607110536,   4.224,9999.000,9999.000,9999.000,9999.000,9999.000,9999.000,9999.000,9999.000
202607110542,   4.078,9999.000,9999.000,9999.000,9999.000,9999.000,9999.000,9999.000,9999.000
202607110548,   3.930,9999.000,9999.000,9999.000,9999.000,9999.000,9999.000,9999.000,9999.000
202607110554,   3.780,9999.000,9999.000,9999.000,9999.000,9999.000,9999.000,9999.000,9999.000
202607110600,   3.628,9999.000,   0.200,   0.058,   3.886,   0.100,   3.786,   0.300,   3.986
202607110606,   3.475,9999.000,9999.000,9999.000,9999.000,9999.000,9999.000,9999.000,9999.000
202607110612,   3.321,9999.000,9999.000,9999.000,9999.000,9999.000,9999.000,9999.000,9999.000
202607110618,   3.167,9999.000,9999.000,9999.000,9999.000,9999.000,9999.000,9999.000,9999.000
202607110624,   3.011,9999.000,9999.000,9999.000,9999.000,9999.000,9999.000,9999.000,9999.000
202607110630,   2.856,9999.000,9999.000,9999.000,9999.000,9999.000,9999.000,9999.000,9999.000
202607110636,   2.701,9999.000,9999.000,9999.000,9999.000,9999.000,9999.000,9999.000,9999.000
202607110642,   2.546,9999.000,9999.000,9999.000,9999.000,9999.000,9999.000,9999.000,9999.000
202607110648,   2.391,9999.000,9999.000,9999.000,9999.000,9999.000,9999.000,9999.000,9999.000
202607110654,   2.238,9999.000,9999.000,9999.000,9999.000,9999.000,9999.000,9999.000,9999.000
202607110700,   2.085,9999.000,   0.300,   0.058,   2.443,   0.200,   2.343,   0.300,   2.443
202607110706,   1.934,9999.000,9999.000,9999.000,9999.000,9999.000,9999.000,9999.000,9999.000
202607110712,   1.785,9999.000,9999.000,9999.000,9999.000,9999.000,9999.000,9999.000,9999.000
202607110718,   1.637,9999.000,9999.000,9999.000,9999.000,9999.000,9999.000,9999.000,9999.000
202607110724,   1.492,9999.000,9999.000,9999.000,9999.000,9999.000,9999.000,9999.000,9999.000
202607110730,   1.350,9999.000,9999.000,9999.000,9999.000,9999.000,9999.000,9999.000,9999.000
202607110736,   1.210,9999.000,9999.000,9999.000,9999.000,9999.000,9999.000,9999.000,9999.000
202607110742,   1.073,9999.000,9999.000,9999.000,9999.000,9999.000,9999.000,9999.000,9999.000
202607110748,   0.939,9999.000,9999.000,9999.000,9999.000,9999.000,9999.000,9999.000,9999.000
202607110754,   0.809,9999.000,9999.000,9999.000,9999.000,9999.000,9999.000,9999.000,9999.000
202607110800,   0.682,9999.000,   0.200,   0.058,   0.940,   0.200,   0.940,   0.300,   1.040
202607110806,   0.559,9999.000,9999.000,9999.000,9999.000,9999.000,9999.000,9999.000,9999.000
202607110812,   0.440,9999.000,9999.000,9999.000,9999.000,9999.000,9999.000,9999.000,9999.000
202607110818,   0.325,9999.000,9999.000,9999.000,9999.000,9999.000,9999.000,9999.000,9999.000
202607110824,   0.215,9999.000,9999.000,9999.000,9999.000,9999.000,9999.000,9999.000,9999.000
202607110830,   0.110,9999.000,9999.000,9999.000,9999.000,9999.000,9999.000,9999.000,9999.000
202607110836,   0.009,9999.000,9999.000,9999.000,9999.000,9999.000,9999.000,9999.000,9999.000
202607110842,  -0.086,9999.000,9999.000,9999.000,9999.000,9999.000,9999.000,9999.000,9999.000
202607110848,  -0.177,9999.000,9999.000,9999.000,9999.000,9999.000,9999.000,9999.000,9999.000
202607110854,  -0.262,9999.000,9999.000,9999.000,9999.000,9999.000,9999.000,9999.000,9999.000
202607110900,  -0.342,9999.000,   0.200,   0.058,  -0.084,   0.100,  -0.184,   0.300,   0.016
202607110906,  -0.416,9999.000,9999.000,9999.000,9999.000,9999.000,9999.000,9999.000,9999.000
202607110912,  -0.485,9999.000,9999.000,9999.000,9999.000,9999.000,9999.000,9999.000,9999.000
202607110918,  -0.548,9999.000,9999.000,9999.000,9999.000,9999.000,9999.000,9999.000,9999.000
202607110924,  -0.606,9999.000,9999.000,9999.000,9999.000,9999.000,9999.000,9999.000,9999.000
202607110930,  -0.657,9999.000,9999.000,9999.000,9999.000,9999.000,9999.000,9999.000,9999.000
202607110936,  -0.702,9999.000,9999.000,9999.000,9999.000,9999.000,9999.000,9999.000,9999.000
202607110942,  -0.741,9999.000,9999.000,9999.000,9999.000,9999.000,9999.000,9999.000,9999.000
202607110948,  -0.775,9999.000,9999.000,9999.000,9999.000,9999.000,9999.000,9999.000,9999.000
202607110954,  -0.802,9999.000,9999.000,9999.000,9999.000,9999.000,9999.000,9999.000,9999.000
202607111000,  -0.823,9999.000,   0.200,   0.058,  -0.565,   0.100,  -0.665,   0.300,  -0.465
202607111006,  -0.837,9999.000,9999.000,9999.000,9999.000,9999.000,9999.000,9999.000,9999.000
202607111012,  -0.846,9999.000,9999.000,9999.000,9999.000,9999.000,9999.000,9999.000,9999.000
202607111018,  -0.849,9999.000,9999.000,9999.000,9999.000,9999.000,9999.000,9999.000,9999.000
202607111024,  -0.845,9999.000,9999.000,9999.000,9999.000,9999.000,9999.000,9999.000,9999.000
202607111030,  -0.836,9999.000,9999.000,9999.000,9999.000,9999.000,9999.000,9999.000,9999.000
202607111036,  -0.820,9999.000,9999.000,9999.000,9999.000,9999.000,9999.000,9999.000,9999.000
202607111042,  -0.799,9999.000,9999.000,9999.000,9999.000,9999.000,9999.000,9999.000,9999.000
202607111048,  -0.772,9999.000,9999.000,9999.000,9999.000,9999.000,9999.000,9999.000,9999.000
202607111054,  -0.740,9999.000,9999.000,9999.000,9999.000,9999.000,9999.000,9999.000,9999.000
202607111100,  -0.702,9999.000,   0.300,   0.058,  -0.344,   0.300,  -0.344,   0.400,  -0.244
202607111106,  -0.658,9999.000,9999.000,9999.000,9999.000,9999.000,9999.000,9999.000,9999.000
202607111112,  -0.609,9999.000,9999.000,9999.000,9999.000,9999.000,9999.000,9999.000,9999.000
202607111118,  -0.556,9999.000,9999.000,9999.000,9999.000,9999.000,9999.000,9999.000,9999.000
202607111124,  -0.497,9999.000,9999.000,9999.000,9999.000,9999.000,9999.000,9999.000,9999.000
202607111130,  -0.434,9999.000,9999.000,9999.000,9999.000,9999.000,9999.000,9999.000,9999.000
202607111136,  -0.366,9999.000,9999.000,9999.000,9999.000,9999.000,9999.000,9999.000,9999.000
202607111142,  -0.294,9999.000,9999.000,9999.000,9999.000,9999.000,9999.000,9999.000,9999.000
202607111148,  -0.218,9999.000,9999.000,9999.000,9999.000,9999.000,9999.000,9999.000,9999.000
202607111154,  -0.138,9999.000,9999.000,9999.000,9999.000,9999.000,9999.000,9999.000,9999.000
202607111200,  -0.054,9999.000,   0.300,   0.058,   0.304,   0.200,   0.204,   0.300,   0.304
202607111206,   0.032,9999.000,9999.000,9999.000,9999.000,9999.000,9999.000,9999.000,9999.000
202607111212,   0.122,9999.000,9999.000,9999.000,9999.000,9999.000,9999.000,9999.000,9999.000
202607111218,   0.215,9999.000,9999.000,9999.000,9999.000,9999.000,9999.000,9999.000,9999.000
202607111224,   0.311,9999.000,9999.000,9999.000,9999.000,9999.000,9999.000,9999.000,9999.000
202607111230,   0.409,9999.000,9999.000,9999.000,9999.000,9999.000,9999.000,9999.000,9999.000
202607111236,   0.509,9999.000,9999.000,9999.000,9999.000,9999.000,9999.000,9999.000,9999.000
202607111242,   0.611,9999.000,9999.000,9999.000,9999.000,9999.000,9999.000,9999.000,9999.000
202607111248,   0.715,9999.000,9999.000,9999.000,9999.000,9999.000,9999.000,9999.000,9999.000
202607111254,   0.821,9999.000,9999.000,9999.000,9999.000,9999.000,9999.000,9999.000,9999.000
202607111300,   0.927,9999.000,   0.200,   0.058,   1.185,   0.100,   1.085,   0.300,   1.285
202607111306,   1.035,9999.000,9999.000,9999.000,9999.000,9999.000,9999.000,9999.000,9999.000
202607111312,   1.143,9999.000,9999.000,9999.000,9999.000,9999.000,9999.000,9999.000,9999.000
202607111318,   1.252,9999.000,9999.000,9999.000,9999.000,9999.000,9999.000,9999.000,9999.000
202607111324,   1.360,9999.000,9999.000,9999.000,9999.000,9999.000,9999.000,9999.000,9999.000
202607111330,   1.469,9999.000,9999.000,9999.000,9999.000,9999.000,9999.000,9999.000,9999.000
202607111336,   1.578,9999.000,9999.000,9999.000,9999.000,9999.000,9999.000,9999.000,9999.000
202607111342,   1.686,9999.000,9999.000,9999.000,9999.000,9999.000,9999.000,9999.000,9999.000
202607111348,   1.793,9999.000,9999.000,9999.000,9999.000,9999.000,9999.000,9999.000,9999.000
202607111354,   1.900,9999.000,9999.000,9999.000,9999.000,9999.000,9999.000,9999.000,9999.000
202607111400,   2.005,9999.000,   0.300,   0.058,   2.363,   0.200,   2.263,   0.300,   2.363
202607111406,   2.109,9999.000,9999.000,9999.000,9999.000,9999.000,9999.000,9999.000,9999.000
202607111412,   2.212,9999.000,9999.000,9999.000,9999.000,9999.000,9999.000,9999.000,9999.000
202607111418,   2.313,9999.000,9999.000,9999.000,9999.000,9999.000,9999.000,9999.000,9999.000
202607111424,   2.412,9999.000,9999.000,9999.000,9999.000,9999.000,9999.000,9999.000,9999.000
202607111430,   2.509,9999.000,9999.000,9999.000,9999.000,9999.000,9999.000,9999.000,9999.000
202607111436,   2.603,9999.000,9999.000,9999.000,9999.000,9999.000,9999.000,9999.000,9999.000
202607111442,   2.696,9999.000,9999.000,9999.000,9999.000,9999.000,9999.000,9999.000,9999.000
202607111448,   2.785,9999.000,9999.000,9999.000,9999.000,9999.000,9999.000,9999.000,9999.000
202607111454,   2.872,9999.000,9999.000,9999.000,9999.000,9999.000,9999.000,9999.000,9999.000
202607111500,   2.956,9999.000,   0.300,   0.058,   3.314,   0.200,   3.214,   0.400,   3.414
202607111506,   3.037,9999.000,9999.000,9999.000,9999.000,9999.000,9999.000,9999.000,9999.000
202607111512,   3.115,9999.000,9999.000,9999.000,9999.000,9999.000,9999.000,9999.000,9999.000
202607111518,   3.189,9999.000,9999.000,9999.000,9999.000,9999.000,9999.000,9999.000,9999.000
202607111524,   3.260,9999.000,9999.000,9999.000,9999.000,9999.000,9999.000,9999.000,9999.000
202607111530,   3.328,9999.000,9999.000,9999.000,9999.000,9999.000,9999.000,9999.000,9999.000
202607111536,   3.392,9999.000,9999.000,9999.000,9999.000,9999.000,9999.000,9999.000,9999.000
202607111542,   3.452,9999.000,9999.000,9999.000,9999.000,9999.000,9999.000,9999.000,9999.000
202607111548,   3.509,9999.000,9999.000,9999.000,9999.000,9999.000,9999.000,9999.000,9999.000
202607111554,   3.562,9999.000,9999.000,9999.000,9999.000,9999.000,9999.000,9999.000,9999.000
202607111600,   3.611,9999.000,   0.300,   0.058,   3.969,   0.300,   3.969,   0.400,   4.069
202607111606,   3.656,9999.000,9999.000,9999.000,9999.000,9999.000,9999.000,9999.000,9999.000
202607111612,   3.697,9999.000,9999.000,9999.000,9999.000,9999.000,9999.000,9999.000,9999.000
202607111618,   3.734,9999.000,9999.000,9999.000,9999.000,9999.000,9999.000,9999.000,9999.000
202607111624,   3.768,9999.000,9999.000,9999.000,9999.000,9999.000,9999.000,9999.000,9999.000
202607111630,   3.797,9999.000,9999.000,9999.000,9999.000,9999.000,9999.000,9999.000,9999.000
202607111636,   3.822,9999.000,9999.000,9999.000,9999.000,9999.000,9999.000,9999.000,9999.000
202607111642,   3.844,9999.000,9999.000,9999.000,9999.000,9999.000,9999.000,9999.000,9999.000
202607111648,   3.862,9999.000,9999.000,9999.000,9999.000,9999.000,9999.000,9999.000,9999.000
202607111654,   3.876,9999.000,9999.000,9999.000,9999.000,9999.000,9999.000,9999.000,9999.000
202607111700,   3.886,9999.000,   0.200,   0.058,   4.144,   0.200,   4.144,   0.300,   4.244
202607111706,   3.892,9999.000,9999.000,9999.000,9999.000,9999.000,9999.000,9999.000,9999.000
202607111712,   3.896,9999.000,9999.000,9999.000,9999.000,9999.000,9999.000,9999.000,9999.000
202607111718,   3.895,9999.000,9999.000,9999.000,9999.000,9999.000,9999.000,9999.000,9999.000
202607111724,   3.892,9999.000,9999.000,9999.000,9999.000,9999.000,9999.000,9999.000,9999.000
202607111730,   3.885,9999.000,9999.000,9999.000,9999.000,9999.000,9999.000,9999.000,9999.000
202607111736,   3.875,9999.000,9999.000,9999.000,9999.000,9999.000,9999.000,9999.000,9999.000
202607111742,   3.863,9999.000,9999.000,9999.000,9999.000,9999.000,9999.000,9999.000,9999.000
202607111748,   3.847,9999.000,9999.000,9999.000,9999.000,9999.000,9999.000,9999.000,9999.000
202607111754,   3.829,9999.000,9999.000,9999.000,9999.000,9999.000,9999.000,9999.000,9999.000
202607111800,   3.809,9999.000,   0.300,   0.058,   4.167,   0.200,   4.067,   0.400,   4.267
202607111806,   3.787,9999.000,9999.000,9999.000,9999.000,9999.000,9999.000,9999.000,9999.000
202607111812,   3.762,9999.000,9999.000,9999.000,9999.000,9999.000,9999.000,9999.000,9999.000
202607111818,   3.736,9999.000,9999.000,9999.000,9999.000,9999.000,9999.000,9999.000,9999.000
202607111824,   3.708,9999.000,9999.000,9999.000,9999.000,9999.000,9999.000,9999.000,9999.000
202607111830,   3.678,9999.000,9999.000,9999.000,9999.000,9999.000,9999.000,9999.000,9999.000
202607111836,   3.648,9999.000,9999.000,9999.000,9999.000,9999.000,9999.000,9999.000,9999.000
202607111842,   3.616,9999.000,9999.000,9999.000,9999.000,9999.000,9999.000,9999.000,9999.000
202607111848,   3.583,9999.000,9999.000,9999.000,9999.000,9999.000,9999.000,9999.000,9999.000
202607111854,   3.550,9999.000,9999.000,9999.000,9999.000,9999.000,9999.000,9999.000,9999.000
202607111900,   3.517,9999.000,   0.400,   0.058,   3.975,   0.300,   3.875,   0.400,   3.975
202607111906,   3.483,9999.000,9999.000,9999.000,9999.000,9999.000,9999.000,9999.000,9999.000
202607111912,   3.449,9999.000,9999.000,9999.000,9999.000,9999.000,9999.000,9999.000,9999.000
202607111918,   3.415,9999.000,9999.000,9999.000,9999.000,9999.000,9999.000,9999.000,9999.000
202607111924,   3.382,9999.000,9999.000,9999.000,9999.000,9999.000,9999.000,9999.000,9999.000
202607111930,   3.349,9999.000,9999.000,9999.000,9999.000,9999.000,9999.000,9999.000,9999.000
202607111936,   3.317,9999.000,9999.000,9999.000,9999.000,9999.000,9999.000,9999.000,9999.000
202607111942,   3.287,9999.000,9999.000,9999.000,9999.000,9999.000,9999.000,9999.000,9999.000
202607111948,   3.257,9999.000,9999.000,9999.000,9999.000,9999.000,9999.000,9999.000,9999.000
202607111954,   3.228,9999.000,9999.000,9999.000,9999.000,9999.000,9999.000,9999.000,9999.000
202607112000,   3.201,9999.000,   0.300,   0.058,   3.559,   0.300,   3.559,   0.400,   3.659
202607112006,   3.176,9999.000,9999.000,9999.000,9999.000,9999.000,9999.000,9999.000,9999.000
202607112012,   3.153,9999.000,9999.000,9999.000,9999.000,9999.000,9999.000,9999.000,9999.000
202607112018,   3.132,9999.000,9999.000,9999.000,9999.000,9999.000,9999.000,9999.000,9999.000
202607112024,   3.113,9999.000,9999.000,9999.000,9999.000,9999.000,9999.000,9999.000,9999.000
202607112030,   3.096,9999.000,9999.000,9999.000,9999.000,9999.000,9999.000,9999.000,9999.000
202607112036,   3.082,9999.000,9999.000,9999.000,9999.000,9999.000,9999.000,9999.000,9999.000
202607112042,   3.071,9999.000,9999.000,9999.000,9999.000,9999.000,9999.000,9999.000,9999.000
202607112048,   3.062,9999.000,9999.000,9999.000,9999.000,9999.000,9999.000,9999.000,9999.000
202607112054,   3.057,9999.000,9999.000,9999.000,9999.000,9999.000,9999.000,9999.000,9999.000
202607112100,   3.054,9999.000,   0.300,   0.058,   3.412,   0.200,   3.312,   0.400,   3.512
202607112106,   3.055,9999.000,9999.000,9999.000,9999.000,9999.000,9999.000,9999.000,9999.000
202607112112,   3.059,9999.000,9999.000,9999.000,9999.000,9999.000,9999.000,9999.000,9999.000
202607112118,   3.067,9999.000,9999.000,9999.000,9999.000,9999.000,9999.000,9999.000,9999.000
202607112124,   3.078,9999.000,9999.000,9999.000,9999.000,9999.000,9999.000,9999.000,9999.000
202607112130,   3.093,9999.000,9999.000,9999.000,9999.000,9999.000,9999.000,9999.000,9999.000
202607112136,   3.111,9999.000,9999.000,9999.000,9999.000,9999.000,9999.000,9999.000,9999.000
202607112142,   3.133,9999.000,9999.000,9999.000,9999.000,9999.000,9999.000,9999.000,9999.000
202607112148,   3.159,9999.000,9999.000,9999.000,9999.000,9999.000,9999.000,9999.000,9999.000
202607112154,   3.188,9999.000,9999.000,9999.000,9999.000,9999.000,9999.000,9999.000,9999.000
202607112200,   3.222,9999.000,   0.300,   0.058,   3.580,   0.200,   3.480,   0.400,   3.680
202607112206,   3.259,9999.000,9999.000,9999.000,9999.000,9999.000,9999.000,9999.000,9999.000
202607112212,   3.300,9999.000,9999.000,9999.000,9999.000,9999.000,9999.000,9999.000,9999.000
202607112218,   3.345,9999.000,9999.000,9999.000,9999.000,9999.000,9999.000,9999.000,9999.000
202607112224,   3.394,9999.000,9999.000,9999.000,9999.000,9999.000,9999.000,9999.000,9999.000
202607112230,   3.446,9999.000,9999.000,9999.000,9999.000,9999.000,9999.000,9999.000,9999.000
202607112236,   3.503,9999.000,9999.000,9999.000,9999.000,9999.000,9999.000,9999.000,9999.000
202607112242,   3.562,9999.000,9999.000,9999.000,9999.000,9999.000,9999.000,9999.000,9999.000
202607112248,   3.626,9999.000,9999.000,9999.000,9999.000,9999.000,9999.000,9999.000,9999.000
202607112254,   3.693,9999.000,9999.000,9999.000,9999.000,9999.000,9999.000,9999.000,9999.000
202607112300,   3.763,9999.000,   0.400,   0.058,   4.221,   0.300,   4.121,   0.400,   4.221
202607112306,   3.836,9999.000,9999.000,9999.000,9999.000,9999.000,9999.000,9999.000,9999.000
202607112312,   3.912,9999.000,9999.000,9999.000,9999.000,9999.000,9999.000,9999.000,9999.000
202607112318,   3.991,9999.000,9999.000,9999.000,9999.000,9999.000,9999.000,9999.000,9999.000
202607112324,   4.073,9999.000,9999.000,9999.000,9999.000,9999.000,9999.000,9999.000,9999.000
202607112330,   4.158,9999.000,9999.000,9999.000,9999.000,9999.000,9999.000,9999.000,9999.000
202607112336,   4.244,9999.000,9999.000,9999.000,9999.000,9999.000,9999.000,9999.000,9999.000
202607112342,   4.333,9999.000,9999.000,9999.000,9999.000,9999.000,9999.000,9999.000,9999.000
202607112348,   4.424,9999.000,9999.000,9999.000,9999.000,9999.000,9999.000,9999.000,9999.000
202607112354,   4.517,9999.000,9999.000,9999.000,9999.000,9999.000,9999.000,9999.000,9999.000
202607120000,   4.611,9999.000,   0.400,   0.058,   5.069,   0.300,   4.969,   0.400,   5.069
202607120006,   4.706,9999.000,9999.000,9999.000,9999.000,9999.000,9999.000,9999.000,9999.000
202607120012,   4.803,9999.000,9999.000,9999.000,9999.000,9999.000,9999.000,9999.000,9999.000
202607120018,   4.900,9999.000,9999.000,9999.000,9999.000,9999.000,9999.000,9999.000,9999.000
202607120024,   4.998,9999.000,9999.000,9999.000,9999.000,9999.000,9999.000,9999.000,9999.000
202607120030,   5.096,9999.000,9999.000,9999.000,9999.000,9999.000,9999.000,9999.000,9999.000
202607120036,   5.194,9999.000,9999.000,9999.000,9999.000,9999.000,9999.000,9999.000,9999.000
202607120042,   5.292,9999.000,9999.000,9999.000,9999.000,9999.000,9999.000,9999.000,9999.000
202607120048,   5.390,9999.000,9999.000,9999.000,9999.000,9999.000,9999.000,9999.000,9999.000
202607120054,   5.487,9999.000,9999.000,9999.000,9999.000,9999.000,9999.000,9999.000,9999.000
202607120100,   5.583,9999.000,   0.200,   0.058,   5.841,   0.100,   5.741,   0.300,   5.941
202607120106,   5.677,9999.000,9999.000,9999.000,9999.000,9999.000,9999.000,9999.000,9999.000
202607120112,   5.771,9999.000,9999.000,9999.000,9999.000,9999.000,9999.000,9999.000,9999.000
202607120118,   5.862,9999.000,9999.000,9999.000,9999.000,9999.000,9999.000,9999.000,9999.000
202607120124,   5.952,9999.000,9999.000,9999.000,9999.000,9999.000,9999.000,9999.000,9999.000
202607120130,   6.039,9999.000,9999.000,9999.000,9999.000,9999.000,9999.000,9999.000,9999.000
202607120136,   6.124,9999.000,9999.000,9999.000,9999.000,9999.000,9999.000,9999.000,9999.000
202607120142,   6.206,9999.000,9999.000,9999.000,9999.000,9999.000,9999.000,9999.000,9999.000
202607120148,   6.286,9999.000,9999.000,9999.000,9999.000,9999.000,9999.000,9999.000,9999.000
202607120154,   6.362,9999.000,9999.000,9999.000,9999.000,9999.000,9999.000,9999.000,9999.000
202607120200,   6.435,9999.000,   0.300,   0.058,   6.793,   0.200,   6.693,   0.400,   6.893
202607120206,   6.504,9999.000,9999.000,9999.000,9999.000,9999.000,9999.000,9999.000,9999.000
202607120212,   6.569,9999.000,9999.000,9999.000,9999.000,9999.000,9999.000,9999.000,9999.000
202607120218,   6.631,9999.000,9999.000,9999.000,9999.000,9999.000,9999.000,9999.000,9999.000
202607120224,   6.688,9999.000,9999.000,9999.000,9999.000,9999.000,9999.000,9999.000,9999.000
202607120230,   6.741,9999.000,9999.000,9999.000,9999.000,9999.000,9999.000,9999.000,9999.000
202607120236,   6.789,9999.000,9999.000,9999.000,9999.000,9999.000,9999.000,9999.000,9999.000
202607120242,   6.832,9999.000,9999.000,9999.000,9999.000,9999.000,9999.000,9999.000,9999.000
202607120248,   6.871,9999.000,9999.000,9999.000,9999.000,9999.000,9999.000,9999.000,9999.000
202607120254,   6.904,9999.000,9999.000,9999.000,9999.000,9999.000,9999.000,9999.000,9999.000
202607120300,   6.932,9999.000,   0.300,   0.058,   7.290,   0.200,   7.190,   0.400,   7.390
202607120306,   6.955,9999.000,9999.000,9999.000,9999.000,9999.000,9999.000,9999.000,9999.000
202607120312,   6.972,9999.000,9999.000,9999.000,9999.000,9999.000,9999.000,9999.000,9999.000
202607120318,   6.983,9999.000,9999.000,9999.000,9999.000,9999.000,9999.000,9999.000,9999.000
202607120324,   6.989,9999.000,9999.000,9999.000,9999.000,9999.000,9999.000,9999.000,9999.000
202607120330,   6.988,9999.000,9999.000,9999.000,9999.000,9999.000,9999.000,9999.000,9999.000
202607120336,   6.982,9999.000,9999.000,9999.000,9999.000,9999.000,9999.000,9999.000,9999.000
202607120342,   6.970,9999.000,9999.000,9999.000,9999.000,9999.000,9999.000,9999.000,9999.000
202607120348,   6.951,9999.000,9999.000,9999.000,9999.000,9999.000,9999.000,9999.000,9999.000
202607120354,   6.926,9999.000,9999.000,9999.000,9999.000,9999.000,9999.000,9999.000,9999.000
202607120400,   6.895,9999.000,   0.300,   0.058,   7.253,   0.200,   7.153,   0.400,   7.353
202607120406,   6.858,9999.000,9999.000,9999.000,9999.000,9999.000,9999.000,9999.000,9999.000
202607120412,   6.814,9999.000,9999.000,9999.000,9999.000,9999.000,9999.000,9999.000,9999.000
202607120418,   6.764,9999.000,9999.000,9999.000,9999.000,9999.000,9999.000,9999.000,9999.000
202607120424,   6.707,9999.000,9999.000,9999.000,9999.000,9999.000,9999.000,9999.000,9999.000
202607120430,   6.645,9999.000,9999.000,9999.000,9999.000,9999.000,9999.000,9999.000,9999.000
202607120436,   6.576,9999.000,9999.000,9999.000,9999.000,9999.000,9999.000,9999.000,9999.000
202607120442,   6.501,9999.000,9999.000,9999.000,9999.000,9999.000,9999.000,9999.000,9999.000
202607120448,   6.419,9999.000,9999.000,9999.000,9999.000,9999.000,9999.000,9999.000,9999.000
202607120454,   6.332,9999.000,9999.000,9999.000,9999.000,9999.000,9999.000,9999.000,9999.000
202607120500,   6.239,9999.000,   0.200,   0.058,   6.497,   0.100,   6.397,   0.300,   6.597
202607120506,   6.140,9999.000,9999.000,9999.000,9999.000,9999.000,9999.000,9999.000,9999.000
202607120512,   6.035,9999.000,9999.000,9999.000,9999.000,9999.000,9999.000,9999.000,9999.000
202607120518,   5.925,9999.000,9999.000,9999.000,9999.000,9999.000,9999.000,9999.000,9999.000
202607120524,   5.809,9999.000,9999.000,9999.000,9999.000,9999.000,9999.000,9999.000,9999.000
202607120530,   5.688,9999.000,9999.000,9999.000,9999.000,9999.000,9999.000,9999.000,9999.000
202607120536,   5.562,9999.000,9999.000,9999.000,9999.000,9999.000,9999.000,9999.000,9999.000
202607120542,   5.432,9999.000,9999.000,9999.000,9999.000,9999.000,9999.000,9999.000,9999.000
202607120548,   5.296,9999.000,9999.000,9999.000,9999.000,9999.000,9999.000,9999.000,9999.000
202607120554,   5.157,9999.000,9999.000,9999.000,9999.000,9999.000,9999.000,9999.000,9999.000
202607120600,   5.013,9999.000,   0.200,   0.058,   5.271,   0.100,   5.171,   0.300,   5.371
202607120606,   4.865,9999.000,9999.000,9999.000,9999.000,9999.000,9999.000,9999.000,9999.000
202607120612,   4.714,9999.000,9999.000,9999.000,9999.000,9999.000,9999.000,9999.000,9999.000
202607120618,   4.559,9999.000,9999.000,9999.000,9999.000,9999.000,9999.000,9999.000,9999.000
202607120624,   4.401,9999.000,9999.000,9999.000,9999.000,9999.000,9999.000,9999.000,9999.000
202607120630,   4.240,9999.000,9999.000,9999.000,9999.000,9999.000,9999.000,9999.000,9999.000
202607120636,   4.077,9999.000,9999.000,9999.000,9999.000,9999.000,9999.000,9999.000,9999.000
202607120642,   3.911,9999.000,9999.000,9999.000,9999.000,9999.000,9999.000,9999.000,9999.000
202607120648,   3.743,9999.000,9999.000,9999.000,9999.000,9999.000,9999.000,9999.000,9999.000
202607120654,   3.574,9999.000,9999.000,9999.000,9999.000,9999.000,9999.000,9999.000,9999.000
202607120700,   3.403,9999.000,   0.300,   0.058,   3.761,   0.200,   3.661,   0.400,   3.861
202607120706,   3.231,9999.000,9999.000,9999.000,9999.000,9999.000,9999.000,9999.000,9999.000
202607120712,   3.058,9999.000,9999.000,9999.000,9999.000,9999.000,9999.000,9999.000,9999.000
202607120718,   2.885,9999.000,9999.000,9999.000,9999.000,9999.000,9999.000,9999.000,9999.000
202607120724,   2.711,9999.000,9999.000,9999.000,9999.000,9999.000,9999.000,9999.000,9999.000
202607120730,   2.538,9999.000,9999.000,9999.000,9999.000,9999.000,9999.000,9999.000,9999.000
202607120736,   2.364,9999.000,9999.000,9999.000,9999.000,9999.000,9999.000,9999.000,9999.000
202607120742,   2.192,9999.000,9999.000,9999.000,9999.000,9999.000,9999.000,9999.000,9999.000
202607120748,   2.020,9999.000,9999.000,9999.000,9999.000,9999.000,9999.000,9999.000,9999.000
202607120754,   1.850,9999.000,9999.000,9999.000,9999.000,9999.000,9999.000,9999.000,9999.000
202607120800,   1.681,9999.000,   0.300,   0.058,   2.039,   0.200,   1.939,   0.400,   2.139
202607120806,   1.515,9999.000,9999.000,9999.000,9999.000,9999.000,9999.000,9999.000,9999.000
202607120812,   1.350,9999.000,9999.000,9999.000,9999.000,9999.000,9999.000,9999.000,9999.000
202607120818,   1.188,9999.000,9999.000,9999.000,9999.000,9999.000,9999.000,9999.000,9999.000
202607120824,   1.028,9999.000,9999.000,9999.000,9999.000,9999.000,9999.000,9999.000,9999.000
202607120830,   0.872,9999.000,9999.000,9999.000,9999.000,9999.000,9999.000,9999.000,9999.000
202607120836,   0.719,9999.000,9999.000,9999.000,9999.000,9999.000,9999.000,9999.000,9999.000
202607120842,   0.569,9999.000,9999.000,9999.000,9999.000,9999.000,9999.000,9999.000,9999.000
202607120848,   0.424,9999.000,9999.000,9999.000,9999.000,9999.000,9999.000,9999.000,9999.000
202607120854,   0.282,9999.000,9999.000,9999.000,9999.000,9999.000,9999.000,9999.000,9999.000
202607120900,   0.145,9999.000,   0.300,   0.058,   0.503,   0.200,   0.403,   0.400,   0.603
202607120906,   0.012,9999.000,9999.000,9999.000,9999.000,9999.000,9999.000,9999.000,9999.000
202607120912,  -0.114,9999.000,9999.000,9999.000,9999.000,9999.000,9999.000,9999.000,9999.000
202607120918,  -0.237,9999.000,9999.000,9999.000,9999.000,9999.000,9999.000,9999.000,9999.000
202607120924,  -0.354,9999.000,9999.000,9999.000,9999.000,9999.000,9999.000,9999.000,9999.000
202607120930,  -0.466,9999.000,9999.000,9999.000,9999.000,9999.000,9999.000,9999.000,9999.000
202607120936,  -0.572,9999.000,9999.000,9999.000,9999.000,9999.000,9999.000,9999.000,9999.000
202607120942,  -0.673,9999.000,9999.000,9999.000,9999.000,9999.000,9999.000,9999.000,9999.000
202607120948,  -0.767,9999.000,9999.000,9999.000,9999.000,9999.000,9999.000,9999.000,9999.000
202607120954,  -0.855,9999.000,9999.000,9999.000,9999.000,9999.000,9999.000,9999.000,9999.000
202607121000,  -0.936,9999.000,   0.300,   0.058,  -0.578,   0.200,  -0.678,   0.400,  -0.478
202607121006,  -1.011,9999.000,9999.000,9999.000,9999.000,9999.000,9999.000,9999.000,9999.000
202607121012,  -1.080,9999.000,9999.000,9999.000,9999.000,9999.000,9999.000,9999.000,9999.000
202607121018,  -1.141,9999.000,9999.000,9999.000,9999.000,9999.000,9999.000,9999.000,9999.000
202607121024,  -1.196,9999.000,9999.000,9999.000,9999.000,9999.000,9999.000,9999.000,9999.000
202607121030,  -1.244,9999.000,9999.000,9999.000,9999.000,9999.000,9999.000,9999.000,9999.000
202607121036,  -1.285,9999.000,9999.000,9999.000,9999.000,9999.000,9999.000,9999.000,9999.000
202607121042,  -1.319,9999.000,9999.000,9999.000,9999.000,9999.000,9999.000,9999.000,9999.000
202607121048,  -1.346,9999.000,9999.000,9999.000,9999.000,9999.000,9999.000,9999.000,9999.000
202607121054,  -1.366,9999.000,9999.000,9999.000,9999.000,9999.000,9999.000,9999.000,9999.000
202607121100,  -1.379,9999.000,   0.400,   0.058,  -0.921,   0.300,  -1.021,   0.500,  -0.821
202607121106,  -1.385,9999.000,9999.000,9999.000,9999.000,9999.000,9999.000,9999.000,9999.000
202607121112,  -1.384,9999.000,9999.000,9999.000,9999.000,9999.000,9999.000,9999.000,9999.000
202607121118,  -1.376,9999.000,9999.000,9999.000,9999.000,9999.000,9999.000,9999.000,9999.000
202607121124,  -1.362,9999.000,9999.000,9999.000,9999.000,9999.000,9999.000,9999.000,9999.000
202607121130,  -1.340,9999.000,9999.000,9999.000,9999.000,9999.000,9999.000,9999.000,9999.000
202607121136,  -1.313,9999.000,9999.000,9999.000,9999.000,9999.000,9999.000,9999.000,9999.000
202607121142,  -1.278,9999.000,9999.000,9999.000,9999.000,9999.000,9999.000,9999.000,9999.000
202607121148,  -1.238,9999.000,9999.000,9999.000,9999.000,9999.000,9999.000,9999.000,9999.000
202607121154,  -1.191,9999.000,9999.000,9999.000,9999.000,9999.000,9999.000,9999.000,9999.000
202607121200,  -1.138,9999.000,   0.300,   0.058,  -0.780,   0.200,  -0.880,   0.400,  -0.680
202607121206,  -1.079,9999.000,9999.000,9999.000,9999.000,9999.000,9999.000,9999.000,9999.000
202607121212,  -1.015,9999.000,9999.000,9999.000,9999.000,9999.000,9999.000,9999.000,9999.000
202607121218,  -0.945,9999.000,9999.000,9999.000,9999.000,9999.000,9999.000,9999.000,9999.000
202607121224,  -0.870,9999.000,9999.000,9999.000,9999.000,9999.000,9999.000,9999.000,9999.000
202607121230,  -0.790,9999.000,9999.000,9999.000,9999.000,9999.000,9999.000,9999.000,9999.000
202607121236,  -0.705,9999.000,9999.000,9999.000,9999.000,9999.000,9999.000,9999.000,9999.000
202607121242,  -0.616,9999.000,9999.000,9999.000,9999.000,9999.000,9999.000,9999.000,9999.000
202607121248,  -0.522,9999.000,9999.000,9999.000,9999.000,9999.000,9999.000,9999.000,9999.000
202607121254,  -0.424,9999.000,9999.000,9999.000,9999.000,9999.000,9999.000,9999.000,9999.000
202607121300,  -0.323,9999.000,   0.300,   0.058,   0.035,   0.200,  -0.065,   0.300,   0.035
202607121306,  -0.217,9999.000,9999.000,9999.000,9999.000,9999.000,9999.000,9999.000,9999.000
202607121312,  -0.109,9999.000,9999.000,9999.000,9999.000,9999.000,9999.000,9999.000,9999.000
202607121318,   0.002,9999.000,9999.000,9999.000,9999.000,9999.000,9999.000,9999.000,9999.000
202607121324,   0.116,9999.000,9999.000,9999.000,9999.000,9999.000,9999.000,9999.000,9999.000
202607121330,   0.233,9999.000,9999.000,9999.000,9999.000,9999.000,9999.000,9999.000,9999.000
202607121336,   0.353,9999.000,9999.000,9999.000,9999.000,9999.000,9999.000,9999.000,9999.000
202607121342,   0.474,9999.000,9999.000,9999.000,9999.000,9999.000,9999.000,9999.000,9999.000
202607121348,   0.597,9999.000,9999.000,9999.000,9999.000,9999.000,9999.000,9999.000,9999.000
202607121354,   0.722,9999.000,9999.000,9999.000,9999.000,9999.000,9999.000,9999.000,9999.000
202607121400,   0.847,9999.000,   0.300,   0.058,   1.205,   0.200,   1.105,   0.400,   1.305
202607121406,   0.974,9999.000,9999.000,9999.000,9999.000,9999.000,9999.000,9999.000,9999.000
202607121412,   1.101,9999.000,9999.000,9999.000,9999.000,9999.000,9999.000,9999.000,9999.000
202607121418,   1.229,9999.000,9999.000,9999.000,9999.000,9999.000,9999.000,9999.000,9999.000
202607121424,   1.356,9999.000,9999.000,9999.000,9999.000,9999.000,9999.000,9999.000,9999.000
202607121430,   1.484,9999.000,9999.000,9999.000,9999.000,9999.000,9999.000,9999.000,9999.000
202607121436,   1.610,9999.000,9999.000,9999.000,9999.000,9999.000,9999.000,9999.000,9999.000
202607121442,   1.737,9999.000,9999.000,9999.000,9999.000,9999.000,9999.000,9999.000,9999.000
202607121448,   1.862,9999.000,9999.000,9999.000,9999.000,9999.000,9999.000,9999.000,9999.000
202607121454,   1.986,9999.000,9999.000,9999.000,9999.000,9999.000,9999.000,9999.000,9999.000
202607121500,   2.108,9999.000,   0.400,   0.058,   2.566,   0.300,   2.466,   0.400,   2.566
202607121506,   2.229,9999.000,9999.000,9999.000,9999.000,9999.000,9999.000,9999.000,9999.000
202607121512,   2.348,9999.000,9999.000,9999.000,9999.000,9999.000,9999.000,9999.000,9999.000
202607121518,   2.464,9999.000,9999.000,9999.000,9999.000,9999.000,9999.000,9999.000,9999.000
202607121524,   2.578,9999.000,9999.000,9999.000,9999.000,9999.000,9999.000,9999.000,9999.000
202607121530,   2.689,9999.000,9999.000,9999.000,9999.000,9999.000,9999.000,9999.000,9999.000
202607121536,   2.798,9999.000,9999.000,9999.000,9999.000,9999.000,9999.000,9999.000,9999.000
202607121542,   2.903,9999.000,9999.000,9999.000,9999.000,9999.000,9999.000,9999.000,9999.000
202607121548,   3.005,9999.000,9999.000,9999.000,9999.000,9999.000,9999.000,9999.000,9999.000
202607121554,   3.104,9999.000,9999.000,9999.000,9999.000,9999.000,9999.000,9999.000,9999.000
202607121600,   3.198,9999.000,   0.300,   0.058,   3.556,   0.200,   3.456,   0.400,   3.656
202607121606,   3.289,9999.000,9999.000,9999.000,9999.000,9999.000,9999.000,9999.000,9999.000
202607121612,   3.376,9999.000,9999.000,9999.000,9999.000,9999.000,9999.000,9999.000,9999.000
202607121618,   3.459,9999.000,9999.000,9999.000,9999.000,9999.000,9999.000,9999.000,9999.000
202607121624,   3.538,9999.000,9999.000,9999.000,9999.000,9999.000,9999.000,9999.000,9999.000
202607121630,   3.613,9999.000,9999.000,9999.000,9999.000,9999.000,9999.000,9999.000,9999.000
202607121636,   3.682,9999.000,9999.000,9999.000,9999.000,9999.000,9999.000,9999.000,9999.000
202607121642,   3.748,9999.000,9999.000,9999.000,9999.000,9999.000,9999.000,9999.000,9999.000
202607121648,   3.809,9999.000,9999.000,9999.000,9999.000,9999.000,9999.000,9999.000,9999.000
202607121654,   3.865,9999.000,9999.000,9999.000,9999.000,9999.000,9999.000,9999.000,9999.000
202607121700,   3.917,9999.000,   0.300,   0.058,   4.275,   0.200,   4.175,   0.400,   4.375
202607121706,   3.964,9999.000,9999.000,9999.000,9999.000,9999.000,9999.000,9999.000,9999.000
202607121712,   4.006,9999.000,9999.000,9999.000,9999.000,9999.000,9999.000,9999.000,9999.000
202607121718,   4.044,9999.000,9999.000,9999.000,9999.000,9999.000,9999.000,9999.000,9999.000
202607121724,   4.077,9999.000,9999.000,9999.000,9999.000,9999.000,9999.000,9999.000,9999.000
202607121730,   4.105,9999.000,9999.000,9999.000,9999.000,9999.000,9999.000,9999.000,9999.000
202607121736,   4.129,9999.000,9999.000,9999.000,9999.000,9999.000,9999.000,9999.000,9999.000
202607121742,   4.149,9999.000,9999.000,9999.000,9999.000,9999.000,9999.000,9999.000,9999.000
202607121748,   4.164,9999.000,9999.000,9999.000,9999.000,9999.000,9999.000,9999.000,9999.000
202607121754,   4.175,9999.000,9999.000,9999.000,9999.000,9999.000,9999.000,9999.000,9999.000
202607121800,   4.181,9999.000,   0.400,   0.058,   4.639,   0.300,   4.539,   0.400,   4.639
202607121806,   4.184,9999.000,9999.000,9999.000,9999.000,9999.000,9999.000,9999.000,9999.000
202607121812,   4.183,9999.000,9999.000,9999.000,9999.000,9999.000,9999.000,9999.000,9999.000
202607121818,   4.177,9999.000,9999.000,9999.000,9999.000,9999.000,9999.000,9999.000,9999.000
202607121824,   4.169,9999.000,9999.000,9999.000,9999.000,9999.000,9999.000,9999.000,9999.000
202607121830,   4.156,9999.000,9999.000,9999.000,9999.000,9999.000,9999.000,9999.000,9999.000
202607121836,   4.141,9999.000,9999.000,9999.000,9999.000,9999.000,9999.000,9999.000,9999.000
202607121842,   4.122,9999.000,9999.000,9999.000,9999.000,9999.000,9999.000,9999.000,9999.000
202607121848,   4.100,9999.000,9999.000,9999.000,9999.000,9999.000,9999.000,9999.000,9999.000
202607121854,   4.075,9999.000,9999.000,9999.000,9999.000,9999.000,9999.000,9999.000,9999.000
202607121900,   4.048,9999.000,   0.400,   0.058,   4.506,   0.400,   4.506,   0.500,   4.606
202607121906,   4.018,9999.000,9999.000,9999.000,9999.000,9999.000,9999.000,9999.000,9999.000
202607121912,   3.986,9999.000,9999.000,9999.000,9999.000,9999.000,9999.000,9999.000,9999.000
202607121918,   3.952,9999.000,9999.000,9999.000,9999.000,9999.000,9999.000,9999.000,9999.000
202607121924,   3.917,9999.000,9999.000,9999.000,9999.000,9999.000,9999.000,9999.000,9999.000
202607121930,   3.879,9999.000,9999.000,9999.000,9999.000,9999.000,9999.000,9999.000,9999.000
202607121936,   3.841,9999.000,9999.000,9999.000,9999.000,9999.000,9999.000,9999.000,9999.000
202607121942,   3.801,9999.000,9999.000,9999.000,9999.000,9999.000,9999.000,9999.000,9999.000
202607121948,   3.760,9999.000,9999.000,9999.000,9999.000,9999.000,9999.000,9999.000,9999.000
202607121954,   3.719,9999.000,9999.000,9999.000,9999.000,9999.000,9999.000,9999.000,9999.000
202607122000,   3.677,9999.000,   0.400,   0.058,   4.135,   0.300,   4.035,   0.400,   4.135
202607122006,   3.635,9999.000,9999.000,9999.000,9999.000,9999.000,9999.000,9999.000,9999.000
202607122012,   3.593,9999.000,9999.000,9999.000,9999.000,9999.000,9999.000,9999.000,9999.000
202607122018,   3.551,9999.000,9999.000,9999.000,9999.000,9999.000,9999.000,9999.000,9999.000
202607122024,   3.509,9999.000,9999.000,9999.000,9999.000,9999.000,9999.000,9999.000,9999.000
202607122030,   3.468,9999.000,9999.000,9999.000,9999.000,9999.000,9999.000,9999.000,9999.000
202607122036,   3.428,9999.000,9999.000,9999.000,9999.000,9999.000,9999.000,9999.000,9999.000
202607122042,   3.390,9999.000,9999.000,9999.000,9999.000,9999.000,9999.000,9999.000,9999.000
202607122048,   3.352,9999.000,9999.000,9999.000,9999.000,9999.000,9999.000,9999.000,9999.000
202607122054,   3.316,9999.000,9999.000,9999.000,9999.000,9999.000,9999.000,9999.000,9999.000
202607122100,   3.282,9999.000,   0.300,   0.058,   3.640,   0.100,   3.440,   0.400,   3.740
202607122106,   3.250,9999.000,9999.000,9999.000,9999.000,9999.000,9999.000,9999.000,9999.000
202607122112,   3.221,9999.000,9999.000,9999.000,9999.000,9999.000,9999.000,9999.000,9999.000
202607122118,   3.193,9999.000,9999.000,9999.000,9999.000,9999.000,9999.000,9999.000,9999.000
202607122124,   3.168,9999.000,9999.000,9999.000,9999.000,9999.000,9999.000,9999.000,9999.000
202607122130,   3.146,9999.000,9999.000,9999.000,9999.000,9999.000,9999.000,9999.000,9999.000
202607122136,   3.127,9999.000,9999.000,9999.000,9999.000,9999.000,9999.000,9999.000,9999.000
202607122142,   3.112,9999.000,9999.000,9999.000,9999.000,9999.000,9999.000,9999.000,9999.000
202607122148,   3.100,9999.000,9999.000,9999.000,9999.000,9999.000,9999.000,9999.000,9999.000
202607122154,   3.090,9999.000,9999.000,9999.000,9999.000,9999.000,9999.000,9999.000,9999.000
202607122200,   3.085,9999.000,   0.300,   0.058,   3.443,   0.200,   3.343,   0.400,   3.543
202607122206,   3.083,9999.000,9999.000,9999.000,9999.000,9999.000,9999.000,9999.000,9999.000
202607122212,   3.086,9999.000,9999.000,9999.000,9999.000,9999.000,9999.000,9999.000,9999.000
202607122218,   3.092,9999.000,9999.000,9999.000,9999.000,9999.000,9999.000,9999.000,9999.000
202607122224,   3.102,9999.000,9999.000,9999.000,9999.000,9999.000,9999.000,9999.000,9999.000
202607122230,   3.117,9999.000,9999.000,9999.000,9999.000,9999.000,9999.000,9999.000,9999.000
202607122236,   3.136,9999.000,9999.000,9999.000,9999.000,9999.000,9999.000,9999.000,9999.000
202607122242,   3.159,9999.000,9999.000,9999.000,9999.000,9999.000,9999.000,9999.000,9999.000
202607122248,   3.186,9999.000,9999.000,9999.000,9999.000,9999.000,9999.000,9999.000,9999.000
202607122254,   3.218,9999.000,9999.000,9999.000,9999.000,9999.000,9999.000,9999.000,9999.000
202607122300,   3.253,9999.000,   0.400,   0.058,   3.711,   0.300,   3.611,   0.500,   3.811
202607122306,   3.294,9999.000,9999.000,9999.000,9999.000,9999.000,9999.000,9999.000,9999.000
202607122312,   3.338,9999.000,9999.000,9999.000,9999.000,9999.000,9999.000,9999.000,9999.000
202607122318,   3.387,9999.000,9999.000,9999.000,9999.000,9999.000,9999.000,9999.000,9999.000
202607122324,   3.440,9999.000,9999.000,9999.000,9999.000,9999.000,9999.000,9999.000,9999.000
202607122330,   3.497,9999.000,9999.000,9999.000,9999.000,9999.000,9999.000,9999.000,9999.000
202607122336,   3.558,9999.000,9999.000,9999.000,9999.000,9999.000,9999.000,9999.000,9999.000
202607122342,   3.623,9999.000,9999.000,9999.000,9999.000,9999.000,9999.000,9999.000,9999.000
202607122348,   3.691,9999.000,9999.000,9999.000,9999.000,9999.000,9999.000,9999.000,9999.000
202607122354,   3.764,9999.000,9999.000,9999.000,9999.000,9999.000,9999.000,9999.000,9999.000
202607130000,   3.840,9999.000,   0.400,   0.058,   4.298,   0.300,   4.198,   0.400,   4.298
