        TIME,    TIDE,      OB,   SURGE,    BIAS,     TWL,SURGE90p,  TWL90p,SURGE10p,   TWL10p
202608041800,   0.930,9999.000,   0.400,9999.000,   1.330,   0.400,   1.330,   0.500,   1.430
202608041806,   0.912,9999.000,9999.000,9999.000,9999.000,9999.000,9999.000,9999.000,9999.000
202608041812,   0.893,9999.000,9999.000,9999.000,9999.000,9999.000,9999.000,9999.000,9999.000
202608041818,   0.873,9999.000,9999.000,9999.000,9999.000,9999.000,9999.000,9999.000,9999.000
202608041824,   0.853,9999.000,9999.000,9999.000,9999.000,9999.000,9999.000,9999.000,9999.000
202608041830,   0.832,9999.000,9999.000,9999.000,9999.000,9999.000,9999.000,9999.000,9999.000
202608041836,   0.811,9999.000,9999.000,9999.000,9999.000,9999.000,9999.000,9999.000,9999.000
202608041842,   0.790,9999.000,9999.000,9999.000,9999.000,9999.000,9999.000,9999.000,9999.000
202608041848,   0.767,9999.000,9999.000,9999.000,9999.000,9999.000,9999.000,9999.000,9999.000
202608041854,   0.745,9999.000,9999.000,9999.000,9999.000,9999.000,9999.000,9999.000,9999.000
202608041900,   0.722,   0.941,   0.400,  -0.181,   0.941,   0.400,   0.941,   0.500,   1.041
202608041906,   0.699,9999.000,9999.000,9999.000,9999.000,9999.000,9999.000,9999.000,9999.000
202608041912,   0.675,9999.000,9999.000,9999.000,9999.000,9999.000,9999.000,9999.000,9999.000
202608041918,   0.651,9999.000,9999.000,9999.000,9999.000,9999.000,9999.000,9999.000,9999.000
202608041924,   0.627,9999.000,9999.000,9999.000,9999.000,9999.000,9999.000,9999.000,9999.000
202608041930,   0.603,   0.879,9999.000,9999.000,9999.000,9999.000,9999.000,9999.000,9999.000
202608041936,   0.579,9999.000,9999.000,9999.000,9999.000,9999.000,9999.000,9999.000,9999.000
202608041942,   0.555,9999.000,9999.000,9999.000,9999.000,9999.000,9999.000,9999.000,9999.000
202608041948,   0.531,9999.000,9999.000,9999.000,9999.000,9999.000,9999.000,9999.000,9999.000
202608041954,   0.507,9999.000,9999.000,9999.000,9999.000,9999.000,9999.000,9999.000,9999.000
202608042000,   0.484,   0.849,   0.400,  -0.035,   0.849,   0.400,   0.849,   0.500,   0.949
202608042006,   0.461,9999.000,9999.000,9999.000,9999.000,9999.000,9999.000,9999.000,9999.000
202608042012,   0.438,9999.000,9999.000,9999.000,9999.000,9999.000,9999.000,9999.000,9999.000
202608042018,   0.416,9999.000,9999.000,9999.000,9999.000,9999.000,9999.000,9999.000,9999.000
202608042024,   0.394,9999.000,9999.000,9999.000,9999.000,9999.000,9999.000,9999.000,9999.000
202608042030,   0.373,   0.678,9999.000,9999.000,9999.000,9999.000,9999.000,9999.000,9999.000
202608042036,   0.353,9999.000,9999.000,9999.000,9999.000,9999.000,9999.000,9999.000,9999.000
202608042042,   0.333,9999.000,9999.000,9999.000,9999.000,9999.000,9999.000,9999.000,9999.000
202608042048,   0.315,9999.000,9999.000,9999.000,9999.000,9999.000,9999.000,9999.000,9999.000
202608042054,   0.297,9999.000,9999.000,9999.000,9999.000,9999.000,9999.000,9999.000,9999.000
202608042100,   0.281,   0.610,   0.400,  -0.071,   0.610,   0.400,   0.610,   0.500,   0.710
202608042106,   0.265,9999.000,9999.000,9999.000,9999.000,9999.000,9999.000,9999.000,9999.000
202608042112,   0.251,9999.000,9999.000,9999.000,9999.000,9999.000,9999.000,9999.000,9999.000
202608042118,   0.238,9999.000,9999.000,9999.000,9999.000,9999.000,9999.000,9999.000,9999.000
202608042124,   0.226,9999.000,9999.000,9999.000,9999.000,9999.000,9999.000,9999.000,9999.000
202608042130,   0.215,   0.619,9999.000,9999.000,9999.000,9999.000,9999.000,9999.000,9999.000
202608042136,   0.206,9999.000,9999.000,9999.000,9999.000,9999.000,9999.000,9999.000,9999.000
202608042142,   0.198,9999.000,9999.000,9999.000,9999.000,9999.000,9999.000,9999.000,9999.000
202608042148,   0.190,9999.000,9999.000,9999.000,9999.000,9999.000,9999.000,9999.000,9999.000
202608042154,   0.185,9999.000,9999.000,9999.000,9999.000,9999.000,9999.000,9999.000,9999.000
202608042200,   0.180,   0.600,   0.400,   0.020,   0.600,   0.400,   0.600,   0.500,   0.700
202608042206,   0.176,9999.000,9999.000,9999.000,9999.000,9999.000,9999.000,9999.000,9999.000
202608042212,   0.174,9999.000,9999.000,9999.000,9999.000,9999.000,9999.000,9999.000,9999.000
202608042218,   0.172,9999.000,9999.000,9999.000,9999.000,9999.000,9999.000,9999.000,9999.000
202608042224,   0.171,9999.000,9999.000,9999.000,9999.000,9999.000,9999.000,9999.000,9999.000
202608042230,   0.172,   0.570,9999.000,9999.000,9999.000,9999.000,9999.000,9999.000,9999.000
202608042236,   0.173,9999.000,9999.000,9999.000,9999.000,9999.000,9999.000,9999.000,9999.000
202608042242,   0.175,9999.000,9999.000,9999.000,9999.000,9999.000,9999.000,9999.000,9999.000
202608042248,   0.178,9999.000,9999.000,9999.000,9999.000,9999.000,9999.000,9999.000,9999.000
202608042254,   0.181,9999.000,9999.000,9999.000,9999.000,9999.000,9999.000,9999.000,9999.000
202608042300,   0.185,   0.551,   0.400,  -0.034,   0.551,   0.400,   0.551,   0.500,   0.651
202608042306,   0.189,9999.000,9999.000,9999.000,9999.000,9999.000,9999.000,9999.000,9999.000
202608042312,   0.194,9999.000,9999.000,9999.000,9999.000,9999.000,9999.000,9999.000,9999.000
202608042318,   0.200,9999.000,9999.000,9999.000,9999.000,9999.000,9999.000,9999.000,9999.000
202608042324,   0.206,9999.000,9999.000,9999.000,9999.000,9999.000,9999.000,9999.000,9999.000
202608042330,   0.212,   0.508,9999.000,9999.000,9999.000,9999.000,9999.000,9999.000,9999.000
202608042336,   0.218,9999.000,9999.000,9999.000,9999.000,9999.000,9999.000,9999.000,9999.000
202608042342,   0.225,9999.000,9999.000,9999.000,9999.000,9999.000,9999.000,9999.000,9999.000
202608042348,   0.233,9999.000,9999.000,9999.000,9999.000,9999.000,9999.000,9999.000,9999.000
202608042354,   0.240,9999.000,9999.000,9999.000,9999.000,9999.000,9999.000,9999.000,9999.000
202608050000,   0.248,   0.570,   0.500,  -0.178,   0.570,   0.400,   0.470,   0.500,   0.570
202608050006,   0.256,9999.000,9999.000,9999.000,9999.000,9999.000,9999.000,9999.000,9999.000
202608050012,   0.265,9999.000,9999.000,9999.000,9999.000,9999.000,9999.000,9999.000,9999.000
202608050018,   0.274,9999.000,9999.000,9999.000,9999.000,9999.000,9999.000,9999.000,9999.000
202608050024,   0.284,9999.000,9999.000,9999.000,9999.000,9999.000,9999.000,9999.000,9999.000
202608050030,   0.294,   0.570,9999.000,9999.000,9999.000,9999.000,9999.000,9999.000,9999.000
202608050036,   0.305,9999.000,9999.000,9999.000,9999.000,9999.000,9999.000,9999.000,9999.000
202608050042,   0.316,9999.000,9999.000,9999.000,9999.000,9999.000,9999.000,9999.000,9999.000
202608050048,   0.327,9999.000,9999.000,9999.000,9999.000,9999.000,9999.000,9999.000,9999.000
202608050054,   0.340,9999.000,9999.000,9999.000,9999.000,9999.000,9999.000,9999.000,9999.000
202608050100,   0.353,   0.590,   0.500,  -0.263,   0.590,   0.400,   0.490,   0.500,   0.590
202608050106,   0.366,9999.000,9999.000,9999.000,9999.000,9999.000,9999.000,9999.000,9999.000
202608050112,   0.381,9999.000,9999.000,9999.000,9999.000,9999.000,9999.000,9999.000,9999.000
202608050118,   0.396,9999.000,9999.000,9999.000,9999.000,9999.000,9999.000,9999.000,9999.000
202608050124,   0.412,9999.000,9999.000,9999.000,9999.000,9999.000,9999.000,9999.000,9999.000
202608050130,   0.428,   0.649,9999.000,9999.000,9999.000,9999.000,9999.000,9999.000,9999.000
202608050136,   0.446,9999.000,9999.000,9999.000,9999.000,9999.000,9999.000,9999.000,9999.000
202608050142,   0.464,9999.000,9999.000,9999.000,9999.000,9999.000,9999.000,9999.000,9999.000
202608050148,   0.482,9999.000,9999.000,9999.000,9999.000,9999.000,9999.000,9999.000,9999.000
202608050154,   0.501,9999.000,9999.000,9999.000,9999.000,9999.000,9999.000,9999.000,9999.000
202608050200,   0.521,   0.780,   0.500,  -0.241,   0.780,   0.400,   0.680,   0.500,   0.780
202608050206,   0.541,9999.000,9999.000,9999.000,9999.000,9999.000,9999.000,9999.000,9999.000
202608050212,   0.562,9999.000,9999.000,9999.000,9999.000,9999.000,9999.000,9999.000,9999.000
202608050218,   0.582,9999.000,9999.000,9999.000,9999.000,9999.000,9999.000,9999.000,9999.000
202608050224,   0.604,9999.000,9999.000,9999.000,9999.000,9999.000,9999.000,9999.000,9999.000
202608050230,   0.625,   0.888,9999.000,9999.000,9999.000,9999.000,9999.000,9999.000,9999.000
202608050236,   0.646,9999.000,9999.000,9999.000,9999.000,9999.000,9999.000,9999.000,9999.000
202608050242,   0.667,9999.000,9999.000,9999.000,9999.000,9999.000,9999.000,9999.000,9999.000
202608050248,   0.688,9999.000,9999.000,9999.000,9999.000,9999.000,9999.000,9999.000,9999.000
202608050254,   0.708,9999.000,9999.000,9999.000,9999.000,9999.000,9999.000,9999.000,9999.000
202608050300,   0.728,   0.908,   0.500,  -0.320,   0.908,   0.400,   0.808,   0.500,   0.908
202608050306,   0.747,9999.000,9999.000,9999.000,9999.000,9999.000,9999.000,9999.000,9999.000
202608050312,   0.766,9999.000,9999.000,9999.000,9999.000,9999.000,9999.000,9999.000,9999.000
202608050318,   0.784,9999.000,9999.000,9999.000,9999.000,9999.000,9999.000,9999.000,9999.000
202608050324,   0.801,9999.000,9999.000,9999.000,9999.000,9999.000,9999.000,9999.000,9999.000
202608050330,   0.816,   0.980,9999.000,9999.000,9999.000,9999.000,9999.000,9999.000,9999.000
202608050336,   0.831,9999.000,9999.000,9999.000,9999.000,9999.000,9999.000,9999.000,9999.000
202608050342,   0.845,9999.000,9999.000,9999.000,9999.000,9999.000,9999.000,9999.000,9999.000
202608050348,   0.857,9999.000,9999.000,9999.000,9999.000,9999.000,9999.000,9999.000,9999.000
202608050354,   0.868,9999.000,9999.000,9999.000,9999.000,9999.000,9999.000,9999.000,9999.000
202608050400,   0.877,   0.961,   0.500,  -0.416,   0.961,   0.400,   0.861,   0.500,   0.961
202608050406,   0.885,9999.000,9999.000,9999.000,9999.000,9999.000,9999.000,9999.000,9999.000
202608050412,   0.892,9999.000,9999.000,9999.000,9999.000,9999.000,9999.000,9999.000,9999.000
202608050418,   0.897,9999.000,9999.000,9999.000,9999.000,9999.000,9999.000,9999.000,9999.000
202608050424,   0.900,9999.000,9999.000,9999.000,9999.000,9999.000,9999.000,9999.000,9999.000
202608050430,   0.902,   0.980,9999.000,9999.000,9999.000,9999.000,9999.000,9999.000,9999.000
202608050436,   0.902,9999.000,9999.000,9999.000,9999.000,9999.000,9999.000,9999.000,9999.000
202608050442,   0.901,9999.000,9999.000,9999.000,9999.000,9999.000,9999.000,9999.000,9999.000
202608050448,   0.899,9999.000,9999.000,9999.000,9999.000,9999.000,9999.000,9999.000,9999.000
202608050454,   0.895,9999.000,9999.000,9999.000,9999.000,9999.000,9999.000,9999.000,9999.000
202608050500,   0.890,   0.990,   0.500,  -0.400,   0.990,   0.400,   0.890,   0.500,   0.990
202608050506,   0.883,9999.000,9999.000,9999.000,9999.000,9999.000,9999.000,9999.000,9999.000
202608050512,   0.876,9999.000,9999.000,9999.000,9999.000,9999.000,9999.000,9999.000,9999.000
202608050518,   0.867,9999.000,9999.000,9999.000,9999.000,9999.000,9999.000,9999.000,9999.000
202608050524,   0.856,9999.000,9999.000,9999.000,9999.000,9999.000,9999.000,9999.000,9999.000
202608050530,   0.845,   1.000,9999.000,9999.000,9999.000,9999.000,9999.000,9999.000,9999.000
202608050536,   0.833,9999.000,9999.000,9999.000,9999.000,9999.000,9999.000,9999.000,9999.000
202608050542,   0.820,9999.000,9999.000,9999.000,9999.000,9999.000,9999.000,9999.000,9999.000
202608050548,   0.806,9999.000,9999.000,9999.000,9999.000,9999.000,9999.000,9999.000,9999.000
202608050554,   0.791,9999.000,9999.000,9999.000,9999.000,9999.000,9999.000,9999.000,9999.000
202608050600,   0.775,   1.049,   0.500,  -0.226,   1.049,   0.400,   0.949,   0.500,   1.049
202608050606,   0.758,9999.000,9999.000,9999.000,9999.000,9999.000,9999.000,9999.000,9999.000
202608050612,   0.741,9999.000,9999.000,9999.000,9999.000,9999.000,9999.000,9999.000,9999.000
202608050618,   0.723,9999.000,9999.000,9999.000,9999.000,9999.000,9999.000,9999.000,9999.000
202608050624,   0.705,9999.000,9999.000,9999.000,9999.000,9999.000,9999.000,9999.000,9999.000
202608050630,   0.686,   0.941,9999.000,9999.000,9999.000,9999.000,9999.000,9999.000,9999.000
202608050636,   0.667,9999.000,9999.000,9999.000,9999.000,9999.000,9999.000,9999.000,9999.000
202608050642,   0.647,9999.000,9999.000,9999.000,9999.000,9999.000,9999.000,9999.000,9999.000
202608050648,   0.626,9999.000,9999.000,9999.000,9999.000,9999.000,9999.000,9999.000,9999.000
202608050654,   0.605,9999.000,9999.000,9999.000,9999.000,9999.000,9999.000,9999.000,9999.000
202608050700,   0.584,   0.819,   0.500,  -0.265,   0.819,   0.400,   0.719,   0.500,   0.819
202608050706,   0.563,9999.000,9999.000,9999.000,9999.000,9999.000,9999.000,9999.000,9999.000
202608050712,   0.541,9999.000,9999.000,9999.000,9999.000,9999.000,9999.000,9999.000,9999.000
202608050718,   0.518,9999.000,9999.000,9999.000,9999.000,9999.000,9999.000,9999.000,9999.000
202608050724,   0.496,9999.000,9999.000,9999.000,9999.000,9999.000,9999.000,9999.000,9999.000
202608050730,   0.474,   0.780,9999.000,9999.000,9999.000,9999.000,9999.000,9999.000,9999.000
202608050736,   0.451,9999.000,9999.000,9999.000,9999.000,9999.000,9999.000,9999.000,9999.000
202608050742,   0.428,9999.000,9999.000,9999.000,9999.000,9999.000,9999.000,9999.000,9999.000
202608050748,   0.405,9999.000,9999.000,9999.000,9999.000,9999.000,9999.000,9999.000,9999.000
202608050754,   0.382,9999.000,9999.000,9999.000,9999.000,9999.000,9999.000,9999.000,9999.000
202608050800,   0.360,   0.629,   0.500,  -0.231,   0.629,   0.400,   0.529,   0.500,   0.629
202608050806,   0.337,9999.000,9999.000,9999.000,9999.000,9999.000,9999.000,9999.000,9999.000
202608050812,   0.315,9999.000,9999.000,9999.000,9999.000,9999.000,9999.000,9999.000,9999.000
202608050818,   0.293,9999.000,9999.000,9999.000,9999.000,9999.000,9999.000,9999.000,9999.000
202608050824,   0.271,9999.000,9999.000,9999.000,9999.000,9999.000,9999.000,9999.000,9999.000
202608050830,   0.250,   0.619,9999.000,9999.000,9999.000,9999.000,9999.000,9999.000,9999.000
202608050836,   0.229,9999.000,9999.000,9999.000,9999.000,9999.000,9999.000,9999.000,9999.000
202608050842,   0.209,9999.000,9999.000,9999.000,9999.000,9999.000,9999.000,9999.000,9999.000
202608050848,   0.190,9999.000,9999.000,9999.000,9999.000,9999.000,9999.000,9999.000,9999.000
202608050854,   0.172,9999.000,9999.000,9999.000,9999.000,9999.000,9999.000,9999.000,9999.000
202608050900,   0.154,   0.580,   0.500,  -0.074,   0.580,   0.400,   0.480,   0.500,   0.580
202608050906,   0.137,9999.000,9999.000,9999.000,9999.000,9999.000,9999.000,9999.000,9999.000
202608050912,   0.122,9999.000,9999.000,9999.000,9999.000,9999.000,9999.000,9999.000,9999.000
202608050918,   0.107,9999.000,9999.000,9999.000,9999.000,9999.000,9999.000,9999.000,9999.000
202608050924,   0.094,9999.000,9999.000,9999.000,9999.000,9999.000,9999.000,9999.000,9999.000
202608050930,   0.081,   0.580,9999.000,9999.000,9999.000,9999.000,9999.000,9999.000,9999.000
202608050936,   0.070,9999.000,9999.000,9999.000,9999.000,9999.000,9999.000,9999.000,9999.000
202608050942,   0.061,9999.000,9999.000,9999.000,9999.000,9999.000,9999.000,9999.000,9999.000
202608050948,   0.052,9999.000,9999.000,9999.000,9999.000,9999.000,9999.000,9999.000,9999.000
202608050954,   0.045,9999.000,9999.000,9999.000,9999.000,9999.000,9999.000,9999.000,9999.000
202608051000,   0.039,   0.531,   0.500,  -0.008,   0.531,   0.400,   0.431,   0.500,   0.531
202608051006,   0.035,9999.000,9999.000,9999.000,9999.000,9999.000,9999.000,9999.000,9999.000
202608051012,   0.032,9999.000,9999.000,9999.000,9999.000,9999.000,9999.000,9999.000,9999.000
202608051018,   0.030,9999.000,9999.000,9999.000,9999.000,9999.000,9999.000,9999.000,9999.000
202608051024,   0.029,9999.000,9999.000,9999.000,9999.000,9999.000,9999.000,9999.000,9999.000
202608051030,   0.030,   0.498,9999.000,9999.000,9999.000,9999.000,9999.000,9999.000,9999.000
202608051036,   0.032,9999.000,9999.000,9999.000,9999.000,9999.000,9999.000,9999.000,9999.000
202608051042,   0.034,9999.000,9999.000,9999.000,9999.000,9999.000,9999.000,9999.000,9999.000
202608051048,   0.038,9999.000,9999.000,9999.000,9999.000,9999.000,9999.000,9999.000,9999.000
202608051054,   0.043,9999.000,9999.000,9999.000,9999.000,9999.000,9999.000,9999.000,9999.000
202608051100,   0.049,   0.508,   0.500,  -0.041,   0.508,   0.400,   0.408,   0.500,   0.508
202608051106,   0.056,9999.000,9999.000,9999.000,9999.000,9999.000,9999.000,9999.000,9999.000
202608051112,   0.064,9999.000,9999.000,9999.000,9999.000,9999.000,9999.000,9999.000,9999.000
202608051118,   0.072,9999.000,9999.000,9999.000,9999.000,9999.000,9999.000,9999.000,9999.000
202608051124,   0.081,9999.000,9999.000,9999.000,9999.000,9999.000,9999.000,9999.000,9999.000
202608051130,   0.091,   0.531,9999.000,9999.000,9999.000,9999.000,9999.000,9999.000,9999.000
202608051136,   0.101,9999.000,9999.000,9999.000,9999.000,9999.000,9999.000,9999.000,9999.000
202608051142,   0.112,9999.000,9999.000,9999.000,9999.000,9999.000,9999.000,9999.000,9999.000
202608051148,   0.123,9999.000,9999.000,9999.000,9999.000,9999.000,9999.000,9999.000,9999.000
202608051154,   0.135,9999.000,9999.000,9999.000,9999.000,9999.000,9999.000,9999.000,9999.000
202608051200,   0.147,   0.518,   0.500,  -0.129,   0.518,   0.500,   0.518,   0.500,   0.518
202608051206,   0.159,9999.000,9999.000,9999.000,9999.000,9999.000,9999.000,9999.000,9999.000
202608051212,   0.172,9999.000,9999.000,9999.000,9999.000,9999.000,9999.000,9999.000,9999.000
202608051218,   0.186,9999.000,9999.000,9999.000,9999.000,9999.000,9999.000,9999.000,9999.000
202608051224,   0.199,9999.000,9999.000,9999.000,9999.000,9999.000,9999.000,9999.000,9999.000
202608051230,   0.214,   0.518,9999.000,9999.000,9999.000,9999.000,9999.000,9999.000,9999.000
202608051236,   0.228,9999.000,9999.000,9999.000,9999.000,9999.000,9999.000,9999.000,9999.000
202608051242,   0.243,9999.000,9999.000,9999.000,9999.000,9999.000,9999.000,9999.000,9999.000
202608051248,   0.259,9999.000,9999.000,9999.000,9999.000,9999.000,9999.000,9999.000,9999.000
202608051254,   0.275,9999.000,9999.000,9999.000,9999.000,9999.000,9999.000,9999.000,9999.000
202608051300,   0.291,   0.518,   0.500,  -0.273,   0.518,   0.500,   0.518,   0.500,   0.518
202608051306,   0.308,9999.000,9999.000,9999.000,9999.000,9999.000,9999.000,9999.000,9999.000
202608051312,   0.326,9999.000,9999.000,9999.000,9999.000,9999.000,9999.000,9999.000,9999.000
202608051318,   0.344,9999.000,9999.000,9999.000,9999.000,9999.000,9999.000,9999.000,9999.000
202608051324,   0.363,9999.000,9999.000,9999.000,9999.000,9999.000,9999.000,9999.000,9999.000
202608051330,   0.383,   0.551,9999.000,9999.000,9999.000,9999.000,9999.000,9999.000,9999.000
202608051336,   0.404,9999.000,9999.000,9999.000,9999.000,9999.000,9999.000,9999.000,9999.000
202608051342,   0.425,9999.000,9999.000,9999.000,9999.000,9999.000,9999.000,9999.000,9999.000
202608051348,   0.447,9999.000,9999.000,9999.000,9999.000,9999.000,9999.000,9999.000,9999.000
202608051354,   0.469,9999.000,9999.000,9999.000,9999.000,9999.000,9999.000,9999.000,9999.000
202608051400,   0.493,   0.678,   0.500,  -0.315,   0.678,   0.500,   0.678,   0.500,   0.678
202608051406,   0.517,9999.000,9999.000,9999.000,9999.000,9999.000,9999.000,9999.000,9999.000
202608051412,   0.541,9999.000,9999.000,9999.000,9999.000,9999.000,9999.000,9999.000,9999.000
202608051418,   0.566,9999.000,9999.000,9999.000,9999.000,9999.000,9999.000,9999.000,9999.000
202608051424,   0.592,9999.000,9999.000,9999.000,9999.000,9999.000,9999.000,9999.000,9999.000
202608051430,   0.618,   0.810,9999.000,9999.000,9999.000,9999.000,9999.000,9999.000,9999.000
202608051436,   0.645,9999.000,9999.000,9999.000,9999.000,9999.000,9999.000,9999.000,9999.000
202608051442,   0.672,9999.000,9999.000,9999.000,9999.000,9999.000,9999.000,9999.000,9999.000
202608051448,   0.699,9999.000,9999.000,9999.000,9999.000,9999.000,9999.000,9999.000,9999.000
202608051454,   0.726,9999.000,9999.000,9999.000,9999.000,9999.000,9999.000,9999.000,9999.000
202608051500,   0.754,   0.918,   0.500,  -0.336,   0.918,   0.500,   0.918,   0.500,   0.918
202608051506,   0.781,9999.000,9999.000,9999.000,9999.000,9999.000,9999.000,9999.000,9999.000
202608051512,   0.807,9999.000,9999.000,9999.000,9999.000,9999.000,9999.000,9999.000,9999.000
202608051518,   0.834,9999.000,9999.000,9999.000,9999.000,9999.000,9999.000,9999.000,9999.000
202608051524,   0.860,9999.000,9999.000,9999.000,9999.000,9999.000,9999.000,9999.000,9999.000
202608051530,   0.885,   1.000,9999.000,9999.000,9999.000,9999.000,9999.000,9999.000,9999.000
202608051536,   0.910,9999.000,9999.000,9999.000,9999.000,9999.000,9999.000,9999.000,9999.000
202608051542,   0.933,9999.000,9999.000,9999.000,9999.000,9999.000,9999.000,9999.000,9999.000
202608051548,   0.956,9999.000,9999.000,9999.000,9999.000,9999.000,9999.000,9999.000,9999.000
202608051554,   0.978,9999.000,9999.000,9999.000,9999.000,9999.000,9999.000,9999.000,9999.000
202608051600,   0.998,   1.079,   0.500,  -0.419,   1.079,   0.500,   1.079,   0.500,   1.079
202608051606,   1.017,9999.000,9999.000,9999.000,9999.000,9999.000,9999.000,9999.000,9999.000
202608051612,   1.035,9999.000,9999.000,9999.000,9999.000,9999.000,9999.000,9999.000,9999.000
202608051618,   1.052,9999.000,9999.000,9999.000,9999.000,9999.000,9999.000,9999.000,9999.000
202608051624,   1.067,9999.000,9999.000,9999.000,9999.000,9999.000,9999.000,9999.000,9999.000
202608051630,   1.080,   1.118,9999.000,9999.000,9999.000,9999.000,9999.000,9999.000,9999.000
202608051636,   1.092,9999.000,9999.000,9999.000,9999.000,9999.000,9999.000,9999.000,9999.000
202608051642,   1.102,9999.000,9999.000,9999.000,9999.000,9999.000,9999.000,9999.000,9999.000
202608051648,   1.111,9999.000,9999.000,9999.000,9999.000,9999.000,9999.000,9999.000,9999.000
202608051654,   1.118,9999.000,9999.000,9999.000,9999.000,9999.000,9999.000,9999.000,9999.000
202608051700,   1.123,   1.161,   0.500,  -0.462,   1.161,   0.400,   1.061,   0.500,   1.161
202608051706,   1.127,9999.000,9999.000,9999.000,9999.000,9999.000,9999.000,9999.000,9999.000
202608051712,   1.129,9999.000,9999.000,9999.000,9999.000,9999.000,9999.000,9999.000,9999.000
202608051718,   1.130,9999.000,9999.000,9999.000,9999.000,9999.000,9999.000,9999.000,9999.000
202608051724,   1.129,9999.000,9999.000,9999.000,9999.000,9999.000,9999.000,9999.000,9999.000
202608051730,   1.127,   1.180,9999.000,9999.000,9999.000,9999.000,9999.000,9999.000,9999.000
202608051736,   1.123,9999.000,9999.000,9999.000,9999.000,9999.000,9999.000,9999.000,9999.000
202608051742,   1.118,9999.000,9999.000,9999.000,9999.000,9999.000,9999.000,9999.000,9999.000
202608051748,   1.111,9999.000,9999.000,9999.000,9999.000,9999.000,9999.000,9999.000,9999.000
202608051754,   1.104,9999.000,9999.000,9999.000,9999.000,9999.000,9999.000,9999.000,9999.000
202608051800,   1.095,   1.161,   0.500,  -0.434,   1.161,   0.500,   1.161,   0.500,   1.161
202608051806,   1.085,9999.000,9999.000,9999.000,9999.000,9999.000,9999.000,9999.000,9999.000
202608051812,   1.074,9999.000,9999.000,9999.000,9999.000,9999.000,9999.000,9999.000,9999.000
202608051818,   1.062,9999.000,9999.000,9999.000,9999.000,9999.000,9999.000,9999.000,9999.000
202608051824,   1.049,9999.000,9999.000,9999.000,9999.000,9999.000,9999.000,9999.000,9999.000
202608051830,   1.035,   1.098,9999.000,9999.000,9999.000,9999.000,9999.000,9999.000,9999.000
202608051836,   1.021,9999.000,9999.000,9999.000,9999.000,9999.000,9999.000,9999.000,9999.000
202608051842,   1.005,9999.000,9999.000,9999.000,9999.000,9999.000,9999.000,9999.000,9999.000
202608051848,   0.989,9999.000,9999.000,9999.000,9999.000,9999.000,9999.000,9999.000,9999.000
202608051854,   0.972,9999.000,9999.000,9999.000,9999.000,9999.000,9999.000,9999.000,9999.000
202608051900,   0.954,   1.059,   0.500,  -0.395,   1.059,   0.500,   1.059,   0.500,   1.059
202608051906,   0.935,9999.000,9999.000,9999.000,9999.000,9999.000,9999.000,9999.000,9999.000
202608051912,   0.916,9999.000,9999.000,9999.000,9999.000,9999.000,9999.000,9999.000,9999.000
202608051918,   0.897,9999.000,9999.000,9999.000,9999.000,9999.000,9999.000,9999.000,9999.000
202608051924,   0.876,9999.000,9999.000,9999.000,9999.000,9999.000,9999.000,9999.000,9999.000
202608051930,   0.855,   0.941,9999.000,9999.000,9999.000,9999.000,9999.000,9999.000,9999.000
202608051936,   0.834,9999.000,9999.000,9999.000,9999.000,9999.000,9999.000,9999.000,9999.000
202608051942,   0.812,9999.000,9999.000,9999.000,9999.000,9999.000,9999.000,9999.000,9999.000
202608051948,   0.790,9999.000,9999.000,9999.000,9999.000,9999.000,9999.000,9999.000,9999.000
202608051954,   0.767,9999.000,9999.000,9999.000,9999.000,9999.000,9999.000,9999.000,9999.000
202608052000,   0.744,   0.970,   0.500,  -0.274,   0.970,   0.400,   0.870,   0.500,   0.970
202608052006,   0.721,9999.000,9999.000,9999.000,9999.000,9999.000,9999.000,9999.000,9999.000
202608052012,   0.697,9999.000,9999.000,9999.000,9999.000,9999.000,9999.000,9999.000,9999.000
202608052018,   0.674,9999.000,9999.000,9999.000,9999.000,9999.000,9999.000,9999.000,9999.000
202608052024,   0.650,9999.000,9999.000,9999.000,9999.000,9999.000,9999.000,9999.000,9999.000
202608052030,   0.626,   0.898,9999.000,9999.000,9999.000,9999.000,9999.000,9999.000,9999.000
202608052036,   0.602,9999.000,9999.000,9999.000,9999.000,9999.000,9999.000,9999.000,9999.000
202608052042,   0.578,9999.000,9999.000,9999.000,9999.000,9999.000,9999.000,9999.000,9999.000
202608052048,   0.554,9999.000,9999.000,9999.000,9999.000,9999.000,9999.000,9999.000,9999.000
202608052054,   0.530,9999.000,9999.000,9999.000,9999.000,9999.000,9999.000,9999.000,9999.000
202608052100,   0.507,   0.839,   0.500,  -0.168,   0.839,   0.400,   0.739,   0.500,   0.839
202608052106,   0.485,9999.000,9999.000,9999.000,9999.000,9999.000,9999.000,9999.000,9999.000
202608052112,   0.462,9999.000,9999.000,9999.000,9999.000,9999.000,9999.000,9999.000,9999.000
202608052118,   0.440,9999.000,9999.000,9999.000,9999.000,9999.000,9999.000,9999.000,9999.000
202608052124,   0.419,9999.000,9999.000,9999.000,9999.000,9999.000,9999.000,9999.000,9999.000
202608052130,   0.399,   0.688,9999.000,9999.000,9999.000,9999.000,9999.000,9999.000,9999.000
202608052136,   0.379,9999.000,9999.000,9999.000,9999.000,9999.000,9999.000,9999.000,9999.000
202608052142,   0.361,9999.000,9999.000,9999.000,9999.000,9999.000,9999.000,9999.000,9999.000
202608052148,   0.343,9999.000,9999.000,9999.000,9999.000,9999.000,9999.000,9999.000,9999.000
202608052154,   0.326,9999.000,9999.000,9999.000,9999.000,9999.000,9999.000,9999.000,9999.000
202608052200,   0.311,   0.590,   0.400,  -0.121,   0.590,   0.400,   0.590,   0.500,   0.690
202608052206,   0.296,9999.000,9999.000,9999.000,9999.000,9999.000,9999.000,9999.000,9999.000
202608052212,   0.282,9999.000,9999.000,9999.000,9999.000,9999.000,9999.000,9999.000,9999.000
202608052218,   0.270,9999.000,9999.000,9999.000,9999.000,9999.000,9999.000,9999.000,9999.000
202608052224,   0.259,9999.000,9999.000,9999.000,9999.000,9999.000,9999.000,9999.000,9999.000
202608052230,   0.249,   0.580,9999.000,9999.000,9999.000,9999.000,9999.000,9999.000,9999.000
202608052236,   0.240,9999.000,9999.000,9999.000,9999.000,9999.000,9999.000,9999.000,9999.000
202608052242,   0.232,9999.000,9999.000,9999.000,9999.000,9999.000,9999.000,9999.000,9999.000
202608052248,   0.225,9999.000,9999.000,9999.000,9999.000,9999.000,9999.000,9999.000,9999.000
202608052254,   0.219,9999.000,9999.000,9999.000,9999.000,9999.000,9999.000,9999.000,9999.000
202608052300,   0.215,   0.570,   0.400,  -0.045,   0.570,   0.400,   0.570,   0.500,   0.670
202608052306,   0.211,9999.000,9999.000,9999.000,9999.000,9999.000,9999.000,9999.000,9999.000
202608052312,   0.208,9999.000,9999.000,9999.000,9999.000,9999.000,9999.000,9999.000,9999.000
202608052318,   0.206,9999.000,9999.000,9999.000,9999.000,9999.000,9999.000,9999.000,9999.000
202608052324,   0.205,9999.000,9999.000,9999.000,9999.000,9999.000,9999.000,9999.000,9999.000
202608052330,   0.205,   0.541,9999.000,9999.000,9999.000,9999.000,9999.000,9999.000,9999.000
202608052336,   0.205,9999.000,9999.000,9999.000,9999.000,9999.000,9999.000,9999.000,9999.000
202608052342,   0.206,9999.000,9999.000,9999.000,9999.000,9999.000,9999.000,9999.000,9999.000
202608052348,   0.208,9999.000,9999.000,9999.000,9999.000,9999.000,9999.000,9999.000,9999.000
202608052354,   0.210,9999.000,9999.000,9999.000,9999.000,9999.000,9999.000,9999.000,9999.000
202608060000,   0.212,   0.478,   0.500,  -0.234,   0.478,   0.400,   0.378,   0.500,   0.478
202608060006,   0.216,9999.000,9999.000,9999.000,9999.000,9999.000,9999.000,9999.000,9999.000
202608060012,   0.219,9999.000,9999.000,9999.000,9999.000,9999.000,9999.000,9999.000,9999.000
202608060018,   0.223,9999.000,9999.000,9999.000,9999.000,9999.000,9999.000,9999.000,9999.000
202608060024,   0.227,9999.000,9999.000,9999.000,9999.000,9999.000,9999.000,9999.000,9999.000
202608060030,   0.231,   0.498,9999.000,9999.000,9999.000,9999.000,9999.000,9999.000,9999.000
202608060036,   0.236,9999.000,9999.000,9999.000,9999.000,9999.000,9999.000,9999.000,9999.000
202608060042,   0.241,9999.000,9999.000,9999.000,9999.000,9999.000,9999.000,9999.000,9999.000
202608060048,   0.247,9999.000,9999.000,9999.000,9999.000,9999.000,9999.000,9999.000,9999.000
202608060054,   0.253,9999.000,9999.000,9999.000,9999.000,9999.000,9999.000,9999.000,9999.000
202608060100,   0.259,   0.478,   0.500,  -0.281,   0.478,   0.400,   0.378,   0.500,   0.478
202608060106,   0.266,9999.000,9999.000,9999.000,9999.000,9999.000,9999.000,9999.000,9999.000
202608060112,   0.273,9999.000,9999.000,9999.000,9999.000,9999.000,9999.000,9999.000,9999.000
202608060118,   0.280,9999.000,9999.000,9999.000,9999.000,9999.000,9999.000,9999.000,9999.000
202608060124,   0.288,9999.000,9999.000,9999.000,9999.000,9999.000,9999.000,9999.000,9999.000
202608060130,   0.297,   0.498,9999.000,9999.000,9999.000,9999.000,9999.000,9999.000,9999.000
202608060136,   0.306,9999.000,9999.000,9999.000,9999.000,9999.000,9999.000,9999.000,9999.000
202608060142,   0.316,9999.000,9999.000,9999.000,9999.000,9999.000,9999.000,9999.000,9999.000
202608060148,   0.327,9999.000,9999.000,9999.000,9999.000,9999.000,9999.000,9999.000,9999.000
202608060154,   0.338,9999.000,9999.000,9999.000,9999.000,9999.000,9999.000,9999.000,9999.000
202608060200,   0.350,   0.518,   0.400,  -0.232,   0.518,   0.400,   0.518,   0.500,   0.618
202608060206,   0.363,9999.000,9999.000,9999.000,9999.000,9999.000,9999.000,9999.000,9999.000
202608060212,   0.376,9999.000,9999.000,9999.000,9999.000,9999.000,9999.000,9999.000,9999.000
202608060218,   0.390,9999.000,9999.000,9999.000,9999.000,9999.000,9999.000,9999.000,9999.000
202608060224,   0.405,9999.000,9999.000,9999.000,9999.000,9999.000,9999.000,9999.000,9999.000
202608060230,   0.421,   0.570,9999.000,9999.000,9999.000,9999.000,9999.000,9999.000,9999.000
202608060236,   0.438,9999.000,9999.000,9999.000,9999.000,9999.000,9999.000,9999.000,9999.000
202608060242,   0.455,9999.000,9999.000,9999.000,9999.000,9999.000,9999.000,9999.000,9999.000
202608060248,   0.473,9999.000,9999.000,9999.000,9999.000,9999.000,9999.000,9999.000,9999.000
202608060254,   0.491,9999.000,9999.000,9999.000,9999.000,9999.000,9999.000,9999.000,9999.000
202608060300,   0.510,   0.708,   0.400,  -0.202,   0.708,   0.400,   0.708,   0.500,   0.808
202608060306,   0.530,9999.000,9999.000,9999.000,9999.000,9999.000,9999.000,9999.000,9999.000
202608060312,   0.549,9999.000,9999.000,9999.000,9999.000,9999.000,9999.000,9999.000,9999.000
202608060318,   0.569,9999.000,9999.000,9999.000,9999.000,9999.000,9999.000,9999.000,9999.000
202608060324,   0.589,9999.000,9999.000,9999.000,9999.000,9999.000,9999.000,9999.000,9999.000
202608060330,   0.608,   0.790,9999.000,9999.000,9999.000,9999.000,9999.000,9999.000,9999.000
202608060336,   0.628,9999.000,9999.000,9999.000,9999.000,9999.000,9999.000,9999.000,9999.000
202608060342,   0.648,9999.000,9999.000,9999.000,9999.000,9999.000,9999.000,9999.000,9999.000
202608060348,   0.667,9999.000,9999.000,9999.000,9999.000,9999.000,9999.000,9999.000,9999.000
202608060354,   0.686,9999.000,9999.000,9999.000,9999.000,9999.000,9999.000,9999.000,9999.000
202608060400,   0.704,   0.859,   0.400,  -0.245,   0.859,   0.400,   0.859,   0.400,   0.859
202608060406,   0.722,9999.000,9999.000,9999.000,9999.000,9999.000,9999.000,9999.000,9999.000
202608060412,   0.738,9999.000,9999.000,9999.000,9999.000,9999.000,9999.000,9999.000,9999.000
202608060418,   0.754,9999.000,9999.000,9999.000,9999.000,9999.000,9999.000,9999.000,9999.000
202608060424,   0.769,9999.000,9999.000,9999.000,9999.000,9999.000,9999.000,9999.000,9999.000
202608060430,   0.783,   0.898,9999.000,9999.000,9999.000,9999.000,9999.000,9999.000,9999.000
202608060436,   0.795,9999.000,9999.000,9999.000,9999.000,9999.000,9999.000,9999.000,9999.000
202608060442,   0.806,9999.000,9999.000,9999.000,9999.000,9999.000,9999.000,9999.000,9999.000
202608060448,   0.816,9999.000,9999.000,9999.000,9999.000,9999.000,9999.000,9999.000,9999.000
202608060454,   0.825,9999.000,9999.000,9999.000,9999.000,9999.000,9999.000,9999.000,9999.000
202608060500,   0.832,   0.941,   0.400,  -0.291,   0.941,   0.400,   0.941,   0.400,   0.941
202608060506,   0.838,9999.000,9999.000,9999.000,9999.000,9999.000,9999.000,9999.000,9999.000
202608060512,   0.842,9999.000,9999.000,9999.000,9999.000,9999.000,9999.000,9999.000,9999.000
202608060518,   0.845,9999.000,9999.000,9999.000,9999.000,9999.000,9999.000,9999.000,9999.000
202608060524,   0.847,9999.000,9999.000,9999.000,9999.000,9999.000,9999.000,9999.000,9999.000
202608060530,   0.847,   0.961,9999.000,9999.000,9999.000,9999.000,9999.000,9999.000,9999.000
202608060536,   0.846,9999.000,9999.000,9999.000,9999.000,9999.000,9999.000,9999.000,9999.000
202608060542,   0.843,9999.000,9999.000,9999.000,9999.000,9999.000,9999.000,9999.000,9999.000
202608060548,   0.839,9999.000,9999.000,9999.000,9999.000,9999.000,9999.000,9999.000,9999.000
202608060554,   0.834,9999.000,9999.000,9999.000,9999.000,9999.000,9999.000,9999.000,9999.000
202608060600,   0.827,   0.970,   0.400,  -0.257,   0.970,   0.400,   0.970,   0.400,   0.970
202608060606,   0.820,9999.000,9999.000,9999.000,9999.000,9999.000,9999.000,9999.000,9999.000
202608060612,   0.811,9999.000,9999.000,9999.000,9999.000,9999.000,9999.000,9999.000,9999.000
202608060618,   0.801,9999.000,9999.000,9999.000,9999.000,9999.000,9999.000,9999.000,9999.000
202608060624,   0.790,9999.000,9999.000,9999.000,9999.000,9999.000,9999.000,9999.000,9999.000
202608060630,   0.779,   0.928,9999.000,9999.000,9999.000,9999.000,9999.000,9999.000,9999.000
202608060636,   0.766,9999.000,9999.000,9999.000,9999.000,9999.000,9999.000,9999.000,9999.000
202608060642,   0.752,9999.000,9999.000,9999.000,9999.000,9999.000,9999.000,9999.000,9999.000
202608060648,   0.738,9999.000,9999.000,9999.000,9999.000,9999.000,9999.000,9999.000,9999.000
202608060654,   0.723,9999.000,9999.000,9999.000,9999.000,9999.000,9999.000,9999.000,9999.000
202608060700,   0.708,   0.859,   0.400,  -0.249,   0.859,   0.400,   0.859,   0.400,   0.859
202608060706,   0.691,9999.000,9999.000,9999.000,9999.000,9999.000,9999.000,9999.000,9999.000
202608060712,   0.674,9999.000,9999.000,9999.000,9999.000,9999.000,9999.000,9999.000,9999.000
202608060718,   0.657,9999.000,9999.000,9999.000,9999.000,9999.000,9999.000,9999.000,9999.000
202608060724,   0.639,9999.000,9999.000,9999.000,9999.000,9999.000,9999.000,9999.000,9999.000
202608060730,   0.620,   0.819,9999.000,9999.000,9999.000,9999.000,9999.000,9999.000,9999.000
202608060736,   0.601,9999.000,9999.000,9999.000,9999.000,9999.000,9999.000,9999.000,9999.000
202608060742,   0.582,9999.000,9999.000,9999.000,9999.000,9999.000,9999.000,9999.000,9999.000
202608060748,   0.562,9999.000,9999.000,9999.000,9999.000,9999.000,9999.000,9999.000,9999.000
202608060754,   0.542,9999.000,9999.000,9999.000,9999.000,9999.000,9999.000,9999.000,9999.000
202608060800,   0.522,   0.741,   0.400,  -0.181,   0.741,   0.400,   0.741,   0.400,   0.741
202608060806,   0.501,9999.000,9999.000,9999.000,9999.000,9999.000,9999.000,9999.000,9999.000
202608060812,   0.480,9999.000,9999.000,9999.000,9999.000,9999.000,9999.000,9999.000,9999.000
202608060818,   0.459,9999.000,9999.000,9999.000,9999.000,9999.000,9999.000,9999.000,9999.000
202608060824,   0.437,9999.000,9999.000,9999.000,9999.000,9999.000,9999.000,9999.000,9999.000
202608060830,   0.416,   0.688,9999.000,9999.000,9999.000,9999.000,9999.000,9999.000,9999.000
202608060836,   0.394,9999.000,9999.000,9999.000,9999.000,9999.000,9999.000,9999.000,9999.000
202608060842,   0.372,9999.000,9999.000,9999.000,9999.000,9999.000,9999.000,9999.000,9999.000
202608060848,   0.351,9999.000,9999.000,9999.000,9999.000,9999.000,9999.000,9999.000,9999.000
202608060854,   0.329,9999.000,9999.000,9999.000,9999.000,9999.000,9999.000,9999.000,9999.000
202608060900,   0.308,   0.610,   0.400,  -0.098,   0.610,   0.400,   0.610,   0.400,   0.610
202608060906,   0.286,9999.000,9999.000,9999.000,9999.000,9999.000,9999.000,9999.000,9999.000
202608060912,   0.265,9999.000,9999.000,9999.000,9999.000,9999.000,9999.000,9999.000,9999.000
202608060918,   0.245,9999.000,9999.000,9999.000,9999.000,9999.000,9999.000,9999.000,9999.000
202608060924,   0.225,9999.000,9999.000,9999.000,9999.000,9999.000,9999.000,9999.000,9999.000
202608060930,   0.205,   0.580,9999.000,9999.000,9999.000,9999.000,9999.000,9999.000,9999.000
202608060936,   0.187,9999.000,9999.000,9999.000,9999.000,9999.000,9999.000,9999.000,9999.000
202608060942,   0.168,9999.000,9999.000,9999.000,9999.000,9999.000,9999.000,9999.000,9999.000
202608060948,   0.151,9999.000,9999.000,9999.000,9999.000,9999.000,9999.000,9999.000,9999.000
202608060954,   0.134,9999.000,9999.000,9999.000,9999.000,9999.000,9999.000,9999.000,9999.000
202608061000,   0.119,   0.531,   0.400,   0.012,   0.531,   0.400,   0.531,   0.400,   0.531
202608061006,   0.104,9999.000,9999.000,9999.000,9999.000,9999.000,9999.000,9999.000,9999.000
202608061012,   0.091,9999.000,9999.000,9999.000,9999.000,9999.000,9999.000,9999.000,9999.000
202608061018,   0.078,9999.000,9999.000,9999.000,9999.000,9999.000,9999.000,9999.000,9999.000
202608061024,   0.067,9999.000,9999.000,9999.000,9999.000,9999.000,9999.000,9999.000,9999.000
202608061030,   0.057,   0.498,9999.000,9999.000,9999.000,9999.000,9999.000,9999.000,9999.000
202608061036,   0.048,9999.000,9999.000,9999.000,9999.000,9999.000,9999.000,9999.000,9999.000
202608061042,   0.041,9999.000,9999.000,9999.000,9999.000,9999.000,9999.000,9999.000,9999.000
202608061048,   0.034,9999.000,9999.000,9999.000,9999.000,9999.000,9999.000,9999.000,9999.000
202608061054,   0.029,9999.000,9999.000,9999.000,9999.000,9999.000,9999.000,9999.000,9999.000
202608061100,   0.026,   0.469,   0.400,   0.043,   0.469,   0.400,   0.469,   0.400,   0.469
202608061106,   0.023,9999.000,9999.000,9999.000,9999.000,9999.000,9999.000,9999.000,9999.000
202608061112,   0.022,9999.000,9999.000,9999.000,9999.000,9999.000,9999.000,9999.000,9999.000
202608061118,   0.022,9999.000,9999.000,9999.000,9999.000,9999.000,9999.000,9999.000,9999.000
202608061124,   0.023,9999.000,9999.000,9999.000,9999.000,9999.000,9999.000,9999.000,9999.000
202608061130,   0.025,   0.429,9999.000,9999.000,9999.000,9999.000,9999.000,9999.000,9999.000
202608061136,   0.028,9999.000,9999.000,9999.000,9999.000,9999.000,9999.000,9999.000,9999.000
202608061142,   0.033,9999.000,9999.000,9999.000,9999.000,9999.000,9999.000,9999.000,9999.000
202608061148,   0.038,9999.000,9999.000,9999.000,9999.000,9999.000,9999.000,9999.000,9999.000
202608061154,   0.044,9999.000,9999.000,9999.000,9999.000,9999.000,9999.000,9999.000,9999.000
202608061200,   0.051,   0.439,   0.400,  -0.012,   0.439,   0.400,   0.439,   0.400,   0.439
202608061206,   0.058,9999.000,9999.000,9999.000,9999.000,9999.000,9999.000,9999.000,9999.000
202608061212,   0.066,9999.000,9999.000,9999.000,9999.000,9999.000,9999.000,9999.000,9999.000
202608061218,   0.075,9999.000,9999.000,9999.000,9999.000,9999.000,9999.000,9999.000,9999.000
202608061224,   0.085,9999.000,9999.000,9999.000,9999.000,9999.000,9999.000,9999.000,9999.000
202608061230,   0.095,   0.429,9999.000,9999.000,9999.000,9999.000,9999.000,9999.000,9999.000
202608061236,   0.106,9999.000,9999.000,9999.000,9999.000,9999.000,9999.000,9999.000,9999.000
202608061242,   0.117,9999.000,9999.000,9999.000,9999.000,9999.000,9999.000,9999.000,9999.000
202608061248,   0.128,9999.000,9999.000,9999.000,9999.000,9999.000,9999.000,9999.000,9999.000
202608061254,   0.140,9999.000,9999.000,9999.000,9999.000,9999.000,9999.000,9999.000,9999.000
202608061300,   0.152,   0.400,   0.400,  -0.152,   0.400,   0.400,   0.400,   0.400,   0.400
202608061306,   0.165,9999.000,9999.000,9999.000,9999.000,9999.000,9999.000,9999.000,9999.000
202608061312,   0.178,9999.000,9999.000,9999.000,9999.000,9999.000,9999.000,9999.000,9999.000
202608061318,   0.191,9999.000,9999.000,9999.000,9999.000,9999.000,9999.000,9999.000,9999.000
202608061324,   0.205,9999.000,9999.000,9999.000,9999.000,9999.000,9999.000,9999.000,9999.000
202608061330,   0.220,   0.400,9999.000,9999.000,9999.000,9999.000,9999.000,9999.000,9999.000
202608061336,   0.235,9999.000,9999.000,9999.000,9999.000,9999.000,9999.000,9999.000,9999.000
202608061342,   0.250,9999.000,9999.000,9999.000,9999.000,9999.000,9999.000,9999.000,9999.000
202608061348,   0.266,9999.000,9999.000,9999.000,9999.000,9999.000,9999.000,9999.000,9999.000
202608061354,   0.283,9999.000,9999.000,9999.000,9999.000,9999.000,9999.000,9999.000,9999.000
202608061400,   0.300,   0.409,   0.400,  -0.291,   0.409,   0.400,   0.409,   0.400,   0.409
202608061406,   0.318,9999.000,9999.000,9999.000,9999.000,9999.000,9999.000,9999.000,9999.000
202608061412,   0.337,9999.000,9999.000,9999.000,9999.000,9999.000,9999.000,9999.000,9999.000
202608061418,   0.356,9999.000,9999.000,9999.000,9999.000,9999.000,9999.000,9999.000,9999.000
202608061424,   0.376,9999.000,9999.000,9999.000,9999.000,9999.000,9999.000,9999.000,9999.000
202608061430,   0.397,   0.459,9999.000,9999.000,9999.000,9999.000,9999.000,9999.000,9999.000
202608061436,   0.419,9999.000,9999.000,9999.000,9999.000,9999.000,9999.000,9999.000,9999.000
202608061442,   0.441,9999.000,9999.000,9999.000,9999.000,9999.000,9999.000,9999.000,9999.000
202608061448,   0.464,9999.000,9999.000,9999.000,9999.000,9999.000,9999.000,9999.000,9999.000
202608061454,   0.488,9999.000,9999.000,9999.000,9999.000,9999.000,9999.000,9999.000,9999.000
202608061500,   0.513,   0.639,   0.400,  -0.274,   0.639,   0.400,   0.639,   0.400,   0.639
202608061506,   0.539,9999.000,9999.000,9999.000,9999.000,9999.000,9999.000,9999.000,9999.000
202608061512,   0.565,9999.000,9999.000,9999.000,9999.000,9999.000,9999.000,9999.000,9999.000
202608061518,   0.591,9999.000,9999.000,9999.000,9999.000,9999.000,9999.000,9999.000,9999.000
202608061524,   0.618,9999.000,9999.000,9999.000,9999.000,9999.000,9999.000,9999.000,9999.000
202608061530,   0.646,   0.810,9999.000,9999.000,9999.000,9999.000,9999.000,9999.000,9999.000
202608061536,   0.674,9999.000,9999.000,9999.000,9999.000,9999.000,9999.000,9999.000,9999.000
202608061542,   0.702,9999.000,9999.000,9999.000,9999.000,9999.000,9999.000,9999.000,9999.000
202608061548,   0.730,9999.000,9999.000,9999.000,9999.000,9999.000,9999.000,9999.000,9999.000
202608061554,   0.758,9999.000,9999.000,9999.000,9999.000,9999.000,9999.000,9999.000,9999.000
202608061600,   0.786,   0.918,   0.400,  -0.268,   0.918,   0.400,   0.918,   0.400,   0.918
202608061606,   0.814,9999.000,9999.000,9999.000,9999.000,9999.000,9999.000,9999.000,9999.000
202608061612,   0.841,9999.000,9999.000,9999.000,9999.000,9999.000,9999.000,9999.000,9999.000
202608061618,   0.868,9999.000,9999.000,9999.000,9999.000,9999.000,9999.000,9999.000,9999.000
202608061624,   0.895,9999.000,9999.000,9999.000,9999.000,9999.000,9999.000,9999.000,9999.000
202608061630,   0.920,   0.951,9999.000,9999.000,9999.000,9999.000,9999.000,9999.000,9999.000
202608061636,   0.945,9999.000,9999.000,9999.000,9999.000,9999.000,9999.000,9999.000,9999.000
202608061642,   0.969,9999.000,9999.000,9999.000,9999.000,9999.000,9999.000,9999.000,9999.000
202608061648,   0.991,9999.000,9999.000,9999.000,9999.000,9999.000,9999.000,9999.000,9999.000
202608061654,   1.013,9999.000,9999.000,9999.000,9999.000,9999.000,9999.000,9999.000,9999.000
202608061700,   1.033,   1.059,   0.400,  -0.374,   1.059,   0.400,   1.059,   0.400,   1.059
202608061706,   1.052,9999.000,9999.000,9999.000,9999.000,9999.000,9999.000,9999.000,9999.000
202608061712,   1.069,9999.000,9999.000,9999.000,9999.000,9999.000,9999.000,9999.000,9999.000
202608061718,   1.085,9999.000,9999.000,9999.000,9999.000,9999.000,9999.000,9999.000,9999.000
202608061724,   1.099,9999.000,9999.000,9999.000,9999.000,9999.000,9999.000,9999.000,9999.000
202608061730,   1.112,   1.059,9999.000,9999.000,9999.000,9999.000,9999.000,9999.000,9999.000
202608061736,   1.123,9999.000,9999.000,9999.000,9999.000,9999.000,9999.000,9999.000,9999.000
202608061742,   1.133,9999.000,9999.000,9999.000,9999.000,9999.000,9999.000,9999.000,9999.000
202608061748,   1.141,9999.000,9999.000,9999.000,9999.000,9999.000,9999.000,9999.000,9999.000
202608061754,   1.148,9999.000,9999.000,9999.000,9999.000,9999.000,9999.000,9999.000,9999.000
202608061800,   1.153,   1.069,   0.300,  -0.384,   1.069,   0.300,   1.069,   0.400,   1.169
202608061806,   1.156,9999.000,9999.000,9999.000,9999.000,9999.000,9999.000,9999.000,9999.000
202608061812,   1.158,9999.000,9999.000,9999.000,9999.000,9999.000,9999.000,9999.000,9999.000
202608061818,   1.159,9999.000,9999.000,9999.000,9999.000,9999.000,9999.000,9999.000,9999.000
202608061824,   1.158,9999.000,9999.000,9999.000,9999.000,9999.000,9999.000,9999.000,9999.000
202608061830,   1.156,   1.138,9999.000,9999.000,9999.000,9999.000,9999.000,9999.000,9999.000
202608061836,   1.152,9999.000,9999.000,9999.000,9999.000,9999.000,9999.000,9999.000,9999.000
202608061842,   1.147,9999.000,9999.000,9999.000,9999.000,9999.000,9999.000,9999.000,9999.000
202608061848,   1.141,9999.000,9999.000,9999.000,9999.000,9999.000,9999.000,9999.000,9999.000
202608061854,   1.134,9999.000,9999.000,9999.000,9999.000,9999.000,9999.000,9999.000,9999.000
202608061900,   1.125,   1.128,   0.300,  -0.297,   1.128,   0.300,   1.128,   0.400,   1.228
202608061906,   1.116,9999.000,9999.000,9999.000,9999.000,9999.000,9999.000,9999.000,9999.000
202608061912,   1.105,9999.000,9999.000,9999.000,9999.000,9999.000,9999.000,9999.000,9999.000
202608061918,   1.093,9999.000,9999.000,9999.000,9999.000,9999.000,9999.000,9999.000,9999.000
202608061924,   1.081,9999.000,9999.000,9999.000,9999.000,9999.000,9999.000,9999.000,9999.000
202608061930,   1.068,   1.069,9999.000,9999.000,9999.000,9999.000,9999.000,9999.000,9999.000
202608061936,   1.053,9999.000,9999.000,9999.000,9999.000,9999.000,9999.000,9999.000,9999.000
202608061942,   1.038,9999.000,9999.000,9999.000,9999.000,9999.000,9999.000,9999.000,9999.000
202608061948,   1.023,9999.000,9999.000,9999.000,9999.000,9999.000,9999.000,9999.000,9999.000
202608061954,   1.006,9999.000,9999.000,9999.000,9999.000,9999.000,9999.000,9999.000,9999.000
202608062000,   0.989,   1.029,   0.300,  -0.260,   1.029,   0.300,   1.029,   0.400,   1.129
202608062006,   0.971,9999.000,9999.000,9999.000,9999.000,9999.000,9999.000,9999.000,9999.000
202608062012,   0.952,9999.000,9999.000,9999.000,9999.000,9999.000,9999.000,9999.000,9999.000
202608062018,   0.933,9999.000,9999.000,9999.000,9999.000,9999.000,9999.000,9999.000,9999.000
202608062024,   0.913,9999.000,9999.000,9999.000,9999.000,9999.000,9999.000,9999.000,9999.000
202608062030,   0.892,   0.990,9999.000,9999.000,9999.000,9999.000,9999.000,9999.000,9999.000
202608062036,   0.871,9999.000,9999.000,9999.000,9999.000,9999.000,9999.000,9999.000,9999.000
202608062042,   0.850,9999.000,9999.000,9999.000,9999.000,9999.000,9999.000,9999.000,9999.000
202608062048,   0.827,9999.000,9999.000,9999.000,9999.000,9999.000,9999.000,9999.000,9999.000
202608062054,   0.805,9999.000,9999.000,9999.000,9999.000,9999.000,9999.000,9999.000,9999.000
202608062100,   0.782,   0.869,   0.300,  -0.213,   0.869,   0.300,   0.869,   0.400,   0.969
202608062106,   0.759,9999.000,9999.000,9999.000,9999.000,9999.000,9999.000,9999.000,9999.000
202608062112,   0.735,9999.000,9999.000,9999.000,9999.000,9999.000,9999.000,9999.000,9999.000
202608062118,   0.711,9999.000,9999.000,9999.000,9999.000,9999.000,9999.000,9999.000,9999.000
202608062124,   0.688,9999.000,9999.000,9999.000,9999.000,9999.000,9999.000,9999.000,9999.000
202608062130,   0.664,   0.869,9999.000,9999.000,9999.000,9999.000,9999.000,9999.000,9999.000
202608062136,   0.640,9999.000,9999.000,9999.000,9999.000,9999.000,9999.000,9999.000,9999.000
202608062142,   0.616,9999.000,9999.000,9999.000,9999.000,9999.000,9999.000,9999.000,9999.000
202608062148,   0.592,9999.000,9999.000,9999.000,9999.000,9999.000,9999.000,9999.000,9999.000
202608062154,   0.569,9999.000,9999.000,9999.000,9999.000,9999.000,9999.000,9999.000,9999.000
202608062200,   0.545,   0.649,   0.300,  -0.196,   0.649,   0.300,   0.649,   0.400,   0.749
202608062206,   0.523,9999.000,9999.000,9999.000,9999.000,9999.000,9999.000,9999.000,9999.000
202608062212,   0.501,9999.000,9999.000,9999.000,9999.000,9999.000,9999.000,9999.000,9999.000
202608062218,   0.479,9999.000,9999.000,9999.000,9999.000,9999.000,9999.000,9999.000,9999.000
202608062224,   0.458,9999.000,9999.000,9999.000,9999.000,9999.000,9999.000,9999.000,9999.000
202608062230,   0.438,   0.619,9999.000,9999.000,9999.000,9999.000,9999.000,9999.000,9999.000
202608062236,   0.418,9999.000,9999.000,9999.000,9999.000,9999.000,9999.000,9999.000,9999.000
202608062242,   0.400,9999.000,9999.000,9999.000,9999.000,9999.000,9999.000,9999.000,9999.000
202608062248,   0.382,9999.000,9999.000,9999.000,9999.000,9999.000,9999.000,9999.000,9999.000
202608062254,   0.365,9999.000,9999.000,9999.000,9999.000,9999.000,9999.000,9999.000,9999.000
202608062300,   0.349,   0.541,   0.300,  -0.108,   0.541,   0.300,   0.541,   0.400,   0.641
202608062306,   0.334,9999.000,9999.000,9999.000,9999.000,9999.000,9999.000,9999.000,9999.000
202608062312,   0.321,9999.000,9999.000,9999.000,9999.000,9999.000,9999.000,9999.000,9999.000
202608062318,   0.308,9999.000,9999.000,9999.000,9999.000,9999.000,9999.000,9999.000,9999.000
202608062324,   0.296,9999.000,9999.000,9999.000,9999.000,9999.000,9999.000,9999.000,9999.000
202608062330,   0.286,   0.531,9999.000,9999.000,9999.000,9999.000,9999.000,9999.000,9999.000
202608062336,   0.276,9999.000,9999.000,9999.000,9999.000,9999.000,9999.000,9999.000,9999.000
202608062342,   0.268,9999.000,9999.000,9999.000,9999.000,9999.000,9999.000,9999.000,9999.000
202608062348,   0.260,9999.000,9999.000,9999.000,9999.000,9999.000,9999.000,9999.000,9999.000
202608062354,   0.253,9999.000,9999.000,9999.000,9999.000,9999.000,9999.000,9999.000,9999.000
202608070000,   0.248,   0.478,   0.300,  -0.070,   0.478,   0.300,   0.478,   0.300,   0.478
202608070006,   0.243,9999.000,9999.000,9999.000,9999.000,9999.000,9999.000,9999.000,9999.000
202608070012,   0.238,9999.000,9999.000,9999.000,9999.000,9999.000,9999.000,9999.000,9999.000
202608070018,   0.235,9999.000,9999.000,9999.000,9999.000,9999.000,9999.000,9999.000,9999.000
202608070024,   0.232,9999.000,9999.000,9999.000,9999.000,9999.000,9999.000,9999.000,9999.000
202608070030,   0.230,   0.498,9999.000,9999.000,9999.000,9999.000,9999.000,9999.000,9999.000
202608070036,   0.229,9999.000,9999.000,9999.000,9999.000,9999.000,9999.000,9999.000,9999.000
202608070042,   0.228,9999.000,9999.000,9999.000,9999.000,9999.000,9999.000,9999.000,9999.000
202608070048,   0.227,9999.000,9999.000,9999.000,9999.000,9999.000,9999.000,9999.000,9999.000
202608070054,   0.227,9999.000,9999.000,9999.000,9999.000,9999.000,9999.000,9999.000,9999.000
202608070100,   0.227,   0.469,   0.300,  -0.058,   0.469,   0.300,   0.469,   0.300,   0.469
202608070106,   0.228,9999.000,9999.000,9999.000,9999.000,9999.000,9999.000,9999.000,9999.000
202608070112,   0.229,9999.000,9999.000,9999.000,9999.000,9999.000,9999.000,9999.000,9999.000
202608070118,   0.230,9999.000,9999.000,9999.000,9999.000,9999.000,9999.000,9999.000,9999.000
202608070124,   0.232,9999.000,9999.000,9999.000,9999.000,9999.000,9999.000,9999.000,9999.000
202608070130,   0.234,   0.449,9999.000,9999.000,9999.000,9999.000,9999.000,9999.000,9999.000
202608070136,   0.236,9999.000,9999.000,9999.000,9999.000,9999.000,9999.000,9999.000,9999.000
202608070142,   0.239,9999.000,9999.000,9999.000,9999.000,9999.000,9999.000,9999.000,9999.000
202608070148,   0.242,9999.000,9999.000,9999.000,9999.000,9999.000,9999.000,9999.000,9999.000
202608070154,   0.246,9999.000,9999.000,9999.000,9999.000,9999.000,9999.000,9999.000,9999.000
202608070200,   0.250,   0.409,   0.300,  -0.141,   0.409,   0.300,   0.409,   0.300,   0.409
202608070206,   0.255,9999.000,9999.000,9999.000,9999.000,9999.000,9999.000,9999.000,9999.000
202608070212,   0.260,9999.000,9999.000,9999.000,9999.000,9999.000,9999.000,9999.000,9999.000
202608070218,   0.266,9999.000,9999.000,9999.000,9999.000,9999.000,9999.000,9999.000,9999.000
202608070224,   0.272,9999.000,9999.000,9999.000,9999.000,9999.000,9999.000,9999.000,9999.000
202608070230,   0.280,   0.400,9999.000,9999.000,9999.000,9999.000,9999.000,9999.000,9999.000
202608070236,   0.288,9999.000,9999.000,9999.000,9999.000,9999.000,9999.000,9999.000,9999.000
202608070242,   0.296,9999.000,9999.000,9999.000,9999.000,9999.000,9999.000,9999.000,9999.000
202608070248,   0.306,9999.000,9999.000,9999.000,9999.000,9999.000,9999.000,9999.000,9999.000
202608070254,   0.316,9999.000,9999.000,9999.000,9999.000,9999.000,9999.000,9999.000,9999.000
202608070300,   0.328,   0.439,   0.300,  -0.189,   0.439,   0.300,   0.439,   0.300,   0.439
202608070306,   0.340,9999.000,9999.000,9999.000,9999.000,9999.000,9999.000,9999.000,9999.000
202608070312,   0.353,9999.000,9999.000,9999.000,9999.000,9999.000,9999.000,9999.000,9999.000
202608070318,   0.366,9999.000,9999.000,9999.000,9999.000,9999.000,9999.000,9999.000,9999.000
202608070324,   0.381,9999.000,9999.000,9999.000,9999.000,9999.000,9999.000,9999.000,9999.000
202608070330,   0.397,   0.531,9999.000,9999.000,9999.000,9999.000,9999.000,9999.000,9999.000
202608070336,   0.413,9999.000,9999.000,9999.000,9999.000,9999.000,9999.000,9999.000,9999.000
202608070342,   0.430,9999.000,9999.000,9999.000,9999.000,9999.000,9999.000,9999.000,9999.000
202608070348,   0.447,9999.000,9999.000,9999.000,9999.000,9999.000,9999.000,9999.000,9999.000
202608070354,   0.466,9999.000,9999.000,9999.000,9999.000,9999.000,9999.000,9999.000,9999.000
202608070400,   0.484,   0.590,   0.300,  -0.194,   0.590,   0.300,   0.590,   0.300,   0.590
202608070406,   0.503,9999.000,9999.000,9999.000,9999.000,9999.000,9999.000,9999.000,9999.000
202608070412,   0.523,9999.000,9999.000,9999.000,9999.000,9999.000,9999.000,9999.000,9999.000
202608070418,   0.542,9999.000,9999.000,9999.000,9999.000,9999.000,9999.000,9999.000,9999.000
202608070424,   0.562,9999.000,9999.000,9999.000,9999.000,9999.000,9999.000,9999.000,9999.000
202608070430,   0.581,   0.688,9999.000,9999.000,9999.000,9999.000,9999.000,9999.000,9999.000
202608070436,   0.601,9999.000,9999.000,9999.000,9999.000,9999.000,9999.000,9999.000,9999.000
202608070442,   0.620,9999.000,9999.000,9999.000,9999.000,9999.000,9999.000,9999.000,9999.000
202608070448,   0.638,9999.000,9999.000,9999.000,9999.000,9999.000,9999.000,9999.000,9999.000
202608070454,   0.657,9999.000,9999.000,9999.000,9999.000,9999.000,9999.000,9999.000,9999.000
202608070500,   0.674,   0.741,   0.300,  -0.233,   0.741,   0.300,   0.741,   0.300,   0.741
202608070506,   0.691,9999.000,9999.000,9999.000,9999.000,9999.000,9999.000,9999.000,9999.000
202608070512,   0.707,9999.000,9999.000,9999.000,9999.000,9999.000,9999.000,9999.000,9999.000
202608070518,   0.721,9999.000,9999.000,9999.000,9999.000,9999.000,9999.000,9999.000,9999.000
202608070524,   0.735,9999.000,9999.000,9999.000,9999.000,9999.000,9999.000,9999.000,9999.000
202608070530,   0.748,   0.819,9999.000,9999.000,9999.000,9999.000,9999.000,9999.000,9999.000
202608070536,   0.760,9999.000,9999.000,9999.000,9999.000,9999.000,9999.000,9999.000,9999.000
202608070542,   0.770,9999.000,9999.000,9999.000,9999.000,9999.000,9999.000,9999.000,9999.000
202608070548,   0.779,9999.000,9999.000,9999.000,9999.000,9999.000,9999.000,9999.000,9999.000
202608070554,   0.787,9999.000,9999.000,9999.000,9999.000,9999.000,9999.000,9999.000,9999.000
202608070600,   0.793,   0.839,   0.300,  -0.254,   0.839,   0.300,   0.839,   0.300,   0.839
202608070606,   0.798,9999.000,9999.000,9999.000,9999.000,9999.000,9999.000,9999.000,9999.000
202608070612,   0.802,9999.000,9999.000,9999.000,9999.000,9999.000,9999.000,9999.000,9999.000
202608070618,   0.804,9999.000,9999.000,9999.000,9999.000,9999.000,9999.000,9999.000,9999.000
202608070624,   0.805,9999.000,9999.000,9999.000,9999.000,9999.000,9999.000,9999.000,9999.000
202608070630,   0.805,   0.879,9999.000,9999.000,9999.000,9999.000,9999.000,9999.000,9999.000
202608070636,   0.803,9999.000,9999.000,9999.000,9999.000,9999.000,9999.000,9999.000,9999.000
202608070642,   0.800,9999.000,9999.000,9999.000,9999.000,9999.000,9999.000,9999.000,9999.000
202608070648,   0.796,9999.000,9999.000,9999.000,9999.000,9999.000,9999.000,9999.000,9999.000
202608070654,   0.791,9999.000,9999.000,9999.000,9999.000,9999.000,9999.000,9999.000,9999.000
202608070700,   0.784,   0.879,   0.300,  -0.205,   0.879,   0.300,   0.879,   0.300,   0.879
202608070706,   0.777,9999.000,9999.000,9999.000,9999.000,9999.000,9999.000,9999.000,9999.000
202608070712,   0.769,9999.000,9999.000,9999.000,9999.000,9999.000,9999.000,9999.000,9999.000
202608070718,   0.759,9999.000,9999.000,9999.000,9999.000,9999.000,9999.000,9999.000,9999.000
202608070724,   0.749,9999.000,9999.000,9999.000,9999.000,9999.000,9999.000,9999.000,9999.000
202608070730,   0.738,   0.800,9999.000,9999.000,9999.000,9999.000,9999.000,9999.000,9999.000
202608070736,   0.726,9999.000,9999.000,9999.000,9999.000,9999.000,9999.000,9999.000,9999.000
202608070742,   0.713,9999.000,9999.000,9999.000,9999.000,9999.000,9999.000,9999.000,9999.000
202608070748,   0.700,9999.000,9999.000,9999.000,9999.000,9999.000,9999.000,9999.000,9999.000
202608070754,   0.686,9999.000,9999.000,9999.000,9999.000,9999.000,9999.000,9999.000,9999.000
202608070800,   0.671,   0.770,   0.300,  -0.201,   0.770,   0.300,   0.770,   0.300,   0.770
202608070806,   0.655,9999.000,9999.000,9999.000,9999.000,9999.000,9999.000,9999.000,9999.000
202608070812,   0.640,9999.000,9999.000,9999.000,9999.000,9999.000,9999.000,9999.000,9999.000
202608070818,   0.623,9999.000,9999.000,9999.000,9999.000,9999.000,9999.000,9999.000,9999.000
202608070824,   0.606,9999.000,9999.000,9999.000,9999.000,9999.000,9999.000,9999.000,9999.000
202608070830,   0.588,   0.678,9999.000,9999.000,9999.000,9999.000,9999.000,9999.000,9999.000
202608070836,   0.570,9999.000,9999.000,9999.000,9999.000,9999.000,9999.000,9999.000,9999.000
202608070842,   0.552,9999.000,9999.000,9999.000,9999.000,9999.000,9999.000,9999.000,9999.000
202608070848,   0.533,9999.000,9999.000,9999.000,9999.000,9999.000,9999.000,9999.000,9999.000
202608070854,   0.514,9999.000,9999.000,9999.000,9999.000,9999.000,9999.000,9999.000,9999.000
202608070900,   0.494,   0.610,   0.300,  -0.184,   0.610,   0.300,   0.610,   0.300,   0.610
202608070906,   0.474,9999.000,9999.000,9999.000,9999.000,9999.000,9999.000,9999.000,9999.000
202608070912,   0.454,9999.000,9999.000,9999.000,9999.000,9999.000,9999.000,9999.000,9999.000
202608070918,   0.434,9999.000,9999.000,9999.000,9999.000,9999.000,9999.000,9999.000,9999.000
202608070924,   0.413,9999.000,9999.000,9999.000,9999.000,9999.000,9999.000,9999.000,9999.000
202608070930,   0.392,   0.590,9999.000,9999.000,9999.000,9999.000,9999.000,9999.000,9999.000
202608070936,   0.371,9999.000,9999.000,9999.000,9999.000,9999.000,9999.000,9999.000,9999.000
202608070942,   0.350,9999.000,9999.000,9999.000,9999.000,9999.000,9999.000,9999.000,9999.000
202608070948,   0.329,9999.000,9999.000,9999.000,9999.000,9999.000,9999.000,9999.000,9999.000
202608070954,   0.308,9999.000,9999.000,9999.000,9999.000,9999.000,9999.000,9999.000,9999.000
202608071000,   0.288,   0.498,   0.300,  -0.090,   0.498,   0.300,   0.498,   0.300,   0.498
202608071006,   0.267,9999.000,9999.000,9999.000,9999.000,9999.000,9999.000,9999.000,9999.000
202608071012,   0.247,9999.000,9999.000,9999.000,9999.000,9999.000,9999.000,9999.000,9999.000
202608071018,   0.227,9999.000,9999.000,9999.000,9999.000,9999.000,9999.000,9999.000,9999.000
202608071024,   0.208,9999.000,9999.000,9999.000,9999.000,9999.000,9999.000,9999.000,9999.000
202608071030,   0.190,   0.439,9999.000,9999.000,9999.000,9999.000,9999.000,9999.000,9999.000
202608071036,   0.172,9999.000,9999.000,9999.000,9999.000,9999.000,9999.000,9999.000,9999.000
202608071042,   0.154,9999.000,9999.000,9999.000,9999.000,9999.000,9999.000,9999.000,9999.000
202608071048,   0.138,9999.000,9999.000,9999.000,9999.000,9999.000,9999.000,9999.000,9999.000
202608071054,   0.122,9999.000,9999.000,9999.000,9999.000,9999.000,9999.000,9999.000,9999.000
202608071100,   0.108,   0.439,   0.300,   0.031,   0.439,   0.300,   0.439,   0.300,   0.439
202608071106,   0.094,9999.000,9999.000,9999.000,9999.000,9999.000,9999.000,9999.000,9999.000
202608071112,   0.081,9999.000,9999.000,9999.000,9999.000,9999.000,9999.000,9999.000,9999.000
202608071118,   0.070,9999.000,9999.000,9999.000,9999.000,9999.000,9999.000,9999.000,9999.000
202608071124,   0.059,9999.000,9999.000,9999.000,9999.000,9999.000,9999.000,9999.000,9999.000
202608071130,   0.050,   0.409,9999.000,9999.000,9999.000,9999.000,9999.000,9999.000,9999.000
202608071136,   0.042,9999.000,9999.000,9999.000,9999.000,9999.000,9999.000,9999.000,9999.000
202608071142,   0.035,9999.000,9999.000,9999.000,9999.000,9999.000,9999.000,9999.000,9999.000
202608071148,   0.030,9999.000,9999.000,9999.000,9999.000,9999.000,9999.000,9999.000,9999.000
202608071154,   0.025,9999.000,9999.000,9999.000,9999.000,9999.000,9999.000,9999.000,9999.000
202608071200,   0.022,   0.370,   0.300,   0.048,   0.370,   0.300,   0.370,   0.300,   0.370
202608071206,   0.020,9999.000,9999.000,9999.000,9999.000,9999.000,9999.000,9999.000,9999.000
202608071212,   0.019,9999.000,9999.000,9999.000,9999.000,9999.000,9999.000,9999.000,9999.000
202608071218,   0.019,9999.000,9999.000,9999.000,9999.000,9999.000,9999.000,9999.000,9999.000
202608071224,   0.020,9999.000,9999.000,9999.000,9999.000,9999.000,9999.000,9999.000,9999.000
202608071230,   0.022,   0.350,9999.000,9999.000,9999.000,9999.000,9999.000,9999.000,9999.000
202608071236,   0.025,9999.000,9999.000,9999.000,9999.000,9999.000,9999.000,9999.000,9999.000
202608071242,   0.029,9999.000,9999.000,9999.000,9999.000,9999.000,9999.000,9999.000,9999.000
202608071248,   0.034,9999.000,9999.000,9999.000,9999.000,9999.000,9999.000,9999.000,9999.000
202608071254,   0.040,9999.000,9999.000,9999.000,9999.000,9999.000,9999.000,9999.000,9999.000
202608071300,   0.046,   0.350,   0.300,   0.004,   0.350,   0.300,   0.350,   0.300,   0.350
202608071306,   0.053,9999.000,9999.000,9999.000,9999.000,9999.000,9999.000,9999.000,9999.000
202608071312,   0.060,9999.000,9999.000,9999.000,9999.000,9999.000,9999.000,9999.000,9999.000
202608071318,   0.068,9999.000,9999.000,9999.000,9999.000,9999.000,9999.000,9999.000,9999.000
202608071324,   0.077,9999.000,9999.000,9999.000,9999.000,9999.000,9999.000,9999.000,9999.000
202608071330,   0.086,   0.350,9999.000,9999.000,9999.000,9999.000,9999.000,9999.000,9999.000
202608071336,   0.095,9999.000,9999.000,9999.000,9999.000,9999.000,9999.000,9999.000,9999.000
202608071342,   0.105,9999.000,9999.000,9999.000,9999.000,9999.000,9999.000,9999.000,9999.000
202608071348,   0.116,9999.000,9999.000,9999.000,9999.000,9999.000,9999.000,9999.000,9999.000
202608071354,   0.127,9999.000,9999.000,9999.000,9999.000,9999.000,9999.000,9999.000,9999.000
202608071400,   0.138,   0.298,   0.300,  -0.140,   0.298,   0.200,   0.198,   0.300,   0.298
202608071406,   0.150,9999.000,9999.000,9999.000,9999.000,9999.000,9999.000,9999.000,9999.000
202608071412,   0.163,9999.000,9999.000,9999.000,9999.000,9999.000,9999.000,9999.000,9999.000
202608071418,   0.175,9999.000,9999.000,9999.000,9999.000,9999.000,9999.000,9999.000,9999.000
202608071424,   0.189,9999.000,9999.000,9999.000,9999.000,9999.000,9999.000,9999.000,9999.000
202608071430,   0.203,   0.331,9999.000,9999.000,9999.000,9999.000,9999.000,9999.000,9999.000
202608071436,   0.218,9999.000,9999.000,9999.000,9999.000,9999.000,9999.000,9999.000,9999.000
202608071442,   0.233,9999.000,9999.000,9999.000,9999.000,9999.000,9999.000,9999.000,9999.000
202608071448,   0.249,9999.000,9999.000,9999.000,9999.000,9999.000,9999.000,9999.000,9999.000
202608071454,   0.266,9999.000,9999.000,9999.000,9999.000,9999.000,9999.000,9999.000,9999.000
202608071500,   0.283,   0.419,   0.300,  -0.164,   0.419,   0.200,   0.319,   0.300,   0.419
202608071506,   0.302,9999.000,9999.000,9999.000,9999.000,9999.000,9999.000,9999.000,9999.000
202608071512,   0.321,9999.000,9999.000,9999.000,9999.000,9999.000,9999.000,9999.000,9999.000
202608071518,   0.342,9999.000,9999.000,9999.000,9999.000,9999.000,9999.000,9999.000,9999.000
202608071524,   0.363,9999.000,9999.000,9999.000,9999.000,9999.000,9999.000,9999.000,9999.000
202608071530,   0.385,   0.449,9999.000,9999.000,9999.000,9999.000,9999.000,9999.000,9999.000
202608071536,   0.408,9999.000,9999.000,9999.000,9999.000,9999.000,9999.000,9999.000,9999.000
202608071542,   0.431,9999.000,9999.000,9999.000,9999.000,9999.000,9999.000,9999.000,9999.000
202608071548,   0.456,9999.000,9999.000,9999.000,9999.000,9999.000,9999.000,9999.000,9999.000
202608071554,   0.482,9999.000,9999.000,9999.000,9999.000,9999.000,9999.000,9999.000,9999.000
202608071600,   0.508,   0.590,   0.200,  -0.118,   0.590,   0.200,   0.590,   0.300,   0.690
202608071606,   0.535,9999.000,9999.000,9999.000,9999.000,9999.000,9999.000,9999.000,9999.000
202608071612,   0.563,9999.000,9999.000,9999.000,9999.000,9999.000,9999.000,9999.000,9999.000
202608071618,   0.591,9999.000,9999.000,9999.000,9999.000,9999.000,9999.000,9999.000,9999.000
202608071624,   0.620,9999.000,9999.000,9999.000,9999.000,9999.000,9999.000,9999.000,9999.000
202608071630,   0.649,   0.741,9999.000,9999.000,9999.000,9999.000,9999.000,9999.000,9999.000
202608071636,   0.678,9999.000,9999.000,9999.000,9999.000,9999.000,9999.000,9999.000,9999.000
202608071642,   0.708,9999.000,9999.000,9999.000,9999.000,9999.000,9999.000,9999.000,9999.000
202608071648,   0.737,9999.000,9999.000,9999.000,9999.000,9999.000,9999.000,9999.000,9999.000
202608071654,   0.767,9999.000,9999.000,9999.000,9999.000,9999.000,9999.000,9999.000,9999.000
202608071700,   0.796,   0.908,   0.200,  -0.088,   0.908,   0.200,   0.908,   0.300,   1.008
202608071706,   0.825,9999.000,9999.000,9999.000,9999.000,9999.000,9999.000,9999.000,9999.000
202608071712,   0.854,9999.000,9999.000,9999.000,9999.000,9999.000,9999.000,9999.000,9999.000
202608071718,   0.882,9999.000,9999.000,9999.000,9999.000,9999.000,9999.000,9999.000,9999.000
202608071724,   0.909,9999.000,9999.000,9999.000,9999.000,9999.000,9999.000,9999.000,9999.000
202608071730,   0.935,   0.961,9999.000,9999.000,9999.000,9999.000,9999.000,9999.000,9999.000
202608071736,   0.961,9999.000,9999.000,9999.000,9999.000,9999.000,9999.000,9999.000,9999.000
202608071742,   0.985,9999.000,9999.000,9999.000,9999.000,9999.000,9999.000,9999.000,9999.000
202608071748,   1.008,9999.000,9999.000,9999.000,9999.000,9999.000,9999.000,9999.000,9999.000
202608071754,   1.030,9999.000,9999.000,9999.000,9999.000,9999.000,9999.000,9999.000,9999.000
202608071800,   1.051,   0.990,   0.200,  -0.261,   0.990,   0.200,   0.990,   0.200,   0.990
202608071806,   1.071,9999.000,9999.000,9999.000,9999.000,9999.000,9999.000,9999.000,9999.000
202608071812,   1.088,9999.000,9999.000,9999.000,9999.000,9999.000,9999.000,9999.000,9999.000
202608071818,   1.105,9999.000,9999.000,9999.000,9999.000,9999.000,9999.000,9999.000,9999.000
202608071824,   1.120,9999.000,9999.000,9999.000,9999.000,9999.000,9999.000,9999.000,9999.000
202608071830,   1.133,   1.049,9999.000,9999.000,9999.000,9999.000,9999.000,9999.000,9999.000
202608071836,   1.145,9999.000,9999.000,9999.000,9999.000,9999.000,9999.000,9999.000,9999.000
202608071842,   1.155,9999.000,9999.000,9999.000,9999.000,9999.000,9999.000,9999.000,9999.000
202608071848,   1.164,9999.000,9999.000,9999.000,9999.000,9999.000,9999.000,9999.000,9999.000
202608071854,   1.171,9999.000,9999.000,9999.000,9999.000,9999.000,9999.000,9999.000,9999.000
202608071900,   1.177,   1.079,   0.200,  -0.298,   1.079,   0.200,   1.079,   0.200,   1.079
202608071906,   1.181,9999.000,9999.000,9999.000,9999.000,9999.000,9999.000,9999.000,9999.000
202608071912,   1.184,9999.000,9999.000,9999.000,9999.000,9999.000,9999.000,9999.000,9999.000
202608071918,   1.185,9999.000,9999.000,9999.000,9999.000,9999.000,9999.000,9999.000,9999.000
202608071924,   1.185,9999.000,9999.000,9999.000,9999.000,9999.000,9999.000,9999.000,9999.000
202608071930,   1.184,   1.128,9999.000,9999.000,9999.000,9999.000,9999.000,9999.000,9999.000
202608071936,   1.181,9999.000,9999.000,9999.000,9999.000,9999.000,9999.000,9999.000,9999.000
202608071942,   1.178,9999.000,9999.000,9999.000,9999.000,9999.000,9999.000,9999.000,9999.000
202608071948,   1.172,9999.000,9999.000,9999.000,9999.000,9999.000,9999.000,9999.000,9999.000
202608071954,   1.166,9999.000,9999.000,9999.000,9999.000,9999.000,9999.000,9999.000,9999.000
202608072000,   1.159,   1.128,   0.200,  -0.231,   1.128,   0.200,   1.128,   0.200,   1.128
202608072006,   1.151,9999.000,9999.000,9999.000,9999.000,9999.000,9999.000,9999.000,9999.000
202608072012,   1.141,9999.000,9999.000,9999.000,9999.000,9999.000,9999.000,9999.000,9999.000
202608072018,   1.131,9999.000,9999.000,9999.000,9999.000,9999.000,9999.000,9999.000,9999.000
202608072024,   1.120,9999.000,9999.000,9999.000,9999.000,9999.000,9999.000,9999.000,9999.000
202608072030,   1.107,   1.000,9999.000,9999.000,9999.000,9999.000,9999.000,9999.000,9999.000
202608072036,   1.094,9999.000,9999.000,9999.000,9999.000,9999.000,9999.000,9999.000,9999.000
202608072042,   1.080,9999.000,9999.000,9999.000,9999.000,9999.000,9999.000,9999.000,9999.000
202608072048,   1.065,9999.000,9999.000,9999.000,9999.000,9999.000,9999.000,9999.000,9999.000
202608072054,   1.049,9999.000,9999.000,9999.000,9999.000,9999.000,9999.000,9999.000,9999.000
202608072100,   1.033,   0.961,   0.200,  -0.272,   0.961,   0.200,   0.961,   0.200,   0.961
202608072106,   1.015,9999.000,9999.000,9999.000,9999.000,9999.000,9999.000,9999.000,9999.000
202608072112,   0.997,9999.000,9999.000,9999.000,9999.000,9999.000,9999.000,9999.000,9999.000
202608072118,   0.978,9999.000,9999.000,9999.000,9999.000,9999.000,9999.000,9999.000,9999.000
202608072124,   0.959,9999.000,9999.000,9999.000,9999.000,9999.000,9999.000,9999.000,9999.000
202608072130,   0.939,   0.951,9999.000,9999.000,9999.000,9999.000,9999.000,9999.000,9999.000
202608072136,   0.918,9999.000,9999.000,9999.000,9999.000,9999.000,9999.000,9999.000,9999.000
202608072142,   0.896,9999.000,9999.000,9999.000,9999.000,9999.000,9999.000,9999.000,9999.000
202608072148,   0.874,9999.000,9999.000,9999.000,9999.000,9999.000,9999.000,9999.000,9999.000
202608072154,   0.851,9999.000,9999.000,9999.000,9999.000,9999.000,9999.000,9999.000,9999.000
202608072200,   0.828,   0.849,   0.200,  -0.179,   0.849,   0.200,   0.849,   0.200,   0.849
202608072206,   0.805,9999.000,9999.000,9999.000,9999.000,9999.000,9999.000,9999.000,9999.000
202608072212,   0.781,9999.000,9999.000,9999.000,9999.000,9999.000,9999.000,9999.000,9999.000
202608072218,   0.757,9999.000,9999.000,9999.000,9999.000,9999.000,9999.000,9999.000,9999.000
202608072224,   0.733,9999.000,9999.000,9999.000,9999.000,9999.000,9999.000,9999.000,9999.000
202608072230,   0.709,   0.780,9999.000,9999.000,9999.000,9999.000,9999.000,9999.000,9999.000
202608072236,   0.684,9999.000,9999.000,9999.000,9999.000,9999.000,9999.000,9999.000,9999.000
202608072242,   0.660,9999.000,9999.000,9999.000,9999.000,9999.000,9999.000,9999.000,9999.000
202608072248,   0.636,9999.000,9999.000,9999.000,9999.000,9999.000,9999.000,9999.000,9999.000
202608072254,   0.612,9999.000,9999.000,9999.000,9999.000,9999.000,9999.000,9999.000,9999.000
202608072300,   0.588,   0.629,   0.200,  -0.159,   0.629,   0.200,   0.629,   0.200,   0.629
202608072306,   0.565,9999.000,9999.000,9999.000,9999.000,9999.000,9999.000,9999.000,9999.000
202608072312,   0.542,9999.000,9999.000,9999.000,9999.000,9999.000,9999.000,9999.000,9999.000
202608072318,   0.520,9999.000,9999.000,9999.000,9999.000,9999.000,9999.000,9999.000,9999.000
202608072324,   0.498,9999.000,9999.000,9999.000,9999.000,9999.000,9999.000,9999.000,9999.000
202608072330,   0.477,   0.531,9999.000,9999.000,9999.000,9999.000,9999.000,9999.000,9999.000
202608072336,   0.457,9999.000,9999.000,9999.000,9999.000,9999.000,9999.000,9999.000,9999.000
202608072342,   0.438,9999.000,9999.000,9999.000,9999.000,9999.000,9999.000,9999.000,9999.000
202608072348,   0.419,9999.000,9999.000,9999.000,9999.000,9999.000,9999.000,9999.000,9999.000
202608072354,   0.402,9999.000,9999.000,9999.000,9999.000,9999.000,9999.000,9999.000,9999.000
202608080000,   0.385,   0.419,   0.200,  -0.166,   0.419,   0.200,   0.419,   0.200,   0.419
202608080006,   0.369,9999.000,9999.000,9999.000,9999.000,9999.000,9999.000,9999.000,9999.000
202608080012,   0.354,9999.000,9999.000,9999.000,9999.000,9999.000,9999.000,9999.000,9999.000
202608080018,   0.340,9999.000,9999.000,9999.000,9999.000,9999.000,9999.000,9999.000,9999.000
202608080024,   0.327,9999.000,9999.000,9999.000,9999.000,9999.000,9999.000,9999.000,9999.000
202608080030,   0.315,   0.409,9999.000,9999.000,9999.000,9999.000,9999.000,9999.000,9999.000
202608080036,   0.304,9999.000,9999.000,9999.000,9999.000,9999.000,9999.000,9999.000,9999.000
202608080042,   0.294,9999.000,9999.000,9999.000,9999.000,9999.000,9999.000,9999.000,9999.000
202608080048,   0.285,9999.000,9999.000,9999.000,9999.000,9999.000,9999.000,9999.000,9999.000
202608080054,   0.276,9999.000,9999.000,9999.000,9999.000,9999.000,9999.000,9999.000,9999.000
202608080100,   0.268,   0.370,   0.200,  -0.098,   0.370,   0.200,   0.370,   0.200,   0.370
202608080106,   0.261,9999.000,9999.000,9999.000,9999.000,9999.000,9999.000,9999.000,9999.000
202608080112,   0.255,9999.000,9999.000,9999.000,9999.000,9999.000,9999.000,9999.000,9999.000
202608080118,   0.249,9999.000,9999.000,9999.000,9999.000,9999.000,9999.000,9999.000,9999.000
202608080124,   0.244,9999.000,9999.000,9999.000,9999.000,9999.000,9999.000,9999.000,9999.000
202608080130,   0.239,   0.390,9999.000,9999.000,9999.000,9999.000,9999.000,9999.000,9999.000
202608080136,   0.235,9999.000,9999.000,9999.000,9999.000,9999.000,9999.000,9999.000,9999.000
202608080142,   0.231,9999.000,9999.000,9999.000,9999.000,9999.000,9999.000,9999.000,9999.000
202608080148,   0.228,9999.000,9999.000,9999.000,9999.000,9999.000,9999.000,9999.000,9999.000
202608080154,   0.225,9999.000,9999.000,9999.000,9999.000,9999.000,9999.000,9999.000,9999.000
202608080200,   0.222,   0.380,   0.200,  -0.042,   0.380,   0.200,   0.380,   0.200,   0.380
202608080206,   0.220,9999.000,9999.000,9999.000,9999.000,9999.000,9999.000,9999.000,9999.000
202608080212,   0.218,9999.000,9999.000,9999.000,9999.000,9999.000,9999.000,9999.000,9999.000
202608080218,   0.217,9999.000,9999.000,9999.000,9999.000,9999.000,9999.000,9999.000,9999.000
202608080224,   0.216,9999.000,9999.000,9999.000,9999.000,9999.000,9999.000,9999.000,9999.000
202608080230,   0.216,   0.360,9999.000,9999.000,9999.000,9999.000,9999.000,9999.000,9999.000
202608080236,   0.216,9999.000,9999.000,9999.000,9999.000,9999.000,9999.000,9999.000,9999.000
202608080242,   0.216,9999.000,9999.000,9999.000,9999.000,9999.000,9999.000,9999.000,9999.000
202608080248,   0.217,9999.000,9999.000,9999.000,9999.000,9999.000,9999.000,9999.000,9999.000
202608080254,   0.219,9999.000,9999.000,9999.000,9999.000,9999.000,9999.000,9999.000,9999.000
202608080300,   0.221,   0.321,   0.200,  -0.100,   0.321,   0.200,   0.321,   0.200,   0.321
202608080306,   0.224,9999.000,9999.000,9999.000,9999.000,9999.000,9999.000,9999.000,9999.000
202608080312,   0.228,9999.000,9999.000,9999.000,9999.000,9999.000,9999.000,9999.000,9999.000
202608080318,   0.233,9999.000,9999.000,9999.000,9999.000,9999.000,9999.000,9999.000,9999.000
202608080324,   0.238,9999.000,9999.000,9999.000,9999.000,9999.000,9999.000,9999.000,9999.000
202608080330,   0.245,   0.341,9999.000,9999.000,9999.000,9999.000,9999.000,9999.000,9999.000
202608080336,   0.252,9999.000,9999.000,9999.000,9999.000,9999.000,9999.000,9999.000,9999.000
202608080342,   0.260,9999.000,9999.000,9999.000,9999.000,9999.000,9999.000,9999.000,9999.000
202608080348,   0.269,9999.000,9999.000,9999.000,9999.000,9999.000,9999.000,9999.000,9999.000
202608080354,   0.280,9999.000,9999.000,9999.000,9999.000,9999.000,9999.000,9999.000,9999.000
202608080400,   0.291,   0.400,   0.200,  -0.091,   0.400,   0.200,   0.400,   0.200,   0.400
202608080406,   0.303,9999.000,9999.000,9999.000,9999.000,9999.000,9999.000,9999.000,9999.000
202608080412,   0.317,9999.000,9999.000,9999.000,9999.000,9999.000,9999.000,9999.000,9999.000
202608080418,   0.331,9999.000,9999.000,9999.000,9999.000,9999.000,9999.000,9999.000,9999.000
202608080424,   0.346,9999.000,9999.000,9999.000,9999.000,9999.000,9999.000,9999.000,9999.000
202608080430,   0.362,   0.459,9999.000,9999.000,9999.000,9999.000,9999.000,9999.000,9999.000
202608080436,   0.379,9999.000,9999.000,9999.000,9999.000,9999.000,9999.000,9999.000,9999.000
202608080442,   0.397,9999.000,9999.000,9999.000,9999.000,9999.000,9999.000,9999.000,9999.000
202608080448,   0.415,9999.000,9999.000,9999.000,9999.000,9999.000,9999.000,9999.000,9999.000
202608080454,   0.434,9999.000,9999.000,9999.000,9999.000,9999.000,9999.000,9999.000,9999.000
202608080500,   0.454,   0.518,   0.200,  -0.136,   0.518,   0.200,   0.518,   0.200,   0.518
202608080506,   0.474,9999.000,9999.000,9999.000,9999.000,9999.000,9999.000,9999.000,9999.000
202608080512,   0.494,9999.000,9999.000,9999.000,9999.000,9999.000,9999.000,9999.000,9999.000
202608080518,   0.514,9999.000,9999.000,9999.000,9999.000,9999.000,9999.000,9999.000,9999.000
202608080524,   0.534,9999.000,9999.000,9999.000,9999.000,9999.000,9999.000,9999.000,9999.000
202608080530,   0.555,   0.580,9999.000,9999.000,9999.000,9999.000,9999.000,9999.000,9999.000
202608080536,   0.574,9999.000,9999.000,9999.000,9999.000,9999.000,9999.000,9999.000,9999.000
202608080542,   0.594,9999.000,9999.000,9999.000,9999.000,9999.000,9999.000,9999.000,9999.000
202608080548,   0.613,9999.000,9999.000,9999.000,9999.000,9999.000,9999.000,9999.000,9999.000
202608080554,   0.632,9999.000,9999.000,9999.000,9999.000,9999.000,9999.000,9999.000,9999.000
202608080600,   0.650,   0.639,   0.200,  -0.211,   0.639,   0.200,   0.639,   0.200,   0.639
202608080606,   0.667,9999.000,9999.000,9999.000,9999.000,9999.000,9999.000,9999.000,9999.000
202608080612,   0.683,9999.000,9999.000,9999.000,9999.000,9999.000,9999.000,9999.000,9999.000
202608080618,   0.698,9999.000,9999.000,9999.000,9999.000,9999.000,9999.000,9999.000,9999.000
202608080624,   0.712,9999.000,9999.000,9999.000,9999.000,9999.000,9999.000,9999.000,9999.000
202608080630,   0.725,   0.659,9999.000,9999.000,9999.000,9999.000,9999.000,9999.000,9999.000
202608080636,   0.737,9999.000,9999.000,9999.000,9999.000,9999.000,9999.000,9999.000,9999.000
202608080642,   0.748,9999.000,9999.000,9999.000,9999.000,9999.000,9999.000,9999.000,9999.000
202608080648,   0.757,9999.000,9999.000,9999.000,9999.000,9999.000,9999.000,9999.000,9999.000
202608080654,   0.765,9999.000,9999.000,9999.000,9999.000,9999.000,9999.000,9999.000,9999.000
202608080700,   0.772,   0.698,   0.200,  -0.274,   0.698,   0.200,   0.698,   0.200,   0.698
202608080706,   0.777,9999.000,9999.000,9999.000,9999.000,9999.000,9999.000,9999.000,9999.000
202608080712,   0.781,9999.000,9999.000,9999.000,9999.000,9999.000,9999.000,9999.000,9999.000
202608080718,   0.784,9999.000,9999.000,9999.000,9999.000,9999.000,9999.000,9999.000,9999.000
202608080724,   0.786,9999.000,9999.000,9999.000,9999.000,9999.000,9999.000,9999.000,9999.000
202608080730,   0.786,   0.741,9999.000,9999.000,9999.000,9999.000,9999.000,9999.000,9999.000
202608080736,   0.785,9999.000,9999.000,9999.000,9999.000,9999.000,9999.000,9999.000,9999.000
202608080742,   0.783,9999.000,9999.000,9999.000,9999.000,9999.000,9999.000,9999.000,9999.000
202608080748,   0.780,9999.000,9999.000,9999.000,9999.000,9999.000,9999.000,9999.000,9999.000
202608080754,   0.776,9999.000,9999.000,9999.000,9999.000,9999.000,9999.000,9999.000,9999.000
202608080800,   0.771,   0.741,   0.200,  -0.230,   0.741,   0.200,   0.741,   0.200,   0.741
202608080806,   0.764,9999.000,9999.000,9999.000,9999.000,9999.000,9999.000,9999.000,9999.000
202608080812,   0.757,9999.000,9999.000,9999.000,9999.000,9999.000,9999.000,9999.000,9999.000
202608080818,   0.749,9999.000,9999.000,9999.000,9999.000,9999.000,9999.000,9999.000,9999.000
202608080824,   0.740,9999.000,9999.000,9999.000,9999.000,9999.000,9999.000,9999.000,9999.000
202608080830,   0.730,   0.708,9999.000,9999.000,9999.000,9999.000,9999.000,9999.000,9999.000
202608080836,   0.719,9999.000,9999.000,9999.000,9999.000,9999.000,9999.000,9999.000,9999.000
202608080842,   0.708,9999.000,9999.000,9999.000,9999.000,9999.000,9999.000,9999.000,9999.000
202608080848,   0.695,9999.000,9999.000,9999.000,9999.000,9999.000,9999.000,9999.000,9999.000
202608080854,   0.682,9999.000,9999.000,9999.000,9999.000,9999.000,9999.000,9999.000,9999.000
202608080900,   0.669,   0.649,   0.200,  -0.220,   0.649,   0.200,   0.649,   0.200,   0.649
202608080906,   0.655,9999.000,9999.000,9999.000,9999.000,9999.000,9999.000,9999.000,9999.000
202608080912,   0.640,9999.000,9999.000,9999.000,9999.000,9999.000,9999.000,9999.000,9999.000
202608080918,   0.624,9999.000,9999.000,9999.000,9999.000,9999.000,9999.000,9999.000,9999.000
202608080924,   0.608,9999.000,9999.000,9999.000,9999.000,9999.000,9999.000,9999.000,9999.000
202608080930,   0.591,   0.580,9999.000,9999.000,9999.000,9999.000,9999.000,9999.000,9999.000
202608080936,   0.574,9999.000,9999.000,9999.000,9999.000,9999.000,9999.000,9999.000,9999.000
202608080942,   0.556,9999.000,9999.000,9999.000,9999.000,9999.000,9999.000,9999.000,9999.000
202608080948,   0.538,9999.000,9999.000,9999.000,9999.000,9999.000,9999.000,9999.000,9999.000
202608080954,   0.519,9999.000,9999.000,9999.000,9999.000,9999.000,9999.000,9999.000,9999.000
202608081000,   0.500,   0.518,   0.200,  -0.182,   0.518,   0.200,   0.518,   0.200,   0.518
202608081006,   0.480,9999.000,9999.000,9999.000,9999.000,9999.000,9999.000,9999.000,9999.000
202608081012,   0.460,9999.000,9999.000,9999.000,9999.000,9999.000,9999.000,9999.000,9999.000
202608081018,   0.440,9999.000,9999.000,9999.000,9999.000,9999.000,9999.000,9999.000,9999.000
202608081024,   0.420,9999.000,9999.000,9999.000,9999.000,9999.000,9999.000,9999.000,9999.000
202608081030,   0.399,   0.429,9999.000,9999.000,9999.000,9999.000,9999.000,9999.000,9999.000
202608081036,   0.378,9999.000,9999.000,9999.000,9999.000,9999.000,9999.000,9999.000,9999.000
202608081042,   0.357,9999.000,9999.000,9999.000,9999.000,9999.000,9999.000,9999.000,9999.000
202608081048,   0.336,9999.000,9999.000,9999.000,9999.000,9999.000,9999.000,9999.000,9999.000
202608081054,   0.315,9999.000,9999.000,9999.000,9999.000,9999.000,9999.000,9999.000,9999.000
202608081100,   0.294,   0.341,   0.200,  -0.153,   0.341,   0.200,   0.341,   0.200,   0.341
202608081106,   0.274,9999.000,9999.000,9999.000,9999.000,9999.000,9999.000,9999.000,9999.000
202608081112,   0.253,9999.000,9999.000,9999.000,9999.000,9999.000,9999.000,9999.000,9999.000
202608081118,   0.233,9999.000,9999.000,9999.000,9999.000,9999.000,9999.000,9999.000,9999.000
202608081124,   0.214,9999.000,9999.000,9999.000,9999.000,9999.000,9999.000,9999.000,9999.000
202608081130,   0.195,   0.288,9999.000,9999.000,9999.000,9999.000,9999.000,9999.000,9999.000
202608081136,   0.177,9999.000,9999.000,9999.000,9999.000,9999.000,9999.000,9999.000,9999.000
202608081142,   0.159,9999.000,9999.000,9999.000,9999.000,9999.000,9999.000,9999.000,9999.000
202608081148,   0.143,9999.000,9999.000,9999.000,9999.000,9999.000,9999.000,9999.000,9999.000
202608081154,   0.127,9999.000,9999.000,9999.000,9999.000,9999.000,9999.000,9999.000,9999.000
202608081200,   0.112,   0.278,   0.100,   0.066,   0.278,   0.100,   0.278,   0.200,   0.378
202608081206,   0.098,9999.000,9999.000,9999.000,9999.000,9999.000,9999.000,9999.000,9999.000
202608081212,   0.085,9999.000,9999.000,9999.000,9999.000,9999.000,9999.000,9999.000,9999.000
202608081218,   0.073,9999.000,9999.000,9999.000,9999.000,9999.000,9999.000,9999.000,9999.000
202608081224,   0.062,9999.000,9999.000,9999.000,9999.000,9999.000,9999.000,9999.000,9999.000
202608081230,   0.053,   0.259,9999.000,9999.000,9999.000,9999.000,9999.000,9999.000,9999.000
202608081236,   0.044,9999.000,9999.000,9999.000,9999.000,9999.000,9999.000,9999.000,9999.000
202608081242,   0.037,9999.000,9999.000,9999.000,9999.000,9999.000,9999.000,9999.000,9999.000
202608081248,   0.030,9999.000,9999.000,9999.000,9999.000,9999.000,9999.000,9999.000,9999.000
202608081254,   0.025,9999.000,9999.000,9999.000,9999.000,9999.000,9999.000,9999.000,9999.000
202608081300,   0.021,   0.239,   0.100,   0.118,   0.239,   0.100,   0.239,   0.200,   0.339
202608081306,   0.018,9999.000,9999.000,9999.000,9999.000,9999.000,9999.000,9999.000,9999.000
202608081312,   0.016,9999.000,9999.000,9999.000,9999.000,9999.000,9999.000,9999.000,9999.000
202608081318,   0.014,9999.000,9999.000,9999.000,9999.000,9999.000,9999.000,9999.000,9999.000
202608081324,   0.014,9999.000,9999.000,9999.000,9999.000,9999.000,9999.000,9999.000,9999.000
202608081330,   0.015,   0.249,9999.000,9999.000,9999.000,9999.000,9999.000,9999.000,9999.000
202608081336,   0.016,9999.000,9999.000,9999.000,9999.000,9999.000,9999.000,9999.000,9999.000
202608081342,   0.019,9999.000,9999.000,9999.000,9999.000,9999.000,9999.000,9999.000,9999.000
202608081348,   0.022,9999.000,9999.000,9999.000,9999.000,9999.000,9999.000,9999.000,9999.000
202608081354,   0.025,9999.000,9999.000,9999.000,9999.000,9999.000,9999.000,9999.000,9999.000
202608081400,   0.030,   0.219,   0.100,   0.089,   0.219,   0.100,   0.219,   0.100,   0.219
202608081406,   0.035,9999.000,9999.000,9999.000,9999.000,9999.000,9999.000,9999.000,9999.000
202608081412,   0.040,9999.000,9999.000,9999.000,9999.000,9999.000,9999.000,9999.000,9999.000
202608081418,   0.047,9999.000,9999.000,9999.000,9999.000,9999.000,9999.000,9999.000,9999.000
202608081424,   0.053,9999.000,9999.000,9999.000,9999.000,9999.000,9999.000,9999.000,9999.000
202608081430,   0.061,   0.249,9999.000,9999.000,9999.000,9999.000,9999.000,9999.000,9999.000
202608081436,   0.068,9999.000,9999.000,9999.000,9999.000,9999.000,9999.000,9999.000,9999.000
202608081442,   0.077,9999.000,9999.000,9999.000,9999.000,9999.000,9999.000,9999.000,9999.000
202608081448,   0.085,9999.000,9999.000,9999.000,9999.000,9999.000,9999.000,9999.000,9999.000
202608081454,   0.095,9999.000,9999.000,9999.000,9999.000,9999.000,9999.000,9999.000,9999.000
202608081500,   0.105,   0.229,   0.100,   0.024,   0.229,   0.100,   0.229,   0.200,   0.329
202608081506,   0.116,9999.000,9999.000,9999.000,9999.000,9999.000,9999.000,9999.000,9999.000
202608081512,   0.127,9999.000,9999.000,9999.000,9999.000,9999.000,9999.000,9999.000,9999.000
202608081518,   0.139,9999.000,9999.000,9999.000,9999.000,9999.000,9999.000,9999.000,9999.000
202608081524,   0.152,9999.000,9999.000,9999.000,9999.000,9999.000,9999.000,9999.000,9999.000
202608081530,   0.165,   0.288,9999.000,9999.000,9999.000,9999.000,9999.000,9999.000,9999.000
202608081536,   0.179,9999.000,9999.000,9999.000,9999.000,9999.000,9999.000,9999.000,9999.000
202608081542,   0.195,9999.000,9999.000,9999.000,9999.000,9999.000,9999.000,9999.000,9999.000
202608081548,   0.211,9999.000,9999.000,9999.000,9999.000,9999.000,9999.000,9999.000,9999.000
202608081554,   0.228,9999.000,9999.000,9999.000,9999.000,9999.000,9999.000,9999.000,9999.000
202608081600,   0.246,   0.308,   0.100,  -0.038,   0.308,   0.100,   0.308,   0.200,   0.408
202608081606,   0.265,9999.000,9999.000,9999.000,9999.000,9999.000,9999.000,9999.000,9999.000
202608081612,   0.286,9999.000,9999.000,9999.000,9999.000,9999.000,9999.000,9999.000,9999.000
202608081618,   0.307,9999.000,9999.000,9999.000,9999.000,9999.000,9999.000,9999.000,9999.000
202608081624,   0.329,9999.000,9999.000,9999.000,9999.000,9999.000,9999.000,9999.000,9999.000
202608081630,   0.353,   0.350,9999.000,9999.000,9999.000,9999.000,9999.000,9999.000,9999.000
202608081636,   0.377,9999.000,9999.000,9999.000,9999.000,9999.000,9999.000,9999.000,9999.000
202608081642,   0.403,9999.000,9999.000,9999.000,9999.000,9999.000,9999.000,9999.000,9999.000
202608081648,   0.429,9999.000,9999.000,9999.000,9999.000,9999.000,9999.000,9999.000,9999.000
202608081654,   0.457,9999.000,9999.000,9999.000,9999.000,9999.000,9999.000,9999.000,9999.000
202608081700,   0.485,   0.590,   0.100,   0.005,   0.590,   0.100,   0.590,   0.200,   0.690
202608081706,   0.514,9999.000,9999.000,9999.000,9999.000,9999.000,9999.000,9999.000,9999.000
202608081712,   0.544,9999.000,9999.000,9999.000,9999.000,9999.000,9999.000,9999.000,9999.000
202608081718,   0.574,9999.000,9999.000,9999.000,9999.000,9999.000,9999.000,9999.000,9999.000
202608081724,   0.605,9999.000,9999.000,9999.000,9999.000,9999.000,9999.000,9999.000,9999.000
202608081730,   0.636,   0.590,9999.000,9999.000,9999.000,9999.000,9999.000,9999.000,9999.000
202608081736,   0.668,9999.000,9999.000,9999.000,9999.000,9999.000,9999.000,9999.000,9999.000
202608081742,   0.699,9999.000,9999.000,9999.000,9999.000,9999.000,9999.000,9999.000,9999.000
202608081748,   0.731,9999.000,9999.000,9999.000,9999.000,9999.000,9999.000,9999.000,9999.000
202608081754,   0.762,9999.000,9999.000,9999.000,9999.000,9999.000,9999.000,9999.000,9999.000
202608081800,   0.793,   0.751,   0.100,  -0.142,   0.751,   0.100,   0.751,   0.100,   0.751
202608081806,   0.824,9999.000,9999.000,9999.000,9999.000,9999.000,9999.000,9999.000,9999.000
202608081812,   0.854,9999.000,9999.000,9999.000,9999.000,9999.000,9999.000,9999.000,9999.000
202608081818,   0.884,9999.000,9999.000,9999.000,9999.000,9999.000,9999.000,9999.000,9999.000
202608081824,   0.912,9999.000,9999.000,9999.000,9999.000,9999.000,9999.000,9999.000,9999.000
202608081830,   0.940,   0.849,9999.000,9999.000,9999.000,9999.000,9999.000,9999.000,9999.000
202608081836,   0.967,9999.000,9999.000,9999.000,9999.000,9999.000,9999.000,9999.000,9999.000
202608081842,   0.993,9999.000,9999.000,9999.000,9999.000,9999.000,9999.000,9999.000,9999.000
202608081848,   1.017,9999.000,9999.000,9999.000,9999.000,9999.000,9999.000,9999.000,9999.000
202608081854,   1.040,9999.000,9999.000,9999.000,9999.000,9999.000,9999.000,9999.000,9999.000
202608081900,   1.062,   0.918,   0.100,  -0.244,   0.918,   0.100,   0.918,   0.100,   0.918
202608081906,   1.083,9999.000,9999.000,9999.000,9999.000,9999.000,9999.000,9999.000,9999.000
202608081912,   1.102,9999.000,9999.000,9999.000,9999.000,9999.000,9999.000,9999.000,9999.000
202608081918,   1.119,9999.000,9999.000,9999.000,9999.000,9999.000,9999.000,9999.000,9999.000
202608081924,   1.136,9999.000,9999.000,9999.000,9999.000,9999.000,9999.000,9999.000,9999.000
202608081930,   1.150,   1.000,9999.000,9999.000,9999.000,9999.000,9999.000,9999.000,9999.000
202608081936,   1.163,9999.000,9999.000,9999.000,9999.000,9999.000,9999.000,9999.000,9999.000
202608081942,   1.175,9999.000,9999.000,9999.000,9999.000,9999.000,9999.000,9999.000,9999.000
202608081948,   1.185,9999.000,9999.000,9999.000,9999.000,9999.000,9999.000,9999.000,9999.000
202608081954,   1.193,9999.000,9999.000,9999.000,9999.000,9999.000,9999.000,9999.000,9999.000
202608082000,   1.200,   0.970,   0.100,  -0.330,   0.970,   0.100,   0.970,   0.100,   0.970
202608082006,   1.206,9999.000,9999.000,9999.000,9999.000,9999.000,9999.000,9999.000,9999.000
202608082012,   1.210,9999.000,9999.000,9999.000,9999.000,9999.000,9999.000,9999.000,9999.000
202608082018,   1.213,9999.000,9999.000,9999.000,9999.000,9999.000,9999.000,9999.000,9999.000
202608082024,   1.214,9999.000,9999.000,9999.000,9999.000,9999.000,9999.000,9999.000,9999.000
202608082030,   1.214,   0.951,9999.000,9999.000,9999.000,9999.000,9999.000,9999.000,9999.000
202608082036,   1.213,9999.000,9999.000,9999.000,9999.000,9999.000,9999.000,9999.000,9999.000
202608082042,   1.210,9999.000,9999.000,9999.000,9999.000,9999.000,9999.000,9999.000,9999.000
202608082048,   1.207,9999.000,9999.000,9999.000,9999.000,9999.000,9999.000,9999.000,9999.000
202608082054,   1.202,9999.000,9999.000,9999.000,9999.000,9999.000,9999.000,9999.000,9999.000
202608082100,   1.196,   0.961,   0.100,  -0.335,   0.961,   0.100,   0.961,   0.100,   0.961
202608082106,   1.189,9999.000,9999.000,9999.000,9999.000,9999.000,9999.000,9999.000,9999.000
202608082112,   1.181,9999.000,9999.000,9999.000,9999.000,9999.000,9999.000,9999.000,9999.000
202608082118,   1.172,9999.000,9999.000,9999.000,9999.000,9999.000,9999.000,9999.000,9999.000
202608082124,   1.161,9999.000,9999.000,9999.000,9999.000,9999.000,9999.000,9999.000,9999.000
202608082130,   1.150,   0.951,9999.000,9999.000,9999.000,9999.000,9999.000,9999.000,9999.000
202608082136,   1.138,9999.000,9999.000,9999.000,9999.000,9999.000,9999.000,9999.000,9999.000
202608082142,   1.125,9999.000,9999.000,9999.000,9999.000,9999.000,9999.000,9999.000,9999.000
202608082148,   1.110,9999.000,9999.000,9999.000,9999.000,9999.000,9999.000,9999.000,9999.000
202608082154,   1.095,9999.000,9999.000,9999.000,9999.000,9999.000,9999.000,9999.000,9999.000
202608082200,   1.079,   0.898,   0.100,  -0.281,   0.898,   0.100,   0.898,   0.100,   0.898
202608082206,   1.062,9999.000,9999.000,9999.000,9999.000,9999.000,9999.000,9999.000,9999.000
202608082212,   1.044,9999.000,9999.000,9999.000,9999.000,9999.000,9999.000,9999.000,9999.000
202608082218,   1.025,9999.000,9999.000,9999.000,9999.000,9999.000,9999.000,9999.000,9999.000
202608082224,   1.005,9999.000,9999.000,9999.000,9999.000,9999.000,9999.000,9999.000,9999.000
202608082230,   0.985,   0.859,9999.000,9999.000,9999.000,9999.000,9999.000,9999.000,9999.000
202608082236,   0.964,9999.000,9999.000,9999.000,9999.000,9999.000,9999.000,9999.000,9999.000
202608082242,   0.942,9999.000,9999.000,9999.000,9999.000,9999.000,9999.000,9999.000,9999.000
202608082248,   0.919,9999.000,9999.000,9999.000,9999.000,9999.000,9999.000,9999.000,9999.000
202608082254,   0.896,9999.000,9999.000,9999.000,9999.000,9999.000,9999.000,9999.000,9999.000
202608082300,   0.872,   0.731,   0.100,  -0.241,   0.731,   0.100,   0.731,   0.100,   0.731
202608082306,   0.848,9999.000,9999.000,9999.000,9999.000,9999.000,9999.000,9999.000,9999.000
202608082312,   0.824,9999.000,9999.000,9999.000,9999.000,9999.000,9999.000,9999.000,9999.000
202608082318,   0.799,9999.000,9999.000,9999.000,9999.000,9999.000,9999.000,9999.000,9999.000
202608082324,   0.774,9999.000,9999.000,9999.000,9999.000,9999.000,9999.000,9999.000,9999.000
202608082330,   0.748,   0.619,9999.000,9999.000,9999.000,9999.000,9999.000,9999.000,9999.000
202608082336,   0.723,9999.000,9999.000,9999.000,9999.000,9999.000,9999.000,9999.000,9999.000
202608082342,   0.697,9999.000,9999.000,9999.000,9999.000,9999.000,9999.000,9999.000,9999.000
202608082348,   0.672,9999.000,9999.000,9999.000,9999.000,9999.000,9999.000,9999.000,9999.000
202608082354,   0.647,9999.000,9999.000,9999.000,9999.000,9999.000,9999.000,9999.000,9999.000
202608090000,   0.622,   0.469,   0.100,  -0.253,   0.469,   0.100,   0.469,   0.100,   0.469
202608090006,   0.598,9999.000,9999.000,9999.000,9999.000,9999.000,9999.000,9999.000,9999.000
202608090012,   0.574,9999.000,9999.000,9999.000,9999.000,9999.000,9999.000,9999.000,9999.000
202608090018,   0.550,9999.000,9999.000,9999.000,9999.000,9999.000,9999.000,9999.000,9999.000
202608090024,   0.527,9999.000,9999.000,9999.000,9999.000,9999.000,9999.000,9999.000,9999.000
202608090030,   0.505,   0.409,9999.000,9999.000,9999.000,9999.000,9999.000,9999.000,9999.000
202608090036,   0.484,9999.000,9999.000,9999.000,9999.000,9999.000,9999.000,9999.000,9999.000
202608090042,   0.463,9999.000,9999.000,9999.000,9999.000,9999.000,9999.000,9999.000,9999.000
202608090048,   0.443,9999.000,9999.000,9999.000,9999.000,9999.000,9999.000,9999.000,9999.000
202608090054,   0.424,9999.000,9999.000,9999.000,9999.000,9999.000,9999.000,9999.000,9999.000
202608090100,   0.405,   0.331,   0.100,  -0.174,   0.331,   0.100,   0.331,   0.100,   0.331
202608090106,   0.388,9999.000,9999.000,9999.000,9999.000,9999.000,9999.000,9999.000,9999.000
202608090112,   0.371,9999.000,9999.000,9999.000,9999.000,9999.000,9999.000,9999.000,9999.000
202608090118,   0.355,9999.000,9999.000,9999.000,9999.000,9999.000,9999.000,9999.000,9999.000
202608090124,   0.341,9999.000,9999.000,9999.000,9999.000,9999.000,9999.000,9999.000,9999.000
202608090130,   0.326,   0.249,9999.000,9999.000,9999.000,9999.000,9999.000,9999.000,9999.000
202608090136,   0.313,9999.000,9999.000,9999.000,9999.000,9999.000,9999.000,9999.000,9999.000
202608090142,   0.301,9999.000,9999.000,9999.000,9999.000,9999.000,9999.000,9999.000,9999.000
202608090148,   0.289,9999.000,9999.000,9999.000,9999.000,9999.000,9999.000,9999.000,9999.000
202608090154,   0.278,9999.000,9999.000,9999.000,9999.000,9999.000,9999.000,9999.000,9999.000
202608090200,   0.268,   0.209,   0.100,  -0.159,   0.209,   0.100,   0.209,   0.100,   0.209
202608090206,   0.258,9999.000,9999.000,9999.000,9999.000,9999.000,9999.000,9999.000,9999.000
202608090212,   0.249,9999.000,9999.000,9999.000,9999.000,9999.000,9999.000,9999.000,9999.000
202608090218,   0.240,9999.000,9999.000,9999.000,9999.000,9999.000,9999.000,9999.000,9999.000
202608090224,   0.232,9999.000,9999.000,9999.000,9999.000,9999.000,9999.000,9999.000,9999.000
202608090230,   0.225,   0.200,9999.000,9999.000,9999.000,9999.000,9999.000,9999.000,9999.000
202608090236,   0.218,9999.000,9999.000,9999.000,9999.000,9999.000,9999.000,9999.000,9999.000
202608090242,   0.211,9999.000,9999.000,9999.000,9999.000,9999.000,9999.000,9999.000,9999.000
202608090248,   0.205,9999.000,9999.000,9999.000,9999.000,9999.000,9999.000,9999.000,9999.000
202608090254,   0.200,9999.000,9999.000,9999.000,9999.000,9999.000,9999.000,9999.000,9999.000
202608090300,   0.195,   0.160,   0.100,  -0.135,   0.160,   0.100,   0.160,   0.100,   0.160
202608090306,   0.190,9999.000,9999.000,9999.000,9999.000,9999.000,9999.000,9999.000,9999.000
202608090312,   0.186,9999.000,9999.000,9999.000,9999.000,9999.000,9999.000,9999.000,9999.000
202608090318,   0.182,9999.000,9999.000,9999.000,9999.000,9999.000,9999.000,9999.000,9999.000
202608090324,   0.179,9999.000,9999.000,9999.000,9999.000,9999.000,9999.000,9999.000,9999.000
202608090330,   0.177,   0.170,9999.000,9999.000,9999.000,9999.000,9999.000,9999.000,9999.000
202608090336,   0.175,9999.000,9999.000,9999.000,9999.000,9999.000,9999.000,9999.000,9999.000
202608090342,   0.174,9999.000,9999.000,9999.000,9999.000,9999.000,9999.000,9999.000,9999.000
202608090348,   0.174,9999.000,9999.000,9999.000,9999.000,9999.000,9999.000,9999.000,9999.000
202608090354,   0.175,9999.000,9999.000,9999.000,9999.000,9999.000,9999.000,9999.000,9999.000
202608090400,   0.176,   0.219,   0.100,  -0.057,   0.219,   0.100,   0.219,   0.100,   0.219
202608090406,   0.179,9999.000,9999.000,9999.000,9999.000,9999.000,9999.000,9999.000,9999.000
202608090412,   0.182,9999.000,9999.000,9999.000,9999.000,9999.000,9999.000,9999.000,9999.000
202608090418,   0.186,9999.000,9999.000,9999.000,9999.000,9999.000,9999.000,9999.000,9999.000
202608090424,   0.192,9999.000,9999.000,9999.000,9999.000,9999.000,9999.000,9999.000,9999.000
202608090430,   0.198,   0.249,9999.000,9999.000,9999.000,9999.000,9999.000,9999.000,9999.000
202608090436,   0.206,9999.000,9999.000,9999.000,9999.000,9999.000,9999.000,9999.000,9999.000
202608090442,   0.215,9999.000,9999.000,9999.000,9999.000,9999.000,9999.000,9999.000,9999.000
202608090448,   0.225,9999.000,9999.000,9999.000,9999.000,9999.000,9999.000,9999.000,9999.000
202608090454,   0.237,9999.000,9999.000,9999.000,9999.000,9999.000,9999.000,9999.000,9999.000
202608090500,   0.249,   0.321,   0.100,  -0.028,   0.321,   0.100,   0.321,   0.200,   0.421
202608090506,   0.263,9999.000,9999.000,9999.000,9999.000,9999.000,9999.000,9999.000,9999.000
202608090512,   0.278,9999.000,9999.000,9999.000,9999.000,9999.000,9999.000,9999.000,9999.000
202608090518,   0.294,9999.000,9999.000,9999.000,9999.000,9999.000,9999.000,9999.000,9999.000
202608090524,   0.311,9999.000,9999.000,9999.000,9999.000,9999.000,9999.000,9999.000,9999.000
202608090530,   0.329,   0.370,9999.000,9999.000,9999.000,9999.000,9999.000,9999.000,9999.000
202608090536,   0.347,9999.000,9999.000,9999.000,9999.000,9999.000,9999.000,9999.000,9999.000
202608090542,   0.367,9999.000,9999.000,9999.000,9999.000,9999.000,9999.000,9999.000,9999.000
202608090548,   0.387,9999.000,9999.000,9999.000,9999.000,9999.000,9999.000,9999.000,9999.000
202608090554,   0.408,9999.000,9999.000,9999.000,9999.000,9999.000,9999.000,9999.000,9999.000
202608090600,   0.430,   0.478,   0.200,  -0.152,   0.478,   0.200,   0.478,   0.200,   0.478
202608090606,   0.451,9999.000,9999.000,9999.000,9999.000,9999.000,9999.000,9999.000,9999.000
202608090612,   0.473,9999.000,9999.000,9999.000,9999.000,9999.000,9999.000,9999.000,9999.000
202608090618,   0.495,9999.000,9999.000,9999.000,9999.000,9999.000,9999.000,9999.000,9999.000
202608090624,   0.517,9999.000,9999.000,9999.000,9999.000,9999.000,9999.000,9999.000,9999.000
202608090630,   0.539,   0.580,9999.000,9999.000,9999.000,9999.000,9999.000,9999.000,9999.000
202608090636,   0.561,9999.000,9999.000,9999.000,9999.000,9999.000,9999.000,9999.000,9999.000
202608090642,   0.582,9999.000,9999.000,9999.000,9999.000,9999.000,9999.000,9999.000,9999.000
202608090648,   0.602,9999.000,9999.000,9999.000,9999.000,9999.000,9999.000,9999.000,9999.000
202608090654,   0.622,9999.000,9999.000,9999.000,9999.000,9999.000,9999.000,9999.000,9999.000
202608090700,   0.642,   0.659,   0.200,  -0.183,   0.659,   0.200,   0.659,   0.200,   0.659
202608090706,   0.660,9999.000,9999.000,9999.000,9999.000,9999.000,9999.000,9999.000,9999.000
202608090712,   0.677,9999.000,9999.000,9999.000,9999.000,9999.000,9999.000,9999.000,9999.000
202608090718,   0.694,9999.000,9999.000,9999.000,9999.000,9999.000,9999.000,9999.000,9999.000
202608090724,   0.709,9999.000,9999.000,9999.000,9999.000,9999.000,9999.000,9999.000,9999.000
202608090730,   0.723,   0.708,9999.000,9999.000,9999.000,9999.000,9999.000,9999.000,9999.000
202608090736,   0.736,9999.000,9999.000,9999.000,9999.000,9999.000,9999.000,9999.000,9999.000
202608090742,   0.748,9999.000,9999.000,9999.000,9999.000,9999.000,9999.000,9999.000,9999.000
202608090748,   0.759,9999.000,9999.000,9999.000,9999.000,9999.000,9999.000,9999.000,9999.000
202608090754,   0.768,9999.000,9999.000,9999.000,9999.000,9999.000,9999.000,9999.000,9999.000
202608090800,   0.776,   0.741,   0.200,  -0.235,   0.741,   0.200,   0.741,   0.200,   0.741
202608090806,   0.783,9999.000,9999.000,9999.000,9999.000,9999.000,9999.000,9999.000,9999.000
202608090812,   0.788,9999.000,9999.000,9999.000,9999.000,9999.000,9999.000,9999.000,9999.000
202608090818,   0.792,9999.000,9999.000,9999.000,9999.000,9999.000,9999.000,9999.000,9999.000
202608090824,   0.795,9999.000,9999.000,9999.000,9999.000,9999.000,9999.000,9999.000,9999.000
202608090830,   0.797,   0.780,9999.000,9999.000,9999.000,9999.000,9999.000,9999.000,9999.000
202608090836,   0.797,9999.000,9999.000,9999.000,9999.000,9999.000,9999.000,9999.000,9999.000
202608090842,   0.797,9999.000,9999.000,9999.000,9999.000,9999.000,9999.000,9999.000,9999.000
202608090848,   0.795,9999.000,9999.000,9999.000,9999.000,9999.000,9999.000,9999.000,9999.000
202608090854,   0.792,9999.000,9999.000,9999.000,9999.000,9999.000,9999.000,9999.000,9999.000
202608090900,   0.788,   0.780,   0.200,  -0.208,   0.780,   0.200,   0.780,   0.200,   0.780
202608090906,   0.783,9999.000,9999.000,9999.000,9999.000,9999.000,9999.000,9999.000,9999.000
202608090912,   0.777,9999.000,9999.000,9999.000,9999.000,9999.000,9999.000,9999.000,9999.000
202608090918,   0.771,9999.000,9999.000,9999.000,9999.000,9999.000,9999.000,9999.000,9999.000
202608090924,   0.763,9999.000,9999.000,9999.000,9999.000,9999.000,9999.000,9999.000,9999.000
202608090930,   0.754,   0.790,9999.000,9999.000,9999.000,9999.000,9999.000,9999.000,9999.000
202608090936,   0.745,9999.000,9999.000,9999.000,9999.000,9999.000,9999.000,9999.000,9999.000
202608090942,   0.734,9999.000,9999.000,9999.000,9999.000,9999.000,9999.000,9999.000,9999.000
202608090948,   0.723,9999.000,9999.000,9999.000,9999.000,9999.000,9999.000,9999.000,9999.000
202608090954,   0.711,9999.000,9999.000,9999.000,9999.000,9999.000,9999.000,9999.000,9999.000
202608091000,   0.698,   0.718,   0.200,  -0.180,   0.718,   0.200,   0.718,   0.200,   0.718
202608091006,   0.685,9999.000,9999.000,9999.000,9999.000,9999.000,9999.000,9999.000,9999.000
202608091012,   0.671,9999.000,9999.000,9999.000,9999.000,9999.000,9999.000,9999.000,9999.000
202608091018,   0.656,9999.000,9999.000,9999.000,9999.000,9999.000,9999.000,9999.000,9999.000
202608091024,   0.640,9999.000,9999.000,9999.000,9999.000,9999.000,9999.000,9999.000,9999.000
202608091030,   0.624,   0.678,9999.000,9999.000,9999.000,9999.000,9999.000,9999.000,9999.000
202608091036,   0.606,9999.000,9999.000,9999.000,9999.000,9999.000,9999.000,9999.000,9999.000
202608091042,   0.589,9999.000,9999.000,9999.000,9999.000,9999.000,9999.000,9999.000,9999.000
202608091048,   0.570,9999.000,9999.000,9999.000,9999.000,9999.000,9999.000,9999.000,9999.000
202608091054,   0.551,9999.000,9999.000,9999.000,9999.000,9999.000,9999.000,9999.000,9999.000
202608091100,   0.532,   0.580,   0.200,  -0.152,   0.580,   0.200,   0.580,   0.200,   0.580
202608091106,   0.512,9999.000,9999.000,9999.000,9999.000,9999.000,9999.000,9999.000,9999.000
202608091112,   0.491,9999.000,9999.000,9999.000,9999.000,9999.000,9999.000,9999.000,9999.000
202608091118,   0.470,9999.000,9999.000,9999.000,9999.000,9999.000,9999.000,9999.000,9999.000
202608091124,   0.449,9999.000,9999.000,9999.000,9999.000,9999.000,9999.000,9999.000,9999.000
202608091130,   0.427,   0.541,9999.000,9999.000,9999.000,9999.000,9999.000,9999.000,9999.000
202608091136,   0.405,9999.000,9999.000,9999.000,9999.000,9999.000,9999.000,9999.000,9999.000
202608091142,   0.383,9999.000,9999.000,9999.000,9999.000,9999.000,9999.000,9999.000,9999.000
202608091148,   0.361,9999.000,9999.000,9999.000,9999.000,9999.000,9999.000,9999.000,9999.000
202608091154,   0.339,9999.000,9999.000,9999.000,9999.000,9999.000,9999.000,9999.000,9999.000
202608091200,   0.318,   0.429,   0.200,  -0.089,   0.429,   0.200,   0.429,   0.200,   0.429
202608091206,   0.296,9999.000,9999.000,9999.000,9999.000,9999.000,9999.000,9999.000,9999.000
202608091212,   0.274,9999.000,9999.000,9999.000,9999.000,9999.000,9999.000,9999.000,9999.000
202608091218,   0.253,9999.000,9999.000,9999.000,9999.000,9999.000,9999.000,9999.000,9999.000
202608091224,   0.233,9999.000,9999.000,9999.000,9999.000,9999.000,9999.000,9999.000,9999.000
202608091230,   0.213,   0.360,9999.000,9999.000,9999.000,9999.000,9999.000,9999.000,9999.000
202608091236,   0.193,9999.000,9999.000,9999.000,9999.000,9999.000,9999.000,9999.000,9999.000
202608091242,   0.175,9999.000,9999.000,9999.000,9999.000,9999.000,9999.000,9999.000,9999.000
202608091248,   0.157,9999.000,9999.000,9999.000,9999.000,9999.000,9999.000,9999.000,9999.000
202608091254,   0.140,9999.000,9999.000,9999.000,9999.000,9999.000,9999.000,9999.000,9999.000
202608091300,   0.123,   0.308,   0.200,  -0.015,   0.308,   0.200,   0.308,   0.300,   0.408
202608091306,   0.108,9999.000,9999.000,9999.000,9999.000,9999.000,9999.000,9999.000,9999.000
202608091312,   0.094,9999.000,9999.000,9999.000,9999.000,9999.000,9999.000,9999.000,9999.000
202608091318,   0.081,9999.000,9999.000,9999.000,9999.000,9999.000,9999.000,9999.000,9999.000
202608091324,   0.068,9999.000,9999.000,9999.000,9999.000,9999.000,9999.000,9999.000,9999.000
202608091330,   0.057,   0.321,9999.000,9999.000,9999.000,9999.000,9999.000,9999.000,9999.000
202608091336,   0.047,9999.000,9999.000,9999.000,9999.000,9999.000,9999.000,9999.000,9999.000
202608091342,   0.038,9999.000,9999.000,9999.000,9999.000,9999.000,9999.000,9999.000,9999.000
202608091348,   0.030,9999.000,9999.000,9999.000,9999.000,9999.000,9999.000,9999.000,9999.000
202608091354,   0.023,9999.000,9999.000,9999.000,9999.000,9999.000,9999.000,9999.000,9999.000
202608091400,   0.016,   0.259,   0.200,   0.043,   0.259,   0.200,   0.259,   0.200,   0.259
202608091406,   0.011,9999.000,9999.000,9999.000,9999.000,9999.000,9999.000,9999.000,9999.000
202608091412,   0.007,9999.000,9999.000,9999.000,9999.000,9999.000,9999.000,9999.000,9999.000
202608091418,   0.004,9999.000,9999.000,9999.000,9999.000,9999.000,9999.000,9999.000,9999.000
202608091424,   0.002,9999.000,9999.000,9999.000,9999.000,9999.000,9999.000,9999.000,9999.000
202608091430,   0.000,   0.259,9999.000,9999.000,9999.000,9999.000,9999.000,9999.000,9999.000
202608091436,   0.000,9999.000,9999.000,9999.000,9999.000,9999.000,9999.000,9999.000,9999.000
202608091442,   0.000,9999.000,9999.000,9999.000,9999.000,9999.000,9999.000,9999.000,9999.000
202608091448,   0.000,9999.000,9999.000,9999.000,9999.000,9999.000,9999.000,9999.000,9999.000
202608091454,   0.001,9999.000,9999.000,9999.000,9999.000,9999.000,9999.000,9999.000,9999.000
202608091500,   0.003,   0.259,   0.200,   0.056,   0.259,   0.200,   0.259,   0.200,   0.259
202608091506,   0.006,9999.000,9999.000,9999.000,9999.000,9999.000,9999.000,9999.000,9999.000
202608091512,   0.009,9999.000,9999.000,9999.000,9999.000,9999.000,9999.000,9999.000,9999.000
202608091518,   0.013,9999.000,9999.000,9999.000,9999.000,9999.000,9999.000,9999.000,9999.000
202608091524,   0.018,9999.000,9999.000,9999.000,9999.000,9999.000,9999.000,9999.000,9999.000
202608091530,   0.023,   0.209,9999.000,9999.000,9999.000,9999.000,9999.000,9999.000,9999.000
202608091536,   0.029,9999.000,9999.000,9999.000,9999.000,9999.000,9999.000,9999.000,9999.000
202608091542,   0.035,9999.000,9999.000,9999.000,9999.000,9999.000,9999.000,9999.000,9999.000
202608091548,   0.042,9999.000,9999.000,9999.000,9999.000,9999.000,9999.000,9999.000,9999.000
202608091554,   0.050,9999.000,9999.000,9999.000,9999.000,9999.000,9999.000,9999.000,9999.000
202608091600,   0.059,   0.219,   0.200,  -0.040,   0.219,   0.200,   0.219,   0.200,   0.219
202608091606,   0.068,9999.000,9999.000,9999.000,9999.000,9999.000,9999.000,9999.000,9999.000
202608091612,   0.079,9999.000,9999.000,9999.000,9999.000,9999.000,9999.000,9999.000,9999.000
202608091618,   0.090,9999.000,9999.000,9999.000,9999.000,9999.000,9999.000,9999.000,9999.000
202608091624,   0.103,9999.000,9999.000,9999.000,9999.000,9999.000,9999.000,9999.000,9999.000
202608091630,   0.116,   0.209,9999.000,9999.000,9999.000,9999.000,9999.000,9999.000,9999.000
202608091636,   0.130,9999.000,9999.000,9999.000,9999.000,9999.000,9999.000,9999.000,9999.000
202608091642,   0.146,9999.000,9999.000,9999.000,9999.000,9999.000,9999.000,9999.000,9999.000
202608091648,   0.163,9999.000,9999.000,9999.000,9999.000,9999.000,9999.000,9999.000,9999.000
202608091654,   0.181,9999.000,9999.000,9999.000,9999.000,9999.000,9999.000,9999.000,9999.000
202608091700,   0.200,   0.249,   0.200,  -0.151,   0.249,   0.200,   0.249,   0.200,   0.249
202608091706,   0.220,9999.000,9999.000,9999.000,9999.000,9999.000,9999.000,9999.000,9999.000
202608091712,   0.242,9999.000,9999.000,9999.000,9999.000,9999.000,9999.000,9999.000,9999.000
202608091718,   0.265,9999.000,9999.000,9999.000,9999.000,9999.000,9999.000,9999.000,9999.000
202608091724,   0.289,9999.000,9999.000,9999.000,9999.000,9999.000,9999.000,9999.000,9999.000
202608091730,   0.314,   0.331,9999.000,9999.000,9999.000,9999.000,9999.000,9999.000,9999.000
202608091736,   0.341,9999.000,9999.000,9999.000,9999.000,9999.000,9999.000,9999.000,9999.000
202608091742,   0.369,9999.000,9999.000,9999.000,9999.000,9999.000,9999.000,9999.000,9999.000
202608091748,   0.397,9999.000,9999.000,9999.000,9999.000,9999.000,9999.000,9999.000,9999.000
202608091754,   0.427,9999.000,9999.000,9999.000,9999.000,9999.000,9999.000,9999.000,9999.000
202608091800,   0.458,   0.400,   0.300,  -0.358,   0.400,   0.200,   0.300,   0.300,   0.400
202608091806,   0.489,9999.000,9999.000,9999.000,9999.000,9999.000,9999.000,9999.000,9999.000
202608091812,   0.521,9999.000,9999.000,9999.000,9999.000,9999.000,9999.000,9999.000,9999.000
202608091818,   0.554,9999.000,9999.000,9999.000,9999.000,9999.000,9999.000,9999.000,9999.000
202608091824,   0.587,9999.000,9999.000,9999.000,9999.000,9999.000,9999.000,9999.000,9999.000
202608091830,   0.621,   0.580,9999.000,9999.000,9999.000,9999.000,9999.000,9999.000,9999.000
202608091836,   0.654,9999.000,9999.000,9999.000,9999.000,9999.000,9999.000,9999.000,9999.000
202608091842,   0.688,9999.000,9999.000,9999.000,9999.000,9999.000,9999.000,9999.000,9999.000
202608091848,   0.722,9999.000,9999.000,9999.000,9999.000,9999.000,9999.000,9999.000,9999.000
202608091854,   0.755,9999.000,9999.000,9999.000,9999.000,9999.000,9999.000,9999.000,9999.000
202608091900,   0.788,   0.760,   0.200,  -0.228,   0.760,   0.200,   0.760,   0.300,   0.860
202608091906,   0.821,9999.000,9999.000,9999.000,9999.000,9999.000,9999.000,9999.000,9999.000
202608091912,   0.853,9999.000,9999.000,9999.000,9999.000,9999.000,9999.000,9999.000,9999.000
202608091918,   0.884,9999.000,9999.000,9999.000,9999.000,9999.000,9999.000,9999.000,9999.000
202608091924,   0.914,9999.000,9999.000,9999.000,9999.000,9999.000,9999.000,9999.000,9999.000
202608091930,   0.944,   0.898,9999.000,9999.000,9999.000,9999.000,9999.000,9999.000,9999.000
202608091936,   0.972,9999.000,9999.000,9999.000,9999.000,9999.000,9999.000,9999.000,9999.000
202608091942,   0.999,9999.000,9999.000,9999.000,9999.000,9999.000,9999.000,9999.000,9999.000
202608091948,   1.025,9999.000,9999.000,9999.000,9999.000,9999.000,9999.000,9999.000,9999.000
202608091954,   1.050,9999.000,9999.000,9999.000,9999.000,9999.000,9999.000,9999.000,9999.000
202608092000,   1.073,   0.980,   0.200,  -0.293,   0.980,   0.200,   0.980,   0.300,   1.080
202608092006,   1.095,9999.000,9999.000,9999.000,9999.000,9999.000,9999.000,9999.000,9999.000
202608092012,   1.115,9999.000,9999.000,9999.000,9999.000,9999.000,9999.000,9999.000,9999.000
202608092018,   1.134,9999.000,9999.000,9999.000,9999.000,9999.000,9999.000,9999.000,9999.000
202608092024,   1.151,9999.000,9999.000,9999.000,9999.000,9999.000,9999.000,9999.000,9999.000
202608092030,   1.167,   0.980,9999.000,9999.000,9999.000,9999.000,9999.000,9999.000,9999.000
202608092036,   1.182,9999.000,9999.000,9999.000,9999.000,9999.000,9999.000,9999.000,9999.000
202608092042,   1.194,9999.000,9999.000,9999.000,9999.000,9999.000,9999.000,9999.000,9999.000
202608092048,   1.206,9999.000,9999.000,9999.000,9999.000,9999.000,9999.000,9999.000,9999.000
202608092054,   1.215,9999.000,9999.000,9999.000,9999.000,9999.000,9999.000,9999.000,9999.000
202608092100,   1.224,   1.029,   0.200,  -0.395,   1.029,   0.200,   1.029,   0.300,   1.129
202608092106,   1.230,9999.000,9999.000,9999.000,9999.000,9999.000,9999.000,9999.000,9999.000
202608092112,   1.236,9999.000,9999.000,9999.000,9999.000,9999.000,9999.000,9999.000,9999.000
202608092118,   1.240,9999.000,9999.000,9999.000,9999.000,9999.000,9999.000,9999.000,9999.000
202608092124,   1.242,9999.000,9999.000,9999.000,9999.000,9999.000,9999.000,9999.000,9999.000
202608092130,   1.244,   1.059,9999.000,9999.000,9999.000,9999.000,9999.000,9999.000,9999.000
202608092136,   1.244,9999.000,9999.000,9999.000,9999.000,9999.000,9999.000,9999.000,9999.000
202608092142,   1.242,9999.000,9999.000,9999.000,9999.000,9999.000,9999.000,9999.000,9999.000
202608092148,   1.240,9999.000,9999.000,9999.000,9999.000,9999.000,9999.000,9999.000,9999.000
202608092154,   1.236,9999.000,9999.000,9999.000,9999.000,9999.000,9999.000,9999.000,9999.000
202608092200,   1.231,   1.049,   0.200,  -0.382,   1.049,   0.200,   1.049,   0.200,   1.049
202608092206,   1.225,9999.000,9999.000,9999.000,9999.000,9999.000,9999.000,9999.000,9999.000
202608092212,   1.217,9999.000,9999.000,9999.000,9999.000,9999.000,9999.000,9999.000,9999.000
202608092218,   1.209,9999.000,9999.000,9999.000,9999.000,9999.000,9999.000,9999.000,9999.000
202608092224,   1.199,9999.000,9999.000,9999.000,9999.000,9999.000,9999.000,9999.000,9999.000
202608092230,   1.188,   1.039,9999.000,9999.000,9999.000,9999.000,9999.000,9999.000,9999.000
202608092236,   1.176,9999.000,9999.000,9999.000,9999.000,9999.000,9999.000,9999.000,9999.000
202608092242,   1.163,9999.000,9999.000,9999.000,9999.000,9999.000,9999.000,9999.000,9999.000
202608092248,   1.148,9999.000,9999.000,9999.000,9999.000,9999.000,9999.000,9999.000,9999.000
202608092254,   1.133,9999.000,9999.000,9999.000,9999.000,9999.000,9999.000,9999.000,9999.000
202608092300,   1.116,   0.941,   0.200,  -0.375,   0.941,   0.200,   0.941,   0.200,   0.941
202608092306,   1.099,9999.000,9999.000,9999.000,9999.000,9999.000,9999.000,9999.000,9999.000
202608092312,   1.080,9999.000,9999.000,9999.000,9999.000,9999.000,9999.000,9999.000,9999.000
202608092318,   1.061,9999.000,9999.000,9999.000,9999.000,9999.000,9999.000,9999.000,9999.000
202608092324,   1.040,9999.000,9999.000,9999.000,9999.000,9999.000,9999.000,9999.000,9999.000
202608092330,   1.019,9999.000,9999.000,9999.000,9999.000,9999.000,9999.000,9999.000,9999.000
202608092336,   0.997,9999.000,9999.000,9999.000,9999.000,9999.000,9999.000,9999.000,9999.000
202608092342,   0.974,9999.000,9999.000,9999.000,9999.000,9999.000,9999.000,9999.000,9999.000
202608092348,   0.950,9999.000,9999.000,9999.000,9999.000,9999.000,9999.000,9999.000,9999.000
202608092354,   0.925,9999.000,9999.000,9999.000,9999.000,9999.000,9999.000,9999.000,9999.000
202608100000,   0.900,9999.000,   0.200,  -0.359,   0.741,   0.200,   0.741,   0.200,   0.741
202608100006,   0.875,9999.000,9999.000,9999.000,9999.000,9999.000,9999.000,9999.000,9999.000
202608100012,   0.848,9999.000,9999.000,9999.000,9999.000,9999.000,9999.000,9999.000,9999.000
202608100018,   0.822,9999.000,9999.000,9999.000,9999.000,9999.000,9999.000,9999.000,9999.000
202608100024,   0.795,9999.000,9999.000,9999.000,9999.000,9999.000,9999.000,9999.000,9999.000
202608100030,   0.768,9999.000,9999.000,9999.000,9999.000,9999.000,9999.000,9999.000,9999.000
202608100036,   0.741,9999.000,9999.000,9999.000,9999.000,9999.000,9999.000,9999.000,9999.000
202608100042,   0.714,9999.000,9999.000,9999.000,9999.000,9999.000,9999.000,9999.000,9999.000
202608100048,   0.687,9999.000,9999.000,9999.000,9999.000,9999.000,9999.000,9999.000,9999.000
202608100054,   0.661,9999.000,9999.000,9999.000,9999.000,9999.000,9999.000,9999.000,9999.000
202608100100,   0.634,9999.000,   0.200,  -0.342,   0.492,   0.200,   0.492,   0.200,   0.492
202608100106,   0.608,9999.000,9999.000,9999.000,9999.000,9999.000,9999.000,9999.000,9999.000
202608100112,   0.583,9999.000,9999.000,9999.000,9999.000,9999.000,9999.000,9999.000,9999.000
202608100118,   0.557,9999.000,9999.000,9999.000,9999.000,9999.000,9999.000,9999.000,9999.000
202608100124,   0.533,9999.000,9999.000,9999.000,9999.000,9999.000,9999.000,9999.000,9999.000
202608100130,   0.509,9999.000,9999.000,9999.000,9999.000,9999.000,9999.000,9999.000,9999.000
202608100136,   0.486,9999.000,9999.000,9999.000,9999.000,9999.000,9999.000,9999.000,9999.000
202608100142,   0.463,9999.000,9999.000,9999.000,9999.000,9999.000,9999.000,9999.000,9999.000
202608100148,   0.442,9999.000,9999.000,9999.000,9999.000,9999.000,9999.000,9999.000,9999.000
202608100154,   0.421,9999.000,9999.000,9999.000,9999.000,9999.000,9999.000,9999.000,9999.000
202608100200,   0.400,9999.000,   0.200,  -0.326,   0.274,   0.200,   0.274,   0.200,   0.274
202608100206,   0.381,9999.000,9999.000,9999.000,9999.000,9999.000,9999.000,9999.000,9999.000
202608100212,   0.363,9999.000,9999.000,9999.000,9999.000,9999.000,9999.000,9999.000,9999.000
202608100218,   0.345,9999.000,9999.000,9999.000,9999.000,9999.000,9999.000,9999.000,9999.000
202608100224,   0.328,9999.000,9999.000,9999.000,9999.000,9999.000,9999.000,9999.000,9999.000
202608100230,   0.312,9999.000,9999.000,9999.000,9999.000,9999.000,9999.000,9999.000,9999.000
202608100236,   0.296,9999.000,9999.000,9999.000,9999.000,9999.000,9999.000,9999.000,9999.000
202608100242,   0.282,9999.000,9999.000,9999.000,9999.000,9999.000,9999.000,9999.000,9999.000
202608100248,   0.268,9999.000,9999.000,9999.000,9999.000,9999.000,9999.000,9999.000,9999.000
202608100254,   0.254,9999.000,9999.000,9999.000,9999.000,9999.000,9999.000,9999.000,9999.000
202608100300,   0.242,9999.000,   0.200,  -0.309,   0.133,   0.200,   0.133,   0.200,   0.133
202608100306,   0.230,9999.000,9999.000,9999.000,9999.000,9999.000,9999.000,9999.000,9999.000
202608100312,   0.218,9999.000,9999.000,9999.000,9999.000,9999.000,9999.000,9999.000,9999.000
202608100318,   0.208,9999.000,9999.000,9999.000,9999.000,9999.000,9999.000,9999.000,9999.000
202608100324,   0.197,9999.000,9999.000,9999.000,9999.000,9999.000,9999.000,9999.000,9999.000
202608100330,   0.188,9999.000,9999.000,9999.000,9999.000,9999.000,9999.000,9999.000,9999.000
202608100336,   0.178,9999.000,9999.000,9999.000,9999.000,9999.000,9999.000,9999.000,9999.000
202608100342,   0.170,9999.000,9999.000,9999.000,9999.000,9999.000,9999.000,9999.000,9999.000
202608100348,   0.162,9999.000,9999.000,9999.000,9999.000,9999.000,9999.000,9999.000,9999.000
202608100354,   0.154,9999.000,9999.000,9999.000,9999.000,9999.000,9999.000,9999.000,9999.000
202608100400,   0.148,9999.000,   0.200,  -0.293,   0.055,   0.200,   0.055,   0.200,   0.055
202608100406,   0.141,9999.000,9999.000,9999.000,9999.000,9999.000,9999.000,9999.000,9999.000
202608100412,   0.136,9999.000,9999.000,9999.000,9999.000,9999.000,9999.000,9999.000,9999.000
202608100418,   0.131,9999.000,9999.000,9999.000,9999.000,9999.000,9999.000,9999.000,9999.000
202608100424,   0.127,9999.000,9999.000,9999.000,9999.000,9999.000,9999.000,9999.000,9999.000
202608100430,   0.124,9999.000,9999.000,9999.000,9999.000,9999.000,9999.000,9999.000,9999.000
202608100436,   0.122,9999.000,9999.000,9999.000,9999.000,9999.000,9999.000,9999.000,9999.000
202608100442,   0.120,9999.000,9999.000,9999.000,9999.000,9999.000,9999.000,9999.000,9999.000
202608100448,   0.120,9999.000,9999.000,9999.000,9999.000,9999.000,9999.000,9999.000,9999.000
202608100454,   0.121,9999.000,9999.000,9999.000,9999.000,9999.000,9999.000,9999.000,9999.000
202608100500,   0.123,9999.000,   0.200,  -0.276,   0.047,   0.200,   0.047,   0.200,   0.047
202608100506,   0.126,9999.000,9999.000,9999.000,9999.000,9999.000,9999.000,9999.000,9999.000
202608100512,   0.130,9999.000,9999.000,9999.000,9999.000,9999.000,9999.000,9999.000,9999.000
202608100518,   0.136,9999.000,9999.000,9999.000,9999.000,9999.000,9999.000,9999.000,9999.000
202608100524,   0.143,9999.000,9999.000,9999.000,9999.000,9999.000,9999.000,9999.000,9999.000
202608100530,   0.151,9999.000,9999.000,9999.000,9999.000,9999.000,9999.000,9999.000,9999.000
202608100536,   0.160,9999.000,9999.000,9999.000,9999.000,9999.000,9999.000,9999.000,9999.000
202608100542,   0.171,9999.000,9999.000,9999.000,9999.000,9999.000,9999.000,9999.000,9999.000
202608100548,   0.184,9999.000,9999.000,9999.000,9999.000,9999.000,9999.000,9999.000,9999.000
202608100554,   0.198,9999.000,9999.000,9999.000,9999.000,9999.000,9999.000,9999.000,9999.000
202608100600,   0.213,9999.000,   0.200,  -0.260,   0.153,   0.200,   0.153,   0.200,   0.153
202608100606,   0.229,9999.000,9999.000,9999.000,9999.000,9999.000,9999.000,9999.000,9999.000
202608100612,   0.247,9999.000,9999.000,9999.000,9999.000,9999.000,9999.000,9999.000,9999.000
202608100618,   0.265,9999.000,9999.000,9999.000,9999.000,9999.000,9999.000,9999.000,9999.000
202608100624,   0.285,9999.000,9999.000,9999.000,9999.000,9999.000,9999.000,9999.000,9999.000
202608100630,   0.306,9999.000,9999.000,9999.000,9999.000,9999.000,9999.000,9999.000,9999.000
202608100636,   0.328,9999.000,9999.000,9999.000,9999.000,9999.000,9999.000,9999.000,9999.000
202608100642,   0.350,9999.000,9999.000,9999.000,9999.000,9999.000,9999.000,9999.000,9999.000
202608100648,   0.373,9999.000,9999.000,9999.000,9999.000,9999.000,9999.000,9999.000,9999.000
202608100654,   0.397,9999.000,9999.000,9999.000,9999.000,9999.000,9999.000,9999.000,9999.000
202608100700,   0.421,9999.000,   0.200,  -0.243,   0.378,   0.200,   0.378,   0.200,   0.378
202608100706,   0.446,9999.000,9999.000,9999.000,9999.000,9999.000,9999.000,9999.000,9999.000
202608100712,   0.470,9999.000,9999.000,9999.000,9999.000,9999.000,9999.000,9999.000,9999.000
202608100718,   0.495,9999.000,9999.000,9999.000,9999.000,9999.000,9999.000,9999.000,9999.000
202608100724,   0.519,9999.000,9999.000,9999.000,9999.000,9999.000,9999.000,9999.000,9999.000
202608100730,   0.543,9999.000,9999.000,9999.000,9999.000,9999.000,9999.000,9999.000,9999.000
202608100736,   0.567,9999.000,9999.000,9999.000,9999.000,9999.000,9999.000,9999.000,9999.000
202608100742,   0.591,9999.000,9999.000,9999.000,9999.000,9999.000,9999.000,9999.000,9999.000
202608100748,   0.613,9999.000,9999.000,9999.000,9999.000,9999.000,9999.000,9999.000,9999.000
202608100754,   0.635,9999.000,9999.000,9999.000,9999.000,9999.000,9999.000,9999.000,9999.000
202608100800,   0.656,9999.000,   0.200,  -0.227,   0.629,   0.200,   0.629,   0.200,   0.629
202608100806,   0.677,9999.000,9999.000,9999.000,9999.000,9999.000,9999.000,9999.000,9999.000
202608100812,   0.696,9999.000,9999.000,9999.000,9999.000,9999.000,9999.000,9999.000,9999.000
202608100818,   0.714,9999.000,9999.000,9999.000,9999.000,9999.000,9999.000,9999.000,9999.000
202608100824,   0.731,9999.000,9999.000,9999.000,9999.000,9999.000,9999.000,9999.000,9999.000
202608100830,   0.747,9999.000,9999.000,9999.000,9999.000,9999.000,9999.000,9999.000,9999.000
202608100836,   0.761,9999.000,9999.000,9999.000,9999.000,9999.000,9999.000,9999.000,9999.000
202608100842,   0.775,9999.000,9999.000,9999.000,9999.000,9999.000,9999.000,9999.000,9999.000
202608100848,   0.787,9999.000,9999.000,9999.000,9999.000,9999.000,9999.000,9999.000,9999.000
202608100854,   0.797,9999.000,9999.000,9999.000,9999.000,9999.000,9999.000,9999.000,9999.000
202608100900,   0.807,9999.000,   0.200,  -0.211,   0.796,   0.200,   0.796,   0.200,   0.796
202608100906,   0.815,9999.000,9999.000,9999.000,9999.000,9999.000,9999.000,9999.000,9999.000
202608100912,   0.822,9999.000,9999.000,9999.000,9999.000,9999.000,9999.000,9999.000,9999.000
202608100918,   0.827,9999.000,9999.000,9999.000,9999.000,9999.000,9999.000,9999.000,9999.000
202608100924,   0.832,9999.000,9999.000,9999.000,9999.000,9999.000,9999.000,9999.000,9999.000
202608100930,   0.835,9999.000,9999.000,9999.000,9999.000,9999.000,9999.000,9999.000,9999.000
202608100936,   0.837,9999.000,9999.000,9999.000,9999.000,9999.000,9999.000,9999.000,9999.000
202608100942,   0.838,9999.000,9999.000,9999.000,9999.000,9999.000,9999.000,9999.000,9999.000
202608100948,   0.837,9999.000,9999.000,9999.000,9999.000,9999.000,9999.000,9999.000,9999.000
202608100954,   0.836,9999.000,9999.000,9999.000,9999.000,9999.000,9999.000,9999.000,9999.000
202608101000,   0.833,9999.000,   0.200,  -0.194,   0.839,   0.200,   0.839,   0.300,   0.939
202608101006,   0.829,9999.000,9999.000,9999.000,9999.000,9999.000,9999.000,9999.000,9999.000
202608101012,   0.824,9999.000,9999.000,9999.000,9999.000,9999.000,9999.000,9999.000,9999.000
202608101018,   0.818,9999.000,9999.000,9999.000,9999.000,9999.000,9999.000,9999.000,9999.000
202608101024,   0.812,9999.000,9999.000,9999.000,9999.000,9999.000,9999.000,9999.000,9999.000
202608101030,   0.804,9999.000,9999.000,9999.000,9999.000,9999.000,9999.000,9999.000,9999.000
202608101036,   0.795,9999.000,9999.000,9999.000,9999.000,9999.000,9999.000,9999.000,9999.000
202608101042,   0.785,9999.000,9999.000,9999.000,9999.000,9999.000,9999.000,9999.000,9999.000
202608101048,   0.775,9999.000,9999.000,9999.000,9999.000,9999.000,9999.000,9999.000,9999.000
202608101054,   0.763,9999.000,9999.000,9999.000,9999.000,9999.000,9999.000,9999.000,9999.000
202608101100,   0.750,9999.000,   0.200,  -0.178,   0.772,   0.200,   0.772,   0.300,   0.872
202608101106,   0.737,9999.000,9999.000,9999.000,9999.000,9999.000,9999.000,9999.000,9999.000
202608101112,   0.723,9999.000,9999.000,9999.000,9999.000,9999.000,9999.000,9999.000,9999.000
202608101118,   0.707,9999.000,9999.000,9999.000,9999.000,9999.000,9999.000,9999.000,9999.000
202608101124,   0.691,9999.000,9999.000,9999.000,9999.000,9999.000,9999.000,9999.000,9999.000
202608101130,   0.674,9999.000,9999.000,9999.000,9999.000,9999.000,9999.000,9999.000,9999.000
202608101136,   0.656,9999.000,9999.000,9999.000,9999.000,9999.000,9999.000,9999.000,9999.000
202608101142,   0.638,9999.000,9999.000,9999.000,9999.000,9999.000,9999.000,9999.000,9999.000
202608101148,   0.618,9999.000,9999.000,9999.000,9999.000,9999.000,9999.000,9999.000,9999.000
202608101154,   0.598,9999.000,9999.000,9999.000,9999.000,9999.000,9999.000,9999.000,9999.000
202608101200,   0.577,9999.000,   0.200,  -0.178,   0.599,   0.200,   0.599,   0.300,   0.699
202608101206,   0.556,9999.000,9999.000,9999.000,9999.000,9999.000,9999.000,9999.000,9999.000
202608101212,   0.534,9999.000,9999.000,9999.000,9999.000,9999.000,9999.000,9999.000,9999.000
202608101218,   0.512,9999.000,9999.000,9999.000,9999.000,9999.000,9999.000,9999.000,9999.000
202608101224,   0.489,9999.000,9999.000,9999.000,9999.000,9999.000,9999.000,9999.000,9999.000
202608101230,   0.466,9999.000,9999.000,9999.000,9999.000,9999.000,9999.000,9999.000,9999.000
202608101236,   0.442,9999.000,9999.000,9999.000,9999.000,9999.000,9999.000,9999.000,9999.000
202608101242,   0.419,9999.000,9999.000,9999.000,9999.000,9999.000,9999.000,9999.000,9999.000
202608101248,   0.395,9999.000,9999.000,9999.000,9999.000,9999.000,9999.000,9999.000,9999.000
202608101254,   0.371,9999.000,9999.000,9999.000,9999.000,9999.000,9999.000,9999.000,9999.000
202608101300,   0.348,9999.000,   0.300,  -0.178,   0.470,   0.200,   0.370,   0.300,   0.470
202608101306,   0.324,9999.000,9999.000,9999.000,9999.000,9999.000,9999.000,9999.000,9999.000
202608101312,   0.301,9999.000,9999.000,9999.000,9999.000,9999.000,9999.000,9999.000,9999.000
202608101318,   0.278,9999.000,9999.000,9999.000,9999.000,9999.000,9999.000,9999.000,9999.000
202608101324,   0.256,9999.000,9999.000,9999.000,9999.000,9999.000,9999.000,9999.000,9999.000
202608101330,   0.234,9999.000,9999.000,9999.000,9999.000,9999.000,9999.000,9999.000,9999.000
202608101336,   0.213,9999.000,9999.000,9999.000,9999.000,9999.000,9999.000,9999.000,9999.000
202608101342,   0.192,9999.000,9999.000,9999.000,9999.000,9999.000,9999.000,9999.000,9999.000
202608101348,   0.173,9999.000,9999.000,9999.000,9999.000,9999.000,9999.000,9999.000,9999.000
202608101354,   0.154,9999.000,9999.000,9999.000,9999.000,9999.000,9999.000,9999.000,9999.000
202608101400,   0.136,9999.000,   0.300,  -0.178,   0.258,   0.200,   0.158,   0.300,   0.258
202608101406,   0.119,9999.000,9999.000,9999.000,9999.000,9999.000,9999.000,9999.000,9999.000
202608101412,   0.102,9999.000,9999.000,9999.000,9999.000,9999.000,9999.000,9999.000,9999.000
202608101418,   0.087,9999.000,9999.000,9999.000,9999.000,9999.000,9999.000,9999.000,9999.000
202608101424,   0.073,9999.000,9999.000,9999.000,9999.000,9999.000,9999.000,9999.000,9999.000
202608101430,   0.060,9999.000,9999.000,9999.000,9999.000,9999.000,9999.000,9999.000,9999.000
202608101436,   0.048,9999.000,9999.000,9999.000,9999.000,9999.000,9999.000,9999.000,9999.000
202608101442,   0.036,9999.000,9999.000,9999.000,9999.000,9999.000,9999.000,9999.000,9999.000
202608101448,   0.026,9999.000,9999.000,9999.000,9999.000,9999.000,9999.000,9999.000,9999.000
202608101454,   0.017,9999.000,9999.000,9999.000,9999.000,9999.000,9999.000,9999.000,9999.000
202608101500,   0.009,9999.000,   0.300,  -0.178,   0.131,   0.200,   0.031,   0.300,   0.131
202608101506,   0.001,9999.000,9999.000,9999.000,9999.000,9999.000,9999.000,9999.000,9999.000
202608101512,  -0.004,9999.000,9999.000,9999.000,9999.000,9999.000,9999.000,9999.000,9999.000
202608101518,  -0.010,9999.000,9999.000,9999.000,9999.000,9999.000,9999.000,9999.000,9999.000
202608101524,  -0.015,9999.000,9999.000,9999.000,9999.000,9999.000,9999.000,9999.000,9999.000
202608101530,  -0.019,9999.000,9999.000,9999.000,9999.000,9999.000,9999.000,9999.000,9999.000
202608101536,  -0.022,9999.000,9999.000,9999.000,9999.000,9999.000,9999.000,9999.000,9999.000
202608101542,  -0.024,9999.000,9999.000,9999.000,9999.000,9999.000,9999.000,9999.000,9999.000
202608101548,  -0.026,9999.000,9999.000,9999.000,9999.000,9999.000,9999.000,9999.000,9999.000
202608101554,  -0.027,9999.000,9999.000,9999.000,9999.000,9999.000,9999.000,9999.000,9999.000
202608101600,  -0.027,9999.000,   0.300,  -0.178,   0.095,   0.200,  -0.005,   0.300,   0.095
202608101606,  -0.027,9999.000,9999.000,9999.000,9999.000,9999.000,9999.000,9999.000,9999.000
202608101612,  -0.025,9999.000,9999.000,9999.000,9999.000,9999.000,9999.000,9999.000,9999.000
202608101618,  -0.023,9999.000,9999.000,9999.000,9999.000,9999.000,9999.000,9999.000,9999.000
202608101624,  -0.021,9999.000,9999.000,9999.000,9999.000,9999.000,9999.000,9999.000,9999.000
202608101630,  -0.017,9999.000,9999.000,9999.000,9999.000,9999.000,9999.000,9999.000,9999.000
202608101636,  -0.013,9999.000,9999.000,9999.000,9999.000,9999.000,9999.000,9999.000,9999.000
202608101642,  -0.008,9999.000,9999.000,9999.000,9999.000,9999.000,9999.000,9999.000,9999.000
202608101648,  -0.002,9999.000,9999.000,9999.000,9999.000,9999.000,9999.000,9999.000,9999.000
202608101654,   0.004,9999.000,9999.000,9999.000,9999.000,9999.000,9999.000,9999.000,9999.000
202608101700,   0.012,9999.000,   0.200,  -0.178,   0.034,   0.200,   0.034,   0.300,   0.134
202608101706,   0.021,9999.000,9999.000,9999.000,9999.000,9999.000,9999.000,9999.000,9999.000
202608101712,   0.031,9999.000,9999.000,9999.000,9999.000,9999.000,9999.000,9999.000,9999.000
202608101718,   0.043,9999.000,9999.000,9999.000,9999.000,9999.000,9999.000,9999.000,9999.000
202608101724,   0.055,9999.000,9999.000,9999.000,9999.000,9999.000,9999.000,9999.000,9999.000
202608101730,   0.069,9999.000,9999.000,9999.000,9999.000,9999.000,9999.000,9999.000,9999.000
202608101736,   0.084,9999.000,9999.000,9999.000,9999.000,9999.000,9999.000,9999.000,9999.000
202608101742,   0.101,9999.000,9999.000,9999.000,9999.000,9999.000,9999.000,9999.000,9999.000
202608101748,   0.119,9999.000,9999.000,9999.000,9999.000,9999.000,9999.000,9999.000,9999.000
202608101754,   0.138,9999.000,9999.000,9999.000,9999.000,9999.000,9999.000,9999.000,9999.000
202608101800,   0.159,9999.000,   0.300,  -0.178,   0.281,   0.200,   0.181,   0.300,   0.281
202608101806,   0.181,9999.000,9999.000,9999.000,9999.000,9999.000,9999.000,9999.000,9999.000
202608101812,   0.204,9999.000,9999.000,9999.000,9999.000,9999.000,9999.000,9999.000,9999.000
202608101818,   0.229,9999.000,9999.000,9999.000,9999.000,9999.000,9999.000,9999.000,9999.000
202608101824,   0.256,9999.000,9999.000,9999.000,9999.000,9999.000,9999.000,9999.000,9999.000
202608101830,   0.283,9999.000,9999.000,9999.000,9999.000,9999.000,9999.000,9999.000,9999.000
202608101836,   0.312,9999.000,9999.000,9999.000,9999.000,9999.000,9999.000,9999.000,9999.000
202608101842,   0.342,9999.000,9999.000,9999.000,9999.000,9999.000,9999.000,9999.000,9999.000
202608101848,   0.374,9999.000,9999.000,9999.000,9999.000,9999.000,9999.000,9999.000,9999.000
202608101854,   0.406,9999.000,9999.000,9999.000,9999.000,9999.000,9999.000,9999.000,9999.000
202608101900,   0.439,9999.000,   0.200,  -0.178,   0.461,   0.200,   0.461,   0.300,   0.561
202608101906,   0.473,9999.000,9999.000,9999.000,9999.000,9999.000,9999.000,9999.000,9999.000
202608101912,   0.507,9999.000,9999.000,9999.000,9999.000,9999.000,9999.000,9999.000,9999.000
202608101918,   0.542,9999.000,9999.000,9999.000,9999.000,9999.000,9999.000,9999.000,9999.000
202608101924,   0.578,9999.000,9999.000,9999.000,9999.000,9999.000,9999.000,9999.000,9999.000
202608101930,   0.614,9999.000,9999.000,9999.000,9999.000,9999.000,9999.000,9999.000,9999.000
202608101936,   0.649,9999.000,9999.000,9999.000,9999.000,9999.000,9999.000,9999.000,9999.000
202608101942,   0.685,9999.000,9999.000,9999.000,9999.000,9999.000,9999.000,9999.000,9999.000
202608101948,   0.721,9999.000,9999.000,9999.000,9999.000,9999.000,9999.000,9999.000,9999.000
202608101954,   0.756,9999.000,9999.000,9999.000,9999.000,9999.000,9999.000,9999.000,9999.000
202608102000,   0.791,9999.000,   0.200,  -0.178,   0.813,   0.200,   0.813,   0.300,   0.913
202608102006,   0.825,9999.000,9999.000,9999.000,9999.000,9999.000,9999.000,9999.000,9999.000
202608102012,   0.858,9999.000,9999.000,9999.000,9999.000,9999.000,9999.000,9999.000,9999.000
202608102018,   0.891,9999.000,9999.000,9999.000,9999.000,9999.000,9999.000,9999.000,9999.000
202608102024,   0.923,9999.000,9999.000,9999.000,9999.000,9999.000,9999.000,9999.000,9999.000
202608102030,   0.953,9999.000,9999.000,9999.000,9999.000,9999.000,9999.000,9999.000,9999.000
202608102036,   0.983,9999.000,9999.000,9999.000,9999.000,9999.000,9999.000,9999.000,9999.000
202608102042,   1.011,9999.000,9999.000,9999.000,9999.000,9999.000,9999.000,9999.000,9999.000
202608102048,   1.038,9999.000,9999.000,9999.000,9999.000,9999.000,9999.000,9999.000,9999.000
202608102054,   1.063,9999.000,9999.000,9999.000,9999.000,9999.000,9999.000,9999.000,9999.000
202608102100,   1.087,9999.000,   0.200,  -0.178,   1.109,   0.200,   1.109,   0.300,   1.209
202608102106,   1.110,9999.000,9999.000,9999.000,9999.000,9999.000,9999.000,9999.000,9999.000
202608102112,   1.131,9999.000,9999.000,9999.000,9999.000,9999.000,9999.000,9999.000,9999.000
202608102118,   1.150,9999.000,9999.000,9999.000,9999.000,9999.000,9999.000,9999.000,9999.000
202608102124,   1.168,9999.000,9999.000,9999.000,9999.000,9999.000,9999.000,9999.000,9999.000
202608102130,   1.185,9999.000,9999.000,9999.000,9999.000,9999.000,9999.000,9999.000,9999.000
202608102136,   1.200,9999.000,9999.000,9999.000,9999.000,9999.000,9999.000,9999.000,9999.000
202608102142,   1.213,9999.000,9999.000,9999.000,9999.000,9999.000,9999.000,9999.000,9999.000
202608102148,   1.225,9999.000,9999.000,9999.000,9999.000,9999.000,9999.000,9999.000,9999.000
202608102154,   1.235,9999.000,9999.000,9999.000,9999.000,9999.000,9999.000,9999.000,9999.000
202608102200,   1.244,9999.000,   0.200,  -0.178,   1.266,   0.200,   1.266,   0.300,   1.366
202608102206,   1.251,9999.000,9999.000,9999.000,9999.000,9999.000,9999.000,9999.000,9999.000
202608102212,   1.257,9999.000,9999.000,9999.000,9999.000,9999.000,9999.000,9999.000,9999.000
202608102218,   1.262,9999.000,9999.000,9999.000,9999.000,9999.000,9999.000,9999.000,9999.000
202608102224,   1.265,9999.000,9999.000,9999.000,9999.000,9999.000,9999.000,9999.000,9999.000
202608102230,   1.266,9999.000,9999.000,9999.000,9999.000,9999.000,9999.000,9999.000,9999.000
202608102236,   1.267,9999.000,9999.000,9999.000,9999.000,9999.000,9999.000,9999.000,9999.000
202608102242,   1.265,9999.000,9999.000,9999.000,9999.000,9999.000,9999.000,9999.000,9999.000
202608102248,   1.263,9999.000,9999.000,9999.000,9999.000,9999.000,9999.000,9999.000,9999.000
202608102254,   1.259,9999.000,9999.000,9999.000,9999.000,9999.000,9999.000,9999.000,9999.000
202608102300,   1.254,9999.000,   0.200,  -0.178,   1.276,   0.200,   1.276,   0.300,   1.376
202608102306,   1.248,9999.000,9999.000,9999.000,9999.000,9999.000,9999.000,9999.000,9999.000
202608102312,   1.240,9999.000,9999.000,9999.000,9999.000,9999.000,9999.000,9999.000,9999.000
202608102318,   1.231,9999.000,9999.000,9999.000,9999.000,9999.000,9999.000,9999.000,9999.000
202608102324,   1.221,9999.000,9999.000,9999.000,9999.000,9999.000,9999.000,9999.000,9999.000
202608102330,   1.209,9999.000,9999.000,9999.000,9999.000,9999.000,9999.000,9999.000,9999.000
202608102336,   1.196,9999.000,9999.000,9999.000,9999.000,9999.000,9999.000,9999.000,9999.000
202608102342,   1.182,9999.000,9999.000,9999.000,9999.000,9999.000,9999.000,9999.000,9999.000
202608102348,   1.167,9999.000,9999.000,9999.000,9999.000,9999.000,9999.000,9999.000,9999.000
202608102354,   1.150,9999.000,9999.000,9999.000,9999.000,9999.000,9999.000,9999.000,9999.000
202608110000,   1.133,9999.000,   0.200,  -0.178,   1.155,   0.200,   1.155,   0.300,   1.255
202608110006,   1.114,9999.000,9999.000,9999.000,9999.000,9999.000,9999.000,9999.000,9999.000
202608110012,   1.094,9999.000,9999.000,9999.000,9999.000,9999.000,9999.000,9999.000,9999.000
202608110018,   1.073,9999.000,9999.000,9999.000,9999.000,9999.000,9999.000,9999.000,9999.000
202608110024,   1.050,9999.000,9999.000,9999.000,9999.000,9999.000,9999.000,9999.000,9999.000
202608110030,   1.027,9999.000,9999.000,9999.000,9999.000,9999.000,9999.000,9999.000,9999.000
202608110036,   1.003,9999.000,9999.000,9999.000,9999.000,9999.000,9999.000,9999.000,9999.000
202608110042,   0.978,9999.000,9999.000,9999.000,9999.000,9999.000,9999.000,9999.000,9999.000
202608110048,   0.953,9999.000,9999.000,9999.000,9999.000,9999.000,9999.000,9999.000,9999.000
202608110054,   0.926,9999.000,9999.000,9999.000,9999.000,9999.000,9999.000,9999.000,9999.000
202608110100,   0.899,9999.000,   0.200,  -0.178,   0.921,   0.200,   0.921,   0.300,   1.021
202608110106,   0.872,9999.000,9999.000,9999.000,9999.000,9999.000,9999.000,9999.000,9999.000
202608110112,   0.844,9999.000,9999.000,9999.000,9999.000,9999.000,9999.000,9999.000,9999.000
202608110118,   0.816,9999.000,9999.000,9999.000,9999.000,9999.000,9999.000,9999.000,9999.000
202608110124,   0.787,9999.000,9999.000,9999.000,9999.000,9999.000,9999.000,9999.000,9999.000
202608110130,   0.758,9999.000,9999.000,9999.000,9999.000,9999.000,9999.000,9999.000,9999.000
202608110136,   0.729,9999.000,9999.000,9999.000,9999.000,9999.000,9999.000,9999.000,9999.000
202608110142,   0.701,9999.000,9999.000,9999.000,9999.000,9999.000,9999.000,9999.000,9999.000
202608110148,   0.672,9999.000,9999.000,9999.000,9999.000,9999.000,9999.000,9999.000,9999.000
202608110154,   0.644,9999.000,9999.000,9999.000,9999.000,9999.000,9999.000,9999.000,9999.000
202608110200,   0.616,9999.000,   0.200,  -0.178,   0.638,   0.200,   0.638,   0.300,   0.738
202608110206,   0.588,9999.000,9999.000,9999.000,9999.000,9999.000,9999.000,9999.000,9999.000
202608110212,   0.561,9999.000,9999.000,9999.000,9999.000,9999.000,9999.000,9999.000,9999.000
202608110218,   0.534,9999.000,9999.000,9999.000,9999.000,9999.000,9999.000,9999.000,9999.000
202608110224,   0.508,9999.000,9999.000,9999.000,9999.000,9999.000,9999.000,9999.000,9999.000
202608110230,   0.483,9999.000,9999.000,9999.000,9999.000,9999.000,9999.000,9999.000,9999.000
202608110236,   0.458,9999.000,9999.000,9999.000,9999.000,9999.000,9999.000,9999.000,9999.000
202608110242,   0.434,9999.000,9999.000,9999.000,9999.000,9999.000,9999.000,9999.000,9999.000
202608110248,   0.411,9999.000,9999.000,9999.000,9999.000,9999.000,9999.000,9999.000,9999.000
202608110254,   0.388,9999.000,9999.000,9999.000,9999.000,9999.000,9999.000,9999.000,9999.000
202608110300,   0.367,9999.000,   0.200,  -0.178,   0.389,   0.200,   0.389,   0.300,   0.489
202608110306,   0.346,9999.000,9999.000,9999.000,9999.000,9999.000,9999.000,9999.000,9999.000
202608110312,   0.326,9999.000,9999.000,9999.000,9999.000,9999.000,9999.000,9999.000,9999.000
202608110318,   0.307,9999.000,9999.000,9999.000,9999.000,9999.000,9999.000,9999.000,9999.000
202608110324,   0.288,9999.000,9999.000,9999.000,9999.000,9999.000,9999.000,9999.000,9999.000
202608110330,   0.271,9999.000,9999.000,9999.000,9999.000,9999.000,9999.000,9999.000,9999.000
202608110336,   0.254,9999.000,9999.000,9999.000,9999.000,9999.000,9999.000,9999.000,9999.000
202608110342,   0.238,9999.000,9999.000,9999.000,9999.000,9999.000,9999.000,9999.000,9999.000
202608110348,   0.222,9999.000,9999.000,9999.000,9999.000,9999.000,9999.000,9999.000,9999.000
202608110354,   0.208,9999.000,9999.000,9999.000,9999.000,9999.000,9999.000,9999.000,9999.000
202608110400,   0.193,9999.000,   0.200,  -0.178,   0.215,   0.200,   0.215,   0.300,   0.315
202608110406,   0.180,9999.000,9999.000,9999.000,9999.000,9999.000,9999.000,9999.000,9999.000
202608110412,   0.167,9999.000,9999.000,9999.000,9999.000,9999.000,9999.000,9999.000,9999.000
202608110418,   0.155,9999.000,9999.000,9999.000,9999.000,9999.000,9999.000,9999.000,9999.000
202608110424,   0.144,9999.000,9999.000,9999.000,9999.000,9999.000,9999.000,9999.000,9999.000
202608110430,   0.133,9999.000,9999.000,9999.000,9999.000,9999.000,9999.000,9999.000,9999.000
202608110436,   0.123,9999.000,9999.000,9999.000,9999.000,9999.000,9999.000,9999.000,9999.000
202608110442,   0.113,9999.000,9999.000,9999.000,9999.000,9999.000,9999.000,9999.000,9999.000
202608110448,   0.104,9999.000,9999.000,9999.000,9999.000,9999.000,9999.000,9999.000,9999.000
202608110454,   0.096,9999.000,9999.000,9999.000,9999.000,9999.000,9999.000,9999.000,9999.000
202608110500,   0.089,9999.000,   0.200,  -0.178,   0.111,   0.200,   0.111,   0.300,   0.211
202608110506,   0.083,9999.000,9999.000,9999.000,9999.000,9999.000,9999.000,9999.000,9999.000
202608110512,   0.077,9999.000,9999.000,9999.000,9999.000,9999.000,9999.000,9999.000,9999.000
202608110518,   0.073,9999.000,9999.000,9999.000,9999.000,9999.000,9999.000,9999.000,9999.000
202608110524,   0.069,9999.000,9999.000,9999.000,9999.000,9999.000,9999.000,9999.000,9999.000
202608110530,   0.067,9999.000,9999.000,9999.000,9999.000,9999.000,9999.000,9999.000,9999.000
202608110536,   0.065,9999.000,9999.000,9999.000,9999.000,9999.000,9999.000,9999.000,9999.000
202608110542,   0.065,9999.000,9999.000,9999.000,9999.000,9999.000,9999.000,9999.000,9999.000
202608110548,   0.066,9999.000,9999.000,9999.000,9999.000,9999.000,9999.000,9999.000,9999.000
202608110554,   0.069,9999.000,9999.000,9999.000,9999.000,9999.000,9999.000,9999.000,9999.000
202608110600,   0.072,9999.000,   0.300,  -0.178,   0.194,   0.200,   0.094,   0.300,   0.194
202608110606,   0.078,9999.000,9999.000,9999.000,9999.000,9999.000,9999.000,9999.000,9999.000
202608110612,   0.084,9999.000,9999.000,9999.000,9999.000,9999.000,9999.000,9999.000,9999.000
202608110618,   0.093,9999.000,9999.000,9999.000,9999.000,9999.000,9999.000,9999.000,9999.000
202608110624,   0.102,9999.000,9999.000,9999.000,9999.000,9999.000,9999.000,9999.000,9999.000
202608110630,   0.114,9999.000,9999.000,9999.000,9999.000,9999.000,9999.000,9999.000,9999.000
202608110636,   0.126,9999.000,9999.000,9999.000,9999.000,9999.000,9999.000,9999.000,9999.000
202608110642,   0.141,9999.000,9999.000,9999.000,9999.000,9999.000,9999.000,9999.000,9999.000
202608110648,   0.156,9999.000,9999.000,9999.000,9999.000,9999.000,9999.000,9999.000,9999.000
202608110654,   0.174,9999.000,9999.000,9999.000,9999.000,9999.000,9999.000,9999.000,9999.000
202608110700,   0.192,9999.000,   0.300,  -0.178,   0.314,   0.200,   0.214,   0.300,   0.314
202608110706,   0.212,9999.000,9999.000,9999.000,9999.000,9999.000,9999.000,9999.000,9999.000
202608110712,   0.233,9999.000,9999.000,9999.000,9999.000,9999.000,9999.000,9999.000,9999.000
202608110718,   0.256,9999.000,9999.000,9999.000,9999.000,9999.000,9999.000,9999.000,9999.000
202608110724,   0.279,9999.000,9999.000,9999.000,9999.000,9999.000,9999.000,9999.000,9999.000
202608110730,   0.304,9999.000,9999.000,9999.000,9999.000,9999.000,9999.000,9999.000,9999.000
202608110736,   0.329,9999.000,9999.000,9999.000,9999.000,9999.000,9999.000,9999.000,9999.000
202608110742,   0.355,9999.000,9999.000,9999.000,9999.000,9999.000,9999.000,9999.000,9999.000
202608110748,   0.382,9999.000,9999.000,9999.000,9999.000,9999.000,9999.000,9999.000,9999.000
202608110754,   0.409,9999.000,9999.000,9999.000,9999.000,9999.000,9999.000,9999.000,9999.000
202608110800,   0.436,9999.000,   0.300,  -0.178,   0.558,   0.200,   0.458,   0.300,   0.558
202608110806,   0.463,9999.000,9999.000,9999.000,9999.000,9999.000,9999.000,9999.000,9999.000
202608110812,   0.491,9999.000,9999.000,9999.000,9999.000,9999.000,9999.000,9999.000,9999.000
202608110818,   0.518,9999.000,9999.000,9999.000,9999.000,9999.000,9999.000,9999.000,9999.000
202608110824,   0.545,9999.000,9999.000,9999.000,9999.000,9999.000,9999.000,9999.000,9999.000
202608110830,   0.572,9999.000,9999.000,9999.000,9999.000,9999.000,9999.000,9999.000,9999.000
202608110836,   0.598,9999.000,9999.000,9999.000,9999.000,9999.000,9999.000,9999.000,9999.000
202608110842,   0.624,9999.000,9999.000,9999.000,9999.000,9999.000,9999.000,9999.000,9999.000
202608110848,   0.649,9999.000,9999.000,9999.000,9999.000,9999.000,9999.000,9999.000,9999.000
202608110854,   0.673,9999.000,9999.000,9999.000,9999.000,9999.000,9999.000,9999.000,9999.000
202608110900,   0.696,9999.000,   0.300,  -0.178,   0.818,   0.200,   0.718,   0.300,   0.818
202608110906,   0.718,9999.000,9999.000,9999.000,9999.000,9999.000,9999.000,9999.000,9999.000
202608110912,   0.739,9999.000,9999.000,9999.000,9999.000,9999.000,9999.000,9999.000,9999.000
202608110918,   0.758,9999.000,9999.000,9999.000,9999.000,9999.000,9999.000,9999.000,9999.000
202608110924,   0.777,9999.000,9999.000,9999.000,9999.000,9999.000,9999.000,9999.000,9999.000
202608110930,   0.794,9999.000,9999.000,9999.000,9999.000,9999.000,9999.000,9999.000,9999.000
202608110936,   0.810,9999.000,9999.000,9999.000,9999.000,9999.000,9999.000,9999.000,9999.000
202608110942,   0.824,9999.000,9999.000,9999.000,9999.000,9999.000,9999.000,9999.000,9999.000
202608110948,   0.838,9999.000,9999.000,9999.000,9999.000,9999.000,9999.000,9999.000,9999.000
202608110954,   0.850,9999.000,9999.000,9999.000,9999.000,9999.000,9999.000,9999.000,9999.000
202608111000,   0.860,9999.000,   0.300,  -0.178,   0.982,   0.200,   0.882,   0.300,   0.982
202608111006,   0.869,9999.000,9999.000,9999.000,9999.000,9999.000,9999.000,9999.000,9999.000
202608111012,   0.877,9999.000,9999.000,9999.000,9999.000,9999.000,9999.000,9999.000,9999.000
202608111018,   0.884,9999.000,9999.000,9999.000,9999.000,9999.000,9999.000,9999.000,9999.000
202608111024,   0.889,9999.000,9999.000,9999.000,9999.000,9999.000,9999.000,9999.000,9999.000
202608111030,   0.893,9999.000,9999.000,9999.000,9999.000,9999.000,9999.000,9999.000,9999.000
202608111036,   0.896,9999.000,9999.000,9999.000,9999.000,9999.000,9999.000,9999.000,9999.000
202608111042,   0.897,9999.000,9999.000,9999.000,9999.000,9999.000,9999.000,9999.000,9999.000
202608111048,   0.898,9999.000,9999.000,9999.000,9999.000,9999.000,9999.000,9999.000,9999.000
202608111054,   0.897,9999.000,9999.000,9999.000,9999.000,9999.000,9999.000,9999.000,9999.000
202608111100,   0.895,9999.000,   0.300,  -0.178,   1.017,   0.200,   0.917,   0.300,   1.017
202608111106,   0.891,9999.000,9999.000,9999.000,9999.000,9999.000,9999.000,9999.000,9999.000
202608111112,   0.887,9999.000,9999.000,9999.000,9999.000,9999.000,9999.000,9999.000,9999.000
202608111118,   0.881,9999.000,9999.000,9999.000,9999.000,9999.000,9999.000,9999.000,9999.000
202608111124,   0.875,9999.000,9999.000,9999.000,9999.000,9999.000,9999.000,9999.000,9999.000
202608111130,   0.867,9999.000,9999.000,9999.000,9999.000,9999.000,9999.000,9999.000,9999.000
202608111136,   0.858,9999.000,9999.000,9999.000,9999.000,9999.000,9999.000,9999.000,9999.000
202608111142,   0.848,9999.000,9999.000,9999.000,9999.000,9999.000,9999.000,9999.000,9999.000
202608111148,   0.837,9999.000,9999.000,9999.000,9999.000,9999.000,9999.000,9999.000,9999.000
202608111154,   0.825,9999.000,9999.000,9999.000,9999.000,9999.000,9999.000,9999.000,9999.000
202608111200,   0.811,9999.000,   0.300,  -0.178,   0.933,   0.200,   0.833,   0.300,   0.933
202608111206,   0.797,9999.000,9999.000,9999.000,9999.000,9999.000,9999.000,9999.000,9999.000
202608111212,   0.782,9999.000,9999.000,9999.000,9999.000,9999.000,9999.000,9999.000,9999.000
202608111218,   0.765,9999.000,9999.000,9999.000,9999.000,9999.000,9999.000,9999.000,9999.000
202608111224,   0.748,9999.000,9999.000,9999.000,9999.000,9999.000,9999.000,9999.000,9999.000
202608111230,   0.730,9999.000,9999.000,9999.000,9999.000,9999.000,9999.000,9999.000,9999.000
202608111236,   0.710,9999.000,9999.000,9999.000,9999.000,9999.000,9999.000,9999.000,9999.000
202608111242,   0.690,9999.000,9999.000,9999.000,9999.000,9999.000,9999.000,9999.000,9999.000
202608111248,   0.669,9999.000,9999.000,9999.000,9999.000,9999.000,9999.000,9999.000,9999.000
202608111254,   0.647,9999.000,9999.000,9999.000,9999.000,9999.000,9999.000,9999.000,9999.000
202608111300,   0.625,9999.000,   0.300,  -0.178,   0.747,   0.200,   0.647,   0.400,   0.847
202608111306,   0.602,9999.000,9999.000,9999.000,9999.000,9999.000,9999.000,9999.000,9999.000
202608111312,   0.578,9999.000,9999.000,9999.000,9999.000,9999.000,9999.000,9999.000,9999.000
202608111318,   0.553,9999.000,9999.000,9999.000,9999.000,9999.000,9999.000,9999.000,9999.000
202608111324,   0.530,9999.000,9999.000,9999.000,9999.000,9999.000,9999.000,9999.000,9999.000
202608111330,   0.503,9999.000,9999.000,9999.000,9999.000,9999.000,9999.000,9999.000,9999.000
202608111336,   0.478,9999.000,9999.000,9999.000,9999.000,9999.000,9999.000,9999.000,9999.000
202608111342,   0.452,9999.000,9999.000,9999.000,9999.000,9999.000,9999.000,9999.000,9999.000
202608111348,   0.427,9999.000,9999.000,9999.000,9999.000,9999.000,9999.000,9999.000,9999.000
202608111354,   0.401,9999.000,9999.000,9999.000,9999.000,9999.000,9999.000,9999.000,9999.000
202608111400,   0.375,9999.000,   0.300,  -0.178,   0.497,   0.200,   0.397,   0.300,   0.497
202608111406,   0.350,9999.000,9999.000,9999.000,9999.000,9999.000,9999.000,9999.000,9999.000
202608111412,   0.325,9999.000,9999.000,9999.000,9999.000,9999.000,9999.000,9999.000,9999.000
202608111418,   0.300,9999.000,9999.000,9999.000,9999.000,9999.000,9999.000,9999.000,9999.000
202608111424,   0.276,9999.000,9999.000,9999.000,9999.000,9999.000,9999.000,9999.000,9999.000
202608111430,   0.252,9999.000,9999.000,9999.000,9999.000,9999.000,9999.000,9999.000,9999.000
202608111436,   0.229,9999.000,9999.000,9999.000,9999.000,9999.000,9999.000,9999.000,9999.000
202608111442,   0.207,9999.000,9999.000,9999.000,9999.000,9999.000,9999.000,9999.000,9999.000
202608111448,   0.186,9999.000,9999.000,9999.000,9999.000,9999.000,9999.000,9999.000,9999.000
202608111454,   0.165,9999.000,9999.000,9999.000,9999.000,9999.000,9999.000,9999.000,9999.000
202608111500,   0.145,9999.000,   0.300,  -0.178,   0.267,   0.200,   0.167,   0.300,   0.267
202608111506,   0.127,9999.000,9999.000,9999.000,9999.000,9999.000,9999.000,9999.000,9999.000
202608111512,   0.109,9999.000,9999.000,9999.000,9999.000,9999.000,9999.000,9999.000,9999.000
202608111518,   0.092,9999.000,9999.000,9999.000,9999.000,9999.000,9999.000,9999.000,9999.000
202608111524,   0.076,9999.000,9999.000,9999.000,9999.000,9999.000,9999.000,9999.000,9999.000
202608111530,   0.061,9999.000,9999.000,9999.000,9999.000,9999.000,9999.000,9999.000,9999.000
202608111536,   0.047,9999.000,9999.000,9999.000,9999.000,9999.000,9999.000,9999.000,9999.000
202608111542,   0.034,9999.000,9999.000,9999.000,9999.000,9999.000,9999.000,9999.000,9999.000
202608111548,   0.022,9999.000,9999.000,9999.000,9999.000,9999.000,9999.000,9999.000,9999.000
202608111554,   0.011,9999.000,9999.000,9999.000,9999.000,9999.000,9999.000,9999.000,9999.000
202608111600,   0.001,9999.000,   0.300,  -0.178,   0.123,   0.200,   0.023,   0.400,   0.223
202608111606,  -0.008,9999.000,9999.000,9999.000,9999.000,9999.000,9999.000,9999.000,9999.000
202608111612,  -0.016,9999.000,9999.000,9999.000,9999.000,9999.000,9999.000,9999.000,9999.000
202608111618,  -0.024,9999.000,9999.000,9999.000,9999.000,9999.000,9999.000,9999.000,9999.000
202608111624,  -0.030,9999.000,9999.000,9999.000,9999.000,9999.000,9999.000,9999.000,9999.000
202608111630,  -0.036,9999.000,9999.000,9999.000,9999.000,9999.000,9999.000,9999.000,9999.000
202608111636,  -0.041,9999.000,9999.000,9999.000,9999.000,9999.000,9999.000,9999.000,9999.000
202608111642,  -0.046,9999.000,9999.000,9999.000,9999.000,9999.000,9999.000,9999.000,9999.000
202608111648,  -0.049,9999.000,9999.000,9999.000,9999.000,9999.000,9999.000,9999.000,9999.000
202608111654,  -0.052,9999.000,9999.000,9999.000,9999.000,9999.000,9999.000,9999.000,9999.000
202608111700,  -0.054,9999.000,   0.300,  -0.178,   0.068,   0.200,  -0.032,   0.400,   0.168
202608111706,  -0.055,9999.000,9999.000,9999.000,9999.000,9999.000,9999.000,9999.000,9999.000
202608111712,  -0.055,9999.000,9999.000,9999.000,9999.000,9999.000,9999.000,9999.000,9999.000
202608111718,  -0.054,9999.000,9999.000,9999.000,9999.000,9999.000,9999.000,9999.000,9999.000
202608111724,  -0.053,9999.000,9999.000,9999.000,9999.000,9999.000,9999.000,9999.000,9999.000
202608111730,  -0.050,9999.000,9999.000,9999.000,9999.000,9999.000,9999.000,9999.000,9999.000
202608111736,  -0.047,9999.000,9999.000,9999.000,9999.000,9999.000,9999.000,9999.000,9999.000
202608111742,  -0.042,9999.000,9999.000,9999.000,9999.000,9999.000,9999.000,9999.000,9999.000
202608111748,  -0.037,9999.000,9999.000,9999.000,9999.000,9999.000,9999.000,9999.000,9999.000
202608111754,  -0.030,9999.000,9999.000,9999.000,9999.000,9999.000,9999.000,9999.000,9999.000
202608111800,  -0.022,9999.000,   0.300,  -0.178,   0.100,   0.300,   0.100,   0.400,   0.200
202608111806,  -0.012,9999.000,9999.000,9999.000,9999.000,9999.000,9999.000,9999.000,9999.000
202608111812,  -0.002,9999.000,9999.000,9999.000,9999.000,9999.000,9999.000,9999.000,9999.000
202608111818,   0.009,9999.000,9999.000,9999.000,9999.000,9999.000,9999.000,9999.000,9999.000
202608111824,   0.023,9999.000,9999.000,9999.000,9999.000,9999.000,9999.000,9999.000,9999.000
202608111830,   0.038,9999.000,9999.000,9999.000,9999.000,9999.000,9999.000,9999.000,9999.000
202608111836,   0.054,9999.000,9999.000,9999.000,9999.000,9999.000,9999.000,9999.000,9999.000
202608111842,   0.072,9999.000,9999.000,9999.000,9999.000,9999.000,9999.000,9999.000,9999.000
202608111848,   0.092,9999.000,9999.000,9999.000,9999.000,9999.000,9999.000,9999.000,9999.000
202608111854,   0.113,9999.000,9999.000,9999.000,9999.000,9999.000,9999.000,9999.000,9999.000
202608111900,   0.136,9999.000,   0.300,  -0.178,   0.258,   0.300,   0.258,   0.400,   0.358
202608111906,   0.160,9999.000,9999.000,9999.000,9999.000,9999.000,9999.000,9999.000,9999.000
202608111912,   0.186,9999.000,9999.000,9999.000,9999.000,9999.000,9999.000,9999.000,9999.000
202608111918,   0.213,9999.000,9999.000,9999.000,9999.000,9999.000,9999.000,9999.000,9999.000
202608111924,   0.242,9999.000,9999.000,9999.000,9999.000,9999.000,9999.000,9999.000,9999.000
202608111930,   0.272,9999.000,9999.000,9999.000,9999.000,9999.000,9999.000,9999.000,9999.000
202608111936,   0.303,9999.000,9999.000,9999.000,9999.000,9999.000,9999.000,9999.000,9999.000
202608111942,   0.335,9999.000,9999.000,9999.000,9999.000,9999.000,9999.000,9999.000,9999.000
202608111948,   0.369,9999.000,9999.000,9999.000,9999.000,9999.000,9999.000,9999.000,9999.000
202608111954,   0.403,9999.000,9999.000,9999.000,9999.000,9999.000,9999.000,9999.000,9999.000
202608112000,   0.438,9999.000,   0.300,  -0.178,   0.560,   0.300,   0.560,   0.400,   0.660
202608112006,   0.474,9999.000,9999.000,9999.000,9999.000,9999.000,9999.000,9999.000,9999.000
202608112012,   0.511,9999.000,9999.000,9999.000,9999.000,9999.000,9999.000,9999.000,9999.000
202608112018,   0.548,9999.000,9999.000,9999.000,9999.000,9999.000,9999.000,9999.000,9999.000
202608112024,   0.585,9999.000,9999.000,9999.000,9999.000,9999.000,9999.000,9999.000,9999.000
202608112030,   0.622,9999.000,9999.000,9999.000,9999.000,9999.000,9999.000,9999.000,9999.000
202608112036,   0.659,9999.000,9999.000,9999.000,9999.000,9999.000,9999.000,9999.000,9999.000
202608112042,   0.696,9999.000,9999.000,9999.000,9999.000,9999.000,9999.000,9999.000,9999.000
202608112048,   0.733,9999.000,9999.000,9999.000,9999.000,9999.000,9999.000,9999.000,9999.000
202608112054,   0.769,9999.000,9999.000,9999.000,9999.000,9999.000,9999.000,9999.000,9999.000
202608112100,   0.805,9999.000,   0.300,  -0.178,   0.927,   0.300,   0.927,   0.400,   1.027
202608112106,   0.840,9999.000,9999.000,9999.000,9999.000,9999.000,9999.000,9999.000,9999.000
202608112112,   0.874,9999.000,9999.000,9999.000,9999.000,9999.000,9999.000,9999.000,9999.000
202608112118,   0.907,9999.000,9999.000,9999.000,9999.000,9999.000,9999.000,9999.000,9999.000
202608112124,   0.938,9999.000,9999.000,9999.000,9999.000,9999.000,9999.000,9999.000,9999.000
202608112130,   0.969,9999.000,9999.000,9999.000,9999.000,9999.000,9999.000,9999.000,9999.000
202608112136,   0.999,9999.000,9999.000,9999.000,9999.000,9999.000,9999.000,9999.000,9999.000
202608112142,   1.027,9999.000,9999.000,9999.000,9999.000,9999.000,9999.000,9999.000,9999.000
202608112148,   1.053,9999.000,9999.000,9999.000,9999.000,9999.000,9999.000,9999.000,9999.000
202608112154,   1.079,9999.000,9999.000,9999.000,9999.000,9999.000,9999.000,9999.000,9999.000
202608112200,   1.102,9999.000,   0.300,  -0.178,   1.224,   0.300,   1.224,   0.400,   1.324
202608112206,   1.125,9999.000,9999.000,9999.000,9999.000,9999.000,9999.000,9999.000,9999.000
202608112212,   1.145,9999.000,9999.000,9999.000,9999.000,9999.000,9999.000,9999.000,9999.000
202608112218,   1.164,9999.000,9999.000,9999.000,9999.000,9999.000,9999.000,9999.000,9999.000
202608112224,   1.182,9999.000,9999.000,9999.000,9999.000,9999.000,9999.000,9999.000,9999.000
202608112230,   1.198,9999.000,9999.000,9999.000,9999.000,9999.000,9999.000,9999.000,9999.000
202608112236,   1.212,9999.000,9999.000,9999.000,9999.000,9999.000,9999.000,9999.000,9999.000
202608112242,   1.225,9999.000,9999.000,9999.000,9999.000,9999.000,9999.000,9999.000,9999.000
202608112248,   1.236,9999.000,9999.000,9999.000,9999.000,9999.000,9999.000,9999.000,9999.000
202608112254,   1.246,9999.000,9999.000,9999.000,9999.000,9999.000,9999.000,9999.000,9999.000
202608112300,   1.254,9999.000,   0.300,  -0.178,   1.376,   0.300,   1.376,   0.400,   1.476
202608112306,   1.261,9999.000,9999.000,9999.000,9999.000,9999.000,9999.000,9999.000,9999.000
202608112312,   1.266,9999.000,9999.000,9999.000,9999.000,9999.000,9999.000,9999.000,9999.000
202608112318,   1.270,9999.000,9999.000,9999.000,9999.000,9999.000,9999.000,9999.000,9999.000
202608112324,   1.272,9999.000,9999.000,9999.000,9999.000,9999.000,9999.000,9999.000,9999.000
202608112330,   1.273,9999.000,9999.000,9999.000,9999.000,9999.000,9999.000,9999.000,9999.000
202608112336,   1.272,9999.000,9999.000,9999.000,9999.000,9999.000,9999.000,9999.000,9999.000
202608112342,   1.270,9999.000,9999.000,9999.000,9999.000,9999.000,9999.000,9999.000,9999.000
202608112348,   1.266,9999.000,9999.000,9999.000,9999.000,9999.000,9999.000,9999.000,9999.000
202608112354,   1.261,9999.000,9999.000,9999.000,9999.000,9999.000,9999.000,9999.000,9999.000
202608120000,   1.255,9999.000,   0.300,  -0.178,   1.377,   0.300,   1.377,   0.400,   1.477
202608120006,   1.247,9999.000,9999.000,9999.000,9999.000,9999.000,9999.000,9999.000,9999.000
202608120012,   1.238,9999.000,9999.000,9999.000,9999.000,9999.000,9999.000,9999.000,9999.000
202608120018,   1.228,9999.000,9999.000,9999.000,9999.000,9999.000,9999.000,9999.000,9999.000
202608120024,   1.216,9999.000,9999.000,9999.000,9999.000,9999.000,9999.000,9999.000,9999.000
202608120030,   1.203,9999.000,9999.000,9999.000,9999.000,9999.000,9999.000,9999.000,9999.000
202608120036,   1.188,9999.000,9999.000,9999.000,9999.000,9999.000,9999.000,9999.000,9999.000
202608120042,   1.172,9999.000,9999.000,9999.000,9999.000,9999.000,9999.000,9999.000,9999.000
202608120048,   1.155,9999.000,9999.000,9999.000,9999.000,9999.000,9999.000,9999.000,9999.000
202608120054,   1.137,9999.000,9999.000,9999.000,9999.000,9999.000,9999.000,9999.000,9999.000
202608120100,   1.117,9999.000,   0.300,  -0.178,   1.239,   0.300,   1.239,   0.400,   1.339
202608120106,   1.096,9999.000,9999.000,9999.000,9999.000,9999.000,9999.000,9999.000,9999.000
202608120112,   1.074,9999.000,9999.000,9999.000,9999.000,9999.000,9999.000,9999.000,9999.000
202608120118,   1.051,9999.000,9999.000,9999.000,9999.000,9999.000,9999.000,9999.000,9999.000
202608120124,   1.026,9999.000,9999.000,9999.000,9999.000,9999.000,9999.000,9999.000,9999.000
202608120130,   1.001,9999.000,9999.000,9999.000,9999.000,9999.000,9999.000,9999.000,9999.000
202608120136,   0.975,9999.000,9999.000,9999.000,9999.000,9999.000,9999.000,9999.000,9999.000
202608120142,   0.948,9999.000,9999.000,9999.000,9999.000,9999.000,9999.000,9999.000,9999.000
202608120148,   0.920,9999.000,9999.000,9999.000,9999.000,9999.000,9999.000,9999.000,9999.000
202608120154,   0.892,9999.000,9999.000,9999.000,9999.000,9999.000,9999.000,9999.000,9999.000
202608120200,   0.863,9999.000,   0.300,  -0.178,   0.985,   0.300,   0.985,   0.400,   1.085
202608120206,   0.833,9999.000,9999.000,9999.000,9999.000,9999.000,9999.000,9999.000,9999.000
202608120212,   0.804,9999.000,9999.000,9999.000,9999.000,9999.000,9999.000,9999.000,9999.000
202608120218,   0.774,9999.000,9999.000,9999.000,9999.000,9999.000,9999.000,9999.000,9999.000
202608120224,   0.743,9999.000,9999.000,9999.000,9999.000,9999.000,9999.000,9999.000,9999.000
202608120230,   0.713,9999.000,9999.000,9999.000,9999.000,9999.000,9999.000,9999.000,9999.000
202608120236,   0.683,9999.000,9999.000,9999.000,9999.000,9999.000,9999.000,9999.000,9999.000
202608120242,   0.653,9999.000,9999.000,9999.000,9999.000,9999.000,9999.000,9999.000,9999.000
202608120248,   0.623,9999.000,9999.000,9999.000,9999.000,9999.000,9999.000,9999.000,9999.000
202608120254,   0.593,9999.000,9999.000,9999.000,9999.000,9999.000,9999.000,9999.000,9999.000
202608120300,   0.564,9999.000,   0.300,  -0.178,   0.686,   0.300,   0.686,   0.400,   0.786
202608120306,   0.536,9999.000,9999.000,9999.000,9999.000,9999.000,9999.000,9999.000,9999.000
202608120312,   0.508,9999.000,9999.000,9999.000,9999.000,9999.000,9999.000,9999.000,9999.000
202608120318,   0.480,9999.000,9999.000,9999.000,9999.000,9999.000,9999.000,9999.000,9999.000
202608120324,   0.453,9999.000,9999.000,9999.000,9999.000,9999.000,9999.000,9999.000,9999.000
202608120330,   0.427,9999.000,9999.000,9999.000,9999.000,9999.000,9999.000,9999.000,9999.000
202608120336,   0.402,9999.000,9999.000,9999.000,9999.000,9999.000,9999.000,9999.000,9999.000
202608120342,   0.377,9999.000,9999.000,9999.000,9999.000,9999.000,9999.000,9999.000,9999.000
202608120348,   0.354,9999.000,9999.000,9999.000,9999.000,9999.000,9999.000,9999.000,9999.000
202608120354,   0.331,9999.000,9999.000,9999.000,9999.000,9999.000,9999.000,9999.000,9999.000
202608120400,   0.309,9999.000,   0.300,  -0.178,   0.431,   0.300,   0.431,   0.400,   0.531
202608120406,   0.287,9999.000,9999.000,9999.000,9999.000,9999.000,9999.000,9999.000,9999.000
202608120412,   0.267,9999.000,9999.000,9999.000,9999.000,9999.000,9999.000,9999.000,9999.000
202608120418,   0.247,9999.000,9999.000,9999.000,9999.000,9999.000,9999.000,9999.000,9999.000
202608120424,   0.229,9999.000,9999.000,9999.000,9999.000,9999.000,9999.000,9999.000,9999.000
202608120430,   0.211,9999.000,9999.000,9999.000,9999.000,9999.000,9999.000,9999.000,9999.000
202608120436,   0.193,9999.000,9999.000,9999.000,9999.000,9999.000,9999.000,9999.000,9999.000
202608120442,   0.177,9999.000,9999.000,9999.000,9999.000,9999.000,9999.000,9999.000,9999.000
202608120448,   0.161,9999.000,9999.000,9999.000,9999.000,9999.000,9999.000,9999.000,9999.000
202608120454,   0.146,9999.000,9999.000,9999.000,9999.000,9999.000,9999.000,9999.000,9999.000
202608120500,   0.132,9999.000,   0.400,  -0.178,   0.354,   0.300,   0.254,   0.400,   0.354
202608120506,   0.118,9999.000,9999.000,9999.000,9999.000,9999.000,9999.000,9999.000,9999.000
202608120512,   0.106,9999.000,9999.000,9999.000,9999.000,9999.000,9999.000,9999.000,9999.000
202608120518,   0.093,9999.000,9999.000,9999.000,9999.000,9999.000,9999.000,9999.000,9999.000
202608120524,   0.082,9999.000,9999.000,9999.000,9999.000,9999.000,9999.000,9999.000,9999.000
202608120530,   0.072,9999.000,9999.000,9999.000,9999.000,9999.000,9999.000,9999.000,9999.000
202608120536,   0.062,9999.000,9999.000,9999.000,9999.000,9999.000,9999.000,9999.000,9999.000
202608120542,   0.053,9999.000,9999.000,9999.000,9999.000,9999.000,9999.000,9999.000,9999.000
202608120548,   0.045,9999.000,9999.000,9999.000,9999.000,9999.000,9999.000,9999.000,9999.000
202608120554,   0.038,9999.000,9999.000,9999.000,9999.000,9999.000,9999.000,9999.000,9999.000
202608120600,   0.032,9999.000,   0.400,  -0.178,   0.254,   0.300,   0.154,   0.400,   0.254
202608120606,   0.027,9999.000,9999.000,9999.000,9999.000,9999.000,9999.000,9999.000,9999.000
202608120612,   0.023,9999.000,9999.000,9999.000,9999.000,9999.000,9999.000,9999.000,9999.000
202608120618,   0.020,9999.000,9999.000,9999.000,9999.000,9999.000,9999.000,9999.000,9999.000
202608120624,   0.018,9999.000,9999.000,9999.000,9999.000,9999.000,9999.000,9999.000,9999.000
202608120630,   0.018,9999.000,9999.000,9999.000,9999.000,9999.000,9999.000,9999.000,9999.000
202608120636,   0.019,9999.000,9999.000,9999.000,9999.000,9999.000,9999.000,9999.000,9999.000
202608120642,   0.022,9999.000,9999.000,9999.000,9999.000,9999.000,9999.000,9999.000,9999.000
202608120648,   0.026,9999.000,9999.000,9999.000,9999.000,9999.000,9999.000,9999.000,9999.000
202608120654,   0.031,9999.000,9999.000,9999.000,9999.000,9999.000,9999.000,9999.000,9999.000
202608120700,   0.038,9999.000,   0.400,  -0.178,   0.260,   0.300,   0.160,   0.400,   0.260
202608120706,   0.047,9999.000,9999.000,9999.000,9999.000,9999.000,9999.000,9999.000,9999.000
202608120712,   0.057,9999.000,9999.000,9999.000,9999.000,9999.000,9999.000,9999.000,9999.000
202608120718,   0.069,9999.000,9999.000,9999.000,9999.000,9999.000,9999.000,9999.000,9999.000
202608120724,   0.083,9999.000,9999.000,9999.000,9999.000,9999.000,9999.000,9999.000,9999.000
202608120730,   0.098,9999.000,9999.000,9999.000,9999.000,9999.000,9999.000,9999.000,9999.000
202608120736,   0.115,9999.000,9999.000,9999.000,9999.000,9999.000,9999.000,9999.000,9999.000
202608120742,   0.133,9999.000,9999.000,9999.000,9999.000,9999.000,9999.000,9999.000,9999.000
202608120748,   0.153,9999.000,9999.000,9999.000,9999.000,9999.000,9999.000,9999.000,9999.000
202608120754,   0.174,9999.000,9999.000,9999.000,9999.000,9999.000,9999.000,9999.000,9999.000
202608120800,   0.197,9999.000,   0.400,  -0.178,   0.419,   0.300,   0.319,   0.400,   0.419
202608120806,   0.221,9999.000,9999.000,9999.000,9999.000,9999.000,9999.000,9999.000,9999.000
202608120812,   0.246,9999.000,9999.000,9999.000,9999.000,9999.000,9999.000,9999.000,9999.000
202608120818,   0.273,9999.000,9999.000,9999.000,9999.000,9999.000,9999.000,9999.000,9999.000
202608120824,   0.300,9999.000,9999.000,9999.000,9999.000,9999.000,9999.000,9999.000,9999.000
202608120830,   0.328,9999.000,9999.000,9999.000,9999.000,9999.000,9999.000,9999.000,9999.000
202608120836,   0.357,9999.000,9999.000,9999.000,9999.000,9999.000,9999.000,9999.000,9999.000
202608120842,   0.386,9999.000,9999.000,9999.000,9999.000,9999.000,9999.000,9999.000,9999.000
202608120848,   0.416,9999.000,9999.000,9999.000,9999.000,9999.000,9999.000,9999.000,9999.000
202608120854,   0.446,9999.000,9999.000,9999.000,9999.000,9999.000,9999.000,9999.000,9999.000
202608120900,   0.476,9999.000,   0.400,  -0.178,   0.698,   0.300,   0.598,   0.400,   0.698
202608120906,   0.507,9999.000,9999.000,9999.000,9999.000,9999.000,9999.000,9999.000,9999.000
202608120912,   0.537,9999.000,9999.000,9999.000,9999.000,9999.000,9999.000,9999.000,9999.000
202608120918,   0.566,9999.000,9999.000,9999.000,9999.000,9999.000,9999.000,9999.000,9999.000
202608120924,   0.596,9999.000,9999.000,9999.000,9999.000,9999.000,9999.000,9999.000,9999.000
202608120930,   0.624,9999.000,9999.000,9999.000,9999.000,9999.000,9999.000,9999.000,9999.000
202608120936,   0.652,9999.000,9999.000,9999.000,9999.000,9999.000,9999.000,9999.000,9999.000
202608120942,   0.680,9999.000,9999.000,9999.000,9999.000,9999.000,9999.000,9999.000,9999.000
202608120948,   0.706,9999.000,9999.000,9999.000,9999.000,9999.000,9999.000,9999.000,9999.000
202608120954,   0.731,9999.000,9999.000,9999.000,9999.000,9999.000,9999.000,9999.000,9999.000
202608121000,   0.755,9999.000,   0.400,  -0.178,   0.977,   0.300,   0.877,   0.500,   1.077
202608121006,   0.779,9999.000,9999.000,9999.000,9999.000,9999.000,9999.000,9999.000,9999.000
202608121012,   0.800,9999.000,9999.000,9999.000,9999.000,9999.000,9999.000,9999.000,9999.000
202608121018,   0.821,9999.000,9999.000,9999.000,9999.000,9999.000,9999.000,9999.000,9999.000
202608121024,   0.840,9999.000,9999.000,9999.000,9999.000,9999.000,9999.000,9999.000,9999.000
202608121030,   0.858,9999.000,9999.000,9999.000,9999.000,9999.000,9999.000,9999.000,9999.000
202608121036,   0.874,9999.000,9999.000,9999.000,9999.000,9999.000,9999.000,9999.000,9999.000
202608121042,   0.890,9999.000,9999.000,9999.000,9999.000,9999.000,9999.000,9999.000,9999.000
202608121048,   0.903,9999.000,9999.000,9999.000,9999.000,9999.000,9999.000,9999.000,9999.000
202608121054,   0.915,9999.000,9999.000,9999.000,9999.000,9999.000,9999.000,9999.000,9999.000
202608121100,   0.926,9999.000,   0.400,  -0.178,   1.148,   0.300,   1.048,   0.400,   1.148
202608121106,   0.936,9999.000,9999.000,9999.000,9999.000,9999.000,9999.000,9999.000,9999.000
202608121112,   0.944,9999.000,9999.000,9999.000,9999.000,9999.000,9999.000,9999.000,9999.000
202608121118,   0.951,9999.000,9999.000,9999.000,9999.000,9999.000,9999.000,9999.000,9999.000
202608121124,   0.956,9999.000,9999.000,9999.000,9999.000,9999.000,9999.000,9999.000,9999.000
202608121130,   0.960,9999.000,9999.000,9999.000,9999.000,9999.000,9999.000,9999.000,9999.000
202608121136,   0.962,9999.000,9999.000,9999.000,9999.000,9999.000,9999.000,9999.000,9999.000
202608121142,   0.964,9999.000,9999.000,9999.000,9999.000,9999.000,9999.000,9999.000,9999.000
202608121148,   0.964,9999.000,9999.000,9999.000,9999.000,9999.000,9999.000,9999.000,9999.000
202608121154,   0.963,9999.000,9999.000,9999.000,9999.000,9999.000,9999.000,9999.000,9999.000
202608121200,   0.960,9999.000,   0.400,  -0.178,   1.182,   0.300,   1.082,   0.400,   1.182
202608121206,   0.956,9999.000,9999.000,9999.000,9999.000,9999.000,9999.000,9999.000,9999.000
202608121212,   0.951,9999.000,9999.000,9999.000,9999.000,9999.000,9999.000,9999.000,9999.000
202608121218,   0.945,9999.000,9999.000,9999.000,9999.000,9999.000,9999.000,9999.000,9999.000
202608121224,   0.938,9999.000,9999.000,9999.000,9999.000,9999.000,9999.000,9999.000,9999.000
202608121230,   0.929,9999.000,9999.000,9999.000,9999.000,9999.000,9999.000,9999.000,9999.000
202608121236,   0.919,9999.000,9999.000,9999.000,9999.000,9999.000,9999.000,9999.000,9999.000
202608121242,   0.908,9999.000,9999.000,9999.000,9999.000,9999.000,9999.000,9999.000,9999.000
202608121248,   0.896,9999.000,9999.000,9999.000,9999.000,9999.000,9999.000,9999.000,9999.000
202608121254,   0.882,9999.000,9999.000,9999.000,9999.000,9999.000,9999.000,9999.000,9999.000
202608121300,   0.868,9999.000,   0.400,  -0.178,   1.090,   0.300,   0.990,   0.400,   1.090
202608121306,   0.852,9999.000,9999.000,9999.000,9999.000,9999.000,9999.000,9999.000,9999.000
202608121312,   0.835,9999.000,9999.000,9999.000,9999.000,9999.000,9999.000,9999.000,9999.000
202608121318,   0.817,9999.000,9999.000,9999.000,9999.000,9999.000,9999.000,9999.000,9999.000
202608121324,   0.798,9999.000,9999.000,9999.000,9999.000,9999.000,9999.000,9999.000,9999.000
202608121330,   0.777,9999.000,9999.000,9999.000,9999.000,9999.000,9999.000,9999.000,9999.000
202608121336,   0.756,9999.000,9999.000,9999.000,9999.000,9999.000,9999.000,9999.000,9999.000
202608121342,   0.734,9999.000,9999.000,9999.000,9999.000,9999.000,9999.000,9999.000,9999.000
202608121348,   0.711,9999.000,9999.000,9999.000,9999.000,9999.000,9999.000,9999.000,9999.000
202608121354,   0.687,9999.000,9999.000,9999.000,9999.000,9999.000,9999.000,9999.000,9999.000
202608121400,   0.663,9999.000,   0.400,  -0.178,   0.885,   0.300,   0.785,   0.400,   0.885
202608121406,   0.637,9999.000,9999.000,9999.000,9999.000,9999.000,9999.000,9999.000,9999.000
202608121412,   0.611,9999.000,9999.000,9999.000,9999.000,9999.000,9999.000,9999.000,9999.000
202608121418,   0.585,9999.000,9999.000,9999.000,9999.000,9999.000,9999.000,9999.000,9999.000
202608121424,   0.558,9999.000,9999.000,9999.000,9999.000,9999.000,9999.000,9999.000,9999.000
202608121430,   0.531,9999.000,9999.000,9999.000,9999.000,9999.000,9999.000,9999.000,9999.000
202608121436,   0.504,9999.000,9999.000,9999.000,9999.000,9999.000,9999.000,9999.000,9999.000
202608121442,   0.476,9999.000,9999.000,9999.000,9999.000,9999.000,9999.000,9999.000,9999.000
202608121448,   0.449,9999.000,9999.000,9999.000,9999.000,9999.000,9999.000,9999.000,9999.000
202608121454,   0.422,9999.000,9999.000,9999.000,9999.000,9999.000,9999.000,9999.000,9999.000
202608121500,   0.394,9999.000,   0.400,  -0.178,   0.616,   0.300,   0.516,   0.400,   0.616
202608121506,   0.368,9999.000,9999.000,9999.000,9999.000,9999.000,9999.000,9999.000,9999.000
202608121512,   0.341,9999.000,9999.000,9999.000,9999.000,9999.000,9999.000,9999.000,9999.000
202608121518,   0.315,9999.000,9999.000,9999.000,9999.000,9999.000,9999.000,9999.000,9999.000
202608121524,   0.290,9999.000,9999.000,9999.000,9999.000,9999.000,9999.000,9999.000,9999.000
202608121530,   0.265,9999.000,9999.000,9999.000,9999.000,9999.000,9999.000,9999.000,9999.000
202608121536,   0.241,9999.000,9999.000,9999.000,9999.000,9999.000,9999.000,9999.000,9999.000
202608121542,   0.217,9999.000,9999.000,9999.000,9999.000,9999.000,9999.000,9999.000,9999.000
202608121548,   0.195,9999.000,9999.000,9999.000,9999.000,9999.000,9999.000,9999.000,9999.000
202608121554,   0.173,9999.000,9999.000,9999.000,9999.000,9999.000,9999.000,9999.000,9999.000
202608121600,   0.152,9999.000,   0.400,  -0.178,   0.374,   0.300,   0.274,   0.400,   0.374
202608121606,   0.132,9999.000,9999.000,9999.000,9999.000,9999.000,9999.000,9999.000,9999.000
202608121612,   0.114,9999.000,9999.000,9999.000,9999.000,9999.000,9999.000,9999.000,9999.000
202608121618,   0.096,9999.000,9999.000,9999.000,9999.000,9999.000,9999.000,9999.000,9999.000
202608121624,   0.079,9999.000,9999.000,9999.000,9999.000,9999.000,9999.000,9999.000,9999.000
202608121630,   0.063,9999.000,9999.000,9999.000,9999.000,9999.000,9999.000,9999.000,9999.000
202608121636,   0.048,9999.000,9999.000,9999.000,9999.000,9999.000,9999.000,9999.000,9999.000
202608121642,   0.034,9999.000,9999.000,9999.000,9999.000,9999.000,9999.000,9999.000,9999.000
202608121648,   0.021,9999.000,9999.000,9999.000,9999.000,9999.000,9999.000,9999.000,9999.000
202608121654,   0.009,9999.000,9999.000,9999.000,9999.000,9999.000,9999.000,9999.000,9999.000
202608121700,  -0.002,9999.000,   0.400,  -0.178,   0.220,   0.300,   0.120,   0.400,   0.220
202608121706,  -0.012,9999.000,9999.000,9999.000,9999.000,9999.000,9999.000,9999.000,9999.000
202608121712,  -0.022,9999.000,9999.000,9999.000,9999.000,9999.000,9999.000,9999.000,9999.000
202608121718,  -0.030,9999.000,9999.000,9999.000,9999.000,9999.000,9999.000,9999.000,9999.000
202608121724,  -0.038,9999.000,9999.000,9999.000,9999.000,9999.000,9999.000,9999.000,9999.000
202608121730,  -0.045,9999.000,9999.000,9999.000,9999.000,9999.000,9999.000,9999.000,9999.000
202608121736,  -0.051,9999.000,9999.000,9999.000,9999.000,9999.000,9999.000,9999.000,9999.000
202608121742,  -0.056,9999.000,9999.000,9999.000,9999.000,9999.000,9999.000,9999.000,9999.000
202608121748,  -0.061,9999.000,9999.000,9999.000,9999.000,9999.000,9999.000,9999.000,9999.000
202608121754,  -0.064,9999.000,9999.000,9999.000,9999.000,9999.000,9999.000,9999.000,9999.000
202608121800,  -0.067,9999.000,   0.400,  -0.178,   0.155,   0.300,   0.055,   0.400,   0.155
202608121806,  -0.068,9999.000,9999.000,9999.000,9999.000,9999.000,9999.000,9999.000,9999.000
202608121812,  -0.069,9999.000,9999.000,9999.000,9999.000,9999.000,9999.000,9999.000,9999.000
202608121818,  -0.069,9999.000,9999.000,9999.000,9999.000,9999.000,9999.000,9999.000,9999.000
202608121824,  -0.067,9999.000,9999.000,9999.000,9999.000,9999.000,9999.000,9999.000,9999.000
202608121830,  -0.065,9999.000,9999.000,9999.000,9999.000,9999.000,9999.000,9999.000,9999.000
202608121836,  -0.061,9999.000,9999.000,9999.000,9999.000,9999.000,9999.000,9999.000,9999.000
202608121842,  -0.057,9999.000,9999.000,9999.000,9999.000,9999.000,9999.000,9999.000,9999.000
202608121848,  -0.051,9999.000,9999.000,9999.000,9999.000,9999.000,9999.000,9999.000,9999.000
202608121854,  -0.043,9999.000,9999.000,9999.000,9999.000,9999.000,9999.000,9999.000,9999.000
202608121900,  -0.034,9999.000,   0.400,  -0.178,   0.188,   0.300,   0.088,   0.400,   0.188
202608121906,  -0.024,9999.000,9999.000,9999.000,9999.000,9999.000,9999.000,9999.000,9999.000
202608121912,  -0.012,9999.000,9999.000,9999.000,9999.000,9999.000,9999.000,9999.000,9999.000
202608121918,   0.000,9999.000,9999.000,9999.000,9999.000,9999.000,9999.000,9999.000,9999.000
202608121924,   0.015,9999.000,9999.000,9999.000,9999.000,9999.000,9999.000,9999.000,9999.000
202608121930,   0.031,9999.000,9999.000,9999.000,9999.000,9999.000,9999.000,9999.000,9999.000
202608121936,   0.050,9999.000,9999.000,9999.000,9999.000,9999.000,9999.000,9999.000,9999.000
202608121942,   0.069,9999.000,9999.000,9999.000,9999.000,9999.000,9999.000,9999.000,9999.000
202608121948,   0.091,9999.000,9999.000,9999.000,9999.000,9999.000,9999.000,9999.000,9999.000
202608121954,   0.114,9999.000,9999.000,9999.000,9999.000,9999.000,9999.000,9999.000,9999.000
202608122000,   0.139,9999.000,   0.400,  -0.178,   0.361,   0.300,   0.261,   0.400,   0.361
202608122006,   0.165,9999.000,9999.000,9999.000,9999.000,9999.000,9999.000,9999.000,9999.000
202608122012,   0.193,9999.000,9999.000,9999.000,9999.000,9999.000,9999.000,9999.000,9999.000
202608122018,   0.222,9999.000,9999.000,9999.000,9999.000,9999.000,9999.000,9999.000,9999.000
202608122024,   0.252,9999.000,9999.000,9999.000,9999.000,9999.000,9999.000,9999.000,9999.000
202608122030,   0.284,9999.000,9999.000,9999.000,9999.000,9999.000,9999.000,9999.000,9999.000
202608122036,   0.317,9999.000,9999.000,9999.000,9999.000,9999.000,9999.000,9999.000,9999.000
202608122042,   0.351,9999.000,9999.000,9999.000,9999.000,9999.000,9999.000,9999.000,9999.000
202608122048,   0.386,9999.000,9999.000,9999.000,9999.000,9999.000,9999.000,9999.000,9999.000
202608122054,   0.422,9999.000,9999.000,9999.000,9999.000,9999.000,9999.000,9999.000,9999.000
202608122100,   0.459,9999.000,   0.400,  -0.178,   0.681,   0.300,   0.581,   0.500,   0.781
202608122106,   0.496,9999.000,9999.000,9999.000,9999.000,9999.000,9999.000,9999.000,9999.000
202608122112,   0.533,9999.000,9999.000,9999.000,9999.000,9999.000,9999.000,9999.000,9999.000
202608122118,   0.571,9999.000,9999.000,9999.000,9999.000,9999.000,9999.000,9999.000,9999.000
202608122124,   0.609,9999.000,9999.000,9999.000,9999.000,9999.000,9999.000,9999.000,9999.000
202608122130,   0.646,9999.000,9999.000,9999.000,9999.000,9999.000,9999.000,9999.000,9999.000
202608122136,   0.684,9999.000,9999.000,9999.000,9999.000,9999.000,9999.000,9999.000,9999.000
202608122142,   0.720,9999.000,9999.000,9999.000,9999.000,9999.000,9999.000,9999.000,9999.000
202608122148,   0.757,9999.000,9999.000,9999.000,9999.000,9999.000,9999.000,9999.000,9999.000
202608122154,   0.793,9999.000,9999.000,9999.000,9999.000,9999.000,9999.000,9999.000,9999.000
202608122200,   0.828,9999.000,   0.400,  -0.178,   1.050,   0.300,   0.950,   0.500,   1.150
202608122206,   0.862,9999.000,9999.000,9999.000,9999.000,9999.000,9999.000,9999.000,9999.000
202608122212,   0.895,9999.000,9999.000,9999.000,9999.000,9999.000,9999.000,9999.000,9999.000
202608122218,   0.927,9999.000,9999.000,9999.000,9999.000,9999.000,9999.000,9999.000,9999.000
202608122224,   0.957,9999.000,9999.000,9999.000,9999.000,9999.000,9999.000,9999.000,9999.000
202608122230,   0.987,9999.000,9999.000,9999.000,9999.000,9999.000,9999.000,9999.000,9999.000
202608122236,   1.015,9999.000,9999.000,9999.000,9999.000,9999.000,9999.000,9999.000,9999.000
202608122242,   1.041,9999.000,9999.000,9999.000,9999.000,9999.000,9999.000,9999.000,9999.000
202608122248,   1.066,9999.000,9999.000,9999.000,9999.000,9999.000,9999.000,9999.000,9999.000
202608122254,   1.090,9999.000,9999.000,9999.000,9999.000,9999.000,9999.000,9999.000,9999.000
202608122300,   1.112,9999.000,   0.400,  -0.178,   1.334,   0.300,   1.234,   0.500,   1.434
202608122306,   1.133,9999.000,9999.000,9999.000,9999.000,9999.000,9999.000,9999.000,9999.000
202608122312,   1.151,9999.000,9999.000,9999.000,9999.000,9999.000,9999.000,9999.000,9999.000
202608122318,   1.169,9999.000,9999.000,9999.000,9999.000,9999.000,9999.000,9999.000,9999.000
202608122324,   1.184,9999.000,9999.000,9999.000,9999.000,9999.000,9999.000,9999.000,9999.000
202608122330,   1.198,9999.000,9999.000,9999.000,9999.000,9999.000,9999.000,9999.000,9999.000
202608122336,   1.211,9999.000,9999.000,9999.000,9999.000,9999.000,9999.000,9999.000,9999.000
202608122342,   1.222,9999.000,9999.000,9999.000,9999.000,9999.000,9999.000,9999.000,9999.000
202608122348,   1.231,9999.000,9999.000,9999.000,9999.000,9999.000,9999.000,9999.000,9999.000
202608122354,   1.239,9999.000,9999.000,9999.000,9999.000,9999.000,9999.000,9999.000,9999.000
202608130000,   1.245,9999.000,   0.400,  -0.178,   1.467,   0.300,   1.367,   0.500,   1.567
202608130006,   1.250,9999.000,9999.000,9999.000,9999.000,9999.000,9999.000,9999.000,9999.000
202608130012,   1.253,9999.000,9999.000,9999.000,9999.000,9999.000,9999.000,9999.000,9999.000
202608130018,   1.255,9999.000,9999.000,9999.000,9999.000,9999.000,9999.000,9999.000,9999.000
202608130024,   1.255,9999.000,9999.000,9999.000,9999.000,9999.000,9999.000,9999.000,9999.000
202608130030,   1.254,9999.000,9999.000,9999.000,9999.000,9999.000,9999.000,9999.000,9999.000
202608130036,   1.251,9999.000,9999.000,9999.000,9999.000,9999.000,9999.000,9999.000,9999.000
202608130042,   1.247,9999.000,9999.000,9999.000,9999.000,9999.000,9999.000,9999.000,9999.000
202608130048,   1.241,9999.000,9999.000,9999.000,9999.000,9999.000,9999.000,9999.000,9999.000
202608130054,   1.234,9999.000,9999.000,9999.000,9999.000,9999.000,9999.000,9999.000,9999.000
202608130100,   1.225,9999.000,   0.400,  -0.178,   1.447,   0.300,   1.347,   0.500,   1.547
202608130106,   1.216,9999.000,9999.000,9999.000,9999.000,9999.000,9999.000,9999.000,9999.000
202608130112,   1.204,9999.000,9999.000,9999.000,9999.000,9999.000,9999.000,9999.000,9999.000
202608130118,   1.191,9999.000,9999.000,9999.000,9999.000,9999.000,9999.000,9999.000,9999.000
202608130124,   1.177,9999.000,9999.000,9999.000,9999.000,9999.000,9999.000,9999.000,9999.000
202608130130,   1.162,9999.000,9999.000,9999.000,9999.000,9999.000,9999.000,9999.000,9999.000
202608130136,   1.145,9999.000,9999.000,9999.000,9999.000,9999.000,9999.000,9999.000,9999.000
202608130142,   1.126,9999.000,9999.000,9999.000,9999.000,9999.000,9999.000,9999.000,9999.000
202608130148,   1.107,9999.000,9999.000,9999.000,9999.000,9999.000,9999.000,9999.000,9999.000
202608130154,   1.086,9999.000,9999.000,9999.000,9999.000,9999.000,9999.000,9999.000,9999.000
202608130200,   1.064,9999.000,   0.400,  -0.178,   1.286,   0.300,   1.186,   0.500,   1.386
202608130206,   1.041,9999.000,9999.000,9999.000,9999.000,9999.000,9999.000,9999.000,9999.000
202608130212,   1.016,9999.000,9999.000,9999.000,9999.000,9999.000,9999.000,9999.000,9999.000
202608130218,   0.991,9999.000,9999.000,9999.000,9999.000,9999.000,9999.000,9999.000,9999.000
202608130224,   0.965,9999.000,9999.000,9999.000,9999.000,9999.000,9999.000,9999.000,9999.000
202608130230,   0.937,9999.000,9999.000,9999.000,9999.000,9999.000,9999.000,9999.000,9999.000
202608130236,   0.909,9999.000,9999.000,9999.000,9999.000,9999.000,9999.000,9999.000,9999.000
202608130242,   0.881,9999.000,9999.000,9999.000,9999.000,9999.000,9999.000,9999.000,9999.000
202608130248,   0.851,9999.000,9999.000,9999.000,9999.000,9999.000,9999.000,9999.000,9999.000
202608130254,   0.821,9999.000,9999.000,9999.000,9999.000,9999.000,9999.000,9999.000,9999.000
202608130300,   0.791,9999.000,   0.400,  -0.178,   1.013,   0.300,   0.913,   0.500,   1.113
202608130306,   0.760,9999.000,9999.000,9999.000,9999.000,9999.000,9999.000,9999.000,9999.000
202608130312,   0.729,9999.000,9999.000,9999.000,9999.000,9999.000,9999.000,9999.000,9999.000
202608130318,   0.698,9999.000,9999.000,9999.000,9999.000,9999.000,9999.000,9999.000,9999.000
202608130324,   0.667,9999.000,9999.000,9999.000,9999.000,9999.000,9999.000,9999.000,9999.000
202608130330,   0.636,9999.000,9999.000,9999.000,9999.000,9999.000,9999.000,9999.000,9999.000
202608130336,   0.606,9999.000,9999.000,9999.000,9999.000,9999.000,9999.000,9999.000,9999.000
202608130342,   0.575,9999.000,9999.000,9999.000,9999.000,9999.000,9999.000,9999.000,9999.000
202608130348,   0.545,9999.000,9999.000,9999.000,9999.000,9999.000,9999.000,9999.000,9999.000
202608130354,   0.516,9999.000,9999.000,9999.000,9999.000,9999.000,9999.000,9999.000,9999.000
202608130400,   0.487,9999.000,   0.400,  -0.178,   0.709,   0.300,   0.609,   0.500,   0.809
202608130406,   0.458,9999.000,9999.000,9999.000,9999.000,9999.000,9999.000,9999.000,9999.000
202608130412,   0.430,9999.000,9999.000,9999.000,9999.000,9999.000,9999.000,9999.000,9999.000
202608130418,   0.403,9999.000,9999.000,9999.000,9999.000,9999.000,9999.000,9999.000,9999.000
202608130424,   0.377,9999.000,9999.000,9999.000,9999.000,9999.000,9999.000,9999.000,9999.000
202608130430,   0.352,9999.000,9999.000,9999.000,9999.000,9999.000,9999.000,9999.000,9999.000
202608130436,   0.327,9999.000,9999.000,9999.000,9999.000,9999.000,9999.000,9999.000,9999.000
202608130442,   0.303,9999.000,9999.000,9999.000,9999.000,9999.000,9999.000,9999.000,9999.000
202608130448,   0.280,9999.000,9999.000,9999.000,9999.000,9999.000,9999.000,9999.000,9999.000
202608130454,   0.258,9999.000,9999.000,9999.000,9999.000,9999.000,9999.000,9999.000,9999.000
202608130500,   0.237,9999.000,   0.400,  -0.178,   0.459,   0.300,   0.359,   0.500,   0.559
202608130506,   0.217,9999.000,9999.000,9999.000,9999.000,9999.000,9999.000,9999.000,9999.000
202608130512,   0.197,9999.000,9999.000,9999.000,9999.000,9999.000,9999.000,9999.000,9999.000
202608130518,   0.179,9999.000,9999.000,9999.000,9999.000,9999.000,9999.000,9999.000,9999.000
202608130524,   0.161,9999.000,9999.000,9999.000,9999.000,9999.000,9999.000,9999.000,9999.000
202608130530,   0.144,9999.000,9999.000,9999.000,9999.000,9999.000,9999.000,9999.000,9999.000
202608130536,   0.128,9999.000,9999.000,9999.000,9999.000,9999.000,9999.000,9999.000,9999.000
202608130542,   0.113,9999.000,9999.000,9999.000,9999.000,9999.000,9999.000,9999.000,9999.000
202608130548,   0.098,9999.000,9999.000,9999.000,9999.000,9999.000,9999.000,9999.000,9999.000
202608130554,   0.084,9999.000,9999.000,9999.000,9999.000,9999.000,9999.000,9999.000,9999.000
202608130600,   0.071,9999.000,   0.400,  -0.178,   0.293,   0.300,   0.193,   0.500,   0.393
202608130606,   0.059,9999.000,9999.000,9999.000,9999.000,9999.000,9999.000,9999.000,9999.000
202608130612,   0.048,9999.000,9999.000,9999.000,9999.000,9999.000,9999.000,9999.000,9999.000
202608130618,   0.037,9999.000,9999.000,9999.000,9999.000,9999.000,9999.000,9999.000,9999.000
202608130624,   0.028,9999.000,9999.000,9999.000,9999.000,9999.000,9999.000,9999.000,9999.000
202608130630,   0.019,9999.000,9999.000,9999.000,9999.000,9999.000,9999.000,9999.000,9999.000
202608130636,   0.011,9999.000,9999.000,9999.000,9999.000,9999.000,9999.000,9999.000,9999.000
202608130642,   0.004,9999.000,9999.000,9999.000,9999.000,9999.000,9999.000,9999.000,9999.000
202608130648,   0.000,9999.000,9999.000,9999.000,9999.000,9999.000,9999.000,9999.000,9999.000
202608130654,  -0.005,9999.000,9999.000,9999.000,9999.000,9999.000,9999.000,9999.000,9999.000
202608130700,  -0.009,9999.000,   0.400,  -0.178,   0.213,   0.300,   0.113,   0.500,   0.313
202608130706,  -0.011,9999.000,9999.000,9999.000,9999.000,9999.000,9999.000,9999.000,9999.000
202608130712,  -0.012,9999.000,9999.000,9999.000,9999.000,9999.000,9999.000,9999.000,9999.000
202608130718,  -0.012,9999.000,9999.000,9999.000,9999.000,9999.000,9999.000,9999.000,9999.000
202608130724,  -0.010,9999.000,9999.000,9999.000,9999.000,9999.000,9999.000,9999.000,9999.000
202608130730,  -0.007,9999.000,9999.000,9999.000,9999.000,9999.000,9999.000,9999.000,9999.000
202608130736,  -0.003,9999.000,9999.000,9999.000,9999.000,9999.000,9999.000,9999.000,9999.000
202608130742,   0.002,9999.000,9999.000,9999.000,9999.000,9999.000,9999.000,9999.000,9999.000
202608130748,   0.010,9999.000,9999.000,9999.000,9999.000,9999.000,9999.000,9999.000,9999.000
202608130754,   0.020,9999.000,9999.000,9999.000,9999.000,9999.000,9999.000,9999.000,9999.000
202608130800,   0.031,9999.000,   0.400,  -0.178,   0.253,   0.300,   0.153,   0.500,   0.353
202608130806,   0.043,9999.000,9999.000,9999.000,9999.000,9999.000,9999.000,9999.000,9999.000
202608130812,   0.058,9999.000,9999.000,9999.000,9999.000,9999.000,9999.000,9999.000,9999.000
202608130818,   0.074,9999.000,9999.000,9999.000,9999.000,9999.000,9999.000,9999.000,9999.000
202608130824,   0.092,9999.000,9999.000,9999.000,9999.000,9999.000,9999.000,9999.000,9999.000
202608130830,   0.111,9999.000,9999.000,9999.000,9999.000,9999.000,9999.000,9999.000,9999.000
202608130836,   0.132,9999.000,9999.000,9999.000,9999.000,9999.000,9999.000,9999.000,9999.000
202608130842,   0.155,9999.000,9999.000,9999.000,9999.000,9999.000,9999.000,9999.000,9999.000
202608130848,   0.179,9999.000,9999.000,9999.000,9999.000,9999.000,9999.000,9999.000,9999.000
202608130854,   0.204,9999.000,9999.000,9999.000,9999.000,9999.000,9999.000,9999.000,9999.000
202608130900,   0.231,9999.000,   0.400,  -0.178,   0.453,   0.300,   0.353,   0.500,   0.553
202608130906,   0.259,9999.000,9999.000,9999.000,9999.000,9999.000,9999.000,9999.000,9999.000
202608130912,   0.288,9999.000,9999.000,9999.000,9999.000,9999.000,9999.000,9999.000,9999.000
202608130918,   0.318,9999.000,9999.000,9999.000,9999.000,9999.000,9999.000,9999.000,9999.000
202608130924,   0.348,9999.000,9999.000,9999.000,9999.000,9999.000,9999.000,9999.000,9999.000
202608130930,   0.380,9999.000,9999.000,9999.000,9999.000,9999.000,9999.000,9999.000,9999.000
202608130936,   0.411,9999.000,9999.000,9999.000,9999.000,9999.000,9999.000,9999.000,9999.000
202608130942,   0.443,9999.000,9999.000,9999.000,9999.000,9999.000,9999.000,9999.000,9999.000
202608130948,   0.476,9999.000,9999.000,9999.000,9999.000,9999.000,9999.000,9999.000,9999.000
202608130954,   0.508,9999.000,9999.000,9999.000,9999.000,9999.000,9999.000,9999.000,9999.000
202608131000,   0.540,9999.000,   0.400,  -0.178,   0.762,   0.300,   0.662,   0.500,   0.862
202608131006,   0.572,9999.000,9999.000,9999.000,9999.000,9999.000,9999.000,9999.000,9999.000
202608131012,   0.604,9999.000,9999.000,9999.000,9999.000,9999.000,9999.000,9999.000,9999.000
202608131018,   0.635,9999.000,9999.000,9999.000,9999.000,9999.000,9999.000,9999.000,9999.000
202608131024,   0.665,9999.000,9999.000,9999.000,9999.000,9999.000,9999.000,9999.000,9999.000
202608131030,   0.695,9999.000,9999.000,9999.000,9999.000,9999.000,9999.000,9999.000,9999.000
202608131036,   0.723,9999.000,9999.000,9999.000,9999.000,9999.000,9999.000,9999.000,9999.000
202608131042,   0.751,9999.000,9999.000,9999.000,9999.000,9999.000,9999.000,9999.000,9999.000
202608131048,   0.778,9999.000,9999.000,9999.000,9999.000,9999.000,9999.000,9999.000,9999.000
202608131054,   0.803,9999.000,9999.000,9999.000,9999.000,9999.000,9999.000,9999.000,9999.000
202608131100,   0.827,9999.000,   0.400,  -0.178,   1.049,   0.300,   0.949,   0.500,   1.149
202608131106,   0.850,9999.000,9999.000,9999.000,9999.000,9999.000,9999.000,9999.000,9999.000
202608131112,   0.872,9999.000,9999.000,9999.000,9999.000,9999.000,9999.000,9999.000,9999.000
202608131118,   0.892,9999.000,9999.000,9999.000,9999.000,9999.000,9999.000,9999.000,9999.000
202608131124,   0.911,9999.000,9999.000,9999.000,9999.000,9999.000,9999.000,9999.000,9999.000
202608131130,   0.928,9999.000,9999.000,9999.000,9999.000,9999.000,9999.000,9999.000,9999.000
202608131136,   0.944,9999.000,9999.000,9999.000,9999.000,9999.000,9999.000,9999.000,9999.000
202608131142,   0.958,9999.000,9999.000,9999.000,9999.000,9999.000,9999.000,9999.000,9999.000
202608131148,   0.971,9999.000,9999.000,9999.000,9999.000,9999.000,9999.000,9999.000,9999.000
202608131154,   0.983,9999.000,9999.000,9999.000,9999.000,9999.000,9999.000,9999.000,9999.000
202608131200,   0.993,9999.000,   0.400,  -0.178,   1.215,   0.300,   1.115,   0.500,   1.315
202608131206,   1.001,9999.000,9999.000,9999.000,9999.000,9999.000,9999.000,9999.000,9999.000
202608131212,   1.009,9999.000,9999.000,9999.000,9999.000,9999.000,9999.000,9999.000,9999.000
202608131218,   1.014,9999.000,9999.000,9999.000,9999.000,9999.000,9999.000,9999.000,9999.000
202608131224,   1.019,9999.000,9999.000,9999.000,9999.000,9999.000,9999.000,9999.000,9999.000
202608131230,   1.021,9999.000,9999.000,9999.000,9999.000,9999.000,9999.000,9999.000,9999.000
202608131236,   1.023,9999.000,9999.000,9999.000,9999.000,9999.000,9999.000,9999.000,9999.000
202608131242,   1.023,9999.000,9999.000,9999.000,9999.000,9999.000,9999.000,9999.000,9999.000
202608131248,   1.022,9999.000,9999.000,9999.000,9999.000,9999.000,9999.000,9999.000,9999.000
202608131254,   1.020,9999.000,9999.000,9999.000,9999.000,9999.000,9999.000,9999.000,9999.000
202608131300,   1.016,9999.000,   0.400,  -0.178,   1.238,   0.300,   1.138,   0.500,   1.338
202608131306,   1.011,9999.000,9999.000,9999.000,9999.000,9999.000,9999.000,9999.000,9999.000
202608131312,   1.004,9999.000,9999.000,9999.000,9999.000,9999.000,9999.000,9999.000,9999.000
202608131318,   0.997,9999.000,9999.000,9999.000,9999.000,9999.000,9999.000,9999.000,9999.000
202608131324,   0.988,9999.000,9999.000,9999.000,9999.000,9999.000,9999.000,9999.000,9999.000
202608131330,   0.977,9999.000,9999.000,9999.000,9999.000,9999.000,9999.000,9999.000,9999.000
202608131336,   0.966,9999.000,9999.000,9999.000,9999.000,9999.000,9999.000,9999.000,9999.000
202608131342,   0.953,9999.000,9999.000,9999.000,9999.000,9999.000,9999.000,9999.000,9999.000
202608131348,   0.939,9999.000,9999.000,9999.000,9999.000,9999.000,9999.000,9999.000,9999.000
202608131354,   0.923,9999.000,9999.000,9999.000,9999.000,9999.000,9999.000,9999.000,9999.000
202608131400,   0.907,9999.000,   0.400,  -0.178,   1.129,   0.300,   1.029,   0.500,   1.229
202608131406,   0.889,9999.000,9999.000,9999.000,9999.000,9999.000,9999.000,9999.000,9999.000
202608131412,   0.870,9999.000,9999.000,9999.000,9999.000,9999.000,9999.000,9999.000,9999.000
202608131418,   0.850,9999.000,9999.000,9999.000,9999.000,9999.000,9999.000,9999.000,9999.000
202608131424,   0.829,9999.000,9999.000,9999.000,9999.000,9999.000,9999.000,9999.000,9999.000
202608131430,   0.807,9999.000,9999.000,9999.000,9999.000,9999.000,9999.000,9999.000,9999.000
202608131436,   0.784,9999.000,9999.000,9999.000,9999.000,9999.000,9999.000,9999.000,9999.000
202608131442,   0.760,9999.000,9999.000,9999.000,9999.000,9999.000,9999.000,9999.000,9999.000
202608131448,   0.735,9999.000,9999.000,9999.000,9999.000,9999.000,9999.000,9999.000,9999.000
202608131454,   0.709,9999.000,9999.000,9999.000,9999.000,9999.000,9999.000,9999.000,9999.000
202608131500,   0.683,9999.000,   0.400,  -0.178,   0.905,   0.300,   0.805,   0.500,   1.005
202608131506,   0.656,9999.000,9999.000,9999.000,9999.000,9999.000,9999.000,9999.000,9999.000
202608131512,   0.629,9999.000,9999.000,9999.000,9999.000,9999.000,9999.000,9999.000,9999.000
202608131518,   0.601,9999.000,9999.000,9999.000,9999.000,9999.000,9999.000,9999.000,9999.000
202608131524,   0.573,9999.000,9999.000,9999.000,9999.000,9999.000,9999.000,9999.000,9999.000
202608131530,   0.544,9999.000,9999.000,9999.000,9999.000,9999.000,9999.000,9999.000,9999.000
202608131536,   0.516,9999.000,9999.000,9999.000,9999.000,9999.000,9999.000,9999.000,9999.000
202608131542,   0.487,9999.000,9999.000,9999.000,9999.000,9999.000,9999.000,9999.000,9999.000
202608131548,   0.459,9999.000,9999.000,9999.000,9999.000,9999.000,9999.000,9999.000,9999.000
202608131554,   0.431,9999.000,9999.000,9999.000,9999.000,9999.000,9999.000,9999.000,9999.000
202608131600,   0.403,9999.000,   0.400,  -0.178,   0.625,   0.300,   0.525,   0.500,   0.725
202608131606,   0.375,9999.000,9999.000,9999.000,9999.000,9999.000,9999.000,9999.000,9999.000
202608131612,   0.348,9999.000,9999.000,9999.000,9999.000,9999.000,9999.000,9999.000,9999.000
202608131618,   0.322,9999.000,9999.000,9999.000,9999.000,9999.000,9999.000,9999.000,9999.000
202608131624,   0.296,9999.000,9999.000,9999.000,9999.000,9999.000,9999.000,9999.000,9999.000
202608131630,   0.271,9999.000,9999.000,9999.000,9999.000,9999.000,9999.000,9999.000,9999.000
202608131636,   0.247,9999.000,9999.000,9999.000,9999.000,9999.000,9999.000,9999.000,9999.000
202608131642,   0.224,9999.000,9999.000,9999.000,9999.000,9999.000,9999.000,9999.000,9999.000
202608131648,   0.201,9999.000,9999.000,9999.000,9999.000,9999.000,9999.000,9999.000,9999.000
202608131654,   0.180,9999.000,9999.000,9999.000,9999.000,9999.000,9999.000,9999.000,9999.000
202608131700,   0.159,9999.000,   0.400,  -0.178,   0.381,   0.300,   0.281,   0.500,   0.481
202608131706,   0.139,9999.000,9999.000,9999.000,9999.000,9999.000,9999.000,9999.000,9999.000
202608131712,   0.120,9999.000,9999.000,9999.000,9999.000,9999.000,9999.000,9999.000,9999.000
202608131718,   0.103,9999.000,9999.000,9999.000,9999.000,9999.000,9999.000,9999.000,9999.000
202608131724,   0.086,9999.000,9999.000,9999.000,9999.000,9999.000,9999.000,9999.000,9999.000
202608131730,   0.070,9999.000,9999.000,9999.000,9999.000,9999.000,9999.000,9999.000,9999.000
202608131736,   0.055,9999.000,9999.000,9999.000,9999.000,9999.000,9999.000,9999.000,9999.000
202608131742,   0.041,9999.000,9999.000,9999.000,9999.000,9999.000,9999.000,9999.000,9999.000
202608131748,   0.028,9999.000,9999.000,9999.000,9999.000,9999.000,9999.000,9999.000,9999.000
202608131754,   0.016,9999.000,9999.000,9999.000,9999.000,9999.000,9999.000,9999.000,9999.000
202608131800,   0.004,9999.000,   0.400,  -0.178,   0.226,   0.300,   0.126,   0.500,   0.326
202608131806,  -0.005,9999.000,9999.000,9999.000,9999.000,9999.000,9999.000,9999.000,9999.000
202608131812,  -0.015,9999.000,9999.000,9999.000,9999.000,9999.000,9999.000,9999.000,9999.000
202608131818,  -0.023,9999.000,9999.000,9999.000,9999.000,9999.000,9999.000,9999.000,9999.000
202608131824,  -0.031,9999.000,9999.000,9999.000,9999.000,9999.000,9999.000,9999.000,9999.000
202608131830,  -0.038,9999.000,9999.000,9999.000,9999.000,9999.000,9999.000,9999.000,9999.000
202608131836,  -0.044,9999.000,9999.000,9999.000,9999.000,9999.000,9999.000,9999.000,9999.000
202608131842,  -0.049,9999.000,9999.000,9999.000,9999.000,9999.000,9999.000,9999.000,9999.000
202608131848,  -0.054,9999.000,9999.000,9999.000,9999.000,9999.000,9999.000,9999.000,9999.000
202608131854,  -0.057,9999.000,9999.000,9999.000,9999.000,9999.000,9999.000,9999.000,9999.000
202608131900,  -0.060,9999.000,   0.400,  -0.178,   0.162,   0.300,   0.062,   0.500,   0.262
202608131906,  -0.061,9999.000,9999.000,9999.000,9999.000,9999.000,9999.000,9999.000,9999.000
202608131912,  -0.061,9999.000,9999.000,9999.000,9999.000,9999.000,9999.000,9999.000,9999.000
202608131918,  -0.061,9999.000,9999.000,9999.000,9999.000,9999.000,9999.000,9999.000,9999.000
202608131924,  -0.059,9999.000,9999.000,9999.000,9999.000,9999.000,9999.000,9999.000,9999.000
202608131930,  -0.056,9999.000,9999.000,9999.000,9999.000,9999.000,9999.000,9999.000,9999.000
202608131936,  -0.052,9999.000,9999.000,9999.000,9999.000,9999.000,9999.000,9999.000,9999.000
202608131942,  -0.046,9999.000,9999.000,9999.000,9999.000,9999.000,9999.000,9999.000,9999.000
202608131948,  -0.039,9999.000,9999.000,9999.000,9999.000,9999.000,9999.000,9999.000,9999.000
202608131954,  -0.030,9999.000,9999.000,9999.000,9999.000,9999.000,9999.000,9999.000,9999.000
202608132000,  -0.020,9999.000,   0.400,  -0.178,   0.202,   0.300,   0.102,   0.500,   0.302
202608132006,  -0.009,9999.000,9999.000,9999.000,9999.000,9999.000,9999.000,9999.000,9999.000
202608132012,   0.003,9999.000,9999.000,9999.000,9999.000,9999.000,9999.000,9999.000,9999.000
202608132018,   0.018,9999.000,9999.000,9999.000,9999.000,9999.000,9999.000,9999.000,9999.000
202608132024,   0.035,9999.000,9999.000,9999.000,9999.000,9999.000,9999.000,9999.000,9999.000
202608132030,   0.053,9999.000,9999.000,9999.000,9999.000,9999.000,9999.000,9999.000,9999.000
202608132036,   0.073,9999.000,9999.000,9999.000,9999.000,9999.000,9999.000,9999.000,9999.000
202608132042,   0.094,9999.000,9999.000,9999.000,9999.000,9999.000,9999.000,9999.000,9999.000
202608132048,   0.117,9999.000,9999.000,9999.000,9999.000,9999.000,9999.000,9999.000,9999.000
202608132054,   0.142,9999.000,9999.000,9999.000,9999.000,9999.000,9999.000,9999.000,9999.000
202608132100,   0.168,9999.000,   0.400,  -0.178,   0.390,   0.300,   0.290,   0.500,   0.490
202608132106,   0.196,9999.000,9999.000,9999.000,9999.000,9999.000,9999.000,9999.000,9999.000
202608132112,   0.225,9999.000,9999.000,9999.000,9999.000,9999.000,9999.000,9999.000,9999.000
202608132118,   0.255,9999.000,9999.000,9999.000,9999.000,9999.000,9999.000,9999.000,9999.000
202608132124,   0.287,9999.000,9999.000,9999.000,9999.000,9999.000,9999.000,9999.000,9999.000
202608132130,   0.320,9999.000,9999.000,9999.000,9999.000,9999.000,9999.000,9999.000,9999.000
202608132136,   0.354,9999.000,9999.000,9999.000,9999.000,9999.000,9999.000,9999.000,9999.000
202608132142,   0.388,9999.000,9999.000,9999.000,9999.000,9999.000,9999.000,9999.000,9999.000
202608132148,   0.424,9999.000,9999.000,9999.000,9999.000,9999.000,9999.000,9999.000,9999.000
202608132154,   0.460,9999.000,9999.000,9999.000,9999.000,9999.000,9999.000,9999.000,9999.000
202608132200,   0.496,9999.000,   0.400,  -0.178,   0.718,   0.300,   0.618,   0.500,   0.818
202608132206,   0.533,9999.000,9999.000,9999.000,9999.000,9999.000,9999.000,9999.000,9999.000
202608132212,   0.570,9999.000,9999.000,9999.000,9999.000,9999.000,9999.000,9999.000,9999.000
202608132218,   0.607,9999.000,9999.000,9999.000,9999.000,9999.000,9999.000,9999.000,9999.000
202608132224,   0.644,9999.000,9999.000,9999.000,9999.000,9999.000,9999.000,9999.000,9999.000
202608132230,   0.680,9999.000,9999.000,9999.000,9999.000,9999.000,9999.000,9999.000,9999.000
202608132236,   0.716,9999.000,9999.000,9999.000,9999.000,9999.000,9999.000,9999.000,9999.000
202608132242,   0.751,9999.000,9999.000,9999.000,9999.000,9999.000,9999.000,9999.000,9999.000
202608132248,   0.786,9999.000,9999.000,9999.000,9999.000,9999.000,9999.000,9999.000,9999.000
202608132254,   0.820,9999.000,9999.000,9999.000,9999.000,9999.000,9999.000,9999.000,9999.000
202608132300,   0.852,9999.000,   0.400,  -0.178,   1.074,   0.300,   0.974,   0.500,   1.174
202608132306,   0.884,9999.000,9999.000,9999.000,9999.000,9999.000,9999.000,9999.000,9999.000
202608132312,   0.915,9999.000,9999.000,9999.000,9999.000,9999.000,9999.000,9999.000,9999.000
202608132318,   0.944,9999.000,9999.000,9999.000,9999.000,9999.000,9999.000,9999.000,9999.000
202608132324,   0.972,9999.000,9999.000,9999.000,9999.000,9999.000,9999.000,9999.000,9999.000
202608132330,   0.998,9999.000,9999.000,9999.000,9999.000,9999.000,9999.000,9999.000,9999.000
202608132336,   1.023,9999.000,9999.000,9999.000,9999.000,9999.000,9999.000,9999.000,9999.000
202608132342,   1.047,9999.000,9999.000,9999.000,9999.000,9999.000,9999.000,9999.000,9999.000
202608132348,   1.069,9999.000,9999.000,9999.000,9999.000,9999.000,9999.000,9999.000,9999.000
202608132354,   1.089,9999.000,9999.000,9999.000,9999.000,9999.000,9999.000,9999.000,9999.000
202608140000,   1.108,9999.000,   0.400,  -0.178,   1.330,   0.300,   1.230,   0.500,   1.430
