        TIME,    TIDE,      OB,   SURGE,    BIAS,     TWL,SURGE90p,  TWL90p,SURGE10p,   TWL10p
202603181800,  -0.371,  -0.200,  -0.500,   0.671,  -0.200,  -0.500,  -0.200,  -0.400,  -0.100
202603181806,  -0.400,  -0.268,9999.000,9999.000,9999.000,9999.000,9999.000,9999.000,9999.000
202603181812,  -0.422,  -0.331,9999.000,9999.000,9999.000,9999.000,9999.000,9999.000,9999.000
202603181818,  -0.438,  -0.409,9999.000,9999.000,9999.000,9999.000,9999.000,9999.000,9999.000
202603181824,  -0.445,  -0.439,9999.000,9999.000,9999.000,9999.000,9999.000,9999.000,9999.000
202603181830,  -0.445,  -0.478,9999.000,9999.000,9999.000,9999.000,9999.000,9999.000,9999.000
202603181836,  -0.437,  -0.498,9999.000,9999.000,9999.000,9999.000,9999.000,9999.000,9999.000
202603181842,  -0.421,  -0.498,9999.000,9999.000,9999.000,9999.000,9999.000,9999.000,9999.000
202603181848,  -0.396,  -0.541,9999.000,9999.000,9999.000,9999.000,9999.000,9999.000,9999.000
202603181854,  -0.362,  -0.508,9999.000,9999.000,9999.000,9999.000,9999.000,9999.000,9999.000
202603181900,  -0.320,  -0.478,  -0.500,   0.342,  -0.478,  -0.500,  -0.478,  -0.400,  -0.378
202603181906,  -0.269,  -0.439,9999.000,9999.000,9999.000,9999.000,9999.000,9999.000,9999.000
202603181912,  -0.208,  -0.390,9999.000,9999.000,9999.000,9999.000,9999.000,9999.000,9999.000
202603181918,  -0.139,  -0.321,9999.000,9999.000,9999.000,9999.000,9999.000,9999.000,9999.000
202603181924,  -0.060,  -0.268,9999.000,9999.000,9999.000,9999.000,9999.000,9999.000,9999.000
202603181930,   0.026,  -0.180,9999.000,9999.000,9999.000,9999.000,9999.000,9999.000,9999.000
202603181936,   0.121,  -0.078,9999.000,9999.000,9999.000,9999.000,9999.000,9999.000,9999.000
202603181942,   0.225,   0.019,9999.000,9999.000,9999.000,9999.000,9999.000,9999.000,9999.000
202603181948,   0.337,   0.131,9999.000,9999.000,9999.000,9999.000,9999.000,9999.000,9999.000
202603181954,   0.456,   0.229,9999.000,9999.000,9999.000,9999.000,9999.000,9999.000,9999.000
202603182000,   0.582,   0.341,  -0.400,   0.159,   0.341,  -0.500,   0.241,  -0.400,   0.341
202603182006,   0.714,   0.449,9999.000,9999.000,9999.000,9999.000,9999.000,9999.000,9999.000
202603182012,   0.852,   0.570,9999.000,9999.000,9999.000,9999.000,9999.000,9999.000,9999.000
202603182018,   0.995,   0.678,9999.000,9999.000,9999.000,9999.000,9999.000,9999.000,9999.000
202603182024,   1.143,   0.790,9999.000,9999.000,9999.000,9999.000,9999.000,9999.000,9999.000
202603182030,   1.294,   0.898,9999.000,9999.000,9999.000,9999.000,9999.000,9999.000,9999.000
202603182036,   1.448,   0.990,9999.000,9999.000,9999.000,9999.000,9999.000,9999.000,9999.000
202603182042,   1.604,   1.118,9999.000,9999.000,9999.000,9999.000,9999.000,9999.000,9999.000
202603182048,   1.761,   1.220,9999.000,9999.000,9999.000,9999.000,9999.000,9999.000,9999.000
202603182054,   1.919,   1.338,9999.000,9999.000,9999.000,9999.000,9999.000,9999.000,9999.000
202603182100,   2.077,   1.439,  -0.400,  -0.238,   1.439,  -0.500,   1.339,  -0.400,   1.439
202603182106,   2.235,   1.557,9999.000,9999.000,9999.000,9999.000,9999.000,9999.000,9999.000
202603182112,   2.391,   1.669,9999.000,9999.000,9999.000,9999.000,9999.000,9999.000,9999.000
202603182118,   2.545,   1.790,9999.000,9999.000,9999.000,9999.000,9999.000,9999.000,9999.000
202603182124,   2.696,   1.899,9999.000,9999.000,9999.000,9999.000,9999.000,9999.000,9999.000
202603182130,   2.845,   2.010,9999.000,9999.000,9999.000,9999.000,9999.000,9999.000,9999.000
202603182136,   2.990,   2.138,9999.000,9999.000,9999.000,9999.000,9999.000,9999.000,9999.000
202603182142,   3.131,   2.250,9999.000,9999.000,9999.000,9999.000,9999.000,9999.000,9999.000
202603182148,   3.269,   2.377,9999.000,9999.000,9999.000,9999.000,9999.000,9999.000,9999.000
202603182154,   3.403,   2.519,9999.000,9999.000,9999.000,9999.000,9999.000,9999.000,9999.000
202603182200,   3.532,   2.660,  -0.400,  -0.472,   2.660,  -0.400,   2.660,  -0.400,   2.660
202603182206,   3.657,   2.787,9999.000,9999.000,9999.000,9999.000,9999.000,9999.000,9999.000
202603182212,   3.778,   2.909,9999.000,9999.000,9999.000,9999.000,9999.000,9999.000,9999.000
202603182218,   3.894,   3.060,9999.000,9999.000,9999.000,9999.000,9999.000,9999.000,9999.000
202603182224,   4.005,   3.188,9999.000,9999.000,9999.000,9999.000,9999.000,9999.000,9999.000
202603182230,   4.112,   3.309,9999.000,9999.000,9999.000,9999.000,9999.000,9999.000,9999.000
202603182236,   4.214,   3.427,9999.000,9999.000,9999.000,9999.000,9999.000,9999.000,9999.000
202603182242,   4.312,   3.568,9999.000,9999.000,9999.000,9999.000,9999.000,9999.000,9999.000
202603182248,   4.405,   3.680,9999.000,9999.000,9999.000,9999.000,9999.000,9999.000,9999.000
202603182254,   4.493,   3.808,9999.000,9999.000,9999.000,9999.000,9999.000,9999.000,9999.000
202603182300,   4.577,   3.929,  -0.400,  -0.248,   3.929,  -0.400,   3.929,  -0.400,   3.929
202603182306,   4.655,   4.057,9999.000,9999.000,9999.000,9999.000,9999.000,9999.000,9999.000
202603182312,   4.729,   4.159,9999.000,9999.000,9999.000,9999.000,9999.000,9999.000,9999.000
202603182318,   4.797,   4.267,9999.000,9999.000,9999.000,9999.000,9999.000,9999.000,9999.000
202603182324,   4.860,   4.378,9999.000,9999.000,9999.000,9999.000,9999.000,9999.000,9999.000
202603182330,   4.916,   4.490,9999.000,9999.000,9999.000,9999.000,9999.000,9999.000,9999.000
202603182336,   4.967,   4.559,9999.000,9999.000,9999.000,9999.000,9999.000,9999.000,9999.000
202603182342,   5.011,   4.657,9999.000,9999.000,9999.000,9999.000,9999.000,9999.000,9999.000
202603182348,   5.049,   4.739,9999.000,9999.000,9999.000,9999.000,9999.000,9999.000,9999.000
202603182354,   5.080,   4.828,9999.000,9999.000,9999.000,9999.000,9999.000,9999.000,9999.000
202603190000,   5.103,   4.910,  -0.300,   0.107,   4.910,  -0.400,   4.810,  -0.300,   4.910
202603190006,   5.119,   4.959,9999.000,9999.000,9999.000,9999.000,9999.000,9999.000,9999.000
202603190012,   5.126,   5.018,9999.000,9999.000,9999.000,9999.000,9999.000,9999.000,9999.000
202603190018,   5.126,   5.057,9999.000,9999.000,9999.000,9999.000,9999.000,9999.000,9999.000
202603190024,   5.117,   5.110,9999.000,9999.000,9999.000,9999.000,9999.000,9999.000,9999.000
202603190030,   5.100,   5.139,9999.000,9999.000,9999.000,9999.000,9999.000,9999.000,9999.000
202603190036,   5.074,   5.159,9999.000,9999.000,9999.000,9999.000,9999.000,9999.000,9999.000
202603190042,   5.040,   5.179,9999.000,9999.000,9999.000,9999.000,9999.000,9999.000,9999.000
202603190048,   4.997,   5.188,9999.000,9999.000,9999.000,9999.000,9999.000,9999.000,9999.000
202603190054,   4.946,   5.198,9999.000,9999.000,9999.000,9999.000,9999.000,9999.000,9999.000
202603190100,   4.886,   5.188,  -0.300,   0.602,   5.188,  -0.300,   5.188,  -0.300,   5.188
202603190106,   4.819,   5.169,9999.000,9999.000,9999.000,9999.000,9999.000,9999.000,9999.000
202603190112,   4.744,   5.139,9999.000,9999.000,9999.000,9999.000,9999.000,9999.000,9999.000
202603190118,   4.662,   5.097,9999.000,9999.000,9999.000,9999.000,9999.000,9999.000,9999.000
202603190124,   4.574,   5.047,9999.000,9999.000,9999.000,9999.000,9999.000,9999.000,9999.000
202603190130,   4.479,   4.988,9999.000,9999.000,9999.000,9999.000,9999.000,9999.000,9999.000
202603190136,   4.379,   4.910,9999.000,9999.000,9999.000,9999.000,9999.000,9999.000,9999.000
202603190142,   4.273,   4.818,9999.000,9999.000,9999.000,9999.000,9999.000,9999.000,9999.000
202603190148,   4.163,   4.729,9999.000,9999.000,9999.000,9999.000,9999.000,9999.000,9999.000
202603190154,   4.049,   4.608,9999.000,9999.000,9999.000,9999.000,9999.000,9999.000,9999.000
202603190200,   3.932,   4.500,  -0.300,   0.868,   4.500,  -0.300,   4.500,  -0.200,   4.600
202603190206,   3.812,   4.359,9999.000,9999.000,9999.000,9999.000,9999.000,9999.000,9999.000
202603190212,   3.690,   4.218,9999.000,9999.000,9999.000,9999.000,9999.000,9999.000,9999.000
202603190218,   3.566,   4.090,9999.000,9999.000,9999.000,9999.000,9999.000,9999.000,9999.000
202603190224,   3.441,   3.949,9999.000,9999.000,9999.000,9999.000,9999.000,9999.000,9999.000
202603190230,   3.315,   3.808,9999.000,9999.000,9999.000,9999.000,9999.000,9999.000,9999.000
202603190236,   3.189,   3.670,9999.000,9999.000,9999.000,9999.000,9999.000,9999.000,9999.000
202603190242,   3.063,   3.539,9999.000,9999.000,9999.000,9999.000,9999.000,9999.000,9999.000
202603190248,   2.937,   3.417,9999.000,9999.000,9999.000,9999.000,9999.000,9999.000,9999.000
202603190254,   2.811,   3.279,9999.000,9999.000,9999.000,9999.000,9999.000,9999.000,9999.000
202603190300,   2.686,   3.158,  -0.300,   0.772,   3.158,  -0.300,   3.158,  -0.200,   3.258
202603190306,   2.562,   3.030,9999.000,9999.000,9999.000,9999.000,9999.000,9999.000,9999.000
202603190312,   2.439,   2.919,9999.000,9999.000,9999.000,9999.000,9999.000,9999.000,9999.000
202603190318,   2.317,   2.787,9999.000,9999.000,9999.000,9999.000,9999.000,9999.000,9999.000
202603190324,   2.195,   2.660,9999.000,9999.000,9999.000,9999.000,9999.000,9999.000,9999.000
202603190330,   2.075,   2.538,9999.000,9999.000,9999.000,9999.000,9999.000,9999.000,9999.000
202603190336,   1.956,   2.430,9999.000,9999.000,9999.000,9999.000,9999.000,9999.000,9999.000
202603190342,   1.838,   2.309,9999.000,9999.000,9999.000,9999.000,9999.000,9999.000,9999.000
202603190348,   1.721,   2.191,9999.000,9999.000,9999.000,9999.000,9999.000,9999.000,9999.000
202603190354,   1.605,   2.069,9999.000,9999.000,9999.000,9999.000,9999.000,9999.000,9999.000
202603190400,   1.491,   1.948,  -0.200,   0.657,   1.948,  -0.300,   1.848,  -0.200,   1.948
202603190406,   1.377,   1.840,9999.000,9999.000,9999.000,9999.000,9999.000,9999.000,9999.000
202603190412,   1.265,   1.738,9999.000,9999.000,9999.000,9999.000,9999.000,9999.000,9999.000
202603190418,   1.153,   1.639,9999.000,9999.000,9999.000,9999.000,9999.000,9999.000,9999.000
202603190424,   1.043,   1.538,9999.000,9999.000,9999.000,9999.000,9999.000,9999.000,9999.000
202603190430,   0.935,   1.439,9999.000,9999.000,9999.000,9999.000,9999.000,9999.000,9999.000
202603190436,   0.828,   1.338,9999.000,9999.000,9999.000,9999.000,9999.000,9999.000,9999.000
202603190442,   0.723,   1.239,9999.000,9999.000,9999.000,9999.000,9999.000,9999.000,9999.000
202603190448,   0.619,   1.138,9999.000,9999.000,9999.000,9999.000,9999.000,9999.000,9999.000
202603190454,   0.518,   1.049,9999.000,9999.000,9999.000,9999.000,9999.000,9999.000,9999.000
202603190500,   0.418,   0.970,  -0.200,   0.752,   0.970,  -0.200,   0.970,  -0.100,   1.070
202603190506,   0.322,   0.869,9999.000,9999.000,9999.000,9999.000,9999.000,9999.000,9999.000
202603190512,   0.228,   0.770,9999.000,9999.000,9999.000,9999.000,9999.000,9999.000,9999.000
202603190518,   0.137,   0.678,9999.000,9999.000,9999.000,9999.000,9999.000,9999.000,9999.000
202603190524,   0.049,   0.590,9999.000,9999.000,9999.000,9999.000,9999.000,9999.000,9999.000
202603190530,  -0.035,   0.508,9999.000,9999.000,9999.000,9999.000,9999.000,9999.000,9999.000
202603190536,  -0.115,   0.419,9999.000,9999.000,9999.000,9999.000,9999.000,9999.000,9999.000
202603190542,  -0.192,   0.341,9999.000,9999.000,9999.000,9999.000,9999.000,9999.000,9999.000
202603190548,  -0.264,   0.259,9999.000,9999.000,9999.000,9999.000,9999.000,9999.000,9999.000
202603190554,  -0.331,   0.180,9999.000,9999.000,9999.000,9999.000,9999.000,9999.000,9999.000
202603190600,  -0.393,   0.111,   0.000,   0.504,   0.111,  -0.100,   0.011,   0.000,   0.111
202603190606,  -0.450,   0.029,9999.000,9999.000,9999.000,9999.000,9999.000,9999.000,9999.000
202603190612,  -0.501,  -0.029,9999.000,9999.000,9999.000,9999.000,9999.000,9999.000,9999.000
202603190618,  -0.546,  -0.098,9999.000,9999.000,9999.000,9999.000,9999.000,9999.000,9999.000
202603190624,  -0.585,  -0.141,9999.000,9999.000,9999.000,9999.000,9999.000,9999.000,9999.000
202603190630,  -0.617,  -0.180,9999.000,9999.000,9999.000,9999.000,9999.000,9999.000,9999.000
202603190636,  -0.642,  -0.229,9999.000,9999.000,9999.000,9999.000,9999.000,9999.000,9999.000
202603190642,  -0.660,  -0.268,9999.000,9999.000,9999.000,9999.000,9999.000,9999.000,9999.000
202603190648,  -0.670,  -0.298,9999.000,9999.000,9999.000,9999.000,9999.000,9999.000,9999.000
202603190654,  -0.673,  -0.321,9999.000,9999.000,9999.000,9999.000,9999.000,9999.000,9999.000
202603190700,  -0.667,  -0.331,   0.000,   0.336,  -0.331,   0.000,  -0.331,   0.000,  -0.331
202603190706,  -0.652,  -0.331,9999.000,9999.000,9999.000,9999.000,9999.000,9999.000,9999.000
202603190712,  -0.629,  -0.331,9999.000,9999.000,9999.000,9999.000,9999.000,9999.000,9999.000
202603190718,  -0.597,  -0.298,9999.000,9999.000,9999.000,9999.000,9999.000,9999.000,9999.000
202603190724,  -0.556,  -0.259,9999.000,9999.000,9999.000,9999.000,9999.000,9999.000,9999.000
202603190730,  -0.505,  -0.200,9999.000,9999.000,9999.000,9999.000,9999.000,9999.000,9999.000
202603190736,  -0.446,  -0.141,9999.000,9999.000,9999.000,9999.000,9999.000,9999.000,9999.000
202603190742,  -0.377,  -0.068,9999.000,9999.000,9999.000,9999.000,9999.000,9999.000,9999.000
202603190748,  -0.300,   0.029,9999.000,9999.000,9999.000,9999.000,9999.000,9999.000,9999.000
202603190754,  -0.213,   0.111,9999.000,9999.000,9999.000,9999.000,9999.000,9999.000,9999.000
202603190800,  -0.118,   0.229,   0.000,   0.347,   0.229,   0.000,   0.229,   0.000,   0.229
202603190806,  -0.014,   0.321,9999.000,9999.000,9999.000,9999.000,9999.000,9999.000,9999.000
202603190812,   0.096,   0.439,9999.000,9999.000,9999.000,9999.000,9999.000,9999.000,9999.000
202603190818,   0.215,   0.560,9999.000,9999.000,9999.000,9999.000,9999.000,9999.000,9999.000
202603190824,   0.341,   0.659,9999.000,9999.000,9999.000,9999.000,9999.000,9999.000,9999.000
202603190830,   0.474,   0.780,9999.000,9999.000,9999.000,9999.000,9999.000,9999.000,9999.000
202603190836,   0.612,   0.888,9999.000,9999.000,9999.000,9999.000,9999.000,9999.000,9999.000
202603190842,   0.756,   1.010,9999.000,9999.000,9999.000,9999.000,9999.000,9999.000,9999.000
202603190848,   0.904,   1.138,9999.000,9999.000,9999.000,9999.000,9999.000,9999.000,9999.000
202603190854,   1.056,   1.259,9999.000,9999.000,9999.000,9999.000,9999.000,9999.000,9999.000
202603190900,   1.211,   1.380,   0.000,   0.169,   1.380,   0.000,   1.380,   0.000,   1.380
202603190906,   1.368,   1.508,9999.000,9999.000,9999.000,9999.000,9999.000,9999.000,9999.000
202603190912,   1.527,   1.630,9999.000,9999.000,9999.000,9999.000,9999.000,9999.000,9999.000
202603190918,   1.687,   1.748,9999.000,9999.000,9999.000,9999.000,9999.000,9999.000,9999.000
202603190924,   1.846,   1.879,9999.000,9999.000,9999.000,9999.000,9999.000,9999.000,9999.000
202603190930,   2.005,   2.000,9999.000,9999.000,9999.000,9999.000,9999.000,9999.000,9999.000
202603190936,   2.162,   2.128,9999.000,9999.000,9999.000,9999.000,9999.000,9999.000,9999.000
202603190942,   2.318,   2.250,9999.000,9999.000,9999.000,9999.000,9999.000,9999.000,9999.000
202603190948,   2.471,   2.377,9999.000,9999.000,9999.000,9999.000,9999.000,9999.000,9999.000
202603190954,   2.621,   2.499,9999.000,9999.000,9999.000,9999.000,9999.000,9999.000,9999.000
202603191000,   2.768,   2.630,   0.000,  -0.138,   2.630,   0.000,   2.630,   0.000,   2.630
202603191006,   2.912,   2.758,9999.000,9999.000,9999.000,9999.000,9999.000,9999.000,9999.000
202603191012,   3.051,   2.879,9999.000,9999.000,9999.000,9999.000,9999.000,9999.000,9999.000
202603191018,   3.186,   3.007,9999.000,9999.000,9999.000,9999.000,9999.000,9999.000,9999.000
202603191024,   3.317,   3.138,9999.000,9999.000,9999.000,9999.000,9999.000,9999.000,9999.000
202603191030,   3.444,   3.270,9999.000,9999.000,9999.000,9999.000,9999.000,9999.000,9999.000
202603191036,   3.566,   3.388,9999.000,9999.000,9999.000,9999.000,9999.000,9999.000,9999.000
202603191042,   3.684,   3.499,9999.000,9999.000,9999.000,9999.000,9999.000,9999.000,9999.000
202603191048,   3.797,   3.627,9999.000,9999.000,9999.000,9999.000,9999.000,9999.000,9999.000
202603191054,   3.905,   3.739,9999.000,9999.000,9999.000,9999.000,9999.000,9999.000,9999.000
202603191100,   4.009,   3.847,   0.000,  -0.162,   3.847,   0.000,   3.847,   0.000,   3.847
202603191106,   4.108,   3.958,9999.000,9999.000,9999.000,9999.000,9999.000,9999.000,9999.000
202603191112,   4.202,   4.070,9999.000,9999.000,9999.000,9999.000,9999.000,9999.000,9999.000
202603191118,   4.292,   4.198,9999.000,9999.000,9999.000,9999.000,9999.000,9999.000,9999.000
202603191124,   4.377,   4.309,9999.000,9999.000,9999.000,9999.000,9999.000,9999.000,9999.000
202603191130,   4.457,   4.408,9999.000,9999.000,9999.000,9999.000,9999.000,9999.000,9999.000
202603191136,   4.532,   4.509,9999.000,9999.000,9999.000,9999.000,9999.000,9999.000,9999.000
202603191142,   4.602,   4.618,9999.000,9999.000,9999.000,9999.000,9999.000,9999.000,9999.000
202603191148,   4.667,   4.710,9999.000,9999.000,9999.000,9999.000,9999.000,9999.000,9999.000
202603191154,   4.725,   4.778,9999.000,9999.000,9999.000,9999.000,9999.000,9999.000,9999.000
202603191200,   4.778,   4.857,   0.000,   0.079,   4.857,   0.000,   4.857,   0.100,   4.957
202603191206,   4.824,   4.929,9999.000,9999.000,9999.000,9999.000,9999.000,9999.000,9999.000
202603191212,   4.864,   4.988,9999.000,9999.000,9999.000,9999.000,9999.000,9999.000,9999.000
202603191218,   4.896,   5.038,9999.000,9999.000,9999.000,9999.000,9999.000,9999.000,9999.000
202603191224,   4.922,   5.087,9999.000,9999.000,9999.000,9999.000,9999.000,9999.000,9999.000
202603191230,   4.939,   5.129,9999.000,9999.000,9999.000,9999.000,9999.000,9999.000,9999.000
202603191236,   4.949,   5.159,9999.000,9999.000,9999.000,9999.000,9999.000,9999.000,9999.000
202603191242,   4.951,   5.188,9999.000,9999.000,9999.000,9999.000,9999.000,9999.000,9999.000
202603191248,   4.945,   5.218,9999.000,9999.000,9999.000,9999.000,9999.000,9999.000,9999.000
202603191254,   4.930,   5.228,9999.000,9999.000,9999.000,9999.000,9999.000,9999.000,9999.000
202603191300,   4.906,   5.238,   0.000,   0.332,   5.238,   0.000,   5.238,   0.100,   5.338
202603191306,   4.874,   5.238,9999.000,9999.000,9999.000,9999.000,9999.000,9999.000,9999.000
202603191312,   4.834,   5.247,9999.000,9999.000,9999.000,9999.000,9999.000,9999.000,9999.000
202603191318,   4.785,   5.247,9999.000,9999.000,9999.000,9999.000,9999.000,9999.000,9999.000
202603191324,   4.728,   5.218,9999.000,9999.000,9999.000,9999.000,9999.000,9999.000,9999.000
202603191330,   4.663,   5.198,9999.000,9999.000,9999.000,9999.000,9999.000,9999.000,9999.000
202603191336,   4.590,   5.169,9999.000,9999.000,9999.000,9999.000,9999.000,9999.000,9999.000
202603191342,   4.510,   5.129,9999.000,9999.000,9999.000,9999.000,9999.000,9999.000,9999.000
202603191348,   4.423,   5.077,9999.000,9999.000,9999.000,9999.000,9999.000,9999.000,9999.000
202603191354,   4.330,   5.018,9999.000,9999.000,9999.000,9999.000,9999.000,9999.000,9999.000
202603191400,   4.230,   4.949,   0.100,   0.619,   4.949,   0.000,   4.849,   0.100,   4.949
202603191406,   4.126,   4.867,9999.000,9999.000,9999.000,9999.000,9999.000,9999.000,9999.000
202603191412,   4.017,   4.788,9999.000,9999.000,9999.000,9999.000,9999.000,9999.000,9999.000
202603191418,   3.904,   4.690,9999.000,9999.000,9999.000,9999.000,9999.000,9999.000,9999.000
202603191424,   3.788,   4.569,9999.000,9999.000,9999.000,9999.000,9999.000,9999.000,9999.000
202603191430,   3.668,   4.447,9999.000,9999.000,9999.000,9999.000,9999.000,9999.000,9999.000
202603191436,   3.546,   4.329,9999.000,9999.000,9999.000,9999.000,9999.000,9999.000,9999.000
202603191442,   3.423,   4.198,9999.000,9999.000,9999.000,9999.000,9999.000,9999.000,9999.000
202603191448,   3.297,   4.070,9999.000,9999.000,9999.000,9999.000,9999.000,9999.000,9999.000
202603191454,   3.172,   3.939,9999.000,9999.000,9999.000,9999.000,9999.000,9999.000,9999.000
202603191500,   3.045,   3.817,   0.100,   0.672,   3.817,   0.100,   3.817,   0.100,   3.817
202603191506,   2.918,   3.699,9999.000,9999.000,9999.000,9999.000,9999.000,9999.000,9999.000
202603191512,   2.792,   3.568,9999.000,9999.000,9999.000,9999.000,9999.000,9999.000,9999.000
202603191518,   2.666,   3.450,9999.000,9999.000,9999.000,9999.000,9999.000,9999.000,9999.000
202603191524,   2.541,   3.319,9999.000,9999.000,9999.000,9999.000,9999.000,9999.000,9999.000
202603191530,   2.416,   3.207,9999.000,9999.000,9999.000,9999.000,9999.000,9999.000,9999.000
202603191536,   2.292,   3.089,9999.000,9999.000,9999.000,9999.000,9999.000,9999.000,9999.000
202603191542,   2.170,   2.948,9999.000,9999.000,9999.000,9999.000,9999.000,9999.000,9999.000
202603191548,   2.048,   2.830,9999.000,9999.000,9999.000,9999.000,9999.000,9999.000,9999.000
202603191554,   1.928,   2.719,9999.000,9999.000,9999.000,9999.000,9999.000,9999.000,9999.000
202603191600,   1.809,   2.587,   0.100,   0.678,   2.587,   0.100,   2.587,   0.100,   2.587
202603191606,   1.691,   2.479,9999.000,9999.000,9999.000,9999.000,9999.000,9999.000,9999.000
202603191612,   1.575,   2.358,9999.000,9999.000,9999.000,9999.000,9999.000,9999.000,9999.000
202603191618,   1.460,   2.250,9999.000,9999.000,9999.000,9999.000,9999.000,9999.000,9999.000
202603191624,   1.346,   2.128,9999.000,9999.000,9999.000,9999.000,9999.000,9999.000,9999.000
202603191630,   1.233,   2.010,9999.000,9999.000,9999.000,9999.000,9999.000,9999.000,9999.000
202603191636,   1.122,   1.889,9999.000,9999.000,9999.000,9999.000,9999.000,9999.000,9999.000
202603191642,   1.013,   1.781,9999.000,9999.000,9999.000,9999.000,9999.000,9999.000,9999.000
202603191648,   0.905,   1.669,9999.000,9999.000,9999.000,9999.000,9999.000,9999.000,9999.000
202603191654,   0.799,   1.557,9999.000,9999.000,9999.000,9999.000,9999.000,9999.000,9999.000
202603191700,   0.695,   1.439,   0.100,   0.644,   1.439,   0.100,   1.439,   0.100,   1.439
202603191706,   0.593,   1.318,9999.000,9999.000,9999.000,9999.000,9999.000,9999.000,9999.000
202603191712,   0.493,   1.210,9999.000,9999.000,9999.000,9999.000,9999.000,9999.000,9999.000
202603191718,   0.396,   1.098,9999.000,9999.000,9999.000,9999.000,9999.000,9999.000,9999.000
202603191724,   0.301,   0.990,9999.000,9999.000,9999.000,9999.000,9999.000,9999.000,9999.000
202603191730,   0.209,   0.888,9999.000,9999.000,9999.000,9999.000,9999.000,9999.000,9999.000
202603191736,   0.121,   0.780,9999.000,9999.000,9999.000,9999.000,9999.000,9999.000,9999.000
202603191742,   0.036,   0.678,9999.000,9999.000,9999.000,9999.000,9999.000,9999.000,9999.000
202603191748,  -0.045,   0.570,9999.000,9999.000,9999.000,9999.000,9999.000,9999.000,9999.000
202603191754,  -0.122,   0.469,9999.000,9999.000,9999.000,9999.000,9999.000,9999.000,9999.000
202603191800,  -0.195,   0.380,   0.200,   0.375,   0.380,   0.200,   0.380,   0.200,   0.380
202603191806,  -0.263,   0.288,9999.000,9999.000,9999.000,9999.000,9999.000,9999.000,9999.000
202603191812,  -0.327,   0.190,9999.000,9999.000,9999.000,9999.000,9999.000,9999.000,9999.000
202603191818,  -0.385,   0.098,9999.000,9999.000,9999.000,9999.000,9999.000,9999.000,9999.000
202603191824,  -0.437,   0.019,9999.000,9999.000,9999.000,9999.000,9999.000,9999.000,9999.000
202603191830,  -0.484,  -0.059,9999.000,9999.000,9999.000,9999.000,9999.000,9999.000,9999.000
202603191836,  -0.525,  -0.150,9999.000,9999.000,9999.000,9999.000,9999.000,9999.000,9999.000
202603191842,  -0.559,  -0.219,9999.000,9999.000,9999.000,9999.000,9999.000,9999.000,9999.000
202603191848,  -0.586,  -0.288,9999.000,9999.000,9999.000,9999.000,9999.000,9999.000,9999.000
202603191854,  -0.606,  -0.350,9999.000,9999.000,9999.000,9999.000,9999.000,9999.000,9999.000
202603191900,  -0.619,  -0.400,   0.200,   0.019,  -0.400,   0.200,  -0.400,   0.200,  -0.400
202603191906,  -0.624,  -0.439,9999.000,9999.000,9999.000,9999.000,9999.000,9999.000,9999.000
202603191912,  -0.621,  -0.478,9999.000,9999.000,9999.000,9999.000,9999.000,9999.000,9999.000
202603191918,  -0.609,  -0.498,9999.000,9999.000,9999.000,9999.000,9999.000,9999.000,9999.000
202603191924,  -0.589,  -0.508,9999.000,9999.000,9999.000,9999.000,9999.000,9999.000,9999.000
202603191930,  -0.560,  -0.518,9999.000,9999.000,9999.000,9999.000,9999.000,9999.000,9999.000
202603191936,  -0.523,  -0.488,9999.000,9999.000,9999.000,9999.000,9999.000,9999.000,9999.000
202603191942,  -0.476,  -0.449,9999.000,9999.000,9999.000,9999.000,9999.000,9999.000,9999.000
202603191948,  -0.420,  -0.390,9999.000,9999.000,9999.000,9999.000,9999.000,9999.000,9999.000
202603191954,  -0.354,  -0.321,9999.000,9999.000,9999.000,9999.000,9999.000,9999.000,9999.000
202603192000,  -0.280,  -0.219,   0.200,  -0.139,  -0.219,   0.200,  -0.219,   0.200,  -0.219
202603192006,  -0.196,  -0.121,9999.000,9999.000,9999.000,9999.000,9999.000,9999.000,9999.000
202603192012,  -0.103,   0.009,9999.000,9999.000,9999.000,9999.000,9999.000,9999.000,9999.000
202603192018,  -0.001,   0.131,9999.000,9999.000,9999.000,9999.000,9999.000,9999.000,9999.000
202603192024,   0.109,   0.249,9999.000,9999.000,9999.000,9999.000,9999.000,9999.000,9999.000
202603192030,   0.228,   0.380,9999.000,9999.000,9999.000,9999.000,9999.000,9999.000,9999.000
202603192036,   0.355,   0.498,9999.000,9999.000,9999.000,9999.000,9999.000,9999.000,9999.000
202603192042,   0.489,   0.629,9999.000,9999.000,9999.000,9999.000,9999.000,9999.000,9999.000
202603192048,   0.630,   0.741,9999.000,9999.000,9999.000,9999.000,9999.000,9999.000,9999.000
202603192054,   0.778,   0.869,9999.000,9999.000,9999.000,9999.000,9999.000,9999.000,9999.000
202603192100,   0.931,   0.990,   0.200,  -0.141,   0.990,   0.200,   0.990,   0.200,   0.990
202603192106,   1.089,   1.118,9999.000,9999.000,9999.000,9999.000,9999.000,9999.000,9999.000
202603192112,   1.252,   1.239,9999.000,9999.000,9999.000,9999.000,9999.000,9999.000,9999.000
202603192118,   1.418,   1.371,9999.000,9999.000,9999.000,9999.000,9999.000,9999.000,9999.000
202603192124,   1.586,   1.498,9999.000,9999.000,9999.000,9999.000,9999.000,9999.000,9999.000
202603192130,   1.757,   1.630,9999.000,9999.000,9999.000,9999.000,9999.000,9999.000,9999.000
202603192136,   1.928,   1.781,9999.000,9999.000,9999.000,9999.000,9999.000,9999.000,9999.000
202603192142,   2.100,   1.908,9999.000,9999.000,9999.000,9999.000,9999.000,9999.000,9999.000
202603192148,   2.271,   2.049,9999.000,9999.000,9999.000,9999.000,9999.000,9999.000,9999.000
202603192154,   2.441,   2.177,9999.000,9999.000,9999.000,9999.000,9999.000,9999.000,9999.000
202603192200,   2.609,   2.328,   0.300,  -0.581,   2.328,   0.200,   2.228,   0.300,   2.328
202603192206,   2.775,   2.469,9999.000,9999.000,9999.000,9999.000,9999.000,9999.000,9999.000
202603192212,   2.938,   2.620,9999.000,9999.000,9999.000,9999.000,9999.000,9999.000,9999.000
202603192218,   3.097,   2.768,9999.000,9999.000,9999.000,9999.000,9999.000,9999.000,9999.000
202603192224,   3.252,   2.919,9999.000,9999.000,9999.000,9999.000,9999.000,9999.000,9999.000
202603192230,   3.403,   3.070,9999.000,9999.000,9999.000,9999.000,9999.000,9999.000,9999.000
202603192236,   3.549,   3.217,9999.000,9999.000,9999.000,9999.000,9999.000,9999.000,9999.000
202603192242,   3.690,   3.368,9999.000,9999.000,9999.000,9999.000,9999.000,9999.000,9999.000
202603192248,   3.827,   3.519,9999.000,9999.000,9999.000,9999.000,9999.000,9999.000,9999.000
202603192254,   3.958,   3.660,9999.000,9999.000,9999.000,9999.000,9999.000,9999.000,9999.000
202603192300,   4.083,   3.788,   0.300,  -0.595,   3.788,   0.200,   3.688,   0.300,   3.788
202603192306,   4.204,   3.929,9999.000,9999.000,9999.000,9999.000,9999.000,9999.000,9999.000
202603192312,   4.319,   4.057,9999.000,9999.000,9999.000,9999.000,9999.000,9999.000,9999.000
202603192318,   4.429,   4.198,9999.000,9999.000,9999.000,9999.000,9999.000,9999.000,9999.000
202603192324,   4.533,   4.319,9999.000,9999.000,9999.000,9999.000,9999.000,9999.000,9999.000
202603192330,   4.632,   4.447,9999.000,9999.000,9999.000,9999.000,9999.000,9999.000,9999.000
202603192336,   4.726,   4.578,9999.000,9999.000,9999.000,9999.000,9999.000,9999.000,9999.000
202603192342,   4.814,   4.700,9999.000,9999.000,9999.000,9999.000,9999.000,9999.000,9999.000
202603192348,   4.897,   4.798,9999.000,9999.000,9999.000,9999.000,9999.000,9999.000,9999.000
202603192354,   4.975,   4.900,9999.000,9999.000,9999.000,9999.000,9999.000,9999.000,9999.000
202603200000,   5.046,   4.998,   0.300,  -0.348,   4.998,   0.300,   4.998,   0.300,   4.998
202603200006,   5.112,   5.077,9999.000,9999.000,9999.000,9999.000,9999.000,9999.000,9999.000
202603200012,   5.172,   5.159,9999.000,9999.000,9999.000,9999.000,9999.000,9999.000,9999.000
202603200018,   5.226,   5.218,9999.000,9999.000,9999.000,9999.000,9999.000,9999.000,9999.000
202603200024,   5.273,   5.287,9999.000,9999.000,9999.000,9999.000,9999.000,9999.000,9999.000
202603200030,   5.314,   5.359,9999.000,9999.000,9999.000,9999.000,9999.000,9999.000,9999.000
202603200036,   5.347,   5.408,9999.000,9999.000,9999.000,9999.000,9999.000,9999.000,9999.000
202603200042,   5.373,   5.448,9999.000,9999.000,9999.000,9999.000,9999.000,9999.000,9999.000
202603200048,   5.391,   5.487,9999.000,9999.000,9999.000,9999.000,9999.000,9999.000,9999.000
202603200054,   5.402,   5.516,9999.000,9999.000,9999.000,9999.000,9999.000,9999.000,9999.000
202603200100,   5.404,   5.549,   0.300,  -0.155,   5.549,   0.300,   5.549,   0.300,   5.549
202603200106,   5.398,   5.579,9999.000,9999.000,9999.000,9999.000,9999.000,9999.000,9999.000
202603200112,   5.383,   5.608,9999.000,9999.000,9999.000,9999.000,9999.000,9999.000,9999.000
202603200118,   5.360,   5.618,9999.000,9999.000,9999.000,9999.000,9999.000,9999.000,9999.000
202603200124,   5.328,   5.628,9999.000,9999.000,9999.000,9999.000,9999.000,9999.000,9999.000
202603200130,   5.287,   5.638,9999.000,9999.000,9999.000,9999.000,9999.000,9999.000,9999.000
202603200136,   5.237,   5.638,9999.000,9999.000,9999.000,9999.000,9999.000,9999.000,9999.000
202603200142,   5.179,   5.628,9999.000,9999.000,9999.000,9999.000,9999.000,9999.000,9999.000
202603200148,   5.112,   5.598,9999.000,9999.000,9999.000,9999.000,9999.000,9999.000,9999.000
202603200154,   5.037,   5.559,9999.000,9999.000,9999.000,9999.000,9999.000,9999.000,9999.000
202603200200,   4.954,   5.497,   0.300,   0.243,   5.497,   0.300,   5.497,   0.300,   5.497
202603200206,   4.863,   5.438,9999.000,9999.000,9999.000,9999.000,9999.000,9999.000,9999.000
202603200212,   4.766,   5.369,9999.000,9999.000,9999.000,9999.000,9999.000,9999.000,9999.000
202603200218,   4.662,   5.277,9999.000,9999.000,9999.000,9999.000,9999.000,9999.000,9999.000
202603200224,   4.552,   5.169,9999.000,9999.000,9999.000,9999.000,9999.000,9999.000,9999.000
202603200230,   4.436,   5.067,9999.000,9999.000,9999.000,9999.000,9999.000,9999.000,9999.000
202603200236,   4.316,   4.959,9999.000,9999.000,9999.000,9999.000,9999.000,9999.000,9999.000
202603200242,   4.192,   4.837,9999.000,9999.000,9999.000,9999.000,9999.000,9999.000,9999.000
202603200248,   4.064,   4.700,9999.000,9999.000,9999.000,9999.000,9999.000,9999.000,9999.000
202603200254,   3.932,   4.559,9999.000,9999.000,9999.000,9999.000,9999.000,9999.000,9999.000
202603200300,   3.799,   4.418,   0.300,   0.319,   4.418,   0.300,   4.418,   0.300,   4.418
202603200306,   3.663,   4.290,9999.000,9999.000,9999.000,9999.000,9999.000,9999.000,9999.000
202603200312,   3.526,   4.149,9999.000,9999.000,9999.000,9999.000,9999.000,9999.000,9999.000
202603200318,   3.388,   3.998,9999.000,9999.000,9999.000,9999.000,9999.000,9999.000,9999.000
202603200324,   3.250,   3.870,9999.000,9999.000,9999.000,9999.000,9999.000,9999.000,9999.000
202603200330,   3.111,   3.729,9999.000,9999.000,9999.000,9999.000,9999.000,9999.000,9999.000
202603200336,   2.973,   3.607,9999.000,9999.000,9999.000,9999.000,9999.000,9999.000,9999.000
202603200342,   2.835,   3.489,9999.000,9999.000,9999.000,9999.000,9999.000,9999.000,9999.000
202603200348,   2.697,   3.368,9999.000,9999.000,9999.000,9999.000,9999.000,9999.000,9999.000
202603200354,   2.561,   3.240,9999.000,9999.000,9999.000,9999.000,9999.000,9999.000,9999.000
202603200400,   2.426,   3.119,   0.300,   0.393,   3.119,   0.300,   3.119,   0.300,   3.119
202603200406,   2.291,   3.007,9999.000,9999.000,9999.000,9999.000,9999.000,9999.000,9999.000
202603200412,   2.158,   2.899,9999.000,9999.000,9999.000,9999.000,9999.000,9999.000,9999.000
202603200418,   2.027,   2.778,9999.000,9999.000,9999.000,9999.000,9999.000,9999.000,9999.000
202603200424,   1.896,   2.669,9999.000,9999.000,9999.000,9999.000,9999.000,9999.000,9999.000
202603200430,   1.767,   2.558,9999.000,9999.000,9999.000,9999.000,9999.000,9999.000,9999.000
202603200436,   1.640,   2.459,9999.000,9999.000,9999.000,9999.000,9999.000,9999.000,9999.000
202603200442,   1.514,   2.358,9999.000,9999.000,9999.000,9999.000,9999.000,9999.000,9999.000
202603200448,   1.389,   2.250,9999.000,9999.000,9999.000,9999.000,9999.000,9999.000,9999.000
202603200454,   1.266,   2.148,9999.000,9999.000,9999.000,9999.000,9999.000,9999.000,9999.000
202603200500,   1.144,   2.040,   0.300,   0.596,   2.040,   0.300,   2.040,   0.300,   2.040
202603200506,   1.025,   1.938,9999.000,9999.000,9999.000,9999.000,9999.000,9999.000,9999.000
202603200512,   0.907,   1.840,9999.000,9999.000,9999.000,9999.000,9999.000,9999.000,9999.000
202603200518,   0.791,   1.738,9999.000,9999.000,9999.000,9999.000,9999.000,9999.000,9999.000
202603200524,   0.677,   1.639,9999.000,9999.000,9999.000,9999.000,9999.000,9999.000,9999.000
202603200530,   0.565,   1.548,9999.000,9999.000,9999.000,9999.000,9999.000,9999.000,9999.000
202603200536,   0.456,   1.449,9999.000,9999.000,9999.000,9999.000,9999.000,9999.000,9999.000
202603200542,   0.349,   1.361,9999.000,9999.000,9999.000,9999.000,9999.000,9999.000,9999.000
202603200548,   0.245,   1.259,9999.000,9999.000,9999.000,9999.000,9999.000,9999.000,9999.000
202603200554,   0.144,   1.161,9999.000,9999.000,9999.000,9999.000,9999.000,9999.000,9999.000
202603200600,   0.046,   1.069,   0.300,   0.723,   1.069,   0.300,   1.069,   0.300,   1.069
202603200606,  -0.047,   0.970,9999.000,9999.000,9999.000,9999.000,9999.000,9999.000,9999.000
202603200612,  -0.137,   0.879,9999.000,9999.000,9999.000,9999.000,9999.000,9999.000,9999.000
202603200618,  -0.223,   0.790,9999.000,9999.000,9999.000,9999.000,9999.000,9999.000,9999.000
202603200624,  -0.304,   0.708,9999.000,9999.000,9999.000,9999.000,9999.000,9999.000,9999.000
202603200630,  -0.381,   0.619,9999.000,9999.000,9999.000,9999.000,9999.000,9999.000,9999.000
202603200636,  -0.453,   0.541,9999.000,9999.000,9999.000,9999.000,9999.000,9999.000,9999.000
202603200642,  -0.519,   0.459,9999.000,9999.000,9999.000,9999.000,9999.000,9999.000,9999.000
202603200648,  -0.580,   0.370,9999.000,9999.000,9999.000,9999.000,9999.000,9999.000,9999.000
202603200654,  -0.635,   0.298,9999.000,9999.000,9999.000,9999.000,9999.000,9999.000,9999.000
202603200700,  -0.684,   0.229,   0.300,   0.613,   0.229,   0.300,   0.229,   0.300,   0.229
202603200706,  -0.726,   0.160,9999.000,9999.000,9999.000,9999.000,9999.000,9999.000,9999.000
202603200712,  -0.761,   0.121,9999.000,9999.000,9999.000,9999.000,9999.000,9999.000,9999.000
202603200718,  -0.789,   0.049,9999.000,9999.000,9999.000,9999.000,9999.000,9999.000,9999.000
202603200724,  -0.809,   0.009,9999.000,9999.000,9999.000,9999.000,9999.000,9999.000,9999.000
202603200730,  -0.822,  -0.029,9999.000,9999.000,9999.000,9999.000,9999.000,9999.000,9999.000
202603200736,  -0.827,  -0.059,9999.000,9999.000,9999.000,9999.000,9999.000,9999.000,9999.000
202603200742,  -0.824,  -0.088,9999.000,9999.000,9999.000,9999.000,9999.000,9999.000,9999.000
202603200748,  -0.812,  -0.111,9999.000,9999.000,9999.000,9999.000,9999.000,9999.000,9999.000
202603200754,  -0.791,  -0.121,9999.000,9999.000,9999.000,9999.000,9999.000,9999.000,9999.000
202603200800,  -0.761,  -0.131,   0.300,   0.330,  -0.131,   0.300,  -0.131,   0.300,  -0.131
202603200806,  -0.722,  -0.131,9999.000,9999.000,9999.000,9999.000,9999.000,9999.000,9999.000
202603200812,  -0.674,  -0.088,9999.000,9999.000,9999.000,9999.000,9999.000,9999.000,9999.000
202603200818,  -0.617,  -0.049,9999.000,9999.000,9999.000,9999.000,9999.000,9999.000,9999.000
202603200824,  -0.550,   0.000,9999.000,9999.000,9999.000,9999.000,9999.000,9999.000,9999.000
202603200830,  -0.474,   0.049,9999.000,9999.000,9999.000,9999.000,9999.000,9999.000,9999.000
202603200836,  -0.389,   0.141,9999.000,9999.000,9999.000,9999.000,9999.000,9999.000,9999.000
202603200842,  -0.295,   0.249,9999.000,9999.000,9999.000,9999.000,9999.000,9999.000,9999.000
202603200848,  -0.193,   0.341,9999.000,9999.000,9999.000,9999.000,9999.000,9999.000,9999.000
202603200854,  -0.082,   0.459,9999.000,9999.000,9999.000,9999.000,9999.000,9999.000,9999.000
202603200900,   0.036,   0.570,   0.300,   0.234,   0.570,   0.300,   0.570,   0.300,   0.570
202603200906,   0.163,   0.678,9999.000,9999.000,9999.000,9999.000,9999.000,9999.000,9999.000
202603200912,   0.296,   0.810,9999.000,9999.000,9999.000,9999.000,9999.000,9999.000,9999.000
202603200918,   0.436,   0.908,9999.000,9999.000,9999.000,9999.000,9999.000,9999.000,9999.000
202603200924,   0.582,   1.020,9999.000,9999.000,9999.000,9999.000,9999.000,9999.000,9999.000
202603200930,   0.733,   1.128,9999.000,9999.000,9999.000,9999.000,9999.000,9999.000,9999.000
202603200936,   0.888,   1.249,9999.000,9999.000,9999.000,9999.000,9999.000,9999.000,9999.000
202603200942,   1.047,   1.361,9999.000,9999.000,9999.000,9999.000,9999.000,9999.000,9999.000
202603200948,   1.208,   1.489,9999.000,9999.000,9999.000,9999.000,9999.000,9999.000,9999.000
202603200954,   1.372,   1.610,9999.000,9999.000,9999.000,9999.000,9999.000,9999.000,9999.000
202603201000,   1.537,   1.748,   0.300,  -0.089,   1.748,   0.300,   1.748,   0.300,   1.748
202603201006,   1.702,   1.869,9999.000,9999.000,9999.000,9999.000,9999.000,9999.000,9999.000
202603201012,   1.867,   1.981,9999.000,9999.000,9999.000,9999.000,9999.000,9999.000,9999.000
202603201018,   2.031,   2.099,9999.000,9999.000,9999.000,9999.000,9999.000,9999.000,9999.000
202603201024,   2.194,   2.240,9999.000,9999.000,9999.000,9999.000,9999.000,9999.000,9999.000
202603201030,   2.354,   2.377,9999.000,9999.000,9999.000,9999.000,9999.000,9999.000,9999.000
202603201036,   2.511,   2.509,9999.000,9999.000,9999.000,9999.000,9999.000,9999.000,9999.000
202603201042,   2.665,   2.630,9999.000,9999.000,9999.000,9999.000,9999.000,9999.000,9999.000
202603201048,   2.816,   2.768,9999.000,9999.000,9999.000,9999.000,9999.000,9999.000,9999.000
202603201054,   2.962,   2.889,9999.000,9999.000,9999.000,9999.000,9999.000,9999.000,9999.000
202603201100,   3.104,   3.030,   0.300,  -0.374,   3.030,   0.300,   3.030,   0.300,   3.030
202603201106,   3.241,   3.158,9999.000,9999.000,9999.000,9999.000,9999.000,9999.000,9999.000
202603201112,   3.373,   3.289,9999.000,9999.000,9999.000,9999.000,9999.000,9999.000,9999.000
202603201118,   3.501,   3.417,9999.000,9999.000,9999.000,9999.000,9999.000,9999.000,9999.000
202603201124,   3.623,   3.548,9999.000,9999.000,9999.000,9999.000,9999.000,9999.000,9999.000
202603201130,   3.740,   3.680,9999.000,9999.000,9999.000,9999.000,9999.000,9999.000,9999.000
202603201136,   3.853,   3.808,9999.000,9999.000,9999.000,9999.000,9999.000,9999.000,9999.000
202603201142,   3.960,   3.929,9999.000,9999.000,9999.000,9999.000,9999.000,9999.000,9999.000
202603201148,   4.062,   4.057,9999.000,9999.000,9999.000,9999.000,9999.000,9999.000,9999.000
202603201154,   4.159,   4.178,9999.000,9999.000,9999.000,9999.000,9999.000,9999.000,9999.000
202603201200,   4.252,   4.300,   0.300,  -0.252,   4.300,   0.300,   4.300,   0.300,   4.300
202603201206,   4.339,   4.408,9999.000,9999.000,9999.000,9999.000,9999.000,9999.000,9999.000
202603201212,   4.421,   4.519,9999.000,9999.000,9999.000,9999.000,9999.000,9999.000,9999.000
202603201218,   4.498,   4.628,9999.000,9999.000,9999.000,9999.000,9999.000,9999.000,9999.000
202603201224,   4.569,   4.719,9999.000,9999.000,9999.000,9999.000,9999.000,9999.000,9999.000
202603201230,   4.635,   4.808,9999.000,9999.000,9999.000,9999.000,9999.000,9999.000,9999.000
202603201236,   4.696,   4.887,9999.000,9999.000,9999.000,9999.000,9999.000,9999.000,9999.000
202603201242,   4.750,   4.969,9999.000,9999.000,9999.000,9999.000,9999.000,9999.000,9999.000
202603201248,   4.799,   5.038,9999.000,9999.000,9999.000,9999.000,9999.000,9999.000,9999.000
202603201254,   4.841,   5.097,9999.000,9999.000,9999.000,9999.000,9999.000,9999.000,9999.000
202603201300,   4.877,   5.149,   0.300,  -0.028,   5.149,   0.300,   5.149,   0.300,   5.149
202603201306,   4.905,   5.208,9999.000,9999.000,9999.000,9999.000,9999.000,9999.000,9999.000
202603201312,   4.927,   5.257,9999.000,9999.000,9999.000,9999.000,9999.000,9999.000,9999.000
202603201318,   4.940,   5.297,9999.000,9999.000,9999.000,9999.000,9999.000,9999.000,9999.000
202603201324,   4.946,   5.320,9999.000,9999.000,9999.000,9999.000,9999.000,9999.000,9999.000
202603201330,   4.944,   5.359,9999.000,9999.000,9999.000,9999.000,9999.000,9999.000,9999.000
202603201336,   4.934,   5.389,9999.000,9999.000,9999.000,9999.000,9999.000,9999.000,9999.000
202603201342,   4.915,   5.408,9999.000,9999.000,9999.000,9999.000,9999.000,9999.000,9999.000
202603201348,   4.887,   5.408,9999.000,9999.000,9999.000,9999.000,9999.000,9999.000,9999.000
202603201354,   4.851,   5.418,9999.000,9999.000,9999.000,9999.000,9999.000,9999.000,9999.000
202603201400,   4.806,   5.408,   0.300,   0.302,   5.408,   0.300,   5.408,   0.300,   5.408
202603201406,   4.753,   5.389,9999.000,9999.000,9999.000,9999.000,9999.000,9999.000,9999.000
202603201412,   4.691,   5.369,9999.000,9999.000,9999.000,9999.000,9999.000,9999.000,9999.000
202603201418,   4.622,   5.339,9999.000,9999.000,9999.000,9999.000,9999.000,9999.000,9999.000
202603201424,   4.544,   5.297,9999.000,9999.000,9999.000,9999.000,9999.000,9999.000,9999.000
202603201430,   4.459,   5.247,9999.000,9999.000,9999.000,9999.000,9999.000,9999.000,9999.000
202603201436,   4.367,   5.149,9999.000,9999.000,9999.000,9999.000,9999.000,9999.000,9999.000
202603201442,   4.269,   5.110,9999.000,9999.000,9999.000,9999.000,9999.000,9999.000,9999.000
202603201448,   4.164,   5.018,9999.000,9999.000,9999.000,9999.000,9999.000,9999.000,9999.000
202603201454,   4.055,   4.900,9999.000,9999.000,9999.000,9999.000,9999.000,9999.000,9999.000
202603201500,   3.940,   4.778,   0.300,   0.538,   4.778,   0.300,   4.778,   0.300,   4.778
202603201506,   3.821,   4.637,9999.000,9999.000,9999.000,9999.000,9999.000,9999.000,9999.000
202603201512,   3.698,   4.509,9999.000,9999.000,9999.000,9999.000,9999.000,9999.000,9999.000
202603201518,   3.572,   4.378,9999.000,9999.000,9999.000,9999.000,9999.000,9999.000,9999.000
202603201524,   3.444,   4.227,9999.000,9999.000,9999.000,9999.000,9999.000,9999.000,9999.000
202603201530,   3.313,   4.090,9999.000,9999.000,9999.000,9999.000,9999.000,9999.000,9999.000
202603201536,   3.181,   3.939,9999.000,9999.000,9999.000,9999.000,9999.000,9999.000,9999.000
202603201542,   3.049,   3.808,9999.000,9999.000,9999.000,9999.000,9999.000,9999.000,9999.000
202603201548,   2.915,   3.670,9999.000,9999.000,9999.000,9999.000,9999.000,9999.000,9999.000
202603201554,   2.782,   3.529,9999.000,9999.000,9999.000,9999.000,9999.000,9999.000,9999.000
202603201600,   2.649,   3.407,   0.300,   0.458,   3.407,   0.300,   3.407,   0.300,   3.407
202603201606,   2.516,   3.279,9999.000,9999.000,9999.000,9999.000,9999.000,9999.000,9999.000
202603201612,   2.384,   3.148,9999.000,9999.000,9999.000,9999.000,9999.000,9999.000,9999.000
202603201618,   2.253,   3.030,9999.000,9999.000,9999.000,9999.000,9999.000,9999.000,9999.000
202603201624,   2.124,   2.919,9999.000,9999.000,9999.000,9999.000,9999.000,9999.000,9999.000
202603201630,   1.995,   2.807,9999.000,9999.000,9999.000,9999.000,9999.000,9999.000,9999.000
202603201636,   1.868,   2.689,9999.000,9999.000,9999.000,9999.000,9999.000,9999.000,9999.000
202603201642,   1.743,   2.558,9999.000,9999.000,9999.000,9999.000,9999.000,9999.000,9999.000
202603201648,   1.619,   2.459,9999.000,9999.000,9999.000,9999.000,9999.000,9999.000,9999.000
202603201654,   1.497,   2.338,9999.000,9999.000,9999.000,9999.000,9999.000,9999.000,9999.000
202603201700,   1.377,   2.220,   0.300,   0.543,   2.220,   0.300,   2.220,   0.300,   2.220
202603201706,   1.258,   2.109,9999.000,9999.000,9999.000,9999.000,9999.000,9999.000,9999.000
202603201712,   1.142,   1.990,9999.000,9999.000,9999.000,9999.000,9999.000,9999.000,9999.000
202603201718,   1.027,   1.879,9999.000,9999.000,9999.000,9999.000,9999.000,9999.000,9999.000
202603201724,   0.914,   1.758,9999.000,9999.000,9999.000,9999.000,9999.000,9999.000,9999.000
202603201730,   0.804,   1.659,9999.000,9999.000,9999.000,9999.000,9999.000,9999.000,9999.000
202603201736,   0.695,   1.557,9999.000,9999.000,9999.000,9999.000,9999.000,9999.000,9999.000
202603201742,   0.589,   1.459,9999.000,9999.000,9999.000,9999.000,9999.000,9999.000,9999.000
202603201748,   0.486,   1.361,9999.000,9999.000,9999.000,9999.000,9999.000,9999.000,9999.000
202603201754,   0.385,   1.249,9999.000,9999.000,9999.000,9999.000,9999.000,9999.000,9999.000
202603201800,   0.287,   1.161,   0.400,   0.474,   1.161,   0.300,   1.061,   0.400,   1.161
202603201806,   0.193,   1.059,9999.000,9999.000,9999.000,9999.000,9999.000,9999.000,9999.000
202603201812,   0.101,   0.970,9999.000,9999.000,9999.000,9999.000,9999.000,9999.000,9999.000
202603201818,   0.013,   0.869,9999.000,9999.000,9999.000,9999.000,9999.000,9999.000,9999.000
202603201824,  -0.070,   0.780,9999.000,9999.000,9999.000,9999.000,9999.000,9999.000,9999.000
202603201830,  -0.149,   0.688,9999.000,9999.000,9999.000,9999.000,9999.000,9999.000,9999.000
202603201836,  -0.225,   0.610,9999.000,9999.000,9999.000,9999.000,9999.000,9999.000,9999.000
202603201842,  -0.296,   0.518,9999.000,9999.000,9999.000,9999.000,9999.000,9999.000,9999.000
202603201848,  -0.362,   0.439,9999.000,9999.000,9999.000,9999.000,9999.000,9999.000,9999.000
202603201854,  -0.422,   0.370,9999.000,9999.000,9999.000,9999.000,9999.000,9999.000,9999.000
202603201900,  -0.478,   0.298,   0.400,   0.376,   0.298,   0.400,   0.298,   0.400,   0.298
202603201906,  -0.527,   0.229,9999.000,9999.000,9999.000,9999.000,9999.000,9999.000,9999.000
202603201912,  -0.570,   0.170,9999.000,9999.000,9999.000,9999.000,9999.000,9999.000,9999.000
202603201918,  -0.607,   0.111,9999.000,9999.000,9999.000,9999.000,9999.000,9999.000,9999.000
202603201924,  -0.638,   0.059,9999.000,9999.000,9999.000,9999.000,9999.000,9999.000,9999.000
202603201930,  -0.661,   0.039,9999.000,9999.000,9999.000,9999.000,9999.000,9999.000,9999.000
202603201936,  -0.677,   0.029,9999.000,9999.000,9999.000,9999.000,9999.000,9999.000,9999.000
202603201942,  -0.686,   0.019,9999.000,9999.000,9999.000,9999.000,9999.000,9999.000,9999.000
202603201948,  -0.687,   0.019,9999.000,9999.000,9999.000,9999.000,9999.000,9999.000,9999.000
202603201954,  -0.681,   0.049,9999.000,9999.000,9999.000,9999.000,9999.000,9999.000,9999.000
202603202000,  -0.665,   0.088,   0.400,   0.353,   0.088,   0.400,   0.088,   0.400,   0.088
202603202006,  -0.642,   0.141,9999.000,9999.000,9999.000,9999.000,9999.000,9999.000,9999.000
202603202012,  -0.610,   0.200,9999.000,9999.000,9999.000,9999.000,9999.000,9999.000,9999.000
202603202018,  -0.569,   0.268,9999.000,9999.000,9999.000,9999.000,9999.000,9999.000,9999.000
202603202024,  -0.519,   0.341,9999.000,9999.000,9999.000,9999.000,9999.000,9999.000,9999.000
202603202030,  -0.460,   0.419,9999.000,9999.000,9999.000,9999.000,9999.000,9999.000,9999.000
202603202036,  -0.392,   0.531,9999.000,9999.000,9999.000,9999.000,9999.000,9999.000,9999.000
202603202042,  -0.315,   0.639,9999.000,9999.000,9999.000,9999.000,9999.000,9999.000,9999.000
202603202048,  -0.228,   0.731,9999.000,9999.000,9999.000,9999.000,9999.000,9999.000,9999.000
202603202054,  -0.133,   0.849,9999.000,9999.000,9999.000,9999.000,9999.000,9999.000,9999.000
202603202100,  -0.029,   0.970,   0.500,   0.499,   0.970,   0.400,   0.870,   0.500,   0.970
202603202106,   0.083,   1.108,9999.000,9999.000,9999.000,9999.000,9999.000,9999.000,9999.000
202603202112,   0.205,   1.229,9999.000,9999.000,9999.000,9999.000,9999.000,9999.000,9999.000
202603202118,   0.334,   1.361,9999.000,9999.000,9999.000,9999.000,9999.000,9999.000,9999.000
202603202124,   0.471,   1.449,9999.000,9999.000,9999.000,9999.000,9999.000,9999.000,9999.000
202603202130,   0.615,   1.580,9999.000,9999.000,9999.000,9999.000,9999.000,9999.000,9999.000
202603202136,   0.765,   1.679,9999.000,9999.000,9999.000,9999.000,9999.000,9999.000,9999.000
202603202142,   0.922,   1.810,9999.000,9999.000,9999.000,9999.000,9999.000,9999.000,9999.000
202603202148,   1.084,   1.918,9999.000,9999.000,9999.000,9999.000,9999.000,9999.000,9999.000
202603202154,   1.250,   2.040,9999.000,9999.000,9999.000,9999.000,9999.000,9999.000,9999.000
202603202200,   1.420,   2.158,   0.500,   0.238,   2.158,   0.400,   2.058,   0.500,   2.158
202603202206,   1.594,   2.309,9999.000,9999.000,9999.000,9999.000,9999.000,9999.000,9999.000
202603202212,   1.769,   2.440,9999.000,9999.000,9999.000,9999.000,9999.000,9999.000,9999.000
202603202218,   1.946,   2.578,9999.000,9999.000,9999.000,9999.000,9999.000,9999.000,9999.000
202603202224,   2.123,   2.709,9999.000,9999.000,9999.000,9999.000,9999.000,9999.000,9999.000
202603202230,   2.301,   2.850,9999.000,9999.000,9999.000,9999.000,9999.000,9999.000,9999.000
202603202236,   2.477,   2.988,9999.000,9999.000,9999.000,9999.000,9999.000,9999.000,9999.000
202603202242,   2.651,   3.129,9999.000,9999.000,9999.000,9999.000,9999.000,9999.000,9999.000
202603202248,   2.824,   3.260,9999.000,9999.000,9999.000,9999.000,9999.000,9999.000,9999.000
202603202254,   2.993,   3.398,9999.000,9999.000,9999.000,9999.000,9999.000,9999.000,9999.000
202603202300,   3.158,   3.529,   0.500,  -0.129,   3.529,   0.500,   3.529,   0.500,   3.529
202603202306,   3.320,   3.660,9999.000,9999.000,9999.000,9999.000,9999.000,9999.000,9999.000
202603202312,   3.477,   3.788,9999.000,9999.000,9999.000,9999.000,9999.000,9999.000,9999.000
202603202318,   3.629,   3.909,9999.000,9999.000,9999.000,9999.000,9999.000,9999.000,9999.000
202603202324,   3.776,   4.037,9999.000,9999.000,9999.000,9999.000,9999.000,9999.000,9999.000
202603202330,   3.917,   4.178,9999.000,9999.000,9999.000,9999.000,9999.000,9999.000,9999.000
202603202336,   4.053,   4.319,9999.000,9999.000,9999.000,9999.000,9999.000,9999.000,9999.000
202603202342,   4.183,   4.437,9999.000,9999.000,9999.000,9999.000,9999.000,9999.000,9999.000
202603202348,   4.307,   4.559,9999.000,9999.000,9999.000,9999.000,9999.000,9999.000,9999.000
202603202354,   4.426,   4.690,9999.000,9999.000,9999.000,9999.000,9999.000,9999.000,9999.000
202603210000,   4.539,   4.788,   0.500,  -0.251,   4.788,   0.400,   4.688,   0.500,   4.788
202603210006,   4.645,   4.900,9999.000,9999.000,9999.000,9999.000,9999.000,9999.000,9999.000
202603210012,   4.747,   4.998,9999.000,9999.000,9999.000,9999.000,9999.000,9999.000,9999.000
202603210018,   4.842,   5.097,9999.000,9999.000,9999.000,9999.000,9999.000,9999.000,9999.000
202603210024,   4.932,   5.188,9999.000,9999.000,9999.000,9999.000,9999.000,9999.000,9999.000
202603210030,   5.016,   5.277,9999.000,9999.000,9999.000,9999.000,9999.000,9999.000,9999.000
202603210036,   5.094,   5.359,9999.000,9999.000,9999.000,9999.000,9999.000,9999.000,9999.000
202603210042,   5.167,   5.428,9999.000,9999.000,9999.000,9999.000,9999.000,9999.000,9999.000
202603210048,   5.233,   5.497,9999.000,9999.000,9999.000,9999.000,9999.000,9999.000,9999.000
202603210054,   5.294,   5.559,9999.000,9999.000,9999.000,9999.000,9999.000,9999.000,9999.000
202603210100,   5.349,   5.618,   0.500,  -0.231,   5.618,   0.400,   5.518,   0.500,   5.618
202603210106,   5.397,   5.677,9999.000,9999.000,9999.000,9999.000,9999.000,9999.000,9999.000
202603210112,   5.439,   5.730,9999.000,9999.000,9999.000,9999.000,9999.000,9999.000,9999.000
202603210118,   5.475,   5.779,9999.000,9999.000,9999.000,9999.000,9999.000,9999.000,9999.000
202603210124,   5.503,   5.828,9999.000,9999.000,9999.000,9999.000,9999.000,9999.000,9999.000
202603210130,   5.524,   5.867,9999.000,9999.000,9999.000,9999.000,9999.000,9999.000,9999.000
202603210136,   5.538,   5.897,9999.000,9999.000,9999.000,9999.000,9999.000,9999.000,9999.000
202603210142,   5.543,   5.926,9999.000,9999.000,9999.000,9999.000,9999.000,9999.000,9999.000
202603210148,   5.541,   5.940,9999.000,9999.000,9999.000,9999.000,9999.000,9999.000,9999.000
202603210154,   5.530,   5.949,9999.000,9999.000,9999.000,9999.000,9999.000,9999.000,9999.000
202603210200,   5.511,   5.959,   0.500,  -0.052,   5.959,   0.400,   5.859,   0.500,   5.959
202603210206,   5.483,   5.959,9999.000,9999.000,9999.000,9999.000,9999.000,9999.000,9999.000
202603210212,   5.447,   5.940,9999.000,9999.000,9999.000,9999.000,9999.000,9999.000,9999.000
202603210218,   5.401,   5.917,9999.000,9999.000,9999.000,9999.000,9999.000,9999.000,9999.000
202603210224,   5.347,   5.887,9999.000,9999.000,9999.000,9999.000,9999.000,9999.000,9999.000
202603210230,   5.284,   5.838,9999.000,9999.000,9999.000,9999.000,9999.000,9999.000,9999.000
202603210236,   5.213,   5.789,9999.000,9999.000,9999.000,9999.000,9999.000,9999.000,9999.000
202603210242,   5.134,   5.730,9999.000,9999.000,9999.000,9999.000,9999.000,9999.000,9999.000
202603210248,   5.046,   5.657,9999.000,9999.000,9999.000,9999.000,9999.000,9999.000,9999.000
202603210254,   4.951,   5.579,9999.000,9999.000,9999.000,9999.000,9999.000,9999.000,9999.000
202603210300,   4.849,   5.487,   0.500,   0.138,   5.487,   0.400,   5.387,   0.500,   5.487
202603210306,   4.740,   5.398,9999.000,9999.000,9999.000,9999.000,9999.000,9999.000,9999.000
202603210312,   4.625,   5.297,9999.000,9999.000,9999.000,9999.000,9999.000,9999.000,9999.000
202603210318,   4.504,   5.188,9999.000,9999.000,9999.000,9999.000,9999.000,9999.000,9999.000
202603210324,   4.378,   5.077,9999.000,9999.000,9999.000,9999.000,9999.000,9999.000,9999.000
202603210330,   4.248,   4.949,9999.000,9999.000,9999.000,9999.000,9999.000,9999.000,9999.000
202603210336,   4.114,   4.837,9999.000,9999.000,9999.000,9999.000,9999.000,9999.000,9999.000
202603210342,   3.976,   4.729,9999.000,9999.000,9999.000,9999.000,9999.000,9999.000,9999.000
202603210348,   3.836,   4.608,9999.000,9999.000,9999.000,9999.000,9999.000,9999.000,9999.000
202603210354,   3.694,   4.500,9999.000,9999.000,9999.000,9999.000,9999.000,9999.000,9999.000
202603210400,   3.551,   4.368,   0.500,   0.317,   4.368,   0.400,   4.268,   0.500,   4.368
202603210406,   3.406,   4.247,9999.000,9999.000,9999.000,9999.000,9999.000,9999.000,9999.000
202603210412,   3.261,   4.129,9999.000,9999.000,9999.000,9999.000,9999.000,9999.000,9999.000
202603210418,   3.116,   3.998,9999.000,9999.000,9999.000,9999.000,9999.000,9999.000,9999.000
202603210424,   2.971,   3.860,9999.000,9999.000,9999.000,9999.000,9999.000,9999.000,9999.000
202603210430,   2.826,   3.739,9999.000,9999.000,9999.000,9999.000,9999.000,9999.000,9999.000
202603210436,   2.682,   3.617,9999.000,9999.000,9999.000,9999.000,9999.000,9999.000,9999.000
202603210442,   2.539,   3.489,9999.000,9999.000,9999.000,9999.000,9999.000,9999.000,9999.000
202603210448,   2.398,   3.358,9999.000,9999.000,9999.000,9999.000,9999.000,9999.000,9999.000
202603210454,   2.258,   3.240,9999.000,9999.000,9999.000,9999.000,9999.000,9999.000,9999.000
202603210500,   2.119,   3.119,   0.400,   0.600,   3.119,   0.400,   3.119,   0.500,   3.219
202603210506,   1.982,   2.997,9999.000,9999.000,9999.000,9999.000,9999.000,9999.000,9999.000
202603210512,   1.846,   2.869,9999.000,9999.000,9999.000,9999.000,9999.000,9999.000,9999.000
202603210518,   1.713,   2.748,9999.000,9999.000,9999.000,9999.000,9999.000,9999.000,9999.000
202603210524,   1.581,   2.640,9999.000,9999.000,9999.000,9999.000,9999.000,9999.000,9999.000
202603210530,   1.450,   2.528,9999.000,9999.000,9999.000,9999.000,9999.000,9999.000,9999.000
202603210536,   1.322,   2.420,9999.000,9999.000,9999.000,9999.000,9999.000,9999.000,9999.000
202603210542,   1.196,   2.309,9999.000,9999.000,9999.000,9999.000,9999.000,9999.000,9999.000
202603210548,   1.072,   2.191,9999.000,9999.000,9999.000,9999.000,9999.000,9999.000,9999.000
202603210554,   0.950,   2.089,9999.000,9999.000,9999.000,9999.000,9999.000,9999.000,9999.000
202603210600,   0.830,   1.967,   0.400,   0.737,   1.967,   0.400,   1.967,   0.500,   2.067
202603210606,   0.713,   1.879,9999.000,9999.000,9999.000,9999.000,9999.000,9999.000,9999.000
202603210612,   0.598,   1.758,9999.000,9999.000,9999.000,9999.000,9999.000,9999.000,9999.000
202603210618,   0.486,   1.649,9999.000,9999.000,9999.000,9999.000,9999.000,9999.000,9999.000
202603210624,   0.377,   1.557,9999.000,9999.000,9999.000,9999.000,9999.000,9999.000,9999.000
202603210630,   0.270,   1.449,9999.000,9999.000,9999.000,9999.000,9999.000,9999.000,9999.000
202603210636,   0.168,   1.361,9999.000,9999.000,9999.000,9999.000,9999.000,9999.000,9999.000
202603210642,   0.068,   1.259,9999.000,9999.000,9999.000,9999.000,9999.000,9999.000,9999.000
202603210648,  -0.026,   1.161,9999.000,9999.000,9999.000,9999.000,9999.000,9999.000,9999.000
202603210654,  -0.118,   1.049,9999.000,9999.000,9999.000,9999.000,9999.000,9999.000,9999.000
202603210700,  -0.205,   0.961,   0.400,   0.766,   0.961,   0.300,   0.861,   0.500,   1.061
202603210706,  -0.288,   0.849,9999.000,9999.000,9999.000,9999.000,9999.000,9999.000,9999.000
202603210712,  -0.365,   0.760,9999.000,9999.000,9999.000,9999.000,9999.000,9999.000,9999.000
202603210718,  -0.438,   0.669,9999.000,9999.000,9999.000,9999.000,9999.000,9999.000,9999.000
202603210724,  -0.506,   0.590,9999.000,9999.000,9999.000,9999.000,9999.000,9999.000,9999.000
202603210730,  -0.567,   0.508,9999.000,9999.000,9999.000,9999.000,9999.000,9999.000,9999.000
202603210736,  -0.623,   0.429,9999.000,9999.000,9999.000,9999.000,9999.000,9999.000,9999.000
202603210742,  -0.673,   0.350,9999.000,9999.000,9999.000,9999.000,9999.000,9999.000,9999.000
202603210748,  -0.716,   0.268,9999.000,9999.000,9999.000,9999.000,9999.000,9999.000,9999.000
202603210754,  -0.753,   0.209,9999.000,9999.000,9999.000,9999.000,9999.000,9999.000,9999.000
202603210800,  -0.782,   0.131,   0.400,   0.513,   0.131,   0.300,   0.031,   0.400,   0.131
202603210806,  -0.805,   0.068,9999.000,9999.000,9999.000,9999.000,9999.000,9999.000,9999.000
202603210812,  -0.820,   0.019,9999.000,9999.000,9999.000,9999.000,9999.000,9999.000,9999.000
202603210818,  -0.827,  -0.029,9999.000,9999.000,9999.000,9999.000,9999.000,9999.000,9999.000
202603210824,  -0.826,  -0.059,9999.000,9999.000,9999.000,9999.000,9999.000,9999.000,9999.000
202603210830,  -0.817,  -0.088,9999.000,9999.000,9999.000,9999.000,9999.000,9999.000,9999.000
202603210836,  -0.800,  -0.111,9999.000,9999.000,9999.000,9999.000,9999.000,9999.000,9999.000
202603210842,  -0.774,  -0.121,9999.000,9999.000,9999.000,9999.000,9999.000,9999.000,9999.000
202603210848,  -0.739,  -0.111,9999.000,9999.000,9999.000,9999.000,9999.000,9999.000,9999.000
202603210854,  -0.695,  -0.078,9999.000,9999.000,9999.000,9999.000,9999.000,9999.000,9999.000
202603210900,  -0.643,  -0.039,   0.400,   0.204,  -0.039,   0.300,  -0.139,   0.400,  -0.039
202603210906,  -0.582,   0.019,9999.000,9999.000,9999.000,9999.000,9999.000,9999.000,9999.000
202603210912,  -0.511,   0.088,9999.000,9999.000,9999.000,9999.000,9999.000,9999.000,9999.000
202603210918,  -0.432,   0.170,9999.000,9999.000,9999.000,9999.000,9999.000,9999.000,9999.000
202603210924,  -0.344,   0.268,9999.000,9999.000,9999.000,9999.000,9999.000,9999.000,9999.000
202603210930,  -0.248,   0.380,9999.000,9999.000,9999.000,9999.000,9999.000,9999.000,9999.000
202603210936,  -0.143,   0.488,9999.000,9999.000,9999.000,9999.000,9999.000,9999.000,9999.000
202603210942,  -0.030,   0.600,9999.000,9999.000,9999.000,9999.000,9999.000,9999.000,9999.000
202603210948,   0.089,   0.718,9999.000,9999.000,9999.000,9999.000,9999.000,9999.000,9999.000
202603210954,   0.216,   0.839,9999.000,9999.000,9999.000,9999.000,9999.000,9999.000,9999.000
202603211000,   0.350,   0.941,   0.400,   0.191,   0.941,   0.300,   0.841,   0.400,   0.941
202603211006,   0.490,   1.059,9999.000,9999.000,9999.000,9999.000,9999.000,9999.000,9999.000
202603211012,   0.636,   1.151,9999.000,9999.000,9999.000,9999.000,9999.000,9999.000,9999.000
202603211018,   0.786,   1.279,9999.000,9999.000,9999.000,9999.000,9999.000,9999.000,9999.000
202603211024,   0.940,   1.390,9999.000,9999.000,9999.000,9999.000,9999.000,9999.000,9999.000
202603211030,   1.097,   1.518,9999.000,9999.000,9999.000,9999.000,9999.000,9999.000,9999.000
202603211036,   1.257,   1.639,9999.000,9999.000,9999.000,9999.000,9999.000,9999.000,9999.000
202603211042,   1.419,   1.781,9999.000,9999.000,9999.000,9999.000,9999.000,9999.000,9999.000
202603211048,   1.581,   1.889,9999.000,9999.000,9999.000,9999.000,9999.000,9999.000,9999.000
202603211054,   1.744,   2.020,9999.000,9999.000,9999.000,9999.000,9999.000,9999.000,9999.000
202603211100,   1.906,   2.128,   0.400,  -0.178,   2.128,   0.300,   2.028,   0.400,   2.128
202603211106,   2.067,   2.259,9999.000,9999.000,9999.000,9999.000,9999.000,9999.000,9999.000
202603211112,   2.226,   2.368,9999.000,9999.000,9999.000,9999.000,9999.000,9999.000,9999.000
202603211118,   2.382,   2.489,9999.000,9999.000,9999.000,9999.000,9999.000,9999.000,9999.000
202603211124,   2.535,   2.610,9999.000,9999.000,9999.000,9999.000,9999.000,9999.000,9999.000
202603211130,   2.685,   2.728,9999.000,9999.000,9999.000,9999.000,9999.000,9999.000,9999.000
202603211136,   2.831,   2.860,9999.000,9999.000,9999.000,9999.000,9999.000,9999.000,9999.000
202603211142,   2.972,   2.978,9999.000,9999.000,9999.000,9999.000,9999.000,9999.000,9999.000
202603211148,   3.108,   3.119,9999.000,9999.000,9999.000,9999.000,9999.000,9999.000,9999.000
202603211154,   3.240,   3.240,9999.000,9999.000,9999.000,9999.000,9999.000,9999.000,9999.000
202603211200,   3.367,   3.378,   0.400,  -0.389,   3.378,   0.400,   3.378,   0.500,   3.478
202603211206,   3.489,   3.499,9999.000,9999.000,9999.000,9999.000,9999.000,9999.000,9999.000
202603211212,   3.605,   3.617,9999.000,9999.000,9999.000,9999.000,9999.000,9999.000,9999.000
202603211218,   3.716,   3.749,9999.000,9999.000,9999.000,9999.000,9999.000,9999.000,9999.000
202603211224,   3.822,   3.860,9999.000,9999.000,9999.000,9999.000,9999.000,9999.000,9999.000
202603211230,   3.923,   3.968,9999.000,9999.000,9999.000,9999.000,9999.000,9999.000,9999.000
202603211236,   4.019,   4.080,9999.000,9999.000,9999.000,9999.000,9999.000,9999.000,9999.000
202603211242,   4.110,   4.198,9999.000,9999.000,9999.000,9999.000,9999.000,9999.000,9999.000
202603211248,   4.195,   4.309,9999.000,9999.000,9999.000,9999.000,9999.000,9999.000,9999.000
202603211254,   4.276,   4.408,9999.000,9999.000,9999.000,9999.000,9999.000,9999.000,9999.000
202603211300,   4.352,   4.519,   0.400,  -0.233,   4.519,   0.400,   4.519,   0.500,   4.619
202603211306,   4.422,   4.628,9999.000,9999.000,9999.000,9999.000,9999.000,9999.000,9999.000
202603211312,   4.488,   4.739,9999.000,9999.000,9999.000,9999.000,9999.000,9999.000,9999.000
202603211318,   4.548,   4.837,9999.000,9999.000,9999.000,9999.000,9999.000,9999.000,9999.000
202603211324,   4.603,   4.919,9999.000,9999.000,9999.000,9999.000,9999.000,9999.000,9999.000
202603211330,   4.653,   4.988,9999.000,9999.000,9999.000,9999.000,9999.000,9999.000,9999.000
202603211336,   4.696,   5.057,9999.000,9999.000,9999.000,9999.000,9999.000,9999.000,9999.000
202603211342,   4.734,   5.120,9999.000,9999.000,9999.000,9999.000,9999.000,9999.000,9999.000
202603211348,   4.765,   5.169,9999.000,9999.000,9999.000,9999.000,9999.000,9999.000,9999.000
202603211354,   4.790,   5.198,9999.000,9999.000,9999.000,9999.000,9999.000,9999.000,9999.000
202603211400,   4.808,   5.238,   0.400,   0.030,   5.238,   0.400,   5.238,   0.500,   5.338
202603211406,   4.818,   5.267,9999.000,9999.000,9999.000,9999.000,9999.000,9999.000,9999.000
202603211412,   4.821,   5.297,9999.000,9999.000,9999.000,9999.000,9999.000,9999.000,9999.000
202603211418,   4.817,   5.307,9999.000,9999.000,9999.000,9999.000,9999.000,9999.000,9999.000
202603211424,   4.804,   5.320,9999.000,9999.000,9999.000,9999.000,9999.000,9999.000,9999.000
202603211430,   4.783,   5.329,9999.000,9999.000,9999.000,9999.000,9999.000,9999.000,9999.000
202603211436,   4.754,   5.320,9999.000,9999.000,9999.000,9999.000,9999.000,9999.000,9999.000
202603211442,   4.716,   5.320,9999.000,9999.000,9999.000,9999.000,9999.000,9999.000,9999.000
202603211448,   4.671,   5.287,9999.000,9999.000,9999.000,9999.000,9999.000,9999.000,9999.000
202603211454,   4.616,   5.257,9999.000,9999.000,9999.000,9999.000,9999.000,9999.000,9999.000
202603211500,   4.554,   5.218,   0.400,   0.264,   5.218,   0.400,   5.218,   0.500,   5.318
202603211506,   4.483,   5.179,9999.000,9999.000,9999.000,9999.000,9999.000,9999.000,9999.000
202603211512,   4.405,   5.129,9999.000,9999.000,9999.000,9999.000,9999.000,9999.000,9999.000
202603211518,   4.319,   5.057,9999.000,9999.000,9999.000,9999.000,9999.000,9999.000,9999.000
202603211524,   4.227,   4.988,9999.000,9999.000,9999.000,9999.000,9999.000,9999.000,9999.000
202603211530,   4.127,   4.887,9999.000,9999.000,9999.000,9999.000,9999.000,9999.000,9999.000
202603211536,   4.022,   4.788,9999.000,9999.000,9999.000,9999.000,9999.000,9999.000,9999.000
202603211542,   3.911,   4.677,9999.000,9999.000,9999.000,9999.000,9999.000,9999.000,9999.000
202603211548,   3.795,   4.559,9999.000,9999.000,9999.000,9999.000,9999.000,9999.000,9999.000
202603211554,   3.675,   4.437,9999.000,9999.000,9999.000,9999.000,9999.000,9999.000,9999.000
202603211600,   3.551,   4.300,   0.400,   0.349,   4.300,   0.400,   4.300,   0.500,   4.400
202603211606,   3.424,   4.168,9999.000,9999.000,9999.000,9999.000,9999.000,9999.000,9999.000
202603211612,   3.294,   4.047,9999.000,9999.000,9999.000,9999.000,9999.000,9999.000,9999.000
202603211618,   3.162,   3.909,9999.000,9999.000,9999.000,9999.000,9999.000,9999.000,9999.000
202603211624,   3.029,   3.778,9999.000,9999.000,9999.000,9999.000,9999.000,9999.000,9999.000
202603211630,   2.895,   3.650,9999.000,9999.000,9999.000,9999.000,9999.000,9999.000,9999.000
202603211636,   2.760,   3.519,9999.000,9999.000,9999.000,9999.000,9999.000,9999.000,9999.000
202603211642,   2.625,   3.388,9999.000,9999.000,9999.000,9999.000,9999.000,9999.000,9999.000
202603211648,   2.491,   3.279,9999.000,9999.000,9999.000,9999.000,9999.000,9999.000,9999.000
202603211654,   2.357,   3.148,9999.000,9999.000,9999.000,9999.000,9999.000,9999.000,9999.000
202603211700,   2.224,   3.017,   0.400,   0.393,   3.017,   0.400,   3.017,   0.500,   3.117
202603211706,   2.093,   2.899,9999.000,9999.000,9999.000,9999.000,9999.000,9999.000,9999.000
202603211712,   1.963,   2.778,9999.000,9999.000,9999.000,9999.000,9999.000,9999.000,9999.000
202603211718,   1.835,   2.660,9999.000,9999.000,9999.000,9999.000,9999.000,9999.000,9999.000
202603211724,   1.708,   2.528,9999.000,9999.000,9999.000,9999.000,9999.000,9999.000,9999.000
202603211730,   1.583,   2.430,9999.000,9999.000,9999.000,9999.000,9999.000,9999.000,9999.000
202603211736,   1.461,   2.328,9999.000,9999.000,9999.000,9999.000,9999.000,9999.000,9999.000
202603211742,   1.340,   2.200,9999.000,9999.000,9999.000,9999.000,9999.000,9999.000,9999.000
202603211748,   1.222,   2.069,9999.000,9999.000,9999.000,9999.000,9999.000,9999.000,9999.000
202603211754,   1.106,   1.948,9999.000,9999.000,9999.000,9999.000,9999.000,9999.000,9999.000
202603211800,   0.992,   1.840,   0.400,   0.448,   1.840,   0.400,   1.840,   0.500,   1.940
202603211806,   0.881,   1.738,9999.000,9999.000,9999.000,9999.000,9999.000,9999.000,9999.000
202603211812,   0.772,   1.630,9999.000,9999.000,9999.000,9999.000,9999.000,9999.000,9999.000
202603211818,   0.666,   1.518,9999.000,9999.000,9999.000,9999.000,9999.000,9999.000,9999.000
202603211824,   0.563,   1.400,9999.000,9999.000,9999.000,9999.000,9999.000,9999.000,9999.000
202603211830,   0.462,   1.308,9999.000,9999.000,9999.000,9999.000,9999.000,9999.000,9999.000
202603211836,   0.365,   1.200,9999.000,9999.000,9999.000,9999.000,9999.000,9999.000,9999.000
202603211842,   0.270,   1.088,9999.000,9999.000,9999.000,9999.000,9999.000,9999.000,9999.000
202603211848,   0.180,   1.000,9999.000,9999.000,9999.000,9999.000,9999.000,9999.000,9999.000
202603211854,   0.092,   0.888,9999.000,9999.000,9999.000,9999.000,9999.000,9999.000,9999.000
202603211900,   0.009,   0.790,   0.400,   0.381,   0.790,   0.400,   0.790,   0.500,   0.890
202603211906,  -0.069,   0.698,9999.000,9999.000,9999.000,9999.000,9999.000,9999.000,9999.000
202603211912,  -0.145,   0.610,9999.000,9999.000,9999.000,9999.000,9999.000,9999.000,9999.000
202603211918,  -0.215,   0.508,9999.000,9999.000,9999.000,9999.000,9999.000,9999.000,9999.000
202603211924,  -0.281,   0.419,9999.000,9999.000,9999.000,9999.000,9999.000,9999.000,9999.000
202603211930,  -0.342,   0.341,9999.000,9999.000,9999.000,9999.000,9999.000,9999.000,9999.000
202603211936,  -0.398,   0.259,9999.000,9999.000,9999.000,9999.000,9999.000,9999.000,9999.000
202603211942,  -0.448,   0.190,9999.000,9999.000,9999.000,9999.000,9999.000,9999.000,9999.000
202603211948,  -0.493,   0.111,9999.000,9999.000,9999.000,9999.000,9999.000,9999.000,9999.000
202603211954,  -0.531,   0.039,9999.000,9999.000,9999.000,9999.000,9999.000,9999.000,9999.000
202603212000,  -0.564,  -0.009,   0.500,   0.055,  -0.009,   0.400,  -0.109,   0.500,  -0.009
202603212006,  -0.590,  -0.049,9999.000,9999.000,9999.000,9999.000,9999.000,9999.000,9999.000
202603212012,  -0.609,  -0.098,9999.000,9999.000,9999.000,9999.000,9999.000,9999.000,9999.000
202603212018,  -0.622,  -0.141,9999.000,9999.000,9999.000,9999.000,9999.000,9999.000,9999.000
202603212024,  -0.627,  -0.190,9999.000,9999.000,9999.000,9999.000,9999.000,9999.000,9999.000
202603212030,  -0.625,  -0.200,9999.000,9999.000,9999.000,9999.000,9999.000,9999.000,9999.000
202603212036,  -0.616,  -0.200,9999.000,9999.000,9999.000,9999.000,9999.000,9999.000,9999.000
202603212042,  -0.599,  -0.190,9999.000,9999.000,9999.000,9999.000,9999.000,9999.000,9999.000
202603212048,  -0.574,  -0.190,9999.000,9999.000,9999.000,9999.000,9999.000,9999.000,9999.000
202603212054,  -0.541,  -0.180,9999.000,9999.000,9999.000,9999.000,9999.000,9999.000,9999.000
202603212100,  -0.499,  -0.131,   0.500,  -0.132,  -0.131,   0.400,  -0.231,   0.500,  -0.131
202603212106,  -0.450,  -0.078,9999.000,9999.000,9999.000,9999.000,9999.000,9999.000,9999.000
202603212112,  -0.392,   0.009,9999.000,9999.000,9999.000,9999.000,9999.000,9999.000,9999.000
202603212118,  -0.325,   0.078,9999.000,9999.000,9999.000,9999.000,9999.000,9999.000,9999.000
202603212124,  -0.250,   0.180,9999.000,9999.000,9999.000,9999.000,9999.000,9999.000,9999.000
202603212130,  -0.166,   0.288,9999.000,9999.000,9999.000,9999.000,9999.000,9999.000,9999.000
202603212136,  -0.074,   0.409,9999.000,9999.000,9999.000,9999.000,9999.000,9999.000,9999.000
202603212142,   0.026,   0.518,9999.000,9999.000,9999.000,9999.000,9999.000,9999.000,9999.000
202603212148,   0.135,   0.639,9999.000,9999.000,9999.000,9999.000,9999.000,9999.000,9999.000
202603212154,   0.252,   0.751,9999.000,9999.000,9999.000,9999.000,9999.000,9999.000,9999.000
202603212200,   0.376,   0.888,   0.500,   0.012,   0.888,   0.400,   0.788,   0.500,   0.888
202603212206,   0.508,   1.020,9999.000,9999.000,9999.000,9999.000,9999.000,9999.000,9999.000
202603212212,   0.647,   1.151,9999.000,9999.000,9999.000,9999.000,9999.000,9999.000,9999.000
202603212218,   0.793,   1.279,9999.000,9999.000,9999.000,9999.000,9999.000,9999.000,9999.000
202603212224,   0.944,   1.410,9999.000,9999.000,9999.000,9999.000,9999.000,9999.000,9999.000
202603212230,   1.101,   1.548,9999.000,9999.000,9999.000,9999.000,9999.000,9999.000,9999.000
202603212236,   1.263,   1.689,9999.000,9999.000,9999.000,9999.000,9999.000,9999.000,9999.000
202603212242,   1.428,   1.830,9999.000,9999.000,9999.000,9999.000,9999.000,9999.000,9999.000
202603212248,   1.597,   1.958,9999.000,9999.000,9999.000,9999.000,9999.000,9999.000,9999.000
202603212254,   1.768,   2.089,9999.000,9999.000,9999.000,9999.000,9999.000,9999.000,9999.000
202603212300,   1.942,   2.230,   0.500,  -0.212,   2.230,   0.400,   2.130,   0.500,   2.230
202603212306,   2.116,   2.387,9999.000,9999.000,9999.000,9999.000,9999.000,9999.000,9999.000
202603212312,   2.290,   2.519,9999.000,9999.000,9999.000,9999.000,9999.000,9999.000,9999.000
202603212318,   2.463,   2.660,9999.000,9999.000,9999.000,9999.000,9999.000,9999.000,9999.000
202603212324,   2.636,   2.797,9999.000,9999.000,9999.000,9999.000,9999.000,9999.000,9999.000
202603212330,   2.806,   2.938,9999.000,9999.000,9999.000,9999.000,9999.000,9999.000,9999.000
202603212336,   2.974,   3.099,9999.000,9999.000,9999.000,9999.000,9999.000,9999.000,9999.000
202603212342,   3.138,   3.250,9999.000,9999.000,9999.000,9999.000,9999.000,9999.000,9999.000
202603212348,   3.298,   3.368,9999.000,9999.000,9999.000,9999.000,9999.000,9999.000,9999.000
202603212354,   3.454,   3.529,9999.000,9999.000,9999.000,9999.000,9999.000,9999.000,9999.000
202603220000,   3.605,   3.660,   0.500,  -0.445,   3.660,   0.400,   3.560,   0.500,   3.660
202603220006,   3.751,   3.798,9999.000,9999.000,9999.000,9999.000,9999.000,9999.000,9999.000
202603220012,   3.892,   3.939,9999.000,9999.000,9999.000,9999.000,9999.000,9999.000,9999.000
202603220018,   4.027,   4.057,9999.000,9999.000,9999.000,9999.000,9999.000,9999.000,9999.000
202603220024,   4.156,   4.188,9999.000,9999.000,9999.000,9999.000,9999.000,9999.000,9999.000
202603220030,   4.280,   4.309,9999.000,9999.000,9999.000,9999.000,9999.000,9999.000,9999.000
202603220036,   4.397,   4.447,9999.000,9999.000,9999.000,9999.000,9999.000,9999.000,9999.000
202603220042,   4.509,   4.559,9999.000,9999.000,9999.000,9999.000,9999.000,9999.000,9999.000
202603220048,   4.614,   4.667,9999.000,9999.000,9999.000,9999.000,9999.000,9999.000,9999.000
202603220054,   4.714,   4.778,9999.000,9999.000,9999.000,9999.000,9999.000,9999.000,9999.000
202603220100,   4.809,   4.887,   0.500,  -0.422,   4.887,   0.400,   4.787,   0.500,   4.887
202603220106,   4.897,   4.988,9999.000,9999.000,9999.000,9999.000,9999.000,9999.000,9999.000
202603220112,   4.980,   5.067,9999.000,9999.000,9999.000,9999.000,9999.000,9999.000,9999.000
202603220118,   5.058,   5.169,9999.000,9999.000,9999.000,9999.000,9999.000,9999.000,9999.000
202603220124,   5.130,   5.247,9999.000,9999.000,9999.000,9999.000,9999.000,9999.000,9999.000
202603220130,   5.196,   5.307,9999.000,9999.000,9999.000,9999.000,9999.000,9999.000,9999.000
202603220136,   5.257,   5.369,9999.000,9999.000,9999.000,9999.000,9999.000,9999.000,9999.000
202603220142,   5.312,   5.448,9999.000,9999.000,9999.000,9999.000,9999.000,9999.000,9999.000
202603220148,   5.362,   5.497,9999.000,9999.000,9999.000,9999.000,9999.000,9999.000,9999.000
202603220154,   5.406,   5.549,9999.000,9999.000,9999.000,9999.000,9999.000,9999.000,9999.000
202603220200,   5.443,   5.598,   0.500,  -0.345,   5.598,   0.400,   5.498,   0.600,   5.698
202603220206,   5.475,   5.648,9999.000,9999.000,9999.000,9999.000,9999.000,9999.000,9999.000
202603220212,   5.500,   5.697,9999.000,9999.000,9999.000,9999.000,9999.000,9999.000,9999.000
202603220218,   5.518,   5.730,9999.000,9999.000,9999.000,9999.000,9999.000,9999.000,9999.000
202603220224,   5.528,   5.769,9999.000,9999.000,9999.000,9999.000,9999.000,9999.000,9999.000
202603220230,   5.532,   5.789,9999.000,9999.000,9999.000,9999.000,9999.000,9999.000,9999.000
202603220236,   5.528,   5.808,9999.000,9999.000,9999.000,9999.000,9999.000,9999.000,9999.000
202603220242,   5.516,   5.818,9999.000,9999.000,9999.000,9999.000,9999.000,9999.000,9999.000
202603220248,   5.496,   5.838,9999.000,9999.000,9999.000,9999.000,9999.000,9999.000,9999.000
202603220254,   5.467,   5.848,9999.000,9999.000,9999.000,9999.000,9999.000,9999.000,9999.000
202603220300,   5.430,   5.858,   0.500,  -0.072,   5.858,   0.500,   5.858,   0.600,   5.958
202603220306,   5.385,   5.867,9999.000,9999.000,9999.000,9999.000,9999.000,9999.000,9999.000
202603220312,   5.331,   5.867,9999.000,9999.000,9999.000,9999.000,9999.000,9999.000,9999.000
202603220318,   5.268,   5.838,9999.000,9999.000,9999.000,9999.000,9999.000,9999.000,9999.000
202603220324,   5.198,   5.808,9999.000,9999.000,9999.000,9999.000,9999.000,9999.000,9999.000
202603220330,   5.119,   5.779,9999.000,9999.000,9999.000,9999.000,9999.000,9999.000,9999.000
202603220336,   5.032,   5.739,9999.000,9999.000,9999.000,9999.000,9999.000,9999.000,9999.000
202603220342,   4.937,   5.687,9999.000,9999.000,9999.000,9999.000,9999.000,9999.000,9999.000
202603220348,   4.836,   5.618,9999.000,9999.000,9999.000,9999.000,9999.000,9999.000,9999.000
202603220354,   4.727,   5.539,9999.000,9999.000,9999.000,9999.000,9999.000,9999.000,9999.000
202603220400,   4.613,   5.457,   0.500,   0.344,   5.457,   0.500,   5.457,   0.600,   5.557
202603220406,   4.493,   5.369,9999.000,9999.000,9999.000,9999.000,9999.000,9999.000,9999.000
202603220412,   4.367,   5.267,9999.000,9999.000,9999.000,9999.000,9999.000,9999.000,9999.000
202603220418,   4.237,   5.169,9999.000,9999.000,9999.000,9999.000,9999.000,9999.000,9999.000
202603220424,   4.103,   5.038,9999.000,9999.000,9999.000,9999.000,9999.000,9999.000,9999.000
202603220430,   3.966,   4.919,9999.000,9999.000,9999.000,9999.000,9999.000,9999.000,9999.000
202603220436,   3.826,   4.798,9999.000,9999.000,9999.000,9999.000,9999.000,9999.000,9999.000
202603220442,   3.684,   4.677,9999.000,9999.000,9999.000,9999.000,9999.000,9999.000,9999.000
202603220448,   3.541,   4.559,9999.000,9999.000,9999.000,9999.000,9999.000,9999.000,9999.000
202603220454,   3.396,   4.418,9999.000,9999.000,9999.000,9999.000,9999.000,9999.000,9999.000
202603220500,   3.251,   4.290,   0.500,   0.539,   4.290,   0.500,   4.290,   0.600,   4.390
202603220506,   3.105,   4.159,9999.000,9999.000,9999.000,9999.000,9999.000,9999.000,9999.000
202603220512,   2.960,   4.037,9999.000,9999.000,9999.000,9999.000,9999.000,9999.000,9999.000
202603220518,   2.816,   3.929,9999.000,9999.000,9999.000,9999.000,9999.000,9999.000,9999.000
202603220524,   2.672,   3.808,9999.000,9999.000,9999.000,9999.000,9999.000,9999.000,9999.000
202603220530,   2.529,   3.680,9999.000,9999.000,9999.000,9999.000,9999.000,9999.000,9999.000
202603220536,   2.388,   3.558,9999.000,9999.000,9999.000,9999.000,9999.000,9999.000,9999.000
202603220542,   2.249,   3.450,9999.000,9999.000,9999.000,9999.000,9999.000,9999.000,9999.000
202603220548,   2.111,   3.329,9999.000,9999.000,9999.000,9999.000,9999.000,9999.000,9999.000
202603220554,   1.975,   3.217,9999.000,9999.000,9999.000,9999.000,9999.000,9999.000,9999.000
202603220600,   1.841,   3.109,   0.500,   0.768,   3.109,   0.500,   3.109,   0.500,   3.109
202603220606,   1.710,   2.988,9999.000,9999.000,9999.000,9999.000,9999.000,9999.000,9999.000
202603220612,   1.580,   2.879,9999.000,9999.000,9999.000,9999.000,9999.000,9999.000,9999.000
202603220618,   1.452,   2.768,9999.000,9999.000,9999.000,9999.000,9999.000,9999.000,9999.000
202603220624,   1.327,   2.679,9999.000,9999.000,9999.000,9999.000,9999.000,9999.000,9999.000
202603220630,   1.204,   2.568,9999.000,9999.000,9999.000,9999.000,9999.000,9999.000,9999.000
202603220636,   1.083,   2.450,9999.000,9999.000,9999.000,9999.000,9999.000,9999.000,9999.000
202603220642,   0.965,   2.338,9999.000,9999.000,9999.000,9999.000,9999.000,9999.000,9999.000
202603220648,   0.850,   2.240,9999.000,9999.000,9999.000,9999.000,9999.000,9999.000,9999.000
202603220654,   0.737,   2.128,9999.000,9999.000,9999.000,9999.000,9999.000,9999.000,9999.000
202603220700,   0.627,   2.030,   0.500,   0.903,   2.030,   0.500,   2.030,   0.500,   2.030
202603220706,   0.520,   1.938,9999.000,9999.000,9999.000,9999.000,9999.000,9999.000,9999.000
202603220712,   0.417,   1.820,9999.000,9999.000,9999.000,9999.000,9999.000,9999.000,9999.000
202603220718,   0.316,   1.718,9999.000,9999.000,9999.000,9999.000,9999.000,9999.000,9999.000
202603220724,   0.220,   1.610,9999.000,9999.000,9999.000,9999.000,9999.000,9999.000,9999.000
202603220730,   0.126,   1.528,9999.000,9999.000,9999.000,9999.000,9999.000,9999.000,9999.000
202603220736,   0.037,   1.430,9999.000,9999.000,9999.000,9999.000,9999.000,9999.000,9999.000
202603220742,  -0.047,   1.328,9999.000,9999.000,9999.000,9999.000,9999.000,9999.000,9999.000
202603220748,  -0.127,   1.220,9999.000,9999.000,9999.000,9999.000,9999.000,9999.000,9999.000
202603220754,  -0.203,   1.138,9999.000,9999.000,9999.000,9999.000,9999.000,9999.000,9999.000
202603220800,  -0.275,   1.049,   0.500,   0.824,   1.049,   0.500,   1.049,   0.500,   1.049
202603220806,  -0.341,   0.970,9999.000,9999.000,9999.000,9999.000,9999.000,9999.000,9999.000
202603220812,  -0.402,   0.879,9999.000,9999.000,9999.000,9999.000,9999.000,9999.000,9999.000
202603220818,  -0.457,   0.790,9999.000,9999.000,9999.000,9999.000,9999.000,9999.000,9999.000
202603220824,  -0.507,   0.718,9999.000,9999.000,9999.000,9999.000,9999.000,9999.000,9999.000
202603220830,  -0.550,   0.629,9999.000,9999.000,9999.000,9999.000,9999.000,9999.000,9999.000
202603220836,  -0.588,   0.560,9999.000,9999.000,9999.000,9999.000,9999.000,9999.000,9999.000
202603220842,  -0.619,   0.478,9999.000,9999.000,9999.000,9999.000,9999.000,9999.000,9999.000
202603220848,  -0.644,   0.419,9999.000,9999.000,9999.000,9999.000,9999.000,9999.000,9999.000
202603220854,  -0.661,   0.350,9999.000,9999.000,9999.000,9999.000,9999.000,9999.000,9999.000
202603220900,  -0.672,   0.321,   0.500,   0.493,   0.321,   0.500,   0.321,   0.600,   0.421
202603220906,  -0.675,   0.268,9999.000,9999.000,9999.000,9999.000,9999.000,9999.000,9999.000
202603220912,  -0.672,   0.229,9999.000,9999.000,9999.000,9999.000,9999.000,9999.000,9999.000
202603220918,  -0.660,   0.200,9999.000,9999.000,9999.000,9999.000,9999.000,9999.000,9999.000
202603220924,  -0.641,   0.170,9999.000,9999.000,9999.000,9999.000,9999.000,9999.000,9999.000
202603220930,  -0.614,   0.170,9999.000,9999.000,9999.000,9999.000,9999.000,9999.000,9999.000
202603220936,  -0.579,   0.180,9999.000,9999.000,9999.000,9999.000,9999.000,9999.000,9999.000
202603220942,  -0.535,   0.219,9999.000,9999.000,9999.000,9999.000,9999.000,9999.000,9999.000
202603220948,  -0.484,   0.249,9999.000,9999.000,9999.000,9999.000,9999.000,9999.000,9999.000
202603220954,  -0.424,   0.278,9999.000,9999.000,9999.000,9999.000,9999.000,9999.000,9999.000
202603221000,  -0.356,   0.360,   0.600,   0.116,   0.360,   0.500,   0.260,   0.600,   0.360
202603221006,  -0.280,   0.429,9999.000,9999.000,9999.000,9999.000,9999.000,9999.000,9999.000
202603221012,  -0.196,   0.531,9999.000,9999.000,9999.000,9999.000,9999.000,9999.000,9999.000
202603221018,  -0.105,   0.619,9999.000,9999.000,9999.000,9999.000,9999.000,9999.000,9999.000
202603221024,  -0.005,   0.751,9999.000,9999.000,9999.000,9999.000,9999.000,9999.000,9999.000
202603221030,   0.100,   0.859,9999.000,9999.000,9999.000,9999.000,9999.000,9999.000,9999.000
202603221036,   0.214,   0.990,9999.000,9999.000,9999.000,9999.000,9999.000,9999.000,9999.000
202603221042,   0.334,   1.118,9999.000,9999.000,9999.000,9999.000,9999.000,9999.000,9999.000
202603221048,   0.460,   1.220,9999.000,9999.000,9999.000,9999.000,9999.000,9999.000,9999.000
202603221054,   0.592,   1.361,9999.000,9999.000,9999.000,9999.000,9999.000,9999.000,9999.000
202603221100,   0.728,   1.469,   0.600,   0.141,   1.469,   0.500,   1.369,   0.600,   1.469
202603221106,   0.869,   1.610,9999.000,9999.000,9999.000,9999.000,9999.000,9999.000,9999.000
202603221112,   1.014,   1.728,9999.000,9999.000,9999.000,9999.000,9999.000,9999.000,9999.000
202603221118,   1.161,   1.849,9999.000,9999.000,9999.000,9999.000,9999.000,9999.000,9999.000
202603221124,   1.311,   1.967,9999.000,9999.000,9999.000,9999.000,9999.000,9999.000,9999.000
202603221130,   1.462,   2.109,9999.000,9999.000,9999.000,9999.000,9999.000,9999.000,9999.000
202603221136,   1.613,   2.240,9999.000,9999.000,9999.000,9999.000,9999.000,9999.000,9999.000
202603221142,   1.765,   2.358,9999.000,9999.000,9999.000,9999.000,9999.000,9999.000,9999.000
202603221148,   1.916,   2.499,9999.000,9999.000,9999.000,9999.000,9999.000,9999.000,9999.000
202603221154,   2.066,   2.620,9999.000,9999.000,9999.000,9999.000,9999.000,9999.000,9999.000
202603221200,   2.213,   2.758,   0.600,  -0.055,   2.758,   0.600,   2.758,   0.600,   2.758
202603221206,   2.358,   2.869,9999.000,9999.000,9999.000,9999.000,9999.000,9999.000,9999.000
202603221212,   2.500,   2.988,9999.000,9999.000,9999.000,9999.000,9999.000,9999.000,9999.000
202603221218,   2.639,   3.129,9999.000,9999.000,9999.000,9999.000,9999.000,9999.000,9999.000
202603221224,   2.773,   3.250,9999.000,9999.000,9999.000,9999.000,9999.000,9999.000,9999.000
202603221230,   2.903,   3.388,9999.000,9999.000,9999.000,9999.000,9999.000,9999.000,9999.000
202603221236,   3.029,   3.509,9999.000,9999.000,9999.000,9999.000,9999.000,9999.000,9999.000
202603221242,   3.150,   3.650,9999.000,9999.000,9999.000,9999.000,9999.000,9999.000,9999.000
202603221248,   3.266,   3.768,9999.000,9999.000,9999.000,9999.000,9999.000,9999.000,9999.000
202603221254,   3.378,   3.909,9999.000,9999.000,9999.000,9999.000,9999.000,9999.000,9999.000
202603221300,   3.484,   4.037,   0.600,  -0.047,   4.037,   0.600,   4.037,   0.600,   4.037
202603221306,   3.585,   4.149,9999.000,9999.000,9999.000,9999.000,9999.000,9999.000,9999.000
202603221312,   3.682,   4.247,9999.000,9999.000,9999.000,9999.000,9999.000,9999.000,9999.000
202603221318,   3.774,   4.388,9999.000,9999.000,9999.000,9999.000,9999.000,9999.000,9999.000
202603221324,   3.861,   4.509,9999.000,9999.000,9999.000,9999.000,9999.000,9999.000,9999.000
202603221330,   3.943,   4.618,9999.000,9999.000,9999.000,9999.000,9999.000,9999.000,9999.000
202603221336,   4.021,   4.729,9999.000,9999.000,9999.000,9999.000,9999.000,9999.000,9999.000
202603221342,   4.094,   4.837,9999.000,9999.000,9999.000,9999.000,9999.000,9999.000,9999.000
202603221348,   4.163,   4.939,9999.000,9999.000,9999.000,9999.000,9999.000,9999.000,9999.000
202603221354,   4.227,   5.018,9999.000,9999.000,9999.000,9999.000,9999.000,9999.000,9999.000
202603221400,   4.287,   5.120,   0.600,   0.233,   5.120,   0.600,   5.120,   0.700,   5.220
202603221406,   4.342,   5.198,9999.000,9999.000,9999.000,9999.000,9999.000,9999.000,9999.000
202603221412,   4.392,   5.277,9999.000,9999.000,9999.000,9999.000,9999.000,9999.000,9999.000
202603221418,   4.437,   5.339,9999.000,9999.000,9999.000,9999.000,9999.000,9999.000,9999.000
202603221424,   4.477,   5.408,9999.000,9999.000,9999.000,9999.000,9999.000,9999.000,9999.000
202603221430,   4.512,   5.457,9999.000,9999.000,9999.000,9999.000,9999.000,9999.000,9999.000
202603221436,   4.541,   5.516,9999.000,9999.000,9999.000,9999.000,9999.000,9999.000,9999.000
202603221442,   4.565,   5.559,9999.000,9999.000,9999.000,9999.000,9999.000,9999.000,9999.000
202603221448,   4.581,   5.589,9999.000,9999.000,9999.000,9999.000,9999.000,9999.000,9999.000
202603221454,   4.592,   5.628,9999.000,9999.000,9999.000,9999.000,9999.000,9999.000,9999.000
202603221500,   4.595,   5.648,   0.700,   0.353,   5.648,   0.600,   5.548,   0.700,   5.648
202603221506,   4.591,   5.667,9999.000,9999.000,9999.000,9999.000,9999.000,9999.000,9999.000
202603221512,   4.580,   5.677,9999.000,9999.000,9999.000,9999.000,9999.000,9999.000,9999.000
202603221518,   4.561,   5.667,9999.000,9999.000,9999.000,9999.000,9999.000,9999.000,9999.000
202603221524,   4.535,   5.648,9999.000,9999.000,9999.000,9999.000,9999.000,9999.000,9999.000
202603221530,   4.500,   5.618,9999.000,9999.000,9999.000,9999.000,9999.000,9999.000,9999.000
202603221536,   4.457,   5.579,9999.000,9999.000,9999.000,9999.000,9999.000,9999.000,9999.000
202603221542,   4.406,   5.549,9999.000,9999.000,9999.000,9999.000,9999.000,9999.000,9999.000
202603221548,   4.348,   5.467,9999.000,9999.000,9999.000,9999.000,9999.000,9999.000,9999.000
202603221554,   4.281,   5.438,9999.000,9999.000,9999.000,9999.000,9999.000,9999.000,9999.000
202603221600,   4.207,   5.379,   0.700,   0.472,   5.379,   0.600,   5.279,   0.700,   5.379
202603221606,   4.126,   5.287,9999.000,9999.000,9999.000,9999.000,9999.000,9999.000,9999.000
202603221612,   4.037,   5.208,9999.000,9999.000,9999.000,9999.000,9999.000,9999.000,9999.000
202603221618,   3.942,   5.120,9999.000,9999.000,9999.000,9999.000,9999.000,9999.000,9999.000
202603221624,   3.841,   5.018,9999.000,9999.000,9999.000,9999.000,9999.000,9999.000,9999.000
202603221630,   3.735,   4.900,9999.000,9999.000,9999.000,9999.000,9999.000,9999.000,9999.000
202603221636,   3.624,   4.769,9999.000,9999.000,9999.000,9999.000,9999.000,9999.000,9999.000
202603221642,   3.508,   4.667,9999.000,9999.000,9999.000,9999.000,9999.000,9999.000,9999.000
202603221648,   3.388,   4.549,9999.000,9999.000,9999.000,9999.000,9999.000,9999.000,9999.000
202603221654,   3.265,   4.418,9999.000,9999.000,9999.000,9999.000,9999.000,9999.000,9999.000
202603221700,   3.140,   4.280,   0.700,   0.440,   4.280,   0.700,   4.280,   0.700,   4.280
202603221706,   3.012,   4.168,9999.000,9999.000,9999.000,9999.000,9999.000,9999.000,9999.000
202603221712,   2.884,   4.037,9999.000,9999.000,9999.000,9999.000,9999.000,9999.000,9999.000
202603221718,   2.754,   3.909,9999.000,9999.000,9999.000,9999.000,9999.000,9999.000,9999.000
202603221724,   2.624,   3.778,9999.000,9999.000,9999.000,9999.000,9999.000,9999.000,9999.000
202603221730,   2.493,   3.660,9999.000,9999.000,9999.000,9999.000,9999.000,9999.000,9999.000
202603221736,   2.364,   3.539,9999.000,9999.000,9999.000,9999.000,9999.000,9999.000,9999.000
202603221742,   2.235,   3.417,9999.000,9999.000,9999.000,9999.000,9999.000,9999.000,9999.000
202603221748,   2.107,   3.299,9999.000,9999.000,9999.000,9999.000,9999.000,9999.000,9999.000
202603221754,   1.981,   3.207,9999.000,9999.000,9999.000,9999.000,9999.000,9999.000,9999.000
202603221800,   1.856,   3.089,   0.700,   0.533,   3.089,   0.700,   3.089,   0.700,   3.089
202603221806,   1.734,   2.978,9999.000,9999.000,9999.000,9999.000,9999.000,9999.000,9999.000
202603221812,   1.613,   2.879,9999.000,9999.000,9999.000,9999.000,9999.000,9999.000,9999.000
202603221818,   1.495,   2.778,9999.000,9999.000,9999.000,9999.000,9999.000,9999.000,9999.000
202603221824,   1.379,   2.660,9999.000,9999.000,9999.000,9999.000,9999.000,9999.000,9999.000
202603221830,   1.266,   2.558,9999.000,9999.000,9999.000,9999.000,9999.000,9999.000,9999.000
202603221836,   1.155,   2.450,9999.000,9999.000,9999.000,9999.000,9999.000,9999.000,9999.000
202603221842,   1.046,   2.348,9999.000,9999.000,9999.000,9999.000,9999.000,9999.000,9999.000
202603221848,   0.941,   2.230,9999.000,9999.000,9999.000,9999.000,9999.000,9999.000,9999.000
202603221854,   0.838,   2.118,9999.000,9999.000,9999.000,9999.000,9999.000,9999.000,9999.000
202603221900,   0.738,   2.020,   0.700,   0.582,   2.020,   0.700,   2.020,   0.700,   2.020
202603221906,   0.641,   1.908,9999.000,9999.000,9999.000,9999.000,9999.000,9999.000,9999.000
202603221912,   0.547,   1.810,9999.000,9999.000,9999.000,9999.000,9999.000,9999.000,9999.000
202603221918,   0.456,   1.718,9999.000,9999.000,9999.000,9999.000,9999.000,9999.000,9999.000
202603221924,   0.369,   1.620,9999.000,9999.000,9999.000,9999.000,9999.000,9999.000,9999.000
202603221930,   0.285,   1.528,9999.000,9999.000,9999.000,9999.000,9999.000,9999.000,9999.000
202603221936,   0.204,   1.430,9999.000,9999.000,9999.000,9999.000,9999.000,9999.000,9999.000
202603221942,   0.128,   1.338,9999.000,9999.000,9999.000,9999.000,9999.000,9999.000,9999.000
202603221948,   0.055,   1.239,9999.000,9999.000,9999.000,9999.000,9999.000,9999.000,9999.000
202603221954,  -0.012,   1.161,9999.000,9999.000,9999.000,9999.000,9999.000,9999.000,9999.000
202603222000,  -0.077,   1.059,   0.700,   0.436,   1.059,   0.700,   1.059,   0.700,   1.059
202603222006,  -0.136,   1.000,9999.000,9999.000,9999.000,9999.000,9999.000,9999.000,9999.000
202603222012,  -0.192,   0.898,9999.000,9999.000,9999.000,9999.000,9999.000,9999.000,9999.000
202603222018,  -0.242,   0.819,9999.000,9999.000,9999.000,9999.000,9999.000,9999.000,9999.000
202603222024,  -0.287,   0.760,9999.000,9999.000,9999.000,9999.000,9999.000,9999.000,9999.000
202603222030,  -0.327,   0.669,9999.000,9999.000,9999.000,9999.000,9999.000,9999.000,9999.000
202603222036,  -0.361,   0.600,9999.000,9999.000,9999.000,9999.000,9999.000,9999.000,9999.000
202603222042,  -0.390,   0.541,9999.000,9999.000,9999.000,9999.000,9999.000,9999.000,9999.000
202603222048,  -0.413,   0.469,9999.000,9999.000,9999.000,9999.000,9999.000,9999.000,9999.000
202603222054,  -0.430,   0.409,9999.000,9999.000,9999.000,9999.000,9999.000,9999.000,9999.000
202603222100,  -0.441,   0.370,   0.700,   0.111,   0.370,   0.700,   0.370,   0.700,   0.370
202603222106,  -0.445,   0.331,9999.000,9999.000,9999.000,9999.000,9999.000,9999.000,9999.000
202603222112,  -0.443,   0.288,9999.000,9999.000,9999.000,9999.000,9999.000,9999.000,9999.000
202603222118,  -0.434,   0.268,9999.000,9999.000,9999.000,9999.000,9999.000,9999.000,9999.000
202603222124,  -0.419,   0.229,9999.000,9999.000,9999.000,9999.000,9999.000,9999.000,9999.000
202603222130,  -0.396,   0.249,9999.000,9999.000,9999.000,9999.000,9999.000,9999.000,9999.000
202603222136,  -0.366,   0.259,9999.000,9999.000,9999.000,9999.000,9999.000,9999.000,9999.000
202603222142,  -0.329,   0.288,9999.000,9999.000,9999.000,9999.000,9999.000,9999.000,9999.000
202603222148,  -0.285,   0.321,9999.000,9999.000,9999.000,9999.000,9999.000,9999.000,9999.000
202603222154,  -0.233,   0.350,9999.000,9999.000,9999.000,9999.000,9999.000,9999.000,9999.000
202603222200,  -0.174,   0.429,   0.700,  -0.097,   0.429,   0.700,   0.429,   0.700,   0.429
202603222206,  -0.107,   0.508,9999.000,9999.000,9999.000,9999.000,9999.000,9999.000,9999.000
202603222212,  -0.032,   0.610,9999.000,9999.000,9999.000,9999.000,9999.000,9999.000,9999.000
202603222218,   0.049,   0.708,9999.000,9999.000,9999.000,9999.000,9999.000,9999.000,9999.000
202603222224,   0.139,   0.810,9999.000,9999.000,9999.000,9999.000,9999.000,9999.000,9999.000
202603222230,   0.237,   0.928,9999.000,9999.000,9999.000,9999.000,9999.000,9999.000,9999.000
202603222236,   0.341,   1.039,9999.000,9999.000,9999.000,9999.000,9999.000,9999.000,9999.000
202603222242,   0.453,   1.190,9999.000,9999.000,9999.000,9999.000,9999.000,9999.000,9999.000
202603222248,   0.572,   1.298,9999.000,9999.000,9999.000,9999.000,9999.000,9999.000,9999.000
202603222254,   0.697,   1.410,9999.000,9999.000,9999.000,9999.000,9999.000,9999.000,9999.000
202603222300,   0.829,   1.548,   0.700,   0.019,   1.548,   0.600,   1.448,   0.700,   1.548
202603222306,   0.967,   1.689,9999.000,9999.000,9999.000,9999.000,9999.000,9999.000,9999.000
202603222312,   1.109,   1.820,9999.000,9999.000,9999.000,9999.000,9999.000,9999.000,9999.000
202603222318,   1.257,   1.948,9999.000,9999.000,9999.000,9999.000,9999.000,9999.000,9999.000
202603222324,   1.409,   2.079,9999.000,9999.000,9999.000,9999.000,9999.000,9999.000,9999.000
202603222330,   1.564,   2.230,9999.000,9999.000,9999.000,9999.000,9999.000,9999.000,9999.000
202603222336,   1.722,   2.368,9999.000,9999.000,9999.000,9999.000,9999.000,9999.000,9999.000
202603222342,   1.882,   2.489,9999.000,9999.000,9999.000,9999.000,9999.000,9999.000,9999.000
202603222348,   2.044,   2.640,9999.000,9999.000,9999.000,9999.000,9999.000,9999.000,9999.000
202603222354,   2.207,   2.768,9999.000,9999.000,9999.000,9999.000,9999.000,9999.000,9999.000
202603230000,   2.369,   2.919,   0.700,  -0.150,   2.919,   0.600,   2.819,   0.700,   2.919
202603230006,   2.531,   3.060,9999.000,9999.000,9999.000,9999.000,9999.000,9999.000,9999.000
202603230012,   2.691,   3.207,9999.000,9999.000,9999.000,9999.000,9999.000,9999.000,9999.000
202603230018,   2.850,   3.358,9999.000,9999.000,9999.000,9999.000,9999.000,9999.000,9999.000
202603230024,   3.005,   3.489,9999.000,9999.000,9999.000,9999.000,9999.000,9999.000,9999.000
202603230030,   3.158,   3.627,9999.000,9999.000,9999.000,9999.000,9999.000,9999.000,9999.000
202603230036,   3.307,   3.778,9999.000,9999.000,9999.000,9999.000,9999.000,9999.000,9999.000
202603230042,   3.451,   3.909,9999.000,9999.000,9999.000,9999.000,9999.000,9999.000,9999.000
202603230048,   3.591,   4.047,9999.000,9999.000,9999.000,9999.000,9999.000,9999.000,9999.000
202603230054,   3.726,   4.178,9999.000,9999.000,9999.000,9999.000,9999.000,9999.000,9999.000
202603230100,   3.856,   4.309,   0.700,  -0.247,   4.309,   0.600,   4.209,   0.700,   4.309
202603230106,   3.980,   4.418,9999.000,9999.000,9999.000,9999.000,9999.000,9999.000,9999.000
202603230112,   4.099,   4.529,9999.000,9999.000,9999.000,9999.000,9999.000,9999.000,9999.000
202603230118,   4.213,   4.647,9999.000,9999.000,9999.000,9999.000,9999.000,9999.000,9999.000
202603230124,   4.321,   4.739,9999.000,9999.000,9999.000,9999.000,9999.000,9999.000,9999.000
202603230130,   4.423,   4.837,9999.000,9999.000,9999.000,9999.000,9999.000,9999.000,9999.000
202603230136,   4.520,   4.939,9999.000,9999.000,9999.000,9999.000,9999.000,9999.000,9999.000
202603230142,   4.612,   5.018,9999.000,9999.000,9999.000,9999.000,9999.000,9999.000,9999.000
202603230148,   4.698,   5.110,9999.000,9999.000,9999.000,9999.000,9999.000,9999.000,9999.000
202603230154,   4.780,   5.179,9999.000,9999.000,9999.000,9999.000,9999.000,9999.000,9999.000
202603230200,   4.856,   5.247,   0.700,  -0.309,   5.247,   0.600,   5.147,   0.700,   5.247
202603230206,   4.927,   5.320,9999.000,9999.000,9999.000,9999.000,9999.000,9999.000,9999.000
202603230212,   4.994,   5.369,9999.000,9999.000,9999.000,9999.000,9999.000,9999.000,9999.000
202603230218,   5.056,   5.408,9999.000,9999.000,9999.000,9999.000,9999.000,9999.000,9999.000
202603230224,   5.112,   5.457,9999.000,9999.000,9999.000,9999.000,9999.000,9999.000,9999.000
202603230230,   5.164,   5.516,9999.000,9999.000,9999.000,9999.000,9999.000,9999.000,9999.000
202603230236,   5.211,   5.559,9999.000,9999.000,9999.000,9999.000,9999.000,9999.000,9999.000
202603230242,   5.253,   5.598,9999.000,9999.000,9999.000,9999.000,9999.000,9999.000,9999.000
202603230248,   5.289,   5.657,9999.000,9999.000,9999.000,9999.000,9999.000,9999.000,9999.000
202603230254,   5.319,   5.707,9999.000,9999.000,9999.000,9999.000,9999.000,9999.000,9999.000
202603230300,   5.344,   5.769,   0.700,  -0.275,   5.769,   0.600,   5.669,   0.700,   5.769
202603230306,   5.363,   5.808,9999.000,9999.000,9999.000,9999.000,9999.000,9999.000,9999.000
202603230312,   5.375,   5.858,9999.000,9999.000,9999.000,9999.000,9999.000,9999.000,9999.000
202603230318,   5.381,   5.897,9999.000,9999.000,9999.000,9999.000,9999.000,9999.000,9999.000
202603230324,   5.379,   5.940,9999.000,9999.000,9999.000,9999.000,9999.000,9999.000,9999.000
202603230330,   5.371,   5.959,9999.000,9999.000,9999.000,9999.000,9999.000,9999.000,9999.000
202603230336,   5.354,   5.969,9999.000,9999.000,9999.000,9999.000,9999.000,9999.000,9999.000
202603230342,   5.330,   5.999,9999.000,9999.000,9999.000,9999.000,9999.000,9999.000,9999.000
202603230348,   5.298,   6.008,9999.000,9999.000,9999.000,9999.000,9999.000,9999.000,9999.000
202603230354,   5.258,   5.999,9999.000,9999.000,9999.000,9999.000,9999.000,9999.000,9999.000
202603230400,   5.210,   5.989,   0.700,   0.079,   5.989,   0.600,   5.889,   0.700,   5.989
202603230406,   5.154,   5.969,9999.000,9999.000,9999.000,9999.000,9999.000,9999.000,9999.000
202603230412,   5.089,   5.940,9999.000,9999.000,9999.000,9999.000,9999.000,9999.000,9999.000
202603230418,   5.017,   5.907,9999.000,9999.000,9999.000,9999.000,9999.000,9999.000,9999.000
202603230424,   4.937,   5.838,9999.000,9999.000,9999.000,9999.000,9999.000,9999.000,9999.000
202603230430,   4.849,   5.779,9999.000,9999.000,9999.000,9999.000,9999.000,9999.000,9999.000
202603230436,   4.754,   5.697,9999.000,9999.000,9999.000,9999.000,9999.000,9999.000,9999.000
202603230442,   4.653,   5.608,9999.000,9999.000,9999.000,9999.000,9999.000,9999.000,9999.000
202603230448,   4.546,   5.516,9999.000,9999.000,9999.000,9999.000,9999.000,9999.000,9999.000
202603230454,   4.432,   5.398,9999.000,9999.000,9999.000,9999.000,9999.000,9999.000,9999.000
202603230500,   4.314,   5.287,   0.700,   0.273,   5.287,   0.600,   5.187,   0.700,   5.287
202603230506,   4.191,   5.169,9999.000,9999.000,9999.000,9999.000,9999.000,9999.000,9999.000
202603230512,   4.064,   5.057,9999.000,9999.000,9999.000,9999.000,9999.000,9999.000,9999.000
202603230518,   3.934,   4.939,9999.000,9999.000,9999.000,9999.000,9999.000,9999.000,9999.000
202603230524,   3.800,   4.818,9999.000,9999.000,9999.000,9999.000,9999.000,9999.000,9999.000
202603230530,   3.665,   4.710,9999.000,9999.000,9999.000,9999.000,9999.000,9999.000,9999.000
202603230536,   3.528,   4.578,9999.000,9999.000,9999.000,9999.000,9999.000,9999.000,9999.000
202603230542,   3.390,   4.480,9999.000,9999.000,9999.000,9999.000,9999.000,9999.000,9999.000
202603230548,   3.251,   4.368,9999.000,9999.000,9999.000,9999.000,9999.000,9999.000,9999.000
202603230554,   3.112,   4.237,9999.000,9999.000,9999.000,9999.000,9999.000,9999.000,9999.000
202603230600,   2.974,   4.099,   0.700,   0.425,   4.099,   0.600,   3.999,   0.700,   4.099
202603230606,   2.836,   3.968,9999.000,9999.000,9999.000,9999.000,9999.000,9999.000,9999.000
202603230612,   2.699,   3.860,9999.000,9999.000,9999.000,9999.000,9999.000,9999.000,9999.000
202603230618,   2.564,   3.749,9999.000,9999.000,9999.000,9999.000,9999.000,9999.000,9999.000
202603230624,   2.430,   3.650,9999.000,9999.000,9999.000,9999.000,9999.000,9999.000,9999.000
202603230630,   2.298,   3.548,9999.000,9999.000,9999.000,9999.000,9999.000,9999.000,9999.000
202603230636,   2.167,   3.427,9999.000,9999.000,9999.000,9999.000,9999.000,9999.000,9999.000
202603230642,   2.039,   3.319,9999.000,9999.000,9999.000,9999.000,9999.000,9999.000,9999.000
202603230648,   1.913,   3.197,9999.000,9999.000,9999.000,9999.000,9999.000,9999.000,9999.000
202603230654,   1.789,   3.119,9999.000,9999.000,9999.000,9999.000,9999.000,9999.000,9999.000
202603230700,   1.667,   3.040,   0.700,   0.673,   3.040,   0.600,   2.940,   0.700,   3.040
202603230706,   1.548,   2.929,9999.000,9999.000,9999.000,9999.000,9999.000,9999.000,9999.000
202603230712,   1.431,   2.830,9999.000,9999.000,9999.000,9999.000,9999.000,9999.000,9999.000
202603230718,   1.317,   2.709,9999.000,9999.000,9999.000,9999.000,9999.000,9999.000,9999.000
202603230724,   1.205,   2.610,9999.000,9999.000,9999.000,9999.000,9999.000,9999.000,9999.000
202603230730,   1.096,   2.519,9999.000,9999.000,9999.000,9999.000,9999.000,9999.000,9999.000
202603230736,   0.990,   2.420,9999.000,9999.000,9999.000,9999.000,9999.000,9999.000,9999.000
202603230742,   0.886,   2.318,9999.000,9999.000,9999.000,9999.000,9999.000,9999.000,9999.000
202603230748,   0.785,   2.200,9999.000,9999.000,9999.000,9999.000,9999.000,9999.000,9999.000
202603230754,   0.687,   2.109,9999.000,9999.000,9999.000,9999.000,9999.000,9999.000,9999.000
202603230800,   0.593,   2.010,   0.700,   0.717,   2.010,   0.700,   2.010,   0.700,   2.010
202603230806,   0.501,   1.928,9999.000,9999.000,9999.000,9999.000,9999.000,9999.000,9999.000
202603230812,   0.413,   1.820,9999.000,9999.000,9999.000,9999.000,9999.000,9999.000,9999.000
202603230818,   0.329,   1.718,9999.000,9999.000,9999.000,9999.000,9999.000,9999.000,9999.000
202603230824,   0.248,   1.620,9999.000,9999.000,9999.000,9999.000,9999.000,9999.000,9999.000
202603230830,   0.171,   1.538,9999.000,9999.000,9999.000,9999.000,9999.000,9999.000,9999.000
202603230836,   0.098,   1.449,9999.000,9999.000,9999.000,9999.000,9999.000,9999.000,9999.000
202603230842,   0.029,   1.371,9999.000,9999.000,9999.000,9999.000,9999.000,9999.000,9999.000
202603230848,  -0.034,   1.259,9999.000,9999.000,9999.000,9999.000,9999.000,9999.000,9999.000
202603230854,  -0.094,   1.180,9999.000,9999.000,9999.000,9999.000,9999.000,9999.000,9999.000
202603230900,  -0.149,   1.098,   0.700,   0.547,   1.098,   0.700,   1.098,   0.800,   1.198
202603230906,  -0.199,   1.000,9999.000,9999.000,9999.000,9999.000,9999.000,9999.000,9999.000
202603230912,  -0.244,   0.961,9999.000,9999.000,9999.000,9999.000,9999.000,9999.000,9999.000
202603230918,  -0.283,   0.879,9999.000,9999.000,9999.000,9999.000,9999.000,9999.000,9999.000
202603230924,  -0.317,   0.819,9999.000,9999.000,9999.000,9999.000,9999.000,9999.000,9999.000
202603230930,  -0.346,   0.770,9999.000,9999.000,9999.000,9999.000,9999.000,9999.000,9999.000
202603230936,  -0.369,   0.698,9999.000,9999.000,9999.000,9999.000,9999.000,9999.000,9999.000
202603230942,  -0.386,   0.659,9999.000,9999.000,9999.000,9999.000,9999.000,9999.000,9999.000
202603230948,  -0.397,   0.659,9999.000,9999.000,9999.000,9999.000,9999.000,9999.000,9999.000
202603230954,  -0.401,   0.659,9999.000,9999.000,9999.000,9999.000,9999.000,9999.000,9999.000
202603231000,  -0.399,   0.629,   0.700,   0.328,   0.629,   0.700,   0.629,   0.800,   0.729
202603231006,  -0.391,   0.619,9999.000,9999.000,9999.000,9999.000,9999.000,9999.000,9999.000
202603231012,  -0.376,   0.600,9999.000,9999.000,9999.000,9999.000,9999.000,9999.000,9999.000
202603231018,  -0.353,   0.629,9999.000,9999.000,9999.000,9999.000,9999.000,9999.000,9999.000
202603231024,  -0.324,   0.678,9999.000,9999.000,9999.000,9999.000,9999.000,9999.000,9999.000
202603231030,  -0.288,   0.688,9999.000,9999.000,9999.000,9999.000,9999.000,9999.000,9999.000
202603231036,  -0.245,   0.741,9999.000,9999.000,9999.000,9999.000,9999.000,9999.000,9999.000
202603231042,  -0.194,   0.810,9999.000,9999.000,9999.000,9999.000,9999.000,9999.000,9999.000
202603231048,  -0.136,   0.829,9999.000,9999.000,9999.000,9999.000,9999.000,9999.000,9999.000
202603231054,  -0.071,   0.961,9999.000,9999.000,9999.000,9999.000,9999.000,9999.000,9999.000
202603231100,   0.000,   1.000,   0.800,   0.200,   1.000,   0.700,   0.900,   0.800,   1.000
202603231106,   0.079,   1.098,9999.000,9999.000,9999.000,9999.000,9999.000,9999.000,9999.000
202603231112,   0.165,   1.210,9999.000,9999.000,9999.000,9999.000,9999.000,9999.000,9999.000
202603231118,   0.258,   1.308,9999.000,9999.000,9999.000,9999.000,9999.000,9999.000,9999.000
202603231124,   0.356,   1.410,9999.000,9999.000,9999.000,9999.000,9999.000,9999.000,9999.000
202603231130,   0.461,   1.528,9999.000,9999.000,9999.000,9999.000,9999.000,9999.000,9999.000
202603231136,   0.571,   1.610,9999.000,9999.000,9999.000,9999.000,9999.000,9999.000,9999.000
202603231142,   0.687,   1.718,9999.000,9999.000,9999.000,9999.000,9999.000,9999.000,9999.000
202603231148,   0.807,   1.800,9999.000,9999.000,9999.000,9999.000,9999.000,9999.000,9999.000
202603231154,   0.930,   1.908,9999.000,9999.000,9999.000,9999.000,9999.000,9999.000,9999.000
202603231200,   1.058,   2.020,   0.800,   0.162,   2.020,   0.800,   2.020,   0.800,   2.020
202603231206,   1.188,   2.138,9999.000,9999.000,9999.000,9999.000,9999.000,9999.000,9999.000
202603231212,   1.320,   2.230,9999.000,9999.000,9999.000,9999.000,9999.000,9999.000,9999.000
202603231218,   1.453,   2.328,9999.000,9999.000,9999.000,9999.000,9999.000,9999.000,9999.000
202603231224,   1.588,   2.387,9999.000,9999.000,9999.000,9999.000,9999.000,9999.000,9999.000
202603231230,   1.722,   2.538,9999.000,9999.000,9999.000,9999.000,9999.000,9999.000,9999.000
202603231236,   1.856,   2.640,9999.000,9999.000,9999.000,9999.000,9999.000,9999.000,9999.000
202603231242,   1.989,   2.758,9999.000,9999.000,9999.000,9999.000,9999.000,9999.000,9999.000
202603231248,   2.120,   2.840,9999.000,9999.000,9999.000,9999.000,9999.000,9999.000,9999.000
202603231254,   2.249,   2.978,9999.000,9999.000,9999.000,9999.000,9999.000,9999.000,9999.000
202603231300,   2.376,   3.079,   0.800,  -0.097,   3.079,   0.800,   3.079,   0.900,   3.179
202603231306,   2.499,   3.250,9999.000,9999.000,9999.000,9999.000,9999.000,9999.000,9999.000
202603231312,   2.619,   3.348,9999.000,9999.000,9999.000,9999.000,9999.000,9999.000,9999.000
202603231318,   2.735,   3.480,9999.000,9999.000,9999.000,9999.000,9999.000,9999.000,9999.000
202603231324,   2.847,   3.607,9999.000,9999.000,9999.000,9999.000,9999.000,9999.000,9999.000
202603231330,   2.955,   3.699,9999.000,9999.000,9999.000,9999.000,9999.000,9999.000,9999.000
202603231336,   3.059,   3.808,9999.000,9999.000,9999.000,9999.000,9999.000,9999.000,9999.000
202603231342,   3.159,   3.968,9999.000,9999.000,9999.000,9999.000,9999.000,9999.000,9999.000
202603231348,   3.254,   4.057,9999.000,9999.000,9999.000,9999.000,9999.000,9999.000,9999.000
202603231354,   3.345,   4.188,9999.000,9999.000,9999.000,9999.000,9999.000,9999.000,9999.000
202603231400,   3.432,   4.267,   0.900,  -0.065,   4.267,   0.800,   4.167,   0.900,   4.267
202603231406,   3.514,   4.398,9999.000,9999.000,9999.000,9999.000,9999.000,9999.000,9999.000
202603231412,   3.593,   4.490,9999.000,9999.000,9999.000,9999.000,9999.000,9999.000,9999.000
202603231418,   3.668,   4.588,9999.000,9999.000,9999.000,9999.000,9999.000,9999.000,9999.000
202603231424,   3.739,   4.729,9999.000,9999.000,9999.000,9999.000,9999.000,9999.000,9999.000
202603231430,   3.806,   4.798,9999.000,9999.000,9999.000,9999.000,9999.000,9999.000,9999.000
202603231436,   3.870,   4.857,9999.000,9999.000,9999.000,9999.000,9999.000,9999.000,9999.000
202603231442,   3.930,   4.939,9999.000,9999.000,9999.000,9999.000,9999.000,9999.000,9999.000
202603231448,   3.986,   5.067,9999.000,9999.000,9999.000,9999.000,9999.000,9999.000,9999.000
202603231454,   4.038,   5.159,9999.000,9999.000,9999.000,9999.000,9999.000,9999.000,9999.000
202603231500,   4.087,   5.208,   0.900,   0.221,   5.208,   0.900,   5.208,   1.000,   5.308
202603231506,   4.131,   5.257,9999.000,9999.000,9999.000,9999.000,9999.000,9999.000,9999.000
202603231512,   4.172,   5.369,9999.000,9999.000,9999.000,9999.000,9999.000,9999.000,9999.000
202603231518,   4.207,   5.418,9999.000,9999.000,9999.000,9999.000,9999.000,9999.000,9999.000
202603231524,   4.238,   5.457,9999.000,9999.000,9999.000,9999.000,9999.000,9999.000,9999.000
202603231530,   4.264,   5.497,9999.000,9999.000,9999.000,9999.000,9999.000,9999.000,9999.000
202603231536,   4.284,   5.530,9999.000,9999.000,9999.000,9999.000,9999.000,9999.000,9999.000
202603231542,   4.298,   5.549,9999.000,9999.000,9999.000,9999.000,9999.000,9999.000,9999.000
202603231548,   4.306,   5.549,9999.000,9999.000,9999.000,9999.000,9999.000,9999.000,9999.000
202603231554,   4.308,   5.589,9999.000,9999.000,9999.000,9999.000,9999.000,9999.000,9999.000
202603231600,   4.303,   5.608,   1.000,   0.305,   5.608,   0.900,   5.508,   1.000,   5.608
202603231606,   4.291,   5.598,9999.000,9999.000,9999.000,9999.000,9999.000,9999.000,9999.000
202603231612,   4.271,   5.589,9999.000,9999.000,9999.000,9999.000,9999.000,9999.000,9999.000
202603231618,   4.245,   5.589,9999.000,9999.000,9999.000,9999.000,9999.000,9999.000,9999.000
202603231624,   4.210,   5.598,9999.000,9999.000,9999.000,9999.000,9999.000,9999.000,9999.000
202603231630,   4.168,   5.549,9999.000,9999.000,9999.000,9999.000,9999.000,9999.000,9999.000
202603231636,   4.118,   5.507,9999.000,9999.000,9999.000,9999.000,9999.000,9999.000,9999.000
202603231642,   4.061,   5.438,9999.000,9999.000,9999.000,9999.000,9999.000,9999.000,9999.000
202603231648,   3.996,   5.379,9999.000,9999.000,9999.000,9999.000,9999.000,9999.000,9999.000
202603231654,   3.925,   5.287,9999.000,9999.000,9999.000,9999.000,9999.000,9999.000,9999.000
202603231700,   3.846,   5.208,   1.000,   0.362,   5.208,   0.900,   5.108,   1.000,   5.208
202603231706,   3.761,   5.129,9999.000,9999.000,9999.000,9999.000,9999.000,9999.000,9999.000
202603231712,   3.670,   5.028,9999.000,9999.000,9999.000,9999.000,9999.000,9999.000,9999.000
202603231718,   3.574,   4.887,9999.000,9999.000,9999.000,9999.000,9999.000,9999.000,9999.000
202603231724,   3.473,   4.778,9999.000,9999.000,9999.000,9999.000,9999.000,9999.000,9999.000
202603231730,   3.367,   4.690,9999.000,9999.000,9999.000,9999.000,9999.000,9999.000,9999.000
202603231736,   3.257,   4.559,9999.000,9999.000,9999.000,9999.000,9999.000,9999.000,9999.000
202603231742,   3.144,   4.418,9999.000,9999.000,9999.000,9999.000,9999.000,9999.000,9999.000
202603231748,   3.029,   4.280,9999.000,9999.000,9999.000,9999.000,9999.000,9999.000,9999.000
202603231754,   2.911,   4.139,9999.000,9999.000,9999.000,9999.000,9999.000,9999.000,9999.000
202603231800,   2.793,   4.008,   1.000,   0.215,   4.008,   0.900,   3.908,   1.000,   4.008
202603231806,   2.673,   3.837,9999.000,9999.000,9999.000,9999.000,9999.000,9999.000,9999.000
202603231812,   2.552,   3.709,9999.000,9999.000,9999.000,9999.000,9999.000,9999.000,9999.000
202603231818,   2.432,   3.578,9999.000,9999.000,9999.000,9999.000,9999.000,9999.000,9999.000
202603231824,   2.313,   3.480,9999.000,9999.000,9999.000,9999.000,9999.000,9999.000,9999.000
202603231830,   2.194,   3.348,9999.000,9999.000,9999.000,9999.000,9999.000,9999.000,9999.000
202603231836,   2.076,   3.240,9999.000,9999.000,9999.000,9999.000,9999.000,9999.000,9999.000
202603231842,   1.960,   3.168,9999.000,9999.000,9999.000,9999.000,9999.000,9999.000,9999.000
202603231848,   1.846,   3.070,9999.000,9999.000,9999.000,9999.000,9999.000,9999.000,9999.000
202603231854,   1.734,   2.909,9999.000,9999.000,9999.000,9999.000,9999.000,9999.000,9999.000
202603231900,   1.625,   2.820,   1.000,   0.195,   2.820,   0.900,   2.720,   1.000,   2.820
202603231906,   1.517,   2.728,9999.000,9999.000,9999.000,9999.000,9999.000,9999.000,9999.000
202603231912,   1.412,   2.630,9999.000,9999.000,9999.000,9999.000,9999.000,9999.000,9999.000
202603231918,   1.310,   2.528,9999.000,9999.000,9999.000,9999.000,9999.000,9999.000,9999.000
202603231924,   1.210,   2.400,9999.000,9999.000,9999.000,9999.000,9999.000,9999.000,9999.000
202603231930,   1.114,   2.299,9999.000,9999.000,9999.000,9999.000,9999.000,9999.000,9999.000
202603231936,   1.020,   2.191,9999.000,9999.000,9999.000,9999.000,9999.000,9999.000,9999.000
202603231942,   0.928,   2.089,9999.000,9999.000,9999.000,9999.000,9999.000,9999.000,9999.000
202603231948,   0.840,   2.000,9999.000,9999.000,9999.000,9999.000,9999.000,9999.000,9999.000
202603231954,   0.755,   1.908,9999.000,9999.000,9999.000,9999.000,9999.000,9999.000,9999.000
202603232000,   0.673,   1.830,   1.000,   0.157,   1.830,   0.900,   1.730,   1.000,   1.830
202603232006,   0.594,   1.728,9999.000,9999.000,9999.000,9999.000,9999.000,9999.000,9999.000
202603232012,   0.518,   1.669,9999.000,9999.000,9999.000,9999.000,9999.000,9999.000,9999.000
202603232018,   0.445,   1.580,9999.000,9999.000,9999.000,9999.000,9999.000,9999.000,9999.000
202603232024,   0.376,   1.508,9999.000,9999.000,9999.000,9999.000,9999.000,9999.000,9999.000
202603232030,   0.311,   1.439,9999.000,9999.000,9999.000,9999.000,9999.000,9999.000,9999.000
202603232036,   0.249,   1.371,9999.000,9999.000,9999.000,9999.000,9999.000,9999.000,9999.000
202603232042,   0.190,   1.308,9999.000,9999.000,9999.000,9999.000,9999.000,9999.000,9999.000
202603232048,   0.136,   1.259,9999.000,9999.000,9999.000,9999.000,9999.000,9999.000,9999.000
202603232054,   0.086,   1.200,9999.000,9999.000,9999.000,9999.000,9999.000,9999.000,9999.000
202603232100,   0.040,   1.180,   1.000,   0.140,   1.180,   0.900,   1.080,   1.000,   1.180
202603232106,  -0.001,   1.088,9999.000,9999.000,9999.000,9999.000,9999.000,9999.000,9999.000
202603232112,  -0.038,   1.059,9999.000,9999.000,9999.000,9999.000,9999.000,9999.000,9999.000
202603232118,  -0.071,   1.010,9999.000,9999.000,9999.000,9999.000,9999.000,9999.000,9999.000
202603232124,  -0.099,   0.970,9999.000,9999.000,9999.000,9999.000,9999.000,9999.000,9999.000
202603232130,  -0.122,   0.908,9999.000,9999.000,9999.000,9999.000,9999.000,9999.000,9999.000
202603232136,  -0.140,   0.859,9999.000,9999.000,9999.000,9999.000,9999.000,9999.000,9999.000
202603232142,  -0.153,   0.849,9999.000,9999.000,9999.000,9999.000,9999.000,9999.000,9999.000
202603232148,  -0.160,   0.879,9999.000,9999.000,9999.000,9999.000,9999.000,9999.000,9999.000
202603232154,  -0.163,   0.879,9999.000,9999.000,9999.000,9999.000,9999.000,9999.000,9999.000
202603232200,  -0.159,   0.928,   1.000,   0.087,   0.928,   0.900,   0.828,   1.000,   0.928
202603232206,  -0.150,   0.951,9999.000,9999.000,9999.000,9999.000,9999.000,9999.000,9999.000
202603232212,  -0.136,   0.951,9999.000,9999.000,9999.000,9999.000,9999.000,9999.000,9999.000
202603232218,  -0.115,   0.980,9999.000,9999.000,9999.000,9999.000,9999.000,9999.000,9999.000
202603232224,  -0.088,   1.020,9999.000,9999.000,9999.000,9999.000,9999.000,9999.000,9999.000
202603232230,  -0.055,   1.069,9999.000,9999.000,9999.000,9999.000,9999.000,9999.000,9999.000
202603232236,  -0.016,   1.180,9999.000,9999.000,9999.000,9999.000,9999.000,9999.000,9999.000
202603232242,   0.028,   1.239,9999.000,9999.000,9999.000,9999.000,9999.000,9999.000,9999.000
202603232248,   0.080,   1.298,9999.000,9999.000,9999.000,9999.000,9999.000,9999.000,9999.000
202603232254,   0.139,   1.361,9999.000,9999.000,9999.000,9999.000,9999.000,9999.000,9999.000
202603232300,   0.204,   1.479,   1.000,   0.275,   1.479,   1.000,   1.479,   1.100,   1.579
202603232306,   0.276,9999.000,9999.000,9999.000,9999.000,9999.000,9999.000,9999.000,9999.000
202603232312,   0.354,9999.000,9999.000,9999.000,9999.000,9999.000,9999.000,9999.000,9999.000
202603232318,   0.439,9999.000,9999.000,9999.000,9999.000,9999.000,9999.000,9999.000,9999.000
202603232324,   0.530,9999.000,9999.000,9999.000,9999.000,9999.000,9999.000,9999.000,9999.000
202603232330,   0.628,9999.000,9999.000,9999.000,9999.000,9999.000,9999.000,9999.000,9999.000
202603232336,   0.732,9999.000,9999.000,9999.000,9999.000,9999.000,9999.000,9999.000,9999.000
202603232342,   0.841,9999.000,9999.000,9999.000,9999.000,9999.000,9999.000,9999.000,9999.000
202603232348,   0.957,9999.000,9999.000,9999.000,9999.000,9999.000,9999.000,9999.000,9999.000
202603232354,   1.077,9999.000,9999.000,9999.000,9999.000,9999.000,9999.000,9999.000,9999.000
202603240000,   1.203,9999.000,   1.000,   0.270,   2.473,   1.000,   2.473,   1.100,   2.573
202603240006,   1.333,9999.000,9999.000,9999.000,9999.000,9999.000,9999.000,9999.000,9999.000
202603240012,   1.466,9999.000,9999.000,9999.000,9999.000,9999.000,9999.000,9999.000,9999.000
202603240018,   1.604,9999.000,9999.000,9999.000,9999.000,9999.000,9999.000,9999.000,9999.000
202603240024,   1.743,9999.000,9999.000,9999.000,9999.000,9999.000,9999.000,9999.000,9999.000
202603240030,   1.886,9999.000,9999.000,9999.000,9999.000,9999.000,9999.000,9999.000,9999.000
202603240036,   2.029,9999.000,9999.000,9999.000,9999.000,9999.000,9999.000,9999.000,9999.000
202603240042,   2.174,9999.000,9999.000,9999.000,9999.000,9999.000,9999.000,9999.000,9999.000
202603240048,   2.318,9999.000,9999.000,9999.000,9999.000,9999.000,9999.000,9999.000,9999.000
202603240054,   2.463,9999.000,9999.000,9999.000,9999.000,9999.000,9999.000,9999.000,9999.000
202603240100,   2.606,9999.000,   1.000,   0.264,   3.870,   1.000,   3.870,   1.100,   3.970
202603240106,   2.748,9999.000,9999.000,9999.000,9999.000,9999.000,9999.000,9999.000,9999.000
202603240112,   2.887,9999.000,9999.000,9999.000,9999.000,9999.000,9999.000,9999.000,9999.000
202603240118,   3.024,9999.000,9999.000,9999.000,9999.000,9999.000,9999.000,9999.000,9999.000
202603240124,   3.158,9999.000,9999.000,9999.000,9999.000,9999.000,9999.000,9999.000,9999.000
202603240130,   3.288,9999.000,9999.000,9999.000,9999.000,9999.000,9999.000,9999.000,9999.000
202603240136,   3.414,9999.000,9999.000,9999.000,9999.000,9999.000,9999.000,9999.000,9999.000
202603240142,   3.535,9999.000,9999.000,9999.000,9999.000,9999.000,9999.000,9999.000,9999.000
202603240148,   3.653,9999.000,9999.000,9999.000,9999.000,9999.000,9999.000,9999.000,9999.000
202603240154,   3.766,9999.000,9999.000,9999.000,9999.000,9999.000,9999.000,9999.000,9999.000
202603240200,   3.874,9999.000,   1.000,   0.259,   5.133,   1.000,   5.133,   1.100,   5.233
202603240206,   3.977,9999.000,9999.000,9999.000,9999.000,9999.000,9999.000,9999.000,9999.000
202603240212,   4.075,9999.000,9999.000,9999.000,9999.000,9999.000,9999.000,9999.000,9999.000
202603240218,   4.169,9999.000,9999.000,9999.000,9999.000,9999.000,9999.000,9999.000,9999.000
202603240224,   4.259,9999.000,9999.000,9999.000,9999.000,9999.000,9999.000,9999.000,9999.000
202603240230,   4.344,9999.000,9999.000,9999.000,9999.000,9999.000,9999.000,9999.000,9999.000
202603240236,   4.424,9999.000,9999.000,9999.000,9999.000,9999.000,9999.000,9999.000,9999.000
202603240242,   4.500,9999.000,9999.000,9999.000,9999.000,9999.000,9999.000,9999.000,9999.000
202603240248,   4.572,9999.000,9999.000,9999.000,9999.000,9999.000,9999.000,9999.000,9999.000
202603240254,   4.640,9999.000,9999.000,9999.000,9999.000,9999.000,9999.000,9999.000,9999.000
202603240300,   4.704,9999.000,   1.000,   0.254,   5.958,   0.900,   5.858,   1.000,   5.958
202603240306,   4.764,9999.000,9999.000,9999.000,9999.000,9999.000,9999.000,9999.000,9999.000
202603240312,   4.820,9999.000,9999.000,9999.000,9999.000,9999.000,9999.000,9999.000,9999.000
202603240318,   4.872,9999.000,9999.000,9999.000,9999.000,9999.000,9999.000,9999.000,9999.000
202603240324,   4.920,9999.000,9999.000,9999.000,9999.000,9999.000,9999.000,9999.000,9999.000
202603240330,   4.964,9999.000,9999.000,9999.000,9999.000,9999.000,9999.000,9999.000,9999.000
202603240336,   5.003,9999.000,9999.000,9999.000,9999.000,9999.000,9999.000,9999.000,9999.000
202603240342,   5.037,9999.000,9999.000,9999.000,9999.000,9999.000,9999.000,9999.000,9999.000
202603240348,   5.067,9999.000,9999.000,9999.000,9999.000,9999.000,9999.000,9999.000,9999.000
202603240354,   5.091,9999.000,9999.000,9999.000,9999.000,9999.000,9999.000,9999.000,9999.000
202603240400,   5.110,9999.000,   1.000,   0.248,   6.358,   0.900,   6.258,   1.000,   6.358
202603240406,   5.123,9999.000,9999.000,9999.000,9999.000,9999.000,9999.000,9999.000,9999.000
202603240412,   5.129,9999.000,9999.000,9999.000,9999.000,9999.000,9999.000,9999.000,9999.000
202603240418,   5.129,9999.000,9999.000,9999.000,9999.000,9999.000,9999.000,9999.000,9999.000
202603240424,   5.122,9999.000,9999.000,9999.000,9999.000,9999.000,9999.000,9999.000,9999.000
202603240430,   5.108,9999.000,9999.000,9999.000,9999.000,9999.000,9999.000,9999.000,9999.000
202603240436,   5.086,9999.000,9999.000,9999.000,9999.000,9999.000,9999.000,9999.000,9999.000
202603240442,   5.057,9999.000,9999.000,9999.000,9999.000,9999.000,9999.000,9999.000,9999.000
202603240448,   5.021,9999.000,9999.000,9999.000,9999.000,9999.000,9999.000,9999.000,9999.000
202603240454,   4.976,9999.000,9999.000,9999.000,9999.000,9999.000,9999.000,9999.000,9999.000
202603240500,   4.924,9999.000,   0.900,   0.243,   6.067,   0.900,   6.067,   1.000,   6.167
202603240506,   4.864,9999.000,9999.000,9999.000,9999.000,9999.000,9999.000,9999.000,9999.000
202603240512,   4.797,9999.000,9999.000,9999.000,9999.000,9999.000,9999.000,9999.000,9999.000
202603240518,   4.722,9999.000,9999.000,9999.000,9999.000,9999.000,9999.000,9999.000,9999.000
202603240524,   4.640,9999.000,9999.000,9999.000,9999.000,9999.000,9999.000,9999.000,9999.000
202603240530,   4.552,9999.000,9999.000,9999.000,9999.000,9999.000,9999.000,9999.000,9999.000
202603240536,   4.458,9999.000,9999.000,9999.000,9999.000,9999.000,9999.000,9999.000,9999.000
202603240542,   4.358,9999.000,9999.000,9999.000,9999.000,9999.000,9999.000,9999.000,9999.000
202603240548,   4.252,9999.000,9999.000,9999.000,9999.000,9999.000,9999.000,9999.000,9999.000
202603240554,   4.143,9999.000,9999.000,9999.000,9999.000,9999.000,9999.000,9999.000,9999.000
202603240600,   4.029,9999.000,   0.900,   0.238,   5.167,   0.800,   5.067,   1.000,   5.267
202603240606,   3.911,9999.000,9999.000,9999.000,9999.000,9999.000,9999.000,9999.000,9999.000
202603240612,   3.791,9999.000,9999.000,9999.000,9999.000,9999.000,9999.000,9999.000,9999.000
202603240618,   3.668,9999.000,9999.000,9999.000,9999.000,9999.000,9999.000,9999.000,9999.000
202603240624,   3.544,9999.000,9999.000,9999.000,9999.000,9999.000,9999.000,9999.000,9999.000
202603240630,   3.419,9999.000,9999.000,9999.000,9999.000,9999.000,9999.000,9999.000,9999.000
202603240636,   3.293,9999.000,9999.000,9999.000,9999.000,9999.000,9999.000,9999.000,9999.000
202603240642,   3.166,9999.000,9999.000,9999.000,9999.000,9999.000,9999.000,9999.000,9999.000
202603240648,   3.040,9999.000,9999.000,9999.000,9999.000,9999.000,9999.000,9999.000,9999.000
202603240654,   2.915,9999.000,9999.000,9999.000,9999.000,9999.000,9999.000,9999.000,9999.000
202603240700,   2.791,9999.000,   0.900,   0.232,   3.923,   0.800,   3.823,   0.900,   3.923
202603240706,   2.667,9999.000,9999.000,9999.000,9999.000,9999.000,9999.000,9999.000,9999.000
202603240712,   2.546,9999.000,9999.000,9999.000,9999.000,9999.000,9999.000,9999.000,9999.000
202603240718,   2.426,9999.000,9999.000,9999.000,9999.000,9999.000,9999.000,9999.000,9999.000
202603240724,   2.308,9999.000,9999.000,9999.000,9999.000,9999.000,9999.000,9999.000,9999.000
202603240730,   2.192,9999.000,9999.000,9999.000,9999.000,9999.000,9999.000,9999.000,9999.000
202603240736,   2.078,9999.000,9999.000,9999.000,9999.000,9999.000,9999.000,9999.000,9999.000
202603240742,   1.967,9999.000,9999.000,9999.000,9999.000,9999.000,9999.000,9999.000,9999.000
202603240748,   1.857,9999.000,9999.000,9999.000,9999.000,9999.000,9999.000,9999.000,9999.000
202603240754,   1.750,9999.000,9999.000,9999.000,9999.000,9999.000,9999.000,9999.000,9999.000
202603240800,   1.646,9999.000,   0.900,   0.227,   2.773,   0.800,   2.673,   0.900,   2.773
202603240806,   1.543,9999.000,9999.000,9999.000,9999.000,9999.000,9999.000,9999.000,9999.000
202603240812,   1.443,9999.000,9999.000,9999.000,9999.000,9999.000,9999.000,9999.000,9999.000
202603240818,   1.346,9999.000,9999.000,9999.000,9999.000,9999.000,9999.000,9999.000,9999.000
202603240824,   1.250,9999.000,9999.000,9999.000,9999.000,9999.000,9999.000,9999.000,9999.000
202603240830,   1.158,9999.000,9999.000,9999.000,9999.000,9999.000,9999.000,9999.000,9999.000
202603240836,   1.067,9999.000,9999.000,9999.000,9999.000,9999.000,9999.000,9999.000,9999.000
202603240842,   0.980,9999.000,9999.000,9999.000,9999.000,9999.000,9999.000,9999.000,9999.000
202603240848,   0.895,9999.000,9999.000,9999.000,9999.000,9999.000,9999.000,9999.000,9999.000
202603240854,   0.813,9999.000,9999.000,9999.000,9999.000,9999.000,9999.000,9999.000,9999.000
202603240900,   0.733,9999.000,   0.900,   0.222,   1.855,   0.800,   1.755,   0.900,   1.855
202603240906,   0.657,9999.000,9999.000,9999.000,9999.000,9999.000,9999.000,9999.000,9999.000
202603240912,   0.584,9999.000,9999.000,9999.000,9999.000,9999.000,9999.000,9999.000,9999.000
202603240918,   0.514,9999.000,9999.000,9999.000,9999.000,9999.000,9999.000,9999.000,9999.000
202603240924,   0.447,9999.000,9999.000,9999.000,9999.000,9999.000,9999.000,9999.000,9999.000
202603240930,   0.383,9999.000,9999.000,9999.000,9999.000,9999.000,9999.000,9999.000,9999.000
202603240936,   0.323,9999.000,9999.000,9999.000,9999.000,9999.000,9999.000,9999.000,9999.000
202603240942,   0.267,9999.000,9999.000,9999.000,9999.000,9999.000,9999.000,9999.000,9999.000
202603240948,   0.215,9999.000,9999.000,9999.000,9999.000,9999.000,9999.000,9999.000,9999.000
202603240954,   0.166,9999.000,9999.000,9999.000,9999.000,9999.000,9999.000,9999.000,9999.000
202603241000,   0.122,9999.000,   0.900,   0.217,   1.239,   0.800,   1.139,   0.900,   1.239
202603241006,   0.082,9999.000,9999.000,9999.000,9999.000,9999.000,9999.000,9999.000,9999.000
202603241012,   0.046,9999.000,9999.000,9999.000,9999.000,9999.000,9999.000,9999.000,9999.000
202603241018,   0.014,9999.000,9999.000,9999.000,9999.000,9999.000,9999.000,9999.000,9999.000
202603241024,  -0.011,9999.000,9999.000,9999.000,9999.000,9999.000,9999.000,9999.000,9999.000
202603241030,  -0.033,9999.000,9999.000,9999.000,9999.000,9999.000,9999.000,9999.000,9999.000
202603241036,  -0.050,9999.000,9999.000,9999.000,9999.000,9999.000,9999.000,9999.000,9999.000
202603241042,  -0.062,9999.000,9999.000,9999.000,9999.000,9999.000,9999.000,9999.000,9999.000
202603241048,  -0.069,9999.000,9999.000,9999.000,9999.000,9999.000,9999.000,9999.000,9999.000
202603241054,  -0.070,9999.000,9999.000,9999.000,9999.000,9999.000,9999.000,9999.000,9999.000
202603241100,  -0.066,9999.000,   0.900,   0.211,   1.045,   0.800,   0.945,   0.900,   1.045
202603241106,  -0.055,9999.000,9999.000,9999.000,9999.000,9999.000,9999.000,9999.000,9999.000
202603241112,  -0.039,9999.000,9999.000,9999.000,9999.000,9999.000,9999.000,9999.000,9999.000
202603241118,  -0.017,9999.000,9999.000,9999.000,9999.000,9999.000,9999.000,9999.000,9999.000
202603241124,   0.010,9999.000,9999.000,9999.000,9999.000,9999.000,9999.000,9999.000,9999.000
202603241130,   0.044,9999.000,9999.000,9999.000,9999.000,9999.000,9999.000,9999.000,9999.000
202603241136,   0.085,9999.000,9999.000,9999.000,9999.000,9999.000,9999.000,9999.000,9999.000
202603241142,   0.132,9999.000,9999.000,9999.000,9999.000,9999.000,9999.000,9999.000,9999.000
202603241148,   0.186,9999.000,9999.000,9999.000,9999.000,9999.000,9999.000,9999.000,9999.000
202603241154,   0.245,9999.000,9999.000,9999.000,9999.000,9999.000,9999.000,9999.000,9999.000
202603241200,   0.311,9999.000,   0.900,   0.211,   1.422,   0.800,   1.322,   0.900,   1.422
202603241206,   0.383,9999.000,9999.000,9999.000,9999.000,9999.000,9999.000,9999.000,9999.000
202603241212,   0.461,9999.000,9999.000,9999.000,9999.000,9999.000,9999.000,9999.000,9999.000
202603241218,   0.544,9999.000,9999.000,9999.000,9999.000,9999.000,9999.000,9999.000,9999.000
202603241224,   0.632,9999.000,9999.000,9999.000,9999.000,9999.000,9999.000,9999.000,9999.000
202603241230,   0.726,9999.000,9999.000,9999.000,9999.000,9999.000,9999.000,9999.000,9999.000
202603241236,   0.823,9999.000,9999.000,9999.000,9999.000,9999.000,9999.000,9999.000,9999.000
202603241242,   0.925,9999.000,9999.000,9999.000,9999.000,9999.000,9999.000,9999.000,9999.000
202603241248,   1.030,9999.000,9999.000,9999.000,9999.000,9999.000,9999.000,9999.000,9999.000
202603241254,   1.139,9999.000,9999.000,9999.000,9999.000,9999.000,9999.000,9999.000,9999.000
202603241300,   1.250,9999.000,   0.900,   0.211,   2.361,   0.800,   2.261,   1.000,   2.461
202603241306,   1.362,9999.000,9999.000,9999.000,9999.000,9999.000,9999.000,9999.000,9999.000
202603241312,   1.476,9999.000,9999.000,9999.000,9999.000,9999.000,9999.000,9999.000,9999.000
202603241318,   1.591,9999.000,9999.000,9999.000,9999.000,9999.000,9999.000,9999.000,9999.000
202603241324,   1.705,9999.000,9999.000,9999.000,9999.000,9999.000,9999.000,9999.000,9999.000
202603241330,   1.819,9999.000,9999.000,9999.000,9999.000,9999.000,9999.000,9999.000,9999.000
202603241336,   1.933,9999.000,9999.000,9999.000,9999.000,9999.000,9999.000,9999.000,9999.000
202603241342,   2.044,9999.000,9999.000,9999.000,9999.000,9999.000,9999.000,9999.000,9999.000
202603241348,   2.154,9999.000,9999.000,9999.000,9999.000,9999.000,9999.000,9999.000,9999.000
202603241354,   2.262,9999.000,9999.000,9999.000,9999.000,9999.000,9999.000,9999.000,9999.000
202603241400,   2.367,9999.000,   0.900,   0.211,   3.478,   0.800,   3.378,   1.000,   3.578
202603241406,   2.470,9999.000,9999.000,9999.000,9999.000,9999.000,9999.000,9999.000,9999.000
202603241412,   2.569,9999.000,9999.000,9999.000,9999.000,9999.000,9999.000,9999.000,9999.000
202603241418,   2.665,9999.000,9999.000,9999.000,9999.000,9999.000,9999.000,9999.000,9999.000
202603241424,   2.758,9999.000,9999.000,9999.000,9999.000,9999.000,9999.000,9999.000,9999.000
202603241430,   2.847,9999.000,9999.000,9999.000,9999.000,9999.000,9999.000,9999.000,9999.000
202603241436,   2.933,9999.000,9999.000,9999.000,9999.000,9999.000,9999.000,9999.000,9999.000
202603241442,   3.016,9999.000,9999.000,9999.000,9999.000,9999.000,9999.000,9999.000,9999.000
202603241448,   3.095,9999.000,9999.000,9999.000,9999.000,9999.000,9999.000,9999.000,9999.000
202603241454,   3.172,9999.000,9999.000,9999.000,9999.000,9999.000,9999.000,9999.000,9999.000
202603241500,   3.245,9999.000,   0.900,   0.211,   4.356,   0.800,   4.256,   1.000,   4.456
202603241506,   3.316,9999.000,9999.000,9999.000,9999.000,9999.000,9999.000,9999.000,9999.000
202603241512,   3.384,9999.000,9999.000,9999.000,9999.000,9999.000,9999.000,9999.000,9999.000
202603241518,   3.449,9999.000,9999.000,9999.000,9999.000,9999.000,9999.000,9999.000,9999.000
202603241524,   3.511,9999.000,9999.000,9999.000,9999.000,9999.000,9999.000,9999.000,9999.000
202603241530,   3.570,9999.000,9999.000,9999.000,9999.000,9999.000,9999.000,9999.000,9999.000
202603241536,   3.627,9999.000,9999.000,9999.000,9999.000,9999.000,9999.000,9999.000,9999.000
202603241542,   3.681,9999.000,9999.000,9999.000,9999.000,9999.000,9999.000,9999.000,9999.000
202603241548,   3.732,9999.000,9999.000,9999.000,9999.000,9999.000,9999.000,9999.000,9999.000
202603241554,   3.780,9999.000,9999.000,9999.000,9999.000,9999.000,9999.000,9999.000,9999.000
202603241600,   3.825,9999.000,   0.900,   0.211,   4.936,   0.800,   4.836,   1.000,   5.036
202603241606,   3.866,9999.000,9999.000,9999.000,9999.000,9999.000,9999.000,9999.000,9999.000
202603241612,   3.903,9999.000,9999.000,9999.000,9999.000,9999.000,9999.000,9999.000,9999.000
202603241618,   3.935,9999.000,9999.000,9999.000,9999.000,9999.000,9999.000,9999.000,9999.000
202603241624,   3.964,9999.000,9999.000,9999.000,9999.000,9999.000,9999.000,9999.000,9999.000
202603241630,   3.987,9999.000,9999.000,9999.000,9999.000,9999.000,9999.000,9999.000,9999.000
202603241636,   4.004,9999.000,9999.000,9999.000,9999.000,9999.000,9999.000,9999.000,9999.000
202603241642,   4.016,9999.000,9999.000,9999.000,9999.000,9999.000,9999.000,9999.000,9999.000
202603241648,   4.022,9999.000,9999.000,9999.000,9999.000,9999.000,9999.000,9999.000,9999.000
202603241654,   4.022,9999.000,9999.000,9999.000,9999.000,9999.000,9999.000,9999.000,9999.000
202603241700,   4.015,9999.000,   0.900,   0.211,   5.126,   0.800,   5.026,   1.000,   5.226
202603241706,   4.000,9999.000,9999.000,9999.000,9999.000,9999.000,9999.000,9999.000,9999.000
202603241712,   3.979,9999.000,9999.000,9999.000,9999.000,9999.000,9999.000,9999.000,9999.000
202603241718,   3.950,9999.000,9999.000,9999.000,9999.000,9999.000,9999.000,9999.000,9999.000
202603241724,   3.915,9999.000,9999.000,9999.000,9999.000,9999.000,9999.000,9999.000,9999.000
202603241730,   3.872,9999.000,9999.000,9999.000,9999.000,9999.000,9999.000,9999.000,9999.000
202603241736,   3.821,9999.000,9999.000,9999.000,9999.000,9999.000,9999.000,9999.000,9999.000
202603241742,   3.764,9999.000,9999.000,9999.000,9999.000,9999.000,9999.000,9999.000,9999.000
202603241748,   3.701,9999.000,9999.000,9999.000,9999.000,9999.000,9999.000,9999.000,9999.000
202603241754,   3.631,9999.000,9999.000,9999.000,9999.000,9999.000,9999.000,9999.000,9999.000
202603241800,   3.555,9999.000,   0.900,   0.211,   4.666,   0.800,   4.566,   1.000,   4.766
202603241806,   3.473,9999.000,9999.000,9999.000,9999.000,9999.000,9999.000,9999.000,9999.000
202603241812,   3.387,9999.000,9999.000,9999.000,9999.000,9999.000,9999.000,9999.000,9999.000
202603241818,   3.296,9999.000,9999.000,9999.000,9999.000,9999.000,9999.000,9999.000,9999.000
202603241824,   3.201,9999.000,9999.000,9999.000,9999.000,9999.000,9999.000,9999.000,9999.000
202603241830,   3.103,9999.000,9999.000,9999.000,9999.000,9999.000,9999.000,9999.000,9999.000
202603241836,   3.002,9999.000,9999.000,9999.000,9999.000,9999.000,9999.000,9999.000,9999.000
202603241842,   2.899,9999.000,9999.000,9999.000,9999.000,9999.000,9999.000,9999.000,9999.000
202603241848,   2.795,9999.000,9999.000,9999.000,9999.000,9999.000,9999.000,9999.000,9999.000
202603241854,   2.689,9999.000,9999.000,9999.000,9999.000,9999.000,9999.000,9999.000,9999.000
202603241900,   2.583,9999.000,   0.900,   0.211,   3.694,   0.800,   3.594,   1.000,   3.794
202603241906,   2.477,9999.000,9999.000,9999.000,9999.000,9999.000,9999.000,9999.000,9999.000
202603241912,   2.371,9999.000,9999.000,9999.000,9999.000,9999.000,9999.000,9999.000,9999.000
202603241918,   2.266,9999.000,9999.000,9999.000,9999.000,9999.000,9999.000,9999.000,9999.000
202603241924,   2.163,9999.000,9999.000,9999.000,9999.000,9999.000,9999.000,9999.000,9999.000
202603241930,   2.061,9999.000,9999.000,9999.000,9999.000,9999.000,9999.000,9999.000,9999.000
202603241936,   1.960,9999.000,9999.000,9999.000,9999.000,9999.000,9999.000,9999.000,9999.000
202603241942,   1.862,9999.000,9999.000,9999.000,9999.000,9999.000,9999.000,9999.000,9999.000
202603241948,   1.766,9999.000,9999.000,9999.000,9999.000,9999.000,9999.000,9999.000,9999.000
202603241954,   1.672,9999.000,9999.000,9999.000,9999.000,9999.000,9999.000,9999.000,9999.000
202603242000,   1.580,9999.000,   0.900,   0.211,   2.691,   0.800,   2.591,   1.000,   2.791
202603242006,   1.491,9999.000,9999.000,9999.000,9999.000,9999.000,9999.000,9999.000,9999.000
202603242012,   1.404,9999.000,9999.000,9999.000,9999.000,9999.000,9999.000,9999.000,9999.000
202603242018,   1.320,9999.000,9999.000,9999.000,9999.000,9999.000,9999.000,9999.000,9999.000
202603242024,   1.238,9999.000,9999.000,9999.000,9999.000,9999.000,9999.000,9999.000,9999.000
202603242030,   1.159,9999.000,9999.000,9999.000,9999.000,9999.000,9999.000,9999.000,9999.000
202603242036,   1.083,9999.000,9999.000,9999.000,9999.000,9999.000,9999.000,9999.000,9999.000
202603242042,   1.009,9999.000,9999.000,9999.000,9999.000,9999.000,9999.000,9999.000,9999.000
202603242048,   0.938,9999.000,9999.000,9999.000,9999.000,9999.000,9999.000,9999.000,9999.000
202603242054,   0.870,9999.000,9999.000,9999.000,9999.000,9999.000,9999.000,9999.000,9999.000
202603242100,   0.804,9999.000,   0.900,   0.211,   1.915,   0.900,   1.915,   1.000,   2.015
202603242106,   0.741,9999.000,9999.000,9999.000,9999.000,9999.000,9999.000,9999.000,9999.000
202603242112,   0.681,9999.000,9999.000,9999.000,9999.000,9999.000,9999.000,9999.000,9999.000
202603242118,   0.624,9999.000,9999.000,9999.000,9999.000,9999.000,9999.000,9999.000,9999.000
202603242124,   0.570,9999.000,9999.000,9999.000,9999.000,9999.000,9999.000,9999.000,9999.000
202603242130,   0.519,9999.000,9999.000,9999.000,9999.000,9999.000,9999.000,9999.000,9999.000
202603242136,   0.470,9999.000,9999.000,9999.000,9999.000,9999.000,9999.000,9999.000,9999.000
202603242142,   0.425,9999.000,9999.000,9999.000,9999.000,9999.000,9999.000,9999.000,9999.000
202603242148,   0.384,9999.000,9999.000,9999.000,9999.000,9999.000,9999.000,9999.000,9999.000
202603242154,   0.345,9999.000,9999.000,9999.000,9999.000,9999.000,9999.000,9999.000,9999.000
202603242200,   0.310,9999.000,   0.900,   0.211,   1.421,   0.800,   1.321,   1.000,   1.521
202603242206,   0.279,9999.000,9999.000,9999.000,9999.000,9999.000,9999.000,9999.000,9999.000
202603242212,   0.251,9999.000,9999.000,9999.000,9999.000,9999.000,9999.000,9999.000,9999.000
202603242218,   0.227,9999.000,9999.000,9999.000,9999.000,9999.000,9999.000,9999.000,9999.000
202603242224,   0.207,9999.000,9999.000,9999.000,9999.000,9999.000,9999.000,9999.000,9999.000
202603242230,   0.191,9999.000,9999.000,9999.000,9999.000,9999.000,9999.000,9999.000,9999.000
202603242236,   0.180,9999.000,9999.000,9999.000,9999.000,9999.000,9999.000,9999.000,9999.000
202603242242,   0.172,9999.000,9999.000,9999.000,9999.000,9999.000,9999.000,9999.000,9999.000
202603242248,   0.168,9999.000,9999.000,9999.000,9999.000,9999.000,9999.000,9999.000,9999.000
202603242254,   0.170,9999.000,9999.000,9999.000,9999.000,9999.000,9999.000,9999.000,9999.000
202603242300,   0.175,9999.000,   0.900,   0.211,   1.286,   0.800,   1.186,   1.000,   1.386
202603242306,   0.186,9999.000,9999.000,9999.000,9999.000,9999.000,9999.000,9999.000,9999.000
202603242312,   0.201,9999.000,9999.000,9999.000,9999.000,9999.000,9999.000,9999.000,9999.000
202603242318,   0.221,9999.000,9999.000,9999.000,9999.000,9999.000,9999.000,9999.000,9999.000
202603242324,   0.247,9999.000,9999.000,9999.000,9999.000,9999.000,9999.000,9999.000,9999.000
202603242330,   0.277,9999.000,9999.000,9999.000,9999.000,9999.000,9999.000,9999.000,9999.000
202603242336,   0.313,9999.000,9999.000,9999.000,9999.000,9999.000,9999.000,9999.000,9999.000
202603242342,   0.355,9999.000,9999.000,9999.000,9999.000,9999.000,9999.000,9999.000,9999.000
202603242348,   0.402,9999.000,9999.000,9999.000,9999.000,9999.000,9999.000,9999.000,9999.000
202603242354,   0.455,9999.000,9999.000,9999.000,9999.000,9999.000,9999.000,9999.000,9999.000
202603250000,   0.514,9999.000,   0.900,   0.211,   1.625,   0.800,   1.525,   1.000,   1.725
202603250006,   0.578,9999.000,9999.000,9999.000,9999.000,9999.000,9999.000,9999.000,9999.000
202603250012,   0.648,9999.000,9999.000,9999.000,9999.000,9999.000,9999.000,9999.000,9999.000
202603250018,   0.724,9999.000,9999.000,9999.000,9999.000,9999.000,9999.000,9999.000,9999.000
202603250024,   0.806,9999.000,9999.000,9999.000,9999.000,9999.000,9999.000,9999.000,9999.000
202603250030,   0.893,9999.000,9999.000,9999.000,9999.000,9999.000,9999.000,9999.000,9999.000
202603250036,   0.985,9999.000,9999.000,9999.000,9999.000,9999.000,9999.000,9999.000,9999.000
202603250042,   1.083,9999.000,9999.000,9999.000,9999.000,9999.000,9999.000,9999.000,9999.000
202603250048,   1.185,9999.000,9999.000,9999.000,9999.000,9999.000,9999.000,9999.000,9999.000
202603250054,   1.291,9999.000,9999.000,9999.000,9999.000,9999.000,9999.000,9999.000,9999.000
202603250100,   1.402,9999.000,   0.900,   0.211,   2.513,   0.800,   2.413,   0.900,   2.513
202603250106,   1.516,9999.000,9999.000,9999.000,9999.000,9999.000,9999.000,9999.000,9999.000
202603250112,   1.634,9999.000,9999.000,9999.000,9999.000,9999.000,9999.000,9999.000,9999.000
202603250118,   1.753,9999.000,9999.000,9999.000,9999.000,9999.000,9999.000,9999.000,9999.000
202603250124,   1.875,9999.000,9999.000,9999.000,9999.000,9999.000,9999.000,9999.000,9999.000
202603250130,   1.999,9999.000,9999.000,9999.000,9999.000,9999.000,9999.000,9999.000,9999.000
202603250136,   2.123,9999.000,9999.000,9999.000,9999.000,9999.000,9999.000,9999.000,9999.000
202603250142,   2.248,9999.000,9999.000,9999.000,9999.000,9999.000,9999.000,9999.000,9999.000
202603250148,   2.372,9999.000,9999.000,9999.000,9999.000,9999.000,9999.000,9999.000,9999.000
202603250154,   2.495,9999.000,9999.000,9999.000,9999.000,9999.000,9999.000,9999.000,9999.000
202603250200,   2.618,9999.000,   0.900,   0.211,   3.729,   0.800,   3.629,   0.900,   3.729
202603250206,   2.738,9999.000,9999.000,9999.000,9999.000,9999.000,9999.000,9999.000,9999.000
202603250212,   2.856,9999.000,9999.000,9999.000,9999.000,9999.000,9999.000,9999.000,9999.000
202603250218,   2.972,9999.000,9999.000,9999.000,9999.000,9999.000,9999.000,9999.000,9999.000
202603250224,   3.085,9999.000,9999.000,9999.000,9999.000,9999.000,9999.000,9999.000,9999.000
202603250230,   3.195,9999.000,9999.000,9999.000,9999.000,9999.000,9999.000,9999.000,9999.000
202603250236,   3.301,9999.000,9999.000,9999.000,9999.000,9999.000,9999.000,9999.000,9999.000
202603250242,   3.403,9999.000,9999.000,9999.000,9999.000,9999.000,9999.000,9999.000,9999.000
202603250248,   3.503,9999.000,9999.000,9999.000,9999.000,9999.000,9999.000,9999.000,9999.000
202603250254,   3.598,9999.000,9999.000,9999.000,9999.000,9999.000,9999.000,9999.000,9999.000
202603250300,   3.690,9999.000,   0.800,   0.211,   4.701,   0.700,   4.601,   0.900,   4.801
202603250306,   3.778,9999.000,9999.000,9999.000,9999.000,9999.000,9999.000,9999.000,9999.000
202603250312,   3.862,9999.000,9999.000,9999.000,9999.000,9999.000,9999.000,9999.000,9999.000
202603250318,   3.944,9999.000,9999.000,9999.000,9999.000,9999.000,9999.000,9999.000,9999.000
202603250324,   4.021,9999.000,9999.000,9999.000,9999.000,9999.000,9999.000,9999.000,9999.000
202603250330,   4.096,9999.000,9999.000,9999.000,9999.000,9999.000,9999.000,9999.000,9999.000
202603250336,   4.168,9999.000,9999.000,9999.000,9999.000,9999.000,9999.000,9999.000,9999.000
202603250342,   4.236,9999.000,9999.000,9999.000,9999.000,9999.000,9999.000,9999.000,9999.000
202603250348,   4.302,9999.000,9999.000,9999.000,9999.000,9999.000,9999.000,9999.000,9999.000
202603250354,   4.364,9999.000,9999.000,9999.000,9999.000,9999.000,9999.000,9999.000,9999.000
202603250400,   4.424,9999.000,   0.800,   0.211,   5.435,   0.700,   5.335,   0.900,   5.535
202603250406,   4.481,9999.000,9999.000,9999.000,9999.000,9999.000,9999.000,9999.000,9999.000
202603250412,   4.534,9999.000,9999.000,9999.000,9999.000,9999.000,9999.000,9999.000,9999.000
202603250418,   4.585,9999.000,9999.000,9999.000,9999.000,9999.000,9999.000,9999.000,9999.000
202603250424,   4.631,9999.000,9999.000,9999.000,9999.000,9999.000,9999.000,9999.000,9999.000
202603250430,   4.674,9999.000,9999.000,9999.000,9999.000,9999.000,9999.000,9999.000,9999.000
202603250436,   4.713,9999.000,9999.000,9999.000,9999.000,9999.000,9999.000,9999.000,9999.000
202603250442,   4.748,9999.000,9999.000,9999.000,9999.000,9999.000,9999.000,9999.000,9999.000
202603250448,   4.778,9999.000,9999.000,9999.000,9999.000,9999.000,9999.000,9999.000,9999.000
202603250454,   4.802,9999.000,9999.000,9999.000,9999.000,9999.000,9999.000,9999.000,9999.000
202603250500,   4.822,9999.000,   0.800,   0.211,   5.833,   0.700,   5.733,   0.800,   5.833
202603250506,   4.835,9999.000,9999.000,9999.000,9999.000,9999.000,9999.000,9999.000,9999.000
202603250512,   4.843,9999.000,9999.000,9999.000,9999.000,9999.000,9999.000,9999.000,9999.000
202603250518,   4.843,9999.000,9999.000,9999.000,9999.000,9999.000,9999.000,9999.000,9999.000
202603250524,   4.837,9999.000,9999.000,9999.000,9999.000,9999.000,9999.000,9999.000,9999.000
202603250530,   4.824,9999.000,9999.000,9999.000,9999.000,9999.000,9999.000,9999.000,9999.000
202603250536,   4.804,9999.000,9999.000,9999.000,9999.000,9999.000,9999.000,9999.000,9999.000
202603250542,   4.776,9999.000,9999.000,9999.000,9999.000,9999.000,9999.000,9999.000,9999.000
202603250548,   4.742,9999.000,9999.000,9999.000,9999.000,9999.000,9999.000,9999.000,9999.000
202603250554,   4.699,9999.000,9999.000,9999.000,9999.000,9999.000,9999.000,9999.000,9999.000
202603250600,   4.650,9999.000,   0.700,   0.211,   5.561,   0.700,   5.561,   0.800,   5.661
202603250606,   4.593,9999.000,9999.000,9999.000,9999.000,9999.000,9999.000,9999.000,9999.000
202603250612,   4.529,9999.000,9999.000,9999.000,9999.000,9999.000,9999.000,9999.000,9999.000
202603250618,   4.459,9999.000,9999.000,9999.000,9999.000,9999.000,9999.000,9999.000,9999.000
202603250624,   4.383,9999.000,9999.000,9999.000,9999.000,9999.000,9999.000,9999.000,9999.000
202603250630,   4.301,9999.000,9999.000,9999.000,9999.000,9999.000,9999.000,9999.000,9999.000
202603250636,   4.214,9999.000,9999.000,9999.000,9999.000,9999.000,9999.000,9999.000,9999.000
202603250642,   4.122,9999.000,9999.000,9999.000,9999.000,9999.000,9999.000,9999.000,9999.000
202603250648,   4.026,9999.000,9999.000,9999.000,9999.000,9999.000,9999.000,9999.000,9999.000
202603250654,   3.926,9999.000,9999.000,9999.000,9999.000,9999.000,9999.000,9999.000,9999.000
202603250700,   3.824,9999.000,   0.700,   0.211,   4.735,   0.600,   4.635,   0.800,   4.835
202603250706,   3.719,9999.000,9999.000,9999.000,9999.000,9999.000,9999.000,9999.000,9999.000
202603250712,   3.612,9999.000,9999.000,9999.000,9999.000,9999.000,9999.000,9999.000,9999.000
202603250718,   3.503,9999.000,9999.000,9999.000,9999.000,9999.000,9999.000,9999.000,9999.000
202603250724,   3.394,9999.000,9999.000,9999.000,9999.000,9999.000,9999.000,9999.000,9999.000
202603250730,   3.284,9999.000,9999.000,9999.000,9999.000,9999.000,9999.000,9999.000,9999.000
202603250736,   3.175,9999.000,9999.000,9999.000,9999.000,9999.000,9999.000,9999.000,9999.000
202603250742,   3.065,9999.000,9999.000,9999.000,9999.000,9999.000,9999.000,9999.000,9999.000
202603250748,   2.957,9999.000,9999.000,9999.000,9999.000,9999.000,9999.000,9999.000,9999.000
202603250754,   2.849,9999.000,9999.000,9999.000,9999.000,9999.000,9999.000,9999.000,9999.000
202603250800,   2.743,9999.000,   0.700,   0.211,   3.654,   0.600,   3.554,   0.700,   3.654
202603250806,   2.639,9999.000,9999.000,9999.000,9999.000,9999.000,9999.000,9999.000,9999.000
202603250812,   2.536,9999.000,9999.000,9999.000,9999.000,9999.000,9999.000,9999.000,9999.000
202603250818,   2.434,9999.000,9999.000,9999.000,9999.000,9999.000,9999.000,9999.000,9999.000
202603250824,   2.335,9999.000,9999.000,9999.000,9999.000,9999.000,9999.000,9999.000,9999.000
202603250830,   2.237,9999.000,9999.000,9999.000,9999.000,9999.000,9999.000,9999.000,9999.000
202603250836,   2.141,9999.000,9999.000,9999.000,9999.000,9999.000,9999.000,9999.000,9999.000
202603250842,   2.048,9999.000,9999.000,9999.000,9999.000,9999.000,9999.000,9999.000,9999.000
202603250848,   1.956,9999.000,9999.000,9999.000,9999.000,9999.000,9999.000,9999.000,9999.000
202603250854,   1.866,9999.000,9999.000,9999.000,9999.000,9999.000,9999.000,9999.000,9999.000
202603250900,   1.777,9999.000,   0.600,   0.211,   2.588,   0.600,   2.588,   0.700,   2.688
202603250906,   1.691,9999.000,9999.000,9999.000,9999.000,9999.000,9999.000,9999.000,9999.000
202603250912,   1.606,9999.000,9999.000,9999.000,9999.000,9999.000,9999.000,9999.000,9999.000
202603250918,   1.524,9999.000,9999.000,9999.000,9999.000,9999.000,9999.000,9999.000,9999.000
202603250924,   1.443,9999.000,9999.000,9999.000,9999.000,9999.000,9999.000,9999.000,9999.000
202603250930,   1.364,9999.000,9999.000,9999.000,9999.000,9999.000,9999.000,9999.000,9999.000
202603250936,   1.286,9999.000,9999.000,9999.000,9999.000,9999.000,9999.000,9999.000,9999.000
202603250942,   1.211,9999.000,9999.000,9999.000,9999.000,9999.000,9999.000,9999.000,9999.000
202603250948,   1.138,9999.000,9999.000,9999.000,9999.000,9999.000,9999.000,9999.000,9999.000
202603250954,   1.066,9999.000,9999.000,9999.000,9999.000,9999.000,9999.000,9999.000,9999.000
202603251000,   0.997,9999.000,   0.600,   0.211,   1.808,   0.500,   1.708,   0.600,   1.808
202603251006,   0.930,9999.000,9999.000,9999.000,9999.000,9999.000,9999.000,9999.000,9999.000
202603251012,   0.865,9999.000,9999.000,9999.000,9999.000,9999.000,9999.000,9999.000,9999.000
202603251018,   0.802,9999.000,9999.000,9999.000,9999.000,9999.000,9999.000,9999.000,9999.000
202603251024,   0.742,9999.000,9999.000,9999.000,9999.000,9999.000,9999.000,9999.000,9999.000
202603251030,   0.684,9999.000,9999.000,9999.000,9999.000,9999.000,9999.000,9999.000,9999.000
202603251036,   0.629,9999.000,9999.000,9999.000,9999.000,9999.000,9999.000,9999.000,9999.000
202603251042,   0.576,9999.000,9999.000,9999.000,9999.000,9999.000,9999.000,9999.000,9999.000
202603251048,   0.527,9999.000,9999.000,9999.000,9999.000,9999.000,9999.000,9999.000,9999.000
202603251054,   0.480,9999.000,9999.000,9999.000,9999.000,9999.000,9999.000,9999.000,9999.000
202603251100,   0.437,9999.000,   0.500,   0.211,   1.148,   0.500,   1.148,   0.600,   1.248
202603251106,   0.397,9999.000,9999.000,9999.000,9999.000,9999.000,9999.000,9999.000,9999.000
202603251112,   0.360,9999.000,9999.000,9999.000,9999.000,9999.000,9999.000,9999.000,9999.000
202603251118,   0.327,9999.000,9999.000,9999.000,9999.000,9999.000,9999.000,9999.000,9999.000
202603251124,   0.298,9999.000,9999.000,9999.000,9999.000,9999.000,9999.000,9999.000,9999.000
202603251130,   0.272,9999.000,9999.000,9999.000,9999.000,9999.000,9999.000,9999.000,9999.000
202603251136,   0.251,9999.000,9999.000,9999.000,9999.000,9999.000,9999.000,9999.000,9999.000
202603251142,   0.234,9999.000,9999.000,9999.000,9999.000,9999.000,9999.000,9999.000,9999.000
202603251148,   0.222,9999.000,9999.000,9999.000,9999.000,9999.000,9999.000,9999.000,9999.000
202603251154,   0.214,9999.000,9999.000,9999.000,9999.000,9999.000,9999.000,9999.000,9999.000
202603251200,   0.211,9999.000,   0.500,   0.211,   0.922,   0.400,   0.822,   0.500,   0.922
202603251206,   0.214,9999.000,9999.000,9999.000,9999.000,9999.000,9999.000,9999.000,9999.000
202603251212,   0.221,9999.000,9999.000,9999.000,9999.000,9999.000,9999.000,9999.000,9999.000
202603251218,   0.234,9999.000,9999.000,9999.000,9999.000,9999.000,9999.000,9999.000,9999.000
202603251224,   0.253,9999.000,9999.000,9999.000,9999.000,9999.000,9999.000,9999.000,9999.000
202603251230,   0.278,9999.000,9999.000,9999.000,9999.000,9999.000,9999.000,9999.000,9999.000
202603251236,   0.308,9999.000,9999.000,9999.000,9999.000,9999.000,9999.000,9999.000,9999.000
202603251242,   0.344,9999.000,9999.000,9999.000,9999.000,9999.000,9999.000,9999.000,9999.000
202603251248,   0.386,9999.000,9999.000,9999.000,9999.000,9999.000,9999.000,9999.000,9999.000
202603251254,   0.434,9999.000,9999.000,9999.000,9999.000,9999.000,9999.000,9999.000,9999.000
202603251300,   0.487,9999.000,   0.400,   0.211,   1.098,   0.400,   1.098,   0.500,   1.198
202603251306,   0.546,9999.000,9999.000,9999.000,9999.000,9999.000,9999.000,9999.000,9999.000
202603251312,   0.610,9999.000,9999.000,9999.000,9999.000,9999.000,9999.000,9999.000,9999.000
202603251318,   0.679,9999.000,9999.000,9999.000,9999.000,9999.000,9999.000,9999.000,9999.000
202603251324,   0.754,9999.000,9999.000,9999.000,9999.000,9999.000,9999.000,9999.000,9999.000
202603251330,   0.832,9999.000,9999.000,9999.000,9999.000,9999.000,9999.000,9999.000,9999.000
202603251336,   0.915,9999.000,9999.000,9999.000,9999.000,9999.000,9999.000,9999.000,9999.000
202603251342,   1.001,9999.000,9999.000,9999.000,9999.000,9999.000,9999.000,9999.000,9999.000
202603251348,   1.090,9999.000,9999.000,9999.000,9999.000,9999.000,9999.000,9999.000,9999.000
202603251354,   1.182,9999.000,9999.000,9999.000,9999.000,9999.000,9999.000,9999.000,9999.000
202603251400,   1.275,9999.000,   0.400,   0.211,   1.886,   0.300,   1.786,   0.500,   1.986
202603251406,   1.371,9999.000,9999.000,9999.000,9999.000,9999.000,9999.000,9999.000,9999.000
202603251412,   1.467,9999.000,9999.000,9999.000,9999.000,9999.000,9999.000,9999.000,9999.000
202603251418,   1.564,9999.000,9999.000,9999.000,9999.000,9999.000,9999.000,9999.000,9999.000
202603251424,   1.661,9999.000,9999.000,9999.000,9999.000,9999.000,9999.000,9999.000,9999.000
202603251430,   1.758,9999.000,9999.000,9999.000,9999.000,9999.000,9999.000,9999.000,9999.000
202603251436,   1.854,9999.000,9999.000,9999.000,9999.000,9999.000,9999.000,9999.000,9999.000
202603251442,   1.949,9999.000,9999.000,9999.000,9999.000,9999.000,9999.000,9999.000,9999.000
202603251448,   2.042,9999.000,9999.000,9999.000,9999.000,9999.000,9999.000,9999.000,9999.000
202603251454,   2.134,9999.000,9999.000,9999.000,9999.000,9999.000,9999.000,9999.000,9999.000
202603251500,   2.223,9999.000,   0.400,   0.211,   2.834,   0.300,   2.734,   0.400,   2.834
202603251506,   2.311,9999.000,9999.000,9999.000,9999.000,9999.000,9999.000,9999.000,9999.000
202603251512,   2.397,9999.000,9999.000,9999.000,9999.000,9999.000,9999.000,9999.000,9999.000
202603251518,   2.480,9999.000,9999.000,9999.000,9999.000,9999.000,9999.000,9999.000,9999.000
202603251524,   2.561,9999.000,9999.000,9999.000,9999.000,9999.000,9999.000,9999.000,9999.000
202603251530,   2.640,9999.000,9999.000,9999.000,9999.000,9999.000,9999.000,9999.000,9999.000
202603251536,   2.716,9999.000,9999.000,9999.000,9999.000,9999.000,9999.000,9999.000,9999.000
202603251542,   2.791,9999.000,9999.000,9999.000,9999.000,9999.000,9999.000,9999.000,9999.000
202603251548,   2.863,9999.000,9999.000,9999.000,9999.000,9999.000,9999.000,9999.000,9999.000
202603251554,   2.934,9999.000,9999.000,9999.000,9999.000,9999.000,9999.000,9999.000,9999.000
202603251600,   3.003,9999.000,   0.300,   0.211,   3.514,   0.300,   3.514,   0.400,   3.614
202603251606,   3.070,9999.000,9999.000,9999.000,9999.000,9999.000,9999.000,9999.000,9999.000
202603251612,   3.136,9999.000,9999.000,9999.000,9999.000,9999.000,9999.000,9999.000,9999.000
202603251618,   3.199,9999.000,9999.000,9999.000,9999.000,9999.000,9999.000,9999.000,9999.000
202603251624,   3.261,9999.000,9999.000,9999.000,9999.000,9999.000,9999.000,9999.000,9999.000
202603251630,   3.321,9999.000,9999.000,9999.000,9999.000,9999.000,9999.000,9999.000,9999.000
202603251636,   3.379,9999.000,9999.000,9999.000,9999.000,9999.000,9999.000,9999.000,9999.000
202603251642,   3.435,9999.000,9999.000,9999.000,9999.000,9999.000,9999.000,9999.000,9999.000
202603251648,   3.489,9999.000,9999.000,9999.000,9999.000,9999.000,9999.000,9999.000,9999.000
202603251654,   3.539,9999.000,9999.000,9999.000,9999.000,9999.000,9999.000,9999.000,9999.000
202603251700,   3.587,9999.000,   0.300,   0.211,   4.098,   0.200,   3.998,   0.400,   4.198
202603251706,   3.631,9999.000,9999.000,9999.000,9999.000,9999.000,9999.000,9999.000,9999.000
202603251712,   3.672,9999.000,9999.000,9999.000,9999.000,9999.000,9999.000,9999.000,9999.000
202603251718,   3.708,9999.000,9999.000,9999.000,9999.000,9999.000,9999.000,9999.000,9999.000
202603251724,   3.739,9999.000,9999.000,9999.000,9999.000,9999.000,9999.000,9999.000,9999.000
202603251730,   3.766,9999.000,9999.000,9999.000,9999.000,9999.000,9999.000,9999.000,9999.000
202603251736,   3.787,9999.000,9999.000,9999.000,9999.000,9999.000,9999.000,9999.000,9999.000
202603251742,   3.802,9999.000,9999.000,9999.000,9999.000,9999.000,9999.000,9999.000,9999.000
202603251748,   3.810,9999.000,9999.000,9999.000,9999.000,9999.000,9999.000,9999.000,9999.000
202603251754,   3.813,9999.000,9999.000,9999.000,9999.000,9999.000,9999.000,9999.000,9999.000
202603251800,   3.809,9999.000,   0.300,   0.211,   4.320,   0.200,   4.220,   0.300,   4.320
202603251806,   3.798,9999.000,9999.000,9999.000,9999.000,9999.000,9999.000,9999.000,9999.000
202603251812,   3.780,9999.000,9999.000,9999.000,9999.000,9999.000,9999.000,9999.000,9999.000
202603251818,   3.755,9999.000,9999.000,9999.000,9999.000,9999.000,9999.000,9999.000,9999.000
202603251824,   3.723,9999.000,9999.000,9999.000,9999.000,9999.000,9999.000,9999.000,9999.000
202603251830,   3.684,9999.000,9999.000,9999.000,9999.000,9999.000,9999.000,9999.000,9999.000
202603251836,   3.639,9999.000,9999.000,9999.000,9999.000,9999.000,9999.000,9999.000,9999.000
202603251842,   3.587,9999.000,9999.000,9999.000,9999.000,9999.000,9999.000,9999.000,9999.000
202603251848,   3.529,9999.000,9999.000,9999.000,9999.000,9999.000,9999.000,9999.000,9999.000
202603251854,   3.466,9999.000,9999.000,9999.000,9999.000,9999.000,9999.000,9999.000,9999.000
202603251900,   3.398,9999.000,   0.300,   0.211,   3.909,   0.200,   3.809,   0.300,   3.909
202603251906,   3.325,9999.000,9999.000,9999.000,9999.000,9999.000,9999.000,9999.000,9999.000
202603251912,   3.248,9999.000,9999.000,9999.000,9999.000,9999.000,9999.000,9999.000,9999.000
202603251918,   3.168,9999.000,9999.000,9999.000,9999.000,9999.000,9999.000,9999.000,9999.000
202603251924,   3.085,9999.000,9999.000,9999.000,9999.000,9999.000,9999.000,9999.000,9999.000
202603251930,   2.999,9999.000,9999.000,9999.000,9999.000,9999.000,9999.000,9999.000,9999.000
202603251936,   2.911,9999.000,9999.000,9999.000,9999.000,9999.000,9999.000,9999.000,9999.000
202603251942,   2.823,9999.000,9999.000,9999.000,9999.000,9999.000,9999.000,9999.000,9999.000
202603251948,   2.733,9999.000,9999.000,9999.000,9999.000,9999.000,9999.000,9999.000,9999.000
202603251954,   2.643,9999.000,9999.000,9999.000,9999.000,9999.000,9999.000,9999.000,9999.000
202603252000,   2.553,9999.000,   0.200,   0.211,   2.964,   0.200,   2.964,   0.300,   3.064
202603252006,   2.464,9999.000,9999.000,9999.000,9999.000,9999.000,9999.000,9999.000,9999.000
202603252012,   2.375,9999.000,9999.000,9999.000,9999.000,9999.000,9999.000,9999.000,9999.000
202603252018,   2.288,9999.000,9999.000,9999.000,9999.000,9999.000,9999.000,9999.000,9999.000
202603252024,   2.202,9999.000,9999.000,9999.000,9999.000,9999.000,9999.000,9999.000,9999.000
202603252030,   2.117,9999.000,9999.000,9999.000,9999.000,9999.000,9999.000,9999.000,9999.000
202603252036,   2.035,9999.000,9999.000,9999.000,9999.000,9999.000,9999.000,9999.000,9999.000
202603252042,   1.954,9999.000,9999.000,9999.000,9999.000,9999.000,9999.000,9999.000,9999.000
202603252048,   1.875,9999.000,9999.000,9999.000,9999.000,9999.000,9999.000,9999.000,9999.000
202603252054,   1.798,9999.000,9999.000,9999.000,9999.000,9999.000,9999.000,9999.000,9999.000
202603252100,   1.723,9999.000,   0.200,   0.211,   2.134,   0.200,   2.134,   0.300,   2.234
202603252106,   1.650,9999.000,9999.000,9999.000,9999.000,9999.000,9999.000,9999.000,9999.000
202603252112,   1.579,9999.000,9999.000,9999.000,9999.000,9999.000,9999.000,9999.000,9999.000
202603252118,   1.510,9999.000,9999.000,9999.000,9999.000,9999.000,9999.000,9999.000,9999.000
202603252124,   1.443,9999.000,9999.000,9999.000,9999.000,9999.000,9999.000,9999.000,9999.000
202603252130,   1.378,9999.000,9999.000,9999.000,9999.000,9999.000,9999.000,9999.000,9999.000
202603252136,   1.314,9999.000,9999.000,9999.000,9999.000,9999.000,9999.000,9999.000,9999.000
202603252142,   1.253,9999.000,9999.000,9999.000,9999.000,9999.000,9999.000,9999.000,9999.000
202603252148,   1.193,9999.000,9999.000,9999.000,9999.000,9999.000,9999.000,9999.000,9999.000
202603252154,   1.136,9999.000,9999.000,9999.000,9999.000,9999.000,9999.000,9999.000,9999.000
202603252200,   1.080,9999.000,   0.200,   0.211,   1.491,   0.200,   1.491,   0.300,   1.591
202603252206,   1.026,9999.000,9999.000,9999.000,9999.000,9999.000,9999.000,9999.000,9999.000
202603252212,   0.974,9999.000,9999.000,9999.000,9999.000,9999.000,9999.000,9999.000,9999.000
202603252218,   0.924,9999.000,9999.000,9999.000,9999.000,9999.000,9999.000,9999.000,9999.000
202603252224,   0.876,9999.000,9999.000,9999.000,9999.000,9999.000,9999.000,9999.000,9999.000
202603252230,   0.830,9999.000,9999.000,9999.000,9999.000,9999.000,9999.000,9999.000,9999.000
202603252236,   0.786,9999.000,9999.000,9999.000,9999.000,9999.000,9999.000,9999.000,9999.000
202603252242,   0.744,9999.000,9999.000,9999.000,9999.000,9999.000,9999.000,9999.000,9999.000
202603252248,   0.704,9999.000,9999.000,9999.000,9999.000,9999.000,9999.000,9999.000,9999.000
202603252254,   0.667,9999.000,9999.000,9999.000,9999.000,9999.000,9999.000,9999.000,9999.000
202603252300,   0.633,9999.000,   0.200,   0.211,   1.044,   0.100,   0.944,   0.300,   1.144
202603252306,   0.600,9999.000,9999.000,9999.000,9999.000,9999.000,9999.000,9999.000,9999.000
202603252312,   0.571,9999.000,9999.000,9999.000,9999.000,9999.000,9999.000,9999.000,9999.000
202603252318,   0.544,9999.000,9999.000,9999.000,9999.000,9999.000,9999.000,9999.000,9999.000
202603252324,   0.520,9999.000,9999.000,9999.000,9999.000,9999.000,9999.000,9999.000,9999.000
202603252330,   0.500,9999.000,9999.000,9999.000,9999.000,9999.000,9999.000,9999.000,9999.000
202603252336,   0.482,9999.000,9999.000,9999.000,9999.000,9999.000,9999.000,9999.000,9999.000
202603252342,   0.468,9999.000,9999.000,9999.000,9999.000,9999.000,9999.000,9999.000,9999.000
202603252348,   0.457,9999.000,9999.000,9999.000,9999.000,9999.000,9999.000,9999.000,9999.000
202603252354,   0.450,9999.000,9999.000,9999.000,9999.000,9999.000,9999.000,9999.000,9999.000
202603260000,   0.446,9999.000,   0.200,   0.211,   0.857,   0.100,   0.757,   0.300,   0.957
202603260006,   0.447,9999.000,9999.000,9999.000,9999.000,9999.000,9999.000,9999.000,9999.000
202603260012,   0.452,9999.000,9999.000,9999.000,9999.000,9999.000,9999.000,9999.000,9999.000
202603260018,   0.461,9999.000,9999.000,9999.000,9999.000,9999.000,9999.000,9999.000,9999.000
202603260024,   0.474,9999.000,9999.000,9999.000,9999.000,9999.000,9999.000,9999.000,9999.000
202603260030,   0.493,9999.000,9999.000,9999.000,9999.000,9999.000,9999.000,9999.000,9999.000
202603260036,   0.516,9999.000,9999.000,9999.000,9999.000,9999.000,9999.000,9999.000,9999.000
202603260042,   0.545,9999.000,9999.000,9999.000,9999.000,9999.000,9999.000,9999.000,9999.000
202603260048,   0.579,9999.000,9999.000,9999.000,9999.000,9999.000,9999.000,9999.000,9999.000
202603260054,   0.618,9999.000,9999.000,9999.000,9999.000,9999.000,9999.000,9999.000,9999.000
202603260100,   0.662,9999.000,   0.200,   0.211,   1.073,   0.100,   0.973,   0.300,   1.173
202603260106,   0.712,9999.000,9999.000,9999.000,9999.000,9999.000,9999.000,9999.000,9999.000
202603260112,   0.768,9999.000,9999.000,9999.000,9999.000,9999.000,9999.000,9999.000,9999.000
202603260118,   0.829,9999.000,9999.000,9999.000,9999.000,9999.000,9999.000,9999.000,9999.000
202603260124,   0.895,9999.000,9999.000,9999.000,9999.000,9999.000,9999.000,9999.000,9999.000
202603260130,   0.967,9999.000,9999.000,9999.000,9999.000,9999.000,9999.000,9999.000,9999.000
202603260136,   1.044,9999.000,9999.000,9999.000,9999.000,9999.000,9999.000,9999.000,9999.000
202603260142,   1.125,9999.000,9999.000,9999.000,9999.000,9999.000,9999.000,9999.000,9999.000
202603260148,   1.211,9999.000,9999.000,9999.000,9999.000,9999.000,9999.000,9999.000,9999.000
202603260154,   1.301,9999.000,9999.000,9999.000,9999.000,9999.000,9999.000,9999.000,9999.000
202603260200,   1.395,9999.000,   0.200,   0.211,   1.806,   0.100,   1.706,   0.200,   1.806
202603260206,   1.493,9999.000,9999.000,9999.000,9999.000,9999.000,9999.000,9999.000,9999.000
202603260212,   1.593,9999.000,9999.000,9999.000,9999.000,9999.000,9999.000,9999.000,9999.000
202603260218,   1.696,9999.000,9999.000,9999.000,9999.000,9999.000,9999.000,9999.000,9999.000
202603260224,   1.800,9999.000,9999.000,9999.000,9999.000,9999.000,9999.000,9999.000,9999.000
202603260230,   1.906,9999.000,9999.000,9999.000,9999.000,9999.000,9999.000,9999.000,9999.000
202603260236,   2.013,9999.000,9999.000,9999.000,9999.000,9999.000,9999.000,9999.000,9999.000
202603260242,   2.120,9999.000,9999.000,9999.000,9999.000,9999.000,9999.000,9999.000,9999.000
202603260248,   2.227,9999.000,9999.000,9999.000,9999.000,9999.000,9999.000,9999.000,9999.000
202603260254,   2.333,9999.000,9999.000,9999.000,9999.000,9999.000,9999.000,9999.000,9999.000
202603260300,   2.438,9999.000,   0.200,   0.211,   2.849,   0.100,   2.749,   0.200,   2.849
202603260306,   2.543,9999.000,9999.000,9999.000,9999.000,9999.000,9999.000,9999.000,9999.000
202603260312,   2.645,9999.000,9999.000,9999.000,9999.000,9999.000,9999.000,9999.000,9999.000
202603260318,   2.746,9999.000,9999.000,9999.000,9999.000,9999.000,9999.000,9999.000,9999.000
202603260324,   2.844,9999.000,9999.000,9999.000,9999.000,9999.000,9999.000,9999.000,9999.000
202603260330,   2.940,9999.000,9999.000,9999.000,9999.000,9999.000,9999.000,9999.000,9999.000
202603260336,   3.034,9999.000,9999.000,9999.000,9999.000,9999.000,9999.000,9999.000,9999.000
202603260342,   3.125,9999.000,9999.000,9999.000,9999.000,9999.000,9999.000,9999.000,9999.000
202603260348,   3.214,9999.000,9999.000,9999.000,9999.000,9999.000,9999.000,9999.000,9999.000
202603260354,   3.300,9999.000,9999.000,9999.000,9999.000,9999.000,9999.000,9999.000,9999.000
202603260400,   3.384,9999.000,   0.100,   0.211,   3.695,   0.100,   3.695,   0.200,   3.795
202603260406,   3.465,9999.000,9999.000,9999.000,9999.000,9999.000,9999.000,9999.000,9999.000
202603260412,   3.545,9999.000,9999.000,9999.000,9999.000,9999.000,9999.000,9999.000,9999.000
202603260418,   3.622,9999.000,9999.000,9999.000,9999.000,9999.000,9999.000,9999.000,9999.000
202603260424,   3.697,9999.000,9999.000,9999.000,9999.000,9999.000,9999.000,9999.000,9999.000
202603260430,   3.771,9999.000,9999.000,9999.000,9999.000,9999.000,9999.000,9999.000,9999.000
202603260436,   3.842,9999.000,9999.000,9999.000,9999.000,9999.000,9999.000,9999.000,9999.000
202603260442,   3.911,9999.000,9999.000,9999.000,9999.000,9999.000,9999.000,9999.000,9999.000
202603260448,   3.979,9999.000,9999.000,9999.000,9999.000,9999.000,9999.000,9999.000,9999.000
202603260454,   4.044,9999.000,9999.000,9999.000,9999.000,9999.000,9999.000,9999.000,9999.000
202603260500,   4.107,9999.000,   0.100,   0.211,   4.418,   0.100,   4.418,   0.200,   4.518
202603260506,   4.168,9999.000,9999.000,9999.000,9999.000,9999.000,9999.000,9999.000,9999.000
202603260512,   4.227,9999.000,9999.000,9999.000,9999.000,9999.000,9999.000,9999.000,9999.000
202603260518,   4.282,9999.000,9999.000,9999.000,9999.000,9999.000,9999.000,9999.000,9999.000
202603260524,   4.334,9999.000,9999.000,9999.000,9999.000,9999.000,9999.000,9999.000,9999.000
202603260530,   4.383,9999.000,9999.000,9999.000,9999.000,9999.000,9999.000,9999.000,9999.000
202603260536,   4.428,9999.000,9999.000,9999.000,9999.000,9999.000,9999.000,9999.000,9999.000
202603260542,   4.469,9999.000,9999.000,9999.000,9999.000,9999.000,9999.000,9999.000,9999.000
202603260548,   4.505,9999.000,9999.000,9999.000,9999.000,9999.000,9999.000,9999.000,9999.000
202603260554,   4.535,9999.000,9999.000,9999.000,9999.000,9999.000,9999.000,9999.000,9999.000
202603260600,   4.560,9999.000,   0.100,   0.211,   4.871,   0.100,   4.871,   0.200,   4.971
202603260606,   4.580,9999.000,9999.000,9999.000,9999.000,9999.000,9999.000,9999.000,9999.000
202603260612,   4.593,9999.000,9999.000,9999.000,9999.000,9999.000,9999.000,9999.000,9999.000
202603260618,   4.599,9999.000,9999.000,9999.000,9999.000,9999.000,9999.000,9999.000,9999.000
202603260624,   4.599,9999.000,9999.000,9999.000,9999.000,9999.000,9999.000,9999.000,9999.000
202603260630,   4.592,9999.000,9999.000,9999.000,9999.000,9999.000,9999.000,9999.000,9999.000
202603260636,   4.578,9999.000,9999.000,9999.000,9999.000,9999.000,9999.000,9999.000,9999.000
202603260642,   4.556,9999.000,9999.000,9999.000,9999.000,9999.000,9999.000,9999.000,9999.000
202603260648,   4.528,9999.000,9999.000,9999.000,9999.000,9999.000,9999.000,9999.000,9999.000
202603260654,   4.492,9999.000,9999.000,9999.000,9999.000,9999.000,9999.000,9999.000,9999.000
202603260700,   4.450,9999.000,   0.100,   0.211,   4.761,   0.100,   4.761,   0.200,   4.861
202603260706,   4.401,9999.000,9999.000,9999.000,9999.000,9999.000,9999.000,9999.000,9999.000
202603260712,   4.346,9999.000,9999.000,9999.000,9999.000,9999.000,9999.000,9999.000,9999.000
202603260718,   4.285,9999.000,9999.000,9999.000,9999.000,9999.000,9999.000,9999.000,9999.000
202603260724,   4.219,9999.000,9999.000,9999.000,9999.000,9999.000,9999.000,9999.000,9999.000
202603260730,   4.148,9999.000,9999.000,9999.000,9999.000,9999.000,9999.000,9999.000,9999.000
202603260736,   4.072,9999.000,9999.000,9999.000,9999.000,9999.000,9999.000,9999.000,9999.000
202603260742,   3.993,9999.000,9999.000,9999.000,9999.000,9999.000,9999.000,9999.000,9999.000
202603260748,   3.910,9999.000,9999.000,9999.000,9999.000,9999.000,9999.000,9999.000,9999.000
202603260754,   3.825,9999.000,9999.000,9999.000,9999.000,9999.000,9999.000,9999.000,9999.000
202603260800,   3.737,9999.000,   0.100,   0.211,   4.048,   0.000,   3.948,   0.100,   4.048
202603260806,   3.647,9999.000,9999.000,9999.000,9999.000,9999.000,9999.000,9999.000,9999.000
202603260812,   3.556,9999.000,9999.000,9999.000,9999.000,9999.000,9999.000,9999.000,9999.000
202603260818,   3.465,9999.000,9999.000,9999.000,9999.000,9999.000,9999.000,9999.000,9999.000
202603260824,   3.373,9999.000,9999.000,9999.000,9999.000,9999.000,9999.000,9999.000,9999.000
202603260830,   3.281,9999.000,9999.000,9999.000,9999.000,9999.000,9999.000,9999.000,9999.000
202603260836,   3.189,9999.000,9999.000,9999.000,9999.000,9999.000,9999.000,9999.000,9999.000
202603260842,   3.098,9999.000,9999.000,9999.000,9999.000,9999.000,9999.000,9999.000,9999.000
202603260848,   3.007,9999.000,9999.000,9999.000,9999.000,9999.000,9999.000,9999.000,9999.000
202603260854,   2.917,9999.000,9999.000,9999.000,9999.000,9999.000,9999.000,9999.000,9999.000
202603260900,   2.829,9999.000,   0.100,   0.211,   3.140,   0.000,   3.040,   0.100,   3.140
202603260906,   2.742,9999.000,9999.000,9999.000,9999.000,9999.000,9999.000,9999.000,9999.000
202603260912,   2.656,9999.000,9999.000,9999.000,9999.000,9999.000,9999.000,9999.000,9999.000
202603260918,   2.571,9999.000,9999.000,9999.000,9999.000,9999.000,9999.000,9999.000,9999.000
202603260924,   2.487,9999.000,9999.000,9999.000,9999.000,9999.000,9999.000,9999.000,9999.000
202603260930,   2.405,9999.000,9999.000,9999.000,9999.000,9999.000,9999.000,9999.000,9999.000
202603260936,   2.323,9999.000,9999.000,9999.000,9999.000,9999.000,9999.000,9999.000,9999.000
202603260942,   2.243,9999.000,9999.000,9999.000,9999.000,9999.000,9999.000,9999.000,9999.000
202603260948,   2.164,9999.000,9999.000,9999.000,9999.000,9999.000,9999.000,9999.000,9999.000
202603260954,   2.086,9999.000,9999.000,9999.000,9999.000,9999.000,9999.000,9999.000,9999.000
202603261000,   2.009,9999.000,   0.100,   0.211,   2.320,   0.000,   2.220,   0.100,   2.320
202603261006,   1.932,9999.000,9999.000,9999.000,9999.000,9999.000,9999.000,9999.000,9999.000
202603261012,   1.857,9999.000,9999.000,9999.000,9999.000,9999.000,9999.000,9999.000,9999.000
202603261018,   1.782,9999.000,9999.000,9999.000,9999.000,9999.000,9999.000,9999.000,9999.000
202603261024,   1.709,9999.000,9999.000,9999.000,9999.000,9999.000,9999.000,9999.000,9999.000
202603261030,   1.636,9999.000,9999.000,9999.000,9999.000,9999.000,9999.000,9999.000,9999.000
202603261036,   1.563,9999.000,9999.000,9999.000,9999.000,9999.000,9999.000,9999.000,9999.000
202603261042,   1.492,9999.000,9999.000,9999.000,9999.000,9999.000,9999.000,9999.000,9999.000
202603261048,   1.422,9999.000,9999.000,9999.000,9999.000,9999.000,9999.000,9999.000,9999.000
202603261054,   1.352,9999.000,9999.000,9999.000,9999.000,9999.000,9999.000,9999.000,9999.000
202603261100,   1.284,9999.000,   0.100,   0.211,   1.595,   0.000,   1.495,   0.100,   1.595
202603261106,   1.217,9999.000,9999.000,9999.000,9999.000,9999.000,9999.000,9999.000,9999.000
202603261112,   1.151,9999.000,9999.000,9999.000,9999.000,9999.000,9999.000,9999.000,9999.000
202603261118,   1.086,9999.000,9999.000,9999.000,9999.000,9999.000,9999.000,9999.000,9999.000
202603261124,   1.023,9999.000,9999.000,9999.000,9999.000,9999.000,9999.000,9999.000,9999.000
202603261130,   0.961,9999.000,9999.000,9999.000,9999.000,9999.000,9999.000,9999.000,9999.000
202603261136,   0.901,9999.000,9999.000,9999.000,9999.000,9999.000,9999.000,9999.000,9999.000
202603261142,   0.843,9999.000,9999.000,9999.000,9999.000,9999.000,9999.000,9999.000,9999.000
202603261148,   0.787,9999.000,9999.000,9999.000,9999.000,9999.000,9999.000,9999.000,9999.000
202603261154,   0.733,9999.000,9999.000,9999.000,9999.000,9999.000,9999.000,9999.000,9999.000
202603261200,   0.682,9999.000,   0.100,   0.211,   0.993,   0.000,   0.893,   0.100,   0.993
202603261206,   0.633,9999.000,9999.000,9999.000,9999.000,9999.000,9999.000,9999.000,9999.000
202603261212,   0.587,9999.000,9999.000,9999.000,9999.000,9999.000,9999.000,9999.000,9999.000
202603261218,   0.543,9999.000,9999.000,9999.000,9999.000,9999.000,9999.000,9999.000,9999.000
202603261224,   0.503,9999.000,9999.000,9999.000,9999.000,9999.000,9999.000,9999.000,9999.000
202603261230,   0.467,9999.000,9999.000,9999.000,9999.000,9999.000,9999.000,9999.000,9999.000
202603261236,   0.434,9999.000,9999.000,9999.000,9999.000,9999.000,9999.000,9999.000,9999.000
202603261242,   0.406,9999.000,9999.000,9999.000,9999.000,9999.000,9999.000,9999.000,9999.000
202603261248,   0.381,9999.000,9999.000,9999.000,9999.000,9999.000,9999.000,9999.000,9999.000
202603261254,   0.361,9999.000,9999.000,9999.000,9999.000,9999.000,9999.000,9999.000,9999.000
202603261300,   0.346,9999.000,   0.000,   0.211,   0.557,   0.000,   0.557,   0.100,   0.657
202603261306,   0.336,9999.000,9999.000,9999.000,9999.000,9999.000,9999.000,9999.000,9999.000
202603261312,   0.331,9999.000,9999.000,9999.000,9999.000,9999.000,9999.000,9999.000,9999.000
202603261318,   0.332,9999.000,9999.000,9999.000,9999.000,9999.000,9999.000,9999.000,9999.000
202603261324,   0.338,9999.000,9999.000,9999.000,9999.000,9999.000,9999.000,9999.000,9999.000
202603261330,   0.351,9999.000,9999.000,9999.000,9999.000,9999.000,9999.000,9999.000,9999.000
202603261336,   0.369,9999.000,9999.000,9999.000,9999.000,9999.000,9999.000,9999.000,9999.000
202603261342,   0.393,9999.000,9999.000,9999.000,9999.000,9999.000,9999.000,9999.000,9999.000
202603261348,   0.422,9999.000,9999.000,9999.000,9999.000,9999.000,9999.000,9999.000,9999.000
202603261354,   0.458,9999.000,9999.000,9999.000,9999.000,9999.000,9999.000,9999.000,9999.000
202603261400,   0.500,9999.000,   0.000,   0.211,   0.711,   0.000,   0.711,   0.100,   0.811
202603261406,   0.547,9999.000,9999.000,9999.000,9999.000,9999.000,9999.000,9999.000,9999.000
202603261412,   0.599,9999.000,9999.000,9999.000,9999.000,9999.000,9999.000,9999.000,9999.000
202603261418,   0.657,9999.000,9999.000,9999.000,9999.000,9999.000,9999.000,9999.000,9999.000
202603261424,   0.719,9999.000,9999.000,9999.000,9999.000,9999.000,9999.000,9999.000,9999.000
202603261430,   0.786,9999.000,9999.000,9999.000,9999.000,9999.000,9999.000,9999.000,9999.000
202603261436,   0.857,9999.000,9999.000,9999.000,9999.000,9999.000,9999.000,9999.000,9999.000
202603261442,   0.931,9999.000,9999.000,9999.000,9999.000,9999.000,9999.000,9999.000,9999.000
202603261448,   1.009,9999.000,9999.000,9999.000,9999.000,9999.000,9999.000,9999.000,9999.000
202603261454,   1.089,9999.000,9999.000,9999.000,9999.000,9999.000,9999.000,9999.000,9999.000
202603261500,   1.171,9999.000,   0.000,   0.211,   1.382,   0.000,   1.382,   0.100,   1.482
202603261506,   1.255,9999.000,9999.000,9999.000,9999.000,9999.000,9999.000,9999.000,9999.000
202603261512,   1.340,9999.000,9999.000,9999.000,9999.000,9999.000,9999.000,9999.000,9999.000
202603261518,   1.427,9999.000,9999.000,9999.000,9999.000,9999.000,9999.000,9999.000,9999.000
202603261524,   1.513,9999.000,9999.000,9999.000,9999.000,9999.000,9999.000,9999.000,9999.000
202603261530,   1.600,9999.000,9999.000,9999.000,9999.000,9999.000,9999.000,9999.000,9999.000
202603261536,   1.686,9999.000,9999.000,9999.000,9999.000,9999.000,9999.000,9999.000,9999.000
202603261542,   1.772,9999.000,9999.000,9999.000,9999.000,9999.000,9999.000,9999.000,9999.000
202603261548,   1.857,9999.000,9999.000,9999.000,9999.000,9999.000,9999.000,9999.000,9999.000
202603261554,   1.941,9999.000,9999.000,9999.000,9999.000,9999.000,9999.000,9999.000,9999.000
202603261600,   2.024,9999.000,   0.000,   0.211,   2.235,   0.000,   2.235,   0.100,   2.335
202603261606,   2.106,9999.000,9999.000,9999.000,9999.000,9999.000,9999.000,9999.000,9999.000
202603261612,   2.187,9999.000,9999.000,9999.000,9999.000,9999.000,9999.000,9999.000,9999.000
202603261618,   2.267,9999.000,9999.000,9999.000,9999.000,9999.000,9999.000,9999.000,9999.000
202603261624,   2.345,9999.000,9999.000,9999.000,9999.000,9999.000,9999.000,9999.000,9999.000
202603261630,   2.423,9999.000,9999.000,9999.000,9999.000,9999.000,9999.000,9999.000,9999.000
202603261636,   2.499,9999.000,9999.000,9999.000,9999.000,9999.000,9999.000,9999.000,9999.000
202603261642,   2.575,9999.000,9999.000,9999.000,9999.000,9999.000,9999.000,9999.000,9999.000
202603261648,   2.649,9999.000,9999.000,9999.000,9999.000,9999.000,9999.000,9999.000,9999.000
202603261654,   2.723,9999.000,9999.000,9999.000,9999.000,9999.000,9999.000,9999.000,9999.000
202603261700,   2.796,9999.000,   0.000,   0.211,   3.007,   0.000,   3.007,   0.100,   3.107
202603261706,   2.868,9999.000,9999.000,9999.000,9999.000,9999.000,9999.000,9999.000,9999.000
202603261712,   2.939,9999.000,9999.000,9999.000,9999.000,9999.000,9999.000,9999.000,9999.000
202603261718,   3.010,9999.000,9999.000,9999.000,9999.000,9999.000,9999.000,9999.000,9999.000
202603261724,   3.078,9999.000,9999.000,9999.000,9999.000,9999.000,9999.000,9999.000,9999.000
202603261730,   3.146,9999.000,9999.000,9999.000,9999.000,9999.000,9999.000,9999.000,9999.000
202603261736,   3.212,9999.000,9999.000,9999.000,9999.000,9999.000,9999.000,9999.000,9999.000
202603261742,   3.276,9999.000,9999.000,9999.000,9999.000,9999.000,9999.000,9999.000,9999.000
202603261748,   3.337,9999.000,9999.000,9999.000,9999.000,9999.000,9999.000,9999.000,9999.000
202603261754,   3.396,9999.000,9999.000,9999.000,9999.000,9999.000,9999.000,9999.000,9999.000
202603261800,   3.452,9999.000,   0.000,   0.211,   3.663,   0.000,   3.663,   0.100,   3.763
202603261806,   3.504,9999.000,9999.000,9999.000,9999.000,9999.000,9999.000,9999.000,9999.000
202603261812,   3.552,9999.000,9999.000,9999.000,9999.000,9999.000,9999.000,9999.000,9999.000
202603261818,   3.595,9999.000,9999.000,9999.000,9999.000,9999.000,9999.000,9999.000,9999.000
202603261824,   3.634,9999.000,9999.000,9999.000,9999.000,9999.000,9999.000,9999.000,9999.000
202603261830,   3.667,9999.000,9999.000,9999.000,9999.000,9999.000,9999.000,9999.000,9999.000
202603261836,   3.695,9999.000,9999.000,9999.000,9999.000,9999.000,9999.000,9999.000,9999.000
202603261842,   3.716,9999.000,9999.000,9999.000,9999.000,9999.000,9999.000,9999.000,9999.000
202603261848,   3.731,9999.000,9999.000,9999.000,9999.000,9999.000,9999.000,9999.000,9999.000
202603261854,   3.740,9999.000,9999.000,9999.000,9999.000,9999.000,9999.000,9999.000,9999.000
202603261900,   3.742,9999.000,   0.000,   0.211,   3.953,   0.000,   3.953,   0.100,   4.053
202603261906,   3.737,9999.000,9999.000,9999.000,9999.000,9999.000,9999.000,9999.000,9999.000
202603261912,   3.725,9999.000,9999.000,9999.000,9999.000,9999.000,9999.000,9999.000,9999.000
202603261918,   3.706,9999.000,9999.000,9999.000,9999.000,9999.000,9999.000,9999.000,9999.000
202603261924,   3.681,9999.000,9999.000,9999.000,9999.000,9999.000,9999.000,9999.000,9999.000
202603261930,   3.649,9999.000,9999.000,9999.000,9999.000,9999.000,9999.000,9999.000,9999.000
202603261936,   3.611,9999.000,9999.000,9999.000,9999.000,9999.000,9999.000,9999.000,9999.000
202603261942,   3.568,9999.000,9999.000,9999.000,9999.000,9999.000,9999.000,9999.000,9999.000
202603261948,   3.519,9999.000,9999.000,9999.000,9999.000,9999.000,9999.000,9999.000,9999.000
202603261954,   3.465,9999.000,9999.000,9999.000,9999.000,9999.000,9999.000,9999.000,9999.000
202603262000,   3.407,9999.000,   0.000,   0.211,   3.618,   0.000,   3.618,   0.100,   3.718
202603262006,   3.345,9999.000,9999.000,9999.000,9999.000,9999.000,9999.000,9999.000,9999.000
202603262012,   3.280,9999.000,9999.000,9999.000,9999.000,9999.000,9999.000,9999.000,9999.000
202603262018,   3.212,9999.000,9999.000,9999.000,9999.000,9999.000,9999.000,9999.000,9999.000
202603262024,   3.141,9999.000,9999.000,9999.000,9999.000,9999.000,9999.000,9999.000,9999.000
202603262030,   3.069,9999.000,9999.000,9999.000,9999.000,9999.000,9999.000,9999.000,9999.000
202603262036,   2.995,9999.000,9999.000,9999.000,9999.000,9999.000,9999.000,9999.000,9999.000
202603262042,   2.920,9999.000,9999.000,9999.000,9999.000,9999.000,9999.000,9999.000,9999.000
202603262048,   2.845,9999.000,9999.000,9999.000,9999.000,9999.000,9999.000,9999.000,9999.000
202603262054,   2.770,9999.000,9999.000,9999.000,9999.000,9999.000,9999.000,9999.000,9999.000
202603262100,   2.695,9999.000,   0.000,   0.211,   2.906,   0.000,   2.906,   0.100,   3.006
202603262106,   2.621,9999.000,9999.000,9999.000,9999.000,9999.000,9999.000,9999.000,9999.000
202603262112,   2.547,9999.000,9999.000,9999.000,9999.000,9999.000,9999.000,9999.000,9999.000
202603262118,   2.474,9999.000,9999.000,9999.000,9999.000,9999.000,9999.000,9999.000,9999.000
202603262124,   2.403,9999.000,9999.000,9999.000,9999.000,9999.000,9999.000,9999.000,9999.000
202603262130,   2.332,9999.000,9999.000,9999.000,9999.000,9999.000,9999.000,9999.000,9999.000
202603262136,   2.263,9999.000,9999.000,9999.000,9999.000,9999.000,9999.000,9999.000,9999.000
202603262142,   2.194,9999.000,9999.000,9999.000,9999.000,9999.000,9999.000,9999.000,9999.000
202603262148,   2.127,9999.000,9999.000,9999.000,9999.000,9999.000,9999.000,9999.000,9999.000
202603262154,   2.062,9999.000,9999.000,9999.000,9999.000,9999.000,9999.000,9999.000,9999.000
202603262200,   1.997,9999.000,   0.000,   0.211,   2.208,   0.000,   2.208,   0.100,   2.308
202603262206,   1.933,9999.000,9999.000,9999.000,9999.000,9999.000,9999.000,9999.000,9999.000
202603262212,   1.871,9999.000,9999.000,9999.000,9999.000,9999.000,9999.000,9999.000,9999.000
202603262218,   1.809,9999.000,9999.000,9999.000,9999.000,9999.000,9999.000,9999.000,9999.000
202603262224,   1.748,9999.000,9999.000,9999.000,9999.000,9999.000,9999.000,9999.000,9999.000
202603262230,   1.688,9999.000,9999.000,9999.000,9999.000,9999.000,9999.000,9999.000,9999.000
202603262236,   1.629,9999.000,9999.000,9999.000,9999.000,9999.000,9999.000,9999.000,9999.000
202603262242,   1.571,9999.000,9999.000,9999.000,9999.000,9999.000,9999.000,9999.000,9999.000
202603262248,   1.513,9999.000,9999.000,9999.000,9999.000,9999.000,9999.000,9999.000,9999.000
202603262254,   1.456,9999.000,9999.000,9999.000,9999.000,9999.000,9999.000,9999.000,9999.000
202603262300,   1.400,9999.000,   0.000,   0.211,   1.611,   0.000,   1.611,   0.100,   1.711
202603262306,   1.345,9999.000,9999.000,9999.000,9999.000,9999.000,9999.000,9999.000,9999.000
202603262312,   1.290,9999.000,9999.000,9999.000,9999.000,9999.000,9999.000,9999.000,9999.000
202603262318,   1.237,9999.000,9999.000,9999.000,9999.000,9999.000,9999.000,9999.000,9999.000
202603262324,   1.184,9999.000,9999.000,9999.000,9999.000,9999.000,9999.000,9999.000,9999.000
202603262330,   1.132,9999.000,9999.000,9999.000,9999.000,9999.000,9999.000,9999.000,9999.000
202603262336,   1.082,9999.000,9999.000,9999.000,9999.000,9999.000,9999.000,9999.000,9999.000
202603262342,   1.032,9999.000,9999.000,9999.000,9999.000,9999.000,9999.000,9999.000,9999.000
202603262348,   0.984,9999.000,9999.000,9999.000,9999.000,9999.000,9999.000,9999.000,9999.000
202603262354,   0.937,9999.000,9999.000,9999.000,9999.000,9999.000,9999.000,9999.000,9999.000
202603270000,   0.892,9999.000,   0.000,   0.211,   1.103,   0.000,   1.103,   0.100,   1.203
202603270006,   0.849,9999.000,9999.000,9999.000,9999.000,9999.000,9999.000,9999.000,9999.000
202603270012,   0.807,9999.000,9999.000,9999.000,9999.000,9999.000,9999.000,9999.000,9999.000
202603270018,   0.768,9999.000,9999.000,9999.000,9999.000,9999.000,9999.000,9999.000,9999.000
202603270024,   0.730,9999.000,9999.000,9999.000,9999.000,9999.000,9999.000,9999.000,9999.000
202603270030,   0.696,9999.000,9999.000,9999.000,9999.000,9999.000,9999.000,9999.000,9999.000
202603270036,   0.663,9999.000,9999.000,9999.000,9999.000,9999.000,9999.000,9999.000,9999.000
202603270042,   0.634,9999.000,9999.000,9999.000,9999.000,9999.000,9999.000,9999.000,9999.000
202603270048,   0.607,9999.000,9999.000,9999.000,9999.000,9999.000,9999.000,9999.000,9999.000
202603270054,   0.584,9999.000,9999.000,9999.000,9999.000,9999.000,9999.000,9999.000,9999.000
202603270100,   0.565,9999.000,   0.000,   0.211,   0.776,   0.000,   0.776,   0.100,   0.876
202603270106,   0.549,9999.000,9999.000,9999.000,9999.000,9999.000,9999.000,9999.000,9999.000
202603270112,   0.538,9999.000,9999.000,9999.000,9999.000,9999.000,9999.000,9999.000,9999.000
202603270118,   0.530,9999.000,9999.000,9999.000,9999.000,9999.000,9999.000,9999.000,9999.000
202603270124,   0.528,9999.000,9999.000,9999.000,9999.000,9999.000,9999.000,9999.000,9999.000
202603270130,   0.530,9999.000,9999.000,9999.000,9999.000,9999.000,9999.000,9999.000,9999.000
202603270136,   0.537,9999.000,9999.000,9999.000,9999.000,9999.000,9999.000,9999.000,9999.000
202603270142,   0.550,9999.000,9999.000,9999.000,9999.000,9999.000,9999.000,9999.000,9999.000
202603270148,   0.568,9999.000,9999.000,9999.000,9999.000,9999.000,9999.000,9999.000,9999.000
202603270154,   0.592,9999.000,9999.000,9999.000,9999.000,9999.000,9999.000,9999.000,9999.000
202603270200,   0.622,9999.000,   0.000,   0.211,   0.833,   0.000,   0.833,   0.100,   0.933
202603270206,   0.657,9999.000,9999.000,9999.000,9999.000,9999.000,9999.000,9999.000,9999.000
202603270212,   0.698,9999.000,9999.000,9999.000,9999.000,9999.000,9999.000,9999.000,9999.000
202603270218,   0.745,9999.000,9999.000,9999.000,9999.000,9999.000,9999.000,9999.000,9999.000
202603270224,   0.798,9999.000,9999.000,9999.000,9999.000,9999.000,9999.000,9999.000,9999.000
202603270230,   0.856,9999.000,9999.000,9999.000,9999.000,9999.000,9999.000,9999.000,9999.000
202603270236,   0.919,9999.000,9999.000,9999.000,9999.000,9999.000,9999.000,9999.000,9999.000
202603270242,   0.988,9999.000,9999.000,9999.000,9999.000,9999.000,9999.000,9999.000,9999.000
202603270248,   1.061,9999.000,9999.000,9999.000,9999.000,9999.000,9999.000,9999.000,9999.000
202603270254,   1.138,9999.000,9999.000,9999.000,9999.000,9999.000,9999.000,9999.000,9999.000
202603270300,   1.220,9999.000,   0.000,   0.211,   1.431,  -0.100,   1.331,   0.100,   1.531
202603270306,   1.305,9999.000,9999.000,9999.000,9999.000,9999.000,9999.000,9999.000,9999.000
202603270312,   1.393,9999.000,9999.000,9999.000,9999.000,9999.000,9999.000,9999.000,9999.000
202603270318,   1.483,9999.000,9999.000,9999.000,9999.000,9999.000,9999.000,9999.000,9999.000
202603270324,   1.576,9999.000,9999.000,9999.000,9999.000,9999.000,9999.000,9999.000,9999.000
202603270330,   1.670,9999.000,9999.000,9999.000,9999.000,9999.000,9999.000,9999.000,9999.000
202603270336,   1.766,9999.000,9999.000,9999.000,9999.000,9999.000,9999.000,9999.000,9999.000
202603270342,   1.862,9999.000,9999.000,9999.000,9999.000,9999.000,9999.000,9999.000,9999.000
202603270348,   1.959,9999.000,9999.000,9999.000,9999.000,9999.000,9999.000,9999.000,9999.000
202603270354,   2.056,9999.000,9999.000,9999.000,9999.000,9999.000,9999.000,9999.000,9999.000
202603270400,   2.152,9999.000,   0.000,   0.211,   2.363,  -0.100,   2.263,   0.100,   2.463
202603270406,   2.248,9999.000,9999.000,9999.000,9999.000,9999.000,9999.000,9999.000,9999.000
202603270412,   2.342,9999.000,9999.000,9999.000,9999.000,9999.000,9999.000,9999.000,9999.000
202603270418,   2.436,9999.000,9999.000,9999.000,9999.000,9999.000,9999.000,9999.000,9999.000
202603270424,   2.528,9999.000,9999.000,9999.000,9999.000,9999.000,9999.000,9999.000,9999.000
202603270430,   2.620,9999.000,9999.000,9999.000,9999.000,9999.000,9999.000,9999.000,9999.000
202603270436,   2.709,9999.000,9999.000,9999.000,9999.000,9999.000,9999.000,9999.000,9999.000
202603270442,   2.798,9999.000,9999.000,9999.000,9999.000,9999.000,9999.000,9999.000,9999.000
202603270448,   2.885,9999.000,9999.000,9999.000,9999.000,9999.000,9999.000,9999.000,9999.000
202603270454,   2.971,9999.000,9999.000,9999.000,9999.000,9999.000,9999.000,9999.000,9999.000
202603270500,   3.056,9999.000,   0.000,   0.211,   3.267,  -0.100,   3.167,   0.100,   3.367
202603270506,   3.139,9999.000,9999.000,9999.000,9999.000,9999.000,9999.000,9999.000,9999.000
202603270512,   3.222,9999.000,9999.000,9999.000,9999.000,9999.000,9999.000,9999.000,9999.000
202603270518,   3.303,9999.000,9999.000,9999.000,9999.000,9999.000,9999.000,9999.000,9999.000
202603270524,   3.383,9999.000,9999.000,9999.000,9999.000,9999.000,9999.000,9999.000,9999.000
202603270530,   3.463,9999.000,9999.000,9999.000,9999.000,9999.000,9999.000,9999.000,9999.000
202603270536,   3.541,9999.000,9999.000,9999.000,9999.000,9999.000,9999.000,9999.000,9999.000
202603270542,   3.618,9999.000,9999.000,9999.000,9999.000,9999.000,9999.000,9999.000,9999.000
202603270548,   3.694,9999.000,9999.000,9999.000,9999.000,9999.000,9999.000,9999.000,9999.000
202603270554,   3.768,9999.000,9999.000,9999.000,9999.000,9999.000,9999.000,9999.000,9999.000
202603270600,   3.841,9999.000,   0.000,   0.211,   4.052,  -0.100,   3.952,   0.100,   4.152
202603270606,   3.911,9999.000,9999.000,9999.000,9999.000,9999.000,9999.000,9999.000,9999.000
202603270612,   3.979,9999.000,9999.000,9999.000,9999.000,9999.000,9999.000,9999.000,9999.000
202603270618,   4.044,9999.000,9999.000,9999.000,9999.000,9999.000,9999.000,9999.000,9999.000
202603270624,   4.106,9999.000,9999.000,9999.000,9999.000,9999.000,9999.000,9999.000,9999.000
202603270630,   4.165,9999.000,9999.000,9999.000,9999.000,9999.000,9999.000,9999.000,9999.000
202603270636,   4.219,9999.000,9999.000,9999.000,9999.000,9999.000,9999.000,9999.000,9999.000
202603270642,   4.269,9999.000,9999.000,9999.000,9999.000,9999.000,9999.000,9999.000,9999.000
202603270648,   4.313,9999.000,9999.000,9999.000,9999.000,9999.000,9999.000,9999.000,9999.000
202603270654,   4.353,9999.000,9999.000,9999.000,9999.000,9999.000,9999.000,9999.000,9999.000
202603270700,   4.386,9999.000,   0.000,   0.211,   4.597,  -0.200,   4.397,   0.100,   4.697
202603270706,   4.414,9999.000,9999.000,9999.000,9999.000,9999.000,9999.000,9999.000,9999.000
202603270712,   4.435,9999.000,9999.000,9999.000,9999.000,9999.000,9999.000,9999.000,9999.000
202603270718,   4.449,9999.000,9999.000,9999.000,9999.000,9999.000,9999.000,9999.000,9999.000
202603270724,   4.457,9999.000,9999.000,9999.000,9999.000,9999.000,9999.000,9999.000,9999.000
202603270730,   4.457,9999.000,9999.000,9999.000,9999.000,9999.000,9999.000,9999.000,9999.000
202603270736,   4.451,9999.000,9999.000,9999.000,9999.000,9999.000,9999.000,9999.000,9999.000
202603270742,   4.437,9999.000,9999.000,9999.000,9999.000,9999.000,9999.000,9999.000,9999.000
202603270748,   4.417,9999.000,9999.000,9999.000,9999.000,9999.000,9999.000,9999.000,9999.000
202603270754,   4.390,9999.000,9999.000,9999.000,9999.000,9999.000,9999.000,9999.000,9999.000
202603270800,   4.357,9999.000,   0.000,   0.211,   4.568,  -0.200,   4.368,   0.100,   4.668
202603270806,   4.317,9999.000,9999.000,9999.000,9999.000,9999.000,9999.000,9999.000,9999.000
202603270812,   4.272,9999.000,9999.000,9999.000,9999.000,9999.000,9999.000,9999.000,9999.000
202603270818,   4.222,9999.000,9999.000,9999.000,9999.000,9999.000,9999.000,9999.000,9999.000
202603270824,   4.166,9999.000,9999.000,9999.000,9999.000,9999.000,9999.000,9999.000,9999.000
202603270830,   4.107,9999.000,9999.000,9999.000,9999.000,9999.000,9999.000,9999.000,9999.000
202603270836,   4.044,9999.000,9999.000,9999.000,9999.000,9999.000,9999.000,9999.000,9999.000
202603270842,   3.977,9999.000,9999.000,9999.000,9999.000,9999.000,9999.000,9999.000,9999.000
202603270848,   3.907,9999.000,9999.000,9999.000,9999.000,9999.000,9999.000,9999.000,9999.000
202603270854,   3.836,9999.000,9999.000,9999.000,9999.000,9999.000,9999.000,9999.000,9999.000
202603270900,   3.762,9999.000,  -0.100,   0.211,   3.873,  -0.200,   3.773,   0.100,   4.073
202603270906,   3.687,9999.000,9999.000,9999.000,9999.000,9999.000,9999.000,9999.000,9999.000
202603270912,   3.611,9999.000,9999.000,9999.000,9999.000,9999.000,9999.000,9999.000,9999.000
202603270918,   3.534,9999.000,9999.000,9999.000,9999.000,9999.000,9999.000,9999.000,9999.000
202603270924,   3.456,9999.000,9999.000,9999.000,9999.000,9999.000,9999.000,9999.000,9999.000
202603270930,   3.379,9999.000,9999.000,9999.000,9999.000,9999.000,9999.000,9999.000,9999.000
202603270936,   3.301,9999.000,9999.000,9999.000,9999.000,9999.000,9999.000,9999.000,9999.000
202603270942,   3.224,9999.000,9999.000,9999.000,9999.000,9999.000,9999.000,9999.000,9999.000
202603270948,   3.147,9999.000,9999.000,9999.000,9999.000,9999.000,9999.000,9999.000,9999.000
202603270954,   3.071,9999.000,9999.000,9999.000,9999.000,9999.000,9999.000,9999.000,9999.000
202603271000,   2.995,9999.000,  -0.100,   0.211,   3.106,  -0.200,   3.006,   0.000,   3.206
202603271006,   2.919,9999.000,9999.000,9999.000,9999.000,9999.000,9999.000,9999.000,9999.000
202603271012,   2.843,9999.000,9999.000,9999.000,9999.000,9999.000,9999.000,9999.000,9999.000
202603271018,   2.768,9999.000,9999.000,9999.000,9999.000,9999.000,9999.000,9999.000,9999.000
202603271024,   2.694,9999.000,9999.000,9999.000,9999.000,9999.000,9999.000,9999.000,9999.000
202603271030,   2.619,9999.000,9999.000,9999.000,9999.000,9999.000,9999.000,9999.000,9999.000
202603271036,   2.544,9999.000,9999.000,9999.000,9999.000,9999.000,9999.000,9999.000,9999.000
202603271042,   2.470,9999.000,9999.000,9999.000,9999.000,9999.000,9999.000,9999.000,9999.000
202603271048,   2.395,9999.000,9999.000,9999.000,9999.000,9999.000,9999.000,9999.000,9999.000
202603271054,   2.321,9999.000,9999.000,9999.000,9999.000,9999.000,9999.000,9999.000,9999.000
202603271100,   2.246,9999.000,  -0.100,   0.211,   2.357,  -0.300,   2.157,   0.000,   2.457
202603271106,   2.171,9999.000,9999.000,9999.000,9999.000,9999.000,9999.000,9999.000,9999.000
202603271112,   2.095,9999.000,9999.000,9999.000,9999.000,9999.000,9999.000,9999.000,9999.000
202603271118,   2.020,9999.000,9999.000,9999.000,9999.000,9999.000,9999.000,9999.000,9999.000
202603271124,   1.944,9999.000,9999.000,9999.000,9999.000,9999.000,9999.000,9999.000,9999.000
202603271130,   1.868,9999.000,9999.000,9999.000,9999.000,9999.000,9999.000,9999.000,9999.000
202603271136,   1.792,9999.000,9999.000,9999.000,9999.000,9999.000,9999.000,9999.000,9999.000
202603271142,   1.716,9999.000,9999.000,9999.000,9999.000,9999.000,9999.000,9999.000,9999.000
202603271148,   1.639,9999.000,9999.000,9999.000,9999.000,9999.000,9999.000,9999.000,9999.000
202603271154,   1.563,9999.000,9999.000,9999.000,9999.000,9999.000,9999.000,9999.000,9999.000
202603271200,   1.487,9999.000,  -0.100,   0.211,   1.598,  -0.300,   1.398,   0.000,   1.698
202603271206,   1.412,9999.000,9999.000,9999.000,9999.000,9999.000,9999.000,9999.000,9999.000
202603271212,   1.336,9999.000,9999.000,9999.000,9999.000,9999.000,9999.000,9999.000,9999.000
202603271218,   1.262,9999.000,9999.000,9999.000,9999.000,9999.000,9999.000,9999.000,9999.000
202603271224,   1.188,9999.000,9999.000,9999.000,9999.000,9999.000,9999.000,9999.000,9999.000
202603271230,   1.115,9999.000,9999.000,9999.000,9999.000,9999.000,9999.000,9999.000,9999.000
202603271236,   1.044,9999.000,9999.000,9999.000,9999.000,9999.000,9999.000,9999.000,9999.000
202603271242,   0.973,9999.000,9999.000,9999.000,9999.000,9999.000,9999.000,9999.000,9999.000
202603271248,   0.905,9999.000,9999.000,9999.000,9999.000,9999.000,9999.000,9999.000,9999.000
202603271254,   0.838,9999.000,9999.000,9999.000,9999.000,9999.000,9999.000,9999.000,9999.000
202603271300,   0.773,9999.000,  -0.100,   0.211,   0.884,  -0.300,   0.684,   0.000,   0.984
202603271306,   0.711,9999.000,9999.000,9999.000,9999.000,9999.000,9999.000,9999.000,9999.000
202603271312,   0.652,9999.000,9999.000,9999.000,9999.000,9999.000,9999.000,9999.000,9999.000
202603271318,   0.595,9999.000,9999.000,9999.000,9999.000,9999.000,9999.000,9999.000,9999.000
202603271324,   0.542,9999.000,9999.000,9999.000,9999.000,9999.000,9999.000,9999.000,9999.000
202603271330,   0.493,9999.000,9999.000,9999.000,9999.000,9999.000,9999.000,9999.000,9999.000
202603271336,   0.447,9999.000,9999.000,9999.000,9999.000,9999.000,9999.000,9999.000,9999.000
202603271342,   0.406,9999.000,9999.000,9999.000,9999.000,9999.000,9999.000,9999.000,9999.000
202603271348,   0.370,9999.000,9999.000,9999.000,9999.000,9999.000,9999.000,9999.000,9999.000
202603271354,   0.339,9999.000,9999.000,9999.000,9999.000,9999.000,9999.000,9999.000,9999.000
202603271400,   0.313,9999.000,  -0.100,   0.211,   0.424,  -0.300,   0.224,   0.000,   0.524
202603271406,   0.292,9999.000,9999.000,9999.000,9999.000,9999.000,9999.000,9999.000,9999.000
202603271412,   0.277,9999.000,9999.000,9999.000,9999.000,9999.000,9999.000,9999.000,9999.000
202603271418,   0.269,9999.000,9999.000,9999.000,9999.000,9999.000,9999.000,9999.000,9999.000
202603271424,   0.266,9999.000,9999.000,9999.000,9999.000,9999.000,9999.000,9999.000,9999.000
202603271430,   0.270,9999.000,9999.000,9999.000,9999.000,9999.000,9999.000,9999.000,9999.000
202603271436,   0.281,9999.000,9999.000,9999.000,9999.000,9999.000,9999.000,9999.000,9999.000
202603271442,   0.297,9999.000,9999.000,9999.000,9999.000,9999.000,9999.000,9999.000,9999.000
202603271448,   0.321,9999.000,9999.000,9999.000,9999.000,9999.000,9999.000,9999.000,9999.000
202603271454,   0.350,9999.000,9999.000,9999.000,9999.000,9999.000,9999.000,9999.000,9999.000
202603271500,   0.386,9999.000,  -0.200,   0.211,   0.397,  -0.300,   0.297,   0.000,   0.597
202603271506,   0.428,9999.000,9999.000,9999.000,9999.000,9999.000,9999.000,9999.000,9999.000
202603271512,   0.475,9999.000,9999.000,9999.000,9999.000,9999.000,9999.000,9999.000,9999.000
202603271518,   0.528,9999.000,9999.000,9999.000,9999.000,9999.000,9999.000,9999.000,9999.000
202603271524,   0.586,9999.000,9999.000,9999.000,9999.000,9999.000,9999.000,9999.000,9999.000
202603271530,   0.649,9999.000,9999.000,9999.000,9999.000,9999.000,9999.000,9999.000,9999.000
202603271536,   0.715,9999.000,9999.000,9999.000,9999.000,9999.000,9999.000,9999.000,9999.000
202603271542,   0.786,9999.000,9999.000,9999.000,9999.000,9999.000,9999.000,9999.000,9999.000
202603271548,   0.860,9999.000,9999.000,9999.000,9999.000,9999.000,9999.000,9999.000,9999.000
202603271554,   0.937,9999.000,9999.000,9999.000,9999.000,9999.000,9999.000,9999.000,9999.000
202603271600,   1.016,9999.000,  -0.200,   0.211,   1.027,  -0.300,   0.927,   0.000,   1.227
202603271606,   1.097,9999.000,9999.000,9999.000,9999.000,9999.000,9999.000,9999.000,9999.000
202603271612,   1.180,9999.000,9999.000,9999.000,9999.000,9999.000,9999.000,9999.000,9999.000
202603271618,   1.264,9999.000,9999.000,9999.000,9999.000,9999.000,9999.000,9999.000,9999.000
202603271624,   1.349,9999.000,9999.000,9999.000,9999.000,9999.000,9999.000,9999.000,9999.000
202603271630,   1.435,9999.000,9999.000,9999.000,9999.000,9999.000,9999.000,9999.000,9999.000
202603271636,   1.520,9999.000,9999.000,9999.000,9999.000,9999.000,9999.000,9999.000,9999.000
202603271642,   1.606,9999.000,9999.000,9999.000,9999.000,9999.000,9999.000,9999.000,9999.000
202603271648,   1.692,9999.000,9999.000,9999.000,9999.000,9999.000,9999.000,9999.000,9999.000
202603271654,   1.778,9999.000,9999.000,9999.000,9999.000,9999.000,9999.000,9999.000,9999.000
202603271700,   1.863,9999.000,  -0.200,   0.211,   1.874,  -0.400,   1.674,   0.000,   2.074
202603271706,   1.948,9999.000,9999.000,9999.000,9999.000,9999.000,9999.000,9999.000,9999.000
202603271712,   2.033,9999.000,9999.000,9999.000,9999.000,9999.000,9999.000,9999.000,9999.000
202603271718,   2.118,9999.000,9999.000,9999.000,9999.000,9999.000,9999.000,9999.000,9999.000
202603271724,   2.202,9999.000,9999.000,9999.000,9999.000,9999.000,9999.000,9999.000,9999.000
202603271730,   2.286,9999.000,9999.000,9999.000,9999.000,9999.000,9999.000,9999.000,9999.000
202603271736,   2.370,9999.000,9999.000,9999.000,9999.000,9999.000,9999.000,9999.000,9999.000
202603271742,   2.454,9999.000,9999.000,9999.000,9999.000,9999.000,9999.000,9999.000,9999.000
202603271748,   2.537,9999.000,9999.000,9999.000,9999.000,9999.000,9999.000,9999.000,9999.000
202603271754,   2.621,9999.000,9999.000,9999.000,9999.000,9999.000,9999.000,9999.000,9999.000
202603271800,   2.704,9999.000,  -0.200,   0.211,   2.715,  -0.400,   2.515,  -0.100,   2.815
202603271806,   2.787,9999.000,9999.000,9999.000,9999.000,9999.000,9999.000,9999.000,9999.000
202603271812,   2.869,9999.000,9999.000,9999.000,9999.000,9999.000,9999.000,9999.000,9999.000
202603271818,   2.950,9999.000,9999.000,9999.000,9999.000,9999.000,9999.000,9999.000,9999.000
202603271824,   3.030,9999.000,9999.000,9999.000,9999.000,9999.000,9999.000,9999.000,9999.000
202603271830,   3.109,9999.000,9999.000,9999.000,9999.000,9999.000,9999.000,9999.000,9999.000
202603271836,   3.186,9999.000,9999.000,9999.000,9999.000,9999.000,9999.000,9999.000,9999.000
202603271842,   3.261,9999.000,9999.000,9999.000,9999.000,9999.000,9999.000,9999.000,9999.000
202603271848,   3.333,9999.000,9999.000,9999.000,9999.000,9999.000,9999.000,9999.000,9999.000
202603271854,   3.403,9999.000,9999.000,9999.000,9999.000,9999.000,9999.000,9999.000,9999.000
202603271900,   3.468,9999.000,  -0.300,   0.211,   3.379,  -0.400,   3.279,  -0.100,   3.579
202603271906,   3.530,9999.000,9999.000,9999.000,9999.000,9999.000,9999.000,9999.000,9999.000
202603271912,   3.587,9999.000,9999.000,9999.000,9999.000,9999.000,9999.000,9999.000,9999.000
202603271918,   3.639,9999.000,9999.000,9999.000,9999.000,9999.000,9999.000,9999.000,9999.000
202603271924,   3.685,9999.000,9999.000,9999.000,9999.000,9999.000,9999.000,9999.000,9999.000
202603271930,   3.726,9999.000,9999.000,9999.000,9999.000,9999.000,9999.000,9999.000,9999.000
202603271936,   3.760,9999.000,9999.000,9999.000,9999.000,9999.000,9999.000,9999.000,9999.000
202603271942,   3.788,9999.000,9999.000,9999.000,9999.000,9999.000,9999.000,9999.000,9999.000
202603271948,   3.810,9999.000,9999.000,9999.000,9999.000,9999.000,9999.000,9999.000,9999.000
202603271954,   3.824,9999.000,9999.000,9999.000,9999.000,9999.000,9999.000,9999.000,9999.000
202603272000,   3.832,9999.000,  -0.300,   0.211,   3.743,  -0.400,   3.643,  -0.100,   3.943
202603272006,   3.833,9999.000,9999.000,9999.000,9999.000,9999.000,9999.000,9999.000,9999.000
202603272012,   3.827,9999.000,9999.000,9999.000,9999.000,9999.000,9999.000,9999.000,9999.000
202603272018,   3.814,9999.000,9999.000,9999.000,9999.000,9999.000,9999.000,9999.000,9999.000
202603272024,   3.795,9999.000,9999.000,9999.000,9999.000,9999.000,9999.000,9999.000,9999.000
202603272030,   3.770,9999.000,9999.000,9999.000,9999.000,9999.000,9999.000,9999.000,9999.000
202603272036,   3.739,9999.000,9999.000,9999.000,9999.000,9999.000,9999.000,9999.000,9999.000
202603272042,   3.702,9999.000,9999.000,9999.000,9999.000,9999.000,9999.000,9999.000,9999.000
202603272048,   3.661,9999.000,9999.000,9999.000,9999.000,9999.000,9999.000,9999.000,9999.000
202603272054,   3.615,9999.000,9999.000,9999.000,9999.000,9999.000,9999.000,9999.000,9999.000
202603272100,   3.566,9999.000,  -0.300,   0.211,   3.477,  -0.500,   3.277,  -0.100,   3.677
202603272106,   3.512,9999.000,9999.000,9999.000,9999.000,9999.000,9999.000,9999.000,9999.000
202603272112,   3.456,9999.000,9999.000,9999.000,9999.000,9999.000,9999.000,9999.000,9999.000
202603272118,   3.397,9999.000,9999.000,9999.000,9999.000,9999.000,9999.000,9999.000,9999.000
202603272124,   3.337,9999.000,9999.000,9999.000,9999.000,9999.000,9999.000,9999.000,9999.000
202603272130,   3.274,9999.000,9999.000,9999.000,9999.000,9999.000,9999.000,9999.000,9999.000
202603272136,   3.211,9999.000,9999.000,9999.000,9999.000,9999.000,9999.000,9999.000,9999.000
202603272142,   3.146,9999.000,9999.000,9999.000,9999.000,9999.000,9999.000,9999.000,9999.000
202603272148,   3.081,9999.000,9999.000,9999.000,9999.000,9999.000,9999.000,9999.000,9999.000
202603272154,   3.015,9999.000,9999.000,9999.000,9999.000,9999.000,9999.000,9999.000,9999.000
202603272200,   2.950,9999.000,  -0.300,   0.211,   2.861,  -0.500,   2.661,  -0.100,   3.061
202603272206,   2.884,9999.000,9999.000,9999.000,9999.000,9999.000,9999.000,9999.000,9999.000
202603272212,   2.819,9999.000,9999.000,9999.000,9999.000,9999.000,9999.000,9999.000,9999.000
202603272218,   2.754,9999.000,9999.000,9999.000,9999.000,9999.000,9999.000,9999.000,9999.000
202603272224,   2.689,9999.000,9999.000,9999.000,9999.000,9999.000,9999.000,9999.000,9999.000
202603272230,   2.625,9999.000,9999.000,9999.000,9999.000,9999.000,9999.000,9999.000,9999.000
202603272236,   2.560,9999.000,9999.000,9999.000,9999.000,9999.000,9999.000,9999.000,9999.000
202603272242,   2.496,9999.000,9999.000,9999.000,9999.000,9999.000,9999.000,9999.000,9999.000
202603272248,   2.432,9999.000,9999.000,9999.000,9999.000,9999.000,9999.000,9999.000,9999.000
202603272254,   2.369,9999.000,9999.000,9999.000,9999.000,9999.000,9999.000,9999.000,9999.000
202603272300,   2.305,9999.000,  -0.300,   0.211,   2.216,  -0.500,   2.016,  -0.100,   2.416
202603272306,   2.241,9999.000,9999.000,9999.000,9999.000,9999.000,9999.000,9999.000,9999.000
202603272312,   2.177,9999.000,9999.000,9999.000,9999.000,9999.000,9999.000,9999.000,9999.000
202603272318,   2.113,9999.000,9999.000,9999.000,9999.000,9999.000,9999.000,9999.000,9999.000
202603272324,   2.048,9999.000,9999.000,9999.000,9999.000,9999.000,9999.000,9999.000,9999.000
202603272330,   1.984,9999.000,9999.000,9999.000,9999.000,9999.000,9999.000,9999.000,9999.000
202603272336,   1.919,9999.000,9999.000,9999.000,9999.000,9999.000,9999.000,9999.000,9999.000
202603272342,   1.853,9999.000,9999.000,9999.000,9999.000,9999.000,9999.000,9999.000,9999.000
202603272348,   1.788,9999.000,9999.000,9999.000,9999.000,9999.000,9999.000,9999.000,9999.000
202603272354,   1.722,9999.000,9999.000,9999.000,9999.000,9999.000,9999.000,9999.000,9999.000
202603280000,   1.655,9999.000,  -0.300,   0.211,   1.566,  -0.500,   1.366,   0.000,   1.866
