        TIME,    TIDE,      OB,   SURGE,    BIAS,     TWL,SURGE90p,  TWL90p,SURGE10p,   TWL10p
202605140600,   1.074,   1.338,   0.100,   0.164,   1.338,   0.100,   1.338,   0.100,   1.338
202605140606,   1.102,9999.000,9999.000,9999.000,9999.000,9999.000,9999.000,9999.000,9999.000
202605140612,   1.129,   1.420,9999.000,9999.000,9999.000,9999.000,9999.000,9999.000,9999.000
202605140618,   1.156,9999.000,9999.000,9999.000,9999.000,9999.000,9999.000,9999.000,9999.000
202605140624,   1.183,   1.420,9999.000,9999.000,9999.000,9999.000,9999.000,9999.000,9999.000
202605140630,   1.209,9999.000,9999.000,9999.000,9999.000,9999.000,9999.000,9999.000,9999.000
202605140636,   1.235,   1.439,9999.000,9999.000,9999.000,9999.000,9999.000,9999.000,9999.000
202605140642,   1.260,9999.000,9999.000,9999.000,9999.000,9999.000,9999.000,9999.000,9999.000
202605140648,   1.284,   1.479,9999.000,9999.000,9999.000,9999.000,9999.000,9999.000,9999.000
202605140654,   1.308,9999.000,9999.000,9999.000,9999.000,9999.000,9999.000,9999.000,9999.000
202605140700,   1.331,   1.508,   0.100,   0.077,   1.508,   0.100,   1.508,   0.100,   1.508
202605140706,   1.353,   1.498,9999.000,9999.000,9999.000,9999.000,9999.000,9999.000,9999.000
202605140712,   1.375,   1.538,9999.000,9999.000,9999.000,9999.000,9999.000,9999.000,9999.000
202605140718,   1.395,   1.580,9999.000,9999.000,9999.000,9999.000,9999.000,9999.000,9999.000
202605140724,   1.414,   1.580,9999.000,9999.000,9999.000,9999.000,9999.000,9999.000,9999.000
202605140730,   1.433,   1.548,9999.000,9999.000,9999.000,9999.000,9999.000,9999.000,9999.000
202605140736,   1.450,   1.580,9999.000,9999.000,9999.000,9999.000,9999.000,9999.000,9999.000
202605140742,   1.467,   1.600,9999.000,9999.000,9999.000,9999.000,9999.000,9999.000,9999.000
202605140748,   1.482,   1.610,9999.000,9999.000,9999.000,9999.000,9999.000,9999.000,9999.000
202605140754,   1.496,   1.630,9999.000,9999.000,9999.000,9999.000,9999.000,9999.000,9999.000
202605140800,   1.510,   1.639,   0.100,   0.029,   1.639,   0.100,   1.639,   0.100,   1.639
202605140806,   1.522,   1.639,9999.000,9999.000,9999.000,9999.000,9999.000,9999.000,9999.000
202605140812,   1.533,   1.630,9999.000,9999.000,9999.000,9999.000,9999.000,9999.000,9999.000
202605140818,   1.542,   1.630,9999.000,9999.000,9999.000,9999.000,9999.000,9999.000,9999.000
202605140824,   1.551,   1.679,9999.000,9999.000,9999.000,9999.000,9999.000,9999.000,9999.000
202605140830,   1.559,   1.659,9999.000,9999.000,9999.000,9999.000,9999.000,9999.000,9999.000
202605140836,   1.565,   1.649,9999.000,9999.000,9999.000,9999.000,9999.000,9999.000,9999.000
202605140842,   1.570,   1.659,9999.000,9999.000,9999.000,9999.000,9999.000,9999.000,9999.000
202605140848,   1.574,   1.659,9999.000,9999.000,9999.000,9999.000,9999.000,9999.000,9999.000
202605140854,   1.577,   1.699,9999.000,9999.000,9999.000,9999.000,9999.000,9999.000,9999.000
202605140900,   1.579,   1.689,   0.100,   0.010,   1.689,   0.100,   1.689,   0.100,   1.689
202605140906,   1.580,   1.679,9999.000,9999.000,9999.000,9999.000,9999.000,9999.000,9999.000
202605140912,   1.580,   1.679,9999.000,9999.000,9999.000,9999.000,9999.000,9999.000,9999.000
202605140918,   1.579,   1.679,9999.000,9999.000,9999.000,9999.000,9999.000,9999.000,9999.000
202605140924,   1.577,   1.699,9999.000,9999.000,9999.000,9999.000,9999.000,9999.000,9999.000
202605140930,   1.574,   1.679,9999.000,9999.000,9999.000,9999.000,9999.000,9999.000,9999.000
202605140936,   1.570,   1.689,9999.000,9999.000,9999.000,9999.000,9999.000,9999.000,9999.000
202605140942,   1.565,   1.689,9999.000,9999.000,9999.000,9999.000,9999.000,9999.000,9999.000
202605140948,   1.559,   1.689,9999.000,9999.000,9999.000,9999.000,9999.000,9999.000,9999.000
202605140954,   1.553,   1.689,9999.000,9999.000,9999.000,9999.000,9999.000,9999.000,9999.000
202605141000,   1.545,   1.679,   0.100,   0.034,   1.679,   0.000,   1.579,   0.100,   1.679
202605141006,   1.537,   1.649,9999.000,9999.000,9999.000,9999.000,9999.000,9999.000,9999.000
202605141012,   1.529,   1.659,9999.000,9999.000,9999.000,9999.000,9999.000,9999.000,9999.000
202605141018,   1.520,   1.649,9999.000,9999.000,9999.000,9999.000,9999.000,9999.000,9999.000
202605141024,   1.510,   1.659,9999.000,9999.000,9999.000,9999.000,9999.000,9999.000,9999.000
202605141030,   1.500,   1.679,9999.000,9999.000,9999.000,9999.000,9999.000,9999.000,9999.000
202605141036,   1.490,   1.639,9999.000,9999.000,9999.000,9999.000,9999.000,9999.000,9999.000
202605141042,   1.479,   1.590,9999.000,9999.000,9999.000,9999.000,9999.000,9999.000,9999.000
202605141048,   1.468,   1.590,9999.000,9999.000,9999.000,9999.000,9999.000,9999.000,9999.000
202605141054,   1.456,   1.600,9999.000,9999.000,9999.000,9999.000,9999.000,9999.000,9999.000
202605141100,   1.445,   1.600,   0.100,   0.055,   1.600,   0.000,   1.500,   0.100,   1.600
202605141106,   1.433,   1.610,9999.000,9999.000,9999.000,9999.000,9999.000,9999.000,9999.000
202605141112,   1.421,   1.620,9999.000,9999.000,9999.000,9999.000,9999.000,9999.000,9999.000
202605141118,   1.409,   1.630,9999.000,9999.000,9999.000,9999.000,9999.000,9999.000,9999.000
202605141124,   1.397,   1.580,9999.000,9999.000,9999.000,9999.000,9999.000,9999.000,9999.000
202605141130,   1.385,   1.571,9999.000,9999.000,9999.000,9999.000,9999.000,9999.000,9999.000
202605141136,   1.373,   1.557,9999.000,9999.000,9999.000,9999.000,9999.000,9999.000,9999.000
202605141142,   1.361,   1.528,9999.000,9999.000,9999.000,9999.000,9999.000,9999.000,9999.000
202605141148,   1.349,   1.557,9999.000,9999.000,9999.000,9999.000,9999.000,9999.000,9999.000
202605141154,   1.337,   1.538,9999.000,9999.000,9999.000,9999.000,9999.000,9999.000,9999.000
202605141200,   1.326,   1.518,   0.100,   0.092,   1.518,   0.100,   1.518,   0.200,   1.618
202605141206,   1.315,   1.528,9999.000,9999.000,9999.000,9999.000,9999.000,9999.000,9999.000
202605141212,   1.304,   1.528,9999.000,9999.000,9999.000,9999.000,9999.000,9999.000,9999.000
202605141218,   1.294,   1.528,9999.000,9999.000,9999.000,9999.000,9999.000,9999.000,9999.000
202605141224,   1.284,   1.528,9999.000,9999.000,9999.000,9999.000,9999.000,9999.000,9999.000
202605141230,   1.274,   1.538,9999.000,9999.000,9999.000,9999.000,9999.000,9999.000,9999.000
202605141236,   1.264,   1.518,9999.000,9999.000,9999.000,9999.000,9999.000,9999.000,9999.000
202605141242,   1.255,   1.498,9999.000,9999.000,9999.000,9999.000,9999.000,9999.000,9999.000
202605141248,   1.246,   1.498,9999.000,9999.000,9999.000,9999.000,9999.000,9999.000,9999.000
202605141254,   1.238,   1.508,9999.000,9999.000,9999.000,9999.000,9999.000,9999.000,9999.000
202605141300,   1.230,   1.489,   0.100,   0.159,   1.489,   0.100,   1.489,   0.200,   1.589
202605141306,   1.223,   1.479,9999.000,9999.000,9999.000,9999.000,9999.000,9999.000,9999.000
202605141312,   1.216,   1.508,9999.000,9999.000,9999.000,9999.000,9999.000,9999.000,9999.000
202605141318,   1.209,   1.498,9999.000,9999.000,9999.000,9999.000,9999.000,9999.000,9999.000
202605141324,   1.203,   1.410,9999.000,9999.000,9999.000,9999.000,9999.000,9999.000,9999.000
202605141330,   1.198,   1.449,9999.000,9999.000,9999.000,9999.000,9999.000,9999.000,9999.000
202605141336,   1.193,   1.479,9999.000,9999.000,9999.000,9999.000,9999.000,9999.000,9999.000
202605141342,   1.188,   1.439,9999.000,9999.000,9999.000,9999.000,9999.000,9999.000,9999.000
202605141348,   1.184,   1.439,9999.000,9999.000,9999.000,9999.000,9999.000,9999.000,9999.000
202605141354,   1.180,   1.498,9999.000,9999.000,9999.000,9999.000,9999.000,9999.000,9999.000
202605141400,   1.177,   1.410,   0.100,   0.133,   1.410,   0.100,   1.410,   0.100,   1.410
202605141406,   1.174,   1.361,9999.000,9999.000,9999.000,9999.000,9999.000,9999.000,9999.000
202605141412,   1.172,   1.420,9999.000,9999.000,9999.000,9999.000,9999.000,9999.000,9999.000
202605141418,   1.170,   1.439,9999.000,9999.000,9999.000,9999.000,9999.000,9999.000,9999.000
202605141424,   1.168,   1.420,9999.000,9999.000,9999.000,9999.000,9999.000,9999.000,9999.000
202605141430,   1.167,   1.410,9999.000,9999.000,9999.000,9999.000,9999.000,9999.000,9999.000
202605141436,   1.166,   1.430,9999.000,9999.000,9999.000,9999.000,9999.000,9999.000,9999.000
202605141442,   1.166,   1.430,9999.000,9999.000,9999.000,9999.000,9999.000,9999.000,9999.000
202605141448,   1.166,   1.420,9999.000,9999.000,9999.000,9999.000,9999.000,9999.000,9999.000
202605141454,   1.166,   1.430,9999.000,9999.000,9999.000,9999.000,9999.000,9999.000,9999.000
202605141500,   1.167,   1.410,   0.100,   0.143,   1.410,   0.100,   1.410,   0.100,   1.410
202605141506,   1.168,   1.410,9999.000,9999.000,9999.000,9999.000,9999.000,9999.000,9999.000
202605141512,   1.170,   1.430,9999.000,9999.000,9999.000,9999.000,9999.000,9999.000,9999.000
202605141518,   1.171,   1.459,9999.000,9999.000,9999.000,9999.000,9999.000,9999.000,9999.000
202605141524,   1.174,   1.390,9999.000,9999.000,9999.000,9999.000,9999.000,9999.000,9999.000
202605141530,   1.176,   1.380,9999.000,9999.000,9999.000,9999.000,9999.000,9999.000,9999.000
202605141536,   1.179,   1.380,9999.000,9999.000,9999.000,9999.000,9999.000,9999.000,9999.000
202605141542,   1.182,   1.459,9999.000,9999.000,9999.000,9999.000,9999.000,9999.000,9999.000
202605141548,   1.185,   1.469,9999.000,9999.000,9999.000,9999.000,9999.000,9999.000,9999.000
202605141554,   1.188,   1.410,9999.000,9999.000,9999.000,9999.000,9999.000,9999.000,9999.000
202605141600,   1.192,   1.400,   0.100,   0.108,   1.400,   0.100,   1.400,   0.200,   1.500
202605141606,   1.196,   1.449,9999.000,9999.000,9999.000,9999.000,9999.000,9999.000,9999.000
202605141612,   1.200,   1.449,9999.000,9999.000,9999.000,9999.000,9999.000,9999.000,9999.000
202605141618,   1.204,   1.469,9999.000,9999.000,9999.000,9999.000,9999.000,9999.000,9999.000
202605141624,   1.208,   1.449,9999.000,9999.000,9999.000,9999.000,9999.000,9999.000,9999.000
202605141630,   1.213,   1.449,9999.000,9999.000,9999.000,9999.000,9999.000,9999.000,9999.000
202605141636,   1.217,   1.479,9999.000,9999.000,9999.000,9999.000,9999.000,9999.000,9999.000
202605141642,   1.222,   1.518,9999.000,9999.000,9999.000,9999.000,9999.000,9999.000,9999.000
202605141648,   1.226,   1.498,9999.000,9999.000,9999.000,9999.000,9999.000,9999.000,9999.000
202605141654,   1.231,   1.469,9999.000,9999.000,9999.000,9999.000,9999.000,9999.000,9999.000
202605141700,   1.235,   1.498,   0.100,   0.163,   1.498,   0.100,   1.498,   0.100,   1.498
202605141706,   1.240,   1.518,9999.000,9999.000,9999.000,9999.000,9999.000,9999.000,9999.000
202605141712,   1.244,   1.518,9999.000,9999.000,9999.000,9999.000,9999.000,9999.000,9999.000
202605141718,   1.249,   1.538,9999.000,9999.000,9999.000,9999.000,9999.000,9999.000,9999.000
202605141724,   1.253,   1.528,9999.000,9999.000,9999.000,9999.000,9999.000,9999.000,9999.000
202605141730,   1.257,   1.518,9999.000,9999.000,9999.000,9999.000,9999.000,9999.000,9999.000
202605141736,   1.261,   1.571,9999.000,9999.000,9999.000,9999.000,9999.000,9999.000,9999.000
202605141742,   1.264,   1.600,9999.000,9999.000,9999.000,9999.000,9999.000,9999.000,9999.000
202605141748,   1.267,   1.590,9999.000,9999.000,9999.000,9999.000,9999.000,9999.000,9999.000
202605141754,   1.270,   1.580,9999.000,9999.000,9999.000,9999.000,9999.000,9999.000,9999.000
202605141800,   1.273,   1.571,   0.100,   0.198,   1.571,   0.100,   1.571,   0.100,   1.571
202605141806,   1.275,   1.600,9999.000,9999.000,9999.000,9999.000,9999.000,9999.000,9999.000
202605141812,   1.276,   1.639,9999.000,9999.000,9999.000,9999.000,9999.000,9999.000,9999.000
202605141818,   1.278,   1.620,9999.000,9999.000,9999.000,9999.000,9999.000,9999.000,9999.000
202605141824,   1.278,   1.571,9999.000,9999.000,9999.000,9999.000,9999.000,9999.000,9999.000
202605141830,   1.278,   1.571,9999.000,9999.000,9999.000,9999.000,9999.000,9999.000,9999.000
202605141836,   1.278,   1.610,9999.000,9999.000,9999.000,9999.000,9999.000,9999.000,9999.000
202605141842,   1.276,   1.630,9999.000,9999.000,9999.000,9999.000,9999.000,9999.000,9999.000
202605141848,   1.275,   1.590,9999.000,9999.000,9999.000,9999.000,9999.000,9999.000,9999.000
202605141854,   1.272,   1.528,9999.000,9999.000,9999.000,9999.000,9999.000,9999.000,9999.000
202605141900,   1.269,   1.557,   0.100,   0.188,   1.557,   0.100,   1.557,   0.100,   1.557
202605141906,   1.264,   1.610,9999.000,9999.000,9999.000,9999.000,9999.000,9999.000,9999.000
202605141912,   1.259,   1.590,9999.000,9999.000,9999.000,9999.000,9999.000,9999.000,9999.000
202605141918,   1.253,   1.548,9999.000,9999.000,9999.000,9999.000,9999.000,9999.000,9999.000
202605141924,   1.247,   1.518,9999.000,9999.000,9999.000,9999.000,9999.000,9999.000,9999.000
202605141930,   1.239,   1.518,9999.000,9999.000,9999.000,9999.000,9999.000,9999.000,9999.000
202605141936,   1.230,   1.548,9999.000,9999.000,9999.000,9999.000,9999.000,9999.000,9999.000
202605141942,   1.220,   1.528,9999.000,9999.000,9999.000,9999.000,9999.000,9999.000,9999.000
202605141948,   1.210,   1.489,9999.000,9999.000,9999.000,9999.000,9999.000,9999.000,9999.000
202605141954,   1.198,   1.459,9999.000,9999.000,9999.000,9999.000,9999.000,9999.000,9999.000
202605142000,   1.185,   1.439,   0.100,   0.154,   1.439,   0.100,   1.439,   0.100,   1.439
202605142006,   1.172,   1.489,9999.000,9999.000,9999.000,9999.000,9999.000,9999.000,9999.000
202605142012,   1.157,   1.459,9999.000,9999.000,9999.000,9999.000,9999.000,9999.000,9999.000
202605142018,   1.141,   1.410,9999.000,9999.000,9999.000,9999.000,9999.000,9999.000,9999.000
202605142024,   1.125,   1.371,9999.000,9999.000,9999.000,9999.000,9999.000,9999.000,9999.000
202605142030,   1.107,   1.410,9999.000,9999.000,9999.000,9999.000,9999.000,9999.000,9999.000
202605142036,   1.088,   1.410,9999.000,9999.000,9999.000,9999.000,9999.000,9999.000,9999.000
202605142042,   1.068,   1.371,9999.000,9999.000,9999.000,9999.000,9999.000,9999.000,9999.000
202605142048,   1.047,   1.348,9999.000,9999.000,9999.000,9999.000,9999.000,9999.000,9999.000
202605142054,   1.025,   1.279,9999.000,9999.000,9999.000,9999.000,9999.000,9999.000,9999.000
202605142100,   1.003,   1.328,   0.100,   0.225,   1.328,   0.100,   1.328,   0.100,   1.328
202605142106,   0.979,   1.279,9999.000,9999.000,9999.000,9999.000,9999.000,9999.000,9999.000
202605142112,   0.954,   1.328,9999.000,9999.000,9999.000,9999.000,9999.000,9999.000,9999.000
202605142118,   0.929,   1.318,9999.000,9999.000,9999.000,9999.000,9999.000,9999.000,9999.000
202605142124,   0.903,   1.200,9999.000,9999.000,9999.000,9999.000,9999.000,9999.000,9999.000
202605142130,   0.876,   1.190,9999.000,9999.000,9999.000,9999.000,9999.000,9999.000,9999.000
202605142136,   0.848,   1.239,9999.000,9999.000,9999.000,9999.000,9999.000,9999.000,9999.000
202605142142,   0.820,   1.200,9999.000,9999.000,9999.000,9999.000,9999.000,9999.000,9999.000
202605142148,   0.791,   1.128,9999.000,9999.000,9999.000,9999.000,9999.000,9999.000,9999.000
202605142154,   0.762,   1.138,9999.000,9999.000,9999.000,9999.000,9999.000,9999.000,9999.000
202605142200,   0.732,   1.108,   0.100,   0.276,   1.108,   0.000,   1.008,   0.100,   1.108
202605142206,   0.701,   1.088,9999.000,9999.000,9999.000,9999.000,9999.000,9999.000,9999.000
202605142212,   0.671,   1.020,9999.000,9999.000,9999.000,9999.000,9999.000,9999.000,9999.000
202605142218,   0.640,   0.980,9999.000,9999.000,9999.000,9999.000,9999.000,9999.000,9999.000
202605142224,   0.608,   1.000,9999.000,9999.000,9999.000,9999.000,9999.000,9999.000,9999.000
202605142230,   0.577,   0.980,9999.000,9999.000,9999.000,9999.000,9999.000,9999.000,9999.000
202605142236,   0.546,   0.879,9999.000,9999.000,9999.000,9999.000,9999.000,9999.000,9999.000
202605142242,   0.514,   0.888,9999.000,9999.000,9999.000,9999.000,9999.000,9999.000,9999.000
202605142248,   0.483,   0.898,9999.000,9999.000,9999.000,9999.000,9999.000,9999.000,9999.000
202605142254,   0.451,   0.839,9999.000,9999.000,9999.000,9999.000,9999.000,9999.000,9999.000
202605142300,   0.420,   0.780,   0.100,   0.260,   0.780,   0.100,   0.780,   0.100,   0.780
202605142306,   0.389,   0.751,9999.000,9999.000,9999.000,9999.000,9999.000,9999.000,9999.000
202605142312,   0.359,   0.751,9999.000,9999.000,9999.000,9999.000,9999.000,9999.000,9999.000
202605142318,   0.329,   0.760,9999.000,9999.000,9999.000,9999.000,9999.000,9999.000,9999.000
202605142324,   0.299,   0.708,9999.000,9999.000,9999.000,9999.000,9999.000,9999.000,9999.000
202605142330,   0.270,   0.708,9999.000,9999.000,9999.000,9999.000,9999.000,9999.000,9999.000
202605142336,   0.242,   0.669,9999.000,9999.000,9999.000,9999.000,9999.000,9999.000,9999.000
202605142342,   0.214,   0.580,9999.000,9999.000,9999.000,9999.000,9999.000,9999.000,9999.000
202605142348,   0.187,   0.629,9999.000,9999.000,9999.000,9999.000,9999.000,9999.000,9999.000
202605142354,   0.161,   0.600,9999.000,9999.000,9999.000,9999.000,9999.000,9999.000,9999.000
202605150000,   0.135,   0.551,   0.100,   0.316,   0.551,   0.100,   0.551,   0.100,   0.551
202605150006,   0.111,   0.551,9999.000,9999.000,9999.000,9999.000,9999.000,9999.000,9999.000
202605150012,   0.087,   0.551,9999.000,9999.000,9999.000,9999.000,9999.000,9999.000,9999.000
202605150018,   0.065,   0.551,9999.000,9999.000,9999.000,9999.000,9999.000,9999.000,9999.000
202605150024,   0.043,   0.551,9999.000,9999.000,9999.000,9999.000,9999.000,9999.000,9999.000
202605150030,   0.023,   0.498,9999.000,9999.000,9999.000,9999.000,9999.000,9999.000,9999.000
202605150036,   0.004,   0.469,9999.000,9999.000,9999.000,9999.000,9999.000,9999.000,9999.000
202605150042,  -0.014,   0.459,9999.000,9999.000,9999.000,9999.000,9999.000,9999.000,9999.000
202605150048,  -0.030,   0.469,9999.000,9999.000,9999.000,9999.000,9999.000,9999.000,9999.000
202605150054,  -0.046,   0.459,9999.000,9999.000,9999.000,9999.000,9999.000,9999.000,9999.000
202605150100,  -0.060,   0.419,   0.100,   0.379,   0.419,   0.100,   0.419,   0.100,   0.419
202605150106,  -0.073,   0.409,9999.000,9999.000,9999.000,9999.000,9999.000,9999.000,9999.000
202605150112,  -0.085,   0.429,9999.000,9999.000,9999.000,9999.000,9999.000,9999.000,9999.000
202605150118,  -0.095,   0.409,9999.000,9999.000,9999.000,9999.000,9999.000,9999.000,9999.000
202605150124,  -0.104,   0.390,9999.000,9999.000,9999.000,9999.000,9999.000,9999.000,9999.000
202605150130,  -0.112,   0.390,9999.000,9999.000,9999.000,9999.000,9999.000,9999.000,9999.000
202605150136,  -0.118,   0.370,9999.000,9999.000,9999.000,9999.000,9999.000,9999.000,9999.000
202605150142,  -0.123,   0.390,9999.000,9999.000,9999.000,9999.000,9999.000,9999.000,9999.000
202605150148,  -0.127,   0.409,9999.000,9999.000,9999.000,9999.000,9999.000,9999.000,9999.000
202605150154,  -0.129,   0.370,9999.000,9999.000,9999.000,9999.000,9999.000,9999.000,9999.000
202605150200,  -0.130,   0.350,   0.100,   0.380,   0.350,   0.100,   0.350,   0.100,   0.350
202605150206,  -0.129,   0.350,9999.000,9999.000,9999.000,9999.000,9999.000,9999.000,9999.000
202605150212,  -0.127,   0.370,9999.000,9999.000,9999.000,9999.000,9999.000,9999.000,9999.000
202605150218,  -0.123,   0.360,9999.000,9999.000,9999.000,9999.000,9999.000,9999.000,9999.000
202605150224,  -0.118,   0.370,9999.000,9999.000,9999.000,9999.000,9999.000,9999.000,9999.000
202605150230,  -0.112,   0.390,9999.000,9999.000,9999.000,9999.000,9999.000,9999.000,9999.000
202605150236,  -0.105,   0.390,9999.000,9999.000,9999.000,9999.000,9999.000,9999.000,9999.000
202605150242,  -0.096,   0.390,9999.000,9999.000,9999.000,9999.000,9999.000,9999.000,9999.000
202605150248,  -0.085,   0.380,9999.000,9999.000,9999.000,9999.000,9999.000,9999.000,9999.000
202605150254,  -0.074,   0.390,9999.000,9999.000,9999.000,9999.000,9999.000,9999.000,9999.000
202605150300,  -0.061,   0.400,   0.100,   0.361,   0.400,   0.100,   0.400,   0.100,   0.400
202605150306,  -0.047,   0.400,9999.000,9999.000,9999.000,9999.000,9999.000,9999.000,9999.000
202605150312,  -0.031,   0.429,9999.000,9999.000,9999.000,9999.000,9999.000,9999.000,9999.000
202605150318,  -0.015,   0.439,9999.000,9999.000,9999.000,9999.000,9999.000,9999.000,9999.000
202605150324,   0.002,   0.459,9999.000,9999.000,9999.000,9999.000,9999.000,9999.000,9999.000
202605150330,   0.021,   0.488,9999.000,9999.000,9999.000,9999.000,9999.000,9999.000,9999.000
202605150336,   0.042,   0.478,9999.000,9999.000,9999.000,9999.000,9999.000,9999.000,9999.000
202605150342,   0.063,   0.469,9999.000,9999.000,9999.000,9999.000,9999.000,9999.000,9999.000
202605150348,   0.086,   0.498,9999.000,9999.000,9999.000,9999.000,9999.000,9999.000,9999.000
202605150354,   0.109,   0.531,9999.000,9999.000,9999.000,9999.000,9999.000,9999.000,9999.000
202605150400,   0.134,   0.541,   0.100,   0.307,   0.541,   0.100,   0.541,   0.200,   0.641
202605150406,   0.160,   0.551,9999.000,9999.000,9999.000,9999.000,9999.000,9999.000,9999.000
202605150412,   0.186,   0.590,9999.000,9999.000,9999.000,9999.000,9999.000,9999.000,9999.000
202605150418,   0.214,   0.619,9999.000,9999.000,9999.000,9999.000,9999.000,9999.000,9999.000
202605150424,   0.243,   0.659,9999.000,9999.000,9999.000,9999.000,9999.000,9999.000,9999.000
202605150430,   0.272,   0.678,9999.000,9999.000,9999.000,9999.000,9999.000,9999.000,9999.000
202605150436,   0.302,   0.678,9999.000,9999.000,9999.000,9999.000,9999.000,9999.000,9999.000
202605150442,   0.334,   0.688,9999.000,9999.000,9999.000,9999.000,9999.000,9999.000,9999.000
202605150448,   0.366,   0.731,9999.000,9999.000,9999.000,9999.000,9999.000,9999.000,9999.000
202605150454,   0.398,   0.770,9999.000,9999.000,9999.000,9999.000,9999.000,9999.000,9999.000
202605150500,   0.432,   0.800,   0.100,   0.268,   0.800,   0.100,   0.800,   0.200,   0.900
202605150506,   0.466,   0.859,9999.000,9999.000,9999.000,9999.000,9999.000,9999.000,9999.000
202605150512,   0.500,   0.869,9999.000,9999.000,9999.000,9999.000,9999.000,9999.000,9999.000
202605150518,   0.536,   0.829,9999.000,9999.000,9999.000,9999.000,9999.000,9999.000,9999.000
202605150524,   0.571,   0.941,9999.000,9999.000,9999.000,9999.000,9999.000,9999.000,9999.000
202605150530,   0.607,   1.000,9999.000,9999.000,9999.000,9999.000,9999.000,9999.000,9999.000
202605150536,   0.644,   1.000,9999.000,9999.000,9999.000,9999.000,9999.000,9999.000,9999.000
202605150542,   0.681,   1.088,9999.000,9999.000,9999.000,9999.000,9999.000,9999.000,9999.000
202605150548,   0.718,   1.128,9999.000,9999.000,9999.000,9999.000,9999.000,9999.000,9999.000
202605150554,   0.756,   1.098,9999.000,9999.000,9999.000,9999.000,9999.000,9999.000,9999.000
202605150600,   0.793,   1.151,   0.200,   0.158,   1.151,   0.200,   1.151,   0.300,   1.251
202605150606,   0.831,   1.200,9999.000,9999.000,9999.000,9999.000,9999.000,9999.000,9999.000
202605150612,   0.869,   1.249,9999.000,9999.000,9999.000,9999.000,9999.000,9999.000,9999.000
202605150618,   0.906,   1.289,9999.000,9999.000,9999.000,9999.000,9999.000,9999.000,9999.000
202605150624,   0.944,   1.338,9999.000,9999.000,9999.000,9999.000,9999.000,9999.000,9999.000
202605150630,   0.982,   1.371,9999.000,9999.000,9999.000,9999.000,9999.000,9999.000,9999.000
202605150636,   1.019,   1.400,9999.000,9999.000,9999.000,9999.000,9999.000,9999.000,9999.000
202605150642,   1.056,   1.430,9999.000,9999.000,9999.000,9999.000,9999.000,9999.000,9999.000
202605150648,   1.093,   1.459,9999.000,9999.000,9999.000,9999.000,9999.000,9999.000,9999.000
202605150654,   1.129,   1.469,9999.000,9999.000,9999.000,9999.000,9999.000,9999.000,9999.000
202605150700,   1.165,   1.498,   0.200,   0.133,   1.498,   0.200,   1.498,   0.300,   1.598
202605150706,   1.200,   1.538,9999.000,9999.000,9999.000,9999.000,9999.000,9999.000,9999.000
202605150712,   1.235,   1.610,9999.000,9999.000,9999.000,9999.000,9999.000,9999.000,9999.000
202605150718,   1.269,   1.639,9999.000,9999.000,9999.000,9999.000,9999.000,9999.000,9999.000
202605150724,   1.303,   1.630,9999.000,9999.000,9999.000,9999.000,9999.000,9999.000,9999.000
202605150730,   1.335,   1.679,9999.000,9999.000,9999.000,9999.000,9999.000,9999.000,9999.000
202605150736,   1.367,   1.699,9999.000,9999.000,9999.000,9999.000,9999.000,9999.000,9999.000
202605150742,   1.398,   1.718,9999.000,9999.000,9999.000,9999.000,9999.000,9999.000,9999.000
202605150748,   1.428,   1.758,9999.000,9999.000,9999.000,9999.000,9999.000,9999.000,9999.000
202605150754,   1.457,   1.790,9999.000,9999.000,9999.000,9999.000,9999.000,9999.000,9999.000
202605150800,   1.485,   1.830,   0.300,   0.045,   1.830,   0.200,   1.730,   0.300,   1.830
202605150806,   1.512,   1.840,9999.000,9999.000,9999.000,9999.000,9999.000,9999.000,9999.000
202605150812,   1.538,   1.869,9999.000,9999.000,9999.000,9999.000,9999.000,9999.000,9999.000
202605150818,   1.563,   1.908,9999.000,9999.000,9999.000,9999.000,9999.000,9999.000,9999.000
202605150824,   1.586,   1.928,9999.000,9999.000,9999.000,9999.000,9999.000,9999.000,9999.000
202605150830,   1.608,   1.938,9999.000,9999.000,9999.000,9999.000,9999.000,9999.000,9999.000
202605150836,   1.629,   1.958,9999.000,9999.000,9999.000,9999.000,9999.000,9999.000,9999.000
202605150842,   1.649,   1.967,9999.000,9999.000,9999.000,9999.000,9999.000,9999.000,9999.000
202605150848,   1.667,   1.981,9999.000,9999.000,9999.000,9999.000,9999.000,9999.000,9999.000
202605150854,   1.684,   1.990,9999.000,9999.000,9999.000,9999.000,9999.000,9999.000,9999.000
202605150900,   1.700,   2.000,   0.300,   0.000,   2.000,   0.200,   1.900,   0.300,   2.000
202605150906,   1.714,   2.010,9999.000,9999.000,9999.000,9999.000,9999.000,9999.000,9999.000
202605150912,   1.727,   2.000,9999.000,9999.000,9999.000,9999.000,9999.000,9999.000,9999.000
202605150918,   1.739,   2.030,9999.000,9999.000,9999.000,9999.000,9999.000,9999.000,9999.000
202605150924,   1.749,   2.040,9999.000,9999.000,9999.000,9999.000,9999.000,9999.000,9999.000
202605150930,   1.758,   2.030,9999.000,9999.000,9999.000,9999.000,9999.000,9999.000,9999.000
202605150936,   1.765,   2.020,9999.000,9999.000,9999.000,9999.000,9999.000,9999.000,9999.000
202605150942,   1.772,   2.030,9999.000,9999.000,9999.000,9999.000,9999.000,9999.000,9999.000
202605150948,   1.777,   2.059,9999.000,9999.000,9999.000,9999.000,9999.000,9999.000,9999.000
202605150954,   1.780,   2.059,9999.000,9999.000,9999.000,9999.000,9999.000,9999.000,9999.000
202605151000,   1.783,   2.059,   0.300,  -0.024,   2.059,   0.300,   2.059,   0.300,   2.059
202605151006,   1.784,   2.030,9999.000,9999.000,9999.000,9999.000,9999.000,9999.000,9999.000
202605151012,   1.784,   2.040,9999.000,9999.000,9999.000,9999.000,9999.000,9999.000,9999.000
202605151018,   1.783,   2.059,9999.000,9999.000,9999.000,9999.000,9999.000,9999.000,9999.000
202605151024,   1.781,   2.059,9999.000,9999.000,9999.000,9999.000,9999.000,9999.000,9999.000
202605151030,   1.778,   2.040,9999.000,9999.000,9999.000,9999.000,9999.000,9999.000,9999.000
202605151036,   1.774,   2.010,9999.000,9999.000,9999.000,9999.000,9999.000,9999.000,9999.000
202605151042,   1.769,   2.020,9999.000,9999.000,9999.000,9999.000,9999.000,9999.000,9999.000
202605151048,   1.763,   2.020,9999.000,9999.000,9999.000,9999.000,9999.000,9999.000,9999.000
202605151054,   1.756,   1.981,9999.000,9999.000,9999.000,9999.000,9999.000,9999.000,9999.000
202605151100,   1.748,   1.981,   0.300,  -0.067,   1.981,   0.300,   1.981,   0.300,   1.981
202605151106,   1.740,   1.958,9999.000,9999.000,9999.000,9999.000,9999.000,9999.000,9999.000
202605151112,   1.731,   1.958,9999.000,9999.000,9999.000,9999.000,9999.000,9999.000,9999.000
202605151118,   1.721,   1.958,9999.000,9999.000,9999.000,9999.000,9999.000,9999.000,9999.000
202605151124,   1.711,   1.918,9999.000,9999.000,9999.000,9999.000,9999.000,9999.000,9999.000
202605151130,   1.700,   1.918,9999.000,9999.000,9999.000,9999.000,9999.000,9999.000,9999.000
202605151136,   1.689,   1.908,9999.000,9999.000,9999.000,9999.000,9999.000,9999.000,9999.000
202605151142,   1.678,   1.899,9999.000,9999.000,9999.000,9999.000,9999.000,9999.000,9999.000
202605151148,   1.666,   1.869,9999.000,9999.000,9999.000,9999.000,9999.000,9999.000,9999.000
202605151154,   1.654,   1.830,9999.000,9999.000,9999.000,9999.000,9999.000,9999.000,9999.000
202605151200,   1.641,   1.810,   0.300,  -0.131,   1.810,   0.300,   1.810,   0.400,   1.910
202605151206,   1.629,   1.840,9999.000,9999.000,9999.000,9999.000,9999.000,9999.000,9999.000
202605151212,   1.616,   1.859,9999.000,9999.000,9999.000,9999.000,9999.000,9999.000,9999.000
202605151218,   1.603,   1.767,9999.000,9999.000,9999.000,9999.000,9999.000,9999.000,9999.000
202605151224,   1.591,   1.738,9999.000,9999.000,9999.000,9999.000,9999.000,9999.000,9999.000
202605151230,   1.578,   1.748,9999.000,9999.000,9999.000,9999.000,9999.000,9999.000,9999.000
202605151236,   1.565,   1.781,9999.000,9999.000,9999.000,9999.000,9999.000,9999.000,9999.000
202605151242,   1.553,   1.781,9999.000,9999.000,9999.000,9999.000,9999.000,9999.000,9999.000
202605151248,   1.541,   1.767,9999.000,9999.000,9999.000,9999.000,9999.000,9999.000,9999.000
202605151254,   1.529,   1.748,9999.000,9999.000,9999.000,9999.000,9999.000,9999.000,9999.000
202605151300,   1.517,   1.738,   0.300,  -0.079,   1.738,   0.300,   1.738,   0.400,   1.838
202605151306,   1.505,   1.748,9999.000,9999.000,9999.000,9999.000,9999.000,9999.000,9999.000
202605151312,   1.494,   1.728,9999.000,9999.000,9999.000,9999.000,9999.000,9999.000,9999.000
202605151318,   1.483,   1.699,9999.000,9999.000,9999.000,9999.000,9999.000,9999.000,9999.000
202605151324,   1.472,   1.718,9999.000,9999.000,9999.000,9999.000,9999.000,9999.000,9999.000
202605151330,   1.462,   1.748,9999.000,9999.000,9999.000,9999.000,9999.000,9999.000,9999.000
202605151336,   1.452,   1.738,9999.000,9999.000,9999.000,9999.000,9999.000,9999.000,9999.000
202605151342,   1.442,   1.708,9999.000,9999.000,9999.000,9999.000,9999.000,9999.000,9999.000
202605151348,   1.433,   1.639,9999.000,9999.000,9999.000,9999.000,9999.000,9999.000,9999.000
202605151354,   1.424,   1.679,9999.000,9999.000,9999.000,9999.000,9999.000,9999.000,9999.000
202605151400,   1.416,   1.718,   0.300,   0.002,   1.718,   0.300,   1.718,   0.400,   1.818
202605151406,   1.408,   1.728,9999.000,9999.000,9999.000,9999.000,9999.000,9999.000,9999.000
202605151412,   1.401,   1.708,9999.000,9999.000,9999.000,9999.000,9999.000,9999.000,9999.000
202605151418,   1.394,   1.669,9999.000,9999.000,9999.000,9999.000,9999.000,9999.000,9999.000
202605151424,   1.387,   1.669,9999.000,9999.000,9999.000,9999.000,9999.000,9999.000,9999.000
202605151430,   1.381,   1.649,9999.000,9999.000,9999.000,9999.000,9999.000,9999.000,9999.000
202605151436,   1.375,   1.639,9999.000,9999.000,9999.000,9999.000,9999.000,9999.000,9999.000
202605151442,   1.370,   1.620,9999.000,9999.000,9999.000,9999.000,9999.000,9999.000,9999.000
202605151448,   1.365,   1.639,9999.000,9999.000,9999.000,9999.000,9999.000,9999.000,9999.000
202605151454,   1.361,   1.630,9999.000,9999.000,9999.000,9999.000,9999.000,9999.000,9999.000
202605151500,   1.357,   1.639,   0.300,  -0.018,   1.639,   0.300,   1.639,   0.400,   1.739
202605151506,   1.354,   1.620,9999.000,9999.000,9999.000,9999.000,9999.000,9999.000,9999.000
202605151512,   1.351,   1.580,9999.000,9999.000,9999.000,9999.000,9999.000,9999.000,9999.000
202605151518,   1.348,   1.600,9999.000,9999.000,9999.000,9999.000,9999.000,9999.000,9999.000
202605151524,   1.346,   1.600,9999.000,9999.000,9999.000,9999.000,9999.000,9999.000,9999.000
202605151530,   1.344,   1.600,9999.000,9999.000,9999.000,9999.000,9999.000,9999.000,9999.000
202605151536,   1.342,   1.580,9999.000,9999.000,9999.000,9999.000,9999.000,9999.000,9999.000
202605151542,   1.341,   1.548,9999.000,9999.000,9999.000,9999.000,9999.000,9999.000,9999.000
202605151548,   1.340,   1.528,9999.000,9999.000,9999.000,9999.000,9999.000,9999.000,9999.000
202605151554,   1.339,   1.548,9999.000,9999.000,9999.000,9999.000,9999.000,9999.000,9999.000
202605151600,   1.339,   1.538,   0.300,  -0.101,   1.538,   0.300,   1.538,   0.400,   1.638
202605151606,   1.339,   1.548,9999.000,9999.000,9999.000,9999.000,9999.000,9999.000,9999.000
202605151612,   1.339,   1.538,9999.000,9999.000,9999.000,9999.000,9999.000,9999.000,9999.000
202605151618,   1.339,   1.518,9999.000,9999.000,9999.000,9999.000,9999.000,9999.000,9999.000
202605151624,   1.340,   1.489,9999.000,9999.000,9999.000,9999.000,9999.000,9999.000,9999.000
202605151630,   1.341,   1.489,9999.000,9999.000,9999.000,9999.000,9999.000,9999.000,9999.000
202605151636,   1.342,   1.498,9999.000,9999.000,9999.000,9999.000,9999.000,9999.000,9999.000
202605151642,   1.343,   1.528,9999.000,9999.000,9999.000,9999.000,9999.000,9999.000,9999.000
202605151648,   1.344,   1.459,9999.000,9999.000,9999.000,9999.000,9999.000,9999.000,9999.000
202605151654,   1.346,   1.449,9999.000,9999.000,9999.000,9999.000,9999.000,9999.000,9999.000
202605151700,   1.347,   1.508,   0.300,  -0.139,   1.508,   0.300,   1.508,   0.400,   1.608
202605151706,   1.349,   1.479,9999.000,9999.000,9999.000,9999.000,9999.000,9999.000,9999.000
202605151712,   1.351,   1.469,9999.000,9999.000,9999.000,9999.000,9999.000,9999.000,9999.000
202605151718,   1.352,   1.469,9999.000,9999.000,9999.000,9999.000,9999.000,9999.000,9999.000
202605151724,   1.354,   1.489,9999.000,9999.000,9999.000,9999.000,9999.000,9999.000,9999.000
202605151730,   1.356,   1.518,9999.000,9999.000,9999.000,9999.000,9999.000,9999.000,9999.000
202605151736,   1.357,   1.489,9999.000,9999.000,9999.000,9999.000,9999.000,9999.000,9999.000
202605151742,   1.359,   1.489,9999.000,9999.000,9999.000,9999.000,9999.000,9999.000,9999.000
202605151748,   1.360,   1.459,9999.000,9999.000,9999.000,9999.000,9999.000,9999.000,9999.000
202605151754,   1.361,   1.449,9999.000,9999.000,9999.000,9999.000,9999.000,9999.000,9999.000
202605151800,   1.362,   1.469,   0.200,  -0.093,   1.469,   0.200,   1.469,   0.300,   1.569
202605151806,   1.363,   1.518,9999.000,9999.000,9999.000,9999.000,9999.000,9999.000,9999.000
202605151812,   1.363,   1.518,9999.000,9999.000,9999.000,9999.000,9999.000,9999.000,9999.000
202605151818,   1.363,   1.518,9999.000,9999.000,9999.000,9999.000,9999.000,9999.000,9999.000
202605151824,   1.363,   1.508,9999.000,9999.000,9999.000,9999.000,9999.000,9999.000,9999.000
202605151830,   1.363,   1.489,9999.000,9999.000,9999.000,9999.000,9999.000,9999.000,9999.000
202605151836,   1.362,   1.508,9999.000,9999.000,9999.000,9999.000,9999.000,9999.000,9999.000
202605151842,   1.360,   1.489,9999.000,9999.000,9999.000,9999.000,9999.000,9999.000,9999.000
202605151848,   1.358,   1.469,9999.000,9999.000,9999.000,9999.000,9999.000,9999.000,9999.000
202605151854,   1.356,   1.449,9999.000,9999.000,9999.000,9999.000,9999.000,9999.000,9999.000
202605151900,   1.353,   1.479,   0.200,  -0.074,   1.479,   0.200,   1.479,   0.300,   1.579
202605151906,   1.349,   1.528,9999.000,9999.000,9999.000,9999.000,9999.000,9999.000,9999.000
202605151912,   1.345,   1.489,9999.000,9999.000,9999.000,9999.000,9999.000,9999.000,9999.000
202605151918,   1.340,   1.459,9999.000,9999.000,9999.000,9999.000,9999.000,9999.000,9999.000
202605151924,   1.334,   1.469,9999.000,9999.000,9999.000,9999.000,9999.000,9999.000,9999.000
202605151930,   1.328,   1.498,9999.000,9999.000,9999.000,9999.000,9999.000,9999.000,9999.000
202605151936,   1.321,   1.449,9999.000,9999.000,9999.000,9999.000,9999.000,9999.000,9999.000
202605151942,   1.312,   1.430,9999.000,9999.000,9999.000,9999.000,9999.000,9999.000,9999.000
202605151948,   1.303,   1.410,9999.000,9999.000,9999.000,9999.000,9999.000,9999.000,9999.000
202605151954,   1.294,   1.380,9999.000,9999.000,9999.000,9999.000,9999.000,9999.000,9999.000
202605152000,   1.283,   1.371,   0.200,  -0.112,   1.371,   0.200,   1.371,   0.200,   1.371
202605152006,   1.271,   1.361,9999.000,9999.000,9999.000,9999.000,9999.000,9999.000,9999.000
202605152012,   1.258,   1.380,9999.000,9999.000,9999.000,9999.000,9999.000,9999.000,9999.000
202605152018,   1.244,   1.361,9999.000,9999.000,9999.000,9999.000,9999.000,9999.000,9999.000
202605152024,   1.230,   1.348,9999.000,9999.000,9999.000,9999.000,9999.000,9999.000,9999.000
202605152030,   1.214,   1.269,9999.000,9999.000,9999.000,9999.000,9999.000,9999.000,9999.000
202605152036,   1.197,   1.298,9999.000,9999.000,9999.000,9999.000,9999.000,9999.000,9999.000
202605152042,   1.179,   1.289,9999.000,9999.000,9999.000,9999.000,9999.000,9999.000,9999.000
202605152048,   1.160,   1.210,9999.000,9999.000,9999.000,9999.000,9999.000,9999.000,9999.000
202605152054,   1.139,   1.180,9999.000,9999.000,9999.000,9999.000,9999.000,9999.000,9999.000
202605152100,   1.118,   1.190,   0.200,  -0.128,   1.190,   0.200,   1.190,   0.300,   1.290
202605152106,   1.096,   1.220,9999.000,9999.000,9999.000,9999.000,9999.000,9999.000,9999.000
202605152112,   1.072,   1.161,9999.000,9999.000,9999.000,9999.000,9999.000,9999.000,9999.000
202605152118,   1.048,   1.098,9999.000,9999.000,9999.000,9999.000,9999.000,9999.000,9999.000
202605152124,   1.022,   1.098,9999.000,9999.000,9999.000,9999.000,9999.000,9999.000,9999.000
202605152130,   0.995,   1.108,9999.000,9999.000,9999.000,9999.000,9999.000,9999.000,9999.000
202605152136,   0.968,   1.098,9999.000,9999.000,9999.000,9999.000,9999.000,9999.000,9999.000
202605152142,   0.939,   1.059,9999.000,9999.000,9999.000,9999.000,9999.000,9999.000,9999.000
202605152148,   0.910,   1.049,9999.000,9999.000,9999.000,9999.000,9999.000,9999.000,9999.000
202605152154,   0.879,   0.941,9999.000,9999.000,9999.000,9999.000,9999.000,9999.000,9999.000
202605152200,   0.848,   0.869,   0.200,  -0.179,   0.869,   0.200,   0.869,   0.300,   0.969
202605152206,   0.816,   0.898,9999.000,9999.000,9999.000,9999.000,9999.000,9999.000,9999.000
202605152212,   0.783,   0.869,9999.000,9999.000,9999.000,9999.000,9999.000,9999.000,9999.000
202605152218,   0.749,   0.790,9999.000,9999.000,9999.000,9999.000,9999.000,9999.000,9999.000
202605152224,   0.715,   0.790,9999.000,9999.000,9999.000,9999.000,9999.000,9999.000,9999.000
202605152230,   0.680,   0.760,9999.000,9999.000,9999.000,9999.000,9999.000,9999.000,9999.000
202605152236,   0.644,   0.751,9999.000,9999.000,9999.000,9999.000,9999.000,9999.000,9999.000
202605152242,   0.608,   0.751,9999.000,9999.000,9999.000,9999.000,9999.000,9999.000,9999.000
202605152248,   0.572,   0.678,9999.000,9999.000,9999.000,9999.000,9999.000,9999.000,9999.000
202605152254,   0.535,   0.590,9999.000,9999.000,9999.000,9999.000,9999.000,9999.000,9999.000
202605152300,   0.498,   0.560,   0.300,  -0.238,   0.560,   0.200,   0.460,   0.300,   0.560
202605152306,   0.461,   0.551,9999.000,9999.000,9999.000,9999.000,9999.000,9999.000,9999.000
202605152312,   0.424,   0.518,9999.000,9999.000,9999.000,9999.000,9999.000,9999.000,9999.000
202605152318,   0.386,   0.469,9999.000,9999.000,9999.000,9999.000,9999.000,9999.000,9999.000
202605152324,   0.349,   0.439,9999.000,9999.000,9999.000,9999.000,9999.000,9999.000,9999.000
202605152330,   0.312,   0.429,9999.000,9999.000,9999.000,9999.000,9999.000,9999.000,9999.000
202605152336,   0.275,   0.380,9999.000,9999.000,9999.000,9999.000,9999.000,9999.000,9999.000
202605152342,   0.238,   0.380,9999.000,9999.000,9999.000,9999.000,9999.000,9999.000,9999.000
202605152348,   0.201,   0.331,9999.000,9999.000,9999.000,9999.000,9999.000,9999.000,9999.000
202605152354,   0.166,   0.298,9999.000,9999.000,9999.000,9999.000,9999.000,9999.000,9999.000
202605160000,   0.130,   0.170,   0.100,  -0.060,   0.170,   0.100,   0.170,   0.200,   0.270
202605160006,   0.095,   0.170,9999.000,9999.000,9999.000,9999.000,9999.000,9999.000,9999.000
202605160012,   0.061,   0.209,9999.000,9999.000,9999.000,9999.000,9999.000,9999.000,9999.000
202605160018,   0.028,   0.088,9999.000,9999.000,9999.000,9999.000,9999.000,9999.000,9999.000
202605160024,  -0.004,   0.029,9999.000,9999.000,9999.000,9999.000,9999.000,9999.000,9999.000
202605160030,  -0.036,   0.059,9999.000,9999.000,9999.000,9999.000,9999.000,9999.000,9999.000
202605160036,  -0.067,   0.068,9999.000,9999.000,9999.000,9999.000,9999.000,9999.000,9999.000
202605160042,  -0.097,   0.029,9999.000,9999.000,9999.000,9999.000,9999.000,9999.000,9999.000
202605160048,  -0.125,  -0.019,9999.000,9999.000,9999.000,9999.000,9999.000,9999.000,9999.000
202605160054,  -0.153,  -0.049,9999.000,9999.000,9999.000,9999.000,9999.000,9999.000,9999.000
202605160100,  -0.179,  -0.068,   0.200,  -0.089,  -0.068,   0.100,  -0.168,   0.200,  -0.068
202605160106,  -0.204,  -0.111,9999.000,9999.000,9999.000,9999.000,9999.000,9999.000,9999.000
202605160112,  -0.228,  -0.121,9999.000,9999.000,9999.000,9999.000,9999.000,9999.000,9999.000
202605160118,  -0.251,  -0.131,9999.000,9999.000,9999.000,9999.000,9999.000,9999.000,9999.000
202605160124,  -0.272,  -0.180,9999.000,9999.000,9999.000,9999.000,9999.000,9999.000,9999.000
202605160130,  -0.291,  -0.219,9999.000,9999.000,9999.000,9999.000,9999.000,9999.000,9999.000
202605160136,  -0.310,  -0.209,9999.000,9999.000,9999.000,9999.000,9999.000,9999.000,9999.000
202605160142,  -0.326,  -0.190,9999.000,9999.000,9999.000,9999.000,9999.000,9999.000,9999.000
202605160148,  -0.341,  -0.200,9999.000,9999.000,9999.000,9999.000,9999.000,9999.000,9999.000
202605160154,  -0.355,  -0.209,9999.000,9999.000,9999.000,9999.000,9999.000,9999.000,9999.000
202605160200,  -0.367,  -0.209,   0.200,  -0.042,  -0.209,   0.100,  -0.309,   0.200,  -0.209
202605160206,  -0.377,  -0.200,9999.000,9999.000,9999.000,9999.000,9999.000,9999.000,9999.000
202605160212,  -0.386,  -0.209,9999.000,9999.000,9999.000,9999.000,9999.000,9999.000,9999.000
202605160218,  -0.393,  -0.209,9999.000,9999.000,9999.000,9999.000,9999.000,9999.000,9999.000
202605160224,  -0.399,  -0.209,9999.000,9999.000,9999.000,9999.000,9999.000,9999.000,9999.000
202605160230,  -0.403,  -0.209,9999.000,9999.000,9999.000,9999.000,9999.000,9999.000,9999.000
202605160236,  -0.405,  -0.209,9999.000,9999.000,9999.000,9999.000,9999.000,9999.000,9999.000
202605160242,  -0.405,  -0.200,9999.000,9999.000,9999.000,9999.000,9999.000,9999.000,9999.000
202605160248,  -0.404,  -0.190,9999.000,9999.000,9999.000,9999.000,9999.000,9999.000,9999.000
202605160254,  -0.401,  -0.170,9999.000,9999.000,9999.000,9999.000,9999.000,9999.000,9999.000
202605160300,  -0.397,  -0.200,   0.200,  -0.003,  -0.200,   0.100,  -0.300,   0.200,  -0.200
202605160306,  -0.391,  -0.160,9999.000,9999.000,9999.000,9999.000,9999.000,9999.000,9999.000
202605160312,  -0.383,  -0.121,9999.000,9999.000,9999.000,9999.000,9999.000,9999.000,9999.000
202605160318,  -0.374,  -0.131,9999.000,9999.000,9999.000,9999.000,9999.000,9999.000,9999.000
202605160324,  -0.363,  -0.141,9999.000,9999.000,9999.000,9999.000,9999.000,9999.000,9999.000
202605160330,  -0.350,  -0.131,9999.000,9999.000,9999.000,9999.000,9999.000,9999.000,9999.000
202605160336,  -0.336,  -0.121,9999.000,9999.000,9999.000,9999.000,9999.000,9999.000,9999.000
202605160342,  -0.320,  -0.088,9999.000,9999.000,9999.000,9999.000,9999.000,9999.000,9999.000
202605160348,  -0.303,  -0.068,9999.000,9999.000,9999.000,9999.000,9999.000,9999.000,9999.000
202605160354,  -0.285,  -0.068,9999.000,9999.000,9999.000,9999.000,9999.000,9999.000,9999.000
202605160400,  -0.264,  -0.019,   0.200,   0.045,  -0.019,   0.200,  -0.019,   0.300,   0.081
202605160406,  -0.243,  -0.009,9999.000,9999.000,9999.000,9999.000,9999.000,9999.000,9999.000
202605160412,  -0.220,   0.039,9999.000,9999.000,9999.000,9999.000,9999.000,9999.000,9999.000
202605160418,  -0.196,   0.049,9999.000,9999.000,9999.000,9999.000,9999.000,9999.000,9999.000
202605160424,  -0.170,   0.068,9999.000,9999.000,9999.000,9999.000,9999.000,9999.000,9999.000
202605160430,  -0.143,   0.088,9999.000,9999.000,9999.000,9999.000,9999.000,9999.000,9999.000
202605160436,  -0.115,   0.098,9999.000,9999.000,9999.000,9999.000,9999.000,9999.000,9999.000
202605160442,  -0.086,   0.170,9999.000,9999.000,9999.000,9999.000,9999.000,9999.000,9999.000
202605160448,  -0.055,   0.209,9999.000,9999.000,9999.000,9999.000,9999.000,9999.000,9999.000
202605160454,  -0.023,   0.239,9999.000,9999.000,9999.000,9999.000,9999.000,9999.000,9999.000
202605160500,   0.009,   0.259,   0.200,   0.050,   0.259,   0.200,   0.259,   0.300,   0.359
202605160506,   0.043,   0.288,9999.000,9999.000,9999.000,9999.000,9999.000,9999.000,9999.000
202605160512,   0.078,   0.350,9999.000,9999.000,9999.000,9999.000,9999.000,9999.000,9999.000
202605160518,   0.114,   0.390,9999.000,9999.000,9999.000,9999.000,9999.000,9999.000,9999.000
202605160524,   0.151,   0.439,9999.000,9999.000,9999.000,9999.000,9999.000,9999.000,9999.000
202605160530,   0.189,   0.478,9999.000,9999.000,9999.000,9999.000,9999.000,9999.000,9999.000
202605160536,   0.227,   0.541,9999.000,9999.000,9999.000,9999.000,9999.000,9999.000,9999.000
202605160542,   0.267,   0.590,9999.000,9999.000,9999.000,9999.000,9999.000,9999.000,9999.000
202605160548,   0.307,   0.649,9999.000,9999.000,9999.000,9999.000,9999.000,9999.000,9999.000
202605160554,   0.348,   0.698,9999.000,9999.000,9999.000,9999.000,9999.000,9999.000,9999.000
202605160600,   0.389,   0.741,   0.100,   0.252,   0.741,   0.100,   0.741,   0.200,   0.841
202605160606,   0.431,   0.780,9999.000,9999.000,9999.000,9999.000,9999.000,9999.000,9999.000
202605160612,   0.474,   0.839,9999.000,9999.000,9999.000,9999.000,9999.000,9999.000,9999.000
202605160618,   0.517,   0.928,9999.000,9999.000,9999.000,9999.000,9999.000,9999.000,9999.000
202605160624,   0.561,   0.970,9999.000,9999.000,9999.000,9999.000,9999.000,9999.000,9999.000
202605160630,   0.604,   0.980,9999.000,9999.000,9999.000,9999.000,9999.000,9999.000,9999.000
202605160636,   0.648,   1.049,9999.000,9999.000,9999.000,9999.000,9999.000,9999.000,9999.000
202605160642,   0.693,   1.118,9999.000,9999.000,9999.000,9999.000,9999.000,9999.000,9999.000
202605160648,   0.737,   1.151,9999.000,9999.000,9999.000,9999.000,9999.000,9999.000,9999.000
202605160654,   0.782,   1.229,9999.000,9999.000,9999.000,9999.000,9999.000,9999.000,9999.000
202605160700,   0.826,   1.279,   0.200,   0.253,   1.279,   0.100,   1.179,   0.200,   1.279
202605160706,   0.871,   1.338,9999.000,9999.000,9999.000,9999.000,9999.000,9999.000,9999.000
202605160712,   0.915,   1.420,9999.000,9999.000,9999.000,9999.000,9999.000,9999.000,9999.000
202605160718,   0.959,   1.508,9999.000,9999.000,9999.000,9999.000,9999.000,9999.000,9999.000
202605160724,   1.003,   1.528,9999.000,9999.000,9999.000,9999.000,9999.000,9999.000,9999.000
202605160730,   1.046,   1.528,9999.000,9999.000,9999.000,9999.000,9999.000,9999.000,9999.000
202605160736,   1.089,   1.557,9999.000,9999.000,9999.000,9999.000,9999.000,9999.000,9999.000
202605160742,   1.132,   1.630,9999.000,9999.000,9999.000,9999.000,9999.000,9999.000,9999.000
202605160748,   1.174,   1.669,9999.000,9999.000,9999.000,9999.000,9999.000,9999.000,9999.000
202605160754,   1.215,   1.718,9999.000,9999.000,9999.000,9999.000,9999.000,9999.000,9999.000
202605160800,   1.256,   1.767,   0.200,   0.311,   1.767,   0.200,   1.767,   0.200,   1.767
202605160806,   1.296,   1.820,9999.000,9999.000,9999.000,9999.000,9999.000,9999.000,9999.000
202605160812,   1.335,   1.869,9999.000,9999.000,9999.000,9999.000,9999.000,9999.000,9999.000
202605160818,   1.373,   1.908,9999.000,9999.000,9999.000,9999.000,9999.000,9999.000,9999.000
202605160824,   1.411,   1.928,9999.000,9999.000,9999.000,9999.000,9999.000,9999.000,9999.000
202605160830,   1.447,   1.967,9999.000,9999.000,9999.000,9999.000,9999.000,9999.000,9999.000
202605160836,   1.482,   1.990,9999.000,9999.000,9999.000,9999.000,9999.000,9999.000,9999.000
202605160842,   1.516,   2.000,9999.000,9999.000,9999.000,9999.000,9999.000,9999.000,9999.000
202605160848,   1.549,   2.000,9999.000,9999.000,9999.000,9999.000,9999.000,9999.000,9999.000
202605160854,   1.581,   2.059,9999.000,9999.000,9999.000,9999.000,9999.000,9999.000,9999.000
202605160900,   1.612,   2.099,   0.200,   0.287,   2.099,   0.200,   2.099,   0.300,   2.199
202605160906,   1.641,   2.118,9999.000,9999.000,9999.000,9999.000,9999.000,9999.000,9999.000
202605160912,   1.669,   2.118,9999.000,9999.000,9999.000,9999.000,9999.000,9999.000,9999.000
202605160918,   1.695,   2.109,9999.000,9999.000,9999.000,9999.000,9999.000,9999.000,9999.000
202605160924,   1.720,   2.128,9999.000,9999.000,9999.000,9999.000,9999.000,9999.000,9999.000
202605160930,   1.744,   2.168,9999.000,9999.000,9999.000,9999.000,9999.000,9999.000,9999.000
202605160936,   1.766,   2.158,9999.000,9999.000,9999.000,9999.000,9999.000,9999.000,9999.000
202605160942,   1.787,   2.138,9999.000,9999.000,9999.000,9999.000,9999.000,9999.000,9999.000
202605160948,   1.806,   2.158,9999.000,9999.000,9999.000,9999.000,9999.000,9999.000,9999.000
202605160954,   1.824,   2.168,9999.000,9999.000,9999.000,9999.000,9999.000,9999.000,9999.000
202605161000,   1.840,   2.177,   0.300,   0.037,   2.177,   0.200,   2.077,   0.300,   2.177
202605161006,   1.855,   2.191,9999.000,9999.000,9999.000,9999.000,9999.000,9999.000,9999.000
202605161012,   1.868,   2.177,9999.000,9999.000,9999.000,9999.000,9999.000,9999.000,9999.000
202605161018,   1.880,   2.191,9999.000,9999.000,9999.000,9999.000,9999.000,9999.000,9999.000
202605161024,   1.890,   2.168,9999.000,9999.000,9999.000,9999.000,9999.000,9999.000,9999.000
202605161030,   1.899,   2.177,9999.000,9999.000,9999.000,9999.000,9999.000,9999.000,9999.000
202605161036,   1.907,   2.191,9999.000,9999.000,9999.000,9999.000,9999.000,9999.000,9999.000
202605161042,   1.913,   2.230,9999.000,9999.000,9999.000,9999.000,9999.000,9999.000,9999.000
202605161048,   1.918,   2.177,9999.000,9999.000,9999.000,9999.000,9999.000,9999.000,9999.000
202605161054,   1.921,   2.138,9999.000,9999.000,9999.000,9999.000,9999.000,9999.000,9999.000
202605161100,   1.923,   2.177,   0.300,  -0.046,   2.177,   0.200,   2.077,   0.400,   2.277
202605161106,   1.924,   2.168,9999.000,9999.000,9999.000,9999.000,9999.000,9999.000,9999.000
202605161112,   1.924,   2.168,9999.000,9999.000,9999.000,9999.000,9999.000,9999.000,9999.000
202605161118,   1.922,   2.168,9999.000,9999.000,9999.000,9999.000,9999.000,9999.000,9999.000
202605161124,   1.920,   2.158,9999.000,9999.000,9999.000,9999.000,9999.000,9999.000,9999.000
202605161130,   1.916,   2.158,9999.000,9999.000,9999.000,9999.000,9999.000,9999.000,9999.000
202605161136,   1.911,   2.128,9999.000,9999.000,9999.000,9999.000,9999.000,9999.000,9999.000
202605161142,   1.906,   2.109,9999.000,9999.000,9999.000,9999.000,9999.000,9999.000,9999.000
202605161148,   1.899,   2.079,9999.000,9999.000,9999.000,9999.000,9999.000,9999.000,9999.000
202605161154,   1.892,   2.069,9999.000,9999.000,9999.000,9999.000,9999.000,9999.000,9999.000
202605161200,   1.884,   2.079,   0.300,  -0.105,   2.079,   0.200,   1.979,   0.300,   2.079
202605161206,   1.875,   2.099,9999.000,9999.000,9999.000,9999.000,9999.000,9999.000,9999.000
202605161212,   1.865,   2.069,9999.000,9999.000,9999.000,9999.000,9999.000,9999.000,9999.000
202605161218,   1.855,   2.049,9999.000,9999.000,9999.000,9999.000,9999.000,9999.000,9999.000
202605161224,   1.845,   2.079,9999.000,9999.000,9999.000,9999.000,9999.000,9999.000,9999.000
202605161230,   1.834,   2.148,9999.000,9999.000,9999.000,9999.000,9999.000,9999.000,9999.000
202605161236,   1.822,   2.059,9999.000,9999.000,9999.000,9999.000,9999.000,9999.000,9999.000
202605161242,   1.810,   1.990,9999.000,9999.000,9999.000,9999.000,9999.000,9999.000,9999.000
202605161248,   1.798,   2.079,9999.000,9999.000,9999.000,9999.000,9999.000,9999.000,9999.000
202605161254,   1.786,   2.020,9999.000,9999.000,9999.000,9999.000,9999.000,9999.000,9999.000
202605161300,   1.774,   1.967,   0.200,  -0.007,   1.967,   0.200,   1.967,   0.300,   2.067
202605161306,   1.761,   2.000,9999.000,9999.000,9999.000,9999.000,9999.000,9999.000,9999.000
202605161312,   1.748,   2.030,9999.000,9999.000,9999.000,9999.000,9999.000,9999.000,9999.000
202605161318,   1.736,   2.069,9999.000,9999.000,9999.000,9999.000,9999.000,9999.000,9999.000
202605161324,   1.723,   2.040,9999.000,9999.000,9999.000,9999.000,9999.000,9999.000,9999.000
202605161330,   1.711,   2.020,9999.000,9999.000,9999.000,9999.000,9999.000,9999.000,9999.000
202605161336,   1.698,   2.000,9999.000,9999.000,9999.000,9999.000,9999.000,9999.000,9999.000
202605161342,   1.686,   2.010,9999.000,9999.000,9999.000,9999.000,9999.000,9999.000,9999.000
202605161348,   1.674,   1.990,9999.000,9999.000,9999.000,9999.000,9999.000,9999.000,9999.000
202605161354,   1.662,   2.010,9999.000,9999.000,9999.000,9999.000,9999.000,9999.000,9999.000
202605161400,   1.651,   1.990,   0.200,   0.139,   1.990,   0.200,   1.990,   0.300,   2.090
202605161406,   1.640,   1.958,9999.000,9999.000,9999.000,9999.000,9999.000,9999.000,9999.000
202605161412,   1.629,   1.967,9999.000,9999.000,9999.000,9999.000,9999.000,9999.000,9999.000
202605161418,   1.618,   2.000,9999.000,9999.000,9999.000,9999.000,9999.000,9999.000,9999.000
202605161424,   1.608,   1.967,9999.000,9999.000,9999.000,9999.000,9999.000,9999.000,9999.000
202605161430,   1.598,   2.000,9999.000,9999.000,9999.000,9999.000,9999.000,9999.000,9999.000
202605161436,   1.588,   1.967,9999.000,9999.000,9999.000,9999.000,9999.000,9999.000,9999.000
202605161442,   1.579,   1.938,9999.000,9999.000,9999.000,9999.000,9999.000,9999.000,9999.000
202605161448,   1.571,   1.938,9999.000,9999.000,9999.000,9999.000,9999.000,9999.000,9999.000
202605161454,   1.563,   1.928,9999.000,9999.000,9999.000,9999.000,9999.000,9999.000,9999.000
202605161500,   1.555,   1.908,   0.200,   0.153,   1.908,   0.200,   1.908,   0.200,   1.908
202605161506,   1.547,   1.879,9999.000,9999.000,9999.000,9999.000,9999.000,9999.000,9999.000
202605161512,   1.540,   1.899,9999.000,9999.000,9999.000,9999.000,9999.000,9999.000,9999.000
202605161518,   1.534,   1.908,9999.000,9999.000,9999.000,9999.000,9999.000,9999.000,9999.000
202605161524,   1.528,   1.899,9999.000,9999.000,9999.000,9999.000,9999.000,9999.000,9999.000
202605161530,   1.522,   1.859,9999.000,9999.000,9999.000,9999.000,9999.000,9999.000,9999.000
202605161536,   1.517,   1.859,9999.000,9999.000,9999.000,9999.000,9999.000,9999.000,9999.000
202605161542,   1.512,   1.879,9999.000,9999.000,9999.000,9999.000,9999.000,9999.000,9999.000
202605161548,   1.508,   1.879,9999.000,9999.000,9999.000,9999.000,9999.000,9999.000,9999.000
202605161554,   1.503,   1.869,9999.000,9999.000,9999.000,9999.000,9999.000,9999.000,9999.000
202605161600,   1.500,   1.859,   0.200,   0.159,   1.859,   0.200,   1.859,   0.200,   1.859
202605161606,   1.496,   1.889,9999.000,9999.000,9999.000,9999.000,9999.000,9999.000,9999.000
202605161612,   1.493,   1.859,9999.000,9999.000,9999.000,9999.000,9999.000,9999.000,9999.000
202605161618,   1.491,   1.820,9999.000,9999.000,9999.000,9999.000,9999.000,9999.000,9999.000
202605161624,   1.488,   1.790,9999.000,9999.000,9999.000,9999.000,9999.000,9999.000,9999.000
202605161630,   1.486,   1.849,9999.000,9999.000,9999.000,9999.000,9999.000,9999.000,9999.000
202605161636,   1.484,   1.849,9999.000,9999.000,9999.000,9999.000,9999.000,9999.000,9999.000
202605161642,   1.483,   1.830,9999.000,9999.000,9999.000,9999.000,9999.000,9999.000,9999.000
202605161648,   1.481,   1.810,9999.000,9999.000,9999.000,9999.000,9999.000,9999.000,9999.000
202605161654,   1.480,   1.840,9999.000,9999.000,9999.000,9999.000,9999.000,9999.000,9999.000
202605161700,   1.479,   1.859,   0.200,   0.180,   1.859,   0.200,   1.859,   0.200,   1.859
202605161706,   1.479,   1.859,9999.000,9999.000,9999.000,9999.000,9999.000,9999.000,9999.000
202605161712,   1.478,   1.830,9999.000,9999.000,9999.000,9999.000,9999.000,9999.000,9999.000
202605161718,   1.478,   1.830,9999.000,9999.000,9999.000,9999.000,9999.000,9999.000,9999.000
202605161724,   1.477,   1.820,9999.000,9999.000,9999.000,9999.000,9999.000,9999.000,9999.000
202605161730,   1.477,   1.869,9999.000,9999.000,9999.000,9999.000,9999.000,9999.000,9999.000
202605161736,   1.477,   1.889,9999.000,9999.000,9999.000,9999.000,9999.000,9999.000,9999.000
202605161742,   1.477,   1.849,9999.000,9999.000,9999.000,9999.000,9999.000,9999.000,9999.000
202605161748,   1.476,   1.830,9999.000,9999.000,9999.000,9999.000,9999.000,9999.000,9999.000
202605161754,   1.476,   1.889,9999.000,9999.000,9999.000,9999.000,9999.000,9999.000,9999.000
202605161800,   1.476,   1.908,   0.300,   0.132,   1.908,   0.200,   1.808,   0.300,   1.908
202605161806,   1.476,   1.879,9999.000,9999.000,9999.000,9999.000,9999.000,9999.000,9999.000
202605161812,   1.475,   1.869,9999.000,9999.000,9999.000,9999.000,9999.000,9999.000,9999.000
202605161818,   1.475,   1.879,9999.000,9999.000,9999.000,9999.000,9999.000,9999.000,9999.000
202605161824,   1.474,   1.948,9999.000,9999.000,9999.000,9999.000,9999.000,9999.000,9999.000
202605161830,   1.473,   2.000,9999.000,9999.000,9999.000,9999.000,9999.000,9999.000,9999.000
202605161836,   1.472,   1.859,9999.000,9999.000,9999.000,9999.000,9999.000,9999.000,9999.000
202605161842,   1.471,   1.859,9999.000,9999.000,9999.000,9999.000,9999.000,9999.000,9999.000
202605161848,   1.469,   1.918,9999.000,9999.000,9999.000,9999.000,9999.000,9999.000,9999.000
202605161854,   1.467,   1.981,9999.000,9999.000,9999.000,9999.000,9999.000,9999.000,9999.000
202605161900,   1.465,   1.958,   0.300,   0.193,   1.958,   0.200,   1.858,   0.300,   1.958
202605161906,   1.462,   1.928,9999.000,9999.000,9999.000,9999.000,9999.000,9999.000,9999.000
202605161912,   1.459,   1.938,9999.000,9999.000,9999.000,9999.000,9999.000,9999.000,9999.000
202605161918,   1.455,   1.958,9999.000,9999.000,9999.000,9999.000,9999.000,9999.000,9999.000
202605161924,   1.451,   1.967,9999.000,9999.000,9999.000,9999.000,9999.000,9999.000,9999.000
202605161930,   1.446,   1.889,9999.000,9999.000,9999.000,9999.000,9999.000,9999.000,9999.000
202605161936,   1.441,   1.849,9999.000,9999.000,9999.000,9999.000,9999.000,9999.000,9999.000
202605161942,   1.435,   1.889,9999.000,9999.000,9999.000,9999.000,9999.000,9999.000,9999.000
202605161948,   1.428,   1.928,9999.000,9999.000,9999.000,9999.000,9999.000,9999.000,9999.000
202605161954,   1.421,   1.928,9999.000,9999.000,9999.000,9999.000,9999.000,9999.000,9999.000
202605162000,   1.413,   1.889,   0.300,   0.176,   1.889,   0.200,   1.789,   0.300,   1.889
202605162006,   1.404,   1.859,9999.000,9999.000,9999.000,9999.000,9999.000,9999.000,9999.000
202605162012,   1.395,   1.869,9999.000,9999.000,9999.000,9999.000,9999.000,9999.000,9999.000
202605162018,   1.384,   1.908,9999.000,9999.000,9999.000,9999.000,9999.000,9999.000,9999.000
202605162024,   1.373,   1.849,9999.000,9999.000,9999.000,9999.000,9999.000,9999.000,9999.000
202605162030,   1.361,   1.781,9999.000,9999.000,9999.000,9999.000,9999.000,9999.000,9999.000
202605162036,   1.347,   1.820,9999.000,9999.000,9999.000,9999.000,9999.000,9999.000,9999.000
202605162042,   1.333,   1.869,9999.000,9999.000,9999.000,9999.000,9999.000,9999.000,9999.000
202605162048,   1.318,   1.758,9999.000,9999.000,9999.000,9999.000,9999.000,9999.000,9999.000
202605162054,   1.302,   1.790,9999.000,9999.000,9999.000,9999.000,9999.000,9999.000,9999.000
202605162100,   1.285,   1.738,   0.300,   0.153,   1.738,   0.200,   1.638,   0.400,   1.838
202605162106,   1.266,   1.679,9999.000,9999.000,9999.000,9999.000,9999.000,9999.000,9999.000
202605162112,   1.247,   1.708,9999.000,9999.000,9999.000,9999.000,9999.000,9999.000,9999.000
202605162118,   1.226,   1.790,9999.000,9999.000,9999.000,9999.000,9999.000,9999.000,9999.000
202605162124,   1.205,   1.728,9999.000,9999.000,9999.000,9999.000,9999.000,9999.000,9999.000
202605162130,   1.182,   1.600,9999.000,9999.000,9999.000,9999.000,9999.000,9999.000,9999.000
202605162136,   1.158,   1.571,9999.000,9999.000,9999.000,9999.000,9999.000,9999.000,9999.000
202605162142,   1.133,   1.571,9999.000,9999.000,9999.000,9999.000,9999.000,9999.000,9999.000
202605162148,   1.107,   1.580,9999.000,9999.000,9999.000,9999.000,9999.000,9999.000,9999.000
202605162154,   1.079,   1.528,9999.000,9999.000,9999.000,9999.000,9999.000,9999.000,9999.000
202605162200,   1.051,   1.489,   0.300,   0.138,   1.489,   0.200,   1.389,   0.400,   1.589
202605162206,   1.022,   1.469,9999.000,9999.000,9999.000,9999.000,9999.000,9999.000,9999.000
202605162212,   0.991,   1.469,9999.000,9999.000,9999.000,9999.000,9999.000,9999.000,9999.000
202605162218,   0.960,   1.449,9999.000,9999.000,9999.000,9999.000,9999.000,9999.000,9999.000
202605162224,   0.927,   1.400,9999.000,9999.000,9999.000,9999.000,9999.000,9999.000,9999.000
202605162230,   0.894,   1.308,9999.000,9999.000,9999.000,9999.000,9999.000,9999.000,9999.000
202605162236,   0.859,   1.259,9999.000,9999.000,9999.000,9999.000,9999.000,9999.000,9999.000
202605162242,   0.824,   1.259,9999.000,9999.000,9999.000,9999.000,9999.000,9999.000,9999.000
202605162248,   0.787,   1.239,9999.000,9999.000,9999.000,9999.000,9999.000,9999.000,9999.000
202605162254,   0.750,   1.190,9999.000,9999.000,9999.000,9999.000,9999.000,9999.000,9999.000
202605162300,   0.713,   1.151,   0.400,   0.038,   1.151,   0.300,   1.051,   0.400,   1.151
202605162306,   0.674,   1.108,9999.000,9999.000,9999.000,9999.000,9999.000,9999.000,9999.000
202605162312,   0.635,   1.079,9999.000,9999.000,9999.000,9999.000,9999.000,9999.000,9999.000
202605162318,   0.595,   1.059,9999.000,9999.000,9999.000,9999.000,9999.000,9999.000,9999.000
202605162324,   0.555,   1.000,9999.000,9999.000,9999.000,9999.000,9999.000,9999.000,9999.000
202605162330,   0.515,   0.898,9999.000,9999.000,9999.000,9999.000,9999.000,9999.000,9999.000
202605162336,   0.474,   0.859,9999.000,9999.000,9999.000,9999.000,9999.000,9999.000,9999.000
202605162342,   0.433,   0.800,9999.000,9999.000,9999.000,9999.000,9999.000,9999.000,9999.000
202605162348,   0.391,   0.770,9999.000,9999.000,9999.000,9999.000,9999.000,9999.000,9999.000
202605162354,   0.350,   0.741,9999.000,9999.000,9999.000,9999.000,9999.000,9999.000,9999.000
202605170000,   0.308,   0.659,   0.500,  -0.149,   0.659,   0.400,   0.559,   0.500,   0.659
202605170006,   0.267,   0.610,9999.000,9999.000,9999.000,9999.000,9999.000,9999.000,9999.000
202605170012,   0.225,   0.570,9999.000,9999.000,9999.000,9999.000,9999.000,9999.000,9999.000
202605170018,   0.184,   0.551,9999.000,9999.000,9999.000,9999.000,9999.000,9999.000,9999.000
202605170024,   0.143,   0.478,9999.000,9999.000,9999.000,9999.000,9999.000,9999.000,9999.000
202605170030,   0.102,   0.439,9999.000,9999.000,9999.000,9999.000,9999.000,9999.000,9999.000
202605170036,   0.062,   0.409,9999.000,9999.000,9999.000,9999.000,9999.000,9999.000,9999.000
202605170042,   0.023,   0.360,9999.000,9999.000,9999.000,9999.000,9999.000,9999.000,9999.000
202605170048,  -0.015,   0.331,9999.000,9999.000,9999.000,9999.000,9999.000,9999.000,9999.000
202605170054,  -0.053,   0.321,9999.000,9999.000,9999.000,9999.000,9999.000,9999.000,9999.000
202605170100,  -0.091,   0.298,   0.500,  -0.111,   0.298,   0.500,   0.298,   0.600,   0.398
202605170106,  -0.127,   0.298,9999.000,9999.000,9999.000,9999.000,9999.000,9999.000,9999.000
202605170112,  -0.163,   0.219,9999.000,9999.000,9999.000,9999.000,9999.000,9999.000,9999.000
202605170118,  -0.197,   0.190,9999.000,9999.000,9999.000,9999.000,9999.000,9999.000,9999.000
202605170124,  -0.231,   0.190,9999.000,9999.000,9999.000,9999.000,9999.000,9999.000,9999.000
202605170130,  -0.263,   0.141,9999.000,9999.000,9999.000,9999.000,9999.000,9999.000,9999.000
202605170136,  -0.294,   0.141,9999.000,9999.000,9999.000,9999.000,9999.000,9999.000,9999.000
202605170142,  -0.324,   0.131,9999.000,9999.000,9999.000,9999.000,9999.000,9999.000,9999.000
202605170148,  -0.352,   0.141,9999.000,9999.000,9999.000,9999.000,9999.000,9999.000,9999.000
202605170154,  -0.379,   0.111,9999.000,9999.000,9999.000,9999.000,9999.000,9999.000,9999.000
202605170200,  -0.405,   0.068,   0.500,  -0.027,   0.068,   0.500,   0.068,   0.600,   0.168
202605170206,  -0.429,   0.078,9999.000,9999.000,9999.000,9999.000,9999.000,9999.000,9999.000
202605170212,  -0.452,   0.098,9999.000,9999.000,9999.000,9999.000,9999.000,9999.000,9999.000
202605170218,  -0.472,   0.059,9999.000,9999.000,9999.000,9999.000,9999.000,9999.000,9999.000
202605170224,  -0.492,   0.049,9999.000,9999.000,9999.000,9999.000,9999.000,9999.000,9999.000
202605170230,  -0.509,   0.049,9999.000,9999.000,9999.000,9999.000,9999.000,9999.000,9999.000
202605170236,  -0.525,   0.039,9999.000,9999.000,9999.000,9999.000,9999.000,9999.000,9999.000
202605170242,  -0.539,   0.078,9999.000,9999.000,9999.000,9999.000,9999.000,9999.000,9999.000
202605170248,  -0.552,   0.068,9999.000,9999.000,9999.000,9999.000,9999.000,9999.000,9999.000
202605170254,  -0.562,   0.068,9999.000,9999.000,9999.000,9999.000,9999.000,9999.000,9999.000
202605170300,  -0.571,   0.039,   0.500,   0.110,   0.039,   0.500,   0.039,   0.600,   0.139
202605170306,  -0.578,   0.059,9999.000,9999.000,9999.000,9999.000,9999.000,9999.000,9999.000
202605170312,  -0.584,   0.088,9999.000,9999.000,9999.000,9999.000,9999.000,9999.000,9999.000
202605170318,  -0.587,   0.068,9999.000,9999.000,9999.000,9999.000,9999.000,9999.000,9999.000
202605170324,  -0.589,   0.059,9999.000,9999.000,9999.000,9999.000,9999.000,9999.000,9999.000
202605170330,  -0.588,   0.059,9999.000,9999.000,9999.000,9999.000,9999.000,9999.000,9999.000
202605170336,  -0.586,   0.131,9999.000,9999.000,9999.000,9999.000,9999.000,9999.000,9999.000
202605170342,  -0.583,   0.150,9999.000,9999.000,9999.000,9999.000,9999.000,9999.000,9999.000
202605170348,  -0.577,   0.141,9999.000,9999.000,9999.000,9999.000,9999.000,9999.000,9999.000
202605170354,  -0.569,   0.160,9999.000,9999.000,9999.000,9999.000,9999.000,9999.000,9999.000
202605170400,  -0.560,   0.150,   0.600,   0.110,   0.150,   0.500,   0.050,   0.600,   0.150
202605170406,  -0.549,   0.180,9999.000,9999.000,9999.000,9999.000,9999.000,9999.000,9999.000
202605170412,  -0.537,   0.219,9999.000,9999.000,9999.000,9999.000,9999.000,9999.000,9999.000
202605170418,  -0.522,   0.219,9999.000,9999.000,9999.000,9999.000,9999.000,9999.000,9999.000
202605170424,  -0.506,   0.268,9999.000,9999.000,9999.000,9999.000,9999.000,9999.000,9999.000
202605170430,  -0.488,   0.298,9999.000,9999.000,9999.000,9999.000,9999.000,9999.000,9999.000
202605170436,  -0.469,   0.341,9999.000,9999.000,9999.000,9999.000,9999.000,9999.000,9999.000
202605170442,  -0.448,   0.380,9999.000,9999.000,9999.000,9999.000,9999.000,9999.000,9999.000
202605170448,  -0.426,   0.380,9999.000,9999.000,9999.000,9999.000,9999.000,9999.000,9999.000
202605170454,  -0.402,   0.469,9999.000,9999.000,9999.000,9999.000,9999.000,9999.000,9999.000
202605170500,  -0.376,   0.469,   0.600,   0.245,   0.469,   0.500,   0.369,   0.700,   0.569
202605170506,  -0.349,   0.429,9999.000,9999.000,9999.000,9999.000,9999.000,9999.000,9999.000
202605170512,  -0.320,   0.531,9999.000,9999.000,9999.000,9999.000,9999.000,9999.000,9999.000
202605170518,  -0.291,   0.600,9999.000,9999.000,9999.000,9999.000,9999.000,9999.000,9999.000
202605170524,  -0.259,   0.580,9999.000,9999.000,9999.000,9999.000,9999.000,9999.000,9999.000
202605170530,  -0.227,   0.629,9999.000,9999.000,9999.000,9999.000,9999.000,9999.000,9999.000
202605170536,  -0.193,   0.698,9999.000,9999.000,9999.000,9999.000,9999.000,9999.000,9999.000
202605170542,  -0.158,   0.770,9999.000,9999.000,9999.000,9999.000,9999.000,9999.000,9999.000
202605170548,  -0.122,   0.829,9999.000,9999.000,9999.000,9999.000,9999.000,9999.000,9999.000
202605170554,  -0.085,   0.829,9999.000,9999.000,9999.000,9999.000,9999.000,9999.000,9999.000
202605170600,  -0.046,   0.869,   0.700,   0.215,   0.869,   0.600,   0.769,   0.800,   0.969
202605170606,  -0.007,   0.888,9999.000,9999.000,9999.000,9999.000,9999.000,9999.000,9999.000
202605170612,   0.033,   0.908,9999.000,9999.000,9999.000,9999.000,9999.000,9999.000,9999.000
202605170618,   0.074,   0.970,9999.000,9999.000,9999.000,9999.000,9999.000,9999.000,9999.000
202605170624,   0.116,   1.000,9999.000,9999.000,9999.000,9999.000,9999.000,9999.000,9999.000
202605170630,   0.159,   1.029,9999.000,9999.000,9999.000,9999.000,9999.000,9999.000,9999.000
202605170636,   0.203,   1.098,9999.000,9999.000,9999.000,9999.000,9999.000,9999.000,9999.000
202605170642,   0.247,   1.180,9999.000,9999.000,9999.000,9999.000,9999.000,9999.000,9999.000
202605170648,   0.293,   1.190,9999.000,9999.000,9999.000,9999.000,9999.000,9999.000,9999.000
202605170654,   0.338,   1.138,9999.000,9999.000,9999.000,9999.000,9999.000,9999.000,9999.000
202605170700,   0.385,   1.259,   0.700,   0.174,   1.259,   0.700,   1.259,   0.800,   1.359
202605170706,   0.431,   1.338,9999.000,9999.000,9999.000,9999.000,9999.000,9999.000,9999.000
202605170712,   0.478,   1.328,9999.000,9999.000,9999.000,9999.000,9999.000,9999.000,9999.000
202605170718,   0.526,   1.338,9999.000,9999.000,9999.000,9999.000,9999.000,9999.000,9999.000
202605170724,   0.573,   1.430,9999.000,9999.000,9999.000,9999.000,9999.000,9999.000,9999.000
202605170730,   0.621,   1.538,9999.000,9999.000,9999.000,9999.000,9999.000,9999.000,9999.000
202605170736,   0.669,   1.590,9999.000,9999.000,9999.000,9999.000,9999.000,9999.000,9999.000
202605170742,   0.717,   1.580,9999.000,9999.000,9999.000,9999.000,9999.000,9999.000,9999.000
202605170748,   0.765,   1.610,9999.000,9999.000,9999.000,9999.000,9999.000,9999.000,9999.000
202605170754,   0.813,   1.649,9999.000,9999.000,9999.000,9999.000,9999.000,9999.000,9999.000
202605170800,   0.861,   1.738,   0.700,   0.177,   1.738,   0.700,   1.738,   0.800,   1.838
202605170806,   0.909,   1.758,9999.000,9999.000,9999.000,9999.000,9999.000,9999.000,9999.000
202605170812,   0.956,   1.840,9999.000,9999.000,9999.000,9999.000,9999.000,9999.000,9999.000
202605170818,   1.003,   1.899,9999.000,9999.000,9999.000,9999.000,9999.000,9999.000,9999.000
202605170824,   1.049,   1.928,9999.000,9999.000,9999.000,9999.000,9999.000,9999.000,9999.000
202605170830,   1.095,   1.958,9999.000,9999.000,9999.000,9999.000,9999.000,9999.000,9999.000
202605170836,   1.140,   2.020,9999.000,9999.000,9999.000,9999.000,9999.000,9999.000,9999.000
202605170842,   1.185,   2.069,9999.000,9999.000,9999.000,9999.000,9999.000,9999.000,9999.000
202605170848,   1.229,   2.109,9999.000,9999.000,9999.000,9999.000,9999.000,9999.000,9999.000
202605170854,   1.272,   2.128,9999.000,9999.000,9999.000,9999.000,9999.000,9999.000,9999.000
202605170900,   1.314,   2.158,   0.800,   0.044,   2.158,   0.700,   2.058,   0.900,   2.258
202605170906,   1.356,   2.220,9999.000,9999.000,9999.000,9999.000,9999.000,9999.000,9999.000
202605170912,   1.396,   2.279,9999.000,9999.000,9999.000,9999.000,9999.000,9999.000,9999.000
202605170918,   1.436,   2.309,9999.000,9999.000,9999.000,9999.000,9999.000,9999.000,9999.000
202605170924,   1.474,   2.328,9999.000,9999.000,9999.000,9999.000,9999.000,9999.000,9999.000
202605170930,   1.511,   2.387,9999.000,9999.000,9999.000,9999.000,9999.000,9999.000,9999.000
202605170936,   1.547,   2.450,9999.000,9999.000,9999.000,9999.000,9999.000,9999.000,9999.000
202605170942,   1.582,   2.469,9999.000,9999.000,9999.000,9999.000,9999.000,9999.000,9999.000
202605170948,   1.615,   2.469,9999.000,9999.000,9999.000,9999.000,9999.000,9999.000,9999.000
202605170954,   1.647,   2.499,9999.000,9999.000,9999.000,9999.000,9999.000,9999.000,9999.000
202605171000,   1.677,   2.519,   0.800,   0.042,   2.519,   0.700,   2.419,   0.900,   2.619
202605171006,   1.707,   2.558,9999.000,9999.000,9999.000,9999.000,9999.000,9999.000,9999.000
202605171012,   1.734,   2.538,9999.000,9999.000,9999.000,9999.000,9999.000,9999.000,9999.000
202605171018,   1.761,   2.548,9999.000,9999.000,9999.000,9999.000,9999.000,9999.000,9999.000
202605171024,   1.785,   2.578,9999.000,9999.000,9999.000,9999.000,9999.000,9999.000,9999.000
202605171030,   1.809,   2.620,9999.000,9999.000,9999.000,9999.000,9999.000,9999.000,9999.000
202605171036,   1.830,   2.620,9999.000,9999.000,9999.000,9999.000,9999.000,9999.000,9999.000
202605171042,   1.850,   2.630,9999.000,9999.000,9999.000,9999.000,9999.000,9999.000,9999.000
202605171048,   1.869,   2.630,9999.000,9999.000,9999.000,9999.000,9999.000,9999.000,9999.000
202605171054,   1.886,   2.650,9999.000,9999.000,9999.000,9999.000,9999.000,9999.000,9999.000
202605171100,   1.902,   2.650,   0.800,  -0.052,   2.650,   0.700,   2.550,   0.900,   2.750
202605171106,   1.916,   2.650,9999.000,9999.000,9999.000,9999.000,9999.000,9999.000,9999.000
202605171112,   1.928,   2.669,9999.000,9999.000,9999.000,9999.000,9999.000,9999.000,9999.000
202605171118,   1.939,   2.699,9999.000,9999.000,9999.000,9999.000,9999.000,9999.000,9999.000
202605171124,   1.949,   2.679,9999.000,9999.000,9999.000,9999.000,9999.000,9999.000,9999.000
202605171130,   1.957,   2.660,9999.000,9999.000,9999.000,9999.000,9999.000,9999.000,9999.000
202605171136,   1.964,   2.660,9999.000,9999.000,9999.000,9999.000,9999.000,9999.000,9999.000
202605171142,   1.969,   2.669,9999.000,9999.000,9999.000,9999.000,9999.000,9999.000,9999.000
202605171148,   1.973,   2.689,9999.000,9999.000,9999.000,9999.000,9999.000,9999.000,9999.000
202605171154,   1.976,   2.679,9999.000,9999.000,9999.000,9999.000,9999.000,9999.000,9999.000
202605171200,   1.977,   2.669,   0.900,  -0.208,   2.669,   0.800,   2.569,   0.900,   2.669
202605171206,   1.978,   2.660,9999.000,9999.000,9999.000,9999.000,9999.000,9999.000,9999.000
202605171212,   1.977,   2.650,9999.000,9999.000,9999.000,9999.000,9999.000,9999.000,9999.000
202605171218,   1.975,   2.620,9999.000,9999.000,9999.000,9999.000,9999.000,9999.000,9999.000
202605171224,   1.972,   2.610,9999.000,9999.000,9999.000,9999.000,9999.000,9999.000,9999.000
202605171230,   1.968,   2.620,9999.000,9999.000,9999.000,9999.000,9999.000,9999.000,9999.000
202605171236,   1.963,   2.650,9999.000,9999.000,9999.000,9999.000,9999.000,9999.000,9999.000
202605171242,   1.957,   2.630,9999.000,9999.000,9999.000,9999.000,9999.000,9999.000,9999.000
202605171248,   1.950,   2.597,9999.000,9999.000,9999.000,9999.000,9999.000,9999.000,9999.000
202605171254,   1.943,   2.597,9999.000,9999.000,9999.000,9999.000,9999.000,9999.000,9999.000
202605171300,   1.935,   2.620,   0.900,  -0.215,   2.620,   0.800,   2.520,   0.900,   2.620
202605171306,   1.926,   2.597,9999.000,9999.000,9999.000,9999.000,9999.000,9999.000,9999.000
202605171312,   1.917,   2.587,9999.000,9999.000,9999.000,9999.000,9999.000,9999.000,9999.000
202605171318,   1.908,   2.568,9999.000,9999.000,9999.000,9999.000,9999.000,9999.000,9999.000
202605171324,   1.897,   2.548,9999.000,9999.000,9999.000,9999.000,9999.000,9999.000,9999.000
202605171330,   1.887,   2.548,9999.000,9999.000,9999.000,9999.000,9999.000,9999.000,9999.000
202605171336,   1.876,   2.538,9999.000,9999.000,9999.000,9999.000,9999.000,9999.000,9999.000
202605171342,   1.865,   2.519,9999.000,9999.000,9999.000,9999.000,9999.000,9999.000,9999.000
202605171348,   1.854,   2.528,9999.000,9999.000,9999.000,9999.000,9999.000,9999.000,9999.000
202605171354,   1.843,   2.538,9999.000,9999.000,9999.000,9999.000,9999.000,9999.000,9999.000
202605171400,   1.831,   2.519,   0.900,  -0.212,   2.519,   0.800,   2.419,   0.900,   2.519
202605171406,   1.820,   2.538,9999.000,9999.000,9999.000,9999.000,9999.000,9999.000,9999.000
202605171412,   1.808,   2.548,9999.000,9999.000,9999.000,9999.000,9999.000,9999.000,9999.000
202605171418,   1.797,   2.578,9999.000,9999.000,9999.000,9999.000,9999.000,9999.000,9999.000
202605171424,   1.785,   2.568,9999.000,9999.000,9999.000,9999.000,9999.000,9999.000,9999.000
202605171430,   1.774,   2.548,9999.000,9999.000,9999.000,9999.000,9999.000,9999.000,9999.000
202605171436,   1.763,   2.519,9999.000,9999.000,9999.000,9999.000,9999.000,9999.000,9999.000
202605171442,   1.752,   2.519,9999.000,9999.000,9999.000,9999.000,9999.000,9999.000,9999.000
202605171448,   1.742,   2.509,9999.000,9999.000,9999.000,9999.000,9999.000,9999.000,9999.000
202605171454,   1.731,   2.519,9999.000,9999.000,9999.000,9999.000,9999.000,9999.000,9999.000
202605171500,   1.721,   2.509,   0.900,  -0.112,   2.509,   0.800,   2.409,   0.900,   2.509
202605171506,   1.712,   2.479,9999.000,9999.000,9999.000,9999.000,9999.000,9999.000,9999.000
202605171512,   1.702,   2.469,9999.000,9999.000,9999.000,9999.000,9999.000,9999.000,9999.000
202605171518,   1.693,   2.459,9999.000,9999.000,9999.000,9999.000,9999.000,9999.000,9999.000
202605171524,   1.684,   2.459,9999.000,9999.000,9999.000,9999.000,9999.000,9999.000,9999.000
202605171530,   1.676,   2.459,9999.000,9999.000,9999.000,9999.000,9999.000,9999.000,9999.000
202605171536,   1.668,   2.479,9999.000,9999.000,9999.000,9999.000,9999.000,9999.000,9999.000
202605171542,   1.661,   2.469,9999.000,9999.000,9999.000,9999.000,9999.000,9999.000,9999.000
202605171548,   1.654,   2.469,9999.000,9999.000,9999.000,9999.000,9999.000,9999.000,9999.000
202605171554,   1.647,   2.459,9999.000,9999.000,9999.000,9999.000,9999.000,9999.000,9999.000
202605171600,   1.641,   2.450,   0.900,  -0.091,   2.450,   0.800,   2.350,   0.900,   2.450
202605171606,   1.635,   2.479,9999.000,9999.000,9999.000,9999.000,9999.000,9999.000,9999.000
202605171612,   1.629,   2.489,9999.000,9999.000,9999.000,9999.000,9999.000,9999.000,9999.000
202605171618,   1.624,   2.489,9999.000,9999.000,9999.000,9999.000,9999.000,9999.000,9999.000
202605171624,   1.619,   2.509,9999.000,9999.000,9999.000,9999.000,9999.000,9999.000,9999.000
202605171630,   1.615,   2.519,9999.000,9999.000,9999.000,9999.000,9999.000,9999.000,9999.000
202605171636,   1.610,   2.519,9999.000,9999.000,9999.000,9999.000,9999.000,9999.000,9999.000
202605171642,   1.607,   2.509,9999.000,9999.000,9999.000,9999.000,9999.000,9999.000,9999.000
202605171648,   1.603,   2.538,9999.000,9999.000,9999.000,9999.000,9999.000,9999.000,9999.000
202605171654,   1.600,   2.558,9999.000,9999.000,9999.000,9999.000,9999.000,9999.000,9999.000
202605171700,   1.597,   2.578,   0.900,   0.081,   2.578,   0.800,   2.478,   0.900,   2.578
202605171706,   1.595,   2.630,9999.000,9999.000,9999.000,9999.000,9999.000,9999.000,9999.000
202605171712,   1.592,   2.610,9999.000,9999.000,9999.000,9999.000,9999.000,9999.000,9999.000
202605171718,   1.590,   2.587,9999.000,9999.000,9999.000,9999.000,9999.000,9999.000,9999.000
202605171724,   1.588,   2.597,9999.000,9999.000,9999.000,9999.000,9999.000,9999.000,9999.000
202605171730,   1.587,   2.610,9999.000,9999.000,9999.000,9999.000,9999.000,9999.000,9999.000
202605171736,   1.585,   2.620,9999.000,9999.000,9999.000,9999.000,9999.000,9999.000,9999.000
202605171742,   1.584,   2.597,9999.000,9999.000,9999.000,9999.000,9999.000,9999.000,9999.000
202605171748,   1.583,   2.620,9999.000,9999.000,9999.000,9999.000,9999.000,9999.000,9999.000
202605171754,   1.581,   2.620,9999.000,9999.000,9999.000,9999.000,9999.000,9999.000,9999.000
202605171800,   1.580,   2.587,   0.900,   0.107,   2.587,   0.900,   2.587,   1.000,   2.687
202605171806,   1.579,   2.538,9999.000,9999.000,9999.000,9999.000,9999.000,9999.000,9999.000
202605171812,   1.579,   2.528,9999.000,9999.000,9999.000,9999.000,9999.000,9999.000,9999.000
202605171818,   1.578,   2.548,9999.000,9999.000,9999.000,9999.000,9999.000,9999.000,9999.000
202605171824,   1.577,   2.558,9999.000,9999.000,9999.000,9999.000,9999.000,9999.000,9999.000
202605171830,   1.576,   2.558,9999.000,9999.000,9999.000,9999.000,9999.000,9999.000,9999.000
202605171836,   1.575,   2.538,9999.000,9999.000,9999.000,9999.000,9999.000,9999.000,9999.000
202605171842,   1.574,   2.548,9999.000,9999.000,9999.000,9999.000,9999.000,9999.000,9999.000
202605171848,   1.572,   2.528,9999.000,9999.000,9999.000,9999.000,9999.000,9999.000,9999.000
202605171854,   1.571,   2.509,9999.000,9999.000,9999.000,9999.000,9999.000,9999.000,9999.000
202605171900,   1.569,   2.499,   0.900,   0.030,   2.499,   0.900,   2.499,   1.000,   2.599
202605171906,   1.568,   2.499,9999.000,9999.000,9999.000,9999.000,9999.000,9999.000,9999.000
202605171912,   1.566,   2.469,9999.000,9999.000,9999.000,9999.000,9999.000,9999.000,9999.000
202605171918,   1.564,   2.450,9999.000,9999.000,9999.000,9999.000,9999.000,9999.000,9999.000
202605171924,   1.561,   2.479,9999.000,9999.000,9999.000,9999.000,9999.000,9999.000,9999.000
202605171930,   1.558,   2.489,9999.000,9999.000,9999.000,9999.000,9999.000,9999.000,9999.000
202605171936,   1.555,   2.479,9999.000,9999.000,9999.000,9999.000,9999.000,9999.000,9999.000
202605171942,   1.551,   2.489,9999.000,9999.000,9999.000,9999.000,9999.000,9999.000,9999.000
202605171948,   1.547,   2.489,9999.000,9999.000,9999.000,9999.000,9999.000,9999.000,9999.000
202605171954,   1.543,   2.459,9999.000,9999.000,9999.000,9999.000,9999.000,9999.000,9999.000
202605172000,   1.538,   2.400,   0.900,  -0.038,   2.400,   0.800,   2.300,   1.000,   2.500
202605172006,   1.532,   2.420,9999.000,9999.000,9999.000,9999.000,9999.000,9999.000,9999.000
202605172012,   1.526,   2.410,9999.000,9999.000,9999.000,9999.000,9999.000,9999.000,9999.000
202605172018,   1.520,   2.387,9999.000,9999.000,9999.000,9999.000,9999.000,9999.000,9999.000
202605172024,   1.512,   2.410,9999.000,9999.000,9999.000,9999.000,9999.000,9999.000,9999.000
202605172030,   1.504,   2.377,9999.000,9999.000,9999.000,9999.000,9999.000,9999.000,9999.000
202605172036,   1.496,   2.430,9999.000,9999.000,9999.000,9999.000,9999.000,9999.000,9999.000
202605172042,   1.486,   2.400,9999.000,9999.000,9999.000,9999.000,9999.000,9999.000,9999.000
202605172048,   1.476,   2.358,9999.000,9999.000,9999.000,9999.000,9999.000,9999.000,9999.000
202605172054,   1.465,   2.338,9999.000,9999.000,9999.000,9999.000,9999.000,9999.000,9999.000
202605172100,   1.453,   2.338,   0.900,  -0.015,   2.338,   0.800,   2.238,   1.000,   2.438
202605172106,   1.440,   2.358,9999.000,9999.000,9999.000,9999.000,9999.000,9999.000,9999.000
202605172112,   1.427,   2.328,9999.000,9999.000,9999.000,9999.000,9999.000,9999.000,9999.000
202605172118,   1.412,   2.328,9999.000,9999.000,9999.000,9999.000,9999.000,9999.000,9999.000
202605172124,   1.396,   2.269,9999.000,9999.000,9999.000,9999.000,9999.000,9999.000,9999.000
202605172130,   1.380,   2.230,9999.000,9999.000,9999.000,9999.000,9999.000,9999.000,9999.000
202605172136,   1.362,   2.299,9999.000,9999.000,9999.000,9999.000,9999.000,9999.000,9999.000
202605172142,   1.344,   2.250,9999.000,9999.000,9999.000,9999.000,9999.000,9999.000,9999.000
202605172148,   1.324,   2.191,9999.000,9999.000,9999.000,9999.000,9999.000,9999.000,9999.000
202605172154,   1.303,   2.191,9999.000,9999.000,9999.000,9999.000,9999.000,9999.000,9999.000
202605172200,   1.281,   2.220,   0.900,   0.039,   2.220,   0.800,   2.120,   1.000,   2.320
202605172206,   1.258,   2.191,9999.000,9999.000,9999.000,9999.000,9999.000,9999.000,9999.000
202605172212,   1.234,   2.109,9999.000,9999.000,9999.000,9999.000,9999.000,9999.000,9999.000
202605172218,   1.209,   2.089,9999.000,9999.000,9999.000,9999.000,9999.000,9999.000,9999.000
202605172224,   1.182,   2.148,9999.000,9999.000,9999.000,9999.000,9999.000,9999.000,9999.000
202605172230,   1.155,   2.079,9999.000,9999.000,9999.000,9999.000,9999.000,9999.000,9999.000
202605172236,   1.126,   2.020,9999.000,9999.000,9999.000,9999.000,9999.000,9999.000,9999.000
202605172242,   1.096,   2.000,9999.000,9999.000,9999.000,9999.000,9999.000,9999.000,9999.000
202605172248,   1.066,   2.020,9999.000,9999.000,9999.000,9999.000,9999.000,9999.000,9999.000
202605172254,   1.034,   2.000,9999.000,9999.000,9999.000,9999.000,9999.000,9999.000,9999.000
202605172300,   1.001,   1.938,   0.900,   0.037,   1.938,   0.900,   1.938,   1.000,   2.038
202605172306,   0.967,   1.899,9999.000,9999.000,9999.000,9999.000,9999.000,9999.000,9999.000
202605172312,   0.932,   1.830,9999.000,9999.000,9999.000,9999.000,9999.000,9999.000,9999.000
202605172318,   0.896,   1.810,9999.000,9999.000,9999.000,9999.000,9999.000,9999.000,9999.000
202605172324,   0.859,   1.767,9999.000,9999.000,9999.000,9999.000,9999.000,9999.000,9999.000
202605172330,   0.821,   1.748,9999.000,9999.000,9999.000,9999.000,9999.000,9999.000,9999.000
202605172336,   0.783,   1.699,9999.000,9999.000,9999.000,9999.000,9999.000,9999.000,9999.000
202605172342,   0.744,   1.659,9999.000,9999.000,9999.000,9999.000,9999.000,9999.000,9999.000
202605172348,   0.704,   1.620,9999.000,9999.000,9999.000,9999.000,9999.000,9999.000,9999.000
202605172354,   0.663,   1.571,9999.000,9999.000,9999.000,9999.000,9999.000,9999.000,9999.000
202605180000,   0.622,   1.518,   1.000,  -0.104,   1.518,   1.000,   1.518,   1.100,   1.618
202605180006,   0.580,   1.459,9999.000,9999.000,9999.000,9999.000,9999.000,9999.000,9999.000
202605180012,   0.537,   1.410,9999.000,9999.000,9999.000,9999.000,9999.000,9999.000,9999.000
202605180018,   0.495,   1.400,9999.000,9999.000,9999.000,9999.000,9999.000,9999.000,9999.000
202605180024,   0.452,   1.390,9999.000,9999.000,9999.000,9999.000,9999.000,9999.000,9999.000
202605180030,   0.408,   1.338,9999.000,9999.000,9999.000,9999.000,9999.000,9999.000,9999.000
202605180036,   0.365,   1.298,9999.000,9999.000,9999.000,9999.000,9999.000,9999.000,9999.000
202605180042,   0.321,   1.239,9999.000,9999.000,9999.000,9999.000,9999.000,9999.000,9999.000
202605180048,   0.278,   1.210,9999.000,9999.000,9999.000,9999.000,9999.000,9999.000,9999.000
202605180054,   0.235,   1.180,9999.000,9999.000,9999.000,9999.000,9999.000,9999.000,9999.000
202605180100,   0.191,   1.138,   1.000,  -0.053,   1.138,   1.000,   1.138,   1.100,   1.238
202605180106,   0.148,   1.098,9999.000,9999.000,9999.000,9999.000,9999.000,9999.000,9999.000
202605180112,   0.105,   1.059,9999.000,9999.000,9999.000,9999.000,9999.000,9999.000,9999.000
202605180118,   0.063,   1.039,9999.000,9999.000,9999.000,9999.000,9999.000,9999.000,9999.000
202605180124,   0.021,   1.010,9999.000,9999.000,9999.000,9999.000,9999.000,9999.000,9999.000
202605180130,  -0.019,   0.961,9999.000,9999.000,9999.000,9999.000,9999.000,9999.000,9999.000
202605180136,  -0.059,   0.941,9999.000,9999.000,9999.000,9999.000,9999.000,9999.000,9999.000
202605180142,  -0.099,   0.918,9999.000,9999.000,9999.000,9999.000,9999.000,9999.000,9999.000
202605180148,  -0.138,   0.898,9999.000,9999.000,9999.000,9999.000,9999.000,9999.000,9999.000
202605180154,  -0.176,   0.898,9999.000,9999.000,9999.000,9999.000,9999.000,9999.000,9999.000
202605180200,  -0.213,   0.839,   1.100,  -0.048,   0.839,   1.000,   0.739,   1.100,   0.839
202605180206,  -0.249,   0.760,9999.000,9999.000,9999.000,9999.000,9999.000,9999.000,9999.000
202605180212,  -0.284,   0.790,9999.000,9999.000,9999.000,9999.000,9999.000,9999.000,9999.000
202605180218,  -0.318,   0.780,9999.000,9999.000,9999.000,9999.000,9999.000,9999.000,9999.000
202605180224,  -0.350,   0.708,9999.000,9999.000,9999.000,9999.000,9999.000,9999.000,9999.000
202605180230,  -0.381,   0.669,9999.000,9999.000,9999.000,9999.000,9999.000,9999.000,9999.000
202605180236,  -0.411,   0.659,9999.000,9999.000,9999.000,9999.000,9999.000,9999.000,9999.000
202605180242,  -0.439,   0.678,9999.000,9999.000,9999.000,9999.000,9999.000,9999.000,9999.000
202605180248,  -0.466,   0.659,9999.000,9999.000,9999.000,9999.000,9999.000,9999.000,9999.000
202605180254,  -0.491,   0.600,9999.000,9999.000,9999.000,9999.000,9999.000,9999.000,9999.000
202605180300,  -0.514,   0.541,   1.100,  -0.045,   0.541,   1.000,   0.441,   1.200,   0.641
202605180306,  -0.536,   0.518,9999.000,9999.000,9999.000,9999.000,9999.000,9999.000,9999.000
202605180312,  -0.556,   0.518,9999.000,9999.000,9999.000,9999.000,9999.000,9999.000,9999.000
202605180318,  -0.575,   0.498,9999.000,9999.000,9999.000,9999.000,9999.000,9999.000,9999.000
202605180324,  -0.592,   0.469,9999.000,9999.000,9999.000,9999.000,9999.000,9999.000,9999.000
202605180330,  -0.607,   0.439,9999.000,9999.000,9999.000,9999.000,9999.000,9999.000,9999.000
202605180336,  -0.620,   0.439,9999.000,9999.000,9999.000,9999.000,9999.000,9999.000,9999.000
202605180342,  -0.631,   0.429,9999.000,9999.000,9999.000,9999.000,9999.000,9999.000,9999.000
202605180348,  -0.641,   0.429,9999.000,9999.000,9999.000,9999.000,9999.000,9999.000,9999.000
202605180354,  -0.649,   0.409,9999.000,9999.000,9999.000,9999.000,9999.000,9999.000,9999.000
202605180400,  -0.654,   0.350,   1.100,  -0.096,   0.350,   1.000,   0.250,   1.200,   0.450
202605180406,  -0.658,   0.370,9999.000,9999.000,9999.000,9999.000,9999.000,9999.000,9999.000
202605180412,  -0.661,   0.419,9999.000,9999.000,9999.000,9999.000,9999.000,9999.000,9999.000
202605180418,  -0.661,   0.419,9999.000,9999.000,9999.000,9999.000,9999.000,9999.000,9999.000
202605180424,  -0.659,   0.429,9999.000,9999.000,9999.000,9999.000,9999.000,9999.000,9999.000
202605180430,  -0.656,   0.439,9999.000,9999.000,9999.000,9999.000,9999.000,9999.000,9999.000
202605180436,  -0.651,   0.449,9999.000,9999.000,9999.000,9999.000,9999.000,9999.000,9999.000
202605180442,  -0.644,   0.449,9999.000,9999.000,9999.000,9999.000,9999.000,9999.000,9999.000
202605180448,  -0.635,   0.449,9999.000,9999.000,9999.000,9999.000,9999.000,9999.000,9999.000
202605180454,  -0.624,   0.459,9999.000,9999.000,9999.000,9999.000,9999.000,9999.000,9999.000
202605180500,  -0.612,   0.469,   1.100,  -0.019,   0.469,   1.100,   0.469,   1.200,   0.569
202605180506,  -0.598,   0.508,9999.000,9999.000,9999.000,9999.000,9999.000,9999.000,9999.000
202605180512,  -0.582,   0.508,9999.000,9999.000,9999.000,9999.000,9999.000,9999.000,9999.000
202605180518,  -0.565,   0.459,9999.000,9999.000,9999.000,9999.000,9999.000,9999.000,9999.000
202605180524,  -0.546,   0.488,9999.000,9999.000,9999.000,9999.000,9999.000,9999.000,9999.000
202605180530,  -0.525,   0.541,9999.000,9999.000,9999.000,9999.000,9999.000,9999.000,9999.000
202605180536,  -0.503,   0.580,9999.000,9999.000,9999.000,9999.000,9999.000,9999.000,9999.000
202605180542,  -0.479,   0.629,9999.000,9999.000,9999.000,9999.000,9999.000,9999.000,9999.000
202605180548,  -0.454,   0.590,9999.000,9999.000,9999.000,9999.000,9999.000,9999.000,9999.000
202605180554,  -0.427,   0.610,9999.000,9999.000,9999.000,9999.000,9999.000,9999.000,9999.000
202605180600,  -0.398,   0.639,   1.100,  -0.063,   0.639,   1.100,   0.639,   1.200,   0.739
202605180606,  -0.369,   0.678,9999.000,9999.000,9999.000,9999.000,9999.000,9999.000,9999.000
202605180612,  -0.338,   0.698,9999.000,9999.000,9999.000,9999.000,9999.000,9999.000,9999.000
202605180618,  -0.305,   0.698,9999.000,9999.000,9999.000,9999.000,9999.000,9999.000,9999.000
202605180624,  -0.272,   0.698,9999.000,9999.000,9999.000,9999.000,9999.000,9999.000,9999.000
202605180630,  -0.237,   0.731,9999.000,9999.000,9999.000,9999.000,9999.000,9999.000,9999.000
202605180636,  -0.201,   0.790,9999.000,9999.000,9999.000,9999.000,9999.000,9999.000,9999.000
202605180642,  -0.164,   0.849,9999.000,9999.000,9999.000,9999.000,9999.000,9999.000,9999.000
202605180648,  -0.125,   0.869,9999.000,9999.000,9999.000,9999.000,9999.000,9999.000,9999.000
202605180654,  -0.086,   0.869,9999.000,9999.000,9999.000,9999.000,9999.000,9999.000,9999.000
202605180700,  -0.046,   0.898,   1.100,  -0.156,   0.898,   1.000,   0.798,   1.200,   0.998
202605180706,  -0.005,   0.951,9999.000,9999.000,9999.000,9999.000,9999.000,9999.000,9999.000
202605180712,   0.036,   0.941,9999.000,9999.000,9999.000,9999.000,9999.000,9999.000,9999.000
202605180718,   0.079,   1.010,9999.000,9999.000,9999.000,9999.000,9999.000,9999.000,9999.000
202605180724,   0.123,   1.039,9999.000,9999.000,9999.000,9999.000,9999.000,9999.000,9999.000
202605180730,   0.167,   1.059,9999.000,9999.000,9999.000,9999.000,9999.000,9999.000,9999.000
202605180736,   0.213,   1.108,9999.000,9999.000,9999.000,9999.000,9999.000,9999.000,9999.000
202605180742,   0.258,   1.161,9999.000,9999.000,9999.000,9999.000,9999.000,9999.000,9999.000
202605180748,   0.304,   1.210,9999.000,9999.000,9999.000,9999.000,9999.000,9999.000,9999.000
202605180754,   0.351,   1.239,9999.000,9999.000,9999.000,9999.000,9999.000,9999.000,9999.000
202605180800,   0.398,   1.289,   1.100,  -0.209,   1.289,   1.000,   1.189,   1.200,   1.389
202605180806,   0.445,   1.361,9999.000,9999.000,9999.000,9999.000,9999.000,9999.000,9999.000
202605180812,   0.493,   1.410,9999.000,9999.000,9999.000,9999.000,9999.000,9999.000,9999.000
202605180818,   0.541,   1.439,9999.000,9999.000,9999.000,9999.000,9999.000,9999.000,9999.000
202605180824,   0.589,   1.469,9999.000,9999.000,9999.000,9999.000,9999.000,9999.000,9999.000
202605180830,   0.637,   1.508,9999.000,9999.000,9999.000,9999.000,9999.000,9999.000,9999.000
202605180836,   0.685,   1.557,9999.000,9999.000,9999.000,9999.000,9999.000,9999.000,9999.000
202605180842,   0.733,   1.620,9999.000,9999.000,9999.000,9999.000,9999.000,9999.000,9999.000
202605180848,   0.781,   1.708,9999.000,9999.000,9999.000,9999.000,9999.000,9999.000,9999.000
202605180854,   0.830,   1.767,9999.000,9999.000,9999.000,9999.000,9999.000,9999.000,9999.000
202605180900,   0.877,   1.820,   1.100,  -0.157,   1.820,   0.900,   1.620,   1.200,   1.920
202605180906,   0.924,   1.849,9999.000,9999.000,9999.000,9999.000,9999.000,9999.000,9999.000
202605180912,   0.971,   1.928,9999.000,9999.000,9999.000,9999.000,9999.000,9999.000,9999.000
202605180918,   1.017,   1.967,9999.000,9999.000,9999.000,9999.000,9999.000,9999.000,9999.000
202605180924,   1.063,   2.030,9999.000,9999.000,9999.000,9999.000,9999.000,9999.000,9999.000
202605180930,   1.108,   2.040,9999.000,9999.000,9999.000,9999.000,9999.000,9999.000,9999.000
202605180936,   1.152,   2.069,9999.000,9999.000,9999.000,9999.000,9999.000,9999.000,9999.000
202605180942,   1.196,   2.148,9999.000,9999.000,9999.000,9999.000,9999.000,9999.000,9999.000
202605180948,   1.239,   2.230,9999.000,9999.000,9999.000,9999.000,9999.000,9999.000,9999.000
202605180954,   1.281,   2.259,9999.000,9999.000,9999.000,9999.000,9999.000,9999.000,9999.000
202605181000,   1.322,   2.299,   1.000,  -0.023,   2.299,   0.900,   2.199,   1.200,   2.499
202605181006,   1.362,   2.358,9999.000,9999.000,9999.000,9999.000,9999.000,9999.000,9999.000
202605181012,   1.401,   2.400,9999.000,9999.000,9999.000,9999.000,9999.000,9999.000,9999.000
202605181018,   1.439,   2.420,9999.000,9999.000,9999.000,9999.000,9999.000,9999.000,9999.000
202605181024,   1.476,   2.450,9999.000,9999.000,9999.000,9999.000,9999.000,9999.000,9999.000
202605181030,   1.511,   2.459,9999.000,9999.000,9999.000,9999.000,9999.000,9999.000,9999.000
202605181036,   1.546,   2.489,9999.000,9999.000,9999.000,9999.000,9999.000,9999.000,9999.000
202605181042,   1.579,   2.558,9999.000,9999.000,9999.000,9999.000,9999.000,9999.000,9999.000
202605181048,   1.610,   2.610,9999.000,9999.000,9999.000,9999.000,9999.000,9999.000,9999.000
202605181054,   1.641,   2.620,9999.000,9999.000,9999.000,9999.000,9999.000,9999.000,9999.000
202605181100,   1.670,   2.650,   1.100,  -0.120,   2.650,   0.900,   2.450,   1.200,   2.750
202605181106,   1.697,   2.689,9999.000,9999.000,9999.000,9999.000,9999.000,9999.000,9999.000
202605181112,   1.723,   2.758,9999.000,9999.000,9999.000,9999.000,9999.000,9999.000,9999.000
202605181118,   1.748,   2.807,9999.000,9999.000,9999.000,9999.000,9999.000,9999.000,9999.000
202605181124,   1.771,   2.748,9999.000,9999.000,9999.000,9999.000,9999.000,9999.000,9999.000
202605181130,   1.793,   2.738,9999.000,9999.000,9999.000,9999.000,9999.000,9999.000,9999.000
202605181136,   1.813,   2.787,9999.000,9999.000,9999.000,9999.000,9999.000,9999.000,9999.000
202605181142,   1.832,   2.797,9999.000,9999.000,9999.000,9999.000,9999.000,9999.000,9999.000
202605181148,   1.849,   2.830,9999.000,9999.000,9999.000,9999.000,9999.000,9999.000,9999.000
202605181154,   1.865,   2.830,9999.000,9999.000,9999.000,9999.000,9999.000,9999.000,9999.000
202605181200,   1.879,   2.830,   1.100,  -0.149,   2.830,   1.000,   2.730,   1.200,   2.930
202605181206,   1.892,   2.850,9999.000,9999.000,9999.000,9999.000,9999.000,9999.000,9999.000
202605181212,   1.903,   2.860,9999.000,9999.000,9999.000,9999.000,9999.000,9999.000,9999.000
202605181218,   1.913,   2.889,9999.000,9999.000,9999.000,9999.000,9999.000,9999.000,9999.000
202605181224,   1.922,   2.889,9999.000,9999.000,9999.000,9999.000,9999.000,9999.000,9999.000
202605181230,   1.929,   2.869,9999.000,9999.000,9999.000,9999.000,9999.000,9999.000,9999.000
202605181236,   1.935,   2.860,9999.000,9999.000,9999.000,9999.000,9999.000,9999.000,9999.000
202605181242,   1.940,   2.850,9999.000,9999.000,9999.000,9999.000,9999.000,9999.000,9999.000
202605181248,   1.943,   2.840,9999.000,9999.000,9999.000,9999.000,9999.000,9999.000,9999.000
202605181254,   1.945,   2.830,9999.000,9999.000,9999.000,9999.000,9999.000,9999.000,9999.000
202605181300,   1.947,   2.820,   1.100,  -0.227,   2.820,   1.000,   2.720,   1.300,   3.020
202605181306,   1.947,   2.840,9999.000,9999.000,9999.000,9999.000,9999.000,9999.000,9999.000
202605181312,   1.946,   2.889,9999.000,9999.000,9999.000,9999.000,9999.000,9999.000,9999.000
202605181318,   1.944,   2.879,9999.000,9999.000,9999.000,9999.000,9999.000,9999.000,9999.000
202605181324,   1.941,   2.840,9999.000,9999.000,9999.000,9999.000,9999.000,9999.000,9999.000
202605181330,   1.938,   2.820,9999.000,9999.000,9999.000,9999.000,9999.000,9999.000,9999.000
202605181336,   1.933,   2.797,9999.000,9999.000,9999.000,9999.000,9999.000,9999.000,9999.000
202605181342,   1.928,   2.807,9999.000,9999.000,9999.000,9999.000,9999.000,9999.000,9999.000
202605181348,   1.922,   2.807,9999.000,9999.000,9999.000,9999.000,9999.000,9999.000,9999.000
202605181354,   1.916,   2.787,9999.000,9999.000,9999.000,9999.000,9999.000,9999.000,9999.000
202605181400,   1.909,   2.830,   1.200,  -0.279,   2.830,   1.100,   2.730,   1.300,   2.930
202605181406,   1.901,   2.889,9999.000,9999.000,9999.000,9999.000,9999.000,9999.000,9999.000
202605181412,   1.893,   2.850,9999.000,9999.000,9999.000,9999.000,9999.000,9999.000,9999.000
202605181418,   1.885,   2.830,9999.000,9999.000,9999.000,9999.000,9999.000,9999.000,9999.000
202605181424,   1.876,   2.807,9999.000,9999.000,9999.000,9999.000,9999.000,9999.000,9999.000
202605181430,   1.867,   2.830,9999.000,9999.000,9999.000,9999.000,9999.000,9999.000,9999.000
202605181436,   1.858,   2.830,9999.000,9999.000,9999.000,9999.000,9999.000,9999.000,9999.000
202605181442,   1.849,   2.778,9999.000,9999.000,9999.000,9999.000,9999.000,9999.000,9999.000
202605181448,   1.839,   2.719,9999.000,9999.000,9999.000,9999.000,9999.000,9999.000,9999.000
202605181454,   1.830,   2.709,9999.000,9999.000,9999.000,9999.000,9999.000,9999.000,9999.000
202605181500,   1.821,   2.748,   1.200,  -0.273,   2.748,   1.100,   2.648,   1.300,   2.848
202605181506,   1.811,   2.728,9999.000,9999.000,9999.000,9999.000,9999.000,9999.000,9999.000
202605181512,   1.802,   2.719,9999.000,9999.000,9999.000,9999.000,9999.000,9999.000,9999.000
202605181518,   1.792,   2.679,9999.000,9999.000,9999.000,9999.000,9999.000,9999.000,9999.000
202605181524,   1.783,   2.689,9999.000,9999.000,9999.000,9999.000,9999.000,9999.000,9999.000
202605181530,   1.774,   2.728,9999.000,9999.000,9999.000,9999.000,9999.000,9999.000,9999.000
202605181536,   1.766,   2.728,9999.000,9999.000,9999.000,9999.000,9999.000,9999.000,9999.000
202605181542,   1.757,   2.699,9999.000,9999.000,9999.000,9999.000,9999.000,9999.000,9999.000
202605181548,   1.749,   2.669,9999.000,9999.000,9999.000,9999.000,9999.000,9999.000,9999.000
202605181554,   1.741,   2.719,9999.000,9999.000,9999.000,9999.000,9999.000,9999.000,9999.000
202605181600,   1.733,   2.709,   1.200,  -0.224,   2.709,   1.100,   2.609,   1.300,   2.809
202605181606,   1.726,   2.689,9999.000,9999.000,9999.000,9999.000,9999.000,9999.000,9999.000
202605181612,   1.719,   2.669,9999.000,9999.000,9999.000,9999.000,9999.000,9999.000,9999.000
202605181618,   1.712,   2.679,9999.000,9999.000,9999.000,9999.000,9999.000,9999.000,9999.000
202605181624,   1.706,   2.679,9999.000,9999.000,9999.000,9999.000,9999.000,9999.000,9999.000
202605181630,   1.700,   2.699,9999.000,9999.000,9999.000,9999.000,9999.000,9999.000,9999.000
202605181636,   1.694,   2.709,9999.000,9999.000,9999.000,9999.000,9999.000,9999.000,9999.000
202605181642,   1.689,   2.709,9999.000,9999.000,9999.000,9999.000,9999.000,9999.000,9999.000
202605181648,   1.683,   2.728,9999.000,9999.000,9999.000,9999.000,9999.000,9999.000,9999.000
202605181654,   1.679,   2.738,9999.000,9999.000,9999.000,9999.000,9999.000,9999.000,9999.000
202605181700,   1.674,   2.738,   1.200,  -0.136,   2.738,   1.100,   2.638,   1.300,   2.838
202605181706,   1.670,   2.719,9999.000,9999.000,9999.000,9999.000,9999.000,9999.000,9999.000
202605181712,   1.667,   2.719,9999.000,9999.000,9999.000,9999.000,9999.000,9999.000,9999.000
202605181718,   1.663,   2.719,9999.000,9999.000,9999.000,9999.000,9999.000,9999.000,9999.000
202605181724,   1.660,   2.728,9999.000,9999.000,9999.000,9999.000,9999.000,9999.000,9999.000
202605181730,   1.657,   2.748,9999.000,9999.000,9999.000,9999.000,9999.000,9999.000,9999.000
202605181736,   1.654,   2.778,9999.000,9999.000,9999.000,9999.000,9999.000,9999.000,9999.000
202605181742,   1.652,   2.807,9999.000,9999.000,9999.000,9999.000,9999.000,9999.000,9999.000
202605181748,   1.650,   2.797,9999.000,9999.000,9999.000,9999.000,9999.000,9999.000,9999.000
202605181754,   1.648,   2.807,9999.000,9999.000,9999.000,9999.000,9999.000,9999.000,9999.000
202605181800,   1.646,   2.807,   1.100,   0.061,   2.807,   1.000,   2.707,   1.200,   2.907
202605181806,   1.644,   2.830,9999.000,9999.000,9999.000,9999.000,9999.000,9999.000,9999.000
202605181812,   1.643,   2.830,9999.000,9999.000,9999.000,9999.000,9999.000,9999.000,9999.000
202605181818,   1.642,   2.787,9999.000,9999.000,9999.000,9999.000,9999.000,9999.000,9999.000
202605181824,   1.640,   2.787,9999.000,9999.000,9999.000,9999.000,9999.000,9999.000,9999.000
202605181830,   1.639,   2.807,9999.000,9999.000,9999.000,9999.000,9999.000,9999.000,9999.000
202605181836,   1.638,   2.797,9999.000,9999.000,9999.000,9999.000,9999.000,9999.000,9999.000
202605181842,   1.637,   2.840,9999.000,9999.000,9999.000,9999.000,9999.000,9999.000,9999.000
202605181848,   1.636,   2.787,9999.000,9999.000,9999.000,9999.000,9999.000,9999.000,9999.000
202605181854,   1.635,   2.787,9999.000,9999.000,9999.000,9999.000,9999.000,9999.000,9999.000
202605181900,   1.634,   2.840,   1.000,   0.206,   2.840,   1.000,   2.840,   1.200,   3.040
202605181906,   1.633,   2.840,9999.000,9999.000,9999.000,9999.000,9999.000,9999.000,9999.000
202605181912,   1.632,   2.807,9999.000,9999.000,9999.000,9999.000,9999.000,9999.000,9999.000
202605181918,   1.631,   2.787,9999.000,9999.000,9999.000,9999.000,9999.000,9999.000,9999.000
202605181924,   1.630,   2.778,9999.000,9999.000,9999.000,9999.000,9999.000,9999.000,9999.000
202605181930,   1.628,   2.820,9999.000,9999.000,9999.000,9999.000,9999.000,9999.000,9999.000
202605181936,   1.627,   2.787,9999.000,9999.000,9999.000,9999.000,9999.000,9999.000,9999.000
202605181942,   1.625,   2.768,9999.000,9999.000,9999.000,9999.000,9999.000,9999.000,9999.000
202605181948,   1.623,   2.758,9999.000,9999.000,9999.000,9999.000,9999.000,9999.000,9999.000
202605181954,   1.621,   2.830,9999.000,9999.000,9999.000,9999.000,9999.000,9999.000,9999.000
202605182000,   1.619,   2.820,   1.000,   0.201,   2.820,   1.000,   2.820,   1.200,   3.020
202605182006,   1.616,   2.778,9999.000,9999.000,9999.000,9999.000,9999.000,9999.000,9999.000
202605182012,   1.613,   2.778,9999.000,9999.000,9999.000,9999.000,9999.000,9999.000,9999.000
202605182018,   1.609,   2.787,9999.000,9999.000,9999.000,9999.000,9999.000,9999.000,9999.000
202605182024,   1.605,   2.787,9999.000,9999.000,9999.000,9999.000,9999.000,9999.000,9999.000
202605182030,   1.601,   2.748,9999.000,9999.000,9999.000,9999.000,9999.000,9999.000,9999.000
202605182036,   1.597,   2.689,9999.000,9999.000,9999.000,9999.000,9999.000,9999.000,9999.000
202605182042,   1.592,   2.748,9999.000,9999.000,9999.000,9999.000,9999.000,9999.000,9999.000
202605182048,   1.586,   2.768,9999.000,9999.000,9999.000,9999.000,9999.000,9999.000,9999.000
202605182054,   1.580,   2.768,9999.000,9999.000,9999.000,9999.000,9999.000,9999.000,9999.000
202605182100,   1.573,   2.758,   1.000,   0.185,   2.758,   1.000,   2.758,   1.100,   2.858
202605182106,   1.566,   2.728,9999.000,9999.000,9999.000,9999.000,9999.000,9999.000,9999.000
202605182112,   1.558,   2.709,9999.000,9999.000,9999.000,9999.000,9999.000,9999.000,9999.000
202605182118,   1.549,   2.748,9999.000,9999.000,9999.000,9999.000,9999.000,9999.000,9999.000
202605182124,   1.540,   2.620,9999.000,9999.000,9999.000,9999.000,9999.000,9999.000,9999.000
202605182130,   1.530,   2.669,9999.000,9999.000,9999.000,9999.000,9999.000,9999.000,9999.000
202605182136,   1.519,   2.679,9999.000,9999.000,9999.000,9999.000,9999.000,9999.000,9999.000
202605182142,   1.508,   2.650,9999.000,9999.000,9999.000,9999.000,9999.000,9999.000,9999.000
202605182148,   1.495,   2.679,9999.000,9999.000,9999.000,9999.000,9999.000,9999.000,9999.000
202605182154,   1.482,   2.719,9999.000,9999.000,9999.000,9999.000,9999.000,9999.000,9999.000
202605182200,   1.468,   2.620,   1.000,   0.152,   2.620,   0.900,   2.520,   1.100,   2.720
202605182206,   1.453,   2.538,9999.000,9999.000,9999.000,9999.000,9999.000,9999.000,9999.000
202605182212,   1.437,   2.597,9999.000,9999.000,9999.000,9999.000,9999.000,9999.000,9999.000
202605182218,   1.420,   2.610,9999.000,9999.000,9999.000,9999.000,9999.000,9999.000,9999.000
202605182224,   1.402,   2.528,9999.000,9999.000,9999.000,9999.000,9999.000,9999.000,9999.000
202605182230,   1.383,   2.450,9999.000,9999.000,9999.000,9999.000,9999.000,9999.000,9999.000
202605182236,   1.364,   2.440,9999.000,9999.000,9999.000,9999.000,9999.000,9999.000,9999.000
202605182242,   1.343,   2.489,9999.000,9999.000,9999.000,9999.000,9999.000,9999.000,9999.000
202605182248,   1.321,   2.469,9999.000,9999.000,9999.000,9999.000,9999.000,9999.000,9999.000
202605182254,   1.297,   2.400,9999.000,9999.000,9999.000,9999.000,9999.000,9999.000,9999.000
202605182300,   1.273,   2.377,   1.000,   0.104,   2.377,   1.000,   2.377,   1.100,   2.477
202605182306,   1.248,   2.358,9999.000,9999.000,9999.000,9999.000,9999.000,9999.000,9999.000
202605182312,   1.222,   2.368,9999.000,9999.000,9999.000,9999.000,9999.000,9999.000,9999.000
202605182318,   1.194,   2.338,9999.000,9999.000,9999.000,9999.000,9999.000,9999.000,9999.000
202605182324,   1.166,   2.259,9999.000,9999.000,9999.000,9999.000,9999.000,9999.000,9999.000
202605182330,   1.137,   2.210,9999.000,9999.000,9999.000,9999.000,9999.000,9999.000,9999.000
202605182336,   1.106,   2.191,9999.000,9999.000,9999.000,9999.000,9999.000,9999.000,9999.000
202605182342,   1.074,   2.168,9999.000,9999.000,9999.000,9999.000,9999.000,9999.000,9999.000
202605182348,   1.042,   2.138,9999.000,9999.000,9999.000,9999.000,9999.000,9999.000,9999.000
202605182354,   1.008,   2.118,9999.000,9999.000,9999.000,9999.000,9999.000,9999.000,9999.000
202605190000,   0.974,   2.069,   1.100,  -0.005,   2.069,   1.000,   1.969,   1.100,   2.069
202605190006,   0.938,   1.990,9999.000,9999.000,9999.000,9999.000,9999.000,9999.000,9999.000
202605190012,   0.902,   1.981,9999.000,9999.000,9999.000,9999.000,9999.000,9999.000,9999.000
202605190018,   0.865,   2.000,9999.000,9999.000,9999.000,9999.000,9999.000,9999.000,9999.000
202605190024,   0.827,   1.928,9999.000,9999.000,9999.000,9999.000,9999.000,9999.000,9999.000
202605190030,   0.788,   1.767,9999.000,9999.000,9999.000,9999.000,9999.000,9999.000,9999.000
202605190036,   0.748,   1.790,9999.000,9999.000,9999.000,9999.000,9999.000,9999.000,9999.000
202605190042,   0.708,   1.781,9999.000,9999.000,9999.000,9999.000,9999.000,9999.000,9999.000
202605190048,   0.668,   1.748,9999.000,9999.000,9999.000,9999.000,9999.000,9999.000,9999.000
202605190054,   0.626,   1.689,9999.000,9999.000,9999.000,9999.000,9999.000,9999.000,9999.000
202605190100,   0.585,   1.649,   1.100,  -0.036,   1.649,   1.000,   1.549,   1.100,   1.649
202605190106,   0.543,   1.669,9999.000,9999.000,9999.000,9999.000,9999.000,9999.000,9999.000
202605190112,   0.500,   1.649,9999.000,9999.000,9999.000,9999.000,9999.000,9999.000,9999.000
202605190118,   0.458,   1.620,9999.000,9999.000,9999.000,9999.000,9999.000,9999.000,9999.000
202605190124,   0.415,   1.498,9999.000,9999.000,9999.000,9999.000,9999.000,9999.000,9999.000
202605190130,   0.372,   1.439,9999.000,9999.000,9999.000,9999.000,9999.000,9999.000,9999.000
202605190136,   0.329,   1.420,9999.000,9999.000,9999.000,9999.000,9999.000,9999.000,9999.000
202605190142,   0.286,   1.371,9999.000,9999.000,9999.000,9999.000,9999.000,9999.000,9999.000
202605190148,   0.243,   1.318,9999.000,9999.000,9999.000,9999.000,9999.000,9999.000,9999.000
202605190154,   0.201,   1.308,9999.000,9999.000,9999.000,9999.000,9999.000,9999.000,9999.000
202605190200,   0.159,   1.269,   1.100,   0.010,   1.269,   1.000,   1.169,   1.100,   1.269
202605190206,   0.117,   1.229,9999.000,9999.000,9999.000,9999.000,9999.000,9999.000,9999.000
202605190212,   0.076,   1.239,9999.000,9999.000,9999.000,9999.000,9999.000,9999.000,9999.000
202605190218,   0.035,   1.190,9999.000,9999.000,9999.000,9999.000,9999.000,9999.000,9999.000
202605190224,  -0.004,   1.128,9999.000,9999.000,9999.000,9999.000,9999.000,9999.000,9999.000
202605190230,  -0.044,   1.069,9999.000,9999.000,9999.000,9999.000,9999.000,9999.000,9999.000
202605190236,  -0.082,   1.020,9999.000,9999.000,9999.000,9999.000,9999.000,9999.000,9999.000
202605190242,  -0.120,   1.010,9999.000,9999.000,9999.000,9999.000,9999.000,9999.000,9999.000
202605190248,  -0.157,   0.970,9999.000,9999.000,9999.000,9999.000,9999.000,9999.000,9999.000
202605190254,  -0.193,   0.928,9999.000,9999.000,9999.000,9999.000,9999.000,9999.000,9999.000
202605190300,  -0.228,   0.888,   1.100,   0.016,   0.888,   1.000,   0.788,   1.100,   0.888
202605190306,  -0.261,   0.879,9999.000,9999.000,9999.000,9999.000,9999.000,9999.000,9999.000
202605190312,  -0.294,   0.849,9999.000,9999.000,9999.000,9999.000,9999.000,9999.000,9999.000
202605190318,  -0.325,   0.829,9999.000,9999.000,9999.000,9999.000,9999.000,9999.000,9999.000
202605190324,  -0.355,   0.780,9999.000,9999.000,9999.000,9999.000,9999.000,9999.000,9999.000
202605190330,  -0.383,   0.731,9999.000,9999.000,9999.000,9999.000,9999.000,9999.000,9999.000
202605190336,  -0.411,   0.688,9999.000,9999.000,9999.000,9999.000,9999.000,9999.000,9999.000
202605190342,  -0.436,   0.659,9999.000,9999.000,9999.000,9999.000,9999.000,9999.000,9999.000
202605190348,  -0.460,   0.659,9999.000,9999.000,9999.000,9999.000,9999.000,9999.000,9999.000
202605190354,  -0.483,   0.639,9999.000,9999.000,9999.000,9999.000,9999.000,9999.000,9999.000
202605190400,  -0.504,   0.600,   1.100,   0.004,   0.600,   1.000,   0.500,   1.100,   0.600
202605190406,  -0.523,   0.570,9999.000,9999.000,9999.000,9999.000,9999.000,9999.000,9999.000
202605190412,  -0.540,   0.560,9999.000,9999.000,9999.000,9999.000,9999.000,9999.000,9999.000
202605190418,  -0.556,   0.531,9999.000,9999.000,9999.000,9999.000,9999.000,9999.000,9999.000
202605190424,  -0.571,   0.488,9999.000,9999.000,9999.000,9999.000,9999.000,9999.000,9999.000
202605190430,  -0.583,   0.488,9999.000,9999.000,9999.000,9999.000,9999.000,9999.000,9999.000
202605190436,  -0.594,   0.508,9999.000,9999.000,9999.000,9999.000,9999.000,9999.000,9999.000
202605190442,  -0.603,   0.469,9999.000,9999.000,9999.000,9999.000,9999.000,9999.000,9999.000
202605190448,  -0.610,   0.409,9999.000,9999.000,9999.000,9999.000,9999.000,9999.000,9999.000
202605190454,  -0.616,   0.390,9999.000,9999.000,9999.000,9999.000,9999.000,9999.000,9999.000
202605190500,  -0.619,   0.370,   1.000,  -0.011,   0.370,   1.000,   0.370,   1.100,   0.470
202605190506,  -0.621,   0.409,9999.000,9999.000,9999.000,9999.000,9999.000,9999.000,9999.000
202605190512,  -0.622,   0.380,9999.000,9999.000,9999.000,9999.000,9999.000,9999.000,9999.000
202605190518,  -0.620,   0.350,9999.000,9999.000,9999.000,9999.000,9999.000,9999.000,9999.000
202605190524,  -0.617,   0.390,9999.000,9999.000,9999.000,9999.000,9999.000,9999.000,9999.000
202605190530,  -0.612,   0.390,9999.000,9999.000,9999.000,9999.000,9999.000,9999.000,9999.000
202605190536,  -0.605,   0.400,9999.000,9999.000,9999.000,9999.000,9999.000,9999.000,9999.000
202605190542,  -0.597,   0.390,9999.000,9999.000,9999.000,9999.000,9999.000,9999.000,9999.000
202605190548,  -0.587,   0.449,9999.000,9999.000,9999.000,9999.000,9999.000,9999.000,9999.000
202605190554,  -0.575,   0.478,9999.000,9999.000,9999.000,9999.000,9999.000,9999.000,9999.000
202605190600,  -0.562,   0.439,   1.200,  -0.199,   0.439,   1.100,   0.339,   1.200,   0.439
202605190606,  -0.547,   0.409,9999.000,9999.000,9999.000,9999.000,9999.000,9999.000,9999.000
202605190612,  -0.531,   0.459,9999.000,9999.000,9999.000,9999.000,9999.000,9999.000,9999.000
202605190618,  -0.513,   0.508,9999.000,9999.000,9999.000,9999.000,9999.000,9999.000,9999.000
202605190624,  -0.493,   0.580,9999.000,9999.000,9999.000,9999.000,9999.000,9999.000,9999.000
202605190630,  -0.472,   0.531,9999.000,9999.000,9999.000,9999.000,9999.000,9999.000,9999.000
202605190636,  -0.450,   0.518,9999.000,9999.000,9999.000,9999.000,9999.000,9999.000,9999.000
202605190642,  -0.426,   0.619,9999.000,9999.000,9999.000,9999.000,9999.000,9999.000,9999.000
202605190648,  -0.400,   0.708,9999.000,9999.000,9999.000,9999.000,9999.000,9999.000,9999.000
202605190654,  -0.374,   0.669,9999.000,9999.000,9999.000,9999.000,9999.000,9999.000,9999.000
202605190700,  -0.346,   0.610,   1.100,  -0.144,   0.610,   1.100,   0.610,   1.200,   0.710
202605190706,  -0.317,   0.698,9999.000,9999.000,9999.000,9999.000,9999.000,9999.000,9999.000
202605190712,  -0.286,   0.741,9999.000,9999.000,9999.000,9999.000,9999.000,9999.000,9999.000
202605190718,  -0.255,   0.800,9999.000,9999.000,9999.000,9999.000,9999.000,9999.000,9999.000
202605190724,  -0.222,   0.879,9999.000,9999.000,9999.000,9999.000,9999.000,9999.000,9999.000
202605190730,  -0.188,   0.908,9999.000,9999.000,9999.000,9999.000,9999.000,9999.000,9999.000
202605190736,  -0.154,   0.849,9999.000,9999.000,9999.000,9999.000,9999.000,9999.000,9999.000
202605190742,  -0.118,   0.918,9999.000,9999.000,9999.000,9999.000,9999.000,9999.000,9999.000
202605190748,  -0.081,   1.000,9999.000,9999.000,9999.000,9999.000,9999.000,9999.000,9999.000
202605190754,  -0.043,   1.039,9999.000,9999.000,9999.000,9999.000,9999.000,9999.000,9999.000
202605190800,  -0.004,   1.010,   1.100,  -0.086,   1.010,   1.000,   0.910,   1.200,   1.110
202605190806,   0.034,   1.069,9999.000,9999.000,9999.000,9999.000,9999.000,9999.000,9999.000
202605190812,   0.074,   1.118,9999.000,9999.000,9999.000,9999.000,9999.000,9999.000,9999.000
202605190818,   0.115,   1.138,9999.000,9999.000,9999.000,9999.000,9999.000,9999.000,9999.000
202605190824,   0.157,   1.161,9999.000,9999.000,9999.000,9999.000,9999.000,9999.000,9999.000
202605190830,   0.199,   1.210,9999.000,9999.000,9999.000,9999.000,9999.000,9999.000,9999.000
202605190836,   0.242,   1.259,9999.000,9999.000,9999.000,9999.000,9999.000,9999.000,9999.000
202605190842,   0.285,   1.298,9999.000,9999.000,9999.000,9999.000,9999.000,9999.000,9999.000
202605190848,   0.329,   1.348,9999.000,9999.000,9999.000,9999.000,9999.000,9999.000,9999.000
202605190854,   0.373,   1.361,9999.000,9999.000,9999.000,9999.000,9999.000,9999.000,9999.000
202605190900,   0.418,   1.390,   1.100,  -0.128,   1.390,   1.000,   1.290,   1.200,   1.490
202605190906,   0.463,   1.449,9999.000,9999.000,9999.000,9999.000,9999.000,9999.000,9999.000
202605190912,   0.508,   1.489,9999.000,9999.000,9999.000,9999.000,9999.000,9999.000,9999.000
202605190918,   0.553,   1.538,9999.000,9999.000,9999.000,9999.000,9999.000,9999.000,9999.000
202605190924,   0.598,   1.610,9999.000,9999.000,9999.000,9999.000,9999.000,9999.000,9999.000
202605190930,   0.643,   1.699,9999.000,9999.000,9999.000,9999.000,9999.000,9999.000,9999.000
202605190936,   0.688,   1.738,9999.000,9999.000,9999.000,9999.000,9999.000,9999.000,9999.000
202605190942,   0.733,   1.767,9999.000,9999.000,9999.000,9999.000,9999.000,9999.000,9999.000
202605190948,   0.778,   1.800,9999.000,9999.000,9999.000,9999.000,9999.000,9999.000,9999.000
202605190954,   0.823,   1.889,9999.000,9999.000,9999.000,9999.000,9999.000,9999.000,9999.000
202605191000,   0.867,   1.889,   1.100,  -0.078,   1.889,   1.000,   1.789,   1.200,   1.989
202605191006,   0.912,   1.928,9999.000,9999.000,9999.000,9999.000,9999.000,9999.000,9999.000
202605191012,   0.955,   2.010,9999.000,9999.000,9999.000,9999.000,9999.000,9999.000,9999.000
202605191018,   0.998,   2.040,9999.000,9999.000,9999.000,9999.000,9999.000,9999.000,9999.000
202605191024,   1.041,   2.089,9999.000,9999.000,9999.000,9999.000,9999.000,9999.000,9999.000
202605191030,   1.083,   2.109,9999.000,9999.000,9999.000,9999.000,9999.000,9999.000,9999.000
202605191036,   1.124,   2.148,9999.000,9999.000,9999.000,9999.000,9999.000,9999.000,9999.000
202605191042,   1.165,   2.220,9999.000,9999.000,9999.000,9999.000,9999.000,9999.000,9999.000
202605191048,   1.204,   2.299,9999.000,9999.000,9999.000,9999.000,9999.000,9999.000,9999.000
202605191054,   1.243,   2.348,9999.000,9999.000,9999.000,9999.000,9999.000,9999.000,9999.000
202605191100,   1.281,   2.338,   1.100,  -0.043,   2.338,   1.000,   2.238,   1.200,   2.438
202605191106,   1.318,   2.348,9999.000,9999.000,9999.000,9999.000,9999.000,9999.000,9999.000
202605191112,   1.354,   2.430,9999.000,9999.000,9999.000,9999.000,9999.000,9999.000,9999.000
202605191118,   1.389,   2.459,9999.000,9999.000,9999.000,9999.000,9999.000,9999.000,9999.000
202605191124,   1.423,   2.450,9999.000,9999.000,9999.000,9999.000,9999.000,9999.000,9999.000
202605191130,   1.455,   2.479,9999.000,9999.000,9999.000,9999.000,9999.000,9999.000,9999.000
202605191136,   1.487,   2.528,9999.000,9999.000,9999.000,9999.000,9999.000,9999.000,9999.000
202605191142,   1.517,   2.578,9999.000,9999.000,9999.000,9999.000,9999.000,9999.000,9999.000
202605191148,   1.546,   2.630,9999.000,9999.000,9999.000,9999.000,9999.000,9999.000,9999.000
202605191154,   1.574,   2.640,9999.000,9999.000,9999.000,9999.000,9999.000,9999.000,9999.000
202605191200,   1.600,   2.640,   1.100,  -0.060,   2.640,   1.000,   2.540,   1.200,   2.740
202605191206,   1.625,9999.000,9999.000,9999.000,9999.000,9999.000,9999.000,9999.000,9999.000
202605191212,   1.649,9999.000,9999.000,9999.000,9999.000,9999.000,9999.000,9999.000,9999.000
202605191218,   1.672,9999.000,9999.000,9999.000,9999.000,9999.000,9999.000,9999.000,9999.000
202605191224,   1.693,9999.000,9999.000,9999.000,9999.000,9999.000,9999.000,9999.000,9999.000
202605191230,   1.712,9999.000,9999.000,9999.000,9999.000,9999.000,9999.000,9999.000,9999.000
202605191236,   1.731,9999.000,9999.000,9999.000,9999.000,9999.000,9999.000,9999.000,9999.000
202605191242,   1.748,9999.000,9999.000,9999.000,9999.000,9999.000,9999.000,9999.000,9999.000
202605191248,   1.763,9999.000,9999.000,9999.000,9999.000,9999.000,9999.000,9999.000,9999.000
202605191254,   1.778,9999.000,9999.000,9999.000,9999.000,9999.000,9999.000,9999.000,9999.000
202605191300,   1.790,9999.000,   1.100,  -0.053,   2.837,   1.100,   2.837,   1.200,   2.937
202605191306,   1.802,9999.000,9999.000,9999.000,9999.000,9999.000,9999.000,9999.000,9999.000
202605191312,   1.813,9999.000,9999.000,9999.000,9999.000,9999.000,9999.000,9999.000,9999.000
202605191318,   1.822,9999.000,9999.000,9999.000,9999.000,9999.000,9999.000,9999.000,9999.000
202605191324,   1.830,9999.000,9999.000,9999.000,9999.000,9999.000,9999.000,9999.000,9999.000
202605191330,   1.836,9999.000,9999.000,9999.000,9999.000,9999.000,9999.000,9999.000,9999.000
202605191336,   1.842,9999.000,9999.000,9999.000,9999.000,9999.000,9999.000,9999.000,9999.000
202605191342,   1.846,9999.000,9999.000,9999.000,9999.000,9999.000,9999.000,9999.000,9999.000
202605191348,   1.850,9999.000,9999.000,9999.000,9999.000,9999.000,9999.000,9999.000,9999.000
202605191354,   1.852,9999.000,9999.000,9999.000,9999.000,9999.000,9999.000,9999.000,9999.000
202605191400,   1.854,9999.000,   1.100,  -0.045,   2.909,   1.000,   2.809,   1.200,   3.009
202605191406,   1.854,9999.000,9999.000,9999.000,9999.000,9999.000,9999.000,9999.000,9999.000
202605191412,   1.854,9999.000,9999.000,9999.000,9999.000,9999.000,9999.000,9999.000,9999.000
202605191418,   1.853,9999.000,9999.000,9999.000,9999.000,9999.000,9999.000,9999.000,9999.000
202605191424,   1.851,9999.000,9999.000,9999.000,9999.000,9999.000,9999.000,9999.000,9999.000
202605191430,   1.848,9999.000,9999.000,9999.000,9999.000,9999.000,9999.000,9999.000,9999.000
202605191436,   1.845,9999.000,9999.000,9999.000,9999.000,9999.000,9999.000,9999.000,9999.000
202605191442,   1.841,9999.000,9999.000,9999.000,9999.000,9999.000,9999.000,9999.000,9999.000
202605191448,   1.836,9999.000,9999.000,9999.000,9999.000,9999.000,9999.000,9999.000,9999.000
202605191454,   1.831,9999.000,9999.000,9999.000,9999.000,9999.000,9999.000,9999.000,9999.000
202605191500,   1.826,9999.000,   1.100,  -0.038,   2.888,   1.000,   2.788,   1.200,   2.988
202605191506,   1.820,9999.000,9999.000,9999.000,9999.000,9999.000,9999.000,9999.000,9999.000
202605191512,   1.814,9999.000,9999.000,9999.000,9999.000,9999.000,9999.000,9999.000,9999.000
202605191518,   1.808,9999.000,9999.000,9999.000,9999.000,9999.000,9999.000,9999.000,9999.000
202605191524,   1.801,9999.000,9999.000,9999.000,9999.000,9999.000,9999.000,9999.000,9999.000
202605191530,   1.795,9999.000,9999.000,9999.000,9999.000,9999.000,9999.000,9999.000,9999.000
202605191536,   1.788,9999.000,9999.000,9999.000,9999.000,9999.000,9999.000,9999.000,9999.000
202605191542,   1.781,9999.000,9999.000,9999.000,9999.000,9999.000,9999.000,9999.000,9999.000
202605191548,   1.774,9999.000,9999.000,9999.000,9999.000,9999.000,9999.000,9999.000,9999.000
202605191554,   1.767,9999.000,9999.000,9999.000,9999.000,9999.000,9999.000,9999.000,9999.000
202605191600,   1.760,9999.000,   1.100,  -0.030,   2.830,   1.000,   2.730,   1.100,   2.830
202605191606,   1.753,9999.000,9999.000,9999.000,9999.000,9999.000,9999.000,9999.000,9999.000
202605191612,   1.746,9999.000,9999.000,9999.000,9999.000,9999.000,9999.000,9999.000,9999.000
202605191618,   1.739,9999.000,9999.000,9999.000,9999.000,9999.000,9999.000,9999.000,9999.000
202605191624,   1.733,9999.000,9999.000,9999.000,9999.000,9999.000,9999.000,9999.000,9999.000
202605191630,   1.726,9999.000,9999.000,9999.000,9999.000,9999.000,9999.000,9999.000,9999.000
202605191636,   1.720,9999.000,9999.000,9999.000,9999.000,9999.000,9999.000,9999.000,9999.000
202605191642,   1.714,9999.000,9999.000,9999.000,9999.000,9999.000,9999.000,9999.000,9999.000
202605191648,   1.708,9999.000,9999.000,9999.000,9999.000,9999.000,9999.000,9999.000,9999.000
202605191654,   1.703,9999.000,9999.000,9999.000,9999.000,9999.000,9999.000,9999.000,9999.000
202605191700,   1.697,9999.000,   1.000,  -0.023,   2.674,   0.900,   2.574,   1.100,   2.774
202605191706,   1.692,9999.000,9999.000,9999.000,9999.000,9999.000,9999.000,9999.000,9999.000
202605191712,   1.688,9999.000,9999.000,9999.000,9999.000,9999.000,9999.000,9999.000,9999.000
202605191718,   1.683,9999.000,9999.000,9999.000,9999.000,9999.000,9999.000,9999.000,9999.000
202605191724,   1.679,9999.000,9999.000,9999.000,9999.000,9999.000,9999.000,9999.000,9999.000
202605191730,   1.675,9999.000,9999.000,9999.000,9999.000,9999.000,9999.000,9999.000,9999.000
202605191736,   1.671,9999.000,9999.000,9999.000,9999.000,9999.000,9999.000,9999.000,9999.000
202605191742,   1.668,9999.000,9999.000,9999.000,9999.000,9999.000,9999.000,9999.000,9999.000
202605191748,   1.664,9999.000,9999.000,9999.000,9999.000,9999.000,9999.000,9999.000,9999.000
202605191754,   1.661,9999.000,9999.000,9999.000,9999.000,9999.000,9999.000,9999.000,9999.000
202605191800,   1.659,9999.000,   1.000,  -0.015,   2.644,   0.900,   2.544,   1.100,   2.744
202605191806,   1.656,9999.000,9999.000,9999.000,9999.000,9999.000,9999.000,9999.000,9999.000
202605191812,   1.654,9999.000,9999.000,9999.000,9999.000,9999.000,9999.000,9999.000,9999.000
202605191818,   1.652,9999.000,9999.000,9999.000,9999.000,9999.000,9999.000,9999.000,9999.000
202605191824,   1.650,9999.000,9999.000,9999.000,9999.000,9999.000,9999.000,9999.000,9999.000
202605191830,   1.648,9999.000,9999.000,9999.000,9999.000,9999.000,9999.000,9999.000,9999.000
202605191836,   1.646,9999.000,9999.000,9999.000,9999.000,9999.000,9999.000,9999.000,9999.000
202605191842,   1.645,9999.000,9999.000,9999.000,9999.000,9999.000,9999.000,9999.000,9999.000
202605191848,   1.644,9999.000,9999.000,9999.000,9999.000,9999.000,9999.000,9999.000,9999.000
202605191854,   1.642,9999.000,9999.000,9999.000,9999.000,9999.000,9999.000,9999.000,9999.000
202605191900,   1.641,9999.000,   1.000,  -0.008,   2.633,   0.900,   2.533,   1.100,   2.733
202605191906,   1.640,9999.000,9999.000,9999.000,9999.000,9999.000,9999.000,9999.000,9999.000
202605191912,   1.639,9999.000,9999.000,9999.000,9999.000,9999.000,9999.000,9999.000,9999.000
202605191918,   1.638,9999.000,9999.000,9999.000,9999.000,9999.000,9999.000,9999.000,9999.000
202605191924,   1.637,9999.000,9999.000,9999.000,9999.000,9999.000,9999.000,9999.000,9999.000
202605191930,   1.636,9999.000,9999.000,9999.000,9999.000,9999.000,9999.000,9999.000,9999.000
202605191936,   1.636,9999.000,9999.000,9999.000,9999.000,9999.000,9999.000,9999.000,9999.000
202605191942,   1.635,9999.000,9999.000,9999.000,9999.000,9999.000,9999.000,9999.000,9999.000
202605191948,   1.634,9999.000,9999.000,9999.000,9999.000,9999.000,9999.000,9999.000,9999.000
202605191954,   1.633,9999.000,9999.000,9999.000,9999.000,9999.000,9999.000,9999.000,9999.000
202605192000,   1.631,9999.000,   1.000,  -0.000,   2.631,   0.800,   2.431,   1.100,   2.731
202605192006,   1.630,9999.000,9999.000,9999.000,9999.000,9999.000,9999.000,9999.000,9999.000
202605192012,   1.629,9999.000,9999.000,9999.000,9999.000,9999.000,9999.000,9999.000,9999.000
202605192018,   1.627,9999.000,9999.000,9999.000,9999.000,9999.000,9999.000,9999.000,9999.000
202605192024,   1.626,9999.000,9999.000,9999.000,9999.000,9999.000,9999.000,9999.000,9999.000
202605192030,   1.624,9999.000,9999.000,9999.000,9999.000,9999.000,9999.000,9999.000,9999.000
202605192036,   1.622,9999.000,9999.000,9999.000,9999.000,9999.000,9999.000,9999.000,9999.000
202605192042,   1.619,9999.000,9999.000,9999.000,9999.000,9999.000,9999.000,9999.000,9999.000
202605192048,   1.617,9999.000,9999.000,9999.000,9999.000,9999.000,9999.000,9999.000,9999.000
202605192054,   1.614,9999.000,9999.000,9999.000,9999.000,9999.000,9999.000,9999.000,9999.000
202605192100,   1.611,9999.000,   0.900,   0.007,   2.518,   0.800,   2.418,   1.000,   2.618
202605192106,   1.608,9999.000,9999.000,9999.000,9999.000,9999.000,9999.000,9999.000,9999.000
202605192112,   1.604,9999.000,9999.000,9999.000,9999.000,9999.000,9999.000,9999.000,9999.000
202605192118,   1.600,9999.000,9999.000,9999.000,9999.000,9999.000,9999.000,9999.000,9999.000
202605192124,   1.596,9999.000,9999.000,9999.000,9999.000,9999.000,9999.000,9999.000,9999.000
202605192130,   1.591,9999.000,9999.000,9999.000,9999.000,9999.000,9999.000,9999.000,9999.000
202605192136,   1.585,9999.000,9999.000,9999.000,9999.000,9999.000,9999.000,9999.000,9999.000
202605192142,   1.580,9999.000,9999.000,9999.000,9999.000,9999.000,9999.000,9999.000,9999.000
202605192148,   1.573,9999.000,9999.000,9999.000,9999.000,9999.000,9999.000,9999.000,9999.000
202605192154,   1.567,9999.000,9999.000,9999.000,9999.000,9999.000,9999.000,9999.000,9999.000
202605192200,   1.559,9999.000,   0.900,   0.014,   2.473,   0.800,   2.373,   1.000,   2.573
202605192206,   1.551,9999.000,9999.000,9999.000,9999.000,9999.000,9999.000,9999.000,9999.000
202605192212,   1.543,9999.000,9999.000,9999.000,9999.000,9999.000,9999.000,9999.000,9999.000
202605192218,   1.534,9999.000,9999.000,9999.000,9999.000,9999.000,9999.000,9999.000,9999.000
202605192224,   1.524,9999.000,9999.000,9999.000,9999.000,9999.000,9999.000,9999.000,9999.000
202605192230,   1.513,9999.000,9999.000,9999.000,9999.000,9999.000,9999.000,9999.000,9999.000
202605192236,   1.502,9999.000,9999.000,9999.000,9999.000,9999.000,9999.000,9999.000,9999.000
202605192242,   1.490,9999.000,9999.000,9999.000,9999.000,9999.000,9999.000,9999.000,9999.000
202605192248,   1.477,9999.000,9999.000,9999.000,9999.000,9999.000,9999.000,9999.000,9999.000
202605192254,   1.464,9999.000,9999.000,9999.000,9999.000,9999.000,9999.000,9999.000,9999.000
202605192300,   1.450,9999.000,   0.900,   0.022,   2.372,   0.800,   2.272,   1.000,   2.472
202605192306,   1.434,9999.000,9999.000,9999.000,9999.000,9999.000,9999.000,9999.000,9999.000
202605192312,   1.418,9999.000,9999.000,9999.000,9999.000,9999.000,9999.000,9999.000,9999.000
202605192318,   1.401,9999.000,9999.000,9999.000,9999.000,9999.000,9999.000,9999.000,9999.000
202605192324,   1.383,9999.000,9999.000,9999.000,9999.000,9999.000,9999.000,9999.000,9999.000
202605192330,   1.364,9999.000,9999.000,9999.000,9999.000,9999.000,9999.000,9999.000,9999.000
202605192336,   1.345,9999.000,9999.000,9999.000,9999.000,9999.000,9999.000,9999.000,9999.000
202605192342,   1.324,9999.000,9999.000,9999.000,9999.000,9999.000,9999.000,9999.000,9999.000
202605192348,   1.302,9999.000,9999.000,9999.000,9999.000,9999.000,9999.000,9999.000,9999.000
202605192354,   1.279,9999.000,9999.000,9999.000,9999.000,9999.000,9999.000,9999.000,9999.000
202605200000,   1.256,9999.000,   0.900,   0.029,   2.185,   0.800,   2.085,   1.000,   2.285
202605200006,   1.231,9999.000,9999.000,9999.000,9999.000,9999.000,9999.000,9999.000,9999.000
202605200012,   1.205,9999.000,9999.000,9999.000,9999.000,9999.000,9999.000,9999.000,9999.000
202605200018,   1.179,9999.000,9999.000,9999.000,9999.000,9999.000,9999.000,9999.000,9999.000
202605200024,   1.151,9999.000,9999.000,9999.000,9999.000,9999.000,9999.000,9999.000,9999.000
202605200030,   1.123,9999.000,9999.000,9999.000,9999.000,9999.000,9999.000,9999.000,9999.000
202605200036,   1.093,9999.000,9999.000,9999.000,9999.000,9999.000,9999.000,9999.000,9999.000
202605200042,   1.063,9999.000,9999.000,9999.000,9999.000,9999.000,9999.000,9999.000,9999.000
202605200048,   1.031,9999.000,9999.000,9999.000,9999.000,9999.000,9999.000,9999.000,9999.000
202605200054,   0.999,9999.000,9999.000,9999.000,9999.000,9999.000,9999.000,9999.000,9999.000
202605200100,   0.966,9999.000,   0.900,   0.029,   1.895,   0.900,   1.895,   1.000,   1.995
202605200106,   0.932,9999.000,9999.000,9999.000,9999.000,9999.000,9999.000,9999.000,9999.000
202605200112,   0.898,9999.000,9999.000,9999.000,9999.000,9999.000,9999.000,9999.000,9999.000
202605200118,   0.862,9999.000,9999.000,9999.000,9999.000,9999.000,9999.000,9999.000,9999.000
202605200124,   0.826,9999.000,9999.000,9999.000,9999.000,9999.000,9999.000,9999.000,9999.000
202605200130,   0.790,9999.000,9999.000,9999.000,9999.000,9999.000,9999.000,9999.000,9999.000
202605200136,   0.752,9999.000,9999.000,9999.000,9999.000,9999.000,9999.000,9999.000,9999.000
202605200142,   0.715,9999.000,9999.000,9999.000,9999.000,9999.000,9999.000,9999.000,9999.000
202605200148,   0.676,9999.000,9999.000,9999.000,9999.000,9999.000,9999.000,9999.000,9999.000
202605200154,   0.638,9999.000,9999.000,9999.000,9999.000,9999.000,9999.000,9999.000,9999.000
202605200200,   0.599,9999.000,   0.900,   0.029,   1.528,   0.900,   1.528,   1.000,   1.628
202605200206,   0.559,9999.000,9999.000,9999.000,9999.000,9999.000,9999.000,9999.000,9999.000
202605200212,   0.520,9999.000,9999.000,9999.000,9999.000,9999.000,9999.000,9999.000,9999.000
202605200218,   0.480,9999.000,9999.000,9999.000,9999.000,9999.000,9999.000,9999.000,9999.000
202605200224,   0.441,9999.000,9999.000,9999.000,9999.000,9999.000,9999.000,9999.000,9999.000
202605200230,   0.401,9999.000,9999.000,9999.000,9999.000,9999.000,9999.000,9999.000,9999.000
202605200236,   0.361,9999.000,9999.000,9999.000,9999.000,9999.000,9999.000,9999.000,9999.000
202605200242,   0.322,9999.000,9999.000,9999.000,9999.000,9999.000,9999.000,9999.000,9999.000
202605200248,   0.282,9999.000,9999.000,9999.000,9999.000,9999.000,9999.000,9999.000,9999.000
202605200254,   0.243,9999.000,9999.000,9999.000,9999.000,9999.000,9999.000,9999.000,9999.000
202605200300,   0.205,9999.000,   0.900,   0.029,   1.134,   0.900,   1.134,   1.000,   1.234
202605200306,   0.167,9999.000,9999.000,9999.000,9999.000,9999.000,9999.000,9999.000,9999.000
202605200312,   0.129,9999.000,9999.000,9999.000,9999.000,9999.000,9999.000,9999.000,9999.000
202605200318,   0.092,9999.000,9999.000,9999.000,9999.000,9999.000,9999.000,9999.000,9999.000
202605200324,   0.055,9999.000,9999.000,9999.000,9999.000,9999.000,9999.000,9999.000,9999.000
202605200330,   0.020,9999.000,9999.000,9999.000,9999.000,9999.000,9999.000,9999.000,9999.000
202605200336,  -0.014,9999.000,9999.000,9999.000,9999.000,9999.000,9999.000,9999.000,9999.000
202605200342,  -0.048,9999.000,9999.000,9999.000,9999.000,9999.000,9999.000,9999.000,9999.000
202605200348,  -0.081,9999.000,9999.000,9999.000,9999.000,9999.000,9999.000,9999.000,9999.000
202605200354,  -0.114,9999.000,9999.000,9999.000,9999.000,9999.000,9999.000,9999.000,9999.000
202605200400,  -0.145,9999.000,   0.900,   0.029,   0.784,   0.900,   0.784,   1.000,   0.884
202605200406,  -0.175,9999.000,9999.000,9999.000,9999.000,9999.000,9999.000,9999.000,9999.000
202605200412,  -0.204,9999.000,9999.000,9999.000,9999.000,9999.000,9999.000,9999.000,9999.000
202605200418,  -0.231,9999.000,9999.000,9999.000,9999.000,9999.000,9999.000,9999.000,9999.000
202605200424,  -0.258,9999.000,9999.000,9999.000,9999.000,9999.000,9999.000,9999.000,9999.000
202605200430,  -0.283,9999.000,9999.000,9999.000,9999.000,9999.000,9999.000,9999.000,9999.000
202605200436,  -0.307,9999.000,9999.000,9999.000,9999.000,9999.000,9999.000,9999.000,9999.000
202605200442,  -0.329,9999.000,9999.000,9999.000,9999.000,9999.000,9999.000,9999.000,9999.000
202605200448,  -0.350,9999.000,9999.000,9999.000,9999.000,9999.000,9999.000,9999.000,9999.000
202605200454,  -0.370,9999.000,9999.000,9999.000,9999.000,9999.000,9999.000,9999.000,9999.000
202605200500,  -0.388,9999.000,   0.900,   0.029,   0.541,   0.800,   0.441,   1.000,   0.641
202605200506,  -0.405,9999.000,9999.000,9999.000,9999.000,9999.000,9999.000,9999.000,9999.000
202605200512,  -0.420,9999.000,9999.000,9999.000,9999.000,9999.000,9999.000,9999.000,9999.000
202605200518,  -0.433,9999.000,9999.000,9999.000,9999.000,9999.000,9999.000,9999.000,9999.000
202605200524,  -0.446,9999.000,9999.000,9999.000,9999.000,9999.000,9999.000,9999.000,9999.000
202605200530,  -0.456,9999.000,9999.000,9999.000,9999.000,9999.000,9999.000,9999.000,9999.000
202605200536,  -0.465,9999.000,9999.000,9999.000,9999.000,9999.000,9999.000,9999.000,9999.000
202605200542,  -0.472,9999.000,9999.000,9999.000,9999.000,9999.000,9999.000,9999.000,9999.000
202605200548,  -0.478,9999.000,9999.000,9999.000,9999.000,9999.000,9999.000,9999.000,9999.000
202605200554,  -0.483,9999.000,9999.000,9999.000,9999.000,9999.000,9999.000,9999.000,9999.000
202605200600,  -0.485,9999.000,   0.900,   0.029,   0.444,   0.800,   0.344,   0.900,   0.444
202605200606,  -0.487,9999.000,9999.000,9999.000,9999.000,9999.000,9999.000,9999.000,9999.000
202605200612,  -0.486,9999.000,9999.000,9999.000,9999.000,9999.000,9999.000,9999.000,9999.000
202605200618,  -0.484,9999.000,9999.000,9999.000,9999.000,9999.000,9999.000,9999.000,9999.000
202605200624,  -0.481,9999.000,9999.000,9999.000,9999.000,9999.000,9999.000,9999.000,9999.000
202605200630,  -0.476,9999.000,9999.000,9999.000,9999.000,9999.000,9999.000,9999.000,9999.000
202605200636,  -0.470,9999.000,9999.000,9999.000,9999.000,9999.000,9999.000,9999.000,9999.000
202605200642,  -0.462,9999.000,9999.000,9999.000,9999.000,9999.000,9999.000,9999.000,9999.000
202605200648,  -0.452,9999.000,9999.000,9999.000,9999.000,9999.000,9999.000,9999.000,9999.000
202605200654,  -0.442,9999.000,9999.000,9999.000,9999.000,9999.000,9999.000,9999.000,9999.000
202605200700,  -0.429,9999.000,   0.800,   0.029,   0.400,   0.800,   0.400,   0.900,   0.500
202605200706,  -0.416,9999.000,9999.000,9999.000,9999.000,9999.000,9999.000,9999.000,9999.000
202605200712,  -0.401,9999.000,9999.000,9999.000,9999.000,9999.000,9999.000,9999.000,9999.000
202605200718,  -0.385,9999.000,9999.000,9999.000,9999.000,9999.000,9999.000,9999.000,9999.000
202605200724,  -0.367,9999.000,9999.000,9999.000,9999.000,9999.000,9999.000,9999.000,9999.000
202605200730,  -0.348,9999.000,9999.000,9999.000,9999.000,9999.000,9999.000,9999.000,9999.000
202605200736,  -0.328,9999.000,9999.000,9999.000,9999.000,9999.000,9999.000,9999.000,9999.000
202605200742,  -0.307,9999.000,9999.000,9999.000,9999.000,9999.000,9999.000,9999.000,9999.000
202605200748,  -0.284,9999.000,9999.000,9999.000,9999.000,9999.000,9999.000,9999.000,9999.000
202605200754,  -0.260,9999.000,9999.000,9999.000,9999.000,9999.000,9999.000,9999.000,9999.000
202605200800,  -0.235,9999.000,   0.800,   0.029,   0.594,   0.800,   0.594,   0.900,   0.694
202605200806,  -0.209,9999.000,9999.000,9999.000,9999.000,9999.000,9999.000,9999.000,9999.000
202605200812,  -0.182,9999.000,9999.000,9999.000,9999.000,9999.000,9999.000,9999.000,9999.000
202605200818,  -0.154,9999.000,9999.000,9999.000,9999.000,9999.000,9999.000,9999.000,9999.000
202605200824,  -0.125,9999.000,9999.000,9999.000,9999.000,9999.000,9999.000,9999.000,9999.000
202605200830,  -0.095,9999.000,9999.000,9999.000,9999.000,9999.000,9999.000,9999.000,9999.000
202605200836,  -0.064,9999.000,9999.000,9999.000,9999.000,9999.000,9999.000,9999.000,9999.000
202605200842,  -0.032,9999.000,9999.000,9999.000,9999.000,9999.000,9999.000,9999.000,9999.000
202605200848,   0.000,9999.000,9999.000,9999.000,9999.000,9999.000,9999.000,9999.000,9999.000
202605200854,   0.033,9999.000,9999.000,9999.000,9999.000,9999.000,9999.000,9999.000,9999.000
202605200900,   0.067,9999.000,   0.800,   0.029,   0.896,   0.800,   0.896,   0.900,   0.996
202605200906,   0.102,9999.000,9999.000,9999.000,9999.000,9999.000,9999.000,9999.000,9999.000
202605200912,   0.138,9999.000,9999.000,9999.000,9999.000,9999.000,9999.000,9999.000,9999.000
202605200918,   0.175,9999.000,9999.000,9999.000,9999.000,9999.000,9999.000,9999.000,9999.000
202605200924,   0.212,9999.000,9999.000,9999.000,9999.000,9999.000,9999.000,9999.000,9999.000
202605200930,   0.249,9999.000,9999.000,9999.000,9999.000,9999.000,9999.000,9999.000,9999.000
202605200936,   0.287,9999.000,9999.000,9999.000,9999.000,9999.000,9999.000,9999.000,9999.000
202605200942,   0.326,9999.000,9999.000,9999.000,9999.000,9999.000,9999.000,9999.000,9999.000
202605200948,   0.365,9999.000,9999.000,9999.000,9999.000,9999.000,9999.000,9999.000,9999.000
202605200954,   0.404,9999.000,9999.000,9999.000,9999.000,9999.000,9999.000,9999.000,9999.000
202605201000,   0.444,9999.000,   0.800,   0.029,   1.273,   0.700,   1.173,   0.900,   1.373
202605201006,   0.484,9999.000,9999.000,9999.000,9999.000,9999.000,9999.000,9999.000,9999.000
202605201012,   0.524,9999.000,9999.000,9999.000,9999.000,9999.000,9999.000,9999.000,9999.000
202605201018,   0.564,9999.000,9999.000,9999.000,9999.000,9999.000,9999.000,9999.000,9999.000
202605201024,   0.604,9999.000,9999.000,9999.000,9999.000,9999.000,9999.000,9999.000,9999.000
202605201030,   0.645,9999.000,9999.000,9999.000,9999.000,9999.000,9999.000,9999.000,9999.000
202605201036,   0.685,9999.000,9999.000,9999.000,9999.000,9999.000,9999.000,9999.000,9999.000
202605201042,   0.725,9999.000,9999.000,9999.000,9999.000,9999.000,9999.000,9999.000,9999.000
202605201048,   0.765,9999.000,9999.000,9999.000,9999.000,9999.000,9999.000,9999.000,9999.000
202605201054,   0.805,9999.000,9999.000,9999.000,9999.000,9999.000,9999.000,9999.000,9999.000
202605201100,   0.845,9999.000,   0.800,   0.029,   1.674,   0.700,   1.574,   0.900,   1.774
202605201106,   0.884,9999.000,9999.000,9999.000,9999.000,9999.000,9999.000,9999.000,9999.000
202605201112,   0.923,9999.000,9999.000,9999.000,9999.000,9999.000,9999.000,9999.000,9999.000
202605201118,   0.962,9999.000,9999.000,9999.000,9999.000,9999.000,9999.000,9999.000,9999.000
202605201124,   1.000,9999.000,9999.000,9999.000,9999.000,9999.000,9999.000,9999.000,9999.000
202605201130,   1.037,9999.000,9999.000,9999.000,9999.000,9999.000,9999.000,9999.000,9999.000
202605201136,   1.074,9999.000,9999.000,9999.000,9999.000,9999.000,9999.000,9999.000,9999.000
202605201142,   1.110,9999.000,9999.000,9999.000,9999.000,9999.000,9999.000,9999.000,9999.000
202605201148,   1.146,9999.000,9999.000,9999.000,9999.000,9999.000,9999.000,9999.000,9999.000
202605201154,   1.180,9999.000,9999.000,9999.000,9999.000,9999.000,9999.000,9999.000,9999.000
202605201200,   1.214,9999.000,   0.800,   0.029,   2.043,   0.700,   1.943,   0.900,   2.143
202605201206,   1.247,9999.000,9999.000,9999.000,9999.000,9999.000,9999.000,9999.000,9999.000
202605201212,   1.279,9999.000,9999.000,9999.000,9999.000,9999.000,9999.000,9999.000,9999.000
202605201218,   1.310,9999.000,9999.000,9999.000,9999.000,9999.000,9999.000,9999.000,9999.000
202605201224,   1.341,9999.000,9999.000,9999.000,9999.000,9999.000,9999.000,9999.000,9999.000
202605201230,   1.370,9999.000,9999.000,9999.000,9999.000,9999.000,9999.000,9999.000,9999.000
202605201236,   1.398,9999.000,9999.000,9999.000,9999.000,9999.000,9999.000,9999.000,9999.000
202605201242,   1.425,9999.000,9999.000,9999.000,9999.000,9999.000,9999.000,9999.000,9999.000
202605201248,   1.451,9999.000,9999.000,9999.000,9999.000,9999.000,9999.000,9999.000,9999.000
202605201254,   1.476,9999.000,9999.000,9999.000,9999.000,9999.000,9999.000,9999.000,9999.000
202605201300,   1.499,9999.000,   0.800,   0.029,   2.328,   0.700,   2.228,   0.900,   2.428
202605201306,   1.522,9999.000,9999.000,9999.000,9999.000,9999.000,9999.000,9999.000,9999.000
202605201312,   1.543,9999.000,9999.000,9999.000,9999.000,9999.000,9999.000,9999.000,9999.000
202605201318,   1.563,9999.000,9999.000,9999.000,9999.000,9999.000,9999.000,9999.000,9999.000
202605201324,   1.582,9999.000,9999.000,9999.000,9999.000,9999.000,9999.000,9999.000,9999.000
202605201330,   1.600,9999.000,9999.000,9999.000,9999.000,9999.000,9999.000,9999.000,9999.000
202605201336,   1.616,9999.000,9999.000,9999.000,9999.000,9999.000,9999.000,9999.000,9999.000
202605201342,   1.631,9999.000,9999.000,9999.000,9999.000,9999.000,9999.000,9999.000,9999.000
202605201348,   1.645,9999.000,9999.000,9999.000,9999.000,9999.000,9999.000,9999.000,9999.000
202605201354,   1.658,9999.000,9999.000,9999.000,9999.000,9999.000,9999.000,9999.000,9999.000
202605201400,   1.670,9999.000,   0.800,   0.029,   2.499,   0.700,   2.399,   0.900,   2.599
202605201406,   1.681,9999.000,9999.000,9999.000,9999.000,9999.000,9999.000,9999.000,9999.000
202605201412,   1.690,9999.000,9999.000,9999.000,9999.000,9999.000,9999.000,9999.000,9999.000
202605201418,   1.699,9999.000,9999.000,9999.000,9999.000,9999.000,9999.000,9999.000,9999.000
202605201424,   1.706,9999.000,9999.000,9999.000,9999.000,9999.000,9999.000,9999.000,9999.000
202605201430,   1.712,9999.000,9999.000,9999.000,9999.000,9999.000,9999.000,9999.000,9999.000
202605201436,   1.718,9999.000,9999.000,9999.000,9999.000,9999.000,9999.000,9999.000,9999.000
202605201442,   1.722,9999.000,9999.000,9999.000,9999.000,9999.000,9999.000,9999.000,9999.000
202605201448,   1.726,9999.000,9999.000,9999.000,9999.000,9999.000,9999.000,9999.000,9999.000
202605201454,   1.729,9999.000,9999.000,9999.000,9999.000,9999.000,9999.000,9999.000,9999.000
202605201500,   1.730,9999.000,   0.800,   0.029,   2.559,   0.700,   2.459,   0.800,   2.559
202605201506,   1.732,9999.000,9999.000,9999.000,9999.000,9999.000,9999.000,9999.000,9999.000
202605201512,   1.732,9999.000,9999.000,9999.000,9999.000,9999.000,9999.000,9999.000,9999.000
202605201518,   1.732,9999.000,9999.000,9999.000,9999.000,9999.000,9999.000,9999.000,9999.000
202605201524,   1.731,9999.000,9999.000,9999.000,9999.000,9999.000,9999.000,9999.000,9999.000
202605201530,   1.729,9999.000,9999.000,9999.000,9999.000,9999.000,9999.000,9999.000,9999.000
202605201536,   1.727,9999.000,9999.000,9999.000,9999.000,9999.000,9999.000,9999.000,9999.000
202605201542,   1.725,9999.000,9999.000,9999.000,9999.000,9999.000,9999.000,9999.000,9999.000
202605201548,   1.722,9999.000,9999.000,9999.000,9999.000,9999.000,9999.000,9999.000,9999.000
202605201554,   1.718,9999.000,9999.000,9999.000,9999.000,9999.000,9999.000,9999.000,9999.000
202605201600,   1.714,9999.000,   0.700,   0.029,   2.443,   0.700,   2.443,   0.800,   2.543
202605201606,   1.710,9999.000,9999.000,9999.000,9999.000,9999.000,9999.000,9999.000,9999.000
202605201612,   1.706,9999.000,9999.000,9999.000,9999.000,9999.000,9999.000,9999.000,9999.000
202605201618,   1.701,9999.000,9999.000,9999.000,9999.000,9999.000,9999.000,9999.000,9999.000
202605201624,   1.697,9999.000,9999.000,9999.000,9999.000,9999.000,9999.000,9999.000,9999.000
202605201630,   1.692,9999.000,9999.000,9999.000,9999.000,9999.000,9999.000,9999.000,9999.000
202605201636,   1.687,9999.000,9999.000,9999.000,9999.000,9999.000,9999.000,9999.000,9999.000
202605201642,   1.682,9999.000,9999.000,9999.000,9999.000,9999.000,9999.000,9999.000,9999.000
202605201648,   1.677,9999.000,9999.000,9999.000,9999.000,9999.000,9999.000,9999.000,9999.000
202605201654,   1.672,9999.000,9999.000,9999.000,9999.000,9999.000,9999.000,9999.000,9999.000
202605201700,   1.667,9999.000,   0.700,   0.029,   2.396,   0.600,   2.296,   0.800,   2.496
202605201706,   1.662,9999.000,9999.000,9999.000,9999.000,9999.000,9999.000,9999.000,9999.000
202605201712,   1.657,9999.000,9999.000,9999.000,9999.000,9999.000,9999.000,9999.000,9999.000
202605201718,   1.652,9999.000,9999.000,9999.000,9999.000,9999.000,9999.000,9999.000,9999.000
202605201724,   1.647,9999.000,9999.000,9999.000,9999.000,9999.000,9999.000,9999.000,9999.000
202605201730,   1.642,9999.000,9999.000,9999.000,9999.000,9999.000,9999.000,9999.000,9999.000
202605201736,   1.638,9999.000,9999.000,9999.000,9999.000,9999.000,9999.000,9999.000,9999.000
202605201742,   1.633,9999.000,9999.000,9999.000,9999.000,9999.000,9999.000,9999.000,9999.000
202605201748,   1.629,9999.000,9999.000,9999.000,9999.000,9999.000,9999.000,9999.000,9999.000
202605201754,   1.625,9999.000,9999.000,9999.000,9999.000,9999.000,9999.000,9999.000,9999.000
202605201800,   1.621,9999.000,   0.700,   0.029,   2.350,   0.600,   2.250,   0.800,   2.450
202605201806,   1.618,9999.000,9999.000,9999.000,9999.000,9999.000,9999.000,9999.000,9999.000
202605201812,   1.614,9999.000,9999.000,9999.000,9999.000,9999.000,9999.000,9999.000,9999.000
202605201818,   1.611,9999.000,9999.000,9999.000,9999.000,9999.000,9999.000,9999.000,9999.000
202605201824,   1.608,9999.000,9999.000,9999.000,9999.000,9999.000,9999.000,9999.000,9999.000
202605201830,   1.605,9999.000,9999.000,9999.000,9999.000,9999.000,9999.000,9999.000,9999.000
202605201836,   1.602,9999.000,9999.000,9999.000,9999.000,9999.000,9999.000,9999.000,9999.000
202605201842,   1.599,9999.000,9999.000,9999.000,9999.000,9999.000,9999.000,9999.000,9999.000
202605201848,   1.597,9999.000,9999.000,9999.000,9999.000,9999.000,9999.000,9999.000,9999.000
202605201854,   1.594,9999.000,9999.000,9999.000,9999.000,9999.000,9999.000,9999.000,9999.000
202605201900,   1.592,9999.000,   0.700,   0.029,   2.321,   0.600,   2.221,   0.800,   2.421
202605201906,   1.590,9999.000,9999.000,9999.000,9999.000,9999.000,9999.000,9999.000,9999.000
202605201912,   1.588,9999.000,9999.000,9999.000,9999.000,9999.000,9999.000,9999.000,9999.000
202605201918,   1.586,9999.000,9999.000,9999.000,9999.000,9999.000,9999.000,9999.000,9999.000
202605201924,   1.584,9999.000,9999.000,9999.000,9999.000,9999.000,9999.000,9999.000,9999.000
202605201930,   1.582,9999.000,9999.000,9999.000,9999.000,9999.000,9999.000,9999.000,9999.000
202605201936,   1.581,9999.000,9999.000,9999.000,9999.000,9999.000,9999.000,9999.000,9999.000
202605201942,   1.579,9999.000,9999.000,9999.000,9999.000,9999.000,9999.000,9999.000,9999.000
202605201948,   1.578,9999.000,9999.000,9999.000,9999.000,9999.000,9999.000,9999.000,9999.000
202605201954,   1.576,9999.000,9999.000,9999.000,9999.000,9999.000,9999.000,9999.000,9999.000
202605202000,   1.575,9999.000,   0.700,   0.029,   2.304,   0.600,   2.204,   0.800,   2.404
202605202006,   1.573,9999.000,9999.000,9999.000,9999.000,9999.000,9999.000,9999.000,9999.000
202605202012,   1.572,9999.000,9999.000,9999.000,9999.000,9999.000,9999.000,9999.000,9999.000
202605202018,   1.571,9999.000,9999.000,9999.000,9999.000,9999.000,9999.000,9999.000,9999.000
202605202024,   1.569,9999.000,9999.000,9999.000,9999.000,9999.000,9999.000,9999.000,9999.000
202605202030,   1.568,9999.000,9999.000,9999.000,9999.000,9999.000,9999.000,9999.000,9999.000
202605202036,   1.566,9999.000,9999.000,9999.000,9999.000,9999.000,9999.000,9999.000,9999.000
202605202042,   1.565,9999.000,9999.000,9999.000,9999.000,9999.000,9999.000,9999.000,9999.000
202605202048,   1.563,9999.000,9999.000,9999.000,9999.000,9999.000,9999.000,9999.000,9999.000
202605202054,   1.562,9999.000,9999.000,9999.000,9999.000,9999.000,9999.000,9999.000,9999.000
202605202100,   1.560,9999.000,   0.700,   0.029,   2.289,   0.600,   2.189,   0.800,   2.389
202605202106,   1.558,9999.000,9999.000,9999.000,9999.000,9999.000,9999.000,9999.000,9999.000
202605202112,   1.556,9999.000,9999.000,9999.000,9999.000,9999.000,9999.000,9999.000,9999.000
202605202118,   1.554,9999.000,9999.000,9999.000,9999.000,9999.000,9999.000,9999.000,9999.000
202605202124,   1.552,9999.000,9999.000,9999.000,9999.000,9999.000,9999.000,9999.000,9999.000
202605202130,   1.550,9999.000,9999.000,9999.000,9999.000,9999.000,9999.000,9999.000,9999.000
202605202136,   1.547,9999.000,9999.000,9999.000,9999.000,9999.000,9999.000,9999.000,9999.000
202605202142,   1.545,9999.000,9999.000,9999.000,9999.000,9999.000,9999.000,9999.000,9999.000
202605202148,   1.542,9999.000,9999.000,9999.000,9999.000,9999.000,9999.000,9999.000,9999.000
202605202154,   1.539,9999.000,9999.000,9999.000,9999.000,9999.000,9999.000,9999.000,9999.000
202605202200,   1.535,9999.000,   0.700,   0.029,   2.264,   0.600,   2.164,   0.800,   2.364
202605202206,   1.532,9999.000,9999.000,9999.000,9999.000,9999.000,9999.000,9999.000,9999.000
202605202212,   1.528,9999.000,9999.000,9999.000,9999.000,9999.000,9999.000,9999.000,9999.000
202605202218,   1.524,9999.000,9999.000,9999.000,9999.000,9999.000,9999.000,9999.000,9999.000
202605202224,   1.520,9999.000,9999.000,9999.000,9999.000,9999.000,9999.000,9999.000,9999.000
202605202230,   1.515,9999.000,9999.000,9999.000,9999.000,9999.000,9999.000,9999.000,9999.000
202605202236,   1.510,9999.000,9999.000,9999.000,9999.000,9999.000,9999.000,9999.000,9999.000
202605202242,   1.505,9999.000,9999.000,9999.000,9999.000,9999.000,9999.000,9999.000,9999.000
202605202248,   1.499,9999.000,9999.000,9999.000,9999.000,9999.000,9999.000,9999.000,9999.000
202605202254,   1.493,9999.000,9999.000,9999.000,9999.000,9999.000,9999.000,9999.000,9999.000
202605202300,   1.486,9999.000,   0.700,   0.029,   2.215,   0.600,   2.115,   0.800,   2.315
202605202306,   1.479,9999.000,9999.000,9999.000,9999.000,9999.000,9999.000,9999.000,9999.000
202605202312,   1.471,9999.000,9999.000,9999.000,9999.000,9999.000,9999.000,9999.000,9999.000
202605202318,   1.463,9999.000,9999.000,9999.000,9999.000,9999.000,9999.000,9999.000,9999.000
202605202324,   1.454,9999.000,9999.000,9999.000,9999.000,9999.000,9999.000,9999.000,9999.000
202605202330,   1.445,9999.000,9999.000,9999.000,9999.000,9999.000,9999.000,9999.000,9999.000
202605202336,   1.435,9999.000,9999.000,9999.000,9999.000,9999.000,9999.000,9999.000,9999.000
202605202342,   1.425,9999.000,9999.000,9999.000,9999.000,9999.000,9999.000,9999.000,9999.000
202605202348,   1.414,9999.000,9999.000,9999.000,9999.000,9999.000,9999.000,9999.000,9999.000
202605202354,   1.402,9999.000,9999.000,9999.000,9999.000,9999.000,9999.000,9999.000,9999.000
202605210000,   1.389,9999.000,   0.700,   0.029,   2.118,   0.700,   2.118,   0.800,   2.218
202605210006,   1.376,9999.000,9999.000,9999.000,9999.000,9999.000,9999.000,9999.000,9999.000
202605210012,   1.362,9999.000,9999.000,9999.000,9999.000,9999.000,9999.000,9999.000,9999.000
202605210018,   1.347,9999.000,9999.000,9999.000,9999.000,9999.000,9999.000,9999.000,9999.000
202605210024,   1.332,9999.000,9999.000,9999.000,9999.000,9999.000,9999.000,9999.000,9999.000
202605210030,   1.315,9999.000,9999.000,9999.000,9999.000,9999.000,9999.000,9999.000,9999.000
202605210036,   1.298,9999.000,9999.000,9999.000,9999.000,9999.000,9999.000,9999.000,9999.000
202605210042,   1.280,9999.000,9999.000,9999.000,9999.000,9999.000,9999.000,9999.000,9999.000
202605210048,   1.261,9999.000,9999.000,9999.000,9999.000,9999.000,9999.000,9999.000,9999.000
202605210054,   1.242,9999.000,9999.000,9999.000,9999.000,9999.000,9999.000,9999.000,9999.000
202605210100,   1.221,9999.000,   0.700,   0.029,   1.950,   0.700,   1.950,   0.800,   2.050
202605210106,   1.200,9999.000,9999.000,9999.000,9999.000,9999.000,9999.000,9999.000,9999.000
202605210112,   1.177,9999.000,9999.000,9999.000,9999.000,9999.000,9999.000,9999.000,9999.000
202605210118,   1.154,9999.000,9999.000,9999.000,9999.000,9999.000,9999.000,9999.000,9999.000
202605210124,   1.130,9999.000,9999.000,9999.000,9999.000,9999.000,9999.000,9999.000,9999.000
202605210130,   1.106,9999.000,9999.000,9999.000,9999.000,9999.000,9999.000,9999.000,9999.000
202605210136,   1.080,9999.000,9999.000,9999.000,9999.000,9999.000,9999.000,9999.000,9999.000
202605210142,   1.054,9999.000,9999.000,9999.000,9999.000,9999.000,9999.000,9999.000,9999.000
202605210148,   1.026,9999.000,9999.000,9999.000,9999.000,9999.000,9999.000,9999.000,9999.000
202605210154,   0.999,9999.000,9999.000,9999.000,9999.000,9999.000,9999.000,9999.000,9999.000
202605210200,   0.970,9999.000,   0.800,   0.029,   1.799,   0.700,   1.699,   0.800,   1.799
202605210206,   0.941,9999.000,9999.000,9999.000,9999.000,9999.000,9999.000,9999.000,9999.000
202605210212,   0.911,9999.000,9999.000,9999.000,9999.000,9999.000,9999.000,9999.000,9999.000
202605210218,   0.880,9999.000,9999.000,9999.000,9999.000,9999.000,9999.000,9999.000,9999.000
202605210224,   0.849,9999.000,9999.000,9999.000,9999.000,9999.000,9999.000,9999.000,9999.000
202605210230,   0.817,9999.000,9999.000,9999.000,9999.000,9999.000,9999.000,9999.000,9999.000
202605210236,   0.785,9999.000,9999.000,9999.000,9999.000,9999.000,9999.000,9999.000,9999.000
202605210242,   0.752,9999.000,9999.000,9999.000,9999.000,9999.000,9999.000,9999.000,9999.000
202605210248,   0.719,9999.000,9999.000,9999.000,9999.000,9999.000,9999.000,9999.000,9999.000
202605210254,   0.686,9999.000,9999.000,9999.000,9999.000,9999.000,9999.000,9999.000,9999.000
202605210300,   0.652,9999.000,   0.800,   0.029,   1.481,   0.700,   1.381,   0.800,   1.481
202605210306,   0.618,9999.000,9999.000,9999.000,9999.000,9999.000,9999.000,9999.000,9999.000
202605210312,   0.584,9999.000,9999.000,9999.000,9999.000,9999.000,9999.000,9999.000,9999.000
202605210318,   0.550,9999.000,9999.000,9999.000,9999.000,9999.000,9999.000,9999.000,9999.000
202605210324,   0.516,9999.000,9999.000,9999.000,9999.000,9999.000,9999.000,9999.000,9999.000
202605210330,   0.482,9999.000,9999.000,9999.000,9999.000,9999.000,9999.000,9999.000,9999.000
202605210336,   0.448,9999.000,9999.000,9999.000,9999.000,9999.000,9999.000,9999.000,9999.000
202605210342,   0.414,9999.000,9999.000,9999.000,9999.000,9999.000,9999.000,9999.000,9999.000
202605210348,   0.380,9999.000,9999.000,9999.000,9999.000,9999.000,9999.000,9999.000,9999.000
202605210354,   0.346,9999.000,9999.000,9999.000,9999.000,9999.000,9999.000,9999.000,9999.000
202605210400,   0.313,9999.000,   0.800,   0.029,   1.142,   0.700,   1.042,   0.800,   1.142
202605210406,   0.281,9999.000,9999.000,9999.000,9999.000,9999.000,9999.000,9999.000,9999.000
202605210412,   0.248,9999.000,9999.000,9999.000,9999.000,9999.000,9999.000,9999.000,9999.000
202605210418,   0.217,9999.000,9999.000,9999.000,9999.000,9999.000,9999.000,9999.000,9999.000
202605210424,   0.185,9999.000,9999.000,9999.000,9999.000,9999.000,9999.000,9999.000,9999.000
202605210430,   0.155,9999.000,9999.000,9999.000,9999.000,9999.000,9999.000,9999.000,9999.000
202605210436,   0.125,9999.000,9999.000,9999.000,9999.000,9999.000,9999.000,9999.000,9999.000
202605210442,   0.096,9999.000,9999.000,9999.000,9999.000,9999.000,9999.000,9999.000,9999.000
202605210448,   0.068,9999.000,9999.000,9999.000,9999.000,9999.000,9999.000,9999.000,9999.000
202605210454,   0.040,9999.000,9999.000,9999.000,9999.000,9999.000,9999.000,9999.000,9999.000
202605210500,   0.014,9999.000,   0.800,   0.029,   0.843,   0.700,   0.743,   0.800,   0.843
202605210506,  -0.011,9999.000,9999.000,9999.000,9999.000,9999.000,9999.000,9999.000,9999.000
202605210512,  -0.035,9999.000,9999.000,9999.000,9999.000,9999.000,9999.000,9999.000,9999.000
202605210518,  -0.059,9999.000,9999.000,9999.000,9999.000,9999.000,9999.000,9999.000,9999.000
202605210524,  -0.081,9999.000,9999.000,9999.000,9999.000,9999.000,9999.000,9999.000,9999.000
202605210530,  -0.103,9999.000,9999.000,9999.000,9999.000,9999.000,9999.000,9999.000,9999.000
202605210536,  -0.123,9999.000,9999.000,9999.000,9999.000,9999.000,9999.000,9999.000,9999.000
202605210542,  -0.142,9999.000,9999.000,9999.000,9999.000,9999.000,9999.000,9999.000,9999.000
202605210548,  -0.160,9999.000,9999.000,9999.000,9999.000,9999.000,9999.000,9999.000,9999.000
202605210554,  -0.177,9999.000,9999.000,9999.000,9999.000,9999.000,9999.000,9999.000,9999.000
202605210600,  -0.192,9999.000,   0.700,   0.029,   0.537,   0.700,   0.537,   0.800,   0.637
202605210606,  -0.206,9999.000,9999.000,9999.000,9999.000,9999.000,9999.000,9999.000,9999.000
202605210612,  -0.219,9999.000,9999.000,9999.000,9999.000,9999.000,9999.000,9999.000,9999.000
202605210618,  -0.231,9999.000,9999.000,9999.000,9999.000,9999.000,9999.000,9999.000,9999.000
202605210624,  -0.242,9999.000,9999.000,9999.000,9999.000,9999.000,9999.000,9999.000,9999.000
202605210630,  -0.251,9999.000,9999.000,9999.000,9999.000,9999.000,9999.000,9999.000,9999.000
202605210636,  -0.259,9999.000,9999.000,9999.000,9999.000,9999.000,9999.000,9999.000,9999.000
202605210642,  -0.265,9999.000,9999.000,9999.000,9999.000,9999.000,9999.000,9999.000,9999.000
202605210648,  -0.271,9999.000,9999.000,9999.000,9999.000,9999.000,9999.000,9999.000,9999.000
202605210654,  -0.275,9999.000,9999.000,9999.000,9999.000,9999.000,9999.000,9999.000,9999.000
202605210700,  -0.277,9999.000,   0.700,   0.029,   0.452,   0.700,   0.452,   0.800,   0.552
202605210706,  -0.279,9999.000,9999.000,9999.000,9999.000,9999.000,9999.000,9999.000,9999.000
202605210712,  -0.279,9999.000,9999.000,9999.000,9999.000,9999.000,9999.000,9999.000,9999.000
202605210718,  -0.278,9999.000,9999.000,9999.000,9999.000,9999.000,9999.000,9999.000,9999.000
202605210724,  -0.275,9999.000,9999.000,9999.000,9999.000,9999.000,9999.000,9999.000,9999.000
202605210730,  -0.272,9999.000,9999.000,9999.000,9999.000,9999.000,9999.000,9999.000,9999.000
202605210736,  -0.267,9999.000,9999.000,9999.000,9999.000,9999.000,9999.000,9999.000,9999.000
202605210742,  -0.261,9999.000,9999.000,9999.000,9999.000,9999.000,9999.000,9999.000,9999.000
202605210748,  -0.254,9999.000,9999.000,9999.000,9999.000,9999.000,9999.000,9999.000,9999.000
202605210754,  -0.245,9999.000,9999.000,9999.000,9999.000,9999.000,9999.000,9999.000,9999.000
202605210800,  -0.236,9999.000,   0.700,   0.029,   0.493,   0.700,   0.493,   0.800,   0.593
202605210806,  -0.225,9999.000,9999.000,9999.000,9999.000,9999.000,9999.000,9999.000,9999.000
202605210812,  -0.213,9999.000,9999.000,9999.000,9999.000,9999.000,9999.000,9999.000,9999.000
202605210818,  -0.200,9999.000,9999.000,9999.000,9999.000,9999.000,9999.000,9999.000,9999.000
202605210824,  -0.186,9999.000,9999.000,9999.000,9999.000,9999.000,9999.000,9999.000,9999.000
202605210830,  -0.171,9999.000,9999.000,9999.000,9999.000,9999.000,9999.000,9999.000,9999.000
202605210836,  -0.155,9999.000,9999.000,9999.000,9999.000,9999.000,9999.000,9999.000,9999.000
202605210842,  -0.138,9999.000,9999.000,9999.000,9999.000,9999.000,9999.000,9999.000,9999.000
202605210848,  -0.119,9999.000,9999.000,9999.000,9999.000,9999.000,9999.000,9999.000,9999.000
202605210854,  -0.100,9999.000,9999.000,9999.000,9999.000,9999.000,9999.000,9999.000,9999.000
202605210900,  -0.080,9999.000,   0.700,   0.029,   0.649,   0.700,   0.649,   0.900,   0.849
202605210906,  -0.059,9999.000,9999.000,9999.000,9999.000,9999.000,9999.000,9999.000,9999.000
202605210912,  -0.037,9999.000,9999.000,9999.000,9999.000,9999.000,9999.000,9999.000,9999.000
202605210918,  -0.014,9999.000,9999.000,9999.000,9999.000,9999.000,9999.000,9999.000,9999.000
202605210924,   0.009,9999.000,9999.000,9999.000,9999.000,9999.000,9999.000,9999.000,9999.000
202605210930,   0.034,9999.000,9999.000,9999.000,9999.000,9999.000,9999.000,9999.000,9999.000
202605210936,   0.060,9999.000,9999.000,9999.000,9999.000,9999.000,9999.000,9999.000,9999.000
202605210942,   0.086,9999.000,9999.000,9999.000,9999.000,9999.000,9999.000,9999.000,9999.000
202605210948,   0.113,9999.000,9999.000,9999.000,9999.000,9999.000,9999.000,9999.000,9999.000
202605210954,   0.141,9999.000,9999.000,9999.000,9999.000,9999.000,9999.000,9999.000,9999.000
202605211000,   0.170,9999.000,   0.800,   0.029,   0.999,   0.700,   0.899,   0.900,   1.099
202605211006,   0.199,9999.000,9999.000,9999.000,9999.000,9999.000,9999.000,9999.000,9999.000
202605211012,   0.229,9999.000,9999.000,9999.000,9999.000,9999.000,9999.000,9999.000,9999.000
202605211018,   0.259,9999.000,9999.000,9999.000,9999.000,9999.000,9999.000,9999.000,9999.000
202605211024,   0.290,9999.000,9999.000,9999.000,9999.000,9999.000,9999.000,9999.000,9999.000
202605211030,   0.322,9999.000,9999.000,9999.000,9999.000,9999.000,9999.000,9999.000,9999.000
202605211036,   0.354,9999.000,9999.000,9999.000,9999.000,9999.000,9999.000,9999.000,9999.000
202605211042,   0.387,9999.000,9999.000,9999.000,9999.000,9999.000,9999.000,9999.000,9999.000
202605211048,   0.420,9999.000,9999.000,9999.000,9999.000,9999.000,9999.000,9999.000,9999.000
202605211054,   0.453,9999.000,9999.000,9999.000,9999.000,9999.000,9999.000,9999.000,9999.000
202605211100,   0.487,9999.000,   0.800,   0.029,   1.316,   0.700,   1.216,   0.900,   1.416
202605211106,   0.521,9999.000,9999.000,9999.000,9999.000,9999.000,9999.000,9999.000,9999.000
202605211112,   0.555,9999.000,9999.000,9999.000,9999.000,9999.000,9999.000,9999.000,9999.000
202605211118,   0.590,9999.000,9999.000,9999.000,9999.000,9999.000,9999.000,9999.000,9999.000
202605211124,   0.624,9999.000,9999.000,9999.000,9999.000,9999.000,9999.000,9999.000,9999.000
202605211130,   0.659,9999.000,9999.000,9999.000,9999.000,9999.000,9999.000,9999.000,9999.000
202605211136,   0.693,9999.000,9999.000,9999.000,9999.000,9999.000,9999.000,9999.000,9999.000
202605211142,   0.728,9999.000,9999.000,9999.000,9999.000,9999.000,9999.000,9999.000,9999.000
202605211148,   0.762,9999.000,9999.000,9999.000,9999.000,9999.000,9999.000,9999.000,9999.000
202605211154,   0.797,9999.000,9999.000,9999.000,9999.000,9999.000,9999.000,9999.000,9999.000
202605211200,   0.831,9999.000,   0.800,   0.029,   1.660,   0.700,   1.560,   0.900,   1.760
202605211206,   0.865,9999.000,9999.000,9999.000,9999.000,9999.000,9999.000,9999.000,9999.000
202605211212,   0.899,9999.000,9999.000,9999.000,9999.000,9999.000,9999.000,9999.000,9999.000
202605211218,   0.932,9999.000,9999.000,9999.000,9999.000,9999.000,9999.000,9999.000,9999.000
202605211224,   0.965,9999.000,9999.000,9999.000,9999.000,9999.000,9999.000,9999.000,9999.000
202605211230,   0.998,9999.000,9999.000,9999.000,9999.000,9999.000,9999.000,9999.000,9999.000
202605211236,   1.030,9999.000,9999.000,9999.000,9999.000,9999.000,9999.000,9999.000,9999.000
202605211242,   1.061,9999.000,9999.000,9999.000,9999.000,9999.000,9999.000,9999.000,9999.000
202605211248,   1.092,9999.000,9999.000,9999.000,9999.000,9999.000,9999.000,9999.000,9999.000
202605211254,   1.122,9999.000,9999.000,9999.000,9999.000,9999.000,9999.000,9999.000,9999.000
202605211300,   1.152,9999.000,   0.800,   0.029,   1.981,   0.700,   1.881,   0.900,   2.081
202605211306,   1.181,9999.000,9999.000,9999.000,9999.000,9999.000,9999.000,9999.000,9999.000
202605211312,   1.209,9999.000,9999.000,9999.000,9999.000,9999.000,9999.000,9999.000,9999.000
202605211318,   1.236,9999.000,9999.000,9999.000,9999.000,9999.000,9999.000,9999.000,9999.000
202605211324,   1.262,9999.000,9999.000,9999.000,9999.000,9999.000,9999.000,9999.000,9999.000
202605211330,   1.288,9999.000,9999.000,9999.000,9999.000,9999.000,9999.000,9999.000,9999.000
202605211336,   1.312,9999.000,9999.000,9999.000,9999.000,9999.000,9999.000,9999.000,9999.000
202605211342,   1.336,9999.000,9999.000,9999.000,9999.000,9999.000,9999.000,9999.000,9999.000
202605211348,   1.359,9999.000,9999.000,9999.000,9999.000,9999.000,9999.000,9999.000,9999.000
202605211354,   1.380,9999.000,9999.000,9999.000,9999.000,9999.000,9999.000,9999.000,9999.000
202605211400,   1.401,9999.000,   0.800,   0.029,   2.230,   0.700,   2.130,   0.800,   2.230
202605211406,   1.421,9999.000,9999.000,9999.000,9999.000,9999.000,9999.000,9999.000,9999.000
202605211412,   1.439,9999.000,9999.000,9999.000,9999.000,9999.000,9999.000,9999.000,9999.000
202605211418,   1.457,9999.000,9999.000,9999.000,9999.000,9999.000,9999.000,9999.000,9999.000
202605211424,   1.474,9999.000,9999.000,9999.000,9999.000,9999.000,9999.000,9999.000,9999.000
202605211430,   1.489,9999.000,9999.000,9999.000,9999.000,9999.000,9999.000,9999.000,9999.000
202605211436,   1.503,9999.000,9999.000,9999.000,9999.000,9999.000,9999.000,9999.000,9999.000
202605211442,   1.517,9999.000,9999.000,9999.000,9999.000,9999.000,9999.000,9999.000,9999.000
202605211448,   1.529,9999.000,9999.000,9999.000,9999.000,9999.000,9999.000,9999.000,9999.000
202605211454,   1.541,9999.000,9999.000,9999.000,9999.000,9999.000,9999.000,9999.000,9999.000
202605211500,   1.551,9999.000,   0.700,   0.029,   2.280,   0.700,   2.280,   0.800,   2.380
202605211506,   1.560,9999.000,9999.000,9999.000,9999.000,9999.000,9999.000,9999.000,9999.000
202605211512,   1.569,9999.000,9999.000,9999.000,9999.000,9999.000,9999.000,9999.000,9999.000
202605211518,   1.576,9999.000,9999.000,9999.000,9999.000,9999.000,9999.000,9999.000,9999.000
202605211524,   1.583,9999.000,9999.000,9999.000,9999.000,9999.000,9999.000,9999.000,9999.000
202605211530,   1.588,9999.000,9999.000,9999.000,9999.000,9999.000,9999.000,9999.000,9999.000
202605211536,   1.593,9999.000,9999.000,9999.000,9999.000,9999.000,9999.000,9999.000,9999.000
202605211542,   1.597,9999.000,9999.000,9999.000,9999.000,9999.000,9999.000,9999.000,9999.000
202605211548,   1.600,9999.000,9999.000,9999.000,9999.000,9999.000,9999.000,9999.000,9999.000
202605211554,   1.603,9999.000,9999.000,9999.000,9999.000,9999.000,9999.000,9999.000,9999.000
202605211600,   1.605,9999.000,   0.700,   0.029,   2.334,   0.700,   2.334,   0.800,   2.434
202605211606,   1.606,9999.000,9999.000,9999.000,9999.000,9999.000,9999.000,9999.000,9999.000
202605211612,   1.606,9999.000,9999.000,9999.000,9999.000,9999.000,9999.000,9999.000,9999.000
202605211618,   1.606,9999.000,9999.000,9999.000,9999.000,9999.000,9999.000,9999.000,9999.000
202605211624,   1.605,9999.000,9999.000,9999.000,9999.000,9999.000,9999.000,9999.000,9999.000
202605211630,   1.604,9999.000,9999.000,9999.000,9999.000,9999.000,9999.000,9999.000,9999.000
202605211636,   1.602,9999.000,9999.000,9999.000,9999.000,9999.000,9999.000,9999.000,9999.000
202605211642,   1.600,9999.000,9999.000,9999.000,9999.000,9999.000,9999.000,9999.000,9999.000
202605211648,   1.598,9999.000,9999.000,9999.000,9999.000,9999.000,9999.000,9999.000,9999.000
202605211654,   1.595,9999.000,9999.000,9999.000,9999.000,9999.000,9999.000,9999.000,9999.000
202605211700,   1.592,9999.000,   0.700,   0.029,   2.321,   0.600,   2.221,   0.800,   2.421
202605211706,   1.588,9999.000,9999.000,9999.000,9999.000,9999.000,9999.000,9999.000,9999.000
202605211712,   1.584,9999.000,9999.000,9999.000,9999.000,9999.000,9999.000,9999.000,9999.000
202605211718,   1.580,9999.000,9999.000,9999.000,9999.000,9999.000,9999.000,9999.000,9999.000
202605211724,   1.576,9999.000,9999.000,9999.000,9999.000,9999.000,9999.000,9999.000,9999.000
202605211730,   1.572,9999.000,9999.000,9999.000,9999.000,9999.000,9999.000,9999.000,9999.000
202605211736,   1.568,9999.000,9999.000,9999.000,9999.000,9999.000,9999.000,9999.000,9999.000
202605211742,   1.563,9999.000,9999.000,9999.000,9999.000,9999.000,9999.000,9999.000,9999.000
202605211748,   1.558,9999.000,9999.000,9999.000,9999.000,9999.000,9999.000,9999.000,9999.000
202605211754,   1.554,9999.000,9999.000,9999.000,9999.000,9999.000,9999.000,9999.000,9999.000
202605211800,   1.549,9999.000,   0.700,   0.029,   2.278,   0.600,   2.178,   0.800,   2.378
202605211806,   1.544,9999.000,9999.000,9999.000,9999.000,9999.000,9999.000,9999.000,9999.000
202605211812,   1.540,9999.000,9999.000,9999.000,9999.000,9999.000,9999.000,9999.000,9999.000
202605211818,   1.535,9999.000,9999.000,9999.000,9999.000,9999.000,9999.000,9999.000,9999.000
202605211824,   1.531,9999.000,9999.000,9999.000,9999.000,9999.000,9999.000,9999.000,9999.000
202605211830,   1.526,9999.000,9999.000,9999.000,9999.000,9999.000,9999.000,9999.000,9999.000
202605211836,   1.522,9999.000,9999.000,9999.000,9999.000,9999.000,9999.000,9999.000,9999.000
202605211842,   1.517,9999.000,9999.000,9999.000,9999.000,9999.000,9999.000,9999.000,9999.000
202605211848,   1.513,9999.000,9999.000,9999.000,9999.000,9999.000,9999.000,9999.000,9999.000
202605211854,   1.509,9999.000,9999.000,9999.000,9999.000,9999.000,9999.000,9999.000,9999.000
202605211900,   1.504,9999.000,   0.700,   0.029,   2.233,   0.600,   2.133,   0.800,   2.333
202605211906,   1.500,9999.000,9999.000,9999.000,9999.000,9999.000,9999.000,9999.000,9999.000
202605211912,   1.496,9999.000,9999.000,9999.000,9999.000,9999.000,9999.000,9999.000,9999.000
202605211918,   1.493,9999.000,9999.000,9999.000,9999.000,9999.000,9999.000,9999.000,9999.000
202605211924,   1.489,9999.000,9999.000,9999.000,9999.000,9999.000,9999.000,9999.000,9999.000
202605211930,   1.485,9999.000,9999.000,9999.000,9999.000,9999.000,9999.000,9999.000,9999.000
202605211936,   1.481,9999.000,9999.000,9999.000,9999.000,9999.000,9999.000,9999.000,9999.000
202605211942,   1.478,9999.000,9999.000,9999.000,9999.000,9999.000,9999.000,9999.000,9999.000
202605211948,   1.474,9999.000,9999.000,9999.000,9999.000,9999.000,9999.000,9999.000,9999.000
202605211954,   1.471,9999.000,9999.000,9999.000,9999.000,9999.000,9999.000,9999.000,9999.000
202605212000,   1.468,9999.000,   0.700,   0.029,   2.197,   0.600,   2.097,   0.800,   2.297
202605212006,   1.465,9999.000,9999.000,9999.000,9999.000,9999.000,9999.000,9999.000,9999.000
202605212012,   1.461,9999.000,9999.000,9999.000,9999.000,9999.000,9999.000,9999.000,9999.000
202605212018,   1.458,9999.000,9999.000,9999.000,9999.000,9999.000,9999.000,9999.000,9999.000
202605212024,   1.455,9999.000,9999.000,9999.000,9999.000,9999.000,9999.000,9999.000,9999.000
202605212030,   1.452,9999.000,9999.000,9999.000,9999.000,9999.000,9999.000,9999.000,9999.000
202605212036,   1.449,9999.000,9999.000,9999.000,9999.000,9999.000,9999.000,9999.000,9999.000
202605212042,   1.446,9999.000,9999.000,9999.000,9999.000,9999.000,9999.000,9999.000,9999.000
202605212048,   1.444,9999.000,9999.000,9999.000,9999.000,9999.000,9999.000,9999.000,9999.000
202605212054,   1.441,9999.000,9999.000,9999.000,9999.000,9999.000,9999.000,9999.000,9999.000
202605212100,   1.438,9999.000,   0.700,   0.029,   2.167,   0.600,   2.067,   0.800,   2.267
202605212106,   1.435,9999.000,9999.000,9999.000,9999.000,9999.000,9999.000,9999.000,9999.000
202605212112,   1.433,9999.000,9999.000,9999.000,9999.000,9999.000,9999.000,9999.000,9999.000
202605212118,   1.430,9999.000,9999.000,9999.000,9999.000,9999.000,9999.000,9999.000,9999.000
202605212124,   1.427,9999.000,9999.000,9999.000,9999.000,9999.000,9999.000,9999.000,9999.000
202605212130,   1.425,9999.000,9999.000,9999.000,9999.000,9999.000,9999.000,9999.000,9999.000
202605212136,   1.422,9999.000,9999.000,9999.000,9999.000,9999.000,9999.000,9999.000,9999.000
202605212142,   1.420,9999.000,9999.000,9999.000,9999.000,9999.000,9999.000,9999.000,9999.000
202605212148,   1.417,9999.000,9999.000,9999.000,9999.000,9999.000,9999.000,9999.000,9999.000
202605212154,   1.415,9999.000,9999.000,9999.000,9999.000,9999.000,9999.000,9999.000,9999.000
202605212200,   1.412,9999.000,   0.700,   0.029,   2.141,   0.600,   2.041,   0.800,   2.241
202605212206,   1.410,9999.000,9999.000,9999.000,9999.000,9999.000,9999.000,9999.000,9999.000
202605212212,   1.407,9999.000,9999.000,9999.000,9999.000,9999.000,9999.000,9999.000,9999.000
202605212218,   1.405,9999.000,9999.000,9999.000,9999.000,9999.000,9999.000,9999.000,9999.000
202605212224,   1.402,9999.000,9999.000,9999.000,9999.000,9999.000,9999.000,9999.000,9999.000
202605212230,   1.400,9999.000,9999.000,9999.000,9999.000,9999.000,9999.000,9999.000,9999.000
202605212236,   1.397,9999.000,9999.000,9999.000,9999.000,9999.000,9999.000,9999.000,9999.000
202605212242,   1.395,9999.000,9999.000,9999.000,9999.000,9999.000,9999.000,9999.000,9999.000
202605212248,   1.392,9999.000,9999.000,9999.000,9999.000,9999.000,9999.000,9999.000,9999.000
202605212254,   1.389,9999.000,9999.000,9999.000,9999.000,9999.000,9999.000,9999.000,9999.000
202605212300,   1.387,9999.000,   0.800,   0.029,   2.216,   0.600,   2.016,   0.900,   2.316
202605212306,   1.384,9999.000,9999.000,9999.000,9999.000,9999.000,9999.000,9999.000,9999.000
202605212312,   1.381,9999.000,9999.000,9999.000,9999.000,9999.000,9999.000,9999.000,9999.000
202605212318,   1.378,9999.000,9999.000,9999.000,9999.000,9999.000,9999.000,9999.000,9999.000
202605212324,   1.375,9999.000,9999.000,9999.000,9999.000,9999.000,9999.000,9999.000,9999.000
202605212330,   1.371,9999.000,9999.000,9999.000,9999.000,9999.000,9999.000,9999.000,9999.000
202605212336,   1.368,9999.000,9999.000,9999.000,9999.000,9999.000,9999.000,9999.000,9999.000
202605212342,   1.364,9999.000,9999.000,9999.000,9999.000,9999.000,9999.000,9999.000,9999.000
202605212348,   1.360,9999.000,9999.000,9999.000,9999.000,9999.000,9999.000,9999.000,9999.000
202605212354,   1.356,9999.000,9999.000,9999.000,9999.000,9999.000,9999.000,9999.000,9999.000
202605220000,   1.352,9999.000,   0.800,   0.029,   2.181,   0.700,   2.081,   0.900,   2.281
202605220006,   1.347,9999.000,9999.000,9999.000,9999.000,9999.000,9999.000,9999.000,9999.000
202605220012,   1.342,9999.000,9999.000,9999.000,9999.000,9999.000,9999.000,9999.000,9999.000
202605220018,   1.337,9999.000,9999.000,9999.000,9999.000,9999.000,9999.000,9999.000,9999.000
202605220024,   1.331,9999.000,9999.000,9999.000,9999.000,9999.000,9999.000,9999.000,9999.000
202605220030,   1.325,9999.000,9999.000,9999.000,9999.000,9999.000,9999.000,9999.000,9999.000
202605220036,   1.318,9999.000,9999.000,9999.000,9999.000,9999.000,9999.000,9999.000,9999.000
202605220042,   1.311,9999.000,9999.000,9999.000,9999.000,9999.000,9999.000,9999.000,9999.000
202605220048,   1.304,9999.000,9999.000,9999.000,9999.000,9999.000,9999.000,9999.000,9999.000
202605220054,   1.296,9999.000,9999.000,9999.000,9999.000,9999.000,9999.000,9999.000,9999.000
202605220100,   1.287,9999.000,   0.800,   0.029,   2.116,   0.700,   2.016,   0.900,   2.216
202605220106,   1.278,9999.000,9999.000,9999.000,9999.000,9999.000,9999.000,9999.000,9999.000
202605220112,   1.269,9999.000,9999.000,9999.000,9999.000,9999.000,9999.000,9999.000,9999.000
202605220118,   1.258,9999.000,9999.000,9999.000,9999.000,9999.000,9999.000,9999.000,9999.000
202605220124,   1.248,9999.000,9999.000,9999.000,9999.000,9999.000,9999.000,9999.000,9999.000
202605220130,   1.236,9999.000,9999.000,9999.000,9999.000,9999.000,9999.000,9999.000,9999.000
202605220136,   1.224,9999.000,9999.000,9999.000,9999.000,9999.000,9999.000,9999.000,9999.000
202605220142,   1.211,9999.000,9999.000,9999.000,9999.000,9999.000,9999.000,9999.000,9999.000
202605220148,   1.198,9999.000,9999.000,9999.000,9999.000,9999.000,9999.000,9999.000,9999.000
202605220154,   1.183,9999.000,9999.000,9999.000,9999.000,9999.000,9999.000,9999.000,9999.000
202605220200,   1.168,9999.000,   0.800,   0.029,   1.997,   0.700,   1.897,   0.900,   2.097
202605220206,   1.153,9999.000,9999.000,9999.000,9999.000,9999.000,9999.000,9999.000,9999.000
202605220212,   1.137,9999.000,9999.000,9999.000,9999.000,9999.000,9999.000,9999.000,9999.000
202605220218,   1.120,9999.000,9999.000,9999.000,9999.000,9999.000,9999.000,9999.000,9999.000
202605220224,   1.102,9999.000,9999.000,9999.000,9999.000,9999.000,9999.000,9999.000,9999.000
202605220230,   1.083,9999.000,9999.000,9999.000,9999.000,9999.000,9999.000,9999.000,9999.000
202605220236,   1.064,9999.000,9999.000,9999.000,9999.000,9999.000,9999.000,9999.000,9999.000
202605220242,   1.044,9999.000,9999.000,9999.000,9999.000,9999.000,9999.000,9999.000,9999.000
202605220248,   1.024,9999.000,9999.000,9999.000,9999.000,9999.000,9999.000,9999.000,9999.000
202605220254,   1.003,9999.000,9999.000,9999.000,9999.000,9999.000,9999.000,9999.000,9999.000
202605220300,   0.981,9999.000,   0.800,   0.029,   1.810,   0.700,   1.710,   0.900,   1.910
202605220306,   0.958,9999.000,9999.000,9999.000,9999.000,9999.000,9999.000,9999.000,9999.000
202605220312,   0.935,9999.000,9999.000,9999.000,9999.000,9999.000,9999.000,9999.000,9999.000
202605220318,   0.912,9999.000,9999.000,9999.000,9999.000,9999.000,9999.000,9999.000,9999.000
202605220324,   0.888,9999.000,9999.000,9999.000,9999.000,9999.000,9999.000,9999.000,9999.000
202605220330,   0.863,9999.000,9999.000,9999.000,9999.000,9999.000,9999.000,9999.000,9999.000
202605220336,   0.838,9999.000,9999.000,9999.000,9999.000,9999.000,9999.000,9999.000,9999.000
202605220342,   0.813,9999.000,9999.000,9999.000,9999.000,9999.000,9999.000,9999.000,9999.000
202605220348,   0.787,9999.000,9999.000,9999.000,9999.000,9999.000,9999.000,9999.000,9999.000
202605220354,   0.761,9999.000,9999.000,9999.000,9999.000,9999.000,9999.000,9999.000,9999.000
202605220400,   0.735,9999.000,   0.800,   0.029,   1.564,   0.700,   1.464,   0.800,   1.564
202605220406,   0.708,9999.000,9999.000,9999.000,9999.000,9999.000,9999.000,9999.000,9999.000
202605220412,   0.681,9999.000,9999.000,9999.000,9999.000,9999.000,9999.000,9999.000,9999.000
202605220418,   0.654,9999.000,9999.000,9999.000,9999.000,9999.000,9999.000,9999.000,9999.000
202605220424,   0.627,9999.000,9999.000,9999.000,9999.000,9999.000,9999.000,9999.000,9999.000
202605220430,   0.600,9999.000,9999.000,9999.000,9999.000,9999.000,9999.000,9999.000,9999.000
202605220436,   0.573,9999.000,9999.000,9999.000,9999.000,9999.000,9999.000,9999.000,9999.000
202605220442,   0.546,9999.000,9999.000,9999.000,9999.000,9999.000,9999.000,9999.000,9999.000
202605220448,   0.520,9999.000,9999.000,9999.000,9999.000,9999.000,9999.000,9999.000,9999.000
202605220454,   0.493,9999.000,9999.000,9999.000,9999.000,9999.000,9999.000,9999.000,9999.000
202605220500,   0.467,9999.000,   0.700,   0.029,   1.196,   0.700,   1.196,   0.800,   1.296
202605220506,   0.441,9999.000,9999.000,9999.000,9999.000,9999.000,9999.000,9999.000,9999.000
202605220512,   0.415,9999.000,9999.000,9999.000,9999.000,9999.000,9999.000,9999.000,9999.000
202605220518,   0.389,9999.000,9999.000,9999.000,9999.000,9999.000,9999.000,9999.000,9999.000
202605220524,   0.365,9999.000,9999.000,9999.000,9999.000,9999.000,9999.000,9999.000,9999.000
202605220530,   0.340,9999.000,9999.000,9999.000,9999.000,9999.000,9999.000,9999.000,9999.000
202605220536,   0.316,9999.000,9999.000,9999.000,9999.000,9999.000,9999.000,9999.000,9999.000
202605220542,   0.293,9999.000,9999.000,9999.000,9999.000,9999.000,9999.000,9999.000,9999.000
202605220548,   0.270,9999.000,9999.000,9999.000,9999.000,9999.000,9999.000,9999.000,9999.000
202605220554,   0.248,9999.000,9999.000,9999.000,9999.000,9999.000,9999.000,9999.000,9999.000
202605220600,   0.227,9999.000,   0.700,   0.029,   0.956,   0.600,   0.856,   0.800,   1.056
202605220606,   0.206,9999.000,9999.000,9999.000,9999.000,9999.000,9999.000,9999.000,9999.000
202605220612,   0.186,9999.000,9999.000,9999.000,9999.000,9999.000,9999.000,9999.000,9999.000
202605220618,   0.167,9999.000,9999.000,9999.000,9999.000,9999.000,9999.000,9999.000,9999.000
202605220624,   0.148,9999.000,9999.000,9999.000,9999.000,9999.000,9999.000,9999.000,9999.000
202605220630,   0.131,9999.000,9999.000,9999.000,9999.000,9999.000,9999.000,9999.000,9999.000
202605220636,   0.114,9999.000,9999.000,9999.000,9999.000,9999.000,9999.000,9999.000,9999.000
202605220642,   0.098,9999.000,9999.000,9999.000,9999.000,9999.000,9999.000,9999.000,9999.000
202605220648,   0.084,9999.000,9999.000,9999.000,9999.000,9999.000,9999.000,9999.000,9999.000
202605220654,   0.070,9999.000,9999.000,9999.000,9999.000,9999.000,9999.000,9999.000,9999.000
202605220700,   0.057,9999.000,   0.700,   0.029,   0.786,   0.600,   0.686,   0.800,   0.886
202605220706,   0.044,9999.000,9999.000,9999.000,9999.000,9999.000,9999.000,9999.000,9999.000
202605220712,   0.033,9999.000,9999.000,9999.000,9999.000,9999.000,9999.000,9999.000,9999.000
202605220718,   0.023,9999.000,9999.000,9999.000,9999.000,9999.000,9999.000,9999.000,9999.000
202605220724,   0.014,9999.000,9999.000,9999.000,9999.000,9999.000,9999.000,9999.000,9999.000
202605220730,   0.006,9999.000,9999.000,9999.000,9999.000,9999.000,9999.000,9999.000,9999.000
202605220736,  -0.001,9999.000,9999.000,9999.000,9999.000,9999.000,9999.000,9999.000,9999.000
202605220742,  -0.007,9999.000,9999.000,9999.000,9999.000,9999.000,9999.000,9999.000,9999.000
202605220748,  -0.012,9999.000,9999.000,9999.000,9999.000,9999.000,9999.000,9999.000,9999.000
202605220754,  -0.016,9999.000,9999.000,9999.000,9999.000,9999.000,9999.000,9999.000,9999.000
202605220800,  -0.020,9999.000,   0.700,   0.029,   0.709,   0.600,   0.609,   0.800,   0.809
202605220806,  -0.022,9999.000,9999.000,9999.000,9999.000,9999.000,9999.000,9999.000,9999.000
202605220812,  -0.023,9999.000,9999.000,9999.000,9999.000,9999.000,9999.000,9999.000,9999.000
202605220818,  -0.024,9999.000,9999.000,9999.000,9999.000,9999.000,9999.000,9999.000,9999.000
202605220824,  -0.023,9999.000,9999.000,9999.000,9999.000,9999.000,9999.000,9999.000,9999.000
202605220830,  -0.022,9999.000,9999.000,9999.000,9999.000,9999.000,9999.000,9999.000,9999.000
202605220836,  -0.019,9999.000,9999.000,9999.000,9999.000,9999.000,9999.000,9999.000,9999.000
202605220842,  -0.016,9999.000,9999.000,9999.000,9999.000,9999.000,9999.000,9999.000,9999.000
202605220848,  -0.011,9999.000,9999.000,9999.000,9999.000,9999.000,9999.000,9999.000,9999.000
202605220854,  -0.006,9999.000,9999.000,9999.000,9999.000,9999.000,9999.000,9999.000,9999.000
202605220900,   0.000,9999.000,   0.700,   0.029,   0.729,   0.600,   0.629,   0.800,   0.829
202605220906,   0.006,9999.000,9999.000,9999.000,9999.000,9999.000,9999.000,9999.000,9999.000
202605220912,   0.014,9999.000,9999.000,9999.000,9999.000,9999.000,9999.000,9999.000,9999.000
202605220918,   0.023,9999.000,9999.000,9999.000,9999.000,9999.000,9999.000,9999.000,9999.000
202605220924,   0.033,9999.000,9999.000,9999.000,9999.000,9999.000,9999.000,9999.000,9999.000
202605220930,   0.044,9999.000,9999.000,9999.000,9999.000,9999.000,9999.000,9999.000,9999.000
202605220936,   0.056,9999.000,9999.000,9999.000,9999.000,9999.000,9999.000,9999.000,9999.000
202605220942,   0.068,9999.000,9999.000,9999.000,9999.000,9999.000,9999.000,9999.000,9999.000
202605220948,   0.081,9999.000,9999.000,9999.000,9999.000,9999.000,9999.000,9999.000,9999.000
202605220954,   0.096,9999.000,9999.000,9999.000,9999.000,9999.000,9999.000,9999.000,9999.000
202605221000,   0.111,9999.000,   0.700,   0.029,   0.840,   0.600,   0.740,   0.800,   0.940
202605221006,   0.127,9999.000,9999.000,9999.000,9999.000,9999.000,9999.000,9999.000,9999.000
202605221012,   0.143,9999.000,9999.000,9999.000,9999.000,9999.000,9999.000,9999.000,9999.000
202605221018,   0.161,9999.000,9999.000,9999.000,9999.000,9999.000,9999.000,9999.000,9999.000
202605221024,   0.179,9999.000,9999.000,9999.000,9999.000,9999.000,9999.000,9999.000,9999.000
202605221030,   0.198,9999.000,9999.000,9999.000,9999.000,9999.000,9999.000,9999.000,9999.000
202605221036,   0.218,9999.000,9999.000,9999.000,9999.000,9999.000,9999.000,9999.000,9999.000
202605221042,   0.238,9999.000,9999.000,9999.000,9999.000,9999.000,9999.000,9999.000,9999.000
202605221048,   0.259,9999.000,9999.000,9999.000,9999.000,9999.000,9999.000,9999.000,9999.000
202605221054,   0.281,9999.000,9999.000,9999.000,9999.000,9999.000,9999.000,9999.000,9999.000
202605221100,   0.304,9999.000,   0.700,   0.029,   1.033,   0.600,   0.933,   0.900,   1.233
202605221106,   0.327,9999.000,9999.000,9999.000,9999.000,9999.000,9999.000,9999.000,9999.000
202605221112,   0.351,9999.000,9999.000,9999.000,9999.000,9999.000,9999.000,9999.000,9999.000
202605221118,   0.375,9999.000,9999.000,9999.000,9999.000,9999.000,9999.000,9999.000,9999.000
202605221124,   0.400,9999.000,9999.000,9999.000,9999.000,9999.000,9999.000,9999.000,9999.000
202605221130,   0.426,9999.000,9999.000,9999.000,9999.000,9999.000,9999.000,9999.000,9999.000
202605221136,   0.452,9999.000,9999.000,9999.000,9999.000,9999.000,9999.000,9999.000,9999.000
202605221142,   0.478,9999.000,9999.000,9999.000,9999.000,9999.000,9999.000,9999.000,9999.000
202605221148,   0.505,9999.000,9999.000,9999.000,9999.000,9999.000,9999.000,9999.000,9999.000
202605221154,   0.533,9999.000,9999.000,9999.000,9999.000,9999.000,9999.000,9999.000,9999.000
202605221200,   0.560,9999.000,   0.800,   0.029,   1.389,   0.700,   1.289,   0.900,   1.489
202605221206,   0.588,9999.000,9999.000,9999.000,9999.000,9999.000,9999.000,9999.000,9999.000
202605221212,   0.617,9999.000,9999.000,9999.000,9999.000,9999.000,9999.000,9999.000,9999.000
202605221218,   0.645,9999.000,9999.000,9999.000,9999.000,9999.000,9999.000,9999.000,9999.000
202605221224,   0.674,9999.000,9999.000,9999.000,9999.000,9999.000,9999.000,9999.000,9999.000
202605221230,   0.703,9999.000,9999.000,9999.000,9999.000,9999.000,9999.000,9999.000,9999.000
202605221236,   0.732,9999.000,9999.000,9999.000,9999.000,9999.000,9999.000,9999.000,9999.000
202605221242,   0.761,9999.000,9999.000,9999.000,9999.000,9999.000,9999.000,9999.000,9999.000
202605221248,   0.790,9999.000,9999.000,9999.000,9999.000,9999.000,9999.000,9999.000,9999.000
202605221254,   0.819,9999.000,9999.000,9999.000,9999.000,9999.000,9999.000,9999.000,9999.000
202605221300,   0.848,9999.000,   0.800,   0.029,   1.677,   0.700,   1.577,   0.900,   1.777
202605221306,   0.876,9999.000,9999.000,9999.000,9999.000,9999.000,9999.000,9999.000,9999.000
202605221312,   0.905,9999.000,9999.000,9999.000,9999.000,9999.000,9999.000,9999.000,9999.000
202605221318,   0.933,9999.000,9999.000,9999.000,9999.000,9999.000,9999.000,9999.000,9999.000
202605221324,   0.961,9999.000,9999.000,9999.000,9999.000,9999.000,9999.000,9999.000,9999.000
202605221330,   0.989,9999.000,9999.000,9999.000,9999.000,9999.000,9999.000,9999.000,9999.000
202605221336,   1.016,9999.000,9999.000,9999.000,9999.000,9999.000,9999.000,9999.000,9999.000
202605221342,   1.043,9999.000,9999.000,9999.000,9999.000,9999.000,9999.000,9999.000,9999.000
202605221348,   1.069,9999.000,9999.000,9999.000,9999.000,9999.000,9999.000,9999.000,9999.000
202605221354,   1.095,9999.000,9999.000,9999.000,9999.000,9999.000,9999.000,9999.000,9999.000
202605221400,   1.120,9999.000,   0.800,   0.029,   1.949,   0.700,   1.849,   0.900,   2.049
202605221406,   1.144,9999.000,9999.000,9999.000,9999.000,9999.000,9999.000,9999.000,9999.000
202605221412,   1.168,9999.000,9999.000,9999.000,9999.000,9999.000,9999.000,9999.000,9999.000
202605221418,   1.191,9999.000,9999.000,9999.000,9999.000,9999.000,9999.000,9999.000,9999.000
202605221424,   1.214,9999.000,9999.000,9999.000,9999.000,9999.000,9999.000,9999.000,9999.000
202605221430,   1.235,9999.000,9999.000,9999.000,9999.000,9999.000,9999.000,9999.000,9999.000
202605221436,   1.256,9999.000,9999.000,9999.000,9999.000,9999.000,9999.000,9999.000,9999.000
202605221442,   1.276,9999.000,9999.000,9999.000,9999.000,9999.000,9999.000,9999.000,9999.000
202605221448,   1.295,9999.000,9999.000,9999.000,9999.000,9999.000,9999.000,9999.000,9999.000
202605221454,   1.313,9999.000,9999.000,9999.000,9999.000,9999.000,9999.000,9999.000,9999.000
202605221500,   1.331,9999.000,   0.700,   0.029,   2.060,   0.600,   1.960,   0.900,   2.260
202605221506,   1.347,9999.000,9999.000,9999.000,9999.000,9999.000,9999.000,9999.000,9999.000
202605221512,   1.362,9999.000,9999.000,9999.000,9999.000,9999.000,9999.000,9999.000,9999.000
202605221518,   1.377,9999.000,9999.000,9999.000,9999.000,9999.000,9999.000,9999.000,9999.000
202605221524,   1.391,9999.000,9999.000,9999.000,9999.000,9999.000,9999.000,9999.000,9999.000
202605221530,   1.403,9999.000,9999.000,9999.000,9999.000,9999.000,9999.000,9999.000,9999.000
202605221536,   1.415,9999.000,9999.000,9999.000,9999.000,9999.000,9999.000,9999.000,9999.000
202605221542,   1.426,9999.000,9999.000,9999.000,9999.000,9999.000,9999.000,9999.000,9999.000
202605221548,   1.436,9999.000,9999.000,9999.000,9999.000,9999.000,9999.000,9999.000,9999.000
202605221554,   1.445,9999.000,9999.000,9999.000,9999.000,9999.000,9999.000,9999.000,9999.000
202605221600,   1.453,9999.000,   0.700,   0.029,   2.182,   0.600,   2.082,   0.800,   2.282
202605221606,   1.460,9999.000,9999.000,9999.000,9999.000,9999.000,9999.000,9999.000,9999.000
202605221612,   1.466,9999.000,9999.000,9999.000,9999.000,9999.000,9999.000,9999.000,9999.000
202605221618,   1.472,9999.000,9999.000,9999.000,9999.000,9999.000,9999.000,9999.000,9999.000
202605221624,   1.476,9999.000,9999.000,9999.000,9999.000,9999.000,9999.000,9999.000,9999.000
202605221630,   1.480,9999.000,9999.000,9999.000,9999.000,9999.000,9999.000,9999.000,9999.000
202605221636,   1.483,9999.000,9999.000,9999.000,9999.000,9999.000,9999.000,9999.000,9999.000
202605221642,   1.485,9999.000,9999.000,9999.000,9999.000,9999.000,9999.000,9999.000,9999.000
202605221648,   1.487,9999.000,9999.000,9999.000,9999.000,9999.000,9999.000,9999.000,9999.000
202605221654,   1.488,9999.000,9999.000,9999.000,9999.000,9999.000,9999.000,9999.000,9999.000
202605221700,   1.488,9999.000,   0.700,   0.029,   2.217,   0.600,   2.117,   0.800,   2.317
202605221706,   1.487,9999.000,9999.000,9999.000,9999.000,9999.000,9999.000,9999.000,9999.000
202605221712,   1.486,9999.000,9999.000,9999.000,9999.000,9999.000,9999.000,9999.000,9999.000
202605221718,   1.485,9999.000,9999.000,9999.000,9999.000,9999.000,9999.000,9999.000,9999.000
202605221724,   1.483,9999.000,9999.000,9999.000,9999.000,9999.000,9999.000,9999.000,9999.000
202605221730,   1.480,9999.000,9999.000,9999.000,9999.000,9999.000,9999.000,9999.000,9999.000
202605221736,   1.477,9999.000,9999.000,9999.000,9999.000,9999.000,9999.000,9999.000,9999.000
202605221742,   1.473,9999.000,9999.000,9999.000,9999.000,9999.000,9999.000,9999.000,9999.000
202605221748,   1.470,9999.000,9999.000,9999.000,9999.000,9999.000,9999.000,9999.000,9999.000
202605221754,   1.465,9999.000,9999.000,9999.000,9999.000,9999.000,9999.000,9999.000,9999.000
202605221800,   1.461,9999.000,   0.700,   0.029,   2.190,   0.600,   2.090,   0.800,   2.290
202605221806,   1.456,9999.000,9999.000,9999.000,9999.000,9999.000,9999.000,9999.000,9999.000
202605221812,   1.451,9999.000,9999.000,9999.000,9999.000,9999.000,9999.000,9999.000,9999.000
202605221818,   1.445,9999.000,9999.000,9999.000,9999.000,9999.000,9999.000,9999.000,9999.000
202605221824,   1.440,9999.000,9999.000,9999.000,9999.000,9999.000,9999.000,9999.000,9999.000
202605221830,   1.434,9999.000,9999.000,9999.000,9999.000,9999.000,9999.000,9999.000,9999.000
202605221836,   1.428,9999.000,9999.000,9999.000,9999.000,9999.000,9999.000,9999.000,9999.000
202605221842,   1.422,9999.000,9999.000,9999.000,9999.000,9999.000,9999.000,9999.000,9999.000
202605221848,   1.416,9999.000,9999.000,9999.000,9999.000,9999.000,9999.000,9999.000,9999.000
202605221854,   1.410,9999.000,9999.000,9999.000,9999.000,9999.000,9999.000,9999.000,9999.000
202605221900,   1.404,9999.000,   0.700,   0.029,   2.133,   0.600,   2.033,   0.800,   2.233
202605221906,   1.397,9999.000,9999.000,9999.000,9999.000,9999.000,9999.000,9999.000,9999.000
202605221912,   1.391,9999.000,9999.000,9999.000,9999.000,9999.000,9999.000,9999.000,9999.000
202605221918,   1.384,9999.000,9999.000,9999.000,9999.000,9999.000,9999.000,9999.000,9999.000
202605221924,   1.378,9999.000,9999.000,9999.000,9999.000,9999.000,9999.000,9999.000,9999.000
202605221930,   1.372,9999.000,9999.000,9999.000,9999.000,9999.000,9999.000,9999.000,9999.000
202605221936,   1.365,9999.000,9999.000,9999.000,9999.000,9999.000,9999.000,9999.000,9999.000
202605221942,   1.359,9999.000,9999.000,9999.000,9999.000,9999.000,9999.000,9999.000,9999.000
202605221948,   1.352,9999.000,9999.000,9999.000,9999.000,9999.000,9999.000,9999.000,9999.000
202605221954,   1.346,9999.000,9999.000,9999.000,9999.000,9999.000,9999.000,9999.000,9999.000
202605222000,   1.340,9999.000,   0.700,   0.029,   2.069,   0.600,   1.969,   0.800,   2.169
202605222006,   1.333,9999.000,9999.000,9999.000,9999.000,9999.000,9999.000,9999.000,9999.000
202605222012,   1.327,9999.000,9999.000,9999.000,9999.000,9999.000,9999.000,9999.000,9999.000
202605222018,   1.321,9999.000,9999.000,9999.000,9999.000,9999.000,9999.000,9999.000,9999.000
202605222024,   1.315,9999.000,9999.000,9999.000,9999.000,9999.000,9999.000,9999.000,9999.000
202605222030,   1.309,9999.000,9999.000,9999.000,9999.000,9999.000,9999.000,9999.000,9999.000
202605222036,   1.303,9999.000,9999.000,9999.000,9999.000,9999.000,9999.000,9999.000,9999.000
202605222042,   1.297,9999.000,9999.000,9999.000,9999.000,9999.000,9999.000,9999.000,9999.000
202605222048,   1.291,9999.000,9999.000,9999.000,9999.000,9999.000,9999.000,9999.000,9999.000
202605222054,   1.285,9999.000,9999.000,9999.000,9999.000,9999.000,9999.000,9999.000,9999.000
202605222100,   1.280,9999.000,   0.700,   0.029,   2.009,   0.600,   1.909,   0.800,   2.109
202605222106,   1.274,9999.000,9999.000,9999.000,9999.000,9999.000,9999.000,9999.000,9999.000
202605222112,   1.268,9999.000,9999.000,9999.000,9999.000,9999.000,9999.000,9999.000,9999.000
202605222118,   1.263,9999.000,9999.000,9999.000,9999.000,9999.000,9999.000,9999.000,9999.000
202605222124,   1.258,9999.000,9999.000,9999.000,9999.000,9999.000,9999.000,9999.000,9999.000
202605222130,   1.253,9999.000,9999.000,9999.000,9999.000,9999.000,9999.000,9999.000,9999.000
202605222136,   1.247,9999.000,9999.000,9999.000,9999.000,9999.000,9999.000,9999.000,9999.000
202605222142,   1.243,9999.000,9999.000,9999.000,9999.000,9999.000,9999.000,9999.000,9999.000
202605222148,   1.238,9999.000,9999.000,9999.000,9999.000,9999.000,9999.000,9999.000,9999.000
202605222154,   1.233,9999.000,9999.000,9999.000,9999.000,9999.000,9999.000,9999.000,9999.000
202605222200,   1.228,9999.000,   0.700,   0.029,   1.957,   0.600,   1.857,   0.800,   2.057
202605222206,   1.224,9999.000,9999.000,9999.000,9999.000,9999.000,9999.000,9999.000,9999.000
202605222212,   1.220,9999.000,9999.000,9999.000,9999.000,9999.000,9999.000,9999.000,9999.000
202605222218,   1.216,9999.000,9999.000,9999.000,9999.000,9999.000,9999.000,9999.000,9999.000
202605222224,   1.212,9999.000,9999.000,9999.000,9999.000,9999.000,9999.000,9999.000,9999.000
202605222230,   1.208,9999.000,9999.000,9999.000,9999.000,9999.000,9999.000,9999.000,9999.000
202605222236,   1.204,9999.000,9999.000,9999.000,9999.000,9999.000,9999.000,9999.000,9999.000
202605222242,   1.201,9999.000,9999.000,9999.000,9999.000,9999.000,9999.000,9999.000,9999.000
202605222248,   1.198,9999.000,9999.000,9999.000,9999.000,9999.000,9999.000,9999.000,9999.000
202605222254,   1.195,9999.000,9999.000,9999.000,9999.000,9999.000,9999.000,9999.000,9999.000
202605222300,   1.192,9999.000,   0.700,   0.029,   1.921,   0.600,   1.821,   0.800,   2.021
202605222306,   1.189,9999.000,9999.000,9999.000,9999.000,9999.000,9999.000,9999.000,9999.000
202605222312,   1.187,9999.000,9999.000,9999.000,9999.000,9999.000,9999.000,9999.000,9999.000
202605222318,   1.185,9999.000,9999.000,9999.000,9999.000,9999.000,9999.000,9999.000,9999.000
202605222324,   1.183,9999.000,9999.000,9999.000,9999.000,9999.000,9999.000,9999.000,9999.000
202605222330,   1.181,9999.000,9999.000,9999.000,9999.000,9999.000,9999.000,9999.000,9999.000
202605222336,   1.179,9999.000,9999.000,9999.000,9999.000,9999.000,9999.000,9999.000,9999.000
202605222342,   1.178,9999.000,9999.000,9999.000,9999.000,9999.000,9999.000,9999.000,9999.000
202605222348,   1.176,9999.000,9999.000,9999.000,9999.000,9999.000,9999.000,9999.000,9999.000
202605222354,   1.175,9999.000,9999.000,9999.000,9999.000,9999.000,9999.000,9999.000,9999.000
202605230000,   1.174,9999.000,   0.700,   0.029,   1.903,   0.600,   1.803,   0.800,   2.003
202605230006,   1.174,9999.000,9999.000,9999.000,9999.000,9999.000,9999.000,9999.000,9999.000
202605230012,   1.173,9999.000,9999.000,9999.000,9999.000,9999.000,9999.000,9999.000,9999.000
202605230018,   1.172,9999.000,9999.000,9999.000,9999.000,9999.000,9999.000,9999.000,9999.000
202605230024,   1.172,9999.000,9999.000,9999.000,9999.000,9999.000,9999.000,9999.000,9999.000
202605230030,   1.171,9999.000,9999.000,9999.000,9999.000,9999.000,9999.000,9999.000,9999.000
202605230036,   1.171,9999.000,9999.000,9999.000,9999.000,9999.000,9999.000,9999.000,9999.000
202605230042,   1.171,9999.000,9999.000,9999.000,9999.000,9999.000,9999.000,9999.000,9999.000
202605230048,   1.171,9999.000,9999.000,9999.000,9999.000,9999.000,9999.000,9999.000,9999.000
202605230054,   1.170,9999.000,9999.000,9999.000,9999.000,9999.000,9999.000,9999.000,9999.000
202605230100,   1.170,9999.000,   0.700,   0.029,   1.899,   0.600,   1.799,   0.800,   1.999
202605230106,   1.170,9999.000,9999.000,9999.000,9999.000,9999.000,9999.000,9999.000,9999.000
202605230112,   1.169,9999.000,9999.000,9999.000,9999.000,9999.000,9999.000,9999.000,9999.000
202605230118,   1.168,9999.000,9999.000,9999.000,9999.000,9999.000,9999.000,9999.000,9999.000
202605230124,   1.168,9999.000,9999.000,9999.000,9999.000,9999.000,9999.000,9999.000,9999.000
202605230130,   1.167,9999.000,9999.000,9999.000,9999.000,9999.000,9999.000,9999.000,9999.000
202605230136,   1.165,9999.000,9999.000,9999.000,9999.000,9999.000,9999.000,9999.000,9999.000
202605230142,   1.164,9999.000,9999.000,9999.000,9999.000,9999.000,9999.000,9999.000,9999.000
202605230148,   1.162,9999.000,9999.000,9999.000,9999.000,9999.000,9999.000,9999.000,9999.000
202605230154,   1.160,9999.000,9999.000,9999.000,9999.000,9999.000,9999.000,9999.000,9999.000
202605230200,   1.158,9999.000,   0.700,   0.029,   1.887,   0.600,   1.787,   0.800,   1.987
202605230206,   1.155,9999.000,9999.000,9999.000,9999.000,9999.000,9999.000,9999.000,9999.000
202605230212,   1.152,9999.000,9999.000,9999.000,9999.000,9999.000,9999.000,9999.000,9999.000
202605230218,   1.148,9999.000,9999.000,9999.000,9999.000,9999.000,9999.000,9999.000,9999.000
202605230224,   1.144,9999.000,9999.000,9999.000,9999.000,9999.000,9999.000,9999.000,9999.000
202605230230,   1.140,9999.000,9999.000,9999.000,9999.000,9999.000,9999.000,9999.000,9999.000
202605230236,   1.135,9999.000,9999.000,9999.000,9999.000,9999.000,9999.000,9999.000,9999.000
202605230242,   1.129,9999.000,9999.000,9999.000,9999.000,9999.000,9999.000,9999.000,9999.000
202605230248,   1.123,9999.000,9999.000,9999.000,9999.000,9999.000,9999.000,9999.000,9999.000
202605230254,   1.116,9999.000,9999.000,9999.000,9999.000,9999.000,9999.000,9999.000,9999.000
202605230300,   1.109,9999.000,   0.700,   0.029,   1.838,   0.600,   1.738,   0.800,   1.938
202605230306,   1.101,9999.000,9999.000,9999.000,9999.000,9999.000,9999.000,9999.000,9999.000
202605230312,   1.092,9999.000,9999.000,9999.000,9999.000,9999.000,9999.000,9999.000,9999.000
202605230318,   1.083,9999.000,9999.000,9999.000,9999.000,9999.000,9999.000,9999.000,9999.000
202605230324,   1.074,9999.000,9999.000,9999.000,9999.000,9999.000,9999.000,9999.000,9999.000
202605230330,   1.063,9999.000,9999.000,9999.000,9999.000,9999.000,9999.000,9999.000,9999.000
202605230336,   1.052,9999.000,9999.000,9999.000,9999.000,9999.000,9999.000,9999.000,9999.000
202605230342,   1.041,9999.000,9999.000,9999.000,9999.000,9999.000,9999.000,9999.000,9999.000
202605230348,   1.028,9999.000,9999.000,9999.000,9999.000,9999.000,9999.000,9999.000,9999.000
202605230354,   1.016,9999.000,9999.000,9999.000,9999.000,9999.000,9999.000,9999.000,9999.000
202605230400,   1.002,9999.000,   0.700,   0.029,   1.731,   0.600,   1.631,   0.800,   1.831
202605230406,   0.988,9999.000,9999.000,9999.000,9999.000,9999.000,9999.000,9999.000,9999.000
202605230412,   0.974,9999.000,9999.000,9999.000,9999.000,9999.000,9999.000,9999.000,9999.000
202605230418,   0.959,9999.000,9999.000,9999.000,9999.000,9999.000,9999.000,9999.000,9999.000
202605230424,   0.943,9999.000,9999.000,9999.000,9999.000,9999.000,9999.000,9999.000,9999.000
202605230430,   0.927,9999.000,9999.000,9999.000,9999.000,9999.000,9999.000,9999.000,9999.000
202605230436,   0.910,9999.000,9999.000,9999.000,9999.000,9999.000,9999.000,9999.000,9999.000
202605230442,   0.893,9999.000,9999.000,9999.000,9999.000,9999.000,9999.000,9999.000,9999.000
202605230448,   0.876,9999.000,9999.000,9999.000,9999.000,9999.000,9999.000,9999.000,9999.000
202605230454,   0.858,9999.000,9999.000,9999.000,9999.000,9999.000,9999.000,9999.000,9999.000
202605230500,   0.840,9999.000,   0.700,   0.029,   1.569,   0.600,   1.469,   0.800,   1.669
202605230506,   0.822,9999.000,9999.000,9999.000,9999.000,9999.000,9999.000,9999.000,9999.000
202605230512,   0.803,9999.000,9999.000,9999.000,9999.000,9999.000,9999.000,9999.000,9999.000
202605230518,   0.785,9999.000,9999.000,9999.000,9999.000,9999.000,9999.000,9999.000,9999.000
202605230524,   0.766,9999.000,9999.000,9999.000,9999.000,9999.000,9999.000,9999.000,9999.000
202605230530,   0.747,9999.000,9999.000,9999.000,9999.000,9999.000,9999.000,9999.000,9999.000
202605230536,   0.727,9999.000,9999.000,9999.000,9999.000,9999.000,9999.000,9999.000,9999.000
202605230542,   0.708,9999.000,9999.000,9999.000,9999.000,9999.000,9999.000,9999.000,9999.000
202605230548,   0.689,9999.000,9999.000,9999.000,9999.000,9999.000,9999.000,9999.000,9999.000
202605230554,   0.670,9999.000,9999.000,9999.000,9999.000,9999.000,9999.000,9999.000,9999.000
202605230600,   0.650,9999.000,   0.700,   0.029,   1.379,   0.600,   1.279,   0.800,   1.479
202605230606,   0.631,9999.000,9999.000,9999.000,9999.000,9999.000,9999.000,9999.000,9999.000
202605230612,   0.612,9999.000,9999.000,9999.000,9999.000,9999.000,9999.000,9999.000,9999.000
202605230618,   0.594,9999.000,9999.000,9999.000,9999.000,9999.000,9999.000,9999.000,9999.000
202605230624,   0.575,9999.000,9999.000,9999.000,9999.000,9999.000,9999.000,9999.000,9999.000
202605230630,   0.557,9999.000,9999.000,9999.000,9999.000,9999.000,9999.000,9999.000,9999.000
202605230636,   0.539,9999.000,9999.000,9999.000,9999.000,9999.000,9999.000,9999.000,9999.000
202605230642,   0.522,9999.000,9999.000,9999.000,9999.000,9999.000,9999.000,9999.000,9999.000
202605230648,   0.504,9999.000,9999.000,9999.000,9999.000,9999.000,9999.000,9999.000,9999.000
202605230654,   0.488,9999.000,9999.000,9999.000,9999.000,9999.000,9999.000,9999.000,9999.000
202605230700,   0.471,9999.000,   0.700,   0.029,   1.200,   0.600,   1.100,   0.800,   1.300
202605230706,   0.455,9999.000,9999.000,9999.000,9999.000,9999.000,9999.000,9999.000,9999.000
202605230712,   0.440,9999.000,9999.000,9999.000,9999.000,9999.000,9999.000,9999.000,9999.000
202605230718,   0.425,9999.000,9999.000,9999.000,9999.000,9999.000,9999.000,9999.000,9999.000
202605230724,   0.411,9999.000,9999.000,9999.000,9999.000,9999.000,9999.000,9999.000,9999.000
202605230730,   0.397,9999.000,9999.000,9999.000,9999.000,9999.000,9999.000,9999.000,9999.000
202605230736,   0.383,9999.000,9999.000,9999.000,9999.000,9999.000,9999.000,9999.000,9999.000
202605230742,   0.371,9999.000,9999.000,9999.000,9999.000,9999.000,9999.000,9999.000,9999.000
202605230748,   0.359,9999.000,9999.000,9999.000,9999.000,9999.000,9999.000,9999.000,9999.000
202605230754,   0.347,9999.000,9999.000,9999.000,9999.000,9999.000,9999.000,9999.000,9999.000
202605230800,   0.336,9999.000,   0.700,   0.029,   1.065,   0.600,   0.965,   0.800,   1.165
202605230806,   0.326,9999.000,9999.000,9999.000,9999.000,9999.000,9999.000,9999.000,9999.000
202605230812,   0.316,9999.000,9999.000,9999.000,9999.000,9999.000,9999.000,9999.000,9999.000
202605230818,   0.307,9999.000,9999.000,9999.000,9999.000,9999.000,9999.000,9999.000,9999.000
202605230824,   0.299,9999.000,9999.000,9999.000,9999.000,9999.000,9999.000,9999.000,9999.000
202605230830,   0.292,9999.000,9999.000,9999.000,9999.000,9999.000,9999.000,9999.000,9999.000
202605230836,   0.285,9999.000,9999.000,9999.000,9999.000,9999.000,9999.000,9999.000,9999.000
202605230842,   0.278,9999.000,9999.000,9999.000,9999.000,9999.000,9999.000,9999.000,9999.000
202605230848,   0.273,9999.000,9999.000,9999.000,9999.000,9999.000,9999.000,9999.000,9999.000
202605230854,   0.268,9999.000,9999.000,9999.000,9999.000,9999.000,9999.000,9999.000,9999.000
202605230900,   0.264,9999.000,   0.700,   0.029,   0.993,   0.600,   0.893,   0.800,   1.093
202605230906,   0.260,9999.000,9999.000,9999.000,9999.000,9999.000,9999.000,9999.000,9999.000
202605230912,   0.258,9999.000,9999.000,9999.000,9999.000,9999.000,9999.000,9999.000,9999.000
202605230918,   0.255,9999.000,9999.000,9999.000,9999.000,9999.000,9999.000,9999.000,9999.000
202605230924,   0.254,9999.000,9999.000,9999.000,9999.000,9999.000,9999.000,9999.000,9999.000
202605230930,   0.253,9999.000,9999.000,9999.000,9999.000,9999.000,9999.000,9999.000,9999.000
202605230936,   0.253,9999.000,9999.000,9999.000,9999.000,9999.000,9999.000,9999.000,9999.000
202605230942,   0.254,9999.000,9999.000,9999.000,9999.000,9999.000,9999.000,9999.000,9999.000
202605230948,   0.256,9999.000,9999.000,9999.000,9999.000,9999.000,9999.000,9999.000,9999.000
202605230954,   0.258,9999.000,9999.000,9999.000,9999.000,9999.000,9999.000,9999.000,9999.000
202605231000,   0.261,9999.000,   0.700,   0.029,   0.990,   0.600,   0.890,   0.800,   1.090
202605231006,   0.264,9999.000,9999.000,9999.000,9999.000,9999.000,9999.000,9999.000,9999.000
202605231012,   0.269,9999.000,9999.000,9999.000,9999.000,9999.000,9999.000,9999.000,9999.000
202605231018,   0.274,9999.000,9999.000,9999.000,9999.000,9999.000,9999.000,9999.000,9999.000
202605231024,   0.280,9999.000,9999.000,9999.000,9999.000,9999.000,9999.000,9999.000,9999.000
202605231030,   0.286,9999.000,9999.000,9999.000,9999.000,9999.000,9999.000,9999.000,9999.000
202605231036,   0.293,9999.000,9999.000,9999.000,9999.000,9999.000,9999.000,9999.000,9999.000
202605231042,   0.301,9999.000,9999.000,9999.000,9999.000,9999.000,9999.000,9999.000,9999.000
202605231048,   0.310,9999.000,9999.000,9999.000,9999.000,9999.000,9999.000,9999.000,9999.000
202605231054,   0.319,9999.000,9999.000,9999.000,9999.000,9999.000,9999.000,9999.000,9999.000
202605231100,   0.330,9999.000,   0.700,   0.029,   1.059,   0.600,   0.959,   0.900,   1.259
202605231106,   0.340,9999.000,9999.000,9999.000,9999.000,9999.000,9999.000,9999.000,9999.000
202605231112,   0.352,9999.000,9999.000,9999.000,9999.000,9999.000,9999.000,9999.000,9999.000
202605231118,   0.364,9999.000,9999.000,9999.000,9999.000,9999.000,9999.000,9999.000,9999.000
202605231124,   0.377,9999.000,9999.000,9999.000,9999.000,9999.000,9999.000,9999.000,9999.000
202605231130,   0.391,9999.000,9999.000,9999.000,9999.000,9999.000,9999.000,9999.000,9999.000
202605231136,   0.405,9999.000,9999.000,9999.000,9999.000,9999.000,9999.000,9999.000,9999.000
202605231142,   0.420,9999.000,9999.000,9999.000,9999.000,9999.000,9999.000,9999.000,9999.000
202605231148,   0.436,9999.000,9999.000,9999.000,9999.000,9999.000,9999.000,9999.000,9999.000
202605231154,   0.453,9999.000,9999.000,9999.000,9999.000,9999.000,9999.000,9999.000,9999.000
202605231200,   0.470,9999.000,   0.700,   0.029,   1.199,   0.600,   1.099,   0.900,   1.399
