        TIME,    TIDE,      OB,   SURGE,    BIAS,     TWL,SURGE90p,  TWL90p,SURGE10p,   TWL10p
202604030000,   0.453,   0.970,   0.600,  -0.083,   0.970,   0.600,   0.970,   0.600,   0.970
202604030006,   0.488,9999.000,9999.000,9999.000,9999.000,9999.000,9999.000,9999.000,9999.000
202604030012,   0.523,   1.029,9999.000,9999.000,9999.000,9999.000,9999.000,9999.000,9999.000
202604030018,   0.558,9999.000,9999.000,9999.000,9999.000,9999.000,9999.000,9999.000,9999.000
202604030024,   0.593,   1.098,9999.000,9999.000,9999.000,9999.000,9999.000,9999.000,9999.000
202604030030,   0.627,9999.000,9999.000,9999.000,9999.000,9999.000,9999.000,9999.000,9999.000
202604030036,   0.661,   1.170,9999.000,9999.000,9999.000,9999.000,9999.000,9999.000,9999.000
202604030042,   0.696,9999.000,9999.000,9999.000,9999.000,9999.000,9999.000,9999.000,9999.000
202604030048,   0.729,   1.239,9999.000,9999.000,9999.000,9999.000,9999.000,9999.000,9999.000
202604030054,   0.763,9999.000,9999.000,9999.000,9999.000,9999.000,9999.000,9999.000,9999.000
202604030100,   0.796,   1.308,   0.600,  -0.088,   1.308,   0.600,   1.308,   0.600,   1.308
202604030106,   0.828,   1.328,9999.000,9999.000,9999.000,9999.000,9999.000,9999.000,9999.000
202604030112,   0.860,   1.348,9999.000,9999.000,9999.000,9999.000,9999.000,9999.000,9999.000
202604030118,   0.891,   1.380,9999.000,9999.000,9999.000,9999.000,9999.000,9999.000,9999.000
202604030124,   0.922,   1.400,9999.000,9999.000,9999.000,9999.000,9999.000,9999.000,9999.000
202604030130,   0.952,   1.430,9999.000,9999.000,9999.000,9999.000,9999.000,9999.000,9999.000
202604030136,   0.982,   1.459,9999.000,9999.000,9999.000,9999.000,9999.000,9999.000,9999.000
202604030142,   1.010,   1.469,9999.000,9999.000,9999.000,9999.000,9999.000,9999.000,9999.000
202604030148,   1.038,   1.508,9999.000,9999.000,9999.000,9999.000,9999.000,9999.000,9999.000
202604030154,   1.065,   1.528,9999.000,9999.000,9999.000,9999.000,9999.000,9999.000,9999.000
202604030200,   1.091,   1.548,   0.600,  -0.143,   1.548,   0.600,   1.548,   0.600,   1.548
202604030206,   1.116,   1.590,9999.000,9999.000,9999.000,9999.000,9999.000,9999.000,9999.000
202604030212,   1.140,   1.610,9999.000,9999.000,9999.000,9999.000,9999.000,9999.000,9999.000
202604030218,   1.163,   1.639,9999.000,9999.000,9999.000,9999.000,9999.000,9999.000,9999.000
202604030224,   1.184,   1.639,9999.000,9999.000,9999.000,9999.000,9999.000,9999.000,9999.000
202604030230,   1.204,   1.649,9999.000,9999.000,9999.000,9999.000,9999.000,9999.000,9999.000
202604030236,   1.223,   1.659,9999.000,9999.000,9999.000,9999.000,9999.000,9999.000,9999.000
202604030242,   1.241,   1.649,9999.000,9999.000,9999.000,9999.000,9999.000,9999.000,9999.000
202604030248,   1.257,   1.669,9999.000,9999.000,9999.000,9999.000,9999.000,9999.000,9999.000
202604030254,   1.271,   1.699,9999.000,9999.000,9999.000,9999.000,9999.000,9999.000,9999.000
202604030300,   1.284,   1.728,   0.600,  -0.156,   1.728,   0.600,   1.728,   0.600,   1.728
202604030306,   1.295,   1.728,9999.000,9999.000,9999.000,9999.000,9999.000,9999.000,9999.000
202604030312,   1.305,   1.728,9999.000,9999.000,9999.000,9999.000,9999.000,9999.000,9999.000
202604030318,   1.312,   1.738,9999.000,9999.000,9999.000,9999.000,9999.000,9999.000,9999.000
202604030324,   1.318,   1.748,9999.000,9999.000,9999.000,9999.000,9999.000,9999.000,9999.000
202604030330,   1.323,   1.758,9999.000,9999.000,9999.000,9999.000,9999.000,9999.000,9999.000
202604030336,   1.325,   1.781,9999.000,9999.000,9999.000,9999.000,9999.000,9999.000,9999.000
202604030342,   1.325,   1.781,9999.000,9999.000,9999.000,9999.000,9999.000,9999.000,9999.000
202604030348,   1.324,   1.790,9999.000,9999.000,9999.000,9999.000,9999.000,9999.000,9999.000
202604030354,   1.320,   1.820,9999.000,9999.000,9999.000,9999.000,9999.000,9999.000,9999.000
202604030400,   1.315,   1.830,   0.600,  -0.085,   1.830,   0.600,   1.830,   0.600,   1.830
202604030406,   1.308,   1.830,9999.000,9999.000,9999.000,9999.000,9999.000,9999.000,9999.000
202604030412,   1.299,   1.849,9999.000,9999.000,9999.000,9999.000,9999.000,9999.000,9999.000
202604030418,   1.288,   1.859,9999.000,9999.000,9999.000,9999.000,9999.000,9999.000,9999.000
202604030424,   1.275,   1.859,9999.000,9999.000,9999.000,9999.000,9999.000,9999.000,9999.000
202604030430,   1.261,   1.830,9999.000,9999.000,9999.000,9999.000,9999.000,9999.000,9999.000
202604030436,   1.244,   1.820,9999.000,9999.000,9999.000,9999.000,9999.000,9999.000,9999.000
202604030442,   1.226,   1.781,9999.000,9999.000,9999.000,9999.000,9999.000,9999.000,9999.000
202604030448,   1.207,   1.748,9999.000,9999.000,9999.000,9999.000,9999.000,9999.000,9999.000
202604030454,   1.186,   1.708,9999.000,9999.000,9999.000,9999.000,9999.000,9999.000,9999.000
202604030500,   1.163,   1.669,   0.600,  -0.094,   1.669,   0.500,   1.569,   0.600,   1.669
202604030506,   1.139,   1.639,9999.000,9999.000,9999.000,9999.000,9999.000,9999.000,9999.000
202604030512,   1.113,   1.610,9999.000,9999.000,9999.000,9999.000,9999.000,9999.000,9999.000
202604030518,   1.086,   1.580,9999.000,9999.000,9999.000,9999.000,9999.000,9999.000,9999.000
202604030524,   1.058,   1.557,9999.000,9999.000,9999.000,9999.000,9999.000,9999.000,9999.000
202604030530,   1.029,   1.508,9999.000,9999.000,9999.000,9999.000,9999.000,9999.000,9999.000
202604030536,   0.999,   1.479,9999.000,9999.000,9999.000,9999.000,9999.000,9999.000,9999.000
202604030542,   0.968,   1.459,9999.000,9999.000,9999.000,9999.000,9999.000,9999.000,9999.000
202604030548,   0.937,   1.430,9999.000,9999.000,9999.000,9999.000,9999.000,9999.000,9999.000
202604030554,   0.904,   1.400,9999.000,9999.000,9999.000,9999.000,9999.000,9999.000,9999.000
202604030600,   0.872,   1.361,   0.600,  -0.111,   1.361,   0.500,   1.261,   0.600,   1.361
202604030606,   0.838,   1.318,9999.000,9999.000,9999.000,9999.000,9999.000,9999.000,9999.000
202604030612,   0.805,   1.279,9999.000,9999.000,9999.000,9999.000,9999.000,9999.000,9999.000
202604030618,   0.771,   1.249,9999.000,9999.000,9999.000,9999.000,9999.000,9999.000,9999.000
202604030624,   0.738,   1.229,9999.000,9999.000,9999.000,9999.000,9999.000,9999.000,9999.000
202604030630,   0.704,   1.200,9999.000,9999.000,9999.000,9999.000,9999.000,9999.000,9999.000
202604030636,   0.671,   1.170,9999.000,9999.000,9999.000,9999.000,9999.000,9999.000,9999.000
202604030642,   0.638,   1.151,9999.000,9999.000,9999.000,9999.000,9999.000,9999.000,9999.000
202604030648,   0.606,   1.118,9999.000,9999.000,9999.000,9999.000,9999.000,9999.000,9999.000
202604030654,   0.574,   1.098,9999.000,9999.000,9999.000,9999.000,9999.000,9999.000,9999.000
202604030700,   0.543,   1.039,   0.600,  -0.104,   1.039,   0.500,   0.939,   0.600,   1.039
202604030706,   0.513,   1.000,9999.000,9999.000,9999.000,9999.000,9999.000,9999.000,9999.000
202604030712,   0.484,   0.980,9999.000,9999.000,9999.000,9999.000,9999.000,9999.000,9999.000
202604030718,   0.456,   0.961,9999.000,9999.000,9999.000,9999.000,9999.000,9999.000,9999.000
202604030724,   0.429,   0.941,9999.000,9999.000,9999.000,9999.000,9999.000,9999.000,9999.000
202604030730,   0.404,   0.908,9999.000,9999.000,9999.000,9999.000,9999.000,9999.000,9999.000
202604030736,   0.380,   0.898,9999.000,9999.000,9999.000,9999.000,9999.000,9999.000,9999.000
202604030742,   0.357,   0.869,9999.000,9999.000,9999.000,9999.000,9999.000,9999.000,9999.000
202604030748,   0.336,   0.839,9999.000,9999.000,9999.000,9999.000,9999.000,9999.000,9999.000
202604030754,   0.317,   0.819,9999.000,9999.000,9999.000,9999.000,9999.000,9999.000,9999.000
202604030800,   0.300,   0.819,   0.600,  -0.081,   0.819,   0.500,   0.719,   0.600,   0.819
202604030806,   0.284,   0.790,9999.000,9999.000,9999.000,9999.000,9999.000,9999.000,9999.000
202604030812,   0.271,   0.760,9999.000,9999.000,9999.000,9999.000,9999.000,9999.000,9999.000
202604030818,   0.259,   0.751,9999.000,9999.000,9999.000,9999.000,9999.000,9999.000,9999.000
202604030824,   0.249,   0.741,9999.000,9999.000,9999.000,9999.000,9999.000,9999.000,9999.000
202604030830,   0.242,   0.731,9999.000,9999.000,9999.000,9999.000,9999.000,9999.000,9999.000
202604030836,   0.236,   0.751,9999.000,9999.000,9999.000,9999.000,9999.000,9999.000,9999.000
202604030842,   0.233,   0.751,9999.000,9999.000,9999.000,9999.000,9999.000,9999.000,9999.000
202604030848,   0.231,   0.751,9999.000,9999.000,9999.000,9999.000,9999.000,9999.000,9999.000
202604030854,   0.232,   0.751,9999.000,9999.000,9999.000,9999.000,9999.000,9999.000,9999.000
202604030900,   0.235,   0.780,   0.600,  -0.055,   0.780,   0.500,   0.680,   0.600,   0.780
202604030906,   0.240,   0.770,9999.000,9999.000,9999.000,9999.000,9999.000,9999.000,9999.000
202604030912,   0.247,   0.780,9999.000,9999.000,9999.000,9999.000,9999.000,9999.000,9999.000
202604030918,   0.257,   0.780,9999.000,9999.000,9999.000,9999.000,9999.000,9999.000,9999.000
202604030924,   0.268,   0.780,9999.000,9999.000,9999.000,9999.000,9999.000,9999.000,9999.000
202604030930,   0.281,   0.790,9999.000,9999.000,9999.000,9999.000,9999.000,9999.000,9999.000
202604030936,   0.296,   0.800,9999.000,9999.000,9999.000,9999.000,9999.000,9999.000,9999.000
202604030942,   0.313,   0.819,9999.000,9999.000,9999.000,9999.000,9999.000,9999.000,9999.000
202604030948,   0.332,   0.859,9999.000,9999.000,9999.000,9999.000,9999.000,9999.000,9999.000
202604030954,   0.352,   0.869,9999.000,9999.000,9999.000,9999.000,9999.000,9999.000,9999.000
202604031000,   0.374,   0.908,   0.600,  -0.066,   0.908,   0.500,   0.808,   0.600,   0.908
202604031006,   0.397,   0.908,9999.000,9999.000,9999.000,9999.000,9999.000,9999.000,9999.000
202604031012,   0.422,   0.928,9999.000,9999.000,9999.000,9999.000,9999.000,9999.000,9999.000
202604031018,   0.449,   0.951,9999.000,9999.000,9999.000,9999.000,9999.000,9999.000,9999.000
202604031024,   0.476,   0.970,9999.000,9999.000,9999.000,9999.000,9999.000,9999.000,9999.000
202604031030,   0.505,   1.010,9999.000,9999.000,9999.000,9999.000,9999.000,9999.000,9999.000
202604031036,   0.535,   1.049,9999.000,9999.000,9999.000,9999.000,9999.000,9999.000,9999.000
202604031042,   0.566,   1.079,9999.000,9999.000,9999.000,9999.000,9999.000,9999.000,9999.000
202604031048,   0.598,   1.108,9999.000,9999.000,9999.000,9999.000,9999.000,9999.000,9999.000
202604031054,   0.630,   1.151,9999.000,9999.000,9999.000,9999.000,9999.000,9999.000,9999.000
202604031100,   0.663,   1.200,   0.600,  -0.063,   1.200,   0.600,   1.200,   0.600,   1.200
202604031106,   0.697,   1.229,9999.000,9999.000,9999.000,9999.000,9999.000,9999.000,9999.000
202604031112,   0.731,   1.279,9999.000,9999.000,9999.000,9999.000,9999.000,9999.000,9999.000
202604031118,   0.766,   1.338,9999.000,9999.000,9999.000,9999.000,9999.000,9999.000,9999.000
202604031124,   0.800,   1.308,9999.000,9999.000,9999.000,9999.000,9999.000,9999.000,9999.000
202604031130,   0.836,   1.338,9999.000,9999.000,9999.000,9999.000,9999.000,9999.000,9999.000
202604031136,   0.871,   1.390,9999.000,9999.000,9999.000,9999.000,9999.000,9999.000,9999.000
202604031142,   0.906,   1.410,9999.000,9999.000,9999.000,9999.000,9999.000,9999.000,9999.000
202604031148,   0.941,   1.439,9999.000,9999.000,9999.000,9999.000,9999.000,9999.000,9999.000
202604031154,   0.976,   1.479,9999.000,9999.000,9999.000,9999.000,9999.000,9999.000,9999.000
202604031200,   1.011,   1.508,   0.600,  -0.103,   1.508,   0.500,   1.408,   0.600,   1.508
202604031206,   1.046,   1.518,9999.000,9999.000,9999.000,9999.000,9999.000,9999.000,9999.000
202604031212,   1.081,   1.548,9999.000,9999.000,9999.000,9999.000,9999.000,9999.000,9999.000
202604031218,   1.115,   1.580,9999.000,9999.000,9999.000,9999.000,9999.000,9999.000,9999.000
202604031224,   1.148,   1.610,9999.000,9999.000,9999.000,9999.000,9999.000,9999.000,9999.000
202604031230,   1.182,   1.639,9999.000,9999.000,9999.000,9999.000,9999.000,9999.000,9999.000
202604031236,   1.214,   1.679,9999.000,9999.000,9999.000,9999.000,9999.000,9999.000,9999.000
202604031242,   1.246,   1.708,9999.000,9999.000,9999.000,9999.000,9999.000,9999.000,9999.000
202604031248,   1.278,   1.738,9999.000,9999.000,9999.000,9999.000,9999.000,9999.000,9999.000
202604031254,   1.309,   1.767,9999.000,9999.000,9999.000,9999.000,9999.000,9999.000,9999.000
202604031300,   1.339,   1.790,   0.600,  -0.149,   1.790,   0.500,   1.690,   0.600,   1.790
202604031306,   1.369,   1.820,9999.000,9999.000,9999.000,9999.000,9999.000,9999.000,9999.000
202604031312,   1.397,   1.849,9999.000,9999.000,9999.000,9999.000,9999.000,9999.000,9999.000
202604031318,   1.425,   1.869,9999.000,9999.000,9999.000,9999.000,9999.000,9999.000,9999.000
202604031324,   1.452,   1.889,9999.000,9999.000,9999.000,9999.000,9999.000,9999.000,9999.000
202604031330,   1.478,   1.899,9999.000,9999.000,9999.000,9999.000,9999.000,9999.000,9999.000
202604031336,   1.503,   1.938,9999.000,9999.000,9999.000,9999.000,9999.000,9999.000,9999.000
202604031342,   1.527,   1.981,9999.000,9999.000,9999.000,9999.000,9999.000,9999.000,9999.000
202604031348,   1.550,   1.990,9999.000,9999.000,9999.000,9999.000,9999.000,9999.000,9999.000
202604031354,   1.571,   2.010,9999.000,9999.000,9999.000,9999.000,9999.000,9999.000,9999.000
202604031400,   1.592,   2.030,   0.500,  -0.062,   2.030,   0.500,   2.030,   0.600,   2.130
202604031406,   1.611,   2.049,9999.000,9999.000,9999.000,9999.000,9999.000,9999.000,9999.000
202604031412,   1.629,   2.069,9999.000,9999.000,9999.000,9999.000,9999.000,9999.000,9999.000
202604031418,   1.646,   2.069,9999.000,9999.000,9999.000,9999.000,9999.000,9999.000,9999.000
202604031424,   1.661,   2.079,9999.000,9999.000,9999.000,9999.000,9999.000,9999.000,9999.000
202604031430,   1.674,   2.079,9999.000,9999.000,9999.000,9999.000,9999.000,9999.000,9999.000
202604031436,   1.686,   2.079,9999.000,9999.000,9999.000,9999.000,9999.000,9999.000,9999.000
202604031442,   1.697,   2.099,9999.000,9999.000,9999.000,9999.000,9999.000,9999.000,9999.000
202604031448,   1.705,   2.109,9999.000,9999.000,9999.000,9999.000,9999.000,9999.000,9999.000
202604031454,   1.712,   2.118,9999.000,9999.000,9999.000,9999.000,9999.000,9999.000,9999.000
202604031500,   1.717,   2.128,   0.500,  -0.089,   2.128,   0.500,   2.128,   0.500,   2.128
202604031506,   1.720,   2.138,9999.000,9999.000,9999.000,9999.000,9999.000,9999.000,9999.000
202604031512,   1.722,   2.158,9999.000,9999.000,9999.000,9999.000,9999.000,9999.000,9999.000
202604031518,   1.721,   2.158,9999.000,9999.000,9999.000,9999.000,9999.000,9999.000,9999.000
202604031524,   1.718,   2.138,9999.000,9999.000,9999.000,9999.000,9999.000,9999.000,9999.000
202604031530,   1.714,   2.158,9999.000,9999.000,9999.000,9999.000,9999.000,9999.000,9999.000
202604031536,   1.707,   2.158,9999.000,9999.000,9999.000,9999.000,9999.000,9999.000,9999.000
202604031542,   1.698,   2.138,9999.000,9999.000,9999.000,9999.000,9999.000,9999.000,9999.000
202604031548,   1.687,   2.138,9999.000,9999.000,9999.000,9999.000,9999.000,9999.000,9999.000
202604031554,   1.673,   2.128,9999.000,9999.000,9999.000,9999.000,9999.000,9999.000,9999.000
202604031600,   1.658,   2.118,   0.500,  -0.040,   2.118,   0.500,   2.118,   0.600,   2.218
202604031606,   1.640,   2.099,9999.000,9999.000,9999.000,9999.000,9999.000,9999.000,9999.000
202604031612,   1.620,   2.079,9999.000,9999.000,9999.000,9999.000,9999.000,9999.000,9999.000
202604031618,   1.598,   2.069,9999.000,9999.000,9999.000,9999.000,9999.000,9999.000,9999.000
202604031624,   1.574,   2.040,9999.000,9999.000,9999.000,9999.000,9999.000,9999.000,9999.000
202604031630,   1.548,   2.000,9999.000,9999.000,9999.000,9999.000,9999.000,9999.000,9999.000
202604031636,   1.519,   1.981,9999.000,9999.000,9999.000,9999.000,9999.000,9999.000,9999.000
202604031642,   1.489,   1.938,9999.000,9999.000,9999.000,9999.000,9999.000,9999.000,9999.000
202604031648,   1.456,   1.889,9999.000,9999.000,9999.000,9999.000,9999.000,9999.000,9999.000
202604031654,   1.422,   1.840,9999.000,9999.000,9999.000,9999.000,9999.000,9999.000,9999.000
202604031700,   1.386,   1.790,   0.500,  -0.096,   1.790,   0.500,   1.790,   0.500,   1.790
202604031706,   1.348,   1.748,9999.000,9999.000,9999.000,9999.000,9999.000,9999.000,9999.000
202604031712,   1.308,   1.699,9999.000,9999.000,9999.000,9999.000,9999.000,9999.000,9999.000
202604031718,   1.267,   1.659,9999.000,9999.000,9999.000,9999.000,9999.000,9999.000,9999.000
202604031724,   1.224,   1.620,9999.000,9999.000,9999.000,9999.000,9999.000,9999.000,9999.000
202604031730,   1.180,   1.557,9999.000,9999.000,9999.000,9999.000,9999.000,9999.000,9999.000
202604031736,   1.134,   1.508,9999.000,9999.000,9999.000,9999.000,9999.000,9999.000,9999.000
202604031742,   1.087,   1.469,9999.000,9999.000,9999.000,9999.000,9999.000,9999.000,9999.000
202604031748,   1.039,   1.420,9999.000,9999.000,9999.000,9999.000,9999.000,9999.000,9999.000
202604031754,   0.991,   1.390,9999.000,9999.000,9999.000,9999.000,9999.000,9999.000,9999.000
202604031800,   0.941,   1.361,   0.500,  -0.080,   1.361,   0.500,   1.361,   0.600,   1.461
202604031806,   0.891,   1.318,9999.000,9999.000,9999.000,9999.000,9999.000,9999.000,9999.000
202604031812,   0.840,   1.279,9999.000,9999.000,9999.000,9999.000,9999.000,9999.000,9999.000
202604031818,   0.788,   1.229,9999.000,9999.000,9999.000,9999.000,9999.000,9999.000,9999.000
202604031824,   0.737,   1.180,9999.000,9999.000,9999.000,9999.000,9999.000,9999.000,9999.000
202604031830,   0.685,   1.138,9999.000,9999.000,9999.000,9999.000,9999.000,9999.000,9999.000
202604031836,   0.633,   1.088,9999.000,9999.000,9999.000,9999.000,9999.000,9999.000,9999.000
202604031842,   0.582,   1.020,9999.000,9999.000,9999.000,9999.000,9999.000,9999.000,9999.000
202604031848,   0.530,   0.970,9999.000,9999.000,9999.000,9999.000,9999.000,9999.000,9999.000
202604031854,   0.479,   0.918,9999.000,9999.000,9999.000,9999.000,9999.000,9999.000,9999.000
202604031900,   0.429,   0.859,   0.500,  -0.070,   0.859,   0.500,   0.859,   0.600,   0.959
202604031906,   0.379,   0.810,9999.000,9999.000,9999.000,9999.000,9999.000,9999.000,9999.000
202604031912,   0.330,   0.760,9999.000,9999.000,9999.000,9999.000,9999.000,9999.000,9999.000
202604031918,   0.282,   0.698,9999.000,9999.000,9999.000,9999.000,9999.000,9999.000,9999.000
202604031924,   0.235,   0.629,9999.000,9999.000,9999.000,9999.000,9999.000,9999.000,9999.000
202604031930,   0.190,   0.570,9999.000,9999.000,9999.000,9999.000,9999.000,9999.000,9999.000
202604031936,   0.146,   0.541,9999.000,9999.000,9999.000,9999.000,9999.000,9999.000,9999.000
202604031942,   0.103,   0.488,9999.000,9999.000,9999.000,9999.000,9999.000,9999.000,9999.000
202604031948,   0.061,   0.459,9999.000,9999.000,9999.000,9999.000,9999.000,9999.000,9999.000
202604031954,   0.022,   0.419,9999.000,9999.000,9999.000,9999.000,9999.000,9999.000,9999.000
202604032000,  -0.015,   0.370,   0.500,  -0.115,   0.370,   0.500,   0.370,   0.600,   0.470
202604032006,  -0.051,   0.350,9999.000,9999.000,9999.000,9999.000,9999.000,9999.000,9999.000
202604032012,  -0.085,   0.331,9999.000,9999.000,9999.000,9999.000,9999.000,9999.000,9999.000
202604032018,  -0.117,   0.298,9999.000,9999.000,9999.000,9999.000,9999.000,9999.000,9999.000
202604032024,  -0.147,   0.288,9999.000,9999.000,9999.000,9999.000,9999.000,9999.000,9999.000
202604032030,  -0.174,   0.259,9999.000,9999.000,9999.000,9999.000,9999.000,9999.000,9999.000
202604032036,  -0.199,   0.239,9999.000,9999.000,9999.000,9999.000,9999.000,9999.000,9999.000
202604032042,  -0.222,   0.190,9999.000,9999.000,9999.000,9999.000,9999.000,9999.000,9999.000
202604032048,  -0.243,   0.150,9999.000,9999.000,9999.000,9999.000,9999.000,9999.000,9999.000
202604032054,  -0.261,   0.131,9999.000,9999.000,9999.000,9999.000,9999.000,9999.000,9999.000
202604032100,  -0.277,   0.131,   0.500,  -0.092,   0.131,   0.500,   0.131,   0.600,   0.231
202604032106,  -0.291,   0.150,9999.000,9999.000,9999.000,9999.000,9999.000,9999.000,9999.000
202604032112,  -0.302,   0.121,9999.000,9999.000,9999.000,9999.000,9999.000,9999.000,9999.000
202604032118,  -0.310,   0.098,9999.000,9999.000,9999.000,9999.000,9999.000,9999.000,9999.000
202604032124,  -0.317,   0.098,9999.000,9999.000,9999.000,9999.000,9999.000,9999.000,9999.000
202604032130,  -0.320,   0.098,9999.000,9999.000,9999.000,9999.000,9999.000,9999.000,9999.000
202604032136,  -0.322,   0.088,9999.000,9999.000,9999.000,9999.000,9999.000,9999.000,9999.000
202604032142,  -0.321,   0.078,9999.000,9999.000,9999.000,9999.000,9999.000,9999.000,9999.000
202604032148,  -0.318,   0.078,9999.000,9999.000,9999.000,9999.000,9999.000,9999.000,9999.000
202604032154,  -0.312,   0.059,9999.000,9999.000,9999.000,9999.000,9999.000,9999.000,9999.000
202604032200,  -0.305,   0.049,   0.500,  -0.146,   0.049,   0.500,   0.049,   0.600,   0.149
202604032206,  -0.295,   0.059,9999.000,9999.000,9999.000,9999.000,9999.000,9999.000,9999.000
202604032212,  -0.283,   0.059,9999.000,9999.000,9999.000,9999.000,9999.000,9999.000,9999.000
202604032218,  -0.269,   0.078,9999.000,9999.000,9999.000,9999.000,9999.000,9999.000,9999.000
202604032224,  -0.254,   0.088,9999.000,9999.000,9999.000,9999.000,9999.000,9999.000,9999.000
202604032230,  -0.236,   0.121,9999.000,9999.000,9999.000,9999.000,9999.000,9999.000,9999.000
202604032236,  -0.217,   0.150,9999.000,9999.000,9999.000,9999.000,9999.000,9999.000,9999.000
202604032242,  -0.197,   0.190,9999.000,9999.000,9999.000,9999.000,9999.000,9999.000,9999.000
202604032248,  -0.174,   0.239,9999.000,9999.000,9999.000,9999.000,9999.000,9999.000,9999.000
202604032254,  -0.151,   0.278,9999.000,9999.000,9999.000,9999.000,9999.000,9999.000,9999.000
202604032300,  -0.126,   0.321,   0.500,  -0.053,   0.321,   0.500,   0.321,   0.600,   0.421
202604032306,  -0.100,   0.360,9999.000,9999.000,9999.000,9999.000,9999.000,9999.000,9999.000
202604032312,  -0.072,   0.390,9999.000,9999.000,9999.000,9999.000,9999.000,9999.000,9999.000
202604032318,  -0.044,   0.409,9999.000,9999.000,9999.000,9999.000,9999.000,9999.000,9999.000
202604032324,  -0.015,   0.439,9999.000,9999.000,9999.000,9999.000,9999.000,9999.000,9999.000
202604032330,   0.014,   0.459,9999.000,9999.000,9999.000,9999.000,9999.000,9999.000,9999.000
202604032336,   0.045,   0.498,9999.000,9999.000,9999.000,9999.000,9999.000,9999.000,9999.000
202604032342,   0.076,   0.518,9999.000,9999.000,9999.000,9999.000,9999.000,9999.000,9999.000
202604032348,   0.108,   0.551,9999.000,9999.000,9999.000,9999.000,9999.000,9999.000,9999.000
202604032354,   0.141,   0.580,9999.000,9999.000,9999.000,9999.000,9999.000,9999.000,9999.000
202604040000,   0.173,   0.619,   0.500,  -0.054,   0.619,   0.500,   0.619,   0.500,   0.619
202604040006,   0.207,   0.649,9999.000,9999.000,9999.000,9999.000,9999.000,9999.000,9999.000
202604040012,   0.240,   0.678,9999.000,9999.000,9999.000,9999.000,9999.000,9999.000,9999.000
202604040018,   0.274,   0.718,9999.000,9999.000,9999.000,9999.000,9999.000,9999.000,9999.000
202604040024,   0.307,   0.741,9999.000,9999.000,9999.000,9999.000,9999.000,9999.000,9999.000
202604040030,   0.341,   0.780,9999.000,9999.000,9999.000,9999.000,9999.000,9999.000,9999.000
202604040036,   0.375,   0.810,9999.000,9999.000,9999.000,9999.000,9999.000,9999.000,9999.000
202604040042,   0.408,   0.849,9999.000,9999.000,9999.000,9999.000,9999.000,9999.000,9999.000
202604040048,   0.442,   0.888,9999.000,9999.000,9999.000,9999.000,9999.000,9999.000,9999.000
202604040054,   0.475,   0.918,9999.000,9999.000,9999.000,9999.000,9999.000,9999.000,9999.000
202604040100,   0.509,   0.951,   0.500,  -0.058,   0.951,   0.500,   0.951,   0.500,   0.951
202604040106,   0.541,   0.980,9999.000,9999.000,9999.000,9999.000,9999.000,9999.000,9999.000
202604040112,   0.574,   1.000,9999.000,9999.000,9999.000,9999.000,9999.000,9999.000,9999.000
202604040118,   0.606,   1.029,9999.000,9999.000,9999.000,9999.000,9999.000,9999.000,9999.000
202604040124,   0.638,   1.049,9999.000,9999.000,9999.000,9999.000,9999.000,9999.000,9999.000
202604040130,   0.670,   1.069,9999.000,9999.000,9999.000,9999.000,9999.000,9999.000,9999.000
202604040136,   0.701,   1.108,9999.000,9999.000,9999.000,9999.000,9999.000,9999.000,9999.000
202604040142,   0.732,   1.138,9999.000,9999.000,9999.000,9999.000,9999.000,9999.000,9999.000
202604040148,   0.762,   1.170,9999.000,9999.000,9999.000,9999.000,9999.000,9999.000,9999.000
202604040154,   0.791,   1.200,9999.000,9999.000,9999.000,9999.000,9999.000,9999.000,9999.000
202604040200,   0.820,   1.239,   0.500,  -0.081,   1.239,   0.500,   1.239,   0.500,   1.239
202604040206,   0.848,   1.259,9999.000,9999.000,9999.000,9999.000,9999.000,9999.000,9999.000
202604040212,   0.876,   1.279,9999.000,9999.000,9999.000,9999.000,9999.000,9999.000,9999.000
202604040218,   0.902,   1.308,9999.000,9999.000,9999.000,9999.000,9999.000,9999.000,9999.000
202604040224,   0.928,   1.318,9999.000,9999.000,9999.000,9999.000,9999.000,9999.000,9999.000
202604040230,   0.953,   1.338,9999.000,9999.000,9999.000,9999.000,9999.000,9999.000,9999.000
202604040236,   0.978,   1.348,9999.000,9999.000,9999.000,9999.000,9999.000,9999.000,9999.000
202604040242,   1.001,   1.371,9999.000,9999.000,9999.000,9999.000,9999.000,9999.000,9999.000
202604040248,   1.023,   1.400,9999.000,9999.000,9999.000,9999.000,9999.000,9999.000,9999.000
202604040254,   1.044,   1.420,9999.000,9999.000,9999.000,9999.000,9999.000,9999.000,9999.000
202604040300,   1.064,   1.439,   0.500,  -0.125,   1.439,   0.500,   1.439,   0.500,   1.439
202604040306,   1.082,   1.449,9999.000,9999.000,9999.000,9999.000,9999.000,9999.000,9999.000
202604040312,   1.100,   1.479,9999.000,9999.000,9999.000,9999.000,9999.000,9999.000,9999.000
202604040318,   1.116,   1.498,9999.000,9999.000,9999.000,9999.000,9999.000,9999.000,9999.000
202604040324,   1.131,   1.508,9999.000,9999.000,9999.000,9999.000,9999.000,9999.000,9999.000
202604040330,   1.144,   1.518,9999.000,9999.000,9999.000,9999.000,9999.000,9999.000,9999.000
202604040336,   1.156,   1.538,9999.000,9999.000,9999.000,9999.000,9999.000,9999.000,9999.000
202604040342,   1.166,   1.538,9999.000,9999.000,9999.000,9999.000,9999.000,9999.000,9999.000
202604040348,   1.175,   1.557,9999.000,9999.000,9999.000,9999.000,9999.000,9999.000,9999.000
202604040354,   1.182,   1.580,9999.000,9999.000,9999.000,9999.000,9999.000,9999.000,9999.000
202604040400,   1.188,   1.590,   0.500,  -0.098,   1.590,   0.500,   1.590,   0.500,   1.590
202604040406,   1.192,   1.580,9999.000,9999.000,9999.000,9999.000,9999.000,9999.000,9999.000
202604040412,   1.194,   1.580,9999.000,9999.000,9999.000,9999.000,9999.000,9999.000,9999.000
202604040418,   1.194,   1.580,9999.000,9999.000,9999.000,9999.000,9999.000,9999.000,9999.000
202604040424,   1.193,   1.571,9999.000,9999.000,9999.000,9999.000,9999.000,9999.000,9999.000
202604040430,   1.190,   1.571,9999.000,9999.000,9999.000,9999.000,9999.000,9999.000,9999.000
202604040436,   1.186,   1.580,9999.000,9999.000,9999.000,9999.000,9999.000,9999.000,9999.000
202604040442,   1.180,   1.580,9999.000,9999.000,9999.000,9999.000,9999.000,9999.000,9999.000
202604040448,   1.172,   1.600,9999.000,9999.000,9999.000,9999.000,9999.000,9999.000,9999.000
202604040454,   1.162,   1.620,9999.000,9999.000,9999.000,9999.000,9999.000,9999.000,9999.000
202604040500,   1.151,   1.610,   0.500,  -0.041,   1.610,   0.500,   1.610,   0.500,   1.610
202604040506,   1.138,   1.610,9999.000,9999.000,9999.000,9999.000,9999.000,9999.000,9999.000
202604040512,   1.123,   1.610,9999.000,9999.000,9999.000,9999.000,9999.000,9999.000,9999.000
202604040518,   1.107,   1.600,9999.000,9999.000,9999.000,9999.000,9999.000,9999.000,9999.000
202604040524,   1.090,   1.571,9999.000,9999.000,9999.000,9999.000,9999.000,9999.000,9999.000
202604040530,   1.071,   1.548,9999.000,9999.000,9999.000,9999.000,9999.000,9999.000,9999.000
202604040536,   1.051,   1.518,9999.000,9999.000,9999.000,9999.000,9999.000,9999.000,9999.000
202604040542,   1.030,   1.498,9999.000,9999.000,9999.000,9999.000,9999.000,9999.000,9999.000
202604040548,   1.008,   1.469,9999.000,9999.000,9999.000,9999.000,9999.000,9999.000,9999.000
202604040554,   0.984,   1.449,9999.000,9999.000,9999.000,9999.000,9999.000,9999.000,9999.000
202604040600,   0.959,   1.400,   0.500,  -0.059,   1.400,   0.500,   1.400,   0.500,   1.400
202604040606,   0.934,   1.371,9999.000,9999.000,9999.000,9999.000,9999.000,9999.000,9999.000
202604040612,   0.908,   1.348,9999.000,9999.000,9999.000,9999.000,9999.000,9999.000,9999.000
202604040618,   0.881,   1.328,9999.000,9999.000,9999.000,9999.000,9999.000,9999.000,9999.000
202604040624,   0.853,   1.308,9999.000,9999.000,9999.000,9999.000,9999.000,9999.000,9999.000
202604040630,   0.826,   1.279,9999.000,9999.000,9999.000,9999.000,9999.000,9999.000,9999.000
202604040636,   0.797,   1.259,9999.000,9999.000,9999.000,9999.000,9999.000,9999.000,9999.000
202604040642,   0.769,   1.229,9999.000,9999.000,9999.000,9999.000,9999.000,9999.000,9999.000
202604040648,   0.740,   1.210,9999.000,9999.000,9999.000,9999.000,9999.000,9999.000,9999.000
202604040654,   0.711,   1.180,9999.000,9999.000,9999.000,9999.000,9999.000,9999.000,9999.000
202604040700,   0.682,   1.161,   0.500,  -0.021,   1.161,   0.500,   1.161,   0.500,   1.161
202604040706,   0.654,   1.128,9999.000,9999.000,9999.000,9999.000,9999.000,9999.000,9999.000
202604040712,   0.626,   1.098,9999.000,9999.000,9999.000,9999.000,9999.000,9999.000,9999.000
202604040718,   0.598,   1.059,9999.000,9999.000,9999.000,9999.000,9999.000,9999.000,9999.000
202604040724,   0.571,   1.029,9999.000,9999.000,9999.000,9999.000,9999.000,9999.000,9999.000
202604040730,   0.544,   1.000,9999.000,9999.000,9999.000,9999.000,9999.000,9999.000,9999.000
202604040736,   0.519,   0.980,9999.000,9999.000,9999.000,9999.000,9999.000,9999.000,9999.000
202604040742,   0.494,   0.980,9999.000,9999.000,9999.000,9999.000,9999.000,9999.000,9999.000
202604040748,   0.470,   0.961,9999.000,9999.000,9999.000,9999.000,9999.000,9999.000,9999.000
202604040754,   0.447,   0.941,9999.000,9999.000,9999.000,9999.000,9999.000,9999.000,9999.000
202604040800,   0.425,   0.908,   0.500,  -0.017,   0.908,   0.500,   0.908,   0.500,   0.908
202604040806,   0.404,   0.908,9999.000,9999.000,9999.000,9999.000,9999.000,9999.000,9999.000
202604040812,   0.385,   0.898,9999.000,9999.000,9999.000,9999.000,9999.000,9999.000,9999.000
202604040818,   0.367,   0.879,9999.000,9999.000,9999.000,9999.000,9999.000,9999.000,9999.000
202604040824,   0.351,   0.849,9999.000,9999.000,9999.000,9999.000,9999.000,9999.000,9999.000
202604040830,   0.336,   0.829,9999.000,9999.000,9999.000,9999.000,9999.000,9999.000,9999.000
202604040836,   0.323,   0.819,9999.000,9999.000,9999.000,9999.000,9999.000,9999.000,9999.000
202604040842,   0.311,   0.819,9999.000,9999.000,9999.000,9999.000,9999.000,9999.000,9999.000
202604040848,   0.301,   0.819,9999.000,9999.000,9999.000,9999.000,9999.000,9999.000,9999.000
202604040854,   0.293,   0.810,9999.000,9999.000,9999.000,9999.000,9999.000,9999.000,9999.000
202604040900,   0.287,   0.810,   0.500,   0.023,   0.810,   0.500,   0.810,   0.500,   0.810
202604040906,   0.283,   0.800,9999.000,9999.000,9999.000,9999.000,9999.000,9999.000,9999.000
202604040912,   0.280,   0.800,9999.000,9999.000,9999.000,9999.000,9999.000,9999.000,9999.000
202604040918,   0.280,   0.800,9999.000,9999.000,9999.000,9999.000,9999.000,9999.000,9999.000
202604040924,   0.281,   0.800,9999.000,9999.000,9999.000,9999.000,9999.000,9999.000,9999.000
202604040930,   0.284,   0.800,9999.000,9999.000,9999.000,9999.000,9999.000,9999.000,9999.000
202604040936,   0.289,   0.800,9999.000,9999.000,9999.000,9999.000,9999.000,9999.000,9999.000
202604040942,   0.296,   0.800,9999.000,9999.000,9999.000,9999.000,9999.000,9999.000,9999.000
202604040948,   0.305,   0.810,9999.000,9999.000,9999.000,9999.000,9999.000,9999.000,9999.000
202604040954,   0.316,   0.819,9999.000,9999.000,9999.000,9999.000,9999.000,9999.000,9999.000
202604041000,   0.329,   0.849,   0.500,   0.020,   0.849,   0.500,   0.849,   0.500,   0.849
202604041006,   0.343,   0.859,9999.000,9999.000,9999.000,9999.000,9999.000,9999.000,9999.000
202604041012,   0.359,   0.849,9999.000,9999.000,9999.000,9999.000,9999.000,9999.000,9999.000
202604041018,   0.377,   0.859,9999.000,9999.000,9999.000,9999.000,9999.000,9999.000,9999.000
202604041024,   0.396,   0.888,9999.000,9999.000,9999.000,9999.000,9999.000,9999.000,9999.000
202604041030,   0.417,   0.918,9999.000,9999.000,9999.000,9999.000,9999.000,9999.000,9999.000
202604041036,   0.440,   0.928,9999.000,9999.000,9999.000,9999.000,9999.000,9999.000,9999.000
202604041042,   0.463,   0.980,9999.000,9999.000,9999.000,9999.000,9999.000,9999.000,9999.000
202604041048,   0.488,   0.941,9999.000,9999.000,9999.000,9999.000,9999.000,9999.000,9999.000
202604041054,   0.515,   0.970,9999.000,9999.000,9999.000,9999.000,9999.000,9999.000,9999.000
202604041100,   0.542,   1.010,   0.500,  -0.032,   1.010,   0.500,   1.010,   0.600,   1.110
202604041106,   0.571,   1.020,9999.000,9999.000,9999.000,9999.000,9999.000,9999.000,9999.000
202604041112,   0.601,   1.049,9999.000,9999.000,9999.000,9999.000,9999.000,9999.000,9999.000
202604041118,   0.631,   1.098,9999.000,9999.000,9999.000,9999.000,9999.000,9999.000,9999.000
202604041124,   0.662,   1.118,9999.000,9999.000,9999.000,9999.000,9999.000,9999.000,9999.000
202604041130,   0.694,   1.151,9999.000,9999.000,9999.000,9999.000,9999.000,9999.000,9999.000
202604041136,   0.727,   1.190,9999.000,9999.000,9999.000,9999.000,9999.000,9999.000,9999.000
202604041142,   0.760,   1.220,9999.000,9999.000,9999.000,9999.000,9999.000,9999.000,9999.000
202604041148,   0.794,   1.259,9999.000,9999.000,9999.000,9999.000,9999.000,9999.000,9999.000
202604041154,   0.828,   1.289,9999.000,9999.000,9999.000,9999.000,9999.000,9999.000,9999.000
202604041200,   0.862,   1.328,   0.600,  -0.134,   1.328,   0.500,   1.228,   0.600,   1.328
202604041206,   0.896,   1.361,9999.000,9999.000,9999.000,9999.000,9999.000,9999.000,9999.000
202604041212,   0.930,   1.380,9999.000,9999.000,9999.000,9999.000,9999.000,9999.000,9999.000
202604041218,   0.965,   1.410,9999.000,9999.000,9999.000,9999.000,9999.000,9999.000,9999.000
202604041224,   0.999,   1.439,9999.000,9999.000,9999.000,9999.000,9999.000,9999.000,9999.000
202604041230,   1.033,   1.459,9999.000,9999.000,9999.000,9999.000,9999.000,9999.000,9999.000
202604041236,   1.067,   1.508,9999.000,9999.000,9999.000,9999.000,9999.000,9999.000,9999.000
202604041242,   1.100,   1.538,9999.000,9999.000,9999.000,9999.000,9999.000,9999.000,9999.000
202604041248,   1.134,   1.580,9999.000,9999.000,9999.000,9999.000,9999.000,9999.000,9999.000
202604041254,   1.167,   1.600,9999.000,9999.000,9999.000,9999.000,9999.000,9999.000,9999.000
202604041300,   1.199,   1.639,   0.600,  -0.160,   1.639,   0.500,   1.539,   0.600,   1.639
202604041306,   1.231,   1.669,9999.000,9999.000,9999.000,9999.000,9999.000,9999.000,9999.000
202604041312,   1.262,   1.699,9999.000,9999.000,9999.000,9999.000,9999.000,9999.000,9999.000
202604041318,   1.293,   1.728,9999.000,9999.000,9999.000,9999.000,9999.000,9999.000,9999.000
202604041324,   1.323,   1.758,9999.000,9999.000,9999.000,9999.000,9999.000,9999.000,9999.000
202604041330,   1.352,   1.790,9999.000,9999.000,9999.000,9999.000,9999.000,9999.000,9999.000
202604041336,   1.380,   1.820,9999.000,9999.000,9999.000,9999.000,9999.000,9999.000,9999.000
202604041342,   1.408,   1.840,9999.000,9999.000,9999.000,9999.000,9999.000,9999.000,9999.000
202604041348,   1.435,   1.879,9999.000,9999.000,9999.000,9999.000,9999.000,9999.000,9999.000
202604041354,   1.460,   1.899,9999.000,9999.000,9999.000,9999.000,9999.000,9999.000,9999.000
202604041400,   1.485,   1.928,   0.600,  -0.157,   1.928,   0.500,   1.828,   0.600,   1.928
202604041406,   1.509,   1.938,9999.000,9999.000,9999.000,9999.000,9999.000,9999.000,9999.000
202604041412,   1.532,   1.967,9999.000,9999.000,9999.000,9999.000,9999.000,9999.000,9999.000
202604041418,   1.554,   1.990,9999.000,9999.000,9999.000,9999.000,9999.000,9999.000,9999.000
202604041424,   1.574,   2.010,9999.000,9999.000,9999.000,9999.000,9999.000,9999.000,9999.000
202604041430,   1.594,   2.030,9999.000,9999.000,9999.000,9999.000,9999.000,9999.000,9999.000
202604041436,   1.612,   2.049,9999.000,9999.000,9999.000,9999.000,9999.000,9999.000,9999.000
202604041442,   1.629,   2.059,9999.000,9999.000,9999.000,9999.000,9999.000,9999.000,9999.000
202604041448,   1.644,   2.069,9999.000,9999.000,9999.000,9999.000,9999.000,9999.000,9999.000
202604041454,   1.658,   2.069,9999.000,9999.000,9999.000,9999.000,9999.000,9999.000,9999.000
202604041500,   1.671,   2.079,   0.600,  -0.192,   2.079,   0.500,   1.979,   0.600,   2.079
202604041506,   1.682,   2.099,9999.000,9999.000,9999.000,9999.000,9999.000,9999.000,9999.000
202604041512,   1.691,   2.118,9999.000,9999.000,9999.000,9999.000,9999.000,9999.000,9999.000
202604041518,   1.699,   2.138,9999.000,9999.000,9999.000,9999.000,9999.000,9999.000,9999.000
202604041524,   1.705,   2.138,9999.000,9999.000,9999.000,9999.000,9999.000,9999.000,9999.000
202604041530,   1.710,   2.138,9999.000,9999.000,9999.000,9999.000,9999.000,9999.000,9999.000
202604041536,   1.712,   2.138,9999.000,9999.000,9999.000,9999.000,9999.000,9999.000,9999.000
202604041542,   1.713,   2.148,9999.000,9999.000,9999.000,9999.000,9999.000,9999.000,9999.000
202604041548,   1.712,   2.158,9999.000,9999.000,9999.000,9999.000,9999.000,9999.000,9999.000
202604041554,   1.709,   2.148,9999.000,9999.000,9999.000,9999.000,9999.000,9999.000,9999.000
202604041600,   1.704,   2.138,   0.500,  -0.066,   2.138,   0.500,   2.138,   0.600,   2.238
202604041606,   1.697,   2.148,9999.000,9999.000,9999.000,9999.000,9999.000,9999.000,9999.000
202604041612,   1.688,   2.158,9999.000,9999.000,9999.000,9999.000,9999.000,9999.000,9999.000
202604041618,   1.677,   2.138,9999.000,9999.000,9999.000,9999.000,9999.000,9999.000,9999.000
202604041624,   1.664,   2.118,9999.000,9999.000,9999.000,9999.000,9999.000,9999.000,9999.000
202604041630,   1.649,   2.099,9999.000,9999.000,9999.000,9999.000,9999.000,9999.000,9999.000
202604041636,   1.632,   2.089,9999.000,9999.000,9999.000,9999.000,9999.000,9999.000,9999.000
202604041642,   1.613,   2.079,9999.000,9999.000,9999.000,9999.000,9999.000,9999.000,9999.000
202604041648,   1.591,   2.049,9999.000,9999.000,9999.000,9999.000,9999.000,9999.000,9999.000
202604041654,   1.568,   2.030,9999.000,9999.000,9999.000,9999.000,9999.000,9999.000,9999.000
202604041700,   1.543,   2.000,   0.500,  -0.043,   2.000,   0.500,   2.000,   0.600,   2.100
202604041706,   1.515,   1.967,9999.000,9999.000,9999.000,9999.000,9999.000,9999.000,9999.000
202604041712,   1.486,   1.928,9999.000,9999.000,9999.000,9999.000,9999.000,9999.000,9999.000
202604041718,   1.454,   1.879,9999.000,9999.000,9999.000,9999.000,9999.000,9999.000,9999.000
202604041724,   1.421,   1.840,9999.000,9999.000,9999.000,9999.000,9999.000,9999.000,9999.000
202604041730,   1.386,   1.790,9999.000,9999.000,9999.000,9999.000,9999.000,9999.000,9999.000
202604041736,   1.350,   1.738,9999.000,9999.000,9999.000,9999.000,9999.000,9999.000,9999.000
202604041742,   1.311,   1.708,9999.000,9999.000,9999.000,9999.000,9999.000,9999.000,9999.000
202604041748,   1.271,   1.659,9999.000,9999.000,9999.000,9999.000,9999.000,9999.000,9999.000
202604041754,   1.230,   1.610,9999.000,9999.000,9999.000,9999.000,9999.000,9999.000,9999.000
202604041800,   1.187,   1.580,   0.600,  -0.207,   1.580,   0.500,   1.480,   0.600,   1.580
202604041806,   1.143,   1.528,9999.000,9999.000,9999.000,9999.000,9999.000,9999.000,9999.000
202604041812,   1.098,   1.489,9999.000,9999.000,9999.000,9999.000,9999.000,9999.000,9999.000
202604041818,   1.052,   1.439,9999.000,9999.000,9999.000,9999.000,9999.000,9999.000,9999.000
202604041824,   1.005,   1.410,9999.000,9999.000,9999.000,9999.000,9999.000,9999.000,9999.000
202604041830,   0.957,   1.361,9999.000,9999.000,9999.000,9999.000,9999.000,9999.000,9999.000
202604041836,   0.908,   1.328,9999.000,9999.000,9999.000,9999.000,9999.000,9999.000,9999.000
202604041842,   0.859,   1.279,9999.000,9999.000,9999.000,9999.000,9999.000,9999.000,9999.000
202604041848,   0.809,   1.220,9999.000,9999.000,9999.000,9999.000,9999.000,9999.000,9999.000
202604041854,   0.759,   1.151,9999.000,9999.000,9999.000,9999.000,9999.000,9999.000,9999.000
202604041900,   0.709,   1.108,   0.600,  -0.201,   1.108,   0.500,   1.008,   0.600,   1.108
202604041906,   0.659,   1.069,9999.000,9999.000,9999.000,9999.000,9999.000,9999.000,9999.000
202604041912,   0.609,   1.010,9999.000,9999.000,9999.000,9999.000,9999.000,9999.000,9999.000
202604041918,   0.559,   0.961,9999.000,9999.000,9999.000,9999.000,9999.000,9999.000,9999.000
202604041924,   0.509,   0.918,9999.000,9999.000,9999.000,9999.000,9999.000,9999.000,9999.000
202604041930,   0.460,   0.879,9999.000,9999.000,9999.000,9999.000,9999.000,9999.000,9999.000
202604041936,   0.411,   0.839,9999.000,9999.000,9999.000,9999.000,9999.000,9999.000,9999.000
202604041942,   0.364,   0.790,9999.000,9999.000,9999.000,9999.000,9999.000,9999.000,9999.000
202604041948,   0.317,   0.751,9999.000,9999.000,9999.000,9999.000,9999.000,9999.000,9999.000
202604041954,   0.271,   0.708,9999.000,9999.000,9999.000,9999.000,9999.000,9999.000,9999.000
202604042000,   0.226,   0.649,   0.600,  -0.177,   0.649,   0.600,   0.649,   0.600,   0.649
202604042006,   0.182,   0.629,9999.000,9999.000,9999.000,9999.000,9999.000,9999.000,9999.000
202604042012,   0.140,   0.600,9999.000,9999.000,9999.000,9999.000,9999.000,9999.000,9999.000
202604042018,   0.099,   0.580,9999.000,9999.000,9999.000,9999.000,9999.000,9999.000,9999.000
202604042024,   0.059,   0.498,9999.000,9999.000,9999.000,9999.000,9999.000,9999.000,9999.000
202604042030,   0.021,   0.469,9999.000,9999.000,9999.000,9999.000,9999.000,9999.000,9999.000
202604042036,  -0.014,   0.419,9999.000,9999.000,9999.000,9999.000,9999.000,9999.000,9999.000
202604042042,  -0.049,   0.400,9999.000,9999.000,9999.000,9999.000,9999.000,9999.000,9999.000
202604042048,  -0.081,   0.370,9999.000,9999.000,9999.000,9999.000,9999.000,9999.000,9999.000
202604042054,  -0.112,   0.341,9999.000,9999.000,9999.000,9999.000,9999.000,9999.000,9999.000
202604042100,  -0.141,   0.308,   0.600,  -0.151,   0.308,   0.600,   0.308,   0.600,   0.308
202604042106,  -0.167,   0.288,9999.000,9999.000,9999.000,9999.000,9999.000,9999.000,9999.000
202604042112,  -0.192,   0.268,9999.000,9999.000,9999.000,9999.000,9999.000,9999.000,9999.000
202604042118,  -0.214,   0.239,9999.000,9999.000,9999.000,9999.000,9999.000,9999.000,9999.000
202604042124,  -0.235,   0.200,9999.000,9999.000,9999.000,9999.000,9999.000,9999.000,9999.000
202604042130,  -0.253,   0.180,9999.000,9999.000,9999.000,9999.000,9999.000,9999.000,9999.000
202604042136,  -0.269,   0.160,9999.000,9999.000,9999.000,9999.000,9999.000,9999.000,9999.000
202604042142,  -0.283,   0.141,9999.000,9999.000,9999.000,9999.000,9999.000,9999.000,9999.000
202604042148,  -0.294,   0.121,9999.000,9999.000,9999.000,9999.000,9999.000,9999.000,9999.000
202604042154,  -0.303,   0.098,9999.000,9999.000,9999.000,9999.000,9999.000,9999.000,9999.000
202604042200,  -0.310,   0.098,   0.600,  -0.192,   0.098,   0.600,   0.098,   0.600,   0.098
202604042206,  -0.315,   0.088,9999.000,9999.000,9999.000,9999.000,9999.000,9999.000,9999.000
202604042212,  -0.317,   0.098,9999.000,9999.000,9999.000,9999.000,9999.000,9999.000,9999.000
202604042218,  -0.318,   0.098,9999.000,9999.000,9999.000,9999.000,9999.000,9999.000,9999.000
202604042224,  -0.316,   0.111,9999.000,9999.000,9999.000,9999.000,9999.000,9999.000,9999.000
202604042230,  -0.312,   0.098,9999.000,9999.000,9999.000,9999.000,9999.000,9999.000,9999.000
202604042236,  -0.306,   0.098,9999.000,9999.000,9999.000,9999.000,9999.000,9999.000,9999.000
202604042242,  -0.298,   0.098,9999.000,9999.000,9999.000,9999.000,9999.000,9999.000,9999.000
202604042248,  -0.289,   0.088,9999.000,9999.000,9999.000,9999.000,9999.000,9999.000,9999.000
202604042254,  -0.277,   0.098,9999.000,9999.000,9999.000,9999.000,9999.000,9999.000,9999.000
202604042300,  -0.263,   0.111,   0.600,  -0.226,   0.111,   0.600,   0.111,   0.600,   0.111
202604042306,  -0.248,   0.131,9999.000,9999.000,9999.000,9999.000,9999.000,9999.000,9999.000
202604042312,  -0.231,   0.141,9999.000,9999.000,9999.000,9999.000,9999.000,9999.000,9999.000
202604042318,  -0.213,   0.180,9999.000,9999.000,9999.000,9999.000,9999.000,9999.000,9999.000
202604042324,  -0.193,   0.219,9999.000,9999.000,9999.000,9999.000,9999.000,9999.000,9999.000
202604042330,  -0.172,   0.239,9999.000,9999.000,9999.000,9999.000,9999.000,9999.000,9999.000
202604042336,  -0.150,   0.298,9999.000,9999.000,9999.000,9999.000,9999.000,9999.000,9999.000
202604042342,  -0.126,   0.321,9999.000,9999.000,9999.000,9999.000,9999.000,9999.000,9999.000
202604042348,  -0.101,   0.350,9999.000,9999.000,9999.000,9999.000,9999.000,9999.000,9999.000
202604042354,  -0.076,   0.380,9999.000,9999.000,9999.000,9999.000,9999.000,9999.000,9999.000
202604050000,  -0.049,   0.419,   0.600,  -0.132,   0.419,   0.600,   0.419,   0.600,   0.419
202604050006,  -0.022,   0.449,9999.000,9999.000,9999.000,9999.000,9999.000,9999.000,9999.000
202604050012,   0.006,9999.000,9999.000,9999.000,9999.000,9999.000,9999.000,9999.000,9999.000
202604050018,   0.034,9999.000,9999.000,9999.000,9999.000,9999.000,9999.000,9999.000,9999.000
202604050024,   0.064,9999.000,9999.000,9999.000,9999.000,9999.000,9999.000,9999.000,9999.000
202604050030,   0.094,9999.000,9999.000,9999.000,9999.000,9999.000,9999.000,9999.000,9999.000
202604050036,   0.124,9999.000,9999.000,9999.000,9999.000,9999.000,9999.000,9999.000,9999.000
202604050042,   0.155,9999.000,9999.000,9999.000,9999.000,9999.000,9999.000,9999.000,9999.000
202604050048,   0.185,9999.000,9999.000,9999.000,9999.000,9999.000,9999.000,9999.000,9999.000
202604050054,   0.217,   0.629,9999.000,9999.000,9999.000,9999.000,9999.000,9999.000,9999.000
202604050100,   0.248,   0.659,   0.600,  -0.189,   0.659,   0.600,   0.659,   0.600,   0.659
202604050106,   0.279,   0.698,9999.000,9999.000,9999.000,9999.000,9999.000,9999.000,9999.000
202604050112,   0.310,   0.731,9999.000,9999.000,9999.000,9999.000,9999.000,9999.000,9999.000
202604050118,   0.341,   0.780,9999.000,9999.000,9999.000,9999.000,9999.000,9999.000,9999.000
202604050124,   0.372,   0.810,9999.000,9999.000,9999.000,9999.000,9999.000,9999.000,9999.000
202604050130,   0.403,   0.839,9999.000,9999.000,9999.000,9999.000,9999.000,9999.000,9999.000
202604050136,   0.434,   0.859,9999.000,9999.000,9999.000,9999.000,9999.000,9999.000,9999.000
202604050142,   0.464,   0.888,9999.000,9999.000,9999.000,9999.000,9999.000,9999.000,9999.000
202604050148,   0.495,   0.908,9999.000,9999.000,9999.000,9999.000,9999.000,9999.000,9999.000
202604050154,   0.524,   0.928,9999.000,9999.000,9999.000,9999.000,9999.000,9999.000,9999.000
202604050200,   0.554,   0.961,   0.600,  -0.193,   0.961,   0.600,   0.961,   0.600,   0.961
202604050206,   0.583,   0.990,9999.000,9999.000,9999.000,9999.000,9999.000,9999.000,9999.000
202604050212,   0.611,   1.020,9999.000,9999.000,9999.000,9999.000,9999.000,9999.000,9999.000
202604050218,   0.639,   1.059,9999.000,9999.000,9999.000,9999.000,9999.000,9999.000,9999.000
202604050224,   0.667,   1.088,9999.000,9999.000,9999.000,9999.000,9999.000,9999.000,9999.000
202604050230,   0.694,   1.118,9999.000,9999.000,9999.000,9999.000,9999.000,9999.000,9999.000
202604050236,   0.720,   1.161,9999.000,9999.000,9999.000,9999.000,9999.000,9999.000,9999.000
202604050242,   0.746,   1.190,9999.000,9999.000,9999.000,9999.000,9999.000,9999.000,9999.000
202604050248,   0.771,   1.220,9999.000,9999.000,9999.000,9999.000,9999.000,9999.000,9999.000
202604050254,   0.795,   1.239,9999.000,9999.000,9999.000,9999.000,9999.000,9999.000,9999.000
202604050300,   0.819,   1.279,   0.600,  -0.140,   1.279,   0.600,   1.279,   0.600,   1.279
202604050306,   0.841,   1.289,9999.000,9999.000,9999.000,9999.000,9999.000,9999.000,9999.000
202604050312,   0.863,   1.308,9999.000,9999.000,9999.000,9999.000,9999.000,9999.000,9999.000
202604050318,   0.884,   1.308,9999.000,9999.000,9999.000,9999.000,9999.000,9999.000,9999.000
202604050324,   0.904,9999.000,9999.000,9999.000,9999.000,9999.000,9999.000,9999.000,9999.000
202604050330,   0.923,   1.328,9999.000,9999.000,9999.000,9999.000,9999.000,9999.000,9999.000
202604050336,   0.941,   1.348,9999.000,9999.000,9999.000,9999.000,9999.000,9999.000,9999.000
202604050342,   0.957,   1.371,9999.000,9999.000,9999.000,9999.000,9999.000,9999.000,9999.000
202604050348,   0.973,   1.390,9999.000,9999.000,9999.000,9999.000,9999.000,9999.000,9999.000
202604050354,   0.987,   1.410,9999.000,9999.000,9999.000,9999.000,9999.000,9999.000,9999.000
202604050400,   1.001,   1.430,   0.600,  -0.171,   1.430,   0.500,   1.330,   0.600,   1.430
202604050406,   1.013,   1.439,9999.000,9999.000,9999.000,9999.000,9999.000,9999.000,9999.000
202604050412,   1.023,   1.449,9999.000,9999.000,9999.000,9999.000,9999.000,9999.000,9999.000
202604050418,   1.032,   1.459,9999.000,9999.000,9999.000,9999.000,9999.000,9999.000,9999.000
202604050424,   1.040,   1.459,9999.000,9999.000,9999.000,9999.000,9999.000,9999.000,9999.000
202604050430,   1.047,   1.459,9999.000,9999.000,9999.000,9999.000,9999.000,9999.000,9999.000
202604050436,   1.052,   1.469,9999.000,9999.000,9999.000,9999.000,9999.000,9999.000,9999.000
202604050442,   1.055,   1.479,9999.000,9999.000,9999.000,9999.000,9999.000,9999.000,9999.000
202604050448,   1.058,   1.469,9999.000,9999.000,9999.000,9999.000,9999.000,9999.000,9999.000
202604050454,   1.058,   1.479,9999.000,9999.000,9999.000,9999.000,9999.000,9999.000,9999.000
202604050500,   1.057,   1.498,   0.600,  -0.159,   1.498,   0.500,   1.398,   0.600,   1.498
202604050506,   1.055,   1.479,9999.000,9999.000,9999.000,9999.000,9999.000,9999.000,9999.000
202604050512,   1.051,   1.498,9999.000,9999.000,9999.000,9999.000,9999.000,9999.000,9999.000
202604050518,   1.046,   1.498,9999.000,9999.000,9999.000,9999.000,9999.000,9999.000,9999.000
202604050524,   1.039,   1.498,9999.000,9999.000,9999.000,9999.000,9999.000,9999.000,9999.000
202604050530,   1.031,   1.508,9999.000,9999.000,9999.000,9999.000,9999.000,9999.000,9999.000
202604050536,   1.021,   1.498,9999.000,9999.000,9999.000,9999.000,9999.000,9999.000,9999.000
202604050542,   1.010,   1.479,9999.000,9999.000,9999.000,9999.000,9999.000,9999.000,9999.000
202604050548,   0.998,   1.469,9999.000,9999.000,9999.000,9999.000,9999.000,9999.000,9999.000
202604050554,   0.984,   1.459,9999.000,9999.000,9999.000,9999.000,9999.000,9999.000,9999.000
202604050600,   0.969,   1.439,   0.500,  -0.030,   1.439,   0.500,   1.439,   0.600,   1.539
202604050606,   0.953,   1.430,9999.000,9999.000,9999.000,9999.000,9999.000,9999.000,9999.000
202604050612,   0.936,   1.420,9999.000,9999.000,9999.000,9999.000,9999.000,9999.000,9999.000
202604050618,   0.918,   1.390,9999.000,9999.000,9999.000,9999.000,9999.000,9999.000,9999.000
202604050624,   0.899,   1.361,9999.000,9999.000,9999.000,9999.000,9999.000,9999.000,9999.000
202604050630,   0.879,   1.328,9999.000,9999.000,9999.000,9999.000,9999.000,9999.000,9999.000
202604050636,   0.859,   1.298,9999.000,9999.000,9999.000,9999.000,9999.000,9999.000,9999.000
202604050642,   0.837,   1.259,9999.000,9999.000,9999.000,9999.000,9999.000,9999.000,9999.000
202604050648,   0.815,   1.239,9999.000,9999.000,9999.000,9999.000,9999.000,9999.000,9999.000
202604050654,   0.793,   1.229,9999.000,9999.000,9999.000,9999.000,9999.000,9999.000,9999.000
202604050700,   0.770,   1.220,   0.500,  -0.050,   1.220,   0.500,   1.220,   0.600,   1.320
202604050706,   0.747,   1.200,9999.000,9999.000,9999.000,9999.000,9999.000,9999.000,9999.000
202604050712,   0.724,   1.180,9999.000,9999.000,9999.000,9999.000,9999.000,9999.000,9999.000
202604050718,   0.700,   1.170,9999.000,9999.000,9999.000,9999.000,9999.000,9999.000,9999.000
202604050724,   0.677,   1.170,9999.000,9999.000,9999.000,9999.000,9999.000,9999.000,9999.000
202604050730,   0.654,   1.128,9999.000,9999.000,9999.000,9999.000,9999.000,9999.000,9999.000
202604050736,   0.631,   1.118,9999.000,9999.000,9999.000,9999.000,9999.000,9999.000,9999.000
202604050742,   0.608,   1.088,9999.000,9999.000,9999.000,9999.000,9999.000,9999.000,9999.000
202604050748,   0.585,   1.059,9999.000,9999.000,9999.000,9999.000,9999.000,9999.000,9999.000
202604050754,   0.563,   1.029,9999.000,9999.000,9999.000,9999.000,9999.000,9999.000,9999.000
202604050800,   0.542,   1.010,   0.500,  -0.032,   1.010,   0.500,   1.010,   0.600,   1.110
202604050806,   0.521,   0.990,9999.000,9999.000,9999.000,9999.000,9999.000,9999.000,9999.000
202604050812,   0.501,   0.980,9999.000,9999.000,9999.000,9999.000,9999.000,9999.000,9999.000
202604050818,   0.481,   1.000,9999.000,9999.000,9999.000,9999.000,9999.000,9999.000,9999.000
202604050824,   0.463,   0.970,9999.000,9999.000,9999.000,9999.000,9999.000,9999.000,9999.000
202604050830,   0.446,   0.941,9999.000,9999.000,9999.000,9999.000,9999.000,9999.000,9999.000
202604050836,   0.429,   0.928,9999.000,9999.000,9999.000,9999.000,9999.000,9999.000,9999.000
202604050842,   0.414,   0.918,9999.000,9999.000,9999.000,9999.000,9999.000,9999.000,9999.000
202604050848,   0.400,   0.918,9999.000,9999.000,9999.000,9999.000,9999.000,9999.000,9999.000
202604050854,   0.387,   0.908,9999.000,9999.000,9999.000,9999.000,9999.000,9999.000,9999.000
202604050900,   0.376,   0.908,   0.600,  -0.068,   0.908,   0.500,   0.808,   0.600,   0.908
202604050906,   0.365,   0.898,9999.000,9999.000,9999.000,9999.000,9999.000,9999.000,9999.000
202604050912,   0.357,   0.898,9999.000,9999.000,9999.000,9999.000,9999.000,9999.000,9999.000
202604050918,   0.349,   0.888,9999.000,9999.000,9999.000,9999.000,9999.000,9999.000,9999.000
202604050924,   0.343,   0.888,9999.000,9999.000,9999.000,9999.000,9999.000,9999.000,9999.000
202604050930,   0.339,   0.879,9999.000,9999.000,9999.000,9999.000,9999.000,9999.000,9999.000
202604050936,   0.336,   0.888,9999.000,9999.000,9999.000,9999.000,9999.000,9999.000,9999.000
202604050942,   0.335,   0.888,9999.000,9999.000,9999.000,9999.000,9999.000,9999.000,9999.000
202604050948,   0.336,   0.879,9999.000,9999.000,9999.000,9999.000,9999.000,9999.000,9999.000
202604050954,   0.338,   0.888,9999.000,9999.000,9999.000,9999.000,9999.000,9999.000,9999.000
202604051000,   0.341,   0.888,   0.600,  -0.053,   0.888,   0.500,   0.788,   0.600,   0.888
202604051006,   0.346,   0.888,9999.000,9999.000,9999.000,9999.000,9999.000,9999.000,9999.000
202604051012,   0.353,   0.898,9999.000,9999.000,9999.000,9999.000,9999.000,9999.000,9999.000
202604051018,   0.362,   0.918,9999.000,9999.000,9999.000,9999.000,9999.000,9999.000,9999.000
202604051024,   0.372,   0.918,9999.000,9999.000,9999.000,9999.000,9999.000,9999.000,9999.000
202604051030,   0.383,   0.941,9999.000,9999.000,9999.000,9999.000,9999.000,9999.000,9999.000
202604051036,   0.397,   0.961,9999.000,9999.000,9999.000,9999.000,9999.000,9999.000,9999.000
202604051042,   0.411,   0.990,9999.000,9999.000,9999.000,9999.000,9999.000,9999.000,9999.000
202604051048,   0.427,   1.000,9999.000,9999.000,9999.000,9999.000,9999.000,9999.000,9999.000
202604051054,   0.445,   1.010,9999.000,9999.000,9999.000,9999.000,9999.000,9999.000,9999.000
202604051100,   0.464,   1.020,   0.600,  -0.044,   1.020,   0.600,   1.020,   0.600,   1.020
202604051106,   0.484,   1.020,9999.000,9999.000,9999.000,9999.000,9999.000,9999.000,9999.000
202604051112,   0.506,   1.039,9999.000,9999.000,9999.000,9999.000,9999.000,9999.000,9999.000
202604051118,   0.528,   1.069,9999.000,9999.000,9999.000,9999.000,9999.000,9999.000,9999.000
202604051124,   0.552,   1.098,9999.000,9999.000,9999.000,9999.000,9999.000,9999.000,9999.000
202604051130,   0.577,   1.138,9999.000,9999.000,9999.000,9999.000,9999.000,9999.000,9999.000
202604051136,   0.603,   1.161,9999.000,9999.000,9999.000,9999.000,9999.000,9999.000,9999.000
202604051142,   0.630,   1.190,9999.000,9999.000,9999.000,9999.000,9999.000,9999.000,9999.000
202604051148,   0.658,   1.210,9999.000,9999.000,9999.000,9999.000,9999.000,9999.000,9999.000
202604051154,   0.687,   1.239,9999.000,9999.000,9999.000,9999.000,9999.000,9999.000,9999.000
202604051200,   0.716,   1.269,   0.600,  -0.047,   1.269,   0.600,   1.269,   0.600,   1.269
202604051206,   0.746,   1.298,9999.000,9999.000,9999.000,9999.000,9999.000,9999.000,9999.000
202604051212,   0.776,   1.328,9999.000,9999.000,9999.000,9999.000,9999.000,9999.000,9999.000
202604051218,   0.807,   1.371,9999.000,9999.000,9999.000,9999.000,9999.000,9999.000,9999.000
202604051224,   0.839,   1.390,9999.000,9999.000,9999.000,9999.000,9999.000,9999.000,9999.000
202604051230,   0.870,   1.430,9999.000,9999.000,9999.000,9999.000,9999.000,9999.000,9999.000
202604051236,   0.902,   1.449,9999.000,9999.000,9999.000,9999.000,9999.000,9999.000,9999.000
202604051242,   0.934,   1.489,9999.000,9999.000,9999.000,9999.000,9999.000,9999.000,9999.000
202604051248,   0.966,   1.518,9999.000,9999.000,9999.000,9999.000,9999.000,9999.000,9999.000
202604051254,   0.998,   1.538,9999.000,9999.000,9999.000,9999.000,9999.000,9999.000,9999.000
202604051300,   1.030,   1.571,   0.600,  -0.059,   1.571,   0.600,   1.571,   0.600,   1.571
202604051306,   1.062,   1.610,9999.000,9999.000,9999.000,9999.000,9999.000,9999.000,9999.000
202604051312,   1.093,   1.639,9999.000,9999.000,9999.000,9999.000,9999.000,9999.000,9999.000
202604051318,   1.124,   1.659,9999.000,9999.000,9999.000,9999.000,9999.000,9999.000,9999.000
202604051324,   1.155,   1.679,9999.000,9999.000,9999.000,9999.000,9999.000,9999.000,9999.000
202604051330,   1.186,   1.708,9999.000,9999.000,9999.000,9999.000,9999.000,9999.000,9999.000
202604051336,   1.216,   1.738,9999.000,9999.000,9999.000,9999.000,9999.000,9999.000,9999.000
202604051342,   1.245,   1.767,9999.000,9999.000,9999.000,9999.000,9999.000,9999.000,9999.000
202604051348,   1.274,   1.790,9999.000,9999.000,9999.000,9999.000,9999.000,9999.000,9999.000
202604051354,   1.302,   1.830,9999.000,9999.000,9999.000,9999.000,9999.000,9999.000,9999.000
202604051400,   1.330,   1.849,   0.600,  -0.081,   1.849,   0.600,   1.849,   0.600,   1.849
202604051406,   1.357,   1.879,9999.000,9999.000,9999.000,9999.000,9999.000,9999.000,9999.000
202604051412,   1.383,   1.869,9999.000,9999.000,9999.000,9999.000,9999.000,9999.000,9999.000
202604051418,   1.408,   1.908,9999.000,9999.000,9999.000,9999.000,9999.000,9999.000,9999.000
202604051424,   1.432,   1.918,9999.000,9999.000,9999.000,9999.000,9999.000,9999.000,9999.000
202604051430,   1.456,   1.958,9999.000,9999.000,9999.000,9999.000,9999.000,9999.000,9999.000
202604051436,   1.478,   1.967,9999.000,9999.000,9999.000,9999.000,9999.000,9999.000,9999.000
202604051442,   1.500,   2.010,9999.000,9999.000,9999.000,9999.000,9999.000,9999.000,9999.000
202604051448,   1.520,   2.040,9999.000,9999.000,9999.000,9999.000,9999.000,9999.000,9999.000
202604051454,   1.539,   2.079,9999.000,9999.000,9999.000,9999.000,9999.000,9999.000,9999.000
202604051500,   1.558,   2.089,   0.600,  -0.069,   2.089,   0.500,   1.989,   0.600,   2.089
202604051506,   1.575,   2.099,9999.000,9999.000,9999.000,9999.000,9999.000,9999.000,9999.000
202604051512,   1.590,   2.109,9999.000,9999.000,9999.000,9999.000,9999.000,9999.000,9999.000
202604051518,   1.605,   2.109,9999.000,9999.000,9999.000,9999.000,9999.000,9999.000,9999.000
202604051524,   1.618,   2.109,9999.000,9999.000,9999.000,9999.000,9999.000,9999.000,9999.000
202604051530,   1.630,   2.128,9999.000,9999.000,9999.000,9999.000,9999.000,9999.000,9999.000
202604051536,   1.640,   2.138,9999.000,9999.000,9999.000,9999.000,9999.000,9999.000,9999.000
202604051542,   1.649,   2.148,9999.000,9999.000,9999.000,9999.000,9999.000,9999.000,9999.000
202604051548,   1.657,   2.158,9999.000,9999.000,9999.000,9999.000,9999.000,9999.000,9999.000
202604051554,   1.663,   2.168,9999.000,9999.000,9999.000,9999.000,9999.000,9999.000,9999.000
202604051600,   1.667,   2.191,   0.600,  -0.076,   2.191,   0.500,   2.091,   0.600,   2.191
202604051606,   1.670,   2.200,9999.000,9999.000,9999.000,9999.000,9999.000,9999.000,9999.000
202604051612,   1.671,   2.210,9999.000,9999.000,9999.000,9999.000,9999.000,9999.000,9999.000
202604051618,   1.670,   2.210,9999.000,9999.000,9999.000,9999.000,9999.000,9999.000,9999.000
202604051624,   1.667,   2.200,9999.000,9999.000,9999.000,9999.000,9999.000,9999.000,9999.000
202604051630,   1.663,   2.191,9999.000,9999.000,9999.000,9999.000,9999.000,9999.000,9999.000
202604051636,   1.657,   2.191,9999.000,9999.000,9999.000,9999.000,9999.000,9999.000,9999.000
202604051642,   1.649,   2.191,9999.000,9999.000,9999.000,9999.000,9999.000,9999.000,9999.000
202604051648,   1.639,   2.177,9999.000,9999.000,9999.000,9999.000,9999.000,9999.000,9999.000
202604051654,   1.627,   2.158,9999.000,9999.000,9999.000,9999.000,9999.000,9999.000,9999.000
202604051700,   1.613,   2.158,   0.600,  -0.055,   2.158,   0.500,   2.058,   0.600,   2.158
202604051706,   1.598,   2.148,9999.000,9999.000,9999.000,9999.000,9999.000,9999.000,9999.000
202604051712,   1.580,   2.128,9999.000,9999.000,9999.000,9999.000,9999.000,9999.000,9999.000
202604051718,   1.560,   2.109,9999.000,9999.000,9999.000,9999.000,9999.000,9999.000,9999.000
202604051724,   1.539,   2.099,9999.000,9999.000,9999.000,9999.000,9999.000,9999.000,9999.000
202604051730,   1.516,   2.059,9999.000,9999.000,9999.000,9999.000,9999.000,9999.000,9999.000
202604051736,   1.490,   2.020,9999.000,9999.000,9999.000,9999.000,9999.000,9999.000,9999.000
202604051742,   1.463,   1.981,9999.000,9999.000,9999.000,9999.000,9999.000,9999.000,9999.000
202604051748,   1.435,   1.938,9999.000,9999.000,9999.000,9999.000,9999.000,9999.000,9999.000
202604051754,   1.404,   1.908,9999.000,9999.000,9999.000,9999.000,9999.000,9999.000,9999.000
202604051800,   1.372,   1.879,   0.600,  -0.093,   1.879,   0.600,   1.879,   0.600,   1.879
202604051806,   1.338,   1.820,9999.000,9999.000,9999.000,9999.000,9999.000,9999.000,9999.000
202604051812,   1.302,   1.767,9999.000,9999.000,9999.000,9999.000,9999.000,9999.000,9999.000
202604051818,   1.266,   1.728,9999.000,9999.000,9999.000,9999.000,9999.000,9999.000,9999.000
202604051824,   1.227,   1.689,9999.000,9999.000,9999.000,9999.000,9999.000,9999.000,9999.000
202604051830,   1.188,   1.639,9999.000,9999.000,9999.000,9999.000,9999.000,9999.000,9999.000
202604051836,   1.147,   1.590,9999.000,9999.000,9999.000,9999.000,9999.000,9999.000,9999.000
202604051842,   1.105,   1.548,9999.000,9999.000,9999.000,9999.000,9999.000,9999.000,9999.000
202604051848,   1.062,   1.518,9999.000,9999.000,9999.000,9999.000,9999.000,9999.000,9999.000
202604051854,   1.018,   1.469,9999.000,9999.000,9999.000,9999.000,9999.000,9999.000,9999.000
202604051900,   0.973,   1.430,   0.600,  -0.143,   1.430,   0.600,   1.430,   0.600,   1.430
202604051906,   0.928,   1.380,9999.000,9999.000,9999.000,9999.000,9999.000,9999.000,9999.000
202604051912,   0.882,   1.338,9999.000,9999.000,9999.000,9999.000,9999.000,9999.000,9999.000
202604051918,   0.836,   1.279,9999.000,9999.000,9999.000,9999.000,9999.000,9999.000,9999.000
202604051924,   0.789,   1.220,9999.000,9999.000,9999.000,9999.000,9999.000,9999.000,9999.000
202604051930,   0.742,   1.170,9999.000,9999.000,9999.000,9999.000,9999.000,9999.000,9999.000
202604051936,   0.695,   1.138,9999.000,9999.000,9999.000,9999.000,9999.000,9999.000,9999.000
202604051942,   0.648,   1.108,9999.000,9999.000,9999.000,9999.000,9999.000,9999.000,9999.000
202604051948,   0.601,   1.059,9999.000,9999.000,9999.000,9999.000,9999.000,9999.000,9999.000
202604051954,   0.555,   1.010,9999.000,9999.000,9999.000,9999.000,9999.000,9999.000,9999.000
202604052000,   0.509,   0.990,   0.600,  -0.119,   0.990,   0.600,   0.990,   0.600,   0.990
202604052006,   0.463,   0.951,9999.000,9999.000,9999.000,9999.000,9999.000,9999.000,9999.000
202604052012,   0.418,   0.918,9999.000,9999.000,9999.000,9999.000,9999.000,9999.000,9999.000
202604052018,   0.374,   0.859,9999.000,9999.000,9999.000,9999.000,9999.000,9999.000,9999.000
202604052024,   0.330,   0.800,9999.000,9999.000,9999.000,9999.000,9999.000,9999.000,9999.000
202604052030,   0.287,   0.770,9999.000,9999.000,9999.000,9999.000,9999.000,9999.000,9999.000
202604052036,   0.246,   0.741,9999.000,9999.000,9999.000,9999.000,9999.000,9999.000,9999.000
202604052042,   0.205,   0.688,9999.000,9999.000,9999.000,9999.000,9999.000,9999.000,9999.000
202604052048,   0.166,   0.639,9999.000,9999.000,9999.000,9999.000,9999.000,9999.000,9999.000
202604052054,   0.128,   0.590,9999.000,9999.000,9999.000,9999.000,9999.000,9999.000,9999.000
202604052100,   0.091,   0.551,   0.600,  -0.140,   0.551,   0.600,   0.551,   0.600,   0.551
202604052106,   0.056,   0.590,9999.000,9999.000,9999.000,9999.000,9999.000,9999.000,9999.000
202604052112,   0.022,   0.551,9999.000,9999.000,9999.000,9999.000,9999.000,9999.000,9999.000
202604052118,  -0.009,   0.498,9999.000,9999.000,9999.000,9999.000,9999.000,9999.000,9999.000
202604052124,  -0.039,   0.429,9999.000,9999.000,9999.000,9999.000,9999.000,9999.000,9999.000
202604052130,  -0.068,   0.400,9999.000,9999.000,9999.000,9999.000,9999.000,9999.000,9999.000
202604052136,  -0.095,   0.380,9999.000,9999.000,9999.000,9999.000,9999.000,9999.000,9999.000
202604052142,  -0.120,   0.360,9999.000,9999.000,9999.000,9999.000,9999.000,9999.000,9999.000
202604052148,  -0.144,   0.341,9999.000,9999.000,9999.000,9999.000,9999.000,9999.000,9999.000
202604052154,  -0.165,   0.308,9999.000,9999.000,9999.000,9999.000,9999.000,9999.000,9999.000
202604052200,  -0.185,   0.278,   0.600,  -0.137,   0.278,   0.600,   0.278,   0.600,   0.278
202604052206,  -0.202,   0.278,9999.000,9999.000,9999.000,9999.000,9999.000,9999.000,9999.000
202604052212,  -0.218,   0.268,9999.000,9999.000,9999.000,9999.000,9999.000,9999.000,9999.000
202604052218,  -0.232,   0.249,9999.000,9999.000,9999.000,9999.000,9999.000,9999.000,9999.000
202604052224,  -0.244,   0.229,9999.000,9999.000,9999.000,9999.000,9999.000,9999.000,9999.000
202604052230,  -0.253,   0.200,9999.000,9999.000,9999.000,9999.000,9999.000,9999.000,9999.000
202604052236,  -0.261,   0.180,9999.000,9999.000,9999.000,9999.000,9999.000,9999.000,9999.000
202604052242,  -0.267,   0.190,9999.000,9999.000,9999.000,9999.000,9999.000,9999.000,9999.000
202604052248,  -0.271,   0.180,9999.000,9999.000,9999.000,9999.000,9999.000,9999.000,9999.000
202604052254,  -0.273,   0.180,9999.000,9999.000,9999.000,9999.000,9999.000,9999.000,9999.000
202604052300,  -0.273,   0.190,   0.600,  -0.137,   0.190,   0.600,   0.190,   0.700,   0.290
202604052306,  -0.272,   0.190,9999.000,9999.000,9999.000,9999.000,9999.000,9999.000,9999.000
202604052312,  -0.268,   0.190,9999.000,9999.000,9999.000,9999.000,9999.000,9999.000,9999.000
202604052318,  -0.263,9999.000,9999.000,9999.000,9999.000,9999.000,9999.000,9999.000,9999.000
202604052324,  -0.256,   0.209,9999.000,9999.000,9999.000,9999.000,9999.000,9999.000,9999.000
202604052330,  -0.247,   0.219,9999.000,9999.000,9999.000,9999.000,9999.000,9999.000,9999.000
202604052336,  -0.236,   0.239,9999.000,9999.000,9999.000,9999.000,9999.000,9999.000,9999.000
202604052342,  -0.224,   0.239,9999.000,9999.000,9999.000,9999.000,9999.000,9999.000,9999.000
202604052348,  -0.211,   0.268,9999.000,9999.000,9999.000,9999.000,9999.000,9999.000,9999.000
202604052354,  -0.196,   0.298,9999.000,9999.000,9999.000,9999.000,9999.000,9999.000,9999.000
202604060000,  -0.180,   0.308,   0.600,  -0.112,   0.308,   0.600,   0.308,   0.700,   0.408
202604060006,  -0.162,   0.341,9999.000,9999.000,9999.000,9999.000,9999.000,9999.000,9999.000
202604060012,  -0.144,   0.370,9999.000,9999.000,9999.000,9999.000,9999.000,9999.000,9999.000
202604060018,  -0.124,   0.390,9999.000,9999.000,9999.000,9999.000,9999.000,9999.000,9999.000
202604060024,  -0.103,   0.409,9999.000,9999.000,9999.000,9999.000,9999.000,9999.000,9999.000
202604060030,  -0.081,   0.429,9999.000,9999.000,9999.000,9999.000,9999.000,9999.000,9999.000
202604060036,  -0.058,   0.459,9999.000,9999.000,9999.000,9999.000,9999.000,9999.000,9999.000
202604060042,  -0.034,   0.478,9999.000,9999.000,9999.000,9999.000,9999.000,9999.000,9999.000
202604060048,  -0.010,   0.498,9999.000,9999.000,9999.000,9999.000,9999.000,9999.000,9999.000
202604060054,   0.014,   0.518,9999.000,9999.000,9999.000,9999.000,9999.000,9999.000,9999.000
202604060100,   0.040,   0.531,   0.600,  -0.109,   0.531,   0.600,   0.531,   0.700,   0.631
202604060106,   0.066,   0.551,9999.000,9999.000,9999.000,9999.000,9999.000,9999.000,9999.000
202604060112,   0.092,   0.551,9999.000,9999.000,9999.000,9999.000,9999.000,9999.000,9999.000
202604060118,   0.119,   0.580,9999.000,9999.000,9999.000,9999.000,9999.000,9999.000,9999.000
202604060124,   0.147,   0.610,9999.000,9999.000,9999.000,9999.000,9999.000,9999.000,9999.000
202604060130,   0.174,   0.629,9999.000,9999.000,9999.000,9999.000,9999.000,9999.000,9999.000
202604060136,   0.202,   0.669,9999.000,9999.000,9999.000,9999.000,9999.000,9999.000,9999.000
202604060142,   0.229,   0.688,9999.000,9999.000,9999.000,9999.000,9999.000,9999.000,9999.000
202604060148,   0.257,   0.731,9999.000,9999.000,9999.000,9999.000,9999.000,9999.000,9999.000
202604060154,   0.285,   0.751,9999.000,9999.000,9999.000,9999.000,9999.000,9999.000,9999.000
202604060200,   0.312,   0.770,   0.600,  -0.142,   0.770,   0.600,   0.770,   0.700,   0.870
202604060206,   0.340,   0.790,9999.000,9999.000,9999.000,9999.000,9999.000,9999.000,9999.000
202604060212,   0.367,   0.819,9999.000,9999.000,9999.000,9999.000,9999.000,9999.000,9999.000
202604060218,   0.395,   0.849,9999.000,9999.000,9999.000,9999.000,9999.000,9999.000,9999.000
202604060224,   0.421,   0.879,9999.000,9999.000,9999.000,9999.000,9999.000,9999.000,9999.000
202604060230,   0.448,   0.888,9999.000,9999.000,9999.000,9999.000,9999.000,9999.000,9999.000
202604060236,   0.474,   0.928,9999.000,9999.000,9999.000,9999.000,9999.000,9999.000,9999.000
202604060242,   0.500,   0.941,9999.000,9999.000,9999.000,9999.000,9999.000,9999.000,9999.000
202604060248,   0.526,   0.961,9999.000,9999.000,9999.000,9999.000,9999.000,9999.000,9999.000
202604060254,   0.551,   0.980,9999.000,9999.000,9999.000,9999.000,9999.000,9999.000,9999.000
202604060300,   0.575,   1.010,   0.600,  -0.165,   1.010,   0.600,   1.010,   0.600,   1.010
202604060306,   0.599,   1.029,9999.000,9999.000,9999.000,9999.000,9999.000,9999.000,9999.000
202604060312,   0.623,   1.049,9999.000,9999.000,9999.000,9999.000,9999.000,9999.000,9999.000
202604060318,   0.645,   1.079,9999.000,9999.000,9999.000,9999.000,9999.000,9999.000,9999.000
202604060324,   0.668,   1.098,9999.000,9999.000,9999.000,9999.000,9999.000,9999.000,9999.000
202604060330,   0.689,   1.138,9999.000,9999.000,9999.000,9999.000,9999.000,9999.000,9999.000
202604060336,   0.710,   1.161,9999.000,9999.000,9999.000,9999.000,9999.000,9999.000,9999.000
202604060342,   0.730,   1.170,9999.000,9999.000,9999.000,9999.000,9999.000,9999.000,9999.000
202604060348,   0.749,   1.190,9999.000,9999.000,9999.000,9999.000,9999.000,9999.000,9999.000
202604060354,   0.768,   1.190,9999.000,9999.000,9999.000,9999.000,9999.000,9999.000,9999.000
202604060400,   0.786,   1.210,   0.600,  -0.176,   1.210,   0.600,   1.210,   0.600,   1.210
202604060406,   0.802,   1.229,9999.000,9999.000,9999.000,9999.000,9999.000,9999.000,9999.000
202604060412,   0.818,   1.249,9999.000,9999.000,9999.000,9999.000,9999.000,9999.000,9999.000
202604060418,   0.833,   1.259,9999.000,9999.000,9999.000,9999.000,9999.000,9999.000,9999.000
202604060424,   0.847,   1.279,9999.000,9999.000,9999.000,9999.000,9999.000,9999.000,9999.000
202604060430,   0.860,   1.308,9999.000,9999.000,9999.000,9999.000,9999.000,9999.000,9999.000
202604060436,   0.872,   1.328,9999.000,9999.000,9999.000,9999.000,9999.000,9999.000,9999.000
202604060442,   0.882,   1.348,9999.000,9999.000,9999.000,9999.000,9999.000,9999.000,9999.000
202604060448,   0.892,   1.361,9999.000,9999.000,9999.000,9999.000,9999.000,9999.000,9999.000
202604060454,   0.900,   1.371,9999.000,9999.000,9999.000,9999.000,9999.000,9999.000,9999.000
202604060500,   0.907,   1.371,   0.600,  -0.136,   1.371,   0.600,   1.371,   0.600,   1.371
202604060506,   0.913,   1.380,9999.000,9999.000,9999.000,9999.000,9999.000,9999.000,9999.000
202604060512,   0.918,   1.371,9999.000,9999.000,9999.000,9999.000,9999.000,9999.000,9999.000
202604060518,   0.922,   1.371,9999.000,9999.000,9999.000,9999.000,9999.000,9999.000,9999.000
202604060524,   0.924,   1.361,9999.000,9999.000,9999.000,9999.000,9999.000,9999.000,9999.000
202604060530,   0.925,   1.361,9999.000,9999.000,9999.000,9999.000,9999.000,9999.000,9999.000
202604060536,   0.925,   1.348,9999.000,9999.000,9999.000,9999.000,9999.000,9999.000,9999.000
202604060542,   0.923,   1.348,9999.000,9999.000,9999.000,9999.000,9999.000,9999.000,9999.000
202604060548,   0.920,   1.361,9999.000,9999.000,9999.000,9999.000,9999.000,9999.000,9999.000
202604060554,   0.916,   1.371,9999.000,9999.000,9999.000,9999.000,9999.000,9999.000,9999.000
202604060600,   0.911,   1.371,   0.600,  -0.140,   1.371,   0.600,   1.371,   0.600,   1.371
202604060606,   0.905,   1.380,9999.000,9999.000,9999.000,9999.000,9999.000,9999.000,9999.000
202604060612,   0.897,   1.371,9999.000,9999.000,9999.000,9999.000,9999.000,9999.000,9999.000
202604060618,   0.888,   1.348,9999.000,9999.000,9999.000,9999.000,9999.000,9999.000,9999.000
202604060624,   0.879,   1.328,9999.000,9999.000,9999.000,9999.000,9999.000,9999.000,9999.000
202604060630,   0.868,   1.318,9999.000,9999.000,9999.000,9999.000,9999.000,9999.000,9999.000
202604060636,   0.856,   1.298,9999.000,9999.000,9999.000,9999.000,9999.000,9999.000,9999.000
202604060642,   0.844,   1.279,9999.000,9999.000,9999.000,9999.000,9999.000,9999.000,9999.000
202604060648,   0.830,   1.269,9999.000,9999.000,9999.000,9999.000,9999.000,9999.000,9999.000
202604060654,   0.816,   1.249,9999.000,9999.000,9999.000,9999.000,9999.000,9999.000,9999.000
202604060700,   0.801,   1.239,   0.600,  -0.162,   1.239,   0.600,   1.239,   0.600,   1.239
202604060706,   0.785,   1.220,9999.000,9999.000,9999.000,9999.000,9999.000,9999.000,9999.000
202604060712,   0.769,   1.200,9999.000,9999.000,9999.000,9999.000,9999.000,9999.000,9999.000
202604060718,   0.752,   1.190,9999.000,9999.000,9999.000,9999.000,9999.000,9999.000,9999.000
202604060724,   0.735,   1.180,9999.000,9999.000,9999.000,9999.000,9999.000,9999.000,9999.000
202604060730,   0.718,   1.170,9999.000,9999.000,9999.000,9999.000,9999.000,9999.000,9999.000
202604060736,   0.700,   1.151,9999.000,9999.000,9999.000,9999.000,9999.000,9999.000,9999.000
202604060742,   0.682,   1.128,9999.000,9999.000,9999.000,9999.000,9999.000,9999.000,9999.000
202604060748,   0.664,   1.108,9999.000,9999.000,9999.000,9999.000,9999.000,9999.000,9999.000
202604060754,   0.646,   1.088,9999.000,9999.000,9999.000,9999.000,9999.000,9999.000,9999.000
202604060800,   0.628,   1.069,   0.600,  -0.159,   1.069,   0.600,   1.069,   0.600,   1.069
202604060806,   0.611,   1.049,9999.000,9999.000,9999.000,9999.000,9999.000,9999.000,9999.000
202604060812,   0.593,   1.039,9999.000,9999.000,9999.000,9999.000,9999.000,9999.000,9999.000
202604060818,   0.576,   1.000,9999.000,9999.000,9999.000,9999.000,9999.000,9999.000,9999.000
202604060824,   0.560,   0.980,9999.000,9999.000,9999.000,9999.000,9999.000,9999.000,9999.000
202604060830,   0.543,   0.980,9999.000,9999.000,9999.000,9999.000,9999.000,9999.000,9999.000
202604060836,   0.528,   0.970,9999.000,9999.000,9999.000,9999.000,9999.000,9999.000,9999.000
202604060842,   0.513,   0.961,9999.000,9999.000,9999.000,9999.000,9999.000,9999.000,9999.000
202604060848,   0.498,   0.941,9999.000,9999.000,9999.000,9999.000,9999.000,9999.000,9999.000
202604060854,   0.485,   0.918,9999.000,9999.000,9999.000,9999.000,9999.000,9999.000,9999.000
202604060900,   0.472,   0.898,   0.600,  -0.174,   0.898,   0.600,   0.898,   0.600,   0.898
202604060906,   0.460,   0.898,9999.000,9999.000,9999.000,9999.000,9999.000,9999.000,9999.000
202604060912,   0.449,   0.898,9999.000,9999.000,9999.000,9999.000,9999.000,9999.000,9999.000
202604060918,   0.439,   0.888,9999.000,9999.000,9999.000,9999.000,9999.000,9999.000,9999.000
202604060924,   0.430,9999.000,9999.000,9999.000,9999.000,9999.000,9999.000,9999.000,9999.000
202604060930,   0.422,   0.869,9999.000,9999.000,9999.000,9999.000,9999.000,9999.000,9999.000
202604060936,   0.415,   0.859,9999.000,9999.000,9999.000,9999.000,9999.000,9999.000,9999.000
202604060942,   0.409,   0.859,9999.000,9999.000,9999.000,9999.000,9999.000,9999.000,9999.000
202604060948,   0.405,   0.849,9999.000,9999.000,9999.000,9999.000,9999.000,9999.000,9999.000
202604060954,   0.401,   0.849,9999.000,9999.000,9999.000,9999.000,9999.000,9999.000,9999.000
202604061000,   0.399,   0.849,   0.600,  -0.150,   0.849,   0.600,   0.849,   0.600,   0.849
202604061006,   0.398,   0.859,9999.000,9999.000,9999.000,9999.000,9999.000,9999.000,9999.000
202604061012,   0.398,   0.869,9999.000,9999.000,9999.000,9999.000,9999.000,9999.000,9999.000
202604061018,   0.400,   0.879,9999.000,9999.000,9999.000,9999.000,9999.000,9999.000,9999.000
202604061024,   0.402,   0.879,9999.000,9999.000,9999.000,9999.000,9999.000,9999.000,9999.000
202604061030,   0.406,   0.888,9999.000,9999.000,9999.000,9999.000,9999.000,9999.000,9999.000
202604061036,   0.412,   0.898,9999.000,9999.000,9999.000,9999.000,9999.000,9999.000,9999.000
202604061042,   0.418,   0.908,9999.000,9999.000,9999.000,9999.000,9999.000,9999.000,9999.000
202604061048,   0.426,   0.898,9999.000,9999.000,9999.000,9999.000,9999.000,9999.000,9999.000
202604061054,   0.435,   0.908,9999.000,9999.000,9999.000,9999.000,9999.000,9999.000,9999.000
202604061100,   0.446,   0.898,   0.600,  -0.148,   0.898,   0.600,   0.898,   0.700,   0.998
202604061106,   0.457,   0.908,9999.000,9999.000,9999.000,9999.000,9999.000,9999.000,9999.000
202604061112,   0.470,   0.928,9999.000,9999.000,9999.000,9999.000,9999.000,9999.000,9999.000
202604061118,   0.484,   0.941,9999.000,9999.000,9999.000,9999.000,9999.000,9999.000,9999.000
202604061124,   0.499,   0.951,9999.000,9999.000,9999.000,9999.000,9999.000,9999.000,9999.000
202604061130,   0.516,   0.970,9999.000,9999.000,9999.000,9999.000,9999.000,9999.000,9999.000
202604061136,   0.533,   0.970,9999.000,9999.000,9999.000,9999.000,9999.000,9999.000,9999.000
202604061142,   0.552,   0.990,9999.000,9999.000,9999.000,9999.000,9999.000,9999.000,9999.000
202604061148,   0.572,   0.990,9999.000,9999.000,9999.000,9999.000,9999.000,9999.000,9999.000
202604061154,   0.592,   1.020,9999.000,9999.000,9999.000,9999.000,9999.000,9999.000,9999.000
202604061200,   0.614,   1.049,   0.600,  -0.165,   1.049,   0.600,   1.049,   0.600,   1.049
202604061206,   0.636,   1.088,9999.000,9999.000,9999.000,9999.000,9999.000,9999.000,9999.000
202604061212,   0.659,   1.108,9999.000,9999.000,9999.000,9999.000,9999.000,9999.000,9999.000
202604061218,   0.683,   1.128,9999.000,9999.000,9999.000,9999.000,9999.000,9999.000,9999.000
202604061224,   0.708,   1.151,9999.000,9999.000,9999.000,9999.000,9999.000,9999.000,9999.000
202604061230,   0.734,   1.180,9999.000,9999.000,9999.000,9999.000,9999.000,9999.000,9999.000
202604061236,   0.760,   1.200,9999.000,9999.000,9999.000,9999.000,9999.000,9999.000,9999.000
202604061242,   0.786,   1.220,9999.000,9999.000,9999.000,9999.000,9999.000,9999.000,9999.000
202604061248,   0.814,   1.239,9999.000,9999.000,9999.000,9999.000,9999.000,9999.000,9999.000
202604061254,   0.841,   1.279,9999.000,9999.000,9999.000,9999.000,9999.000,9999.000,9999.000
202604061300,   0.869,   1.308,   0.600,  -0.161,   1.308,   0.600,   1.308,   0.600,   1.308
202604061306,   0.897,   1.348,9999.000,9999.000,9999.000,9999.000,9999.000,9999.000,9999.000
202604061312,   0.925,   1.380,9999.000,9999.000,9999.000,9999.000,9999.000,9999.000,9999.000
202604061318,   0.954,   1.430,9999.000,9999.000,9999.000,9999.000,9999.000,9999.000,9999.000
202604061324,   0.982,   1.469,9999.000,9999.000,9999.000,9999.000,9999.000,9999.000,9999.000
202604061330,   1.011,   1.498,9999.000,9999.000,9999.000,9999.000,9999.000,9999.000,9999.000
202604061336,   1.039,   1.528,9999.000,9999.000,9999.000,9999.000,9999.000,9999.000,9999.000
202604061342,   1.068,   1.557,9999.000,9999.000,9999.000,9999.000,9999.000,9999.000,9999.000
202604061348,   1.096,   1.571,9999.000,9999.000,9999.000,9999.000,9999.000,9999.000,9999.000
202604061354,   1.124,   1.600,9999.000,9999.000,9999.000,9999.000,9999.000,9999.000,9999.000
202604061400,   1.152,   1.610,   0.600,  -0.142,   1.610,   0.600,   1.610,   0.600,   1.610
202604061406,   1.179,   1.639,9999.000,9999.000,9999.000,9999.000,9999.000,9999.000,9999.000
202604061412,   1.206,   1.659,9999.000,9999.000,9999.000,9999.000,9999.000,9999.000,9999.000
202604061418,   1.232,   1.699,9999.000,9999.000,9999.000,9999.000,9999.000,9999.000,9999.000
202604061424,   1.258,   1.738,9999.000,9999.000,9999.000,9999.000,9999.000,9999.000,9999.000
202604061430,   1.283,   1.767,9999.000,9999.000,9999.000,9999.000,9999.000,9999.000,9999.000
202604061436,   1.308,   1.790,9999.000,9999.000,9999.000,9999.000,9999.000,9999.000,9999.000
202604061442,   1.332,   1.820,9999.000,9999.000,9999.000,9999.000,9999.000,9999.000,9999.000
202604061448,   1.355,   1.849,9999.000,9999.000,9999.000,9999.000,9999.000,9999.000,9999.000
202604061454,   1.378,   1.889,9999.000,9999.000,9999.000,9999.000,9999.000,9999.000,9999.000
202604061500,   1.399,   1.908,   0.600,  -0.091,   1.908,   0.600,   1.908,   0.600,   1.908
202604061506,   1.420,   1.948,9999.000,9999.000,9999.000,9999.000,9999.000,9999.000,9999.000
202604061512,   1.440,   1.967,9999.000,9999.000,9999.000,9999.000,9999.000,9999.000,9999.000
202604061518,   1.459,   1.990,9999.000,9999.000,9999.000,9999.000,9999.000,9999.000,9999.000
202604061524,   1.477,   2.010,9999.000,9999.000,9999.000,9999.000,9999.000,9999.000,9999.000
202604061530,   1.495,   2.040,9999.000,9999.000,9999.000,9999.000,9999.000,9999.000,9999.000
202604061536,   1.511,   2.059,9999.000,9999.000,9999.000,9999.000,9999.000,9999.000,9999.000
202604061542,   1.525,   2.069,9999.000,9999.000,9999.000,9999.000,9999.000,9999.000,9999.000
202604061548,   1.539,   2.079,9999.000,9999.000,9999.000,9999.000,9999.000,9999.000,9999.000
202604061554,   1.552,   2.099,9999.000,9999.000,9999.000,9999.000,9999.000,9999.000,9999.000
202604061600,   1.563,   2.099,   0.600,  -0.064,   2.099,   0.600,   2.099,   0.600,   2.099
202604061606,   1.573,   2.118,9999.000,9999.000,9999.000,9999.000,9999.000,9999.000,9999.000
202604061612,   1.582,   2.138,9999.000,9999.000,9999.000,9999.000,9999.000,9999.000,9999.000
202604061618,   1.590,   2.158,9999.000,9999.000,9999.000,9999.000,9999.000,9999.000,9999.000
202604061624,   1.596,   2.177,9999.000,9999.000,9999.000,9999.000,9999.000,9999.000,9999.000
202604061630,   1.601,   2.200,9999.000,9999.000,9999.000,9999.000,9999.000,9999.000,9999.000
202604061636,   1.604,   2.200,9999.000,9999.000,9999.000,9999.000,9999.000,9999.000,9999.000
202604061642,   1.606,   2.220,9999.000,9999.000,9999.000,9999.000,9999.000,9999.000,9999.000
202604061648,   1.606,   2.220,9999.000,9999.000,9999.000,9999.000,9999.000,9999.000,9999.000
202604061654,   1.604,   2.230,9999.000,9999.000,9999.000,9999.000,9999.000,9999.000,9999.000
202604061700,   1.601,   2.200,   0.600,  -0.001,   2.200,   0.600,   2.200,   0.600,   2.200
202604061706,   1.597,   2.177,9999.000,9999.000,9999.000,9999.000,9999.000,9999.000,9999.000
202604061712,   1.591,   2.148,9999.000,9999.000,9999.000,9999.000,9999.000,9999.000,9999.000
202604061718,   1.583,   2.148,9999.000,9999.000,9999.000,9999.000,9999.000,9999.000,9999.000
202604061724,   1.573,   2.109,9999.000,9999.000,9999.000,9999.000,9999.000,9999.000,9999.000
202604061730,   1.562,   2.118,9999.000,9999.000,9999.000,9999.000,9999.000,9999.000,9999.000
202604061736,   1.549,   2.109,9999.000,9999.000,9999.000,9999.000,9999.000,9999.000,9999.000
202604061742,   1.534,   2.089,9999.000,9999.000,9999.000,9999.000,9999.000,9999.000,9999.000
202604061748,   1.517,   2.069,9999.000,9999.000,9999.000,9999.000,9999.000,9999.000,9999.000
202604061754,   1.499,   2.049,9999.000,9999.000,9999.000,9999.000,9999.000,9999.000,9999.000
202604061800,   1.479,   2.049,   0.600,  -0.030,   2.049,   0.600,   2.049,   0.600,   2.049
202604061806,   1.458,   2.020,9999.000,9999.000,9999.000,9999.000,9999.000,9999.000,9999.000
202604061812,   1.434,   2.000,9999.000,9999.000,9999.000,9999.000,9999.000,9999.000,9999.000
202604061818,   1.409,   1.981,9999.000,9999.000,9999.000,9999.000,9999.000,9999.000,9999.000
202604061824,   1.383,   1.948,9999.000,9999.000,9999.000,9999.000,9999.000,9999.000,9999.000
202604061830,   1.355,   1.918,9999.000,9999.000,9999.000,9999.000,9999.000,9999.000,9999.000
202604061836,   1.325,   1.869,9999.000,9999.000,9999.000,9999.000,9999.000,9999.000,9999.000
202604061842,   1.294,   1.810,9999.000,9999.000,9999.000,9999.000,9999.000,9999.000,9999.000
202604061848,   1.262,   1.767,9999.000,9999.000,9999.000,9999.000,9999.000,9999.000,9999.000
202604061854,   1.228,   1.728,9999.000,9999.000,9999.000,9999.000,9999.000,9999.000,9999.000
202604061900,   1.193,   1.689,   0.600,  -0.104,   1.689,   0.600,   1.689,   0.600,   1.689
202604061906,   1.157,   1.659,9999.000,9999.000,9999.000,9999.000,9999.000,9999.000,9999.000
202604061912,   1.120,   1.630,9999.000,9999.000,9999.000,9999.000,9999.000,9999.000,9999.000
202604061918,   1.082,   1.610,9999.000,9999.000,9999.000,9999.000,9999.000,9999.000,9999.000
202604061924,   1.043,   1.600,9999.000,9999.000,9999.000,9999.000,9999.000,9999.000,9999.000
202604061930,   1.003,   1.557,9999.000,9999.000,9999.000,9999.000,9999.000,9999.000,9999.000
202604061936,   0.962,   1.508,9999.000,9999.000,9999.000,9999.000,9999.000,9999.000,9999.000
202604061942,   0.921,   1.469,9999.000,9999.000,9999.000,9999.000,9999.000,9999.000,9999.000
202604061948,   0.880,   1.430,9999.000,9999.000,9999.000,9999.000,9999.000,9999.000,9999.000
202604061954,   0.838,   1.390,9999.000,9999.000,9999.000,9999.000,9999.000,9999.000,9999.000
202604062000,   0.795,   1.348,   0.600,  -0.047,   1.348,   0.600,   1.348,   0.600,   1.348
202604062006,   0.753,   1.328,9999.000,9999.000,9999.000,9999.000,9999.000,9999.000,9999.000
202604062012,   0.710,   1.269,9999.000,9999.000,9999.000,9999.000,9999.000,9999.000,9999.000
202604062018,   0.668,   1.229,9999.000,9999.000,9999.000,9999.000,9999.000,9999.000,9999.000
202604062024,   0.626,   1.200,9999.000,9999.000,9999.000,9999.000,9999.000,9999.000,9999.000
202604062030,   0.584,   1.190,9999.000,9999.000,9999.000,9999.000,9999.000,9999.000,9999.000
202604062036,   0.542,   1.151,9999.000,9999.000,9999.000,9999.000,9999.000,9999.000,9999.000
202604062042,   0.501,   1.118,9999.000,9999.000,9999.000,9999.000,9999.000,9999.000,9999.000
202604062048,   0.460,   1.088,9999.000,9999.000,9999.000,9999.000,9999.000,9999.000,9999.000
202604062054,   0.420,   1.059,9999.000,9999.000,9999.000,9999.000,9999.000,9999.000,9999.000
202604062100,   0.381,   1.029,   0.600,   0.048,   1.029,   0.600,   1.029,   0.700,   1.129
202604062106,   0.342,   0.990,9999.000,9999.000,9999.000,9999.000,9999.000,9999.000,9999.000
202604062112,   0.304,   0.941,9999.000,9999.000,9999.000,9999.000,9999.000,9999.000,9999.000
202604062118,   0.268,   0.888,9999.000,9999.000,9999.000,9999.000,9999.000,9999.000,9999.000
202604062124,   0.232,   0.859,9999.000,9999.000,9999.000,9999.000,9999.000,9999.000,9999.000
202604062130,   0.197,   0.839,9999.000,9999.000,9999.000,9999.000,9999.000,9999.000,9999.000
202604062136,   0.164,   0.810,9999.000,9999.000,9999.000,9999.000,9999.000,9999.000,9999.000
202604062142,   0.132,   0.790,9999.000,9999.000,9999.000,9999.000,9999.000,9999.000,9999.000
202604062148,   0.101,   0.751,9999.000,9999.000,9999.000,9999.000,9999.000,9999.000,9999.000
202604062154,   0.071,   0.731,9999.000,9999.000,9999.000,9999.000,9999.000,9999.000,9999.000
202604062200,   0.043,   0.698,   0.700,  -0.045,   0.698,   0.600,   0.598,   0.700,   0.698
202604062206,   0.017,   0.659,9999.000,9999.000,9999.000,9999.000,9999.000,9999.000,9999.000
202604062212,  -0.008,   0.610,9999.000,9999.000,9999.000,9999.000,9999.000,9999.000,9999.000
202604062218,  -0.031,   0.600,9999.000,9999.000,9999.000,9999.000,9999.000,9999.000,9999.000
202604062224,  -0.054,   0.570,9999.000,9999.000,9999.000,9999.000,9999.000,9999.000,9999.000
202604062230,  -0.074,   0.560,9999.000,9999.000,9999.000,9999.000,9999.000,9999.000,9999.000
202604062236,  -0.093,   0.531,9999.000,9999.000,9999.000,9999.000,9999.000,9999.000,9999.000
202604062242,  -0.111,   0.498,9999.000,9999.000,9999.000,9999.000,9999.000,9999.000,9999.000
202604062248,  -0.127,   0.508,9999.000,9999.000,9999.000,9999.000,9999.000,9999.000,9999.000
202604062254,  -0.141,   0.508,9999.000,9999.000,9999.000,9999.000,9999.000,9999.000,9999.000
202604062300,  -0.153,   0.508,   0.700,  -0.039,   0.508,   0.700,   0.508,   0.700,   0.508
202604062306,  -0.164,   0.508,9999.000,9999.000,9999.000,9999.000,9999.000,9999.000,9999.000
202604062312,  -0.173,   0.518,9999.000,9999.000,9999.000,9999.000,9999.000,9999.000,9999.000
202604062318,  -0.181,   0.508,9999.000,9999.000,9999.000,9999.000,9999.000,9999.000,9999.000
202604062324,  -0.187,   0.498,9999.000,9999.000,9999.000,9999.000,9999.000,9999.000,9999.000
202604062330,  -0.191,   0.478,9999.000,9999.000,9999.000,9999.000,9999.000,9999.000,9999.000
202604062336,  -0.194,   0.469,9999.000,9999.000,9999.000,9999.000,9999.000,9999.000,9999.000
202604062342,  -0.195,   0.459,9999.000,9999.000,9999.000,9999.000,9999.000,9999.000,9999.000
202604062348,  -0.194,   0.439,9999.000,9999.000,9999.000,9999.000,9999.000,9999.000,9999.000
202604062354,  -0.192,   0.429,9999.000,9999.000,9999.000,9999.000,9999.000,9999.000,9999.000
202604070000,  -0.189,   0.429,   0.700,  -0.082,   0.429,   0.700,   0.429,   0.700,   0.429
202604070006,  -0.184,   0.429,9999.000,9999.000,9999.000,9999.000,9999.000,9999.000,9999.000
202604070012,  -0.177,   0.429,9999.000,9999.000,9999.000,9999.000,9999.000,9999.000,9999.000
202604070018,  -0.170,   0.439,9999.000,9999.000,9999.000,9999.000,9999.000,9999.000,9999.000
202604070024,  -0.160,   0.459,9999.000,9999.000,9999.000,9999.000,9999.000,9999.000,9999.000
202604070030,  -0.150,   0.469,9999.000,9999.000,9999.000,9999.000,9999.000,9999.000,9999.000
202604070036,  -0.138,9999.000,9999.000,9999.000,9999.000,9999.000,9999.000,9999.000,9999.000
202604070042,  -0.125,9999.000,9999.000,9999.000,9999.000,9999.000,9999.000,9999.000,9999.000
202604070048,  -0.111,9999.000,9999.000,9999.000,9999.000,9999.000,9999.000,9999.000,9999.000
202604070054,  -0.096,9999.000,9999.000,9999.000,9999.000,9999.000,9999.000,9999.000,9999.000
202604070100,  -0.080,9999.000,   0.700,9999.000,   0.620,   0.700,   0.620,   0.700,   0.620
202604070106,  -0.063,9999.000,9999.000,9999.000,9999.000,9999.000,9999.000,9999.000,9999.000
202604070112,  -0.045,9999.000,9999.000,9999.000,9999.000,9999.000,9999.000,9999.000,9999.000
202604070118,  -0.026,9999.000,9999.000,9999.000,9999.000,9999.000,9999.000,9999.000,9999.000
202604070124,  -0.006,9999.000,9999.000,9999.000,9999.000,9999.000,9999.000,9999.000,9999.000
202604070130,   0.013,9999.000,9999.000,9999.000,9999.000,9999.000,9999.000,9999.000,9999.000
202604070136,   0.034,9999.000,9999.000,9999.000,9999.000,9999.000,9999.000,9999.000,9999.000
202604070142,   0.055,9999.000,9999.000,9999.000,9999.000,9999.000,9999.000,9999.000,9999.000
202604070148,   0.077,9999.000,9999.000,9999.000,9999.000,9999.000,9999.000,9999.000,9999.000
202604070154,   0.099,9999.000,9999.000,9999.000,9999.000,9999.000,9999.000,9999.000,9999.000
202604070200,   0.122,   0.751,   0.700,  -0.071,   0.751,   0.700,   0.751,   0.700,   0.751
202604070206,   0.145,   0.770,9999.000,9999.000,9999.000,9999.000,9999.000,9999.000,9999.000
202604070212,   0.168,   0.790,9999.000,9999.000,9999.000,9999.000,9999.000,9999.000,9999.000
202604070218,   0.191,   0.819,9999.000,9999.000,9999.000,9999.000,9999.000,9999.000,9999.000
202604070224,   0.215,   0.849,9999.000,9999.000,9999.000,9999.000,9999.000,9999.000,9999.000
202604070230,   0.238,   0.888,9999.000,9999.000,9999.000,9999.000,9999.000,9999.000,9999.000
202604070236,   0.262,   0.918,9999.000,9999.000,9999.000,9999.000,9999.000,9999.000,9999.000
202604070242,   0.286,   0.941,9999.000,9999.000,9999.000,9999.000,9999.000,9999.000,9999.000
202604070248,   0.309,   0.970,9999.000,9999.000,9999.000,9999.000,9999.000,9999.000,9999.000
202604070254,   0.332,   0.980,9999.000,9999.000,9999.000,9999.000,9999.000,9999.000,9999.000
202604070300,   0.355,   1.000,   0.700,  -0.055,   1.000,   0.700,   1.000,   0.700,   1.000
202604070306,   0.378,   1.020,9999.000,9999.000,9999.000,9999.000,9999.000,9999.000,9999.000
202604070312,   0.401,   1.049,9999.000,9999.000,9999.000,9999.000,9999.000,9999.000,9999.000
202604070318,   0.423,   1.069,9999.000,9999.000,9999.000,9999.000,9999.000,9999.000,9999.000
202604070324,   0.445,   1.098,9999.000,9999.000,9999.000,9999.000,9999.000,9999.000,9999.000
202604070330,   0.467,   1.138,9999.000,9999.000,9999.000,9999.000,9999.000,9999.000,9999.000
202604070336,   0.488,   1.161,9999.000,9999.000,9999.000,9999.000,9999.000,9999.000,9999.000
202604070342,   0.509,   1.190,9999.000,9999.000,9999.000,9999.000,9999.000,9999.000,9999.000
202604070348,   0.530,   1.220,9999.000,9999.000,9999.000,9999.000,9999.000,9999.000,9999.000
202604070354,   0.550,   1.239,9999.000,9999.000,9999.000,9999.000,9999.000,9999.000,9999.000
202604070400,   0.569,   1.259,   0.700,  -0.010,   1.259,   0.700,   1.259,   0.700,   1.259
202604070406,   0.588,   1.269,9999.000,9999.000,9999.000,9999.000,9999.000,9999.000,9999.000
202604070412,   0.606,   1.279,9999.000,9999.000,9999.000,9999.000,9999.000,9999.000,9999.000
202604070418,   0.624,   1.298,9999.000,9999.000,9999.000,9999.000,9999.000,9999.000,9999.000
202604070424,   0.641,   1.318,9999.000,9999.000,9999.000,9999.000,9999.000,9999.000,9999.000
202604070430,   0.657,   1.338,9999.000,9999.000,9999.000,9999.000,9999.000,9999.000,9999.000
202604070436,   0.673,   1.348,9999.000,9999.000,9999.000,9999.000,9999.000,9999.000,9999.000
202604070442,   0.687,   1.371,9999.000,9999.000,9999.000,9999.000,9999.000,9999.000,9999.000
202604070448,   0.702,   1.390,9999.000,9999.000,9999.000,9999.000,9999.000,9999.000,9999.000
202604070454,   0.715,   1.420,9999.000,9999.000,9999.000,9999.000,9999.000,9999.000,9999.000
202604070500,   0.727,   1.420,   0.700,  -0.007,   1.420,   0.700,   1.420,   0.700,   1.420
202604070506,   0.739,   1.439,9999.000,9999.000,9999.000,9999.000,9999.000,9999.000,9999.000
202604070512,   0.750,   1.469,9999.000,9999.000,9999.000,9999.000,9999.000,9999.000,9999.000
202604070518,   0.760,   1.489,9999.000,9999.000,9999.000,9999.000,9999.000,9999.000,9999.000
202604070524,   0.769,   1.508,9999.000,9999.000,9999.000,9999.000,9999.000,9999.000,9999.000
202604070530,   0.777,   1.518,9999.000,9999.000,9999.000,9999.000,9999.000,9999.000,9999.000
202604070536,   0.784,   1.518,9999.000,9999.000,9999.000,9999.000,9999.000,9999.000,9999.000
202604070542,   0.790,   1.518,9999.000,9999.000,9999.000,9999.000,9999.000,9999.000,9999.000
202604070548,   0.795,   1.518,9999.000,9999.000,9999.000,9999.000,9999.000,9999.000,9999.000
202604070554,   0.799,   1.528,9999.000,9999.000,9999.000,9999.000,9999.000,9999.000,9999.000
202604070600,   0.802,   1.528,   0.700,   0.026,   1.528,   0.700,   1.528,   0.700,   1.528
202604070606,   0.804,   1.538,9999.000,9999.000,9999.000,9999.000,9999.000,9999.000,9999.000
202604070612,   0.805,   1.528,9999.000,9999.000,9999.000,9999.000,9999.000,9999.000,9999.000
202604070618,   0.805,   1.518,9999.000,9999.000,9999.000,9999.000,9999.000,9999.000,9999.000
202604070624,   0.804,   1.518,9999.000,9999.000,9999.000,9999.000,9999.000,9999.000,9999.000
202604070630,   0.802,   1.528,9999.000,9999.000,9999.000,9999.000,9999.000,9999.000,9999.000
202604070636,   0.799,   1.538,9999.000,9999.000,9999.000,9999.000,9999.000,9999.000,9999.000
202604070642,   0.796,   1.548,9999.000,9999.000,9999.000,9999.000,9999.000,9999.000,9999.000
202604070648,   0.791,   1.548,9999.000,9999.000,9999.000,9999.000,9999.000,9999.000,9999.000
202604070654,   0.785,   1.548,9999.000,9999.000,9999.000,9999.000,9999.000,9999.000,9999.000
202604070700,   0.779,   1.548,   0.700,   0.069,   1.548,   0.700,   1.548,   0.700,   1.548
202604070706,   0.771,   1.548,9999.000,9999.000,9999.000,9999.000,9999.000,9999.000,9999.000
202604070712,   0.763,   1.538,9999.000,9999.000,9999.000,9999.000,9999.000,9999.000,9999.000
202604070718,   0.755,   1.518,9999.000,9999.000,9999.000,9999.000,9999.000,9999.000,9999.000
202604070724,   0.745,   1.498,9999.000,9999.000,9999.000,9999.000,9999.000,9999.000,9999.000
202604070730,   0.735,   1.469,9999.000,9999.000,9999.000,9999.000,9999.000,9999.000,9999.000
202604070736,   0.725,   1.449,9999.000,9999.000,9999.000,9999.000,9999.000,9999.000,9999.000
202604070742,   0.714,   1.439,9999.000,9999.000,9999.000,9999.000,9999.000,9999.000,9999.000
202604070748,   0.702,   1.439,9999.000,9999.000,9999.000,9999.000,9999.000,9999.000,9999.000
202604070754,   0.690,   1.439,9999.000,9999.000,9999.000,9999.000,9999.000,9999.000,9999.000
202604070800,   0.678,   1.439,   0.700,   0.061,   1.439,   0.700,   1.439,   0.700,   1.439
202604070806,   0.666,   1.420,9999.000,9999.000,9999.000,9999.000,9999.000,9999.000,9999.000
202604070812,   0.654,   1.400,9999.000,9999.000,9999.000,9999.000,9999.000,9999.000,9999.000
202604070818,   0.641,   1.380,9999.000,9999.000,9999.000,9999.000,9999.000,9999.000,9999.000
202604070824,   0.629,   1.380,9999.000,9999.000,9999.000,9999.000,9999.000,9999.000,9999.000
202604070830,   0.616,   1.371,9999.000,9999.000,9999.000,9999.000,9999.000,9999.000,9999.000
202604070836,   0.604,   1.371,9999.000,9999.000,9999.000,9999.000,9999.000,9999.000,9999.000
202604070842,   0.592,   1.380,9999.000,9999.000,9999.000,9999.000,9999.000,9999.000,9999.000
202604070848,   0.580,   1.371,9999.000,9999.000,9999.000,9999.000,9999.000,9999.000,9999.000
202604070854,   0.568,   1.348,9999.000,9999.000,9999.000,9999.000,9999.000,9999.000,9999.000
202604070900,   0.557,   1.318,   0.700,   0.061,   1.318,   0.700,   1.318,   0.700,   1.318
202604070906,   0.547,   1.298,9999.000,9999.000,9999.000,9999.000,9999.000,9999.000,9999.000
202604070912,   0.536,   1.289,9999.000,9999.000,9999.000,9999.000,9999.000,9999.000,9999.000
202604070918,   0.527,   1.269,9999.000,9999.000,9999.000,9999.000,9999.000,9999.000,9999.000
202604070924,   0.518,   1.269,9999.000,9999.000,9999.000,9999.000,9999.000,9999.000,9999.000
202604070930,   0.509,   1.279,9999.000,9999.000,9999.000,9999.000,9999.000,9999.000,9999.000
202604070936,   0.501,   1.269,9999.000,9999.000,9999.000,9999.000,9999.000,9999.000,9999.000
202604070942,   0.494,   1.269,9999.000,9999.000,9999.000,9999.000,9999.000,9999.000,9999.000
202604070948,   0.488,   1.269,9999.000,9999.000,9999.000,9999.000,9999.000,9999.000,9999.000
202604070954,   0.482,   1.259,9999.000,9999.000,9999.000,9999.000,9999.000,9999.000,9999.000
202604071000,   0.478,   1.269,   0.700,   0.091,   1.269,   0.700,   1.269,   0.700,   1.269
202604071006,   0.474,   1.259,9999.000,9999.000,9999.000,9999.000,9999.000,9999.000,9999.000
202604071012,   0.470,   1.259,9999.000,9999.000,9999.000,9999.000,9999.000,9999.000,9999.000
202604071018,   0.468,   1.229,9999.000,9999.000,9999.000,9999.000,9999.000,9999.000,9999.000
202604071024,   0.467,   1.210,9999.000,9999.000,9999.000,9999.000,9999.000,9999.000,9999.000
202604071030,   0.466,   1.220,9999.000,9999.000,9999.000,9999.000,9999.000,9999.000,9999.000
202604071036,   0.467,   1.210,9999.000,9999.000,9999.000,9999.000,9999.000,9999.000,9999.000
202604071042,   0.468,   1.229,9999.000,9999.000,9999.000,9999.000,9999.000,9999.000,9999.000
202604071048,   0.471,   1.210,9999.000,9999.000,9999.000,9999.000,9999.000,9999.000,9999.000
202604071054,   0.474,   1.229,9999.000,9999.000,9999.000,9999.000,9999.000,9999.000,9999.000
202604071100,   0.478,   1.229,   0.700,   0.051,   1.229,   0.700,   1.229,   0.700,   1.229
202604071106,   0.483,   1.249,9999.000,9999.000,9999.000,9999.000,9999.000,9999.000,9999.000
202604071112,   0.489,   1.289,9999.000,9999.000,9999.000,9999.000,9999.000,9999.000,9999.000
202604071118,   0.496,   1.318,9999.000,9999.000,9999.000,9999.000,9999.000,9999.000,9999.000
202604071124,   0.504,   1.308,9999.000,9999.000,9999.000,9999.000,9999.000,9999.000,9999.000
202604071130,   0.513,   1.318,9999.000,9999.000,9999.000,9999.000,9999.000,9999.000,9999.000
202604071136,   0.523,   1.328,9999.000,9999.000,9999.000,9999.000,9999.000,9999.000,9999.000
202604071142,   0.534,   1.338,9999.000,9999.000,9999.000,9999.000,9999.000,9999.000,9999.000
202604071148,   0.545,   1.338,9999.000,9999.000,9999.000,9999.000,9999.000,9999.000,9999.000
202604071154,   0.558,   1.348,9999.000,9999.000,9999.000,9999.000,9999.000,9999.000,9999.000
202604071200,   0.571,   1.361,   0.700,   0.090,   1.361,   0.700,   1.361,   0.800,   1.461
202604071206,   0.586,   1.361,9999.000,9999.000,9999.000,9999.000,9999.000,9999.000,9999.000
202604071212,   0.601,   1.371,9999.000,9999.000,9999.000,9999.000,9999.000,9999.000,9999.000
202604071218,   0.617,   1.371,9999.000,9999.000,9999.000,9999.000,9999.000,9999.000,9999.000
202604071224,   0.634,   1.380,9999.000,9999.000,9999.000,9999.000,9999.000,9999.000,9999.000
202604071230,   0.651,   1.410,9999.000,9999.000,9999.000,9999.000,9999.000,9999.000,9999.000
202604071236,   0.670,   1.439,9999.000,9999.000,9999.000,9999.000,9999.000,9999.000,9999.000
202604071242,   0.689,   1.469,9999.000,9999.000,9999.000,9999.000,9999.000,9999.000,9999.000
202604071248,   0.708,   1.489,9999.000,9999.000,9999.000,9999.000,9999.000,9999.000,9999.000
202604071254,   0.729,   1.518,9999.000,9999.000,9999.000,9999.000,9999.000,9999.000,9999.000
202604071300,   0.750,   1.518,   0.800,  -0.032,   1.518,   0.700,   1.418,   0.800,   1.518
202604071306,   0.771,   1.538,9999.000,9999.000,9999.000,9999.000,9999.000,9999.000,9999.000
202604071312,   0.793,   1.548,9999.000,9999.000,9999.000,9999.000,9999.000,9999.000,9999.000
202604071318,   0.816,   1.528,9999.000,9999.000,9999.000,9999.000,9999.000,9999.000,9999.000
202604071324,   0.839,   1.548,9999.000,9999.000,9999.000,9999.000,9999.000,9999.000,9999.000
202604071330,   0.862,   1.557,9999.000,9999.000,9999.000,9999.000,9999.000,9999.000,9999.000
202604071336,   0.886,   1.610,9999.000,9999.000,9999.000,9999.000,9999.000,9999.000,9999.000
202604071342,   0.910,   1.639,9999.000,9999.000,9999.000,9999.000,9999.000,9999.000,9999.000
202604071348,   0.934,   1.689,9999.000,9999.000,9999.000,9999.000,9999.000,9999.000,9999.000
202604071354,   0.958,   1.699,9999.000,9999.000,9999.000,9999.000,9999.000,9999.000,9999.000
202604071400,   0.982,   1.728,   0.800,  -0.054,   1.728,   0.700,   1.628,   0.800,   1.728
202604071406,   1.007,   1.767,9999.000,9999.000,9999.000,9999.000,9999.000,9999.000,9999.000
202604071412,   1.031,   1.790,9999.000,9999.000,9999.000,9999.000,9999.000,9999.000,9999.000
202604071418,   1.056,   1.790,9999.000,9999.000,9999.000,9999.000,9999.000,9999.000,9999.000
202604071424,   1.080,   1.790,9999.000,9999.000,9999.000,9999.000,9999.000,9999.000,9999.000
202604071430,   1.104,   1.820,9999.000,9999.000,9999.000,9999.000,9999.000,9999.000,9999.000
202604071436,   1.128,   1.859,9999.000,9999.000,9999.000,9999.000,9999.000,9999.000,9999.000
202604071442,   1.152,   1.889,9999.000,9999.000,9999.000,9999.000,9999.000,9999.000,9999.000
202604071448,   1.175,   1.938,9999.000,9999.000,9999.000,9999.000,9999.000,9999.000,9999.000
202604071454,   1.198,   1.981,9999.000,9999.000,9999.000,9999.000,9999.000,9999.000,9999.000
202604071500,   1.221,   2.000,   0.700,   0.079,   2.000,   0.700,   2.000,   0.800,   2.100
202604071506,   1.243,   2.020,9999.000,9999.000,9999.000,9999.000,9999.000,9999.000,9999.000
202604071512,   1.265,   2.020,9999.000,9999.000,9999.000,9999.000,9999.000,9999.000,9999.000
202604071518,   1.286,   2.040,9999.000,9999.000,9999.000,9999.000,9999.000,9999.000,9999.000
202604071524,   1.306,   2.069,9999.000,9999.000,9999.000,9999.000,9999.000,9999.000,9999.000
202604071530,   1.326,   2.099,9999.000,9999.000,9999.000,9999.000,9999.000,9999.000,9999.000
202604071536,   1.345,   2.099,9999.000,9999.000,9999.000,9999.000,9999.000,9999.000,9999.000
202604071542,   1.364,   2.109,9999.000,9999.000,9999.000,9999.000,9999.000,9999.000,9999.000
202604071548,   1.381,   2.118,9999.000,9999.000,9999.000,9999.000,9999.000,9999.000,9999.000
202604071554,   1.398,   2.138,9999.000,9999.000,9999.000,9999.000,9999.000,9999.000,9999.000
202604071600,   1.414,   2.148,   0.800,  -0.066,   2.148,   0.700,   2.048,   0.800,   2.148
202604071606,   1.429,   2.177,9999.000,9999.000,9999.000,9999.000,9999.000,9999.000,9999.000
202604071612,   1.444,   2.220,9999.000,9999.000,9999.000,9999.000,9999.000,9999.000,9999.000
202604071618,   1.457,   2.210,9999.000,9999.000,9999.000,9999.000,9999.000,9999.000,9999.000
202604071624,   1.469,   2.250,9999.000,9999.000,9999.000,9999.000,9999.000,9999.000,9999.000
202604071630,   1.480,   2.289,9999.000,9999.000,9999.000,9999.000,9999.000,9999.000,9999.000
202604071636,   1.491,   2.318,9999.000,9999.000,9999.000,9999.000,9999.000,9999.000,9999.000
202604071642,   1.500,   2.338,9999.000,9999.000,9999.000,9999.000,9999.000,9999.000,9999.000
202604071648,   1.508,   2.328,9999.000,9999.000,9999.000,9999.000,9999.000,9999.000,9999.000
202604071654,   1.515,   2.309,9999.000,9999.000,9999.000,9999.000,9999.000,9999.000,9999.000
202604071700,   1.520,   2.289,   0.700,   0.069,   2.289,   0.700,   2.289,   0.800,   2.389
202604071706,   1.525,   2.299,9999.000,9999.000,9999.000,9999.000,9999.000,9999.000,9999.000
202604071712,   1.528,   2.299,9999.000,9999.000,9999.000,9999.000,9999.000,9999.000,9999.000
202604071718,   1.530,   2.328,9999.000,9999.000,9999.000,9999.000,9999.000,9999.000,9999.000
202604071724,   1.530,   2.328,9999.000,9999.000,9999.000,9999.000,9999.000,9999.000,9999.000
202604071730,   1.530,   2.338,9999.000,9999.000,9999.000,9999.000,9999.000,9999.000,9999.000
202604071736,   1.527,   2.338,9999.000,9999.000,9999.000,9999.000,9999.000,9999.000,9999.000
202604071742,   1.524,   2.338,9999.000,9999.000,9999.000,9999.000,9999.000,9999.000,9999.000
202604071748,   1.519,   2.309,9999.000,9999.000,9999.000,9999.000,9999.000,9999.000,9999.000
202604071754,   1.512,   2.309,9999.000,9999.000,9999.000,9999.000,9999.000,9999.000,9999.000
202604071800,   1.505,   2.289,   0.800,  -0.016,   2.289,   0.700,   2.189,   0.800,   2.289
202604071806,   1.495,   2.289,9999.000,9999.000,9999.000,9999.000,9999.000,9999.000,9999.000
202604071812,   1.484,   2.279,9999.000,9999.000,9999.000,9999.000,9999.000,9999.000,9999.000
202604071818,   1.472,   2.279,9999.000,9999.000,9999.000,9999.000,9999.000,9999.000,9999.000
202604071824,   1.458,   2.269,9999.000,9999.000,9999.000,9999.000,9999.000,9999.000,9999.000
202604071830,   1.443,   2.250,9999.000,9999.000,9999.000,9999.000,9999.000,9999.000,9999.000
202604071836,   1.426,   2.220,9999.000,9999.000,9999.000,9999.000,9999.000,9999.000,9999.000
202604071842,   1.408,   2.191,9999.000,9999.000,9999.000,9999.000,9999.000,9999.000,9999.000
202604071848,   1.388,   2.128,9999.000,9999.000,9999.000,9999.000,9999.000,9999.000,9999.000
202604071854,   1.367,   2.118,9999.000,9999.000,9999.000,9999.000,9999.000,9999.000,9999.000
202604071900,   1.344,   2.079,   0.800,  -0.065,   2.079,   0.700,   1.979,   0.800,   2.079
202604071906,   1.320,   2.040,9999.000,9999.000,9999.000,9999.000,9999.000,9999.000,9999.000
202604071912,   1.295,   2.020,9999.000,9999.000,9999.000,9999.000,9999.000,9999.000,9999.000
202604071918,   1.269,   2.000,9999.000,9999.000,9999.000,9999.000,9999.000,9999.000,9999.000
202604071924,   1.241,   1.958,9999.000,9999.000,9999.000,9999.000,9999.000,9999.000,9999.000
202604071930,   1.212,   1.948,9999.000,9999.000,9999.000,9999.000,9999.000,9999.000,9999.000
202604071936,   1.182,   1.889,9999.000,9999.000,9999.000,9999.000,9999.000,9999.000,9999.000
202604071942,   1.151,   1.820,9999.000,9999.000,9999.000,9999.000,9999.000,9999.000,9999.000
202604071948,   1.119,   1.800,9999.000,9999.000,9999.000,9999.000,9999.000,9999.000,9999.000
202604071954,   1.086,   1.728,9999.000,9999.000,9999.000,9999.000,9999.000,9999.000,9999.000
202604072000,   1.052,   1.708,   0.800,  -0.144,   1.708,   0.700,   1.608,   0.800,   1.708
202604072006,   1.018,   1.708,9999.000,9999.000,9999.000,9999.000,9999.000,9999.000,9999.000
202604072012,   0.983,   1.669,9999.000,9999.000,9999.000,9999.000,9999.000,9999.000,9999.000
202604072018,   0.947,   1.669,9999.000,9999.000,9999.000,9999.000,9999.000,9999.000,9999.000
202604072024,   0.911,   1.620,9999.000,9999.000,9999.000,9999.000,9999.000,9999.000,9999.000
202604072030,   0.875,   1.571,9999.000,9999.000,9999.000,9999.000,9999.000,9999.000,9999.000
202604072036,   0.838,   1.538,9999.000,9999.000,9999.000,9999.000,9999.000,9999.000,9999.000
202604072042,   0.801,   1.498,9999.000,9999.000,9999.000,9999.000,9999.000,9999.000,9999.000
202604072048,   0.764,   1.479,9999.000,9999.000,9999.000,9999.000,9999.000,9999.000,9999.000
202604072054,   0.726,   1.449,9999.000,9999.000,9999.000,9999.000,9999.000,9999.000,9999.000
202604072100,   0.689,   1.439,   0.800,  -0.050,   1.439,   0.800,   1.439,   0.800,   1.439
202604072106,   0.652,   1.400,9999.000,9999.000,9999.000,9999.000,9999.000,9999.000,9999.000
202604072112,   0.616,   1.338,9999.000,9999.000,9999.000,9999.000,9999.000,9999.000,9999.000
202604072118,   0.579,   1.308,9999.000,9999.000,9999.000,9999.000,9999.000,9999.000,9999.000
202604072124,   0.543,   1.269,9999.000,9999.000,9999.000,9999.000,9999.000,9999.000,9999.000
202604072130,   0.508,   1.229,9999.000,9999.000,9999.000,9999.000,9999.000,9999.000,9999.000
202604072136,   0.473,   1.200,9999.000,9999.000,9999.000,9999.000,9999.000,9999.000,9999.000
202604072142,   0.438,   1.220,9999.000,9999.000,9999.000,9999.000,9999.000,9999.000,9999.000
202604072148,   0.404,   1.170,9999.000,9999.000,9999.000,9999.000,9999.000,9999.000,9999.000
202604072154,   0.372,   1.170,9999.000,9999.000,9999.000,9999.000,9999.000,9999.000,9999.000
202604072200,   0.339,   1.138,   0.800,  -0.001,   1.138,   0.800,   1.138,   0.800,   1.138
202604072206,   0.308,   1.059,9999.000,9999.000,9999.000,9999.000,9999.000,9999.000,9999.000
202604072212,   0.278,   0.961,9999.000,9999.000,9999.000,9999.000,9999.000,9999.000,9999.000
202604072218,   0.248,   0.961,9999.000,9999.000,9999.000,9999.000,9999.000,9999.000,9999.000
202604072224,   0.220,   0.918,9999.000,9999.000,9999.000,9999.000,9999.000,9999.000,9999.000
202604072230,   0.192,   0.908,9999.000,9999.000,9999.000,9999.000,9999.000,9999.000,9999.000
202604072236,   0.166,   0.918,9999.000,9999.000,9999.000,9999.000,9999.000,9999.000,9999.000
202604072242,   0.141,   0.898,9999.000,9999.000,9999.000,9999.000,9999.000,9999.000,9999.000
202604072248,   0.117,   0.898,9999.000,9999.000,9999.000,9999.000,9999.000,9999.000,9999.000
202604072254,   0.094,   0.888,9999.000,9999.000,9999.000,9999.000,9999.000,9999.000,9999.000
202604072300,   0.072,   0.859,   0.800,  -0.013,   0.859,   0.800,   0.859,   0.800,   0.859
202604072306,   0.052,   0.849,9999.000,9999.000,9999.000,9999.000,9999.000,9999.000,9999.000
202604072312,   0.033,   0.849,9999.000,9999.000,9999.000,9999.000,9999.000,9999.000,9999.000
202604072318,   0.015,   0.829,9999.000,9999.000,9999.000,9999.000,9999.000,9999.000,9999.000
202604072324,  -0.001,   0.800,9999.000,9999.000,9999.000,9999.000,9999.000,9999.000,9999.000
202604072330,  -0.016,   0.800,9999.000,9999.000,9999.000,9999.000,9999.000,9999.000,9999.000
202604072336,  -0.030,   0.790,9999.000,9999.000,9999.000,9999.000,9999.000,9999.000,9999.000
202604072342,  -0.042,   0.760,9999.000,9999.000,9999.000,9999.000,9999.000,9999.000,9999.000
202604072348,  -0.054,   0.731,9999.000,9999.000,9999.000,9999.000,9999.000,9999.000,9999.000
202604072354,  -0.064,   0.731,9999.000,9999.000,9999.000,9999.000,9999.000,9999.000,9999.000
202604080000,  -0.072,   0.731,   0.800,   0.003,   0.731,   0.800,   0.731,   0.800,   0.731
202604080006,  -0.079,   0.688,9999.000,9999.000,9999.000,9999.000,9999.000,9999.000,9999.000
202604080012,  -0.085,   0.659,9999.000,9999.000,9999.000,9999.000,9999.000,9999.000,9999.000
202604080018,  -0.090,   0.678,9999.000,9999.000,9999.000,9999.000,9999.000,9999.000,9999.000
202604080024,  -0.093,   0.688,9999.000,9999.000,9999.000,9999.000,9999.000,9999.000,9999.000
202604080030,  -0.095,   0.678,9999.000,9999.000,9999.000,9999.000,9999.000,9999.000,9999.000
202604080036,  -0.096,   0.698,9999.000,9999.000,9999.000,9999.000,9999.000,9999.000,9999.000
202604080042,  -0.096,   0.669,9999.000,9999.000,9999.000,9999.000,9999.000,9999.000,9999.000
202604080048,  -0.094,   0.649,9999.000,9999.000,9999.000,9999.000,9999.000,9999.000,9999.000
202604080054,  -0.091,   0.639,9999.000,9999.000,9999.000,9999.000,9999.000,9999.000,9999.000
202604080100,  -0.087,   0.639,   0.800,  -0.074,   0.639,   0.800,   0.639,   0.800,   0.639
202604080106,  -0.081,   0.629,9999.000,9999.000,9999.000,9999.000,9999.000,9999.000,9999.000
202604080112,  -0.075,   0.629,9999.000,9999.000,9999.000,9999.000,9999.000,9999.000,9999.000
202604080118,  -0.067,   0.629,9999.000,9999.000,9999.000,9999.000,9999.000,9999.000,9999.000
202604080124,  -0.058,   0.639,9999.000,9999.000,9999.000,9999.000,9999.000,9999.000,9999.000
202604080130,  -0.049,   0.659,9999.000,9999.000,9999.000,9999.000,9999.000,9999.000,9999.000
202604080136,  -0.038,   0.649,9999.000,9999.000,9999.000,9999.000,9999.000,9999.000,9999.000
202604080142,  -0.026,   0.678,9999.000,9999.000,9999.000,9999.000,9999.000,9999.000,9999.000
202604080148,  -0.014,   0.688,9999.000,9999.000,9999.000,9999.000,9999.000,9999.000,9999.000
202604080154,  -0.001,   0.731,9999.000,9999.000,9999.000,9999.000,9999.000,9999.000,9999.000
202604080200,   0.012,   0.760,   0.800,  -0.052,   0.760,   0.800,   0.760,   0.800,   0.760
202604080206,   0.027,   0.810,9999.000,9999.000,9999.000,9999.000,9999.000,9999.000,9999.000
202604080212,   0.043,   0.839,9999.000,9999.000,9999.000,9999.000,9999.000,9999.000,9999.000
202604080218,   0.059,   0.859,9999.000,9999.000,9999.000,9999.000,9999.000,9999.000,9999.000
202604080224,   0.075,   0.879,9999.000,9999.000,9999.000,9999.000,9999.000,9999.000,9999.000
202604080230,   0.093,   0.918,9999.000,9999.000,9999.000,9999.000,9999.000,9999.000,9999.000
202604080236,   0.110,   0.941,9999.000,9999.000,9999.000,9999.000,9999.000,9999.000,9999.000
202604080242,   0.128,   0.941,9999.000,9999.000,9999.000,9999.000,9999.000,9999.000,9999.000
202604080248,   0.146,   0.951,9999.000,9999.000,9999.000,9999.000,9999.000,9999.000,9999.000
202604080254,   0.165,   0.928,9999.000,9999.000,9999.000,9999.000,9999.000,9999.000,9999.000
202604080300,   0.184,   0.928,   0.800,  -0.056,   0.928,   0.700,   0.828,   0.800,   0.928
202604080306,   0.203,   0.941,9999.000,9999.000,9999.000,9999.000,9999.000,9999.000,9999.000
202604080312,   0.222,   0.941,9999.000,9999.000,9999.000,9999.000,9999.000,9999.000,9999.000
202604080318,   0.241,   0.970,9999.000,9999.000,9999.000,9999.000,9999.000,9999.000,9999.000
202604080324,   0.261,   0.990,9999.000,9999.000,9999.000,9999.000,9999.000,9999.000,9999.000
202604080330,   0.280,   1.029,9999.000,9999.000,9999.000,9999.000,9999.000,9999.000,9999.000
202604080336,   0.299,   1.069,9999.000,9999.000,9999.000,9999.000,9999.000,9999.000,9999.000
202604080342,   0.318,   1.098,9999.000,9999.000,9999.000,9999.000,9999.000,9999.000,9999.000
202604080348,   0.337,   1.138,9999.000,9999.000,9999.000,9999.000,9999.000,9999.000,9999.000
202604080354,   0.356,   1.170,9999.000,9999.000,9999.000,9999.000,9999.000,9999.000,9999.000
202604080400,   0.375,   1.180,   0.800,   0.005,   1.180,   0.700,   1.080,   0.800,   1.180
202604080406,   0.393,   1.190,9999.000,9999.000,9999.000,9999.000,9999.000,9999.000,9999.000
202604080412,   0.411,   1.220,9999.000,9999.000,9999.000,9999.000,9999.000,9999.000,9999.000
202604080418,   0.429,   1.249,9999.000,9999.000,9999.000,9999.000,9999.000,9999.000,9999.000
202604080424,   0.447,   1.269,9999.000,9999.000,9999.000,9999.000,9999.000,9999.000,9999.000
202604080430,   0.464,   1.289,9999.000,9999.000,9999.000,9999.000,9999.000,9999.000,9999.000
202604080436,   0.481,   1.308,9999.000,9999.000,9999.000,9999.000,9999.000,9999.000,9999.000
202604080442,   0.497,   1.328,9999.000,9999.000,9999.000,9999.000,9999.000,9999.000,9999.000
202604080448,   0.513,   1.338,9999.000,9999.000,9999.000,9999.000,9999.000,9999.000,9999.000
202604080454,   0.529,   1.348,9999.000,9999.000,9999.000,9999.000,9999.000,9999.000,9999.000
202604080500,   0.544,   1.361,   0.700,   0.117,   1.361,   0.700,   1.361,   0.800,   1.461
202604080506,   0.558,   1.371,9999.000,9999.000,9999.000,9999.000,9999.000,9999.000,9999.000
202604080512,   0.572,   1.400,9999.000,9999.000,9999.000,9999.000,9999.000,9999.000,9999.000
202604080518,   0.586,   1.420,9999.000,9999.000,9999.000,9999.000,9999.000,9999.000,9999.000
202604080524,   0.599,   1.439,9999.000,9999.000,9999.000,9999.000,9999.000,9999.000,9999.000
202604080530,   0.611,   1.449,9999.000,9999.000,9999.000,9999.000,9999.000,9999.000,9999.000
202604080536,   0.623,   1.469,9999.000,9999.000,9999.000,9999.000,9999.000,9999.000,9999.000
202604080542,   0.634,   1.498,9999.000,9999.000,9999.000,9999.000,9999.000,9999.000,9999.000
202604080548,   0.644,   1.508,9999.000,9999.000,9999.000,9999.000,9999.000,9999.000,9999.000
202604080554,   0.654,9999.000,9999.000,9999.000,9999.000,9999.000,9999.000,9999.000,9999.000
202604080600,   0.663,9999.000,   0.700,   0.101,   1.464,   0.700,   1.464,   0.700,   1.464
202604080606,   0.672,9999.000,9999.000,9999.000,9999.000,9999.000,9999.000,9999.000,9999.000
202604080612,   0.679,9999.000,9999.000,9999.000,9999.000,9999.000,9999.000,9999.000,9999.000
202604080618,   0.686,9999.000,9999.000,9999.000,9999.000,9999.000,9999.000,9999.000,9999.000
202604080624,   0.692,9999.000,9999.000,9999.000,9999.000,9999.000,9999.000,9999.000,9999.000
202604080630,   0.698,9999.000,9999.000,9999.000,9999.000,9999.000,9999.000,9999.000,9999.000
202604080636,   0.703,9999.000,9999.000,9999.000,9999.000,9999.000,9999.000,9999.000,9999.000
202604080642,   0.707,9999.000,9999.000,9999.000,9999.000,9999.000,9999.000,9999.000,9999.000
202604080648,   0.710,9999.000,9999.000,9999.000,9999.000,9999.000,9999.000,9999.000,9999.000
202604080654,   0.712,9999.000,9999.000,9999.000,9999.000,9999.000,9999.000,9999.000,9999.000
202604080700,   0.714,9999.000,   0.700,   0.084,   1.498,   0.600,   1.398,   0.700,   1.498
202604080706,   0.715,9999.000,9999.000,9999.000,9999.000,9999.000,9999.000,9999.000,9999.000
202604080712,   0.715,9999.000,9999.000,9999.000,9999.000,9999.000,9999.000,9999.000,9999.000
202604080718,   0.714,9999.000,9999.000,9999.000,9999.000,9999.000,9999.000,9999.000,9999.000
202604080724,   0.713,9999.000,9999.000,9999.000,9999.000,9999.000,9999.000,9999.000,9999.000
202604080730,   0.711,9999.000,9999.000,9999.000,9999.000,9999.000,9999.000,9999.000,9999.000
202604080736,   0.709,9999.000,9999.000,9999.000,9999.000,9999.000,9999.000,9999.000,9999.000
202604080742,   0.706,9999.000,9999.000,9999.000,9999.000,9999.000,9999.000,9999.000,9999.000
202604080748,   0.702,9999.000,9999.000,9999.000,9999.000,9999.000,9999.000,9999.000,9999.000
202604080754,   0.697,9999.000,9999.000,9999.000,9999.000,9999.000,9999.000,9999.000,9999.000
202604080800,   0.693,9999.000,   0.700,   0.068,   1.461,   0.600,   1.361,   0.700,   1.461
202604080806,   0.687,9999.000,9999.000,9999.000,9999.000,9999.000,9999.000,9999.000,9999.000
202604080812,   0.681,9999.000,9999.000,9999.000,9999.000,9999.000,9999.000,9999.000,9999.000
202604080818,   0.675,9999.000,9999.000,9999.000,9999.000,9999.000,9999.000,9999.000,9999.000
202604080824,   0.669,9999.000,9999.000,9999.000,9999.000,9999.000,9999.000,9999.000,9999.000
202604080830,   0.662,9999.000,9999.000,9999.000,9999.000,9999.000,9999.000,9999.000,9999.000
202604080836,   0.655,9999.000,9999.000,9999.000,9999.000,9999.000,9999.000,9999.000,9999.000
202604080842,   0.648,9999.000,9999.000,9999.000,9999.000,9999.000,9999.000,9999.000,9999.000
202604080848,   0.641,9999.000,9999.000,9999.000,9999.000,9999.000,9999.000,9999.000,9999.000
202604080854,   0.633,9999.000,9999.000,9999.000,9999.000,9999.000,9999.000,9999.000,9999.000
202604080900,   0.626,9999.000,   0.700,   0.052,   1.378,   0.700,   1.378,   0.700,   1.378
202604080906,   0.619,9999.000,9999.000,9999.000,9999.000,9999.000,9999.000,9999.000,9999.000
202604080912,   0.611,9999.000,9999.000,9999.000,9999.000,9999.000,9999.000,9999.000,9999.000
202604080918,   0.604,9999.000,9999.000,9999.000,9999.000,9999.000,9999.000,9999.000,9999.000
202604080924,   0.597,9999.000,9999.000,9999.000,9999.000,9999.000,9999.000,9999.000,9999.000
202604080930,   0.591,9999.000,9999.000,9999.000,9999.000,9999.000,9999.000,9999.000,9999.000
202604080936,   0.584,9999.000,9999.000,9999.000,9999.000,9999.000,9999.000,9999.000,9999.000
202604080942,   0.578,9999.000,9999.000,9999.000,9999.000,9999.000,9999.000,9999.000,9999.000
202604080948,   0.572,9999.000,9999.000,9999.000,9999.000,9999.000,9999.000,9999.000,9999.000
202604080954,   0.567,9999.000,9999.000,9999.000,9999.000,9999.000,9999.000,9999.000,9999.000
202604081000,   0.562,9999.000,   0.700,   0.036,   1.298,   0.700,   1.298,   0.700,   1.298
202604081006,   0.558,9999.000,9999.000,9999.000,9999.000,9999.000,9999.000,9999.000,9999.000
202604081012,   0.554,9999.000,9999.000,9999.000,9999.000,9999.000,9999.000,9999.000,9999.000
202604081018,   0.550,9999.000,9999.000,9999.000,9999.000,9999.000,9999.000,9999.000,9999.000
202604081024,   0.547,9999.000,9999.000,9999.000,9999.000,9999.000,9999.000,9999.000,9999.000
202604081030,   0.545,9999.000,9999.000,9999.000,9999.000,9999.000,9999.000,9999.000,9999.000
202604081036,   0.543,9999.000,9999.000,9999.000,9999.000,9999.000,9999.000,9999.000,9999.000
202604081042,   0.541,9999.000,9999.000,9999.000,9999.000,9999.000,9999.000,9999.000,9999.000
202604081048,   0.541,9999.000,9999.000,9999.000,9999.000,9999.000,9999.000,9999.000,9999.000
202604081054,   0.541,9999.000,9999.000,9999.000,9999.000,9999.000,9999.000,9999.000,9999.000
202604081100,   0.541,9999.000,   0.700,   0.019,   1.260,   0.700,   1.260,   0.700,   1.260
202604081106,   0.542,9999.000,9999.000,9999.000,9999.000,9999.000,9999.000,9999.000,9999.000
202604081112,   0.544,9999.000,9999.000,9999.000,9999.000,9999.000,9999.000,9999.000,9999.000
202604081118,   0.547,9999.000,9999.000,9999.000,9999.000,9999.000,9999.000,9999.000,9999.000
202604081124,   0.550,9999.000,9999.000,9999.000,9999.000,9999.000,9999.000,9999.000,9999.000
202604081130,   0.553,9999.000,9999.000,9999.000,9999.000,9999.000,9999.000,9999.000,9999.000
202604081136,   0.558,9999.000,9999.000,9999.000,9999.000,9999.000,9999.000,9999.000,9999.000
202604081142,   0.563,9999.000,9999.000,9999.000,9999.000,9999.000,9999.000,9999.000,9999.000
202604081148,   0.568,9999.000,9999.000,9999.000,9999.000,9999.000,9999.000,9999.000,9999.000
202604081154,   0.574,9999.000,9999.000,9999.000,9999.000,9999.000,9999.000,9999.000,9999.000
202604081200,   0.581,9999.000,   0.700,   0.003,   1.284,   0.700,   1.284,   0.700,   1.284
202604081206,   0.589,9999.000,9999.000,9999.000,9999.000,9999.000,9999.000,9999.000,9999.000
202604081212,   0.597,9999.000,9999.000,9999.000,9999.000,9999.000,9999.000,9999.000,9999.000
202604081218,   0.606,9999.000,9999.000,9999.000,9999.000,9999.000,9999.000,9999.000,9999.000
202604081224,   0.616,9999.000,9999.000,9999.000,9999.000,9999.000,9999.000,9999.000,9999.000
202604081230,   0.626,9999.000,9999.000,9999.000,9999.000,9999.000,9999.000,9999.000,9999.000
202604081236,   0.636,9999.000,9999.000,9999.000,9999.000,9999.000,9999.000,9999.000,9999.000
202604081242,   0.648,9999.000,9999.000,9999.000,9999.000,9999.000,9999.000,9999.000,9999.000
202604081248,   0.660,9999.000,9999.000,9999.000,9999.000,9999.000,9999.000,9999.000,9999.000
202604081254,   0.673,9999.000,9999.000,9999.000,9999.000,9999.000,9999.000,9999.000,9999.000
202604081300,   0.686,9999.000,   0.700,  -0.013,   1.373,   0.700,   1.373,   0.700,   1.373
202604081306,   0.700,9999.000,9999.000,9999.000,9999.000,9999.000,9999.000,9999.000,9999.000
202604081312,   0.714,9999.000,9999.000,9999.000,9999.000,9999.000,9999.000,9999.000,9999.000
202604081318,   0.729,9999.000,9999.000,9999.000,9999.000,9999.000,9999.000,9999.000,9999.000
202604081324,   0.745,9999.000,9999.000,9999.000,9999.000,9999.000,9999.000,9999.000,9999.000
202604081330,   0.761,9999.000,9999.000,9999.000,9999.000,9999.000,9999.000,9999.000,9999.000
202604081336,   0.777,9999.000,9999.000,9999.000,9999.000,9999.000,9999.000,9999.000,9999.000
202604081342,   0.795,9999.000,9999.000,9999.000,9999.000,9999.000,9999.000,9999.000,9999.000
202604081348,   0.812,9999.000,9999.000,9999.000,9999.000,9999.000,9999.000,9999.000,9999.000
202604081354,   0.830,9999.000,9999.000,9999.000,9999.000,9999.000,9999.000,9999.000,9999.000
202604081400,   0.849,9999.000,   0.700,  -0.029,   1.520,   0.700,   1.520,   0.700,   1.520
202604081406,   0.867,9999.000,9999.000,9999.000,9999.000,9999.000,9999.000,9999.000,9999.000
202604081412,   0.887,9999.000,9999.000,9999.000,9999.000,9999.000,9999.000,9999.000,9999.000
202604081418,   0.906,9999.000,9999.000,9999.000,9999.000,9999.000,9999.000,9999.000,9999.000
202604081424,   0.926,9999.000,9999.000,9999.000,9999.000,9999.000,9999.000,9999.000,9999.000
202604081430,   0.946,9999.000,9999.000,9999.000,9999.000,9999.000,9999.000,9999.000,9999.000
202604081436,   0.966,9999.000,9999.000,9999.000,9999.000,9999.000,9999.000,9999.000,9999.000
202604081442,   0.986,9999.000,9999.000,9999.000,9999.000,9999.000,9999.000,9999.000,9999.000
202604081448,   1.006,9999.000,9999.000,9999.000,9999.000,9999.000,9999.000,9999.000,9999.000
202604081454,   1.027,9999.000,9999.000,9999.000,9999.000,9999.000,9999.000,9999.000,9999.000
202604081500,   1.047,9999.000,   0.700,  -0.046,   1.701,   0.600,   1.601,   0.700,   1.701
202604081506,   1.067,9999.000,9999.000,9999.000,9999.000,9999.000,9999.000,9999.000,9999.000
202604081512,   1.088,9999.000,9999.000,9999.000,9999.000,9999.000,9999.000,9999.000,9999.000
202604081518,   1.108,9999.000,9999.000,9999.000,9999.000,9999.000,9999.000,9999.000,9999.000
202604081524,   1.128,9999.000,9999.000,9999.000,9999.000,9999.000,9999.000,9999.000,9999.000
202604081530,   1.147,9999.000,9999.000,9999.000,9999.000,9999.000,9999.000,9999.000,9999.000
202604081536,   1.167,9999.000,9999.000,9999.000,9999.000,9999.000,9999.000,9999.000,9999.000
202604081542,   1.186,9999.000,9999.000,9999.000,9999.000,9999.000,9999.000,9999.000,9999.000
202604081548,   1.205,9999.000,9999.000,9999.000,9999.000,9999.000,9999.000,9999.000,9999.000
202604081554,   1.223,9999.000,9999.000,9999.000,9999.000,9999.000,9999.000,9999.000,9999.000
202604081600,   1.241,9999.000,   0.700,  -0.062,   1.879,   0.600,   1.779,   0.700,   1.879
202604081606,   1.258,9999.000,9999.000,9999.000,9999.000,9999.000,9999.000,9999.000,9999.000
202604081612,   1.275,9999.000,9999.000,9999.000,9999.000,9999.000,9999.000,9999.000,9999.000
202604081618,   1.292,9999.000,9999.000,9999.000,9999.000,9999.000,9999.000,9999.000,9999.000
202604081624,   1.307,9999.000,9999.000,9999.000,9999.000,9999.000,9999.000,9999.000,9999.000
202604081630,   1.323,9999.000,9999.000,9999.000,9999.000,9999.000,9999.000,9999.000,9999.000
202604081636,   1.337,9999.000,9999.000,9999.000,9999.000,9999.000,9999.000,9999.000,9999.000
202604081642,   1.351,9999.000,9999.000,9999.000,9999.000,9999.000,9999.000,9999.000,9999.000
202604081648,   1.364,9999.000,9999.000,9999.000,9999.000,9999.000,9999.000,9999.000,9999.000
202604081654,   1.376,9999.000,9999.000,9999.000,9999.000,9999.000,9999.000,9999.000,9999.000
202604081700,   1.388,9999.000,   0.700,  -0.078,   2.010,   0.600,   1.910,   0.700,   2.010
202604081706,   1.398,9999.000,9999.000,9999.000,9999.000,9999.000,9999.000,9999.000,9999.000
202604081712,   1.408,9999.000,9999.000,9999.000,9999.000,9999.000,9999.000,9999.000,9999.000
202604081718,   1.417,9999.000,9999.000,9999.000,9999.000,9999.000,9999.000,9999.000,9999.000
202604081724,   1.425,9999.000,9999.000,9999.000,9999.000,9999.000,9999.000,9999.000,9999.000
202604081730,   1.433,9999.000,9999.000,9999.000,9999.000,9999.000,9999.000,9999.000,9999.000
202604081736,   1.439,9999.000,9999.000,9999.000,9999.000,9999.000,9999.000,9999.000,9999.000
202604081742,   1.444,9999.000,9999.000,9999.000,9999.000,9999.000,9999.000,9999.000,9999.000
202604081748,   1.448,9999.000,9999.000,9999.000,9999.000,9999.000,9999.000,9999.000,9999.000
202604081754,   1.451,9999.000,9999.000,9999.000,9999.000,9999.000,9999.000,9999.000,9999.000
202604081800,   1.453,9999.000,   0.700,  -0.078,   2.075,   0.600,   1.975,   0.700,   2.075
202604081806,   1.454,9999.000,9999.000,9999.000,9999.000,9999.000,9999.000,9999.000,9999.000
202604081812,   1.454,9999.000,9999.000,9999.000,9999.000,9999.000,9999.000,9999.000,9999.000
202604081818,   1.453,9999.000,9999.000,9999.000,9999.000,9999.000,9999.000,9999.000,9999.000
202604081824,   1.450,9999.000,9999.000,9999.000,9999.000,9999.000,9999.000,9999.000,9999.000
202604081830,   1.447,9999.000,9999.000,9999.000,9999.000,9999.000,9999.000,9999.000,9999.000
202604081836,   1.442,9999.000,9999.000,9999.000,9999.000,9999.000,9999.000,9999.000,9999.000
202604081842,   1.436,9999.000,9999.000,9999.000,9999.000,9999.000,9999.000,9999.000,9999.000
202604081848,   1.429,9999.000,9999.000,9999.000,9999.000,9999.000,9999.000,9999.000,9999.000
202604081854,   1.420,9999.000,9999.000,9999.000,9999.000,9999.000,9999.000,9999.000,9999.000
202604081900,   1.411,9999.000,   0.700,  -0.078,   2.033,   0.600,   1.933,   0.700,   2.033
202604081906,   1.400,9999.000,9999.000,9999.000,9999.000,9999.000,9999.000,9999.000,9999.000
202604081912,   1.387,9999.000,9999.000,9999.000,9999.000,9999.000,9999.000,9999.000,9999.000
202604081918,   1.374,9999.000,9999.000,9999.000,9999.000,9999.000,9999.000,9999.000,9999.000
202604081924,   1.359,9999.000,9999.000,9999.000,9999.000,9999.000,9999.000,9999.000,9999.000
202604081930,   1.343,9999.000,9999.000,9999.000,9999.000,9999.000,9999.000,9999.000,9999.000
202604081936,   1.326,9999.000,9999.000,9999.000,9999.000,9999.000,9999.000,9999.000,9999.000
202604081942,   1.308,9999.000,9999.000,9999.000,9999.000,9999.000,9999.000,9999.000,9999.000
202604081948,   1.288,9999.000,9999.000,9999.000,9999.000,9999.000,9999.000,9999.000,9999.000
202604081954,   1.268,9999.000,9999.000,9999.000,9999.000,9999.000,9999.000,9999.000,9999.000
202604082000,   1.246,9999.000,   0.700,  -0.078,   1.868,   0.600,   1.768,   0.700,   1.868
202604082006,   1.223,9999.000,9999.000,9999.000,9999.000,9999.000,9999.000,9999.000,9999.000
202604082012,   1.199,9999.000,9999.000,9999.000,9999.000,9999.000,9999.000,9999.000,9999.000
202604082018,   1.175,9999.000,9999.000,9999.000,9999.000,9999.000,9999.000,9999.000,9999.000
202604082024,   1.149,9999.000,9999.000,9999.000,9999.000,9999.000,9999.000,9999.000,9999.000
202604082030,   1.122,9999.000,9999.000,9999.000,9999.000,9999.000,9999.000,9999.000,9999.000
202604082036,   1.095,9999.000,9999.000,9999.000,9999.000,9999.000,9999.000,9999.000,9999.000
202604082042,   1.067,9999.000,9999.000,9999.000,9999.000,9999.000,9999.000,9999.000,9999.000
202604082048,   1.038,9999.000,9999.000,9999.000,9999.000,9999.000,9999.000,9999.000,9999.000
202604082054,   1.009,9999.000,9999.000,9999.000,9999.000,9999.000,9999.000,9999.000,9999.000
202604082100,   0.979,9999.000,   0.700,  -0.078,   1.601,   0.700,   1.601,   0.700,   1.601
202604082106,   0.948,9999.000,9999.000,9999.000,9999.000,9999.000,9999.000,9999.000,9999.000
202604082112,   0.918,9999.000,9999.000,9999.000,9999.000,9999.000,9999.000,9999.000,9999.000
202604082118,   0.886,9999.000,9999.000,9999.000,9999.000,9999.000,9999.000,9999.000,9999.000
202604082124,   0.855,9999.000,9999.000,9999.000,9999.000,9999.000,9999.000,9999.000,9999.000
202604082130,   0.823,9999.000,9999.000,9999.000,9999.000,9999.000,9999.000,9999.000,9999.000
202604082136,   0.792,9999.000,9999.000,9999.000,9999.000,9999.000,9999.000,9999.000,9999.000
202604082142,   0.760,9999.000,9999.000,9999.000,9999.000,9999.000,9999.000,9999.000,9999.000
202604082148,   0.728,9999.000,9999.000,9999.000,9999.000,9999.000,9999.000,9999.000,9999.000
202604082154,   0.697,9999.000,9999.000,9999.000,9999.000,9999.000,9999.000,9999.000,9999.000
202604082200,   0.665,9999.000,   0.700,  -0.078,   1.287,   0.700,   1.287,   0.800,   1.387
202604082206,   0.634,9999.000,9999.000,9999.000,9999.000,9999.000,9999.000,9999.000,9999.000
202604082212,   0.603,9999.000,9999.000,9999.000,9999.000,9999.000,9999.000,9999.000,9999.000
202604082218,   0.572,9999.000,9999.000,9999.000,9999.000,9999.000,9999.000,9999.000,9999.000
202604082224,   0.542,9999.000,9999.000,9999.000,9999.000,9999.000,9999.000,9999.000,9999.000
202604082230,   0.512,9999.000,9999.000,9999.000,9999.000,9999.000,9999.000,9999.000,9999.000
202604082236,   0.483,9999.000,9999.000,9999.000,9999.000,9999.000,9999.000,9999.000,9999.000
202604082242,   0.454,9999.000,9999.000,9999.000,9999.000,9999.000,9999.000,9999.000,9999.000
202604082248,   0.426,9999.000,9999.000,9999.000,9999.000,9999.000,9999.000,9999.000,9999.000
202604082254,   0.398,9999.000,9999.000,9999.000,9999.000,9999.000,9999.000,9999.000,9999.000
202604082300,   0.372,9999.000,   0.700,  -0.078,   0.994,   0.700,   0.994,   0.800,   1.094
202604082306,   0.346,9999.000,9999.000,9999.000,9999.000,9999.000,9999.000,9999.000,9999.000
202604082312,   0.320,9999.000,9999.000,9999.000,9999.000,9999.000,9999.000,9999.000,9999.000
202604082318,   0.296,9999.000,9999.000,9999.000,9999.000,9999.000,9999.000,9999.000,9999.000
202604082324,   0.272,9999.000,9999.000,9999.000,9999.000,9999.000,9999.000,9999.000,9999.000
202604082330,   0.249,9999.000,9999.000,9999.000,9999.000,9999.000,9999.000,9999.000,9999.000
202604082336,   0.227,9999.000,9999.000,9999.000,9999.000,9999.000,9999.000,9999.000,9999.000
202604082342,   0.206,9999.000,9999.000,9999.000,9999.000,9999.000,9999.000,9999.000,9999.000
202604082348,   0.186,9999.000,9999.000,9999.000,9999.000,9999.000,9999.000,9999.000,9999.000
202604082354,   0.167,9999.000,9999.000,9999.000,9999.000,9999.000,9999.000,9999.000,9999.000
202604090000,   0.149,9999.000,   0.700,  -0.078,   0.771,   0.700,   0.771,   0.800,   0.871
202604090006,   0.132,9999.000,9999.000,9999.000,9999.000,9999.000,9999.000,9999.000,9999.000
202604090012,   0.115,9999.000,9999.000,9999.000,9999.000,9999.000,9999.000,9999.000,9999.000
202604090018,   0.100,9999.000,9999.000,9999.000,9999.000,9999.000,9999.000,9999.000,9999.000
202604090024,   0.086,9999.000,9999.000,9999.000,9999.000,9999.000,9999.000,9999.000,9999.000
202604090030,   0.073,9999.000,9999.000,9999.000,9999.000,9999.000,9999.000,9999.000,9999.000
202604090036,   0.061,9999.000,9999.000,9999.000,9999.000,9999.000,9999.000,9999.000,9999.000
202604090042,   0.050,9999.000,9999.000,9999.000,9999.000,9999.000,9999.000,9999.000,9999.000
202604090048,   0.040,9999.000,9999.000,9999.000,9999.000,9999.000,9999.000,9999.000,9999.000
202604090054,   0.031,9999.000,9999.000,9999.000,9999.000,9999.000,9999.000,9999.000,9999.000
202604090100,   0.024,9999.000,   0.700,  -0.078,   0.646,   0.700,   0.646,   0.800,   0.746
202604090106,   0.017,9999.000,9999.000,9999.000,9999.000,9999.000,9999.000,9999.000,9999.000
202604090112,   0.012,9999.000,9999.000,9999.000,9999.000,9999.000,9999.000,9999.000,9999.000
202604090118,   0.007,9999.000,9999.000,9999.000,9999.000,9999.000,9999.000,9999.000,9999.000
202604090124,   0.004,9999.000,9999.000,9999.000,9999.000,9999.000,9999.000,9999.000,9999.000
202604090130,   0.002,9999.000,9999.000,9999.000,9999.000,9999.000,9999.000,9999.000,9999.000
202604090136,   0.000,9999.000,9999.000,9999.000,9999.000,9999.000,9999.000,9999.000,9999.000
202604090142,   0.000,9999.000,9999.000,9999.000,9999.000,9999.000,9999.000,9999.000,9999.000
202604090148,   0.001,9999.000,9999.000,9999.000,9999.000,9999.000,9999.000,9999.000,9999.000
202604090154,   0.003,9999.000,9999.000,9999.000,9999.000,9999.000,9999.000,9999.000,9999.000
202604090200,   0.006,9999.000,   0.700,  -0.078,   0.628,   0.600,   0.528,   0.700,   0.628
202604090206,   0.010,9999.000,9999.000,9999.000,9999.000,9999.000,9999.000,9999.000,9999.000
202604090212,   0.015,9999.000,9999.000,9999.000,9999.000,9999.000,9999.000,9999.000,9999.000
202604090218,   0.021,9999.000,9999.000,9999.000,9999.000,9999.000,9999.000,9999.000,9999.000
202604090224,   0.028,9999.000,9999.000,9999.000,9999.000,9999.000,9999.000,9999.000,9999.000
202604090230,   0.035,9999.000,9999.000,9999.000,9999.000,9999.000,9999.000,9999.000,9999.000
202604090236,   0.044,9999.000,9999.000,9999.000,9999.000,9999.000,9999.000,9999.000,9999.000
202604090242,   0.053,9999.000,9999.000,9999.000,9999.000,9999.000,9999.000,9999.000,9999.000
202604090248,   0.063,9999.000,9999.000,9999.000,9999.000,9999.000,9999.000,9999.000,9999.000
202604090254,   0.074,9999.000,9999.000,9999.000,9999.000,9999.000,9999.000,9999.000,9999.000
202604090300,   0.085,9999.000,   0.700,  -0.078,   0.707,   0.600,   0.607,   0.700,   0.707
202604090306,   0.097,9999.000,9999.000,9999.000,9999.000,9999.000,9999.000,9999.000,9999.000
202604090312,   0.110,9999.000,9999.000,9999.000,9999.000,9999.000,9999.000,9999.000,9999.000
202604090318,   0.123,9999.000,9999.000,9999.000,9999.000,9999.000,9999.000,9999.000,9999.000
202604090324,   0.136,9999.000,9999.000,9999.000,9999.000,9999.000,9999.000,9999.000,9999.000
202604090330,   0.150,9999.000,9999.000,9999.000,9999.000,9999.000,9999.000,9999.000,9999.000
202604090336,   0.165,9999.000,9999.000,9999.000,9999.000,9999.000,9999.000,9999.000,9999.000
202604090342,   0.179,9999.000,9999.000,9999.000,9999.000,9999.000,9999.000,9999.000,9999.000
202604090348,   0.194,9999.000,9999.000,9999.000,9999.000,9999.000,9999.000,9999.000,9999.000
202604090354,   0.209,9999.000,9999.000,9999.000,9999.000,9999.000,9999.000,9999.000,9999.000
202604090400,   0.225,9999.000,   0.700,  -0.078,   0.847,   0.600,   0.747,   0.700,   0.847
202604090406,   0.240,9999.000,9999.000,9999.000,9999.000,9999.000,9999.000,9999.000,9999.000
202604090412,   0.256,9999.000,9999.000,9999.000,9999.000,9999.000,9999.000,9999.000,9999.000
202604090418,   0.271,9999.000,9999.000,9999.000,9999.000,9999.000,9999.000,9999.000,9999.000
202604090424,   0.287,9999.000,9999.000,9999.000,9999.000,9999.000,9999.000,9999.000,9999.000
202604090430,   0.303,9999.000,9999.000,9999.000,9999.000,9999.000,9999.000,9999.000,9999.000
202604090436,   0.319,9999.000,9999.000,9999.000,9999.000,9999.000,9999.000,9999.000,9999.000
202604090442,   0.334,9999.000,9999.000,9999.000,9999.000,9999.000,9999.000,9999.000,9999.000
202604090448,   0.350,9999.000,9999.000,9999.000,9999.000,9999.000,9999.000,9999.000,9999.000
202604090454,   0.365,9999.000,9999.000,9999.000,9999.000,9999.000,9999.000,9999.000,9999.000
202604090500,   0.380,9999.000,   0.600,  -0.078,   0.902,   0.500,   0.802,   0.700,   1.002
202604090506,   0.395,9999.000,9999.000,9999.000,9999.000,9999.000,9999.000,9999.000,9999.000
202604090512,   0.410,9999.000,9999.000,9999.000,9999.000,9999.000,9999.000,9999.000,9999.000
202604090518,   0.425,9999.000,9999.000,9999.000,9999.000,9999.000,9999.000,9999.000,9999.000
202604090524,   0.439,9999.000,9999.000,9999.000,9999.000,9999.000,9999.000,9999.000,9999.000
202604090530,   0.453,9999.000,9999.000,9999.000,9999.000,9999.000,9999.000,9999.000,9999.000
202604090536,   0.467,9999.000,9999.000,9999.000,9999.000,9999.000,9999.000,9999.000,9999.000
202604090542,   0.481,9999.000,9999.000,9999.000,9999.000,9999.000,9999.000,9999.000,9999.000
202604090548,   0.494,9999.000,9999.000,9999.000,9999.000,9999.000,9999.000,9999.000,9999.000
202604090554,   0.507,9999.000,9999.000,9999.000,9999.000,9999.000,9999.000,9999.000,9999.000
202604090600,   0.519,9999.000,   0.600,  -0.078,   1.041,   0.500,   0.941,   0.700,   1.141
202604090606,   0.532,9999.000,9999.000,9999.000,9999.000,9999.000,9999.000,9999.000,9999.000
202604090612,   0.543,9999.000,9999.000,9999.000,9999.000,9999.000,9999.000,9999.000,9999.000
202604090618,   0.555,9999.000,9999.000,9999.000,9999.000,9999.000,9999.000,9999.000,9999.000
202604090624,   0.566,9999.000,9999.000,9999.000,9999.000,9999.000,9999.000,9999.000,9999.000
202604090630,   0.576,9999.000,9999.000,9999.000,9999.000,9999.000,9999.000,9999.000,9999.000
202604090636,   0.586,9999.000,9999.000,9999.000,9999.000,9999.000,9999.000,9999.000,9999.000
202604090642,   0.596,9999.000,9999.000,9999.000,9999.000,9999.000,9999.000,9999.000,9999.000
202604090648,   0.605,9999.000,9999.000,9999.000,9999.000,9999.000,9999.000,9999.000,9999.000
202604090654,   0.614,9999.000,9999.000,9999.000,9999.000,9999.000,9999.000,9999.000,9999.000
202604090700,   0.622,9999.000,   0.600,  -0.078,   1.144,   0.500,   1.044,   0.700,   1.244
202604090706,   0.630,9999.000,9999.000,9999.000,9999.000,9999.000,9999.000,9999.000,9999.000
202604090712,   0.637,9999.000,9999.000,9999.000,9999.000,9999.000,9999.000,9999.000,9999.000
202604090718,   0.644,9999.000,9999.000,9999.000,9999.000,9999.000,9999.000,9999.000,9999.000
202604090724,   0.650,9999.000,9999.000,9999.000,9999.000,9999.000,9999.000,9999.000,9999.000
202604090730,   0.656,9999.000,9999.000,9999.000,9999.000,9999.000,9999.000,9999.000,9999.000
202604090736,   0.661,9999.000,9999.000,9999.000,9999.000,9999.000,9999.000,9999.000,9999.000
202604090742,   0.665,9999.000,9999.000,9999.000,9999.000,9999.000,9999.000,9999.000,9999.000
202604090748,   0.669,9999.000,9999.000,9999.000,9999.000,9999.000,9999.000,9999.000,9999.000
202604090754,   0.672,9999.000,9999.000,9999.000,9999.000,9999.000,9999.000,9999.000,9999.000
202604090800,   0.675,9999.000,   0.600,  -0.078,   1.197,   0.500,   1.097,   0.700,   1.297
202604090806,   0.678,9999.000,9999.000,9999.000,9999.000,9999.000,9999.000,9999.000,9999.000
202604090812,   0.679,9999.000,9999.000,9999.000,9999.000,9999.000,9999.000,9999.000,9999.000
202604090818,   0.681,9999.000,9999.000,9999.000,9999.000,9999.000,9999.000,9999.000,9999.000
202604090824,   0.682,9999.000,9999.000,9999.000,9999.000,9999.000,9999.000,9999.000,9999.000
202604090830,   0.682,9999.000,9999.000,9999.000,9999.000,9999.000,9999.000,9999.000,9999.000
202604090836,   0.682,9999.000,9999.000,9999.000,9999.000,9999.000,9999.000,9999.000,9999.000
202604090842,   0.681,9999.000,9999.000,9999.000,9999.000,9999.000,9999.000,9999.000,9999.000
202604090848,   0.680,9999.000,9999.000,9999.000,9999.000,9999.000,9999.000,9999.000,9999.000
202604090854,   0.679,9999.000,9999.000,9999.000,9999.000,9999.000,9999.000,9999.000,9999.000
202604090900,   0.677,9999.000,   0.600,  -0.078,   1.199,   0.600,   1.199,   0.700,   1.299
202604090906,   0.675,9999.000,9999.000,9999.000,9999.000,9999.000,9999.000,9999.000,9999.000
202604090912,   0.673,9999.000,9999.000,9999.000,9999.000,9999.000,9999.000,9999.000,9999.000
202604090918,   0.671,9999.000,9999.000,9999.000,9999.000,9999.000,9999.000,9999.000,9999.000
202604090924,   0.668,9999.000,9999.000,9999.000,9999.000,9999.000,9999.000,9999.000,9999.000
202604090930,   0.665,9999.000,9999.000,9999.000,9999.000,9999.000,9999.000,9999.000,9999.000
202604090936,   0.662,9999.000,9999.000,9999.000,9999.000,9999.000,9999.000,9999.000,9999.000
202604090942,   0.659,9999.000,9999.000,9999.000,9999.000,9999.000,9999.000,9999.000,9999.000
202604090948,   0.656,9999.000,9999.000,9999.000,9999.000,9999.000,9999.000,9999.000,9999.000
202604090954,   0.653,9999.000,9999.000,9999.000,9999.000,9999.000,9999.000,9999.000,9999.000
202604091000,   0.650,9999.000,   0.700,  -0.078,   1.272,   0.600,   1.172,   0.700,   1.272
202604091006,   0.647,9999.000,9999.000,9999.000,9999.000,9999.000,9999.000,9999.000,9999.000
202604091012,   0.644,9999.000,9999.000,9999.000,9999.000,9999.000,9999.000,9999.000,9999.000
202604091018,   0.641,9999.000,9999.000,9999.000,9999.000,9999.000,9999.000,9999.000,9999.000
202604091024,   0.638,9999.000,9999.000,9999.000,9999.000,9999.000,9999.000,9999.000,9999.000
202604091030,   0.636,9999.000,9999.000,9999.000,9999.000,9999.000,9999.000,9999.000,9999.000
202604091036,   0.633,9999.000,9999.000,9999.000,9999.000,9999.000,9999.000,9999.000,9999.000
202604091042,   0.631,9999.000,9999.000,9999.000,9999.000,9999.000,9999.000,9999.000,9999.000
202604091048,   0.629,9999.000,9999.000,9999.000,9999.000,9999.000,9999.000,9999.000,9999.000
202604091054,   0.627,9999.000,9999.000,9999.000,9999.000,9999.000,9999.000,9999.000,9999.000
202604091100,   0.626,9999.000,   0.700,  -0.078,   1.248,   0.600,   1.148,   0.700,   1.248
202604091106,   0.625,9999.000,9999.000,9999.000,9999.000,9999.000,9999.000,9999.000,9999.000
202604091112,   0.624,9999.000,9999.000,9999.000,9999.000,9999.000,9999.000,9999.000,9999.000
202604091118,   0.624,9999.000,9999.000,9999.000,9999.000,9999.000,9999.000,9999.000,9999.000
202604091124,   0.623,9999.000,9999.000,9999.000,9999.000,9999.000,9999.000,9999.000,9999.000
202604091130,   0.624,9999.000,9999.000,9999.000,9999.000,9999.000,9999.000,9999.000,9999.000
202604091136,   0.624,9999.000,9999.000,9999.000,9999.000,9999.000,9999.000,9999.000,9999.000
202604091142,   0.625,9999.000,9999.000,9999.000,9999.000,9999.000,9999.000,9999.000,9999.000
202604091148,   0.626,9999.000,9999.000,9999.000,9999.000,9999.000,9999.000,9999.000,9999.000
202604091154,   0.628,9999.000,9999.000,9999.000,9999.000,9999.000,9999.000,9999.000,9999.000
202604091200,   0.630,9999.000,   0.700,  -0.078,   1.252,   0.600,   1.152,   0.700,   1.252
202604091206,   0.633,9999.000,9999.000,9999.000,9999.000,9999.000,9999.000,9999.000,9999.000
202604091212,   0.635,9999.000,9999.000,9999.000,9999.000,9999.000,9999.000,9999.000,9999.000
202604091218,   0.639,9999.000,9999.000,9999.000,9999.000,9999.000,9999.000,9999.000,9999.000
202604091224,   0.642,9999.000,9999.000,9999.000,9999.000,9999.000,9999.000,9999.000,9999.000
202604091230,   0.646,9999.000,9999.000,9999.000,9999.000,9999.000,9999.000,9999.000,9999.000
202604091236,   0.651,9999.000,9999.000,9999.000,9999.000,9999.000,9999.000,9999.000,9999.000
202604091242,   0.656,9999.000,9999.000,9999.000,9999.000,9999.000,9999.000,9999.000,9999.000
202604091248,   0.661,9999.000,9999.000,9999.000,9999.000,9999.000,9999.000,9999.000,9999.000
202604091254,   0.667,9999.000,9999.000,9999.000,9999.000,9999.000,9999.000,9999.000,9999.000
202604091300,   0.673,9999.000,   0.700,  -0.078,   1.295,   0.600,   1.195,   0.700,   1.295
202604091306,   0.679,9999.000,9999.000,9999.000,9999.000,9999.000,9999.000,9999.000,9999.000
202604091312,   0.687,9999.000,9999.000,9999.000,9999.000,9999.000,9999.000,9999.000,9999.000
202604091318,   0.694,9999.000,9999.000,9999.000,9999.000,9999.000,9999.000,9999.000,9999.000
202604091324,   0.702,9999.000,9999.000,9999.000,9999.000,9999.000,9999.000,9999.000,9999.000
202604091330,   0.711,9999.000,9999.000,9999.000,9999.000,9999.000,9999.000,9999.000,9999.000
202604091336,   0.720,9999.000,9999.000,9999.000,9999.000,9999.000,9999.000,9999.000,9999.000
202604091342,   0.729,9999.000,9999.000,9999.000,9999.000,9999.000,9999.000,9999.000,9999.000
202604091348,   0.739,9999.000,9999.000,9999.000,9999.000,9999.000,9999.000,9999.000,9999.000
202604091354,   0.750,9999.000,9999.000,9999.000,9999.000,9999.000,9999.000,9999.000,9999.000
202604091400,   0.761,9999.000,   0.600,  -0.078,   1.283,   0.600,   1.283,   0.700,   1.383
202604091406,   0.772,9999.000,9999.000,9999.000,9999.000,9999.000,9999.000,9999.000,9999.000
202604091412,   0.784,9999.000,9999.000,9999.000,9999.000,9999.000,9999.000,9999.000,9999.000
202604091418,   0.796,9999.000,9999.000,9999.000,9999.000,9999.000,9999.000,9999.000,9999.000
202604091424,   0.809,9999.000,9999.000,9999.000,9999.000,9999.000,9999.000,9999.000,9999.000
202604091430,   0.823,9999.000,9999.000,9999.000,9999.000,9999.000,9999.000,9999.000,9999.000
202604091436,   0.836,9999.000,9999.000,9999.000,9999.000,9999.000,9999.000,9999.000,9999.000
202604091442,   0.851,9999.000,9999.000,9999.000,9999.000,9999.000,9999.000,9999.000,9999.000
202604091448,   0.865,9999.000,9999.000,9999.000,9999.000,9999.000,9999.000,9999.000,9999.000
202604091454,   0.880,9999.000,9999.000,9999.000,9999.000,9999.000,9999.000,9999.000,9999.000
202604091500,   0.895,9999.000,   0.600,  -0.078,   1.417,   0.600,   1.417,   0.700,   1.517
202604091506,   0.911,9999.000,9999.000,9999.000,9999.000,9999.000,9999.000,9999.000,9999.000
202604091512,   0.927,9999.000,9999.000,9999.000,9999.000,9999.000,9999.000,9999.000,9999.000
202604091518,   0.943,9999.000,9999.000,9999.000,9999.000,9999.000,9999.000,9999.000,9999.000
202604091524,   0.959,9999.000,9999.000,9999.000,9999.000,9999.000,9999.000,9999.000,9999.000
202604091530,   0.976,9999.000,9999.000,9999.000,9999.000,9999.000,9999.000,9999.000,9999.000
202604091536,   0.993,9999.000,9999.000,9999.000,9999.000,9999.000,9999.000,9999.000,9999.000
202604091542,   1.009,9999.000,9999.000,9999.000,9999.000,9999.000,9999.000,9999.000,9999.000
202604091548,   1.026,9999.000,9999.000,9999.000,9999.000,9999.000,9999.000,9999.000,9999.000
202604091554,   1.043,9999.000,9999.000,9999.000,9999.000,9999.000,9999.000,9999.000,9999.000
202604091600,   1.060,9999.000,   0.600,  -0.078,   1.582,   0.600,   1.582,   0.700,   1.682
202604091606,   1.077,9999.000,9999.000,9999.000,9999.000,9999.000,9999.000,9999.000,9999.000
202604091612,   1.094,9999.000,9999.000,9999.000,9999.000,9999.000,9999.000,9999.000,9999.000
202604091618,   1.110,9999.000,9999.000,9999.000,9999.000,9999.000,9999.000,9999.000,9999.000
202604091624,   1.127,9999.000,9999.000,9999.000,9999.000,9999.000,9999.000,9999.000,9999.000
202604091630,   1.143,9999.000,9999.000,9999.000,9999.000,9999.000,9999.000,9999.000,9999.000
202604091636,   1.159,9999.000,9999.000,9999.000,9999.000,9999.000,9999.000,9999.000,9999.000
202604091642,   1.175,9999.000,9999.000,9999.000,9999.000,9999.000,9999.000,9999.000,9999.000
202604091648,   1.190,9999.000,9999.000,9999.000,9999.000,9999.000,9999.000,9999.000,9999.000
202604091654,   1.205,9999.000,9999.000,9999.000,9999.000,9999.000,9999.000,9999.000,9999.000
202604091700,   1.220,9999.000,   0.600,  -0.078,   1.742,   0.600,   1.742,   0.700,   1.842
202604091706,   1.234,9999.000,9999.000,9999.000,9999.000,9999.000,9999.000,9999.000,9999.000
202604091712,   1.248,9999.000,9999.000,9999.000,9999.000,9999.000,9999.000,9999.000,9999.000
202604091718,   1.261,9999.000,9999.000,9999.000,9999.000,9999.000,9999.000,9999.000,9999.000
202604091724,   1.274,9999.000,9999.000,9999.000,9999.000,9999.000,9999.000,9999.000,9999.000
202604091730,   1.286,9999.000,9999.000,9999.000,9999.000,9999.000,9999.000,9999.000,9999.000
202604091736,   1.298,9999.000,9999.000,9999.000,9999.000,9999.000,9999.000,9999.000,9999.000
202604091742,   1.309,9999.000,9999.000,9999.000,9999.000,9999.000,9999.000,9999.000,9999.000
202604091748,   1.319,9999.000,9999.000,9999.000,9999.000,9999.000,9999.000,9999.000,9999.000
202604091754,   1.329,9999.000,9999.000,9999.000,9999.000,9999.000,9999.000,9999.000,9999.000
202604091800,   1.338,9999.000,   0.600,  -0.078,   1.860,   0.600,   1.860,   0.700,   1.960
202604091806,   1.347,9999.000,9999.000,9999.000,9999.000,9999.000,9999.000,9999.000,9999.000
202604091812,   1.354,9999.000,9999.000,9999.000,9999.000,9999.000,9999.000,9999.000,9999.000
202604091818,   1.361,9999.000,9999.000,9999.000,9999.000,9999.000,9999.000,9999.000,9999.000
202604091824,   1.368,9999.000,9999.000,9999.000,9999.000,9999.000,9999.000,9999.000,9999.000
202604091830,   1.373,9999.000,9999.000,9999.000,9999.000,9999.000,9999.000,9999.000,9999.000
202604091836,   1.378,9999.000,9999.000,9999.000,9999.000,9999.000,9999.000,9999.000,9999.000
202604091842,   1.382,9999.000,9999.000,9999.000,9999.000,9999.000,9999.000,9999.000,9999.000
202604091848,   1.385,9999.000,9999.000,9999.000,9999.000,9999.000,9999.000,9999.000,9999.000
202604091854,   1.387,9999.000,9999.000,9999.000,9999.000,9999.000,9999.000,9999.000,9999.000
202604091900,   1.388,9999.000,   0.600,  -0.078,   1.910,   0.600,   1.910,   0.700,   2.010
202604091906,   1.389,9999.000,9999.000,9999.000,9999.000,9999.000,9999.000,9999.000,9999.000
202604091912,   1.388,9999.000,9999.000,9999.000,9999.000,9999.000,9999.000,9999.000,9999.000
202604091918,   1.387,9999.000,9999.000,9999.000,9999.000,9999.000,9999.000,9999.000,9999.000
202604091924,   1.384,9999.000,9999.000,9999.000,9999.000,9999.000,9999.000,9999.000,9999.000
202604091930,   1.381,9999.000,9999.000,9999.000,9999.000,9999.000,9999.000,9999.000,9999.000
202604091936,   1.377,9999.000,9999.000,9999.000,9999.000,9999.000,9999.000,9999.000,9999.000
202604091942,   1.371,9999.000,9999.000,9999.000,9999.000,9999.000,9999.000,9999.000,9999.000
202604091948,   1.365,9999.000,9999.000,9999.000,9999.000,9999.000,9999.000,9999.000,9999.000
202604091954,   1.357,9999.000,9999.000,9999.000,9999.000,9999.000,9999.000,9999.000,9999.000
202604092000,   1.349,9999.000,   0.600,  -0.078,   1.871,   0.600,   1.871,   0.700,   1.971
202604092006,   1.339,9999.000,9999.000,9999.000,9999.000,9999.000,9999.000,9999.000,9999.000
202604092012,   1.329,9999.000,9999.000,9999.000,9999.000,9999.000,9999.000,9999.000,9999.000
202604092018,   1.317,9999.000,9999.000,9999.000,9999.000,9999.000,9999.000,9999.000,9999.000
202604092024,   1.304,9999.000,9999.000,9999.000,9999.000,9999.000,9999.000,9999.000,9999.000
202604092030,   1.290,9999.000,9999.000,9999.000,9999.000,9999.000,9999.000,9999.000,9999.000
202604092036,   1.276,9999.000,9999.000,9999.000,9999.000,9999.000,9999.000,9999.000,9999.000
202604092042,   1.260,9999.000,9999.000,9999.000,9999.000,9999.000,9999.000,9999.000,9999.000
202604092048,   1.243,9999.000,9999.000,9999.000,9999.000,9999.000,9999.000,9999.000,9999.000
202604092054,   1.225,9999.000,9999.000,9999.000,9999.000,9999.000,9999.000,9999.000,9999.000
202604092100,   1.207,9999.000,   0.700,  -0.078,   1.829,   0.600,   1.729,   0.700,   1.829
202604092106,   1.187,9999.000,9999.000,9999.000,9999.000,9999.000,9999.000,9999.000,9999.000
202604092112,   1.167,9999.000,9999.000,9999.000,9999.000,9999.000,9999.000,9999.000,9999.000
202604092118,   1.146,9999.000,9999.000,9999.000,9999.000,9999.000,9999.000,9999.000,9999.000
202604092124,   1.124,9999.000,9999.000,9999.000,9999.000,9999.000,9999.000,9999.000,9999.000
202604092130,   1.101,9999.000,9999.000,9999.000,9999.000,9999.000,9999.000,9999.000,9999.000
202604092136,   1.078,9999.000,9999.000,9999.000,9999.000,9999.000,9999.000,9999.000,9999.000
202604092142,   1.053,9999.000,9999.000,9999.000,9999.000,9999.000,9999.000,9999.000,9999.000
202604092148,   1.029,9999.000,9999.000,9999.000,9999.000,9999.000,9999.000,9999.000,9999.000
202604092154,   1.004,9999.000,9999.000,9999.000,9999.000,9999.000,9999.000,9999.000,9999.000
202604092200,   0.978,9999.000,   0.700,  -0.078,   1.600,   0.600,   1.500,   0.700,   1.600
202604092206,   0.952,9999.000,9999.000,9999.000,9999.000,9999.000,9999.000,9999.000,9999.000
202604092212,   0.925,9999.000,9999.000,9999.000,9999.000,9999.000,9999.000,9999.000,9999.000
202604092218,   0.898,9999.000,9999.000,9999.000,9999.000,9999.000,9999.000,9999.000,9999.000
202604092224,   0.871,9999.000,9999.000,9999.000,9999.000,9999.000,9999.000,9999.000,9999.000
202604092230,   0.844,9999.000,9999.000,9999.000,9999.000,9999.000,9999.000,9999.000,9999.000
202604092236,   0.816,9999.000,9999.000,9999.000,9999.000,9999.000,9999.000,9999.000,9999.000
202604092242,   0.789,9999.000,9999.000,9999.000,9999.000,9999.000,9999.000,9999.000,9999.000
202604092248,   0.761,9999.000,9999.000,9999.000,9999.000,9999.000,9999.000,9999.000,9999.000
202604092254,   0.734,9999.000,9999.000,9999.000,9999.000,9999.000,9999.000,9999.000,9999.000
202604092300,   0.706,9999.000,   0.700,  -0.078,   1.328,   0.600,   1.228,   0.700,   1.328
202604092306,   0.679,9999.000,9999.000,9999.000,9999.000,9999.000,9999.000,9999.000,9999.000
202604092312,   0.652,9999.000,9999.000,9999.000,9999.000,9999.000,9999.000,9999.000,9999.000
202604092318,   0.624,9999.000,9999.000,9999.000,9999.000,9999.000,9999.000,9999.000,9999.000
202604092324,   0.598,9999.000,9999.000,9999.000,9999.000,9999.000,9999.000,9999.000,9999.000
202604092330,   0.571,9999.000,9999.000,9999.000,9999.000,9999.000,9999.000,9999.000,9999.000
202604092336,   0.545,9999.000,9999.000,9999.000,9999.000,9999.000,9999.000,9999.000,9999.000
202604092342,   0.519,9999.000,9999.000,9999.000,9999.000,9999.000,9999.000,9999.000,9999.000
202604092348,   0.494,9999.000,9999.000,9999.000,9999.000,9999.000,9999.000,9999.000,9999.000
202604092354,   0.469,9999.000,9999.000,9999.000,9999.000,9999.000,9999.000,9999.000,9999.000
202604100000,   0.445,9999.000,   0.700,  -0.078,   1.067,   0.600,   0.967,   0.700,   1.067
202604100006,   0.421,9999.000,9999.000,9999.000,9999.000,9999.000,9999.000,9999.000,9999.000
202604100012,   0.398,9999.000,9999.000,9999.000,9999.000,9999.000,9999.000,9999.000,9999.000
202604100018,   0.375,9999.000,9999.000,9999.000,9999.000,9999.000,9999.000,9999.000,9999.000
202604100024,   0.353,9999.000,9999.000,9999.000,9999.000,9999.000,9999.000,9999.000,9999.000
202604100030,   0.331,9999.000,9999.000,9999.000,9999.000,9999.000,9999.000,9999.000,9999.000
202604100036,   0.311,9999.000,9999.000,9999.000,9999.000,9999.000,9999.000,9999.000,9999.000
202604100042,   0.291,9999.000,9999.000,9999.000,9999.000,9999.000,9999.000,9999.000,9999.000
202604100048,   0.271,9999.000,9999.000,9999.000,9999.000,9999.000,9999.000,9999.000,9999.000
202604100054,   0.253,9999.000,9999.000,9999.000,9999.000,9999.000,9999.000,9999.000,9999.000
202604100100,   0.235,9999.000,   0.700,  -0.078,   0.857,   0.600,   0.757,   0.700,   0.857
202604100106,   0.218,9999.000,9999.000,9999.000,9999.000,9999.000,9999.000,9999.000,9999.000
202604100112,   0.202,9999.000,9999.000,9999.000,9999.000,9999.000,9999.000,9999.000,9999.000
202604100118,   0.187,9999.000,9999.000,9999.000,9999.000,9999.000,9999.000,9999.000,9999.000
202604100124,   0.173,9999.000,9999.000,9999.000,9999.000,9999.000,9999.000,9999.000,9999.000
202604100130,   0.160,9999.000,9999.000,9999.000,9999.000,9999.000,9999.000,9999.000,9999.000
202604100136,   0.147,9999.000,9999.000,9999.000,9999.000,9999.000,9999.000,9999.000,9999.000
202604100142,   0.136,9999.000,9999.000,9999.000,9999.000,9999.000,9999.000,9999.000,9999.000
202604100148,   0.125,9999.000,9999.000,9999.000,9999.000,9999.000,9999.000,9999.000,9999.000
202604100154,   0.116,9999.000,9999.000,9999.000,9999.000,9999.000,9999.000,9999.000,9999.000
202604100200,   0.107,9999.000,   0.600,  -0.078,   0.629,   0.600,   0.629,   0.700,   0.729
202604100206,   0.099,9999.000,9999.000,9999.000,9999.000,9999.000,9999.000,9999.000,9999.000
202604100212,   0.093,9999.000,9999.000,9999.000,9999.000,9999.000,9999.000,9999.000,9999.000
202604100218,   0.087,9999.000,9999.000,9999.000,9999.000,9999.000,9999.000,9999.000,9999.000
202604100224,   0.083,9999.000,9999.000,9999.000,9999.000,9999.000,9999.000,9999.000,9999.000
202604100230,   0.079,9999.000,9999.000,9999.000,9999.000,9999.000,9999.000,9999.000,9999.000
202604100236,   0.077,9999.000,9999.000,9999.000,9999.000,9999.000,9999.000,9999.000,9999.000
202604100242,   0.075,9999.000,9999.000,9999.000,9999.000,9999.000,9999.000,9999.000,9999.000
202604100248,   0.074,9999.000,9999.000,9999.000,9999.000,9999.000,9999.000,9999.000,9999.000
202604100254,   0.075,9999.000,9999.000,9999.000,9999.000,9999.000,9999.000,9999.000,9999.000
202604100300,   0.076,9999.000,   0.600,  -0.078,   0.598,   0.500,   0.498,   0.700,   0.698
202604100306,   0.078,9999.000,9999.000,9999.000,9999.000,9999.000,9999.000,9999.000,9999.000
202604100312,   0.082,9999.000,9999.000,9999.000,9999.000,9999.000,9999.000,9999.000,9999.000
202604100318,   0.086,9999.000,9999.000,9999.000,9999.000,9999.000,9999.000,9999.000,9999.000
202604100324,   0.091,9999.000,9999.000,9999.000,9999.000,9999.000,9999.000,9999.000,9999.000
202604100330,   0.096,9999.000,9999.000,9999.000,9999.000,9999.000,9999.000,9999.000,9999.000
202604100336,   0.103,9999.000,9999.000,9999.000,9999.000,9999.000,9999.000,9999.000,9999.000
202604100342,   0.110,9999.000,9999.000,9999.000,9999.000,9999.000,9999.000,9999.000,9999.000
202604100348,   0.118,9999.000,9999.000,9999.000,9999.000,9999.000,9999.000,9999.000,9999.000
202604100354,   0.127,9999.000,9999.000,9999.000,9999.000,9999.000,9999.000,9999.000,9999.000
202604100400,   0.136,9999.000,   0.600,  -0.078,   0.658,   0.500,   0.558,   0.700,   0.758
202604100406,   0.146,9999.000,9999.000,9999.000,9999.000,9999.000,9999.000,9999.000,9999.000
202604100412,   0.156,9999.000,9999.000,9999.000,9999.000,9999.000,9999.000,9999.000,9999.000
202604100418,   0.167,9999.000,9999.000,9999.000,9999.000,9999.000,9999.000,9999.000,9999.000
202604100424,   0.179,9999.000,9999.000,9999.000,9999.000,9999.000,9999.000,9999.000,9999.000
202604100430,   0.191,9999.000,9999.000,9999.000,9999.000,9999.000,9999.000,9999.000,9999.000
202604100436,   0.203,9999.000,9999.000,9999.000,9999.000,9999.000,9999.000,9999.000,9999.000
202604100442,   0.215,9999.000,9999.000,9999.000,9999.000,9999.000,9999.000,9999.000,9999.000
202604100448,   0.228,9999.000,9999.000,9999.000,9999.000,9999.000,9999.000,9999.000,9999.000
202604100454,   0.241,9999.000,9999.000,9999.000,9999.000,9999.000,9999.000,9999.000,9999.000
202604100500,   0.254,9999.000,   0.500,  -0.078,   0.676,   0.500,   0.676,   0.600,   0.776
202604100506,   0.268,9999.000,9999.000,9999.000,9999.000,9999.000,9999.000,9999.000,9999.000
202604100512,   0.281,9999.000,9999.000,9999.000,9999.000,9999.000,9999.000,9999.000,9999.000
202604100518,   0.295,9999.000,9999.000,9999.000,9999.000,9999.000,9999.000,9999.000,9999.000
202604100524,   0.309,9999.000,9999.000,9999.000,9999.000,9999.000,9999.000,9999.000,9999.000
202604100530,   0.323,9999.000,9999.000,9999.000,9999.000,9999.000,9999.000,9999.000,9999.000
202604100536,   0.337,9999.000,9999.000,9999.000,9999.000,9999.000,9999.000,9999.000,9999.000
202604100542,   0.351,9999.000,9999.000,9999.000,9999.000,9999.000,9999.000,9999.000,9999.000
202604100548,   0.364,9999.000,9999.000,9999.000,9999.000,9999.000,9999.000,9999.000,9999.000
202604100554,   0.378,9999.000,9999.000,9999.000,9999.000,9999.000,9999.000,9999.000,9999.000
202604100600,   0.392,9999.000,   0.500,  -0.078,   0.814,   0.500,   0.814,   0.600,   0.914
202604100606,   0.406,9999.000,9999.000,9999.000,9999.000,9999.000,9999.000,9999.000,9999.000
202604100612,   0.420,9999.000,9999.000,9999.000,9999.000,9999.000,9999.000,9999.000,9999.000
202604100618,   0.433,9999.000,9999.000,9999.000,9999.000,9999.000,9999.000,9999.000,9999.000
202604100624,   0.447,9999.000,9999.000,9999.000,9999.000,9999.000,9999.000,9999.000,9999.000
202604100630,   0.460,9999.000,9999.000,9999.000,9999.000,9999.000,9999.000,9999.000,9999.000
202604100636,   0.473,9999.000,9999.000,9999.000,9999.000,9999.000,9999.000,9999.000,9999.000
202604100642,   0.486,9999.000,9999.000,9999.000,9999.000,9999.000,9999.000,9999.000,9999.000
202604100648,   0.499,9999.000,9999.000,9999.000,9999.000,9999.000,9999.000,9999.000,9999.000
202604100654,   0.512,9999.000,9999.000,9999.000,9999.000,9999.000,9999.000,9999.000,9999.000
202604100700,   0.524,9999.000,   0.500,  -0.078,   0.946,   0.500,   0.946,   0.600,   1.046
202604100706,   0.537,9999.000,9999.000,9999.000,9999.000,9999.000,9999.000,9999.000,9999.000
202604100712,   0.549,9999.000,9999.000,9999.000,9999.000,9999.000,9999.000,9999.000,9999.000
202604100718,   0.561,9999.000,9999.000,9999.000,9999.000,9999.000,9999.000,9999.000,9999.000
202604100724,   0.572,9999.000,9999.000,9999.000,9999.000,9999.000,9999.000,9999.000,9999.000
202604100730,   0.583,9999.000,9999.000,9999.000,9999.000,9999.000,9999.000,9999.000,9999.000
202604100736,   0.594,9999.000,9999.000,9999.000,9999.000,9999.000,9999.000,9999.000,9999.000
202604100742,   0.605,9999.000,9999.000,9999.000,9999.000,9999.000,9999.000,9999.000,9999.000
202604100748,   0.616,9999.000,9999.000,9999.000,9999.000,9999.000,9999.000,9999.000,9999.000
202604100754,   0.626,9999.000,9999.000,9999.000,9999.000,9999.000,9999.000,9999.000,9999.000
202604100800,   0.635,9999.000,   0.600,  -0.078,   1.157,   0.500,   1.057,   0.600,   1.157
202604100806,   0.645,9999.000,9999.000,9999.000,9999.000,9999.000,9999.000,9999.000,9999.000
202604100812,   0.654,9999.000,9999.000,9999.000,9999.000,9999.000,9999.000,9999.000,9999.000
202604100818,   0.662,9999.000,9999.000,9999.000,9999.000,9999.000,9999.000,9999.000,9999.000
202604100824,   0.670,9999.000,9999.000,9999.000,9999.000,9999.000,9999.000,9999.000,9999.000
202604100830,   0.678,9999.000,9999.000,9999.000,9999.000,9999.000,9999.000,9999.000,9999.000
202604100836,   0.685,9999.000,9999.000,9999.000,9999.000,9999.000,9999.000,9999.000,9999.000
202604100842,   0.692,9999.000,9999.000,9999.000,9999.000,9999.000,9999.000,9999.000,9999.000
202604100848,   0.698,9999.000,9999.000,9999.000,9999.000,9999.000,9999.000,9999.000,9999.000
202604100854,   0.704,9999.000,9999.000,9999.000,9999.000,9999.000,9999.000,9999.000,9999.000
202604100900,   0.710,9999.000,   0.600,  -0.078,   1.232,   0.500,   1.132,   0.600,   1.232
202604100906,   0.715,9999.000,9999.000,9999.000,9999.000,9999.000,9999.000,9999.000,9999.000
202604100912,   0.719,9999.000,9999.000,9999.000,9999.000,9999.000,9999.000,9999.000,9999.000
202604100918,   0.723,9999.000,9999.000,9999.000,9999.000,9999.000,9999.000,9999.000,9999.000
202604100924,   0.727,9999.000,9999.000,9999.000,9999.000,9999.000,9999.000,9999.000,9999.000
202604100930,   0.730,9999.000,9999.000,9999.000,9999.000,9999.000,9999.000,9999.000,9999.000
202604100936,   0.732,9999.000,9999.000,9999.000,9999.000,9999.000,9999.000,9999.000,9999.000
202604100942,   0.735,9999.000,9999.000,9999.000,9999.000,9999.000,9999.000,9999.000,9999.000
202604100948,   0.736,9999.000,9999.000,9999.000,9999.000,9999.000,9999.000,9999.000,9999.000
202604100954,   0.738,9999.000,9999.000,9999.000,9999.000,9999.000,9999.000,9999.000,9999.000
202604101000,   0.739,9999.000,   0.600,  -0.078,   1.261,   0.500,   1.161,   0.600,   1.261
202604101006,   0.740,9999.000,9999.000,9999.000,9999.000,9999.000,9999.000,9999.000,9999.000
202604101012,   0.740,9999.000,9999.000,9999.000,9999.000,9999.000,9999.000,9999.000,9999.000
202604101018,   0.740,9999.000,9999.000,9999.000,9999.000,9999.000,9999.000,9999.000,9999.000
202604101024,   0.740,9999.000,9999.000,9999.000,9999.000,9999.000,9999.000,9999.000,9999.000
202604101030,   0.739,9999.000,9999.000,9999.000,9999.000,9999.000,9999.000,9999.000,9999.000
202604101036,   0.738,9999.000,9999.000,9999.000,9999.000,9999.000,9999.000,9999.000,9999.000
202604101042,   0.737,9999.000,9999.000,9999.000,9999.000,9999.000,9999.000,9999.000,9999.000
202604101048,   0.736,9999.000,9999.000,9999.000,9999.000,9999.000,9999.000,9999.000,9999.000
202604101054,   0.735,9999.000,9999.000,9999.000,9999.000,9999.000,9999.000,9999.000,9999.000
202604101100,   0.733,9999.000,   0.600,  -0.078,   1.255,   0.600,   1.255,   0.700,   1.355
202604101106,   0.731,9999.000,9999.000,9999.000,9999.000,9999.000,9999.000,9999.000,9999.000
202604101112,   0.730,9999.000,9999.000,9999.000,9999.000,9999.000,9999.000,9999.000,9999.000
202604101118,   0.728,9999.000,9999.000,9999.000,9999.000,9999.000,9999.000,9999.000,9999.000
202604101124,   0.726,9999.000,9999.000,9999.000,9999.000,9999.000,9999.000,9999.000,9999.000
202604101130,   0.724,9999.000,9999.000,9999.000,9999.000,9999.000,9999.000,9999.000,9999.000
202604101136,   0.722,9999.000,9999.000,9999.000,9999.000,9999.000,9999.000,9999.000,9999.000
202604101142,   0.720,9999.000,9999.000,9999.000,9999.000,9999.000,9999.000,9999.000,9999.000
202604101148,   0.718,9999.000,9999.000,9999.000,9999.000,9999.000,9999.000,9999.000,9999.000
202604101154,   0.717,9999.000,9999.000,9999.000,9999.000,9999.000,9999.000,9999.000,9999.000
202604101200,   0.715,9999.000,   0.600,  -0.078,   1.237,   0.600,   1.237,   0.600,   1.237
202604101206,   0.713,9999.000,9999.000,9999.000,9999.000,9999.000,9999.000,9999.000,9999.000
202604101212,   0.712,9999.000,9999.000,9999.000,9999.000,9999.000,9999.000,9999.000,9999.000
202604101218,   0.710,9999.000,9999.000,9999.000,9999.000,9999.000,9999.000,9999.000,9999.000
202604101224,   0.709,9999.000,9999.000,9999.000,9999.000,9999.000,9999.000,9999.000,9999.000
202604101230,   0.708,9999.000,9999.000,9999.000,9999.000,9999.000,9999.000,9999.000,9999.000
202604101236,   0.707,9999.000,9999.000,9999.000,9999.000,9999.000,9999.000,9999.000,9999.000
202604101242,   0.706,9999.000,9999.000,9999.000,9999.000,9999.000,9999.000,9999.000,9999.000
202604101248,   0.705,9999.000,9999.000,9999.000,9999.000,9999.000,9999.000,9999.000,9999.000
202604101254,   0.705,9999.000,9999.000,9999.000,9999.000,9999.000,9999.000,9999.000,9999.000
202604101300,   0.704,9999.000,   0.600,  -0.078,   1.226,   0.600,   1.226,   0.600,   1.226
202604101306,   0.704,9999.000,9999.000,9999.000,9999.000,9999.000,9999.000,9999.000,9999.000
202604101312,   0.705,9999.000,9999.000,9999.000,9999.000,9999.000,9999.000,9999.000,9999.000
202604101318,   0.705,9999.000,9999.000,9999.000,9999.000,9999.000,9999.000,9999.000,9999.000
202604101324,   0.706,9999.000,9999.000,9999.000,9999.000,9999.000,9999.000,9999.000,9999.000
202604101330,   0.707,9999.000,9999.000,9999.000,9999.000,9999.000,9999.000,9999.000,9999.000
202604101336,   0.709,9999.000,9999.000,9999.000,9999.000,9999.000,9999.000,9999.000,9999.000
202604101342,   0.711,9999.000,9999.000,9999.000,9999.000,9999.000,9999.000,9999.000,9999.000
202604101348,   0.713,9999.000,9999.000,9999.000,9999.000,9999.000,9999.000,9999.000,9999.000
202604101354,   0.715,9999.000,9999.000,9999.000,9999.000,9999.000,9999.000,9999.000,9999.000
202604101400,   0.719,9999.000,   0.600,  -0.078,   1.241,   0.600,   1.241,   0.600,   1.241
202604101406,   0.722,9999.000,9999.000,9999.000,9999.000,9999.000,9999.000,9999.000,9999.000
202604101412,   0.726,9999.000,9999.000,9999.000,9999.000,9999.000,9999.000,9999.000,9999.000
202604101418,   0.730,9999.000,9999.000,9999.000,9999.000,9999.000,9999.000,9999.000,9999.000
202604101424,   0.735,9999.000,9999.000,9999.000,9999.000,9999.000,9999.000,9999.000,9999.000
202604101430,   0.740,9999.000,9999.000,9999.000,9999.000,9999.000,9999.000,9999.000,9999.000
202604101436,   0.746,9999.000,9999.000,9999.000,9999.000,9999.000,9999.000,9999.000,9999.000
202604101442,   0.753,9999.000,9999.000,9999.000,9999.000,9999.000,9999.000,9999.000,9999.000
202604101448,   0.760,9999.000,9999.000,9999.000,9999.000,9999.000,9999.000,9999.000,9999.000
202604101454,   0.767,9999.000,9999.000,9999.000,9999.000,9999.000,9999.000,9999.000,9999.000
202604101500,   0.775,9999.000,   0.600,  -0.078,   1.297,   0.500,   1.197,   0.600,   1.297
202604101506,   0.783,9999.000,9999.000,9999.000,9999.000,9999.000,9999.000,9999.000,9999.000
202604101512,   0.793,9999.000,9999.000,9999.000,9999.000,9999.000,9999.000,9999.000,9999.000
202604101518,   0.802,9999.000,9999.000,9999.000,9999.000,9999.000,9999.000,9999.000,9999.000
202604101524,   0.812,9999.000,9999.000,9999.000,9999.000,9999.000,9999.000,9999.000,9999.000
202604101530,   0.823,9999.000,9999.000,9999.000,9999.000,9999.000,9999.000,9999.000,9999.000
202604101536,   0.834,9999.000,9999.000,9999.000,9999.000,9999.000,9999.000,9999.000,9999.000
202604101542,   0.845,9999.000,9999.000,9999.000,9999.000,9999.000,9999.000,9999.000,9999.000
202604101548,   0.857,9999.000,9999.000,9999.000,9999.000,9999.000,9999.000,9999.000,9999.000
202604101554,   0.870,9999.000,9999.000,9999.000,9999.000,9999.000,9999.000,9999.000,9999.000
202604101600,   0.882,9999.000,   0.600,  -0.078,   1.404,   0.500,   1.304,   0.600,   1.404
202604101606,   0.895,9999.000,9999.000,9999.000,9999.000,9999.000,9999.000,9999.000,9999.000
202604101612,   0.909,9999.000,9999.000,9999.000,9999.000,9999.000,9999.000,9999.000,9999.000
202604101618,   0.923,9999.000,9999.000,9999.000,9999.000,9999.000,9999.000,9999.000,9999.000
202604101624,   0.937,9999.000,9999.000,9999.000,9999.000,9999.000,9999.000,9999.000,9999.000
202604101630,   0.951,9999.000,9999.000,9999.000,9999.000,9999.000,9999.000,9999.000,9999.000
202604101636,   0.966,9999.000,9999.000,9999.000,9999.000,9999.000,9999.000,9999.000,9999.000
202604101642,   0.980,9999.000,9999.000,9999.000,9999.000,9999.000,9999.000,9999.000,9999.000
202604101648,   0.995,9999.000,9999.000,9999.000,9999.000,9999.000,9999.000,9999.000,9999.000
202604101654,   1.010,9999.000,9999.000,9999.000,9999.000,9999.000,9999.000,9999.000,9999.000
202604101700,   1.025,9999.000,   0.600,  -0.078,   1.547,   0.500,   1.447,   0.600,   1.547
202604101706,   1.040,9999.000,9999.000,9999.000,9999.000,9999.000,9999.000,9999.000,9999.000
202604101712,   1.055,9999.000,9999.000,9999.000,9999.000,9999.000,9999.000,9999.000,9999.000
202604101718,   1.070,9999.000,9999.000,9999.000,9999.000,9999.000,9999.000,9999.000,9999.000
202604101724,   1.084,9999.000,9999.000,9999.000,9999.000,9999.000,9999.000,9999.000,9999.000
202604101730,   1.099,9999.000,9999.000,9999.000,9999.000,9999.000,9999.000,9999.000,9999.000
202604101736,   1.114,9999.000,9999.000,9999.000,9999.000,9999.000,9999.000,9999.000,9999.000
202604101742,   1.128,9999.000,9999.000,9999.000,9999.000,9999.000,9999.000,9999.000,9999.000
202604101748,   1.142,9999.000,9999.000,9999.000,9999.000,9999.000,9999.000,9999.000,9999.000
202604101754,   1.156,9999.000,9999.000,9999.000,9999.000,9999.000,9999.000,9999.000,9999.000
202604101800,   1.169,9999.000,   0.600,  -0.078,   1.691,   0.500,   1.591,   0.600,   1.691
202604101806,   1.183,9999.000,9999.000,9999.000,9999.000,9999.000,9999.000,9999.000,9999.000
202604101812,   1.196,9999.000,9999.000,9999.000,9999.000,9999.000,9999.000,9999.000,9999.000
202604101818,   1.208,9999.000,9999.000,9999.000,9999.000,9999.000,9999.000,9999.000,9999.000
202604101824,   1.220,9999.000,9999.000,9999.000,9999.000,9999.000,9999.000,9999.000,9999.000
202604101830,   1.232,9999.000,9999.000,9999.000,9999.000,9999.000,9999.000,9999.000,9999.000
202604101836,   1.244,9999.000,9999.000,9999.000,9999.000,9999.000,9999.000,9999.000,9999.000
202604101842,   1.255,9999.000,9999.000,9999.000,9999.000,9999.000,9999.000,9999.000,9999.000
202604101848,   1.265,9999.000,9999.000,9999.000,9999.000,9999.000,9999.000,9999.000,9999.000
202604101854,   1.275,9999.000,9999.000,9999.000,9999.000,9999.000,9999.000,9999.000,9999.000
202604101900,   1.285,9999.000,   0.600,  -0.078,   1.807,   0.500,   1.707,   0.600,   1.807
202604101906,   1.294,9999.000,9999.000,9999.000,9999.000,9999.000,9999.000,9999.000,9999.000
202604101912,   1.302,9999.000,9999.000,9999.000,9999.000,9999.000,9999.000,9999.000,9999.000
202604101918,   1.310,9999.000,9999.000,9999.000,9999.000,9999.000,9999.000,9999.000,9999.000
202604101924,   1.317,9999.000,9999.000,9999.000,9999.000,9999.000,9999.000,9999.000,9999.000
202604101930,   1.324,9999.000,9999.000,9999.000,9999.000,9999.000,9999.000,9999.000,9999.000
202604101936,   1.330,9999.000,9999.000,9999.000,9999.000,9999.000,9999.000,9999.000,9999.000
202604101942,   1.336,9999.000,9999.000,9999.000,9999.000,9999.000,9999.000,9999.000,9999.000
202604101948,   1.340,9999.000,9999.000,9999.000,9999.000,9999.000,9999.000,9999.000,9999.000
202604101954,   1.344,9999.000,9999.000,9999.000,9999.000,9999.000,9999.000,9999.000,9999.000
202604102000,   1.348,9999.000,   0.600,  -0.078,   1.870,   0.500,   1.770,   0.600,   1.870
202604102006,   1.350,9999.000,9999.000,9999.000,9999.000,9999.000,9999.000,9999.000,9999.000
202604102012,   1.352,9999.000,9999.000,9999.000,9999.000,9999.000,9999.000,9999.000,9999.000
202604102018,   1.353,9999.000,9999.000,9999.000,9999.000,9999.000,9999.000,9999.000,9999.000
202604102024,   1.353,9999.000,9999.000,9999.000,9999.000,9999.000,9999.000,9999.000,9999.000
202604102030,   1.352,9999.000,9999.000,9999.000,9999.000,9999.000,9999.000,9999.000,9999.000
202604102036,   1.351,9999.000,9999.000,9999.000,9999.000,9999.000,9999.000,9999.000,9999.000
202604102042,   1.348,9999.000,9999.000,9999.000,9999.000,9999.000,9999.000,9999.000,9999.000
202604102048,   1.345,9999.000,9999.000,9999.000,9999.000,9999.000,9999.000,9999.000,9999.000
202604102054,   1.341,9999.000,9999.000,9999.000,9999.000,9999.000,9999.000,9999.000,9999.000
202604102100,   1.335,9999.000,   0.600,  -0.078,   1.857,   0.600,   1.857,   0.700,   1.957
202604102106,   1.329,9999.000,9999.000,9999.000,9999.000,9999.000,9999.000,9999.000,9999.000
202604102112,   1.322,9999.000,9999.000,9999.000,9999.000,9999.000,9999.000,9999.000,9999.000
202604102118,   1.313,9999.000,9999.000,9999.000,9999.000,9999.000,9999.000,9999.000,9999.000
202604102124,   1.304,9999.000,9999.000,9999.000,9999.000,9999.000,9999.000,9999.000,9999.000
202604102130,   1.294,9999.000,9999.000,9999.000,9999.000,9999.000,9999.000,9999.000,9999.000
202604102136,   1.283,9999.000,9999.000,9999.000,9999.000,9999.000,9999.000,9999.000,9999.000
202604102142,   1.270,9999.000,9999.000,9999.000,9999.000,9999.000,9999.000,9999.000,9999.000
202604102148,   1.257,9999.000,9999.000,9999.000,9999.000,9999.000,9999.000,9999.000,9999.000
202604102154,   1.243,9999.000,9999.000,9999.000,9999.000,9999.000,9999.000,9999.000,9999.000
202604102200,   1.228,9999.000,   0.600,  -0.078,   1.750,   0.600,   1.750,   0.700,   1.850
202604102206,   1.212,9999.000,9999.000,9999.000,9999.000,9999.000,9999.000,9999.000,9999.000
202604102212,   1.195,9999.000,9999.000,9999.000,9999.000,9999.000,9999.000,9999.000,9999.000
202604102218,   1.177,9999.000,9999.000,9999.000,9999.000,9999.000,9999.000,9999.000,9999.000
202604102224,   1.159,9999.000,9999.000,9999.000,9999.000,9999.000,9999.000,9999.000,9999.000
202604102230,   1.139,9999.000,9999.000,9999.000,9999.000,9999.000,9999.000,9999.000,9999.000
202604102236,   1.119,9999.000,9999.000,9999.000,9999.000,9999.000,9999.000,9999.000,9999.000
202604102242,   1.098,9999.000,9999.000,9999.000,9999.000,9999.000,9999.000,9999.000,9999.000
202604102248,   1.076,9999.000,9999.000,9999.000,9999.000,9999.000,9999.000,9999.000,9999.000
202604102254,   1.054,9999.000,9999.000,9999.000,9999.000,9999.000,9999.000,9999.000,9999.000
202604102300,   1.031,9999.000,   0.600,  -0.078,   1.553,   0.600,   1.553,   0.700,   1.653
202604102306,   1.008,9999.000,9999.000,9999.000,9999.000,9999.000,9999.000,9999.000,9999.000
202604102312,   0.984,9999.000,9999.000,9999.000,9999.000,9999.000,9999.000,9999.000,9999.000
202604102318,   0.959,9999.000,9999.000,9999.000,9999.000,9999.000,9999.000,9999.000,9999.000
202604102324,   0.934,9999.000,9999.000,9999.000,9999.000,9999.000,9999.000,9999.000,9999.000
202604102330,   0.909,9999.000,9999.000,9999.000,9999.000,9999.000,9999.000,9999.000,9999.000
202604102336,   0.884,9999.000,9999.000,9999.000,9999.000,9999.000,9999.000,9999.000,9999.000
202604102342,   0.858,9999.000,9999.000,9999.000,9999.000,9999.000,9999.000,9999.000,9999.000
202604102348,   0.832,9999.000,9999.000,9999.000,9999.000,9999.000,9999.000,9999.000,9999.000
202604102354,   0.806,9999.000,9999.000,9999.000,9999.000,9999.000,9999.000,9999.000,9999.000
202604110000,   0.779,9999.000,   0.600,  -0.078,   1.301,   0.600,   1.301,   0.700,   1.401
202604110006,   0.753,9999.000,9999.000,9999.000,9999.000,9999.000,9999.000,9999.000,9999.000
202604110012,   0.727,9999.000,9999.000,9999.000,9999.000,9999.000,9999.000,9999.000,9999.000
202604110018,   0.700,9999.000,9999.000,9999.000,9999.000,9999.000,9999.000,9999.000,9999.000
202604110024,   0.674,9999.000,9999.000,9999.000,9999.000,9999.000,9999.000,9999.000,9999.000
202604110030,   0.648,9999.000,9999.000,9999.000,9999.000,9999.000,9999.000,9999.000,9999.000
202604110036,   0.622,9999.000,9999.000,9999.000,9999.000,9999.000,9999.000,9999.000,9999.000
202604110042,   0.596,9999.000,9999.000,9999.000,9999.000,9999.000,9999.000,9999.000,9999.000
202604110048,   0.571,9999.000,9999.000,9999.000,9999.000,9999.000,9999.000,9999.000,9999.000
202604110054,   0.546,9999.000,9999.000,9999.000,9999.000,9999.000,9999.000,9999.000,9999.000
202604110100,   0.521,9999.000,   0.600,  -0.078,   1.043,   0.600,   1.043,   0.700,   1.143
202604110106,   0.496,9999.000,9999.000,9999.000,9999.000,9999.000,9999.000,9999.000,9999.000
202604110112,   0.472,9999.000,9999.000,9999.000,9999.000,9999.000,9999.000,9999.000,9999.000
202604110118,   0.449,9999.000,9999.000,9999.000,9999.000,9999.000,9999.000,9999.000,9999.000
202604110124,   0.426,9999.000,9999.000,9999.000,9999.000,9999.000,9999.000,9999.000,9999.000
202604110130,   0.404,9999.000,9999.000,9999.000,9999.000,9999.000,9999.000,9999.000,9999.000
202604110136,   0.382,9999.000,9999.000,9999.000,9999.000,9999.000,9999.000,9999.000,9999.000
202604110142,   0.361,9999.000,9999.000,9999.000,9999.000,9999.000,9999.000,9999.000,9999.000
202604110148,   0.340,9999.000,9999.000,9999.000,9999.000,9999.000,9999.000,9999.000,9999.000
202604110154,   0.320,9999.000,9999.000,9999.000,9999.000,9999.000,9999.000,9999.000,9999.000
202604110200,   0.301,9999.000,   0.600,  -0.078,   0.823,   0.500,   0.723,   0.700,   0.923
202604110206,   0.283,9999.000,9999.000,9999.000,9999.000,9999.000,9999.000,9999.000,9999.000
202604110212,   0.266,9999.000,9999.000,9999.000,9999.000,9999.000,9999.000,9999.000,9999.000
202604110218,   0.249,9999.000,9999.000,9999.000,9999.000,9999.000,9999.000,9999.000,9999.000
202604110224,   0.234,9999.000,9999.000,9999.000,9999.000,9999.000,9999.000,9999.000,9999.000
202604110230,   0.219,9999.000,9999.000,9999.000,9999.000,9999.000,9999.000,9999.000,9999.000
202604110236,   0.205,9999.000,9999.000,9999.000,9999.000,9999.000,9999.000,9999.000,9999.000
202604110242,   0.193,9999.000,9999.000,9999.000,9999.000,9999.000,9999.000,9999.000,9999.000
202604110248,   0.181,9999.000,9999.000,9999.000,9999.000,9999.000,9999.000,9999.000,9999.000
202604110254,   0.170,9999.000,9999.000,9999.000,9999.000,9999.000,9999.000,9999.000,9999.000
202604110300,   0.160,9999.000,   0.600,  -0.078,   0.682,   0.500,   0.582,   0.700,   0.782
202604110306,   0.152,9999.000,9999.000,9999.000,9999.000,9999.000,9999.000,9999.000,9999.000
202604110312,   0.144,9999.000,9999.000,9999.000,9999.000,9999.000,9999.000,9999.000,9999.000
202604110318,   0.137,9999.000,9999.000,9999.000,9999.000,9999.000,9999.000,9999.000,9999.000
202604110324,   0.132,9999.000,9999.000,9999.000,9999.000,9999.000,9999.000,9999.000,9999.000
202604110330,   0.127,9999.000,9999.000,9999.000,9999.000,9999.000,9999.000,9999.000,9999.000
202604110336,   0.124,9999.000,9999.000,9999.000,9999.000,9999.000,9999.000,9999.000,9999.000
202604110342,   0.122,9999.000,9999.000,9999.000,9999.000,9999.000,9999.000,9999.000,9999.000
202604110348,   0.120,9999.000,9999.000,9999.000,9999.000,9999.000,9999.000,9999.000,9999.000
202604110354,   0.120,9999.000,9999.000,9999.000,9999.000,9999.000,9999.000,9999.000,9999.000
202604110400,   0.121,9999.000,   0.500,  -0.078,   0.543,   0.500,   0.543,   0.600,   0.643
202604110406,   0.122,9999.000,9999.000,9999.000,9999.000,9999.000,9999.000,9999.000,9999.000
202604110412,   0.125,9999.000,9999.000,9999.000,9999.000,9999.000,9999.000,9999.000,9999.000
202604110418,   0.129,9999.000,9999.000,9999.000,9999.000,9999.000,9999.000,9999.000,9999.000
202604110424,   0.133,9999.000,9999.000,9999.000,9999.000,9999.000,9999.000,9999.000,9999.000
202604110430,   0.138,9999.000,9999.000,9999.000,9999.000,9999.000,9999.000,9999.000,9999.000
202604110436,   0.144,9999.000,9999.000,9999.000,9999.000,9999.000,9999.000,9999.000,9999.000
202604110442,   0.151,9999.000,9999.000,9999.000,9999.000,9999.000,9999.000,9999.000,9999.000
202604110448,   0.159,9999.000,9999.000,9999.000,9999.000,9999.000,9999.000,9999.000,9999.000
202604110454,   0.167,9999.000,9999.000,9999.000,9999.000,9999.000,9999.000,9999.000,9999.000
202604110500,   0.176,9999.000,   0.500,  -0.078,   0.598,   0.500,   0.598,   0.600,   0.698
202604110506,   0.186,9999.000,9999.000,9999.000,9999.000,9999.000,9999.000,9999.000,9999.000
202604110512,   0.196,9999.000,9999.000,9999.000,9999.000,9999.000,9999.000,9999.000,9999.000
202604110518,   0.207,9999.000,9999.000,9999.000,9999.000,9999.000,9999.000,9999.000,9999.000
202604110524,   0.218,9999.000,9999.000,9999.000,9999.000,9999.000,9999.000,9999.000,9999.000
202604110530,   0.230,9999.000,9999.000,9999.000,9999.000,9999.000,9999.000,9999.000,9999.000
202604110536,   0.242,9999.000,9999.000,9999.000,9999.000,9999.000,9999.000,9999.000,9999.000
202604110542,   0.254,9999.000,9999.000,9999.000,9999.000,9999.000,9999.000,9999.000,9999.000
202604110548,   0.267,9999.000,9999.000,9999.000,9999.000,9999.000,9999.000,9999.000,9999.000
202604110554,   0.280,9999.000,9999.000,9999.000,9999.000,9999.000,9999.000,9999.000,9999.000
202604110600,   0.294,9999.000,   0.500,  -0.078,   0.716,   0.500,   0.716,   0.600,   0.816
202604110606,   0.307,9999.000,9999.000,9999.000,9999.000,9999.000,9999.000,9999.000,9999.000
202604110612,   0.321,9999.000,9999.000,9999.000,9999.000,9999.000,9999.000,9999.000,9999.000
202604110618,   0.335,9999.000,9999.000,9999.000,9999.000,9999.000,9999.000,9999.000,9999.000
202604110624,   0.350,9999.000,9999.000,9999.000,9999.000,9999.000,9999.000,9999.000,9999.000
202604110630,   0.364,9999.000,9999.000,9999.000,9999.000,9999.000,9999.000,9999.000,9999.000
202604110636,   0.379,9999.000,9999.000,9999.000,9999.000,9999.000,9999.000,9999.000,9999.000
202604110642,   0.393,9999.000,9999.000,9999.000,9999.000,9999.000,9999.000,9999.000,9999.000
202604110648,   0.408,9999.000,9999.000,9999.000,9999.000,9999.000,9999.000,9999.000,9999.000
202604110654,   0.423,9999.000,9999.000,9999.000,9999.000,9999.000,9999.000,9999.000,9999.000
202604110700,   0.438,9999.000,   0.500,  -0.078,   0.860,   0.500,   0.860,   0.600,   0.960
202604110706,   0.453,9999.000,9999.000,9999.000,9999.000,9999.000,9999.000,9999.000,9999.000
202604110712,   0.468,9999.000,9999.000,9999.000,9999.000,9999.000,9999.000,9999.000,9999.000
202604110718,   0.483,9999.000,9999.000,9999.000,9999.000,9999.000,9999.000,9999.000,9999.000
202604110724,   0.498,9999.000,9999.000,9999.000,9999.000,9999.000,9999.000,9999.000,9999.000
202604110730,   0.513,9999.000,9999.000,9999.000,9999.000,9999.000,9999.000,9999.000,9999.000
202604110736,   0.528,9999.000,9999.000,9999.000,9999.000,9999.000,9999.000,9999.000,9999.000
202604110742,   0.543,9999.000,9999.000,9999.000,9999.000,9999.000,9999.000,9999.000,9999.000
202604110748,   0.558,9999.000,9999.000,9999.000,9999.000,9999.000,9999.000,9999.000,9999.000
202604110754,   0.572,9999.000,9999.000,9999.000,9999.000,9999.000,9999.000,9999.000,9999.000
202604110800,   0.587,9999.000,   0.600,  -0.078,   1.109,   0.500,   1.009,   0.600,   1.109
202604110806,   0.602,9999.000,9999.000,9999.000,9999.000,9999.000,9999.000,9999.000,9999.000
202604110812,   0.616,9999.000,9999.000,9999.000,9999.000,9999.000,9999.000,9999.000,9999.000
202604110818,   0.630,9999.000,9999.000,9999.000,9999.000,9999.000,9999.000,9999.000,9999.000
202604110824,   0.644,9999.000,9999.000,9999.000,9999.000,9999.000,9999.000,9999.000,9999.000
202604110830,   0.658,9999.000,9999.000,9999.000,9999.000,9999.000,9999.000,9999.000,9999.000
202604110836,   0.672,9999.000,9999.000,9999.000,9999.000,9999.000,9999.000,9999.000,9999.000
202604110842,   0.685,9999.000,9999.000,9999.000,9999.000,9999.000,9999.000,9999.000,9999.000
202604110848,   0.698,9999.000,9999.000,9999.000,9999.000,9999.000,9999.000,9999.000,9999.000
202604110854,   0.711,9999.000,9999.000,9999.000,9999.000,9999.000,9999.000,9999.000,9999.000
202604110900,   0.723,9999.000,   0.600,  -0.078,   1.245,   0.500,   1.145,   0.600,   1.245
202604110906,   0.735,9999.000,9999.000,9999.000,9999.000,9999.000,9999.000,9999.000,9999.000
202604110912,   0.746,9999.000,9999.000,9999.000,9999.000,9999.000,9999.000,9999.000,9999.000
202604110918,   0.757,9999.000,9999.000,9999.000,9999.000,9999.000,9999.000,9999.000,9999.000
202604110924,   0.768,9999.000,9999.000,9999.000,9999.000,9999.000,9999.000,9999.000,9999.000
202604110930,   0.778,9999.000,9999.000,9999.000,9999.000,9999.000,9999.000,9999.000,9999.000
202604110936,   0.788,9999.000,9999.000,9999.000,9999.000,9999.000,9999.000,9999.000,9999.000
202604110942,   0.797,9999.000,9999.000,9999.000,9999.000,9999.000,9999.000,9999.000,9999.000
202604110948,   0.805,9999.000,9999.000,9999.000,9999.000,9999.000,9999.000,9999.000,9999.000
202604110954,   0.813,9999.000,9999.000,9999.000,9999.000,9999.000,9999.000,9999.000,9999.000
202604111000,   0.821,9999.000,   0.600,  -0.078,   1.343,   0.500,   1.243,   0.600,   1.343
202604111006,   0.827,9999.000,9999.000,9999.000,9999.000,9999.000,9999.000,9999.000,9999.000
202604111012,   0.833,9999.000,9999.000,9999.000,9999.000,9999.000,9999.000,9999.000,9999.000
202604111018,   0.839,9999.000,9999.000,9999.000,9999.000,9999.000,9999.000,9999.000,9999.000
202604111024,   0.844,9999.000,9999.000,9999.000,9999.000,9999.000,9999.000,9999.000,9999.000
202604111030,   0.848,9999.000,9999.000,9999.000,9999.000,9999.000,9999.000,9999.000,9999.000
202604111036,   0.851,9999.000,9999.000,9999.000,9999.000,9999.000,9999.000,9999.000,9999.000
202604111042,   0.854,9999.000,9999.000,9999.000,9999.000,9999.000,9999.000,9999.000,9999.000
202604111048,   0.857,9999.000,9999.000,9999.000,9999.000,9999.000,9999.000,9999.000,9999.000
202604111054,   0.858,9999.000,9999.000,9999.000,9999.000,9999.000,9999.000,9999.000,9999.000
202604111100,   0.859,9999.000,   0.600,  -0.078,   1.381,   0.600,   1.381,   0.700,   1.481
202604111106,   0.860,9999.000,9999.000,9999.000,9999.000,9999.000,9999.000,9999.000,9999.000
202604111112,   0.860,9999.000,9999.000,9999.000,9999.000,9999.000,9999.000,9999.000,9999.000
202604111118,   0.859,9999.000,9999.000,9999.000,9999.000,9999.000,9999.000,9999.000,9999.000
202604111124,   0.858,9999.000,9999.000,9999.000,9999.000,9999.000,9999.000,9999.000,9999.000
202604111130,   0.856,9999.000,9999.000,9999.000,9999.000,9999.000,9999.000,9999.000,9999.000
202604111136,   0.854,9999.000,9999.000,9999.000,9999.000,9999.000,9999.000,9999.000,9999.000
202604111142,   0.851,9999.000,9999.000,9999.000,9999.000,9999.000,9999.000,9999.000,9999.000
202604111148,   0.848,9999.000,9999.000,9999.000,9999.000,9999.000,9999.000,9999.000,9999.000
202604111154,   0.845,9999.000,9999.000,9999.000,9999.000,9999.000,9999.000,9999.000,9999.000
202604111200,   0.841,9999.000,   0.600,  -0.078,   1.363,   0.600,   1.363,   0.600,   1.363
202604111206,   0.836,9999.000,9999.000,9999.000,9999.000,9999.000,9999.000,9999.000,9999.000
202604111212,   0.832,9999.000,9999.000,9999.000,9999.000,9999.000,9999.000,9999.000,9999.000
202604111218,   0.827,9999.000,9999.000,9999.000,9999.000,9999.000,9999.000,9999.000,9999.000
202604111224,   0.822,9999.000,9999.000,9999.000,9999.000,9999.000,9999.000,9999.000,9999.000
202604111230,   0.816,9999.000,9999.000,9999.000,9999.000,9999.000,9999.000,9999.000,9999.000
202604111236,   0.811,9999.000,9999.000,9999.000,9999.000,9999.000,9999.000,9999.000,9999.000
202604111242,   0.805,9999.000,9999.000,9999.000,9999.000,9999.000,9999.000,9999.000,9999.000
202604111248,   0.799,9999.000,9999.000,9999.000,9999.000,9999.000,9999.000,9999.000,9999.000
202604111254,   0.793,9999.000,9999.000,9999.000,9999.000,9999.000,9999.000,9999.000,9999.000
202604111300,   0.786,9999.000,   0.600,  -0.078,   1.308,   0.600,   1.308,   0.600,   1.308
202604111306,   0.780,9999.000,9999.000,9999.000,9999.000,9999.000,9999.000,9999.000,9999.000
202604111312,   0.774,9999.000,9999.000,9999.000,9999.000,9999.000,9999.000,9999.000,9999.000
202604111318,   0.768,9999.000,9999.000,9999.000,9999.000,9999.000,9999.000,9999.000,9999.000
202604111324,   0.761,9999.000,9999.000,9999.000,9999.000,9999.000,9999.000,9999.000,9999.000
202604111330,   0.755,9999.000,9999.000,9999.000,9999.000,9999.000,9999.000,9999.000,9999.000
202604111336,   0.749,9999.000,9999.000,9999.000,9999.000,9999.000,9999.000,9999.000,9999.000
202604111342,   0.743,9999.000,9999.000,9999.000,9999.000,9999.000,9999.000,9999.000,9999.000
202604111348,   0.737,9999.000,9999.000,9999.000,9999.000,9999.000,9999.000,9999.000,9999.000
202604111354,   0.732,9999.000,9999.000,9999.000,9999.000,9999.000,9999.000,9999.000,9999.000
202604111400,   0.726,9999.000,   0.600,  -0.078,   1.248,   0.500,   1.148,   0.600,   1.248
202604111406,   0.721,9999.000,9999.000,9999.000,9999.000,9999.000,9999.000,9999.000,9999.000
202604111412,   0.717,9999.000,9999.000,9999.000,9999.000,9999.000,9999.000,9999.000,9999.000
202604111418,   0.712,9999.000,9999.000,9999.000,9999.000,9999.000,9999.000,9999.000,9999.000
202604111424,   0.708,9999.000,9999.000,9999.000,9999.000,9999.000,9999.000,9999.000,9999.000
202604111430,   0.704,9999.000,9999.000,9999.000,9999.000,9999.000,9999.000,9999.000,9999.000
202604111436,   0.701,9999.000,9999.000,9999.000,9999.000,9999.000,9999.000,9999.000,9999.000
202604111442,   0.699,9999.000,9999.000,9999.000,9999.000,9999.000,9999.000,9999.000,9999.000
202604111448,   0.696,9999.000,9999.000,9999.000,9999.000,9999.000,9999.000,9999.000,9999.000
202604111454,   0.695,9999.000,9999.000,9999.000,9999.000,9999.000,9999.000,9999.000,9999.000
202604111500,   0.693,9999.000,   0.600,  -0.078,   1.215,   0.500,   1.115,   0.600,   1.215
202604111506,   0.693,9999.000,9999.000,9999.000,9999.000,9999.000,9999.000,9999.000,9999.000
202604111512,   0.693,9999.000,9999.000,9999.000,9999.000,9999.000,9999.000,9999.000,9999.000
202604111518,   0.694,9999.000,9999.000,9999.000,9999.000,9999.000,9999.000,9999.000,9999.000
202604111524,   0.695,9999.000,9999.000,9999.000,9999.000,9999.000,9999.000,9999.000,9999.000
202604111530,   0.697,9999.000,9999.000,9999.000,9999.000,9999.000,9999.000,9999.000,9999.000
202604111536,   0.700,9999.000,9999.000,9999.000,9999.000,9999.000,9999.000,9999.000,9999.000
202604111542,   0.703,9999.000,9999.000,9999.000,9999.000,9999.000,9999.000,9999.000,9999.000
202604111548,   0.707,9999.000,9999.000,9999.000,9999.000,9999.000,9999.000,9999.000,9999.000
202604111554,   0.712,9999.000,9999.000,9999.000,9999.000,9999.000,9999.000,9999.000,9999.000
202604111600,   0.718,9999.000,   0.500,  -0.078,   1.140,   0.500,   1.140,   0.600,   1.240
202604111606,   0.724,9999.000,9999.000,9999.000,9999.000,9999.000,9999.000,9999.000,9999.000
202604111612,   0.731,9999.000,9999.000,9999.000,9999.000,9999.000,9999.000,9999.000,9999.000
202604111618,   0.738,9999.000,9999.000,9999.000,9999.000,9999.000,9999.000,9999.000,9999.000
202604111624,   0.747,9999.000,9999.000,9999.000,9999.000,9999.000,9999.000,9999.000,9999.000
202604111630,   0.756,9999.000,9999.000,9999.000,9999.000,9999.000,9999.000,9999.000,9999.000
202604111636,   0.765,9999.000,9999.000,9999.000,9999.000,9999.000,9999.000,9999.000,9999.000
202604111642,   0.776,9999.000,9999.000,9999.000,9999.000,9999.000,9999.000,9999.000,9999.000
202604111648,   0.786,9999.000,9999.000,9999.000,9999.000,9999.000,9999.000,9999.000,9999.000
202604111654,   0.798,9999.000,9999.000,9999.000,9999.000,9999.000,9999.000,9999.000,9999.000
202604111700,   0.810,9999.000,   0.500,  -0.078,   1.232,   0.500,   1.232,   0.600,   1.332
202604111706,   0.822,9999.000,9999.000,9999.000,9999.000,9999.000,9999.000,9999.000,9999.000
202604111712,   0.835,9999.000,9999.000,9999.000,9999.000,9999.000,9999.000,9999.000,9999.000
202604111718,   0.848,9999.000,9999.000,9999.000,9999.000,9999.000,9999.000,9999.000,9999.000
202604111724,   0.862,9999.000,9999.000,9999.000,9999.000,9999.000,9999.000,9999.000,9999.000
202604111730,   0.876,9999.000,9999.000,9999.000,9999.000,9999.000,9999.000,9999.000,9999.000
202604111736,   0.891,9999.000,9999.000,9999.000,9999.000,9999.000,9999.000,9999.000,9999.000
202604111742,   0.905,9999.000,9999.000,9999.000,9999.000,9999.000,9999.000,9999.000,9999.000
202604111748,   0.920,9999.000,9999.000,9999.000,9999.000,9999.000,9999.000,9999.000,9999.000
202604111754,   0.935,9999.000,9999.000,9999.000,9999.000,9999.000,9999.000,9999.000,9999.000
202604111800,   0.951,9999.000,   0.500,  -0.078,   1.373,   0.500,   1.373,   0.600,   1.473
202604111806,   0.966,9999.000,9999.000,9999.000,9999.000,9999.000,9999.000,9999.000,9999.000
202604111812,   0.982,9999.000,9999.000,9999.000,9999.000,9999.000,9999.000,9999.000,9999.000
202604111818,   0.997,9999.000,9999.000,9999.000,9999.000,9999.000,9999.000,9999.000,9999.000
202604111824,   1.013,9999.000,9999.000,9999.000,9999.000,9999.000,9999.000,9999.000,9999.000
202604111830,   1.028,9999.000,9999.000,9999.000,9999.000,9999.000,9999.000,9999.000,9999.000
202604111836,   1.044,9999.000,9999.000,9999.000,9999.000,9999.000,9999.000,9999.000,9999.000
202604111842,   1.059,9999.000,9999.000,9999.000,9999.000,9999.000,9999.000,9999.000,9999.000
202604111848,   1.075,9999.000,9999.000,9999.000,9999.000,9999.000,9999.000,9999.000,9999.000
202604111854,   1.090,9999.000,9999.000,9999.000,9999.000,9999.000,9999.000,9999.000,9999.000
202604111900,   1.105,9999.000,   0.500,  -0.078,   1.527,   0.500,   1.527,   0.600,   1.627
202604111906,   1.120,9999.000,9999.000,9999.000,9999.000,9999.000,9999.000,9999.000,9999.000
202604111912,   1.135,9999.000,9999.000,9999.000,9999.000,9999.000,9999.000,9999.000,9999.000
202604111918,   1.150,9999.000,9999.000,9999.000,9999.000,9999.000,9999.000,9999.000,9999.000
202604111924,   1.164,9999.000,9999.000,9999.000,9999.000,9999.000,9999.000,9999.000,9999.000
202604111930,   1.178,9999.000,9999.000,9999.000,9999.000,9999.000,9999.000,9999.000,9999.000
202604111936,   1.192,9999.000,9999.000,9999.000,9999.000,9999.000,9999.000,9999.000,9999.000
202604111942,   1.206,9999.000,9999.000,9999.000,9999.000,9999.000,9999.000,9999.000,9999.000
202604111948,   1.219,9999.000,9999.000,9999.000,9999.000,9999.000,9999.000,9999.000,9999.000
202604111954,   1.232,9999.000,9999.000,9999.000,9999.000,9999.000,9999.000,9999.000,9999.000
202604112000,   1.244,9999.000,   0.600,  -0.078,   1.766,   0.500,   1.666,   0.600,   1.766
202604112006,   1.256,9999.000,9999.000,9999.000,9999.000,9999.000,9999.000,9999.000,9999.000
202604112012,   1.268,9999.000,9999.000,9999.000,9999.000,9999.000,9999.000,9999.000,9999.000
202604112018,   1.279,9999.000,9999.000,9999.000,9999.000,9999.000,9999.000,9999.000,9999.000
202604112024,   1.290,9999.000,9999.000,9999.000,9999.000,9999.000,9999.000,9999.000,9999.000
202604112030,   1.300,9999.000,9999.000,9999.000,9999.000,9999.000,9999.000,9999.000,9999.000
202604112036,   1.310,9999.000,9999.000,9999.000,9999.000,9999.000,9999.000,9999.000,9999.000
202604112042,   1.319,9999.000,9999.000,9999.000,9999.000,9999.000,9999.000,9999.000,9999.000
202604112048,   1.327,9999.000,9999.000,9999.000,9999.000,9999.000,9999.000,9999.000,9999.000
202604112054,   1.335,9999.000,9999.000,9999.000,9999.000,9999.000,9999.000,9999.000,9999.000
202604112100,   1.342,9999.000,   0.600,  -0.078,   1.864,   0.500,   1.764,   0.600,   1.864
202604112106,   1.349,9999.000,9999.000,9999.000,9999.000,9999.000,9999.000,9999.000,9999.000
202604112112,   1.354,9999.000,9999.000,9999.000,9999.000,9999.000,9999.000,9999.000,9999.000
202604112118,   1.359,9999.000,9999.000,9999.000,9999.000,9999.000,9999.000,9999.000,9999.000
202604112124,   1.363,9999.000,9999.000,9999.000,9999.000,9999.000,9999.000,9999.000,9999.000
202604112130,   1.366,9999.000,9999.000,9999.000,9999.000,9999.000,9999.000,9999.000,9999.000
202604112136,   1.369,9999.000,9999.000,9999.000,9999.000,9999.000,9999.000,9999.000,9999.000
202604112142,   1.370,9999.000,9999.000,9999.000,9999.000,9999.000,9999.000,9999.000,9999.000
202604112148,   1.370,9999.000,9999.000,9999.000,9999.000,9999.000,9999.000,9999.000,9999.000
202604112154,   1.370,9999.000,9999.000,9999.000,9999.000,9999.000,9999.000,9999.000,9999.000
202604112200,   1.368,9999.000,   0.600,  -0.078,   1.890,   0.500,   1.790,   0.700,   1.990
202604112206,   1.365,9999.000,9999.000,9999.000,9999.000,9999.000,9999.000,9999.000,9999.000
202604112212,   1.361,9999.000,9999.000,9999.000,9999.000,9999.000,9999.000,9999.000,9999.000
202604112218,   1.356,9999.000,9999.000,9999.000,9999.000,9999.000,9999.000,9999.000,9999.000
202604112224,   1.350,9999.000,9999.000,9999.000,9999.000,9999.000,9999.000,9999.000,9999.000
202604112230,   1.343,9999.000,9999.000,9999.000,9999.000,9999.000,9999.000,9999.000,9999.000
202604112236,   1.335,9999.000,9999.000,9999.000,9999.000,9999.000,9999.000,9999.000,9999.000
202604112242,   1.326,9999.000,9999.000,9999.000,9999.000,9999.000,9999.000,9999.000,9999.000
202604112248,   1.315,9999.000,9999.000,9999.000,9999.000,9999.000,9999.000,9999.000,9999.000
202604112254,   1.303,9999.000,9999.000,9999.000,9999.000,9999.000,9999.000,9999.000,9999.000
202604112300,   1.291,9999.000,   0.600,  -0.078,   1.813,   0.600,   1.813,   0.700,   1.913
202604112306,   1.277,9999.000,9999.000,9999.000,9999.000,9999.000,9999.000,9999.000,9999.000
202604112312,   1.262,9999.000,9999.000,9999.000,9999.000,9999.000,9999.000,9999.000,9999.000
202604112318,   1.246,9999.000,9999.000,9999.000,9999.000,9999.000,9999.000,9999.000,9999.000
202604112324,   1.229,9999.000,9999.000,9999.000,9999.000,9999.000,9999.000,9999.000,9999.000
202604112330,   1.211,9999.000,9999.000,9999.000,9999.000,9999.000,9999.000,9999.000,9999.000
202604112336,   1.191,9999.000,9999.000,9999.000,9999.000,9999.000,9999.000,9999.000,9999.000
202604112342,   1.171,9999.000,9999.000,9999.000,9999.000,9999.000,9999.000,9999.000,9999.000
202604112348,   1.151,9999.000,9999.000,9999.000,9999.000,9999.000,9999.000,9999.000,9999.000
202604112354,   1.129,9999.000,9999.000,9999.000,9999.000,9999.000,9999.000,9999.000,9999.000
202604120000,   1.106,9999.000,   0.600,  -0.078,   1.628,   0.500,   1.528,   0.700,   1.728
202604120006,   1.083,9999.000,9999.000,9999.000,9999.000,9999.000,9999.000,9999.000,9999.000
202604120012,   1.059,9999.000,9999.000,9999.000,9999.000,9999.000,9999.000,9999.000,9999.000
202604120018,   1.034,9999.000,9999.000,9999.000,9999.000,9999.000,9999.000,9999.000,9999.000
202604120024,   1.009,9999.000,9999.000,9999.000,9999.000,9999.000,9999.000,9999.000,9999.000
202604120030,   0.983,9999.000,9999.000,9999.000,9999.000,9999.000,9999.000,9999.000,9999.000
202604120036,   0.957,9999.000,9999.000,9999.000,9999.000,9999.000,9999.000,9999.000,9999.000
202604120042,   0.930,9999.000,9999.000,9999.000,9999.000,9999.000,9999.000,9999.000,9999.000
202604120048,   0.903,9999.000,9999.000,9999.000,9999.000,9999.000,9999.000,9999.000,9999.000
202604120054,   0.875,9999.000,9999.000,9999.000,9999.000,9999.000,9999.000,9999.000,9999.000
202604120100,   0.847,9999.000,   0.600,  -0.078,   1.369,   0.500,   1.269,   0.700,   1.469
202604120106,   0.819,9999.000,9999.000,9999.000,9999.000,9999.000,9999.000,9999.000,9999.000
202604120112,   0.791,9999.000,9999.000,9999.000,9999.000,9999.000,9999.000,9999.000,9999.000
202604120118,   0.763,9999.000,9999.000,9999.000,9999.000,9999.000,9999.000,9999.000,9999.000
202604120124,   0.735,9999.000,9999.000,9999.000,9999.000,9999.000,9999.000,9999.000,9999.000
202604120130,   0.707,9999.000,9999.000,9999.000,9999.000,9999.000,9999.000,9999.000,9999.000
202604120136,   0.679,9999.000,9999.000,9999.000,9999.000,9999.000,9999.000,9999.000,9999.000
202604120142,   0.651,9999.000,9999.000,9999.000,9999.000,9999.000,9999.000,9999.000,9999.000
202604120148,   0.624,9999.000,9999.000,9999.000,9999.000,9999.000,9999.000,9999.000,9999.000
202604120154,   0.596,9999.000,9999.000,9999.000,9999.000,9999.000,9999.000,9999.000,9999.000
202604120200,   0.569,9999.000,   0.600,  -0.078,   1.091,   0.500,   0.991,   0.600,   1.091
202604120206,   0.543,9999.000,9999.000,9999.000,9999.000,9999.000,9999.000,9999.000,9999.000
202604120212,   0.517,9999.000,9999.000,9999.000,9999.000,9999.000,9999.000,9999.000,9999.000
202604120218,   0.491,9999.000,9999.000,9999.000,9999.000,9999.000,9999.000,9999.000,9999.000
202604120224,   0.466,9999.000,9999.000,9999.000,9999.000,9999.000,9999.000,9999.000,9999.000
202604120230,   0.442,9999.000,9999.000,9999.000,9999.000,9999.000,9999.000,9999.000,9999.000
202604120236,   0.418,9999.000,9999.000,9999.000,9999.000,9999.000,9999.000,9999.000,9999.000
202604120242,   0.395,9999.000,9999.000,9999.000,9999.000,9999.000,9999.000,9999.000,9999.000
202604120248,   0.373,9999.000,9999.000,9999.000,9999.000,9999.000,9999.000,9999.000,9999.000
202604120254,   0.351,9999.000,9999.000,9999.000,9999.000,9999.000,9999.000,9999.000,9999.000
202604120300,   0.331,9999.000,   0.500,  -0.078,   0.753,   0.500,   0.753,   0.600,   0.853
202604120306,   0.311,9999.000,9999.000,9999.000,9999.000,9999.000,9999.000,9999.000,9999.000
202604120312,   0.293,9999.000,9999.000,9999.000,9999.000,9999.000,9999.000,9999.000,9999.000
202604120318,   0.275,9999.000,9999.000,9999.000,9999.000,9999.000,9999.000,9999.000,9999.000
202604120324,   0.259,9999.000,9999.000,9999.000,9999.000,9999.000,9999.000,9999.000,9999.000
202604120330,   0.243,9999.000,9999.000,9999.000,9999.000,9999.000,9999.000,9999.000,9999.000
202604120336,   0.229,9999.000,9999.000,9999.000,9999.000,9999.000,9999.000,9999.000,9999.000
202604120342,   0.216,9999.000,9999.000,9999.000,9999.000,9999.000,9999.000,9999.000,9999.000
202604120348,   0.204,9999.000,9999.000,9999.000,9999.000,9999.000,9999.000,9999.000,9999.000
202604120354,   0.193,9999.000,9999.000,9999.000,9999.000,9999.000,9999.000,9999.000,9999.000
202604120400,   0.183,9999.000,   0.500,  -0.078,   0.605,   0.500,   0.605,   0.600,   0.705
202604120406,   0.175,9999.000,9999.000,9999.000,9999.000,9999.000,9999.000,9999.000,9999.000
202604120412,   0.168,9999.000,9999.000,9999.000,9999.000,9999.000,9999.000,9999.000,9999.000
202604120418,   0.161,9999.000,9999.000,9999.000,9999.000,9999.000,9999.000,9999.000,9999.000
202604120424,   0.157,9999.000,9999.000,9999.000,9999.000,9999.000,9999.000,9999.000,9999.000
202604120430,   0.153,9999.000,9999.000,9999.000,9999.000,9999.000,9999.000,9999.000,9999.000
202604120436,   0.151,9999.000,9999.000,9999.000,9999.000,9999.000,9999.000,9999.000,9999.000
202604120442,   0.149,9999.000,9999.000,9999.000,9999.000,9999.000,9999.000,9999.000,9999.000
202604120448,   0.149,9999.000,9999.000,9999.000,9999.000,9999.000,9999.000,9999.000,9999.000
202604120454,   0.150,9999.000,9999.000,9999.000,9999.000,9999.000,9999.000,9999.000,9999.000
202604120500,   0.152,9999.000,   0.500,  -0.078,   0.574,   0.400,   0.474,   0.500,   0.574
202604120506,   0.156,9999.000,9999.000,9999.000,9999.000,9999.000,9999.000,9999.000,9999.000
202604120512,   0.160,9999.000,9999.000,9999.000,9999.000,9999.000,9999.000,9999.000,9999.000
202604120518,   0.165,9999.000,9999.000,9999.000,9999.000,9999.000,9999.000,9999.000,9999.000
202604120524,   0.171,9999.000,9999.000,9999.000,9999.000,9999.000,9999.000,9999.000,9999.000
202604120530,   0.178,9999.000,9999.000,9999.000,9999.000,9999.000,9999.000,9999.000,9999.000
202604120536,   0.187,9999.000,9999.000,9999.000,9999.000,9999.000,9999.000,9999.000,9999.000
202604120542,   0.195,9999.000,9999.000,9999.000,9999.000,9999.000,9999.000,9999.000,9999.000
202604120548,   0.205,9999.000,9999.000,9999.000,9999.000,9999.000,9999.000,9999.000,9999.000
202604120554,   0.216,9999.000,9999.000,9999.000,9999.000,9999.000,9999.000,9999.000,9999.000
202604120600,   0.227,9999.000,   0.500,  -0.078,   0.649,   0.400,   0.549,   0.500,   0.649
